	158479027-tonguedorsum1.freeze11.snv.mod.fix.bam	158499257-tonguedorsum1.freeze11.snv.mod.fix.bam	158802708-tonguedorsum1.freeze11.snv.mod.fix.bam	159207311-tonguedorsum3.freeze11.snv.mod.fix.bam	159591683-tonguedorsum2.freeze11.snv.mod.fix.bam	159713063-tonguedorsum2.freeze11.snv.mod.fix.bam	159753524-tonguedorsum1.freeze11.snv.mod.fix.bam	160319967-tonguedorsum3.freeze11.snv.mod.fix.bam	160502038-tonguedorsum3.freeze11.snv.mod.fix.bam	234447334-tonguedorsum2.freeze11.snv.mod.fix.bam	295137534-tonguedorsum2.freeze11.snv.mod.fix.bam	604812005-tonguedorsum3.freeze11.snv.mod.fix.bam	763395383-anteriornares3.freeze11.snv.mod.fix.bam	763820215-tonguedorsum1.freeze11.snv.mod.fix.bam	763961826-tonguedorsum2.freeze11.snv.mod.fix.bam	764811490-tonguedorsum1.freeze11.snv.mod.fix.bam	765074482-tonguedorsum3.freeze11.snv.mod.fix.bam	765216093-tonguedorsum3.freeze11.snv.mod.fix.bam	765337473-tonguedorsum2.freeze11.snv.mod.fix.bam	765620695-tonguedorsum1.freeze11.snv.mod.fix.bam	765701615-tonguedorsum2.freeze11.snv.mod.fix.bam	823052294-tonguedorsum1.freeze11.snv.mod.fix.bam	937415040-tonguedorsum1.freeze11.snv.mod.fix.bam
158479027-tonguedorsum1.freeze11.snv.mod.fix.bam	0.0	0.038534404365	0.0623673840558	0.0552819036072	0.0354652925129	0.0519096695968	0.0484995453168	0.0251591391331	0.020725977569	0.0396711124583	0.0450136404971	0.0337223401031	0.0149666565626	0.0262579569567	0.0545240982116	0.0379281600485	0.0473628372234	0.0372461351925	0.0393679903001	0.036298878448	0.0184146711125	0.0353137314338	0.0334571082146
158499257-tonguedorsum1.freeze11.snv.mod.fix.bam	0.038534404365	0.0	0.0616095786602	0.0473628372234	0.0413003940588	0.0602076386784	0.0456198848136	0.0404668081237	0.0311458017581	0.0456198848136	0.0637314337678	0.0504319490755	0.0413003940588	0.0298196423159	0.0609275538042	0.0516065474386	0.0578584419521	0.0378144892392	0.0422855410731	0.0422855410731	0.0342149136102	0.0425886632313	0.0431191270082
158802708-tonguedorsum1.freeze11.snv.mod.fix.bam	0.0623673840558	0.0616095786602	0.0	0.0539936344347	0.0704001212489	0.0857456805092	0.0692255228857	0.0674067899363	0.0592603819339	0.0709305850258	0.0840406183692	0.0703243407093	0.0619127008184	0.059070930585	0.0777508335859	0.0677478023644	0.0731661109427	0.0673310093968	0.0688466201879	0.0688087299182	0.06164746893	0.0687708396484	0.0694907547742
159207311-tonguedorsum3.freeze11.snv.mod.fix.bam	0.0552819036072	0.0473628372234	0.0539936344347	0.0	0.0603970900273	0.0800621400424	0.0644513488936	0.0567596241285	0.0446726280691	0.0540694149742	0.0792664443771	0.0608896635344	0.0561912700818	0.0477038496514	0.0702864504395	0.0591846013944	0.066270081843	0.0554334646863	0.0570627462868	0.0543346468627	0.0489542285541	0.0572900879054	0.0578584419521
159591683-tonguedorsum2.freeze11.snv.mod.fix.bam	0.0354652925129	0.0413003940588	0.0704001212489	0.0603970900273	0.0	0.0644513488936	0.0547893301	0.0337602303728	0.021066989997	0.0397090027281	0.0577826614125	0.0324719612004	0.0358063049409	0.0348969384662	0.0504698393453	0.0439148226735	0.0307290087905	0.032699302819	0.0415277356775	0.0250833585935	0.0239845407699	0.0212564413459	0.0389511973325
159713063-tonguedorsum2.freeze11.snv.mod.fix.bam	0.0519096695968	0.0602076386784	0.0857456805092	0.0800621400424	0.0644513488936	0.0	0.0690360715368	0.0536526220067	0.0486511063959	0.067634131555	0.0767277963019	0.0689224007275	0.0611170051531	0.0493710215217	0.0670657775083	0.0755531979388	0.0758184298272	0.0639966656563	0.0649818126705	0.0667247650803	0.0532358290391	0.0648302515914	0.0600560775993
159753524-tonguedorsum1.freeze11.snv.mod.fix.bam	0.0484995453168	0.0456198848136	0.0692255228857	0.0644513488936	0.0547893301	0.0690360715368	0.0	0.0488784480145	0.0430054561988	0.0567596241285	0.0730524401334	0.0628978478327	0.0526295847226	0.036980903304	0.0709305850258	0.0673688996666	0.0682403758715	0.0569111852076	0.0558881479236	0.0555471354956	0.0479311912701	0.0570627462868	0.0531221582298
160319967-tonguedorsum3.freeze11.snv.mod.fix.bam	0.0251591391331	0.0404668081237	0.0674067899363	0.0567596241285	0.0337602303728	0.0536526220067	0.0488784480145	0.0	0.0196650500152	0.0405425886632	0.0422476508033	0.0356926341316	0.0304637769021	0.0267505304638	0.0539557441649	0.0466429220976	0.0450515307669	0.0361094270991	0.0386101849045	0.0339875719915	0.0193619278569	0.0331160957866	0.0351621703547
160502038-tonguedorsum3.freeze11.snv.mod.fix.bam	0.020725977569	0.0311458017581	0.0592603819339	0.0446726280691	0.021066989997	0.0486511063959	0.0430054561988	0.0196650500152	0.0	0.022090027281	0.045203091846	0.0242497726584	0.0210290997272	0.0211806608063	0.0378523795089	0.0254622612913	0.030653228251	0.0230751742952	0.027053652622	0.016103364656	0.0113291906638	0.0190966959685	0.0275462261291
234447334-tonguedorsum2.freeze11.snv.mod.fix.bam	0.0396711124583	0.0456198848136	0.0709305850258	0.0540694149742	0.0397090027281	0.067634131555	0.0567596241285	0.0405425886632	0.022090027281	0.0	0.0616095786602	0.0368672324947	0.0353516217035	0.0362230979085	0.0411867232495	0.027735677478	0.0461124583207	0.0295544104274	0.0408078205517	0.0230751742952	0.0231509548348	0.0330782055168	0.0397468929979
295137534-tonguedorsum2.freeze11.snv.mod.fix.bam	0.0450136404971	0.0637314337678	0.0840406183692	0.0792664443771	0.0577826614125	0.0767277963019	0.0730524401334	0.0422476508033	0.045203091846	0.0616095786602	0.0	0.0553576841467	0.0502046074568	0.0555092452258	0.0740375871476	0.0665732040012	0.0653228250985	0.0609275538042	0.0636177629585	0.0602076386784	0.0386101849045	0.0582373446499	0.055471354956
604812005-tonguedorsum3.freeze11.snv.mod.fix.bam	0.0337223401031	0.0504319490755	0.0703243407093	0.0608896635344	0.0324719612004	0.0689224007275	0.0628978478327	0.0356926341316	0.0242497726584	0.0368672324947	0.0553576841467	0.0	0.0306153379812	0.041262503789	0.0482343134283	0.0395953319188	0.0376250378903	0.039557441649	0.0419066383753	0.0286450439527	0.0198166110943	0.0313731433768	0.0388375265232
763395383-anteriornares3.freeze11.snv.mod.fix.bam	0.0149666565626	0.0413003940588	0.0619127008184	0.0561912700818	0.0358063049409	0.0611170051531	0.0526295847226	0.0304637769021	0.0210290997272	0.0353516217035	0.0502046074568	0.0306153379812	0.0	0.029630190967	0.0505835101546	0.0313731433768	0.0452788723856	0.0370945741134	0.0414519551379	0.030312215823	0.0163685965444	0.0339875719915	0.0370945741134
763820215-tonguedorsum1.freeze11.snv.mod.fix.bam	0.0262579569567	0.0298196423159	0.059070930585	0.0477038496514	0.0348969384662	0.0493710215217	0.036980903304	0.0267505304638	0.0211806608063	0.0362230979085	0.0555092452258	0.041262503789	0.029630190967	0.0	0.0519475598666	0.044180054562	0.0484995453168	0.0328129736284	0.0348211579266	0.034934828736	0.0244013337375	0.0336465595635	0.0297438617763
763961826-tonguedorsum2.freeze11.snv.mod.fix.bam	0.0545240982116	0.0609275538042	0.0777508335859	0.0702864504395	0.0504698393453	0.0670657775083	0.0709305850258	0.0539557441649	0.0378523795089	0.0411867232495	0.0740375871476	0.0482343134283	0.0505835101546	0.0519475598666	0.0	0.0397847832677	0.057365868445	0.0505835101546	0.0545619884814	0.0370566838436	0.0413003940588	0.0467187026372	0.0510760836617
764811490-tonguedorsum1.freeze11.snv.mod.fix.bam	0.0379281600485	0.0516065474386	0.0677478023644	0.0591846013944	0.0439148226735	0.0755531979388	0.0673688996666	0.0466429220976	0.0254622612913	0.027735677478	0.0665732040012	0.0395953319188	0.0313731433768	0.044180054562	0.0397847832677	0.0	0.0516823279782	0.0406183692028	0.0445589572598	0.0240603213095	0.0257653834495	0.0397847832677	0.0435738102455
765074482-tonguedorsum3.freeze11.snv.mod.fix.bam	0.0473628372234	0.0578584419521	0.0731661109427	0.066270081843	0.0307290087905	0.0758184298272	0.0682403758715	0.0450515307669	0.030653228251	0.0461124583207	0.0653228250985	0.0376250378903	0.0452788723856	0.0484995453168	0.057365868445	0.0516823279782	0.0	0.0459230069718	0.0526295847226	0.0338739011822	0.0350863898151	0.0269020915429	0.0510381933919
765216093-tonguedorsum3.freeze11.snv.mod.fix.bam	0.0372461351925	0.0378144892392	0.0673310093968	0.0554334646863	0.032699302819	0.0639966656563	0.0569111852076	0.0361094270991	0.0230751742952	0.0295544104274	0.0609275538042	0.039557441649	0.0370945741134	0.0328129736284	0.0505835101546	0.0406183692028	0.0459230069718	0.0	0.0391785389512	0.0301985450136	0.0268263110033	0.0283419217945	0.0421718702637
765337473-tonguedorsum2.freeze11.snv.mod.fix.bam	0.0393679903001	0.0422855410731	0.0688466201879	0.0570627462868	0.0415277356775	0.0649818126705	0.0558881479236	0.0386101849045	0.027053652622	0.0408078205517	0.0636177629585	0.0419066383753	0.0414519551379	0.0348211579266	0.0545619884814	0.0445589572598	0.0526295847226	0.0391785389512	0.0	0.0379660503183	0.030994240679	0.0391785389512	0.0399742346166
765620695-tonguedorsum1.freeze11.snv.mod.fix.bam	0.036298878448	0.0422855410731	0.0688087299182	0.0543346468627	0.0250833585935	0.0667247650803	0.0555471354956	0.0339875719915	0.016103364656	0.0230751742952	0.0602076386784	0.0286450439527	0.030312215823	0.034934828736	0.0370566838436	0.0240603213095	0.0338739011822	0.0301985450136	0.0379660503183	0.0	0.0168611700515	0.0222794786299	0.035616853592
765701615-tonguedorsum2.freeze11.snv.mod.fix.bam	0.0184146711125	0.0342149136102	0.06164746893	0.0489542285541	0.0239845407699	0.0532358290391	0.0479311912701	0.0193619278569	0.0113291906638	0.0231509548348	0.0386101849045	0.0198166110943	0.0163685965444	0.0244013337375	0.0413003940588	0.0257653834495	0.0350863898151	0.0268263110033	0.030994240679	0.0168611700515	0.0	0.0226962715975	0.0239466505002
823052294-tonguedorsum1.freeze11.snv.mod.fix.bam	0.0353137314338	0.0425886632313	0.0687708396484	0.0572900879054	0.0212564413459	0.0648302515914	0.0570627462868	0.0331160957866	0.0190966959685	0.0330782055168	0.0582373446499	0.0313731433768	0.0339875719915	0.0336465595635	0.0467187026372	0.0397847832677	0.0269020915429	0.0283419217945	0.0391785389512	0.0222794786299	0.0226962715975	0.0	0.0390648681419
937415040-tonguedorsum1.freeze11.snv.mod.fix.bam	0.0334571082146	0.0431191270082	0.0694907547742	0.0578584419521	0.0389511973325	0.0600560775993	0.0531221582298	0.0351621703547	0.0275462261291	0.0397468929979	0.055471354956	0.0388375265232	0.0370945741134	0.0297438617763	0.0510760836617	0.0435738102455	0.0510381933919	0.0421718702637	0.0399742346166	0.035616853592	0.0239466505002	0.0390648681419	0.0
