	158479027-tonguedorsum1.freeze11.snv.mod.fix.bam	158499257-tonguedorsum1.freeze11.snv.mod.fix.bam	158802708-tonguedorsum1.freeze11.snv.mod.fix.bam	159207311-tonguedorsum3.freeze11.snv.mod.fix.bam	159591683-tonguedorsum2.freeze11.snv.mod.fix.bam	159713063-tonguedorsum2.freeze11.snv.mod.fix.bam	159753524-tonguedorsum1.freeze11.snv.mod.fix.bam	160319967-tonguedorsum3.freeze11.snv.mod.fix.bam	160502038-tonguedorsum3.freeze11.snv.mod.fix.bam	234447334-tonguedorsum2.freeze11.snv.mod.fix.bam	295137534-tonguedorsum2.freeze11.snv.mod.fix.bam	604812005-tonguedorsum3.freeze11.snv.mod.fix.bam	763395383-anteriornares3.freeze11.snv.mod.fix.bam	763820215-tonguedorsum1.freeze11.snv.mod.fix.bam	763961826-tonguedorsum2.freeze11.snv.mod.fix.bam	764811490-tonguedorsum1.freeze11.snv.mod.fix.bam	765074482-tonguedorsum3.freeze11.snv.mod.fix.bam	765216093-tonguedorsum3.freeze11.snv.mod.fix.bam	765337473-tonguedorsum2.freeze11.snv.mod.fix.bam	765620695-tonguedorsum1.freeze11.snv.mod.fix.bam	765701615-tonguedorsum2.freeze11.snv.mod.fix.bam	823052294-tonguedorsum1.freeze11.snv.mod.fix.bam	937415040-tonguedorsum1.freeze11.snv.mod.fix.bam
158479027-tonguedorsum1.freeze11.snv.mod.fix.bam	0.0	0.112132987718	0.12541488043	0.122288581862	0.110117124014	0.111706277255	0.114868404791	0.100333433261	0.100373432267	0.112064449615	0.110574736481	0.112198809348	0.0801537223565	0.0960048541414	0.123309379548	0.106248141894	0.12020385393	0.110549818467	0.109626619251	0.110691952588	0.0927118217998	0.109277590963	0.104052318526
158499257-tonguedorsum1.freeze11.snv.mod.fix.bam	0.112132987718	0.0	0.118683483079	0.107085077198	0.107699914751	0.117428723055	0.104770749533	0.112707129512	0.109155632037	0.112968381964	0.126772146021	0.122582092767	0.113524835867	0.0959228229134	0.125270872088	0.117939041837	0.125315535348	0.102824200651	0.106550211779	0.112175863607	0.10986133762	0.110428722877	0.108437358737
158802708-tonguedorsum1.freeze11.snv.mod.fix.bam	0.12541488043	0.118683483079	0.0	0.102950482379	0.130869140267	0.130732142849	0.120045891936	0.12876611702	0.126725393195	0.128622941786	0.136962908165	0.13425822223	0.123457623499	0.116118543981	0.13263756095	0.124073692627	0.131966149277	0.124341838254	0.124364077526	0.130797244352	0.125296592903	0.127166671145	0.124455928406
159207311-tonguedorsum3.freeze11.snv.mod.fix.bam	0.122288581862	0.107085077198	0.102950482379	0.0	0.121558126799	0.127156993682	0.11594467517	0.122117598777	0.116047115099	0.114071679656	0.133144110907	0.126933325488	0.120689460005	0.108342282957	0.126526881542	0.118852275317	0.126248693597	0.115231950681	0.114203732208	0.118206014042	0.117170676178	0.117964839666	0.115444222608
159591683-tonguedorsum2.freeze11.snv.mod.fix.bam	0.110117124014	0.107699914751	0.130869140267	0.121558126799	0.0	0.119222726063	0.115660607514	0.106614055312	0.0975267957087	0.107120163208	0.12061457992	0.105252474882	0.107331836333	0.100812967503	0.114668730282	0.110441074339	0.0951702240098	0.097645634803	0.106435223113	0.0922051206071	0.0986808745271	0.0851949332758	0.104467524359
159713063-tonguedorsum2.freeze11.snv.mod.fix.bam	0.111706277255	0.117428723055	0.130732142849	0.127156993682	0.119222726063	0.0	0.114889299424	0.108960896326	0.11200592884	0.121609912003	0.122091078719	0.126948057921	0.118268235398	0.103607943116	0.116205158867	0.127384999232	0.129397968838	0.118625534246	0.11556416787	0.124926422719	0.112688507599	0.118954579475	0.110820634943
159753524-tonguedorsum1.freeze11.snv.mod.fix.bam	0.114868404791	0.104770749533	0.120045891936	0.11594467517	0.115660607514	0.114889299424	0.0	0.113023341118	0.113261562519	0.115810174723	0.127581256669	0.128207303422	0.115794631328	0.0949920977249	0.126844462595	0.124789781298	0.128286887429	0.115411147568	0.112258979321	0.119538111699	0.115167218686	0.115728780706	0.109533244234
160319967-tonguedorsum3.freeze11.snv.mod.fix.bam	0.100333433261	0.112707129512	0.12876611702	0.122117598777	0.106614055312	0.108960896326	0.113023341118	0.0	0.0946719865904	0.110970232174	0.100783891058	0.109361537566	0.103909756348	0.0971987986603	0.119461664865	0.116711151046	0.113545866303	0.107589553169	0.106836668711	0.109225382774	0.0915177541392	0.103539145345	0.101427213678
160502038-tonguedorsum3.freeze11.snv.mod.fix.bam	0.100373432267	0.109155632037	0.126725393195	0.116047115099	0.0975267957087	0.11200592884	0.113261562519	0.0946719865904	0.0	0.0944815899886	0.113327897915	0.100847371277	0.0977476677955	0.095150798047	0.10724412035	0.0988758213002	0.104470525546	0.0995740169465	0.0988855038026	0.0909549125239	0.0864229470395	0.0915697261608	0.0999170052506
234447334-tonguedorsum2.freeze11.snv.mod.fix.bam	0.112064449615	0.112968381964	0.128622941786	0.114071679656	0.107120163208	0.121609912003	0.115810174723	0.110970232174	0.0944815899886	0.0	0.122188192672	0.106126973234	0.10514598718	0.102627480211	0.0992971557642	0.087260566822	0.109721705606	0.09198167902	0.103063568777	0.0887232356185	0.0949571776055	0.0980468442783	0.10249589361
295137534-tonguedorsum2.freeze11.snv.mod.fix.bam	0.110574736481	0.126772146021	0.136962908165	0.133144110907	0.12061457992	0.122091078719	0.127581256669	0.100783891058	0.113327897915	0.122188192672	0.0	0.117631783818	0.11144652986	0.115872679858	0.130039629491	0.126222086011	0.124884204382	0.120198957209	0.119849134758	0.124219062125	0.101542951685	0.118544079246	0.11008264978
604812005-tonguedorsum3.freeze11.snv.mod.fix.bam	0.112198809348	0.122582092767	0.13425822223	0.126933325488	0.105252474882	0.126948057921	0.128207303422	0.109361537566	0.100847371277	0.106126973234	0.117631783818	0.0	0.103636632418	0.112873382174	0.113443765877	0.10722821546	0.105435774917	0.109716238658	0.109849347669	0.100440253538	0.0918144105014	0.100286901534	0.104426220457
763395383-anteriornares3.freeze11.snv.mod.fix.bam	0.0801537223565	0.113524835867	0.123457623499	0.120689460005	0.107331836333	0.118268235398	0.115794631328	0.103909756348	0.0977476677955	0.10514598718	0.11144652986	0.103636632418	0.0	0.0979931781909	0.115362803553	0.097193973565	0.113141745311	0.10699299251	0.106851310616	0.102522888425	0.0879260184167	0.103266485452	0.102530892949
763820215-tonguedorsum1.freeze11.snv.mod.fix.bam	0.0960048541414	0.0959228229134	0.116118543981	0.108342282957	0.100812967503	0.103607943116	0.0949920977249	0.0971987986603	0.095150798047	0.102627480211	0.115872679858	0.112873382174	0.0979931781909	0.0	0.11484008241	0.108675998198	0.114390562881	0.0991066361604	0.0972459189211	0.104419216023	0.0971581775981	0.100244687574	0.0932205428742
763961826-tonguedorsum2.freeze11.snv.mod.fix.bam	0.123309379548	0.125270872088	0.13263756095	0.126526881542	0.114668730282	0.116205158867	0.126844462595	0.119461664865	0.10724412035	0.0992971557642	0.130039629491	0.113443765877	0.115362803553	0.11484008241	0.0	0.0969157395185	0.118643137737	0.111036676359	0.113086278155	0.10071195473	0.107281786555	0.107933448858	0.109703585763
764811490-tonguedorsum1.freeze11.snv.mod.fix.bam	0.106248141894	0.117939041837	0.124073692627	0.118852275317	0.110441074339	0.127384999232	0.124789781298	0.116711151046	0.0988758213002	0.087260566822	0.126222086011	0.10722821546	0.097193973565	0.108675998198	0.0969157395185	0.0	0.113963035474	0.10461295363	0.106183172866	0.0885453043233	0.0954263186213	0.101574273027	0.10681067016
765074482-tonguedorsum3.freeze11.snv.mod.fix.bam	0.12020385393	0.125315535348	0.131966149277	0.126248693597	0.0951702240098	0.129397968838	0.128286887429	0.113545866303	0.104470525546	0.109721705606	0.124884204382	0.105435774917	0.113141745311	0.114390562881	0.118643137737	0.113963035474	0.0	0.109825980523	0.114250443537	0.101685131791	0.105814447479	0.0893151260257	0.113611913178
765216093-tonguedorsum3.freeze11.snv.mod.fix.bam	0.110549818467	0.102824200651	0.124341838254	0.115231950681	0.097645634803	0.118625534246	0.115411147568	0.107589553169	0.0995740169465	0.09198167902	0.120198957209	0.109716238658	0.10699299251	0.0991066361604	0.111036676359	0.10461295363	0.109825980523	0.0	0.101115609754	0.0976620605128	0.100288163444	0.0931890904072	0.106550859307
765337473-tonguedorsum2.freeze11.snv.mod.fix.bam	0.109626619251	0.106550211779	0.124364077526	0.114203732208	0.106435223113	0.11556416787	0.112258979321	0.106836668711	0.0988855038026	0.103063568777	0.119849134758	0.109849347669	0.106851310616	0.0972459189211	0.113086278155	0.106183172866	0.114250443537	0.101115609754	0.0	0.103959510237	0.101288757331	0.102318633359	0.100217518555
765620695-tonguedorsum1.freeze11.snv.mod.fix.bam	0.110691952588	0.112175863607	0.130797244352	0.118206014042	0.0922051206071	0.124926422719	0.119538111699	0.109225382774	0.0909549125239	0.0887232356185	0.124219062125	0.100440253538	0.102522888425	0.104419216023	0.10071195473	0.0885453043233	0.101685131791	0.0976620605128	0.103959510237	0.0	0.0920489057172	0.0896735177497	0.102573834051
765701615-tonguedorsum2.freeze11.snv.mod.fix.bam	0.0927118217998	0.10986133762	0.125296592903	0.117170676178	0.0986808745271	0.112688507599	0.115167218686	0.0915177541392	0.0864229470395	0.0949571776055	0.101542951685	0.0918144105014	0.0879260184167	0.0971581775981	0.107281786555	0.0954263186213	0.105814447479	0.100288163444	0.101288757331	0.0920489057172	0.0	0.0928438126849	0.0916064191721
823052294-tonguedorsum1.freeze11.snv.mod.fix.bam	0.109277590963	0.110428722877	0.127166671145	0.117964839666	0.0851949332758	0.118954579475	0.115728780706	0.103539145345	0.0915697261608	0.0980468442783	0.118544079246	0.100286901534	0.103266485452	0.100244687574	0.107933448858	0.101574273027	0.0893151260257	0.0931890904072	0.102318633359	0.0896735177497	0.0928438126849	0.0	0.102176595171
937415040-tonguedorsum1.freeze11.snv.mod.fix.bam	0.104052318526	0.108437358737	0.124455928406	0.115444222608	0.104467524359	0.110820634943	0.109533244234	0.101427213678	0.0999170052506	0.10249589361	0.11008264978	0.104426220457	0.102530892949	0.0932205428742	0.109703585763	0.10681067016	0.113611913178	0.106550859307	0.100217518555	0.102573834051	0.0916064191721	0.102176595171	0.0
