	158822939-stool1.freeze11.snv.mod.fix.bam	159227541-stool1.freeze11.snv.mod.fix.bam	159227541-stool2.freeze11.snv.mod.fix.bam	159227541-stool3.freeze11.snv.mod.fix.bam	159288231-stool1.freeze11.snv.mod.fix.bam	159571453-stool1.freeze11.snv.mod.fix.bam	159632143-stool1.freeze11.snv.mod.fix.bam	159713063-stool2.freeze11.snv.mod.fix.bam	160319967-stool1.freeze11.snv.mod.fix.bam	160947100-stool1.freeze11.snv.mod.fix.bam	161554003-stool2.freeze11.snv.mod.fix.bam	508703490-stool1.freeze11.snv.mod.fix.bam	508703490-stool2.freeze11.snv.mod.fix.bam	508703490-stool3.freeze11.snv.mod.fix.bam	675950834-stool1.freeze11.snv.mod.fix.bam	675950834-stool2.freeze11.snv.mod.fix.bam	763496533-stool2.freeze11.snv.mod.fix.bam	763536994-stool1.freeze11.snv.mod.fix.bam	763536994-stool3.freeze11.snv.mod.fix.bam	763860675-stool2.freeze11.snv.mod.fix.bam	763901136-stool1.freeze11.snv.mod.fix.bam	763901136-stool2.freeze11.snv.mod.fix.bam	763921366-stool3.freeze11.snv.mod.fix.bam	764508039-stool1.freeze11.snv.mod.fix.bam	764508039-stool2.freeze11.snv.mod.fix.bam	765074482-stool1.freeze11.snv.mod.fix.bam	765074482-stool2.freeze11.snv.mod.fix.bam	765074482-stool3.freeze11.snv.mod.fix.bam	765155402-stool3.freeze11.snv.mod.fix.bam	861967750-stool1.freeze11.snv.mod.fix.bam	BYQ_AAAE.freeze11.snv.mod.fix.bam	BYQ_AAAP.freeze11.snv.mod.fix.bam	BYQ_AAAS.freeze11.snv.mod.fix.bam	BYQ_AAAY.freeze11.snv.mod.fix.bam	CCIS50003399ST-4-0.freeze11.snv.mod.fix.bam	CCIS52370277ST-4-0.freeze11.snv.mod.fix.bam	CCIS71301801ST-4-0.freeze11.snv.mod.fix.bam	CCIS80834637ST-4-0.freeze11.snv.mod.fix.bam	CCMD72895164ST-21-0.freeze11.snv.mod.fix.bam	DLM020.freeze11.snv.mod.fix.bam	M4.3-V1.metaG.freeze11.snv.mod.fix.bam	M4.3-V1.metaT.freeze11.snv.mod.fix.bam	MH0227.freeze11.snv.mod.fix.bam	MH0246.freeze11.snv.mod.fix.bam	MH0292.freeze11.snv.mod.fix.bam	MH0378.freeze11.snv.mod.fix.bam	MH0387.freeze11.snv.mod.fix.bam	MH0393.freeze11.snv.mod.fix.bam	MH0404.freeze11.snv.mod.fix.bam	MH0426.freeze11.snv.mod.fix.bam	MH0435.freeze11.snv.mod.fix.bam	MH0438.freeze11.snv.mod.fix.bam	MH0446.freeze11.snv.mod.fix.bam	MMRS38954404ST-27-0-0.freeze11.snv.mod.fix.bam	MMRS41266697ST-27-0-0.freeze11.snv.mod.fix.bam	MMRS81194191ST-27-0-0.freeze11.snv.mod.fix.bam	O2.CD1-0.freeze11.snv.mod.fix.bam	O2.UC37-1.freeze11.snv.mod.fix.bam	O2.UC41-1.freeze11.snv.mod.fix.bam	O2.UC46-1.freeze11.snv.mod.fix.bam	O2.UC48-1.freeze11.snv.mod.fix.bam	SAMEA3136641.freeze11.snv.mod.fix.bam	T2D-127A.freeze11.snv.mod.fix.bam	V1.CD2-0-PN.freeze11.snv.mod.fix.bam	V1.CD28-0.freeze11.snv.mod.fix.bam	V1.CD52-0.freeze11.snv.mod.fix.bam	V1.CD7-0-PN.freeze11.snv.mod.fix.bam	V1.FI07.freeze11.snv.mod.fix.bam	V1.FI10.freeze11.snv.mod.fix.bam	V1.FI19.freeze11.snv.mod.fix.bam	V1.FI21.freeze11.snv.mod.fix.bam	V1.FI36.freeze11.snv.mod.fix.bam	V1.UC34-0.freeze11.snv.mod.fix.bam	V1.UC51-0.freeze11.snv.mod.fix.bam	V1.UC54-0.freeze11.snv.mod.fix.bam	V1.UC54-4.freeze11.snv.mod.fix.bam	peacemaker-11-0-0.freeze11.snv.mod.fix.bam	peacemaker-11-2-0.freeze11.snv.mod.fix.bam	peacemaker-11-392-1.freeze11.snv.mod.fix.bam	peacemaker-11-392-3.freeze11.snv.mod.fix.bam	peacemaker-11-60-0.freeze11.snv.mod.fix.bam	peacemaker-11-7-0.freeze11.snv.mod.fix.bam	peacemaker-11-773-0.freeze11.snv.mod.fix.bam	peacemaker-12-7-0.freeze11.snv.mod.fix.bam	peacemaker-13-392-1.freeze11.snv.mod.fix.bam	peacemaker-13-7-0.freeze11.snv.mod.fix.bam	tigress-11-0-0.freeze11.snv.mod.fix.bam	tigress-11-60-0.freeze11.snv.mod.fix.bam	tigress-11-7-0.freeze11.snv.mod.fix.bam
158822939-stool1.freeze11.snv.mod.fix.bam	0.0	0.153691164327	0.153047068538	0.148109000826	0.15549132948	0.376102394715	0.175557390586	0.167184145334	0.0205450041288	0.159884393064	0.157555739059	0.179653179191	0.179653179191	0.179488026424	0.170817506193	0.17098265896	0.157291494633	0.153377374071	0.157357555739	0.110999174236	0.167712634187	0.164690338563	0.159686209744	0.130322047894	0.140693641618	0.164029727498	0.163881090008	0.162906688687	0.15990090834	0.159438480595	0.137175887696	0.141849710983	0.18440957886	0.140693641618	0.15710982659	0.160825763832	0.142229562345	0.159454995871	0.110652353427	0.158992568126	0.16298926507	0.060759702725	0.153146160198	0.15867877787	0.107184145334	0.00883567299752	0.110322047894	0.0209083402147	0.114137076796	0.151758876961	0.139207266722	0.155672997523	0.158777869529	0.153459950454	0.171709331131	0.156036333609	0.158067712634	0.165813377374	0.159355904211	0.15710982659	0.156135425268	0.000231213872832	0.148736581338	0.156696944674	0.158744838976	0.155656482246	0.112089182494	0.159025598679	0.109578860446	0.159504541701	0.142130470685	0.133905862923	0.152981007432	0.165268373245	0.154715111478	0.157506193229	0.179042113955	0.179405450041	0.178447563997	0.174318744839	0.17549132948	0.180809248555	0.178034682081	0.174731626755	0.179488026424	0.17240297275	0.151610239472	0.148571428571	0.151990090834
159227541-stool1.freeze11.snv.mod.fix.bam	0.153691164327	0.0	0.0	0.0	0.00348472336912	0.393212221305	0.185301403799	0.173360858794	0.160776218002	0.160231213873	0.157357555739	0.189545829893	0.189496284063	0.189446738233	0.173327828241	0.17362510322	0.157274979356	0.155326176713	0.159372419488	0.156548307184	0.176498761354	0.172237819983	0.159488026424	0.142113955409	0.153905862923	0.173938893476	0.173707679604	0.172782824112	0.160330305533	0.159834847234	0.149611890999	0.155210569777	0.19210569777	0.15382328654	0.167118084228	0.177324525186	0.15554087531	0.159867877787	0.156218001652	0.159405450041	0.167200660611	0.0597853014038	0.00143682906689	0.169611890999	0.151428571429	0.133492981007	0.155474814203	0.161833195706	0.0550949628406	0.161255161024	0.15245251858	0.157043765483	0.159438480595	0.158943022296	0.174384805945	0.155805119736	0.158117258464	0.171626754748	0.159867877787	0.15843104872	0.156581337737	0.159933938893	0.000990916597853	0.15701073493	0.159141205615	0.170520231214	0.158249380677	0.159322873658	0.158711808423	0.15985136251	0.155425268373	0.135061932287	0.00142031379026	0.171131296449	0.156399669694	0.158992568126	0.186721717589	0.186985962015	0.185466556565	0.181007431874	0.18308835673	0.188373245252	0.184739884393	0.181800165153	0.187052023121	0.179223781998	0.00231213872832	0.00345169281585	0.00191577208918
159227541-stool2.freeze11.snv.mod.fix.bam	0.153047068538	0.0	0.0	0.0	0.00345169281585	0.392518579686	0.184723369116	0.17250206441	0.16019818332	0.159289843105	0.156449215524	0.188918249381	0.188885218827	0.188819157721	0.172700247729	0.172981007432	0.156366639141	0.154384805945	0.158447563997	0.155871180842	0.175854665566	0.171478117258	0.158563170933	0.141403798514	0.153245251858	0.173146160198	0.172931461602	0.171990090834	0.159438480595	0.158943022296	0.148918249381	0.154566473988	0.191246903386	0.153195706028	0.166440957886	0.176515276631	0.154880264244	0.158943022296	0.155524360033	0.158447563997	0.166457473163	0.0594054500413	0.00143682906689	0.168901734104	0.15073492981	0.132650701899	0.154781172585	0.161222130471	0.0545664739884	0.160528488852	0.151857968621	0.156085879438	0.158497109827	0.158150289017	0.17372419488	0.154863748968	0.157208918249	0.170751445087	0.158976052849	0.157506193229	0.155639966969	0.159223781998	0.00100743187448	0.156135425268	0.158216350124	0.169760528489	0.157555739059	0.158414533443	0.158018166804	0.158909991742	0.154764657308	0.134285714286	0.00135425268373	0.170289017341	0.155425268373	0.158051197358	0.185829892651	0.18612716763	0.184591246903	0.18009909166	0.182229562345	0.18749793559	0.183881090008	0.180957886045	0.186160198183	0.17843104872	0.0022460776218	0.00333608587944	0.00194880264244
159227541-stool3.freeze11.snv.mod.fix.bam	0.148109000826	0.0	0.0	0.0	0.00328654004955	0.384673823287	0.178662262593	0.16612716763	0.154863748968	0.151312964492	0.148604459125	0.182741535921	0.182758051197	0.182675474814	0.166919900908	0.167217175888	0.148769611891	0.146936416185	0.15078447564	0.150470685384	0.169975227085	0.165268373245	0.151015689513	0.136383154418	0.1478447564	0.167266721718	0.167085053675	0.166193228737	0.151445086705	0.150966143683	0.143583815029	0.14906688687	0.18460776218	0.147712634187	0.160611065235	0.17083402147	0.149430222956	0.150949628406	0.150156895128	0.150520231214	0.160627580512	0.0576878612717	0.00135425268373	0.163005780347	0.145565648225	0.127118084228	0.149479768786	0.155904211396	0.0496284062758	0.154995871181	0.146457473163	0.148389760528	0.150503715937	0.152089182494	0.167910817506	0.147167630058	0.149529314616	0.164393063584	0.151032204789	0.149744013212	0.147778695293	0.154153592073	0.000990916597853	0.148257638315	0.150255986788	0.164327002477	0.1521552436	0.150388109001	0.152782824112	0.150949628406	0.149281585467	0.12941370768	0.00128819157721	0.163914120562	0.147927332783	0.150255986788	0.179322873658	0.179620148637	0.178249380677	0.173905862923	0.175755573906	0.180957886045	0.177506193229	0.174582989265	0.179686209744	0.172122213047	0.00204789430223	0.0029397192403	0.00178364987614
159288231-stool1.freeze11.snv.mod.fix.bam	0.15549132948	0.00348472336912	0.00345169281585	0.00328654004955	0.0	0.394582989265	0.187068538398	0.175408753097	0.162345169282	0.162460776218	0.159554087531	0.191428571429	0.191445086705	0.191345995045	0.17544178365	0.175772089182	0.159141205615	0.157456647399	0.161552436003	0.158348472337	0.17843104872	0.174401321222	0.161734104046	0.143798513625	0.155573905863	0.175887696119	0.175706028076	0.174632535095	0.162460776218	0.161750619323	0.151312964492	0.156878612717	0.194153592073	0.15549132948	0.1691164327	0.179157720892	0.157027250206	0.162047894302	0.157968620974	0.161552436003	0.169182493807	0.0606110652353	0.00300578034682	0.171577208918	0.153179190751	0.13549132948	0.157291494633	0.163616845582	0.0571758876961	0.163220478943	0.15397192403	0.159190751445	0.161635012386	0.160941370768	0.176548307184	0.157952105698	0.160033030553	0.173691164327	0.162064409579	0.160561519405	0.158777869529	0.161882741536	0.00264244426094	0.159042113955	0.16132122213	0.17250206441	0.160016515277	0.161552436003	0.160611065235	0.162031379026	0.156944673823	0.136928158547	0.0026754748142	0.173195706028	0.15853014038	0.161123038811	0.188687035508	0.188984310487	0.187464905037	0.182972749794	0.185053674649	0.190371593724	0.186754748142	0.183748967795	0.189000825764	0.181189099917	0.00360033030553	0.00482246077622	0.00322047894302
159571453-stool1.freeze11.snv.mod.fix.bam	0.376102394715	0.393212221305	0.392518579686	0.384673823287	0.394582989265	0.0	0.388654004955	0.383699421965	0.389033856317	0.385681255161	0.380132122213	0.392815854666	0.392881915772	0.392650701899	0.385829892651	0.385879438481	0.384128819158	0.380132122213	0.386787778695	0.391907514451	0.382857142857	0.383864574732	0.385037159372	0.374715111478	0.390470685384	0.388075970273	0.388158546656	0.38754748142	0.385565648225	0.384954582989	0.377935590421	0.391428571429	0.38617671346	0.390041288192	0.383864574732	0.386919900908	0.391676300578	0.385317919075	0.390916597853	0.383336085879	0.386242774566	0.153311312964	0.392749793559	0.383402146986	0.386160198183	0.366589595376	0.390966143683	0.390602807597	0.34166804294	0.365037159372	0.38901734104	0.383220478943	0.385086705202	0.36637489678	0.386094137077	0.380495458299	0.385813377374	0.38289017341	0.385483071841	0.385631709331	0.377753922378	0.38931461602	0.387514450867	0.377720891825	0.383022295623	0.380247729149	0.393030553262	0.383253509496	0.388455821635	0.385202312139	0.391379025599	0.36941370768	0.392369942197	0.382708505367	0.380776218002	0.386292320396	0.376498761354	0.382543352601	0.38161849711	0.376449215524	0.370520231214	0.379124690339	0.380545004129	0.369760528489	0.382080924855	0.36597853014	0.390289017341	0.383154417836	0.391527663088
159632143-stool1.freeze11.snv.mod.fix.bam	0.175557390586	0.185301403799	0.184723369116	0.178662262593	0.187068538398	0.388654004955	0.0	0.194037985136	0.183352601156	0.185549132948	0.182758051197	0.00295623451693	0.00310487200661	0.00287365813377	0.127002477291	0.127068538398	0.183220478943	0.180478943022	0.18460776218	0.174649050372	0.00145334434352	0.00835672997523	0.184888521883	0.170553261767	0.18293971924	0.198794384806	0.19857968621	0.197786952931	0.185499587118	0.185020644096	0.17686209744	0.183996696945	0.212535094963	0.182526837325	0.191560693642	0.188488852188	0.18440957886	0.185004128819	0.174434351775	0.183963666391	0.191709331131	0.0680594549959	0.1848059455	0.193245251858	0.169199009083	0.157968620974	0.173839801817	0.186094137077	0.13995045417	0.112336911643	0.181304706854	0.184327002477	0.184360033031	0.179306358382	0.127431874484	0.180908340215	0.184211395541	0.19235342692	0.184971098266	0.185945499587	0.181684558216	0.182328654005	0.180313790256	0.181635012386	0.184112303881	0.182725020644	0.176168455822	0.184393063584	0.183996696945	0.185020644096	0.184260941371	0.164095788604	0.18465730801	0.191709331131	0.183517753922	0.186573080099	0.206606110652	0.207431874484	0.205780346821	0.20146985962	0.202725020644	0.208654004955	0.205598678778	0.20151940545	0.207266721718	0.199157720892	0.18313790256	0.179273327828	0.183550784476
159713063-stool2.freeze11.snv.mod.fix.bam	0.167184145334	0.173360858794	0.17250206441	0.16612716763	0.175408753097	0.383699421965	0.194037985136	0.0	0.174137076796	0.112700247729	0.111048720066	0.198249380677	0.198249380677	0.198100743187	0.179702725021	0.18	0.107151114781	0.106705202312	0.109380677126	0.175326176713	0.1848059455	0.176895127993	0.112287365813	0.165598678778	0.180066061107	0.181915772089	0.18171758877	0.180908340215	0.112865400495	0.112419488026	0.174269199009	0.18137076796	0.200115606936	0.179702725021	0.170107349298	0.180710156895	0.18166804294	0.112369942197	0.175061932287	0.111890999174	0.178513625103	0.0655326176713	0.172716763006	0.172023121387	0.169099917424	0.13554087531	0.174351775392	0.174682080925	0.0940379851363	0.167266721718	0.17843104872	0.11098265896	0.112171758877	0.000611065235343	0.180792733278	0.106292320396	0.107877786953	0.000924855491329	0.11245251858	0.111890999174	0.110520231214	0.174995871181	0.16764657308	0.11093311313	0.111990090834	0.174219653179	0.17691164327	0.112089182494	0.178265895954	0.112221304707	0.181651527663	0.150470685384	0.172799339389	0.000891824938068	0.110057803468	0.112419488026	0.194137076796	0.194533443435	0.193294797688	0.188422791082	0.190156895128	0.196003303055	0.19250206441	0.189281585467	0.194384805945	0.186787778695	0.17063583815	0.16622625929	0.171263418662
160319967-stool1.freeze11.snv.mod.fix.bam	0.0205450041288	0.160776218002	0.16019818332	0.154863748968	0.162345169282	0.389033856317	0.183352601156	0.174137076796	0.0	0.169149463254	0.166391412056	0.1878447564	0.187811725846	0.187712634187	0.17853014038	0.178711808423	0.166556564822	0.16289017341	0.167085053675	0.115127993394	0.175623451693	0.172469033856	0.168059454996	0.134764657308	0.145780346821	0.170867052023	0.170767960363	0.169925681255	0.169132947977	0.168637489678	0.142180016515	0.147151114781	0.194004954583	0.145829892651	0.163517753922	0.169661436829	0.147464905037	0.168637489678	0.114748142031	0.168092485549	0.170173410405	0.0633195706028	0.160181668043	0.165004128819	0.111131296449	0.0280264244426	0.114236168456	0.00832369942197	0.120875309661	0.15843104872	0.144343517754	0.165450041288	0.167861271676	0.160066061107	0.179421965318	0.165185796862	0.167563996697	0.172766308836	0.168538398018	0.166721717589	0.165301403799	0.021701073493	0.155557390586	0.165631709331	0.167927332783	0.163815028902	0.116350123865	0.168241123039	0.113707679604	0.168753096614	0.147382328654	0.140710156895	0.160066061107	0.172237819983	0.164442609414	0.167250206441	0.188125516102	0.188819157721	0.18749793559	0.183633360859	0.184161849711	0.190057803468	0.187184145334	0.183253509496	0.188951279934	0.181056977704	0.15862923204	0.155573905863	0.159025598679
160947100-stool1.freeze11.snv.mod.fix.bam	0.159884393064	0.160231213873	0.159289843105	0.151312964492	0.162460776218	0.385681255161	0.185549132948	0.112700247729	0.169149463254	0.0	0.000809248554913	0.189975227085	0.189909165979	0.189810074319	0.170668868704	0.170949628406	0.0144343517754	0.0182493806771	0.0201981833196	0.171709331131	0.174566473988	0.163319570603	0.0215524360033	0.151180842279	0.168769611891	0.176944673823	0.176944673823	0.175920726672	0.00107349298101	0.00105697770438	0.163055326177	0.170487200661	0.190355078448	0.168554913295	0.165284888522	0.176251032205	0.170520231214	0.000776218001652	0.171279933939	0.00156895127993	0.171610239472	0.0611230388109	0.159702725021	0.168604459125	0.164888521883	0.106440957886	0.170255986788	0.170355078448	0.0250867052023	0.155821635012	0.167217175888	0.0187448389761	0.000825763831544	0.0980346820809	0.171824938068	0.014004954583	0.0148472336912	0.111081750619	0.00100743187448	0.0196201486375	0.000809248554913	0.168208092486	0.153526011561	0.00130470685384	0.00074318744839	0.167448389761	0.173327828241	0.000776218001652	0.168654004955	0.000677126341866	0.170619322874	0.142460776218	0.159752270851	0.110487200661	0.0191081750619	0.0200165152766	0.183897605285	0.183781998348	0.182774566474	0.1769611891	0.179785301404	0.186094137077	0.181635012386	0.17853014038	0.183963666391	0.175507844756	0.157208918249	0.151957060281	0.158034682081
161554003-stool2.freeze11.snv.mod.fix.bam	0.157555739059	0.157357555739	0.156449215524	0.148604459125	0.159554087531	0.380132122213	0.182758051197	0.111048720066	0.166391412056	0.000809248554913	0.0	0.187167630058	0.187085053675	0.187052023121	0.16774566474	0.167976878613	0.013245251858	0.0171924029727	0.0190751445087	0.168786127168	0.171957060281	0.160743187448	0.0204293971924	0.148769611891	0.166094137077	0.17407101569	0.174054500413	0.172981007432	0.000908340214699	0.000445912469034	0.160677126342	0.167762180017	0.187266721718	0.165912469034	0.162559867878	0.173344343518	0.167828241123	0.000528488852188	0.168373245252	0.000908340214699	0.168753096614	0.0598183319571	0.1569611891	0.165747316268	0.162279108175	0.104591246903	0.167233691164	0.16779521057	0.0241948802642	0.153344343518	0.164574731627	0.0176548307184	0.00018166804294	0.0963831544178	0.168885218827	0.0128654004955	0.0136251032205	0.109380677126	0.000693641618497	0.0185301403799	0.000478943022296	0.165697770438	0.150900082576	0.000891824938068	0.000412881915772	0.164987613543	0.170371593724	0.000511973575557	0.165945499587	0.000429397192403	0.167927332783	0.139818331957	0.156928158547	0.108769611891	0.0180346820809	0.0189760528489	0.180974401321	0.180660611065	0.179702725021	0.174037985136	0.17710982659	0.183154417836	0.178645747316	0.175739058629	0.180842279108	0.172898431049	0.154401321222	0.14926507019	0.155161023947
508703490-stool1.freeze11.snv.mod.fix.bam	0.179653179191	0.189545829893	0.188918249381	0.182741535921	0.191428571429	0.392815854666	0.00295623451693	0.198249380677	0.1878447564	0.189975227085	0.187167630058	0.0	0.0	0.0	0.130421139554	0.130553261767	0.187778695293	0.1848059455	0.189033856317	0.178777869529	0.00391412056152	0.0117093311313	0.18931461602	0.174748142031	0.187299752271	0.203104872007	0.202906688687	0.202213047069	0.190074318745	0.189529314616	0.181007431874	0.188323699422	0.21691164327	0.186820809249	0.195953757225	0.192865400495	0.188769611891	0.189545829893	0.178497109827	0.188505367465	0.195904211396	0.0694137076796	0.188885218827	0.197539223782	0.173294797688	0.162361684558	0.178067712634	0.190255986788	0.14450867052	0.116019818332	0.185648224608	0.188835672998	0.188868703551	0.183336085879	0.130850536746	0.185433526012	0.188786127168	0.196515276631	0.189595375723	0.190189925681	0.186110652353	0.186507018993	0.184442609414	0.186490503716	0.188720066061	0.186870355078	0.180280759703	0.188885218827	0.188142031379	0.189545829893	0.188620974401	0.168075970273	0.188984310487	0.195920726672	0.187679603633	0.19083402147	0.21078447564	0.211725846408	0.210074318745	0.205763831544	0.206672171759	0.212865400495	0.209843104872	0.205466556565	0.211560693642	0.203170933113	0.187448389761	0.183897605285	0.187811725846
508703490-stool2.freeze11.snv.mod.fix.bam	0.179653179191	0.189496284063	0.188885218827	0.182758051197	0.191445086705	0.392881915772	0.00310487200661	0.198249380677	0.187811725846	0.189909165979	0.187085053675	0.0	0.0	0.0	0.130520231214	0.130619322874	0.187778695293	0.1848059455	0.189000825764	0.178810900083	0.00404624277457	0.011676300578	0.189281585467	0.174797687861	0.187349298101	0.203005780347	0.202824112304	0.202064409579	0.189991742362	0.189463253509	0.181123038811	0.188422791082	0.216928158547	0.186919900908	0.195788604459	0.192832369942	0.188852188274	0.189479768786	0.178513625103	0.188422791082	0.195772089182	0.0693476465731	0.188901734104	0.197407101569	0.173344343518	0.162312138728	0.178051197358	0.190222956235	0.144492155244	0.116069364162	0.185681255161	0.188835672998	0.188786127168	0.183303055326	0.13093311313	0.185400495458	0.188736581338	0.196531791908	0.189512799339	0.190206440958	0.185995045417	0.186523534269	0.184442609414	0.186308835673	0.188637489678	0.186837324525	0.180330305533	0.188819157721	0.188208092486	0.189463253509	0.188720066061	0.168059454996	0.189000825764	0.195904211396	0.18769611891	0.190867052023	0.210767960363	0.211725846408	0.210041288192	0.205747316268	0.206721717589	0.212865400495	0.209843104872	0.205433526012	0.211544178365	0.203170933113	0.187464905037	0.183947151115	0.18779521057
508703490-stool3.freeze11.snv.mod.fix.bam	0.179488026424	0.189446738233	0.188819157721	0.182675474814	0.191345995045	0.392650701899	0.00287365813377	0.198100743187	0.187712634187	0.189810074319	0.187052023121	0.0	0.0	0.0	0.130322047894	0.130421139554	0.187630057803	0.184723369116	0.188868703551	0.178596201486	0.003848059455	0.011676300578	0.189199009083	0.174715111478	0.187266721718	0.202906688687	0.202691990091	0.201965317919	0.189909165979	0.189397192403	0.180957886045	0.188208092486	0.216829066887	0.186705202312	0.195706028076	0.192733278282	0.188670520231	0.18936416185	0.178364987614	0.188340214699	0.195672997523	0.0693311312964	0.188720066061	0.197274979356	0.173162675475	0.162229562345	0.177919075145	0.190090834021	0.14440957886	0.115904211396	0.185483071841	0.188670520231	0.188720066061	0.18313790256	0.130751445087	0.185251857969	0.188670520231	0.196333608588	0.18941370768	0.190008257638	0.185945499587	0.186341866226	0.184327002477	0.18627580512	0.188521882742	0.186787778695	0.18019818332	0.188720066061	0.188042939719	0.189347646573	0.188571428571	0.167910817506	0.188819157721	0.195739058629	0.187530966144	0.190718414533	0.210668868704	0.211626754748	0.209958711808	0.205664739884	0.206606110652	0.212766308836	0.209744013212	0.205383980182	0.211445086705	0.203055326177	0.187349298101	0.183798513625	0.18764657308
675950834-stool1.freeze11.snv.mod.fix.bam	0.170817506193	0.173327828241	0.172700247729	0.166919900908	0.17544178365	0.385829892651	0.127002477291	0.179702725021	0.17853014038	0.170668868704	0.16774566474	0.130421139554	0.130520231214	0.130322047894	0.0	0.0	0.16789430223	0.164673823287	0.168802642444	0.174004954583	0.122279108175	0.122097440132	0.171626754748	0.167151114781	0.179587118084	0.191791907514	0.191676300578	0.1908835673	0.17078447564	0.170189925681	0.173608587944	0.180842279108	0.20445912469	0.179306358382	0.185103220479	0.182378199835	0.181189099917	0.170222956235	0.17362510322	0.16916597853	0.182708505367	0.0652518579686	0.172700247729	0.186738232865	0.169331131296	0.151725846408	0.173113129645	0.179355904211	0.127679603633	0.119091659785	0.178084227911	0.168075970273	0.170057803468	0.16597853014	0.000825763831544	0.165829892651	0.168819157721	0.178051197358	0.170338563171	0.169744013212	0.166919900908	0.177919075145	0.168786127168	0.167431874484	0.169611890999	0.176118909992	0.17539223782	0.169595375723	0.176482246078	0.170156895128	0.181090008258	0.159537572254	0.172914946325	0.177473162675	0.167365813377	0.170206440958	0.19833195706	0.199521056978	0.198034682081	0.1939223782	0.194434351775	0.200379851363	0.197704376548	0.193344343518	0.199521056978	0.190668868704	0.171544178365	0.168125516102	0.171874483898
675950834-stool2.freeze11.snv.mod.fix.bam	0.17098265896	0.17362510322	0.172981007432	0.167217175888	0.175772089182	0.385879438481	0.127068538398	0.18	0.178711808423	0.170949628406	0.167976878613	0.130553261767	0.130619322874	0.130421139554	0.0	0.0	0.168158546656	0.165037159372	0.169083402147	0.174318744839	0.122394715111	0.122196531792	0.171791907514	0.167431874484	0.17995045417	0.192072667217	0.191907514451	0.191048720066	0.171015689513	0.170437654831	0.173938893476	0.181189099917	0.204739884393	0.179686209744	0.185317919075	0.182559867878	0.181535920727	0.170553261767	0.173938893476	0.169347646573	0.182906688687	0.0652848885219	0.173080099092	0.187002477291	0.169578860446	0.151957060281	0.173344343518	0.179620148637	0.127993393889	0.119207266722	0.178364987614	0.168307184145	0.170388109001	0.166193228737	0.000825763831544	0.1660776218	0.169099917424	0.178364987614	0.170602807597	0.169925681255	0.167217175888	0.178150289017	0.1691164327	0.167679603633	0.169859620149	0.176333608588	0.175706028076	0.169892650702	0.176746490504	0.170421139554	0.181453344344	0.159834847234	0.173179190751	0.177786952931	0.167580511974	0.170404624277	0.198596201486	0.199834847234	0.198315441784	0.194203137903	0.194731626755	0.200644095789	0.197952105698	0.193608587944	0.199768786127	0.190867052023	0.171824938068	0.168323699422	0.172171758877
763496533-stool2.freeze11.snv.mod.fix.bam	0.157291494633	0.157274979356	0.156366639141	0.148769611891	0.159141205615	0.384128819158	0.183220478943	0.107151114781	0.166556564822	0.0144343517754	0.013245251858	0.187778695293	0.187778695293	0.187630057803	0.16789430223	0.168158546656	0.0	0.00687035507845	0.00772914946325	0.168736581338	0.172369942197	0.160264244426	0.0197687861272	0.148786127168	0.165846407927	0.172535094963	0.172551610239	0.171577208918	0.0144343517754	0.0139058629232	0.160313790256	0.167563996697	0.186011560694	0.165714285714	0.160445912469	0.172237819983	0.167448389761	0.0139554087531	0.168389760528	0.0143517753922	0.167464905037	0.0600495458299	0.15671345995	0.163649876135	0.161948802642	0.106622625929	0.167316267547	0.167530966144	0.0309661436829	0.152749793559	0.164360033031	0.00668868703551	0.0139388934765	0.0930140379851	0.169050371594	0.000363336085879	0.000412881915772	0.105516102395	0.0142196531792	0.00736581337737	0.0137737407102	0.165284888522	0.15068538398	0.0139554087531	0.0138728323699	0.163930635838	0.170421139554	0.014004954583	0.166540049546	0.014004954583	0.167514450867	0.141056977704	0.156663914121	0.104954582989	0.00723369116433	0.00759702725021	0.179686209744	0.179587118084	0.17857968621	0.172981007432	0.175639966969	0.181849710983	0.177440132122	0.174384805945	0.179752270851	0.171659785301	0.153856317093	0.148538398018	0.154863748968
763536994-stool1.freeze11.snv.mod.fix.bam	0.153377374071	0.155326176713	0.154384805945	0.146936416185	0.157456647399	0.380132122213	0.180478943022	0.106705202312	0.16289017341	0.0182493806771	0.0171924029727	0.1848059455	0.1848059455	0.184723369116	0.164673823287	0.165037159372	0.00687035507845	0.0	0.0	0.162460776218	0.169876135425	0.15857968621	0.0241948802642	0.146061106524	0.162658959538	0.169331131296	0.16941370768	0.168455821635	0.0183815028902	0.0179355904211	0.157159372419	0.164211395541	0.18293971924	0.162361684558	0.1569611891	0.169991742362	0.164327002477	0.0178860445912	0.162229562345	0.0184145334434	0.164574731627	0.0587613542527	0.154698596201	0.15985136251	0.156135425268	0.104971098266	0.161271676301	0.163699421965	0.0329644921552	0.150041288192	0.161040462428	0.011362510322	0.0177869529315	0.0927828241123	0.165796862097	0.00658959537572	0.00682080924855	0.105037159372	0.0181172584641	0.0119075144509	0.0177043765483	0.161172584641	0.148819157721	0.017985136251	0.0177869529315	0.16156895128	0.164128819158	0.0179190751445	0.161502890173	0.0178364987614	0.164360033031	0.138843930636	0.154781172585	0.10445912469	0.0117258464079	0.0121387283237	0.176779521057	0.176597853014	0.175722543353	0.170255986788	0.172716763006	0.178893476466	0.174483897605	0.171511147812	0.17681255161	0.168786127168	0.152782824112	0.1478447564	0.153592072667
763536994-stool3.freeze11.snv.mod.fix.bam	0.157357555739	0.159372419488	0.158447563997	0.15078447564	0.161552436003	0.386787778695	0.18460776218	0.109380677126	0.167085053675	0.0201981833196	0.0190751445087	0.189033856317	0.189000825764	0.188868703551	0.168802642444	0.169083402147	0.00772914946325	0.0	0.0	0.166606110652	0.173790255987	0.162477291495	0.0258298926507	0.149727497936	0.166705202312	0.173509496284	0.173476465731	0.172551610239	0.0202972749794	0.0198513625103	0.161090008258	0.168323699422	0.187068538398	0.166407927333	0.160627580512	0.174037985136	0.168439306358	0.0197853014038	0.16632535095	0.0203633360859	0.168307184145	0.0601981833196	0.158761354253	0.163649876135	0.160132122213	0.108208092486	0.165367464905	0.167927332783	0.0350289017341	0.153658133774	0.165103220479	0.0123534269199	0.019686209744	0.0952601156069	0.169892650702	0.00749793559042	0.00767960363336	0.107729149463	0.0200165152766	0.012931461602	0.0196036333609	0.165334434352	0.152782824112	0.0197853014038	0.019686209744	0.165598678778	0.168274153592	0.0198348472337	0.165697770438	0.0197687861272	0.168472336912	0.142543352601	0.158843930636	0.107134599505	0.0126341866226	0.0131626754748	0.180875309661	0.180677126342	0.179653179191	0.173955408753	0.176614368291	0.183005780347	0.178414533443	0.17544178365	0.180743187448	0.172683732453	0.156746490504	0.151577208918	0.157588769612
763860675-stool2.freeze11.snv.mod.fix.bam	0.110999174236	0.156548307184	0.155871180842	0.150470685384	0.158348472337	0.391907514451	0.174649050372	0.175326176713	0.115127993394	0.171709331131	0.168786127168	0.178777869529	0.178810900083	0.178596201486	0.174004954583	0.174318744839	0.168736581338	0.162460776218	0.166606110652	0.0	0.166407927333	0.163732452519	0.172947976879	0.129777043765	0.139653179191	0.174037985136	0.17387283237	0.172898431049	0.171808422791	0.171345995045	0.136383154418	0.140809248555	0.192171758877	0.139521056978	0.164360033031	0.172782824112	0.141106523534	0.171246903386	0.00125516102395	0.170371593724	0.169446738233	0.0633691164327	0.155821635012	0.167877786953	0.00460776218002	0.102741535921	0.00105697770438	0.116267547481	0.121023947151	0.156994219653	0.138100743187	0.168373245252	0.170536746491	0.161106523534	0.174979355904	0.167101568951	0.169760528489	0.17377374071	0.171345995045	0.169479768786	0.167778695293	0.115309661437	0.151560693642	0.168604459125	0.170503715937	0.166919900908	0.00132122213047	0.170718414533	0.116036333609	0.171246903386	0.141023947151	0.144574731627	0.155706028076	0.173261767135	0.167563996697	0.170156895128	0.186143682907	0.186936416185	0.18597853014	0.18142031379	0.182262592898	0.188142031379	0.185400495458	0.18137076796	0.187332782824	0.179421965318	0.154500412882	0.150652353427	0.155111478117
763901136-stool1.freeze11.snv.mod.fix.bam	0.167712634187	0.176498761354	0.175854665566	0.169975227085	0.17843104872	0.382857142857	0.00145334434352	0.1848059455	0.175623451693	0.174566473988	0.171957060281	0.00391412056152	0.00404624277457	0.003848059455	0.122279108175	0.122394715111	0.172369942197	0.169876135425	0.173790255987	0.166407927333	0.0	0.0016019818332	0.174037985136	0.162196531792	0.174120561519	0.190536746491	0.190371593724	0.189611890999	0.174731626755	0.174219653179	0.168340214699	0.175111478117	0.203848059455	0.173658133774	0.183385631709	0.181288191577	0.17554087531	0.174186622626	0.1660776218	0.173228736581	0.183534269199	0.0653344343518	0.175854665566	0.184987613543	0.161156069364	0.149149463254	0.165615194055	0.177935590421	0.131081750619	0.108059454996	0.17225433526	0.173443435178	0.173526011561	0.170404624277	0.122658959538	0.170272502064	0.173410404624	0.183154417836	0.174269199009	0.175012386457	0.170916597853	0.174203137903	0.171560693642	0.171379025599	0.173443435178	0.175474814203	0.167861271676	0.173476465731	0.175359207267	0.174186622626	0.175408753097	0.156003303055	0.175953757225	0.182576383154	0.172584640793	0.175573905863	0.197902559868	0.198794384806	0.197126341866	0.193096614368	0.194004954583	0.199917423617	0.196994219653	0.192782824112	0.19867877787	0.190701899257	0.174351775392	0.17098265896	0.174748142031
763901136-stool2.freeze11.snv.mod.fix.bam	0.164690338563	0.172237819983	0.171478117258	0.165268373245	0.174401321222	0.383864574732	0.00835672997523	0.176895127993	0.172469033856	0.163319570603	0.160743187448	0.0117093311313	0.011676300578	0.011676300578	0.122097440132	0.122196531792	0.160264244426	0.15857968621	0.162477291495	0.163732452519	0.0016019818332	0.0	0.162064409579	0.157456647399	0.170322047894	0.18627580512	0.186556564822	0.185615194055	0.163385631709	0.162807597027	0.165202312139	0.172056151941	0.199587118084	0.170487200661	0.178909991742	0.178051197358	0.17245251858	0.162658959538	0.163699421965	0.161387283237	0.179686209744	0.0641948802642	0.171725846408	0.180792733278	0.158084227911	0.139504541701	0.163121387283	0.174863748968	0.10470685384	0.107035507845	0.168984310487	0.162279108175	0.162229562345	0.163319570603	0.123583815029	0.158777869529	0.161981833196	0.176102394715	0.162840627581	0.163649876135	0.159521056978	0.171032204789	0.167052023121	0.160132122213	0.161601981833	0.171841453344	0.165433526012	0.162113955409	0.172947976879	0.162791081751	0.172336911643	0.152287365813	0.171841453344	0.175474814203	0.16146985962	0.164260941371	0.193658133774	0.194516928159	0.192700247729	0.188554913295	0.189777043765	0.195672997523	0.192535094963	0.188521882742	0.194401321222	0.186440957886	0.169710982659	0.165879438481	0.170404624277
763921366-stool3.freeze11.snv.mod.fix.bam	0.159686209744	0.159488026424	0.158563170933	0.151015689513	0.161734104046	0.385037159372	0.184888521883	0.112287365813	0.168059454996	0.0215524360033	0.0204293971924	0.18931461602	0.189281585467	0.189199009083	0.171626754748	0.171791907514	0.0197687861272	0.0241948802642	0.0258298926507	0.172947976879	0.174037985136	0.162064409579	0.0	0.151990090834	0.169132947977	0.171164327002	0.171147811726	0.170189925681	0.0216515276631	0.0211725846408	0.163600330306	0.17083402147	0.185681255161	0.168984310487	0.160528488852	0.175094962841	0.170916597853	0.0212221304707	0.172568125516	0.0216845582164	0.166424442609	0.0603633360859	0.159042113955	0.163583815029	0.16622625929	0.110222956235	0.171577208918	0.169149463254	0.0363831544178	0.156003303055	0.167613542527	0.0243270024773	0.020627580512	0.0980511973576	0.172700247729	0.0195210569777	0.0202146985962	0.110668868704	0.0212716763006	0.0251197357556	0.0207431874484	0.16759702725	0.152997522709	0.0209578860446	0.0209909165979	0.166655656482	0.174616019818	0.0212386457473	0.169463253509	0.0210900082576	0.170949628406	0.143435177539	0.159091659785	0.110041288192	0.0246903385632	0.0254830718415	0.179273327828	0.179322873658	0.178298926507	0.172601156069	0.175161023947	0.181436829067	0.177175887696	0.174004954583	0.179388934765	0.171197357556	0.156383154418	0.151379025599	0.157241948803
764508039-stool1.freeze11.snv.mod.fix.bam	0.130322047894	0.142113955409	0.141403798514	0.136383154418	0.143798513625	0.374715111478	0.170553261767	0.165598678778	0.134764657308	0.151180842279	0.148769611891	0.174748142031	0.174797687861	0.174715111478	0.167151114781	0.167431874484	0.148786127168	0.146061106524	0.149727497936	0.129777043765	0.162196531792	0.157456647399	0.151990090834	0.0	8.25763831544e-05	0.161040462428	0.161073492981	0.160082576383	0.151197357556	0.15058629232	0.00180016515277	0.00194880264244	0.180660611065	0.00191577208918	0.157241948803	0.170041288192	0.00236168455822	0.150718414533	0.129281585467	0.150107349298	0.159190751445	0.059058629232	0.14146985962	0.159322873658	0.125417010735	0.112898431049	0.128769611891	0.13676300578	0.105185796862	0.145268373245	0.00282411230388	0.149925681255	0.150024772915	0.152336911643	0.168191577209	0.147349298101	0.149611890999	0.164178364988	0.15073492981	0.151230388109	0.14754748142	0.135276630884	0.137753922378	0.148208092486	0.150024772915	0.163864574732	0.131081750619	0.150156895128	0.137192402973	0.150718414533	0.00199834847234	0.132138728324	0.14137076796	0.163534269199	0.149430222956	0.151808422791	0.175144508671	0.175904211396	0.174417836499	0.170470685384	0.171692815855	0.177192402973	0.17397192403	0.170850536746	0.175854665566	0.168422791082	0.140214698596	0.136895127993	0.140693641618
764508039-stool2.freeze11.snv.mod.fix.bam	0.140693641618	0.153905862923	0.153245251858	0.1478447564	0.155573905863	0.390470685384	0.18293971924	0.180066061107	0.145780346821	0.168769611891	0.166094137077	0.187299752271	0.187349298101	0.187266721718	0.179587118084	0.17995045417	0.165846407927	0.162658959538	0.166705202312	0.139653179191	0.174120561519	0.170322047894	0.169132947977	8.25763831544e-05	0.0	0.172815854666	0.172716763006	0.171824938068	0.168819157721	0.168274153592	0.00161849710983	0.00168455821635	0.194004954583	0.00171758876961	0.169479768786	0.182725020644	0.00196531791908	0.168307184145	0.139108175062	0.16769611891	0.17073492981	0.0637654830718	0.153228736581	0.171692815855	0.135127993394	0.12460776218	0.138497109827	0.147530966144	0.118843930636	0.156366639141	0.00259289843105	0.166787778695	0.167530966144	0.165813377374	0.180644095789	0.164194880264	0.166688687036	0.178464079273	0.168373245252	0.168059454996	0.164739884393	0.14622625929	0.14936416185	0.165516102395	0.167663088357	0.176135425268	0.140924855491	0.167762180017	0.148274153592	0.168307184145	0.00166804293972	0.142774566474	0.153113129645	0.177753922378	0.16602807597	0.168687035508	0.188323699422	0.189132947977	0.18764657308	0.183418662263	0.184525185797	0.190355078448	0.187250206441	0.183649876135	0.18906688687	0.181156069364	0.151990090834	0.148571428571	0.152369942197
765074482-stool1.freeze11.snv.mod.fix.bam	0.164029727498	0.173938893476	0.173146160198	0.167266721718	0.175887696119	0.388075970273	0.198794384806	0.181915772089	0.170867052023	0.176944673823	0.17407101569	0.203104872007	0.203005780347	0.202906688687	0.191791907514	0.192072667217	0.172535094963	0.169331131296	0.173509496284	0.174037985136	0.190536746491	0.18627580512	0.171164327002	0.161040462428	0.172815854666	0.0	3.30305532618e-05	1.65152766309e-05	0.176994219653	0.176449215524	0.167415359207	0.174153592073	0.136085879438	0.172815854666	0.0328819157721	0.165829892651	0.174467382329	0.176449215524	0.173294797688	0.175739058629	0.0358216350124	0.0125350949628	0.173278282411	0.0333278282411	0.168554913295	0.14597853014	0.172881915772	0.172650701899	0.130602807597	0.165218827415	0.171230388109	0.171230388109	0.175739058629	0.167993393889	0.192749793559	0.17068538398	0.173344343518	0.180545004129	0.176366639141	0.172617671346	0.172997522709	0.170800990917	0.168637489678	0.173658133774	0.175706028076	0.159653179191	0.17529314616	0.175772089182	0.171428571429	0.176449215524	0.174302229562	0.151626754748	0.173195706028	0.180033030553	0.170520231214	0.173129644922	0.132056151941	0.132749793559	0.131527663088	0.127976878613	0.129694467382	0.133542526837	0.131114781173	0.128802642444	0.132584640793	0.127184145334	0.171362510322	0.167382328654	0.171924029727
