	158822939-stool1.freeze11.snv.mod.fix.bam	159227541-stool1.freeze11.snv.mod.fix.bam	159227541-stool2.freeze11.snv.mod.fix.bam	159227541-stool3.freeze11.snv.mod.fix.bam	159288231-stool1.freeze11.snv.mod.fix.bam	159571453-stool1.freeze11.snv.mod.fix.bam	159632143-stool1.freeze11.snv.mod.fix.bam	159713063-stool2.freeze11.snv.mod.fix.bam	160319967-stool1.freeze11.snv.mod.fix.bam	160947100-stool1.freeze11.snv.mod.fix.bam	161554003-stool2.freeze11.snv.mod.fix.bam	508703490-stool1.freeze11.snv.mod.fix.bam	508703490-stool2.freeze11.snv.mod.fix.bam	508703490-stool3.freeze11.snv.mod.fix.bam	675950834-stool1.freeze11.snv.mod.fix.bam	675950834-stool2.freeze11.snv.mod.fix.bam	763496533-stool2.freeze11.snv.mod.fix.bam	763536994-stool1.freeze11.snv.mod.fix.bam	763536994-stool3.freeze11.snv.mod.fix.bam	763860675-stool2.freeze11.snv.mod.fix.bam	763901136-stool1.freeze11.snv.mod.fix.bam	763901136-stool2.freeze11.snv.mod.fix.bam	763921366-stool3.freeze11.snv.mod.fix.bam	764508039-stool1.freeze11.snv.mod.fix.bam	764508039-stool2.freeze11.snv.mod.fix.bam	765074482-stool1.freeze11.snv.mod.fix.bam	765074482-stool2.freeze11.snv.mod.fix.bam	765074482-stool3.freeze11.snv.mod.fix.bam	765155402-stool3.freeze11.snv.mod.fix.bam	861967750-stool1.freeze11.snv.mod.fix.bam	BYQ_AAAE.freeze11.snv.mod.fix.bam	BYQ_AAAP.freeze11.snv.mod.fix.bam	BYQ_AAAS.freeze11.snv.mod.fix.bam	BYQ_AAAY.freeze11.snv.mod.fix.bam	CCIS50003399ST-4-0.freeze11.snv.mod.fix.bam	CCIS52370277ST-4-0.freeze11.snv.mod.fix.bam	CCIS71301801ST-4-0.freeze11.snv.mod.fix.bam	CCIS80834637ST-4-0.freeze11.snv.mod.fix.bam	CCMD72895164ST-21-0.freeze11.snv.mod.fix.bam	DLM020.freeze11.snv.mod.fix.bam	M4.3-V1.metaG.freeze11.snv.mod.fix.bam	M4.3-V1.metaT.freeze11.snv.mod.fix.bam	MH0227.freeze11.snv.mod.fix.bam	MH0246.freeze11.snv.mod.fix.bam	MH0292.freeze11.snv.mod.fix.bam	MH0378.freeze11.snv.mod.fix.bam	MH0387.freeze11.snv.mod.fix.bam	MH0393.freeze11.snv.mod.fix.bam	MH0404.freeze11.snv.mod.fix.bam	MH0426.freeze11.snv.mod.fix.bam	MH0435.freeze11.snv.mod.fix.bam	MH0438.freeze11.snv.mod.fix.bam	MH0446.freeze11.snv.mod.fix.bam	MMRS38954404ST-27-0-0.freeze11.snv.mod.fix.bam	MMRS41266697ST-27-0-0.freeze11.snv.mod.fix.bam	MMRS81194191ST-27-0-0.freeze11.snv.mod.fix.bam	O2.CD1-0.freeze11.snv.mod.fix.bam	O2.UC37-1.freeze11.snv.mod.fix.bam	O2.UC41-1.freeze11.snv.mod.fix.bam	O2.UC46-1.freeze11.snv.mod.fix.bam	O2.UC48-1.freeze11.snv.mod.fix.bam	SAMEA3136641.freeze11.snv.mod.fix.bam	T2D-127A.freeze11.snv.mod.fix.bam	V1.CD2-0-PN.freeze11.snv.mod.fix.bam	V1.CD28-0.freeze11.snv.mod.fix.bam	V1.CD52-0.freeze11.snv.mod.fix.bam	V1.CD7-0-PN.freeze11.snv.mod.fix.bam	V1.FI07.freeze11.snv.mod.fix.bam	V1.FI10.freeze11.snv.mod.fix.bam	V1.FI19.freeze11.snv.mod.fix.bam	V1.FI21.freeze11.snv.mod.fix.bam	V1.FI36.freeze11.snv.mod.fix.bam	V1.UC34-0.freeze11.snv.mod.fix.bam	V1.UC51-0.freeze11.snv.mod.fix.bam	V1.UC54-0.freeze11.snv.mod.fix.bam	V1.UC54-4.freeze11.snv.mod.fix.bam	peacemaker-11-0-0.freeze11.snv.mod.fix.bam	peacemaker-11-2-0.freeze11.snv.mod.fix.bam	peacemaker-11-392-1.freeze11.snv.mod.fix.bam	peacemaker-11-392-3.freeze11.snv.mod.fix.bam	peacemaker-11-60-0.freeze11.snv.mod.fix.bam	peacemaker-11-7-0.freeze11.snv.mod.fix.bam	peacemaker-11-773-0.freeze11.snv.mod.fix.bam	peacemaker-12-7-0.freeze11.snv.mod.fix.bam	peacemaker-13-392-1.freeze11.snv.mod.fix.bam	peacemaker-13-7-0.freeze11.snv.mod.fix.bam	tigress-11-0-0.freeze11.snv.mod.fix.bam	tigress-11-60-0.freeze11.snv.mod.fix.bam	tigress-11-7-0.freeze11.snv.mod.fix.bam
158822939-stool1.freeze11.snv.mod.fix.bam	0.0	0.164600139308	0.164192995502	0.161843018589	0.164922683884	0.451923533803	0.188447163556	0.182761806478	0.0250589103146	0.168636736405	0.168499409155	0.193219966428	0.191983289724	0.191783709597	0.18409446819	0.183842735702	0.169849541708	0.167551745043	0.167920708702	0.120520950673	0.182264058853	0.180982635408	0.169551299396	0.148287250349	0.151339615023	0.176789729426	0.175022830955	0.17380772678	0.169328780894	0.169874944601	0.152226577073	0.151436414495	0.19533729574	0.150935180116	0.168868786256	0.173584707168	0.150754171474	0.168656599705	0.118328513188	0.175788874394	0.174572778513	0.170382915646	0.164718817106	0.173260038581	0.120286548625	0.0630098599242	0.119944129299	0.0258238009331	0.167515985276	0.16992915988	0.150666612557	0.168514409246	0.1702802017	0.172322432316	0.183927476358	0.168698605568	0.167916433084	0.177999587166	0.16997344277	0.167774464359	0.169253667982	0.00184583526697	0.161177738173	0.172418132116	0.171584754714	0.171326680301	0.122124695914	0.169803186944	0.119098228319	0.169100944158	0.151527214343	0.148384521994	0.1644479801	0.178139754058	0.168829401418	0.169392362448	0.194599664312	0.191821368147	0.191572645041	0.19013154833	0.193916992289	0.1947432684	0.191372802256	0.193898991119	0.192127118323	0.1931203853	0.163944102183	0.165046542798	0.162449483736
159227541-stool1.freeze11.snv.mod.fix.bam	0.164600139308	0.0	0.00356907708671	0.00385956564601	0.00672142637492	0.453513785457	0.190798725006	0.18121135818	0.165734299978	0.163229101324	0.162777189757	0.19443326283	0.194538177751	0.194617300155	0.179145799565	0.179538172226	0.163315611882	0.163351500073	0.162993351317	0.161415335311	0.183984728806	0.18021653636	0.163203456081	0.15559482221	0.159041103933	0.179774192166	0.178252882195	0.177845054408	0.163295251415	0.163255278571	0.159899194034	0.159272055181	0.195936278126	0.158722406188	0.173455109878	0.184351624508	0.158904242694	0.163398478803	0.160683943799	0.16935357381	0.172847370609	0.161480113799	0.0056960265525	0.177170417257	0.160602949727	0.164557052867	0.160480448458	0.166473926306	0.0932440267773	0.173087909862	0.157728694709	0.163161385022	0.16405319051	0.172373306258	0.180064898428	0.163013636076	0.161307603655	0.176688480536	0.163601262293	0.162647749816	0.163592014207	0.164391297731	0.00584949433529	0.165837485223	0.165022876183	0.180588447934	0.162734013382	0.16348632564	0.164501472909	0.163016855644	0.158818512224	0.144378658466	0.00577327656161	0.176609021424	0.163778288153	0.163584052737	0.196085838069	0.19284067303	0.192149662669	0.190625629523	0.195700555763	0.195947771962	0.191618400599	0.195154884372	0.193091364046	0.194375666377	0.008607440993	0.0114784462328	0.00624595496698
159227541-stool2.freeze11.snv.mod.fix.bam	0.164192995502	0.00356907708671	0.0	0.00399875228972	0.00692982774142	0.453560280634	0.190547682602	0.180704723132	0.165393494247	0.162588982407	0.162163502579	0.194233423374	0.194310000236	0.194382209233	0.178792681763	0.179270198572	0.162628647998	0.162603351993	0.162340312555	0.161114386241	0.183731045244	0.179775595452	0.162539034804	0.155111198173	0.158719099678	0.17941436505	0.177848462645	0.177414582332	0.162664364842	0.162620865812	0.159530092539	0.158972894648	0.195485971638	0.158390344202	0.173012721698	0.183933440151	0.158610708749	0.162742087152	0.160282989522	0.168618504041	0.172380330285	0.160802998131	0.005932501798	0.176557235805	0.160112022118	0.163932239264	0.159992344753	0.166051431813	0.0927036466024	0.172606378827	0.157316331708	0.162374011878	0.163302239137	0.171823769758	0.179761809077	0.162327287015	0.160657745469	0.176213079691	0.163047733533	0.16193569789	0.162907995403	0.164013337778	0.00605153397372	0.165025760789	0.164297480534	0.180108478108	0.162275836037	0.162849238727	0.164206758776	0.162434269024	0.158539111389	0.143855136401	0.00583980164401	0.175992532066	0.163021426944	0.162771087054	0.195616884993	0.192363859375	0.191665234394	0.190124960857	0.195222579478	0.195475730855	0.191158438077	0.194683372464	0.192612339207	0.193912210295	0.00876403995401	0.0115869549449	0.00643630761048
159227541-stool3.freeze11.snv.mod.fix.bam	0.161843018589	0.00385956564601	0.00399875228972	0.0	0.00652730209667	0.454186378084	0.188335120718	0.178259155204	0.163442469874	0.157690311373	0.157333855054	0.192527462246	0.192020751667	0.192036848179	0.176691326046	0.176811845927	0.158171025112	0.158079096493	0.158317767133	0.159005798358	0.181315971162	0.176974759072	0.158206352786	0.152532916415	0.156283914993	0.177143244895	0.17554256747	0.174757874624	0.158044777361	0.15822645773	0.157101251	0.156609783631	0.192716269509	0.155916655237	0.170186168783	0.181298486655	0.156191836764	0.157778503714	0.15784920922	0.164190809613	0.169641866579	0.159200807679	0.00610468881236	0.174420866983	0.157786792887	0.161067783025	0.158073670334	0.164385205107	0.089115271659	0.170274202552	0.155331485212	0.157978341702	0.15891691301	0.168424613174	0.177203804586	0.157484840797	0.156368058112	0.173533191427	0.158527228593	0.157484379002	0.15816965365	0.161920274766	0.00571865670608	0.160472486884	0.159740111623	0.177859529407	0.160654826402	0.158097381817	0.162308543136	0.157793608822	0.156441110742	0.141229946058	0.00590993496833	0.173517035792	0.158614744755	0.158725824031	0.19265802659	0.189302775591	0.188708511016	0.187119820904	0.192231354984	0.192544183553	0.188174577911	0.191691827988	0.189550534984	0.1909223164	0.00773601408215	0.0105759999557	0.00552042169507
159288231-stool1.freeze11.snv.mod.fix.bam	0.164922683884	0.00672142637492	0.00692982774142	0.00652730209667	0.0	0.454294456148	0.191843947961	0.183195945329	0.166678629311	0.163741961635	0.163394366976	0.196149114655	0.195137371456	0.195018637967	0.180319240781	0.180241128939	0.164402442275	0.16456937894	0.164547884508	0.16263617682	0.185127446965	0.181813517427	0.164117392543	0.156539398436	0.15955772159	0.181049106754	0.179075682824	0.178122771794	0.164376858964	0.16454129523	0.160312630659	0.159646425965	0.196478766357	0.159059428402	0.173794274367	0.184534369928	0.158836510176	0.163927148621	0.160836789903	0.171095959784	0.173112568033	0.161805435921	0.00690823552437	0.178688506774	0.161872329271	0.166100072833	0.161775306927	0.167716062786	0.0943988637287	0.174547472531	0.158795179031	0.16466129774	0.165772769757	0.172923383737	0.180489807964	0.16357724817	0.162324346055	0.177921576513	0.164966261187	0.163871019335	0.164678093691	0.164721280771	0.00634143125531	0.167401653305	0.166794919993	0.181427558011	0.164469152868	0.164790076827	0.165630513734	0.1641563554	0.159267913979	0.145089807973	0.00661430363507	0.178226574838	0.165368468757	0.165437531759	0.196340573504	0.193115666037	0.192504182786	0.190986137848	0.195992678628	0.196175022149	0.191964020042	0.195500719741	0.193404069125	0.194695704256	0.00808221260476	0.0111004113806	0.00574645239686
159571453-stool1.freeze11.snv.mod.fix.bam	0.451923533803	0.453513785457	0.453560280634	0.454186378084	0.454294456148	0.0	0.450547103701	0.444509794142	0.451048009314	0.443246357618	0.443713414738	0.454398804906	0.454463834449	0.454145546018	0.44961028781	0.44979982729	0.444958884266	0.448098415621	0.445087803387	0.452258166291	0.450908275661	0.448777746264	0.443786976676	0.452118263078	0.451140336853	0.448107060588	0.448176698142	0.448135307438	0.443752841678	0.443605869266	0.450658063382	0.451032540148	0.445476782587	0.451540109377	0.448597784789	0.451013894965	0.451413629298	0.442849101038	0.452036645848	0.444978563837	0.449934804302	0.459841102032	0.453754938377	0.449621776777	0.45209713928	0.449633229375	0.453466167303	0.451728699371	0.451943814159	0.438414946981	0.451159453874	0.44721904593	0.44437926923	0.447075145293	0.44905631559	0.444401807243	0.444278616586	0.445124471351	0.44394728297	0.445976669443	0.444486281659	0.450634445194	0.452386567712	0.446712041193	0.444608283158	0.452423234184	0.454328347558	0.443166039275	0.453681515581	0.443332916758	0.450966397615	0.440446071627	0.453219313262	0.445786264853	0.448555589669	0.447086127434	0.446130920201	0.445889150224	0.447018475081	0.448184516525	0.445982024112	0.445584500916	0.446585514382	0.447542324667	0.446124820255	0.447234270599	0.45076824531	0.451656118605	0.451840720904
159632143-stool1.freeze11.snv.mod.fix.bam	0.188447163556	0.190798725006	0.190547682602	0.188335120718	0.191843947961	0.450547103701	0.0	0.203422190401	0.189807080937	0.189575217764	0.189693084313	0.00800594753188	0.00760051219652	0.00737980121814	0.132214430359	0.131963221163	0.190351751668	0.190330537656	0.189667184239	0.180979686507	0.00521386988672	0.0566364504579	0.189904224285	0.186055276312	0.189065338075	0.205850743515	0.204491305281	0.203918189374	0.189893882478	0.189841347459	0.18963325282	0.189465228249	0.217577615068	0.189081350628	0.19943501591	0.196551749462	0.189166042436	0.189456187395	0.180090332775	0.195103350315	0.19879236171	0.184331555573	0.190919041226	0.202676079328	0.18007127193	0.189967113896	0.180531853742	0.192421875067	0.190388680748	0.123094793421	0.18836992841	0.192172098591	0.190499265006	0.195012426362	0.133116598266	0.18928319443	0.18897007351	0.199108679361	0.190230572136	0.19165298412	0.190542502785	0.187993867138	0.188326995365	0.192566728221	0.191180642565	0.19428138168	0.18253614815	0.190103437114	0.191740651119	0.189598235973	0.189286851092	0.17553273518	0.190639078388	0.199033566811	0.192891215586	0.192891673758	0.217509959671	0.214627365416	0.213857229243	0.21289100264	0.217008337134	0.217518165816	0.213935838996	0.216739505838	0.214724947184	0.216353195886	0.191159337924	0.192426400719	0.189815237164
159713063-stool2.freeze11.snv.mod.fix.bam	0.182761806478	0.18121135818	0.180704723132	0.178259155204	0.183195945329	0.444509794142	0.203422190401	0.0	0.183396423434	0.119764886026	0.119997612875	0.206483817383	0.207552558739	0.207494060211	0.189200266932	0.190136107048	0.115683620251	0.117511371542	0.11628053552	0.182936932817	0.196722800342	0.177120714287	0.120011887802	0.182915983341	0.188661481779	0.189864517333	0.190048792597	0.190059004351	0.120165648721	0.119694815931	0.189743629411	0.189775839285	0.208158387522	0.189206407229	0.1807187888	0.190829323208	0.189655942325	0.119549473886	0.184011659244	0.122841877547	0.18869859813	0.181809750945	0.181030305559	0.183502028663	0.179255316733	0.161300482365	0.183593018188	0.183364415577	0.147123178339	0.183217701173	0.187593491877	0.120504835417	0.120412035637	0.0084044096695	0.190488692267	0.116363990519	0.115289714653	0.00816044764205	0.120162604446	0.120151602675	0.120692866939	0.183896582328	0.178098710236	0.122654521463	0.121215183632	0.188015699956	0.185132954179	0.119997509048	0.188006244161	0.119660010425	0.189340847252	0.163939650651	0.181077553809	0.00841875852647	0.120718522188	0.121018777488	0.207945015078	0.204551269415	0.204288655883	0.20257728878	0.207212346102	0.207855028174	0.203740240333	0.207179163875	0.204776707737	0.206415680589	0.179836471706	0.179970662609	0.179888577857
160319967-stool1.freeze11.snv.mod.fix.bam	0.0250589103146	0.165734299978	0.165393494247	0.163442469874	0.166678629311	0.451048009314	0.189807080937	0.183396423434	0.0	0.172877501807	0.172615774384	0.194123822505	0.193895927003	0.193770237766	0.185325482898	0.185609908496	0.173640467086	0.171840158517	0.171810631919	0.120818409108	0.184250291809	0.183248558116	0.172736046517	0.148555696251	0.15188693532	0.177766607719	0.176251514672	0.175633276736	0.173218320754	0.173200043165	0.152831326834	0.151946417661	0.198663027132	0.151506030737	0.170312051946	0.177320984059	0.151476271117	0.172951992179	0.119282968969	0.179367619881	0.176501682699	0.171462458219	0.165752661822	0.173497241053	0.120649826026	0.0798529750241	0.119814023356	0.0126795452811	0.17005561302	0.17110597236	0.150611525851	0.172674784188	0.173687583901	0.174212281112	0.185941407381	0.173337478535	0.171869977292	0.178966072343	0.173454115324	0.171857771964	0.173334848912	0.0248347557911	0.162902940039	0.17576210906	0.175037355913	0.174382383083	0.121951547803	0.173524043136	0.119596548093	0.172941644771	0.151724398721	0.150833826209	0.165533812959	0.178971030846	0.173122448648	0.173211484121	0.198149769911	0.195337765482	0.194905835186	0.194002654677	0.19742161541	0.198282984741	0.194854766647	0.197329968734	0.195696772725	0.19688857908	0.166276746537	0.167568072663	0.164726642397
160947100-stool1.freeze11.snv.mod.fix.bam	0.168636736405	0.163229101324	0.162588982407	0.157690311373	0.163741961635	0.443246357618	0.189575217764	0.119764886026	0.172877501807	0.0	0.00162777394613	0.194164887235	0.193123803021	0.192883131732	0.174767345414	0.174760189889	0.0189135361707	0.0213373185772	0.0225803261565	0.17528606747	0.180614668984	0.141538038834	0.0230346822107	0.163549894484	0.172133981578	0.181173549993	0.179603046211	0.178594285775	0.00256081679948	0.00340394225435	0.172042657904	0.172818864674	0.192177285752	0.171839754519	0.169379060031	0.180685691782	0.171714728227	0.00216153546823	0.173523827697	0.0109448702722	0.17500656694	0.162565244168	0.163405075496	0.175328609198	0.172843936674	0.111232529867	0.17433559744	0.173967794951	0.0742454968591	0.166108284273	0.171352288668	0.0220984676515	0.00422883173622	0.105426098078	0.175029519778	0.0171002352568	0.0166511456231	0.114334718358	0.00367570175926	0.0222904472694	0.00259450242168	0.170433503204	0.158282534202	0.00506071456019	0.00517867957233	0.175647186827	0.177235836334	0.00309799265737	0.173481235011	0.00232851844146	0.172598273499	0.150098603954	0.1632545993	0.11436636437	0.0227290845738	0.0239330837033	0.19061691332	0.187085568228	0.187036712451	0.184163432302	0.189727312566	0.191107655704	0.186070718235	0.189346819095	0.187612044216	0.187943734559	0.161785478425	0.161039959188	0.160698265298
161554003-stool2.freeze11.snv.mod.fix.bam	0.168499409155	0.162777189757	0.162163502579	0.157333855054	0.163394366976	0.443713414738	0.189693084313	0.119997612875	0.172615774384	0.00162777394613	0.0	0.194438247526	0.193344674292	0.193188036892	0.174635068163	0.174625974053	0.0179586934042	0.0205170789526	0.021884042895	0.175147698628	0.180780963536	0.141471532058	0.0223042270846	0.163428676651	0.172142035601	0.18123583416	0.179594308197	0.178510944592	0.00247433610494	0.00283192406911	0.172076398356	0.172896654604	0.191963690492	0.171846429671	0.169076488054	0.180714078667	0.171714229595	0.00204815294247	0.173277915493	0.0105100013517	0.174835882273	0.162231205202	0.163180594926	0.175006242954	0.172814427479	0.111095435603	0.173935728394	0.174014315758	0.0738567768734	0.165977638489	0.17137364541	0.0213405117872	0.00365608927563	0.105362248427	0.174893525678	0.0162426244871	0.0157039305968	0.114430180916	0.00341664207132	0.0215656257043	0.00235886391425	0.1705010455	0.158006085259	0.00471019716062	0.00493190530795	0.175614218083	0.177062227312	0.00297180607577	0.173477679808	0.00219027087332	0.17258352399	0.14978727675	0.162951728847	0.114422336652	0.0219812934413	0.0231993577016	0.190342501961	0.186845087806	0.186812071978	0.183992894306	0.189463594859	0.190866393934	0.185822090727	0.188944009371	0.187388894607	0.187594998861	0.161397163266	0.160663324521	0.160295096984
508703490-stool1.freeze11.snv.mod.fix.bam	0.193219966428	0.19443326283	0.194233423374	0.192527462246	0.196149114655	0.454398804906	0.00800594753188	0.206483817383	0.194123822505	0.194164887235	0.194438247526	0.0	0.00347869291823	0.00313110043059	0.135459963723	0.135883751047	0.194868561063	0.194622108219	0.193218077561	0.184894507415	0.00816446763902	0.0600837347699	0.194434345703	0.190922403429	0.193979294898	0.209504453046	0.208391941827	0.208610677357	0.194406255986	0.193940629111	0.194211268367	0.194008890992	0.22195372388	0.193691742865	0.20410255312	0.201313200055	0.193614318739	0.19423597136	0.184598102551	0.199399776397	0.20320956348	0.18829299339	0.194154016675	0.206569517519	0.184296005675	0.194142949936	0.184410176422	0.195911112012	0.194851070366	0.127031863738	0.192174915079	0.196397641151	0.194514007447	0.199525549732	0.13712889094	0.194221209154	0.193387966505	0.202653410384	0.194442388736	0.195702001003	0.195098677795	0.192402423654	0.192547229784	0.197176342433	0.195788966232	0.198821774308	0.185654357233	0.194539183089	0.195526976253	0.193963101351	0.193317869338	0.179807615149	0.194342243704	0.202570467314	0.196918964746	0.196614005223	0.222021344619	0.219029426108	0.21825310851	0.217386559607	0.221527460095	0.222083459807	0.218346803603	0.221188270794	0.219146968016	0.220928019655	0.196026547225	0.197362893506	0.194479734853
508703490-stool2.freeze11.snv.mod.fix.bam	0.191983289724	0.194538177751	0.194310000236	0.192020751667	0.195137371456	0.454463834449	0.00760051219652	0.207552558739	0.193895927003	0.193123803021	0.193344674292	0.00347869291823	0.0	0.0014129351458	0.135483453592	0.134373870772	0.194627944372	0.194385926992	0.19381665436	0.185005062269	0.00769439779387	0.060482482467	0.193162258913	0.190398731629	0.19254579337	0.209844127034	0.208004053976	0.207316840475	0.193214070497	0.194234271855	0.19314770186	0.19302742598	0.220842789556	0.192596813337	0.202826298458	0.200074583525	0.19243897245	0.193160477574	0.183358425984	0.199363992617	0.201897427768	0.186971726268	0.194414696152	0.206411109562	0.183967112213	0.193941514314	0.184196429439	0.195753272552	0.194499890172	0.126583249807	0.192096586613	0.196195786821	0.194554989226	0.198393950752	0.135876900894	0.19313525613	0.192977935755	0.202686136542	0.194389276514	0.195516689092	0.194422947802	0.191192484025	0.192046039002	0.196899725545	0.195740715783	0.198029313989	0.186138288343	0.194164546193	0.19552317888	0.19345599065	0.192973290678	0.178923559721	0.194485904209	0.202596283089	0.19672566188	0.196797895823	0.220796043258	0.21783871961	0.217073813977	0.216202960108	0.220314265988	0.220881622629	0.217163559778	0.219999487586	0.217953929506	0.219706379571	0.194813556356	0.196196227814	0.193248425983
508703490-stool3.freeze11.snv.mod.fix.bam	0.191783709597	0.194617300155	0.194382209233	0.192036848179	0.195018637967	0.454145546018	0.00737980121814	0.207494060211	0.193770237766	0.192883131732	0.193188036892	0.00313110043059	0.0014129351458	0.0	0.135267774609	0.134344732734	0.194550354076	0.194302090715	0.19372581612	0.184866755941	0.00746146360085	0.0604708586061	0.193238419554	0.190353018946	0.192696532704	0.209741145065	0.207877376379	0.207085501418	0.193376733444	0.194175866378	0.192973413754	0.192889653505	0.220742335978	0.192470508467	0.20264604176	0.199836001808	0.192176216268	0.192940753278	0.183091639096	0.199362538395	0.201731544554	0.186840719957	0.19444013404	0.206479319764	0.183925000838	0.193941172253	0.184199579662	0.195764369022	0.194512142203	0.126510533209	0.192136348019	0.196213696515	0.194570329976	0.198187083527	0.135551419405	0.192928938734	0.192902962878	0.202560319158	0.194325812345	0.195392156664	0.194298728695	0.190925287561	0.192002050957	0.196961485248	0.1957895952	0.197900575082	0.186163911254	0.194045700657	0.195366665537	0.193302776782	0.192823839666	0.178790492357	0.194505717155	0.202564047875	0.196732108024	0.196856642874	0.220556315605	0.217620972111	0.216880656961	0.216021667702	0.220091751085	0.220662233297	0.21695324271	0.219785064998	0.217744295753	0.219514866534	0.194599722793	0.195974471523	0.193043854967
675950834-stool1.freeze11.snv.mod.fix.bam	0.18409446819	0.179145799565	0.178792681763	0.176691326046	0.180319240781	0.44961028781	0.132214430359	0.189200266932	0.185325482898	0.174767345414	0.174635068163	0.135459963723	0.135483453592	0.135267774609	0.0	0.00410154797652	0.175176294228	0.174297165593	0.17378554468	0.180594371475	0.12819657174	0.143434161715	0.176790511836	0.18317080049	0.186499185703	0.198994099938	0.197760450416	0.197488440544	0.175423099515	0.175097774356	0.18664444566	0.186823980837	0.210269672163	0.186355417528	0.193304987771	0.190934609705	0.1862538594	0.174798377266	0.17957066052	0.180702132178	0.190064700221	0.176717388063	0.179034661773	0.196755181836	0.180523686896	0.182376375395	0.180201346967	0.186097978772	0.177960370996	0.12959521107	0.185503867671	0.175993251602	0.17637648343	0.181103427661	0.00420787528561	0.174087953292	0.173652431308	0.184844074159	0.175661483909	0.175578244307	0.175596550433	0.18387661805	0.176980797175	0.178204246677	0.177181932543	0.188043796449	0.182010502175	0.175412131248	0.183480587089	0.174817332889	0.186348730237	0.170929384097	0.179147243176	0.184870715937	0.17676656035	0.176848150536	0.209816285748	0.20719738335	0.206680899169	0.205774847024	0.209390478541	0.209949946008	0.206543021658	0.209125871807	0.207510456075	0.208211843413	0.179751450132	0.18098604669	0.178422559627
675950834-stool2.freeze11.snv.mod.fix.bam	0.183842735702	0.179538172226	0.179270198572	0.176811845927	0.180241128939	0.44979982729	0.131963221163	0.190136107048	0.185609908496	0.174760189889	0.174625974053	0.135883751047	0.134373870772	0.134344732734	0.00410154797652	0.0	0.175584669616	0.174819291728	0.174629091867	0.181140335696	0.128053297159	0.143817284394	0.176345894704	0.183340443516	0.185980495869	0.199646541391	0.19807840271	0.197283247768	0.175041775207	0.175840454225	0.186562813141	0.186809625028	0.210106630223	0.186303033073	0.193140605718	0.190721859597	0.186157623417	0.174772580086	0.179416157864	0.181005608171	0.189836078911	0.176595189839	0.179545580218	0.197025601325	0.1805681995	0.182605093348	0.180298854621	0.186204583721	0.178160834474	0.129423586675	0.185696237994	0.17615936832	0.1767902673	0.181067765179	0.00376987997593	0.174071266118	0.1740244352	0.185435909462	0.176195799003	0.175980016349	0.175837926011	0.183739646818	0.177173623299	0.178438914091	0.177524775923	0.188143794957	0.182442279675	0.175810585815	0.18396982454	0.175139990198	0.186706247508	0.171019606416	0.179474061882	0.185321659059	0.177009061989	0.177185270408	0.209624873509	0.207032564202	0.206452552018	0.205594907855	0.209183464438	0.209727411329	0.206352287363	0.208949449815	0.207295473547	0.207998764107	0.179571446432	0.180806347912	0.178227231269
763496533-stool2.freeze11.snv.mod.fix.bam	0.169849541708	0.163315611882	0.162628647998	0.158171025112	0.164402442275	0.444958884266	0.190351751668	0.115683620251	0.173640467086	0.0189135361707	0.0179586934042	0.194868561063	0.194627944372	0.194550354076	0.175176294228	0.175584669616	0.0	0.0125442871988	0.0129739502825	0.175181846071	0.181780778034	0.14237091555	0.0247598333737	0.163889674285	0.172642953572	0.179591862197	0.178869299292	0.178021834269	0.0193029362918	0.0192176872057	0.173053616354	0.173705874304	0.19197587203	0.172705088493	0.168486759325	0.180053660499	0.172836766658	0.0188727951356	0.174693143404	0.0249112514437	0.174941332027	0.163519925328	0.163346201824	0.173234193449	0.172047127589	0.117205395358	0.174471976539	0.17455353626	0.0826388827388	0.16583798645	0.171519364092	0.0127612889189	0.0200897571595	0.103883355153	0.176026248412	0.00533956131657	0.00559466657555	0.11211413369	0.0198916166369	0.0131361363414	0.0193644399289	0.171735059355	0.158579039659	0.0208170335312	0.0206886703982	0.175736065412	0.177255164849	0.0195291119989	0.174804529085	0.0191089274393	0.173225158412	0.152094370295	0.163088244175	0.111867817266	0.0135052612313	0.0140282769365	0.190710641153	0.187154932242	0.187012588817	0.184184511066	0.189761943419	0.191144404825	0.186041118796	0.189275796013	0.187613065517	0.188095072166	0.161669442566	0.160770914184	0.161164561617
763536994-stool1.freeze11.snv.mod.fix.bam	0.167551745043	0.163351500073	0.162603351993	0.158079096493	0.16456937894	0.448098415621	0.190330537656	0.117511371542	0.171840158517	0.0213373185772	0.0205170789526	0.194622108219	0.194385926992	0.194302090715	0.174297165593	0.174819291728	0.0125442871988	0.0	0.00316828296618	0.171564702683	0.181551183955	0.143084775439	0.0279086626294	0.163104253988	0.171888046435	0.179214100437	0.177929234883	0.177361939984	0.0220259059705	0.0217995232871	0.171868222109	0.172543497172	0.191120603082	0.171566893584	0.166619179951	0.180787649588	0.171653865319	0.0215562989291	0.170452387888	0.0292573963901	0.173869928498	0.162251341813	0.163307697481	0.171385324696	0.169175337761	0.116665017816	0.170615934368	0.172702405005	0.0841523980579	0.165152091345	0.170491842392	0.0159948256352	0.0227326327476	0.104022022846	0.175157376696	0.0116389374633	0.0102446625334	0.112218950907	0.022494801546	0.0161924835574	0.0218761644142	0.16940210122	0.158607168762	0.0236731066391	0.0237754959246	0.175289179926	0.173157240663	0.0220839047606	0.171800435674	0.0215448860796	0.172075857209	0.151387136409	0.163228525303	0.112007411109	0.0165792802956	0.0173034763096	0.189908410421	0.186201786432	0.186156524656	0.183205280465	0.188862803049	0.190357301906	0.185083415261	0.188353847646	0.186691441181	0.187232680524	0.16285982753	0.162149003653	0.161762384272
763536994-stool3.freeze11.snv.mod.fix.bam	0.167920708702	0.162993351317	0.162340312555	0.158317767133	0.164547884508	0.445087803387	0.189667184239	0.11628053552	0.171810631919	0.0225803261565	0.021884042895	0.193218077561	0.19381665436	0.19372581612	0.17378554468	0.174629091867	0.0129739502825	0.00316828296618	0.0	0.171021416631	0.180939298734	0.1425268928	0.0287460758325	0.163306211394	0.171756227329	0.178364999139	0.177282525975	0.177205754401	0.023040879163	0.0226354998968	0.17184394034	0.172381997706	0.19068385317	0.171507790424	0.166432207683	0.18063161123	0.171580033503	0.0228423053307	0.170385327182	0.0303408928125	0.173511744934	0.162512427205	0.162959771261	0.170886915941	0.168998773643	0.117129450041	0.170223811925	0.172321683366	0.0850459183321	0.165030992276	0.170042965514	0.0163567586958	0.023610583717	0.10421909747	0.175118206168	0.0122277944427	0.0104970322032	0.111587636236	0.0233850304292	0.016444581438	0.0231168755707	0.169536913105	0.158759705639	0.024789175292	0.0247465349259	0.175274136778	0.172395753021	0.0232521219441	0.171275078566	0.0226065663276	0.171537674955	0.151607816424	0.162870428751	0.111420557206	0.016878186763	0.0174024225457	0.189576489223	0.185939081566	0.185798251193	0.182969652661	0.18848915877	0.189984284141	0.184791928681	0.188099035756	0.186385846246	0.186925089687	0.162994974071	0.162277147036	0.16188705214
763860675-stool2.freeze11.snv.mod.fix.bam	0.120520950673	0.161415335311	0.161114386241	0.159005798358	0.16263617682	0.452258166291	0.180979686507	0.182936932817	0.120818409108	0.17528606747	0.175147698628	0.184894507415	0.185005062269	0.184866755941	0.180594371475	0.181140335696	0.175181846071	0.171564702683	0.171021416631	0.0	0.17476952078	0.177257160708	0.17758077286	0.14308584985	0.145473828013	0.180147169128	0.179132239813	0.178555035589	0.175835816776	0.17552530194	0.146788691403	0.145526186528	0.196806026199	0.145097150516	0.171504687491	0.180021134839	0.145387471018	0.17508719907	0.00514049559903	0.180882888867	0.175962612852	0.172088916723	0.161463908918	0.176692294072	0.0118893777908	0.141850896937	0.00629160870358	0.121938306849	0.169854217407	0.169849726661	0.144468494567	0.175696990304	0.176221761352	0.175359032189	0.181442019735	0.174979341759	0.173926565458	0.179731604468	0.1760212026	0.174563162731	0.175749410493	0.120164116051	0.158624127802	0.179004454225	0.177189325333	0.177705708179	0.00691858989313	0.175718277815	0.121948466936	0.175369313722	0.145531162464	0.154849107496	0.161308868803	0.179915947861	0.176310294648	0.176129253182	0.196256060889	0.193509447002	0.193406936376	0.191759995913	0.195478666056	0.196491435418	0.193077244425	0.195472910487	0.194132807679	0.195123970891	0.161441526322	0.162210329636	0.160405917237
763901136-stool1.freeze11.snv.mod.fix.bam	0.182264058853	0.183984728806	0.183731045244	0.181315971162	0.185127446965	0.450908275661	0.00521386988672	0.196722800342	0.184250291809	0.180614668984	0.180780963536	0.00816446763902	0.00769439779387	0.00746146360085	0.12819657174	0.128053297159	0.181780778034	0.181551183955	0.180939298734	0.17476952078	0.0	0.0483942483234	0.181056362034	0.17945424111	0.182678210059	0.200161211978	0.198562282373	0.198045303758	0.181219583849	0.181224400893	0.182806670224	0.182745513406	0.21144456616	0.18225852604	0.193188964697	0.191348745284	0.182164512491	0.180725924361	0.173561764433	0.186769309529	0.192617712037	0.179131709824	0.184019829428	0.196756814147	0.174003635218	0.182607867922	0.174162376391	0.186336874169	0.182584610031	0.119296929114	0.181325421433	0.183384475381	0.181833127062	0.187608976398	0.129203195278	0.180648842364	0.180139395273	0.191991345363	0.181585438175	0.182797975719	0.181696700485	0.181727125071	0.181455406985	0.184264364795	0.183020833029	0.188788369264	0.176174890687	0.181299824864	0.185329482222	0.180703905773	0.182477735797	0.168704041536	0.184071047318	0.19190041274	0.184043512482	0.18417079849	0.211296837782	0.208298927282	0.207502966655	0.206561856358	0.210759387804	0.211387182308	0.20757110527	0.210379853525	0.20846918004	0.210124277394	0.18460046124	0.185728285931	0.183112279511
763901136-stool2.freeze11.snv.mod.fix.bam	0.180982635408	0.18021653636	0.179775595452	0.176974759072	0.181813517427	0.448777746264	0.0566364504579	0.177120714287	0.183248558116	0.141538038834	0.141471532058	0.0600837347699	0.060482482467	0.0604708586061	0.143434161715	0.143817284394	0.14237091555	0.143084775439	0.1425268928	0.177257160708	0.0483942483234	0.0	0.137032240863	0.176629582937	0.182270033883	0.195070333164	0.194177306053	0.194061701642	0.141971633796	0.141615681544	0.182680939466	0.182841261581	0.207439157701	0.182184303458	0.188228068462	0.190698221248	0.182392241396	0.141618130582	0.176796048723	0.147185754212	0.189266509616	0.176538111454	0.180314149892	0.19176867009	0.175732079024	0.145895236362	0.176965584065	0.185085027118	0.142417410312	0.133947211315	0.180850769297	0.144465906168	0.142318805502	0.168073864782	0.145391430786	0.14160205812	0.140896622842	0.173283624552	0.142134640299	0.144087804845	0.142244937979	0.181435445004	0.17712032973	0.14438363957	0.143426726229	0.187084562443	0.178803126758	0.142045032683	0.185094404279	0.141456663849	0.182350793058	0.166459556462	0.180289110131	0.173137995652	0.145110136567	0.145270678611	0.206978621643	0.203752797244	0.203117543273	0.201574164806	0.206261564598	0.20717156436	0.202997059919	0.205993974354	0.204068997527	0.205388932181	0.180594874464	0.181019166932	0.179488671741
763921366-stool3.freeze11.snv.mod.fix.bam	0.169551299396	0.163203456081	0.162539034804	0.158206352786	0.164117392543	0.443786976676	0.189904224285	0.120011887802	0.172736046517	0.0230346822107	0.0223042270846	0.194434345703	0.193162258913	0.193238419554	0.176790511836	0.176345894704	0.0247598333737	0.0279086626294	0.0287460758325	0.17758077286	0.181056362034	0.137032240863	0.0	0.165270808901	0.173118252811	0.176468869664	0.174905837084	0.174108466596	0.0232168835859	0.024069217468	0.17369061467	0.174196592847	0.188617070672	0.17329085879	0.165698398247	0.180912941798	0.173394420903	0.0233408668149	0.17608239366	0.0312755293254	0.170997059247	0.161731365971	0.163312472086	0.17083929535	0.17496875081	0.118698481604	0.176343787689	0.173318128766	0.0857269181351	0.1670311054	0.172452633435	0.0281200772562	0.0242421158127	0.106442138521	0.177252505721	0.0234235338396	0.0226636750395	0.114752636527	0.0244928180439	0.0285052243693	0.0236955498956	0.171058207758	0.158741906316	0.0255168606471	0.0257543807146	0.175857735485	0.17912666467	0.0242812249274	0.175345031042	0.0234397018178	0.173967083601	0.152141325864	0.163236289488	0.11444029515	0.0288142999329	0.029587895863	0.187280832244	0.183865582717	0.183719160903	0.180870977669	0.186266442307	0.187706343092	0.182797191968	0.185876359442	0.184327366751	0.184646148081	0.162173078071	0.161706711242	0.161176350409
764508039-stool1.freeze11.snv.mod.fix.bam	0.148287250349	0.15559482221	0.155111198173	0.152532916415	0.156539398436	0.452118263078	0.186055276312	0.182915983341	0.148555696251	0.163549894484	0.163428676651	0.190922403429	0.190398731629	0.190353018946	0.18317080049	0.183340443516	0.163889674285	0.163104253988	0.163306211394	0.14308584985	0.17945424111	0.176629582937	0.165270808901	0.0	0.00573255659063	0.176151767872	0.175585480314	0.174599203715	0.164028104731	0.16393840936	0.00921298397218	0.00909280027719	0.195089487406	0.00913885312112	0.172787030085	0.186603590452	0.00909324038205	0.163164924177	0.142170461183	0.168109596274	0.174369089953	0.170019961621	0.155629798206	0.176810496029	0.14156756514	0.15385768261	0.142654117977	0.150548162782	0.159599960979	0.165669915946	0.0114958873983	0.165750644657	0.164326155167	0.174712269623	0.183622273266	0.163042573811	0.162657759802	0.179748579127	0.164373925527	0.165152591419	0.163816245739	0.148234360814	0.152563026537	0.166509711842	0.164340508547	0.183653938181	0.145150609194	0.163948808957	0.151795090896	0.163580301266	0.00943288387865	0.150083114972	0.15545418837	0.179671747266	0.166418308046	0.166516813636	0.194724060136	0.191725165959	0.19106536463	0.18961256467	0.194095716587	0.194957015043	0.19089177362	0.19390680072	0.192018801196	0.193002575856	0.154458732955	0.154828051591	0.154042857425
764508039-stool2.freeze11.snv.mod.fix.bam	0.151339615023	0.159041103933	0.158719099678	0.156283914993	0.15955772159	0.451140336853	0.189065338075	0.188661481779	0.15188693532	0.172133981578	0.172142035601	0.193979294898	0.19254579337	0.192696532704	0.186499185703	0.185980495869	0.172642953572	0.171888046435	0.171756227329	0.145473828013	0.182678210059	0.182270033883	0.173118252811	0.00573255659063	0.0	0.179110577656	0.178083685965	0.177056160795	0.172176169893	0.173059088814	0.00601139030563	0.00578362215247	0.19825415971	0.00596332592804	0.176153777066	0.189876974837	0.0055401467592	0.171853396109	0.143917674853	0.177997526137	0.176899174744	0.172588633225	0.159063478738	0.180382723749	0.144276506497	0.160109166574	0.144627236887	0.153124921128	0.166972620625	0.168806510556	0.00833456882385	0.174114836304	0.173116388764	0.179992963181	0.186554214486	0.171671518953	0.171061779853	0.184841498499	0.173418447267	0.173488589784	0.172794100644	0.151032036114	0.156437636647	0.175593231282	0.173569548628	0.187242835207	0.147152621886	0.172996010521	0.154958029439	0.172464099309	0.00617019560379	0.153067965533	0.158916157319	0.18462250952	0.174781166527	0.174820225667	0.198012974725	0.195185631002	0.194591276864	0.193339839157	0.197405521733	0.198249863727	0.194399485841	0.197297849422	0.195434121028	0.196594796123	0.158540295329	0.159646692422	0.157396327879
765074482-stool1.freeze11.snv.mod.fix.bam	0.176789729426	0.179774192166	0.17941436505	0.177143244895	0.181049106754	0.448107060588	0.205850743515	0.189864517333	0.177766607719	0.181173549993	0.18123583416	0.209504453046	0.209844127034	0.209741145065	0.198994099938	0.199646541391	0.179591862197	0.179214100437	0.178364999139	0.180147169128	0.200161211978	0.195070333164	0.176468869664	0.176151767872	0.179110577656	0.0	0.0049490121699	0.00481683747639	0.181678392237	0.18125454198	0.180021842112	0.179919605876	0.141883966653	0.179663571952	0.0386776253275	0.17364006113	0.179808067022	0.180766966203	0.179731509793	0.18596014999	0.0415763970165	0.0390436980551	0.179883250383	0.0409318521085	0.179015453074	0.179299169259	0.180298831063	0.179434254022	0.181404392317	0.179034654038	0.17861023798	0.179274409896	0.181946340322	0.183357760662	0.199836549763	0.17875406222	0.178209973193	0.187293645512	0.181473854042	0.178590395472	0.181921001338	0.176935440628	0.176724107964	0.184829829099	0.182877232846	0.171335986153	0.182077815925	0.18150798142	0.179109012145	0.181231726093	0.17963291796	0.16292398174	0.17970567259	0.187441654763	0.180144511293	0.179792325412	0.141617371472	0.139793345628	0.139113696658	0.137638468403	0.141503415878	0.141757963065	0.1388465989	0.141140509145	0.13967303447	0.140712748242	0.178891801437	0.179797127535	0.178068844733
