	147406386-tonguedorsum3.freeze11.snv.mod.fix.bam	159227541-tonguedorsum3.freeze11.snv.mod.fix.bam	159551223-tonguedorsum1.freeze11.snv.mod.fix.bam	159551223-tonguedorsum2.freeze11.snv.mod.fix.bam	160259276-tonguedorsum1.freeze11.snv.mod.fix.bam	160319967-tonguedorsum2.freeze11.snv.mod.fix.bam	160582958-tonguedorsum2.freeze11.snv.mod.fix.bam	370027359-palatinetonsils2.freeze11.snv.mod.fix.bam	370027359-tonguedorsum3.freeze11.snv.mod.fix.bam	638754422-tonguedorsum1.freeze11.snv.mod.fix.bam	638754422-tonguedorsum3.freeze11.snv.mod.fix.bam	675950834-tonguedorsum2.freeze11.snv.mod.fix.bam	737052003-tonguedorsum2.freeze11.snv.mod.fix.bam	763536994-tonguedorsum3.freeze11.snv.mod.fix.bam	763577454-tonguedorsum2.freeze11.snv.mod.fix.bam	763982056-tonguedorsum1.freeze11.snv.mod.fix.bam	763982056-tonguedorsum2.freeze11.snv.mod.fix.bam	763982056-tonguedorsum3.freeze11.snv.mod.fix.bam	764325968-tonguedorsum2.freeze11.snv.mod.fix.bam	764366428-throat2.freeze11.snv.mod.fix.bam	764588959-tonguedorsum2.freeze11.snv.mod.fix.bam	764811490-tonguedorsum1.freeze11.snv.mod.fix.bam	765013792-tonguedorsum3.freeze11.snv.mod.fix.bam	765195863-palatinetonsils3.freeze11.snv.mod.fix.bam	765195863-tonguedorsum3.freeze11.snv.mod.fix.bam	765620695-tonguedorsum1.freeze11.snv.mod.fix.bam	857980665-tonguedorsum2.freeze11.snv.mod.fix.bam	857980665-tonguedorsum3.freeze11.snv.mod.fix.bam	863126187-tonguedorsum3.freeze11.snv.mod.fix.bam
147406386-tonguedorsum3.freeze11.snv.mod.fix.bam	0.0	0.122566267886	0.197999396803	0.197245400623	0.188465533997	0.186672698636	0.177859321068	0.125213632251	0.121158808351	0.176669682651	0.184578264803	0.193793773667	0.171911128984	0.162058912235	0.137327837539	0.188130424584	0.182366542676	0.183087027915	0.181512013672	0.192000938306	0.190593478771	0.173670453403	0.193207332194	0.128866324855	0.138031567307	0.182148721558	0.182986495091	0.161053583995	0.139539559666
159227541-tonguedorsum3.freeze11.snv.mod.fix.bam	0.122566267886	0.0	0.141969102912	0.141114573908	0.127793974733	0.129268456151	0.125716296371	0.0676250795885	0.0613082671492	0.113987466908	0.125582252605	0.13050836098	0.114473375557	0.110770416541	0.0887202171509	0.128547970913	0.123236486713	0.123554840655	0.113082671492	0.132937904226	0.134998827117	0.0710934620153	0.133675144935	0.0776951174558	0.0837438423645	0.1229013773	0.125783318253	0.101018732616	0.0846318823096
159551223-tonguedorsum1.freeze11.snv.mod.fix.bam	0.197999396803	0.141969102912	0.0	3.35109413223e-05	0.183589692034	0.18146174726	0.17713883583	0.135199892765	0.131128313394	0.178177675011	0.183857779565	0.155406990382	0.172363526691	0.172849435341	0.148403203646	0.186924030696	0.180473174491	0.18169632385	0.183706980329	0.184427465568	0.115612747562	0.183304849033	0.188599577762	0.118008779867	0.12518012131	0.176468617003	0.178713850072	0.162477799001	0.14900640059
159551223-tonguedorsum2.freeze11.snv.mod.fix.bam	0.197245400623	0.141114573908	3.35109413223e-05	0.0	0.182751918501	0.180640729198	0.176267551356	0.134630206763	0.130424583627	0.177205857713	0.183003250561	0.154803793439	0.171726818806	0.172229482926	0.147515163701	0.186136523575	0.179719178312	0.180774772963	0.183036761503	0.183908045977	0.115143594384	0.182617874736	0.187812070641	0.117489360276	0.124526657954	0.175915686472	0.17789283201	0.161908112999	0.148235648939
160259276-tonguedorsum1.freeze11.snv.mod.fix.bam	0.188465533997	0.127793974733	0.183589692034	0.182751918501	0.0	0.163600415536	0.164555477363	0.115277638149	0.111340102543	0.164287389833	0.172799168929	0.180138065078	0.159847190108	0.158590529808	0.135116115412	0.171006333568	0.165560805603	0.166733688549	0.169649140444	0.173754230756	0.176334573238	0.175429777822	0.17765825542	0.120287523877	0.128883080326	0.168493012969	0.169900472504	0.152592071311	0.13075969304
160319967-tonguedorsum2.freeze11.snv.mod.fix.bam	0.186672698636	0.129268456151	0.18146174726	0.180640729198	0.163600415536	0.0	0.161070339466	0.118477933045	0.11226165343	0.160282832345	0.167018531551	0.175312489528	0.156378807681	0.159729901813	0.134965316176	0.168978921618	0.163181528769	0.164588988305	0.167320130022	0.169431319326	0.17206192822	0.1675044402	0.171341442981	0.119717837874	0.128279883382	0.164086324185	0.16649911196	0.148486980999	0.130089474213
160582958-tonguedorsum2.freeze11.snv.mod.fix.bam	0.177859321068	0.125716296371	0.17713883583	0.176267551356	0.164555477363	0.161070339466	0.0	0.117556382159	0.113585335612	0.16016554405	0.167236352669	0.171257665628	0.153614155022	0.150011728829	0.130876981334	0.166164002547	0.160651452699	0.161472470762	0.165912670487	0.167789283201	0.170486913977	0.169850206092	0.169850206092	0.118662243222	0.127056734024	0.162712375591	0.162796152944	0.150883013304	0.129184678798
370027359-palatinetonsils2.freeze11.snv.mod.fix.bam	0.125213632251	0.0676250795885	0.135199892765	0.134630206763	0.115277638149	0.118477933045	0.117556382159	0.0	0.00192687912603	0.104621158808	0.12062263329	0.123320264066	0.102158104621	0.102928856272	0.0776280955732	0.120052947287	0.114473375557	0.115210616266	0.106062129285	0.123940216481	0.126671358198	0.11986863711	0.126386515197	0.0665192185248	0.0715291042525	0.114389598204	0.116417010154	0.08743004591	0.0681612546496
370027359-tonguedorsum3.freeze11.snv.mod.fix.bam	0.121158808351	0.0613082671492	0.131128313394	0.130424583627	0.111340102543	0.11226165343	0.113585335612	0.00192687912603	0.0	0.0983211018398	0.115394926443	0.117740692336	0.0964947555377	0.0994604738447	0.0738413592038	0.113769645789	0.108173318589	0.108759760062	0.0993264300794	0.119298951108	0.122080359237	0.1107369056	0.121292852116	0.0610066686773	0.0649609597534	0.107687409939	0.110586106364	0.0806105693509	0.0617271539158
638754422-tonguedorsum1.freeze11.snv.mod.fix.bam	0.176669682651	0.113987466908	0.178177675011	0.177205857713	0.164287389833	0.160282832345	0.16016554405	0.104621158808	0.0983211018398	0.0	0.0100700378674	0.170989578097	0.150464126537	0.151335411012	0.124359103247	0.160232565933	0.15458597232	0.155641566972	0.163633926477	0.167873060554	0.16929727556	0.163097751416	0.115595992091	0.112848094903	0.119382728461	0.160048255756	0.163566904594	0.141701015382	0.116048389799
638754422-tonguedorsum3.freeze11.snv.mod.fix.bam	0.184578264803	0.125582252605	0.183857779565	0.183003250561	0.172799168929	0.167018531551	0.167236352669	0.12062263329	0.115394926443	0.0100700378674	0.0	0.179115981368	0.160065011226	0.160065011226	0.137177038303	0.168258436379	0.162628598237	0.163633926477	0.174122851111	0.17410609564	0.176485372474	0.168794611441	0.121594450588	0.123085687477	0.131396400925	0.16725310814	0.171173888275	0.154250862907	0.133239502698
675950834-tonguedorsum2.freeze11.snv.mod.fix.bam	0.193793773667	0.13050836098	0.155406990382	0.154803793439	0.180138065078	0.175312489528	0.171257665628	0.123320264066	0.117740692336	0.170989578097	0.179115981368	0.0	0.165828893134	0.163114506886	0.139087161958	0.179635400958	0.173871519051	0.174122851111	0.17816091954	0.180138065078	0.145538018163	0.17968566737	0.18374049127	0.0617774203277	0.0662511309943	0.172095439161	0.175413022352	0.160333098757	0.138199122013
737052003-tonguedorsum2.freeze11.snv.mod.fix.bam	0.171911128984	0.114473375557	0.172363526691	0.171726818806	0.159847190108	0.156378807681	0.153614155022	0.102158104621	0.0964947555377	0.150464126537	0.160065011226	0.165828893134	0.0	0.146141215107	0.121108541939	0.159361281458	0.153932508964	0.155272946617	0.156663650682	0.162176200529	0.164873831306	0.163030729533	0.165627827486	0.108826781944	0.116031634329	0.0894742133307	0.157400891391	0.136205221005	0.119500016755
763536994-tonguedorsum3.freeze11.snv.mod.fix.bam	0.162058912235	0.110770416541	0.172849435341	0.172229482926	0.158590529808	0.159729901813	0.150011728829	0.102928856272	0.0994604738447	0.151335411012	0.160065011226	0.163114506886	0.146141215107	0.0	0.100901444322	0.163332328005	0.157501424215	0.158071110217	0.151435943836	0.164957608659	0.16599644784	0.16167353641	0.167219597198	0.112395697195	0.118193090044	0.155172413793	0.157903555511	0.138517475956	0.118193090044
763577454-tonguedorsum2.freeze11.snv.mod.fix.bam	0.137327837539	0.0887202171509	0.148403203646	0.147515163701	0.135116115412	0.134965316176	0.130876981334	0.0776280955732	0.0738413592038	0.124359103247	0.137177038303	0.139087161958	0.121108541939	0.100901444322	0.0	0.13684192889	0.131145068865	0.131563955632	0.128062062263	0.140662176201	0.140092490198	0.137244060186	0.143812204685	0.0883515967964	0.0940987232331	0.132653061224	0.13406052076	0.111524412721	0.092423176167
763982056-tonguedorsum1.freeze11.snv.mod.fix.bam	0.188130424584	0.128547970913	0.186924030696	0.186136523575	0.171006333568	0.168978921618	0.166164002547	0.120052947287	0.113769645789	0.160232565933	0.168258436379	0.179635400958	0.159361281458	0.163332328005	0.13684192889	0.0	5.02664119835e-05	0.00162528065413	0.170352870212	0.172497570457	0.178227941423	0.169984249858	0.173972051875	0.120002680875	0.128246372441	0.166231024429	0.169816695151	0.156093964679	0.128916591267
763982056-tonguedorsum2.freeze11.snv.mod.fix.bam	0.182366542676	0.123236486713	0.180473174491	0.179719178312	0.165560805603	0.163181528769	0.160651452699	0.114473375557	0.108173318589	0.15458597232	0.162628598237	0.173871519051	0.153932508964	0.157501424215	0.131145068865	5.02664119835e-05	0.0	0.00139070406488	0.164404678127	0.166549378372	0.171743574277	0.164438189069	0.168794611441	0.11480848497	0.123018665594	0.16066820817	0.163784725713	0.150464126537	0.12342079689
763982056-tonguedorsum3.freeze11.snv.mod.fix.bam	0.183087027915	0.123554840655	0.18169632385	0.180774772963	0.166733688549	0.164588988305	0.161472470762	0.115210616266	0.108759760062	0.155641566972	0.163633926477	0.174122851111	0.155272946617	0.158071110217	0.131563955632	0.00162528065413	0.00139070406488	0.0	0.165410006367	0.167671994906	0.172866190811	0.164890586777	0.169565363091	0.115076572501	0.122968399182	0.162662109179	0.164337656245	0.150883013304	0.124576924366
764325968-tonguedorsum2.freeze11.snv.mod.fix.bam	0.181512013672	0.113082671492	0.183706980329	0.183036761503	0.169649140444	0.167320130022	0.165912670487	0.106062129285	0.0993264300794	0.163633926477	0.174122851111	0.17816091954	0.156663650682	0.151435943836	0.128062062263	0.170352870212	0.164404678127	0.165410006367	0.0	0.171240910157	0.174910358232	0.157065781978	0.178244696894	0.115026306089	0.122867866358	0.166029958782	0.167035287021	0.142890653798	0.125280654134
764366428-throat2.freeze11.snv.mod.fix.bam	0.192000938306	0.132937904226	0.184427465568	0.183908045977	0.173754230756	0.169431319326	0.167789283201	0.123940216481	0.119298951108	0.167873060554	0.17410609564	0.180138065078	0.162176200529	0.164957608659	0.140662176201	0.172497570457	0.166549378372	0.167671994906	0.171240910157	0.0	0.173804497168	0.172296504809	0.174709292584	0.124007238363	0.133407057404	0.166147247076	0.0937133474079	0.147364364465	0.139539559666
764588959-tonguedorsum2.freeze11.snv.mod.fix.bam	0.190593478771	0.134998827117	0.115612747562	0.115143594384	0.176334573238	0.17206192822	0.170486913977	0.126671358198	0.122080359237	0.16929727556	0.176485372474	0.145538018163	0.164873831306	0.16599644784	0.140092490198	0.178227941423	0.171743574277	0.172866190811	0.174910358232	0.173804497168	0.0	0.173016990047	0.180473174491	0.111842766663	0.118695754164	0.17105659998	0.172665125163	0.154921081733	0.141784792735
764811490-tonguedorsum1.freeze11.snv.mod.fix.bam	0.173670453403	0.0710934620153	0.183304849033	0.182617874736	0.175429777822	0.1675044402	0.169850206092	0.11986863711	0.1107369056	0.163097751416	0.168794611441	0.17968566737	0.163030729533	0.16167353641	0.137244060186	0.169984249858	0.164438189069	0.164890586777	0.157065781978	0.172296504809	0.173016990047	0.0	0.171793840689	0.112094098723	0.123437552361	0.163985791361	0.16726986361	0.151318655541	0.132770349519
765013792-tonguedorsum3.freeze11.snv.mod.fix.bam	0.193207332194	0.133675144935	0.188599577762	0.187812070641	0.17765825542	0.171341442981	0.169850206092	0.126386515197	0.121292852116	0.115595992091	0.121594450588	0.18374049127	0.165627827486	0.167219597198	0.143812204685	0.173972051875	0.168794611441	0.169565363091	0.178244696894	0.174709292584	0.180473174491	0.171793840689	0.0	0.128078817734	0.136557085889	0.171358198452	0.173921785463	0.157317114038	0.139790891726
765195863-palatinetonsils3.freeze11.snv.mod.fix.bam	0.128866324855	0.0776951174558	0.118008779867	0.117489360276	0.120287523877	0.119717837874	0.118662243222	0.0665192185248	0.0610066686773	0.112848094903	0.123085687477	0.0617774203277	0.108826781944	0.112395697195	0.0883515967964	0.120002680875	0.11480848497	0.115076572501	0.115026306089	0.124007238363	0.111842766663	0.112094098723	0.128078817734	0.0	0.00107235012231	0.114590663852	0.119014108106	0.0994269629034	0.0831574008914
765195863-tonguedorsum3.freeze11.snv.mod.fix.bam	0.138031567307	0.0837438423645	0.12518012131	0.124526657954	0.128883080326	0.128279883382	0.127056734024	0.0715291042525	0.0649609597534	0.119382728461	0.131396400925	0.0662511309943	0.116031634329	0.118193090044	0.0940987232331	0.128246372441	0.123018665594	0.122968399182	0.122867866358	0.133407057404	0.118695754164	0.123437552361	0.136557085889	0.00107235012231	0.0	0.123454307832	0.126905934788	0.105995107403	0.0879159545592
765620695-tonguedorsum1.freeze11.snv.mod.fix.bam	0.182148721558	0.1229013773	0.176468617003	0.175915686472	0.168493012969	0.164086324185	0.162712375591	0.114389598204	0.107687409939	0.160048255756	0.16725310814	0.172095439161	0.0894742133307	0.155172413793	0.132653061224	0.166231024429	0.16066820817	0.162662109179	0.166029958782	0.166147247076	0.17105659998	0.163985791361	0.171358198452	0.114590663852	0.123454307832	0.0	0.163734459301	0.14496833216	0.130022452331
857980665-tonguedorsum2.freeze11.snv.mod.fix.bam	0.182986495091	0.125783318253	0.178713850072	0.17789283201	0.169900472504	0.16649911196	0.162796152944	0.116417010154	0.110586106364	0.163566904594	0.171173888275	0.175413022352	0.157400891391	0.157903555511	0.13406052076	0.169816695151	0.163784725713	0.164337656245	0.167035287021	0.0937133474079	0.172665125163	0.16726986361	0.173921785463	0.119014108106	0.126905934788	0.163734459301	0.0	0.122951643712	0.133122214403
857980665-tonguedorsum3.freeze11.snv.mod.fix.bam	0.161053583995	0.101018732616	0.162477799001	0.161908112999	0.152592071311	0.148486980999	0.150883013304	0.08743004591	0.0806105693509	0.141701015382	0.154250862907	0.160333098757	0.136205221005	0.138517475956	0.111524412721	0.156093964679	0.150464126537	0.150883013304	0.142890653798	0.147364364465	0.154921081733	0.151318655541	0.157317114038	0.0994269629034	0.105995107403	0.14496833216	0.122951643712	0.0	0.104436848631
863126187-tonguedorsum3.freeze11.snv.mod.fix.bam	0.139539559666	0.0846318823096	0.14900640059	0.148235648939	0.13075969304	0.130089474213	0.129184678798	0.0681612546496	0.0617271539158	0.116048389799	0.133239502698	0.138199122013	0.119500016755	0.118193090044	0.092423176167	0.128916591267	0.12342079689	0.124576924366	0.125280654134	0.139539559666	0.141784792735	0.132770349519	0.139790891726	0.0831574008914	0.0879159545592	0.130022452331	0.133122214403	0.104436848631	0.0
