	158216035-tonguedorsum2.freeze11.snv.mod.fix.bam	158802708-tonguedorsum3.freeze11.snv.mod.fix.bam	158944319-tonguedorsum3.freeze11.snv.mod.fix.bam	159268001-tonguedorsum3.freeze11.snv.mod.fix.bam	159753524-tonguedorsum3.freeze11.snv.mod.fix.bam	159915365-tonguedorsum1.freeze11.snv.mod.fix.bam	160178356-tonguedorsum2.freeze11.snv.mod.fix.bam	160178356-tonguedorsum3.freeze11.snv.mod.fix.bam	160319967-tonguedorsum3.freeze11.snv.mod.fix.bam	160421117-tonguedorsum2.freeze11.snv.mod.fix.bam	160421117-tonguedorsum3.freeze11.snv.mod.fix.bam	160502038-tonguedorsum3.freeze11.snv.mod.fix.bam	160582958-tonguedorsum3.freeze11.snv.mod.fix.bam	160603188-tonguedorsum2.freeze11.snv.mod.fix.bam	160603188-tonguedorsum3.freeze11.snv.mod.fix.bam	160947100-tonguedorsum1.freeze11.snv.mod.fix.bam	338793263-tonguedorsum2.freeze11.snv.mod.fix.bam	550534656-tonguedorsum3.freeze11.snv.mod.fix.bam	604812005-tonguedorsum3.freeze11.snv.mod.fix.bam	675950834-tonguedorsum3.freeze11.snv.mod.fix.bam	686765762-tonguedorsum3.freeze11.snv.mod.fix.bam	763557224-tonguedorsum3.freeze11.snv.mod.fix.bam	763820215-tonguedorsum2.freeze11.snv.mod.fix.bam	763901136-tonguedorsum3.freeze11.snv.mod.fix.bam	764366428-tonguedorsum2.freeze11.snv.mod.fix.bam	764366428-tonguedorsum3.freeze11.snv.mod.fix.bam	764508039-tonguedorsum3.freeze11.snv.mod.fix.bam	764649650-tonguedorsum2.freeze11.snv.mod.fix.bam	764872181-tonguedorsum1.freeze11.snv.mod.fix.bam	765135172-tonguedorsum2.freeze11.snv.mod.fix.bam	765337473-tonguedorsum2.freeze11.snv.mod.fix.bam	823052294-tonguedorsum2.freeze11.snv.mod.fix.bam	937415040-tonguedorsum1.freeze11.snv.mod.fix.bam
158216035-tonguedorsum2.freeze11.snv.mod.fix.bam	0.0	0.114624211415	0.117405990761	0.0542695345487	0.0413789677612	0.0914261586608	0.0445084695246	0.0381501167354	0.0775172619343	0.0510158462073	0.0405593363469	0.0803735532264	0.1069494809	0.13017237097	0.132159356217	0.0877999105857	0.10160945805	0.0812180219562	0.0681784312751	0.0929412349113	0.0374049972679	0.0517361283592	0.095996224728	0.0816650936367	0.0915503452387	0.087005116487	0.0854403656053	0.0732204063385	0.0533257165566	0.0489295116984	0.0868560925935	0.0486314639114	0.0916000198699
158802708-tonguedorsum3.freeze11.snv.mod.fix.bam	0.114624211415	0.0	0.113456857583	0.115394168198	0.0790323381849	0.0957230142566	0.0841736625106	0.076225721524	0.094332124584	0.0868064179623	0.0972132531916	0.0816154190055	0.0990512145447	0.12314341066	0.125801003428	0.092841885649	0.103894491083	0.0864338582286	0.0633103174209	0.0948785455268	0.114723560678	0.119566837216	0.097486463663	0.0847200834534	0.0953256172073	0.0912771347673	0.0933386319607	0.0775917738811	0.124335601808	0.105235706125	0.107048830162	0.0467686652427	0.0979335353435
158944319-tonguedorsum3.freeze11.snv.mod.fix.bam	0.117405990761	0.113456857583	0.0	0.106825294322	0.108042322786	0.108116834733	0.0708608613581	0.0605285380756	0.10054145348	0.0953007798917	0.100342754955	0.0952014306294	0.0481843922309	0.0452535889921	0.0437385127415	0.109035815409	0.122497640455	0.0953007798917	0.0550394913318	0.1126869008	0.113630718792	0.119914559634	0.114574536784	0.0969648800358	0.110228006557	0.104465749342	0.10672594506	0.0883960061597	0.127912175252	0.103670955243	0.0996721474343	0.0879737717947	0.112264666435
159268001-tonguedorsum3.freeze11.snv.mod.fix.bam	0.0542695345487	0.115394168198	0.106825294322	0.0	0.0586409020913	0.0854652029209	0.0523818985644	0.0473399235011	0.0744622721176	0.0614226814366	0.0534995777656	0.0812925339029	0.100740152004	0.119666186479	0.120858377627	0.0854900402365	0.0999205205901	0.0791565247628	0.0640057622572	0.0915255079231	0.0513884059411	0.0558839600616	0.0935621678009	0.0791565247628	0.0885698673687	0.084744920769	0.0826834235756	0.0685509910089	0.059311509612	0.0543440464955	0.0740648750683	0.057945457255	0.0906065272465
159753524-tonguedorsum3.freeze11.snv.mod.fix.bam	0.0413789677612	0.0790323381849	0.108042322786	0.0586409020913	0.0	0.0776911231434	0.0429933932741	0.0352193134966	0.0663156326064	0.0458000099349	0.038646863047	0.0673587998609	0.0991505638071	0.124037554021	0.12567681685	0.0722517510307	0.0850678058715	0.0722020763996	0.0487804878049	0.0766727932045	0.0394913317769	0.0527296209826	0.0810689980627	0.0673587998609	0.0772192141473	0.0725746361333	0.071283095723	0.0603298395509	0.0591624857185	0.0493517460633	0.0810193234315	0.0270726739854	0.0765486066266
159915365-tonguedorsum1.freeze11.snv.mod.fix.bam	0.0914261586608	0.0957230142566	0.108116834733	0.0854652029209	0.0776911231434	0.0	0.0579702945706	0.0502955640554	0.0315682281059	0.0346480552382	0.0599572798172	0.0377775570016	0.0977099995033	0.119343301376	0.120982564204	0.036684715116	0.0385226764691	0.0734191048631	0.0527544582981	0.045079727783	0.0865083701754	0.101162386369	0.033704237246	0.0357160598083	0.0306740847449	0.029059659232	0.0403606378223	0.0222045601311	0.104838309076	0.0882469822662	0.0842481744573	0.0603298395509	0.0386965376782
160178356-tonguedorsum2.freeze11.snv.mod.fix.bam	0.0445084695246	0.0841736625106	0.0708608613581	0.0523818985644	0.0429933932741	0.0579702945706	0.0	0.00158958819731	0.0494014206945	0.0378520689484	0.0354180120213	0.0364611792757	0.0653718146143	0.0799264815459	0.0827330982067	0.0537231136059	0.0674829864388	0.0353931747057	0.0231483781233	0.0555114003279	0.0507426357359	0.0617704038548	0.0647012070935	0.0466941532959	0.0508668223138	0.0495752819035	0.0551140032785	0.0439868858974	0.0687745268491	0.0485817892802	0.0644776712533	0.0292086831255	0.058839600616
160178356-tonguedorsum3.freeze11.snv.mod.fix.bam	0.0381501167354	0.076225721524	0.0605285380756	0.0473399235011	0.0352193134966	0.0502955640554	0.00158958819731	0.0	0.0396155183548	0.0299041279618	0.0277432815061	0.033108141672	0.0614226814366	0.0780636828772	0.0805225771199	0.0446823307337	0.0582931796731	0.038174954051	0.0163429536536	0.0465948040336	0.0446574934181	0.0527296209826	0.055859122746	0.0347970791317	0.0476379712881	0.044483632209	0.046569966718	0.036088619542	0.0634345039988	0.0424718096468	0.0580448065173	0.0221548855	0.0510655208385
160319967-tonguedorsum3.freeze11.snv.mod.fix.bam	0.0775172619343	0.094332124584	0.10054145348	0.0744622721176	0.0663156326064	0.0315682281059	0.0494014206945	0.0396155183548	0.0	0.0254334111569	0.0391436093587	0.0337539118772	0.0926431871243	0.117629526601	0.120212607421	0.0355918732303	0.0353931747057	0.0691222492673	0.0522080373553	0.0456509860414	0.0784610799265	0.0873528389052	0.0338035865084	0.0371317867965	0.0315433907903	0.0268739754607	0.0420744125975	0.025011176792	0.0934628185386	0.0748099945358	0.0762008842084	0.0483334161244	0.0360141075953
160421117-tonguedorsum2.freeze11.snv.mod.fix.bam	0.0510158462073	0.0868064179623	0.0953007798917	0.0614226814366	0.0458000099349	0.0346480552382	0.0378520689484	0.0299041279618	0.0254334111569	0.0	0.000273210471412	0.0317172519994	0.0874521881675	0.113605881476	0.115592866723	0.0265759276737	0.0361382941732	0.0605533753912	0.0435149769013	0.0351448015498	0.0535244150812	0.0643286473598	0.0356912224927	0.0309472952163	0.0298047786995	0.0249366648453	0.031742089315	0.0228254930207	0.071879191297	0.0548159554915	0.0716804927723	0.0347722418161	0.0346232179226
160421117-tonguedorsum3.freeze11.snv.mod.fix.bam	0.0405593363469	0.0972132531916	0.100342754955	0.0534995777656	0.038646863047	0.0599572798172	0.0354180120213	0.0277432815061	0.0391436093587	0.000273210471412	0.0	0.0504197506334	0.0928170483334	0.11718245492	0.119020416273	0.0521832000397	0.06348417863	0.0654214892454	0.0468183398738	0.0573245243654	0.0383239779445	0.0534002285033	0.0626397099002	0.0516119417813	0.0559087973772	0.0508419849983	0.0507426357359	0.0449307038895	0.055859122746	0.0426953454871	0.0742884109085	0.0319656251552	0.0555114003279
160502038-tonguedorsum3.freeze11.snv.mod.fix.bam	0.0803735532264	0.0816154190055	0.0952014306294	0.0812925339029	0.0673587998609	0.0377775570016	0.0364611792757	0.033108141672	0.0337539118772	0.0317172519994	0.0504197506334	0.0	0.0823357011574	0.105012170285	0.108712930306	0.0359147583329	0.0426208335403	0.0457006606726	0.0403854751378	0.0397645422483	0.0834285430431	0.0921464408127	0.0418260394417	0.0332074909344	0.0277681188217	0.0270726739854	0.0418508767572	0.0268988127763	0.0972877651383	0.0774924246187	0.079976156177	0.04537777557	0.0393919825145
160582958-tonguedorsum3.freeze11.snv.mod.fix.bam	0.1069494809	0.0990512145447	0.0481843922309	0.100740152004	0.0991505638071	0.0977099995033	0.0653718146143	0.0614226814366	0.0926431871243	0.0874521881675	0.0928170483334	0.0823357011574	0.0	0.0592866722965	0.059013461825	0.0972629278228	0.109209676618	0.0728726839203	0.0607520739159	0.100019869852	0.107247528687	0.110799264815	0.102404252148	0.0876757240077	0.0978838607123	0.0916745318166	0.0966171576176	0.0801251800705	0.116536684715	0.0971387412448	0.0933386319607	0.0765982812578	0.100094381799
160603188-tonguedorsum2.freeze11.snv.mod.fix.bam	0.13017237097	0.12314341066	0.0452535889921	0.119666186479	0.124037554021	0.119343301376	0.0799264815459	0.0780636828772	0.117629526601	0.113605881476	0.11718245492	0.105012170285	0.0592866722965	0.0	0.000794794098654	0.124583974964	0.137896776116	0.100019869852	0.0724256122398	0.127018031891	0.126099051215	0.133922805623	0.128781481298	0.112016293279	0.123044061398	0.118747205802	0.121032238836	0.100690477373	0.140132134519	0.117654363916	0.112388853013	0.105335055387	0.127241567731
160603188-tonguedorsum3.freeze11.snv.mod.fix.bam	0.132159356217	0.125801003428	0.0437385127415	0.120858377627	0.12567681685	0.120982564204	0.0827330982067	0.0805225771199	0.120212607421	0.115592866723	0.119020416273	0.108712930306	0.059013461825	0.000794794098654	0.0	0.126869007998	0.140032785257	0.104068352292	0.0738910138592	0.129774973921	0.127763151359	0.136033977448	0.130669117282	0.114177139735	0.126521285579	0.121528985147	0.122646664349	0.103074859669	0.142119119766	0.120411305946	0.113730068054	0.107446227212	0.128831155929
160947100-tonguedorsum1.freeze11.snv.mod.fix.bam	0.0877999105857	0.092841885649	0.109035815409	0.0854900402365	0.0722517510307	0.036684715116	0.0537231136059	0.0446823307337	0.0355918732303	0.0265759276737	0.0521832000397	0.0359147583329	0.0972629278228	0.124583974964	0.126869007998	0.0	0.0405841736625	0.0717301674035	0.0484824400179	0.0285132382892	0.0858625999702	0.0995479608564	0.036982762903	0.0235954498038	0.0329591177786	0.0292831950723	0.0258804828374	0.0183051015846	0.10245392678	0.0837017535145	0.0839252893547	0.0534250658189	0.0427450201182
338793263-tonguedorsum2.freeze11.snv.mod.fix.bam	0.10160945805	0.103894491083	0.122497640455	0.0999205205901	0.0850678058715	0.0385226764691	0.0674829864388	0.0582931796731	0.0353931747057	0.0361382941732	0.06348417863	0.0426208335403	0.109209676618	0.137896776116	0.140032785257	0.0405841736625	0.0	0.0847697580845	0.0669117281804	0.0495752819035	0.0990015399136	0.111097312602	0.0367840643783	0.0415031543391	0.0333813521435	0.0292583577567	0.0465451294024	0.0273707217724	0.115195469674	0.0963936217774	0.0973622770851	0.066042422135	0.0389697481496
550534656-tonguedorsum3.freeze11.snv.mod.fix.bam	0.0812180219562	0.0864338582286	0.0953007798917	0.0791565247628	0.0722020763996	0.0734191048631	0.0353931747057	0.038174954051	0.0691222492673	0.0605533753912	0.0654214892454	0.0457006606726	0.0728726839203	0.100019869852	0.104068352292	0.0717301674035	0.0847697580845	0.0	0.0471163876608	0.072773334658	0.0824102131042	0.0902339675128	0.0802245293329	0.0625651979534	0.0644528339377	0.0650240921961	0.0725746361333	0.0573245243654	0.094034076797	0.0753812527942	0.0859619492325	0.0445333068402	0.0760766976305
604812005-tonguedorsum3.freeze11.snv.mod.fix.bam	0.0681784312751	0.0633103174209	0.0550394913318	0.0640057622572	0.0487804878049	0.0527544582981	0.0231483781233	0.0163429536536	0.0522080373553	0.0435149769013	0.0468183398738	0.0403854751378	0.0607520739159	0.0724256122398	0.0738910138592	0.0484824400179	0.0669117281804	0.0471163876608	0.0	0.0526799463514	0.0666633550246	0.0817892802146	0.0626148725846	0.0376285331081	0.0514132432567	0.0506681237892	0.0519348268839	0.0383984898912	0.0886443793155	0.0664894938155	0.0693457851075	0.022924842283	0.0612736575431
675950834-tonguedorsum3.freeze11.snv.mod.fix.bam	0.0929412349113	0.0948785455268	0.1126869008	0.0915255079231	0.0766727932045	0.045079727783	0.0555114003279	0.0465948040336	0.0456509860414	0.0351448015498	0.0573245243654	0.0397645422483	0.100019869852	0.127018031891	0.129774973921	0.0285132382892	0.0495752819035	0.072773334658	0.0526799463514	0.0	0.0911281108738	0.103025185038	0.0470667130297	0.028463563658	0.0409815707118	0.0376036957926	0.0361382941732	0.0265759276737	0.107322040634	0.0881227956882	0.0900104316725	0.0560329839551	0.0498484923749
686765762-tonguedorsum3.freeze11.snv.mod.fix.bam	0.0374049972679	0.114723560678	0.113630718792	0.0513884059411	0.0394913317769	0.0865083701754	0.0507426357359	0.0446574934181	0.0784610799265	0.0535244150812	0.0383239779445	0.0834285430431	0.107247528687	0.126099051215	0.127763151359	0.0858625999702	0.0990015399136	0.0824102131042	0.0666633550246	0.0911281108738	0.0	0.0488053251205	0.0932889573295	0.0802990412796	0.0901097809349	0.0857135760767	0.0820376533704	0.0703144404153	0.0497491431126	0.046271918931	0.0837265908301	0.0511400327853	0.0881476330038
763557224-tonguedorsum3.freeze11.snv.mod.fix.bam	0.0517361283592	0.119566837216	0.119914559634	0.0558839600616	0.0527296209826	0.101162386369	0.0617704038548	0.0527296209826	0.0873528389052	0.0643286473598	0.0534002285033	0.0921464408127	0.110799264815	0.133922805623	0.136033977448	0.0995479608564	0.111097312602	0.0902339675128	0.0817892802146	0.103025185038	0.0488053251205	0.0	0.103770304505	0.0933137946451	0.102652625304	0.0973622770851	0.0958472008345	0.0818389548458	0.0446574934181	0.0425959962247	0.0871541403805	0.0615717053301	0.100690477373
763820215-tonguedorsum2.freeze11.snv.mod.fix.bam	0.095996224728	0.097486463663	0.114574536784	0.0935621678009	0.0810689980627	0.033704237246	0.0647012070935	0.055859122746	0.0338035865084	0.0356912224927	0.0626397099002	0.0418260394417	0.102404252148	0.128781481298	0.130669117282	0.036982762903	0.0367840643783	0.0802245293329	0.0626148725846	0.0470667130297	0.0932889573295	0.103770304505	0.0	0.039839054195	0.0329591177786	0.0294818935969	0.0420247379663	0.0246634543739	0.107371715265	0.0900104316725	0.0902339675128	0.062590035269	0.0423972977001
763901136-tonguedorsum3.freeze11.snv.mod.fix.bam	0.0816650936367	0.0847200834534	0.0969648800358	0.0791565247628	0.0673587998609	0.0357160598083	0.0466941532959	0.0347970791317	0.0371317867965	0.0309472952163	0.0516119417813	0.0332074909344	0.0876757240077	0.112016293279	0.114177139735	0.0235954498038	0.0415031543391	0.0625651979534	0.0376285331081	0.028463563658	0.0802990412796	0.0933137946451	0.039839054195	0.0	0.0322139983111	0.0301773384333	0.0292583577567	0.0198450151508	0.0988276787045	0.0786349411356	0.0789329889226	0.0453529382544	0.0426953454871
764366428-tonguedorsum2.freeze11.snv.mod.fix.bam	0.0915503452387	0.0953256172073	0.110228006557	0.0885698673687	0.0772192141473	0.0306740847449	0.0508668223138	0.0476379712881	0.0315433907903	0.0298047786995	0.0559087973772	0.0277681188217	0.0978838607123	0.123044061398	0.126521285579	0.0329591177786	0.0333813521435	0.0644528339377	0.0514132432567	0.0409815707118	0.0901097809349	0.102652625304	0.0329591177786	0.0322139983111	0.0	0.000918980676568	0.0389945854652	0.0212359048234	0.107471064527	0.0874521881675	0.0874770254831	0.0568277780537	0.0369330882718
764366428-tonguedorsum3.freeze11.snv.mod.fix.bam	0.087005116487	0.0912771347673	0.104465749342	0.084744920769	0.0725746361333	0.029059659232	0.0495752819035	0.044483632209	0.0268739754607	0.0249366648453	0.0508419849983	0.0270726739854	0.0916745318166	0.118747205802	0.121528985147	0.0292831950723	0.0292583577567	0.0650240921961	0.0506681237892	0.0376036957926	0.0857135760767	0.0973622770851	0.0294818935969	0.0301773384333	0.000918980676568	0.0	0.0358899210173	0.0192240822612	0.102081367046	0.0825343996821	0.0840991505638	0.053598927028	0.03323232825
764508039-tonguedorsum3.freeze11.snv.mod.fix.bam	0.0854403656053	0.0933386319607	0.10672594506	0.0826834235756	0.071283095723	0.0403606378223	0.0551140032785	0.046569966718	0.0420744125975	0.031742089315	0.0507426357359	0.0418508767572	0.0966171576176	0.121032238836	0.122646664349	0.0258804828374	0.0465451294024	0.0725746361333	0.0519348268839	0.0361382941732	0.0820376533704	0.0958472008345	0.0420247379663	0.0292583577567	0.0389945854652	0.0358899210173	0.0	0.025011176792	0.0987034921266	0.0825592369977	0.0833540310963	0.0549898167006	0.0482589041776
764649650-tonguedorsum2.freeze11.snv.mod.fix.bam	0.0732204063385	0.0775917738811	0.0883960061597	0.0685509910089	0.0603298395509	0.0222045601311	0.0439868858974	0.036088619542	0.025011176792	0.0228254930207	0.0449307038895	0.0268988127763	0.0801251800705	0.100690477373	0.103074859669	0.0183051015846	0.0273707217724	0.0573245243654	0.0383984898912	0.0265759276737	0.0703144404153	0.0818389548458	0.0246634543739	0.0198450151508	0.0212359048234	0.0192240822612	0.025011176792	0.0	0.086409020913	0.0709353733049	0.0688738761115	0.0449555412051	0.029953802593
764872181-tonguedorsum1.freeze11.snv.mod.fix.bam	0.0533257165566	0.124335601808	0.127912175252	0.059311509612	0.0591624857185	0.104838309076	0.0687745268491	0.0634345039988	0.0934628185386	0.071879191297	0.055859122746	0.0972877651383	0.116536684715	0.140132134519	0.142119119766	0.10245392678	0.115195469674	0.094034076797	0.0886443793155	0.107322040634	0.0497491431126	0.0446574934181	0.107371715265	0.0988276787045	0.107471064527	0.102081367046	0.0987034921266	0.086409020913	0.0	0.0528289702449	0.0922706273906	0.0686255029556	0.106080174855
765135172-tonguedorsum2.freeze11.snv.mod.fix.bam	0.0489295116984	0.105235706125	0.103670955243	0.0543440464955	0.0493517460633	0.0882469822662	0.0485817892802	0.0424718096468	0.0748099945358	0.0548159554915	0.0426953454871	0.0774924246187	0.0971387412448	0.117654363916	0.120411305946	0.0837017535145	0.0963936217774	0.0753812527942	0.0664894938155	0.0881227956882	0.046271918931	0.0425959962247	0.0900104316725	0.0786349411356	0.0874521881675	0.0825343996821	0.0825592369977	0.0709353733049	0.0528289702449	0.0	0.0745864586955	0.050320401371	0.0868312552779
765337473-tonguedorsum2.freeze11.snv.mod.fix.bam	0.0868560925935	0.107048830162	0.0996721474343	0.0740648750683	0.0810193234315	0.0842481744573	0.0644776712533	0.0580448065173	0.0762008842084	0.0716804927723	0.0742884109085	0.079976156177	0.0933386319607	0.112388853013	0.113730068054	0.0839252893547	0.0973622770851	0.0859619492325	0.0693457851075	0.0900104316725	0.0837265908301	0.0871541403805	0.0902339675128	0.0789329889226	0.0874770254831	0.0840991505638	0.0833540310963	0.0688738761115	0.0922706273906	0.0745864586955	0.0	0.0707118374646	0.0775172619343
823052294-tonguedorsum2.freeze11.snv.mod.fix.bam	0.0486314639114	0.0467686652427	0.0879737717947	0.057945457255	0.0270726739854	0.0603298395509	0.0292086831255	0.0221548855	0.0483334161244	0.0347722418161	0.0319656251552	0.04537777557	0.0765982812578	0.105335055387	0.107446227212	0.0534250658189	0.066042422135	0.0445333068402	0.022924842283	0.0560329839551	0.0511400327853	0.0615717053301	0.062590035269	0.0453529382544	0.0568277780537	0.053598927028	0.0549898167006	0.0449555412051	0.0686255029556	0.050320401371	0.0707118374646	0.0	0.0595350454523
937415040-tonguedorsum1.freeze11.snv.mod.fix.bam	0.0916000198699	0.0979335353435	0.112264666435	0.0906065272465	0.0765486066266	0.0386965376782	0.058839600616	0.0510655208385	0.0360141075953	0.0346232179226	0.0555114003279	0.0393919825145	0.100094381799	0.127241567731	0.128831155929	0.0427450201182	0.0389697481496	0.0760766976305	0.0612736575431	0.0498484923749	0.0881476330038	0.100690477373	0.0423972977001	0.0426953454871	0.0369330882718	0.03323232825	0.0482589041776	0.029953802593	0.106080174855	0.0868312552779	0.0775172619343	0.0595350454523	0.0
