	147406386-tonguedorsum3.freeze11.snv.mod.fix.bam	158155345-tonguedorsum2.freeze11.snv.mod.fix.bam	158256496-tonguedorsum2.freeze11.snv.mod.fix.bam	158458797-tonguedorsum1.freeze11.snv.mod.fix.bam	158458797-tonguedorsum2.freeze11.snv.mod.fix.bam	158499257-tonguedorsum1.freeze11.snv.mod.fix.bam	158499257-tonguedorsum2.freeze11.snv.mod.fix.bam	158802708-tonguedorsum1.freeze11.snv.mod.fix.bam	158802708-tonguedorsum2.freeze11.snv.mod.fix.bam	158802708-tonguedorsum3.freeze11.snv.mod.fix.bam	158883629-tonguedorsum2.freeze11.snv.mod.fix.bam	158944319-tonguedorsum1.freeze11.snv.mod.fix.bam	158944319-tonguedorsum3.freeze11.snv.mod.fix.bam	159207311-tonguedorsum3.freeze11.snv.mod.fix.bam	159227541-tonguedorsum2.freeze11.snv.mod.fix.bam	159227541-tonguedorsum3.freeze11.snv.mod.fix.bam	159247771-tonguedorsum2.freeze11.snv.mod.fix.bam	159268001-tonguedorsum1.freeze11.snv.mod.fix.bam	159268001-tonguedorsum2.freeze11.snv.mod.fix.bam	159268001-tonguedorsum3.freeze11.snv.mod.fix.bam	159551223-tonguedorsum1.freeze11.snv.mod.fix.bam	159571453-tonguedorsum1.freeze11.snv.mod.fix.bam	159591683-tonguedorsum1.freeze11.snv.mod.fix.bam	159611913-tonguedorsum1.freeze11.snv.mod.fix.bam	159611913-tonguedorsum2.freeze11.snv.mod.fix.bam	159632143-tonguedorsum1.freeze11.snv.mod.fix.bam	159713063-tonguedorsum2.freeze11.snv.mod.fix.bam	159753524-tonguedorsum1.freeze11.snv.mod.fix.bam	159753524-tonguedorsum3.freeze11.snv.mod.fix.bam	160178356-tonguedorsum2.freeze11.snv.mod.fix.bam	160178356-tonguedorsum3.freeze11.snv.mod.fix.bam	160319967-tonguedorsum2.freeze11.snv.mod.fix.bam	160319967-tonguedorsum3.freeze11.snv.mod.fix.bam	160400887-tonguedorsum1.freeze11.snv.mod.fix.bam	160421117-tonguedorsum2.freeze11.snv.mod.fix.bam	160502038-tonguedorsum3.freeze11.snv.mod.fix.bam	160582958-tonguedorsum2.freeze11.snv.mod.fix.bam	160582958-tonguedorsum3.freeze11.snv.mod.fix.bam	160603188-tonguedorsum2.freeze11.snv.mod.fix.bam	160603188-tonguedorsum3.freeze11.snv.mod.fix.bam	160643649-tonguedorsum1.freeze11.snv.mod.fix.bam	160704339-tonguedorsum1.freeze11.snv.mod.fix.bam	160906640-tonguedorsum1.freeze11.snv.mod.fix.bam	234447334-tonguedorsum2.freeze11.snv.mod.fix.bam	246515023-tonguedorsum1.freeze11.snv.mod.fix.bam	338793263-tonguedorsum2.freeze11.snv.mod.fix.bam	370027359-tonguedorsum3.freeze11.snv.mod.fix.bam	375450439-tonguedorsum3.freeze11.snv.mod.fix.bam	508703490-tonguedorsum1.freeze11.snv.mod.fix.bam	508703490-tonguedorsum2.freeze11.snv.mod.fix.bam	550534656-tonguedorsum1.freeze11.snv.mod.fix.bam	550534656-tonguedorsum2.freeze11.snv.mod.fix.bam	604812005-tonguedorsum3.freeze11.snv.mod.fix.bam	638754422-tonguedorsum1.freeze11.snv.mod.fix.bam	638754422-tonguedorsum2.freeze11.snv.mod.fix.bam	638754422-tonguedorsum3.freeze11.snv.mod.fix.bam	663835652-tonguedorsum2.freeze11.snv.mod.fix.bam	663835652-tonguedorsum3.freeze11.snv.mod.fix.bam	675950834-tonguedorsum2.freeze11.snv.mod.fix.bam	686765762-tonguedorsum3.freeze11.snv.mod.fix.bam	706846339-tonguedorsum1.freeze11.snv.mod.fix.bam	737052003-tonguedorsum2.freeze11.snv.mod.fix.bam	739574095-tonguedorsum2.freeze11.snv.mod.fix.bam	763395383-anteriornares3.freeze11.snv.mod.fix.bam	763395383-tonguedorsum3.freeze11.snv.mod.fix.bam	763557224-tonguedorsum3.freeze11.snv.mod.fix.bam	763577454-tonguedorsum1.freeze11.snv.mod.fix.bam	763577454-tonguedorsum2.freeze11.snv.mod.fix.bam	763759525-tonguedorsum2.freeze11.snv.mod.fix.bam	763820215-tonguedorsum1.freeze11.snv.mod.fix.bam	763820215-tonguedorsum2.freeze11.snv.mod.fix.bam	763901136-tonguedorsum2.freeze11.snv.mod.fix.bam	763901136-tonguedorsum3.freeze11.snv.mod.fix.bam	763961826-tonguedorsum1.freeze11.snv.mod.fix.bam	763961826-tonguedorsum2.freeze11.snv.mod.fix.bam	763982056-tonguedorsum1.freeze11.snv.mod.fix.bam	763982056-tonguedorsum2.freeze11.snv.mod.fix.bam	763982056-tonguedorsum3.freeze11.snv.mod.fix.bam	764042746-tonguedorsum1.freeze11.snv.mod.fix.bam	764042746-tonguedorsum2.freeze11.snv.mod.fix.bam	764062976-tonguedorsum2.freeze11.snv.mod.fix.bam	764143897-tonguedorsum1.freeze11.snv.mod.fix.bam	764143897-tonguedorsum2.freeze11.snv.mod.fix.bam	764285508-tonguedorsum1.freeze11.snv.mod.fix.bam	764285508-tonguedorsum2.freeze11.snv.mod.fix.bam	764325968-tonguedorsum1.freeze11.snv.mod.fix.bam	764325968-tonguedorsum2.freeze11.snv.mod.fix.bam	764467579-tonguedorsum3.freeze11.snv.mod.fix.bam	764487809-tonguedorsum1.freeze11.snv.mod.fix.bam	764487809-tonguedorsum2.freeze11.snv.mod.fix.bam	764588959-tonguedorsum1.freeze11.snv.mod.fix.bam	764588959-tonguedorsum2.freeze11.snv.mod.fix.bam	764811490-tonguedorsum1.freeze11.snv.mod.fix.bam	764811490-tonguedorsum2.freeze11.snv.mod.fix.bam	764872181-tonguedorsum1.freeze11.snv.mod.fix.bam	764892411-tonguedorsum2.freeze11.snv.mod.fix.bam	765013792-tonguedorsum3.freeze11.snv.mod.fix.bam	765074482-tonguedorsum1.freeze11.snv.mod.fix.bam	765074482-tonguedorsum3.freeze11.snv.mod.fix.bam	765094712-tonguedorsum1.freeze11.snv.mod.fix.bam	765094712-tonguedorsum2.freeze11.snv.mod.fix.bam	765135172-tonguedorsum1.freeze11.snv.mod.fix.bam	765135172-tonguedorsum2.freeze11.snv.mod.fix.bam	765155402-tonguedorsum3.freeze11.snv.mod.fix.bam	765195863-tonguedorsum3.freeze11.snv.mod.fix.bam	765216093-tonguedorsum3.freeze11.snv.mod.fix.bam	765337473-tonguedorsum2.freeze11.snv.mod.fix.bam	765337473-tonguedorsum3.freeze11.snv.mod.fix.bam	765560005-tonguedorsum1.freeze11.snv.mod.fix.bam	765620695-tonguedorsum1.freeze11.snv.mod.fix.bam	765640925-tonguedorsum1.freeze11.snv.mod.fix.bam	823052294-tonguedorsum1.freeze11.snv.mod.fix.bam	823052294-tonguedorsum3.freeze11.snv.mod.fix.bam	857980665-tonguedorsum2.freeze11.snv.mod.fix.bam	857980665-tonguedorsum3.freeze11.snv.mod.fix.bam	861967750-tonguedorsum1.freeze11.snv.mod.fix.bam	863126187-tonguedorsum3.freeze11.snv.mod.fix.bam	NG-5636_312.freeze11.snv.mod.fix.bam	NLM027.freeze11.snv.mod.fix.bam
147406386-tonguedorsum3.freeze11.snv.mod.fix.bam	0.0	0.0549987349902	0.0592997684059	0.0279859097367	0.0436331082265	0.0354202751883	0.0473308292626	0.0716384796528	0.0643598077185	0.0871883696943	0.0558355876457	0.102115485666	0.11235233443	0.0744798863437	0.079734542553	0.0490629196427	0.0419399412257	0.0560107428527	0.084016114279	0.0693809236518	0.0460658194344	0.0478173715042	0.0907303972131	0.0825954109336	0.0444310375027	0.0521184049199	0.0587548410953	0.0787614580698	0.0534417998171	0.0398770021213	0.0455792771928	0.0428546406399	0.0583266839227	0.0480314500905	0.0511647821264	0.0463382830897	0.054025650507	0.0800264678979	0.0332405659459	0.0415312457428	0.0385341455345	0.0432438744332	0.058599147578	0.0410447035012	0.0355370453263	0.0556993558181	0.0544148843003	0.0722417920324	0.0662086682366	0.05848237744	0.0593192300956	0.0534223381274	0.0339217250842	0.0446840394683	0.0438861101921	0.0482649903665	0.0393515365004	0.0325010217387	0.0384368370862	0.0627250257867	0.0566529786116	0.0334351828426	0.0638732654769	0.06079831851	0.0459490492965	0.0779440671039	0.0193059961466	0.0310219333243	0.0412003970185	0.0785279177938	0.0593970768542	0.0567697487496	0.0732148765156	0.0335908763599	0.0420761730533	0.0651188136154	0.0692446918241	0.0630364128214	0.0400521573283	0.0417258626394	0.0457933557791	0.093922114318	0.0877527586945	0.0628612576144	0.0462604363311	0.0250277329078	0.0206877761127	0.0263122044256	0.0695755405484	0.0565362084736	0.0364712064301	0.0368020551544	0.0381059883619	0.0288422240819	0.0831597999338	0.0272852889088	0.0274604441158	0.030282389117	0.0423097133293	0.039896463811	0.0380476032929	0.0596111554405	0.0695755405484	0.0337076464979	0.0286086838059	0.0401105423973	0.0570616740945	0.0557188175077	0.0296206916685	0.0414339372944	0.0241908802522	0.0437498783644	0.0368215168441	0.0474865227799	0.0399937722593	0.0423097133293	0.0418815561567	0.0694782321001	0.0524492536442
158155345-tonguedorsum2.freeze11.snv.mod.fix.bam	0.0549987349902	0.0	0.0685829943756	0.0598836190958	0.0638538037872	0.049101843022	0.0620049432692	0.0852422007279	0.0770488293794	0.0970554463539	0.0708210886869	0.114921277465	0.12449642878	0.0912364011443	0.0957320514567	0.0591051515093	0.054025650507	0.077535371621	0.0986513049063	0.0899713913162	0.0723391004807	0.0648852733394	0.105170970944	0.10886869198	0.0741879609988	0.0672401377888	0.0687970729619	0.0955958196291	0.0731564914466	0.0542202674036	0.0640678823735	0.0572562909912	0.086390440418	0.0716968647218	0.0795788490357	0.0590856898196	0.0640094973046	0.0860206683144	0.0534223381274	0.0602339295098	0.063406184925	0.0587548410953	0.0720277134461	0.0581904520951	0.0475059844696	0.0707821653076	0.0730591829983	0.0899908530059	0.0760173598272	0.0682326839616	0.0707627036179	0.0637759570286	0.0504446996088	0.0593192300956	0.070237237997	0.0665784403402	0.044294805675	0.0450343498823	0.0526244088512	0.0786446879318	0.077360216414	0.0480119884008	0.101570558356	0.0756281260339	0.0583266839227	0.0894070023159	0.0358484323609	0.0449954265029	0.0620827900278	0.098262071113	0.0837825740031	0.0701010061694	0.0873635249012	0.0509701652297	0.0583461456124	0.0830819531752	0.0814666329331	0.0791312301734	0.0662086682366	0.0642624992702	0.0644765778565	0.112079870774	0.10711713991	0.0765622871378	0.0598641574061	0.0443921141233	0.0384562987759	0.0458906642275	0.0783916859662	0.0643598077185	0.0452095050892	0.0522351750579	0.0495883852636	0.0441391121577	0.0974836035265	0.0502500827122	0.0435357997781	0.0537726485413	0.0646517330635	0.0552711986455	0.0505614697468	0.0713076309285	0.0806492419672	0.0477200630559	0.0520794815406	0.0576844481638	0.0782943775179	0.0753945857579	0.0529941809548	0.0608761652687	0.0429714107779	0.0576260630948	0.0491407664013	0.0943891948699	0.0882782243154	0.0564194383356	0.0566724403013	0.0759005896892	0.0675320631337
158256496-tonguedorsum2.freeze11.snv.mod.fix.bam	0.0592997684059	0.0685829943756	0.0	0.0617130179242	0.0616935562346	0.0458517408481	0.0598057723372	0.0787225346905	0.0683299924099	0.0902633166612	0.0694782321001	0.113111340327	0.124944047642	0.0859817449351	0.0977949905611	0.0620633283382	0.0514567074713	0.0758227429305	0.0965105190433	0.0881614541775	0.067804526789	0.0649436584084	0.104567658564	0.10423680984	0.0740128057918	0.0642819609599	0.0648852733394	0.0934939571454	0.0701593912383	0.0530720277134	0.0623163303038	0.0563805149563	0.0876749119359	0.0665395169609	0.0810579374501	0.0577233715431	0.0668509039955	0.0905747036958	0.0499192339879	0.0582682988537	0.0626082556488	0.0556409707491	0.0740322674815	0.0604090847167	0.0464355915381	0.0678239884787	0.0650993519257	0.0811163225191	0.0693809236518	0.0619076348209	0.0657999727536	0.063055874511	0.0485179923321	0.0570616740945	0.0723391004807	0.063464569994	0.0525076387132	0.0482455286768	0.051651324368	0.0798318510013	0.0758616663099	0.0462409746414	0.107214448358	0.0720277134461	0.056516746784	0.0913920946617	0.0363349746025	0.0449565031236	0.0567308253703	0.0983983029407	0.0802016231049	0.0678239884787	0.0849502753829	0.0462798980207	0.0545511161279	0.0790144600354	0.0805324718292	0.0734678784812	0.0672790611681	0.0651382753051	0.0618492497519	0.108790845221	0.104723352081	0.0777689118969	0.0595138469922	0.0417453243291	0.0397407702937	0.0437693400541	0.0782165307592	0.065722125995	0.0513788607127	0.0503863145398	0.0494132300566	0.0426600237433	0.0960434384913	0.0478757565732	0.0438471868128	0.0528579491271	0.0615767860966	0.0556020473698	0.0531109510928	0.0741879609988	0.0782749158282	0.0446256543993	0.051184243816	0.0529357958858	0.0762314384135	0.0736041103089	0.0540451121966	0.0566724403013	0.042095634743	0.0501722359535	0.042445945157	0.101181324563	0.0932993402487	0.0564389000253	0.0508144717124	0.0752972773096	0.0678239884787
158458797-tonguedorsum1.freeze11.snv.mod.fix.bam	0.0279859097367	0.0598836190958	0.0617130179242	0.0	0.0318782476695	0.0357316622229	0.0455014304342	0.0763676702411	0.0689333047895	0.091139092696	0.0506587781951	0.0995465426308	0.110114240118	0.0722807154117	0.0806297802775	0.0519821730923	0.0440612653991	0.060973473717	0.0854368176245	0.0712881692389	0.053675340093	0.053792110231	0.093630188973	0.0826148726232	0.047077827297	0.0548625031625	0.061031858786	0.0825370258646	0.0579569118191	0.0414144756048	0.0465718233657	0.0394293832591	0.051184243816	0.0464161298484	0.0533639530584	0.0496467703326	0.0574314461982	0.0815639413814	0.0362376661542	0.0446256543993	0.0343693439464	0.044411575813	0.0677266800304	0.0486347624701	0.0378919097756	0.0551349668178	0.0608372418893	0.0760757448962	0.072728334274	0.0617714029932	0.0606037016134	0.0571395208532	0.0362765895335	0.0505809314365	0.0485958390907	0.0519627114026	0.0449565031236	0.0392542280521	0.0431076426055	0.0636202635113	0.0603117762684	0.0391958429831	0.0690889983068	0.0649631200981	0.0482455286768	0.079501002277	0.0169511316973	0.0316057840142	0.0413366288461	0.0762509001031	0.0551738901971	0.0591440748886	0.077009906	0.0369577486717	0.044820271296	0.07006208279	0.0764260553101	0.0656442792363	0.0390790728451	0.0407917015355	0.0514372457817	0.0950898156978	0.0892123854193	0.0688359963412	0.0523908685752	0.0300683105307	0.0217192456649	0.0296596150478	0.0727672576533	0.0620827900278	0.0413755522254	0.0429324873986	0.0453068135376	0.0316447073935	0.0874802950392	0.0277329077711	0.0289006091509	0.0354786602573	0.0453846602962	0.0475254461592	0.0459295876068	0.0619854815795	0.0716384796528	0.0348753478777	0.0360235875679	0.0423680983983	0.0543759609209	0.0527217172995	0.0334351828426	0.0483233754355	0.0264095128739	0.0507560866434	0.0413171671565	0.0436136465368	0.0414533989841	0.0445088842613	0.0474281377109	0.0735846486192	0.0542202674036
158458797-tonguedorsum2.freeze11.snv.mod.fix.bam	0.0436331082265	0.0638538037872	0.0616935562346	0.0318782476695	0.0	0.0420177879844	0.0519237880233	0.0762703617928	0.0694782321001	0.0906330887648	0.0578012183018	0.107350680186	0.113948192982	0.0803183932429	0.0844053480723	0.0390790728451	0.0484012221941	0.0591440748886	0.0888426133157	0.0735846486192	0.0569643656462	0.051359399023	0.100967245976	0.100675320631	0.065780511064	0.0572173676119	0.044294805675	0.091431018041	0.0649241967188	0.0377946013273	0.0456182005722	0.0337271081875	0.0786252262421	0.063231029718	0.0725337173773	0.0460852811241	0.0514372457817	0.0766401338964	0.0383784520172	0.0468053636417	0.0535974933344	0.0476811396765	0.051651324368	0.0275966759434	0.0351867349123	0.0538699569897	0.0579958351984	0.0818364050367	0.0682716073409	0.0619660198898	0.058832687854	0.0483817605044	0.0333767977736	0.037288597396	0.0534612615067	0.0524881770235	0.0361403577059	0.032773485394	0.0384368370862	0.0683494540996	0.0618492497519	0.0304186209447	0.0937274974213	0.0628223342351	0.0476811396765	0.0822061771403	0.028024833116	0.0363544362922	0.0498219255396	0.0900686997645	0.0697896191347	0.0583850689917	0.0779051437246	0.0429324873986	0.049276998229	0.0705097016523	0.0708210886869	0.068154837203	0.0574898312672	0.0566529786116	0.0527606406788	0.0969192145262	0.0919370219722	0.0671039059611	0.0470972889866	0.0377946013273	0.0286086838059	0.0307689313586	0.0681159138236	0.0534612615067	0.0462798980207	0.0416090925014	0.0415507074324	0.0336687231185	0.0866629040733	0.0451316583306	0.0306132378413	0.0274993674951	0.0412782437771	0.0412003970185	0.0370939804994	0.0643014226495	0.0725726407567	0.0369966720511	0.0379892182239	0.0460074343655	0.0712492458595	0.0659751279606	0.0404608528112	0.0474281377109	0.0310024716346	0.0497051554016	0.0431854893642	0.0887258431777	0.0765039020688	0.0416674775704	0.042212404881	0.0655858941673	0.0513399373334
158499257-tonguedorsum1.freeze11.snv.mod.fix.bam	0.0354202751883	0.049101843022	0.0458517408481	0.0357316622229	0.0420177879844	0.0	0.00315279372555	0.0598641574061	0.0511647821264	0.0727088725843	0.0390206877761	0.0873246015219	0.0971527548022	0.0544148843003	0.0648074265808	0.0407333164665	0.0310803183932	0.0495300001946	0.0745577331024	0.0430103341572	0.044820271296	0.041862094467	0.0730397213086	0.0739544207228	0.0481482202285	0.0402078508456	0.0503084677812	0.0677072183407	0.0470972889866	0.0321701730144	0.0382032968102	0.0408306249149	0.0571395208532	0.0415117840531	0.0533444913687	0.0379308331549	0.046669131814	0.07006208279	0.0246190374248	0.0305353910827	0.0343109588774	0.0310024716346	0.0592997684059	0.0420567113637	0.0271295953915	0.0420177879844	0.047019442228	0.0497440787809	0.0474865227799	0.0391958429831	0.0393515365004	0.0429714107779	0.0235875678726	0.0420567113637	0.053558569955	0.0363544362922	0.0343693439464	0.027966448047	0.0339995718428	0.0497440787809	0.0412198587081	0.0287838390129	0.086623980694	0.0496662320223	0.0354981219469	0.0665784403402	0.0169511316973	0.0239962633556	0.0360235875679	0.0709767822042	0.051242628885	0.0456182005722	0.0612653990619	0.0245801140455	0.0314306288072	0.0563026681977	0.0625887939591	0.0453651986065	0.0383395286379	0.0370355954304	0.0381059883619	0.0798707743806	0.0766206722068	0.0543954226106	0.0383395286379	0.0197925383882	0.0216803222856	0.0255726602184	0.0613627075103	0.0528190257478	0.0301850806687	0.0304770060137	0.0271101337018	0.0193254578362	0.0735846486192	0.0251055796664	0.0182939882841	0.0271490570811	0.0347391160501	0.0364906681198	0.0334351828426	0.0515734776093	0.058774302785	0.023684876321	0.0292119961855	0.0278107545297	0.0502500827122	0.0487320709184	0.0355565070159	0.0356927388436	0.0191697643189	0.0295233832201	0.0232956425277	0.0745188097231	0.0689527664792	0.0329291789113	0.0287449156336	0.0604090847167	0.044703501158
158499257-tonguedorsum2.freeze11.snv.mod.fix.bam	0.0473308292626	0.0620049432692	0.0598057723372	0.0455014304342	0.0519237880233	0.00315279372555	0.0	0.0734094934122	0.0652161220637	0.0861374384524	0.0474281377109	0.0857092812798	0.0963353638363	0.0642430375805	0.0688554580309	0.0474281377109	0.0436720316058	0.0592608450266	0.0805519335189	0.0390985345348	0.0557382791974	0.0487320709184	0.0875581417979	0.084599964969	0.0590467664403	0.0510285502987	0.0609929354067	0.079851312691	0.0583461456124	0.0411225502598	0.0472724441936	0.0503084677812	0.067921296927	0.0537142634724	0.0657999727536	0.0492964599187	0.0577622949224	0.0805908568982	0.0335908763599	0.0393904598797	0.044469960882	0.041978864605	0.0714244010665	0.0527411789892	0.0350115797054	0.0499970807466	0.0599809275441	0.0693225385828	0.0649631200981	0.0562442831287	0.0584045306814	0.05616643637	0.0279275246677	0.0520405581613	0.0647101181325	0.0519237880233	0.044528345951	0.0386509156725	0.0433022595022	0.0571589825429	0.0530525660238	0.037463752603	0.0943891948699	0.0615962477862	0.0474670610902	0.0790144600354	0.0263316661153	0.0354981219469	0.049043457953	0.0807465504155	0.0615573244069	0.0587937644746	0.0742463460678	0.0345639608431	0.0424654068466	0.0695366171691	0.0742852694471	0.0641651908219	0.0511647821264	0.0493743066773	0.0477589864352	0.0885701496604	0.0849113520036	0.0639900356149	0.0438082634334	0.0314500904969	0.0324620983594	0.0365101298095	0.0721639452737	0.0630364128214	0.0417258626394	0.0435552614678	0.0385146838449	0.0296012299788	0.0849113520036	0.0389817643968	0.02779129284	0.0333378743943	0.0416285541911	0.0463382830897	0.0433995679505	0.0633672615456	0.0703734698247	0.0349531946364	0.0389233793278	0.0413171671565	0.0610513204756	0.0598252340268	0.0461436661931	0.0468053636417	0.0292314578752	0.0464745149174	0.0369382869821	0.0847751201759	0.0790728451044	0.0388066091898	0.0462993597104	0.0726504875153	0.0533444913687
158802708-tonguedorsum1.freeze11.snv.mod.fix.bam	0.0716384796528	0.0852422007279	0.0787225346905	0.0763676702411	0.0762703617928	0.0598641574061	0.0734094934122	0.0	0.0056049666232	0.00825175641749	0.0782554541385	0.115874900259	0.129303466127	0.0904579335578	0.0990989237686	0.0735068018605	0.0557772025767	0.0868185975906	0.101006169356	0.0919759453516	0.0798902360703	0.0764844403791	0.106747367806	0.11172956036	0.0838020356927	0.0759978981375	0.0772045228967	0.0691863067552	0.0545900395072	0.0652745071327	0.0736624953778	0.0771461378277	0.0997216978378	0.0819142517953	0.0832765700718	0.0682326839616	0.079792927622	0.10077262908	0.0626471790281	0.0715606328941	0.0713465543078	0.0685635326859	0.0899519296265	0.0731175680673	0.0601560827511	0.0766206722068	0.0525465620925	0.0875970651772	0.0867796742113	0.0794036938287	0.0705486250316	0.0731564914466	0.0599420041648	0.0742268843781	0.0872856781426	0.0717163264115	0.0698869275831	0.0628223342351	0.0651382753051	0.0859038981764	0.0822061771403	0.0647101181325	0.111710098671	0.0820699453127	0.0685440709962	0.098670766596	0.0518459412646	0.0606620866824	0.0666173637195	0.103224801977	0.0889788451433	0.0767179806551	0.0911196310064	0.058365607302	0.0650409668567	0.0610513204756	0.0624525621314	0.0606037016134	0.077009906	0.075044275344	0.0739933441021	0.116088978845	0.112780491602	0.091022322558	0.0754529708269	0.054025650507	0.0530914894031	0.0568086721289	0.0860595916938	0.0756281260339	0.0593581534749	0.0554268921628	0.0641262674425	0.0569059805772	0.0982815328027	0.0635424167526	0.0554463538524	0.065722125995	0.0731175680673	0.0694587704104	0.0678823735477	0.0834906486581	0.0632115680283	0.0549987349902	0.0621800984761	0.0634840316836	0.0826148726232	0.0810579374501	0.0635034933733	0.0672401377888	0.0559523577837	0.0651188136154	0.0548819648522	0.108245917911	0.103166416908	0.0675126014441	0.0625304088901	0.0798123893116	0.0812136309674
158802708-tonguedorsum2.freeze11.snv.mod.fix.bam	0.0643598077185	0.0770488293794	0.0683299924099	0.0689333047895	0.0694782321001	0.0511647821264	0.0652161220637	0.0056049666232	0.0	0.00206293910437	0.070295623066	0.112780491602	0.125508436642	0.084599964969	0.0919370219722	0.065546970788	0.049393768367	0.0789755366561	0.0960823618707	0.0863125936594	0.0720471751357	0.0694782321001	0.10246579608	0.106221902186	0.0773796781037	0.0673958313061	0.0711713991009	0.0685246093066	0.0527217172995	0.0577039098535	0.0667146721678	0.0690695366172	0.091606173248	0.0724558706187	0.0778662203453	0.0621606367865	0.0721639452737	0.0936691123523	0.0562053597493	0.0627834108557	0.0635034933733	0.0516318626783	0.0818558667263	0.065488585719	0.0520016347819	0.0682716073409	0.035147811533	0.0830819531752	0.0816807115194	0.0737987272055	0.0656442792363	0.0667730572368	0.0526633322305	0.065838896133	0.0819531751747	0.0657415876846	0.0592219216472	0.0522740984372	0.0576455247845	0.0795788490357	0.0751999688613	0.0552322752661	0.108712998463	0.0754140474476	0.061090243855	0.0912169394547	0.0435357997781	0.0509117801608	0.0585213008193	0.0963742872156	0.0806687036569	0.0691279216862	0.0834322635891	0.049276998229	0.0555631239904	0.0600003892338	0.0618103263725	0.0599030807855	0.0666173637195	0.063464569994	0.0670844442715	0.109121693945	0.105151509254	0.0834322635891	0.0678239884787	0.0401689274663	0.0441196504681	0.0481871436078	0.0798123893116	0.0709767822042	0.0528579491271	0.0436720316058	0.0549403499212	0.0491796897807	0.0932604168694	0.0557966642664	0.0467664402623	0.0569059805772	0.0651771986844	0.0625109472004	0.0597084638888	0.0743825778954	0.0599225424751	0.0465912850554	0.0553490454041	0.0559523577837	0.0763287468618	0.0749469668957	0.0565751318529	0.0592803067162	0.0458712025378	0.0543370375416	0.0378919097756	0.103730805909	0.0973279100091	0.0600976976821	0.0574314461982	0.0742463460678	0.0733511083432
158802708-tonguedorsum3.freeze11.snv.mod.fix.bam	0.0871883696943	0.0970554463539	0.0902633166612	0.091139092696	0.0906330887648	0.0727088725843	0.0861374384524	0.00825175641749	0.00206293910437	0.0	0.0912364011443	0.123737422883	0.139306774614	0.104956892357	0.108343226359	0.0867796742113	0.0686219177549	0.0987486133546	0.107564758772	0.100655858942	0.0927544129381	0.0912169394547	0.118735768639	0.124360196952	0.0981258392854	0.0881225307981	0.0904773952475	0.0802210847946	0.0678434501683	0.0789366132768	0.0870910612459	0.091372632972	0.111320864877	0.0949341221805	0.0964326722846	0.082167253761	0.0926376428001	0.113383803982	0.0765428254481	0.0840550376584	0.0836074187961	0.0811357842088	0.104314656598	0.0881419924878	0.0730981063776	0.0881419924878	0.0474086760213	0.100033084872	0.100422318666	0.093396648697	0.0852616624175	0.0876943736255	0.0739349590331	0.0887842282467	0.101045092735	0.086390440418	0.084658350038	0.077068291069	0.077418601483	0.0967829826986	0.093863729249	0.0793647704494	0.124262888504	0.0944281182492	0.0817390965884	0.110639705739	0.0665979020299	0.0738960356538	0.0804740867602	0.112761029913	0.0987486133546	0.0889204600743	0.101298094701	0.0694198470311	0.0760562832065	0.0753362006889	0.077301831345	0.077418601483	0.0913531712823	0.0873829865909	0.0860012066248	0.125566821711	0.12161609871	0.104178424771	0.0892707704883	0.0667730572368	0.0669092890645	0.0706848568593	0.0982426094234	0.0898351594885	0.0735651869295	0.0690695366172	0.077418601483	0.0711324757215	0.108810306911	0.0781970690695	0.0684467625479	0.0804740867602	0.0861958235214	0.0827511044509	0.0815639413814	0.0968219060779	0.0750637370336	0.0688165346515	0.077009906	0.0762898234825	0.0933771870074	0.0935912655937	0.0779635287936	0.0799875445186	0.0697701574451	0.0776521417589	0.0664227468229	0.121791253917	0.117684837398	0.0796956191737	0.0786252262421	0.0926181811105	0.0942724247319
158883629-tonguedorsum2.freeze11.snv.mod.fix.bam	0.0558355876457	0.0708210886869	0.0694782321001	0.0506587781951	0.0578012183018	0.0390206877761	0.0474281377109	0.0782554541385	0.070295623066	0.0912364011443	0.0	0.0909250141097	0.102018177218	0.0553685070938	0.0705486250316	0.0517291711266	0.0467080551934	0.0663643617539	0.0853200474865	0.0690695366172	0.0534223381274	0.0614794776482	0.0942724247319	0.0947978903528	0.0681937605823	0.056049666232	0.0675904482027	0.0845221182103	0.0659556662709	0.0445478076407	0.0473113675729	0.0577622949224	0.0725337173773	0.0642041142012	0.0712881692389	0.0502500827122	0.0646711947531	0.0880057606601	0.0363155129128	0.0440028803301	0.0495300001946	0.0507560866434	0.0773212930347	0.0585796858883	0.0439250335714	0.0447229628476	0.0643403460288	0.0802016231049	0.0780413755522	0.0676099098924	0.0605453165444	0.06079831851	0.0415117840531	0.0573925228188	0.0724558706187	0.0582099137847	0.0510090886091	0.0466496701244	0.046844287021	0.0644376544772	0.0626082556488	0.0433411828815	0.0997800829068	0.0655858941673	0.0503279294708	0.0836852655548	0.0317030924625	0.0410641651908	0.0544343459899	0.0858455131074	0.0642041142012	0.0590273047506	0.0758811279995	0.0406943930872	0.0474475994006	0.075044275344	0.0806687036569	0.0701593912383	0.056049666232	0.0547068096452	0.0562442831287	0.0950314306288	0.0910417842477	0.0723974855497	0.0591051515093	0.0386119922932	0.0390985345348	0.0380865266722	0.0787614580698	0.0689333047895	0.053967265438	0.0524492536442	0.0513204756437	0.0370355954304	0.0866045190043	0.0475449078489	0.0318587859798	0.0456765856412	0.0510869353677	0.0506782398848	0.049043457953	0.0668509039955	0.0744604246541	0.0403246209836	0.0428351789502	0.0436914932954	0.0661308214779	0.0642624992702	0.0508923184711	0.051592939299	0.0362182044645	0.0552128135765	0.0451511200202	0.0898935445575	0.0856508962108	0.0393904598797	0.0500943891949	0.077243446276	0.054025650507
158944319-tonguedorsum1.freeze11.snv.mod.fix.bam	0.102115485666	0.114921277465	0.113111340327	0.0995465426308	0.107350680186	0.0873246015219	0.0857092812798	0.115874900259	0.112780491602	0.123737422883	0.0909250141097	0.0	0.00147908841446	0.0923846408345	0.107039293151	0.107623143841	0.0966856742502	0.10192086877	0.0966662125606	0.098378841251	0.105832668392	0.110386703774	0.11756806726	0.119572621295	0.105618589806	0.102932876632	0.111340326567	0.116614444466	0.104022731254	0.0962575170776	0.0924041025242	0.111632251912	0.11003639336	0.104081116323	0.106046746979	0.106105132048	0.107175524979	0.121985870813	0.0911780160754	0.0963742872156	0.0904384718681	0.102932876632	0.12447696709	0.11172956036	0.0976976821128	0.0954206644221	0.109919623222	0.112002024016	0.116088978845	0.109763929704	0.103925422805	0.111612790222	0.0956931280774	0.109238464083	0.116439289259	0.106397057393	0.109861238153	0.101239709632	0.100597473873	0.0918202518343	0.102212794115	0.101375941459	0.128447151782	0.110153163498	0.0992156939065	0.120409473951	0.0907887822821	0.0978339139404	0.103808652667	0.116341980811	0.102913414943	0.108343226359	0.113734114396	0.0907693205924	0.0953038942841	0.113169725396	0.119008232295	0.11116517136	0.102952338322	0.0996827744585	0.100013623183	0.122939493607	0.120292703813	0.117684837398	0.109705544635	0.0920927154896	0.0972889866298	0.0993713874239	0.11583597688	0.113695191016	0.0975809119748	0.103711344219	0.102621489598	0.0937274974213	0.12044839733	0.0998579296655	0.0880252223498	0.0971138314228	0.0988459218029	0.104431426736	0.104509273495	0.111982562326	0.110445088843	0.0964132105949	0.0953233559738	0.0965105190433	0.102913414943	0.105326664461	0.105774283323	0.102173870735	0.093980499387	0.106825214565	0.0990405386996	0.120837631123	0.123387112469	0.0854952026935	0.101998715528	0.119416927778	0.0991767705272
158944319-tonguedorsum3.freeze11.snv.mod.fix.bam	0.11235233443	0.12449642878	0.124944047642	0.110114240118	0.113948192982	0.0971527548022	0.0963353638363	0.129303466127	0.125508436642	0.139306774614	0.102018177218	0.00147908841446	0.0	0.107837222428	0.121110094778	0.108129147773	0.105540743047	0.112780491602	0.112021485705	0.111963100636	0.118463304984	0.118852538777	0.138917540821	0.141038864994	0.11815191795	0.115388358017	0.117957301053	0.135219819785	0.118288149777	0.101804098632	0.100947784287	0.116886908121	0.127668684195	0.119319619329	0.123134110503	0.113578420879	0.115505128155	0.133409882646	0.0997606212171	0.107778837359	0.104762275461	0.111690636981	0.131716715645	0.116633906156	0.103322110426	0.104489811805	0.122083179262	0.129751084989	0.12798007123	0.121771792227	0.116283595742	0.119708853123	0.100344471907	0.114356888465	0.125936593815	0.114376350155	0.114298503396	0.106163517117	0.108129147773	0.105618589806	0.115952747017	0.104645505323	0.145145281513	0.123679037814	0.109608236187	0.135706362026	0.0966467508709	0.103769729288	0.113889807913	0.135394974992	0.116536597707	0.120059163537	0.130140318782	0.100792090769	0.106435980772	0.12854446023	0.131638868887	0.125119202849	0.11752914388	0.113773037775	0.110659167429	0.143276959306	0.139715470097	0.127512990678	0.116750676294	0.100908860907	0.101765175253	0.106319210634	0.127162680264	0.120720860985	0.106182978806	0.110814860946	0.11001693167	0.101473249908	0.13780822451	0.109725006325	0.0940194227663	0.105151509254	0.11062024405	0.10999746998	0.10945254267	0.123406574159	0.124068271607	0.102368487632	0.105346126151	0.108148609462	0.117957301053	0.120156471985	0.112702644844	0.11116517136	0.100013623183	0.116419827569	0.107389603565	0.139579238269	0.138625615476	0.0916840200066	0.108712998463	0.12741568223	0.106455442462
159207311-tonguedorsum3.freeze11.snv.mod.fix.bam	0.0744798863437	0.0912364011443	0.0859817449351	0.0722807154117	0.0803183932429	0.0544148843003	0.0642430375805	0.0904579335578	0.084599964969	0.104956892357	0.0553685070938	0.0923846408345	0.107837222428	0.0	0.0912753245237	0.0794231555184	0.0635034933733	0.0843858863827	0.096238055388	0.0848918903139	0.0779246054142	0.0801237763463	0.088881536695	0.108382149738	0.0849697370726	0.0714244010665	0.0879668372808	0.0972889866298	0.0784500710352	0.0652939688224	0.0701983146177	0.0805519335189	0.0909833991787	0.0771461378277	0.0829846447269	0.0714633244458	0.0824397174163	0.10480119884	0.0580931436467	0.0651577369947	0.0640678823735	0.0658194344433	0.10014985501	0.0804546250705	0.0635424167526	0.0687386878929	0.0849308136932	0.0909055524201	0.0943891948699	0.0852616624175	0.0769709826207	0.0805713952085	0.0620049432692	0.0809411673121	0.0923651791449	0.074810735068	0.0728840277913	0.0636397252009	0.0675126014441	0.0802794698636	0.0796956191737	0.0669287507541	0.116925831501	0.0858260514178	0.0693809236518	0.103030185081	0.0522740984372	0.0604285464064	0.0703929315143	0.0993908491135	0.0838604207617	0.0774380631726	0.0903022400405	0.0599809275441	0.0677072183407	0.0906330887648	0.0973084483195	0.0837436506237	0.0708405503766	0.0688554580309	0.0715800945838	0.111885253878	0.108245917911	0.0930852616624	0.0779051437246	0.0566335169219	0.0583461456124	0.0614016308896	0.0947784286632	0.0875192184185	0.0689722281688	0.067979681996	0.0689916898585	0.0583461456124	0.101862483701	0.0656832026157	0.0490045345737	0.065313430512	0.070587548411	0.0714827861355	0.0708794737559	0.0852811241072	0.0883755327638	0.0576066014051	0.0629780277524	0.0562637448183	0.0780413755522	0.0779440671039	0.0715411712045	0.0706264717903	0.0547068096452	0.0749469668957	0.0639316505459	0.107214448358	0.104723352081	0.0627444874764	0.0684078391686	0.093630188973	0.077185061207
159227541-tonguedorsum2.freeze11.snv.mod.fix.bam	0.079734542553	0.0957320514567	0.0977949905611	0.0806297802775	0.0844053480723	0.0648074265808	0.0688554580309	0.0990989237686	0.0919370219722	0.108343226359	0.0705486250316	0.107039293151	0.121110094778	0.0912753245237	0.0	0.0292703812545	0.0778078352763	0.0929879532141	0.103536189012	0.0826148726232	0.091139092696	0.0884533795224	0.117315065294	0.121460405192	0.0931825701107	0.0840355759687	0.0908666290407	0.107837222428	0.0882198392464	0.0717357881011	0.0768347507931	0.0856508962108	0.103205340288	0.0877527586945	0.096296440457	0.0802016231049	0.0872272930736	0.11062024405	0.0666757487885	0.0729618745499	0.0762119767238	0.0802016231049	0.103808652667	0.0849891987622	0.067979681996	0.0658583578226	0.0904579335578	0.104548196874	0.101181324563	0.0923846408345	0.0888620750054	0.0885701496604	0.0649436584084	0.0845610415896	0.0965494424226	0.086799135901	0.0813498627951	0.0734289551019	0.0746550415507	0.0854173559348	0.0891929237296	0.0740711908608	0.117743222467	0.0923651791449	0.0780997606212	0.10999746998	0.0598252340268	0.0683689157893	0.0837631123134	0.111418173326	0.0921121771792	0.0882198392464	0.102893953253	0.0652355837534	0.0720082517564	0.100539088804	0.103536189012	0.0964132105949	0.0848529669346	0.0823813323473	0.0808827822432	0.120370550571	0.115991670397	0.0965689041123	0.0856314345211	0.0669287507541	0.0656248175467	0.0693030768931	0.0997022361481	0.0928322596968	0.0784306093455	0.0800264678979	0.0766790572758	0.067804526789	0.112216102602	0.0747912733784	0.0587937644746	0.0738181888952	0.0811357842088	0.0788782282078	0.0779635287936	0.0949535838702	0.0969970612849	0.0704513165833	0.0725726407567	0.0737014187572	0.0905941653854	0.0908860907304	0.079501002277	0.0784695327248	0.0653523538914	0.0858065897281	0.0751221221026	0.112255025981	0.108557304945	0.0691863067552	0.0802794698636	0.101940330459	0.0809411673121
159227541-tonguedorsum3.freeze11.snv.mod.fix.bam	0.0490629196427	0.0591051515093	0.0620633283382	0.0519821730923	0.0390790728451	0.0407333164665	0.0474281377109	0.0735068018605	0.065546970788	0.0867796742113	0.0517291711266	0.107623143841	0.108129147773	0.0794231555184	0.0292703812545	0.0	0.0492380748497	0.060915088648	0.0916840200066	0.0649631200981	0.0605258548547	0.0509117801608	0.107506373703	0.106007823599	0.0688554580309	0.0608372418893	0.0412977054668	0.0937664208007	0.0662086682366	0.0317420158418	0.0440223420197	0.0296790767374	0.0824786407956	0.0685829943756	0.0783333008972	0.0431854893642	0.0520989432303	0.0749469668957	0.0399353871903	0.0489461495047	0.0617324796139	0.0471945974349	0.0382422201896	0.0299710020824	0.0313722437382	0.0422318665707	0.0573341377498	0.0872467547632	0.0656832026157	0.0619270965105	0.0600003892338	0.044645116089	0.0255142751494	0.0259229706323	0.0516318626783	0.0516318626783	0.0313527820485	0.0314111671175	0.0351867349123	0.0681353755133	0.0643792694082	0.0221863262168	0.0909444757994	0.0636786485803	0.0463966681587	0.0841718077964	0.0260786641496	0.032831870463	0.0509507035401	0.0976392970438	0.0746161181714	0.0584629157503	0.0804740867602	0.0441585738474	0.0502306210225	0.0752388922406	0.0693030768931	0.0712881692389	0.0634256466146	0.0623357919935	0.0534612615067	0.100694782321	0.0958488215947	0.0578985267501	0.0424070217776	0.0388260708795	0.0273631356674	0.0289006091509	0.0661502831676	0.0477200630559	0.0446645777786	0.0410057801218	0.0374442909133	0.0322090963937	0.0898156977989	0.0468637487107	0.0278886012884	0.0389623027071	0.0522935601269	0.0353618901193	0.0315473989452	0.0646711947531	0.0730397213086	0.0347585777397	0.0416285541911	0.0496856937119	0.0762898234825	0.070529163342	0.0363933596715	0.044178035537	0.030457544324	0.0490823813323	0.0425821769846	0.0913920946617	0.077243446276	0.035264581671	0.0411614736391	0.0619076348209	0.0436720316058
159247771-tonguedorsum2.freeze11.snv.mod.fix.bam	0.0419399412257	0.054025650507	0.0514567074713	0.0440612653991	0.0484012221941	0.0310803183932	0.0436720316058	0.0557772025767	0.049393768367	0.0686219177549	0.0467080551934	0.0966856742502	0.105540743047	0.0635034933733	0.0778078352763	0.0492380748497	0.0	0.0555436623008	0.0789755366561	0.0668703656851	0.0480509117802	0.0490045345737	0.0855535877625	0.0864099021077	0.0573730611292	0.0340384952222	0.0529163341961	0.0510090886091	0.0399353871903	0.0370745188097	0.0432633361228	0.0490239962634	0.0667341338575	0.0524492536442	0.0589689196816	0.0295039215305	0.0497440787809	0.0718330965494	0.0309635482553	0.0403051592939	0.0345834225327	0.042329175019	0.0644960395462	0.0471556740556	0.030165618979	0.0473502909523	0.0493548449876	0.0672985228578	0.0628223342351	0.0525076387132	0.0374832142927	0.034855886188	0.0260981258393	0.046552361676	0.0597279255785	0.0413560905358	0.0395850767764	0.0337076464979	0.0299515403927	0.0575871397155	0.0547068096452	0.0351672732227	0.0907303972131	0.044469960882	0.0382616818792	0.0661308214779	0.0202790806298	0.0268182083568	0.0367631317751	0.0580152968881	0.0573341377498	0.0335714146702	0.0450343498823	0.0307105462896	0.0359068174299	0.0526244088512	0.0561275129907	0.0483622988148	0.046961057159	0.0457349707102	0.0461825895724	0.0886674581087	0.0830041064165	0.063522955063	0.046727516883	0.0257283537357	0.0247941926318	0.0222836346652	0.0649436584084	0.0546678862659	0.0384952221552	0.0346807309811	0.0379308331549	0.0271295953915	0.0584629157503	0.0355370453263	0.0247552692525	0.0335519529806	0.0413366288461	0.0429714107779	0.0407917015355	0.0519627114026	0.0585602241987	0.0187999922153	0.0324037132904	0.0292509195648	0.0485958390907	0.0449759648133	0.0371134421891	0.0402662359146	0.0276161376331	0.037230212327	0.0284140669093	0.0831403382442	0.0762703617928	0.0400910807076	0.032539945118	0.0568865188876	0.0513788607127
