	147406386-subgingivalplaque2.freeze11.snv.mod.fix.bam	158114885-supragingivalplaque2.freeze11.snv.mod.fix.bam	158479027-supragingivalplaque1.freeze11.snv.mod.fix.bam	159166850-supragingivalplaque2.freeze11.snv.mod.fix.bam	159207311-supragingivalplaque3.freeze11.snv.mod.fix.bam	159268001-supragingivalplaque2.freeze11.snv.mod.fix.bam	159268001-supragingivalplaque3.freeze11.snv.mod.fix.bam	160178356-supragingivalplaque2.freeze11.snv.mod.fix.bam	160178356-supragingivalplaque3.freeze11.snv.mod.fix.bam	160319967-supragingivalplaque2.freeze11.snv.mod.fix.bam	160319967-supragingivalplaque3.freeze11.snv.mod.fix.bam	160421117-supragingivalplaque2.freeze11.snv.mod.fix.bam	160421117-supragingivalplaque3.freeze11.snv.mod.fix.bam	160582958-supragingivalplaque2.freeze11.snv.mod.fix.bam	160582958-supragingivalplaque3.freeze11.snv.mod.fix.bam	160603188-supragingivalplaque2.freeze11.snv.mod.fix.bam	160603188-supragingivalplaque3.freeze11.snv.mod.fix.bam	404239096-supragingivalplaque2.freeze11.snv.mod.fix.bam	517810313-supragingivalplaque2.freeze11.snv.mod.fix.bam	550534656-supragingivalplaque3.freeze11.snv.mod.fix.bam	604812005-supragingivalplaque2.freeze11.snv.mod.fix.bam	604812005-supragingivalplaque3.freeze11.snv.mod.fix.bam	638754422-supragingivalplaque3.freeze11.snv.mod.fix.bam	650853796-supragingivalplaque1.freeze11.snv.mod.fix.bam	663835652-supragingivalplaque3.freeze11.snv.mod.fix.bam	686765762-supragingivalplaque3.freeze11.snv.mod.fix.bam	737052003-supragingivalplaque2.freeze11.snv.mod.fix.bam	763860675-supragingivalplaque1.freeze11.snv.mod.fix.bam	763921366-supragingivalplaque3.freeze11.snv.mod.fix.bam	763982056-supragingivalplaque3.freeze11.snv.mod.fix.bam	764062976-supragingivalplaque3.freeze11.snv.mod.fix.bam	764083206-supragingivalplaque1.freeze11.snv.mod.fix.bam	764588959-supragingivalplaque2.freeze11.snv.mod.fix.bam	764649650-supragingivalplaque2.freeze11.snv.mod.fix.bam	765013792-supragingivalplaque2.freeze11.snv.mod.fix.bam	765074482-supragingivalplaque3.freeze11.snv.mod.fix.bam	765620695-supragingivalplaque2.freeze11.snv.mod.fix.bam	765640925-supragingivalplaque1.freeze11.snv.mod.fix.bam	823052294-supragingivalplaque3.freeze11.snv.mod.fix.bam	861967750-supragingivalplaque2.freeze11.snv.mod.fix.bam	937495960-supragingivalplaque1.freeze11.snv.mod.fix.bam
147406386-subgingivalplaque2.freeze11.snv.mod.fix.bam	0.0	0.0906819543082	0.0576110207923	0.0449987165226	0.0417557970394	0.0706939334303	0.0883888080774	0.0368101309147	0.047471549585	0.0393856421665	0.0340207067682	0.0610678531702	0.062359887054	0.0626080260118	0.0657397107898	0.065448789253	0.0645161290323	0.0766407119021	0.0490288354582	0.101377599042	0.061435783349	0.0564473346453	0.0639428424745	0.0535894583726	0.0607683751177	0.119312056131	0.0422863010182	0.0644904594849	0.0510909557628	0.112415504407	0.0414905450501	0.0387695730299	0.0709506289039	0.0538547103619	0.0548729357406	0.0733635663558	0.06340378198	0.0492684179002	0.0602122015915	0.0357662359887	0.152023615984
158114885-supragingivalplaque2.freeze11.snv.mod.fix.bam	0.0906819543082	0.0	0.0903910327715	0.0822366732267	0.0882262342774	0.0914007016343	0.104945666125	0.0585008984342	0.0827500641739	0.0700350817147	0.0581415247711	0.0859074184992	0.0917686318131	0.0677077094207	0.064969624369	0.0926328399076	0.093137674339	0.0912381278343	0.0763754599127	0.0446992384701	0.0666295884316	0.0597843758022	0.0598784974758	0.0929408744759	0.106537178061	0.0920595533499	0.069701377599	0.0712158808933	0.057542568666	0.0489090442372	0.0791648840592	0.0580388465817	0.0996491828527	0.0911782322238	0.0677162659365	0.0852143407205	0.0682039873364	0.095867202875	0.0435868914178	0.034508428168	0.0559168306666
158479027-supragingivalplaque1.freeze11.snv.mod.fix.bam	0.0576110207923	0.0903910327715	0.0	0.0472661932061	0.0582784290237	0.070865063746	0.0855993839309	0.0534953366989	0.0649439548216	0.0478394797638	0.039565328998	0.0575682382134	0.0585008984342	0.061675365791	0.0662188756738	0.0712415504407	0.0707196029777	0.0795841533328	0.053572345341	0.104757422777	0.0609052793702	0.0557029177719	0.0622743218961	0.0575511251818	0.0699067339779	0.115145032943	0.0474202104903	0.0682039873364	0.0537178061094	0.110866775049	0.0452126294173	0.0495764524686	0.0690254128519	0.0608881663387	0.0536664670146	0.0760588688286	0.060794044665	0.0697783862411	0.060272097202	0.039727902798	0.14518695987
159166850-supragingivalplaque2.freeze11.snv.mod.fix.bam	0.0449987165226	0.0822366732267	0.0472661932061	0.0	0.0492598613844	0.0529819457517	0.0671686489262	0.0397792418927	0.0505861213314	0.0363908616411	0.0284161889279	0.0496962436896	0.0487036878583	0.0450671686489	0.0507658081629	0.058466672371	0.057020621203	0.0674852400103	0.0322409514846	0.0979378796954	0.0437922477967	0.0403183023873	0.0534867801831	0.0371866176093	0.0522717549414	0.111174809618	0.0272439462651	0.0558654915718	0.0354924274835	0.101480277231	0.0306922221271	0.040369641482	0.0605972448019	0.0440574997861	0.0437323521862	0.0756481560708	0.0474458800376	0.0592624283392	0.0429622657654	0.0248138957816	0.143082056986
159207311-supragingivalplaque3.freeze11.snv.mod.fix.bam	0.0417557970394	0.0882262342774	0.0582784290237	0.0492598613844	0.0	0.071027637546	0.0889107555403	0.0322409514846	0.040729015145	0.0369213656199	0.0339608111577	0.0574912295713	0.0631641995379	0.0634979036536	0.0631299734748	0.0648412766322	0.0649182852742	0.0747154958501	0.0501240694789	0.0995465046633	0.062642252075	0.0572944297082	0.0617951570121	0.0501326259947	0.0665611363053	0.117848891931	0.0435526653547	0.0636861470009	0.051364764268	0.113767433901	0.0391118336613	0.0312655086849	0.0690681954308	0.0524343287413	0.05682382134	0.0790622058698	0.056259091298	0.0576538033713	0.0605459057072	0.038521434072	0.15263968512
159268001-supragingivalplaque2.freeze11.snv.mod.fix.bam	0.0706939334303	0.0914007016343	0.070865063746	0.0529819457517	0.071027637546	0.0	0.000316591084111	0.0610079575597	0.0760503123128	0.0560366218876	0.0461966287328	0.0680328570206	0.0710960896723	0.0545050055617	0.0622144262856	0.0764524685548	0.0752117737657	0.0854710361941	0.0435526653547	0.105228031146	0.06340378198	0.0587832634551	0.065568580474	0.0698211688201	0.0795841533328	0.116984683837	0.0431932916916	0.0734491315136	0.0486266792162	0.103234362967	0.0457003508171	0.0593651065286	0.0841191066998	0.0694104560623	0.0702062120305	0.0868999743305	0.0752288867973	0.083708393942	0.0628304954223	0.0460426114486	0.143449987165
159268001-supragingivalplaque3.freeze11.snv.mod.fix.bam	0.0883888080774	0.104945666125	0.0855993839309	0.0671686489262	0.0889107555403	0.000316591084111	0.0	0.0744588003765	0.0955078292119	0.0685548044836	0.056378882519	0.0840078719945	0.0878668606144	0.0666210319158	0.0751005390605	0.0913151364764	0.09004877214	0.103893214683	0.0552922050141	0.121853341319	0.0768974073757	0.0705741422093	0.0756310430393	0.0861384444254	0.1006502952	0.137426200051	0.0550440660563	0.0874647043724	0.058868828613	0.118687430478	0.0573628818345	0.0730298622401	0.103619406178	0.0886369470352	0.0883374689826	0.103097458715	0.0931291178232	0.102874989304	0.072952853598	0.0557457003508	0.165465902285
160178356-supragingivalplaque2.freeze11.snv.mod.fix.bam	0.0368101309147	0.0585008984342	0.0534953366989	0.0397792418927	0.0322409514846	0.0610079575597	0.0744588003765	0.0	4.27825789339e-05	0.0190296911098	0.0173269444682	0.0559425002139	0.0578677162659	0.0538974929409	0.0513305382048	0.057944724908	0.0587747069393	0.0672713271156	0.0403097458715	0.0681440917258	0.0500556173526	0.0457174638487	0.0313510738427	0.0475143321639	0.0626679216223	0.0712586634722	0.0345854368101	0.0522717549414	0.0330452639685	0.0862582356464	0.0289210233593	0.0125695216908	0.0616839223068	0.0435441088389	0.051843929152	0.0690767519466	0.052528450415	0.0591426371182	0.0406776760503	0.0270300333704	0.13115427398
160178356-supragingivalplaque3.freeze11.snv.mod.fix.bam	0.047471549585	0.0827500641739	0.0649439548216	0.0505861213314	0.040729015145	0.0760503123128	0.0955078292119	4.27825789339e-05	0.0	0.0263968512022	0.0253871823394	0.070865063746	0.0736716009241	0.0704030118936	0.0703088902199	0.0772995636177	0.0775990416702	0.0882519038248	0.0563532129717	0.0906648412766	0.065850945495	0.0601009668863	0.0545991272354	0.0595362368444	0.0763583468811	0.112988790964	0.0478822623428	0.0736972704715	0.051364764268	0.111602635407	0.0365192093779	0.0169932403525	0.0743218961239	0.0563104303927	0.0659621802002	0.0880379909301	0.068417900231	0.0694190125781	0.0581500812869	0.0407119021135	0.163968512022
160319967-supragingivalplaque2.freeze11.snv.mod.fix.bam	0.0393856421665	0.0700350817147	0.0478394797638	0.0363908616411	0.0369213656199	0.0560366218876	0.0685548044836	0.0190296911098	0.0263968512022	0.0	0.00050483443142	0.0502438606999	0.0500812869	0.0407375716608	0.0466501240695	0.059151193634	0.0594677847181	0.0678531701891	0.0300333704116	0.0858988619834	0.0472833062377	0.0446992384701	0.0434671001968	0.0444767690596	0.0581586378027	0.0980576709164	0.0306922221271	0.0545563446565	0.0336784461367	0.0944382647386	0.0245315307607	0.0224095148456	0.0640968597587	0.0440318302387	0.0474801061008	0.06492684179	0.0508599298366	0.0596988106443	0.0430906135022	0.0262685034654	0.140857362882
160319967-supragingivalplaque3.freeze11.snv.mod.fix.bam	0.0340207067682	0.0581415247711	0.039565328998	0.0284161889279	0.0339608111577	0.0461966287328	0.056378882519	0.0173269444682	0.0253871823394	0.00050483443142	0.0	0.0431077265338	0.0412851886712	0.0281338239069	0.0329425857791	0.0509454949944	0.0508171472576	0.059228202276	0.021468298109	0.0749550782921	0.0385556601352	0.035954479336	0.0282792846753	0.0364849833148	0.0496705741422	0.0740994267134	0.0219988020878	0.0449901600068	0.0215709762985	0.0783177889963	0.0174381791734	0.0175836399418	0.0553178745615	0.0390348250193	0.0375631043039	0.0523829896466	0.0421921793446	0.0519209377941	0.0301103790536	0.0168477795842	0.127902797981
160421117-supragingivalplaque2.freeze11.snv.mod.fix.bam	0.0610678531702	0.0859074184992	0.0575682382134	0.0496962436896	0.0574912295713	0.0680328570206	0.0840078719945	0.0559425002139	0.070865063746	0.0502438606999	0.0431077265338	0.0	0.00765808162916	0.0587832634551	0.0575083426029	0.0646188072217	0.0653375545478	0.0766407119021	0.0483699837426	0.0983571489689	0.044784803628	0.0428852571233	0.0612133139386	0.0640626336956	0.0700949773252	0.095182681612	0.044220073586	0.0590570719603	0.0472062975956	0.102909215368	0.0483699837426	0.0506289039103	0.0657054847266	0.0594335586549	0.0607854881492	0.0702062120305	0.0611619748438	0.0766321553863	0.0549927269616	0.03844442543	0.134876358347
160421117-supragingivalplaque3.freeze11.snv.mod.fix.bam	0.062359887054	0.0917686318131	0.0585008984342	0.0487036878583	0.0631641995379	0.0710960896723	0.0878668606144	0.0578677162659	0.0736716009241	0.0500812869	0.0412851886712	0.00765808162916	0.0	0.0625481304013	0.0631727560537	0.0699922991358	0.070788055104	0.084110550184	0.0519466073415	0.106374604261	0.0287498930436	0.0276461025071	0.0642679900744	0.062197313254	0.0744074612818	0.114263711817	0.0480533926585	0.0659193976213	0.0506887995208	0.110729870797	0.0491914092582	0.0515358945837	0.0821853341319	0.0635663557799	0.0612304269701	0.0761615470181	0.0680071874733	0.0789851972277	0.0546076837512	0.0373663044408	0.148712244374
160582958-supragingivalplaque2.freeze11.snv.mod.fix.bam	0.0626080260118	0.0677077094207	0.061675365791	0.0450671686489	0.0634979036536	0.0545050055617	0.0666210319158	0.0538974929409	0.0704030118936	0.0407375716608	0.0281338239069	0.0587832634551	0.0625481304013	0.0	0.00551039616668	0.0705826987251	0.0690510823992	0.0789680841961	0.0242833918029	0.0854539231625	0.0572003080346	0.0519893899204	0.0343971934628	0.0609822880123	0.0715752545563	0.080576709164	0.0382390690511	0.0634123384958	0.0300248138958	0.0795071446907	0.0241293745187	0.0477368015744	0.0747839479764	0.0585094549499	0.0605373491914	0.075400017113	0.0639856250535	0.0793017883118	0.0435868914178	0.0339693676735	0.13017883118
160582958-supragingivalplaque3.freeze11.snv.mod.fix.bam	0.0657397107898	0.064969624369	0.0662188756738	0.0507658081629	0.0631299734748	0.0622144262856	0.0751005390605	0.0513305382048	0.0703088902199	0.0466501240695	0.0329425857791	0.0575083426029	0.0631727560537	0.00551039616668	0.0	0.0724223496192	0.0723966800719	0.073072644819	0.0363823051254	0.0780439804911	0.0532215281937	0.0472062975956	0.0297510053906	0.0679558483785	0.0722255497561	0.06155557457	0.0462308547959	0.0573971078977	0.0305895439377	0.0774022418071	0.0366218875674	0.0403183023873	0.0796183793959	0.06340378198	0.0595875759391	0.0614101138017	0.0554034397193	0.0773851287756	0.0340891588945	0.0294173012749	0.100470608368
160603188-supragingivalplaque2.freeze11.snv.mod.fix.bam	0.065448789253	0.0926328399076	0.0712415504407	0.058466672371	0.0648412766322	0.0764524685548	0.0913151364764	0.057944724908	0.0772995636177	0.059151193634	0.0509454949944	0.0646188072217	0.0699922991358	0.0705826987251	0.0724223496192	0.0	0.00053050397878	0.0417301274921	0.0532300847095	0.10456917943	0.0660734149055	0.0610935227175	0.0637460426114	0.069102421494	0.0851202190468	0.113151364764	0.0530675109096	0.0264481902969	0.0525370069308	0.106588517156	0.0580474030975	0.058706254813	0.0730897578506	0.0727560537349	0.0725421408402	0.0422349619235	0.0728587319244	0.0756738256182	0.0589800633182	0.0415846667237	0.145007273038
160603188-supragingivalplaque3.freeze11.snv.mod.fix.bam	0.0645161290323	0.093137674339	0.0707196029777	0.057020621203	0.0649182852742	0.0752117737657	0.09004877214	0.0587747069393	0.0775990416702	0.0594677847181	0.0508171472576	0.0653375545478	0.070788055104	0.0690510823992	0.0723966800719	0.00053050397878	0.0	0.0404466501241	0.0524257722255	0.105570291777	0.0647813810216	0.0599212800548	0.064969624369	0.0683152220416	0.0833490202789	0.114024129375	0.0519038247626	0.0258577907076	0.0514503294259	0.108470950629	0.0565500128348	0.0580046205185	0.0724223496192	0.0730213057243	0.0718405065457	0.0429023701549	0.0727988363139	0.0743475656713	0.0580131770343	0.0418242491657	0.145743133396
404239096-supragingivalplaque2.freeze11.snv.mod.fix.bam	0.0766407119021	0.0912381278343	0.0795841533328	0.0674852400103	0.0747154958501	0.0854710361941	0.103893214683	0.0672713271156	0.0882519038248	0.0678531701891	0.059228202276	0.0766407119021	0.084110550184	0.0789680841961	0.073072644819	0.0417301274921	0.0404466501241	0.0	0.0611106357491	0.107563959956	0.0736972704715	0.0671943184735	0.0612047574228	0.0806451612903	0.0943355865492	0.109754427997	0.0610592966544	0.0485496705741	0.0568922734662	0.110832548986	0.0626508085907	0.0625566869171	0.0856935056045	0.083066655258	0.0815692649953	0.0622058697698	0.0848635235732	0.0863780268675	0.0604517840335	0.0489946093951	0.152571232994
517810313-supragingivalplaque2.freeze11.snv.mod.fix.bam	0.0490288354582	0.0763754599127	0.053572345341	0.0322409514846	0.0501240694789	0.0435526653547	0.0552922050141	0.0403097458715	0.0563532129717	0.0300333704116	0.021468298109	0.0483699837426	0.0519466073415	0.0242833918029	0.0363823051254	0.0532300847095	0.0524257722255	0.0611106357491	0.0	0.0950457773595	0.0478309232481	0.0447249080175	0.0474373235219	0.0478908188586	0.0609395054334	0.108616411397	0.0231368186874	0.0474373235219	0.0273295114229	0.0933259176863	0.0206297595619	0.0403439719346	0.0614700094122	0.0454778814067	0.0449901600068	0.0702746641568	0.051125181826	0.0667493796526	0.0469581586378	0.0289894754856	0.14230341405
550534656-supragingivalplaque3.freeze11.snv.mod.fix.bam	0.101377599042	0.0446992384701	0.104757422777	0.0979378796954	0.0995465046633	0.105228031146	0.121853341319	0.0681440917258	0.0906648412766	0.0858988619834	0.0749550782921	0.0983571489689	0.106374604261	0.0854539231625	0.0780439804911	0.10456917943	0.105570291777	0.107563959956	0.0950457773595	0.0	0.0832377855737	0.0744844699238	0.0740823136819	0.10848806366	0.118593308805	0.101865320442	0.0901771198768	0.0844442542996	0.0728929579875	0.0501155129631	0.0924531530761	0.0641310858219	0.114973902627	0.106751090956	0.100675964747	0.0952682467699	0.0866090527937	0.108616411397	0.0576709164028	0.0491828527424	0.0516129032258
604812005-supragingivalplaque2.freeze11.snv.mod.fix.bam	0.061435783349	0.0666295884316	0.0609052793702	0.0437922477967	0.062642252075	0.06340378198	0.0768974073757	0.0500556173526	0.065850945495	0.0472833062377	0.0385556601352	0.044784803628	0.0287498930436	0.0572003080346	0.0532215281937	0.0660734149055	0.0647813810216	0.0736972704715	0.0478309232481	0.0832377855737	0.0	0.000308034568324	0.0355865491572	0.0601865320442	0.0720458629246	0.0540771797724	0.0427996919654	0.0544108838881	0.0347480106101	0.084469923847	0.045263968512	0.0424831008813	0.0749294087448	0.0627534867802	0.059347993497	0.0705228031146	0.0636519209378	0.0742277744502	0.0382133995037	0.0332848464105	0.118251048173
604812005-supragingivalplaque3.freeze11.snv.mod.fix.bam	0.0564473346453	0.0597843758022	0.0557029177719	0.0403183023873	0.0572944297082	0.0587832634551	0.0705741422093	0.0457174638487	0.0601009668863	0.0446992384701	0.035954479336	0.0428852571233	0.0276461025071	0.0519893899204	0.0472062975956	0.0610935227175	0.0599212800548	0.0671943184735	0.0447249080175	0.0744844699238	0.000308034568324	0.0	0.0290408145803	0.0561136305296	0.0651664242321	0.0330794900317	0.0412680756396	0.0486780183109	0.0286643278857	0.0755797039446	0.0420809446393	0.0392744074613	0.0696671515359	0.0585351244973	0.05513818773	0.0619491742962	0.0574997860871	0.0669376229999	0.032583212116	0.0309574741165	0.0933515872337
638754422-supragingivalplaque3.freeze11.snv.mod.fix.bam	0.0639428424745	0.0598784974758	0.0622743218961	0.0534867801831	0.0617951570121	0.065568580474	0.0756310430393	0.0313510738427	0.0545991272354	0.0434671001968	0.0282792846753	0.0612133139386	0.0642679900744	0.0343971934628	0.0297510053906	0.0637460426114	0.064969624369	0.0612047574228	0.0474373235219	0.0740823136819	0.0355865491572	0.0290408145803	0.0	0.0641738684008	0.077368015744	0.0429879353127	0.0436296739967	0.0410028236502	0.0201505946778	0.073115427398	0.0523059810045	0.0267048857705	0.0729956361769	0.0667065970737	0.0466757936168	0.0423461966287	0.045905707196	0.0670830837683	0.0219731325404	0.0187045435099	0.0864036964148
650853796-supragingivalplaque1.freeze11.snv.mod.fix.bam	0.0535894583726	0.0929408744759	0.0575511251818	0.0371866176093	0.0501326259947	0.0698211688201	0.0861384444254	0.0475143321639	0.0595362368444	0.0444767690596	0.0364849833148	0.0640626336956	0.062197313254	0.0609822880123	0.0679558483785	0.069102421494	0.0683152220416	0.0806451612903	0.0478908188586	0.10848806366	0.0601865320442	0.0561136305296	0.0641738684008	0.0	0.0673654487893	0.123932574656	0.0367759048515	0.0648755026953	0.0489090442372	0.113536407975	0.0454607683751	0.0480362796269	0.0698297253358	0.0571917515188	0.0590057328656	0.0821168820056	0.0630786343801	0.0681526482416	0.0587233678446	0.0302045007273	0.156464447677
663835652-supragingivalplaque3.freeze11.snv.mod.fix.bam	0.0607683751177	0.106537178061	0.0699067339779	0.0522717549414	0.0665611363053	0.0795841533328	0.1006502952	0.0626679216223	0.0763583468811	0.0581586378027	0.0496705741422	0.0700949773252	0.0744074612818	0.0715752545563	0.0722255497561	0.0851202190468	0.0833490202789	0.0943355865492	0.0609395054334	0.118593308805	0.0720458629246	0.0651664242321	0.077368015744	0.0673654487893	0.0	0.130290065885	0.037802686746	0.0818088474373	0.0592110892445	0.126456746813	0.0514588859416	0.0586976982973	0.0847437323522	0.0497903653632	0.0685975870625	0.0957388551382	0.0723710105245	0.0787199452383	0.0677504919997	0.0390262685035	0.165893728074
686765762-supragingivalplaque3.freeze11.snv.mod.fix.bam	0.119312056131	0.0920595533499	0.115145032943	0.111174809618	0.117848891931	0.116984683837	0.137426200051	0.0712586634722	0.112988790964	0.0980576709164	0.0740994267134	0.095182681612	0.114263711817	0.080576709164	0.06155557457	0.113151364764	0.114024129375	0.109754427997	0.108616411397	0.101865320442	0.0540771797724	0.0330794900317	0.0429879353127	0.123932574656	0.130290065885	0.0	0.10418413622	0.0652862154531	0.0402755198083	0.104115684093	0.107846324976	0.065850945495	0.133216394284	0.119731325404	0.110250705913	0.0688286129888	0.0929579875075	0.116223153932	0.0419697099341	0.0544451099512	0.0882775733721
737052003-supragingivalplaque2.freeze11.snv.mod.fix.bam	0.0422863010182	0.069701377599	0.0474202104903	0.0272439462651	0.0435526653547	0.0431932916916	0.0550440660563	0.0345854368101	0.0478822623428	0.0306922221271	0.0219988020878	0.044220073586	0.0480533926585	0.0382390690511	0.0462308547959	0.0530675109096	0.0519038247626	0.0610592966544	0.0231368186874	0.0901771198768	0.0427996919654	0.0412680756396	0.0436296739967	0.0367759048515	0.037802686746	0.10418413622	0.0	0.0501411825105	0.0297852314538	0.0917001796868	0.0273038418756	0.0345768802943	0.0530589543938	0.0256353212972	0.0331393856422	0.069461795157	0.0477795841533	0.0613758877385	0.0396423376401	0.0142637118165	0.140900145461
763860675-supragingivalplaque1.freeze11.snv.mod.fix.bam	0.0644904594849	0.0712158808933	0.0682039873364	0.0558654915718	0.0636861470009	0.0734491315136	0.0874647043724	0.0522717549414	0.0736972704715	0.0545563446565	0.0449901600068	0.0590570719603	0.0659193976213	0.0634123384958	0.0573971078977	0.0264481902969	0.0258577907076	0.0485496705741	0.0474373235219	0.0844442542996	0.0544108838881	0.0486780183109	0.0410028236502	0.0648755026953	0.0818088474373	0.0652862154531	0.0501411825105	0.0	0.0386326687773	0.0885513818773	0.0552750919825	0.0497646958159	0.0728844014717	0.0697869427569	0.0672456575682	0.0306751090956	0.067296996663	0.0750663129973	0.0424831008813	0.0334559767263	0.120373064088
763921366-supragingivalplaque3.freeze11.snv.mod.fix.bam	0.0510909557628	0.057542568666	0.0537178061094	0.0354924274835	0.051364764268	0.0486266792162	0.058868828613	0.0330452639685	0.051364764268	0.0336784461367	0.0215709762985	0.0472062975956	0.0506887995208	0.0300248138958	0.0305895439377	0.0525370069308	0.0514503294259	0.0568922734662	0.0273295114229	0.0728929579875	0.0347480106101	0.0286643278857	0.0201505946778	0.0489090442372	0.0592110892445	0.0402755198083	0.0297852314538	0.0386326687773	0.0	0.0708736202618	0.0325404295371	0.0314965346111	0.0617780439805	0.0485838966373	0.0433729785231	0.0518610421836	0.042012492513	0.0600496277916	0.0224522974245	0.0194404038675	0.0989133224951
763982056-supragingivalplaque3.freeze11.snv.mod.fix.bam	0.112415504407	0.0489090442372	0.110866775049	0.101480277231	0.113767433901	0.103234362967	0.118687430478	0.0862582356464	0.111602635407	0.0944382647386	0.0783177889963	0.102909215368	0.110729870797	0.0795071446907	0.0774022418071	0.106588517156	0.108470950629	0.110832548986	0.0933259176863	0.0501155129631	0.084469923847	0.0755797039446	0.073115427398	0.113536407975	0.126456746813	0.104115684093	0.0917001796868	0.0885513818773	0.0708736202618	0.0	0.0978694275691	0.0811756652691	0.123333618551	0.112971677933	0.10576709164	0.0992726961581	0.0902712415504	0.118584752289	0.050603234363	0.04839565329	0.056943612561
764062976-supragingivalplaque3.freeze11.snv.mod.fix.bam	0.0414905450501	0.0791648840592	0.0452126294173	0.0306922221271	0.0391118336613	0.0457003508171	0.0573628818345	0.0289210233593	0.0365192093779	0.0245315307607	0.0174381791734	0.0483699837426	0.0491914092582	0.0241293745187	0.0366218875674	0.0580474030975	0.0565500128348	0.0626508085907	0.0206297595619	0.0924531530761	0.045263968512	0.0420809446393	0.0523059810045	0.0454607683751	0.0514588859416	0.107846324976	0.0273038418756	0.0552750919825	0.0325404295371	0.0978694275691	0.0	0.0281338239069	0.0576880294344	0.0410199366818	0.0447676905964	0.073637374861	0.0464447676906	0.0572003080346	0.0476426799007	0.0279455805596	0.141636005818
764083206-supragingivalplaque1.freeze11.snv.mod.fix.bam	0.0387695730299	0.0580388465817	0.0495764524686	0.040369641482	0.0312655086849	0.0593651065286	0.0730298622401	0.0125695216908	0.0169932403525	0.0224095148456	0.0175836399418	0.0506289039103	0.0515358945837	0.0477368015744	0.0403183023873	0.058706254813	0.0580046205185	0.0625566869171	0.0403439719346	0.0641310858219	0.0424831008813	0.0392744074613	0.0267048857705	0.0480362796269	0.0586976982973	0.065850945495	0.0345768802943	0.0497646958159	0.0314965346111	0.0811756652691	0.0281338239069	0.0	0.062479678275	0.0448190296911	0.0498331479422	0.0575511251818	0.0485924531531	0.0547873705827	0.0326516642423	0.0228544536665	0.114708650637
764588959-supragingivalplaque2.freeze11.snv.mod.fix.bam	0.0709506289039	0.0996491828527	0.0690254128519	0.0605972448019	0.0690681954308	0.0841191066998	0.103619406178	0.0616839223068	0.0743218961239	0.0640968597587	0.0553178745615	0.0657054847266	0.0821853341319	0.0747839479764	0.0796183793959	0.0730897578506	0.0724223496192	0.0856935056045	0.0614700094122	0.114973902627	0.0749294087448	0.0696671515359	0.0729956361769	0.0698297253358	0.0847437323522	0.133216394284	0.0530589543938	0.0728844014717	0.0617780439805	0.123333618551	0.0576880294344	0.062479678275	0.0	0.0696928210833	0.0708393941987	0.0928895353812	0.0740908701977	0.0877556259091	0.071267219988	0.0462051852486	0.166013519295
764649650-supragingivalplaque2.freeze11.snv.mod.fix.bam	0.0538547103619	0.0911782322238	0.0608881663387	0.0440574997861	0.0524343287413	0.0694104560623	0.0886369470352	0.0435441088389	0.0563104303927	0.0440318302387	0.0390348250193	0.0594335586549	0.0635663557799	0.0585094549499	0.06340378198	0.0727560537349	0.0730213057243	0.083066655258	0.0454778814067	0.106751090956	0.0627534867802	0.0585351244973	0.0667065970737	0.0571917515188	0.0497903653632	0.119731325404	0.0256353212972	0.0697869427569	0.0485838966373	0.112971677933	0.0410199366818	0.0448190296911	0.0696928210833	0.0	0.0580730726448	0.0859844271413	0.0601180799179	0.0747668349448	0.0584495593394	0.0262685034654	0.157020621203
765013792-supragingivalplaque2.freeze11.snv.mod.fix.bam	0.0548729357406	0.0677162659365	0.0536664670146	0.0437323521862	0.05682382134	0.0702062120305	0.0883374689826	0.051843929152	0.0659621802002	0.0474801061008	0.0375631043039	0.0607854881492	0.0612304269701	0.0605373491914	0.0595875759391	0.0725421408402	0.0718405065457	0.0815692649953	0.0449901600068	0.100675964747	0.059347993497	0.05513818773	0.0466757936168	0.0590057328656	0.0685975870625	0.110250705913	0.0331393856422	0.0672456575682	0.0433729785231	0.10576709164	0.0447676905964	0.0498331479422	0.0708393941987	0.0580730726448	0.0	0.0798066227432	0.0590656284761	0.0755283648498	0.0535809018568	0.0349276974416	0.154094292804
765074482-supragingivalplaque3.freeze11.snv.mod.fix.bam	0.0733635663558	0.0852143407205	0.0760588688286	0.0756481560708	0.0790622058698	0.0868999743305	0.103097458715	0.0690767519466	0.0880379909301	0.06492684179	0.0523829896466	0.0702062120305	0.0761615470181	0.075400017113	0.0614101138017	0.0422349619235	0.0429023701549	0.0622058697698	0.0702746641568	0.0952682467699	0.0705228031146	0.0619491742962	0.0423461966287	0.0821168820056	0.0957388551382	0.0688286129888	0.069461795157	0.0306751090956	0.0518610421836	0.0992726961581	0.073637374861	0.0575511251818	0.0928895353812	0.0859844271413	0.0798066227432	0.0	0.0816804997005	0.0865234876358	0.0452468554804	0.0401728416189	0.116445623342
765620695-supragingivalplaque2.freeze11.snv.mod.fix.bam	0.06340378198	0.0682039873364	0.060794044665	0.0474458800376	0.056259091298	0.0752288867973	0.0931291178232	0.052528450415	0.068417900231	0.0508599298366	0.0421921793446	0.0611619748438	0.0680071874733	0.0639856250535	0.0554034397193	0.0728587319244	0.0727988363139	0.0848635235732	0.051125181826	0.0866090527937	0.0636519209378	0.0574997860871	0.045905707196	0.0630786343801	0.0723710105245	0.0929579875075	0.0477795841533	0.067296996663	0.042012492513	0.0902712415504	0.0464447676906	0.0485924531531	0.0740908701977	0.0601180799179	0.0590656284761	0.0816804997005	0.0	0.080978865406	0.0489774963635	0.0370924959357	0.138889364251
765640925-supragingivalplaque1.freeze11.snv.mod.fix.bam	0.0492684179002	0.095867202875	0.0697783862411	0.0592624283392	0.0576538033713	0.083708393942	0.102874989304	0.0591426371182	0.0694190125781	0.0596988106443	0.0519209377941	0.0766321553863	0.0789851972277	0.0793017883118	0.0773851287756	0.0756738256182	0.0743475656713	0.0863780268675	0.0667493796526	0.108616411397	0.0742277744502	0.0669376229999	0.0670830837683	0.0681526482416	0.0787199452383	0.116223153932	0.0613758877385	0.0750663129973	0.0600496277916	0.118584752289	0.0572003080346	0.0547873705827	0.0877556259091	0.0747668349448	0.0755283648498	0.0865234876358	0.080978865406	0.0	0.065688371695	0.0493796526055	0.162616582528
823052294-supragingivalplaque3.freeze11.snv.mod.fix.bam	0.0602122015915	0.0435868914178	0.060272097202	0.0429622657654	0.0605459057072	0.0628304954223	0.072952853598	0.0406776760503	0.0581500812869	0.0430906135022	0.0301103790536	0.0549927269616	0.0546076837512	0.0435868914178	0.0340891588945	0.0589800633182	0.0580131770343	0.0604517840335	0.0469581586378	0.0576709164028	0.0382133995037	0.032583212116	0.0219731325404	0.0587233678446	0.0677504919997	0.0419697099341	0.0396423376401	0.0424831008813	0.0224522974245	0.050603234363	0.0476426799007	0.0326516642423	0.071267219988	0.0584495593394	0.0535809018568	0.0452468554804	0.0489774963635	0.065688371695	0.0	0.0208180029092	0.0726533755455
861967750-supragingivalplaque2.freeze11.snv.mod.fix.bam	0.0357662359887	0.034508428168	0.039727902798	0.0248138957816	0.038521434072	0.0460426114486	0.0557457003508	0.0270300333704	0.0407119021135	0.0262685034654	0.0168477795842	0.03844442543	0.0373663044408	0.0339693676735	0.0294173012749	0.0415846667237	0.0418242491657	0.0489946093951	0.0289894754856	0.0491828527424	0.0332848464105	0.0309574741165	0.0187045435099	0.0302045007273	0.0390262685035	0.0544451099512	0.0142637118165	0.0334559767263	0.0194404038675	0.04839565329	0.0279455805596	0.0228544536665	0.0462051852486	0.0262685034654	0.0349276974416	0.0401728416189	0.0370924959357	0.0493796526055	0.0208180029092	0.0	0.080337126722
937495960-supragingivalplaque1.freeze11.snv.mod.fix.bam	0.152023615984	0.0559168306666	0.14518695987	0.143082056986	0.15263968512	0.143449987165	0.165465902285	0.13115427398	0.163968512022	0.140857362882	0.127902797981	0.134876358347	0.148712244374	0.13017883118	0.100470608368	0.145007273038	0.145743133396	0.152571232994	0.14230341405	0.0516129032258	0.118251048173	0.0933515872337	0.0864036964148	0.156464447677	0.165893728074	0.0882775733721	0.140900145461	0.120373064088	0.0989133224951	0.056943612561	0.141636005818	0.114708650637	0.166013519295	0.157020621203	0.154094292804	0.116445623342	0.138889364251	0.162616582528	0.0726533755455	0.080337126722	0.0
