	147406386-tonguedorsum3.freeze11.snv.mod.fix.bam	158155345-tonguedorsum2.freeze11.snv.mod.fix.bam	158256496-tonguedorsum2.freeze11.snv.mod.fix.bam	158458797-tonguedorsum1.freeze11.snv.mod.fix.bam	158458797-tonguedorsum2.freeze11.snv.mod.fix.bam	158883629-tonguedorsum1.freeze11.snv.mod.fix.bam	158883629-tonguedorsum2.freeze11.snv.mod.fix.bam	158944319-tonguedorsum3.freeze11.snv.mod.fix.bam	159551223-tonguedorsum1.freeze11.snv.mod.fix.bam	159753524-tonguedorsum3.freeze11.snv.mod.fix.bam	160421117-tonguedorsum2.freeze11.snv.mod.fix.bam	160502038-tonguedorsum3.freeze11.snv.mod.fix.bam	160582958-tonguedorsum3.freeze11.snv.mod.fix.bam	160704339-tonguedorsum1.freeze11.snv.mod.fix.bam	338793263-tonguedorsum2.freeze11.snv.mod.fix.bam	375450439-tonguedorsum3.freeze11.snv.mod.fix.bam	508703490-tonguedorsum2.freeze11.snv.mod.fix.bam	663835652-tonguedorsum2.freeze11.snv.mod.fix.bam	663835652-tonguedorsum3.freeze11.snv.mod.fix.bam	675950834-tonguedorsum3.freeze11.snv.mod.fix.bam	763557224-tonguedorsum3.freeze11.snv.mod.fix.bam	763820215-tonguedorsum1.freeze11.snv.mod.fix.bam	763961826-tonguedorsum2.freeze11.snv.mod.fix.bam	763982056-tonguedorsum3.freeze11.snv.mod.fix.bam	764285508-tonguedorsum1.freeze11.snv.mod.fix.bam	764285508-tonguedorsum2.freeze11.snv.mod.fix.bam	765135172-tonguedorsum2.freeze11.snv.mod.fix.bam	765337473-tonguedorsum2.freeze11.snv.mod.fix.bam	823052294-tonguedorsum1.freeze11.snv.mod.fix.bam	823052294-tonguedorsum3.freeze11.snv.mod.fix.bam
147406386-tonguedorsum3.freeze11.snv.mod.fix.bam	0.0	0.0535983337765	0.0743153416645	0.123836745546	0.0727200212709	0.060156873172	0.0842639368962	0.0936142869804	0.0902685455996	0.0911769919348	0.0940352743065	0.123770273863	0.121133563769	0.082291943632	0.105845076664	0.118962155455	0.107927856067	0.0474829389347	0.0802313214571	0.0996632101391	0.0829788176903	0.0844633519454	0.0739386687938	0.0759328192857	0.102831693698	0.0852610121422	0.0805415226447	0.0993530089515	0.0746255428521	0.0614863068333
158155345-tonguedorsum2.freeze11.snv.mod.fix.bam	0.0535983337765	0.0	0.00870779048125	0.124412833466	0.0737835681999	0.0606221749535	0.0785030576974	0.0842196224408	0.094633519454	0.0848843392715	0.0870557475849	0.128090933262	0.105667818843	0.0720996188957	0.099530266773	0.116170344766	0.0919081804485	0.0590490117876	0.0658069662324	0.0911105202517	0.0742710272091	0.0744704422583	0.055902685456	0.0683993618718	0.104715058052	0.0762873349287	0.0658069662324	0.09179739431	0.0573429052557	0.0479482407161
158256496-tonguedorsum2.freeze11.snv.mod.fix.bam	0.0743153416645	0.00870779048125	0.0	0.130439599397	0.0788575733404	0.0682885757334	0.0800319064079	0.0808074093769	0.102011876274	0.0876983071878	0.0899140299566	0.133984755827	0.107285296464	0.0743153416645	0.103141894886	0.120202960206	0.0908003190641	0.0686874058318	0.065053620491	0.0940131170788	0.0750908446335	0.0759549765133	0.0567889745635	0.0692634937517	0.109102189134	0.0752459452273	0.061508464061	0.0952096073739	0.0572985908003	0.0465523353718
158458797-tonguedorsum1.freeze11.snv.mod.fix.bam	0.123836745546	0.124412833466	0.130439599397	0.0	0.0250376672871	0.120513161393	0.125853053266	0.131170787911	0.120202960206	0.121510236639	0.130882743951	0.144775325711	0.155410795001	0.120291589116	0.136333421962	0.134826730479	0.142448816804	0.134162013649	0.122485154657	0.143977665514	0.12667287069	0.122706726934	0.133430825135	0.12312771426	0.117521935655	0.116857218825	0.125077550297	0.139789949482	0.126052468315	0.113112647346
158458797-tonguedorsum2.freeze11.snv.mod.fix.bam	0.0727200212709	0.0737835681999	0.0788575733404	0.0250376672871	0.0	0.0700611539484	0.0828237170965	0.0840866790747	0.0787024727466	0.0748028006736	0.0803199503678	0.11306833289	0.112071257644	0.0733182664185	0.0833776477887	0.0964947265798	0.0962731543029	0.0789905167065	0.0740937693876	0.0954533368785	0.0751794735443	0.0706815563237	0.0804750509616	0.0714127448374	0.0813834972968	0.068244261278	0.0731631658247	0.0903571745103	0.0769963662147	0.0586058672339
158883629-tonguedorsum1.freeze11.snv.mod.fix.bam	0.060156873172	0.0606221749535	0.0682885757334	0.120513161393	0.0700611539484	0.0	0.0189001152176	0.0852610121422	0.0866569174865	0.0821146858105	0.0864353452096	0.11987060179	0.106620579633	0.06966232385	0.0951431356909	0.111184968537	0.0972702295489	0.0651422494018	0.0689089781087	0.0904901178765	0.0746033856244	0.0732074802801	0.0686430913764	0.0740272977045	0.0962731543029	0.0734290525569	0.070304883453	0.0926836834175	0.0660506957369	0.0526677302136
158883629-tonguedorsum2.freeze11.snv.mod.fix.bam	0.0842639368962	0.0785030576974	0.0800319064079	0.125853053266	0.0828237170965	0.0189001152176	0.0	0.0908003190641	0.103673668351	0.0909554196579	0.0993973234069	0.124058317823	0.110032792697	0.079455818488	0.106598422405	0.120889834264	0.103895240627	0.0828237170965	0.0736506248338	0.0992865372685	0.0865018168927	0.0853496410529	0.0811619250199	0.0862137729327	0.104271913498	0.0798546485864	0.0774173535407	0.101546574493	0.0775502969069	0.0637685012851
158944319-tonguedorsum3.freeze11.snv.mod.fix.bam	0.0936142869804	0.0842196224408	0.0808074093769	0.131170787911	0.0840866790747	0.0852610121422	0.0908003190641	0.0	0.107484711513	0.0934370291589	0.0950766640078	0.128423291678	0.118186652486	0.0891606842152	0.109080031906	0.123105557033	0.0978463174688	0.0896481432243	0.0809181955154	0.102011876274	0.0846184525392	0.0818487990783	0.0828015598688	0.0772844101746	0.107440397058	0.0800540636356	0.0752902596827	0.0987326065763	0.0803199503678	0.0677346450412
159551223-tonguedorsum1.freeze11.snv.mod.fix.bam	0.0902685455996	0.094633519454	0.102011876274	0.120202960206	0.0787024727466	0.0866569174865	0.103673668351	0.107484711513	0.0	0.10070459984	0.103252681025	0.129154480191	0.132633164938	0.0967606133121	0.110985553488	0.113112647346	0.121820437827	0.0989320216255	0.0987104493486	0.115505627936	0.0989320216255	0.0965833554906	0.104183284587	0.0972923867766	0.099884782416	0.0924842683683	0.0969600283613	0.116458388726	0.101214216077	0.0842196224408
159753524-tonguedorsum3.freeze11.snv.mod.fix.bam	0.0911769919348	0.0848843392715	0.0876983071878	0.121510236639	0.0748028006736	0.0821146858105	0.0909554196579	0.0934370291589	0.10070459984	0.0	0.0855047416467	0.127381901976	0.118962155455	0.0855712133298	0.0953868651954	0.116923690508	0.103895240627	0.0921297527253	0.0839094212532	0.0960515820261	0.0753567313658	0.0691748648409	0.0886510679784	0.084352565807	0.100150669148	0.0840423646193	0.0765310644332	0.0904901178765	0.0842639368962	0.0657183373216
160421117-tonguedorsum2.freeze11.snv.mod.fix.bam	0.0940352743065	0.0870557475849	0.0899140299566	0.130882743951	0.0803199503678	0.0864353452096	0.0993973234069	0.0950766640078	0.103252681025	0.0855047416467	0.0	0.139391119383	0.127581317026	0.0891828414429	0.099818310733	0.124678720199	0.110165736063	0.0917087653993	0.0866126030311	0.0963174687583	0.0757777186918	0.0699725250377	0.0867677036249	0.0874988921386	0.108592572897	0.09179739431	0.0798546485864	0.093924488168	0.0843304085793	0.0683328901888
160502038-tonguedorsum3.freeze11.snv.mod.fix.bam	0.123770273863	0.128090933262	0.133984755827	0.144775325711	0.11306833289	0.11987060179	0.124058317823	0.128423291678	0.129154480191	0.127381901976	0.139391119383	0.0	0.15667375698	0.12399184614	0.14171762829	0.14814322432	0.144132766108	0.133696711867	0.125365594257	0.145329256403	0.131436674643	0.125609323761	0.133009837809	0.126850128512	0.128223876629	0.120225117433	0.124966764158	0.144952583533	0.128755650093	0.115549942391
160582958-tonguedorsum3.freeze11.snv.mod.fix.bam	0.121133563769	0.105667818843	0.107285296464	0.155410795001	0.112071257644	0.106620579633	0.110032792697	0.118186652486	0.132633164938	0.118962155455	0.127581317026	0.15667375698	0.0	0.0804972081893	0.143069219179	0.150403261544	0.125299122574	0.116059558628	0.103518567757	0.135690862359	0.117743507932	0.113600106355	0.106155277852	0.109833377648	0.134383585926	0.101347159443	0.107063724187	0.132123548702	0.102344234689	0.0917530798546
160704339-tonguedorsum1.freeze11.snv.mod.fix.bam	0.082291943632	0.0720996188957	0.0743153416645	0.120291589116	0.0733182664185	0.06966232385	0.079455818488	0.0891606842152	0.0967606133121	0.0855712133298	0.0891828414429	0.12399184614	0.0804972081893	0.0	0.102765222015	0.108215900027	0.0939909598511	0.078104227599	0.0690862359302	0.0983780909333	0.0803642648232	0.0799875919525	0.0713241159266	0.0765532216609	0.1009926438	0.0651422494018	0.0718558893911	0.0972702295489	0.0633475139591	0.0531773464504
338793263-tonguedorsum2.freeze11.snv.mod.fix.bam	0.105845076664	0.099530266773	0.103141894886	0.136333421962	0.0833776477887	0.0951431356909	0.106598422405	0.109080031906	0.110985553488	0.0953868651954	0.099818310733	0.14171762829	0.143069219179	0.102765222015	0.0	0.130262341576	0.124789506337	0.105579189932	0.0987990782593	0.115727200213	0.0901356022334	0.0812505539307	0.104670743597	0.101369316671	0.114929540016	0.0960072675707	0.0934813436143	0.109944163786	0.100239298059	0.0805858371001
375450439-tonguedorsum3.freeze11.snv.mod.fix.bam	0.118962155455	0.116170344766	0.120202960206	0.134826730479	0.0964947265798	0.111184968537	0.120889834264	0.123105557033	0.113112647346	0.116923690508	0.124678720199	0.14814322432	0.150403261544	0.108215900027	0.130262341576	0.0	0.135602233449	0.122906141984	0.113533634672	0.137773641762	0.117677036249	0.114375609324	0.12312771426	0.115151112293	0.115727200213	0.108149428344	0.115284055659	0.136732252061	0.118740583178	0.101147744394
508703490-tonguedorsum2.freeze11.snv.mod.fix.bam	0.107927856067	0.0919081804485	0.0908003190641	0.142448816804	0.0962731543029	0.0972702295489	0.103895240627	0.0978463174688	0.121820437827	0.103895240627	0.110165736063	0.144132766108	0.125299122574	0.0939909598511	0.124789506337	0.135602233449	0.0	0.100748914296	0.0888947974829	0.115970929717	0.0968935566782	0.0947664628202	0.092439953913	0.0939466453957	0.1228396703	0.0938801737127	0.0880306656031	0.113821678632	0.0863024018435	0.0714792165204
663835652-tonguedorsum2.freeze11.snv.mod.fix.bam	0.0474829389347	0.0590490117876	0.0686874058318	0.134162013649	0.0789905167065	0.0651422494018	0.0828237170965	0.0896481432243	0.0989320216255	0.0921297527253	0.0917087653993	0.133696711867	0.116059558628	0.078104227599	0.105579189932	0.122906141984	0.100748914296	0.0	0.0224674288753	0.0955641230169	0.0788354161127	0.0818266418506	0.0666489408845	0.0750465301781	0.109212975273	0.0820482141274	0.0732074802801	0.0977133741026	0.0662057963308	0.053487547638
663835652-tonguedorsum3.freeze11.snv.mod.fix.bam	0.0802313214571	0.0658069662324	0.065053620491	0.122485154657	0.0740937693876	0.0689089781087	0.0736506248338	0.0809181955154	0.0987104493486	0.0839094212532	0.0866126030311	0.125365594257	0.103518567757	0.0690862359302	0.0987990782593	0.113533634672	0.0888947974829	0.0224674288753	0.0	0.091376406984	0.0715678454312	0.0730745369139	0.0610431622795	0.0688646636533	0.103939555083	0.0719888327572	0.0635469290082	0.0886289107507	0.061508464061	0.0474164672516
675950834-tonguedorsum3.freeze11.snv.mod.fix.bam	0.0996632101391	0.0911105202517	0.0940131170788	0.143977665514	0.0954533368785	0.0904901178765	0.0992865372685	0.102011876274	0.115505627936	0.0960515820261	0.0963174687583	0.145329256403	0.135690862359	0.0983780909333	0.115727200213	0.137773641762	0.115970929717	0.0955641230169	0.091376406984	0.0	0.0667818842506	0.0691970220686	0.0929938846052	0.0958743242046	0.12073473367	0.0964060976691	0.0683993618718	0.0940795887619	0.0919303376761	0.0762208632456
763557224-tonguedorsum3.freeze11.snv.mod.fix.bam	0.0829788176903	0.0742710272091	0.0750908446335	0.12667287069	0.0751794735443	0.0746033856244	0.0865018168927	0.0846184525392	0.0989320216255	0.0753567313658	0.0757777186918	0.131436674643	0.117743507932	0.0803642648232	0.0901356022334	0.117677036249	0.0968935566782	0.0788354161127	0.0715678454312	0.0667818842506	0.0	0.0541522644687	0.0735176814677	0.0739165115661	0.101790303997	0.0767969511655	0.0588274395108	0.0670920854383	0.0744482850306	0.0559469999114
763820215-tonguedorsum1.freeze11.snv.mod.fix.bam	0.0844633519454	0.0744704422583	0.0759549765133	0.122706726934	0.0706815563237	0.0732074802801	0.0853496410529	0.0818487990783	0.0965833554906	0.0691748648409	0.0699725250377	0.125609323761	0.113600106355	0.0799875919525	0.0812505539307	0.114375609324	0.0947664628202	0.0818266418506	0.0730745369139	0.0691970220686	0.0541522644687	0.0	0.0757998759195	0.075268102455	0.098400248161	0.0748914295843	0.0605335460427	0.0712133297882	0.073850039883	0.0548834529824
763961826-tonguedorsum2.freeze11.snv.mod.fix.bam	0.0739386687938	0.055902685456	0.0567889745635	0.133430825135	0.0804750509616	0.0686430913764	0.0811619250199	0.0828015598688	0.104183284587	0.0886510679784	0.0867677036249	0.133009837809	0.106155277852	0.0713241159266	0.104670743597	0.12312771426	0.092439953913	0.0666489408845	0.0610431622795	0.0929938846052	0.0735176814677	0.0757998759195	0.0	0.0684436763272	0.111029867943	0.0741159266153	0.0670034565275	0.0920632810423	0.0549056102101	0.0402818399362
763982056-tonguedorsum3.freeze11.snv.mod.fix.bam	0.0759328192857	0.0683993618718	0.0692634937517	0.12312771426	0.0714127448374	0.0740272977045	0.0862137729327	0.0772844101746	0.0972923867766	0.084352565807	0.0874988921386	0.126850128512	0.109833377648	0.0765532216609	0.101369316671	0.115151112293	0.0939466453957	0.0750465301781	0.0688646636533	0.0958743242046	0.0739165115661	0.075268102455	0.0684436763272	0.0	0.0983116192502	0.0716564743419	0.0640787024727	0.0914207214393	0.065762651777	0.0494327749712
764285508-tonguedorsum1.freeze11.snv.mod.fix.bam	0.102831693698	0.104715058052	0.109102189134	0.117521935655	0.0813834972968	0.0962731543029	0.104271913498	0.107440397058	0.099884782416	0.100150669148	0.108592572897	0.128223876629	0.134383585926	0.1009926438	0.114929540016	0.115727200213	0.1228396703	0.109212975273	0.103939555083	0.12073473367	0.101790303997	0.098400248161	0.111029867943	0.0983116192502	0.0	0.0930381990605	0.0998404679606	0.113179119029	0.105889391119	0.091730922627
764285508-tonguedorsum2.freeze11.snv.mod.fix.bam	0.0852610121422	0.0762873349287	0.0752459452273	0.116857218825	0.068244261278	0.0734290525569	0.0798546485864	0.0800540636356	0.0924842683683	0.0840423646193	0.09179739431	0.120225117433	0.101347159443	0.0651422494018	0.0960072675707	0.108149428344	0.0938801737127	0.0820482141274	0.0719888327572	0.0964060976691	0.0767969511655	0.0748914295843	0.0741159266153	0.0716564743419	0.0930381990605	0.0	0.0725427634494	0.0938801737127	0.0691083931578	0.053842063281
765135172-tonguedorsum2.freeze11.snv.mod.fix.bam	0.0805415226447	0.0658069662324	0.061508464061	0.125077550297	0.0731631658247	0.070304883453	0.0774173535407	0.0752902596827	0.0969600283613	0.0765310644332	0.0798546485864	0.124966764158	0.107063724187	0.0718558893911	0.0934813436143	0.115284055659	0.0880306656031	0.0732074802801	0.0635469290082	0.0683993618718	0.0588274395108	0.0605335460427	0.0670034565275	0.0640787024727	0.0998404679606	0.0725427634494	0.0	0.0751794735443	0.0635690862359	0.0477488256669
765337473-tonguedorsum2.freeze11.snv.mod.fix.bam	0.0993530089515	0.09179739431	0.0952096073739	0.139789949482	0.0903571745103	0.0926836834175	0.101546574493	0.0987326065763	0.116458388726	0.0904901178765	0.093924488168	0.144952583533	0.132123548702	0.0972702295489	0.109944163786	0.136732252061	0.113821678632	0.0977133741026	0.0886289107507	0.0940795887619	0.0670920854383	0.0712133297882	0.0920632810423	0.0914207214393	0.113179119029	0.0938801737127	0.0751794735443	0.0	0.091376406984	0.0743153416645
823052294-tonguedorsum1.freeze11.snv.mod.fix.bam	0.0746255428521	0.0573429052557	0.0572985908003	0.126052468315	0.0769963662147	0.0660506957369	0.0775502969069	0.0803199503678	0.101214216077	0.0842639368962	0.0843304085793	0.128755650093	0.102344234689	0.0633475139591	0.100239298059	0.118740583178	0.0863024018435	0.0662057963308	0.061508464061	0.0919303376761	0.0744482850306	0.073850039883	0.0549056102101	0.065762651777	0.105889391119	0.0691083931578	0.0635690862359	0.091376406984	0.0	0.0258131702561
823052294-tonguedorsum3.freeze11.snv.mod.fix.bam	0.0614863068333	0.0479482407161	0.0465523353718	0.113112647346	0.0586058672339	0.0526677302136	0.0637685012851	0.0677346450412	0.0842196224408	0.0657183373216	0.0683328901888	0.115549942391	0.0917530798546	0.0531773464504	0.0805858371001	0.101147744394	0.0714792165204	0.053487547638	0.0474164672516	0.0762208632456	0.0559469999114	0.0548834529824	0.0402818399362	0.0494327749712	0.091730922627	0.053842063281	0.0477488256669	0.0743153416645	0.0258131702561	0.0
