	147406386-tonguedorsum3.freeze11.snv.mod.fix.bam	158155345-tonguedorsum2.freeze11.snv.mod.fix.bam	158256496-tonguedorsum2.freeze11.snv.mod.fix.bam	158458797-tonguedorsum1.freeze11.snv.mod.fix.bam	158458797-tonguedorsum2.freeze11.snv.mod.fix.bam	158883629-tonguedorsum1.freeze11.snv.mod.fix.bam	158883629-tonguedorsum2.freeze11.snv.mod.fix.bam	158944319-tonguedorsum3.freeze11.snv.mod.fix.bam	159551223-tonguedorsum1.freeze11.snv.mod.fix.bam	159753524-tonguedorsum3.freeze11.snv.mod.fix.bam	160421117-tonguedorsum2.freeze11.snv.mod.fix.bam	160502038-tonguedorsum3.freeze11.snv.mod.fix.bam	160582958-tonguedorsum3.freeze11.snv.mod.fix.bam	160704339-tonguedorsum1.freeze11.snv.mod.fix.bam	338793263-tonguedorsum2.freeze11.snv.mod.fix.bam	375450439-tonguedorsum3.freeze11.snv.mod.fix.bam	508703490-tonguedorsum2.freeze11.snv.mod.fix.bam	663835652-tonguedorsum2.freeze11.snv.mod.fix.bam	663835652-tonguedorsum3.freeze11.snv.mod.fix.bam	675950834-tonguedorsum3.freeze11.snv.mod.fix.bam	763557224-tonguedorsum3.freeze11.snv.mod.fix.bam	763820215-tonguedorsum1.freeze11.snv.mod.fix.bam	763961826-tonguedorsum2.freeze11.snv.mod.fix.bam	763982056-tonguedorsum3.freeze11.snv.mod.fix.bam	764285508-tonguedorsum1.freeze11.snv.mod.fix.bam	764285508-tonguedorsum2.freeze11.snv.mod.fix.bam	765135172-tonguedorsum2.freeze11.snv.mod.fix.bam	765337473-tonguedorsum2.freeze11.snv.mod.fix.bam	823052294-tonguedorsum1.freeze11.snv.mod.fix.bam	823052294-tonguedorsum3.freeze11.snv.mod.fix.bam
147406386-tonguedorsum3.freeze11.snv.mod.fix.bam	0.0	0.144657030973	0.157167552821	0.185845406272	0.155457600854	0.145266697547	0.15988800192	0.167462785566	0.168704896954	0.167417780222	0.168273157899	0.179462510081	0.182391627386	0.160502193384	0.171125420429	0.179391412342	0.172069392397	0.125094518326	0.155326316982	0.16732433645	0.16292837337	0.16493092591	0.151843879719	0.152227062418	0.175445206578	0.161627085905	0.159527484322	0.17010883965	0.155333860982	0.150225890022
158155345-tonguedorsum2.freeze11.snv.mod.fix.bam	0.144657030973	0.0	0.0820952723141	0.193781197967	0.161717863629	0.152189250534	0.161927669441	0.166202463094	0.171436018338	0.16827606087	0.16770455969	0.19198759183	0.173202736932	0.154664627808	0.17227509205	0.18421046953	0.165821043158	0.143401341662	0.148578205778	0.165488359106	0.160330624141	0.162750723427	0.138795358282	0.150279347903	0.186103605382	0.161640868912	0.15082477062	0.169707753356	0.140362134145	0.13975338353
158256496-tonguedorsum2.freeze11.snv.mod.fix.bam	0.157167552821	0.0820952723141	0.0	0.180362094124	0.150413997024	0.150697793545	0.14688378156	0.145726266906	0.168634528717	0.15383410434	0.15427538066	0.178520002153	0.158375540812	0.142869583187	0.157965362443	0.17039898517	0.146688737068	0.146808213335	0.131022824589	0.151436762288	0.146258198419	0.147744079492	0.125738914617	0.135323813561	0.173006323207	0.145545378722	0.130633778959	0.15507223695	0.127185504497	0.125042961044
158458797-tonguedorsum1.freeze11.snv.mod.fix.bam	0.185845406272	0.193781197967	0.180362094124	0.0	0.0753000056201	0.181513394171	0.169335303802	0.170387112456	0.167476655718	0.160564246808	0.169327785585	0.16428231547	0.179698690435	0.166405585742	0.162483604651	0.157834288194	0.169881933686	0.188103513522	0.165851248833	0.175331371502	0.171479500285	0.168661046364	0.178712782406	0.167656961257	0.153079919474	0.158245621367	0.170854313266	0.173392336764	0.176491713218	0.170965487995
158458797-tonguedorsum2.freeze11.snv.mod.fix.bam	0.155457600854	0.161717863629	0.150413997024	0.0753000056201	0.0	0.152053444263	0.148530635954	0.148286243958	0.144857063154	0.137797461518	0.142349308722	0.158172607282	0.161581064891	0.140830219557	0.13783485048	0.146836197138	0.150053501312	0.156305857525	0.140329850832	0.151016368948	0.142789105931	0.139508819119	0.150408647268	0.138304398682	0.141580233767	0.134993367158	0.142051902808	0.147678785043	0.148033908683	0.138588209873
158883629-tonguedorsum1.freeze11.snv.mod.fix.bam	0.145266697547	0.152189250534	0.150697793545	0.181513394171	0.152053444263	0.0	0.0812754763595	0.159055749406	0.161724710887	0.155980653935	0.159274739668	0.177040253412	0.167489829601	0.149903525489	0.160359778958	0.173102734049	0.162018149512	0.146465346937	0.14424916938	0.157747615287	0.153898979839	0.152736095053	0.148655653198	0.150029701187	0.16964531531	0.151814087795	0.148018643268	0.162790772456	0.147463876105	0.142294032984
158883629-tonguedorsum2.freeze11.snv.mod.fix.bam	0.15988800192	0.161927669441	0.14688378156	0.169335303802	0.148530635954	0.0812754763595	0.0	0.148424295912	0.165226427755	0.147388370634	0.153863869118	0.16356676574	0.153438409507	0.142778633538	0.152843191675	0.16359975497	0.150993913218	0.154222159432	0.13252071002	0.147930733056	0.147423050509	0.146441874115	0.143892253732	0.144959339904	0.158923178128	0.141454601082	0.138278794901	0.152475382072	0.142856636312	0.137213629171
158944319-tonguedorsum3.freeze11.snv.mod.fix.bam	0.167462785566	0.166202463094	0.145726266906	0.170387112456	0.148286243958	0.159055749406	0.148424295912	0.0	0.168945525864	0.14770255541	0.148625873199	0.1651249323	0.161022814648	0.151115607709	0.152551909902	0.16378013763	0.143030735314	0.159492123081	0.137816657607	0.148609155883	0.144536817713	0.141951485271	0.145404383889	0.136023557852	0.159919789617	0.138807310048	0.134393328865	0.14881913457	0.145457365291	0.139764791015
159551223-tonguedorsum1.freeze11.snv.mod.fix.bam	0.168704896954	0.171436018338	0.168634528717	0.167476655718	0.144857063154	0.161724710887	0.165226427755	0.168945525864	0.0	0.161876068333	0.160598432891	0.172988999482	0.175494385243	0.160371229316	0.16171002692	0.161079289386	0.171694687459	0.171221093698	0.162282105134	0.167995852902	0.165779472297	0.163324301149	0.17001328058	0.159142768416	0.158417543772	0.157590840973	0.16365866505	0.171742805952	0.166972238226	0.160256242311
159753524-tonguedorsum3.freeze11.snv.mod.fix.bam	0.167417780222	0.16827606087	0.15383410434	0.160564246808	0.137797461518	0.155980653935	0.147388370634	0.14770255541	0.161876068333	0.0	0.136364628581	0.163293586214	0.160728165736	0.146632695522	0.137147427153	0.156321900773	0.147104592653	0.161247851042	0.140619405487	0.139908686599	0.132061035349	0.125911806665	0.149604862346	0.142676472183	0.150946376758	0.142664818162	0.135445666953	0.136803039191	0.149446182154	0.139125189497
160421117-tonguedorsum2.freeze11.snv.mod.fix.bam	0.168273157899	0.16770455969	0.15427538066	0.169327785585	0.142349308722	0.159274739668	0.153863869118	0.148625873199	0.160598432891	0.136364628581	0.0	0.172152280834	0.165675034615	0.148489830986	0.138510047837	0.162543682085	0.150383009184	0.160540622548	0.142636326785	0.13891285253	0.132338583699	0.126885712705	0.147647921292	0.144389065927	0.159541359118	0.149038825211	0.137400733771	0.136931169614	0.146648958792	0.140330891449
160502038-tonguedorsum3.freeze11.snv.mod.fix.bam	0.179462510081	0.19198759183	0.178520002153	0.16428231547	0.158172607282	0.177040253412	0.16356676574	0.1651249323	0.172988999482	0.163293586214	0.172152280834	0.0	0.175135319951	0.16648536686	0.161523841277	0.166419966058	0.166347063777	0.182950334832	0.163330045456	0.170332511701	0.171448968402	0.166672463638	0.173111928566	0.166381921779	0.161781144291	0.159302462443	0.16601495081	0.17274577583	0.174058813662	0.168720420655
160582958-tonguedorsum3.freeze11.snv.mod.fix.bam	0.182391627386	0.173202736932	0.158375540812	0.179698690435	0.161581064891	0.167489829601	0.153438409507	0.161022814648	0.175494385243	0.160728165736	0.165675034615	0.175135319951	0.0	0.129720400344	0.167002674911	0.172318192034	0.153195097613	0.171569510246	0.147210469532	0.166179743588	0.163607889107	0.160998748509	0.152440219918	0.153690520445	0.173219403169	0.147672177095	0.153040820954	0.166213144348	0.151441938077	0.150667149111
160704339-tonguedorsum1.freeze11.snv.mod.fix.bam	0.160502193384	0.154664627808	0.142869583187	0.166405585742	0.140830219557	0.149903525489	0.142778633538	0.151115607709	0.160371229316	0.146632695522	0.148489830986	0.16648536686	0.129720400344	0.0	0.152868180162	0.154656361531	0.145699258658	0.15246076567	0.132011880204	0.152018938749	0.148028559957	0.148148316294	0.138809552285	0.140018752482	0.159330333009	0.130068584442	0.138536955587	0.15449837157	0.130828455147	0.128400950249
338793263-tonguedorsum2.freeze11.snv.mod.fix.bam	0.171125420429	0.17227509205	0.157965362443	0.162483604651	0.13783485048	0.160359778958	0.152843191675	0.152551909902	0.16171002692	0.137147427153	0.138510047837	0.161523841277	0.167002674911	0.152868180162	0.0	0.156309614192	0.153446271745	0.163510982285	0.145902292639	0.146174312073	0.137754465013	0.129247458301	0.153897340802	0.149032279569	0.156320716085	0.145551464972	0.141923794539	0.142174124203	0.154174335639	0.145052083578
375450439-tonguedorsum3.freeze11.snv.mod.fix.bam	0.179391412342	0.18421046953	0.17039898517	0.157834288194	0.146836197138	0.173102734049	0.16359975497	0.16378013763	0.161079289386	0.156321900773	0.162543682085	0.166419966058	0.172318192034	0.154656361531	0.156309614192	0.0	0.161395028903	0.17664291275	0.155595868192	0.166749290604	0.162414200676	0.159923477467	0.167848373418	0.158910687502	0.152147009695	0.150294255699	0.159966690747	0.168795307249	0.167401679101	0.159235304343
508703490-tonguedorsum2.freeze11.snv.mod.fix.bam	0.172069392397	0.165821043158	0.146688737068	0.169881933686	0.150053501312	0.162018149512	0.150993913218	0.143030735314	0.171694687459	0.147104592653	0.150383009184	0.166347063777	0.153195097613	0.145699258658	0.153446271745	0.161395028903	0.0	0.160012067521	0.13644312312	0.14953386578	0.14600337467	0.143926542098	0.143338337103	0.142260574111	0.164241023458	0.142674240298	0.137016322555	0.148953500694	0.141074523355	0.136518849526
663835652-tonguedorsum2.freeze11.snv.mod.fix.bam	0.125094518326	0.143401341662	0.146808213335	0.188103513522	0.156305857525	0.146465346937	0.154222159432	0.159492123081	0.171221093698	0.161247851042	0.160540622548	0.182950334832	0.171569510246	0.15246076567	0.163510982285	0.17664291275	0.160012067521	0.0	0.0907855268293	0.156317341721	0.15264657549	0.155884423809	0.140708420633	0.14596896183	0.177507479998	0.155161881346	0.144613884136	0.161537831229	0.141711544959	0.138117876184
663835652-tonguedorsum3.freeze11.snv.mod.fix.bam	0.155326316982	0.148578205778	0.131022824589	0.165851248833	0.140329850832	0.14424916938	0.13252071002	0.137816657607	0.162282105134	0.140619405487	0.142636326785	0.163330045456	0.147210469532	0.132011880204	0.145902292639	0.155595868192	0.13644312312	0.0907855268293	0.0	0.138355753854	0.13373225419	0.135947698905	0.122782384251	0.128090887913	0.159291588506	0.133424315593	0.123230493783	0.140193540869	0.125460895346	0.118773651458
675950834-tonguedorsum3.freeze11.snv.mod.fix.bam	0.16732433645	0.165488359106	0.151436762288	0.175331371502	0.151016368948	0.157747615287	0.147930733056	0.148609155883	0.167995852902	0.139908686599	0.13891285253	0.170332511701	0.166179743588	0.152018938749	0.146174312073	0.166749290604	0.14953386578	0.156317341721	0.138355753854	0.0	0.116486695705	0.119200094705	0.144049120744	0.145297400483	0.16553643445	0.148964543981	0.120642521415	0.130088529619	0.14690082195	0.141079283055
763557224-tonguedorsum3.freeze11.snv.mod.fix.bam	0.16292837337	0.160330624141	0.146258198419	0.171479500285	0.142789105931	0.153898979839	0.147423050509	0.144536817713	0.165779472297	0.132061035349	0.132338583699	0.171448968402	0.163607889107	0.148028559957	0.137754465013	0.162414200676	0.14600337467	0.15264657549	0.13373225419	0.116486695705	0.0	0.115922600426	0.140212099214	0.138169385045	0.159285031551	0.141362918517	0.12120892313	0.118776546177	0.142995411365	0.132248175387
763820215-tonguedorsum1.freeze11.snv.mod.fix.bam	0.16493092591	0.162750723427	0.147744079492	0.168661046364	0.139508819119	0.152736095053	0.146441874115	0.141951485271	0.163324301149	0.125911806665	0.126885712705	0.166672463638	0.160998748509	0.148148316294	0.129247458301	0.159923477467	0.143926542098	0.155884423809	0.135947698905	0.119200094705	0.115922600426	0.0	0.143464909967	0.14013293582	0.156034644244	0.139361143808	0.123541718925	0.123251973136	0.144712899569	0.133998056048
763961826-tonguedorsum2.freeze11.snv.mod.fix.bam	0.151843879719	0.138795358282	0.125738914617	0.178712782406	0.150408647268	0.148655653198	0.143892253732	0.145404383889	0.17001328058	0.149604862346	0.147647921292	0.173111928566	0.152440219918	0.138809552285	0.153897340802	0.167848373418	0.143338337103	0.140708420633	0.122782384251	0.144049120744	0.140212099214	0.143464909967	0.0	0.131718079813	0.170142039133	0.139836362131	0.131845975967	0.147800243049	0.121412155085	0.115399958693
763982056-tonguedorsum3.freeze11.snv.mod.fix.bam	0.152227062418	0.150279347903	0.135323813561	0.167656961257	0.138304398682	0.150029701187	0.144959339904	0.136023557852	0.159142768416	0.142676472183	0.144389065927	0.166381921779	0.153690520445	0.140018752482	0.149032279569	0.158910687502	0.142260574111	0.14596896183	0.128090887913	0.145297400483	0.138169385045	0.14013293582	0.131718079813	0.0	0.15515232186	0.135466035581	0.124929369431	0.144468468793	0.129409475945	0.123438401421
764285508-tonguedorsum1.freeze11.snv.mod.fix.bam	0.175445206578	0.186103605382	0.173006323207	0.153079919474	0.141580233767	0.16964531531	0.158923178128	0.159919789617	0.158417543772	0.150946376758	0.159541359118	0.161781144291	0.173219403169	0.159330333009	0.156320716085	0.152147009695	0.164241023458	0.177507479998	0.159291588506	0.16553643445	0.159285031551	0.156034644244	0.170142039133	0.15515232186	0.0	0.145827134077	0.157885140632	0.161016921346	0.168631603816	0.161098723944
764285508-tonguedorsum2.freeze11.snv.mod.fix.bam	0.161627085905	0.161640868912	0.145545378722	0.158245621367	0.134993367158	0.151814087795	0.141454601082	0.138807310048	0.157590840973	0.142664818162	0.149038825211	0.159302462443	0.147672177095	0.130068584442	0.145551464972	0.150294255699	0.142674240298	0.155161881346	0.133424315593	0.148964543981	0.141362918517	0.139361143808	0.139836362131	0.135466035581	0.145827134077	0.0	0.135666303165	0.148709748442	0.137678166644	0.129677651301
765135172-tonguedorsum2.freeze11.snv.mod.fix.bam	0.159527484322	0.15082477062	0.130633778959	0.170854313266	0.142051902808	0.148018643268	0.138278794901	0.134393328865	0.16365866505	0.135445666953	0.137400733771	0.16601495081	0.153040820954	0.138536955587	0.141923794539	0.159966690747	0.137016322555	0.144613884136	0.123230493783	0.120642521415	0.12120892313	0.123541718925	0.131845975967	0.124929369431	0.157885140632	0.135666303165	0.0	0.128924618312	0.130723477454	0.12138156179
765337473-tonguedorsum2.freeze11.snv.mod.fix.bam	0.17010883965	0.169707753356	0.15507223695	0.173392336764	0.147678785043	0.162790772456	0.152475382072	0.14881913457	0.171742805952	0.136803039191	0.136931169614	0.17274577583	0.166213144348	0.15449837157	0.142174124203	0.168795307249	0.148953500694	0.161537831229	0.140193540869	0.130088529619	0.118776546177	0.123251973136	0.147800243049	0.144468468793	0.161016921346	0.148709748442	0.128924618312	0.0	0.150085453155	0.143187877969
823052294-tonguedorsum1.freeze11.snv.mod.fix.bam	0.155333860982	0.140362134145	0.127185504497	0.176491713218	0.148033908683	0.147463876105	0.142856636312	0.145457365291	0.166972238226	0.149446182154	0.146648958792	0.174058813662	0.151441938077	0.130828455147	0.154174335639	0.167401679101	0.141074523355	0.141711544959	0.125460895346	0.14690082195	0.142995411365	0.144712899569	0.121412155085	0.129409475945	0.168631603816	0.137678166644	0.130723477454	0.150085453155	0.0	0.0923130845617
823052294-tonguedorsum3.freeze11.snv.mod.fix.bam	0.150225890022	0.13975338353	0.125042961044	0.170965487995	0.138588209873	0.142294032984	0.137213629171	0.139764791015	0.160256242311	0.139125189497	0.140330891449	0.168720420655	0.150667149111	0.128400950249	0.145052083578	0.159235304343	0.136518849526	0.138117876184	0.118773651458	0.141079283055	0.132248175387	0.133998056048	0.115399958693	0.123438401421	0.161098723944	0.129677651301	0.12138156179	0.143187877969	0.0923130845617	0.0
