	158256496-stool2.freeze11.snv.mod.fix.bam	158802708-stool1.freeze11.snv.mod.fix.bam	158924089-stool2.freeze11.snv.mod.fix.bam	159571453-stool1.freeze11.snv.mod.fix.bam	159571453-stool2.freeze11.snv.mod.fix.bam	160421117-stool1.freeze11.snv.mod.fix.bam	160421117-stool2.freeze11.snv.mod.fix.bam	160421117-stool3.freeze11.snv.mod.fix.bam	160582958-stool1.freeze11.snv.mod.fix.bam	160582958-stool2.freeze11.snv.mod.fix.bam	160582958-stool3.freeze11.snv.mod.fix.bam	638754422-stool2.freeze11.snv.mod.fix.bam	763536994-stool2.freeze11.snv.mod.fix.bam	764669880-stool2.freeze11.snv.mod.fix.bam	765701615-stool1.freeze11.snv.mod.fix.bam	CCIS33816588ST-4-0.freeze11.snv.mod.fix.bam	CCMD11006829ST-21-0.freeze11.snv.mod.fix.bam	CCMD60079086ST-21-0.freeze11.snv.mod.fix.bam	MH0196.freeze11.snv.mod.fix.bam	MH0289.freeze11.snv.mod.fix.bam	MH0381.freeze11.snv.mod.fix.bam	MH0399.freeze11.snv.mod.fix.bam	MMRS42780924ST-27-0-0.freeze11.snv.mod.fix.bam	MMRS43939546ST-27-0-0.freeze11.snv.mod.fix.bam	MMRS55294627ST-27-0-0.freeze11.snv.mod.fix.bam	MMRS61683006ST-27-0-0.freeze11.snv.mod.fix.bam	MMRS81135225ST-27-0-0.freeze11.snv.mod.fix.bam	MMRS84954772ST-27-0-0.freeze11.snv.mod.fix.bam	MMRS97052561ST-27-0-0.freeze11.snv.mod.fix.bam	N043A.freeze11.snv.mod.fix.bam	O2.CD3-0-PT.freeze11.snv.mod.fix.bam	O2.UC41-1.freeze11.snv.mod.fix.bam	O2.UC7-0.freeze11.snv.mod.fix.bam	O2.UC7-1.freeze11.snv.mod.fix.bam	SAMEA3136762.freeze11.snv.mod.fix.bam	T2D-105A.freeze11.snv.mod.fix.bam	T2D-132A.freeze11.snv.mod.fix.bam	T2D-29A.freeze11.snv.mod.fix.bam	T2D-8A.freeze11.snv.mod.fix.bam	V1.FI18.freeze11.snv.mod.fix.bam	V1.FI20.freeze11.snv.mod.fix.bam	V1.FI35.freeze11.snv.mod.fix.bam	V1.UC26-4.freeze11.snv.mod.fix.bam	V1.UC48-0.freeze11.snv.mod.fix.bam	V1.UC49-1.freeze11.snv.mod.fix.bam
158256496-stool2.freeze11.snv.mod.fix.bam	0.0	0.212246161602	0.189907897912	0.211847292805	0.211732695585	0.199084166617	0.197755020959	0.198266542377	0.20978093568	0.207319045653	0.204928417666	0.200266937489	0.205471642592	0.20184524643	0.197305313717	0.202912724343	0.205090772045	0.198399377164	0.20907175254	0.197676248096	0.198021430729	0.212034372023	0.205158597255	0.209002399447	0.220233737248	0.218738131702	0.202070135881	0.198332119788	0.226654128469	0.1979755125	0.211783401367	0.265630276849	0.26490193903	0.261165062383	0.197949429243	0.199334617733	0.197845533704	0.198986661339	0.198671602464	0.198517012887	0.211996105211	0.09683015196	0.253587547081	0.260826750603	0.260000089867
158802708-stool1.freeze11.snv.mod.fix.bam	0.212246161602	0.0	0.178229466414	0.209293757507	0.209285230319	0.187434478174	0.185938021769	0.186355332221	0.191189382033	0.18869956726	0.187361297234	0.190751526271	0.188199392903	0.19080233254	0.188460746344	0.186809501406	0.196553849589	0.186424968121	0.195149318713	0.186506648709	0.18618082596	0.194275055283	0.017697760373	0.190187273648	0.203447948762	0.206228200704	0.186050948069	0.186172055572	0.209120304358	0.186641064373	0.194231477853	0.254403964165	0.25408842153	0.250724914458	0.186037622803	0.18757744746	0.186475392165	0.187222498716	0.186872355283	0.183465044948	0.194046294583	0.183161856554	0.245081551991	0.250861986242	0.250411532494
158924089-stool2.freeze11.snv.mod.fix.bam	0.189907897912	0.178229466414	0.0	0.185788966945	0.185750338833	0.161675255327	0.160175421308	0.160406044079	0.167241459469	0.164703916158	0.162870486318	0.160328050639	0.163948736397	0.170009250844	0.157581379752	0.160505242767	0.168762062439	0.160332416627	0.176712818872	0.159427572296	0.160604414739	0.168734640935	0.16976356869	0.166091646859	0.189795532689	0.186028607485	0.164542135644	0.160524950609	0.195834597573	0.160695971301	0.168243014175	0.23626460288	0.235045950945	0.231348213244	0.159752289207	0.162163322664	0.160502426249	0.161707647229	0.161023002859	0.159352260962	0.168402539266	0.159350503992	0.22523354592	0.231557798737	0.230720720506
159571453-stool1.freeze11.snv.mod.fix.bam	0.211847292805	0.209293757507	0.185788966945	0.0	0.0022152257098	0.20008766073	0.199137438687	0.199521637864	0.208244161763	0.206113882593	0.204453691245	0.20137974449	0.205020901015	0.196036692228	0.196624619064	0.199441099942	0.203139606474	0.199495298319	0.205254602676	0.198770380222	0.199910247713	0.205685452847	0.201345230907	0.207319295206	0.213320600373	0.211993904891	0.198846281367	0.199458086337	0.219001332904	0.199657730694	0.205246740285	0.26229073473	0.261556668369	0.258338092873	0.199179358842	0.20043915016	0.19944505325	0.200224746987	0.199900165058	0.196955763216	0.205355397384	0.189780093329	0.250234204865	0.258594169521	0.257832113874
159571453-stool2.freeze11.snv.mod.fix.bam	0.211732695585	0.209285230319	0.185750338833	0.0022152257098	0.0	0.199962162042	0.199139678239	0.199519120907	0.208165228078	0.206198783471	0.204521515702	0.201275131077	0.205033880843	0.196029521525	0.196475290143	0.199489384817	0.20312832303	0.199507473298	0.205206608291	0.19863663425	0.199854527124	0.20560419562	0.201378272268	0.207396013918	0.213387526026	0.212077109205	0.198881282088	0.199458307678	0.219057340499	0.199609911192	0.205172100109	0.262337129817	0.261597253254	0.258331123877	0.199202162378	0.200357950301	0.199345727406	0.200082959639	0.199849515379	0.196911977298	0.205355398647	0.189722406126	0.250189602633	0.258547432795	0.257794246651
160421117-stool1.freeze11.snv.mod.fix.bam	0.199084166617	0.187434478174	0.161675255327	0.20008766073	0.199962162042	0.0	0.00236009859675	0.00234200977619	0.179916617776	0.177761067717	0.175948451525	0.17447809329	0.176628217348	0.179631123572	0.0489907861953	0.167785309723	0.181658216639	0.00472659242866	0.187371588595	0.00557182498725	0.00542275435677	0.174779719116	0.178969774702	0.17925917796	0.199252593933	0.197614579968	0.168849515245	0.0031005181282	0.205326374351	0.00401829762857	0.174369744697	0.248157261534	0.246299012377	0.242938071265	0.00447761320517	0.00390767957108	0.00404574630318	0.00393925998359	0.00377640417863	0.166543371404	0.17465243869	0.172341282028	0.235666642929	0.242710739059	0.242151530301
160421117-stool2.freeze11.snv.mod.fix.bam	0.197755020959	0.185938021769	0.160175421308	0.199137438687	0.199139678239	0.00236009859675	0.0	0.000834319340535	0.17882337542	0.175910152434	0.174099777235	0.173458269563	0.175260997529	0.178141255451	0.0483476836315	0.165788221048	0.179542210407	0.00317641313342	0.185749721156	0.00481309687791	0.00460884656619	0.174059103847	0.17682578137	0.177424775506	0.197065523872	0.195656304299	0.166831105588	0.00156351442109	0.203212774967	0.0030329695531	0.173630025673	0.247141626413	0.244902057303	0.24128887669	0.00291907681984	0.00315688979733	0.00321546570394	0.00310759167035	0.00288662414782	0.164856662017	0.173412437431	0.170141705089	0.234237622838	0.241515615396	0.240865704052
160421117-stool3.freeze11.snv.mod.fix.bam	0.198266542377	0.186355332221	0.160406044079	0.199521637864	0.199519120907	0.00234200977619	0.000834319340535	0.0	0.179017873185	0.176086183256	0.174314560483	0.173878872162	0.175433550446	0.178708974938	0.0485081596159	0.166157809391	0.179900157082	0.0031831600409	0.186161453515	0.00478123228138	0.00456629699868	0.174262620296	0.177503473273	0.177644621273	0.197417649574	0.196035438046	0.167209090154	0.00161085174183	0.203576684789	0.00312351427566	0.173806674799	0.247566166309	0.245373949182	0.241839886912	0.00292018169579	0.00319164590761	0.00326593284792	0.00311951998515	0.00292407785497	0.165242677758	0.173571388003	0.17071821901	0.234829163733	0.242037210843	0.241404851068
160582958-stool1.freeze11.snv.mod.fix.bam	0.20978093568	0.191189382033	0.167241459469	0.208244161763	0.208165228078	0.179916617776	0.17882337542	0.179017873185	0.0	0.00261330451336	0.0026667919242	0.143754043822	0.0042720801266	0.190343416791	0.179237594739	0.138611068502	0.187194477722	0.179033104659	0.195030657912	0.17811161164	0.178744858983	0.140905219576	0.179651531053	0.00335864668282	0.208767523602	0.204917791314	0.131566623055	0.178983105788	0.214514550001	0.179008812787	0.140638426241	0.255328511833	0.253772310017	0.250311023951	0.178730029411	0.180128473345	0.1792015366	0.179686249574	0.179347835424	0.136538952179	0.140541213951	0.182593512845	0.243150605009	0.249927932573	0.249721264725
160582958-stool2.freeze11.snv.mod.fix.bam	0.207319045653	0.18869956726	0.164703916158	0.206113882593	0.206198783471	0.177761067717	0.175910152434	0.176086183256	0.00261330451336	0.0	0.000925908535538	0.141541976514	0.00287844513418	0.187785546908	0.17683293839	0.135537748983	0.184281972682	0.176089438095	0.192632219188	0.175576954436	0.176378318801	0.138749172899	0.176677555651	0.00165862260628	0.205724099303	0.202105978938	0.128700289832	0.176128885752	0.211549464738	0.176536907658	0.138507166385	0.253087176283	0.251446527835	0.247923316632	0.175830099493	0.177710480987	0.176827869827	0.177293190382	0.176946105275	0.133787825267	0.137975211503	0.179600000838	0.240809188239	0.247808531689	0.247561052153
160582958-stool3.freeze11.snv.mod.fix.bam	0.204928417666	0.187361297234	0.162870486318	0.204453691245	0.204521515702	0.175948451525	0.174099777235	0.174314560483	0.0026667919242	0.000925908535538	0.0	0.14018109312	0.0030067818644	0.186267553533	0.17497252647	0.134717475643	0.182500607475	0.174295311269	0.191081204318	0.173466452434	0.17453265712	0.137369477174	0.175343672916	0.00176566537686	0.204333648774	0.200414989982	0.127230516589	0.174334219893	0.210180410607	0.174759211123	0.137119487736	0.251893227222	0.250216263256	0.24658013039	0.174031949066	0.175899179383	0.175003570972	0.175517419088	0.175162013226	0.132415055324	0.136631429507	0.177157334257	0.239651490596	0.246382840673	0.246133458117
638754422-stool2.freeze11.snv.mod.fix.bam	0.200266937489	0.190751526271	0.160328050639	0.20137974449	0.201275131077	0.17447809329	0.173458269563	0.173878872162	0.143754043822	0.141541976514	0.14018109312	0.0	0.1406761788	0.183403601438	0.173597708565	0.143656876824	0.179384103502	0.174002929281	0.190444408414	0.173180431122	0.173700452693	0.151602019881	0.181201760665	0.142376634138	0.201471215343	0.198020670846	0.142968932578	0.1737922516	0.207208049167	0.173894560592	0.151346571174	0.24779673153	0.246816383594	0.243326028463	0.173512947364	0.174764739367	0.173475584274	0.174490000515	0.173956655214	0.13944036895	0.151558911767	0.173428724044	0.236175031208	0.243175366313	0.242903655932
763536994-stool2.freeze11.snv.mod.fix.bam	0.205471642592	0.188199392903	0.163948736397	0.205020901015	0.205033880843	0.176628217348	0.175260997529	0.175433550446	0.0042720801266	0.00287844513418	0.0030067818644	0.1406761788	0.0	0.186650196446	0.175866588536	0.135718485759	0.183671563379	0.175442298997	0.192025783331	0.174443423718	0.175363659179	0.138408395426	0.176536681098	0.00259698401959	0.205450907094	0.201192620291	0.128650903799	0.175350206551	0.211127476599	0.175552893278	0.13814458818	0.251888059946	0.250745856307	0.247310697049	0.175092338822	0.176688219895	0.175718535504	0.176232381779	0.175904588366	0.133347706126	0.13798680589	0.178429091218	0.240325046377	0.247042203565	0.246810480773
764669880-stool2.freeze11.snv.mod.fix.bam	0.20184524643	0.19080233254	0.170009250844	0.196036692228	0.196029521525	0.179631123572	0.178141255451	0.178708974938	0.190343416791	0.187785546908	0.186267553533	0.183403601438	0.186650196446	0.0	0.18033864132	0.178683196145	0.183739107344	0.178762065588	0.190202939745	0.178501012407	0.179304766281	0.186923456996	0.182647063008	0.189237261463	0.199380766858	0.195460720408	0.180580607385	0.17854965404	0.204968733587	0.178586073355	0.186726413572	0.243364463819	0.242381417492	0.239240054026	0.178359951115	0.179402474279	0.178938994037	0.178939647671	0.179211380995	0.1746640372	0.186638854552	0.173495677753	0.232259024286	0.239141202211	0.238352844482
765701615-stool1.freeze11.snv.mod.fix.bam	0.197305313717	0.188460746344	0.157581379752	0.196624619064	0.196475290143	0.0489907861953	0.0483476836315	0.0485081596159	0.179237594739	0.17683293839	0.17497252647	0.173597708565	0.175866588536	0.18033864132	0.0	0.166595742062	0.180091260323	0.0477099238644	0.187787402084	0.0478058382666	0.0482073444532	0.169666522238	0.179748749459	0.178413744055	0.198622164316	0.196532350108	0.166070992686	0.0483868016082	0.204613453017	0.0488651995673	0.169235333089	0.247030137224	0.245531194358	0.24199454246	0.047437147454	0.0487988382628	0.049008098292	0.0485946563487	0.0488772483339	0.162820827875	0.169538765046	0.170414965587	0.234553679463	0.241746478749	0.241157604494
CCIS33816588ST-4-0.freeze11.snv.mod.fix.bam	0.202912724343	0.186809501406	0.160505242767	0.199441099942	0.199489384817	0.167785309723	0.165788221048	0.166157809391	0.138611068502	0.135537748983	0.134717475643	0.143656876824	0.135718485759	0.178683196145	0.166595742062	0.0	0.176021377943	0.16545036697	0.188339904313	0.164588705357	0.165837393222	0.135902835198	0.17769591463	0.136546904777	0.198656497508	0.19384362714	0.129313954449	0.165964349827	0.204687031768	0.166520767502	0.135444743994	0.24845024109	0.247582414026	0.244165864142	0.165134375715	0.167677408351	0.166604392612	0.167234838625	0.166911596546	0.130162081967	0.135061977714	0.171778738193	0.237211311017	0.244297350209	0.243823667076
CCMD11006829ST-21-0.freeze11.snv.mod.fix.bam	0.205090772045	0.196553849589	0.168762062439	0.203139606474	0.20312832303	0.181658216639	0.179542210407	0.179900157082	0.187194477722	0.184281972682	0.182500607475	0.179384103502	0.183671563379	0.183739107344	0.180091260323	0.176021377943	0.0	0.179755896394	0.190578421085	0.180537486362	0.180566362408	0.187378796217	0.187561476327	0.185880272577	0.204042280991	0.201816867134	0.179357161472	0.179897529172	0.209488589432	0.180141176955	0.186755765031	0.251366736458	0.250062526724	0.246822544647	0.179667864948	0.181476381298	0.180629318013	0.181066502678	0.180739802435	0.174168093728	0.186588553328	0.17790848295	0.239508623672	0.245494044033	0.246399301974
CCMD60079086ST-21-0.freeze11.snv.mod.fix.bam	0.198399377164	0.186424968121	0.160332416627	0.199495298319	0.199507473298	0.00472659242866	0.00317641313342	0.0031831600409	0.179033104659	0.176089438095	0.174295311269	0.174002929281	0.175442298997	0.178762065588	0.0477099238644	0.16545036697	0.179755896394	0.0	0.186696913008	0.00348015908793	0.00327547007038	0.173955903001	0.177572698467	0.177566110505	0.197672364078	0.195695606375	0.166844056468	0.00291627840881	0.203682767116	0.00437279123628	0.173407999236	0.247926239831	0.245667766814	0.242148685917	0.00151233059244	0.00449800209109	0.00461903616507	0.00439474654967	0.00424465526644	0.16491416372	0.173249272726	0.170930607659	0.234760162788	0.242379845341	0.241719339962
MH0196.freeze11.snv.mod.fix.bam	0.20907175254	0.195149318713	0.176712818872	0.205254602676	0.205206608291	0.187371588595	0.185749721156	0.186161453515	0.195030657912	0.192632219188	0.191081204318	0.190444408414	0.192025783331	0.190202939745	0.187787402084	0.188339904313	0.190578421085	0.186696913008	0.0	0.187286028503	0.186298682822	0.193731712971	0.186686256821	0.194394500965	0.208452429034	0.203514589	0.188991108147	0.186182208541	0.213766552705	0.186500697305	0.193467194443	0.253121541097	0.250241847043	0.246801551163	0.186302440301	0.187458114637	0.186426458911	0.187106436251	0.186777111883	0.184982237738	0.193601018008	0.180707900085	0.239794071245	0.246426118726	0.246116920767
MH0289.freeze11.snv.mod.fix.bam	0.197676248096	0.186506648709	0.159427572296	0.198770380222	0.19863663425	0.00557182498725	0.00481309687791	0.00478123228138	0.17811161164	0.175576954436	0.173466452434	0.173180431122	0.174443423718	0.178501012407	0.0478058382666	0.164588705357	0.180537486362	0.00348015908793	0.187286028503	0.0	0.00357923638464	0.171987512625	0.17714926766	0.177155648647	0.198375424538	0.19693034573	0.16598535177	0.00461114562034	0.204592558844	0.00548958522842	0.171525006502	0.24819218457	0.246603424425	0.242755319422	0.00321860694996	0.00569701083838	0.00544712921905	0.00556847353193	0.00535911296977	0.164195874327	0.172543046598	0.16894579808	0.234900758849	0.241851142527	0.241596565678
MH0381.freeze11.snv.mod.fix.bam	0.198021430729	0.18618082596	0.160604414739	0.199910247713	0.199854527124	0.00542275435677	0.00460884656619	0.00456629699868	0.178744858983	0.176378318801	0.17453265712	0.173700452693	0.175363659179	0.179304766281	0.0482073444532	0.165837393222	0.180566362408	0.00327547007038	0.186298682822	0.00357923638464	0.0	0.173129312945	0.177234819105	0.177810162906	0.198477697963	0.196690313591	0.167653061701	0.00437817928664	0.204736331294	0.00542132402826	0.172843220389	0.24872349167	0.246484325377	0.243052305157	0.00291176074658	0.00557188263572	0.00541985828924	0.00539343605529	0.00512202621545	0.164932171127	0.17349451368	0.170405333859	0.235270563476	0.242219526735	0.24184759821
MH0399.freeze11.snv.mod.fix.bam	0.212034372023	0.194275055283	0.168734640935	0.205685452847	0.20560419562	0.174779719116	0.174059103847	0.174262620296	0.140905219576	0.138749172899	0.137369477174	0.151602019881	0.138408395426	0.186923456996	0.169666522238	0.135902835198	0.187378796217	0.173955903001	0.193731712971	0.171987512625	0.173129312945	0.0	0.185383107941	0.139796140896	0.205152809057	0.201764349522	0.129663780476	0.174205356769	0.211114426038	0.174133846924	0.00483087062221	0.251930190832	0.251487598358	0.248133965221	0.173505944278	0.175048305445	0.173806949323	0.174679757562	0.17439243424	0.130100781458	0.00407914886364	0.182104526199	0.240327370496	0.247409937114	0.246999764803
MMRS42780924ST-27-0-0.freeze11.snv.mod.fix.bam	0.205158597255	0.017697760373	0.16976356869	0.201345230907	0.201378272268	0.178969774702	0.17682578137	0.177503473273	0.179651531053	0.176677555651	0.175343672916	0.181201760665	0.176536681098	0.182647063008	0.179748749459	0.17769591463	0.187561476327	0.177572698467	0.186686256821	0.17714926766	0.177234819105	0.185383107941	0.0	0.178368023104	0.193375505265	0.198967678073	0.179174734845	0.177320330343	0.199686239321	0.177854389248	0.185319302992	0.247785297643	0.247470303024	0.243879264932	0.17718228602	0.178990764112	0.177481174811	0.17860801769	0.178216324134	0.173545769661	0.185161770883	0.173800583709	0.238261379188	0.243695262314	0.243302165843
MMRS43939546ST-27-0-0.freeze11.snv.mod.fix.bam	0.209002399447	0.190187273648	0.166091646859	0.207319295206	0.207396013918	0.17925917796	0.177424775506	0.177644621273	0.00335864668282	0.00165862260628	0.00176566537686	0.142376634138	0.00259698401959	0.189237261463	0.178413744055	0.136546904777	0.185880272577	0.177566110505	0.194394500965	0.177155648647	0.177810162906	0.139796140896	0.178368023104	0.0	0.2072580145	0.203564324346	0.129551645187	0.17752114122	0.212872799643	0.177951393219	0.139544405683	0.25455959172	0.252734950726	0.249285746106	0.177228970469	0.179167147869	0.178281218399	0.178732188318	0.178347223108	0.13472625936	0.139036112355	0.181647218354	0.242242572183	0.249170664706	0.24894406508
MMRS55294627ST-27-0-0.freeze11.snv.mod.fix.bam	0.220233737248	0.203447948762	0.189795532689	0.213320600373	0.213387526026	0.199252593933	0.197065523872	0.197417649574	0.208767523602	0.205724099303	0.204333648774	0.201471215343	0.205450907094	0.199380766858	0.198622164316	0.198656497508	0.204042280991	0.197672364078	0.208452429034	0.198375424538	0.198477697963	0.205152809057	0.193375505265	0.2072580145	0.0	0.212934097263	0.200142005904	0.197484961105	0.00079506916226	0.197944979688	0.204713823864	0.264437674448	0.26160524321	0.2581204636	0.197274166781	0.199069149256	0.198273756777	0.198724807508	0.198442204022	0.194422483384	0.204454927059	0.194057193282	0.250167973113	0.258643272845	0.25763898213
MMRS61683006ST-27-0-0.freeze11.snv.mod.fix.bam	0.218738131702	0.206228200704	0.186028607485	0.211993904891	0.212077109205	0.197614579968	0.195656304299	0.196035438046	0.204917791314	0.202105978938	0.200414989982	0.198020670846	0.201192620291	0.195460720408	0.196532350108	0.19384362714	0.201816867134	0.195695606375	0.203514589	0.19693034573	0.196690313591	0.201764349522	0.198967678073	0.203564324346	0.212934097263	0.0	0.199144456701	0.195963838584	0.218342900336	0.196622640459	0.201448717357	0.261274760842	0.2620554336	0.25880891911	0.195427167245	0.197366101883	0.196675121118	0.197119140272	0.196894282545	0.190622753503	0.201025027723	0.19364598329	0.249176852252	0.258858265339	0.258609311135
MMRS81135225ST-27-0-0.freeze11.snv.mod.fix.bam	0.202070135881	0.186050948069	0.164542135644	0.198846281367	0.198881282088	0.168849515245	0.166831105588	0.167209090154	0.131566623055	0.128700289832	0.127230516589	0.142968932578	0.128650903799	0.180580607385	0.166070992686	0.129313954449	0.179357161472	0.166844056468	0.188991108147	0.16598535177	0.167653061701	0.129663780476	0.179174734845	0.129551645187	0.200142005904	0.199144456701	0.0	0.167079780162	0.205904129559	0.167444423994	0.129462913076	0.246239773787	0.245621050197	0.242167428577	0.166437837794	0.168765569584	0.167843354602	0.168409784371	0.168045821253	0.128293124766	0.128850063082	0.175488975187	0.235801253382	0.242653088348	0.242028498893
MMRS84954772ST-27-0-0.freeze11.snv.mod.fix.bam	0.198332119788	0.186172055572	0.160524950609	0.199458086337	0.199458307678	0.0031005181282	0.00156351442109	0.00161085174183	0.178983105788	0.176128885752	0.174334219893	0.1737922516	0.175350206551	0.17854965404	0.0483868016082	0.165964349827	0.179897529172	0.00291627840881	0.186182208541	0.00461114562034	0.00437817928664	0.174205356769	0.177320330343	0.17752114122	0.197484961105	0.195963838584	0.167079780162	0.0	0.203596058706	0.00277776316652	0.173713381125	0.247441414889	0.24519537944	0.24166199889	0.00270519487343	0.00290546072165	0.0029711050479	0.00279649404039	0.00260318665082	0.165184948943	0.173496557044	0.170907225262	0.234642908551	0.24182576263	0.241253918234
MMRS97052561ST-27-0-0.freeze11.snv.mod.fix.bam	0.226654128469	0.209120304358	0.195834597573	0.219001332904	0.219057340499	0.205326374351	0.203212774967	0.203576684789	0.214514550001	0.211549464738	0.210180410607	0.207208049167	0.211127476599	0.204968733587	0.204613453017	0.204687031768	0.209488589432	0.203682767116	0.213766552705	0.204592558844	0.204736331294	0.211114426038	0.199686239321	0.212872799643	0.00079506916226	0.218342900336	0.205904129559	0.203596058706	0.0	0.204046068215	0.21064543278	0.269417625807	0.266866497913	0.263540990557	0.203327078421	0.205119757045	0.204489933983	0.204769690657	0.204539992893	0.200716049998	0.210290054294	0.201003001503	0.255385977752	0.264137569957	0.2632352362
N043A.freeze11.snv.mod.fix.bam	0.1979755125	0.186641064373	0.160695971301	0.199657730694	0.199609911192	0.00401829762857	0.0030329695531	0.00312351427566	0.179008812787	0.176536907658	0.174759211123	0.173894560592	0.175552893278	0.178586073355	0.0488651995673	0.166520767502	0.180141176955	0.00437279123628	0.186500697305	0.00548958522842	0.00542132402826	0.174133846924	0.177854389248	0.177951393219	0.197944979688	0.196622640459	0.167444423994	0.00277776316652	0.204046068215	0.0	0.173521232013	0.247296437682	0.245401105124	0.241868098535	0.00413700010546	0.00371839468711	0.00382970516195	0.0034949874548	0.00353457885559	0.1655859415	0.173704043891	0.170728538125	0.234910567229	0.241790171319	0.241205597526
O2.CD3-0-PT.freeze11.snv.mod.fix.bam	0.211783401367	0.194231477853	0.168243014175	0.205246740285	0.205172100109	0.174369744697	0.173630025673	0.173806674799	0.140638426241	0.138507166385	0.137119487736	0.151346571174	0.13814458818	0.186726413572	0.169235333089	0.135444743994	0.186755765031	0.173407999236	0.193467194443	0.171525006502	0.172843220389	0.00483087062221	0.185319302992	0.139544405683	0.204713823864	0.201448717357	0.129462913076	0.173713381125	0.21064543278	0.173521232013	0.0	0.251703315247	0.2513769508	0.24805506226	0.172971010457	0.174520119625	0.17333251283	0.174095425131	0.173927599232	0.129654103027	0.0041796189991	0.181499052315	0.240398619516	0.247548475934	0.24699688593
O2.UC41-1.freeze11.snv.mod.fix.bam	0.265630276849	0.254403964165	0.23626460288	0.26229073473	0.262337129817	0.248157261534	0.247141626413	0.247566166309	0.255328511833	0.253087176283	0.251893227222	0.24779673153	0.251888059946	0.243364463819	0.247030137224	0.24845024109	0.251366736458	0.247926239831	0.253121541097	0.24819218457	0.24872349167	0.251930190832	0.247785297643	0.25455959172	0.264437674448	0.261274760842	0.246239773787	0.247441414889	0.269417625807	0.247296437682	0.251703315247	0.0	0.0805259014665	0.0798828626494	0.247828748962	0.247049357831	0.247141002759	0.246793208612	0.247688339198	0.243130086196	0.251328651551	0.237776682818	0.0890729404365	0.0816068504705	0.0802568537342
O2.UC7-0.freeze11.snv.mod.fix.bam	0.26490193903	0.25408842153	0.235045950945	0.261556668369	0.261597253254	0.246299012377	0.244902057303	0.245373949182	0.253772310017	0.251446527835	0.250216263256	0.246816383594	0.250745856307	0.242381417492	0.245531194358	0.247582414026	0.250062526724	0.245667766814	0.250241847043	0.246603424425	0.246484325377	0.251487598358	0.247470303024	0.252734950726	0.26160524321	0.2620554336	0.245621050197	0.24519537944	0.266866497913	0.245401105124	0.2513769508	0.0805259014665	0.0	0.00241235869602	0.245453571196	0.245216152702	0.245062668494	0.24486314742	0.245740914191	0.2432669974	0.250966888666	0.237051728756	0.0924203605449	0.00513091257911	0.00319595780754
O2.UC7-1.freeze11.snv.mod.fix.bam	0.261165062383	0.250724914458	0.231348213244	0.258338092873	0.258331123877	0.242938071265	0.24128887669	0.241839886912	0.250311023951	0.247923316632	0.24658013039	0.243326028463	0.247310697049	0.239240054026	0.24199454246	0.244165864142	0.246822544647	0.242148685917	0.246801551163	0.242755319422	0.243052305157	0.248133965221	0.243879264932	0.249285746106	0.2581204636	0.25880891911	0.242167428577	0.24166199889	0.263540990557	0.241868098535	0.24805506226	0.0798828626494	0.00241235869602	0.0	0.241925071057	0.241790826556	0.241574725006	0.241438802018	0.242291964953	0.239653483271	0.247622364899	0.232694675422	0.0911487507476	0.0050721110896	0.00313685911141
SAMEA3136762.freeze11.snv.mod.fix.bam	0.197949429243	0.186037622803	0.159752289207	0.199179358842	0.199202162378	0.00447761320517	0.00291907681984	0.00292018169579	0.178730029411	0.175830099493	0.174031949066	0.173512947364	0.175092338822	0.178359951115	0.047437147454	0.165134375715	0.179667864948	0.00151233059244	0.186302440301	0.00321860694996	0.00291176074658	0.173505944278	0.17718228602	0.177228970469	0.197274166781	0.195427167245	0.166437837794	0.00270519487343	0.203327078421	0.00413700010546	0.172971010457	0.247828748962	0.245453571196	0.241925071057	0.0	0.00427003728279	0.00434503193766	0.00416772836788	0.00399010526952	0.164447986599	0.172814951073	0.170331965767	0.234634629353	0.242104818783	0.241513653173
T2D-105A.freeze11.snv.mod.fix.bam	0.199334617733	0.18757744746	0.162163322664	0.20043915016	0.200357950301	0.00390767957108	0.00315688979733	0.00319164590761	0.180128473345	0.177710480987	0.175899179383	0.174764739367	0.176688219895	0.179402474279	0.0487988382628	0.167677408351	0.181476381298	0.00449800209109	0.187458114637	0.00569701083838	0.00557188263572	0.175048305445	0.178990764112	0.179167147869	0.199069149256	0.197366101883	0.168765569584	0.00290546072165	0.205119757045	0.00371839468711	0.174520119625	0.247049357831	0.245216152702	0.241790826556	0.00427003728279	0.0	0.00379656785777	0.00306998371458	0.00342809030297	0.166476571443	0.174375563651	0.172330093323	0.235190165733	0.241867559439	0.241208753033
T2D-132A.freeze11.snv.mod.fix.bam	0.197845533704	0.186475392165	0.160502426249	0.19944505325	0.199345727406	0.00404574630318	0.00321546570394	0.00326593284792	0.1792015366	0.176827869827	0.175003570972	0.173475584274	0.175718535504	0.178938994037	0.049008098292	0.166604392612	0.180629318013	0.00461903616507	0.186426458911	0.00544712921905	0.00541985828924	0.173806949323	0.177481174811	0.178281218399	0.198273756777	0.196675121118	0.167843354602	0.0029711050479	0.204489933983	0.00382970516195	0.17333251283	0.247141002759	0.245062668494	0.241574725006	0.00434503193766	0.00379656785777	0.0	0.00374260393969	0.00354265139614	0.165253222565	0.1735510147	0.170535442766	0.234586725291	0.241420822516	0.240891980228
T2D-29A.freeze11.snv.mod.fix.bam	0.198986661339	0.187222498716	0.161707647229	0.200224746987	0.200082959639	0.00393925998359	0.00310759167035	0.00311951998515	0.179686249574	0.177293190382	0.175517419088	0.174490000515	0.176232381779	0.178939647671	0.0485946563487	0.167234838625	0.181066502678	0.00439474654967	0.187106436251	0.00556847353193	0.00539343605529	0.174679757562	0.17860801769	0.178732188318	0.198724807508	0.197119140272	0.168409784371	0.00279649404039	0.204769690657	0.0034949874548	0.174095425131	0.246793208612	0.24486314742	0.241438802018	0.00416772836788	0.00306998371458	0.00374260393969	0.0	0.00337094674932	0.166027262474	0.174151355639	0.171889530789	0.234830049949	0.24144610017	0.24069212462
T2D-8A.freeze11.snv.mod.fix.bam	0.198671602464	0.186872355283	0.161023002859	0.199900165058	0.199849515379	0.00377640417863	0.00288662414782	0.00292407785497	0.179347835424	0.176946105275	0.175162013226	0.173956655214	0.175904588366	0.179211380995	0.0488772483339	0.166911596546	0.180739802435	0.00424465526644	0.186777111883	0.00535911296977	0.00512202621545	0.17439243424	0.178216324134	0.178347223108	0.198442204022	0.196894282545	0.168045821253	0.00260318665082	0.204539992893	0.00353457885559	0.173927599232	0.247688339198	0.245740914191	0.242291964953	0.00399010526952	0.00342809030297	0.00354265139614	0.00337094674932	0.0	0.165660031153	0.173901197131	0.171360606194	0.235134282873	0.242250428116	0.2416353605
V1.FI18.freeze11.snv.mod.fix.bam	0.198517012887	0.183465044948	0.159352260962	0.196955763216	0.196911977298	0.166543371404	0.164856662017	0.165242677758	0.136538952179	0.133787825267	0.132415055324	0.13944036895	0.133347706126	0.1746640372	0.162820827875	0.130162081967	0.174168093728	0.16491416372	0.184982237738	0.164195874327	0.164932171127	0.130100781458	0.173545769661	0.13472625936	0.194422483384	0.190622753503	0.128293124766	0.165184948943	0.200716049998	0.1655859415	0.129654103027	0.243130086196	0.2432669974	0.239653483271	0.164447986599	0.166476571443	0.165253222565	0.166027262474	0.165660031153	0.0	0.129581797529	0.168691423215	0.230569799015	0.239637257504	0.238971038192
V1.FI20.freeze11.snv.mod.fix.bam	0.211996105211	0.194046294583	0.168402539266	0.205355397384	0.205355398647	0.17465243869	0.173412437431	0.173571388003	0.140541213951	0.137975211503	0.136631429507	0.151558911767	0.13798680589	0.186638854552	0.169538765046	0.135061977714	0.186588553328	0.173249272726	0.193601018008	0.172543046598	0.17349451368	0.00407914886364	0.185161770883	0.139036112355	0.204454927059	0.201025027723	0.128850063082	0.173496557044	0.210290054294	0.173704043891	0.0041796189991	0.251328651551	0.250966888666	0.247622364899	0.172814951073	0.174375563651	0.1735510147	0.174151355639	0.173901197131	0.129581797529	0.0	0.181956394991	0.240497667939	0.247955872789	0.247167510346
V1.FI35.freeze11.snv.mod.fix.bam	0.09683015196	0.183161856554	0.159350503992	0.189780093329	0.189722406126	0.172341282028	0.170141705089	0.17071821901	0.182593512845	0.179600000838	0.177157334257	0.173428724044	0.178429091218	0.173495677753	0.170414965587	0.171778738193	0.17790848295	0.170930607659	0.180707900085	0.16894579808	0.170405333859	0.182104526199	0.173800583709	0.181647218354	0.194057193282	0.19364598329	0.175488975187	0.170907225262	0.201003001503	0.170728538125	0.181499052315	0.237776682818	0.237051728756	0.232694675422	0.170331965767	0.172330093323	0.170535442766	0.171889530789	0.171360606194	0.168691423215	0.181956394991	0.0	0.225412972142	0.23263135175	0.231384571813
V1.UC26-4.freeze11.snv.mod.fix.bam	0.253587547081	0.245081551991	0.22523354592	0.250234204865	0.250189602633	0.235666642929	0.234237622838	0.234829163733	0.243150605009	0.240809188239	0.239651490596	0.236175031208	0.240325046377	0.232259024286	0.234553679463	0.237211311017	0.239508623672	0.234760162788	0.239794071245	0.234900758849	0.235270563476	0.240327370496	0.238261379188	0.242242572183	0.250167973113	0.249176852252	0.235801253382	0.234642908551	0.255385977752	0.234910567229	0.240398619516	0.0890729404365	0.0924203605449	0.0911487507476	0.234634629353	0.235190165733	0.234586725291	0.234830049949	0.235134282873	0.230569799015	0.240497667939	0.225412972142	0.0	0.0926449810026	0.0913660032925
V1.UC48-0.freeze11.snv.mod.fix.bam	0.260826750603	0.250861986242	0.231557798737	0.258594169521	0.258547432795	0.242710739059	0.241515615396	0.242037210843	0.249927932573	0.247808531689	0.246382840673	0.243175366313	0.247042203565	0.239141202211	0.241746478749	0.244297350209	0.245494044033	0.242379845341	0.246426118726	0.241851142527	0.242219526735	0.247409937114	0.243695262314	0.249170664706	0.258643272845	0.258858265339	0.242653088348	0.24182576263	0.264137569957	0.241790171319	0.247548475934	0.0816068504705	0.00513091257911	0.0050721110896	0.242104818783	0.241867559439	0.241420822516	0.24144610017	0.242250428116	0.239637257504	0.247955872789	0.23263135175	0.0926449810026	0.0	0.00538082669091
V1.UC49-1.freeze11.snv.mod.fix.bam	0.260000089867	0.250411532494	0.230720720506	0.257832113874	0.257794246651	0.242151530301	0.240865704052	0.241404851068	0.249721264725	0.247561052153	0.246133458117	0.242903655932	0.246810480773	0.238352844482	0.241157604494	0.243823667076	0.246399301974	0.241719339962	0.246116920767	0.241596565678	0.24184759821	0.246999764803	0.243302165843	0.24894406508	0.25763898213	0.258609311135	0.242028498893	0.241253918234	0.2632352362	0.241205597526	0.24699688593	0.0802568537342	0.00319595780754	0.00313685911141	0.241513653173	0.241208753033	0.240891980228	0.24069212462	0.2416353605	0.238971038192	0.247167510346	0.231384571813	0.0913660032925	0.00538082669091	0.0
