	147406386-subgingivalplaque2.freeze11.snv.mod.fix.bam	147406386-supragingivalplaque3.freeze11.snv.mod.fix.bam	158337416-supragingivalplaque2.freeze11.snv.mod.fix.bam	158802708-supragingivalplaque3.freeze11.snv.mod.fix.bam	159591683-supragingivalplaque1.freeze11.snv.mod.fix.bam	160178356-supragingivalplaque2.freeze11.snv.mod.fix.bam	160178356-supragingivalplaque3.freeze11.snv.mod.fix.bam	160259276-supragingivalplaque1.freeze11.snv.mod.fix.bam	160319967-supragingivalplaque2.freeze11.snv.mod.fix.bam	160319967-supragingivalplaque3.freeze11.snv.mod.fix.bam	160380657-supragingivalplaque3.freeze11.snv.mod.fix.bam	160421117-supragingivalplaque2.freeze11.snv.mod.fix.bam	160421117-supragingivalplaque3.freeze11.snv.mod.fix.bam	160502038-supragingivalplaque2.freeze11.snv.mod.fix.bam	160502038-supragingivalplaque3.freeze11.snv.mod.fix.bam	160582958-supragingivalplaque2.freeze11.snv.mod.fix.bam	178713055-supragingivalplaque2.freeze11.snv.mod.fix.bam	508703490-supragingivalplaque2.freeze11.snv.mod.fix.bam	508703490-supragingivalplaque3.freeze11.snv.mod.fix.bam	517810313-supragingivalplaque2.freeze11.snv.mod.fix.bam	604812005-supragingivalplaque3.freeze11.snv.mod.fix.bam	638754422-supragingivalplaque2.freeze11.snv.mod.fix.bam	638754422-supragingivalplaque3.freeze11.snv.mod.fix.bam	650853796-supragingivalplaque1.freeze11.snv.mod.fix.bam	682102541-supragingivalplaque3.freeze11.snv.mod.fix.bam	737052003-supragingivalplaque2.freeze11.snv.mod.fix.bam	763759525-supragingivalplaque1.freeze11.snv.mod.fix.bam	763921366-supragingivalplaque3.freeze11.snv.mod.fix.bam	763982056-supragingivalplaque3.freeze11.snv.mod.fix.bam	764083206-supragingivalplaque1.freeze11.snv.mod.fix.bam	764305738-supragingivalplaque1.freeze11.snv.mod.fix.bam	764305738-supragingivalplaque2.freeze11.snv.mod.fix.bam	764366428-keratinizedgingiva2.freeze11.snv.mod.fix.bam	764366428-subgingivalplaque2.freeze11.snv.mod.fix.bam	764366428-subgingivalplaque3.freeze11.snv.mod.fix.bam	764366428-supragingivalplaque2.freeze11.snv.mod.fix.bam	764366428-supragingivalplaque3.freeze11.snv.mod.fix.bam	764508039-supragingivalplaque1.freeze11.snv.mod.fix.bam	764508039-supragingivalplaque3.freeze11.snv.mod.fix.bam	764588959-supragingivalplaque2.freeze11.snv.mod.fix.bam	764811490-supragingivalplaque2.freeze11.snv.mod.fix.bam	765013792-supragingivalplaque2.freeze11.snv.mod.fix.bam	765013792-supragingivalplaque3.freeze11.snv.mod.fix.bam	765074482-supragingivalplaque3.freeze11.snv.mod.fix.bam	765094712-supragingivalplaque3.freeze11.snv.mod.fix.bam	765195863-supragingivalplaque3.freeze11.snv.mod.fix.bam	765620695-supragingivalplaque2.freeze11.snv.mod.fix.bam	765640925-supragingivalplaque1.freeze11.snv.mod.fix.bam	809635352-supragingivalplaque1.freeze11.snv.mod.fix.bam	823052294-supragingivalplaque3.freeze11.snv.mod.fix.bam
147406386-subgingivalplaque2.freeze11.snv.mod.fix.bam	0.0	0.000668762121313	0.0658897880024	0.0817561693306	0.0634655253126	0.0471811676587	0.0521300073564	0.0756704340266	0.0277034708754	0.0257139035645	0.0711562897078	0.159733832676	0.227362402194	0.0537015983415	0.036664883301	0.0419982612185	0.104694710092	0.0572293185314	0.059569985956	0.0425834280746	0.0765231057313	0.0650872734568	0.066190730957	0.0702033036849	0.091653848726	0.0817561693306	0.0589179428877	0.0355948639069	0.107637263425	0.0559586705009	0.0790476827392	0.0745168193674	0.0426837423928	0.0309302481107	0.0375175550057	0.0308299337925	0.0354611114826	0.0480171203103	0.0394402461045	0.0944626496355	0.048384939477	0.100815889788	0.0958336119842	0.075887781716	0.0508760783789	0.0298769477697	0.0934093492945	0.0367986357253	0.0470306961814	0.0835451080051
147406386-supragingivalplaque3.freeze11.snv.mod.fix.bam	0.000668762121313	0.0	0.061108138835	0.0755032434963	0.0595198287969	0.044807062128	0.0489868253862	0.0694175081923	0.0272687754966	0.0253126462917	0.0665585501237	0.147110947636	0.205493880827	0.0500902828864	0.0344412492476	0.0401591653849	0.0952818832341	0.0544372366749	0.0557580418645	0.0407610512941	0.0716077041396	0.0607403196683	0.0618939343276	0.0643516351234	0.0845649702401	0.0767404534207	0.0548217748947	0.0332709155353	0.0971711362268	0.0522804788337	0.072293185314	0.0692001605029	0.0407610512941	0.0294422523908	0.0363806593995	0.029525847656	0.0337223299672	0.0451080050826	0.0369992643617	0.0882431619073	0.0450578479235	0.092138701264	0.0872567377784	0.0701364274727	0.047331639136	0.0289741189059	0.0836119842172	0.0345248445128	0.0440045475824	0.0773089012238
158337416-supragingivalplaque2.freeze11.snv.mod.fix.bam	0.0658897880024	0.061108138835	0.0	0.120310305624	0.0975891125527	0.0888283287635	0.0903330435364	0.114191132214	0.0554570989099	0.0532669029626	0.112000936267	0.146542499833	0.220457433291	0.0903330435364	0.0731124189126	0.0633986491005	0.133484919414	0.0675616933057	0.0693171938741	0.082976660202	0.0759713769812	0.107453353842	0.108021801645	0.0699525178894	0.125376178693	0.118019795359	0.0956162642948	0.0635658396308	0.135257139036	0.098274593727	0.0226543168595	0.0226208787534	0.0573463519026	0.0352939209523	0.0662241690631	0.0394569651575	0.0603725005016	0.052949240955	0.0553233464857	0.125760716913	0.0806694308834	0.12557680733	0.121681267973	0.1083227446	0.0671269979268	0.0484016585301	0.0741991573597	0.0456095766736	0.0607068815622	0.117835885775
158802708-supragingivalplaque3.freeze11.snv.mod.fix.bam	0.0817561693306	0.0755032434963	0.120310305624	0.0	0.0907510198622	0.080452083194	0.0935096636127	0.115428342139	0.0655052497827	0.0600381194409	0.112703136494	0.16449876279	0.247843242159	0.10165184244	0.0760215341403	0.0503410686819	0.147863305022	0.102404199826	0.105865043804	0.0385708553468	0.126897612519	0.106266301077	0.102705142781	0.113087674714	0.13335116699	0.127566374641	0.0923058917943	0.0758209055039	0.144954189795	0.0969370694844	0.128419046345	0.127984350966	0.0837290175884	0.0624456630776	0.0548384939477	0.067210593192	0.0620276867518	0.0674613789875	0.0660904166388	0.132816157293	0.0792483113756	0.136828730021	0.132615528656	0.108506654183	0.061091419782	0.0754196482311	0.142713836688	0.081990236073	0.0780445395573	0.122650973049
159591683-supragingivalplaque1.freeze11.snv.mod.fix.bam	0.0634655253126	0.0595198287969	0.0975891125527	0.0907510198622	0.0	0.066692302548	0.0772253059587	0.0983581889922	0.0581488664482	0.0555574132281	0.082508526717	0.185096636127	0.242911121514	0.0840466795961	0.0629639537217	0.0594195144787	0.124991640473	0.089614124256	0.0927573062262	0.0568447803116	0.107620544372	0.0844144987628	0.0854176419448	0.0966695646359	0.112000936267	0.111499364676	0.0770246773223	0.0623787868655	0.125242426269	0.0774760917542	0.104728148198	0.104694710092	0.0718417708821	0.0579649568648	0.0583996522437	0.0586838761453	0.0599879622818	0.0650203972447	0.0619775295927	0.117066809336	0.07232662342	0.113973784525	0.110379188123	0.0923058917943	0.063649434896	0.0593192001605	0.117702133351	0.0608740720926	0.0669430883435	0.104343609978
160178356-supragingivalplaque2.freeze11.snv.mod.fix.bam	0.0471811676587	0.044807062128	0.0888283287635	0.080452083194	0.066692302548	0.0	0.00491540159165	0.0826255600883	0.0377181836421	0.0354611114826	0.0707383133819	0.192636929044	0.248043870795	0.0645522637598	0.0437370427339	0.0500066876212	0.113187989032	0.0626797298201	0.0665083929646	0.0434695378854	0.0933759111884	0.0665083929646	0.0674112218284	0.0859526516418	0.101518090015	0.0908011770213	0.0626630107671	0.0417140373169	0.116548518692	0.0595031097439	0.100197284826	0.0974386410754	0.0410619942486	0.0381361599679	0.0404433892864	0.0355781448539	0.0348759446265	0.0578646425466	0.0508259212198	0.0997291513409	0.058566842774	0.109442921153	0.104861900622	0.0765565438374	0.0563264896676	0.0418979469003	0.111499364676	0.0451581622417	0.0568614993647	0.0838962081188
160178356-supragingivalplaque3.freeze11.snv.mod.fix.bam	0.0521300073564	0.0489868253862	0.0903330435364	0.0935096636127	0.0772253059587	0.00491540159165	0.0	0.0942453019461	0.0431351568247	0.0413963753093	0.0871397044071	0.19883969772	0.254932120645	0.065705878419	0.0467464722798	0.0582658998194	0.122333311041	0.0808199023607	0.0829599411489	0.0537350364475	0.0966194074768	0.0812880358456	0.081488664482	0.0925733966428	0.105263157895	0.0955159499766	0.0738814953521	0.0397411890591	0.122901758844	0.0682638935331	0.100999799371	0.0981408413027	0.0317327626563	0.0343409349294	0.0363639403464	0.0304788336789	0.0289239617468	0.0635825586839	0.0574633852739	0.110613254865	0.0662576071691	0.11741790945	0.113271584297	0.0859860897479	0.0657894736842	0.0465792817495	0.113104393767	0.0506921687956	0.0630141108808	0.0992108606969
160259276-supragingivalplaque1.freeze11.snv.mod.fix.bam	0.0756704340266	0.0694175081923	0.114191132214	0.115428342139	0.0983581889922	0.0826255600883	0.0942453019461	0.0	0.0682973316391	0.0680967030027	0.0979903698255	0.220006018859	0.270915535344	0.0935765398248	0.0742493145188	0.0838293319066	0.142864308166	0.0994282083863	0.103156557213	0.0790978398983	0.123420049488	0.0948137497492	0.0919213535745	0.115177556343	0.129137965626	0.125292583428	0.0839798033839	0.0769578011101	0.13908580218	0.0923058917943	0.122065806193	0.123119106534	0.0875075235739	0.0745001003143	0.0777937537618	0.0758209055039	0.0766401391025	0.082976660202	0.0811375643684	0.122232996723	0.0830268173611	0.131127532937	0.127934193807	0.107888049221	0.0888283287635	0.0744332241022	0.135240419983	0.0783454825119	0.0835785461111	0.120059519829
160319967-supragingivalplaque2.freeze11.snv.mod.fix.bam	0.0277034708754	0.0272687754966	0.0554570989099	0.0655052497827	0.0581488664482	0.0377181836421	0.0431351568247	0.0682973316391	0.0	1.67190530328e-05	0.0636159967899	0.105998796228	0.189627499498	0.0335718584899	0.0182739249649	0.0270848659132	0.0948806259613	0.0466461579616	0.0479335250451	0.0298435096636	0.0515448405002	0.0607236006153	0.0603725005016	0.0551059987962	0.0850832608841	0.0645021066007	0.0515782786063	0.0294589714439	0.101033237477	0.0491540159165	0.0713736373972	0.0646358590249	0.0341737443991	0.0233397980338	0.0274025279208	0.0246104460643	0.0269343944359	0.0296094429212	0.0200963017455	0.0655219688357	0.0340567110279	0.0958837691433	0.0910018056577	0.0640172540627	0.0370494215208	0.0188925299271	0.0769578011101	0.0288403664816	0.0266501705343	0.0700695512606
160319967-supragingivalplaque3.freeze11.snv.mod.fix.bam	0.0257139035645	0.0253126462917	0.0532669029626	0.0600381194409	0.0555574132281	0.0354611114826	0.0413963753093	0.0680967030027	1.67190530328e-05	0.0	0.0619106533806	0.120928910587	0.201481308099	0.0332709155353	0.01780579148	0.0195445729954	0.0955159499766	0.0419313850064	0.0439543904233	0.0218518023139	0.0508593593259	0.0583327760316	0.0597873336454	0.0505416973183	0.0849160703538	0.0649535210326	0.0504915401592	0.0266501705343	0.101233866114	0.0465291245904	0.0673276265632	0.0609409483047	0.0298435096636	0.01984551595	0.0229552598141	0.0206647495486	0.0224704072761	0.0241757506855	0.0172373436769	0.0683642078513	0.0345582826189	0.0940279542567	0.0889955192938	0.062646291714	0.0304621146258	0.015799505116	0.0719922423594	0.0264161037919	0.0247776365947	0.0684478031164
160380657-supragingivalplaque3.freeze11.snv.mod.fix.bam	0.0711562897078	0.0665585501237	0.112000936267	0.112703136494	0.082508526717	0.0707383133819	0.0871397044071	0.0979903698255	0.0636159967899	0.0619106533806	0.0	0.216093760449	0.268591586973	0.0947635925901	0.0720256804655	0.0761887246706	0.138300006688	0.0981408413027	0.100631980205	0.0703704942152	0.118922624223	0.0859526516418	0.0864375041798	0.116782585434	0.124389754564	0.11962482445	0.0762723199358	0.0734133618672	0.137330301612	0.0816056978533	0.122082525246	0.120644686685	0.0800508259212	0.0689995318665	0.0705878419046	0.0694175081923	0.0696348558818	0.0805523975122	0.0754029291781	0.112368755434	0.0813214739517	0.113355179563	0.108306025547	0.104042667023	0.0852170133084	0.0651039925099	0.136143248846	0.0684979602755	0.0802514545576	0.105045810205
160421117-supragingivalplaque2.freeze11.snv.mod.fix.bam	0.159733832676	0.147110947636	0.146542499833	0.16449876279	0.185096636127	0.192636929044	0.19883969772	0.220006018859	0.105998796228	0.120928910587	0.216093760449	0.0	0.00110345750017	0.199809402795	0.142797431953	0.181401725406	0.250568447803	0.19883969772	0.201531465258	0.18472881696	0.143148532067	0.211512739918	0.209556610714	0.207215943289	0.232929846853	0.16543502976	0.166204106199	0.170417307564	0.237143048218	0.205610914198	0.204340266167	0.20402260416	0.187537617869	0.15319668294	0.128586236876	0.164264696048	0.165936601351	0.141928041196	0.12072828195	0.223065605564	0.102822176152	0.238764796362	0.235454423861	0.21290042132	0.182956597338	0.161556209456	0.223232796094	0.179696381997	0.159115227714	0.230856684277
160421117-supragingivalplaque3.freeze11.snv.mod.fix.bam	0.227362402194	0.205493880827	0.220457433291	0.247843242159	0.242911121514	0.248043870795	0.254932120645	0.270915535344	0.189627499498	0.201481308099	0.268591586973	0.00110345750017	0.0	0.251688624356	0.206647495486	0.235069885642	0.298067277469	0.257306226175	0.260466127199	0.238530729619	0.227663345148	0.262689761252	0.260265498562	0.267187186518	0.281749481709	0.252190195947	0.218116765866	0.229301812345	0.281431819702	0.259897679395	0.255065873069	0.258961412426	0.243680197954	0.220323680867	0.198421721394	0.225456430148	0.228867116966	0.201531465258	0.2028689895	0.274526850799	0.151374306159	0.285009697051	0.280629305156	0.265013709623	0.235303952384	0.224352972648	0.279408814285	0.236089747877	0.211011168327	0.281883234134
160502038-supragingivalplaque2.freeze11.snv.mod.fix.bam	0.0537015983415	0.0500902828864	0.0903330435364	0.10165184244	0.0840466795961	0.0645522637598	0.065705878419	0.0935765398248	0.0335718584899	0.0332709155353	0.0947635925901	0.199809402795	0.251688624356	0.0	0.00526650170534	0.0620109676988	0.117083528389	0.085517956263	0.0874239283087	0.0617100247442	0.0923226108473	0.0876747141042	0.0876412759981	0.0947301544841	0.11240219354	0.0958168929312	0.0754530863372	0.0547548986825	0.118337457366	0.0747007289507	0.100665418311	0.0983749080452	0.0648364876613	0.0542700461446	0.0588176285695	0.0557246037584	0.0574299471678	0.0673443456163	0.0635992777369	0.118788871798	0.0681635792149	0.115344746874	0.110412626229	0.09421186384	0.0718919280412	0.0537015983415	0.116063666154	0.0568113422056	0.065705878419	0.0974887982345
160502038-supragingivalplaque3.freeze11.snv.mod.fix.bam	0.036664883301	0.0344412492476	0.0731124189126	0.0760215341403	0.0629639537217	0.0437370427339	0.0467464722798	0.0742493145188	0.0182739249649	0.01780579148	0.0720256804655	0.142797431953	0.206647495486	0.00526650170534	0.0	0.042249047014	0.0980405269846	0.0633150538354	0.0645188256537	0.0396241556878	0.0728783521701	0.0650203972447	0.0667424597071	0.0734802380793	0.0930916872868	0.0723600615261	0.057045408948	0.0379689694376	0.0991272654317	0.0561258610312	0.0856851467933	0.0828261887247	0.0459606767873	0.0354276733766	0.0380692837558	0.0367317595131	0.0383033504982	0.0496723065606	0.0420484183776	0.0944626496355	0.0445061191734	0.0976392697118	0.0930248110747	0.0712231659199	0.0506085735304	0.035645021066	0.0983916270982	0.039707750953	0.0483013442119	0.0770581154283
160582958-supragingivalplaque2.freeze11.snv.mod.fix.bam	0.0419982612185	0.0401591653849	0.0633986491005	0.0503410686819	0.0594195144787	0.0500066876212	0.0582658998194	0.0838293319066	0.0270848659132	0.0195445729954	0.0761887246706	0.181401725406	0.235069885642	0.0620109676988	0.042249047014	0.0	0.112535945964	0.0490202634923	0.0504915401592	0.0150973048887	0.0734969571323	0.0727111616398	0.0737477429278	0.0551561559553	0.0960676787267	0.0923058917943	0.0618939343276	0.0386544506119	0.108473216077	0.0625794155019	0.0739650906173	0.0688824984953	0.0404935464455	0.0231893265565	0.0270514278071	0.0255634320872	0.0276031565572	0.022403531064	0.0210492877683	0.106015515281	0.0542867651976	0.0944124924764	0.089614124256	0.0725105330034	0.0256637464054	0.0244766936401	0.0789640874741	0.0369491072026	0.0342740587173	0.0856517086872
178713055-supragingivalplaque2.freeze11.snv.mod.fix.bam	0.104694710092	0.0952818832341	0.133484919414	0.147863305022	0.124991640473	0.113187989032	0.122333311041	0.142864308166	0.0948806259613	0.0955159499766	0.138300006688	0.250568447803	0.298067277469	0.117083528389	0.0980405269846	0.112535945964	0.0	0.137380458771	0.140339731158	0.113840032101	0.149334581689	0.131177690096	0.132097238012	0.145305289908	0.157878017789	0.142914465325	0.113856751154	0.105095967364	0.158864441918	0.119942486458	0.142111950779	0.144235270514	0.117852604828	0.107720858691	0.111315455093	0.108138835016	0.111900621949	0.112535945964	0.115027084866	0.156607369759	0.113555808199	0.155336721728	0.150922891727	0.139888316726	0.117133685548	0.103875476493	0.15909850866	0.106082391493	0.105279876948	0.144770280211
508703490-supragingivalplaque2.freeze11.snv.mod.fix.bam	0.0572293185314	0.0544372366749	0.0675616933057	0.102404199826	0.089614124256	0.0626797298201	0.0808199023607	0.0994282083863	0.0466461579616	0.0419313850064	0.0981408413027	0.19883969772	0.257306226175	0.085517956263	0.0633150538354	0.0490202634923	0.137380458771	0.0	6.68762121313e-05	0.0613589246305	0.0803517688758	0.0962683073631	0.0970875409617	0.0414966896275	0.122834882632	0.114843175283	0.0828429077777	0.0522804788337	0.135608239149	0.0814050692169	0.0749347956932	0.0732628903899	0.0559753895539	0.0409616799304	0.053952384137	0.0428676519762	0.0510265498562	0.0509596736441	0.0490202634923	0.126997926837	0.0759212198221	0.125392897746	0.120811877215	0.10181903297	0.0598207717515	0.0436200093627	0.0919547916806	0.0509763926971	0.0594696716378	0.110044807062
508703490-supragingivalplaque3.freeze11.snv.mod.fix.bam	0.059569985956	0.0557580418645	0.0693171938741	0.105865043804	0.0927573062262	0.0665083929646	0.0829599411489	0.103156557213	0.0479335250451	0.0439543904233	0.100631980205	0.201531465258	0.260466127199	0.0874239283087	0.0645188256537	0.0504915401592	0.140339731158	6.68762121313e-05	0.0	0.0633317728884	0.0820069551261	0.098792884371	0.0992442988029	0.0418645087942	0.126579950512	0.117568380927	0.0853173276266	0.0540694175082	0.13963753093	0.0837290175884	0.0754530863372	0.0744499431552	0.057546980539	0.0419146659533	0.0559252323948	0.0434862569384	0.0521300073564	0.0521132883034	0.0507088878486	0.128469203504	0.0777603156557	0.128084665285	0.123486925701	0.105162843577	0.0615595532669	0.044790343075	0.0936434160369	0.0524142312579	0.0614090817896	0.113238146191
517810313-supragingivalplaque2.freeze11.snv.mod.fix.bam	0.0425834280746	0.0407610512941	0.082976660202	0.0385708553468	0.0568447803116	0.0434695378854	0.0537350364475	0.0790978398983	0.0298435096636	0.0218518023139	0.0703704942152	0.18472881696	0.238530729619	0.0617100247442	0.0396241556878	0.0150973048887	0.113840032101	0.0613589246305	0.0633317728884	0.0	0.0866882899753	0.0681635792149	0.0668093359192	0.0718919280412	0.0949976593326	0.0876245569451	0.0608740720926	0.0376345883769	0.111666555206	0.0588845047816	0.0939443589915	0.0909182103926	0.0421320136427	0.0258978131479	0.0240252792082	0.0282719186785	0.0261151608373	0.0345750016719	0.0301444526182	0.101852471076	0.0496555875075	0.0955661071357	0.0914365010366	0.0692837557681	0.0270179897011	0.0365980070889	0.10551394369	0.0408613656123	0.0450076907644	0.0839129271718
604812005-supragingivalplaque3.freeze11.snv.mod.fix.bam	0.0765231057313	0.0716077041396	0.0759713769812	0.126897612519	0.107620544372	0.0933759111884	0.0966194074768	0.123420049488	0.0515448405002	0.0508593593259	0.118922624223	0.143148532067	0.227663345148	0.0923226108473	0.0728783521701	0.0734969571323	0.149334581689	0.0803517688758	0.0820069551261	0.0866882899753	0.0	0.112352036381	0.108155554069	0.080435364141	0.139971911991	0.130124389755	0.10104995653	0.0703036180031	0.147562362068	0.102822176152	0.0782953253528	0.0774760917542	0.0740319668294	0.0574968233799	0.0732796094429	0.0597706145924	0.0715575469805	0.0658061927372	0.0657894736842	0.135039791346	0.0858857754297	0.139102521233	0.135290577142	0.116163980472	0.0798501972848	0.0605062529258	0.0998461847121	0.0681301411088	0.0710225372835	0.125309302481
638754422-supragingivalplaque2.freeze11.snv.mod.fix.bam	0.0650872734568	0.0607403196683	0.107453353842	0.106266301077	0.0844144987628	0.0665083929646	0.0812880358456	0.0948137497492	0.0607236006153	0.0583327760316	0.0859526516418	0.211512739918	0.262689761252	0.0876747141042	0.0650203972447	0.0727111616398	0.131177690096	0.0962683073631	0.098792884371	0.0681635792149	0.112352036381	0.0	0.0032602153414	0.106751153615	0.113438774828	0.1127365746	0.0707048752759	0.0650538353508	0.131445194944	0.0822577409216	0.114040660737	0.112903765131	0.0742660335719	0.0628970775095	0.0647528923962	0.0650872734568	0.0644519494416	0.075352772019	0.0730789808065	0.121463920284	0.0771584297465	0.119775295927	0.115261151608	0.0967698789541	0.0790978398983	0.0645857018658	0.126362602822	0.0664080786464	0.0760716912994	0.108122115963
638754422-supragingivalplaque3.freeze11.snv.mod.fix.bam	0.066190730957	0.0618939343276	0.108021801645	0.102705142781	0.0854176419448	0.0674112218284	0.081488664482	0.0919213535745	0.0603725005016	0.0597873336454	0.0864375041798	0.209556610714	0.260265498562	0.0876412759981	0.0667424597071	0.0737477429278	0.132097238012	0.0970875409617	0.0992442988029	0.0668093359192	0.108155554069	0.0032602153414	0.0	0.107035377516	0.110613254865	0.110262154752	0.07232662342	0.0662576071691	0.13075971377	0.0835451080051	0.115043803919	0.113438774828	0.0762388818297	0.0639002206915	0.0649702400856	0.0673945027754	0.0662743262222	0.0762723199358	0.0734802380793	0.118738714639	0.0751521433826	0.118120109677	0.115344746874	0.0969872266435	0.0802012973985	0.0650705544038	0.127031364943	0.0677957600482	0.0759212198221	0.108372901759
650853796-supragingivalplaque1.freeze11.snv.mod.fix.bam	0.0702033036849	0.0643516351234	0.0699525178894	0.113087674714	0.0966695646359	0.0859526516418	0.0925733966428	0.115177556343	0.0551059987962	0.0505416973183	0.116782585434	0.207215943289	0.267187186518	0.0947301544841	0.0734802380793	0.0551561559553	0.145305289908	0.0414966896275	0.0418645087942	0.0718919280412	0.080435364141	0.106751153615	0.107035377516	0.0	0.134220557748	0.127382465057	0.0949809402795	0.0628636394035	0.143533070287	0.101936066341	0.0736474286096	0.0736808667157	0.0668594930783	0.0496890256136	0.0667424597071	0.0515448405002	0.0635658396308	0.0552063131144	0.0557580418645	0.130809870929	0.0871229853541	0.128452484451	0.124857888049	0.109576673577	0.0649869591386	0.0504413830001	0.0887614525513	0.0574466662208	0.0654216545175	0.124573664148
682102541-supragingivalplaque3.freeze11.snv.mod.fix.bam	0.091653848726	0.0845649702401	0.125376178693	0.13335116699	0.112000936267	0.101518090015	0.105263157895	0.129137965626	0.0850832608841	0.0849160703538	0.124389754564	0.232929846853	0.281749481709	0.11240219354	0.0930916872868	0.0960676787267	0.157878017789	0.122834882632	0.126579950512	0.0949976593326	0.139971911991	0.113438774828	0.110613254865	0.134220557748	0.0	0.137079515816	0.106082391493	0.0907343008092	0.152059787334	0.107620544372	0.133819300475	0.136093091687	0.102420918879	0.0914532200896	0.0942787400522	0.0925399585367	0.0938774827794	0.0973884839163	0.0982077175149	0.144853875476	0.0949307831204	0.14597405203	0.141944760249	0.118454490738	0.102889052364	0.0846987226643	0.14873269578	0.0928910586504	0.0949475021735	0.131562228315
737052003-supragingivalplaque2.freeze11.snv.mod.fix.bam	0.0817561693306	0.0767404534207	0.118019795359	0.127566374641	0.111499364676	0.0908011770213	0.0955159499766	0.125292583428	0.0645021066007	0.0649535210326	0.11962482445	0.16543502976	0.252190195947	0.0958168929312	0.0723600615261	0.0923058917943	0.142914465325	0.114843175283	0.117568380927	0.0876245569451	0.130124389755	0.1127365746	0.110262154752	0.127382465057	0.137079515816	0.0	0.0983080318331	0.080435364141	0.138952049756	0.100046813348	0.130993780512	0.130007356383	0.0932755968702	0.0800842640273	0.0781281348224	0.0822075837625	0.0824249314519	0.0949976593326	0.0872400187253	0.133050224035	0.0794656590651	0.149468334114	0.144619808734	0.117016652177	0.0994616464923	0.0781281348224	0.146509061727	0.0853340466796	0.0865043803919	0.127131679262
763759525-supragingivalplaque1.freeze11.snv.mod.fix.bam	0.0589179428877	0.0548217748947	0.0956162642948	0.0923058917943	0.0770246773223	0.0626630107671	0.0738814953521	0.0839798033839	0.0515782786063	0.0504915401592	0.0762723199358	0.166204106199	0.218116765866	0.0754530863372	0.057045408948	0.0618939343276	0.113856751154	0.0828429077777	0.0853173276266	0.0608740720926	0.10104995653	0.0707048752759	0.07232662342	0.0949809402795	0.106082391493	0.0983080318331	0.0	0.0587507523574	0.101752156758	0.0726442854277	0.103424062061	0.102638266569	0.0654550926236	0.0537851936066	0.0550391225841	0.0549220892129	0.0547047415234	0.0706379990637	0.064151006487	0.106099110546	0.0665585501237	0.0903497625894	0.0864375041798	0.0861867183843	0.0709723801244	0.0568782184177	0.110964354979	0.056510399251	0.06620745001	0.0959673644085
763921366-supragingivalplaque3.freeze11.snv.mod.fix.bam	0.0355948639069	0.0332709155353	0.0635658396308	0.0758209055039	0.0623787868655	0.0417140373169	0.0397411890591	0.0769578011101	0.0294589714439	0.0266501705343	0.0734133618672	0.170417307564	0.229301812345	0.0547548986825	0.0379689694376	0.0386544506119	0.105095967364	0.0522804788337	0.0540694175082	0.0376345883769	0.0703036180031	0.0650538353508	0.0662576071691	0.0628636394035	0.0907343008092	0.080435364141	0.0587507523574	0.0	0.104978933993	0.0536180030763	0.0711897278138	0.0681468601618	0.0315154149669	0.0235237076172	0.0311308767471	0.0237577743597	0.0268340801177	0.0415468467866	0.0359125259145	0.0971878552799	0.0513609309169	0.0998796228182	0.0953821975523	0.0707383133819	0.0453922289842	0.029007557012	0.0857353039524	0.0318665150806	0.0436534474687	0.0792148732696
763982056-supragingivalplaque3.freeze11.snv.mod.fix.bam	0.107637263425	0.0971711362268	0.135257139036	0.144954189795	0.125242426269	0.116548518692	0.122901758844	0.13908580218	0.101033237477	0.101233866114	0.137330301612	0.237143048218	0.281431819702	0.118337457366	0.0991272654317	0.108473216077	0.158864441918	0.135608239149	0.13963753093	0.111666555206	0.147562362068	0.131445194944	0.13075971377	0.143533070287	0.152059787334	0.138952049756	0.101752156758	0.104978933993	0.0	0.126496355246	0.139670969036	0.141560222029	0.116665552063	0.106466929713	0.108523373236	0.109476359259	0.109509797365	0.106366615395	0.110462783388	0.151658530061	0.108456497024	0.148682538621	0.144887313583	0.135875743998	0.112652979335	0.102504514144	0.147428609644	0.108406339865	0.102972647629	0.147729552598
764083206-supragingivalplaque1.freeze11.snv.mod.fix.bam	0.0559586705009	0.0522804788337	0.098274593727	0.0969370694844	0.0774760917542	0.0595031097439	0.0682638935331	0.0923058917943	0.0491540159165	0.0465291245904	0.0816056978533	0.205610914198	0.259897679395	0.0747007289507	0.0561258610312	0.0625794155019	0.119942486458	0.0814050692169	0.0837290175884	0.0588845047816	0.102822176152	0.0822577409216	0.0835451080051	0.101936066341	0.107620544372	0.100046813348	0.0726442854277	0.0536180030763	0.126496355246	0.0	0.109693706948	0.107871330168	0.0644686684946	0.0549220892129	0.0576974520163	0.054972246372	0.0554069417508	0.0670768407677	0.0625292583428	0.114692703805	0.0695679796696	0.107687420584	0.103189995319	0.0896810004681	0.0684645221695	0.0477830535678	0.117434628503	0.0567611850465	0.0659566642145	0.0646358590249
764305738-supragingivalplaque1.freeze11.snv.mod.fix.bam	0.0790476827392	0.072293185314	0.0226543168595	0.128419046345	0.104728148198	0.100197284826	0.100999799371	0.122065806193	0.0713736373972	0.0673276265632	0.122082525246	0.204340266167	0.255065873069	0.100665418311	0.0856851467933	0.0739650906173	0.142111950779	0.0749347956932	0.0754530863372	0.0939443589915	0.0782953253528	0.114040660737	0.115043803919	0.0736474286096	0.133819300475	0.130993780512	0.103424062061	0.0711897278138	0.139670969036	0.109693706948	0.0	0.000133752424263	0.0644519494416	0.0388216411422	0.0775262489133	0.0432354711429	0.0696515749348	0.0574968233799	0.0644853875476	0.138634387748	0.101116832743	0.129071089413	0.12519226911	0.11609710426	0.0740152477764	0.0583662141376	0.0735303952384	0.048869792015	0.06620745001	0.128485922557
764305738-supragingivalplaque2.freeze11.snv.mod.fix.bam	0.0745168193674	0.0692001605029	0.0226208787534	0.127984350966	0.104694710092	0.0974386410754	0.0981408413027	0.123119106534	0.0646358590249	0.0609409483047	0.120644686685	0.20402260416	0.258961412426	0.0983749080452	0.0828261887247	0.0688824984953	0.144235270514	0.0732628903899	0.0744499431552	0.0909182103926	0.0774760917542	0.112903765131	0.113438774828	0.0736808667157	0.136093091687	0.130007356383	0.102638266569	0.0681468601618	0.141560222029	0.107871330168	0.000133752424263	0.0	0.0588009095165	0.0327526248913	0.0735471142914	0.0364140975055	0.0648364876613	0.0549555273189	0.0586671570922	0.131595666421	0.0974887982345	0.13169598074	0.127817160436	0.115511937404	0.0702367417909	0.0519795358791	0.0749180766401	0.0428843710292	0.0637497492142	0.128870460777
764366428-keratinizedgingiva2.freeze11.snv.mod.fix.bam	0.0426837423928	0.0407610512941	0.0573463519026	0.0837290175884	0.0718417708821	0.0410619942486	0.0317327626563	0.0875075235739	0.0341737443991	0.0298435096636	0.0800508259212	0.187537617869	0.243680197954	0.0648364876613	0.0459606767873	0.0404935464455	0.117852604828	0.0559753895539	0.057546980539	0.0421320136427	0.0740319668294	0.0742660335719	0.0762388818297	0.0668594930783	0.102420918879	0.0932755968702	0.0654550926236	0.0315154149669	0.116665552063	0.0644686684946	0.0644519494416	0.0588009095165	0.0	0.00250785795493	0.0076907643951	0.00118705276533	0.0011703337123	0.0409951180365	0.037149735839	0.106099110546	0.0635992777369	0.104744867251	0.0996789941818	0.0812880358456	0.0490871397044	0.0311141576941	0.0906841436501	0.0337390490203	0.048351501371	0.0916872868321
764366428-subgingivalplaque2.freeze11.snv.mod.fix.bam	0.0309302481107	0.0294422523908	0.0352939209523	0.0624456630776	0.0579649568648	0.0381361599679	0.0343409349294	0.0745001003143	0.0233397980338	0.01984551595	0.0689995318665	0.15319668294	0.220323680867	0.0542700461446	0.0354276733766	0.0231893265565	0.107720858691	0.0409616799304	0.0419146659533	0.0258978131479	0.0574968233799	0.0628970775095	0.0639002206915	0.0496890256136	0.0914532200896	0.0800842640273	0.0537851936066	0.0235237076172	0.106466929713	0.0549220892129	0.0388216411422	0.0327526248913	0.00250785795493	0.0	0.0033605296596	0.000601885909182	0.00110345750017	0.0267672039056	0.0239751220491	0.0938942018324	0.0493044873938	0.0973216077041	0.0924563632716	0.0680298267906	0.0331706012171	0.0206981876547	0.0715241088745	0.020898816291	0.0340232729218	0.0782618872467
764366428-subgingivalplaque3.freeze11.snv.mod.fix.bam	0.0375175550057	0.0363806593995	0.0662241690631	0.0548384939477	0.0583996522437	0.0404433892864	0.0363639403464	0.0777937537618	0.0274025279208	0.0229552598141	0.0705878419046	0.128586236876	0.198421721394	0.0588176285695	0.0380692837558	0.0270514278071	0.111315455093	0.053952384137	0.0559252323948	0.0240252792082	0.0732796094429	0.0647528923962	0.0649702400856	0.0667424597071	0.0942787400522	0.0781281348224	0.0550391225841	0.0311308767471	0.108523373236	0.0576974520163	0.0775262489133	0.0735471142914	0.0076907643951	0.0033605296596	0.0	0.00354443924296	0.00157159098509	0.0357620544372	0.0304119574667	0.09569985956	0.0469303818632	0.0988263224771	0.0941282685749	0.0709890991774	0.0375175550057	0.0318832341336	0.094679997325	0.0362803450813	0.0430515615596	0.0824583695579
764366428-supragingivalplaque2.freeze11.snv.mod.fix.bam	0.0308299337925	0.029525847656	0.0394569651575	0.067210593192	0.0586838761453	0.0355781448539	0.0304788336789	0.0758209055039	0.0246104460643	0.0206647495486	0.0694175081923	0.164264696048	0.225456430148	0.0557246037584	0.0367317595131	0.0255634320872	0.108138835016	0.0428676519762	0.0434862569384	0.0282719186785	0.0597706145924	0.0650872734568	0.0673945027754	0.0515448405002	0.0925399585367	0.0822075837625	0.0549220892129	0.0237577743597	0.109476359259	0.054972246372	0.0432354711429	0.0364140975055	0.00118705276533	0.000601885909182	0.00354443924296	0.0	0.000802514545576	0.0276198756102	0.0247441984886	0.0970875409617	0.0520464120912	0.0980405269846	0.0932755968702	0.0698187654651	0.0356951782251	0.0221193071624	0.0754698053902	0.0212164782987	0.0355447067478	0.0789473684211
764366428-supragingivalplaque3.freeze11.snv.mod.fix.bam	0.0354611114826	0.0337223299672	0.0603725005016	0.0620276867518	0.0599879622818	0.0348759446265	0.0289239617468	0.0766401391025	0.0269343944359	0.0224704072761	0.0696348558818	0.165936601351	0.228867116966	0.0574299471678	0.0383033504982	0.0276031565572	0.111900621949	0.0510265498562	0.0521300073564	0.0261151608373	0.0715575469805	0.0644519494416	0.0662743262222	0.0635658396308	0.0938774827794	0.0824249314519	0.0547047415234	0.0268340801177	0.109509797365	0.0554069417508	0.0696515749348	0.0648364876613	0.0011703337123	0.00110345750017	0.00157159098509	0.000802514545576	0.0	0.0345917207249	0.0294255333378	0.0985253795225	0.0513776499699	0.0979569317194	0.0932421587641	0.070771751488	0.0385039791346	0.0286564568983	0.0902661673243	0.0299605430348	0.0412793419381	0.0822075837625
764508039-supragingivalplaque1.freeze11.snv.mod.fix.bam	0.0480171203103	0.0451080050826	0.052949240955	0.0674613789875	0.0650203972447	0.0578646425466	0.0635825586839	0.082976660202	0.0296094429212	0.0241757506855	0.0805523975122	0.141928041196	0.201531465258	0.0673443456163	0.0496723065606	0.022403531064	0.112535945964	0.0509596736441	0.0521132883034	0.0345750016719	0.0658061927372	0.075352772019	0.0762723199358	0.0552063131144	0.0973884839163	0.0949976593326	0.0706379990637	0.0415468467866	0.106366615395	0.0670768407677	0.0574968233799	0.0549555273189	0.0409951180365	0.0267672039056	0.0357620544372	0.0276198756102	0.0345917207249	0.0	0.00133752424263	0.0940613923627	0.0572627566375	0.0989935130074	0.0946298401659	0.0781615729285	0.024944827125	0.0249782652311	0.0619608105397	0.0380358456497	0.0309636862168	0.0882097238012
764508039-supragingivalplaque3.freeze11.snv.mod.fix.bam	0.0394402461045	0.0369992643617	0.0553233464857	0.0660904166388	0.0619775295927	0.0508259212198	0.0574633852739	0.0811375643684	0.0200963017455	0.0172373436769	0.0754029291781	0.12072828195	0.2028689895	0.0635992777369	0.0420484183776	0.0210492877683	0.115027084866	0.0490202634923	0.0507088878486	0.0301444526182	0.0657894736842	0.0730789808065	0.0734802380793	0.0557580418645	0.0982077175149	0.0872400187253	0.064151006487	0.0359125259145	0.110462783388	0.0625292583428	0.0644853875476	0.0586671570922	0.037149735839	0.0239751220491	0.0304119574667	0.0247441984886	0.0294255333378	0.00133752424263	0.0	0.0739149334582	0.049404801712	0.105480505584	0.100548384939	0.0751019862235	0.0258142178827	0.0199625493212	0.0713234802381	0.0336721728081	0.0264161037919	0.0861532802782
764588959-supragingivalplaque2.freeze11.snv.mod.fix.bam	0.0944626496355	0.0882431619073	0.125760716913	0.132816157293	0.117066809336	0.0997291513409	0.110613254865	0.122232996723	0.0655219688357	0.0683642078513	0.112368755434	0.223065605564	0.274526850799	0.118788871798	0.0944626496355	0.106015515281	0.156607369759	0.126997926837	0.128469203504	0.101852471076	0.135039791346	0.121463920284	0.118738714639	0.130809870929	0.144853875476	0.133050224035	0.106099110546	0.0971878552799	0.151658530061	0.114692703805	0.138634387748	0.131595666421	0.106099110546	0.0938942018324	0.09569985956	0.0970875409617	0.0985253795225	0.0940613923627	0.0739149334582	0.0	0.0994114893332	0.153246840099	0.149083795894	0.131662542634	0.113405336722	0.0763057580419	0.151340868053	0.0936434160369	0.0688657794423	0.142730555741
764811490-supragingivalplaque2.freeze11.snv.mod.fix.bam	0.048384939477	0.0450578479235	0.0806694308834	0.0792483113756	0.07232662342	0.058566842774	0.0662576071691	0.0830268173611	0.0340567110279	0.0345582826189	0.0813214739517	0.102822176152	0.151374306159	0.0681635792149	0.0445061191734	0.0542867651976	0.113555808199	0.0759212198221	0.0777603156557	0.0496555875075	0.0858857754297	0.0771584297465	0.0751521433826	0.0871229853541	0.0949307831204	0.0794656590651	0.0665585501237	0.0513609309169	0.108456497024	0.0695679796696	0.101116832743	0.0974887982345	0.0635992777369	0.0493044873938	0.0469303818632	0.0520464120912	0.0513776499699	0.0572627566375	0.049404801712	0.0994114893332	0.0	0.110446064335	0.105647696114	0.078897211262	0.064134287434	0.0488530729619	0.11240219354	0.0559586705009	0.0602220290243	0.0939109208854
765013792-supragingivalplaque2.freeze11.snv.mod.fix.bam	0.100815889788	0.092138701264	0.12557680733	0.136828730021	0.113973784525	0.109442921153	0.11741790945	0.131127532937	0.0958837691433	0.0940279542567	0.113355179563	0.238764796362	0.285009697051	0.115344746874	0.0976392697118	0.0944124924764	0.155336721728	0.125392897746	0.128084665285	0.0955661071357	0.139102521233	0.119775295927	0.118120109677	0.128452484451	0.14597405203	0.149468334114	0.0903497625894	0.0998796228182	0.148682538621	0.107687420584	0.129071089413	0.13169598074	0.104744867251	0.0973216077041	0.0988263224771	0.0980405269846	0.0979569317194	0.0989935130074	0.105480505584	0.153246840099	0.110446064335	0.0	1.67190530328e-05	0.127081522103	0.104293452819	0.0932087206581	0.133618671838	0.0887112953922	0.0996789941818	0.132565371497
765013792-supragingivalplaque3.freeze11.snv.mod.fix.bam	0.0958336119842	0.0872567377784	0.121681267973	0.132615528656	0.110379188123	0.104861900622	0.113271584297	0.127934193807	0.0910018056577	0.0889955192938	0.108306025547	0.235454423861	0.280629305156	0.110412626229	0.0930248110747	0.089614124256	0.150922891727	0.120811877215	0.123486925701	0.0914365010366	0.135290577142	0.115261151608	0.115344746874	0.124857888049	0.141944760249	0.144619808734	0.0864375041798	0.0953821975523	0.144887313583	0.103189995319	0.12519226911	0.127817160436	0.0996789941818	0.0924563632716	0.0941282685749	0.0932755968702	0.0932421587641	0.0946298401659	0.100548384939	0.149083795894	0.105647696114	1.67190530328e-05	0.0	0.12276800642	0.0991774225908	0.0884605095967	0.129840165853	0.0836454223233	0.0953989166054	0.129221560891
765074482-supragingivalplaque3.freeze11.snv.mod.fix.bam	0.075887781716	0.0701364274727	0.1083227446	0.108506654183	0.0923058917943	0.0765565438374	0.0859860897479	0.107888049221	0.0640172540627	0.062646291714	0.104042667023	0.21290042132	0.265013709623	0.09421186384	0.0712231659199	0.0725105330034	0.139888316726	0.10181903297	0.105162843577	0.0692837557681	0.116163980472	0.0967698789541	0.0969872266435	0.109576673577	0.118454490738	0.117016652177	0.0861867183843	0.0707383133819	0.135875743998	0.0896810004681	0.11609710426	0.115511937404	0.0812880358456	0.0680298267906	0.0709890991774	0.0698187654651	0.070771751488	0.0781615729285	0.0751019862235	0.131662542634	0.078897211262	0.127081522103	0.12276800642	0.0	0.0825586838761	0.0658897880024	0.133752424263	0.0716244231927	0.0777101584966	0.117133685548
765094712-supragingivalplaque3.freeze11.snv.mod.fix.bam	0.0508760783789	0.047331639136	0.0671269979268	0.061091419782	0.063649434896	0.0563264896676	0.0657894736842	0.0888283287635	0.0370494215208	0.0304621146258	0.0852170133084	0.182956597338	0.235303952384	0.0718919280412	0.0506085735304	0.0256637464054	0.117133685548	0.0598207717515	0.0615595532669	0.0270179897011	0.0798501972848	0.0790978398983	0.0802012973985	0.0649869591386	0.102889052364	0.0994616464923	0.0709723801244	0.0453922289842	0.112652979335	0.0684645221695	0.0740152477764	0.0702367417909	0.0490871397044	0.0331706012171	0.0375175550057	0.0356951782251	0.0385039791346	0.024944827125	0.0258142178827	0.113405336722	0.064134287434	0.104293452819	0.0991774225908	0.0825586838761	0.0	0.0350096970508	0.07993379255	0.0467966294389	0.0381027218618	0.0910686818699
