	147406386-subgingivalplaque2.freeze11.snv.mod.fix.bam	147406386-supragingivalplaque3.freeze11.snv.mod.fix.bam	158337416-supragingivalplaque2.freeze11.snv.mod.fix.bam	158802708-supragingivalplaque3.freeze11.snv.mod.fix.bam	159591683-supragingivalplaque1.freeze11.snv.mod.fix.bam	160178356-supragingivalplaque2.freeze11.snv.mod.fix.bam	160178356-supragingivalplaque3.freeze11.snv.mod.fix.bam	160259276-supragingivalplaque1.freeze11.snv.mod.fix.bam	160319967-supragingivalplaque2.freeze11.snv.mod.fix.bam	160319967-supragingivalplaque3.freeze11.snv.mod.fix.bam	160380657-supragingivalplaque3.freeze11.snv.mod.fix.bam	160421117-supragingivalplaque2.freeze11.snv.mod.fix.bam	160421117-supragingivalplaque3.freeze11.snv.mod.fix.bam	160502038-supragingivalplaque2.freeze11.snv.mod.fix.bam	160502038-supragingivalplaque3.freeze11.snv.mod.fix.bam	160582958-supragingivalplaque2.freeze11.snv.mod.fix.bam	178713055-supragingivalplaque2.freeze11.snv.mod.fix.bam	508703490-supragingivalplaque2.freeze11.snv.mod.fix.bam	508703490-supragingivalplaque3.freeze11.snv.mod.fix.bam	517810313-supragingivalplaque2.freeze11.snv.mod.fix.bam	604812005-supragingivalplaque3.freeze11.snv.mod.fix.bam	638754422-supragingivalplaque2.freeze11.snv.mod.fix.bam	638754422-supragingivalplaque3.freeze11.snv.mod.fix.bam	650853796-supragingivalplaque1.freeze11.snv.mod.fix.bam	682102541-supragingivalplaque3.freeze11.snv.mod.fix.bam	737052003-supragingivalplaque2.freeze11.snv.mod.fix.bam	763759525-supragingivalplaque1.freeze11.snv.mod.fix.bam	763921366-supragingivalplaque3.freeze11.snv.mod.fix.bam	763982056-supragingivalplaque3.freeze11.snv.mod.fix.bam	764083206-supragingivalplaque1.freeze11.snv.mod.fix.bam	764305738-supragingivalplaque1.freeze11.snv.mod.fix.bam	764305738-supragingivalplaque2.freeze11.snv.mod.fix.bam	764366428-keratinizedgingiva2.freeze11.snv.mod.fix.bam	764366428-subgingivalplaque2.freeze11.snv.mod.fix.bam	764366428-subgingivalplaque3.freeze11.snv.mod.fix.bam	764366428-supragingivalplaque2.freeze11.snv.mod.fix.bam	764366428-supragingivalplaque3.freeze11.snv.mod.fix.bam	764508039-supragingivalplaque1.freeze11.snv.mod.fix.bam	764508039-supragingivalplaque3.freeze11.snv.mod.fix.bam	764588959-supragingivalplaque2.freeze11.snv.mod.fix.bam	764811490-supragingivalplaque2.freeze11.snv.mod.fix.bam	765013792-supragingivalplaque2.freeze11.snv.mod.fix.bam	765013792-supragingivalplaque3.freeze11.snv.mod.fix.bam	765074482-supragingivalplaque3.freeze11.snv.mod.fix.bam	765094712-supragingivalplaque3.freeze11.snv.mod.fix.bam	765195863-supragingivalplaque3.freeze11.snv.mod.fix.bam	765620695-supragingivalplaque2.freeze11.snv.mod.fix.bam	765640925-supragingivalplaque1.freeze11.snv.mod.fix.bam	809635352-supragingivalplaque1.freeze11.snv.mod.fix.bam	823052294-supragingivalplaque3.freeze11.snv.mod.fix.bam
147406386-subgingivalplaque2.freeze11.snv.mod.fix.bam	0.0	0.04324367196	0.140403279203	0.156387605291	0.13691923626	0.130516323964	0.13089871786	0.149033442071	0.128931553593	0.120337315814	0.141583258938	0.248665430307	0.279037045264	0.128870447651	0.125520191773	0.120331339676	0.160947690476	0.126735501684	0.127581062196	0.124535753382	0.153702389334	0.135363196035	0.147239377284	0.134633989652	0.151982947878	0.154307672355	0.139647516268	0.116238297214	0.169247035449	0.129511800422	0.136027542477	0.133131462913	0.116166115339	0.113735329153	0.128869062827	0.111946563355	0.116123894562	0.130340016001	0.131335226572	0.162838595948	0.159980608943	0.158871677071	0.154258677952	0.143957282181	0.126891157886	0.114966274973	0.145453236339	0.116279732951	0.136568645238	0.144958021007
147406386-supragingivalplaque3.freeze11.snv.mod.fix.bam	0.04324367196	0.0	0.142482755385	0.15837051414	0.1386278012	0.132965669933	0.132539278155	0.150311281735	0.131627849427	0.123014543987	0.144193058606	0.24975658861	0.279536751035	0.130434572755	0.127743455211	0.122263456259	0.160928390081	0.128460592427	0.129192020398	0.127261027558	0.156381617299	0.136934805063	0.149211373591	0.135764501263	0.153728737181	0.156694116007	0.141182785622	0.117844896691	0.169833779245	0.130876494221	0.1383147239	0.13522704822	0.119462395031	0.117253075635	0.132252279871	0.113640301616	0.119505686725	0.132356690884	0.132559410446	0.164865764728	0.161334675353	0.160157598591	0.155281890196	0.145427486994	0.12906606507	0.117687259053	0.145974064427	0.118686851269	0.137353562391	0.146223764396
158337416-supragingivalplaque2.freeze11.snv.mod.fix.bam	0.140403279203	0.142482755385	0.0	0.175083992671	0.158785899996	0.164490889577	0.160841971306	0.176199334695	0.142144692046	0.136984942413	0.172888784521	0.237087179076	0.270892539703	0.157169970223	0.155108513425	0.137727928588	0.179026143359	0.127929927617	0.127793924092	0.159088114284	0.135905296797	0.168738472938	0.181366434687	0.126996323565	0.174656413576	0.17051116142	0.161311345311	0.138914649162	0.189895508148	0.164647312495	0.0674965668783	0.0715153762231	0.125968877768	0.116678881735	0.147434677081	0.118471916984	0.135529109021	0.126893822172	0.138477818702	0.18769856123	0.166914441481	0.176188198374	0.171793070986	0.165922469168	0.139270402462	0.133069599688	0.117204390493	0.124366605921	0.145228234154	0.166198470412
158802708-supragingivalplaque3.freeze11.snv.mod.fix.bam	0.156387605291	0.15837051414	0.175083992671	0.0	0.151441711507	0.158241023783	0.16372192313	0.171471537341	0.154405820279	0.14620751711	0.172733929275	0.254960450554	0.28034993889	0.167673799262	0.157861005689	0.128970727354	0.188214764165	0.158704452275	0.159490143912	0.118309525655	0.172886854741	0.167531911114	0.17452856244	0.165539278804	0.177111065378	0.169295529731	0.162492456857	0.153505107125	0.19341764732	0.163885532064	0.180763419778	0.177468339861	0.154362538711	0.140988892622	0.136955342803	0.146048559402	0.140391427654	0.141428001277	0.142513431648	0.189926348855	0.171576101302	0.181736824781	0.179118114047	0.166054503133	0.137073576406	0.158316476881	0.182687497317	0.160877687334	0.162967468146	0.169400182516
159591683-supragingivalplaque1.freeze11.snv.mod.fix.bam	0.13691923626	0.1386278012	0.158785899996	0.151441711507	0.0	0.13544154989	0.139923265104	0.152352680587	0.152143994733	0.14251582455	0.137974220012	0.261435288132	0.288614041849	0.143811581011	0.141742772484	0.126538569293	0.161956127478	0.137895062995	0.138993996367	0.12478914213	0.170873372255	0.140013737536	0.152994514857	0.14241474093	0.152016914161	0.163752315724	0.142051257404	0.130785667762	0.170466423829	0.135057817462	0.149181278751	0.148449983465	0.133232939618	0.131527808831	0.140218127998	0.130172332538	0.13034780502	0.134772147056	0.144443652166	0.169451817384	0.175510649393	0.156242215495	0.151807434284	0.141620624265	0.127641621516	0.13396390759	0.153457044631	0.132155360001	0.144243138683	0.143874586703
160178356-supragingivalplaque2.freeze11.snv.mod.fix.bam	0.130516323964	0.132965669933	0.164490889577	0.158241023783	0.13544154989	0.0	0.0699365978754	0.144371318927	0.140034759212	0.130282468369	0.131257587501	0.26668873947	0.29636262658	0.131452762626	0.132592492675	0.121774388316	0.157599966211	0.124499752785	0.126571120413	0.118244335016	0.170758436867	0.12958191246	0.140376380275	0.140802862264	0.151236635652	0.164308794739	0.142231955085	0.115314173675	0.166309679942	0.126120589316	0.152130296569	0.14823246848	0.112330080681	0.119188902962	0.132787094318	0.114707247642	0.114819973951	0.137003938343	0.142822369735	0.161804360769	0.172847715664	0.159491320439	0.154521810123	0.138309652805	0.127167226656	0.121128262942	0.154901995573	0.120585024151	0.138189488802	0.136874164912
160178356-supragingivalplaque3.freeze11.snv.mod.fix.bam	0.13089871786	0.132539278155	0.160841971306	0.16372192313	0.139923265104	0.0699365978754	0.0	0.148988155652	0.142988569668	0.132929376064	0.142203635494	0.267397182685	0.297013442515	0.127139411024	0.131243271098	0.124915506569	0.15767892966	0.128237161518	0.129195950033	0.122312396884	0.168401848699	0.136669489481	0.147984059845	0.139886296016	0.148007873633	0.162549135513	0.146282520649	0.111542719327	0.165562032027	0.129076276628	0.147153708538	0.14357068926	0.0961180688658	0.113917782037	0.127277418134	0.10591113593	0.104703110975	0.13689273973	0.14429269084	0.16315000528	0.175743489418	0.159258705116	0.154499014662	0.139777804563	0.130082556339	0.120917998565	0.149943127972	0.121082203989	0.139193353993	0.140386186768
160259276-supragingivalplaque1.freeze11.snv.mod.fix.bam	0.149033442071	0.150311281735	0.176199334695	0.171471537341	0.152352680587	0.144371318927	0.148988155652	0.0	0.162777246203	0.153871651002	0.144705802949	0.282031110749	0.308692315197	0.147895869627	0.153033585311	0.143723003275	0.1684044004	0.14047957024	0.141261686349	0.138156258621	0.182956890837	0.143399346705	0.143319987745	0.149317548189	0.15714945677	0.17983118867	0.1492922594	0.143268315104	0.173768103156	0.14405582393	0.158750416749	0.155372087562	0.145124253167	0.147605779952	0.161229837257	0.146598708016	0.147769447587	0.149667453702	0.156969454342	0.166204659026	0.187500959316	0.161610043174	0.159088463022	0.14855287334	0.14800131213	0.141965149821	0.160311810176	0.142347913583	0.151295605193	0.150283597631
160319967-supragingivalplaque2.freeze11.snv.mod.fix.bam	0.128931553593	0.131627849427	0.142144692046	0.154405820279	0.152143994733	0.140034759212	0.142988569668	0.162777246203	0.0	0.0401605100546	0.15703123898	0.229892895285	0.26431816438	0.131346301991	0.118983986856	0.126588717186	0.176759022357	0.140862424687	0.14135916327	0.133784693131	0.144701433779	0.155596088111	0.164647757599	0.146488091488	0.170173226018	0.153072120988	0.14983811112	0.130418908753	0.185672379722	0.147437759734	0.159109502748	0.151879386203	0.134238048644	0.123473034617	0.132469211289	0.124964739987	0.127269665208	0.126874859341	0.115989529178	0.163741569705	0.142301545238	0.180505336164	0.176294642067	0.157155727173	0.13561852141	0.117219357243	0.159267068622	0.128937039292	0.124326627426	0.157756888261
160319967-supragingivalplaque3.freeze11.snv.mod.fix.bam	0.120337315814	0.123014543987	0.136984942413	0.14620751711	0.14251582455	0.130282468369	0.132929376064	0.153871651002	0.0401605100546	0.0	0.147363010641	0.23349128031	0.267393779657	0.122565436024	0.11223148874	0.109649452311	0.167804446875	0.128211860671	0.128941224218	0.118546863434	0.141244220158	0.14539241521	0.155549014419	0.13419160249	0.161152214735	0.149085270723	0.142084062132	0.119224041152	0.176617638126	0.13691738199	0.147439316772	0.140225009226	0.12132475228	0.110665885424	0.123202927361	0.111422137339	0.114180044132	0.112201057003	0.106724741306	0.158873276915	0.144657546994	0.170602826311	0.165701705872	0.146563509763	0.118954121593	0.10594284573	0.147440468209	0.118060008938	0.116063440869	0.147103017315
160380657-supragingivalplaque3.freeze11.snv.mod.fix.bam	0.141583258938	0.144193058606	0.172888784521	0.172733929275	0.137974220012	0.131257587501	0.142203635494	0.144705802949	0.15703123898	0.147363010641	0.0	0.272634319327	0.300698208668	0.145900809691	0.148047393704	0.131142294535	0.164559238908	0.137602422743	0.138277215005	0.12768378861	0.181152727649	0.13083724099	0.142975688462	0.139868243135	0.15607545357	0.175694464359	0.131349132592	0.137370774064	0.169226923408	0.125570490713	0.15681044395	0.154159061081	0.135706426464	0.139466449855	0.153530205133	0.136513052165	0.137843132592	0.146660378044	0.154169917974	0.155814122325	0.182978102886	0.126606013667	0.122091780603	0.145544694278	0.136434327284	0.131841114727	0.157825808759	0.127019797476	0.147495407952	0.13879021255
160421117-supragingivalplaque2.freeze11.snv.mod.fix.bam	0.248665430307	0.24975658861	0.237087179076	0.254960450554	0.261435288132	0.26668873947	0.267397182685	0.282031110749	0.229892895285	0.23349128031	0.272634319327	0.0	0.0670402998612	0.263858056033	0.240732303714	0.246313838905	0.291415567251	0.254980460697	0.255734232627	0.259694220883	0.236948853441	0.271384916212	0.280163105546	0.259319941882	0.279977917346	0.255386888658	0.262888090689	0.252748556171	0.289993303743	0.268410885331	0.258364291963	0.25623647333	0.254335506778	0.243298440564	0.236556093986	0.246919127486	0.247581285019	0.235857341901	0.22899789301	0.28212860045	0.22578625862	0.285774729746	0.282979809898	0.270742853171	0.246986419258	0.245093185639	0.255735842618	0.25511280828	0.253895008461	0.273386182588
160421117-supragingivalplaque3.freeze11.snv.mod.fix.bam	0.279037045264	0.279536751035	0.270892539703	0.28034993889	0.288614041849	0.29636262658	0.297013442515	0.308692315197	0.26431816438	0.267393779657	0.300698208668	0.0670402998612	0.0	0.291522392584	0.268834386017	0.279121718077	0.315849596542	0.286794750314	0.287549410896	0.288235651598	0.269255053318	0.299035873058	0.308215360535	0.292063004586	0.30415480268	0.280039133876	0.289526723752	0.283658455415	0.313127920476	0.297103762274	0.292136926768	0.290370100295	0.286363294752	0.276162571793	0.266062487773	0.279792585821	0.278843427003	0.271836979649	0.264520906502	0.309904397072	0.25258604107	0.309615905628	0.306944092853	0.296877084506	0.279634459269	0.280407909862	0.291589313088	0.287627420592	0.287909219757	0.299702513293
160502038-supragingivalplaque2.freeze11.snv.mod.fix.bam	0.128870447651	0.130434572755	0.157169970223	0.167673799262	0.143811581011	0.131452762626	0.127139411024	0.147895869627	0.131346301991	0.122565436024	0.145900809691	0.263858056033	0.291522392584	0.0	0.0673927758322	0.127300492228	0.152629972679	0.131034447595	0.131419411307	0.127118662425	0.162235047508	0.13782929439	0.149537931768	0.139380223088	0.153627894731	0.159189621061	0.145397159298	0.123299592095	0.159711225827	0.131715899827	0.144966539884	0.142517289325	0.1264533744	0.130108849851	0.145723684909	0.128026312596	0.130020604421	0.139822830963	0.148020835522	0.166888586844	0.172588007376	0.153602993449	0.148693053751	0.140738226944	0.130936463725	0.12657851625	0.149940597186	0.123975380428	0.139592827153	0.138074800597
160502038-supragingivalplaque3.freeze11.snv.mod.fix.bam	0.125520191773	0.127743455211	0.155108513425	0.157861005689	0.141742772484	0.132592492675	0.131243271098	0.153033585311	0.118983986856	0.11223148874	0.148047393704	0.240732303714	0.268834386017	0.0673927758322	0.0	0.127793609276	0.161600713272	0.135928585557	0.136567998969	0.126284057247	0.155733680181	0.140311660252	0.152156791569	0.144666115538	0.159615086674	0.150078993128	0.143279867111	0.12420160163	0.16680838142	0.135472378359	0.155126227513	0.151686477968	0.129426435818	0.126420063997	0.135934738888	0.126348965543	0.126796658321	0.138410885076	0.138411958862	0.168987037677	0.15787469355	0.162894699839	0.158021361689	0.144072572364	0.132156291536	0.126424150988	0.159146354688	0.126665388011	0.141441599463	0.144182775171
160582958-supragingivalplaque2.freeze11.snv.mod.fix.bam	0.120331339676	0.122263456259	0.137727928588	0.128970727354	0.126538569293	0.121774388316	0.124915506569	0.143723003275	0.126588717186	0.109649452311	0.131142294535	0.246313838905	0.279121718077	0.127300492228	0.127793609276	0.0	0.156323495249	0.106212334056	0.107299378462	0.0815085012641	0.151692431178	0.132088330794	0.143141279764	0.110649496831	0.146659735361	0.162076751567	0.136544916295	0.108417344971	0.157650921232	0.124818265528	0.1203688027	0.118705521062	0.103039191029	0.0956651545423	0.114699662628	0.0957947448536	0.100433466337	0.0860453585456	0.104592817869	0.160144556039	0.165483611209	0.139838737927	0.135506208908	0.130361462042	0.0772463533886	0.0990627384388	0.116749539442	0.105606735283	0.111264329696	0.133434859068
178713055-supragingivalplaque2.freeze11.snv.mod.fix.bam	0.160947690476	0.160928390081	0.179026143359	0.188214764165	0.161956127478	0.157599966211	0.15767892966	0.1684044004	0.176759022357	0.167804446875	0.164559238908	0.291415567251	0.315849596542	0.152629972679	0.161600713272	0.156323495249	0.0	0.156302592796	0.156411489274	0.157665720017	0.192943723868	0.160119525186	0.172935599341	0.161112252924	0.169478393872	0.181493085891	0.165750647218	0.154163203992	0.175793547092	0.153878540246	0.161773008117	0.161362968461	0.15613915469	0.163869146771	0.179595934124	0.160816355681	0.163073151426	0.167600788567	0.179963664162	0.181921560694	0.205096152588	0.168989553745	0.164161950421	0.161546216669	0.158589202886	0.156393294275	0.16528718513	0.153506148752	0.165141135719	0.154920563787
508703490-supragingivalplaque2.freeze11.snv.mod.fix.bam	0.126735501684	0.128460592427	0.127929927617	0.158704452275	0.137895062995	0.124499752785	0.128237161518	0.14047957024	0.140862424687	0.128211860671	0.137602422743	0.254980460697	0.286794750314	0.131034447595	0.135928585557	0.106212334056	0.156302592796	0.0	0.0195062457257	0.118766972485	0.14376643069	0.136649733984	0.148778913635	0.0844173883136	0.148768050996	0.166408457325	0.143960681542	0.113438956887	0.163193808273	0.127678800086	0.108801867414	0.108251531117	0.110505350902	0.11004332784	0.134865346053	0.109067573196	0.116951807998	0.112702985808	0.128956726113	0.162386645279	0.174598015836	0.148953366765	0.144583205002	0.137514774558	0.111153242132	0.109812175388	0.116957140432	0.111207266818	0.126535409418	0.12873979319
508703490-supragingivalplaque3.freeze11.snv.mod.fix.bam	0.127581062196	0.129192020398	0.127793924092	0.159490143912	0.138993996367	0.126571120413	0.129195950033	0.141261686349	0.14135916327	0.128941224218	0.138277215005	0.255734232627	0.287549410896	0.131419411307	0.136567998969	0.107299378462	0.156411489274	0.0195062457257	0.0	0.1195958422	0.143702238623	0.137478225586	0.149594001813	0.0833453300216	0.148657758834	0.167017743297	0.144877578298	0.114319436328	0.164211300549	0.127964105686	0.10814475461	0.10767268421	0.111428957267	0.110877931673	0.136123740174	0.110089053358	0.118022624791	0.11325743759	0.129821309483	0.162054696709	0.175723111089	0.149111641982	0.144865715887	0.138530811058	0.112553011435	0.109742414826	0.116596129228	0.111878725394	0.12699713202	0.128915700003
517810313-supragingivalplaque2.freeze11.snv.mod.fix.bam	0.124535753382	0.127261027558	0.159088114284	0.118309525655	0.12478914213	0.118244335016	0.122312396884	0.138156258621	0.133784693131	0.118546863434	0.12768378861	0.259694220883	0.288235651598	0.127118662425	0.126284057247	0.0815085012641	0.157665720017	0.118766972485	0.1195958422	0.0	0.162370097992	0.129241167936	0.137447318739	0.123631729921	0.144678879696	0.158767365534	0.134680824567	0.11281774055	0.160783398156	0.121344311184	0.145144224978	0.141947354659	0.110952353683	0.103259443366	0.112868545445	0.105117637609	0.102588114574	0.10761620124	0.118417187472	0.156853908252	0.160189054595	0.136533994597	0.133868391886	0.128832725571	0.0933588948212	0.113954841109	0.147163428849	0.112436130636	0.124548028267	0.133843138846
604812005-supragingivalplaque3.freeze11.snv.mod.fix.bam	0.153702389334	0.156381617299	0.135905296797	0.172886854741	0.170873372255	0.170758436867	0.168401848699	0.182956890837	0.144701433779	0.141244220158	0.181152727649	0.236948853441	0.269255053318	0.162235047508	0.155733680181	0.151692431178	0.192943723868	0.14376643069	0.143702238623	0.162370097992	0.0	0.175205931447	0.182310338266	0.1420086511	0.187019614251	0.175867197906	0.175070217633	0.149986324275	0.197849339965	0.171337477125	0.135771731421	0.134503960561	0.149785278046	0.141913628672	0.156115480775	0.144267690935	0.151322729998	0.144195139576	0.147977020779	0.195377465294	0.179259629785	0.186786489696	0.184144748195	0.174762316911	0.155006950354	0.14736269234	0.147902340936	0.151449241576	0.159648975767	0.174710030305
638754422-supragingivalplaque2.freeze11.snv.mod.fix.bam	0.135363196035	0.136934805063	0.168738472938	0.167531911114	0.140013737536	0.12958191246	0.136669489481	0.143399346705	0.155596088111	0.14539241521	0.13083724099	0.271384916212	0.299035873058	0.13782929439	0.140311660252	0.132088330794	0.160119525186	0.136649733984	0.137478225586	0.129241167936	0.175205931447	0.0	0.0370755285639	0.144684442628	0.147651894711	0.170131568361	0.13606676934	0.1295975982	0.166226188079	0.13413826898	0.151994847885	0.15006915655	0.131083165009	0.134376030963	0.148124976228	0.131530493669	0.132984225919	0.143554345081	0.152536561853	0.164307083413	0.177810831206	0.151814741723	0.147482559189	0.139947549983	0.133157306987	0.13282683387	0.153267859928	0.12952156181	0.144628109421	0.143153594484
638754422-supragingivalplaque3.freeze11.snv.mod.fix.bam	0.147239377284	0.149211373591	0.181366434687	0.17452856244	0.152994514857	0.140376380275	0.147984059845	0.143319987745	0.164647757599	0.155549014419	0.142975688462	0.280163105546	0.308215360535	0.149537931768	0.152156791569	0.143141279764	0.172935599341	0.148778913635	0.149594001813	0.137447318739	0.182310338266	0.0370755285639	0.0	0.156587194918	0.157556079668	0.180000426866	0.149051384032	0.141364351761	0.178533180946	0.146504571397	0.165828641296	0.163113783962	0.143664192588	0.145012505811	0.157852099206	0.144145692257	0.144794400295	0.154494714948	0.162400416262	0.172299587059	0.185523290209	0.162632230705	0.160290294905	0.150328246019	0.145824882366	0.143859884048	0.166551779014	0.141836503921	0.155846206286	0.15480967435
650853796-supragingivalplaque1.freeze11.snv.mod.fix.bam	0.134633989652	0.135764501263	0.126996323565	0.165539278804	0.14241474093	0.140802862264	0.139886296016	0.149317548189	0.146488091488	0.13419160249	0.139868243135	0.259319941882	0.292063004586	0.139380223088	0.144666115538	0.110649496831	0.161112252924	0.0844173883136	0.0833453300216	0.123631729921	0.1420086511	0.144684442628	0.156587194918	0.0	0.155304349421	0.173658677015	0.145394419847	0.122672525096	0.168762796642	0.136462317908	0.104623529269	0.103477714635	0.118977868754	0.119254427669	0.145009892814	0.117756107622	0.127068501259	0.116308603453	0.131947449486	0.164962667248	0.1846332959	0.138129642653	0.13425821693	0.142610769767	0.116788229897	0.114418160039	0.111088177531	0.113417509118	0.128761240103	0.145151253719
682102541-supragingivalplaque3.freeze11.snv.mod.fix.bam	0.151982947878	0.153728737181	0.174656413576	0.177111065378	0.152016914161	0.151236635652	0.148007873633	0.15714945677	0.170173226018	0.161152214735	0.15607545357	0.279977917346	0.30415480268	0.153627894731	0.159615086674	0.146659735361	0.169478393872	0.148768050996	0.148657758834	0.144678879696	0.187019614251	0.147651894711	0.157556079668	0.155304349421	0.0	0.177554601855	0.161072810497	0.144740802656	0.174534954921	0.145485726227	0.159233931567	0.157437752673	0.147816000253	0.152587521688	0.166688929747	0.151651163597	0.152272859679	0.15570316618	0.166543733101	0.173304459102	0.189604966052	0.163790458284	0.160063234317	0.147687087959	0.150260085655	0.140836814168	0.16088079905	0.145768637799	0.156440611447	0.147982144651
737052003-supragingivalplaque2.freeze11.snv.mod.fix.bam	0.154307672355	0.156694116007	0.17051116142	0.169295529731	0.163752315724	0.164308794739	0.162549135513	0.17983118867	0.153072120988	0.149085270723	0.175694464359	0.255386888658	0.280039133876	0.159189621061	0.150078993128	0.162076751567	0.181493085891	0.166408457325	0.167017743297	0.158767365534	0.175867197906	0.170131568361	0.180000426866	0.173658677015	0.177554601855	0.0	0.164635512223	0.153630927208	0.184179682812	0.162991333701	0.179163282058	0.176054694673	0.159698456351	0.15158367937	0.14782817702	0.155113560191	0.152455053051	0.167615808342	0.162915386229	0.188388207405	0.170827503905	0.189320526436	0.185607140267	0.1704264056	0.165920797188	0.157181651099	0.182336067699	0.160060660277	0.168373002483	0.170093735136
763759525-supragingivalplaque1.freeze11.snv.mod.fix.bam	0.139647516268	0.141182785622	0.161311345311	0.162492456857	0.142051257404	0.142231955085	0.146282520649	0.1492922594	0.14983811112	0.142084062132	0.131349132592	0.262888090689	0.289526723752	0.145397159298	0.143279867111	0.136544916295	0.165750647218	0.143960681542	0.144877578298	0.134680824567	0.175070217633	0.13606676934	0.149051384032	0.145394419847	0.161072810497	0.164635512223	0.0	0.137158176442	0.160617811208	0.137908073788	0.158767965809	0.157353399532	0.137621104075	0.136477303202	0.146827475713	0.135537843545	0.135282195757	0.147687307767	0.153176610557	0.171853204368	0.171729243719	0.133926624187	0.129362489716	0.147452876521	0.144058435388	0.139408643295	0.160347317386	0.13250730373	0.151222668187	0.149902174476
763921366-supragingivalplaque3.freeze11.snv.mod.fix.bam	0.116238297214	0.117844896691	0.138914649162	0.153505107125	0.130785667762	0.115314173675	0.111542719327	0.143268315104	0.130418908753	0.119224041152	0.137370774064	0.252748556171	0.283658455415	0.123299592095	0.12420160163	0.108417344971	0.154163203992	0.113438956887	0.114319436328	0.11281774055	0.149986324275	0.1295975982	0.141364351761	0.122672525096	0.144740802656	0.153630927208	0.137158176442	0.0	0.160408232521	0.121307416729	0.125175466805	0.122841061049	0.0987965132621	0.101020712061	0.118304439296	0.0984993075192	0.102066429002	0.118874172011	0.126100901509	0.159101437603	0.164466086843	0.152333075649	0.147700287687	0.132567244185	0.113495615265	0.107299040904	0.132384867246	0.106646994578	0.126815215626	0.133461140565
763982056-supragingivalplaque3.freeze11.snv.mod.fix.bam	0.169247035449	0.169833779245	0.189895508148	0.19341764732	0.170466423829	0.166309679942	0.165562032027	0.173768103156	0.185672379722	0.176617638126	0.169226923408	0.289993303743	0.313127920476	0.159711225827	0.16680838142	0.157650921232	0.175793547092	0.163193808273	0.164211300549	0.160783398156	0.197849339965	0.166226188079	0.178533180946	0.168762796642	0.174534954921	0.184179682812	0.160617811208	0.160408232521	0.0	0.165028538533	0.16864721877	0.168007515022	0.162121936196	0.167983656365	0.183169950676	0.166422753051	0.167557349976	0.168627489864	0.180248940348	0.183886245594	0.204262069488	0.170458571799	0.16644411588	0.167197153708	0.16017386305	0.160304787066	0.163055951425	0.161626730139	0.167658806675	0.16813291622
764083206-supragingivalplaque1.freeze11.snv.mod.fix.bam	0.129511800422	0.130876494221	0.164647312495	0.163885532064	0.135057817462	0.126120589316	0.129076276628	0.14405582393	0.147437759734	0.13691738199	0.125570490713	0.268410885331	0.297103762274	0.131715899827	0.135472378359	0.124818265528	0.153878540246	0.127678800086	0.127964105686	0.121344311184	0.171337477125	0.13413826898	0.146504571397	0.136462317908	0.145485726227	0.162991333701	0.137908073788	0.121307416729	0.165028538533	0.0	0.150433872027	0.147699914764	0.125429756042	0.130542657089	0.145117246788	0.127143149528	0.12870433734	0.13733890622	0.146666423745	0.162290390219	0.1752764257	0.137583466501	0.13285641234	0.137348272094	0.125640102308	0.118127489907	0.147816380378	0.119785765715	0.138189207536	0.10909613726
764305738-supragingivalplaque1.freeze11.snv.mod.fix.bam	0.136027542477	0.1383147239	0.0674965668783	0.180763419778	0.149181278751	0.152130296569	0.147153708538	0.158750416749	0.159109502748	0.147439316772	0.15681044395	0.258364291963	0.292136926768	0.144966539884	0.155126227513	0.1203688027	0.161773008117	0.108801867414	0.10814475461	0.145144224978	0.135771731421	0.151994847885	0.165828641296	0.104623529269	0.159233931567	0.179163282058	0.158767965809	0.125175466805	0.16864721877	0.150433872027	0.0	0.0150822942815	0.101559566842	0.100865815005	0.148454049708	0.0994979361718	0.122539213322	0.11266156197	0.138091274125	0.17209047509	0.198573314565	0.153169735331	0.148577681145	0.149837818996	0.119285013874	0.118959245861	0.0851826387359	0.102400835516	0.129088362245	0.149721159162
764305738-supragingivalplaque2.freeze11.snv.mod.fix.bam	0.133131462913	0.13522704822	0.0715153762231	0.177468339861	0.148449983465	0.14823246848	0.14357068926	0.155372087562	0.151879386203	0.140225009226	0.154159061081	0.25623647333	0.290370100295	0.142517289325	0.151686477968	0.118705521062	0.161362968461	0.108251531117	0.10767268421	0.141947354659	0.134503960561	0.15006915655	0.163113783962	0.103477714635	0.157437752673	0.176054694673	0.157353399532	0.122841061049	0.168007515022	0.147699914764	0.0150822942815	0.0	0.101683305372	0.0992924281712	0.145998491797	0.0982600529547	0.120665573231	0.110301518832	0.131706094965	0.165610758943	0.19481327041	0.154780948157	0.15020462582	0.147961404306	0.11866534797	0.113983411001	0.090103528366	0.099428365521	0.123295501447	0.148454076781
764366428-keratinizedgingiva2.freeze11.snv.mod.fix.bam	0.116166115339	0.119462395031	0.125968877768	0.154362538711	0.133232939618	0.112330080681	0.0961180688658	0.145124253167	0.134238048644	0.12132475228	0.135706426464	0.254335506778	0.286363294752	0.1264533744	0.129426435818	0.103039191029	0.15613915469	0.110505350902	0.111428957267	0.110952353683	0.149785278046	0.131083165009	0.143664192588	0.118977868754	0.147816000253	0.159698456351	0.137621104075	0.0987965132621	0.162121936196	0.125429756042	0.101559566842	0.101683305372	0.0	0.0564166220412	0.083183548666	0.0440205986834	0.0476461437671	0.110766912711	0.123563564007	0.158311019638	0.171475528461	0.148327428799	0.142990091028	0.134412589546	0.106234963034	0.105697647195	0.124528762622	0.100018464707	0.12270958966	0.134947920228
764366428-subgingivalplaque2.freeze11.snv.mod.fix.bam	0.113735329153	0.117253075635	0.116678881735	0.140988892622	0.131527808831	0.119188902962	0.113917782037	0.147605779952	0.123473034617	0.110665885424	0.139466449855	0.243298440564	0.276162571793	0.130108849851	0.126420063997	0.0956651545423	0.163869146771	0.11004332784	0.110877931673	0.103259443366	0.141913628672	0.134376030963	0.145012505811	0.119254427669	0.152587521688	0.15158367937	0.136477303202	0.101020712061	0.167983656365	0.130542657089	0.100865815005	0.0992924281712	0.0564166220412	0.0	0.0704855888504	0.0427816374692	0.050637882484	0.102788014535	0.110790249929	0.162341180399	0.161392233632	0.155496573893	0.151526619996	0.137274000264	0.100987986414	0.103918862433	0.128921216119	0.0983698088895	0.120604797281	0.140320447901
764366428-subgingivalplaque3.freeze11.snv.mod.fix.bam	0.128869062827	0.132252279871	0.147434677081	0.136955342803	0.140218127998	0.132787094318	0.127277418134	0.161229837257	0.132469211289	0.123202927361	0.153530205133	0.236556093986	0.266062487773	0.145723684909	0.135934738888	0.114699662628	0.179595934124	0.134865346053	0.136123740174	0.112868545445	0.156115480775	0.148124976228	0.157852099206	0.145009892814	0.166688929747	0.14782817702	0.146827475713	0.118304439296	0.183169950676	0.145117246788	0.148454049708	0.145998491797	0.083183548666	0.0704855888504	0.0	0.0728068588497	0.0617629781744	0.125029130085	0.125217680839	0.1763903838	0.157527631818	0.170145671152	0.166763941382	0.152089189009	0.12071033285	0.127819065995	0.160367087921	0.127741806004	0.141948778063	0.156096956041
764366428-supragingivalplaque2.freeze11.snv.mod.fix.bam	0.111946563355	0.113640301616	0.118471916984	0.146048559402	0.130172332538	0.114707247642	0.10591113593	0.146598708016	0.124964739987	0.111422137339	0.136513052165	0.246919127486	0.279792585821	0.128026312596	0.126348965543	0.0957947448536	0.160816355681	0.109067573196	0.110089053358	0.105117637609	0.144267690935	0.131530493669	0.144145692257	0.117756107622	0.151651163597	0.155113560191	0.135537843545	0.0984993075192	0.166422753051	0.127143149528	0.0994979361718	0.0982600529547	0.0440205986834	0.0427816374692	0.0728068588497	0.0	0.0436634307899	0.102853701846	0.111046192083	0.161859771431	0.163393461834	0.153653125934	0.148711677267	0.135533789663	0.101068329001	0.102608594544	0.127110494495	0.0958779255149	0.118421676874	0.13798935703
764366428-supragingivalplaque3.freeze11.snv.mod.fix.bam	0.116123894562	0.119505686725	0.135529109021	0.140391427654	0.13034780502	0.114819973951	0.104703110975	0.147769447587	0.127269665208	0.114180044132	0.137843132592	0.247581285019	0.278843427003	0.130020604421	0.126796658321	0.100433466337	0.163073151426	0.116951807998	0.118022624791	0.102588114574	0.151322729998	0.132984225919	0.144794400295	0.127068501259	0.152272859679	0.152455053051	0.135282195757	0.102066429002	0.167557349976	0.12870433734	0.122539213322	0.120665573231	0.0476461437671	0.050637882484	0.0617629781744	0.0436634307899	0.0	0.111611116575	0.118551098498	0.163166149074	0.162769825019	0.154764251884	0.149871827593	0.136921509326	0.105490615175	0.110516179567	0.138744601424	0.10697442065	0.126008896667	0.13950104692
764508039-supragingivalplaque1.freeze11.snv.mod.fix.bam	0.130340016001	0.132356690884	0.126893822172	0.141428001277	0.134772147056	0.137003938343	0.13689273973	0.149667453702	0.126874859341	0.112201057003	0.146660378044	0.235857341901	0.271836979649	0.139822830963	0.138410885076	0.0860453585456	0.167600788567	0.112702985808	0.11325743759	0.10761620124	0.144195139576	0.143554345081	0.154494714948	0.116308603453	0.15570316618	0.167615808342	0.147687307767	0.118874172011	0.168627489864	0.13733890622	0.11266156197	0.110301518832	0.110766912711	0.102788014535	0.125029130085	0.102853701846	0.111611116575	0.0	0.060884244862	0.163919371139	0.169191284839	0.157363963716	0.153145979173	0.142979411182	0.0849049194701	0.102743881916	0.113685061839	0.114154662582	0.107001090323	0.145028024505
764508039-supragingivalplaque3.freeze11.snv.mod.fix.bam	0.131335226572	0.132559410446	0.138477818702	0.142513431648	0.144443652166	0.142822369735	0.14429269084	0.156969454342	0.115989529178	0.106724741306	0.154169917974	0.22899789301	0.264520906502	0.148020835522	0.138411958862	0.104592817869	0.179963664162	0.128956726113	0.129821309483	0.118417187472	0.147977020779	0.152536561853	0.162400416262	0.131947449486	0.166543733101	0.162915386229	0.153176610557	0.126100901509	0.180248940348	0.146666423745	0.138091274125	0.131706094965	0.123563564007	0.110790249929	0.125217680839	0.111046192083	0.118551098498	0.060884244862	0.0	0.156227163828	0.160175268511	0.17191520855	0.168364988885	0.151876956713	0.105901996943	0.107801516074	0.139755295624	0.123789744391	0.110031094395	0.157140472074
764588959-supragingivalplaque2.freeze11.snv.mod.fix.bam	0.162838595948	0.164865764728	0.18769856123	0.189926348855	0.169451817384	0.161804360769	0.16315000528	0.166204659026	0.163741569705	0.158873276915	0.155814122325	0.28212860045	0.309904397072	0.166888586844	0.168987037677	0.160144556039	0.181921560694	0.162386645279	0.162054696709	0.156853908252	0.195377465294	0.164307083413	0.172299587059	0.164962667248	0.173304459102	0.188388207405	0.171853204368	0.159101437603	0.183886245594	0.162290390219	0.17209047509	0.165610758943	0.158311019638	0.162341180399	0.1763903838	0.161859771431	0.163166149074	0.163919371139	0.156227163828	0.0	0.199347431911	0.178069901342	0.175012997021	0.169916516901	0.164328984922	0.145015361996	0.172382243825	0.153219832204	0.137158434811	0.169807856651
764811490-supragingivalplaque2.freeze11.snv.mod.fix.bam	0.159980608943	0.161334675353	0.166914441481	0.171576101302	0.175510649393	0.172847715664	0.175743489418	0.187500959316	0.142301545238	0.144657546994	0.182978102886	0.22578625862	0.25258604107	0.172588007376	0.15787469355	0.165483611209	0.205096152588	0.174598015836	0.175723111089	0.160189054595	0.179259629785	0.177810831206	0.185523290209	0.1846332959	0.189604966052	0.170827503905	0.171729243719	0.164466086843	0.204262069488	0.1752764257	0.198573314565	0.19481327041	0.171475528461	0.161392233632	0.157527631818	0.163393461834	0.162769825019	0.169191284839	0.160175268511	0.199347431911	0.0	0.20172882464	0.19840449069	0.179292834	0.171346206212	0.164205876917	0.200688109615	0.168532325955	0.178212158178	0.188900909981
765013792-supragingivalplaque2.freeze11.snv.mod.fix.bam	0.158871677071	0.160157598591	0.176188198374	0.181736824781	0.156242215495	0.159491320439	0.159258705116	0.161610043174	0.180505336164	0.170602826311	0.126606013667	0.285774729746	0.309615905628	0.153602993449	0.162894699839	0.139838737927	0.168989553745	0.148953366765	0.149111641982	0.136533994597	0.186786489696	0.151814741723	0.162632230705	0.138129642653	0.163790458284	0.189320526436	0.133926624187	0.152333075649	0.170458571799	0.137583466501	0.153169735331	0.154780948157	0.148327428799	0.155496573893	0.170145671152	0.153653125934	0.154764251884	0.157363963716	0.17191520855	0.178069901342	0.20172882464	0.0	0.00541433216112	0.152119202638	0.146714660257	0.149418266605	0.145160166762	0.137818222499	0.161441783716	0.149445919529
765013792-supragingivalplaque3.freeze11.snv.mod.fix.bam	0.154258677952	0.155281890196	0.171793070986	0.179118114047	0.151807434284	0.154521810123	0.154499014662	0.159088463022	0.176294642067	0.165701705872	0.122091780603	0.282979809898	0.306944092853	0.148693053751	0.158021361689	0.135506208908	0.164161950421	0.144583205002	0.144865715887	0.133868391886	0.184144748195	0.147482559189	0.160290294905	0.13425821693	0.160063234317	0.185607140267	0.129362489716	0.147700287687	0.16644411588	0.13285641234	0.148577681145	0.15020462582	0.142990091028	0.151526619996	0.166763941382	0.148711677267	0.149871827593	0.153145979173	0.168364988885	0.175012997021	0.19840449069	0.00541433216112	0.0	0.147370557611	0.142056819572	0.144877314409	0.141274761094	0.132874949184	0.156919020751	0.145200092817
765074482-supragingivalplaque3.freeze11.snv.mod.fix.bam	0.143957282181	0.145427486994	0.165922469168	0.166054503133	0.141620624265	0.138309652805	0.139777804563	0.14855287334	0.157155727173	0.146563509763	0.145544694278	0.270742853171	0.296877084506	0.140738226944	0.144072572364	0.130361462042	0.161546216669	0.137514774558	0.138530811058	0.128832725571	0.174762316911	0.139947549983	0.150328246019	0.142610769767	0.147687087959	0.1704264056	0.147452876521	0.132567244185	0.167197153708	0.137348272094	0.149837818996	0.147961404306	0.134412589546	0.137274000264	0.152089189009	0.135533789663	0.136921509326	0.142979411182	0.151876956713	0.169916516901	0.179292834	0.152119202638	0.147370557611	0.0	0.134801794213	0.132970267689	0.155173452218	0.131899509004	0.146627154591	0.144151101413
765094712-supragingivalplaque3.freeze11.snv.mod.fix.bam	0.126891157886	0.12906606507	0.139270402462	0.137073576406	0.127641621516	0.127167226656	0.130082556339	0.14800131213	0.13561852141	0.118954121593	0.136434327284	0.246986419258	0.279634459269	0.130936463725	0.132156291536	0.0772463533886	0.158589202886	0.111153242132	0.112553011435	0.0933588948212	0.155006950354	0.133157306987	0.145824882366	0.116788229897	0.150260085655	0.165920797188	0.144058435388	0.113495615265	0.16017386305	0.125640102308	0.119285013874	0.11866534797	0.106234963034	0.100987986414	0.12071033285	0.101068329001	0.105490615175	0.0849049194701	0.105901996943	0.164328984922	0.171346206212	0.146714660257	0.142056819572	0.134801794213	0.0	0.105962314031	0.118277279498	0.113168349286	0.111238485495	0.137234271478
765195863-supragingivalplaque3.freeze11.snv.mod.fix.bam	0.114966274973	0.117687259053	0.133069599688	0.158316476881	0.13396390759	0.121128262942	0.120917998565	0.141965149821	0.117219357243	0.10594284573	0.131841114727	0.245093185639	0.280407909862	0.12657851625	0.126424150988	0.0990627384388	0.156393294275	0.109812175388	0.109742414826	0.113954841109	0.14736269234	0.13282683387	0.143859884048	0.114418160039	0.140836814168	0.157181651099	0.139408643295	0.107299040904	0.160304787066	0.118127489907	0.118959245861	0.113983411001	0.105697647195	0.103918862433	0.127819065995	0.102608594544	0.110516179567	0.102743881916	0.107801516074	0.145015361996	0.164205876917	0.149418266605	0.144877314409	0.132970267689	0.105962314031	0.0	0.116583006024	0.100968872831	0.107898927264	0.129775306581
765620695-supragingivalplaque2.freeze11.snv.mod.fix.bam	0.145453236339	0.145974064427	0.117204390493	0.182687497317	0.153457044631	0.154901995573	0.149943127972	0.160311810176	0.159267068622	0.147440468209	0.157825808759	0.255735842618	0.291589313088	0.149940597186	0.159146354688	0.116749539442	0.16528718513	0.116957140432	0.116596129228	0.147163428849	0.147902340936	0.153267859928	0.166551779014	0.111088177531	0.16088079905	0.182336067699	0.160347317386	0.132384867246	0.163055951425	0.147816380378	0.0851826387359	0.090103528366	0.124528762622	0.128921216119	0.160367087921	0.127110494495	0.138744601424	0.113685061839	0.139755295624	0.172382243825	0.200688109615	0.145160166762	0.141274761094	0.155173452218	0.118277279498	0.116583006024	0.0	0.124543307157	0.129387652578	0.146973783045
