	158216035-tonguedorsum2.freeze11.snv.mod.fix.bam	158499257-tonguedorsum1.freeze11.snv.mod.fix.bam	159247771-tonguedorsum2.freeze11.snv.mod.fix.bam	159571453-tonguedorsum2.freeze11.snv.mod.fix.bam	159713063-tonguedorsum2.freeze11.snv.mod.fix.bam	159753524-tonguedorsum1.freeze11.snv.mod.fix.bam	159753524-tonguedorsum3.freeze11.snv.mod.fix.bam	160178356-tonguedorsum1.freeze11.snv.mod.fix.bam	160178356-tonguedorsum2.freeze11.snv.mod.fix.bam	160178356-tonguedorsum3.freeze11.snv.mod.fix.bam	160319967-tonguedorsum3.freeze11.snv.mod.fix.bam	160421117-tonguedorsum2.freeze11.snv.mod.fix.bam	160421117-tonguedorsum3.freeze11.snv.mod.fix.bam	178713055-tonguedorsum2.freeze11.snv.mod.fix.bam	234447334-buccalmucosa2.freeze11.snv.mod.fix.bam	604812005-tonguedorsum1.freeze11.snv.mod.fix.bam	686765762-tonguedorsum1.freeze11.snv.mod.fix.bam	763395383-anteriornares3.freeze11.snv.mod.fix.bam	763840445-tonguedorsum2.freeze11.snv.mod.fix.bam	764467579-buccalmucosa3.freeze11.snv.mod.fix.bam	764508039-tonguedorsum1.freeze11.snv.mod.fix.bam	764588959-tonguedorsum2.freeze11.snv.mod.fix.bam	823052294-tonguedorsum2.freeze11.snv.mod.fix.bam	937415040-tonguedorsum1.freeze11.snv.mod.fix.bam
158216035-tonguedorsum2.freeze11.snv.mod.fix.bam	0.0	0.0294526761415	0.0883580284246	0.15687934684	0.132809192622	0.131539159359	0.127003326278	0.0256425763532	0.0303598427578	0.0263683096462	0.100151194436	0.0550952524947	0.0455397641367	0.0570910190505	0.12156032658	0.0315089204717	0.105291805262	0.0644693075295	0.0531599637133	0.0803749622014	0.0579981856668	0.0757181735712	0.030964620502	0.0527970970668
158499257-tonguedorsum1.freeze11.snv.mod.fix.bam	0.0294526761415	0.0	0.11115814938	0.186876322951	0.158814635621	0.157605080133	0.154036891442	0.0246749319625	0.039068642274	0.0249168430602	0.124584215301	0.0619897187783	0.0434230420321	0.0741457514363	0.146174780768	0.0398548533414	0.132809192622	0.0882975506501	0.0719080737829	0.102267916541	0.083217417599	0.0853946174781	0.0234048986997	0.0792863622619
159247771-tonguedorsum2.freeze11.snv.mod.fix.bam	0.0883580284246	0.11115814938	0.0	0.166918657393	0.141397036589	0.136195947989	0.135651648019	0.0831569398246	0.0664650740853	0.0851527063804	0.121983671001	0.0875113395827	0.086543695192	0.0938615058966	0.137224070154	0.0710009071666	0.110674327185	0.08364076202	0.08364076202	0.0601149077714	0.0458421530088	0.0847898397339	0.0966434835198	0.0848503175083
159571453-tonguedorsum2.freeze11.snv.mod.fix.bam	0.15687934684	0.186876322951	0.166918657393	0.0	0.122467493196	0.144662836408	0.139522225582	0.168430601754	0.152283035984	0.175808890233	0.0915028726943	0.16522527971	0.170003023889	0.165709101905	0.13250680375	0.156456002419	0.123314182038	0.150045358331	0.148291502873	0.150226791654	0.117750226792	0.1583912912	0.179800423344	0.121136982159
159713063-tonguedorsum2.freeze11.snv.mod.fix.bam	0.132809192622	0.158814635621	0.141397036589	0.122467493196	0.0	0.130450559419	0.127003326278	0.142122769882	0.123858482008	0.149380102812	0.0841850619897	0.137647414575	0.141336558815	0.144904747505	0.126519504082	0.132446325975	0.110009071666	0.123858482008	0.125188993045	0.128091926217	0.0700937405503	0.135712125794	0.15222255821	0.10801330511
159753524-tonguedorsum1.freeze11.snv.mod.fix.bam	0.131539159359	0.157605080133	0.136195947989	0.144662836408	0.130450559419	0.0	0.0157846991231	0.128333837315	0.110855760508	0.134925914726	0.111400060478	0.125914726338	0.130027214998	0.131055337164	0.125068037496	0.125188993045	0.0809797399456	0.123495615361	0.116177804657	0.115149682492	0.0895675839129	0.131599637133	0.148110069549	0.108194738434
159753524-tonguedorsum3.freeze11.snv.mod.fix.bam	0.127003326278	0.154036891442	0.135651648019	0.139522225582	0.127003326278	0.0157846991231	0.0	0.128333837315	0.11061384941	0.134321136982	0.105654671908	0.124463259752	0.129059570608	0.128091926217	0.119564560024	0.125188993045	0.0797701844572	0.121741759903	0.116056849108	0.112670093741	0.091321439371	0.127850015119	0.14442092531	0.10541276081
160178356-tonguedorsum1.freeze11.snv.mod.fix.bam	0.0256425763532	0.0246749319625	0.0831569398246	0.168430601754	0.142122769882	0.128333837315	0.128333837315	0.0	0.00538252192319	0.00393105533716	0.111521016027	0.0443906864227	0.0327184759601	0.051950408225	0.133776837012	0.0220743876625	0.107106138494	0.0669488962806	0.0483822195343	0.0737828847898	0.0564257635319	0.0697913516783	0.0218324765649	0.050075597218
160178356-tonguedorsum2.freeze11.snv.mod.fix.bam	0.0303598427578	0.039068642274	0.0664650740853	0.152283035984	0.123858482008	0.110855760508	0.11061384941	0.00538252192319	0.0	0.00417296643484	0.09609918355	0.0406410644088	0.0353794980345	0.0444511641972	0.119685515573	0.0191109767161	0.087995161778	0.0499546416692	0.0416691865739	0.0589658300575	0.0410039310553	0.0599939522226	0.0314484426973	0.0424553976414
160178356-tonguedorsum3.freeze11.snv.mod.fix.bam	0.0263683096462	0.0249168430602	0.0851527063804	0.175808890233	0.149380102812	0.134925914726	0.134321136982	0.00393105533716	0.00417296643484	0.0	0.116480193529	0.0459026307832	0.0294526761415	0.0509222860599	0.139038403387	0.0187481100695	0.113456304808	0.0661022074388	0.0504989416389	0.0766253401875	0.06078016329	0.0696703961294	0.0206833988509	0.0595706078016
160319967-tonguedorsum3.freeze11.snv.mod.fix.bam	0.100151194436	0.124584215301	0.121983671001	0.0915028726943	0.0841850619897	0.111400060478	0.105654671908	0.111521016027	0.09609918355	0.116480193529	0.0	0.114000604778	0.117750226792	0.115573026913	0.104324160871	0.101965527669	0.0908376171757	0.100453583308	0.0991835500454	0.111521016027	0.0740852736619	0.113093438161	0.126156637436	0.0720290293317
160421117-tonguedorsum2.freeze11.snv.mod.fix.bam	0.0550952524947	0.0619897187783	0.0875113395827	0.16522527971	0.137647414575	0.125914726338	0.124463259752	0.0443906864227	0.0406410644088	0.0459026307832	0.114000604778	0.0	0.00120955548836	0.0711218627155	0.128091926217	0.0495312972483	0.106864227396	0.0770486846084	0.0659812518899	0.0788630178409	0.0650740852737	0.0803749622014	0.0549138191715	0.0702146960992
160421117-tonguedorsum3.freeze11.snv.mod.fix.bam	0.0455397641367	0.0434230420321	0.086543695192	0.170003023889	0.141336558815	0.130027214998	0.129059570608	0.0327184759601	0.0353794980345	0.0294526761415	0.117750226792	0.00120955548836	0.0	0.0624130631993	0.130631992743	0.0411248866042	0.110492893862	0.0743271847596	0.062957363169	0.0761415179921	0.065557907469	0.077713940127	0.0347142425159	0.0695494405806
178713055-tonguedorsum2.freeze11.snv.mod.fix.bam	0.0570910190505	0.0741457514363	0.0938615058966	0.165709101905	0.144904747505	0.131055337164	0.128091926217	0.051950408225	0.0444511641972	0.0509222860599	0.115573026913	0.0711218627155	0.0624130631993	0.0	0.126338070759	0.0460840641064	0.109222860599	0.0730571514968	0.0609011188388	0.085092228606	0.0656183852434	0.0742667069852	0.062957363169	0.0693680072573
234447334-buccalmucosa2.freeze11.snv.mod.fix.bam	0.12156032658	0.146174780768	0.137224070154	0.13250680375	0.126519504082	0.125068037496	0.119564560024	0.133776837012	0.119685515573	0.139038403387	0.104324160871	0.128091926217	0.130631992743	0.126338070759	0.0	0.125975204112	0.105473238585	0.121136982159	0.121136982159	0.112488660417	0.101784094345	0.120774115513	0.137828847898	0.104747505292
604812005-tonguedorsum1.freeze11.snv.mod.fix.bam	0.0315089204717	0.0398548533414	0.0710009071666	0.156456002419	0.132446325975	0.125188993045	0.125188993045	0.0220743876625	0.0191109767161	0.0187481100695	0.101965527669	0.0495312972483	0.0411248866042	0.0460840641064	0.125975204112	0.0	0.10075597218	0.0480193528878	0.0394315089205	0.0637435742365	0.0444511641972	0.0579981856668	0.0327184759601	0.0442697308739
686765762-tonguedorsum1.freeze11.snv.mod.fix.bam	0.105291805262	0.132809192622	0.110674327185	0.123314182038	0.110009071666	0.0809797399456	0.0797701844572	0.107106138494	0.087995161778	0.113456304808	0.0908376171757	0.106864227396	0.110492893862	0.109222860599	0.105473238585	0.10075597218	0.0	0.100514061083	0.0954944058059	0.0964620501966	0.0644088297551	0.11061384941	0.125068037496	0.0801330511037
763395383-anteriornares3.freeze11.snv.mod.fix.bam	0.0644693075295	0.0882975506501	0.08364076202	0.150045358331	0.123858482008	0.123495615361	0.121741759903	0.0669488962806	0.0499546416692	0.0661022074388	0.100453583308	0.0770486846084	0.0743271847596	0.0730571514968	0.121136982159	0.0480193528878	0.100514061083	0.0	0.0613244632598	0.0797701844572	0.0542485636529	0.0718475960085	0.0792863622619	0.0594496522528
763840445-tonguedorsum2.freeze11.snv.mod.fix.bam	0.0531599637133	0.0719080737829	0.08364076202	0.148291502873	0.125188993045	0.116177804657	0.116056849108	0.0483822195343	0.0416691865739	0.0504989416389	0.0991835500454	0.0659812518899	0.062957363169	0.0609011188388	0.121136982159	0.0394315089205	0.0954944058059	0.0613244632598	0.0	0.0700332627759	0.0499546416692	0.0711218627155	0.0613244632598	0.0482007862111
764467579-buccalmucosa3.freeze11.snv.mod.fix.bam	0.0803749622014	0.102267916541	0.0601149077714	0.150226791654	0.128091926217	0.115149682492	0.112670093741	0.0737828847898	0.0589658300575	0.0766253401875	0.111521016027	0.0788630178409	0.0761415179921	0.085092228606	0.112488660417	0.0637435742365	0.0964620501966	0.0797701844572	0.0700332627759	0.0	0.0468702751739	0.087995161778	0.0885999395222	0.0731176292712
764508039-tonguedorsum1.freeze11.snv.mod.fix.bam	0.0579981856668	0.083217417599	0.0458421530088	0.117750226792	0.0700937405503	0.0895675839129	0.091321439371	0.0564257635319	0.0410039310553	0.06078016329	0.0740852736619	0.0650740852737	0.065557907469	0.0656183852434	0.101784094345	0.0444511641972	0.0644088297551	0.0542485636529	0.0499546416692	0.0468702751739	0.0	0.0722709404294	0.0745086180829	0.0371333534926
764588959-tonguedorsum2.freeze11.snv.mod.fix.bam	0.0757181735712	0.0853946174781	0.0847898397339	0.1583912912	0.135712125794	0.131599637133	0.127850015119	0.0697913516783	0.0599939522226	0.0696703961294	0.113093438161	0.0803749622014	0.077713940127	0.0742667069852	0.120774115513	0.0579981856668	0.11061384941	0.0718475960085	0.0711218627155	0.087995161778	0.0722709404294	0.0	0.0765648624131	0.0789839733898
823052294-tonguedorsum2.freeze11.snv.mod.fix.bam	0.030964620502	0.0234048986997	0.0966434835198	0.179800423344	0.15222255821	0.148110069549	0.14442092531	0.0218324765649	0.0314484426973	0.0206833988509	0.126156637436	0.0549138191715	0.0347142425159	0.062957363169	0.137828847898	0.0327184759601	0.125068037496	0.0792863622619	0.0613244632598	0.0885999395222	0.0745086180829	0.0765648624131	0.0	0.0762019957666
937415040-tonguedorsum1.freeze11.snv.mod.fix.bam	0.0527970970668	0.0792863622619	0.0848503175083	0.121136982159	0.10801330511	0.108194738434	0.10541276081	0.050075597218	0.0424553976414	0.0595706078016	0.0720290293317	0.0702146960992	0.0695494405806	0.0693680072573	0.104747505292	0.0442697308739	0.0801330511037	0.0594496522528	0.0482007862111	0.0731176292712	0.0371333534926	0.0789839733898	0.0762019957666	0.0
