	158216035-tonguedorsum2.freeze11.snv.mod.fix.bam	158499257-tonguedorsum1.freeze11.snv.mod.fix.bam	159247771-tonguedorsum2.freeze11.snv.mod.fix.bam	159571453-tonguedorsum2.freeze11.snv.mod.fix.bam	159713063-tonguedorsum2.freeze11.snv.mod.fix.bam	159753524-tonguedorsum1.freeze11.snv.mod.fix.bam	159753524-tonguedorsum3.freeze11.snv.mod.fix.bam	160178356-tonguedorsum1.freeze11.snv.mod.fix.bam	160178356-tonguedorsum2.freeze11.snv.mod.fix.bam	160178356-tonguedorsum3.freeze11.snv.mod.fix.bam	160319967-tonguedorsum3.freeze11.snv.mod.fix.bam	160421117-tonguedorsum2.freeze11.snv.mod.fix.bam	160421117-tonguedorsum3.freeze11.snv.mod.fix.bam	178713055-tonguedorsum2.freeze11.snv.mod.fix.bam	234447334-buccalmucosa2.freeze11.snv.mod.fix.bam	604812005-tonguedorsum1.freeze11.snv.mod.fix.bam	686765762-tonguedorsum1.freeze11.snv.mod.fix.bam	763395383-anteriornares3.freeze11.snv.mod.fix.bam	763840445-tonguedorsum2.freeze11.snv.mod.fix.bam	764467579-buccalmucosa3.freeze11.snv.mod.fix.bam	764508039-tonguedorsum1.freeze11.snv.mod.fix.bam	764588959-tonguedorsum2.freeze11.snv.mod.fix.bam	823052294-tonguedorsum2.freeze11.snv.mod.fix.bam	937415040-tonguedorsum1.freeze11.snv.mod.fix.bam
158216035-tonguedorsum2.freeze11.snv.mod.fix.bam	0.0	0.0930818508638	0.139699356815	0.20587132724	0.185477435762	0.173510835464	0.171661835651	0.0891174061636	0.0987310927484	0.0883611589831	0.176431287466	0.115971742051	0.105575999135	0.109728940603	0.186627044317	0.0979210383871	0.15852075302	0.124171219338	0.114905972098	0.132575795825	0.127302249889	0.13480839769	0.092420478741	0.121710687804
158499257-tonguedorsum1.freeze11.snv.mod.fix.bam	0.0930818508638	0.0	0.148503298277	0.224043627172	0.199013670847	0.188438200751	0.186732533591	0.0886814909006	0.10494482478	0.0828040818676	0.19049692313	0.116040866844	0.102683548838	0.118896894077	0.203518353811	0.107024628732	0.175112980154	0.136509977569	0.128871192445	0.145885705255	0.148113826603	0.134969572336	0.0744948720209	0.143968197342
159247771-tonguedorsum2.freeze11.snv.mod.fix.bam	0.139699356815	0.148503298277	0.0	0.199867566062	0.176521508115	0.158877319786	0.161011066189	0.1338490205	0.121054986768	0.12825988909	0.185759451084	0.132924362362	0.133394360168	0.125398580768	0.186148973504	0.12535225681	0.145202091267	0.129268776186	0.130540806429	0.0951582686658	0.109652720892	0.124578621598	0.133102219856	0.143936280135
159571453-tonguedorsum2.freeze11.snv.mod.fix.bam	0.20587132724	0.224043627172	0.199867566062	0.0	0.163724740296	0.175686351738	0.171361994438	0.213650019322	0.204004883467	0.216734166804	0.155129717233	0.210154893705	0.21543582327	0.206631371767	0.19098403959	0.208674344087	0.165279234654	0.19295726924	0.188899372699	0.193567313768	0.172779820712	0.214645718098	0.223460550267	0.179962231764
159713063-tonguedorsum2.freeze11.snv.mod.fix.bam	0.185477435762	0.199013670847	0.176521508115	0.163724740296	0.0	0.165212885385	0.163801112202	0.190417301364	0.179693953616	0.193064092433	0.153758681263	0.183578485065	0.188214231413	0.185218189741	0.185486970352	0.187295767793	0.154604631985	0.170988130401	0.171177917876	0.171448359355	0.132205554838	0.188759117342	0.196011334917	0.170982855391
159753524-tonguedorsum1.freeze11.snv.mod.fix.bam	0.173510835464	0.188438200751	0.158877319786	0.175686351738	0.165212885385	0.0	0.0441547988641	0.170704398419	0.158761481674	0.169952253982	0.173853353487	0.162383259221	0.167603780451	0.157722878569	0.16992600539	0.171244589217	0.116763827847	0.162268122015	0.153424677357	0.144575596372	0.142227827642	0.171009848668	0.180160605831	0.16075030819
159753524-tonguedorsum3.freeze11.snv.mod.fix.bam	0.171661835651	0.186732533591	0.161011066189	0.171361994438	0.163801112202	0.0441547988641	0.0	0.171667451278	0.160912378945	0.171872841202	0.168288382117	0.163359471297	0.169032114749	0.157965035922	0.166378559991	0.173803543903	0.115672167911	0.16134850343	0.154977078507	0.145397501627	0.143538082489	0.169563885311	0.178548515303	0.158946447146
160178356-tonguedorsum1.freeze11.snv.mod.fix.bam	0.0891174061636	0.0886814909006	0.1338490205	0.213650019322	0.190417301364	0.170704398419	0.171667451278	0.0	0.0643613376132	0.0499957584565	0.187453897516	0.106500431606	0.0947553266392	0.105249181087	0.197950861209	0.0879799749108	0.159256997543	0.128090549864	0.105650123428	0.122720071142	0.125495504789	0.126966486857	0.0794169376052	0.124647044618
160178356-tonguedorsum2.freeze11.snv.mod.fix.bam	0.0987310927484	0.10494482478	0.121054986768	0.204004883467	0.179693953616	0.158761481674	0.160912378945	0.0643613376132	0.0	0.0605562547236	0.177502475586	0.102462088434	0.0961173699725	0.100895125209	0.187099443703	0.0905356478738	0.14520466813	0.115477735099	0.108829700184	0.114210381112	0.116251592181	0.119424839029	0.0939725584385	0.118855249245
160178356-tonguedorsum3.freeze11.snv.mod.fix.bam	0.0883611589831	0.0828040818676	0.12825988909	0.216734166804	0.193064092433	0.169952253982	0.171872841202	0.0499957584565	0.0605562547236	0.0	0.189990555858	0.102976044857	0.0898808219935	0.0978632101505	0.197054195642	0.0822043055481	0.157982831067	0.121593505353	0.110169022664	0.120035938585	0.128255999062	0.11968985107	0.0727264133045	0.12871859698
160319967-tonguedorsum3.freeze11.snv.mod.fix.bam	0.176431287466	0.19049692313	0.185759451084	0.155129717233	0.153758681263	0.173853353487	0.168288382117	0.187453897516	0.177502475586	0.189990555858	0.0	0.188235946229	0.192586732252	0.18627813219	0.186293905347	0.183932072004	0.161940199525	0.171894828064	0.169966621051	0.182536192299	0.152798597318	0.19355030131	0.198952585155	0.156027068339
160421117-tonguedorsum2.freeze11.snv.mod.fix.bam	0.115971742051	0.116040866844	0.132924362362	0.210154893705	0.183578485065	0.162383259221	0.163359471297	0.106500431606	0.102462088434	0.102976044857	0.188235946229	0.0	0.0354843261594	0.111429032393	0.189520903829	0.112951311336	0.153951268614	0.134731474189	0.126217470538	0.124274595733	0.131004775223	0.129766821535	0.106882633475	0.136470507721
160421117-tonguedorsum3.freeze11.snv.mod.fix.bam	0.105575999135	0.102683548838	0.133394360168	0.21543582327	0.188214231413	0.167603780451	0.169032114749	0.0947553266392	0.0961173699725	0.0898808219935	0.192586732252	0.0354843261594	0.0	0.107965026303	0.194167486108	0.105476552204	0.157699189458	0.134330612523	0.122469566629	0.124769783999	0.131763615424	0.130427673008	0.0928981294232	0.136818912406
178713055-tonguedorsum2.freeze11.snv.mod.fix.bam	0.109728940603	0.118896894077	0.125398580768	0.206631371767	0.185218189741	0.157722878569	0.157965035922	0.105249181087	0.100895125209	0.0978632101505	0.18627813219	0.111429032393	0.107965026303	0.0	0.178325492789	0.101865219795	0.14726872936	0.122679186329	0.1128388016	0.117008891147	0.125357482603	0.110808090442	0.104327815404	0.12867800057
234447334-buccalmucosa2.freeze11.snv.mod.fix.bam	0.186627044317	0.203518353811	0.186148973504	0.19098403959	0.185486970352	0.16992600539	0.166378559991	0.197950861209	0.187099443703	0.197054195642	0.186293905347	0.189520903829	0.194167486108	0.178325492789	0.0	0.194300388423	0.159922335614	0.18183700724	0.180049583508	0.163853627582	0.172395992276	0.182692108123	0.195834400095	0.1781585883
604812005-tonguedorsum1.freeze11.snv.mod.fix.bam	0.0979210383871	0.107024628732	0.12535225681	0.208674344087	0.187295767793	0.171244589217	0.173803543903	0.0879799749108	0.0905356478738	0.0822043055481	0.183932072004	0.112951311336	0.105476552204	0.101865219795	0.194300388423	0.0	0.158613424486	0.113935589309	0.101925757456	0.120262964893	0.117150212987	0.116953337822	0.0950328630599	0.120787347358
686765762-tonguedorsum1.freeze11.snv.mod.fix.bam	0.15852075302	0.175112980154	0.145202091267	0.165279234654	0.154604631985	0.116763827847	0.115672167911	0.159256997543	0.14520466813	0.157982831067	0.161940199525	0.153951268614	0.157699189458	0.14726872936	0.159922335614	0.158613424486	0.0	0.14884814454	0.143116809897	0.13677972828	0.127100103152	0.158320034994	0.166328889161	0.143021037378
763395383-anteriornares3.freeze11.snv.mod.fix.bam	0.124171219338	0.136509977569	0.129268776186	0.19295726924	0.170988130401	0.162268122015	0.16134850343	0.128090549864	0.115477735099	0.121593505353	0.171894828064	0.134731474189	0.134330612523	0.122679186329	0.18183700724	0.113935589309	0.14884814454	0.0	0.119469088716	0.128581266173	0.120352021983	0.126671327373	0.131437031522	0.126336362706
763840445-tonguedorsum2.freeze11.snv.mod.fix.bam	0.114905972098	0.128871192445	0.130540806429	0.188899372699	0.171177917876	0.153424677357	0.154977078507	0.105650123428	0.108829700184	0.110169022664	0.169966621051	0.126217470538	0.122469566629	0.1128388016	0.180049583508	0.101925757456	0.143116809897	0.119469088716	0.0	0.119568819731	0.112848939396	0.126815342821	0.118695600155	0.117399081478
764467579-buccalmucosa3.freeze11.snv.mod.fix.bam	0.132575795825	0.145885705255	0.0951582686658	0.193567313768	0.171448359355	0.144575596372	0.145397501627	0.122720071142	0.114210381112	0.120035938585	0.182536192299	0.124274595733	0.124769783999	0.117008891147	0.163853627582	0.120262964893	0.13677972828	0.128581266173	0.119568819731	0.0	0.1090056118	0.130048047531	0.130522661562	0.133962609581
764508039-tonguedorsum1.freeze11.snv.mod.fix.bam	0.127302249889	0.148113826603	0.109652720892	0.172779820712	0.132205554838	0.142227827642	0.143538082489	0.125495504789	0.116251592181	0.128255999062	0.152798597318	0.131004775223	0.131763615424	0.125357482603	0.172395992276	0.117150212987	0.127100103152	0.120352021983	0.112848939396	0.1090056118	0.0	0.138704454331	0.141663661261	0.11052461347
764588959-tonguedorsum2.freeze11.snv.mod.fix.bam	0.13480839769	0.134969572336	0.124578621598	0.214645718098	0.188759117342	0.171009848668	0.169563885311	0.126966486857	0.119424839029	0.11968985107	0.19355030131	0.129766821535	0.130427673008	0.110808090442	0.182692108123	0.116953337822	0.158320034994	0.126671327373	0.126815342821	0.130048047531	0.138704454331	0.0	0.123248815218	0.144538933586
823052294-tonguedorsum2.freeze11.snv.mod.fix.bam	0.092420478741	0.0744948720209	0.133102219856	0.223460550267	0.196011334917	0.180160605831	0.178548515303	0.0794169376052	0.0939725584385	0.0727264133045	0.198952585155	0.106882633475	0.0928981294232	0.104327815404	0.195834400095	0.0950328630599	0.166328889161	0.131437031522	0.118695600155	0.130522661562	0.141663661261	0.123248815218	0.0	0.142148392569
937415040-tonguedorsum1.freeze11.snv.mod.fix.bam	0.121710687804	0.143968197342	0.143936280135	0.179962231764	0.170982855391	0.16075030819	0.158946447146	0.124647044618	0.118855249245	0.12871859698	0.156027068339	0.136470507721	0.136818912406	0.12867800057	0.1781585883	0.120787347358	0.143021037378	0.126336362706	0.117399081478	0.133962609581	0.11052461347	0.144538933586	0.142148392569	0.0
