	158499257-stool2.freeze11.snv.mod.fix.bam	159369152-stool1.freeze11.snv.mod.fix.bam	159490532-stool1.freeze11.snv.mod.fix.bam	159490532-stool2.freeze11.snv.mod.fix.bam	159551223-stool1.freeze11.snv.mod.fix.bam	159551223-stool2.freeze11.snv.mod.fix.bam	159571453-stool1.freeze11.snv.mod.fix.bam	159571453-stool2.freeze11.snv.mod.fix.bam	159591683-stool1.freeze11.snv.mod.fix.bam	159591683-stool2.freeze11.snv.mod.fix.bam	159632143-stool1.freeze11.snv.mod.fix.bam	160421117-stool1.freeze11.snv.mod.fix.bam	160421117-stool2.freeze11.snv.mod.fix.bam	160421117-stool3.freeze11.snv.mod.fix.bam	246515023-stool1.freeze11.snv.mod.fix.bam	246515023-stool2.freeze11.snv.mod.fix.bam	246515023-stool3.freeze11.snv.mod.fix.bam	375450439-stool3.freeze11.snv.mod.fix.bam	404239096-stool1.freeze11.snv.mod.fix.bam	517810313-stool2.freeze11.snv.mod.fix.bam	604812005-stool3.freeze11.snv.mod.fix.bam	763536994-stool2.freeze11.snv.mod.fix.bam	763860675-stool2.freeze11.snv.mod.fix.bam	764042746-stool2.freeze11.snv.mod.fix.bam	764325968-stool1.freeze11.snv.mod.fix.bam	764588959-stool1.freeze11.snv.mod.fix.bam	765074482-stool3.freeze11.snv.mod.fix.bam	840279516-stool1.freeze11.snv.mod.fix.bam	CCIS64773582ST-4-0.freeze11.snv.mod.fix.bam	CCMD64503764ST-21-0.freeze11.snv.mod.fix.bam	CCMD93344354ST-21-0.freeze11.snv.mod.fix.bam	M4.2-V2.metaT.freeze11.snv.mod.fix.bam	MH0227.freeze11.snv.mod.fix.bam	MH0236.freeze11.snv.mod.fix.bam	MH0246.freeze11.snv.mod.fix.bam	MH0274.freeze11.snv.mod.fix.bam	MH0289.freeze11.snv.mod.fix.bam	MH0327.freeze11.snv.mod.fix.bam	MH0341.freeze11.snv.mod.fix.bam	MH0406.freeze11.snv.mod.fix.bam	MH0462.freeze11.snv.mod.fix.bam	MMRS16644320ST-27-0-0.freeze11.snv.mod.fix.bam	MMRS57569834ST-27-0-0.freeze11.snv.mod.fix.bam	N046A.freeze11.snv.mod.fix.bam	O2.CD2-0-PT.freeze11.snv.mod.fix.bam	O2.UC15-0.freeze11.snv.mod.fix.bam	O2.UC19-1.freeze11.snv.mod.fix.bam	O2.UC35-1.freeze11.snv.mod.fix.bam	SZEY-48A.freeze11.snv.mod.fix.bam	V1.CD15-3.freeze11.snv.mod.fix.bam	V1.CD25-4.freeze11.snv.mod.fix.bam	V1.CD44-0.freeze11.snv.mod.fix.bam	V1.CD51-0.freeze11.snv.mod.fix.bam	V1.CD53-0.freeze11.snv.mod.fix.bam	V1.FI11.freeze11.snv.mod.fix.bam	V1.FI13.freeze11.snv.mod.fix.bam	V1.FI16.freeze11.snv.mod.fix.bam	V1.FI18.freeze11.snv.mod.fix.bam	V1.FI20.freeze11.snv.mod.fix.bam	V1.FI29.freeze11.snv.mod.fix.bam	V1.UC47-4.freeze11.snv.mod.fix.bam	bugkiller-11-0-0.freeze11.snv.mod.fix.bam	bugkiller-11-2-0.freeze11.snv.mod.fix.bam	bugkiller-11-7-0.freeze11.snv.mod.fix.bam	bugkiller-11-773-0.freeze11.snv.mod.fix.bam	bugkiller-12-7-0.freeze11.snv.mod.fix.bam	halbarad-11-7-0.freeze11.snv.mod.fix.bam	peacemaker-11-7-0.freeze11.snv.mod.fix.bam
158499257-stool2.freeze11.snv.mod.fix.bam	0.0	0.277594226531	0.182024261039	0.182450763034	0.181355126631	0.181564922644	0.179726174652	0.176733066462	0.181832876864	0.181932686804	0.177391272759	0.211657181702	0.205483138058	0.20431828545	0.169663962516	0.170579312971	0.169203696959	0.329236603441	0.159993434026	0.32446994094	0.178595374321	0.180906407229	0.179986564675	0.176522300471	0.158024032326	0.17212260101	0.164129360022	0.296487430392	0.228472676551	0.167432642334	0.165877411185	0.174279333305	0.174830148879	0.152772293264	0.179358004218	0.182111777632	0.180704970929	0.179743023818	0.167389224922	0.180133981959	0.173350185655	0.158127576013	0.180424187882	0.171233681186	0.15412548213	0.180773918118	0.152600507853	0.178477673733	0.17197854552	0.180701578384	0.146508107474	0.305967869411	0.175806735109	0.153360177155	0.176962477526	0.177279156873	0.173742872621	0.150061273331	0.175448066133	0.175974096158	0.175017170281	0.175471629374	0.176052648443	0.176204701678	0.175660662054	0.176361789729	0.174611262282	0.185740816178
159369152-stool1.freeze11.snv.mod.fix.bam	0.277594226531	0.0	0.279867816681	0.279936047474	0.282986434809	0.283056110195	0.273249300081	0.273591943813	0.276516105937	0.276669486373	0.276701635482	0.226725661782	0.227731043894	0.228142634747	0.269679722635	0.270268536895	0.269980255945	0.263442971913	0.299220476316	0.261620571462	0.276862291568	0.2795104509	0.272249676454	0.280218925487	0.287589350324	0.288186874962	0.289421902055	0.0801148368469	0.166592306412	0.267368049825	0.26634823154	0.285902986728	0.292592306997	0.293035103042	0.278580810322	0.278689664088	0.277630939071	0.273503594353	0.287948322177	0.277044632931	0.272573484443	0.292908877024	0.271706893285	0.282149782676	0.296698243933	0.278404394977	0.290874606129	0.275781935774	0.282008438969	0.278199874394	0.280914823444	0.246360321737	0.275631073535	0.288905724374	0.276525797917	0.276674104322	0.291722823631	0.288843726999	0.281377318666	0.275938474578	0.278181656247	0.281352348593	0.280020450315	0.283516521967	0.283083638587	0.285670285633	0.288738662258	0.259373042643
159490532-stool1.freeze11.snv.mod.fix.bam	0.182024261039	0.279867816681	0.0	0.00204118628578	0.0385368525789	0.0388529732019	0.0873053718725	0.0907183318758	0.0861228788068	0.0862283394148	0.0896914033512	0.145570555341	0.137307139442	0.136317603589	0.0908343785167	0.0917854116466	0.0901215223119	0.328129701083	0.203550756237	0.32260912393	0.00494296442613	0.0932152393921	0.0849360062675	0.0871041963471	0.169589363092	0.192714672613	0.152996161764	0.306695079757	0.180043344893	0.0758265946114	0.0909639453983	0.0885348229119	0.202560853399	0.156863177099	0.0892630159929	0.0130200950949	0.0863231981971	0.0843855437284	0.149663494567	0.0855640995073	0.0840581057815	0.190608072748	0.0908360642033	0.144033781591	0.203495328213	0.00832143716758	0.157874768345	0.0858768811804	0.14433130801	0.00832142210106	0.162220884366	0.303416750657	0.0875825190863	0.187622644699	0.0887479214073	0.0894628617077	0.201315039301	0.182782654326	0.123005888349	0.0877226181829	0.106448345498	0.147266607395	0.149403822264	0.156997093089	0.148025431848	0.159816546058	0.135817609259	0.102564571283
159490532-stool2.freeze11.snv.mod.fix.bam	0.182450763034	0.279936047474	0.00204118628578	0.0	0.0384535409047	0.038758796825	0.0881404868707	0.091679715757	0.0870008788884	0.0870394225372	0.0906258808951	0.146138672924	0.138113757368	0.137117103252	0.0917935818991	0.0926176673943	0.0911485451249	0.328203990733	0.203946504792	0.322705545346	0.00510893373083	0.0941701927571	0.0858718613631	0.0881488787955	0.170239338113	0.193199186216	0.153931221898	0.306862206077	0.180766362328	0.0767746103898	0.0919081607498	0.0899542850665	0.203061486915	0.157672395289	0.0903861530324	0.0130484578907	0.0873175482036	0.0855111636858	0.150262654192	0.0865566746166	0.0850505415395	0.191242463961	0.0918324775599	0.14482730329	0.203880926067	0.00859712047046	0.158677040752	0.0867680147111	0.14513252151	0.0085262275611	0.162943239843	0.303505525566	0.0885974550344	0.188094999164	0.0897500606336	0.0903998320736	0.201839134822	0.183422913631	0.123716702431	0.08875638479	0.10731638921	0.147915158128	0.150059086853	0.157625835071	0.148709301848	0.160426865816	0.136742123811	0.103540409952
159551223-stool1.freeze11.snv.mod.fix.bam	0.181355126631	0.282986434809	0.0385368525789	0.0384535409047	0.0	0.00207545500037	0.112968630065	0.116563727609	0.111868364335	0.111817407113	0.115599695257	0.151636007937	0.14485467976	0.143918596461	0.113531846425	0.114312484878	0.113237814212	0.329196150569	0.205409596871	0.324138414493	0.0366832136084	0.119550799009	0.110784669516	0.115643560965	0.172963101692	0.163199634005	0.159939981856	0.309863993276	0.18514026371	0.102436383096	0.114654057956	0.121644869655	0.202415088973	0.164357820674	0.115418534064	0.0439761638164	0.112569859029	0.111079168635	0.15108573597	0.111857577702	0.110440848082	0.194588807082	0.116593621671	0.116328085819	0.207466535534	0.040669583119	0.165167809411	0.112013183898	0.117227712902	0.0403380235503	0.168310496205	0.30536563674	0.113672473506	0.177686834554	0.114894494113	0.115439032625	0.201031050919	0.1875687269	0.113450035761	0.114035159386	0.128561368485	0.160047431647	0.160741664061	0.167907581876	0.160861300599	0.170541808136	0.162186375919	0.1150506944
159551223-stool2.freeze11.snv.mod.fix.bam	0.181564922644	0.283056110195	0.0388529732019	0.038758796825	0.00207545500037	0.0	0.11313140312	0.116749144231	0.112055867502	0.112072335311	0.115767310566	0.151827203935	0.145144141043	0.144196720087	0.113633057633	0.11424188421	0.113465648874	0.329432237372	0.205517958538	0.324380869042	0.0370794348686	0.119706165892	0.110974332367	0.115718010659	0.173105353067	0.163435903628	0.160235078947	0.310196388168	0.185453702743	0.102703559597	0.114865002297	0.121981837738	0.202563640012	0.164429070365	0.115528306324	0.0439828060317	0.112554820451	0.111182893879	0.151140246	0.111921374828	0.11057480165	0.194852029227	0.11689766852	0.116657307652	0.207680940227	0.0408580694603	0.165391720531	0.112245973669	0.117529833018	0.0405711171483	0.168467739534	0.305547507517	0.113974547429	0.177997389432	0.115122753093	0.115679296113	0.201312619214	0.187827718131	0.113682530536	0.114301910004	0.128525036907	0.160278417923	0.160975729466	0.168154463039	0.161085256799	0.170768642265	0.162490474845	0.115339270571
159571453-stool1.freeze11.snv.mod.fix.bam	0.179726174652	0.273249300081	0.0873053718725	0.0881404868707	0.112968630065	0.11313140312	0.0	0.016059292246	0.031318144696	0.0313250782332	0.0674542415927	0.107590182383	0.099101721677	0.0980209258968	0.0795413953446	0.0802444527297	0.0791363253008	0.324965506695	0.200168711049	0.320061722772	0.083763110231	0.0362729888005	0.00845294112454	0.0650633399188	0.156853818007	0.185365359398	0.127505863995	0.304677162483	0.14393839932	0.0739464594911	0.0774086442078	0.074930963311	0.200606975871	0.125273998279	0.0768180624965	0.0883267737488	0.025952666647	0.00910684320835	0.165513272766	0.0251904773742	0.0609443064024	0.189486193909	0.058277901245	0.126128533369	0.199545156	0.0834451222313	0.126173692103	0.0255398660276	0.125695655197	0.0837506344233	0.160916338416	0.301559272019	0.0657567871611	0.186972035809	0.0665122528352	0.0672997759167	0.199068260787	0.175231790676	0.0737981180732	0.0655792959942	0.0863765575897	0.131405595522	0.133596704004	0.143416386038	0.131729630998	0.146338463789	0.0911471658515	0.0824056805588
159571453-stool2.freeze11.snv.mod.fix.bam	0.176733066462	0.273591943813	0.0907183318758	0.091679715757	0.116563727609	0.116749144231	0.016059292246	0.0	0.0426941040414	0.0428266555604	0.0735282907708	0.115137803411	0.106641360421	0.105597548394	0.0877491345126	0.0885335286462	0.0871938021446	0.325278016659	0.195063297158	0.320401147948	0.0873157179216	0.0477008493794	0.0202716540188	0.0706584563333	0.157105269011	0.186391715563	0.125100698915	0.304708206604	0.145007326141	0.0794319071778	0.0798641981097	0.0805881169332	0.201348998235	0.116343753814	0.0825080386258	0.0917785445678	0.0375206005444	0.0206022227353	0.166541432441	0.0366590702853	0.066020742328	0.189656466238	0.0650220487104	0.129195783856	0.194895778284	0.0868644439119	0.117051147856	0.0367092721191	0.128791640739	0.0872873158592	0.159047899214	0.302128557925	0.0716292908154	0.187380410628	0.0724922643195	0.0732948290308	0.199763129223	0.171829176596	0.0827073782385	0.0715819491036	0.0912438641405	0.134257235971	0.136222227613	0.145494735711	0.134394980408	0.148501370166	0.10137723939	0.0884945122153
159591683-stool1.freeze11.snv.mod.fix.bam	0.181832876864	0.276516105937	0.0861228788068	0.0870008788884	0.111868364335	0.112055867502	0.031318144696	0.0426941040414	0.0	0.00204971487678	0.061507431395	0.109777204569	0.101273410785	0.100027763328	0.075448718416	0.0762408668902	0.0752746237003	0.325641357276	0.202839662134	0.32048620393	0.0825941273489	0.0314376369297	0.0260765711484	0.0592601969236	0.153430879867	0.186591819992	0.1305725508	0.305099748417	0.145332417069	0.070831164495	0.0773365070512	0.0733153420953	0.201712146564	0.130256710013	0.0753917735032	0.0873894260203	0.0195614344268	0.0260563110242	0.166668941649	0.0190451768104	0.0608315015384	0.189601131226	0.0578527665214	0.116291192245	0.202244766812	0.0819710998758	0.131374642329	0.0212707586565	0.117368260482	0.0824168257785	0.161956451315	0.301413448129	0.0599625568522	0.187792098734	0.06073876755	0.0615049037841	0.200216752392	0.177367779664	0.0762874298131	0.059851662589	0.0837725435957	0.133111506212	0.135327875371	0.144881932312	0.133880949517	0.147920275412	0.088763453324	0.076466461169
159591683-stool2.freeze11.snv.mod.fix.bam	0.181932686804	0.276669486373	0.0862283394148	0.0870394225372	0.111817407113	0.112072335311	0.0313250782332	0.0428266555604	0.00204971487678	0.0	0.0616143273208	0.109735812827	0.101444498383	0.100213948472	0.0755679518283	0.0763074416013	0.0754646304547	0.32580085088	0.202974055213	0.320682315645	0.0828219857221	0.0315429529324	0.0261217718232	0.0595035864811	0.153528974952	0.186568129324	0.1307580968	0.305241669903	0.145495482151	0.0710221022131	0.077528546702	0.0735588036934	0.201833798826	0.130457721153	0.0755539391073	0.0874724075132	0.0196215766653	0.0261905835573	0.166743345353	0.0191396439626	0.060998797383	0.189747208612	0.0580338483656	0.116383869295	0.202268824673	0.0821186100743	0.131533577216	0.0214015317134	0.11746090335	0.0825702524376	0.162101848889	0.301473366193	0.0601539573591	0.187928175728	0.0609342440705	0.0616391680795	0.200351411223	0.177497005341	0.0763491519835	0.0600468815754	0.0839125077182	0.13329742891	0.135500770871	0.145068721857	0.134080710545	0.148132466771	0.0889442128923	0.0767085089504
159632143-stool1.freeze11.snv.mod.fix.bam	0.177391272759	0.276701635482	0.0896914033512	0.0906258808951	0.115599695257	0.115767310566	0.0674542415927	0.0735282907708	0.061507431395	0.0616143273208	0.0	0.112673602537	0.104335053645	0.103088227698	0.0837682002417	0.0845855141991	0.0832809388082	0.326980964406	0.197681245536	0.320816328508	0.0864039548259	0.0702695747183	0.064009262979	0.00352582178145	0.163866884929	0.189170151537	0.14366318921	0.304294716985	0.155745189949	0.0718676681129	0.0833551208926	0.0692109153635	0.198390609761	0.144107201281	0.0725983866847	0.0920896956901	0.0636962843246	0.0635733400029	0.166010724104	0.0626805303577	0.0597755902621	0.187267668626	0.0769546794585	0.135064008209	0.197485447885	0.0882918964154	0.145144924257	0.0651317354104	0.135422607658	0.088429450647	0.157437098877	0.303149606923	0.00317464628677	0.184468810018	0.00386921986288	0.00387054916958	0.197213876791	0.173099672177	0.103562268646	0.00343940010052	0.0371531192072	0.139736906988	0.141663629091	0.149892180093	0.140052771087	0.152457937324	0.108326465178	0.0201202704164
160421117-stool1.freeze11.snv.mod.fix.bam	0.211657181702	0.226725661782	0.145570555341	0.146138672924	0.151636007937	0.151827203935	0.107590182383	0.115137803411	0.109777204569	0.109735812827	0.112673602537	0.0	0.00181210837739	0.00181660194917	0.135880786525	0.136588885646	0.135474964597	0.312821477193	0.231186171737	0.308902303307	0.14272334387	0.10885685265	0.103953489685	0.113940014843	0.197190595859	0.211623280993	0.169252135724	0.252301657798	0.102026940782	0.128750878523	0.135199729188	0.140725907915	0.224178171407	0.172911831514	0.131076227017	0.148435899706	0.105525970253	0.103156398141	0.204705413701	0.10449000257	0.122229322831	0.222490732333	0.128054737234	0.157457817348	0.227112311754	0.14463117394	0.17326342802	0.107884224909	0.157342271083	0.144501770827	0.190842815337	0.290285060705	0.11118292764	0.217313356613	0.112129346981	0.112447920301	0.222773866427	0.204268484342	0.132629684536	0.111322479309	0.130555644092	0.178119349821	0.177665469989	0.186434534957	0.178839863122	0.188275868645	0.144623856557	0.0959295803498
160421117-stool2.freeze11.snv.mod.fix.bam	0.205483138058	0.227731043894	0.137307139442	0.138113757368	0.14485467976	0.145144141043	0.099101721677	0.106641360421	0.101273410785	0.101444498383	0.104335053645	0.00181210837739	0.0	0.000545256609627	0.126911751024	0.128107748633	0.126063860222	0.312085579162	0.224967594687	0.307814041569	0.133999986148	0.100281917225	0.0952303071801	0.104461565627	0.190173807191	0.206339189348	0.161827136502	0.253327586369	0.100006870224	0.119805453024	0.126053102133	0.130495792169	0.218619463598	0.165552263783	0.123061663015	0.140685171124	0.0970432214683	0.0943863645022	0.198230596359	0.0958509911017	0.113885028454	0.21607519642	0.119272058764	0.150712112249	0.221346124052	0.136382693234	0.165930266806	0.0989500694879	0.150599739442	0.136228264498	0.183840040387	0.28936073453	0.1024751733	0.210829556993	0.103493616847	0.103937866091	0.217050186059	0.197652718407	0.125308159873	0.102572464999	0.122773866559	0.170661332379	0.170519183138	0.179207705595	0.17126530432	0.181032587254	0.136269852185	0.089409662328
160421117-stool3.freeze11.snv.mod.fix.bam	0.20431828545	0.228142634747	0.136317603589	0.137117103252	0.143918596461	0.144196720087	0.0980209258968	0.105597548394	0.100027763328	0.100213948472	0.103088227698	0.00181660194917	0.000545256609627	0.0	0.125905283916	0.127089946183	0.125004808693	0.311803480422	0.224139157605	0.30749401768	0.133002194264	0.0990527001605	0.0941650830726	0.103243453007	0.189049484615	0.205197456505	0.160955689685	0.254066342612	0.0999480104048	0.118736537202	0.124924515927	0.129145214254	0.217607929719	0.164698197517	0.121849242488	0.139639588522	0.0959581119108	0.0932603033748	0.197146319376	0.0947350289558	0.112865756638	0.214996064223	0.118194485527	0.149470005029	0.220369295701	0.135235150176	0.16511968587	0.0977120116647	0.149231272002	0.135143376473	0.183240736618	0.289239131853	0.101262548567	0.209994745222	0.102262740915	0.102708815235	0.215954460008	0.196932687778	0.12434715657	0.101286950765	0.121571541824	0.169672847879	0.16954033837	0.178192849258	0.170233350047	0.179971584201	0.135196193709	0.0884648737447
246515023-stool1.freeze11.snv.mod.fix.bam	0.169663962516	0.269679722635	0.0908343785167	0.0917935818991	0.113531846425	0.113633057633	0.0795413953446	0.0877491345126	0.075448718416	0.0755679518283	0.0837682002417	0.135880786525	0.126911751024	0.125905283916	0.0	0.00340650003051	0.00162428897208	0.316395480071	0.185557206909	0.309742013941	0.0864834862547	0.0830354121063	0.0753370675806	0.0789610913681	0.152356816117	0.178404039736	0.143792774374	0.296010014	0.175364484306	0.0682702244862	0.0395004511378	0.0876932166052	0.188870222563	0.146765556544	0.0910251865794	0.0908466561356	0.0768461403945	0.0739467575453	0.157094210368	0.0760378592565	0.0803169513222	0.176806342998	0.0808037705711	0.131087032909	0.184261912553	0.0877778772768	0.14826649851	0.0739849749192	0.130726751069	0.0884246289883	0.149521229319	0.290776181682	0.0811663880082	0.175103528552	0.0824162781207	0.0834351256575	0.187351900983	0.161665882043	0.115825258283	0.0810915663324	0.0969706615386	0.133317228529	0.135352187961	0.143479705382	0.134074376281	0.145716114106	0.118319665955	0.0952983579449
246515023-stool2.freeze11.snv.mod.fix.bam	0.170579312971	0.270268536895	0.0917854116466	0.0926176673943	0.114312484878	0.11424188421	0.0802444527297	0.0885335286462	0.0762408668902	0.0763074416013	0.0845855141991	0.136588885646	0.128107748633	0.127089946183	0.00340650003051	0.0	0.00294921251196	0.317117377392	0.18637322327	0.310515185818	0.0876618381836	0.0839857322594	0.0760980044907	0.0799051622569	0.15331346845	0.179084811962	0.14498294353	0.296851604132	0.176466736059	0.0695195434796	0.0408159524377	0.0888743534403	0.18925238003	0.147280914055	0.0915895964061	0.0909237137874	0.0771474038911	0.0745771706094	0.157418920264	0.0765705832484	0.0808732251164	0.177908670388	0.0820361157597	0.132066478792	0.185340791358	0.0883785899717	0.149230334014	0.0749552095446	0.131632359188	0.0890958784515	0.150309841812	0.291194356863	0.0821791151868	0.175937980513	0.0833896586722	0.0843694194502	0.18809249102	0.16280620993	0.116724045806	0.082255445628	0.0972268708019	0.134297077419	0.13632616612	0.14445135888	0.135056149894	0.146694513097	0.119527930415	0.0965168754442
246515023-stool3.freeze11.snv.mod.fix.bam	0.169203696959	0.269980255945	0.0901215223119	0.0911485451249	0.113237814212	0.113465648874	0.0791363253008	0.0871938021446	0.0752746237003	0.0754646304547	0.0832809388082	0.135474964597	0.126063860222	0.125004808693	0.00162428897208	0.00294921251196	0.0	0.316304746933	0.184595477973	0.309549247219	0.08541973867	0.0826402970139	0.0750260878402	0.0783307606416	0.152599491797	0.178199162524	0.142780832413	0.295673090959	0.175467873912	0.0673415441055	0.0385050388416	0.0870147916657	0.18849043511	0.146318939721	0.0908165200499	0.0904519948647	0.0765966559811	0.0736634618186	0.156564684259	0.0757240421576	0.0797233726008	0.17626959546	0.0801887541433	0.130965469908	0.183454804709	0.0871672605174	0.147615906418	0.0734922897145	0.130579310748	0.0877554767689	0.148823545173	0.291244101807	0.0803610548041	0.174293647559	0.0817683410147	0.0828236550507	0.186788882341	0.160755961931	0.115833206674	0.0802565444979	0.096565897655	0.132624995605	0.134591414599	0.142781694613	0.133291003359	0.144804071031	0.117014308535	0.0946698060062
375450439-stool3.freeze11.snv.mod.fix.bam	0.329236603441	0.263442971913	0.328129701083	0.328203990733	0.329196150569	0.329432237372	0.324965506695	0.325278016659	0.325641357276	0.32580085088	0.326980964406	0.312821477193	0.312085579162	0.311803480422	0.316395480071	0.317117377392	0.316304746933	0.0	0.345068180477	0.00535288818337	0.325378023111	0.327491494038	0.324441338141	0.330021337495	0.342565719263	0.33252279406	0.331994163001	0.26867940442	0.283607816522	0.315670935229	0.3130955064	0.335116829778	0.329896358655	0.335835854988	0.328163331598	0.327147086456	0.326054930281	0.326131649263	0.336018176453	0.325819853476	0.323413849522	0.34410866477	0.322792578499	0.327080593237	0.340462467425	0.327094221023	0.333686638194	0.325075384639	0.32670946187	0.326628291699	0.326941013271	0.106907195632	0.325354341172	0.339596361778	0.32657029594	0.326909312437	0.328885304787	0.333972490066	0.328015581198	0.325864814028	0.326620907798	0.326437984472	0.32441554735	0.326355369875	0.327611177702	0.328360627165	0.331591874856	0.320140452478
404239096-stool1.freeze11.snv.mod.fix.bam	0.159993434026	0.299220476316	0.203550756237	0.203946504792	0.205409596871	0.205517958538	0.200168711049	0.195063297158	0.202839662134	0.202974055213	0.197681245536	0.231186171737	0.224967594687	0.224139157605	0.185557206909	0.18637322327	0.184595477973	0.345068180477	0.0	0.33979953953	0.200079697071	0.19830033074	0.200981272846	0.197459497991	0.190919807197	0.186268066582	0.16929128756	0.318164856908	0.250270631335	0.18864560442	0.18349214538	0.194730086063	0.181844871241	0.159504886511	0.201013516189	0.20087453768	0.202575516768	0.200640839083	0.183401811683	0.201984055878	0.193585279198	0.193879737277	0.200990063603	0.186926726636	0.132469970717	0.2022763653	0.158809490116	0.199745767013	0.187955446822	0.201756351812	0.153723841929	0.322443694576	0.196027732492	0.162820053735	0.197134123213	0.197520158963	0.181332789344	0.1338188818	0.191130779406	0.196283415163	0.193326979575	0.189137962546	0.189152679968	0.189149742265	0.189258086475	0.188878697994	0.178376912998	0.206706156068
517810313-stool2.freeze11.snv.mod.fix.bam	0.32446994094	0.261620571462	0.32260912393	0.322705545346	0.324138414493	0.324380869042	0.320061722772	0.320401147948	0.32048620393	0.320682315645	0.320816328508	0.308902303307	0.307814041569	0.30749401768	0.309742013941	0.310515185818	0.309549247219	0.00535288818337	0.33979953953	0.0	0.319731022251	0.322450979962	0.319413368321	0.323893445372	0.337066759917	0.328061775956	0.327074048434	0.267817265106	0.280687829864	0.309660242959	0.306776041897	0.329484965449	0.324224894834	0.331940911011	0.321849202886	0.321515616545	0.32073199574	0.321042745475	0.330654330185	0.320666547977	0.317400565483	0.33887459209	0.316806268262	0.321902659667	0.336271661409	0.321402118062	0.329813461183	0.319934478526	0.321265074418	0.320829618174	0.321943839462	0.105046374092	0.319268443005	0.33418131779	0.320365478827	0.320675940529	0.323159507486	0.330119666523	0.323144705152	0.319768897972	0.320622389829	0.320240091331	0.31829001178	0.320228731904	0.321377747726	0.32236192517	0.327341822575	0.314132265318
604812005-stool3.freeze11.snv.mod.fix.bam	0.178595374321	0.276862291568	0.00494296442613	0.00510893373083	0.0366832136084	0.0370794348686	0.083763110231	0.0873157179216	0.0825941273489	0.0828219857221	0.0864039548259	0.14272334387	0.133999986148	0.133002194264	0.0864834862547	0.0876618381836	0.08541973867	0.325378023111	0.200079697071	0.319731022251	0.0	0.0896511440282	0.0813793334567	0.083604080473	0.166092563162	0.189014658745	0.149346214543	0.303710414888	0.176462693366	0.0719128173223	0.0864951005916	0.0849954525524	0.199111656137	0.1534733016	0.0861547871583	0.011444025392	0.0830154269887	0.0807814294555	0.14636056843	0.0821825532816	0.0803642127844	0.187127200636	0.0871094797184	0.140230480029	0.200413100498	0.00678739168645	0.15428966794	0.0820348480988	0.140614341813	0.00662932693187	0.158760391258	0.300521862849	0.0841173581641	0.184146797484	0.0854282488474	0.0861681648862	0.197740790429	0.179380211942	0.119507976293	0.0843113185703	0.103149735458	0.143469246986	0.145548285537	0.153240013545	0.14409984553	0.156105229173	0.132038565066	0.0989376551708
763536994-stool2.freeze11.snv.mod.fix.bam	0.180906407229	0.2795104509	0.0932152393921	0.0941701927571	0.119550799009	0.119706165892	0.0362729888005	0.0477008493794	0.0314376369297	0.0315429529324	0.0702695747183	0.10885685265	0.100281917225	0.0990527001605	0.0830354121063	0.0839857322594	0.0826402970139	0.327491494038	0.19830033074	0.322450979962	0.0896511440282	0.0	0.0312566792946	0.0678329934542	0.166188908226	0.193114888859	0.126854368874	0.30573830505	0.148483654653	0.0784301766848	0.0883213282142	0.0760815925771	0.202222903772	0.127302727467	0.0809285914645	0.095719348021	0.0205389551074	0.0313699893586	0.169032608726	0.0200846575853	0.0670782602242	0.189849509428	0.0767276916258	0.132159638312	0.197735670375	0.0906694845411	0.128134236954	0.028336916479	0.134078413363	0.0910396236248	0.162102660163	0.304097570713	0.0687244700378	0.18816366027	0.0695041778732	0.0701540715146	0.200595605317	0.174239102834	0.076138457303	0.0685680168585	0.0911507316896	0.141962927035	0.144226480554	0.152629016014	0.142697996278	0.155368939769	0.0871271726841	0.0847809994513
763860675-stool2.freeze11.snv.mod.fix.bam	0.179986564675	0.272249676454	0.0849360062675	0.0858718613631	0.110784669516	0.110974332367	0.00845294112454	0.0202716540188	0.0260765711484	0.0261217718232	0.064009262979	0.103953489685	0.0952303071801	0.0941650830726	0.0753370675806	0.0760980044907	0.0750260878402	0.324441338141	0.200981272846	0.319413368321	0.0813793334567	0.0312566792946	0.0	0.0617178624747	0.155642761734	0.183998973651	0.127394393544	0.304032390799	0.142253771162	0.0708518604193	0.076297309223	0.0715233278135	0.199690718386	0.1271335141	0.0734812315279	0.0863054954874	0.0207637640771	0.00384373358064	0.165047532272	0.0200754894687	0.058140201332	0.188486373603	0.054573132144	0.123821317871	0.200562453567	0.0809508320878	0.12812537929	0.0203974973817	0.123344849028	0.0812637146936	0.16062584077	0.300742859355	0.062321753653	0.186040171435	0.063038203131	0.0638468207115	0.198147326513	0.175818731892	0.0723194299618	0.0621284307694	0.0850180027201	0.130858180021	0.133018320706	0.142905784436	0.131158458012	0.145828996289	0.0867110681368	0.0789909563069
764042746-stool2.freeze11.snv.mod.fix.bam	0.176522300471	0.280218925487	0.0871041963471	0.0881488787955	0.115643560965	0.115718010659	0.0650633399188	0.0706584563333	0.0592601969236	0.0595035864811	0.00352582178145	0.113940014843	0.104461565627	0.103243453007	0.0789610913681	0.0799051622569	0.0783307606416	0.330021337495	0.197459497991	0.323893445372	0.083604080473	0.0678329934542	0.0617178624747	0.0	0.163314657446	0.189326310549	0.14139633122	0.30591040945	0.157074112192	0.0682593097021	0.0784364966507	0.065141955765	0.199055385072	0.142381532759	0.0695545239489	0.0896029317592	0.0613586523332	0.0607927471399	0.164520927253	0.0602771925736	0.0571956491795	0.185883729036	0.0738313506803	0.133853751989	0.196297489844	0.0855052227014	0.143553485413	0.062406820933	0.134129500943	0.0857538334622	0.156889404593	0.306680443917	0.002642492996	0.184176994835	0.00333934770142	0.00339670629129	0.197658510745	0.171137690444	0.103553780243	0.00289646622307	0.0360098222978	0.137791189621	0.140210005021	0.148657463439	0.138306729836	0.15074596578	0.104309427358	0.021125858808
764325968-stool1.freeze11.snv.mod.fix.bam	0.158024032326	0.287589350324	0.169589363092	0.170239338113	0.172963101692	0.173105353067	0.156853818007	0.157105269011	0.153430879867	0.153528974952	0.163866884929	0.197190595859	0.190173807191	0.189049484615	0.152356816117	0.15331346845	0.152599491797	0.342565719263	0.190919807197	0.337066759917	0.166092563162	0.166188908226	0.155642761734	0.163314657446	0.0	0.169923882903	0.189507642735	0.313331914801	0.221787020772	0.151625036729	0.145087913887	0.163486260431	0.193357397539	0.181555443144	0.164246220854	0.168563359115	0.162036319229	0.156392948629	0.178322318836	0.162013655202	0.158562852731	0.0506288031549	0.145097203911	0.146766190535	0.193531595665	0.165794037949	0.181340395289	0.153829988632	0.143577670522	0.165650124647	0.172661024653	0.319564260877	0.162149783287	0.172263353106	0.163193282091	0.163711942058	0.191622737743	0.17117070997	0.163392978106	0.162330453282	0.166177522601	0.168291780152	0.16923347877	0.173371518137	0.169146366034	0.174321439267	0.184737195545	0.173924864541
764588959-stool1.freeze11.snv.mod.fix.bam	0.17212260101	0.288186874962	0.192714672613	0.193199186216	0.163199634005	0.163435903628	0.185365359398	0.186391715563	0.186591819992	0.186568129324	0.189170151537	0.211623280993	0.206339189348	0.205197456505	0.178404039736	0.179084811962	0.178199162524	0.33252279406	0.186268066582	0.328061775956	0.189014658745	0.193114888859	0.183998973651	0.189326310549	0.169923882903	0.0	0.194907682892	0.309458886246	0.228656107784	0.178469882401	0.176472759643	0.19139859701	0.138588168953	0.191893440316	0.189486236397	0.189917374514	0.190378220709	0.185013300967	0.135935767713	0.189888061523	0.184830197801	0.187911038737	0.184043258771	0.0893837124052	0.192543112557	0.188962219383	0.191897738645	0.184292102143	0.0879704765699	0.188360637574	0.181828847961	0.310879775721	0.187501938952	0.110132621408	0.188622504639	0.189000575289	0.137089480259	0.177868175624	0.147691485889	0.187854799002	0.179207721645	0.158981453859	0.157907523866	0.156797331245	0.159297728308	0.155188299105	0.197603902127	0.188837412343
765074482-stool3.freeze11.snv.mod.fix.bam	0.164129360022	0.289421902055	0.152996161764	0.153931221898	0.159939981856	0.160235078947	0.127505863995	0.125100698915	0.1305725508	0.1307580968	0.14366318921	0.169252135724	0.161827136502	0.160955689685	0.143792774374	0.14498294353	0.142780832413	0.331994163001	0.16929128756	0.327074048434	0.149346214543	0.126854368874	0.127394393544	0.14139633122	0.189507642735	0.194907682892	0.0	0.310207465253	0.185835685749	0.139518825882	0.13516339811	0.143577349085	0.201832651083	0.0319769265812	0.148195027294	0.154643281005	0.129606334645	0.126668682492	0.184052309643	0.127783024019	0.138980081836	0.198860252843	0.14881461152	0.157917206544	0.16309106124	0.151315143045	0.0311796120114	0.131047701826	0.158285496424	0.151081443221	0.147502332857	0.309983320104	0.141632707543	0.185983104647	0.142838702595	0.143430896314	0.200739669954	0.11557116043	0.142710813796	0.141602383576	0.151848051312	0.175157201324	0.176408151004	0.180116635448	0.176078351139	0.181442917267	0.0774608778289	0.151551477075
840279516-stool1.freeze11.snv.mod.fix.bam	0.296487430392	0.0801148368469	0.306695079757	0.306862206077	0.309863993276	0.310196388168	0.304677162483	0.304708206604	0.305099748417	0.305241669903	0.304294716985	0.252301657798	0.253327586369	0.254066342612	0.296010014	0.296851604132	0.295673090959	0.26867940442	0.318164856908	0.267817265106	0.303710414888	0.30573830505	0.304032390799	0.30591040945	0.313331914801	0.309458886246	0.310207465253	0.0	0.185797567174	0.29402482785	0.293551732874	0.311049324296	0.311913075988	0.314648334032	0.305257594072	0.306347746227	0.304927224827	0.305142991703	0.308477959924	0.304405873915	0.300140754661	0.313517914927	0.302549309862	0.304853032034	0.316163600327	0.305675428022	0.312308062103	0.304117595341	0.305421730812	0.305146073809	0.301186546974	0.254165266045	0.303164573721	0.308119772987	0.304097352012	0.304318110184	0.310964757476	0.309706862941	0.305281704618	0.303306997043	0.304497447614	0.306345504738	0.304518971506	0.306921629105	0.308055541024	0.309315581138	0.311317489842	0.285425419977
CCIS64773582ST-4-0.freeze11.snv.mod.fix.bam	0.228472676551	0.166592306412	0.180043344893	0.180766362328	0.18514026371	0.185453702743	0.14393839932	0.145007326141	0.145332417069	0.145495482151	0.155745189949	0.102026940782	0.100006870224	0.0999480104048	0.175364484306	0.176466736059	0.175467873912	0.283607816522	0.250270631335	0.280687829864	0.176462693366	0.148483654653	0.142253771162	0.157074112192	0.221787020772	0.228656107784	0.185835685749	0.185797567174	0.0	0.164506682784	0.167485732866	0.182167819266	0.245363207931	0.180394959869	0.166141936855	0.182196661891	0.144290491052	0.144544695495	0.22690818444	0.143126690459	0.159220509624	0.240599608681	0.16222737709	0.177628489022	0.247418544783	0.178527141097	0.179623400292	0.143508157595	0.180271957896	0.178585851247	0.21410710753	0.259727766117	0.154080245858	0.238127202387	0.154977759242	0.15542140041	0.243519250487	0.223564291164	0.155211291891	0.153984808048	0.169708585786	0.205022755528	0.204262620558	0.211255695931	0.205527874879	0.214927291087	0.188167248604	0.140232934161
CCMD64503764ST-21-0.freeze11.snv.mod.fix.bam	0.167432642334	0.267368049825	0.0758265946114	0.0767746103898	0.102436383096	0.102703559597	0.0739464594911	0.0794319071778	0.070831164495	0.0710221022131	0.0718676681129	0.128750878523	0.119805453024	0.118736537202	0.0682702244862	0.0695195434796	0.0673415441055	0.315670935229	0.18864560442	0.309660242959	0.0719128173223	0.0784301766848	0.0708518604193	0.0682593097021	0.151625036729	0.178469882401	0.139518825882	0.29402482785	0.164506682784	0.0	0.0702113278038	0.0671568398573	0.187861025782	0.142490815658	0.0703246133915	0.0781918069606	0.0710081446826	0.0699205503477	0.153813035168	0.0703538212276	0.071233853487	0.175481494319	0.0717434400369	0.125573201819	0.18936329834	0.0735378189859	0.143344129126	0.0710997754088	0.126267110269	0.074184945795	0.148379125173	0.292973950372	0.0695616954275	0.17363237086	0.0707368550442	0.0714688437398	0.186012096197	0.166577170192	0.107578681677	0.0697029366611	0.0888612142398	0.129959998003	0.132027069821	0.140034100499	0.130331948659	0.142836036101	0.120527242268	0.0842379733014
CCMD93344354ST-21-0.freeze11.snv.mod.fix.bam	0.165877411185	0.26634823154	0.0909639453983	0.0919081607498	0.114654057956	0.114865002297	0.0774086442078	0.0798641981097	0.0773365070512	0.077528546702	0.0833551208926	0.135199729188	0.126053102133	0.124924515927	0.0395004511378	0.0408159524377	0.0385050388416	0.3130955064	0.18349214538	0.306776041897	0.0864951005916	0.0883213282142	0.076297309223	0.0784364966507	0.145087913887	0.176472759643	0.13516339811	0.293551732874	0.167485732866	0.0702113278038	0.0	0.0834445984635	0.188044508252	0.14141915787	0.0874355760383	0.091227913571	0.0827620930176	0.0751292113536	0.151187406102	0.0816408390906	0.0771669125422	0.175628246074	0.0590250507365	0.119618364703	0.183859702899	0.0875999072212	0.14274482299	0.0764605060854	0.118153544128	0.0879969623398	0.146587149987	0.287948540943	0.080547963845	0.174779787428	0.08193041326	0.0830170717376	0.186302273855	0.160870374723	0.115130268474	0.0806280372447	0.0921498554153	0.110851529326	0.112465844144	0.122105434424	0.111629745789	0.126748086354	0.125578837527	0.0947815664558
M4.2-V2.metaT.freeze11.snv.mod.fix.bam	0.174279333305	0.285902986728	0.0885348229119	0.0899542850665	0.121644869655	0.121981837738	0.074930963311	0.0805881169332	0.0733153420953	0.0735588036934	0.0692109153635	0.140725907915	0.130495792169	0.129145214254	0.0876932166052	0.0888743534403	0.0870147916657	0.335116829778	0.194730086063	0.329484965449	0.0849954525524	0.0760815925771	0.0715233278135	0.065141955765	0.163486260431	0.19139859701	0.143577349085	0.311049324296	0.182167819266	0.0671568398573	0.0834445984635	0.0	0.193861988668	0.146399337778	0.00615754973237	0.091785570842	0.0718707780398	0.0705314416209	0.163592708507	0.0709139017067	0.0668020282431	0.183249489737	0.0759110778188	0.136283386967	0.196611284293	0.086961531376	0.147394238827	0.0724319612913	0.137296269027	0.0872788460233	0.154641085502	0.312295014429	0.0672360505604	0.181649471789	0.068447249622	0.0689226048913	0.192931138726	0.175489686935	0.113827533413	0.0673471303661	0.0877173497799	0.136443148411	0.138231992408	0.145783258829	0.136376314485	0.148630483017	0.114250090861	0.0878316473971
MH0227.freeze11.snv.mod.fix.bam	0.174830148879	0.292592306997	0.202560853399	0.203061486915	0.202415088973	0.202563640012	0.200606975871	0.201348998235	0.201712146564	0.201833798826	0.198390609761	0.224178171407	0.218619463598	0.217607929719	0.188870222563	0.18925238003	0.18849043511	0.329896358655	0.181844871241	0.324224894834	0.199111656137	0.202222903772	0.199690718386	0.199055385072	0.193357397539	0.138588168953	0.201832651083	0.311913075988	0.245363207931	0.187861025782	0.188044508252	0.193861988668	0.0	0.198943612511	0.198924029262	0.199637069712	0.200980004789	0.199348407993	0.136719223423	0.200645615246	0.194174753188	0.192420921568	0.198301147487	0.160725223815	0.189244701798	0.200884749153	0.198634384299	0.200103849747	0.161858850047	0.200599064072	0.182101584615	0.306212059759	0.196569685256	0.105994181514	0.197809859509	0.198144842301	0.004567846542	0.181302878312	0.183600514403	0.197185374249	0.164531222006	0.0943804029368	0.0926912886835	0.0807804847163	0.0941673335972	0.0756042627948	0.201526125794	0.204889774708
MH0236.freeze11.snv.mod.fix.bam	0.152772293264	0.293035103042	0.156863177099	0.157672395289	0.164357820674	0.164429070365	0.125273998279	0.116343753814	0.130256710013	0.130457721153	0.144107201281	0.172911831514	0.165552263783	0.164698197517	0.146765556544	0.147280914055	0.146318939721	0.335835854988	0.159504886511	0.331940911011	0.1534733016	0.127302727467	0.1271335141	0.142381532759	0.181555443144	0.191893440316	0.0319769265812	0.314648334032	0.180394959869	0.142490815658	0.14141915787	0.146399337778	0.198943612511	0.0	0.150332145471	0.157547299301	0.128581649782	0.126170041226	0.181424399198	0.126969014909	0.139057672686	0.197056142524	0.149989428416	0.160354660756	0.148311964717	0.154559416621	0.00393781465224	0.128809829981	0.160661655136	0.15490577284	0.137859032331	0.314010840137	0.142340955844	0.181907580163	0.143270253355	0.143861153059	0.198139827451	0.103633193525	0.13284040342	0.142297281884	0.150977707863	0.174221174689	0.175365777864	0.178708627344	0.175051308128	0.180055143212	0.0844772928083	0.152847682723
MH0246.freeze11.snv.mod.fix.bam	0.179358004218	0.278580810322	0.0892630159929	0.0903861530324	0.115418534064	0.115528306324	0.0768180624965	0.0825080386258	0.0753917735032	0.0755539391073	0.0725983866847	0.131076227017	0.123061663015	0.121849242488	0.0910251865794	0.0915895964061	0.0908165200499	0.328163331598	0.201013516189	0.321849202886	0.0861547871583	0.0809285914645	0.0734812315279	0.0695545239489	0.164246220854	0.189486236397	0.148195027294	0.305257594072	0.166141936855	0.0703246133915	0.0874355760383	0.00615754973237	0.198924029262	0.150332145471	0.0	0.091476651277	0.0735619818605	0.0724874354971	0.166446708094	0.0725870690755	0.0701165689548	0.18785527654	0.0790045563561	0.134812924794	0.202697738234	0.0873294454105	0.151947024512	0.0752069897788	0.135681290295	0.0876811934778	0.16087925954	0.304259303862	0.0709845670017	0.18657856014	0.0718542268205	0.0723668512258	0.19837383431	0.180158916624	0.109268917611	0.0709801217913	0.0917845546437	0.14112310235	0.143268890426	0.151338700696	0.141841556253	0.15399738254	0.124810452117	0.0869243381242
