	158479027-supragingivalplaque1.freeze11.snv.mod.fix.bam	159005010-supragingivalplaque2.freeze11.snv.mod.fix.bam	159510762-supragingivalplaque2.freeze11.snv.mod.fix.bam	159510762-tonguedorsum2.freeze11.snv.mod.fix.bam	159510762-tonguedorsum3.freeze11.snv.mod.fix.bam	159814214-supragingivalplaque2.freeze11.snv.mod.fix.bam	160158126-supragingivalplaque1.freeze11.snv.mod.fix.bam	160158126-supragingivalplaque2.freeze11.snv.mod.fix.bam	160178356-supragingivalplaque1.freeze11.snv.mod.fix.bam	160400887-supragingivalplaque1.freeze11.snv.mod.fix.bam	246515023-supragingivalplaque2.freeze11.snv.mod.fix.bam	370425937-supragingivalplaque2.freeze11.snv.mod.fix.bam	650853796-supragingivalplaque1.freeze11.snv.mod.fix.bam	675950834-supragingivalplaque3.freeze11.snv.mod.fix.bam	763395383-supragingivalplaque3.freeze11.snv.mod.fix.bam	763860675-supragingivalplaque2.freeze11.snv.mod.fix.bam	764083206-buccalmucosa2.freeze11.snv.mod.fix.bam	764083206-supragingivalplaque2.freeze11.snv.mod.fix.bam	765013792-supragingivalplaque3.freeze11.snv.mod.fix.bam	765094712-supragingivalplaque2.freeze11.snv.mod.fix.bam
158479027-supragingivalplaque1.freeze11.snv.mod.fix.bam	0.0	0.0670189985876	0.0978632283931	0.101659908576	0.084240739897	0.0661685422267	0.0717724421766	0.0836028976263	0.0744301183046	0.0930338512005	0.071240906951	0.0884626482604	0.0776193296581	0.0689477121205	0.0868376691421	0.0633893723328	0.0825702006166	0.0996552614394	0.091591112731	0.106155177912
159005010-supragingivalplaque2.freeze11.snv.mod.fix.bam	0.0670189985876	0.0	0.0720002429875	0.0779989976764	0.0482178383222	0.0450134402478	0.0426594985345	0.0428872993455	0.119018330372	0.0419609093808	0.0337600801859	0.0436314486613	0.0566312816074	0.0297355991921	0.0401081294516	0.028551034975	0.0692666332559	0.0723495375644	0.0505717800355	0.056935016022
159510762-supragingivalplaque2.freeze11.snv.mod.fix.bam	0.0978632283931	0.0720002429875	0.0	0.00785153461813	0.0102206630522	0.055522650994	0.0800492049752	0.0837395781129	0.147022643401	0.0922593284432	0.0553404103452	0.0878551794311	0.0604583352317	0.0536243109025	0.0891916108555	0.074232690935	0.0811578355886	0.061794766656	0.0891004905311	0.101978829711
159510762-tonguedorsum2.freeze11.snv.mod.fix.bam	0.101659908576	0.0779989976764	0.00785153461813	0.0	0.0121949367473	0.0592433975732	0.0785457196228	0.0804896198764	0.144775008732	0.0903306149103	0.0620377541877	0.0852886236275	0.0642702021353	0.0565705347244	0.0865794948897	0.0791987486142	0.0803681261105	0.0578158458244	0.0865491214482	0.0963141828785
159510762-tonguedorsum3.freeze11.snv.mod.fix.bam	0.084240739897	0.0482178383222	0.0102206630522	0.0121949367473	0.0	0.0414901210382	0.0516955973697	0.0558263854086	0.13558704269	0.0687806581925	0.0403359302626	0.0640424013243	0.0521511989916	0.0325603292481	0.0642550154145	0.0552644767415	0.0684161768949	0.0497972572782	0.0641487083694	0.0785457196228
159814214-supragingivalplaque2.freeze11.snv.mod.fix.bam	0.0661685422267	0.0450134402478	0.055522650994	0.0592433975732	0.0414901210382	0.0	0.0539128585964	0.0587877959512	0.112913268638	0.06914513949	0.0361899555029	0.0625844761341	0.0479900375112	0.0321806612298	0.0627211566207	0.0458335231673	0.0505717800355	0.052014518505	0.0674746002096	0.0809300347776
160158126-supragingivalplaque1.freeze11.snv.mod.fix.bam	0.0717724421766	0.0426594985345	0.0800492049752	0.0785457196228	0.0516955973697	0.0539128585964	0.0	0.0104180904217	0.107309368688	0.0567527753732	0.052014518505	0.0505717800355	0.0711345999058	0.0374960134858	0.0517411575319	0.0452716145003	0.0776648898203	0.0747945996021	0.053487630416	0.0635412395401
160158126-supragingivalplaque2.freeze11.snv.mod.fix.bam	0.0836028976263	0.0428872993455	0.0837395781129	0.0804896198764	0.0558263854086	0.0587877959512	0.0104180904217	0.0	0.130620985011	0.0521663857123	0.0562819870305	0.0474281288441	0.0733822345741	0.0389691253968	0.0486734399441	0.0476711163758	0.0845292875909	0.0783786656947	0.0517411575319	0.0566920284903
160178356-supragingivalplaque1.freeze11.snv.mod.fix.bam	0.0744301183046	0.119018330372	0.147022643401	0.144775008732	0.13558704269	0.112913268638	0.107309368688	0.130620985011	0.0	0.144395340714	0.122541649582	0.138806627485	0.124272935745	0.121068537671	0.137591689826	0.107643476544	0.115753185415	0.144623141525	0.141054262153	0.155952435191
160400887-supragingivalplaque1.freeze11.snv.mod.fix.bam	0.0930338512005	0.0419609093808	0.0922593284432	0.0903306149103	0.0687806581925	0.06914513949	0.0567527753732	0.0521663857123	0.144395340714	0.0	0.0644220693426	0.0300545203274	0.080793354291	0.050374352666	0.0284751013714	0.0370252251431	0.09447658967	0.091029204064	0.0641031482072	0.0259541057299
246515023-supragingivalplaque2.freeze11.snv.mod.fix.bam	0.071240906951	0.0337600801859	0.0553404103452	0.0620377541877	0.0403359302626	0.0361899555029	0.052014518505	0.0562819870305	0.122541649582	0.0644220693426	0.0	0.0613847251963	0.0470180873844	0.0274120309202	0.0594104515012	0.0421887101918	0.0655458866767	0.0593193311768	0.0616428994487	0.0774674624508
370425937-supragingivalplaque2.freeze11.snv.mod.fix.bam	0.0884626482604	0.0436314486613	0.0878551794311	0.0852886236275	0.0640424013243	0.0625844761341	0.0505717800355	0.0474281288441	0.138806627485	0.0300545203274	0.0613847251963	0.0	0.0777863835862	0.0463346849515	0.0105243974669	0.0302671344177	0.0801403252996	0.0832536030495	0.0614302853585	0.0256048111531
650853796-supragingivalplaque1.freeze11.snv.mod.fix.bam	0.0776193296581	0.0566312816074	0.0604583352317	0.0642702021353	0.0521511989916	0.0479900375112	0.0711345999058	0.0733822345741	0.124272935745	0.080793354291	0.0470180873844	0.0777863835862	0.0	0.0460461372576	0.0774674624508	0.0617492064938	0.0734733548985	0.064285388856	0.077740823424	0.0930338512005
675950834-supragingivalplaque3.freeze11.snv.mod.fix.bam	0.0689477121205	0.0297355991921	0.0536243109025	0.0565705347244	0.0325603292481	0.0321806612298	0.0374960134858	0.0389691253968	0.121068537671	0.050374352666	0.0274120309202	0.0463346849515	0.0460461372576	0.0	0.046699166249	0.0365544368005	0.0608076298085	0.0502832323416	0.0444059714186	0.0615365924036
763395383-supragingivalplaque3.freeze11.snv.mod.fix.bam	0.0868376691421	0.0401081294516	0.0891916108555	0.0865794948897	0.0642550154145	0.0627211566207	0.0517411575319	0.0486734399441	0.137591689826	0.0284751013714	0.0594104515012	0.0105243974669	0.0774674624508	0.046699166249	0.0	0.0252403298556	0.0785457196228	0.0842103664556	0.0612632314304	0.0246632344678
763860675-supragingivalplaque2.freeze11.snv.mod.fix.bam	0.0633893723328	0.028551034975	0.074232690935	0.0791987486142	0.0552644767415	0.0458335231673	0.0452716145003	0.0476711163758	0.107643476544	0.0370252251431	0.0421887101918	0.0302671344177	0.0617492064938	0.0365544368005	0.0252403298556	0.0	0.0556441447598	0.072425471168	0.0588941029963	0.0432821540845
764083206-buccalmucosa2.freeze11.snv.mod.fix.bam	0.0825702006166	0.0692666332559	0.0811578355886	0.0803681261105	0.0684161768949	0.0505717800355	0.0776648898203	0.0845292875909	0.115753185415	0.09447658967	0.0655458866767	0.0801403252996	0.0734733548985	0.0608076298085	0.0785457196228	0.0556441447598	0.0	0.0342916154115	0.0908773368567	0.105350281714
764083206-supragingivalplaque2.freeze11.snv.mod.fix.bam	0.0996552614394	0.0723495375644	0.061794766656	0.0578158458244	0.0497972572782	0.052014518505	0.0747945996021	0.0783786656947	0.144623141525	0.091029204064	0.0593193311768	0.0832536030495	0.064285388856	0.0502832323416	0.0842103664556	0.072425471168	0.0342916154115	0.0	0.0873388309262	0.0996552614394
765013792-supragingivalplaque3.freeze11.snv.mod.fix.bam	0.091591112731	0.0505717800355	0.0891004905311	0.0865491214482	0.0641487083694	0.0674746002096	0.053487630416	0.0517411575319	0.141054262153	0.0641031482072	0.0616428994487	0.0614302853585	0.077740823424	0.0444059714186	0.0612632314304	0.0588941029963	0.0908773368567	0.0873388309262	0.0	0.0728506993485
765094712-supragingivalplaque2.freeze11.snv.mod.fix.bam	0.106155177912	0.056935016022	0.101978829711	0.0963141828785	0.0785457196228	0.0809300347776	0.0635412395401	0.0566920284903	0.155952435191	0.0259541057299	0.0774674624508	0.0256048111531	0.0930338512005	0.0615365924036	0.0246632344678	0.0432821540845	0.105350281714	0.0996552614394	0.0728506993485	0.0
