	158479027-supragingivalplaque1.freeze11.snv.mod.fix.bam	159005010-supragingivalplaque2.freeze11.snv.mod.fix.bam	159510762-supragingivalplaque2.freeze11.snv.mod.fix.bam	159510762-tonguedorsum2.freeze11.snv.mod.fix.bam	159510762-tonguedorsum3.freeze11.snv.mod.fix.bam	159814214-supragingivalplaque2.freeze11.snv.mod.fix.bam	160158126-supragingivalplaque1.freeze11.snv.mod.fix.bam	160158126-supragingivalplaque2.freeze11.snv.mod.fix.bam	160178356-supragingivalplaque1.freeze11.snv.mod.fix.bam	160400887-supragingivalplaque1.freeze11.snv.mod.fix.bam	246515023-supragingivalplaque2.freeze11.snv.mod.fix.bam	370425937-supragingivalplaque2.freeze11.snv.mod.fix.bam	650853796-supragingivalplaque1.freeze11.snv.mod.fix.bam	675950834-supragingivalplaque3.freeze11.snv.mod.fix.bam	763395383-supragingivalplaque3.freeze11.snv.mod.fix.bam	763860675-supragingivalplaque2.freeze11.snv.mod.fix.bam	764083206-buccalmucosa2.freeze11.snv.mod.fix.bam	764083206-supragingivalplaque2.freeze11.snv.mod.fix.bam	765013792-supragingivalplaque3.freeze11.snv.mod.fix.bam	765094712-supragingivalplaque2.freeze11.snv.mod.fix.bam
158479027-supragingivalplaque1.freeze11.snv.mod.fix.bam	0.0	0.161202676352	0.178225844512	0.191989781965	0.167995595425	0.151807198648	0.15893435614	0.17115955054	0.160928882767	0.17375190047	0.166869729374	0.170245448606	0.170493525598	0.163076642037	0.166008904412	0.161105157161	0.171873983048	0.176573698159	0.172153090421	0.181011202455
159005010-supragingivalplaque2.freeze11.snv.mod.fix.bam	0.161202676352	0.0	0.130871219493	0.140506077769	0.116217211007	0.125045320092	0.130267204988	0.116751698202	0.199696414648	0.102017852206	0.10776238906	0.107321993135	0.126834743064	0.104634390023	0.102397530361	0.107924159203	0.137698211116	0.128880764673	0.110913861753	0.109769220928
159510762-supragingivalplaque2.freeze11.snv.mod.fix.bam	0.178225844512	0.130871219493	0.0	0.0311401862245	0.045432438031	0.11872665609	0.143809134462	0.12977383161	0.208100743013	0.123905573868	0.112506120174	0.124300128136	0.110911826868	0.106387448281	0.125195709953	0.138404251598	0.123913883649	0.0932902645891	0.116831738978	0.124259296427
159510762-tonguedorsum2.freeze11.snv.mod.fix.bam	0.191989781965	0.140506077769	0.0311401862245	0.0	0.0519906234367	0.124658685515	0.146331010859	0.129470306051	0.219909931566	0.127407138126	0.119606916366	0.124370175714	0.115947137137	0.112125681971	0.126008024641	0.149560821855	0.123084611468	0.0857537029546	0.116369180323	0.120092849056
159510762-tonguedorsum3.freeze11.snv.mod.fix.bam	0.167995595425	0.116217211007	0.045432438031	0.0519906234367	0.0	0.110920532507	0.122269244511	0.10823033522	0.198869470878	0.107676599204	0.1022281346	0.105393893904	0.110139270629	0.0924135613832	0.107012929509	0.124628544965	0.117839965557	0.089442507424	0.0993747137503	0.105930756921
159814214-supragingivalplaque2.freeze11.snv.mod.fix.bam	0.151807198648	0.125045320092	0.11872665609	0.124658685515	0.110920532507	0.0	0.13038314247	0.128155882638	0.182634240138	0.131667591491	0.117482548595	0.125636635487	0.120497871026	0.111773651162	0.124493907583	0.127832216651	0.119854411151	0.110660670507	0.128088796558	0.136987395326
160158126-supragingivalplaque1.freeze11.snv.mod.fix.bam	0.15893435614	0.130267204988	0.143809134462	0.146331010859	0.122269244511	0.13038314247	0.0	0.0688156041365	0.175500410319	0.124382882918	0.134656846506	0.119274017088	0.150742626786	0.122312971242	0.121172041846	0.136202796261	0.146918195555	0.133527914656	0.117966890624	0.121847878684
160158126-supragingivalplaque2.freeze11.snv.mod.fix.bam	0.17115955054	0.116751698202	0.12977383161	0.129470306051	0.10823033522	0.128155882638	0.0688156041365	0.0	0.198701762457	0.102277266007	0.124011465132	0.100087547247	0.13831116057	0.107371344654	0.10257920192	0.126219413677	0.139688101112	0.120019978808	0.0972776339921	0.0960516112252
160178356-supragingivalplaque1.freeze11.snv.mod.fix.bam	0.160928882767	0.199696414648	0.208100743013	0.219909931566	0.198869470878	0.182634240138	0.175500410319	0.198701762457	0.0	0.206081088159	0.20282174221	0.198923745435	0.205649026927	0.199927271089	0.194958173069	0.192470328122	0.187043039811	0.198638435044	0.201029873445	0.208344330765
160400887-supragingivalplaque1.freeze11.snv.mod.fix.bam	0.17375190047	0.102017852206	0.123905573868	0.127407138126	0.107676599204	0.131667591491	0.124382882918	0.102277266007	0.206081088159	0.0	0.12132543088	0.0706538278784	0.132502937194	0.10647635101	0.0705331032673	0.101992946622	0.139985919839	0.123260556987	0.096388627518	0.0537870527014
246515023-supragingivalplaque2.freeze11.snv.mod.fix.bam	0.166869729374	0.10776238906	0.112506120174	0.119606916366	0.1022281346	0.117482548595	0.134656846506	0.124011465132	0.20282174221	0.12132543088	0.0	0.121773558208	0.11840713099	0.0970637075583	0.120177407633	0.120114048043	0.130478840049	0.115403000226	0.114631925299	0.123296305645
370425937-supragingivalplaque2.freeze11.snv.mod.fix.bam	0.170245448606	0.107321993135	0.124300128136	0.124370175714	0.105393893904	0.125636635487	0.119274017088	0.100087547247	0.198923745435	0.0706538278784	0.121773558208	0.0	0.133738055552	0.10681678947	0.0510049610093	0.0957548086593	0.127211453594	0.115395095075	0.0967458282986	0.0562581439723
650853796-supragingivalplaque1.freeze11.snv.mod.fix.bam	0.170493525598	0.126834743064	0.110911826868	0.115947137137	0.110139270629	0.120497871026	0.150742626786	0.13831116057	0.205649026927	0.132502937194	0.11840713099	0.133738055552	0.0	0.114197546182	0.132717679758	0.140254539121	0.134888184588	0.115287949195	0.127260054732	0.13837261241
675950834-supragingivalplaque3.freeze11.snv.mod.fix.bam	0.163076642037	0.104634390023	0.106387448281	0.112125681971	0.0924135613832	0.111773651162	0.122312971242	0.107371344654	0.199927271089	0.10647635101	0.0970637075583	0.10681678947	0.114197546182	0.0	0.106826854547	0.116920452044	0.124470702156	0.105721851657	0.0968062184046	0.109336370948
763395383-supragingivalplaque3.freeze11.snv.mod.fix.bam	0.166008904412	0.102397530361	0.125195709953	0.126008024641	0.107012929509	0.124493907583	0.121172041846	0.10257920192	0.194958173069	0.0705331032673	0.120177407633	0.0510049610093	0.132717679758	0.106826854547	0.0	0.0924835690659	0.12576622736	0.114902600634	0.0971637061169	0.0580500830723
763860675-supragingivalplaque2.freeze11.snv.mod.fix.bam	0.161105157161	0.107924159203	0.138404251598	0.149560821855	0.124628544965	0.127832216651	0.136202796261	0.126219413677	0.192470328122	0.101992946622	0.120114048043	0.0957548086593	0.140254539121	0.116920452044	0.0924835690659	0.0	0.128103118405	0.135760983563	0.121922401661	0.0998517472451
764083206-buccalmucosa2.freeze11.snv.mod.fix.bam	0.171873983048	0.137698211116	0.123913883649	0.123084611468	0.117839965557	0.119854411151	0.146918195555	0.139688101112	0.187043039811	0.139985919839	0.130478840049	0.127211453594	0.134888184588	0.124470702156	0.12576622736	0.128103118405	0.0	0.0721309461639	0.130642656224	0.13849080258
764083206-supragingivalplaque2.freeze11.snv.mod.fix.bam	0.176573698159	0.128880764673	0.0932902645891	0.0857537029546	0.089442507424	0.110660670507	0.133527914656	0.120019978808	0.198638435044	0.123260556987	0.115403000226	0.115395095075	0.115287949195	0.105721851657	0.114902600634	0.135760983563	0.0721309461639	0.0	0.112727751189	0.117673557754
765013792-supragingivalplaque3.freeze11.snv.mod.fix.bam	0.172153090421	0.110913861753	0.116831738978	0.116369180323	0.0993747137503	0.128088796558	0.117966890624	0.0972776339921	0.201029873445	0.096388627518	0.114631925299	0.0967458282986	0.127260054732	0.0968062184046	0.0971637061169	0.121922401661	0.130642656224	0.112727751189	0.0	0.0926699686949
765094712-supragingivalplaque2.freeze11.snv.mod.fix.bam	0.181011202455	0.109769220928	0.124259296427	0.120092849056	0.105930756921	0.136987395326	0.121847878684	0.0960516112252	0.208344330765	0.0537870527014	0.123296305645	0.0562581439723	0.13837261241	0.109336370948	0.0580500830723	0.0998517472451	0.13849080258	0.117673557754	0.0926699686949	0.0
