	158984779-stool1.freeze11.snv.mod.fix.bam	159753524-stool2.freeze11.snv.mod.fix.bam	160502038-stool1.freeze11.snv.mod.fix.bam	737052003-stool1.freeze11.snv.mod.fix.bam	764143897-stool1.freeze11.snv.mod.fix.bam	765034022-stool2.freeze11.snv.mod.fix.bam	765094712-stool3.freeze11.snv.mod.fix.bam	765640925-stool2.freeze11.snv.mod.fix.bam	CCIS15704761ST-4-0.freeze11.snv.mod.fix.bam	CCIS90166425ST-4-0.freeze11.snv.mod.fix.bam	CCMD11006829ST-21-0.freeze11.snv.mod.fix.bam	CCMD88272491ST-21-0.freeze11.snv.mod.fix.bam	M3.3-V3.metaT.freeze11.snv.mod.fix.bam	MH0246.freeze11.snv.mod.fix.bam	MH0382.freeze11.snv.mod.fix.bam	MMRS64281211ST-27-0-0.freeze11.snv.mod.fix.bam	O2.CD3-0-PT.freeze11.snv.mod.fix.bam	SZEY-39A.freeze11.snv.mod.fix.bam	T2D-109A.freeze11.snv.mod.fix.bam	T2D-51A.freeze11.snv.mod.fix.bam	T2D-78A.freeze11.snv.mod.fix.bam	V1.CD25-4.freeze11.snv.mod.fix.bam	V1.FI05.freeze11.snv.mod.fix.bam	V1.FI10.freeze11.snv.mod.fix.bam	V1.FI20.freeze11.snv.mod.fix.bam	V1.UC55-4.freeze11.snv.mod.fix.bam	halbarad-11-0-0.freeze11.snv.mod.fix.bam	halbarad-11-7-0.freeze11.snv.mod.fix.bam
158984779-stool1.freeze11.snv.mod.fix.bam	0.0	0.0874275444858	0.105879970638	0.0547497911762	0.116232566381	0.0519148505328	0.0915280836307	0.04133444706	0.142607639153	0.0524464019035	0.127243273344	0.105702786848	0.0405497759891	0.111271420255	0.0630521173463	0.141645784291	0.118611891564	0.134659680563	0.0527754575139	0.0546232313261	0.134786240413	0.126028298782	0.100260713291	0.108006176121	0.0527754575139	0.133849697522	0.0746196876503	0.07439187992
159753524-stool2.freeze11.snv.mod.fix.bam	0.0874275444858	0.0	0.0665451692105	0.0575341078796	0.141392664591	0.0437137722429	0.104664996077	0.0392335535475	0.166729946592	0.0464727769762	0.150580909712	0.0684941909029	0.0309818513175	0.0780621155745	0.0580403472802	0.164122813679	0.147897840889	0.154808008707	0.0381198268661	0.0562685093781	0.154124585516	0.1489862556	0.0721138026173	0.0652289467689	0.0439668919432	0.155668615688	0.102386918774	0.103551269395
160502038-stool1.freeze11.snv.mod.fix.bam	0.105879970638	0.0665451692105	0.0	0.0668236008809	0.141088920951	0.0551800946668	0.122914926469	0.0571038043891	0.163970941858	0.0526995216038	0.152226187764	0.0692788619738	0.0314880907181	0.0736831447592	0.0601665527628	0.164451869289	0.14850532817	0.155086440378	0.0351583263725	0.0740881362796	0.152833675045	0.14888500772	0.0729237856582	0.0564203811983	0.0490545979194	0.152833675045	0.109778014023	0.112182651176
737052003-stool1.freeze11.snv.mod.fix.bam	0.0547497911762	0.0575341078796	0.0668236008809	0.0	0.0934771053231	0.0234641962184	0.0717088110968	0.0187814817627	0.123117422229	0.0366264206343	0.105677474878	0.0716075632166	0.0226542131774	0.0761637178222	0.0447768749842	0.122307439188	0.101197256182	0.110638621004	0.026451008682	0.0368036044245	0.112056091326	0.104006884856	0.063608980687	0.0682157592325	0.0317412104184	0.110917052674	0.0571291163591	0.0560913255879
764143897-stool1.freeze11.snv.mod.fix.bam	0.116232566381	0.141392664591	0.141088920951	0.0934771053231	0.0	0.0896803098185	0.0466752727365	0.0769737008631	0.168628344344	0.104614372137	0.035563317893	0.141949527932	0.0584453388007	0.139570202749	0.108892095072	0.168248664794	0.143670741894	0.1572632698	0.0965145417268	0.100210089351	0.157997316931	0.0489533500392	0.141088920951	0.144379477055	0.0951223833751	0.15670640646	0.0715822512466	0.0742400080998
765034022-stool2.freeze11.snv.mod.fix.bam	0.0519148505328	0.0437137722429	0.0551800946668	0.0234641962184	0.0896803098185	0.0	0.0645708355481	0.0137190877566	0.115042903789	0.0249322904802	0.0997038499506	0.0610018477738	0.019793960564	0.0638621003873	0.0352848862227	0.112790138456	0.0988938669097	0.0703166527451	0.0237679398588	0.0331839927102	0.0727719138381	0.0980079479586	0.0500923886906	0.0550282228466	0.021515174526	0.0721138026173	0.0564456931683	0.0546738552662
765094712-stool3.freeze11.snv.mod.fix.bam	0.0915280836307	0.104664996077	0.122914926469	0.0717088110968	0.0466752727365	0.0645708355481	0.0	0.0450046827145	0.158655428152	0.0698357253145	0.0467765206166	0.121472144177	0.0464980889463	0.117675348672	0.0769990128332	0.155086440378	0.126433290303	0.146733490268	0.0700129091047	0.0764421494925	0.146075379047	0.0461437213658	0.110537373124	0.122535246918	0.0655833143494	0.145012276305	0.0588503303212	0.0599640570026
765640925-stool2.freeze11.snv.mod.fix.bam	0.04133444706	0.0392335535475	0.0571038043891	0.0187814817627	0.0769737008631	0.0137190877566	0.0450046827145	0.0	0.0904649808895	0.0200977042043	0.0870478649353	0.0596603133622	0.0199205204141	0.0625711899157	0.031386842838	0.102640038474	0.093401169413	0.103525957425	0.0169590199205	0.0216417343762	0.103348773635	0.0866681853849	0.0498645809603	0.0560913255879	0.0158959171792	0.103981572886	0.0450046827145	0.0434859645126
CCIS15704761ST-4-0.freeze11.snv.mod.fix.bam	0.142607639153	0.166729946592	0.163970941858	0.123117422229	0.168628344344	0.115042903789	0.158655428152	0.0904649808895	0.0	0.129394790797	0.176905358544	0.163692510188	0.0717341230668	0.16566684385	0.131445060369	0.10719619308	0.170172374516	0.168198040854	0.121219024477	0.130128837927	0.164679677019	0.171007669527	0.163186270787	0.167742425393	0.120940592806	0.165540284	0.124813324221	0.127673576834
CCIS90166425ST-4-0.freeze11.snv.mod.fix.bam	0.0524464019035	0.0464727769762	0.0526995216038	0.0366264206343	0.104614372137	0.0249322904802	0.0698357253145	0.0200977042043	0.129394790797	0.0	0.113751993318	0.0561419495279	0.0232110765181	0.0625205659756	0.0365504847242	0.126382666363	0.0963879818766	0.120586225226	0.0260207051915	0.0326018173994	0.118535955653	0.111322044195	0.0530538891842	0.0489533500392	0.0200977042043	0.119852178095	0.0665198572405	0.0668995367909
CCMD11006829ST-21-0.freeze11.snv.mod.fix.bam	0.127243273344	0.150580909712	0.152226187764	0.105677474878	0.035563317893	0.0997038499506	0.0467765206166	0.0870478649353	0.176905358544	0.113751993318	0.0	0.152099627914	0.0642417799377	0.146961297998	0.117801908523	0.178525324626	0.147214417698	0.164553117169	0.105069987597	0.111018300554	0.166856506442	0.0449287468044	0.151061837143	0.153441162326	0.103196901815	0.164553117169	0.0784671070949	0.0819095350191
CCMD88272491ST-21-0.freeze11.snv.mod.fix.bam	0.105702786848	0.0684941909029	0.0692788619738	0.0716075632166	0.141949527932	0.0610018477738	0.121472144177	0.0596603133622	0.163692510188	0.0561419495279	0.152099627914	0.0	0.0324246336092	0.0800617612069	0.0673045283114	0.158174500721	0.149517806971	0.153846153846	0.0494595894398	0.072746601868	0.153593034146	0.147467537398	0.0776065001139	0.0713797554864	0.0549016629964	0.152960234895	0.109398334472	0.111980155415
M3.3-V3.metaT.freeze11.snv.mod.fix.bam	0.0405497759891	0.0309818513175	0.0314880907181	0.0226542131774	0.0584453388007	0.019793960564	0.0464980889463	0.0199205204141	0.0717341230668	0.0232110765181	0.0642417799377	0.0324246336092	0.0	0.0367782924545	0.0287037740147	0.0699369731946	0.0614574632344	0.0658364340497	0.0170349558306	0.0273369276331	0.0653808185891	0.0625965018857	0.03303212089	0.030551547827	0.0219961019566	0.0658617460197	0.0450553066545	0.0448021869542
MH0246.freeze11.snv.mod.fix.bam	0.111271420255	0.0780621155745	0.0736831447592	0.0761637178222	0.139570202749	0.0638621003873	0.117675348672	0.0625711899157	0.16566684385	0.0625205659756	0.146961297998	0.0800617612069	0.0367782924545	0.0	0.0568506846888	0.163439390488	0.152757739135	0.152403371554	0.0558382058876	0.0804161287873	0.152934922925	0.142025463842	0.0658111220796	0.0698863492546	0.0536360644949	0.152757739135	0.110512061154	0.112587642696
MH0382.freeze11.snv.mod.fix.bam	0.0630521173463	0.0580403472802	0.0601665527628	0.0447768749842	0.108892095072	0.0352848862227	0.0769990128332	0.031386842838	0.131445060369	0.0365504847242	0.117801908523	0.0673045283114	0.0287037740147	0.0568506846888	0.0	0.127673576834	0.112132027236	0.124863948161	0.0351583263725	0.0432834687524	0.122687118738	0.114359480598	0.0319183942086	0.0602171767029	0.0331586807401	0.119928114005	0.0585972106209	0.058647834561
MMRS64281211ST-27-0-0.freeze11.snv.mod.fix.bam	0.141645784291	0.164122813679	0.164451869289	0.122307439188	0.168248664794	0.112790138456	0.155086440378	0.102640038474	0.10719619308	0.126382666363	0.178525324626	0.158174500721	0.0699369731946	0.163439390488	0.127673576834	0.0	0.172121396208	0.16548966006	0.120864656896	0.12362366163	0.161034753335	0.168932087984	0.161692864556	0.169539575265	0.119700306275	0.163641886248	0.121143088567	0.12385146936
O2.CD3-0-PT.freeze11.snv.mod.fix.bam	0.118611891564	0.147897840889	0.14850532817	0.101197256182	0.143670741894	0.0988938669097	0.126433290303	0.093401169413	0.170172374516	0.0963879818766	0.147214417698	0.149517806971	0.0614574632344	0.152757739135	0.112132027236	0.172121396208	0.0	0.161439744855	0.101602247703	0.104108132736	0.159389475283	0.149669678791	0.150429037892	0.150150606222	0.101273192093	0.159946338624	0.111296732225	0.113777305288
SZEY-39A.freeze11.snv.mod.fix.bam	0.134659680563	0.154808008707	0.155086440378	0.110638621004	0.1572632698	0.0703166527451	0.146733490268	0.103525957425	0.168198040854	0.120586225226	0.164553117169	0.153846153846	0.0658364340497	0.152403371554	0.124863948161	0.16548966006	0.161439744855	0.0	0.111600475865	0.119447186575	0.0503708203609	0.161338496975	0.151340268813	0.158807299972	0.109373022502	0.050396132331	0.120738097046	0.121674639937
T2D-109A.freeze11.snv.mod.fix.bam	0.0527754575139	0.0381198268661	0.0351583263725	0.026451008682	0.0965145417268	0.0237679398588	0.0700129091047	0.0169590199205	0.121219024477	0.0260207051915	0.105069987597	0.0494595894398	0.0170349558306	0.0558382058876	0.0351583263725	0.120864656896	0.101602247703	0.111600475865	0.0	0.0307793555572	0.109246462652	0.103399397575	0.0455615460551	0.0466246487964	0.021515174526	0.111119548434	0.0641911559977	0.0637608525072
T2D-51A.freeze11.snv.mod.fix.bam	0.0546232313261	0.0562685093781	0.0740881362796	0.0368036044245	0.100210089351	0.0331839927102	0.0764421494925	0.0216417343762	0.130128837927	0.0326018173994	0.111018300554	0.072746601868	0.0273369276331	0.0804161287873	0.0432834687524	0.12362366163	0.104108132736	0.119447186575	0.0307793555572	0.0	0.116738805781	0.107955552181	0.0648998911585	0.0731515933885	0.0312096590478	0.116586933961	0.0634064849267	0.0638114764472
T2D-78A.freeze11.snv.mod.fix.bam	0.134786240413	0.154124585516	0.152833675045	0.112056091326	0.157997316931	0.0727719138381	0.146075379047	0.103348773635	0.164679677019	0.118535955653	0.166856506442	0.153593034146	0.0653808185891	0.152934922925	0.122687118738	0.161034753335	0.159389475283	0.0503708203609	0.109246462652	0.116738805781	0.0	0.161794112436	0.14860657605	0.157642949351	0.108259295821	0.0302478041866	0.118586579593	0.119826866125
V1.CD25-4.freeze11.snv.mod.fix.bam	0.126028298782	0.1489862556	0.14888500772	0.104006884856	0.0489533500392	0.0980079479586	0.0461437213658	0.0866681853849	0.171007669527	0.111322044195	0.0449287468044	0.147467537398	0.0625965018857	0.142025463842	0.114359480598	0.168932087984	0.149669678791	0.161338496975	0.103399397575	0.107955552181	0.161794112436	0.0	0.145999443137	0.149922798491	0.100994760422	0.159870402713	0.0802642569671	0.0839851165616
V1.FI05.freeze11.snv.mod.fix.bam	0.100260713291	0.0721138026173	0.0729237856582	0.063608980687	0.141088920951	0.0500923886906	0.110537373124	0.0498645809603	0.163186270787	0.0530538891842	0.151061837143	0.0776065001139	0.03303212089	0.0658111220796	0.0319183942086	0.161692864556	0.150429037892	0.151340268813	0.0455615460551	0.0648998911585	0.14860657605	0.145999443137	0.0	0.072695977928	0.0476118156276	0.149644366821	0.100412585111	0.103298149695
V1.FI10.freeze11.snv.mod.fix.bam	0.108006176121	0.0652289467689	0.0564203811983	0.0682157592325	0.144379477055	0.0550282228466	0.122535246918	0.0560913255879	0.167742425393	0.0489533500392	0.153441162326	0.0713797554864	0.030551547827	0.0698863492546	0.0602171767029	0.169539575265	0.150150606222	0.158807299972	0.0466246487964	0.0731515933885	0.157642949351	0.149922798491	0.072695977928	0.0	0.048725542309	0.1572632698	0.111271420255	0.113422937707
V1.FI20.freeze11.snv.mod.fix.bam	0.0527754575139	0.0439668919432	0.0490545979194	0.0317412104184	0.0951223833751	0.021515174526	0.0655833143494	0.0158959171792	0.120940592806	0.0200977042043	0.103196901815	0.0549016629964	0.0219961019566	0.0536360644949	0.0331586807401	0.119700306275	0.101273192093	0.109373022502	0.021515174526	0.0312096590478	0.108259295821	0.100994760422	0.0476118156276	0.048725542309	0.0	0.10755056066	0.0581922191004	0.0581415951604
V1.UC55-4.freeze11.snv.mod.fix.bam	0.133849697522	0.155668615688	0.152833675045	0.110917052674	0.15670640646	0.0721138026173	0.145012276305	0.103981572886	0.165540284	0.119852178095	0.164553117169	0.152960234895	0.0658617460197	0.152757739135	0.119928114005	0.163641886248	0.159946338624	0.050396132331	0.111119548434	0.116586933961	0.0302478041866	0.159870402713	0.149644366821	0.1572632698	0.10755056066	0.0	0.117169109272	0.118206900043
halbarad-11-0-0.freeze11.snv.mod.fix.bam	0.0746196876503	0.102386918774	0.109778014023	0.0571291163591	0.0715822512466	0.0564456931683	0.0588503303212	0.0450046827145	0.124813324221	0.0665198572405	0.0784671070949	0.109398334472	0.0450553066545	0.110512061154	0.0585972106209	0.121143088567	0.111296732225	0.120738097046	0.0641911559977	0.0634064849267	0.118586579593	0.0802642569671	0.100412585111	0.111271420255	0.0581922191004	0.117169109272	0.0	0.00159465411193
halbarad-11-7-0.freeze11.snv.mod.fix.bam	0.07439187992	0.103551269395	0.112182651176	0.0560913255879	0.0742400080998	0.0546738552662	0.0599640570026	0.0434859645126	0.127673576834	0.0668995367909	0.0819095350191	0.111980155415	0.0448021869542	0.112587642696	0.058647834561	0.12385146936	0.113777305288	0.121674639937	0.0637608525072	0.0638114764472	0.119826866125	0.0839851165616	0.103298149695	0.113422937707	0.0581415951604	0.118206900043	0.00159465411193	0.0
