	103092734-subgingivalplaque3.freeze11.snv.mod.fix.bam	103092734-supragingivalplaque3.freeze11.snv.mod.fix.bam	147406386-subgingivalplaque2.freeze11.snv.mod.fix.bam	147406386-supragingivalplaque2.freeze11.snv.mod.fix.bam	147406386-supragingivalplaque3.freeze11.snv.mod.fix.bam	158114885-supragingivalplaque2.freeze11.snv.mod.fix.bam	158802708-supragingivalplaque2.freeze11.snv.mod.fix.bam	158802708-supragingivalplaque3.freeze11.snv.mod.fix.bam	158883629-supragingivalplaque1.freeze11.snv.mod.fix.bam	158883629-supragingivalplaque3.freeze11.snv.mod.fix.bam	159166850-supragingivalplaque2.freeze11.snv.mod.fix.bam	159207311-supragingivalplaque3.freeze11.snv.mod.fix.bam	159268001-supragingivalplaque1.freeze11.snv.mod.fix.bam	159268001-supragingivalplaque3.freeze11.snv.mod.fix.bam	159814214-supragingivalplaque1.freeze11.snv.mod.fix.bam	160158126-supragingivalplaque1.freeze11.snv.mod.fix.bam	160158126-supragingivalplaque2.freeze11.snv.mod.fix.bam	160178356-supragingivalplaque3.freeze11.snv.mod.fix.bam	160218816-buccalmucosa1.freeze11.snv.mod.fix.bam	160259276-supragingivalplaque1.freeze11.snv.mod.fix.bam	160319967-supragingivalplaque2.freeze11.snv.mod.fix.bam	160319967-supragingivalplaque3.freeze11.snv.mod.fix.bam	160582958-supragingivalplaque1.freeze11.snv.mod.fix.bam	160582958-supragingivalplaque2.freeze11.snv.mod.fix.bam	160582958-supragingivalplaque3.freeze11.snv.mod.fix.bam	275382046-supragingivalplaque2.freeze11.snv.mod.fix.bam	404239096-supragingivalplaque1.freeze11.snv.mod.fix.bam	404239096-supragingivalplaque2.freeze11.snv.mod.fix.bam	517810313-supragingivalplaque2.freeze11.snv.mod.fix.bam	533247696-supragingivalplaque1.freeze11.snv.mod.fix.bam	550534656-supragingivalplaque3.freeze11.snv.mod.fix.bam	604812005-supragingivalplaque1.freeze11.snv.mod.fix.bam	604812005-supragingivalplaque2.freeze11.snv.mod.fix.bam	604812005-supragingivalplaque3.freeze11.snv.mod.fix.bam	638754422-supragingivalplaque3.freeze11.snv.mod.fix.bam	650853796-supragingivalplaque1.freeze11.snv.mod.fix.bam	682102541-supragingivalplaque3.freeze11.snv.mod.fix.bam	686765762-supragingivalplaque3.freeze11.snv.mod.fix.bam	737052003-supragingivalplaque2.freeze11.snv.mod.fix.bam	763496533-supragingivalplaque1.freeze11.snv.mod.fix.bam	763496533-supragingivalplaque2.freeze11.snv.mod.fix.bam	763557224-supragingivalplaque3.freeze11.snv.mod.fix.bam	763860675-supragingivalplaque1.freeze11.snv.mod.fix.bam	763901136-supragingivalplaque2.freeze11.snv.mod.fix.bam	763901136-supragingivalplaque3.freeze11.snv.mod.fix.bam	763921366-supragingivalplaque3.freeze11.snv.mod.fix.bam	763982056-supragingivalplaque3.freeze11.snv.mod.fix.bam	764062976-supragingivalplaque2.freeze11.snv.mod.fix.bam	764062976-supragingivalplaque3.freeze11.snv.mod.fix.bam	764083206-supragingivalplaque1.freeze11.snv.mod.fix.bam	764305738-supragingivalplaque1.freeze11.snv.mod.fix.bam	764305738-supragingivalplaque2.freeze11.snv.mod.fix.bam	764366428-subgingivalplaque3.freeze11.snv.mod.fix.bam	764508039-supragingivalplaque1.freeze11.snv.mod.fix.bam	764508039-supragingivalplaque3.freeze11.snv.mod.fix.bam	764588959-supragingivalplaque2.freeze11.snv.mod.fix.bam	765013792-supragingivalplaque1.freeze11.snv.mod.fix.bam	765013792-supragingivalplaque2.freeze11.snv.mod.fix.bam	765013792-supragingivalplaque3.freeze11.snv.mod.fix.bam	765094712-supragingivalplaque1.freeze11.snv.mod.fix.bam	765094712-supragingivalplaque3.freeze11.snv.mod.fix.bam	765155402-subgingivalplaque3.freeze11.snv.mod.fix.bam	765155402-supragingivalplaque3.freeze11.snv.mod.fix.bam	765620695-supragingivalplaque1.freeze11.snv.mod.fix.bam	765640925-supragingivalplaque1.freeze11.snv.mod.fix.bam	861967750-supragingivalplaque2.freeze11.snv.mod.fix.bam
103092734-subgingivalplaque3.freeze11.snv.mod.fix.bam	0.0	0.000576570094057	0.19930875002	0.198486433556	0.198266979391	0.202272228423	0.191327566298	0.19093066664	0.192392579003	0.19234864822	0.146631915175	0.121083177582	0.173688728046	0.174676527796	0.197684285437	0.183286078935	0.183192756863	0.195537828723	0.201462294289	0.123364651494	0.193990686436	0.194659174602	0.172862916162	0.169464510864	0.171114211078	0.187965592564	0.170115136376	0.168173539812	0.167519576535	0.134341331149	0.137385118405	0.183161202109	0.183107104433	0.189045074594	0.174849682579	0.199740374331	0.166543638635	0.175632507389	0.139057212598	0.174366676088	0.173826318195	0.182386552409	0.164840442039	0.205070234535	0.203999834963	0.152003546106	0.15139826828	0.1388075114	0.138457603667	0.162719599721	0.195420029501	0.195071792088	0.120369248355	0.208011548253	0.20440709491	0.137843909195	0.154772605337	0.151794577015	0.153358603945	0.151266380281	0.150771897824	0.184586281738	0.185076197938	0.11553715158	0.193185303151	0.184803571758
103092734-supragingivalplaque3.freeze11.snv.mod.fix.bam	0.000576570094057	0.0	0.200006066853	0.199072804106	0.199215724432	0.20297275766	0.19143071845	0.191179765662	0.192947939527	0.192616088746	0.147674877912	0.122289421245	0.174474927372	0.175625530836	0.198222542604	0.183967875294	0.184387236217	0.195885810091	0.202106779887	0.124296194743	0.196211350649	0.196823479392	0.174369769943	0.170815214056	0.172382370328	0.188930593262	0.171243302034	0.169289891626	0.168576454435	0.135114369385	0.138774991512	0.184991908755	0.184411894141	0.190293574353	0.175237761111	0.200271616574	0.167928489605	0.176775664357	0.140496538918	0.175691873603	0.175229892472	0.183341403085	0.166183038443	0.205904653954	0.205697390519	0.152248221143	0.153691971373	0.138871823132	0.138563475904	0.163695172368	0.196019540035	0.195670392835	0.121546323364	0.208948198186	0.205859971171	0.138663178942	0.156732236135	0.153858322789	0.155239151519	0.15243067391	0.151875933684	0.185965963336	0.186428508387	0.115973262379	0.193998231921	0.186413879785
147406386-subgingivalplaque2.freeze11.snv.mod.fix.bam	0.19930875002	0.200006066853	0.0	0.000962834261585	0.000693546610884	0.230302275621	0.166989835159	0.166121916424	0.224616541801	0.225199565644	0.187530799121	0.185171559897	0.217510147676	0.219027099703	0.00397178324411	0.206322771706	0.208018753535	0.171662088009	0.228899489755	0.195522674717	0.204811869231	0.205112875992	0.204338654692	0.200836378312	0.202532956646	0.219274570041	0.162431533344	0.160390122714	0.198048159915	0.194950478007	0.187171886064	0.188086942107	0.187830940185	0.202577674211	0.205243377863	0.228959382655	0.198855906437	0.190841256318	0.193391373268	0.202950347983	0.202600256878	0.222367732765	0.195848950036	0.240558207604	0.240196045878	0.193495888625	0.205970535384	0.201825916276	0.201292231829	0.180703273017	0.225908377132	0.225822452416	0.195823367375	0.242117659325	0.238686435231	0.199394453554	0.203178184614	0.200473124221	0.20133068566	0.201818213329	0.201465950361	0.200876638491	0.202037667915	0.187839282364	0.21907770657	0.175727425153
147406386-supragingivalplaque2.freeze11.snv.mod.fix.bam	0.198486433556	0.199072804106	0.000962834261585	0.0	0.00117762670896	0.229141743881	0.166448547218	0.165577347341	0.223716745056	0.224352990095	0.186615445245	0.184585339155	0.216318847189	0.217834699445	0.0041284220578	0.205272391774	0.206907374231	0.170817596642	0.227874101807	0.194727114454	0.204204636428	0.204536863735	0.202981251146	0.199482897037	0.201214109753	0.21809933212	0.161630509313	0.159463498829	0.196767250906	0.193813728383	0.186111180126	0.186963005069	0.18669869412	0.201310164449	0.204134960435	0.227846354528	0.197521274636	0.189661756109	0.192155205617	0.201827791844	0.201450408518	0.221194214042	0.19452776452	0.239256161248	0.23896854167	0.19251835335	0.204607823752	0.200648611907	0.200107227053	0.179921335297	0.224762731151	0.224653750824	0.19460564612	0.240946747428	0.237522247386	0.197931282045	0.201798139815	0.198976717912	0.199871449635	0.200507031815	0.200143545406	0.199884545758	0.201354645838	0.186639325816	0.218131383857	0.175047339731
147406386-supragingivalplaque3.freeze11.snv.mod.fix.bam	0.198266979391	0.199215724432	0.000693546610884	0.00117762670896	0.0	0.229309051135	0.16556646976	0.165064664186	0.223462603633	0.224176107608	0.186668749362	0.184156917165	0.216569370268	0.21790057185	0.00400648564447	0.205710258981	0.206808863832	0.169801390605	0.227419396863	0.19466408597	0.204175788445	0.20451309733	0.202578958766	0.199293099132	0.201056165369	0.21851317607	0.161121887648	0.15964739554	0.196705017821	0.193924151833	0.184812086312	0.186706288137	0.186993834318	0.201665428133	0.204313541033	0.228334048947	0.197650679005	0.189121213243	0.192252929663	0.202571029601	0.202242840122	0.221237122982	0.194587134686	0.239117912769	0.237525459799	0.192570973303	0.204449510566	0.201091298016	0.200601771724	0.179806225924	0.224461030313	0.224362095006	0.194131491539	0.240523075985	0.236870051536	0.198131558051	0.20189003029	0.198907510843	0.199996910549	0.200524784389	0.2002242087	0.19957808144	0.200026375802	0.186668095447	0.217748253276	0.173216518476
158114885-supragingivalplaque2.freeze11.snv.mod.fix.bam	0.202272228423	0.20297275766	0.230302275621	0.229141743881	0.229309051135	0.0	0.223133157667	0.222225673488	0.155443251521	0.15476857225	0.204862094016	0.21070192914	0.160182151423	0.16143546578	0.228801708405	0.191280567215	0.191505333206	0.229946758722	0.158841106857	0.205269755015	0.202129545087	0.202631045892	0.186051548081	0.188263818407	0.186817959675	0.0960529943261	0.207653758513	0.202165725925	0.189846275463	0.197481718322	0.194196379186	0.195657586967	0.194768319708	0.1883390285	0.176485384312	0.0467136240133	0.186086260981	0.195598550138	0.192300922493	0.18569465902	0.185290167005	0.177847446043	0.188198238882	0.136770270317	0.136515849171	0.208487396902	0.18778490812	0.192824456944	0.192316234618	0.206453592927	0.18023096029	0.180110695373	0.187588730113	0.139222221853	0.137300565675	0.19541231742	0.188927908173	0.185854863028	0.187683377036	0.195217166768	0.194776898755	0.195073272841	0.196756561116	0.195288211873	0.180148864845	0.195026987841
158802708-supragingivalplaque2.freeze11.snv.mod.fix.bam	0.191327566298	0.19143071845	0.166989835159	0.166448547218	0.16556646976	0.223133157667	0.0	0.000811948332683	0.216308689675	0.215726529541	0.174918260322	0.175437891926	0.20756357214	0.209333833538	0.165572219923	0.193053556475	0.19236205586	0.175613248452	0.218814457096	0.18890111771	0.188188612236	0.188615171607	0.197685906192	0.194407037155	0.196113433977	0.217177321345	0.157805562614	0.156676995849	0.191858474492	0.184469110358	0.177797175632	0.176262776806	0.175820256621	0.192094639913	0.201629609467	0.225219942014	0.193355798505	0.180479009619	0.18579036637	0.199785604897	0.198928572584	0.20559016238	0.189727570834	0.231971403446	0.232356375209	0.183693471455	0.199481481419	0.184742533594	0.184543356779	0.144917546199	0.210974917786	0.211003029479	0.180637246007	0.234575143496	0.231653974876	0.182496855795	0.18684744555	0.184533525382	0.185634298273	0.186216072844	0.185659004651	0.184798508471	0.185589270894	0.174612154295	0.212753377302	0.170901358074
158802708-supragingivalplaque3.freeze11.snv.mod.fix.bam	0.19093066664	0.191179765662	0.166121916424	0.165577347341	0.165064664186	0.222225673488	0.000811948332683	0.0	0.213865233758	0.214162313347	0.174731004869	0.175585265603	0.207820664417	0.209118073765	0.164761508696	0.191773528365	0.192885393299	0.174507608041	0.216412631768	0.187570035077	0.188121378217	0.188703926644	0.197128113331	0.19360635889	0.19526535451	0.21626294019	0.159395622967	0.156178804873	0.190884677544	0.184175268534	0.177946270149	0.177665232323	0.176082566985	0.191587100104	0.19947427123	0.224121126542	0.193309024633	0.180641309328	0.18536543707	0.199541977884	0.19891385002	0.205644111231	0.188997113602	0.232501370853	0.231170881841	0.182758112452	0.198711800637	0.184651951594	0.184371601287	0.145684295835	0.210395750335	0.210385180967	0.180441829838	0.233073157249	0.230265350557	0.182204972771	0.187159455068	0.184629996664	0.185747944065	0.185297485605	0.184767507768	0.184319368965	0.185589776046	0.176795978976	0.21194509917	0.171149427456
158883629-supragingivalplaque1.freeze11.snv.mod.fix.bam	0.192392579003	0.192947939527	0.224616541801	0.223716745056	0.223462603633	0.155443251521	0.216308689675	0.213865233758	0.0	0.00108375088762	0.200735337715	0.203470231042	0.171143423759	0.172185003807	0.223054644236	0.18111362922	0.181928131418	0.225153434061	0.157493388483	0.194955636694	0.197909004624	0.198383143538	0.184128632288	0.188690368759	0.185746086692	0.151680442216	0.211428995706	0.205247477779	0.195139974706	0.193204914949	0.188975493905	0.191551293653	0.19062764824	0.183311378666	0.181672084147	0.1511889417	0.189106268439	0.192606152107	0.189220640773	0.184169825296	0.183780497782	0.165164900693	0.189819523772	0.148873242975	0.147591491693	0.194726466167	0.192621291236	0.185432892306	0.185006472398	0.195603922382	0.174483961471	0.174319900107	0.180947740969	0.149538929267	0.148411290883	0.185375200321	0.19322137379	0.190270938894	0.191829907595	0.184919787322	0.184387426689	0.193181261193	0.193720745372	0.189478668846	0.170145224963	0.193429416689
158883629-supragingivalplaque3.freeze11.snv.mod.fix.bam	0.19234864822	0.192616088746	0.225199565644	0.224352990095	0.224176107608	0.15476857225	0.215726529541	0.214162313347	0.00108375088762	0.0	0.201732960194	0.203289190809	0.170693097745	0.172118419572	0.223541699714	0.180706847843	0.1808810767	0.225858205574	0.157339455206	0.195171999722	0.198993704611	0.19947069646	0.184390180889	0.189130962874	0.186268878495	0.150694314892	0.210576464632	0.205518877333	0.195513923714	0.193924642994	0.189339399283	0.19188773747	0.190786415978	0.184025253993	0.182255407981	0.150584527163	0.189863220962	0.193454192775	0.189852314796	0.184051923445	0.183718350225	0.164989925476	0.190460419654	0.147556434897	0.147152544351	0.195803502653	0.193087236147	0.18518674987	0.184895693197	0.195427614597	0.174860967022	0.17469376201	0.181228230548	0.148717562845	0.148034706275	0.185527953815	0.193327041392	0.19048729532	0.192095980729	0.185230981193	0.184926047786	0.19360613019	0.193964889126	0.189674430919	0.17055812582	0.193685610116
159166850-supragingivalplaque2.freeze11.snv.mod.fix.bam	0.146631915175	0.147674877912	0.187530799121	0.186615445245	0.186668749362	0.204862094016	0.174918260322	0.174731004869	0.200735337715	0.201732960194	0.0	0.140447241876	0.174769567072	0.175713242988	0.185550697179	0.188059905125	0.189895746075	0.188378100428	0.208773354965	0.15473480706	0.187546057339	0.18818423874	0.173693688253	0.16823963747	0.170428830596	0.194969092686	0.166352780833	0.163383676965	0.165277227205	0.083051235016	0.145947624487	0.174244143412	0.17448812338	0.182585161825	0.177064721584	0.203449597525	0.165360736872	0.127746154394	0.14818469756	0.170694525172	0.1703467119	0.195389415212	0.163420677357	0.213969059476	0.212279873021	0.155907534521	0.172230076612	0.155268651465	0.154603070208	0.156266157026	0.203185570347	0.203112716563	0.157176128885	0.214845968445	0.211646562718	0.15110718704	0.169432834983	0.166801567694	0.168326920956	0.160298427384	0.160051257767	0.183802975295	0.185454434832	0.146394680476	0.20348855591	0.172224840478
159207311-supragingivalplaque3.freeze11.snv.mod.fix.bam	0.121083177582	0.122289421245	0.185171559897	0.184585339155	0.184156917165	0.21070192914	0.175437891926	0.175585265603	0.203470231042	0.203289190809	0.140447241876	0.0	0.17521669803	0.176068349306	0.183713107809	0.192510006809	0.195049558128	0.190335311524	0.213201129718	0.119996429218	0.19028320834	0.190672398917	0.189221833098	0.185879229507	0.187302776451	0.194389440826	0.168740817304	0.166096238709	0.183373789096	0.132784468326	0.135704980383	0.180199020137	0.18005105084	0.191398368081	0.191290550632	0.207868131301	0.171129196318	0.172283595133	0.148034579499	0.174719644627	0.174292541726	0.200308432973	0.180905287671	0.221185821635	0.220593290363	0.151132378487	0.184391358159	0.151400712523	0.151109190604	0.147820593365	0.210316342475	0.210146031775	0.157895680183	0.22231305869	0.219608844241	0.165662476435	0.180355127828	0.177388347356	0.178802875382	0.172710870251	0.172735792693	0.190544366357	0.190533600871	0.143490259443	0.203549030317	0.180030724037
159268001-supragingivalplaque1.freeze11.snv.mod.fix.bam	0.173688728046	0.174474927372	0.217510147676	0.216318847189	0.216569370268	0.160182151423	0.20756357214	0.207820664417	0.171143423759	0.170693097745	0.174769567072	0.17521669803	0.0	0.00156981468856	0.215779592067	0.183074834336	0.182422511509	0.21936115587	0.16524665135	0.176402703265	0.197452545549	0.197957542993	0.173172187843	0.173989548263	0.17321926842	0.156029264555	0.195817014946	0.190059958171	0.175705078726	0.168149752664	0.153906793002	0.186777978616	0.185175985741	0.184607831637	0.17186848062	0.16081111033	0.173791103768	0.182899316892	0.175190648497	0.179076711616	0.178615597341	0.174929670026	0.172401060004	0.166664988929	0.165907858247	0.189102891026	0.176165978933	0.171914237943	0.171601964223	0.187535827519	0.181101642798	0.181063924185	0.164530393798	0.169260589325	0.166340797038	0.173960848835	0.177899259721	0.174365587582	0.17656266789	0.17568409923	0.175189892609	0.191951285266	0.192679865267	0.174926428252	0.174838046567	0.185650125095
159268001-supragingivalplaque3.freeze11.snv.mod.fix.bam	0.174676527796	0.175625530836	0.219027099703	0.217834699445	0.21790057185	0.16143546578	0.209333833538	0.209118073765	0.172185003807	0.172118419572	0.175713242988	0.176068349306	0.00156981468856	0.0	0.217456757881	0.184571473318	0.184296111172	0.220255515284	0.167278299986	0.178143804842	0.198168421407	0.198679017173	0.174982953639	0.175400326185	0.174629897798	0.157515525723	0.197781057796	0.191919187446	0.177051025521	0.169175307771	0.155312203475	0.188102249098	0.186545758833	0.185347027551	0.173223072505	0.162430179156	0.175016746537	0.183658811627	0.176782737677	0.180019102578	0.179599402655	0.176462011212	0.173840627055	0.169504780831	0.168328004522	0.190173882556	0.177458728992	0.173303718471	0.172852294232	0.188733703244	0.183186881533	0.183051529432	0.166341460335	0.17177831489	0.168694732594	0.174700285212	0.179421757239	0.175723592721	0.177977418047	0.176986378317	0.176421626995	0.193790365712	0.19446304543	0.176738363469	0.176325642359	0.18666289236
159814214-supragingivalplaque1.freeze11.snv.mod.fix.bam	0.197684285437	0.198222542604	0.00397178324411	0.0041284220578	0.00400648564447	0.228801708405	0.165572219923	0.164761508696	0.223054644236	0.223541699714	0.185550697179	0.183713107809	0.215779592067	0.217456757881	0.0	0.204791286943	0.206360645566	0.170084642755	0.227228703072	0.19395169687	0.202980774666	0.203292474073	0.202134355351	0.198727559266	0.20041865868	0.217861307148	0.1608779026	0.158940493291	0.196392211671	0.192746674357	0.185698274173	0.185652517829	0.185446994431	0.200426229627	0.203585997714	0.227276060442	0.197214241347	0.188725790557	0.191252358044	0.201418373332	0.201047976755	0.220614138205	0.194094399882	0.238743750653	0.238529756453	0.191707299081	0.204130263935	0.199966664808	0.199516330443	0.179263051734	0.224213332347	0.224127127941	0.193352170674	0.240334503387	0.236906793116	0.197778749908	0.201123248638	0.198437152118	0.199448247837	0.20018973767	0.199821533058	0.199509536908	0.201015147348	0.185850405622	0.217429382117	0.173980803953
160158126-supragingivalplaque1.freeze11.snv.mod.fix.bam	0.183286078935	0.183967875294	0.206322771706	0.205272391774	0.205710258981	0.191280567215	0.193053556475	0.191773528365	0.18111362922	0.180706847843	0.188059905125	0.192510006809	0.183074834336	0.184571473318	0.204791286943	0.0	0.000586814263374	0.199369866509	0.173464791404	0.176053179827	0.185282031303	0.185898738559	0.192345332447	0.193683243799	0.19217377705	0.190333022116	0.182452496102	0.176532891654	0.195560657579	0.187654315328	0.171647380612	0.181563095919	0.181107258023	0.17670903995	0.168881545628	0.191079626763	0.195359148353	0.18321733651	0.178586092505	0.191826255092	0.1912430059	0.15235976885	0.192950399571	0.2001524482	0.199978736339	0.182196119936	0.19122895856	0.177938240228	0.177596099667	0.18528851811	0.150541898908	0.15048637828	0.172442302423	0.201808746967	0.198181940745	0.174399622641	0.194574705904	0.190950174206	0.192454788541	0.181671925594	0.181218275244	0.176080375555	0.177282251068	0.180309869106	0.184040372621	0.177551140949
160158126-supragingivalplaque2.freeze11.snv.mod.fix.bam	0.183192756863	0.184387236217	0.208018753535	0.206907374231	0.206808863832	0.191505333206	0.19236205586	0.192885393299	0.181928131418	0.1808810767	0.189895746075	0.195049558128	0.182422511509	0.184296111172	0.206360645566	0.000586814263374	0.0	0.199695957016	0.174035437718	0.177238003703	0.186235497915	0.186874630891	0.192373236052	0.19450883711	0.19289933724	0.190457659665	0.180238158839	0.175716512785	0.196962771094	0.189119125192	0.170494931859	0.181590835174	0.18118048646	0.177198969544	0.168688415659	0.1906651	0.195969735582	0.183898497922	0.178302448566	0.192567351967	0.191819575802	0.151677029634	0.194235850749	0.198412117658	0.198997825441	0.18282993789	0.19278177549	0.177459931221	0.177007459238	0.186324873043	0.150072813121	0.150019810342	0.17229330276	0.201883679136	0.197381039849	0.174577551642	0.195609825628	0.191759016807	0.193427955598	0.181393361232	0.180814802872	0.176530378104	0.177666184302	0.179891368164	0.18366243712	0.178156969398
160178356-supragingivalplaque3.freeze11.snv.mod.fix.bam	0.195537828723	0.195885810091	0.171662088009	0.170817596642	0.169801390605	0.229946758722	0.175613248452	0.174507608041	0.225153434061	0.225858205574	0.188378100428	0.190335311524	0.21936115587	0.220255515284	0.170084642755	0.199369866509	0.199695957016	0.0	0.224948760516	0.19334150668	0.208422563304	0.208828258511	0.206220981213	0.202756317992	0.203901002584	0.22631253347	0.144833187021	0.143142817566	0.202715762012	0.196065705237	0.186896204466	0.190262580701	0.190338125528	0.200845006919	0.207340335747	0.230210280329	0.203460848494	0.197302142115	0.188943833461	0.206761194572	0.206456208594	0.21767832214	0.199378536881	0.238438095072	0.239146808458	0.194660614503	0.206535342792	0.199834312359	0.199605366786	0.186501257023	0.222137597014	0.222079366116	0.188904207382	0.241067518972	0.238155841959	0.196568684345	0.209194807026	0.206334065135	0.207525854562	0.200049108354	0.199356786187	0.188218149161	0.190289845786	0.190475202195	0.217720706853	0.18084118527
160218816-buccalmucosa1.freeze11.snv.mod.fix.bam	0.201462294289	0.202106779887	0.228899489755	0.227874101807	0.227419396863	0.158841106857	0.218814457096	0.216412631768	0.157493388483	0.157339455206	0.208773354965	0.213201129718	0.16524665135	0.167278299986	0.227228703072	0.173464791404	0.174035437718	0.224948760516	0.0	0.202829367106	0.206226672816	0.206802797196	0.1922751062	0.198640731978	0.194976330267	0.162300532596	0.212173753595	0.204973104948	0.204040023197	0.200175693355	0.191533621131	0.191989295295	0.191282176052	0.17843755708	0.163747884806	0.157397056122	0.193019077459	0.1989514022	0.19367352215	0.191254951712	0.190653666052	0.161992957425	0.2017328694	0.135308857882	0.135891358954	0.198891804948	0.199705769784	0.196388483722	0.19595532073	0.201365103692	0.162885079486	0.162910472515	0.179502055142	0.137129490295	0.135642509354	0.194069209337	0.199385550574	0.195455281548	0.197878799558	0.191197620542	0.191113359661	0.191598458304	0.192196755906	0.194355738312	0.168438731228	0.196116610114
160259276-supragingivalplaque1.freeze11.snv.mod.fix.bam	0.123364651494	0.124296194743	0.195522674717	0.194727114454	0.19466408597	0.205269755015	0.18890111771	0.187570035077	0.194955636694	0.195171999722	0.15473480706	0.119996429218	0.176402703265	0.178143804842	0.19395169687	0.176053179827	0.177238003703	0.19334150668	0.202829367106	0.0	0.188617909545	0.189153797897	0.185139266592	0.184110849514	0.184671972429	0.191837852448	0.175821995573	0.171199183096	0.183831270782	0.143948411815	0.123984474083	0.178694591975	0.179027645925	0.186148541737	0.180704215786	0.203308241393	0.171808052379	0.176752110293	0.0855705535924	0.17351754595	0.172952582779	0.187956784907	0.181547956489	0.208867928272	0.210013501955	0.138681777635	0.182187034342	0.146054040445	0.145630182142	0.14493224396	0.200046382763	0.199917261707	0.150076719369	0.211406530066	0.209028567225	0.150262018542	0.185013318105	0.182242347649	0.183601237751	0.158488568094	0.157865457786	0.180786485694	0.180993247087	0.125172739843	0.193587211273	0.183173372474
160319967-supragingivalplaque2.freeze11.snv.mod.fix.bam	0.193990686436	0.196211350649	0.204811869231	0.204204636428	0.204175788445	0.202129545087	0.188188612236	0.188121378217	0.197909004624	0.198993704611	0.187546057339	0.19028320834	0.197452545549	0.198168421407	0.202980774666	0.185282031303	0.186235497915	0.208422563304	0.206226672816	0.188617909545	0.0	0.000796232238274	0.199244791997	0.200618719286	0.200052307249	0.194159595733	0.188979508578	0.184186989829	0.20186626595	0.190983095577	0.176969307444	0.172441570545	0.171254783044	0.182684660505	0.186445018962	0.200417498554	0.196957985485	0.175829585113	0.185745497552	0.201802203013	0.201231682908	0.201678235698	0.198906846503	0.209638400781	0.208252468109	0.193581835655	0.198841217512	0.190260364531	0.1896032045	0.175453935949	0.194008207674	0.193996435282	0.187928280174	0.210297078991	0.205948438586	0.192989510162	0.194249126647	0.191083679409	0.19289243727	0.196348013682	0.195482948438	0.167285184476	0.16698969823	0.177602977617	0.199650782032	0.167715652328
160319967-supragingivalplaque3.freeze11.snv.mod.fix.bam	0.194659174602	0.196823479392	0.205112875992	0.204536863735	0.20451309733	0.202631045892	0.188615171607	0.188703926644	0.198383143538	0.19947069646	0.18818423874	0.190672398917	0.197957542993	0.198679017173	0.203292474073	0.185898738559	0.186874630891	0.208828258511	0.206802797196	0.189153797897	0.000796232238274	0.0	0.199969455446	0.20132840584	0.200778573009	0.19468851507	0.189690438412	0.184882198915	0.202544756231	0.191540160432	0.17757819799	0.173104165706	0.171913116198	0.183394437046	0.187160440788	0.200808541565	0.19743064451	0.176627338233	0.186431250372	0.202212185835	0.20164678487	0.202145167284	0.199526221893	0.210059259165	0.208801167202	0.19413538399	0.199390785392	0.1907564153	0.190113439993	0.175915276795	0.194497192356	0.194497361883	0.188414762246	0.210774857802	0.206451481674	0.193561506102	0.194796502164	0.191645824009	0.193475267969	0.196891576222	0.195993614098	0.167781323007	0.167475596691	0.178226539659	0.20009486778	0.16839968761
160582958-supragingivalplaque1.freeze11.snv.mod.fix.bam	0.172862916162	0.174369769943	0.204338654692	0.202981251146	0.202578958766	0.186051548081	0.197685906192	0.197128113331	0.184128632288	0.184390180889	0.173693688253	0.189221833098	0.173172187843	0.174982953639	0.202134355351	0.192345332447	0.192373236052	0.206220981213	0.1922751062	0.185139266592	0.199244791997	0.199969455446	0.0	0.0336412997977	0.0243077141486	0.181328895518	0.176309730916	0.171001745951	0.0606437766383	0.166157802473	0.171362020183	0.167038610982	0.1668244083	0.169829992694	0.17858934731	0.184806004632	0.170767652253	0.17111828037	0.161691766801	0.170586249434	0.170173140296	0.186173664841	0.0530321847463	0.193957831366	0.192989441351	0.182821494678	0.099785638591	0.172480654023	0.172302749306	0.184406838333	0.195601143968	0.195688932726	0.165656733422	0.196757380501	0.194416147572	0.173664051812	0.105206109077	0.102835158173	0.104327326397	0.176122529843	0.175634545488	0.191232964427	0.192316435759	0.171459049769	0.15053496328	0.176005551183
160582958-supragingivalplaque2.freeze11.snv.mod.fix.bam	0.169464510864	0.170815214056	0.200836378312	0.199482897037	0.199293099132	0.188263818407	0.194407037155	0.19360635889	0.188690368759	0.189130962874	0.16823963747	0.185879229507	0.173989548263	0.175400326185	0.198727559266	0.193683243799	0.19450883711	0.202756317992	0.198640731978	0.184110849514	0.200618719286	0.20132840584	0.0336412997977	0.0	0.0171140569654	0.18363604483	0.171391753035	0.166133302666	0.0311303717247	0.167821816856	0.16936858495	0.174878398081	0.173594277091	0.178226653784	0.179726192032	0.18766397299	0.167229039207	0.176194622614	0.164734429761	0.166053767779	0.165775305489	0.19041083428	0.0239054024124	0.20151523473	0.20069879874	0.181251258575	0.0796337741649	0.170118269868	0.169887266756	0.18151381807	0.197758956916	0.197851551122	0.165043730968	0.203996761978	0.201657797833	0.169662645452	0.0864298071165	0.0843242466146	0.0854719143837	0.173540240298	0.17306880463	0.190318357106	0.19167121323	0.168036398457	0.177129669782	0.179382330486
160582958-supragingivalplaque3.freeze11.snv.mod.fix.bam	0.171114211078	0.172382370328	0.202532956646	0.201214109753	0.201056165369	0.186817959675	0.196113433977	0.19526535451	0.185746086692	0.186268878495	0.170428830596	0.187302776451	0.17321926842	0.174629897798	0.20041865868	0.19217377705	0.19289933724	0.203901002584	0.194976330267	0.184671972429	0.200052307249	0.200778573009	0.0243077141486	0.0171140569654	0.0	0.182535560401	0.173916744263	0.168470661274	0.0449279562075	0.165803887896	0.170487344802	0.169723285132	0.168774439393	0.172799607073	0.179022558526	0.185974660401	0.168763646326	0.173366146781	0.162352461719	0.168011076762	0.167684953892	0.187776255061	0.0377061394601	0.198059276809	0.197252279078	0.182127640434	0.0893854306067	0.171236862934	0.171020200259	0.182773051934	0.196154561483	0.196230253538	0.165225042943	0.200498037217	0.198155079831	0.171719508501	0.0958749478125	0.0935326002799	0.0947248301063	0.174694983115	0.174170239337	0.190217395252	0.191595968798	0.16980744916	0.164453351432	0.177221875298
275382046-supragingivalplaque2.freeze11.snv.mod.fix.bam	0.187965592564	0.188930593262	0.219274570041	0.21809933212	0.21851317607	0.0960529943261	0.217177321345	0.21626294019	0.151680442216	0.150694314892	0.194969092686	0.194389440826	0.156029264555	0.157515525723	0.217861307148	0.190333022116	0.190457659665	0.22631253347	0.162300532596	0.191837852448	0.194159595733	0.19468851507	0.181328895518	0.18363604483	0.182535560401	0.0	0.197392894063	0.192113879568	0.185774899519	0.186179102389	0.184222553243	0.191448161444	0.191599083329	0.186201019197	0.174088724241	0.0848443590978	0.185101839794	0.189642759908	0.184377093952	0.179652583461	0.179241632585	0.180964540456	0.183262920246	0.143934285313	0.143872730063	0.195064676749	0.184841058303	0.182953396723	0.182542619755	0.196966883408	0.179866908937	0.179907104528	0.184603200427	0.147085455798	0.14531564844	0.189953032512	0.187231746167	0.18441141293	0.186223661654	0.193381557183	0.192700443813	0.191818799812	0.19205051337	0.18751597157	0.179788418815	0.192614276914
404239096-supragingivalplaque1.freeze11.snv.mod.fix.bam	0.170115136376	0.171243302034	0.162431533344	0.161630509313	0.161121887648	0.207653758513	0.157805562614	0.159395622967	0.211428995706	0.210576464632	0.166352780833	0.168740817304	0.195817014946	0.197781057796	0.1608779026	0.182452496102	0.180238158839	0.144833187021	0.212173753595	0.175821995573	0.188979508578	0.189690438412	0.176309730916	0.171391753035	0.173916744263	0.197392894063	0.0	0.000779692537283	0.166935280065	0.175330536063	0.164412183459	0.173530375823	0.1735649768	0.187198788561	0.188554721439	0.205807411683	0.180807408732	0.178033394252	0.166580044233	0.177391098631	0.176467523967	0.204607713826	0.164474129073	0.219851405018	0.219363814879	0.173879508336	0.173728807897	0.177773988205	0.177260952614	0.167765433719	0.209119028642	0.209005666183	0.176477112405	0.223100508822	0.219373672807	0.172464801304	0.175641076904	0.172899520824	0.174264282448	0.177583755216	0.177183988711	0.183678159509	0.183658925466	0.16789988542	0.204792949105	0.167917140382
404239096-supragingivalplaque2.freeze11.snv.mod.fix.bam	0.168173539812	0.169289891626	0.160390122714	0.159463498829	0.15964739554	0.202165725925	0.156676995849	0.156178804873	0.205247477779	0.205518877333	0.163383676965	0.166096238709	0.190059958171	0.191919187446	0.158940493291	0.176532891654	0.175716512785	0.143142817566	0.204973104948	0.171199183096	0.184186989829	0.184882198915	0.171001745951	0.166133302666	0.168470661274	0.192113879568	0.000779692537283	0.0	0.162814580139	0.17154583473	0.161415678947	0.168803187175	0.168479383635	0.180983498237	0.181664228136	0.200528924931	0.176364041819	0.17297687098	0.161628383284	0.173247214286	0.172506221412	0.199945512402	0.159787404873	0.215684991859	0.214603047544	0.169522070317	0.169088983592	0.173244386731	0.17269629391	0.163038098735	0.203266524034	0.203177797356	0.173194904599	0.217263602527	0.213585909449	0.168917562314	0.171304217678	0.168397843889	0.169828015045	0.171403724612	0.17133685569	0.177482911435	0.177853420965	0.165888963287	0.198478931872	0.163121574101
517810313-supragingivalplaque2.freeze11.snv.mod.fix.bam	0.167519576535	0.168576454435	0.198048159915	0.196767250906	0.196705017821	0.189846275463	0.191858474492	0.190884677544	0.195139974706	0.195513923714	0.165277227205	0.183373789096	0.175705078726	0.177051025521	0.196392211671	0.195560657579	0.196962771094	0.202715762012	0.204040023197	0.183831270782	0.20186626595	0.202544756231	0.0606437766383	0.0311303717247	0.0449279562075	0.185774899519	0.166935280065	0.162814580139	0.0	0.169832694638	0.168815024951	0.185413775787	0.183923365332	0.189182894746	0.182415511952	0.190378059855	0.160533675577	0.180873960897	0.169390508166	0.158506155885	0.158402466734	0.194655279435	0.00779121376431	0.206728638599	0.205503688192	0.18041369364	0.0684239322442	0.16769021653	0.167442892417	0.180388224047	0.201086375024	0.201091915769	0.16524167199	0.208944080893	0.206666519998	0.168425746492	0.0767056702567	0.0753431542652	0.0761321392235	0.172227348391	0.171743156516	0.192466000946	0.194177547699	0.167196918421	0.198030593602	0.183969253866
533247696-supragingivalplaque1.freeze11.snv.mod.fix.bam	0.134341331149	0.135114369385	0.194950478007	0.193813728383	0.193924151833	0.197481718322	0.184469110358	0.184175268534	0.193204914949	0.193924642994	0.083051235016	0.132784468326	0.168149752664	0.169175307771	0.192746674357	0.187654315328	0.189119125192	0.196065705237	0.200175693355	0.143948411815	0.190983095577	0.191540160432	0.166157802473	0.167821816856	0.165803887896	0.186179102389	0.175330536063	0.17154583473	0.169832694638	0.0	0.145571428223	0.162957909665	0.164224072849	0.169619025226	0.174737873221	0.195058707621	0.16763622683	0.12800499268	0.124247596828	0.169939085685	0.169412002906	0.188520537992	0.16822319969	0.205377243114	0.204593186424	0.142241231541	0.170467061594	0.147363447589	0.146721935701	0.154348490194	0.199296302862	0.199126984421	0.144620610204	0.207298145227	0.204372672021	0.14966920079	0.168191676286	0.165558514756	0.166953308922	0.149940234357	0.149722590343	0.185843145953	0.186605652034	0.145601847648	0.193679075127	0.169165115941
550534656-supragingivalplaque3.freeze11.snv.mod.fix.bam	0.137385118405	0.138774991512	0.187171886064	0.186111180126	0.184812086312	0.194196379186	0.177797175632	0.177946270149	0.188975493905	0.189339399283	0.145947624487	0.135704980383	0.153906793002	0.155312203475	0.185698274173	0.171647380612	0.170494931859	0.186896204466	0.191533621131	0.123984474083	0.176969307444	0.17757819799	0.171362020183	0.16936858495	0.170487344802	0.184222553243	0.164412183459	0.161415678947	0.168815024951	0.145571428223	0.0	0.1675782581	0.167847752693	0.173753716759	0.171353391528	0.19367462017	0.169348634021	0.169356165144	0.132480529675	0.167307199037	0.166817143714	0.179396348398	0.164502864668	0.201181808736	0.200508104022	0.143138683252	0.167263796548	0.152943189797	0.152594750321	0.147303679616	0.193724287693	0.193559839069	0.124159040809	0.20371149059	0.199722382745	0.131003029676	0.169703548686	0.166893726507	0.168285408552	0.132745472814	0.132340384167	0.178662513644	0.17834400359	0.11784215081	0.183787822204	0.170699987273
604812005-supragingivalplaque1.freeze11.snv.mod.fix.bam	0.183161202109	0.184991908755	0.188086942107	0.186963005069	0.186706288137	0.195657586967	0.176262776806	0.177665232323	0.191551293653	0.19188773747	0.174244143412	0.180199020137	0.186777978616	0.188102249098	0.185652517829	0.181563095919	0.181590835174	0.190262580701	0.191989295295	0.178694591975	0.172441570545	0.173104165706	0.167038610982	0.174878398081	0.169723285132	0.191448161444	0.173530375823	0.168803187175	0.185413775787	0.162957909665	0.1675782581	0.0	0.0414695540372	0.0690059973922	0.183729314648	0.197678798615	0.184403086793	0.122744624132	0.159107833918	0.184265857817	0.183346826184	0.187168830083	0.181138312602	0.201824886503	0.20056866364	0.176514755984	0.189692911897	0.184246812517	0.183809740956	0.155364611429	0.189928169295	0.189902690321	0.173381259116	0.204009569798	0.200735457001	0.176916168252	0.186547821013	0.183190711192	0.18482069891	0.178340132948	0.177889155445	0.174523096605	0.174706394397	0.165383748392	0.191832514431	0.129172930794
604812005-supragingivalplaque2.freeze11.snv.mod.fix.bam	0.183107104433	0.184411894141	0.187830940185	0.18669869412	0.186993834318	0.194768319708	0.175820256621	0.176082566985	0.19062764824	0.190786415978	0.17448812338	0.18005105084	0.185175985741	0.186545758833	0.185446994431	0.181107258023	0.18118048646	0.190338125528	0.191282176052	0.179027645925	0.171254783044	0.171913116198	0.1668244083	0.173594277091	0.168774439393	0.191599083329	0.1735649768	0.168479383635	0.183923365332	0.164224072849	0.167847752693	0.0414695540372	0.0	0.0750756822702	0.182786229948	0.197100252649	0.183817497305	0.11953142767	0.159997241781	0.184006712602	0.183115937038	0.185797177397	0.17955874292	0.200997657562	0.200039769453	0.17668159163	0.187848133559	0.183802536127	0.183418237984	0.152287651405	0.189658541734	0.189569850852	0.172226144436	0.203250363608	0.199802298872	0.17691673873	0.18451912657	0.181279054095	0.182874224419	0.177359477253	0.176795774102	0.173270113654	0.173945459197	0.166125710073	0.189699388064	0.124278427809
604812005-supragingivalplaque3.freeze11.snv.mod.fix.bam	0.189045074594	0.190293574353	0.202577674211	0.201310164449	0.201665428133	0.1883390285	0.192094639913	0.191587100104	0.183311378666	0.184025253993	0.182585161825	0.191398368081	0.184607831637	0.185347027551	0.200426229627	0.17670903995	0.177198969544	0.200845006919	0.17843755708	0.186148541737	0.182684660505	0.183394437046	0.169829992694	0.178226653784	0.172799607073	0.186201019197	0.187198788561	0.180983498237	0.189182894746	0.169619025226	0.173753716759	0.0690059973922	0.0750756822702	0.0	0.17850058981	0.190067278071	0.18819405003	0.142593415126	0.166298268411	0.187962607164	0.187134843406	0.178794398415	0.185195066143	0.191844612118	0.190576262687	0.182859737401	0.189445916309	0.186749384048	0.186207250478	0.171864518956	0.181022482236	0.180945700991	0.176591715641	0.193687144445	0.19081889178	0.182163794523	0.187815489744	0.184436028379	0.186224118034	0.18273591063	0.182081546821	0.181665721859	0.182170325008	0.175569820884	0.184892673727	0.153548190302
638754422-supragingivalplaque3.freeze11.snv.mod.fix.bam	0.174849682579	0.175237761111	0.205243377863	0.204134960435	0.204313541033	0.176485384312	0.201629609467	0.19947427123	0.181672084147	0.182255407981	0.177064721584	0.191290550632	0.17186848062	0.173223072505	0.203585997714	0.168881545628	0.168688415659	0.207340335747	0.163747884806	0.180704215786	0.186445018962	0.187160440788	0.17858934731	0.179726192032	0.179022558526	0.174088724241	0.188554721439	0.181664228136	0.182415511952	0.174737873221	0.171353391528	0.183729314648	0.182786229948	0.17850058981	0.0	0.178115715798	0.17380496408	0.177454288198	0.172221224511	0.171918875312	0.171366443944	0.173453459152	0.17864765173	0.180684162012	0.179021613687	0.177121912196	0.183066711353	0.174863462352	0.174322495649	0.184678940852	0.179942020114	0.179963131415	0.170475311003	0.182148466168	0.180262428342	0.17188208993	0.185587022654	0.181949797716	0.183742348823	0.180938833176	0.180586283719	0.183124126674	0.184547781337	0.179657106099	0.182051573348	0.179220274018
