	103092734-subgingivalplaque3.freeze11.snv.mod.fix.bam	103092734-supragingivalplaque3.freeze11.snv.mod.fix.bam	147406386-subgingivalplaque2.freeze11.snv.mod.fix.bam	147406386-supragingivalplaque2.freeze11.snv.mod.fix.bam	147406386-supragingivalplaque3.freeze11.snv.mod.fix.bam	158114885-supragingivalplaque2.freeze11.snv.mod.fix.bam	158802708-supragingivalplaque2.freeze11.snv.mod.fix.bam	158802708-supragingivalplaque3.freeze11.snv.mod.fix.bam	158883629-supragingivalplaque1.freeze11.snv.mod.fix.bam	158883629-supragingivalplaque3.freeze11.snv.mod.fix.bam	159166850-supragingivalplaque2.freeze11.snv.mod.fix.bam	159207311-supragingivalplaque3.freeze11.snv.mod.fix.bam	159268001-supragingivalplaque1.freeze11.snv.mod.fix.bam	159268001-supragingivalplaque3.freeze11.snv.mod.fix.bam	159814214-supragingivalplaque1.freeze11.snv.mod.fix.bam	160158126-supragingivalplaque1.freeze11.snv.mod.fix.bam	160158126-supragingivalplaque2.freeze11.snv.mod.fix.bam	160178356-supragingivalplaque3.freeze11.snv.mod.fix.bam	160218816-buccalmucosa1.freeze11.snv.mod.fix.bam	160259276-supragingivalplaque1.freeze11.snv.mod.fix.bam	160319967-supragingivalplaque2.freeze11.snv.mod.fix.bam	160319967-supragingivalplaque3.freeze11.snv.mod.fix.bam	160582958-supragingivalplaque1.freeze11.snv.mod.fix.bam	160582958-supragingivalplaque2.freeze11.snv.mod.fix.bam	160582958-supragingivalplaque3.freeze11.snv.mod.fix.bam	275382046-supragingivalplaque2.freeze11.snv.mod.fix.bam	404239096-supragingivalplaque1.freeze11.snv.mod.fix.bam	404239096-supragingivalplaque2.freeze11.snv.mod.fix.bam	517810313-supragingivalplaque2.freeze11.snv.mod.fix.bam	533247696-supragingivalplaque1.freeze11.snv.mod.fix.bam	550534656-supragingivalplaque3.freeze11.snv.mod.fix.bam	604812005-supragingivalplaque1.freeze11.snv.mod.fix.bam	604812005-supragingivalplaque2.freeze11.snv.mod.fix.bam	604812005-supragingivalplaque3.freeze11.snv.mod.fix.bam	638754422-supragingivalplaque3.freeze11.snv.mod.fix.bam	650853796-supragingivalplaque1.freeze11.snv.mod.fix.bam	682102541-supragingivalplaque3.freeze11.snv.mod.fix.bam	686765762-supragingivalplaque3.freeze11.snv.mod.fix.bam	737052003-supragingivalplaque2.freeze11.snv.mod.fix.bam	763496533-supragingivalplaque1.freeze11.snv.mod.fix.bam	763496533-supragingivalplaque2.freeze11.snv.mod.fix.bam	763557224-supragingivalplaque3.freeze11.snv.mod.fix.bam	763860675-supragingivalplaque1.freeze11.snv.mod.fix.bam	763901136-supragingivalplaque2.freeze11.snv.mod.fix.bam	763901136-supragingivalplaque3.freeze11.snv.mod.fix.bam	763921366-supragingivalplaque3.freeze11.snv.mod.fix.bam	763982056-supragingivalplaque3.freeze11.snv.mod.fix.bam	764062976-supragingivalplaque2.freeze11.snv.mod.fix.bam	764062976-supragingivalplaque3.freeze11.snv.mod.fix.bam	764083206-supragingivalplaque1.freeze11.snv.mod.fix.bam	764305738-supragingivalplaque1.freeze11.snv.mod.fix.bam	764305738-supragingivalplaque2.freeze11.snv.mod.fix.bam	764366428-subgingivalplaque3.freeze11.snv.mod.fix.bam	764508039-supragingivalplaque1.freeze11.snv.mod.fix.bam	764508039-supragingivalplaque3.freeze11.snv.mod.fix.bam	764588959-supragingivalplaque2.freeze11.snv.mod.fix.bam	765013792-supragingivalplaque1.freeze11.snv.mod.fix.bam	765013792-supragingivalplaque2.freeze11.snv.mod.fix.bam	765013792-supragingivalplaque3.freeze11.snv.mod.fix.bam	765094712-supragingivalplaque1.freeze11.snv.mod.fix.bam	765094712-supragingivalplaque3.freeze11.snv.mod.fix.bam	765155402-subgingivalplaque3.freeze11.snv.mod.fix.bam	765155402-supragingivalplaque3.freeze11.snv.mod.fix.bam	765620695-supragingivalplaque1.freeze11.snv.mod.fix.bam	765640925-supragingivalplaque1.freeze11.snv.mod.fix.bam	861967750-supragingivalplaque2.freeze11.snv.mod.fix.bam
103092734-subgingivalplaque3.freeze11.snv.mod.fix.bam	0.0	0.0	0.184207068716	0.183024569702	0.17676170455	0.187973547059	0.16160819866	0.17684929707	0.176236149433	0.172820041168	0.136425349275	0.112293610126	0.157973109096	0.161827179959	0.182542810844	0.169841895502	0.151316077607	0.182805588403	0.184469846275	0.114439626856	0.179433276398	0.180440590374	0.139184513643	0.154162834494	0.152192002803	0.172863837428	0.13546183156	0.15061533745	0.155476722288	0.12871720755	0.121622213463	0.116235273508	0.126439802041	0.139447291201	0.160513292165	0.18565234529	0.153724871896	0.118731660316	0.122454342399	0.16160819866	0.160294310866	0.169316340385	0.148819690798	0.169403932904	0.166644768537	0.141111549074	0.140673586476	0.129023781369	0.128454429992	0.147856173083	0.18131651557	0.180966145491	0.107957780406	0.19222178426	0.18131651557	0.127578504796	0.143213769544	0.138702754785	0.141549511672	0.139272106162	0.139578679981	0.169622914203	0.163622826611	0.0972276967547	0.178338369903	0.148206543161
103092734-supragingivalplaque3.freeze11.snv.mod.fix.bam	0.0	0.0	0.195594096264	0.19432400473	0.187185214383	0.199491963386	0.170630228179	0.187360399422	0.186922436824	0.182674199623	0.145272193755	0.12004554811	0.167739675032	0.172119301012	0.193667060833	0.180309201594	0.159681163229	0.193710857093	0.195725485044	0.122060176061	0.19209039548	0.193053913196	0.149082468357	0.164279770508	0.162396531336	0.183593921079	0.143345158323	0.160381903385	0.165549862042	0.136863311873	0.129111373889	0.124644155389	0.134892480182	0.148644505759	0.170148469321	0.196907984058	0.164104585468	0.126965357158	0.131126001839	0.172294486051	0.170893005737	0.180134016555	0.158673849253	0.17912670258	0.175272631717	0.149651819735	0.151184688828	0.136600534314	0.136031182937	0.15722857268	0.192353173039	0.192002802961	0.115227959532	0.204221959445	0.192265580519	0.135812201638	0.153418298077	0.148732098279	0.151622651426	0.1483817282	0.148775894539	0.180878552972	0.173345596286	0.102746025489	0.189506416152	0.156659221303
147406386-subgingivalplaque2.freeze11.snv.mod.fix.bam	0.184207068716	0.195594096264	0.0	0.0	0.0	0.227521569658	0.149520430955	0.163447641571	0.218762317698	0.214689265537	0.18569614155	0.182936977182	0.210309639557	0.215959357071	0.00153286909298	0.203433626768	0.18114133053	0.169710506723	0.222397407261	0.193141505715	0.201506591337	0.202207331494	0.179433276398	0.195287522446	0.193141505715	0.21403232164	0.136644330574	0.152498576622	0.195462707485	0.185433363991	0.175185039198	0.126790172119	0.138308588447	0.166075417159	0.200061314764	0.226163885604	0.195024744887	0.140367012657	0.181053738011	0.200105111024	0.19865983445	0.219331669075	0.18784215828	0.210441028336	0.205886217317	0.190995488985	0.203608811807	0.199579555906	0.19874742697	0.174309114002	0.222835369859	0.2227915736	0.186134104148	0.23790128323	0.224105461394	0.196338632681	0.199929925984	0.194849559848	0.197740112994	0.197564927955	0.198440853151	0.196119651382	0.188805675995	0.167564489993	0.214820654316	0.154338019533
147406386-supragingivalplaque2.freeze11.snv.mod.fix.bam	0.183024569702	0.19432400473	0.0	0.0	0.0	0.225857311786	0.148600709499	0.162484123856	0.217448429904	0.213375377743	0.184469846275	0.181885866947	0.208732974204	0.214382691718	0.00144527657338	0.201900757675	0.179696053957	0.168484211448	0.220908334428	0.191959006701	0.200499277362	0.201200017519	0.177593833487	0.193535672054	0.191477247843	0.212455656287	0.135549424079	0.151272281347	0.193798449612	0.183900494898	0.173739762624	0.125213506767	0.136556738055	0.164148381728	0.19861603819	0.224543423992	0.193360487014	0.138571366005	0.179389480138	0.198528445671	0.197083169097	0.217711207463	0.186177900407	0.208776770464	0.204221959445	0.189637804931	0.201813165156	0.198002890553	0.197214557877	0.173170411247	0.221171111987	0.221083519467	0.184688827574	0.236237025358	0.222484999781	0.194805763588	0.198134279333	0.193010116936	0.195900670083	0.195988262602	0.196864187798	0.194849559848	0.18766697324	0.166075417159	0.213419174003	0.153330705558
147406386-supragingivalplaque3.freeze11.snv.mod.fix.bam	0.17676170455	0.187185214383	0.0	0.0	0.0	0.217755003723	0.142688214426	0.156046073665	0.209258529322	0.205579643498	0.177725222266	0.174834669119	0.201243813778	0.206543161214	0.00144527657338	0.194937152367	0.173695966364	0.161214032322	0.212368063767	0.184732623834	0.193097709456	0.193798449612	0.171155783296	0.186309289187	0.184250864976	0.2051416809	0.130556650462	0.145885341392	0.186572066745	0.177243463408	0.167958656331	0.120790084527	0.131870538256	0.158411071694	0.191433451583	0.216747689747	0.186265492927	0.13309683353	0.172688652389	0.192002802961	0.190645118907	0.20969649192	0.179520868918	0.201418998818	0.199710944685	0.182630403364	0.194192615951	0.191126877765	0.190338545088	0.166819953576	0.212849822625	0.212762230106	0.177418648447	0.22717119958	0.215346209434	0.187404195682	0.190907896466	0.185915122849	0.188718083476	0.188674287216	0.189506416152	0.187272806902	0.181360311829	0.160381903385	0.20522927342	0.14846932072
158114885-supragingivalplaque2.freeze11.snv.mod.fix.bam	0.187973547059	0.199491963386	0.227521569658	0.225857311786	0.217755003723	0.0	0.20098103622	0.220076205492	0.151929225244	0.148162746901	0.204046774405	0.209389918101	0.155520518548	0.159812552008	0.225550737967	0.189418823632	0.167739675032	0.230149345246	0.15499496343	0.203959181886	0.199798537205	0.200762054921	0.167958656331	0.188192528358	0.185477160251	0.0938553847501	0.175929575614	0.193185301975	0.188323917137	0.188980861034	0.182674199623	0.138133403407	0.148031358122	0.141637104191	0.172995226208	0.04585468401	0.1834625323	0.141111549074	0.182323829545	0.183988087417	0.182542810844	0.176236149433	0.181535496869	0.12017693689	0.117373976262	0.206937327552	0.186440677966	0.191608636622	0.190864100206	0.200324092323	0.178732536241	0.178601147462	0.179258091359	0.137169885692	0.129374151447	0.193404283274	0.186791048044	0.181579293128	0.185170586432	0.19209039548	0.192834931897	0.191389655323	0.184688827574	0.175097446678	0.177506240967	0.162571716375
158802708-supragingivalplaque2.freeze11.snv.mod.fix.bam	0.16160819866	0.170630228179	0.149520430955	0.148600709499	0.142688214426	0.20098103622	0.0	8.75925195988e-05	0.192002802961	0.188805675995	0.157491350239	0.158060701616	0.184557438795	0.188280120878	0.147724784303	0.173608373845	0.156834406342	0.158673849253	0.194017430911	0.170148469321	0.168834581527	0.169579117943	0.158279682915	0.172119301012	0.17032365436	0.193229098235	0.1267025796	0.135593220339	0.172644856129	0.158892830552	0.151929225244	0.105767967416	0.113344720361	0.142775806946	0.17908290632	0.202776682871	0.172907633688	0.117242587483	0.158279682915	0.179652257697	0.178119388604	0.184820216354	0.166469583498	0.190732711426	0.183593921079	0.165374677003	0.179696053957	0.166688564797	0.166119213419	0.128147856173	0.189812989971	0.18985678623	0.156440240004	0.210703805895	0.198835019489	0.16371041913	0.168002452591	0.163535234091	0.166075417159	0.166688564797	0.166776157316	0.164367363027	0.158542460474	0.146498489029	0.190207156309	0.134323128805
158802708-supragingivalplaque3.freeze11.snv.mod.fix.bam	0.17684929707	0.187360399422	0.163447641571	0.162484123856	0.156046073665	0.220076205492	8.75925195988e-05	0.0	0.208732974204	0.204616125783	0.172863837428	0.173783558884	0.201375202558	0.206630753734	0.161389217361	0.189331231113	0.168309026409	0.173301800026	0.210835194674	0.18560854903	0.18556475277	0.186440677966	0.172863837428	0.188411509657	0.186528270486	0.211492138571	0.134366925065	0.148732098279	0.188805675995	0.174352910261	0.166776157316	0.116936013664	0.125125914247	0.155695703587	0.195024744887	0.221828055884	0.19003197127	0.130337669163	0.173214207507	0.197126965357	0.195462707485	0.203170849209	0.181710681908	0.204002978146	0.19865983445	0.180703367932	0.196732799019	0.182893180922	0.182323829545	0.140717382736	0.207988437787	0.207988437787	0.172075504752	0.229579993869	0.216835282267	0.179696053957	0.184601235055	0.179915035256	0.182805588403	0.181710681908	0.182367625805	0.180309201594	0.173695966364	0.157973109096	0.208251215346	0.146498489029
158883629-supragingivalplaque1.freeze11.snv.mod.fix.bam	0.176236149433	0.186922436824	0.218762317698	0.217448429904	0.209258529322	0.151929225244	0.192002802961	0.208732974204	0.0	0.0	0.197170761617	0.199185389568	0.16371041913	0.167958656331	0.216791486007	0.176630315771	0.156834406342	0.222266018482	0.151272281347	0.190732711426	0.192878728157	0.193667060833	0.166557176017	0.1877107695	0.184951605133	0.146410896509	0.17684929707	0.193798449612	0.190732711426	0.182630403364	0.175185039198	0.132702667192	0.142337844348	0.135111461481	0.175579205536	0.147549599264	0.183856698638	0.136863311873	0.176455130732	0.179783646477	0.178425962423	0.161082643542	0.180528182893	0.12884859633	0.125213506767	0.190382341348	0.188455305917	0.181535496869	0.180834756712	0.187053825603	0.17032365436	0.170148469321	0.170586431919	0.145228397495	0.138045810888	0.180659571673	0.188280120878	0.183199754741	0.186572066745	0.179301887619	0.179915035256	0.186922436824	0.179301887619	0.167301712434	0.164980510664	0.158892830552
158883629-supragingivalplaque3.freeze11.snv.mod.fix.bam	0.172820041168	0.182674199623	0.214689265537	0.213375377743	0.205579643498	0.148162746901	0.188805675995	0.204616125783	0.0	0.0	0.193973634652	0.194849559848	0.160250514606	0.164367363027	0.212674637586	0.172732448649	0.153987649455	0.218061577541	0.148250339421	0.187010029343	0.18985678623	0.190732711426	0.163535234091	0.184294661236	0.181579293128	0.142600621907	0.174002540183	0.189462619892	0.187141418123	0.179696053957	0.172031708492	0.130293872903	0.13971006876	0.133315814829	0.172250689791	0.143958305961	0.180659571673	0.134323128805	0.173345596286	0.175973371874	0.17470328034	0.157710331538	0.177418648447	0.126308413262	0.122936101257	0.187491788201	0.185039197653	0.177681426006	0.17693688959	0.18337493978	0.167301712434	0.167126527395	0.167126527395	0.141637104191	0.135023868962	0.177024482109	0.184688827574	0.179652257697	0.182893180922	0.176060964394	0.176717908291	0.183199754741	0.176104760653	0.165418473262	0.162133753777	0.156221258705
159166850-supragingivalplaque2.freeze11.snv.mod.fix.bam	0.136425349275	0.145272193755	0.18569614155	0.184469846275	0.177725222266	0.204046774405	0.157491350239	0.172863837428	0.197170761617	0.193973634652	0.0	0.139228309902	0.169973284282	0.174177725222	0.183593921079	0.187053825603	0.166951342355	0.189331231113	0.204484737003	0.153856260675	0.186134104148	0.187053825603	0.148907283318	0.164717733106	0.162484123856	0.191915210441	0.141155345334	0.156615425043	0.164192177988	0.0556650462051	0.137432663251	0.115403144571	0.126308413262	0.144308676039	0.173827355144	0.202426312793	0.163272456532	0.0797091928349	0.138220995927	0.169272544125	0.167958656331	0.19441159725	0.157797924057	0.188761879735	0.18333114352	0.15499496343	0.171593745894	0.154250427014	0.153418298077	0.151710243945	0.202075942714	0.201900757675	0.151359873867	0.212587045066	0.200192703543	0.149301449656	0.167871063811	0.163316252792	0.166469583498	0.157578942758	0.158367275435	0.180484386633	0.174265317742	0.131695353217	0.201594183857	0.146454692769
159207311-supragingivalplaque3.freeze11.snv.mod.fix.bam	0.112293610126	0.12004554811	0.182936977182	0.181885866947	0.174834669119	0.209389918101	0.158060701616	0.173783558884	0.199185389568	0.194849559848	0.139228309902	0.0	0.17023606184	0.174352910261	0.180922349231	0.190732711426	0.170849209478	0.19003197127	0.208251215346	0.118950641615	0.188236324618	0.189024657294	0.165374677003	0.181404108089	0.179608461437	0.190776507686	0.142863399466	0.158673849253	0.181973459467	0.135855997898	0.127534708536	0.120877677046	0.130819428021	0.15289274296	0.187579380721	0.206455568694	0.168746989007	0.123724433933	0.135155257741	0.173170411247	0.171768930933	0.19870363071	0.174440502781	0.194718171068	0.190250952569	0.150045986073	0.183243551001	0.150396356151	0.149827004774	0.143257565804	0.208601585425	0.208426400385	0.150921911269	0.219638242894	0.20737529015	0.16384180791	0.178425962423	0.173214207507	0.176411334472	0.169973284282	0.171111987036	0.187010029343	0.17903911006	0.128629615031	0.200718258661	0.154250427014
159268001-supragingivalplaque1.freeze11.snv.mod.fix.bam	0.157973109096	0.167739675032	0.210309639557	0.208732974204	0.201243813778	0.155520518548	0.184557438795	0.201375202558	0.16371041913	0.160250514606	0.169973284282	0.17023606184	0.0	8.75925195988e-05	0.208382604126	0.177506240967	0.15714098016	0.215039635615	0.157841720317	0.171287172076	0.191126877765	0.19204659922	0.15057154119	0.169009766566	0.166600972277	0.149783208514	0.164016992949	0.177812814786	0.170455043139	0.158717645513	0.141461919152	0.126220820742	0.134104147506	0.138002014628	0.164717733106	0.156089869925	0.167652082512	0.127490912276	0.163360049052	0.173652170105	0.172294486051	0.169579117943	0.162746901415	0.144440064818	0.140016642579	0.183550124819	0.171111987036	0.167214119914	0.166513379757	0.178294573643	0.175623001796	0.175579205536	0.153987649455	0.163622826611	0.153549686857	0.168352822669	0.172294486051	0.166644768537	0.17041124688	0.169272544125	0.169754302983	0.184163272457	0.177024482109	0.154644593352	0.168484211448	0.151491262646
159268001-supragingivalplaque3.freeze11.snv.mod.fix.bam	0.161827179959	0.172119301012	0.215959357071	0.214382691718	0.206543161214	0.159812552008	0.188280120878	0.206630753734	0.167958656331	0.164367363027	0.174177725222	0.174352910261	8.75925195988e-05	0.0	0.2140761179	0.182367625805	0.160951254763	0.220251390531	0.162790697674	0.176411334472	0.195725485044	0.196645206499	0.155257740989	0.173739762624	0.171287172076	0.153987649455	0.167214119914	0.183024569702	0.175097446678	0.162659308895	0.145491175054	0.129593132746	0.138045810888	0.141461919152	0.169316340385	0.160557088425	0.172075504752	0.131169798099	0.16822143389	0.177944203565	0.176498926992	0.174309114002	0.167257916174	0.148688302019	0.144483861078	0.188192528358	0.175710594315	0.171593745894	0.170893005737	0.182761792143	0.181097534271	0.181009941751	0.158454867954	0.168965970306	0.158630052993	0.172338282311	0.176980685849	0.171243375816	0.175097446678	0.173652170105	0.174177725222	0.189725397451	0.182236237025	0.158148294136	0.173082818727	0.155213944729
159814214-supragingivalplaque1.freeze11.snv.mod.fix.bam	0.182542810844	0.193667060833	0.00153286909298	0.00144527657338	0.00144527657338	0.225550737967	0.147724784303	0.161389217361	0.216791486007	0.212674637586	0.183593921079	0.180922349231	0.208382604126	0.2140761179	0.0	0.201462795077	0.179433276398	0.167695878772	0.22047037183	0.191126877765	0.199097797048	0.199798537205	0.177374852188	0.193010116936	0.190907896466	0.212061489949	0.135067665221	0.15057154119	0.193272894495	0.182980773442	0.173345596286	0.124118600272	0.135242850261	0.163316252792	0.198134279333	0.223974072614	0.192922524416	0.137213681952	0.178732536241	0.198221871852	0.196776595279	0.217229448605	0.185871326589	0.208601585425	0.203959181886	0.188980861034	0.201243813778	0.197564927955	0.196732799019	0.17246967109	0.220733149389	0.220689353129	0.184250864976	0.23584285902	0.222134629703	0.194455393509	0.197477335436	0.192396969299	0.195331318705	0.195769281303	0.19655761398	0.194105023431	0.187053825603	0.165593658302	0.212849822625	0.151797836465
160158126-supragingivalplaque1.freeze11.snv.mod.fix.bam	0.169841895502	0.180309201594	0.203433626768	0.201900757675	0.194937152367	0.189418823632	0.173608373845	0.189331231113	0.176630315771	0.172732448649	0.187053825603	0.190732711426	0.177506240967	0.182367625805	0.201462795077	0.0	0.0	0.19874742697	0.168922174046	0.174309114002	0.182717995883	0.183637717339	0.173564577585	0.192659746858	0.190250952569	0.186396881706	0.154338019533	0.168396618929	0.193579468313	0.181973459467	0.160995051023	0.12451276661	0.135549424079	0.132352297114	0.164980510664	0.189199842333	0.19213419174	0.129943502825	0.165681250821	0.189637804931	0.188017343319	0.150527744931	0.18569614155	0.175798186835	0.171900319713	0.180309201594	0.189462619892	0.176498926992	0.175798186835	0.179389480138	0.148688302019	0.148688302019	0.164411159287	0.19879122323	0.186572066745	0.171987912232	0.19209039548	0.185958919108	0.189375027373	0.178338369903	0.178907721281	0.172338282311	0.1660316209	0.161433013621	0.180966145491	0.146805062848
160158126-supragingivalplaque2.freeze11.snv.mod.fix.bam	0.151316077607	0.159681163229	0.18114133053	0.179696053957	0.173695966364	0.167739675032	0.156834406342	0.168309026409	0.156834406342	0.153987649455	0.166951342355	0.170849209478	0.15714098016	0.160951254763	0.179433276398	0.0	0.0	0.176060964394	0.150002189813	0.155170148469	0.162308938817	0.163184864013	0.154206630754	0.171418560855	0.169272544125	0.164936714405	0.139972846319	0.147899969343	0.172294486051	0.162089957518	0.142425436868	0.110979722332	0.120352121929	0.117636753821	0.145622563833	0.166907546096	0.17023606184	0.114483423116	0.145710156353	0.168265230149	0.166907546096	0.132439889633	0.165637454561	0.158586256734	0.154732185871	0.159943940787	0.168834581527	0.155651907327	0.154907370911	0.160162922086	0.13108220558	0.13108220558	0.145140804975	0.176017168134	0.164936714405	0.152192002803	0.170893005737	0.165024306924	0.16813384137	0.158060701616	0.157841720317	0.152629965401	0.148118950642	0.146454692769	0.159549774449	0.132439889633
160178356-supragingivalplaque3.freeze11.snv.mod.fix.bam	0.182805588403	0.193710857093	0.169710506723	0.168484211448	0.161214032322	0.230149345246	0.158673849253	0.173301800026	0.222266018482	0.218061577541	0.189331231113	0.19003197127	0.215039635615	0.220251390531	0.167695878772	0.19874742697	0.176060964394	0.0	0.221127315727	0.193097709456	0.208119826567	0.208908159243	0.183900494898	0.201068628739	0.198440853151	0.223667498796	0.1222353611	0.136512941795	0.202470109053	0.188499102177	0.177243463408	0.132439889633	0.142950991985	0.165725047081	0.204484737003	0.230280734025	0.201988350195	0.148162746901	0.17895151754	0.206324179915	0.204922699601	0.217317041125	0.193798449612	0.211273157272	0.207681863969	0.19441159725	0.206630753734	0.199929925984	0.199404370867	0.182236237025	0.221915648404	0.221828055884	0.181798274427	0.239784522402	0.226382866903	0.195769281303	0.208513992905	0.20308325669	0.206324179915	0.198265668112	0.19879122323	0.186440677966	0.180309201594	0.172294486051	0.216309727149	0.163228660272
160218816-buccalmucosa1.freeze11.snv.mod.fix.bam	0.184469846275	0.195725485044	0.222397407261	0.220908334428	0.212368063767	0.15499496343	0.194017430911	0.210835194674	0.151272281347	0.148250339421	0.204484737003	0.208251215346	0.157841720317	0.162790697674	0.22047037183	0.168922174046	0.150002189813	0.221127315727	0.0	0.198046686813	0.200543073622	0.201506591337	0.176060964394	0.198440853151	0.195418911225	0.156527832523	0.177331055928	0.193229098235	0.199054000788	0.188367713397	0.177068278369	0.135637016599	0.145184601235	0.12661498708	0.157754127797	0.153374501818	0.187141418123	0.142381640608	0.180484386633	0.186396881706	0.184820216354	0.157797924057	0.191389655323	0.116979809924	0.115052774493	0.193973634652	0.195024744887	0.19204659922	0.191214470284	0.192177988	0.158805238033	0.158805238033	0.168834581527	0.133009241011	0.125870450664	0.188761879735	0.194061227171	0.18775456576	0.192002802961	0.185082993912	0.186134104148	0.184776420094	0.177374852188	0.171418560855	0.163228660272	0.161257828581
160259276-supragingivalplaque1.freeze11.snv.mod.fix.bam	0.114439626856	0.122060176061	0.193141505715	0.191959006701	0.184732623834	0.203959181886	0.170148469321	0.18560854903	0.190732711426	0.187010029343	0.153856260675	0.118950641615	0.171287172076	0.176411334472	0.191126877765	0.174309114002	0.155170148469	0.193097709456	0.198046686813	0.0	0.186484474226	0.187404195682	0.162352735076	0.18114133053	0.178863925021	0.188236324618	0.148863487058	0.163622826611	0.182323829545	0.149695615994	0.116322866027	0.120220733149	0.131126001839	0.145972933911	0.176980685849	0.201900757675	0.169360136644	0.126833968379	0.0555336574257	0.171812727193	0.1702798581	0.186353085447	0.175053650418	0.183681513599	0.180966145491	0.137432663251	0.180966145491	0.145053212456	0.144352472299	0.140410808917	0.198353260632	0.198221871852	0.143388954583	0.208776770464	0.197258354137	0.148644505759	0.182936977182	0.177900407305	0.181097534271	0.155914684886	0.156265054964	0.177331055928	0.169885691762	0.111987036307	0.190864100206	0.155651907327
160319967-supragingivalplaque2.freeze11.snv.mod.fix.bam	0.179433276398	0.19209039548	0.201506591337	0.200499277362	0.193097709456	0.199798537205	0.168834581527	0.18556475277	0.192878728157	0.18985678623	0.186134104148	0.188236324618	0.191126877765	0.195725485044	0.199097797048	0.182717995883	0.162308938817	0.208119826567	0.200543073622	0.186484474226	0.0	0.0	0.178732536241	0.19870363071	0.196075855122	0.189637804931	0.159505978189	0.175316427977	0.199448167127	0.182499014584	0.165768843341	0.113300924101	0.121403232164	0.144965619936	0.181973459467	0.198046686813	0.193404283274	0.121972583541	0.174177725222	0.199185389568	0.197564927955	0.199054000788	0.191126877765	0.183593921079	0.178688739982	0.191258266544	0.196689002759	0.188323917137	0.187447991941	0.169622914203	0.191433451583	0.191477247843	0.17903911006	0.206805938773	0.193535672054	0.190075767529	0.191389655323	0.185915122849	0.189550212412	0.192396969299	0.192747339377	0.163579030351	0.156265054964	0.158542460474	0.196032058862	0.136600534314
160319967-supragingivalplaque3.freeze11.snv.mod.fix.bam	0.180440590374	0.193053913196	0.202207331494	0.201200017519	0.193798449612	0.200762054921	0.169579117943	0.186440677966	0.193667060833	0.190732711426	0.187053825603	0.189024657294	0.19204659922	0.196645206499	0.199798537205	0.183637717339	0.163184864013	0.208908159243	0.201506591337	0.187404195682	0.0	0.0	0.179827442736	0.199710944685	0.197214557877	0.190469933868	0.160381903385	0.176236149433	0.200499277362	0.18337493978	0.166557176017	0.114264441817	0.12236674988	0.145929137652	0.182980773442	0.19879122323	0.19428020847	0.122979897517	0.175228835457	0.199973722244	0.198353260632	0.199886129725	0.19213419174	0.184382253756	0.179564665178	0.19222178426	0.197608724215	0.189199842333	0.188323917137	0.17036745062	0.192309376779	0.192353173039	0.179783646477	0.207681863969	0.19441159725	0.190995488985	0.192265580519	0.186834844304	0.190426137608	0.193272894495	0.193667060833	0.164323566767	0.157009591381	0.15941838567	0.196820391539	0.13747645951
160582958-supragingivalplaque1.freeze11.snv.mod.fix.bam	0.139184513643	0.149082468357	0.179433276398	0.177593833487	0.171155783296	0.167958656331	0.158279682915	0.172863837428	0.166557176017	0.163535234091	0.148907283318	0.165374677003	0.15057154119	0.155257740989	0.177374852188	0.173564577585	0.154206630754	0.183900494898	0.176060964394	0.162352735076	0.178732536241	0.179827442736	0.0	0.00105111023519	0.000175185039198	0.1615644024	0.129155170148	0.140060438839	0.0127009153418	0.133578592388	0.140542197696	0.0926728857356	0.101256952656	0.107826391626	0.15722857268	0.167301712434	0.145359786274	0.103578154426	0.12880480007	0.144790434897	0.143914509701	0.17023606184	0.00442342223974	0.159900144528	0.155827092366	0.161301624841	0.0608768011212	0.149170060877	0.148644505759	0.157710331538	0.176630315771	0.176717908291	0.138702754785	0.181929663207	0.171725134673	0.148294135681	0.0659571672579	0.06332939167	0.0652564271011	0.151140892568	0.151491262646	0.168790785267	0.162440327596	0.133447203609	0.156746813822	0.126921560899
160582958-supragingivalplaque2.freeze11.snv.mod.fix.bam	0.154162834494	0.164279770508	0.195287522446	0.193535672054	0.186309289187	0.188192528358	0.172119301012	0.188411509657	0.1877107695	0.184294661236	0.164717733106	0.181404108089	0.169009766566	0.173739762624	0.193010116936	0.192659746858	0.171418560855	0.201068628739	0.198440853151	0.18114133053	0.19870363071	0.199710944685	0.00105111023519	0.0	0.0	0.181579293128	0.140542197696	0.154075241974	0.00818990058249	0.152367187842	0.156965795121	0.112381202645	0.122760916218	0.131476371918	0.176236149433	0.188017343319	0.160995051023	0.118775456576	0.148206543161	0.159856348268	0.158805238033	0.191740025402	0.000832128936189	0.18122892305	0.17676170455	0.178601147462	0.0630228178514	0.165812639601	0.165330880743	0.173564577585	0.197170761617	0.197258354137	0.156396443744	0.205798624797	0.194630578549	0.163491437831	0.0701616081987	0.0678404064293	0.0694608680419	0.167520693733	0.16804624885	0.186791048044	0.180090220295	0.147899969343	0.192834931897	0.147418210485
160582958-supragingivalplaque3.freeze11.snv.mod.fix.bam	0.152192002803	0.162396531336	0.193141505715	0.191477247843	0.184250864976	0.185477160251	0.17032365436	0.186528270486	0.184951605133	0.181579293128	0.162484123856	0.179608461437	0.166600972277	0.171287172076	0.190907896466	0.190250952569	0.169272544125	0.198440853151	0.195418911225	0.178863925021	0.196075855122	0.197214557877	0.000175185039198	0.0	0.0	0.179477072658	0.139053124863	0.152586169141	0.00880304821968	0.145272193755	0.15508255595	0.104497875881	0.114702404415	0.120746288267	0.173827355144	0.185389567731	0.159024219332	0.114176849297	0.140585993956	0.158279682915	0.15714098016	0.188761879735	0.00127009153418	0.178601147462	0.174309114002	0.176630315771	0.062891429072	0.16379801165	0.163316252792	0.171681338414	0.194192615951	0.19432400473	0.154425612053	0.203170849209	0.191959006701	0.161870976219	0.0698112381203	0.0670520737529	0.0687163316253	0.165287084483	0.165725047081	0.184207068716	0.177593833487	0.145885341392	0.189068453554	0.13971006876
275382046-supragingivalplaque2.freeze11.snv.mod.fix.bam	0.172863837428	0.183593921079	0.21403232164	0.212455656287	0.2051416809	0.0938553847501	0.193229098235	0.211492138571	0.146410896509	0.142600621907	0.191915210441	0.190776507686	0.149783208514	0.153987649455	0.212061489949	0.186396881706	0.164936714405	0.223667498796	0.156527832523	0.188236324618	0.189637804931	0.190469933868	0.1615644024	0.181579293128	0.179477072658	0.0	0.165199491963	0.18131651557	0.182236237025	0.176717908291	0.171243375816	0.132264704594	0.143651732142	0.139096921123	0.168484211448	0.0829063198003	0.180265405334	0.133534796128	0.170980598257	0.175929575614	0.17457189156	0.177199667148	0.174878465379	0.125038321727	0.122498138659	0.191214470284	0.181579293128	0.179652257697	0.17895151754	0.188980861034	0.176236149433	0.176148556913	0.17465948408	0.143301362064	0.1354180353	0.18569614155	0.182980773442	0.177987999825	0.181623089388	0.188017343319	0.188542898436	0.186046511628	0.178294573643	0.166206805939	0.174966057899	0.159549774449
404239096-supragingivalplaque1.freeze11.snv.mod.fix.bam	0.13546183156	0.143345158323	0.136644330574	0.135549424079	0.130556650462	0.175929575614	0.1267025796	0.134366925065	0.17684929707	0.174002540183	0.141155345334	0.142863399466	0.164016992949	0.167214119914	0.135067665221	0.154338019533	0.139972846319	0.1222353611	0.177331055928	0.148863487058	0.159505978189	0.160381903385	0.129155170148	0.140542197696	0.139053124863	0.165199491963	0.0	0.0	0.141199141593	0.140367012657	0.132746463452	0.0974028817939	0.105855559935	0.128147856173	0.157797924057	0.174396706521	0.151929225244	0.107651206587	0.132264704594	0.149914597293	0.14855691324	0.172995226208	0.135768405378	0.172206893531	0.164498751807	0.147199229186	0.147199229186	0.150790522489	0.150002189813	0.139622476241	0.17693688959	0.17689309333	0.14404589848	0.188542898436	0.177331055928	0.145491175054	0.14851311698	0.14400210222	0.146586081549	0.149476634695	0.149520430955	0.153637279376	0.147987561862	0.134104147506	0.172250689791	0.126308413262
404239096-supragingivalplaque2.freeze11.snv.mod.fix.bam	0.15061533745	0.160381903385	0.152498576622	0.151272281347	0.145885341392	0.193185301975	0.135593220339	0.148732098279	0.193798449612	0.189462619892	0.156615425043	0.158673849253	0.177812814786	0.183024569702	0.15057154119	0.168396618929	0.147899969343	0.136512941795	0.193229098235	0.163622826611	0.175316427977	0.176236149433	0.140060438839	0.154075241974	0.152586169141	0.18131651557	0.0	0.0	0.155389129768	0.155651907327	0.145972933911	0.10476065344	0.114833793194	0.137038496912	0.171725134673	0.191740025402	0.167652082512	0.116979809924	0.144440064818	0.165199491963	0.163622826611	0.190907896466	0.14851311698	0.182323829545	0.177550037227	0.161914772478	0.16160819866	0.165768843341	0.164936714405	0.152498576622	0.193929838392	0.193886042132	0.160075329567	0.206586957474	0.194148819691	0.160819865983	0.163009678973	0.158717645513	0.16147680988	0.162308938817	0.163272456532	0.167914860071	0.160600884684	0.143082380765	0.188455305917	0.136250164236
517810313-supragingivalplaque2.freeze11.snv.mod.fix.bam	0.155476722288	0.165549862042	0.195462707485	0.193798449612	0.186572066745	0.188323917137	0.172644856129	0.188805675995	0.190732711426	0.187141418123	0.164192177988	0.181973459467	0.170455043139	0.175097446678	0.193272894495	0.193579468313	0.172294486051	0.202470109053	0.199054000788	0.182323829545	0.199448167127	0.200499277362	0.0127009153418	0.00818990058249	0.00880304821968	0.182236237025	0.141199141593	0.155389129768	0.0	0.159637366969	0.158586256734	0.126177024482	0.134673498883	0.148775894539	0.178557351202	0.188674287216	0.158148294136	0.131695353217	0.158279682915	0.156965795121	0.156046073665	0.192747339377	0.00665703148951	0.181710681908	0.17689309333	0.178776332501	0.0677528139097	0.166381990978	0.16594402838	0.174834669119	0.199229185828	0.199097797048	0.157754127797	0.206061402356	0.194805763588	0.166469583498	0.0753733631148	0.073139753865	0.0747602154776	0.169272544125	0.169885691762	0.188849472255	0.182236237025	0.149783208514	0.194980948627	0.156878202601
533247696-supragingivalplaque1.freeze11.snv.mod.fix.bam	0.12871720755	0.136863311873	0.185433363991	0.183900494898	0.177243463408	0.188980861034	0.158892830552	0.174352910261	0.182630403364	0.179696053957	0.0556650462051	0.135855997898	0.158717645513	0.162659308895	0.182980773442	0.181973459467	0.162089957518	0.188499102177	0.188367713397	0.149695615994	0.182499014584	0.18337493978	0.133578592388	0.152367187842	0.145272193755	0.176717908291	0.140367012657	0.155651907327	0.159637366969	0.0	0.134454517584	0.0954758463627	0.105680374896	0.119914159331	0.164104585468	0.187316603162	0.158936626812	0.0699864231595	0.10265843297	0.160732273464	0.15946218193	0.180834756712	0.153856260675	0.174834669119	0.169841895502	0.13322822231	0.160951254763	0.148250339421	0.147374414225	0.145929137652	0.193010116936	0.192791135637	0.138834143564	0.197959094293	0.186090307888	0.145228397495	0.157754127797	0.153067927999	0.156265054964	0.145534971313	0.146410896509	0.175404020497	0.168528007708	0.123198878816	0.184688827574	0.132177112075
550534656-supragingivalplaque3.freeze11.snv.mod.fix.bam	0.121622213463	0.129111373889	0.175185039198	0.173739762624	0.167958656331	0.182674199623	0.151929225244	0.166776157316	0.175185039198	0.172031708492	0.137432663251	0.127534708536	0.141461919152	0.145491175054	0.173345596286	0.160995051023	0.142425436868	0.177243463408	0.177068278369	0.116322866027	0.165768843341	0.166557176017	0.140542197696	0.156965795121	0.15508255595	0.171243375816	0.132746463452	0.145972933911	0.158586256734	0.134454517584	0.0	0.102439451671	0.112600183944	0.126352209521	0.159024219332	0.182017255726	0.158104497876	0.111636666229	0.112775368983	0.156965795121	0.155695703587	0.168396618929	0.150396356151	0.16813384137	0.167695878772	0.134454517584	0.157316165199	0.143914509701	0.143257565804	0.13537423904	0.181929663207	0.181798274427	0.112381202645	0.190513730127	0.180134016555	0.122673323698	0.158936626812	0.154469408313	0.15727236894	0.123724433933	0.124074804012	0.16594402838	0.160206718346	0.10038102746	0.171506153375	0.138527569746
604812005-supragingivalplaque1.freeze11.snv.mod.fix.bam	0.116235273508	0.124644155389	0.126790172119	0.125213506767	0.120790084527	0.138133403407	0.105767967416	0.116936013664	0.132702667192	0.130293872903	0.115403144571	0.120877677046	0.126220820742	0.129593132746	0.124118600272	0.12451276661	0.110979722332	0.132439889633	0.135637016599	0.120220733149	0.113300924101	0.114264441817	0.0926728857356	0.112381202645	0.104497875881	0.132264704594	0.0974028817939	0.10476065344	0.126177024482	0.0954758463627	0.102439451671	0.0	0.00127009153418	0.00573731003372	0.124819340428	0.140148031358	0.125695265624	0.0414312617702	0.0908772390838	0.126001839443	0.12446897035	0.130250076643	0.118512679017	0.129593132746	0.125563876845	0.117724346341	0.131388779398	0.125914246923	0.125257303026	0.0929794595542	0.13327201857	0.13322822231	0.110278982175	0.146673674068	0.136863311873	0.117023606184	0.127753689835	0.122760916218	0.125563876845	0.118512679017	0.118644067797	0.113388516621	0.10914027942	0.0962203827793	0.133928962467	0.0512854202251
604812005-supragingivalplaque2.freeze11.snv.mod.fix.bam	0.126439802041	0.134892480182	0.138308588447	0.136556738055	0.131870538256	0.148031358122	0.113344720361	0.125125914247	0.142337844348	0.13971006876	0.126308413262	0.130819428021	0.134104147506	0.138045810888	0.135242850261	0.135549424079	0.120352121929	0.142950991985	0.145184601235	0.131126001839	0.121403232164	0.12236674988	0.101256952656	0.122760916218	0.114702404415	0.143651732142	0.105855559935	0.114833793194	0.134673498883	0.105680374896	0.112600183944	0.00127009153418	0.0	0.00858406692068	0.134410721324	0.150527744931	0.134323128805	0.0420444094074	0.0993299172251	0.135199054001	0.133403407349	0.13979766128	0.126220820742	0.13765164455	0.134191740025	0.128673411291	0.138965532344	0.137038496912	0.136381553015	0.0976218630929	0.143914509701	0.143695528402	0.119914159331	0.156834406342	0.146410896509	0.127359523497	0.134980072702	0.130206280384	0.13309683353	0.127096745938	0.127096745938	0.12236674988	0.117680550081	0.105811763675	0.141593307932	0.0526869005387
604812005-supragingivalplaque3.freeze11.snv.mod.fix.bam	0.139447291201	0.148644505759	0.166075417159	0.164148381728	0.158411071694	0.141637104191	0.142775806946	0.155695703587	0.135111461481	0.133315814829	0.144308676039	0.15289274296	0.138002014628	0.141461919152	0.163316252792	0.132352297114	0.117636753821	0.165725047081	0.12661498708	0.145972933911	0.144965619936	0.145929137652	0.107826391626	0.131476371918	0.120746288267	0.139096921123	0.128147856173	0.137038496912	0.148775894539	0.119914159331	0.126352209521	0.00573731003372	0.00858406692068	0.0	0.131169798099	0.143038584505	0.146805062848	0.0737529015022	0.113213331581	0.147549599264	0.146060526431	0.132308500854	0.140498401437	0.126877764639	0.123899618973	0.142206455569	0.147593395524	0.144834231157	0.14408969474	0.134235536285	0.133841369947	0.133578592388	0.130206280384	0.144878027416	0.135943590417	0.142294048088	0.145578767573	0.140148031358	0.143783120921	0.141374326633	0.141680900451	0.140892567775	0.135155257741	0.123374063855	0.138220995927	0.0907896465642
638754422-supragingivalplaque3.freeze11.snv.mod.fix.bam	0.160513292165	0.170148469321	0.200061314764	0.19861603819	0.191433451583	0.172995226208	0.17908290632	0.195024744887	0.175579205536	0.172250689791	0.173827355144	0.187579380721	0.164717733106	0.169316340385	0.198134279333	0.164980510664	0.145622563833	0.204484737003	0.157754127797	0.176980685849	0.181973459467	0.182980773442	0.15722857268	0.176236149433	0.173827355144	0.168484211448	0.157797924057	0.171725134673	0.178557351202	0.164104585468	0.159024219332	0.124819340428	0.134410721324	0.131169798099	0.0	0.174352910261	0.169316340385	0.122804712478	0.160206718346	0.168002452591	0.166513379757	0.169666710463	0.170148469321	0.156746813822	0.152060614024	0.173433188806	0.179389480138	0.171462357115	0.170630228179	0.176717908291	0.175973371874	0.176060964394	0.161038847282	0.177331055928	0.168002452591	0.167827267551	0.181053738011	0.175623001796	0.17903911006	0.175666798055	0.176367538212	0.177418648447	0.171024394517	0.158980423072	0.177068278369	0.147812376823
