	160400887-stool1.freeze11.snv.mod.fix.bam	CCIS47745468ST-4-0.freeze11.snv.mod.fix.bam	CCIS50471204ST-4-0.freeze11.snv.mod.fix.bam	CCIS91228662ST-4-0.freeze11.snv.mod.fix.bam	DLM013.freeze11.snv.mod.fix.bam	M2.3-V1.metaT.freeze11.snv.mod.fix.bam	M2.3-V2.metaT.freeze11.snv.mod.fix.bam	M2.3-V3.metaT.freeze11.snv.mod.fix.bam	MH0119.freeze11.snv.mod.fix.bam	MH0187.freeze11.snv.mod.fix.bam	MH0193.freeze11.snv.mod.fix.bam	MH0203.freeze11.snv.mod.fix.bam	MH0205.freeze11.snv.mod.fix.bam	MH0272.freeze11.snv.mod.fix.bam	MH0308.freeze11.snv.mod.fix.bam	MH0323.freeze11.snv.mod.fix.bam	MH0343.freeze11.snv.mod.fix.bam	MH0356.freeze11.snv.mod.fix.bam	MH0358.freeze11.snv.mod.fix.bam	MH0388.freeze11.snv.mod.fix.bam	MH0396.freeze11.snv.mod.fix.bam	MH0436.freeze11.snv.mod.fix.bam	MMRS24340226ST-27-0-0.freeze11.snv.mod.fix.bam	MMRS25641480ST-27-0-0.freeze11.snv.mod.fix.bam	MMRS40913371ST-27-0-0.freeze11.snv.mod.fix.bam	MMRS64281551ST-27-0-0.freeze11.snv.mod.fix.bam	MMRS67247116ST-27-0-0.freeze11.snv.mod.fix.bam	MMRS87723283ST-27-0-0.freeze11.snv.mod.fix.bam	MMRS88581325ST-27-0-0.freeze11.snv.mod.fix.bam	MMRS93621581ST-27-0-0.freeze11.snv.mod.fix.bam	NG-5636_317.freeze11.snv.mod.fix.bam	O2.CD1-0.freeze11.snv.mod.fix.bam	O2.UC11-1.freeze11.snv.mod.fix.bam	O2.UC28-0.freeze11.snv.mod.fix.bam	O2.UC28-2.freeze11.snv.mod.fix.bam	O2.UC48-0.freeze11.snv.mod.fix.bam	O2.UC48-1.freeze11.snv.mod.fix.bam	O2.UC6-0.freeze11.snv.mod.fix.bam	O2.UC6-1.freeze11.snv.mod.fix.bam	O2.UC6-2.freeze11.snv.mod.fix.bam	T2D-47A.freeze11.snv.mod.fix.bam	V1.CD34-0.freeze11.snv.mod.fix.bam	V1.FI03.freeze11.snv.mod.fix.bam	V1.FI06.freeze11.snv.mod.fix.bam	V1.FI12.freeze11.snv.mod.fix.bam	V1.FI32.freeze11.snv.mod.fix.bam	V1.UC22-1.freeze11.snv.mod.fix.bam	V1.UC38-0.freeze11.snv.mod.fix.bam	V1.UC54-0.freeze11.snv.mod.fix.bam	V1.UC55-0.freeze11.snv.mod.fix.bam	V1.UC55-4.freeze11.snv.mod.fix.bam	V1.UC57-0.freeze11.snv.mod.fix.bam	V1.UC58-4.freeze11.snv.mod.fix.bam	V1.UC61-0.freeze11.snv.mod.fix.bam	V1.UC62-0.freeze11.snv.mod.fix.bam
160400887-stool1.freeze11.snv.mod.fix.bam	0.0	0.0943318013878	0.096728845634	0.0884202937731	0.0951067856177	0.0673515364513	0.072740380283	0.0556186356673	0.101703163017	0.0939352978282	0.0953230602866	0.102171758133	0.101324682347	0.101865369019	0.0942777327206	0.0997747138866	0.0951428313959	0.0942416869424	0.0971253491935	0.096206181851	0.0958457240696	0.102532215914	0.0955573578445	0.099089844102	0.0958277011805	0.0985131116518	0.101090384789	0.0995584392178	0.101144453456	0.100441560782	0.0979363792016	0.0970532576372	0.0984410200955	0.10900243309	0.104442642156	0.10647922862	0.104965305939	0.103271154366	0.104046138596	0.102676399027	0.0986032260971	0.0957195638461	0.0954852662882	0.104190321709	0.100585743895	0.101793277462	0.0971433720825	0.107344327296	0.0988915923222	0.103505451924	0.10260430747	0.103721726593	0.10397404704	0.102279895467	0.104532756601
CCIS47745468ST-4-0.freeze11.snv.mod.fix.bam	0.0943318013878	0.0	0.0918266198072	0.0833017932775	0.0852302424079	0.0638550959719	0.0697666035866	0.0536541407588	0.0978282418672	0.0895557357844	0.0911958186897	0.0981886996486	0.0963143191854	0.0984049743174	0.0867802108678	0.0955032891773	0.0893935297828	0.0900603766784	0.092295214923	0.0916283680274	0.0900423537893	0.0989817067676	0.0907993151302	0.0887086599982	0.0923492835902	0.0891231864468	0.0917365053618	0.0900603766784	0.0911777958007	0.0948544651708	0.0938091376048	0.0918085969181	0.0938271604938	0.102406055691	0.0979724249797	0.101216545012	0.0996845994413	0.100135171668	0.100892133009	0.0994503018834	0.0888888888889	0.0907272235739	0.0888167973326	0.100225286113	0.0910516355772	0.0968550058574	0.0925835811481	0.0971433720825	0.093863206272	0.0982247454267	0.0975759214202	0.0996845994413	0.10029737767	0.0959358385149	0.0978823105344
CCIS50471204ST-4-0.freeze11.snv.mod.fix.bam	0.096728845634	0.0918266198072	0.0	0.0841849148418	0.0913400018023	0.0402631341804	0.044065963774	0.0328016581058	0.0977020816437	0.0908353609084	0.0932143822655	0.0999188969992	0.0973055780842	0.100261331892	0.0921870775885	0.0970893034153	0.091790574029	0.091520230693	0.0945480760566	0.0933225195999	0.0935387942687	0.101000270343	0.0934486798234	0.0963503649635	0.0929079931513	0.0944399387222	0.0966387311886	0.0959899071821	0.0987474092097	0.0983689285392	0.0953410831756	0.094926556727	0.0971613949716	0.105542038389	0.100729927007	0.105271695053	0.103739749482	0.102586284581	0.103343245922	0.101991529242	0.094656213391	0.0932864738218	0.0937730918266	0.102063620798	0.0971974407498	0.100351446337	0.0955573578445	0.103289177255	0.0955573578445	0.102370009913	0.101595025683	0.10242407858	0.103036856808	0.0984950887627	0.100603766784
CCIS91228662ST-4-0.freeze11.snv.mod.fix.bam	0.0884202937731	0.0833017932775	0.0841849148418	0.0	0.0839866630621	0.0577994052447	0.0626475624043	0.0477967018113	0.0884202937731	0.082130305488	0.0843651437325	0.0882941335496	0.0903126971253	0.0906911777958	0.0817157790394	0.0887627286654	0.08267099216	0.0822384428224	0.0859331350816	0.083698296837	0.081355321258	0.0898621248986	0.0841668919528	0.0868703253131	0.0838785257277	0.0867441650897	0.0905830404614	0.0878435613229	0.0895557357844	0.0885644768856	0.0871947373164	0.0857348833018	0.086563936199	0.0979363792016	0.0935748400469	0.0940434351627	0.0926917184825	0.0920609173651	0.0929260160404	0.0913760475804	0.0867982337569	0.0767234387672	0.0852482652969	0.0924213751464	0.0885464539966	0.0921510318104	0.0866720735334	0.0944399387222	0.0872307830945	0.0908894295756	0.0888528431108	0.0914120933586	0.0920969631432	0.0906010633505	0.0927638100387
DLM013.freeze11.snv.mod.fix.bam	0.0951067856177	0.0852302424079	0.0913400018023	0.0839866630621	0.0	0.0616202577273	0.0673515364513	0.0513291880688	0.0988915923222	0.0895016671172	0.091015589799	0.0967648914121	0.0972154636388	0.098296836983	0.0869964855366	0.0949806253943	0.0897359646751	0.0910876813553	0.0928719473732	0.091015589799	0.0904028115707	0.0984229972065	0.0902946742363	0.0883662251059	0.0908714066865	0.0873208975399	0.0893935297828	0.0893935297828	0.0899342164549	0.0958096782914	0.0939533207173	0.0927998558169	0.0933044967108	0.100910155898	0.0965305938542	0.101306659458	0.0996485536632	0.100513652338	0.101288636568	0.0999909885555	0.0865098675318	0.0906010633505	0.0867802108678	0.0985491574299	0.0906190862395	0.0979003334234	0.0939172749392	0.0964404794088	0.0941695953861	0.098296836983	0.0976119671983	0.098314859872	0.0987654320988	0.0960619987384	0.0980625394251
M2.3-V1.metaT.freeze11.snv.mod.fix.bam	0.0673515364513	0.0638550959719	0.0402631341804	0.0577994052447	0.0616202577273	0.0	3.60457781382e-05	0.0	0.0680364062359	0.062575470848	0.0627196539605	0.0685410471299	0.0674596737857	0.0687573217987	0.0640173019735	0.0665405064432	0.0617644408399	0.0628277912949	0.0642515995314	0.0631702261873	0.0647922862035	0.0691358024691	0.0629359286294	0.0653690186537	0.0644678742002	0.0639992790844	0.0661259799946	0.0645760115346	0.0673875822294	0.0669009642246	0.0651707668739	0.0644858970893	0.0662160944399	0.0700009011445	0.0663602775525	0.0704875191493	0.0694421915833	0.0694962602505	0.0701811300351	0.0690456880238	0.0635487068577	0.0644858970893	0.0639632333063	0.0680183833469	0.0665224835541	0.0678922231234	0.0650806524286	0.0684509326845	0.0648463548707	0.0683788411282	0.0680904749031	0.067279444895	0.0678381544562	0.0661259799946	0.0678381544562
M2.3-V2.metaT.freeze11.snv.mod.fix.bam	0.072740380283	0.0697666035866	0.044065963774	0.0626475624043	0.0673515364513	3.60457781382e-05	0.0	0.0	0.073785707849	0.0681084977922	0.0682526809047	0.0746327836352	0.074056051185	0.0743984860773	0.0683427953501	0.0721996936109	0.0673875822294	0.0683608182392	0.0696043975849	0.069099756691	0.0696404433631	0.0748670811931	0.0678561773452	0.0702712444805	0.0700009011445	0.0690637109129	0.0714968009372	0.0700729927007	0.072758403172	0.072235739389	0.0707939082635	0.0703793818149	0.0721456249437	0.0754798594215	0.071713075606	0.0773902856628	0.0762187978733	0.0756420654231	0.0762548436514	0.0750653329729	0.0689195278003	0.0694782373614	0.0690817338019	0.0742182571866	0.0720735333874	0.0745246463008	0.0711723889339	0.0746147607461	0.0705055420384	0.0750473100838	0.0747228980806	0.072758403172	0.0735514102911	0.0725421285032	0.0741281427413
M2.3-V3.metaT.freeze11.snv.mod.fix.bam	0.0556186356673	0.0536541407588	0.0328016581058	0.0477967018113	0.0513291880688	0.0	0.0	0.0	0.0569523294584	0.0514193025142	0.0519599891863	0.0568081463459	0.0570784896819	0.0573848787961	0.0528250878616	0.0554744525547	0.0514733711814	0.0530053167523	0.0531134540867	0.0526268360818	0.0537983238713	0.056844192124	0.0521221951879	0.0543029647653	0.0530053167523	0.0522483554114	0.0551680634406	0.0528431107507	0.0552942236641	0.0554384067766	0.0545913309904	0.0533477516446	0.0549698116608	0.0575290619086	0.0545372623232	0.0589528701451	0.0581778859151	0.0577633594665	0.0582860232495	0.0573488330179	0.0523745156349	0.0528250878616	0.0529152023069	0.0565017572317	0.054771559881	0.0570784896819	0.0538343696495	0.0566819861224	0.0534378660899	0.0569883752366	0.0570063981256	0.0552221321078	0.0557447958908	0.0550599261062	0.0564837343426
MH0119.freeze11.snv.mod.fix.bam	0.101703163017	0.0978282418672	0.0977020816437	0.0884202937731	0.0988915923222	0.0680364062359	0.073785707849	0.0569523294584	0.0	0.0956114265117	0.0984950887627	0.103307200144	0.103703703704	0.104136253041	0.0963864107416	0.101234567901	0.0953771289538	0.0961340902947	0.0992520501036	0.0974137154186	0.0971794178607	0.105271695053	0.0970352347481	0.10164909435	0.0979544020907	0.100135171668	0.104676939713	0.101865369019	0.104190321709	0.103487429035	0.101432819681	0.100603766784	0.100495629449	0.111237271335	0.106731549067	0.110065783545	0.108389654862	0.106172839506	0.106857709291	0.105343786609	0.100838064342	0.097521852753	0.097251509417	0.106425159953	0.103793818149	0.106353068397	0.101108407678	0.108750112643	0.100802018564	0.106911777958	0.10629899973	0.107506533297	0.107993151302	0.103487429035	0.105920519059
MH0187.freeze11.snv.mod.fix.bam	0.0939352978282	0.0895557357844	0.0908353609084	0.082130305488	0.0895016671172	0.062575470848	0.0681084977922	0.0514193025142	0.0956114265117	0.0	0.0909615211318	0.0961701360728	0.0952329458412	0.0968730287465	0.0888348202217	0.0934126340452	0.0886365684419	0.0882220419933	0.0930341533748	0.0908173380193	0.0907092006849	0.0974497611967	0.0907632693521	0.0925835811481	0.0914120933586	0.0930521762639	0.0963323420744	0.09544922051	0.0952689916194	0.0950166711724	0.0926556727043	0.0906911777958	0.0941695953861	0.103144994143	0.0986753176534	0.101414796792	0.0999549427773	0.0995404163287	0.100405515004	0.0989817067676	0.093610885825	0.0893755068938	0.0898981706768	0.0996845994413	0.0949986482833	0.0966207082995	0.0924574209246	0.101018293232	0.0938271604938	0.0987113634316	0.0979544020907	0.0980985852032	0.0984950887627	0.0966927998558	0.0989096152113
MH0193.freeze11.snv.mod.fix.bam	0.0953230602866	0.0911958186897	0.0932143822655	0.0843651437325	0.091015589799	0.0627196539605	0.0682526809047	0.0519599891863	0.0984950887627	0.0909615211318	0.0	0.0977201045328	0.0979183563125	0.100387492115	0.0922771920339	0.0969270974137	0.0906010633505	0.0915562764711	0.0936829773813	0.0923853293683	0.0919347571416	0.10184734613	0.0939893664954	0.0970352347481	0.0926376498153	0.0939713436064	0.0979724249797	0.0976840587546	0.0976840587546	0.0971974407498	0.0952870145084	0.093863206272	0.0940073893845	0.106443182842	0.102099666577	0.104100207263	0.102550238803	0.102261872578	0.102910696585	0.101468865459	0.0947283049473	0.0922231233667	0.0931783364873	0.102279895467	0.0984590429846	0.100081103001	0.0939713436064	0.102640353249	0.0958457240696	0.101342705236	0.100639812562	0.100315400559	0.101090384789	0.0977741732	0.0998107596648
MH0203.freeze11.snv.mod.fix.bam	0.102171758133	0.0981886996486	0.0999188969992	0.0882941335496	0.0967648914121	0.0685410471299	0.0746327836352	0.0568081463459	0.103307200144	0.0961701360728	0.0977201045328	0.0	0.103919978373	0.105199603496	0.0966747769667	0.101270613679	0.0965486167433	0.096206181851	0.100369469226	0.0987293863206	0.0973776696404	0.106407137064	0.0977561503109	0.100261331892	0.0998107596648	0.100351446337	0.10415427593	0.102045597909	0.103721726593	0.102928719474	0.102009552131	0.101108407678	0.101216545012	0.112643056682	0.107885013968	0.109687302875	0.108191403082	0.10647922862	0.107380373074	0.106010633505	0.0998828512211	0.0956654951789	0.0994683247725	0.107596647743	0.102532215914	0.10492926016	0.100820041453	0.109038478868	0.102081643687	0.106767594845	0.105920519059	0.108191403082	0.108822204199	0.105271695053	0.107578624854
MH0205.freeze11.snv.mod.fix.bam	0.101324682347	0.0963143191854	0.0973055780842	0.0903126971253	0.0972154636388	0.0674596737857	0.074056051185	0.0570784896819	0.103703703704	0.0952329458412	0.0979183563125	0.103919978373	0.0	0.104622871046	0.0958277011805	0.102279895467	0.0959358385149	0.0958637469586	0.0992340272146	0.097251509417	0.0978282418672	0.105379832387	0.096746868523	0.100045057223	0.0976840587546	0.100892133009	0.103307200144	0.101198522123	0.102982788141	0.102333964134	0.100603766784	0.0978102189781	0.100135171668	0.111543660449	0.10687573218	0.108461746418	0.106857709291	0.107164098405	0.107957105524	0.10647922862	0.101180499234	0.0987293863206	0.0974137154186	0.106461205731	0.102261872578	0.104460665045	0.100441560782	0.107614670632	0.100892133009	0.105469946832	0.105037397495	0.10707398396	0.107614670632	0.103956024151	0.106172839506
MH0272.freeze11.snv.mod.fix.bam	0.101865369019	0.0984049743174	0.100261331892	0.0906911777958	0.098296836983	0.0687573217987	0.0743984860773	0.0573848787961	0.104136253041	0.0968730287465	0.100387492115	0.105199603496	0.104622871046	0.0	0.0979724249797	0.101739208795	0.0958096782914	0.0977020816437	0.100693881229	0.0999369198883	0.0985491574299	0.105505992611	0.0985311345409	0.101126430567	0.0987474092097	0.100603766784	0.104280436154	0.102261872578	0.104821122826	0.104028115707	0.101793277462	0.100081103001	0.101468865459	0.112949445796	0.10822744886	0.109687302875	0.108083265747	0.107055961071	0.107722807966	0.106317022619	0.101865369019	0.0978282418672	0.099612507885	0.107812922411	0.103721726593	0.105217626386	0.101090384789	0.11035414977	0.101631071461	0.106893755069	0.106154816617	0.107830945301	0.10842570064	0.104857168604	0.107218167072
MH0308.freeze11.snv.mod.fix.bam	0.0942777327206	0.0867802108678	0.0921870775885	0.0817157790394	0.0869964855366	0.0640173019735	0.0683427953501	0.0528250878616	0.0963864107416	0.0888348202217	0.0922771920339	0.0966747769667	0.0958277011805	0.0979724249797	0.0	0.0937370460485	0.0874470577634	0.0895737586735	0.0918266198072	0.0909434982428	0.0905650175723	0.0977020816437	0.0899882851221	0.089699918897	0.0899161935658	0.0892853924484	0.0924934667027	0.0903487429035	0.0912498873569	0.0945480760566	0.0940975038299	0.0927638100387	0.0926917184825	0.101667117239	0.0973956925295	0.101937460575	0.100531675228	0.0989456609895	0.0996305307741	0.0982788140939	0.0882580877715	0.089952239344	0.0879697215464	0.100387492115	0.0910696584663	0.0970532576372	0.0922591691448	0.098837523655	0.0946021447238	0.0991439127692	0.0982427683158	0.0981706767595	0.0987113634316	0.0966387311886	0.0987113634316
MH0323.freeze11.snv.mod.fix.bam	0.0997747138866	0.0955032891773	0.0970893034153	0.0887627286654	0.0949806253943	0.0665405064432	0.0721996936109	0.0554744525547	0.101234567901	0.0934126340452	0.0969270974137	0.101270613679	0.102279895467	0.101739208795	0.0937370460485	0.0	0.0937550689376	0.09622420474	0.0982427683158	0.0973956925295	0.0963683878526	0.103253131477	0.0976840587546	0.0992340272146	0.0968550058574	0.0998468054429	0.101162476345	0.100009011445	0.101504911237	0.101775254573	0.0978282418672	0.0982427683158	0.0995764621069	0.108876272867	0.104460665045	0.107164098405	0.105740290169	0.104965305939	0.105487969722	0.104280436154	0.0985311345409	0.0962422276291	0.0956294494007	0.105361809498	0.100531675228	0.102532215914	0.0994322789943	0.106569343066	0.0995944849959	0.104262413265	0.103325223033	0.104731008381	0.105433901054	0.102388032802	0.104731008381
MH0343.freeze11.snv.mod.fix.bam	0.0951428313959	0.0893935297828	0.091790574029	0.08267099216	0.0897359646751	0.0617644408399	0.0673875822294	0.0514733711814	0.0953771289538	0.0886365684419	0.0906010633505	0.0965486167433	0.0959358385149	0.0958096782914	0.0874470577634	0.0937550689376	0.0	0.0884383166622	0.092042894476	0.0897179417861	0.0907632693521	0.0981886996486	0.090745246463	0.0934486798234	0.0900603766784	0.0940073893845	0.0961160674056	0.0929440389294	0.0962602505182	0.0966026854105	0.0947283049473	0.0918266198072	0.0927998558169	0.103829863927	0.0995223934397	0.101793277462	0.100243309002	0.0991439127692	0.0999008741101	0.0985852032081	0.0922771920339	0.0890871406686	0.0899882851221	0.0992700729927	0.0963323420744	0.0978462647562	0.093610885825	0.101721185906	0.0933946111562	0.0992160043255	0.0984049743174	0.0993962332162	0.100117148779	0.0964585022979	0.0983328827611
MH0356.freeze11.snv.mod.fix.bam	0.0942416869424	0.0900603766784	0.091520230693	0.0822384428224	0.0910876813553	0.0628277912949	0.0683608182392	0.0530053167523	0.0961340902947	0.0882220419933	0.0915562764711	0.096206181851	0.0958637469586	0.0977020816437	0.0895737586735	0.09622420474	0.0884383166622	0.0	0.0918446426962	0.0912498873569	0.0904208344598	0.0972334865279	0.0905650175723	0.0935568171578	0.0909615211318	0.0924574209246	0.0955753807335	0.094908533838	0.0958637469586	0.09544922051	0.093358565378	0.0914481391367	0.0937370460485	0.104514733712	0.100045057223	0.100856087231	0.0993061187708	0.0992340272146	0.0999549427773	0.0987293863206	0.0931963593764	0.0911958186897	0.0914301162476	0.0991078669911	0.0952689916194	0.09622420474	0.0920789402541	0.102153735244	0.0947823736145	0.0982067225376	0.0973776696404	0.0995944849959	0.100081103001	0.0967648914121	0.0985131116518
MH0358.freeze11.snv.mod.fix.bam	0.0971253491935	0.092295214923	0.0945480760566	0.0859331350816	0.0928719473732	0.0642515995314	0.0696043975849	0.0531134540867	0.0992520501036	0.0930341533748	0.0936829773813	0.100369469226	0.0992340272146	0.100693881229	0.0918266198072	0.0982427683158	0.092042894476	0.0918446426962	0.0	0.0945660989457	0.0924393980355	0.101036316121	0.093088222042	0.0968189600793	0.0939352978282	0.0959718842931	0.0996845994413	0.0972154636388	0.0995944849959	0.0985311345409	0.0974497611967	0.0951428313959	0.0963864107416	0.107398395963	0.10280255925	0.104622871046	0.103054879697	0.102874650807	0.103703703704	0.102406055691	0.0968009371902	0.0938271604938	0.0929260160404	0.103649635036	0.0986032260971	0.100027034334	0.096206181851	0.104190321709	0.0982607912048	0.101775254573	0.100747949896	0.103018833919	0.103505451924	0.100045057223	0.102297918356
MH0388.freeze11.snv.mod.fix.bam	0.096206181851	0.0916283680274	0.0933225195999	0.083698296837	0.091015589799	0.0631702261873	0.069099756691	0.0526268360818	0.0974137154186	0.0908173380193	0.0923853293683	0.0987293863206	0.097251509417	0.0999369198883	0.0909434982428	0.0973956925295	0.0897179417861	0.0912498873569	0.0945660989457	0.0	0.0911057042444	0.100045057223	0.0914841849148	0.0949806253943	0.092565558259	0.0941515724971	0.0978823105344	0.0968910516356	0.0980625394251	0.0966567540777	0.0947283049473	0.0939172749392	0.0805442912499	0.104965305939	0.099864828332	0.102694421916	0.101162476345	0.100333423448	0.101090384789	0.0997566909976	0.095178877174	0.0905469946832	0.0912318644679	0.10260430747	0.097251509417	0.099342164549	0.0954131747319	0.102658376138	0.0944759845003	0.100027034334	0.0992160043255	0.1010723619	0.101739208795	0.098314859872	0.100225286113
MH0396.freeze11.snv.mod.fix.bam	0.0958457240696	0.0900423537893	0.0935387942687	0.081355321258	0.0904028115707	0.0647922862035	0.0696404433631	0.0537983238713	0.0971794178607	0.0907092006849	0.0919347571416	0.0973776696404	0.0978282418672	0.0985491574299	0.0905650175723	0.0963683878526	0.0907632693521	0.0904208344598	0.0924393980355	0.0911057042444	0.0	0.0997206452194	0.092313237812	0.0936469316031	0.0917725511399	0.0933044967108	0.0979904478688	0.0948905109489	0.0952329458412	0.0961521131837	0.0942236640533	0.0944219158331	0.0937911147157	0.104983328828	0.10029737767	0.102892673696	0.101342705236	0.0995223934397	0.100153194557	0.0989817067676	0.094385870055	0.0920068486978	0.0933946111562	0.100783995675	0.0961340902947	0.0981886996486	0.0942236640533	0.103847886816	0.0957916554024	0.0999008741101	0.0988735694332	0.099342164549	0.099864828332	0.0982067225376	0.100369469226
MH0436.freeze11.snv.mod.fix.bam	0.102532215914	0.0989817067676	0.101000270343	0.0898621248986	0.0984229972065	0.0691358024691	0.0748670811931	0.056844192124	0.105271695053	0.0974497611967	0.10184734613	0.106407137064	0.105379832387	0.105505992611	0.0977020816437	0.103253131477	0.0981886996486	0.0972334865279	0.101036316121	0.100045057223	0.0997206452194	0.0	0.0991258898801	0.102153735244	0.099342164549	0.101973506353	0.105091466162	0.104100207263	0.104767054159	0.104082184374	0.103361268811	0.100820041453	0.102784536361	0.112841308462	0.108191403082	0.110534378661	0.109146616203	0.106335045508	0.107037938181	0.105542038389	0.102766513472	0.0994683247725	0.101054339011	0.107362350185	0.103883932594	0.106713526178	0.100711904118	0.109831485987	0.105091466162	0.107668739299	0.106713526178	0.109489051095	0.110029737767	0.105235649275	0.107578624854
MMRS24340226ST-27-0-0.freeze11.snv.mod.fix.bam	0.0955573578445	0.0907993151302	0.0934486798234	0.0841668919528	0.0902946742363	0.0629359286294	0.0678561773452	0.0521221951879	0.0970352347481	0.0907632693521	0.0939893664954	0.0977561503109	0.096746868523	0.0985311345409	0.0899882851221	0.0976840587546	0.090745246463	0.0905650175723	0.093088222042	0.0914841849148	0.092313237812	0.0991258898801	0.0	0.0939172749392	0.091538253582	0.0943318013878	0.0971974407498	0.0955032891773	0.0967648914121	0.0977381274218	0.0948905109489	0.0932504280436	0.0940614580517	0.105109489051	0.100567721006	0.103811841038	0.102279895467	0.100603766784	0.101414796792	0.100207263224	0.0929620618185	0.0918987113634	0.0925114895918	0.100495629449	0.0960800216275	0.0985852032081	0.0942416869424	0.101504911237	0.0958457240696	0.100982247454	0.100171217446	0.100621789673	0.101036316121	0.0970172118591	0.0991619356583
MMRS25641480ST-27-0-0.freeze11.snv.mod.fix.bam	0.099089844102	0.0887086599982	0.0963503649635	0.0868703253131	0.0883662251059	0.0653690186537	0.0702712444805	0.0543029647653	0.10164909435	0.0925835811481	0.0970352347481	0.100261331892	0.100045057223	0.101126430567	0.089699918897	0.0992340272146	0.0934486798234	0.0935568171578	0.0968189600793	0.0949806253943	0.0936469316031	0.102153735244	0.0939172749392	0.0	0.0954672433991	0.0919347571416	0.0954131747319	0.0935568171578	0.0950707398396	0.0994142561053	0.0989276381004	0.0962422276291	0.0964945480761	0.105614129945	0.100910155898	0.105433901054	0.103956024151	0.103595566369	0.104442642156	0.102982788141	0.0920068486978	0.0948905109489	0.0916103451383	0.102946742363	0.0947643507254	0.101613048572	0.0959718842931	0.101865369019	0.0983689285392	0.102532215914	0.101613048572	0.103018833919	0.103541497702	0.100135171668	0.102370009913
MMRS40913371ST-27-0-0.freeze11.snv.mod.fix.bam	0.0958277011805	0.0923492835902	0.0929079931513	0.0838785257277	0.0908714066865	0.0644678742002	0.0700009011445	0.0530053167523	0.0979544020907	0.0914120933586	0.0926376498153	0.0998107596648	0.0976840587546	0.0987474092097	0.0899161935658	0.0968550058574	0.0900603766784	0.0909615211318	0.0939352978282	0.092565558259	0.0917725511399	0.099342164549	0.091538253582	0.0954672433991	0.0	0.0935387942687	0.0970532576372	0.0960079300712	0.0970172118591	0.0970172118591	0.0952870145084	0.0937911147157	0.0953410831756	0.104100207263	0.0996305307741	0.103487429035	0.101811300351	0.100747949896	0.101432819681	0.100225286113	0.0944759845003	0.0922591691448	0.0921330089213	0.101468865459	0.0962602505182	0.0977561503109	0.0944399387222	0.102009552131	0.094133549608	0.100567721006	0.0996305307741	0.100333423448	0.10067585834	0.0987474092097	0.100838064342
MMRS64281551ST-27-0-0.freeze11.snv.mod.fix.bam	0.0985131116518	0.0891231864468	0.0944399387222	0.0867441650897	0.0873208975399	0.0639992790844	0.0690637109129	0.0522483554114	0.100135171668	0.0930521762639	0.0939713436064	0.100351446337	0.100892133009	0.100603766784	0.0892853924484	0.0998468054429	0.0940073893845	0.0924574209246	0.0959718842931	0.0941515724971	0.0933044967108	0.101973506353	0.0943318013878	0.0919347571416	0.0935387942687	0.0	0.0940434351627	0.0943137784987	0.0935027484906	0.0997206452194	0.0987654320988	0.0957916554024	0.0980264936469	0.10647922862	0.101667117239	0.105487969722	0.103865909705	0.104118230152	0.105109489051	0.103631612147	0.0917365053618	0.0948724880598	0.0913400018023	0.103667657926	0.0943498242768	0.101414796792	0.0968369829684	0.101703163017	0.0966387311886	0.102586284581	0.101577002794	0.102658376138	0.103181039921	0.100063080112	0.10202757502
MMRS67247116ST-27-0-0.freeze11.snv.mod.fix.bam	0.101090384789	0.0917365053618	0.0966387311886	0.0905830404614	0.0893935297828	0.0661259799946	0.0714968009372	0.0551680634406	0.104676939713	0.0963323420744	0.0979724249797	0.10415427593	0.103307200144	0.104280436154	0.0924934667027	0.101162476345	0.0961160674056	0.0955753807335	0.0996845994413	0.0978823105344	0.0979904478688	0.105091466162	0.0971974407498	0.0954131747319	0.0970532576372	0.0940434351627	0.0	0.097251509417	0.0973416238623	0.101504911237	0.100657835451	0.0986392718753	0.100261331892	0.107362350185	0.102478147247	0.109344867982	0.107776876633	0.106515274398	0.10725421285	0.105740290169	0.093358565378	0.097521852753	0.0948905109489	0.106353068397	0.0989096152113	0.10377579526	0.100153194557	0.104712985492	0.100585743895	0.106443182842	0.105632152834	0.103919978373	0.104658916824	0.103072902586	0.105163557718
MMRS87723283ST-27-0-0.freeze11.snv.mod.fix.bam	0.0995584392178	0.0900603766784	0.0959899071821	0.0878435613229	0.0893935297828	0.0645760115346	0.0700729927007	0.0528431107507	0.101865369019	0.09544922051	0.0976840587546	0.102045597909	0.101198522123	0.102261872578	0.0903487429035	0.100009011445	0.0929440389294	0.094908533838	0.0972154636388	0.0968910516356	0.0948905109489	0.104100207263	0.0955032891773	0.0935568171578	0.0960079300712	0.0943137784987	0.097251509417	0.0	0.0955213120663	0.100639812562	0.0974137154186	0.0979724249797	0.0980805623141	0.106641434622	0.101865369019	0.107236189961	0.105542038389	0.105397855276	0.105956564837	0.104767054159	0.0932684509327	0.0960980445165	0.0921330089213	0.104658916824	0.0971794178607	0.102189781022	0.0988735694332	0.103956024151	0.0987834549878	0.104226367487	0.103703703704	0.104388573488	0.105001351717	0.100639812562	0.102946742363
MMRS88581325ST-27-0-0.freeze11.snv.mod.fix.bam	0.101144453456	0.0911777958007	0.0987474092097	0.0895557357844	0.0899342164549	0.0673875822294	0.072758403172	0.0552942236641	0.104190321709	0.0952689916194	0.0976840587546	0.103721726593	0.102982788141	0.104821122826	0.0912498873569	0.101504911237	0.0962602505182	0.0958637469586	0.0995944849959	0.0980625394251	0.0952329458412	0.104767054159	0.0967648914121	0.0950707398396	0.0970172118591	0.0935027484906	0.0973416238623	0.0955213120663	0.0	0.10202757502	0.100495629449	0.0978102189781	0.0998287825538	0.108011174191	0.103072902586	0.107308281518	0.10570424439	0.10687573218	0.107740830855	0.106172839506	0.0936649544922	0.0986753176534	0.0930161304857	0.106767594845	0.0974137154186	0.103901955483	0.0988014778769	0.104821122826	0.101126430567	0.104388573488	0.10357754348	0.105830404614	0.106641434622	0.104442642156	0.106839686402
MMRS93621581ST-27-0-0.freeze11.snv.mod.fix.bam	0.100441560782	0.0948544651708	0.0983689285392	0.0885644768856	0.0958096782914	0.0669009642246	0.072235739389	0.0554384067766	0.103487429035	0.0950166711724	0.0971974407498	0.102928719474	0.102333964134	0.104028115707	0.0945480760566	0.101775254573	0.0966026854105	0.09544922051	0.0985311345409	0.0966567540777	0.0961521131837	0.104082184374	0.0977381274218	0.0994142561053	0.0970172118591	0.0997206452194	0.101504911237	0.100639812562	0.10202757502	0.0	0.0999369198883	0.099864828332	0.101414796792	0.110318103992	0.105487969722	0.108948364423	0.107434441741	0.107055961071	0.107668739299	0.106244931062	0.0995043705506	0.0973956925295	0.0978462647562	0.106262953952	0.101685140128	0.102982788141	0.0987113634316	0.108587906641	0.100549698117	0.106082725061	0.105307740831	0.106172839506	0.106821663513	0.102694421916	0.104983328828
NG-5636_317.freeze11.snv.mod.fix.bam	0.0979363792016	0.0938091376048	0.0953410831756	0.0871947373164	0.0939533207173	0.0651707668739	0.0707939082635	0.0545913309904	0.101432819681	0.0926556727043	0.0952870145084	0.102009552131	0.100603766784	0.101793277462	0.0940975038299	0.0978282418672	0.0947283049473	0.093358565378	0.0974497611967	0.0947283049473	0.0942236640533	0.103361268811	0.0948905109489	0.0989276381004	0.0952870145084	0.0987654320988	0.100657835451	0.0974137154186	0.100495629449	0.0999369198883	0.0	0.0977381274218	0.0980625394251	0.109164639092	0.104658916824	0.106028656394	0.10435252771	0.103883932594	0.10455077949	0.103126971253	0.0977201045328	0.0960079300712	0.0954852662882	0.10417229882	0.100171217446	0.103289177255	0.0979183563125	0.105812381725	0.0997927367757	0.103253131477	0.102370009913	0.104280436154	0.10492926016	0.101018293232	0.103325223033
O2.CD1-0.freeze11.snv.mod.fix.bam	0.0970532576372	0.0918085969181	0.094926556727	0.0857348833018	0.0927998558169	0.0644858970893	0.0703793818149	0.0533477516446	0.100603766784	0.0906911777958	0.093863206272	0.101108407678	0.0978102189781	0.100081103001	0.0927638100387	0.0982427683158	0.0918266198072	0.0914481391367	0.0951428313959	0.0939172749392	0.0944219158331	0.100820041453	0.0932504280436	0.0962422276291	0.0937911147157	0.0957916554024	0.0986392718753	0.0979724249797	0.0978102189781	0.099864828332	0.0977381274218	0.0	0.0958997927368	0.109272776426	0.10455077949	0.106280976841	0.104694962603	0.10280255925	0.103523474813	0.102189781022	0.0966927998558	0.0921149860323	0.0939352978282	0.102135712355	0.0985491574299	0.0993241416599	0.0954852662882	0.104298459043	0.0973416238623	0.103271154366	0.102514193025	0.101216545012	0.101739208795	0.100639812562	0.102730467694
O2.UC11-1.freeze11.snv.mod.fix.bam	0.0984410200955	0.0938271604938	0.0971613949716	0.086563936199	0.0933044967108	0.0662160944399	0.0721456249437	0.0549698116608	0.100495629449	0.0941695953861	0.0940073893845	0.101216545012	0.100135171668	0.101468865459	0.0926917184825	0.0995764621069	0.0927998558169	0.0937370460485	0.0963864107416	0.0805442912499	0.0937911147157	0.102784536361	0.0940614580517	0.0964945480761	0.0953410831756	0.0980264936469	0.100261331892	0.0980805623141	0.0998287825538	0.101414796792	0.0980625394251	0.0958997927368	0.0	0.10939893665	0.104640893935	0.106010633505	0.104370550599	0.104334504821	0.104893214382	0.103613589258	0.0969090745246	0.0949806253943	0.0959358385149	0.103559520591	0.100171217446	0.101504911237	0.0965846625214	0.105578084167	0.097792196089	0.103036856808	0.101937460575	0.103757772371	0.104298459043	0.100189240335	0.102568261692
O2.UC28-0.freeze11.snv.mod.fix.bam	0.10900243309	0.102406055691	0.105542038389	0.0979363792016	0.100910155898	0.0700009011445	0.0754798594215	0.0575290619086	0.111237271335	0.103144994143	0.106443182842	0.112643056682	0.111543660449	0.112949445796	0.101667117239	0.108876272867	0.103829863927	0.104514733712	0.107398395963	0.104965305939	0.104983328828	0.112841308462	0.105109489051	0.105614129945	0.104100207263	0.10647922862	0.107362350185	0.106641434622	0.108011174191	0.110318103992	0.109164639092	0.109272776426	0.10939893665	0.0	0.0	0.115544741822	0.114012796251	0.115076146706	0.115724970713	0.114337208254	0.103956024151	0.105866450392	0.104514733712	0.114156979364	0.106839686402	0.112156438677	0.106551320177	0.113958727584	0.10862395242	0.11267910246	0.111759935118	0.112607010904	0.113147697576	0.11152563756	0.11403081914
O2.UC28-2.freeze11.snv.mod.fix.bam	0.104442642156	0.0979724249797	0.100729927007	0.0935748400469	0.0965305938542	0.0663602775525	0.071713075606	0.0545372623232	0.106731549067	0.0986753176534	0.102099666577	0.107885013968	0.10687573218	0.10822744886	0.0973956925295	0.104460665045	0.0995223934397	0.100045057223	0.10280255925	0.099864828332	0.10029737767	0.108191403082	0.100567721006	0.100910155898	0.0996305307741	0.101667117239	0.102478147247	0.101865369019	0.103072902586	0.105487969722	0.104658916824	0.10455077949	0.104640893935	0.0	0.0	0.110696584663	0.109218707759	0.110137875101	0.110786699108	0.109471028206	0.0992160043255	0.10125259079	0.0999188969992	0.109615211318	0.102243849689	0.107326304407	0.101883391908	0.109038478868	0.104100207263	0.107903036857	0.107110029738	0.107668739299	0.108209425971	0.106713526178	0.109128593314
O2.UC48-0.freeze11.snv.mod.fix.bam	0.10647922862	0.101216545012	0.105271695053	0.0940434351627	0.101306659458	0.0704875191493	0.0773902856628	0.0589528701451	0.110065783545	0.101414796792	0.104100207263	0.109687302875	0.108461746418	0.109687302875	0.101937460575	0.107164098405	0.101793277462	0.100856087231	0.104622871046	0.102694421916	0.102892673696	0.110534378661	0.103811841038	0.105433901054	0.103487429035	0.105487969722	0.109344867982	0.107236189961	0.107308281518	0.108948364423	0.106028656394	0.106280976841	0.106010633505	0.115544741822	0.110696584663	0.0	0.0	0.112282598901	0.112967468685	0.111489591782	0.105415878165	0.10319906281	0.102460124358	0.112552942237	0.107434441741	0.11075065333	0.105235649275	0.113904658917	0.107398395963	0.0	0.000234297557899	0.11210237001	0.112697125349	0.108678021087	0.111039019555
O2.UC48-1.freeze11.snv.mod.fix.bam	0.104965305939	0.0996845994413	0.103739749482	0.0926917184825	0.0996485536632	0.0694421915833	0.0762187978733	0.0581778859151	0.108389654862	0.0999549427773	0.102550238803	0.108191403082	0.106857709291	0.108083265747	0.100531675228	0.105740290169	0.100243309002	0.0993061187708	0.103054879697	0.101162476345	0.101342705236	0.109146616203	0.102279895467	0.103956024151	0.101811300351	0.103865909705	0.107776876633	0.105542038389	0.10570424439	0.107434441741	0.10435252771	0.104694962603	0.104370550599	0.114012796251	0.109218707759	0.0	0.0	0.110660538884	0.111345408669	0.109903577543	0.103811841038	0.101631071461	0.100820041453	0.111039019555	0.105848427503	0.109056501757	0.103613589258	0.112174461566	0.105830404614	1.80228890691e-05	0.000270343336037	0.110498332883	0.111165179778	0.107037938181	0.109362890871
O2.UC6-0.freeze11.snv.mod.fix.bam	0.103271154366	0.100135171668	0.102586284581	0.0920609173651	0.100513652338	0.0694962602505	0.0756420654231	0.0577633594665	0.106172839506	0.0995404163287	0.102261872578	0.10647922862	0.107164098405	0.107055961071	0.0989456609895	0.104965305939	0.0991439127692	0.0992340272146	0.102874650807	0.100333423448	0.0995223934397	0.106335045508	0.100603766784	0.103595566369	0.100747949896	0.104118230152	0.106515274398	0.105397855276	0.10687573218	0.107055961071	0.103883932594	0.10280255925	0.104334504821	0.115076146706	0.110137875101	0.112282598901	0.110660538884	0.0	0.0	0.0	0.104010092818	0.100603766784	0.101486888348	0.110588447328	0.105596107056	0.108732089754	0.103217085699	0.113003514463	0.104028115707	0.109236730648	0.108659998198	0.109633234207	0.109957646211	0.106767594845	0.108858249977
O2.UC6-1.freeze11.snv.mod.fix.bam	0.104046138596	0.100892133009	0.103343245922	0.0929260160404	0.101288636568	0.0701811300351	0.0762548436514	0.0582860232495	0.106857709291	0.100405515004	0.102910696585	0.107380373074	0.107957105524	0.107722807966	0.0996305307741	0.105487969722	0.0999008741101	0.0999549427773	0.103703703704	0.101090384789	0.100153194557	0.107037938181	0.101414796792	0.104442642156	0.101432819681	0.105109489051	0.10725421285	0.105956564837	0.107740830855	0.107668739299	0.10455077949	0.103523474813	0.104893214382	0.115724970713	0.110786699108	0.112967468685	0.111345408669	0.0	0.0	0.0	0.104875191493	0.101360728125	0.102243849689	0.111417500225	0.106335045508	0.109290799315	0.10397404704	0.113724430026	0.104712985492	0.109885554654	0.109362890871	0.110372172659	0.110804721997	0.107578624854	0.109687302875
O2.UC6-2.freeze11.snv.mod.fix.bam	0.102676399027	0.0994503018834	0.101991529242	0.0913760475804	0.0999909885555	0.0690456880238	0.0750653329729	0.0573488330179	0.105343786609	0.0989817067676	0.101468865459	0.106010633505	0.10647922862	0.106317022619	0.0982788140939	0.104280436154	0.0985852032081	0.0987293863206	0.102406055691	0.0997566909976	0.0989817067676	0.105542038389	0.100207263224	0.102982788141	0.100225286113	0.103631612147	0.105740290169	0.104767054159	0.106172839506	0.106244931062	0.103126971253	0.102189781022	0.103613589258	0.114337208254	0.109471028206	0.111489591782	0.109903577543	0.0	0.0	0.0	0.103559520591	0.099864828332	0.100729927007	0.10977741732	0.104911237271	0.107885013968	0.102406055691	0.112084347121	0.103289177255	0.108443723529	0.107903036857	0.108912318645	0.109290799315	0.106046679283	0.108101288637
T2D-47A.freeze11.snv.mod.fix.bam	0.0986032260971	0.0888888888889	0.094656213391	0.0867982337569	0.0865098675318	0.0635487068577	0.0689195278003	0.0523745156349	0.100838064342	0.093610885825	0.0947283049473	0.0998828512211	0.101180499234	0.101865369019	0.0882580877715	0.0985311345409	0.0922771920339	0.0931963593764	0.0968009371902	0.095178877174	0.094385870055	0.102766513472	0.0929620618185	0.0920068486978	0.0944759845003	0.0917365053618	0.093358565378	0.0932684509327	0.0936649544922	0.0995043705506	0.0977201045328	0.0966927998558	0.0969090745246	0.103956024151	0.0992160043255	0.105415878165	0.103811841038	0.104010092818	0.104875191493	0.103559520591	0.0	0.0956654951789	0.0903667657926	0.103757772371	0.0943137784987	0.100856087231	0.0970532576372	0.101018293232	0.097269532306	0.102478147247	0.101793277462	0.102928719474	0.10339731459	0.0999909885555	0.102117689466
V1.CD34-0.freeze11.snv.mod.fix.bam	0.0957195638461	0.0907272235739	0.0932864738218	0.0767234387672	0.0906010633505	0.0644858970893	0.0694782373614	0.0528250878616	0.097521852753	0.0893755068938	0.0922231233667	0.0956654951789	0.0987293863206	0.0978282418672	0.089952239344	0.0962422276291	0.0890871406686	0.0911958186897	0.0938271604938	0.0905469946832	0.0920068486978	0.0994683247725	0.0918987113634	0.0948905109489	0.0922591691448	0.0948724880598	0.097521852753	0.0960980445165	0.0986753176534	0.0973956925295	0.0960079300712	0.0921149860323	0.0949806253943	0.105866450392	0.10125259079	0.10319906281	0.101631071461	0.100603766784	0.101360728125	0.099864828332	0.0956654951789	0.0	0.0931963593764	0.100513652338	0.0977201045328	0.0999008741101	0.0935748400469	0.101775254573	0.0965846625214	0.100333423448	0.0993962332162	0.101937460575	0.102586284581	0.0988915923222	0.100928178787
V1.FI03.freeze11.snv.mod.fix.bam	0.0954852662882	0.0888167973326	0.0937730918266	0.0852482652969	0.0867802108678	0.0639632333063	0.0690817338019	0.0529152023069	0.097251509417	0.0898981706768	0.0931783364873	0.0994683247725	0.0974137154186	0.099612507885	0.0879697215464	0.0956294494007	0.0899882851221	0.0914301162476	0.0929260160404	0.0912318644679	0.0933946111562	0.101054339011	0.0925114895918	0.0916103451383	0.0921330089213	0.0913400018023	0.0948905109489	0.0921330089213	0.0930161304857	0.0978462647562	0.0954852662882	0.0939352978282	0.0959358385149	0.104514733712	0.0999188969992	0.102460124358	0.100820041453	0.101486888348	0.102243849689	0.100729927007	0.0903667657926	0.0931963593764	0.0	0.102297918356	0.0945660989457	0.0993061187708	0.0939533207173	0.0976660358655	0.0952689916194	0.0994322789943	0.0986753176534	0.10009912589	0.100729927007	0.0986212489862	0.100495629449
