	CCIS22906510ST-20-0.freeze11.snv.mod.fix.bam	CCIS29688262ST-20-0.freeze11.snv.mod.fix.bam	CCIS59132091ST-4-0.freeze11.snv.mod.fix.bam	CCIS82146115ST-4-0.freeze11.snv.mod.fix.bam	M4.2-V3.metaT.freeze11.snv.mod.fix.bam	M4.5-V3.metaT.freeze11.snv.mod.fix.bam	NG-5636_312.freeze11.snv.mod.fix.bam	NG-5636_317.freeze11.snv.mod.fix.bam	O2.UC15-1.freeze11.snv.mod.fix.bam	O2.UC46-1.freeze11.snv.mod.fix.bam	SAMEA3136628.freeze11.snv.mod.fix.bam	SAMEA3136670.freeze11.snv.mod.fix.bam	SAMEA3136674.freeze11.snv.mod.fix.bam	SAMEA3136687.freeze11.snv.mod.fix.bam	SAMEA3136714.freeze11.snv.mod.fix.bam	SAMEA3136733.freeze11.snv.mod.fix.bam	SZEY-35A.freeze11.snv.mod.fix.bam	V1.CD18-0.freeze11.snv.mod.fix.bam	V1.CD32-0.freeze11.snv.mod.fix.bam	V1.CD32-4.freeze11.snv.mod.fix.bam	V1.CD48-0.freeze11.snv.mod.fix.bam	V1.CD5-0-PN.freeze11.snv.mod.fix.bam	V1.FI33.freeze11.snv.mod.fix.bam	V1.UC55-0.freeze11.snv.mod.fix.bam
CCIS22906510ST-20-0.freeze11.snv.mod.fix.bam	0.0	0.0825130346364	0.148822015014	0.122038811847	0.0943253358718	0.0834000389417	0.07742898557	0.14923306579	0.149319602795	0.0995608246977	0.0836163814551	0.084481751509	0.137009713779	0.0812149795556	0.141812517578	0.0780347446077	0.178980161392	0.0916859572075	0.153797892824	0.150639292127	0.148129718971	0.149189797287	0.0906042446401	0.0933085260585
CCIS29688262ST-20-0.freeze11.snv.mod.fix.bam	0.0825130346364	0.0	0.148497501244	0.130367998615	0.0967051035199	0.0837678212145	0.062890768665	0.149168163036	0.149795556325	0.0883110139974	0.0791380914263	0.0794409709452	0.137658741319	0.0847197282738	0.14393267421	0.0724963762629	0.179564286178	0.0837245527119	0.157043030526	0.153754624321	0.146918200896	0.150487852368	0.0838110897172	0.0897172403349
CCIS59132091ST-4-0.freeze11.snv.mod.fix.bam	0.148822015014	0.148497501244	0.0	0.129913679337	0.0750924864245	0.0738809683491	0.149146528784	0.11180581096	0.0858663435952	0.154425286113	0.147242714666	0.152045518465	0.136036172468	0.154425286113	0.127447374684	0.141942323086	0.183263743158	0.15035804686	0.15565843844	0.152413300738	0.0100815611276	0.130303095861	0.156588711248	0.151201782662
CCIS82146115ST-4-0.freeze11.snv.mod.fix.bam	0.122038811847	0.130367998615	0.129913679337	0.0	0.0769530320403	0.0295307530883	0.124894533025	0.127425740432	0.128896869524	0.13510589966	0.128961772278	0.128810332518	0.128875235272	0.132444886745	0.118317720615	0.106267442615	0.174739848128	0.12578153733	0.151785907449	0.14875711226	0.129913679337	0.0527443047833	0.130519438375	0.12835601324
M4.2-V3.metaT.freeze11.snv.mod.fix.bam	0.0943253358718	0.0967051035199	0.0750924864245	0.0769530320403	0.0	0.0386387729053	0.0970512515414	0.07742898557	0.0707007334011	0.0994526534409	0.0941955303637	0.0964238582524	0.0891114812972	0.100144949484	0.0729290612898	0.0911883694265	0.119053285161	0.0968132747766	0.10088051403	0.0980680613547	0.0740540423599	0.0783808926292	0.0989983341626	0.0970945200441
M4.5-V3.metaT.freeze11.snv.mod.fix.bam	0.0834000389417	0.0837678212145	0.0738809683491	0.0295307530883	0.0386387729053	0.0	0.0851524133007	0.0723016680008	0.0675421327045	0.0867533479004	0.0833135019363	0.0842221404928	0.0758496852216	0.0867966164031	0.0650974623023	0.0767366895269	0.108971724033	0.0832918676849	0.0907556843995	0.0880081344785	0.072626181771	0.027453864959	0.0845250200117	0.0843086774982
NG-5636_312.freeze11.snv.mod.fix.bam	0.07742898557	0.062890768665	0.149146528784	0.124894533025	0.0970512515414	0.0851524133007	0.0	0.150790731887	0.152543106246	0.0904311706293	0.0776669623348	0.0818207385933	0.137550570063	0.0872725699327	0.145555243061	0.0737727970924	0.179910434199	0.0880946714839	0.156740151007	0.153235402289	0.149038357528	0.151764273197	0.0850226077927	0.0893927265647
NG-5636_317.freeze11.snv.mod.fix.bam	0.14923306579	0.149168163036	0.11180581096	0.127425740432	0.07742898557	0.0723016680008	0.150790731887	0.0	0.11920472492	0.153365207797	0.146377344612	0.148648941003	0.133786210328	0.152391666486	0.128161304978	0.141055318781	0.179218138156	0.149730653571	0.155463730178	0.152391666486	0.110702464141	0.131795859204	0.156696882504	0.150184972849
O2.UC15-1.freeze11.snv.mod.fix.bam	0.149319602795	0.149795556325	0.0858663435952	0.128896869524	0.0707007334011	0.0675421327045	0.152543106246	0.11920472492	0.0	0.156112757718	0.150076801592	0.152110421219	0.136295783484	0.153559916059	0.121887372087	0.142115397097	0.183761330939	0.150769097635	0.15228349523	0.149297968544	0.0851956818034	0.128053133721	0.156913225018	0.151915712957
O2.UC46-1.freeze11.snv.mod.fix.bam	0.0995608246977	0.0883110139974	0.154425286113	0.13510589966	0.0994526534409	0.0867533479004	0.0904311706293	0.153365207797	0.156112757718	0.0	0.0907989529022	0.0858447093438	0.142375008113	0.0899335828484	0.148627306752	0.0866451766437	0.186941565887	0.0948012894014	0.162494861865	0.159119918655	0.153689721567	0.15518248491	0.0816043960799	0.0193842892067
SAMEA3136628.freeze11.snv.mod.fix.bam	0.0836163814551	0.0791380914263	0.147242714666	0.128961772278	0.0941955303637	0.0833135019363	0.0776669623348	0.146377344612	0.150076801592	0.0907989529022	0.0	0.0800034614802	0.136836639768	0.0859745148519	0.144300456483	0.0789650174156	0.177660472059	0.0897388745862	0.154836336889	0.151569564935	0.145338900547	0.148648941003	0.0822534236203	0.0902148281159
SAMEA3136670.freeze11.snv.mod.fix.bam	0.084481751509	0.0794409709452	0.152045518465	0.128810332518	0.0964238582524	0.0842221404928	0.0818207385933	0.148648941003	0.152110421219	0.0858447093438	0.0800034614802	0.0	0.140557731	0.0491746533111	0.144538433248	0.0625446206434	0.182571447115	0.0800467299829	0.157389178547	0.153992601086	0.150055167341	0.150920537395	0.0788784804102	0.0878999632218
SAMEA3136674.freeze11.snv.mod.fix.bam	0.137009713779	0.137658741319	0.136036172468	0.128875235272	0.0891114812972	0.0758496852216	0.137550570063	0.133786210328	0.136295783484	0.142375008113	0.136836639768	0.140557731	0.0	0.142050494343	0.128074767973	0.131795859204	0.151958981459	0.141574540813	0.139021699154	0.136101075222	0.134673214633	0.135884732709	0.144322090734	0.138026523592
SAMEA3136687.freeze11.snv.mod.fix.bam	0.0812149795556	0.0847197282738	0.154425286113	0.132444886745	0.100144949484	0.0867966164031	0.0872725699327	0.152391666486	0.153559916059	0.0899335828484	0.0859745148519	0.0491746533111	0.142050494343	0.0	0.148454232741	0.0521818142483	0.184431992731	0.093092183545	0.159271358415	0.155788243948	0.152910888519	0.15148302793	0.0841356034874	0.0885273565108
SAMEA3136714.freeze11.snv.mod.fix.bam	0.141812517578	0.14393267421	0.127447374684	0.118317720615	0.0729290612898	0.0650974623023	0.145555243061	0.128161304978	0.121887372087	0.148627306752	0.144300456483	0.144538433248	0.128074767973	0.148454232741	0.0	0.134889557147	0.17573502369	0.143673063194	0.145793219826	0.143002401402	0.128550721502	0.122990718906	0.150336412608	0.143911039958
SAMEA3136733.freeze11.snv.mod.fix.bam	0.0780347446077	0.0724963762629	0.141942323086	0.106267442615	0.0911883694265	0.0767366895269	0.0737727970924	0.141055318781	0.142115397097	0.0866451766437	0.0789650174156	0.0625446206434	0.131795859204	0.0521818142483	0.134889557147	0.0	0.174826385133	0.0859096120979	0.149384505549	0.14603119659	0.141293295546	0.142158665599	0.0804577807585	0.0846331912684
SZEY-35A.freeze11.snv.mod.fix.bam	0.178980161392	0.179564286178	0.183263743158	0.174739848128	0.119053285161	0.108971724033	0.179910434199	0.179218138156	0.183761330939	0.186941565887	0.177660472059	0.182571447115	0.151958981459	0.184431992731	0.17573502369	0.174826385133	0.0	0.183155571901	0.153970966835	0.151937347208	0.181619540056	0.183155571901	0.185730047812	0.183544988426
V1.CD18-0.freeze11.snv.mod.fix.bam	0.0916859572075	0.0837245527119	0.15035804686	0.12578153733	0.0968132747766	0.0832918676849	0.0880946714839	0.149730653571	0.150769097635	0.0948012894014	0.0897388745862	0.0800467299829	0.141574540813	0.093092183545	0.143673063194	0.0859096120979	0.183155571901	0.0	0.160850658763	0.157389178547	0.149449408303	0.146528784371	0.0945416783852	0.0929840122883
V1.CD32-0.freeze11.snv.mod.fix.bam	0.153797892824	0.157043030526	0.15565843844	0.151785907449	0.10088051403	0.0907556843995	0.156740151007	0.155463730178	0.15228349523	0.162494861865	0.154836336889	0.157389178547	0.139021699154	0.159271358415	0.145793219826	0.149384505549	0.153970966835	0.160850658763	0.0	0.0	0.155204119161	0.159639140688	0.162343422106	0.159942020206
V1.CD32-4.freeze11.snv.mod.fix.bam	0.150639292127	0.153754624321	0.152413300738	0.14875711226	0.0980680613547	0.0880081344785	0.153235402289	0.152391666486	0.149297968544	0.159119918655	0.151569564935	0.153992601086	0.136101075222	0.155788243948	0.143002401402	0.14603119659	0.151937347208	0.157389178547	0.0	0.0	0.151958981459	0.156394002986	0.158773770634	0.156610345499
V1.CD48-0.freeze11.snv.mod.fix.bam	0.148129718971	0.146918200896	0.0100815611276	0.129913679337	0.0740540423599	0.072626181771	0.149038357528	0.110702464141	0.0851956818034	0.153689721567	0.145338900547	0.150055167341	0.134673214633	0.152910888519	0.128550721502	0.141293295546	0.181619540056	0.149449408303	0.155204119161	0.151958981459	0.0	0.128009865219	0.154576725872	0.150660926379
V1.CD5-0-PN.freeze11.snv.mod.fix.bam	0.149189797287	0.150487852368	0.130303095861	0.0527443047833	0.0783808926292	0.027453864959	0.151764273197	0.131795859204	0.128053133721	0.15518248491	0.148648941003	0.150920537395	0.135884732709	0.15148302793	0.122990718906	0.142158665599	0.183155571901	0.146528784371	0.159639140688	0.156394002986	0.128009865219	0.0	0.156026220713	0.150834000389
V1.FI33.freeze11.snv.mod.fix.bam	0.0906042446401	0.0838110897172	0.156588711248	0.130519438375	0.0989983341626	0.0845250200117	0.0850226077927	0.156696882504	0.156913225018	0.0816043960799	0.0822534236203	0.0788784804102	0.144322090734	0.0841356034874	0.150336412608	0.0804577807585	0.185730047812	0.0945416783852	0.162343422106	0.158773770634	0.154576725872	0.156026220713	0.0	0.0945200441339
V1.UC55-0.freeze11.snv.mod.fix.bam	0.0933085260585	0.0897172403349	0.151201782662	0.12835601324	0.0970945200441	0.0843086774982	0.0893927265647	0.150184972849	0.151915712957	0.0193842892067	0.0902148281159	0.0878999632218	0.138026523592	0.0885273565108	0.143911039958	0.0846331912684	0.183544988426	0.0929840122883	0.159942020206	0.156610345499	0.150660926379	0.150834000389	0.0945200441339	0.0
