	158802708-lretroauricularcrease3.freeze11.snv.mod.fix.bam	158802708-rretroauricularcrease3.freeze11.snv.mod.fix.bam	158883629-anteriornares2.freeze11.snv.mod.fix.bam	158944319-rretroauricularcrease3.freeze11.snv.mod.fix.bam	159207311-rretroauricularcrease3.freeze11.snv.mod.fix.bam	159268001-rretroauricularcrease3.freeze11.snv.mod.fix.bam	159490532-rightretroauricularcrease2.freeze11.snv.mod.fix.bam	159591683-leftretroauricularcrease2.freeze11.snv.mod.fix.bam	159591683-rightretroauricularcrease1.freeze11.snv.mod.fix.bam	159591683-rightretroauricularcrease2.freeze11.snv.mod.fix.bam	159611913-rightretroauricularcrease2.freeze11.snv.mod.fix.bam	159753524-lretroauricularcrease2.freeze11.snv.mod.fix.bam	159753524-lretroauricularcrease3.freeze11.snv.mod.fix.bam	159753524-rretroauricularcrease2.freeze11.snv.mod.fix.bam	159753524-rretroauricularcrease3.freeze11.snv.mod.fix.bam	160178356-lretroauricularcrease2.freeze11.snv.mod.fix.bam	160178356-lretroauricularcrease3.freeze11.snv.mod.fix.bam	160178356-rretroauricularcrease3.freeze11.snv.mod.fix.bam	160319967-lretroauricularcrease2.freeze11.snv.mod.fix.bam	160319967-rretroauricularcrease2.freeze11.snv.mod.fix.bam	160400887-rightretroauricularcrease1.freeze11.snv.mod.fix.bam	160421117-anteriornares2.freeze11.snv.mod.fix.bam	160502038-anteriornares3.freeze11.snv.mod.fix.bam	160502038-lretroauricularcrease2.freeze11.snv.mod.fix.bam	160502038-lretroauricularcrease3.freeze11.snv.mod.fix.bam	160502038-rretroauricularcrease3.freeze11.snv.mod.fix.bam	160582958-rretroauricularcrease2.freeze11.snv.mod.fix.bam	160603188-leftretroauricularcrease1.freeze11.snv.mod.fix.bam	160603188-lretroauricularcrease2.freeze11.snv.mod.fix.bam	160603188-lretroauricularcrease3.freeze11.snv.mod.fix.bam	160603188-rightretroauricularcrease1.freeze11.snv.mod.fix.bam	160603188-rretroauricularcrease3.freeze11.snv.mod.fix.bam	160704339-anteriornares1.freeze11.snv.mod.fix.bam	686765762-anteriornares1.freeze11.snv.mod.fix.bam	686765762-anteriornares3.freeze11.snv.mod.fix.bam	686765762-rretroauricularcrease3.freeze11.snv.mod.fix.bam	763961826-leftretroauricularcrease2.freeze11.snv.mod.fix.bam	764042746-rightretroauricularcrease1.freeze11.snv.mod.fix.bam	764083206-leftretroauricularcrease2.freeze11.snv.mod.fix.bam	764083206-rightretroauricularcrease2.freeze11.snv.mod.fix.bam	764305738-rightretroauricularcrease2.freeze11.snv.mod.fix.bam
158802708-lretroauricularcrease3.freeze11.snv.mod.fix.bam	0.0	1.32180717477e-05	0.0294498638539	0.0293176831364	0.0278769133159	0.0381077008486	0.18408808523	0.0300446770825	0.186956406799	0.107951991963	0.017447854707	0.0398128321041	0.0174214185635	0.207695561372	0.168622941285	0.0275332434504	0.0167208607608	0.0131784175325	0.0569963253761	0.0229730086975	0.0598249927301	0.0258545483385	0.0530309038517	0.0666322996801	0.0568244904433	0.019906416052	0.0301768578	0.054537764031	0.0284188542575	0.109908266582	0.0735453512042	0.0572871229545	0.0322917492796	0.0444391572157	0.0332037962302	0.0205805377112	0.0830755809343	0.0548549977529	0.0479551643006	0.0334285034499	0.0562032410712
158802708-rretroauricularcrease3.freeze11.snv.mod.fix.bam	1.32180717477e-05	0.0	0.0162053559627	0.0160599571734	0.0224707219711	0.0196156184736	0.186744917651	0.0430909138975	0.206783514421	0.11276337008	0.00794406112036	0.0262114362757	0.0134427789674	0.216882121236	0.165199460703	0.0232241520607	0.0146324054247	0.0121209717926	0.0429455151083	0.0176329077114	0.0665926454649	0.0106405477569	0.034631347979	0.0468712824173	0.0410421127766	0.0080101514791	0.0265154519259	0.0408041874851	0.0148703307162	0.0991091019642	0.0615301239855	0.0420599043012	0.0231712797737	0.0244005604462	0.0165358077564	0.00810267798134	0.078634308827	0.0339440082481	0.035569831073	0.0152007825098	0.0375789779787
158883629-anteriornares2.freeze11.snv.mod.fix.bam	0.0294498638539	0.0162053559627	0.0	0.0239379279351	0.0199460702673	0.0325296745711	0.176064715679	0.13568350649	0.200359531552	0.113411055595	0.0173817643482	0.0237528749306	0.0288550506252	0.213551167156	0.145279826579	0.0370238189653	0.0291194120602	0.0245459592355	0.0394295080234	0.0166415523303	0.0758452956883	0.00592169614297	0.0304676553784	0.0421127765882	0.0373674888307	0.0174346366352	0.0272160097285	0.0382927538531	0.0150157295054	0.0882967192746	0.0549871784704	0.0388479128665	0.0272821000872	0.031273957755	0.0226557749755	0.00726993946123	0.0762154016972	0.0270441747958	0.0271499193698	0.0160599571734	0.028762524123
158944319-rretroauricularcrease3.freeze11.snv.mod.fix.bam	0.0293176831364	0.0160599571734	0.0239379279351	0.0	0.0383059719248	0.0378962117006	0.199738282179	0.14566315066	0.225288814868	0.12743542972	0.019800671478	0.0248896291009	0.0255505326883	0.248314695852	0.167895947339	0.0445052475745	0.0380944827769	0.0338118275306	0.051444735242	0.026978084437	0.0816480291855	0.0140772464113	0.0358474105797	0.052753324345	0.0463425595474	0.0265286699976	0.0330716155127	0.0371031273958	0.0198403256933	0.0949057551484	0.0626140058688	0.0362307346604	0.0371031273958	0.0413064742115	0.0351865069924	0.0147117138552	0.082824437571	0.0404208634044	0.0499907473498	0.0290797578449	0.0436857271261
159207311-rretroauricularcrease3.freeze11.snv.mod.fix.bam	0.0278769133159	0.0224707219711	0.0199460702673	0.0383059719248	0.0	0.0492637534037	0.226306606392	0.0770613582891	0.236933936077	0.147209665054	0.034208369683	0.0504533798609	0.0366801490998	0.250403151188	0.206558807201	0.0536785893674	0.0449678800857	0.041332910355	0.0459195812515	0.0196817088323	0.112076030349	0.00992677188252	0.0376054141222	0.0482591799508	0.0466597932694	0.028445290401	0.0256562772623	0.0654030190076	0.0314986649748	0.136238665503	0.0816083749703	0.0754223173923	0.0310492505353	0.0483649245248	0.0423507018796	0.00860496470775	0.113701853174	0.0326750733603	0.00729637560473	0.0212017870833	0.0334681576652
159268001-rretroauricularcrease3.freeze11.snv.mod.fix.bam	0.0381077008486	0.0196156184736	0.0325296745711	0.0378962117006	0.0492637534037	0.0	0.263925238586	0.171319427922	0.261823565178	0.183969122584	0.00152007825098	0.0637771961826	0.0636978877521	0.282060433024	0.246490601951	0.00650329129987	0.0068733973088	0.00170513125545	0.0667116081106	0.0350939804901	0.143191371243	0.0170645306263	0.0468845004891	0.0696063658234	0.0666983900389	0.0115658127792	0.0440558331351	0.0857456314273	0.0301372035847	0.166230470299	0.103180268062	0.0872392735348	0.0545774182462	0.00263039627779	0.00233959869934	0.0140640283395	0.142147143575	0.0530969942105	0.0605916408914	0.00528722869908	0.0583710048378
159490532-rightretroauricularcrease2.freeze11.snv.mod.fix.bam	0.18408808523	0.186744917651	0.176064715679	0.199738282179	0.226306606392	0.263925238586	0.0	0.211978216618	0.00634467443889	0.00845956591852	0.218997012716	0.0747878499484	0.0669363153303	0.00552515399054	0.00483781425966	0.263581568721	0.232215084463	0.215282734555	0.268141803474	0.238136780606	0.00912046950591	0.236629920427	0.259616147196	0.2751473815	0.264890157824	0.156805985143	0.217767732043	0.00750786475269	0.00623892986491	0.00693948766754	0.0170513125545	0.00491712269014	0.232030031459	0.260792555582	0.25253126074	0.22409918841	0.0176857799984	0.258466174954	0.191450551194	0.251817484865	0.251605995717
159591683-leftretroauricularcrease2.freeze11.snv.mod.fix.bam	0.0300446770825	0.0430909138975	0.13568350649	0.14566315066	0.0770613582891	0.171319427922	0.211978216618	0.0	0.176368731329	0.106299732995	0.131770957253	0.113516800169	0.0330187432257	0.236021889127	0.187366167024	0.118856901155	0.0763211462712	0.0471356438523	0.172257911016	0.115433420573	0.0713908055093	0.146984957834	0.171980331509	0.187828799535	0.178351442092	0.125532027388	0.0444127210722	0.120059745684	0.108771512412	0.149932587834	0.134136992096	0.118870119227	0.129285959764	0.173407883258	0.16063922595	0.140283395458	0.123694715415	0.171597007429	0.151333703439	0.16699711846	0.16903270151
159591683-rightretroauricularcrease1.freeze11.snv.mod.fix.bam	0.186956406799	0.206783514421	0.200359531552	0.225288814868	0.236933936077	0.261823565178	0.00634467443889	0.176368731329	0.0	0.00528722869908	0.235175932535	0.0833928146562	0.0780262775266	0.00682052502181	0.007177412959	0.267163666164	0.246873926032	0.240939011817	0.26697861316	0.246807835673	0.0176196896397	0.240714304597	0.26070002908	0.271565284056	0.262775266344	0.186255848997	0.230813968858	0.0202633039892	0.0258148941232	0.014566315066	0.0360721177995	0.014196209057	0.231501308589	0.258122505089	0.251949665583	0.23279667962	0.0288947048405	0.257025405134	0.218560816348	0.251949665583	0.251460596928
159591683-rightretroauricularcrease2.freeze11.snv.mod.fix.bam	0.107951991963	0.11276337008	0.113411055595	0.12743542972	0.147209665054	0.183969122584	0.00845956591852	0.106299732995	0.00528722869908	0.0	0.141036825548	0.0395220345256	0.0276257699527	0.0111824886985	0.00815555026833	0.181629523885	0.156449097206	0.147751605996	0.183929468369	0.154003753932	0.00754751896793	0.156118645412	0.180968620298	0.194054511328	0.166111507653	0.0897903613821	0.144420651915	0.0115922489227	0.0128744018823	0.0104554947524	0.0206069738547	0.00904116107542	0.1550479816	0.182449044333	0.173645808549	0.141909218283	0.0159409945277	0.179197398683	0.126166494832	0.171015412272	0.173209612182
159611913-rightretroauricularcrease2.freeze11.snv.mod.fix.bam	0.017447854707	0.00794406112036	0.0173817643482	0.019800671478	0.034208369683	0.00152007825098	0.218997012716	0.131770957253	0.235175932535	0.141036825548	0.0	0.0291855024189	0.0260660374865	0.254249610067	0.187194332091	0.00799693340735	0.00667512623259	0.00379358659159	0.0493298437624	0.0175535992809	0.0910196420546	0.00719063103075	0.0290004494144	0.053176302641	0.0478362016549	0.00756073703968	0.0326486372168	0.0494884606234	0.0134163428239	0.112261083353	0.0714304597245	0.0439897427763	0.037142781611	0.00416369260052	0.00298728421498	0.00549871784704	0.0942712877045	0.0349089274857	0.0461310703995	0.00342348058265	0.0422713934491
159753524-lretroauricularcrease2.freeze11.snv.mod.fix.bam	0.0398128321041	0.0262114362757	0.0237528749306	0.0248896291009	0.0504533798609	0.0637771961826	0.0747878499484	0.113516800169	0.0833928146562	0.0395220345256	0.0291855024189	0.0	0.00191662040342	0.0763872366299	0.0554498109816	0.0664604647474	0.0528326327755	0.0465672667671	0.0705448489174	0.0389404393687	0.0129140560975	0.0461310703995	0.0696195838951	0.0848864567637	0.0593887963624	0.0212282232268	0.054220530309	0.0091733417929	0.00956988394533	0.0318952071272	0.0281677108943	0.00991355381077	0.05846353134	0.072924101832	0.0639754672588	0.0319348613424	0.034155497396	0.0692626959579	0.0334020673064	0.0533877917889	0.0655219816533
159753524-lretroauricularcrease3.freeze11.snv.mod.fix.bam	0.0174214185635	0.0134427789674	0.0288550506252	0.0255505326883	0.0366801490998	0.0636978877521	0.0669363153303	0.0330187432257	0.0780262775266	0.0276257699527	0.0260660374865	0.00191662040342	0.0	0.0791630316969	0.0373410526872	0.0564147302192	0.0366933671716	0.025986729056	0.0778544425939	0.0395749068126	0.00676765273482	0.0482195257356	0.0737568403521	0.0897903613821	0.0693948766754	0.0194437835409	0.030123985513	0.0091733417929	0.00580273349724	0.0217701641685	0.0227747376213	0.00572342506675	0.0541544399503	0.0720252729532	0.0625743516536	0.0361249900864	0.0217040738097	0.0738758029979	0.0415311814313	0.0577629735374	0.0719856187379
159753524-rretroauricularcrease2.freeze11.snv.mod.fix.bam	0.207695561372	0.216882121236	0.213551167156	0.248314695852	0.250403151188	0.282060433024	0.00552515399054	0.236021889127	0.00682052502181	0.0111824886985	0.254249610067	0.0763872366299	0.0791630316969	0.0	2.64361434954e-05	0.286514923203	0.259272477331	0.24224760092	0.288048219526	0.264691886748	0.014354825918	0.258651227959	0.279297856029	0.2923176567	0.287083300288	0.206651333703	0.240568905808	0.00951701165834	0.0108916911201	0.00860496470775	0.0284849446163	0.00527401062733	0.251103708991	0.277896740424	0.270507838317	0.250984746345	0.0294762999974	0.27598012002	0.238586195046	0.270653237106	0.270269913025
159753524-rretroauricularcrease3.freeze11.snv.mod.fix.bam	0.168622941285	0.165199460703	0.145279826579	0.167895947339	0.206558807201	0.246490601951	0.00483781425966	0.187366167024	0.007177412959	0.00815555026833	0.187194332091	0.0554498109816	0.0373410526872	2.64361434954e-05	0.0	0.242538398498	0.208237502313	0.192693049938	0.250892219843	0.215824675496	0.00437518174849	0.218759087424	0.24474581648	0.260977608586	0.240238454014	0.0975361514262	0.199606101462	0.00506252147937	0.00358209744362	0.00448092632247	0.0109974356941	0.00306659264546	0.215282734555	0.246067623655	0.235281677109	0.200214132762	0.0111957067703	0.243146429799	0.159462817564	0.234660427737	0.236220160203
160178356-lretroauricularcrease2.freeze11.snv.mod.fix.bam	0.0275332434504	0.0232241520607	0.0370238189653	0.0445052475745	0.0536785893674	0.00650329129987	0.263581568721	0.118856901155	0.267163666164	0.181629523885	0.00799693340735	0.0664604647474	0.0564147302192	0.286514923203	0.242538398498	0.0	0.000330451793692	0.00157295053798	0.0722235440294	0.0397203056018	0.142768392947	0.0228011737648	0.0530837761387	0.0752240463161	0.0727126126841	0.0144341343485	0.0485367594575	0.0853094350596	0.0339175721046	0.160824278954	0.104687128242	0.0854548338488	0.0522378195469	0.0077590081159	0.00774579004415	0.0203161762762	0.138049541333	0.0567980542998	0.0653633647923	0.00931874058212	0.0612393264071
160178356-lretroauricularcrease3.freeze11.snv.mod.fix.bam	0.0167208607608	0.0146324054247	0.0291194120602	0.0380944827769	0.0449678800857	0.0068733973088	0.232215084463	0.0763211462712	0.246873926032	0.156449097206	0.00667512623259	0.0528326327755	0.0366933671716	0.259272477331	0.208237502313	0.000330451793692	0.0	0.00124249874428	0.0634070901737	0.0302693843022	0.111613397838	0.0183070293706	0.044531683718	0.0664869008909	0.0625875697253	0.0111296164116	0.0407909694134	0.0733602981997	0.0251672086076	0.137388637746	0.09189203479	0.0691305152404	0.0425886271711	0.00811589605308	0.00766648161366	0.0157295053798	0.116107542232	0.0485896317445	0.0586882385598	0.00849922013377	0.0548417796812
160178356-rretroauricularcrease3.freeze11.snv.mod.fix.bam	0.0131784175325	0.0121209717926	0.0245459592355	0.0338118275306	0.041332910355	0.00170513125545	0.215282734555	0.0471356438523	0.240939011817	0.147751605996	0.00379358659159	0.0465672667671	0.025986729056	0.24224760092	0.192693049938	0.00157295053798	0.00124249874428	0.0	0.0560314061385	0.0263436169932	0.0983953260898	0.0147910222857	0.0383588442118	0.058675020488	0.0551193591879	0.00589525999947	0.0360721177995	0.0691833875274	0.0197610172628	0.128109551379	0.087437544611	0.0630369841648	0.0375393237634	0.00290797578449	0.00307981071721	0.0123853332276	0.108295661829	0.0429851693235	0.0554762471251	0.00467919739868	0.0511010653766
160319967-lretroauricularcrease2.freeze11.snv.mod.fix.bam	0.0569963253761	0.0429455151083	0.0394295080234	0.051444735242	0.0459195812515	0.0667116081106	0.268141803474	0.172257911016	0.26697861316	0.183929468369	0.0493298437624	0.0705448489174	0.0778544425939	0.288048219526	0.250892219843	0.0722235440294	0.0634070901737	0.0560314061385	0.0	0.00100457345282	0.147566552991	0.0331377058715	0.0558595712058	0.00126893488778	0.00136146139001	0.0362439527322	0.044214449996	0.0540222592328	0.0275464615222	0.15299918048	0.0721177994554	0.0800222063605	0.055899225421	0.0661432310255	0.0591244349274	0.0300578951543	0.14649588918	0.0543527110265	0.0525153990536	0.0480741269464	0.0533877917889
160319967-rretroauricularcrease2.freeze11.snv.mod.fix.bam	0.0229730086975	0.0176329077114	0.0166415523303	0.026978084437	0.0196817088323	0.0350939804901	0.238136780606	0.115433420573	0.246807835673	0.154003753932	0.0175535992809	0.0389404393687	0.0395749068126	0.264691886748	0.215824675496	0.0397203056018	0.0302693843022	0.0263436169932	0.00100457345282	0.0	0.114653554339	0.00824807677056	0.0324768022841	0.00196949269041	0.00181087582943	0.0077590081159	0.0245856134507	0.0353451238533	0.00744177439395	0.117905199989	0.0561239326407	0.0437253813414	0.0296613530018	0.034102625109	0.0265947603564	0.00572342506675	0.110926058107	0.0307320168134	0.0286171253338	0.0147117138552	0.0338514817458
160400887-rightretroauricularcrease1.freeze11.snv.mod.fix.bam	0.0598249927301	0.0665926454649	0.0758452956883	0.0816480291855	0.112076030349	0.143191371243	0.00912046950591	0.0713908055093	0.0176196896397	0.00754751896793	0.0910196420546	0.0129140560975	0.00676765273482	0.014354825918	0.00437518174849	0.142768392947	0.111613397838	0.0983953260898	0.147566552991	0.114653554339	0.0	0.119861474608	0.14604647474	0.158167446533	0.135709942634	0.0601025722368	0.105493430618	0.00617283950617	0.00503608533587	0.00528722869908	0.0123721151558	0.00333095408042	0.117059243398	0.14574245909	0.135696724562	0.102347529542	0.00867105506649	0.145425225368	0.0881513204854	0.131744521109	0.140666719539
160421117-anteriornares2.freeze11.snv.mod.fix.bam	0.0258545483385	0.0106405477569	0.00592169614297	0.0140772464113	0.00992677188252	0.0170645306263	0.236629920427	0.146984957834	0.240714304597	0.156118645412	0.00719063103075	0.0461310703995	0.0482195257356	0.258651227959	0.218759087424	0.0228011737648	0.0183070293706	0.0147910222857	0.0331377058715	0.00824807677056	0.119861474608	0.0	0.0214529304465	0.034578475692	0.0307187987416	0.0134956512544	0.018703571523	0.0665133370344	0.018597826949	0.142213233933	0.0808549448806	0.0711925344331	0.0251936447511	0.0180162317921	0.0121341898644	0.00129537103127	0.12048272398	0.0222063605361	0.0153858355143	0.00404472995479	0.0262510904909
160502038-anteriornares3.freeze11.snv.mod.fix.bam	0.0530309038517	0.034631347979	0.0304676553784	0.0358474105797	0.0376054141222	0.0468845004891	0.259616147196	0.171980331509	0.26070002908	0.180968620298	0.0290004494144	0.0696195838951	0.0737568403521	0.279297856029	0.24474581648	0.0530837761387	0.044531683718	0.0383588442118	0.0558595712058	0.0324768022841	0.14604647474	0.0214529304465	0.0	0.0542469664525	0.0559785338515	0.0334681576652	0.040394427261	0.0894599095884	0.0389007851535	0.170605652047	0.102889470484	0.100986068152	0.0386760779338	0.0441087054221	0.0361514262299	0.0163904089671	0.145782113305	0.0445449017897	0.0431041319692	0.0257884579797	0.0454437306686
160502038-lretroauricularcrease2.freeze11.snv.mod.fix.bam	0.0666322996801	0.0468712824173	0.0421127765882	0.052753324345	0.0482591799508	0.0696063658234	0.2751473815	0.187828799535	0.271565284056	0.194054511328	0.053176302641	0.0848864567637	0.0897903613821	0.2923176567	0.260977608586	0.0752240463161	0.0664869008909	0.058675020488	0.00126893488778	0.00196949269041	0.158167446533	0.034578475692	0.0542469664525	0.0	0.000356887937188	0.0441087054221	0.0457477463188	0.0695799296799	0.0342744600418	0.170328072541	0.0827319110688	0.100153329632	0.0593359240754	0.0690776429534	0.0626404420123	0.0322256589209	0.1609432416	0.0568377085151	0.0543394929548	0.0514711713855	0.0551061411161
160502038-lretroauricularcrease3.freeze11.snv.mod.fix.bam	0.0568244904433	0.0410421127766	0.0373674888307	0.0463425595474	0.0466597932694	0.0666983900389	0.264890157824	0.178351442092	0.262775266344	0.166111507653	0.0478362016549	0.0593887963624	0.0693948766754	0.287083300288	0.240238454014	0.0727126126841	0.0625875697253	0.0551193591879	0.00136146139001	0.00181087582943	0.135709942634	0.0307187987416	0.0559785338515	0.000356887937188	0.0	0.0303883469479	0.0437518174849	0.0317630264097	0.0143416078462	0.12509583102	0.0544055833135	0.0465011764084	0.0541808760938	0.0655219816533	0.0582520421921	0.0275596795939	0.125201575594	0.0525418351971	0.0532423929997	0.0450471885161	0.0526079255558
160502038-rretroauricularcrease3.freeze11.snv.mod.fix.bam	0.019906416052	0.0080101514791	0.0174346366352	0.0265286699976	0.028445290401	0.0115658127792	0.156805985143	0.125532027388	0.186255848997	0.0897903613821	0.00756073703968	0.0212282232268	0.0194437835409	0.206651333703	0.0975361514262	0.0144341343485	0.0111296164116	0.00589525999947	0.0362439527322	0.0077590081159	0.0601025722368	0.0134956512544	0.0334681576652	0.0441087054221	0.0303883469479	0.0	0.0268591217913	0.0202368678457	0.00465276125519	0.0458667089645	0.0325296745711	0.00885610807095	0.0382530996378	0.017447854707	0.0146852777117	0.0103233140349	0.0468448462738	0.0369577286066	0.0424961006688	0.0140640283395	0.0443466307135
160582958-rretroauricularcrease2.freeze11.snv.mod.fix.bam	0.0301768578	0.0265154519259	0.0272160097285	0.0330716155127	0.0256562772623	0.0440558331351	0.217767732043	0.0444127210722	0.230813968858	0.144420651915	0.0326486372168	0.054220530309	0.030123985513	0.240568905808	0.199606101462	0.0485367594575	0.0407909694134	0.0360721177995	0.044214449996	0.0245856134507	0.105493430618	0.018703571523	0.040394427261	0.0457477463188	0.0437518174849	0.0268591217913	0.0	0.0684960477965	0.0319877336294	0.1343220451	0.082824437571	0.0769291775716	0.0324768022841	0.0440558331351	0.0399978851085	0.019959288339	0.111018584609	0.0381077008486	0.0381870092791	0.0309567240331	0.0391519285167
160603188-leftretroauricularcrease1.freeze11.snv.mod.fix.bam	0.054537764031	0.0408041874851	0.0382927538531	0.0371031273958	0.0654030190076	0.0857456314273	0.00750786475269	0.120059745684	0.0202633039892	0.0115922489227	0.0494884606234	0.0091733417929	0.0091733417929	0.00951701165834	0.00506252147937	0.0853094350596	0.0733602981997	0.0691833875274	0.0540222592328	0.0353451238533	0.00617283950617	0.0665133370344	0.0894599095884	0.0695799296799	0.0317630264097	0.0202368678457	0.0684960477965	0.0	0.000555159013403	0.000304015650197	0.000211489147963	0.000185053004468	0.0783699473921	0.09461495757	0.0859042482883	0.0473471330002	0.00713775874375	0.0914294022788	0.0410421127766	0.0754090993206	0.0867502048801
160603188-lretroauricularcrease2.freeze11.snv.mod.fix.bam	0.0284188542575	0.0148703307162	0.0150157295054	0.0198403256933	0.0314986649748	0.0301372035847	0.00623892986491	0.108771512412	0.0258148941232	0.0128744018823	0.0134163428239	0.00956988394533	0.00580273349724	0.0108916911201	0.00358209744362	0.0339175721046	0.0251672086076	0.0197610172628	0.0275464615222	0.00744177439395	0.00503608533587	0.018597826949	0.0389007851535	0.0342744600418	0.0143416078462	0.00465276125519	0.0319877336294	0.000555159013403	0.0	0.000489068654665	0.000819520448357	0.0	0.0384910249293	0.0325428926428	0.0257884579797	0.0122267163666	0.00452058053771	0.0420731223729	0.0305601818807	0.0200914690565	0.0439897427763
160603188-lretroauricularcrease3.freeze11.snv.mod.fix.bam	0.109908266582	0.0991091019642	0.0882967192746	0.0949057551484	0.136238665503	0.166230470299	0.00693948766754	0.149932587834	0.014566315066	0.0104554947524	0.112261083353	0.0318952071272	0.0217701641685	0.00860496470775	0.00448092632247	0.160824278954	0.137388637746	0.128109551379	0.15299918048	0.117905199989	0.00528722869908	0.142213233933	0.170605652047	0.170328072541	0.12509583102	0.0458667089645	0.1343220451	0.000304015650197	0.000489068654665	0.0	0.00163904089671	0.000158616860972	0.148214238507	0.171266555635	0.159489253708	0.119821820393	0.00697914188278	0.171372300209	0.0954741322336	0.154876146668	0.16397018003
160603188-rightretroauricularcrease1.freeze11.snv.mod.fix.bam	0.0735453512042	0.0615301239855	0.0549871784704	0.0626140058688	0.0816083749703	0.103180268062	0.0170513125545	0.134136992096	0.0360721177995	0.0206069738547	0.0714304597245	0.0281677108943	0.0227747376213	0.0284849446163	0.0109974356941	0.104687128242	0.09189203479	0.087437544611	0.0721177994554	0.0561239326407	0.0123721151558	0.0808549448806	0.102889470484	0.0827319110688	0.0544055833135	0.0325296745711	0.082824437571	0.000211489147963	0.000819520448357	0.00163904089671	0.0	0.000660903587385	0.0926586829513	0.108335316044	0.100325164565	0.0678219261374	0.0110503079811	0.103735427076	0.0642530467655	0.0935310756867	0.0996113886906
160603188-rretroauricularcrease3.freeze11.snv.mod.fix.bam	0.0572871229545	0.0420599043012	0.0388479128665	0.0362307346604	0.0754223173923	0.0872392735348	0.00491712269014	0.118870119227	0.014196209057	0.00904116107542	0.0439897427763	0.00991355381077	0.00572342506675	0.00527401062733	0.00306659264546	0.0854548338488	0.0691305152404	0.0630369841648	0.0800222063605	0.0437253813414	0.00333095408042	0.0711925344331	0.100986068152	0.100153329632	0.0465011764084	0.00885610807095	0.0769291775716	0.000185053004468	0.0	0.000158616860972	0.000660903587385	0.0	0.0867105506649	0.0971131731303	0.0854548338488	0.0501097099955	0.00445449017897	0.104422766807	0.045787400534	0.0745763608005	0.0989504851032
160704339-anteriornares1.freeze11.snv.mod.fix.bam	0.0322917492796	0.0231712797737	0.0272821000872	0.0371031273958	0.0310492505353	0.0545774182462	0.232030031459	0.129285959764	0.231501308589	0.1550479816	0.037142781611	0.05846353134	0.0541544399503	0.251103708991	0.215282734555	0.0522378195469	0.0425886271711	0.0375393237634	0.055899225421	0.0296613530018	0.117059243398	0.0251936447511	0.0386760779338	0.0593359240754	0.0541808760938	0.0382530996378	0.0324768022841	0.0783699473921	0.0384910249293	0.148214238507	0.0926586829513	0.0867105506649	0.0	0.0535596267217	0.0466333571259	0.0215454569487	0.121963148016	0.0412668199963	0.0429455151083	0.0393898538081	0.0410024585613
686765762-anteriornares1.freeze11.snv.mod.fix.bam	0.0444391572157	0.0244005604462	0.031273957755	0.0413064742115	0.0483649245248	0.00263039627779	0.260792555582	0.173407883258	0.258122505089	0.182449044333	0.00416369260052	0.072924101832	0.0720252729532	0.277896740424	0.246067623655	0.0077590081159	0.00811589605308	0.00290797578449	0.0661432310255	0.034102625109	0.14574245909	0.0180162317921	0.0441087054221	0.0690776429534	0.0655219816533	0.017447854707	0.0440558331351	0.09461495757	0.0325428926428	0.171266555635	0.108335316044	0.0971131731303	0.0535596267217	0.0	0.000555159013403	0.014090464483	0.147870568641	0.0522774737621	0.0583577867661	0.00413725645703	0.0577894096809
686765762-anteriornares3.freeze11.snv.mod.fix.bam	0.0332037962302	0.0165358077564	0.0226557749755	0.0351865069924	0.0423507018796	0.00233959869934	0.25253126074	0.16063922595	0.251949665583	0.173645808549	0.00298728421498	0.0639754672588	0.0625743516536	0.270507838317	0.235281677109	0.00774579004415	0.00766648161366	0.00307981071721	0.0591244349274	0.0265947603564	0.135696724562	0.0121341898644	0.0361514262299	0.0626404420123	0.0582520421921	0.0146852777117	0.0399978851085	0.0859042482883	0.0257884579797	0.159489253708	0.100325164565	0.0854548338488	0.0466333571259	0.000555159013403	0.0	0.00884288999921	0.137111058239	0.045840272821	0.0531102122822	0.00375393237634	0.0526343616993
686765762-rretroauricularcrease3.freeze11.snv.mod.fix.bam	0.0205805377112	0.00810267798134	0.00726993946123	0.0147117138552	0.00860496470775	0.0140640283395	0.22409918841	0.140283395458	0.23279667962	0.141909218283	0.00549871784704	0.0319348613424	0.0361249900864	0.250984746345	0.200214132762	0.0203161762762	0.0157295053798	0.0123853332276	0.0300578951543	0.00572342506675	0.102347529542	0.00129537103127	0.0163904089671	0.0322256589209	0.0275596795939	0.0103233140349	0.019959288339	0.0473471330002	0.0122267163666	0.119821820393	0.0678219261374	0.0501097099955	0.0215454569487	0.014090464483	0.00884288999921	0.0	0.0996642609776	0.0199460702673	0.0117244296402	0.0019959288339	0.0249160652444
763961826-leftretroauricularcrease2.freeze11.snv.mod.fix.bam	0.0830755809343	0.078634308827	0.0762154016972	0.082824437571	0.113701853174	0.142147143575	0.0176857799984	0.123694715415	0.0288947048405	0.0159409945277	0.0942712877045	0.034155497396	0.0217040738097	0.0294762999974	0.0111957067703	0.138049541333	0.116107542232	0.108295661829	0.14649588918	0.110926058107	0.00867105506649	0.12048272398	0.145782113305	0.1609432416	0.125201575594	0.0468448462738	0.111018584609	0.00713775874375	0.00452058053771	0.00697914188278	0.0110503079811	0.00445449017897	0.121963148016	0.147870568641	0.137111058239	0.0996642609776	0.0	0.14521373622	0.085864594073	0.131969228329	0.139939725593
764042746-rightretroauricularcrease1.freeze11.snv.mod.fix.bam	0.0548549977529	0.0339440082481	0.0270441747958	0.0404208634044	0.0326750733603	0.0530969942105	0.258466174954	0.171597007429	0.257025405134	0.179197398683	0.0349089274857	0.0692626959579	0.0738758029979	0.27598012002	0.243146429799	0.0567980542998	0.0485896317445	0.0429851693235	0.0543527110265	0.0307320168134	0.145425225368	0.0222063605361	0.0445449017897	0.0568377085151	0.0525418351971	0.0369577286066	0.0381077008486	0.0914294022788	0.0420731223729	0.171372300209	0.103735427076	0.104422766807	0.0412668199963	0.0522774737621	0.045840272821	0.0199460702673	0.14521373622	0.0	0.0391387104449	0.0331244877997	0.00224707219711
764083206-leftretroauricularcrease2.freeze11.snv.mod.fix.bam	0.0479551643006	0.035569831073	0.0271499193698	0.0499907473498	0.00729637560473	0.0605916408914	0.191450551194	0.151333703439	0.218560816348	0.126166494832	0.0461310703995	0.0334020673064	0.0415311814313	0.238586195046	0.159462817564	0.0653633647923	0.0586882385598	0.0554762471251	0.0525153990536	0.0286171253338	0.0881513204854	0.0153858355143	0.0431041319692	0.0543394929548	0.0532423929997	0.0424961006688	0.0381870092791	0.0410421127766	0.0305601818807	0.0954741322336	0.0642530467655	0.045787400534	0.0429455151083	0.0583577867661	0.0531102122822	0.0117244296402	0.085864594073	0.0391387104449	0.0	0.0268591217913	0.0394295080234
764083206-rightretroauricularcrease2.freeze11.snv.mod.fix.bam	0.0334285034499	0.0152007825098	0.0160599571734	0.0290797578449	0.0212017870833	0.00528722869908	0.251817484865	0.16699711846	0.251949665583	0.171015412272	0.00342348058265	0.0533877917889	0.0577629735374	0.270653237106	0.234660427737	0.00931874058212	0.00849922013377	0.00467919739868	0.0480741269464	0.0147117138552	0.131744521109	0.00404472995479	0.0257884579797	0.0514711713855	0.0450471885161	0.0140640283395	0.0309567240331	0.0754090993206	0.0200914690565	0.154876146668	0.0935310756867	0.0745763608005	0.0393898538081	0.00413725645703	0.00375393237634	0.0019959288339	0.131969228329	0.0331244877997	0.0268591217913	0.0	0.0425093187406
764305738-rightretroauricularcrease2.freeze11.snv.mod.fix.bam	0.0562032410712	0.0375789779787	0.028762524123	0.0436857271261	0.0334681576652	0.0583710048378	0.251605995717	0.16903270151	0.251460596928	0.173209612182	0.0422713934491	0.0655219816533	0.0719856187379	0.270269913025	0.236220160203	0.0612393264071	0.0548417796812	0.0511010653766	0.0533877917889	0.0338514817458	0.140666719539	0.0262510904909	0.0454437306686	0.0551061411161	0.0526079255558	0.0443466307135	0.0391519285167	0.0867502048801	0.0439897427763	0.16397018003	0.0996113886906	0.0989504851032	0.0410024585613	0.0577894096809	0.0526343616993	0.0249160652444	0.139939725593	0.00224707219711	0.0394295080234	0.0425093187406	0.0
