	158802708-lretroauricularcrease3.freeze11.snv.mod.fix.bam	158802708-rretroauricularcrease3.freeze11.snv.mod.fix.bam	158883629-anteriornares2.freeze11.snv.mod.fix.bam	158944319-rretroauricularcrease3.freeze11.snv.mod.fix.bam	159207311-rretroauricularcrease3.freeze11.snv.mod.fix.bam	159268001-rretroauricularcrease3.freeze11.snv.mod.fix.bam	159490532-rightretroauricularcrease2.freeze11.snv.mod.fix.bam	159591683-leftretroauricularcrease2.freeze11.snv.mod.fix.bam	159591683-rightretroauricularcrease1.freeze11.snv.mod.fix.bam	159591683-rightretroauricularcrease2.freeze11.snv.mod.fix.bam	159611913-rightretroauricularcrease2.freeze11.snv.mod.fix.bam	159753524-lretroauricularcrease2.freeze11.snv.mod.fix.bam	159753524-lretroauricularcrease3.freeze11.snv.mod.fix.bam	159753524-rretroauricularcrease2.freeze11.snv.mod.fix.bam	159753524-rretroauricularcrease3.freeze11.snv.mod.fix.bam	160178356-lretroauricularcrease2.freeze11.snv.mod.fix.bam	160178356-lretroauricularcrease3.freeze11.snv.mod.fix.bam	160178356-rretroauricularcrease3.freeze11.snv.mod.fix.bam	160319967-lretroauricularcrease2.freeze11.snv.mod.fix.bam	160319967-rretroauricularcrease2.freeze11.snv.mod.fix.bam	160400887-rightretroauricularcrease1.freeze11.snv.mod.fix.bam	160421117-anteriornares2.freeze11.snv.mod.fix.bam	160502038-anteriornares3.freeze11.snv.mod.fix.bam	160502038-lretroauricularcrease2.freeze11.snv.mod.fix.bam	160502038-lretroauricularcrease3.freeze11.snv.mod.fix.bam	160502038-rretroauricularcrease3.freeze11.snv.mod.fix.bam	160582958-rretroauricularcrease2.freeze11.snv.mod.fix.bam	160603188-leftretroauricularcrease1.freeze11.snv.mod.fix.bam	160603188-lretroauricularcrease2.freeze11.snv.mod.fix.bam	160603188-lretroauricularcrease3.freeze11.snv.mod.fix.bam	160603188-rightretroauricularcrease1.freeze11.snv.mod.fix.bam	160603188-rretroauricularcrease3.freeze11.snv.mod.fix.bam	160704339-anteriornares1.freeze11.snv.mod.fix.bam	686765762-anteriornares1.freeze11.snv.mod.fix.bam	686765762-anteriornares3.freeze11.snv.mod.fix.bam	686765762-rretroauricularcrease3.freeze11.snv.mod.fix.bam	763961826-leftretroauricularcrease2.freeze11.snv.mod.fix.bam	764042746-rightretroauricularcrease1.freeze11.snv.mod.fix.bam	764083206-leftretroauricularcrease2.freeze11.snv.mod.fix.bam	764083206-rightretroauricularcrease2.freeze11.snv.mod.fix.bam	764305738-rightretroauricularcrease2.freeze11.snv.mod.fix.bam
158802708-lretroauricularcrease3.freeze11.snv.mod.fix.bam	0.0	0.0874516919153	0.219172306251	0.222201100716	0.180723059468	0.218135966725	0.33642647409	0.184705611293	0.345578097547	0.299420686134	0.202448850883	0.264410339275	0.209090086711	0.360035612963	0.322991499798	0.186274552145	0.156216275503	0.134926553484	0.229383851211	0.197546744731	0.242669355464	0.211134423059	0.227372767925	0.237810328041	0.23321437961	0.20953285713	0.156311382828	0.278700609363	0.255260675862	0.297031194895	0.280922353582	0.274540358139	0.201172627143	0.222159345015	0.215136460148	0.2084883356	0.271475806927	0.230562200269	0.239456256264	0.217382696058	0.235161167827
158802708-rretroauricularcrease3.freeze11.snv.mod.fix.bam	0.0874516919153	0.0	0.15784647448	0.155819356818	0.130820734577	0.15260431067	0.292730598561	0.209001519208	0.302442958813	0.257289461078	0.134396715391	0.2151194669	0.171092111791	0.315883603469	0.278294805454	0.123403659206	0.110056746115	0.094729242254	0.165973468203	0.135070765246	0.20302053387	0.146226572798	0.163856530981	0.174976057897	0.169279285173	0.155818505343	0.127905887443	0.230844433787	0.205178878238	0.250921460618	0.231353345334	0.227942653016	0.152321697385	0.156624072455	0.149906553573	0.143180990207	0.225002857296	0.166490730594	0.177079032643	0.151974487842	0.171210081395
158883629-anteriornares2.freeze11.snv.mod.fix.bam	0.219172306251	0.15784647448	0.0	0.0922889994732	0.119918950361	0.0909469798686	0.213161163549	0.256647376452	0.253837952222	0.2057865455	0.0892232926403	0.133386628823	0.171515916852	0.232589325608	0.195724201645	0.118175275507	0.140075401759	0.156067425391	0.0971891893795	0.096252217433	0.202861631855	0.071760492827	0.0868483425965	0.0959497677576	0.0910344410251	0.0995017213949	0.156075922821	0.147281336826	0.124568977723	0.168643501661	0.146140994132	0.147144781976	0.106669284987	0.0875641943179	0.0870873399095	0.0757810794774	0.160938397918	0.0855386767751	0.0902803843347	0.0784661899333	0.0879358906587
158944319-rretroauricularcrease3.freeze11.snv.mod.fix.bam	0.222201100716	0.155819356818	0.0922889994732	0.0	0.13202436839	0.0908304084736	0.221482906723	0.261969334344	0.261131791766	0.213928527098	0.0830416913068	0.134541401812	0.165183042177	0.239032846666	0.203307854038	0.118241241883	0.141049288876	0.158336835424	0.100562981622	0.0991452170719	0.206952716331	0.0838020839008	0.0935307420231	0.10188477433	0.0937173881667	0.10569583658	0.158381599488	0.152935755059	0.138656853889	0.177341502113	0.158114244498	0.157154343906	0.116196893548	0.0912600093648	0.0890209993548	0.0793998929531	0.170682399959	0.0997227895209	0.0906756343761	0.0865607551583	0.102562682474
159207311-rretroauricularcrease3.freeze11.snv.mod.fix.bam	0.180723059468	0.130820734577	0.119918950361	0.13202436839	0.0	0.120846661905	0.27103501527	0.205322286857	0.283950347205	0.237598505305	0.119388932899	0.19815692201	0.166210578591	0.294749242253	0.258594162575	0.106120242066	0.113339091352	0.111727079236	0.112514489646	0.0934286263772	0.226400025983	0.0932361803884	0.108383527383	0.115175025994	0.117360305277	0.136376609148	0.0904105206929	0.207183226659	0.187462738769	0.228791027817	0.202859650904	0.210540138128	0.117338805274	0.117120248839	0.11544569267	0.0995412121376	0.206944151151	0.10855986803	0.107681522244	0.100946531186	0.111310219924
159268001-rretroauricularcrease3.freeze11.snv.mod.fix.bam	0.218135966725	0.15260431067	0.0909469798686	0.0908304084736	0.120846661905	0.0	0.246144439455	0.268465106781	0.2834935843	0.235364599139	0.0587854469922	0.167672415685	0.199271598078	0.268303424221	0.232333766208	0.0647636401781	0.0994408249535	0.116714920609	0.0863099262303	0.0893640837504	0.24114930537	0.0601248845891	0.0656720178364	0.0809892376684	0.0850876133449	0.0889130759267	0.149028423274	0.186894881816	0.150324109023	0.203733361974	0.181748857262	0.178437304782	0.105475947399	0.0296810636388	0.0374012371088	0.0671702382918	0.192184949786	0.0757652965317	0.1115789162	0.0414229609973	0.0855157262493
159490532-rightretroauricularcrease2.freeze11.snv.mod.fix.bam	0.33642647409	0.292730598561	0.213161163549	0.221482906723	0.27103501527	0.246144439455	0.0	0.307380295668	0.072314173834	0.09559101834	0.236495722076	0.165394438266	0.20307817566	0.0471777843999	0.0435236405526	0.272172270582	0.286350039021	0.300317122838	0.249301495544	0.252185141646	0.133788887247	0.241517187858	0.245547779847	0.249614957594	0.23353126703	0.206405179403	0.297164808477	0.109817231506	0.118198922037	0.0771459950595	0.107139451369	0.0952357765429	0.256212682706	0.247726488812	0.247975395692	0.234492310974	0.0948237246717	0.247062992438	0.221783670291	0.242519856677	0.246236873163
159591683-leftretroauricularcrease2.freeze11.snv.mod.fix.bam	0.184705611293	0.209001519208	0.256647376452	0.261969334344	0.205322286857	0.268465106781	0.307380295668	0.0	0.292358528776	0.251538103787	0.253355611683	0.275135301532	0.197263490925	0.325989475716	0.299917138383	0.239688661831	0.209650804108	0.187927728573	0.272969363435	0.241539444502	0.245170188552	0.262077228397	0.274129226158	0.281807426514	0.270378019564	0.238175435888	0.171629147311	0.276644572071	0.266242374985	0.285513096041	0.277660799971	0.275657931452	0.25019809751	0.275604844512	0.270235880273	0.26027327614	0.264222061155	0.274595488159	0.267733645119	0.268525270572	0.274503580262
159591683-rightretroauricularcrease1.freeze11.snv.mod.fix.bam	0.345578097547	0.302442958813	0.253837952222	0.261131791766	0.283950347205	0.2834935843	0.072314173834	0.292358528776	0.0	0.0929679348152	0.267627722567	0.204065916794	0.211162956571	0.071275069847	0.0857306091182	0.281974971547	0.292452572341	0.30172628237	0.284683330367	0.273417985029	0.140473791392	0.282266685654	0.286923852285	0.291271696524	0.274201186006	0.241740951702	0.302093815275	0.14692542927	0.157373954619	0.114303828599	0.144135205208	0.134315607419	0.288706394204	0.287555970851	0.28599259686	0.276394901502	0.124461679666	0.288810040643	0.259895126061	0.283788101967	0.287108429927
159591683-rightretroauricularcrease2.freeze11.snv.mod.fix.bam	0.299420686134	0.257289461078	0.2057865455	0.213928527098	0.237598505305	0.235364599139	0.09559101834	0.251538103787	0.0929679348152	0.0	0.220966100928	0.162237147069	0.174649319434	0.109056597404	0.0938557739227	0.240538895675	0.250838569659	0.260639459573	0.237935861596	0.225765188078	0.123903670889	0.232068147064	0.239093583626	0.244329831416	0.228031255139	0.196936560208	0.259588603318	0.115754346151	0.119357126319	0.100767008066	0.118162039754	0.105083467905	0.241444903232	0.241236003847	0.238975993684	0.225641049508	0.104377201979	0.240661927136	0.210726106183	0.233832626268	0.239377510214
159611913-rightretroauricularcrease2.freeze11.snv.mod.fix.bam	0.202448850883	0.134396715391	0.0892232926403	0.0830416913068	0.119388932899	0.0587854469922	0.236495722076	0.253355611683	0.267627722567	0.220966100928	0.0	0.149107997324	0.167716701069	0.255172070432	0.21898316214	0.077405574393	0.102912419881	0.116609182388	0.0983288891297	0.0865349751415	0.205597698531	0.0734179581542	0.0860398429797	0.101261324676	0.0970057265777	0.0915965591462	0.145675389869	0.170326403196	0.141370388185	0.191357925509	0.171240303216	0.166323683141	0.113019391075	0.0638974867727	0.0653500721032	0.0693782669769	0.178917412981	0.0936266651525	0.105017750061	0.0644908102679	0.100561925719
159753524-lretroauricularcrease2.freeze11.snv.mod.fix.bam	0.264410339275	0.2151194669	0.133386628823	0.134541401812	0.19815692201	0.167672415685	0.165394438266	0.275135301532	0.204065916794	0.162237147069	0.149107997324	0.0	0.113254155658	0.17132935852	0.138696569019	0.198513967167	0.211778305722	0.225773746901	0.175943175732	0.171558395443	0.156299454069	0.162386492786	0.170001354179	0.179116969516	0.166337186984	0.15043698517	0.225828180683	0.107185147951	0.111100275258	0.126844966567	0.128661212283	0.109565293144	0.18170838547	0.173178362434	0.172984762654	0.152588752618	0.135971480116	0.16807290747	0.129173185974	0.162859487989	0.166302156501
159753524-lretroauricularcrease3.freeze11.snv.mod.fix.bam	0.209090086711	0.171092111791	0.171515916852	0.165183042177	0.166210578591	0.199271598078	0.20307817566	0.197263490925	0.211162956571	0.174649319434	0.167716701069	0.113254155658	0.0	0.212453138249	0.180414186675	0.184063246421	0.175362053707	0.168256554046	0.206867097255	0.177102888439	0.143076230269	0.190599025311	0.2063261034	0.217635509134	0.201300145992	0.162986428154	0.167521671381	0.14948202773	0.148876816782	0.167529662564	0.168665537945	0.15067696569	0.201040329475	0.206076063092	0.20049212978	0.184384193963	0.161826404253	0.208177177337	0.170725261594	0.198387706491	0.208910453803
159753524-rretroauricularcrease2.freeze11.snv.mod.fix.bam	0.360035612963	0.315883603469	0.232589325608	0.239032846666	0.294749242253	0.268303424221	0.0471777843999	0.325989475716	0.071275069847	0.109056597404	0.255172070432	0.17132935852	0.212453138249	0.0	0.045257468876	0.294695328476	0.308929593487	0.323252032801	0.270565850825	0.273401872639	0.14432353278	0.266036572553	0.268640967737	0.272452181194	0.256556650302	0.229250134721	0.320866741085	0.120460854048	0.139160014014	0.0898219121746	0.12532477064	0.10967893045	0.279771585736	0.270011617862	0.271588095258	0.257931785779	0.116903882762	0.268171791035	0.233950647136	0.263137659108	0.265812374731
159753524-rretroauricularcrease3.freeze11.snv.mod.fix.bam	0.322991499798	0.278294805454	0.195724201645	0.203307854038	0.258594162575	0.232333766208	0.0435236405526	0.299917138383	0.0857306091182	0.0938557739227	0.21898316214	0.138696569019	0.180414186675	0.045257468876	0.0	0.260015052225	0.273913027303	0.288271226367	0.235365034682	0.236414716511	0.122409661541	0.226867981972	0.23201546797	0.237107919192	0.220830350026	0.192478663966	0.285396974434	0.0907556217138	0.103104993625	0.0628902352923	0.0957388698469	0.0761913712908	0.242337935174	0.233841735877	0.233876818249	0.218539481466	0.0876365541878	0.231125520817	0.203415122523	0.226713618179	0.229422230704
160178356-lretroauricularcrease2.freeze11.snv.mod.fix.bam	0.186274552145	0.123403659206	0.118175275507	0.118241241883	0.106120242066	0.0647636401781	0.272172270582	0.239688661831	0.281974971547	0.240538895675	0.077405574393	0.198513967167	0.184063246421	0.294695328476	0.260015052225	0.0	0.0564910438448	0.0682900111686	0.108858765832	0.0849785352592	0.224076874659	0.0897241119553	0.0986516196736	0.113972332036	0.115513089303	0.1143915567	0.120776663859	0.213607062927	0.17771838537	0.230052558741	0.208699922639	0.205079445952	0.11918841589	0.0615488079853	0.0661422318759	0.0952180497247	0.207359275253	0.107356012301	0.138021307607	0.0746334130967	0.115878501725
160178356-lretroauricularcrease3.freeze11.snv.mod.fix.bam	0.156216275503	0.110056746115	0.140075401759	0.141049288876	0.113339091352	0.0994408249535	0.286350039021	0.209650804108	0.292452572341	0.250838569659	0.102912419881	0.211778305722	0.175362053707	0.308929593487	0.273913027303	0.0564910438448	0.0	0.0544767513785	0.138382086931	0.109221607162	0.224123825576	0.118305486665	0.130191571457	0.145019215497	0.144262294184	0.132131822675	0.109370880799	0.226668290991	0.192788820058	0.244134125529	0.223231331199	0.219410571878	0.138667568801	0.0987457646828	0.0998948999372	0.121443496593	0.220327136411	0.137866878258	0.160638129823	0.107723942612	0.145054861467
160178356-rretroauricularcrease3.freeze11.snv.mod.fix.bam	0.134926553484	0.094729242254	0.156067425391	0.158336835424	0.111727079236	0.116714920609	0.300317122838	0.187927728573	0.30172628237	0.260639459573	0.116609182388	0.225773746901	0.168256554046	0.323252032801	0.288271226367	0.0682900111686	0.0544767513785	0.0	0.155353411408	0.121470526792	0.227917208258	0.135487721769	0.147755492582	0.162558463822	0.161998933553	0.142588981899	0.0898070240058	0.240315748098	0.205411718432	0.258083710547	0.237156145974	0.232704177473	0.150870911109	0.117158415689	0.11697536834	0.137607314154	0.233574741572	0.155662916554	0.178185881195	0.124922859489	0.16317637253
160319967-lretroauricularcrease2.freeze11.snv.mod.fix.bam	0.229383851211	0.165973468203	0.0971891893795	0.100562981622	0.112514489646	0.0863099262303	0.249301495544	0.272969363435	0.284683330367	0.237935861596	0.0983288891297	0.175943175732	0.206867097255	0.270565850825	0.235365034682	0.108858765832	0.138382086931	0.155353411408	0.0	0.0549316974111	0.237751956553	0.0737825250142	0.075000513047	0.0250389449714	0.0329538336648	0.108645520166	0.144580032954	0.160845802428	0.149093292467	0.191709666499	0.154385460572	0.174175267975	0.104609514963	0.0810196294928	0.0846393502904	0.0798149129916	0.194186039434	0.0767021165788	0.101854773689	0.0754286208903	0.0806751215353
160319967-rretroauricularcrease2.freeze11.snv.mod.fix.bam	0.197546744731	0.135070765246	0.096252217433	0.0991452170719	0.0934286263772	0.0893640837504	0.252185141646	0.241539444502	0.273417985029	0.225765188078	0.0865349751415	0.171558395443	0.177102888439	0.273401872639	0.236414716511	0.0849785352592	0.109221607162	0.121470526792	0.0549316974111	0.0	0.216421663108	0.0725586943981	0.0837755503019	0.0598709129115	0.0585940241121	0.102295766357	0.121708595763	0.167341157164	0.147627565065	0.196001053523	0.164313686774	0.173307871918	0.104591175712	0.0860348609319	0.0859077331717	0.0745486477722	0.189811615081	0.0873567430632	0.1022716435	0.0746172862317	0.0931910856703
160400887-rightretroauricularcrease1.freeze11.snv.mod.fix.bam	0.242669355464	0.20302053387	0.202861631855	0.206952716331	0.226400025983	0.24114930537	0.133788887247	0.245170188552	0.140473791392	0.123903670889	0.205597698531	0.156299454069	0.143076230269	0.14432353278	0.122409661541	0.224076874659	0.224123825576	0.227917208258	0.237751956553	0.216421663108	0.0	0.231003273063	0.24178813308	0.248598019332	0.231643263926	0.192178961418	0.23930453171	0.124485637154	0.130552487106	0.121603167198	0.137502071719	0.118383572962	0.232428823864	0.243106464439	0.237798167509	0.22033613722	0.121171691328	0.243702335452	0.211803991846	0.235965317599	0.243618154865
160421117-anteriornares2.freeze11.snv.mod.fix.bam	0.211134423059	0.146226572798	0.071760492827	0.0838020839008	0.0932361803884	0.0601248845891	0.241517187858	0.262077228397	0.282266685654	0.232068147064	0.0734179581542	0.162386492786	0.190599025311	0.266036572553	0.226867981972	0.0897241119553	0.118305486665	0.135487721769	0.0737825250142	0.0725586943981	0.231003273063	0.0	0.056761064901	0.0689134703143	0.0732477276864	0.0977142450701	0.134038863503	0.175224762412	0.146104481782	0.196450833081	0.170377440451	0.173022073222	0.0864698378345	0.0554219260114	0.0565548524508	0.0501221077287	0.18395779624	0.0606586396882	0.0868196783645	0.0440872571174	0.068444094032
160502038-anteriornares3.freeze11.snv.mod.fix.bam	0.227372767925	0.163856530981	0.0868483425965	0.0935307420231	0.108383527383	0.0656720178364	0.245547779847	0.274129226158	0.286923852285	0.239093583626	0.0860398429797	0.170001354179	0.2063261034	0.268640967737	0.23201546797	0.0986516196736	0.130191571457	0.147755492582	0.075000513047	0.0837755503019	0.24178813308	0.056761064901	0.0	0.0635672285077	0.0725610180815	0.109590140592	0.143616217661	0.181939019533	0.154554857891	0.201220378268	0.175965473453	0.180127042152	0.0870784729772	0.0581129570623	0.0636295524091	0.0649309632829	0.189375331077	0.0612939060185	0.0983576253099	0.0535332145666	0.0694597945574
160502038-lretroauricularcrease2.freeze11.snv.mod.fix.bam	0.237810328041	0.174976057897	0.0959497677576	0.10188477433	0.115175025994	0.0809892376684	0.249614957594	0.281807426514	0.291271696524	0.244329831416	0.101261324676	0.179116969516	0.217635509134	0.272452181194	0.237107919192	0.113972332036	0.145019215497	0.162558463822	0.0250389449714	0.0598709129115	0.248598019332	0.0689134703143	0.0635672285077	0.0	0.0226869422073	0.109032963689	0.14714825905	0.163313575122	0.150072658854	0.19315880469	0.154682040051	0.176468709354	0.100834425106	0.0742055478865	0.079789496688	0.0781078083057	0.19695855875	0.0679498693239	0.102002507461	0.0693105229493	0.0724228764345
160502038-lretroauricularcrease3.freeze11.snv.mod.fix.bam	0.23321437961	0.169279285173	0.0910344410251	0.0937173881667	0.117360305277	0.0850876133449	0.23353126703	0.270378019564	0.274201186006	0.228031255139	0.0970057265777	0.166337186984	0.201300145992	0.256556650302	0.220830350026	0.115513089303	0.144262294184	0.161998933553	0.0329538336648	0.0585940241121	0.231643263926	0.0732477276864	0.0725610180815	0.0226869422073	0.0	0.0945014851069	0.14828199296	0.147977906934	0.133363530195	0.177322349777	0.139747887219	0.159905414476	0.105814052451	0.0822348546473	0.0858491543574	0.0773340558351	0.180841086875	0.0770096116913	0.0979180655036	0.073898869809	0.0803111590105
160502038-rretroauricularcrease3.freeze11.snv.mod.fix.bam	0.20953285713	0.155818505343	0.0995017213949	0.10569583658	0.136376609148	0.0889130759267	0.206405179403	0.238175435888	0.241740951702	0.196936560208	0.0915965591462	0.15043698517	0.162986428154	0.229250134721	0.192478663966	0.1143915567	0.132131822675	0.142588981899	0.108645520166	0.102295766357	0.192178961418	0.0977142450701	0.109590140592	0.109032963689	0.0945014851069	0.0	0.158758130892	0.138121249075	0.106504667517	0.157042889316	0.134229260715	0.133283511803	0.131110880657	0.0934239742482	0.0945384162648	0.0949937454472	0.155039893696	0.112362201524	0.116422499249	0.0892827940266	0.117900104351
160582958-rretroauricularcrease2.freeze11.snv.mod.fix.bam	0.156311382828	0.127905887443	0.156075922821	0.158381599488	0.0904105206929	0.149028423274	0.297164808477	0.171629147311	0.302093815275	0.259588603318	0.145675389869	0.225828180683	0.167521671381	0.320866741085	0.285396974434	0.120776663859	0.109370880799	0.0898070240058	0.144580032954	0.121708595763	0.23930453171	0.134038863503	0.143616217661	0.14714825905	0.14828199296	0.158758130892	0.0	0.232954702419	0.212560497793	0.254806528041	0.229141956159	0.236188494425	0.143215853045	0.148010622543	0.146298115093	0.142159765736	0.230695488498	0.146056451564	0.164569986746	0.142812934981	0.148497046668
160603188-leftretroauricularcrease1.freeze11.snv.mod.fix.bam	0.278700609363	0.230844433787	0.147281336826	0.152935755059	0.207183226659	0.186894881816	0.109817231506	0.276644572071	0.14692542927	0.115754346151	0.170326403196	0.107185147951	0.14948202773	0.120460854048	0.0907556217138	0.213607062927	0.226668290991	0.240315748098	0.160845802428	0.167341157164	0.124485637154	0.175224762412	0.181939019533	0.163313575122	0.147977906934	0.138121249075	0.232954702419	0.0	0.0523191519476	0.0545523281235	0.051988970648	0.0445836106446	0.195721627401	0.187794360749	0.187532475894	0.16691600798	0.086756084827	0.182503895726	0.146145840844	0.175676818368	0.182534435572
160603188-lretroauricularcrease2.freeze11.snv.mod.fix.bam	0.255260675862	0.205178878238	0.124568977723	0.138656853889	0.187462738769	0.150324109023	0.118198922037	0.266242374985	0.157373954619	0.119357126319	0.141370388185	0.111100275258	0.148876816782	0.139160014014	0.103104993625	0.17771838537	0.192788820058	0.205411718432	0.149093292467	0.147627565065	0.130552487106	0.146104481782	0.154554857891	0.150072658854	0.133363530195	0.106504667517	0.212560497793	0.0523191519476	0.0	0.0650832388123	0.0571026474165	0.0406297157829	0.174103326815	0.150709123124	0.151482931613	0.139319184513	0.0838774171269	0.158179312691	0.139199605827	0.142460747759	0.162871971019
160603188-lretroauricularcrease3.freeze11.snv.mod.fix.bam	0.297031194895	0.250921460618	0.168643501661	0.177341502113	0.228791027817	0.203733361974	0.0771459950595	0.285513096041	0.114303828599	0.100767008066	0.191357925509	0.126844966567	0.167529662564	0.0898219121746	0.0628902352923	0.230052558741	0.244134125529	0.258083710547	0.191709666499	0.196001053523	0.121603167198	0.196450833081	0.201220378268	0.19315880469	0.177322349777	0.157042889316	0.254806528041	0.0545523281235	0.0650832388123	0.0	0.0625149585193	0.0482190933137	0.215542420048	0.204577110825	0.204896596766	0.18911886715	0.0771939533352	0.202762121163	0.173750367262	0.194698622716	0.204283881698
160603188-rightretroauricularcrease1.freeze11.snv.mod.fix.bam	0.280922353582	0.231353345334	0.146140994132	0.158114244498	0.202859650904	0.181748857262	0.107139451369	0.277660799971	0.144135205208	0.118162039754	0.171240303216	0.128661212283	0.168665537945	0.12532477064	0.0957388698469	0.208699922639	0.223231331199	0.237156145974	0.154385460572	0.164313686774	0.137502071719	0.170377440451	0.175965473453	0.154682040051	0.139747887219	0.134229260715	0.229141956159	0.051988970648	0.0571026474165	0.0625149585193	0.0	0.0579202997299	0.190972867932	0.181749023609	0.181801420479	0.164655217988	0.0864453647337	0.176490829022	0.151149314885	0.171278743068	0.176447125106
160603188-rretroauricularcrease3.freeze11.snv.mod.fix.bam	0.274540358139	0.227942653016	0.147144781976	0.157154343906	0.210540138128	0.178437304782	0.0952357765429	0.275657931452	0.134315607419	0.105083467905	0.166323683141	0.109565293144	0.15067696569	0.10967893045	0.0761913712908	0.205079445952	0.219410571878	0.232704177473	0.174175267975	0.173307871918	0.118383572962	0.173022073222	0.180127042152	0.176468709354	0.159905414476	0.133283511803	0.236188494425	0.0445836106446	0.0406297157829	0.0482190933137	0.0579202997299	0.0	0.197249041884	0.179286128714	0.179926944112	0.165130089868	0.0780018620531	0.182954611318	0.155942611712	0.169853109091	0.186698121362
160704339-anteriornares1.freeze11.snv.mod.fix.bam	0.201172627143	0.152321697385	0.106669284987	0.116196893548	0.117338805274	0.105475947399	0.256212682706	0.25019809751	0.288706394204	0.241444903232	0.113019391075	0.18170838547	0.201040329475	0.279771585736	0.242337935174	0.11918841589	0.138667568801	0.150870911109	0.104609514963	0.104591175712	0.232428823864	0.0864698378345	0.0870784729772	0.100834425106	0.105814052451	0.131110880657	0.143215853045	0.195721627401	0.174103326815	0.215542420048	0.190972867932	0.197249041884	0.0	0.0993417601349	0.0992973884014	0.091736632769	0.19637343352	0.0893662170036	0.122760716938	0.092651954639	0.0914244097634
686765762-anteriornares1.freeze11.snv.mod.fix.bam	0.222159345015	0.156624072455	0.0875641943179	0.0912600093648	0.117120248839	0.0296810636388	0.247726488812	0.275604844512	0.287555970851	0.241236003847	0.0638974867727	0.173178362434	0.206076063092	0.270011617862	0.233841735877	0.0615488079853	0.0987457646828	0.117158415689	0.0810196294928	0.0860348609319	0.243106464439	0.0554219260114	0.0581129570623	0.0742055478865	0.0822348546473	0.0934239742482	0.148010622543	0.187794360749	0.150709123124	0.204577110825	0.181749023609	0.179286128714	0.0993417601349	0.0	0.0275024677173	0.0623813717911	0.192322291918	0.067357768553	0.108356900197	0.032979274164	0.0783785872764
686765762-anteriornares3.freeze11.snv.mod.fix.bam	0.215136460148	0.149906553573	0.0870873399095	0.0890209993548	0.11544569267	0.0374012371088	0.247975395692	0.270235880273	0.28599259686	0.238975993684	0.0653500721032	0.172984762654	0.20049212978	0.271588095258	0.233876818249	0.0661422318759	0.0998948999372	0.11697536834	0.0846393502904	0.0859077331717	0.237798167509	0.0565548524508	0.0636295524091	0.079789496688	0.0858491543574	0.0945384162648	0.146298115093	0.187532475894	0.151482931613	0.204896596766	0.181801420479	0.179926944112	0.0992973884014	0.0275024677173	0.0	0.0620545507328	0.191993782818	0.0731999919172	0.110640458377	0.0405057378243	0.0834551149875
686765762-rretroauricularcrease3.freeze11.snv.mod.fix.bam	0.2084883356	0.143180990207	0.0757810794774	0.0793998929531	0.0995412121376	0.0671702382918	0.234492310974	0.26027327614	0.276394901502	0.225641049508	0.0693782669769	0.152588752618	0.184384193963	0.257931785779	0.218539481466	0.0952180497247	0.121443496593	0.137607314154	0.0798149129916	0.0745486477722	0.22033613722	0.0501221077287	0.0649309632829	0.0781078083057	0.0773340558351	0.0949937454472	0.142159765736	0.16691600798	0.139319184513	0.18911886715	0.164655217988	0.165130089868	0.091736632769	0.0623813717911	0.0620545507328	0.0	0.177505454034	0.0695141502114	0.0821857393086	0.0495620887231	0.0761874259796
763961826-leftretroauricularcrease2.freeze11.snv.mod.fix.bam	0.271475806927	0.225002857296	0.160938397918	0.170682399959	0.206944151151	0.192184949786	0.0948237246717	0.264222061155	0.124461679666	0.104377201979	0.178917412981	0.135971480116	0.161826404253	0.116903882762	0.0876365541878	0.207359275253	0.220327136411	0.233574741572	0.194186039434	0.189811615081	0.121171691328	0.18395779624	0.189375331077	0.19695855875	0.180841086875	0.155039893696	0.230695488498	0.086756084827	0.0838774171269	0.0771939533352	0.0864453647337	0.0780018620531	0.19637343352	0.192322291918	0.191993782818	0.177505454034	0.0	0.191582901161	0.170390493773	0.185699822035	0.191478049681
764042746-rightretroauricularcrease1.freeze11.snv.mod.fix.bam	0.230562200269	0.166490730594	0.0855386767751	0.0997227895209	0.10855986803	0.0757652965317	0.247062992438	0.274595488159	0.288810040643	0.240661927136	0.0936266651525	0.16807290747	0.208177177337	0.268171791035	0.231125520817	0.107356012301	0.137866878258	0.155662916554	0.0767021165788	0.0873567430632	0.243702335452	0.0606586396882	0.0612939060185	0.0679498693239	0.0770096116913	0.112362201524	0.146056451564	0.182503895726	0.158179312691	0.202762121163	0.176490829022	0.182954611318	0.0893662170036	0.067357768553	0.0731999919172	0.0695141502114	0.191582901161	0.0	0.0974566043179	0.0606492922035	0.0266197590653
764083206-leftretroauricularcrease2.freeze11.snv.mod.fix.bam	0.239456256264	0.177079032643	0.0902803843347	0.0906756343761	0.107681522244	0.1115789162	0.221783670291	0.267733645119	0.259895126061	0.210726106183	0.105017750061	0.129173185974	0.170725261594	0.233950647136	0.203415122523	0.138021307607	0.160638129823	0.178185881195	0.101854773689	0.1022716435	0.211803991846	0.0868196783645	0.0983576253099	0.102002507461	0.0979180655036	0.116422499249	0.164569986746	0.146145840844	0.139199605827	0.173750367262	0.151149314885	0.155942611712	0.122760716938	0.108356900197	0.110640458377	0.0821857393086	0.170390493773	0.0974566043179	0.0	0.0833687263969	0.0975788112179
764083206-rightretroauricularcrease2.freeze11.snv.mod.fix.bam	0.217382696058	0.151974487842	0.0784661899333	0.0865607551583	0.100946531186	0.0414229609973	0.242519856677	0.268525270572	0.283788101967	0.233832626268	0.0644908102679	0.162859487989	0.198387706491	0.263137659108	0.226713618179	0.0746334130967	0.107723942612	0.124922859489	0.0754286208903	0.0746172862317	0.235965317599	0.0440872571174	0.0535332145666	0.0693105229493	0.073898869809	0.0892827940266	0.142812934981	0.175676818368	0.142460747759	0.194698622716	0.171278743068	0.169853109091	0.092651954639	0.032979274164	0.0405057378243	0.0495620887231	0.185699822035	0.0606492922035	0.0833687263969	0.0	0.0705409823677
764305738-rightretroauricularcrease2.freeze11.snv.mod.fix.bam	0.235161167827	0.171210081395	0.0879358906587	0.102562682474	0.111310219924	0.0855157262493	0.246236873163	0.274503580262	0.287108429927	0.239377510214	0.100561925719	0.166302156501	0.208910453803	0.265812374731	0.229422230704	0.115878501725	0.145054861467	0.16317637253	0.0806751215353	0.0931910856703	0.243618154865	0.068444094032	0.0694597945574	0.0724228764345	0.0803111590105	0.117900104351	0.148497046668	0.182534435572	0.162871971019	0.204283881698	0.176447125106	0.186698121362	0.0914244097634	0.0783785872764	0.0834551149875	0.0761874259796	0.191478049681	0.0266197590653	0.0975788112179	0.0705409823677	0.0
