	147406386-tonguedorsum3.freeze11.snv.mod.fix.bam	158155345-tonguedorsum2.freeze11.snv.mod.fix.bam	158256496-tonguedorsum2.freeze11.snv.mod.fix.bam	158458797-tonguedorsum1.freeze11.snv.mod.fix.bam	158458797-tonguedorsum2.freeze11.snv.mod.fix.bam	158499257-tonguedorsum1.freeze11.snv.mod.fix.bam	158499257-tonguedorsum2.freeze11.snv.mod.fix.bam	158802708-tonguedorsum1.freeze11.snv.mod.fix.bam	158802708-tonguedorsum2.freeze11.snv.mod.fix.bam	158802708-tonguedorsum3.freeze11.snv.mod.fix.bam	158883629-tonguedorsum2.freeze11.snv.mod.fix.bam	158944319-tonguedorsum1.freeze11.snv.mod.fix.bam	158944319-tonguedorsum2.freeze11.snv.mod.fix.bam	158944319-tonguedorsum3.freeze11.snv.mod.fix.bam	159207311-tonguedorsum1.freeze11.snv.mod.fix.bam	159207311-tonguedorsum2.freeze11.snv.mod.fix.bam	159207311-tonguedorsum3.freeze11.snv.mod.fix.bam	159227541-tonguedorsum2.freeze11.snv.mod.fix.bam	159227541-tonguedorsum3.freeze11.snv.mod.fix.bam	159247771-tonguedorsum2.freeze11.snv.mod.fix.bam	159268001-tonguedorsum1.freeze11.snv.mod.fix.bam	159268001-tonguedorsum2.freeze11.snv.mod.fix.bam	159268001-tonguedorsum3.freeze11.snv.mod.fix.bam	159551223-tonguedorsum1.freeze11.snv.mod.fix.bam	159571453-tonguedorsum1.freeze11.snv.mod.fix.bam	159591683-tonguedorsum1.freeze11.snv.mod.fix.bam	159591683-tonguedorsum2.freeze11.snv.mod.fix.bam	159611913-tonguedorsum1.freeze11.snv.mod.fix.bam	159611913-tonguedorsum2.freeze11.snv.mod.fix.bam	159632143-tonguedorsum1.freeze11.snv.mod.fix.bam	159753524-tonguedorsum1.freeze11.snv.mod.fix.bam	159753524-tonguedorsum3.freeze11.snv.mod.fix.bam	160178356-tonguedorsum2.freeze11.snv.mod.fix.bam	160178356-tonguedorsum3.freeze11.snv.mod.fix.bam	160319967-tonguedorsum2.freeze11.snv.mod.fix.bam	160319967-tonguedorsum3.freeze11.snv.mod.fix.bam	160400887-tonguedorsum1.freeze11.snv.mod.fix.bam	160421117-tonguedorsum2.freeze11.snv.mod.fix.bam	160421117-tonguedorsum3.freeze11.snv.mod.fix.bam	160502038-tonguedorsum1.freeze11.snv.mod.fix.bam	160502038-tonguedorsum3.freeze11.snv.mod.fix.bam	160582958-tonguedorsum1.freeze11.snv.mod.fix.bam	160582958-tonguedorsum2.freeze11.snv.mod.fix.bam	160582958-tonguedorsum3.freeze11.snv.mod.fix.bam	160603188-tonguedorsum2.freeze11.snv.mod.fix.bam	160603188-tonguedorsum3.freeze11.snv.mod.fix.bam	160643649-tonguedorsum1.freeze11.snv.mod.fix.bam	160704339-supragingivalplaque1.freeze11.snv.mod.fix.bam	160704339-tonguedorsum1.freeze11.snv.mod.fix.bam	234447334-tonguedorsum2.freeze11.snv.mod.fix.bam	246515023-tonguedorsum1.freeze11.snv.mod.fix.bam	338793263-tonguedorsum2.freeze11.snv.mod.fix.bam	370027359-tonguedorsum3.freeze11.snv.mod.fix.bam	375450439-tonguedorsum3.freeze11.snv.mod.fix.bam	508703490-tonguedorsum1.freeze11.snv.mod.fix.bam	508703490-tonguedorsum2.freeze11.snv.mod.fix.bam	550534656-tonguedorsum1.freeze11.snv.mod.fix.bam	550534656-tonguedorsum2.freeze11.snv.mod.fix.bam	550534656-tonguedorsum3.freeze11.snv.mod.fix.bam	604812005-tonguedorsum3.freeze11.snv.mod.fix.bam	638754422-tonguedorsum2.freeze11.snv.mod.fix.bam	638754422-tonguedorsum3.freeze11.snv.mod.fix.bam	663835652-tonguedorsum2.freeze11.snv.mod.fix.bam	663835652-tonguedorsum3.freeze11.snv.mod.fix.bam	675950834-tonguedorsum2.freeze11.snv.mod.fix.bam	675950834-tonguedorsum3.freeze11.snv.mod.fix.bam	682102541-tonguedorsum3.freeze11.snv.mod.fix.bam	686765762-tonguedorsum1.freeze11.snv.mod.fix.bam	686765762-tonguedorsum2.freeze11.snv.mod.fix.bam	686765762-tonguedorsum3.freeze11.snv.mod.fix.bam	706846339-tonguedorsum1.freeze11.snv.mod.fix.bam	737052003-tonguedorsum1.freeze11.snv.mod.fix.bam	737052003-tonguedorsum2.freeze11.snv.mod.fix.bam	739574095-tonguedorsum2.freeze11.snv.mod.fix.bam	763395383-anteriornares3.freeze11.snv.mod.fix.bam	763395383-tonguedorsum3.freeze11.snv.mod.fix.bam	763557224-tonguedorsum3.freeze11.snv.mod.fix.bam	763577454-tonguedorsum1.freeze11.snv.mod.fix.bam	763577454-tonguedorsum2.freeze11.snv.mod.fix.bam	763759525-tonguedorsum2.freeze11.snv.mod.fix.bam	763820215-tonguedorsum1.freeze11.snv.mod.fix.bam	763820215-tonguedorsum2.freeze11.snv.mod.fix.bam	763901136-tonguedorsum2.freeze11.snv.mod.fix.bam	763901136-tonguedorsum3.freeze11.snv.mod.fix.bam	763961826-tonguedorsum1.freeze11.snv.mod.fix.bam	763961826-tonguedorsum2.freeze11.snv.mod.fix.bam	763982056-tonguedorsum1.freeze11.snv.mod.fix.bam	763982056-tonguedorsum2.freeze11.snv.mod.fix.bam	763982056-tonguedorsum3.freeze11.snv.mod.fix.bam	764042746-tonguedorsum1.freeze11.snv.mod.fix.bam	764042746-tonguedorsum2.freeze11.snv.mod.fix.bam	764062976-tonguedorsum2.freeze11.snv.mod.fix.bam	764143897-tonguedorsum1.freeze11.snv.mod.fix.bam	764143897-tonguedorsum2.freeze11.snv.mod.fix.bam	764285508-tonguedorsum1.freeze11.snv.mod.fix.bam	764285508-tonguedorsum2.freeze11.snv.mod.fix.bam	764325968-tonguedorsum1.freeze11.snv.mod.fix.bam	764325968-tonguedorsum2.freeze11.snv.mod.fix.bam	764467579-tonguedorsum3.freeze11.snv.mod.fix.bam	764487809-tonguedorsum1.freeze11.snv.mod.fix.bam	764487809-tonguedorsum2.freeze11.snv.mod.fix.bam	764588959-tonguedorsum1.freeze11.snv.mod.fix.bam	764588959-tonguedorsum2.freeze11.snv.mod.fix.bam	764811490-tonguedorsum1.freeze11.snv.mod.fix.bam	764811490-tonguedorsum2.freeze11.snv.mod.fix.bam	764872181-tonguedorsum1.freeze11.snv.mod.fix.bam	764892411-tonguedorsum2.freeze11.snv.mod.fix.bam	765013792-tonguedorsum3.freeze11.snv.mod.fix.bam	765034022-tonguedorsum1.freeze11.snv.mod.fix.bam	765074482-tonguedorsum1.freeze11.snv.mod.fix.bam	765074482-tonguedorsum3.freeze11.snv.mod.fix.bam	765094712-tonguedorsum1.freeze11.snv.mod.fix.bam	765094712-tonguedorsum2.freeze11.snv.mod.fix.bam	765135172-tonguedorsum1.freeze11.snv.mod.fix.bam	765135172-tonguedorsum2.freeze11.snv.mod.fix.bam	765155402-tonguedorsum3.freeze11.snv.mod.fix.bam	765195863-tonguedorsum3.freeze11.snv.mod.fix.bam	765216093-tonguedorsum3.freeze11.snv.mod.fix.bam	765337473-tonguedorsum2.freeze11.snv.mod.fix.bam	765337473-tonguedorsum3.freeze11.snv.mod.fix.bam	765560005-tonguedorsum1.freeze11.snv.mod.fix.bam	765620695-tonguedorsum1.freeze11.snv.mod.fix.bam	765640925-tonguedorsum1.freeze11.snv.mod.fix.bam	823052294-tonguedorsum1.freeze11.snv.mod.fix.bam	823052294-tonguedorsum2.freeze11.snv.mod.fix.bam	823052294-tonguedorsum3.freeze11.snv.mod.fix.bam	857980665-tonguedorsum2.freeze11.snv.mod.fix.bam	857980665-tonguedorsum3.freeze11.snv.mod.fix.bam	861967750-tonguedorsum1.freeze11.snv.mod.fix.bam	863126187-tonguedorsum3.freeze11.snv.mod.fix.bam	NG-5636_312.freeze11.snv.mod.fix.bam	NLM027.freeze11.snv.mod.fix.bam
147406386-tonguedorsum3.freeze11.snv.mod.fix.bam	0.0	0.131417104844	0.139040753443	0.10087168852	0.120889457999	0.122946979818	0.128591317886	0.148239542896	0.143047713395	0.156690237065	0.13507844527	0.173105278499	0.167726310765	0.173311503195	0.13655293435	0.142828758817	0.14568518845	0.145424936136	0.133492549284	0.130710790096	0.137085298223	0.162740724244	0.141343185971	0.1352774739	0.133433310721	0.14938239007	0.136302518455	0.141017347343	0.119878720837	0.130888055812	0.145945187065	0.127891652562	0.132405650913	0.136958385686	0.119406306891	0.12469862709	0.122370476191	0.122258296374	0.124709342552	0.140044144401	0.139539776525	0.160984085482	0.129950992188	0.155125908327	0.122818737476	0.125970978881	0.114417724753	0.153833320449	0.126543867535	0.123539777405	0.120924080533	0.134619377024	0.130945719202	0.135309752768	0.139223994953	0.13328403182	0.139295699073	0.138729629199	0.134812595061	0.125672000793	0.11621891823	0.129473368379	0.116014261932	0.112080372454	0.130352458956	0.134833899954	0.130619450617	0.133946284783	0.138308426748	0.133192155243	0.127161335319	0.126917406882	0.12245717388	0.128267184986	0.145405044736	0.130937918004	0.144011143015	0.105743079186	0.119884382919	0.117519554046	0.137232625341	0.132527600438	0.136032195782	0.143639485895	0.118409087326	0.120004097682	0.137778294494	0.147090832052	0.136008309645	0.111816755325	0.114673025161	0.123495373324	0.158769918847	0.152131953765	0.132514320328	0.130032320938	0.107810566362	0.0977317131929	0.116037564769	0.147925478668	0.146667530953	0.113618836067	0.118029638264	0.123076573576	0.116874641398	0.148260812879	0.103734568544	0.115524323112	0.114507923863	0.115268524124	0.127029181965	0.121536462791	0.115684826486	0.137630174579	0.142410984494	0.123796249546	0.108626069844	0.123113145067	0.125724387198	0.126556929698	0.106501712857	0.132223087281	0.114120128057	0.124871006575	0.123874491042	0.120898828223	0.114806495666	0.106727639094	0.12602115979	0.129182602521	0.152007671885	0.133199263927
158155345-tonguedorsum2.freeze11.snv.mod.fix.bam	0.131417104844	0.0	0.142580655641	0.135012945909	0.14520553944	0.137682339704	0.142902841148	0.15723626252	0.151635614357	0.161164045641	0.150039096059	0.180256979769	0.174911563887	0.179425049192	0.149341061687	0.155758724513	0.157284112371	0.154306921298	0.145850194294	0.140957147266	0.154975645912	0.169779756736	0.155150497635	0.157991192555	0.146517153521	0.158590051085	0.145240721735	0.159714865748	0.149427043122	0.141594982955	0.154289920185	0.141393678955	0.146830407823	0.155527837457	0.14121858171	0.147606144366	0.144112700142	0.147533715976	0.151844144648	0.148160244809	0.148017583392	0.157844753968	0.13971009803	0.153104250191	0.143100816384	0.1442673245	0.138251362888	0.160061691858	0.142635217918	0.146738721777	0.133570701723	0.144394542283	0.146212825066	0.147614378523	0.144309530773	0.137974418103	0.146682342471	0.14492453131	0.144362175229	0.139817612373	0.143500164085	0.146173808025	0.130161265905	0.133784151765	0.144448236448	0.149412765886	0.15006427997	0.147587094409	0.150799908292	0.145751857009	0.144531701559	0.142621314999	0.140846192338	0.15661043045	0.155807270598	0.138797868329	0.145760788654	0.128533273328	0.130341031387	0.136590483791	0.144956461295	0.146325300997	0.14472420051	0.149469430535	0.135906833712	0.134356911605	0.152565836833	0.154140895553	0.150043306559	0.137426412068	0.137839904277	0.142344937899	0.165542612875	0.160623577519	0.143827268616	0.144414517465	0.12840346661	0.12667887599	0.138799586977	0.154218199471	0.154410991507	0.125459197935	0.139404966616	0.135246896403	0.133039538389	0.154787770477	0.126946136165	0.136267771269	0.128415461296	0.144582740681	0.14906367701	0.14202401432	0.137171378228	0.13912860393	0.143499798625	0.135386250185	0.137939284952	0.139658567074	0.141548605562	0.140661897432	0.131054940026	0.150511427094	0.13718493449	0.137089329601	0.13986078487	0.133537892573	0.150945494314	0.144985486603	0.141805194969	0.14256161133	0.15317446748	0.145297798516
158256496-tonguedorsum2.freeze11.snv.mod.fix.bam	0.139040753443	0.142580655641	0.0	0.14130272775	0.143076502295	0.132348591244	0.139229404878	0.145631086124	0.137847663967	0.148149211878	0.146738389642	0.180395271911	0.176224831469	0.180466182573	0.142956848175	0.148996827778	0.150588018083	0.157497000848	0.14806886267	0.134802489727	0.152954057129	0.169999466867	0.153850060386	0.152533615478	0.146069343452	0.155769919109	0.141269814214	0.156354933186	0.149295435934	0.139715492397	0.149343690132	0.137794495217	0.144502035862	0.150800679914	0.141039916339	0.149688928829	0.136763517308	0.149130297092	0.153609179573	0.147977177132	0.146900461644	0.163627359621	0.141696166434	0.158994121206	0.139025961036	0.141478093888	0.138041438182	0.159703310737	0.136144513681	0.144271077526	0.131386135768	0.142503000386	0.134351894339	0.139226569868	0.133035941909	0.131087995501	0.142799690074	0.142538658957	0.139615473559	0.138049764286	0.146783786262	0.140956182248	0.130795720223	0.132954502901	0.142543083634	0.147336383785	0.147388576427	0.139994886083	0.147110207582	0.14704018807	0.141597278587	0.140552213592	0.136072685278	0.165362594669	0.150725041154	0.138622853342	0.149444392523	0.130149540326	0.132935954339	0.133654749986	0.148629712626	0.149128295533	0.142767035724	0.148170167693	0.128459789757	0.128823692149	0.143392520361	0.146486021751	0.139916731591	0.137181364627	0.137280964114	0.138807606616	0.165499233717	0.159447908329	0.14612476284	0.143753180865	0.123235302056	0.127060815044	0.133205603924	0.151188411596	0.151278802353	0.129653031359	0.130763889782	0.132066394086	0.128659984528	0.15383286611	0.125493537767	0.133343949638	0.131867578514	0.140850249006	0.145391991199	0.140308767336	0.135702752369	0.144084664881	0.144458665917	0.129263046007	0.137142957593	0.135506170686	0.143846059997	0.142739978542	0.135050503767	0.145914765395	0.131663923656	0.124968827972	0.127144958882	0.121853445752	0.161698714616	0.15530911171	0.13892352981	0.137108787281	0.150363058704	0.143562064581
158458797-tonguedorsum1.freeze11.snv.mod.fix.bam	0.10087168852	0.135012945909	0.14130272775	0.0	0.104072699074	0.125031257709	0.129690504939	0.150668631524	0.145111273914	0.159572254357	0.130696243254	0.170859788335	0.165323665166	0.17139071313	0.137208080868	0.142397178574	0.144800204717	0.145571362837	0.136059784307	0.128785242674	0.1415295522	0.16453596262	0.141844589333	0.142085126292	0.141425381645	0.153310641379	0.139228263859	0.144041408876	0.122162129914	0.133222407575	0.148359182123	0.131715131598	0.134133277836	0.140956605919	0.120863123451	0.118989849056	0.127063608088	0.124135155666	0.124492628309	0.140994945803	0.143487701706	0.15876064299	0.131948053972	0.154078776762	0.127363067049	0.130717037794	0.113397018388	0.158680588512	0.131218935584	0.126401600856	0.125939451101	0.13419130436	0.137762174893	0.141764774618	0.143096460844	0.135952466841	0.141142448759	0.141468676087	0.137662695074	0.124398483137	0.120278574776	0.133892623112	0.121976275744	0.121924842871	0.136158927235	0.139990251356	0.136191747168	0.137970966092	0.141875798315	0.137667935712	0.132555238086	0.134292185192	0.128573806382	0.127696916706	0.148433728519	0.132708156063	0.143641272373	0.105003683317	0.12109635842	0.119831820752	0.13620646852	0.128451824342	0.138517928757	0.14546114276	0.123230565122	0.123428816685	0.143952298447	0.151708481656	0.140087253396	0.111196069921	0.11629312984	0.132066547318	0.159516449154	0.152586457939	0.142638231408	0.139372082962	0.115693461336	0.104746208637	0.121041611494	0.151820836944	0.150715738216	0.122619596077	0.126935342209	0.13070646033	0.118865348236	0.15193471486	0.105265650502	0.117984061322	0.121599450168	0.122876315082	0.130878752655	0.132290634791	0.126500012368	0.135521811756	0.142056917988	0.122130809162	0.120216215306	0.127276832272	0.128832179064	0.129930144094	0.107910160782	0.14057254283	0.118580406713	0.129890579798	0.12554910147	0.123799379784	0.10895393062	0.104254359082	0.128466545813	0.133987170688	0.154004147887	0.134594866169
158458797-tonguedorsum2.freeze11.snv.mod.fix.bam	0.120889457999	0.14520553944	0.143076502295	0.104072699074	0.0	0.129669444363	0.131264721173	0.150071970449	0.145858903558	0.159112055911	0.135018802269	0.169446413726	0.164249118689	0.169380488643	0.137602327548	0.14167734871	0.14509738002	0.148305258751	0.132488903579	0.13365309798	0.132784918709	0.159945886852	0.138240901877	0.142293300234	0.137538550061	0.154555756559	0.142109072265	0.152447445984	0.144633175541	0.132122714817	0.153589656267	0.1385615806	0.130067887999	0.135321497163	0.128983723053	0.142857874602	0.136882822463	0.141564490451	0.147311751975	0.140088405426	0.140597550131	0.158223368846	0.126314338911	0.151303819856	0.123505795869	0.12797090379	0.124915149585	0.159225862131	0.13332660613	0.0890646024926	0.126036493096	0.134869388052	0.132423487774	0.142057492783	0.144052187606	0.137840682169	0.139685413377	0.137694671339	0.135101547512	0.123240881851	0.14137760139	0.134687408609	0.119412999967	0.115887531918	0.132055647319	0.137286663308	0.125842168953	0.137791153127	0.141391476455	0.135911133515	0.129952191299	0.129375499019	0.122775860942	0.162000279733	0.144106219619	0.131078726182	0.143916882904	0.122813945165	0.126990852282	0.125461923331	0.141848184893	0.134874767748	0.136938733698	0.143459407474	0.124093643905	0.123864084463	0.139790500794	0.148958088435	0.141132629341	0.127472018441	0.128936976783	0.128667030781	0.156300069304	0.148715028692	0.13988604457	0.13588017648	0.121399770163	0.118743416443	0.124775860779	0.147921592745	0.146465989886	0.129044687892	0.125692637122	0.12979907345	0.120820192286	0.149644216105	0.125234469989	0.118443075986	0.120423114938	0.103319370336	0.11753198001	0.12801974613	0.122809252468	0.137145584565	0.142987374078	0.124455595861	0.117350372486	0.126594198248	0.136704982429	0.136038116588	0.129362393015	0.138875983444	0.122639329691	0.131855320256	0.129005980636	0.128345819216	0.153662196083	0.145160013804	0.128975081129	0.132319416403	0.149790531805	0.133951426508
158499257-tonguedorsum1.freeze11.snv.mod.fix.bam	0.122946979818	0.137682339704	0.132348591244	0.125031257709	0.129669444363	0.0	0.0657609156165	0.144095639128	0.137696500477	0.152721321198	0.129760383476	0.166584082518	0.161228670625	0.167376936517	0.124222929769	0.130498777029	0.132297380785	0.140727193358	0.126977636623	0.123520417148	0.141733541351	0.16202181821	0.123759452794	0.136675907632	0.134404226992	0.140335628494	0.124274147119	0.14024149716	0.13383497573	0.125844803595	0.143749660745	0.129443606658	0.128616554171	0.135607681934	0.128298601722	0.135081197409	0.121977902835	0.134657150593	0.138911419845	0.133585820207	0.139018381442	0.160126038743	0.132959639388	0.155643972943	0.116543074791	0.119732922292	0.117677085156	0.158328273577	0.118614928934	0.131653866731	0.113375632476	0.128084545523	0.132404969169	0.1200096462	0.12007731039	0.113807280225	0.123732402553	0.130810375272	0.120866789937	0.109680215484	0.143661202931	0.121440633556	0.112063137171	0.111198579806	0.131719649738	0.135131136706	0.132944128645	0.126419312395	0.133557866724	0.130207839785	0.119451395025	0.125865652965	0.117147610722	0.163115480873	0.141228428418	0.124768207691	0.14020741651	0.110651205682	0.118322777467	0.12074827407	0.138528303457	0.133799056732	0.131787527353	0.141309093521	0.111981112708	0.114261867196	0.141074023875	0.147585351798	0.127115598324	0.118040580574	0.11837937201	0.121249327288	0.156330665053	0.150475761994	0.132373385992	0.127487046011	0.104019934585	0.108001549265	0.120773807178	0.147055256323	0.145199021314	0.109135926453	0.116288758532	0.111451091001	0.104761915299	0.149517982384	0.107925471809	0.106286370388	0.115344779199	0.116616259263	0.122682515503	0.123544445978	0.117628528143	0.134289964021	0.139171812262	0.111723426345	0.11772013223	0.117528186024	0.128857674732	0.128363311597	0.12253790926	0.130735207059	0.112338322834	0.111874849665	0.112659655602	0.108498344716	0.155859158109	0.149364618746	0.121586621678	0.118889375941	0.142720527545	0.131869219272
158499257-tonguedorsum2.freeze11.snv.mod.fix.bam	0.128591317886	0.142902841148	0.139229404878	0.129690504939	0.131264721173	0.0657609156165	0.0	0.15008071781	0.143079554617	0.156461376099	0.12908772676	0.153325233306	0.14728500067	0.154944415902	0.12786211796	0.131774513032	0.134504296668	0.135193354474	0.120940072328	0.132010819202	0.141687519267	0.158823541477	0.107644094828	0.142094116897	0.134593036864	0.147114742129	0.132364296537	0.145380153788	0.138984428338	0.129162823832	0.148683332363	0.13355038934	0.128750576993	0.135108273166	0.129269849235	0.13687459015	0.127904495707	0.140749164712	0.145144513154	0.135744740793	0.141025171428	0.159623210244	0.134237335098	0.155662385298	0.11988397327	0.120978244233	0.123619002173	0.15883294289	0.125554518691	0.132965781717	0.116532771498	0.126087603638	0.136777128866	0.134760151549	0.136139773847	0.129361316407	0.138578351717	0.140159758041	0.134677220929	0.103372647345	0.146380232945	0.134072287964	0.118095248622	0.118441885325	0.134688637606	0.137347221063	0.134757631728	0.131166756347	0.136203019598	0.128439761302	0.124624775534	0.127131459535	0.118177549974	0.163185202737	0.144297482649	0.130356811565	0.143069007359	0.118526804349	0.123611190524	0.127434348493	0.140166279715	0.134159474161	0.13590671124	0.14371257067	0.119307726587	0.120152731601	0.144617784685	0.150644915423	0.139861476147	0.123267112348	0.123213258206	0.124467094989	0.15525337967	0.148827239662	0.132457644365	0.121918732934	0.114097777173	0.117305652882	0.126322586735	0.150049981584	0.149781291489	0.12007691803	0.124939781866	0.11793411254	0.11322586154	0.151390459625	0.119881558194	0.112249080336	0.119087738931	0.116026822104	0.121387086066	0.125712002753	0.12074428759	0.136925419099	0.142774851271	0.119522109866	0.122009939086	0.123733180233	0.131344616104	0.130874871688	0.126588421259	0.136447030009	0.118743766359	0.125758877347	0.123269889919	0.119853841592	0.157823408299	0.150832784808	0.118797199954	0.130953645791	0.150030552193	0.129231032342
158802708-tonguedorsum1.freeze11.snv.mod.fix.bam	0.148239542896	0.15723626252	0.145631086124	0.150668631524	0.150071970449	0.144095639128	0.15008071781	0.0	0.056175625628	0.0533901147238	0.155100712041	0.183637479995	0.17862941752	0.18346025339	0.147004447169	0.156532564589	0.1574066676	0.162605821052	0.157254532181	0.140598972943	0.15992379974	0.173891289854	0.158126683214	0.162150948194	0.157921556005	0.165360349288	0.153460901677	0.164233819746	0.158742251064	0.151700011384	0.128752037676	0.120648761099	0.155334352291	0.161880771857	0.152950722954	0.158109759059	0.15449644153	0.153121628743	0.159327978439	0.158078962758	0.155557238336	0.170647854787	0.14743046987	0.164896127101	0.151347761822	0.153296792703	0.145555638435	0.166011185035	0.147884076703	0.149982541626	0.140843411469	0.148624312216	0.110779678699	0.148425735301	0.151005478312	0.147849081566	0.147582293029	0.151100830316	0.146098010769	0.147094527879	0.159620301556	0.145918857082	0.142630660114	0.142095080388	0.152847390989	0.155985692335	0.158356450079	0.133377959575	0.148296883805	0.153289141327	0.14850393682	0.151805420184	0.150839191164	0.170696861707	0.160020948518	0.14607228434	0.153012818079	0.144155278347	0.145258989388	0.140743663517	0.153997153829	0.155736621332	0.151101157275	0.155301726421	0.139199050338	0.137844852335	0.126732192658	0.126996718098	0.131328198898	0.145786615847	0.146168159696	0.148599581603	0.175704278384	0.170164448472	0.159567252043	0.157390339025	0.135189737486	0.137258022401	0.142632275849	0.151884157388	0.153795087186	0.137519056179	0.138150003954	0.148025438119	0.142773437002	0.159013917747	0.140990180601	0.142145093248	0.141098086723	0.150013552545	0.1532179493	0.152677865711	0.148342332255	0.150848989844	0.12327867394	0.138561154091	0.146308599159	0.145340908543	0.14994573383	0.149018146035	0.146830887335	0.15687167608	0.145608297201	0.137694972074	0.129635299365	0.132730125127	0.168221279521	0.161573603131	0.149853841101	0.147024119648	0.153196210649	0.153228559915
158802708-tonguedorsum2.freeze11.snv.mod.fix.bam	0.143047713395	0.151635614357	0.137847663967	0.145111273914	0.145858903558	0.137696500477	0.143079554617	0.056175625628	0.0	0.0372159934249	0.149435032592	0.182065300307	0.176935224597	0.182188896578	0.140700338089	0.152334314351	0.15305422022	0.158236898886	0.151460533254	0.133442534385	0.155384970515	0.171393004987	0.155158338239	0.157466308282	0.151881935096	0.160019533227	0.146901110927	0.162051056008	0.155196861455	0.143869217903	0.128098259236	0.118208213706	0.14927793623	0.156765129887	0.148078435669	0.154434620834	0.145142120266	0.15011007522	0.156131112552	0.151599332346	0.15055773234	0.166960465276	0.142203911705	0.161415626557	0.143712454966	0.145923853191	0.137908667515	0.160480760342	0.129363825999	0.145318724723	0.133413721395	0.144667395645	0.0969538300204	0.145882713742	0.146999752279	0.142073541244	0.144869476083	0.147491298943	0.142656522117	0.14023592828	0.156937051894	0.141060238554	0.128637183085	0.12927771925	0.146395469358	0.149597214529	0.152484418839	0.125569608557	0.142801354913	0.147302913132	0.142604486979	0.145245879453	0.143040009755	0.169251503081	0.153978162193	0.139130966027	0.149428554923	0.135673158912	0.13606804089	0.134975298295	0.149478029118	0.149967786824	0.144989059036	0.151046229707	0.129614152661	0.128813550154	0.127417178885	0.129140269102	0.130222349757	0.133016478428	0.132881003277	0.142017318163	0.170530007262	0.164794709076	0.152973861973	0.150378074378	0.1205269114	0.129029879142	0.136313232623	0.148519035238	0.149172860945	0.131247527006	0.124492725121	0.139191541005	0.134919989836	0.155007601717	0.133293516481	0.133364021803	0.133631367488	0.143591004843	0.147550172995	0.146214386704	0.141201751834	0.143649343055	0.122187495176	0.130797293864	0.138567299857	0.137544230271	0.143739371349	0.142750945417	0.140402464675	0.148498700052	0.134241527927	0.128007952724	0.111784269624	0.113610936619	0.167555898402	0.160345576759	0.143794245622	0.142393714158	0.150327233958	0.147942207898
158802708-tonguedorsum3.freeze11.snv.mod.fix.bam	0.156690237065	0.161164045641	0.148149211878	0.159572254357	0.159112055911	0.152721321198	0.156461376099	0.0533901147238	0.0372159934249	0.0	0.160586954371	0.185306575556	0.180136343781	0.18549326616	0.152797154854	0.163162213408	0.163739139154	0.165533903683	0.161792761615	0.146692339985	0.166737970377	0.17575933021	0.162600505217	0.169823758073	0.166132675128	0.169159904828	0.158533601926	0.171829546595	0.166543012378	0.157915827013	0.130781812171	0.124332311665	0.161873239838	0.168279601414	0.160104089303	0.16487722867	0.159691076007	0.160582433858	0.165762915134	0.162355781373	0.160516733815	0.172732369278	0.153654816788	0.169021410441	0.158130505337	0.159017681989	0.152851456931	0.165921862926	0.152530998741	0.158290174017	0.146615041207	0.15410022188	0.102990764483	0.156181852941	0.156101805496	0.152598898698	0.15498325556	0.1580715777	0.153288877847	0.153100220517	0.16593634341	0.153868361992	0.148738208455	0.149642219742	0.158103351389	0.16015856913	0.163623307222	0.133073433733	0.150388756687	0.156574750704	0.153414049354	0.157867331118	0.157709092708	0.175442228377	0.164383497745	0.151305141252	0.158209360864	0.151861250418	0.150530691027	0.148735772895	0.1582269445	0.15918872252	0.155965837344	0.159696989143	0.144233130458	0.141244673964	0.134665600975	0.133026104801	0.139245657995	0.152046562593	0.151480361876	0.155165941589	0.178447599742	0.172886477884	0.163832814226	0.162574209048	0.140001599094	0.146186059641	0.149744481943	0.154752779383	0.158004428448	0.144216616189	0.144362352233	0.154212295313	0.150439705398	0.161482600137	0.148037879642	0.14864397951	0.147846589224	0.15848229994	0.160825773283	0.158997300604	0.15568525467	0.154835533497	0.126374131516	0.145481106458	0.15371761949	0.151466362662	0.154488793774	0.153702806387	0.153764219989	0.161057778545	0.152062755646	0.140954611057	0.128618562695	0.134456625254	0.176530919356	0.169289183099	0.155336660318	0.153630030748	0.158131156412	0.157344778027
158883629-tonguedorsum2.freeze11.snv.mod.fix.bam	0.13507844527	0.150039096059	0.146738389642	0.130696243254	0.135018802269	0.129760383476	0.12908772676	0.155100712041	0.149435032592	0.160586954371	0.0	0.162744167387	0.157395005946	0.163369132571	0.130898087702	0.122800598546	0.129255096049	0.13661427902	0.126790734561	0.132418431161	0.1461456599	0.161270709235	0.137531360184	0.139280104289	0.147515806483	0.156951627776	0.142978958326	0.153824071274	0.146923237687	0.135878043551	0.152441074188	0.139703819029	0.131054219099	0.13214992328	0.133327729639	0.138536236345	0.142523829744	0.147428182958	0.149238585772	0.137166320222	0.136449182618	0.16247723769	0.140908924914	0.160019555245	0.122851654336	0.126286514567	0.129823578082	0.164759654242	0.135862515103	0.141615792774	0.129468802521	0.116800377865	0.141564561523	0.146812002602	0.150087061697	0.142889481364	0.142144864368	0.142387323103	0.137706292558	0.125845769581	0.149808793502	0.138999920759	0.130367017838	0.131540397512	0.133409709611	0.136242621638	0.135964474095	0.137301814088	0.140372717444	0.134596377102	0.133225973873	0.135287685374	0.126406811393	0.164841536299	0.145389105506	0.132995294807	0.147622055421	0.121747918731	0.128655755565	0.131589061323	0.144503359233	0.13745824918	0.135600892099	0.143042548775	0.125409980687	0.126137063329	0.147014695144	0.153237936216	0.143976450884	0.13430057125	0.134615227409	0.137731170608	0.161091427079	0.15442083287	0.147163643302	0.144636358941	0.126987887021	0.126942101415	0.127886704168	0.155196766795	0.154051145407	0.136233457382	0.137482459424	0.137103510707	0.124876164459	0.149921038226	0.128682183136	0.115594886292	0.125777995039	0.133429478515	0.136248978579	0.133276419397	0.131566461107	0.143157289705	0.146695617833	0.125626258321	0.127539819015	0.126152122458	0.137854953605	0.137449172269	0.131635322347	0.140461643577	0.128118423478	0.136797304858	0.127312582854	0.131720460437	0.158205243706	0.152558900416	0.11520944289	0.135767445157	0.155028212953	0.123711316115
158944319-tonguedorsum1.freeze11.snv.mod.fix.bam	0.173105278499	0.180256979769	0.180395271911	0.170859788335	0.169446413726	0.166584082518	0.153325233306	0.183637479995	0.182065300307	0.185306575556	0.162744167387	0.0	0.00824176450489	0.00776577372436	0.156128853618	0.149155502216	0.153927444563	0.161158855736	0.16171564597	0.174268126559	0.167147786539	0.166036400249	0.157467204813	0.186719479452	0.180106107882	0.18402002415	0.178210971421	0.180066258135	0.179668264191	0.173747571667	0.181351884797	0.172596127376	0.164699600174	0.162194479653	0.165182987286	0.172422715782	0.177783046913	0.178591974461	0.182792895259	0.175529865715	0.179885498359	0.177541705908	0.169705235431	0.178611896481	0.169053102048	0.170594863956	0.165718676869	0.180524071251	0.17648068596	0.172005670779	0.167670386146	0.156966128094	0.172432881992	0.175391462129	0.174646440085	0.171950918919	0.174840848506	0.176851202625	0.174534899996	0.162550723306	0.179672523478	0.175213964343	0.170951357561	0.170389603347	0.174561508832	0.175525835452	0.175857691933	0.162155373293	0.158482855376	0.15340999541	0.164126972651	0.17289377826	0.15855276441	0.188803354093	0.183800956773	0.17071075073	0.170982988268	0.173834840148	0.17118918483	0.172350344067	0.169596256483	0.165068078375	0.174926936037	0.17549695722	0.17232725665	0.169257272655	0.179356722791	0.180536175108	0.17556230402	0.17185930476	0.17195293593	0.171758402456	0.184701624991	0.178845107751	0.178048686134	0.178103097518	0.168198486713	0.171065417455	0.174657141376	0.181272125315	0.185711816174	0.164879217368	0.173404261407	0.173698901866	0.168862125492	0.178809673663	0.172605873388	0.161251473918	0.164183481494	0.175066741658	0.178171628335	0.172243247855	0.170302388097	0.174600178829	0.17395488812	0.16760419439	0.1719276254	0.172209427598	0.168916718587	0.169048626382	0.171680900819	0.183490654158	0.173521583354	0.173798660403	0.176114243143	0.170668049799	0.182909456025	0.17786337703	0.142395244069	0.172917492674	0.179842665981	0.148933914977
158944319-tonguedorsum2.freeze11.snv.mod.fix.bam	0.167726310765	0.174911563887	0.176224831469	0.165323665166	0.164249118689	0.161228670625	0.14728500067	0.17862941752	0.176935224597	0.180136343781	0.157395005946	0.00824176450489	0.0	0.0112915683794	0.150534227793	0.143046170016	0.148642958116	0.155371150123	0.156218807995	0.16969937949	0.162149332952	0.160613031998	0.151368876345	0.181574556428	0.175436707073	0.179826710531	0.17307886238	0.176426155987	0.175286893473	0.168716984906	0.176123889937	0.166974206843	0.1588846384	0.156593179157	0.159486145502	0.166693344911	0.172635475493	0.173803259264	0.177625882988	0.169888841554	0.174982675445	0.171971344237	0.163593297739	0.172691151892	0.164033885189	0.165632201938	0.160487482367	0.175787070575	0.171239880124	0.166989445037	0.162223470197	0.151240099528	0.167562057302	0.171177063981	0.170198488352	0.167177885828	0.170155006054	0.171919422179	0.169534443698	0.157490963044	0.173990831889	0.170296435421	0.165974347764	0.165426766446	0.169548669337	0.170316040957	0.170774161757	0.156181726918	0.152367786862	0.147107049783	0.158491811048	0.167688250103	0.153047308256	0.183302822243	0.179075152232	0.165940637979	0.16593980324	0.168690292603	0.165948735873	0.167053969804	0.164051094811	0.160438262028	0.170213316346	0.17085039129	0.167074699351	0.163944582801	0.174691587272	0.176313585564	0.171051747325	0.166135113342	0.166235790213	0.166411121836	0.179647513471	0.173632570504	0.172879969547	0.172694632124	0.162832999467	0.165701519458	0.169200044194	0.176514854401	0.181065614283	0.159512389588	0.168201975426	0.168326310256	0.163683135709	0.173905734526	0.167163849367	0.15537395726	0.15889699304	0.170011024559	0.17301538759	0.167375951089	0.165376453977	0.169241817175	0.168281143085	0.16312902567	0.166881533693	0.167081800946	0.163304935218	0.163610191691	0.166405133469	0.178804531444	0.168354278199	0.168917926019	0.171318741683	0.165600503	0.177580292688	0.172181647755	0.136328858229	0.168036644242	0.175778816439	0.142680899318
158944319-tonguedorsum3.freeze11.snv.mod.fix.bam	0.173311503195	0.179425049192	0.180466182573	0.17139071313	0.169380488643	0.167376936517	0.154944415902	0.18346025339	0.182188896578	0.18549326616	0.163369132571	0.00776577372436	0.0112915683794	0.0	0.158549491786	0.15197660883	0.156273459117	0.162073605055	0.160886582627	0.17457036824	0.167712283326	0.168236304994	0.159148069537	0.18691812661	0.179960727483	0.185172271048	0.179092568494	0.180797212994	0.180019903978	0.174102533415	0.181998223208	0.172503547999	0.165140777354	0.163650582533	0.164856443189	0.173435251054	0.17832527734	0.179365246272	0.18360787498	0.176560850574	0.179676012247	0.177622499367	0.169394451523	0.177544970409	0.169903421055	0.171434634246	0.167332342433	0.18137438351	0.176864420442	0.171391937005	0.167784882025	0.156968849201	0.172743683235	0.175650091432	0.17419958768	0.172267670637	0.175259468025	0.176502494088	0.174833481681	0.163166635261	0.179038066682	0.175278624294	0.169886123349	0.169530592714	0.174384014024	0.175737335267	0.176595655486	0.163252479063	0.159440106872	0.15456469735	0.165295157357	0.172898710349	0.158681665179	0.188531447416	0.183971107276	0.171247839737	0.171418035797	0.173965036008	0.171155976801	0.17234414286	0.170488167513	0.16696953711	0.17484011913	0.17600971194	0.172817942953	0.169566562841	0.179233470414	0.179870971422	0.175562402185	0.172570670847	0.172667853457	0.172320250289	0.185071446948	0.179681344648	0.17764128325	0.177905168336	0.168631502952	0.170901025774	0.174573415577	0.180810180464	0.184817424121	0.165454634416	0.173297735568	0.173612066209	0.169093990738	0.179879078652	0.172681226206	0.162072203276	0.164457442171	0.175452354735	0.179130839632	0.172178967531	0.170166434878	0.174788457391	0.174618837786	0.167574584399	0.17217183032	0.172809623379	0.169443709409	0.169239269304	0.170909570602	0.183502475571	0.173653959867	0.17378788156	0.176716973522	0.170989681377	0.183062963731	0.177803383497	0.143490142559	0.172693207896	0.178506620405	0.149517962175
159207311-tonguedorsum1.freeze11.snv.mod.fix.bam	0.13655293435	0.149341061687	0.142956848175	0.137208080868	0.137602327548	0.124222929769	0.12786211796	0.147004447169	0.140700338089	0.152797154854	0.130898087702	0.156128853618	0.150534227793	0.158549491786	0.0	0.0588881101308	0.0509961226611	0.143547240748	0.135809541402	0.12511248219	0.148688757167	0.164559508786	0.140871379593	0.147262715581	0.145872993672	0.134122871125	0.1273926048	0.152262083448	0.146626751237	0.131493481258	0.140514648435	0.129170483089	0.133925568484	0.137090180146	0.137170127636	0.143668184986	0.137440146191	0.142576075802	0.147223365917	0.13977898383	0.141603024905	0.161862300285	0.138881016893	0.158280243327	0.130980648136	0.133732206061	0.123224625268	0.161701005379	0.134073688489	0.140315837001	0.124799227532	0.131673618807	0.138945501584	0.139450541035	0.145000307314	0.138813530172	0.136012366062	0.139058962254	0.133165136791	0.125667109367	0.152138279925	0.135986936462	0.125026412154	0.123092601969	0.137228886224	0.13911101293	0.141625883892	0.130354390302	0.135613462221	0.134229768907	0.134882396279	0.136126146959	0.129229743182	0.168170919059	0.144971695991	0.13184437157	0.146752609311	0.12575564281	0.127958158856	0.130211162865	0.139439350615	0.141274404521	0.134211578524	0.140695476329	0.125624743107	0.125783802792	0.13832912913	0.143391032808	0.1337365751	0.128083266809	0.128088820318	0.132891751716	0.159543620515	0.153812940554	0.144279645714	0.141610529331	0.12100874667	0.125211978279	0.129291968712	0.150311598832	0.150508702708	0.129248724149	0.129884708748	0.133134421605	0.125032851986	0.148515456699	0.127632859878	0.117998094933	0.126489721995	0.134410938096	0.138095892118	0.133928396404	0.129653016266	0.14018778349	0.140246890273	0.124096150995	0.12887683571	0.11615642825	0.132838895604	0.132070725164	0.131314603045	0.141313227619	0.128211592404	0.132097178714	0.125993365881	0.124143346568	0.163500759674	0.156947704224	0.126259342341	0.133971009302	0.148709561998	0.135443089246
159207311-tonguedorsum2.freeze11.snv.mod.fix.bam	0.142828758817	0.155758724513	0.148996827778	0.142397178574	0.14167734871	0.130498777029	0.131774513032	0.156532564589	0.152334314351	0.163162213408	0.122800598546	0.149155502216	0.143046170016	0.15197660883	0.0588881101308	0.0	0.0334676675565	0.145696934674	0.138262345333	0.140654966726	0.150521614927	0.164805109342	0.140855938712	0.152820945915	0.150727565313	0.145460244426	0.138659261458	0.156814843254	0.152536829348	0.138375872813	0.15857275447	0.145678864027	0.137319525855	0.137911647394	0.141299792106	0.147072428955	0.1433946984	0.149575994414	0.153171442934	0.145450082248	0.147288986903	0.16444307979	0.144690571853	0.162131392201	0.136181932481	0.138433944811	0.131088039659	0.166469481883	0.141504904653	0.146312045775	0.133239566321	0.133809813296	0.147964117797	0.145865766996	0.15092316454	0.145300576091	0.144300714948	0.145693889322	0.141558514779	0.131903480854	0.156283094857	0.141608971897	0.133868071839	0.131297925503	0.143851632069	0.145971329389	0.14640206251	0.138032505261	0.140672555439	0.136684904715	0.13989751009	0.141823654077	0.13418329919	0.171401560017	0.152759390906	0.139269269661	0.150877971717	0.134041917177	0.13546978038	0.136984074945	0.145819990576	0.145870893516	0.141609893282	0.146938216716	0.134321532399	0.134097469348	0.152155311346	0.157296640431	0.146148755984	0.13565511119	0.135864296847	0.139978613711	0.164081811027	0.157990035752	0.150121857177	0.147988926643	0.13118729236	0.134127198069	0.13836738792	0.157498180391	0.157693078877	0.137957240486	0.139185119037	0.139647658236	0.131846828435	0.15527575512	0.135737014551	0.12355490197	0.133695171068	0.141024044318	0.145399527611	0.139356048483	0.135381740964	0.146632359237	0.149960256035	0.132029882271	0.136794851712	0.127512067051	0.141080168309	0.140559301145	0.138287122967	0.148159242348	0.134519067494	0.141492436798	0.137839989595	0.135845409964	0.165441911284	0.159707258422	0.128867657593	0.141790850395	0.155729719802	0.13420410342
