	158458797-tonguedorsum2.freeze11.snv.mod.fix.bam	158883629-tonguedorsum1.freeze11.snv.mod.fix.bam	158883629-tonguedorsum2.freeze11.snv.mod.fix.bam	158883629-tonguedorsum3.freeze11.snv.mod.fix.bam	159247771-tonguedorsum2.freeze11.snv.mod.fix.bam	159470302-tonguedorsum1.freeze11.snv.mod.fix.bam	159551223-tonguedorsum1.freeze11.snv.mod.fix.bam	159551223-tonguedorsum2.freeze11.snv.mod.fix.bam	159733294-tonguedorsum1.freeze11.snv.mod.fix.bam	160178356-tonguedorsum2.freeze11.snv.mod.fix.bam	160178356-tonguedorsum3.freeze11.snv.mod.fix.bam	160380657-tonguedorsum3.freeze11.snv.mod.fix.bam	160502038-tonguedorsum1.freeze11.snv.mod.fix.bam	160502038-tonguedorsum2.freeze11.snv.mod.fix.bam	160502038-tonguedorsum3.freeze11.snv.mod.fix.bam	160603188-tonguedorsum1.freeze11.snv.mod.fix.bam	160947100-tonguedorsum1.freeze11.snv.mod.fix.bam	178713055-tonguedorsum2.freeze11.snv.mod.fix.bam	234447334-tonguedorsum2.freeze11.snv.mod.fix.bam	295137534-tonguedorsum2.freeze11.snv.mod.fix.bam	338793263-tonguedorsum2.freeze11.snv.mod.fix.bam	604812005-tonguedorsum3.freeze11.snv.mod.fix.bam	638754422-tonguedorsum2.freeze11.snv.mod.fix.bam	638754422-tonguedorsum3.freeze11.snv.mod.fix.bam	763395383-anteriornares3.freeze11.snv.mod.fix.bam	763395383-tonguedorsum3.freeze11.snv.mod.fix.bam	763759525-tonguedorsum2.freeze11.snv.mod.fix.bam	763901136-tonguedorsum2.freeze11.snv.mod.fix.bam	764143897-tonguedorsum1.freeze11.snv.mod.fix.bam	764305738-tonguedorsum1.freeze11.snv.mod.fix.bam	764305738-tonguedorsum2.freeze11.snv.mod.fix.bam	764325968-tonguedorsum2.freeze11.snv.mod.fix.bam	764467579-palatinetonsils3.freeze11.snv.mod.fix.bam	764467579-tonguedorsum3.freeze11.snv.mod.fix.bam	764811490-tonguedorsum2.freeze11.snv.mod.fix.bam	764892411-tonguedorsum2.freeze11.snv.mod.fix.bam	765013792-tonguedorsum2.freeze11.snv.mod.fix.bam	765034022-tonguedorsum1.freeze11.snv.mod.fix.bam	765074482-tonguedorsum1.freeze11.snv.mod.fix.bam	765074482-tonguedorsum3.freeze11.snv.mod.fix.bam	765216093-tonguedorsum3.freeze11.snv.mod.fix.bam	823052294-tonguedorsum1.freeze11.snv.mod.fix.bam
158458797-tonguedorsum2.freeze11.snv.mod.fix.bam	0.0	0.246681556026	0.237124300825	0.23570077594	0.23197555889	0.264000427547	0.23392123079	0.233232417888	0.236854776799	0.257448743666	0.260537870399	0.229798356001	0.2320789362	0.240921336563	0.233087734972	0.239122877508	0.250249682439	0.233071661835	0.150792782965	0.245785832769	0.180218612915	0.200367479182	0.234642340781	0.248364848664	0.236470470851	0.240339693274	0.149711566632	0.146679103814	0.234994294542	0.235533115786	0.230973020621	0.148255309055	0.153783880366	0.151539467716	0.148484061464	0.144315181515	0.243373643666	0.218026410449	0.235166072076	0.232267653956	0.230214305009	0.233180988487
158883629-tonguedorsum1.freeze11.snv.mod.fix.bam	0.246681556026	0.0	0.0297519843061	0.0301516706541	0.0739521976653	0.185862147658	0.0795232717503	0.0831391051307	0.0892793116707	0.179707063767	0.181229505803	0.0906851480307	0.0842480997502	0.121516021052	0.0882674800135	0.0769595343707	0.170289907375	0.0756957473229	0.253711373044	0.163313962859	0.149560437537	0.212112325749	0.0814258146821	0.109422337157	0.0791948640738	0.0958858176995	0.243885500829	0.253676438097	0.0796325612769	0.0867625605107	0.07578334264	0.246236252478	0.233673231797	0.235856923946	0.241790254871	0.242508553599	0.0975767299086	0.174666830466	0.0873263839945	0.0765701038546	0.0774214408222	0.149380417668
158883629-tonguedorsum2.freeze11.snv.mod.fix.bam	0.237124300825	0.0297519843061	0.0	0.00684603743028	0.0557470563364	0.173833503788	0.0603581374887	0.0641232153175	0.0702475488482	0.180613456827	0.173202017397	0.0721302395241	0.0662424215115	0.109694730783	0.0718399275194	0.0573720976891	0.158460299771	0.056715541238	0.243292110232	0.150741792173	0.136703921509	0.202353999362	0.0620707748956	0.0963025013358	0.0616282799047	0.0779681933915	0.234604482863	0.243263507437	0.060673694615	0.0707322558401	0.0586220120339	0.234429991674	0.223053373378	0.224935737162	0.230782976842	0.23099308828	0.0816252783095	0.16225838636	0.0690055725567	0.0574226484665	0.0581234290858	0.135613766679
158883629-tonguedorsum3.freeze11.snv.mod.fix.bam	0.23570077594	0.0301516706541	0.00684603743028	0.0	0.0569712125412	0.173598700621	0.0601930368447	0.0644880524033	0.07034871948	0.180572003776	0.173201915937	0.0722929702186	0.066908961977	0.11007432144	0.072158371813	0.0576202157669	0.158413951299	0.0564597755638	0.241101806042	0.150313278093	0.136113182068	0.201518887036	0.061894400911	0.0968017430226	0.0626416751803	0.0781942201115	0.233041232293	0.240755413523	0.0606512142272	0.0719262975951	0.0588592331142	0.233182756524	0.22153096498	0.223171773763	0.228897726142	0.229879122832	0.0831380722154	0.161138399597	0.0694594122141	0.0578248908922	0.0576537621342	0.135982821388
159247771-tonguedorsum2.freeze11.snv.mod.fix.bam	0.23197555889	0.0739521976653	0.0557470563364	0.0569712125412	0.0	0.173034972897	0.0625856190994	0.0644976745483	0.0706248201664	0.182970714789	0.174354917257	0.0704845742805	0.0651858240695	0.108430857819	0.0711934427145	0.057162230898	0.156296025048	0.0536778749154	0.240956372713	0.15062847778	0.136368299349	0.203766384136	0.0613185402605	0.0972828398839	0.0608607733446	0.0796057273529	0.2299718635	0.240162798359	0.057400996131	0.0655425419087	0.056398117318	0.233404986872	0.219616642079	0.221730665514	0.227709612797	0.228342487229	0.0797255994213	0.159617482661	0.0675794023906	0.0551073698724	0.0557203013646	0.132563716431
159470302-tonguedorsum1.freeze11.snv.mod.fix.bam	0.264000427547	0.185862147658	0.173833503788	0.173598700621	0.173034972897	0.0	0.172501232504	0.170180749868	0.164826586759	0.105906060224	0.0737782161274	0.16803073151	0.172972552783	0.143344871488	0.163740078315	0.173280324604	0.136850178323	0.172397865247	0.268653977223	0.106278067825	0.178483261969	0.15968426678	0.166219498714	0.159449666984	0.167297135518	0.161943840019	0.260402806852	0.262183438201	0.176816112932	0.167159808294	0.172841791283	0.259954785584	0.253020071332	0.253998463182	0.24472142499	0.256062623356	0.158122120181	0.184487377693	0.162720602924	0.173713731337	0.170412348796	0.18732643724
159551223-tonguedorsum1.freeze11.snv.mod.fix.bam	0.23392123079	0.0795232717503	0.0603581374887	0.0601930368447	0.0625856190994	0.172501232504	0.0	0.0572503280783	0.0707703924535	0.177086688967	0.171134876943	0.0716702002471	0.0694042327613	0.110669859957	0.0742842137304	0.0607864623768	0.157639626424	0.061705254991	0.238923073116	0.148397495341	0.134967323047	0.198079849277	0.0622424231122	0.0916855255648	0.0619113666386	0.0801468452145	0.22930645769	0.237606704183	0.0649152860967	0.0746451971146	0.0634023549175	0.230383871101	0.216780328182	0.219154364764	0.226499199656	0.228345740021	0.0849117448558	0.158218253694	0.0714938723828	0.0623557201744	0.0594305338268	0.130142422598
159551223-tonguedorsum2.freeze11.snv.mod.fix.bam	0.233232417888	0.0831391051307	0.0641232153175	0.0644880524033	0.0644976745483	0.170180749868	0.0572503280783	0.0	0.0736081044762	0.172582944811	0.16867345927	0.0732935014846	0.0701472418539	0.110504912653	0.0747316487415	0.0628217861325	0.155667615334	0.0630467163937	0.240169684778	0.1502008133	0.133044387923	0.195505517053	0.0631979669454	0.089995741095	0.0646176427401	0.0814465306426	0.228811148769	0.238805030196	0.0690787289233	0.075144560534	0.0642243278806	0.229662171395	0.214957476945	0.21919977809	0.225261033615	0.228430580887	0.0831321006759	0.158017320382	0.0696249119523	0.0630211534188	0.0616762255623	0.125955397266
159733294-tonguedorsum1.freeze11.snv.mod.fix.bam	0.236854776799	0.0892793116707	0.0702475488482	0.07034871948	0.0706248201664	0.164826586759	0.0707703924535	0.0736081044762	0.0	0.171468536005	0.165914797328	0.0664711731323	0.0747646859691	0.113206855755	0.079990029061	0.064790036504	0.148453041052	0.0704068479366	0.244804421077	0.145073566449	0.129178115121	0.189689759625	0.0655324559388	0.0913640877053	0.0668503800858	0.0711992363712	0.23677376213	0.240672972387	0.0645700136507	0.0655714512008	0.0680682589689	0.236909514791	0.224268488919	0.225788466532	0.225270622476	0.234082472052	0.0779223194175	0.156324180872	0.0682707459708	0.0700895456183	0.0635934699052	0.130715554453
160178356-tonguedorsum2.freeze11.snv.mod.fix.bam	0.257448743666	0.179707063767	0.180613456827	0.180572003776	0.182970714789	0.105906060224	0.177086688967	0.172582944811	0.171468536005	0.0	0.0552805108645	0.173053983174	0.180932792609	0.156129766591	0.171487698698	0.180776601455	0.1543590297	0.182682055884	0.263727238802	0.131544942058	0.170414309682	0.15327624497	0.17316244285	0.154827097563	0.173943307785	0.164973502788	0.25351621529	0.255087076449	0.188063934265	0.175421901116	0.1794428732	0.251385133965	0.24377976561	0.248308449323	0.238471138067	0.252003550911	0.167444800739	0.184755819834	0.171530075072	0.184037382098	0.178240807778	0.179772868313
160178356-tonguedorsum3.freeze11.snv.mod.fix.bam	0.260537870399	0.181229505803	0.173202017397	0.173201915937	0.174354917257	0.0737782161274	0.171134876943	0.16867345927	0.165914797328	0.0552805108645	0.0	0.16689735165	0.172519171363	0.138763218351	0.16198574808	0.173824138601	0.145024201844	0.174011627931	0.26528652305	0.107157968111	0.172433728012	0.158240609677	0.166958986174	0.156526103999	0.167125604874	0.160514116745	0.255807987829	0.258211912975	0.179180693469	0.169237339961	0.172657621816	0.255083501036	0.247947223933	0.249992621625	0.242307547431	0.252238115026	0.161426624018	0.181700468472	0.164988161339	0.175472825163	0.170380432767	0.182828808772
160380657-tonguedorsum3.freeze11.snv.mod.fix.bam	0.229798356001	0.0906851480307	0.0721302395241	0.0722929702186	0.0704845742805	0.16803073151	0.0716702002471	0.0732935014846	0.0664711731323	0.173053983174	0.16689735165	0.0	0.0724542240592	0.111153516902	0.0761195372004	0.0644141068099	0.153530265124	0.0697182352486	0.231436273124	0.146771873355	0.124217415884	0.188120935997	0.0668986344032	0.0948203429264	0.0679666609878	0.0800765924666	0.22664925269	0.231004966588	0.0694561759993	0.0722821139572	0.0699852426632	0.22594818242	0.211936578993	0.213443950845	0.215724508707	0.221105984468	0.08366981447	0.156802428082	0.0698228964853	0.0690686196371	0.0659233242926	0.129980400404
160502038-tonguedorsum1.freeze11.snv.mod.fix.bam	0.2320789362	0.0842480997502	0.0662424215115	0.066908961977	0.0651858240695	0.172972552783	0.0694042327613	0.0701472418539	0.0747646859691	0.180932792609	0.172519171363	0.0724542240592	0.0	0.0804564648633	0.0321248422974	0.0595144986401	0.158142097684	0.0618943685861	0.239422564842	0.150400165159	0.135135676491	0.199566020295	0.0675118677346	0.101872503189	0.0668524187937	0.0850657442751	0.228608458887	0.237710164771	0.0629910563915	0.0760145226672	0.0644561223291	0.231443726355	0.217119211425	0.219337657572	0.226527139364	0.227091962747	0.0885782623602	0.161276691551	0.0733092146255	0.0640949086166	0.0633134428754	0.132149384895
160502038-tonguedorsum2.freeze11.snv.mod.fix.bam	0.240921336563	0.121516021052	0.109694730783	0.11007432144	0.108430857819	0.143344871488	0.110669859957	0.110504912653	0.113206855755	0.156129766591	0.138763218351	0.111153516902	0.0804564648633	0.0	0.0623093925372	0.105234744576	0.1572258465	0.105244816304	0.24922745584	0.123612910232	0.146534650011	0.192068522787	0.106489286117	0.129149408073	0.106973588342	0.119719051383	0.23727601919	0.245484643766	0.110402270311	0.113793903392	0.1058839711	0.240400115429	0.225791505625	0.228089942584	0.23224305134	0.236072717459	0.122684220601	0.166503592025	0.108288139793	0.106987437547	0.105162035982	0.142999040553
160502038-tonguedorsum3.freeze11.snv.mod.fix.bam	0.233087734972	0.0882674800135	0.0718399275194	0.072158371813	0.0711934427145	0.163740078315	0.0742842137304	0.0747316487415	0.079990029061	0.171487698698	0.16198574808	0.0761195372004	0.0321248422974	0.0623093925372	0.0	0.0652433197755	0.156101737211	0.0671697054576	0.240264769131	0.142028695314	0.132960637411	0.194781581602	0.0717547968391	0.103756905845	0.0717622047214	0.0899097119695	0.22966082442	0.238629559566	0.0695340450132	0.0806987650335	0.0686848389706	0.232063102368	0.2170447265	0.219349109513	0.226595835873	0.227998907378	0.0930556528081	0.159397886748	0.0766023527385	0.0693818807236	0.0678717557449	0.130185546339
160603188-tonguedorsum1.freeze11.snv.mod.fix.bam	0.239122877508	0.0769595343707	0.0573720976891	0.0576202157669	0.057162230898	0.173280324604	0.0607864623768	0.0628217861325	0.064790036504	0.180776601455	0.173824138601	0.0644141068099	0.0595144986401	0.105234744576	0.0652433197755	0.0	0.158391567871	0.0559550349938	0.247709753476	0.149985310871	0.133187209749	0.199912555584	0.0574166592883	0.0923851826975	0.0584006070629	0.0751671322047	0.239366949832	0.246726939819	0.0526039244025	0.0677242528424	0.0578468687996	0.240332276028	0.224912556068	0.227016663781	0.234333470818	0.235681484694	0.0780967799882	0.162915778012	0.0654343806529	0.056521490309	0.0564032990185	0.129231474736
160947100-tonguedorsum1.freeze11.snv.mod.fix.bam	0.250249682439	0.170289907375	0.158460299771	0.158413951299	0.156296025048	0.136850178323	0.157639626424	0.155667615334	0.148453041052	0.1543590297	0.145024201844	0.153530265124	0.158142097684	0.1572258465	0.156101737211	0.158391567871	0.0	0.157113409282	0.259368614885	0.142128691853	0.165292228543	0.159813018292	0.151687016771	0.145860152345	0.152014812887	0.145279431255	0.250300798807	0.252356170078	0.160715607388	0.149481870379	0.156441012478	0.251069100317	0.241239695376	0.243507592199	0.234700050855	0.247199101122	0.141528361279	0.169657126512	0.146547056898	0.158263047819	0.15477714712	0.170059790018
178713055-tonguedorsum2.freeze11.snv.mod.fix.bam	0.233071661835	0.0756957473229	0.056715541238	0.0564597755638	0.0536778749154	0.172397865247	0.061705254991	0.0630467163937	0.0704068479366	0.182682055884	0.174011627931	0.0697182352486	0.0618943685861	0.105244816304	0.0671697054576	0.0559550349938	0.157113409282	0.0	0.239554837073	0.149127761263	0.13381172278	0.202509612138	0.0567602376161	0.0942455330831	0.0606272944247	0.0790023780229	0.231186661827	0.23863969923	0.0563103960379	0.0692714008297	0.0569107912506	0.232469011824	0.217422421381	0.21938267641	0.227802903898	0.228196102209	0.0808944516836	0.160850785259	0.0663141784557	0.0540960597145	0.0552789636853	0.131817789863
234447334-tonguedorsum2.freeze11.snv.mod.fix.bam	0.150792782965	0.253711373044	0.243292110232	0.241101806042	0.240956372713	0.268653977223	0.238923073116	0.240169684778	0.244804421077	0.263727238802	0.26528652305	0.231436273124	0.239422564842	0.24922745584	0.240264769131	0.247709753476	0.259368614885	0.239554837073	0.0	0.249885997809	0.212985659581	0.23099650027	0.242754989889	0.257993629447	0.246203462629	0.249474833985	0.0999951972693	0.109841535005	0.242833729489	0.247915289049	0.240580771283	0.0705997130388	0.0891109449879	0.0832679470211	0.105798481915	0.0941439006941	0.255550178628	0.225283973072	0.245878285961	0.239996815877	0.238162955531	0.242857806501
295137534-tonguedorsum2.freeze11.snv.mod.fix.bam	0.245785832769	0.163313962859	0.150741792173	0.150313278093	0.15062847778	0.106278067825	0.148397495341	0.1502008133	0.145073566449	0.131544942058	0.107157968111	0.146771873355	0.150400165159	0.123612910232	0.142028695314	0.149985310871	0.142128691853	0.149127761263	0.249885997809	0.0	0.169900188279	0.17711525439	0.145906885873	0.151037383342	0.147487666388	0.146006005495	0.242830476967	0.244251773709	0.153309136386	0.148221354226	0.150022881988	0.242753166363	0.234416035011	0.235559874901	0.230664967673	0.239068414392	0.149815442026	0.167846915379	0.146841303094	0.151353217068	0.147888750708	0.170338982549
338793263-tonguedorsum2.freeze11.snv.mod.fix.bam	0.180218612915	0.149560437537	0.136703921509	0.136113182068	0.136368299349	0.178483261969	0.134967323047	0.133044387923	0.129178115121	0.170414309682	0.172433728012	0.124217415884	0.135135676491	0.146534650011	0.132960637411	0.133187209749	0.165292228543	0.13381172278	0.212985659581	0.169900188279	0.0	0.14747935395	0.126658224034	0.127189312646	0.128033929526	0.12797471093	0.206364622911	0.205502444298	0.14074699606	0.132019306606	0.13380126343	0.203367179198	0.191393669314	0.19331556289	0.188934763162	0.199524169109	0.127798308023	0.16974334197	0.122259428151	0.134850716306	0.12951323843	0.149885825109
604812005-tonguedorsum3.freeze11.snv.mod.fix.bam	0.200367479182	0.212112325749	0.202353999362	0.201518887036	0.203766384136	0.15968426678	0.198079849277	0.195505517053	0.189689759625	0.15327624497	0.158240609677	0.188120935997	0.199566020295	0.192068522787	0.194781581602	0.199912555584	0.159813018292	0.202509612138	0.23099650027	0.17711525439	0.14747935395	0.0	0.191977223639	0.171109585917	0.193393033062	0.181571449911	0.222027869551	0.219311996165	0.206864492057	0.193333843501	0.199825202191	0.220469307553	0.215547845578	0.21666978851	0.201550873962	0.217171022757	0.178768099738	0.192450168013	0.186656614128	0.203665156115	0.196977843001	0.191377407708
638754422-tonguedorsum2.freeze11.snv.mod.fix.bam	0.234642340781	0.0814258146821	0.0620707748956	0.061894400911	0.0613185402605	0.166219498714	0.0622424231122	0.0631979669454	0.0655324559388	0.17316244285	0.166958986174	0.0668986344032	0.0675118677346	0.106489286117	0.0717547968391	0.0574166592883	0.151687016771	0.0567602376161	0.242754989889	0.145906885873	0.126658224034	0.191977223639	0.0	0.0519758621518	0.0603780846954	0.0753619192257	0.233790361379	0.238954459763	0.0632668924406	0.0669513823524	0.0614845255197	0.234504807827	0.221291521913	0.222961524325	0.224236520231	0.230497965509	0.0765749597895	0.156534901797	0.0618582792101	0.0600123289808	0.0575954256648	0.126910501285
638754422-tonguedorsum3.freeze11.snv.mod.fix.bam	0.248364848664	0.109422337157	0.0963025013358	0.0968017430226	0.0972828398839	0.159449666984	0.0916855255648	0.089995741095	0.0913640877053	0.154827097563	0.156526103999	0.0948203429264	0.101872503189	0.129149408073	0.103756905845	0.0923851826975	0.145860152345	0.0942455330831	0.257993629447	0.151037383342	0.127189312646	0.171109585917	0.0519758621518	0.0	0.0900706715175	0.0906715143976	0.245720827395	0.252053890147	0.100752578887	0.0920542473643	0.0970434395052	0.246720001513	0.235669292442	0.237906573736	0.232984677587	0.245711177043	0.0881719481962	0.168084704828	0.086753271571	0.0971161557	0.092888397929	0.136388893122
763395383-anteriornares3.freeze11.snv.mod.fix.bam	0.236470470851	0.0791948640738	0.0616282799047	0.0626416751803	0.0608607733446	0.167297135518	0.0619113666386	0.0646176427401	0.0668503800858	0.173943307785	0.167125604874	0.0679666609878	0.0668524187937	0.106973588342	0.0717622047214	0.0584006070629	0.152014812887	0.0606272944247	0.246203462629	0.147487666388	0.128033929526	0.193393033062	0.0603780846954	0.0900706715175	0.0	0.0724807490254	0.235681100526	0.243228517167	0.0646205298477	0.0682127537619	0.0629012948743	0.237814996593	0.223243229733	0.225746406381	0.228164125137	0.233589340282	0.0758964577297	0.157979212248	0.063380073966	0.0613309440039	0.0595150054299	0.128123047944
763395383-tonguedorsum3.freeze11.snv.mod.fix.bam	0.240339693274	0.0958858176995	0.0779681933915	0.0781942201115	0.0796057273529	0.161943840019	0.0801468452145	0.0814465306426	0.0711992363712	0.164973502788	0.160514116745	0.0800765924666	0.0850657442751	0.119719051383	0.0899097119695	0.0751671322047	0.145279431255	0.0790023780229	0.249474833985	0.146006005495	0.12797471093	0.181571449911	0.0753619192257	0.0906715143976	0.0724807490254	0.0	0.241088201468	0.244320489746	0.0790277091498	0.0744282055473	0.0773077399038	0.239566098717	0.229545127243	0.231266326854	0.229394074194	0.238072406476	0.0786423911642	0.161953416005	0.0733278995019	0.0789979238037	0.0745232796671	0.137584973019
763759525-tonguedorsum2.freeze11.snv.mod.fix.bam	0.149711566632	0.243885500829	0.234604482863	0.233041232293	0.2299718635	0.260402806852	0.22930645769	0.228811148769	0.23677376213	0.25351621529	0.255807987829	0.22664925269	0.228608458887	0.23727601919	0.22966082442	0.239366949832	0.250300798807	0.231186661827	0.0999951972693	0.242830476967	0.206364622911	0.222027869551	0.233790361379	0.245720827395	0.235681100526	0.241088201468	0.0	0.112799796479	0.232041205981	0.235595442105	0.230243987354	0.103283959805	0.110122766767	0.108098540894	0.108118532447	0.0985372545137	0.244272516628	0.215017642226	0.235418747727	0.230421248948	0.228819943382	0.227583984863
763901136-tonguedorsum2.freeze11.snv.mod.fix.bam	0.146679103814	0.253676438097	0.243263507437	0.240755413523	0.240162798359	0.262183438201	0.237606704183	0.238805030196	0.240672972387	0.255087076449	0.258211912975	0.231004966588	0.237710164771	0.245484643766	0.238629559566	0.246726939819	0.252356170078	0.23863969923	0.109841535005	0.244251773709	0.205502444298	0.219311996165	0.238954459763	0.252053890147	0.243228517167	0.244320489746	0.112799796479	0.0	0.242177513094	0.243878991635	0.239293920833	0.10900279707	0.120221912319	0.116069847565	0.110101438084	0.104780368596	0.248748494102	0.219848208697	0.240434728341	0.239183273301	0.236399236451	0.237544103373
764143897-tonguedorsum1.freeze11.snv.mod.fix.bam	0.234994294542	0.0796325612769	0.060673694615	0.0606512142272	0.057400996131	0.176816112932	0.0649152860967	0.0690787289233	0.0645700136507	0.188063934265	0.179180693469	0.0694561759993	0.0629910563915	0.110402270311	0.0695340450132	0.0526039244025	0.160715607388	0.0563103960379	0.242833729489	0.153309136386	0.14074699606	0.206864492057	0.0632668924406	0.100752578887	0.0646205298477	0.0790277091498	0.232041205981	0.242177513094	0.0	0.0670766688015	0.0546879555011	0.236529897706	0.221447294459	0.22359835951	0.229931096349	0.230642150099	0.0826612531826	0.162121558175	0.0695480345086	0.0558732277528	0.0570391781097	0.131162560394
764305738-tonguedorsum1.freeze11.snv.mod.fix.bam	0.235533115786	0.0867625605107	0.0707322558401	0.0719262975951	0.0655425419087	0.167159808294	0.0746451971146	0.075144560534	0.0655714512008	0.175421901116	0.169237339961	0.0722821139572	0.0760145226672	0.113793903392	0.0806987650335	0.0677242528424	0.149481870379	0.0692714008297	0.247915289049	0.148221354226	0.132019306606	0.193333843501	0.0669513823524	0.0920542473643	0.0682127537619	0.0744282055473	0.235595442105	0.243878991635	0.0670766688015	0.0	0.0575492379587	0.239480967156	0.226273369375	0.228581279391	0.22709028137	0.235393338815	0.0754847586261	0.160265493915	0.0671138285979	0.0690093671837	0.0646618821117	0.131958049873
764305738-tonguedorsum2.freeze11.snv.mod.fix.bam	0.230973020621	0.07578334264	0.0586220120339	0.0588592331142	0.056398117318	0.172841791283	0.0634023549175	0.0642243278806	0.0680682589689	0.1794428732	0.172657621816	0.0699852426632	0.0644561223291	0.1058839711	0.0686848389706	0.0578468687996	0.156441012478	0.0569107912506	0.240580771283	0.150022881988	0.13380126343	0.199825202191	0.0614845255197	0.0970434395052	0.0629012948743	0.0773077399038	0.230243987354	0.239293920833	0.0546879555011	0.0575492379587	0.0	0.232554910693	0.218396377557	0.220777758244	0.227127448994	0.228739006163	0.080402891313	0.158870876842	0.0670942857201	0.0564069192519	0.0562934062563	0.129854651007
764325968-tonguedorsum2.freeze11.snv.mod.fix.bam	0.148255309055	0.246236252478	0.234429991674	0.233182756524	0.233404986872	0.259954785584	0.230383871101	0.229662171395	0.236909514791	0.251385133965	0.255083501036	0.22594818242	0.231443726355	0.240400115429	0.232063102368	0.240332276028	0.251069100317	0.232469011824	0.0705997130388	0.242753166363	0.203367179198	0.220469307553	0.234504807827	0.246720001513	0.237814996593	0.239566098717	0.103283959805	0.10900279707	0.236529897706	0.239480967156	0.232554910693	0.0	0.0990530264285	0.096372821949	0.108397096574	0.0810060018191	0.246902258913	0.215639565081	0.237310088407	0.232824287723	0.230719635689	0.230448066123
764467579-palatinetonsils3.freeze11.snv.mod.fix.bam	0.153783880366	0.233673231797	0.223053373378	0.22153096498	0.219616642079	0.253020071332	0.216780328182	0.214957476945	0.224268488919	0.24377976561	0.247947223933	0.211936578993	0.217119211425	0.225791505625	0.2170447265	0.224912556068	0.241239695376	0.217422421381	0.0891109449879	0.234416035011	0.191393669314	0.215547845578	0.221291521913	0.235669292442	0.223243229733	0.229545127243	0.110122766767	0.120221912319	0.221447294459	0.226273369375	0.218396377557	0.0990530264285	0.0	0.0199816942739	0.112803950653	0.102567012976	0.234072795953	0.210204462633	0.223172728005	0.217471486019	0.217151917595	0.213202643316
764467579-tonguedorsum3.freeze11.snv.mod.fix.bam	0.151539467716	0.235856923946	0.224935737162	0.223171773763	0.221730665514	0.253998463182	0.219154364764	0.21919977809	0.225788466532	0.248308449323	0.249992621625	0.213443950845	0.219337657572	0.228089942584	0.219349109513	0.227016663781	0.243507592199	0.21938267641	0.0832679470211	0.235559874901	0.19331556289	0.21666978851	0.222961524325	0.237906573736	0.225746406381	0.231266326854	0.108098540894	0.116069847565	0.22359835951	0.228581279391	0.220777758244	0.096372821949	0.0199816942739	0.0	0.110642801142	0.0991408993239	0.23590202069	0.212134890745	0.225440978521	0.219763287952	0.218755861617	0.220528885077
764811490-tonguedorsum2.freeze11.snv.mod.fix.bam	0.148484061464	0.241790254871	0.230782976842	0.228897726142	0.227709612797	0.24472142499	0.226499199656	0.225261033615	0.225270622476	0.238471138067	0.242307547431	0.215724508707	0.226527139364	0.23224305134	0.226595835873	0.234333470818	0.234700050855	0.227802903898	0.105798481915	0.230664967673	0.188934763162	0.201550873962	0.224236520231	0.232984677587	0.228164125137	0.229394074194	0.108118532447	0.110101438084	0.229931096349	0.22709028137	0.227127448994	0.108397096574	0.112803950653	0.110642801142	0.0	0.100855064366	0.231821655417	0.207526113437	0.224426470636	0.227515613167	0.22386691935	0.220774797102
764892411-tonguedorsum2.freeze11.snv.mod.fix.bam	0.144315181515	0.242508553599	0.23099308828	0.229879122832	0.228342487229	0.256062623356	0.228345740021	0.228430580887	0.234082472052	0.252003550911	0.252238115026	0.221105984468	0.227091962747	0.236072717459	0.227998907378	0.235681484694	0.247199101122	0.228196102209	0.0941439006941	0.239068414392	0.199524169109	0.217171022757	0.230497965509	0.245711177043	0.233589340282	0.238072406476	0.0985372545137	0.104780368596	0.230642150099	0.235393338815	0.228739006163	0.0810060018191	0.102567012976	0.0991408993239	0.100855064366	0.0	0.243467203201	0.214061880972	0.23371528352	0.228051337482	0.226223665247	0.229355564505
765013792-tonguedorsum2.freeze11.snv.mod.fix.bam	0.243373643666	0.0975767299086	0.0816252783095	0.0831380722154	0.0797255994213	0.158122120181	0.0849117448558	0.0831321006759	0.0779223194175	0.167444800739	0.161426624018	0.08366981447	0.0885782623602	0.122684220601	0.0930556528081	0.0780967799882	0.141528361279	0.0808944516836	0.255550178628	0.149815442026	0.127798308023	0.178768099738	0.0765749597895	0.0881719481962	0.0758964577297	0.0786423911642	0.244272516628	0.248748494102	0.0826612531826	0.0754847586261	0.080402891313	0.246902258913	0.234072795953	0.23590202069	0.231821655417	0.243467203201	0.0	0.16364285464	0.0739492856611	0.0818032965492	0.0780259802678	0.137931362674
765034022-tonguedorsum1.freeze11.snv.mod.fix.bam	0.218026410449	0.174666830466	0.16225838636	0.161138399597	0.159617482661	0.184487377693	0.158218253694	0.158017320382	0.156324180872	0.184755819834	0.181700468472	0.156802428082	0.161276691551	0.166503592025	0.159397886748	0.162915778012	0.169657126512	0.160850785259	0.225283973072	0.167846915379	0.16974334197	0.192450168013	0.156534901797	0.168084704828	0.157979212248	0.161953416005	0.215017642226	0.219848208697	0.162121558175	0.160265493915	0.158870876842	0.215639565081	0.210204462633	0.212134890745	0.207526113437	0.214061880972	0.16364285464	0.0	0.157847516707	0.161743126891	0.156904101718	0.108682797915
765074482-tonguedorsum1.freeze11.snv.mod.fix.bam	0.235166072076	0.0873263839945	0.0690055725567	0.0694594122141	0.0675794023906	0.162720602924	0.0714938723828	0.0696249119523	0.0682707459708	0.171530075072	0.164988161339	0.0698228964853	0.0733092146255	0.108288139793	0.0766023527385	0.0654343806529	0.146547056898	0.0663141784557	0.245878285961	0.146841303094	0.122259428151	0.186656614128	0.0618582792101	0.086753271571	0.063380073966	0.0733278995019	0.235418747727	0.240434728341	0.0695480345086	0.0671138285979	0.0670942857201	0.237310088407	0.223172728005	0.225440978521	0.224426470636	0.23371528352	0.0739492856611	0.157847516707	0.0	0.0320699400528	0.0636182765073	0.127677766804
765074482-tonguedorsum3.freeze11.snv.mod.fix.bam	0.232267653956	0.0765701038546	0.0574226484665	0.0578248908922	0.0551073698724	0.173713731337	0.0623557201744	0.0630211534188	0.0700895456183	0.184037382098	0.175472825163	0.0690686196371	0.0640949086166	0.106987437547	0.0693818807236	0.056521490309	0.158263047819	0.0540960597145	0.239996815877	0.151353217068	0.134850716306	0.203665156115	0.0600123289808	0.0971161557	0.0613309440039	0.0789979238037	0.230421248948	0.239183273301	0.0558732277528	0.0690093671837	0.0564069192519	0.232824287723	0.217471486019	0.219763287952	0.227515613167	0.228051337482	0.0818032965492	0.161743126891	0.0320699400528	0.0	0.0548999249501	0.132571265166
765216093-tonguedorsum3.freeze11.snv.mod.fix.bam	0.230214305009	0.0774214408222	0.0581234290858	0.0576537621342	0.0557203013646	0.170412348796	0.0594305338268	0.0616762255623	0.0635934699052	0.178240807778	0.170380432767	0.0659233242926	0.0633134428754	0.105162035982	0.0678717557449	0.0564032990185	0.15477714712	0.0552789636853	0.238162955531	0.147888750708	0.12951323843	0.196977843001	0.0575954256648	0.092888397929	0.0595150054299	0.0745232796671	0.228819943382	0.236399236451	0.0570391781097	0.0646618821117	0.0562934062563	0.230719635689	0.217151917595	0.218755861617	0.22386691935	0.226223665247	0.0780259802678	0.156904101718	0.0636182765073	0.0548999249501	0.0	0.129083362669
823052294-tonguedorsum1.freeze11.snv.mod.fix.bam	0.233180988487	0.149380417668	0.135613766679	0.135982821388	0.132563716431	0.18732643724	0.130142422598	0.125955397266	0.130715554453	0.179772868313	0.182828808772	0.129980400404	0.132149384895	0.142999040553	0.130185546339	0.129231474736	0.170059790018	0.131817789863	0.242857806501	0.170338982549	0.149885825109	0.191377407708	0.126910501285	0.136388893122	0.128123047944	0.137584973019	0.227583984863	0.237544103373	0.131162560394	0.131958049873	0.129854651007	0.230448066123	0.213202643316	0.220528885077	0.220774797102	0.229355564505	0.137931362674	0.108682797915	0.127677766804	0.132571265166	0.129083362669	0.0
