	147406386-subgingivalplaque2.freeze11.snv.mod.fix.bam	158337416-supragingivalplaque1.freeze11.snv.mod.fix.bam	158337416-supragingivalplaque2.freeze11.snv.mod.fix.bam	159268001-supragingivalplaque2.freeze11.snv.mod.fix.bam	159268001-supragingivalplaque3.freeze11.snv.mod.fix.bam	159632143-supragingivalplaque1.freeze11.snv.mod.fix.bam	159915365-supragingivalplaque1.freeze11.snv.mod.fix.bam	160158126-supragingivalplaque2.freeze11.snv.mod.fix.bam	160319967-supragingivalplaque3.freeze11.snv.mod.fix.bam	160380657-supragingivalplaque3.freeze11.snv.mod.fix.bam	160400887-supragingivalplaque1.freeze11.snv.mod.fix.bam	160421117-supragingivalplaque1.freeze11.snv.mod.fix.bam	160421117-supragingivalplaque2.freeze11.snv.mod.fix.bam	160421117-supragingivalplaque3.freeze11.snv.mod.fix.bam	160542498-supragingivalplaque1.freeze11.snv.mod.fix.bam	160582958-supragingivalplaque1.freeze11.snv.mod.fix.bam	160582958-supragingivalplaque2.freeze11.snv.mod.fix.bam	370425937-supragingivalplaque1.freeze11.snv.mod.fix.bam	370425937-supragingivalplaque2.freeze11.snv.mod.fix.bam	638754422-supragingivalplaque2.freeze11.snv.mod.fix.bam	675950834-supragingivalplaque3.freeze11.snv.mod.fix.bam	706846339-supragingivalplaque2.freeze11.snv.mod.fix.bam	763395383-supragingivalplaque3.freeze11.snv.mod.fix.bam	763496533-supragingivalplaque1.freeze11.snv.mod.fix.bam	763840445-supragingivalplaque2.freeze11.snv.mod.fix.bam	763961826-supragingivalplaque2.freeze11.snv.mod.fix.bam	765013792-supragingivalplaque3.freeze11.snv.mod.fix.bam	809635352-supragingivalplaque1.freeze11.snv.mod.fix.bam	823052294-supragingivalplaque2.freeze11.snv.mod.fix.bam	861967750-supragingivalplaque2.freeze11.snv.mod.fix.bam
147406386-subgingivalplaque2.freeze11.snv.mod.fix.bam	0.0	0.16921127389	0.171671908324	0.17138595537	0.170703376301	0.162264759718	0.165929991678	0.155488721477	0.155405364651	0.157880129401	0.1654039973	0.15684504675	0.160748649692	0.161364504213	0.155760148401	0.158563926814	0.162289602102	0.158453031475	0.159946272655	0.159739473299	0.148426513402	0.151640889518	0.149874779202	0.157002194248	0.155726619126	0.151640707268	0.148279845456	0.149320612461	0.152098883675	0.153904369959
158337416-supragingivalplaque1.freeze11.snv.mod.fix.bam	0.16921127389	0.0	0.00405464758421	0.177005244824	0.177320401977	0.171443526332	0.164561668704	0.163669727389	0.162244027426	0.167432521284	0.174575879158	0.172774305917	0.164753285295	0.164330819274	0.160204325664	0.168583135891	0.175772820356	0.161698906944	0.163524633137	0.162181597961	0.155797313393	0.159037501934	0.159903076402	0.163605229925	0.159340104015	0.16019396648	0.159030121676	0.154258784335	0.15927733311	0.164060299601
158337416-supragingivalplaque2.freeze11.snv.mod.fix.bam	0.171671908324	0.00405464758421	0.0	0.17949653453	0.179182512409	0.1737707753	0.166524829323	0.166755865794	0.165401036866	0.170102874478	0.176746347697	0.175413241405	0.167236931855	0.166492303608	0.163249754161	0.171209833014	0.177786497778	0.164572408853	0.166417871963	0.164754323723	0.159363268737	0.161944530929	0.162509136151	0.165817291385	0.161848776364	0.163161784932	0.162152481133	0.157270163816	0.162125663294	0.166697619184
159268001-supragingivalplaque2.freeze11.snv.mod.fix.bam	0.17138595537	0.177005244824	0.17949653453	0.0	0.00643528705956	0.1741389092	0.162485107683	0.16349846853	0.166501633794	0.169556726534	0.174375816583	0.173607053685	0.166582347015	0.166398643793	0.147012329521	0.174151986006	0.181211019382	0.155042242395	0.160482388201	0.126473230525	0.160094417145	0.148256706864	0.158316938024	0.163279028018	0.140555842805	0.158299746474	0.158525959344	0.155765743889	0.137710599816	0.165807110584
159268001-supragingivalplaque3.freeze11.snv.mod.fix.bam	0.170703376301	0.177320401977	0.179182512409	0.00643528705956	0.0	0.173804152333	0.161956181639	0.165296152997	0.167491798934	0.170518491466	0.174411198574	0.174711364757	0.167281703379	0.166595471981	0.147666847024	0.174433906819	0.18068517856	0.155198208967	0.160917631821	0.126370851203	0.161610027444	0.14834888296	0.158587079039	0.163932725516	0.139313054583	0.162603681702	0.159792266376	0.156057774663	0.137519932755	0.166372430859
159632143-supragingivalplaque1.freeze11.snv.mod.fix.bam	0.162264759718	0.171443526332	0.1737707753	0.1741389092	0.173804152333	0.0	0.163622774172	0.157890559506	0.1612241308	0.160475311876	0.168076824609	0.164452535123	0.159817032464	0.159199632726	0.159241326245	0.162869967055	0.168206367539	0.158560860708	0.159543536051	0.164075712803	0.151490628519	0.157708254833	0.155078610487	0.157728830788	0.161018292558	0.154921151492	0.155013688279	0.15446820402	0.155526598118	0.155895012914
159915365-supragingivalplaque1.freeze11.snv.mod.fix.bam	0.165929991678	0.164561668704	0.166524829323	0.162485107683	0.161956181639	0.163622774172	0.0	0.159014652232	0.161500941874	0.161333679565	0.170044553973	0.16788327962	0.158964760407	0.158501605139	0.153426661255	0.166139618604	0.173532527014	0.1533830316	0.154025323827	0.152172152943	0.150261527874	0.150875870903	0.15401912061	0.157465438012	0.152488692347	0.153264955017	0.153496349709	0.147740026935	0.153842546181	0.161145721855
160158126-supragingivalplaque2.freeze11.snv.mod.fix.bam	0.155488721477	0.163669727389	0.166755865794	0.16349846853	0.165296152997	0.157890559506	0.159014652232	0.0	0.133758275734	0.138102476552	0.158123278912	0.15535717222	0.148324862195	0.153497265099	0.140317088146	0.149390824297	0.163259875426	0.140040048194	0.141109920761	0.152191789494	0.124051371946	0.134695073244	0.143879332744	0.135291248832	0.145951197777	0.135587936842	0.132878719104	0.128310573248	0.133324045539	0.136088864764
160319967-supragingivalplaque3.freeze11.snv.mod.fix.bam	0.155405364651	0.162244027426	0.165401036866	0.166501633794	0.167491798934	0.1612241308	0.161500941874	0.133758275734	0.0	0.140211507343	0.162092620427	0.146520980238	0.151239485711	0.156267184184	0.141640562209	0.147474611477	0.160780262715	0.143965831602	0.145338067626	0.152849485927	0.127965330464	0.135424270495	0.144414948515	0.144651436558	0.147289709788	0.14186087849	0.104328473334	0.134676057459	0.136508245103	0.135765628293
160380657-supragingivalplaque3.freeze11.snv.mod.fix.bam	0.157880129401	0.167432521284	0.170102874478	0.169556726534	0.170518491466	0.160475311876	0.161333679565	0.138102476552	0.140211507343	0.0	0.161100798284	0.155113773623	0.151248589428	0.156432146186	0.142110035088	0.151949788236	0.165143257216	0.144043658189	0.145063620657	0.157584150812	0.126687480987	0.136839549316	0.14620451243	0.144442619541	0.149647525548	0.138783302026	0.132288566106	0.133732631405	0.133717259034	0.142187141508
160400887-supragingivalplaque1.freeze11.snv.mod.fix.bam	0.1654039973	0.174575879158	0.176746347697	0.174375816583	0.174411198574	0.168076824609	0.170044553973	0.158123278912	0.162092620427	0.161100798284	0.0	0.167720184141	0.16393765394	0.165247819825	0.13882678233	0.16461687609	0.175328950037	0.160824075165	0.161414466693	0.164438548529	0.154384647463	0.155967537257	0.155751640589	0.165274693281	0.159111043315	0.155481237496	0.155364986233	0.155887053785	0.156015946244	0.159474160859
160421117-supragingivalplaque1.freeze11.snv.mod.fix.bam	0.15684504675	0.172774305917	0.175413241405	0.173607053685	0.174711364757	0.164452535123	0.16788327962	0.15535717222	0.146520980238	0.155113773623	0.167720184141	0.0	0.146539328201	0.1541785203	0.156689606081	0.160841617589	0.167085422305	0.157473175447	0.158817374601	0.166527831169	0.14784152144	0.151650366701	0.155058065712	0.16046349651	0.16165060994	0.154194112839	0.142138194545	0.150833462603	0.152230674225	0.151291915346
160421117-supragingivalplaque2.freeze11.snv.mod.fix.bam	0.160748649692	0.164753285295	0.167236931855	0.166582347015	0.167281703379	0.159817032464	0.158964760407	0.148324862195	0.151239485711	0.151248589428	0.16393765394	0.146539328201	0.0	0.0185154787288	0.148486058821	0.158035139972	0.168526278589	0.147604940079	0.149798537302	0.153512439555	0.138304508215	0.142313178112	0.14701044103	0.148182081846	0.147332524493	0.146326368583	0.143551842797	0.14053937401	0.144210991055	0.148856833727
160421117-supragingivalplaque3.freeze11.snv.mod.fix.bam	0.161364504213	0.164330819274	0.166492303608	0.166398643793	0.166595471981	0.159199632726	0.158501605139	0.153497265099	0.156267184184	0.156432146186	0.165247819825	0.1541785203	0.0185154787288	0.0	0.152545137766	0.161355467759	0.169323443828	0.151097146225	0.153598012862	0.153247561959	0.145617364862	0.146644648709	0.148165699519	0.151702091687	0.148499271512	0.149098719048	0.148920199006	0.144890407554	0.148563864195	0.153043889493
160542498-supragingivalplaque1.freeze11.snv.mod.fix.bam	0.155760148401	0.160204325664	0.163249754161	0.147012329521	0.147666847024	0.159241326245	0.153426661255	0.140317088146	0.141640562209	0.142110035088	0.13882678233	0.156689606081	0.148486058821	0.152545137766	0.0	0.152928368795	0.165903051691	0.134043637304	0.138179654291	0.13575941586	0.130185686639	0.106479398395	0.142586504868	0.143487402322	0.0971946901448	0.138013738771	0.135112377637	0.132543033476	0.131976003077	0.144111057018
160582958-supragingivalplaque1.freeze11.snv.mod.fix.bam	0.158563926814	0.168583135891	0.171209833014	0.174151986006	0.174433906819	0.162869967055	0.166139618604	0.149390824297	0.147474611477	0.151949788236	0.16461687609	0.160841617589	0.158035139972	0.161355467759	0.152928368795	0.0	0.0374293089654	0.152217579163	0.153513479965	0.161499458142	0.116226909511	0.146018985413	0.152783308806	0.151770795862	0.157631593034	0.147877773045	0.142175557901	0.14377304708	0.147445190612	0.143215546099
160582958-supragingivalplaque2.freeze11.snv.mod.fix.bam	0.162289602102	0.175772820356	0.177786497778	0.181211019382	0.18068517856	0.168206367539	0.173532527014	0.163259875426	0.160780262715	0.165143257216	0.175328950037	0.167085422305	0.168526278589	0.169323443828	0.165903051691	0.0374293089654	0.0	0.16650526537	0.167344648871	0.170379738492	0.131318786255	0.161076002092	0.161726793033	0.165815251384	0.168714168224	0.159299374106	0.155908941613	0.158346041206	0.161759510576	0.156194842047
370425937-supragingivalplaque1.freeze11.snv.mod.fix.bam	0.158453031475	0.161698906944	0.164572408853	0.155042242395	0.155198208967	0.158560860708	0.1533830316	0.140040048194	0.143965831602	0.144043658189	0.160824075165	0.157473175447	0.147604940079	0.151097146225	0.134043637304	0.152217579163	0.16650526537	0.0	0.0484282523634	0.13800705428	0.127952284465	0.128499994637	0.141308251827	0.140523138988	0.132949665493	0.135491010757	0.134741090057	0.130681023901	0.135162141949	0.144460011591
370425937-supragingivalplaque2.freeze11.snv.mod.fix.bam	0.159946272655	0.163524633137	0.166417871963	0.160482388201	0.160917631821	0.159543536051	0.154025323827	0.141109920761	0.145338067626	0.145063620657	0.161414466693	0.158817374601	0.149798537302	0.153598012862	0.138179654291	0.153513479965	0.167344648871	0.0484282523634	0.0	0.143102368238	0.129172774397	0.133889490983	0.143335811947	0.141708655122	0.139199311318	0.138126795153	0.135836194222	0.134030283323	0.1366071691	0.144376393988
638754422-supragingivalplaque2.freeze11.snv.mod.fix.bam	0.159739473299	0.162181597961	0.164754323723	0.126473230525	0.126370851203	0.164075712803	0.152172152943	0.152191789494	0.152849485927	0.157584150812	0.164438548529	0.166527831169	0.153512439555	0.153247561959	0.13575941586	0.161499458142	0.170379738492	0.13800705428	0.143102368238	0.0	0.146065138944	0.131653096369	0.144513162769	0.147282485144	0.123061922064	0.148380376394	0.144763336647	0.143168279207	0.141046708915	0.154910560308
675950834-supragingivalplaque3.freeze11.snv.mod.fix.bam	0.148426513402	0.155797313393	0.159363268737	0.160094417145	0.161610027444	0.151490628519	0.150261527874	0.124051371946	0.127965330464	0.126687480987	0.154384647463	0.14784152144	0.138304508215	0.145617364862	0.130185686639	0.116226909511	0.131318786255	0.127952284465	0.129172774397	0.146065138944	0.0	0.12046508573	0.1372054017	0.128481495868	0.136397261	0.124266726319	0.118978435614	0.118101072403	0.120309310558	0.127767896806
706846339-supragingivalplaque2.freeze11.snv.mod.fix.bam	0.151640889518	0.159037501934	0.161944530929	0.148256706864	0.14834888296	0.157708254833	0.150875870903	0.134695073244	0.135424270495	0.136839549316	0.155967537257	0.151650366701	0.142313178112	0.146644648709	0.106479398395	0.146018985413	0.161076002092	0.128499994637	0.133889490983	0.131653096369	0.12046508573	0.0	0.137885490739	0.117779302134	0.0953348681894	0.13281465255	0.126781591876	0.123790632284	0.125652209885	0.136793077005
763395383-supragingivalplaque3.freeze11.snv.mod.fix.bam	0.149874779202	0.159903076402	0.162509136151	0.158316938024	0.158587079039	0.155078610487	0.15401912061	0.143879332744	0.144414948515	0.14620451243	0.155751640589	0.155058065712	0.14701044103	0.148165699519	0.142586504868	0.152783308806	0.161726793033	0.141308251827	0.143335811947	0.144513162769	0.1372054017	0.137885490739	0.0	0.144263565875	0.143637464453	0.14081710494	0.132577027708	0.137750659092	0.142274971098	0.141918575437
763496533-supragingivalplaque1.freeze11.snv.mod.fix.bam	0.157002194248	0.163605229925	0.165817291385	0.163279028018	0.163932725516	0.157728830788	0.157465438012	0.135291248832	0.144651436558	0.144442619541	0.165274693281	0.16046349651	0.148182081846	0.151702091687	0.143487402322	0.151770795862	0.165815251384	0.140523138988	0.141708655122	0.147282485144	0.128481495868	0.117779302134	0.144263565875	0.0	0.145592859806	0.140632221169	0.134707793626	0.100584581586	0.137815218362	0.136597483222
763840445-supragingivalplaque2.freeze11.snv.mod.fix.bam	0.155726619126	0.159340104015	0.161848776364	0.140555842805	0.139313054583	0.161018292558	0.152488692347	0.145951197777	0.147289709788	0.149647525548	0.159111043315	0.16165060994	0.147332524493	0.148499271512	0.0971946901448	0.157631593034	0.168714168224	0.132949665493	0.139199311318	0.123061922064	0.136397261	0.0953348681894	0.143637464453	0.145592859806	0.0	0.14181658258	0.139742479508	0.135934982354	0.137669718326	0.148633413802
763961826-supragingivalplaque2.freeze11.snv.mod.fix.bam	0.151640707268	0.16019396648	0.163161784932	0.158299746474	0.162603681702	0.154921151492	0.153264955017	0.135587936842	0.14186087849	0.138783302026	0.155481237496	0.154194112839	0.146326368583	0.149098719048	0.138013738771	0.147877773045	0.159299374106	0.135491010757	0.138126795153	0.148380376394	0.124266726319	0.13281465255	0.14081710494	0.140632221169	0.14181658258	0.0	0.131540833125	0.131647235561	0.132705626067	0.140435177333
765013792-supragingivalplaque3.freeze11.snv.mod.fix.bam	0.148279845456	0.159030121676	0.162152481133	0.158525959344	0.159792266376	0.155013688279	0.153496349709	0.132878719104	0.104328473334	0.132288566106	0.155364986233	0.142138194545	0.143551842797	0.148920199006	0.135112377637	0.142175557901	0.155908941613	0.134741090057	0.135836194222	0.144763336647	0.118978435614	0.126781591876	0.132577027708	0.134707793626	0.139742479508	0.131540833125	0.0	0.126500348499	0.12743649799	0.127433393466
809635352-supragingivalplaque1.freeze11.snv.mod.fix.bam	0.149320612461	0.154258784335	0.157270163816	0.155765743889	0.156057774663	0.15446820402	0.147740026935	0.128310573248	0.134676057459	0.133732631405	0.155887053785	0.150833462603	0.14053937401	0.144890407554	0.132543033476	0.14377304708	0.158346041206	0.130681023901	0.134030283323	0.143168279207	0.118101072403	0.123790632284	0.137750659092	0.100584581586	0.135934982354	0.131647235561	0.126500348499	0.0	0.127418265108	0.126747554572
823052294-supragingivalplaque2.freeze11.snv.mod.fix.bam	0.152098883675	0.15927733311	0.162125663294	0.137710599816	0.137519932755	0.155526598118	0.153842546181	0.133324045539	0.136508245103	0.133717259034	0.156015946244	0.152230674225	0.144210991055	0.148563864195	0.131976003077	0.147445190612	0.161759510576	0.135162141949	0.1366071691	0.141046708915	0.120309310558	0.125652209885	0.142274971098	0.137815218362	0.137669718326	0.132705626067	0.12743649799	0.127418265108	0.0	0.135525148727
861967750-supragingivalplaque2.freeze11.snv.mod.fix.bam	0.153904369959	0.164060299601	0.166697619184	0.165807110584	0.166372430859	0.155895012914	0.161145721855	0.136088864764	0.135765628293	0.142187141508	0.159474160859	0.151291915346	0.148856833727	0.153043889493	0.144111057018	0.143215546099	0.156194842047	0.144460011591	0.144376393988	0.154910560308	0.127767896806	0.136793077005	0.141918575437	0.136597483222	0.148633413802	0.140435177333	0.127433393466	0.126747554572	0.135525148727	0.0
