	147406386-subgingivalplaque2.freeze11.snv.mod.fix.bam	158337416-supragingivalplaque1.freeze11.snv.mod.fix.bam	158337416-supragingivalplaque2.freeze11.snv.mod.fix.bam	159268001-supragingivalplaque2.freeze11.snv.mod.fix.bam	159268001-supragingivalplaque3.freeze11.snv.mod.fix.bam	159632143-supragingivalplaque1.freeze11.snv.mod.fix.bam	159915365-supragingivalplaque1.freeze11.snv.mod.fix.bam	160158126-supragingivalplaque2.freeze11.snv.mod.fix.bam	160319967-supragingivalplaque3.freeze11.snv.mod.fix.bam	160380657-supragingivalplaque3.freeze11.snv.mod.fix.bam	160400887-supragingivalplaque1.freeze11.snv.mod.fix.bam	160421117-supragingivalplaque1.freeze11.snv.mod.fix.bam	160421117-supragingivalplaque2.freeze11.snv.mod.fix.bam	160421117-supragingivalplaque3.freeze11.snv.mod.fix.bam	160542498-supragingivalplaque1.freeze11.snv.mod.fix.bam	160582958-supragingivalplaque1.freeze11.snv.mod.fix.bam	160582958-supragingivalplaque2.freeze11.snv.mod.fix.bam	370425937-supragingivalplaque1.freeze11.snv.mod.fix.bam	370425937-supragingivalplaque2.freeze11.snv.mod.fix.bam	638754422-supragingivalplaque2.freeze11.snv.mod.fix.bam	675950834-supragingivalplaque3.freeze11.snv.mod.fix.bam	706846339-supragingivalplaque2.freeze11.snv.mod.fix.bam	763395383-supragingivalplaque3.freeze11.snv.mod.fix.bam	763496533-supragingivalplaque1.freeze11.snv.mod.fix.bam	763840445-supragingivalplaque2.freeze11.snv.mod.fix.bam	763961826-supragingivalplaque2.freeze11.snv.mod.fix.bam	765013792-supragingivalplaque3.freeze11.snv.mod.fix.bam	809635352-supragingivalplaque1.freeze11.snv.mod.fix.bam	823052294-supragingivalplaque2.freeze11.snv.mod.fix.bam	861967750-supragingivalplaque2.freeze11.snv.mod.fix.bam
147406386-subgingivalplaque2.freeze11.snv.mod.fix.bam	0.0	0.148424911376	0.152412987432	0.152231711247	0.151123912343	0.138354012246	0.141133580406	0.106328553013	0.125745246536	0.10544231389	0.147760232034	0.133157428295	0.135977280052	0.137165646149	0.122623267805	0.135191749919	0.141616983564	0.120246535611	0.126792620045	0.134889622946	0.0932968095392	0.106892523364	0.12558411215	0.106147276829	0.131324524654	0.120125684821	0.10729535933	0.10232033516	0.110981308411	0.12534241057
158337416-supragingivalplaque1.freeze11.snv.mod.fix.bam	0.148424911376	0.0	0.000906380921689	0.165585723493	0.165102320335	0.152997099581	0.147075410893	0.119420721882	0.139018691589	0.119823557847	0.164155655817	0.154487592652	0.145987753787	0.146692716726	0.132230905575	0.15243312923	0.161194811473	0.129854173381	0.137306638737	0.14363116339	0.105261037705	0.119340154689	0.140287624879	0.118212213986	0.140811311634	0.13414437641	0.122784402191	0.112431517886	0.123771350306	0.141173864003
158337416-supragingivalplaque2.freeze11.snv.mod.fix.bam	0.152412987432	0.000906380921689	0.0	0.169473090558	0.168566709636	0.156884466645	0.150358524009	0.123932484692	0.142946342249	0.124093619078	0.167841604898	0.158556235901	0.149794553658	0.150217531421	0.136621817596	0.156662906864	0.16482033516	0.134164518208	0.141657267161	0.147599097647	0.110236061876	0.123710924911	0.144033999355	0.121575894296	0.144759104093	0.138394295843	0.127135030616	0.116459877538	0.128001127941	0.145524492427
159268001-supragingivalplaque2.freeze11.snv.mod.fix.bam	0.152231711247	0.165585723493	0.169473090558	0.0	0.000866097325169	0.157448436996	0.146310022559	0.121032065743	0.143711730583	0.123872059297	0.165364163713	0.157005317435	0.149291008701	0.150398807606	0.118997744119	0.159986303577	0.168204157267	0.123650499517	0.136601675798	0.112209958105	0.110618756043	0.107859329681	0.140086206897	0.119219303899	0.122784402191	0.134809055752	0.122180148244	0.115331936835	0.112230099903	0.144315984531
159268001-supragingivalplaque3.freeze11.snv.mod.fix.bam	0.151123912343	0.165102320335	0.168566709636	0.000866097325169	0.0	0.156642765066	0.145423783435	0.122401708024	0.144779245891	0.124697873026	0.165243312923	0.1574081534	0.149210441508	0.149955688044	0.119702707058	0.159684176603	0.166995649372	0.123509506929	0.137286496938	0.112129390912	0.112089107316	0.108020464067	0.140025781502	0.119622139865	0.121998872059	0.137205929745	0.123489365131	0.115593780213	0.114022719948	0.145182081856
159632143-supragingivalplaque1.freeze11.snv.mod.fix.bam	0.138354012246	0.152997099581	0.156884466645	0.157448436996	0.156642765066	0.0	0.14177811795	0.110256203674	0.13333870448	0.109108121173	0.152916532388	0.142180953916	0.13692394457	0.137608765711	0.128222687722	0.141053013213	0.149230583306	0.123005961972	0.128625523687	0.140891878827	0.0987350950693	0.11446583951	0.131888495005	0.109249113761	0.138555430229	0.125704962939	0.115130518853	0.10902755398	0.11597647438	0.128363680309
159915365-supragingivalplaque1.freeze11.snv.mod.fix.bam	0.141133580406	0.147075410893	0.150358524009	0.146310022559	0.145423783435	0.14177811795	0.0	0.111424427973	0.133660973252	0.109732516919	0.155192555591	0.145564776023	0.135957138253	0.136823235578	0.122019013858	0.146189171769	0.154266032871	0.118010796004	0.12280454399	0.130478569127	0.0963986464712	0.106449403803	0.131002255881	0.10822188205	0.130760554302	0.123408797937	0.113519174992	0.10232033516	0.115694489204	0.13448678698
160158126-supragingivalplaque2.freeze11.snv.mod.fix.bam	0.106328553013	0.119420721882	0.123932484692	0.121032065743	0.122401708024	0.110256203674	0.111424427973	0.0	0.0798622300999	0.0659039639059	0.115835481792	0.107980180471	0.0991983564293	0.105502739285	0.0833266194006	0.100265871737	0.118151788592	0.0797816629069	0.0837697389623	0.103186432485	0.0462455688044	0.0662665162746	0.0943441830487	0.0653802771511	0.0967611988398	0.0792579761521	0.0682202707058	0.0592974540767	0.0685425394779	0.0827022236545
160319967-supragingivalplaque3.freeze11.snv.mod.fix.bam	0.125745246536	0.139018691589	0.142946342249	0.143711730583	0.144779245891	0.13333870448	0.133660973252	0.0798622300999	0.0	0.0823195294876	0.141798259749	0.117446825653	0.12326780535	0.128323396713	0.102783596519	0.11724540767	0.134506928779	0.10034643893	0.105945858846	0.12419432807	0.0646350306155	0.0825410892684	0.115291653239	0.0888454721238	0.118937318724	0.104213664196	0.0547856912665	0.0799629390912	0.0888253303255	0.099258781824
160380657-supragingivalplaque3.freeze11.snv.mod.fix.bam	0.10544231389	0.119823557847	0.124093619078	0.123872059297	0.124697873026	0.109108121173	0.109732516919	0.0659039639059	0.0823195294876	0.0	0.116077183371	0.106308411215	0.0993192072188	0.10497905253	0.0829439252336	0.10000402836	0.117084273284	0.0807081856268	0.0843739929101	0.105543022881	0.0472325169191	0.0657831131163	0.0926724137931	0.0712213986465	0.0965597808572	0.0799226554947	0.0654809861424	0.0626409925878	0.0669311956171	0.0841524331292
160400887-supragingivalplaque1.freeze11.snv.mod.fix.bam	0.147760232034	0.164155655817	0.167841604898	0.165364163713	0.165243312923	0.152916532388	0.155192555591	0.115835481792	0.141798259749	0.116077183371	0.0	0.152956815985	0.149673702868	0.150660650983	0.121938446665	0.155353689977	0.163672252659	0.131425233645	0.137105220754	0.148706896552	0.107073799549	0.118433773767	0.139723654528	0.121555752498	0.1446785369	0.131586368031	0.121696745085	0.115956332581	0.122945536578	0.140408475669
160421117-supragingivalplaque1.freeze11.snv.mod.fix.bam	0.133157428295	0.154487592652	0.158556235901	0.157005317435	0.1574081534	0.142180953916	0.145564776023	0.107980180471	0.117446825653	0.106308411215	0.152956815985	0.0	0.13102239768	0.134164518208	0.126208507896	0.140287624879	0.148445053174	0.121596036094	0.128021269739	0.143308894618	0.0939413470835	0.108403158234	0.132029487593	0.110356912665	0.139502094747	0.125241701579	0.102421044151	0.106791814373	0.111927972929	0.125020141798
160421117-supragingivalplaque2.freeze11.snv.mod.fix.bam	0.135977280052	0.145987753787	0.149794553658	0.149291008701	0.149210441508	0.13692394457	0.135957138253	0.0991983564293	0.12326780535	0.0993192072188	0.149673702868	0.13102239768	0.0	0.00078553013213	0.116762004512	0.138333870448	0.148908314534	0.110155494683	0.1180510796	0.130075733161	0.0834474701901	0.0966000644538	0.123751208508	0.0976877215598	0.125684821141	0.114868675475	0.103428134064	0.0938003544956	0.103569126652	0.122401708024
160421117-supragingivalplaque3.freeze11.snv.mod.fix.bam	0.137165646149	0.146692716726	0.150217531421	0.150398807606	0.149955688044	0.137608765711	0.136823235578	0.105502739285	0.128323396713	0.10497905253	0.150660650983	0.134164518208	0.00078553013213	0.0	0.121314050918	0.14189896874	0.150237673219	0.115372220432	0.12373106671	0.131123106671	0.0921487270383	0.102280051563	0.125604253948	0.102904447309	0.126812761843	0.119883983242	0.109430389945	0.0995206252014	0.110095069288	0.126127940703
160542498-supragingivalplaque1.freeze11.snv.mod.fix.bam	0.122623267805	0.132230905575	0.136621817596	0.118997744119	0.119702707058	0.128222687722	0.122019013858	0.0833266194006	0.102783596519	0.0829439252336	0.121938446665	0.126208507896	0.116762004512	0.121314050918	0.0	0.121434901708	0.137185787947	0.0884224943603	0.0969021914277	0.103025298099	0.0641717692556	0.0522881082823	0.110054785691	0.0858846277796	0.0617547534644	0.0974460199807	0.0853810828231	0.0774049307122	0.081191588785	0.106328553013
160582958-supragingivalplaque1.freeze11.snv.mod.fix.bam	0.135191749919	0.15243312923	0.156662906864	0.159986303577	0.159684176603	0.141053013213	0.146189171769	0.100265871737	0.11724540767	0.10000402836	0.155353689977	0.140287624879	0.138333870448	0.14189896874	0.121434901708	0.0	0.00437077022237	0.114808250081	0.121978730261	0.140750886239	0.0540001611344	0.101131969062	0.132714308733	0.103146148888	0.137830325491	0.116681437319	0.101836932001	0.0963785046729	0.106509829198	0.119501289075
160582958-supragingivalplaque2.freeze11.snv.mod.fix.bam	0.141616983564	0.161194811473	0.16482033516	0.168204157267	0.166995649372	0.149230583306	0.154266032871	0.118151788592	0.134506928779	0.117084273284	0.163672252659	0.148445053174	0.148908314534	0.150237673219	0.137185787947	0.00437077022237	0.0	0.132895584918	0.138495004834	0.150277956816	0.0854817918144	0.120407669997	0.142422655495	0.118333064776	0.149029165324	0.132573316146	0.11851434096	0.115472929423	0.124436029649	0.134506928779
370425937-supragingivalplaque1.freeze11.snv.mod.fix.bam	0.120246535611	0.129854173381	0.134164518208	0.123650499517	0.123509506929	0.123005961972	0.118010796004	0.0797816629069	0.10034643893	0.0807081856268	0.131425233645	0.121596036094	0.110155494683	0.115372220432	0.0884224943603	0.114808250081	0.132895584918	0.0	0.00233644859813	0.100950692878	0.0595794392523	0.070335159523	0.102924589107	0.0795399613277	0.0941427650661	0.0906380921689	0.0806276184338	0.0711609732517	0.0808491782146	0.100386722527
370425937-supragingivalplaque2.freeze11.snv.mod.fix.bam	0.126792620045	0.137306638737	0.141657267161	0.136601675798	0.137286496938	0.128625523687	0.12280454399	0.0837697389623	0.105945858846	0.0843739929101	0.137105220754	0.128021269739	0.1180510796	0.12373106671	0.0969021914277	0.121978730261	0.138495004834	0.00233644859813	0.0	0.114264421528	0.0634869481147	0.0791975507573	0.11088059942	0.0848573960683	0.108846277796	0.0978085723493	0.085683209797	0.0791371253626	0.0869320012891	0.105361746697
638754422-supragingivalplaque2.freeze11.snv.mod.fix.bam	0.134889622946	0.14363116339	0.147599097647	0.112209958105	0.112129390912	0.140891878827	0.130478569127	0.103186432485	0.12419432807	0.105543022881	0.148706896552	0.143308894618	0.130075733161	0.131123106671	0.103025298099	0.140750886239	0.150277956816	0.100950692878	0.114264421528	0.0	0.0912423461167	0.0850588140509	0.121052207541	0.0978891395424	0.101514663229	0.117990654206	0.10485820174	0.0967209152433	0.103428134064	0.12719545601
675950834-supragingivalplaque3.freeze11.snv.mod.fix.bam	0.0932968095392	0.105261037705	0.110236061876	0.110618756043	0.112089107316	0.0987350950693	0.0963986464712	0.0462455688044	0.0646350306155	0.0472325169191	0.107073799549	0.0939413470835	0.0834474701901	0.0921487270383	0.0641717692556	0.0540001611344	0.0854817918144	0.0595794392523	0.0634869481147	0.0912423461167	0.0	0.0438285530132	0.0802449242668	0.0499919432807	0.0807887528199	0.0602441185949	0.0471318079278	0.0424790525298	0.0472929423139	0.064514179826
706846339-supragingivalplaque2.freeze11.snv.mod.fix.bam	0.106892523364	0.119340154689	0.123710924911	0.107859329681	0.108020464067	0.11446583951	0.106449403803	0.0662665162746	0.0825410892684	0.0657831131163	0.118433773767	0.108403158234	0.0966000644538	0.102280051563	0.0522881082823	0.101131969062	0.120407669997	0.070335159523	0.0791975507573	0.0850588140509	0.0438285530132	0.0	0.0916854656784	0.0572228488559	0.0457621656461	0.080103931679	0.0644336126329	0.0571221398646	0.063043828553	0.08576377699
763395383-supragingivalplaque3.freeze11.snv.mod.fix.bam	0.12558411215	0.140287624879	0.144033999355	0.140086206897	0.140025781502	0.131888495005	0.131002255881	0.0943441830487	0.115291653239	0.0926724137931	0.139723654528	0.132029487593	0.123751208508	0.125604253948	0.110054785691	0.132714308733	0.142422655495	0.102924589107	0.11088059942	0.121052207541	0.0802449242668	0.0916854656784	0.0	0.0933975185305	0.120991782146	0.109128262971	0.0926119883983	0.0902352562037	0.101796648405	0.115472929423
763496533-supragingivalplaque1.freeze11.snv.mod.fix.bam	0.106147276829	0.118212213986	0.121575894296	0.119219303899	0.119622139865	0.109249113761	0.10822188205	0.0653802771511	0.0888454721238	0.0712213986465	0.121555752498	0.110356912665	0.0976877215598	0.102904447309	0.0858846277796	0.103146148888	0.118333064776	0.0795399613277	0.0848573960683	0.0978891395424	0.0499919432807	0.0572228488559	0.0933975185305	0.0	0.095613116339	0.0836891717693	0.0704962939091	0.0393369320013	0.0730945858846	0.084132291331
763840445-supragingivalplaque2.freeze11.snv.mod.fix.bam	0.131324524654	0.140811311634	0.144759104093	0.122784402191	0.121998872059	0.138555430229	0.130760554302	0.0967611988398	0.118937318724	0.0965597808572	0.1446785369	0.139502094747	0.125684821141	0.126812761843	0.0617547534644	0.137830325491	0.149029165324	0.0941427650661	0.108846277796	0.101514663229	0.0807887528199	0.0457621656461	0.120991782146	0.095613116339	0.0	0.111525136964	0.100124879149	0.0897518530454	0.0989969384467	0.123469223332
763961826-supragingivalplaque2.freeze11.snv.mod.fix.bam	0.120125684821	0.13414437641	0.138394295843	0.134809055752	0.137205929745	0.125704962939	0.123408797937	0.0792579761521	0.104213664196	0.0799226554947	0.131586368031	0.125241701579	0.114868675475	0.119883983242	0.0974460199807	0.116681437319	0.132573316146	0.0906380921689	0.0978085723493	0.117990654206	0.0602441185949	0.080103931679	0.109128262971	0.0836891717693	0.111525136964	0.0	0.0831050596197	0.0777473412826	0.082118111505	0.102723171125
765013792-supragingivalplaque3.freeze11.snv.mod.fix.bam	0.10729535933	0.122784402191	0.127135030616	0.122180148244	0.123489365131	0.115130518853	0.113519174992	0.0682202707058	0.0547856912665	0.0654809861424	0.121696745085	0.102421044151	0.103428134064	0.109430389945	0.0853810828231	0.101836932001	0.11851434096	0.0806276184338	0.085683209797	0.10485820174	0.0471318079278	0.0644336126329	0.0926119883983	0.0704962939091	0.100124879149	0.0831050596197	0.0	0.0639904930712	0.0694489203996	0.0827022236545
809635352-supragingivalplaque1.freeze11.snv.mod.fix.bam	0.10232033516	0.112431517886	0.116459877538	0.115331936835	0.115593780213	0.10902755398	0.10232033516	0.0592974540767	0.0799629390912	0.0626409925878	0.115956332581	0.106791814373	0.0938003544956	0.0995206252014	0.0774049307122	0.0963785046729	0.115472929423	0.0711609732517	0.0791371253626	0.0967209152433	0.0424790525298	0.0571221398646	0.0902352562037	0.0393369320013	0.0897518530454	0.0777473412826	0.0639904930712	0.0	0.0647558814051	0.075370609088
823052294-supragingivalplaque2.freeze11.snv.mod.fix.bam	0.110981308411	0.123771350306	0.128001127941	0.112230099903	0.114022719948	0.11597647438	0.115694489204	0.0685425394779	0.0888253303255	0.0669311956171	0.122945536578	0.111927972929	0.103569126652	0.110095069288	0.081191588785	0.106509829198	0.124436029649	0.0808491782146	0.0869320012891	0.103428134064	0.0472929423139	0.063043828553	0.101796648405	0.0730945858846	0.0989969384467	0.082118111505	0.0694489203996	0.0647558814051	0.0	0.0876168224299
861967750-supragingivalplaque2.freeze11.snv.mod.fix.bam	0.12534241057	0.141173864003	0.145524492427	0.144315984531	0.145182081856	0.128363680309	0.13448678698	0.0827022236545	0.099258781824	0.0841524331292	0.140408475669	0.125020141798	0.122401708024	0.126127940703	0.106328553013	0.119501289075	0.134506928779	0.100386722527	0.105361746697	0.12719545601	0.064514179826	0.08576377699	0.115472929423	0.084132291331	0.123469223332	0.102723171125	0.0827022236545	0.075370609088	0.0876168224299	0.0
