	764588959-stool1.freeze11.snv.mod.fix.bam	CCIS22275061ST-4-0.freeze11.snv.mod.fix.bam	CCIS23164343ST-4-0.freeze11.snv.mod.fix.bam	CCIS29210128ST-4-0.freeze11.snv.mod.fix.bam	CCIS36699628ST-4-0.freeze11.snv.mod.fix.bam	CCIS41692898ST-4-0.freeze11.snv.mod.fix.bam	CCIS44676181ST-4-0.freeze11.snv.mod.fix.bam	CCIS48174381ST-4-0.freeze11.snv.mod.fix.bam	CCIS50003399ST-4-0.freeze11.snv.mod.fix.bam	CCIS50471204ST-4-0.freeze11.snv.mod.fix.bam	CCIS59132091ST-4-0.freeze11.snv.mod.fix.bam	CCIS61287323ST-4-0.freeze11.snv.mod.fix.bam	CCIS63448910ST-4-0.freeze11.snv.mod.fix.bam	CCIS78100604ST-4-0.freeze11.snv.mod.fix.bam	CCIS81735969ST-20-0.freeze11.snv.mod.fix.bam	CCIS82146115ST-4-0.freeze11.snv.mod.fix.bam	CCMD12232071ST-21-0.freeze11.snv.mod.fix.bam	CCMD13071240ST-21-0.freeze11.snv.mod.fix.bam	CCMD51864103ST-21-0.freeze11.snv.mod.fix.bam	CCMD74930188ST-21-0.freeze11.snv.mod.fix.bam	CCMD86707194ST-21-0.freeze11.snv.mod.fix.bam	MH0131.freeze11.snv.mod.fix.bam	MMRS56137463ST-27-0-0.freeze11.snv.mod.fix.bam	MMRS61683006ST-27-0-0.freeze11.snv.mod.fix.bam	MMRS68630931ST-27-0-0.freeze11.snv.mod.fix.bam	NG-5636_263.freeze11.snv.mod.fix.bam	NG-5636_312.freeze11.snv.mod.fix.bam	NG-5636_332.freeze11.snv.mod.fix.bam	NG-5636_350.freeze11.snv.mod.fix.bam	NG-5636_372.freeze11.snv.mod.fix.bam	NG-5636_472.freeze11.snv.mod.fix.bam	NLM032.freeze11.snv.mod.fix.bam	O2.UC36-0.freeze11.snv.mod.fix.bam	O2.UC6-0.freeze11.snv.mod.fix.bam	SAMEA3136631.freeze11.snv.mod.fix.bam	SAMEA3136646.freeze11.snv.mod.fix.bam	SAMEA3136648.freeze11.snv.mod.fix.bam	SAMEA3136661.freeze11.snv.mod.fix.bam	SAMEA3136670.freeze11.snv.mod.fix.bam	SAMEA3136687.freeze11.snv.mod.fix.bam	SAMEA3136691.freeze11.snv.mod.fix.bam	SAMEA3136693.freeze11.snv.mod.fix.bam	SAMEA3136701.freeze11.snv.mod.fix.bam	SAMEA3136708.freeze11.snv.mod.fix.bam	SAMEA3136710.freeze11.snv.mod.fix.bam	SAMEA3136711.freeze11.snv.mod.fix.bam	SAMEA3136712.freeze11.snv.mod.fix.bam	SAMEA3136714.freeze11.snv.mod.fix.bam	SAMEA3136719.freeze11.snv.mod.fix.bam	SAMEA3136737.freeze11.snv.mod.fix.bam	SAMEA3136741.freeze11.snv.mod.fix.bam	SAMEA3136766.freeze11.snv.mod.fix.bam	SAMEA3136769.freeze11.snv.mod.fix.bam	SAMEA3178936.freeze11.snv.mod.fix.bam	T2D-83A.freeze11.snv.mod.fix.bam	V1.CD1-0-PN.freeze11.snv.mod.fix.bam	V1.CD15-3.freeze11.snv.mod.fix.bam	V1.CD20-4.freeze11.snv.mod.fix.bam	V1.CD36-0.freeze11.snv.mod.fix.bam	V1.CD46-0.freeze11.snv.mod.fix.bam	V1.FI35.freeze11.snv.mod.fix.bam	V1.UC2-4.freeze11.snv.mod.fix.bam	V1.UC4-5.freeze11.snv.mod.fix.bam	V1.UC54-0.freeze11.snv.mod.fix.bam	V1.UC55-0.freeze11.snv.mod.fix.bam	V1.UC55-4.freeze11.snv.mod.fix.bam	bugkiller-11-392-1.freeze11.snv.mod.fix.bam	bugkiller-11-773-0.freeze11.snv.mod.fix.bam	bugkiller-13-392-1.freeze11.snv.mod.fix.bam	bugkiller-13-392-3.freeze11.snv.mod.fix.bam	daisy-11-60-0.freeze11.snv.mod.fix.bam	peacemaker-11-2-0.freeze11.snv.mod.fix.bam	peacemaker-11-392-1.freeze11.snv.mod.fix.bam	peacemaker-11-392-3.freeze11.snv.mod.fix.bam
764588959-stool1.freeze11.snv.mod.fix.bam	0.0	0.121441954313	0.0809613028753	0.0895906896303	0.0957519636809	0.204258845572	0.0902212293723	0.101841176047	0.20123225481	0.0934820206096	0.0754665994091	0.0918246018592	0.0956618865749	0.0935000360308	0.140087915255	0.0962023492109	0.0912300929596	0.0926352958132	0.0899509980543	0.0908517691144	0.0780247892196	0.0932298047128	0.190981480147	0.086870361029	0.0965626576349	0.109299560424	0.2211933415	0.0881134250919	0.0731966563378	0.0886538877279	0.072674209123	0.198583987894	0.0894285508395	0.186873964113	0.0956078403113	0.0961122721049	0.0655581177488	0.0940585140881	0.0704042660517	0.0939324061397	0.0916084168048	0.178658932046	0.0941666066153	0.0967428118469	0.0937162210852	0.0903113064783	0.097823737119	0.0923290336528	0.0925632341284	0.0940224832457	0.0916084168048	0.0904734452692	0.0995171867118	0.0977516754342	0.198421849103	0.208942855084	0.0904554298479	0.0871946386107	0.0904554298479	0.0894105354183	0.0940585140881	0.091626432226	0.0939143907185	0.0941125603517	0.0938963752973	0.0976075520646	0.175037832385	0.196566260719	0.188945737551	0.188549398285	0.0929415579736	0.100706204511	0.0768177559991	0.0784031130648
CCIS22275061ST-4-0.freeze11.snv.mod.fix.bam	0.121441954313	0.0	0.0998234488722	0.113118829718	0.113497153563	0.221247387764	0.114379909202	0.125315269871	0.222130143403	0.117370469122	0.0981660301218	0.114884340996	0.111479426389	0.116956114434	0.160499387476	0.120739352886	0.106921524825	0.116793975643	0.111911796498	0.104705628018	0.0955537940477	0.0849967572242	0.211212798155	0.113677307775	0.122378756215	0.127188873676	0.242127260935	0.115929235426	0.0944368379333	0.105354183181	0.0905094761116	0.217247964257	0.109912084745	0.207303451755	0.116884052749	0.116271528428	0.0771420335807	0.118631548606	0.0383908625784	0.115929235426	0.117226345752	0.195197088708	0.112614397925	0.118739641133	0.116037327953	0.114451970887	0.117910931758	0.0857173740722	0.0989406932334	0.118739641133	0.113911508251	0.0917345247532	0.118181163076	0.11780283923	0.216635439937	0.230381206313	0.109966131008	0.108669020682	0.111353318441	0.114433955466	0.114866325575	0.115622973265	0.115442819053	0.116884052749	0.114019600778	0.118199178497	0.198872234633	0.220544786337	0.213032355696	0.212455862218	0.118559486921	0.121568062261	0.0965086113713	0.0993010016574
CCIS23164343ST-4-0.freeze11.snv.mod.fix.bam	0.0809613028753	0.0998234488722	0.0	0.0670353822872	0.0768357714203	0.175488217915	0.0729804712834	0.0233119550335	0.187972904807	0.0256359443684	0.0542804640773	0.0228435540823	0.0785472364344	0.0215104129135	0.0803848093968	0.0784751747496	0.0692692945161	0.0705303740001	0.0701340347337	0.073665057289	0.0576313324206	0.0752684297759	0.177343806298	0.0687828781437	0.0795380846004	0.0923290336528	0.208330330763	0.0712509908482	0.0523528140088	0.071953592275	0.0504431793615	0.180388412481	0.0739713194494	0.174155076746	0.0788534985948	0.0778086041652	0.0452547380558	0.0720616848022	0.0482092671327	0.0743856741371	0.0753945377243	0.155094761116	0.0753404914607	0.07833105138	0.0748720905095	0.0742055199251	0.0794299920732	0.0703322043669	0.0723499315414	0.0765655401023	0.0700439576277	0.0720076385386	0.0744036895583	0.0794480074944	0.180262304533	0.181325214384	0.0728363479138	0.0706024356849	0.0697016646249	0.0753044606183	0.0737191035526	0.0749081213519	0.0743316278735	0.0762412625207	0.0747820134035	0.0799884701304	0.161400158536	0.183649203718	0.175758449233	0.175362109966	0.0774482957412	0.0639367298407	0.0313648483102	0.0348958708655
CCIS29210128ST-4-0.freeze11.snv.mod.fix.bam	0.0895906896303	0.113118829718	0.0670353822872	0.0	0.0813576421417	0.212726093536	0.0749081213519	0.0863659292354	0.211122721049	0.0766195863659	0.0642610074224	0.0753224760395	0.0845643871154	0.0768718022627	0.144231462132	0.0841320170066	0.0709987749514	0.072043669381	0.0764754629963	0.0804208402392	0.0671614902356	0.0820962744109	0.199953159905	0.0691972328313	0.086149744181	0.105210059811	0.231930532536	0.072403977805	0.0566404842545	0.0786553289616	0.0615406788211	0.207555667652	0.0824025365713	0.195125027023	0.0862758521294	0.0847805721698	0.0549110038193	0.0721517619082	0.0591806586438	0.0768357714203	0.078691359804	0.181973769547	0.0817539814081	0.0822223823593	0.0792858687036	0.0785472364344	0.0864019600778	0.0808351949269	0.0789075448584	0.0824385674137	0.0700439576277	0.0820782589897	0.0777725733228	0.086329898393	0.205952295165	0.218689197953	0.0800785472364	0.0771060027383	0.0763853858903	0.0823304748865	0.0780428046408	0.0807271023997	0.0776644807956	0.0817539814081	0.0853570656482	0.0894285508395	0.182298047128	0.205069539526	0.197250846725	0.196746414931	0.0816098580385	0.0916444476472	0.0649996396916	0.0679541687685
CCIS36699628ST-4-0.freeze11.snv.mod.fix.bam	0.0957519636809	0.113497153563	0.0768357714203	0.0813576421417	0.0	0.218671182532	0.0844562945882	0.0953736398357	0.215806730561	0.0878792246163	0.0692152482525	0.0875909778771	0.0818260430929	0.0879512863011	0.147906608056	0.0909598616416	0.0864379909202	0.0861317287598	0.0830691071557	0.0860236362326	0.0682424155077	0.0807991640845	0.204997477841	0.079772285076	0.0917705555956	0.107389925776	0.237136989263	0.0826007062045	0.0655220869064	0.0797903004972	0.0620631260359	0.212023492109	0.0876089932983	0.199899113641	0.0836456006341	0.0827628449953	0.0561900987245	0.0878431937739	0.0588023347986	0.0822944440441	0.0894105354183	0.186315486056	0.080312747712	0.0856813432298	0.0824205519925	0.0872667002955	0.084348202061	0.0823665057289	0.0809973337177	0.0886719031491	0.085879512863	0.0871946386107	0.0924911724436	0.0843121712186	0.210780428046	0.22403977805	0.0705303740001	0.0807811486633	0.0775023420048	0.0875729624559	0.0816098580385	0.086510052605	0.0813936729841	0.0891763349427	0.0903653527419	0.0945629458817	0.186171362686	0.208924839663	0.200962023492	0.200457591698	0.0892483966275	0.0875909778771	0.0657022411184	0.0672515673416
CCIS41692898ST-4-0.freeze11.snv.mod.fix.bam	0.204258845572	0.221247387764	0.175488217915	0.212726093536	0.218671182532	0.0	0.218563090005	0.212419831376	0.0639006989983	0.217211933415	0.196296029401	0.217536210997	0.218292858687	0.220364632125	0.104903797651	0.220346616704	0.217644303524	0.215122144556	0.212239677164	0.212221661742	0.19703466167	0.210546227571	0.0759890466239	0.213626864596	0.207033220437	0.166534553578	0.0938963752973	0.215986884773	0.200115298696	0.197791309361	0.191359803992	0.0816819197233	0.21578871514	0.0953916552569	0.200853930965	0.21984218491	0.186783887007	0.218382935793	0.181199106435	0.216887655833	0.217157887151	0.129584924696	0.21069035094	0.213410679542	0.217175902573	0.213879080493	0.221589680767	0.2121856309	0.212437846797	0.218112704475	0.218653167111	0.216437270303	0.211320890682	0.221427541976	0.111371333862	0.0937162210852	0.214960005765	0.206258557325	0.210636304677	0.218274843266	0.214509620235	0.21413129639	0.215896807667	0.207897960654	0.20993370325	0.214653743605	0.110344454853	0.118163147654	0.115064495208	0.115190603156	0.218617136269	0.210906535995	0.191197665201	0.193053253585
CCIS44676181ST-4-0.freeze11.snv.mod.fix.bam	0.0902212293723	0.114379909202	0.0729804712834	0.0749081213519	0.0844562945882	0.218563090005	0.0	0.0924911724436	0.216869640412	0.0835375081069	0.0622252648267	0.0827628449953	0.0901671831087	0.0826547524681	0.148501116956	0.0808351949269	0.0800064855516	0.0821142898321	0.0800965626576	0.0754125531455	0.0720616848022	0.0871045615046	0.205808171795	0.0149167687541	0.0884917489371	0.108831159473	0.235785832673	0.00207177343806	0.00693593716221	0.084258124955	0.0646393312676	0.212401815954	0.0878251783527	0.200601715068	0.0913742163292	0.0891943503639	0.0578655328962	0.0864379909202	0.0620270951935	0.0824565828349	0.0859876053902	0.186153347265	0.0862578367082	0.0859515745478	0.0823484903077	0.0835014772645	0.0909238307992	0.0843842329034	0.0845463716942	0.0789435757008	0.0832132305253	0.0871766231895	0.0829970454709	0.0908697845356	0.21114073647	0.224273978526	0.0808171795057	0.0802767168696	0.0824385674137	0.0880773942495	0.0825646753621	0.0771600490019	0.0823124594653	0.0892303812063	0.090725661166	0.0952295164661	0.18743244217	0.210059811198	0.202169056713	0.201574547813	0.0861677596022	0.0950313468329	0.0680082150321	0.0708906824242
CCIS48174381ST-4-0.freeze11.snv.mod.fix.bam	0.101841176047	0.125315269871	0.0233119550335	0.0863659292354	0.0953736398357	0.212419831376	0.0924911724436	0.0	0.210330042516	0.0432910571449	0.0779887583772	0.0414354687613	0.0987965698638	0.0364812279311	0.146627513151	0.097823737119	0.0881854867767	0.0899870288967	0.0891222886791	0.0931757584492	0.0802406860272	0.0965266267925	0.199754990272	0.0876450241407	0.100309865245	0.113551199827	0.22944440441	0.0901311522663	0.0742595661887	0.092076817756	0.0743856741371	0.207357498018	0.0941846220365	0.195611443396	0.0975174749586	0.0973913670102	0.0685486776681	0.09153635512	0.0726201628594	0.0942026374577	0.0907616920084	0.185648915472	0.0961122721049	0.098364199755	0.0953015781509	0.0932117892916	0.0990127549182	0.0943827916697	0.0938062981913	0.0962924263169	0.0889601498883	0.0927794191828	0.0953916552569	0.0989767240758	0.207933991497	0.216869640412	0.0917705555956	0.0899870288967	0.0894465662607	0.0962023492109	0.0936261439792	0.0945088996181	0.093247820134	0.0942566837213	0.0965446422137	0.100778266196	0.182153923759	0.203808460042	0.19658427614	0.195647474238	0.0956799019961	0.103660733588	0.0635403905743	0.0668191972328
CCIS50003399ST-4-0.freeze11.snv.mod.fix.bam	0.20123225481	0.222130143403	0.187972904807	0.211122721049	0.215806730561	0.0639006989983	0.216869640412	0.210330042516	0.0	0.215392375874	0.197268862146	0.215716653455	0.2166894862	0.218545074584	0.102994163004	0.218545074584	0.21638322404	0.21323052533	0.210366073359	0.210942566837	0.19687252288	0.20933919435	0.0700799884701	0.212023492109	0.204853354471	0.164264610507	0.0789796065432	0.214329466023	0.20047560712	0.196404121928	0.191035526411	0.0760971391511	0.214221373496	0.084618433379	0.19852994163	0.217716365209	0.186928010377	0.216599409094	0.18292858687	0.215554514665	0.214599697341	0.122757080061	0.209519348562	0.212239677164	0.215284283347	0.211897384161	0.21939179938	0.211753260791	0.212221661742	0.216293146934	0.217554226418	0.215914823089	0.209663471932	0.219301722274	0.104021042012	0.0814837500901	0.212888232327	0.205267709159	0.208708654608	0.216581393673	0.213770987966	0.21323052533	0.214311450602	0.20497946242	0.208456438712	0.212473877639	0.101624990992	0.107498018304	0.105174028969	0.105011890178	0.216815594149	0.209447286878	0.191539958204	0.193035238164
CCIS50471204ST-4-0.freeze11.snv.mod.fix.bam	0.0934820206096	0.117370469122	0.0256359443684	0.0766195863659	0.0878792246163	0.217211933415	0.0835375081069	0.0432910571449	0.215392375874	0.0	0.0701340347337	0.011673992938	0.0904554298479	0.0334546371694	0.148537147799	0.0902212293723	0.0785652518556	0.0783850976436	0.0823845211501	0.0853930964906	0.0720616848022	0.0875369316135	0.204709231102	0.0786733443828	0.0909778770628	0.108164588888	0.235767817252	0.0812315341933	0.0656842256972	0.0837897240037	0.066566981336	0.212203646321	0.0850868343302	0.199232543057	0.0904013835843	0.0901671831087	0.0608560928155	0.0802046551848	0.0647474237948	0.0859335591266	0.084618433379	0.186621748216	0.0871766231895	0.0883115947251	0.0872667002955	0.0873207465591	0.0918426172804	0.0873567774015	0.0861857750234	0.0885818260431	0.0789976219644	0.0841320170066	0.0849607263818	0.0917885710168	0.210600273834	0.222436405563	0.0833213230525	0.0819161201989	0.0822764286229	0.0869063918714	0.085429127333	0.0873928082439	0.0853570656482	0.086960438135	0.0874108236651	0.091446278014	0.185162499099	0.207393528861	0.19973697485	0.199394681848	0.0909238307992	0.0957339482597	0.0579736254234	0.0616307559271
CCIS59132091ST-4-0.freeze11.snv.mod.fix.bam	0.0754665994091	0.0981660301218	0.0542804640773	0.0642610074224	0.0692152482525	0.196296029401	0.0622252648267	0.0779887583772	0.197268862146	0.0701340347337	0.0	0.0681883692441	0.0710348057938	0.0701160193125	0.120379044462	0.00753044606183	0.0658283490668	0.0683144771925	0.0656301794336	0.0107011601931	0.0521546443756	0.0684586005621	0.186315486056	0.060189522231	0.0569827772573	0.0905815377964	0.216401239461	0.0609822007639	0.0437054118325	0.06647690423	0.0440116739929	0.192656914319	0.0686027239317	0.182063846653	0.0755206456727	0.0722958852778	0.0320494343158	0.0695575412553	0.0437054118325	0.0674317215536	0.0674317215536	0.169615190603	0.0691071557253	0.0721877927506	0.0679541687685	0.0666390430208	0.0740073502918	0.0621351877207	0.0657743028032	0.00369316134611	0.0670714131296	0.0661706420696	0.0721157310658	0.0740073502918	0.192188513367	0.201394393601	0.0649636088492	0.0640808532103	0.0628918354111	0.0701700655761	0.0660265187	0.00844923254306	0.0674137061324	0.071863515169	0.0695575412553	0.0752143835123	0.168840527492	0.190927433883	0.183234849031	0.18262232471	0.0706925127909	0.0729804712834	0.0477408661815	0.0508034877855
CCIS61287323ST-4-0.freeze11.snv.mod.fix.bam	0.0918246018592	0.114884340996	0.0228435540823	0.0753224760395	0.0875909778771	0.217536210997	0.0827628449953	0.0414354687613	0.215716653455	0.011673992938	0.0681883692441	0.0	0.0891943503639	0.0317611875766	0.14855516322	0.0891583195215	0.0778626504288	0.0786373135404	0.08058297903	0.0849066801182	0.0704402968941	0.0862037904446	0.204673200259	0.0775023420048	0.0895006125243	0.1077502342	0.236578511206	0.0805469481876	0.0642429920012	0.0825826907833	0.0650536859552	0.212221661742	0.0824926136773	0.199232543057	0.0901311522663	0.0888700727823	0.0589464581682	0.0791957915976	0.0627657274627	0.0845643871154	0.0827268141529	0.186117316423	0.085699358651	0.0886178568855	0.0855011890178	0.0853570656482	0.0905635223752	0.0857714203358	0.0847445413274	0.0873747928227	0.0783130359588	0.0825106290985	0.0842040786914	0.0904914606904	0.210942566837	0.223337176623	0.0821683360957	0.0807451178209	0.0806370252937	0.0850868343302	0.0840599553218	0.0862037904446	0.0839338473734	0.0859876053902	0.0865821142898	0.0905274915328	0.186747856165	0.209249117244	0.201430424443	0.200998054335	0.0892844274699	0.0950853930965	0.0569107155725	0.060189522231
CCIS63448910ST-4-0.freeze11.snv.mod.fix.bam	0.0956618865749	0.111479426389	0.0785472364344	0.0845643871154	0.0818260430929	0.218292858687	0.0901671831087	0.0987965698638	0.2166894862	0.0904554298479	0.0710348057938	0.0891943503639	0.0	0.0896987821575	0.149041579592	0.0933919435036	0.0904554298479	0.0907616920084	0.0867262376594	0.0886899185703	0.0679541687685	0.0793399149672	0.205898248901	0.0851408805938	0.0944728687757	0.106867478562	0.237407220581	0.0881134250919	0.0713590833754	0.0747459825611	0.0632341284139	0.212383800533	0.0872667002955	0.201178208547	0.0849427109606	0.0865460834474	0.0253657130504	0.0913922317504	0.0564423146213	0.0865821142898	0.090815738272	0.187090149168	0.0800605318152	0.0939324061397	0.0863659292354	0.0887799956763	0.0882215176191	0.0845463716942	0.0840059090582	0.0917525401744	0.0908877999568	0.0870865460834	0.0964185342653	0.0881494559343	0.211807307055	0.225030626216	0.0692512790949	0.0809072566117	0.0809973337177	0.0879332708799	0.0896987821575	0.0896087050515	0.0894285508395	0.0895186279455	0.0891583195215	0.0932658355552	0.186801902428	0.209357209772	0.201538516971	0.201250270231	0.090905815378	0.0885638106219	0.0663147654392	0.0684946314045
CCIS78100604ST-4-0.freeze11.snv.mod.fix.bam	0.0935000360308	0.116956114434	0.0215104129135	0.0768718022627	0.0879512863011	0.220364632125	0.0826547524681	0.0364812279311	0.218545074584	0.0334546371694	0.0701160193125	0.0317611875766	0.0896987821575	0.0	0.149708150177	0.0902752756359	0.0787994523312	0.0790876990704	0.0801506089212	0.0853210348058	0.071142898321	0.0872667002955	0.207123297543	0.0774482957412	0.0916624630684	0.110056208114	0.23890250054	0.0806550407149	0.0646933775312	0.0843121712186	0.0652698710096	0.214203358075	0.084258124955	0.202889673561	0.0913381854868	0.0890862578367	0.0595049362254	0.0816639043021	0.0638826835771	0.0817179505657	0.0833393384737	0.188909706709	0.0867442530806	0.0882755638827	0.0824385674137	0.0794480074944	0.0907076457448	0.0846004179578	0.084528356273	0.0884557180947	0.0785652518556	0.0843842329034	0.0862037904446	0.0906896303236	0.213050371118	0.225607119694	0.0821863515169	0.0806550407149	0.0820782589897	0.0847805721698	0.0832312459465	0.0869244072926	0.0830691071557	0.0877351012467	0.0870685306622	0.0912481083808	0.188747567918	0.211465014052	0.20362830583	0.203087843194	0.0844562945882	0.0954276860993	0.053001369172	0.0565504071485
CCIS81735969ST-20-0.freeze11.snv.mod.fix.bam	0.140087915255	0.160499387476	0.0803848093968	0.144231462132	0.147906608056	0.104903797651	0.148501116956	0.146627513151	0.102994163004	0.148537147799	0.120379044462	0.14855516322	0.149041579592	0.149708150177	0.0	0.151815954457	0.144303523816	0.14466383224	0.142339842906	0.137511710024	0.121171722995	0.141925488218	0.106182892556	0.144934063558	0.142375873748	0.12484686892	0.0989226778122	0.14705988326	0.125945809613	0.134629242632	0.114524032572	0.107678172516	0.146339266412	0.0965266267925	0.137331555812	0.149636088492	0.111515457231	0.147222022051	0.111749657707	0.147564315054	0.143943215392	0.124828853499	0.143564891547	0.14405130792	0.147222022051	0.122757080061	0.151347553506	0.135872306695	0.139313252144	0.149870288967	0.145780788355	0.142988398069	0.140232038625	0.151311522663	0.12650428767	0.05417237155	0.144789940189	0.139133097932	0.141060748	0.150843121712	0.133872594941	0.135998414643	0.146627513151	0.140592347049	0.143510845284	0.149924335231	0.0643510845284	0.0820782589897	0.0751423218275	0.0754846148303	0.148897456223	0.139367298407	0.11915399582	0.12079339915
CCIS82146115ST-4-0.freeze11.snv.mod.fix.bam	0.0962023492109	0.120739352886	0.0784751747496	0.0841320170066	0.0909598616416	0.220346616704	0.0808351949269	0.097823737119	0.218545074584	0.0902212293723	0.00753044606183	0.0891583195215	0.0933919435036	0.0902752756359	0.151815954457	0.0	0.086329898393	0.0874648699287	0.085339050227	0.0139979822728	0.0752684297759	0.0896987821575	0.206492757801	0.0781869280104	0.0719355768538	0.111623549759	0.238055775744	0.0794299920732	0.0653779635368	0.0877531166679	0.0684225697197	0.214185342653	0.0893024428911	0.203051812351	0.0972652590618	0.0944368379333	0.0599733371766	0.0884377026735	0.0671795056568	0.0887439648339	0.0869244072926	0.189450169345	0.0905815377964	0.0924731570224	0.0894465662607	0.0888520573611	0.0962383800533	0.0882755638827	0.0877711320891	0.00399942350652	0.0872126540319	0.0880053325647	0.092166894862	0.0961663183685	0.212275708006	0.225318872955	0.0863839446566	0.0854111119118	0.0846364488002	0.0901311522663	0.0873027311379	0.00907977228508	0.0871946386107	0.0933018663976	0.0905274915328	0.0947250846725	0.190801325935	0.213554802911	0.205664048425	0.205015493262	0.0904914606904	0.101877206889	0.0747639979823	0.0781869280104
CCMD12232071ST-21-0.freeze11.snv.mod.fix.bam	0.0912300929596	0.106921524825	0.0692692945161	0.0709987749514	0.0864379909202	0.217644303524	0.0800064855516	0.0881854867767	0.21638322404	0.0785652518556	0.0658283490668	0.0778626504288	0.0904554298479	0.0787994523312	0.144303523816	0.086329898393	0.0	0.0456690927434	0.0801866397636	0.0826367370469	0.0724580240686	0.0861317287598	0.20497946242	0.0748000288247	0.0897888592635	0.108524897312	0.237136989263	0.0784391439072	0.0627116811991	0.0835375081069	0.0650536859552	0.212888232327	0.0875729624559	0.199953159905	0.0928154500252	0.0890141961519	0.0567125459393	0.0439936585717	0.0605858614974	0.0837356777401	0.0821683360957	0.188044966491	0.0883476255675	0.0876990704043	0.085248973121	0.0766376017871	0.0907616920084	0.07968220797	0.0819341356201	0.084348202061	0.0190783310514	0.0864920371838	0.0501909634647	0.0907076457448	0.211194782734	0.22313900699	0.0840419399006	0.0822043669381	0.079772285076	0.0882575484615	0.083897816531	0.0835735389493	0.083897816531	0.0847265259062	0.0891943503639	0.0932298047128	0.186405563162	0.209213086402	0.201214239389	0.200871946386	0.0830510917345	0.0962203646321	0.0680442458745	0.071232975427
CCMD13071240ST-21-0.freeze11.snv.mod.fix.bam	0.0926352958132	0.116793975643	0.0705303740001	0.072043669381	0.0861317287598	0.215122144556	0.0821142898321	0.0899870288967	0.21323052533	0.0783850976436	0.0683144771925	0.0786373135404	0.0907616920084	0.0790876990704	0.14466383224	0.0874648699287	0.0456690927434	0.0	0.0822223823593	0.0835014772645	0.0729084095986	0.0866181451322	0.201934856237	0.0777545579016	0.0906175686388	0.107930388412	0.232452979751	0.0808351949269	0.0655401023276	0.0832852922101	0.0663147654392	0.210131872883	0.0882395330403	0.200007206168	0.0935360668732	0.0893384737335	0.0597031058586	0.0432910571449	0.0637205447863	0.0854651581754	0.0869063918714	0.186964041219	0.086870361029	0.0896447358939	0.0856633278086	0.080222670606	0.0910139079052	0.080492901924	0.084168047849	0.0856272969662	0.0448043525258	0.0885457952007	0.0461374936946	0.0909418462204	0.208402392448	0.219788138647	0.0865280680262	0.0818260430929	0.0810513799813	0.0896087050515	0.0853030193846	0.0848526338546	0.0847625567486	0.0885097643583	0.0912481083808	0.0954637169417	0.184784175254	0.207465590546	0.19957483606	0.199070404266	0.0882755638827	0.0974994595374	0.0696656337825	0.0732326871802
CCMD51864103ST-21-0.freeze11.snv.mod.fix.bam	0.0899509980543	0.111911796498	0.0701340347337	0.0764754629963	0.0830691071557	0.212239677164	0.0800965626576	0.0891222886791	0.210366073359	0.0823845211501	0.0656301794336	0.08058297903	0.0867262376594	0.0801506089212	0.142339842906	0.085339050227	0.0801866397636	0.0822223823593	0.0	0.0807991640845	0.0681883692441	0.0824745982561	0.199178496793	0.0749441521943	0.086239821287	0.104705628018	0.229480435253	0.0781869280104	0.0621892339843	0.0802046551848	0.0614866325575	0.206456726958	0.0835555235281	0.193161346112	0.0883115947251	0.0840059090582	0.0560820061973	0.0841320170066	0.0596670750162	0.0797182388124	0.0756827844635	0.181595445702	0.0820962744109	0.08058297903	0.0803487785544	0.0765655401023	0.0857173740722	0.079141745334	0.0806190098725	0.0834294155797	0.0810333645601	0.0823845211501	0.0885277797795	0.0856813432298	0.205393817107	0.217049794624	0.0806009944513	0.0766015709447	0.0764934784175	0.0830691071557	0.0776464653744	0.0818260430929	0.0778086041652	0.084708510485	0.0843121712186	0.0881854867767	0.181991784968	0.204240830151	0.196476183613	0.19613389061	0.0751423218275	0.0930856813432	0.0662787345968	0.0693593716221
CCMD74930188ST-21-0.freeze11.snv.mod.fix.bam	0.0908517691144	0.104705628018	0.073665057289	0.0804208402392	0.0860236362326	0.212221661742	0.0754125531455	0.0931757584492	0.210942566837	0.0853930964906	0.0107011601931	0.0849066801182	0.0886899185703	0.0853210348058	0.137511710024	0.0139979822728	0.0826367370469	0.0835014772645	0.0807991640845	0.0	0.0700439576277	0.0844562945882	0.200061252432	0.073484903077	0.0672695827628	0.106164877135	0.230813576421	0.0740613965555	0.059018519853	0.0817900122505	0.0628558045687	0.206420696116	0.084888664697	0.195359227499	0.0899149672119	0.0889421344671	0.0546587879225	0.085429127333	0.0585140880594	0.0833573538949	0.0816458888809	0.181901707862	0.0851228651726	0.0867262376594	0.0838798011097	0.0830871225769	0.0906175686388	0.0815918426173	0.0818080276717	0.01185414715	0.0829249837861	0.0834654464221	0.0886719031491	0.090545506954	0.205033508683	0.21638322404	0.0817900122505	0.0798263313396	0.0792138070188	0.0858074511782	0.0815558117749	0.0167363262953	0.0816458888809	0.0877711320891	0.0867442530806	0.0909238307992	0.181559414859	0.203502197881	0.195809613029	0.195197088708	0.085519204439	0.0965446422137	0.0687828781437	0.0723499315414
CCMD86707194ST-21-0.freeze11.snv.mod.fix.bam	0.0780247892196	0.0955537940477	0.0576313324206	0.0671614902356	0.0682424155077	0.19703466167	0.0720616848022	0.0802406860272	0.19687252288	0.0720616848022	0.0521546443756	0.0704402968941	0.0679541687685	0.071142898321	0.121171722995	0.0752684297759	0.0724580240686	0.0729084095986	0.0681883692441	0.0700439576277	0.0	0.0662787345968	0.185973193053	0.0685126468257	0.0771600490019	0.0866541759746	0.217662318945	0.0702241118397	0.0517943359516	0.0616487713483	0.0158355552353	0.192368667579	0.0684225697197	0.180532535851	0.0706204511061	0.0697196800461	0.0367154284067	0.072854363335	0.0413994379189	0.0692332636737	0.0723859623838	0.168246018592	0.0658283490668	0.0731966563378	0.0683865388773	0.0698818188369	0.0714311450602	0.0635584059955	0.0623693881963	0.0736290264466	0.0709987749514	0.0667291201268	0.077790588744	0.0713951142178	0.191035526411	0.203556244145	0.0636124522591	0.0595950133314	0.0629458816747	0.0694494487281	0.0675758449233	0.070872667003	0.0688909706709	0.0718815305902	0.0701880809973	0.0750162138791	0.167687540535	0.190062693666	0.182406139656	0.181829646177	0.0710348057938	0.0724219932262	0.0506233335735	0.0525329682208
MH0131.freeze11.snv.mod.fix.bam	0.0932298047128	0.0849967572242	0.0752684297759	0.0820962744109	0.0807991640845	0.210546227571	0.0871045615046	0.0965266267925	0.20933919435	0.0875369316135	0.0684586005621	0.0862037904446	0.0793399149672	0.0872667002955	0.141925488218	0.0896987821575	0.0861317287598	0.0866181451322	0.0824745982561	0.0844562945882	0.0662787345968	0.0	0.198007494415	0.0831591842617	0.0899870288967	0.102958132161	0.229210203935	0.0853930964906	0.0688008935649	0.0750162138791	0.0615767096635	0.204276860993	0.0837717085825	0.193791885854	0.0847805721698	0.0852669885422	0.0524789219572	0.087140592347	0.0268970238524	0.0836816314765	0.0880954096707	0.179217410103	0.0802587014484	0.0904554298479	0.0850327880666	0.0861677596022	0.0868883764502	0.0828349066801	0.0819341356201	0.0872667002955	0.086419975499	0.0803667939756	0.093518051452	0.0868163147654	0.203069827773	0.216761547885	0.0758809540967	0.0784931901708	0.0785652518556	0.0838798011097	0.0861677596022	0.0858074511782	0.086239821287	0.0847265259062	0.0836095697917	0.0873928082439	0.180262304533	0.202619442243	0.194872811126	0.194404410175	0.0890141961519	0.0916444476472	0.0678100453989	0.0709267132666
MMRS56137463ST-27-0-0.freeze11.snv.mod.fix.bam	0.190981480147	0.211212798155	0.177343806298	0.199953159905	0.204997477841	0.0759890466239	0.205808171795	0.199754990272	0.0700799884701	0.204709231102	0.186315486056	0.204673200259	0.205898248901	0.207123297543	0.106182892556	0.206492757801	0.20497946242	0.201934856237	0.199178496793	0.200061252432	0.185973193053	0.198007494415	0.0	0.20123225481	0.194728687757	0.154121928371	0.0880773942495	0.203141889457	0.189558261872	0.18622540895	0.180118181163	0.0720076385386	0.203412120775	0.0908337536932	0.189846508611	0.206168480219	0.176407004396	0.205573971319	0.172047272465	0.204150753045	0.203898537148	0.121045615046	0.198944296318	0.201088131441	0.204042660517	0.200889961807	0.207843914391	0.200601715068	0.200980038913	0.204312891835	0.206150464798	0.204222814729	0.197953448152	0.207699791021	0.0969770123225	0.0894285508395	0.202223102976	0.194134178857	0.198151617785	0.204907400735	0.202997766088	0.201430424443	0.203466167039	0.196458168192	0.197737263097	0.201538516971	0.104579520069	0.110938963753	0.108578943576	0.108290696836	0.205213662895	0.200547668804	0.182388124234	0.183415003243
MMRS61683006ST-27-0-0.freeze11.snv.mod.fix.bam	0.086870361029	0.113677307775	0.0687828781437	0.0691972328313	0.079772285076	0.213626864596	0.0149167687541	0.0876450241407	0.212023492109	0.0786733443828	0.060189522231	0.0775023420048	0.0851408805938	0.0774482957412	0.144934063558	0.0781869280104	0.0748000288247	0.0777545579016	0.0749441521943	0.073484903077	0.0685126468257	0.0831591842617	0.20123225481	0.0	0.0857534049146	0.104957843914	0.230975715212	0.0127369027888	0.0133674425308	0.0790876990704	0.0609101390791	0.207411544282	0.0840599553218	0.196043813504	0.0872486848743	0.0843662174822	0.0544606182893	0.080492901924	0.0599913525978	0.0766376017871	0.0813576421417	0.182225985444	0.0819521510413	0.0829610146285	0.0767096634719	0.079592130864	0.086059667075	0.0797362542336	0.0797362542336	0.0761511854147	0.0778086041652	0.0829790300497	0.0784931901708	0.0860056208114	0.206618865749	0.219463861065	0.0759350003603	0.0766376017871	0.0774482957412	0.0837536931613	0.0782049434316	0.0746018591915	0.077970742956	0.0853210348058	0.086239821287	0.0904374144267	0.18262232471	0.205033508683	0.197196800461	0.196602291562	0.0823124594653	0.0910679541688	0.065215824746	0.0677019528717
MMRS68630931ST-27-0-0.freeze11.snv.mod.fix.bam	0.0965626576349	0.122378756215	0.0795380846004	0.086149744181	0.0917705555956	0.207033220437	0.0884917489371	0.100309865245	0.204853354471	0.0909778770628	0.0569827772573	0.0895006125243	0.0944728687757	0.0916624630684	0.142375873748	0.0719355768538	0.0897888592635	0.0906175686388	0.086239821287	0.0672695827628	0.0771600490019	0.0899870288967	0.194728687757	0.0857534049146	0.0	0.108831159473	0.22223823593	0.0867442530806	0.0717914534842	0.0885998414643	0.0706564819485	0.202060964185	0.0920047560712	0.188639475391	0.0954817323629	0.0923830799164	0.0629098508323	0.0934459897672	0.0678280608201	0.0919146789652	0.0913922317504	0.181919723283	0.0927253729192	0.0949773005693	0.0915723859624	0.0889781653095	0.0940945449305	0.0888880882035	0.0896807667363	0.0699899113641	0.0892844274699	0.0905094761116	0.0942746991425	0.0940404986669	0.202169056713	0.211465014052	0.0902752756359	0.0874108236651	0.0851769114362	0.0922209411256	0.0901491676875	0.0704402968941	0.0901131368451	0.0903113064783	0.09333789724	0.0973913670102	0.178442746991	0.200241406644	0.192494775528	0.192026374577	0.0937702673489	0.10234560784	0.0763133242055	0.0790156373856
NG-5636_263.freeze11.snv.mod.fix.bam	0.109299560424	0.127188873676	0.0923290336528	0.105210059811	0.107389925776	0.166534553578	0.108831159473	0.113551199827	0.164264610507	0.108164588888	0.0905815377964	0.1077502342	0.106867478562	0.110056208114	0.12484686892	0.111623549759	0.108524897312	0.107930388412	0.104705628018	0.106164877135	0.0866541759746	0.102958132161	0.154121928371	0.104957843914	0.108831159473	0.0	0.184964329466	0.10684946314	0.0916084168048	0.0932838509764	0.0821683360957	0.160841680478	0.108813144051	0.159454493046	0.103966995748	0.106182892556	0.0764934784175	0.108867190315	0.0777365424804	0.107317864092	0.109948115587	0.145780788355	0.102723931686	0.108831159473	0.105876630396	0.107335879513	0.107732218779	0.102579808316	0.102543777474	0.109785976796	0.109119406212	0.108290696836	0.109731930533	0.107660157094	0.162913453917	0.175217986597	0.103372486849	0.0963464725805	0.100778266196	0.109227498739	0.106381062189	0.107804280464	0.106435108453	0.105660445341	0.108074511782	0.112218058658	0.154464221373	0.173110182316	0.166462491893	0.166534553578	0.108669020682	0.109822007639	0.0885818260431	0.0909598616416
NG-5636_312.freeze11.snv.mod.fix.bam	0.2211933415	0.242127260935	0.208330330763	0.231930532536	0.237136989263	0.0938963752973	0.235785832673	0.22944440441	0.0789796065432	0.235767817252	0.216401239461	0.236578511206	0.237407220581	0.23890250054	0.0989226778122	0.238055775744	0.237136989263	0.232452979751	0.229480435253	0.230813576421	0.217662318945	0.229210203935	0.0880773942495	0.230975715212	0.22223823593	0.184964329466	0.0	0.232831303596	0.21908553722	0.218346904951	0.212149600058	0.0964005188441	0.236056063991	0.0729984867046	0.21818476616	0.237749513584	0.206726958276	0.237227066369	0.203376089933	0.236218202782	0.235047200404	0.139151113353	0.230110974995	0.231354039057	0.235911940621	0.231534193269	0.239533040282	0.231948547957	0.232182748433	0.235839878936	0.237857606111	0.237371189738	0.227030337969	0.239442963176	0.122108524897	0.0547308496073	0.233984290553	0.22598544354	0.22958852778	0.238344022483	0.23513727751	0.232344887223	0.235731786409	0.225787273906	0.228417525402	0.232182748433	0.0903833681631	0.0947611155149	0.0933919435036	0.0928694962888	0.237587374793	0.23349787418	0.213266556172	0.215104129135
NG-5636_332.freeze11.snv.mod.fix.bam	0.0881134250919	0.115929235426	0.0712509908482	0.072403977805	0.0826007062045	0.215986884773	0.00207177343806	0.0901311522663	0.214329466023	0.0812315341933	0.0609822007639	0.0805469481876	0.0881134250919	0.0806550407149	0.14705988326	0.0794299920732	0.0784391439072	0.0808351949269	0.0781869280104	0.0740613965555	0.0702241118397	0.0853930964906	0.203141889457	0.0127369027888	0.0867442530806	0.10684946314	0.232831303596	0.0	0.00499027167255	0.0820602435685	0.0631620667291	0.209843626144	0.0860416516538	0.197989478994	0.0894285508395	0.0873747928227	0.0566584996757	0.0848526338546	0.0619910643511	0.0806190098725	0.084077970743	0.183685234561	0.0843301866398	0.0839518627946	0.080402824818	0.0818080276717	0.0891042732579	0.0824926136773	0.0828529221013	0.0774482957412	0.0818260430929	0.0853570656482	0.0814116884053	0.0890502269943	0.208402392448	0.22148158824	0.078691359804	0.0787093752252	0.0803487785544	0.0861137133386	0.0806190098725	0.0757728615695	0.0804568710816	0.0872847157167	0.0889601498883	0.0934820206096	0.184712113569	0.207141312964	0.19928658932	0.198656049578	0.0844743100094	0.092977588816	0.0664588888088	0.0692152482525
NG-5636_350.freeze11.snv.mod.fix.bam	0.0731966563378	0.0944368379333	0.0523528140088	0.0566404842545	0.0655220869064	0.200115298696	0.00693593716221	0.0742595661887	0.20047560712	0.0656842256972	0.0437054118325	0.0642429920012	0.0713590833754	0.0646933775312	0.125945809613	0.0653779635368	0.0627116811991	0.0655401023276	0.0621892339843	0.059018519853	0.0517943359516	0.0688008935649	0.189558261872	0.0133674425308	0.0717914534842	0.0916084168048	0.21908553722	0.00499027167255	0.0	0.0660085032788	0.0440657202565	0.195863659292	0.0694134178857	0.183451034085	0.072674209123	0.0696836492037	0.0375081069395	0.0688189089861	0.0420299776609	0.0637385602075	0.0670714131296	0.170425884557	0.0673956907112	0.0603876918642	0.0631620667291	0.0628377891475	0.0713410679542	0.0600273834402	0.0635584059955	0.0633422209411	0.0655220869064	0.0672335519204	0.0675217986597	0.071323052533	0.195161057866	0.205357786265	0.0633061900987	0.0609641853427	0.0623153419327	0.0698638034157	0.0534697701232	0.0610722778699	0.0555955898249	0.0711248828998	0.071593283851	0.0771420335807	0.170966347193	0.193179361533	0.185414714996	0.184892267781	0.0679181379261	0.0712690062694	0.0473084960726	0.0495604237227
NG-5636_372.freeze11.snv.mod.fix.bam	0.0886538877279	0.105354183181	0.071953592275	0.0786553289616	0.0797903004972	0.197791309361	0.084258124955	0.092076817756	0.196404121928	0.0837897240037	0.06647690423	0.0825826907833	0.0747459825611	0.0843121712186	0.134629242632	0.0877531166679	0.0835375081069	0.0832852922101	0.0802046551848	0.0817900122505	0.0616487713483	0.0750162138791	0.18622540895	0.0790876990704	0.0885998414643	0.0932838509764	0.218346904951	0.0820602435685	0.0660085032788	0.0	0.058207825899	0.192746991425	0.0818800893565	0.182802478922	0.0796101462852	0.0817539814081	0.0481912517115	0.0837536931613	0.0511637962096	0.0814297038265	0.0847805721698	0.1704619154	0.0751423218275	0.0862218058658	0.0815918426173	0.0830510917345	0.0834294155797	0.0781689125892	0.0772140952655	0.0857173740722	0.0842220941126	0.0828709375225	0.0888880882035	0.0833573538949	0.191900266628	0.205682063847	0.0723859623838	0.073304748865	0.0769618793687	0.0830510917345	0.0832852922101	0.0832852922101	0.0832852922101	0.0841500324278	0.0835375081069	0.0875369316135	0.168534265331	0.189954601139	0.182406139656	0.182081862074	0.084077970743	0.0868163147654	0.0640988686315	0.0662787345968
NG-5636_472.freeze11.snv.mod.fix.bam	0.072674209123	0.0905094761116	0.0504431793615	0.0615406788211	0.0620631260359	0.191359803992	0.0646393312676	0.0743856741371	0.191035526411	0.066566981336	0.0440116739929	0.0650536859552	0.0632341284139	0.0652698710096	0.114524032572	0.0684225697197	0.0650536859552	0.0663147654392	0.0614866325575	0.0628558045687	0.0158355552353	0.0615767096635	0.180118181163	0.0609101390791	0.0706564819485	0.0821683360957	0.212149600058	0.0631620667291	0.0440657202565	0.058207825899	0.0	0.18727030338	0.064315053686	0.174875693594	0.0663688117028	0.0586762268502	0.0317431721554	0.0670894285508	0.0365172587735	0.0615226633999	0.0665129350724	0.162553145493	0.0608560928155	0.0676659220293	0.0610362470275	0.0630179433595	0.0603876918642	0.0563702529365	0.0574151473661	0.0668011818116	0.0649095625856	0.0619009872451	0.0708186207394	0.0603156301794	0.185793038841	0.197052677092	0.0597751675434	0.0548929883981	0.0430928875117	0.065035670534	0.0623333573539	0.0638646681559	0.0629819125171	0.0661346112272	0.0657022411184	0.0704402968941	0.161922605751	0.184099589248	0.176497081502	0.175938603445	0.0661526266484	0.066566981336	0.044552136629	0.046443755855
