	BYQ_AAAI.freeze11.snv.mod.fix.bam	BYQ_AAAK.freeze11.snv.mod.fix.bam	BYQ_AAAL.freeze11.snv.mod.fix.bam	BYQ_AAAM.freeze11.snv.mod.fix.bam	BYQ_AAAN.freeze11.snv.mod.fix.bam	BYQ_AAAO.freeze11.snv.mod.fix.bam	BYQ_AAAP.freeze11.snv.mod.fix.bam	BYQ_AAAQ.freeze11.snv.mod.fix.bam	BYQ_AAAR.freeze11.snv.mod.fix.bam	BYQ_AAAS.freeze11.snv.mod.fix.bam	BYQ_AAAT.freeze11.snv.mod.fix.bam	BYQ_AAAU.freeze11.snv.mod.fix.bam	BYQ_AAAV.freeze11.snv.mod.fix.bam	BYQ_AAAW.freeze11.snv.mod.fix.bam	BYQ_AAAX.freeze11.snv.mod.fix.bam	BYQ_AAAY.freeze11.snv.mod.fix.bam	BYQ_AAAZ.freeze11.snv.mod.fix.bam	BYQ_AABA.freeze11.snv.mod.fix.bam	BYQ_AABB.freeze11.snv.mod.fix.bam	BYQ_AABC.freeze11.snv.mod.fix.bam	CCIS59903910ST-4-0.freeze11.snv.mod.fix.bam	M4.1-V3.metaG.freeze11.snv.mod.fix.bam
BYQ_AAAI.freeze11.snv.mod.fix.bam	0.0	0.00180546412934	0.00178127873971	0.0019251836116	0.00197859822524	0.00174422865968	0.00189589772194	0.00174789349509	0.00172317382149	0.00172976146984	0.00184840864929	0.00188074864137	0.00177365163324	0.00178952260155	0.00175008577933	0.00171621191594	0.00168608161602	0.00176753160844	0.00190757669421	0.00195999977184	0.428262614931	0.707727165848
BYQ_AAAK.freeze11.snv.mod.fix.bam	0.00180546412934	0.0	0.00108939400197	0.00149635649596	0.00140080114659	0.00112829497436	0.00143754048158	0.00123522454732	0.0011560008675	0.00106862732275	0.00112401817884	0.00125642167715	0.00102076898959	0.00105181751245	0.00106316607398	0.00102595741246	0.000983434356794	0.00100680102217	0.00116623836673	0.00130781419556	0.433892156052	0.70572447649
BYQ_AAAL.freeze11.snv.mod.fix.bam	0.00178127873971	0.00108939400197	0.0	0.00134112636351	0.00128751724869	0.00112143893616	0.001318522416	0.00113053472029	0.00100487412884	0.00101785566646	0.00112733628962	0.00124363713174	0.00104311517351	0.00109386767949	0.00106603053717	0.00100906573953	0.000949320546372	0.00102101643963	0.00120654439908	0.00135714447988	0.433919163915	0.705755037893
BYQ_AAAM.freeze11.snv.mod.fix.bam	0.0019251836116	0.00149635649596	0.00134112636351	0.0	0.00158510416471	0.00141524022883	0.00148874663467	0.00147169596936	0.00131045435821	0.00131147748725	0.0015035516002	0.00157117599302	0.00139396189672	0.00144454929639	0.00140144012354	0.00135086333646	0.00131825402152	0.00136374114475	0.00152451061729	0.00165309071417	0.432787966087	0.705905026495
BYQ_AAAN.freeze11.snv.mod.fix.bam	0.00197859822524	0.00140080114659	0.00128751724869	0.00158510416471	0.0	0.00129847295649	0.00153144997001	0.00130284172647	0.00129264821062	0.00118603359896	0.00137755698634	0.00145258978221	0.00127876298318	0.00129994020132	0.00123998810306	0.0012141144113	0.00115393880857	0.00125268337358	0.00144270466177	0.00157546012749	0.43388992271	0.705652427838
BYQ_AAAO.freeze11.snv.mod.fix.bam	0.00174422865968	0.00112829497436	0.00112143893616	0.00141524022883	0.00129847295649	0.0	0.00136483482501	0.00119419066856	0.00111774385253	0.00101826564847	0.00115824003027	0.00127441207084	0.00105462554696	0.0010568845962	0.00107830288539	0.000963537517065	0.000981789859937	0.0010077514241	0.00122301397455	0.00132957150318	0.433936294714	0.705769817969
BYQ_AAAP.freeze11.snv.mod.fix.bam	0.00189589772194	0.00143754048158	0.001318522416	0.00148874663467	0.00153144997001	0.00136483482501	0.0	0.0012840707586	0.00127174951413	0.00125414887926	0.00145318317017	0.00148765522205	0.00135318686741	0.00137523262835	0.00133730970819	0.00127812086563	0.00127715981821	0.00129740230262	0.00146430732438	0.00154366763179	0.432459676289	0.706578129478
BYQ_AAAQ.freeze11.snv.mod.fix.bam	0.00174789349509	0.00123522454732	0.00113053472029	0.00147169596936	0.00130284172647	0.00119419066856	0.0012840707586	0.0	0.00114312635727	0.00110359314028	0.00124432227579	0.00128214697193	0.00113178896119	0.00115751252555	0.00111847297408	0.00109291313286	0.00105190451548	0.0011233758363	0.00126515595669	0.00136758559063	0.433918680167	0.705919866169
BYQ_AAAR.freeze11.snv.mod.fix.bam	0.00172317382149	0.0011560008675	0.00100487412884	0.00131045435821	0.00129264821062	0.00111774385253	0.00127174951413	0.00114312635727	0.0	0.00102044082121	0.00109415884883	0.00122742319633	0.00104685481837	0.00107226585782	0.0010600029183	0.000983169818794	0.000948450335153	0.00100364358614	0.00121663894958	0.00130963655615	0.43391429073	0.705746667297
BYQ_AAAS.freeze11.snv.mod.fix.bam	0.00172976146984	0.00106862732275	0.00101785566646	0.00131147748725	0.00118603359896	0.00101826564847	0.00125414887926	0.00110359314028	0.00102044082121	0.0	0.00104619189629	0.00115489305692	0.000926454826019	0.000962691019048	0.000929922791261	0.00090138713874	0.000839995557012	0.000871082198009	0.0010827037619	0.0012366365631	0.434011605876	0.705792246703
BYQ_AAAT.freeze11.snv.mod.fix.bam	0.00184840864929	0.00112401817884	0.00112733628962	0.0015035516002	0.00137755698634	0.00115824003027	0.00145318317017	0.00124432227579	0.00109415884883	0.00104619189629	0.0	0.00121304290023	0.00100409787377	0.00103440599934	0.00103892164694	0.000992015224453	0.000961663600484	0.000970840946193	0.00115906511465	0.00128926821777	0.43387126101	0.705672583936
BYQ_AAAU.freeze11.snv.mod.fix.bam	0.00188074864137	0.00125642167715	0.00124363713174	0.00157117599302	0.00145258978221	0.00127441207084	0.00148765522205	0.00128214697193	0.00122742319633	0.00115489305692	0.00121304290023	0.0	0.00116478594687	0.00116932846973	0.00109840724337	0.00113384546378	0.00107027076147	0.0011164149605	0.00133309757676	0.00140027659174	0.43388168145	0.705694315132
BYQ_AAAV.freeze11.snv.mod.fix.bam	0.00177365163324	0.00102076898959	0.00104311517351	0.00139396189672	0.00127876298318	0.00105462554696	0.00135318686741	0.00113178896119	0.00104685481837	0.000926454826019	0.00100409787377	0.00116478594687	0.0	0.000809556562484	0.000931963041236	0.000885341251117	0.000819568262389	0.000757579924283	0.00093888918894	0.0011102912949	0.43389505022	0.705716956747
BYQ_AAAW.freeze11.snv.mod.fix.bam	0.00178952260155	0.00105181751245	0.00109386767949	0.00144454929639	0.00129994020132	0.0010568845962	0.00137523262835	0.00115751252555	0.00107226585782	0.000962691019048	0.00103440599934	0.00116932846973	0.000809556562484	0.0	0.00092803474739	0.000915425715667	0.000864777244984	0.00075562485325	0.000911810688599	0.00105620593748	0.433914535564	0.705758008036
BYQ_AAAX.freeze11.snv.mod.fix.bam	0.00175008577933	0.00106316607398	0.00106603053717	0.00140144012354	0.00123998810306	0.00107830288539	0.00133730970819	0.00111847297408	0.0010600029183	0.000929922791261	0.00103892164694	0.00109840724337	0.000931963041236	0.00092803474739	0.0	0.000921893331223	0.000843783903606	0.000888353936162	0.0010860255354	0.00122487404195	0.433891524898	0.705764378423
BYQ_AAAY.freeze11.snv.mod.fix.bam	0.00171621191594	0.00102595741246	0.00100906573953	0.00135086333646	0.0012141144113	0.000963537517065	0.00127812086563	0.00109291313286	0.000983169818794	0.00090138713874	0.000992015224453	0.00113384546378	0.000885341251117	0.000915425715667	0.000921893331223	0.0	0.000777337838082	0.000833238447662	0.00104119427144	0.00118860816495	0.433956068153	0.705777297291
BYQ_AAAZ.freeze11.snv.mod.fix.bam	0.00168608161602	0.000983434356794	0.000949320546372	0.00131825402152	0.00115393880857	0.000981789859937	0.00127715981821	0.00105190451548	0.000948450335153	0.000839995557012	0.000961663600484	0.00107027076147	0.000819568262389	0.000864777244984	0.000843783903606	0.000777337838082	0.0	0.000789966231045	0.00100593231846	0.00114257225632	0.433939245928	0.705758209512
BYQ_AABA.freeze11.snv.mod.fix.bam	0.00176753160844	0.00100680102217	0.00102101643963	0.00136374114475	0.00125268337358	0.0010077514241	0.00129740230262	0.0011233758363	0.00100364358614	0.000871082198009	0.000970840946193	0.0011164149605	0.000757579924283	0.00075562485325	0.000888353936162	0.000833238447662	0.000789966231045	0.0	0.000909453810448	0.0010490779936	0.433938711404	0.705756444514
BYQ_AABB.freeze11.snv.mod.fix.bam	0.00190757669421	0.00116623836673	0.00120654439908	0.00152451061729	0.00144270466177	0.00122301397455	0.00146430732438	0.00126515595669	0.00121663894958	0.0010827037619	0.00115906511465	0.00133309757676	0.00093888918894	0.000911810688599	0.0010860255354	0.00104119427144	0.00100593231846	0.000909453810448	0.0	0.00111162242593	0.433906359095	0.705676865851
BYQ_AABC.freeze11.snv.mod.fix.bam	0.00195999977184	0.00130781419556	0.00135714447988	0.00165309071417	0.00157546012749	0.00132957150318	0.00154366763179	0.00136758559063	0.00130963655615	0.0012366365631	0.00128926821777	0.00140027659174	0.0011102912949	0.00105620593748	0.00122487404195	0.00118860816495	0.00114257225632	0.0010490779936	0.00111162242593	0.0	0.433881485803	0.705711474945
CCIS59903910ST-4-0.freeze11.snv.mod.fix.bam	0.428262614931	0.433892156052	0.433919163915	0.432787966087	0.43388992271	0.433936294714	0.432459676289	0.433918680167	0.43391429073	0.434011605876	0.43387126101	0.43388168145	0.43389505022	0.433914535564	0.433891524898	0.433956068153	0.433939245928	0.433938711404	0.433906359095	0.433881485803	0.0	0.576033219367
M4.1-V3.metaG.freeze11.snv.mod.fix.bam	0.707727165848	0.70572447649	0.705755037893	0.705905026495	0.705652427838	0.705769817969	0.706578129478	0.705919866169	0.705746667297	0.705792246703	0.705672583936	0.705694315132	0.705716956747	0.705758008036	0.705764378423	0.705777297291	0.705758209512	0.705756444514	0.705676865851	0.705711474945	0.576033219367	0.0
