	159753524-stool1.freeze11.snv.mod.fix.bam	BYQ_AAAD.freeze11.snv.mod.fix.bam	CCIS00146684ST-4-0.freeze11.snv.mod.fix.bam	CCIS05314658ST-4-0.freeze11.snv.mod.fix.bam	CCIS07277498ST-4-0.freeze11.snv.mod.fix.bam	CCIS11015875ST-4-0.freeze11.snv.mod.fix.bam	CCIS20795251ST-4-0.freeze11.snv.mod.fix.bam	CCIS27927933ST-4-0.freeze11.snv.mod.fix.bam	CCIS41288781ST-4-0.freeze11.snv.mod.fix.bam	CCIS41692898ST-4-0.freeze11.snv.mod.fix.bam	CCIS44757994ST-4-0.freeze11.snv.mod.fix.bam	CCIS78100604ST-4-0.freeze11.snv.mod.fix.bam	CCIS94603952ST-4-0.freeze11.snv.mod.fix.bam	CCMD11006829ST-21-0.freeze11.snv.mod.fix.bam	CCMD12232071ST-21-0.freeze11.snv.mod.fix.bam	DLM012.freeze11.snv.mod.fix.bam	DOF008.freeze11.snv.mod.fix.bam	ED12A.freeze11.snv.mod.fix.bam	ED50A.freeze11.snv.mod.fix.bam	HT8A.freeze11.snv.mod.fix.bam	M3.3-V3.metaG.freeze11.snv.mod.fix.bam	M3.3-V3.metaT.freeze11.snv.mod.fix.bam	M3.5-V1.metaT.freeze11.snv.mod.fix.bam	M4.2-V2.metaG.freeze11.snv.mod.fix.bam	MH0188.freeze11.snv.mod.fix.bam	MH0203.freeze11.snv.mod.fix.bam	MMRS36405092ST-27-0-0.freeze11.snv.mod.fix.bam	MMRS67096717ST-27-0-0.freeze11.snv.mod.fix.bam	MMRS92546335ST-27-0-0.freeze11.snv.mod.fix.bam	O2.CD1-0-PT.freeze11.snv.mod.fix.bam	O2.CD2-0-PT.freeze11.snv.mod.fix.bam	O2.UC19-1.freeze11.snv.mod.fix.bam	O2.UC20-1.freeze11.snv.mod.fix.bam	O2.UC36-0.freeze11.snv.mod.fix.bam	O2.UC37-1.freeze11.snv.mod.fix.bam	O2.UC7-0.freeze11.snv.mod.fix.bam	O2.UC8-0.freeze11.snv.mod.fix.bam	O2.UC8-1.freeze11.snv.mod.fix.bam	SAMEA3136633.freeze11.snv.mod.fix.bam	SAMEA3136635.freeze11.snv.mod.fix.bam	SAMEA3136638.freeze11.snv.mod.fix.bam	SAMEA3136639.freeze11.snv.mod.fix.bam	SAMEA3136643.freeze11.snv.mod.fix.bam	SAMEA3136661.freeze11.snv.mod.fix.bam	SAMEA3136663.freeze11.snv.mod.fix.bam	SAMEA3136665.freeze11.snv.mod.fix.bam	SAMEA3136669.freeze11.snv.mod.fix.bam	SAMEA3136670.freeze11.snv.mod.fix.bam	SAMEA3136673.freeze11.snv.mod.fix.bam	SAMEA3136674.freeze11.snv.mod.fix.bam	SAMEA3136685.freeze11.snv.mod.fix.bam	SAMEA3136693.freeze11.snv.mod.fix.bam	SAMEA3136698.freeze11.snv.mod.fix.bam	SAMEA3136708.freeze11.snv.mod.fix.bam	SAMEA3136715.freeze11.snv.mod.fix.bam	SAMEA3136717.freeze11.snv.mod.fix.bam	SAMEA3136720.freeze11.snv.mod.fix.bam	SAMEA3136721.freeze11.snv.mod.fix.bam	SAMEA3136730.freeze11.snv.mod.fix.bam	SAMEA3136732.freeze11.snv.mod.fix.bam	SAMEA3136742.freeze11.snv.mod.fix.bam	SAMEA3136753.freeze11.snv.mod.fix.bam	SAMEA3136758.freeze11.snv.mod.fix.bam	SAMEA3136767.freeze11.snv.mod.fix.bam	SZEY-10A.freeze11.snv.mod.fix.bam	T2D-146A.freeze11.snv.mod.fix.bam	T2D-148A.freeze11.snv.mod.fix.bam	T2D-20A.freeze11.snv.mod.fix.bam	T2D-25A.freeze11.snv.mod.fix.bam	T2D-31A.freeze11.snv.mod.fix.bam	T2D-49A.freeze11.snv.mod.fix.bam	T2D-68A.freeze11.snv.mod.fix.bam	T2D-78A.freeze11.snv.mod.fix.bam	V1.CD18-0.freeze11.snv.mod.fix.bam	V1.CD2-0-PT.freeze11.snv.mod.fix.bam	V1.CD36-0.freeze11.snv.mod.fix.bam	V1.CD8-0-PN.freeze11.snv.mod.fix.bam	V1.FI01.freeze11.snv.mod.fix.bam	V1.FI04.freeze11.snv.mod.fix.bam	V1.FI05.freeze11.snv.mod.fix.bam	V1.FI17.freeze11.snv.mod.fix.bam	V1.FI19.freeze11.snv.mod.fix.bam	V1.UC33-0.freeze11.snv.mod.fix.bam	V1.UC34-0.freeze11.snv.mod.fix.bam	bugkiller-11-2-0.freeze11.snv.mod.fix.bam	bugkiller-11-60-0.freeze11.snv.mod.fix.bam	bugkiller-11-7-0.freeze11.snv.mod.fix.bam	bugkiller-13-392-1.freeze11.snv.mod.fix.bam	bugkiller-13-392-2.freeze11.snv.mod.fix.bam	bugkiller-13-392-3.freeze11.snv.mod.fix.bam	halbarad-11-0-0.freeze11.snv.mod.fix.bam	halbarad-11-2-0.freeze11.snv.mod.fix.bam	halbarad-11-392-0.freeze11.snv.mod.fix.bam	halbarad-11-7-0.freeze11.snv.mod.fix.bam	peacemaker-11-0-0.freeze11.snv.mod.fix.bam	peacemaker-11-2-0.freeze11.snv.mod.fix.bam	peacemaker-11-60-0.freeze11.snv.mod.fix.bam	peacemaker-11-7-0.freeze11.snv.mod.fix.bam	scavenger-11-0-0.freeze11.snv.mod.fix.bam	scavenger-11-60-0.freeze11.snv.mod.fix.bam	scavenger-11-7-0.freeze11.snv.mod.fix.bam	scavenger-12-7-0.freeze11.snv.mod.fix.bam
159753524-stool1.freeze11.snv.mod.fix.bam	0.0	0.117376531558	0.131207742733	0.11487112606	0.111542025603	0.107732436421	0.116724439716	0.364896866527	0.12444657995	0.118783677112	0.115832103511	0.123313999382	0.0999073343172	0.121048838247	0.116621477846	0.124137694341	0.117239249065	0.120122181419	0.119023921474	0.102378419192	0.114974087929	0.0542265847548	0.111988193706	0.107251947695	0.125304595531	0.109276864468	0.123760167485	0.0999759755637	0.109345505714	0.125167313038	0.127432474174	0.126196931736	0.0939012252463	0.096612554484	0.113155094897	0.127912962899	0.103167793527	0.0995984487078	0.124034732471	0.116930363455	0.116999004702	0.102447060439	0.112468682431	0.111473384357	0.119470089577	0.12918282596	0.106908741463	0.11140474311	0.108384528263	0.12434361808	0.123211037512	0.117445172804	0.125956687373	0.0905378041665	0.124206335587	0.0927343240553	0.116758760339	0.0996327693311	0.103682602876	0.119229845214	0.127775680406	0.094004187116	0.110375124412	0.118337509009	0.0991179599822	0.127947283523	0.107286268319	0.0972303257027	0.128393451625	0.305213302674	0.0944846758417	0.122455983801	0.116655798469	0.118989600851	0.114219034218	0.123073755019	0.0913271785016	0.108556131379	0.105055427807	0.113223736143	0.0889933761197	0.108933658235	0.0963379894979	0.109757353194	0.12255894567	0.120225143289	0.125064351169	0.121872533205	0.120534028898	0.120568349521	0.112022514329	0.112194117445	0.107835398291	0.113635583622	0.0849435425747	0.0883069636545	0.0956515770326	0.103099152281	0.113875827985	0.129937879672	0.126746061708	0.0998730136939
BYQ_AAAD.freeze11.snv.mod.fix.bam	0.117376531558	0.0	0.138518035488	0.119778975186	0.120945876377	0.122902151903	0.116209630367	0.395579503724	0.122318701308	0.134571163812	0.132134399561	0.120465387651	0.0963036688746	0.128873940351	0.124172014964	0.13264920891	0.126162611113	0.124309297457	0.127226550434	0.116003706627	0.113463980506	0.0517211792566	0.119023921474	0.118200226516	0.131345025226	0.106016405258	0.130795895253	0.109036620105	0.120293784535	0.139032844836	0.146686343824	0.139822219172	0.109860315063	0.108727734496	0.130521330267	0.133404262621	0.121495006349	0.116793080962	0.128290489755	0.130898857123	0.112056834952	0.111061536878	0.114493599204	0.119813295809	0.118337509009	0.130143803411	0.113463980506	0.110134880049	0.110649689398	0.141195044102	0.126540137969	0.122455983801	0.130933177747	0.0943130727254	0.121151800117	0.101897930466	0.118680715242	0.101486082987	0.105673199025	0.120808593884	0.131345025226	0.100078937434	0.118577753372	0.119538730823	0.106840100216	0.133266980128	0.114596561074	0.104574939081	0.139273089199	0.344990905035	0.103648282253	0.137454096166	0.129766276556	0.131722552082	0.123073755019	0.134296598826	0.0944503552185	0.120019219549	0.115385935409	0.132683529533	0.107148985826	0.125132992415	0.106325290867	0.123554243745	0.127295191681	0.123005113773	0.127432474174	0.127432474174	0.126402855476	0.125167313038	0.12623125236	0.127020626695	0.117891340907	0.128187527886	0.0948278820743	0.0983285856471	0.104369015341	0.114974087929	0.134468201943	0.155300820263	0.151388269211	0.115832103511
CCIS00146684ST-4-0.freeze11.snv.mod.fix.bam	0.131207742733	0.138518035488	0.0	0.133164018259	0.131482307719	0.130521330267	0.13264920891	0.405292240107	0.136390156845	0.144112297079	0.141229364725	0.139204447953	0.113120774273	0.138380752994	0.135566461887	0.14380341147	0.139616295432	0.134536843189	0.1451762364	0.135669423757	0.134536843189	0.0610907094073	0.130418368398	0.128084566016	0.147647321275	0.125647801764	0.138106188008	0.122696228164	0.131894155198	0.148676939973	0.152864056011	0.149569276178	0.118646394619	0.123108075643	0.141675532828	0.152967017881	0.125270274908	0.119298486461	0.138586676734	0.152280605416	0.129697635309	0.125956687373	0.132580567663	0.133850430724	0.135394858771	0.14696090881	0.123897449978	0.124789786183	0.124995709922	0.143014037135	0.141641212204	0.136733363078	0.155472423379	0.112262758692	0.134948690668	0.111782269966	0.139684936678	0.118852318358	0.127947283523	0.130315406528	0.14685794694	0.115317294162	0.134262278203	0.134674125682	0.1293887497	0.144558465182	0.127226550434	0.1195044102	0.154683049044	0.349589868552	0.122181418815	0.153756392216	0.145999931359	0.14390637334	0.130624292137	0.148196451248	0.114219034218	0.135085973161	0.127947283523	0.14696090881	0.122112777568	0.129217146583	0.12454954182	0.136012629989	0.142396265916	0.135566461887	0.140748876	0.142396265916	0.142053059684	0.140714555376	0.136802004324	0.136870645571	0.128805299104	0.137831623022	0.11140474311	0.116038027251	0.118646394619	0.133369941998	0.151250986718	0.169818443903	0.16621477846	0.133266980128
CCIS05314658ST-4-0.freeze11.snv.mod.fix.bam	0.11487112606	0.119778975186	0.133164018259	0.0	0.11298349178	0.114939767306	0.111679308096	0.396300236812	0.116896042832	0.124274976834	0.123588564368	0.117788379037	0.102584342932	0.126265572983	0.117136287195	0.120465387651	0.11644987473	0.11782269966	0.118646394619	0.110615368775	0.120259463912	0.0569035933693	0.121803891959	0.118200226516	0.125201633662	0.10478086282	0.128153207262	0.11161066685	0.115660500395	0.132717850156	0.14232762467	0.133713148231	0.106805779593	0.109688711947	0.129869238425	0.131310704602	0.12434361808	0.117891340907	0.128153207262	0.130315406528	0.113704224869	0.111233139994	0.112949171157	0.114974087929	0.120739952638	0.124755465559	0.108796375742	0.109963276933	0.109414146961	0.128290489755	0.123245358136	0.114081751725	0.132271682054	0.0932491334043	0.125304595531	0.0994611662148	0.116827401586	0.101142876755	0.109963276933	0.122353021931	0.129045543467	0.0971960050795	0.120877235131	0.11298349178	0.0999759755637	0.124206335587	0.108487490133	0.0935580190136	0.129491711569	0.338023818513	0.0982256237773	0.125201633662	0.123416961252	0.130143803411	0.122009815698	0.135875347496	0.0998730136939	0.11782269966	0.111370422487	0.127226550434	0.107560833305	0.124927068676	0.113772866115	0.119778975186	0.125682122387	0.120465387651	0.123897449978	0.125613481141	0.125270274908	0.123657205615	0.125270274908	0.125888046127	0.116896042832	0.126746061708	0.0976764938051	0.101692006727	0.110066238803	0.117273569688	0.138312111748	0.156158835844	0.151937399183	0.119126883344
CCIS07277498ST-4-0.freeze11.snv.mod.fix.bam	0.111542025603	0.120945876377	0.131482307719	0.11298349178	0.0	0.105707519649	0.113704224869	0.404262621409	0.115729141641	0.120774273261	0.118200226516	0.110718330645	0.0999073343172	0.117067645948	0.121529326973	0.125407557401	0.117857020283	0.118268867763	0.125338916155	0.111370422487	0.11298349178	0.0525791948382	0.117479493428	0.109105261352	0.128462092872	0.105776160895	0.129800597179	0.103442358513	0.111130178124	0.130727254007	0.132923773896	0.134399560696	0.105364313416	0.110718330645	0.127432474174	0.131688231458	0.111885231836	0.108487490133	0.120190822665	0.125235954285	0.115214332292	0.0998730136939	0.112537323678	0.111336101864	0.122215739438	0.122421663177	0.108178604523	0.10824724577	0.104712221574	0.122387342554	0.122490304424	0.115729141641	0.129320108453	0.0864879706215	0.115729141641	0.0948622026976	0.119435768954	0.0959947832653	0.106840100216	0.111679308096	0.132477605793	0.095960462642	0.109311185091	0.112674606171	0.102206816076	0.130692933384	0.108212925147	0.098054020661	0.131928475821	0.345814599993	0.0974705700656	0.132374643924	0.12297079315	0.121975495075	0.11782269966	0.133610186361	0.0968527988468	0.10677145897	0.110237841919	0.12770703916	0.106290970244	0.116484195353	0.108556131379	0.116106668497	0.120156502042	0.115969386004	0.119950578303	0.120705632014	0.119641692693	0.118612073995	0.1165528366	0.117033325325	0.109791673817	0.117651096544	0.0880323986684	0.0930432096647	0.0989120362426	0.109070940728	0.128805299104	0.146034251982	0.142156021553	0.112434361808
CCIS11015875ST-4-0.freeze11.snv.mod.fix.bam	0.107732436421	0.122902151903	0.130521330267	0.114939767306	0.105707519649	0.0	0.120671311391	0.397844664859	0.121872533205	0.121941174452	0.118165905893	0.117273569688	0.100284861173	0.124069053094	0.116381233483	0.123554243745	0.118543432749	0.120431067028	0.120774273261	0.115557538525	0.110375124412	0.0530940041871	0.11308645365	0.111644987473	0.128942581597	0.111816590589	0.129217146583	0.110100559426	0.111953873082	0.132992415142	0.13906716546	0.136493118715	0.105055427807	0.1096200707	0.121529326973	0.13076157463	0.119676013316	0.114836805436	0.122078456945	0.131173422109	0.115626179771	0.107217627072	0.120293784535	0.112091155575	0.122284380684	0.128565054741	0.112468682431	0.11288052991	0.108556131379	0.126540137969	0.126093969866	0.119229845214	0.130830215877	0.0939698664928	0.117136287195	0.0983629062704	0.124069053094	0.102927549164	0.110100559426	0.118577753372	0.128805299104	0.101005594262	0.120568349521	0.114081751725	0.105364313416	0.133232659505	0.109379826338	0.0986031506332	0.135085973161	0.341730445825	0.10361396163	0.132683529533	0.11782269966	0.125441878025	0.110100559426	0.136802004324	0.0994268455915	0.116415554106	0.113395339259	0.124206335587	0.109448467584	0.119881937056	0.1081442839	0.118440470879	0.122490304424	0.117101966572	0.121460685726	0.12276486941	0.122250060061	0.120877235131	0.120396746405	0.121357723856	0.114836805436	0.121597968219	0.091773346604	0.095960462642	0.102755946048	0.113738545492	0.131997117068	0.15011840615	0.146686343824	0.114630881697
CCIS20795251ST-4-0.freeze11.snv.mod.fix.bam	0.116724439716	0.116209630367	0.13264920891	0.111679308096	0.113704224869	0.120671311391	0.0	0.390225486495	0.113841507362	0.130349727151	0.115145691046	0.113395339259	0.0935580190136	0.122215739438	0.11634691286	0.123760167485	0.122730548787	0.11971033394	0.130109482788	0.110169200673	0.11614098912	0.0528880804475	0.10972303257	0.10992895631	0.123073755019	0.107046023956	0.126368534853	0.0980197000378	0.113704224869	0.132168720184	0.136012629989	0.133850430724	0.0970930432097	0.10478086282	0.12592236675	0.128770978481	0.109414146961	0.10498678656	0.123382640629	0.126711741085	0.109242543845	0.0962007070048	0.111061536878	0.110786971891	0.111919552459	0.126574458592	0.102996190411	0.101039914885	0.0988090743728	0.127123588564	0.123211037512	0.109070940728	0.131139101486	0.0886501698871	0.116793080962	0.0982256237773	0.108830696365	0.0939355458695	0.101245838624	0.114116072348	0.130452689021	0.0919792703435	0.113669904245	0.112571644301	0.0998386930707	0.128427772248	0.103476679136	0.0960977451351	0.140028142911	0.339739849676	0.0942101108556	0.127741359783	0.120259463912	0.122078456945	0.112056834952	0.128873940351	0.0859045200261	0.108556131379	0.104128770978	0.125064351169	0.102584342932	0.118474791502	0.100490784913	0.108796375742	0.121597968219	0.117204928442	0.121941174452	0.121426365103	0.120087860796	0.119332807084	0.12266190754	0.123313999382	0.116964684079	0.124172014964	0.0871743830868	0.0898513917013	0.0959261420187	0.106840100216	0.125991007997	0.146034251982	0.141366647218	0.11003191818
CCIS27927933ST-4-0.freeze11.snv.mod.fix.bam	0.364896866527	0.395579503724	0.405292240107	0.396300236812	0.404262621409	0.397844664859	0.390225486495	0.0	0.38953907403	0.412259326629	0.392902495109	0.400384390981	0.361430483578	0.378110306483	0.400315749734	0.426879912139	0.406287538182	0.406115935065	0.408140851838	0.38133644507	0.387308233518	0.17146583382	0.365548958369	0.381851254419	0.381782613172	0.359886055531	0.402203384013	0.36819164636	0.388989944057	0.412568212239	0.405257919484	0.414421525895	0.365651920239	0.383121117479	0.403473247074	0.407145553763	0.393588907575	0.378728077702	0.406081614442	0.398084909222	0.393588907575	0.382434705014	0.375364656622	0.39564814497	0.388578096578	0.40711123314	0.362700346638	0.364519339671	0.384219377424	0.399492054776	0.391289425816	0.404949033874	0.407557401242	0.365686240862	0.399732299139	0.371932594296	0.397741702989	0.377012046539	0.382331743144	0.395167656245	0.407145553763	0.380924597591	0.385454919861	0.401825857158	0.391220784569	0.380547070735	0.376256992827	0.36177368981	0.415760030202	0.210522703092	0.364485019048	0.414352884648	0.396815046161	0.377252290902	0.394000755054	0.402203384013	0.348217043622	0.381954216289	0.371108899338	0.394996053128	0.380203864502	0.374678244157	0.36355836222	0.387411195387	0.415073617737	0.396712084291	0.411126746062	0.41699557264	0.416412122044	0.412877097848	0.405807049456	0.407523080619	0.401688574665	0.409513676768	0.365102790267	0.367779798881	0.352232556543	0.387342554141	0.384459621787	0.404983354498	0.40059031472	0.37165802931
CCIS41288781ST-4-0.freeze11.snv.mod.fix.bam	0.12444657995	0.122318701308	0.136390156845	0.116896042832	0.115729141641	0.121872533205	0.113841507362	0.38953907403	0.0	0.129526032193	0.123073755019	0.0989463568658	0.100971273638	0.13254624704	0.122696228164	0.133301300752	0.125373236778	0.120534028898	0.125579160518	0.118165905893	0.120911555754	0.0562858221505	0.121357723856	0.121048838247	0.133129697635	0.114733843567	0.137213851804	0.113361018636	0.118646394619	0.136355836222	0.144112297079	0.141263685349	0.11298349178	0.118200226516	0.133198338882	0.13886124172	0.122799190033	0.118371829632	0.134193636956	0.127089267941	0.11614098912	0.116381233483	0.117857020283	0.115626179771	0.122490304424	0.133507224491	0.113669904245	0.112365720561	0.112605964924	0.128668016611	0.131036139616	0.117445172804	0.134845728798	0.100456464289	0.12128908261	0.103682602876	0.119573051447	0.102755946048	0.115591859148	0.119023921474	0.136012629989	0.106702817723	0.120534028898	0.11792566153	0.106496893984	0.128084566016	0.112468682431	0.105432954662	0.137900264269	0.336994199815	0.0986374712565	0.129526032193	0.125956687373	0.12750111542	0.12444657995	0.13875827985	0.104300374095	0.121048838247	0.116690119093	0.128873940351	0.116964684079	0.124721144936	0.112468682431	0.120122181419	0.13076157463	0.124480900573	0.1293887497	0.130933177747	0.130143803411	0.129011222844	0.129869238425	0.13096749837	0.123725846861	0.131653910835	0.0967841576003	0.101897930466	0.107732436421	0.116381233483	0.139204447953	0.157806225761	0.154271201565	0.121048838247
CCIS41692898ST-4-0.freeze11.snv.mod.fix.bam	0.118783677112	0.134571163812	0.144112297079	0.124274976834	0.120774273261	0.121941174452	0.130349727151	0.412259326629	0.129526032193	0.0	0.124789786183	0.131619590212	0.109551429454	0.137213851804	0.126540137969	0.131859834575	0.124789786183	0.122009815698	0.124652503689	0.118062944023	0.123313999382	0.0574870439647	0.13107046024	0.12255894567	0.138449394241	0.117067645948	0.136493118715	0.117959982153	0.12255894567	0.143082678381	0.157085492673	0.145896969489	0.118817997735	0.120431067028	0.140131104781	0.14054295226	0.138620997357	0.133541545114	0.133781789477	0.129251467207	0.124309297457	0.113395339259	0.121495006349	0.123760167485	0.130418368398	0.135943988743	0.12118612074	0.122181418815	0.115900744758	0.133987713217	0.1293887497	0.129560352816	0.140165425404	0.100422143666	0.13107046024	0.108762055119	0.130212444658	0.108865016989	0.120087860796	0.129731955932	0.145965610735	0.109002299482	0.126643099839	0.128256169132	0.109242543845	0.13549782064	0.115214332292	0.106188008374	0.138689638604	0.355767580739	0.105227030923	0.131447987095	0.130452689021	0.136355836222	0.129354429076	0.150701856746	0.108315887017	0.131619590212	0.119195524591	0.143563167107	0.118509112125	0.136012629989	0.12139204448	0.129320108453	0.134193636956	0.128359131002	0.133678827608	0.134365240073	0.13391907197	0.132477605793	0.133781789477	0.134742766929	0.125682122387	0.135532141264	0.102858907918	0.10804132203	0.114321996087	0.125304595531	0.136939286817	0.154099598449	0.150633215499	0.11971033394
CCIS44757994ST-4-0.freeze11.snv.mod.fix.bam	0.115832103511	0.132134399561	0.141229364725	0.123588564368	0.118200226516	0.118165905893	0.115145691046	0.392902495109	0.123073755019	0.124789786183	0.0	0.126780382332	0.0994268455915	0.123691526238	0.119470089577	0.12454954182	0.116690119093	0.122524625047	0.124377938703	0.109208223221	0.124103373717	0.0592030751278	0.114974087929	0.122730548787	0.129766276556	0.106531214607	0.133678827608	0.105295672169	0.114219034218	0.135635103133	0.144421182689	0.147578680029	0.106325290867	0.115420256032	0.132065758314	0.142705151526	0.123005113773	0.117582455297	0.121872533205	0.131139101486	0.114699522943	0.106840100216	0.108865016989	0.111061536878	0.115969386004	0.128256169132	0.107492192058	0.109654391324	0.104677900951	0.124892748052	0.122593266294	0.124206335587	0.133369941998	0.0913958197481	0.127535436044	0.102035212959	0.120362425782	0.0918076672272	0.10498678656	0.11288052991	0.13580670625	0.0956172564094	0.122009815698	0.116861722209	0.101108556131	0.12750111542	0.100387823043	0.0946905995813	0.13254624704	0.335827298624	0.0928372859251	0.130418368398	0.118817997735	0.127466794797	0.126986306071	0.145416480763	0.102344098569	0.124961389299	0.11288052991	0.136699042455	0.109379826338	0.126643099839	0.114390637334	0.120808593884	0.118612073995	0.114116072348	0.118097264646	0.118680715242	0.118268867763	0.116655798469	0.125167313038	0.125510519271	0.116930363455	0.12612829049	0.0878951161753	0.0901602773106	0.100731029275	0.110992895631	0.118062944023	0.136321515599	0.132271682054	0.10193225109
CCIS78100604ST-4-0.freeze11.snv.mod.fix.bam	0.123313999382	0.120465387651	0.139204447953	0.117788379037	0.110718330645	0.117273569688	0.113395339259	0.400384390981	0.0989463568658	0.131619590212	0.126780382332	0.0	0.10172632735	0.12297079315	0.123760167485	0.132065758314	0.127260871057	0.125476198648	0.126505817346	0.117479493428	0.12454954182	0.0587569070254	0.115317294162	0.118646394619	0.13223736143	0.108281566393	0.13560078251	0.105982084635	0.116999004702	0.13570374438	0.143322922744	0.139479012939	0.110924254384	0.119126883344	0.131482307719	0.132511926417	0.119092562721	0.114905446683	0.116655798469	0.126951985448	0.117239249065	0.111130178124	0.119470089577	0.117342210935	0.121323403233	0.124858427429	0.109276864468	0.114974087929	0.110340803789	0.128084566016	0.129045543467	0.114905446683	0.136046950613	0.0893365823523	0.117513814051	0.105810481518	0.11614098912	0.0950681264372	0.10361396163	0.115797782888	0.135669423757	0.102206816076	0.11960737207	0.117204928442	0.110889933761	0.13549782064	0.114219034218	0.105158389676	0.132889453272	0.341867728318	0.104952465937	0.137248172427	0.13065861276	0.125270274908	0.120190822665	0.137660019906	0.10478086282	0.123073755019	0.117170607818	0.133884751347	0.114493599204	0.127569756667	0.115248652916	0.12266190754	0.126437176099	0.120636990768	0.124961389299	0.126986306071	0.126402855476	0.125167313038	0.119332807084	0.120362425782	0.111747949343	0.120980197	0.0961663863816	0.10014757868	0.1066684971	0.117033325325	0.136733363078	0.155575385249	0.152109002299	0.117959982153
CCIS94603952ST-4-0.freeze11.snv.mod.fix.bam	0.0999073343172	0.0963036688746	0.113120774273	0.102584342932	0.0999073343172	0.100284861173	0.0935580190136	0.361430483578	0.100971273638	0.109551429454	0.0994268455915	0.10172632735	0.0	0.107801077668	0.0997014105776	0.115969386004	0.102893228541	0.105467275286	0.107148985826	0.0939355458695	0.0939355458695	0.0417338778872	0.0975392113121	0.094518996465	0.105879122765	0.0863163675052	0.115488897278	0.0862477262587	0.101692006727	0.117788379037	0.12918282596	0.124412259327	0.079623845969	0.0789717541271	0.110203521296	0.124034732471	0.0994611662148	0.0952740501768	0.107354909565	0.1066684971	0.0939698664928	0.0765693104987	0.0875175893194	0.090606445413	0.0921165528366	0.113017812403	0.0916017434877	0.0806877852902	0.080275937811	0.1081442839	0.107732436421	0.102069533583	0.118200226516	0.0674400247108	0.102996190411	0.0766036311219	0.0907437279061	0.0770497992244	0.0802416171878	0.102035212959	0.11466520232	0.073995263754	0.094656278958	0.0978137762982	0.0840855269932	0.10656553523	0.0890620173662	0.0785942272712	0.12266190754	0.302296049696	0.0723821944607	0.117651096544	0.103545320383	0.106943062086	0.0994611662148	0.113395339259	0.0700827127021	0.0948965233209	0.0897141092082	0.109002299482	0.0818546864811	0.090606445413	0.084977863198	0.0917390259807	0.104094450355	0.102172495453	0.107389230188	0.103579641006	0.101794968597	0.101863609843	0.105741840272	0.105501595909	0.101005594262	0.107183306449	0.0669938566084	0.071386896386	0.0748532793356	0.0872087037101	0.107080344579	0.127295191681	0.122799190033	0.0921851940831
CCMD11006829ST-21-0.freeze11.snv.mod.fix.bam	0.121048838247	0.128873940351	0.138380752994	0.126265572983	0.117067645948	0.124069053094	0.122215739438	0.378110306483	0.13254624704	0.137213851804	0.123691526238	0.12297079315	0.107801077668	0.0	0.126402855476	0.133164018259	0.131207742733	0.128153207262	0.136561759962	0.11813158527	0.128393451625	0.0578645708206	0.11771973779	0.118234547139	0.131825513951	0.115729141641	0.135188935031	0.106977382709	0.119950578303	0.137694340529	0.143975014586	0.143494525861	0.113910148608	0.119058242098	0.134433881319	0.145828328242	0.12454954182	0.118337509009	0.120568349521	0.129148505337	0.121632288842	0.111095857501	0.120259463912	0.119332807084	0.124000411847	0.128427772248	0.107320588942	0.115214332292	0.111267460617	0.134605484436	0.13391907197	0.125270274908	0.13906716546	0.0925284003157	0.119916257679	0.107423550812	0.126059649243	0.105844802142	0.112228438068	0.118989600851	0.135120293785	0.103922847239	0.120431067028	0.12424065621	0.115077049799	0.136939286817	0.11614098912	0.104918145314	0.147784603768	0.317808971411	0.10488382469	0.135326217524	0.128702337234	0.129869238425	0.125888046127	0.141195044102	0.105055427807	0.124583862443	0.119367127707	0.133198338882	0.110684010022	0.129766276556	0.116106668497	0.12612829049	0.130452689021	0.12454954182	0.12928578783	0.130692933384	0.130452689021	0.129114184714	0.127363832927	0.128359131002	0.11940144833	0.129114184714	0.0992209218519	0.102996190411	0.107526512681	0.120534028898	0.136493118715	0.155129217147	0.151525551704	0.119676013316
CCMD12232071ST-21-0.freeze11.snv.mod.fix.bam	0.116621477846	0.124172014964	0.135566461887	0.117136287195	0.121529326973	0.116381233483	0.11634691286	0.400315749734	0.122696228164	0.126540137969	0.119470089577	0.123760167485	0.0997014105776	0.126402855476	0.0	0.129011222844	0.125373236778	0.122147098191	0.126986306071	0.114974087929	0.117239249065	0.054260905378	0.114630881697	0.120636990768	0.13254624704	0.11150770498	0.129526032193	0.112503003055	0.120636990768	0.131585269588	0.147098191303	0.136458798092	0.107801077668	0.113258056766	0.133541545114	0.13107046024	0.122044136322	0.117857020283	0.121323403233	0.123828808731	0.115042729176	0.104609259704	0.114356316711	0.116484195353	0.113875827985	0.128530734118	0.108727734496	0.110889933761	0.104746542197	0.115317294162	0.124755465559	0.125441878025	0.135429179394	0.0946905995813	0.114390637334	0.103785564746	0.124034732471	0.102241136699	0.1081442839	0.114699522943	0.131962796444	0.0969900813399	0.120328105158	0.119916257679	0.10677145897	0.131894155198	0.110169200673	0.101897930466	0.136973607441	0.3456773175	0.0945876377115	0.129834917802	0.121220441363	0.125647801764	0.123245358136	0.141298005972	0.104849504067	0.118749356488	0.11456224045	0.131379345849	0.112022514329	0.125853725504	0.111919552459	0.118234547139	0.12602532862	0.119950578303	0.12454954182	0.126437176099	0.125853725504	0.124480900573	0.126505817346	0.126849023578	0.119058242098	0.128290489755	0.0929402477949	0.0962350276281	0.105124069053	0.112297079315	0.137762981776	0.155472423379	0.151250986718	0.118749356488
DLM012.freeze11.snv.mod.fix.bam	0.124137694341	0.13264920891	0.14380341147	0.120465387651	0.125407557401	0.123554243745	0.123760167485	0.426879912139	0.133301300752	0.131859834575	0.12454954182	0.132065758314	0.115969386004	0.133164018259	0.129011222844	0.0	0.103751244123	0.100387823043	0.100010296187	0.0997014105776	0.129217146583	0.0599581288396	0.131756872705	0.130178124035	0.13412499571	0.115900744758	0.137831623022	0.115111370422	0.115351614785	0.140371349144	0.153069979751	0.136561759962	0.121597968219	0.122593266294	0.145004633284	0.141606891581	0.129628994063	0.123725846861	0.133404262621	0.139547654185	0.121838212582	0.118303188386	0.129903559049	0.123005113773	0.126402855476	0.131585269588	0.119881937056	0.125373236778	0.109894635687	0.129937879672	0.126540137969	0.126883344202	0.135772385627	0.106531214607	0.130830215877	0.110821292515	0.130624292137	0.10478086282	0.120602670144	0.131207742733	0.133747468854	0.10340803789	0.132855132649	0.117994302777	0.0800700140715	0.126093969866	0.0958918213955	0.0849092219515	0.113601262999	0.364553660294	0.0905378041665	0.104403335965	0.116072347874	0.137042248687	0.127054947318	0.149191749322	0.114527919827	0.126471496722	0.12781000103	0.140062463534	0.119367127707	0.139273089199	0.127775680406	0.12760407729	0.124927068676	0.119744654563	0.123725846861	0.125682122387	0.125132992415	0.123245358136	0.133061056389	0.133747468854	0.125613481141	0.134262278203	0.106702817723	0.110306483166	0.118989600851	0.127363832927	0.134742766929	0.15032432989	0.147372756289	0.119332807084
DOF008.freeze11.snv.mod.fix.bam	0.117239249065	0.126162611113	0.139616295432	0.11644987473	0.117857020283	0.118543432749	0.122730548787	0.406287538182	0.125373236778	0.124789786183	0.116690119093	0.127260871057	0.102893228541	0.131207742733	0.125373236778	0.103751244123	0.0	0.106908741463	0.107011703333	0.10162336548	0.126814702955	0.0581391358067	0.118268867763	0.12602532862	0.128530734118	0.110752651268	0.139341730446	0.107114665202	0.110340803789	0.136493118715	0.147887565638	0.144489823935	0.114253354841	0.116209630367	0.133541545114	0.138003226139	0.122387342554	0.117342210935	0.125407557401	0.132408964547	0.114733843567	0.113155094897	0.117857020283	0.113635583622	0.117033325325	0.127157909188	0.110272162542	0.115385935409	0.105707519649	0.124309297457	0.122936472526	0.120671311391	0.133644506984	0.0983629062704	0.126334214229	0.10646257336	0.124103373717	0.093866904623	0.110100559426	0.119264165837	0.132855132649	0.10172632735	0.122627586917	0.110169200673	0.0860418025191	0.125647801764	0.091258537255	0.082884305179	0.107904039537	0.349212341696	0.0907094072828	0.112708926794	0.113704224869	0.129766276556	0.122696228164	0.145210557024	0.106153687751	0.126471496722	0.12255894567	0.130418368398	0.114253354841	0.13254624704	0.120053540172	0.123657205615	0.121700930089	0.117101966572	0.120465387651	0.122318701308	0.121735250712	0.120225143289	0.132752170779	0.133369941998	0.125030030545	0.134365240073	0.0958575007722	0.101039914885	0.10488382469	0.117651096544	0.130246765281	0.147132511926	0.143425884614	0.113738545492
ED12A.freeze11.snv.mod.fix.bam	0.120122181419	0.124309297457	0.134536843189	0.11782269966	0.118268867763	0.120431067028	0.11971033394	0.406115935065	0.120534028898	0.122009815698	0.122524625047	0.125476198648	0.105467275286	0.128153207262	0.122147098191	0.100387823043	0.106908741463	0.0	0.105707519649	0.100525105536	0.120431067028	0.0567663108762	0.123245358136	0.119367127707	0.133335621375	0.108281566393	0.132614888286	0.107389230188	0.110134880049	0.133335621375	0.144524144558	0.139273089199	0.110786971891	0.110169200673	0.135635103133	0.133953392594	0.126402855476	0.12255894567	0.132889453272	0.129423070323	0.11130178124	0.114630881697	0.12276486941	0.11792566153	0.118955280228	0.128736657858	0.111782269966	0.109963276933	0.110786971891	0.128873940351	0.127775680406	0.120362425782	0.130898857123	0.103030511034	0.125682122387	0.103476679136	0.122696228164	0.100628067406	0.117136287195	0.125682122387	0.131413666472	0.100387823043	0.121117479493	0.117513814051	0.0858701994028	0.12602532862	0.101108556131	0.089027696743	0.111439063733	0.346741256821	0.0900916360641	0.108933658235	0.105398634039	0.129800597179	0.121151800117	0.138174829255	0.105501595909	0.121700930089	0.120739952638	0.136115591859	0.11140474311	0.128015924769	0.116518515976	0.119881937056	0.126368534853	0.121632288842	0.125235954285	0.127157909188	0.126437176099	0.124995709922	0.131036139616	0.131894155198	0.123382640629	0.13244328517	0.0978137762982	0.10182928922	0.109139581975	0.1195044102	0.136767683701	0.153172941621	0.149809520541	0.118062944023
ED50A.freeze11.snv.mod.fix.bam	0.119023921474	0.127226550434	0.1451762364	0.118646394619	0.125338916155	0.120774273261	0.130109482788	0.408140851838	0.125579160518	0.124652503689	0.124377938703	0.126505817346	0.107148985826	0.136561759962	0.126986306071	0.100010296187	0.107011703333	0.105707519649	0.0	0.0925284003157	0.121803891959	0.0597522051	0.127089267941	0.123279678759	0.132511926417	0.111095857501	0.136012629989	0.110889933761	0.117170607818	0.141572570958	0.148368054364	0.139616295432	0.116655798469	0.113532621752	0.137797302399	0.135085973161	0.128633695988	0.12276486941	0.135360538147	0.130521330267	0.120259463912	0.112571644301	0.124034732471	0.120808593884	0.120190822665	0.133335621375	0.115832103511	0.118200226516	0.111061536878	0.124721144936	0.128256169132	0.127912962899	0.138380752994	0.100490784913	0.131036139616	0.106153687751	0.122696228164	0.10351099976	0.113875827985	0.132306002677	0.135532141264	0.103579641006	0.126608779215	0.117273569688	0.0852867488074	0.123897449978	0.0983629062704	0.0901602773106	0.115969386004	0.348114081752	0.0883412842777	0.107595153928	0.120499708275	0.135566461887	0.125647801764	0.146652023201	0.10992895631	0.128599375365	0.122147098191	0.138277791125	0.111576346226	0.130830215877	0.122353021931	0.123622884992	0.127157909188	0.122112777568	0.126299893606	0.127157909188	0.126540137969	0.125510519271	0.133884751347	0.13402203384	0.127260871057	0.13560078251	0.100216219927	0.103442358513	0.112091155575	0.121117479493	0.134193636956	0.151594192951	0.148162130624	0.116655798469
HT8A.freeze11.snv.mod.fix.bam	0.102378419192	0.116003706627	0.135669423757	0.110615368775	0.111370422487	0.115557538525	0.110169200673	0.38133644507	0.118165905893	0.118062944023	0.109208223221	0.117479493428	0.0939355458695	0.11813158527	0.114974087929	0.0997014105776	0.10162336548	0.100525105536	0.0925284003157	0.0	0.111816590589	0.0525448742149	0.1180286234	0.112022514329	0.119881937056	0.100284861173	0.129731955932	0.0935236983904	0.103476679136	0.127123588564	0.141984418437	0.131619590212	0.0986374712565	0.100216219927	0.123760167485	0.128050245392	0.112056834952	0.107011703333	0.120705632014	0.120190822665	0.108933658235	0.0980197000378	0.104231732848	0.108281566393	0.113704224869	0.121495006349	0.104677900951	0.101177197378	0.095171088307	0.118646394619	0.117959982153	0.112537323678	0.123279678759	0.0827470226859	0.121014517624	0.0901259566874	0.109551429454	0.0849092219515	0.0976764938051	0.115420256032	0.121735250712	0.0866595737379	0.106977382709	0.110443765659	0.0688128496413	0.114047431101	0.0863163675052	0.0774616467035	0.110855613138	0.314994680303	0.0681607577994	0.103991488485	0.108315887017	0.12139204448	0.1165528366	0.132477605793	0.0887874523801	0.107011703333	0.110134880049	0.120980197	0.095960462642	0.113395339259	0.104506297834	0.108967978858	0.112400041185	0.109482788207	0.113326698013	0.111027216254	0.109688711947	0.109105261352	0.118474791502	0.119264165837	0.113601262999	0.120156502042	0.076878196108	0.0824038164533	0.089679788585	0.0999073343172	0.11771973779	0.138586676734	0.134365240073	0.100936953015
M3.3-V3.metaG.freeze11.snv.mod.fix.bam	0.114974087929	0.113463980506	0.134536843189	0.120259463912	0.11298349178	0.110375124412	0.11614098912	0.387308233518	0.120911555754	0.123313999382	0.124103373717	0.12454954182	0.0939355458695	0.128393451625	0.117239249065	0.129217146583	0.126814702955	0.120431067028	0.121803891959	0.111816590589	0.0	0.000892336204825	0.116964684079	0.114184713594	0.124755465559	0.0996670899544	0.126093969866	0.104094450355	0.117616775921	0.131859834575	0.132855132649	0.136287194975	0.100490784913	0.106393932114	0.131997117068	0.133335621375	0.117582455297	0.111988193706	0.127054947318	0.126849023578	0.11161066685	0.0998730136939	0.112091155575	0.115488897278	0.115317294162	0.130178124035	0.106496893984	0.110752651268	0.106016405258	0.127260871057	0.127157909188	0.124721144936	0.130452689021	0.0923911178227	0.119470089577	0.0939355458695	0.121048838247	0.0997357312009	0.106325290867	0.119264165837	0.1323403233	0.0949308439441	0.115935065381	0.124309297457	0.103099152281	0.130349727151	0.1096200707	0.100559426159	0.137900264269	0.32937502145	0.0972303257027	0.13422795758	0.125888046127	0.126402855476	0.115488897278	0.137007928064	0.0922195147064	0.110752651268	0.108521810756	0.134056354463	0.1051927103	0.122387342554	0.104712221574	0.113841507362	0.128462092872	0.123657205615	0.128496413495	0.128633695988	0.127912962899	0.126814702955	0.123863129354	0.123863129354	0.117685417167	0.12454954182	0.087723513059	0.0913271785016	0.0978480969214	0.10835020764	0.133816110101	0.152898376635	0.149706558671	0.115180011669
M3.3-V3.metaT.freeze11.snv.mod.fix.bam	0.0542265847548	0.0517211792566	0.0610907094073	0.0569035933693	0.0525791948382	0.0530940041871	0.0528880804475	0.17146583382	0.0562858221505	0.0574870439647	0.0592030751278	0.0587569070254	0.0417338778872	0.0578645708206	0.054260905378	0.0599581288396	0.0581391358067	0.0567663108762	0.0597522051	0.0525448742149	0.000892336204825	0.0	0.0564917458901	0.0538147372756	0.0592373957511	0.0491471325119	0.0584480214161	0.0493530562515	0.0547070734805	0.0623948930913	0.0623948930913	0.0642825273707	0.0489068881491	0.0496619418609	0.0595806019837	0.0599581288396	0.0531283248104	0.0504856368192	0.0586882657789	0.059614922607	0.0546041116107	0.0446511308645	0.0500051480935	0.0551875622061	0.0557366921783	0.0605072588118	0.0501767512098	0.0498335449772	0.0503140337029	0.0612623125236	0.0590314720115	0.0584823420393	0.0604729381886	0.0443079246319	0.0563201427738	0.0430723821945	0.0522016679823	0.0467446888836	0.050725881182	0.0541579435083	0.0629783436867	0.0451659402135	0.0548100353502	0.0590314720115	0.0484263994234	0.0598894875931	0.0508288430518	0.0455434670694	0.0649689398359	0.13886124172	0.0467790095068	0.0639050005148	0.0560112571644	0.0565603871366	0.0531969660569	0.0645570923568	0.0437244740364	0.0499021862237	0.0517211792566	0.063149946803	0.0504856368192	0.0569379139925	0.0484950406699	0.0535401722895	0.0607818237979	0.0586196245324	0.0607818237979	0.0605072588118	0.0603356556955	0.0598208463466	0.0590657926348	0.0588941895185	0.0564574252668	0.0597178844768	0.0417338778872	0.0433812678038	0.0467103682603	0.0520643854892	0.0626694580774	0.0715584995024	0.0697395064694	0.0531969660569
M3.5-V1.metaT.freeze11.snv.mod.fix.bam	0.111988193706	0.119023921474	0.130418368398	0.121803891959	0.117479493428	0.11308645365	0.10972303257	0.365548958369	0.121357723856	0.13107046024	0.114974087929	0.115317294162	0.0975392113121	0.11771973779	0.114630881697	0.131756872705	0.118268867763	0.123245358136	0.127089267941	0.1180286234	0.116964684079	0.0564917458901	0.0	0.120980197	0.125853725504	0.109482788207	0.130040841542	0.106908741463	0.112846209287	0.130727254007	0.13886124172	0.140234066651	0.102858907918	0.111747949343	0.127089267941	0.13580670625	0.117239249065	0.112022514329	0.1195044102	0.126196931736	0.118268867763	0.106188008374	0.113326698013	0.113395339259	0.120945876377	0.125682122387	0.105810481518	0.112125476199	0.106943062086	0.123863129354	0.125201633662	0.11466520232	0.126780382332	0.088375604901	0.117239249065	0.0976764938051	0.121666609466	0.097401928819	0.0996670899544	0.108556131379	0.132374643924	0.0972989669492	0.12108315887	0.11456224045	0.108007001407	0.132065758314	0.108315887017	0.100490784913	0.140131104781	0.310704602396	0.0976078525586	0.135257576278	0.12139204448	0.123416961252	0.117342210935	0.139753577925	0.0971616844562	0.122215739438	0.112125476199	0.1308645365	0.108384528263	0.123657205615	0.106702817723	0.113017812403	0.124927068676	0.119470089577	0.123897449978	0.125030030545	0.124103373717	0.123142396266	0.121769571335	0.121941174452	0.115763462264	0.123211037512	0.0871400624635	0.0896454679617	0.0960634245118	0.104369015341	0.127123588564	0.144489823935	0.140508631637	0.111885231836
