	159753524-stool1.freeze11.snv.mod.fix.bam	BYQ_AAAD.freeze11.snv.mod.fix.bam	CCIS00146684ST-4-0.freeze11.snv.mod.fix.bam	CCIS05314658ST-4-0.freeze11.snv.mod.fix.bam	CCIS07277498ST-4-0.freeze11.snv.mod.fix.bam	CCIS11015875ST-4-0.freeze11.snv.mod.fix.bam	CCIS20795251ST-4-0.freeze11.snv.mod.fix.bam	CCIS27927933ST-4-0.freeze11.snv.mod.fix.bam	CCIS41288781ST-4-0.freeze11.snv.mod.fix.bam	CCIS41692898ST-4-0.freeze11.snv.mod.fix.bam	CCIS44757994ST-4-0.freeze11.snv.mod.fix.bam	CCIS78100604ST-4-0.freeze11.snv.mod.fix.bam	CCIS94603952ST-4-0.freeze11.snv.mod.fix.bam	CCMD11006829ST-21-0.freeze11.snv.mod.fix.bam	CCMD12232071ST-21-0.freeze11.snv.mod.fix.bam	DLM012.freeze11.snv.mod.fix.bam	DOF008.freeze11.snv.mod.fix.bam	ED12A.freeze11.snv.mod.fix.bam	ED50A.freeze11.snv.mod.fix.bam	HT8A.freeze11.snv.mod.fix.bam	M3.3-V3.metaG.freeze11.snv.mod.fix.bam	M3.3-V3.metaT.freeze11.snv.mod.fix.bam	M3.5-V1.metaT.freeze11.snv.mod.fix.bam	M4.2-V2.metaG.freeze11.snv.mod.fix.bam	MH0188.freeze11.snv.mod.fix.bam	MH0203.freeze11.snv.mod.fix.bam	MMRS36405092ST-27-0-0.freeze11.snv.mod.fix.bam	MMRS67096717ST-27-0-0.freeze11.snv.mod.fix.bam	MMRS92546335ST-27-0-0.freeze11.snv.mod.fix.bam	O2.CD1-0-PT.freeze11.snv.mod.fix.bam	O2.CD2-0-PT.freeze11.snv.mod.fix.bam	O2.UC19-1.freeze11.snv.mod.fix.bam	O2.UC20-1.freeze11.snv.mod.fix.bam	O2.UC36-0.freeze11.snv.mod.fix.bam	O2.UC37-1.freeze11.snv.mod.fix.bam	O2.UC7-0.freeze11.snv.mod.fix.bam	O2.UC8-0.freeze11.snv.mod.fix.bam	O2.UC8-1.freeze11.snv.mod.fix.bam	SAMEA3136633.freeze11.snv.mod.fix.bam	SAMEA3136635.freeze11.snv.mod.fix.bam	SAMEA3136638.freeze11.snv.mod.fix.bam	SAMEA3136639.freeze11.snv.mod.fix.bam	SAMEA3136643.freeze11.snv.mod.fix.bam	SAMEA3136661.freeze11.snv.mod.fix.bam	SAMEA3136663.freeze11.snv.mod.fix.bam	SAMEA3136665.freeze11.snv.mod.fix.bam	SAMEA3136669.freeze11.snv.mod.fix.bam	SAMEA3136670.freeze11.snv.mod.fix.bam	SAMEA3136673.freeze11.snv.mod.fix.bam	SAMEA3136674.freeze11.snv.mod.fix.bam	SAMEA3136685.freeze11.snv.mod.fix.bam	SAMEA3136693.freeze11.snv.mod.fix.bam	SAMEA3136698.freeze11.snv.mod.fix.bam	SAMEA3136708.freeze11.snv.mod.fix.bam	SAMEA3136715.freeze11.snv.mod.fix.bam	SAMEA3136717.freeze11.snv.mod.fix.bam	SAMEA3136720.freeze11.snv.mod.fix.bam	SAMEA3136721.freeze11.snv.mod.fix.bam	SAMEA3136730.freeze11.snv.mod.fix.bam	SAMEA3136732.freeze11.snv.mod.fix.bam	SAMEA3136742.freeze11.snv.mod.fix.bam	SAMEA3136753.freeze11.snv.mod.fix.bam	SAMEA3136758.freeze11.snv.mod.fix.bam	SAMEA3136767.freeze11.snv.mod.fix.bam	SZEY-10A.freeze11.snv.mod.fix.bam	T2D-146A.freeze11.snv.mod.fix.bam	T2D-148A.freeze11.snv.mod.fix.bam	T2D-20A.freeze11.snv.mod.fix.bam	T2D-25A.freeze11.snv.mod.fix.bam	T2D-31A.freeze11.snv.mod.fix.bam	T2D-49A.freeze11.snv.mod.fix.bam	T2D-68A.freeze11.snv.mod.fix.bam	T2D-78A.freeze11.snv.mod.fix.bam	V1.CD18-0.freeze11.snv.mod.fix.bam	V1.CD2-0-PT.freeze11.snv.mod.fix.bam	V1.CD36-0.freeze11.snv.mod.fix.bam	V1.CD8-0-PN.freeze11.snv.mod.fix.bam	V1.FI01.freeze11.snv.mod.fix.bam	V1.FI04.freeze11.snv.mod.fix.bam	V1.FI05.freeze11.snv.mod.fix.bam	V1.FI17.freeze11.snv.mod.fix.bam	V1.FI19.freeze11.snv.mod.fix.bam	V1.UC33-0.freeze11.snv.mod.fix.bam	V1.UC34-0.freeze11.snv.mod.fix.bam	bugkiller-11-2-0.freeze11.snv.mod.fix.bam	bugkiller-11-60-0.freeze11.snv.mod.fix.bam	bugkiller-11-7-0.freeze11.snv.mod.fix.bam	bugkiller-13-392-1.freeze11.snv.mod.fix.bam	bugkiller-13-392-2.freeze11.snv.mod.fix.bam	bugkiller-13-392-3.freeze11.snv.mod.fix.bam	halbarad-11-0-0.freeze11.snv.mod.fix.bam	halbarad-11-2-0.freeze11.snv.mod.fix.bam	halbarad-11-392-0.freeze11.snv.mod.fix.bam	halbarad-11-7-0.freeze11.snv.mod.fix.bam	peacemaker-11-0-0.freeze11.snv.mod.fix.bam	peacemaker-11-2-0.freeze11.snv.mod.fix.bam	peacemaker-11-60-0.freeze11.snv.mod.fix.bam	peacemaker-11-7-0.freeze11.snv.mod.fix.bam	scavenger-11-0-0.freeze11.snv.mod.fix.bam	scavenger-11-60-0.freeze11.snv.mod.fix.bam	scavenger-11-7-0.freeze11.snv.mod.fix.bam	scavenger-12-7-0.freeze11.snv.mod.fix.bam
159753524-stool1.freeze11.snv.mod.fix.bam	0.0	0.158276108053	0.169263615881	0.1560800427	0.152829232415	0.149152690843	0.159355501385	0.430124959874	0.165291430936	0.157636516841	0.15979300786	0.162314072725	0.155605985973	0.165520412189	0.156787430187	0.162135742475	0.159587365066	0.160513135568	0.161045970664	0.154221544395	0.159433845403	0.165793261985	0.161643788798	0.153730030777	0.170082368118	0.162219783941	0.162430916666	0.153544057589	0.151726595647	0.163233570556	0.1665884729	0.164500332717	0.151700907568	0.148565344831	0.156631509978	0.167126636127	0.15069418789	0.150093048199	0.162307890486	0.159534916869	0.159381169657	0.158767014397	0.160149746887	0.154651163059	0.161964253786	0.169796496375	0.15802173612	0.162186479997	0.154773348836	0.162509886301	0.164320587605	0.156804667566	0.165077296269	0.147274984233	0.162669639673	0.144383602516	0.159263869486	0.151722939504	0.152115758729	0.16060500529	0.166395169371	0.146509578016	0.156268213632	0.160060217193	0.15007370224	0.175415514014	0.159729393693	0.154412309972	0.16848548072	0.352446192271	0.155107276662	0.165756380064	0.159938135853	0.163822001929	0.157082392447	0.16470319792	0.154056677743	0.154231516377	0.157014783155	0.155335070488	0.139761960013	0.158447805819	0.148457452121	0.156011546221	0.162615271786	0.163803867335	0.164653728447	0.160322908942	0.159603223417	0.159986614396	0.155655290688	0.156149150482	0.156756200839	0.15691842714	0.149275100826	0.150008449792	0.155119315028	0.15506376484	0.162104913104	0.170957967608	0.168879411535	0.156927536835
BYQ_AAAD.freeze11.snv.mod.fix.bam	0.158276108053	0.0	0.144837396619	0.129157793795	0.131434396357	0.132805653134	0.130720514769	0.422787368863	0.131359507362	0.140964440236	0.142585058208	0.127333815479	0.130159197529	0.140145852071	0.1320506291	0.142060429585	0.136905233659	0.133825304858	0.13959546809	0.13789307218	0.128151015974	0.128703205448	0.137010537669	0.131689063692	0.144329797795	0.129618319621	0.139117428265	0.134844483194	0.131569204966	0.145638095548	0.154595952865	0.147160128287	0.142016831371	0.134342239473	0.142093104025	0.142295236194	0.138852362109	0.139276223065	0.134411593091	0.140476795783	0.121264888343	0.138812024826	0.137260678123	0.130946609453	0.12731096764	0.138951404148	0.136427585357	0.133447375058	0.131308540007	0.14720540518	0.135773095623	0.129535494765	0.13971213283	0.12856141933	0.128012996972	0.130199619404	0.13030047871	0.129310663175	0.129091989547	0.129121287188	0.138200677169	0.127880085351	0.132333858554	0.12773685319	0.13523888264	0.148264807238	0.139485321576	0.136711662347	0.148971563629	0.352299765071	0.139194165825	0.150845075435	0.140157670359	0.145628850558	0.134803481532	0.143609722726	0.136476775051	0.137331172237	0.141220854912	0.140197938506	0.135066697201	0.148096800121	0.136630352401	0.14018369949	0.134647905604	0.134042805884	0.135117709387	0.132247740003	0.131754704935	0.132087987483	0.137423324688	0.138124769346	0.137976559659	0.138835838791	0.137541315708	0.137178935259	0.139255405387	0.139212751994	0.153508617472	0.160810089196	0.159688279136	0.149225955992
CCIS00146684ST-4-0.freeze11.snv.mod.fix.bam	0.169263615881	0.144837396619	0.0	0.138579332992	0.137745608324	0.136947845677	0.142747104931	0.429568139032	0.141951752948	0.14749861528	0.150379652589	0.143279196872	0.143905966283	0.146728877637	0.13998711272	0.148760592121	0.146751147021	0.140050173307	0.153346693737	0.154346352211	0.144414685932	0.146180575876	0.145849360302	0.138944689376	0.156984450244	0.145099537405	0.14226408748	0.144316698299	0.139987724819	0.151764901144	0.157371884812	0.153103937457	0.148465237193	0.143405799359	0.150390954297	0.157682597437	0.140242994881	0.139169580383	0.141255576535	0.158701577205	0.135500743326	0.14979994623	0.14990145972	0.141449560527	0.141252493287	0.151666272019	0.143329935791	0.143276371569	0.141222889251	0.146317253699	0.147154333061	0.139806971939	0.16026395472	0.144439553212	0.137436064076	0.13601660783	0.147217209724	0.143650225873	0.146887074612	0.135093583546	0.149334603255	0.139772636439	0.144298987784	0.140392647234	0.152014576716	0.158508945605	0.14884646929	0.148953561186	0.160525126131	0.354788274645	0.153543014383	0.163821766873	0.152790330801	0.154358309296	0.139109061444	0.154499256907	0.151257458397	0.148932122865	0.150149119932	0.151498273359	0.145777369605	0.148578656225	0.149345355138	0.147897934319	0.146701193249	0.143099180022	0.144535121181	0.145094308805	0.145105751779	0.144822393841	0.145508454806	0.145620889741	0.145982689392	0.14574089877	0.150560096063	0.150713240669	0.151396063777	0.153046704376	0.166145528791	0.172294226962	0.170938707354	0.161512255561
CCIS05314658ST-4-0.freeze11.snv.mod.fix.bam	0.1560800427	0.129157793795	0.138579332992	0.0	0.122312503497	0.123074476158	0.125239708352	0.42951895714	0.124410005667	0.129539618433	0.133967078536	0.123873245447	0.133684233058	0.136447652374	0.12359072112	0.127687814548	0.125186831669	0.125484553196	0.129243785197	0.131178371625	0.133270404026	0.138179991433	0.138843113878	0.130554232896	0.136696647662	0.126065211748	0.134732390436	0.136390738675	0.125277569922	0.138774864658	0.149837591869	0.140130836538	0.138389944029	0.13175496813	0.140379664088	0.138481018427	0.140402845989	0.139946308271	0.133500174757	0.139615620752	0.121823246954	0.138506759822	0.13397920315	0.124245387411	0.128121015387	0.132028830662	0.129920422082	0.13142919926	0.128939034132	0.134173332941	0.130840791897	0.119212913567	0.138731528918	0.127015969822	0.130471259196	0.127300925627	0.127854742425	0.128877758245	0.132016029517	0.129564019147	0.134183566958	0.124068031028	0.132943006168	0.120532671443	0.126346406009	0.139581397673	0.132647911982	0.124335750861	0.137541978643	0.350616982651	0.13198632073	0.137735462477	0.132913369847	0.142425141222	0.132137857397	0.143900551791	0.139554630628	0.133915429902	0.136341877083	0.134630162492	0.131325070628	0.145757043203	0.141349280817	0.135521124605	0.132445624412	0.129728286165	0.130037832864	0.128896340779	0.128716534007	0.128804475175	0.135212026171	0.135889157463	0.135869112919	0.136655034345	0.139820508577	0.139811343061	0.143173997527	0.140859219263	0.155546363332	0.161381742027	0.160057776133	0.150372505768
CCIS07277498ST-4-0.freeze11.snv.mod.fix.bam	0.152829232415	0.131434396357	0.137745608324	0.122312503497	0.0	0.115637925043	0.128441207655	0.43367769027	0.125438984756	0.127921675322	0.131107510314	0.118648795546	0.132018945203	0.129254334183	0.130231398203	0.133954678314	0.128142127298	0.127667965175	0.136363348214	0.133636650345	0.126908471834	0.130812843559	0.135542481734	0.123211437026	0.141293344904	0.12835755934	0.138037260061	0.129354210273	0.122610224582	0.137389075288	0.141645149889	0.142174665463	0.137782634852	0.133856002764	0.140028109745	0.140354309906	0.130355645926	0.131564044342	0.126910428322	0.13626628451	0.125517641191	0.129887801352	0.13395928219	0.122751740059	0.131464434155	0.130731247914	0.129877066652	0.131314033951	0.124041160277	0.129757388357	0.13179619776	0.122817651786	0.137903186798	0.121147948034	0.122344217221	0.121773751973	0.130361549779	0.123370226376	0.128623045618	0.120131618316	0.139311395916	0.12242747158	0.124080614417	0.122302499468	0.129781994625	0.147199235433	0.132561388682	0.129352094417	0.141274383354	0.35648870343	0.133137069841	0.146526451769	0.134596070903	0.135346230415	0.130028559315	0.143896613458	0.138040879939	0.12539726888	0.136538837352	0.136454270338	0.132788081994	0.140274455384	0.136288612456	0.133861830276	0.129065949503	0.127239161719	0.12794900321	0.127562894373	0.127179590525	0.127446192367	0.128311843273	0.128806431779	0.129308481678	0.129132983542	0.13153880459	0.131307249375	0.133913643253	0.133979662555	0.147194682857	0.153559287308	0.152251903231	0.143511326656
CCIS11015875ST-4-0.freeze11.snv.mod.fix.bam	0.149152690843	0.132805653134	0.136947845677	0.123074476158	0.115637925043	0.0	0.135250040625	0.433943130243	0.130347348256	0.128177931397	0.129538827937	0.124187505886	0.133885241029	0.13494794091	0.123800505253	0.131927725456	0.128530953694	0.129114986268	0.131793351351	0.135824154585	0.123648714865	0.130341232539	0.130176869937	0.124299129321	0.141706506036	0.13460648996	0.136878377334	0.134293227243	0.12215251076	0.140010153406	0.147422590813	0.14402050463	0.137073911739	0.133067510267	0.132594311153	0.138941951931	0.137243571757	0.13727781456	0.1282441537	0.141080045732	0.124589190022	0.135975436908	0.142134104678	0.123109697149	0.131043336101	0.136880009728	0.134093891179	0.134718446473	0.127182676832	0.133262733939	0.134940382111	0.125461072209	0.138447793105	0.12798258817	0.122997185635	0.125705098584	0.134622144279	0.131287731339	0.132511816789	0.126475925987	0.134918389283	0.127847530486	0.133742625793	0.122223197326	0.131701960365	0.149475478645	0.134107313977	0.130048736687	0.144379019895	0.356682240751	0.13896422738	0.146234394651	0.127991596667	0.138390643346	0.121047265778	0.146212430452	0.139365424137	0.133671488402	0.138706271465	0.132262028954	0.135342333681	0.143229200292	0.135815106907	0.134944537513	0.13004842414	0.126820504479	0.128367305825	0.127889048539	0.127743015785	0.127474621978	0.131871408397	0.132685072815	0.134571202249	0.132847348082	0.135969025138	0.135773814337	0.1375801254	0.137748587852	0.150944780975	0.157289540684	0.156269243582	0.147255213645
CCIS20795251ST-4-0.freeze11.snv.mod.fix.bam	0.159355501385	0.130720514769	0.142747104931	0.125239708352	0.128441207655	0.135250040625	0.0	0.422419334008	0.127646662647	0.1411115727	0.131744847125	0.125061437676	0.128504329735	0.13830311887	0.129242625514	0.136936458557	0.136691266099	0.132088327737	0.14535254144	0.136043026758	0.132644016203	0.136118803109	0.132305206289	0.12808531567	0.139881073732	0.133268250772	0.138265582658	0.12595508255	0.12935652023	0.143189526174	0.148474461298	0.14491974357	0.1334838372	0.131727346576	0.141594965124	0.141628527389	0.130728451255	0.130906591566	0.133960055339	0.14111477539	0.122857890128	0.129313080741	0.136137938805	0.127328099848	0.12568050392	0.139490862363	0.128985394282	0.128687626874	0.122391422943	0.138794257443	0.136211612878	0.120790179035	0.142980305975	0.125324032496	0.128108985155	0.128030929951	0.125959970213	0.124548993005	0.126863849267	0.126550112759	0.141243034491	0.122272863492	0.132207580543	0.126357843361	0.130954795224	0.149156868542	0.131263815128	0.129633905167	0.152873896519	0.352896217647	0.13329577096	0.146241193197	0.134732296374	0.140285890403	0.128467744138	0.142799513242	0.129608688236	0.131030241266	0.13330528129	0.138359772902	0.132586688315	0.143299154818	0.132635990014	0.130387280808	0.133513768662	0.131901478285	0.13322992283	0.131047520248	0.130490192257	0.130751681099	0.138358825971	0.138763219969	0.139641815766	0.13974812725	0.131672940594	0.131453478604	0.133537996609	0.135231548157	0.148821275479	0.157143418365	0.155455179038	0.144573191743
CCIS27927933ST-4-0.freeze11.snv.mod.fix.bam	0.430124959874	0.422787368863	0.429568139032	0.42951895714	0.43367769027	0.433943130243	0.422419334008	0.0	0.420850112943	0.437571052262	0.429479532436	0.428653518833	0.412224013318	0.416765285584	0.429753130604	0.453840512576	0.440621594315	0.437793860343	0.436821894309	0.430396216901	0.421941588484	0.415873069347	0.417995868434	0.420884445894	0.413534771588	0.416895540019	0.429930110172	0.414120693394	0.4294399545	0.436003931362	0.431369784101	0.43735006144	0.418082563835	0.423318029067	0.430357515364	0.434514267324	0.430118494474	0.427977352763	0.430430529491	0.418646885324	0.425753811198	0.410823062627	0.415330271562	0.425836691394	0.41995200659	0.43493121533	0.410439771309	0.406344872269	0.422768387839	0.425063102382	0.422500918453	0.429734556997	0.434529225121	0.418822728488	0.423289563396	0.421498425314	0.423312166172	0.425733049233	0.419107466478	0.426250979866	0.430858472637	0.426348341275	0.419846319146	0.435096591347	0.43493580354	0.42009990472	0.431199619194	0.430439498629	0.446495255832	0.228117907871	0.422153842488	0.443249590393	0.428661619149	0.416780719966	0.426308617999	0.4274573782	0.408562229229	0.419166876637	0.416863021386	0.419007304383	0.428087286743	0.415532943248	0.414034292158	0.419152448807	0.436526201486	0.435376907666	0.438939429987	0.436954656621	0.436206837046	0.436487490423	0.434720935148	0.435517691521	0.438205259176	0.436392135025	0.421944738687	0.421408118384	0.413809713146	0.424571190046	0.423700629718	0.427941930913	0.427401587825	0.424565931164
CCIS41288781ST-4-0.freeze11.snv.mod.fix.bam	0.165291430936	0.131359507362	0.141951752948	0.124410005667	0.125438984756	0.130347348256	0.127646662647	0.420850112943	0.0	0.135126457273	0.134139704049	0.103965283928	0.132246217216	0.143376668996	0.129597323318	0.140939839448	0.134814704896	0.128326897334	0.135660606405	0.138110236474	0.133539406657	0.137546699511	0.138480302689	0.132133762048	0.144028253627	0.13677006978	0.144172166086	0.137179108809	0.128480105733	0.142405096986	0.151184477547	0.147563785783	0.144676854759	0.14148828843	0.144277302031	0.146385556598	0.139158274776	0.139972623034	0.139869167046	0.136440452895	0.12422038338	0.142695848684	0.139415028576	0.126458925062	0.130166856678	0.14079018377	0.135107096592	0.13531002982	0.131461412419	0.134539819843	0.138962777354	0.122646279344	0.141795075538	0.13420818903	0.126251210591	0.130172595297	0.130515808281	0.13032278686	0.137512531456	0.126079797179	0.141362540184	0.132781133764	0.133207750019	0.126248943205	0.132863877805	0.143602604702	0.137289593674	0.134936537667	0.146273913513	0.349281684038	0.133642828219	0.142462206034	0.135512728595	0.139678590522	0.135130253271	0.14714565418	0.144137738202	0.137797685861	0.141479570016	0.136250615806	0.141923511485	0.147428709857	0.139801358587	0.135889830816	0.137651363287	0.13395153671	0.135750937208	0.135299881	0.134946879885	0.135199830986	0.141235342127	0.141873259735	0.143164582259	0.142410740053	0.139973851641	0.140279692686	0.142179578651	0.140216255383	0.156421725341	0.16342880772	0.162038909647	0.152342242095
CCIS41692898ST-4-0.freeze11.snv.mod.fix.bam	0.157636516841	0.140964440236	0.14749861528	0.129539618433	0.127921675322	0.128177931397	0.1411115727	0.437571052262	0.135126457273	0.0	0.133218304448	0.135546233198	0.138894064026	0.145463571669	0.131228529668	0.136713709085	0.13166854172	0.127487009058	0.132651686504	0.136678691377	0.133833121092	0.138755726849	0.146205688766	0.13311097001	0.147616576545	0.138024199421	0.140836032101	0.139139843323	0.130361836681	0.146703619696	0.161377589894	0.149456842744	0.148207289071	0.138943646803	0.148471587903	0.145219387642	0.152220650844	0.152961767205	0.136723809898	0.135625546326	0.130112421788	0.140922087847	0.140675173108	0.130292609523	0.135564407174	0.140672895779	0.140880528552	0.141179328111	0.132605826936	0.137266444985	0.134820558213	0.13259685577	0.144183897523	0.132135863792	0.133607879084	0.133839195532	0.137442637379	0.13417626683	0.140091935542	0.134592068379	0.148340499197	0.133271621869	0.137630340251	0.133557615589	0.13313677025	0.148115970153	0.137990601322	0.134549586183	0.144247007998	0.361255152064	0.137638906285	0.141647160487	0.137990903555	0.146533690422	0.136637635973	0.155523224616	0.146684868068	0.14431199377	0.14242128593	0.147668210609	0.139894441339	0.154560363975	0.146438327369	0.142862602248	0.137807121244	0.13563205636	0.137483571703	0.136218715933	0.136367676118	0.136180905704	0.141137867183	0.141729344327	0.141539277099	0.142262217081	0.142700805132	0.143183356825	0.146099603098	0.145152080021	0.152442219257	0.157226852442	0.156260163891	0.149478375755
CCIS44757994ST-4-0.freeze11.snv.mod.fix.bam	0.15979300786	0.142585058208	0.150379652589	0.133967078536	0.131107510314	0.129538827937	0.131744847125	0.429479532436	0.134139704049	0.133218304448	0.0	0.136560942862	0.13447310232	0.136568246608	0.129017791179	0.134679964072	0.128304953687	0.13260799527	0.136706836251	0.13227551805	0.139718841096	0.146854725907	0.134668949694	0.136471227662	0.144029070643	0.130572010058	0.143898698932	0.132259052091	0.126916281813	0.145513660312	0.15479797829	0.156718589794	0.141186195569	0.141385641607	0.144619473961	0.15282723677	0.141323742563	0.141489563032	0.130513724739	0.141687838053	0.124838289098	0.13775146768	0.135331092203	0.124176398881	0.125660888931	0.138495907048	0.131977613558	0.133610382015	0.126493081279	0.133741948366	0.133552909071	0.132907327094	0.142415310331	0.128588086009	0.135164310864	0.133554024637	0.132162905042	0.123600987632	0.130040923748	0.123004768741	0.144143683298	0.126263664226	0.136765665707	0.126401388085	0.131262541296	0.145757217068	0.12718332781	0.127749395403	0.143168339383	0.350359754162	0.12973279666	0.14623509863	0.130536278858	0.141860616619	0.139445788355	0.155606740158	0.146322365084	0.143149409743	0.142183982274	0.145127402067	0.139048160849	0.151818657032	0.144702001319	0.138476097333	0.126293007041	0.126032555659	0.127521912131	0.126342389081	0.12639589122	0.126309675483	0.136766097848	0.136643552335	0.138061364905	0.137396835227	0.13310392457	0.132811586516	0.137197791095	0.137255996385	0.141288148085	0.145461317653	0.144634679442	0.139545954344
CCIS78100604ST-4-0.freeze11.snv.mod.fix.bam	0.162314072725	0.127333815479	0.143279196872	0.123873245447	0.118648795546	0.124187505886	0.125061437676	0.428653518833	0.103965283928	0.135546233198	0.136560942862	0.0	0.132862444924	0.131494907445	0.129308973745	0.138058942434	0.135265962579	0.131970467385	0.135584555138	0.137500257273	0.135436007044	0.14151485876	0.130642815706	0.128707878953	0.142217339016	0.128329622677	0.140890905185	0.130028216136	0.125278235039	0.140225616818	0.149172651486	0.144472921869	0.141907551862	0.141207844929	0.141213045465	0.138195720602	0.134487489358	0.135455543012	0.120352500456	0.135170591303	0.124095877539	0.136596272099	0.137984661117	0.126556299545	0.127586684648	0.13045012205	0.128800099283	0.134207080017	0.127480672628	0.132306972845	0.135352338144	0.118593306014	0.141196729568	0.122783142469	0.120987721151	0.12921532981	0.125573835129	0.121352396985	0.124584915307	0.121265522013	0.139512470154	0.126224445236	0.130904829134	0.122747502033	0.135681871453	0.149355608654	0.13691157304	0.133149973242	0.139481416681	0.350373190995	0.138700120133	0.148773024308	0.137684512931	0.135789607112	0.129405164152	0.145166356307	0.14237043295	0.137499409097	0.140832918615	0.13943708942	0.138124715345	0.147587003928	0.141189999348	0.137595159032	0.131709842652	0.128475756451	0.129573241407	0.129625404972	0.129482255251	0.129684910904	0.128948923388	0.129357490243	0.129485741253	0.129804436659	0.137023317437	0.136795305126	0.139549540878	0.138545158716	0.153543818676	0.159722518394	0.159180084654	0.148945575107
CCIS94603952ST-4-0.freeze11.snv.mod.fix.bam	0.155605985973	0.130159197529	0.143905966283	0.133684233058	0.132018945203	0.133885241029	0.128504329735	0.412224013318	0.132246217216	0.138894064026	0.13447310232	0.132862444924	0.0	0.142222590352	0.131015758836	0.145860038265	0.13623736665	0.138369966923	0.141807182815	0.13661720474	0.129605189074	0.129661084522	0.137713840646	0.13138250617	0.142150592138	0.13082375681	0.144879903446	0.130985620488	0.134818776512	0.147143960381	0.158584591254	0.153615394914	0.130384284205	0.124308118899	0.144071233873	0.154790395154	0.137396888317	0.137469387089	0.13722601093	0.140114747529	0.127632743277	0.127338657772	0.129347497317	0.124284319452	0.124880097303	0.143678005403	0.13386551001	0.125590915325	0.118851704097	0.137640978301	0.139671879158	0.132121653482	0.147975492421	0.117456278025	0.13245237277	0.121823816839	0.12698211928	0.122442414206	0.123304754024	0.133755046022	0.145247827851	0.119238649745	0.129739282848	0.129885978855	0.130420736992	0.145442218653	0.134137090697	0.126646718149	0.154375782082	0.337504804685	0.127661145135	0.152958049387	0.138295638884	0.143015670883	0.134731817767	0.146804927362	0.127792760128	0.134991786342	0.132706039691	0.14187150379	0.126976167308	0.135418991303	0.132805852333	0.13160650794	0.136156916238	0.135932265601	0.137792225697	0.134364656377	0.133525934019	0.13379332811	0.138923186254	0.139124748373	0.13978284137	0.140606984086	0.126489932352	0.127601514104	0.12916217243	0.132395940775	0.147493155167	0.158153733523	0.155762260422	0.141292534953
CCMD11006829ST-21-0.freeze11.snv.mod.fix.bam	0.165520412189	0.140145852071	0.146728877637	0.136447652374	0.129254334183	0.13494794091	0.13830311887	0.416765285584	0.143376668996	0.145463571669	0.136568246608	0.131494907445	0.142222590352	0.0	0.135683834766	0.143455033804	0.143407999301	0.13874750299	0.150145340189	0.141609078904	0.143605730401	0.143352061134	0.136607722782	0.132530961534	0.146969969195	0.139773590493	0.144605151235	0.134415217934	0.13186482507	0.146346746818	0.154242006667	0.15290682184	0.149283706082	0.144086212509	0.147519397923	0.156379852345	0.142938978039	0.141752915926	0.128111299626	0.140629203748	0.131969266265	0.139059625437	0.143559337154	0.131984630677	0.134147784847	0.138072860432	0.130320980206	0.13820700297	0.132645922413	0.14333219447	0.144380629719	0.133290704849	0.148907324013	0.128899225113	0.127133102452	0.135075388501	0.138888746086	0.13599144218	0.134349593806	0.128131164057	0.143090155895	0.13217521378	0.135752192724	0.133934659641	0.143972010753	0.155679956304	0.142178015088	0.13708721497	0.15950773154	0.336270461634	0.141973641273	0.15076583403	0.139771061126	0.144393009925	0.138923692573	0.152705792575	0.147179817733	0.141902468527	0.147756693293	0.142942678897	0.139423481892	0.154235658849	0.146878827892	0.144708362949	0.139788049438	0.136253548681	0.138027196153	0.138175054273	0.13809140398	0.138431365256	0.139544862755	0.140441248188	0.140535226378	0.140426592023	0.143976553303	0.143683535929	0.14491979303	0.145515678609	0.156862405683	0.163382531246	0.162568554167	0.15335491198
CCMD12232071ST-21-0.freeze11.snv.mod.fix.bam	0.156787430187	0.1320506291	0.13998711272	0.12359072112	0.130231398203	0.123800505253	0.129242625514	0.429753130604	0.129597323318	0.131228529668	0.129017791179	0.129308973745	0.131015758836	0.135683834766	0.0	0.135437658812	0.133509282936	0.129146398875	0.136186818264	0.134090257941	0.128813621844	0.132493333944	0.12993639391	0.132117468197	0.14316922764	0.133278246601	0.135316991153	0.135160261684	0.129761072035	0.136505372029	0.153509373267	0.141732702941	0.138879302639	0.134956437047	0.143039569038	0.137235705795	0.137779882523	0.138652753328	0.125465200879	0.132228598468	0.121793135327	0.132195271667	0.134642696558	0.125134192132	0.120781666656	0.134847766924	0.129079054765	0.13150248173	0.121838013533	0.119591235844	0.131533131453	0.129983302361	0.140308209356	0.127011749889	0.118143972028	0.129319422875	0.13266838334	0.128637798739	0.128351569278	0.12051828825	0.136093528106	0.12288020884	0.131470104792	0.126929832025	0.13180726577	0.14586857013	0.133504967301	0.131696110451	0.144152709335	0.355475667607	0.128344256661	0.141923043193	0.129761507211	0.136697066445	0.132844449952	0.148666449663	0.143416210866	0.134195182439	0.138495579287	0.138320907111	0.136483706454	0.147080561793	0.139341755544	0.133630442817	0.13184819521	0.128243701133	0.12975168364	0.130452238339	0.130239259996	0.130096132933	0.135882746361	0.136024565761	0.136485097211	0.136783569716	0.134495487807	0.133989434692	0.137865884935	0.135383645896	0.154295504457	0.159978538205	0.158715543284	0.149548296698
DLM012.freeze11.snv.mod.fix.bam	0.162135742475	0.142060429585	0.148760592121	0.127687814548	0.133954678314	0.131927725456	0.136936458557	0.453840512576	0.140939839448	0.136713709085	0.134679964072	0.138058942434	0.145860038265	0.143455033804	0.135437658812	0.0	0.11016411886	0.105916607388	0.107777451963	0.118357911372	0.141538436401	0.145641729847	0.149109875636	0.142001400101	0.144667556472	0.135990349173	0.143940104625	0.137580921158	0.124686685292	0.144704777905	0.158875695711	0.141367018453	0.151912017325	0.142743736932	0.153313122519	0.147536302153	0.144553771872	0.144829974845	0.13820601137	0.148363304379	0.129934757442	0.14627193386	0.149494813864	0.132154351723	0.134380053814	0.138087751258	0.140487564217	0.145759580483	0.129362904762	0.135178714566	0.133873430708	0.131901842687	0.142231317543	0.139241980935	0.135441951852	0.135977298728	0.140129465806	0.131987183685	0.14143720138	0.138288534572	0.13822231107	0.129800919242	0.144803529823	0.125280692776	0.10660521067	0.139771106476	0.118248144154	0.113123557069	0.119160703419	0.370115633047	0.123035212041	0.115248112589	0.124610092655	0.147852902629	0.135576051425	0.155735693942	0.152099654341	0.142841411817	0.150546965653	0.146176843429	0.14170454652	0.158629335801	0.151985025091	0.142494311033	0.131173172401	0.128594735804	0.129323627335	0.129943087688	0.130096848796	0.129554780997	0.143638604328	0.144459552155	0.144101065443	0.144443156945	0.147920234572	0.147605447207	0.152134578114	0.149652924857	0.153025670547	0.156558139063	0.156227203936	0.150773005866
DOF008.freeze11.snv.mod.fix.bam	0.159587365066	0.136905233659	0.146751147021	0.125186831669	0.128142127298	0.128530953694	0.136691266099	0.440621594315	0.134814704896	0.13166854172	0.128304953687	0.135265962579	0.13623736665	0.143407999301	0.133509282936	0.11016411886	0.0	0.114430741567	0.117063060127	0.121373661535	0.141337236191	0.14425028388	0.136355299771	0.139270923521	0.140907880696	0.132010544697	0.147765220377	0.131883118416	0.120972527047	0.143537359486	0.156321051399	0.15197389766	0.146438259858	0.139105309301	0.145372623201	0.146503477988	0.139818679936	0.140068215244	0.132092042001	0.142673088137	0.124271069711	0.141469678187	0.1397533256	0.125045080188	0.12666069229	0.135586884643	0.132455732177	0.137533169883	0.126565289817	0.131367767821	0.131983558103	0.127528522944	0.142035119525	0.13317840701	0.132800222267	0.134021980482	0.135653192577	0.12252201677	0.134056669978	0.127715010563	0.139508693051	0.129038789634	0.136181208595	0.11906528291	0.113172658038	0.14180601789	0.114937315626	0.113013157297	0.115174100093	0.361643841099	0.124594389435	0.12604886895	0.123929283738	0.142300546558	0.1336336522	0.153726743177	0.14715358432	0.144291465196	0.148404715207	0.139329481251	0.138440115863	0.155336289761	0.14723119774	0.1407786922	0.129313515913	0.127544661038	0.127801936182	0.127468246438	0.127596305698	0.127037801987	0.143957645345	0.144645412153	0.145038866325	0.145172103277	0.139350967357	0.139635980226	0.140796121295	0.141581588112	0.150186109562	0.154800631958	0.15384162755	0.146653704432
ED12A.freeze11.snv.mod.fix.bam	0.160513135568	0.133825304858	0.140050173307	0.125484553196	0.127667965175	0.129114986268	0.132088327737	0.437793860343	0.128326897334	0.127487009058	0.13260799527	0.131970467385	0.138369966923	0.13874750299	0.129146398875	0.105916607388	0.114430741567	0.0	0.114452516303	0.11888166401	0.133052790116	0.138978033583	0.140920316961	0.131567964371	0.1447250592	0.129217374344	0.139456700213	0.130795483543	0.119547831481	0.138831870154	0.151424442333	0.145444173855	0.142776936375	0.132566251489	0.145501049013	0.140889524316	0.143402441214	0.144727388801	0.138552869017	0.139147938914	0.119468243513	0.143312321635	0.142666347745	0.128264395478	0.126687176809	0.136088379942	0.133196973159	0.131956483555	0.129496289706	0.134888521567	0.135757218152	0.125797248961	0.138006769923	0.136537667587	0.130937656951	0.130810814576	0.133383453572	0.128271130078	0.137961726141	0.133251811547	0.136638590958	0.126634581181	0.134709134636	0.125645047616	0.111575991314	0.140117003773	0.124245136008	0.118771486796	0.117647445596	0.35706390135	0.12275830001	0.12065917807	0.114930818956	0.141781860842	0.131364007142	0.146369783817	0.14513176044	0.137884613453	0.14517226473	0.143046640199	0.134928715571	0.149064054851	0.143286899504	0.136399382637	0.133215870422	0.131001533739	0.131566390139	0.131886579818	0.131957077094	0.131452569372	0.141489042853	0.142035421167	0.141995482211	0.142526069156	0.139926487021	0.139710794954	0.143198587886	0.14214755067	0.154779968775	0.159628045727	0.158603642654	0.150501242582
ED50A.freeze11.snv.mod.fix.bam	0.161045970664	0.13959546809	0.153346693737	0.129243785197	0.136363348214	0.131793351351	0.14535254144	0.436821894309	0.135660606405	0.132651686504	0.136706836251	0.135584555138	0.141807182815	0.150145340189	0.136186818264	0.107777451963	0.117063060127	0.114452516303	0.0	0.114279197313	0.137714710958	0.149770534077	0.147125294051	0.138984746974	0.146324479949	0.134339280755	0.144551579701	0.137198773777	0.130041233291	0.148982826314	0.156885757559	0.147779374229	0.149955040827	0.137538469362	0.150150096161	0.144477784851	0.146454704153	0.146334425877	0.143033046773	0.142050702805	0.13105326459	0.143159986169	0.146834842804	0.133877879945	0.131269996492	0.142742530221	0.139160641506	0.143047080104	0.13249856451	0.132883406674	0.138351308468	0.1354609588	0.147764312383	0.136583608836	0.138469091386	0.135045641976	0.134973787161	0.133790620882	0.138455450035	0.142216066463	0.142915687831	0.131073844393	0.141746692975	0.128311835473	0.111750032642	0.14075887619	0.122703849684	0.121861918716	0.124981000188	0.355701294188	0.123293116833	0.120545901613	0.132279783083	0.149961025038	0.13707822096	0.156874711313	0.151896972239	0.146888590041	0.148461147954	0.146800696322	0.139292600217	0.153502824179	0.150072177954	0.142289836285	0.136730976728	0.134360738509	0.135240604361	0.134475502833	0.134251371695	0.134696187827	0.146726092641	0.146992172236	0.147977874474	0.147904296979	0.144433672545	0.143855338432	0.147701975365	0.146296109469	0.155455919219	0.16062682548	0.159700073094	0.151677216752
HT8A.freeze11.snv.mod.fix.bam	0.154221544395	0.13789307218	0.154346352211	0.131178371625	0.133636650345	0.135824154585	0.136043026758	0.430396216901	0.138110236474	0.136678691377	0.13227551805	0.137500257273	0.13661720474	0.141609078904	0.134090257941	0.118357911372	0.121373661535	0.11888166401	0.114279197313	0.0	0.136613194698	0.14225943	0.147005676045	0.136715685448	0.144484440491	0.133770558165	0.148832561254	0.129975139034	0.125514665795	0.146861473228	0.160149610476	0.15038213991	0.140606029665	0.135262748563	0.145901923191	0.147685232081	0.140940652959	0.140078090599	0.138786088498	0.141439679874	0.129503627642	0.137963397394	0.139543996597	0.130755322532	0.133640461689	0.141243606403	0.136230065388	0.13444114989	0.12567147808	0.136573061528	0.138452282303	0.130894997925	0.143443000024	0.126817355616	0.1394128686	0.128810030968	0.133156932792	0.123364298868	0.131974949055	0.135556933072	0.139977304389	0.123932839993	0.133684863585	0.130645812593	0.106707149289	0.138633779387	0.118224400575	0.115706263107	0.130220411898	0.341979926907	0.111008942804	0.12733402088	0.130208751097	0.145893390942	0.137968554904	0.153413004152	0.139705405711	0.137327862863	0.147402015263	0.140984113408	0.132958246735	0.147952837745	0.142822621592	0.137114162001	0.131160223553	0.130952448776	0.132406524834	0.129391550639	0.128651372366	0.129440667196	0.142590844105	0.143159032424	0.144098124339	0.144395996531	0.132655376736	0.133147355966	0.136607977895	0.136988957648	0.149168816748	0.157515843481	0.156243907294	0.144822559622
M3.3-V3.metaG.freeze11.snv.mod.fix.bam	0.159433845403	0.128151015974	0.144414685932	0.133270404026	0.126908471834	0.123648714865	0.132644016203	0.421941588484	0.133539406657	0.133833121092	0.139718841096	0.135436007044	0.129605189074	0.143605730401	0.128813621844	0.141538436401	0.141337236191	0.133052790116	0.137714710958	0.136613194698	0.0	0.0167707426474	0.138944376307	0.130138440396	0.14132686488	0.125617315644	0.138033198546	0.13266570728	0.132134862662	0.142812704399	0.145421232742	0.147621798937	0.136707422676	0.133673730565	0.147170936587	0.145473883626	0.138254992299	0.138159974378	0.136857542663	0.140687006225	0.124213955257	0.131840183641	0.136735765154	0.130339674868	0.127423308476	0.142083027194	0.131640549688	0.135719739659	0.129718975189	0.138374651014	0.139720277138	0.133958307182	0.142827269438	0.12966978026	0.129898001031	0.125421330713	0.135268592334	0.130802488085	0.132655400735	0.131089052451	0.142392619435	0.127207006656	0.131816587677	0.136037254218	0.133816684986	0.149884861121	0.138519918407	0.134338992609	0.150594550673	0.345008156463	0.134763835782	0.152321783589	0.139822656322	0.143469549316	0.129732748064	0.148825913276	0.135753950907	0.132439225205	0.137402596571	0.144648628522	0.13541609187	0.147755859704	0.134962684688	0.134142381458	0.13960922099	0.137964703548	0.139387371566	0.137677228555	0.13724663579	0.13780750691	0.139187546578	0.139672937573	0.141206181428	0.140152499354	0.133979902672	0.133028876986	0.136031702971	0.136335380587	0.155817439775	0.163413735722	0.162350281786	0.151150382967
M3.3-V3.metaT.freeze11.snv.mod.fix.bam	0.165793261985	0.128703205448	0.146180575876	0.138179991433	0.130812843559	0.130341232539	0.136118803109	0.415873069347	0.137546699511	0.138755726849	0.146854725907	0.14151485876	0.129661084522	0.143352061134	0.132493333944	0.145641729847	0.14425028388	0.138978033583	0.149770534077	0.14225943	0.0167707426474	0.0	0.144773490721	0.135729556043	0.147776019572	0.134978662044	0.14187672428	0.139104512324	0.137007131934	0.14939814937	0.150525571915	0.152946436819	0.145933952927	0.138701801524	0.148126177263	0.145348441574	0.139415746842	0.140372513501	0.140787227877	0.146316561018	0.134034597511	0.131442418535	0.138379383387	0.138501053943	0.136406796814	0.146467320656	0.137137243104	0.134927364747	0.135030558328	0.14718908718	0.14431638752	0.139689826671	0.146414983886	0.138010071781	0.135777537488	0.12748949857	0.134616570835	0.136639780167	0.138722180602	0.132765658356	0.15033310502	0.134563358893	0.137971432705	0.14425330782	0.139075401849	0.154241590947	0.14302846752	0.137539723671	0.158203876593	0.326013828696	0.139178048054	0.159388138572	0.139206511643	0.143272798973	0.132266417945	0.154808783793	0.140883298099	0.134343030786	0.144713914561	0.151438124074	0.141423910094	0.1497734897	0.140655997265	0.139750101796	0.146076898374	0.143786237777	0.145963439952	0.143600165907	0.143305233073	0.143344823356	0.146323280464	0.147400308624	0.148990896995	0.147875310762	0.138463548498	0.137936027332	0.140941353284	0.142508297165	0.162140070206	0.169597317863	0.168732363122	0.15631315133
M3.5-V1.metaT.freeze11.snv.mod.fix.bam	0.161643788798	0.137010537669	0.145849360302	0.138843113878	0.135542481734	0.130176869937	0.132305206289	0.417995868434	0.138480302689	0.146205688766	0.134668949694	0.130642815706	0.137713840646	0.136607722782	0.12993639391	0.149109875636	0.136355299771	0.140920316961	0.147125294051	0.147005676045	0.138944376307	0.144773490721	0.0	0.140964353341	0.147285839773	0.140288497836	0.14655462113	0.139750406087	0.131426027769	0.146113010413	0.156496759341	0.156891495478	0.144783098803	0.143996147772	0.147658099954	0.153334098672	0.142750847756	0.142513724559	0.134312499056	0.144063604875	0.135337074536	0.140329697555	0.142397829875	0.132531784038	0.137804192925	0.142846488172	0.134638514821	0.140993834251	0.133837335041	0.13917145058	0.142187269206	0.128745964354	0.143706237162	0.130503795896	0.131048055303	0.13135825237	0.140543182056	0.13389311812	0.128783601358	0.123748058385	0.147528936477	0.131632032016	0.142169627989	0.131389806018	0.143436258909	0.158090249497	0.140672283093	0.139786805222	0.159112384752	0.341996236133	0.139891473466	0.158327676766	0.139738435372	0.144316410811	0.136882324743	0.15814971246	0.145707278548	0.146948215648	0.145928434604	0.147000976238	0.14358860654	0.153655728109	0.143815999461	0.137988808863	0.140377938458	0.137601362631	0.139469047429	0.138895218506	0.138444998136	0.13876217832	0.140939259072	0.142082028594	0.143445980084	0.142894484447	0.137269295431	0.136888304211	0.137643546646	0.137692495853	0.155134298214	0.161117446851	0.159773229541	0.152510475868
