	CCIS02856720ST-4-0.freeze11.snv.mod.fix.bam	CCIS07539127ST-4-0.freeze11.snv.mod.fix.bam	CCIS07648107ST-4-0.freeze11.snv.mod.fix.bam	CCIS22275061ST-4-0.freeze11.snv.mod.fix.bam	CCIS29688262ST-20-0.freeze11.snv.mod.fix.bam	CCIS41222843ST-4-0.freeze11.snv.mod.fix.bam	CCIS44676181ST-4-0.freeze11.snv.mod.fix.bam	CCIS63448910ST-4-0.freeze11.snv.mod.fix.bam	CCIS72607085ST-4-0.freeze11.snv.mod.fix.bam	CCIS88317640ST-4-0.freeze11.snv.mod.fix.bam	CCIS93040568ST-20-0.freeze11.snv.mod.fix.bam	CCIS95097901ST-4-0.freeze11.snv.mod.fix.bam	M3.5-V1.metaT.freeze11.snv.mod.fix.bam	MMRS35808664ST-27-0-0.freeze11.snv.mod.fix.bam	NG-5636_312.freeze11.snv.mod.fix.bam	NG-5636_317.freeze11.snv.mod.fix.bam	NG-5636_349.freeze11.snv.mod.fix.bam	NG-5636_367.freeze11.snv.mod.fix.bam	NG-5636_381.freeze11.snv.mod.fix.bam	NG-5636_384.freeze11.snv.mod.fix.bam	NG-5636_457.freeze11.snv.mod.fix.bam	NG-5636_472.freeze11.snv.mod.fix.bam	SAMEA3136631.freeze11.snv.mod.fix.bam	SAMEA3136635.freeze11.snv.mod.fix.bam	SAMEA3136636.freeze11.snv.mod.fix.bam	SAMEA3136638.freeze11.snv.mod.fix.bam	SAMEA3136646.freeze11.snv.mod.fix.bam	SAMEA3136648.freeze11.snv.mod.fix.bam	SAMEA3136649.freeze11.snv.mod.fix.bam	SAMEA3136656.freeze11.snv.mod.fix.bam	SAMEA3136660.freeze11.snv.mod.fix.bam	SAMEA3136661.freeze11.snv.mod.fix.bam	SAMEA3136711.freeze11.snv.mod.fix.bam	SAMEA3136714.freeze11.snv.mod.fix.bam	SAMEA3136733.freeze11.snv.mod.fix.bam	SAMEA3136739.freeze11.snv.mod.fix.bam	V1.CD3-0-PT.freeze11.snv.mod.fix.bam	V1.CD32-4.freeze11.snv.mod.fix.bam	V1.CD8-0-PN.freeze11.snv.mod.fix.bam	V1.FI30.freeze11.snv.mod.fix.bam	V1.UC31-4.freeze11.snv.mod.fix.bam	V1.UC38-4.freeze11.snv.mod.fix.bam	alien-11-376-0.freeze11.snv.mod.fix.bam	peacemaker-11-60-0.freeze11.snv.mod.fix.bam	scavenger-11-392-0.freeze11.snv.mod.fix.bam	scavenger-11-60-0.freeze11.snv.mod.fix.bam
CCIS02856720ST-4-0.freeze11.snv.mod.fix.bam	0.0	0.171397663361	0.152416225712	0.0684669176959	0.156469975167	0.160204658265	0.153792312583	0.0227428047466	0.14517836278	0.182052189926	0.128572283805	0.157984624257	0.168750665166	0.0218253489435	0.177443682778	0.176583270685	0.174917355309	0.16444439298	0.171575349941	0.159908885742	0.138179091955	0.171197620281	0.144105413285	0.172931089325	0.147728805656	0.164460070858	0.131774664905	0.149763168668	0.15035358219	0.162417248167	0.164986221433	0.135761521356	0.161437146025	0.158794347611	0.165612509084	0.170481733157	0.145389055164	0.170192202113	0.110600256621	0.155602425997	0.138320235447	0.166828786518	0.161387475539	0.14980751418	0.168837160417	0.129125584712
CCIS07539127ST-4-0.freeze11.snv.mod.fix.bam	0.171397663361	0.0	0.090944849732	0.168035105414	0.0618556065994	0.0677472820366	0.0934567493594	0.187760487067	0.142408688752	0.059244352339	0.1019055769	0.112028036272	0.0958392480724	0.183918146232	0.0615243133859	0.104536097283	0.0906759974029	0.058621524518	0.088589368958	0.117014209281	0.0557497399084	0.0877032632468	0.168126953491	0.0965486592729	0.101770808507	0.0183814549911	0.111059978903	0.140758091009	0.104547664258	0.116458556788	0.111920104502	0.0720495845191	0.110526292281	0.11686380409	0.085994699742	0.0981795647837	0.145017574621	0.0702773783604	0.125940879154	0.0994148355939	0.123046754176	0.0702265042337	0.10076781703	0.0362065029462	0.0881654303209	0.116149495169
CCIS07648107ST-4-0.freeze11.snv.mod.fix.bam	0.152416225712	0.090944849732	0.0	0.12273475264	0.0461356437541	0.0531182188549	0.0547534231146	0.173166084627	0.0905824268432	0.0954180547417	0.0656854449612	0.0708078287118	0.0848726210957	0.169582607194	0.0831322684238	0.110816201521	0.112045884863	0.0764854348691	0.108144230169	0.0926651086834	0.0798318714571	0.107790221715	0.12265523661	0.0908634438578	0.0734112107144	0.0787697455316	0.0820112761004	0.0849377340722	0.0714048122071	0.0716602155594	0.0890078716273	0.067007079184	0.09175833002	0.058877202549	0.0864557698984	0.0972557650089	0.0891908623532	0.070312342461	0.0917483438135	0.039811687613	0.0785091707962	0.0538186820068	0.0927943091442	0.0668694698871	0.0937004899532	0.0743150250403
CCIS22275061ST-4-0.freeze11.snv.mod.fix.bam	0.0684669176959	0.168035105414	0.12273475264	0.0	0.125622394308	0.131380197263	0.114077354428	0.074702847878	0.0991648875746	0.176219883518	0.0962153600222	0.128885936672	0.163321425856	0.0724597319977	0.172373986337	0.169660697967	0.179691015874	0.157185917749	0.176251450564	0.127875915502	0.133498028224	0.175993976417	0.0942740722037	0.164059952884	0.110763325158	0.160638589933	0.109849025094	0.105358065902	0.133418227835	0.127983719347	0.140455342496	0.123550070213	0.147505338133	0.125453438586	0.162111100608	0.16260973889	0.101410664286	0.166388630315	0.0918437515649	0.119359321509	0.0951359210779	0.149175377523	0.155860215822	0.145459347988	0.167358298674	0.101951668414
CCIS29688262ST-20-0.freeze11.snv.mod.fix.bam	0.156469975167	0.0618556065994	0.0461356437541	0.125622394308	0.0	0.0282706323909	0.0404387488905	0.174434092181	0.0961606709009	0.0818967781086	0.0632145239802	0.0766982077468	0.0962498855659	0.17098792619	0.0837879872094	0.109432445172	0.112762057436	0.0671880396296	0.108941848586	0.0935635855314	0.0620888546144	0.108537272387	0.123604776066	0.0957431647114	0.0655663267135	0.0542833308723	0.0803212798971	0.0942196718963	0.0792941659997	0.0783140647833	0.0856801336529	0.0561945679928	0.0918883408206	0.0676845967398	0.0892998838108	0.100285472095	0.0995583156708	0.0880641839364	0.086710190881	0.0575499139405	0.0751482450386	0.0620851442082	0.0951872850269	0.051387607573	0.0965912186107	0.079949151106
CCIS41222843ST-4-0.freeze11.snv.mod.fix.bam	0.160204658265	0.0677472820366	0.0531182188549	0.131380197263	0.0282706323909	0.0	0.0450166107114	0.178452828314	0.0995741575348	0.0844193256263	0.0695512995206	0.0806544990038	0.0963112242588	0.174872068052	0.085370164846	0.11014562412	0.112539294368	0.070210900072	0.10873574926	0.0969483269382	0.0689157609763	0.108317974651	0.128368338449	0.096616439712	0.0741052320018	0.060391637622	0.0872378843815	0.0964163468564	0.0831039280577	0.0832429380019	0.0904937458478	0.0635950135255	0.0951829820877	0.0733616192892	0.0903971558468	0.100675551517	0.102960136742	0.0881814334054	0.0822338187562	0.0635306159662	0.0795155264485	0.06644254476	0.0966877180952	0.0578118326716	0.0957324628143	0.0845614426227
CCIS44676181ST-4-0.freeze11.snv.mod.fix.bam	0.153792312583	0.0934567493594	0.0547534231146	0.114077354428	0.0404387488905	0.0450166107114	0.0	0.171383302413	0.0763314660019	0.106470116777	0.0641148077332	0.0811043275254	0.111515365461	0.168103803633	0.104692565823	0.125014051486	0.130210551908	0.0898301246837	0.126464079069	0.100352744909	0.0873442367904	0.126072322181	0.0998204999869	0.111005627125	0.0647162905919	0.0859929772086	0.0816423371587	0.0719650234636	0.0895089922353	0.0806435367554	0.0964103599837	0.0770619991364	0.106771376868	0.0707019730397	0.106409672976	0.114885796046	0.0808805300504	0.106613820466	0.0845814270001	0.0609994685861	0.0611496155562	0.0828278801949	0.110967104691	0.0796976702908	0.112776113097	0.0763793013366
CCIS63448910ST-4-0.freeze11.snv.mod.fix.bam	0.0227428047466	0.187760487067	0.173166084627	0.074702847878	0.174434092181	0.178452828314	0.171383302413	0.0	0.160068511265	0.201328460073	0.146962916046	0.181099181094	0.190459553311	0.0032081621504	0.1972131759	0.194308200471	0.198756308251	0.185507368514	0.195188144283	0.178592162919	0.156407389201	0.194929435567	0.146195431519	0.194467893407	0.164612993756	0.182774159352	0.149196425839	0.167712737673	0.173801107561	0.183343018721	0.182831956314	0.156272702885	0.179437783582	0.179666251192	0.189748424943	0.190424508497	0.161158323016	0.190622165832	0.126059949007	0.176983027889	0.155868942586	0.187929607256	0.184141532982	0.168526805398	0.192585769991	0.147604163298
CCIS72607085ST-4-0.freeze11.snv.mod.fix.bam	0.14517836278	0.142408688752	0.0905824268432	0.0991648875746	0.0961606709009	0.0995741575348	0.0763314660019	0.160068511265	0.0	0.147729986835	0.0831100707236	0.0924284993767	0.132385105819	0.157235550616	0.143579554942	0.119833841456	0.151860799252	0.125318178557	0.148124075949	0.1124463142	0.128182827968	0.147825982986	0.0682791834694	0.13363692921	0.0848013957534	0.133680640316	0.0995521292685	0.0570092873399	0.105061302583	0.0928798656657	0.108381494977	0.111482393129	0.104137752544	0.0763697354496	0.130766034639	0.136447478484	0.0621202663149	0.137455354527	0.108585543037	0.082217839813	0.0671529056519	0.118623560126	0.108863948518	0.119916459515	0.119646159067	0.0823445920171
CCIS88317640ST-4-0.freeze11.snv.mod.fix.bam	0.182052189926	0.059244352339	0.0954180547417	0.176219883518	0.0818967781086	0.0844193256263	0.106470116777	0.201328460073	0.147729986835	0.0	0.111767507999	0.111352236877	0.0973935624831	0.197680474851	0.072838600187	0.113546347684	0.104881058603	0.0713319117152	0.104785880788	0.116838120436	0.0785812155592	0.104001535165	0.181163909782	0.096738295539	0.113383513775	0.0573719747686	0.12211754735	0.144247674372	0.106782131286	0.112793982055	0.117664504288	0.0850235367543	0.115556914647	0.114814748876	0.0922558600926	0.103155827199	0.14782504625	0.0844609560413	0.129771449148	0.103005533541	0.128769720186	0.077263305796	0.104547323281	0.0615336174848	0.0933182214827	0.121754472095
CCIS93040568ST-20-0.freeze11.snv.mod.fix.bam	0.128572283805	0.1019055769	0.0656854449612	0.0962153600222	0.0632145239802	0.0695512995206	0.0641148077332	0.146962916046	0.0831100707236	0.111767507999	0.0	0.0771047862157	0.101129266035	0.143578639999	0.103823462741	0.123428674245	0.129545168893	0.0908314669195	0.125641912464	0.100706036492	0.0815371025721	0.125314512958	0.10707881615	0.0986852163431	0.0712330402065	0.0924278944292	0.0819261724496	0.0802882510272	0.0790122727801	0.0739272896144	0.0954776792446	0.0682711908924	0.104597416079	0.0754820377977	0.104554798183	0.113288799148	0.0851596201843	0.105751815604	0.0773906568092	0.0649484927712	0.0670580352172	0.0849093662468	0.105007374454	0.0820965824054	0.110564760686	0.0770374239864
CCIS95097901ST-4-0.freeze11.snv.mod.fix.bam	0.157984624257	0.112028036272	0.0708078287118	0.128885936672	0.0766982077468	0.0806544990038	0.0811043275254	0.181099181094	0.0924284993767	0.111352236877	0.0771047862157	0.0	0.0870405214598	0.177174467173	0.104821654644	0.107035539339	0.0980244839581	0.0723513649672	0.0951357170445	0.0920431985098	0.10241637151	0.0945960355465	0.125908618851	0.08252847179	0.0890568531098	0.101791359214	0.0986275949118	0.0854478805943	0.0639116631116	0.0547373897426	0.0515744758138	0.0791526833637	0.0942377040224	0.0630709498363	0.0727822892081	0.103294653637	0.0814360265656	0.096309240829	0.100061133248	0.0593590320621	0.0921807834165	0.0823133510444	0.0879495114618	0.0903217268899	0.0867001954142	0.0817983362544
M3.5-V1.metaT.freeze11.snv.mod.fix.bam	0.168750665166	0.0958392480724	0.0848726210957	0.163321425856	0.0962498855659	0.0963112242588	0.111515365461	0.190459553311	0.132385105819	0.0973935624831	0.101129266035	0.0870405214598	0.0	0.186429891216	0.0791429611373	0.0968998798271	0.0940660935858	0.0789409899186	0.0898165018543	0.108508590439	0.0946597000373	0.0894273703588	0.170207120288	0.0614919125457	0.121691845917	0.0850909065188	0.12106647291	0.127344753332	0.0759953607009	0.0917850122357	0.0999812868051	0.0884738280161	0.0975285975578	0.0896030165929	0.073344164946	0.089730691734	0.132993549331	0.0711344360571	0.118712911877	0.0873098765176	0.128250925638	0.0792131462055	0.0818999477706	0.0755805514379	0.0787019398994	0.10794006873
MMRS35808664ST-27-0-0.freeze11.snv.mod.fix.bam	0.0218253489435	0.183918146232	0.169582607194	0.0724597319977	0.17098792619	0.174872068052	0.168103803633	0.0032081621504	0.157235550616	0.197680474851	0.143578639999	0.177174467173	0.186429891216	0.0	0.193371139794	0.190605438032	0.194678075165	0.181187510223	0.191105797554	0.175114773995	0.152186761447	0.190871803652	0.144454577751	0.190540647585	0.161303317308	0.178768500684	0.145663207926	0.164481149607	0.170147450575	0.179573903883	0.178890488371	0.152105356007	0.175690347928	0.175934637894	0.185655103544	0.1863961563	0.157902877184	0.186658518964	0.12256236508	0.173316850325	0.152643656789	0.184068066153	0.180305319682	0.16436434551	0.188436254254	0.144283273307
NG-5636_312.freeze11.snv.mod.fix.bam	0.177443682778	0.0615243133859	0.0831322684238	0.172373986337	0.0837879872094	0.085370164846	0.104692565823	0.1972131759	0.143579554942	0.072838600187	0.103823462741	0.104821654644	0.0791429611373	0.193371139794	0.0	0.108973552666	0.0919934951703	0.0710057271627	0.0920057040349	0.116049995472	0.0788111014164	0.0914563899917	0.176423001402	0.0800852235861	0.113890362175	0.0521975784444	0.11950465654	0.139889761668	0.0930913965278	0.107571287766	0.113275605027	0.0847297616701	0.112173301941	0.108864269776	0.0831670362381	0.0940107111735	0.144804209114	0.0693625751459	0.125645467437	0.0945915392574	0.127692689527	0.071653791026	0.0987837279656	0.0501466077448	0.0867976838941	0.116108080264
NG-5636_317.freeze11.snv.mod.fix.bam	0.176583270685	0.104536097283	0.110816201521	0.169660697967	0.109432445172	0.11014562412	0.125014051486	0.194308200471	0.119833841456	0.113546347684	0.123428674245	0.107035539339	0.0968998798271	0.190605438032	0.108973552666	0.0	0.108523877136	0.0920879842197	0.104796119094	0.118767524887	0.110748285663	0.104367441338	0.172554459488	0.104440050488	0.133542510808	0.0974814180187	0.133024892414	0.130671031851	0.108827579689	0.11573889221	0.103148499002	0.106032509092	0.0363992776677	0.0770302414866	0.0947863162676	0.107132845499	0.13893362662	0.0993029407612	0.133159707964	0.111777312413	0.140840347509	0.104187606763	0.0397749309126	0.0915103481161	0.0472336704591	0.120770813212
NG-5636_349.freeze11.snv.mod.fix.bam	0.174917355309	0.0906759974029	0.112045884863	0.179691015874	0.112762057436	0.112539294368	0.130210551908	0.198756308251	0.151860799252	0.104881058603	0.129545168893	0.0980244839581	0.0940660935858	0.194678075165	0.0919934951703	0.108523877136	0.0	0.090310254827	0.00914402643919	0.125483849691	0.108255800976	0.00882548489947	0.181603108921	0.102292382174	0.139947182315	0.0866089923199	0.141915020977	0.147844939363	0.0739491759081	0.123108557177	0.107867882117	0.110082891242	0.115568100277	0.122211889862	0.0521672401511	0.105359531295	0.151320861916	0.077338846274	0.137974261598	0.11081141841	0.148964477117	0.0964777629387	0.0951453665949	0.0880606866001	0.0681956425752	0.119593144396
NG-5636_367.freeze11.snv.mod.fix.bam	0.16444439298	0.058621524518	0.0764854348691	0.157185917749	0.0671880396296	0.070210900072	0.0898301246837	0.185507368514	0.125318178557	0.0713319117152	0.0908314669195	0.0723513649672	0.0789409899186	0.181187510223	0.0710057271627	0.0920879842197	0.090310254827	0.0	0.0868556253807	0.0990567917096	0.0697605176266	0.0865046569796	0.16157292594	0.0693457337295	0.0983431084255	0.0517133476953	0.0996277960007	0.119253168594	0.08480430403	0.0767408264672	0.0696407948742	0.0566368408497	0.0919804675273	0.0843165324209	0.0673087556278	0.0832039276431	0.111090309135	0.0697237659176	0.111197576963	0.0782431850595	0.115128100263	0.0666037631214	0.0816647421292	0.0507823211806	0.0726835741169	0.100351464101
NG-5636_381.freeze11.snv.mod.fix.bam	0.171575349941	0.088589368958	0.108144230169	0.176251450564	0.108941848586	0.10873574926	0.126464079069	0.195188144283	0.148124075949	0.104785880788	0.125641912464	0.0951357170445	0.0898165018543	0.191105797554	0.0920057040349	0.104796119094	0.00914402643919	0.0868556253807	0.0	0.123688203871	0.105784954228	0.00328061739171	0.178227679093	0.100935657491	0.138229661582	0.0828272826917	0.138267824219	0.144033402235	0.0699576570727	0.121403519127	0.104478063962	0.106352692565	0.11196235024	0.118473111037	0.0475634275729	0.101887674511	0.148192616465	0.0727727592157	0.134186554751	0.106817657712	0.146939224839	0.0941585088869	0.0908779358117	0.0835166274425	0.0638025313206	0.115537274602
NG-5636_384.freeze11.snv.mod.fix.bam	0.159908885742	0.117014209281	0.0926651086834	0.127875915502	0.0935635855314	0.0969483269382	0.100352744909	0.178592162919	0.1124463142	0.116838120436	0.100706036492	0.0920431985098	0.108508590439	0.175114773995	0.116049995472	0.118767524887	0.125483849691	0.0990567917096	0.123688203871	0.0	0.106813905475	0.123527797603	0.141628686016	0.106555597854	0.103957738525	0.110061980096	0.110560601661	0.111604304642	0.0976059520401	0.0944255440369	0.100928318126	0.0964416706636	0.10840317539	0.0930334992843	0.10322335384	0.112055183019	0.11079751976	0.111026185812	0.112139822256	0.0903773513889	0.106688256922	0.0959489438088	0.105833244532	0.0996294563313	0.109143398678	0.0997385351595
NG-5636_457.freeze11.snv.mod.fix.bam	0.138179091955	0.0557497399084	0.0798318714571	0.133498028224	0.0620888546144	0.0689157609763	0.0873442367904	0.156407389201	0.128182827968	0.0785812155592	0.0815371025721	0.10241637151	0.0946597000373	0.152186761447	0.0788111014164	0.110748285663	0.108255800976	0.0697605176266	0.105784954228	0.106813905475	0.0	0.105188720438	0.155184910502	0.0947313780898	0.0911607336031	0.0512428485295	0.0963321329382	0.12669616185	0.0928583159726	0.102591665708	0.108643112455	0.0512620637052	0.102275007562	0.102687141973	0.0910499948374	0.0951941484992	0.1305813192	0.0840535196538	0.0937381202152	0.0874581939128	0.0991001474709	0.0723750997385	0.0966640149869	0.0511932843398	0.0954819973424	0.0980010953254
NG-5636_472.freeze11.snv.mod.fix.bam	0.171197620281	0.0877032632468	0.107790221715	0.175993976417	0.108537272387	0.108317974651	0.126072322181	0.194929435567	0.147825982986	0.104001535165	0.125314512958	0.0945960355465	0.0894273703588	0.190871803652	0.0914563899917	0.104367441338	0.00882548489947	0.0865046569796	0.00328061739171	0.123527797603	0.105188720438	0.0	0.177860077736	0.100259660782	0.137701069495	0.082204469635	0.137929443552	0.143341110536	0.0696122129893	0.120763850351	0.103928008355	0.106042346916	0.111543214278	0.118075319142	0.0472313600788	0.101446049904	0.147743846496	0.0726517343115	0.133999125656	0.106540326477	0.14665789777	0.0938753432943	0.0907191211117	0.0833764303732	0.0634086838161	0.115375264118
SAMEA3136631.freeze11.snv.mod.fix.bam	0.144105413285	0.168126953491	0.12265523661	0.0942740722037	0.123604776066	0.128368338449	0.0998204999869	0.146195431519	0.0682791834694	0.181163909782	0.10707881615	0.125908618851	0.170207120288	0.144454577751	0.176423001402	0.172554459488	0.181603108921	0.16157292594	0.178227679093	0.141628686016	0.155184910502	0.177860077736	0.0	0.169467849639	0.0964304932257	0.161823561717	0.108167814574	0.0700721410576	0.138242058508	0.1231458718	0.138123086236	0.140802281896	0.154422847262	0.123868753865	0.16794618646	0.169662573232	0.0746758291869	0.171269812362	0.132598460266	0.114731482171	0.0889728163905	0.153062733492	0.1619615904	0.149668019913	0.17290979819	0.101430214004
SAMEA3136635.freeze11.snv.mod.fix.bam	0.172931089325	0.0965486592729	0.0908634438578	0.164059952884	0.0957431647114	0.096616439712	0.111005627125	0.194467893407	0.13363692921	0.096738295539	0.0986852163431	0.08252847179	0.0614919125457	0.190540647585	0.0800852235861	0.104440050488	0.102292382174	0.0693457337295	0.100935657491	0.106555597854	0.0947313780898	0.100259660782	0.169467849639	0.0	0.115836388686	0.0889265872322	0.119523018181	0.128789785094	0.0776057040584	0.077644648748	0.0917582619231	0.0848364830185	0.102119832162	0.0868330586659	0.0843747844997	0.0805195668797	0.125207660082	0.0868252824455	0.120292844898	0.0921409188376	0.125147301827	0.0852301136006	0.0896481839615	0.0800067920797	0.0875874288148	0.110557189368
SAMEA3136636.freeze11.snv.mod.fix.bam	0.147728805656	0.101770808507	0.0734112107144	0.110763325158	0.0655663267135	0.0741052320018	0.0647162905919	0.164612993756	0.0848013957534	0.113383513775	0.0712330402065	0.0890568531098	0.121691845917	0.161303317308	0.113890362175	0.133542510808	0.139947182315	0.0983431084255	0.138229661582	0.103957738525	0.0911607336031	0.137701069495	0.0964304932257	0.115836388686	0.0	0.0973595600557	0.0613319788633	0.0814057568559	0.0960831573854	0.0811443492883	0.103407901143	0.0785949565282	0.117034558282	0.0867532860441	0.116704680248	0.123816793695	0.0861986113305	0.118765802782	0.0984889863862	0.0714272746587	0.0695521020346	0.0917307425961	0.117548707451	0.0886632122325	0.123476051602	0.0819955747086
SAMEA3136638.freeze11.snv.mod.fix.bam	0.164460070858	0.0183814549911	0.0787697455316	0.160638589933	0.0542833308723	0.060391637622	0.0859929772086	0.182774159352	0.133680640316	0.0573719747686	0.0924278944292	0.101791359214	0.0850909065188	0.178768500684	0.0521975784444	0.0974814180187	0.0866089923199	0.0517133476953	0.0828272826917	0.110061980096	0.0512428485295	0.082204469635	0.161823561717	0.0889265872322	0.0973595600557	0.0	0.103464633013	0.131497001822	0.0938765606401	0.108640585538	0.103577489644	0.063013724252	0.102077532986	0.106038698341	0.0776213762853	0.0903914932793	0.136752285592	0.0612523687137	0.117504004343	0.08861612815	0.116760367331	0.0620234909092	0.0907000172767	0.0258542040585	0.0801336980132	0.106737725806
SAMEA3136646.freeze11.snv.mod.fix.bam	0.131774664905	0.111059978903	0.0820112761004	0.109849025094	0.0803212798971	0.0872378843815	0.0816423371587	0.149196425839	0.0995521292685	0.12211754735	0.0819261724496	0.0986275949118	0.12106647291	0.145663207926	0.11950465654	0.133024892414	0.141915020977	0.0996277960007	0.138267824219	0.110560601661	0.0963321329382	0.137929443552	0.108167814574	0.119523018181	0.0613319788633	0.103464633013	0.0	0.0999746604875	0.0995975391812	0.0950939643781	0.109962541184	0.0802524632305	0.117765916202	0.094772952235	0.117192057369	0.124063645909	0.0959641373051	0.119408051518	0.100094113549	0.0878909667466	0.0872606715303	0.101951221713	0.115728876652	0.091819090723	0.123049842731	0.0857652909218
SAMEA3136648.freeze11.snv.mod.fix.bam	0.149763168668	0.140758091009	0.0849377340722	0.105358065902	0.0942196718963	0.0964163468564	0.0719650234636	0.167712737673	0.0570092873399	0.144247674372	0.0802882510272	0.0854478805943	0.127344753332	0.164481149607	0.139889761668	0.130671031851	0.147844939363	0.119253168594	0.144033402235	0.111604304642	0.12669616185	0.143341110536	0.0700721410576	0.128789785094	0.0814057568559	0.131497001822	0.0999746604875	0.0	0.104405347869	0.0860002203052	0.104356812294	0.109301672235	0.115717264428	0.077030496345	0.124084653106	0.126328318092	0.060776614354	0.132841204568	0.109089713816	0.0731992279121	0.0702189032269	0.113336291559	0.124237530483	0.118928279659	0.130009436505	0.0815269534721
SAMEA3136649.freeze11.snv.mod.fix.bam	0.15035358219	0.104547664258	0.0714048122071	0.133418227835	0.0792941659997	0.0831039280577	0.0895089922353	0.173801107561	0.105061302583	0.106782131286	0.0790122727801	0.0639116631116	0.0759953607009	0.170147450575	0.0930913965278	0.108827579689	0.0739491759081	0.08480430403	0.0699576570727	0.0976059520401	0.0928583159726	0.0696122129893	0.138242058508	0.0776057040584	0.0960831573854	0.0938765606401	0.0995975391812	0.104405347869	0.0	0.0738528268085	0.0863958676358	0.0786574597925	0.0963190288204	0.0765100494535	0.0633933424877	0.0983355800587	0.106989688835	0.0857924005928	0.0974851922381	0.0702910653796	0.101014800279	0.0777190050623	0.0804666280367	0.0809156013874	0.0779968436789	0.0816832544914
SAMEA3136656.freeze11.snv.mod.fix.bam	0.162417248167	0.116458556788	0.0716602155594	0.127983719347	0.0783140647833	0.0832429380019	0.0806435367554	0.183343018721	0.0928798656657	0.112793982055	0.0739272896144	0.0547373897426	0.0917850122357	0.179573903883	0.107571287766	0.11573889221	0.123108557177	0.0767408264672	0.121403519127	0.0944255440369	0.102591665708	0.120763850351	0.1231458718	0.077644648748	0.0811443492883	0.108640585538	0.0950939643781	0.0860002203052	0.0738528268085	0.0	0.0692370687163	0.0784285453438	0.100703595429	0.0620209785912	0.0972804075118	0.108878927561	0.0781855714394	0.106860596404	0.101900115015	0.0628354285859	0.0858328716448	0.0860270502138	0.0981735512736	0.0959710929291	0.103356330537	0.0820771919761
SAMEA3136660.freeze11.snv.mod.fix.bam	0.164986221433	0.111920104502	0.0890078716273	0.140455342496	0.0856801336529	0.0904937458478	0.0964103599837	0.182831956314	0.108381494977	0.117664504288	0.0954776792446	0.0515744758138	0.0999812868051	0.178890488371	0.113275605027	0.103148499002	0.107867882117	0.0696407948742	0.104478063962	0.100928318126	0.108643112455	0.103928008355	0.138123086236	0.0917582619231	0.103407901143	0.103577489644	0.109962541184	0.104356812294	0.0863958676358	0.0692370687163	0.0	0.0867862096154	0.0933447930999	0.0786624824531	0.0888631134687	0.109540060005	0.090827443056	0.100106482409	0.109115052399	0.0773825232561	0.111117364654	0.0927186449798	0.0940172468204	0.0943737111045	0.096283478428	0.0979373623767
SAMEA3136661.freeze11.snv.mod.fix.bam	0.135761521356	0.0720495845191	0.067007079184	0.123550070213	0.0561945679928	0.0635950135255	0.0770619991364	0.156272702885	0.111482393129	0.0850235367543	0.0682711908924	0.0791526833637	0.0884738280161	0.152105356007	0.0847297616701	0.106032509092	0.110082891242	0.0566368408497	0.106352692565	0.0964416706636	0.0512620637052	0.106042346916	0.140802281896	0.0848364830185	0.0785949565282	0.063013724252	0.0802524632305	0.109301672235	0.0786574597925	0.0784285453438	0.0867862096154	0.0	0.0922779588815	0.0815115059118	0.0838865256158	0.0953888659316	0.106795389608	0.0861800175744	0.0842590055772	0.0711070469036	0.0891143847714	0.0690807526182	0.0876101578859	0.0561049226863	0.090884394421	0.0845392302681
SAMEA3136711.freeze11.snv.mod.fix.bam	0.161437146025	0.110526292281	0.09175833002	0.147505338133	0.0918883408206	0.0951829820877	0.106771376868	0.179437783582	0.104137752544	0.115556914647	0.104597416079	0.0942377040224	0.0975285975578	0.175690347928	0.112173301941	0.0363992776677	0.115568100277	0.0919804675273	0.11196235024	0.10840317539	0.102275007562	0.111543214278	0.154422847262	0.102119832162	0.117034558282	0.102077532986	0.117765916202	0.115717264428	0.0963190288204	0.100703595429	0.0933447930999	0.0922779588815	0.0	0.05848708274	0.0954139606078	0.106649703913	0.122702064274	0.102854555486	0.11391615287	0.0970367524366	0.120683918546	0.0965087470987	0.0385844582125	0.0912649278099	0.0546549002739	0.105019620931
SAMEA3136714.freeze11.snv.mod.fix.bam	0.158794347611	0.11686380409	0.058877202549	0.125453438586	0.0676845967398	0.0733616192892	0.0707019730397	0.179666251192	0.0763697354496	0.114814748876	0.0754820377977	0.0630709498363	0.0896030165929	0.175934637894	0.108864269776	0.0770302414866	0.122211889862	0.0843165324209	0.118473111037	0.0930334992843	0.102687141973	0.118075319142	0.123868753865	0.0868330586659	0.0867532860441	0.106038698341	0.094772952235	0.077030496345	0.0765100494535	0.0620209785912	0.0786624824531	0.0815115059118	0.05848708274	0.0	0.0925829242272	0.101449010476	0.0854822153114	0.103799316656	0.099322399424	0.0617796877742	0.0880221538883	0.0863354963258	0.0644758525766	0.0915283852987	0.0750447794822	0.0806888076238
SAMEA3136733.freeze11.snv.mod.fix.bam	0.165612509084	0.085994699742	0.0864557698984	0.162111100608	0.0892998838108	0.0903971558468	0.106409672976	0.189748424943	0.130766034639	0.0922558600926	0.104554798183	0.0727822892081	0.073344164946	0.185655103544	0.0831670362381	0.0947863162676	0.0521672401511	0.0673087556278	0.0475634275729	0.10322335384	0.0910499948374	0.0472313600788	0.16794618646	0.0843747844997	0.116704680248	0.0776213762853	0.117192057369	0.124084653106	0.0633933424877	0.0972804075118	0.0888631134687	0.0838865256158	0.0954139606078	0.0925829242272	0.0	0.0915279044319	0.128945528064	0.0711419477705	0.11688487869	0.085576615985	0.126280270995	0.077835348765	0.0782601821712	0.0726337721075	0.0599976721574	0.101272713747
SAMEA3136739.freeze11.snv.mod.fix.bam	0.170481733157	0.0981795647837	0.0972557650089	0.16260973889	0.100285472095	0.100675551517	0.114885796046	0.190424508497	0.136447478484	0.103155827199	0.113288799148	0.103294653637	0.089730691734	0.1863961563	0.0940107111735	0.107132845499	0.105359531295	0.0832039276431	0.101887674511	0.112055183019	0.0951941484992	0.101446049904	0.169662573232	0.0805195668797	0.123816793695	0.0903914932793	0.124063645909	0.126328318092	0.0983355800587	0.108878927561	0.109540060005	0.0953888659316	0.106649703913	0.101449010476	0.0915279044319	0.0	0.137751285846	0.0874920633907	0.122750015768	0.100030284631	0.130315795734	0.0918548433277	0.0957121640984	0.0841452039291	0.091348280601	0.111374117763
V1.CD3-0-PT.freeze11.snv.mod.fix.bam	0.145389055164	0.145017574621	0.0891908623532	0.101410664286	0.0995583156708	0.102960136742	0.0808805300504	0.161158323016	0.0621202663149	0.14782504625	0.0851596201843	0.0814360265656	0.132993549331	0.157902877184	0.144804209114	0.13893362662	0.151320861916	0.111090309135	0.148192616465	0.11079751976	0.1305813192	0.147743846496	0.0746758291869	0.125207660082	0.0861986113305	0.136752285592	0.0959641373051	0.060776614354	0.106989688835	0.0781855714394	0.090827443056	0.106795389608	0.122702064274	0.0854822153114	0.128945528064	0.137751285846	0.0	0.138240532145	0.109143434882	0.0816470685156	0.0740903530979	0.119298102949	0.127242058907	0.123066452831	0.134758755413	0.0840045770637
V1.CD32-4.freeze11.snv.mod.fix.bam	0.170192202113	0.0702773783604	0.070312342461	0.166388630315	0.0880641839364	0.0881814334054	0.106613820466	0.190622165832	0.137455354527	0.0844609560413	0.105751815604	0.096309240829	0.0711344360571	0.186658518964	0.0693625751459	0.0993029407612	0.077338846274	0.0697237659176	0.0727727592157	0.111026185812	0.0840535196538	0.0726517343115	0.171269812362	0.0868252824455	0.118765802782	0.0612523687137	0.119408051518	0.132841204568	0.0857924005928	0.106860596404	0.100106482409	0.0861800175744	0.102854555486	0.103799316656	0.0711419477705	0.0874920633907	0.138240532145	0.0	0.120331242271	0.0700137699291	0.128029271755	0.0476071705428	0.0883912114411	0.0619233159262	0.0761248730244	0.110249229864
V1.CD8-0-PN.freeze11.snv.mod.fix.bam	0.110600256621	0.125940879154	0.0917483438135	0.0918437515649	0.086710190881	0.0822338187562	0.0845814270001	0.126059949007	0.108585543037	0.129771449148	0.0773906568092	0.100061133248	0.118712911877	0.12256236508	0.125645467437	0.133159707964	0.137974261598	0.111197576963	0.134186554751	0.112139822256	0.0937381202152	0.133999125656	0.132598460266	0.120292844898	0.0984889863862	0.117504004343	0.100094113549	0.109089713816	0.0974851922381	0.101900115015	0.109115052399	0.0842590055772	0.11391615287	0.099322399424	0.11688487869	0.122750015768	0.109143434882	0.120331242271	0.0	0.0923452897963	0.0836862308446	0.105734755571	0.116676170565	0.105452127605	0.12219844273	0.0939890126483
V1.FI30.freeze11.snv.mod.fix.bam	0.155602425997	0.0994148355939	0.039811687613	0.119359321509	0.0575499139405	0.0635306159662	0.0609994685861	0.176983027889	0.082217839813	0.103005533541	0.0649484927712	0.0593590320621	0.0873098765176	0.173316850325	0.0945915392574	0.111777312413	0.11081141841	0.0782431850595	0.106817657712	0.0903773513889	0.0874581939128	0.106540326477	0.114731482171	0.0921409188376	0.0714272746587	0.08861612815	0.0878909667466	0.0731992279121	0.0702910653796	0.0628354285859	0.0773825232561	0.0711070469036	0.0970367524366	0.0617796877742	0.085576615985	0.100030284631	0.0816470685156	0.0700137699291	0.0923452897963	0.0	0.0739728402427	0.0549420908424	0.0941642559558	0.0772473412575	0.0942976457261	0.0731975061635
V1.UC31-4.freeze11.snv.mod.fix.bam	0.138320235447	0.123046754176	0.0785091707962	0.0951359210779	0.0751482450386	0.0795155264485	0.0611496155562	0.155868942586	0.0671529056519	0.128769720186	0.0670580352172	0.0921807834165	0.128250925638	0.152643656789	0.127692689527	0.140840347509	0.148964477117	0.115128100263	0.146939224839	0.106688256922	0.0991001474709	0.14665789777	0.0889728163905	0.125147301827	0.0695521020346	0.116760367331	0.0872606715303	0.0702189032269	0.101014800279	0.0858328716448	0.111117364654	0.0891143847714	0.120683918546	0.0880221538883	0.126280270995	0.130315795734	0.0740903530979	0.128029271755	0.0836862308446	0.0739728402427	0.0	0.102756770564	0.124175999883	0.105589986539	0.132228152392	0.0778548227984
V1.UC38-4.freeze11.snv.mod.fix.bam	0.166828786518	0.0702265042337	0.0538186820068	0.149175377523	0.0620851442082	0.06644254476	0.0828278801949	0.187929607256	0.118623560126	0.077263305796	0.0849093662468	0.0823133510444	0.0792131462055	0.184068066153	0.071653791026	0.104187606763	0.0964777629387	0.0666037631214	0.0941585088869	0.0959489438088	0.0723750997385	0.0938753432943	0.153062733492	0.0852301136006	0.0917307425961	0.0620234909092	0.101951221713	0.113336291559	0.0777190050623	0.0860270502138	0.0927186449798	0.0690807526182	0.0965087470987	0.0863354963258	0.077835348765	0.0918548433277	0.119298102949	0.0476071705428	0.105734755571	0.0549420908424	0.102756770564	0.0	0.0889953729882	0.0578720744914	0.0854889620738	0.0956036286463
alien-11-376-0.freeze11.snv.mod.fix.bam	0.161387475539	0.10076781703	0.0927943091442	0.155860215822	0.0951872850269	0.0966877180952	0.110967104691	0.184141532982	0.108863948518	0.104547323281	0.105007374454	0.0879495114618	0.0818999477706	0.180305319682	0.0987837279656	0.0397749309126	0.0951453665949	0.0816647421292	0.0908779358117	0.105833244532	0.0966640149869	0.0907191211117	0.1619615904	0.0896481839615	0.117548707451	0.0907000172767	0.115728876652	0.124237530483	0.0804666280367	0.0981735512736	0.0940172468204	0.0876101578859	0.0385844582125	0.0644758525766	0.0782601821712	0.0957121640984	0.127242058907	0.0883912114411	0.116676170565	0.0941642559558	0.124175999883	0.0889953729882	0.0	0.079184434763	0.0339970469501	0.10341517239
peacemaker-11-60-0.freeze11.snv.mod.fix.bam	0.14980751418	0.0362065029462	0.0668694698871	0.145459347988	0.051387607573	0.0578118326716	0.0796976702908	0.168526805398	0.119916459515	0.0615336174848	0.0820965824054	0.0903217268899	0.0755805514379	0.16436434551	0.0501466077448	0.0915103481161	0.0880606866001	0.0507823211806	0.0835166274425	0.0996294563313	0.0511932843398	0.0833764303732	0.149668019913	0.0800067920797	0.0886632122325	0.0258542040585	0.091819090723	0.118928279659	0.0809156013874	0.0959710929291	0.0943737111045	0.0561049226863	0.0912649278099	0.0915283852987	0.0726337721075	0.0841452039291	0.123066452831	0.0619233159262	0.105452127605	0.0772473412575	0.105589986539	0.0578720744914	0.079184434763	0.0	0.0749425232393	0.0974187855708
scavenger-11-392-0.freeze11.snv.mod.fix.bam	0.168837160417	0.0881654303209	0.0937004899532	0.167358298674	0.0965912186107	0.0957324628143	0.112776113097	0.192585769991	0.119646159067	0.0933182214827	0.110564760686	0.0867001954142	0.0787019398994	0.188436254254	0.0867976838941	0.0472336704591	0.0681956425752	0.0726835741169	0.0638025313206	0.109143398678	0.0954819973424	0.0634086838161	0.17290979819	0.0875874288148	0.123476051602	0.0801336980132	0.123049842731	0.130009436505	0.0779968436789	0.103356330537	0.096283478428	0.090884394421	0.0546549002739	0.0750447794822	0.0599976721574	0.091348280601	0.134758755413	0.0761248730244	0.12219844273	0.0942976457261	0.132228152392	0.0854889620738	0.0339970469501	0.0749425232393	0.0	0.106968680416
scavenger-11-60-0.freeze11.snv.mod.fix.bam	0.129125584712	0.116149495169	0.0743150250403	0.101951668414	0.079949151106	0.0845614426227	0.0763793013366	0.147604163298	0.0823445920171	0.121754472095	0.0770374239864	0.0817983362544	0.10794006873	0.144283273307	0.116108080264	0.120770813212	0.119593144396	0.100351464101	0.115537274602	0.0997385351595	0.0980010953254	0.115375264118	0.101430214004	0.110557189368	0.0819955747086	0.106737725806	0.0857652909218	0.0815269534721	0.0816832544914	0.0820771919761	0.0979373623767	0.0845392302681	0.105019620931	0.0806888076238	0.101272713747	0.111374117763	0.0840045770637	0.110249229864	0.0939890126483	0.0731975061635	0.0778548227984	0.0956036286463	0.10341517239	0.0974187855708	0.106968680416	0.0
