	CCIS02856720ST-4-0.freeze11.snv.mod.fix.bam	CCIS07539127ST-4-0.freeze11.snv.mod.fix.bam	CCIS07648107ST-4-0.freeze11.snv.mod.fix.bam	CCIS22275061ST-4-0.freeze11.snv.mod.fix.bam	CCIS29688262ST-20-0.freeze11.snv.mod.fix.bam	CCIS41222843ST-4-0.freeze11.snv.mod.fix.bam	CCIS44676181ST-4-0.freeze11.snv.mod.fix.bam	CCIS63448910ST-4-0.freeze11.snv.mod.fix.bam	CCIS72607085ST-4-0.freeze11.snv.mod.fix.bam	CCIS88317640ST-4-0.freeze11.snv.mod.fix.bam	CCIS93040568ST-20-0.freeze11.snv.mod.fix.bam	CCIS95097901ST-4-0.freeze11.snv.mod.fix.bam	M3.5-V1.metaT.freeze11.snv.mod.fix.bam	MMRS35808664ST-27-0-0.freeze11.snv.mod.fix.bam	NG-5636_312.freeze11.snv.mod.fix.bam	NG-5636_317.freeze11.snv.mod.fix.bam	NG-5636_349.freeze11.snv.mod.fix.bam	NG-5636_367.freeze11.snv.mod.fix.bam	NG-5636_381.freeze11.snv.mod.fix.bam	NG-5636_384.freeze11.snv.mod.fix.bam	NG-5636_457.freeze11.snv.mod.fix.bam	NG-5636_472.freeze11.snv.mod.fix.bam	SAMEA3136631.freeze11.snv.mod.fix.bam	SAMEA3136635.freeze11.snv.mod.fix.bam	SAMEA3136636.freeze11.snv.mod.fix.bam	SAMEA3136638.freeze11.snv.mod.fix.bam	SAMEA3136646.freeze11.snv.mod.fix.bam	SAMEA3136648.freeze11.snv.mod.fix.bam	SAMEA3136649.freeze11.snv.mod.fix.bam	SAMEA3136656.freeze11.snv.mod.fix.bam	SAMEA3136660.freeze11.snv.mod.fix.bam	SAMEA3136661.freeze11.snv.mod.fix.bam	SAMEA3136711.freeze11.snv.mod.fix.bam	SAMEA3136714.freeze11.snv.mod.fix.bam	SAMEA3136733.freeze11.snv.mod.fix.bam	SAMEA3136739.freeze11.snv.mod.fix.bam	V1.CD3-0-PT.freeze11.snv.mod.fix.bam	V1.CD32-4.freeze11.snv.mod.fix.bam	V1.CD8-0-PN.freeze11.snv.mod.fix.bam	V1.FI30.freeze11.snv.mod.fix.bam	V1.UC31-4.freeze11.snv.mod.fix.bam	V1.UC38-4.freeze11.snv.mod.fix.bam	alien-11-376-0.freeze11.snv.mod.fix.bam	peacemaker-11-60-0.freeze11.snv.mod.fix.bam	scavenger-11-392-0.freeze11.snv.mod.fix.bam	scavenger-11-60-0.freeze11.snv.mod.fix.bam
CCIS02856720ST-4-0.freeze11.snv.mod.fix.bam	0.0	0.16477940391	0.101431470997	0.00635615853007	0.128965922444	0.125921375921	0.0994284798633	0.000908022647153	0.101084285867	0.141704946053	0.0792917423352	0.116280311932	0.139034291208	0.000774489904925	0.141571413311	0.174527294093	0.176717231065	0.139434889435	0.180669800235	0.111633372503	0.121060784104	0.179948723427	0.131689990386	0.142586262151	0.087490652708	0.16288323897	0.0772353381049	0.116547377417	0.116654203611	0.105197094328	0.160239290674	0.108962717658	0.158369832283	0.102553146031	0.141544706762	0.143520991347	0.098573870313	0.168117722466	0.0488729836556	0.102900331161	0.0805202435637	0.134868069651	0.162349108001	0.119458391198	0.151292596945	0.0731759427412
CCIS07539127ST-4-0.freeze11.snv.mod.fix.bam	0.16477940391	0.0	0.0249439162483	0.121354556137	0.00267065484457	0.00857280205106	0.0314336075206	0.17714453584	0.0982533917317	0.00662322401453	0.0388046148916	0.055549620767	0.0537602820212	0.17164298686	0.0202435637218	0.0891998718086	0.0761670761671	0.0217124238863	0.0785172524303	0.060944343553	0.00558166862515	0.0778228821707	0.150384574298	0.0545614784745	0.0374959940177	0.000534130968914	0.061718833458	0.11133960047	0.0514635188548	0.0518374105331	0.0880514902254	0.0106024997329	0.0812947334686	0.0498077128512	0.0497008866574	0.0611847024891	0.0986005768614	0.0671402627924	0.0514902254033	0.034638393334	0.0657782288217	0.0188281166542	0.0773421642987	0.00176263219741	0.0543211195385	0.0546148915714
CCIS07648107ST-4-0.freeze11.snv.mod.fix.bam	0.101431470997	0.0249439162483	0.0	0.0517305843393	0.000854609550262	0.00221664352099	0.00173592564897	0.133692981519	0.0179735071039	0.0117508813161	0.00296442687747	0.00795855143681	0.0123384253819	0.127123170601	0.00718406153189	0.0543745326354	0.051116333725	0.010549086636	0.0527721397287	0.019656019656	0.00611579959406	0.0527988462771	0.0711729516077	0.0133532742228	0.00384574297618	0.0173592564897	0.00883986753552	0.0145817754513	0.00774489904925	0.00440658049354	0.0391785065698	0.00197628458498	0.0364010255315	0.00277748103835	0.0153028522594	0.027027027027	0.0176263219741	0.00349855784638	0.0151159064203	0.000240358936011	0.00349855784638	0.000293772032902	0.026786668091	0.00518107039846	0.0233415233415	0.00886657408397
CCIS22275061ST-4-0.freeze11.snv.mod.fix.bam	0.00635615853007	0.121354556137	0.0517305843393	0.0	0.080653776306	0.0776893494285	0.0442794573229	0.0182405725884	0.0261724174768	0.0995620126055	0.0262258305737	0.0686358295054	0.0968112381156	0.0149556671296	0.0997222518962	0.129126161735	0.133933340455	0.0952355517573	0.137538724495	0.0579799166756	0.0732026492896	0.136871060784	0.0395256916996	0.0967845315671	0.034638393334	0.118229889969	0.0355998290781	0.0300181604529	0.0713866039953	0.0558700993484	0.11409037496	0.0583271018054	0.104743083004	0.0540807606025	0.101084285867	0.100443328704	0.0295908556778	0.123410960367	0.0208845208845	0.0535466296336	0.0150891998718	0.0878912509347	0.109576968273	0.0823629954065	0.105624399103	0.0295374425809
CCIS29688262ST-20-0.freeze11.snv.mod.fix.bam	0.128965922444	0.00267065484457	0.000854609550262	0.080653776306	0.0	5.34130968914e-05	0.000480717872022	0.16202862942	0.0318609122957	0.00464693942955	0.00408610191219	0.0238756543104	0.0323149236193	0.155752590535	0.00846597585728	0.0712530712531	0.0670334365987	0.00937399850443	0.0692767866681	0.0337837837838	0.00162909945519	0.0687426556992	0.100496741801	0.0316739664566	0.0028041875868	0.00128191432539	0.0105757931845	0.0240358936011	0.0271071466724	0.0155699177438	0.0684755902147	0.00098814229249	0.0603033863903	0.0135669266104	0.0285760068369	0.0413684435424	0.0363476124346	0.038110244632	0.0213385322081	0.00349855784638	0.00312466616814	0.00363209058861	0.0479115479115	0.000908022647153	0.0352259373999	0.0188014101058
CCIS41222843ST-4-0.freeze11.snv.mod.fix.bam	0.125921375921	0.00857280205106	0.00221664352099	0.0776893494285	5.34130968914e-05	0.0	0.00189616493964	0.151105651106	0.0357066552719	0.00731759427412	0.00702382224121	0.0227272727273	0.0304454652281	0.144749492576	0.0124719581241	0.0667663711142	0.0633479329132	0.0108695652174	0.065617989531	0.0322080974255	0.00355197094328	0.065137271659	0.0932592671723	0.0283089413524	0.00616921269095	0.00595556030339	0.0155432111954	0.0291635509027	0.0235551757291	0.0168251255208	0.0589680589681	0.0021632304241	0.0537068689243	0.0148488409358	0.0266264288003	0.0391518000214	0.0370152761457	0.037389167824	0.0133532742228	0.00600897340028	0.00779831214614	0.00488729836556	0.0452675996154	0.00301783997436	0.0341843820105	0.0201901506249
CCIS44676181ST-4-0.freeze11.snv.mod.fix.bam	0.0994284798633	0.0314336075206	0.00173592564897	0.0442794573229	0.000480717872022	0.00189616493964	0.0	0.121861980558	0.0112434568956	0.0230210447602	0.00336502510416	0.0173592564897	0.0366680910159	0.116280311932	0.0283356479009	0.0692233735712	0.0707990599295	0.0229409251148	0.0733361820318	0.0264928960581	0.0135936331589	0.0728554641598	0.0389648541822	0.0339440230745	0.00259053519923	0.0254246341203	0.0121514795428	0.00926717231065	0.0210180536267	0.0103354342485	0.0498878324965	0.00670334365987	0.0488729836556	0.0086529216964	0.0352526439483	0.0456414912937	0.0134601004166	0.0523982480504	0.0113502830894	0.00304454652281	0.00189616493964	0.0101217818609	0.0478581348147	0.0135936331589	0.043504967418	0.0116707616708
CCIS63448910ST-4-0.freeze11.snv.mod.fix.bam	0.000908022647153	0.17714453584	0.133692981519	0.0182405725884	0.16202862942	0.151105651106	0.121861980558	0.0	0.113449417797	0.159678453157	0.106772780686	0.144776199124	0.158316419186	0.000160239290674	0.158182886444	0.188414699284	0.190043798739	0.158129473347	0.193488943489	0.131342805256	0.14966349749	0.192741160132	0.140583271018	0.163871381263	0.109657087918	0.176102980451	0.0957696827262	0.128645443863	0.148782181391	0.136043157782	0.184275184275	0.14036961863	0.178559982908	0.134227112488	0.166755688495	0.164111740199	0.11323576541	0.185583805149	0.0913096891358	0.133265676744	0.0979329131503	0.155004807179	0.178453156714	0.132784958872	0.166248264074	0.0910960367482
CCIS72607085ST-4-0.freeze11.snv.mod.fix.bam	0.101084285867	0.0982533917317	0.0179735071039	0.0261724174768	0.0318609122957	0.0357066552719	0.0112434568956	0.113449417797	0.0	0.0763540220062	0.0131930349322	0.0234750560838	0.0700245700246	0.109256489691	0.0770216857173	0.0774489904925	0.11083217605	0.0694370259588	0.113930135669	0.0384307232133	0.0617989531033	0.113529537443	0.00867962824485	0.0672737955347	0.0114036961863	0.0928052558487	0.0251308620874	0.004914004914	0.035893601111	0.0155165046469	0.057766264288	0.0405405405405	0.0414752697361	0.00803867108215	0.0723480397393	0.0761136630702	0.00416622155753	0.096357226792	0.0252376882812	0.0127390236086	0.00229676316633	0.0485525050742	0.0497810063027	0.0626268561051	0.0675408610191	0.0146351885482
CCIS88317640ST-4-0.freeze11.snv.mod.fix.bam	0.141704946053	0.00662322401453	0.0117508813161	0.0995620126055	0.00464693942955	0.00731759427412	0.0230210447602	0.159678453157	0.0763540220062	0.0	0.0254513406687	0.0320745646833	0.0315404337143	0.153803012499	0.0134333938682	0.0643894883025	0.0574457857067	0.0154363850016	0.0602766798419	0.0421162268988	0.00640957162696	0.0596090161308	0.131503044547	0.0316739664566	0.0263593633159	0.00488729836556	0.0424634120286	0.0883185557099	0.0305255848734	0.029243670548	0.0585407541929	0.00774489904925	0.0548018374105	0.0274543318022	0.0279617562226	0.0420361072535	0.0760335434248	0.0397393440872	0.0356265356265	0.0174927892319	0.0428373037069	0.00916034611687	0.0491133425916	0.00352526439483	0.0351458177545	0.0389915607307
CCIS93040568ST-20-0.freeze11.snv.mod.fix.bam	0.0792917423352	0.0388046148916	0.00296442687747	0.0262258305737	0.00408610191219	0.00702382224121	0.00336502510416	0.106772780686	0.0131930349322	0.0254513406687	0.0	0.012285012285	0.0260922978314	0.101458177545	0.0258786454439	0.0658850550155	0.0682085247303	0.0212049994659	0.0709592992202	0.0240091870527	0.0139675248371	0.0705854075419	0.0459352633266	0.0193088345262	0.00416622155753	0.0326086956522	0.0102553146031	0.0109496848627	0.0132731545775	0.00486059181711	0.0438788590963	0.00528789659224	0.0450272406794	0.00627603888473	0.0330360004273	0.0405138339921	0.014742014742	0.0482854395898	0.0119912402521	0.00304454652281	0.00256382865079	0.0116173485739	0.0419025745113	0.0158903963252	0.0394989851512	0.00985471637646
CCIS95097901ST-4-0.freeze11.snv.mod.fix.bam	0.116280311932	0.055549620767	0.00795855143681	0.0686358295054	0.0238756543104	0.0227272727273	0.0173592564897	0.144776199124	0.0234750560838	0.0320745646833	0.012285012285	0.0	0.0185076380729	0.138366627497	0.029003311612	0.0564042303173	0.0436385001602	0.00891998718086	0.0466563401346	0.0245166114731	0.0324751629099	0.0460420895204	0.0795053947228	0.0114036961863	0.0167450058754	0.0499412455934	0.0230744578571	0.0160239290674	0.00614250614251	0.0015756863583	0.00389915607307	0.0118577075099	0.0397927571841	0.00304454652281	0.0107627390236	0.0361606665954	0.0150357867749	0.0399529964747	0.0243830787309	0.00429975429975	0.0161307552612	0.0175996154257	0.0301783997436	0.0286828330307	0.0235017626322	0.015222732614
M3.5-V1.metaT.freeze11.snv.mod.fix.bam	0.139034291208	0.0537602820212	0.0123384253819	0.0968112381156	0.0323149236193	0.0304454652281	0.0366680910159	0.158316419186	0.0700245700246	0.0315404337143	0.0260922978314	0.0185076380729	0.0	0.152601217819	0.0183206922337	0.0574190791582	0.0522380087597	0.0270003204786	0.0541074671509	0.0395791047965	0.0343179147527	0.0537335754727	0.130808674287	0.00595556030339	0.0412349108001	0.0477513086209	0.0495940604636	0.0768881529751	0.0115906420254	0.0143948296122	0.050395256917	0.0234483495353	0.046442687747	0.014982373678	0.02336822989	0.0370686892426	0.0681818181818	0.0275344514475	0.0346650998825	0.0145283623544	0.0460420895204	0.0168251255208	0.0323149236193	0.027027027027	0.0272940925115	0.035412883239
MMRS35808664ST-27-0-0.freeze11.snv.mod.fix.bam	0.000774489904925	0.17164298686	0.127123170601	0.0149556671296	0.155752590535	0.144749492576	0.116280311932	0.000160239290674	0.109256489691	0.153803012499	0.101458177545	0.138366627497	0.152601217819	0.0	0.152547804722	0.182966563401	0.184408717017	0.152093793398	0.187853861767	0.12594808247	0.143627817541	0.18710607841	0.137031300075	0.157942527508	0.104262365132	0.170708257665	0.09072214507	0.12490652708	0.142906740733	0.129713705801	0.177865612648	0.13420040594	0.172978314283	0.127897660506	0.161040487127	0.15807606025	0.108535412883	0.180055549621	0.0836449097319	0.12680269202	0.0932325606239	0.149022540327	0.172604422604	0.128084606345	0.160559769255	0.0865826300609
NG-5636_312.freeze11.snv.mod.fix.bam	0.141571413311	0.0202435637218	0.00718406153189	0.0997222518962	0.00846597585728	0.0124719581241	0.0283356479009	0.158182886444	0.0770216857173	0.0134333938682	0.0258786454439	0.029003311612	0.0183206922337	0.152547804722	0.0	0.064175835915	0.0482854395898	0.01941566072	0.050154897981	0.0424367054802	0.0110298045081	0.0500480717872	0.13024783677	0.0186411708151	0.0334633052024	0.00726418117722	0.0492201687854	0.088265142613	0.021391945305	0.0262258305737	0.0599027881637	0.00902681337464	0.0563241106719	0.0257184061532	0.0267332549941	0.0377363529537	0.0761403696186	0.035653242175	0.0352526439483	0.0150891998718	0.0487661574618	0.00814549727593	0.0491133425916	0.00202969768187	0.0332229462664	0.0384307232133
NG-5636_317.freeze11.snv.mod.fix.bam	0.174527294093	0.0891998718086	0.0543745326354	0.129126161735	0.0712530712531	0.0667663711142	0.0692233735712	0.188414699284	0.0774489904925	0.0643894883025	0.0658850550155	0.0564042303173	0.0574190791582	0.182966563401	0.064175835915	0.0	0.0956628565324	0.0589680589681	0.0985471637646	0.0674607413738	0.0710928319624	0.0978260869565	0.161761563935	0.0655912829826	0.0709325926717	0.0872235872236	0.0815885055015	0.108134814657	0.0613983548766	0.0532528576007	0.0824965281487	0.0610244631984	0.00109496848627	0.0101751949578	0.0620126054909	0.0706922337357	0.0979863262472	0.0857547270591	0.0650571520137	0.0553626749279	0.0797190471104	0.0601965601966	0.00109496848627	0.060944343553	0.00595556030339	0.0627069757505
NG-5636_349.freeze11.snv.mod.fix.bam	0.176717231065	0.0761670761671	0.051116333725	0.133933340455	0.0670334365987	0.0633479329132	0.0707990599295	0.190043798739	0.11083217605	0.0574457857067	0.0682085247303	0.0436385001602	0.0522380087597	0.184408717017	0.0482854395898	0.0956628565324	0.0	0.0547217177652	0.000106826193783	0.0720809742549	0.0661788270484	2.67065484457e-05	0.165607306912	0.0591015917103	0.0749118683901	0.0750988142292	0.0896538831321	0.124853113984	0.0136470462557	0.0567247088986	0.0808140155966	0.0595288964854	0.088024783677	0.0560036320906	0.00547484243136	0.066392479436	0.109603674821	0.0609176370046	0.0647366734323	0.0478047217178	0.0900811879073	0.0469234056191	0.0815885055015	0.0557365666061	0.0417957483175	0.0623063775238
NG-5636_367.freeze11.snv.mod.fix.bam	0.139434889435	0.0217124238863	0.010549086636	0.0952355517573	0.00937399850443	0.0108695652174	0.0229409251148	0.158129473347	0.0694370259588	0.0154363850016	0.0212049994659	0.00891998718086	0.0270003204786	0.152093793398	0.01941566072	0.0589680589681	0.0547217177652	0.0	0.0575793184489	0.035172524303	0.0131930349322	0.0568582416409	0.127443649183	0.0193889541716	0.0237688281167	0.015997222519	0.0350924046576	0.0753658797137	0.0229676316633	0.00595556030339	0.0209379339814	0.00344514474949	0.0467364597799	0.0141010575793	0.0209913470783	0.0371488088879	0.0612114090375	0.0405405405405	0.0330092938789	0.0116974682192	0.0402734750561	0.0110298045081	0.0397927571841	0.00889328063241	0.028282234804	0.0328490545882
NG-5636_381.freeze11.snv.mod.fix.bam	0.180669800235	0.0785172524303	0.0527721397287	0.137538724495	0.0692767866681	0.065617989531	0.0733361820318	0.193488943489	0.113930135669	0.0602766798419	0.0709592992202	0.0466563401346	0.0541074671509	0.187853861767	0.050154897981	0.0985471637646	0.000106826193783	0.0575793184489	0.0	0.0747783356479	0.0683420574725	0.0	0.168918918919	0.0619324858455	0.0784104262365	0.0775558166863	0.0932058540754	0.127603888473	0.0152761457109	0.0603567994872	0.0843659865399	0.0620660185878	0.0906420254246	0.0591550048072	0.00664993056297	0.0688761884414	0.112835167183	0.0628138019442	0.0664725990813	0.0497275932059	0.0931257344301	0.0490065163978	0.0848734109604	0.0574724922551	0.0436652067087	0.0645764341417
NG-5636_384.freeze11.snv.mod.fix.bam	0.111633372503	0.060944343553	0.019656019656	0.0579799166756	0.0337837837838	0.0322080974255	0.0264928960581	0.131342805256	0.0384307232133	0.0421162268988	0.0240091870527	0.0245166114731	0.0395791047965	0.12594808247	0.0424367054802	0.0674607413738	0.0720809742549	0.035172524303	0.0747783356479	0.0	0.0374425809208	0.074003845743	0.0908289712638	0.0365612648221	0.0243563721825	0.0568582416409	0.0316739664566	0.037389167824	0.0311398354877	0.0204839226578	0.0520777694691	0.0266264288003	0.0516237581455	0.0187747035573	0.0384040166649	0.0447868817434	0.0381369511804	0.0566712958017	0.0306591176156	0.0201901506249	0.02457002457	0.0298846277107	0.0462557419079	0.0362674927892	0.0433180215789	0.0254513406687
NG-5636_457.freeze11.snv.mod.fix.bam	0.121060784104	0.00558166862515	0.00611579959406	0.0732026492896	0.00162909945519	0.00355197094328	0.0135936331589	0.14966349749	0.0617989531033	0.00640957162696	0.0139675248371	0.0324751629099	0.0343179147527	0.143627817541	0.0110298045081	0.0710928319624	0.0661788270484	0.0131930349322	0.0683420574725	0.0374425809208	0.0	0.0678880461489	0.12490652708	0.0330360004273	0.013780578998	0.00478047217178	0.0239557739558	0.0681284050849	0.0310864223908	0.0245967311185	0.0674874479222	0.00144215361607	0.0604102125841	0.0245967311185	0.0330092938789	0.0404337143468	0.0638019442367	0.0407274863797	0.0286828330307	0.0126321974148	0.0214453584019	0.00718406153189	0.0521578891144	0.00200299113343	0.0387512017947	0.0276679841897
NG-5636_472.freeze11.snv.mod.fix.bam	0.179948723427	0.0778228821707	0.0527988462771	0.136871060784	0.0687426556992	0.065137271659	0.0728554641598	0.192741160132	0.113529537443	0.0596090161308	0.0705854075419	0.0460420895204	0.0537335754727	0.18710607841	0.0500480717872	0.0978260869565	2.67065484457e-05	0.0568582416409	0.0	0.074003845743	0.0678880461489	0.0	0.168117722466	0.0613449417797	0.0776092297831	0.0767813267813	0.092404657622	0.127123170601	0.0151159064203	0.0595288964854	0.0835647900865	0.0611312893922	0.0900010682619	0.0583271018054	0.00635615853007	0.0681016985365	0.112140796923	0.0622529644269	0.0661788270484	0.0492201687854	0.0928052558487	0.0485792116227	0.0841790407008	0.0571253071253	0.0432379019336	0.0644963144963
SAMEA3136631.freeze11.snv.mod.fix.bam	0.131689990386	0.150384574298	0.0711729516077	0.0395256916996	0.100496741801	0.0932592671723	0.0389648541822	0.140583271018	0.00867962824485	0.131503044547	0.0459352633266	0.0795053947228	0.130808674287	0.137031300075	0.13024783677	0.161761563935	0.165607306912	0.127443649183	0.168918918919	0.0908289712638	0.12490652708	0.168117722466	0.0	0.132197414806	0.0343713278496	0.148434996261	0.0559769255421	0.00827903001816	0.103915180002	0.0658850550155	0.132624719581	0.107440444397	0.143761350283	0.066873197308	0.137218245914	0.135535733362	0.0138072855464	0.158316419186	0.0732026492896	0.0578463839333	0.0127924367055	0.115853007157	0.149182779618	0.111793611794	0.139301356693	0.0403001816045
SAMEA3136635.freeze11.snv.mod.fix.bam	0.142586262151	0.0545614784745	0.0133532742228	0.0967845315671	0.0316739664566	0.0283089413524	0.0339440230745	0.163871381263	0.0672737955347	0.0316739664566	0.0193088345262	0.0114036961863	0.00595556030339	0.157942527508	0.0186411708151	0.0655912829826	0.0591015917103	0.0193889541716	0.0619324858455	0.0365612648221	0.0330360004273	0.0613449417797	0.132197414806	0.0	0.0361606665954	0.0469768187159	0.0453477192608	0.0702115158637	0.00921375921376	0.00347185129794	0.0369351565004	0.0194690738169	0.051116333725	0.00998824911868	0.0288430723213	0.0325018694584	0.06219955133	0.041288323897	0.0331161200726	0.014742014742	0.041288323897	0.0203503899156	0.0347185129794	0.0254513406687	0.0305522914219	0.0334900117509
SAMEA3136636.freeze11.snv.mod.fix.bam	0.087490652708	0.0374959940177	0.00384574297618	0.034638393334	0.0028041875868	0.00616921269095	0.00259053519923	0.109657087918	0.0114036961863	0.0263593633159	0.00416622155753	0.0167450058754	0.0412349108001	0.104262365132	0.0334633052024	0.0709325926717	0.0749118683901	0.0237688281167	0.0784104262365	0.0243563721825	0.013780578998	0.0776092297831	0.0343713278496	0.0361606665954	0.0	0.0322348039739	0.00333831855571	0.00774489904925	0.021872663177	0.00956094434355	0.047697895524	0.00571520136738	0.0507691485952	0.0104155538938	0.0403001816045	0.0469234056191	0.0116173485739	0.0601164405512	0.0185877577182	0.00392586262151	0.00251041555389	0.0134601004166	0.0488729836556	0.0161040487127	0.047457536588	0.0098814229249
SAMEA3136638.freeze11.snv.mod.fix.bam	0.16288323897	0.000534130968914	0.0173592564897	0.118229889969	0.00128191432539	0.00595556030339	0.0254246341203	0.176102980451	0.0928052558487	0.00488729836556	0.0326086956522	0.0499412455934	0.0477513086209	0.170708257665	0.00726418117722	0.0872235872236	0.0750988142292	0.015997222519	0.0775558166863	0.0568582416409	0.00478047217178	0.0767813267813	0.148434996261	0.0469768187159	0.0322348039739	0.0	0.0526920200833	0.105384040167	0.0445999359043	0.0453744258092	0.0841523341523	0.00761136630702	0.0776359363316	0.0432379019336	0.0455079585514	0.0564576434142	0.0943008225617	0.0585941672898	0.0460955026172	0.0285760068369	0.057525905352	0.0119378271552	0.0732827689349	0.000774489904925	0.049914539045	0.0499679521419
SAMEA3136646.freeze11.snv.mod.fix.bam	0.0772353381049	0.061718833458	0.00883986753552	0.0355998290781	0.0105757931845	0.0155432111954	0.0121514795428	0.0957696827262	0.0251308620874	0.0424634120286	0.0102553146031	0.0230744578571	0.0495940604636	0.09072214507	0.0492201687854	0.0815885055015	0.0896538831321	0.0350924046576	0.0932058540754	0.0316739664566	0.0239557739558	0.092404657622	0.0559769255421	0.0453477192608	0.00333831855571	0.0526920200833	0.0	0.0275344514475	0.0262792436705	0.0138606986433	0.0547217177652	0.0101484884094	0.0567514154471	0.0150090802265	0.0519976498237	0.0563775237688	0.0228073923726	0.0757397713919	0.0198696720436	0.0114304027348	0.00881316098707	0.0254513406687	0.0545080653776	0.0269736139301	0.0585140476445	0.0132197414806
SAMEA3136648.freeze11.snv.mod.fix.bam	0.116547377417	0.11133960047	0.0145817754513	0.0300181604529	0.0240358936011	0.0291635509027	0.00926717231065	0.128645443863	0.004914004914	0.0883185557099	0.0109496848627	0.0160239290674	0.0768881529751	0.12490652708	0.088265142613	0.108134814657	0.124853113984	0.0753658797137	0.127603888473	0.037389167824	0.0681284050849	0.127123170601	0.00827903001816	0.0702115158637	0.00774489904925	0.105384040167	0.0275344514475	0.0	0.0303386390343	0.00948082469822	0.0445198162589	0.0395256916996	0.058006623224	0.00611579959406	0.0770216857173	0.0757397713919	0.00643627817541	0.105357333618	0.0224869137913	0.00675675675676	0.00376562333084	0.0398194637325	0.0747783356479	0.0673806217284	0.0890129259694	0.0139141117402
SAMEA3136649.freeze11.snv.mod.fix.bam	0.116654203611	0.0514635188548	0.00774489904925	0.0713866039953	0.0271071466724	0.0235551757291	0.0210180536267	0.148782181391	0.035893601111	0.0305255848734	0.0132731545775	0.00614250614251	0.0115906420254	0.142906740733	0.021391945305	0.0613983548766	0.0136470462557	0.0229676316633	0.0152761457109	0.0311398354877	0.0310864223908	0.0151159064203	0.103915180002	0.00921375921376	0.021872663177	0.0445999359043	0.0262792436705	0.0303386390343	0.0	0.00785172524303	0.0460955026172	0.0166915927785	0.0481519068476	0.00891998718086	0.00371221023395	0.0351191112061	0.0355197094328	0.0331161200726	0.0257184061532	0.00734430082256	0.0206174554001	0.0151426129687	0.0289231919667	0.0253712210234	0.0165847665848	0.0170921910052
SAMEA3136656.freeze11.snv.mod.fix.bam	0.105197094328	0.0518374105331	0.00440658049354	0.0558700993484	0.0155699177438	0.0168251255208	0.0103354342485	0.136043157782	0.0155165046469	0.029243670548	0.00486059181711	0.0015756863583	0.0143948296122	0.129713705801	0.0262258305737	0.0532528576007	0.0567247088986	0.00595556030339	0.0603567994872	0.0204839226578	0.0245967311185	0.0595288964854	0.0658850550155	0.00347185129794	0.00956094434355	0.0453744258092	0.0138606986433	0.00948082469822	0.00785172524303	0.0	0.0126321974148	0.00582202756116	0.0348787522701	0.00114838158316	0.0208044012392	0.0328490545882	0.00822561692127	0.0415820959299	0.0188548232026	0.00328490545882	0.00777160559769	0.0148221343874	0.0274810383506	0.0241160132464	0.0268133746395	0.0106024997329
SAMEA3136660.freeze11.snv.mod.fix.bam	0.160239290674	0.0880514902254	0.0391785065698	0.11409037496	0.0684755902147	0.0589680589681	0.0498878324965	0.184275184275	0.057766264288	0.0585407541929	0.0438788590963	0.00389915607307	0.050395256917	0.177865612648	0.0599027881637	0.0824965281487	0.0808140155966	0.0209379339814	0.0843659865399	0.0520777694691	0.0674874479222	0.0835647900865	0.132624719581	0.0369351565004	0.047697895524	0.0841523341523	0.0547217177652	0.0445198162589	0.0460955026172	0.0126321974148	0.0	0.0385375494071	0.0726418117722	0.0237154150198	0.0436385001602	0.0660185877577	0.0379232987929	0.0753391731653	0.0536267492789	0.0298579211623	0.0489531033009	0.0512231599188	0.065377630595	0.0575793184489	0.0509828009828	0.0447868817434
SAMEA3136661.freeze11.snv.mod.fix.bam	0.108962717658	0.0106024997329	0.00197628458498	0.0583271018054	0.00098814229249	0.0021632304241	0.00670334365987	0.14036961863	0.0405405405405	0.00774489904925	0.00528789659224	0.0118577075099	0.0234483495353	0.13420040594	0.00902681337464	0.0610244631984	0.0595288964854	0.00344514474949	0.0620660185878	0.0266264288003	0.00144215361607	0.0611312893922	0.107440444397	0.0194690738169	0.00571520136738	0.00761136630702	0.0101484884094	0.0395256916996	0.0166915927785	0.00582202756116	0.0385375494071	0.0	0.0464159811986	0.0086529216964	0.0231812840508	0.0323950432646	0.0381636577289	0.0325285760068	0.0194957803653	0.0033917316526	0.0107360324752	0.00427304775131	0.0354395897874	0.00336502510416	0.0278816365773	0.0160773421643
SAMEA3136711.freeze11.snv.mod.fix.bam	0.158369832283	0.0812947334686	0.0364010255315	0.104743083004	0.0603033863903	0.0537068689243	0.0488729836556	0.178559982908	0.0414752697361	0.0548018374105	0.0450272406794	0.0397927571841	0.046442687747	0.172978314283	0.0563241106719	0.00109496848627	0.088024783677	0.0467364597799	0.0906420254246	0.0516237581455	0.0604102125841	0.0900010682619	0.143761350283	0.051116333725	0.0507691485952	0.0776359363316	0.0567514154471	0.058006623224	0.0481519068476	0.0348787522701	0.0726418117722	0.0464159811986	0.0	0.000667663711142	0.0512498664673	0.060463625681	0.0689830146352	0.0738436064523	0.0515703450486	0.0383238970195	0.0506089093046	0.0477780151693	0.000507424420468	0.0512765730157	0.00379232987929	0.0444931097105
SAMEA3136714.freeze11.snv.mod.fix.bam	0.102553146031	0.0498077128512	0.00277748103835	0.0540807606025	0.0135669266104	0.0148488409358	0.0086529216964	0.134227112488	0.00803867108215	0.0274543318022	0.00627603888473	0.00304454652281	0.014982373678	0.127897660506	0.0257184061532	0.0101751949578	0.0560036320906	0.0141010575793	0.0591550048072	0.0187747035573	0.0245967311185	0.0583271018054	0.066873197308	0.00998824911868	0.0104155538938	0.0432379019336	0.0150090802265	0.00611579959406	0.00891998718086	0.00114838158316	0.0237154150198	0.0086529216964	0.000667663711142	0.0	0.0194423672685	0.0278282234804	0.0109496848627	0.038590962504	0.0164245272941	0.00323149236193	0.00681016985365	0.0145283623544	0.000827903001816	0.0223800875975	0.00518107039846	0.0104422604423
SAMEA3136733.freeze11.snv.mod.fix.bam	0.141544706762	0.0497008866574	0.0153028522594	0.101084285867	0.0285760068369	0.0266264288003	0.0352526439483	0.166755688495	0.0723480397393	0.0279617562226	0.0330360004273	0.0107627390236	0.02336822989	0.161040487127	0.0267332549941	0.0620126054909	0.00547484243136	0.0209913470783	0.00664993056297	0.0384040166649	0.0330092938789	0.00635615853007	0.137218245914	0.0288430723213	0.0403001816045	0.0455079585514	0.0519976498237	0.0770216857173	0.00371221023395	0.0208044012392	0.0436385001602	0.0231812840508	0.0512498664673	0.0194423672685	0.0	0.0409678453157	0.0711462450593	0.037869885696	0.0367215041128	0.0151426129687	0.0488462771071	0.01941566072	0.0357600683688	0.0269736139301	0.0146351885482	0.0343446213011
SAMEA3136739.freeze11.snv.mod.fix.bam	0.143520991347	0.0611847024891	0.027027027027	0.100443328704	0.0413684435424	0.0391518000214	0.0456414912937	0.164111740199	0.0761136630702	0.0420361072535	0.0405138339921	0.0361606665954	0.0370686892426	0.15807606025	0.0377363529537	0.0706922337357	0.066392479436	0.0371488088879	0.0688761884414	0.0447868817434	0.0404337143468	0.0681016985365	0.135535733362	0.0325018694584	0.0469234056191	0.0564576434142	0.0563775237688	0.0757397713919	0.0351191112061	0.0328490545882	0.0660185877577	0.0323950432646	0.060463625681	0.0278282234804	0.0409678453157	0.0	0.0750721076808	0.0526920200833	0.0434248477727	0.0283356479009	0.0526653135349	0.0314870206175	0.0528789659224	0.0362140796923	0.0417156286722	0.0402467685076
V1.CD3-0-PT.freeze11.snv.mod.fix.bam	0.098573870313	0.0986005768614	0.0176263219741	0.0295908556778	0.0363476124346	0.0370152761457	0.0134601004166	0.11323576541	0.00416622155753	0.0760335434248	0.014742014742	0.0150357867749	0.0681818181818	0.108535412883	0.0761403696186	0.0979863262472	0.109603674821	0.0612114090375	0.112835167183	0.0381369511804	0.0638019442367	0.112140796923	0.0138072855464	0.06219955133	0.0116173485739	0.0943008225617	0.0228073923726	0.00643627817541	0.0355197094328	0.00822561692127	0.0379232987929	0.0381636577289	0.0689830146352	0.0109496848627	0.0711462450593	0.0750721076808	0.0	0.0944610618524	0.0252911013781	0.0129526759962	0.00421963465442	0.0499946586903	0.0757130648435	0.0618523662002	0.0772353381049	0.0146351885482
V1.CD32-4.freeze11.snv.mod.fix.bam	0.168117722466	0.0671402627924	0.00349855784638	0.123410960367	0.038110244632	0.037389167824	0.0523982480504	0.185583805149	0.096357226792	0.0397393440872	0.0482854395898	0.0399529964747	0.0275344514475	0.180055549621	0.035653242175	0.0857547270591	0.0609176370046	0.0405405405405	0.0628138019442	0.0566712958017	0.0407274863797	0.0622529644269	0.158316419186	0.041288323897	0.0601164405512	0.0585941672898	0.0757397713919	0.105357333618	0.0331161200726	0.0415820959299	0.0753391731653	0.0325285760068	0.0738436064523	0.038590962504	0.037869885696	0.0526920200833	0.0944610618524	0.0	0.0512765730157	0.00445999359043	0.0724548659331	0.00120179468006	0.0640423031727	0.0323416301677	0.0441459245807	0.0523448349535
V1.CD8-0-PN.freeze11.snv.mod.fix.bam	0.0488729836556	0.0514902254033	0.0151159064203	0.0208845208845	0.0213385322081	0.0133532742228	0.0113502830894	0.0913096891358	0.0252376882812	0.0356265356265	0.0119912402521	0.0243830787309	0.0346650998825	0.0836449097319	0.0352526439483	0.0650571520137	0.0647366734323	0.0330092938789	0.0664725990813	0.0306591176156	0.0286828330307	0.0661788270484	0.0732026492896	0.0331161200726	0.0185877577182	0.0460955026172	0.0198696720436	0.0224869137913	0.0257184061532	0.0188548232026	0.0536267492789	0.0194957803653	0.0515703450486	0.0164245272941	0.0367215041128	0.0434248477727	0.0252911013781	0.0512765730157	0.0	0.015222732614	0.00729088772567	0.023848947762	0.047457536588	0.02972438842	0.041528682833	0.0181337463946
V1.FI30.freeze11.snv.mod.fix.bam	0.102900331161	0.034638393334	0.000240358936011	0.0535466296336	0.00349855784638	0.00600897340028	0.00304454652281	0.133265676744	0.0127390236086	0.0174927892319	0.00304454652281	0.00429975429975	0.0145283623544	0.12680269202	0.0150891998718	0.0553626749279	0.0478047217178	0.0116974682192	0.0497275932059	0.0201901506249	0.0126321974148	0.0492201687854	0.0578463839333	0.014742014742	0.00392586262151	0.0285760068369	0.0114304027348	0.00675675675676	0.00734430082256	0.00328490545882	0.0298579211623	0.0033917316526	0.0383238970195	0.00323149236193	0.0151426129687	0.0283356479009	0.0129526759962	0.00445999359043	0.015222732614	0.0	0.00331161200726	0.000400598226685	0.0288697788698	0.0128458498024	0.0235818822775	0.00902681337464
V1.UC31-4.freeze11.snv.mod.fix.bam	0.0805202435637	0.0657782288217	0.00349855784638	0.0150891998718	0.00312466616814	0.00779831214614	0.00189616493964	0.0979329131503	0.00229676316633	0.0428373037069	0.00256382865079	0.0161307552612	0.0460420895204	0.0932325606239	0.0487661574618	0.0797190471104	0.0900811879073	0.0402734750561	0.0931257344301	0.02457002457	0.0214453584019	0.0928052558487	0.0127924367055	0.041288323897	0.00251041555389	0.057525905352	0.00881316098707	0.00376562333084	0.0206174554001	0.00777160559769	0.0489531033009	0.0107360324752	0.0506089093046	0.00681016985365	0.0488462771071	0.0526653135349	0.00421963465442	0.0724548659331	0.00729088772567	0.00331161200726	0.0	0.0196827262045	0.0521578891144	0.0296442687747	0.0578463839333	0.00681016985365
V1.UC38-4.freeze11.snv.mod.fix.bam	0.134868069651	0.0188281166542	0.000293772032902	0.0878912509347	0.00363209058861	0.00488729836556	0.0101217818609	0.155004807179	0.0485525050742	0.00916034611687	0.0116173485739	0.0175996154257	0.0168251255208	0.149022540327	0.00814549727593	0.0601965601966	0.0469234056191	0.0110298045081	0.0490065163978	0.0298846277107	0.00718406153189	0.0485792116227	0.115853007157	0.0203503899156	0.0134601004166	0.0119378271552	0.0254513406687	0.0398194637325	0.0151426129687	0.0148221343874	0.0512231599188	0.00427304775131	0.0477780151693	0.0145283623544	0.01941566072	0.0314870206175	0.0499946586903	0.00120179468006	0.023848947762	0.000400598226685	0.0196827262045	0.0	0.037389167824	0.00456681978421	0.0249706227967	0.0239290674073
alien-11-376-0.freeze11.snv.mod.fix.bam	0.162349108001	0.0773421642987	0.026786668091	0.109576968273	0.0479115479115	0.0452675996154	0.0478581348147	0.178453156714	0.0497810063027	0.0491133425916	0.0419025745113	0.0301783997436	0.0323149236193	0.172604422604	0.0491133425916	0.00109496848627	0.0815885055015	0.0397927571841	0.0848734109604	0.0462557419079	0.0521578891144	0.0841790407008	0.149182779618	0.0347185129794	0.0488729836556	0.0732827689349	0.0545080653776	0.0747783356479	0.0289231919667	0.0274810383506	0.065377630595	0.0354395897874	0.000507424420468	0.000827903001816	0.0357600683688	0.0528789659224	0.0757130648435	0.0640423031727	0.047457536588	0.0288697788698	0.0521578891144	0.037389167824	0.0	0.0443061638714	0.000267065484457	0.0443061638714
peacemaker-11-60-0.freeze11.snv.mod.fix.bam	0.119458391198	0.00176263219741	0.00518107039846	0.0823629954065	0.000908022647153	0.00301783997436	0.0135936331589	0.132784958872	0.0626268561051	0.00352526439483	0.0158903963252	0.0286828330307	0.027027027027	0.128084606345	0.00202969768187	0.060944343553	0.0557365666061	0.00889328063241	0.0574724922551	0.0362674927892	0.00200299113343	0.0571253071253	0.111793611794	0.0254513406687	0.0161040487127	0.000774489904925	0.0269736139301	0.0673806217284	0.0253712210234	0.0241160132464	0.0575793184489	0.00336502510416	0.0512765730157	0.0223800875975	0.0269736139301	0.0362140796923	0.0618523662002	0.0323416301677	0.02972438842	0.0128458498024	0.0296442687747	0.00456681978421	0.0443061638714	0.0	0.0320478581348	0.0340241427198
scavenger-11-392-0.freeze11.snv.mod.fix.bam	0.151292596945	0.0543211195385	0.0233415233415	0.105624399103	0.0352259373999	0.0341843820105	0.043504967418	0.166248264074	0.0675408610191	0.0351458177545	0.0394989851512	0.0235017626322	0.0272940925115	0.160559769255	0.0332229462664	0.00595556030339	0.0417957483175	0.028282234804	0.0436652067087	0.0433180215789	0.0387512017947	0.0432379019336	0.139301356693	0.0305522914219	0.047457536588	0.049914539045	0.0585140476445	0.0890129259694	0.0165847665848	0.0268133746395	0.0509828009828	0.0278816365773	0.00379232987929	0.00518107039846	0.0146351885482	0.0417156286722	0.0772353381049	0.0441459245807	0.041528682833	0.0235818822775	0.0578463839333	0.0249706227967	0.000267065484457	0.0320478581348	0.0	0.0426236513193
scavenger-11-60-0.freeze11.snv.mod.fix.bam	0.0731759427412	0.0546148915714	0.00886657408397	0.0295374425809	0.0188014101058	0.0201901506249	0.0116707616708	0.0910960367482	0.0146351885482	0.0389915607307	0.00985471637646	0.015222732614	0.035412883239	0.0865826300609	0.0384307232133	0.0627069757505	0.0623063775238	0.0328490545882	0.0645764341417	0.0254513406687	0.0276679841897	0.0644963144963	0.0403001816045	0.0334900117509	0.0098814229249	0.0499679521419	0.0132197414806	0.0139141117402	0.0170921910052	0.0106024997329	0.0447868817434	0.0160773421643	0.0444931097105	0.0104422604423	0.0343446213011	0.0402467685076	0.0146351885482	0.0523448349535	0.0181337463946	0.00902681337464	0.00681016985365	0.0239290674073	0.0443061638714	0.0340241427198	0.0426236513193	0.0
