	147406386-tonguedorsum3.freeze11.snv.mod.fix.bam	158155345-tonguedorsum2.freeze11.snv.mod.fix.bam	158256496-tonguedorsum2.freeze11.snv.mod.fix.bam	158337416-tonguedorsum1.freeze11.snv.mod.fix.bam	158337416-tonguedorsum2.freeze11.snv.mod.fix.bam	158479027-tonguedorsum1.freeze11.snv.mod.fix.bam	158479027-tonguedorsum2.freeze11.snv.mod.fix.bam	158499257-tonguedorsum1.freeze11.snv.mod.fix.bam	158499257-tonguedorsum2.freeze11.snv.mod.fix.bam	158802708-tonguedorsum2.freeze11.snv.mod.fix.bam	158883629-tonguedorsum1.freeze11.snv.mod.fix.bam	158883629-tonguedorsum2.freeze11.snv.mod.fix.bam	158883629-tonguedorsum3.freeze11.snv.mod.fix.bam	158944319-tonguedorsum1.freeze11.snv.mod.fix.bam	158944319-tonguedorsum3.freeze11.snv.mod.fix.bam	159005010-tonguedorsum2.freeze11.snv.mod.fix.bam	159207311-tonguedorsum1.freeze11.snv.mod.fix.bam	159207311-tonguedorsum2.freeze11.snv.mod.fix.bam	159207311-tonguedorsum3.freeze11.snv.mod.fix.bam	159227541-tonguedorsum3.freeze11.snv.mod.fix.bam	159247771-tonguedorsum2.freeze11.snv.mod.fix.bam	159268001-tonguedorsum1.freeze11.snv.mod.fix.bam	159510762-tonguedorsum2.freeze11.snv.mod.fix.bam	159551223-tonguedorsum2.freeze11.snv.mod.fix.bam	159591683-tonguedorsum2.freeze11.snv.mod.fix.bam	159611913-tonguedorsum1.freeze11.snv.mod.fix.bam	159611913-tonguedorsum2.freeze11.snv.mod.fix.bam	159632143-tonguedorsum1.freeze11.snv.mod.fix.bam	159733294-tonguedorsum1.freeze11.snv.mod.fix.bam	159915365-tonguedorsum1.freeze11.snv.mod.fix.bam	160178356-tonguedorsum2.freeze11.snv.mod.fix.bam	160259276-tonguedorsum1.freeze11.snv.mod.fix.bam	160319967-tonguedorsum2.freeze11.snv.mod.fix.bam	160400887-tonguedorsum1.freeze11.snv.mod.fix.bam	160502038-tonguedorsum3.freeze11.snv.mod.fix.bam	160582958-tonguedorsum1.freeze11.snv.mod.fix.bam	160582958-tonguedorsum3.freeze11.snv.mod.fix.bam	160603188-tonguedorsum1.freeze11.snv.mod.fix.bam	160603188-tonguedorsum2.freeze11.snv.mod.fix.bam	160603188-tonguedorsum3.freeze11.snv.mod.fix.bam	160643649-tonguedorsum1.freeze11.snv.mod.fix.bam	160765029-tonguedorsum1.freeze11.snv.mod.fix.bam	160906640-tonguedorsum1.freeze11.snv.mod.fix.bam	234447334-tonguedorsum2.freeze11.snv.mod.fix.bam	246515023-tonguedorsum1.freeze11.snv.mod.fix.bam	246515023-tonguedorsum2.freeze11.snv.mod.fix.bam	404239096-tonguedorsum1.freeze11.snv.mod.fix.bam	508703490-tonguedorsum1.freeze11.snv.mod.fix.bam	508703490-tonguedorsum2.freeze11.snv.mod.fix.bam	550534656-tonguedorsum1.freeze11.snv.mod.fix.bam	550534656-tonguedorsum2.freeze11.snv.mod.fix.bam	550534656-tonguedorsum3.freeze11.snv.mod.fix.bam	604812005-tonguedorsum3.freeze11.snv.mod.fix.bam	638754422-tonguedorsum1.freeze11.snv.mod.fix.bam	638754422-tonguedorsum2.freeze11.snv.mod.fix.bam	638754422-tonguedorsum3.freeze11.snv.mod.fix.bam	663835652-tonguedorsum2.freeze11.snv.mod.fix.bam	663835652-tonguedorsum3.freeze11.snv.mod.fix.bam	675950834-tonguedorsum1.freeze11.snv.mod.fix.bam	675950834-tonguedorsum2.freeze11.snv.mod.fix.bam	706846339-supragingivalplaque2.freeze11.snv.mod.fix.bam	706846339-tonguedorsum1.freeze11.snv.mod.fix.bam	737052003-tonguedorsum1.freeze11.snv.mod.fix.bam	737052003-tonguedorsum2.freeze11.snv.mod.fix.bam	739574095-tonguedorsum2.freeze11.snv.mod.fix.bam	763395383-anteriornares3.freeze11.snv.mod.fix.bam	763395383-tonguedorsum3.freeze11.snv.mod.fix.bam	763435843-tonguedorsum2.freeze11.snv.mod.fix.bam	763536994-tonguedorsum1.freeze11.snv.mod.fix.bam	763536994-tonguedorsum2.freeze11.snv.mod.fix.bam	763536994-tonguedorsum3.freeze11.snv.mod.fix.bam	763577454-tonguedorsum1.freeze11.snv.mod.fix.bam	763577454-tonguedorsum2.freeze11.snv.mod.fix.bam	763759525-tonguedorsum2.freeze11.snv.mod.fix.bam	763840445-tonguedorsum1.freeze11.snv.mod.fix.bam	763901136-tonguedorsum1.freeze11.snv.mod.fix.bam	763901136-tonguedorsum2.freeze11.snv.mod.fix.bam	763901136-tonguedorsum3.freeze11.snv.mod.fix.bam	763961826-tonguedorsum1.freeze11.snv.mod.fix.bam	763982056-tonguedorsum3.freeze11.snv.mod.fix.bam	764042746-tonguedorsum1.freeze11.snv.mod.fix.bam	764062976-tonguedorsum2.freeze11.snv.mod.fix.bam	764083206-tonguedorsum1.freeze11.snv.mod.fix.bam	764143897-tonguedorsum1.freeze11.snv.mod.fix.bam	764143897-tonguedorsum2.freeze11.snv.mod.fix.bam	764224817-tonguedorsum1.freeze11.snv.mod.fix.bam	764285508-tonguedorsum2.freeze11.snv.mod.fix.bam	764305738-tonguedorsum1.freeze11.snv.mod.fix.bam	764325968-tonguedorsum1.freeze11.snv.mod.fix.bam	764325968-tonguedorsum2.freeze11.snv.mod.fix.bam	764366428-throat2.freeze11.snv.mod.fix.bam	764366428-tonguedorsum2.freeze11.snv.mod.fix.bam	764447348-tonguedorsum1.freeze11.snv.mod.fix.bam	764467579-tonguedorsum3.freeze11.snv.mod.fix.bam	764487809-tonguedorsum2.freeze11.snv.mod.fix.bam	764508039-tonguedorsum1.freeze11.snv.mod.fix.bam	764508039-tonguedorsum3.freeze11.snv.mod.fix.bam	764588959-tonguedorsum1.freeze11.snv.mod.fix.bam	764588959-tonguedorsum2.freeze11.snv.mod.fix.bam	764811490-tonguedorsum1.freeze11.snv.mod.fix.bam	764811490-tonguedorsum2.freeze11.snv.mod.fix.bam	764872181-tonguedorsum1.freeze11.snv.mod.fix.bam	764892411-tonguedorsum2.freeze11.snv.mod.fix.bam	765013792-tonguedorsum1.freeze11.snv.mod.fix.bam	765013792-tonguedorsum2.freeze11.snv.mod.fix.bam	765013792-tonguedorsum3.freeze11.snv.mod.fix.bam	765034022-tonguedorsum1.freeze11.snv.mod.fix.bam	765074482-tonguedorsum1.freeze11.snv.mod.fix.bam	765074482-tonguedorsum3.freeze11.snv.mod.fix.bam	765094712-tonguedorsum1.freeze11.snv.mod.fix.bam	765094712-tonguedorsum2.freeze11.snv.mod.fix.bam	765135172-tonguedorsum1.freeze11.snv.mod.fix.bam	765155402-tonguedorsum3.freeze11.snv.mod.fix.bam	765195863-tonguedorsum3.freeze11.snv.mod.fix.bam	765216093-tonguedorsum3.freeze11.snv.mod.fix.bam	765337473-tonguedorsum3.freeze11.snv.mod.fix.bam	765377934-palatinetonsils3.freeze11.snv.mod.fix.bam	765620695-tonguedorsum1.freeze11.snv.mod.fix.bam	765640925-tonguedorsum1.freeze11.snv.mod.fix.bam	765701615-tonguedorsum2.freeze11.snv.mod.fix.bam	823052294-tonguedorsum1.freeze11.snv.mod.fix.bam	823052294-tonguedorsum3.freeze11.snv.mod.fix.bam	857980665-tonguedorsum2.freeze11.snv.mod.fix.bam	861967750-tonguedorsum1.freeze11.snv.mod.fix.bam	861967750-tonguedorsum2.freeze11.snv.mod.fix.bam	863126187-tonguedorsum3.freeze11.snv.mod.fix.bam
147406386-tonguedorsum3.freeze11.snv.mod.fix.bam	0.0	0.126859800908	0.123671886925	0.120458404671	0.123889576829	0.118896330715	0.122464759831	0.123392624582	0.117420239885	0.118789690557	0.132752644585	0.130530980636	0.131619224117	0.114608667948	0.118341874616	0.119224651752	0.140815266017	0.119949377168	0.127247803788	0.108491201079	0.123773250604	0.113733544173	0.115166487498	0.11503413343	0.122509870969	0.121393901151	0.119654691116	0.12294991321	0.114397067281	0.125239938436	0.12111756225	0.109085714419	0.109975245848	0.112135430239	0.11566081121	0.117739780287	0.11807930417	0.116982902045	0.121661472264	0.114846310943	0.127271581046	0.145022155594	0.111685435563	0.110494102965	0.111426450403	0.110799520112	0.128750158534	0.11189173043	0.109163949774	0.129234385157	0.125102486932	0.125158057196	0.108741249025	0.108947122239	0.114919808491	0.112416595974	0.120424494805	0.117541165619	0.119346902425	0.11140331089	0.116816752067	0.114623008318	0.118975996856	0.12083948411	0.138144150267	0.120010057107	0.121795568027	0.122016820782	0.117924631326	0.117968741455	0.116722098749	0.117496959124	0.114095506588	0.116464756742	0.112884266571	0.113219655025	0.11323044704	0.113008460675	0.112845817031	0.110687889491	0.117091707351	0.114703721636	0.104627423237	0.123954855925	0.11571415181	0.113193223689	0.124127755327	0.118001993625	0.102842907141	0.114056546822	0.117749918947	0.11356320687	0.119793502801	0.109725248918	0.148838400157	0.124179961108	0.1188208527	0.112680560372	0.113791123744	0.103724246863	0.109552433294	0.118930486382	0.10971813438	0.108630595819	0.113957881296	0.108508886104	0.109841221874	0.121222556464	0.128118945925	0.130678506065	0.13354023842	0.115283601375	0.109791501009	0.111228055762	0.111931613025	0.113526065763	0.112080123375	0.114647280982	0.114165371329	0.110741432772	0.106539838123	0.107084914994	0.114701229298	0.11744953511	0.116916599268	0.121876285211
158155345-tonguedorsum2.freeze11.snv.mod.fix.bam	0.126859800908	0.0	0.0680521416835	0.124723424038	0.127464475743	0.121754406384	0.127043242381	0.125348393521	0.11940820454	0.122591353447	0.136221024554	0.12855888147	0.133051417185	0.117354525062	0.12133030638	0.123189218492	0.142187631374	0.121300757961	0.127676463683	0.113920603872	0.119015766003	0.11662987208	0.120210244036	0.116339435179	0.127673622087	0.126038727255	0.123431595456	0.124500522663	0.118168865413	0.12817568028	0.128005707952	0.115795270146	0.115867969074	0.11665035494	0.120365955885	0.121085352903	0.121675641778	0.119472202427	0.12534163778	0.116974663813	0.130097213238	0.145433775802	0.118982461527	0.115081583708	0.117448783666	0.113603369921	0.134283106123	0.116181463231	0.112280119421	0.134656059805	0.13019527976	0.130053860169	0.111159779108	0.114464102375	0.119140202631	0.116267988847	0.112573436942	0.114800201381	0.125344179702	0.117358325827	0.12439456945	0.119637958406	0.122334071934	0.127564403063	0.142193544947	0.127090526265	0.125616352895	0.125777518431	0.124895142818	0.123685359807	0.123512076787	0.123451827366	0.120083598433	0.121220926561	0.117097825184	0.116271091966	0.116438551068	0.116141046425	0.117237936456	0.113833394178	0.118957240818	0.120381452561	0.109757011357	0.125687498324	0.118883187211	0.119311816519	0.128791424703	0.122928235244	0.110861546087	0.119385639188	0.124281808757	0.117399444696	0.121269444853	0.113561532637	0.152933967805	0.125539525837	0.119163186722	0.116572137206	0.118305072374	0.113775033358	0.113894949331	0.114419626548	0.112900436248	0.115581200526	0.121023822018	0.111584920471	0.113822979871	0.12577353833	0.131652767726	0.135965398834	0.138229442948	0.122035848358	0.111918237909	0.120170169965	0.118478097236	0.118107548728	0.117714851977	0.120051893593	0.118494784318	0.11658413802	0.110604194621	0.111823756559	0.119153268618	0.122802164595	0.122353599247	0.127745064383
158256496-tonguedorsum2.freeze11.snv.mod.fix.bam	0.123671886925	0.0680521416835	0.0	0.118869844639	0.12214618561	0.116077822799	0.121027906652	0.122242900494	0.115470080517	0.118989720197	0.132422081322	0.127034317607	0.129279273115	0.1117408388	0.116544640859	0.118453729551	0.142706588738	0.116462234863	0.124117456408	0.107740628073	0.122534519051	0.109156294172	0.115369600055	0.0970010273406	0.122409171231	0.121039647575	0.11786364873	0.121466041917	0.11257252869	0.120836540138	0.122999187475	0.108701984747	0.110204431613	0.110425778594	0.114233599776	0.115923406732	0.11702891034	0.105280866949	0.110019544953	0.104048813375	0.127475612683	0.144817417413	0.113909683756	0.109505877751	0.11131880687	0.107324672449	0.129623512266	0.111271848528	0.107448557858	0.131036128745	0.125813423723	0.126027227671	0.105159688776	0.107150090195	0.113587921324	0.109434314207	0.110884712952	0.11189310173	0.119841075657	0.110382014882	0.120010066579	0.11520304691	0.116995808859	0.122501371656	0.141665631671	0.122808801779	0.121144632091	0.120729009095	0.118845278202	0.118466078597	0.117682364641	0.117352164426	0.113458953691	0.114919407643	0.110582096785	0.11243795006	0.112794553626	0.112114307066	0.111672240909	0.108337596494	0.115238191064	0.115556031007	0.102431910352	0.1205589946	0.113618999412	0.112290429672	0.124652213639	0.119175674528	0.105428674948	0.11489076083	0.118616101029	0.111945251472	0.118648434048	0.108857679272	0.150032922064	0.123762170549	0.116670031646	0.110522669727	0.113317275178	0.107257279498	0.108498388268	0.119107427643	0.108676886609	0.10885062207	0.118703284824	0.108789675443	0.10813127222	0.121457228944	0.128121229267	0.131468134383	0.134410188112	0.116129302507	0.109173589185	0.11410382599	0.113539170142	0.111619422397	0.112248411208	0.114559720837	0.113350436654	0.109847808298	0.104862024707	0.10664868697	0.114235130614	0.117969584266	0.117634914231	0.121089592338
158337416-tonguedorsum1.freeze11.snv.mod.fix.bam	0.120458404671	0.124723424038	0.118869844639	0.0	0.0495971606929	0.113753527184	0.117968606024	0.120018497657	0.112345188976	0.115821363759	0.130364748096	0.127182396153	0.127426123733	0.107832580073	0.113578779871	0.116825191633	0.141605260855	0.115016970161	0.123647221289	0.102552462983	0.120929934135	0.106272728286	0.106441957213	0.108213529776	0.119527635551	0.119123666703	0.1159761224	0.120909470633	0.109389090382	0.120332942634	0.121105364771	0.104733547968	0.105943107033	0.107107022972	0.111310514669	0.113077405917	0.113970439357	0.111342396051	0.117308711313	0.107678533225	0.126048388889	0.146030159342	0.108941497781	0.105963827425	0.106837103721	0.104703313931	0.126314632025	0.108265744947	0.104327171003	0.128782718174	0.123686962307	0.12388377578	0.0994120890577	0.101589519041	0.110818603383	0.105816004282	0.119909810002	0.117112319978	0.116482882095	0.107440936587	0.114508458869	0.110730869357	0.114532703499	0.120219176346	0.139108454898	0.119507173402	0.11817121225	0.11317872856	0.115648972635	0.115197209533	0.114720080782	0.113850667301	0.109813741433	0.112265743616	0.103107684288	0.109653313402	0.11000834937	0.109529261413	0.108203645571	0.104841882392	0.114259380609	0.112431605932	0.0986705363032	0.118644054775	0.110412112688	0.10719990539	0.122743895783	0.116249129083	0.102916034485	0.110812413231	0.115244877326	0.10951968313	0.117929016653	0.105538089301	0.148809441479	0.123434950862	0.115910070104	0.107258523499	0.109114632116	0.103042621669	0.104349909593	0.117928045037	0.106177667429	0.10367528502	0.116529366247	0.106662975446	0.105108143567	0.119243062197	0.127208918379	0.128727235589	0.131625909597	0.11434300324	0.106591712044	0.110809428442	0.109991596831	0.108813313087	0.108282514855	0.110631535604	0.110010320698	0.103658776851	0.0983978500897	0.10244108978	0.111822565457	0.115324417403	0.114539778049	0.12061512477
158337416-tonguedorsum2.freeze11.snv.mod.fix.bam	0.123889576829	0.127464475743	0.12214618561	0.0495971606929	0.0	0.117539443592	0.121661305432	0.122717163532	0.115733860703	0.119379471195	0.133588318659	0.129466506074	0.13065164184	0.111564712555	0.116825204437	0.120578113206	0.143061511685	0.118652500201	0.126110608576	0.106642036276	0.123830677251	0.110923371544	0.112867561149	0.112747736696	0.122177811483	0.121664490365	0.118956660813	0.124007746462	0.112462102221	0.123767726816	0.123929541053	0.108643005006	0.110348153911	0.111733750844	0.114622781433	0.117200206838	0.118279623887	0.115368252911	0.12057482235	0.112390370804	0.128648500361	0.147770798767	0.112738981181	0.110208106014	0.111185545052	0.109035514977	0.129611274809	0.111906296933	0.108525079961	0.130829869509	0.125999196994	0.126097120572	0.102517240006	0.105959121352	0.113728099289	0.109782278262	0.122734164518	0.119836934842	0.120141561101	0.111722881201	0.118146605589	0.113281453059	0.117610313533	0.123608774023	0.14053235765	0.121638906655	0.121081423015	0.111195204555	0.118345308797	0.118102565682	0.118160765386	0.117859635468	0.113517013121	0.115786406351	0.107769105592	0.114021926822	0.114307424278	0.113780122127	0.112389456705	0.108608338531	0.117077697487	0.116071625891	0.102863250193	0.122025626256	0.11370321501	0.112033985332	0.125228156552	0.119273870008	0.107202092164	0.114804661332	0.119344267252	0.113642636133	0.120621580416	0.109545422461	0.15015183951	0.126291569195	0.118603325225	0.111516169834	0.113266442249	0.10696149725	0.108150395404	0.120051590132	0.110154457892	0.108501612364	0.119633730087	0.110386175366	0.109126995809	0.122337568012	0.129047940184	0.131353019114	0.134219390778	0.117936515998	0.11026793263	0.114075820239	0.113999142152	0.111805646021	0.11189779902	0.114910099134	0.113445786283	0.108035827744	0.1035112638	0.107331904909	0.115502522346	0.118736707887	0.118226897803	0.123979314152
158479027-tonguedorsum1.freeze11.snv.mod.fix.bam	0.118896330715	0.121754406384	0.116077822799	0.113753527184	0.117539443592	0.0	0.0415733308249	0.118392177395	0.109788237502	0.114309017023	0.128766213548	0.124069342831	0.125185663299	0.104057771834	0.110670260844	0.114319876221	0.142518520058	0.111632576522	0.120666818135	0.101065650999	0.118160470613	0.103767485434	0.11152905346	0.106183744962	0.117970241231	0.116036000575	0.112722209673	0.118342074508	0.102624746482	0.11913409077	0.119418522741	0.102179130584	0.104150321267	0.10347755533	0.108133886867	0.110171771234	0.111572209297	0.109053921857	0.116681462267	0.10560865932	0.124342803498	0.135268026931	0.108163090536	0.102816140878	0.105449511163	0.101428395448	0.126882114169	0.104860682319	0.100077914273	0.127545837261	0.121680509366	0.121992773923	0.0976989133902	0.100436751682	0.107931857641	0.102777219291	0.117235134499	0.114808465731	0.113743480612	0.103116553703	0.114955218807	0.110663056694	0.112359302862	0.118420891126	0.139439270943	0.118336908403	0.114866056313	0.117009138946	0.11514186802	0.113714749901	0.113198915999	0.0859642312229	0.0867562826395	0.108935357453	0.104327056457	0.106737902851	0.107159336753	0.106382662988	0.105668483944	0.101967707012	0.109787271162	0.110347580647	0.0947386506795	0.115785739043	0.10668585748	0.098436423908	0.120109644961	0.114928372857	0.099528322568	0.10857680966	0.11265818014	0.10522246791	0.104904432136	0.102509505521	0.148891804774	0.115024310264	0.112480918427	0.102933166792	0.106148858603	0.0998337872278	0.100245894824	0.117225136356	0.102170149062	0.101587305065	0.114523876116	0.102477268148	0.101778679741	0.117230358752	0.125468260059	0.126710877702	0.129993000702	0.110392839509	0.102857495404	0.105933799806	0.107987091558	0.105375248365	0.106071820843	0.109661607744	0.105540987208	0.102782958495	0.0985880018409	0.100245005617	0.104024800604	0.112680367103	0.112151375399	0.11989880555
158479027-tonguedorsum2.freeze11.snv.mod.fix.bam	0.122464759831	0.127043242381	0.121027906652	0.117968606024	0.121661305432	0.0415733308249	0.0	0.123036570865	0.115132777333	0.118683678971	0.132553483754	0.129845512996	0.129576697673	0.110746244657	0.117028121499	0.119500208085	0.145104332675	0.117877931996	0.125975904596	0.106603685568	0.122918768917	0.11003807929	0.115908483273	0.11055372438	0.121965834918	0.120221222269	0.117468620174	0.122419347462	0.107701547766	0.123339362381	0.123180627249	0.107357869118	0.109030947635	0.109988776914	0.113610540387	0.116363215567	0.116726207552	0.114798731733	0.121252629082	0.111944192584	0.128604656539	0.143795710683	0.111950094378	0.109112192438	0.110194349157	0.107839451384	0.130081825249	0.11076079149	0.106888840526	0.131635646409	0.126308308725	0.126682408474	0.105310991215	0.106563795512	0.113660527273	0.109272145714	0.121513589597	0.118750238649	0.118080356956	0.10851465654	0.117532511744	0.114956179531	0.118153727113	0.122187101734	0.142039790996	0.121983178804	0.120891254646	0.122228675377	0.118875213922	0.118288601648	0.117337842022	0.0872669163407	0.0894375130271	0.113875692528	0.10895294592	0.112406805068	0.112752412017	0.112024995513	0.111626839865	0.108447665428	0.115912522576	0.115358113926	0.102137552691	0.12127030312	0.112817549831	0.103319895585	0.125192805193	0.119434716489	0.10594112832	0.114173982669	0.116566106064	0.111000927876	0.117304577147	0.108949057345	0.152406129515	0.123593042825	0.118258145407	0.109211528547	0.111563245995	0.105984653387	0.10733955583	0.121167582401	0.108311419952	0.106554324308	0.119218059473	0.109146764305	0.107570033784	0.122175177143	0.130230684339	0.131925131156	0.135045255262	0.116605626839	0.109170225486	0.110935519047	0.113548186361	0.111742127048	0.111490980157	0.114390547207	0.110024299595	0.10904582714	0.105364189329	0.106738175065	0.111893493099	0.116802550518	0.116377290593	0.123069281873
158499257-tonguedorsum1.freeze11.snv.mod.fix.bam	0.123392624582	0.125348393521	0.122242900494	0.120018497657	0.122717163532	0.118392177395	0.123036570865	0.0	0.0559267585303	0.116879393528	0.132789190487	0.127291356858	0.130074301855	0.111875344963	0.115431840066	0.119610021827	0.131478741153	0.112725399186	0.118884544933	0.108235374309	0.122366049387	0.112120329776	0.11694353465	0.114195809928	0.12283059592	0.121679500559	0.118926783755	0.121495184899	0.113828373044	0.124752676965	0.123537101382	0.108954725713	0.110798843141	0.111486241221	0.114973480261	0.114139798583	0.117207758658	0.114585530087	0.121290505071	0.11218128914	0.127650826824	0.146171874468	0.113801067089	0.110648538276	0.112941580893	0.108581451294	0.130340484142	0.109223882187	0.103750932199	0.130034739375	0.125918822217	0.125476727551	0.105981509344	0.109607442013	0.112740921026	0.111390711884	0.12054013561	0.119041414033	0.121063919482	0.112152977482	0.119414542572	0.114750918632	0.115327148953	0.123563304827	0.140825415073	0.120213270025	0.11899585236	0.119911747496	0.119846557046	0.119193673539	0.118618973435	0.118865614906	0.115479094493	0.116630557843	0.111686375325	0.113342442272	0.113461090546	0.113042457105	0.112622304801	0.107976501613	0.116715526806	0.113595079523	0.10346951858	0.121919466737	0.114215457692	0.113729543373	0.123720970791	0.119131393234	0.106255166188	0.115179152812	0.119836016695	0.112620613082	0.119150362897	0.10998761821	0.147897107519	0.125074675031	0.116320621608	0.110846839042	0.112715806518	0.108281237911	0.108505757254	0.11947548234	0.108450761934	0.109179318692	0.119458291391	0.109655590745	0.109629914273	0.118827018389	0.12155243264	0.128881726668	0.131630637041	0.117752851144	0.109291990036	0.115653221419	0.114987570586	0.112473281785	0.111611484168	0.115705148451	0.114590036016	0.110866319501	0.0989779675866	0.104659814024	0.11459453166	0.118447531122	0.11793581814	0.123995904144
158499257-tonguedorsum2.freeze11.snv.mod.fix.bam	0.117420239885	0.11940820454	0.115470080517	0.112345188976	0.115733860703	0.109788237502	0.115132777333	0.0559267585303	0.0	0.10765728643	0.127848984219	0.122073157923	0.124635380789	0.100606294452	0.107656944503	0.112254102857	0.1339714455	0.107936886487	0.115808854722	0.0995454498146	0.115735730875	0.102495823086	0.109197966354	0.105714588382	0.116387687661	0.114404141948	0.111048208435	0.115805160577	0.105459473883	0.117610106839	0.117451642701	0.100500461732	0.101962512603	0.102271079255	0.106294361043	0.106490354296	0.10910491348	0.106539167408	0.114176448242	0.103089694394	0.121899660327	0.142038488121	0.106446205089	0.101850629828	0.103969721314	0.0992670780177	0.124920200156	0.0994084077009	0.0944959420502	0.12481905199	0.119396013245	0.119525528006	0.0963968562319	0.100166236522	0.104912656244	0.101922883556	0.113427135398	0.112008152085	0.113291288523	0.102923855177	0.113249038889	0.107971999522	0.10847593091	0.116877580064	0.13659827002	0.114712268493	0.112932647785	0.113239665025	0.112380080943	0.111833690951	0.111293295567	0.111540810107	0.107495253419	0.108384100491	0.103214949202	0.104776105992	0.104933842527	0.104386497101	0.103627799732	0.100341162022	0.11012821584	0.106884845622	0.0930735806955	0.113985750496	0.105003853039	0.104850612768	0.116848331098	0.112464681739	0.0968242376985	0.106738717053	0.112503835697	0.104389663464	0.111539618294	0.100300035729	0.145595366411	0.119416567892	0.109666269344	0.101920059733	0.104286677363	0.098394834054	0.0988047498285	0.113323735167	0.0990066691536	0.101115161657	0.111879152301	0.100688476161	0.100856828519	0.112775839305	0.117982971153	0.123920042908	0.127230301999	0.109537239724	0.100628852528	0.107177696908	0.106071634626	0.103539386941	0.103121887046	0.107738922687	0.10616492438	0.101621886919	0.0925777788407	0.0961502717797	0.106592333249	0.111043579197	0.110523078781	0.117574994512
158802708-tonguedorsum2.freeze11.snv.mod.fix.bam	0.118789690557	0.122591353447	0.118989720197	0.115821363759	0.119379471195	0.114309017023	0.118683678971	0.116879393528	0.10765728643	0.0	0.130276217231	0.126707158248	0.128226660737	0.108980232332	0.112450861297	0.115127974763	0.137678389852	0.115251973088	0.120942363362	0.103666570429	0.118208036166	0.1064615594	0.111686625801	0.110203446415	0.119463186544	0.117698156224	0.115293494626	0.116996819949	0.110495892624	0.120906971792	0.121190412671	0.105695929938	0.105386280672	0.106954412454	0.111491072909	0.112360352599	0.111209743172	0.111770634356	0.118639264564	0.109564484443	0.121489356226	0.141639182013	0.107374112097	0.10628958817	0.108173488872	0.104429968109	0.126591733653	0.106944632745	0.103053101353	0.127502626587	0.123209511777	0.122727149436	0.101785214369	0.103475408375	0.110224260114	0.106763542285	0.116978743355	0.11421443153	0.116009643749	0.108827824128	0.115215965912	0.110490645872	0.114944725008	0.119456698837	0.137852597143	0.11814318691	0.117369449217	0.117258952178	0.115739466953	0.11535611517	0.114572143062	0.114319895872	0.11057872377	0.11292858408	0.108418481808	0.108102782064	0.108354672596	0.107873680472	0.103678773401	0.10609014231	0.114937441747	0.110568554458	0.099301494716	0.118759931538	0.110455393092	0.109392307112	0.12055218555	0.115460208576	0.100670135058	0.110258690497	0.114629534527	0.108861873981	0.116499036028	0.105250660656	0.14723163445	0.120945950936	0.113000714608	0.107723078331	0.109586571694	0.101645280694	0.1039326753	0.114538395662	0.104650328311	0.105312230987	0.114664459631	0.105414971918	0.105296712704	0.119026399928	0.125872077807	0.129037673558	0.131972017335	0.113854928748	0.104773954159	0.11071599997	0.106497878087	0.109177522767	0.107112203367	0.111126060671	0.109742901687	0.107217137286	0.0990208460176	0.100815744368	0.111118180276	0.114610972654	0.113942301089	0.119760816672
158883629-tonguedorsum1.freeze11.snv.mod.fix.bam	0.132752644585	0.136221024554	0.132422081322	0.130364748096	0.133588318659	0.128766213548	0.132553483754	0.132789190487	0.127848984219	0.130276217231	0.0	0.0904610979758	0.0258713617025	0.126683298028	0.129742740639	0.131550463729	0.14888256564	0.131987902643	0.138402541491	0.119786375728	0.133810241307	0.126437715055	0.125354242299	0.124240327007	0.133205353264	0.132535643734	0.13076143964	0.131870460728	0.125876897463	0.0931851514304	0.133525254748	0.121491891777	0.12210236302	0.125742166497	0.12804776703	0.129578100237	0.128395773765	0.128607987452	0.131639595851	0.126694081224	0.13800219036	0.14728393192	0.123308810677	0.123082984978	0.124046456922	0.121913513853	0.0812993279233	0.123968306987	0.121610463738	0.139356796261	0.136157109537	0.1358068665	0.119857872692	0.121525609554	0.126202456408	0.124423609366	0.129429047753	0.125510308998	0.130190559855	0.124676110781	0.126281620673	0.125202280477	0.130221789678	0.130831642236	0.14661111618	0.133852599333	0.130966437332	0.133029460657	0.128900159732	0.127330686862	0.127067749926	0.126893376403	0.124722341658	0.126987201013	0.122859878171	0.125926512139	0.126295992565	0.125650419993	0.125361059355	0.121198078517	0.126022193324	0.126961207658	0.118785235514	0.134224694756	0.127571300165	0.125707437499	0.135239288341	0.128582421764	0.120672557865	0.127592512043	0.128058112112	0.123029570547	0.128848189881	0.122860780628	0.156819802876	0.12983194164	0.127545359937	0.124003608218	0.124377142654	0.120971727969	0.123553010212	0.128554352301	0.123440181996	0.119933489982	0.130299303247	0.123368131781	0.122564535871	0.1330414602	0.13946358192	0.141672071227	0.143806148884	0.130897359073	0.123306950894	0.125470442543	0.125465814811	0.124372904946	0.124617551353	0.127899415461	0.125291773419	0.124245891099	0.12055482755	0.120911086225	0.124771264329	0.127481750282	0.127205613778	0.131807986575
158883629-tonguedorsum2.freeze11.snv.mod.fix.bam	0.130530980636	0.12855888147	0.127034317607	0.127182396153	0.129466506074	0.124069342831	0.129845512996	0.127291356858	0.122073157923	0.126707158248	0.0904610979758	0.0	0.0730133970334	0.12335390798	0.12489667027	0.127921935204	0.14373921256	0.126526790784	0.131838007432	0.11829911905	0.129624795818	0.123497970274	0.123141277986	0.123218694162	0.129453569428	0.12996254726	0.127644967212	0.127936010389	0.122925557043	0.124750647981	0.131265440498	0.118680917173	0.11957413024	0.122670542767	0.124997507111	0.125364742951	0.124760038069	0.124300011025	0.128421978488	0.122624787626	0.1338791037	0.132793723384	0.122270281033	0.118847351675	0.122560942548	0.118134593051	0.129160022628	0.119964864373	0.117454572806	0.135623441982	0.131986081422	0.131636996147	0.117667886485	0.119487474409	0.122710916303	0.121911278697	0.123471266371	0.122259775698	0.129005013527	0.122357819487	0.124944881061	0.122932859937	0.126195712848	0.130117272905	0.141792127713	0.13027384443	0.125001383178	0.127341796339	0.125664048555	0.123825085732	0.125070031053	0.127289766807	0.123916402933	0.123630193529	0.119334024394	0.122538172855	0.122870118426	0.122303527487	0.121896331022	0.116953443533	0.117605700466	0.123282286464	0.115255918668	0.129903699632	0.122391469345	0.123908004898	0.129965560921	0.126762190956	0.117378751605	0.124643867647	0.126932339571	0.118830943177	0.119133447528	0.120046876519	0.150681467994	0.119086453135	0.120292133524	0.118338295684	0.119652210691	0.117879849497	0.118493196257	0.124165358347	0.120012575321	0.117707030499	0.127122235856	0.119372305911	0.119628259536	0.129424042705	0.133408194912	0.134131304013	0.136065985526	0.126446740193	0.118887758676	0.122640192627	0.123834419936	0.119556439947	0.121277284472	0.125096022811	0.122120434853	0.121081534576	0.117677839412	0.117534856847	0.121481626229	0.12557312571	0.125075150538	0.131337732462
158883629-tonguedorsum3.freeze11.snv.mod.fix.bam	0.131619224117	0.133051417185	0.129279273115	0.127426123733	0.13065164184	0.125185663299	0.129576697673	0.130074301855	0.124635380789	0.128226660737	0.0258713617025	0.0730133970334	0.0	0.123371659409	0.126931396727	0.129377864309	0.148353287098	0.128523892501	0.135327842016	0.117025093687	0.131489493207	0.12285854174	0.123363648803	0.1216405847	0.131122258375	0.130461890511	0.128191544666	0.129878210927	0.123034645587	0.0946562169812	0.132140321423	0.11867102566	0.119628074986	0.12203680722	0.125210809215	0.126613073911	0.125734555489	0.125341390786	0.12930409956	0.123373072663	0.135968989345	0.144099190452	0.121481714963	0.120228869872	0.121784409116	0.118721038113	0.0895555276243	0.121169345514	0.118621789149	0.13804919016	0.134050394514	0.134154877513	0.116529853191	0.118618138699	0.123733019685	0.12142157802	0.127072511723	0.123584619091	0.128437491214	0.121952626471	0.124797168469	0.123196079947	0.12745961535	0.129537619586	0.145889731605	0.132277703867	0.128276241592	0.130348319151	0.126853221986	0.12521020447	0.125417479905	0.125653121992	0.122675234902	0.124207466243	0.119983692279	0.123290634355	0.123600251359	0.12309079538	0.12217419436	0.117711498082	0.122458227919	0.12486046448	0.115605002557	0.131516930549	0.124656478315	0.122929800583	0.133290967213	0.127159568301	0.11774745818	0.125277891432	0.126041211914	0.119932678391	0.125402265835	0.120094171954	0.156455517385	0.12722075174	0.124303551156	0.120510111573	0.121341907226	0.117924937083	0.120091259989	0.127019235688	0.120813219771	0.117244937602	0.128213610605	0.120240471952	0.119633211443	0.131016543324	0.137435131657	0.139404738706	0.142008726181	0.128146141944	0.120433344697	0.122634229846	0.123368236084	0.121619887846	0.121748142091	0.125326474281	0.122573251133	0.12137643166	0.117450361079	0.117768571185	0.121697060636	0.125619588404	0.125215074125	0.130332970012
158944319-tonguedorsum1.freeze11.snv.mod.fix.bam	0.114608667948	0.117354525062	0.1117408388	0.107832580073	0.111564712555	0.104057771834	0.110746244657	0.111875344963	0.100606294452	0.108980232332	0.126683298028	0.12335390798	0.123371659409	0.0	0.0969980871765	0.10007200892	0.140880637677	0.105531638886	0.114878807936	0.0886147871048	0.112608938025	0.0929253451026	0.106158746394	0.100712474756	0.113577045483	0.109570713582	0.106120636592	0.111758540645	0.0971360163827	0.107864855977	0.113446733831	0.0952004890211	0.0968426249077	0.0919285358393	0.0970735366291	0.093448723545	0.0976501476164	0.101641309122	0.110647392544	0.098039827464	0.119082881421	0.143492547291	0.101588756452	0.0956049404109	0.0853334260793	0.0870667188918	0.123082197802	0.0922700160439	0.0900519389194	0.113806866798	0.108102342136	0.108279497495	0.081074841296	0.0837970868983	0.0833049256789	0.0798599764976	0.113047440803	0.109838469063	0.108426787398	0.0964431253031	0.11098940489	0.105180473019	0.106570483299	0.113773608569	0.137259967303	0.114459384042	0.111211758076	0.109416266206	0.109255006573	0.109134157737	0.107833959181	0.103782081985	0.0986681363862	0.104620206606	0.0994194538772	0.0996260855583	0.100078277297	0.0992709671489	0.0974176179099	0.0958461986157	0.102790271699	0.103713374848	0.0824136815381	0.110301647573	0.100235736985	0.0982759687107	0.115337589848	0.108053876504	0.0903209176567	0.100526589094	0.107266777912	0.0924234074691	0.109844233158	0.0920378394184	0.146719997461	0.119636267556	0.108296146222	0.0967802186479	0.101210216915	0.090818496581	0.0833966583039	0.112292157663	0.0924927712336	0.0953995340276	0.108484699721	0.0948815633581	0.0884828116933	0.111344722591	0.120326876232	0.123185327277	0.126972471936	0.104117434039	0.0941577885348	0.102564244969	0.0962462107687	0.0990788994323	0.0982065395011	0.102811911571	0.101876077436	0.0943628198766	0.089491108013	0.0917438432509	0.102038195655	0.107028489708	0.106507093593	0.114376238432
158944319-tonguedorsum3.freeze11.snv.mod.fix.bam	0.118341874616	0.12133030638	0.116544640859	0.113578779871	0.116825204437	0.110670260844	0.117028121499	0.115431840066	0.107656944503	0.112450861297	0.129742740639	0.12489667027	0.126931396727	0.0969980871765	0.0	0.101762358612	0.138806462318	0.109932304964	0.117033342063	0.0997844651753	0.117366634581	0.102078390631	0.109938440902	0.108165787444	0.116975535646	0.114481839914	0.111335185785	0.116612972627	0.104541023047	0.118176725842	0.116281516532	0.100728119752	0.0946425478666	0.102174963157	0.103899434815	0.107661187595	0.109026120498	0.105842588298	0.113708429643	0.101710339564	0.120990192497	0.143361440142	0.107038070899	0.10140572634	0.103985120987	0.0995036641667	0.126299227636	0.101716185509	0.0979712372615	0.122284126956	0.116493104128	0.116592111658	0.0927454996564	0.098289326652	0.101856404168	0.0990698010218	0.116787956745	0.113873487454	0.112805155224	0.100457251948	0.114224510023	0.108526834942	0.108723462143	0.116440248262	0.13722625085	0.116092090357	0.112104243115	0.111519421185	0.113259984704	0.112656381472	0.112511265724	0.11172547385	0.107408236333	0.108326622553	0.101012430833	0.105727991386	0.106096450163	0.105411482161	0.103760503437	0.102248832265	0.108417715281	0.106527010756	0.0920727996082	0.111905917299	0.103268137949	0.105727699753	0.115623056601	0.111325805046	0.0969945521477	0.107772757056	0.113315013923	0.103470263446	0.110734113276	0.100304134996	0.142984324568	0.120039698654	0.1105740634	0.10182322395	0.105694816298	0.0984871912794	0.0965486211763	0.113761977121	0.101496551718	0.100906380743	0.11198128063	0.0999708384314	0.100179353254	0.113172198254	0.119078648674	0.12134298332	0.12488745693	0.107994308997	0.100933314294	0.106914132148	0.105988308157	0.0988432864304	0.103082937565	0.109315319551	0.107886050112	0.100510101977	0.096681136882	0.0979108571091	0.10882863652	0.111169799409	0.110534616817	0.118291900988
159005010-tonguedorsum2.freeze11.snv.mod.fix.bam	0.119224651752	0.123189218492	0.118453729551	0.116825191633	0.120578113206	0.114319876221	0.119500208085	0.119610021827	0.112254102857	0.115127974763	0.131550463729	0.127921935204	0.129377864309	0.10007200892	0.101762358612	0.0	0.140497562888	0.115111108846	0.122383333099	0.10200571646	0.119602385047	0.105772729398	0.11339675528	0.11058306681	0.120413684791	0.107206027136	0.106045677245	0.118658332088	0.101632421287	0.121640416401	0.110279052862	0.10561812455	0.0997733827152	0.105418762293	0.0997569034582	0.112524217622	0.113439652146	0.110667361526	0.118431227645	0.108117371825	0.12513400245	0.146165686538	0.10972216023	0.106251093466	0.107477445385	0.103570250869	0.127861170117	0.107233749773	0.103241059807	0.124068017901	0.119419076761	0.119205893672	0.0982899111505	0.0982567895349	0.099798861997	0.0989012775897	0.119506557826	0.116828307986	0.112733654491	0.101222738974	0.116933610214	0.112634755914	0.113302643751	0.113874203215	0.139157057812	0.120038989145	0.11749163118	0.116299352888	0.116134130132	0.11594035774	0.114983767352	0.114393651528	0.110840839728	0.110368344415	0.108542283939	0.109219020139	0.109609393428	0.108984950908	0.106656206352	0.106044203603	0.113412680197	0.111415366502	0.0971971353217	0.117371723603	0.10934048335	0.109264778351	0.121717205792	0.11583962562	0.101417091205	0.110832836952	0.115756556532	0.105928334467	0.116026714161	0.105175596938	0.148318643511	0.123623926224	0.11420910023	0.107138131192	0.110272377011	0.100850463636	0.10287991636	0.118282986293	0.104721622507	0.105222315894	0.106792920265	0.0987009366225	0.104373469526	0.108883734296	0.118998843233	0.128715801376	0.131788208335	0.112793785825	0.105577361029	0.111733749289	0.109818328758	0.107356575852	0.102506827664	0.111845098373	0.111567617072	0.0995330172103	0.096967366352	0.099117146515	0.112343393897	0.114793115451	0.114253811351	0.11984673269
159207311-tonguedorsum1.freeze11.snv.mod.fix.bam	0.140815266017	0.142187631374	0.142706588738	0.141605260855	0.143061511685	0.142518520058	0.145104332675	0.131478741153	0.1339714455	0.137678389852	0.14888256564	0.14373921256	0.148353287098	0.140880637677	0.138806462318	0.140497562888	0.0	0.0846173300965	0.0797288291293	0.135018361158	0.141452666985	0.140930770013	0.136348434	0.137937124574	0.143242035006	0.143808006533	0.142843496178	0.138329876215	0.139322415469	0.145691490928	0.143493239448	0.134541105514	0.134144419905	0.140395246789	0.140058978449	0.140241702681	0.139827816402	0.139051730795	0.141504259929	0.138082185768	0.141288264793	0.151032702863	0.135744191765	0.135278966181	0.137387685598	0.134970632002	0.146339964598	0.134857385405	0.129229313549	0.146810162745	0.145606146467	0.143982978179	0.135650395608	0.136383448225	0.13698479146	0.13950284519	0.137479152573	0.134478308877	0.142572396781	0.138207685316	0.13676947925	0.133605119477	0.138592547996	0.141734152721	0.148292121735	0.135436292166	0.139867727392	0.140766626495	0.138743169309	0.138718743921	0.138865895393	0.142050364858	0.138964961796	0.139599263331	0.136433920225	0.137000340293	0.137347717378	0.137052635826	0.137061097461	0.128468298716	0.136997415162	0.137037369986	0.133155599564	0.143345571325	0.137851743855	0.139704733648	0.143601400516	0.13972447395	0.132223517535	0.138725085558	0.14046816423	0.137093196157	0.138257724376	0.136653951085	0.156258759132	0.136301333321	0.133342358531	0.136780347272	0.136742375146	0.134571119485	0.136334431729	0.133810485627	0.133713392502	0.133687076894	0.139241606224	0.13446917922	0.134594207911	0.139783133614	0.139459095779	0.148784327327	0.150058591877	0.141959959039	0.132871012748	0.137069004541	0.139101252512	0.136879583201	0.134859688198	0.139324187747	0.136704215541	0.137625303142	0.126143177817	0.129321125434	0.138567204904	0.138694292907	0.138581450372	0.14235182057
