	338793263-stool1.freeze11.snv.mod.fix.bam	BYQ_AAAG.freeze11.snv.mod.fix.bam	BYQ_AABA.freeze11.snv.mod.fix.bam	CCIS00146684ST-4-0.freeze11.snv.mod.fix.bam	CCIS02124300ST-4-0.freeze11.snv.mod.fix.bam	CCIS03473770ST-4-0.freeze11.snv.mod.fix.bam	CCIS07648107ST-4-0.freeze11.snv.mod.fix.bam	CCIS11354283ST-4-0.freeze11.snv.mod.fix.bam	CCIS17669415ST-4-0.freeze11.snv.mod.fix.bam	CCIS22275061ST-4-0.freeze11.snv.mod.fix.bam	CCIS22416007ST-4-0.freeze11.snv.mod.fix.bam	CCIS22906510ST-20-0.freeze11.snv.mod.fix.bam	CCIS23164343ST-4-0.freeze11.snv.mod.fix.bam	CCIS44676181ST-4-0.freeze11.snv.mod.fix.bam	CCIS48174381ST-4-0.freeze11.snv.mod.fix.bam	CCIS50369211ST-20-0.freeze11.snv.mod.fix.bam	CCIS51667829ST-4-0.freeze11.snv.mod.fix.bam	CCIS59132091ST-4-0.freeze11.snv.mod.fix.bam	CCIS76845094ST-20-0.freeze11.snv.mod.fix.bam	CCIS77100899ST-4-0.freeze11.snv.mod.fix.bam	CCIS81139242ST-4-0.freeze11.snv.mod.fix.bam	CCIS81710917ST-20-0.freeze11.snv.mod.fix.bam	CCIS82146115ST-4-0.freeze11.snv.mod.fix.bam	CCIS87290971ST-4-0.freeze11.snv.mod.fix.bam	CCIS87605453ST-4-0.freeze11.snv.mod.fix.bam	CCIS88317640ST-4-0.freeze11.snv.mod.fix.bam	CCMD11006829ST-21-0.freeze11.snv.mod.fix.bam	CCMD19497912ST-21-0.freeze11.snv.mod.fix.bam	CCMD25963797ST-21-0.freeze11.snv.mod.fix.bam	CCMD46947453ST-21-0.freeze11.snv.mod.fix.bam	M1.2-V1.metaT.freeze11.snv.mod.fix.bam	M1.2-V2.metaT.freeze11.snv.mod.fix.bam	M1.2-V3.metaT.freeze11.snv.mod.fix.bam	M2.1-V1.metaT.freeze11.snv.mod.fix.bam	M2.1-V2.metaT.freeze11.snv.mod.fix.bam	M2.1-V3.metaT.freeze11.snv.mod.fix.bam	M2.2-V2.metaT.freeze11.snv.mod.fix.bam	M4.1-V3.metaT.freeze11.snv.mod.fix.bam	MMRS56137463ST-27-0-0.freeze11.snv.mod.fix.bam	MMRS80093644ST-27-0-0.freeze11.snv.mod.fix.bam	NG-5636_317.freeze11.snv.mod.fix.bam	NG-5636_347.freeze11.snv.mod.fix.bam	NG-5636_434.freeze11.snv.mod.fix.bam	O2.UC48-0.freeze11.snv.mod.fix.bam	SAMEA3136628.freeze11.snv.mod.fix.bam	SAMEA3136631.freeze11.snv.mod.fix.bam	SAMEA3136635.freeze11.snv.mod.fix.bam	SAMEA3136637.freeze11.snv.mod.fix.bam	SAMEA3136651.freeze11.snv.mod.fix.bam	SAMEA3136652.freeze11.snv.mod.fix.bam	SAMEA3136656.freeze11.snv.mod.fix.bam	SAMEA3136657.freeze11.snv.mod.fix.bam	SAMEA3136662.freeze11.snv.mod.fix.bam	SAMEA3136672.freeze11.snv.mod.fix.bam	SAMEA3136674.freeze11.snv.mod.fix.bam	SAMEA3136686.freeze11.snv.mod.fix.bam	SAMEA3136691.freeze11.snv.mod.fix.bam	SAMEA3136693.freeze11.snv.mod.fix.bam	SAMEA3136706.freeze11.snv.mod.fix.bam	SAMEA3136711.freeze11.snv.mod.fix.bam	SAMEA3136719.freeze11.snv.mod.fix.bam	SAMEA3136744.freeze11.snv.mod.fix.bam	SAMEA3178936.freeze11.snv.mod.fix.bam	T2D-25A.freeze11.snv.mod.fix.bam	V1.CD8-0-PN.freeze11.snv.mod.fix.bam	V1.UC13-3.freeze11.snv.mod.fix.bam	V1.UC5-3.freeze11.snv.mod.fix.bam	V1.UC54-0.freeze11.snv.mod.fix.bam	V1.UC55-0.freeze11.snv.mod.fix.bam	halbarad-11-392-0.freeze11.snv.mod.fix.bam	scavenger-11-0-0.freeze11.snv.mod.fix.bam	scavenger-11-7-0.freeze11.snv.mod.fix.bam
338793263-stool1.freeze11.snv.mod.fix.bam	0.0	0.112663248036	0.113421072574	0.128021825347	0.113496855028	0.0842700886655	0.128830171521	0.118776365979	0.127693434713	0.117664889989	0.110541339329	0.109758253972	0.110465556875	0.107989996716	0.113547376664	0.119938363604	0.108520473893	0.0922019855003	0.142268926668	0.098795058984	0.11433046202	0.128148129436	0.113117942759	0.10622173946	0.102457877586	0.117008108723	0.0994013186147	0.123980094475	0.116326066638	0.113547376664	0.0615353525147	0.0626973501402	0.0372849672872	0.0688357289009	0.0560284942026	0.0791674034405	0.0542097153106	0.0815924419633	0.104226134842	0.111652815318	0.12110036123	0.11102129487	0.097405713997	0.109732993154	0.103923005027	0.104074569935	0.130017429964	0.0863919973729	0.102306312678	0.112309596585	0.0835122641271	0.0985929724404	0.105792305555	0.102735746583	0.108722560437	0.126910349357	0.119887841968	0.133932856746	0.122035011494	0.108166822442	0.0927072018592	0.109960340516	0.111703336954	0.0798999671609	0.0994013186147	0.114734635107	0.101346401596	0.123449617299	0.109859297244	0.11076868669	0.103468310304	0.110541339329
BYQ_AAAG.freeze11.snv.mod.fix.bam	0.112663248036	0.0	0.0	0.13658524263	0.128198651072	0.0973551923611	0.129108040518	0.131886730492	0.139439715058	0.135347462551	0.124030616111	0.132695076667	0.126581958724	0.121075100412	0.12920908379	0.131406774951	0.1290827797	0.107408997903	0.155960289994	0.11248642231	0.128148129436	0.145123399096	0.129840604239	0.115113547377	0.127870260439	0.131608861495	0.125419961098	0.13941445424	0.121757142496	0.129032258065	0.0701240306161	0.0745951953924	0.0428928688711	0.0787884911713	0.0626468285043	0.0906105539697	0.0587314017228	0.093237679036	0.113572637482	0.120544623235	0.137595675348	0.132088817036	0.115795589461	0.118372192892	0.119635233789	0.131255210044	0.143254098568	0.105160785106	0.126960870993	0.13928815015	0.0911157703286	0.117235456084	0.124813701468	0.110516078511	0.125344178645	0.144997095006	0.131406774951	0.152145906484	0.133907595928	0.130345820598	0.104706090383	0.128552302524	0.124308485109	0.0690630762624	0.111172859777	0.131937252128	0.113016899487	0.132417207669	0.119079495794	0.125293657009	0.111097077323	0.118346932074
BYQ_AABA.freeze11.snv.mod.fix.bam	0.113421072574	0.0	0.0	0.137115719807	0.128905953975	0.0979867128098	0.129638517695	0.132417207669	0.140020713871	0.135953722182	0.124586354106	0.133452901205	0.127087175083	0.121731881678	0.129891125875	0.132215121126	0.129663778513	0.107914214262	0.156566549625	0.113016899487	0.128754389067	0.145855962816	0.130446863869	0.115517720464	0.128375476798	0.132366686033	0.126076742365	0.140020713871	0.122211837219	0.129714300149	0.0708313335186	0.0751761942052	0.0432970419582	0.0792431858944	0.0629499583197	0.0910652486928	0.059085053174	0.0937934170308	0.114027332205	0.121125622048	0.138378760704	0.132846641574	0.116654457271	0.11900371334	0.120140450148	0.131608861495	0.143708793291	0.105918609645	0.127769217167	0.139919670599	0.0917220299593	0.117917498169	0.125369439462	0.111046555687	0.126152524819	0.145578093819	0.132139338672	0.152827948569	0.134488594741	0.130901558592	0.105413393286	0.129234344608	0.124737919014	0.0696188142572	0.111703336954	0.132594033395	0.113799984844	0.133124510572	0.119609972971	0.126051481547	0.111678076136	0.119079495794
CCIS00146684ST-4-0.freeze11.snv.mod.fix.bam	0.128021825347	0.13658524263	0.137115719807	0.0	0.131356253315	0.0939197211206	0.127213479172	0.0930608533104	0.126430393816	0.112132770859	0.120317275873	0.122136054765	0.12392957284	0.12539470028	0.11827114962	0.131558339859	0.125419961098	0.105135524288	0.137090458989	0.113698941572	0.122994922576	0.114633591836	0.114810417561	0.117589107535	0.128905953975	0.126809306085	0.124005355293	0.123146487483	0.131381514133	0.125015788011	0.0680526435446	0.0654760401142	0.0406699168919	0.0728016773183	0.0588829666305	0.0838911763963	0.0533508475004	0.0765150175563	0.125925177457	0.12392957284	0.13474120292	0.122590749488	0.102078965317	0.114911460833	0.120190971784	0.126859827721	0.120367797509	0.0922272463182	0.119483668881	0.116073458459	0.0870740394574	0.0898022077955	0.130699472049	0.112637987218	0.126960870993	0.125798873368	0.125344178645	0.12736504408	0.132114077854	0.121504534317	0.0949048930204	0.123323313209	0.121681360042	0.104150352388	0.129486952788	0.133326597115	0.112890595397	0.133932856746	0.116199762548	0.115669285371	0.115239851466	0.124030616111
CCIS02124300ST-4-0.freeze11.snv.mod.fix.bam	0.113496855028	0.128198651072	0.128905953975	0.131356253315	0.0	0.0834364816733	0.134463333923	0.121251926137	0.132947684846	0.12195922904	0.111374946321	0.115795589461	0.113446333392	0.0965468461869	0.0999823174274	0.0842195670296	0.113269507667	0.101295879961	0.144643443555	0.0973804531791	0.114052593023	0.12663248036	0.122843357668	0.10806577917	0.117513325081	0.122439184581	0.111374946321	0.131861469674	0.124914744739	0.113774724026	0.064642433122	0.0679768610908	0.0381690959153	0.0734837194028	0.058655619269	0.08310809104	0.0588577058125	0.0820976583222	0.117008108723	0.0765150175563	0.0659559956551	0.116629196453	0.100310708061	0.109631949883	0.112107510041	0.119559451335	0.136408416905	0.082173440776	0.108773082072	0.117740672443	0.0827544395888	0.10339252785	0.109884558062	0.0880086897214	0.0413014373405	0.133503422841	0.0873266476369	0.140803799227	0.110516078511	0.106247000278	0.0925051153156	0.114658852654	0.102331573496	0.0888422967136	0.107611084447	0.116730239725	0.0857352161063	0.114229418749	0.110313991967	0.100310708061	0.0584535327254	0.0621921337813
CCIS03473770ST-4-0.freeze11.snv.mod.fix.bam	0.0842700886655	0.0973551923611	0.0979867128098	0.0939197211206	0.0834364816733	0.0	0.0988455806199	0.0956374567408	0.0888675575315	0.063733043676	0.0827291787708	0.0926566802233	0.0818197893248	0.0844216535731	0.0842195670296	0.0890696440751	0.0550180614848	0.0579988380024	0.104680829565	0.0565842321974	0.0908379013312	0.0994518402506	0.0770454947331	0.0723469825953	0.071109202516	0.0875034733625	0.0773233637305	0.0903832066082	0.08864021017	0.0826786571349	0.0425392174199	0.0368050117463	0.0243514284993	0.0512036779751	0.0401141788971	0.0590345315381	0.0414277414303	0.046151514386	0.0873266476369	0.0759592795615	0.0931113749463	0.0861646500114	0.0649455629373	0.0731048071337	0.0728269381363	0.086341475737	0.0943238942077	0.0434486068659	0.0680021219087	0.089094904893	0.0449895167606	0.065097127845	0.0902063808826	0.058630358451	0.0828302220426	0.0950311971102	0.0812135296941	0.101523227322	0.0854826079268	0.0736100234926	0.055422234572	0.0880339505393	0.0850531740218	0.0569631444666	0.0836133073989	0.0680779043625	0.0644908682143	0.0794452724379	0.071109202516	0.0842700886655	0.0667643418294	0.0727006340465
CCIS07648107ST-4-0.freeze11.snv.mod.fix.bam	0.128830171521	0.129108040518	0.129638517695	0.127213479172	0.134463333923	0.0988455806199	0.0	0.133705509384	0.127087175083	0.119761537879	0.125495743552	0.136408416905	0.13388233511	0.125293657009	0.132998206482	0.135953722182	0.135953722182	0.113092681941	0.134134943289	0.120014146058	0.129133301336	0.138151413343	0.120216232602	0.122742314396	0.129790082603	0.129966908328	0.131684643949	0.122060272312	0.130371081416	0.130775254503	0.0725743299568	0.0707808118827	0.0432717811403	0.076186626923	0.0598933993483	0.0870740394574	0.0578977947306	0.0847753050244	0.131533079041	0.125672569278	0.136433677722	0.128097607801	0.108444691439	0.125470482734	0.132467729305	0.133175032208	0.121251926137	0.096471063733	0.130623689595	0.126405132998	0.0879581680855	0.0938439386667	0.136181069543	0.116553414	0.130472124687	0.130345820598	0.126531437088	0.128678606613	0.137924065981	0.130800515321	0.102003182863	0.132998206482	0.130168994872	0.101346401596	0.133654987749	0.136534720994	0.118321671256	0.136181069543	0.126329350544	0.130749993685	0.122262358855	0.131507818223
CCIS11354283ST-4-0.freeze11.snv.mod.fix.bam	0.118776365979	0.131886730492	0.132417207669	0.0930608533104	0.121251926137	0.0956374567408	0.133705509384	0.0	0.125798873368	0.115366155556	0.119079495794	0.122843357668	0.121352969409	0.124434789198	0.11913001743	0.125015788011	0.124283224291	0.106297521914	0.139136585243	0.110415035239	0.125798873368	0.122565488671	0.11801854144	0.1135978983	0.124081137747	0.126657741178	0.115896632733	0.125344178645	0.129714300149	0.122363402127	0.0687094248112	0.0686336423573	0.0406951777099	0.07204385278	0.0571399701922	0.083082830222	0.0508500265239	0.0802030969763	0.11913001743	0.120089928512	0.122919140122	0.118346932074	0.104630307929	0.116452370728	0.118700583525	0.126253568091	0.123904312022	0.0898274686134	0.11617450173	0.120898274686	0.0853815646551	0.0942481117539	0.126480915452	0.110793947508	0.119508929699	0.126177785637	0.119534190517	0.131482557405	0.12281809685	0.118043802258	0.0934145047617	0.123449617299	0.120140450148	0.0984161467148	0.123828529568	0.127743956349	0.109480384975	0.131558339859	0.117361760174	0.117033369541	0.109732993154	0.117109151994
CCIS17669415ST-4-0.freeze11.snv.mod.fix.bam	0.127693434713	0.139439715058	0.140020713871	0.126430393816	0.132947684846	0.0888675575315	0.127087175083	0.125798873368	0.0	0.105767044737	0.116603935635	0.128956475611	0.125849395003	0.126683001996	0.126152524819	0.133629726931	0.124940005557	0.104579786293	0.128855432339	0.112385379039	0.129032258065	0.125344178645	0.108596256347	0.117437542628	0.128425998434	0.127289261626	0.124586354106	0.113572637482	0.132518250941	0.124687397378	0.0668148634653	0.0625710460505	0.0399878748074	0.070629246975	0.0564831889257	0.0804304443378	0.0548159749413	0.0730290246798	0.128804910703	0.126405132998	0.132316164397	0.126228307273	0.0993255361609	0.117311238538	0.121782403314	0.12761765226	0.110187687877	0.0832596559477	0.124055876929	0.120418319145	0.0781822315407	0.0823250056837	0.132417207669	0.110263470331	0.127592391442	0.090938944603	0.126455654634	0.115997676005	0.133225553843	0.123500138934	0.0894232955263	0.129992169146	0.124813701468	0.101523227322	0.130749993685	0.131634122313	0.109480384975	0.130244777326	0.11715967363	0.121908707404	0.119028974158	0.127264000808
CCIS22275061ST-4-0.freeze11.snv.mod.fix.bam	0.117664889989	0.135347462551	0.135953722182	0.112132770859	0.12195922904	0.063733043676	0.119761537879	0.115366155556	0.105767044737	0.0	0.111071816505	0.119761537879	0.108520473893	0.114911460833	0.103847222573	0.124257963473	0.112966377851	0.0896506428878	0.11188016268	0.0898779902493	0.122666531942	0.118321671256	0.0880086897214	0.0983908858969	0.118877409251	0.118346932074	0.114785156743	0.0985677116225	0.123449617299	0.120165710966	0.0550938439387	0.0474145552833	0.0311718493445	0.0682294692702	0.0537297597696	0.078965316897	0.049864854624	0.0580240988203	0.123348574027	0.114027332205	0.120064667694	0.116780761361	0.082653396317	0.0888928183495	0.107686866901	0.127390304898	0.0961174122818	0.0582009245459	0.0977088438124	0.1126127264	0.0638088261298	0.0677242529113	0.118574279435	0.0846995225705	0.120645666507	0.10142218405	0.112031727587	0.0965468461869	0.124182181019	0.103038876399	0.0707050294289	0.118119584712	0.11470937429	0.0905347715159	0.115669285371	0.126405132998	0.0899790335211	0.111374946321	0.0866951271882	0.102887311491	0.10167479223	0.110566600147
CCIS22416007ST-4-0.freeze11.snv.mod.fix.bam	0.110541339329	0.124030616111	0.124586354106	0.120317275873	0.111374946321	0.0827291787708	0.125495743552	0.119079495794	0.116603935635	0.111071816505	0.0	0.106322782732	0.0636067395862	0.11248642231	0.0976835829944	0.112991638669	0.110389774421	0.084926869932	0.135701114002	0.0927072018592	0.111450728775	0.117083891176	0.113042160305	0.102558920858	0.121302447773	0.105287089196	0.112233814131	0.119534190517	0.108495213075	0.107358476267	0.0319549347008	0.0570894485563	0.0199307853588	0.0653749968424	0.0518351984237	0.0758582362897	0.0511784171571	0.0760603228333	0.106903781544	0.105666001465	0.121201404501	0.109606689065	0.0917472907773	0.0932882006719	0.101826357137	0.114178897113	0.12024149342	0.0842700886655	0.0980372344457	0.110187687877	0.0772981029126	0.0920756814106	0.113976810569	0.0883876019906	0.105463914922	0.118119584712	0.114052593023	0.129486952788	0.109985601334	0.104554525476	0.0753277591128	0.10351883194	0.107737388537	0.0879834289034	0.111273903049	0.115416677192	0.0903579457903	0.111248642231	0.0936165913052	0.0981887993533	0.0983656250789	0.105716523101
CCIS22906510ST-20-0.freeze11.snv.mod.fix.bam	0.109758253972	0.132695076667	0.133452901205	0.122136054765	0.115795589461	0.0926566802233	0.136408416905	0.122843357668	0.128956475611	0.119761537879	0.106322782732	0.0	0.103240962942	0.11630080582	0.0923788112259	0.12552100437	0.109530906611	0.0968247151843	0.150200823503	0.0985171899866	0.119407886427	0.126809306085	0.12183292495	0.106423826003	0.115467198828	0.114810417561	0.111198120595	0.131507818223	0.12478844065	0.115012504105	0.0583524894536	0.0626973501402	0.0363250562053	0.0742415439412	0.059110313992	0.084926869932	0.0563821456539	0.0846995225705	0.117791194079	0.116856543815	0.126228307273	0.114204157931	0.100032839063	0.109530906611	0.101826357137	0.118195367166	0.135650592366	0.0921262030465	0.0970015409099	0.113825245661	0.0899537727032	0.103215702124	0.118801626797	0.103746179301	0.108823603708	0.133427640387	0.120923535504	0.140601712683	0.118725844343	0.100234925607	0.0900548159749	0.104453482204	0.11372420239	0.0953595877435	0.121984489858	0.123575921388	0.100639098694	0.123348574027	0.109985601334	0.080784095789	0.105388132468	0.112107510041
CCIS23164343ST-4-0.freeze11.snv.mod.fix.bam	0.110465556875	0.126581958724	0.127087175083	0.12392957284	0.113446333392	0.0818197893248	0.13388233511	0.121352969409	0.125849395003	0.108520473893	0.0636067395862	0.103240962942	0.0	0.113749463208	0.0956627175588	0.112562204764	0.105337610832	0.0783337964483	0.14396140147	0.0874529517266	0.113547376664	0.125874655821	0.118776365979	0.104857655291	0.113648419936	0.108015257534	0.108495213075	0.128249172708	0.105893348827	0.11003612297	0.0238462121403	0.057241013464	0.0172531386566	0.0694167277136	0.0559274509309	0.0793442291661	0.0452168641221	0.0783590572663	0.105211306742	0.108419430621	0.122439184581	0.111097077323	0.0909136837851	0.0918483340491	0.101851617955	0.115846111097	0.131482557405	0.0832343951297	0.0953848485614	0.111097077323	0.0818450501427	0.102836789855	0.114961982469	0.0826028746811	0.108419430621	0.12577361255	0.117664889989	0.139717584055	0.109834036426	0.0981382777174	0.0770454947331	0.102508399222	0.110945512416	0.0843711319373	0.110996034052	0.108495213075	0.0865183014626	0.10917725516	0.0917725515952	0.0977088438124	0.0966984110946	0.10351883194
CCIS44676181ST-4-0.freeze11.snv.mod.fix.bam	0.107989996716	0.121075100412	0.121731881678	0.12539470028	0.0965468461869	0.0844216535731	0.125293657009	0.124434789198	0.126683001996	0.114911460833	0.11248642231	0.11630080582	0.113749463208	0.0	0.107989996716	0.113799984844	0.116755500543	0.0954353701973	0.141864753581	0.100310708061	0.0724480258671	0.128830171521	0.116730239725	0.112789552126	0.110996034052	0.119508929699	0.110617121782	0.128324955162	0.119382625609	0.116401849092	0.0619395256018	0.0634804354965	0.0369818374719	0.0711849849698	0.0558011468411	0.0820471366863	0.0556243211155	0.0772475812767	0.108116300806	0.103796700937	0.115467198828	0.112461161492	0.0956879783767	0.11286533458	0.0990224063455	0.115467198828	0.129411170334	0.0831586126759	0.106726955819	0.119458408063	0.0805820092455	0.0999823174274	0.104655568747	0.0942228509359	0.0956374567408	0.13191199131	0.10917725516	0.136054765453	0.123272791573	0.115618763736	0.0906358147877	0.112208553313	0.107737388537	0.084497436027	0.112208553313	0.123601182206	0.0891959481648	0.116149240912	0.113117942759	0.10326622376	0.089120165711	0.0959911081921
CCIS48174381ST-4-0.freeze11.snv.mod.fix.bam	0.113547376664	0.12920908379	0.129891125875	0.11827114962	0.0999823174274	0.0842195670296	0.132998206482	0.11913001743	0.126152524819	0.103847222573	0.0976835829944	0.0923788112259	0.0956627175588	0.107989996716	0.0	0.107105868088	0.110212948695	0.0916967691414	0.147346351075	0.0943491550256	0.111905423498	0.123449617299	0.116679718089	0.102104226135	0.120317275873	0.117083891176	0.111097077323	0.128577563342	0.11334529012	0.116351327456	0.0555737994796	0.0590597923561	0.0323843686059	0.0718417662364	0.0580240988203	0.0835880465809	0.0525677621441	0.0770454947331	0.110288731149	0.110111905423	0.115088286559	0.110617121782	0.0892969914366	0.100058099881	0.105009220199	0.120620405689	0.132972945664	0.0821481799581	0.10154848814	0.108848864526	0.0800010104327	0.101043271781	0.110591860964	0.093717634577	0.0984666683507	0.131937252128	0.116881804633	0.13855558643	0.118953191704	0.0994771010685	0.0828554828605	0.107863692626	0.112915856215	0.0866698663703	0.112082249223	0.119332103974	0.0937934170308	0.119913102786	0.098820319802	0.0344304948594	0.0966478894587	0.102786268219
CCIS50369211ST-20-0.freeze11.snv.mod.fix.bam	0.119938363604	0.131406774951	0.132215121126	0.131558339859	0.0842195670296	0.0890696440751	0.135953722182	0.125015788011	0.133629726931	0.124257963473	0.112991638669	0.12552100437	0.112562204764	0.113799984844	0.107105868088	0.0	0.123171748301	0.0959911081921	0.145552833001	0.103038876399	0.119407886427	0.122742314396	0.121630838407	0.110869729962	0.117387020992	0.121428751863	0.112360118221	0.134438073105	0.122186576401	0.120670927325	0.063253088135	0.0676737312754	0.0379164877359	0.0789147952611	0.0639098694016	0.0888928183495	0.059085053174	0.0879581680855	0.119913102786	0.0864677798267	0.101775835502	0.116326066638	0.104731351201	0.11445676611	0.116048197641	0.12466213656	0.138378760704	0.0883370803547	0.109935079698	0.124030616111	0.0903326849723	0.107787910173	0.117791194079	0.0926819410413	0.0886149493521	0.137216763079	0.101725313866	0.14383509738	0.119786798697	0.115265112284	0.0951575011999	0.111400207139	0.111905423498	0.0936418521232	0.116022936823	0.120771970596	0.0936418521232	0.113294768485	0.115138808195	0.106726955819	0.0712102457878	0.0754540632026
CCIS51667829ST-4-0.freeze11.snv.mod.fix.bam	0.108520473893	0.1290827797	0.129663778513	0.125419961098	0.113269507667	0.0550180614848	0.135953722182	0.124283224291	0.124940005557	0.112966377851	0.110389774421	0.109530906611	0.105337610832	0.116755500543	0.110212948695	0.123171748301	0.0	0.0861899108293	0.142597317301	0.086341475737	0.117993280622	0.131381514133	0.117563846717	0.10634804355	0.107383737085	0.122110793948	0.112915856215	0.129537474423	0.124838962286	0.100891706873	0.0597670952585	0.0634551746786	0.0365271427489	0.0712607674236	0.0571904918281	0.0822492232298	0.0547907141233	0.0786874478996	0.109556167429	0.116806022179	0.130118473236	0.121984489858	0.0996539267941	0.10609543537	0.100891706873	0.121428751863	0.133427640387	0.0846490009347	0.097430974815	0.118422714527	0.080809356607	0.10265996413	0.117866976533	0.0996286659762	0.109556167429	0.136408416905	0.123575921388	0.140879581681	0.109732993154	0.106019652916	0.0903326849723	0.110288731149	0.116578674817	0.0866193447344	0.114557809382	0.076186626923	0.101270619143	0.11801854144	0.106247000278	0.106777477455	0.102356834314	0.109606689065
CCIS59132091ST-4-0.freeze11.snv.mod.fix.bam	0.0922019855003	0.107408997903	0.107914214262	0.105135524288	0.101295879961	0.0579988380024	0.113092681941	0.106297521914	0.104579786293	0.0896506428878	0.084926869932	0.0968247151843	0.0783337964483	0.0954353701973	0.0916967691414	0.0959911081921	0.0861899108293	0.0	0.12723873999	0.0701998130699	0.0946775456589	0.109960340516	0.0917472907773	0.0851542172936	0.0852805213833	0.0926061585874	0.0880339505393	0.113320029303	0.0993507969788	0.0937681562129	0.0421603051507	0.046631469927	0.0248061232223	0.0606512238866	0.047995554096	0.0695682926213	0.0447369085811	0.0596913128047	0.0925808977695	0.0940965468462	0.111324424685	0.0866951271882	0.0714375931493	0.0813398337838	0.0829312653144	0.0905347715159	0.114658852654	0.0665622552858	0.0787884911713	0.102154747771	0.0602975724354	0.0849773915679	0.0962942380074	0.0698966832546	0.0954858918332	0.108015257534	0.0909894662389	0.120190971784	0.0961426730998	0.0800515320686	0.0689115113547	0.0915704650517	0.0932124182181	0.0662843862884	0.0879581680855	0.0933387223078	0.0732058504054	0.0967489327304	0.078940056079	0.0918483340491	0.0804557051557	0.0868214312779
CCIS76845094ST-20-0.freeze11.snv.mod.fix.bam	0.142268926668	0.155960289994	0.156566549625	0.137090458989	0.144643443555	0.104680829565	0.134134943289	0.139136585243	0.128855432339	0.11188016268	0.135701114002	0.150200823503	0.14396140147	0.141864753581	0.147346351075	0.145552833001	0.142597317301	0.12723873999	0.0	0.12749134817	0.145653876273	0.142092100942	0.126127264001	0.129966908328	0.146992699624	0.146310657539	0.144416096193	0.121479273499	0.146234875085	0.139161846061	0.0802536186122	0.072473286685	0.0496880288984	0.0797231414353	0.0625457852325	0.0903579457903	0.0644656073964	0.0802788794301	0.145022355824	0.13868189052	0.140450147776	0.140045974689	0.120519362417	0.136231591179	0.138580847248	0.152878470205	0.110111905423	0.0953090661076	0.137898805163	0.12761765226	0.0917220299593	0.0811124864223	0.146159092631	0.127264000808	0.144011923106	0.122590749488	0.144163488014	0.122767575214	0.145628615455	0.137368327986	0.106752216637	0.14494657337	0.135701114002	0.119938363604	0.147750524162	0.143405663475	0.128729128249	0.145855962816	0.137191502261	0.142420491576	0.130851036957	0.139338671786
CCIS77100899ST-4-0.freeze11.snv.mod.fix.bam	0.098795058984	0.11248642231	0.113016899487	0.113698941572	0.0973804531791	0.0565842321974	0.120014146058	0.110415035239	0.112385379039	0.0898779902493	0.0927072018592	0.0985171899866	0.0874529517266	0.100310708061	0.0943491550256	0.103038876399	0.086341475737	0.0701998130699	0.12749134817	0.0	0.106903781544	0.117462803446	0.101144315053	0.0854573471089	0.0901053376108	0.101245358325	0.0929345492207	0.114507287746	0.0982393209892	0.0953595877435	0.045722080481	0.0469093389244	0.0248566448582	0.0601712683457	0.0470356430141	0.0693662060778	0.0415793063379	0.0643898249425	0.0936165913052	0.0948796322025	0.111071816505	0.0880339505393	0.0731048071337	0.0827544395888	0.0756056281102	0.102028443681	0.120089928512	0.0638593477657	0.0756308889282	0.106398565186	0.0643645641246	0.089094904893	0.0986940157122	0.0726501124106	0.0962942380074	0.115012504105	0.10154848814	0.123727486296	0.0837648723066	0.0881097329932	0.0719428095082	0.0939449819385	0.0994265794326	0.0710081592442	0.0958395432844	0.0901558592467	0.0736100234926	0.0958395432844	0.0802283577942	0.0920251597747	0.0868214312779	0.093237679036
CCIS81139242ST-4-0.freeze11.snv.mod.fix.bam	0.11433046202	0.128148129436	0.128754389067	0.122994922576	0.114052593023	0.0908379013312	0.129133301336	0.125798873368	0.129032258065	0.122666531942	0.111450728775	0.119407886427	0.113547376664	0.0724480258671	0.111905423498	0.119407886427	0.117993280622	0.0946775456589	0.145653876273	0.106903781544	0.0	0.129006997247	0.121024578776	0.11445676611	0.120089928512	0.119938363604	0.117109151994	0.132467729305	0.125015788011	0.107838431808	0.0607522671584	0.0666380377397	0.0368302725642	0.0715891580569	0.0569631444666	0.0818197893248	0.0568873620128	0.0868466920959	0.111930684316	0.113446333392	0.132341425215	0.112259074949	0.105438654104	0.115088286559	0.107131128906	0.120595144871	0.133225553843	0.0934902872155	0.106878520727	0.121782403314	0.0874024300907	0.105438654104	0.115340894738	0.105034481016	0.10720691136	0.135296940915	0.121277186955	0.139944931417	0.128501780888	0.116755500543	0.0957637608306	0.11741228181	0.107737388537	0.0901811200647	0.114532548564	0.126203046455	0.101624270594	0.125470482734	0.115138808195	0.108823603708	0.103569353576	0.110819208326
CCIS81710917ST-20-0.freeze11.snv.mod.fix.bam	0.128148129436	0.145123399096	0.145855962816	0.114633591836	0.12663248036	0.0994518402506	0.138151413343	0.122565488671	0.125344178645	0.118321671256	0.117083891176	0.126809306085	0.125874655821	0.128830171521	0.123449617299	0.122742314396	0.131381514133	0.109960340516	0.142092100942	0.117462803446	0.129006997247	0.0	0.12183292495	0.11913001743	0.134134943289	0.123828529568	0.128021825347	0.128501780888	0.128729128249	0.127718695531	0.0702755955238	0.0713870715134	0.0416298279738	0.0671432540986	0.0551696263925	0.0768939298254	0.0582009245459	0.0862909541011	0.132240381944	0.127137696719	0.130547907141	0.124763179832	0.108166822442	0.121883446586	0.12097405714	0.131330992498	0.129613256877	0.0949806754743	0.121504534317	0.120999317958	0.093717634577	0.10240735595	0.137014676535	0.114734635107	0.120595144871	0.133175032208	0.125849395003	0.137368327986	0.129006997247	0.122161315583	0.0942986333897	0.127642913078	0.128400737616	0.106701695001	0.131962512946	0.134362290651	0.114406244474	0.139338671786	0.122919140122	0.118624801071	0.114103114659	0.121605577589
CCIS82146115ST-4-0.freeze11.snv.mod.fix.bam	0.113117942759	0.129840604239	0.130446863869	0.114810417561	0.122843357668	0.0770454947331	0.120216232602	0.11801854144	0.108596256347	0.0880086897214	0.113042160305	0.12183292495	0.118776365979	0.116730239725	0.116679718089	0.121630838407	0.117563846717	0.0917472907773	0.126127264001	0.101144315053	0.121024578776	0.12183292495	0.0	0.103493571122	0.110945512416	0.120670927325	0.108242604896	0.112536943946	0.121125622048	0.12097405714	0.061383787607	0.0534266299543	0.0366534468386	0.0717154621467	0.0571399701922	0.0827544395888	0.0513552428828	0.0590092707202	0.122464445399	0.113320029303	0.123222269937	0.119104756612	0.0892464698007	0.104731351201	0.113143203577	0.120797231414	0.106398565186	0.0728016773183	0.109126733524	0.117563846717	0.0653497360245	0.0806325308813	0.120873013868	0.0960668906459	0.117589107535	0.111299163867	0.118776365979	0.118498496981	0.126076742365	0.109000429434	0.0853815646551	0.117892237351	0.116275545002	0.0883118195367	0.119938363604	0.12650617627	0.0982140601713	0.122792836032	0.104554525476	0.114936721651	0.103367267032	0.111122338141
CCIS87290971ST-4-0.freeze11.snv.mod.fix.bam	0.10622173946	0.115113547377	0.115517720464	0.117589107535	0.10806577917	0.0723469825953	0.122742314396	0.1135978983	0.117437542628	0.0983908858969	0.102558920858	0.106423826003	0.104857655291	0.112789552126	0.102104226135	0.110869729962	0.10634804355	0.0851542172936	0.129966908328	0.0854573471089	0.11445676611	0.11913001743	0.103493571122	0.0	0.108773082072	0.10990981888	0.10806577917	0.115492459646	0.0868972137318	0.10793947508	0.0527193270518	0.0518099376058	0.0302624598985	0.0676484704575	0.0551191047566	0.0777527976356	0.0500164195317	0.0673706014601	0.109631949883	0.103948265845	0.114229418749	0.10793947508	0.0868466920959	0.0860383459216	0.0986940157122	0.113067421123	0.120064667694	0.0699977265264	0.0910905095107	0.115012504105	0.0685073382676	0.0866193447344	0.110718165054	0.0834112208553	0.106701695001	0.120266754238	0.112764291308	0.128047086165	0.111475989593	0.0981887993533	0.0751761942052	0.110238209513	0.106145957006	0.0742415439412	0.102887311491	0.108394169803	0.0877813423599	0.112814812944	0.0848763482962	0.102558920858	0.0931366357643	0.100058099881
CCIS87605453ST-4-0.freeze11.snv.mod.fix.bam	0.102457877586	0.127870260439	0.128375476798	0.128905953975	0.117513325081	0.071109202516	0.129790082603	0.124081137747	0.128425998434	0.118877409251	0.121302447773	0.115467198828	0.113648419936	0.110996034052	0.120317275873	0.117387020992	0.107383737085	0.0852805213833	0.146992699624	0.0901053376108	0.120089928512	0.134134943289	0.110945512416	0.108773082072	0.0	0.126253568091	0.0688357289009	0.133478162023	0.120822492232	0.119559451335	0.0631015232273	0.062318437871	0.0377396620103	0.0735847626746	0.059085053174	0.0838911763963	0.0556748427514	0.0824260489555	0.11839745371	0.120999317958	0.124030616111	0.112966377851	0.0994518402506	0.111147598959	0.107560562811	0.0807335741531	0.134235986561	0.0901053376108	0.106929042362	0.123601182206	0.0805567484275	0.10339252785	0.103670396847	0.102003182863	0.115795589461	0.134337029833	0.123727486296	0.142496274029	0.108672038801	0.10879834289	0.0952585444717	0.116502892364	0.121681360042	0.0875792558163	0.120620405689	0.109101472706	0.103973526663	0.127213479172	0.110844469144	0.118069063076	0.104024048299	0.112031727587
CCIS88317640ST-4-0.freeze11.snv.mod.fix.bam	0.117008108723	0.131608861495	0.132366686033	0.126809306085	0.122439184581	0.0875034733625	0.129966908328	0.126657741178	0.127289261626	0.118346932074	0.105287089196	0.114810417561	0.108015257534	0.119508929699	0.117083891176	0.121428751863	0.122110793948	0.0926061585874	0.146310657539	0.101245358325	0.119938363604	0.123828529568	0.120670927325	0.10990981888	0.126253568091	0.0	0.116704978907	0.131709904767	0.118447975345	0.116578674817	0.0577714906409	0.0638340869477	0.0329653674186	0.0739889357617	0.0576451865511	0.0826028746811	0.0562558415641	0.0816429635992	0.114810417561	0.116603935635	0.133099249754	0.113850506479	0.0977088438124	0.106701695001	0.109253037613	0.118245888802	0.136105287089	0.0883370803547	0.106196478642	0.119458408063	0.0857604769242	0.101624270594	0.118624801071	0.0970268017278	0.114507287746	0.137797761892	0.121454012681	0.143708793291	0.122969661758	0.114886200015	0.0813398337838	0.111324424685	0.114860939197	0.0894232955263	0.118296410438	0.127895521257	0.0944754591154	0.121201404501	0.10733321545	0.111147598959	0.104630307929	0.11188016268
CCMD11006829ST-21-0.freeze11.snv.mod.fix.bam	0.0994013186147	0.125419961098	0.126076742365	0.124005355293	0.111374946321	0.0773233637305	0.131684643949	0.115896632733	0.124586354106	0.114785156743	0.112233814131	0.111198120595	0.108495213075	0.110617121782	0.111097077323	0.112360118221	0.112915856215	0.0880339505393	0.144416096193	0.0929345492207	0.117109151994	0.128021825347	0.108242604896	0.10806577917	0.0688357289009	0.116704978907	0.0	0.126809306085	0.117336499356	0.115340894738	0.0589587490843	0.0562053199283	0.035541970849	0.069694596711	0.0557506252052	0.0799757496148	0.0516583726981	0.0802030969763	0.113395811756	0.103670396847	0.117437542628	0.105564958193	0.0946775456589	0.108621517165	0.104933437745	0.0752772374769	0.129587996059	0.0812893121479	0.103316745396	0.113294768485	0.0749235860257	0.0977593654483	0.0927324626771	0.0962942380074	0.104352438932	0.129234344608	0.113446333392	0.13744411044	0.111299163867	0.103923005027	0.0842700886655	0.116856543815	0.113320029303	0.0829565261323	0.115644024554	0.120039406876	0.0934397655796	0.123626443024	0.108722560437	0.11150125041	0.0952838052896	0.102584181676
CCMD19497912ST-21-0.freeze11.snv.mod.fix.bam	0.123980094475	0.13941445424	0.140020713871	0.123146487483	0.131861469674	0.0903832066082	0.122060272312	0.125344178645	0.113572637482	0.0985677116225	0.119534190517	0.131507818223	0.128249172708	0.128324955162	0.128577563342	0.134438073105	0.129537474423	0.113320029303	0.121479273499	0.114507287746	0.132467729305	0.128501780888	0.112536943946	0.115492459646	0.133478162023	0.131709904767	0.126809306085	0.0	0.128072346983	0.125318917827	0.0690125546265	0.0578472730947	0.0403415262586	0.0741405006694	0.0578220122768	0.0842953494834	0.0560032333847	0.0712355066057	0.125748351732	0.123702225478	0.127390304898	0.132265642762	0.103139919671	0.119054234976	0.122211837219	0.138580847248	0.10240735595	0.0825776138631	0.123727486296	0.120443579963	0.0754035415667	0.0741405006694	0.13461489883	0.110718165054	0.129815343421	0.114507287746	0.130421603052	0.111728597772	0.133377118751	0.124763179832	0.0891706873469	0.132316164397	0.126076742365	0.100159143153	0.131684643949	0.131027862682	0.111577032864	0.132796119938	0.119685755425	0.125369439462	0.117614368353	0.125697830096
CCMD25963797ST-21-0.freeze11.snv.mod.fix.bam	0.116326066638	0.121757142496	0.122211837219	0.131381514133	0.124914744739	0.08864021017	0.130371081416	0.129714300149	0.132518250941	0.123449617299	0.108495213075	0.12478844065	0.105893348827	0.119382625609	0.11334529012	0.122186576401	0.124838962286	0.0993507969788	0.146234875085	0.0982393209892	0.125015788011	0.128729128249	0.121125622048	0.0868972137318	0.120822492232	0.118447975345	0.117336499356	0.128072346983	0.0	0.120771970596	0.0631015232273	0.0672695581883	0.0368050117463	0.0721701568697	0.0573673175537	0.083082830222	0.0568873620128	0.0846742617526	0.10892464698	0.112309596585	0.133831813474	0.122792836032	0.104933437745	0.0790410993508	0.112814812944	0.126076742365	0.136332634451	0.0918988556849	0.1145830702	0.124081137747	0.0844216535731	0.105186045924	0.121251926137	0.100159143153	0.122666531942	0.134816985374	0.131128905954	0.141157450678	0.12281809685	0.12110036123	0.0878066031778	0.121403491045	0.117083891176	0.0837143506707	0.116704978907	0.126329350544	0.101876878773	0.120443579963	0.077550711092	0.114658852654	0.10879834289	0.116022936823
CCMD46947453ST-21-0.freeze11.snv.mod.fix.bam	0.113547376664	0.129032258065	0.129714300149	0.125015788011	0.113774724026	0.0826786571349	0.130775254503	0.122363402127	0.124687397378	0.120165710966	0.107358476267	0.115012504105	0.11003612297	0.116401849092	0.116351327456	0.120670927325	0.100891706873	0.0937681562129	0.139161846061	0.0953595877435	0.107838431808	0.127718695531	0.12097405714	0.10793947508	0.119559451335	0.116578674817	0.115340894738	0.125318917827	0.120771970596	0.0	0.0587819233587	0.0640109126734	0.0368555333822	0.0685073382676	0.0545633667618	0.0783085356304	0.0564579281077	0.0842448278475	0.113976810569	0.113623159118	0.122767575214	0.113218986031	0.103872483391	0.112536943946	0.10142218405	0.117538585899	0.131810948038	0.0898274686134	0.100411751333	0.117690150807	0.0855583903807	0.100083360699	0.118069063076	0.10536287165	0.108368908985	0.127794477985	0.120822492232	0.138580847248	0.117538585899	0.108949907798	0.0920251597747	0.111273903049	0.107105868088	0.0925303761336	0.115542981282	0.10781317099	0.101952661227	0.121858185768	0.112713769672	0.111551772046	0.103594614394	0.110263470331
M1.2-V1.metaT.freeze11.snv.mod.fix.bam	0.0615353525147	0.0701240306161	0.0708313335186	0.0680526435446	0.064642433122	0.0425392174199	0.0725743299568	0.0687094248112	0.0668148634653	0.0550938439387	0.0319549347008	0.0583524894536	0.0238462121403	0.0619395256018	0.0555737994796	0.063253088135	0.0597670952585	0.0421603051507	0.0802536186122	0.045722080481	0.0607522671584	0.0702755955238	0.061383787607	0.0527193270518	0.0631015232273	0.0577714906409	0.0589587490843	0.0690125546265	0.0631015232273	0.0587819233587	0.0	0.0188698310051	0.00298077651754	0.0494606815369	0.0397857882638	0.0547401924874	0.0390027029075	0.0382701391871	0.0597670952585	0.0618384823301	0.0723217217774	0.0620658296916	0.0458736453886	0.0507489832521	0.0547149316695	0.0657791699295	0.0726248515927	0.0425139566019	0.0496627680804	0.061383787607	0.0405688736201	0.0566094930154	0.0623942203249	0.0455705155733	0.0584282719074	0.0713365498775	0.0638340869477	0.0762624093768	0.0662843862884	0.0520372849673	0.041074089979	0.0557253643873	0.0602975724354	0.0459494278425	0.0610301361558	0.0636067395862	0.0476419026448	0.0640109126734	0.0497132897163	0.0548412357592	0.0552454088463	0.0594639654432
M1.2-V2.metaT.freeze11.snv.mod.fix.bam	0.0626973501402	0.0745951953924	0.0751761942052	0.0654760401142	0.0679768610908	0.0368050117463	0.0707808118827	0.0686336423573	0.0625710460505	0.0474145552833	0.0570894485563	0.0626973501402	0.057241013464	0.0634804354965	0.0590597923561	0.0676737312754	0.0634551746786	0.046631469927	0.072473286685	0.0469093389244	0.0666380377397	0.0713870715134	0.0534266299543	0.0518099376058	0.062318437871	0.0638340869477	0.0562053199283	0.0578472730947	0.0672695581883	0.0640109126734	0.0188698310051	0.0	0.00932124182181	0.0476924242807	0.0377144011923	0.0531487609569	0.0371586631975	0.0348851895824	0.0668653851012	0.0632025664991	0.0689115113547	0.062318437871	0.0441559097684	0.0508752873418	0.0569378836487	0.067395862278	0.0630762624094	0.0367544901104	0.051228938793	0.0634804354965	0.0352135802157	0.0428423472352	0.0522898931467	0.0464293833834	0.0649455629373	0.0662086038346	0.0634551746786	0.0656276050219	0.0693156844419	0.055396973754	0.0393058327229	0.063227827317	0.0624952635966	0.0476419026448	0.0624700027787	0.0708818551545	0.0492585949933	0.0640361734913	0.0492585949933	0.0579735771844	0.0561295374744	0.0608785712481
