	159268001-stool2.freeze11.snv.mod.fix.bam	160704339-stool1.freeze11.snv.mod.fix.bam	763496533-stool1.freeze11.snv.mod.fix.bam	763597684-stool2.freeze11.snv.mod.fix.bam	764143897-stool1.freeze11.snv.mod.fix.bam	CCIS02124300ST-4-0.freeze11.snv.mod.fix.bam	CCIS09568613ST-4-0.freeze11.snv.mod.fix.bam	CCIS10793554ST-4-0.freeze11.snv.mod.fix.bam	CCIS20795251ST-4-0.freeze11.snv.mod.fix.bam	CCIS22275061ST-4-0.freeze11.snv.mod.fix.bam	CCIS23164343ST-4-0.freeze11.snv.mod.fix.bam	CCIS27304052ST-3-0.freeze11.snv.mod.fix.bam	CCIS51595129ST-4-0.freeze11.snv.mod.fix.bam	CCIS59132091ST-4-0.freeze11.snv.mod.fix.bam	CCIS62605362ST-3-0.freeze11.snv.mod.fix.bam	CCIS64773582ST-4-0.freeze11.snv.mod.fix.bam	CCIS74239020ST-4-0.freeze11.snv.mod.fix.bam	CCIS76845094ST-20-0.freeze11.snv.mod.fix.bam	CCIS81887263ST-4-0.freeze11.snv.mod.fix.bam	CCIS88317640ST-4-0.freeze11.snv.mod.fix.bam	CCMD64503764ST-21-0.freeze11.snv.mod.fix.bam	CCMD64776337ST-21-0.freeze11.snv.mod.fix.bam	HT25A.freeze11.snv.mod.fix.bam	M2.2-V2.metaT.freeze11.snv.mod.fix.bam	M2.2-V3.metaG.freeze11.snv.mod.fix.bam	MH0196.freeze11.snv.mod.fix.bam	MH0224.freeze11.snv.mod.fix.bam	MH0275.freeze11.snv.mod.fix.bam	MH0280.freeze11.snv.mod.fix.bam	MH0349.freeze11.snv.mod.fix.bam	MH0379.freeze11.snv.mod.fix.bam	MH0381.freeze11.snv.mod.fix.bam	MH0392.freeze11.snv.mod.fix.bam	MH0397.freeze11.snv.mod.fix.bam	MH0422.freeze11.snv.mod.fix.bam	MH0437.freeze11.snv.mod.fix.bam	MH0445.freeze11.snv.mod.fix.bam	MH0451.freeze11.snv.mod.fix.bam	MH0457.freeze11.snv.mod.fix.bam	MMRS51307502ST-27-0-0.freeze11.snv.mod.fix.bam	MMRS57276462ST-27-0-0.freeze11.snv.mod.fix.bam	NG-5636_112.freeze11.snv.mod.fix.bam	NG-5636_155.freeze11.snv.mod.fix.bam	NG-5636_225.freeze11.snv.mod.fix.bam	NG-5636_434.freeze11.snv.mod.fix.bam	NG-5636_591.freeze11.snv.mod.fix.bam	NG-5636_88.freeze11.snv.mod.fix.bam	O2.UC13-1.freeze11.snv.mod.fix.bam	O2.UC30-1.freeze11.snv.mod.fix.bam	SAMEA3136654.freeze11.snv.mod.fix.bam	SAMEA3136675.freeze11.snv.mod.fix.bam	SAMEA3136684.freeze11.snv.mod.fix.bam	SAMEA3178941.freeze11.snv.mod.fix.bam	T2D-15A.freeze11.snv.mod.fix.bam	T2D-49A.freeze11.snv.mod.fix.bam	V1.CD22-0.freeze11.snv.mod.fix.bam	V1.CD55-0.freeze11.snv.mod.fix.bam	V1.CD6-0-PN.freeze11.snv.mod.fix.bam	V1.FI07.freeze11.snv.mod.fix.bam	V1.FI15.freeze11.snv.mod.fix.bam	V1.FI16.freeze11.snv.mod.fix.bam	V1.UC10-2.freeze11.snv.mod.fix.bam	V1.UC21-4.freeze11.snv.mod.fix.bam	V1.UC40-1.freeze11.snv.mod.fix.bam	V1.UC58-0.freeze11.snv.mod.fix.bam
159268001-stool2.freeze11.snv.mod.fix.bam	0.0	0.221688134394	0.287243653912	0.287976753898	0.283908018865	0.215611165266	0.284876473062	0.284182145301	0.219059064861	0.22170440116	0.223232894031	0.25588387273	0.285112390908	0.287469286838	0.28559351729	0.215651645633	0.275949908335	0.21551205261	0.280934064695	0.218809035642	0.215665474692	0.218828217573	0.137734688163	0.142295269998	0.13875285922	0.28540365069	0.282559946381	0.217296077326	0.220851547713	0.281422402431	0.285645078565	0.282509909391	0.285444954365	0.219163414988	0.143313929579	0.283558573889	0.21955403602	0.216290727879	0.283679049715	0.279720948402	0.286213281896	0.220141663205	0.284674844406	0.195796586847	0.280978358347	0.277774697723	0.284332306977	0.285855320717	0.215218849623	0.206844681109	0.283996278993	0.277594153666	0.284034796515	0.156422153843	0.27287106224	0.283636561745	0.283010872919	0.282442302976	0.282536733453	0.218988458417	0.217295357071	0.282706739238	0.21797050835	0.221720118369	0.281359340438
160704339-stool1.freeze11.snv.mod.fix.bam	0.221688134394	0.0	0.253492948047	0.251214197581	0.246382800019	0.123290638559	0.248235682363	0.251514594859	0.113675989917	0.110986146291	0.1117286934	0.246016964471	0.248546903536	0.248522002481	0.248254582501	0.121153016105	0.239703074243	0.115236221749	0.245599026393	0.110651928737	0.117282844608	0.121124475247	0.205862373748	0.209175198336	0.200663854574	0.249834596691	0.247229127807	0.107007135239	0.119520488573	0.245251717584	0.246250661367	0.245538013969	0.252399243266	0.109066831013	0.20426031322	0.248074260516	0.1208655576	0.116311087737	0.246003924478	0.244668755528	0.251305034353	0.11173792648	0.247973433883	0.126620263515	0.24221126882	0.242808010608	0.249176027252	0.248289316643	0.123039660367	0.11998150405	0.247898051103	0.254268436258	0.248267255537	0.199882852375	0.241794740105	0.244340554318	0.246636641862	0.243957899913	0.249266867922	0.115891266196	0.118363444761	0.24425280226	0.120072629181	0.121496746626	0.244881903468
763496533-stool1.freeze11.snv.mod.fix.bam	0.287243653912	0.253492948047	0.0	0.121590948862	0.124567076209	0.244616480567	0.122539637321	0.121576506159	0.241230460403	0.250655087175	0.250904685028	0.163164243738	0.122798675099	0.123907650863	0.123366077274	0.250948639036	0.114044835611	0.240687876442	0.112351203622	0.244103184974	0.240379444963	0.24531347912	0.271963626248	0.273219285251	0.267963545161	0.122255833619	0.117262992651	0.242838641348	0.246887654784	0.114773160046	0.092716022479	0.113798925047	0.122859394856	0.24606985405	0.275151678876	0.118705940564	0.250427119848	0.240033530521	0.122431166327	0.112584418941	0.120472890625	0.245622264509	0.115456462963	0.243332175544	0.114374892063	0.113771696722	0.119252639512	0.122314494536	0.249765860842	0.238341612507	0.118254624665	0.137997682377	0.120343053834	0.260645311758	0.120899449913	0.116371725509	0.115255185807	0.118759652017	0.122553352782	0.251398905173	0.247624439529	0.119134287854	0.249000560668	0.250165559471	0.116377472636
763597684-stool2.freeze11.snv.mod.fix.bam	0.287976753898	0.251214197581	0.121590948862	0.0	0.116016621041	0.243907983043	0.116019691809	0.111352348277	0.238962449941	0.248886770747	0.249176434546	0.155329634221	0.116342866844	0.113428266515	0.114538592192	0.247843378428	0.107368262061	0.240592535974	0.106429094715	0.241886627473	0.239462292312	0.243025808384	0.271411090522	0.271803503268	0.26586427155	0.1151767135	0.111775547809	0.241821670612	0.24572910201	0.112487437516	0.117569084129	0.0976781060183	0.117643412823	0.244772517721	0.273530262578	0.113169274313	0.248841623686	0.238676337011	0.11404438876	0.105784197334	0.0241523833686	0.244245173112	0.108819087348	0.242424610806	0.108594527862	0.102860038299	0.112980499307	0.112815033984	0.246146494875	0.236304462439	0.109885840029	0.123890550651	0.115642222279	0.257058037855	0.117827221045	0.114860860628	0.109889139869	0.11241508479	0.11035511632	0.251033051721	0.244093690912	0.110993967455	0.246588018413	0.249772629918	0.11372329139
764143897-stool1.freeze11.snv.mod.fix.bam	0.283908018865	0.246382800019	0.124567076209	0.116016621041	0.0	0.238333620254	0.111878528078	0.111929481691	0.234351523741	0.243223817057	0.245625670002	0.155840200674	0.11210667157	0.114390797921	0.10763148893	0.243400881984	0.105829707589	0.234561734702	0.103529771796	0.236968961379	0.232916184371	0.236595665315	0.265605660445	0.265732228622	0.261245794833	0.113865628124	0.110604138181	0.235118310558	0.239351719822	0.114470648809	0.119340463119	0.107062268259	0.112894869192	0.241376395417	0.268433347706	0.111223026915	0.243325431315	0.234277365727	0.113077586632	0.108207352394	0.114023892482	0.239429050594	0.11235415778	0.23940097427	0.107153464239	0.103424771188	0.110901454337	0.110938033807	0.241729279866	0.230604081416	0.111058101934	0.125702446705	0.110207183499	0.253743126685	0.11310363806	0.113823574737	0.105307813223	0.103014074961	0.114391925294	0.244369078576	0.240633363905	0.107027769929	0.242834753886	0.243421016028	0.109510495036
CCIS02124300ST-4-0.freeze11.snv.mod.fix.bam	0.215611165266	0.123290638559	0.244616480567	0.243907983043	0.238333620254	0.0	0.240575942515	0.242102075104	0.115355821036	0.118446700896	0.121248120131	0.238708921918	0.240555384373	0.241137824977	0.238293701654	0.124605857749	0.231881547512	0.123510887651	0.235686783737	0.114610904039	0.118214011175	0.118277724132	0.203276763981	0.205383147355	0.194880731903	0.242305769598	0.239189083478	0.11792223102	0.119217186247	0.23857500644	0.237205152083	0.238395846411	0.2444016816	0.11650189279	0.201149323517	0.240444756013	0.124805185245	0.118251853376	0.237453622935	0.235419399623	0.243725388052	0.117435686367	0.239799873216	0.134032820189	0.234840994822	0.233397388359	0.241486388301	0.240528491591	0.124364093861	0.114782992906	0.240219836559	0.245165635916	0.240706360449	0.195176084985	0.234245088986	0.23842372888	0.239079696097	0.239217362914	0.240308091374	0.118221980511	0.119046248438	0.237373142074	0.120290544983	0.121669133533	0.235893158899
CCIS09568613ST-4-0.freeze11.snv.mod.fix.bam	0.284876473062	0.248235682363	0.122539637321	0.116019691809	0.111878528078	0.240575942515	0.0	0.0385570702771	0.237358373339	0.244289154673	0.245990209411	0.156555755448	0.00136025902995	0.107700599414	0.103985277138	0.24375000828	0.104616226091	0.234755033852	0.102095426695	0.238724212578	0.236646170337	0.239847822005	0.268675577731	0.272536500235	0.26382975745	0.0429794597242	0.10641611725	0.238265590104	0.241495226026	0.10846708938	0.108200860099	0.106952418299	0.111508632455	0.243028942533	0.273330119148	0.105573761332	0.244785878648	0.235129123974	0.111919724454	0.104755085227	0.113715711507	0.241300055578	0.103406122999	0.238968577817	0.10362858023	0.101561589523	0.0209522604441	0.109119553307	0.24331856004	0.23195831288	0.03219086047	0.127199087229	0.059392149642	0.255511542586	0.11224570733	0.1057290105	0.0994900549053	0.1037851012	0.0419390300095	0.246148821299	0.241558025878	0.10002608386	0.243588563906	0.246855483055	0.106544711957
CCIS10793554ST-4-0.freeze11.snv.mod.fix.bam	0.284182145301	0.251514594859	0.121576506159	0.111352348277	0.111929481691	0.242102075104	0.0385570702771	0.0	0.238179224419	0.246446400338	0.248258441011	0.154647099768	0.0387122600723	0.105635654535	0.0926043307291	0.24563430348	0.105396709688	0.238913447081	0.0951004049521	0.240965455186	0.238392073051	0.24224421207	0.268100757691	0.27155866842	0.262984542019	0.0486521022832	0.103278000384	0.241178921478	0.244384897725	0.104024873974	0.110751814656	0.103967161244	0.107201291655	0.243906367538	0.271082815091	0.102167406599	0.247759084286	0.23738722203	0.109045279195	0.10309046095	0.109744644058	0.242498100948	0.0986702099883	0.239610006752	0.103885956837	0.0973304547403	0.0282023006394	0.108195278036	0.245511920141	0.23490746077	0.0378262999817	0.123461810797	0.059004298085	0.253975844942	0.109294039826	0.103415547147	0.10196483729	0.102118871635	0.0267203863279	0.249312473627	0.244297225544	0.0901038166465	0.246418470127	0.248062781007	0.105453413294
CCIS20795251ST-4-0.freeze11.snv.mod.fix.bam	0.219059064861	0.113675989917	0.241230460403	0.238962449941	0.234351523741	0.115355821036	0.237358373339	0.238179224419	0.0	0.0971920604646	0.102476701759	0.234161388951	0.237547512493	0.237402558714	0.235834988839	0.0995841118397	0.228331119455	0.105243591115	0.232017441329	0.0321770029419	0.106691975325	0.11829735332	0.205301994479	0.204058407854	0.196750883503	0.238733871532	0.234576615703	0.104165526079	0.110102750797	0.233201637953	0.232555736776	0.232622555466	0.238597873117	0.0962499105372	0.203252640586	0.235723601665	0.105507081977	0.102793927787	0.234417879802	0.232539790603	0.238893624354	0.0457053964782	0.234303950387	0.12414136035	0.231534860363	0.230222684128	0.237059602386	0.23689397096	0.103822571035	0.109782117602	0.235817720462	0.239127802388	0.237088976251	0.195954723236	0.229145291273	0.234491204706	0.233169031502	0.233593282113	0.236124345656	0.106583150296	0.105502828681	0.232801329014	0.108120044399	0.0405425751574	0.23119685679
CCIS22275061ST-4-0.freeze11.snv.mod.fix.bam	0.22170440116	0.110986146291	0.250655087175	0.248886770747	0.243223817057	0.118446700896	0.244289154673	0.246446400338	0.0971920604646	0.0	0.104744577064	0.242771783871	0.244595412695	0.247605176864	0.243903213311	0.110165306546	0.238900934078	0.0999809452729	0.241209391849	0.103648357034	0.114661620775	0.119403705504	0.209123901528	0.207727982389	0.200788742128	0.246447572796	0.244094572452	0.105958557871	0.119426546937	0.242110068413	0.241649658634	0.243636614177	0.248826872192	0.104677156899	0.20533057104	0.244159479049	0.109410208923	0.104044428909	0.244913364467	0.242583046654	0.248674438363	0.100793411658	0.245122628677	0.130587446633	0.2412621842	0.239209345629	0.244655920988	0.244986764814	0.108776110615	0.116308475088	0.244271590293	0.251310492805	0.245604892812	0.197462694221	0.240777547317	0.243223136895	0.243750306956	0.242542063141	0.243758845021	0.104062014901	0.113038518345	0.241938834837	0.111717569835	0.104263336402	0.241637385695
CCIS23164343ST-4-0.freeze11.snv.mod.fix.bam	0.223232894031	0.1117286934	0.250904685028	0.249176434546	0.245625670002	0.121248120131	0.245990209411	0.248258441011	0.102476701759	0.104744577064	0.0	0.242979187175	0.246138359227	0.247770334381	0.245069064206	0.109438984102	0.23810888175	0.109547462421	0.241716211254	0.104957546075	0.110283042163	0.122037111874	0.209778239869	0.207948399027	0.201162715061	0.247167745038	0.24557481534	0.106488261139	0.117200163079	0.242601120608	0.243829948073	0.243194242898	0.249692078518	0.102225178439	0.208969146228	0.245923728888	0.111330248833	0.106333110816	0.243589027157	0.241929450636	0.24904850719	0.101977225752	0.246155259252	0.134020002615	0.240203658228	0.239384251867	0.246302431696	0.245378968592	0.107068376308	0.114842648308	0.245348439234	0.251185239609	0.246170025208	0.202114473598	0.24116618972	0.243739959013	0.244032808834	0.243004698052	0.246173218925	0.108371110358	0.106276247022	0.242222083131	0.10640412703	0.108073361934	0.243902493591
CCIS27304052ST-3-0.freeze11.snv.mod.fix.bam	0.25588387273	0.246016964471	0.163164243738	0.155329634221	0.155840200674	0.238708921918	0.156555755448	0.154647099768	0.234161388951	0.242771783871	0.242979187175	0.0	0.156871030186	0.155413307748	0.152832925635	0.241980069513	0.147386827934	0.234278691071	0.149229505279	0.236848520501	0.233394723884	0.235216197935	0.242327168697	0.245488749295	0.237342588748	0.157292928993	0.151487627662	0.236424179764	0.240353155087	0.154309947675	0.156360434274	0.152255373212	0.152395601402	0.238890050269	0.246749050468	0.151947437572	0.243042909751	0.235006930512	0.154469125278	0.146180257692	0.156047276618	0.23880332532	0.153694938229	0.230043964246	0.150620395117	0.148249850707	0.15473077059	0.151856673597	0.239407336634	0.230358417869	0.153831906808	0.141614761478	0.154143473897	0.235460113388	0.14035554265	0.151870919515	0.149666826257	0.152006026417	0.154584554679	0.245916552786	0.240411724596	0.153590945313	0.242066367683	0.241833852023	0.150335081236
CCIS51595129ST-4-0.freeze11.snv.mod.fix.bam	0.285112390908	0.248546903536	0.122798675099	0.116342866844	0.11210667157	0.240555384373	0.00136025902995	0.0387122600723	0.237547512493	0.244595412695	0.246138359227	0.156871030186	0.0	0.108094528961	0.104023413191	0.243939352818	0.10495185999	0.234870986202	0.102664798847	0.239091862126	0.236863696456	0.24009785313	0.268820955752	0.272790439514	0.264002830911	0.0433604192984	0.106721187221	0.238505950534	0.241594103313	0.108813640469	0.10834979717	0.10740376194	0.111746536832	0.243230964663	0.273541338993	0.105865817058	0.245195247585	0.235303875778	0.112371307026	0.105186086508	0.114137100148	0.241443719966	0.103675579458	0.239140326301	0.103888651664	0.101861881491	0.0212058015626	0.109354697005	0.24350024824	0.232198506603	0.03244857263	0.127571355702	0.0595046486366	0.255821088164	0.112497281382	0.105938258073	0.0997443678265	0.104141819873	0.0420944302151	0.246379310193	0.241646388074	0.100264683739	0.24345078316	0.247018138262	0.106758748414
CCIS59132091ST-4-0.freeze11.snv.mod.fix.bam	0.287469286838	0.248522002481	0.123907650863	0.113428266515	0.114390797921	0.241137824977	0.107700599414	0.105635654535	0.237402558714	0.247605176864	0.247770334381	0.155413307748	0.108094528961	0.0	0.0984378351052	0.246654017347	0.106783513711	0.238035910638	0.100901003067	0.239158225451	0.235742597005	0.240464883925	0.27054912711	0.273248899936	0.265961260196	0.110817368137	0.10269921153	0.238456474125	0.2428381722	0.112808702008	0.115541760391	0.108641275623	0.111160106037	0.242157312542	0.272271157011	0.106827230866	0.245598662393	0.237355180857	0.10168456931	0.103743561588	0.11035248048	0.241901986689	0.0999725427902	0.239580984081	0.103324482457	0.106345148172	0.107632198168	0.108579890196	0.243665682808	0.23312368924	0.104161837595	0.12334723384	0.109369941353	0.256798381415	0.111935841675	0.109908387738	0.106159517775	0.108813628237	0.105450762914	0.247522773149	0.243237391884	0.106476380134	0.245350214246	0.247327005639	0.109882054295
CCIS62605362ST-3-0.freeze11.snv.mod.fix.bam	0.28559351729	0.248254582501	0.123366077274	0.114538592192	0.10763148893	0.238293701654	0.103985277138	0.0926043307291	0.235834988839	0.243903213311	0.245069064206	0.152832925635	0.104023413191	0.0984378351052	0.0	0.243164980415	0.103954054336	0.234730235331	0.0790856729393	0.238049617851	0.234586764986	0.238425833895	0.26606269396	0.270058103994	0.262240667639	0.106129079688	0.101289267967	0.237813642135	0.240242359284	0.108205262295	0.113508754739	0.109292753106	0.10521794458	0.24043526972	0.269464932016	0.105607233119	0.244762232457	0.234262055016	0.101761483702	0.0950969997525	0.113245249519	0.240470884155	0.099109533569	0.238226984989	0.0995964759754	0.0976031193264	0.101728059135	0.100220423536	0.24199750432	0.2323692724	0.0974171192433	0.122753087436	0.100261153912	0.25267507273	0.108045488305	0.098705542539	0.0991158085251	0.100892990984	0.0981786295059	0.246219724986	0.239679748824	0.0836756814098	0.242561226409	0.245701895811	0.104040869036
CCIS64773582ST-4-0.freeze11.snv.mod.fix.bam	0.215651645633	0.121153016105	0.250948639036	0.247843378428	0.243400881984	0.124605857749	0.24375000828	0.24563430348	0.0995841118397	0.110165306546	0.109438984102	0.241980069513	0.243939352818	0.246654017347	0.243164980415	0.0	0.236958947292	0.100729974149	0.241098975989	0.0993830445588	0.112229835399	0.117081449961	0.205507506223	0.20535300686	0.195953073637	0.245222153986	0.243779703534	0.116442567054	0.113129248905	0.240688333332	0.240341017884	0.24238728734	0.247801922168	0.103294680706	0.200989959602	0.244355306941	0.113256917193	0.109695219408	0.243336687651	0.240943853187	0.247828712706	0.103466440835	0.244964231874	0.136682406806	0.240315671818	0.239904310117	0.243298758112	0.244521108939	0.11624804113	0.119014540673	0.242047712662	0.247889074913	0.24422631089	0.194549633141	0.23870473557	0.24254729651	0.242761022617	0.241194104313	0.243696233786	0.113799201304	0.0804242485899	0.243063755676	0.078677431777	0.111365219808	0.240256582085
CCIS74239020ST-4-0.freeze11.snv.mod.fix.bam	0.275949908335	0.239703074243	0.114044835611	0.107368262061	0.105829707589	0.231881547512	0.104616226091	0.105396709688	0.228331119455	0.238900934078	0.23810888175	0.147386827934	0.10495185999	0.106783513711	0.103954054336	0.236958947292	0.0	0.228829135253	0.0987922376465	0.230104580845	0.227102234396	0.231511520766	0.257918146572	0.261281529887	0.252948516419	0.10532456317	0.104885351905	0.230039309053	0.233909847461	0.102424552862	0.103353280559	0.103884757505	0.101951356967	0.233543382469	0.260011744235	0.100358047414	0.236855022906	0.22602445902	0.102884442947	0.100443744588	0.107070207727	0.232692712745	0.100218472206	0.230797874016	0.0904555267914	0.0728728804638	0.104129542185	0.106583473319	0.234378346572	0.22494997335	0.10144773293	0.11706821173	0.104153475905	0.244921493955	0.100556538745	0.103742887382	0.0996521679192	0.100886324772	0.102094284991	0.238872813463	0.233735501368	0.105289635801	0.236031362788	0.237658139233	0.100836961364
CCIS76845094ST-20-0.freeze11.snv.mod.fix.bam	0.21551205261	0.115236221749	0.240687876442	0.240592535974	0.234561734702	0.123510887651	0.234755033852	0.238913447081	0.105243591115	0.0999809452729	0.109547462421	0.234278691071	0.234870986202	0.238035910638	0.234730235331	0.100729974149	0.228829135253	0.0	0.231132012008	0.109012655438	0.112514189265	0.122332036927	0.204236745532	0.202887700756	0.19576152173	0.23705692004	0.235234047645	0.10837193547	0.114394858494	0.234516555385	0.231760184132	0.23412340094	0.237094782117	0.0984161346394	0.202125722428	0.236569512291	0.114022078678	0.104578173443	0.235305306538	0.232064607332	0.239929768507	0.106006846899	0.236581533461	0.134057887226	0.231889922083	0.230878094076	0.235549892911	0.235481058425	0.114024884925	0.119793174173	0.234370270293	0.23885674061	0.236991818232	0.194205123677	0.230908913624	0.233331140207	0.23410847237	0.2339154519	0.235019775248	0.115338151775	0.107953916788	0.232727391352	0.106962781256	0.109729384451	0.233413957763
CCIS81887263ST-4-0.freeze11.snv.mod.fix.bam	0.280934064695	0.245599026393	0.112351203622	0.106429094715	0.103529771796	0.235686783737	0.102095426695	0.0951004049521	0.232017441329	0.241209391849	0.241716211254	0.149229505279	0.102664798847	0.100901003067	0.0790856729393	0.241098975989	0.0987922376465	0.231132012008	0.0	0.234994326678	0.230968082407	0.236507670852	0.263806409272	0.264740696588	0.259321149422	0.0968685142176	0.0971864823162	0.232514172786	0.2375540722	0.0974309516761	0.103106789129	0.1009209578	0.101427990128	0.238084012361	0.266745999286	0.0978857413332	0.240930603452	0.231051461187	0.0995671361052	0.0942142967647	0.103416231736	0.237316591959	0.0865006001763	0.235714195035	0.0953163668765	0.0919201551234	0.0985385639125	0.0999686196095	0.238136314435	0.227884918525	0.0971557446013	0.117411652137	0.0990132222718	0.248654050155	0.102857287386	0.101183018019	0.0951815995578	0.0956658867894	0.0988262330076	0.242669505429	0.238477734847	0.050167732683	0.240326544372	0.242309835639	0.0986123084852
CCIS88317640ST-4-0.freeze11.snv.mod.fix.bam	0.218809035642	0.110651928737	0.244103184974	0.241886627473	0.236968961379	0.114610904039	0.238724212578	0.240965455186	0.0321770029419	0.103648357034	0.104957546075	0.236848520501	0.239091862126	0.239158225451	0.238049617851	0.0993830445588	0.230104580845	0.109012655438	0.234994326678	0.0	0.111263032655	0.118173153427	0.204596478633	0.203212364711	0.196290986234	0.240509475127	0.237634471241	0.106814032728	0.109169301178	0.236105167266	0.235008965845	0.234836740592	0.241173319932	0.0990194535063	0.204238519031	0.238546552718	0.106651583059	0.103844990623	0.237005477087	0.234952137526	0.241772375667	0.056403354981	0.237527807729	0.124876790839	0.232557640818	0.232047951126	0.23880884322	0.239639033438	0.106497810907	0.109222588807	0.23800411757	0.241464692461	0.239546086677	0.196243144863	0.232368553929	0.23666368805	0.235656043054	0.237493910088	0.237943736217	0.107204888389	0.107102489498	0.234945734573	0.109498425718	0.0587983369678	0.235045365985
CCMD64503764ST-21-0.freeze11.snv.mod.fix.bam	0.215665474692	0.117282844608	0.240379444963	0.239462292312	0.232916184371	0.118214011175	0.236646170337	0.238392073051	0.106691975325	0.114661620775	0.110283042163	0.233394723884	0.236863696456	0.235742597005	0.234586764986	0.112229835399	0.227102234396	0.112514189265	0.230968082407	0.111263032655	0.0	0.113303189251	0.201824678443	0.200054879248	0.191396471876	0.239011521634	0.234465354831	0.108255523151	0.110146787889	0.233013378182	0.232756382389	0.233418248408	0.238450660494	0.104378411485	0.19875161118	0.234176519521	0.107804519005	0.111201220072	0.23265748574	0.231083248145	0.238450617424	0.106711987394	0.234994636095	0.123409240676	0.228932829872	0.228857992654	0.237203957535	0.23502239971	0.109890603917	0.106568509573	0.235745690475	0.240214950734	0.237684533395	0.193216535542	0.228959727191	0.233357093165	0.233406505932	0.232006535576	0.236773114082	0.114520020953	0.109783980483	0.23360327396	0.112063807734	0.111863703396	0.23299021233
CCMD64776337ST-21-0.freeze11.snv.mod.fix.bam	0.218828217573	0.121124475247	0.24531347912	0.243025808384	0.236595665315	0.118277724132	0.239847822005	0.24224421207	0.11829735332	0.119403705504	0.122037111874	0.235216197935	0.24009785313	0.240464883925	0.238425833895	0.117081449961	0.231511520766	0.122332036927	0.236507670852	0.118173153427	0.113303189251	0.0	0.202879624097	0.202876576113	0.198118232575	0.241631264037	0.239625895823	0.115626497107	0.116191288096	0.236943607006	0.239273843695	0.238812835075	0.243655859217	0.116119863054	0.20418016391	0.240479462982	0.125522609376	0.12022635991	0.238361634095	0.235605089212	0.243193061889	0.119682650399	0.238735707681	0.133634753224	0.234496682257	0.233097849422	0.240414925003	0.239359320613	0.127364209169	0.114362816678	0.239276150077	0.24381939187	0.240979672068	0.198108386947	0.23318508759	0.238871503056	0.238862812238	0.237011222863	0.240266628641	0.120448545082	0.114157349589	0.236853007892	0.116287211971	0.125099763464	0.236798708737
HT25A.freeze11.snv.mod.fix.bam	0.137734688163	0.205862373748	0.271963626248	0.271411090522	0.265605660445	0.203276763981	0.268675577731	0.268100757691	0.205301994479	0.209123901528	0.209778239869	0.242327168697	0.268820955752	0.27054912711	0.26606269396	0.205507506223	0.257918146572	0.204236745532	0.263806409272	0.204596478633	0.201824678443	0.202879624097	0.0	0.121184608457	0.119954691093	0.269427283642	0.267388781032	0.204043184451	0.205874239294	0.264549848119	0.267215164564	0.265260848931	0.268606976324	0.207188844561	0.119156912602	0.265953448149	0.208095976197	0.204476696398	0.267079529464	0.261955458868	0.269786336195	0.206100789618	0.26736883812	0.179089987085	0.26396857678	0.259487532669	0.268261734637	0.267906868638	0.203552230019	0.196907416743	0.268266619947	0.261655449965	0.268164027359	0.142003416974	0.256138613144	0.267573542225	0.264839961965	0.265123032235	0.26703125946	0.206452467313	0.205324199279	0.265739648984	0.2064750746	0.207921045872	0.263193271228
M2.2-V2.metaT.freeze11.snv.mod.fix.bam	0.142295269998	0.209175198336	0.273219285251	0.271803503268	0.265732228622	0.205383147355	0.272536500235	0.27155866842	0.204058407854	0.207727982389	0.207948399027	0.245488749295	0.272790439514	0.273248899936	0.270058103994	0.20535300686	0.261281529887	0.202887700756	0.264740696588	0.203212364711	0.200054879248	0.202876576113	0.121184608457	0.0	0.00135596736156	0.272322580962	0.267996274943	0.203843194198	0.207702924049	0.267061225979	0.269971070396	0.266589779157	0.270223198909	0.206300875095	0.127820277418	0.267965662113	0.204658428004	0.202204877533	0.268688767142	0.262192037775	0.27061959689	0.20443827613	0.268550034547	0.176873436638	0.264971809563	0.260205664249	0.271137470551	0.2690770794	0.20404336428	0.197481980677	0.271225581949	0.264296262709	0.268353905099	0.135528400055	0.258087123119	0.267490161488	0.263736335302	0.268572758899	0.270022991755	0.205418113031	0.204215419951	0.267411487973	0.204745083767	0.207207520775	0.264828771616
M2.2-V3.metaG.freeze11.snv.mod.fix.bam	0.13875285922	0.200663854574	0.267963545161	0.26586427155	0.261245794833	0.194880731903	0.26382975745	0.262984542019	0.196750883503	0.200788742128	0.201162715061	0.237342588748	0.264002830911	0.265961260196	0.262240667639	0.195953073637	0.252948516419	0.19576152173	0.259321149422	0.196290986234	0.191396471876	0.198118232575	0.119954691093	0.00135596736156	0.0	0.263981235145	0.261253223603	0.196915971491	0.1980606221	0.260595862343	0.263427704119	0.260522321829	0.263804951837	0.197607009498	0.123889236266	0.261608469143	0.196929837521	0.196258777258	0.261476161955	0.255922987021	0.265123048438	0.198597232915	0.261872644047	0.172752329736	0.25764988531	0.253736221773	0.263032223424	0.262739957159	0.19556513839	0.186938392902	0.26274265722	0.256177214087	0.262561702213	0.135566811852	0.252129017328	0.262008689914	0.258644541491	0.259996386194	0.261559774896	0.197089982262	0.196107680888	0.260685456448	0.197208972545	0.199835967302	0.258550092742
MH0196.freeze11.snv.mod.fix.bam	0.28540365069	0.249834596691	0.122255833619	0.1151767135	0.113865628124	0.242305769598	0.0429794597242	0.0486521022832	0.238733871532	0.246447572796	0.247167745038	0.157292928993	0.0433604192984	0.110817368137	0.106129079688	0.245222153986	0.10532456317	0.23705692004	0.0968685142176	0.240509475127	0.239011521634	0.241631264037	0.269427283642	0.272322580962	0.263981235145	0.0	0.104166786884	0.239812256468	0.242445299891	0.108662970328	0.108297832658	0.108376732486	0.111005536556	0.243328591928	0.272545912816	0.105623522147	0.246525294717	0.236340203126	0.110335891873	0.106082453293	0.11260484753	0.243310816502	0.10021804138	0.23933872713	0.102909420672	0.103654886026	0.0235614194483	0.106144505466	0.245207469371	0.23334497113	0.0338800482035	0.125029294584	0.0420408957709	0.255806238179	0.111978796785	0.105068801311	0.100711630768	0.104919813594	0.0467362500053	0.248736752471	0.243687070609	0.0941895185218	0.246071764524	0.248611394178	0.108416843539
MH0224.freeze11.snv.mod.fix.bam	0.282559946381	0.247229127807	0.117262992651	0.111775547809	0.110604138181	0.239189083478	0.10641611725	0.103278000384	0.234576615703	0.244094572452	0.24557481534	0.151487627662	0.106721187221	0.10269921153	0.101289267967	0.243779703534	0.104885351905	0.235234047645	0.0971864823162	0.237634471241	0.234465354831	0.239625895823	0.267388781032	0.267996274943	0.261253223603	0.104166786884	0.0	0.238154201893	0.240241940614	0.106943779617	0.109691270389	0.104735099169	0.104439348195	0.240518670097	0.267718727385	0.103199719126	0.244407371842	0.235047359414	0.089568260693	0.103358976988	0.108026453652	0.239568370779	0.100177882398	0.238035677167	0.0955603895621	0.101380455148	0.104767055041	0.103305836132	0.242460373696	0.230431293336	0.1029678904	0.122393527136	0.102804053417	0.253147702867	0.106081482825	0.103572120944	0.0867978101201	0.102141025869	0.105102140282	0.247052551681	0.240758406365	0.0958112230165	0.24277537858	0.244321655351	0.10267841964
MH0275.freeze11.snv.mod.fix.bam	0.217296077326	0.107007135239	0.242838641348	0.241821670612	0.235118310558	0.11792223102	0.238265590104	0.241178921478	0.104165526079	0.105958557871	0.106488261139	0.236424179764	0.238505950534	0.238456474125	0.237813642135	0.116442567054	0.230039309053	0.10837193547	0.232514172786	0.106814032728	0.108255523151	0.115626497107	0.204043184451	0.203843194198	0.196915971491	0.239812256468	0.238154201893	0.0	0.108330261823	0.234567323631	0.234158201046	0.234751892404	0.241972359684	0.108931116043	0.202825559235	0.237718129846	0.110576213303	0.111973770848	0.237526563695	0.234244953078	0.240806102512	0.103577347922	0.237858061722	0.129423454113	0.23267246044	0.232063036233	0.239010030415	0.237496187726	0.111368999008	0.11213237096	0.238314241399	0.243951169971	0.239229679542	0.193682975677	0.23245006397	0.234265712851	0.237336456712	0.235120276056	0.238826217072	0.113081159696	0.108830593995	0.233389581968	0.106311979172	0.109860531373	0.233896895624
MH0280.freeze11.snv.mod.fix.bam	0.220851547713	0.119520488573	0.246887654784	0.24572910201	0.239351719822	0.119217186247	0.241495226026	0.244384897725	0.110102750797	0.119426546937	0.117200163079	0.240353155087	0.241594103313	0.2428381722	0.240242359284	0.113129248905	0.233909847461	0.114394858494	0.2375540722	0.109169301178	0.110146787889	0.116191288096	0.205874239294	0.207702924049	0.1980606221	0.242445299891	0.240241940614	0.108330261823	0.0	0.238816300693	0.238279605307	0.239705505849	0.244178029751	0.110407224704	0.203269598036	0.241553800876	0.11784788952	0.11029599527	0.240409280103	0.238341434911	0.244741345878	0.111616906391	0.241954807143	0.135673189377	0.237518537511	0.235226477988	0.241306085821	0.240580657512	0.121567885162	0.112256049088	0.240532990672	0.246276259352	0.242273538724	0.196203846091	0.235796344151	0.238842166912	0.238500929388	0.238690656321	0.241168817599	0.112894614691	0.113611155475	0.238206600772	0.113949735412	0.115421243546	0.237889703152
MH0349.freeze11.snv.mod.fix.bam	0.281422402431	0.245251717584	0.114773160046	0.112487437516	0.114470648809	0.23857500644	0.10846708938	0.104024873974	0.233201637953	0.242110068413	0.242601120608	0.154309947675	0.108813640469	0.112808702008	0.108205262295	0.240688333332	0.102424552862	0.234516555385	0.0974309516761	0.236105167266	0.233013378182	0.236943607006	0.264549848119	0.267061225979	0.260595862343	0.108662970328	0.106943779617	0.234567323631	0.238816300693	0.0	0.101438797662	0.104986294148	0.104241883379	0.238968651125	0.267074662315	0.0986596157885	0.24149734842	0.233892923747	0.109806109706	0.10484876181	0.111243933567	0.237851972691	0.107918576516	0.236250506134	0.102468579181	0.0998528245961	0.105938795383	0.109755711147	0.239791759373	0.229175054796	0.104849837298	0.123998697265	0.107016806506	0.251838141179	0.113819408024	0.0989562756656	0.100058351224	0.0981930788749	0.103321484799	0.244409760463	0.238581532366	0.104231519127	0.240567215885	0.242805648867	0.102085199801
MH0379.freeze11.snv.mod.fix.bam	0.285645078565	0.246250661367	0.092716022479	0.117569084129	0.119340463119	0.237205152083	0.108200860099	0.110751814656	0.232555736776	0.241649658634	0.243829948073	0.156360434274	0.10834979717	0.115541760391	0.113508754739	0.240341017884	0.103353280559	0.231760184132	0.103106789129	0.235008965845	0.232756382389	0.239273843695	0.267215164564	0.269971070396	0.263427704119	0.108297832658	0.109691270389	0.234158201046	0.238279605307	0.101438797662	0.0	0.106666791619	0.108922476392	0.239028752693	0.270234642241	0.104925977895	0.240741756258	0.232991325161	0.111204414334	0.101661095167	0.115725859587	0.236272313757	0.107657012204	0.237250822687	0.107274548769	0.10139647629	0.107030376335	0.111661611955	0.239817132594	0.230154011338	0.105435745709	0.131974967199	0.109276626018	0.254578258477	0.113458373065	0.104635349722	0.106973923913	0.105788600813	0.108878927232	0.244526440127	0.238420795652	0.109153034844	0.240490620959	0.240926474303	0.10853441319
MH0381.freeze11.snv.mod.fix.bam	0.282509909391	0.245538013969	0.113798925047	0.0976781060183	0.107062268259	0.238395846411	0.106952418299	0.103967161244	0.232622555466	0.243636614177	0.243194242898	0.152255373212	0.10740376194	0.108641275623	0.109292753106	0.24238728734	0.103884757505	0.23412340094	0.1009209578	0.234836740592	0.233418248408	0.238812835075	0.265260848931	0.266589779157	0.260522321829	0.108376732486	0.104735099169	0.234751892404	0.239705505849	0.104986294148	0.106666791619	0.0	0.111510497227	0.239626834178	0.267289279502	0.102260268902	0.242944780161	0.232628690431	0.10546447388	0.102622763171	0.10593810866	0.237374916388	0.103362818738	0.238027037135	0.0993813694606	0.0969347886074	0.103083958646	0.105147591267	0.241383930559	0.230913115097	0.101739451194	0.119626280246	0.106817049112	0.251842278375	0.106953754257	0.110396064636	0.102027284953	0.101500116706	0.104482377241	0.24411450652	0.238683736096	0.105767767303	0.240537183722	0.243400654556	0.108256879322
MH0392.freeze11.snv.mod.fix.bam	0.285444954365	0.252399243266	0.122859394856	0.117643412823	0.112894869192	0.2444016816	0.111508632455	0.107201291655	0.238597873117	0.248826872192	0.249692078518	0.152395601402	0.111746536832	0.111160106037	0.10521794458	0.247801922168	0.101951356967	0.237094782117	0.101427990128	0.241173319932	0.238450660494	0.243655859217	0.268606976324	0.270223198909	0.263804951837	0.111005536556	0.104439348195	0.241972359684	0.244178029751	0.104241883379	0.108922476392	0.111510497227	0.0	0.244511602654	0.271400998734	0.0710804163254	0.248724000054	0.239432243563	0.107883331824	0.106640606477	0.115895883059	0.243540763862	0.10630027918	0.24265487063	0.102123793631	0.101877775066	0.10795942989	0.107432130106	0.246584162232	0.236097980409	0.108124105862	0.123763584417	0.10959054063	0.256209822794	0.114430598489	0.107615359732	0.103360407845	0.100072807974	0.103722106608	0.25005990513	0.244764866268	0.105735339535	0.247076631897	0.248361426918	0.0911412875047
MH0397.freeze11.snv.mod.fix.bam	0.219163414988	0.109066831013	0.24606985405	0.244772517721	0.241376395417	0.11650189279	0.243028942533	0.243906367538	0.0962499105372	0.104677156899	0.102225178439	0.238890050269	0.243230964663	0.242157312542	0.24043526972	0.103294680706	0.233543382469	0.0984161346394	0.238084012361	0.0990194535063	0.104378411485	0.116119863054	0.207188844561	0.206300875095	0.197607009498	0.243328591928	0.240518670097	0.108931116043	0.110407224704	0.238968651125	0.239028752693	0.239626834178	0.244511602654	0.0	0.203873474475	0.241107231181	0.11257118156	0.104649545659	0.241207285726	0.238018085562	0.245326382589	0.100234738278	0.241386561911	0.129942256454	0.237785212102	0.235739105419	0.242710559409	0.240548615016	0.113562116583	0.107978247495	0.241600002987	0.24655943825	0.242053806915	0.196336955035	0.236691766319	0.238975975194	0.239435184089	0.23889763309	0.242353487625	0.106254573143	0.108734749865	0.23822285263	0.108999518348	0.108245975946	0.237237250409
MH0422.freeze11.snv.mod.fix.bam	0.143313929579	0.20426031322	0.275151678876	0.273530262578	0.268433347706	0.201149323517	0.273330119148	0.271082815091	0.203252640586	0.20533057104	0.208969146228	0.246749050468	0.273541338993	0.272271157011	0.269464932016	0.200989959602	0.260011744235	0.202125722428	0.266745999286	0.204238519031	0.19875161118	0.20418016391	0.119156912602	0.127820277418	0.123889236266	0.272545912816	0.267718727385	0.202825559235	0.203269598036	0.267074662315	0.270234642241	0.267289279502	0.271400998734	0.203873474475	0.0	0.268060494491	0.205121535102	0.202900064961	0.268709550013	0.264793882273	0.272281919992	0.206234003994	0.271068838995	0.179436196434	0.267370499489	0.263043348488	0.272014524859	0.26968751138	0.20210133267	0.195378004878	0.271592427102	0.264412727986	0.271113938611	0.141544085939	0.259824535203	0.270129182236	0.267771493214	0.267900330611	0.270392727448	0.203325348594	0.20003158129	0.267841586991	0.201090859406	0.20667647723	0.26603987928
MH0437.freeze11.snv.mod.fix.bam	0.283558573889	0.248074260516	0.118705940564	0.113169274313	0.111223026915	0.240444756013	0.105573761332	0.102167406599	0.235723601665	0.244159479049	0.245923728888	0.151947437572	0.105865817058	0.106827230866	0.105607233119	0.244355306941	0.100358047414	0.236569512291	0.0978857413332	0.238546552718	0.234176519521	0.240479462982	0.265953448149	0.267965662113	0.261608469143	0.105623522147	0.103199719126	0.237718129846	0.241553800876	0.0986596157885	0.104925977895	0.102260268902	0.0710804163254	0.241107231181	0.268060494491	0.0	0.244154703814	0.235704390487	0.102699305929	0.0924179589315	0.110017661571	0.239480268571	0.102356370238	0.238716674148	0.100052864335	0.0979261508765	0.102367383531	0.103334927477	0.242737327259	0.231761348466	0.102386204064	0.120339751225	0.10349422935	0.25241869713	0.110454635239	0.106359062552	0.0965339774263	0.0975834143372	0.100708864785	0.246161049925	0.241545558648	0.101011224998	0.243432030402	0.245033508803	0.0754311109737
MH0445.freeze11.snv.mod.fix.bam	0.21955403602	0.1208655576	0.250427119848	0.248841623686	0.243325431315	0.124805185245	0.244785878648	0.247759084286	0.105507081977	0.109410208923	0.111330248833	0.243042909751	0.245195247585	0.245598662393	0.244762232457	0.113256917193	0.236855022906	0.114022078678	0.240930603452	0.106651583059	0.107804519005	0.125522609376	0.208095976197	0.204658428004	0.196929837521	0.246525294717	0.244407371842	0.110576213303	0.11784788952	0.24149734842	0.240741756258	0.242944780161	0.248724000054	0.11257118156	0.205121535102	0.244154703814	0.0	0.108796851531	0.244281462698	0.241184085354	0.248077738035	0.105895183062	0.24331328416	0.131265567541	0.24089445293	0.23856093172	0.245698514307	0.244267476892	0.0831621234169	0.119706341447	0.244749450191	0.249240154238	0.246227775656	0.195244317954	0.24001651127	0.242556449483	0.244502926022	0.241786148351	0.245732259846	0.105633894419	0.0943894573321	0.241717601837	0.0975110339942	0.110418755778	0.241337962204
