	158337416-stool1.freeze11.snv.mod.fix.bam	158924089-stool2.freeze11.snv.mod.fix.bam	246515023-stool2.freeze11.snv.mod.fix.bam	764366428-stool3.freeze11.snv.mod.fix.bam	BGI-06A.freeze11.snv.mod.fix.bam	CCIS15704761ST-4-0.freeze11.snv.mod.fix.bam	CCIS29688262ST-20-0.freeze11.snv.mod.fix.bam	CCIS36699628ST-4-0.freeze11.snv.mod.fix.bam	CCIS41288781ST-4-0.freeze11.snv.mod.fix.bam	CCIS50148151ST-4-0.freeze11.snv.mod.fix.bam	CCIS59903910ST-4-0.freeze11.snv.mod.fix.bam	CCIS82146115ST-4-0.freeze11.snv.mod.fix.bam	CCMD40701343ST-21-0.freeze11.snv.mod.fix.bam	CCMD74930188ST-21-0.freeze11.snv.mod.fix.bam	DLM012.freeze11.snv.mod.fix.bam	DLM024.freeze11.snv.mod.fix.bam	ED19A.freeze11.snv.mod.fix.bam	HT25A.freeze11.snv.mod.fix.bam	HT8A.freeze11.snv.mod.fix.bam	MH0274.freeze11.snv.mod.fix.bam	MH0277.freeze11.snv.mod.fix.bam	MH0444.freeze11.snv.mod.fix.bam	MMRS14602194ST-27-0-0.freeze11.snv.mod.fix.bam	MMRS42780924ST-27-0-0.freeze11.snv.mod.fix.bam	MMRS43939546ST-27-0-0.freeze11.snv.mod.fix.bam	MMRS47685461ST-27-0-0.freeze11.snv.mod.fix.bam	MMRS56137463ST-27-0-0.freeze11.snv.mod.fix.bam	MMRS65945127ST-27-0-0.freeze11.snv.mod.fix.bam	MMRS68910755ST-27-0-0.freeze11.snv.mod.fix.bam	MMRS72980899ST-27-0-0.freeze11.snv.mod.fix.bam	MMRS85438660ST-27-0-0.freeze11.snv.mod.fix.bam	N056A.freeze11.snv.mod.fix.bam	NG-5636_312.freeze11.snv.mod.fix.bam	NG-5636_381.freeze11.snv.mod.fix.bam	NLM027.freeze11.snv.mod.fix.bam	NOM002.freeze11.snv.mod.fix.bam	O2.CD2-0-PT.freeze11.snv.mod.fix.bam	O2.UC19-1.freeze11.snv.mod.fix.bam	O2.UC26-1.freeze11.snv.mod.fix.bam	SAMEA3136636.freeze11.snv.mod.fix.bam	SAMEA3136646.freeze11.snv.mod.fix.bam	SAMEA3136649.freeze11.snv.mod.fix.bam	SAMEA3136650.freeze11.snv.mod.fix.bam	SAMEA3136656.freeze11.snv.mod.fix.bam	SAMEA3136657.freeze11.snv.mod.fix.bam	SAMEA3136661.freeze11.snv.mod.fix.bam	SAMEA3136677.freeze11.snv.mod.fix.bam	SAMEA3136680.freeze11.snv.mod.fix.bam	SAMEA3136681.freeze11.snv.mod.fix.bam	SAMEA3136701.freeze11.snv.mod.fix.bam	SAMEA3136702.freeze11.snv.mod.fix.bam	SAMEA3136712.freeze11.snv.mod.fix.bam	SAMEA3136720.freeze11.snv.mod.fix.bam	SAMEA3136730.freeze11.snv.mod.fix.bam	SAMEA3136758.freeze11.snv.mod.fix.bam	SAMEA3136769.freeze11.snv.mod.fix.bam	SAMEA3178936.freeze11.snv.mod.fix.bam	SZEY-10A.freeze11.snv.mod.fix.bam	SZEY-35A.freeze11.snv.mod.fix.bam	SZEY-41A.freeze11.snv.mod.fix.bam	SZEY-43A.freeze11.snv.mod.fix.bam	SZEY-48A.freeze11.snv.mod.fix.bam	T2D-103A.freeze11.snv.mod.fix.bam	T2D-118A.freeze11.snv.mod.fix.bam	T2D-177A.freeze11.snv.mod.fix.bam	T2D-63A.freeze11.snv.mod.fix.bam	T2D-66A.freeze11.snv.mod.fix.bam	T2D-77A.freeze11.snv.mod.fix.bam	T2D-8A.freeze11.snv.mod.fix.bam	V1.CD15-3.freeze11.snv.mod.fix.bam	V1.CD17-4.freeze11.snv.mod.fix.bam	V1.CD20-4.freeze11.snv.mod.fix.bam	V1.CD3-0-PT.freeze11.snv.mod.fix.bam	V1.CD32-0.freeze11.snv.mod.fix.bam	V1.CD32-4.freeze11.snv.mod.fix.bam	V1.CD54-0.freeze11.snv.mod.fix.bam	V1.CD7-4.freeze11.snv.mod.fix.bam	V1.FI10.freeze11.snv.mod.fix.bam	V1.FI24.freeze11.snv.mod.fix.bam	V1.FI34.freeze11.snv.mod.fix.bam	V1.UC14-1.freeze11.snv.mod.fix.bam
158337416-stool1.freeze11.snv.mod.fix.bam	0.0	0.189981501584	0.168757278038	0.141321730643	0.207624760893	0.147075547929	0.150200603751	0.141678266399	0.329078322436	0.144545812158	0.2650412776	0.127976974444	0.15265565389	0.146414840793	0.260271190959	0.140549517705	0.364322637925	0.148147177916	0.147757488385	0.234497320282	0.266735925054	0.139897642309	0.150986409844	0.198408289584	0.139322781156	0.256091901416	0.144581895736	0.278593426423	0.21518161897	0.131546985638	0.156557101167	0.133385840378	0.272733288378	0.260393624549	0.138200987976	0.132579426743	0.277706359451	0.156472883869	0.177399279415	0.158966931672	0.258599124868	0.150111215411	0.319803617895	0.145327078947	0.16201738064	0.144910095902	0.136171219115	0.140074778018	0.325605850587	0.141237083356	0.262016487177	0.255954616664	0.24198145559	0.133730171931	0.310670120252	0.245253969535	0.286525137491	0.152202096861	0.140984682977	0.133799438885	0.13232779023	0.135842792152	0.27105895794	0.144928315927	0.146807352288	0.315630171684	0.141817082131	0.140491572337	0.143805749143	0.332070777646	0.22214410605	0.262672499277	0.295751638604	0.197461053216	0.198884801199	0.150494218687	0.274219558197	0.16279321806	0.347736771977	0.253450036015	0.254078143453
158924089-stool2.freeze11.snv.mod.fix.bam	0.189981501584	0.0	0.124670699572	0.13617735146	0.129247837142	0.164015401506	0.148667462619	0.140504199596	0.246884201461	0.138950745798	0.25961029651	0.139257712848	0.151813899448	0.137394271519	0.163629136882	0.1535594558	0.299011013226	0.150896046309	0.153402351058	0.14280096617	0.260383308043	0.155304770708	0.153088191893	0.119161645161	0.141627939474	0.253673319822	0.144405799668	0.222388391844	0.141965703791	0.140146049897	0.165718711843	0.143629533878	0.267234522443	0.254129985136	0.152301945694	0.132727642726	0.223097707578	0.157024980787	0.136462495526	0.13403050173	0.252919203927	0.155280927073	0.239774944718	0.110994176999	0.153986472013	0.134288942329	0.131358365285	0.149926866525	0.256575672662	0.145040758444	0.257233933549	0.235274187132	0.167717866194	0.128988385055	0.250411404056	0.221202521643	0.218492014313	0.151634474427	0.132116277935	0.136900251545	0.149352921122	0.148855701366	0.204691674268	0.136785220814	0.141870432929	0.251226226544	0.138068401147	0.160231848713	0.152898368081	0.258480489594	0.162496855309	0.219314246481	0.214233246345	0.151997316424	0.153482917108	0.172850984024	0.251112930068	0.122392833206	0.277324974147	0.246273195782	0.232977280547
246515023-stool2.freeze11.snv.mod.fix.bam	0.168757278038	0.124670699572	0.0	0.119452892914	0.14001936501	0.149867945862	0.12137656525	0.125291367062	0.268205830196	0.123277393032	0.256595201556	0.115117981979	0.126039061173	0.123457655954	0.194484746888	0.125509752189	0.313215066645	0.128813970817	0.131191170695	0.166566141248	0.259725223762	0.127875863378	0.123219797245	0.130769607546	0.123179338757	0.250598615726	0.124567272661	0.234596896082	0.162616662297	0.120322638315	0.126633499896	0.119140504364	0.265006911482	0.250359483407	0.129841426341	0.113478591488	0.231070212356	0.13697301152	0.140009376735	0.118662374639	0.250628606422	0.129688115258	0.262144828864	0.10809178244	0.143104391271	0.114343334558	0.111640127281	0.125997916456	0.27009245096	0.119434851387	0.251743196486	0.238111124757	0.183181562123	0.110919196789	0.264058704861	0.225016569564	0.236367713407	0.127580308193	0.11624468207	0.118657658986	0.119960588064	0.129529158756	0.22400371194	0.119750493419	0.124611437266	0.265322065678	0.116090325322	0.134140951768	0.131044712949	0.275276891743	0.17530382352	0.222765004767	0.236346331465	0.157634045193	0.159893268254	0.153112044438	0.24976311608	0.102528996145	0.293364996054	0.244449466257	0.234601072385
764366428-stool3.freeze11.snv.mod.fix.bam	0.141321730643	0.13617735146	0.119452892914	0.0	0.166185222212	0.107274048305	0.0848971422649	0.0345572563254	0.30274348133	0.00148344597275	0.261412699941	0.0735947226641	0.0862491466897	0.018174088026	0.22665888233	0.0891556476651	0.340922423801	0.0904098042801	0.0969294925736	0.196754807964	0.26197550355	0.0931028550847	0.0921405023284	0.149906432447	0.0837490661656	0.253001188892	0.0875796283132	0.264351842984	0.184769477296	0.058340734642	0.101302153506	0.0855714536463	0.270954818067	0.253399533118	0.0971015649559	0.0855195523922	0.266857956202	0.0954624987131	0.142518466537	0.115583920134	0.252331250987	0.0903956213301	0.29634640798	0.091663869517	0.0558261274674	0.0883124827297	0.0839067059715	0.0820102737625	0.30086202495	0.0924990247344	0.261552962801	0.245518404264	0.206464107098	0.0850986354098	0.287359647053	0.221341094539	0.266910850574	0.101342632387	0.0898377206555	0.083820094914	0.0869031343671	0.099740524164	0.251689874033	0.090558481041	0.0923388216834	0.2915306988	0.0891157780172	0.100398722823	0.0901557401973	0.308900994688	0.19380123488	0.249329824059	0.271018606291	0.15991538298	0.1619338637	0.11393114332	0.26733945532	0.116988284368	0.324596614212	0.2482217464	0.247484069617
BGI-06A.freeze11.snv.mod.fix.bam	0.207624760893	0.129247837142	0.14001936501	0.166185222212	0.0	0.185244924209	0.16923470718	0.17143191996	0.231196183072	0.169467348632	0.260177897814	0.162128787861	0.173803645224	0.170678632794	0.156502142668	0.168387617331	0.274290541439	0.167267605109	0.168430927773	0.142480922392	0.260082784064	0.172604581306	0.171140614422	0.13330283704	0.171045188617	0.253144173472	0.167890770626	0.210196486727	0.145735436713	0.166871630609	0.184836342121	0.163451947426	0.265992838716	0.254312851031	0.16612616079	0.147759388982	0.217757518907	0.170794152762	0.152083336683	0.15811034166	0.25367335367	0.174653834834	0.220590641445	0.149219888522	0.181748477716	0.120999926329	0.152026754368	0.166168637616	0.213944771225	0.167286051756	0.256880078006	0.23696403773	0.151616247098	0.155765397401	0.21314782341	0.22619841134	0.189054934431	0.164815992796	0.126750339015	0.157342342421	0.164311152275	0.166403386583	0.194377961267	0.15436266447	0.15487554324	0.209371425586	0.157206225303	0.175505263043	0.145013548431	0.232225887236	0.168949955592	0.210565851295	0.198878515381	0.165504243874	0.166011754228	0.188199427197	0.248013133252	0.141974166262	0.25877319594	0.246216613386	0.233209133818
CCIS15704761ST-4-0.freeze11.snv.mod.fix.bam	0.147075547929	0.164015401506	0.149867945862	0.107274048305	0.185244924209	0.0	0.111387153371	0.112405478267	0.305503994905	0.110303674829	0.2564255839	0.0982944357264	0.109464310386	0.111601857902	0.239671405508	0.117600578593	0.346722413675	0.12300287849	0.128022498865	0.207686717142	0.263700686856	0.118347374522	0.124294085524	0.169978181946	0.110922509916	0.25272364624	0.114791808038	0.267473234477	0.199858803616	0.104431947156	0.12597583409	0.111008065849	0.267398660089	0.256594730723	0.115251935648	0.10892933391	0.266638401595	0.132393157047	0.157638528877	0.141593982533	0.250970559852	0.122452915516	0.299577046872	0.115375429963	0.128764721876	0.115334798919	0.104462993685	0.114952422542	0.305300868095	0.122281367732	0.255104410011	0.244625547685	0.218980119292	0.0898017163782	0.292800988788	0.23525788813	0.271262960212	0.132267247751	0.111416650097	0.107822743353	0.112797545991	0.105962677679	0.257114901269	0.120364110089	0.122700812731	0.294150089265	0.117019275311	0.119634256402	0.11172892179	0.31351727586	0.209048048736	0.250763032664	0.277865874313	0.178191332571	0.179972969266	0.094587066584	0.265164228635	0.142548131286	0.327266252376	0.250284227534	0.247029459332
CCIS29688262ST-20-0.freeze11.snv.mod.fix.bam	0.150200603751	0.148667462619	0.12137656525	0.0848971422649	0.16923470718	0.111387153371	0.0	0.0945509975579	0.303555828905	0.0867196687846	0.256280447948	0.0829927653351	0.0455634629456	0.0917652467435	0.2285669807	0.0979540080468	0.343227473547	0.107500500459	0.112012995754	0.196357153541	0.257802224678	0.0977468440899	0.107156839256	0.151100771612	0.0906814188553	0.247946372128	0.0919389054707	0.261237266365	0.184769366303	0.0849911267028	0.112171075938	0.0959112400009	0.264240632527	0.248855494795	0.106132661835	0.0935024805037	0.262255494651	0.115621335406	0.145194017382	0.110735290954	0.247247140406	0.100285962355	0.292382727282	0.092869388742	0.116222712994	0.0868697419214	0.0929466106633	0.0982828649312	0.30365194029	0.0949668658992	0.254089427367	0.241779751001	0.20797173936	0.0894440679255	0.289999940579	0.22601700664	0.266616489329	0.115717753298	0.0980699261554	0.0945866290018	0.0959702467381	0.107478560412	0.251240089691	0.104268238065	0.106946373075	0.293006255823	0.0983771788418	0.107803329365	0.100446950565	0.310726417513	0.193255350071	0.246211647227	0.27072928283	0.155582770033	0.158052432806	0.125543431541	0.261374267652	0.116167191662	0.325015157125	0.246914545112	0.24283558639
CCIS36699628ST-4-0.freeze11.snv.mod.fix.bam	0.141678266399	0.140504199596	0.125291367062	0.0345572563254	0.17143191996	0.112405478267	0.0945509975579	0.0	0.300339370414	0.034880943658	0.260166675815	0.0872329245735	0.0932998984157	0.0323797004862	0.22879200688	0.0992206923597	0.337157989958	0.0947860954217	0.103148762819	0.202291241512	0.263294884831	0.102857069231	0.103225372098	0.154123915191	0.086973455012	0.252983974613	0.0908582624947	0.265092200341	0.188845358465	0.0693776951584	0.107139545598	0.094656399712	0.272243341944	0.254613890588	0.104542422454	0.0944584291074	0.266722622899	0.101263985413	0.150564760616	0.121802779487	0.254675491343	0.0898980496668	0.293012310291	0.0918444636884	0.0678673358647	0.0972542751741	0.0953792020011	0.0896683769484	0.299896346204	0.0968599823525	0.262771289536	0.247508879572	0.210796203842	0.0933757297905	0.287337394487	0.22503543936	0.268166372969	0.104825150524	0.0990469095897	0.0929768932814	0.09456509772	0.106441088562	0.25306577239	0.0978520900195	0.0998004818134	0.292278818376	0.0975501543804	0.107311022129	0.0992228224269	0.307375216449	0.199278398752	0.251010426347	0.270522754039	0.167915224111	0.169858013343	0.120589328322	0.266736485585	0.122769854571	0.322194068019	0.248926377559	0.248315059882
CCIS41288781ST-4-0.freeze11.snv.mod.fix.bam	0.329078322436	0.246884201461	0.268205830196	0.30274348133	0.231196183072	0.305503994905	0.303555828905	0.300339370414	0.0	0.302780581633	0.263508584128	0.307745336349	0.301923102814	0.299082488052	0.178052754149	0.308770005584	0.181108637036	0.297715766457	0.300802728363	0.204357361677	0.263372907755	0.307889386674	0.287110303522	0.2266085197	0.30215897191	0.260413428659	0.299340224067	0.196764557078	0.206989875348	0.308777535452	0.30078421161	0.304491108914	0.266876633538	0.260858732374	0.307566976247	0.304676388958	0.212917829657	0.295507773041	0.277263902348	0.279508385786	0.262683489594	0.295722291028	0.132803354754	0.289375812255	0.295764755562	0.290955569292	0.299043634734	0.309779977947	0.18387246294	0.298620330166	0.255801866265	0.247922406637	0.204583579815	0.301994973649	0.199206224088	0.250294722052	0.177364284257	0.294194091897	0.296294577549	0.306025795166	0.309996437304	0.307072325145	0.179912205029	0.296514366243	0.295629348033	0.184885928148	0.298358293269	0.308248674151	0.302268442284	0.162040010961	0.238207072808	0.225126713771	0.159733050803	0.270019061592	0.268828046143	0.312524324181	0.244363897351	0.27100453513	0.144264542627	0.252035202754	0.24839355021
CCIS50148151ST-4-0.freeze11.snv.mod.fix.bam	0.144545812158	0.138950745798	0.123277393032	0.00148344597275	0.169467348632	0.110303674829	0.0867196687846	0.034880943658	0.302780581633	0.0	0.262343845244	0.077985539486	0.0883778400897	0.0174363182178	0.229115363054	0.0921724075825	0.340800758073	0.0933183119273	0.0998297624539	0.200103973778	0.262744350082	0.096657055393	0.0948745944995	0.152769007533	0.0864650159479	0.253287248153	0.0910013490996	0.265819575663	0.187866567667	0.0606742290322	0.103055293524	0.0898209383794	0.271673920591	0.253722328694	0.101245750371	0.0901851555106	0.268082235856	0.0970162637681	0.145681091059	0.118924290766	0.253399263768	0.0917382177076	0.29663499493	0.0946152959613	0.056124365766	0.091623063941	0.0876086254447	0.0847238943061	0.30169943627	0.0956395606283	0.262673971586	0.2471347425	0.209383235002	0.0891229663506	0.288938466929	0.222763770116	0.268793454702	0.104427799994	0.0937777883975	0.0875480102799	0.0907022875026	0.102834802181	0.252953720438	0.0942413838554	0.0955961885174	0.29310630144	0.0929062496038	0.103961180007	0.0927569308485	0.30871294273	0.196462795375	0.251396588323	0.272099863898	0.163054668798	0.165152576797	0.116500565486	0.268173692512	0.120880933273	0.324347192954	0.249010828021	0.24882175017
CCIS59903910ST-4-0.freeze11.snv.mod.fix.bam	0.2650412776	0.25961029651	0.256595201556	0.261412699941	0.260177897814	0.2564255839	0.256280447948	0.260166675815	0.263508584128	0.262343845244	0.0	0.260162076409	0.255614291942	0.261379887668	0.261808647593	0.265806524436	0.298658238718	0.258042696718	0.264610713784	0.233385025746	0.107520309521	0.263985945188	0.253339191619	0.252068062989	0.265850374977	0.111019049853	0.259635593861	0.173206490042	0.255567486873	0.259389508892	0.267711704582	0.262403489486	0.109579558353	0.112805635886	0.256651273286	0.261366737247	0.106025293521	0.261333404663	0.203403558484	0.22653038344	0.119581748305	0.257774713811	0.248009122839	0.260870741548	0.264927299026	0.255859369541	0.258284241352	0.264323442882	0.283236805175	0.259869567211	0.0659718367604	0.0659511848311	0.267047950566	0.258522531374	0.282752690318	0.12760205923	0.21739547335	0.260288721169	0.257448534295	0.263004079863	0.263109825418	0.259351332025	0.183854131734	0.259531450491	0.262712309712	0.278863085405	0.262935545472	0.261809898788	0.258559887457	0.265232588304	0.188512783196	0.0920708838535	0.235478525628	0.188942286908	0.186844129907	0.259101449987	0.118690050933	0.259397216966	0.269681577677	0.11173903917	0.0636895877329
CCIS82146115ST-4-0.freeze11.snv.mod.fix.bam	0.127976974444	0.139257712848	0.115117981979	0.0735947226641	0.162128787861	0.0982944357264	0.0829927653351	0.0872329245735	0.307745336349	0.077985539486	0.260162076409	0.0	0.0858326846395	0.0835457772843	0.22406892018	0.0720894853424	0.349362546401	0.0858504233458	0.0914975567002	0.196298696205	0.26168169402	0.0745343946907	0.0972062222388	0.147284211233	0.0786903563023	0.25093595807	0.0808121018303	0.264912613695	0.179109808828	0.0672544895154	0.0975259190708	0.067009288338	0.266025912613	0.253841828832	0.075332861065	0.0664171627584	0.267447609048	0.097170470807	0.128261254322	0.109215296474	0.249520907552	0.0970612113717	0.300247447267	0.0830404813476	0.107542148044	0.0792091661747	0.0688690364198	0.0725286813945	0.305413241479	0.0790654493785	0.256852607529	0.246340606105	0.198563223914	0.0700757097283	0.289209534938	0.227593994875	0.268056377596	0.0966345555457	0.077656435635	0.0662040208522	0.067806665041	0.0827193970397	0.253377201751	0.0795714671386	0.0837579631118	0.293925679377	0.0740875551664	0.0838131075433	0.0802566275405	0.315554217255	0.191927878884	0.250276687833	0.273154324481	0.155163906041	0.157398039627	0.104192321774	0.263819094772	0.106093935181	0.332169870654	0.245816779678	0.247095003425
CCMD40701343ST-21-0.freeze11.snv.mod.fix.bam	0.15265565389	0.151813899448	0.126039061173	0.0862491466897	0.173803645224	0.109464310386	0.0455634629456	0.0932998984157	0.301923102814	0.0883778400897	0.255614291942	0.0858326846395	0.0	0.089775483876	0.230363516405	0.0993715633263	0.339215123464	0.108831532548	0.113874073406	0.197829467183	0.257537021722	0.104539212919	0.110897956969	0.152764126223	0.0948646967755	0.248245444737	0.0976329985074	0.264154279346	0.19027220208	0.0879188622772	0.112205895492	0.098493734403	0.262773604356	0.248714130206	0.110078146137	0.0971066809371	0.262739870087	0.119579066655	0.14828328837	0.116089328827	0.248713145844	0.104430704172	0.292782979422	0.0977481337182	0.11245641152	0.092522957432	0.0942235272484	0.101834816322	0.302954233086	0.0979030473367	0.251796839515	0.244490639765	0.208345816056	0.0916377050531	0.288295231296	0.228102557721	0.268162413087	0.117746953135	0.101998822242	0.0981779699356	0.0986955015382	0.111965413806	0.251874041505	0.106954800916	0.109397275235	0.291383165165	0.101459633106	0.11130889134	0.10281527416	0.308320923777	0.195221587135	0.246516987595	0.270030882877	0.158264287107	0.160706098266	0.128760579573	0.25868600144	0.122255407634	0.323130340398	0.24244089642	0.243190091332
CCMD74930188ST-21-0.freeze11.snv.mod.fix.bam	0.146414840793	0.137394271519	0.123457655954	0.018174088026	0.170678632794	0.111601857902	0.0917652467435	0.0323797004862	0.299082488052	0.0174363182178	0.261379887668	0.0835457772843	0.089775483876	0.0	0.228095714614	0.0987804016505	0.337734050259	0.0936201889506	0.101215224796	0.198263693158	0.2649899062	0.100395282264	0.0982891387075	0.150839949146	0.0884238555726	0.255449396811	0.0948705932884	0.265030485342	0.187757995449	0.0652981737914	0.105371933328	0.0928447634192	0.27280253138	0.2567958287	0.103402678777	0.0937742182419	0.26719710575	0.0989083980823	0.149840624213	0.11894019232	0.254832967038	0.0913394831063	0.293672016356	0.0951645286213	0.0540591976174	0.0958733921769	0.0918935966072	0.0894049168127	0.298733925493	0.0950760029173	0.262436295269	0.247275821219	0.209316255114	0.0914021739094	0.286951115942	0.224464156929	0.267000438726	0.103853341731	0.0976654189535	0.0916015045237	0.093831956832	0.108198652298	0.253788611013	0.0969802012766	0.0987883353558	0.293041923667	0.0954526905941	0.107117236168	0.0965439798606	0.306729010118	0.197385674588	0.250536475059	0.270214595283	0.165474150226	0.167354698428	0.12224161525	0.266836627474	0.121497311339	0.321050888968	0.249479739752	0.249043355131
DLM012.freeze11.snv.mod.fix.bam	0.260271190959	0.163629136882	0.194484746888	0.22665888233	0.156502142668	0.239671405508	0.2285669807	0.22879200688	0.178052754149	0.229115363054	0.261808647593	0.22406892018	0.230363516405	0.228095714614	0.0	0.229683990765	0.241903971356	0.224756477275	0.226825402805	0.144483175027	0.260047701781	0.230172291632	0.224122945433	0.162701118126	0.227615673919	0.25741732988	0.222788660002	0.197368930672	0.152931770705	0.231305254927	0.235720323753	0.222188991105	0.268743392374	0.256256367442	0.22667722191	0.215548567904	0.209494107233	0.227034922984	0.19586355638	0.206120365981	0.256392712468	0.229368508248	0.177702071588	0.207276707166	0.233473824152	0.211161484541	0.21472704324	0.229717990516	0.204549276306	0.225473689499	0.255994777803	0.236987698514	0.154712597557	0.218104370791	0.206303073403	0.225698902176	0.176309162243	0.222825644126	0.210946361444	0.219365395518	0.228131565604	0.22547302448	0.177182497204	0.214114646936	0.216560351909	0.200598478318	0.199568968328	0.234803901643	0.228219583929	0.197992846711	0.168871777285	0.212572551181	0.159181835827	0.20055951845	0.200059587076	0.243803451048	0.245327292096	0.197026863319	0.208770485922	0.248057203511	0.233915779602
DLM024.freeze11.snv.mod.fix.bam	0.140549517705	0.1535594558	0.125509752189	0.0891556476651	0.168387617331	0.117600578593	0.0979540080468	0.0992206923597	0.308770005584	0.0921724075825	0.265806524436	0.0720894853424	0.0993715633263	0.0987804016505	0.229683990765	0.0	0.346312400258	0.0994958916919	0.102794692985	0.206183719406	0.264406490686	0.0792349280338	0.11396395655	0.160533824025	0.0927234870538	0.253756045296	0.0944768190355	0.269077968843	0.190243425736	0.0883019081218	0.116844805271	0.0810240771414	0.269958216964	0.256818532967	0.0854623787275	0.0770424508883	0.270839558399	0.110145652275	0.140381868154	0.124722323447	0.254720905574	0.110279454694	0.300635241938	0.0995507013529	0.117749340457	0.0909507567447	0.0817723891868	0.0860221206648	0.308136381803	0.101166340545	0.260465472312	0.252374994589	0.208381936805	0.0900193139885	0.291322269824	0.233835857254	0.274032050743	0.109236126345	0.090061796475	0.0787371806935	0.0776301995603	0.096874571117	0.257967319137	0.0926424305501	0.0959362315829	0.294365007348	0.0859083716445	0.0918313514716	0.0885961126049	0.31436061336	0.203672680382	0.255382625068	0.276675719694	0.167570327898	0.169741346339	0.118183825572	0.268951294799	0.125396185978	0.329759239174	0.251290804425	0.251690906181
ED19A.freeze11.snv.mod.fix.bam	0.364322637925	0.299011013226	0.313215066645	0.340922423801	0.274290541439	0.346722413675	0.343227473547	0.337157989958	0.181108637036	0.340800758073	0.298658238718	0.349362546401	0.339215123464	0.337734050259	0.241903971356	0.346312400258	0.0	0.336948428045	0.339091508217	0.266520546468	0.2955037537	0.347848473659	0.326367879665	0.294280714192	0.338440340471	0.295324329871	0.339066116484	0.240669282627	0.275132677842	0.345828003226	0.339729146934	0.347286205623	0.297298379293	0.29230806168	0.347391618251	0.348797182615	0.25714261057	0.334891183733	0.327985870307	0.326970230555	0.299814768125	0.334052381052	0.176228947124	0.333762703278	0.329111660681	0.334413179638	0.340796749215	0.346722064314	0.18901893616	0.337435470971	0.28909223737	0.287219393326	0.259861719499	0.345324014999	0.218110516076	0.298951319189	0.214965379947	0.333295497582	0.340260399636	0.348760278472	0.350803842047	0.348077179851	0.239729940078	0.340975382484	0.336323156704	0.201401759071	0.33996845564	0.345887013514	0.339211863731	0.177534681075	0.290681778393	0.268576534234	0.222936432097	0.321079143644	0.320103818499	0.348090129959	0.27820583541	0.319367555352	0.172519703266	0.285988777081	0.290623833802
HT25A.freeze11.snv.mod.fix.bam	0.148147177916	0.150896046309	0.128813970817	0.0904098042801	0.167267605109	0.12300287849	0.107500500459	0.0947860954217	0.297715766457	0.0933183119273	0.258042696718	0.0858504233458	0.108831532548	0.0936201889506	0.224756477275	0.0994958916919	0.336948428045	0.0	0.0389251999058	0.203651894244	0.260035090839	0.10173966155	0.110780877948	0.157060456415	0.100978078168	0.249319650871	0.108037878296	0.260996029393	0.192049147936	0.0837739467599	0.114651606024	0.0870094767158	0.265571689352	0.253102859896	0.101093683768	0.0913515679486	0.263099007455	0.045083153394	0.148826995529	0.127236629727	0.251244908815	0.111435171886	0.28949629165	0.104707420901	0.112818799553	0.0945019721733	0.0924625173037	0.0849063473901	0.296732680963	0.100531852342	0.257473637898	0.246947594598	0.208115080482	0.0964541017938	0.285415473936	0.232112476943	0.264627743166	0.0251052278007	0.0924610822633	0.0911091164497	0.0955881389915	0.105539456597	0.251375150139	0.0367012003313	0.0502605367337	0.286347903449	0.0933178158792	0.104646133762	0.091787747462	0.304514972911	0.198106454061	0.248083894055	0.268370003902	0.1702469416	0.172234276207	0.129173587718	0.264284287761	0.122833141663	0.317769454337	0.248837328775	0.246416396199
HT8A.freeze11.snv.mod.fix.bam	0.147757488385	0.153402351058	0.131191170695	0.0969294925736	0.168430927773	0.128022498865	0.112012995754	0.103148762819	0.300802728363	0.0998297624539	0.264610713784	0.0914975567002	0.113874073406	0.101215224796	0.226825402805	0.102794692985	0.339091508217	0.0389251999058	0.0	0.207423218925	0.266721826091	0.103376685784	0.112712856692	0.162688346711	0.106376224549	0.256553704198	0.113104580233	0.263989788962	0.193080405874	0.0938877075752	0.122251758053	0.0938482070091	0.272532944626	0.259306842325	0.105221865002	0.0959002172697	0.267267108184	0.0626457713077	0.151253483809	0.132173656075	0.256969333855	0.118419894956	0.293442165538	0.109311364554	0.117412048803	0.0989075173082	0.0958274689277	0.0959382953153	0.298249247319	0.10786685207	0.262526508848	0.252202327073	0.210520167981	0.102113074669	0.285779095034	0.23882798084	0.268171130968	0.0425796238555	0.0966779475149	0.0947514979865	0.098888754302	0.107208489661	0.254463238899	0.0606833823076	0.0540393905195	0.288767420134	0.0971176681177	0.105377853623	0.09576146526	0.307510357604	0.201169823803	0.253398246876	0.269767651119	0.174151218578	0.175951778617	0.131552651023	0.268696764082	0.127676580217	0.321899594514	0.25424391861	0.251099968658
MH0274.freeze11.snv.mod.fix.bam	0.234497320282	0.14280096617	0.166566141248	0.196754807964	0.142480922392	0.207686717142	0.196357153541	0.202291241512	0.204357361677	0.200103973778	0.233385025746	0.196298696205	0.197829467183	0.198263693158	0.144483175027	0.206183719406	0.266520546468	0.203651894244	0.207423218925	0.0	0.232866501771	0.20691447022	0.199641984512	0.139493754924	0.198153305714	0.228790623611	0.198375046216	0.184060654678	0.141443287503	0.20040185816	0.210079517581	0.198487564604	0.238033805793	0.228591926864	0.204751387331	0.189137734514	0.186947610402	0.20691220112	0.157520542799	0.165508892046	0.230034949248	0.203272118337	0.196655394903	0.177843023398	0.209220592359	0.184919651539	0.184315450233	0.206450356805	0.226473402006	0.196685514437	0.228751514041	0.207976164682	0.155860716712	0.183256625078	0.226662533661	0.19890245639	0.179160578161	0.20216235331	0.184895656491	0.19475982093	0.204188047532	0.198251045173	0.164201863184	0.189685237725	0.194209193018	0.22438862843	0.194215068715	0.208598236529	0.203898486757	0.222749564793	0.146993573339	0.187732369466	0.169999056159	0.158054714121	0.157529471853	0.217402071482	0.218787684557	0.165665595037	0.235311055299	0.223195722718	0.202747873651
MH0277.freeze11.snv.mod.fix.bam	0.266735925054	0.260383308043	0.259725223762	0.26197550355	0.260082784064	0.263700686856	0.257802224678	0.263294884831	0.263372907755	0.262744350082	0.107520309521	0.26168169402	0.257537021722	0.2649899062	0.260047701781	0.264406490686	0.2955037537	0.260035090839	0.266721826091	0.232866501771	0.0	0.26251198585	0.254098104709	0.255298329309	0.265029675066	0.0400156857784	0.264872101986	0.147027217621	0.254424742592	0.262351398554	0.269904946658	0.262463175714	0.111653842177	0.0632759521051	0.259946493119	0.262017577761	0.147945088496	0.260496165119	0.20415674267	0.231396973823	0.0580909557534	0.2549719951	0.245780914704	0.263632784194	0.267842404569	0.257555862332	0.260354363997	0.266228719869	0.279650994922	0.264537460335	0.102391375605	0.118655459613	0.265080059428	0.261727353406	0.278723779818	0.139024198643	0.20608162138	0.262685425769	0.258541371951	0.263774657476	0.262861056472	0.26123031561	0.163757741099	0.260667302892	0.263257162027	0.274962643453	0.263207727825	0.261943516453	0.258894764094	0.262002653615	0.190803306114	0.139048188765	0.236097966659	0.191989941613	0.190079159832	0.259788084948	0.120046917796	0.26210559208	0.266636772234	0.115803044096	0.0953935596598
MH0444.freeze11.snv.mod.fix.bam	0.139897642309	0.155304770708	0.127875863378	0.0931028550847	0.172604581306	0.118347374522	0.0977468440899	0.102857069231	0.307889386674	0.096657055393	0.263985945188	0.0745343946907	0.104539212919	0.100395282264	0.230172291632	0.0792349280338	0.347848473659	0.10173966155	0.103376685784	0.20691447022	0.26251198585	0.0	0.110795095969	0.161352355063	0.0953631156641	0.252314175791	0.0961389293163	0.269863935545	0.189002757844	0.0912045774354	0.116584191192	0.0828730826888	0.268746300139	0.256688424659	0.0864583108917	0.071784623198	0.268501251534	0.109837623927	0.141274514647	0.126046359186	0.25295974263	0.11386939197	0.299028663733	0.100586365667	0.123925895506	0.0971911027257	0.0866323069243	0.0931084978499	0.305514096396	0.101075022455	0.259685965817	0.249592936446	0.207752588206	0.0939863983944	0.289548543612	0.234816560164	0.272288626098	0.110112256171	0.0920967344052	0.0808550443546	0.0757209350546	0.0993684065022	0.256007369589	0.095118507974	0.0993869948438	0.296460186871	0.0897186362961	0.0727396853526	0.0942918507949	0.314681113222	0.203093694307	0.254005868826	0.276632706424	0.167385319793	0.169580411689	0.12157853896	0.266005156183	0.124775724058	0.329102095904	0.251599920072	0.249025537772
MMRS14602194ST-27-0-0.freeze11.snv.mod.fix.bam	0.150986409844	0.153088191893	0.123219797245	0.0921405023284	0.171140614422	0.124294085524	0.107156839256	0.103225372098	0.287110303522	0.0948745944995	0.253339191619	0.0972062222388	0.110897956969	0.0982891387075	0.224122945433	0.11396395655	0.326367879665	0.110780877948	0.112712856692	0.199641984512	0.254098104709	0.110795095969	0.0	0.153471002287	0.106330729994	0.244369397556	0.11179172869	0.255274233142	0.18439011439	0.0915000375803	0.097794514745	0.108699988415	0.258168233919	0.245432675069	0.11379695388	0.105042626904	0.254172376629	0.117609386532	0.15425080313	0.129066322412	0.249589725564	0.107349000311	0.281800512682	0.109095763745	0.118161904471	0.10696569075	0.107671601777	0.11142250498	0.290136069407	0.108600087495	0.252654648719	0.239142943523	0.205869642022	0.103065629666	0.280700730028	0.227100995254	0.258983347565	0.116471016917	0.10832916896	0.105592042632	0.105819826549	0.118552665442	0.243880517233	0.109599226101	0.109641915768	0.278771273274	0.10859106498	0.115076958779	0.10883360346	0.29454103341	0.199070656846	0.242605648107	0.261988223824	0.167868631187	0.169564922867	0.13236235824	0.26047178029	0.127391580799	0.306807773572	0.246033558934	0.238964493563
MMRS42780924ST-27-0-0.freeze11.snv.mod.fix.bam	0.198408289584	0.119161645161	0.130769607546	0.149906432447	0.13330283704	0.169978181946	0.151100771612	0.154123915191	0.2266085197	0.152769007533	0.252068062989	0.147284211233	0.152764126223	0.150839949146	0.162701118126	0.160533824025	0.294280714192	0.157060456415	0.162688346711	0.139493754924	0.255298329309	0.161352355063	0.153471002287	0.0	0.156315584572	0.247133458176	0.154061360123	0.213041343259	0.134148321368	0.152712515069	0.16758739108	0.15279881683	0.258895913697	0.248112112387	0.160065414806	0.142827242559	0.215065325667	0.165037933663	0.14230962474	0.128562835891	0.247404676592	0.154513438596	0.226484128212	0.132778520698	0.168654581463	0.139938657348	0.141030855492	0.159819036782	0.251915686369	0.147195363247	0.248880883626	0.230793916938	0.159937727605	0.138484192655	0.246507194689	0.215148957784	0.208981779773	0.157684982085	0.140652314199	0.145558707647	0.155961960821	0.157393175886	0.193576206977	0.143811261408	0.151375468571	0.248004336657	0.149182017469	0.167416615779	0.160984465833	0.251596856246	0.162569946896	0.211723368828	0.203438293657	0.150652612983	0.151692732275	0.181005000902	0.24242721865	0.127709557934	0.26580355189	0.240276324595	0.227709290474
MMRS43939546ST-27-0-0.freeze11.snv.mod.fix.bam	0.139322781156	0.141627939474	0.123179338757	0.0837490661656	0.171045188617	0.110922509916	0.0906814188553	0.086973455012	0.30215897191	0.0864650159479	0.265850374977	0.0786903563023	0.0948646967755	0.0884238555726	0.227615673919	0.0927234870538	0.338440340471	0.100978078168	0.106376224549	0.198153305714	0.265029675066	0.0953631156641	0.106330729994	0.156315584572	0.0	0.254744319293	0.088644104766	0.267818404118	0.178809362622	0.0772496094648	0.104801915667	0.0890264532172	0.271026432087	0.255839070602	0.0960512588693	0.0878354954452	0.269107534359	0.108749051753	0.145764999706	0.119040786512	0.255555185074	0.102477203544	0.29256862219	0.0847598431988	0.113016117099	0.0979242769611	0.0869551842428	0.0912287135772	0.298684957221	0.093953161461	0.262923448684	0.248956126061	0.205056088214	0.0877705305655	0.287068653643	0.234118107847	0.267570465876	0.110046517605	0.0974180724133	0.0877823457702	0.0879450725812	0.102598147347	0.25457392727	0.0972054024982	0.100869797194	0.291097356983	0.0943084406393	0.101730663531	0.0965463335528	0.307098724085	0.201837248598	0.253464959669	0.274214375083	0.166187295852	0.168603184784	0.122300604063	0.267922903413	0.117341814715	0.321144200363	0.248880152972	0.25229820712
MMRS47685461ST-27-0-0.freeze11.snv.mod.fix.bam	0.256091901416	0.253673319822	0.250598615726	0.253001188892	0.253144173472	0.25272364624	0.247946372128	0.252983974613	0.260413428659	0.253287248153	0.111019049853	0.25093595807	0.248245444737	0.255449396811	0.25741732988	0.253756045296	0.295324329871	0.249319650871	0.256553704198	0.228790623611	0.0400156857784	0.252314175791	0.244369397556	0.247133458176	0.254744319293	0.0	0.25676578331	0.141873378764	0.247270863793	0.251042331118	0.258647843018	0.25105944434	0.108579390497	0.0629840443572	0.248610223745	0.251988896502	0.15252642681	0.250862332362	0.197167183063	0.223309793833	0.0477258961564	0.246539995287	0.244785054755	0.253199252345	0.258204130538	0.247754994086	0.251084116234	0.256228629683	0.279054162017	0.25495528992	0.106414056277	0.11622261053	0.26002709577	0.25121974359	0.277413759096	0.137968308299	0.201109346588	0.252391584816	0.248742684626	0.253302542587	0.252038483928	0.251518241924	0.156979705018	0.25058853138	0.252734622297	0.274202826259	0.254682557461	0.248876099762	0.247955567375	0.26389597208	0.189260454112	0.14197524931	0.235460878347	0.1880622445	0.186288310202	0.250544472556	0.109304583911	0.253294505498	0.267556626314	0.115187661336	0.101234809914
MMRS56137463ST-27-0-0.freeze11.snv.mod.fix.bam	0.144581895736	0.144405799668	0.124567272661	0.0875796283132	0.167890770626	0.114791808038	0.0919389054707	0.0908582624947	0.299340224067	0.0910013490996	0.259635593861	0.0808121018303	0.0976329985074	0.0948705932884	0.222788660002	0.0944768190355	0.339066116484	0.108037878296	0.113104580233	0.198375046216	0.264872101986	0.0961389293163	0.11179172869	0.154061360123	0.088644104766	0.25676578331	0.0	0.264416840762	0.17887648638	0.0870577015379	0.112950608334	0.0882559460146	0.267639486373	0.254839793765	0.0994241450428	0.0864602658165	0.264031317327	0.117424460689	0.141374080718	0.121386454424	0.257140364106	0.108897380647	0.292419638205	0.0683373055164	0.11919523178	0.0960904673713	0.090544809694	0.0932147245768	0.298722135895	0.099497840135	0.258884065588	0.246849878411	0.206503754631	0.0898795158293	0.282444768712	0.229500141754	0.266117981856	0.116218052098	0.0974551681949	0.0849625309013	0.0896244789279	0.105653873724	0.250331349822	0.0999724092382	0.105594440789	0.286067152316	0.0948317044098	0.106206300849	0.0997769809056	0.305714612466	0.19408792776	0.248717767793	0.266342285282	0.167162841306	0.168973359709	0.125969055945	0.267189148773	0.120363782443	0.322028716637	0.249635377466	0.246149707926
MMRS65945127ST-27-0-0.freeze11.snv.mod.fix.bam	0.278593426423	0.222388391844	0.234596896082	0.264351842984	0.210196486727	0.267473234477	0.261237266365	0.265092200341	0.196764557078	0.265819575663	0.173206490042	0.264912613695	0.264154279346	0.265030485342	0.197368930672	0.269077968843	0.240669282627	0.260996029393	0.263989788962	0.184060654678	0.147027217621	0.269863935545	0.255274233142	0.213041343259	0.267818404118	0.141873378764	0.264416840762	0.0	0.20394505395	0.266883432891	0.273710440309	0.263877162859	0.180672890436	0.149293692748	0.263646403725	0.261543420316	0.144245377609	0.260898946845	0.211723893731	0.229590984653	0.149341587173	0.262737064002	0.176862525559	0.25295665069	0.271172622691	0.250604772059	0.256699463787	0.270637799428	0.214230324816	0.264244276628	0.169468986373	0.160290178915	0.211011865294	0.259609990652	0.225003409914	0.177037922152	0.15835572478	0.257787278832	0.253750171545	0.265082989668	0.26960039077	0.262136477497	0.145889689424	0.257931935834	0.258717282672	0.21907718191	0.260125276663	0.267091727934	0.263574188407	0.203232292099	0.182786779286	0.146485993454	0.18162241371	0.20319870012	0.201709569409	0.266538669248	0.165296837613	0.237430338148	0.212160122026	0.173242347667	0.152924506468
MMRS68910755ST-27-0-0.freeze11.snv.mod.fix.bam	0.21518161897	0.141965703791	0.162616662297	0.184769477296	0.145735436713	0.199858803616	0.184769366303	0.188845358465	0.206989875348	0.187866567667	0.255567486873	0.179109808828	0.19027220208	0.187757995449	0.152931770705	0.190243425736	0.275132677842	0.192049147936	0.193080405874	0.141443287503	0.254424742592	0.189002757844	0.18439011439	0.134148321368	0.178809362622	0.247270863793	0.17887648638	0.20394505395	0.0	0.186929167558	0.195345159692	0.180979369771	0.260963415757	0.248796293424	0.18622636571	0.172295984173	0.212152171434	0.196273245686	0.162030288236	0.16759750918	0.248341957339	0.188801622883	0.204930345921	0.160507589041	0.200125094099	0.173969382822	0.171172409398	0.190066765032	0.238824113255	0.18268608153	0.249215952908	0.229350500195	0.152918969257	0.17108829227	0.230566785473	0.218988227845	0.195213182428	0.191956946409	0.17193014067	0.176421719453	0.185980375187	0.183506547949	0.180052048259	0.176283685731	0.180229672543	0.233681131483	0.179236147208	0.192246573291	0.192360864932	0.237115598875	0.171810893861	0.212530768378	0.18730738585	0.170060837339	0.169767802938	0.205990397675	0.243990342668	0.159836619833	0.245262625623	0.241480369057	0.227011794476
