	159268001-stool2.freeze11.snv.mod.fix.bam	160704339-stool1.freeze11.snv.mod.fix.bam	763496533-stool1.freeze11.snv.mod.fix.bam	763597684-stool2.freeze11.snv.mod.fix.bam	764143897-stool1.freeze11.snv.mod.fix.bam	CCIS02124300ST-4-0.freeze11.snv.mod.fix.bam	CCIS09568613ST-4-0.freeze11.snv.mod.fix.bam	CCIS10793554ST-4-0.freeze11.snv.mod.fix.bam	CCIS20795251ST-4-0.freeze11.snv.mod.fix.bam	CCIS22275061ST-4-0.freeze11.snv.mod.fix.bam	CCIS23164343ST-4-0.freeze11.snv.mod.fix.bam	CCIS27304052ST-3-0.freeze11.snv.mod.fix.bam	CCIS51595129ST-4-0.freeze11.snv.mod.fix.bam	CCIS59132091ST-4-0.freeze11.snv.mod.fix.bam	CCIS62605362ST-3-0.freeze11.snv.mod.fix.bam	CCIS64773582ST-4-0.freeze11.snv.mod.fix.bam	CCIS74239020ST-4-0.freeze11.snv.mod.fix.bam	CCIS76845094ST-20-0.freeze11.snv.mod.fix.bam	CCIS81887263ST-4-0.freeze11.snv.mod.fix.bam	CCIS88317640ST-4-0.freeze11.snv.mod.fix.bam	CCMD64503764ST-21-0.freeze11.snv.mod.fix.bam	CCMD64776337ST-21-0.freeze11.snv.mod.fix.bam	HT25A.freeze11.snv.mod.fix.bam	M2.2-V2.metaT.freeze11.snv.mod.fix.bam	M2.2-V3.metaG.freeze11.snv.mod.fix.bam	MH0196.freeze11.snv.mod.fix.bam	MH0224.freeze11.snv.mod.fix.bam	MH0275.freeze11.snv.mod.fix.bam	MH0280.freeze11.snv.mod.fix.bam	MH0349.freeze11.snv.mod.fix.bam	MH0379.freeze11.snv.mod.fix.bam	MH0381.freeze11.snv.mod.fix.bam	MH0392.freeze11.snv.mod.fix.bam	MH0397.freeze11.snv.mod.fix.bam	MH0422.freeze11.snv.mod.fix.bam	MH0437.freeze11.snv.mod.fix.bam	MH0445.freeze11.snv.mod.fix.bam	MH0451.freeze11.snv.mod.fix.bam	MH0457.freeze11.snv.mod.fix.bam	MMRS51307502ST-27-0-0.freeze11.snv.mod.fix.bam	MMRS57276462ST-27-0-0.freeze11.snv.mod.fix.bam	NG-5636_112.freeze11.snv.mod.fix.bam	NG-5636_155.freeze11.snv.mod.fix.bam	NG-5636_225.freeze11.snv.mod.fix.bam	NG-5636_434.freeze11.snv.mod.fix.bam	NG-5636_591.freeze11.snv.mod.fix.bam	NG-5636_88.freeze11.snv.mod.fix.bam	O2.UC13-1.freeze11.snv.mod.fix.bam	O2.UC30-1.freeze11.snv.mod.fix.bam	SAMEA3136654.freeze11.snv.mod.fix.bam	SAMEA3136675.freeze11.snv.mod.fix.bam	SAMEA3136684.freeze11.snv.mod.fix.bam	SAMEA3178941.freeze11.snv.mod.fix.bam	T2D-15A.freeze11.snv.mod.fix.bam	T2D-49A.freeze11.snv.mod.fix.bam	V1.CD22-0.freeze11.snv.mod.fix.bam	V1.CD55-0.freeze11.snv.mod.fix.bam	V1.CD6-0-PN.freeze11.snv.mod.fix.bam	V1.FI07.freeze11.snv.mod.fix.bam	V1.FI15.freeze11.snv.mod.fix.bam	V1.FI16.freeze11.snv.mod.fix.bam	V1.UC10-2.freeze11.snv.mod.fix.bam	V1.UC21-4.freeze11.snv.mod.fix.bam	V1.UC40-1.freeze11.snv.mod.fix.bam	V1.UC58-0.freeze11.snv.mod.fix.bam
159268001-stool2.freeze11.snv.mod.fix.bam	0.0	0.211312099706	0.275229357798	0.275186082742	0.272048641163	0.204301540592	0.274060931279	0.272048641163	0.20466937857	0.210576423749	0.213886965553	0.216656569154	0.274363856673	0.274363856673	0.263891293059	0.205881080145	0.260537476199	0.197247706422	0.266509433962	0.207547169811	0.201510299463	0.207763545093	0.124372511684	0.0822658819456	0.123939761122	0.271810628354	0.270057988575	0.203198026657	0.209516184871	0.26687727194	0.272805954648	0.265990133287	0.273281980267	0.20490739138	0.131231608101	0.271291327679	0.209689285096	0.201531936992	0.269949800935	0.22236887658	0.274472044314	0.20836939588	0.272524666782	0.1787692574	0.267829323178	0.261078414402	0.268262073741	0.274234031504	0.201531936992	0.191924874502	0.267569672841	0.256664358664	0.271767353298	0.136359702268	0.257464947204	0.271788990826	0.262939241821	0.269949800935	0.269625238013	0.209710922624	0.203998615198	0.270490739138	0.206075817899	0.211658300156	0.267742773066
160704339-stool1.freeze11.snv.mod.fix.bam	0.211312099706	0.0	0.248853211009	0.245888869656	0.241972477064	0.118616929202	0.24467716808	0.246711095724	0.10812272806	0.107040851653	0.108858404016	0.213151289597	0.245066643587	0.243032715943	0.235048468063	0.117470140211	0.231759563787	0.106975939069	0.238532110092	0.106543188506	0.111779470313	0.116929202008	0.189414921239	0.123355547862	0.182534187294	0.243703479315	0.242188852346	0.10117708153	0.115349662455	0.238294097282	0.240847325602	0.23682274537	0.247446771681	0.103254284231	0.190951185737	0.243357278864	0.117275402458	0.110070105591	0.23993854942	0.199151808897	0.246840920893	0.107581789856	0.243205816168	0.11759996538	0.236757832785	0.233771853903	0.24086896313	0.24387657954	0.116994114592	0.11320754717	0.239267786048	0.240674225376	0.243443828977	0.185195603254	0.233685303791	0.239722174139	0.23485373031	0.23889994807	0.243681841786	0.112731521551	0.112839709192	0.239462523801	0.115219837286	0.118011078414	0.238921585598
763496533-stool1.freeze11.snv.mod.fix.bam	0.275229357798	0.248853211009	0.0	0.118443828977	0.121927471006	0.238683572789	0.120239743812	0.118681841786	0.231802838844	0.244828630777	0.247295308984	0.141314696209	0.120499394149	0.120759044487	0.115955513242	0.246083607409	0.109182966938	0.22686948243	0.108295828285	0.238056084473	0.230937337719	0.239354336161	0.251687727194	0.161351047256	0.24491518089	0.118270728752	0.114051410767	0.234096416825	0.241280076164	0.11054613121	0.0899255669032	0.108944954128	0.119936818418	0.236887657954	0.258741561364	0.115587675264	0.246213432577	0.230331486931	0.118681841786	0.0912454561191	0.117837978189	0.238878310542	0.112688246495	0.227908083781	0.111022156829	0.109118054353	0.114895274364	0.119504067855	0.240457850095	0.227540245802	0.113510472564	0.13032283192	0.117491777739	0.254868443829	0.116193526052	0.113640297732	0.108490566038	0.115739137961	0.119157867405	0.247771334603	0.239267786048	0.115933875714	0.242426865155	0.245867232127	0.112666608967
763597684-stool2.freeze11.snv.mod.fix.bam	0.275186082742	0.245888869656	0.118443828977	0.0	0.113272459754	0.237320408517	0.113640297732	0.10846892851	0.229076510299	0.242556690324	0.244893543362	0.134390687208	0.113964860654	0.110286480872	0.107560152328	0.242210489874	0.10245369569	0.226263631643	0.102432058162	0.235264843344	0.229444348278	0.236541457504	0.250173100225	0.160160983209	0.242080664705	0.111022156829	0.108274190756	0.2325385148	0.239354336161	0.108317465813	0.114051410767	0.0931495585944	0.114527436386	0.234767180197	0.256231608101	0.109788817725	0.243854942011	0.228254284231	0.110178293232	0.0855764237494	0.0227194045352	0.236844382898	0.106023887831	0.226458369396	0.105180024234	0.0984723905141	0.108642028735	0.109810455254	0.236281807166	0.22513848018	0.105288211875	0.11690756448	0.112753159079	0.250822226069	0.113229184698	0.111801107841	0.103189371646	0.109053141769	0.107062489181	0.246624545612	0.235286480872	0.107754890081	0.239289423576	0.244612255496	0.109810455254
764143897-stool1.freeze11.snv.mod.fix.bam	0.272048641163	0.241972477064	0.121927471006	0.113272459754	0.0	0.232516877272	0.109918642894	0.109485892332	0.225441405574	0.237839709192	0.242340315042	0.135148000692	0.110178293232	0.11158473256	0.101241994115	0.238748485373	0.101458369396	0.221330275229	0.0998788298425	0.231283538169	0.22409987883	0.231153713	0.245737406959	0.157023541631	0.238748485373	0.110243205816	0.1075385148	0.226804569846	0.233988229185	0.11054613121	0.116280076164	0.102713346027	0.11019993076	0.232408689631	0.252488315735	0.108317465813	0.239354336161	0.224922104899	0.109637355029	0.0878267266747	0.111671282673	0.232971265363	0.110005193007	0.224489354336	0.10418469794	0.0992513415267	0.107040851653	0.108317465813	0.232798165138	0.220486411632	0.106802838844	0.11887657954	0.107798165138	0.24906958629	0.1089233166	0.111216894582	0.0992080664705	0.100268305349	0.111411632335	0.240955513242	0.232646702441	0.104098147828	0.236541457504	0.239375973689	0.10591570019
CCIS02124300ST-4-0.freeze11.snv.mod.fix.bam	0.204301540592	0.118616929202	0.238683572789	0.237320408517	0.232516877272	0.0	0.235913969188	0.236260169638	0.109312792107	0.113964860654	0.117773065605	0.205643067336	0.236108706941	0.234485892332	0.224337891639	0.120391206509	0.223191102648	0.114462523801	0.227648433443	0.110135018176	0.112147308292	0.113618660204	0.185844729098	0.120066643587	0.176129478968	0.234940280422	0.232798165138	0.111216894582	0.114202873464	0.230526224684	0.230612774797	0.228513934568	0.238250822226	0.109875367838	0.186775142808	0.234247879522	0.120347931452	0.111346719751	0.230050199065	0.190648260343	0.238120997057	0.112558421326	0.233966591657	0.124047948762	0.228275921759	0.223558940627	0.232105764237	0.23496191795	0.117729790549	0.107841440194	0.230591137268	0.230872425134	0.234832092782	0.17969967111	0.224987017483	0.2325385148	0.226371819283	0.232776527609	0.233642028735	0.114462523801	0.113077722001	0.231348450753	0.114895274364	0.117405227627	0.228708672321
CCIS09568613ST-4-0.freeze11.snv.mod.fix.bam	0.274060931279	0.24467716808	0.120239743812	0.113640297732	0.109918642894	0.235913969188	0.0	0.0370434481565	0.229314523109	0.239981824476	0.24363856673	0.136338064739	8.65501125151e-05	0.105526224684	0.0982992902891	0.240111649645	0.101047256361	0.222412151636	0.0991647914142	0.234074779297	0.228665397265	0.235286480872	0.249588886966	0.161827072875	0.242102302233	0.0403539899602	0.103708672321	0.230764237494	0.236866020426	0.105071836593	0.105526224684	0.102972996365	0.109031504241	0.234918642894	0.258049160464	0.103102821534	0.241756101783	0.226718019733	0.108944954128	0.0854898736368	0.111974208066	0.235762506491	0.102020945127	0.224987017483	0.101112168946	0.0978665397265	0.0194737753159	0.107105764237	0.235351393457	0.222779989614	0.0301410766834	0.120888869656	0.0578371126882	0.251579539553	0.108512203566	0.103362471871	0.0940583347758	0.101285269171	0.039986151982	0.243595291674	0.23450752986	0.0975419768046	0.238120997057	0.243595291674	0.103513934568
CCIS10793554ST-4-0.freeze11.snv.mod.fix.bam	0.272048641163	0.246711095724	0.118681841786	0.10846892851	0.109485892332	0.236260169638	0.0370434481565	0.0	0.228989960187	0.240912238186	0.244785355721	0.133979574173	0.0371732733253	0.102929721309	0.0869395880215	0.240782413017	0.101350181755	0.225289942877	0.0917431192661	0.235113380647	0.229098147828	0.236519819976	0.247771334603	0.160637008828	0.240263112342	0.0457200969361	0.100160117708	0.232495239744	0.238575385148	0.100181755236	0.107560152328	0.0995975419768	0.104357798165	0.234658992557	0.254652068548	0.099121516358	0.243443828977	0.227756621084	0.105591137268	0.0836506837459	0.107495239744	0.235827419076	0.0967846633201	0.224489354336	0.100874156136	0.0933875714038	0.0264410593734	0.105656049853	0.236389994807	0.224532629392	0.0355071836593	0.116777739311	0.0571879868444	0.248983036178	0.104963648953	0.10072269344	0.0960273498356	0.0992080664705	0.0248182447637	0.245499394149	0.236151981998	0.087199238359	0.239916911892	0.243595291674	0.102020945127
CCIS20795251ST-4-0.freeze11.snv.mod.fix.bam	0.20466937857	0.10812272806	0.231802838844	0.229076510299	0.225441405574	0.109312792107	0.229314523109	0.228989960187	0.0	0.092413882638	0.0983642028735	0.199108533841	0.229552535918	0.227432058162	0.218690496798	0.095096936126	0.2164618314	0.09643846287	0.220962437251	0.0299896139865	0.100203392764	0.112406958629	0.185238878311	0.117664877964	0.175631815821	0.228102821534	0.224813917258	0.0971957763545	0.104379435693	0.22178466332	0.22271507703	0.219685823092	0.229054872771	0.0897957417345	0.18616929202	0.226155444002	0.100376492989	0.0954647741042	0.223796953436	0.185152328198	0.229963648953	0.0429937683919	0.225225030293	0.113770122901	0.221719750736	0.217305694997	0.224705729617	0.227951358837	0.0972174138826	0.102280595465	0.22316946512	0.221763025792	0.22779989614	0.178379781894	0.216937857019	0.225289942877	0.217284057469	0.223905141077	0.22617708153	0.10186948243	0.0989916911892	0.22340747793	0.101891119958	0.0376925740003	0.220681149385
CCIS22275061ST-4-0.freeze11.snv.mod.fix.bam	0.210576423749	0.107040851653	0.244828630777	0.242556690324	0.237839709192	0.113964860654	0.239981824476	0.240912238186	0.092413882638	0.0	0.102064220183	0.209581097455	0.24017656223	0.241301713692	0.230071836593	0.106781201316	0.230353124459	0.0928249956725	0.233490566038	0.0999437424269	0.109074779297	0.115219837286	0.191513761468	0.121862558421	0.182079799204	0.239505798858	0.23796953436	0.100160117708	0.114895274364	0.234204604466	0.235243205816	0.234053141769	0.242967803358	0.099121516358	0.191232473602	0.238185909642	0.105656049853	0.098126190064	0.237796434135	0.196490392938	0.243400553921	0.0970226761295	0.239484161329	0.121191795049	0.234832092782	0.229465985806	0.235675956379	0.239700536611	0.103254284231	0.109658992557	0.23485373031	0.236909295482	0.239830361779	0.181841786394	0.231673013675	0.23762333391	0.231175350528	0.236454907391	0.237363683573	0.101025618833	0.107625064913	0.236130344469	0.106954301541	0.100765968496	0.234529167388
CCIS23164343ST-4-0.freeze11.snv.mod.fix.bam	0.213886965553	0.108858404016	0.247295308984	0.244893543362	0.242340315042	0.117773065605	0.24363856673	0.244785355721	0.0983642028735	0.102064220183	0.0	0.211441924875	0.24387657954	0.243530379089	0.233014540419	0.107105764237	0.231456638394	0.102648433443	0.236065431885	0.102172407824	0.105894062662	0.118963129652	0.193980439675	0.123117535053	0.184048814263	0.242232127402	0.241518088974	0.101501644452	0.113770122901	0.236757832785	0.239484161329	0.235654318851	0.245867232127	0.0975203392764	0.196295655184	0.241994114592	0.10857711615	0.101155444002	0.23855374762	0.198026657435	0.245845594599	0.0990566037736	0.24259996538	0.125497663147	0.235870694132	0.231759563787	0.239332698633	0.242123939761	0.102626795915	0.109420979747	0.238077722001	0.238964860654	0.242578327852	0.188116669552	0.234031504241	0.240219837286	0.233404015925	0.238986498182	0.241842651895	0.106196988056	0.102150770296	0.238445559979	0.102756621084	0.105526224684	0.238770122901
CCIS27304052ST-3-0.freeze11.snv.mod.fix.bam	0.216656569154	0.213151289597	0.141314696209	0.134390687208	0.135148000692	0.205643067336	0.136338064739	0.133979574173	0.199108533841	0.209581097455	0.211441924875	0.0	0.136511164965	0.135104725636	0.128570192141	0.209602734984	0.125865501125	0.194867578328	0.128267266747	0.203955340142	0.198351220357	0.203068201489	0.198459407997	0.128916392591	0.19194651203	0.135429288558	0.130885407651	0.201337199238	0.207374069586	0.132226934395	0.134974900467	0.130236281807	0.131859096417	0.203262939242	0.20536177947	0.131296520685	0.210792799031	0.199130171369	0.133157348105	0.104617448503	0.135515838671	0.205296866886	0.133200623161	0.191059373377	0.129890081357	0.126817552363	0.132724597542	0.131599446079	0.203306214298	0.194737753159	0.131209970573	0.118790029427	0.133525186083	0.202159425307	0.119980093474	0.131491258439	0.125627488316	0.131274883157	0.133373723386	0.213843690497	0.205037216548	0.132767872598	0.208088108015	0.209775835209	0.129327505626
CCIS51595129ST-4-0.freeze11.snv.mod.fix.bam	0.274363856673	0.245066643587	0.120499394149	0.113964860654	0.110178293232	0.236108706941	8.65501125151e-05	0.0371732733253	0.229552535918	0.24017656223	0.24387657954	0.136511164965	0.0	0.10580751255	0.0981478275922	0.240328024926	0.101371819283	0.222520339276	0.0996408170331	0.234377704691	0.228816859962	0.235502856154	0.249805262247	0.161978535572	0.242340315042	0.0405703652415	0.103903410074	0.231002250303	0.237039120651	0.105418037043	0.105720962437	0.103254284231	0.109356067163	0.235178293232	0.258222260689	0.103405746927	0.242080664705	0.226847844902	0.10926951705	0.0858360740869	0.112363683573	0.235935606716	0.10221568288	0.225203392764	0.101436731868	0.0982343777047	0.0196036004847	0.107278864463	0.235589406266	0.222909814783	0.0303141769084	0.12129998269	0.0580751254977	0.252012290116	0.108642028735	0.103643759737	0.0943179851134	0.101674744677	0.0401376146789	0.243811666955	0.234745542669	0.097779989614	0.238250822226	0.243790029427	0.103816859962
CCIS59132091ST-4-0.freeze11.snv.mod.fix.bam	0.274363856673	0.243032715943	0.120759044487	0.110286480872	0.11158473256	0.234485892332	0.105526224684	0.102929721309	0.227432058162	0.241301713692	0.243530379089	0.135104725636	0.10580751255	0.0	0.0923706075818	0.241042063355	0.101891119958	0.223645490739	0.0973905141077	0.232603427384	0.226155444002	0.23416132941	0.249221048987	0.160442271075	0.242145577289	0.106911026484	0.0994893543362	0.229163060412	0.236346719751	0.108598753678	0.112190583348	0.104163060412	0.10812272806	0.232170676822	0.254911718885	0.103578847153	0.24052276268	0.226847844902	0.0982992902891	0.0841916219491	0.107841440194	0.234442617275	0.0975852518608	0.223645490739	0.100225030293	0.101934395015	0.103535572096	0.105699324909	0.233771853903	0.222087588714	0.0999221048987	0.116366626277	0.106694651203	0.251168426519	0.107473602216	0.106954301541	0.0998571923144	0.105482949628	0.102237320409	0.243054353471	0.234291154579	0.103340834343	0.237926259304	0.242059027177	0.106045525359
CCIS62605362ST-3-0.freeze11.snv.mod.fix.bam	0.263891293059	0.235048468063	0.115955513242	0.107560152328	0.101241994115	0.224337891639	0.0982992902891	0.0869395880215	0.218690496798	0.230071836593	0.233014540419	0.128570192141	0.0981478275922	0.0923706075818	0.0	0.229985286481	0.0963519127575	0.213648952744	0.0732646702441	0.224056603774	0.217565345335	0.224684092089	0.236995845595	0.153583174658	0.23080751255	0.0989484161329	0.0947074606197	0.221373550286	0.226350181755	0.100787606024	0.106196988056	0.101155444002	0.0987104033235	0.223364202873	0.244287692574	0.0988618660204	0.232257226934	0.216851306907	0.0949671109572	0.0741950839536	0.106802838844	0.225787606024	0.0932144711788	0.215553055219	0.0930630084819	0.0901635797127	0.0945127228665	0.0939934221914	0.224705729617	0.214146615891	0.0901203046564	0.112688246495	0.094426172754	0.238878310542	0.100116842652	0.0924355201662	0.0900770296001	0.0943179851134	0.0918296693786	0.234053141769	0.223385840402	0.0780032889043	0.227864808724	0.23288471525	0.0968712134326
CCIS64773582ST-4-0.freeze11.snv.mod.fix.bam	0.205881080145	0.117470140211	0.246083607409	0.242210489874	0.238748485373	0.120391206509	0.240111649645	0.240782413017	0.095096936126	0.106781201316	0.107105764237	0.209602734984	0.240328024926	0.241042063355	0.229985286481	0.0	0.229141422884	0.0936688592695	0.234031504241	0.0960922624199	0.107105764237	0.11331573481	0.188960533149	0.120650856846	0.178293231781	0.239008135711	0.238402284923	0.110437943569	0.109291154579	0.233533841094	0.234788817725	0.233555478622	0.242729790549	0.0981045525359	0.187748831573	0.239116323351	0.109832092782	0.103881772546	0.236995845595	0.196014367319	0.243378916393	0.0998139172581	0.240154924701	0.127293577982	0.2346157175	0.230980612775	0.235026830535	0.240046737061	0.110935606716	0.112709884023	0.233533841094	0.234550804916	0.239311061104	0.179613120997	0.230396399515	0.237731521551	0.230872425134	0.236022156829	0.238120997057	0.111043794357	0.0764021118227	0.237926259304	0.0751471351913	0.108209278172	0.233858404016
CCIS74239020ST-4-0.freeze11.snv.mod.fix.bam	0.260537476199	0.231759563787	0.109182966938	0.10245369569	0.101458369396	0.223191102648	0.101047256361	0.101350181755	0.2164618314	0.230353124459	0.231456638394	0.125865501125	0.101371819283	0.101891119958	0.0963519127575	0.229141422884	0.0	0.212675263978	0.0936255842133	0.221373550286	0.215163579713	0.22271507703	0.234918642894	0.152414748139	0.227734983555	0.100030292539	0.100073567596	0.21843084646	0.225160117708	0.0966764756794	0.0983858404016	0.0979098147828	0.0972606889389	0.221503375454	0.240955513242	0.0951834862385	0.229379435693	0.213778777912	0.0977367145577	0.0799506664359	0.102691708499	0.222974727367	0.0957460619699	0.213064739484	0.0860524493682	0.068050025965	0.0986671282673	0.102172407824	0.222325601523	0.212004500606	0.0958542496105	0.108944954128	0.0999437424269	0.237147308292	0.0947723732041	0.0992513415267	0.0920244071317	0.0961571750043	0.0973256015233	0.2318461139	0.222779989614	0.100744330968	0.226501644452	0.230006924009	0.0957244244418
CCIS76845094ST-20-0.freeze11.snv.mod.fix.bam	0.197247706422	0.106975939069	0.22686948243	0.226263631643	0.221330275229	0.114462523801	0.222412151636	0.225289942877	0.09643846287	0.0928249956725	0.102648433443	0.194867578328	0.222520339276	0.223645490739	0.213648952744	0.0936688592695	0.212675263978	0.0	0.215877618141	0.101241994115	0.103254284231	0.113748485373	0.180565172235	0.115306387398	0.171563960533	0.22213086377	0.221308637701	0.098623853211	0.105677687381	0.218820321966	0.217673532976	0.216916219491	0.223256015233	0.0896659165657	0.181344123247	0.222628526917	0.105958975247	0.0950320235416	0.22039986152	0.181171023022	0.226674744677	0.098126190064	0.223126190064	0.120304656396	0.217781720616	0.213822052969	0.218841959495	0.222282326467	0.104314523109	0.109096416825	0.217500432751	0.217348970054	0.22340747793	0.173359875368	0.214449541284	0.219837285788	0.214060065778	0.219988748485	0.220810974554	0.107798165138	0.0989267786048	0.219058334776	0.0983425653453	0.102042582655	0.218539034101
CCIS81887263ST-4-0.freeze11.snv.mod.fix.bam	0.266509433962	0.238532110092	0.108295828285	0.102432058162	0.0998788298425	0.227648433443	0.0991647914142	0.0917431192661	0.220962437251	0.233490566038	0.236065431885	0.128267266747	0.0996408170331	0.0973905141077	0.0732646702441	0.234031504241	0.0936255842133	0.215877618141	0.0	0.227064220183	0.220010386014	0.228730309849	0.241539726502	0.155119439155	0.234529167388	0.0923922451099	0.0931062835382	0.222217413883	0.229725636143	0.0927817206162	0.0990349662455	0.0957460619699	0.0975419768046	0.226891119958	0.248247360222	0.0938419594945	0.234399342219	0.219447810282	0.0952267612948	0.0756664358664	0.100051930068	0.228557209624	0.0833477583521	0.21866885927	0.0913752812879	0.0871776008309	0.0938635970227	0.0963086377012	0.227150770296	0.215682880388	0.0923056949974	0.109767180197	0.0956162368011	0.241604639086	0.0977367145577	0.0973039639952	0.0885840401593	0.0918513069067	0.0948805608447	0.236606370088	0.228189371646	0.047039986152	0.231543188506	0.235675956379	0.0941232473602
CCIS88317640ST-4-0.freeze11.snv.mod.fix.bam	0.207547169811	0.106543188506	0.238056084473	0.235264843344	0.231283538169	0.110135018176	0.234074779297	0.235113380647	0.0299896139865	0.0999437424269	0.102172407824	0.203955340142	0.234377704691	0.232603427384	0.224056603774	0.0960922624199	0.221373550286	0.101241994115	0.227064220183	0.0	0.105894062662	0.113943223126	0.187229530898	0.118963129652	0.177947031331	0.2332309157	0.231240263112	0.10083088108	0.1047689112	0.227929721309	0.228449021984	0.225160117708	0.234983555479	0.093582309157	0.189955859443	0.232365414575	0.102864808724	0.0978232646702	0.229682361087	0.190172234724	0.236216894582	0.0538341699844	0.231716288731	0.115782413017	0.225982343777	0.222239051411	0.229509260862	0.234009866713	0.100874156136	0.103059546477	0.228449021984	0.227302232993	0.233620391207	0.181062835382	0.223234377705	0.230785875022	0.222996364895	0.231110437944	0.231218625584	0.103968322659	0.102020945127	0.228860135018	0.1047689112	0.0561926605505	0.227713346027
CCMD64503764ST-21-0.freeze11.snv.mod.fix.bam	0.201510299463	0.111779470313	0.230937337719	0.229444348278	0.22409987883	0.112147308292	0.228665397265	0.229098147828	0.100203392764	0.109074779297	0.105894062662	0.198351220357	0.228816859962	0.226155444002	0.217565345335	0.107105764237	0.215163579713	0.103254284231	0.220010386014	0.105894062662	0.0	0.107798165138	0.182058161676	0.115652587848	0.171044659858	0.228319196815	0.224749004674	0.101090531418	0.104314523109	0.221589925567	0.222953089839	0.220832612082	0.228860135018	0.0973688765795	0.182014886619	0.224705729617	0.102843171196	0.103643759737	0.222303963995	0.184481564826	0.229487623334	0.101220356586	0.22583088108	0.113185909642	0.219058334776	0.215942530725	0.224597541977	0.226003981305	0.103037908949	0.0993162541111	0.222909814783	0.22271507703	0.228470659512	0.175848191103	0.216764756794	0.224056603774	0.217608620391	0.22236887658	0.226696382205	0.109594079972	0.103167734118	0.224143153886	0.105785875022	0.106737926259	0.222390514108
CCMD64776337ST-21-0.freeze11.snv.mod.fix.bam	0.207763545093	0.116929202008	0.239354336161	0.236541457504	0.231153713	0.113618660204	0.235286480872	0.236519819976	0.112406958629	0.115219837286	0.118963129652	0.203068201489	0.235502856154	0.23416132941	0.224684092089	0.11331573481	0.22271507703	0.113748485373	0.228730309849	0.113943223126	0.107798165138	0.0	0.185693266401	0.119136229877	0.1794616583	0.234550804916	0.233274190756	0.109594079972	0.111606370088	0.229011597715	0.232689977497	0.229206335468	0.23762333391	0.109983555479	0.189890946858	0.234334429635	0.121429807859	0.11355374762	0.23126190064	0.191578674052	0.237688246495	0.114981824476	0.232949627835	0.123874848537	0.228081184006	0.223299290289	0.231240263112	0.23381512896	0.120932144712	0.107906352778	0.22987709884	0.229703998615	0.235135018176	0.182966937857	0.224229703999	0.233036177947	0.226241994115	0.230720962437	0.233750216375	0.11690756448	0.108706941319	0.230850787606	0.111303444694	0.121083607409	0.22953089839
HT25A.freeze11.snv.mod.fix.bam	0.124372511684	0.189414921239	0.251687727194	0.250173100225	0.245737406959	0.185844729098	0.249588886966	0.247771334603	0.185238878311	0.191513761468	0.193980439675	0.198459407997	0.249805262247	0.249221048987	0.236995845595	0.188960533149	0.234918642894	0.180565172235	0.241539726502	0.187229530898	0.182058161676	0.185693266401	0.0	0.0681798511338	0.104833823784	0.24768478449	0.246689458196	0.184157001904	0.18848450753	0.242232127402	0.246386532802	0.241042063355	0.248247360222	0.186926605505	0.105829150078	0.245629219318	0.191578674052	0.183810801454	0.245304656396	0.200298597888	0.249632162022	0.188289769777	0.247165483815	0.158040505453	0.243032715943	0.235351393457	0.244266055046	0.248074259997	0.183529513588	0.176432404362	0.244006404708	0.233360740869	0.24768478449	0.120131556171	0.233404015925	0.247446771681	0.237493508742	0.244763718193	0.245997057296	0.190756447983	0.185866366626	0.245283018868	0.18824649472	0.191448848884	0.241712826727
M2.2-V2.metaT.freeze11.snv.mod.fix.bam	0.0822658819456	0.123355547862	0.161351047256	0.160160983209	0.157023541631	0.120066643587	0.161827072875	0.160637008828	0.117664877964	0.121862558421	0.123117535053	0.128916392591	0.161978535572	0.160442271075	0.153583174658	0.120650856846	0.152414748139	0.115306387398	0.155119439155	0.118963129652	0.115652587848	0.119136229877	0.0681798511338	0.0	0.000129825168773	0.159858057815	0.158083780509	0.117967803358	0.121537995499	0.155920027696	0.159144019387	0.155097801627	0.159511857365	0.119049679765	0.0725506318158	0.158148693093	0.120542669205	0.116756101783	0.157694305003	0.128050891466	0.160225895794	0.119785355721	0.158689631297	0.100268305349	0.156136402977	0.150618833304	0.158083780509	0.159187294443	0.118184178639	0.114008135711	0.15795395534	0.15020772027	0.158386705903	0.0730050199065	0.150618833304	0.158105418037	0.151614159598	0.158494893543	0.158732906353	0.121386532802	0.118746754371	0.157867405228	0.119460792799	0.121840920893	0.155660377358
M2.2-V3.metaG.freeze11.snv.mod.fix.bam	0.123939761122	0.182534187294	0.24491518089	0.242080664705	0.238748485373	0.176129478968	0.242102302233	0.240263112342	0.175631815821	0.182079799204	0.184048814263	0.19194651203	0.242340315042	0.242145577289	0.23080751255	0.178293231781	0.227734983555	0.171563960533	0.234529167388	0.177947031331	0.171044659858	0.1794616583	0.104833823784	0.000129825168773	0.0	0.239678899083	0.238077722001	0.17576164099	0.179266920547	0.235524493682	0.239787086723	0.233901679072	0.240782413017	0.176302579193	0.109204604466	0.238661935261	0.179288558075	0.174549939415	0.237212220876	0.193158213606	0.242491777739	0.179245283019	0.239202873464	0.151289596676	0.23426951705	0.227367145577	0.236671282673	0.240306387398	0.17472303964	0.166003115804	0.236022156829	0.22583088108	0.239657261554	0.113380647395	0.226739657262	0.239311061104	0.228989960187	0.236887657954	0.237991171889	0.180002596503	0.175718365934	0.237709884023	0.17783884369	0.181863423922	0.234767180197
MH0196.freeze11.snv.mod.fix.bam	0.271810628354	0.243703479315	0.118270728752	0.111022156829	0.110243205816	0.234940280422	0.0403539899602	0.0457200969361	0.228102821534	0.239505798858	0.242232127402	0.135429288558	0.0405703652415	0.106911026484	0.0989484161329	0.239008135711	0.100030292539	0.22213086377	0.0923922451099	0.2332309157	0.228319196815	0.234550804916	0.24768478449	0.159858057815	0.239678899083	0.0	0.100268305349	0.230006924009	0.235502856154	0.10383849749	0.104206335468	0.103081184006	0.107278864463	0.232927990306	0.255041544054	0.101847844902	0.241106975939	0.225657780855	0.106110437944	0.0852518608274	0.109139691882	0.235178293232	0.0971308637701	0.222866539727	0.0988618660204	0.0982992902891	0.0209234897005	0.102496970746	0.234680630085	0.221676475679	0.0306387398304	0.117275402458	0.0393586636663	0.249264324044	0.106608101091	0.101436731868	0.0939717846633	0.101112168946	0.0437078068201	0.243552016618	0.234291154579	0.0903366799377	0.238272459754	0.24294616583	0.104033235243
MH0224.freeze11.snv.mod.fix.bam	0.270057988575	0.242188852346	0.114051410767	0.108274190756	0.1075385148	0.232798165138	0.103708672321	0.100160117708	0.224813917258	0.23796953436	0.241518088974	0.130885407651	0.103903410074	0.0994893543362	0.0947074606197	0.238402284923	0.100073567596	0.221308637701	0.0931062835382	0.231240263112	0.224749004674	0.233274190756	0.246689458196	0.158083780509	0.238077722001	0.100268305349	0.0	0.229249610524	0.234312792107	0.10279989614	0.106305175697	0.10013848018	0.101328544227	0.231175350528	0.251601177082	0.0999221048987	0.239916911892	0.225160117708	0.0862904621776	0.0833044832958	0.105136749178	0.232473602216	0.0972174138826	0.222433789164	0.0920027696036	0.0966764756794	0.100376492989	0.100225030293	0.232906352778	0.219512722867	0.0982127401766	0.115219837286	0.0996191795049	0.247619871906	0.101350181755	0.100679418383	0.0808594426173	0.0989267786048	0.101544919508	0.242924528302	0.232149039294	0.0925869828631	0.235849056604	0.239657261554	0.0989051410767
MH0275.freeze11.snv.mod.fix.bam	0.203198026657	0.10117708153	0.234096416825	0.2325385148	0.226804569846	0.111216894582	0.230764237494	0.232495239744	0.0971957763545	0.100160117708	0.101501644452	0.201337199238	0.231002250303	0.229163060412	0.221373550286	0.110437943569	0.21843084646	0.098623853211	0.222217413883	0.10083088108	0.101090531418	0.109594079972	0.184157001904	0.117967803358	0.17576164099	0.230006924009	0.229249610524	0.0	0.10245369569	0.224056603774	0.225008655011	0.222888177255	0.233295828285	0.101609832093	0.186255842133	0.229163060412	0.105093474122	0.104227972996	0.227756621084	0.187510818764	0.232408689631	0.0974554266921	0.229163060412	0.118162541111	0.22340747793	0.219555997923	0.226891119958	0.229227972996	0.103946685131	0.103687034793	0.22606889389	0.22686948243	0.230331486931	0.176280941665	0.220637874329	0.225917431193	0.222174138826	0.226393456811	0.22953089839	0.107711615025	0.101696382205	0.224878829842	0.0999870174831	0.104595810975	0.224186428942
MH0280.freeze11.snv.mod.fix.bam	0.209516184871	0.115349662455	0.241280076164	0.239354336161	0.233988229185	0.114202873464	0.236866020426	0.238575385148	0.104379435693	0.114895274364	0.113770122901	0.207374069586	0.237039120651	0.236346719751	0.226350181755	0.109291154579	0.225160117708	0.105677687381	0.229725636143	0.1047689112	0.104314523109	0.111606370088	0.18848450753	0.121537995499	0.179266920547	0.235502856154	0.234312792107	0.10245369569	0.0	0.231175350528	0.232257226934	0.230353124459	0.238661935261	0.104725636143	0.189306733599	0.235870694132	0.114051410767	0.104054872771	0.233555478622	0.192963475853	0.239202873464	0.107040851653	0.236130344469	0.125562575731	0.23091570019	0.22548468063	0.232257226934	0.235243205816	0.115198199758	0.105331486931	0.231002250303	0.232019214125	0.236368357279	0.180976285269	0.226782932318	0.233598753678	0.226090531418	0.232906352778	0.234767180197	0.109399342219	0.107971265363	0.232603427384	0.109053141769	0.11182274537	0.231132075472
MH0349.freeze11.snv.mod.fix.bam	0.26687727194	0.238294097282	0.11054613121	0.108317465813	0.11054613121	0.230526224684	0.105071836593	0.100181755236	0.22178466332	0.234204604466	0.236757832785	0.132226934395	0.105418037043	0.108598753678	0.100787606024	0.233533841094	0.0966764756794	0.218820321966	0.0927817206162	0.227929721309	0.221589925567	0.229011597715	0.242232127402	0.155920027696	0.235524493682	0.10383849749	0.10279989614	0.224056603774	0.231175350528	0.0	0.0973905141077	0.0995759044487	0.100441405574	0.228037908949	0.248766660897	0.0948805608447	0.235243205816	0.222412151636	0.105266574347	0.0840185217241	0.107408689631	0.228989960187	0.104033235243	0.21912324736	0.0983209278172	0.0943828976978	0.100787606024	0.105656049853	0.228535572096	0.21669984421	0.0993378916393	0.116106975939	0.10314609659	0.244547342912	0.108079453003	0.0953349489354	0.0932361087069	0.0943179851134	0.0991431538861	0.238445559979	0.228405746927	0.100333217933	0.232127401766	0.236346719751	0.0977150770296
MH0379.freeze11.snv.mod.fix.bam	0.272805954648	0.240847325602	0.0899255669032	0.114051410767	0.116280076164	0.230612774797	0.105526224684	0.107560152328	0.22271507703	0.235243205816	0.239484161329	0.134974900467	0.105720962437	0.112190583348	0.106196988056	0.234788817725	0.0983858404016	0.217673532976	0.0990349662455	0.228449021984	0.222953089839	0.232689977497	0.246386532802	0.159144019387	0.239787086723	0.104206335468	0.106305175697	0.225008655011	0.232257226934	0.0973905141077	0.0	0.101999307599	0.106153713	0.229660723559	0.253332179332	0.101696382205	0.235957244244	0.222931452311	0.107387052103	0.0818980439675	0.112688246495	0.229054872771	0.104552535918	0.221460100398	0.103643759737	0.0968279383763	0.10256188333	0.108533841094	0.230136749178	0.218885234551	0.100679418383	0.124112861347	0.106218625584	0.248571923144	0.108555478622	0.101804569846	0.100289942877	0.102734983555	0.105353124459	0.240111649645	0.229747273671	0.10580751255	0.233447290981	0.236108706941	0.104682361087
MH0381.freeze11.snv.mod.fix.bam	0.265990133287	0.23682274537	0.108944954128	0.0931495585944	0.102713346027	0.228513934568	0.102972996365	0.0995975419768	0.219685823092	0.234053141769	0.235654318851	0.130236281807	0.103254284231	0.104163060412	0.101155444002	0.233555478622	0.0979098147828	0.216916219491	0.0957460619699	0.225160117708	0.220832612082	0.229206335468	0.241042063355	0.155097801627	0.233901679072	0.103081184006	0.10013848018	0.222888177255	0.230353124459	0.0995759044487	0.101999307599	0.0	0.106975939069	0.226934395015	0.247316946512	0.097779989614	0.235070105591	0.219620910507	0.100571230743	0.0817465812706	0.101718019733	0.226934395015	0.0990349662455	0.219209797473	0.0945343603947	0.0911589060066	0.0975636143327	0.100679418383	0.22849229704	0.216872944435	0.0958326120824	0.111000519301	0.102388783105	0.243075990999	0.100917431193	0.10591570019	0.0943828976978	0.097109226242	0.0996191795049	0.236433269863	0.226804569846	0.101133806474	0.230288211875	0.235264843344	0.102972996365
MH0392.freeze11.snv.mod.fix.bam	0.273281980267	0.247446771681	0.119936818418	0.114527436386	0.11019993076	0.238250822226	0.109031504241	0.104357798165	0.229054872771	0.242967803358	0.245867232127	0.131859096417	0.109356067163	0.10812272806	0.0987104033235	0.242729790549	0.0972606889389	0.223256015233	0.0975419768046	0.234983555479	0.228860135018	0.23762333391	0.248247360222	0.159511857365	0.240782413017	0.107278864463	0.101328544227	0.233295828285	0.238661935261	0.100441405574	0.106153713	0.106975939069	0.0	0.235719231435	0.255171369223	0.0684827765276	0.244590617968	0.2297689112	0.104465985806	0.0862471871213	0.113294097282	0.236649645145	0.103622122209	0.227129132768	0.0987320408517	0.0975203392764	0.103816859962	0.104790548728	0.237212220876	0.225311580405	0.103557209624	0.116756101783	0.106759563787	0.250908776181	0.109745542669	0.10511511165	0.097109226242	0.097282326467	0.100571230743	0.246191795049	0.236411632335	0.102756621084	0.24052276268	0.244071317293	0.0879132767873
MH0397.freeze11.snv.mod.fix.bam	0.20490739138	0.103254284231	0.236887657954	0.234767180197	0.232408689631	0.109875367838	0.234918642894	0.234658992557	0.0897957417345	0.099121516358	0.0975203392764	0.203262939242	0.235178293232	0.232170676822	0.223364202873	0.0981045525359	0.221503375454	0.0896659165657	0.226891119958	0.093582309157	0.0973688765795	0.109983555479	0.186926605505	0.119049679765	0.176302579193	0.232927990306	0.231175350528	0.101609832093	0.104725636143	0.228037908949	0.229660723559	0.226934395015	0.235719231435	0.0	0.18709970573	0.231867751428	0.107213951878	0.0972390514108	0.230958975247	0.189847671802	0.236346719751	0.0945559979228	0.232105764237	0.118487104033	0.227821533668	0.222693439501	0.230244936818	0.231716288731	0.10591570019	0.0998139172581	0.228708672321	0.228903410074	0.232689977497	0.178509607062	0.224251341527	0.23022329929	0.223602215683	0.229595810975	0.232408689631	0.101393456811	0.102388783105	0.229206335468	0.102756621084	0.103102821534	0.227042582655
MH0422.freeze11.snv.mod.fix.bam	0.131231608101	0.190951185737	0.258741561364	0.256231608101	0.252488315735	0.186775142808	0.258049160464	0.254652068548	0.18616929202	0.191232473602	0.196295655184	0.20536177947	0.258222260689	0.254911718885	0.244287692574	0.187748831573	0.240955513242	0.181344123247	0.248247360222	0.189955859443	0.182014886619	0.189890946858	0.105829150078	0.0725506318158	0.109204604466	0.255041544054	0.251601177082	0.186255842133	0.189306733599	0.248766660897	0.253332179332	0.247316946512	0.255171369223	0.18709970573	0.0	0.251817552363	0.192357625065	0.18582309157	0.251254976631	0.205686342392	0.25612342046	0.191210836074	0.254543880907	0.160680283884	0.250086550113	0.242621602908	0.251817552363	0.253938030119	0.185303790895	0.17773065605	0.250952051238	0.239678899083	0.254457330795	0.120672494374	0.240652587848	0.254219317985	0.24422277999	0.251536264497	0.253310541804	0.190842998096	0.184178639432	0.251687727194	0.186710230223	0.193655876753	0.2486151982
MH0437.freeze11.snv.mod.fix.bam	0.271291327679	0.243357278864	0.115587675264	0.109788817725	0.108317465813	0.234247879522	0.103102821534	0.099121516358	0.226155444002	0.238185909642	0.241994114592	0.131296520685	0.103405746927	0.103578847153	0.0988618660204	0.239116323351	0.0951834862385	0.222628526917	0.0938419594945	0.232365414575	0.224705729617	0.234334429635	0.245629219318	0.158148693093	0.238661935261	0.101847844902	0.0999221048987	0.229163060412	0.235870694132	0.0948805608447	0.101696382205	0.097779989614	0.0684827765276	0.231867751428	0.251817552363	0.0	0.240025099533	0.225982343777	0.0991864289424	0.074433096763	0.107149039294	0.232581789856	0.0993162541111	0.223299290289	0.0966764756794	0.0933442963476	0.0981045525359	0.100419768046	0.233295828285	0.221135537476	0.0976718019733	0.113294097282	0.100679418383	0.247057296174	0.105764237494	0.103557209624	0.0903583174658	0.0946641855634	0.097282326467	0.242167214817	0.233166003116	0.0978665397265	0.237060758179	0.240674225376	0.0723991691189
MH0445.freeze11.snv.mod.fix.bam	0.209689285096	0.117275402458	0.246213432577	0.243854942011	0.239354336161	0.120347931452	0.241756101783	0.243443828977	0.100376492989	0.105656049853	0.10857711615	0.210792799031	0.242080664705	0.24052276268	0.232257226934	0.109832092782	0.229379435693	0.105958975247	0.234399342219	0.102864808724	0.102843171196	0.121429807859	0.191578674052	0.120542669205	0.179288558075	0.241106975939	0.239916911892	0.105093474122	0.114051410767	0.235243205816	0.235957244244	0.235070105591	0.244590617968	0.107213951878	0.192357625065	0.240025099533	0.0	0.103232646702	0.238921585598	0.196620218106	0.244071317293	0.101912757487	0.238943223126	0.1222303964	0.235784144019	0.230028561537	0.237991171889	0.240349662455	0.0787606023888	0.113359009867	0.236649645145	0.236260169638	0.241712826727	0.180889735157	0.232300501991	0.238640297732	0.233295828285	0.237298770988	0.240674225376	0.102929721309	0.0900121170158	0.237493508742	0.0936255842133	0.107560152328	0.23589233166
