	763860675-stool1.freeze11.snv.mod.fix.bam	764002286-stool2.freeze11.snv.mod.fix.bam	BYQ_AAAE.freeze11.snv.mod.fix.bam	BYQ_AAAG.freeze11.snv.mod.fix.bam	BYQ_AAAP.freeze11.snv.mod.fix.bam	BYQ_AAAR.freeze11.snv.mod.fix.bam	BYQ_AAAY.freeze11.snv.mod.fix.bam	BYQ_AABA.freeze11.snv.mod.fix.bam	CCIS41222843ST-4-0.freeze11.snv.mod.fix.bam	CCIS41806458ST-4-0.freeze11.snv.mod.fix.bam	CCMD46947453ST-21-0.freeze11.snv.mod.fix.bam	M1.1-V1.metaT.freeze11.snv.mod.fix.bam	M1.1-V2.metaT.freeze11.snv.mod.fix.bam	M2.3-V2.metaT.freeze11.snv.mod.fix.bam	M2.3-V3.metaT.freeze11.snv.mod.fix.bam	MH0205.freeze11.snv.mod.fix.bam	MH0222.freeze11.snv.mod.fix.bam	MH0270.freeze11.snv.mod.fix.bam	MH0316.freeze11.snv.mod.fix.bam	MH0367.freeze11.snv.mod.fix.bam	MH0369.freeze11.snv.mod.fix.bam	MH0391.freeze11.snv.mod.fix.bam	MH0409.freeze11.snv.mod.fix.bam	MH0417.freeze11.snv.mod.fix.bam	MMRS32573774ST-27-0-0.freeze11.snv.mod.fix.bam	MMRS43563715ST-27-0-0.freeze11.snv.mod.fix.bam	MMRS51737257ST-27-0-0.freeze11.snv.mod.fix.bam	MMRS85382779ST-27-0-0.freeze11.snv.mod.fix.bam	MMRS86178473ST-27-0-0.freeze11.snv.mod.fix.bam	MMRS94549160ST-27-0-0.freeze11.snv.mod.fix.bam	NG-5425_475.freeze11.snv.mod.fix.bam	NG-5636_299.freeze11.snv.mod.fix.bam	NG-5636_305.freeze11.snv.mod.fix.bam	NG-5636_432.freeze11.snv.mod.fix.bam	NG-5636_60.freeze11.snv.mod.fix.bam	O2.UC4-1.freeze11.snv.mod.fix.bam	SAMEA3136694.freeze11.snv.mod.fix.bam	SAMEA3136695.freeze11.snv.mod.fix.bam	SAMEA3136713.freeze11.snv.mod.fix.bam	SAMEA3136761.freeze11.snv.mod.fix.bam	SZEY-97A.freeze11.snv.mod.fix.bam
763860675-stool1.freeze11.snv.mod.fix.bam	0.0	0.135025818906	0.13459540056	0.137074419296	0.134642057178	0.136593393278	0.134945564507	0.137117662503	0.147393063205	0.133968977635	0.137450169864	0.131380834692	0.140778059662	0.166158271803	0.154160434894	0.150760497637	0.139520747235	0.134160395376	0.145311345634	0.133937953952	0.139789019102	0.13670207907	0.139861118413	0.133175222481	0.119963447162	0.136527169976	0.135112139545	0.136022507034	0.137099898115	0.137524909033	0.130139762513	0.152856234241	0.132708281519	0.134384242785	0.145482662059	0.141162599771	0.140041186985	0.140377858521	0.291553835514	0.134598066757	0.153002519971
764002286-stool2.freeze11.snv.mod.fix.bam	0.135025818906	0.0	0.138048698608	0.137318995637	0.138042774772	0.137134741687	0.138386563072	0.137170176658	0.154555702546	0.141035986891	0.144332543122	0.141478921245	0.148557322048	0.162470674482	0.153052517809	0.157542231999	0.146433694994	0.137059026474	0.14913170809	0.13932096173	0.143362332105	0.139222635157	0.147333925656	0.143076441754	0.10319712651	0.139983510599	0.146559933763	0.147036956892	0.141274280099	0.136683919718	0.139448194463	0.163595627346	0.142306138378	0.137589642263	0.150014013471	0.144239393133	0.145555151791	0.148994281463	0.291862185618	0.142515756628	0.162700228252
BYQ_AAAE.freeze11.snv.mod.fix.bam	0.13459540056	0.138048698608	0.0	0.0762219922283	0.00166318610922	0.075882266138	0.00130477362165	0.0759953072524	0.141253348452	0.122373161447	0.0776327181418	0.127524923053	0.135055308708	0.108996697189	0.0966167594857	0.155181941872	0.138979879145	0.0684637983957	0.102123687449	0.0901787338818	0.137542465617	0.140868663727	0.140645338813	0.0654759996033	0.130063063536	0.139891719629	0.150007211676	0.147383596699	0.144790065773	0.147430911407	0.125230030893	0.16501468648	0.126387338379	0.0667738232024	0.0953149220618	0.0659601088121	0.12954389578	0.141626388501	0.295384888072	0.080248904037	0.159091057518
BYQ_AAAG.freeze11.snv.mod.fix.bam	0.137074419296	0.137318995637	0.0762219922283	0.0	0.0766248039917	0.00169568743798	0.0767168601818	0.00132642580801	0.147923548634	0.132300286917	0.0906675604876	0.139813550849	0.146417477686	0.0739328338838	0.0597149253708	0.158784537345	0.143317147323	0.0614209837861	0.114709379292	0.102376532278	0.142396518109	0.140784488834	0.147211264054	0.0793999888617	0.131639063597	0.143623408881	0.150153658049	0.148650692953	0.142661766225	0.151241810928	0.131411327294	0.165406313967	0.134529257032	0.0778784608734	0.110337197553	0.0891893272721	0.140796364561	0.147780834874	0.298500264774	0.0907273605815	0.161252757273
BYQ_AAAP.freeze11.snv.mod.fix.bam	0.134642057178	0.138042774772	0.00166318610922	0.0766248039917	0.0	0.0760332147716	0.00170134353165	0.0764663636296	0.141380188607	0.122283278126	0.0781049516598	0.127353421982	0.134886094069	0.108806890668	0.096564018108	0.155022131128	0.139001514655	0.0686960788523	0.102652614426	0.0904056897368	0.137795138688	0.140872503797	0.140908394569	0.0656184560859	0.129862236007	0.139688279955	0.149983843592	0.147175442659	0.144899997854	0.1472232979	0.125601598563	0.164841621463	0.126354843644	0.0672672901759	0.0957884897282	0.0661509986905	0.129403717998	0.141770569472	0.294723644991	0.0808879465384	0.158926393857
BYQ_AAAR.freeze11.snv.mod.fix.bam	0.136593393278	0.137134741687	0.075882266138	0.00169568743798	0.0760332147716	0.0	0.0762388887141	0.00165914630184	0.147848652349	0.131853749767	0.0904340232739	0.139350333447	0.145890883512	0.0735954050356	0.0594166756998	0.158457446679	0.142974465985	0.0612291162064	0.114292526204	0.102027423549	0.14211027987	0.140425368486	0.147155153525	0.0792672890192	0.131069115839	0.14313049611	0.150068961754	0.148242862983	0.14237590739	0.150548159868	0.131140474516	0.164948819183	0.134296043268	0.0774068681335	0.110217699139	0.0890637446792	0.140472173687	0.147312531539	0.298481267832	0.0906756378985	0.160732470685
BYQ_AAAY.freeze11.snv.mod.fix.bam	0.134945564507	0.138386563072	0.00130477362165	0.0767168601818	0.00170134353165	0.0762388887141	0.0	0.0765218888578	0.141682295352	0.122727236913	0.078261269357	0.127698576431	0.135169964576	0.109200150258	0.0968160469479	0.15523350446	0.139229773679	0.0688548007679	0.102426444368	0.090578475178	0.137841542081	0.14105113878	0.140906831761	0.0656861078688	0.130426167474	0.139967726226	0.150039906569	0.147411348569	0.144958310278	0.147430226497	0.125518081045	0.165191553744	0.126568047854	0.0672326176453	0.0956752418541	0.0660763210124	0.129577594297	0.141951938658	0.294955990186	0.080779652692	0.159186645045
BYQ_AABA.freeze11.snv.mod.fix.bam	0.137117662503	0.137170176658	0.0759953072524	0.00132642580801	0.0764663636296	0.00165914630184	0.0765218888578	0.0	0.147732321083	0.132070111658	0.0904564653979	0.139730053997	0.146266937365	0.0738039436823	0.0595344840845	0.158597680925	0.143162671225	0.0613867604421	0.114488679891	0.102259583261	0.142294892224	0.140639820997	0.147198201433	0.0794994872765	0.131627240115	0.143551748687	0.149934390333	0.148485241605	0.142400045503	0.150999772364	0.13134585401	0.165231995087	0.134436133373	0.0776757634246	0.11036294194	0.0889724584154	0.140843046087	0.147548657758	0.298183793991	0.0906745618579	0.161119791373
CCIS41222843ST-4-0.freeze11.snv.mod.fix.bam	0.147393063205	0.154555702546	0.141253348452	0.147923548634	0.141380188607	0.147848652349	0.141682295352	0.147732321083	0.0	0.14921797627	0.143054901847	0.146387269674	0.151126394396	0.1749026057	0.162596659828	0.163917945623	0.145260402873	0.139752090831	0.142144196558	0.145886310842	0.150077579493	0.151393431138	0.154456996221	0.13139174144	0.147662950323	0.151964451317	0.155782210967	0.157553808337	0.149087296125	0.15230919127	0.146933863208	0.170224512444	0.149873467443	0.134946103163	0.143345459805	0.143092292931	0.155353621831	0.154126103349	0.298934616628	0.137905258089	0.169071353799
CCIS41806458ST-4-0.freeze11.snv.mod.fix.bam	0.133968977635	0.141035986891	0.122373161447	0.132300286917	0.122283278126	0.131853749767	0.122727236913	0.132070111658	0.14921797627	0.0	0.127328617303	0.134337706376	0.139076215969	0.157140605193	0.14833180214	0.150992291377	0.134289330676	0.129610111772	0.135285528865	0.125821358903	0.136340126539	0.134267123295	0.134946686917	0.126152929328	0.131165700193	0.146592806948	0.147967569576	0.146135532331	0.138673276955	0.14435224401	0.126657285998	0.159152115646	0.123144276777	0.120315936018	0.135958316524	0.127351735983	0.141857016472	0.147000757562	0.289803966021	0.126704352095	0.155871875032
CCMD46947453ST-21-0.freeze11.snv.mod.fix.bam	0.137450169864	0.144332543122	0.0776327181418	0.0906675604876	0.0781049516598	0.0904340232739	0.078261269357	0.0904564653979	0.143054901847	0.127328617303	0.0	0.131409879917	0.136933090871	0.123591358289	0.112938413256	0.147421768657	0.137314209121	0.0714235572725	0.0910496292181	0.0977050936107	0.141797586111	0.14200873528	0.142361331601	0.0747435016248	0.13301596003	0.145434324392	0.151929409503	0.151233446016	0.144008788529	0.148833900856	0.132177030318	0.164609106772	0.133107972677	0.0690444039925	0.0839268407722	0.0890980090954	0.132923019498	0.141715142846	0.298166181301	0.0787964951837	0.16403330351
M1.1-V1.metaT.freeze11.snv.mod.fix.bam	0.131380834692	0.141478921245	0.127524923053	0.139813550849	0.127353421982	0.139350333447	0.127698576431	0.139730053997	0.146387269674	0.134337706376	0.131409879917	0.0	0.00696807725021	0.16549301325	0.152844969776	0.15508163004	0.138339019498	0.129653731061	0.139451702235	0.13554101357	0.109563698297	0.14370149133	0.113016683244	0.12381464719	0.1337210117	0.145343615428	0.148289888624	0.146917334577	0.135119669938	0.148417791808	0.102514054056	0.159053679389	0.109382619722	0.121414590235	0.139326905815	0.134151843378	0.120029336157	0.154518533738	0.30850429305	0.129807473976	0.168185184623
M1.1-V2.metaT.freeze11.snv.mod.fix.bam	0.140778059662	0.148557322048	0.135055308708	0.146417477686	0.134886094069	0.145890883512	0.135169964576	0.146266937365	0.151126394396	0.139076215969	0.136933090871	0.00696807725021	0.0	0.16456832942	0.15410776417	0.159811146146	0.143233227251	0.137340533833	0.144584827755	0.142825773988	0.112049976437	0.147910554006	0.115131419426	0.132272720883	0.141570479783	0.15121877326	0.15461523014	0.153615015311	0.141225390075	0.152850341616	0.105506737025	0.169432046882	0.109820188454	0.127215536838	0.142727762838	0.141147798973	0.11944731726	0.1584987279	0.296852053211	0.13548816839	0.171308666979
M2.3-V2.metaT.freeze11.snv.mod.fix.bam	0.166158271803	0.162470674482	0.108996697189	0.0739328338838	0.108806890668	0.0735954050356	0.109200150258	0.0738039436823	0.1749026057	0.157140605193	0.123591358289	0.16549301325	0.16456832942	0.0	0.0277465740761	0.180604833667	0.174955389297	0.0932362199985	0.148695175185	0.135730472053	0.171299955812	0.169620649269	0.176123635492	0.115055866586	0.159007074812	0.17293665897	0.180548401158	0.179195950104	0.174045637927	0.176352897062	0.15898967631	0.188792319112	0.153035341699	0.115026712284	0.143933105296	0.125120935888	0.154541176145	0.175469687515	0.252422036084	0.124844900804	0.188510079574
M2.3-V3.metaT.freeze11.snv.mod.fix.bam	0.154160434894	0.153052517809	0.0966167594857	0.0597149253708	0.096564018108	0.0594166756998	0.0968160469479	0.0595344840845	0.162596659828	0.14833180214	0.112938413256	0.152844969776	0.15410776417	0.0277465740761	0.0	0.170369142791	0.164353548811	0.0793196747265	0.139165105163	0.126389768022	0.160637086317	0.159094405432	0.166584558814	0.103020915187	0.150013085292	0.162886837789	0.171014269895	0.170238561116	0.164386015136	0.166884155345	0.146105227794	0.178425807742	0.143993887479	0.103716030312	0.132929138977	0.114183636003	0.147784172994	0.166373396113	0.274691847729	0.113725998336	0.18016763939
MH0205.freeze11.snv.mod.fix.bam	0.150760497637	0.157542231999	0.155181941872	0.158784537345	0.155022131128	0.158457446679	0.15523350446	0.158597680925	0.163917945623	0.150992291377	0.147421768657	0.15508163004	0.159811146146	0.180604833667	0.170369142791	0.0	0.147555328208	0.152354535472	0.160107005443	0.150277593736	0.1578636527	0.154799669131	0.155462024407	0.149706099841	0.147395926597	0.155950763154	0.158450425436	0.156527857004	0.15636610063	0.163670476292	0.150012498215	0.170132400153	0.155766871325	0.147151346122	0.157894594213	0.153821343734	0.159136231166	0.151278391387	0.296038207388	0.146595139913	0.167082424314
MH0222.freeze11.snv.mod.fix.bam	0.139520747235	0.146433694994	0.138979879145	0.143317147323	0.139001514655	0.142974465985	0.139229773679	0.143162671225	0.145260402873	0.134289330676	0.137314209121	0.138339019498	0.143233227251	0.174955389297	0.164353548811	0.147555328208	0.0	0.140828602248	0.143197882683	0.138656369749	0.131756545765	0.139070765663	0.13134068203	0.143545135235	0.136315383487	0.145146725266	0.145362328119	0.146020709657	0.140569335673	0.14231262965	0.124799948688	0.158348127555	0.135634387201	0.129574294597	0.144495811313	0.138353320627	0.138312695671	0.14536811223	0.293976424251	0.133345329115	0.153403252248
MH0270.freeze11.snv.mod.fix.bam	0.134160395376	0.137059026474	0.0684637983957	0.0614209837861	0.0686960788523	0.0612291162064	0.0688548007679	0.0613867604421	0.139752090831	0.129610111772	0.0714235572725	0.129653731061	0.137340533833	0.0932362199985	0.0793196747265	0.152354535472	0.140828602248	0.0	0.0977758034462	0.0969891565351	0.134801076784	0.140000015988	0.13926558851	0.0653370123779	0.128621216263	0.143986585246	0.147327488429	0.146089951239	0.138937566927	0.144750705552	0.125434259139	0.164158748265	0.123690653679	0.065391817201	0.0927984329939	0.0784044721601	0.127041008401	0.142937121732	0.29714847035	0.0781416990792	0.160467130166
MH0316.freeze11.snv.mod.fix.bam	0.145311345634	0.14913170809	0.102123687449	0.114709379292	0.102652614426	0.114292526204	0.102426444368	0.114488679891	0.142144196558	0.135285528865	0.0910496292181	0.139451702235	0.144584827755	0.148695175185	0.139165105163	0.160107005443	0.143197882683	0.0977758034462	0.0	0.107767046711	0.132851831096	0.14778290774	0.140635392457	0.0973056996476	0.136604564289	0.151446544889	0.155038063064	0.150797275915	0.147218706271	0.149923430114	0.138915525419	0.167544802785	0.13556316318	0.0997704173826	0.0288881651838	0.11214292655	0.140458919352	0.15496633268	0.295194432556	0.106515744165	0.164059606614
MH0367.freeze11.snv.mod.fix.bam	0.133937953952	0.13932096173	0.0901787338818	0.102376532278	0.0904056897368	0.102027423549	0.090578475178	0.102259583261	0.145886310842	0.125821358903	0.0977050936107	0.13554101357	0.142825773988	0.135730472053	0.126389768022	0.150277593736	0.138656369749	0.0969891565351	0.107767046711	0.0	0.135914377691	0.142168789101	0.143724589942	0.0844591387752	0.134300672187	0.144001339995	0.150087479707	0.146351820823	0.143006269151	0.145906283551	0.133267940539	0.160400312876	0.128460506338	0.0931439264731	0.102468061655	0.0960941475057	0.133868237941	0.144514992778	0.291228411022	0.0885298966957	0.162286222342
MH0369.freeze11.snv.mod.fix.bam	0.139789019102	0.143362332105	0.137542465617	0.142396518109	0.137795138688	0.14211027987	0.137841542081	0.142294892224	0.150077579493	0.136340126539	0.141797586111	0.109563698297	0.112049976437	0.171299955812	0.160637086317	0.1578636527	0.131756545765	0.134801076784	0.132851831096	0.135914377691	0.0	0.137125019825	0.0551371172154	0.132613278471	0.137525254779	0.150189579117	0.149471862587	0.147874519816	0.140249728634	0.147411350924	0.0936142828101	0.164244730552	0.101406819707	0.121092256343	0.143765544268	0.137004210561	0.0883365254345	0.151998018399	0.293148217427	0.129663236328	0.162519063343
MH0391.freeze11.snv.mod.fix.bam	0.13670207907	0.139222635157	0.140868663727	0.140784488834	0.140872503797	0.140425368486	0.14105113878	0.140639820997	0.151393431138	0.134267123295	0.14200873528	0.14370149133	0.147910554006	0.169620649269	0.159094405432	0.154799669131	0.139070765663	0.140000015988	0.14778290774	0.142168789101	0.137125019825	0.0	0.138662375692	0.138697226596	0.131454214407	0.137270985011	0.150130143489	0.147179446035	0.137555558417	0.141373020355	0.132449949359	0.160330425894	0.138965045062	0.135039052612	0.1497989972	0.140368781346	0.140677932348	0.14992408343	0.292157355779	0.137657866183	0.161799944608
MH0409.freeze11.snv.mod.fix.bam	0.139861118413	0.147333925656	0.140645338813	0.147211264054	0.140908394569	0.147155153525	0.140906831761	0.147198201433	0.154456996221	0.134946686917	0.142361331601	0.113016683244	0.115131419426	0.176123635492	0.166584558814	0.155462024407	0.13134068203	0.13926558851	0.140635392457	0.143724589942	0.0551371172154	0.138662375692	0.0	0.145066320014	0.140787061445	0.1491486581	0.150016615624	0.148626777281	0.145223927387	0.145555827682	0.0905624314848	0.16541652465	0.107195260281	0.130628122247	0.148244992124	0.147563857097	0.0807285234055	0.152195191116	0.299403914035	0.139871393146	0.164404705261
MH0417.freeze11.snv.mod.fix.bam	0.133175222481	0.143076441754	0.0654759996033	0.0793999888617	0.0656184560859	0.0792672890192	0.0656861078688	0.0794994872765	0.13139174144	0.126152929328	0.0747435016248	0.12381464719	0.132272720883	0.115055866586	0.103020915187	0.149706099841	0.143545135235	0.0653370123779	0.0973056996476	0.0844591387752	0.132613278471	0.138697226596	0.145066320014	0.0	0.132337037362	0.143432514904	0.151549542077	0.148346285946	0.141578352539	0.148279417577	0.12448677059	0.161023006383	0.117656649078	0.0609655544653	0.0919474384386	0.0709853366194	0.1313726644	0.146034575092	0.29903358164	0.0667099567477	0.160231570439
MMRS32573774ST-27-0-0.freeze11.snv.mod.fix.bam	0.119963447162	0.10319712651	0.130063063536	0.131639063597	0.129862236007	0.131069115839	0.130426167474	0.131627240115	0.147662950323	0.131165700193	0.13301596003	0.1337210117	0.141570479783	0.159007074812	0.150013085292	0.147395926597	0.136315383487	0.128621216263	0.136604564289	0.134300672187	0.137525254779	0.131454214407	0.140787061445	0.132337037362	0.0	0.137017242813	0.135283920283	0.136442624903	0.125338775089	0.132616989441	0.132341498059	0.152225683814	0.133732777118	0.123824885167	0.135069376459	0.134123981069	0.132870589909	0.140684792257	0.286159548934	0.132798393736	0.149774633062
MMRS43563715ST-27-0-0.freeze11.snv.mod.fix.bam	0.136527169976	0.139983510599	0.139891719629	0.143623408881	0.139688279955	0.14313049611	0.139967726226	0.143551748687	0.151964451317	0.146592806948	0.145434324392	0.145343615428	0.15121877326	0.17293665897	0.162886837789	0.155950763154	0.145146725266	0.143986585246	0.151446544889	0.144001339995	0.150189579117	0.137270985011	0.1491486581	0.143432514904	0.137017242813	0.0	0.144798272188	0.145229500433	0.144012260594	0.14527826781	0.139680004639	0.162111122196	0.143679325462	0.138269311482	0.151199098312	0.14742569866	0.14887222605	0.143713321979	0.292749947263	0.142358854574	0.163156216299
MMRS51737257ST-27-0-0.freeze11.snv.mod.fix.bam	0.135112139545	0.146559933763	0.150007211676	0.150153658049	0.149983843592	0.150068961754	0.150039906569	0.149934390333	0.155782210967	0.147967569576	0.151929409503	0.148289888624	0.15461523014	0.180548401158	0.171014269895	0.158450425436	0.145362328119	0.147327488429	0.155038063064	0.150087479707	0.149471862587	0.150130143489	0.150016615624	0.151549542077	0.135283920283	0.144798272188	0.0	0.0394451843934	0.148776614165	0.1428393619	0.144777521942	0.167950845558	0.14880845718	0.14452581107	0.154594149321	0.151395160563	0.151649965608	0.154682379457	0.297843199461	0.145685015069	0.163230051352
MMRS85382779ST-27-0-0.freeze11.snv.mod.fix.bam	0.136022507034	0.147036956892	0.147383596699	0.148650692953	0.147175442659	0.148242862983	0.147411348569	0.148485241605	0.157553808337	0.146135532331	0.151233446016	0.146917334577	0.153615015311	0.179195950104	0.170238561116	0.156527857004	0.146020709657	0.146089951239	0.150797275915	0.146351820823	0.147874519816	0.147179446035	0.148626777281	0.148346285946	0.136442624903	0.145229500433	0.0394451843934	0.0	0.146427354943	0.143488755987	0.144306212957	0.166983263542	0.147949035	0.14289573495	0.150524386641	0.148393794995	0.153001744429	0.152463977585	0.298398871799	0.144881678861	0.163075723673
MMRS86178473ST-27-0-0.freeze11.snv.mod.fix.bam	0.137099898115	0.141274280099	0.144790065773	0.142661766225	0.144899997854	0.14237590739	0.144958310278	0.142400045503	0.149087296125	0.138673276955	0.144008788529	0.135119669938	0.141225390075	0.174045637927	0.164386015136	0.15636610063	0.140569335673	0.138937566927	0.147218706271	0.143006269151	0.140249728634	0.137555558417	0.145223927387	0.141578352539	0.125338775089	0.144012260594	0.148776614165	0.146427354943	0.0	0.141012915491	0.132751494514	0.16342876701	0.137073065664	0.133498825241	0.148753818136	0.147214190306	0.145294784898	0.146072867319	0.294740003044	0.141437355141	0.160045388054
MMRS94549160ST-27-0-0.freeze11.snv.mod.fix.bam	0.137524909033	0.136683919718	0.147430911407	0.151241810928	0.1472232979	0.150548159868	0.147430226497	0.150999772364	0.15230919127	0.14435224401	0.148833900856	0.148417791808	0.152850341616	0.176352897062	0.166884155345	0.163670476292	0.14231262965	0.144750705552	0.149923430114	0.145906283551	0.147411350924	0.141373020355	0.145555827682	0.148279417577	0.132616989441	0.14527826781	0.1428393619	0.143488755987	0.141012915491	0.0	0.141978630078	0.166103451148	0.146197118578	0.143021380204	0.15258142527	0.150732202211	0.145121978191	0.149972096764	0.294224888896	0.147802757614	0.16356130104
NG-5425_475.freeze11.snv.mod.fix.bam	0.130139762513	0.139448194463	0.125230030893	0.131411327294	0.125601598563	0.131140474516	0.125518081045	0.13134585401	0.146933863208	0.126657285998	0.132177030318	0.102514054056	0.105506737025	0.15898967631	0.146105227794	0.150012498215	0.124799948688	0.125434259139	0.138915525419	0.133267940539	0.0936142828101	0.132449949359	0.0905624314848	0.12448677059	0.132341498059	0.139680004639	0.144777521942	0.144306212957	0.132751494514	0.141978630078	0.0	0.157983385829	0.0639695322681	0.117529798942	0.137455062993	0.132846837887	0.103920794644	0.140815235621	0.292598102156	0.1273675888	0.156737150673
NG-5636_299.freeze11.snv.mod.fix.bam	0.152856234241	0.163595627346	0.16501468648	0.165406313967	0.164841621463	0.164948819183	0.165191553744	0.165231995087	0.170224512444	0.159152115646	0.164609106772	0.159053679389	0.169432046882	0.188792319112	0.178425807742	0.170132400153	0.158348127555	0.164158748265	0.167544802785	0.160400312876	0.164244730552	0.160330425894	0.16541652465	0.161023006383	0.152225683814	0.162111122196	0.167950845558	0.166983263542	0.16342876701	0.166103451148	0.157983385829	0.0	0.163662846926	0.157774403919	0.165972807752	0.16571541525	0.164421447956	0.162876245157	0.290890553605	0.162003499357	0.126448302334
NG-5636_305.freeze11.snv.mod.fix.bam	0.132708281519	0.142306138378	0.126387338379	0.134529257032	0.126354843644	0.134296043268	0.126568047854	0.134436133373	0.149873467443	0.123144276777	0.133107972677	0.109382619722	0.109820188454	0.153035341699	0.143993887479	0.155766871325	0.135634387201	0.123690653679	0.13556316318	0.128460506338	0.101406819707	0.138965045062	0.107195260281	0.117656649078	0.133732777118	0.143679325462	0.14880845718	0.147949035	0.137073065664	0.146197118578	0.0639695322681	0.163662846926	0.0	0.120476491105	0.13454618645	0.129144411386	0.109869286606	0.149207555484	0.281274813379	0.130969115198	0.161930998029
NG-5636_432.freeze11.snv.mod.fix.bam	0.134384242785	0.137589642263	0.0667738232024	0.0778784608734	0.0672672901759	0.0774068681335	0.0672326176453	0.0776757634246	0.134946103163	0.120315936018	0.0690444039925	0.121414590235	0.127215536838	0.115026712284	0.103716030312	0.147151346122	0.129574294597	0.065391817201	0.0997704173826	0.0931439264731	0.121092256343	0.135039052612	0.130628122247	0.0609655544653	0.123824885167	0.138269311482	0.14452581107	0.14289573495	0.133498825241	0.143021380204	0.117529798942	0.157774403919	0.120476491105	0.0	0.0913324648466	0.077415130447	0.12324085493	0.138354209585	0.293336645477	0.068069659983	0.15383069834
NG-5636_60.freeze11.snv.mod.fix.bam	0.145482662059	0.150014013471	0.0953149220618	0.110337197553	0.0957884897282	0.110217699139	0.0956752418541	0.11036294194	0.143345459805	0.135958316524	0.0839268407722	0.139326905815	0.142727762838	0.143933105296	0.132929138977	0.157894594213	0.144495811313	0.0927984329939	0.0288881651838	0.102468061655	0.143765544268	0.1497989972	0.148244992124	0.0919474384386	0.135069376459	0.151199098312	0.154594149321	0.150524386641	0.148753818136	0.15258142527	0.137455062993	0.165972807752	0.13454618645	0.0913324648466	0.0	0.106928029389	0.143393611558	0.155283547069	0.293661917268	0.0990544062041	0.162906748972
O2.UC4-1.freeze11.snv.mod.fix.bam	0.141162599771	0.144239393133	0.0659601088121	0.0891893272721	0.0661509986905	0.0890637446792	0.0660763210124	0.0889724584154	0.143092292931	0.127351735983	0.0890980090954	0.134151843378	0.141147798973	0.125120935888	0.114183636003	0.153821343734	0.138353320627	0.0784044721601	0.11214292655	0.0960941475057	0.137004210561	0.140368781346	0.147563857097	0.0709853366194	0.134123981069	0.14742569866	0.151395160563	0.148393794995	0.147214190306	0.150732202211	0.132846837887	0.16571541525	0.129144411386	0.077415130447	0.106928029389	0.0	0.136723025775	0.147374037878	0.293050184878	0.0810841504703	0.162722248209
SAMEA3136694.freeze11.snv.mod.fix.bam	0.140041186985	0.145555151791	0.12954389578	0.140796364561	0.129403717998	0.140472173687	0.129577594297	0.140843046087	0.155353621831	0.141857016472	0.132923019498	0.120029336157	0.11944731726	0.154541176145	0.147784172994	0.159136231166	0.138312695671	0.127041008401	0.140458919352	0.133868237941	0.0883365254345	0.140677932348	0.0807285234055	0.1313726644	0.132870589909	0.14887222605	0.151649965608	0.153001744429	0.145294784898	0.145121978191	0.103920794644	0.164421447956	0.109869286606	0.12324085493	0.143393611558	0.136723025775	0.0	0.149133627888	0.273109155845	0.132193314535	0.164651825194
SAMEA3136695.freeze11.snv.mod.fix.bam	0.140377858521	0.148994281463	0.141626388501	0.147780834874	0.141770569472	0.147312531539	0.141951938658	0.147548657758	0.154126103349	0.147000757562	0.141715142846	0.154518533738	0.1584987279	0.175469687515	0.166373396113	0.151278391387	0.14536811223	0.142937121732	0.15496633268	0.144514992778	0.151998018399	0.14992408343	0.152195191116	0.146034575092	0.140684792257	0.143713321979	0.154682379457	0.152463977585	0.146072867319	0.149972096764	0.140815235621	0.162876245157	0.149207555484	0.138354209585	0.155283547069	0.147374037878	0.149133627888	0.0	0.292193141904	0.144436993506	0.159105685181
SAMEA3136713.freeze11.snv.mod.fix.bam	0.291553835514	0.291862185618	0.295384888072	0.298500264774	0.294723644991	0.298481267832	0.294955990186	0.298183793991	0.298934616628	0.289803966021	0.298166181301	0.30850429305	0.296852053211	0.252422036084	0.274691847729	0.296038207388	0.293976424251	0.29714847035	0.295194432556	0.291228411022	0.293148217427	0.292157355779	0.299403914035	0.29903358164	0.286159548934	0.292749947263	0.297843199461	0.298398871799	0.294740003044	0.294224888896	0.292598102156	0.290890553605	0.281274813379	0.293336645477	0.293661917268	0.293050184878	0.273109155845	0.292193141904	0.0	0.293814234248	0.286847686999
SAMEA3136761.freeze11.snv.mod.fix.bam	0.134598066757	0.142515756628	0.080248904037	0.0907273605815	0.0808879465384	0.0906756378985	0.080779652692	0.0906745618579	0.137905258089	0.126704352095	0.0787964951837	0.129807473976	0.13548816839	0.124844900804	0.113725998336	0.146595139913	0.133345329115	0.0781416990792	0.106515744165	0.0885298966957	0.129663236328	0.137657866183	0.139871393146	0.0667099567477	0.132798393736	0.142358854574	0.145685015069	0.144881678861	0.141437355141	0.147802757614	0.1273675888	0.162003499357	0.130969115198	0.068069659983	0.0990544062041	0.0810841504703	0.132193314535	0.144436993506	0.293814234248	0.0	0.156616996646
SZEY-97A.freeze11.snv.mod.fix.bam	0.153002519971	0.162700228252	0.159091057518	0.161252757273	0.158926393857	0.160732470685	0.159186645045	0.161119791373	0.169071353799	0.155871875032	0.16403330351	0.168185184623	0.171308666979	0.188510079574	0.18016763939	0.167082424314	0.153403252248	0.160467130166	0.164059606614	0.162286222342	0.162519063343	0.161799944608	0.164404705261	0.160231570439	0.149774633062	0.163156216299	0.163230051352	0.163075723673	0.160045388054	0.16356130104	0.156737150673	0.126448302334	0.161930998029	0.15383069834	0.162906748972	0.162722248209	0.164651825194	0.159105685181	0.286847686999	0.156616996646	0.0
