	763860675-stool1.freeze11.snv.mod.fix.bam	764002286-stool2.freeze11.snv.mod.fix.bam	BYQ_AAAE.freeze11.snv.mod.fix.bam	BYQ_AAAG.freeze11.snv.mod.fix.bam	BYQ_AAAP.freeze11.snv.mod.fix.bam	BYQ_AAAR.freeze11.snv.mod.fix.bam	BYQ_AAAY.freeze11.snv.mod.fix.bam	BYQ_AABA.freeze11.snv.mod.fix.bam	CCIS41222843ST-4-0.freeze11.snv.mod.fix.bam	CCIS41806458ST-4-0.freeze11.snv.mod.fix.bam	CCMD46947453ST-21-0.freeze11.snv.mod.fix.bam	M1.1-V1.metaT.freeze11.snv.mod.fix.bam	M1.1-V2.metaT.freeze11.snv.mod.fix.bam	M2.3-V2.metaT.freeze11.snv.mod.fix.bam	M2.3-V3.metaT.freeze11.snv.mod.fix.bam	MH0205.freeze11.snv.mod.fix.bam	MH0222.freeze11.snv.mod.fix.bam	MH0270.freeze11.snv.mod.fix.bam	MH0316.freeze11.snv.mod.fix.bam	MH0367.freeze11.snv.mod.fix.bam	MH0369.freeze11.snv.mod.fix.bam	MH0391.freeze11.snv.mod.fix.bam	MH0409.freeze11.snv.mod.fix.bam	MH0417.freeze11.snv.mod.fix.bam	MMRS32573774ST-27-0-0.freeze11.snv.mod.fix.bam	MMRS43563715ST-27-0-0.freeze11.snv.mod.fix.bam	MMRS51737257ST-27-0-0.freeze11.snv.mod.fix.bam	MMRS85382779ST-27-0-0.freeze11.snv.mod.fix.bam	MMRS86178473ST-27-0-0.freeze11.snv.mod.fix.bam	MMRS94549160ST-27-0-0.freeze11.snv.mod.fix.bam	NG-5425_475.freeze11.snv.mod.fix.bam	NG-5636_299.freeze11.snv.mod.fix.bam	NG-5636_305.freeze11.snv.mod.fix.bam	NG-5636_432.freeze11.snv.mod.fix.bam	NG-5636_60.freeze11.snv.mod.fix.bam	O2.UC4-1.freeze11.snv.mod.fix.bam	SAMEA3136694.freeze11.snv.mod.fix.bam	SAMEA3136695.freeze11.snv.mod.fix.bam	SAMEA3136713.freeze11.snv.mod.fix.bam	SAMEA3136761.freeze11.snv.mod.fix.bam	SZEY-97A.freeze11.snv.mod.fix.bam
763860675-stool1.freeze11.snv.mod.fix.bam	0.0	0.126492199507	0.126323767817	0.129081836748	0.125692148978	0.127818599069	0.126976440617	0.129039728825	0.138956144599	0.1257342569	0.12960818578	0.0584668505379	0.0958165778891	0.102574899467	0.0914794618607	0.140872055077	0.129650293703	0.12539739352	0.136429669242	0.124744720719	0.129650293703	0.127144872308	0.131460934375	0.124765774681	0.111080699834	0.12798703076	0.127523843611	0.127292250037	0.128829189212	0.128892351096	0.11927069078	0.135819104364	0.116575783734	0.123607806809	0.137061288081	0.132492578479	0.119018043245	0.131018801187	0.140093058509	0.126471145546	0.135124323641
764002286-stool2.freeze11.snv.mod.fix.bam	0.126492199507	0.0	0.135208539487	0.135229593448	0.134513758764	0.134008463692	0.135882266248	0.134913784028	0.152114870413	0.138282417837	0.142345832368	0.0666357875234	0.106469882308	0.105227698591	0.0957113080826	0.153883403162	0.142324778407	0.134029517654	0.14657767859	0.135650672674	0.139061414405	0.135271701371	0.144893361686	0.140261490199	0.0994589131945	0.136977072236	0.144345958692	0.143945933427	0.138535065373	0.133797924079	0.133418952776	0.151567467419	0.130997747226	0.131882013601	0.147756700423	0.141503673916	0.129334484283	0.144893361686	0.146767164242	0.139756195128	0.150514769354
BYQ_AAAE.freeze11.snv.mod.fix.bam	0.126323767817	0.135208539487	0.0	0.0744468071668	2.10539613028e-05	0.0736678105986	0.0	0.0743415373603	0.139229846096	0.120091795271	0.0761521780323	0.0600458976356	0.0966166284186	0.0619197001916	0.0546771375034	0.151546413458	0.13510326968	0.0658146830326	0.0996694528075	0.0873528854454	0.13348211466	0.136956018275	0.13832452576	0.0631197759859	0.12605006632	0.13720866581	0.148072509843	0.144451228499	0.142324778407	0.144724929996	0.119797039813	0.153209676401	0.115270438133	0.0629513442954	0.093374318378	0.0639829883993	0.113712444997	0.138050824263	0.14916731583	0.0783628439691	0.146956649894
BYQ_AAAG.freeze11.snv.mod.fix.bam	0.129081836748	0.135229593448	0.0744468071668	0.0	0.0744046992442	0.0	0.0751205339285	0.0	0.146514516706	0.130387182348	0.0893530117692	0.0663620860265	0.10552245405	0.034065309388	0.0280228224941	0.155820367602	0.139903572857	0.0591195233383	0.112575531086	0.0996905067688	0.138829820831	0.137503421269	0.145546034486	0.0773311998653	0.128029138682	0.141482619955	0.148935722256	0.146219761248	0.140872055077	0.149019938101	0.126302713856	0.154114996737	0.123544644925	0.0740257279407	0.108975303703	0.0873318314841	0.125376339558	0.144703876034	0.151230604038	0.0890793102722	0.149693664863
BYQ_AAAP.freeze11.snv.mod.fix.bam	0.125692148978	0.134513758764	2.10539613028e-05	0.0744046992442	0.0	0.0735204328694	0.0	0.0742994294376	0.138535065373	0.119312798703	0.0759837463419	0.0596037644483	0.0960481714635	0.0616459986947	0.0545297597743	0.150577931238	0.134492704802	0.065562035497	0.0995010211171	0.0869318062193	0.132976819589	0.13638756132	0.137819230688	0.0626355348759	0.125144745984	0.136345453397	0.147251405352	0.143588016085	0.141777375413	0.143924879466	0.119460176432	0.15238857191	0.114849358907	0.0629302903341	0.0932690485715	0.0635198012506	0.11329136577	0.137482367307	0.148051455881	0.0783838979304	0.146219761248
BYQ_AAAR.freeze11.snv.mod.fix.bam	0.127818599069	0.134008463692	0.0736678105986	0.0	0.0735204328694	0.0	0.0743415373603	0.0	0.145567088448	0.129334484283	0.0886371770849	0.0655830894583	0.104596079752	0.0336021222393	0.0275806893067	0.154472914079	0.138724551024	0.0585089584605	0.111628102828	0.0987851864328	0.137671852959	0.13638756132	0.144577552266	0.0766364191423	0.126744847043	0.140324652083	0.147967240036	0.145103901299	0.139566709476	0.147714592501	0.12539739352	0.152935974904	0.122849864202	0.0731204076047	0.108091037329	0.0866159967998	0.124239425648	0.143314314588	0.150409499547	0.0884266374718	0.148325157378
BYQ_AAAY.freeze11.snv.mod.fix.bam	0.126976440617	0.135882266248	0.0	0.0751205339285	0.0	0.0743415373603	0.0	0.0750152641219	0.139987788702	0.120786575994	0.0768890666779	0.0603195991326	0.097058761606	0.0624460492242	0.055203486536	0.151925384761	0.135734888519	0.0663620860265	0.100174747879	0.0879002884393	0.134050571615	0.137545529191	0.138935090637	0.0633513695602	0.126660631198	0.137798176727	0.148493589069	0.144914415647	0.142893235362	0.145188117144	0.120428658652	0.153904457124	0.115817841127	0.0634566393667	0.0939427753332	0.0641514200897	0.114280901952	0.138640335179	0.149377855444	0.0789944628082	0.147461944965
BYQ_AABA.freeze11.snv.mod.fix.bam	0.129039728825	0.134913784028	0.0743415373603	0.0	0.0742994294376	0.0	0.0750152641219	0.0	0.146282923132	0.130239804619	0.0892266880013	0.0662989241426	0.105417184243	0.0338968776975	0.0278333368423	0.15563088195	0.139924626819	0.0590563614544	0.112428153357	0.0996905067688	0.138787712908	0.137292881656	0.145567088448	0.077310145904	0.128071246605	0.141419458071	0.148619912837	0.146177653325	0.140556245658	0.148809398488	0.126281659894	0.15400972693	0.123607806809	0.0737520264438	0.108912141819	0.0872686696002	0.125418447481	0.144451228499	0.151146388193	0.0891003642335	0.149525233173
CCIS41222843ST-4-0.freeze11.snv.mod.fix.bam	0.138956144599	0.152114870413	0.139229846096	0.146514516706	0.138535065373	0.145567088448	0.139987788702	0.146282923132	0.0	0.147272459313	0.141840537297	0.0694780722993	0.109185843316	0.115691517359	0.103543381687	0.16078910247	0.141777375413	0.137229719772	0.139987788702	0.142872181401	0.146177653325	0.147904078152	0.152620165484	0.129271322399	0.143777501737	0.149735772786	0.154472914079	0.154999263111	0.147209297429	0.150030528244	0.141461565994	0.15853632861	0.139061414405	0.130134534813	0.141819483336	0.141061540729	0.139714087206	0.150851632735	0.150999010464	0.136134913784	0.156894119629
CCIS41806458ST-4-0.freeze11.snv.mod.fix.bam	0.1257342569	0.138282417837	0.120091795271	0.130387182348	0.119312798703	0.129334484283	0.120786575994	0.130239804619	0.147272459313	0.0	0.125755310862	0.0633934774828	0.0998799924206	0.101016906331	0.0923216203129	0.147482998926	0.130576668	0.126681685159	0.132808387898	0.122597216666	0.13234520075	0.130660883845	0.13268206413	0.123670968693	0.127208034192	0.144198580963	0.146303977093	0.143419584395	0.136534939049	0.141987915026	0.121270817104	0.147883024191	0.112196559783	0.115628355475	0.134008463692	0.125060530139	0.12588163463	0.143482746279	0.146198707287	0.124513127145	0.144177527002
CCMD46947453ST-21-0.freeze11.snv.mod.fix.bam	0.12960818578	0.142345832368	0.0761521780323	0.0893530117692	0.0759837463419	0.0886371770849	0.0768890666779	0.0892266880013	0.141840537297	0.125755310862	0.0	0.0624039413016	0.0984904309746	0.0741099437859	0.0672252984399	0.144703876034	0.134176895383	0.0693938564541	0.0893109038466	0.0953323367792	0.138219255953	0.138745604986	0.140703623387	0.072930921953	0.129671347664	0.143482746279	0.150809524812	0.149104153947	0.142345832368	0.146935595932	0.127250142114	0.153546539781	0.122428784976	0.0656462513422	0.0826999599975	0.0874792092132	0.117502158031	0.138829820831	0.150999010464	0.0774575236331	0.152451733794
M1.1-V1.metaT.freeze11.snv.mod.fix.bam	0.0584668505379	0.0666357875234	0.0600458976356	0.0663620860265	0.0596037644483	0.0655830894583	0.0603195991326	0.0662989241426	0.0694780722993	0.0633934774828	0.0624039413016	0.0	8.42158452113e-05	0.0596669263322	0.0566141019433	0.072930921953	0.0644251215866	0.0607617323199	0.0657936290713	0.0633934774828	0.0504663452429	0.067162136556	0.0530770364444	0.0580878792345	0.0619618081142	0.0687201296924	0.0705307703644	0.0692675326863	0.0638356106701	0.0702149609449	0.0465503084405	0.0701307450997	0.0473293050087	0.0555824578394	0.0662147082974	0.0634355854054	0.049918942249	0.0720256016169	0.0700886371771	0.0610985957008	0.0740046739794
M1.1-V2.metaT.freeze11.snv.mod.fix.bam	0.0958165778891	0.106469882308	0.0966166284186	0.10552245405	0.0960481714635	0.104596079752	0.097058761606	0.105417184243	0.109185843316	0.0998799924206	0.0984904309746	8.42158452113e-05	0.0	0.0875423710971	0.0805314019833	0.11440722572	0.101606417247	0.0976693264838	0.103669705455	0.101459039518	0.0780049266269	0.105290860475	0.0814577762806	0.0943006926753	0.100006316188	0.108470008632	0.111859696402	0.110364865149	0.101374823673	0.110259595343	0.0723414110365	0.114786197023	0.0732256774112	0.0887635008527	0.102953870771	0.101353769712	0.0772890919426	0.113333473693	0.101143230099	0.0969324378382	0.115965218856
M2.3-V2.metaT.freeze11.snv.mod.fix.bam	0.102574899467	0.105227698591	0.0619197001916	0.034065309388	0.0616459986947	0.0336021222393	0.0624460492242	0.0338968776975	0.115691517359	0.101016906331	0.0741099437859	0.0596669263322	0.0875423710971	0.0	0.00200012632377	0.119144367013	0.114175632145	0.0486346506095	0.0940059372171	0.0830789313009	0.111143861718	0.109985893846	0.116702107502	0.0663831399878	0.10133271575	0.114238794029	0.120618144304	0.118512748174	0.114596711371	0.116344190159	0.0996694528075	0.119039097206	0.0964060888056	0.0656883592648	0.0904057098343	0.0754995052319	0.0971640314125	0.114365117797	0.0881739899362	0.0753942354254	0.118217992715
M2.3-V3.metaT.freeze11.snv.mod.fix.bam	0.0914794618607	0.0957113080826	0.0546771375034	0.0280228224941	0.0545297597743	0.0275806893067	0.055203486536	0.0278333368423	0.103543381687	0.0923216203129	0.0672252984399	0.0566141019433	0.0805314019833	0.00200012632377	0.0	0.10811209129	0.103185464345	0.0416657894183	0.0856896225025	0.0759416384193	0.100343179569	0.0994168052719	0.105985641198	0.0590774154157	0.0924900520033	0.103564435649	0.10956481462	0.107880497716	0.104322378255	0.105880371392	0.0885529612397	0.107522580373	0.0870160220646	0.0587616059962	0.0814367223193	0.0677727014338	0.0891635261174	0.104448702023	0.094763879824	0.0678990252016	0.1079436596
MH0205.freeze11.snv.mod.fix.bam	0.140872055077	0.153883403162	0.151546413458	0.155820367602	0.150577931238	0.154472914079	0.151925384761	0.15563088195	0.16078910247	0.147482998926	0.144703876034	0.072930921953	0.11440722572	0.119144367013	0.10811209129	0.0	0.143103774975	0.148662020759	0.157041497358	0.146325031055	0.152809651136	0.150177905973	0.152683327368	0.146493462745	0.142177400678	0.152262248142	0.155609827989	0.152493841716	0.152893866981	0.159778512327	0.143166936859	0.157146767164	0.143545908163	0.140745731309	0.154893993305	0.150430553509	0.142240562562	0.14689348801	0.148051455881	0.143230098743	0.153693917511
MH0222.freeze11.snv.mod.fix.bam	0.129650293703	0.142324778407	0.13510326968	0.139903572857	0.134492704802	0.138724551024	0.135734888519	0.139924626819	0.141777375413	0.130576668	0.134176895383	0.0644251215866	0.101606417247	0.114175632145	0.103185464345	0.143103774975	0.0	0.13704023412	0.139840410973	0.134197949344	0.127123818346	0.134408488957	0.128366002063	0.139882518896	0.130871423458	0.141019432806	0.14205107691	0.141735267491	0.136829694507	0.138261363876	0.118428532328	0.145819735983	0.123376213235	0.123102511738	0.141103648651	0.13461902857	0.12103922353	0.140345706045	0.147040865739	0.12960818578	0.140682569425
MH0270.freeze11.snv.mod.fix.bam	0.12539739352	0.134029517654	0.0658146830326	0.0591195233383	0.065562035497	0.0585089584605	0.0663620860265	0.0590563614544	0.137229719772	0.126681685159	0.0693938564541	0.0607617323199	0.0976693264838	0.0486346506095	0.0416657894183	0.148662020759	0.13704023412	0.0	0.0954376065857	0.0939217213719	0.130745099691	0.136050697939	0.137166557888	0.062993452218	0.124028886035	0.140787839232	0.144893361686	0.142598479904	0.135966482094	0.141545781839	0.119670716045	0.152009600606	0.112049182054	0.0609091100491	0.0906373034086	0.0757942606901	0.110638566646	0.138682443102	0.149904204476	0.0757100448449	0.147946186075
MH0316.freeze11.snv.mod.fix.bam	0.136429669242	0.14657767859	0.0996694528075	0.112575531086	0.0995010211171	0.111628102828	0.100174747879	0.112428153357	0.139987788702	0.132808387898	0.0893109038466	0.0657936290713	0.103669705455	0.0940059372171	0.0856896225025	0.157041497358	0.139840410973	0.0954376065857	0.0	0.104890835211	0.129250268438	0.144451228499	0.138935090637	0.0952060130113	0.13234520075	0.148662020759	0.153062298671	0.147777754384	0.144724929996	0.147272459313	0.133103143356	0.15563088195	0.124681558835	0.0950586352822	0.0271806640419	0.109775354233	0.124344695454	0.15110428027	0.148914668295	0.104111838642	0.151946438722
MH0367.freeze11.snv.mod.fix.bam	0.124744720719	0.135650672674	0.0873528854454	0.0996905067688	0.0869318062193	0.0987851864328	0.0879002884393	0.0996905067688	0.142872181401	0.122597216666	0.0953323367792	0.0633934774828	0.101459039518	0.0830789313009	0.0759416384193	0.146325031055	0.134197949344	0.0939217213719	0.104890835211	0.0	0.13137671853	0.137903446533	0.141019432806	0.0815419921258	0.129271322399	0.140345706045	0.147230351391	0.142430048214	0.139671979283	0.142240562562	0.126976440617	0.148051455881	0.116912647115	0.0880055582458	0.0998589384593	0.0932058866876	0.117207402573	0.139966734741	0.146072383519	0.0859001621155	0.149209423753
MH0369.freeze11.snv.mod.fix.bam	0.129650293703	0.139061414405	0.13348211466	0.138829820831	0.132976819589	0.137671852959	0.134050571615	0.138787712908	0.146177653325	0.13234520075	0.138219255953	0.0504663452429	0.0780049266269	0.111143861718	0.100343179569	0.152809651136	0.127123818346	0.130745099691	0.129250268438	0.13137671853	0.0	0.13219782302	0.052634903257	0.128892351096	0.131776743794	0.145672358254	0.145798682022	0.143356422511	0.136219129629	0.142956397246	0.0879213424006	0.150830578773	0.0893740657305	0.114723035139	0.139966734741	0.132976819589	0.071057119397	0.146493462745	0.146282923132	0.125607933133	0.148640966798
MH0391.freeze11.snv.mod.fix.bam	0.127144872308	0.135271701371	0.136956018275	0.137503421269	0.13638756132	0.13638756132	0.137545529191	0.137292881656	0.147904078152	0.130660883845	0.138745604986	0.067162136556	0.105290860475	0.109985893846	0.0994168052719	0.150177905973	0.134408488957	0.136050697939	0.144451228499	0.137903446533	0.13219782302	0.0	0.135524348906	0.135124323641	0.126197444049	0.133334736931	0.146788218203	0.142977451207	0.133903193886	0.137545529191	0.1257342569	0.147588268733	0.126681685159	0.128618649599	0.1464092469	0.136745478662	0.123776238499	0.144872307725	0.145209171106	0.13396635577	0.148472535107
MH0409.freeze11.snv.mod.fix.bam	0.131460934375	0.144893361686	0.13832452576	0.145546034486	0.137819230688	0.144577552266	0.138935090637	0.145567088448	0.152620165484	0.13268206413	0.140703623387	0.0530770364444	0.0814577762806	0.116702107502	0.105985641198	0.152683327368	0.128366002063	0.137166557888	0.138935090637	0.141019432806	0.052634903257	0.135524348906	0.0	0.143166936859	0.136661262817	0.146704002358	0.148367265301	0.145819735983	0.142998505169	0.143040613091	0.0864475651094	0.153988672969	0.0962166031539	0.125628987094	0.14657767859	0.145546034486	0.0638566646315	0.148619912837	0.151778007032	0.137713960882	0.15238857191
MH0417.freeze11.snv.mod.fix.bam	0.124765774681	0.140261490199	0.0631197759859	0.0773311998653	0.0626355348759	0.0766364191423	0.0633513695602	0.077310145904	0.129271322399	0.123670968693	0.072930921953	0.0580878792345	0.0943006926753	0.0663831399878	0.0590774154157	0.146493462745	0.139882518896	0.062993452218	0.0952060130113	0.0815419921258	0.128892351096	0.135124323641	0.143166936859	0.0	0.128008084721	0.140535191696	0.149567341095	0.145209171106	0.139019306483	0.145398656757	0.119018043245	0.14948312525	0.106427774386	0.0569720192854	0.0899846306082	0.0685095900794	0.115480977746	0.142198454639	0.151020064425	0.0645093374318	0.148135671727
MMRS32573774ST-27-0-0.freeze11.snv.mod.fix.bam	0.111080699834	0.0994589131945	0.12605006632	0.128029138682	0.125144745984	0.126744847043	0.126660631198	0.128071246605	0.143777501737	0.127208034192	0.129671347664	0.0619618081142	0.100006316188	0.10133271575	0.0924900520033	0.142177400678	0.130871423458	0.124028886035	0.13234520075	0.129271322399	0.131776743794	0.126197444049	0.136661262817	0.128008084721	0.0	0.132724172053	0.131839905678	0.131966229446	0.121670842369	0.12847127187	0.125123692023	0.13946143967	0.121481356717	0.117417942186	0.131271448723	0.1299239952	0.116281028275	0.135398025138	0.141945807104	0.128829189212	0.136661262817
MMRS43563715ST-27-0-0.freeze11.snv.mod.fix.bam	0.12798703076	0.136977072236	0.13720866581	0.141482619955	0.136345453397	0.140324652083	0.137798176727	0.141419458071	0.149735772786	0.144198580963	0.143482746279	0.0687201296924	0.108470008632	0.114238794029	0.103564435649	0.152262248142	0.141019432806	0.140787839232	0.148662020759	0.140345706045	0.145672358254	0.133334736931	0.146704002358	0.140535191696	0.132724172053	0.0	0.142914289324	0.142177400678	0.1415668358	0.142493210097	0.133797924079	0.150325283702	0.132661010169	0.132955765627	0.148914668295	0.144872307725	0.133229467124	0.140050950586	0.147167189507	0.139882518896	0.150641093122
MMRS51737257ST-27-0-0.freeze11.snv.mod.fix.bam	0.127523843611	0.144345958692	0.148072509843	0.148935722256	0.147251405352	0.147967240036	0.148493589069	0.148619912837	0.154472914079	0.146303977093	0.150809524812	0.0705307703644	0.111859696402	0.120618144304	0.10956481462	0.155609827989	0.14205107691	0.144893361686	0.153062298671	0.147230351391	0.145798682022	0.146788218203	0.148367265301	0.149567341095	0.131839905678	0.142914289324	0.0	0.0381287239194	0.147146135545	0.140893109038	0.139545655515	0.156683580016	0.138745604986	0.139819357012	0.153230730362	0.149567341095	0.13638756132	0.151651683264	0.150662147083	0.144030149273	0.15158852138
MMRS85382779ST-27-0-0.freeze11.snv.mod.fix.bam	0.127292250037	0.143945933427	0.144451228499	0.146219761248	0.143588016085	0.145103901299	0.144914415647	0.146177653325	0.154999263111	0.143419584395	0.149104153947	0.0692675326863	0.110364865149	0.118512748174	0.107880497716	0.152493841716	0.141735267491	0.142598479904	0.147777754384	0.142430048214	0.143356422511	0.142977451207	0.145819735983	0.145209171106	0.131966229446	0.142177400678	0.0381287239194	0.0	0.143693285892	0.14059835358	0.137966608417	0.154725561614	0.136745478662	0.137124449965	0.147904078152	0.145482872602	0.136724424701	0.148261995494	0.149777880708	0.142030022949	0.150388445586
MMRS86178473ST-27-0-0.freeze11.snv.mod.fix.bam	0.128829189212	0.138535065373	0.142324778407	0.140872055077	0.141777375413	0.139566709476	0.142893235362	0.140556245658	0.147209297429	0.136534939049	0.142345832368	0.0638356106701	0.101374823673	0.114596711371	0.104322378255	0.152893866981	0.136829694507	0.135966482094	0.144724929996	0.139671979283	0.136219129629	0.133903193886	0.142998505169	0.139019306483	0.121670842369	0.1415668358	0.147146135545	0.143693285892	0.0	0.138577173295	0.127144872308	0.151925384761	0.125965850475	0.128576541676	0.146767164242	0.144809145841	0.12960818578	0.142724803672	0.148683074721	0.139229846096	0.148114617765
MMRS94549160ST-27-0-0.freeze11.snv.mod.fix.bam	0.128892351096	0.133797924079	0.144724929996	0.149019938101	0.143924879466	0.147714592501	0.145188117144	0.148809398488	0.150030528244	0.141987915026	0.146935595932	0.0702149609449	0.110259595343	0.116344190159	0.105880371392	0.159778512327	0.138261363876	0.141545781839	0.147272459313	0.142240562562	0.142956397246	0.137545529191	0.143040613091	0.145398656757	0.12847127187	0.142493210097	0.140893109038	0.14059835358	0.138577173295	0.0	0.135924374171	0.154114996737	0.134766406299	0.137629745037	0.150346337663	0.147967240036	0.129481862012	0.146135545403	0.14786197023	0.145230225067	0.151356927806
NG-5425_475.freeze11.snv.mod.fix.bam	0.11927069078	0.133418952776	0.119797039813	0.126302713856	0.119460176432	0.12539739352	0.120428658652	0.126281659894	0.141461565994	0.121270817104	0.127250142114	0.0465503084405	0.0723414110365	0.0996694528075	0.0885529612397	0.143166936859	0.118428532328	0.119670716045	0.133103143356	0.126976440617	0.0879213424006	0.1257342569	0.0864475651094	0.119018043245	0.125123692023	0.133797924079	0.139545655515	0.137966608417	0.127144872308	0.135924374171	0.0	0.143398530434	0.0523612017601	0.110091163652	0.132239930943	0.127250142114	0.0863633492642	0.133924247847	0.144367012653	0.122197191402	0.14139840411
NG-5636_299.freeze11.snv.mod.fix.bam	0.135819104364	0.151567467419	0.153209676401	0.154114996737	0.15238857191	0.152935974904	0.153904457124	0.15400972693	0.15853632861	0.147883024191	0.153546539781	0.0701307450997	0.114786197023	0.119039097206	0.107522580373	0.157146767164	0.145819735983	0.152009600606	0.15563088195	0.148051455881	0.150830578773	0.147588268733	0.153988672969	0.14948312525	0.13946143967	0.150325283702	0.156683580016	0.154725561614	0.151925384761	0.154114996737	0.143398530434	0.0	0.144430174537	0.143714339853	0.154578183885	0.153862349201	0.140661515464	0.150156852012	0.135398025138	0.150493715393	0.111754426595
NG-5636_305.freeze11.snv.mod.fix.bam	0.116575783734	0.130997747226	0.115270438133	0.123544644925	0.114849358907	0.122849864202	0.115817841127	0.123607806809	0.139061414405	0.112196559783	0.122428784976	0.0473293050087	0.0732256774112	0.0964060888056	0.0870160220646	0.143545908163	0.123376213235	0.112049182054	0.124681558835	0.116912647115	0.0893740657305	0.126681685159	0.0962166031539	0.106427774386	0.121481356717	0.132661010169	0.138745604986	0.136745478662	0.125965850475	0.134766406299	0.0523612017601	0.144430174537	0.0	0.108048929406	0.124070993958	0.117902183296	0.0926374297324	0.136724424701	0.143251152704	0.119944417542	0.142114238794
NG-5636_432.freeze11.snv.mod.fix.bam	0.123607806809	0.131882013601	0.0629513442954	0.0740257279407	0.0629302903341	0.0731204076047	0.0634566393667	0.0737520264438	0.130134534813	0.115628355475	0.0656462513422	0.0555824578394	0.0887635008527	0.0656883592648	0.0587616059962	0.140745731309	0.123102511738	0.0609091100491	0.0950586352822	0.0880055582458	0.114723035139	0.128618649599	0.125628987094	0.0569720192854	0.117417942186	0.132955765627	0.139819357012	0.137124449965	0.128576541676	0.137629745037	0.110091163652	0.143714339853	0.108048929406	0.0	0.0873107775228	0.0732256774112	0.10665936796	0.132092553214	0.146261869171	0.0645514453544	0.139356169863
NG-5636_60.freeze11.snv.mod.fix.bam	0.137061288081	0.147756700423	0.093374318378	0.108975303703	0.0932690485715	0.108091037329	0.0939427753332	0.108912141819	0.141819483336	0.134008463692	0.0826999599975	0.0662147082974	0.102953870771	0.0904057098343	0.0814367223193	0.154893993305	0.141103648651	0.0906373034086	0.0271806640419	0.0998589384593	0.139966734741	0.1464092469	0.14657767859	0.0899846306082	0.131271448723	0.148914668295	0.153230730362	0.147904078152	0.146767164242	0.150346337663	0.132239930943	0.154578183885	0.124070993958	0.0873107775228	0.0	0.104932943133	0.128029138682	0.151988546645	0.148261995494	0.0973745710255	0.151146388193
O2.UC4-1.freeze11.snv.mod.fix.bam	0.132492578479	0.141503673916	0.0639829883993	0.0873318314841	0.0635198012506	0.0866159967998	0.0641514200897	0.0872686696002	0.141061540729	0.125060530139	0.0874792092132	0.0634355854054	0.101353769712	0.0754995052319	0.0677727014338	0.150430553509	0.13461902857	0.0757942606901	0.109775354233	0.0932058866876	0.132976819589	0.136745478662	0.145546034486	0.0685095900794	0.1299239952	0.144872307725	0.149567341095	0.145482872602	0.144809145841	0.147967240036	0.127250142114	0.153862349201	0.117902183296	0.0732256774112	0.104932943133	0.0	0.121291871066	0.143714339853	0.148072509843	0.0790997326147	0.15045160747
SAMEA3136694.freeze11.snv.mod.fix.bam	0.119018043245	0.129334484283	0.113712444997	0.125376339558	0.11329136577	0.124239425648	0.114280901952	0.125418447481	0.139714087206	0.12588163463	0.117502158031	0.049918942249	0.0772890919426	0.0971640314125	0.0891635261174	0.142240562562	0.12103922353	0.110638566646	0.124344695454	0.117207402573	0.071057119397	0.123776238499	0.0638566646315	0.115480977746	0.116281028275	0.133229467124	0.13638756132	0.136724424701	0.12960818578	0.129481862012	0.0863633492642	0.140661515464	0.0926374297324	0.10665936796	0.128029138682	0.121291871066	0.0	0.131966229446	0.141440512032	0.116596837695	0.140324652083
SAMEA3136695.freeze11.snv.mod.fix.bam	0.131018801187	0.144893361686	0.138050824263	0.144703876034	0.137482367307	0.143314314588	0.138640335179	0.144451228499	0.150851632735	0.143482746279	0.138829820831	0.0720256016169	0.113333473693	0.114365117797	0.104448702023	0.14689348801	0.140345706045	0.138682443102	0.15110428027	0.139966734741	0.146493462745	0.144872307725	0.148619912837	0.142198454639	0.135398025138	0.140050950586	0.151651683264	0.148261995494	0.142724803672	0.146135545403	0.133924247847	0.150156852012	0.136724424701	0.132092553214	0.151988546645	0.143714339853	0.131966229446	0.0	0.146156599364	0.141061540729	0.14609343748
SAMEA3136713.freeze11.snv.mod.fix.bam	0.140093058509	0.146767164242	0.14916731583	0.151230604038	0.148051455881	0.150409499547	0.149377855444	0.151146388193	0.150999010464	0.146198707287	0.150999010464	0.0700886371771	0.101143230099	0.0881739899362	0.094763879824	0.148051455881	0.147040865739	0.149904204476	0.148914668295	0.146072383519	0.146282923132	0.145209171106	0.151778007032	0.151020064425	0.141945807104	0.147167189507	0.150662147083	0.149777880708	0.148683074721	0.14786197023	0.144367012653	0.135398025138	0.143251152704	0.146261869171	0.148261995494	0.148072509843	0.141440512032	0.146156599364	0.0	0.148219887572	0.133461060699
SAMEA3136761.freeze11.snv.mod.fix.bam	0.126471145546	0.139756195128	0.0783628439691	0.0890793102722	0.0783838979304	0.0884266374718	0.0789944628082	0.0891003642335	0.136134913784	0.124513127145	0.0774575236331	0.0610985957008	0.0969324378382	0.0753942354254	0.0678990252016	0.143230098743	0.12960818578	0.0757100448449	0.104111838642	0.0859001621155	0.125607933133	0.13396635577	0.137713960882	0.0645093374318	0.128829189212	0.139882518896	0.144030149273	0.142030022949	0.139229846096	0.145230225067	0.122197191402	0.150493715393	0.119944417542	0.0645514453544	0.0973745710255	0.0790997326147	0.116596837695	0.141061540729	0.148219887572	0.0	0.144830199802
SZEY-97A.freeze11.snv.mod.fix.bam	0.135124323641	0.150514769354	0.146956649894	0.149693664863	0.146219761248	0.148325157378	0.147461944965	0.149525233173	0.156894119629	0.144177527002	0.152451733794	0.0740046739794	0.115965218856	0.118217992715	0.1079436596	0.153693917511	0.140682569425	0.147946186075	0.151946438722	0.149209423753	0.148640966798	0.148472535107	0.15238857191	0.148135671727	0.136661262817	0.150641093122	0.15158852138	0.150388445586	0.148114617765	0.151356927806	0.14139840411	0.111754426595	0.142114238794	0.139356169863	0.151146388193	0.15045160747	0.140324652083	0.14609343748	0.133461060699	0.144830199802	0.0
