	CCIS03473770ST-4-0.freeze11.snv.mod.fix.bam	CCIS06260551ST-3-0.freeze11.snv.mod.fix.bam	CCIS07539127ST-4-0.freeze11.snv.mod.fix.bam	CCIS12656533ST-4-0.freeze11.snv.mod.fix.bam	CCIS20795251ST-4-0.freeze11.snv.mod.fix.bam	CCIS21126322ST-4-0.freeze11.snv.mod.fix.bam	CCIS21278152ST-4-0.freeze11.snv.mod.fix.bam	CCIS33816588ST-4-0.freeze11.snv.mod.fix.bam	CCIS36797902ST-4-0.freeze11.snv.mod.fix.bam	CCIS38765456ST-20-0.freeze11.snv.mod.fix.bam	CCIS41222843ST-4-0.freeze11.snv.mod.fix.bam	CCIS41806458ST-4-0.freeze11.snv.mod.fix.bam	CCIS47284573ST-4-0.freeze11.snv.mod.fix.bam	CCIS53355328ST-4-0.freeze11.snv.mod.fix.bam	CCIS55230578ST-4-0.freeze11.snv.mod.fix.bam	CCIS62605362ST-3-0.freeze11.snv.mod.fix.bam	CCIS64773582ST-4-0.freeze11.snv.mod.fix.bam	CCIS74726977ST-3-0.freeze11.snv.mod.fix.bam	CCIS81887263ST-4-0.freeze11.snv.mod.fix.bam	CCIS87116798ST-4-0.freeze11.snv.mod.fix.bam	CCIS94417875ST-3-0.freeze11.snv.mod.fix.bam	CCIS95409808ST-4-0.freeze11.snv.mod.fix.bam	DLM022.freeze11.snv.mod.fix.bam	M3.4-V2.metaT.freeze11.snv.mod.fix.bam	M4.6-V3.metaT.freeze11.snv.mod.fix.bam	MH0131.freeze11.snv.mod.fix.bam	MH0229.freeze11.snv.mod.fix.bam	MH0262.freeze11.snv.mod.fix.bam	MH0354.freeze11.snv.mod.fix.bam	MMRS25641480ST-27-0-0.freeze11.snv.mod.fix.bam	MMRS38954404ST-27-0-0.freeze11.snv.mod.fix.bam	MMRS80093644ST-27-0-0.freeze11.snv.mod.fix.bam	MMRS84159866ST-27-0-0.freeze11.snv.mod.fix.bam	MMRS93621581ST-27-0-0.freeze11.snv.mod.fix.bam	NG-5636_131.freeze11.snv.mod.fix.bam	NG-5636_263.freeze11.snv.mod.fix.bam	NG-5636_332.freeze11.snv.mod.fix.bam	NG-5636_436.freeze11.snv.mod.fix.bam	NG-5636_458.freeze11.snv.mod.fix.bam	NG-5636_487.freeze11.snv.mod.fix.bam	NG-5636_54.freeze11.snv.mod.fix.bam	NG-5636_88.freeze11.snv.mod.fix.bam	O2.UC28-2.freeze11.snv.mod.fix.bam	O2.UC47-1.freeze11.snv.mod.fix.bam	SAMEA3136625.freeze11.snv.mod.fix.bam	SAMEA3136642.freeze11.snv.mod.fix.bam	SAMEA3136683.freeze11.snv.mod.fix.bam	SAMEA3136698.freeze11.snv.mod.fix.bam	SAMEA3136723.freeze11.snv.mod.fix.bam	SAMEA3136726.freeze11.snv.mod.fix.bam	SAMEA3136732.freeze11.snv.mod.fix.bam	SAMEA3136738.freeze11.snv.mod.fix.bam	SAMEA3136759.freeze11.snv.mod.fix.bam	SAMEA3178943.freeze11.snv.mod.fix.bam	T2D-110A.freeze11.snv.mod.fix.bam	T2D-59A.freeze11.snv.mod.fix.bam	V1.CD22-0.freeze11.snv.mod.fix.bam	V1.CD6-0-PT.freeze11.snv.mod.fix.bam	V1.FI04.freeze11.snv.mod.fix.bam	V1.FI17.freeze11.snv.mod.fix.bam	V1.UC10-2.freeze11.snv.mod.fix.bam	V1.UC17-2.freeze11.snv.mod.fix.bam	V1.UC22-1.freeze11.snv.mod.fix.bam	V1.UC26-4.freeze11.snv.mod.fix.bam	V1.UC43-0.freeze11.snv.mod.fix.bam	V1.UC50-1.freeze11.snv.mod.fix.bam	V1.UC52-1.freeze11.snv.mod.fix.bam
CCIS03473770ST-4-0.freeze11.snv.mod.fix.bam	0.0	0.124544989621	0.126049156163	0.13540507205	0.164465569628	0.125627989531	0.128786739268	0.163924069673	0.156944736921	0.129899822508	0.130140489155	0.138443488463	0.115429740381	0.126831322764	0.134291988809	0.158478986793	0.10011732499	0.105652657862	0.162480069793	0.162149153154	0.159892903342	0.166059986162	0.161186486568	0.0897987425168	0.064288077976	0.127944406005	0.13468307211	0.127613489366	0.161788153184	0.132396738967	0.126831322764	0.165789236184	0.121446406546	0.119430823381	0.130050239162	0.16419481965	0.126259739478	0.160133569989	0.145121987907	0.133630155531	0.123672573027	0.158749736771	0.162329653139	0.116693240276	0.159772570019	0.165698986192	0.139526488373	0.136187238651	0.138172738486	0.13979723835	0.121807406516	0.154507987124	0.157004903583	0.164375319635	0.154538070455	0.162329653139	0.130712072441	0.12195782317	0.122890406426	0.127162239403	0.119551156704	0.15035648747	0.15944165338	0.126289822809	0.119972323336	0.124153906321	0.163653319696
CCIS06260551ST-3-0.freeze11.snv.mod.fix.bam	0.124544989621	0.0	0.0999067416744	0.128816822599	0.163984236335	0.122529406456	0.131554405704	0.164585902951	0.173159652237	0.133479738877	0.112451490629	0.120543906621	0.120273156644	0.130110405824	0.128636322614	0.15944165338	0.115519990373	0.113865407178	0.168225985981	0.161517403207	0.158990403417	0.167955236004	0.163743569688	0.0743058271412	0.0632652447279	0.11612165699	0.115700490358	0.108330074306	0.160675069944	0.125357239554	0.108330074306	0.167654402695	0.105742907855	0.117986823501	0.115519990373	0.163171986402	0.109352907554	0.160494569959	0.129177822569	0.115339490388	0.128636322614	0.158178153485	0.163382569718	0.122890406426	0.160043319996	0.164736319605	0.133900905508	0.116061490328	0.12267982311	0.12340182305	0.131313739057	0.15035648747	0.15652357029	0.165909569508	0.155290153726	0.163051653079	0.132486988959	0.125116572907	0.13068198911	0.13215607232	0.122619656448	0.157967570169	0.16055473662	0.127733822689	0.122439156463	0.136728738606	0.163051653079
CCIS07539127ST-4-0.freeze11.snv.mod.fix.bam	0.126049156163	0.0999067416744	0.0	0.126410156132	0.161758069853	0.128185072651	0.136608405283	0.161607653199	0.176228151981	0.138142655155	0.118016906832	0.131584489035	0.125718239523	0.131464155711	0.128726572606	0.15763665353	0.11503865708	0.123792906351	0.162690653109	0.160644986613	0.158298486808	0.166029902831	0.161487319876	0.067236244397	0.0633254113895	0.111849824013	0.107126741073	0.0973195752234	0.158178153485	0.123251406396	0.107848741013	0.166751902771	0.102794741434	0.121807406516	0.10556240787	0.161457236545	0.103306158058	0.158388736801	0.126530489456	0.107577991035	0.131253572396	0.156613820282	0.161788153184	0.125988989501	0.156974820252	0.163924069673	0.13212598899	0.115279323727	0.116452573629	0.114346740471	0.129448572546	0.148190487651	0.155350320387	0.162449986463	0.154177070485	0.160133569989	0.135856322012	0.129057489245	0.139165488403	0.133991155501	0.128937155922	0.156944736921	0.159471736711	0.130772239102	0.12923798923	0.140278571643	0.161186486568
CCIS12656533ST-4-0.freeze11.snv.mod.fix.bam	0.13540507205	0.128816822599	0.126410156132	0.0	0.178634818447	0.136036821997	0.141572154869	0.179236485064	0.183147318071	0.145392737884	0.138293071809	0.143647904696	0.136127071989	0.139827321681	0.14015823832	0.172828735598	0.128907072591	0.130441322463	0.176769651936	0.175686652026	0.174513402124	0.181101651575	0.175776902019	0.0896784091935	0.0681688276526	0.131313739057	0.13504407208	0.124785656268	0.176378568635	0.136096988659	0.133359405553	0.180860984928	0.121356156554	0.126951656087	0.129418489215	0.177882735176	0.126590656117	0.174693902109	0.146746487771	0.131945489005	0.137631238531	0.173731235522	0.177822568515	0.127613489366	0.17291898559	0.177702235191	0.148581570952	0.142264071478	0.13543515538	0.137390571884	0.144550404621	0.164405402966	0.171384735718	0.177912818507	0.168376402635	0.176017568665	0.144640654613	0.138082488493	0.144279654643	0.143347071388	0.129869739178	0.166270569477	0.1740019855	0.136397821967	0.134231822147	0.14779940435	0.177401401883
CCIS20795251ST-4-0.freeze11.snv.mod.fix.bam	0.164465569628	0.163984236335	0.161758069853	0.178634818447	0.0	0.170512319124	0.17728106856	0.0621220781565	0.209379982552	0.180530068289	0.174453235462	0.183327818056	0.166781986102	0.176017568665	0.174573568786	0.0579404951716	0.163051653079	0.161186486568	0.172046568996	0.0590234950814	0.0577599951867	0.0659125778406	0.0785475767877	0.110195240817	0.0702445774796	0.161005986583	0.171053819079	0.158298486808	0.0587828284348	0.176438735297	0.167112902741	0.0657019945248	0.151680154027	0.163021569748	0.157305736891	0.0612195782317	0.155470653711	0.062723744773	0.17183598568	0.166962486086	0.165759152853	0.0577299118558	0.0636262446978	0.165759152853	0.0564363286303	0.0588429950964	0.161938569838	0.173009235583	0.175506152041	0.177311151891	0.179717818357	0.10556240787	0.05424024548	0.0646791612767	0.0768629102614	0.0571282452393	0.182936734755	0.173580818868	0.180891068259	0.181522818206	0.165578652868	0.177672151861	0.0565867452844	0.174092235492	0.169369152553	0.183237568064	0.0581510784874
CCIS21126322ST-4-0.freeze11.snv.mod.fix.bam	0.125627989531	0.122529406456	0.128185072651	0.136036821997	0.170512319124	0.0	0.117084323576	0.170121235823	0.167744652688	0.131554405704	0.124153906321	0.13468307211	0.11684365693	0.124093739659	0.123612406366	0.16455581962	0.12084473993	0.122950573087	0.171565235703	0.169068319244	0.166210402816	0.17475406877	0.169188652568	0.0896784091935	0.0674769110436	0.134743238771	0.136367738636	0.128185072651	0.166481152793	0.131674739027	0.1295989892	0.173249902229	0.120513823291	0.118407990133	0.13104298908	0.169940735838	0.127132156072	0.167895069342	0.146295237809	0.133991155501	0.121656989862	0.164465569628	0.170030985831	0.115279323727	0.165097319575	0.170933485756	0.149032820914	0.138353238471	0.133720405523	0.139767155019	0.13871423844	0.159261153395	0.162149153154	0.171775819019	0.160314069974	0.167473902711	0.12523690623	0.123431906381	0.127222406065	0.125688156193	0.116151740321	0.156944736921	0.167022652748	0.124003489666	0.115098823742	0.132065822328	0.168586985951
CCIS21278152ST-4-0.freeze11.snv.mod.fix.bam	0.128786739268	0.131554405704	0.136608405283	0.141572154869	0.17728106856	0.117084323576	0.0	0.176498901958	0.173430402214	0.133389488884	0.137932071839	0.141090821576	0.117986823501	0.100087241659	0.130020155832	0.172166902319	0.121656989862	0.120814656599	0.177852651846	0.173971902169	0.172949068921	0.179416985049	0.174964652086	0.0965975752835	0.0683794109684	0.139887488343	0.147408321049	0.139857405012	0.174272735477	0.136909238591	0.138232905147	0.180229234981	0.12848590596	0.122168406486	0.14051923829	0.176077735327	0.136728738606	0.174152402154	0.155139737072	0.14088023826	0.126500406125	0.171896152342	0.175897235342	0.113624740531	0.172768568936	0.177792485184	0.153154237237	0.140729821606	0.137480821877	0.146415571132	0.139255738395	0.165398152883	0.170482235793	0.178123401823	0.166270569477	0.174994735417	0.102554074787	0.117024156915	0.125086489576	0.128335489305	0.115098823742	0.161758069853	0.173189735568	0.110405824133	0.0969585752535	0.12448482296	0.175054902079
CCIS33816588ST-4-0.freeze11.snv.mod.fix.bam	0.163924069673	0.164585902951	0.161607653199	0.179236485064	0.0621220781565	0.170121235823	0.176498901958	0.0	0.206371649469	0.182816401432	0.175987485334	0.184290484642	0.165939652838	0.176047651996	0.173911735507	0.0585421617882	0.163653319696	0.162209319816	0.173159652237	0.0555338287055	0.0567070786077	0.0599259950062	0.0776450768629	0.110917240757	0.0714479107127	0.163563069703	0.171745735688	0.159742486688	0.057699828525	0.179236485064	0.167624319365	0.0649198279233	0.15363557053	0.163563069703	0.157065070245	0.0543605788033	0.155410487049	0.0604073282994	0.174272735477	0.167714569357	0.164946902921	0.0521344123221	0.0624830781264	0.165969736169	0.0555037453747	0.0618212448482	0.164014319665	0.175355735387	0.176228151981	0.177702235191	0.179176318402	0.105833157847	0.0501188291568	0.0579104118408	0.0765319936223	0.0560753286604	0.181733401522	0.173370235552	0.181312234891	0.180951234921	0.165007069583	0.176589151951	0.0589031617581	0.173941818838	0.169339069222	0.183357901387	0.0601967449836
CCIS36797902ST-4-0.freeze11.snv.mod.fix.bam	0.156944736921	0.173159652237	0.176228151981	0.183147318071	0.209379982552	0.167744652688	0.173430402214	0.206371649469	0.0	0.179898318342	0.181252068229	0.180620318282	0.158990403417	0.172768568936	0.173310068891	0.20387473301	0.156072320327	0.157817153515	0.200084233326	0.20567973286	0.204325982973	0.211034565747	0.206100899492	0.120814656599	0.0827893264342	0.182816401432	0.187689901026	0.179236485064	0.204807316266	0.177611985199	0.17872506844	0.211666315694	0.170331819139	0.171625402365	0.177431485214	0.207935982672	0.175024818748	0.201919316507	0.193646400529	0.183387984718	0.168135735989	0.203543816371	0.204807316266	0.162991486417	0.20276164977	0.209500315875	0.18928431756	0.185343401221	0.188802984266	0.192743900605	0.180138984988	0.201257483229	0.199993983334	0.208808399266	0.195210733732	0.205890316176	0.179747901688	0.171414819049	0.174302818808	0.175295568725	0.166120152823	0.185584067868	0.202942149755	0.169489485876	0.165939652838	0.176378568635	0.207183899401
CCIS38765456ST-20-0.freeze11.snv.mod.fix.bam	0.129899822508	0.133479738877	0.138142655155	0.145392737884	0.180530068289	0.131554405704	0.133389488884	0.182816401432	0.179898318342	0.0	0.134532655456	0.143166571403	0.126921572757	0.135705905358	0.136668571944	0.177160735237	0.129087572576	0.129328239223	0.176829818598	0.179567401703	0.177250985229	0.18528323456	0.181041484913	0.0945218254565	0.0702445774796	0.140007821666	0.145031737914	0.138533738456	0.178664901778	0.13979723835	0.137330405222	0.185042567913	0.128967239253	0.130591739117	0.13724015523	0.181402484883	0.134051322162	0.1780030685	0.153755903854	0.140759904937	0.124905989591	0.176649318613	0.180680484943	0.131494239042	0.177160735237	0.182906651424	0.150747570771	0.143768238019	0.143647904696	0.151950904004	0.142775488102	0.167112902741	0.172798652267	0.1823952348	0.171926235673	0.180169068319	0.137179988568	0.131554405704	0.137721488523	0.13176498902	0.128004572666	0.160945819921	0.177371318552	0.130621822448	0.124214072982	0.136187238651	0.180169068319
CCIS41222843ST-4-0.freeze11.snv.mod.fix.bam	0.130140489155	0.112451490629	0.118016906832	0.138293071809	0.174453235462	0.124153906321	0.137932071839	0.175987485334	0.181252068229	0.134532655456	0.0	0.125146656238	0.125808489516	0.136096988659	0.136307571974	0.170933485756	0.127914322674	0.12812490599	0.17583706868	0.173099485575	0.171354652387	0.179086068409	0.174212568816	0.0798110766824	0.0674769110436	0.127312656057	0.12887698926	0.11903974008	0.172407568966	0.134261905478	0.122078156493	0.179356818387	0.111940074005	0.125176739569	0.123070906411	0.175355735387	0.119310490057	0.172227068981	0.139376071719	0.124755572937	0.133810655516	0.170151319154	0.175385818718	0.129478655877	0.170602569116	0.176649318613	0.141872988177	0.129388405884	0.132787822268	0.132727655606	0.138563821786	0.159231070064	0.168737402605	0.175295568725	0.166390902801	0.174182485485	0.135645738696	0.131704822358	0.135886405343	0.136337655305	0.123853073012	0.162660569778	0.172046568996	0.133870822177	0.125838572847	0.141150988237	0.174693902109
CCIS41806458ST-4-0.freeze11.snv.mod.fix.bam	0.138443488463	0.120543906621	0.131584489035	0.143647904696	0.183327818056	0.13468307211	0.141090821576	0.184290484642	0.180620318282	0.143166571403	0.125146656238	0.0	0.13215607232	0.137811738516	0.138593905117	0.178033151831	0.128907072591	0.133058572245	0.181733401522	0.180018651665	0.178063235161	0.184982401251	0.181041484913	0.091663909028	0.0707259107728	0.13979723835	0.144129237989	0.132306488974	0.180289401643	0.142745404771	0.131825155681	0.185493817876	0.123973406336	0.132246322313	0.138082488493	0.183087151409	0.133539905538	0.178905568425	0.154808820433	0.140549321621	0.140188321651	0.177792485184	0.182184651485	0.136578321952	0.178634818447	0.182816401432	0.15363557053	0.144430071297	0.141872988177	0.149213320899	0.146896904425	0.17072290244	0.175686652026	0.184109984658	0.171053819079	0.18203423483	0.14232423814	0.133299238892	0.143617821365	0.14452032129	0.131283655726	0.167534069372	0.177912818507	0.139105321741	0.130381155802	0.143738154688	0.182184651485
CCIS47284573ST-4-0.freeze11.snv.mod.fix.bam	0.115429740381	0.120273156644	0.125718239523	0.136127071989	0.166781986102	0.11684365693	0.117986823501	0.165939652838	0.158990403417	0.126921572757	0.125808489516	0.13215607232	0.0	0.116723323606	0.123943323005	0.162209319816	0.110706657441	0.11175957402	0.165337986222	0.164315152974	0.161186486568	0.168797569267	0.166751902771	0.0885954092837	0.0652206612316	0.130080322493	0.133269155561	0.126109322824	0.16452573629	0.12812490599	0.123642489696	0.168316235974	0.12087482326	0.111909990674	0.130290905809	0.16636081947	0.127132156072	0.163502903041	0.1456033212	0.132607322283	0.115640323697	0.162209319816	0.165759152853	0.109052074246	0.162750819771	0.167473902711	0.14232423814	0.133118738907	0.133449655546	0.139917571674	0.128365572636	0.155049487079	0.160855569929	0.167022652748	0.157185403568	0.165608736199	0.12267982311	0.111699407358	0.117144490238	0.119581240035	0.107216991065	0.147528654373	0.163111819741	0.11612165699	0.11103757408	0.119310490057	0.166420986132
CCIS53355328ST-4-0.freeze11.snv.mod.fix.bam	0.126831322764	0.130110405824	0.131464155711	0.139827321681	0.176017568665	0.124093739659	0.100087241659	0.176047651996	0.172768568936	0.135705905358	0.136096988659	0.137811738516	0.116723323606	0.0	0.127583406035	0.172437652297	0.116903823591	0.120453656629	0.178153485154	0.174603652116	0.172768568936	0.181432568214	0.175776902019	0.0915435757047	0.0661833278181	0.138503655125	0.143347071388	0.134983905418	0.173099485575	0.135013988749	0.132186155651	0.180379651635	0.12448482296	0.121265906561	0.137992238501	0.175325652056	0.134713155441	0.173129568906	0.155711320357	0.137480821877	0.127824072681	0.169940735838	0.175566318703	0.113083240576	0.171324569056	0.17875515177	0.15107848741	0.141030654914	0.144760987937	0.145663487861	0.141903071508	0.167022652748	0.169730152522	0.177611985199	0.166812069432	0.174092235492	0.111789657351	0.118618573448	0.121897656509	0.13032098914	0.110766824103	0.16163773653	0.173129568906	0.117926656839	0.10375740802	0.121506573208	0.17547606871
CCIS55230578ST-4-0.freeze11.snv.mod.fix.bam	0.134291988809	0.128636322614	0.128726572606	0.14015823832	0.174573568786	0.123612406366	0.130020155832	0.173911735507	0.173310068891	0.136668571944	0.136307571974	0.138593905117	0.123943323005	0.127583406035	0.0	0.170873319094	0.125808489516	0.1336000722	0.175024818748	0.174242652146	0.172227068981	0.178845401763	0.175987485334	0.0890767425769	0.0691916609007	0.137631238531	0.140759904937	0.133930988839	0.172648235613	0.130621822448	0.134562738786	0.17872506844	0.12776390602	0.129929905839	0.132847988929	0.174573568786	0.131373905719	0.174182485485	0.150446737463	0.140579404952	0.130260822478	0.169188652568	0.176047651996	0.127793989351	0.170181402485	0.175626485364	0.151409404049	0.13507415541	0.146656237779	0.147498571042	0.1456033212	0.165247736229	0.167413736049	0.176619235282	0.166059986162	0.173129568906	0.134562738786	0.127071989411	0.134442405463	0.138804488433	0.121747239854	0.157546403538	0.170873319094	0.12815498932	0.122860323095	0.139827321681	0.173310068891
CCIS62605362ST-3-0.freeze11.snv.mod.fix.bam	0.158478986793	0.15944165338	0.15763665353	0.172828735598	0.0579404951716	0.16455581962	0.172166902319	0.0585421617882	0.20387473301	0.177160735237	0.170933485756	0.178033151831	0.162209319816	0.172437652297	0.170873319094	0.0	0.158839986763	0.155109653741	0.167985319335	0.0529466622544	0.0507505791041	0.0596552450287	0.0746367437803	0.107216991065	0.0688306609308	0.158087903493	0.168015402665	0.155049487079	0.0609488282543	0.173340152222	0.163563069703	0.0598959116753	0.147408321049	0.158388736801	0.153906320508	0.0589332450889	0.15216148732	0.056315995307	0.168586985951	0.164254986312	0.161908486508	0.0563761619687	0.0530369122469	0.160945819921	0.0584819951265	0.0557444120213	0.159471736711	0.169730152522	0.171234319064	0.173941818838	0.173761318853	0.103306158058	0.0463884961343	0.0633254113895	0.074155410487	0.0587828284348	0.177190818567	0.169128485906	0.17692006859	0.176498901958	0.160253903312	0.173610902199	0.0532174122319	0.16891790259	0.165187569568	0.179717818357	0.0583315784724
CCIS64773582ST-4-0.freeze11.snv.mod.fix.bam	0.10011732499	0.115519990373	0.11503865708	0.128907072591	0.163051653079	0.12084473993	0.121656989862	0.163653319696	0.156072320327	0.129087572576	0.127914322674	0.128907072591	0.110706657441	0.116903823591	0.125808489516	0.158839986763	0.0	0.0961162419903	0.161126319906	0.161517403207	0.158659486778	0.168015402665	0.161306819891	0.080743659938	0.0607382449385	0.122439156463	0.127643572696	0.117836406847	0.161156403237	0.127673656027	0.120904906591	0.166210402816	0.114948407088	0.112571823952	0.118949490088	0.163141903072	0.119220240065	0.15944165338	0.135886405343	0.124936072922	0.121927739839	0.158900153425	0.163683403026	0.113534490539	0.159411570049	0.164736319605	0.134803405433	0.129147739238	0.130230739147	0.134773322102	0.118588490118	0.150897987425	0.156102403658	0.164435486297	0.154538070455	0.162119069823	0.125026322914	0.120904906591	0.121626906531	0.11976174002	0.116813573599	0.148431154297	0.160043319996	0.121416323215	0.114045907163	0.123341656388	0.163322403056
CCIS74726977ST-3-0.freeze11.snv.mod.fix.bam	0.105652657862	0.113865407178	0.123792906351	0.130441322463	0.161186486568	0.122950573087	0.120814656599	0.162209319816	0.157817153515	0.129328239223	0.12812490599	0.133058572245	0.11175957402	0.120453656629	0.1336000722	0.155109653741	0.0961162419903	0.0	0.162630486447	0.158779820102	0.157486236876	0.163833819681	0.158960320087	0.085948076171	0.0610390782467	0.12776390602	0.131885322343	0.124755572937	0.15871965344	0.134261905478	0.125387322884	0.163954153004	0.114376823802	0.115580157035	0.12595890617	0.161036069914	0.12012273999	0.157034986914	0.142835654764	0.129298155892	0.123311573057	0.156132486989	0.160043319996	0.113654823862	0.158208236816	0.16127673656	0.136217321982	0.134201738817	0.134352155471	0.13904515508	0.120002406666	0.149303570891	0.154417737132	0.1619987365	0.151168737403	0.16088565326	0.121326073223	0.122017989832	0.122078156493	0.123281489727	0.116091573659	0.150055654162	0.157967570169	0.121416323215	0.113023073915	0.123732739689	0.160614903282
CCIS81887263ST-4-0.freeze11.snv.mod.fix.bam	0.162480069793	0.168225985981	0.162690653109	0.176769651936	0.172046568996	0.171565235703	0.177852651846	0.173159652237	0.200084233326	0.176829818598	0.17583706868	0.181733401522	0.165337986222	0.178153485154	0.175024818748	0.167985319335	0.161126319906	0.162630486447	0.0	0.16816581932	0.167203152733	0.175205318733	0.168105652658	0.113745073855	0.0549020787582	0.168015402665	0.171264402395	0.162961403087	0.172016485665	0.176589151951	0.170873319094	0.172407568966	0.156613820282	0.162780903102	0.161036069914	0.17180590235	0.159953070004	0.16744381938	0.17692006859	0.170482235793	0.172347402304	0.16744381938	0.170813152432	0.165488402876	0.167774736019	0.173971902169	0.163412653049	0.173159652237	0.175175235402	0.180108901658	0.177070485244	0.169850485846	0.166120152823	0.173701152192	0.15908065341	0.17183598568	0.182455401462	0.171384735718	0.180349568304	0.177672151861	0.168316235974	0.171264402395	0.167203152733	0.174513402124	0.170843235763	0.181221984898	0.172287235643
CCIS87116798ST-4-0.freeze11.snv.mod.fix.bam	0.162149153154	0.161517403207	0.160644986613	0.175686652026	0.0590234950814	0.169068319244	0.173971902169	0.0555338287055	0.20567973286	0.179567401703	0.173099485575	0.180018651665	0.164315152974	0.174603652116	0.174242652146	0.0529466622544	0.161517403207	0.158779820102	0.16816581932	0.0	0.0508107457658	0.0516229956981	0.0748774104269	0.10995457417	0.068620077615	0.160825486598	0.169940735838	0.157095153575	0.0584519117957	0.177100568575	0.165187569568	0.0567371619386	0.149935320839	0.162389819801	0.155290153726	0.0580307451641	0.154086820493	0.0559549953371	0.172227068981	0.165939652838	0.164706236274	0.0565566619536	0.0552630787281	0.162419903132	0.0555639120363	0.0577900785175	0.162540236455	0.17291898559	0.172768568936	0.176709485274	0.17764206853	0.102794741434	0.0504497457959	0.0614301615475	0.0703949941338	0.057699828525	0.180710568274	0.170903402425	0.178845401763	0.178514485124	0.163171986402	0.175415902049	0.0499984958335	0.170632652447	0.167323486056	0.181221984898	0.0635359947053
CCIS94417875ST-3-0.freeze11.snv.mod.fix.bam	0.159892903342	0.158990403417	0.158298486808	0.174513402124	0.0577599951867	0.166210402816	0.172949068921	0.0567070786077	0.204325982973	0.177250985229	0.171354652387	0.178063235161	0.161186486568	0.172768568936	0.172227068981	0.0507505791041	0.158659486778	0.157486236876	0.167203152733	0.0508107457658	0.0	0.0557744953521	0.0743659938028	0.107969074336	0.0671159110737	0.159020486748	0.167684486026	0.155951987004	0.0595048283746	0.174934568755	0.16308173641	0.0560753286604	0.148731987606	0.160043319996	0.154297403809	0.055624078698	0.152462320628	0.0535182455401	0.168978069252	0.165187569568	0.162540236455	0.0522246623146	0.0572485785626	0.160975903252	0.0538190788484	0.0526157456154	0.159953070004	0.170271652477	0.173610902199	0.17472398544	0.175205318733	0.101651574862	0.0484642459613	0.0582413284799	0.0697933275172	0.0552931620589	0.1780030685	0.169489485876	0.176859901928	0.175987485334	0.160043319996	0.174062152161	0.051983995668	0.168677235944	0.164886736259	0.179146235071	0.056135495322
CCIS95409808ST-4-0.freeze11.snv.mod.fix.bam	0.166059986162	0.167955236004	0.166029902831	0.181101651575	0.0659125778406	0.17475406877	0.179416985049	0.0599259950062	0.211034565747	0.18528323456	0.179086068409	0.184982401251	0.168797569267	0.181432568214	0.178845401763	0.0596552450287	0.168015402665	0.163833819681	0.175205318733	0.0516229956981	0.0557744953521	0.0	0.0721398273217	0.113233657231	0.0721699106525	0.167323486056	0.176318401973	0.16272073644	0.0645889112843	0.182816401432	0.171204235733	0.0603170783069	0.156072320327	0.167293402726	0.161336903222	0.0610390782467	0.159652236696	0.0573087452243	0.177190818567	0.173099485575	0.170301735808	0.061339911555	0.0595048283746	0.167503986041	0.0635359947053	0.0626334947805	0.168737402605	0.179086068409	0.179657651695	0.18275623477	0.183327818056	0.111278240727	0.0561655786529	0.0637164946903	0.0734334105472	0.0638368280136	0.185012484582	0.176498901958	0.183267651394	0.183628651364	0.16819590265	0.179206401733	0.0567371619386	0.175325652056	0.173550735537	0.1860052345	0.0646791612767
DLM022.freeze11.snv.mod.fix.bam	0.161186486568	0.163743569688	0.161487319876	0.175776902019	0.0785475767877	0.169188652568	0.174964652086	0.0776450768629	0.206100899492	0.181041484913	0.174212568816	0.181041484913	0.166751902771	0.175776902019	0.175987485334	0.0746367437803	0.161306819891	0.158960320087	0.168105652658	0.0748774104269	0.0743659938028	0.0721398273217	0.0	0.112992990584	0.0694624108781	0.164856652929	0.171354652387	0.160675069944	0.0777052435246	0.179717818357	0.166902319425	0.0728919105923	0.154207153816	0.162570319786	0.157696820192	0.0748473270961	0.156222736981	0.0682289943143	0.174393068801	0.167323486056	0.166330736139	0.0762913269757	0.0754489937126	0.164254986312	0.0737944105171	0.0774044102163	0.165909569508	0.173851568846	0.174934568755	0.178243735146	0.178845401763	0.118738906772	0.0714178273818	0.0802021599832	0.0621220781565	0.0772539935622	0.179898318342	0.174092235492	0.179326735056	0.178935651755	0.16380373635	0.173701152192	0.0678078276827	0.173911735507	0.167263319395	0.18019915165	0.0748473270961
M3.4-V2.metaT.freeze11.snv.mod.fix.bam	0.0897987425168	0.0743058271412	0.067236244397	0.0896784091935	0.110195240817	0.0896784091935	0.0965975752835	0.110917240757	0.120814656599	0.0945218254565	0.0798110766824	0.091663909028	0.0885954092837	0.0915435757047	0.0890767425769	0.107216991065	0.080743659938	0.085948076171	0.113745073855	0.10995457417	0.107969074336	0.113233657231	0.112992990584	0.0	0.0593544117205	0.0731626605698	0.0751180770735	0.0633554947204	0.108600824283	0.0836617430282	0.0731024939081	0.113353990554	0.0718991606751	0.0860984928251	0.0745765771186	0.111819740682	0.0707860774345	0.108991907584	0.086820492765	0.0757799103517	0.0919647423363	0.107457657712	0.111879907343	0.0879335760055	0.108179657652	0.113173490569	0.0910020757498	0.0789687434193	0.083872326344	0.0769531602539	0.0900093258326	0.10303540808	0.106434824464	0.11356457387	0.106555157787	0.109864324178	0.0973496585542	0.0904004091333	0.0930176589152	0.0938299088475	0.085948076171	0.108149574321	0.109172407569	0.087512409374	0.0874522427123	0.0987334917722	0.110736740772
M4.6-V3.metaT.freeze11.snv.mod.fix.bam	0.064288077976	0.0632652447279	0.0633254113895	0.0681688276526	0.0702445774796	0.0674769110436	0.0683794109684	0.0714479107127	0.0827893264342	0.0702445774796	0.0674769110436	0.0707259107728	0.0652206612316	0.0661833278181	0.0691916609007	0.0688306609308	0.0607382449385	0.0610390782467	0.0549020787582	0.068620077615	0.0671159110737	0.0721699106525	0.0694624108781	0.0593544117205	0.0	0.064288077976	0.0647694112692	0.0620017448332	0.0696429108631	0.0696429108631	0.0630847447429	0.0707559941037	0.0603772449686	0.0605878282843	0.0620619114948	0.070695827442	0.0621822448181	0.0687404109383	0.0703649108029	0.0654613278782	0.0664841611263	0.0689509942541	0.0695225775398	0.064107577991	0.069131494239	0.0707860774345	0.0618212448482	0.0661231611564	0.067236244397	0.0717186606901	0.0684997442917	0.0656418278632	0.067928161006	0.0701242441563	0.065852411179	0.0704250774646	0.0696128275323	0.0654011612166	0.0710869107428	0.0681989109834	0.0638669113444	0.0703949941338	0.0679582443368	0.0661231611564	0.0660930778256	0.0694022442165	0.0695225775398
MH0131.freeze11.snv.mod.fix.bam	0.127944406005	0.11612165699	0.111849824013	0.131313739057	0.161005986583	0.134743238771	0.139887488343	0.163563069703	0.182816401432	0.140007821666	0.127312656057	0.13979723835	0.130080322493	0.138503655125	0.137631238531	0.158087903493	0.122439156463	0.12776390602	0.168015402665	0.160825486598	0.159020486748	0.167323486056	0.164856652929	0.0731626605698	0.064288077976	0.0	0.114436990464	0.105291657892	0.159531903372	0.131133239072	0.117415240215	0.167383652718	0.106615324449	0.122619656448	0.108450407629	0.163502903041	0.104208657983	0.16055473662	0.119821906682	0.112511657291	0.135254655395	0.158448903463	0.163984236335	0.133088655576	0.158448903463	0.165608736199	0.134081405493	0.125116572907	0.123853073012	0.124635239614	0.135615655365	0.150506904124	0.155500737042	0.164676152944	0.15616257032	0.162269486478	0.142023404831	0.138353238471	0.140639571613	0.140940404922	0.130772239102	0.161036069914	0.160705153275	0.136668571944	0.131945489005	0.146836737764	0.163232153064
MH0229.freeze11.snv.mod.fix.bam	0.13468307211	0.115700490358	0.107126741073	0.13504407208	0.171053819079	0.136367738636	0.147408321049	0.171745735688	0.187689901026	0.145031737914	0.12887698926	0.144129237989	0.133269155561	0.143347071388	0.140759904937	0.168015402665	0.127643572696	0.131885322343	0.171264402395	0.169940735838	0.167684486026	0.176318401973	0.171354652387	0.0751180770735	0.0647694112692	0.114436990464	0.0	0.105772991186	0.166751902771	0.133840738847	0.116061490328	0.176438735297	0.110736740772	0.128215155982	0.116241990313	0.169669985861	0.109142324238	0.169158569237	0.128455822629	0.113113323907	0.138954905087	0.165458319545	0.171294485725	0.13504407208	0.167503986041	0.17255798562	0.138232905147	0.127974489335	0.129388405884	0.121566739869	0.139676905027	0.157426070214	0.16416473632	0.172377485635	0.164014319665	0.169489485876	0.149032820914	0.142053488162	0.148190487651	0.145182154568	0.135224572065	0.165969736169	0.169549652538	0.139105321741	0.13832315514	0.151589904034	0.170482235793
MH0262.freeze11.snv.mod.fix.bam	0.127613489366	0.108330074306	0.0973195752234	0.124785656268	0.158298486808	0.128185072651	0.139857405012	0.159742486688	0.179236485064	0.138533738456	0.11903974008	0.132306488974	0.126109322824	0.134983905418	0.133930988839	0.155049487079	0.117836406847	0.124755572937	0.162961403087	0.157095153575	0.155951987004	0.16272073644	0.160675069944	0.0633554947204	0.0620017448332	0.105291657892	0.105772991186	0.0	0.154989320418	0.126650822779	0.110917240757	0.163021569748	0.103276074727	0.121446406546	0.105020907915	0.158749736771	0.0949730754189	0.155530820372	0.118498240125	0.103486658043	0.132727655606	0.152131403989	0.160404319966	0.12668090611	0.154086820493	0.15980265335	0.127944406005	0.118919406757	0.120573989952	0.112962907253	0.129749405854	0.147498571042	0.152311903974	0.161005986583	0.154387653801	0.157365903553	0.142534821455	0.13143407238	0.138894738425	0.137059655245	0.125658072862	0.156282903643	0.157215486899	0.131524322373	0.129448572546	0.142233988147	0.159261153395
MH0354.freeze11.snv.mod.fix.bam	0.161788153184	0.160675069944	0.158178153485	0.176378568635	0.0587828284348	0.166481152793	0.174272735477	0.057699828525	0.204807316266	0.178664901778	0.172407568966	0.180289401643	0.16452573629	0.173099485575	0.172648235613	0.0609488282543	0.161156403237	0.15871965344	0.172016485665	0.0584519117957	0.0595048283746	0.0645889112843	0.0777052435246	0.108600824283	0.0696429108631	0.159531903372	0.166751902771	0.154989320418	0.0	0.174453235462	0.164585902951	0.0660930778256	0.148671820944	0.161607653199	0.155139737072	0.0535784122018	0.152041153997	0.060467494961	0.171023735748	0.164224902981	0.164345236305	0.0502993291417	0.0660028278331	0.162419903132	0.0522848289763	0.0632050780662	0.161577569869	0.170662735778	0.172076652327	0.174332902139	0.177070485244	0.106374657802	0.0533377455552	0.0632050780662	0.0771637435697	0.0518937456755	0.179687735026	0.171715652357	0.179597485034	0.177672151861	0.163051653079	0.177491651876	0.0574591618784	0.172016485665	0.167955236004	0.17983815168	0.0565265786228
MMRS25641480ST-27-0-0.freeze11.snv.mod.fix.bam	0.132396738967	0.125357239554	0.123251406396	0.136096988659	0.176438735297	0.131674739027	0.136909238591	0.179236485064	0.177611985199	0.13979723835	0.134261905478	0.142745404771	0.12812490599	0.135013988749	0.130621822448	0.173340152222	0.127673656027	0.134261905478	0.176589151951	0.177100568575	0.174934568755	0.182816401432	0.179717818357	0.0836617430282	0.0696429108631	0.131133239072	0.133840738847	0.126650822779	0.174453235462	0.0	0.123642489696	0.181432568214	0.120423573298	0.130080322493	0.130080322493	0.178273818477	0.12595890617	0.175626485364	0.142444571463	0.131313739057	0.132607322283	0.172738485605	0.178273818477	0.126741072772	0.174483318793	0.179326735056	0.149273487561	0.129448572546	0.136698655275	0.140579404952	0.139556571704	0.166390902801	0.171625402365	0.180319484973	0.170301735808	0.177070485244	0.144279654643	0.133720405523	0.138473571794	0.140459071628	0.129087572576	0.16272073644	0.17508498541	0.132396738967	0.130651905779	0.141993321501	0.177882735176
MMRS38954404ST-27-0-0.freeze11.snv.mod.fix.bam	0.126831322764	0.108330074306	0.107848741013	0.133359405553	0.167112902741	0.1295989892	0.138232905147	0.167624319365	0.17872506844	0.137330405222	0.122078156493	0.131825155681	0.123642489696	0.132186155651	0.134562738786	0.163563069703	0.120904906591	0.125387322884	0.170873319094	0.165187569568	0.16308173641	0.171204235733	0.166902319425	0.0731024939081	0.0630847447429	0.117415240215	0.116061490328	0.110917240757	0.164585902951	0.123642489696	0.0	0.171234319064	0.107848741013	0.122409073133	0.113143407238	0.165879486177	0.110104990825	0.165037152914	0.129538822538	0.111278240727	0.133569988869	0.161908486508	0.167293402726	0.129508739208	0.162750819771	0.168827652598	0.136367738636	0.119821906682	0.125206822899	0.12195782317	0.131373905719	0.154056737162	0.160434403297	0.168857735929	0.158779820102	0.165849402846	0.13651815529	0.130290905809	0.137571071869	0.134863572095	0.127312656057	0.162209319816	0.165067236244	0.133479738877	0.129779489185	0.140970488252	0.167173069402
MMRS80093644ST-27-0-0.freeze11.snv.mod.fix.bam	0.165789236184	0.167654402695	0.166751902771	0.180860984928	0.0657019945248	0.173249902229	0.180229234981	0.0649198279233	0.211666315694	0.185042567913	0.179356818387	0.185493817876	0.168316235974	0.180379651635	0.17872506844	0.0598959116753	0.166210402816	0.163954153004	0.172407568966	0.0567371619386	0.0560753286604	0.0603170783069	0.0728919105923	0.113353990554	0.0707559941037	0.167383652718	0.176438735297	0.163021569748	0.0660930778256	0.181432568214	0.171234319064	0.0	0.156704070275	0.166751902771	0.161066153244	0.0654312445474	0.159892903342	0.0523449956379	0.176348485304	0.171866069011	0.169068319244	0.064288077976	0.0622424114798	0.167564152703	0.0657922445173	0.0634758280437	0.169098402575	0.177672151861	0.179567401703	0.182696068109	0.182996901417	0.11067657411	0.059083661743	0.0676273276977	0.069311994224	0.0660629944948	0.185433651214	0.177702235191	0.183057068079	0.183448151379	0.167022652748	0.178153485154	0.0554736620439	0.17547606871	0.171234319064	0.185523901206	0.0666044944496
MMRS84159866ST-27-0-0.freeze11.snv.mod.fix.bam	0.121446406546	0.105742907855	0.102794741434	0.121356156554	0.151680154027	0.120513823291	0.12848590596	0.15363557053	0.170331819139	0.128967239253	0.111940074005	0.123973406336	0.12087482326	0.12448482296	0.12776390602	0.147408321049	0.114948407088	0.114376823802	0.156613820282	0.149935320839	0.148731987606	0.156072320327	0.154207153816	0.0718991606751	0.0603772449686	0.106615324449	0.110736740772	0.103276074727	0.148671820944	0.120423573298	0.107848741013	0.156704070275	0.0	0.11395565717	0.108299990975	0.151469570711	0.105411991216	0.150296320809	0.120363406636	0.108901657592	0.1255979062	0.148220570982	0.152642820613	0.120243073313	0.14816040432	0.153545320538	0.125688156193	0.112692157276	0.118107156824	0.114045907163	0.126199572817	0.140098071658	0.146235071147	0.153846153846	0.146445654463	0.150867904094	0.127974489335	0.12448482296	0.131494239042	0.13176498902	0.117324990223	0.149544237538	0.149905237508	0.122469239794	0.121506573208	0.131283655726	0.152853403929
MMRS93621581ST-27-0-0.freeze11.snv.mod.fix.bam	0.119430823381	0.117986823501	0.121807406516	0.126951656087	0.163021569748	0.118407990133	0.122168406486	0.163563069703	0.171625402365	0.130591739117	0.125176739569	0.132246322313	0.111909990674	0.121265906561	0.129929905839	0.158388736801	0.112571823952	0.115580157035	0.162780903102	0.162389819801	0.160043319996	0.167293402726	0.162570319786	0.0860984928251	0.0605878282843	0.122619656448	0.128215155982	0.121446406546	0.161607653199	0.130080322493	0.122409073133	0.166751902771	0.11395565717	0.0	0.123431906381	0.163924069673	0.118859240095	0.161246653229	0.139706988358	0.124063656328	0.124815739599	0.158328570139	0.162480069793	0.113865407178	0.160374236635	0.165337986222	0.136969405253	0.129629072531	0.128034655997	0.135314822057	0.130591739117	0.151319154057	0.158208236816	0.16491681959	0.154086820493	0.163502903041	0.125838572847	0.122950573087	0.125206822899	0.126349989471	0.112270990644	0.154177070485	0.160344153305	0.119942240005	0.117535573539	0.128425739298	0.16308173641
NG-5636_131.freeze11.snv.mod.fix.bam	0.130050239162	0.115519990373	0.10556240787	0.129418489215	0.157305736891	0.13104298908	0.14051923829	0.157065070245	0.177431485214	0.13724015523	0.123070906411	0.138082488493	0.130290905809	0.137992238501	0.132847988929	0.153906320508	0.118949490088	0.12595890617	0.161036069914	0.155290153726	0.154297403809	0.161336903222	0.157696820192	0.0745765771186	0.0620619114948	0.108450407629	0.116241990313	0.105020907915	0.155139737072	0.130080322493	0.113143407238	0.161066153244	0.108299990975	0.123431906381	0.0	0.158268403478	0.100418158298	0.1536054872	0.102403658133	0.112601907283	0.13179507235	0.152462320628	0.157185403568	0.130561655787	0.15216148732	0.158900153425	0.130651905779	0.122950573087	0.124785656268	0.120513823291	0.130050239162	0.146114737824	0.15143948738	0.158839986763	0.148852320929	0.15580157035	0.140759904937	0.133118738907	0.141421738215	0.138834571764	0.127944406005	0.156312986974	0.154507987124	0.13251707229	0.128666405944	0.143858488012	0.158087903493
