	147406386-tonguedorsum3.freeze11.snv.mod.fix.bam	158155345-tonguedorsum2.freeze11.snv.mod.fix.bam	158256496-tonguedorsum2.freeze11.snv.mod.fix.bam	158337416-tonguedorsum1.freeze11.snv.mod.fix.bam	158458797-tonguedorsum1.freeze11.snv.mod.fix.bam	158458797-tonguedorsum2.freeze11.snv.mod.fix.bam	158883629-tonguedorsum1.freeze11.snv.mod.fix.bam	158883629-tonguedorsum2.freeze11.snv.mod.fix.bam	158883629-tonguedorsum3.freeze11.snv.mod.fix.bam	159005010-tonguedorsum2.freeze11.snv.mod.fix.bam	159227541-tonguedorsum3.freeze11.snv.mod.fix.bam	159247771-tonguedorsum2.freeze11.snv.mod.fix.bam	159268001-tonguedorsum1.freeze11.snv.mod.fix.bam	159268001-tonguedorsum2.freeze11.snv.mod.fix.bam	159268001-tonguedorsum3.freeze11.snv.mod.fix.bam	159470302-tonguedorsum1.freeze11.snv.mod.fix.bam	159551223-tonguedorsum1.freeze11.snv.mod.fix.bam	159551223-tonguedorsum2.freeze11.snv.mod.fix.bam	159733294-tonguedorsum1.freeze11.snv.mod.fix.bam	159915365-tonguedorsum1.freeze11.snv.mod.fix.bam	160178356-tonguedorsum2.freeze11.snv.mod.fix.bam	160178356-tonguedorsum3.freeze11.snv.mod.fix.bam	160259276-tonguedorsum1.freeze11.snv.mod.fix.bam	160380657-tonguedorsum2.freeze11.snv.mod.fix.bam	160400887-tonguedorsum1.freeze11.snv.mod.fix.bam	160421117-tonguedorsum2.freeze11.snv.mod.fix.bam	160502038-tonguedorsum1.freeze11.snv.mod.fix.bam	160502038-tonguedorsum2.freeze11.snv.mod.fix.bam	160502038-tonguedorsum3.freeze11.snv.mod.fix.bam	160582958-tonguedorsum1.freeze11.snv.mod.fix.bam	160582958-tonguedorsum2.freeze11.snv.mod.fix.bam	160582958-tonguedorsum3.freeze11.snv.mod.fix.bam	160603188-tonguedorsum2.freeze11.snv.mod.fix.bam	160603188-tonguedorsum3.freeze11.snv.mod.fix.bam	160704339-tonguedorsum1.freeze11.snv.mod.fix.bam	246515023-tonguedorsum1.freeze11.snv.mod.fix.bam	338793263-tonguedorsum2.freeze11.snv.mod.fix.bam	370027359-tonguedorsum3.freeze11.snv.mod.fix.bam	508703490-tonguedorsum1.freeze11.snv.mod.fix.bam	508703490-tonguedorsum2.freeze11.snv.mod.fix.bam	550534656-tonguedorsum2.freeze11.snv.mod.fix.bam	550534656-tonguedorsum3.freeze11.snv.mod.fix.bam	604812005-tonguedorsum3.freeze11.snv.mod.fix.bam	638754422-tonguedorsum1.freeze11.snv.mod.fix.bam	638754422-tonguedorsum2.freeze11.snv.mod.fix.bam	638754422-tonguedorsum3.freeze11.snv.mod.fix.bam	663835652-tonguedorsum2.freeze11.snv.mod.fix.bam	663835652-tonguedorsum3.freeze11.snv.mod.fix.bam	675950834-tonguedorsum1.freeze11.snv.mod.fix.bam	675950834-tonguedorsum2.freeze11.snv.mod.fix.bam	675950834-tonguedorsum3.freeze11.snv.mod.fix.bam	682102541-tonguedorsum3.freeze11.snv.mod.fix.bam	686765762-tonguedorsum3.freeze11.snv.mod.fix.bam	706846339-tonguedorsum1.freeze11.snv.mod.fix.bam	737052003-tonguedorsum1.freeze11.snv.mod.fix.bam	737052003-tonguedorsum2.freeze11.snv.mod.fix.bam	763395383-tonguedorsum3.freeze11.snv.mod.fix.bam	763577454-tonguedorsum1.freeze11.snv.mod.fix.bam	763577454-tonguedorsum2.freeze11.snv.mod.fix.bam	763759525-tonguedorsum2.freeze11.snv.mod.fix.bam	763820215-tonguedorsum2.freeze11.snv.mod.fix.bam	763901136-tonguedorsum1.freeze11.snv.mod.fix.bam	763901136-tonguedorsum2.freeze11.snv.mod.fix.bam	763961826-tonguedorsum2.freeze11.snv.mod.fix.bam	764083206-tonguedorsum1.freeze11.snv.mod.fix.bam	764143897-tonguedorsum1.freeze11.snv.mod.fix.bam	764143897-tonguedorsum2.freeze11.snv.mod.fix.bam	764285508-tonguedorsum2.freeze11.snv.mod.fix.bam	764305738-tonguedorsum1.freeze11.snv.mod.fix.bam	764325968-tonguedorsum1.freeze11.snv.mod.fix.bam	764325968-tonguedorsum2.freeze11.snv.mod.fix.bam	764366428-throat2.freeze11.snv.mod.fix.bam	764366428-tonguedorsum2.freeze11.snv.mod.fix.bam	764366428-tonguedorsum3.freeze11.snv.mod.fix.bam	764447348-tonguedorsum1.freeze11.snv.mod.fix.bam	764467579-palatinetonsils3.freeze11.snv.mod.fix.bam	764467579-tonguedorsum3.freeze11.snv.mod.fix.bam	764487809-tonguedorsum2.freeze11.snv.mod.fix.bam	764508039-tonguedorsum3.freeze11.snv.mod.fix.bam	764588959-tonguedorsum2.freeze11.snv.mod.fix.bam	764649650-tonguedorsum2.freeze11.snv.mod.fix.bam	764811490-tonguedorsum1.freeze11.snv.mod.fix.bam	764811490-tonguedorsum2.freeze11.snv.mod.fix.bam	764872181-tonguedorsum1.freeze11.snv.mod.fix.bam	764892411-tonguedorsum2.freeze11.snv.mod.fix.bam	765013792-tonguedorsum2.freeze11.snv.mod.fix.bam	765013792-tonguedorsum3.freeze11.snv.mod.fix.bam	765034022-tonguedorsum1.freeze11.snv.mod.fix.bam	765074482-tonguedorsum1.freeze11.snv.mod.fix.bam	765074482-tonguedorsum3.freeze11.snv.mod.fix.bam	765094712-tonguedorsum1.freeze11.snv.mod.fix.bam	765094712-tonguedorsum2.freeze11.snv.mod.fix.bam	765135172-tonguedorsum1.freeze11.snv.mod.fix.bam	765155402-tonguedorsum3.freeze11.snv.mod.fix.bam	765195863-palatinetonsils3.freeze11.snv.mod.fix.bam	765195863-tonguedorsum3.freeze11.snv.mod.fix.bam	765216093-tonguedorsum3.freeze11.snv.mod.fix.bam	765337473-tonguedorsum1.freeze11.snv.mod.fix.bam	765620695-tonguedorsum1.freeze11.snv.mod.fix.bam	765640925-tonguedorsum1.freeze11.snv.mod.fix.bam	823052294-tonguedorsum1.freeze11.snv.mod.fix.bam	823052294-tonguedorsum3.freeze11.snv.mod.fix.bam	857980665-tonguedorsum2.freeze11.snv.mod.fix.bam	857980665-tonguedorsum3.freeze11.snv.mod.fix.bam	861967750-tonguedorsum1.freeze11.snv.mod.fix.bam	861967750-tonguedorsum2.freeze11.snv.mod.fix.bam	863126187-tonguedorsum3.freeze11.snv.mod.fix.bam	953045535-tonguedorsum2.freeze11.snv.mod.fix.bam
147406386-tonguedorsum3.freeze11.snv.mod.fix.bam	0.0	0.139963250123	0.0991350333886	0.132770134003	0.131582485547	0.128467709407	0.161744274638	0.14507237933	0.159189710035	0.143145251647	0.0906646349662	0.144422533949	0.140501053198	0.137924080133	0.137139783982	0.142114462421	0.123717115583	0.110966701026	0.133106260924	0.139066911666	0.100233047999	0.136041769372	0.132994218617	0.124568637117	0.13256845785	0.122148523282	0.12304486174	0.116770492538	0.122014072514	0.148904226236	0.157352216197	0.156590328508	0.106798727199	0.126249271725	0.160086048492	0.0738806973513	0.119168197912	0.126226863264	0.144086407027	0.149554071617	0.13709496706	0.134473177072	0.105118092592	0.106440191816	0.123156904047	0.101577555685	0.135257473222	0.140702729351	0.0930399318783	0.093488101107	0.102048133375	0.0957737641734	0.13241159862	0.115605252543	0.156433469278	0.136086586295	0.131873795545	0.143884730874	0.150584860843	0.128960695559	0.111123560256	0.120871240981	0.131268767086	0.142024828575	0.1083673195	0.180074396092	0.145542957021	0.123179312508	0.131985837852	0.120311029445	0.0998969210774	0.10056917492	0.0959978487877	0.0964684264778	0.130036301708	0.118540760991	0.140590687043	0.141330166271	0.130529287859	0.135840093219	0.126719849415	0.122081297898	0.125845919419	0.141397391655	0.130641330166	0.112512884865	0.129207188634	0.147828620087	0.131537668624	0.150540043921	0.155111370053	0.159637879263	0.125778694035	0.137991305517	0.133442387846	0.128579751714	0.126249271725	0.114664097163	0.138932460897	0.190225429122	0.0991126249272	0.124994397885	0.172119392283	0.15818132927	0.11024963026	0.125464975575	0.129207188634	0.0991126249272
158155345-tonguedorsum2.freeze11.snv.mod.fix.bam	0.139963250123	0.0	0.097095863398	0.135929727065	0.127235244028	0.129095146327	0.169721686909	0.151750100838	0.168041052301	0.150472818536	0.0882669295926	0.147201183167	0.148321606239	0.143167660108	0.146327253171	0.146147985479	0.121050508672	0.108434544884	0.132949401694	0.145498140098	0.0932640164926	0.135010980146	0.141442208578	0.123582664814	0.135862501681	0.121991664052	0.129655357863	0.116703267154	0.125061623269	0.160108456953	0.170774884596	0.16974409537	0.10415452875	0.13039483709	0.175010083808	0.111706180254	0.121162550979	0.123291354816	0.154304665442	0.159772330032	0.145879083942	0.143010800878	0.10321337337	0.105050867207	0.124075650966	0.0985524133913	0.140814771658	0.15208622776	0.0885134226684	0.0914041141935	0.0989333572357	0.0879083942097	0.141374983194	0.117039394075	0.164859050778	0.14755971855	0.135683233989	0.155559539282	0.165307220006	0.131806570161	0.110518531798	0.125733877112	0.137386277058	0.151369156994	0.109174024112	0.203491238292	0.165172769238	0.121117734056	0.136086586295	0.121745170977	0.0998072872317	0.0984179626227	0.0923004526509	0.0938914534128	0.140187334738	0.121655537131	0.149890198539	0.150764128535	0.130462062475	0.140747546273	0.132053063237	0.120916057903	0.128266033254	0.15006946623	0.129162371712	0.115896562542	0.131179133241	0.16911665845	0.135279881683	0.156030116972	0.165195177699	0.169699278448	0.131896204007	0.136153811679	0.155738806974	0.147851028548	0.124344552503	0.114103885627	0.132590866311	0.202617308296	0.09884372339	0.123873974813	0.187469188366	0.172298659974	0.115224308699	0.130820597858	0.128467709407	0.0948102003316
158256496-tonguedorsum2.freeze11.snv.mod.fix.bam	0.0991350333886	0.097095863398	0.0	0.0967821449379	0.0814323488549	0.0889615918971	0.131268767086	0.113454040246	0.128736610944	0.111616546408	0.0387890467441	0.109084390266	0.10899475642	0.0992246672343	0.10478196567	0.100367498768	0.0820373773137	0.0711468650562	0.0930175234168	0.106865952584	0.0477076143952	0.0898131134316	0.102115358759	0.0958858064805	0.0942275803343	0.0836956034599	0.0843006319186	0.070205709676	0.0773091919509	0.121789987899	0.131851387084	0.130843006319	0.0625868327881	0.0871689149823	0.136758840138	0.0637968897056	0.0771971496437	0.0761215434948	0.119100972527	0.124098059427	0.105723121051	0.102384260297	0.0521220812979	0.0625196074038	0.0802222919374	0.0588894366513	0.0919867341908	0.109442925649	0.0399542867387	0.0440550351813	0.0493210236185	0.0417021467306	0.100905301842	0.0724017388966	0.122775960203	0.108479361807	0.0934432841841	0.121902030207	0.132949401694	0.0952583695603	0.0628109174024	0.0847039842244	0.0958633980191	0.114350378703	0.0599650428002	0.169161475373	0.132546049388	0.0755389234975	0.0950566934074	0.0732084435083	0.0590687043428	0.0537803074441	0.0487159951598	0.0507775736118	0.0988213149285	0.0750011204231	0.107829516425	0.112176757944	0.0934656926455	0.101577555685	0.0935553264913	0.076748980415	0.0829113073096	0.10773988258	0.0820373773137	0.0718191188993	0.0819029265451	0.13225473939	0.089678662663	0.117622014073	0.131268767086	0.134898937839	0.0889167749742	0.087617084211	0.109084390266	0.101420696455	0.0750011204231	0.0678528212253	0.0987764980056	0.170618025366	0.053309729754	0.0769282481065	0.145408506252	0.128871061713	0.0750235288845	0.0920091426523	0.0834267019226	0.048110966701
158337416-tonguedorsum1.freeze11.snv.mod.fix.bam	0.132770134003	0.135929727065	0.0967821449379	0.0	0.120490297136	0.124277327119	0.15771075158	0.140926813965	0.155492313898	0.136736431677	0.0872361403666	0.139335813203	0.136960516291	0.13256845785	0.134181867073	0.137139783982	0.126630215569	0.113095504863	0.128960695559	0.136870882445	0.0957961726348	0.134181867073	0.133218303231	0.128131582486	0.12819880787	0.117061802537	0.120893649442	0.11320754717	0.118787254067	0.149509254695	0.158562273114	0.157486666965	0.100972527226	0.121543494824	0.174696365348	0.115717294851	0.115918971003	0.12040066329	0.146977098552	0.151638058531	0.133285528616	0.131694527854	0.0977008918568	0.103795993367	0.119100972527	0.0980370187783	0.13288217631	0.138775601667	0.0864742526778	0.0892977188186	0.0959306234034	0.0920315511137	0.130932640165	0.117778873303	0.158203737731	0.137050150137	0.129901850939	0.156657553892	0.166248375387	0.124725496347	0.107224487967	0.118697620221	0.128109174024	0.144176040873	0.106059247972	0.197149643705	0.159301752342	0.117016985614	0.135481557836	0.116008604849	0.0966925110922	0.100860484919	0.0937794111056	0.0910903957334	0.127817864025	0.114798547932	0.137162192444	0.136758840138	0.125106440192	0.129834625555	0.126607807108	0.117711647918	0.123179312508	0.135996952449	0.126742257877	0.113498857168	0.124322144042	0.15755389235	0.129207188634	0.143436561646	0.161721866177	0.165464079236	0.121969255591	0.129834625555	0.14350378703	0.134562810917	0.121767579438	0.110496123336	0.139851207816	0.200421279075	0.0976784833953	0.12351543943	0.185071482992	0.170349123829	0.116277506386	0.133263120154	0.123448214046	0.0935105095684
158458797-tonguedorsum1.freeze11.snv.mod.fix.bam	0.131582485547	0.127235244028	0.0814323488549	0.120490297136	0.0	0.0936225518756	0.155357863129	0.137856854748	0.15302738314	0.138641150899	0.072939541971	0.125980370188	0.132613274773	0.126719849415	0.131268767086	0.130506879398	0.113028279478	0.0989109487743	0.120490297136	0.133621655537	0.081746067315	0.126495764801	0.125330524806	0.120669564828	0.123784340967	0.111706180254	0.115784520235	0.104535472594	0.112243983328	0.14803029624	0.157352216197	0.156455877739	0.0931071572626	0.115538027159	0.168130686147	0.104826782593	0.106821135661	0.109846277955	0.1399184332	0.14460180164	0.130417245552	0.128490117869	0.0843454488415	0.0948550172545	0.112647335634	0.0899475642002	0.124546228656	0.134473177072	0.0739479227356	0.0764800788778	0.0851521534531	0.0799982073231	0.125173665576	0.109420517187	0.154775243132	0.13194102093	0.12351543943	0.151077846995	0.160825527719	0.121700354054	0.0941379464886	0.112109532559	0.122641509434	0.141106081656	0.0941379464886	0.193833191413	0.156007708511	0.107291713351	0.129207188634	0.106507417201	0.0872809572895	0.0866087034464	0.0804463765518	0.0810065880877	0.124658270963	0.107134854121	0.134786895532	0.139492672433	0.118294267916	0.126742257877	0.118540760991	0.106798727199	0.113498857168	0.132030654775	0.116210281002	0.103347824138	0.117218661767	0.15771075158	0.120176578676	0.129476090172	0.156657553892	0.160354950029	0.11945950791	0.122350199435	0.14256263165	0.133016627078	0.113095504863	0.100658808766	0.131784161699	0.200085152153	0.0854658719132	0.112064715637	0.176959619952	0.160646260028	0.107314121812	0.125778694035	0.11867521176	0.0806704611661
158458797-tonguedorsum2.freeze11.snv.mod.fix.bam	0.128467709407	0.129095146327	0.0889615918971	0.124277327119	0.0936225518756	0.0	0.155918074665	0.138417066284	0.153878904674	0.136624389369	0.0790122350199	0.11399184332	0.134562810917	0.129543315556	0.130955048626	0.129520907095	0.115717294851	0.102630753372	0.122551875588	0.133487204769	0.0868327880608	0.127616187873	0.12461345404	0.118966521759	0.123380988661	0.113767758706	0.115381167929	0.106529825662	0.112714561018	0.14865773316	0.158517456191	0.157643526195	0.0971406803209	0.11710661946	0.168421996146	0.108008784117	0.105678304128	0.112019898714	0.141419800117	0.146596154708	0.132590866311	0.129632949402	0.0916281988079	0.0968045533994	0.113812575629	0.0925245372653	0.128064357101	0.13523506476	0.0803119257832	0.0827096311567	0.0888271411285	0.0832026173083	0.12398601712	0.108434544884	0.153856496213	0.13023797786	0.12288800251	0.151615650069	0.161027203872	0.121902030207	0.0977233003182	0.116344731771	0.126338905571	0.141755927038	0.0971406803209	0.19316093757	0.154528750056	0.111235602564	0.125106440192	0.10758302335	0.0902164657375	0.0903957334289	0.0845695334558	0.0842558149957	0.125801102496	0.110159996415	0.134069824766	0.13772240398	0.120624747905	0.126876708645	0.120714381751	0.110496123336	0.114731322547	0.135167839376	0.11757719715	0.10773988258	0.119504324833	0.157464258504	0.120691973289	0.103571908753	0.158270963116	0.161049612334	0.120288620983	0.120736790212	0.139739165509	0.131179133241	0.113722941783	0.102832429525	0.130820597858	0.197328911397	0.0892080849729	0.112849011787	0.180477748398	0.165262403083	0.109039573343	0.125039214808	0.120266212522	0.087617084211
158883629-tonguedorsum1.freeze11.snv.mod.fix.bam	0.161744274638	0.169721686909	0.131268767086	0.15771075158	0.155357863129	0.155918074665	0.0	0.00230807152781	0.0012772823018	0.173060547663	0.122843185587	0.168847756913	0.173262223816	0.164769416932	0.164657374625	0.169385559987	0.156388652355	0.143167660108	0.164724600009	0.167727333841	0.129005512482	0.16723434769	0.161833908484	0.156366243894	0.162999148478	0.150652086228	0.152063819298	0.145296463945	0.150943396226	0.175480661498	0.185385201452	0.184287186842	0.137117375521	0.157643526195	0.200129969076	0.149890198539	0.144825886255	0.152691256218	0.171066194595	0.176444225339	0.167122305383	0.166113924618	0.132994218617	0.137296643212	0.153453143907	0.132120288621	0.168735714606	0.172948505356	0.124210101734	0.125577017882	0.134630036302	0.125957961726	0.160086048492	0.149822973155	0.187088244521	0.170349123829	0.166338009232	0.175391027652	0.184668130686	0.155380271591	0.13976157397	0.154775243132	0.166875812307	0.176040873034	0.14224891319	0.217317258997	0.17754223995	0.150988213149	0.165889840004	0.148299197777	0.128781427867	0.133307937077	0.126652624031	0.124523820195	0.159391386187	0.153408326984	0.175166943038	0.169520010756	0.154394299287	0.162371711558	0.154618383902	0.148635324699	0.152019002375	0.168511629991	0.158383005423	0.144937928562	0.158360596961	0.182875453771	0.161968359252	0.174449872272	0.182516918388	0.187267512213	0.155537130821	0.165934656926	0.180320889168	0.171379913055	0.152848115448	0.141531842424	0.170259489983	0.221373190517	0.128579751714	0.157128131582	0.212096087483	0.198583785237	0.148209563931	0.162842289248	0.159368977726	0.126719849415
158883629-tonguedorsum2.freeze11.snv.mod.fix.bam	0.14507237933	0.151750100838	0.113454040246	0.140926813965	0.137856854748	0.138417066284	0.00230807152781	0.0	0.00022408461435	0.156007708511	0.104759557209	0.15192936853	0.15475283467	0.146484112401	0.146775422399	0.152332720835	0.138148164747	0.12539775019	0.146461703939	0.150472818536	0.111795814099	0.148926634697	0.145094787792	0.139492672433	0.145453323175	0.13460762784	0.134809303993	0.127773047103	0.133218303231	0.158898400036	0.167660108457	0.166651727692	0.119795634832	0.139985658585	0.181306861471	0.131806570161	0.127795455564	0.134495585533	0.155268229283	0.159794738493	0.149240353157	0.14787343701	0.115022632546	0.119168197912	0.135884910142	0.114059068704	0.150428001613	0.155223412361	0.106417783355	0.10821046027	0.116523999462	0.108479361807	0.14319006857	0.132142697082	0.169699278448	0.152780890064	0.147223591628	0.160556626182	0.169452785372	0.138775601667	0.122910410971	0.136445121678	0.147671760857	0.158943216959	0.124904764039	0.19862860216	0.162057993098	0.132792542464	0.147940662394	0.130148344015	0.112333617174	0.115941379465	0.109241249496	0.107919150271	0.141531842424	0.135257473222	0.156993680814	0.152265495451	0.137812037825	0.145430914713	0.137520727827	0.130439654013	0.134540402456	0.151055438534	0.139963250123	0.12741451172	0.140209743199	0.165598530005	0.14350378703	0.156993680814	0.165889840004	0.170125039215	0.138932460897	0.147470084704	0.161811500022	0.152646439295	0.13507820553	0.124523820195	0.15208622776	0.203244745216	0.110115179492	0.138596333976	0.192130148344	0.17864025456	0.130148344015	0.145430914713	0.140949222426	0.10930847488
158883629-tonguedorsum3.freeze11.snv.mod.fix.bam	0.159189710035	0.168041052301	0.128736610944	0.155492313898	0.15302738314	0.153878904674	0.0012772823018	0.00022408461435	0.0	0.170998969211	0.120131761753	0.167144713844	0.171559180747	0.16239412002	0.162326894635	0.168265136916	0.153923721597	0.140590687043	0.162371711558	0.165464079236	0.126316497109	0.164455698472	0.160444583875	0.155156186976	0.161184063102	0.148747367006	0.15022632546	0.143436561646	0.149150719312	0.174068928427	0.183771792229	0.182673777618	0.13507820553	0.155895666204	0.198426926007	0.147380450858	0.14319006857	0.150002240846	0.169497602295	0.174651548425	0.165307220006	0.164052346166	0.130641330166	0.134517993995	0.150988213149	0.129408864787	0.165912248465	0.170528391521	0.121521086362	0.123089678663	0.131604894008	0.123224129431	0.158360596961	0.147783803164	0.185833370681	0.168153094609	0.163447317707	0.173710393044	0.183323623	0.153385918523	0.137991305517	0.152848115448	0.164881459239	0.174673956886	0.13976157397	0.216062385157	0.176085689957	0.148299197777	0.164029937704	0.145722224712	0.126854300184	0.131156724779	0.124210101734	0.121745170977	0.157284990813	0.151436382378	0.173732801506	0.167951418456	0.152355129297	0.160691076951	0.152848115448	0.146237619325	0.149486846233	0.166674136154	0.155581947743	0.142674673957	0.156074933895	0.181239636087	0.159212118496	0.172500336127	0.180813875319	0.185631694528	0.153117016986	0.164097163089	0.178281719177	0.16911665845	0.150248733922	0.13882041859	0.167570474611	0.219827006678	0.125644243266	0.154192623134	0.210034509031	0.196499798324	0.146103168556	0.160825527719	0.157105723121	0.124523820195
159005010-tonguedorsum2.freeze11.snv.mod.fix.bam	0.143145251647	0.150472818536	0.111616546408	0.136736431677	0.138641150899	0.136624389369	0.173060547663	0.156007708511	0.170998969211	0.0	0.102294626451	0.150808945458	0.147918253933	0.142921167033	0.14256263165	0.148164747008	0.137968897056	0.124053242504	0.138730784744	0.148478465469	0.112512884865	0.149262761619	0.141061264734	0.135100613992	0.140120109353	0.130910231703	0.134473177072	0.127638596334	0.132770134003	0.161833908484	0.170707659212	0.170102630753	0.117868507148	0.14023215166	0.189822076816	0.12976740017	0.123224129431	0.135996952449	0.158203737731	0.163581768476	0.143145251647	0.142495406265	0.110473714875	0.118182225608	0.133375162461	0.114238336396	0.145722224712	0.149576480079	0.101555147224	0.102720387218	0.1099359118	0.106417783355	0.138103347824	0.132680500157	0.171738448438	0.148231972393	0.140142517815	0.167660108457	0.17801281764	0.136467530139	0.122910410971	0.133957782459	0.14366064626	0.155021736208	0.119974902523	0.207457535966	0.168780531529	0.134204275534	0.150786536996	0.130215569399	0.109756644109	0.112714561018	0.10883789719	0.105835163358	0.140545870121	0.129520907095	0.150786536996	0.150248733922	0.135638417066	0.142831533187	0.140097700892	0.130439654013	0.133106260924	0.149397212387	0.139425447049	0.127302469412	0.139559897817	0.169363151526	0.140411419352	0.155850849281	0.17207457536	0.176645901492	0.139783982432	0.142652265495	0.157329807735	0.148254380854	0.134719670147	0.123268946354	0.152511988527	0.211984045175	0.109286066419	0.136198628602	0.19894232062	0.185250750683	0.128019540178	0.141823152422	0.141128490118	0.108748263344
159227541-tonguedorsum3.freeze11.snv.mod.fix.bam	0.0906646349662	0.0882669295926	0.0387890467441	0.0872361403666	0.072939541971	0.0790122350199	0.122843185587	0.104759557209	0.120131761753	0.102294626451	0.0	0.100076188769	0.0991126249272	0.0918522834222	0.0978129341639	0.097095863398	0.0692645542957	0.0583964504997	0.0825751803881	0.101622372608	0.0385873705911	0.0828664903868	0.0936225518756	0.08900640882	0.0866759288307	0.0718639358222	0.0726034150495	0.0574552951194	0.064850087393	0.113498857168	0.123291354816	0.12257428405	0.0496347420786	0.0747322188859	0.122596692511	0.0518307712992	0.0686147089141	0.0645139604715	0.109174024112	0.113498857168	0.0952583695603	0.0908887195805	0.0419710482678	0.0512257428405	0.0707435127504	0.0492986151571	0.0804463765518	0.100501949536	0.0254111952673	0.030542732936	0.0352036929144	0.0284811544839	0.09416035495	0.0599650428002	0.110966701026	0.099874512616	0.0863846188321	0.111033926411	0.121252184825	0.0871689149823	0.0513377851477	0.0755837404204	0.0853762380675	0.105028458746	0.0518307712992	0.158158920808	0.12210370636	0.0648724958544	0.0866759288307	0.0641330166271	0.0475059382423	0.0409402590418	0.0343745798413	0.037086003675	0.0873257742123	0.0642002420114	0.0983283287769	0.104714740286	0.0855106888361	0.09416035495	0.083650786537	0.0664186796935	0.0741047819657	0.101353471071	0.0718191188993	0.0611302827948	0.0733877111997	0.120893649442	0.0801326580917	0.108277685654	0.122148523282	0.125778694035	0.080715278089	0.0784520234841	0.100322681845	0.0920539595751	0.0635503966298	0.0575225205037	0.092614171111	0.159727513109	0.041567695962	0.0650741720073	0.133576838614	0.116210281002	0.0647604535473	0.0844798996101	0.0741495988885	0.0359879890647
159247771-tonguedorsum2.freeze11.snv.mod.fix.bam	0.144422533949	0.147201183167	0.109084390266	0.139335813203	0.125980370188	0.11399184332	0.168847756913	0.15192936853	0.167144713844	0.150808945458	0.100076188769	0.0	0.15006946623	0.142360955497	0.144669027025	0.146865056245	0.136669206292	0.122820777125	0.139963250123	0.148433648546	0.106619459508	0.147178774705	0.138103347824	0.135728050912	0.139806390893	0.126966342491	0.131425626316	0.123784340967	0.129901850939	0.160735893874	0.170528391521	0.169340743065	0.113543674091	0.136288262448	0.187043427598	0.130462062475	0.121476269439	0.131761753238	0.156612736969	0.162931923094	0.146170393941	0.144825886255	0.11024963026	0.118182225608	0.136198628602	0.112445659481	0.144534576256	0.14912831085	0.10274279568	0.104580289517	0.111683771792	0.106552234124	0.136198628602	0.13256845785	0.172746829203	0.151033030072	0.141688701654	0.167525657688	0.176690718415	0.138058530901	0.118271859454	0.132389190158	0.143257293954	0.152332720835	0.120960874826	0.207591986734	0.16848922153	0.129274414019	0.145834267019	0.127123201721	0.10805360104	0.111975081791	0.106260924125	0.104087303366	0.137520727827	0.127817864025	0.148276789316	0.152915340833	0.133644063999	0.140545870121	0.134719670147	0.128759019406	0.133756106306	0.147963070856	0.137901671671	0.126854300184	0.137834446287	0.1717608569	0.134338726303	0.0692197373728	0.176421816878	0.179491776095	0.137184600905	0.139851207816	0.156635145431	0.147783803164	0.132926993233	0.121140142518	0.150741720073	0.214717877471	0.109353291803	0.133061444001	0.199457715233	0.184690539148	0.130686147089	0.145386097791	0.138327432438	0.106552234124
159268001-tonguedorsum1.freeze11.snv.mod.fix.bam	0.140501053198	0.148321606239	0.10899475642	0.136960516291	0.132613274773	0.134562810917	0.173262223816	0.15475283467	0.171559180747	0.147918253933	0.0991126249272	0.15006946623	0.0	0.12040066329	0.110047954107	0.144265674719	0.135772867835	0.121834804822	0.138798010129	0.146909873168	0.108008784117	0.146954690091	0.141711110115	0.133845740151	0.139739165509	0.128736610944	0.135728050912	0.128064357101	0.135055797069	0.162416528481	0.172343476897	0.171335096132	0.114574463317	0.136512347062	0.188612019899	0.128243624793	0.122686326357	0.132792542464	0.158674315422	0.163761036167	0.141576659347	0.140187334738	0.105050867207	0.114350378703	0.13008111863	0.11009277103	0.146573746247	0.150114283153	0.100457132613	0.102025724914	0.110272038722	0.106395374894	0.140478644736	0.129677766325	0.170438757675	0.14428808318	0.140164926276	0.168758123067	0.17926769148	0.134719670147	0.12210370636	0.13023797786	0.140680320889	0.155313046206	0.116232689464	0.210796396719	0.170886926904	0.128378075561	0.145139604715	0.124277327119	0.106776318738	0.110720207951	0.106372966432	0.105140501053	0.138932460897	0.131134316318	0.152467171604	0.151324340071	0.134652444763	0.142943575494	0.138618742437	0.12819880787	0.13398019092	0.148680141621	0.131828978622	0.12445659481	0.136691614754	0.170774884596	0.137856854748	0.155626764666	0.172164209205	0.176376999955	0.13476448707	0.141240532425	0.156657553892	0.146977098552	0.13288217631	0.120736790212	0.15006946623	0.215927934388	0.108882714113	0.133845740151	0.201026307534	0.186079863757	0.126294088648	0.140702729351	0.136221037064	0.105902388742
159268001-tonguedorsum2.freeze11.snv.mod.fix.bam	0.137924080133	0.143167660108	0.0992246672343	0.13256845785	0.126719849415	0.129543315556	0.164769416932	0.146484112401	0.16239412002	0.142921167033	0.0918522834222	0.142360955497	0.12040066329	0.0	0.0126159637879	0.141285349348	0.12524089096	0.110921884103	0.132232330928	0.143302110877	0.101487921839	0.142652265495	0.138932460897	0.128310850177	0.129095146327	0.124098059427	0.124635862502	0.117846098687	0.12398601712	0.156299018509	0.166091516157	0.165284811545	0.107493389504	0.132030654775	0.183144355309	0.119638775602	0.116210281002	0.122977636355	0.156030116972	0.161721866177	0.139716757047	0.1383498409	0.0950118764846	0.108815488729	0.125330524806	0.102608344911	0.133532021691	0.140187334738	0.0909111280419	0.094518890333	0.101151794918	0.0982611033926	0.134562810917	0.120691973289	0.168130686147	0.14444494241	0.134585219379	0.161968359252	0.17207457536	0.129005512482	0.110070362569	0.126383722494	0.137632770134	0.151055438534	0.10773988258	0.203984224443	0.163940303859	0.12210370636	0.140052883969	0.116277506386	0.0999865549231	0.101756823377	0.097095863398	0.0956393134047	0.136265853986	0.12008694483	0.143391744723	0.144825886255	0.126854300184	0.139403038587	0.133240711693	0.118383901761	0.124322144042	0.143391744723	0.124882355577	0.120512705598	0.130350020168	0.169542419217	0.131672119392	0.149912607	0.1699009546	0.174965266885	0.132814950925	0.134271500919	0.151458790839	0.14256263165	0.125913144803	0.106283332586	0.144669027025	0.212633890557	0.0932864249541	0.121252184825	0.195110473715	0.17895397302	0.122170931744	0.136960516291	0.130462062475	0.09915744185
159268001-tonguedorsum3.freeze11.snv.mod.fix.bam	0.137139783982	0.146327253171	0.10478196567	0.134181867073	0.131268767086	0.130955048626	0.164657374625	0.146775422399	0.162326894635	0.14256263165	0.0978129341639	0.144669027025	0.110047954107	0.0126159637879	0.0	0.141980011652	0.12819880787	0.112983462555	0.135369515529	0.143436561646	0.105454219513	0.145206830099	0.139896024739	0.129341639403	0.130753372473	0.126226863264	0.127795455564	0.122036480975	0.127817864025	0.156254201587	0.165688163851	0.164881459239	0.111414870255	0.135302290145	0.183771792229	0.124635862502	0.11851835253	0.127952314794	0.155962891588	0.161408147717	0.139470263972	0.138573925514	0.0992246672343	0.111504504101	0.127526554027	0.105655895666	0.136601980908	0.140613095505	0.0966028772464	0.0989333572357	0.106372966432	0.103190964908	0.134473177072	0.124030834043	0.169520010756	0.144400125487	0.136288262448	0.162685430018	0.1733294492	0.128333258638	0.114036660243	0.126540581724	0.137968897056	0.152377537758	0.110451306413	0.20127280061	0.162416528481	0.125778694035	0.143548603953	0.120131761753	0.102675570295	0.106955586429	0.101913682607	0.0992246672343	0.135795276296	0.123694707121	0.144512167795	0.144893111639	0.126652624031	0.140209743199	0.134361134764	0.121879621745	0.126338905571	0.144355308565	0.128691794021	0.123179312508	0.133733697844	0.168421996146	0.132165105544	0.150808945458	0.169295926142	0.174405055349	0.133307937077	0.138013713978	0.15239994622	0.143458970107	0.130484470936	0.110047954107	0.145341280868	0.21126697441	0.0981042441626	0.124591045579	0.195200107561	0.179491776095	0.12367229866	0.138125756286	0.132165105544	0.103437457984
159470302-tonguedorsum1.freeze11.snv.mod.fix.bam	0.142114462421	0.146147985479	0.100367498768	0.137139783982	0.130506879398	0.129520907095	0.169385559987	0.152332720835	0.168265136916	0.148164747008	0.097095863398	0.146865056245	0.144265674719	0.141285349348	0.141980011652	0.0	0.133688880921	0.118406310223	0.139582306279	0.142764307803	0.0904853672747	0.137677587057	0.140164926276	0.133442387846	0.136243445525	0.127145610182	0.132232330928	0.124837538655	0.131470443239	0.158562273114	0.167839376148	0.16723434769	0.113902209474	0.135750459373	0.185362792991	0.128153990947	0.120131761753	0.129834625555	0.152624030834	0.158226146193	0.143458970107	0.141957603191	0.10789674181	0.112445659481	0.129386456326	0.108165643347	0.145520548559	0.149621297002	0.0975888495496	0.0992022587729	0.107090037198	0.103235781831	0.137363868597	0.132994218617	0.167211939228	0.146573746247	0.141240532425	0.1649038677	0.174203379196	0.13225473939	0.113454040246	0.125801102496	0.136579572447	0.156097342356	0.113610899476	0.206090619818	0.165688163851	0.127593779411	0.145991126249	0.126652624031	0.107784699503	0.108120826424	0.103504683368	0.103482274907	0.141173307041	0.127773047103	0.148792183929	0.151324340071	0.129901850939	0.141823152422	0.136557163985	0.126585398647	0.133240711693	0.146035943172	0.134742078609	0.121274593286	0.135862501681	0.169094249989	0.137789629364	0.148523282391	0.16958723614	0.17238829382	0.135033388608	0.14475866087	0.152265495451	0.143369336261	0.130551696321	0.118966521759	0.150293550845	0.21267870748	0.105969614126	0.131761753238	0.195469009098	0.180276072245	0.126406130955	0.141800743961	0.135548783221	0.10556626182
159551223-tonguedorsum1.freeze11.snv.mod.fix.bam	0.123717115583	0.121050508672	0.0820373773137	0.126630215569	0.113028279478	0.115717294851	0.156388652355	0.138148164747	0.153923721597	0.137968897056	0.0692645542957	0.136669206292	0.135772867835	0.12524089096	0.12819880787	0.133688880921	0.0	0.00013445076861	0.121834804822	0.133442387846	0.076592121185	0.11742033792	0.127862680948	0.107963967194	0.122036480975	0.11461928024	0.110899475642	0.0972303141666	0.105185317976	0.146394478555	0.1567695962	0.156007708511	0.0859140411419	0.110832250258	0.162416528481	0.094877425716	0.105319768745	0.106126473356	0.143010800878	0.148299197777	0.130215569399	0.127168018644	0.0830009411554	0.0878635772868	0.107336530274	0.0847039842244	0.121565903285	0.135884910142	0.0703401604446	0.0732532604311	0.0804911934747	0.0676959619952	0.125554609421	0.0976784833953	0.152534396988	0.134854120916	0.121050508672	0.146618563169	0.157195356967	0.122126114821	0.092098776498	0.113745350244	0.124254918657	0.140926813965	0.0910455788106	0.190225429122	0.151077846995	0.108120826424	0.121050508672	0.101420696455	0.0827992650025	0.0816564334693	0.0767041634921	0.078138305024	0.125420158652	0.106574642585	0.134428360149	0.137677587057	0.119123380989	0.127392103258	0.115762111773	0.109375700264	0.114014251781	0.135728050912	0.115134674853	0.0989557656971	0.113588491014	0.153901313136	0.117846098687	0.141106081656	0.157060906198	0.161228880025	0.118966521759	0.120916057903	0.140187334738	0.132366781697	0.109286066419	0.0965356518621	0.122014072514	0.195805136019	0.0680544973782	0.0880652534397	0.175413436113	0.159794738493	0.0969838210908	0.113566082553	0.116904943307	0.0743960919643
159551223-tonguedorsum2.freeze11.snv.mod.fix.bam	0.110966701026	0.108434544884	0.0711468650562	0.113095504863	0.0989109487743	0.102630753372	0.143167660108	0.12539775019	0.140590687043	0.124053242504	0.0583964504997	0.122820777125	0.121834804822	0.110921884103	0.112983462555	0.118406310223	0.00013445076861	0.0	0.108389727961	0.119593958679	0.0654327073903	0.102966880294	0.112624927173	0.0964460180164	0.108008784117	0.101353471071	0.0967149195536	0.0845695334558	0.0908887195805	0.132232330928	0.14240577242	0.141621476269	0.074844261193	0.0985524133913	0.148276789316	0.0828440819253	0.0916057903464	0.0929278895711	0.128445300946	0.133599247076	0.114215927934	0.110966701026	0.070877963519	0.0777349527181	0.0956393134047	0.0741271904271	0.106753910277	0.120916057903	0.058979070497	0.061914578945	0.0688387935284	0.056917492045	0.110854658719	0.0854434634518	0.13756554475	0.120916057903	0.107762291041	0.135279881683	0.145206830099	0.107874333348	0.078810558867	0.0992694841572	0.10915161565	0.126854300184	0.0787433334827	0.176847577645	0.139156545512	0.0949446511003	0.10883789719	0.0866759288307	0.070877963519	0.0693765966029	0.0644691435486	0.0653430735446	0.111235602564	0.0931743826469	0.120266212522	0.12367229866	0.10509568413	0.114059068704	0.103908035674	0.0961098910949	0.100950118765	0.121453860978	0.100165822615	0.0876394926724	0.100389907229	0.13944785551	0.103885627213	0.126831891722	0.14413122395	0.148366423161	0.103549500291	0.105118092592	0.125868327881	0.118294267916	0.0947653834088	0.0835611526913	0.110720207951	0.182158383005	0.0557522520504	0.0692645542957	0.160668668489	0.145341280868	0.0869224219065	0.102003316452	0.10274279568	0.0636848473984
159733294-tonguedorsum1.freeze11.snv.mod.fix.bam	0.133106260924	0.132949401694	0.0930175234168	0.128960695559	0.120490297136	0.122551875588	0.164724600009	0.146461703939	0.162371711558	0.138730784744	0.0825751803881	0.139963250123	0.138798010129	0.132232330928	0.135369515529	0.139582306279	0.121834804822	0.108389727961	0.0	0.138529108591	0.0885582395913	0.129117554789	0.130193160938	0.127997131717	0.128759019406	0.115291534083	0.117016985614	0.108972347959	0.114888181777	0.152019002375	0.161833908484	0.160735893874	0.100457132613	0.123739524044	0.17442746381	0.112714561018	0.11399184332	0.117823690225	0.15239994622	0.157934836194	0.136377896294	0.134562810917	0.0917850580379	0.100658808766	0.117666830995	0.0958185810962	0.132075471698	0.140769954735	0.0851297449917	0.0868551965222	0.0940259041814	0.0866759288307	0.130462062475	0.116501591001	0.158988033882	0.136781248599	0.130798189396	0.157284990813	0.166517276924	0.129184780173	0.103930444136	0.122193340205	0.132299556312	0.144960337023	0.104378613364	0.199749025232	0.160803119258	0.115336351006	0.132120288621	0.11414870255	0.0944068480258	0.0962891587864	0.0916730157307	0.0898131134316	0.129184780173	0.11446242101	0.140344193968	0.141487025501	0.122439833281	0.130506879398	0.127526554027	0.113498857168	0.119840451755	0.139223770896	0.120916057903	0.114708914086	0.125464975575	0.164500515395	0.128893470174	0.147178774705	0.16474700847	0.167592883073	0.125577017882	0.129901850939	0.146618563169	0.138170573208	0.121162550979	0.0975216241653	0.138842827051	0.204185900596	0.09416035495	0.115650069466	0.187805315287	0.172500336127	0.115381167929	0.131649710931	0.124254918657	0.0905750011204
159915365-tonguedorsum1.freeze11.snv.mod.fix.bam	0.139066911666	0.145498140098	0.106865952584	0.136870882445	0.133621655537	0.133487204769	0.167727333841	0.150472818536	0.165464079236	0.148478465469	0.101622372608	0.148433648546	0.146909873168	0.143302110877	0.143436561646	0.142764307803	0.133442387846	0.119593958679	0.138529108591	0.0	0.105588670282	0.142898758571	0.139828799355	0.137498319365	0.14007529243	0.128176399408	0.133487204769	0.126182046341	0.131828978622	0.155761215435	0.165284811545	0.164455698472	0.114664097163	0.137296643212	0.183301214539	0.127078384798	0.12257428405	0.128422892484	0.15271366468	0.157665934657	0.144781069332	0.143010800878	0.10930847488	0.111907856407	0.128109174024	0.107515797965	0.145005153946	0.149240353157	0.101532738762	0.102989288755	0.111190785641	0.104490655672	0.138394657823	0.128378075561	0.166405234617	0.145206830099	0.1399184332	0.164321247703	0.17474118227	0.132635683234	0.119504324833	0.128288441716	0.139313404742	0.150853762381	0.117868507148	0.202818984449	0.165307220006	0.126316497109	0.144467350872	0.126316497109	0.106395374894	0.108546587191	0.103728767983	0.102608344911	0.140052883969	0.130282794783	0.151458790839	0.150248733922	0.130058710169	0.141643884731	0.138842827051	0.129319230942	0.132053063237	0.146484112401	0.135033388608	0.125711468651	0.136153811679	0.167144713844	0.136915699368	0.152444763143	0.169139066912	0.172500336127	0.131515260162	0.140389010891	0.15475283467	0.145856675481	0.127929906333	0.120916057903	0.147738986241	0.208286649039	0.10805360104	0.131492851701	0.195267332945	0.180813875319	0.127011159414	0.140254560122	0.134876529377	0.10462510644
