	508703490-stool3.freeze11.snv.mod.fix.bam	763921366-stool3.freeze11.snv.mod.fix.bam	764487809-stool1.freeze11.snv.mod.fix.bam	764487809-stool2.freeze11.snv.mod.fix.bam	765640925-stool1.freeze11.snv.mod.fix.bam	BYQ_AAAG.freeze11.snv.mod.fix.bam	BYQ_AAAR.freeze11.snv.mod.fix.bam	BYQ_AABA.freeze11.snv.mod.fix.bam	CCIS10793554ST-4-0.freeze11.snv.mod.fix.bam	CCIS11354283ST-4-0.freeze11.snv.mod.fix.bam	CCIS22906510ST-20-0.freeze11.snv.mod.fix.bam	CCIS35100175ST-4-0.freeze11.snv.mod.fix.bam	CCIS38765456ST-20-0.freeze11.snv.mod.fix.bam	CCIS50471204ST-4-0.freeze11.snv.mod.fix.bam	CCIS54027808ST-4-0.freeze11.snv.mod.fix.bam	CCIS76845094ST-20-0.freeze11.snv.mod.fix.bam	CCIS78100604ST-4-0.freeze11.snv.mod.fix.bam	CCIS81139242ST-4-0.freeze11.snv.mod.fix.bam	CCIS81735969ST-20-0.freeze11.snv.mod.fix.bam	CCMD23101338ST-21-0.freeze11.snv.mod.fix.bam	CCMD25963797ST-21-0.freeze11.snv.mod.fix.bam	CCMD63399960ST-21-0.freeze11.snv.mod.fix.bam	CCMD87156761ST-21-0.freeze11.snv.mod.fix.bam	M1.3-V1.metaT.freeze11.snv.mod.fix.bam	M1.3-V2.metaT.freeze11.snv.mod.fix.bam	M1.3-V3.metaT.freeze11.snv.mod.fix.bam	M2.1-V2.metaT.freeze11.snv.mod.fix.bam	M2.2-V2.metaT.freeze11.snv.mod.fix.bam	M2.2-V3.metaT.freeze11.snv.mod.fix.bam	M2.5-V2.metaT.freeze11.snv.mod.fix.bam	M4.3-V1.metaT.freeze11.snv.mod.fix.bam	MH0307.freeze11.snv.mod.fix.bam	MH0442.freeze11.snv.mod.fix.bam	MH0450.freeze11.snv.mod.fix.bam	MMRS12272136ST-27-0-0.freeze11.snv.mod.fix.bam	MMRS25211151ST-27-0-0.freeze11.snv.mod.fix.bam	MMRS32573774ST-27-0-0.freeze11.snv.mod.fix.bam	MMRS57569834ST-27-0-0.freeze11.snv.mod.fix.bam	MMRS81671217ST-27-0-0.freeze11.snv.mod.fix.bam	MMRS88581325ST-27-0-0.freeze11.snv.mod.fix.bam	NOM009.freeze11.snv.mod.fix.bam	O2.UC15-1.freeze11.snv.mod.fix.bam	O2.UC36-1.freeze11.snv.mod.fix.bam	O2.UC48-1.freeze11.snv.mod.fix.bam	O2.UC6-0.freeze11.snv.mod.fix.bam	O2.UC6-1.freeze11.snv.mod.fix.bam	O2.UC6-2.freeze11.snv.mod.fix.bam	SAMEA3136636.freeze11.snv.mod.fix.bam	SAMEA3136670.freeze11.snv.mod.fix.bam	SAMEA3136704.freeze11.snv.mod.fix.bam	SAMEA3136735.freeze11.snv.mod.fix.bam	SZEY-48A.freeze11.snv.mod.fix.bam	SZEY-68A.freeze11.snv.mod.fix.bam	T2D-15A.freeze11.snv.mod.fix.bam	T2D-26A.freeze11.snv.mod.fix.bam	V1.CD18-3.freeze11.snv.mod.fix.bam	V1.FI36.freeze11.snv.mod.fix.bam	V1.UC12-4.freeze11.snv.mod.fix.bam	V1.UC13-3.freeze11.snv.mod.fix.bam	V1.UC34-0.freeze11.snv.mod.fix.bam	V1.UC47-4.freeze11.snv.mod.fix.bam	V1.UC58-4.freeze11.snv.mod.fix.bam	alien-11-0-0.freeze11.snv.mod.fix.bam	alien-11-60-0.freeze11.snv.mod.fix.bam	alien-11-600-0.freeze11.snv.mod.fix.bam	alien-11-637-0.freeze11.snv.mod.fix.bam	halbarad-11-0-0.freeze11.snv.mod.fix.bam	halbarad-11-392-0.freeze11.snv.mod.fix.bam	scavenger-11-0-0.freeze11.snv.mod.fix.bam	scavenger-11-60-0.freeze11.snv.mod.fix.bam	scavenger-11-7-0.freeze11.snv.mod.fix.bam
508703490-stool3.freeze11.snv.mod.fix.bam	0.0	0.18698728787	0.198071263072	0.193813012712	0.180349427015	0.184044085415	0.184231949402	0.184106706744	0.186736802555	0.192247479492	0.193875634041	0.182854280168	0.180850397645	0.194877575302	0.188427578433	0.178971757781	0.188490199762	0.197570292442	0.180349427015	0.192998935437	0.18968000501	0.188302335776	0.173648944831	0.111966935938	0.17796981652	0.116413050285	0.0590519130816	0.0861669484626	0.0808441355126	0.109712568101	0.06606550191	0.183230008141	0.178345544492	0.181727096249	0.190932431586	0.197319807126	0.185108648006	0.189429519694	0.172772246227	0.178220301835	0.194439226	0.191996994176	0.176592147285	0.191871751519	0.185734861294	0.185296511992	0.186361074582	0.185296511992	0.193312042082	0.178408165821	0.182979522825	0.181351368276	0.183104765483	0.178721272465	0.193312042082	0.194126119356	0.181288746947	0.180787776317	0.178783893794	0.184983405348	0.191934372847	0.189366898366	0.180850397645	0.186611559897	0.197883399086	0.197006700482	0.176091176655	0.183981464087	0.174713507421	0.181977581564	0.176529525957
763921366-stool3.freeze11.snv.mod.fix.bam	0.18698728787	0.0	0.190055732983	0.184670298704	0.143966434968	0.15661594339	0.156803807377	0.15661594339	0.15717953535	0.167637297263	0.152420314359	0.141649445801	0.147285365395	0.159559145845	0.157805748638	0.13319556641	0.161876135012	0.159934873818	0.168263510552	0.158619825913	0.153359634291	0.158306719269	0.145594589517	0.0822218047467	0.133446051725	0.0870436470662	0.0505980336903	0.0737679253554	0.06925918968	0.0773999624272	0.0521009455821	0.157430020665	0.150541674494	0.155989730102	0.145594589517	0.157555263323	0.158431961926	0.151230509111	0.155801866116	0.145531968188	0.164506230822	0.173962051475	0.148287306657	0.167324190619	0.153735362264	0.153359634291	0.154424196881	0.15342225562	0.15448681821	0.14653390945	0.154862546183	0.132318867806	0.197695535099	0.154173711566	0.140584883211	0.147347986724	0.154674682197	0.157617884652	0.15292128499	0.150917402467	0.156490700733	0.172271275596	0.152420314359	0.156803807377	0.160811572422	0.160435844449	0.160060116476	0.167887782579	0.159997495147	0.166134385372	0.161876135012
764487809-stool1.freeze11.snv.mod.fix.bam	0.198071263072	0.190055732983	0.0	0.000250485315298	0.194752332644	0.197006700482	0.19713194314	0.197382428455	0.194877575302	0.191746508861	0.193813012712	0.184044085415	0.184607677375	0.200075145595	0.19231010082	0.19819650573	0.203895046653	0.19819650573	0.199448932306	0.193124178095	0.190243596969	0.190932431586	0.192685828793	0.108209656209	0.178345544492	0.11240528524	0.0573611372033	0.0866052977644	0.0831611246791	0.104452376479	0.0639363767299	0.19287369278	0.183543114785	0.194814953973	0.195315924604	0.197507671113	0.185359133321	0.19606738055	0.188364957104	0.194877575302	0.199323689649	0.201578057486	0.188177093118	0.200513494896	0.19018097564	0.189993111654	0.191057674244	0.191182916901	0.194752332644	0.187488258501	0.187049909199	0.174963992736	0.170768363705	0.172333896925	0.196255244536	0.192623207464	0.197946020415	0.194501847329	0.193750391383	0.193875634041	0.197319807126	0.202266892103	0.187989229131	0.193875634041	0.196630972509	0.195754273906	0.197069321811	0.206086793162	0.178095059177	0.18435719206	0.18059991233
764487809-stool2.freeze11.snv.mod.fix.bam	0.193813012712	0.184670298704	0.000250485315298	0.0	0.190681946271	0.191871751519	0.191996994176	0.192122236834	0.190306218298	0.186862045213	0.189179034379	0.178971757781	0.179597971069	0.195629031248	0.186361074582	0.192936314109	0.199073204333	0.194063498027	0.194814953973	0.188490199762	0.185233890663	0.186674181226	0.187175151857	0.10495334711	0.173586323502	0.109963053416	0.0552320120233	0.0832863673367	0.0798421942514	0.101571795353	0.062120358194	0.188302335776	0.178721272465	0.190807188929	0.190431460956	0.19231010082	0.180913018974	0.192059615505	0.183230008141	0.189867868996	0.195566409919	0.196443108523	0.184044085415	0.194439226	0.185672239965	0.185233890663	0.186298453253	0.186799423884	0.190118354311	0.181977581564	0.182854280168	0.170830985034	0.167637297263	0.167324190619	0.191621266203	0.18755087983	0.192560586136	0.189993111654	0.188740685077	0.188803306406	0.192623207464	0.197069321811	0.183668357443	0.189554762352	0.192560586136	0.191558644874	0.192623207464	0.2013901935	0.173022731542	0.178846515123	0.175089235394
765640925-stool1.freeze11.snv.mod.fix.bam	0.180349427015	0.143966434968	0.194752332644	0.190681946271	0.0	0.155864487444	0.15611497276	0.155739244787	0.151543615756	0.141962552445	0.148976141274	0.144154298954	0.131817897176	0.151731479742	0.144279541612	0.150165946521	0.14916400526	0.155238274156	0.151230509111	0.158807689899	0.146032938819	0.147160122738	0.136702360824	0.0874193750391	0.142275659089	0.0900494708498	0.0466528899743	0.0680067631035	0.064625211347	0.0788402529902	0.0505980336903	0.143214979022	0.141273717828	0.134573235644	0.144530026927	0.149852839877	0.135825662221	0.138894107333	0.153547498278	0.142588765734	0.1731479742	0.160748951093	0.136639739495	0.164255745507	0.149790218548	0.149852839877	0.150666917152	0.145344104202	0.148412549314	0.142213037761	0.142714008391	0.165195065439	0.18542175465	0.16300331893	0.173210595529	0.15079215981	0.14809944267	0.148475170643	0.143715949652	0.148537791972	0.15768050598	0.152858663661	0.137516438099	0.140584883211	0.152733421003	0.152044586386	0.143465464337	0.150854781138	0.151105266454	0.15717953535	0.153046527647
BYQ_AAAG.freeze11.snv.mod.fix.bam	0.184044085415	0.15661594339	0.197006700482	0.191871751519	0.155864487444	0.0	0.0	0.0	0.15292128499	0.157492641994	0.160999436408	0.151606237084	0.151105266454	0.157367399336	0.154737303526	0.164255745507	0.164944580124	0.155426138143	0.15717953535	0.171144091678	0.142651387062	0.148600413301	0.151919343728	0.0867931617509	0.141398960486	0.0897989855345	0.0479053165508	0.074268895986	0.06925918968	0.0841004446114	0.0504727910326	0.155426138143	0.154799924854	0.152232450373	0.155989730102	0.170580499718	0.160310601791	0.160310601791	0.147222744067	0.152232450373	0.191182916901	0.168388753209	0.151105266454	0.165320308097	0.142150416432	0.14171206713	0.142651387062	0.138330515374	0.150103325193	0.133258187739	0.140522261882	0.17847078715	0.20032563091	0.174400400777	0.187175151857	0.161312543052	0.148976141274	0.162627590957	0.15611497276	0.154236332895	0.177218360574	0.16143778571	0.148725655958	0.153297012963	0.157304778007	0.156553322061	0.158995553886	0.167073705304	0.135136827603	0.140897989855	0.137140710126
BYQ_AAAR.freeze11.snv.mod.fix.bam	0.184231949402	0.156803807377	0.19713194314	0.191996994176	0.15611497276	0.0	0.0	0.0	0.15292128499	0.157743127309	0.161563028367	0.152044586386	0.151042645125	0.157868369967	0.155113031499	0.164380988165	0.16513244411	0.155676623458	0.157492641994	0.171394576993	0.142839251049	0.148725655958	0.1518567224	0.0867305404221	0.141211096499	0.0897989855345	0.0480305592085	0.0740184106707	0.0691339470224	0.083912580625	0.0506606550191	0.155363516814	0.154674682197	0.152107207715	0.156177594089	0.170768363705	0.160310601791	0.160623708435	0.147222744067	0.152420314359	0.191433402217	0.168263510552	0.150854781138	0.165257686768	0.142400901747	0.142150416432	0.142901872378	0.138706243346	0.150291189179	0.133258187739	0.141085853842	0.178658651137	0.200638737554	0.17421253679	0.187112530528	0.161500407039	0.149038762603	0.162627590957	0.156052351431	0.154298954224	0.177155739245	0.161563028367	0.149038762603	0.153610119607	0.157555263323	0.156678564719	0.158995553886	0.167073705304	0.135449934248	0.141085853842	0.137015467468
BYQ_AABA.freeze11.snv.mod.fix.bam	0.184106706744	0.15661594339	0.197382428455	0.192122236834	0.155739244787	0.0	0.0	0.0	0.152983906318	0.157617884652	0.161249921723	0.151731479742	0.151167887783	0.157743127309	0.154862546183	0.164318366836	0.165195065439	0.155426138143	0.157304778007	0.171206713006	0.14277662972	0.148788277287	0.1518567224	0.0868557830797	0.141461581815	0.0897989855345	0.0482810445238	0.074268895986	0.0690713256935	0.0840378232826	0.0509111403344	0.155927108773	0.154925167512	0.152482935688	0.156177594089	0.170580499718	0.160185359133	0.160310601791	0.147285365395	0.152232450373	0.191496023546	0.168701859853	0.151230509111	0.165633414741	0.142338280418	0.142087795103	0.142839251049	0.138393136702	0.150103325193	0.133446051725	0.14064750454	0.178909136452	0.200576116225	0.174463022105	0.187363015843	0.161563028367	0.149226626589	0.162627590957	0.156052351431	0.154424196881	0.17740622456	0.161563028367	0.148913519945	0.153547498278	0.157367399336	0.15661594339	0.159183417872	0.167198947962	0.135637798234	0.141211096499	0.13745381677
CCIS10793554ST-4-0.freeze11.snv.mod.fix.bam	0.186736802555	0.15717953535	0.194877575302	0.190306218298	0.151543615756	0.15292128499	0.15292128499	0.152983906318	0.0	0.149351869247	0.151355751769	0.143027115035	0.134510614315	0.158932932557	0.142025173774	0.154925167512	0.15398584758	0.162377105642	0.148036821341	0.158431961926	0.146659152107	0.149414490575	0.149038762603	0.0852902498591	0.140209155238	0.0890475295886	0.0446490074519	0.0693844323377	0.0638737554011	0.0795917089361	0.0500970630597	0.149414490575	0.146408666792	0.148913519945	0.155426138143	0.162377105642	0.153171770305	0.154674682197	0.144279541612	0.148725655958	0.178846515123	0.15930866053	0.140835368527	0.163817396205	0.151731479742	0.151167887783	0.152545557017	0.145531968188	0.148913519945	0.141774688459	0.148850898616	0.164005260192	0.19337466341	0.160310601791	0.181539232263	0.153547498278	0.150666917152	0.153547498278	0.123238775127	0.14384119231	0.156052351431	0.15874506857	0.158557204584	0.16193875634	0.158431961926	0.15768050598	0.153046527647	0.16143778571	0.147473229382	0.151606237084	0.148788277287
CCIS11354283ST-4-0.freeze11.snv.mod.fix.bam	0.192247479492	0.167637297263	0.191746508861	0.186862045213	0.141962552445	0.157492641994	0.157743127309	0.157617884652	0.149351869247	0.0	0.157054292692	0.143653328324	0.143778570981	0.159997495147	0.162189241656	0.159934873818	0.16356691089	0.1661970067	0.153359634291	0.162063998998	0.150416431837	0.153109148976	0.147347986724	0.0873567537103	0.144655269585	0.0922412173586	0.0496587137579	0.0746446239589	0.0709499655583	0.0849145218862	0.0497839564156	0.146847016094	0.145657210846	0.141148475171	0.153797983593	0.163316425575	0.148537791972	0.161813513683	0.156490700733	0.155488759471	0.177594088547	0.163128561588	0.15292128499	0.176529525957	0.154361575553	0.153923226251	0.15505041017	0.153046527647	0.158682447242	0.16037322312	0.146909637423	0.180787776317	0.19180913019	0.175527584695	0.191308159559	0.169265451813	0.154737303526	0.155426138143	0.152169829044	0.161062057737	0.15768050598	0.156240215417	0.15824409794	0.161688271025	0.165445550755	0.164756716138	0.150416431837	0.157617884652	0.156177594089	0.159872252489	0.157242156679
CCIS22906510ST-20-0.freeze11.snv.mod.fix.bam	0.193875634041	0.152420314359	0.193813012712	0.189179034379	0.148976141274	0.160999436408	0.161563028367	0.161249921723	0.151355751769	0.157054292692	0.0	0.137704302085	0.149602354562	0.163065940259	0.145845074832	0.160435844449	0.161312543052	0.162752833615	0.161249921723	0.038574738556	0.14334022168	0.155300895485	0.148725655958	0.0891727722462	0.145907696161	0.0948086918404	0.0415805623395	0.0708873442294	0.0656271526082	0.0709499655583	0.0504727910326	0.141211096499	0.138455758031	0.144154298954	0.15235769303	0.154925167512	0.152545557017	0.145907696161	0.148475170643	0.139520320621	0.180913018974	0.1555513808	0.144091677625	0.172271275596	0.154298954224	0.153860604922	0.15505041017	0.153484876949	0.161249921723	0.141398960486	0.158494583255	0.169202830484	0.186674181226	0.161813513683	0.176717389943	0.151167887783	0.149602354562	0.154424196881	0.142839251049	0.153297012963	0.156553322061	0.151606237084	0.150917402467	0.15505041017	0.159058175214	0.158557204584	0.15129313044	0.159120796543	0.146596530778	0.152670799674	0.149414490575
CCIS35100175ST-4-0.freeze11.snv.mod.fix.bam	0.182854280168	0.141649445801	0.184044085415	0.178971757781	0.144154298954	0.151606237084	0.152044586386	0.151731479742	0.143027115035	0.143653328324	0.137704302085	0.0	0.136890224811	0.148913519945	0.146972258751	0.148162063999	0.140021291252	0.150729538481	0.147723714697	0.146095560148	0.135011584946	0.136702360824	0.141586824472	0.0811572421567	0.134134886342	0.0852276285303	0.0399524077901	0.064249483374	0.0594276410545	0.073204333396	0.0490951217985	0.146909637423	0.139520320621	0.130064499969	0.144154298954	0.147848957355	0.147222744067	0.151355751769	0.15129313044	0.137391195441	0.171770304966	0.152796042332	0.138393136702	0.160435844449	0.145907696161	0.145594589517	0.146721773436	0.148162063999	0.145719832175	0.137078088797	0.147723714697	0.159747009832	0.184231949402	0.15768050598	0.169891665101	0.148913519945	0.138080030058	0.146158181477	0.137391195441	0.130064499969	0.157116914021	0.144029056297	0.139770805937	0.143653328324	0.1518567224	0.151355751769	0.138455758031	0.146095560148	0.14759847204	0.151480994427	0.146972258751
CCIS38765456ST-20-0.freeze11.snv.mod.fix.bam	0.180850397645	0.147285365395	0.184607677375	0.179597971069	0.131817897176	0.151105266454	0.151042645125	0.151167887783	0.134510614315	0.143778570981	0.149602354562	0.136890224811	0.0	0.146408666792	0.140710125869	0.155614002129	0.156428079404	0.153860604922	0.144216920283	0.156052351431	0.140960611184	0.132318867806	0.140209155238	0.0785897676749	0.129876635982	0.0822218047467	0.0399524077901	0.0623708435093	0.0598659903563	0.0678815204459	0.0502223057173	0.14384119231	0.1449057549	0.132381489135	0.14972759722	0.154173711566	0.146471288121	0.145344104202	0.142275659089	0.149226626589	0.173273216858	0.142463523076	0.140459640554	0.163191182917	0.140710125869	0.140397019225	0.141461581815	0.136890224811	0.142275659089	0.139081971319	0.139520320621	0.1625023483	0.1837936001	0.160185359133	0.176279040641	0.138080030058	0.148725655958	0.140772747198	0.136264011522	0.137641680756	0.154424196881	0.14597031749	0.148788277287	0.152545557017	0.147535850711	0.146659152107	0.138205272716	0.144843133571	0.144655269585	0.149602354562	0.145719832175
CCIS50471204ST-4-0.freeze11.snv.mod.fix.bam	0.194877575302	0.159559145845	0.200075145595	0.195629031248	0.151731479742	0.157367399336	0.157868369967	0.157743127309	0.158932932557	0.159997495147	0.163065940259	0.148913519945	0.146408666792	0.0	0.156991671363	0.162314484313	0.166009142714	0.0805310288684	0.164255745507	0.168639238525	0.155238274156	0.0723276347924	0.154987788841	0.0959358757593	0.153484876949	0.100006262133	0.0435218235331	0.0683824910765	0.0671300645	0.0870436470662	0.0395140584883	0.159496524516	0.15079215981	0.159433903187	0.160623708435	0.165382929426	0.154361575553	0.164506230822	0.148162063999	0.15980963116	0.186799423884	0.162063998998	0.151042645125	0.17847078715	0.107646064249	0.107520821592	0.108084413551	0.113094119857	0.0537917214603	0.152983906318	0.124929551005	0.177781952533	0.202329513432	0.167512054606	0.184231949402	0.16193875634	0.166071764043	0.158494583255	0.149289247918	0.142651387062	0.173586323502	0.155739244787	0.157116914021	0.16143778571	0.0812824848143	0.0809067568414	0.147848957355	0.155175652827	0.148976141274	0.154862546183	0.150980023796
CCIS54027808ST-4-0.freeze11.snv.mod.fix.bam	0.188427578433	0.157805748638	0.19231010082	0.186361074582	0.144279541612	0.154737303526	0.155113031499	0.154862546183	0.142025173774	0.162189241656	0.145845074832	0.146972258751	0.140710125869	0.156991671363	0.0	0.152608178346	0.150353810508	0.155363516814	0.150854781138	0.154862546183	0.151042645125	0.149790218548	0.148976141274	0.0832863673367	0.136076147536	0.088546558958	0.0451499780825	0.0685703550629	0.0640616193876	0.0779009330578	0.0527897801991	0.154987788841	0.150291189179	0.139332456635	0.154674682197	0.157555263323	0.147848957355	0.139770805937	0.148349927985	0.146972258751	0.176466904628	0.154987788841	0.14703488008	0.164193124178	0.1449057549	0.144154298954	0.145657210846	0.146972258751	0.153046527647	0.139958669923	0.149790218548	0.165821278728	0.190619324942	0.159058175214	0.169390694471	0.143966434968	0.156240215417	0.150353810508	0.13263197445	0.149101383931	0.164756716138	0.154236332895	0.152608178346	0.156490700733	0.15292128499	0.152670799674	0.146659152107	0.153923226251	0.140897989855	0.146721773436	0.142213037761
CCIS76845094ST-20-0.freeze11.snv.mod.fix.bam	0.178971757781	0.13319556641	0.19819650573	0.192936314109	0.150165946521	0.164255745507	0.164380988165	0.164318366836	0.154925167512	0.159934873818	0.160435844449	0.148162063999	0.155614002129	0.162314484313	0.152608178346	0.0	0.162126620327	0.158557204584	0.16193875634	0.171958168952	0.157116914021	0.151418373098	0.142025173774	0.0880455883274	0.14064750454	0.0928048093181	0.054605798735	0.0752708372472	0.0705742375853	0.0790907383055	0.0533533721586	0.16037322312	0.15022856785	0.146471288121	0.147347986724	0.157743127309	0.153234391634	0.154424196881	0.154424196881	0.152858663661	0.172020790281	0.169014966498	0.151167887783	0.162439726971	0.157993612624	0.157054292692	0.158619825913	0.157367399336	0.153860604922	0.14171206713	0.148224685328	0.153797983593	0.194940196631	0.163942638863	0.154298954224	0.149852839877	0.157054292692	0.15717953535	0.154612060868	0.151480994427	0.156678564719	0.163191182917	0.150854781138	0.155363516814	0.162690212286	0.162314484313	0.154987788841	0.163379046903	0.148976141274	0.155113031499	0.150604295823
CCIS78100604ST-4-0.freeze11.snv.mod.fix.bam	0.188490199762	0.161876135012	0.203895046653	0.199073204333	0.14916400526	0.164944580124	0.16513244411	0.165195065439	0.15398584758	0.16356691089	0.161312543052	0.140021291252	0.156428079404	0.166009142714	0.150353810508	0.162126620327	0.0	0.159120796543	0.104828104452	0.164506230822	0.158807689899	0.154612060868	0.147723714697	0.0899868495209	0.14653390945	0.0939946145657	0.0460266766861	0.0717014215042	0.0666917151982	0.0822218047467	0.0543553134198	0.151981965057	0.137829544743	0.147535850711	0.155300895485	0.156929050034	0.150980023796	0.152733421003	0.158431961926	0.148162063999	0.184732920033	0.168764481182	0.154737303526	0.173648944831	0.154173711566	0.153923226251	0.154737303526	0.158682447242	0.156240215417	0.155739244787	0.159058175214	0.176592147285	0.201515436158	0.171081470349	0.18648631724	0.156490700733	0.146972258751	0.154925167512	0.143966434968	0.15611497276	0.174650886092	0.16300331893	0.150980023796	0.155113031499	0.150103325193	0.149289247918	0.152295071701	0.159621767174	0.155864487444	0.161750892354	0.156240215417
CCIS81139242ST-4-0.freeze11.snv.mod.fix.bam	0.197570292442	0.159934873818	0.19819650573	0.194063498027	0.155238274156	0.155426138143	0.155676623458	0.155426138143	0.162377105642	0.1661970067	0.162752833615	0.150729538481	0.153860604922	0.0805310288684	0.155363516814	0.158557204584	0.159120796543	0.0	0.164130502849	0.169202830484	0.154111090237	0.0718892854906	0.15824409794	0.0970630596781	0.153359634291	0.102010144655	0.0495334711003	0.0757718078778	0.0702611309412	0.0871688897238	0.042144154299	0.160185359133	0.155801866116	0.157492641994	0.152420314359	0.163880017534	0.16037322312	0.1625023483	0.151418373098	0.149915461206	0.185860103951	0.166572734673	0.15235769303	0.170580499718	0.0949965558269	0.0943077212098	0.0950591771557	0.102949464588	0.059615505041	0.152420314359	0.118479554136	0.175652827353	0.201327572171	0.167637297263	0.184545056046	0.164881958795	0.15079215981	0.158995553886	0.153484876949	0.153860604922	0.171519819651	0.161375164381	0.159872252489	0.164255745507	0.0736426826977	0.0733921973824	0.153860604922	0.161813513683	0.148913519945	0.154925167512	0.152044586386
CCIS81735969ST-20-0.freeze11.snv.mod.fix.bam	0.180349427015	0.168263510552	0.199448932306	0.194814953973	0.151230509111	0.15717953535	0.157492641994	0.157304778007	0.148036821341	0.153359634291	0.161249921723	0.147723714697	0.144216920283	0.164255745507	0.150854781138	0.16193875634	0.104828104452	0.164130502849	0.0	0.164193124178	0.153860604922	0.154862546183	0.154925167512	0.0869184044085	0.14171206713	0.0926795666604	0.0475295885779	0.0756465652201	0.0722650134636	0.0807188928549	0.0527271588703	0.159371281859	0.148475170643	0.1555513808	0.160936815079	0.16193875634	0.153923226251	0.152858663661	0.146220802805	0.15129313044	0.181539232263	0.162815454944	0.150353810508	0.172146032939	0.152044586386	0.151480994427	0.152733421003	0.152796042332	0.15661594339	0.148162063999	0.15768050598	0.176717389943	0.206963491765	0.164443609493	0.17953534974	0.161563028367	0.152608178346	0.159120796543	0.147974200013	0.151981965057	0.167762539921	0.161563028367	0.151355751769	0.156177594089	0.154236332895	0.15342225562	0.153610119607	0.161249921723	0.153359634291	0.157617884652	0.15292128499
CCMD23101338ST-21-0.freeze11.snv.mod.fix.bam	0.192998935437	0.158619825913	0.193124178095	0.188490199762	0.158807689899	0.171144091678	0.171394576993	0.171206713006	0.158431961926	0.162063998998	0.038574738556	0.146095560148	0.156052351431	0.168639238525	0.154862546183	0.171958168952	0.164506230822	0.169202830484	0.164193124178	0.0	0.147222744067	0.159120796543	0.152670799674	0.0902373348362	0.148537791972	0.096749953034	0.042832988916	0.074268895986	0.0673179284864	0.0756465652201	0.0507858976767	0.147410608053	0.147097501409	0.154737303526	0.159058175214	0.158431961926	0.15824409794	0.159934873818	0.151105266454	0.153234391634	0.181351368276	0.167887782579	0.150541674494	0.176091176655	0.157054292692	0.156991671363	0.157868369967	0.159496524516	0.16569603607	0.151981965057	0.163065940259	0.171394576993	0.191934372847	0.166948462646	0.180787776317	0.157617884652	0.164318366836	0.165069822782	0.150165946521	0.156741186048	0.164694094809	0.165195065439	0.158932932557	0.163316425575	0.163692153547	0.163316425575	0.159433903187	0.167073705304	0.15292128499	0.158431961926	0.1555513808
CCMD25963797ST-21-0.freeze11.snv.mod.fix.bam	0.18968000501	0.153359634291	0.190243596969	0.185233890663	0.146032938819	0.142651387062	0.142839251049	0.14277662972	0.146659152107	0.150416431837	0.14334022168	0.135011584946	0.140960611184	0.155238274156	0.151042645125	0.157116914021	0.158807689899	0.154111090237	0.153860604922	0.147222744067	0.0	0.145719832175	0.14972759722	0.0905504414804	0.143402843008	0.0939946145657	0.0410169703801	0.0681320057612	0.0646878326758	0.077838311729	0.0469659966184	0.149351869247	0.144530026927	0.146721773436	0.149414490575	0.15611497276	0.155739244787	0.153797983593	0.15022856785	0.146784394765	0.176717389943	0.155488759471	0.143653328324	0.167073705304	0.141524203144	0.141023232513	0.142150416432	0.143277600351	0.145344104202	0.13958294195	0.136264011522	0.173022731542	0.193562527397	0.164193124178	0.177594088547	0.148475170643	0.155676623458	0.148349927985	0.140772747198	0.148725655958	0.156866428706	0.151981965057	0.145845074832	0.149664975891	0.154987788841	0.154236332895	0.145719832175	0.153860604922	0.147097501409	0.151480994427	0.149038762603
CCMD63399960ST-21-0.freeze11.snv.mod.fix.bam	0.188302335776	0.158306719269	0.190932431586	0.186674181226	0.147160122738	0.148600413301	0.148725655958	0.148788277287	0.149414490575	0.153109148976	0.155300895485	0.136702360824	0.132318867806	0.0723276347924	0.149790218548	0.151418373098	0.154612060868	0.0718892854906	0.154862546183	0.159120796543	0.145719832175	0.0	0.149978082535	0.0876072390256	0.142526144405	0.0905504414804	0.0444611434655	0.067818899117	0.0637485127434	0.0800300582378	0.0420815329701	0.150980023796	0.143214979022	0.150729538481	0.145782453504	0.161625649696	0.154111090237	0.156365458075	0.145093618887	0.151543615756	0.181539232263	0.156052351431	0.142463523076	0.167261569291	0.106205773687	0.105704803056	0.106518880331	0.105078589768	0.0472164819337	0.14866303463	0.114409167763	0.173523702173	0.193249420753	0.157805748638	0.180725154988	0.154612060868	0.147974200013	0.15717953535	0.140584883211	0.141273717828	0.162189241656	0.148475170643	0.152608178346	0.157430020665	0.07138831486	0.0708247229006	0.140584883211	0.147974200013	0.139457699292	0.144154298954	0.141837309788
CCMD87156761ST-21-0.freeze11.snv.mod.fix.bam	0.173648944831	0.145594589517	0.192685828793	0.187175151857	0.136702360824	0.151919343728	0.1518567224	0.1518567224	0.149038762603	0.147347986724	0.148725655958	0.141586824472	0.140209155238	0.154987788841	0.148976141274	0.142025173774	0.147723714697	0.15824409794	0.154925167512	0.152670799674	0.14972759722	0.149978082535	0.0	0.0857285991609	0.137516438099	0.0911140334398	0.0479679378796	0.0695722963241	0.064249483374	0.0858538418185	0.0522888095685	0.142839251049	0.137328574112	0.136827603482	0.154048468909	0.152545557017	0.146721773436	0.141586824472	0.141774688459	0.142714008391	0.172772246227	0.15768050598	0.128060617446	0.162878076273	0.147848957355	0.147222744067	0.148475170643	0.151105266454	0.155175652827	0.143465464337	0.14384119231	0.163817396205	0.188928549064	0.157430020665	0.168263510552	0.15235769303	0.148162063999	0.147160122738	0.147848957355	0.147911578684	0.159684388503	0.151981965057	0.141398960486	0.146032938819	0.159058175214	0.158306719269	0.137516438099	0.144843133571	0.137766923414	0.143277600351	0.139896048594
M1.3-V1.metaT.freeze11.snv.mod.fix.bam	0.111966935938	0.0822218047467	0.108209656209	0.10495334711	0.0874193750391	0.0867931617509	0.0867305404221	0.0868557830797	0.0852902498591	0.0873567537103	0.0891727722462	0.0811572421567	0.0785897676749	0.0959358757593	0.0832863673367	0.0880455883274	0.0899868495209	0.0970630596781	0.0869184044085	0.0902373348362	0.0905504414804	0.0876072390256	0.0857285991609	0.0	6.26213288246e-05	0.000375727972948	0.0373223119795	0.0572358945457	0.0537917214603	0.0509111403344	0.0375727972948	0.0944329638675	0.0857285991609	0.0792159809631	0.0937441292504	0.0914271400839	0.0833489886655	0.088170830985	0.094620827854	0.0899242281921	0.100820339408	0.0953722837999	0.0827853967061	0.0988164568852	0.0907383054668	0.0906130628092	0.0911766547686	0.0884839376292	0.0915523827416	0.0899868495209	0.0878577243409	0.0880455883274	0.112530527898	0.0989416995429	0.0998810194752	0.0693218110088	0.0861669484626	0.0964994677187	0.0868557830797	0.0871688897238	0.0974387876511	0.0905504414804	0.0846640365709	0.0882334523139	0.0960611184169	0.0948713131693	0.0923664600163	0.098879078214	0.085665977832	0.0891101509174	0.0864800551068
M1.3-V2.metaT.freeze11.snv.mod.fix.bam	0.17796981652	0.133446051725	0.178345544492	0.173586323502	0.142275659089	0.141398960486	0.141211096499	0.141461581815	0.140209155238	0.144655269585	0.145907696161	0.134134886342	0.129876635982	0.153484876949	0.136076147536	0.14064750454	0.14653390945	0.153359634291	0.14171206713	0.148537791972	0.143402843008	0.142526144405	0.137516438099	6.26213288246e-05	0.0	0.000500970630597	0.0452125994114	0.0730164694095	0.065689773937	0.0685703550629	0.050347548375	0.151230509111	0.141085853842	0.126432462897	0.150541674494	0.146596530778	0.138894107333	0.142338280418	0.152796042332	0.138455758031	0.164819337466	0.152420314359	0.137391195441	0.15824409794	0.145782453504	0.145719832175	0.146346045463	0.146032938819	0.148036821341	0.140271776567	0.144279541612	0.143653328324	0.181413989605	0.156929050034	0.157617884652	0.114221303776	0.136764982153	0.151606237084	0.139269835306	0.141148475171	0.155488759471	0.146158181477	0.13958294195	0.143778570981	0.149664975891	0.148600413301	0.149038762603	0.156490700733	0.138768864675	0.142651387062	0.139833427265
M1.3-V3.metaT.freeze11.snv.mod.fix.bam	0.116413050285	0.0870436470662	0.11240528524	0.109963053416	0.0900494708498	0.0897989855345	0.0897989855345	0.0897989855345	0.0890475295886	0.0922412173586	0.0948086918404	0.0852276285303	0.0822218047467	0.100006262133	0.088546558958	0.0928048093181	0.0939946145657	0.102010144655	0.0926795666604	0.096749953034	0.0939946145657	0.0905504414804	0.0911140334398	0.000375727972948	0.000500970630597	0.0	0.0390757091865	0.0629970567975	0.0565470599286	0.0530402655144	0.0393888158307	0.0986912142276	0.0886091802868	0.0817834554449	0.0997557768176	0.0973761663222	0.0902999561651	0.0929926733045	0.100256747448	0.0930552946334	0.107458200263	0.100194126119	0.0882960736427	0.100507232763	0.0959358757593	0.095685390444	0.0962489824034	0.0949339344981	0.0962489824034	0.0924290813451	0.093180537291	0.0929300519757	0.11559897301	0.103763541862	0.105516939069	0.0750203519319	0.091051412111	0.101509174025	0.0903625774939	0.0924917026739	0.102698979272	0.0968751956917	0.0913018974263	0.0951844198134	0.0996305341599	0.0985659715699	0.0976266516375	0.104389755151	0.0901120921786	0.0940572358945	0.0908009267957
M2.1-V2.metaT.freeze11.snv.mod.fix.bam	0.0590519130816	0.0505980336903	0.0573611372033	0.0552320120233	0.0466528899743	0.0479053165508	0.0480305592085	0.0482810445238	0.0446490074519	0.0496587137579	0.0415805623395	0.0399524077901	0.0399524077901	0.0435218235331	0.0451499780825	0.054605798735	0.0460266766861	0.0495334711003	0.0475295885779	0.042832988916	0.0410169703801	0.0444611434655	0.0479679378796	0.0373223119795	0.0452125994114	0.0390757091865	0.0	0.0341286242094	0.0324378483311	0.0181601853591	0.0241092115975	0.0427077462584	0.0418310476548	0.0484689085102	0.0469033752896	0.0498465777444	0.0490951217985	0.0465276473167	0.0438349301772	0.0448994927672	0.0584256997933	0.0468407539608	0.039639301146	0.0524140522262	0.0436470661907	0.0436470661907	0.0439601728349	0.0422693969566	0.0461519193437	0.0443985221366	0.0469033752896	0.0517878389379	0.0559834679692	0.0520383242532	0.0551693906945	0.049282985785	0.0510990043209	0.0420815329701	0.0427077462584	0.0308096937817	0.0514747322938	0.0475922099067	0.0476548312355	0.0498465777444	0.0466528899743	0.0458388126996	0.043897551506	0.0467155113031	0.0418936689837	0.0455257060555	0.0434592022043
M2.2-V2.metaT.freeze11.snv.mod.fix.bam	0.0861669484626	0.0737679253554	0.0866052977644	0.0832863673367	0.0680067631035	0.074268895986	0.0740184106707	0.074268895986	0.0693844323377	0.0746446239589	0.0708873442294	0.064249483374	0.0623708435093	0.0683824910765	0.0685703550629	0.0752708372472	0.0717014215042	0.0757718078778	0.0756465652201	0.074268895986	0.0681320057612	0.067818899117	0.0695722963241	0.0572358945457	0.0730164694095	0.0629970567975	0.0341286242094	0.0	0.000939319932369	0.0469659966184	0.0325630909888	0.0666290938694	0.064625211347	0.0708247229006	0.0741436533283	0.0716388001753	0.0746446239589	0.0686329763918	0.0670674431711	0.0640616193876	0.0837873379673	0.0708247229006	0.0674431711441	0.0728912267518	0.0694470536665	0.0697601603106	0.0700106456259	0.0711378295447	0.070699480243	0.0712630722024	0.0689460830359	0.0804684075396	0.088170830985	0.0733921973824	0.0884839376292	0.0721397708059	0.0729538480807	0.069634917653	0.0614941449058	0.064249483374	0.06925918968	0.0709499655583	0.0697601603106	0.0719519068195	0.0735174400401	0.072828605423	0.0666917151982	0.0711378295447	0.0658776379235	0.0686955977206	0.0648130753335
M2.2-V3.metaT.freeze11.snv.mod.fix.bam	0.0808441355126	0.06925918968	0.0831611246791	0.0798421942514	0.064625211347	0.06925918968	0.0691339470224	0.0690713256935	0.0638737554011	0.0709499655583	0.0656271526082	0.0594276410545	0.0598659903563	0.0671300645	0.0640616193876	0.0705742375853	0.0666917151982	0.0702611309412	0.0722650134636	0.0673179284864	0.0646878326758	0.0637485127434	0.064249483374	0.0537917214603	0.065689773937	0.0565470599286	0.0324378483311	0.000939319932369	0.0	0.0447116287808	0.0313732857411	0.0613689022481	0.0624334648381	0.0660028805811	0.0691339470224	0.0700732669547	0.0698854029683	0.0665038512117	0.063560648757	0.0618072515499	0.0791533596343	0.0684451124053	0.0626839501534	0.0699480242971	0.0665038512117	0.0666917151982	0.0670674431711	0.0685077337341	0.0684451124053	0.0691965683512	0.0656271526082	0.0770868557831	0.0837873379673	0.0675057924729	0.0830985033502	0.0666290938694	0.0704489949277	0.0680067631035	0.0579873504916	0.0614315235769	0.0668795791847	0.0681320057612	0.0636858914146	0.065689773937	0.0653140459641	0.0648756966623	0.0650635606488	0.0698227816394	0.0611810382616	0.0636232700858	0.0611184169328
M2.5-V2.metaT.freeze11.snv.mod.fix.bam	0.109712568101	0.0773999624272	0.104452376479	0.101571795353	0.0788402529902	0.0841004446114	0.083912580625	0.0840378232826	0.0795917089361	0.0849145218862	0.0709499655583	0.073204333396	0.0678815204459	0.0870436470662	0.0779009330578	0.0790907383055	0.0822218047467	0.0871688897238	0.0807188928549	0.0756465652201	0.077838311729	0.0800300582378	0.0858538418185	0.0509111403344	0.0685703550629	0.0530402655144	0.0181601853591	0.0469659966184	0.0447116287808	0.0	0.0317490137141	0.0784645250172	0.0772747197696	0.0837873379673	0.0784645250172	0.0841630659403	0.0829732606926	0.0765232638237	0.081031999499	0.0801553008955	0.0961863610746	0.085665977832	0.0745193813013	0.0869184044085	0.0800926795667	0.0797795729225	0.0805936501973	0.0793412236208	0.0837873379673	0.0691339470224	0.0812198634855	0.0861043271338	0.105015968439	0.0854154925168	0.0946834491828	0.0782140397019	0.0820339407602	0.0830358820214	0.0769616131254	0.0785897676749	0.0842256872691	0.0867931617509	0.0779009330578	0.0813451061432	0.0816582127873	0.0807815141837	0.0812824848143	0.0872941323815	0.0784019036884	0.0822844260755	0.0775878264137
M4.3-V1.metaT.freeze11.snv.mod.fix.bam	0.06606550191	0.0521009455821	0.0639363767299	0.062120358194	0.0505980336903	0.0504727910326	0.0506606550191	0.0509111403344	0.0500970630597	0.0497839564156	0.0504727910326	0.0490951217985	0.0502223057173	0.0395140584883	0.0527897801991	0.0533533721586	0.0543553134198	0.042144154299	0.0527271588703	0.0507858976767	0.0469659966184	0.0420815329701	0.0522888095685	0.0375727972948	0.050347548375	0.0393888158307	0.0241092115975	0.0325630909888	0.0313732857411	0.0317490137141	0.0	0.0512868683073	0.0475295885779	0.0549189053792	0.0502849270462	0.0568601665727	0.0517252176091	0.057110651888	0.0505354123615	0.0531028868433	0.0588640490951	0.0521009455821	0.0493456071138	0.0568601665727	0.0335024109212	0.0328761976329	0.0333771682635	0.0343164881959	0.0384494958983	0.0492203644561	0.0370718266642	0.0590519130816	0.0688834617071	0.0575490011898	0.0612436595905	0.0544179347486	0.0505980336903	0.0530402655144	0.0474043459202	0.0469659966184	0.054605798735	0.051412110965	0.0530402655144	0.0549189053792	0.039263573173	0.0388252238713	0.0479679378796	0.0507858976767	0.0454630847267	0.0469659966184	0.0450873567537
MH0307.freeze11.snv.mod.fix.bam	0.183230008141	0.157430020665	0.19287369278	0.188302335776	0.143214979022	0.155426138143	0.155363516814	0.155927108773	0.149414490575	0.146847016094	0.141211096499	0.146909637423	0.14384119231	0.159496524516	0.154987788841	0.16037322312	0.151981965057	0.160185359133	0.159371281859	0.147410608053	0.149351869247	0.150980023796	0.142839251049	0.0944329638675	0.151230509111	0.0986912142276	0.0427077462584	0.0666290938694	0.0613689022481	0.0784645250172	0.0512868683073	0.0	0.144843133571	0.14440478427	0.146346045463	0.159120796543	0.142651387062	0.14546934686	0.151480994427	0.124553823032	0.173273216858	0.16143778571	0.142714008391	0.167198947962	0.150729538481	0.150917402467	0.151543615756	0.145030997558	0.15292128499	0.145218861544	0.14597031749	0.171081470349	0.185296511992	0.158807689899	0.184231949402	0.157617884652	0.146784394765	0.151543615756	0.151794101071	0.147535850711	0.159997495147	0.157430020665	0.152044586386	0.155739244787	0.153860604922	0.153359634291	0.150854781138	0.158306719269	0.149915461206	0.155488759471	0.151543615756
MH0442.freeze11.snv.mod.fix.bam	0.178345544492	0.150541674494	0.183543114785	0.178721272465	0.141273717828	0.154799924854	0.154674682197	0.154925167512	0.146408666792	0.145657210846	0.138455758031	0.139520320621	0.1449057549	0.15079215981	0.150291189179	0.15022856785	0.137829544743	0.155801866116	0.148475170643	0.147097501409	0.144530026927	0.143214979022	0.137328574112	0.0857285991609	0.141085853842	0.0886091802868	0.0418310476548	0.064625211347	0.0624334648381	0.0772747197696	0.0475295885779	0.144843133571	0.0	0.143903813639	0.141211096499	0.152608178346	0.141211096499	0.141148475171	0.138956728662	0.138706243346	0.177155739245	0.15129313044	0.137892166072	0.160561087106	0.145594589517	0.144968376229	0.146283424134	0.140584883211	0.146909637423	0.131191683888	0.142275659089	0.165508172083	0.183730978771	0.157805748638	0.173899430146	0.152107207715	0.138768864675	0.142213037761	0.144530026927	0.149602354562	0.151668858413	0.14866303463	0.14064750454	0.145281482873	0.151919343728	0.150980023796	0.144467405598	0.152107207715	0.136138768865	0.141774688459	0.138330515374
