	160400887-stool1.freeze11.snv.mod.fix.bam	764467579-stool3.freeze11.snv.mod.fix.bam	CCIS64785924ST-20-0.freeze11.snv.mod.fix.bam	CCMD82866709ST-21-0.freeze11.snv.mod.fix.bam	MH0253.freeze11.snv.mod.fix.bam	MH0329.freeze11.snv.mod.fix.bam	MH0346.freeze11.snv.mod.fix.bam	MH0365.freeze11.snv.mod.fix.bam	MH0368.freeze11.snv.mod.fix.bam	MH0374.freeze11.snv.mod.fix.bam	MH0385.freeze11.snv.mod.fix.bam	MH0422.freeze11.snv.mod.fix.bam	MH0448.freeze11.snv.mod.fix.bam	MH0451.freeze11.snv.mod.fix.bam	MH0458.freeze11.snv.mod.fix.bam	MMRS32573774ST-27-0-0.freeze11.snv.mod.fix.bam	MMRS38861560ST-27-0-0.freeze11.snv.mod.fix.bam	MMRS47662059ST-27-0-0.freeze11.snv.mod.fix.bam	MMRS51737257ST-27-0-0.freeze11.snv.mod.fix.bam	MMRS57276462ST-27-0-0.freeze11.snv.mod.fix.bam	MMRS88581325ST-27-0-0.freeze11.snv.mod.fix.bam	NG-5636_462.freeze11.snv.mod.fix.bam	O2.UC4-1.freeze11.snv.mod.fix.bam	SAMEA3136644.freeze11.snv.mod.fix.bam	SAMEA3178937.freeze11.snv.mod.fix.bam	V1.UC10-2.freeze11.snv.mod.fix.bam
160400887-stool1.freeze11.snv.mod.fix.bam	0.0	0.131269364165	0.131479495293	0.131029590667	0.184756241054	0.14230472128	0.131027681859	0.200678023486	0.132918131373	0.14575092088	0.134465853105	0.135042497685	0.144460017479	0.135710240315	0.140915987298	0.151712171796	0.137040427919	0.134771276922	0.138891652093	0.16581099198	0.129177321211	0.132178456223	0.137351288647	0.137322233237	0.138608987644	0.139552634036
764467579-stool3.freeze11.snv.mod.fix.bam	0.131269364165	0.0	0.131383726693	0.129960234517	0.184701317168	0.138635536484	0.130966756541	0.199663687961	0.134625041084	0.143346621704	0.131199620638	0.134881583639	0.141262258283	0.132160766714	0.139693499895	0.150180860289	0.137040902244	0.13216306032	0.134324767292	0.163447157033	0.130903147857	0.132276698249	0.136385872359	0.135525548098	0.136929403599	0.138081927911
CCIS64785924ST-20-0.freeze11.snv.mod.fix.bam	0.131479495293	0.131383726693	0.0	0.134371842319	0.184319754438	0.136579852457	0.140136620617	0.199798662373	0.129830597014	0.141336781163	0.132257237065	0.135668054119	0.136198147471	0.137577363959	0.137889460903	0.146948892655	0.142624148116	0.13175724633	0.138024524611	0.160783051427	0.135006683555	0.136476486125	0.136075128096	0.140032228783	0.128670021336	0.13921410299
CCMD82866709ST-21-0.freeze11.snv.mod.fix.bam	0.131029590667	0.129960234517	0.134371842319	0.0	0.183214497136	0.142249573637	0.125714758201	0.200525531527	0.132603456875	0.140711658765	0.132018089307	0.133477675049	0.14288086616	0.131355573032	0.140608102867	0.148598582312	0.123519827495	0.132721994523	0.126176860063	0.161769918812	0.125021642542	0.129457045105	0.135118518701	0.127021570058	0.136186521841	0.13645121108
MH0253.freeze11.snv.mod.fix.bam	0.184756241054	0.184701317168	0.184319754438	0.183214497136	0.0	0.186796712058	0.186037963045	0.198561746193	0.182887593805	0.187128876981	0.18460270037	0.184906779531	0.184369937545	0.187829483551	0.186434127097	0.190171016029	0.187101624087	0.181526191814	0.186946624724	0.18334624104	0.183931994558	0.184055096323	0.188010855782	0.187026369979	0.184643605494	0.187584489047
MH0329.freeze11.snv.mod.fix.bam	0.14230472128	0.138635536484	0.136579852457	0.142249573637	0.186796712058	0.0	0.147095979838	0.201498434183	0.135049003972	0.144146156533	0.139485287484	0.139933602764	0.143597477632	0.145147744131	0.139974982347	0.154368535369	0.148888166197	0.137082684939	0.146466013842	0.160288856618	0.144572955929	0.144614320965	0.141224864111	0.148582544161	0.137231407791	0.142609296328
MH0346.freeze11.snv.mod.fix.bam	0.131027681859	0.130966756541	0.140136620617	0.125714758201	0.186037963045	0.147095979838	0.0	0.202947304642	0.138344267377	0.145567867171	0.136552841178	0.134108184214	0.143519601909	0.129537079942	0.146486409315	0.15126553514	0.133206574671	0.135215067092	0.128159746564	0.166825841642	0.127389910536	0.130954918442	0.141409613521	0.135838975078	0.140686325875	0.14071809584
MH0365.freeze11.snv.mod.fix.bam	0.200678023486	0.199663687961	0.199798662373	0.200525531527	0.198561746193	0.201498434183	0.202947304642	0.0	0.200075762088	0.202200179831	0.201875258859	0.201860794519	0.201757873471	0.204885920763	0.202883118924	0.20612087583	0.204650224192	0.198424732067	0.204254838777	0.198007022919	0.20046171479	0.201297758897	0.201897404287	0.203429884935	0.202380218671	0.203239199357
MH0368.freeze11.snv.mod.fix.bam	0.132918131373	0.134625041084	0.129830597014	0.132603456875	0.182887593805	0.135049003972	0.138344267377	0.200075762088	0.0	0.14061506399	0.131402687424	0.134873071822	0.138810601499	0.136686666717	0.137776729364	0.149567656088	0.141934339659	0.132269735083	0.138179582777	0.161394331742	0.135407014167	0.136887024758	0.136449479221	0.141300941639	0.130316309334	0.136708402497
MH0374.freeze11.snv.mod.fix.bam	0.14575092088	0.143346621704	0.141336781163	0.140711658765	0.187128876981	0.144146156533	0.145567867171	0.202200179831	0.14061506399	0.0	0.142970998432	0.145572731997	0.147119922528	0.146915076351	0.147695218797	0.158078741743	0.147199218735	0.143616922725	0.144390758173	0.160362785221	0.145562512716	0.14668001602	0.145780535673	0.149368431698	0.142669078256	0.147261682306
MH0385.freeze11.snv.mod.fix.bam	0.134465853105	0.131199620638	0.132257237065	0.132018089307	0.18460270037	0.139485287484	0.136552841178	0.201875258859	0.131402687424	0.142970998432	0.0	0.134614594234	0.143079053145	0.130854201575	0.140351040974	0.150689071208	0.139706599551	0.132508687908	0.132461452931	0.165214776306	0.133264909336	0.134386146439	0.135728364461	0.137466339718	0.137443471903	0.13975187141
MH0422.freeze11.snv.mod.fix.bam	0.135042497685	0.134881583639	0.135668054119	0.133477675049	0.184906779531	0.139933602764	0.134108184214	0.201860794519	0.134873071822	0.145572731997	0.134614594234	0.0	0.143206492312	0.129483381353	0.139041640518	0.14953160897	0.139661279347	0.133330494515	0.134991407482	0.163010910034	0.133933457863	0.134092534547	0.134774188557	0.139430457197	0.137332549739	0.135831180605
MH0448.freeze11.snv.mod.fix.bam	0.144460017479	0.141262258283	0.136198147471	0.14288086616	0.184369937545	0.143597477632	0.143519601909	0.201757873471	0.138810601499	0.147119922528	0.143079053145	0.143206492312	0.0	0.145142053987	0.142673122493	0.154353875569	0.145885315574	0.140640560834	0.145753332331	0.164846089812	0.142602411641	0.14527053023	0.143565087872	0.148373781344	0.140051162043	0.145316313875
MH0451.freeze11.snv.mod.fix.bam	0.135710240315	0.132160766714	0.137577363959	0.131355573032	0.187829483551	0.145147744131	0.129537079942	0.204885920763	0.136686666717	0.146915076351	0.130854201575	0.129483381353	0.145142053987	0.0	0.142505639823	0.153353936471	0.13034384482	0.135919157488	0.134285653049	0.168092019765	0.130195371272	0.130689763605	0.139039235475	0.137684661225	0.142684989232	0.140746784277
MH0458.freeze11.snv.mod.fix.bam	0.140915987298	0.139693499895	0.137889460903	0.140608102867	0.186434127097	0.139974982347	0.146486409315	0.202883118924	0.137776729364	0.147695218797	0.140351040974	0.139041640518	0.142673122493	0.142505639823	0.0	0.152351705979	0.146113303316	0.136588642123	0.145264173146	0.16708248841	0.143376149529	0.144354957933	0.14384260967	0.14873360349	0.140878577532	0.143743901333
MMRS32573774ST-27-0-0.freeze11.snv.mod.fix.bam	0.151712171796	0.150180860289	0.146948892655	0.148598582312	0.190171016029	0.154368535369	0.15126553514	0.20612087583	0.149567656088	0.158078741743	0.150689071208	0.14953160897	0.154353875569	0.153353936471	0.152351705979	0.0	0.155303946331	0.147693667512	0.153997856826	0.174875171757	0.150846820538	0.150064301949	0.152675830196	0.155020194551	0.152459409868	0.153086253665
MMRS38861560ST-27-0-0.freeze11.snv.mod.fix.bam	0.137040427919	0.137040902244	0.142624148116	0.123519827495	0.187101624087	0.148888166197	0.133206574671	0.204650224192	0.141934339659	0.147199218735	0.139706599551	0.139661279347	0.145885315574	0.13034384482	0.146113303316	0.155303946331	0.0	0.137234122919	0.131213402273	0.168301387825	0.128382747776	0.131128630857	0.1435588596	0.132073686309	0.142752155846	0.144621410363
MMRS47662059ST-27-0-0.freeze11.snv.mod.fix.bam	0.134771276922	0.13216306032	0.13175724633	0.132721994523	0.181526191814	0.137082684939	0.135215067092	0.198424732067	0.132269735083	0.143616922725	0.132508687908	0.133330494515	0.140640560834	0.135919157488	0.136588642123	0.147693667512	0.137234122919	0.0	0.136711353271	0.160479545912	0.134698568034	0.134339744135	0.133830847187	0.138102982147	0.13546245581	0.137438849101
MMRS51737257ST-27-0-0.freeze11.snv.mod.fix.bam	0.138891652093	0.134324767292	0.138024524611	0.126176860063	0.186946624724	0.146466013842	0.128159746564	0.204254838777	0.138179582777	0.144390758173	0.132461452931	0.134991407482	0.145753332331	0.134285653049	0.145264173146	0.153997856826	0.131213402273	0.136711353271	0.0	0.16570522874	0.128280290771	0.134212827435	0.141667819981	0.107600696143	0.14055320022	0.14162843346
MMRS57276462ST-27-0-0.freeze11.snv.mod.fix.bam	0.16581099198	0.163447157033	0.160783051427	0.161769918812	0.18334624104	0.160288856618	0.166825841642	0.198007022919	0.161394331742	0.160362785221	0.165214776306	0.163010910034	0.164846089812	0.168092019765	0.16708248841	0.174875171757	0.168301387825	0.160479545912	0.16570522874	0.0	0.165709952248	0.164499434413	0.167744467012	0.167971293697	0.161823817669	0.166800020618
MMRS88581325ST-27-0-0.freeze11.snv.mod.fix.bam	0.129177321211	0.130903147857	0.135006683555	0.125021642542	0.183931994558	0.144572955929	0.127389910536	0.20046171479	0.135407014167	0.145562512716	0.133264909336	0.133933457863	0.142602411641	0.130195371272	0.143376149529	0.150846820538	0.128382747776	0.134698568034	0.128280290771	0.165709952248	0.0	0.129599561564	0.138957018188	0.1285889555	0.139619013715	0.140500998253
NG-5636_462.freeze11.snv.mod.fix.bam	0.132178456223	0.132276698249	0.136476486125	0.129457045105	0.184055096323	0.144614320965	0.130954918442	0.201297758897	0.136887024758	0.14668001602	0.134386146439	0.134092534547	0.14527053023	0.130689763605	0.144354957933	0.150064301949	0.131128630857	0.134339744135	0.134212827435	0.164499434413	0.129599561564	0.0	0.137081167852	0.135700480401	0.138575103974	0.140355722844
O2.UC4-1.freeze11.snv.mod.fix.bam	0.137351288647	0.136385872359	0.136075128096	0.135118518701	0.188010855782	0.141224864111	0.141409613521	0.201897404287	0.136449479221	0.145780535673	0.135728364461	0.134774188557	0.143565087872	0.139039235475	0.14384260967	0.152675830196	0.1435588596	0.133830847187	0.141667819981	0.167744467012	0.138957018188	0.137081167852	0.0	0.141441426317	0.140162045505	0.137474824238
SAMEA3136644.freeze11.snv.mod.fix.bam	0.137322233237	0.135525548098	0.140032228783	0.127021570058	0.187026369979	0.148582544161	0.135838975078	0.203429884935	0.141300941639	0.149368431698	0.137466339718	0.139430457197	0.148373781344	0.137684661225	0.14873360349	0.155020194551	0.132073686309	0.138102982147	0.107600696143	0.167971293697	0.1285889555	0.135700480401	0.141441426317	0.0	0.14279834927	0.1459448592
SAMEA3178937.freeze11.snv.mod.fix.bam	0.138608987644	0.136929403599	0.128670021336	0.136186521841	0.184643605494	0.137231407791	0.140686325875	0.202380218671	0.130316309334	0.142669078256	0.137443471903	0.137332549739	0.140051162043	0.142684989232	0.140878577532	0.152459409868	0.142752155846	0.13546245581	0.14055320022	0.161823817669	0.139619013715	0.138575103974	0.140162045505	0.14279834927	0.0	0.141220810112
V1.UC10-2.freeze11.snv.mod.fix.bam	0.139552634036	0.138081927911	0.13921410299	0.13645121108	0.187584489047	0.142609296328	0.14071809584	0.203239199357	0.136708402497	0.147261682306	0.13975187141	0.135831180605	0.145316313875	0.140746784277	0.143743901333	0.153086253665	0.144621410363	0.137438849101	0.14162843346	0.166800020618	0.140500998253	0.140355722844	0.137474824238	0.1459448592	0.141220810112	0.0
