	147406386-stool3.freeze11.snv.mod.fix.bam	158256496-stool2.freeze11.snv.mod.fix.bam	158499257-stool1.freeze11.snv.mod.fix.bam	158499257-stool2.freeze11.snv.mod.fix.bam	158924089-stool2.freeze11.snv.mod.fix.bam	158984779-stool1.freeze11.snv.mod.fix.bam	159005010-stool2.freeze11.snv.mod.fix.bam	159166850-stool1.freeze11.snv.mod.fix.bam	159227541-stool1.freeze11.snv.mod.fix.bam	159227541-stool2.freeze11.snv.mod.fix.bam	159288231-stool1.freeze11.snv.mod.fix.bam	159429842-stool1.freeze11.snv.mod.fix.bam	159571453-stool1.freeze11.snv.mod.fix.bam	159571453-stool2.freeze11.snv.mod.fix.bam	159733294-stool1.freeze11.snv.mod.fix.bam	160158126-stool1.freeze11.snv.mod.fix.bam	160158126-stool2.freeze11.snv.mod.fix.bam	160582958-stool1.freeze11.snv.mod.fix.bam	160582958-stool2.freeze11.snv.mod.fix.bam	160582958-stool3.freeze11.snv.mod.fix.bam	160603188-stool1.freeze11.snv.mod.fix.bam	161230322-stool1.freeze11.snv.mod.fix.bam	370027359-stool2.freeze11.snv.mod.fix.bam	404239096-stool1.freeze11.snv.mod.fix.bam	686765762-stool1.freeze11.snv.mod.fix.bam	686765762-stool2.freeze11.snv.mod.fix.bam	686765762-stool3.freeze11.snv.mod.fix.bam	763395383-stool3.freeze11.snv.mod.fix.bam	763435843-stool2.freeze11.snv.mod.fix.bam	763678604-stool1.freeze11.snv.mod.fix.bam	763678604-stool2.freeze11.snv.mod.fix.bam	764224817-stool1.freeze11.snv.mod.fix.bam	764224817-stool2.freeze11.snv.mod.fix.bam	764811490-stool2.freeze11.snv.mod.fix.bam	765074482-stool1.freeze11.snv.mod.fix.bam	765074482-stool2.freeze11.snv.mod.fix.bam	765074482-stool3.freeze11.snv.mod.fix.bam	765519544-stool3.freeze11.snv.mod.fix.bam	809635352-stool3.freeze11.snv.mod.fix.bam	823052294-stool1.freeze11.snv.mod.fix.bam	823052294-stool3.freeze11.snv.mod.fix.bam	863126187-stool3.freeze11.snv.mod.fix.bam	BYQ_AAAO.freeze11.snv.mod.fix.bam	CCIS24254057ST-4-0.freeze11.snv.mod.fix.bam	CCIS46467422ST-4-0.freeze11.snv.mod.fix.bam	CCIS71301801ST-4-0.freeze11.snv.mod.fix.bam	CCIS91228662ST-4-0.freeze11.snv.mod.fix.bam	DLM001.freeze11.snv.mod.fix.bam	ED10A.freeze11.snv.mod.fix.bam	MH0199.freeze11.snv.mod.fix.bam	MH0206.freeze11.snv.mod.fix.bam	MH0335.freeze11.snv.mod.fix.bam	MH0389.freeze11.snv.mod.fix.bam	MMRS31306426ST-27-0-0.freeze11.snv.mod.fix.bam	MMRS64281211ST-27-0-0.freeze11.snv.mod.fix.bam	MMRS68630931ST-27-0-0.freeze11.snv.mod.fix.bam	MMRS68910755ST-27-0-0.freeze11.snv.mod.fix.bam	MMRS81135225ST-27-0-0.freeze11.snv.mod.fix.bam	MMRS85382779ST-27-0-0.freeze11.snv.mod.fix.bam	MMRS85438660ST-27-0-0.freeze11.snv.mod.fix.bam	N001A.freeze11.snv.mod.fix.bam	N003A.freeze11.snv.mod.fix.bam	NLM006.freeze11.snv.mod.fix.bam	O2.UC26-1.freeze11.snv.mod.fix.bam	O2.UC28-1.freeze11.snv.mod.fix.bam	O2.UC41-1.freeze11.snv.mod.fix.bam	O2.UC5-1.freeze11.snv.mod.fix.bam	O2.UC9-1.freeze11.snv.mod.fix.bam	T2D-105A.freeze11.snv.mod.fix.bam	T2D-10A.freeze11.snv.mod.fix.bam	T2D-134A.freeze11.snv.mod.fix.bam	T2D-157A.freeze11.snv.mod.fix.bam	T2D-17A.freeze11.snv.mod.fix.bam	T2D-206A.freeze11.snv.mod.fix.bam	T2D-78A.freeze11.snv.mod.fix.bam	T2D-81A.freeze11.snv.mod.fix.bam	V1.CD17-4.freeze11.snv.mod.fix.bam	V1.CD20-0.freeze11.snv.mod.fix.bam	V1.CD32-0.freeze11.snv.mod.fix.bam	V1.CD32-4.freeze11.snv.mod.fix.bam	V1.FI26.freeze11.snv.mod.fix.bam	V1.FI37.freeze11.snv.mod.fix.bam	V1.UC11-5.freeze11.snv.mod.fix.bam	V1.UC38-4.freeze11.snv.mod.fix.bam	V1.UC60-0.freeze11.snv.mod.fix.bam	daisy-11-0-0.freeze11.snv.mod.fix.bam	daisy-11-2-0.freeze11.snv.mod.fix.bam	daisy-11-60-0.freeze11.snv.mod.fix.bam	daisy-11-7-0.freeze11.snv.mod.fix.bam
147406386-stool3.freeze11.snv.mod.fix.bam	0.0	0.0410048077626	0.323990589061	0.32581724657	0.0912598091508	0.0411363271032	0.0421592553083	0.132483815814	0.134573512005	0.133360611419	0.0857652233637	0.085633704023	0.0398503602169	0.0399672662974	0.0426707194108	0.0959652788941	0.0956876269527	0.296868378367	0.309581914629	0.288977217928	0.13964431325	0.000964475164765	0.0768072949394	0.143224561968	0.0424807470299	0.0414432055647	0.0328798351624	0.0426268796306	0.14369218629	0.00119828732592	0.00118367406585	0.0855606377227	0.0830909967705	0.000116906080578	0.347444871476	0.338384650232	0.321316362467	0.0845230962575	0.145124285777	0.0178281772881	0.000189972380938	0.0831202232906	0.101620610542	0.132220777133	0.131417047829	0.138782130906	0.0907191185282	0.127076909588	0.075915886075	0.0856044775029	0.133959755082	0.27725738335	0.134953456767	0.0455933714252	0.135844865631	0.0850491736201	0.314667329134	0.0885271295173	0.0842600575762	0.0426414928906	0.134763484386	0.340927357484	0.329645920708	0.137496164019	0.319577384519	0.30962575441	0.0731685931815	0.0851806929608	0.336733351843	0.133316771639	0.26713039412	0.120895500577	0.0750683169908	0.0877818532536	0.134281246803	0.136356329734	0.0746737589689	0.0746737589689	0.123788926072	0.126053981383	0.0866127924479	0.0785901126682	0.138504478964	0.0778448364046	0.0737531235843	0.0838362730342	0.0852391460011	0.0856775438032	0.0852099194809
158256496-stool2.freeze11.snv.mod.fix.bam	0.0410048077626	0.0	0.321681693969	0.323552191258	0.0909821572095	0.00531922666628	0.00623986205082	0.130554865485	0.130949423507	0.129678069881	0.0829156376496	0.0805921292981	0.00216276249068	0.00227966857126	0.00208969619032	0.0936417705426	0.0933933451214	0.293960339612	0.306834621736	0.285616168111	0.13774458944	0.042100802268	0.0741769081264	0.142537738744	0.00324414373603	0.00306878461516	0.00223582879104	0.00698513831451	0.143253788488	0.0424369072496	0.0424807470299	0.0831640630708	0.080358317137	0.0421446420482	0.344799871403	0.335637357338	0.318247577852	0.0814396983823	0.144642048195	0.0424953602899	0.0422761613888	0.0779617424851	0.100071604974	0.130233373763	0.129210445558	0.138022241382	0.0892577925209	0.125966301822	0.0735631512034	0.0825649194079	0.131899285412	0.274553930236	0.132673788195	0.0355832882758	0.133901302041	0.0825503061478	0.312022329061	0.0847715216788	0.0818780961845	0.00485160234397	0.133725942921	0.338589235873	0.327643904079	0.13565489325	0.318101445251	0.307477605179	0.0725548362584	0.0834563282723	0.334614429133	0.131343981529	0.263462465842	0.118162820944	0.075506714793	0.084420803437	0.132542268855	0.134471219184	0.0737677368444	0.0747322120092	0.121684616621	0.124373456474	0.0854583449022	0.0775964109833	0.136473235814	0.07489295787	0.0706112726688	0.0809574607999	0.0823457205068	0.082798731569	0.0824041735471
158499257-stool1.freeze11.snv.mod.fix.bam	0.323990589061	0.321681693969	0.0	0.00013151934065	0.293916499832	0.319650450819	0.320687992284	0.313322909208	0.314959594336	0.31381976005	0.329236749426	0.327190893016	0.322178544812	0.322295450892	0.321667080709	0.324633572504	0.324575119463	0.166357352662	0.173152518595	0.164939866435	0.317926086131	0.325758793529	0.311861583201	0.301427715509	0.32185705309	0.320673379024	0.306103958732	0.320600312724	0.302450643714	0.326723268694	0.327044760416	0.328433020122	0.3238298432	0.326884014555	0.187064342184	0.183600999547	0.176981192734	0.328330727302	0.303751223861	0.24502053163	0.326825561515	0.325159649866	0.317677660709	0.311876196461	0.307185339977	0.301354649209	0.314389677193	0.293872660052	0.309508848329	0.326109511771	0.315003434116	0.129415031199	0.313132936827	0.323391445398	0.31777995353	0.32787771624	0.173824728559	0.316567052944	0.327278572577	0.321447881808	0.298665809355	0.186012187459	0.14582572226	0.319416638658	0.156595694934	0.12961961684	0.319577384519	0.326474843273	0.183045695664	0.31583638994	0.12152387076	0.310195671552	0.31782379331	0.322967660855	0.315164179977	0.318583682834	0.320161914922	0.319343572358	0.300507080125	0.305534041589	0.324618959244	0.31381976005	0.31785301983	0.32590492613	0.319197439757	0.324385147082	0.327380865397	0.327760810159	0.327293185837
158499257-stool2.freeze11.snv.mod.fix.bam	0.32581724657	0.323552191258	0.00013151934065	0.0	0.2954655054	0.321740147009	0.322806914995	0.314915754556	0.316625505984	0.315514898219	0.331370285397	0.329134456606	0.324122108401	0.324209787962	0.323566804518	0.326723268694	0.326723268694	0.167146468706	0.17419006006	0.165816662039	0.319650450819	0.327790036679	0.313878213091	0.302713682395	0.32380061668	0.322675395654	0.308222881443	0.322719235434	0.303824290161	0.328725285324	0.328900644445	0.330478876533	0.325788020049	0.328710672064	0.18821878973	0.184653154272	0.1780918005	0.330698075434	0.305124870307	0.24702254826	0.328783738364	0.327044760416	0.319621224299	0.313615174409	0.309187356607	0.302757522176	0.316216334702	0.295363212579	0.31168622408	0.328184594701	0.316757025325	0.129429644459	0.314901141296	0.325291169207	0.319518931478	0.330069705251	0.174686910903	0.318481390013	0.329645920708	0.323464511698	0.300083295582	0.187210474785	0.146147213982	0.321082550306	0.156756440794	0.130058014642	0.321696307229	0.328549926203	0.183790971928	0.317560754629	0.121670003361	0.311890809721	0.319518931478	0.324998904005	0.316873931405	0.320234981222	0.322222384592	0.321345588987	0.302129151993	0.307083047157	0.326547909573	0.315631804299	0.319416638658	0.328213821221	0.321243296167	0.326650202394	0.329485174848	0.329821279829	0.329368268767
158924089-stool2.freeze11.snv.mod.fix.bam	0.0912598091508	0.0909821572095	0.293916499832	0.2954655054	0.0	0.0890385936199	0.0897692566235	0.12356972717	0.124417296255	0.12342359457	0.0967105551578	0.0993701684909	0.0900030687846	0.0901053616051	0.0921219914951	0.102468179626	0.102731218307	0.269892300273	0.281071444228	0.26315558738	0.129108152738	0.0919466323742	0.0904414665868	0.0914205550116	0.0912744224109	0.0895062179422	0.0749514109103	0.0896377372828	0.0941970744253	0.0926042290775	0.0926334555976	0.0968713010185	0.0950008037293	0.0923704169163	0.316727798805	0.308895091406	0.293419648989	0.098171881165	0.09513232307	0.0820972950856	0.0924434832167	0.0968128479783	0.102234367465	0.123759699551	0.123145942628	0.0910259969897	0.0718387865149	0.0871973228508	0.0843477371367	0.0954976545718	0.12545483772	0.251728018004	0.126024754863	0.0923265771361	0.126696964826	0.0998524060733	0.288041969283	0.0951907761102	0.0992532624103	0.091289035671	0.0940801683448	0.311072467157	0.298402770674	0.128216743873	0.290701582616	0.280048516023	0.0874019084918	0.0982303342053	0.307302246058	0.124651108416	0.243076968041	0.114304920285	0.0853852786018	0.0974266049013	0.123189782409	0.127237655449	0.0886001958177	0.0906460522278	0.115707793252	0.117665970101	0.099603980652	0.0908214113487	0.128962020137	0.0935394777221	0.0910698367699	0.0965790358171	0.0975435109819	0.0978503894434	0.0976458038024
158984779-stool1.freeze11.snv.mod.fix.bam	0.0411363271032	0.00531922666628	0.319650450819	0.321740147009	0.0890385936199	0.0	0.000774502783826	0.128918180357	0.131343981529	0.129999561602	0.0810305271003	0.0820096155251	0.00385790065906	0.00400403325978	0.00727740351595	0.0938317429235	0.0938463561836	0.291329952799	0.304701085765	0.28346801888	0.135757186071	0.042100802268	0.0727155821192	0.140155777352	0.00723356373573	0.00628370183104	0.00436936476158	0.00853414388216	0.141193318817	0.0426561061507	0.0426561061507	0.0841139249755	0.0811620464409	0.0423492276892	0.342637108913	0.333781473309	0.316581666204	0.0820534553053	0.142683871345	0.0380821557481	0.0424076807295	0.0773479855621	0.101430638161	0.128815887536	0.127924478672	0.136312489953	0.0879864388947	0.124051964753	0.0713857754526	0.08097207406	0.130350279844	0.272741885987	0.131124782628	0.0358609402172	0.132396136254	0.0832955824115	0.310064152212	0.0776402507635	0.0826525989683	0.00936709970627	0.132016191492	0.336645672283	0.325700340489	0.134003594862	0.31573409712	0.306001665912	0.0715172947933	0.0824334000672	0.332700092064	0.129707296401	0.262132659175	0.10737823501	0.0741330683462	0.0845961625579	0.130671771566	0.132761467756	0.0721748914965	0.0725256097383	0.120223290614	0.122824450907	0.0849761073198	0.0762666043168	0.134091274422	0.0741915213865	0.0693837588228	0.0794961347927	0.080767488419	0.0812351127413	0.0808259414593
159005010-stool2.freeze11.snv.mod.fix.bam	0.0421592553083	0.00623986205082	0.320687992284	0.322806914995	0.0897692566235	0.000774502783826	0.0	0.130087241163	0.132439976034	0.131124782628	0.0820242287852	0.08298870395	0.00482237582382	0.00491005538426	0.00822726542064	0.0952492291505	0.0951177098099	0.293127383788	0.306337770893	0.285031637708	0.137174672298	0.0424515205097	0.0743961070275	0.14173400944	0.00831494498108	0.00765734827783	0.00568455816808	0.00865104996274	0.142713097865	0.0430068243925	0.0435329017551	0.0851222399205	0.0821995879061	0.043313702854	0.344273794041	0.335242799316	0.31779456679	0.0826964387485	0.144057517792	0.043109117213	0.0427730122313	0.0782540076866	0.102482792886	0.129897268782	0.128757434496	0.13767152314	0.0890970466601	0.125089506218	0.0716780406541	0.0818196431442	0.131066329587	0.273969399833	0.132162324093	0.0360947523783	0.133448290979	0.0840993117155	0.31180313016	0.087255775891	0.0831348365507	0.0103023483509	0.133389837939	0.338311583931	0.327380865397	0.135187268928	0.317370782248	0.307258406278	0.0723940903976	0.0833101956716	0.334570589353	0.130847130686	0.263418626061	0.117855942482	0.0752875158919	0.0856921570633	0.131870058891	0.133988981602	0.0725986760386	0.0735923777235	0.121290058599	0.123891218892	0.0859259692245	0.0770264938405	0.136034838012	0.0745276263682	0.0707866317897	0.0802560243165	0.0816442840233	0.0821119083456	0.0816881238035
159166850-stool1.freeze11.snv.mod.fix.bam	0.132483815814	0.130554865485	0.313322909208	0.314915754556	0.12356972717	0.128918180357	0.130087241163	0.0	0.0524908301793	0.0523154710584	0.135888705411	0.137846882261	0.129926495302	0.130058014642	0.13168008651	0.14364834651	0.143443760869	0.288874925107	0.301237743128	0.282035919393	0.037044614283	0.133316771639	0.117841329222	0.170916689804	0.130905583727	0.129341964899	0.114056494863	0.129429644459	0.172567988192	0.133988981602	0.134018208122	0.136692434715	0.134149727463	0.133886688781	0.3360173021	0.32799462232	0.312504566644	0.138416799404	0.173883181599	0.115663953471	0.134076661162	0.135479534129	0.148646081454	0.00735046981631	0.032996741243	0.168388595812	0.126828484167	0.155251275007	0.124446522775	0.13561105347	0.00685361897386	0.270988294779	0.0338443103272	0.12758837369	0.017214420365	0.138942876766	0.305957826131	0.138767517646	0.138066081162	0.13162163347	0.160716634274	0.330318130672	0.320132688401	0.0252224868846	0.311335505838	0.300054069062	0.127953705192	0.136385556254	0.326445616753	0.0245064371411	0.260583653607	0.0246817962619	0.125074892958	0.132045418012	0.0485160234397	0.0248863819029	0.128669754936	0.129239672078	0.0488229019012	0.0496850842454	0.138372959624	0.127997544972	0.0331428738437	0.133711329661	0.130394119624	0.133799009221	0.135435694349	0.135844865631	0.13555260043
159227541-stool1.freeze11.snv.mod.fix.bam	0.134573512005	0.130949423507	0.314959594336	0.316625505984	0.124417296255	0.131343981529	0.132439976034	0.0524908301793	0.0	0.0	0.135333401529	0.135947158452	0.132206163873	0.132337683214	0.132089257793	0.143049202847	0.142786164165	0.290555450015	0.303444345399	0.284096389063	0.0568309684207	0.135508760649	0.118937323728	0.172991772735	0.131329368269	0.130291826804	0.11531323523	0.13163624673	0.173824728559	0.136195583873	0.136297876693	0.135055749587	0.132542268855	0.136064064532	0.33812161155	0.329821279829	0.314755008695	0.137949175081	0.175023015885	0.116657655156	0.136151744093	0.133974368342	0.148309976473	0.053031520802	0.0540106092268	0.169338457717	0.127822185851	0.156961026435	0.126506992445	0.135099589367	0.0526077362599	0.272741885987	0.0549896976516	0.129941108562	0.0519209130365	0.138577545265	0.307813710161	0.138402186144	0.137817655741	0.131899285412	0.161505750318	0.332174014701	0.322353903932	0.0557057473952	0.313352135728	0.301778433751	0.129035086437	0.134938843507	0.32784848972	0.0544636202891	0.262161885695	0.053031520802	0.126667738306	0.131723926291	0.0174774590463	0.0551066037322	0.131227075448	0.130437959404	0.0487206090807	0.049597404685	0.137116219257	0.130101854423	0.0551504435124	0.13553798717	0.131826219111	0.132849147316	0.134690418085	0.135070362847	0.134792710906
159227541-stool2.freeze11.snv.mod.fix.bam	0.133360611419	0.129678069881	0.31381976005	0.315514898219	0.12342359457	0.129999561602	0.131124782628	0.0523154710584	0.0	0.0	0.134412766144	0.134909616986	0.130876357207	0.130993263287	0.130774064386	0.141967821601	0.14171939618	0.289605588111	0.302552936535	0.283278046499	0.0566263827797	0.134325086584	0.117739036402	0.17199807105	0.130116467683	0.128874340577	0.114056494863	0.130291826804	0.172787187094	0.135055749587	0.135099589367	0.134047434642	0.13156318043	0.134895003726	0.336952550745	0.328681445544	0.313629787669	0.136838567316	0.173956247899	0.11547398109	0.134982683287	0.132936826877	0.147287048268	0.0527100290804	0.0537475705455	0.168257076471	0.126828484167	0.15580657889	0.12552790402	0.134164340723	0.0523154710584	0.272055062764	0.0546974324502	0.128801274276	0.0516871008753	0.137496164019	0.306732328915	0.137379257939	0.136750887756	0.130627931785	0.160351302772	0.331121859976	0.321287135947	0.0553258026333	0.312358434043	0.300857798366	0.127953705192	0.133872075521	0.326854788035	0.0541275153074	0.261328929871	0.0524469903991	0.12554251728	0.130642545045	0.0175066855665	0.0547120457103	0.130043401382	0.12945887098	0.0484283438792	0.0493197527436	0.136049451272	0.129078926218	0.0549312446114	0.134398152884	0.130686384826	0.131943125192	0.133784395961	0.134208180503	0.133901302041
159288231-stool1.freeze11.snv.mod.fix.bam	0.0857652233637	0.0829156376496	0.329236749426	0.331370285397	0.0967105551578	0.0810305271003	0.0820242287852	0.135888705411	0.135333401529	0.134412766144	0.0	0.0655989244641	0.084216217796	0.0843623503968	0.0837632067338	0.0945916324473	0.0945770191872	0.302114538732	0.315441831918	0.294924814777	0.142523125484	0.086846604609	0.0604112171384	0.148120004092	0.0802998640967	0.0792915491517	0.064985167541	0.0837485934737	0.149245225117	0.0873142289313	0.0873288421914	0.0845377095176	0.0825356928877	0.0870219637299	0.352617965542	0.34409843492	0.327307799097	0.0801098917157	0.150735777645	0.0809136210197	0.0871680963306	0.0650874603615	0.103608013912	0.136137130833	0.134763484386	0.144802794055	0.0949131241689	0.133287545118	0.0843185106165	0.0769095877599	0.13770074966	0.283789510602	0.138343733103	0.0841869912759	0.139410501089	0.0798030132542	0.321141003346	0.0926626821178	0.0791015767708	0.0800075988952	0.140974119916	0.346392716751	0.337434788327	0.140550335374	0.326884014555	0.31574871038	0.0832809691514	0.065993482486	0.343426224957	0.136633981675	0.274130145694	0.125367158159	0.0816296707633	0.085429118382	0.137233125338	0.139468954129	0.0838801128144	0.0707281787494	0.126682351566	0.129108152738	0.0668118250501	0.0584676535488	0.141470970759	0.0879572123745	0.0847715216788	0.00127135362628	0.00138825970686	0.00137364644679	0.00137364644679
159429842-stool1.freeze11.snv.mod.fix.bam	0.085633704023	0.0805921292981	0.327190893016	0.329134456606	0.0993701684909	0.0820096155251	0.08298870395	0.137846882261	0.135947158452	0.134909616986	0.0655989244641	0.0	0.0818050298841	0.0819219359647	0.0817465768438	0.0952930689307	0.0951177098099	0.300521693385	0.31380514679	0.29355116833	0.144642048195	0.0867296985284	0.0149347517938	0.150867296985	0.0809282342798	0.0799053060747	0.0656281509842	0.0782686209466	0.151334921308	0.0870950300302	0.0871242565504	0.0849907205799	0.082784118309	0.0867443117885	0.350323683711	0.341365755286	0.324984290745	0.0816004442431	0.152664727974	0.0806651955985	0.0868904443892	0.0213645862255	0.104177931055	0.137393871199	0.136823954056	0.146746357645	0.0999546988938	0.131767766071	0.0867296985284	0.0883225438763	0.139103622627	0.282079759173	0.140345749733	0.0861597813856	0.140944893396	0.0830763835104	0.319285119317	0.0942116876854	0.0826087591881	0.0813374055618	0.138738291125	0.344463766422	0.333854539609	0.142493898964	0.324282854262	0.312679925765	0.0841431514957	0.016001519779	0.341511887887	0.138738291125	0.271046747819	0.127193815668	0.0843331238766	0.0924580964767	0.138562932005	0.141427130979	0.0878110797738	0.0742792009469	0.128348263214	0.130817904166	0.0287150560419	0.0734462451228	0.14370679955	0.0912598091508	0.0884394499569	0.0640937586766	0.0649559410209	0.0651605266619	0.0650582338414
159571453-stool1.freeze11.snv.mod.fix.bam	0.0398503602169	0.00216276249068	0.322178544812	0.324122108401	0.0900030687846	0.00385790065906	0.00482237582382	0.129926495302	0.132206163873	0.130876357207	0.084216217796	0.0818050298841	0.0	0.0	0.00416477912057	0.0945039528868	0.0943432070261	0.294866361737	0.307872163201	0.286566030016	0.136984699917	0.0410194210226	0.0750098639505	0.141485584019	0.00434013824144	0.00374099457848	0.00242580117198	0.00597682336953	0.142143180722	0.0412678464439	0.0413116862241	0.0842892840964	0.0813081790417	0.0410048077626	0.345793573088	0.336718738583	0.319226666277	0.0829448641697	0.143589893469	0.0417208575061	0.0411509403633	0.0790138972103	0.101489091201	0.12954655054	0.128494395815	0.137013926437	0.0884979029972	0.124884920577	0.0724379301778	0.0840408586752	0.131139395888	0.274831582178	0.132045418012	0.0343996142099	0.133199865558	0.0840262454151	0.312899124666	0.0859405824845	0.0833540354518	0.00640060791162	0.132703014716	0.339656003858	0.328199207961	0.134997296547	0.318612909354	0.308222881443	0.0717364936944	0.0845377095176	0.335549677778	0.130627931785	0.264105449285	0.11743215794	0.074498399848	0.0857213835835	0.131753152811	0.133784395961	0.0727155821192	0.0737238970642	0.120968566878	0.123613566951	0.0864666598471	0.0765588695182	0.135830252371	0.0740015490056	0.0696906372843	0.0822726542064	0.0837193669536	0.0841723780158	0.0837632067338
159571453-stool2.freeze11.snv.mod.fix.bam	0.0399672662974	0.00227966857126	0.322295450892	0.324209787962	0.0901053616051	0.00400403325978	0.00491005538426	0.130058014642	0.132337683214	0.130993263287	0.0843623503968	0.0819219359647	0.0	0.0	0.00428168520115	0.0948108313484	0.0946062457074	0.295027107597	0.308003682542	0.286668322836	0.137116219257	0.0411363271032	0.0751267700311	0.14170478292	0.00445704432202	0.00385790065906	0.00257193377271	0.00610834271018	0.142274700063	0.0413993657845	0.0414285923047	0.084406190177	0.0814396983823	0.0411217138431	0.345954318949	0.336850257924	0.319387412138	0.0830471569903	0.14372141281	0.0418377635867	0.0412678464439	0.0792038695913	0.101635223802	0.129663456621	0.128611301895	0.137130832517	0.0886148090778	0.125001826658	0.0726425158189	0.0841723780158	0.131256301968	0.274948488258	0.132162324093	0.0345165202905	0.133302158379	0.0841431514957	0.313016030746	0.0860721018252	0.0834709415323	0.0065175139922	0.132819920796	0.339772909938	0.328316114042	0.135143429148	0.318729815435	0.308339787523	0.071853399775	0.0846546155982	0.335666583858	0.130744837866	0.264236968625	0.117665970101	0.0746153059286	0.085823676404	0.131928511932	0.133886688781	0.0729055545002	0.0738261898847	0.121085472958	0.123730473031	0.0865835659277	0.0766757755988	0.135976384972	0.0741769081264	0.0698221566249	0.082389560287	0.0838362730342	0.0842892840964	0.0838801128144
159733294-stool1.freeze11.snv.mod.fix.bam	0.0426707194108	0.00208969619032	0.321667080709	0.323566804518	0.0921219914951	0.00727740351595	0.00822726542064	0.13168008651	0.132089257793	0.130774064386	0.0837632067338	0.0817465768438	0.00416477912057	0.00428168520115	0.0	0.0944601131066	0.0942847539858	0.293799593751	0.306556969794	0.28532390291	0.138986716547	0.0437813271763	0.0752729026318	0.143560666949	0.00521693384577	0.00507080124505	0.0041501658605	0.00897254168432	0.144320556473	0.0440589791177	0.0441028188979	0.0841431514957	0.0813374055618	0.0438543934766	0.344376086861	0.335228186056	0.31779456679	0.0829010243895	0.1457380427	0.0436498078356	0.0440005260774	0.0797299469539	0.101050693399	0.131417047829	0.130437959404	0.139132849147	0.0904706931069	0.126068594643	0.0746153059286	0.0836463006532	0.133053732957	0.274597770017	0.133974368342	0.0370738408031	0.135041136327	0.0840554719352	0.311423185398	0.085838289664	0.0833686487118	0.0066198068127	0.133886688781	0.338194677851	0.327614677558	0.136882407096	0.317633820929	0.307404538879	0.0735339246833	0.0845815492978	0.334292937411	0.132483815814	0.263316333241	0.119229588929	0.0764273501776	0.0827256652687	0.13365287662	0.13569873303	0.07489295787	0.0756820739139	0.122780611127	0.12546945098	0.0865397261475	0.0786485657085	0.137832269001	0.0758866595549	0.0716195876138	0.0819073227046	0.0832955824115	0.0837485934737	0.0833540354518
160158126-stool1.freeze11.snv.mod.fix.bam	0.0959652788941	0.0936417705426	0.324633572504	0.326723268694	0.102468179626	0.0938317429235	0.0952492291505	0.14364834651	0.143049202847	0.141967821601	0.0945916324473	0.0952930689307	0.0945039528868	0.0948108313484	0.0944601131066	0.0	0.0	0.296444593824	0.30968420745	0.28953252181	0.150414285923	0.0971781794801	0.0875188145723	0.150838070465	0.0943139805059	0.0929549473192	0.0770703336207	0.0945185661469	0.153453844018	0.0975581242419	0.0975581242419	0.0127719893031	0.0129181219038	0.0972804723006	0.346436556531	0.337858572869	0.321520948108	0.0980988148646	0.154725197644	0.0886294223378	0.0973096988207	0.0932179860005	0.0595344215341	0.144115970832	0.142610805044	0.149201385337	0.105887682483	0.139162075667	0.09514693633	0.0911721295904	0.146074147682	0.280355394485	0.146322573103	0.0976019640222	0.147257821747	0.0986248922272	0.315295699318	0.05465359267	0.0980842016045	0.0938609694437	0.147330888048	0.340766611623	0.332860837924	0.149420584238	0.321681693969	0.31177390364	0.08705119025	0.0951907761102	0.337259429206	0.145124285777	0.269643874852	0.134018208122	0.0885417427774	0.0976458038024	0.144393622773	0.148251523432	0.0938755827037	0.0938609694437	0.134763484386	0.13759845684	0.100027765194	0.098171881165	0.149464424018	0.0970320468793	0.0933787318613	0.093919422484	0.0951030965498	0.0954538147915	0.0952053893703
160158126-stool2.freeze11.snv.mod.fix.bam	0.0956876269527	0.0933933451214	0.324575119463	0.326723268694	0.102731218307	0.0938463561836	0.0951177098099	0.143443760869	0.142786164165	0.14171939618	0.0945770191872	0.0951177098099	0.0943432070261	0.0946062457074	0.0942847539858	0.0	0.0	0.297029124227	0.310181058292	0.290248571554	0.150326606363	0.096958980579	0.0873726819716	0.150677324604	0.0940363285645	0.0927795881983	0.0771872397013	0.0941824611653	0.153336937937	0.0971781794801	0.0972074060002	0.0126989230027	0.0128158290833	0.0969297540588	0.34623197089	0.337566307668	0.321287135947	0.097967295524	0.154520612003	0.088673262118	0.0970904999196	0.0930864666598	0.0592421563327	0.143882158671	0.142654644825	0.148836053835	0.105756163142	0.139147462407	0.0949569639491	0.0909675439494	0.14576726922	0.280384621005	0.146015694641	0.0973243120808	0.147053236106	0.0985664391869	0.314930367816	0.0543467142085	0.0980549750844	0.0936271572825	0.146980169806	0.340737385103	0.332656252283	0.149362131198	0.321520948108	0.31174467712	0.0868612178691	0.0949715772092	0.337084070085	0.145241191857	0.269497742251	0.133945141822	0.0883956101767	0.0976311905423	0.144393622773	0.148178457132	0.0937002235829	0.0935833175023	0.134602738525	0.137408484459	0.0999254723736	0.0978211629232	0.149157545557	0.0968713010185	0.0930864666598	0.0936125440224	0.0947962180883	0.09514693633	0.0948838976487
160582958-stool1.freeze11.snv.mod.fix.bam	0.296868378367	0.293960339612	0.166357352662	0.167146468706	0.269892300273	0.291329952799	0.293127383788	0.288874925107	0.290555450015	0.289605588111	0.302114538732	0.300521693385	0.294866361737	0.295027107597	0.293799593751	0.296444593824	0.297029124227	0.0	0.000233812161155	0.000204585641011	0.292908184887	0.298227411553	0.286288378074	0.273589455072	0.294281831334	0.292908184887	0.280223875144	0.293711914191	0.274539316976	0.299469538659	0.29965951104	0.30171998071	0.298037439172	0.299323406059	0.100378483436	0.098581052447	0.0957606932531	0.30167614093	0.275971416463	0.225073431632	0.299367245839	0.297262936388	0.290847715217	0.288129648843	0.283964869723	0.274510090456	0.290496996975	0.272040449504	0.284958571408	0.298008212652	0.29151992518	0.150633484824	0.289693267671	0.296693019246	0.292995864447	0.301252356388	0.0918151130336	0.289956306352	0.300916251407	0.29353655507	0.27737428943	0.0968420744984	0.17202729757	0.295056334118	0.120953953618	0.15989829171	0.292513626865	0.299732577341	0.0861597813856	0.29146147214	0.127369174789	0.286025339393	0.292878958367	0.294544870015	0.290000146133	0.294427963934	0.292835118587	0.294588709795	0.278499510456	0.282620449796	0.298753488916	0.28953252181	0.29349271529	0.299937162982	0.294603323055	0.298446610454	0.301164676828	0.301515395069	0.301237743128
160582958-stool2.freeze11.snv.mod.fix.bam	0.309581914629	0.306834621736	0.173152518595	0.17419006006	0.281071444228	0.304701085765	0.306337770893	0.301237743128	0.303444345399	0.302552936535	0.315441831918	0.31380514679	0.307872163201	0.308003682542	0.306556969794	0.30968420745	0.310181058292	0.000233812161155	0.0	1.46132600722e-05	0.306206251553	0.311335505838	0.298841168476	0.284856278587	0.307170726717	0.305987052652	0.292542853385	0.306600809575	0.285733074192	0.312446113603	0.312577632944	0.314798848475	0.310414870453	0.312416887083	0.104864754278	0.103023483509	0.100027765194	0.315003434116	0.287062880858	0.233651415294	0.312475340124	0.310736362175	0.30357586474	0.301106223787	0.296780698806	0.28542619573	0.302962107817	0.283643378001	0.298490450235	0.311876196461	0.303897356461	0.157472490538	0.302099925472	0.309932632871	0.306162411772	0.314345837413	0.0952492291505	0.302655229355	0.314141251772	0.306513130014	0.289211030089	0.101547544242	0.180853706653	0.308120588622	0.126375473104	0.167453347167	0.30569478745	0.313264456168	0.0893746986015	0.304423433824	0.132250003653	0.298826555216	0.30557788137	0.307857549941	0.303342052579	0.307506831699	0.30568017419	0.306922301296	0.289298709649	0.294691002616	0.312299981003	0.302085312212	0.306600809575	0.312913737926	0.306644649355	0.311613157779	0.314214318072	0.314638102614	0.314199704812
160582958-stool3.freeze11.snv.mod.fix.bam	0.288977217928	0.285616168111	0.164939866435	0.165816662039	0.26315558738	0.28346801888	0.285031637708	0.282035919393	0.284096389063	0.283278046499	0.294924814777	0.29355116833	0.286566030016	0.286668322836	0.28532390291	0.28953252181	0.290248571554	0.000204585641011	1.46132600722e-05	0.0	0.286770615657	0.290350864374	0.279157107159	0.26723268694	0.285835367012	0.284710145986	0.272288874925	0.28539696921	0.268197162105	0.2915491517	0.291724510821	0.294457190455	0.290292411334	0.2914760854	0.10131373208	0.0996332071722	0.0967397816779	0.294471803715	0.269336996391	0.217006912072	0.2915491517	0.290365477634	0.284330201225	0.281860560272	0.278061112654	0.267904896903	0.28340956584	0.265742134413	0.278046499394	0.291607604741	0.284505560345	0.14971284944	0.282664289576	0.288933378147	0.286434510675	0.293843433532	0.0920927649749	0.283058847598	0.29352194181	0.28532390291	0.271032134559	0.097967295524	0.172392629072	0.288538820125	0.12139235142	0.159474507168	0.28544080899	0.292776665546	0.0866566322281	0.285031637708	0.126565445485	0.27940553258	0.28548464877	0.287881223422	0.283774897342	0.287866610162	0.285163157049	0.286273764814	0.270374537856	0.275591471701	0.291841416902	0.282035919393	0.287121333898	0.293156610308	0.286843681957	0.291695284301	0.294018792652	0.294354897634	0.293931113092
160603188-stool1.freeze11.snv.mod.fix.bam	0.13964431325	0.13774458944	0.317926086131	0.319650450819	0.129108152738	0.135757186071	0.137174672298	0.037044614283	0.0568309684207	0.0566263827797	0.142523125484	0.144642048195	0.136984699917	0.137116219257	0.138986716547	0.150414285923	0.150326606363	0.292908184887	0.306206251553	0.286770615657	0.0	0.140623401675	0.121129312738	0.178544811562	0.137803042481	0.134310473323	0.116233870614	0.136531688854	0.179392380646	0.141339451418	0.141383291198	0.143063816107	0.140316523213	0.141280998378	0.341731086788	0.333401528547	0.318101445251	0.145168125557	0.180809866873	0.117534450761	0.141339451418	0.142070114422	0.154973623066	0.0357732606567	0.00426707194108	0.175256828046	0.133068346217	0.160921219915	0.130847130686	0.143034589587	0.0374683988251	0.275123847379	0.00419400564072	0.134500445704	0.0325583434408	0.145387324458	0.310780201955	0.14376525259	0.144656661455	0.138738291125	0.165875115079	0.335651970598	0.325101196826	0.0394411889348	0.316420920343	0.305227163128	0.134646578305	0.143209948707	0.331545644518	0.0382721281291	0.265756747673	0.0373661060046	0.131475500869	0.138650611565	0.0520524323771	0.039061244173	0.13566950651	0.135362628049	0.0527246423405	0.0535429849045	0.144875860356	0.134237407023	0.0135318788268	0.139995031492	0.136312489953	0.140404202774	0.142260086803	0.142683871345	0.142362379623
161230322-stool1.freeze11.snv.mod.fix.bam	0.000964475164765	0.042100802268	0.325758793529	0.327790036679	0.0919466323742	0.042100802268	0.0424515205097	0.133316771639	0.135508760649	0.134325086584	0.086846604609	0.0867296985284	0.0410194210226	0.0411363271032	0.0437813271763	0.0971781794801	0.096958980579	0.298227411553	0.311335505838	0.290350864374	0.140623401675	0.0	0.0777863833643	0.144481302334	0.0436351945756	0.0424807470299	0.0338589235873	0.0432552498137	0.145080445997	0.00124212710614	0.001417486227	0.086831991349	0.0842746708363	0.00102292820505	0.349271528985	0.34012362818	0.323099180196	0.0851953062209	0.146468705704	0.0186611331122	0.000862182344259	0.0842454443162	0.102687378527	0.133302158379	0.132323069954	0.140068097792	0.091698206953	0.128304423434	0.0760181788955	0.0867150852684	0.134997296547	0.278499510456	0.135947158452	0.0462071283483	0.136955473397	0.0860136487849	0.316493986643	0.0896085107627	0.0851076266604	0.0438397802166	0.136224810393	0.343017053675	0.331837909719	0.138533705484	0.32182782657	0.311467025179	0.0741915213865	0.0861159416054	0.338910727594	0.134515058965	0.268694012947	0.122006108343	0.0761789247563	0.0888778477591	0.135362628049	0.137496164019	0.0757989799944	0.0757405269542	0.124841080797	0.127149975888	0.0877526267335	0.0795984276132	0.139556633689	0.0786339524485	0.0745714661484	0.0849176542795	0.0863643670266	0.0868027648288	0.0863351405065
370027359-stool2.freeze11.snv.mod.fix.bam	0.0768072949394	0.0741769081264	0.311861583201	0.313878213091	0.0904414665868	0.0727155821192	0.0743961070275	0.117841329222	0.118937323728	0.117739036402	0.0604112171384	0.0149347517938	0.0750098639505	0.0751267700311	0.0752729026318	0.0875188145723	0.0873726819716	0.286288378074	0.298841168476	0.279157107159	0.121129312738	0.0777863833643	0.0	0.13961508673	0.0718095599947	0.0667241454896	0.0543174876883	0.071049670471	0.140287296693	0.0782540076866	0.0783563005071	0.0774356651225	0.0752875158919	0.0779617424851	0.334439070012	0.32590492613	0.309874179831	0.071868013035	0.141266385118	0.0692814660023	0.0778156098844	0.00980549750844	0.0963306103959	0.117549064021	0.118688898306	0.13559644021	0.0893600853414	0.122006108343	0.076325057357	0.0806359690783	0.118981163508	0.268021802984	0.12153848402	0.0776402507635	0.121100086218	0.0729932340606	0.304014262542	0.0797883999942	0.0730516871009	0.0749221843901	0.128552848855	0.328549926203	0.318890561295	0.123058263068	0.308865864886	0.298373544154	0.0750829302509	0.00295187853458	0.325378848767	0.11937572153	0.257719454633	0.0705382063685	0.0738261898847	0.0843185106165	0.120442489515	0.121962268562	0.0768365214596	0.0644006371381	0.11132381523	0.113735003142	0.0162937849805	0.0649997808011	0.116219257354	0.0812058862212	0.0756236208736	0.0591837032924	0.0597536204352	0.0600897254168	0.0599435928161
404239096-stool1.freeze11.snv.mod.fix.bam	0.143224561968	0.142537738744	0.301427715509	0.302713682395	0.0914205550116	0.140155777352	0.14173400944	0.170916689804	0.172991772735	0.17199807105	0.148120004092	0.150867296985	0.141485584019	0.14170478292	0.143560666949	0.150838070465	0.150677324604	0.273589455072	0.284856278587	0.26723268694	0.178544811562	0.144481302334	0.13961508673	0.0	0.143005363066	0.141251771858	0.125191799038	0.141412517719	0.00206046967018	0.144905086876	0.144963539916	0.146205667022	0.14372141281	0.144671274715	0.31985503646	0.312051555582	0.297072964008	0.149259838377	0.00244041443206	0.123365141529	0.144758954275	0.148266136692	0.147944644971	0.171705805848	0.170507518522	0.0032587569961	0.11740293142	0.112755914717	0.132980666657	0.146644064824	0.173342490976	0.262161885695	0.17413160702	0.143896771931	0.175183761745	0.150838070465	0.291622218001	0.14369218629	0.150122020722	0.142990749806	0.119536467391	0.314112025252	0.307097660417	0.176893513174	0.298621969575	0.28750127866	0.136911633616	0.150311993103	0.311189373237	0.172538761672	0.250617410238	0.162470225483	0.136122517572	0.148573015154	0.171837325189	0.175812131929	0.139176688928	0.140827987316	0.161622656398	0.164822960354	0.150648098084	0.1376130701	0.177755695518	0.145562683579	0.14171939618	0.147009396326	0.148850667095	0.149215998597	0.148850667095
686765762-stool1.freeze11.snv.mod.fix.bam	0.0424807470299	0.00324414373603	0.32185705309	0.32380061668	0.0912744224109	0.00723356373573	0.00831494498108	0.130905583727	0.131329368269	0.130116467683	0.0802998640967	0.0809282342798	0.00434013824144	0.00445704432202	0.00521693384577	0.0943139805059	0.0940363285645	0.294281831334	0.307170726717	0.285835367012	0.137803042481	0.0436351945756	0.0718095599947	0.143005363066	0.0	1.46132600722e-05	0.0	0.00954245882714	0.14369218629	0.0438690067367	0.043927459777	0.0836755271734	0.0808843944996	0.0435913547953	0.344989843784	0.33600268884	0.318583682834	0.0812497260014	0.145080445997	0.0409609679823	0.0437082608759	0.0783124607269	0.100407709956	0.130613318525	0.129444257719	0.138504478964	0.0897546433634	0.125995528342	0.0742645876869	0.081585830983	0.132060031272	0.274992328038	0.132951440137	0.0370738408031	0.134105887682	0.0823311072467	0.312343820783	0.0702313279069	0.0818342564043	0.00691207201415	0.133872075521	0.338881501074	0.32802384884	0.135917931931	0.318496003273	0.307916002981	0.07287632798	0.0832517426313	0.334731335214	0.13153395391	0.263740117783	0.111440721311	0.0756090076135	0.0834271017521	0.132776081016	0.134661191565	0.074498399848	0.0751121567711	0.121947655302	0.124636495156	0.0849614940597	0.077333372302	0.136590141895	0.075711300434	0.0697783168447	0.0783563005071	0.0797299469539	0.080153731496	0.079759173474
686765762-stool2.freeze11.snv.mod.fix.bam	0.0414432055647	0.00306878461516	0.320673379024	0.322675395654	0.0895062179422	0.00628370183104	0.00765734827783	0.129341964899	0.130291826804	0.128874340577	0.0792915491517	0.0799053060747	0.00374099457848	0.00385790065906	0.00507080124505	0.0929549473192	0.0927795881983	0.292908184887	0.305987052652	0.284710145986	0.134310473323	0.0424807470299	0.0667241454896	0.141251771858	1.46132600722e-05	0.0	0.0	0.0088264090836	0.141967821601	0.0427291724511	0.0427876254914	0.0823311072467	0.0793938419722	0.0424953602899	0.343850009499	0.334935920855	0.317560754629	0.0774648916427	0.143429147609	0.0390174043927	0.0423200011691	0.0770995601409	0.0992386491502	0.129108152738	0.128055998013	0.136823954056	0.0880741184551	0.124373456474	0.0725986760386	0.0804752232175	0.130627931785	0.273954786573	0.13156318043	0.036036299338	0.132703014716	0.0783709137672	0.311306279318	0.0543905539887	0.0806944221186	0.00683900571378	0.132264616913	0.337814733089	0.326898627815	0.134398152884	0.317283102687	0.306644649355	0.0710642837311	0.0778448364046	0.333591500928	0.130072627903	0.262527217197	0.107129809589	0.0739284827052	0.0823018807266	0.131110169368	0.133112185998	0.0728324881998	0.0734316318628	0.120354809955	0.123189782409	0.0837924332539	0.0757843667344	0.131986964972	0.0741184550861	0.063772266955	0.0774210518625	0.0788677646096	0.0793207756718	0.0788823778697
