	160400887-stool1.freeze11.snv.mod.fix.bam	764467579-stool3.freeze11.snv.mod.fix.bam	CCIS64785924ST-20-0.freeze11.snv.mod.fix.bam	CCMD82866709ST-21-0.freeze11.snv.mod.fix.bam	MH0253.freeze11.snv.mod.fix.bam	MH0329.freeze11.snv.mod.fix.bam	MH0346.freeze11.snv.mod.fix.bam	MH0365.freeze11.snv.mod.fix.bam	MH0368.freeze11.snv.mod.fix.bam	MH0374.freeze11.snv.mod.fix.bam	MH0385.freeze11.snv.mod.fix.bam	MH0422.freeze11.snv.mod.fix.bam	MH0448.freeze11.snv.mod.fix.bam	MH0451.freeze11.snv.mod.fix.bam	MH0458.freeze11.snv.mod.fix.bam	MMRS32573774ST-27-0-0.freeze11.snv.mod.fix.bam	MMRS38861560ST-27-0-0.freeze11.snv.mod.fix.bam	MMRS47662059ST-27-0-0.freeze11.snv.mod.fix.bam	MMRS51737257ST-27-0-0.freeze11.snv.mod.fix.bam	MMRS57276462ST-27-0-0.freeze11.snv.mod.fix.bam	MMRS88581325ST-27-0-0.freeze11.snv.mod.fix.bam	NG-5636_462.freeze11.snv.mod.fix.bam	O2.UC4-1.freeze11.snv.mod.fix.bam	SAMEA3136644.freeze11.snv.mod.fix.bam	SAMEA3178937.freeze11.snv.mod.fix.bam	V1.UC10-2.freeze11.snv.mod.fix.bam
160400887-stool1.freeze11.snv.mod.fix.bam	0.0	0.124191724418	0.124075738684	0.124351204802	0.167657378142	0.136036767478	0.124496186969	0.188273842317	0.125163104938	0.139936787775	0.126119987242	0.126960883811	0.138356482153	0.129759039638	0.135601820976	0.145315626178	0.132252732914	0.126815901644	0.134065010004	0.159378896396	0.123278336765	0.126975382028	0.131759793545	0.131832284629	0.133644561719	0.133731551019
764467579-stool3.freeze11.snv.mod.fix.bam	0.124191724418	0.0	0.124046742251	0.123510308232	0.16704845304	0.132165743614	0.124162727984	0.186244091977	0.126844898078	0.137399599849	0.122756400963	0.126627424827	0.134934903007	0.12577203004	0.133934526053	0.143764316989	0.132078754313	0.124380201235	0.129788036072	0.156914199553	0.124786151303	0.127018876678	0.130585437991	0.130049003973	0.13204975788	0.132078754313
CCIS64785924ST-20-0.freeze11.snv.mod.fix.bam	0.124075738684	0.124046742251	0.0	0.12741032853	0.165888595703	0.129469075304	0.132586191898	0.185867138342	0.121669034709	0.134804419056	0.123133354597	0.126786905211	0.12939658422	0.130686925508	0.131571316728	0.140154261026	0.137254617682	0.123713283266	0.132861658016	0.153855075826	0.12846869835	0.130831907675	0.129933018239	0.134224490388	0.123713283266	0.132658682982
CCMD82866709ST-21-0.freeze11.snv.mod.fix.bam	0.124351204802	0.123510308232	0.12741032853	0.0	0.165975585003	0.135833792444	0.119407312901	0.187679415432	0.125119610288	0.135079885174	0.123756777916	0.125380578189	0.136790674747	0.125293588889	0.135224867341	0.142676950735	0.119334821817	0.125279090672	0.12214747586	0.155884826166	0.119639284368	0.124612172703	0.129904021805	0.122219966944	0.131788789979	0.130817409459
MH0253.freeze11.snv.mod.fix.bam	0.167657378142	0.16704845304	0.165888595703	0.165975585003	0.0	0.170702003654	0.169730623133	0.177313190478	0.1650187027	0.171542900223	0.165700118885	0.166439527938	0.168469278279	0.171832864558	0.171368921623	0.173471163047	0.172209818192	0.163235422043	0.172209818192	0.167628381709	0.167410908458	0.168759242613	0.172296807493	0.171238437672	0.169774117784	0.171905355641
MH0329.freeze11.snv.mod.fix.bam	0.136036767478	0.132165743614	0.129469075304	0.135833792444	0.170702003654	0.0	0.141299620147	0.190361585525	0.128251225099	0.139791805608	0.131817786412	0.132702177632	0.138704439354	0.140545712877	0.136123756778	0.148592223157	0.144416736741	0.12948357352	0.14225650245	0.154840954563	0.138704439354	0.139690318091	0.136239742512	0.143590338388	0.132919650883	0.138023023168
MH0346.freeze11.snv.mod.fix.bam	0.124496186969	0.124162727984	0.132586191898	0.119407312901	0.169730623133	0.141299620147	0.0	0.191260474962	0.130962391626	0.140371734277	0.128512193	0.126598428393	0.137936033868	0.124191724418	0.141792559515	0.14508365471	0.128628178734	0.127468321396	0.123713283266	0.160669237684	0.121495056108	0.125888015774	0.136080262128	0.130454954041	0.135906283527	0.135456838809
MH0365.freeze11.snv.mod.fix.bam	0.188273842317	0.186244091977	0.185867138342	0.187679415432	0.177313190478	0.190361585525	0.191260474962	0.0	0.186635543828	0.19170991968	0.187171977847	0.187983877983	0.190608055209	0.194044132572	0.193058253835	0.194116623655	0.194638559457	0.183924377302	0.194290602256	0.186969002813	0.188650795952	0.190405080175	0.191043001711	0.1925943109	0.192202859048	0.1925943109
MH0368.freeze11.snv.mod.fix.bam	0.125163104938	0.126844898078	0.121669034709	0.125119610288	0.1650187027	0.128251225099	0.130962391626	0.186635543828	0.0	0.134412967205	0.122567924145	0.126119987242	0.132165743614	0.130063502189	0.131788789979	0.142271000667	0.136007771044	0.123597297532	0.132571693682	0.154029054426	0.1283382144	0.130570939774	0.129889523589	0.13483341549	0.12471366022	0.13028097544
MH0374.freeze11.snv.mod.fix.bam	0.139936787775	0.137399599849	0.134804419056	0.135079885174	0.171542900223	0.139791805608	0.140371734277	0.19170991968	0.134412967205	0.0	0.135833792444	0.138834923304	0.142676950735	0.142720445385	0.144228259924	0.153101168556	0.143619334822	0.136500710413	0.140995157596	0.155522370748	0.140502218227	0.142502972134	0.141430104097	0.145228636878	0.139211876939	0.14322788297
MH0385.freeze11.snv.mod.fix.bam	0.126119987242	0.122756400963	0.123133354597	0.123756777916	0.165700118885	0.131817786412	0.128512193	0.187171977847	0.122567924145	0.135833792444	0.0	0.125279090672	0.135543828109	0.123626293966	0.133586568852	0.142502972134	0.133093629484	0.123191347464	0.126148983675	0.156899701337	0.125612549656	0.127526314263	0.128512193	0.130353466524	0.130918896976	0.132470206165
MH0422.freeze11.snv.mod.fix.bam	0.126960883811	0.126627424827	0.126786905211	0.125380578189	0.166439527938	0.132702177632	0.126598428393	0.187983877983	0.126119987242	0.138834923304	0.125279090672	0.0	0.136022269261	0.122524429495	0.132745672282	0.141821555949	0.133499579552	0.124249717285	0.128947139502	0.155087424247	0.126540435526	0.12741032853	0.127917766115	0.132673181199	0.131020384493	0.128990634152
MH0448.freeze11.snv.mod.fix.bam	0.138356482153	0.134934903007	0.12939658422	0.136790674747	0.168469278279	0.138704439354	0.137936033868	0.190608055209	0.132165743614	0.142676950735	0.135543828109	0.136022269261	0.0	0.140415228927	0.138559457187	0.148896685708	0.141749064865	0.133267608084	0.141821555949	0.159465885696	0.137109635515	0.140574709311	0.138791428654	0.143691825905	0.135993272827	0.140705193261
MH0451.freeze11.snv.mod.fix.bam	0.129759039638	0.12577203004	0.130686925508	0.125293588889	0.171832864558	0.140545712877	0.124191724418	0.194044132572	0.130063502189	0.142720445385	0.123626293966	0.122524429495	0.140415228927	0.0	0.138791428654	0.14782381767	0.126293965842	0.128671673384	0.130454954041	0.162800475542	0.124815147737	0.126163481892	0.134354974338	0.133238611651	0.138573955403	0.136312233595
MH0458.freeze11.snv.mod.fix.bam	0.135601820976	0.133934526053	0.131571316728	0.135224867341	0.171368921623	0.136123756778	0.141792559515	0.193058253835	0.131788789979	0.144228259924	0.133586568852	0.132745672282	0.138559457187	0.138791428654	0.0	0.147722330153	0.142865427552	0.129947516455	0.142053527416	0.162554005857	0.13845796967	0.140603705744	0.139588830574	0.144808188593	0.137588076667	0.140125264592
MMRS32573774ST-27-0-0.freeze11.snv.mod.fix.bam	0.145315626178	0.143764316989	0.140154261026	0.142676950735	0.173471163047	0.148592223157	0.14508365471	0.194116623655	0.142271000667	0.153101168556	0.142502972134	0.141821555949	0.148896685708	0.14782381767	0.147722330153	0.0	0.151549859367	0.14044422536	0.150361005596	0.1696146374	0.145707078029	0.14575057268	0.147925305187	0.150578478847	0.148635717807	0.147997796271
MMRS38861560ST-27-0-0.freeze11.snv.mod.fix.bam	0.132252732914	0.132078754313	0.137254617682	0.119334821817	0.172209818192	0.144416736741	0.128628178734	0.194638559457	0.136007771044	0.143619334822	0.133093629484	0.133499579552	0.141749064865	0.126293965842	0.142865427552	0.151549859367	0.0	0.131556818511	0.128932641285	0.164598254415	0.124786151303	0.128396207267	0.140284744976	0.129208107403	0.14031374141	0.140806680778
MMRS47662059ST-27-0-0.freeze11.snv.mod.fix.bam	0.126815901644	0.124380201235	0.123713283266	0.125279090672	0.163235422043	0.12948357352	0.127468321396	0.183924377302	0.123597297532	0.136500710413	0.123191347464	0.124249717285	0.133267608084	0.128671673384	0.129947516455	0.14044422536	0.131556818511	0.0	0.131107373793	0.15313016499	0.127874271465	0.128309217966	0.127395830313	0.131890277496	0.129817032505	0.130628932641
MMRS51737257ST-27-0-0.freeze11.snv.mod.fix.bam	0.134065010004	0.129788036072	0.132861658016	0.12214747586	0.172209818192	0.14225650245	0.123713283266	0.194290602256	0.132571693682	0.140995157596	0.126148983675	0.128947139502	0.141821555949	0.130454954041	0.142053527416	0.150361005596	0.128932641285	0.131107373793	0.0	0.162307536173	0.12467016557	0.131455330994	0.138269492852	0.104967089048	0.138254994636	0.138095514252
MMRS57276462ST-27-0-0.freeze11.snv.mod.fix.bam	0.159378896396	0.156914199553	0.153855075826	0.155884826166	0.167628381709	0.154840954563	0.160669237684	0.186969002813	0.154029054426	0.155522370748	0.156899701337	0.155087424247	0.159465885696	0.162800475542	0.162554005857	0.1696146374	0.164598254415	0.15313016499	0.162307536173	0.0	0.160524255517	0.160248789399	0.163046945226	0.163612375678	0.158117551541	0.161800098588
MMRS88581325ST-27-0-0.freeze11.snv.mod.fix.bam	0.123278336765	0.124786151303	0.12846869835	0.119639284368	0.167410908458	0.138704439354	0.121495056108	0.188650795952	0.1283382144	0.140502218227	0.125612549656	0.126540435526	0.137109635515	0.124815147737	0.13845796967	0.145707078029	0.124786151303	0.127874271465	0.12467016557	0.160524255517	0.0	0.125438571056	0.134354974338	0.124336706585	0.135775799577	0.135326354858
NG-5636_462.freeze11.snv.mod.fix.bam	0.126975382028	0.127018876678	0.130831907675	0.124612172703	0.168759242613	0.139690318091	0.125888015774	0.190405080175	0.130570939774	0.142502972134	0.127526314263	0.12741032853	0.140574709311	0.126163481892	0.140603705744	0.14575057268	0.128396207267	0.128309217966	0.131455330994	0.160248789399	0.125438571056	0.0	0.133311102734	0.132281729347	0.135703308493	0.136196247862
O2.UC4-1.freeze11.snv.mod.fix.bam	0.131759793545	0.130585437991	0.129933018239	0.129904021805	0.172296807493	0.136239742512	0.136080262128	0.191043001711	0.129889523589	0.141430104097	0.128512193	0.127917766115	0.138791428654	0.134354974338	0.139588830574	0.147925305187	0.140284744976	0.127395830313	0.138269492852	0.163046945226	0.134354974338	0.133311102734	0.0	0.137428596283	0.136660190797	0.1329341491
SAMEA3136644.freeze11.snv.mod.fix.bam	0.131832284629	0.130049003973	0.134224490388	0.122219966944	0.171238437672	0.143590338388	0.130454954041	0.1925943109	0.13483341549	0.145228636878	0.130353466524	0.132673181199	0.143691825905	0.133238611651	0.144808188593	0.150578478847	0.129208107403	0.131890277496	0.104967089048	0.163612375678	0.124336706585	0.132281729347	0.137428596283	0.0	0.139922289558	0.141575086264
SAMEA3178937.freeze11.snv.mod.fix.bam	0.133644561719	0.13204975788	0.123713283266	0.131788789979	0.169774117784	0.132919650883	0.135906283527	0.192202859048	0.12471366022	0.139211876939	0.130918896976	0.131020384493	0.135993272827	0.138573955403	0.137588076667	0.148635717807	0.14031374141	0.129817032505	0.138254994636	0.158117551541	0.135775799577	0.135703308493	0.136660190797	0.139922289558	0.0	0.137501087366
V1.UC10-2.freeze11.snv.mod.fix.bam	0.133731551019	0.132078754313	0.132658682982	0.130817409459	0.171905355641	0.138023023168	0.135456838809	0.1925943109	0.13028097544	0.14322788297	0.132470206165	0.128990634152	0.140705193261	0.136312233595	0.140125264592	0.147997796271	0.140806680778	0.130628932641	0.138095514252	0.161800098588	0.135326354858	0.136196247862	0.1329341491	0.141575086264	0.137501087366	0.0
