	103092734-palatinetonsils3.freeze11.snv.mod.fix.bam	158216035-tonguedorsum2.freeze11.snv.mod.fix.bam	158479027-tonguedorsum1.freeze11.snv.mod.fix.bam	158479027-tonguedorsum2.freeze11.snv.mod.fix.bam	158883629-tonguedorsum2.freeze11.snv.mod.fix.bam	158883629-tonguedorsum3.freeze11.snv.mod.fix.bam	159207311-tonguedorsum2.freeze11.snv.mod.fix.bam	159268001-tonguedorsum2.freeze11.snv.mod.fix.bam	159268001-tonguedorsum3.freeze11.snv.mod.fix.bam	159490532-tonguedorsum1.freeze11.snv.mod.fix.bam	159510762-supragingivalplaque3.freeze11.snv.mod.fix.bam	159510762-tonguedorsum2.freeze11.snv.mod.fix.bam	159551223-tonguedorsum1.freeze11.snv.mod.fix.bam	159551223-tonguedorsum2.freeze11.snv.mod.fix.bam	159571453-tonguedorsum2.freeze11.snv.mod.fix.bam	159632143-tonguedorsum1.freeze11.snv.mod.fix.bam	159733294-tonguedorsum1.freeze11.snv.mod.fix.bam	159814214-tonguedorsum1.freeze11.snv.mod.fix.bam	159814214-tonguedorsum2.freeze11.snv.mod.fix.bam	160158126-tonguedorsum2.freeze11.snv.mod.fix.bam	160178356-tonguedorsum2.freeze11.snv.mod.fix.bam	160178356-tonguedorsum3.freeze11.snv.mod.fix.bam	160259276-tonguedorsum1.freeze11.snv.mod.fix.bam	160319967-tonguedorsum1.freeze11.snv.mod.fix.bam	160319967-tonguedorsum3.freeze11.snv.mod.fix.bam	160380657-tonguedorsum2.freeze11.snv.mod.fix.bam	160380657-tonguedorsum3.freeze11.snv.mod.fix.bam	160421117-tonguedorsum2.freeze11.snv.mod.fix.bam	160421117-tonguedorsum3.freeze11.snv.mod.fix.bam	160582958-tonguedorsum1.freeze11.snv.mod.fix.bam	160603188-tonguedorsum2.freeze11.snv.mod.fix.bam	160906640-tonguedorsum1.freeze11.snv.mod.fix.bam	160947100-tonguedorsum1.freeze11.snv.mod.fix.bam	234447334-tonguedorsum2.freeze11.snv.mod.fix.bam	370425937-tonguedorsum1.freeze11.snv.mod.fix.bam	604812005-tonguedorsum2.freeze11.snv.mod.fix.bam	604812005-tonguedorsum3.freeze11.snv.mod.fix.bam	763395383-anteriornares3.freeze11.snv.mod.fix.bam	763435843-tonguedorsum1.freeze11.snv.mod.fix.bam	763435843-tonguedorsum2.freeze11.snv.mod.fix.bam	763759525-tonguedorsum2.freeze11.snv.mod.fix.bam	763820215-tonguedorsum2.freeze11.snv.mod.fix.bam	763860675-tonguedorsum2.freeze11.snv.mod.fix.bam	764083206-tonguedorsum1.freeze11.snv.mod.fix.bam	764224817-tonguedorsum1.freeze11.snv.mod.fix.bam	764224817-tonguedorsum2.freeze11.snv.mod.fix.bam	764305738-tonguedorsum1.freeze11.snv.mod.fix.bam	764305738-tonguedorsum2.freeze11.snv.mod.fix.bam	764588959-tonguedorsum1.freeze11.snv.mod.fix.bam	764649650-tonguedorsum1.freeze11.snv.mod.fix.bam	764649650-tonguedorsum2.freeze11.snv.mod.fix.bam	765377934-palatinetonsils3.freeze11.snv.mod.fix.bam	765377934-saliva3.freeze11.snv.mod.fix.bam	765377934-tonguedorsum3.freeze11.snv.mod.fix.bam	937415040-tonguedorsum1.freeze11.snv.mod.fix.bam	953045535-tonguedorsum2.freeze11.snv.mod.fix.bam
103092734-palatinetonsils3.freeze11.snv.mod.fix.bam	0.0	0.107548731843	0.12478362309	0.117633777376	0.115978023632	0.122977346278	0.123880484684	0.120343192594	0.118762700384	0.107623993377	0.122902084744	0.107473470309	0.117934823512	0.114924362159	0.102807255212	0.100474147663	0.103860916685	0.102506209077	0.0971626401746	0.0684127342515	0.122375254008	0.107925039512	0.113343869948	0.105366147362	0.0969368555731	0.0934748250169	0.110107623993	0.120343192594	0.116956423572	0.119364792654	0.11417174682	0.0882817791827	0.116053285166	0.108527131783	0.121321592534	0.101076239934	0.115902762098	0.00323624595469	0.123880484684	0.124256792353	0.103635132084	0.105215624294	0.0368781515767	0.107247685708	0.121848423271	0.113494393016	0.106194024234	0.101603070671	0.0891096560548	0.103409347483	0.118085346579	0.127116730639	0.118536915782	0.127041469105	0.102129901407	0.11515014676
158216035-tonguedorsum2.freeze11.snv.mod.fix.bam	0.107548731843	0.0	0.128019869045	0.118988484985	0.10258147061	0.109430270189	0.109279747121	0.121246331	0.121923684805	0.110935500866	0.10551667043	0.087679686912	0.099646270791	0.0943027018891	0.103860916685	0.0862497177692	0.103785655152	0.111010762399	0.103785655152	0.107021901106	0.125385715361	0.106194024234	0.101527809137	0.104312485888	0.0808308873335	0.0862497177692	0.10197937834	0.115752239031	0.10965605479	0.124557838489	0.11710694664	0.0875291638444	0.121171069466	0.114472792956	0.104387747422	0.104764055091	0.108828177918	0.100850455332	0.129600361255	0.130051930458	0.11003236246	0.101302024535	0.0939263942199	0.108677654851	0.102807255212	0.0946790095582	0.106344547302	0.1010009784	0.0892601791225	0.106570331903	0.121697900203	0.112064423873	0.100775193798	0.111763377738	0.100699932265	0.114096485286
158479027-tonguedorsum1.freeze11.snv.mod.fix.bam	0.12478362309	0.128019869045	0.0	0.00632196884172	0.135997591631	0.142921652743	0.142244298939	0.134341837887	0.133739745616	0.126063069165	0.137277037706	0.123579438549	0.13441709942	0.133137653345	0.118235869647	0.115601715963	0.119364792654	0.0922706404757	0.0894859637239	0.122525777075	0.0387596899225	0.0435764280876	0.129675622789	0.120945284865	0.111462331602	0.111688116204	0.129750884323	0.142771129676	0.140513283661	0.132761345676	0.128095130579	0.10649507037	0.133212914879	0.126966207571	0.134266576353	0.120794761797	0.13795439151	0.119515315722	0.136148114699	0.137578083841	0.121321592534	0.121622638669	0.118762700384	0.12734251524	0.135546022428	0.126815684504	0.0845187024912	0.0596823963272	0.106269285768	0.119440054188	0.133739745616	0.145631067961	0.137427560774	0.145631067961	0.121321592534	0.0471137201776
158479027-tonguedorsum2.freeze11.snv.mod.fix.bam	0.117633777376	0.118988484985	0.00632196884172	0.0	0.129224053586	0.134868668623	0.133739745616	0.126665161436	0.126815684504	0.111086023933	0.130578761195	0.115676977497	0.125536238429	0.124256792353	0.113795439151	0.110107623993	0.109430270189	0.0870775946414	0.0836155640852	0.116053285166	0.0422969820125	0.0402649205991	0.123729961617	0.107925039512	0.0984420862497	0.10197937834	0.121773161737	0.135621283962	0.132159253406	0.128396176714	0.123579438549	0.0940769172876	0.127267253707	0.121321592534	0.129148792052	0.114096485286	0.128396176714	0.110935500866	0.130578761195	0.131331376533	0.115902762098	0.113644916083	0.111086023933	0.120343192594	0.130127191992	0.120945284865	0.072175810943	0.0467374125085	0.095205840295	0.110860239332	0.128170392113	0.137126514638	0.128396176714	0.136825468503	0.105742455031	0.0447806126289
158883629-tonguedorsum2.freeze11.snv.mod.fix.bam	0.115978023632	0.10258147061	0.135997591631	0.129224053586	0.0	0.00541883043576	0.131331376533	0.130428238127	0.129148792052	0.119289531121	0.126364115301	0.109129224054	0.125987807632	0.122299992474	0.112064423873	0.10709716264	0.115375931361	0.122826823211	0.117483254309	0.117558515843	0.133363437947	0.121095807933	0.122826823211	0.114999623692	0.10258147061	0.0952811018289	0.105366147362	0.117031685106	0.114247008354	0.130051930458	0.121998946339	0.0964100248363	0.12418153082	0.119891623391	0.125009407692	0.111537593136	0.069541657259	0.110107623993	0.130955068864	0.133739745616	0.11710694664	0.10355987055	0.103183562881	0.119063746519	0.125686761496	0.11868743885	0.113720177617	0.111537593136	0.0906148867314	0.117031685106	0.128998268985	0.133965530218	0.127116730639	0.134266576353	0.11003236246	0.128697222849
158883629-tonguedorsum3.freeze11.snv.mod.fix.bam	0.122977346278	0.109430270189	0.142921652743	0.134868668623	0.00541883043576	0.0	0.138707006849	0.137201776172	0.135621283962	0.123729961617	0.134191314819	0.117558515843	0.134040791751	0.129901407391	0.117633777376	0.114397531422	0.121396854068	0.128847745917	0.123504177015	0.123428915481	0.142093775871	0.129224053586	0.129901407391	0.119515315722	0.108602393317	0.101302024535	0.111387070068	0.124256792353	0.122375254008	0.136825468503	0.127191992173	0.10002257846	0.131030330398	0.124708361556	0.133513961015	0.117407992775	0.0746594415594	0.117332731241	0.136975991571	0.139835929856	0.12222473094	0.109957100926	0.110784977798	0.127417776774	0.133137653345	0.125912546098	0.117859561978	0.114849100625	0.0970121171069	0.122751561677	0.138857529916	0.141943252803	0.135169714759	0.141717468202	0.118085346579	0.134341837887
159207311-tonguedorsum2.freeze11.snv.mod.fix.bam	0.123880484684	0.109279747121	0.142244298939	0.133739745616	0.131331376533	0.138707006849	0.0	0.138782268383	0.139534883721	0.125837284564	0.110333408595	0.100398886129	0.108376608715	0.107623993377	0.120418454128	0.0912922405359	0.121095807933	0.126439376834	0.119891623391	0.125686761496	0.142018514337	0.125536238429	0.0331903364191	0.119816361857	0.0892601791225	0.108527131783	0.127944607511	0.142545345074	0.137653345375	0.137201776172	0.130654022729	0.0994204861895	0.142394822006	0.134191314819	0.111236547001	0.122074207872	0.133890268684	0.118235869647	0.142846391209	0.144577406488	0.124858884624	0.119966884925	0.115526454429	0.12771882291	0.108978700986	0.102731993678	0.119816361857	0.117633777376	0.0999473169263	0.12674042297	0.139610145255	0.118311131181	0.110935500866	0.118235869647	0.113795439151	0.132385038007
159268001-tonguedorsum2.freeze11.snv.mod.fix.bam	0.120343192594	0.121246331	0.134341837887	0.126665161436	0.130428238127	0.137201776172	0.138782268383	0.0	0.0015052306766	0.121998946339	0.136223376232	0.11710694664	0.129750884323	0.125987807632	0.112892300745	0.109355008655	0.11417174682	0.118160608113	0.111838639271	0.119515315722	0.132159253406	0.11673063897	0.127944607511	0.0185143373222	0.0927974712125	0.103635132084	0.122751561677	0.137728606909	0.13479340709	0.130352976594	0.125460976895	0.0989689169865	0.127116730639	0.122601038609	0.133589222548	0.115225408294	0.132911868744	0.112967562279	0.0107623993377	0.0115902762098	0.104237224355	0.116805900504	0.112666516144	0.120192669527	0.132460299541	0.122977346278	0.117934823512	0.112666516144	0.100474147663	0.1161285467	0.132309776473	0.142093775871	0.132385038007	0.141943252803	0.11356965455	0.125987807632
159268001-tonguedorsum3.freeze11.snv.mod.fix.bam	0.118762700384	0.121923684805	0.133739745616	0.126815684504	0.129148792052	0.135621283962	0.139534883721	0.0015052306766	0.0	0.121472115602	0.135997591631	0.119364792654	0.13027771506	0.127568299842	0.113268608414	0.109355008655	0.114472792956	0.118913223451	0.112290208474	0.118762700384	0.131406638067	0.117483254309	0.128697222849	0.022126890946	0.0997215323248	0.104237224355	0.122299992474	0.137502822308	0.135922330097	0.128847745917	0.124633100023	0.0985173477835	0.127191992173	0.121547377136	0.13381500715	0.116429592835	0.132761345676	0.112365470008	0.0124934146158	0.0146759990969	0.105140362761	0.117332731241	0.112892300745	0.11966583879	0.132761345676	0.123579438549	0.118085346579	0.112892300745	0.0997967938587	0.115451192895	0.131030330398	0.142695868142	0.133739745616	0.142695868142	0.113870700685	0.126213592233
159490532-tonguedorsum1.freeze11.snv.mod.fix.bam	0.107623993377	0.110935500866	0.126063069165	0.111086023933	0.119289531121	0.123729961617	0.125837284564	0.121998946339	0.121472115602	0.0	0.124407315421	0.108828177918	0.120493715662	0.11770903891	0.104312485888	0.103484609016	0.099194701588	0.112440731542	0.106194024234	0.10905396252	0.126288853767	0.10965605479	0.119063746519	0.0953563633627	0.0808308873335	0.0937758711523	0.112666516144	0.124332053887	0.120192669527	0.119590577256	0.112741777677	0.0711974110032	0.118235869647	0.115526454429	0.126213592233	0.10709716264	0.117257469707	0.102656732144	0.125235192293	0.126514638368	0.108376608715	0.106269285768	0.101753593738	0.10807556258	0.126138330699	0.117031685106	0.0830887333484	0.0900127944608	0.0588545194551	0.108000301046	0.122074207872	0.129901407391	0.121321592534	0.127794084443	0.0709716264017	0.118612177316
159510762-supragingivalplaque3.freeze11.snv.mod.fix.bam	0.122902084744	0.10551667043	0.137277037706	0.130578761195	0.126364115301	0.134191314819	0.110333408595	0.136223376232	0.135997591631	0.124407315421	0.0	0.0129449838188	0.103334085949	0.101452547603	0.114472792956	0.0882065176488	0.117031685106	0.125987807632	0.120870023331	0.125235192293	0.135621283962	0.120945284865	0.0972379017084	0.118913223451	0.0891096560548	0.104764055091	0.12222473094	0.136148114699	0.132159253406	0.131933468804	0.124031007752	0.100699932265	0.13539549936	0.128923007451	0.100850455332	0.119063746519	0.130127191992	0.116805900504	0.138556483781	0.140814329796	0.121547377136	0.118913223451	0.116354331301	0.12576202303	0.104237224355	0.0963347633025	0.117934823512	0.11417174682	0.0946037480244	0.121848423271	0.136449160834	0.108677654851	0.103033039813	0.10905396252	0.109355008655	0.124106269286
159510762-tonguedorsum2.freeze11.snv.mod.fix.bam	0.107473470309	0.087679686912	0.123579438549	0.115676977497	0.109129224054	0.117558515843	0.100398886129	0.11710694664	0.119364792654	0.108828177918	0.0129449838188	0.0	0.0902385790622	0.0878302099797	0.0993452246557	0.0771430721758	0.0993452246557	0.10965605479	0.103860916685	0.109731316324	0.121622638669	0.103033039813	0.0895612252578	0.100775193798	0.0736057800858	0.0854218408971	0.103033039813	0.117558515843	0.111913900805	0.118311131181	0.112139685407	0.0868518100399	0.120719500263	0.112892300745	0.0933243019493	0.102430947543	0.109129224054	0.101076239934	0.123729961617	0.124633100023	0.108376608715	0.102355686009	0.0972379017084	0.108903439452	0.0954316248965	0.087679686912	0.101151501468	0.0971626401746	0.0842929178897	0.104086701287	0.120042146459	0.100549409197	0.0924211635433	0.100850455332	0.094754271092	0.108226085648
159551223-tonguedorsum1.freeze11.snv.mod.fix.bam	0.117934823512	0.099646270791	0.13441709942	0.125536238429	0.125987807632	0.134040791751	0.108376608715	0.129750884323	0.13027771506	0.120493715662	0.103334085949	0.0902385790622	0.0	0.00632196884172	0.112365470008	0.0855723639648	0.114322269888	0.11966583879	0.112365470008	0.119515315722	0.130051930458	0.112365470008	0.0962595017686	0.112290208474	0.0837660871529	0.0991194400542	0.118988484985	0.132309776473	0.126815684504	0.128019869045	0.123654700083	0.0958831940995	0.133288176413	0.125310453827	0.0966358094378	0.111387070068	0.125310453827	0.111462331602	0.136449160834	0.137201776172	0.118536915782	0.114322269888	0.108150824114	0.119364792654	0.103409347483	0.0967110709716	0.113945962219	0.107398208775	0.0946037480244	0.118837961918	0.133589222548	0.11063445473	0.101377286069	0.110709716264	0.105667193497	0.121171069466
159551223-tonguedorsum2.freeze11.snv.mod.fix.bam	0.114924362159	0.0943027018891	0.133137653345	0.124256792353	0.122299992474	0.129901407391	0.107623993377	0.125987807632	0.127568299842	0.11770903891	0.101452547603	0.0878302099797	0.00632196884172	0.0	0.111086023933	0.0827876872131	0.111161285467	0.11770903891	0.111387070068	0.117633777376	0.128772484383	0.110935500866	0.0955821479642	0.108903439452	0.081056671935	0.0937758711523	0.114548054489	0.12832091518	0.123428915481	0.126288853767	0.120870023331	0.0932490404154	0.13087980733	0.122375254008	0.0959584556333	0.109129224054	0.118762700384	0.108000301046	0.134492360954	0.135019191691	0.116504854369	0.110182885527	0.104161962821	0.117031685106	0.100624670731	0.0930985173478	0.112214946941	0.10649507037	0.0938511326861	0.115300669828	0.132159253406	0.107774516445	0.0994204861895	0.108150824114	0.103409347483	0.119515315722
159571453-tonguedorsum2.freeze11.snv.mod.fix.bam	0.102807255212	0.103860916685	0.118235869647	0.113795439151	0.112064423873	0.117633777376	0.120418454128	0.112892300745	0.113268608414	0.104312485888	0.114472792956	0.0993452246557	0.112365470008	0.111086023933	0.0	0.0951305787612	0.101452547603	0.105817716565	0.0988183939189	0.105441408896	0.118235869647	0.104764055091	0.110333408595	0.0943779634229	0.089034394521	0.0859486716339	0.105591931964	0.118762700384	0.115074885226	0.114472792956	0.106871378039	0.0825619026116	0.114849100625	0.109204485587	0.114096485286	0.0975389478438	0.111387070068	0.0976142093776	0.117407992775	0.118085346579	0.0983668247159	0.0995710092572	0.0964100248363	0.103258824415	0.117182208173	0.108527131783	0.0985173477835	0.0953563633627	0.0830134718146	0.0978399939791	0.11515014676	0.121848423271	0.113870700685	0.121472115602	0.095205840295	0.112892300745
159632143-tonguedorsum1.freeze11.snv.mod.fix.bam	0.100474147663	0.0862497177692	0.115601715963	0.110107623993	0.10709716264	0.114397531422	0.0912922405359	0.109355008655	0.109355008655	0.103484609016	0.0882065176488	0.0771430721758	0.0855723639648	0.0827876872131	0.0951305787612	0.0	0.0974636863099	0.105290885828	0.099194701588	0.103108301347	0.113343869948	0.0994204861895	0.0796267027922	0.0957326710318	0.0734552570181	0.0867765485061	0.105140362761	0.113720177617	0.110408670129	0.106720854971	0.106419808836	0.0806803642658	0.11356965455	0.107398208775	0.0820350718748	0.0981410401144	0.109881839392	0.0939263942199	0.113042823813	0.113945962219	0.100323624595	0.0979905170467	0.0929479942801	0.0997967938587	0.0875291638444	0.081056671935	0.0970121171069	0.0937758711523	0.0798524873937	0.0997967938587	0.112214946941	0.0961842402348	0.0891096560548	0.0954316248965	0.0929479942801	0.105968239633
159733294-tonguedorsum1.freeze11.snv.mod.fix.bam	0.103860916685	0.103785655152	0.119364792654	0.109430270189	0.115375931361	0.121396854068	0.121095807933	0.11417174682	0.114472792956	0.099194701588	0.117031685106	0.0993452246557	0.114322269888	0.111161285467	0.101452547603	0.0974636863099	0.0	0.103936178219	0.0985926093174	0.102355686009	0.118762700384	0.100850455332	0.112515993076	0.0940769172876	0.0815835026718	0.0864755023707	0.110258147061	0.121697900203	0.116655377437	0.117257469707	0.111462331602	0.0787235643862	0.110107623993	0.109957100926	0.119966884925	0.100850455332	0.111688116204	0.096108978701	0.119515315722	0.120568977196	0.102280424475	0.100850455332	0.0960337171672	0.102731993678	0.118010085046	0.110107623993	0.093023255814	0.0909159328667	0.0748099646271	0.100323624595	0.114096485286	0.125084669226	0.116655377437	0.12418153082	0.0807556257997	0.11063445473
159814214-tonguedorsum1.freeze11.snv.mod.fix.bam	0.102506209077	0.111010762399	0.0922706404757	0.0870775946414	0.122826823211	0.128847745917	0.126439376834	0.118160608113	0.118913223451	0.112440731542	0.125987807632	0.10965605479	0.11966583879	0.11770903891	0.105817716565	0.105290885828	0.103936178219	0.0	0.00030104613532	0.103785655152	0.0908406713329	0.0806803642658	0.11966583879	0.102205162941	0.0967110709716	0.0937758711523	0.115451192895	0.131030330398	0.126514638368	0.122375254008	0.116053285166	0.0906148867314	0.121396854068	0.113870700685	0.12771882291	0.105366147362	0.119063746519	0.0877549484458	0.124482576955	0.125159930759	0.103860916685	0.107699254911	0.101678332204	0.108376608715	0.124106269286	0.115225408294	0.0945284864906	0.0814329796041	0.0934748250169	0.102355686009	0.120870023331	0.134868668623	0.125686761496	0.135621283962	0.105140362761	0.0860239331678
159814214-tonguedorsum2.freeze11.snv.mod.fix.bam	0.0971626401746	0.103785655152	0.0894859637239	0.0836155640852	0.117483254309	0.123504177015	0.119891623391	0.111838639271	0.112290208474	0.106194024234	0.120870023331	0.103860916685	0.112365470008	0.111387070068	0.0988183939189	0.099194701588	0.0985926093174	0.00030104613532	0.0	0.0974636863099	0.0888086099195	0.075713103033	0.114849100625	0.0950553172274	0.0891096560548	0.0854218408971	0.108150824114	0.12478362309	0.119816361857	0.117483254309	0.111010762399	0.0851207947618	0.1161285467	0.107774516445	0.121697900203	0.099194701588	0.112440731542	0.0800782719952	0.119515315722	0.119741100324	0.0972379017084	0.101302024535	0.0952811018289	0.102129901407	0.117257469707	0.108602393317	0.089034394521	0.0772935952435	0.0888838714533	0.095657409498	0.114924362159	0.127417776774	0.117784300444	0.127568299842	0.098743132385	0.0812071950026
160158126-tonguedorsum2.freeze11.snv.mod.fix.bam	0.0684127342515	0.107021901106	0.122525777075	0.116053285166	0.117558515843	0.123428915481	0.125686761496	0.119515315722	0.118762700384	0.10905396252	0.125235192293	0.109731316324	0.119515315722	0.117633777376	0.105441408896	0.103108301347	0.102355686009	0.103785655152	0.0974636863099	0.0	0.120719500263	0.104463008956	0.114698577557	0.100248363062	0.0942274403552	0.0907654097991	0.110182885527	0.123504177015	0.119590577256	0.120794761797	0.114773839091	0.0900880559946	0.114698577557	0.111311808535	0.125460976895	0.104312485888	0.120343192594	0.0702190110634	0.124633100023	0.124332053887	0.109505531723	0.0865507639046	0.0679611650485	0.107398208775	0.126138330699	0.117558515843	0.108752916384	0.104613532024	0.0924964250771	0.102506209077	0.116354331301	0.130804545797	0.121923684805	0.131406638067	0.10355987055	0.114096485286
160178356-tonguedorsum2.freeze11.snv.mod.fix.bam	0.122375254008	0.125385715361	0.0387596899225	0.0422969820125	0.133363437947	0.142093775871	0.142018514337	0.132159253406	0.131406638067	0.126288853767	0.135621283962	0.121622638669	0.130051930458	0.128772484383	0.118235869647	0.113343869948	0.118762700384	0.0908406713329	0.0888086099195	0.120719500263	0.0	0.00617144577406	0.130955068864	0.12026793106	0.109881839392	0.108376608715	0.128095130579	0.140588545195	0.138556483781	0.13283660721	0.121773161737	0.105591931964	0.131406638067	0.124858884624	0.132761345676	0.118010085046	0.13539549936	0.116655377437	0.135320237826	0.136298637766	0.11770903891	0.11868743885	0.117031685106	0.125987807632	0.132761345676	0.12380522315	0.0845187024912	0.0587792579213	0.103860916685	0.117332731241	0.132234514939	0.143222698879	0.134492360954	0.143297960412	0.119966884925	0.0454579664334
160178356-tonguedorsum3.freeze11.snv.mod.fix.bam	0.107925039512	0.106194024234	0.0435764280876	0.0402649205991	0.121095807933	0.129224053586	0.125536238429	0.11673063897	0.117483254309	0.10965605479	0.120945284865	0.103033039813	0.112365470008	0.110935500866	0.104764055091	0.0994204861895	0.100850455332	0.0806803642658	0.075713103033	0.104463008956	0.00617144577406	0.0	0.11673063897	0.10002257846	0.0884323022503	0.087228117709	0.111913900805	0.125912546098	0.122074207872	0.121246331	0.111838639271	0.0877549484458	0.110935500866	0.112139685407	0.120117407993	0.102430947543	0.116956423572	0.0992699631218	0.124633100023	0.12418153082	0.104312485888	0.102506209077	0.0978399939791	0.109355008655	0.119364792654	0.110483931663	0.0688643034545	0.0427485512155	0.0891096560548	0.101151501468	0.11770903891	0.129750884323	0.120794761797	0.13027771506	0.100248363062	0.0413938436065
160259276-tonguedorsum1.freeze11.snv.mod.fix.bam	0.113343869948	0.101527809137	0.129675622789	0.123729961617	0.122826823211	0.129901407391	0.0331903364191	0.127944607511	0.128697222849	0.119063746519	0.0972379017084	0.0895612252578	0.0962595017686	0.0955821479642	0.110333408595	0.0796267027922	0.112515993076	0.11966583879	0.114849100625	0.114698577557	0.130955068864	0.11673063897	0.0	0.111989162339	0.0859486716339	0.101452547603	0.118010085046	0.130503499661	0.126665161436	0.124858884624	0.121321592534	0.096108978701	0.130428238127	0.123428915481	0.0997215323248	0.114096485286	0.124934146158	0.108752916384	0.130127191992	0.132385038007	0.116805900504	0.111010762399	0.107699254911	0.11710694664	0.0976142093776	0.0918943328065	0.11515014676	0.111086023933	0.093023255814	0.116504854369	0.127944607511	0.106720854971	0.100775193798	0.107398208775	0.106344547302	0.121773161737
160319967-tonguedorsum1.freeze11.snv.mod.fix.bam	0.105366147362	0.104312485888	0.120945284865	0.107925039512	0.114999623692	0.119515315722	0.119816361857	0.0185143373222	0.022126890946	0.0953563633627	0.118913223451	0.100775193798	0.112290208474	0.108903439452	0.0943779634229	0.0957326710318	0.0940769172876	0.102205162941	0.0950553172274	0.100248363062	0.12026793106	0.10002257846	0.111989162339	0.0	0.0556935350342	0.0836155640852	0.106946639573	0.121246331	0.116956423572	0.117031685106	0.111763377738	0.0757883645669	0.115676977497	0.108301347181	0.116504854369	0.103033039813	0.114999623692	0.0979152555129	0.0235568600888	0.0238579062241	0.0913675020697	0.0990441785204	0.0964852863701	0.104688793558	0.11770903891	0.109279747121	0.0711974110032	0.0787235643862	0.0754873184315	0.0988183939189	0.116279069767	0.124633100023	0.114397531422	0.122902084744	0.0838413486867	0.110333408595
160319967-tonguedorsum3.freeze11.snv.mod.fix.bam	0.0969368555731	0.0808308873335	0.111462331602	0.0984420862497	0.10258147061	0.108602393317	0.0892601791225	0.0927974712125	0.0997215323248	0.0808308873335	0.0891096560548	0.0736057800858	0.0837660871529	0.081056671935	0.089034394521	0.0734552570181	0.0815835026718	0.0967110709716	0.0891096560548	0.0942274403552	0.109881839392	0.0884323022503	0.0859486716339	0.0556935350342	0.0	0.0697674418605	0.0962595017686	0.108451870249	0.104161962821	0.108828177918	0.10002257846	0.0625423346128	0.108376608715	0.101527809137	0.0893354406563	0.0929479942801	0.101828855272	0.0896364867916	0.107774516445	0.108451870249	0.0932490404154	0.0889591329871	0.0848197486265	0.0942274403552	0.0919695943403	0.0851207947618	0.0559193196357	0.0654775344322	0.0618649808083	0.091216979002	0.108301347181	0.0940769172876	0.0837660871529	0.0923459020095	0.0693158726575	0.0985173477835
160380657-tonguedorsum2.freeze11.snv.mod.fix.bam	0.0934748250169	0.0862497177692	0.111688116204	0.10197937834	0.0952811018289	0.101302024535	0.108527131783	0.103635132084	0.104237224355	0.0937758711523	0.104764055091	0.0854218408971	0.0991194400542	0.0937758711523	0.0859486716339	0.0867765485061	0.0864755023707	0.0937758711523	0.0854218408971	0.0907654097991	0.108376608715	0.087228117709	0.101452547603	0.0836155640852	0.0697674418605	0.0	0.00203206141341	0.105817716565	0.0982915631821	0.109204485587	0.0831639948822	0.07172424174	0.106796116505	0.088131256115	0.107699254911	0.0728531647475	0.0904643636637	0.0861744562354	0.113118085347	0.114096485286	0.0933243019493	0.0861744562354	0.0772183337096	0.0930985173478	0.104011439753	0.0960337171672	0.0858734101001	0.0812824565365	0.077067810642	0.0892601791225	0.105968239633	0.110182885527	0.100474147663	0.110107623993	0.0819598103409	0.0971626401746
160380657-tonguedorsum3.freeze11.snv.mod.fix.bam	0.110107623993	0.10197937834	0.129750884323	0.121773161737	0.105366147362	0.111387070068	0.127944607511	0.122751561677	0.122299992474	0.112666516144	0.12222473094	0.103033039813	0.118988484985	0.114548054489	0.105591931964	0.105140362761	0.110258147061	0.115451192895	0.108150824114	0.110182885527	0.128095130579	0.111913900805	0.118010085046	0.106946639573	0.0962595017686	0.00203206141341	0.0	0.119590577256	0.114999623692	0.12771882291	0.108677654851	0.0909911944005	0.123955746218	0.104161962821	0.123955746218	0.0882817791827	0.106720854971	0.10295777828	0.130202453526	0.131030330398	0.110935500866	0.10258147061	0.0940016557537	0.113494393016	0.123052607812	0.114999623692	0.109204485587	0.104237224355	0.0928727327463	0.11063445473	0.125235192293	0.129224053586	0.119741100324	0.128923007451	0.103710393618	0.119289531121
160421117-tonguedorsum2.freeze11.snv.mod.fix.bam	0.120343192594	0.115752239031	0.142771129676	0.135621283962	0.117031685106	0.124256792353	0.142545345074	0.137728606909	0.137502822308	0.124332053887	0.136148114699	0.117558515843	0.132309776473	0.12832091518	0.118762700384	0.113720177617	0.121697900203	0.131030330398	0.12478362309	0.123504177015	0.140588545195	0.125912546098	0.130503499661	0.121246331	0.108451870249	0.105817716565	0.119590577256	0.0	0.00270941521788	0.138857529916	0.129976668925	0.103258824415	0.136223376232	0.127643561376	0.136148114699	0.120719500263	0.127869345977	0.115902762098	0.141566945134	0.142169037405	0.126213592233	0.104764055091	0.109204485587	0.125084669226	0.136148114699	0.127417776774	0.12320313088	0.120418454128	0.103108301347	0.122525777075	0.138707006849	0.144351621886	0.135320237826	0.14442688342	0.119289531121	0.135546022428
160421117-tonguedorsum3.freeze11.snv.mod.fix.bam	0.116956423572	0.10965605479	0.140513283661	0.132159253406	0.114247008354	0.122375254008	0.137653345375	0.13479340709	0.135922330097	0.120192669527	0.132159253406	0.111913900805	0.126815684504	0.123428915481	0.115074885226	0.110408670129	0.116655377437	0.126514638368	0.119816361857	0.119590577256	0.138556483781	0.122074207872	0.126665161436	0.116956423572	0.104161962821	0.0982915631821	0.114999623692	0.00270941521788	0.0	0.13441709942	0.128245653646	0.099194701588	0.132686084142	0.122149469406	0.132159253406	0.113494393016	0.121171069466	0.110935500866	0.13991119139	0.140287499059	0.122074207872	0.0991194400542	0.0964100248363	0.121095807933	0.133965530218	0.125159930759	0.121171069466	0.117257469707	0.100398886129	0.117483254309	0.134040791751	0.140136975992	0.130729284263	0.140212237525	0.116429592835	0.131933468804
160582958-tonguedorsum1.freeze11.snv.mod.fix.bam	0.119364792654	0.124557838489	0.132761345676	0.128396176714	0.130051930458	0.136825468503	0.137201776172	0.130352976594	0.128847745917	0.119590577256	0.131933468804	0.118311131181	0.128019869045	0.126288853767	0.114472792956	0.106720854971	0.117257469707	0.122375254008	0.117483254309	0.120794761797	0.13283660721	0.121246331	0.124858884624	0.117031685106	0.108828177918	0.109204485587	0.12771882291	0.138857529916	0.13441709942	0.0	0.120418454128	0.0977647324452	0.127568299842	0.12380522315	0.132309776473	0.117859561978	0.132987130278	0.113644916083	0.130352976594	0.132309776473	0.115902762098	0.115451192895	0.113720177617	0.119741100324	0.129901407391	0.122074207872	0.120418454128	0.116354331301	0.0972379017084	0.117558515843	0.130804545797	0.13893279145	0.130503499661	0.139008052984	0.116279069767	0.127116730639
160603188-tonguedorsum2.freeze11.snv.mod.fix.bam	0.11417174682	0.11710694664	0.128095130579	0.123579438549	0.121998946339	0.127191992173	0.130654022729	0.125460976895	0.124633100023	0.112741777677	0.124031007752	0.112139685407	0.123654700083	0.120870023331	0.106871378039	0.106419808836	0.111462331602	0.116053285166	0.111010762399	0.114773839091	0.121773161737	0.111838639271	0.121321592534	0.111763377738	0.10002257846	0.0831639948822	0.108677654851	0.129976668925	0.128245653646	0.120418454128	0.0	0.095657409498	0.123729961617	0.119440054188	0.126665161436	0.107473470309	0.124482576955	0.109129224054	0.127794084443	0.129073530519	0.111688116204	0.113945962219	0.110258147061	0.111989162339	0.125009407692	0.117558515843	0.108226085648	0.10709716264	0.0909911944005	0.112440731542	0.121773161737	0.132911868744	0.125611499962	0.133363437947	0.106344547302	0.12026793106
160906640-tonguedorsum1.freeze11.snv.mod.fix.bam	0.0882817791827	0.0875291638444	0.10649507037	0.0940769172876	0.0964100248363	0.10002257846	0.0994204861895	0.0989689169865	0.0985173477835	0.0711974110032	0.100699932265	0.0868518100399	0.0958831940995	0.0932490404154	0.0825619026116	0.0806803642658	0.0787235643862	0.0906148867314	0.0851207947618	0.0900880559946	0.105591931964	0.0877549484458	0.096108978701	0.0757883645669	0.0625423346128	0.07172424174	0.0909911944005	0.103258824415	0.099194701588	0.0977647324452	0.095657409498	0.0	0.0997215323248	0.0912922405359	0.0992699631218	0.085045533228	0.0924964250771	0.0831639948822	0.103710393618	0.104688793558	0.0868518100399	0.087679686912	0.0834650410175	0.0891849175886	0.099646270791	0.0918943328065	0.0675095958456	0.0694663957251	0.0613381500715	0.0863249793031	0.0997215323248	0.103635132084	0.0951305787612	0.101753593738	0.0684127342515	0.094754271092
160947100-tonguedorsum1.freeze11.snv.mod.fix.bam	0.116053285166	0.121171069466	0.133212914879	0.127267253707	0.12418153082	0.131030330398	0.142394822006	0.127116730639	0.127191992173	0.118235869647	0.13539549936	0.120719500263	0.133288176413	0.13087980733	0.114849100625	0.11356965455	0.110107623993	0.121396854068	0.1161285467	0.114698577557	0.131406638067	0.110935500866	0.130428238127	0.115676977497	0.108376608715	0.106796116505	0.123955746218	0.136223376232	0.132686084142	0.127568299842	0.123729961617	0.0997215323248	0.0	0.121848423271	0.135320237826	0.113268608414	0.130051930458	0.108903439452	0.131105591932	0.132159253406	0.114623316023	0.116504854369	0.108677654851	0.116655377437	0.133513961015	0.12418153082	0.118461654249	0.114773839091	0.0997967938587	0.118913223451	0.128471438248	0.145179498758	0.136599683902	0.145330021826	0.117633777376	0.12576202303
234447334-tonguedorsum2.freeze11.snv.mod.fix.bam	0.108527131783	0.114472792956	0.126966207571	0.121321592534	0.119891623391	0.124708361556	0.134191314819	0.122601038609	0.121547377136	0.115526454429	0.128923007451	0.112892300745	0.125310453827	0.122375254008	0.109204485587	0.107398208775	0.109957100926	0.113870700685	0.107774516445	0.111311808535	0.124858884624	0.112139685407	0.123428915481	0.108301347181	0.101527809137	0.088131256115	0.104161962821	0.127643561376	0.122149469406	0.12380522315	0.119440054188	0.0912922405359	0.121848423271	0.0	0.131030330398	0.105290885828	0.121246331	0.102205162941	0.126138330699	0.127191992173	0.11161285467	0.107172424174	0.0988183939189	0.11417174682	0.127944607511	0.118837961918	0.111462331602	0.107247685708	0.0982163016482	0.0820350718748	0.125084669226	0.138857529916	0.129224053586	0.138556483781	0.111161285467	0.117784300444
370425937-tonguedorsum1.freeze11.snv.mod.fix.bam	0.121321592534	0.104387747422	0.134266576353	0.129148792052	0.125009407692	0.133513961015	0.111236547001	0.133589222548	0.13381500715	0.126213592233	0.100850455332	0.0933243019493	0.0966358094378	0.0959584556333	0.114096485286	0.0820350718748	0.119966884925	0.12771882291	0.121697900203	0.125460976895	0.132761345676	0.120117407993	0.0997215323248	0.116504854369	0.0893354406563	0.107699254911	0.123955746218	0.136148114699	0.132159253406	0.132309776473	0.126665161436	0.0992699631218	0.135320237826	0.131030330398	0.0	0.118536915782	0.132234514939	0.116203808234	0.139233837586	0.140739068262	0.123278392414	0.120719500263	0.112064423873	0.125310453827	0.104764055091	0.0982163016482	0.116429592835	0.111763377738	0.0981410401144	0.121171069466	0.136223376232	0.107699254911	0.101302024535	0.107849777978	0.113118085347	0.124858884624
604812005-tonguedorsum2.freeze11.snv.mod.fix.bam	0.101076239934	0.104764055091	0.120794761797	0.114096485286	0.111537593136	0.117407992775	0.122074207872	0.115225408294	0.116429592835	0.10709716264	0.119063746519	0.102430947543	0.111387070068	0.109129224054	0.0975389478438	0.0981410401144	0.100850455332	0.105366147362	0.099194701588	0.104312485888	0.118010085046	0.102430947543	0.114096485286	0.103033039813	0.0929479942801	0.0728531647475	0.0882817791827	0.120719500263	0.113494393016	0.117859561978	0.107473470309	0.085045533228	0.113268608414	0.105290885828	0.118536915782	0.0	0.0717995032739	0.095205840295	0.120568977196	0.121848423271	0.104086701287	0.10002257846	0.0877549484458	0.103258824415	0.119891623391	0.111838639271	0.104387747422	0.0973884247761	0.0891096560548	0.0995710092572	0.112064423873	0.125084669226	0.115526454429	0.124934146158	0.0995710092572	0.11161285467
604812005-tonguedorsum3.freeze11.snv.mod.fix.bam	0.115902762098	0.108828177918	0.13795439151	0.128396176714	0.069541657259	0.0746594415594	0.133890268684	0.132911868744	0.132761345676	0.117257469707	0.130127191992	0.109129224054	0.125310453827	0.118762700384	0.111387070068	0.109881839392	0.111688116204	0.119063746519	0.112440731542	0.120343192594	0.13539549936	0.116956423572	0.124934146158	0.114999623692	0.101828855272	0.0904643636637	0.106720854971	0.127869345977	0.121171069466	0.132987130278	0.124482576955	0.0924964250771	0.130051930458	0.121246331	0.132234514939	0.0717995032739	0.0	0.109580793257	0.137427560774	0.139685406789	0.116354331301	0.108226085648	0.10197937834	0.119440054188	0.131180853466	0.122450515542	0.113494393016	0.107247685708	0.0931737788816	0.114472792956	0.130654022729	0.136223376232	0.126288853767	0.136298637766	0.108226085648	0.125611499962
763395383-anteriornares3.freeze11.snv.mod.fix.bam	0.00323624595469	0.100850455332	0.119515315722	0.110935500866	0.110107623993	0.117332731241	0.118235869647	0.112967562279	0.112365470008	0.102656732144	0.116805900504	0.101076239934	0.111462331602	0.108000301046	0.0976142093776	0.0939263942199	0.096108978701	0.0877549484458	0.0800782719952	0.0702190110634	0.116655377437	0.0992699631218	0.108752916384	0.0979152555129	0.0896364867916	0.0861744562354	0.10295777828	0.115902762098	0.110935500866	0.113644916083	0.109129224054	0.0831639948822	0.108903439452	0.102205162941	0.116203808234	0.095205840295	0.109580793257	0.0	0.117934823512	0.118461654249	0.0945284864906	0.0988183939189	0.0467374125085	0.0988183939189	0.115978023632	0.107322947242	0.100549409197	0.0955821479642	0.0848950101603	0.0950553172274	0.111763377738	0.120794761797	0.111688116204	0.120418454128	0.095205840295	0.107699254911
763435843-tonguedorsum1.freeze11.snv.mod.fix.bam	0.123880484684	0.129600361255	0.136148114699	0.130578761195	0.130955068864	0.136975991571	0.142846391209	0.0107623993377	0.0124934146158	0.125235192293	0.138556483781	0.123729961617	0.136449160834	0.134492360954	0.117407992775	0.113042823813	0.119515315722	0.124482576955	0.119515315722	0.124633100023	0.135320237826	0.124633100023	0.130127191992	0.0235568600888	0.107774516445	0.113118085347	0.130202453526	0.141566945134	0.13991119139	0.130352976594	0.127794084443	0.103710393618	0.131105591932	0.126138330699	0.139233837586	0.120568977196	0.137427560774	0.117934823512	0.0	0.00112892300745	0.107473470309	0.121622638669	0.119590577256	0.123428915481	0.136674945435	0.127417776774	0.121697900203	0.118386392715	0.102506209077	0.120418454128	0.13441709942	0.147061037104	0.138707006849	0.147437344773	0.119590577256	0.130804545797
763435843-tonguedorsum2.freeze11.snv.mod.fix.bam	0.124256792353	0.130051930458	0.137578083841	0.131331376533	0.133739745616	0.139835929856	0.144577406488	0.0115902762098	0.0146759990969	0.126514638368	0.140814329796	0.124633100023	0.137201776172	0.135019191691	0.118085346579	0.113945962219	0.120568977196	0.125159930759	0.119741100324	0.124332053887	0.136298637766	0.12418153082	0.132385038007	0.0238579062241	0.108451870249	0.114096485286	0.131030330398	0.142169037405	0.140287499059	0.132309776473	0.129073530519	0.104688793558	0.132159253406	0.127191992173	0.140739068262	0.121848423271	0.139685406789	0.118461654249	0.00112892300745	0.0	0.108226085648	0.122149469406	0.119966884925	0.125385715361	0.137728606909	0.128546699782	0.123428915481	0.119289531121	0.104161962821	0.120945284865	0.135320237826	0.148491006247	0.140212237525	0.149318883119	0.120945284865	0.131707684203
763759525-tonguedorsum2.freeze11.snv.mod.fix.bam	0.103635132084	0.11003236246	0.121321592534	0.115902762098	0.11710694664	0.12222473094	0.124858884624	0.104237224355	0.105140362761	0.108376608715	0.121547377136	0.108376608715	0.118536915782	0.116504854369	0.0983668247159	0.100323624595	0.102280424475	0.103860916685	0.0972379017084	0.109505531723	0.11770903891	0.104312485888	0.116805900504	0.0913675020697	0.0932490404154	0.0933243019493	0.110935500866	0.126213592233	0.122074207872	0.115902762098	0.111688116204	0.0868518100399	0.114623316023	0.11161285467	0.123278392414	0.104086701287	0.116354331301	0.0945284864906	0.107473470309	0.108226085648	0.0	0.104613532024	0.0982163016482	0.106269285768	0.121020546399	0.113118085347	0.104613532024	0.10002257846	0.088582825318	0.104086701287	0.118988484985	0.131632422669	0.122751561677	0.131782945736	0.101828855272	0.115225408294
763820215-tonguedorsum2.freeze11.snv.mod.fix.bam	0.105215624294	0.101302024535	0.121622638669	0.113644916083	0.10355987055	0.109957100926	0.119966884925	0.116805900504	0.117332731241	0.106269285768	0.118913223451	0.102355686009	0.114322269888	0.110182885527	0.0995710092572	0.0979905170467	0.100850455332	0.107699254911	0.101302024535	0.0865507639046	0.11868743885	0.102506209077	0.111010762399	0.0990441785204	0.0889591329871	0.0861744562354	0.10258147061	0.104764055091	0.0991194400542	0.115451192895	0.113945962219	0.087679686912	0.116504854369	0.107172424174	0.120719500263	0.10002257846	0.108226085648	0.0988183939189	0.121622638669	0.122149469406	0.104613532024	0.0	0.0936253480846	0.106344547302	0.121697900203	0.113343869948	0.103710393618	0.101753593738	0.0863249793031	0.101527809137	0.119214269587	0.125009407692	0.115752239031	0.125611499962	0.0983668247159	0.114247008354
