	103092734-palatinetonsils3.freeze11.snv.mod.fix.bam	158216035-tonguedorsum2.freeze11.snv.mod.fix.bam	158479027-tonguedorsum1.freeze11.snv.mod.fix.bam	158479027-tonguedorsum2.freeze11.snv.mod.fix.bam	158883629-tonguedorsum2.freeze11.snv.mod.fix.bam	158883629-tonguedorsum3.freeze11.snv.mod.fix.bam	159207311-tonguedorsum2.freeze11.snv.mod.fix.bam	159268001-tonguedorsum2.freeze11.snv.mod.fix.bam	159268001-tonguedorsum3.freeze11.snv.mod.fix.bam	159490532-tonguedorsum1.freeze11.snv.mod.fix.bam	159510762-supragingivalplaque3.freeze11.snv.mod.fix.bam	159510762-tonguedorsum2.freeze11.snv.mod.fix.bam	159551223-tonguedorsum1.freeze11.snv.mod.fix.bam	159551223-tonguedorsum2.freeze11.snv.mod.fix.bam	159571453-tonguedorsum2.freeze11.snv.mod.fix.bam	159632143-tonguedorsum1.freeze11.snv.mod.fix.bam	159733294-tonguedorsum1.freeze11.snv.mod.fix.bam	159814214-tonguedorsum1.freeze11.snv.mod.fix.bam	159814214-tonguedorsum2.freeze11.snv.mod.fix.bam	160158126-tonguedorsum2.freeze11.snv.mod.fix.bam	160178356-tonguedorsum2.freeze11.snv.mod.fix.bam	160178356-tonguedorsum3.freeze11.snv.mod.fix.bam	160259276-tonguedorsum1.freeze11.snv.mod.fix.bam	160319967-tonguedorsum1.freeze11.snv.mod.fix.bam	160319967-tonguedorsum3.freeze11.snv.mod.fix.bam	160380657-tonguedorsum2.freeze11.snv.mod.fix.bam	160380657-tonguedorsum3.freeze11.snv.mod.fix.bam	160421117-tonguedorsum2.freeze11.snv.mod.fix.bam	160421117-tonguedorsum3.freeze11.snv.mod.fix.bam	160582958-tonguedorsum1.freeze11.snv.mod.fix.bam	160603188-tonguedorsum2.freeze11.snv.mod.fix.bam	160906640-tonguedorsum1.freeze11.snv.mod.fix.bam	160947100-tonguedorsum1.freeze11.snv.mod.fix.bam	234447334-tonguedorsum2.freeze11.snv.mod.fix.bam	370425937-tonguedorsum1.freeze11.snv.mod.fix.bam	604812005-tonguedorsum2.freeze11.snv.mod.fix.bam	604812005-tonguedorsum3.freeze11.snv.mod.fix.bam	763395383-anteriornares3.freeze11.snv.mod.fix.bam	763435843-tonguedorsum1.freeze11.snv.mod.fix.bam	763435843-tonguedorsum2.freeze11.snv.mod.fix.bam	763759525-tonguedorsum2.freeze11.snv.mod.fix.bam	763820215-tonguedorsum2.freeze11.snv.mod.fix.bam	763860675-tonguedorsum2.freeze11.snv.mod.fix.bam	764083206-tonguedorsum1.freeze11.snv.mod.fix.bam	764224817-tonguedorsum1.freeze11.snv.mod.fix.bam	764224817-tonguedorsum2.freeze11.snv.mod.fix.bam	764305738-tonguedorsum1.freeze11.snv.mod.fix.bam	764305738-tonguedorsum2.freeze11.snv.mod.fix.bam	764588959-tonguedorsum1.freeze11.snv.mod.fix.bam	764649650-tonguedorsum1.freeze11.snv.mod.fix.bam	764649650-tonguedorsum2.freeze11.snv.mod.fix.bam	765377934-palatinetonsils3.freeze11.snv.mod.fix.bam	765377934-saliva3.freeze11.snv.mod.fix.bam	765377934-tonguedorsum3.freeze11.snv.mod.fix.bam	937415040-tonguedorsum1.freeze11.snv.mod.fix.bam	953045535-tonguedorsum2.freeze11.snv.mod.fix.bam
103092734-palatinetonsils3.freeze11.snv.mod.fix.bam	0.0	0.133361696544	0.14306738231	0.138339055811	0.147060127514	0.151518278333	0.14150003229	0.137999474607	0.135273111251	0.131887257778	0.141744571204	0.134760077412	0.134373191548	0.134068918246	0.126365296688	0.128801563217	0.126441827095	0.118890453279	0.11772499973	0.0877011603814	0.140677500951	0.131293509738	0.137475027148	0.135779131107	0.127488730819	0.129362571999	0.134522953106	0.141520573238	0.141853403441	0.143614371433	0.14030845389	0.127384641712	0.135736258865	0.129425262844	0.139931297003	0.128024206475	0.140265631934	0.0321528136115	0.143853472295	0.142969776092	0.125082847943	0.131536917347	0.0724452152864	0.126978208567	0.141152071601	0.136974785104	0.131244348983	0.131324919502	0.137652787651	0.123705952799	0.13520656601	0.143095702751	0.137272469608	0.142583243437	0.125844304054	0.131974890103
158216035-tonguedorsum2.freeze11.snv.mod.fix.bam	0.133361696544	0.0	0.147149622206	0.140954046617	0.135407418942	0.138949979422	0.128431367705	0.140094424357	0.13984952457	0.137435737887	0.126204401089	0.116760645828	0.120528383769	0.116939299552	0.128409655722	0.115507164489	0.128643674919	0.135026777026	0.133040562637	0.133859758526	0.144818055226	0.131883917262	0.126980202934	0.13613715143	0.115640950046	0.124578543895	0.129006280143	0.139587916027	0.13725320717	0.149782784546	0.145436050973	0.127478310211	0.1436900064	0.136612340766	0.123993654475	0.133221605345	0.13456182537	0.132517992983	0.150648360031	0.148873965353	0.134674257972	0.130896676618	0.130335295779	0.133312101804	0.124373971199	0.120494249795	0.132699621405	0.133083101509	0.137580430314	0.128712553427	0.140769319419	0.129656284273	0.122409612135	0.129204167926	0.12658777379	0.132088310666
158479027-tonguedorsum1.freeze11.snv.mod.fix.bam	0.14306738231	0.147149622206	0.0	0.0214373988597	0.163852910678	0.167256565166	0.152978909457	0.145932632853	0.143976561434	0.145034296347	0.14948178255	0.145241298924	0.143207698958	0.145729794671	0.136626251401	0.139508244298	0.137081926723	0.108807934712	0.111814155165	0.141082714708	0.0460175541534	0.0699435764842	0.148485499433	0.145508912554	0.136352749443	0.141413531749	0.147535358631	0.15734970283	0.158378631381	0.150673000972	0.14804906521	0.142777392881	0.147041089955	0.14148541923	0.146105051505	0.141698000897	0.154928882801	0.141084355356	0.150013700385	0.149091748317	0.137991706739	0.142675519626	0.145784230448	0.142854373297	0.148244879812	0.144596699922	0.0970498341045	0.0788990960068	0.154690260046	0.132611387128	0.144700297345	0.154843259713	0.150206324501	0.154199047514	0.139976493434	0.061993986662
158479027-tonguedorsum2.freeze11.snv.mod.fix.bam	0.138339055811	0.140954046617	0.0214373988597	0.0	0.158257020049	0.161090018769	0.144133339825	0.141330367345	0.140074772113	0.126899695216	0.145588147363	0.13995108209	0.13709686983	0.139916137303	0.131722254047	0.135833997308	0.12708618668	0.107905487509	0.109232166737	0.137774509337	0.0579393238082	0.0678442711323	0.145325297539	0.134980172894	0.125463404764	0.13293517276	0.142976252452	0.153053822663	0.153443573744	0.14869555718	0.145279199946	0.127499562198	0.145302412255	0.138422333075	0.143263042641	0.138214841562	0.145534392251	0.135901551728	0.147623323246	0.146110050695	0.135111807619	0.137690847927	0.141075229755	0.138448222773	0.145327371394	0.140916535546	0.0863379357209	0.0703274199461	0.137574723425	0.127396257458	0.142020313188	0.148114248292	0.141870824911	0.146194574368	0.125758297423	0.0639288079126
158883629-tonguedorsum2.freeze11.snv.mod.fix.bam	0.147060127514	0.135407418942	0.163852910678	0.158257020049	0.0	0.0216897969628	0.157841796009	0.157239416732	0.155605811291	0.15224215596	0.154743501016	0.14483064291	0.151181849903	0.146858006837	0.143565807106	0.144171205656	0.143737388104	0.153318323527	0.151780079837	0.150530861742	0.16165712001	0.150625283066	0.157016624157	0.152353865383	0.139627069971	0.136078503436	0.136683394842	0.146962357204	0.145599219566	0.163804683627	0.158503975906	0.1448007218	0.155010308465	0.148377415145	0.152725651381	0.14395644112	0.101634262772	0.146873675154	0.161655874382	0.161804467663	0.149561237522	0.138140342526	0.1421646716	0.148186086636	0.154494196054	0.151839915983	0.147116917802	0.147672975148	0.147486192097	0.145092872999	0.156123391615	0.159638458287	0.154395529079	0.159082464003	0.142597968609	0.153742603223
158883629-tonguedorsum3.freeze11.snv.mod.fix.bam	0.151518278333	0.138949979422	0.167256565166	0.161090018769	0.0216897969628	0.0	0.160972409843	0.16056575998	0.158821292213	0.152598469115	0.158713471312	0.149465267634	0.155916858158	0.150994501745	0.14598233448	0.149788893927	0.14760118002	0.155919164092	0.154607616623	0.153720966623	0.166498986416	0.156890418806	0.160918006476	0.154454126891	0.143931849837	0.140558899283	0.140524290237	0.150551102536	0.150017899554	0.16749251984	0.16015865277	0.1440296493	0.159009957578	0.150008972401	0.157418346034	0.147740922184	0.104323233376	0.150906873647	0.163705036391	0.163956611083	0.151188148019	0.14262512302	0.146690454513	0.154493509947	0.158209234607	0.156038111818	0.14873854599	0.150678921998	0.152640443227	0.14843776791	0.162062315523	0.163699421931	0.15909720686	0.162767645962	0.147949705381	0.157240992875
159207311-tonguedorsum2.freeze11.snv.mod.fix.bam	0.14150003229	0.128431367705	0.152978909457	0.144133339825	0.157841796009	0.160972409843	0.0	0.147760115633	0.14833907655	0.140109988638	0.121268226952	0.122477310567	0.119169927758	0.121037026535	0.135882046702	0.111532730084	0.135383316693	0.141678812945	0.141021887043	0.144073700391	0.15280339265	0.141290156057	0.0460719441129	0.142636379421	0.115698453573	0.136025990082	0.145157242031	0.156556416485	0.154775041726	0.154988277784	0.15031182298	0.129037500795	0.156271058437	0.148097026821	0.122035803037	0.143316432885	0.148630427726	0.140739797924	0.156176320628	0.155411282538	0.141742601834	0.141564020305	0.142811405314	0.142737320426	0.121072474058	0.118432797433	0.136665134333	0.138759564125	0.140043167108	0.140403223971	0.149630001507	0.127026411511	0.122221702435	0.126016192057	0.130562595549	0.139956409221
159268001-tonguedorsum2.freeze11.snv.mod.fix.bam	0.137999474607	0.140094424357	0.145932632853	0.141330367345	0.157239416732	0.16056575998	0.147760115633	0.0	0.0180486616221	0.140655111281	0.14654349694	0.138936434068	0.138082802205	0.137793215246	0.131037199587	0.132103754392	0.131067578028	0.135331881099	0.134242989703	0.138929804901	0.144161752186	0.133821448291	0.144695954838	0.0540888398852	0.112418124685	0.134605949317	0.141140893149	0.151440107033	0.151691896755	0.14949706308	0.146717967835	0.134564351313	0.142594358709	0.13841066827	0.14438949149	0.137589359368	0.150427311183	0.136739169795	0.0320463468823	0.033401077322	0.119112793544	0.138197576369	0.140365713549	0.135599573764	0.144447777396	0.140135127858	0.137044693749	0.136936368691	0.146244065261	0.131828168831	0.143734703859	0.149072365694	0.143211429622	0.14842053793	0.132096251427	0.13570240888
159268001-tonguedorsum3.freeze11.snv.mod.fix.bam	0.135273111251	0.13984952457	0.143976561434	0.140074772113	0.155605811291	0.158821292213	0.14833907655	0.0180486616221	0.0	0.139099558471	0.147202837659	0.139599245814	0.138744034973	0.138472802413	0.130095715157	0.131723877365	0.130298476627	0.133771328081	0.133000534755	0.13712349644	0.142031215631	0.13377419618	0.145510774253	0.0553172586476	0.118514592176	0.133439797349	0.139358342347	0.150133818517	0.151259362093	0.146428967032	0.144352343177	0.132853232832	0.140796717415	0.135824602104	0.144740037781	0.136029744633	0.149027156125	0.134322326515	0.0263621772541	0.0297252887623	0.116241501847	0.137044700035	0.138953982105	0.134009710102	0.144336091429	0.140090102846	0.136382572062	0.136519930204	0.144659682408	0.130007369387	0.14145970555	0.150157597862	0.144718349995	0.14961946912	0.131396326523	0.135323054061
159490532-tonguedorsum1.freeze11.snv.mod.fix.bam	0.131887257778	0.137435737887	0.145034296347	0.126899695216	0.15224215596	0.152598469115	0.140109988638	0.140655111281	0.139099558471	0.0	0.144252186278	0.136872333917	0.137481371184	0.137690911989	0.127762052091	0.133822648288	0.119909029433	0.134605364449	0.133460115694	0.134212752145	0.145347715142	0.132883114482	0.144878034753	0.126673916197	0.112968138451	0.128318553152	0.137269666373	0.145963635397	0.145375707163	0.145245739453	0.140183840694	0.103946481651	0.13999774752	0.136694658948	0.146242687611	0.134070276961	0.138671848142	0.132035906448	0.146880614273	0.14554695311	0.131545197582	0.133603373914	0.135263055586	0.131297467176	0.146465850579	0.141670866259	0.108128261868	0.119526088858	0.0938485251557	0.129170302721	0.140115237387	0.146361077203	0.139454207466	0.143031959996	0.0955388599315	0.136346364617
159510762-supragingivalplaque3.freeze11.snv.mod.fix.bam	0.141744571204	0.126204401089	0.14948178255	0.145588147363	0.154743501016	0.158713471312	0.121268226952	0.14654349694	0.147202837659	0.144252186278	0.0	0.034508811324	0.115221795158	0.115784291752	0.133082059986	0.10733748945	0.134237899721	0.142232774356	0.141948718398	0.145562817404	0.147885187302	0.138754421113	0.112266456486	0.144907005733	0.116660274502	0.136028181663	0.141780535441	0.151488568373	0.151583160602	0.150755890516	0.145155726183	0.137298027268	0.151547884542	0.144977549403	0.110604336226	0.141367485917	0.149367245952	0.140142916493	0.153599194782	0.153480060022	0.139993538402	0.142583635573	0.14465600745	0.141979846014	0.11509342646	0.111305252653	0.13823486301	0.138645069785	0.138823865285	0.137988521083	0.148451644509	0.117832771926	0.116603602402	0.117737064115	0.128862426989	0.133032100064
159510762-tonguedorsum2.freeze11.snv.mod.fix.bam	0.134760077412	0.116760645828	0.145241298924	0.13995108209	0.14483064291	0.149465267634	0.122477310567	0.138936434068	0.139599245814	0.136872333917	0.034508811324	0.0	0.112552133346	0.11131787116	0.126276204253	0.106309350626	0.127156468356	0.136400812031	0.135096087011	0.137331664761	0.143138731557	0.13041927989	0.115674978515	0.134884109012	0.110539259192	0.124322779482	0.130572848672	0.141609184032	0.139341664606	0.146352256168	0.141583079746	0.130437662371	0.144824856515	0.136756860371	0.114595749073	0.132047678106	0.13751880584	0.132258568161	0.147477569081	0.146557446753	0.134565684159	0.132455784939	0.132641423987	0.134247731012	0.117533092463	0.113416608892	0.130375377733	0.130616021556	0.134533557874	0.128744421897	0.14085969489	0.121425943589	0.116686641102	0.12138406784	0.12287593613	0.128357308004
159551223-tonguedorsum1.freeze11.snv.mod.fix.bam	0.134373191548	0.120528383769	0.143207698958	0.13709686983	0.151181849903	0.155916858158	0.119169927758	0.138082802205	0.138744034973	0.137481371184	0.115221795158	0.112552133346	0.0	0.0311865785087	0.128742621484	0.105311112612	0.129474417279	0.133945793503	0.132653749869	0.137569345798	0.139458885225	0.128548218719	0.113014371172	0.135787347747	0.110370408451	0.129133168754	0.136199113522	0.145946751895	0.144031345914	0.143372446753	0.142507607332	0.13052151876	0.146204257967	0.139020643279	0.10846019245	0.131835812077	0.140783444348	0.132402321806	0.148070334915	0.146062436276	0.133507395173	0.134838606198	0.134816822572	0.13333566125	0.116024451302	0.112619993007	0.131276041867	0.130699820908	0.13758320783	0.131605818938	0.142429695093	0.120527363588	0.114409227623	0.120192262732	0.124147795795	0.128838733899
159551223-tonguedorsum2.freeze11.snv.mod.fix.bam	0.134068918246	0.116939299552	0.145729794671	0.139916137303	0.146858006837	0.150994501745	0.121037026535	0.137793215246	0.138472802413	0.137690911989	0.115784291752	0.11131787116	0.0311865785087	0.0	0.129661642883	0.10434277629	0.130050956209	0.135440687645	0.134146764883	0.137424210699	0.141654156164	0.130340951658	0.114633980699	0.13537646622	0.110260267111	0.126983174035	0.133102580919	0.142194668102	0.138532988431	0.145206272221	0.142908353264	0.128925502221	0.145839941055	0.137388475401	0.109774773486	0.131486030453	0.138547699483	0.132210121001	0.148660226726	0.146776279708	0.133983330052	0.133083248582	0.132790710585	0.134054931967	0.114567011866	0.11105097667	0.132811591363	0.13208808533	0.139014892443	0.131514475711	0.143725917475	0.120100817094	0.114562230555	0.120333369703	0.124815434722	0.130914694237
159571453-tonguedorsum2.freeze11.snv.mod.fix.bam	0.126365296688	0.128409655722	0.136626251401	0.131722254047	0.143565807106	0.14598233448	0.135882046702	0.131037199587	0.130095715157	0.127762052091	0.133082059986	0.126276204253	0.128742621484	0.129661642883	0.0	0.121937368983	0.123246171846	0.12758985293	0.126114205697	0.129639094356	0.136763324903	0.127444502798	0.134635500092	0.12557171571	0.119370795213	0.121248256066	0.12944712964	0.140146930026	0.140127113322	0.138020761233	0.132305214996	0.119527010339	0.135943847164	0.128813453232	0.13225936912	0.12513381201	0.134789301909	0.125843265706	0.137501998154	0.136952782391	0.120476638847	0.127150481681	0.130386178237	0.123978503839	0.136197358077	0.131648600583	0.123338544567	0.124276990313	0.128337369846	0.117958340402	0.132720801197	0.138179533847	0.132234207243	0.136459163756	0.11837813397	0.129865962155
159632143-tonguedorsum1.freeze11.snv.mod.fix.bam	0.128801563217	0.115507164489	0.139508244298	0.135833997308	0.144171205656	0.149788893927	0.111532730084	0.132103754392	0.131723877365	0.133822648288	0.10733748945	0.106309350626	0.105311112612	0.10434277629	0.121937368983	0.0	0.124624866428	0.132500411382	0.130814303778	0.132985920867	0.136897961959	0.127500641307	0.102367858429	0.130464361711	0.106666420601	0.126872092224	0.134097893245	0.140929376946	0.140943279388	0.135163859177	0.138086097429	0.124172482087	0.140957862534	0.134103206714	0.0996775328479	0.130560026654	0.139808252053	0.12669550168	0.138924269296	0.137569764042	0.127785928223	0.130974420344	0.130083645044	0.126077459396	0.106562218896	0.102826324781	0.126367791853	0.126672910282	0.131845576275	0.12531001671	0.134783893737	0.114671207317	0.108806912596	0.113740535056	0.122005799917	0.125664740116
159733294-tonguedorsum1.freeze11.snv.mod.fix.bam	0.126441827095	0.128643674919	0.137081926723	0.12708618668	0.143737388104	0.14760118002	0.135383316693	0.131067578028	0.130298476627	0.119909029433	0.134237899721	0.127156468356	0.129474417279	0.130050956209	0.123246171846	0.124624866428	0.0	0.125427932474	0.124101153734	0.127849830926	0.136393190552	0.120882927935	0.135229830927	0.122674834251	0.112581267524	0.121151513424	0.132229412067	0.140486310646	0.139773510499	0.140247051646	0.13686728648	0.114026662754	0.129593200991	0.130468667465	0.137154330919	0.127390576959	0.133380614655	0.124943729477	0.139326354795	0.137772421238	0.124237376115	0.127148075317	0.128186981345	0.12429709019	0.13661308362	0.132959375461	0.116001667785	0.119465082834	0.110889821419	0.12147496328	0.131952399338	0.139844310788	0.133462912009	0.138037741837	0.100820850817	0.127649549794
159814214-tonguedorsum1.freeze11.snv.mod.fix.bam	0.118890453279	0.135026777026	0.108807934712	0.107905487509	0.153318323527	0.155919164092	0.141678812945	0.135331881099	0.133771328081	0.134605364449	0.142232774356	0.136400812031	0.133945793503	0.135440687645	0.12758985293	0.132500411382	0.125427932474	0.0	0.0160116617039	0.127349926367	0.10840925345	0.105741465174	0.142153848785	0.132405458227	0.125466486617	0.127046097688	0.135529253744	0.148873269298	0.147907667017	0.144221266727	0.140098952351	0.128288327215	0.139885469132	0.132278378676	0.143116644887	0.130723336162	0.141937437098	0.106285687318	0.142191220183	0.140945485047	0.123578605579	0.133341168731	0.133262077717	0.127643728	0.140205133612	0.135980921787	0.117263613854	0.110935138674	0.140809570451	0.122367847158	0.135896623876	0.147803985806	0.142155485916	0.147900558305	0.126661347021	0.103963275225
159814214-tonguedorsum2.freeze11.snv.mod.fix.bam	0.11772499973	0.133040562637	0.111814155165	0.109232166737	0.151780079837	0.154607616623	0.141021887043	0.134242989703	0.133000534755	0.133460115694	0.141948718398	0.135096087011	0.132653749869	0.134146764883	0.126114205697	0.130814303778	0.124101153734	0.0160116617039	0.0	0.126289663351	0.111270031103	0.105537118415	0.141001830783	0.13032508682	0.123215616871	0.1236451238	0.13271664073	0.147242874234	0.146050554212	0.143958630957	0.139716389774	0.127288279572	0.139139265822	0.13140322489	0.141709832728	0.129702722129	0.140210279051	0.101809172309	0.142243734506	0.140521133896	0.122504900335	0.131214760187	0.131037053105	0.126984626324	0.138865523438	0.134574434274	0.117108433252	0.111502905591	0.139466616457	0.12106957686	0.134915325031	0.145904929357	0.139668076413	0.145858156877	0.124959684234	0.105481768947
160158126-tonguedorsum2.freeze11.snv.mod.fix.bam	0.0877011603814	0.133859758526	0.141082714708	0.137774509337	0.150530861742	0.153720966623	0.144073700391	0.138929804901	0.13712349644	0.134212752145	0.145562817404	0.137331664761	0.137569345798	0.137424210699	0.129639094356	0.132985920867	0.127849830926	0.127349926367	0.126289663351	0.0	0.139897129799	0.1303498254	0.140281102725	0.132096261764	0.126101159914	0.12843072408	0.135040038332	0.144881573306	0.144632267017	0.146015846297	0.141454599348	0.130596188588	0.136303442987	0.132740407619	0.145515807732	0.133192714687	0.144916117631	0.0945353669979	0.145288537921	0.143828754215	0.131990037528	0.114543184066	0.0992033424158	0.130230241764	0.146567092654	0.142644894189	0.134883364571	0.134995715664	0.142780429773	0.125306684879	0.134911906644	0.148560873037	0.142649684095	0.148633443388	0.128686788205	0.133831215777
160178356-tonguedorsum2.freeze11.snv.mod.fix.bam	0.140677500951	0.144818055226	0.0460175541534	0.0579393238082	0.16165712001	0.166498986416	0.15280339265	0.144161752186	0.142031215631	0.145347715142	0.147885187302	0.143138731557	0.139458885225	0.141654156164	0.136763324903	0.136897961959	0.136393190552	0.10840925345	0.111270031103	0.139897129799	0.0	0.0369386120984	0.150037931623	0.144708333213	0.135157423226	0.138858262349	0.146663597367	0.156035487375	0.15672421023	0.151344142482	0.142256309284	0.1415524208	0.146379257911	0.140440462569	0.144809637889	0.139828638334	0.152674592109	0.138845868562	0.149942324833	0.148152156952	0.134580891342	0.14070822125	0.144355937653	0.142032325668	0.14578380177	0.142020449341	0.097677727627	0.0790528780665	0.151697202418	0.131693830581	0.143289906603	0.152933822775	0.148030790314	0.152571877374	0.139237792349	0.0605387123814
160178356-tonguedorsum3.freeze11.snv.mod.fix.bam	0.131293509738	0.131883917262	0.0699435764842	0.0678442711323	0.150625283066	0.156890418806	0.141290156057	0.133821448291	0.13377419618	0.132883114482	0.138754421113	0.13041927989	0.128548218719	0.130340951658	0.127444502798	0.127500641307	0.120882927935	0.105741465174	0.105537118415	0.1303498254	0.0369386120984	0.0	0.141234254629	0.13009656377	0.119937078266	0.12342629557	0.134633653789	0.146091853411	0.144965303149	0.145443373491	0.13700977492	0.126987223669	0.125125086932	0.133137747073	0.138265746762	0.129990089263	0.139982623697	0.128490034371	0.144270621857	0.14137220791	0.126647214596	0.130401419651	0.131371202658	0.130869168416	0.13775493844	0.133319980991	0.0929854548687	0.0787600686615	0.133652267492	0.122505799817	0.135255417441	0.144123605328	0.136943324113	0.143135007686	0.122430473303	0.0676294111846
160259276-tonguedorsum1.freeze11.snv.mod.fix.bam	0.137475027148	0.126980202934	0.148485499433	0.145325297539	0.157016624157	0.160918006476	0.0460719441129	0.144695954838	0.145510774253	0.144878034753	0.112266456486	0.115674978515	0.113014371172	0.114633980699	0.134635500092	0.102367858429	0.135229830927	0.142153848785	0.141001830783	0.140281102725	0.150037931623	0.141234254629	0.0	0.143194552969	0.116259762125	0.137029066055	0.143340844165	0.152072822797	0.151935547967	0.150017613599	0.148929097197	0.138778212936	0.152484682302	0.145405055029	0.114635134639	0.141952248675	0.149576879865	0.137652403323	0.151788903013	0.151588452301	0.140512573464	0.139495454461	0.140693216168	0.139760521899	0.113901209072	0.111815182055	0.140827050014	0.141018168279	0.143777315765	0.137849963178	0.146324015605	0.121814754007	0.118487662706	0.121849612644	0.131327554675	0.136841951901
160319967-tonguedorsum1.freeze11.snv.mod.fix.bam	0.135779131107	0.13613715143	0.145508912554	0.134980172894	0.152353865383	0.154454126891	0.142636379421	0.0540888398852	0.0553172586476	0.126673916197	0.144907005733	0.134884109012	0.135787347747	0.13537646622	0.12557171571	0.130464361711	0.122674834251	0.132405458227	0.13032508682	0.132096261764	0.144708333213	0.13009656377	0.143194552969	0.0	0.0880408699662	0.126255122345	0.13756477988	0.148497692	0.147357303223	0.147942531683	0.14430913477	0.118651784716	0.142836574432	0.136793444036	0.142837670036	0.136208535995	0.143815872463	0.133246030819	0.0568680736522	0.0579328735422	0.120851007279	0.130476363284	0.136074450953	0.133400420666	0.143894297764	0.139746749209	0.106229594264	0.111621971378	0.128580771089	0.127941254493	0.141062031623	0.146702594166	0.138892515377	0.14507695451	0.117924646647	0.134297784172
160319967-tonguedorsum3.freeze11.snv.mod.fix.bam	0.127488730819	0.115640950046	0.136352749443	0.125463404764	0.139627069971	0.143931849837	0.115698453573	0.112418124685	0.118514592176	0.112968138451	0.116660274502	0.110539259192	0.110370408451	0.110260267111	0.119370795213	0.106666420601	0.112581267524	0.125466486617	0.123215616871	0.126101159914	0.135157423226	0.119937078266	0.116259762125	0.0880408699662	0.0	0.114660154615	0.127211786454	0.137611473991	0.135708656068	0.139353990198	0.133124082209	0.105330140995	0.136043059841	0.13062957611	0.116185895686	0.12713096606	0.132926781068	0.125776172279	0.129050534033	0.128588675231	0.121564395736	0.122677571355	0.124631313517	0.123979294872	0.119384092783	0.115361823818	0.089522474707	0.0986603335152	0.111582749238	0.120820386568	0.133815061225	0.119158842424	0.110908396451	0.117516427477	0.102866425369	0.122524467006
160380657-tonguedorsum2.freeze11.snv.mod.fix.bam	0.129362571999	0.124578543895	0.141413531749	0.13293517276	0.136078503436	0.140558899283	0.136025990082	0.134605949317	0.133439797349	0.128318553152	0.136028181663	0.124322779482	0.129133168754	0.126983174035	0.121248256066	0.126872092224	0.121151513424	0.127046097688	0.1236451238	0.12843072408	0.138858262349	0.12342629557	0.137029066055	0.126255122345	0.114660154615	0.0	0.0436020901605	0.139230598649	0.136016735184	0.144864089913	0.1158668544	0.118215976744	0.139674804148	0.120105855273	0.138419641435	0.10997254144	0.126823319369	0.126153164058	0.144722034114	0.143517162995	0.127806450215	0.126209688757	0.123503344722	0.127452679159	0.135642023378	0.131706221222	0.122852826582	0.122363753355	0.130960388995	0.123375307703	0.132094236475	0.138964232243	0.131559140079	0.137848458963	0.116147741694	0.12777173048
160380657-tonguedorsum3.freeze11.snv.mod.fix.bam	0.134522953106	0.129006280143	0.147535358631	0.142976252452	0.136683394842	0.140524290237	0.145157242031	0.141140893149	0.139358342347	0.137269666373	0.141780535441	0.130572848672	0.136199113522	0.133102580919	0.12944712964	0.134097893245	0.132229412067	0.135529253744	0.13271664073	0.135040038332	0.146663597367	0.134633653789	0.143340844165	0.13756477988	0.127211786454	0.0436020901605	0.0	0.140633570768	0.138449408465	0.152476891312	0.132095195678	0.131782308126	0.14512258787	0.12231855871	0.143071358428	0.111493035377	0.133083847008	0.133040058067	0.150440977573	0.149155284288	0.133855678832	0.129419623069	0.126968597601	0.135954244869	0.142154481835	0.13872576296	0.134889672572	0.134864598452	0.142313896863	0.131162195824	0.141585478464	0.145281432947	0.1390417231	0.144442410407	0.12720917914	0.136616677724
160421117-tonguedorsum2.freeze11.snv.mod.fix.bam	0.141520573238	0.139587916027	0.15734970283	0.153053822663	0.146962357204	0.150551102536	0.156556416485	0.151440107033	0.150133818517	0.145963635397	0.151488568373	0.141609184032	0.145946751895	0.142194668102	0.140146930026	0.140929376946	0.140486310646	0.148873269298	0.147242874234	0.144881573306	0.156035487375	0.146091853411	0.152072822797	0.148497692	0.137611473991	0.139230598649	0.140633570768	0.0	0.0258880332636	0.161208792242	0.154875815318	0.142394591188	0.15313508692	0.145038378376	0.150835890844	0.143726833693	0.148880025486	0.142239676085	0.158738576644	0.156778617765	0.145816686785	0.128439060534	0.13829094403	0.143693442385	0.152017279344	0.148372589693	0.145964945919	0.146794572946	0.152170471358	0.139701977564	0.152454743475	0.156761896187	0.150744730182	0.156423479801	0.14055918825	0.148892361725
160421117-tonguedorsum3.freeze11.snv.mod.fix.bam	0.141853403441	0.13725320717	0.158378631381	0.153443573744	0.145599219566	0.150017899554	0.154775041726	0.151691896755	0.151259362093	0.145375707163	0.151583160602	0.139341664606	0.144031345914	0.138532988431	0.140127113322	0.140943279388	0.139773510499	0.147907667017	0.146050554212	0.144632267017	0.15672421023	0.144965303149	0.151935547967	0.147357303223	0.135708656068	0.136016735184	0.138449408465	0.0258880332636	0.0	0.159900044883	0.156356406401	0.141542155981	0.152762442259	0.142103497411	0.150314672985	0.136805968046	0.145649949395	0.141547551126	0.159858590401	0.157721678676	0.145909900651	0.12730017947	0.125277399165	0.143370330407	0.153414170889	0.149896321519	0.146884117848	0.147306806508	0.152879437079	0.138044732625	0.151589057232	0.156510275747	0.149832374254	0.156008110251	0.141199200036	0.148537532532
160582958-tonguedorsum1.freeze11.snv.mod.fix.bam	0.143614371433	0.149782784546	0.150673000972	0.14869555718	0.163804683627	0.16749251984	0.154988277784	0.14949706308	0.146428967032	0.145245739453	0.150755890516	0.146352256168	0.143372446753	0.145206272221	0.138020761233	0.135163859177	0.140247051646	0.144221266727	0.143958630957	0.146015846297	0.151344142482	0.145443373491	0.150017613599	0.147942531683	0.139353990198	0.144864089913	0.152476891312	0.161208792242	0.159900044883	0.0	0.147302182167	0.139260525094	0.149460701067	0.144673024847	0.151020667569	0.144096757986	0.156816596816	0.141461154463	0.150547783382	0.15091864463	0.138252863487	0.143229349286	0.146962808976	0.14101283986	0.14887104718	0.146302402314	0.146130079519	0.145448335809	0.148464572615	0.137992276193	0.147968116669	0.154642566755	0.150184563577	0.154035847905	0.141710097283	0.144343570975
160603188-tonguedorsum2.freeze11.snv.mod.fix.bam	0.14030845389	0.145436050973	0.14804906521	0.145279199946	0.158503975906	0.16015865277	0.15031182298	0.146717967835	0.144352343177	0.140183840694	0.145155726183	0.141583079746	0.142507607332	0.142908353264	0.132305214996	0.138086097429	0.13686728648	0.140098952351	0.139716389774	0.141454599348	0.142256309284	0.13700977492	0.148929097197	0.14430913477	0.133124082209	0.1158668544	0.132095195678	0.154875815318	0.156356406401	0.147302182167	0.0	0.138626906749	0.147613978137	0.142564663646	0.147964779011	0.137220990763	0.150370402262	0.139517083346	0.150898662502	0.149796131415	0.136103682516	0.14254256331	0.145138626802	0.136402278618	0.146313047821	0.14351864329	0.136822983845	0.138089221204	0.142506388393	0.135427136763	0.141079150002	0.151750158301	0.147552484339	0.15153656711	0.13308195873	0.139986976505
160906640-tonguedorsum1.freeze11.snv.mod.fix.bam	0.127384641712	0.127478310211	0.142777392881	0.127499562198	0.1448007218	0.1440296493	0.129037500795	0.134564351313	0.132853232832	0.103946481651	0.137298027268	0.130437662371	0.13052151876	0.128925502221	0.119527010339	0.124172482087	0.114026662754	0.128288327215	0.127288279572	0.130596188588	0.1415524208	0.126987223669	0.138778212936	0.118651784716	0.105330140995	0.118215976744	0.131782308126	0.142394591188	0.141542155981	0.139260525094	0.138626906749	0.0	0.137182316232	0.128512833716	0.135433805923	0.128875951444	0.130856464171	0.126438211261	0.142116607817	0.141334157852	0.125353371655	0.131571658292	0.130650794213	0.12772489861	0.136532642529	0.132130224535	0.104490745774	0.109369624535	0.110032154693	0.123600255839	0.134491603937	0.137710079797	0.129810711919	0.134644609769	0.105937887044	0.129363949202
160947100-tonguedorsum1.freeze11.snv.mod.fix.bam	0.135736258865	0.1436900064	0.147041089955	0.145302412255	0.155010308465	0.159009957578	0.156271058437	0.142594358709	0.140796717415	0.13999774752	0.151547884542	0.144824856515	0.146204257967	0.145839941055	0.135943847164	0.140957862534	0.129593200991	0.139885469132	0.139139265822	0.136303442987	0.146379257911	0.125125086932	0.152484682302	0.142836574432	0.136043059841	0.139674804148	0.14512258787	0.15313508692	0.152762442259	0.149460701067	0.147613978137	0.137182316232	0.0	0.139800365893	0.151394717151	0.137630925654	0.150821851555	0.135013604817	0.149322419869	0.14758860776	0.134029936728	0.140910312975	0.137971897956	0.13568572651	0.150250397486	0.14587484103	0.141549070115	0.141513250366	0.147817974876	0.135928594858	0.142929821796	0.157936813479	0.152761665603	0.157917027515	0.137999955488	0.140921145934
234447334-tonguedorsum2.freeze11.snv.mod.fix.bam	0.129425262844	0.136612340766	0.14148541923	0.138422333075	0.148377415145	0.150008972401	0.148097026821	0.13841066827	0.135824602104	0.136694658948	0.144977549403	0.136756860371	0.139020643279	0.137388475401	0.128813453232	0.134103206714	0.130468667465	0.132278378676	0.13140322489	0.132740407619	0.140440462569	0.133137747073	0.145405055029	0.136793444036	0.13062957611	0.120105855273	0.12231855871	0.145038378376	0.142103497411	0.144673024847	0.142564663646	0.128512833716	0.139800365893	0.0	0.146266294166	0.124147498855	0.141664728313	0.128366341415	0.1431133317	0.142058875483	0.130807270066	0.131854690537	0.128523192055	0.132918626146	0.144337508139	0.140368719641	0.133922431721	0.133799747784	0.146177191164	0.101654078417	0.139294977675	0.151423985057	0.145096999398	0.150803389135	0.132534923939	0.132665552724
370425937-tonguedorsum1.freeze11.snv.mod.fix.bam	0.139931297003	0.123993654475	0.146105051505	0.143263042641	0.152725651381	0.157418346034	0.122035803037	0.14438949149	0.144740037781	0.146242687611	0.110604336226	0.114595749073	0.10846019245	0.109774773486	0.13225936912	0.0996775328479	0.137154330919	0.143116644887	0.141709832728	0.145515807732	0.144809637889	0.138265746762	0.114635134639	0.142837670036	0.116185895686	0.138419641435	0.143071358428	0.150835890844	0.150314672985	0.151020667569	0.147964779011	0.135433805923	0.151394717151	0.146266294166	0.0	0.140967225913	0.150291389535	0.138881477238	0.153700221006	0.152749129522	0.141079491683	0.143594586096	0.139599932707	0.141834990166	0.11590154608	0.113419498988	0.136151866638	0.135873597617	0.143111844635	0.136433679169	0.147808636803	0.116326638706	0.113970234144	0.116467714522	0.132090007084	0.133807005926
604812005-tonguedorsum2.freeze11.snv.mod.fix.bam	0.128024206475	0.133221605345	0.141698000897	0.138214841562	0.14395644112	0.147740922184	0.143316432885	0.137589359368	0.136029744633	0.134070276961	0.141367485917	0.132047678106	0.131835812077	0.131486030453	0.12513381201	0.130560026654	0.127390576959	0.130723336162	0.129702722129	0.133192714687	0.139828638334	0.129990089263	0.141952248675	0.136208535995	0.12713096606	0.10997254144	0.111493035377	0.143726833693	0.136805968046	0.144096757986	0.137220990763	0.128875951444	0.137630925654	0.124147498855	0.140967225913	0.0	0.0990575766157	0.12811763206	0.144242399595	0.142962093955	0.129063984922	0.129877072209	0.119661027069	0.127711786081	0.143146378954	0.139449161928	0.132260791932	0.130781254487	0.140494327566	0.123041877137	0.132743788715	0.145016275595	0.138992036297	0.14459603088	0.12778675387	0.13199256533
604812005-tonguedorsum3.freeze11.snv.mod.fix.bam	0.140265631934	0.13456182537	0.154928882801	0.145534392251	0.101634262772	0.104323233376	0.148630427726	0.150427311183	0.149027156125	0.138671848142	0.149367245952	0.13751880584	0.140783444348	0.138547699483	0.134789301909	0.139808252053	0.133380614655	0.141937437098	0.140210279051	0.144916117631	0.152674592109	0.139982623697	0.149576879865	0.143815872463	0.132926781068	0.126823319369	0.133083847008	0.148880025486	0.145649949395	0.156816596816	0.150370402262	0.130856464171	0.150821851555	0.141664728313	0.150291389535	0.0990575766157	0.0	0.138367065595	0.157280799122	0.156515332769	0.139816891196	0.13665074208	0.135846187798	0.140515155742	0.150633309903	0.146590899912	0.137602737084	0.136767790385	0.139420593992	0.135687992732	0.147518167046	0.151532313658	0.144847971166	0.150341906925	0.132421619684	0.143227820128
763395383-anteriornares3.freeze11.snv.mod.fix.bam	0.0321528136115	0.132517992983	0.141084355356	0.135901551728	0.146873675154	0.150906873647	0.140739797924	0.136739169795	0.134322326515	0.132035906448	0.140142916493	0.132258568161	0.132402321806	0.132210121001	0.125843265706	0.12669550168	0.124943729477	0.106285687318	0.101809172309	0.0945353669979	0.138845868562	0.128490034371	0.137652403323	0.133246030819	0.125776172279	0.126153164058	0.133040058067	0.142239676085	0.141547551126	0.141461154463	0.139517083346	0.126438211261	0.135013604817	0.128366341415	0.138881477238	0.12811763206	0.138367065595	0.0	0.142358114615	0.141307131005	0.122024525225	0.129911540324	0.0856180684069	0.125297829668	0.139765165838	0.135726942501	0.130490806478	0.129708460163	0.137053180945	0.122266559349	0.133826994543	0.14178332531	0.136097880589	0.141375558745	0.124409896291	0.130581811474
763435843-tonguedorsum1.freeze11.snv.mod.fix.bam	0.143853472295	0.150648360031	0.150013700385	0.147623323246	0.161655874382	0.163705036391	0.156176320628	0.0320463468823	0.0263621772541	0.146880614273	0.153599194782	0.147477569081	0.148070334915	0.148660226726	0.137501998154	0.138924269296	0.139326354795	0.142191220183	0.142243734506	0.145288537921	0.149942324833	0.144270621857	0.151788903013	0.0568680736522	0.129050534033	0.144722034114	0.150440977573	0.158738576644	0.159858590401	0.150547783382	0.150898662502	0.142116607817	0.149322419869	0.1431133317	0.153700221006	0.144242399595	0.157280799122	0.142358114615	0.0	0.00999760922849	0.120094567934	0.145538092399	0.148548217876	0.141272134113	0.152238079457	0.148314000734	0.143524577472	0.144233738417	0.152529159228	0.137239639042	0.147926635903	0.159394979743	0.154506861257	0.159085889188	0.140621402256	0.144115963162
763435843-tonguedorsum2.freeze11.snv.mod.fix.bam	0.142969776092	0.148873965353	0.149091748317	0.146110050695	0.161804467663	0.163956611083	0.155411282538	0.033401077322	0.0297252887623	0.14554695311	0.153480060022	0.146557446753	0.146062436276	0.146776279708	0.136952782391	0.137569764042	0.137772421238	0.140945485047	0.140521133896	0.143828754215	0.148152156952	0.14137220791	0.151588452301	0.0579328735422	0.128588675231	0.143517162995	0.149155284288	0.156778617765	0.157721678676	0.15091864463	0.149796131415	0.141334157852	0.14758860776	0.142058875483	0.152749129522	0.142962093955	0.156515332769	0.141307131005	0.00999760922849	0.0	0.120596709395	0.144103665087	0.146948792735	0.141188159673	0.150886779463	0.147015419063	0.142945376557	0.142864490896	0.151981817492	0.135820610238	0.146718616853	0.158529181169	0.153273780988	0.158170186554	0.139561508322	0.142439644932
763759525-tonguedorsum2.freeze11.snv.mod.fix.bam	0.125082847943	0.134674257972	0.137991706739	0.135111807619	0.149561237522	0.151188148019	0.141742601834	0.119112793544	0.116241501847	0.131545197582	0.139993538402	0.134565684159	0.133507395173	0.133983330052	0.120476638847	0.127785928223	0.124237376115	0.123578605579	0.122504900335	0.131990037528	0.134580891342	0.126647214596	0.140512573464	0.120851007279	0.121564395736	0.127806450215	0.133855678832	0.145816686785	0.145909900651	0.138252863487	0.136103682516	0.125353371655	0.134029936728	0.130807270066	0.141079491683	0.129063984922	0.139816891196	0.122024525225	0.120094567934	0.120596709395	0.0	0.131263126432	0.131827435624	0.124457649029	0.140045964815	0.136293738162	0.128345841511	0.12876679852	0.134792544856	0.123380665952	0.135232481892	0.146939525248	0.141301109979	0.146644540722	0.125085637466	0.130471517315
763820215-tonguedorsum2.freeze11.snv.mod.fix.bam	0.131536917347	0.130896676618	0.142675519626	0.137690847927	0.138140342526	0.14262512302	0.141564020305	0.138197576369	0.137044700035	0.133603373914	0.142583635573	0.132455784939	0.134838606198	0.133083248582	0.127150481681	0.130974420344	0.127148075317	0.133341168731	0.131214760187	0.114543184066	0.14070822125	0.130401419651	0.139495454461	0.130476363284	0.122677571355	0.126209688757	0.129419623069	0.128439060534	0.12730017947	0.143229349286	0.14254256331	0.131571658292	0.140910312975	0.131854690537	0.143594586096	0.129877072209	0.13665074208	0.129911540324	0.145538092399	0.144103665087	0.131263126432	0.0	0.129325095059	0.131368803754	0.145421519138	0.141073303798	0.133331675416	0.134127546198	0.13778091051	0.126310813091	0.139800952036	0.146257011347	0.139274084127	0.146379290911	0.125453045636	0.135085747013
