	158479027-supragingivalplaque1.freeze11.snv.mod.fix.bam	159369152-supragingivalplaque1.freeze11.snv.mod.fix.bam	159510762-supragingivalplaque2.freeze11.snv.mod.fix.bam	159510762-tonguedorsum3.freeze11.snv.mod.fix.bam	159551223-supragingivalplaque1.freeze11.snv.mod.fix.bam	159591683-supragingivalplaque1.freeze11.snv.mod.fix.bam	160158126-supragingivalplaque1.freeze11.snv.mod.fix.bam	160178356-supragingivalplaque1.freeze11.snv.mod.fix.bam	160218816-buccalmucosa1.freeze11.snv.mod.fix.bam	160400887-supragingivalplaque1.freeze11.snv.mod.fix.bam	246515023-supragingivalplaque2.freeze11.snv.mod.fix.bam	370425937-supragingivalplaque1.freeze11.snv.mod.fix.bam	650853796-supragingivalplaque1.freeze11.snv.mod.fix.bam	675950834-supragingivalplaque3.freeze11.snv.mod.fix.bam	706846339-supragingivalplaque1.freeze11.snv.mod.fix.bam	706846339-supragingivalplaque2.freeze11.snv.mod.fix.bam	737052003-supragingivalplaque2.freeze11.snv.mod.fix.bam	763840445-supragingivalplaque2.freeze11.snv.mod.fix.bam	763901136-supragingivalplaque2.freeze11.snv.mod.fix.bam	764285508-supragingivalplaque1.freeze11.snv.mod.fix.bam	809635352-supragingivalplaque2.freeze11.snv.mod.fix.bam
158479027-supragingivalplaque1.freeze11.snv.mod.fix.bam	0.0	0.15281702795	0.0810395805087	0.0788343107307	0.126941862555	0.0556871457275	0.0846333534802	0.0801248019341	0.093993498538	0.155512357678	0.0697028603166	0.133851707859	0.150824117484	0.102928924972	0.0912981688093	0.114379992486	0.145335446036	0.100478625218	0.0977016188314	0.149419278958	0.0132152833363
159369152-supragingivalplaque1.freeze11.snv.mod.fix.bam	0.15281702795	0.0	0.100919679174	0.108825979712	0.127970988451	0.149255925642	0.025205416796	0.128395707075	0.159171471977	0.151738896058	0.089321593675	0.0727739026741	0.152245291341	0.110737213519	0.0681836744695	0.0744564418381	0.138801313361	0.108597285068	0.100462289887	0.152522991979	0.107862195142
159510762-supragingivalplaque2.freeze11.snv.mod.fix.bam	0.0810395805087	0.100919679174	0.0	0.0379796461767	0.0764330169724	0.0921802767205	0.0552460917719	0.0657170393845	0.0994168286587	0.0949082771126	0.0250257281474	0.0784259274385	0.106310338631	0.0516359834686	0.0385187121224	0.0600813499518	0.0912164921509	0.053824917915	0.046000294036	0.108254243102	0.0373425682408
159510762-tonguedorsum3.freeze11.snv.mod.fix.bam	0.0788343107307	0.108825979712	0.0379796461767	0.0	0.0838819282226	0.0889948870412	0.0599506672983	0.0432886289756	0.0974729241877	0.113024159956	0.0312658248526	0.0879820964765	0.113710243887	0.0593952660209	0.0455102340853	0.0689841057223	0.105166865413	0.059754643318	0.0497737556561	0.116225884967	0.0437133475995
159551223-supragingivalplaque1.freeze11.snv.mod.fix.bam	0.126941862555	0.127970988451	0.0764330169724	0.0838819282226	0.0	0.127235898525	0.0855644673865	0.10185079308	0.13599163631	0.132985935279	0.0596893019913	0.105395560057	0.128869431694	0.0786546220821	0.05387392391	0.0700785729454	0.124475227469	0.0832121796233	0.0739990525508	0.130780665501	0.0835225509254
159591683-supragingivalplaque1.freeze11.snv.mod.fix.bam	0.0556871457275	0.149255925642	0.0921802767205	0.0889948870412	0.127235898525	0.0	0.0912001568192	0.0783279154483	0.0962477743111	0.158681412026	0.0792753646863	0.132103827368	0.151036476796	0.109054674355	0.0935524445824	0.116830292239	0.146544260581	0.10126272114	0.104578793472	0.145041410066	0.0588725354068
160158126-supragingivalplaque1.freeze11.snv.mod.fix.bam	0.0846333534802	0.025205416796	0.0552460917719	0.0599506672983	0.0855644673865	0.0912001568192	0.0	0.0627113383537	0.0849763954457	0.110312494895	0.0397928679942	0.0562752176683	0.111570315435	0.0632994102945	0.0329483640165	0.0495940670075	0.105901955339	0.0648349314733	0.058284463466	0.113432543248	0.0552297564402
160178356-supragingivalplaque1.freeze11.snv.mod.fix.bam	0.0801248019341	0.128395707075	0.0657170393845	0.0432886289756	0.10185079308	0.0783279154483	0.0627113383537	0.0	0.0716304294559	0.133002270611	0.0487119590963	0.108090889786	0.128804090367	0.0730025973177	0.0668278419393	0.0906284202101	0.126909191891	0.0750608491105	0.0698662136335	0.126533479262	0.0577780681837
160218816-buccalmucosa1.freeze11.snv.mod.fix.bam	0.093993498538	0.159171471977	0.0994168286587	0.0974729241877	0.13599163631	0.0962477743111	0.0849763954457	0.0716304294559	0.0	0.171422970743	0.0828528023262	0.141055589134	0.160380286522	0.110688207524	0.0980119901335	0.12254765833	0.157570609471	0.109773428949	0.104791152784	0.153829818514	0.0766453762844
160400887-supragingivalplaque1.freeze11.snv.mod.fix.bam	0.155512357678	0.151738896058	0.0949082771126	0.113024159956	0.132985935279	0.158681412026	0.110312494895	0.133002270611	0.171422970743	0.0	0.0869366352484	0.134456115131	0.154760932421	0.110541189539	0.0978486368166	0.116617932927	0.0386003887809	0.114200303837	0.102144829051	0.16307561625	0.0698172076384
246515023-supragingivalplaque2.freeze11.snv.mod.fix.bam	0.0697028603166	0.089321593675	0.0250257281474	0.0312658248526	0.0596893019913	0.0792753646863	0.0397928679942	0.0487119590963	0.0828528023262	0.0869366352484	0.0	0.0645735661663	0.0912818334776	0.0328013460313	0.0203538232844	0.0429782576735	0.0861852099907	0.0365584723198	0.0291585670647	0.0838165868958	0.0259568420537
370425937-supragingivalplaque1.freeze11.snv.mod.fix.bam	0.133851707859	0.0727739026741	0.0784259274385	0.0879820964765	0.105395560057	0.132103827368	0.0562752176683	0.108090889786	0.141055589134	0.134456115131	0.0645735661663	0.0	0.132887923289	0.0879494258131	0.0568632896091	0.070045902282	0.126272113955	0.0861362039956	0.078605616087	0.136579708251	0.0864465752977
650853796-supragingivalplaque1.freeze11.snv.mod.fix.bam	0.150824117484	0.152245291341	0.106310338631	0.113710243887	0.128869431694	0.151036476796	0.111570315435	0.128804090367	0.160380286522	0.154760932421	0.0912818334776	0.132887923289	0.0	0.0207458712449	0.0987144093961	0.117075322214	0.148831207018	0.109087345019	0.103026936962	0.153960501168	0.109740758286
675950834-supragingivalplaque3.freeze11.snv.mod.fix.bam	0.102928924972	0.110737213519	0.0516359834686	0.0593952660209	0.0786546220821	0.109054674355	0.0632994102945	0.0730025973177	0.110688207524	0.110541189539	0.0328013460313	0.0879494258131	0.0207458712449	0.0	0.0429455870101	0.0644592188444	0.110704542856	0.0595422840061	0.0485976117745	0.115719489684	0.0567489422873
706846339-supragingivalplaque1.freeze11.snv.mod.fix.bam	0.0912981688093	0.0681836744695	0.0385187121224	0.0455102340853	0.05387392391	0.0935524445824	0.0329483640165	0.0668278419393	0.0980119901335	0.0978486368166	0.0203538232844	0.0568632896091	0.0987144093961	0.0429455870101	0.0	0.00259731773854	0.0954800137217	0.0441870722185	0.037179214924	0.104546122809	0.0447588088276
706846339-supragingivalplaque2.freeze11.snv.mod.fix.bam	0.114379992486	0.0744564418381	0.0600813499518	0.0689841057223	0.0700785729454	0.116830292239	0.0495940670075	0.0906284202101	0.12254765833	0.116617932927	0.0429782576735	0.070045902282	0.117075322214	0.0644592188444	0.00259731773854	0.0	0.112109381381	0.0659784046915	0.0572226669063	0.122041263048	0.066795171276
737052003-supragingivalplaque2.freeze11.snv.mod.fix.bam	0.145335446036	0.138801313361	0.0912164921509	0.105166865413	0.124475227469	0.146544260581	0.105901955339	0.126909191891	0.157570609471	0.0386003887809	0.0861852099907	0.126272113955	0.148831207018	0.110704542856	0.0954800137217	0.112109381381	0.0	0.108205237107	0.099351487332	0.152490321316	0.0672362252316
763840445-supragingivalplaque2.freeze11.snv.mod.fix.bam	0.100478625218	0.108597285068	0.053824917915	0.059754643318	0.0832121796233	0.10126272114	0.0648349314733	0.0750608491105	0.109773428949	0.114200303837	0.0365584723198	0.0861362039956	0.109087345019	0.0595422840061	0.0441870722185	0.0659784046915	0.108205237107	0.0	0.0534492052861	0.110557524871	0.0582191221393
763901136-supragingivalplaque2.freeze11.snv.mod.fix.bam	0.0977016188314	0.100462289887	0.046000294036	0.0497737556561	0.0739990525508	0.104578793472	0.058284463466	0.0698662136335	0.104791152784	0.102144829051	0.0291585670647	0.078605616087	0.103026936962	0.0485976117745	0.037179214924	0.0572226669063	0.099351487332	0.0534492052861	0.0	0.108058219122	0.0533675286277
764285508-supragingivalplaque1.freeze11.snv.mod.fix.bam	0.149419278958	0.152522991979	0.108254243102	0.116225884967	0.130780665501	0.145041410066	0.113432543248	0.126533479262	0.153829818514	0.16307561625	0.0838165868958	0.136579708251	0.153960501168	0.115719489684	0.104546122809	0.122041263048	0.152490321316	0.110557524871	0.108058219122	0.0	0.111455968113
809635352-supragingivalplaque2.freeze11.snv.mod.fix.bam	0.0132152833363	0.107862195142	0.0373425682408	0.0437133475995	0.0835225509254	0.0588725354068	0.0552297564402	0.0577780681837	0.0766453762844	0.0698172076384	0.0259568420537	0.0864465752977	0.109740758286	0.0567489422873	0.0447588088276	0.066795171276	0.0672362252316	0.0582191221393	0.0533675286277	0.111455968113	0.0
