	158499257-supragingivalplaque1.freeze11.snv.mod.fix.bam	158802708-supragingivalplaque1.freeze11.snv.mod.fix.bam	159207311-supragingivalplaque3.freeze11.snv.mod.fix.bam	159247771-supragingivalplaque2.freeze11.snv.mod.fix.bam	159268001-supragingivalplaque3.freeze11.snv.mod.fix.bam	159571453-supragingivalplaque2.freeze11.snv.mod.fix.bam	160178356-supragingivalplaque1.freeze11.snv.mod.fix.bam	160603188-supragingivalplaque2.freeze11.snv.mod.fix.bam	370425937-supragingivalplaque2.freeze11.snv.mod.fix.bam	517810313-supragingivalplaque2.freeze11.snv.mod.fix.bam	604812005-supragingivalplaque3.freeze11.snv.mod.fix.bam	706846339-supragingivalplaque2.freeze11.snv.mod.fix.bam	763435843-supragingivalplaque2.freeze11.snv.mod.fix.bam	763496533-supragingivalplaque1.freeze11.snv.mod.fix.bam	763759525-supragingivalplaque1.freeze11.snv.mod.fix.bam	764062976-supragingivalplaque2.freeze11.snv.mod.fix.bam	764062976-supragingivalplaque3.freeze11.snv.mod.fix.bam	764083206-supragingivalplaque1.freeze11.snv.mod.fix.bam	764083206-supragingivalplaque2.freeze11.snv.mod.fix.bam	764588959-supragingivalplaque1.freeze11.snv.mod.fix.bam	764649650-supragingivalplaque2.freeze11.snv.mod.fix.bam	764811490-supragingivalplaque2.freeze11.snv.mod.fix.bam	765013792-supragingivalplaque1.freeze11.snv.mod.fix.bam	765094712-supragingivalplaque1.freeze11.snv.mod.fix.bam	765094712-supragingivalplaque2.freeze11.snv.mod.fix.bam	765155402-supragingivalplaque3.freeze11.snv.mod.fix.bam	937495960-supragingivalplaque1.freeze11.snv.mod.fix.bam
158499257-supragingivalplaque1.freeze11.snv.mod.fix.bam	0.0	0.163626157732	0.134717934325	0.0901861727009	0.150715689026	0.136682570867	0.061745719899	0.145102441763	0.0953784264197	0.143886238189	0.0880344279165	0.145102441763	0.153896529142	0.140565066891	0.153802975021	0.132706520722	0.127046496398	0.153054542053	0.121994573861	0.0508934418561	0.134109832538	0.15721770044	0.0762933857236	0.15459818505	0.139676302741	0.108943773973	0.135419590233
158802708-supragingivalplaque1.freeze11.snv.mod.fix.bam	0.163626157732	0.0	0.152539994387	0.166152119001	0.113013378239	0.11310693236	0.159556553466	0.148283281879	0.11394891945	0.107072691552	0.158901674619	0.152306109084	0.170829825054	0.132285527177	0.0313874076153	0.1590420058	0.122602675648	0.128028814669	0.133688838993	0.151183459631	0.150341472542	0.17934325007	0.125643184582	0.175928524652	0.161988960614	0.0924782486669	0.0983721582936
159207311-supragingivalplaque3.freeze11.snv.mod.fix.bam	0.134717934325	0.152539994387	0.0	0.133033960146	0.141828047525	0.125736738703	0.126578725793	0.137243895594	0.0895312938535	0.130087005333	0.124941528674	0.123070446253	0.128777247638	0.133642061933	0.141407053981	0.122649452708	0.112358499392	0.143324913462	0.115586116568	0.114089250631	0.120217045561	0.112358499392	0.0850406960427	0.135700252596	0.120965478529	0.101178781925	0.124894751614
159247771-supragingivalplaque2.freeze11.snv.mod.fix.bam	0.0901861727009	0.166152119001	0.133033960146	0.0	0.157685471045	0.143231359341	0.0712414631865	0.150341472542	0.0950977640565	0.150435026663	0.0927121339695	0.143792684068	0.146879970063	0.147020301244	0.159416222285	0.132425858359	0.13163064833	0.157498362803	0.122696229769	0.0818130788661	0.128169145851	0.155253063897	0.0799887735055	0.151417344934	0.136729347928	0.116802320142	0.14309102816
159268001-supragingivalplaque3.freeze11.snv.mod.fix.bam	0.150715689026	0.113013378239	0.141828047525	0.157685471045	0.0	0.10155299841	0.14753484891	0.135700252596	0.105248386191	0.0960800823276	0.143933015249	0.142108709889	0.164093928338	0.121339695014	0.108055009823	0.146225091215	0.114790906539	0.118299186079	0.1201702685	0.138927869773	0.14220226401	0.167461876696	0.114650575358	0.162597062401	0.148096173636	0.0448592010478	0.090279726822
159571453-supragingivalplaque2.freeze11.snv.mod.fix.bam	0.136682570867	0.11310693236	0.125736738703	0.143231359341	0.10155299841	0.0	0.133221068388	0.128215922911	0.0900926185798	0.0972027317803	0.131770979512	0.132238750117	0.144728225278	0.115586116568	0.107400130976	0.131256431846	0.106838806249	0.111890728787	0.109130882215	0.12367854804	0.128309477032	0.1501543643	0.100851342502	0.145616989428	0.132800074843	0.0787257928712	0.0902329497614
160178356-supragingivalplaque1.freeze11.snv.mod.fix.bam	0.061745719899	0.159556553466	0.126578725793	0.0712414631865	0.14753484891	0.133221068388	0.0	0.140565066891	0.0886425297034	0.141500608102	0.0443914304425	0.135559921415	0.140518289831	0.13518570493	0.150575357845	0.125362522219	0.121199363832	0.146365422397	0.114650575358	0.0535597343063	0.121152586771	0.149639816634	0.0698849284311	0.144400785855	0.129245018243	0.105248386191	0.132566189541
160603188-supragingivalplaque2.freeze11.snv.mod.fix.bam	0.145102441763	0.148283281879	0.137243895594	0.150341472542	0.135700252596	0.128215922911	0.140565066891	0.0	0.0996819159884	0.12278978389	0.132379081299	0.150341472542	0.161474412948	0.121760688558	0.133969501357	0.138272990925	0.115352231266	0.139723079802	0.117644307232	0.115773224811	0.144073346431	0.164093928338	0.109972869305	0.161708298251	0.146692861821	0.095939751146	0.117036205445
370425937-supragingivalplaque2.freeze11.snv.mod.fix.bam	0.0953784264197	0.11394891945	0.0895312938535	0.0950977640565	0.105248386191	0.0900926185798	0.0886425297034	0.0996819159884	0.0	0.0944896622696	0.0901861727009	0.103657966133	0.104312844981	0.0440172139583	0.102815979044	0.0996819159884	0.0970624005987	0.100991673683	0.099120591262	0.0792871175975	0.0929460192721	0.109364767518	0.0694171578258	0.10955187576	0.0947703246328	0.0770418186921	0.086303676677
517810313-supragingivalplaque2.freeze11.snv.mod.fix.bam	0.143886238189	0.107072691552	0.130087005333	0.150435026663	0.0960800823276	0.0972027317803	0.141500608102	0.12278978389	0.0944896622696	0.0	0.13785199738	0.134343717841	0.153569089718	0.115960333053	0.0986060435962	0.137618112078	0.104172513799	0.108335672186	0.110534194031	0.131209654785	0.133314622509	0.160304986435	0.108896996913	0.151885115539	0.140611843952	0.0754513986341	0.0544484984564
604812005-supragingivalplaque3.freeze11.snv.mod.fix.bam	0.0880344279165	0.158901674619	0.124941528674	0.0927121339695	0.143933015249	0.131770979512	0.0443914304425	0.132379081299	0.0901861727009	0.13785199738	0.0	0.131209654785	0.139302086257	0.134343717841	0.146271868276	0.122696229769	0.116755543082	0.144400785855	0.114089250631	0.0682477313126	0.121339695014	0.148891383665	0.0747965197867	0.146365422397	0.130414444756	0.10244176256	0.128683693517
706846339-supragingivalplaque2.freeze11.snv.mod.fix.bam	0.145102441763	0.152306109084	0.123070446253	0.143792684068	0.142108709889	0.132238750117	0.135559921415	0.150341472542	0.103657966133	0.134343717841	0.131209654785	0.0	0.0791935634765	0.143278136402	0.142670034615	0.119983160258	0.117270090747	0.147768734213	0.128590139396	0.128403031154	0.109458321639	0.154364299747	0.0927121339695	0.111843951726	0.0974833941435	0.108148563944	0.126157732248
763435843-supragingivalplaque2.freeze11.snv.mod.fix.bam	0.153896529142	0.170829825054	0.128777247638	0.146879970063	0.164093928338	0.144728225278	0.140518289831	0.161474412948	0.104312844981	0.153569089718	0.139302086257	0.0791935634765	0.0	0.154832070353	0.160866311161	0.118813733745	0.132004864814	0.164140705398	0.137431003836	0.132425858359	0.0996819159884	0.158059687529	0.0887360838245	0.110347085789	0.0987931518383	0.123865656282	0.145008887642
763496533-supragingivalplaque1.freeze11.snv.mod.fix.bam	0.140565066891	0.132285527177	0.133642061933	0.147020301244	0.121339695014	0.115586116568	0.13518570493	0.121760688558	0.0440172139583	0.115960333053	0.134343717841	0.143278136402	0.154832070353	0.0	0.123959210403	0.13163064833	0.103798297315	0.123584993919	0.108476003368	0.126017401067	0.138319767986	0.161240527645	0.10071101132	0.158527458135	0.141687716344	0.0749368509683	0.105622602676
763759525-supragingivalplaque1.freeze11.snv.mod.fix.bam	0.153802975021	0.0313874076153	0.141407053981	0.159416222285	0.108055009823	0.107400130976	0.150575357845	0.133969501357	0.102815979044	0.0986060435962	0.146271868276	0.142670034615	0.160866311161	0.123959210403	0.0	0.147347740668	0.116802320142	0.118112077837	0.121152586771	0.133922724296	0.142015155768	0.170221723267	0.118205631958	0.164795584245	0.150575357845	0.0870521096454	0.0908878286089
764062976-supragingivalplaque2.freeze11.snv.mod.fix.bam	0.132706520722	0.1590420058	0.122649452708	0.132425858359	0.146225091215	0.131256431846	0.125362522219	0.138272990925	0.0996819159884	0.137618112078	0.122696229769	0.119983160258	0.118813733745	0.13163064833	0.147347740668	0.0	0.0776031434185	0.128403031154	0.0472916081953	0.116240995416	0.118907287866	0.152259332024	0.0858359060717	0.143839461128	0.126578725793	0.0874263261297	0.130367667696
764062976-supragingivalplaque3.freeze11.snv.mod.fix.bam	0.127046496398	0.122602675648	0.112358499392	0.13163064833	0.114790906539	0.106838806249	0.121199363832	0.115352231266	0.0970624005987	0.104172513799	0.116755543082	0.117270090747	0.132004864814	0.103798297315	0.116802320142	0.0776031434185	0.0	0.112592384695	0.0969688464777	0.109645429881	0.116194218355	0.147347740668	0.0801758817476	0.145616989428	0.127654598185	0.058564879783	0.0944428852091
764083206-supragingivalplaque1.freeze11.snv.mod.fix.bam	0.153054542053	0.128028814669	0.143324913462	0.157498362803	0.118299186079	0.111890728787	0.146365422397	0.139723079802	0.100991673683	0.108335672186	0.144400785855	0.147768734213	0.164140705398	0.123584993919	0.118112077837	0.128403031154	0.112592384695	0.0	0.0690429413416	0.135372813172	0.144260454673	0.172981569838	0.112639161755	0.168350640846	0.152727102629	0.0829357283188	0.0984657124146
764083206-supragingivalplaque2.freeze11.snv.mod.fix.bam	0.121994573861	0.133688838993	0.115586116568	0.122696229769	0.1201702685	0.109130882215	0.114650575358	0.117644307232	0.099120591262	0.110534194031	0.114089250631	0.128590139396	0.137431003836	0.108476003368	0.121152586771	0.0472916081953	0.0969688464777	0.0690429413416	0.0	0.102956310225	0.118907287866	0.140050519225	0.0907474974273	0.139863410983	0.125502853401	0.0771821498737	0.105435494434
764588959-supragingivalplaque1.freeze11.snv.mod.fix.bam	0.0508934418561	0.151183459631	0.114089250631	0.0818130788661	0.138927869773	0.12367854804	0.0535597343063	0.115773224811	0.0792871175975	0.131209654785	0.0682477313126	0.128403031154	0.132425858359	0.126017401067	0.133922724296	0.116240995416	0.109645429881	0.135372813172	0.102956310225	0.0	0.115305454205	0.138881092712	0.0615118345963	0.136214800262	0.120638039106	0.0932266816353	0.121292917953
764649650-supragingivalplaque2.freeze11.snv.mod.fix.bam	0.134109832538	0.150341472542	0.120217045561	0.128169145851	0.14220226401	0.128309477032	0.121152586771	0.144073346431	0.0929460192721	0.133314622509	0.121339695014	0.109458321639	0.0996819159884	0.138319767986	0.142015155768	0.118907287866	0.116194218355	0.144260454673	0.118907287866	0.115305454205	0.0	0.144447562915	0.0838712695294	0.120450930864	0.104920946768	0.107400130976	0.124754420432
764811490-supragingivalplaque2.freeze11.snv.mod.fix.bam	0.15721770044	0.17934325007	0.112358499392	0.155253063897	0.167461876696	0.1501543643	0.149639816634	0.164093928338	0.109364767518	0.160304986435	0.148891383665	0.154364299747	0.158059687529	0.161240527645	0.170221723267	0.152259332024	0.147347740668	0.172981569838	0.140050519225	0.138881092712	0.144447562915	0.0	0.108943773973	0.159416222285	0.146318645336	0.132004864814	0.152633548508
765013792-supragingivalplaque1.freeze11.snv.mod.fix.bam	0.0762933857236	0.125643184582	0.0850406960427	0.0799887735055	0.114650575358	0.100851342502	0.0698849284311	0.109972869305	0.0694171578258	0.108896996913	0.0747965197867	0.0927121339695	0.0887360838245	0.10071101132	0.118205631958	0.0858359060717	0.0801758817476	0.112639161755	0.0907474974273	0.0615118345963	0.0838712695294	0.108943773973	0.0	0.0921040321826	0.0725512208813	0.0680606230704	0.0987463747778
765094712-supragingivalplaque1.freeze11.snv.mod.fix.bam	0.15459818505	0.175928524652	0.135700252596	0.151417344934	0.162597062401	0.145616989428	0.144400785855	0.161708298251	0.10955187576	0.151885115539	0.146365422397	0.111843951726	0.110347085789	0.158527458135	0.164795584245	0.143839461128	0.145616989428	0.168350640846	0.139863410983	0.136214800262	0.120450930864	0.159416222285	0.0921040321826	0.0	0.00481803723454	0.126859388156	0.147955842455
765094712-supragingivalplaque2.freeze11.snv.mod.fix.bam	0.139676302741	0.161988960614	0.120965478529	0.136729347928	0.148096173636	0.132800074843	0.129245018243	0.146692861821	0.0947703246328	0.140611843952	0.130414444756	0.0974833941435	0.0987931518383	0.141687716344	0.150575357845	0.126578725793	0.127654598185	0.152727102629	0.125502853401	0.120638039106	0.104920946768	0.146318645336	0.0725512208813	0.00481803723454	0.0	0.111001964637	0.135372813172
765155402-supragingivalplaque3.freeze11.snv.mod.fix.bam	0.108943773973	0.0924782486669	0.101178781925	0.116802320142	0.0448592010478	0.0787257928712	0.105248386191	0.095939751146	0.0770418186921	0.0754513986341	0.10244176256	0.108148563944	0.123865656282	0.0749368509683	0.0870521096454	0.0874263261297	0.058564879783	0.0829357283188	0.0771821498737	0.0932266816353	0.107400130976	0.132004864814	0.0680606230704	0.126859388156	0.111001964637	0.0	0.0672654130414
937495960-supragingivalplaque1.freeze11.snv.mod.fix.bam	0.135419590233	0.0983721582936	0.124894751614	0.14309102816	0.090279726822	0.0902329497614	0.132566189541	0.117036205445	0.086303676677	0.0544484984564	0.128683693517	0.126157732248	0.145008887642	0.105622602676	0.0908878286089	0.130367667696	0.0944428852091	0.0984657124146	0.105435494434	0.121292917953	0.124754420432	0.152633548508	0.0987463747778	0.147955842455	0.135372813172	0.0672654130414	0.0
