	158479027-supragingivalplaque1.freeze11.snv.mod.fix.bam	158479027-supragingivalplaque2.freeze11.snv.mod.fix.bam	158802708-supragingivalplaque1.freeze11.snv.mod.fix.bam	158802708-supragingivalplaque2.freeze11.snv.mod.fix.bam	158802708-supragingivalplaque3.freeze11.snv.mod.fix.bam	158883629-supragingivalplaque3.freeze11.snv.mod.fix.bam	159166850-supragingivalplaque2.freeze11.snv.mod.fix.bam	159247771-supragingivalplaque2.freeze11.snv.mod.fix.bam	159268001-supragingivalplaque2.freeze11.snv.mod.fix.bam	159268001-supragingivalplaque3.freeze11.snv.mod.fix.bam	159551223-supragingivalplaque2.freeze11.snv.mod.fix.bam	159591683-supragingivalplaque2.freeze11.snv.mod.fix.bam	159611913-supragingivalplaque2.freeze11.snv.mod.fix.bam	159814214-supragingivalplaque1.freeze11.snv.mod.fix.bam	160158126-supragingivalplaque1.freeze11.snv.mod.fix.bam	160178356-supragingivalplaque1.freeze11.snv.mod.fix.bam	160178356-supragingivalplaque3.freeze11.snv.mod.fix.bam	160259276-supragingivalplaque1.freeze11.snv.mod.fix.bam	160319967-supragingivalplaque1.freeze11.snv.mod.fix.bam	160319967-supragingivalplaque3.freeze11.snv.mod.fix.bam	160380657-supragingivalplaque3.freeze11.snv.mod.fix.bam	160421117-supragingivalplaque2.freeze11.snv.mod.fix.bam	160502038-supragingivalplaque3.freeze11.snv.mod.fix.bam	160542498-supragingivalplaque1.freeze11.snv.mod.fix.bam	160582958-supragingivalplaque1.freeze11.snv.mod.fix.bam	160582958-supragingivalplaque3.freeze11.snv.mod.fix.bam	160603188-supragingivalplaque2.freeze11.snv.mod.fix.bam	160603188-supragingivalplaque3.freeze11.snv.mod.fix.bam	160643649-supragingivalplaque1.freeze11.snv.mod.fix.bam	178713055-supragingivalplaque2.freeze11.snv.mod.fix.bam	338793263-supragingivalplaque1.freeze11.snv.mod.fix.bam	338793263-supragingivalplaque2.freeze11.snv.mod.fix.bam	370425937-supragingivalplaque2.freeze11.snv.mod.fix.bam	517810313-supragingivalplaque2.freeze11.snv.mod.fix.bam	604812005-supragingivalplaque3.freeze11.snv.mod.fix.bam	638754422-supragingivalplaque2.freeze11.snv.mod.fix.bam	650853796-supragingivalplaque1.freeze11.snv.mod.fix.bam	675950834-supragingivalplaque3.freeze11.snv.mod.fix.bam	706846339-supragingivalplaque2.freeze11.snv.mod.fix.bam	763395383-supragingivalplaque3.freeze11.snv.mod.fix.bam	763435843-supragingivalplaque2.freeze11.snv.mod.fix.bam	763496533-supragingivalplaque1.freeze11.snv.mod.fix.bam	763496533-supragingivalplaque2.freeze11.snv.mod.fix.bam	763840445-supragingivalplaque2.freeze11.snv.mod.fix.bam	763901136-supragingivalplaque3.freeze11.snv.mod.fix.bam	764224817-supragingivalplaque2.freeze11.snv.mod.fix.bam	764305738-supragingivalplaque1.freeze11.snv.mod.fix.bam	764366428-subgingivalplaque3.freeze11.snv.mod.fix.bam	764447348-supragingivalplaque1.freeze11.snv.mod.fix.bam	764508039-supragingivalplaque3.freeze11.snv.mod.fix.bam	764811490-supragingivalplaque1.freeze11.snv.mod.fix.bam	765013792-supragingivalplaque3.freeze11.snv.mod.fix.bam	765074482-supragingivalplaque3.freeze11.snv.mod.fix.bam	765094712-supragingivalplaque1.freeze11.snv.mod.fix.bam	765094712-supragingivalplaque3.freeze11.snv.mod.fix.bam	765195863-supragingivalplaque3.freeze11.snv.mod.fix.bam	861967750-supragingivalplaque2.freeze11.snv.mod.fix.bam	937495960-supragingivalplaque1.freeze11.snv.mod.fix.bam
158479027-supragingivalplaque1.freeze11.snv.mod.fix.bam	0.0	0.0420738645037	0.124703050657	0.128101330204	0.122786251091	0.142870209965	0.122513207551	0.139361635058	0.0658583014323	0.0652705982293	0.0934702276034	0.13956338878	0.11625525151	0.116827534822	0.108103846577	0.117428553247	0.135026189999	0.133798473866	0.135541985279	0.123248225076	0.0879070612745	0.100876631552	0.132733114288	0.113420538261	0.0994143056526	0.137221040173	0.130517059511	0.127802468659	0.124900422256	0.128423942916	0.122686532263	0.118475238837	0.103450494651	0.118650537119	0.116517292176	0.117013406041	0.120121405694	0.126171946581	0.114572951879	0.108350644446	0.132517956045	0.11029215064	0.124818780018	0.124396492495	0.127965119718	0.114641356383	0.134389068467	0.099155416765	0.141324748156	0.104454166284	0.13038133506	0.118064933648	0.106568624287	0.124935146696	0.10637488249	0.135242892498	0.114732882191	0.11153795605
158479027-supragingivalplaque2.freeze11.snv.mod.fix.bam	0.0420738645037	0.0	0.12844053227	0.13080881879	0.126670676279	0.14421329851	0.125473338586	0.14257839798	0.069730060022	0.0616375169296	0.0854029782999	0.141502484473	0.120466833112	0.121118542507	0.114548243697	0.122288622688	0.138371540649	0.136177503766	0.137923810412	0.125822532946	0.0889911682355	0.0889513394581	0.134783351017	0.1187511299	0.0900255166731	0.140814364673	0.134699135213	0.131752882943	0.129027570034	0.130641992016	0.125714960164	0.121553020451	0.101496892195	0.121684951236	0.1205701447	0.120719474391	0.125352725064	0.128675493557	0.118244892417	0.112907790675	0.134997048165	0.110100261842	0.127839166199	0.126863837588	0.130077780903	0.118475042226	0.1373192229	0.0911831230102	0.143288467321	0.104188245421	0.132487219966	0.121721219295	0.111251075554	0.127026991179	0.121009664272	0.136760901753	0.115342054552	0.117218015567
158802708-supragingivalplaque1.freeze11.snv.mod.fix.bam	0.124703050657	0.12844053227	0.0	0.0288085267167	0.0176768166961	0.136218648295	0.131360623893	0.143918809515	0.129570608814	0.131004691117	0.120433042424	0.134872509291	0.125097584472	0.122278828761	0.112276261657	0.123814722404	0.137164692681	0.140001331981	0.140513378744	0.130674857009	0.128970056822	0.125673862643	0.1355204593	0.119301622349	0.129838963475	0.13902986556	0.139884749916	0.135552980853	0.129494866758	0.130775960566	0.128515378224	0.123167066118	0.130667433164	0.123453513559	0.123662510962	0.0938009524631	0.12720034513	0.129039461142	0.120963624741	0.116853513405	0.133013596704	0.119900114438	0.121755899016	0.131854106644	0.128888297705	0.123699449032	0.140174401615	0.128700492637	0.132969516226	0.124001358891	0.136710140531	0.125183001934	0.116990444149	0.12705660156	0.129001496693	0.141543451089	0.131381288484	0.119640723931
158802708-supragingivalplaque2.freeze11.snv.mod.fix.bam	0.128101330204	0.13080881879	0.0288085267167	0.0	0.0301009662432	0.135300487977	0.134488858062	0.143869328832	0.130900364741	0.133164352282	0.123719222069	0.133704123124	0.129377610472	0.126937467718	0.114693333731	0.130277101042	0.141832998559	0.139936451345	0.140550662317	0.132883192871	0.134627334084	0.129085649268	0.136765558707	0.12522805805	0.133623451572	0.139287553552	0.142525063943	0.138429059918	0.134780682304	0.128239098009	0.132677345206	0.125369573547	0.133545091556	0.123543283584	0.127314808308	0.096428168756	0.130021081259	0.131313864308	0.122453709396	0.119246797959	0.131349142251	0.135209261441	0.137188676807	0.135631735557	0.128272904265	0.126167839312	0.141130549643	0.13127087756	0.131001125736	0.124692698228	0.135209730117	0.128613954142	0.120655017362	0.125508628057	0.132387892878	0.1426119199	0.132757691195	0.125960193594
158802708-supragingivalplaque3.freeze11.snv.mod.fix.bam	0.122786251091	0.126670676279	0.0176768166961	0.0301009662432	0.0	0.135588209955	0.129047506307	0.142308283498	0.127857141343	0.129383370661	0.118631537487	0.133828064199	0.122543926899	0.119955553482	0.110862936169	0.121296666999	0.135164825372	0.138233326762	0.13868138632	0.128400477189	0.126694750169	0.123921795208	0.133844823072	0.116946155931	0.127746957912	0.137439584537	0.137777872169	0.133314603847	0.127438162432	0.129156961057	0.125252859746	0.120907119266	0.128523231642	0.122141903143	0.120813697182	0.0919827959707	0.125384171366	0.126923634371	0.118915527778	0.11445256506	0.131582253106	0.116055656145	0.11755507216	0.129414792491	0.127761667267	0.121849706261	0.138507029229	0.126582660428	0.132247171119	0.122458961455	0.135504896365	0.12295516598	0.114713455143	0.12568860264	0.126651019663	0.139080508093	0.129446048414	0.117114451254
158883629-supragingivalplaque3.freeze11.snv.mod.fix.bam	0.142870209965	0.14421329851	0.136218648295	0.135300487977	0.135588209955	0.0	0.141879088966	0.150209390833	0.144075024834	0.14663182112	0.142493206056	0.137136109482	0.138071978635	0.139548806862	0.140051048054	0.143477932295	0.149315032462	0.144687381182	0.143862845147	0.140277688905	0.147336320926	0.141847710065	0.14407565429	0.141461574408	0.145510477653	0.149539336933	0.153222448772	0.14940262009	0.144023472595	0.140832530862	0.140795620826	0.138990672729	0.144146726796	0.135026990057	0.137932571094	0.135961995315	0.143544836175	0.137182106107	0.137115629606	0.134856900698	0.139860946137	0.145340652698	0.146029943678	0.144049741789	0.140367908112	0.139763523081	0.148984565654	0.140506826357	0.134163190548	0.138656093408	0.14412750055	0.136523196587	0.135318929573	0.138116663146	0.142094116422	0.143096013854	0.140307740661	0.140060207796
159166850-supragingivalplaque2.freeze11.snv.mod.fix.bam	0.122513207551	0.125473338586	0.131360623893	0.134488858062	0.129047506307	0.141879088966	0.0	0.135925756585	0.130864723844	0.130598768943	0.11494318645	0.138534098937	0.111394016985	0.123371023213	0.114722767702	0.11740795864	0.133739751539	0.134602263752	0.136256213119	0.11927982361	0.122877289764	0.125806278984	0.126887087788	0.112170018132	0.121153065419	0.139625032974	0.131464721203	0.127665995241	0.123304372746	0.132335708486	0.111639636246	0.116421629769	0.123043417505	0.122635532359	0.10706574635	0.0946605554927	0.122672766827	0.11344425705	0.119234491586	0.10865329077	0.133069308559	0.126248155233	0.129576174216	0.0744687748875	0.132740909363	0.118881747263	0.133570152993	0.122250428916	0.143611002525	0.124618536722	0.137775618369	0.113224638187	0.11347170126	0.129928327568	0.103927054177	0.118257816299	0.123423067691	0.11605578326
159247771-supragingivalplaque2.freeze11.snv.mod.fix.bam	0.139361635058	0.14257839798	0.143918809515	0.143869328832	0.142308283498	0.150209390833	0.135925756585	0.0	0.14109834246	0.143964701939	0.139471339871	0.148240176512	0.133774277626	0.134843548913	0.103659737225	0.138535636202	0.144229740497	0.136073376098	0.138885880051	0.13896729652	0.144726549495	0.145312723074	0.144088271912	0.134760424508	0.141687834646	0.142133114457	0.140333208118	0.139332548049	0.139798686992	0.139775550108	0.138032826619	0.137500174313	0.130051905175	0.129373159135	0.134808799957	0.137534877098	0.141348119394	0.138344127297	0.134454598707	0.119144657719	0.139797258096	0.143041647092	0.143688266524	0.138522836174	0.138484558227	0.1348326779	0.142364329563	0.137620357391	0.149475453424	0.136840924317	0.142071619934	0.135029972374	0.133066193405	0.137104220964	0.136993000887	0.140437635925	0.137246961474	0.137807838857
159268001-supragingivalplaque2.freeze11.snv.mod.fix.bam	0.0658583014323	0.069730060022	0.129570608814	0.130900364741	0.127857141343	0.144075024834	0.130864723844	0.14109834246	0.0	0.0262088269776	0.106898757203	0.142009277937	0.124106662202	0.119908985487	0.115985616074	0.12568011629	0.137949997595	0.134086655095	0.136984751912	0.130835791361	0.105290509382	0.113095333162	0.137938537327	0.121182618868	0.105597594055	0.138039547583	0.137541297093	0.134290024789	0.131129841529	0.125302038615	0.130379152283	0.121975076866	0.115746014037	0.120307145258	0.125664819409	0.124652639994	0.124887622071	0.1316578774	0.116149455914	0.114162714395	0.13379522518	0.118795960856	0.13046080095	0.131386642104	0.126645271838	0.117065458889	0.138732621531	0.108712149694	0.141589204173	0.109570525087	0.125087057238	0.125836688624	0.11211924358	0.121758243811	0.130586687823	0.139643944445	0.120776928106	0.118919789805
159268001-supragingivalplaque3.freeze11.snv.mod.fix.bam	0.0652705982293	0.0616375169296	0.131004691117	0.133164352282	0.129383370661	0.14663182112	0.130598768943	0.143964701939	0.0262088269776	0.0	0.0969989797393	0.144026421156	0.12396914802	0.121810345803	0.116837694711	0.125951827932	0.140379886086	0.137435604707	0.139910274487	0.130883435886	0.0884297139664	0.101230655706	0.138967132223	0.121427587067	0.0919182483771	0.141314465529	0.137722092858	0.13555069714	0.132297578871	0.129703817123	0.130881971862	0.123041717283	0.113983873263	0.123522261732	0.125872434308	0.124775092519	0.1260944274	0.132530815285	0.118804596914	0.11516116398	0.136457273742	0.116236969817	0.131810303106	0.131409371387	0.130535445328	0.119791596207	0.140807707315	0.100790612544	0.144429157627	0.111025471222	0.130896189436	0.125602859003	0.113391796652	0.126288794146	0.130700216368	0.140925724866	0.120817860709	0.11874382704
159551223-supragingivalplaque2.freeze11.snv.mod.fix.bam	0.0934702276034	0.0854029782999	0.120433042424	0.123719222069	0.118631537487	0.142493206056	0.11494318645	0.139471339871	0.106898757203	0.0969989797393	0.0	0.138445671909	0.110028536881	0.118578287944	0.0990577938369	0.113394234426	0.134140100518	0.134769490914	0.135735434236	0.118247667049	0.0878878653391	0.0772235314969	0.121900732463	0.109680237553	0.0867726310819	0.136193618352	0.130255405213	0.126952925205	0.122546492372	0.132834228709	0.113671385324	0.11306887164	0.102516361455	0.119781022352	0.108354665318	0.112877155656	0.114949582053	0.118712503979	0.11486628159	0.108672708954	0.133419688399	0.10641491865	0.123575306641	0.120089278179	0.12798893646	0.117752856585	0.133782194076	0.0817999342999	0.143855155615	0.1056951344	0.136656577777	0.112632112497	0.107189026698	0.129043522213	0.116578402008	0.127245784686	0.10715503905	0.109680457406
159591683-supragingivalplaque2.freeze11.snv.mod.fix.bam	0.13956338878	0.141502484473	0.134872509291	0.133704123124	0.133828064199	0.137136109482	0.138534098937	0.148240176512	0.142009277937	0.144026421156	0.138445671909	0.0	0.13495053745	0.136627561589	0.135527802546	0.139588388841	0.145405713911	0.140765110083	0.143934653017	0.137956833189	0.144346938689	0.138669271241	0.14317190956	0.138341149846	0.141796855821	0.147207839492	0.149587606208	0.14570810948	0.140701385617	0.138209256995	0.137447541056	0.132989914039	0.141262802017	0.134407940329	0.135237571239	0.133944218139	0.142029785861	0.134935625993	0.132814178563	0.130983455623	0.138571904536	0.142461794877	0.143412290162	0.141462396414	0.140965966511	0.136144758741	0.141952629844	0.137433482826	0.123050184299	0.135953619035	0.141297395873	0.133217348658	0.132072488932	0.133777673261	0.138916502475	0.14057866359	0.137432389622	0.137230321349
159611913-supragingivalplaque2.freeze11.snv.mod.fix.bam	0.11625525151	0.120466833112	0.125097584472	0.129377610472	0.122543926899	0.138071978635	0.111394016985	0.133774277626	0.124106662202	0.12396914802	0.110028536881	0.13495053745	0.0	0.11749769602	0.104035054793	0.110167168126	0.128351807064	0.0941454000304	0.112297869237	0.105307416269	0.119283101081	0.122102972049	0.117463442833	0.109437148071	0.110502779733	0.114944874499	0.126820971238	0.123487278805	0.114768875664	0.131878493063	0.104122772612	0.115053062373	0.117930121085	0.119176685627	0.100997668563	0.112097397413	0.113922744417	0.112756690568	0.115175502456	0.106709447108	0.132191113865	0.120669196896	0.124400300624	0.116987070451	0.127668961119	0.108811703458	0.130963288269	0.103151890316	0.142427709977	0.120683510813	0.133156949228	0.103051756241	0.105978769815	0.128963723087	0.11414256194	0.117942479656	0.119506217522	0.108218785103
159814214-supragingivalplaque1.freeze11.snv.mod.fix.bam	0.116827534822	0.121118542507	0.122278828761	0.126937467718	0.119955553482	0.139548806862	0.123371023213	0.134843548913	0.119908985487	0.121810345803	0.118578287944	0.136627561589	0.11749769602	0.0	0.110415250447	0.109924454554	0.119700790339	0.130744335071	0.132402620415	0.121061767323	0.121664548932	0.124502011384	0.130371869055	0.10135011342	0.123861780488	0.132410638914	0.127543939284	0.121516267294	0.109662145384	0.124290452477	0.122402951498	0.116447386051	0.122480911308	0.0948731207503	0.118144414329	0.119250784983	0.116851971353	0.124996499171	0.112421908517	0.10853175221	0.129744105835	0.118371175108	0.120408553445	0.119375340786	0.116860946847	0.113387322624	0.132845681164	0.121163763131	0.137770742719	0.11506450402	0.125735225381	0.117118265884	0.109067517368	0.118627472085	0.121515614661	0.132243536805	0.124255177697	0.105900455532
160158126-supragingivalplaque1.freeze11.snv.mod.fix.bam	0.108103846577	0.114548243697	0.112276261657	0.114693333731	0.110862936169	0.140051048054	0.114722767702	0.103659737225	0.115985616074	0.116837694711	0.0990577938369	0.135527802546	0.104035054793	0.110415250447	0.0	0.109394338196	0.129860128242	0.130296956019	0.132175254012	0.118399398194	0.115424628857	0.118988572406	0.12265209355	0.102691661218	0.11656185047	0.128717670879	0.122082644376	0.120417027569	0.118909086881	0.126442674493	0.115145071558	0.112844185767	0.112376306336	0.112084686909	0.107898253918	0.109529274698	0.108511507922	0.118105146166	0.110242311355	0.0979244088581	0.128004263681	0.120407829092	0.125060283175	0.118779357933	0.120352911356	0.109802574008	0.129009843849	0.116361503885	0.138851748428	0.111945066553	0.129232650505	0.109729052277	0.101491329851	0.122023631393	0.114367078587	0.128100589198	0.11445491386	0.103726723315
160178356-supragingivalplaque1.freeze11.snv.mod.fix.bam	0.117428553247	0.122288622688	0.123814722404	0.130277101042	0.121296666999	0.143477932295	0.11740795864	0.138535636202	0.12568011629	0.125951827932	0.113394234426	0.139588388841	0.110167168126	0.109924454554	0.109394338196	0.0	0.0598874551472	0.134817945722	0.13653348932	0.121488431665	0.112143663734	0.120879283245	0.118605980908	0.0991302498898	0.120435436919	0.138051405702	0.128531649091	0.123826402732	0.104254980283	0.132118112273	0.109341570978	0.113055900833	0.121718319106	0.121884364081	0.10880403332	0.109791781361	0.110796276287	0.117674826343	0.11531021002	0.110044421946	0.13467310493	0.114460603947	0.116850793056	0.0998709115621	0.129529154302	0.117405516511	0.132931102638	0.120358434621	0.143143053437	0.122760735813	0.136395396209	0.105269921012	0.108973148048	0.130949232372	0.116689988749	0.12128905613	0.124479534572	0.0926908168362
160178356-supragingivalplaque3.freeze11.snv.mod.fix.bam	0.135026189999	0.138371540649	0.137164692681	0.141832998559	0.135164825372	0.149315032462	0.133739751539	0.144229740497	0.137949997595	0.140379886086	0.134140100518	0.145405713911	0.128351807064	0.119700790339	0.129860128242	0.0598874551472	0.0	0.139082434942	0.140108969336	0.134474106583	0.127503619009	0.136253909392	0.139564485404	0.11401795873	0.136883091641	0.144026984141	0.14246673489	0.136231135323	0.108337986803	0.136850113473	0.130078106211	0.131608200805	0.136074138641	0.131710151069	0.127939488405	0.133654899714	0.135493359651	0.134133164103	0.129186089134	0.125467222555	0.140744827874	0.12359554745	0.120186552331	0.107250521859	0.135376918404	0.13206395807	0.141529136561	0.134590364888	0.149705925251	0.134764066317	0.141140701855	0.129083734743	0.127344915647	0.137365289281	0.13296985764	0.136526987427	0.136459144312	0.108432444365
160259276-supragingivalplaque1.freeze11.snv.mod.fix.bam	0.133798473866	0.136177503766	0.140001331981	0.139936451345	0.138233326762	0.144687381182	0.134602263752	0.136073376098	0.134086655095	0.137435604707	0.134769490914	0.140765110083	0.0941454000304	0.130744335071	0.130296956019	0.134817945722	0.139082434942	0.0	0.0700793161871	0.119319510368	0.141748352533	0.139905571054	0.136224079712	0.131222224754	0.129092981694	0.0768962712617	0.141624756489	0.137739248623	0.132582268722	0.134641975611	0.130721221398	0.132568410644	0.134403650917	0.127500133004	0.128872325321	0.135748219105	0.136405703121	0.133966099179	0.130687115834	0.122288279699	0.136228399743	0.137585799117	0.138170646335	0.137309886368	0.133611896364	0.117443790211	0.140851690553	0.102676559485	0.146491172824	0.132766237021	0.135326533093	0.128455881229	0.128311717938	0.131408645962	0.13619390033	0.135109324617	0.134862923768	0.132879013746
160319967-supragingivalplaque1.freeze11.snv.mod.fix.bam	0.135541985279	0.137923810412	0.140513378744	0.140550662317	0.13868138632	0.143862845147	0.136256213119	0.138885880051	0.136984751912	0.139910274487	0.135735434236	0.143934653017	0.112297869237	0.132402620415	0.132175254012	0.13653348932	0.140108969336	0.0700793161871	0.0	0.103538948901	0.142425514914	0.140985992879	0.137215924307	0.132120876534	0.125574792191	0.0549304771265	0.14394623994	0.140147588126	0.134434707918	0.136726918282	0.132783350424	0.134140055029	0.135380157632	0.128463698905	0.13095785471	0.136658909972	0.137047884916	0.1336463216	0.132294449302	0.125835794673	0.137654567258	0.138286426619	0.138790262981	0.138149995212	0.132899183256	0.119462246637	0.142842168235	0.0918803352973	0.148154654353	0.132391892581	0.136214924473	0.1303201266	0.128722900348	0.131836751468	0.137497693691	0.135990107526	0.135516411416	0.13416683092
160319967-supragingivalplaque3.freeze11.snv.mod.fix.bam	0.123248225076	0.125822532946	0.130674857009	0.132883192871	0.128400477189	0.140277688905	0.11927982361	0.13896729652	0.130835791361	0.130883435886	0.118247667049	0.137956833189	0.105307416269	0.121061767323	0.118399398194	0.121488431665	0.134474106583	0.119319510368	0.103538948901	0.0	0.125713321927	0.126014532788	0.123757037982	0.118473158022	0.115469609994	0.117920499317	0.132374675707	0.127923452433	0.120507212863	0.130906200503	0.11031694493	0.119948898409	0.123256519185	0.120861568849	0.110334991524	0.120867596538	0.122826529092	0.119242068098	0.119176956821	0.114062266723	0.132918695088	0.126526291542	0.129773572441	0.12445403756	0.130088758408	0.117597981265	0.134260814808	0.107053735058	0.142380188631	0.123387975359	0.134136786025	0.112306037372	0.114573236706	0.128123915804	0.102480647044	0.124541730017	0.123471669021	0.118217033231
160380657-supragingivalplaque3.freeze11.snv.mod.fix.bam	0.0879070612745	0.0889911682355	0.128970056822	0.134627334084	0.126694750169	0.147336320926	0.122877289764	0.144726549495	0.105290509382	0.0884297139664	0.0878878653391	0.144346938689	0.119283101081	0.121664548932	0.115424628857	0.112143663734	0.127503619009	0.141748352533	0.142425514914	0.125713321927	0.0	0.0894443438793	0.135287656678	0.115983415335	0.0825130574628	0.144872981131	0.134033831588	0.130559893722	0.12433219238	0.137575123187	0.125295782313	0.123279505878	0.109392900191	0.125636940518	0.118577606799	0.121200215207	0.127166231011	0.128356133852	0.12122937459	0.116479380606	0.137791623329	0.108802733101	0.12514433404	0.119606323181	0.135727404257	0.125716654272	0.137343060285	0.0975080666931	0.146412110759	0.11573704796	0.143161674013	0.120303312746	0.115217540932	0.134426392802	0.100174957706	0.137377858791	0.117037859723	0.110831258496
160421117-supragingivalplaque2.freeze11.snv.mod.fix.bam	0.100876631552	0.0889513394581	0.125673862643	0.129085649268	0.123921795208	0.141847710065	0.125806278984	0.145312723074	0.113095333162	0.101230655706	0.0772235314969	0.138669271241	0.122102972049	0.124502011384	0.118988572406	0.120879283245	0.136253909392	0.139905571054	0.140985992879	0.126014532788	0.0894443438793	0.0	0.136383103139	0.121060359743	0.0908867020581	0.144511343543	0.137269292619	0.134021708797	0.129517739783	0.135943410924	0.126474620967	0.123227097495	0.110817776262	0.127241806327	0.120694770084	0.119375920019	0.129310847777	0.127064924305	0.12020873084	0.116681942268	0.136292284128	0.111927103835	0.129304573427	0.125891031178	0.13654530175	0.125755674717	0.139232507506	0.0831332286122	0.141575244127	0.115215227363	0.142212496487	0.121698819629	0.116777592608	0.131972571109	0.12496299424	0.137925621237	0.111588527206	0.116993197669
160502038-supragingivalplaque3.freeze11.snv.mod.fix.bam	0.132733114288	0.134783351017	0.1355204593	0.136765558707	0.133844823072	0.14407565429	0.126887087788	0.144088271912	0.137938537327	0.138967132223	0.121900732463	0.14317190956	0.117463442833	0.130371869055	0.12265209355	0.118605980908	0.139564485404	0.136224079712	0.137215924307	0.123757037982	0.135287656678	0.136383103139	0.0	0.126267182029	0.131851535327	0.138839324865	0.142282306528	0.137700248452	0.129352317655	0.139448775203	0.118829874568	0.128144256806	0.132849499565	0.127748278935	0.117540856242	0.11658370328	0.0914347397427	0.126389678584	0.127545146792	0.12307774693	0.139512746252	0.134755438317	0.136798476882	0.13073876758	0.135039964362	0.129776202377	0.141302476964	0.130906497202	0.148846943818	0.130588274179	0.141177187308	0.0690179257855	0.124504308267	0.138741486512	0.128756550174	0.129772983208	0.131928374148	0.126312170886
160542498-supragingivalplaque1.freeze11.snv.mod.fix.bam	0.113420538261	0.1187511299	0.119301622349	0.12522805805	0.116946155931	0.141461574408	0.112170018132	0.134760424508	0.121182618868	0.121427587067	0.109680237553	0.138341149846	0.109437148071	0.10135011342	0.102691661218	0.0991302498898	0.11401795873	0.131222224754	0.132120876534	0.118473158022	0.115983415335	0.121060359743	0.126267182029	0.0	0.111623520417	0.132705236355	0.127678782645	0.122774858974	0.0803682585078	0.128440365656	0.114571843517	0.114993732144	0.1183763506	0.115421122384	0.109028492308	0.1096933489	0.0995198533025	0.120588883907	0.112227631927	0.10534569231	0.132182323291	0.113527306121	0.116852538206	0.106564566463	0.093275429588	0.111631430524	0.132596360963	0.117966406263	0.141987977345	0.0921854575964	0.132811362938	0.111349017627	0.105497020714	0.125665886143	0.112489832471	0.127745882516	0.121893574259	0.100139459473
160582958-supragingivalplaque1.freeze11.snv.mod.fix.bam	0.0994143056526	0.0900255166731	0.129838963475	0.133623451572	0.127746957912	0.145510477653	0.121153065419	0.141687834646	0.105597594055	0.0919182483771	0.0867726310819	0.141796855821	0.110502779733	0.123861780488	0.11656185047	0.120435436919	0.136883091641	0.129092981694	0.125574792191	0.115469609994	0.0825130574628	0.0908867020581	0.131851535327	0.111623520417	0.0	0.123063897422	0.133241844252	0.130521501929	0.127234536386	0.137096180293	0.120904767707	0.121128817658	0.106774155005	0.124536246115	0.115891662035	0.120575908332	0.125652474503	0.125249156977	0.117588416652	0.114655787449	0.136878185961	0.109811197597	0.126741227195	0.126358440089	0.134988136327	0.119522621768	0.136980542906	0.0824869440174	0.145425164593	0.113250534213	0.139159469002	0.117207206318	0.114175996465	0.130862374006	0.122482689565	0.1329356857	0.113290736714	0.116773444607
160582958-supragingivalplaque3.freeze11.snv.mod.fix.bam	0.137221040173	0.140814364673	0.13902986556	0.139287553552	0.137439584537	0.149539336933	0.139625032974	0.142133114457	0.138039547583	0.141314465529	0.136193618352	0.147207839492	0.114944874499	0.132410638914	0.128717670879	0.138051405702	0.144026984141	0.0768962712617	0.0549304771265	0.117920499317	0.144872981131	0.144511343543	0.138839324865	0.132705236355	0.123063897422	0.0	0.146702073221	0.142949953944	0.138310038391	0.138220996342	0.137736200314	0.136517905946	0.137561701137	0.129000256552	0.133421546286	0.138026317719	0.136974769226	0.138264700374	0.132795282316	0.12680376425	0.140275397371	0.141939155302	0.141914329567	0.141425082138	0.135014911963	0.120867744142	0.145149341237	0.0964592569978	0.151319943759	0.135072236081	0.139721702342	0.133122529263	0.130386125262	0.133499898532	0.139429839259	0.14089518993	0.139635420462	0.135106393595
160603188-supragingivalplaque2.freeze11.snv.mod.fix.bam	0.130517059511	0.134699135213	0.139884749916	0.142525063943	0.137777872169	0.153222448772	0.131464721203	0.140333208118	0.137541297093	0.137722092858	0.130255405213	0.149587606208	0.126820971238	0.127543939284	0.122082644376	0.128531649091	0.14246673489	0.141624756489	0.14394623994	0.132374675707	0.134033831588	0.137269292619	0.142282306528	0.127678782645	0.133241844252	0.146702073221	0.0	0.0286708953025	0.134593053406	0.140651814952	0.132882628645	0.131172534327	0.0998832688282	0.116930163407	0.126854072198	0.131092552758	0.134199454891	0.134303143059	0.127779649696	0.116330604744	0.142045897627	0.135808355872	0.139091284609	0.135904016082	0.139783659594	0.129567151325	0.127970709561	0.132812851202	0.153914832324	0.134277028413	0.14504603825	0.127791535555	0.124789205785	0.138221345922	0.129255585465	0.140676304702	0.131528420503	0.127687515109
160603188-supragingivalplaque3.freeze11.snv.mod.fix.bam	0.127802468659	0.131752882943	0.135552980853	0.138429059918	0.133314603847	0.14940262009	0.127665995241	0.139332548049	0.134290024789	0.13555069714	0.126952925205	0.14570810948	0.123487278805	0.121516267294	0.120417027569	0.123826402732	0.136231135323	0.137739248623	0.140147588126	0.127923452433	0.130559893722	0.134021708797	0.137700248452	0.122774858974	0.130521501929	0.142949953944	0.0286708953025	0.0	0.129124608336	0.135966231538	0.127611115577	0.126817853489	0.111790307468	0.115752577797	0.121980453911	0.127080507413	0.131252918318	0.130115901282	0.123693969608	0.115007984558	0.13799086239	0.131474000934	0.133583440991	0.130673094838	0.134479165558	0.126342229509	0.122182333946	0.130065439011	0.149885555323	0.130291017599	0.140927241762	0.123890789102	0.121461419645	0.133881700343	0.125055379492	0.13604351314	0.128212266271	0.123547876985
160643649-supragingivalplaque1.freeze11.snv.mod.fix.bam	0.124900422256	0.129027570034	0.129494866758	0.134780682304	0.127438162432	0.144023472595	0.123304372746	0.139798686992	0.131129841529	0.132297578871	0.122546492372	0.140701385617	0.114768875664	0.109662145384	0.118909086881	0.104254980283	0.108337986803	0.132582268722	0.134434707918	0.120507212863	0.12433219238	0.129517739783	0.129352317655	0.0803682585078	0.127234536386	0.138310038391	0.134593053406	0.129124608336	0.0	0.134517372669	0.116832535857	0.123357424963	0.126880260835	0.123241396676	0.114662958451	0.124340115392	0.126109233758	0.124618128757	0.122290703294	0.117108070224	0.136807418023	0.115930618417	0.116198990817	0.115422927846	0.129346285455	0.123074794041	0.136134795462	0.125076675438	0.14680500836	0.127700879952	0.137744189085	0.117437580222	0.117429319172	0.134370611231	0.121107401836	0.126844136857	0.126406904349	0.110359242276
178713055-supragingivalplaque2.freeze11.snv.mod.fix.bam	0.128423942916	0.130641992016	0.130775960566	0.128239098009	0.129156961057	0.140832530862	0.132335708486	0.139775550108	0.125302038615	0.129703817123	0.132834228709	0.138209256995	0.131878493063	0.124290452477	0.126442674493	0.132118112273	0.136850113473	0.134641975611	0.136726918282	0.130906200503	0.137575123187	0.135943410924	0.139448775203	0.128440365656	0.137096180293	0.138220996342	0.140651814952	0.135966231538	0.134517372669	0.0	0.132305797849	0.11545714642	0.135461089493	0.119197245568	0.129844633184	0.129218810012	0.134128409679	0.135014030682	0.0895669316645	0.115722276926	0.128056096968	0.13682676306	0.137776496409	0.132821807784	0.12661406324	0.121509982126	0.139959163741	0.131664677924	0.134441491773	0.12696936383	0.12226815946	0.129793192239	0.119932294046	0.115846005124	0.131528046246	0.136778363559	0.131112820578	0.126672024487
338793263-supragingivalplaque1.freeze11.snv.mod.fix.bam	0.122686532263	0.125714960164	0.128515378224	0.132677345206	0.125252859746	0.140795620826	0.111639636246	0.138032826619	0.130379152283	0.130881971862	0.113671385324	0.137447541056	0.104122772612	0.122402951498	0.115145071558	0.109341570978	0.130078106211	0.130721221398	0.132783350424	0.11031694493	0.125295782313	0.126474620967	0.118829874568	0.114571843517	0.120904767707	0.137736200314	0.132882628645	0.127611115577	0.116832535857	0.132305797849	0.0	0.0981628627746	0.122715517265	0.121200622813	0.0575563779957	0.11468963342	0.119880118238	0.110214098274	0.117829050098	0.112025395391	0.134364343527	0.121470946111	0.124672096622	0.114911031902	0.129991669317	0.119580501779	0.133290505663	0.119825445206	0.145560044049	0.12326718846	0.135613576229	0.104216498225	0.111263431768	0.133192788218	0.113707390473	0.113359323512	0.120737692987	0.114876771987
338793263-supragingivalplaque2.freeze11.snv.mod.fix.bam	0.118475238837	0.121553020451	0.123167066118	0.125369573547	0.120907119266	0.138990672729	0.116421629769	0.137500174313	0.121975076866	0.123041717283	0.11306887164	0.132989914039	0.115053062373	0.116447386051	0.112844185767	0.113055900833	0.131608200805	0.132568410644	0.134140055029	0.119948898409	0.123279505878	0.123227097495	0.128144256806	0.114993732144	0.121128817658	0.136517905946	0.131172534327	0.126817853489	0.123357424963	0.11545714642	0.0981628627746	0.0	0.122425228213	0.115678672528	0.111540476897	0.114166729465	0.120017717917	0.119236788846	0.102655801188	0.107147837369	0.129548915474	0.124811097609	0.128179460129	0.120267872863	0.125196608038	0.116002789649	0.133639653303	0.120980778012	0.137764602774	0.119133436319	0.127911896062	0.114466658841	0.10844528876	0.120023802867	0.118252316048	0.12377013037	0.122094568624	0.112746385473
370425937-supragingivalplaque2.freeze11.snv.mod.fix.bam	0.103450494651	0.101496892195	0.130667433164	0.133545091556	0.128523231642	0.144146726796	0.123043417505	0.130051905175	0.115746014037	0.113983873263	0.102516361455	0.141262802017	0.117930121085	0.122480911308	0.112376306336	0.121718319106	0.136074138641	0.134403650917	0.135380157632	0.123256519185	0.109392900191	0.110817776262	0.132849499565	0.1183763506	0.106774155005	0.137561701137	0.0998832688282	0.111790307468	0.126880260835	0.135461089493	0.122715517265	0.122425228213	0.0	0.11155468133	0.118566361576	0.122649285302	0.125197868461	0.126029905386	0.120809097308	0.106821513141	0.135700742833	0.113964793871	0.12625317299	0.127491602572	0.130792936624	0.122272925372	0.135812270267	0.106444746935	0.146311424082	0.110028414343	0.139076964509	0.118605350659	0.115656390755	0.131171847546	0.122506230928	0.132172135818	0.113387727457	0.120032280947
517810313-supragingivalplaque2.freeze11.snv.mod.fix.bam	0.118650537119	0.121684951236	0.123453513559	0.123543283584	0.122141903143	0.135026990057	0.122635532359	0.129373159135	0.120307145258	0.123522261732	0.119781022352	0.134407940329	0.119176685627	0.0948731207503	0.112084686909	0.121884364081	0.131710151069	0.127500133004	0.128463698905	0.120861568849	0.125636940518	0.127241806327	0.127748278935	0.115421122384	0.124536246115	0.129000256552	0.116930163407	0.115752577797	0.123241396676	0.119197245568	0.121200622813	0.115678672528	0.11155468133	0.0	0.117058720292	0.119106251998	0.117544135212	0.123885003636	0.111971046379	0.106387709549	0.120858268702	0.12656347339	0.128205980909	0.125377641611	0.112648338747	0.113261264039	0.127787474517	0.120749571254	0.13289654001	0.11212483612	0.121468400733	0.116708738457	0.110583869223	0.11403345773	0.120549452117	0.129039517454	0.119976369333	0.117280308798
604812005-supragingivalplaque3.freeze11.snv.mod.fix.bam	0.116517292176	0.1205701447	0.123662510962	0.127314808308	0.120813697182	0.137932571094	0.10706574635	0.134808799957	0.125664819409	0.125872434308	0.108354665318	0.135237571239	0.100997668563	0.118144414329	0.107898253918	0.10880403332	0.127939488405	0.128872325321	0.13095785471	0.110334991524	0.118577606799	0.120694770084	0.117540856242	0.109028492308	0.115891662035	0.133421546286	0.126854072198	0.121980453911	0.114662958451	0.129844633184	0.0575563779957	0.111540476897	0.118566361576	0.117058720292	0.0	0.110368752201	0.112481723269	0.109516330001	0.112697708045	0.107372349737	0.129373073444	0.120007047361	0.122935853886	0.115035826383	0.127531565268	0.116109620877	0.127275380758	0.116219067974	0.141641168532	0.118972896889	0.133536866513	0.102093462229	0.105596223146	0.129199885096	0.110099854906	0.115654125218	0.116856385921	0.109116153772
638754422-supragingivalplaque2.freeze11.snv.mod.fix.bam	0.117013406041	0.120719474391	0.0938009524631	0.096428168756	0.0919827959707	0.135961995315	0.0946605554927	0.137534877098	0.124652639994	0.124775092519	0.112877155656	0.133944218139	0.112097397413	0.119250784983	0.109529274698	0.109791781361	0.133654899714	0.135748219105	0.136658909972	0.120867596538	0.121200215207	0.119375920019	0.11658370328	0.1096933489	0.120575908332	0.138026317719	0.131092552758	0.127080507413	0.124340115392	0.129218810012	0.11468963342	0.114166729465	0.122649285302	0.119106251998	0.110368752201	0.0	0.10977612291	0.115254135229	0.113066739102	0.10387163063	0.130537568642	0.125432204046	0.129999365448	0.0968034992515	0.128919414609	0.107922005506	0.134650081328	0.12071248034	0.135369735121	0.1202541716	0.128337724686	0.103986864277	0.103813054395	0.125730149058	0.106400702483	0.127731253125	0.123431821252	0.111316572277
650853796-supragingivalplaque1.freeze11.snv.mod.fix.bam	0.120121405694	0.125352725064	0.12720034513	0.130021081259	0.125384171366	0.143544836175	0.122672766827	0.141348119394	0.124887622071	0.1260944274	0.114949582053	0.142029785861	0.113922744417	0.116851971353	0.108511507922	0.110796276287	0.135493359651	0.136405703121	0.137047884916	0.122826529092	0.127166231011	0.129310847777	0.0914347397427	0.0995198533025	0.125652474503	0.136974769226	0.134199454891	0.131252918318	0.126109233758	0.134128409679	0.119880118238	0.120017717917	0.125197868461	0.117544135212	0.112481723269	0.10977612291	0.0	0.125195154391	0.118985706121	0.112621904907	0.134537616384	0.130080625031	0.133455650747	0.127118496316	0.0941806973869	0.119841076461	0.13868143866	0.12507936706	0.144842533151	0.0919982900894	0.135601547415	0.0891962576913	0.111883755304	0.128425170991	0.123036753588	0.1319792838	0.129440620051	0.113996983497
675950834-supragingivalplaque3.freeze11.snv.mod.fix.bam	0.126171946581	0.128675493557	0.129039461142	0.131313864308	0.126923634371	0.137182106107	0.11344425705	0.138344127297	0.1316578774	0.132530815285	0.118712503979	0.134935625993	0.112756690568	0.124996499171	0.118105146166	0.117674826343	0.134133164103	0.133966099179	0.1336463216	0.119242068098	0.128356133852	0.127064924305	0.126389678584	0.120588883907	0.125249156977	0.138264700374	0.134303143059	0.130115901282	0.124618128757	0.135014030682	0.110214098274	0.119236788846	0.126029905386	0.123885003636	0.109516330001	0.115254135229	0.125195154391	0.0	0.122392983516	0.116077358058	0.134135102852	0.12843103328	0.130582617147	0.117082008192	0.131898830088	0.122503779824	0.133686954547	0.123500924178	0.141845094557	0.125604617366	0.137433151695	0.113739947412	0.115863025849	0.13189626534	0.119702737397	0.0841017208184	0.124537108057	0.120480869484
706846339-supragingivalplaque2.freeze11.snv.mod.fix.bam	0.114572951879	0.118244892417	0.120963624741	0.122453709396	0.118915527778	0.137115629606	0.119234491586	0.134454598707	0.116149455914	0.118804596914	0.11486628159	0.132814178563	0.115175502456	0.112421908517	0.110242311355	0.11531021002	0.129186089134	0.130687115834	0.132294449302	0.119176956821	0.12122937459	0.12020873084	0.127545146792	0.112227631927	0.117588416652	0.132795282316	0.127779649696	0.123693969608	0.122290703294	0.0895669316645	0.117829050098	0.102655801188	0.120809097308	0.111971046379	0.112697708045	0.113066739102	0.118985706121	0.122392983516	0.0	0.102109907467	0.123667491557	0.124905479628	0.128502711452	0.121208407605	0.123230945746	0.111147842412	0.131467752474	0.119524327091	0.13391945574	0.116965342598	0.122892632	0.115083775654	0.104443924183	0.115152521294	0.117540344573	0.126857137919	0.120370742292	0.108820099364
763395383-supragingivalplaque3.freeze11.snv.mod.fix.bam	0.108350644446	0.112907790675	0.116853513405	0.119246797959	0.11445256506	0.134856900698	0.10865329077	0.119144657719	0.114162714395	0.11516116398	0.108672708954	0.130983455623	0.106709447108	0.10853175221	0.0979244088581	0.110044421946	0.125467222555	0.122288279699	0.125835794673	0.114062266723	0.116479380606	0.116681942268	0.12307774693	0.10534569231	0.114655787449	0.12680376425	0.116330604744	0.115007984558	0.117108070224	0.115722276926	0.112025395391	0.107147837369	0.106821513141	0.106387709549	0.107372349737	0.10387163063	0.112621904907	0.116077358058	0.102109907467	0.0	0.122976374083	0.118175809899	0.122220398679	0.110987065838	0.119748611959	0.102758097681	0.126413606144	0.112181780832	0.132188167432	0.112867897568	0.119463802525	0.107426143821	0.0989697502755	0.11121225453	0.108977080718	0.123351995756	0.11464646582	0.103561828733
