	765337473-stool2.freeze11.snv.mod.fix.bam	BGI001A.freeze11.snv.mod.fix.bam	CCIS29210128ST-4-0.freeze11.snv.mod.fix.bam	CCIS70398272ST-4-0.freeze11.snv.mod.fix.bam	CCMD23101338ST-21-0.freeze11.snv.mod.fix.bam	MH0187.freeze11.snv.mod.fix.bam	MH0220.freeze11.snv.mod.fix.bam	MH0264.freeze11.snv.mod.fix.bam	MH0287.freeze11.snv.mod.fix.bam	MH0322.freeze11.snv.mod.fix.bam	MH0365.freeze11.snv.mod.fix.bam	MH0384.freeze11.snv.mod.fix.bam	MH0386.freeze11.snv.mod.fix.bam	MH0401.freeze11.snv.mod.fix.bam	MH0407.freeze11.snv.mod.fix.bam	MH0413.freeze11.snv.mod.fix.bam	MH0415.freeze11.snv.mod.fix.bam	MH0417.freeze11.snv.mod.fix.bam	MH0429.freeze11.snv.mod.fix.bam	MMRS51410669ST-27-0-0.freeze11.snv.mod.fix.bam	N006A.freeze11.snv.mod.fix.bam	N037A.freeze11.snv.mod.fix.bam	N040A.freeze11.snv.mod.fix.bam	N079A.freeze11.snv.mod.fix.bam	N089A.freeze11.snv.mod.fix.bam	NOM016.freeze11.snv.mod.fix.bam	O2.UC27-1.freeze11.snv.mod.fix.bam	O2.UC27-2.freeze11.snv.mod.fix.bam	O2.UC31-1.freeze11.snv.mod.fix.bam	O2.UC32-1.freeze11.snv.mod.fix.bam	O2.UC48-1.freeze11.snv.mod.fix.bam	SZEY-07A.freeze11.snv.mod.fix.bam	SZEY-43A.freeze11.snv.mod.fix.bam	T2D-102A.freeze11.snv.mod.fix.bam	T2D-107A.freeze11.snv.mod.fix.bam	T2D-157A.freeze11.snv.mod.fix.bam	T2D-195A.freeze11.snv.mod.fix.bam	T2D-34A.freeze11.snv.mod.fix.bam	T2D-41A.freeze11.snv.mod.fix.bam	V1.CD22-0.freeze11.snv.mod.fix.bam	V1.CD34-0.freeze11.snv.mod.fix.bam	V1.CD40-0.freeze11.snv.mod.fix.bam	V1.FI06.freeze11.snv.mod.fix.bam	V1.FI15.freeze11.snv.mod.fix.bam	V1.UC12-4.freeze11.snv.mod.fix.bam	V1.UC38-0.freeze11.snv.mod.fix.bam	V1.UC63-0.freeze11.snv.mod.fix.bam
765337473-stool2.freeze11.snv.mod.fix.bam	0.0	0.186724765714	0.177365248015	0.178929147018	0.171885632424	0.168507133051	0.175944606936	0.169975526771	0.155566167254	0.196693129589	0.0263117053662	0.0770966394079	0.174762729063	0.170464991345	0.135032531487	0.0296066376171	0.174225511849	0.171109652003	0.185530949681	0.173783799916	0.18986450188	0.173342087984	0.18950635707	0.192049185221	0.191428400883	0.187811138304	0.188873634573	0.184098370441	0.179609622157	0.192156628664	0.179382797111	0.193529517101	0.189446666269	0.191070256074	0.195105354265	0.195391870113	0.199725422312	0.188957201695	0.191786545693	0.188109592312	0.175884916134	0.179191786546	0.191619411449	0.183799916433	0.17970512744	0.182582224079	0.188813943771
BGI001A.freeze11.snv.mod.fix.bam	0.186724765714	0.0	0.18949441891	0.162454485764	0.169545752999	0.180409478899	0.188491613442	0.182438966155	0.178439682445	0.18551901152	0.175670029248	0.175980421417	0.187703694861	0.182116635826	0.126365427088	0.186438249866	0.184253566525	0.138637855906	0.16992777413	0.183740225631	0.0917089476512	0.17501343043	0.0391213513997	0.0796036530771	0.0822300483495	0.0868262400764	0.145347102012	0.140715095804	0.177663702024	0.0996955769116	0.191929803617	0.091338864681	0.0626992180505	0.0923774846296	0.0396466304542	0.0426431086969	0.183895421716	0.0926401241569	0.0702441353787	0.095433653674	0.184337133648	0.0890467378977	0.112564913747	0.193207186773	0.0971766250821	0.187524622456	0.0974392646093
CCIS29210128ST-4-0.freeze11.snv.mod.fix.bam	0.177365248015	0.18949441891	0.0	0.168566823852	0.145132215126	0.112433593983	0.126914582463	0.11810422014	0.197433295529	0.186724765714	0.164770488868	0.166895481406	0.126055034919	0.126556437653	0.106631648063	0.173318211664	0.121793111681	0.154312660419	0.175502895004	0.129672297499	0.19458007521	0.132883662628	0.193768280308	0.196143974214	0.194890467379	0.192514773473	0.179418611592	0.175264131797	0.150898346565	0.195391870113	0.128466543306	0.197301975766	0.192132752343	0.196072345252	0.198782307646	0.197982450904	0.20074016594	0.193887661911	0.198304781233	0.19564257148	0.126568375813	0.187655942219	0.189780934758	0.141192622217	0.181961439742	0.146206649555	0.196764758551
CCIS70398272ST-4-0.freeze11.snv.mod.fix.bam	0.178929147018	0.162454485764	0.168566823852	0.0	0.155566167254	0.161690443503	0.167778905271	0.163337909628	0.184659463977	0.155924312064	0.168017668477	0.167635647347	0.167540142064	0.162132155435	0.101295290396	0.176839968961	0.164877932311	0.145884319226	0.137467916194	0.164090013729	0.166131439145	0.162024711992	0.164901808631	0.166907419567	0.166226944428	0.164292962454	0.166704470841	0.162633558169	0.161009968364	0.170584372948	0.171718498179	0.16921148451	0.162932012177	0.168089297439	0.169760639885	0.169378618755	0.170357547902	0.165307706082	0.169784516206	0.165749418015	0.164388467737	0.158813346863	0.171348415209	0.173377902465	0.156915179371	0.16955769116	0.166597027398
CCMD23101338ST-21-0.freeze11.snv.mod.fix.bam	0.171885632424	0.169545752999	0.145132215126	0.155566167254	0.0	0.137348534591	0.143245985794	0.139712290336	0.183668596669	0.175252193637	0.16015042082	0.159672894407	0.144606936071	0.137873813645	0.106607771742	0.168722019937	0.142852026503	0.150265624067	0.159469945681	0.138828866472	0.175586462126	0.137563421477	0.173867367039	0.174858234346	0.174201635528	0.173294335343	0.170596311108	0.166465707634	0.0693965259953	0.176887721602	0.146206649555	0.176863845281	0.172243777234	0.175896854295	0.179072404942	0.179251477347	0.185089237748	0.175240255477	0.177210051931	0.17644600967	0.13841103086	0.168984659464	0.174810481705	0.139712290336	0.161547185579	0.13913925864	0.177842774428
MH0187.freeze11.snv.mod.fix.bam	0.168507133051	0.180409478899	0.112433593983	0.161690443503	0.137348534591	0.0	0.11559720647	0.110666746254	0.188921387214	0.180898943473	0.156712230645	0.15797767564	0.115835969677	0.116074732884	0.0972960066854	0.16484211783	0.111526293798	0.146349907479	0.167301378858	0.12136333791	0.186163672178	0.124813466245	0.183740225631	0.186044290575	0.184528144213	0.182629976721	0.173007819495	0.168781710738	0.14346087268	0.186056228735	0.122043813048	0.187823076464	0.182510595117	0.18733361189	0.188813943771	0.188706500328	0.193290753895	0.184444577091	0.187966334388	0.1854951352	0.118927953202	0.178093475795	0.180493046022	0.13116456754	0.171993075867	0.138984062556	0.1869396526
MH0220.freeze11.snv.mod.fix.bam	0.175944606936	0.188491613442	0.126914582463	0.167778905271	0.143245985794	0.11559720647	0.0	0.113352832329	0.195367993792	0.185005670626	0.163696054438	0.165248015281	0.12101713126	0.11810422014	0.10290694204	0.172315406196	0.120897749657	0.15397839193	0.173079448457	0.123798722617	0.192144690503	0.133552199606	0.191714916731	0.193696651346	0.192574464275	0.190807616546	0.179203724706	0.174965677789	0.14962096341	0.192669969558	0.127499552319	0.194150301439	0.190151017728	0.193195248612	0.196776696711	0.196299170298	0.19965379335	0.191237390318	0.194747209455	0.192502835313	0.129588730377	0.184504267892	0.188097654151	0.13949740345	0.179597683997	0.146397660121	0.193589207903
MH0264.freeze11.snv.mod.fix.bam	0.169975526771	0.182438966155	0.11810422014	0.163337909628	0.139712290336	0.110666746254	0.113352832329	0.0	0.189971945323	0.180922819793	0.157177818898	0.158801408703	0.117113352832	0.117567002925	0.0989195964902	0.165319644243	0.113555781054	0.147233331344	0.169008535785	0.123058556676	0.187930519907	0.128848564436	0.186175610338	0.189064645138	0.186617322271	0.185423506238	0.173712170954	0.169617381961	0.145251596729	0.188145406793	0.119405479616	0.189924192682	0.184934041664	0.188646809527	0.191368710082	0.190461409897	0.193887661911	0.185960723453	0.189554109712	0.187429117173	0.122199009133	0.179908076165	0.184181937563	0.135987584313	0.175395451561	0.14057183788	0.188443860801
MH0287.freeze11.snv.mod.fix.bam	0.155566167254	0.178439682445	0.197433295529	0.184659463977	0.183668596669	0.188921387214	0.195367993792	0.189971945323	0.0	0.201540022683	0.14964483973	0.140643466842	0.196275293977	0.190103265087	0.145860442906	0.157070375455	0.192920670925	0.177305557214	0.191225452158	0.191547782487	0.181698800215	0.189530233391	0.181651047574	0.184492329732	0.181651047574	0.178368053483	0.191058317913	0.18658150779	0.192586402435	0.183883483555	0.2	0.185638393124	0.180170715693	0.181865934459	0.18333432818	0.184492329732	0.197230346804	0.179370858951	0.180576613144	0.175120873873	0.193278815734	0.166477645795	0.1862472393	0.202041425416	0.174034501283	0.198436100997	0.176159493822
MH0322.freeze11.snv.mod.fix.bam	0.196693129589	0.18551901152	0.186724765714	0.155924312064	0.175252193637	0.180898943473	0.185005670626	0.180922819793	0.201540022683	0.0	0.187047096042	0.18550707336	0.187214230287	0.180934757954	0.125959529636	0.195547066197	0.183429833463	0.164782427028	0.161893392228	0.183608905868	0.188527427923	0.181615233093	0.188109592312	0.188909449054	0.189661553155	0.185435444398	0.186486002507	0.18187787262	0.18079150003	0.191798483854	0.190246523011	0.189936130842	0.186306930102	0.189661553155	0.192467020832	0.191488091685	0.176195308303	0.187560436937	0.190843431027	0.188682624008	0.183465647944	0.180540798663	0.192813227482	0.192049185221	0.178129290276	0.188455798961	0.189554109712
MH0365.freeze11.snv.mod.fix.bam	0.0263117053662	0.175670029248	0.164770488868	0.168017668477	0.16015042082	0.156712230645	0.163696054438	0.157177818898	0.14964483973	0.187047096042	0.0	0.0729540977735	0.162657434489	0.157929922999	0.123667402853	0.00509759446069	0.161189040769	0.15979227601	0.173628603832	0.16085477228	0.178487435086	0.161057721005	0.178081537635	0.180290097296	0.180182653853	0.175992359577	0.176648958396	0.172398973318	0.167074553811	0.181280964603	0.166035933863	0.181627171253	0.177639825703	0.180146839372	0.183656658509	0.183083626813	0.189673491315	0.17754432042	0.181006386916	0.177735330985	0.164090013729	0.169545752999	0.179812570883	0.171049961201	0.168077359279	0.170417238704	0.178439682445
MH0384.freeze11.snv.mod.fix.bam	0.0770966394079	0.175980421417	0.166895481406	0.167635647347	0.159672894407	0.15797767564	0.165248015281	0.158801408703	0.140643466842	0.18550707336	0.0729540977735	0.0	0.164830179669	0.159983286576	0.123213752761	0.0771085775682	0.163266280666	0.160042977377	0.174392646093	0.162036650152	0.176947412404	0.161380051334	0.177078732167	0.179275353668	0.178559064048	0.175538709485	0.176875783442	0.172661612845	0.166943234048	0.180528860503	0.16702680117	0.181161583	0.176147555662	0.178821703575	0.183429833463	0.182725482003	0.188969139856	0.176243060944	0.179669312959	0.176028174058	0.164245209813	0.168077359279	0.179514116875	0.172506416761	0.16738494598	0.169677072763	0.177413000657
MH0386.freeze11.snv.mod.fix.bam	0.174762729063	0.187703694861	0.126055034919	0.167540142064	0.144606936071	0.115835969677	0.12101713126	0.117113352832	0.196275293977	0.187214230287	0.162657434489	0.164830179669	0.0	0.120599295649	0.102930818361	0.17100220856	0.117256610756	0.155327404047	0.173031695816	0.127236912792	0.192276010267	0.130866113532	0.191165761356	0.193768280308	0.191977556259	0.190855369188	0.181555542291	0.177042917686	0.150229809586	0.193959290873	0.124944786008	0.1949143437	0.190031636125	0.192992299887	0.19639467558	0.195690324121	0.199438906465	0.191022503432	0.195129230586	0.194150301439	0.129457410613	0.186151734018	0.188670685847	0.138160329493	0.180504984182	0.145955948188	0.194806900257
MH0401.freeze11.snv.mod.fix.bam	0.170464991345	0.182116635826	0.126556437653	0.162132155435	0.137873813645	0.116074732884	0.11810422014	0.117567002925	0.190103265087	0.180934757954	0.157929922999	0.159983286576	0.120599295649	0.0	0.100507371814	0.165785232496	0.118068405659	0.150552139915	0.169115979228	0.072572076643	0.185530949681	0.124479197756	0.185578702322	0.186641198591	0.185614516803	0.184002865158	0.175096997553	0.170918641437	0.143651883245	0.186688951233	0.12718916015	0.188969139856	0.183740225631	0.187572375097	0.191440339044	0.190497224378	0.194174177759	0.184683340297	0.189673491315	0.186271115621	0.12860980123	0.178857518056	0.18296424521	0.129003760521	0.173592789351	0.141264251179	0.187106786844
MH0407.freeze11.snv.mod.fix.bam	0.135032531487	0.126365427088	0.106631648063	0.101295290396	0.106607771742	0.0972960066854	0.10290694204	0.0989195964902	0.145860442906	0.125959529636	0.123667402853	0.123213752761	0.102930818361	0.100507371814	0.0	0.131677908434	0.100435742852	0.10472154241	0.106488390139	0.102799498597	0.130866113532	0.103086014445	0.129815555423	0.130305019996	0.130651226646	0.128788873635	0.126878767982	0.123154061959	0.112743986152	0.134113293142	0.107753835134	0.132812033666	0.127798006327	0.131558526831	0.134805706441	0.133755148332	0.139234763923	0.129899122545	0.132764281024	0.131594341312	0.105390079389	0.124980600489	0.132394198054	0.11448695756	0.120467975885	0.114057183788	0.131952486122
MH0413.freeze11.snv.mod.fix.bam	0.0296066376171	0.186438249866	0.173318211664	0.176839968961	0.168722019937	0.16484211783	0.172315406196	0.165319644243	0.157070375455	0.195547066197	0.00509759446069	0.0771085775682	0.17100220856	0.165785232496	0.131677908434	0.0	0.169760639885	0.169545752999	0.182904554408	0.169127917388	0.189948069003	0.169641258282	0.188981078016	0.191762669373	0.191332895601	0.186868023638	0.187524622456	0.182916492568	0.175765534531	0.192144690503	0.174905986987	0.19312361965	0.188921387214	0.191476153525	0.194890467379	0.194472631767	0.198889751089	0.188849758252	0.1920253089	0.188252850236	0.172064704829	0.179633498478	0.190115203247	0.179167910225	0.178714260133	0.178738136453	0.189339222826
MH0415.freeze11.snv.mod.fix.bam	0.174225511849	0.184253566525	0.121793111681	0.164877932311	0.142852026503	0.111526293798	0.120897749657	0.113555781054	0.192920670925	0.183429833463	0.161189040769	0.163266280666	0.117256610756	0.118068405659	0.100435742852	0.169760639885	0.0	0.149716468692	0.170369486062	0.120348594282	0.188718438489	0.125028353131	0.187524622456	0.190043574285	0.188217035755	0.186820270996	0.176768339999	0.172613860204	0.148331642094	0.189076583299	0.124491135916	0.192455082672	0.186629260431	0.189995821644	0.193648898705	0.193290753895	0.196537933504	0.188073777831	0.191822360174	0.189637676834	0.125111920253	0.181937563421	0.184587835015	0.135032531487	0.176469885991	0.145418730974	0.190306213812
MH0417.freeze11.snv.mod.fix.bam	0.171109652003	0.138637855906	0.154312660419	0.145884319226	0.150265624067	0.146349907479	0.15397839193	0.147233331344	0.177305557214	0.164782427028	0.15979227601	0.160042977377	0.155327404047	0.150552139915	0.10472154241	0.169545752999	0.149716468692	0.0	0.150182056945	0.15143556378	0.137587297797	0.151913090193	0.139604846893	0.139533217931	0.140547961559	0.137348534591	0.128824688116	0.125446188742	0.155458723811	0.146433474602	0.157989613801	0.144296543903	0.137432101713	0.140822539247	0.143019160747	0.141622395989	0.17390318152	0.137217214827	0.144965080881	0.141920849997	0.150898346565	0.135581686862	0.145991762669	0.160472751149	0.134495314272	0.159183429833	0.143723512207
MH0429.freeze11.snv.mod.fix.bam	0.185530949681	0.16992777413	0.175502895004	0.137467916194	0.159469945681	0.167301378858	0.173079448457	0.169008535785	0.191225452158	0.161893392228	0.173628603832	0.174392646093	0.173031695816	0.169115979228	0.106488390139	0.182904554408	0.170369486062	0.150182056945	0.0	0.170142661016	0.172219900913	0.165904614099	0.171611054736	0.17282874709	0.1731868919	0.169963588611	0.170536620307	0.166250820749	0.165128633678	0.175335760759	0.177938279711	0.17535963708	0.169856145168	0.173676356473	0.176422133349	0.175526771325	0.17571778189	0.172494478601	0.175025368591	0.173270459022	0.170262042619	0.165904614099	0.176386318868	0.177997970513	0.162215722557	0.173640541992	0.173676356473
MMRS51410669ST-27-0-0.freeze11.snv.mod.fix.bam	0.173783799916	0.183740225631	0.129672297499	0.164090013729	0.138828866472	0.12136333791	0.123798722617	0.123058556676	0.191547782487	0.183608905868	0.16085477228	0.162036650152	0.127236912792	0.072572076643	0.102799498597	0.169127917388	0.120348594282	0.15143556378	0.170142661016	0.0	0.18659344595	0.125923715155	0.186832209157	0.189028830657	0.186903838119	0.184886289023	0.176756401838	0.17244672596	0.1449292664	0.188324479198	0.13189279532	0.190091326927	0.184504267892	0.188742314809	0.192801289321	0.191225452158	0.195212797708	0.185793589208	0.191356771921	0.187500746135	0.131319763624	0.179967766967	0.184229690205	0.131260072823	0.17390318152	0.143341491076	0.188276726556
N006A.freeze11.snv.mod.fix.bam	0.18986450188	0.0917089476512	0.19458007521	0.166131439145	0.175586462126	0.186163672178	0.192144690503	0.187930519907	0.181698800215	0.188527427923	0.178487435086	0.176947412404	0.192276010267	0.185530949681	0.130866113532	0.189948069003	0.188718438489	0.137587297797	0.172219900913	0.18659344595	0.0	0.181710738375	0.0847848146601	0.085071330508	0.0868143019161	0.0824926878768	0.142314809288	0.137718617561	0.1826061004	0.107192741599	0.196669253268	0.090001790724	0.0847131856981	0.0812033665612	0.0928191965618	0.0813108100042	0.18696352892	0.0453888855727	0.0912075449173	0.098370441115	0.189422789948	0.0922222885453	0.118175849102	0.197540738972	0.0987166477646	0.19275353668	0.0986569569629
N037A.freeze11.snv.mod.fix.bam	0.173342087984	0.17501343043	0.132883662628	0.162024711992	0.137563421477	0.124813466245	0.133552199606	0.128848564436	0.189530233391	0.181615233093	0.161057721005	0.161380051334	0.130866113532	0.124479197756	0.103086014445	0.169641258282	0.125028353131	0.151913090193	0.165904614099	0.125923715155	0.181710738375	0.0	0.179848385364	0.18332239002	0.180863128992	0.180158777532	0.175681967409	0.17137229153	0.145394854653	0.182856801767	0.136035336955	0.185280248314	0.177986032352	0.182677729362	0.184969856145	0.184158061243	0.192586402435	0.181674923894	0.183537276906	0.183035874172	0.132489703337	0.175276069958	0.180540798663	0.139712290336	0.168960783143	0.14420103862	0.183823792754
N040A.freeze11.snv.mod.fix.bam	0.18950635707	0.0391213513997	0.193768280308	0.164901808631	0.173867367039	0.183740225631	0.191714916731	0.186175610338	0.181651047574	0.188109592312	0.178081537635	0.177078732167	0.191165761356	0.185578702322	0.129815555423	0.188981078016	0.187524622456	0.139604846893	0.171611054736	0.186832209157	0.0847848146601	0.179848385364	0.0	0.0776935474243	0.0796036530771	0.0824449352355	0.146624485167	0.141801468394	0.181340655405	0.0977735330985	0.19529636483	0.0887602220498	0.0605981018325	0.0898227183191	0.0438488628902	0.0454485763744	0.18696352892	0.0870530651227	0.0730973556975	0.0942637139617	0.188121530472	0.0876260968185	0.110225034322	0.196287232138	0.0972960066854	0.190640482302	0.0969856145168
N079A.freeze11.snv.mod.fix.bam	0.192049185221	0.0796036530771	0.196143974214	0.166907419567	0.174858234346	0.186044290575	0.193696651346	0.189064645138	0.184492329732	0.188909449054	0.180290097296	0.179275353668	0.193768280308	0.186641198591	0.130305019996	0.191762669373	0.190043574285	0.139533217931	0.17282874709	0.189028830657	0.085071330508	0.18332239002	0.0776935474243	0.0	0.077645794783	0.0845341132931	0.148355518415	0.143616068764	0.183179132096	0.101366919358	0.198376410195	0.0853578463559	0.0710201158002	0.0862412702203	0.0827314510834	0.0807377783084	0.187166477646	0.0905270697785	0.0855846714021	0.0873395809706	0.189971945323	0.0814301916075	0.11268429535	0.198209275951	0.0930221452874	0.194150301439	0.0903241210529
N089A.freeze11.snv.mod.fix.bam	0.191428400883	0.0822300483495	0.194890467379	0.166226944428	0.174201635528	0.184528144213	0.192574464275	0.186617322271	0.181651047574	0.189661553155	0.180182653853	0.178559064048	0.191977556259	0.185614516803	0.130651226646	0.191332895601	0.188217035755	0.140547961559	0.1731868919	0.186903838119	0.0868143019161	0.180863128992	0.0796036530771	0.077645794783	0.0	0.0844505461708	0.146528979884	0.141956664478	0.183119441294	0.0983943174357	0.197134841521	0.0920790306214	0.074601563899	0.0889392944547	0.0841043395213	0.0838894526353	0.188694562168	0.0879484271474	0.0883782009192	0.0951948904674	0.18840804632	0.0888437891721	0.113197636244	0.197600429774	0.0971766250821	0.192240195786	0.095326210231
NOM016.freeze11.snv.mod.fix.bam	0.187811138304	0.0868262400764	0.192514773473	0.164292962454	0.173294335343	0.182629976721	0.190807616546	0.185423506238	0.178368053483	0.185435444398	0.175992359577	0.175538709485	0.190855369188	0.184002865158	0.128788873635	0.186868023638	0.186820270996	0.137348534591	0.169963588611	0.184886289023	0.0824926878768	0.180158777532	0.0824449352355	0.0845341132931	0.0844505461708	0.0	0.144797946636	0.14020175491	0.180302035456	0.0972124395631	0.195021787143	0.087972303468	0.0800573031696	0.0863606518236	0.0876977257805	0.0857637438071	0.18442070077	0.0818719035397	0.0864322807855	0.0955888497583	0.187488807975	0.0892855011043	0.108911836686	0.195952963648	0.0946099206112	0.190998627112	0.0978093475795
O2.UC27-1.freeze11.snv.mod.fix.bam	0.188873634573	0.145347102012	0.179418611592	0.166704470841	0.170596311108	0.173007819495	0.179203724706	0.173712170954	0.191058317913	0.186486002507	0.176648958396	0.176875783442	0.181555542291	0.175096997553	0.126878767982	0.187524622456	0.176768339999	0.128824688116	0.170536620307	0.176756401838	0.142314809288	0.175681967409	0.146624485167	0.148355518415	0.146528979884	0.144797946636	0.0	0.0	0.177030979526	0.15615113711	0.184146123082	0.152462245568	0.147137826061	0.147245269504	0.150946099206	0.149000179072	0.193457888139	0.141144869576	0.151566883543	0.151375872978	0.179012714141	0.143389243718	0.157834417716	0.187226168447	0.146063391631	0.18407449412	0.153954515609
O2.UC27-2.freeze11.snv.mod.fix.bam	0.184098370441	0.140715095804	0.175264131797	0.162633558169	0.166465707634	0.168781710738	0.174965677789	0.169617381961	0.18658150779	0.18187787262	0.172398973318	0.172661612845	0.177042917686	0.170918641437	0.123154061959	0.182916492568	0.172613860204	0.125446188742	0.166250820749	0.17244672596	0.137718617561	0.17137229153	0.141801468394	0.143616068764	0.141956664478	0.14020175491	0.0	0.0	0.172804870769	0.151351996657	0.1797170656	0.147615352474	0.142243180326	0.142470005372	0.146039515311	0.14420103862	0.18876619113	0.136453172566	0.146911001015	0.146696114129	0.174691100101	0.139378021847	0.153142720707	0.1826061004	0.141574643347	0.179549931356	0.149095684355
O2.UC31-1.freeze11.snv.mod.fix.bam	0.179609622157	0.177663702024	0.150898346565	0.161009968364	0.0693965259953	0.14346087268	0.14962096341	0.145251596729	0.192586402435	0.18079150003	0.167074553811	0.166943234048	0.150229809586	0.143651883245	0.112743986152	0.175765534531	0.148331642094	0.155458723811	0.165128633678	0.1449292664	0.1826061004	0.145394854653	0.181340655405	0.183179132096	0.183119441294	0.180302035456	0.177030979526	0.172804870769	0.0	0.184504267892	0.15436041306	0.18585328001	0.179633498478	0.184002865158	0.187261982928	0.186903838119	0.191762669373	0.182785172805	0.185172804871	0.184241628365	0.144021966215	0.176625082075	0.182331522712	0.145084462484	0.166585089238	0.144642750552	0.185710022086
O2.UC32-1.freeze11.snv.mod.fix.bam	0.192156628664	0.0996955769116	0.195391870113	0.170584372948	0.176887721602	0.186056228735	0.192669969558	0.188145406793	0.183883483555	0.191798483854	0.181280964603	0.180528860503	0.193959290873	0.186688951233	0.134113293142	0.192144690503	0.189076583299	0.146433474602	0.175335760759	0.188324479198	0.107192741599	0.182856801767	0.0977735330985	0.101366919358	0.0983943174357	0.0972124395631	0.15615113711	0.151351996657	0.184504267892	0.0	0.198125708828	0.10362323166	0.0887363457291	0.107144988957	0.101223661434	0.101569868083	0.190867307348	0.10578403868	0.103515788217	0.106930102071	0.18985256372	0.0996478242703	0.0418432519549	0.199558288068	0.107013669194	0.193684713186	0.111550170119
O2.UC48-1.freeze11.snv.mod.fix.bam	0.179382797111	0.191929803617	0.128466543306	0.171718498179	0.146206649555	0.122043813048	0.127499552319	0.119405479616	0.2	0.190246523011	0.166035933863	0.16702680117	0.124944786008	0.12718916015	0.107753835134	0.174905986987	0.124491135916	0.157989613801	0.177938279711	0.13189279532	0.196669253268	0.136035336955	0.19529636483	0.198376410195	0.197134841521	0.195021787143	0.184146123082	0.1797170656	0.15436041306	0.198125708828	0.0	0.199785113114	0.194711394974	0.198949441891	0.200262639527	0.19964185519	0.203939592909	0.195893272847	0.199415030144	0.198209275951	0.131618217633	0.190055512446	0.192705784039	0.14238643825	0.185065361428	0.14891661195	0.199570226228
SZEY-07A.freeze11.snv.mod.fix.bam	0.193529517101	0.091338864681	0.197301975766	0.16921148451	0.176863845281	0.187823076464	0.194150301439	0.189924192682	0.185638393124	0.189936130842	0.181627171253	0.181161583	0.1949143437	0.188969139856	0.132812033666	0.19312361965	0.192455082672	0.144296543903	0.17535963708	0.190091326927	0.090001790724	0.185280248314	0.0887602220498	0.0853578463559	0.0920790306214	0.087972303468	0.152462245568	0.147615352474	0.18585328001	0.10362323166	0.199785113114	0.0	0.0841043395213	0.0888557273324	0.0911001014744	0.0897749656778	0.191535844326	0.0905748224199	0.0992419268191	0.098406255596	0.191619411449	0.0920670924611	0.116504506656	0.200859547544	0.0938816928311	0.194806900257	0.099349370262
SZEY-43A.freeze11.snv.mod.fix.bam	0.189446666269	0.0626992180505	0.192132752343	0.162932012177	0.172243777234	0.182510595117	0.190151017728	0.184934041664	0.180170715693	0.186306930102	0.177639825703	0.176147555662	0.190031636125	0.183740225631	0.127798006327	0.188921387214	0.186629260431	0.137432101713	0.169856145168	0.184504267892	0.0847131856981	0.177986032352	0.0605981018325	0.0710201158002	0.074601563899	0.0800573031696	0.147137826061	0.142243180326	0.179633498478	0.0887363457291	0.194711394974	0.0841043395213	0.0	0.0843431027279	0.0658389542172	0.0676416164269	0.18477884558	0.0863128991822	0.0743508625321	0.0870769414433	0.186903838119	0.0810242941563	0.104757356891	0.195547066197	0.0913269265206	0.1905807915	0.0906703277025
T2D-102A.freeze11.snv.mod.fix.bam	0.191070256074	0.0923774846296	0.196072345252	0.168089297439	0.175896854295	0.18733361189	0.193195248612	0.188646809527	0.181865934459	0.189661553155	0.180146839372	0.178821703575	0.192992299887	0.187572375097	0.131558526831	0.191476153525	0.189995821644	0.140822539247	0.173676356473	0.188742314809	0.0812033665612	0.182677729362	0.0898227183191	0.0862412702203	0.0889392944547	0.0863606518236	0.147245269504	0.142470005372	0.184002865158	0.107144988957	0.198949441891	0.0888557273324	0.0843431027279	0.0	0.0935354861816	0.0905628842595	0.186927714439	0.0823852444338	0.0936071151436	0.100423804692	0.190186832209	0.0946696114129	0.118331045186	0.198722616845	0.0990986688951	0.193254939414	0.102441353787
T2D-107A.freeze11.snv.mod.fix.bam	0.195105354265	0.0396466304542	0.198782307646	0.169760639885	0.179072404942	0.188813943771	0.196776696711	0.191368710082	0.18333432818	0.192467020832	0.183656658509	0.183429833463	0.19639467558	0.191440339044	0.134805706441	0.194890467379	0.193648898705	0.143019160747	0.176422133349	0.192801289321	0.0928191965618	0.184969856145	0.0438488628902	0.0827314510834	0.0841043395213	0.0876977257805	0.150946099206	0.146039515311	0.187261982928	0.101223661434	0.200262639527	0.0911001014744	0.0658389542172	0.0935354861816	0.0	0.0213931833105	0.190903121829	0.092317793828	0.0721900555124	0.0956366023996	0.193708589506	0.089094490539	0.114785411568	0.201719095087	0.100638691578	0.196490180863	0.0988240912075
T2D-157A.freeze11.snv.mod.fix.bam	0.195391870113	0.0426431086969	0.197982450904	0.169378618755	0.179251477347	0.188706500328	0.196299170298	0.190461409897	0.184492329732	0.191488091685	0.183083626813	0.182725482003	0.195690324121	0.190497224378	0.133755148332	0.194472631767	0.193290753895	0.141622395989	0.175526771325	0.191225452158	0.0813108100042	0.184158061243	0.0454485763744	0.0807377783084	0.0838894526353	0.0857637438071	0.149000179072	0.14420103862	0.186903838119	0.101569868083	0.19964185519	0.0897749656778	0.0676416164269	0.0905628842595	0.0213931833105	0.0	0.19022264669	0.0846654330568	0.0742792335701	0.0949322509401	0.192944547245	0.0882110666746	0.114260132514	0.201611651644	0.100340237569	0.19600071629	0.0965677789053
T2D-195A.freeze11.snv.mod.fix.bam	0.199725422312	0.183895421716	0.20074016594	0.170357547902	0.185089237748	0.193290753895	0.19965379335	0.193887661911	0.197230346804	0.176195308303	0.189673491315	0.188969139856	0.199438906465	0.194174177759	0.139234763923	0.198889751089	0.196537933504	0.17390318152	0.17571778189	0.195212797708	0.18696352892	0.192586402435	0.18696352892	0.187166477646	0.188694562168	0.18442070077	0.193457888139	0.18876619113	0.191762669373	0.190867307348	0.203939592909	0.191535844326	0.18477884558	0.186927714439	0.190903121829	0.19022264669	0.0	0.186044290575	0.189160150421	0.18513699039	0.196120097893	0.177221990091	0.193732465827	0.204632006208	0.178809765415	0.20034620665	0.186068166895
T2D-34A.freeze11.snv.mod.fix.bam	0.188957201695	0.0926401241569	0.193887661911	0.165307706082	0.175240255477	0.184444577091	0.191237390318	0.185960723453	0.179370858951	0.187560436937	0.17754432042	0.176243060944	0.191022503432	0.184683340297	0.129899122545	0.188849758252	0.188073777831	0.137217214827	0.172494478601	0.185793589208	0.0453888855727	0.181674923894	0.0870530651227	0.0905270697785	0.0879484271474	0.0818719035397	0.141144869576	0.136453172566	0.182785172805	0.10578403868	0.195893272847	0.0905748224199	0.0863128991822	0.0823852444338	0.092317793828	0.0846654330568	0.186044290575	0.0	0.091195606757	0.0998865874769	0.187727571181	0.0934161045783	0.118319107026	0.196931892795	0.0990628544141	0.192455082672	0.100579000776
T2D-41A.freeze11.snv.mod.fix.bam	0.191786545693	0.0702441353787	0.198304781233	0.169784516206	0.177210051931	0.187966334388	0.194747209455	0.189554109712	0.180576613144	0.190843431027	0.181006386916	0.179669312959	0.195129230586	0.189673491315	0.132764281024	0.1920253089	0.191822360174	0.144965080881	0.175025368591	0.191356771921	0.0912075449173	0.183537276906	0.0730973556975	0.0855846714021	0.0883782009192	0.0864322807855	0.151566883543	0.146911001015	0.185172804871	0.103515788217	0.199415030144	0.0992419268191	0.0743508625321	0.0936071151436	0.0721900555124	0.0742792335701	0.189160150421	0.091195606757	0.0	0.100077598042	0.192371515549	0.0944308482063	0.11595535128	0.200023876321	0.102071270817	0.195308302991	0.103921685668
V1.CD22-0.freeze11.snv.mod.fix.bam	0.188109592312	0.095433653674	0.19564257148	0.165749418015	0.17644600967	0.1854951352	0.192502835313	0.187429117173	0.175120873873	0.188682624008	0.177735330985	0.176028174058	0.194150301439	0.186271115621	0.131594341312	0.188252850236	0.189637676834	0.141920849997	0.173270459022	0.187500746135	0.098370441115	0.183035874172	0.0942637139617	0.0873395809706	0.0951948904674	0.0955888497583	0.151375872978	0.146696114129	0.184241628365	0.106930102071	0.198209275951	0.098406255596	0.0870769414433	0.100423804692	0.0956366023996	0.0949322509401	0.18513699039	0.0998865874769	0.100077598042	0.0	0.190019697965	0.00448874828389	0.11704172387	0.198221214111	0.101939951054	0.193947352713	0.0312063511013
V1.CD34-0.freeze11.snv.mod.fix.bam	0.175884916134	0.184337133648	0.126568375813	0.164388467737	0.13841103086	0.118927953202	0.129588730377	0.122199009133	0.193278815734	0.183465647944	0.164090013729	0.164245209813	0.129457410613	0.12860980123	0.105390079389	0.172064704829	0.125111920253	0.150898346565	0.170262042619	0.131319763624	0.189422789948	0.132489703337	0.188121530472	0.189971945323	0.18840804632	0.187488807975	0.179012714141	0.174691100101	0.144021966215	0.18985256372	0.131618217633	0.191619411449	0.186903838119	0.190186832209	0.193708589506	0.192944547245	0.196120097893	0.187727571181	0.192371515549	0.190019697965	0.0	0.182427027995	0.184957917985	0.139580970572	0.17571778189	0.141944726318	0.191786545693
V1.CD40-0.freeze11.snv.mod.fix.bam	0.179191786546	0.0890467378977	0.187655942219	0.158813346863	0.168984659464	0.178093475795	0.184504267892	0.179908076165	0.166477645795	0.180540798663	0.169545752999	0.168077359279	0.186151734018	0.178857518056	0.124980600489	0.179633498478	0.181937563421	0.135581686862	0.165904614099	0.179967766967	0.0922222885453	0.175276069958	0.0876260968185	0.0814301916075	0.0888437891721	0.0892855011043	0.143389243718	0.139378021847	0.176625082075	0.0996478242703	0.190055512446	0.0920670924611	0.0810242941563	0.0946696114129	0.089094490539	0.0882110666746	0.177221990091	0.0934161045783	0.0944308482063	0.00448874828389	0.182427027995	0.0	0.110010147436	0.190294275652	0.0953739628723	0.185542887841	0.0283889452635
V1.FI06.freeze11.snv.mod.fix.bam	0.191619411449	0.112564913747	0.189780934758	0.171348415209	0.174810481705	0.180493046022	0.188097654151	0.184181937563	0.1862472393	0.192813227482	0.179812570883	0.179514116875	0.188670685847	0.18296424521	0.132394198054	0.190115203247	0.184587835015	0.145991762669	0.176386318868	0.184229690205	0.118175849102	0.180540798663	0.110225034322	0.11268429535	0.113197636244	0.108911836686	0.157834417716	0.153142720707	0.182331522712	0.0418432519549	0.192705784039	0.116504506656	0.104757356891	0.118331045186	0.114785411568	0.114260132514	0.193732465827	0.118319107026	0.11595535128	0.11704172387	0.184957917985	0.110010147436	0.0	0.194078672477	0.116134423685	0.18986450188	0.121542410315
V1.FI15.freeze11.snv.mod.fix.bam	0.183799916433	0.193207186773	0.141192622217	0.173377902465	0.139712290336	0.13116456754	0.13949740345	0.135987584313	0.202041425416	0.192049185221	0.171049961201	0.172506416761	0.138160329493	0.129003760521	0.11448695756	0.179167910225	0.135032531487	0.160472751149	0.177997970513	0.131260072823	0.197540738972	0.139712290336	0.196287232138	0.198209275951	0.197600429774	0.195952963648	0.187226168447	0.1826061004	0.145084462484	0.199558288068	0.14238643825	0.200859547544	0.195547066197	0.198722616845	0.201719095087	0.201611651644	0.204632006208	0.196931892795	0.200023876321	0.198221214111	0.139580970572	0.190294275652	0.194078672477	0.0	0.182737420164	0.142971408106	0.200525279054
V1.UC12-4.freeze11.snv.mod.fix.bam	0.17970512744	0.0971766250821	0.181961439742	0.156915179371	0.161547185579	0.171993075867	0.179597683997	0.175395451561	0.174034501283	0.178129290276	0.168077359279	0.16738494598	0.180504984182	0.173592789351	0.120467975885	0.178714260133	0.176469885991	0.134495314272	0.162215722557	0.17390318152	0.0987166477646	0.168960783143	0.0972960066854	0.0930221452874	0.0971766250821	0.0946099206112	0.146063391631	0.141574643347	0.166585089238	0.107013669194	0.185065361428	0.0938816928311	0.0913269265206	0.0990986688951	0.100638691578	0.100340237569	0.178809765415	0.0990628544141	0.102071270817	0.101939951054	0.17571778189	0.0953739628723	0.116134423685	0.182737420164	0.0	0.177389124336	0.103933623829
V1.UC38-0.freeze11.snv.mod.fix.bam	0.182582224079	0.187524622456	0.146206649555	0.16955769116	0.13913925864	0.138984062556	0.146397660121	0.14057183788	0.198436100997	0.188455798961	0.170417238704	0.169677072763	0.145955948188	0.141264251179	0.114057183788	0.178738136453	0.145418730974	0.159183429833	0.173640541992	0.143341491076	0.19275353668	0.14420103862	0.190640482302	0.194150301439	0.192240195786	0.190998627112	0.18407449412	0.179549931356	0.144642750552	0.193684713186	0.14891661195	0.194806900257	0.1905807915	0.193254939414	0.196490180863	0.19600071629	0.20034620665	0.192455082672	0.195308302991	0.193947352713	0.141944726318	0.185542887841	0.18986450188	0.142971408106	0.177389124336	0.0	0.195403808273
V1.UC63-0.freeze11.snv.mod.fix.bam	0.188813943771	0.0974392646093	0.196764758551	0.166597027398	0.177842774428	0.1869396526	0.193589207903	0.188443860801	0.176159493822	0.189554109712	0.178439682445	0.177413000657	0.194806900257	0.187106786844	0.131952486122	0.189339222826	0.190306213812	0.143723512207	0.173676356473	0.188276726556	0.0986569569629	0.183823792754	0.0969856145168	0.0903241210529	0.095326210231	0.0978093475795	0.153954515609	0.149095684355	0.185710022086	0.111550170119	0.199570226228	0.099349370262	0.0906703277025	0.102441353787	0.0988240912075	0.0965677789053	0.186068166895	0.100579000776	0.103921685668	0.0312063511013	0.191786545693	0.0283889452635	0.121542410315	0.200525279054	0.103933623829	0.195403808273	0.0
