	147406386-subgingivalplaque2.freeze11.snv.mod.fix.bam	147406386-supragingivalplaque3.freeze11.snv.mod.fix.bam	158114885-supragingivalplaque2.freeze11.snv.mod.fix.bam	158337416-supragingivalplaque1.freeze11.snv.mod.fix.bam	158802708-supragingivalplaque1.freeze11.snv.mod.fix.bam	158883629-supragingivalplaque3.freeze11.snv.mod.fix.bam	159207311-supragingivalplaque1.freeze11.snv.mod.fix.bam	159207311-supragingivalplaque3.freeze11.snv.mod.fix.bam	159268001-supragingivalplaque2.freeze11.snv.mod.fix.bam	159268001-supragingivalplaque3.freeze11.snv.mod.fix.bam	159551223-supragingivalplaque2.freeze11.snv.mod.fix.bam	159571453-supragingivalplaque2.freeze11.snv.mod.fix.bam	159632143-supragingivalplaque1.freeze11.snv.mod.fix.bam	159915365-supragingivalplaque1.freeze11.snv.mod.fix.bam	160400887-supragingivalplaque1.freeze11.snv.mod.fix.bam	160421117-supragingivalplaque1.freeze11.snv.mod.fix.bam	160421117-supragingivalplaque2.freeze11.snv.mod.fix.bam	160502038-supragingivalplaque2.freeze11.snv.mod.fix.bam	160502038-supragingivalplaque3.freeze11.snv.mod.fix.bam	160542498-supragingivalplaque1.freeze11.snv.mod.fix.bam	160603188-supragingivalplaque2.freeze11.snv.mod.fix.bam	160643649-supragingivalplaque1.freeze11.snv.mod.fix.bam	338793263-supragingivalplaque2.freeze11.snv.mod.fix.bam	370027359-supragingivalplaque2.freeze11.snv.mod.fix.bam	370425937-supragingivalplaque2.freeze11.snv.mod.fix.bam	404239096-supragingivalplaque1.freeze11.snv.mod.fix.bam	517810313-supragingivalplaque2.freeze11.snv.mod.fix.bam	550534656-supragingivalplaque3.freeze11.snv.mod.fix.bam	604812005-supragingivalplaque3.freeze11.snv.mod.fix.bam	638754422-supragingivalplaque2.freeze11.snv.mod.fix.bam	650853796-supragingivalplaque1.freeze11.snv.mod.fix.bam	675950834-supragingivalplaque2.freeze11.snv.mod.fix.bam	675950834-supragingivalplaque3.freeze11.snv.mod.fix.bam	706846339-supragingivalplaque2.freeze11.snv.mod.fix.bam	763395383-supragingivalplaque3.freeze11.snv.mod.fix.bam	763435843-supragingivalplaque2.freeze11.snv.mod.fix.bam	763496533-buccalmucosa1.freeze11.snv.mod.fix.bam	763496533-supragingivalplaque1.freeze11.snv.mod.fix.bam	763496533-supragingivalplaque2.freeze11.snv.mod.fix.bam	763577454-supragingivalplaque2.freeze11.snv.mod.fix.bam	763719065-subgingivalplaque3.freeze11.snv.mod.fix.bam	763719065-supragingivalplaque3.freeze11.snv.mod.fix.bam	763759525-supragingivalplaque1.freeze11.snv.mod.fix.bam	763901136-supragingivalplaque1.freeze11.snv.mod.fix.bam	763901136-supragingivalplaque3.freeze11.snv.mod.fix.bam	764062976-supragingivalplaque2.freeze11.snv.mod.fix.bam	764062976-supragingivalplaque3.freeze11.snv.mod.fix.bam	764083206-supragingivalplaque1.freeze11.snv.mod.fix.bam	764083206-supragingivalplaque2.freeze11.snv.mod.fix.bam	764224817-supragingivalplaque2.freeze11.snv.mod.fix.bam	764305738-supragingivalplaque1.freeze11.snv.mod.fix.bam	764588959-supragingivalplaque1.freeze11.snv.mod.fix.bam	764649650-supragingivalplaque2.freeze11.snv.mod.fix.bam	764811490-supragingivalplaque2.freeze11.snv.mod.fix.bam	765013792-supragingivalplaque3.freeze11.snv.mod.fix.bam	765094712-supragingivalplaque1.freeze11.snv.mod.fix.bam	765155402-supragingivalplaque3.freeze11.snv.mod.fix.bam	765620695-supragingivalplaque1.freeze11.snv.mod.fix.bam	765620695-supragingivalplaque2.freeze11.snv.mod.fix.bam	823052294-supragingivalplaque2.freeze11.snv.mod.fix.bam	823052294-supragingivalplaque3.freeze11.snv.mod.fix.bam	861967750-supragingivalplaque2.freeze11.snv.mod.fix.bam	863126187-supragingivalplaque3.freeze11.snv.mod.fix.bam	937495960-supragingivalplaque1.freeze11.snv.mod.fix.bam
147406386-subgingivalplaque2.freeze11.snv.mod.fix.bam	0.0	0.10294518584	0.152433166467	0.156939906456	0.163679225143	0.163457695013	0.161670209037	0.156572991302	0.156473032	0.158911525754	0.156091620084	0.15424489013	0.164014215003	0.15706526774	0.158369200634	0.151335033478	0.156761325401	0.134987752195	0.135164058715	0.15439903155	0.129349146846	0.151001211423	0.102987007487	0.156098845688	0.15986446899	0.159440508049	0.153299336816	0.161841340649	0.156432212689	0.158122651471	0.157927779051	0.154810314578	0.158998351613	0.139195992254	0.19116697974	0.154222778528	0.156138335857	0.159057012798	0.15304900211	0.1613213978	0.0451454321989	0.0463138666588	0.120703632113	0.160840802895	0.152269123514	0.180346931161	0.156383623084	0.164709373812	0.167905219343	0.160949729394	0.157268984343	0.0662054045902	0.159326951688	0.174505806746	0.161483499905	0.167149203554	0.151322034686	0.163734295285	0.152302686171	0.155858234425	0.158846878858	0.155639964748	0.157284940077	0.146573527237
147406386-supragingivalplaque3.freeze11.snv.mod.fix.bam	0.10294518584	0.0	0.124573911082	0.149407985093	0.144392807282	0.137919023202	0.137628765579	0.139334897865	0.130882715787	0.134655905333	0.131451746519	0.13070109028	0.138795648999	0.128656563867	0.132310289642	0.127907543798	0.132043541583	0.0328744664602	0.0335949613611	0.129502455045	0.163077127415	0.145215383661	0.146846225703	0.130756348787	0.158433595682	0.132931296684	0.127446450699	0.135378159365	0.160862117537	0.131322574402	0.132110162383	0.130424192881	0.133733409706	0.0546561009946	0.20014226863	0.167259607289	0.130802886645	0.149425138054	0.136884155767	0.134652394997	0.146882553086	0.150297560791	0.116346027371	0.136871926901	0.127107842255	0.185258008954	0.132061768918	0.152399242581	0.170502367876	0.137914948782	0.13157959109	0.156809492777	0.136394992852	0.175616152522	0.157870252261	0.152936867721	0.138256113555	0.138850121114	0.127570580851	0.128617397898	0.130781977159	0.140583434151	0.13133542861	0.121707805814
158114885-supragingivalplaque2.freeze11.snv.mod.fix.bam	0.152433166467	0.124573911082	0.0	0.139283301582	0.138934073174	0.12855672453	0.127494971966	0.133870992979	0.122121182131	0.127077509673	0.123113556253	0.116529534404	0.131165698443	0.0961115674247	0.106453452581	0.123880212305	0.119926972692	0.124010339724	0.12412406338	0.12084877826	0.167575850643	0.143471348399	0.157248270009	0.10488660639	0.152350862319	0.120716898701	0.117704053665	0.123339539202	0.158520038422	0.11798397089	0.119321933486	0.122643381403	0.1232557583	0.124969295847	0.198346496461	0.169738970952	0.106308747522	0.140447812784	0.121535272252	0.125390220268	0.170325172848	0.17251416515	0.140182844171	0.129134849948	0.118694571566	0.184100831504	0.124055429225	0.148084447876	0.168584169675	0.12761658304	0.119536257277	0.17659280743	0.128701287585	0.173310623271	0.152950342558	0.144806128304	0.137006422706	0.123827429872	0.112529548827	0.120151888447	0.1197361207	0.143746885658	0.118538916791	0.114805311257
158337416-supragingivalplaque1.freeze11.snv.mod.fix.bam	0.156939906456	0.149407985093	0.139283301582	0.0	0.154346108419	0.155825693889	0.157020475456	0.152043213812	0.149914043338	0.150663240479	0.147109271052	0.147029227329	0.153239776548	0.146474304828	0.150853473634	0.148100584395	0.145899388984	0.153620388828	0.153760251558	0.148607962658	0.167808720628	0.153598547097	0.156911515114	0.149971704173	0.151594880944	0.151823504554	0.144317800309	0.152953630623	0.164459881905	0.148585919805	0.148686479482	0.147459644581	0.15213358491	0.151736329406	0.181831761171	0.169073897788	0.149867779206	0.150380077025	0.146929490026	0.155067731477	0.171675725719	0.173882801093	0.155653333332	0.15153742141	0.144044764616	0.170559370378	0.148341562175	0.15421674233	0.160073572798	0.155796941879	0.114898669533	0.174282786885	0.151808410858	0.165919106628	0.158203296933	0.158985802763	0.145812110771	0.154239943712	0.144342884356	0.14812365728	0.148878227431	0.156208839588	0.147793426718	0.137714541753
158802708-supragingivalplaque1.freeze11.snv.mod.fix.bam	0.163679225143	0.144392807282	0.138934073174	0.154346108419	0.0	0.152865182863	0.150514451375	0.151658132843	0.144867505029	0.139376976747	0.142410460076	0.133281585584	0.0446469281804	0.142627329567	0.146344102679	0.146638979603	0.143753204985	0.145611235416	0.146340456829	0.141460594721	0.171885194591	0.103818972358	0.161754058905	0.145844327371	0.163573254649	0.146138745982	0.133671931405	0.147902533434	0.169459197412	0.145784347518	0.143676599549	0.143379786904	0.146007790304	0.14666594956	0.196651294256	0.170960493448	0.146459206928	0.14819267016	0.147495200153	0.146357962755	0.177730390201	0.181528906056	0.058132211599	0.13755326558	0.135511550208	0.178234603372	0.142529540843	0.144615652587	0.172947155673	0.1492146733	0.145041346648	0.184414456971	0.150971082028	0.181925065306	0.160866772444	0.164021525107	0.133847922027	0.0517387987943	0.0755772551786	0.145878093753	0.14623393984	0.158821006688	0.144038957767	0.129081460073
158883629-supragingivalplaque3.freeze11.snv.mod.fix.bam	0.163457695013	0.137919023202	0.12855672453	0.155825693889	0.152865182863	0.0	0.141967392076	0.148143073721	0.132071674836	0.140057674766	0.137384676666	0.13787554727	0.144809361819	0.131462770963	0.134249181553	0.139011412349	0.134547458777	0.136638924711	0.136852541565	0.132269107515	0.17808428818	0.155915010904	0.167501741762	0.133739170595	0.165118878726	0.135696922924	0.134447303842	0.138983414369	0.170186474203	0.136446287593	0.136910438372	0.136700455834	0.137037271044	0.139068427945	0.205139324485	0.179880394976	0.135821615211	0.159609033085	0.147458411188	0.138613444679	0.178705060469	0.181754595165	0.154530803396	0.141867643656	0.133215445251	0.190901069989	0.138889349575	0.163686017106	0.178901086823	0.141115913148	0.136458691028	0.185709496808	0.0373341800053	0.181584593109	0.165873834965	0.158738250018	0.151102837575	0.144122105786	0.135246980478	0.135453683728	0.134667231491	0.155310207102	0.135307540101	0.131377886197
159207311-supragingivalplaque1.freeze11.snv.mod.fix.bam	0.161670209037	0.137628765579	0.127494971966	0.157020475456	0.150514451375	0.141967392076	0.0	0.0504537400235	0.136850114772	0.140889423269	0.137593736977	0.136321949191	0.142168161074	0.132111553904	0.135605592828	0.135681890517	0.134625225347	0.13718987585	0.137020922415	0.136539695824	0.175321011296	0.154794960219	0.165164943904	0.13446339754	0.166020361723	0.13148847746	0.129998615918	0.133531534128	0.168133557445	0.132391297534	0.132988236425	0.0626250976213	0.0511767719256	0.138534761751	0.205854852364	0.180606912469	0.135917196303	0.15796442954	0.14810588735	0.134366293804	0.176221486031	0.178619043623	0.152355410939	0.140789991629	0.132783075266	0.192542254857	0.135187928892	0.161033630857	0.180037089747	0.0124044987193	0.136697919603	0.183189765922	0.143777208797	0.182025037483	0.166278806373	0.157235389553	0.150659485933	0.142690482868	0.133655169202	0.13469177127	0.133912195493	0.155001285522	0.129162021979	0.129087412313
159207311-supragingivalplaque3.freeze11.snv.mod.fix.bam	0.156572991302	0.139334897865	0.133870992979	0.152043213812	0.151658132843	0.148143073721	0.0504537400235	0.0	0.141898431898	0.139986655396	0.13577616508	0.136081595588	0.146218638376	0.138982769989	0.142053158227	0.138514940507	0.138670139516	0.14463484142	0.144814556903	0.139290060834	0.169218690143	0.14756990289	0.153377858386	0.140888897269	0.159853556478	0.139790126496	0.129534392608	0.142161920258	0.162715598558	0.139775578071	0.13965181844	0.0812149033108	0.080565993444	0.13972894233	0.198853038617	0.167600889272	0.141120652151	0.151606726227	0.143163291564	0.142069467422	0.172776122502	0.175374251639	0.151456914274	0.143498185174	0.131993059136	0.182951253768	0.137802643054	0.157183366975	0.171965489127	0.0581551029582	0.143862713084	0.176623467573	0.141965046217	0.157155629614	0.159555341656	0.148200141034	0.142564612789	0.146154118693	0.135038759657	0.139545687945	0.14022968316	0.152342052386	0.137566753023	0.126669364747
159268001-supragingivalplaque2.freeze11.snv.mod.fix.bam	0.156473032	0.130882715787	0.122121182131	0.149914043338	0.144867505029	0.132071674836	0.136850114772	0.141898431898	0.0	0.0736056804183	0.128675327245	0.131859476034	0.139087441052	0.123663932998	0.127084971205	0.132649244971	0.125959026539	0.130120836142	0.130198359683	0.0228545390101	0.169865507013	0.147781778334	0.157366286717	0.126948812846	0.158248755204	0.130468754291	0.127691352531	0.132508904056	0.162163730958	0.127896942845	0.127791320527	0.131504121961	0.132232317858	0.132359075825	0.20208032933	0.173870945583	0.128568427703	0.151313345501	0.136575395925	0.13308989729	0.171387995235	0.175822388032	0.147581847069	0.135833885546	0.127391031298	0.186900029128	0.132664216376	0.154538795672	0.173310191243	0.135644855803	0.131823845694	0.179349030307	0.134826513679	0.17622491736	0.159313248544	0.152309724146	0.143741844471	0.137192195744	0.126753568364	0.129238751848	0.128584796178	0.150583187005	0.127845638665	0.124214490399
159268001-supragingivalplaque3.freeze11.snv.mod.fix.bam	0.158911525754	0.134655905333	0.127077509673	0.150663240479	0.139376976747	0.140057674766	0.140889423269	0.139986655396	0.0736056804183	0.0	0.130918414628	0.12605069418	0.133881130591	0.130284997224	0.134185628436	0.138674148543	0.133317730579	0.137232368775	0.137393374052	0.0838042295915	0.171483445132	0.142670902545	0.157354573975	0.133849584982	0.161507759332	0.13566962065	0.125761272211	0.141321511713	0.165085709802	0.136043934394	0.135518313225	0.134219045708	0.137229847465	0.135895376801	0.203803145342	0.172765360127	0.134367523487	0.147823590359	0.139429707021	0.137875098102	0.176757656791	0.18112127283	0.142010913011	0.0582250447897	0.0837039704114	0.187107602373	0.135023951567	0.149723101931	0.172279866178	0.139668839955	0.136710889404	0.181869333007	0.138202837567	0.174493958822	0.138530003634	0.152484851728	0.103899832843	0.132908343049	0.122497319529	0.134067813378	0.134169153927	0.151114812275	0.136928406712	0.119610544055
159551223-supragingivalplaque2.freeze11.snv.mod.fix.bam	0.156091620084	0.131451746519	0.123113556253	0.147109271052	0.142410460076	0.137384676666	0.137593736977	0.13577616508	0.128675327245	0.130918414628	0.0	0.13042082813	0.138118964279	0.12878779	0.134596426812	0.132873773467	0.128042776262	0.134801235976	0.135497260462	0.125981197917	0.168699125003	0.142436728906	0.148346999278	0.132798350094	0.154465037415	0.13099752498	0.123873199102	0.136736260632	0.159628950702	0.130702117248	0.130087946727	0.127908724029	0.132054105458	0.131499514963	0.200480274483	0.167262087311	0.132420344761	0.14677888365	0.136927435115	0.133253535836	0.174619666129	0.177652106589	0.144792152769	0.135659774074	0.121518723135	0.181615589628	0.130360118875	0.151750561624	0.169383542121	0.136790207707	0.134567295341	0.177710537629	0.134376418326	0.165045066153	0.155339886415	0.148236352262	0.131179364739	0.137814261139	0.126946686591	0.131579111763	0.131494627102	0.137453803393	0.131467808753	0.116378590541
159571453-supragingivalplaque2.freeze11.snv.mod.fix.bam	0.15424489013	0.13070109028	0.116529534404	0.147029227329	0.133281585584	0.13787554727	0.136321949191	0.136081595588	0.131859476034	0.12605069418	0.13042082813	0.0	0.128436785192	0.097490055654	0.104592542761	0.131374237302	0.128200729494	0.133179226284	0.133250528025	0.129548850349	0.170786836283	0.140039861483	0.1553599979	0.102759685848	0.156970771042	0.130278885317	0.119038134541	0.132461408436	0.16073697852	0.129787713918	0.130467570467	0.129698743865	0.132336692064	0.13060429427	0.200168030119	0.164193882323	0.10429902863	0.134078226158	0.117931967795	0.13522677319	0.17264684075	0.176161734152	0.136703722078	0.12663306174	0.121587781474	0.183210240961	0.130092318982	0.145896976037	0.170387669171	0.135987985753	0.13272071483	0.176411144659	0.133828500267	0.171441448315	0.156597587395	0.143670394343	0.132783213396	0.109336359218	0.0965256311891	0.129207268382	0.128978459531	0.146628564275	0.127774196594	0.115966237159
159632143-supragingivalplaque1.freeze11.snv.mod.fix.bam	0.164014215003	0.138795648999	0.131165698443	0.153239776548	0.0446469281804	0.144809361819	0.142168161074	0.146218638376	0.139087441052	0.133881130591	0.138118964279	0.128436785192	0.0	0.135810858395	0.139535373335	0.141683299449	0.13882021561	0.139816961444	0.139980119082	0.136835923977	0.176877816456	0.0991296884157	0.164581326322	0.138856992724	0.164667740741	0.13866570754	0.129595571535	0.142369385872	0.16974182875	0.140841876207	0.140713232671	0.136061817598	0.137442080472	0.140603309137	0.20502144985	0.174272963712	0.140014793756	0.151651576717	0.146962111804	0.122512193831	0.181054281393	0.184986182903	0.044596302637	0.128133427483	0.125015993618	0.187350910369	0.138578424318	0.145674928643	0.174585108938	0.141582352546	0.140096783395	0.187297591042	0.144903100867	0.180769047233	0.162029391585	0.160162567207	0.137062481534	0.03298550621	0.0718786157119	0.139682309242	0.139666779373	0.156820128649	0.13821332995	0.124522828983
159915365-supragingivalplaque1.freeze11.snv.mod.fix.bam	0.15706526774	0.128656563867	0.0961115674247	0.146474304828	0.142627329567	0.131462770963	0.132111553904	0.138982769989	0.123663932998	0.130284997224	0.12878779	0.097490055654	0.135810858395	0.0	0.0622487269024	0.126977691212	0.1229922851	0.127584567077	0.127862469307	0.123277763901	0.170436865917	0.146713920485	0.159848133778	0.0599313008517	0.156277083955	0.123455222205	0.121860306751	0.125716241812	0.160937757005	0.122238831742	0.123436135635	0.128306393568	0.12849937072	0.128773796487	0.202021418452	0.173124046952	0.0632267898253	0.131940762894	0.0937150883983	0.130937441323	0.174358664518	0.177005331646	0.144956389529	0.131483922894	0.123202013363	0.186958495302	0.126223991067	0.152530634395	0.172451782446	0.131826444716	0.12594988929	0.179383823585	0.133310594665	0.175932666213	0.158158695329	0.148182693159	0.142554406512	0.101515488185	0.0821104360465	0.123371720697	0.122612888228	0.147240004389	0.121568798469	0.118964214131
160400887-supragingivalplaque1.freeze11.snv.mod.fix.bam	0.158369200634	0.132310289642	0.106453452581	0.150853473634	0.146344102679	0.134249181553	0.135605592828	0.142053158227	0.127084971205	0.134185628436	0.134596426812	0.104592542761	0.139535373335	0.0622487269024	0.0	0.131980949889	0.126953311137	0.131334016385	0.131545690622	0.127009330045	0.174412865368	0.150213724474	0.162732418881	0.0128318453667	0.159983855549	0.130565663845	0.126914176377	0.130778659779	0.164382069491	0.126763508977	0.129152443994	0.132065770577	0.132038595107	0.134512436516	0.202431901665	0.175980698345	0.0157334529104	0.12308026729	0.0632859771618	0.134535756562	0.175206681048	0.178207683326	0.14851984971	0.135660588678	0.128132187611	0.18770702399	0.132669337947	0.155213838539	0.173923521086	0.134979641815	0.130375729608	0.179850053943	0.13718116459	0.179282761325	0.162079833948	0.152721060027	0.146064110295	0.117514255473	0.102631407159	0.128489256866	0.127934716528	0.153428894209	0.126023113098	0.12397376103
160421117-supragingivalplaque1.freeze11.snv.mod.fix.bam	0.151335033478	0.127907543798	0.123880212305	0.148100584395	0.146638979603	0.139011412349	0.135681890517	0.138514940507	0.132649244971	0.138674148543	0.132873773467	0.131374237302	0.141683299449	0.126977691212	0.131980949889	0.0	0.0857243507327	0.135368794536	0.135549218788	0.131918410706	0.16727943482	0.147463461459	0.155045752177	0.130490541532	0.144373014671	0.131624743174	0.0696310428408	0.0264331317302	0.163332137589	0.0503571510363	0.0556697881374	0.130310719183	0.13301510772	0.133853847794	0.20170540854	0.159533142924	0.130371922813	0.149477291376	0.137244643883	0.136577155499	0.168592905646	0.170754738104	0.143920246395	0.14033059863	0.130502935472	0.185949028581	0.131624916724	0.152525754812	0.171963736418	0.134905473493	0.132966441706	0.175117765797	0.138495396562	0.176823212599	0.160627397525	0.113714302197	0.141913922199	0.139885607259	0.128382597458	0.11075495804	0.112100867978	0.150804852326	0.0274439821506	0.10894906359
160421117-supragingivalplaque2.freeze11.snv.mod.fix.bam	0.156761325401	0.132043541583	0.119926972692	0.145899388984	0.143753204985	0.134547458777	0.134625225347	0.138670139516	0.125959026539	0.133317730579	0.128042776262	0.128200729494	0.13882021561	0.1229922851	0.126953311137	0.0857243507327	0.0	0.133079964498	0.13311606804	0.125843845359	0.17207363362	0.148324005115	0.160328261336	0.126490494448	0.143600327107	0.128556643506	0.0931283267165	0.0826125030806	0.164547655595	0.0814158881999	0.0851763752048	0.128383414686	0.130287334254	0.133589870181	0.202380388629	0.174412150943	0.126590648125	0.148365209866	0.136263128937	0.132934062418	0.175480420722	0.177912506824	0.145621553608	0.137654058961	0.127063019385	0.186726425207	0.129899430187	0.15263642136	0.173310547089	0.133992951741	0.128750309061	0.181510518598	0.135180523841	0.177780867067	0.159136839999	0.12634256415	0.14228362895	0.135959292104	0.124638487487	0.106548102322	0.105685298702	0.151463849783	0.0773804988414	0.10311065994
160502038-supragingivalplaque2.freeze11.snv.mod.fix.bam	0.134987752195	0.0328744664602	0.124010339724	0.153620388828	0.145611235416	0.136638924711	0.13718987585	0.14463484142	0.130120836142	0.137232368775	0.134801235976	0.133179226284	0.139816961444	0.127584567077	0.131334016385	0.135368794536	0.133079964498	0.0	0.00303798120095	0.12998146303	0.17719455416	0.153000709533	0.166494280502	0.130450288304	0.165069078455	0.13261780711	0.129408763068	0.134575146319	0.1675454356	0.130308392172	0.131756608362	0.133520850391	0.133628278011	0.0433407036355	0.205801759697	0.179119876335	0.131517914848	0.156520042197	0.14376681204	0.13374662646	0.179340778379	0.18233108413	0.133081169556	0.137945651559	0.129851947426	0.192138688688	0.134957088927	0.157834628484	0.177151169379	0.137633532585	0.132082716609	0.185916457439	0.138325672989	0.180261811878	0.164263214835	0.15615913451	0.147706803212	0.139620871499	0.129617051492	0.131834043176	0.131008123651	0.141490018677	0.131062443558	0.1263380959
160502038-supragingivalplaque3.freeze11.snv.mod.fix.bam	0.135164058715	0.0335949613611	0.12412406338	0.153760251558	0.146340456829	0.136852541565	0.137020922415	0.144814556903	0.130198359683	0.137393374052	0.135497260462	0.133250528025	0.139980119082	0.127862469307	0.131545690622	0.135549218788	0.13311606804	0.00303798120095	0.0	0.130313499424	0.177271186577	0.153189616307	0.166643083032	0.130677551011	0.165341763108	0.132940810372	0.12969128164	0.134603996033	0.167911311007	0.130318840055	0.131789209081	0.133610670467	0.133531686672	0.0437139675296	0.20592205055	0.179265284344	0.131769759966	0.156644510297	0.143859909747	0.133884503796	0.179230635162	0.182266975273	0.133252680328	0.138181412841	0.130362845187	0.192265696688	0.13526465831	0.158291128318	0.177436665752	0.137740438395	0.13238931326	0.185969818132	0.138687801354	0.180716870164	0.164190255576	0.156457632853	0.148231771365	0.139834621709	0.129814558135	0.131915475178	0.131052940536	0.141296611516	0.131114261158	0.126433640135
160542498-supragingivalplaque1.freeze11.snv.mod.fix.bam	0.15439903155	0.129502455045	0.12084877826	0.148607962658	0.141460594721	0.132269107515	0.136539695824	0.139290060834	0.0228545390101	0.0838042295915	0.125981197917	0.129548850349	0.136835923977	0.123277763901	0.127009330045	0.131918410706	0.125843845359	0.12998146303	0.130313499424	0.0	0.167503830644	0.143442459267	0.15617298083	0.126738002606	0.15760177936	0.129313331113	0.126333617207	0.133258421348	0.15994238486	0.128059402266	0.126364802455	0.129021529683	0.13015762064	0.131306142852	0.200577448313	0.171361377886	0.127811545745	0.148302317111	0.133903722471	0.132134602534	0.170628127197	0.174974891044	0.144878744783	0.134064901233	0.124265352293	0.184559044788	0.130257909963	0.151536833735	0.171025401762	0.135135895244	0.131020002467	0.177822578328	0.133323778505	0.172525367049	0.157406395508	0.151151189119	0.139961677639	0.135412781317	0.124677306539	0.127932802144	0.128023711372	0.147342347282	0.128374306375	0.120534844518
160603188-supragingivalplaque2.freeze11.snv.mod.fix.bam	0.129349146846	0.163077127415	0.167575850643	0.167808720628	0.171885194591	0.17808428818	0.175321011296	0.169218690143	0.169865507013	0.171483445132	0.168699125003	0.170786836283	0.176877816456	0.170436865917	0.174412865368	0.16727943482	0.17207363362	0.17719455416	0.177271186577	0.167503830644	0.0	0.159627463824	0.129988191735	0.172363222525	0.17261042965	0.172378064971	0.168486229311	0.176511211954	0.162105823137	0.174942928453	0.172986628735	0.16934952832	0.172534470371	0.175310262839	0.196060201455	0.156492422577	0.172072732026	0.171704764415	0.168242370362	0.173800183017	0.123721544443	0.125617191025	0.164526925473	0.173633044175	0.165882623569	0.185520825434	0.168217769129	0.178398384902	0.179192564786	0.173432831601	0.172704417217	0.134303814578	0.174691342652	0.179511013289	0.168895446569	0.179718410066	0.16417685797	0.178769775527	0.167792110703	0.166376026255	0.172932466154	0.16861676206	0.172450657503	0.163277236628
160643649-supragingivalplaque1.freeze11.snv.mod.fix.bam	0.151001211423	0.145215383661	0.143471348399	0.153598547097	0.103818972358	0.155915010904	0.154794960219	0.14756990289	0.147781778334	0.142670902545	0.142436728906	0.140039861483	0.0991296884157	0.146713920485	0.150213724474	0.147463461459	0.148324005115	0.153000709533	0.153189616307	0.143442459267	0.159627463824	0.0	0.147609298807	0.149464453456	0.162542801666	0.152145768537	0.137299430962	0.153734605043	0.0781777591007	0.150909138671	0.15006459731	0.145718930248	0.150195765217	0.148848774838	0.196947504447	0.163300714805	0.149570399746	0.148088406147	0.146237417358	0.15253281103	0.164126275553	0.167284549884	0.107312772389	0.144329097213	0.136780671201	0.179514003919	0.147105190524	0.156077461177	0.170768687092	0.152556819264	0.151487887931	0.168550913248	0.149723083647	0.173868999326	0.154889541677	0.163202445399	0.137399299658	0.107915650642	0.112466273908	0.14986309584	0.15121297327	0.155378530608	0.148984081401	0.130839012138
338793263-supragingivalplaque2.freeze11.snv.mod.fix.bam	0.102987007487	0.146846225703	0.157248270009	0.156911515114	0.161754058905	0.167501741762	0.165164943904	0.153377858386	0.157366286717	0.157354573975	0.148346999278	0.1553599979	0.164581326322	0.159848133778	0.162732418881	0.155045752177	0.160328261336	0.166494280502	0.166643083032	0.15617298083	0.129988191735	0.147609298807	0.0	0.160644735421	0.160187708521	0.16364023318	0.154129788649	0.165307611651	0.154129769692	0.162019017774	0.162018478394	0.152624825	0.159533223648	0.1546423354	0.186913495314	0.130829952405	0.160118518963	0.156642738731	0.153406448385	0.163882249474	0.0945832263077	0.0994908031335	0.141987757183	0.161544055851	0.153856783536	0.171281826241	0.156977677159	0.165606569409	0.167345282325	0.162879391769	0.162773763526	0.108685288882	0.14788085019	0.162914468465	0.155557914407	0.148842427028	0.145335110435	0.164570498574	0.153024204628	0.157667354199	0.160652705962	0.15107117283	0.160531098517	0.14837541804
370027359-supragingivalplaque2.freeze11.snv.mod.fix.bam	0.156098845688	0.130756348787	0.10488660639	0.149971704173	0.145844327371	0.133739170595	0.13446339754	0.140888897269	0.126948812846	0.133849584982	0.132798350094	0.102759685848	0.138856992724	0.0599313008517	0.0128318453667	0.130490541532	0.126490494448	0.130450288304	0.130677551011	0.126738002606	0.172363222525	0.149464453456	0.160644735421	0.0	0.159691723212	0.129348721185	0.125549760631	0.129257476061	0.16391469844	0.125975709575	0.128174767101	0.130790965166	0.131134567991	0.133044568877	0.20367908522	0.174489471057	0.011605497145	0.121186815945	0.0595710836682	0.133483818481	0.172947126719	0.175923216644	0.147497329915	0.135577600429	0.127397066081	0.187895529189	0.131458306018	0.154363144591	0.173843770528	0.134175097845	0.130130261465	0.178323445441	0.13596683053	0.177736088419	0.161724908662	0.150578776825	0.145270117532	0.115489802253	0.100004907442	0.127486635473	0.126996803523	0.152293148579	0.124797410858	0.123199083022
370425937-supragingivalplaque2.freeze11.snv.mod.fix.bam	0.15986446899	0.158433595682	0.152350862319	0.151594880944	0.163573254649	0.165118878726	0.166020361723	0.159853556478	0.158248755204	0.161507759332	0.154465037415	0.156970771042	0.164667740741	0.156277083955	0.159983855549	0.144373014671	0.143600327107	0.165069078455	0.165341763108	0.15760177936	0.17261042965	0.162542801666	0.160187708521	0.159691723212	0.0	0.161333226026	0.145187465086	0.149003030913	0.171449276805	0.145874528562	0.145440200217	0.157799955598	0.163231222114	0.163292256194	0.18864125323	0.171457577153	0.15631359755	0.114313752047	0.121517407022	0.164371368165	0.17362354307	0.175470821608	0.166295650882	0.163053068519	0.155628481832	0.176319785761	0.157376232522	0.163749439714	0.165388783573	0.164907733088	0.160615575484	0.177163643905	0.161227585209	0.173958095907	0.166414128403	0.155484449739	0.15458157441	0.166521511845	0.154920146265	0.151720436543	0.152437724086	0.158586695929	0.144165904219	0.122591400656
404239096-supragingivalplaque1.freeze11.snv.mod.fix.bam	0.159440508049	0.132931296684	0.120716898701	0.151823504554	0.146138745982	0.135696922924	0.13148847746	0.139790126496	0.130468754291	0.13566962065	0.13099752498	0.130278885317	0.13866570754	0.123455222205	0.130565663845	0.131624743174	0.128556643506	0.13261780711	0.132940810372	0.129313331113	0.172378064971	0.152145768537	0.16364023318	0.129348721185	0.161333226026	0.0	0.126893068079	0.130484546585	0.166609948697	0.126920660182	0.128613508269	0.129418342297	0.12946250521	0.133484349491	0.206455203503	0.178301373159	0.130637412477	0.154246998836	0.141634127341	0.130578087154	0.175025166296	0.178556689632	0.149517639551	0.136123868949	0.126795973984	0.189611088765	0.0279664386312	0.156634541846	0.176901045028	0.131716207493	0.127586770513	0.181709401107	0.1377756593	0.177573066831	0.160749904937	0.152613580879	0.146251767343	0.137217314765	0.12671435749	0.129731612721	0.128806889999	0.152769503844	0.126394276795	0.12295067081
517810313-supragingivalplaque2.freeze11.snv.mod.fix.bam	0.153299336816	0.127446450699	0.117704053665	0.144317800309	0.133671931405	0.134447303842	0.129998615918	0.129534392608	0.127691352531	0.125761272211	0.123873199102	0.119038134541	0.129595571535	0.121860306751	0.126914176377	0.0696310428408	0.0931283267165	0.129408763068	0.12969128164	0.126333617207	0.168486229311	0.137299430962	0.154129788649	0.125549760631	0.145187465086	0.126893068079	0.0	0.0658443066686	0.160283794606	0.0632780473826	0.0663668354216	0.124933794612	0.127908264933	0.12701799848	0.201280385884	0.167414298655	0.12639300892	0.142860013503	0.13300657439	0.12990961223	0.172689244549	0.175622808128	0.137573424557	0.128446668726	0.11737468133	0.182210845308	0.127565342098	0.145116323892	0.168985789336	0.129868505903	0.127453600451	0.177363265891	0.130807292898	0.169687582908	0.153602107187	0.110251261641	0.13050283031	0.128394562372	0.115033904565	0.113781128356	0.113583152487	0.146263777325	0.0623258720257	0.088739761297
550534656-supragingivalplaque3.freeze11.snv.mod.fix.bam	0.161841340649	0.135378159365	0.123339539202	0.152953630623	0.147902533434	0.138983414369	0.133531534128	0.142161920258	0.132508904056	0.141321511713	0.136736260632	0.132461408436	0.142369385872	0.125716241812	0.130778659779	0.0264331317302	0.0826125030806	0.134575146319	0.134603996033	0.133258421348	0.176511211954	0.153734605043	0.165307611651	0.129257476061	0.149003030913	0.130484546585	0.0658443066686	0.0	0.16837812857	0.0371779935967	0.0446042606829	0.133329721853	0.132601447689	0.135358301612	0.206554825019	0.178631313031	0.130520836225	0.156192726619	0.143815798305	0.136730161041	0.178469635676	0.18018359058	0.151101241069	0.142424545692	0.133149024004	0.191684754567	0.134106051034	0.157787320941	0.178706216715	0.134096912672	0.132376852062	0.184642768615	0.140525050177	0.181159049025	0.166158359434	0.11218455656	0.150505533615	0.139566218604	0.12908534857	0.113555688596	0.112343233583	0.154232671371	0.00960996142699	0.112229472147
604812005-supragingivalplaque3.freeze11.snv.mod.fix.bam	0.156432212689	0.160862117537	0.158520038422	0.164459881905	0.169459197412	0.170186474203	0.168133557445	0.162715598558	0.162163730958	0.165085709802	0.159628950702	0.16073697852	0.16974182875	0.160937757005	0.164382069491	0.163332137589	0.164547655595	0.1675454356	0.167911311007	0.15994238486	0.162105823137	0.0781777591007	0.154129769692	0.16391469844	0.171449276805	0.166609948697	0.160283794606	0.16837812857	0.0	0.16519794352	0.164052633421	0.160269016352	0.165203305675	0.16451275851	0.194865508118	0.169284993677	0.164192707964	0.171432305469	0.164041390422	0.167149058784	0.160583398759	0.162280063645	0.168079294672	0.167102973012	0.159517424515	0.184729095631	0.163769252998	0.175846459007	0.18089017674	0.165076924793	0.165569272193	0.160266267014	0.164957102782	0.177262863791	0.166334963068	0.172527500857	0.164543198066	0.170207120207	0.160526850785	0.163259870097	0.164708779826	0.163127534138	0.164339958342	0.157457397936
638754422-supragingivalplaque2.freeze11.snv.mod.fix.bam	0.158122651471	0.131322574402	0.11798397089	0.148585919805	0.145784347518	0.136446287593	0.132391297534	0.139775578071	0.127896942845	0.136043934394	0.130702117248	0.129787713918	0.140841876207	0.122238831742	0.126763508977	0.0503571510363	0.0814158881999	0.130308392172	0.130318840055	0.128059402266	0.174942928453	0.150909138671	0.162019017774	0.125975709575	0.145874528562	0.126920660182	0.0632780473826	0.0371779935967	0.16519794352	0.0	0.0203402862814	0.129589250095	0.12981867091	0.131202843053	0.203440255137	0.175629362647	0.126920381627	0.152071246766	0.13906039842	0.133078657177	0.174364471102	0.177221194191	0.148629901766	0.139019686582	0.129273881985	0.189136615647	0.130578879379	0.155387307547	0.175677740372	0.131899415528	0.127947253611	0.181644637524	0.138029366014	0.178785876566	0.162328909715	0.0997019310188	0.146452623781	0.137780799101	0.126810796977	0.109620179401	0.108159593203	0.150379921167	0.035029397016	0.108788931885
650853796-supragingivalplaque1.freeze11.snv.mod.fix.bam	0.157927779051	0.132110162383	0.119321933486	0.148686479482	0.143676599549	0.136910438372	0.132988236425	0.13965181844	0.127791320527	0.135518313225	0.130087946727	0.130467570467	0.140713232671	0.123436135635	0.129152443994	0.0556697881374	0.0851763752048	0.131756608362	0.131789209081	0.126364802455	0.172986628735	0.15006459731	0.162018478394	0.128174767101	0.145440200217	0.128613508269	0.0663668354216	0.0446042606829	0.164052633421	0.0203402862814	0.0	0.129994926533	0.130695001306	0.132404940464	0.204800113223	0.174874748308	0.12958729259	0.152097257294	0.139131780901	0.134341481507	0.175184012069	0.177505552365	0.148071530171	0.139438946752	0.126979114215	0.189714778746	0.13201495271	0.154476050575	0.175519679283	0.132363752391	0.127451234492	0.182166609006	0.138140389304	0.178937108989	0.16134338471	0.100335671369	0.144862358527	0.138110672006	0.127170422804	0.11062311023	0.109505147678	0.15050181446	0.0420071973678	0.108126699745
675950834-supragingivalplaque2.freeze11.snv.mod.fix.bam	0.154810314578	0.130424192881	0.122643381403	0.147459644581	0.143379786904	0.136700455834	0.0626250976213	0.0812149033108	0.131504121961	0.134219045708	0.127908724029	0.129698743865	0.136061817598	0.128306393568	0.132065770577	0.130310719183	0.128383414686	0.133520850391	0.133610670467	0.129021529683	0.16934952832	0.145718930248	0.152624825	0.130790965166	0.157799955598	0.129418342297	0.124933794612	0.133329721853	0.160269016352	0.129589250095	0.129994926533	0.0	0.0208902114119	0.129842366311	0.199306816264	0.170077622989	0.131093991612	0.147730854338	0.137565571456	0.130006683019	0.172206215626	0.175174894645	0.143798280919	0.135765715844	0.125174272259	0.182760608193	0.128485416998	0.154013126959	0.170741274168	0.0629588494215	0.13268103827	0.175099786716	0.132509862785	0.170915807805	0.15663588936	0.14805868556	0.138831756166	0.136955689688	0.126230348575	0.129277803177	0.129531282375	0.14650989267	0.128324395074	0.119999801683
675950834-supragingivalplaque3.freeze11.snv.mod.fix.bam	0.158998351613	0.133733409706	0.1232557583	0.15213358491	0.146007790304	0.137037271044	0.0511767719256	0.080565993444	0.132232317858	0.137229847465	0.132054105458	0.132336692064	0.137442080472	0.12849937072	0.132038595107	0.13301510772	0.130287334254	0.133628278011	0.133531686672	0.13015762064	0.172534470371	0.150195765217	0.159533223648	0.131134567991	0.163231222114	0.12946250521	0.127908264933	0.132601447689	0.165203305675	0.12981867091	0.130695001306	0.0208902114119	0.0	0.13269820849	0.202456348073	0.175344064245	0.131929693404	0.153246710319	0.142710469044	0.129911918856	0.175511814584	0.177905635577	0.147351515639	0.137806803043	0.128284918541	0.187485409274	0.131182509479	0.157768587581	0.175663056946	0.0520019696399	0.133396990632	0.180878212302	0.136845751573	0.176080444678	0.161438918904	0.153058718782	0.145278083049	0.138276840343	0.12911901828	0.131193462684	0.130662216916	0.149530716725	0.128279248201	0.124283031714
706846339-supragingivalplaque2.freeze11.snv.mod.fix.bam	0.139195992254	0.0546561009946	0.124969295847	0.151736329406	0.14666594956	0.139068427945	0.138534761751	0.13972894233	0.132359075825	0.135895376801	0.131499514963	0.13060429427	0.140603309137	0.128773796487	0.134512436516	0.133853847794	0.133589870181	0.0433407036355	0.0437139675296	0.131306142852	0.175310262839	0.148848774838	0.1546423354	0.133044568877	0.163292256194	0.133484349491	0.12701799848	0.135358301612	0.16451275851	0.131202843053	0.132404940464	0.129842366311	0.13269820849	0.0	0.205519801523	0.162924082379	0.13345636178	0.152749292075	0.141462609724	0.135286645372	0.178369590146	0.181047164519	0.134267507279	0.138500677355	0.128520551578	0.185619486556	0.132452280268	0.155944397447	0.174765749188	0.139250638779	0.134196031961	0.18354148786	0.132113011626	0.176667093136	0.161306648996	0.143756790354	0.144535077599	0.140009503763	0.129105227201	0.130700020715	0.130762346343	0.14110391701	0.131204572565	0.123160731656
763395383-supragingivalplaque3.freeze11.snv.mod.fix.bam	0.19116697974	0.20014226863	0.198346496461	0.181831761171	0.196651294256	0.205139324485	0.205854852364	0.198853038617	0.20208032933	0.203803145342	0.200480274483	0.200168030119	0.20502144985	0.202021418452	0.202431901665	0.20170540854	0.202380388629	0.205801759697	0.20592205055	0.200577448313	0.196060201455	0.196947504447	0.186913495314	0.20367908522	0.18864125323	0.206455203503	0.201280385884	0.206554825019	0.194865508118	0.203440255137	0.204800113223	0.199306816264	0.202456348073	0.205519801523	0.0	0.197742169761	0.20225873385	0.197842441335	0.196978770004	0.205660102136	0.189761126866	0.189856653296	0.204185623506	0.200692870746	0.198245850731	0.0507187104981	0.188321561663	0.158909286571	0.0796584723911	0.203017599518	0.203619242265	0.192974735469	0.201766346304	0.188753303335	0.185789914946	0.205355628608	0.155560771754	0.207956427253	0.199076293067	0.201046422637	0.201592491404	0.181553627807	0.202597172803	0.19641460588
763435843-supragingivalplaque2.freeze11.snv.mod.fix.bam	0.154222778528	0.167259607289	0.169738970952	0.169073897788	0.170960493448	0.179880394976	0.180606912469	0.167600889272	0.173870945583	0.172765360127	0.167262087311	0.164193882323	0.174272963712	0.173124046952	0.175980698345	0.159533142924	0.174412150943	0.179119876335	0.179265284344	0.171361377886	0.156492422577	0.163300714805	0.130829952405	0.174489471057	0.171457577153	0.178301373159	0.167414298655	0.178631313031	0.169284993677	0.175629362647	0.174874748308	0.170077622989	0.175344064245	0.162924082379	0.197742169761	0.0	0.173985381122	0.171240522354	0.167892699622	0.177869393788	0.155698036343	0.158592637591	0.164881179881	0.172472691379	0.168217990585	0.175599819915	0.170892885142	0.177170669296	0.180969895749	0.178039058934	0.176069296984	0.160505321411	0.162889217312	0.169273792936	0.169139090189	0.146587368171	0.163258384888	0.175300642431	0.16572091517	0.171266246466	0.173231782778	0.161684486013	0.174696768099	0.162741892521
