	147406386-subgingivalplaque2.freeze11.snv.mod.fix.bam	158114885-supragingivalplaque2.freeze11.snv.mod.fix.bam	158337416-supragingivalplaque1.freeze11.snv.mod.fix.bam	158458797-supragingivalplaque1.freeze11.snv.mod.fix.bam	158479027-supragingivalplaque1.freeze11.snv.mod.fix.bam	158479027-supragingivalplaque2.freeze11.snv.mod.fix.bam	158479027-tonguedorsum1.freeze11.snv.mod.fix.bam	158742018-supragingivalplaque1.freeze11.snv.mod.fix.bam	158883629-supragingivalplaque2.freeze11.snv.mod.fix.bam	158883629-supragingivalplaque3.freeze11.snv.mod.fix.bam	159005010-supragingivalplaque2.freeze11.snv.mod.fix.bam	159247771-supragingivalplaque2.freeze11.snv.mod.fix.bam	159268001-supragingivalplaque1.freeze11.snv.mod.fix.bam	159268001-supragingivalplaque2.freeze11.snv.mod.fix.bam	159268001-supragingivalplaque3.freeze11.snv.mod.fix.bam	159369152-supragingivalplaque1.freeze11.snv.mod.fix.bam	159369152-supragingivalplaque2.freeze11.snv.mod.fix.bam	159470302-tonguedorsum1.freeze11.snv.mod.fix.bam	159490532-tonguedorsum1.freeze11.snv.mod.fix.bam	159510762-supragingivalplaque2.freeze11.snv.mod.fix.bam	159510762-tonguedorsum3.freeze11.snv.mod.fix.bam	159551223-supragingivalplaque1.freeze11.snv.mod.fix.bam	159551223-supragingivalplaque2.freeze11.snv.mod.fix.bam	159591683-supragingivalplaque1.freeze11.snv.mod.fix.bam	159591683-supragingivalplaque2.freeze11.snv.mod.fix.bam	159611913-supragingivalplaque2.freeze11.snv.mod.fix.bam	159713063-supragingivalplaque2.freeze11.snv.mod.fix.bam	159814214-supragingivalplaque1.freeze11.snv.mod.fix.bam	159814214-supragingivalplaque2.freeze11.snv.mod.fix.bam	159915365-supragingivalplaque1.freeze11.snv.mod.fix.bam	160158126-supragingivalplaque1.freeze11.snv.mod.fix.bam	160158126-supragingivalplaque2.freeze11.snv.mod.fix.bam	160158126-tonguedorsum2.freeze11.snv.mod.fix.bam	160178356-supragingivalplaque1.freeze11.snv.mod.fix.bam	160178356-supragingivalplaque2.freeze11.snv.mod.fix.bam	160218816-tonguedorsum1.freeze11.snv.mod.fix.bam	160319967-supragingivalplaque1.freeze11.snv.mod.fix.bam	160319967-supragingivalplaque2.freeze11.snv.mod.fix.bam	160319967-supragingivalplaque3.freeze11.snv.mod.fix.bam	160400887-supragingivalplaque1.freeze11.snv.mod.fix.bam	160421117-supragingivalplaque1.freeze11.snv.mod.fix.bam	160502038-supragingivalplaque2.freeze11.snv.mod.fix.bam	160502038-supragingivalplaque3.freeze11.snv.mod.fix.bam	160582958-supragingivalplaque3.freeze11.snv.mod.fix.bam	160603188-supragingivalplaque2.freeze11.snv.mod.fix.bam	160603188-supragingivalplaque3.freeze11.snv.mod.fix.bam	160643649-supragingivalplaque1.freeze11.snv.mod.fix.bam	160947100-tonguedorsum1.freeze11.snv.mod.fix.bam	246515023-supragingivalplaque2.freeze11.snv.mod.fix.bam	370425937-supragingivalplaque1.freeze11.snv.mod.fix.bam	370425937-supragingivalplaque2.freeze11.snv.mod.fix.bam	404239096-supragingivalplaque1.freeze11.snv.mod.fix.bam	533247696-supragingivalplaque1.freeze11.snv.mod.fix.bam	550534656-supragingivalplaque3.freeze11.snv.mod.fix.bam	638754422-supragingivalplaque2.freeze11.snv.mod.fix.bam	650853796-supragingivalplaque1.freeze11.snv.mod.fix.bam	675950834-supragingivalplaque2.freeze11.snv.mod.fix.bam	675950834-supragingivalplaque3.freeze11.snv.mod.fix.bam	686765762-supragingivalplaque3.freeze11.snv.mod.fix.bam	706846339-supragingivalplaque2.freeze11.snv.mod.fix.bam	763395383-supragingivalplaque3.freeze11.snv.mod.fix.bam	763435843-supragingivalplaque2.freeze11.snv.mod.fix.bam	763435843-tonguedorsum2.freeze11.snv.mod.fix.bam	763496533-supragingivalplaque2.freeze11.snv.mod.fix.bam	763496533-throat2.freeze11.snv.mod.fix.bam	763719065-subgingivalplaque3.freeze11.snv.mod.fix.bam	763719065-supragingivalplaque3.freeze11.snv.mod.fix.bam	763759525-supragingivalplaque1.freeze11.snv.mod.fix.bam	763820215-supragingivalplaque2.freeze11.snv.mod.fix.bam	763840445-supragingivalplaque2.freeze11.snv.mod.fix.bam	763860675-supragingivalplaque2.freeze11.snv.mod.fix.bam	763901136-supragingivalplaque1.freeze11.snv.mod.fix.bam	763901136-supragingivalplaque3.freeze11.snv.mod.fix.bam	763961826-supragingivalplaque1.freeze11.snv.mod.fix.bam	763961826-supragingivalplaque2.freeze11.snv.mod.fix.bam	764083206-supragingivalplaque1.freeze11.snv.mod.fix.bam	764083206-tonguedorsum2.freeze11.snv.mod.fix.bam	764143897-supragingivalplaque2.freeze11.snv.mod.fix.bam	764285508-supragingivalplaque1.freeze11.snv.mod.fix.bam	764285508-supragingivalplaque2.freeze11.snv.mod.fix.bam	764305738-supragingivalplaque1.freeze11.snv.mod.fix.bam	764325968-supragingivalplaque2.freeze11.snv.mod.fix.bam	764366428-subgingivalplaque3.freeze11.snv.mod.fix.bam	764366428-supragingivalplaque2.freeze11.snv.mod.fix.bam	764447348-supragingivalplaque1.freeze11.snv.mod.fix.bam	764508039-supragingivalplaque3.freeze11.snv.mod.fix.bam	764508039-tonguedorsum3.freeze11.snv.mod.fix.bam	764588959-supragingivalplaque1.freeze11.snv.mod.fix.bam	764811490-supragingivalplaque1.freeze11.snv.mod.fix.bam	765013792-supragingivalplaque1.freeze11.snv.mod.fix.bam	765013792-supragingivalplaque3.freeze11.snv.mod.fix.bam	765034022-supragingivalplaque1.freeze11.snv.mod.fix.bam	765094712-supragingivalplaque1.freeze11.snv.mod.fix.bam	765094712-supragingivalplaque2.freeze11.snv.mod.fix.bam	765620695-supragingivalplaque1.freeze11.snv.mod.fix.bam	765701615-supragingivalplaque2.freeze11.snv.mod.fix.bam	765701615-tonguedorsum2.freeze11.snv.mod.fix.bam	809635352-supragingivalplaque1.freeze11.snv.mod.fix.bam	823052294-supragingivalplaque2.freeze11.snv.mod.fix.bam	937495960-supragingivalplaque1.freeze11.snv.mod.fix.bam
147406386-subgingivalplaque2.freeze11.snv.mod.fix.bam	0.0	0.186930119181	0.192904144583	0.146821663234	0.193308734865	0.194006193814	0.20030929737	0.157148855824	0.163343712411	0.164211874346	0.158549500398	0.18719122556	0.168592194976	0.167764474293	0.16433242197	0.180337471121	0.180554466683	0.182172176739	0.207301611665	0.155705548908	0.154998588923	0.172663230062	0.164904648293	0.181256533474	0.174513242447	0.183661182778	0.173911195658	0.171434243511	0.172464856183	0.166144490533	0.165746254457	0.166978511533	0.19182356362	0.185595248205	0.174300912771	0.195784083419	0.167443651607	0.165012321297	0.16240965084	0.169650630224	0.181940020332	0.158367100297	0.163346734873	0.182479057041	0.173813818588	0.164952349414	0.164428397231	0.209253164061	0.16539831316	0.152493038795	0.166885668567	0.166726979749	0.164351314003	0.157282966637	0.167882006216	0.181686779048	0.169507421026	0.178194927001	0.183419878279	0.159260400159	0.187457024273	0.165439748451	0.187561060125	0.0389121030002	0.196673627987	0.159757888528	0.158580776669	0.162785146571	0.174206110224	0.171049766549	0.164646059201	0.186043382481	0.172648584534	0.188625493877	0.171770123333	0.170215131738	0.194840574998	0.166400268033	0.152438149673	0.153794064679	0.165607020781	0.177509317767	0.177040096686	0.197229139283	0.154163300493	0.173558544226	0.185311344547	0.184036689864	0.18324862231	0.156340334797	0.154858318622	0.166266989978	0.18368060755	0.165371274786	0.181895063067	0.182431631648	0.181839701365	0.182770347398	0.174532986989	0.160178308223
158114885-supragingivalplaque2.freeze11.snv.mod.fix.bam	0.186930119181	0.0	0.14317999768	0.182570854578	0.142420106605	0.143221728152	0.19672913842	0.161235713443	0.190930309118	0.198345255786	0.171243009011	0.138187387581	0.192289118545	0.191383401107	0.187511484679	0.138459657926	0.138880194801	0.197925546521	0.199084937024	0.17477231932	0.172495646645	0.157860018893	0.164021119974	0.160298259465	0.157741535326	0.137644226288	0.13964416402	0.157661113276	0.156057183273	0.15637453473	0.173953289013	0.171093748501	0.183760061338	0.15362326897	0.152395284624	0.185462088166	0.152492816344	0.161604574955	0.156484588612	0.149105621119	0.145947916046	0.175712707157	0.185364598449	0.161075330219	0.153368644024	0.169365799624	0.185374516918	0.205573276583	0.146269627964	0.179780234178	0.138676360186	0.165706133239	0.176353324193	0.183739071998	0.18843601383	0.137266342488	0.13968212797	0.137861895857	0.124622986207	0.189962889633	0.154684840698	0.169139906502	0.203224162919	0.183681289888	0.188487975105	0.158951303563	0.162538674713	0.152479067015	0.149203543949	0.146232823051	0.163981488691	0.13263862646	0.141374317652	0.173129111355	0.172010176241	0.151945537817	0.191087828027	0.149013662097	0.170201364749	0.167079690545	0.187077433363	0.140108840274	0.149374738843	0.157679251113	0.184416917264	0.140367319852	0.194382440011	0.136577212924	0.123777030408	0.164467838605	0.157256532544	0.189566773974	0.13308864811	0.150902894307	0.144591606599	0.141970852869	0.171852249589	0.135574422839	0.134861672153	0.183563326622
158337416-supragingivalplaque1.freeze11.snv.mod.fix.bam	0.192904144583	0.14317999768	0.0	0.189850402075	0.131038347003	0.131569441539	0.202099858814	0.169633905828	0.195558114391	0.203590126699	0.177084758495	0.120300819397	0.195390784424	0.193692313174	0.191675932472	0.124686825352	0.127059974366	0.204318570442	0.20704058747	0.177496219191	0.176167098919	0.16753143054	0.17256257649	0.167710745674	0.164988317612	0.125626592173	0.141662456314	0.166450294498	0.164416129164	0.166227981096	0.17720631613	0.176634472167	0.192441141217	0.145631099942	0.150177240779	0.19484951159	0.157006209854	0.169356004033	0.165018186087	0.161016369516	0.146921646442	0.178901036482	0.185872010556	0.167634463384	0.161279441864	0.179115628648	0.188017382062	0.212253621307	0.159780525502	0.187878088717	0.146157425412	0.174211967672	0.18328934116	0.186177775658	0.190612599195	0.116800971342	0.144182824033	0.137857034543	0.14400655452	0.193746055527	0.162238878071	0.177159231888	0.206301575905	0.186058429072	0.196937408418	0.166947397627	0.169970087447	0.158523757298	0.149566959542	0.142401149994	0.170712864362	0.144326127457	0.15004823481	0.182456031775	0.181562544335	0.159227150929	0.197499156482	0.160294052478	0.181516605465	0.174480333085	0.190112286772	0.142958832528	0.158470419242	0.165122926187	0.189988164129	0.111068860641	0.200404071077	0.124922116724	0.133847449907	0.172522933074	0.16807256823	0.193400575232	0.125610223186	0.14962249084	0.150202852494	0.143554060722	0.179266201905	0.128171231404	0.131055503925	0.186432913581
158458797-supragingivalplaque1.freeze11.snv.mod.fix.bam	0.146821663234	0.182570854578	0.189850402075	0.0	0.18700864756	0.187558618867	0.194439226305	0.152982172861	0.163219702735	0.164348929332	0.153368661274	0.185147570958	0.166383635248	0.165065226861	0.160969939854	0.175942344841	0.176015847681	0.176905573822	0.201021247406	0.153167614866	0.151371934367	0.167104215546	0.160616704748	0.177480688793	0.168990365075	0.177536116472	0.168011096569	0.166163869352	0.166750899614	0.160428577528	0.161885579759	0.163309784965	0.184271848421	0.175134174401	0.148939207793	0.191147296477	0.161119265924	0.15801569274	0.156438813302	0.163430588603	0.177316403944	0.154387790464	0.159052276529	0.177357178535	0.167382095043	0.159588082606	0.161225484562	0.20325228566	0.158074699549	0.145367744398	0.162347906552	0.163285552931	0.144175855195	0.15363770407	0.164148630019	0.179647651683	0.164518899378	0.168485644146	0.174686470742	0.158027810333	0.179660793011	0.162767751692	0.183611089902	0.150538583304	0.1907323785	0.152046426664	0.152963348419	0.155980580097	0.171722068628	0.167476853817	0.162524523207	0.180860141815	0.166700861753	0.180344178508	0.167273086153	0.164726606113	0.190072623539	0.160467127332	0.150025961669	0.149309049248	0.163313617286	0.171209277956	0.172316355529	0.189189077916	0.157832799767	0.168111010017	0.17741435872	0.178776417993	0.17703377335	0.152589259376	0.153169938477	0.161520686233	0.178633529086	0.160094436748	0.176884851046	0.173773383219	0.17640372252	0.177126538261	0.169446070893	0.15617518223
158479027-supragingivalplaque1.freeze11.snv.mod.fix.bam	0.193308734865	0.142420106605	0.131038347003	0.18700864756	0.0	0.00605387476585	0.201580466707	0.174642764195	0.195769024603	0.202625124411	0.178433347067	0.106290887604	0.20122524703	0.199217652113	0.196112298196	0.136793639313	0.139814098881	0.203419197235	0.210807295997	0.183013162859	0.180771924106	0.172275407294	0.17614770168	0.171362911387	0.168371768919	0.129695478334	0.147576867486	0.16717750132	0.165589825986	0.168273928791	0.177967870484	0.177180036074	0.193607604678	0.15318490418	0.155707189307	0.201051733178	0.160395983302	0.16968831167	0.165915136692	0.163988019038	0.152678643721	0.179499683668	0.186241759004	0.171104333594	0.162524321148	0.179331982825	0.188559932246	0.214850312957	0.159164774496	0.188078897329	0.151284007726	0.175399266181	0.182931845833	0.188092311603	0.190623842017	0.114127373388	0.147942642227	0.144284866385	0.144308551828	0.194878378314	0.169353392769	0.178016004914	0.210636038411	0.187038265483	0.200334861949	0.169098944653	0.172340139197	0.164546101076	0.156817586564	0.150924834938	0.174236902413	0.144311639328	0.152520626495	0.181345794216	0.18223098883	0.161061203912	0.200228273656	0.157701318742	0.181731750257	0.17701978551	0.190735968307	0.149726812897	0.161998718151	0.170185864708	0.191223253032	0.137453854081	0.20256196376	0.12879942396	0.139211491764	0.174130902166	0.16851401334	0.192901398548	0.116214582686	0.148138722368	0.152817850225	0.151153851552	0.181945257946	0.0218274538868	0.139456404716	0.187345136729
158479027-supragingivalplaque2.freeze11.snv.mod.fix.bam	0.194006193814	0.143221728152	0.131569441539	0.187558618867	0.00605387476585	0.0	0.202379192658	0.176565576727	0.197561959965	0.203475329938	0.18010438708	0.105303166919	0.202882689081	0.200786763647	0.197527482995	0.138078627399	0.141119348536	0.204339488732	0.21141771195	0.184452924357	0.182739891053	0.174319369544	0.178039359335	0.172720605256	0.170100703157	0.130560976642	0.148720099308	0.168650293189	0.167138080458	0.170435264196	0.179672074452	0.17910494006	0.194298819249	0.154197628943	0.157139370028	0.201513009626	0.162095443073	0.17112854915	0.167853233915	0.165742625338	0.153756953036	0.180608128167	0.186797021742	0.171474836663	0.16393460063	0.180538511191	0.189463109555	0.215370265899	0.160819313103	0.189249291397	0.152581955997	0.177420953574	0.184551240731	0.189474635019	0.19159805025	0.114824784003	0.149460304834	0.145590495152	0.144619446257	0.196146244022	0.17049646975	0.179639017277	0.210870124204	0.188528619935	0.201063657676	0.170516588076	0.173906332423	0.166240300244	0.156741386705	0.153062269822	0.175999575827	0.145539254183	0.154306205115	0.182395662298	0.184054716077	0.162668729463	0.2007830925	0.158817095953	0.183405034639	0.179248658029	0.191431597156	0.15112238525	0.163199562165	0.170376388966	0.192550632937	0.138971735629	0.203077842239	0.128014357536	0.13882263481	0.175903881939	0.17038944696	0.193404359387	0.116973678119	0.149812301034	0.152860371877	0.152234874609	0.182752293898	0.0246538558832	0.140598500487	0.188718293362
158479027-tonguedorsum1.freeze11.snv.mod.fix.bam	0.20030929737	0.19672913842	0.202099858814	0.194439226305	0.201580466707	0.202379192658	0.0	0.175638218248	0.201365830111	0.204739752062	0.193151300969	0.194641202948	0.210672018982	0.207572424464	0.206189440583	0.189710975044	0.19085587377	0.164703769312	0.139267399315	0.193441394075	0.191751395652	0.196030963378	0.193329517681	0.204461661581	0.197891777494	0.194183634146	0.183907879784	0.189109312709	0.189656456868	0.179939683459	0.196268647467	0.196578332031	0.128054318176	0.195157807065	0.188697093078	0.125446309673	0.184349255559	0.181218753498	0.17939584996	0.182096025728	0.192085283914	0.191065755975	0.197790095888	0.203847577758	0.194952213997	0.196982726993	0.198494745291	0.135154505197	0.176659619604	0.195910922144	0.184089416442	0.189402790524	0.194972811098	0.195987627454	0.202138507938	0.191648323599	0.184512503291	0.185960505782	0.188974019944	0.203946244464	0.200169552322	0.185756379021	0.165394507517	0.199443941863	0.119837942571	0.176290614175	0.178629872246	0.178093890977	0.193747612117	0.186605903954	0.187112529086	0.194504368605	0.188298945763	0.205499943301	0.197417785679	0.18566248301	0.126321988124	0.189740723829	0.190901046851	0.183881656745	0.200532032256	0.190514251791	0.188813453248	0.205607169763	0.199232721699	0.19032843067	0.155772158153	0.194919626154	0.192556131414	0.192423692715	0.18355454072	0.200860386817	0.192023953744	0.187651213861	0.199154847285	0.1936805032	0.129478178189	0.192945356196	0.182419110031	0.198428122895
158742018-supragingivalplaque1.freeze11.snv.mod.fix.bam	0.157148855824	0.161235713443	0.169633905828	0.152982172861	0.174642764195	0.176565576727	0.175638218248	0.0	0.168149686972	0.175034336976	0.152793354505	0.164515809713	0.170756717973	0.170936485444	0.167672609385	0.157641997868	0.158281549329	0.174120850416	0.177672272048	0.154270195985	0.150221201234	0.15378495444	0.153009876303	0.1670331484	0.159872774667	0.16507812356	0.151355120179	0.149613609312	0.150846676462	0.136618479307	0.160903321486	0.159991922056	0.162137088635	0.165437857833	0.155022533832	0.167875635434	0.144314581197	0.135997533588	0.137055871549	0.136180980703	0.16174863306	0.156805014215	0.165135987502	0.171377698904	0.155688255985	0.157408215685	0.164956719053	0.180385758436	0.134624406642	0.151894008982	0.15077367205	0.141668598946	0.150379336059	0.161134263903	0.170205872484	0.162291046052	0.151211822669	0.154214466938	0.159350889707	0.167865527961	0.16753081481	0.144447144439	0.178869164426	0.156395470515	0.166656011155	0.131145117168	0.134839592564	0.136511367485	0.159777524312	0.148927516018	0.146211570926	0.160496510166	0.15122974343	0.171779164834	0.162421571608	0.151580174112	0.165673395363	0.152722467576	0.144915746299	0.137796641914	0.166787289934	0.156528904635	0.152591129399	0.175124045932	0.163656227126	0.152898166122	0.171926164446	0.166721383494	0.160209892429	0.148321624848	0.15045021223	0.167346713422	0.163614667507	0.151755512117	0.163475140344	0.161268233327	0.150943076067	0.16062638772	0.14846452156	0.163463282595
158883629-supragingivalplaque2.freeze11.snv.mod.fix.bam	0.163343712411	0.190930309118	0.195558114391	0.163219702735	0.195769024603	0.197561959965	0.201365830111	0.168149686972	0.0	0.020962151775	0.158365400209	0.190303684876	0.146969600412	0.144767641656	0.144412228262	0.1800051872	0.17854114721	0.184059921128	0.211814687844	0.153276819756	0.152248859059	0.168408719058	0.142915838242	0.178564968463	0.170743914683	0.185262038564	0.171817539897	0.17067082164	0.169704523167	0.169898519747	0.114322292252	0.11838671286	0.192658826966	0.185327184298	0.174931172325	0.198832226905	0.168972851681	0.168861574199	0.151793081104	0.174924670532	0.177479949957	0.112304750791	0.105275426777	0.176944200648	0.167050910035	0.156451562614	0.105312057761	0.211939563954	0.169874584257	0.16291760278	0.169356390406	0.169456161481	0.16851780547	0.10523110947	0.103245273401	0.184712144356	0.173590286209	0.177530660024	0.183713261154	0.0739625064327	0.189336645217	0.169534569032	0.195616790999	0.161612498118	0.200614038374	0.164199839728	0.162897630802	0.163501340676	0.172805887948	0.170454305703	0.167380241204	0.186758828809	0.170978889153	0.193701803456	0.171829953318	0.167586572363	0.197824741981	0.163619714238	0.157671106042	0.157224005507	0.107906451349	0.182957491998	0.181705249055	0.19997215033	0.156544531431	0.172129411665	0.184753627901	0.188274210411	0.185692760116	0.159254301482	0.151185783092	0.105642920618	0.184578573669	0.162695587054	0.178073500216	0.186389412216	0.185979739028	0.182940600368	0.175362650067	0.130080734416
158883629-supragingivalplaque3.freeze11.snv.mod.fix.bam	0.164211874346	0.198345255786	0.203590126699	0.164348929332	0.202625124411	0.203475329938	0.204739752062	0.175034336976	0.020962151775	0.0	0.164272151248	0.197011960239	0.149721927121	0.14813377802	0.148243322258	0.190041228128	0.188978952804	0.185492921867	0.214692337027	0.157663148249	0.158205164891	0.178469296566	0.152085492399	0.183245446272	0.177082727986	0.193402788126	0.17991800166	0.17708995924	0.17654569777	0.179218373944	0.122050499278	0.127119495974	0.196473848368	0.19183317694	0.182521701741	0.203263232815	0.17891627565	0.177351056855	0.161341521167	0.183914178677	0.18467238657	0.114298059434	0.101249041481	0.179720498245	0.174493267207	0.162493311897	0.102115821943	0.214896745047	0.177476818387	0.166250569012	0.177697489777	0.177419875807	0.173657175427	0.107139387107	0.100177896706	0.193395140421	0.181765118021	0.186017022999	0.190279938154	0.0695903685159	0.195897334168	0.175980505756	0.197979809981	0.167634832218	0.204482809358	0.170810117487	0.169402191954	0.172761965511	0.177127166775	0.181499935473	0.176085013758	0.19524549731	0.180256233205	0.199037150291	0.179329546695	0.175953884303	0.201304208901	0.170651106652	0.164427830898	0.165557961587	0.105200116484	0.19166286159	0.189953952816	0.204957390926	0.157955984229	0.184068973164	0.186189818759	0.194143710205	0.1914593205	0.167413555263	0.159866967486	0.101123160141	0.192690799155	0.173483306091	0.18213869893	0.193940833756	0.191459607338	0.191990505518	0.184000889469	0.131517994403
159005010-supragingivalplaque2.freeze11.snv.mod.fix.bam	0.158549500398	0.171243009011	0.177084758495	0.153368661274	0.178433347067	0.18010438708	0.193151300969	0.152793354505	0.158365400209	0.164272151248	0.0	0.169828720593	0.163996738558	0.162062718168	0.15508310791	0.161092930875	0.16075473653	0.179755800992	0.197929722502	0.146523226833	0.143132249788	0.152366497325	0.142757596549	0.170997581911	0.160054245188	0.170376125493	0.15538958481	0.152720488288	0.153065203686	0.153131175642	0.150215393911	0.150465978427	0.182246168103	0.169357172917	0.154337175243	0.188423210936	0.143765111292	0.147433982668	0.1411022713	0.151690432012	0.167121445897	0.147228409657	0.159140324523	0.171737017842	0.15333182236	0.153281979521	0.159139846125	0.200777215791	0.148367264005	0.153114236066	0.147998489951	0.156959541791	0.155823466255	0.155248278573	0.162184123381	0.166876220402	0.155493376941	0.160624989039	0.169629497103	0.15924437858	0.172903600907	0.15570132491	0.187087071374	0.154572175494	0.189273162064	0.14464355562	0.145268823387	0.143021602807	0.162629323472	0.153287943363	0.150669582768	0.169917224202	0.152305700953	0.182431014688	0.158367897182	0.149728420297	0.185316135837	0.150324546133	0.136873176689	0.143596398747	0.160416078807	0.163405140187	0.159557193003	0.184331241792	0.156699346718	0.152940947493	0.17898770184	0.173234596045	0.168158960352	0.145383592977	0.14280834491	0.161882891979	0.16374062788	0.145821562814	0.1685856123	0.168240331954	0.171932189527	0.167231465052	0.157073310613	0.155619595911
159247771-supragingivalplaque2.freeze11.snv.mod.fix.bam	0.18719122556	0.138187387581	0.120300819397	0.185147570958	0.106290887604	0.105303166919	0.194641202948	0.164515809713	0.190303684876	0.197011960239	0.169828720593	0.0	0.1972674055	0.195419943506	0.191565538983	0.127668901239	0.129853327554	0.201028753221	0.199857267677	0.175540550234	0.173824912077	0.164597252797	0.167951666884	0.163511154394	0.160834686411	0.124153002374	0.141050553946	0.159520224339	0.157547349789	0.15928809844	0.171151391427	0.17047797616	0.185186323663	0.141573752476	0.145090280043	0.189656439387	0.151890191834	0.160255742304	0.156642077019	0.158124619978	0.146158601941	0.174117557126	0.180859865421	0.162370457047	0.160447644093	0.173543735971	0.180235705557	0.205579062063	0.151120154521	0.180706159798	0.141762665592	0.169220438919	0.179001130486	0.180525621903	0.184602749944	0.101163794801	0.140144061357	0.130176713258	0.134169569622	0.190851114917	0.161228065566	0.171423981289	0.202718524272	0.180891967098	0.189362906751	0.158074322865	0.161828121489	0.156420658284	0.147733081568	0.144963448924	0.166359957894	0.13986162545	0.146016682113	0.176001704526	0.177398590514	0.157619231786	0.191414456742	0.153053041601	0.173162355177	0.169962014165	0.182460835605	0.140557762414	0.154253667961	0.163777185723	0.186309224897	0.125862358058	0.193411618168	0.120985439978	0.128785007304	0.167051153292	0.162939731264	0.185107295813	0.111108378109	0.142193163922	0.150749874415	0.141182386758	0.176811483525	0.107178020257	0.129218182174	0.184478085272
159268001-supragingivalplaque1.freeze11.snv.mod.fix.bam	0.168592194976	0.192289118545	0.195390784424	0.166383635248	0.20122524703	0.202882689081	0.210672018982	0.170756717973	0.146969600412	0.149721927121	0.163996738558	0.1972674055	0.0	0.0186669450616	0.0405841905779	0.188922144002	0.185602338361	0.192649035003	0.217808313795	0.16026159253	0.158669715125	0.176697535094	0.165069041382	0.184736198098	0.178216874324	0.190967442394	0.181402439573	0.178372168726	0.17806787933	0.178139793067	0.157855227469	0.157345225069	0.203779306417	0.189155312324	0.180127751422	0.206639761109	0.176160559846	0.175710578205	0.168590510459	0.182821555476	0.187698450786	0.1499477446	0.151273415314	0.182565937934	0.177896106571	0.165622316206	0.151616379176	0.216653237695	0.178283799222	0.167415586413	0.178164428024	0.175032676554	0.172517047177	0.152711929925	0.152964524294	0.190598589045	0.181201426704	0.184653198687	0.191371128948	0.147544164465	0.193865521794	0.176545701146	0.199708342203	0.170180888035	0.208379763899	0.171323118463	0.169375454728	0.172483301929	0.181991465543	0.176996251035	0.175880487308	0.195558438967	0.179975916527	0.198337230884	0.177855080042	0.177604480326	0.204008741452	0.17491976575	0.162373492314	0.16610000034	0.15359334533	0.187041515222	0.187511525133	0.204741093773	0.162634552759	0.178093740665	0.193812760969	0.192446392021	0.193707470186	0.165588781374	0.162421831574	0.155028500165	0.190057331064	0.1725617564	0.188966763864	0.191363164495	0.191186398229	0.188499101497	0.183882337158	0.150840344339
159268001-supragingivalplaque2.freeze11.snv.mod.fix.bam	0.167764474293	0.191383401107	0.193692313174	0.165065226861	0.199217652113	0.200786763647	0.207572424464	0.170936485444	0.144767641656	0.14813377802	0.162062718168	0.195419943506	0.0186669450616	0.0	0.0342034008673	0.185836032758	0.18368771119	0.187960924856	0.213785976199	0.157635714506	0.15679102313	0.175905864993	0.162834904855	0.183261695471	0.176265758474	0.1885754421	0.179524773565	0.17595303416	0.175379586326	0.175749070988	0.153828571594	0.154844615089	0.199804278402	0.185951310487	0.176917045565	0.202712036921	0.173259856672	0.172657136224	0.165618167153	0.180660521651	0.185571165895	0.147043901602	0.1496540455	0.181017235004	0.174940724934	0.162118890996	0.150791151815	0.2125501225	0.175861098248	0.165608602095	0.176256351586	0.173608613574	0.170321355801	0.149668698997	0.150674046845	0.188616121845	0.178446551485	0.182174943764	0.189180603405	0.146031587275	0.191641325952	0.171568796535	0.191093437729	0.16726694658	0.204397339311	0.168992597197	0.167500062158	0.169941932821	0.17996183662	0.176521074711	0.17406878244	0.193870504465	0.178267434034	0.197847983932	0.177371362989	0.174265260502	0.199879659922	0.172910675679	0.161110907555	0.164582545913	0.150862946732	0.186256422178	0.185893831762	0.20299038944	0.160606501972	0.176310213884	0.188490607781	0.191276833178	0.191572810947	0.16361393201	0.159544489427	0.153418993436	0.187306161635	0.170012420859	0.187351481529	0.18978872696	0.187169471354	0.188430868035	0.181490235477	0.147851398563
159268001-supragingivalplaque3.freeze11.snv.mod.fix.bam	0.16433242197	0.187511484679	0.191675932472	0.160969939854	0.196112298196	0.197527482995	0.206189440583	0.167672609385	0.144412228262	0.148243322258	0.15508310791	0.191565538983	0.0405841905779	0.0342034008673	0.0	0.178559913614	0.177428947827	0.186848736492	0.212158486966	0.15161487369	0.150254382888	0.169135246386	0.154460443569	0.181181544545	0.170916366888	0.184029323739	0.172910202825	0.168683323411	0.168216637545	0.169622169748	0.147008962587	0.14862828378	0.196648522774	0.18119006659	0.168368237643	0.200964216489	0.163137757384	0.164677097926	0.156685232631	0.173403103249	0.180871764826	0.141787790319	0.149245762167	0.178811797648	0.167181292959	0.156162687234	0.151071491447	0.212147362872	0.1683691332	0.1615537803	0.168353775039	0.169127123751	0.164776058527	0.145450329663	0.151168579112	0.183774977146	0.173236038069	0.177290912524	0.184035769532	0.146093579149	0.181039573196	0.166942159174	0.19396686759	0.163169330519	0.202539717478	0.160937174538	0.159186008995	0.160903837475	0.177290314472	0.1703273977	0.167582458333	0.189220095371	0.171074936431	0.194814755956	0.171784551161	0.167053120906	0.199094112914	0.165662117954	0.15499690387	0.156875542233	0.146786390462	0.18234492093	0.178615996156	0.198412634227	0.156255060809	0.162339385504	0.188408262536	0.188171791783	0.187179043656	0.156483638682	0.153153411924	0.152817991094	0.182241265614	0.163408050424	0.184555584694	0.186479459008	0.184443663799	0.185875327846	0.174554273826	0.145100891012
159369152-supragingivalplaque1.freeze11.snv.mod.fix.bam	0.180337471121	0.138459657926	0.124686825352	0.175942344841	0.136793639313	0.138078627399	0.189710975044	0.157641997868	0.1800051872	0.190041228128	0.161092930875	0.127668901239	0.188922144002	0.185836032758	0.178559913614	0.0	0.0388224846065	0.191915675545	0.196948930134	0.163433412435	0.159457323482	0.149573172886	0.151924147753	0.161759491005	0.151492340657	0.126184906674	0.134539237033	0.145073933028	0.143493547522	0.148829231804	0.158502909623	0.157448618159	0.178882710213	0.146160878886	0.138462006367	0.185800301483	0.134445970417	0.145634527984	0.140329063222	0.142665492406	0.144164248488	0.161074798462	0.177159779948	0.161386592435	0.14073504593	0.159798491173	0.178371224289	0.202198167592	0.141014381912	0.172784351019	0.126596715825	0.157941030342	0.167101148436	0.174421878189	0.180539135464	0.123159761038	0.134258829245	0.131828528524	0.135141360782	0.182830164442	0.149841649063	0.157611531694	0.197159479425	0.172803590836	0.185054238301	0.143349824801	0.146937550667	0.137951270288	0.147236945558	0.106993587114	0.148191951885	0.13696768555	0.133443264739	0.17297205981	0.163095270279	0.140709793603	0.187200445696	0.141885946885	0.159613723305	0.153510184855	0.177972470652	0.138907416645	0.140992848758	0.159859937784	0.17705688494	0.116397996079	0.19087902733	0.132459763239	0.13178426605	0.156022387215	0.149755083969	0.182213442944	0.126864871581	0.136984301615	0.148883703975	0.141356226879	0.165975646653	0.129168266369	0.0908895928172	0.173404437781
159369152-supragingivalplaque2.freeze11.snv.mod.fix.bam	0.180554466683	0.138880194801	0.127059974366	0.176015847681	0.139814098881	0.141119348536	0.19085587377	0.158281549329	0.17854114721	0.188978952804	0.16075473653	0.129853327554	0.185602338361	0.18368771119	0.177428947827	0.0388224846065	0.0	0.19239209087	0.197890438229	0.163509274884	0.159404017272	0.148470848881	0.150635468108	0.161681241503	0.151460982865	0.128704532883	0.134642494562	0.145452474163	0.144016887358	0.151003120769	0.158502274146	0.15683113313	0.180702954063	0.147367649547	0.139155425814	0.186805363436	0.135342553934	0.14835082367	0.141259678639	0.143911835937	0.143438243416	0.1542242734	0.176420931372	0.161607440514	0.129683512777	0.142716050643	0.177467234414	0.202804453145	0.142773356655	0.172592296913	0.126368198645	0.159115947924	0.168018865671	0.173671578663	0.179107835483	0.126249734707	0.135144637013	0.13352905608	0.136703158112	0.181032898849	0.151860743449	0.159812608046	0.196779096932	0.172555829558	0.186203285707	0.147288148036	0.150363595155	0.138670263905	0.147859530926	0.115720621435	0.150416991857	0.138241863431	0.133290083731	0.173736705485	0.162268367767	0.140221418898	0.18818910585	0.14148317419	0.159135796478	0.155064016113	0.177144079951	0.139194625693	0.141978588119	0.160570491951	0.177075749627	0.116752351402	0.189997660882	0.134394289147	0.133627216627	0.155699267985	0.149614326923	0.180908116247	0.129213917724	0.13650014789	0.148617398131	0.142255098579	0.166886353697	0.130215812992	0.0945986034034	0.173019100069
159470302-tonguedorsum1.freeze11.snv.mod.fix.bam	0.182172176739	0.197925546521	0.204318570442	0.176905573822	0.203419197235	0.204339488732	0.164703769312	0.174120850416	0.184059921128	0.185492921867	0.179755800992	0.201028753221	0.192649035003	0.187960924856	0.186848736492	0.191915675545	0.19239209087	0.0	0.167833047694	0.18034812515	0.179331997519	0.188973154423	0.183498015266	0.195861287829	0.189432104224	0.196843966496	0.186013659065	0.185540055547	0.185247646278	0.180878705575	0.182454205685	0.18387932351	0.161982871485	0.194177733342	0.185730223386	0.16162775875	0.1807102389	0.178104521802	0.176094151247	0.181066751962	0.193310894087	0.177357205598	0.182941747135	0.194928921771	0.186800723651	0.183150557087	0.182900938857	0.163066568563	0.177151056271	0.184243040759	0.183198995078	0.18302933647	0.182504097131	0.179988038134	0.186054715282	0.194263182231	0.183517088087	0.188567261611	0.193688549256	0.182573256688	0.198647570851	0.177093217668	0.134059593611	0.182259228767	0.157535906458	0.174270744964	0.174844036906	0.175676181083	0.189000426426	0.184975953653	0.182973821312	0.196974706921	0.186279382493	0.201940013401	0.189369165822	0.180680608479	0.155241062869	0.183152721438	0.176681231254	0.174804939229	0.186471590167	0.186547382271	0.188654471885	0.206200432907	0.182151523862	0.187604898391	0.134929816419	0.19599619162	0.194528662672	0.181832654291	0.174997167359	0.185640336202	0.194229187432	0.182472659729	0.193389675318	0.188794394677	0.14752562857	0.193817408967	0.185723318991	0.181866352828
159490532-tonguedorsum1.freeze11.snv.mod.fix.bam	0.207301611665	0.199084937024	0.20704058747	0.201021247406	0.210807295997	0.21141771195	0.139267399315	0.177672272048	0.211814687844	0.214692337027	0.197929722502	0.199857267677	0.217808313795	0.213785976199	0.212158486966	0.196948930134	0.197890438229	0.167833047694	0.0	0.199252854834	0.197522299808	0.201085033973	0.200065242616	0.210314497437	0.204028358223	0.20103191856	0.192451290815	0.19517379223	0.195732289237	0.184081201783	0.202382572924	0.201986409579	0.130728225552	0.20039105893	0.193337631879	0.128690712338	0.188779897916	0.182893459115	0.182807306793	0.18730367714	0.199930703212	0.198919132036	0.206207484707	0.211625646466	0.200485668866	0.202778529097	0.206465560792	0.133938791197	0.18314449889	0.1988023656	0.189378135972	0.192909566789	0.199455324522	0.20403391551	0.209117648854	0.196932332674	0.187514847357	0.193421572059	0.193444605896	0.21041816656	0.206890556251	0.189297056871	0.167663524226	0.206139143797	0.123841736487	0.178310480384	0.181704348344	0.18226956477	0.198811649218	0.192911208228	0.19357972882	0.200266383675	0.194614719785	0.213073416788	0.205276152453	0.190625639216	0.127271067864	0.195016441897	0.194172348749	0.187908473514	0.209136491384	0.195761575988	0.192858085083	0.211751213261	0.206063805851	0.195504393644	0.156988849629	0.201305372686	0.197177661997	0.194681322679	0.191709908089	0.209204155518	0.200286686269	0.194853265197	0.203710960954	0.197861344702	0.124742955043	0.200410448601	0.188116469924	0.205471090028
159510762-supragingivalplaque2.freeze11.snv.mod.fix.bam	0.155705548908	0.17477231932	0.177496219191	0.153167614866	0.183013162859	0.184452924357	0.193441394075	0.154270195985	0.153276819756	0.157663148249	0.146523226833	0.175540550234	0.16026159253	0.157635714506	0.15161487369	0.163433412435	0.163509274884	0.18034812515	0.199252854834	0.0	0.0217410253661	0.161761088177	0.150718925909	0.173638138745	0.163449351915	0.171201515121	0.158018088556	0.159541718575	0.159184226762	0.156369360242	0.148167252298	0.149014568649	0.184648203691	0.168508129573	0.156761834065	0.188738415043	0.152396760991	0.155477182913	0.14866974257	0.158685304674	0.166919259383	0.142919464199	0.151922728997	0.172063403142	0.159933631325	0.153275306692	0.15275123837	0.202552132557	0.15404763631	0.143122166931	0.149153718354	0.160766020495	0.156970852248	0.149709715727	0.15707596928	0.169187518642	0.158950359702	0.163031525378	0.168977298101	0.152600130629	0.172998986777	0.158561564011	0.183681651706	0.155136897413	0.189763448035	0.151319669759	0.151354017114	0.146929463418	0.165556068561	0.156956997313	0.156090972689	0.171118543609	0.157025684116	0.183628848271	0.160066485155	0.157393863405	0.188092146835	0.15087564336	0.148911331803	0.147228864621	0.154964117667	0.165457942991	0.164683357997	0.183781806905	0.14751022548	0.156786047289	0.177990659543	0.172925783584	0.171915325352	0.150319483004	0.13989315461	0.155177659415	0.17025646511	0.154893510571	0.172872682159	0.168720437245	0.170334815498	0.172003806765	0.158620836429	0.147027268758
159510762-tonguedorsum3.freeze11.snv.mod.fix.bam	0.154998588923	0.172495646645	0.176167098919	0.151371934367	0.180771924106	0.182739891053	0.191751395652	0.150221201234	0.152248859059	0.158205164891	0.143132249788	0.173824912077	0.158669715125	0.15679102313	0.150254382888	0.159457323482	0.159404017272	0.179331997519	0.197522299808	0.0217410253661	0.0	0.155972232962	0.145624593155	0.171685854332	0.160343244847	0.169083941049	0.154067002676	0.154496517201	0.154325781623	0.151849979478	0.144819975356	0.144908716062	0.182497694433	0.166944041545	0.15307928754	0.186863297009	0.146748495987	0.150797232887	0.142678406546	0.1536642718	0.164251538915	0.140644506862	0.151376127555	0.171045505674	0.155781623996	0.151180977795	0.152254422764	0.201613288592	0.149952639885	0.136474632032	0.141738070877	0.15620393282	0.154588614878	0.148527926341	0.156517437626	0.167115180608	0.155625074083	0.159756747587	0.167267117788	0.152478270089	0.17106892421	0.154707005117	0.182918355265	0.153004305796	0.188188613524	0.146357156825	0.146595977999	0.141362879433	0.164086609833	0.151375869277	0.15149547986	0.167846455915	0.151573760808	0.180750015328	0.155443726075	0.152384427382	0.186814055942	0.144459438446	0.144939819034	0.142500012967	0.154384598805	0.161997259822	0.161040053828	0.182738515927	0.14696862926	0.152332859702	0.177164568996	0.171549693594	0.170085808928	0.146886537465	0.136984703882	0.154669633621	0.167684246316	0.149979967883	0.171720039907	0.166406997664	0.168398371556	0.168326108126	0.154776561008	0.145961830463
159551223-supragingivalplaque1.freeze11.snv.mod.fix.bam	0.172663230062	0.157860018893	0.16753143054	0.167104215546	0.172275407294	0.174319369544	0.196030963378	0.15378495444	0.168408719058	0.178469296566	0.152366497325	0.164597252797	0.176697535094	0.175905864993	0.169135246386	0.149573172886	0.148470848881	0.188973154423	0.201085033973	0.161761088177	0.155972232962	0.0	0.0631650955973	0.170429669357	0.158840684792	0.159501934232	0.144719319824	0.150593423478	0.150826409453	0.150636321045	0.150368215933	0.145626464825	0.183079952592	0.163775808274	0.149172050846	0.189464237541	0.137146957738	0.14958487163	0.13984656326	0.143414283793	0.158766635996	0.155570257944	0.169298336049	0.172592474263	0.152109156383	0.16098315939	0.170765356848	0.204146100179	0.14378971475	0.166967970844	0.139112630853	0.158162373823	0.165236590137	0.166592878871	0.172044524816	0.156963843406	0.146433921691	0.149094844616	0.156966132643	0.169596499586	0.16551753984	0.158608061956	0.194448103949	0.165336100298	0.189712074607	0.147128263127	0.148133958693	0.138392144324	0.16106118237	0.129967604617	0.141296589139	0.153878129699	0.108480010905	0.176676444383	0.15456955041	0.147351549173	0.189248283221	0.150899384106	0.140915129754	0.14911212151	0.171180540333	0.153907720542	0.150905935781	0.176384303065	0.170307534675	0.135806059709	0.186618758164	0.164309408565	0.159332520947	0.144894442647	0.144881110654	0.17328457902	0.146062460527	0.0882753471391	0.168643247256	0.159473837778	0.172097745985	0.157617416851	0.144720976022	0.167977488865
