	103092734-palatinetonsils3.freeze11.snv.mod.fix.bam	147406386-subgingivalplaque2.freeze11.snv.mod.fix.bam	147406386-supragingivalplaque3.freeze11.snv.mod.fix.bam	158114885-supragingivalplaque2.freeze11.snv.mod.fix.bam	158337416-supragingivalplaque1.freeze11.snv.mod.fix.bam	158479027-supragingivalplaque1.freeze11.snv.mod.fix.bam	158479027-supragingivalplaque2.freeze11.snv.mod.fix.bam	158479027-tonguedorsum1.freeze11.snv.mod.fix.bam	158479027-tonguedorsum2.freeze11.snv.mod.fix.bam	158499257-supragingivalplaque1.freeze11.snv.mod.fix.bam	158499257-supragingivalplaque2.freeze11.snv.mod.fix.bam	158742018-supragingivalplaque1.freeze11.snv.mod.fix.bam	158802708-supragingivalplaque2.freeze11.snv.mod.fix.bam	158802708-supragingivalplaque3.freeze11.snv.mod.fix.bam	158883629-supragingivalplaque1.freeze11.snv.mod.fix.bam	158883629-supragingivalplaque2.freeze11.snv.mod.fix.bam	158883629-supragingivalplaque3.freeze11.snv.mod.fix.bam	158944319-supragingivalplaque3.freeze11.snv.mod.fix.bam	159005010-supragingivalplaque2.freeze11.snv.mod.fix.bam	159166850-supragingivalplaque2.freeze11.snv.mod.fix.bam	159207311-tonguedorsum2.freeze11.snv.mod.fix.bam	159247771-supragingivalplaque2.freeze11.snv.mod.fix.bam	159268001-supragingivalplaque1.freeze11.snv.mod.fix.bam	159268001-supragingivalplaque3.freeze11.snv.mod.fix.bam	159369152-supragingivalplaque2.freeze11.snv.mod.fix.bam	159470302-tonguedorsum1.freeze11.snv.mod.fix.bam	159551223-supragingivalplaque1.freeze11.snv.mod.fix.bam	159551223-supragingivalplaque2.freeze11.snv.mod.fix.bam	159591683-supragingivalplaque1.freeze11.snv.mod.fix.bam	159591683-supragingivalplaque2.freeze11.snv.mod.fix.bam	159611913-supragingivalplaque2.freeze11.snv.mod.fix.bam	159713063-supragingivalplaque2.freeze11.snv.mod.fix.bam	159814214-supragingivalplaque1.freeze11.snv.mod.fix.bam	159814214-supragingivalplaque2.freeze11.snv.mod.fix.bam	159814214-tonguedorsum1.freeze11.snv.mod.fix.bam	159814214-tonguedorsum2.freeze11.snv.mod.fix.bam	159915365-supragingivalplaque1.freeze11.snv.mod.fix.bam	160158126-supragingivalplaque1.freeze11.snv.mod.fix.bam	160178356-supragingivalplaque1.freeze11.snv.mod.fix.bam	160178356-supragingivalplaque2.freeze11.snv.mod.fix.bam	160259276-supragingivalplaque1.freeze11.snv.mod.fix.bam	160319967-supragingivalplaque1.freeze11.snv.mod.fix.bam	160319967-supragingivalplaque3.freeze11.snv.mod.fix.bam	160380657-supragingivalplaque3.freeze11.snv.mod.fix.bam	160380657-tonguedorsum2.freeze11.snv.mod.fix.bam	160400887-supragingivalplaque1.freeze11.snv.mod.fix.bam	160421117-supragingivalplaque1.freeze11.snv.mod.fix.bam	160421117-supragingivalplaque2.freeze11.snv.mod.fix.bam	160502038-supragingivalplaque2.freeze11.snv.mod.fix.bam	160502038-supragingivalplaque3.freeze11.snv.mod.fix.bam	160542498-supragingivalplaque1.freeze11.snv.mod.fix.bam	160582958-supragingivalplaque2.freeze11.snv.mod.fix.bam	160582958-supragingivalplaque3.freeze11.snv.mod.fix.bam	160603188-supragingivalplaque3.freeze11.snv.mod.fix.bam	160643649-supragingivalplaque1.freeze11.snv.mod.fix.bam	160947100-tonguedorsum1.freeze11.snv.mod.fix.bam	178713055-supragingivalplaque2.freeze11.snv.mod.fix.bam	246515023-supragingivalplaque2.freeze11.snv.mod.fix.bam	338793263-supragingivalplaque2.freeze11.snv.mod.fix.bam	370027359-supragingivalplaque2.freeze11.snv.mod.fix.bam	370425937-supragingivalplaque2.freeze11.snv.mod.fix.bam	533247696-supragingivalplaque1.freeze11.snv.mod.fix.bam	550534656-supragingivalplaque3.freeze11.snv.mod.fix.bam	604812005-supragingivalplaque2.freeze11.snv.mod.fix.bam	604812005-supragingivalplaque3.freeze11.snv.mod.fix.bam	638754422-supragingivalplaque2.freeze11.snv.mod.fix.bam	650853796-supragingivalplaque1.freeze11.snv.mod.fix.bam	675950834-supragingivalplaque1.freeze11.snv.mod.fix.bam	675950834-supragingivalplaque2.freeze11.snv.mod.fix.bam	675950834-supragingivalplaque3.freeze11.snv.mod.fix.bam	675950834-tonguedorsum1.freeze11.snv.mod.fix.bam	706846339-supragingivalplaque1.freeze11.snv.mod.fix.bam	706846339-supragingivalplaque2.freeze11.snv.mod.fix.bam	737052003-supragingivalplaque1.freeze11.snv.mod.fix.bam	763395383-supragingivalplaque3.freeze11.snv.mod.fix.bam	763435843-supragingivalplaque2.freeze11.snv.mod.fix.bam	763435843-tonguedorsum2.freeze11.snv.mod.fix.bam	763456073-supragingivalplaque3.freeze11.snv.mod.fix.bam	763496533-supragingivalplaque1.freeze11.snv.mod.fix.bam	763496533-throat2.freeze11.snv.mod.fix.bam	763557224-supragingivalplaque3.freeze11.snv.mod.fix.bam	763719065-subgingivalplaque3.freeze11.snv.mod.fix.bam	763719065-supragingivalplaque3.freeze11.snv.mod.fix.bam	763759525-supragingivalplaque2.freeze11.snv.mod.fix.bam	763840445-supragingivalplaque1.freeze11.snv.mod.fix.bam	763840445-supragingivalplaque2.freeze11.snv.mod.fix.bam	763860675-supragingivalplaque1.freeze11.snv.mod.fix.bam	763901136-supragingivalplaque1.freeze11.snv.mod.fix.bam	763901136-supragingivalplaque3.freeze11.snv.mod.fix.bam	763961826-supragingivalplaque1.freeze11.snv.mod.fix.bam	763961826-supragingivalplaque2.freeze11.snv.mod.fix.bam	764062976-supragingivalplaque2.freeze11.snv.mod.fix.bam	764083206-supragingivalplaque1.freeze11.snv.mod.fix.bam	764083206-tonguedorsum1.freeze11.snv.mod.fix.bam	764083206-tonguedorsum2.freeze11.snv.mod.fix.bam	764143897-supragingivalplaque2.freeze11.snv.mod.fix.bam	764224817-supragingivalplaque2.freeze11.snv.mod.fix.bam	764285508-supragingivalplaque2.freeze11.snv.mod.fix.bam	764305738-supragingivalplaque2.freeze11.snv.mod.fix.bam	764447348-supragingivalplaque1.freeze11.snv.mod.fix.bam	764467579-supragingivalplaque3.freeze11.snv.mod.fix.bam	764508039-supragingivalplaque3.freeze11.snv.mod.fix.bam	764811490-supragingivalplaque1.freeze11.snv.mod.fix.bam	764872181-supragingivalplaque1.freeze11.snv.mod.fix.bam	764892411-supragingivalplaque2.freeze11.snv.mod.fix.bam	765013792-supragingivalplaque3.freeze11.snv.mod.fix.bam	765034022-supragingivalplaque1.freeze11.snv.mod.fix.bam	765074482-supragingivalplaque3.freeze11.snv.mod.fix.bam	765074482-tonguedorsum1.freeze11.snv.mod.fix.bam	765094712-supragingivalplaque1.freeze11.snv.mod.fix.bam	765094712-supragingivalplaque2.freeze11.snv.mod.fix.bam	765094712-supragingivalplaque3.freeze11.snv.mod.fix.bam	765155402-supragingivalplaque3.freeze11.snv.mod.fix.bam	765195863-supragingivalplaque3.freeze11.snv.mod.fix.bam	765337473-supragingivalplaque2.freeze11.snv.mod.fix.bam	765701615-supragingivalplaque1.freeze11.snv.mod.fix.bam	765701615-tonguedorsum1.freeze11.snv.mod.fix.bam	765701615-tonguedorsum2.freeze11.snv.mod.fix.bam	809635352-supragingivalplaque1.freeze11.snv.mod.fix.bam	809635352-supragingivalplaque2.freeze11.snv.mod.fix.bam	823052294-supragingivalplaque2.freeze11.snv.mod.fix.bam	861967750-supragingivalplaque1.freeze11.snv.mod.fix.bam	937495960-supragingivalplaque1.freeze11.snv.mod.fix.bam	953045535-tonguedorsum2.freeze11.snv.mod.fix.bam
103092734-palatinetonsils3.freeze11.snv.mod.fix.bam	0.0	0.196536384178	0.187792788367	0.191839955963	0.204114985027	0.190535761942	0.190034374864	0.2441516154	0.243472957448	0.176660129458	0.180706810813	0.188575605539	0.191896071436	0.186416208949	0.183938942312	0.183186476639	0.184439725819	0.1849106569	0.184325110817	0.175354294171	0.211212127417	0.179307191502	0.189248977536	0.185222650612	0.191611419543	0.212571880954	0.182914206116	0.196384080712	0.186469032649	0.185654936898	0.181405234273	0.188655317686	0.185957065226	0.18091953913	0.237640128074	0.2388319533	0.173097744454	0.186470437431	0.18469950928	0.184064105664	0.198243771937	0.185166274789	0.185036590143	0.191535239302	0.231607413538	0.198140969438	0.203460966438	0.2011777444	0.190986033011	0.191799502018	0.204113738302	0.191771159932	0.217844435571	0.185573306628	0.195408045657	0.213574588026	0.177803889926	0.18585775285	0.18508679138	0.188597209662	0.167541027429	0.19389064842	0.20416006896	0.192472585627	0.192648314754	0.187296404683	0.182070783344	0.203091198285	0.184869472372	0.200134638597	0.243762739585	0.196815155018	0.196221590971	0.207832723995	0.173609078725	0.18336553521	0.240643571412	0.17985535296	0.1938523557	0.230060951404	0.174551761765	0.179511332034	0.182422559785	0.185542391758	0.204369026209	0.19317774716	0.177687799386	0.198597020662	0.196771124012	0.242405077328	0.245355844389	0.179080961797	0.175753632644	0.130616936488	0.0620978874036	0.183636605825	0.180383813446	0.226503120186	0.183417290748	0.184157405118	0.210842662181	0.179287865493	0.177023109342	0.179987471722	0.185298220513	0.177259837895	0.187662406912	0.176992139559	0.229450270056	0.203097092953	0.195851360718	0.20083322264	0.192121496418	0.178764558679	0.180057973228	0.185879614095	0.219638632721	0.226356885072	0.184422711682	0.183560768249	0.183467854984	0.207031433645	0.19628154774	0.218027544812
147406386-subgingivalplaque2.freeze11.snv.mod.fix.bam	0.196536384178	0.0	0.0845038489682	0.170275040254	0.140485977079	0.177127354034	0.177521588443	0.201697819702	0.200874050039	0.16012918129	0.153687939137	0.189489639061	0.184895913292	0.174355320348	0.182813719625	0.181408714904	0.183708410257	0.172857972582	0.152301788065	0.165290037101	0.170933409024	0.172268799829	0.185840040988	0.177618463089	0.155661871151	0.185671988981	0.156134239735	0.148813353602	0.184140197966	0.182964029484	0.164711128811	0.134918920886	0.153031419982	0.155939527474	0.194279372598	0.194572109449	0.172196808273	0.172758554697	0.175141309344	0.18515701027	0.123347415069	0.161311355374	0.169244704677	0.158688615471	0.184468047334	0.167063953476	0.146239056951	0.142358859297	0.1786454428	0.178967711339	0.155820922701	0.163312744398	0.160716038935	0.148956664838	0.156060272484	0.183399106584	0.175071080332	0.143740707373	0.141195886811	0.17980005229	0.162774652687	0.154738575538	0.153601666208	0.132011939353	0.151865075742	0.143573001714	0.177040969983	0.144817739519	0.150746119358	0.138894390757	0.198527438804	0.159281481585	0.136939023211	0.151214718361	0.162328835801	0.157066235384	0.196865596713	0.164841275595	0.157044251393	0.18510363209	0.168512001236	0.172186703926	0.177992045222	0.166545699603	0.152207516383	0.142230235858	0.16748745344	0.153222298769	0.155084903967	0.182269773774	0.185118555944	0.15724765306	0.153222502945	0.175811925984	0.192021250995	0.17206288832	0.169850421493	0.167156167282	0.168986436322	0.181705305072	0.159601409278	0.156373782903	0.175049774325	0.178577335079	0.176578704879	0.14398564149	0.17991456415	0.157391852607	0.184904543434	0.145008085551	0.137538029428	0.142939143748	0.140320795254	0.159708595989	0.167056308987	0.163933520531	0.178147918641	0.179054732976	0.157486003539	0.153773937766	0.144182296663	0.147865280733	0.1398308845	0.176830553275
147406386-supragingivalplaque3.freeze11.snv.mod.fix.bam	0.187792788367	0.0845038489682	0.0	0.12775202859	0.150764039444	0.157900279569	0.158177473106	0.223563855154	0.223092384711	0.137314932496	0.131509596929	0.177636098036	0.168903324554	0.153032968737	0.168678790843	0.167535946085	0.169609891344	0.158032497947	0.136411426218	0.141752818452	0.188102467014	0.128774229269	0.173220547786	0.157823868548	0.160079435925	0.200292275427	0.138512984302	0.156962642746	0.166515326156	0.165429209038	0.146126971856	0.105303445879	0.140814740538	0.139830188459	0.219055140519	0.219652264897	0.153893139722	0.105848201591	0.153158859433	0.164160353435	0.133846034783	0.140190822995	0.151190495746	0.142802337472	0.208154501271	0.154374681887	0.160642766377	0.152883078257	0.1696675307	0.171667218685	0.166697319398	0.156329066187	0.163614071943	0.134749855417	0.166284589095	0.197235035466	0.129818541427	0.138369371774	0.132573070321	0.172629827179	0.142455530519	0.149632169472	0.153415621173	0.139410539347	0.142258307498	0.133513808094	0.133582104914	0.160758771625	0.134522008733	0.150347272696	0.223600511246	0.14988257507	0.145934372582	0.16900694225	0.140143293194	0.138712049512	0.220203015105	0.0990912939195	0.142481894921	0.20888064267	0.126828254981	0.157402001277	0.163090549668	0.148072631304	0.165329599194	0.141397979751	0.151969969929	0.15480290004	0.154142035618	0.204300866469	0.207980087397	0.083031587009	0.136353394288	0.171128204368	0.182054401091	0.157604301544	0.130151567033	0.183392272417	0.102042984829	0.167541630312	0.169167587661	0.113286895288	0.158119395355	0.162403626958	0.161005115722	0.12997174214	0.174777997892	0.0911324427368	0.206372592844	0.162741513689	0.149598513903	0.160920837533	0.136211119886	0.0908990254981	0.151917926677	0.155845710593	0.195478720477	0.199682965349	0.132983055429	0.129567401501	0.129202132945	0.146437968456	0.150954771263	0.195602165363
158114885-supragingivalplaque2.freeze11.snv.mod.fix.bam	0.191839955963	0.170275040254	0.12775202859	0.0	0.17281245967	0.158656818967	0.158674720585	0.225432682213	0.225219540873	0.134400871678	0.139127347277	0.178539269697	0.168480592309	0.155699676893	0.172670519679	0.171713123708	0.173462385026	0.16198938936	0.153022555194	0.146236879778	0.197514405481	0.0612432768068	0.176243164653	0.162750423073	0.174384015452	0.211279552653	0.152950219536	0.171978578306	0.168364196142	0.167343293301	0.157376665696	0.1354859954	0.156936420875	0.152471036707	0.218730128637	0.219448412106	0.154057215589	0.119169671313	0.157618086284	0.166205698322	0.165027414595	0.151943106305	0.155317499901	0.156968127301	0.210704252601	0.151433966619	0.17829438104	0.173538545239	0.177480163122	0.177943827378	0.182787738487	0.161632738503	0.170687805065	0.148680796271	0.184334918625	0.209972280079	0.0505293949672	0.158654695707	0.154662717189	0.173269743852	0.147215764757	0.166374535925	0.163596302105	0.165160340189	0.160406855097	0.154548825429	0.066125083927	0.177765384983	0.149388952966	0.165624814126	0.223236516369	0.15976123664	0.165903593058	0.190381309475	0.151213143678	0.151998108247	0.218751750182	0.106944871351	0.15257604768	0.213233606329	0.0702920022843	0.161277496994	0.166236642336	0.159141136365	0.183514413761	0.162560343652	0.155749306053	0.173508898171	0.172352317818	0.198074671439	0.20180534525	0.111729480915	0.149314246899	0.178111916515	0.184315888579	0.159596499093	0.075552769003	0.187784108241	0.116475299125	0.172090275752	0.17850487477	0.0635157558822	0.16333204111	0.168436201252	0.165282104574	0.145636944399	0.179050816698	0.111633651478	0.207955982166	0.181726911673	0.167020416052	0.181049722676	0.153270833639	0.110556775133	0.159447590083	0.164925326808	0.19845276443	0.202526983347	0.144577028998	0.14189308634	0.149136462564	0.163489506177	0.167902108488	0.199263459828
158337416-supragingivalplaque1.freeze11.snv.mod.fix.bam	0.204114985027	0.140485977079	0.150764039444	0.17281245967	0.0	0.189972025984	0.190525156412	0.204525819837	0.203696557776	0.163863739161	0.153051234041	0.188939506237	0.192918899216	0.17946315547	0.187926940746	0.186765103675	0.188819955155	0.183464403865	0.155394057207	0.163516702067	0.176995446228	0.179603817562	0.188784564837	0.179017878289	0.159519198029	0.189563646049	0.157166717799	0.154372483188	0.191954328042	0.190892870111	0.165952369478	0.140883274744	0.151327573847	0.154542987782	0.199269141896	0.199453577949	0.179009341171	0.19034182296	0.169507903474	0.188618391829	0.151514906511	0.160760770021	0.172296193875	0.1603372037	0.189772466273	0.165267107155	0.157873856067	0.151307920828	0.182125587364	0.182346461009	0.150719366751	0.164407613986	0.161631826444	0.152082608272	0.159770302371	0.189311619999	0.181607958505	0.144126507718	0.118639849148	0.185000221061	0.169051142257	0.157343533975	0.150891667807	0.137120916228	0.150611826307	0.143755955213	0.183550254657	0.153527896099	0.153473356998	0.145507348416	0.20208279452	0.151432038393	0.141061699373	0.135722670717	0.165759288085	0.157444862876	0.200894920859	0.180559501415	0.157450082504	0.186988142888	0.177188237114	0.177557360916	0.183356817768	0.168501031618	0.148601110816	0.138135182349	0.174974393447	0.150509893245	0.152133707194	0.185370259142	0.189284181252	0.170171424741	0.152381043982	0.173026857033	0.194952631339	0.175601519299	0.176527814975	0.170052220859	0.187692384621	0.186678519789	0.163780500319	0.15937972898	0.181401524243	0.189158589215	0.176904067508	0.145933051946	0.184222822548	0.168354339768	0.188728659466	0.155785797692	0.148287997098	0.154057798402	0.109885847804	0.179003295883	0.171854847671	0.166226419999	0.17755727343	0.182162383723	0.163965611839	0.160095233955	0.147670717475	0.127052626132	0.141490625982	0.18238052638
158479027-supragingivalplaque1.freeze11.snv.mod.fix.bam	0.190535761942	0.177127354034	0.157900279569	0.158656818967	0.189972025984	0.0	0.00415265288412	0.246349350951	0.246973285284	0.155210001272	0.164698158667	0.174042411928	0.169621155171	0.162671160028	0.161211935447	0.160172535615	0.161854163029	0.150539349444	0.16508335497	0.157359138043	0.209766023837	0.142224128013	0.174935886512	0.160700694557	0.172355082285	0.219935853448	0.162729891712	0.178194754814	0.157926558714	0.15741827136	0.158907820032	0.165006515666	0.168070992739	0.164421396828	0.242390087512	0.242876582412	0.142146870696	0.148466156468	0.161288074569	0.159221578276	0.187475800152	0.169067154709	0.1677957899	0.163535715395	0.234173223905	0.182854583181	0.18991983123	0.186763706502	0.171876289038	0.181015147395	0.190362094226	0.185284124297	0.179031033558	0.163837845067	0.186802600535	0.215595023566	0.141674779337	0.170974525625	0.174081155917	0.180148011581	0.143684695164	0.181181300806	0.193466946104	0.173347881954	0.179092206864	0.167682997867	0.145875406349	0.178797439165	0.165446129192	0.180291278957	0.24724268802	0.188675358079	0.178561108817	0.192660280473	0.150231410342	0.16761953629	0.244746273377	0.138035550711	0.174120837758	0.234080050497	0.134268154696	0.153598320995	0.156650041275	0.175151797097	0.187096174468	0.17611594255	0.155874619741	0.184637738381	0.18406512762	0.234611286748	0.237066106261	0.142084949959	0.162435882109	0.205254765171	0.192237390428	0.158201399295	0.145192729946	0.217150649054	0.146123892028	0.159062566331	0.199311071263	0.147624133778	0.153003420294	0.158802979514	0.177588572632	0.155355937388	0.185812395507	0.143510434835	0.231836534971	0.179805279627	0.173582353925	0.177981879535	0.179613662224	0.142030055672	0.155134893691	0.177908645555	0.225557506055	0.227921719415	0.0730448963398	0.0789281529037	0.164315277559	0.191563486376	0.180344547441	0.21801582187
158479027-supragingivalplaque2.freeze11.snv.mod.fix.bam	0.190034374864	0.177521588443	0.158177473106	0.158674720585	0.190525156412	0.00415265288412	0.0	0.247019276734	0.247622474634	0.155719297755	0.165596795463	0.174046434945	0.169068261259	0.162687503936	0.16104021628	0.160108098346	0.161682558644	0.150354418581	0.165791878476	0.158204575437	0.21020694873	0.141201460105	0.175405772565	0.161388731493	0.172306484151	0.21991949969	0.163052627577	0.178718871003	0.157479748124	0.15698431659	0.15954797327	0.165490526417	0.168925516974	0.165027129091	0.24317145266	0.243612281234	0.142158128492	0.148035154044	0.161341872258	0.158732673881	0.188426566547	0.170021070167	0.168690868482	0.163786216258	0.234776897746	0.18355360859	0.190571648718	0.18744035392	0.17223609604	0.181507044228	0.190938342705	0.186317211836	0.179880973503	0.1641596136	0.187022633588	0.215616410488	0.140709214799	0.171813956211	0.174822681085	0.180298374012	0.14402456588	0.1816527876	0.194331269111	0.173771510277	0.179852695325	0.168657810754	0.145559031458	0.178972723501	0.166555463285	0.18103123786	0.247683365068	0.189511501875	0.179240895094	0.193043277856	0.150698279972	0.168677080557	0.245345772639	0.137414457775	0.174807705643	0.234390278614	0.133340579495	0.15369368716	0.156734681998	0.17577810167	0.187674315674	0.17710296231	0.155809227016	0.185208061121	0.184635053899	0.235501332498	0.237823431642	0.142085358361	0.163087980405	0.206037874537	0.192470480372	0.158484838602	0.145109003715	0.218291097162	0.145286754748	0.159233818526	0.20000095451	0.14759893288	0.152605865786	0.158644887201	0.178327292769	0.155677961174	0.185663728835	0.143784544645	0.232245142569	0.180241786272	0.174338589895	0.177925186107	0.180737213445	0.141218932047	0.155431977714	0.178273272099	0.226326998024	0.228629695308	0.0739360540679	0.079979860688	0.165079996813	0.192626485431	0.181304364907	0.218629027164
158479027-tonguedorsum1.freeze11.snv.mod.fix.bam	0.2441516154	0.201697819702	0.223563855154	0.225432682213	0.204525819837	0.246349350951	0.247019276734	0.0	0.00460261566642	0.234200466524	0.222249298027	0.252295295313	0.252155168334	0.247553910393	0.250558582781	0.249758937293	0.251214626628	0.242162152001	0.226777573076	0.231800802955	0.171875588652	0.252509468783	0.252445571698	0.246827398449	0.218739843	0.174539512496	0.227806022975	0.203965681115	0.254626468199	0.253876051482	0.240942840054	0.217964330502	0.225373850497	0.228205019545	0.102337696178	0.102147644127	0.252925272137	0.252704000523	0.249295425421	0.256096691459	0.203841113841	0.233913321288	0.238224998374	0.22644743808	0.0875877024954	0.19337980513	0.212997308978	0.211848552837	0.233110034931	0.226700610058	0.210846676044	0.219631383013	0.163103462511	0.228161647968	0.220285592369	0.171313471962	0.250643362687	0.218557624664	0.219480490725	0.24084897115	0.24473825987	0.219959600315	0.178034887988	0.204667160749	0.22328339462	0.218295980481	0.252760603399	0.211735311854	0.221818638758	0.191026471712	0.0997796917944	0.203465159098	0.199933384037	0.201875654711	0.238021451964	0.230247753441	0.102690406542	0.249097023634	0.200342212231	0.0906295283779	0.243830899387	0.245991926838	0.250414482256	0.238563425972	0.208806979523	0.213078849512	0.236833772659	0.210835655383	0.212582727002	0.113228797578	0.116459651269	0.237924481372	0.226730501886	0.165784854092	0.226999175351	0.235750176206	0.245018314918	0.144604735727	0.253045469279	0.24901003292	0.164171344223	0.235472492487	0.25042710945	0.246907391719	0.235061803571	0.220984109772	0.249617846486	0.24214987863	0.0954343963547	0.211328770136	0.209966080004	0.208595977299	0.201700466127	0.245855469653	0.241202314935	0.234600583538	0.100109201033	0.109484404067	0.232822566916	0.23109849214	0.220160983919	0.187091038513	0.194724937598	0.120517080197
158479027-tonguedorsum2.freeze11.snv.mod.fix.bam	0.243472957448	0.200874050039	0.223092384711	0.225219540873	0.203696557776	0.246973285284	0.247622474634	0.00460261566642	0.0	0.234160887335	0.222237046039	0.251587276632	0.251553340931	0.247261446898	0.24993836764	0.249154342414	0.250618648517	0.241805535285	0.226659094336	0.231791934924	0.171161323796	0.252436363249	0.252225608928	0.246569408037	0.218006848157	0.173213716823	0.227490678468	0.203489103765	0.254136813888	0.253287012887	0.240695749828	0.217659287781	0.225201844186	0.228044116081	0.101496237575	0.101238184537	0.252844931363	0.252479995061	0.248902431058	0.255445985687	0.203100364989	0.234049717624	0.238371613699	0.226145928376	0.0858517924531	0.192647791109	0.212626498932	0.21138108449	0.232899117286	0.226089625929	0.210205034879	0.219084367414	0.162954603472	0.227811567657	0.21920957763	0.170244270134	0.250531039813	0.218169958002	0.219161249147	0.240463540675	0.244658239502	0.219230926204	0.177376136603	0.203927727736	0.223044355247	0.217916007921	0.252816558659	0.210956000417	0.221470890576	0.19028058521	0.0982352910451	0.203070281937	0.199072531434	0.200241199177	0.237789835137	0.230195916418	0.101617987067	0.248756742367	0.199894393843	0.0892133219874	0.243638324296	0.245512473283	0.249784917749	0.238254205917	0.208068925982	0.21279829706	0.236416491876	0.209954586529	0.211777289835	0.111634417893	0.114985330716	0.237738322176	0.226715659565	0.164956408428	0.226402891664	0.235093995867	0.245111236793	0.14399220695	0.252686425311	0.248523689548	0.163326154349	0.235444330032	0.249843428226	0.246194991857	0.234736302352	0.220537990335	0.249070710066	0.242007955151	0.093949760307	0.210477064018	0.209319866038	0.207488530299	0.201327133169	0.245392520322	0.240804733344	0.233958982645	0.0991455794238	0.108850491439	0.233302014539	0.231536769764	0.220045455109	0.186587090251	0.194024294176	0.119343712667
158499257-supragingivalplaque1.freeze11.snv.mod.fix.bam	0.176660129458	0.16012918129	0.137314932496	0.134400871678	0.163863739161	0.155210001272	0.155719297755	0.234200466524	0.234160887335	0.0	0.0845121035324	0.165790683692	0.159029934375	0.143899430669	0.154053773895	0.153139557325	0.154922757321	0.150066918889	0.138170032001	0.130097774488	0.193612434326	0.132135483613	0.162185918984	0.146362259607	0.161785848961	0.206441743779	0.0747930614168	0.148505654465	0.156181270884	0.15511396266	0.138579146567	0.138175896224	0.140198040709	0.135260460646	0.225312236263	0.226092240898	0.135491299425	0.145394122823	0.13937547623	0.147757476885	0.15598380324	0.136335577786	0.141449181979	0.146532864212	0.218622671188	0.153808759552	0.167414304682	0.162232144119	0.163865434225	0.1660408734	0.171350660942	0.155410262509	0.174610010098	0.139097433238	0.17128802345	0.204978766805	0.131575140187	0.14358420776	0.13923566571	0.164081769127	0.127670394793	0.155757233312	0.162496239819	0.151022583938	0.147753469764	0.138672894517	0.134473161989	0.167789303459	0.133986124713	0.157167438163	0.232615768608	0.153382356431	0.158910728181	0.18234403563	0.128839237054	0.131332410466	0.229742813395	0.135496208037	0.146634577399	0.217816504265	0.129529941565	0.141805252362	0.147089442393	0.146227984934	0.171455686964	0.149158484101	0.141449070117	0.162675955282	0.161518534831	0.217428269076	0.221113544909	0.127580360394	0.136135894006	0.174871528651	0.172706014337	0.144258273192	0.131474601384	0.193743174637	0.141229327573	0.153249046581	0.175936212292	0.12512620325	0.142141116759	0.150412873522	0.153738346721	0.131047410472	0.168378263742	0.127494096668	0.216551298623	0.170461379368	0.156043127839	0.169508817115	0.144701263732	0.136494897044	0.137032646099	0.155101816073	0.204296740724	0.207837970831	0.135730131129	0.134246225799	0.135243798667	0.157899684289	0.159102362065	0.201590473959
158499257-supragingivalplaque2.freeze11.snv.mod.fix.bam	0.180706810813	0.153687939137	0.131509596929	0.139127347277	0.153051234041	0.164698158667	0.165596795463	0.222249298027	0.222237046039	0.0845121035324	0.0	0.168491906388	0.168429336254	0.146295397144	0.162189410105	0.161174456587	0.163065858609	0.159791263617	0.111549872558	0.125066379149	0.188377656051	0.151069578813	0.163440425184	0.14897231896	0.159974831048	0.202344583023	0.104426703777	0.147368684296	0.162925641417	0.161616465144	0.138673513198	0.127153552558	0.130363090842	0.12860088336	0.215106374452	0.215790207405	0.14772232308	0.160864311684	0.14710060995	0.16016086142	0.136626215056	0.120114558157	0.132828928775	0.137736235764	0.20764507424	0.139435171536	0.161904907356	0.152692008412	0.161978301446	0.163263632315	0.162820656819	0.144527582904	0.154800497515	0.130306273671	0.169654853728	0.199241453038	0.150340684742	0.133244434362	0.123111890469	0.163748688937	0.133337937991	0.14164439892	0.141311802798	0.137512930601	0.129816765523	0.124616958649	0.150755529843	0.16515952852	0.122321463089	0.145551370502	0.221940028092	0.133028025273	0.146436138057	0.17747433724	0.12930581344	0.118903521292	0.219274627893	0.149691530504	0.133202528329	0.207711401398	0.148059394062	0.150950827058	0.157465734306	0.135217091312	0.164650778365	0.132442736586	0.147411044988	0.149912739898	0.147835919621	0.20406378422	0.208556943415	0.1356705641	0.125965932454	0.158624126331	0.172712643262	0.149807632853	0.143072493407	0.176956618794	0.157423115545	0.161030388658	0.164761206091	0.130530109821	0.153419765498	0.159551830037	0.144787546369	0.123918591814	0.169083946031	0.134672678804	0.206684269929	0.165930999368	0.149408618927	0.165561926785	0.123138642521	0.15108071339	0.139929110879	0.149048444253	0.190911436329	0.195486462197	0.130179373245	0.127788644845	0.123853680152	0.13471575657	0.145165777283	0.192620307277
158742018-supragingivalplaque1.freeze11.snv.mod.fix.bam	0.188575605539	0.189489639061	0.177636098036	0.178539269697	0.188939506237	0.174042411928	0.174046434945	0.252295295313	0.251587276632	0.165790683692	0.168491906388	0.0	0.167093255264	0.162382632661	0.168677474235	0.167490078108	0.169166710296	0.166513770741	0.165833668587	0.155432479914	0.216206340427	0.163860886147	0.063369983526	0.14300023932	0.174986031029	0.226150314562	0.170760977579	0.186440464194	0.163766149291	0.163201653463	0.164313210714	0.177447310584	0.171090788661	0.166732011719	0.247743785651	0.248272961817	0.159207043948	0.172967198988	0.167111122774	0.16653800159	0.186538572043	0.165452659842	0.163846112047	0.17475045509	0.239195544312	0.187812535772	0.188155502599	0.185369833493	0.165957988269	0.167146583242	0.188264703037	0.174689676069	0.210312695546	0.169604798497	0.18351369548	0.223674263134	0.164303068277	0.173942668835	0.169354475709	0.157835278966	0.145496220049	0.176685770444	0.19703936815	0.181597391632	0.175224598919	0.17520039741	0.166067052109	0.187522336985	0.171241534489	0.190156360975	0.253144763272	0.180770668878	0.187993623671	0.195985264065	0.158632629201	0.169922085844	0.248024062919	0.163174033363	0.181506656414	0.240127878637	0.16375321998	0.160255277969	0.162493485559	0.158617968229	0.18932228795	0.179558983651	0.166174336379	0.178361553624	0.177737849376	0.240714322947	0.24354455615	0.163525593111	0.170228224104	0.206302560919	0.189832449173	0.167460549951	0.162469353283	0.220990496364	0.170660628872	0.169736587994	0.200963777969	0.165836759284	0.157635440311	0.167444021099	0.159490224343	0.166218833424	0.162180509202	0.16342447055	0.238695701956	0.19030341552	0.182755302168	0.188691019836	0.178814201841	0.164778126818	0.164011850766	0.164617821095	0.230514180009	0.23305743192	0.166534058389	0.165987234411	0.170833612383	0.195577334274	0.184586945684	0.224618807987
158802708-supragingivalplaque2.freeze11.snv.mod.fix.bam	0.191896071436	0.184895913292	0.168903324554	0.168480592309	0.192918899216	0.169621155171	0.169068261259	0.252155168334	0.251553340931	0.159029934375	0.168429336254	0.167093255264	0.0	0.0418998454465	0.161882900633	0.161036592009	0.16245179651	0.157146762413	0.17142017859	0.155771684579	0.211355025748	0.155826273954	0.167087706126	0.161957625693	0.177894591292	0.222207384862	0.166032521202	0.184276286481	0.166639136051	0.165788406361	0.15916506783	0.17301926096	0.169208796923	0.164389024704	0.245047242306	0.245843345628	0.151234997944	0.163328127924	0.159848259711	0.157753222806	0.189392257774	0.169064762032	0.167911334424	0.172992781731	0.237410168735	0.172909339702	0.189109184058	0.187305294705	0.180418892766	0.182145073663	0.195065712134	0.185553795298	0.207237212036	0.167406062851	0.184375127565	0.219777519129	0.155403319227	0.173048414975	0.174279454506	0.169834252557	0.144094602072	0.181130668289	0.197597533399	0.179889127205	0.180807857015	0.17236538134	0.159473795108	0.186944619822	0.157536635946	0.186961741286	0.25136032882	0.186956818193	0.188263386181	0.200579205756	0.152549475161	0.156306512107	0.250575130166	0.155058913547	0.177805098704	0.2369319675	0.156059636731	0.154667661996	0.156832663813	0.171333617069	0.192939851921	0.182878821903	0.157187909121	0.186571842228	0.185628742791	0.236950624496	0.240064083058	0.157612304742	0.169878612695	0.207451707183	0.191841732074	0.161947100354	0.159045882686	0.219087395398	0.160711227661	0.162399532409	0.1962623007	0.159548371895	0.151196430591	0.136354853648	0.173555642882	0.162471621018	0.177801666192	0.154947877842	0.234942996183	0.18938170841	0.182312847677	0.187361945466	0.183366546405	0.154505262766	0.156789985161	0.175668820225	0.229083420363	0.231799014788	0.168048497366	0.166913740542	0.166073004319	0.183427447603	0.189301185311	0.21974105012
158802708-supragingivalplaque3.freeze11.snv.mod.fix.bam	0.186416208949	0.174355320348	0.153032968737	0.155699676893	0.17946315547	0.162671160028	0.162687503936	0.247553910393	0.247261446898	0.143899430669	0.146295397144	0.162382632661	0.0418998454465	0.0	0.156325677303	0.155453201708	0.156999824173	0.145559356339	0.153257754001	0.138804811135	0.205759236145	0.150255775215	0.160722376363	0.149352040147	0.171048345767	0.217986083939	0.150457568477	0.172377223357	0.128529141363	0.127641355807	0.145809002737	0.154932927759	0.153192356784	0.149089962368	0.240070203389	0.241012358373	0.145188511406	0.158448180337	0.150280458084	0.153397267353	0.168834827587	0.148622526766	0.151990194719	0.152561497869	0.232640713383	0.159340457903	0.17868014106	0.173781549885	0.170426818233	0.173730386355	0.185664155632	0.170630396564	0.189685653653	0.132679930508	0.180591489113	0.21574491815	0.149499569302	0.156084108217	0.154268372526	0.163373247209	0.133113908177	0.16617429913	0.179286501497	0.165098107253	0.161301555978	0.153443619579	0.152537308666	0.179586340606	0.140224990375	0.173893129588	0.247714582921	0.168333484183	0.174830854182	0.194368218582	0.137377951584	0.138656938155	0.24553974574	0.14891411972	0.155605250473	0.232183239043	0.149442610674	0.146363189881	0.15067754188	0.155348985151	0.184844933501	0.164968571123	0.142603868263	0.172884192127	0.170778915982	0.231678708438	0.235434029495	0.143702562513	0.149891541331	0.191148845721	0.183243232831	0.151928299253	0.148454238197	0.206807923282	0.15588967673	0.155883644326	0.184740680663	0.146203112807	0.145610568942	0.13788812219	0.159017336748	0.146084351201	0.173930004276	0.140830896395	0.23088777513	0.18200835268	0.170434650694	0.180648590626	0.161824591212	0.148369755969	0.146052472054	0.163569378723	0.220374404431	0.223683930738	0.14943117361	0.147981291292	0.143101625701	0.16422601624	0.175155577663	0.214101657989
158883629-supragingivalplaque1.freeze11.snv.mod.fix.bam	0.183938942312	0.182813719625	0.168678790843	0.172670519679	0.187926940746	0.161211935447	0.16104021628	0.250558582781	0.24993836764	0.154053773895	0.162189410105	0.168677474235	0.161882900633	0.156325677303	0.0	0.00274071311225	0.0016097113412	0.157067209258	0.166281484962	0.156754257035	0.21331162282	0.155830047633	0.162233460795	0.0578917363136	0.179501176217	0.220159111525	0.161817464332	0.181926087129	0.155953803643	0.155174186224	0.081783320995	0.172456317249	0.166344891508	0.160410705661	0.246984242088	0.24741677487	0.141135486156	0.165427056649	0.133297474812	0.127222945617	0.187799161959	0.150692837638	0.163603145695	0.166066477274	0.238898129248	0.179432598496	0.188871982375	0.185470042443	0.177855627231	0.179967346331	0.193573113263	0.182770549312	0.204537173604	0.163232008309	0.18667083653	0.217884608338	0.15680098092	0.156629998613	0.159651094306	0.179493312223	0.130908027271	0.18206019179	0.194621499751	0.175774562616	0.178024233468	0.127758766843	0.159634892941	0.184204197427	0.163913604401	0.185430212675	0.251467436244	0.189556937425	0.181386441637	0.198003027027	0.0913662930252	0.163015604003	0.24826640244	0.154619422839	0.178206619207	0.236928579913	0.1535868875	0.0522110496026	0.0499804125076	0.168998864778	0.19185785298	0.180241083532	0.152162475297	0.186080280169	0.185059591903	0.236889992784	0.238925482401	0.155789485363	0.161477650729	0.205832090062	0.191128418176	0.0336006312964	0.158068156894	0.21709646403	0.162205155421	0.0257562492833	0.201846695055	0.159120901854	0.0390388532963	0.155362896371	0.173973571438	0.155135290682	0.179442452397	0.135267671373	0.236060385133	0.184519374283	0.178013886387	0.182574395882	0.176505881895	0.157262143858	0.0329792212485	0.172898111503	0.230201893457	0.232074835721	0.162756816424	0.162075100442	0.130259745073	0.191161275674	0.185114190736	0.223921593063
158883629-supragingivalplaque2.freeze11.snv.mod.fix.bam	0.183186476639	0.181408714904	0.167535946085	0.171713123708	0.186765103675	0.160172535615	0.160108098346	0.249758937293	0.249154342414	0.153139557325	0.161174456587	0.167490078108	0.161036592009	0.155453201708	0.00274071311225	0.0	0.00222419887638	0.156145789624	0.165067233302	0.155604621302	0.212561227285	0.154776750366	0.160778635722	0.0568013836742	0.178554341811	0.219141220072	0.16082984419	0.180674315213	0.154997547377	0.154210050701	0.0808861731244	0.171386662028	0.165149777317	0.159300279624	0.246328688323	0.246744624455	0.139843468801	0.163962694283	0.132579875964	0.126541637953	0.186596655602	0.14951958987	0.162480686875	0.165128876635	0.237916898687	0.178537333534	0.188200139852	0.184701003178	0.176915590509	0.178967103065	0.192447957453	0.181637692784	0.203687216614	0.162135516978	0.185527003988	0.21706207714	0.155966675902	0.155290251274	0.158393679941	0.178557134718	0.129777381548	0.180863042593	0.193618349397	0.17456536578	0.177008934818	0.126269427797	0.158459119964	0.183210119582	0.162663160593	0.184317380036	0.250939191361	0.188454976798	0.179995852188	0.196728076048	0.0901819478617	0.162051714301	0.247597240431	0.153396245017	0.176981338479	0.235979246056	0.152597244161	0.0513718606849	0.0490729848846	0.167954475323	0.190684983371	0.178909413892	0.15110859008	0.185018999243	0.184056669344	0.2360632496	0.238013267423	0.154482924204	0.160505493916	0.204875271553	0.190397546978	0.0333811428754	0.157040034375	0.216078665083	0.161117500427	0.025612440718	0.200910051497	0.158032232732	0.0384465194639	0.154573713265	0.172740875825	0.154034113038	0.1782340987	0.133998508184	0.23524032901	0.183076453412	0.17654826964	0.181414006146	0.175300077931	0.156076277146	0.0325550155109	0.171748116592	0.229167247725	0.231223756621	0.161583814902	0.160792732333	0.129192343764	0.190146353137	0.183586801276	0.223101187194
158883629-supragingivalplaque3.freeze11.snv.mod.fix.bam	0.184439725819	0.183708410257	0.169609891344	0.173462385026	0.188819955155	0.161854163029	0.161682558644	0.251214626628	0.250618648517	0.154922757321	0.163065858609	0.169166710296	0.16245179651	0.156999824173	0.0016097113412	0.00222419887638	0.0	0.157628851652	0.167001769858	0.157537572218	0.21404814454	0.156510999915	0.162713376653	0.0584203765935	0.180178181112	0.220784699732	0.162668027698	0.182730754553	0.156371090112	0.155614403122	0.0824078389277	0.173299017583	0.167069975076	0.161155072019	0.247679745862	0.248110413303	0.141670047002	0.165941673924	0.134056856017	0.127656305475	0.188671746415	0.151551330861	0.164432899724	0.166845925629	0.23959559351	0.180223813365	0.189741329769	0.186370764255	0.178437911963	0.180601596367	0.194193527796	0.183580735811	0.205359098481	0.164069491348	0.187370959556	0.218564943423	0.157449899704	0.157513606622	0.160560591143	0.180107533027	0.131497184213	0.18279227496	0.19551511697	0.176684640744	0.178902497147	0.12881081247	0.16025996319	0.184996669019	0.164779467613	0.186350862893	0.252177961943	0.190425194104	0.182227236337	0.198597361798	0.0919563718742	0.163935872986	0.248929424585	0.15534228409	0.179066081794	0.237625603384	0.154166624087	0.0524193751358	0.0500302370451	0.169653293833	0.192472196826	0.181042712806	0.152772767164	0.186831973977	0.185835550896	0.23758766766	0.239531381418	0.156561867113	0.162280991251	0.206644950532	0.191844804275	0.0339503228144	0.158771380151	0.217911068131	0.162805933746	0.0258683687653	0.202711092053	0.159955518415	0.0391189794105	0.155832589789	0.174579593546	0.155979257165	0.179912124832	0.135986738183	0.236687613582	0.185227534061	0.178822471105	0.183284830411	0.17742026751	0.157940229448	0.0333410919055	0.173578167332	0.231078733196	0.232936196168	0.163619541655	0.162938563608	0.131216602566	0.192066507959	0.185966902521	0.224783053137
