	103092734-palatinetonsils3.freeze11.snv.mod.fix.bam	158216035-tonguedorsum2.freeze11.snv.mod.fix.bam	158256496-tonguedorsum2.freeze11.snv.mod.fix.bam	158337416-tonguedorsum1.freeze11.snv.mod.fix.bam	158337416-tonguedorsum2.freeze11.snv.mod.fix.bam	158458797-tonguedorsum1.freeze11.snv.mod.fix.bam	158479027-tonguedorsum1.freeze11.snv.mod.fix.bam	158479027-tonguedorsum2.freeze11.snv.mod.fix.bam	158499257-tonguedorsum1.freeze11.snv.mod.fix.bam	158499257-tonguedorsum2.freeze11.snv.mod.fix.bam	158742018-tonguedorsum1.freeze11.snv.mod.fix.bam	158802708-tonguedorsum1.freeze11.snv.mod.fix.bam	158802708-tonguedorsum2.freeze11.snv.mod.fix.bam	158802708-tonguedorsum3.freeze11.snv.mod.fix.bam	158883629-tonguedorsum2.freeze11.snv.mod.fix.bam	158944319-tonguedorsum1.freeze11.snv.mod.fix.bam	158944319-tonguedorsum2.freeze11.snv.mod.fix.bam	158944319-tonguedorsum3.freeze11.snv.mod.fix.bam	159005010-tonguedorsum2.freeze11.snv.mod.fix.bam	159207311-tonguedorsum1.freeze11.snv.mod.fix.bam	159207311-tonguedorsum3.freeze11.snv.mod.fix.bam	159227541-tonguedorsum2.freeze11.snv.mod.fix.bam	159247771-tonguedorsum2.freeze11.snv.mod.fix.bam	159268001-tonguedorsum1.freeze11.snv.mod.fix.bam	159268001-tonguedorsum2.freeze11.snv.mod.fix.bam	159268001-tonguedorsum3.freeze11.snv.mod.fix.bam	159369152-tonguedorsum1.freeze11.snv.mod.fix.bam	159470302-tonguedorsum1.freeze11.snv.mod.fix.bam	159490532-tonguedorsum1.freeze11.snv.mod.fix.bam	159510762-supragingivalplaque3.freeze11.snv.mod.fix.bam	159510762-tonguedorsum2.freeze11.snv.mod.fix.bam	159571453-tonguedorsum1.freeze11.snv.mod.fix.bam	159571453-tonguedorsum2.freeze11.snv.mod.fix.bam	159591683-tonguedorsum2.freeze11.snv.mod.fix.bam	159713063-tonguedorsum2.freeze11.snv.mod.fix.bam	159753524-tonguedorsum1.freeze11.snv.mod.fix.bam	159753524-tonguedorsum3.freeze11.snv.mod.fix.bam	159814214-tonguedorsum2.freeze11.snv.mod.fix.bam	159915365-tonguedorsum1.freeze11.snv.mod.fix.bam	160158126-tonguedorsum1.freeze11.snv.mod.fix.bam	160158126-tonguedorsum2.freeze11.snv.mod.fix.bam	160178356-tonguedorsum1.freeze11.snv.mod.fix.bam	160178356-tonguedorsum3.freeze11.snv.mod.fix.bam	160319967-tonguedorsum1.freeze11.snv.mod.fix.bam	160319967-tonguedorsum3.freeze11.snv.mod.fix.bam	160380657-tonguedorsum1.freeze11.snv.mod.fix.bam	160380657-tonguedorsum3.freeze11.snv.mod.fix.bam	160421117-tonguedorsum2.freeze11.snv.mod.fix.bam	160421117-tonguedorsum3.freeze11.snv.mod.fix.bam	160502038-tonguedorsum1.freeze11.snv.mod.fix.bam	160502038-tonguedorsum2.freeze11.snv.mod.fix.bam	160582958-tonguedorsum3.freeze11.snv.mod.fix.bam	160643649-tonguedorsum1.freeze11.snv.mod.fix.bam	160765029-tonguedorsum1.freeze11.snv.mod.fix.bam	160947100-tonguedorsum1.freeze11.snv.mod.fix.bam	234447334-tonguedorsum2.freeze11.snv.mod.fix.bam	338793263-tonguedorsum1.freeze11.snv.mod.fix.bam	338793263-tonguedorsum2.freeze11.snv.mod.fix.bam	370425937-tonguedorsum1.freeze11.snv.mod.fix.bam	375450439-tonguedorsum3.freeze11.snv.mod.fix.bam	508703490-tonguedorsum2.freeze11.snv.mod.fix.bam	550534656-tonguedorsum1.freeze11.snv.mod.fix.bam	604812005-tonguedorsum1.freeze11.snv.mod.fix.bam	604812005-tonguedorsum2.freeze11.snv.mod.fix.bam	604812005-tonguedorsum3.freeze11.snv.mod.fix.bam	663835652-tonguedorsum2.freeze11.snv.mod.fix.bam	675950834-tonguedorsum2.freeze11.snv.mod.fix.bam	675950834-tonguedorsum3.freeze11.snv.mod.fix.bam	686765762-tonguedorsum1.freeze11.snv.mod.fix.bam	686765762-tonguedorsum2.freeze11.snv.mod.fix.bam	686765762-tonguedorsum3.freeze11.snv.mod.fix.bam	706846339-tonguedorsum1.freeze11.snv.mod.fix.bam	763395383-anteriornares3.freeze11.snv.mod.fix.bam	763435843-tonguedorsum1.freeze11.snv.mod.fix.bam	763435843-tonguedorsum2.freeze11.snv.mod.fix.bam	763496533-palatinetonsils2.freeze11.snv.mod.fix.bam	763496533-tonguedorsum2.freeze11.snv.mod.fix.bam	763557224-tonguedorsum3.freeze11.snv.mod.fix.bam	763577454-tonguedorsum1.freeze11.snv.mod.fix.bam	763759525-tonguedorsum2.freeze11.snv.mod.fix.bam	763820215-tonguedorsum1.freeze11.snv.mod.fix.bam	763820215-tonguedorsum2.freeze11.snv.mod.fix.bam	763840445-tonguedorsum1.freeze11.snv.mod.fix.bam	763840445-tonguedorsum2.freeze11.snv.mod.fix.bam	763860675-tonguedorsum1.freeze11.snv.mod.fix.bam	763901136-tonguedorsum2.freeze11.snv.mod.fix.bam	763901136-tonguedorsum3.freeze11.snv.mod.fix.bam	763961826-tonguedorsum1.freeze11.snv.mod.fix.bam	763961826-tonguedorsum2.freeze11.snv.mod.fix.bam	764042746-tonguedorsum1.freeze11.snv.mod.fix.bam	764083206-tonguedorsum1.freeze11.snv.mod.fix.bam	764083206-tonguedorsum2.freeze11.snv.mod.fix.bam	764143897-tonguedorsum2.freeze11.snv.mod.fix.bam	764224817-tonguedorsum1.freeze11.snv.mod.fix.bam	764224817-tonguedorsum2.freeze11.snv.mod.fix.bam	764285508-tonguedorsum1.freeze11.snv.mod.fix.bam	764285508-tonguedorsum2.freeze11.snv.mod.fix.bam	764325968-tonguedorsum1.freeze11.snv.mod.fix.bam	764447348-tonguedorsum1.freeze11.snv.mod.fix.bam	764487809-tonguedorsum1.freeze11.snv.mod.fix.bam	764487809-tonguedorsum2.freeze11.snv.mod.fix.bam	764508039-tonguedorsum1.freeze11.snv.mod.fix.bam	764508039-tonguedorsum3.freeze11.snv.mod.fix.bam	764649650-tonguedorsum1.freeze11.snv.mod.fix.bam	764811490-tonguedorsum1.freeze11.snv.mod.fix.bam	764872181-tonguedorsum1.freeze11.snv.mod.fix.bam	764892411-tonguedorsum2.freeze11.snv.mod.fix.bam	765013792-tonguedorsum2.freeze11.snv.mod.fix.bam	765013792-tonguedorsum3.freeze11.snv.mod.fix.bam	765094712-tonguedorsum2.freeze11.snv.mod.fix.bam	765135172-tonguedorsum2.freeze11.snv.mod.fix.bam	765155402-tonguedorsum3.freeze11.snv.mod.fix.bam	765216093-tonguedorsum3.freeze11.snv.mod.fix.bam	765337473-tonguedorsum1.freeze11.snv.mod.fix.bam	765337473-tonguedorsum2.freeze11.snv.mod.fix.bam	765337473-tonguedorsum3.freeze11.snv.mod.fix.bam	765620695-tonguedorsum1.freeze11.snv.mod.fix.bam	765701615-tonguedorsum1.freeze11.snv.mod.fix.bam	765701615-tonguedorsum2.freeze11.snv.mod.fix.bam	809635352-tonguedorsum1.freeze11.snv.mod.fix.bam	809635352-tonguedorsum2.freeze11.snv.mod.fix.bam	823052294-tonguedorsum1.freeze11.snv.mod.fix.bam	861967750-tonguedorsum1.freeze11.snv.mod.fix.bam	937415040-tonguedorsum1.freeze11.snv.mod.fix.bam	953045535-tonguedorsum2.freeze11.snv.mod.fix.bam
103092734-palatinetonsils3.freeze11.snv.mod.fix.bam	0.0	0.0921460655152	0.0926347046552	0.0719051288316	0.108628239584	0.105282940856	0.0597831193971	0.0651017684978	0.117724445113	0.10451239452	0.102877332782	0.0951906632337	0.0981600856998	0.0878986637599	0.0794978293146	0.0654400571332	0.0859253133868	0.0670563250578	0.0786521077261	0.0806818395384	0.0681087785901	0.0712285515608	0.133492454284	0.112932022778	0.111766806367	0.10719990979	0.124809712643	0.0484692439249	0.112011125937	0.107011971659	0.11691631115	0.087917457573	0.199627882501	0.123475351914	0.0888195606007	0.087428818433	0.106260219136	0.0721118607754	0.096261910579	0.0626021913586	0.081320829183	0.0599710575279	0.0863951587138	0.0873348493676	0.12137044485	0.0920708902629	0.0858501381345	0.0751564584939	0.0731831081208	0.0650077994324	0.0793098911838	0.097239188859	0.0849104474807	0.0893269935537	0.0808885714823	0.053637542521	0.07837020053	0.0746114379146	0.100133436073	0.147305906895	0.102708188464	0.065891108647	0.072732056607	0.0681275724032	0.0611550677517	0.052660264241	0.092089684076	0.0965626115883	0.11330789904	0.0900787460768	0.104080136819	0.0534683982033	3.75876261535e-05	0.0609483358079	0.0586930782386	0.055347779511	0.0517769550264	0.0757578605123	0.0663233663478	0.0577345937717	0.0621699336578	0.0481497491026	0.103610291492	0.0601777894717	0.0480745738503	0.0816215301923	0.044578924618	0.0936119829352	0.0868086226014	0.0817342930707	0.126764269203	0.087936251386	0.133868330546	0.0910560243568	0.10011464226	0.042849893815	0.0177225657314	0.0472288522618	0.0811704786784	0.102858538969	0.104399631641	0.0685034486647	0.0763592625308	0.0986863124659	0.0581292638463	0.0971264259806	0.0681463662162	0.0758706233908	0.0606476347986	0.120524723261	0.117198218347	0.1006032814	0.0639741397132	0.060008645154	0.111710424928	0.07665996354	0.08154635494	0.0562686763517	0.0442782236088	0.0832565919299	0.128606062884	0.0860004886391	0.0630532428724	0.0566633464264	0.120017290308
158216035-tonguedorsum2.freeze11.snv.mod.fix.bam	0.0921460655152	0.0	0.101956435941	0.07910315924	0.118946042963	0.0887067977222	0.0683906857862	0.071754778327	0.0822041383976	0.0626021913586	0.115318837039	0.0762464996523	0.0781070871469	0.0707587062339	0.0829934785469	0.0636358510778	0.0860004886391	0.0685410362909	0.0544268826702	0.094777199346	0.0849668289199	0.0518709240918	0.126425980567	0.138059350862	0.12180270255	0.118983630589	0.119453475916	0.047510759458	0.119585032607	0.117912383243	0.125693021857	0.0964122610837	0.204852562536	0.0436768215903	0.108628239584	0.0672442631886	0.0924279727114	0.0702512732808	0.096243116766	0.0779379428292	0.100020673194	0.0447856565619	0.0812080663046	0.0914319006183	0.128850382454	0.0874100246199	0.0821853445846	0.0580916762202	0.0610423048732	0.0631096243117	0.0751752523069	0.105038621286	0.0581668514725	0.0904358285252	0.0882933338345	0.0564002330433	0.07543836569	0.0711909639347	0.109774662181	0.16382566859	0.0996072093067	0.0733898400647	0.0538254806518	0.0532240786333	0.0448420380011	0.07470540698	0.115394012291	0.119434682103	0.101392621549	0.0638989644609	0.0743483245316	0.0503674190457	0.0860004886391	0.0600838204063	0.0602341709109	0.067845665207	0.0664173354132	0.0816967054446	0.0683530981601	0.112668909395	0.0612866244432	0.0585803153602	0.115281249413	0.0640869025917	0.0464770997388	0.0346745851266	0.0626773666109	0.114567084516	0.107105940724	0.102369899829	0.149767896409	0.107801311808	0.135992031423	0.0973707455506	0.109079291097	0.0966001992144	0.124039166306	0.0910184367306	0.0823169012761	0.112311826947	0.113871713432	0.0648762427409	0.0682403352816	0.0700821289631	0.0671878817493	0.0900599522637	0.0615497378263	0.0738972730177	0.0563438516041	0.135597361349	0.105132590351	0.0914319006183	0.0612490368171	0.0501418932887	0.10494465222	0.0773177469977	0.0914506944314	0.0596139750794	0.0530361405025	0.0945140859629	0.140333402244	0.0711909639347	0.0586179029863	0.0652709128155	0.124283485876
158256496-tonguedorsum2.freeze11.snv.mod.fix.bam	0.0926347046552	0.101956435941	0.0	0.0813960044353	0.120938187149	0.119152774907	0.0627149542371	0.0624894284801	0.12601251668	0.112067507377	0.113683775301	0.101242271044	0.103723054371	0.0922024469545	0.0842338702099	0.0682215414685	0.0914131068052	0.0708338814862	0.081076509613	0.0859816948261	0.0738408915785	0.0789340149223	0.142062433047	0.149692721156	0.120975774775	0.11887086771	0.137495536469	0.058787047304	0.132214474995	0.127403258847	0.134544907816	0.104737920277	0.225469375482	0.131237196715	0.119491063542	0.0917513954406	0.115863857618	0.0761713244	0.104080136819	0.0791219530531	0.106185043884	0.0642936345355	0.0927474675337	0.101749703997	0.138942660076	0.108722208649	0.096731755906	0.0844218083407	0.0780131180815	0.0596327688925	0.0865079215922	0.120167640813	0.0911311996091	0.103817023436	0.0900975398899	0.0658159333947	0.0809637467346	0.0770922212408	0.116991486403	0.180232667406	0.10567761093	0.0972579826721	0.0760397677085	0.0703452423462	0.0620947584055	0.080832190043	0.127008588773	0.131932567799	0.127027382586	0.0927474675337	0.107707342743	0.0649514179932	0.0867522411622	0.0598207070232	0.0554793362025	0.0778439737638	0.0683530981601	0.0888195606007	0.0759645924562	0.12888797008	0.0664925106655	0.0608543667425	0.112293033133	0.0631284181248	0.0571519855664	0.0892330244883	0.0837264372569	0.125636640418	0.118156702813	0.123343795223	0.163355823263	0.118419816197	0.154804638313	0.10182487925	0.109135672537	0.106372982014	0.125862166175	0.0943073540191	0.0742919430923	0.110225713695	0.11129696104	0.0772237779323	0.0828619218553	0.109774662181	0.0746866131669	0.111221785788	0.0684658610385	0.087184498863	0.0679960157116	0.147982484166	0.124715743577	0.110488827078	0.0731267266816	0.066624067357	0.120073671747	0.0817530868838	0.105790373809	0.0551222537541	0.0366479354996	0.0962994982052	0.152323854987	0.0797609426977	0.0672254693755	0.0667744178616	0.14379146385
158337416-tonguedorsum1.freeze11.snv.mod.fix.bam	0.0719051288316	0.07910315924	0.0813960044353	0.0	0.0487699449341	0.0885752410307	0.0301076885489	0.0368170798173	0.0868837978537	0.07543836569	0.0796105921931	0.0715668401962	0.0732019019339	0.0680148095247	0.0603845214156	0.0454810276457	0.0651957375632	0.0498036046533	0.0650829746847	0.0782574376515	0.0673758198801	0.0557800372117	0.102576631773	0.113777744367	0.101486590614	0.0981037042606	0.106974384033	0.0384333477419	0.0878610761337	0.0864327463399	0.0983668176436	0.0623578717886	0.150651205623	0.11477381646	0.0793098911838	0.0696686650755	0.0827115713507	0.0583359957902	0.0701009227762	0.0525287075495	0.0700633351501	0.0413463887688	0.0663985416001	0.0648198613017	0.103647879118	0.0538254806518	0.0682967167209	0.0529985528764	0.0556108928941	0.0395797703396	0.0529985528764	0.101505384427	0.0662669849086	0.07959179838	0.0728072318593	0.0378131519104	0.0546524084271	0.0509876148772	0.0868837978537	0.148264391362	0.092822642786	0.0720366855231	0.0577157999587	0.0534496043902	0.0461200172903	0.0519460993441	0.0865267154053	0.0903230656468	0.099926704129	0.0688041496739	0.0850983856115	0.0349940799489	0.0654400571332	0.0474543780188	0.0443721926742	0.035764626285	0.0433009453288	0.0687289744216	0.0581480576594	0.0932736942998	0.0518897179049	0.0377379766581	0.0845157774061	0.0408201620027	0.0303332143059	0.0735213967562	0.0698941908324	0.0877295194422	0.0826927775376	0.0761149429608	0.121671145859	0.0806254580992	0.0928790242252	0.0700633351501	0.0826551899115	0.0679584280855	0.100509312334	0.0669059745532	0.0557612433987	0.0907553233476	0.0914319006183	0.0557800372117	0.0642748407224	0.0790467778007	0.0496908417749	0.0856997876299	0.0521152436618	0.0572459546317	0.0470033265049	0.119528651168	0.0974647146159	0.0909996429176	0.0574150989494	0.0410268939465	0.0945704674021	0.0611174801255	0.0670375312447	0.047999398598	0.0325320904358	0.0529797590633	0.0843278392753	0.0792910973707	0.0519085117179	0.0403691104888	0.0643876036009
158337416-tonguedorsum2.freeze11.snv.mod.fix.bam	0.108628239584	0.118946042963	0.120938187149	0.0487699449341	0.0	0.13646187675	0.0734462215039	0.0764908192223	0.137176041647	0.124020372493	0.11691631115	0.113890507245	0.116089383375	0.106579713958	0.0979533537559	0.0890450863576	0.118175496627	0.0942321787667	0.103873404875	0.111522486797	0.0969384878498	0.093799921066	0.149749102595	0.150012215978	0.133680392415	0.129357815407	0.148583886185	0.0721870360277	0.113721362927	0.105621229491	0.113270311413	0.0907929109737	0.226503035201	0.155537597023	0.120374372756	0.110432445639	0.132778289387	0.0863763649007	0.110112950817	0.0870529421714	0.110921084779	0.0769418707362	0.10665488921	0.0849292412938	0.123926403428	0.115036929843	0.113025991843	0.098460786709	0.0963746734575	0.074197974027	0.0884812719653	0.133229340901	0.107124734537	0.122967918961	0.107650961304	0.0712097577477	0.104061343006	0.102501456521	0.112161476442	0.180476986976	0.130165949369	0.104737920277	0.102031611194	0.0952470446729	0.0872032926761	0.0911687872352	0.137890206544	0.142175195926	0.139732000226	0.114642259768	0.127196526903	0.0721118607754	0.103121652352	0.0898720141329	0.08056907666	0.0797609426977	0.0770922212408	0.107820105621	0.0936871581875	0.135522186096	0.0915070758706	0.0762652934654	0.125655434231	0.0747242007931	0.071999097897	0.113213929974	0.105602435678	0.134037474863	0.128267774249	0.112424589825	0.163976019095	0.121765114924	0.153733390968	0.110507620891	0.120806630457	0.11184198162	0.138529196189	0.107293878855	0.0967693435321	0.122911537522	0.12356932098	0.0956980961867	0.102501456521	0.124151929185	0.0806818395384	0.122310135503	0.095998797196	0.0988930444098	0.0884624781522	0.152474205492	0.137382773591	0.140258226992	0.0916762201883	0.0834257362476	0.148809411942	0.108496682892	0.110056569377	0.0854554680599	0.0724689432239	0.103084064726	0.155650359902	0.116540434889	0.0919017459452	0.0751752523069	0.152117123043
158458797-tonguedorsum1.freeze11.snv.mod.fix.bam	0.105282940856	0.0887067977222	0.119152774907	0.0885752410307	0.13646187675	0.0	0.0796105921931	0.084252664023	0.106297806762	0.0933864571783	0.127459640286	0.0947959931591	0.0961491477006	0.0889887049183	0.0710594072431	0.0774493036892	0.0979533537559	0.0811892724915	0.0792535097446	0.109473961172	0.0972767764852	0.0395609765265	0.11868292958	0.146892443008	0.132158093556	0.128568475258	0.134075062489	0.0611362739386	0.14208122686	0.134714052134	0.14379146385	0.104662745024	0.219549324362	0.114585878329	0.0940254468229	0.0806254580992	0.102332312203	0.0862448082091	0.103084064726	0.0744986750362	0.0924091788983	0.060252964724	0.0940630344491	0.11031968276	0.147193144017	0.0905110037776	0.095998797196	0.0714728711308	0.0673382322539	0.0700821289631	0.0847225093499	0.120261609878	0.0850983856115	0.0932173128606	0.100584487587	0.0730515514293	0.0821853445846	0.0816215301923	0.130786145201	0.185288203124	0.115093311282	0.0998891165028	0.0725253246631	0.0700069537108	0.0550094908756	0.088180570956	0.131688248229	0.136161175741	0.121389238663	0.0905110037776	0.105414497547	0.0593696555094	0.095265838486	0.0717735721401	0.070044541337	0.0764344377831	0.0774868913154	0.0961491477006	0.0823920765284	0.122629630326	0.0722997989062	0.0645755417317	0.125655434231	0.0725253246631	0.0551598413802	0.0886880039091	0.0953410137383	0.133229340901	0.125862166175	0.116596816328	0.151966772538	0.11349583717	0.150839143754	0.112123888816	0.12137044485	0.109605517864	0.134281794433	0.102294724577	0.0949087560375	0.135277866526	0.135127516022	0.0741791802139	0.0843278392753	0.1006032814	0.0778439737638	0.120675073766	0.0767351387923	0.0876543441899	0.0714352835047	0.154823432126	0.120167640813	0.11129696104	0.0804751075946	0.0633351500686	0.12693341352	0.0919017459452	0.101505384427	0.0704955928508	0.0588810163694	0.109981394125	0.156101411415	0.0995320340544	0.072732056607	0.0754759533162	0.135879268545
158479027-tonguedorsum1.freeze11.snv.mod.fix.bam	0.0597831193971	0.0683906857862	0.0627149542371	0.0301076885489	0.0734462215039	0.0796105921931	0.0	0.00125918547614	0.0859816948261	0.07397244827	0.0673006446278	0.0660038715255	0.0679772218986	0.0616249130786	0.0475859347103	0.0307842658197	0.0546524084271	0.034279915052	0.0476423161495	0.0633351500686	0.0554041609502	0.0425303989927	0.103102858539	0.101430209175	0.0906989419083	0.0876355503768	0.0968257249713	0.026217369242	0.0755511285685	0.0790843654269	0.0934428386175	0.0542013569133	0.155481215584	0.104606363585	0.0656655828901	0.0641808716571	0.0746866131669	0.0427371309365	0.049972748971	0.0344866469958	0.0536187487079	0.0343550903043	0.0554793362025	0.0560431505948	0.0916386325622	0.0484692439249	0.058523933921	0.0424928113665	0.0402751414234	0.0281531319889	0.0417222650304	0.0907929109737	0.0595012122009	0.0662857787216	0.0523219756056	0.0254280290928	0.0513822849518	0.0436392339642	0.0763028810915	0.139619237347	0.0855494371253	0.0561371196602	0.0479430171588	0.0437144092165	0.035501512902	0.0419102031611	0.0829183032946	0.0867334473491	0.0893269935537	0.0571519855664	0.0752316337462	0.0263489259336	0.0529233776241	0.0357834200981	0.0281155443628	0.0308218534458	0.0336785130335	0.0526978518672	0.0469093574395	0.0843654269015	0.0399368527881	0.0280215752974	0.0691236444962	0.0263677197467	0.0230788024582	0.0607603976771	0.057302336071	0.0848916536676	0.0787836644177	0.0638425830217	0.110037775564	0.0707211186078	0.0925407355898	0.0557988310248	0.0691800259355	0.0621887274709	0.0909808491045	0.0566821402394	0.0476423161495	0.0696686650755	0.0708902629254	0.0433949143942	0.0535623672687	0.0744986750362	0.0340919769212	0.0765659944746	0.0443721926742	0.0453870585803	0.034768554192	0.110470033265	0.0964310548967	0.0837076434438	0.0374372756489	0.0292243793343	0.0871093236107	0.0498223984664	0.0621323460317	0.0337348944727	0.0211242458983	0.00706647371685	0.032569678062	0.0666052735439	0.042624368058	0.0307842658197	0.0666616549832
158479027-tonguedorsum2.freeze11.snv.mod.fix.bam	0.0651017684978	0.071754778327	0.0624894284801	0.0368170798173	0.0764908192223	0.084252664023	0.00125918547614	0.0	0.0905110037776	0.0784265819692	0.0728072318593	0.0714728711308	0.0738596853916	0.0655528200117	0.0508372643726	0.0248454208874	0.0555169238287	0.0311413482682	0.047022120318	0.0660226653386	0.057790975211	0.0463079554211	0.106485744893	0.109962600312	0.0915258696837	0.0887255915353	0.101655734932	0.029882162792	0.0791219530531	0.0826551899115	0.095510158056	0.064162077844	0.17530868838	0.102388693642	0.0736529534477	0.0711533763085	0.0828619218553	0.0503862128587	0.0523971508579	0.0384145539288	0.0593696555094	0.0396361517788	0.0628465109286	0.0605348719202	0.0950591065421	0.0635042943863	0.0672630570016	0.0462327801688	0.041628295965	0.0329831419497	0.0465898626172	0.093066962356	0.0652897066286	0.0736905410739	0.0540134187825	0.0310097915766	0.0570204288748	0.0516266045218	0.0801180251461	0.140991185702	0.0869025916668	0.0604784904809	0.0515514292695	0.0485068315511	0.0400308218534	0.0478302542803	0.0912063748614	0.0951906632337	0.0954913642429	0.0609483358079	0.0768479016708	0.0349564923227	0.0584487586686	0.0393918322088	0.0310285853897	0.0392978631435	0.0388468116296	0.0579413257156	0.0525475013626	0.0896089007499	0.0463079554211	0.0350880490143	0.074197974027	0.032569678062	0.0299197504182	0.0629592738071	0.0614181811348	0.0918641583191	0.085962901013	0.0706083557293	0.116991486403	0.0786896953523	0.11330789904	0.0639741397132	0.0723937679716	0.0700633351501	0.096243116766	0.0638613768347	0.049220996448	0.0734274276908	0.0746114379146	0.0477174914018	0.0605912533594	0.0776748294461	0.0417598526565	0.0768291078577	0.0492585840741	0.0536563363341	0.0433197391419	0.113815331993	0.0976902403729	0.086940179293	0.042361254675	0.033565750155	0.0878046946945	0.0526790580541	0.0679208404593	0.0396549455919	0.0261797816159	0.0319870698566	0.07812588096	0.0686725929824	0.048995470691	0.0369674303219	0.0871093236107
158499257-tonguedorsum1.freeze11.snv.mod.fix.bam	0.117724445113	0.0822041383976	0.12601251668	0.0868837978537	0.137176041647	0.106297806762	0.0859816948261	0.0905110037776	0.0	0.00146591741999	0.135841680919	0.07568268526	0.0769982521754	0.0713601082524	0.101881260689	0.0801932003984	0.100697250465	0.0867146535361	0.0882369523953	0.111992332124	0.102614219399	0.0746302317277	0.124020372493	0.160611926554	0.144204927738	0.14061530944	0.134808021199	0.064406397414	0.141555000094	0.141367061963	0.149749102595	0.11227423932	0.223533612735	0.106861621154	0.130297506061	0.0729012009247	0.105583641865	0.0830874476122	0.118494991449	0.098705106279	0.123193444718	0.0553289856979	0.0907365295345	0.110958672405	0.1498994531	0.100584487587	0.0938187148791	0.0620195831532	0.0691988197485	0.0673758198801	0.0859441071999	0.121971846868	0.0724125617847	0.110770734274	0.108289950948	0.0770170459885	0.0843090454622	0.0843842207145	0.131049258584	0.195361686933	0.121727527298	0.107744930369	0.0790843654269	0.0751376646808	0.0654776447593	0.10158055968	0.146291040989	0.15087673138	0.116408878197	0.08081339623	0.0910372305437	0.0665113044786	0.112067507377	0.0743671183446	0.07494972655	0.0845345712192	0.085718581443	0.102012817381	0.0875227874984	0.134394557312	0.0745362626623	0.0732958709993	0.137909000357	0.0854554680599	0.0626021913586	0.0803999323423	0.101035539101	0.144016989607	0.137627093161	0.126031310493	0.174350203913	0.12937660922	0.152643349809	0.115638331861	0.128906763893	0.119303125411	0.152868875566	0.115130898908	0.0946080550283	0.136912928264	0.137589505535	0.0871657050499	0.064406397414	0.08032475709	0.0863763649007	0.115224867973	0.0770170459885	0.0939878591968	0.0721306545885	0.162829596497	0.112969610404	0.109812249807	0.0836324681915	0.0581292638463	0.126952207333	0.096994869289	0.114266383507	0.0774680975023	0.0730139638031	0.11721701216	0.159653442087	0.0870905297976	0.061230243004	0.0822793136499	0.147099174952
158499257-tonguedorsum2.freeze11.snv.mod.fix.bam	0.10451239452	0.0626021913586	0.112067507377	0.07543836569	0.124020372493	0.0933864571783	0.07397244827	0.0784265819692	0.00146591741999	0.0	0.121577176793	0.0653648818809	0.0668120054878	0.0627901294894	0.087184498863	0.0685974177301	0.0869213854799	0.072732056607	0.0738408915785	0.101956435941	0.0928978180383	0.0590689545002	0.116465259637	0.150162566483	0.131500310098	0.127948279426	0.123306207596	0.0519648931572	0.128530887632	0.129038320585	0.138566783815	0.101900054502	0.215283128794	0.0919393335714	0.119021218215	0.0639741397132	0.092334003646	0.0737845101393	0.10524535323	0.0852111484899	0.109849837434	0.0436768215903	0.0811892724915	0.0987614877182	0.138341258058	0.089402168806	0.0845909526584	0.051438666391	0.0586742844256	0.0551598413802	0.0743295307185	0.111766806367	0.0592568926309	0.098460786709	0.0968445187844	0.0625270161063	0.0725817061024	0.0718487473924	0.118551372888	0.183953842395	0.110451239452	0.0941757973275	0.066379747787	0.0613430058825	0.0508372643726	0.0873536431807	0.132082918303	0.136555845816	0.106579713958	0.0640117273394	0.0785581386608	0.0508372643726	0.0966565806536	0.0611738615648	0.0613617996955	0.0723937679716	0.0721682422147	0.0893457873668	0.0756638914469	0.120167640813	0.0626585727978	0.0596891503317	0.12356932098	0.0714164896916	0.0482813057941	0.0608919543686	0.0885564472176	0.130372681313	0.123475351914	0.111315754854	0.162735627431	0.118062733748	0.144843917382	0.101749703997	0.115431599917	0.106241425323	0.139243361086	0.100640869026	0.0829183032946	0.12381364055	0.12473453739	0.0721494484016	0.0565505835479	0.067601345637	0.0747617884193	0.100227405138	0.0648198613017	0.08081339623	0.0583923772294	0.152756112688	0.10158055968	0.0970512507283	0.0719239226447	0.0461763987295	0.11447311545	0.0836136743784	0.1006032814	0.0652145313763	0.0588434287433	0.105959518127	0.150294123175	0.0716232216354	0.0484504501118	0.0695371083839	0.133680392415
158742018-tonguedorsum1.freeze11.snv.mod.fix.bam	0.102877332782	0.115318837039	0.113683775301	0.0796105921931	0.11691631115	0.127459640286	0.0673006446278	0.0728072318593	0.135841680919	0.121577176793	0.0	0.11428517732	0.116465259637	0.105752786183	0.0237741735421	0.07959179838	0.108195981883	0.0850607979853	0.0931233437952	0.11257494033	0.0972016012329	0.0870153545453	0.149241669642	0.148057659419	0.122366516943	0.118795692458	0.139356123964	0.0623390779755	0.120938187149	0.11642767201	0.122648424139	0.0904170347122	0.216843015279	0.143509556654	0.114792610273	0.10842150764	0.128944351519	0.0878234885076	0.095754477626	0.0649702118063	0.0940066530098	0.0748745512977	0.100396549456	0.0891954368622	0.124715743577	0.103929786314	0.108233569509	0.0928602304121	0.088161777143	0.0706271495424	0.0801556127723	0.12888797008	0.101787291624	0.118006352309	0.100922776222	0.0677329023286	0.0926534984683	0.0895525193106	0.112988404217	0.180909244677	0.128850382454	0.102463868894	0.097483508429	0.0909808491045	0.0831626228646	0.0866394782837	0.133586423349	0.138002969422	0.136875340638	0.107331466481	0.118476197636	0.0687665620478	0.0983668176436	0.07812588096	0.0690484692439	0.0773553346238	0.0765472006615	0.0818470559492	0.0949087560375	0.134281794433	0.0849292412938	0.0740476235223	0.0177601533575	0.0392602755173	0.0655152323855	0.105170177977	0.098460786709	0.129602134977	0.122422898382	0.110507620891	0.161044184255	0.11990452743	0.150331710801	0.0296002555959	0.0261797816159	0.111729218741	0.133248134714	0.100264992764	0.0949463436637	0.110996260031	0.112368208386	0.0891954368622	0.0991373639798	0.124809712643	0.0804751075946	0.121896671616	0.0864891277791	0.0925971170291	0.0809261591084	0.149373226334	0.137495536469	0.127572403165	0.0873348493676	0.07348380913	0.126820650642	0.0897780450676	0.107650961304	0.0814899735007	0.0638989644609	0.0904922099645	0.140089082674	0.111691631115	0.085718581443	0.07421676784	0.142006051608
158802708-tonguedorsum1.freeze11.snv.mod.fix.bam	0.0951906632337	0.0762464996523	0.101242271044	0.0715668401962	0.113890507245	0.0947959931591	0.0660038715255	0.0714728711308	0.07568268526	0.0653648818809	0.11428517732	0.0	0.0008081339623	0.000996072093067	0.0830686537992	0.0644439850401	0.0821477569584	0.0679020466462	0.0770358398015	0.0836888496307	0.081076509613	0.0640493149655	0.100791219531	0.138867484824	0.125411114661	0.12210340356	0.1156947133	0.0551410475671	0.118758104832	0.119754176925	0.129357815407	0.0923715912722	0.202634892593	0.111654043489	0.109492754985	0.0721306545885	0.0926534984683	0.0558552124641	0.0960363848221	0.07788156139	0.0998139412505	0.0432445638896	0.0601965832848	0.0969009002236	0.131011670958	0.0934052509914	0.0592380988179	0.0531301095679	0.0580728824071	0.0567197278656	0.0710594072431	0.102482662707	0.0750436956154	0.0858689319476	0.0865267154053	0.0615309440132	0.0758706233908	0.0736905410739	0.108759796275	0.172076152531	0.0973143641113	0.0831062414253	0.0607228100509	0.0563814392302	0.0495968727095	0.0765659944746	0.119040012028	0.122930331335	0.0744986750362	0.0682591290947	0.0835009114999	0.0497848108403	0.088650416283	0.0642560469094	0.0610423048732	0.0619068202748	0.056832490744	0.07983611795	0.0628465109286	0.115826269992	0.0507620891203	0.0504050066718	0.114397940198	0.065872314834	0.0466462440565	0.0738220977654	0.0831814166776	0.11819429044	0.110545208517	0.103441147174	0.149542370652	0.107331466481	0.140690484692	0.0987802815313	0.112499765077	0.0925031479637	0.126144073371	0.0920333026368	0.0788776334831	0.109079291097	0.110094157004	0.064650716984	0.0479430171588	0.0801180251461	0.0611550677517	0.0973331579244	0.0584487586686	0.069067263057	0.0530361405025	0.140953598076	0.0985171681482	0.0999642917552	0.056813696931	0.0455186152719	0.114360352572	0.0809825405477	0.0941945911406	0.0491646150087	0.0474731718318	0.0945892612152	0.137476742656	0.0864891277791	0.0503110376064	0.0631096243117	0.124678155951
158802708-tonguedorsum2.freeze11.snv.mod.fix.bam	0.0981600856998	0.0781070871469	0.103723054371	0.0732019019339	0.116089383375	0.0961491477006	0.0679772218986	0.0738596853916	0.0769982521754	0.0668120054878	0.116465259637	0.0008081339623	0.0	0.000432257700765	0.0843842207145	0.0667368302355	0.0847600969761	0.0701197165893	0.0788964272961	0.0862448082091	0.0828619218553	0.0658535210209	0.102520250334	0.141329474337	0.128380537127	0.124941269334	0.117423744103	0.0571895731925	0.120975774775	0.121276475784	0.130222330809	0.0935368076829	0.204307541957	0.114454321637	0.111259373414	0.07348380913	0.094777199346	0.059275686444	0.0976902403729	0.0802119942115	0.101749703997	0.0450299761319	0.0641432840309	0.0980473228213	0.13157548535	0.0951718694206	0.0641056964047	0.0545020579225	0.0598207070232	0.0586930782386	0.0724125617847	0.103365971922	0.0768666954838	0.0875415813114	0.088913529666	0.0641808716571	0.0781634685861	0.0764908192223	0.11105264147	0.174669698735	0.0996635907459	0.0860380762653	0.0628089233024	0.0584863462948	0.0521904189141	0.0796293860061	0.121990640681	0.126219248623	0.0790467778007	0.0711909639347	0.0853802928076	0.051194346821	0.0910184367306	0.0668871807401	0.0625458099194	0.0648574489278	0.0595951812663	0.0817718806969	0.0653648818809	0.118213084253	0.0547275836795	0.0535435734556	0.116070589562	0.0666616549832	0.0489578830649	0.0761337367739	0.0852675299291	0.121050950027	0.113871713432	0.105809167622	0.151440545772	0.109229641602	0.14305850514	0.101279858671	0.11404085775	0.0946080550283	0.128342949501	0.0943449416452	0.0806066642861	0.110939878592	0.112180270255	0.0669059745532	0.051194346821	0.0823356950892	0.0625270161063	0.100058260821	0.0595012122009	0.0729012009247	0.0561371196602	0.14330282471	0.100509312334	0.102858538969	0.0595575936402	0.0470785017572	0.116690785393	0.0846849217238	0.0958860343175	0.0532240786333	0.0501418932887	0.0979909413821	0.139525268282	0.0895525193106	0.0532428724464	0.065158149937	0.127384465034
158802708-tonguedorsum3.freeze11.snv.mod.fix.bam	0.0878986637599	0.0707587062339	0.0922024469545	0.0680148095247	0.106579713958	0.0889887049183	0.0616249130786	0.0655528200117	0.0713601082524	0.0627901294894	0.105752786183	0.000996072093067	0.000432257700765	0.0	0.0775996541938	0.0578285628371	0.0760961491477	0.0615685316394	0.0703452423462	0.0753631904377	0.0735965720085	0.0561183258471	0.0954161889906	0.133210547088	0.116991486403	0.112913228965	0.108064425191	0.0520024807833	0.110188126069	0.112142682629	0.121520795354	0.087673138003	0.198500253716	0.105809167622	0.105019827473	0.0686537991693	0.0887819729745	0.0476986975888	0.0915822511229	0.0730703452423	0.0934992200568	0.0406134300588	0.0539946249695	0.0900223646376	0.12210340356	0.0881241895168	0.0490518521303	0.0489202954387	0.0544268826702	0.0539382435302	0.0667556240486	0.0922024469545	0.069555902197	0.0745362626623	0.0817154992576	0.0569076659964	0.0711533763085	0.0694995207578	0.0990997763536	0.165517111767	0.0880114266384	0.0747242007931	0.0547651713056	0.050217068541	0.0455749967111	0.0703452423462	0.111184198162	0.114736228833	0.0614933563871	0.0615121502002	0.0759833862692	0.0463831306734	0.081809468323	0.0599710575279	0.0556296867071	0.0577345937717	0.0502546561672	0.0708526752993	0.0528482023718	0.108553064331	0.0417034712173	0.0429062752542	0.1054896728	0.0594448307617	0.0437895844688	0.0665676859178	0.0756263038208	0.110639177583	0.103497528614	0.095773271439	0.143603525719	0.102708188464	0.136668608694	0.0934804262437	0.103629085305	0.0868086226014	0.11911518728	0.0861132515176	0.0747617884193	0.101204683418	0.10329079667	0.0589186039956	0.0384897291812	0.0737845101393	0.055103459941	0.0901727151422	0.050931233438	0.0600650265932	0.0474355842057	0.134338175873	0.0939502715706	0.0908304985999	0.0469657388788	0.0441278731042	0.10524535323	0.0748557574846	0.0898532203199	0.0408577496288	0.0434512958334	0.089383374993	0.132721907948	0.0775056851285	0.0435264710857	0.0577345937717	0.119491063542
158883629-tonguedorsum2.freeze11.snv.mod.fix.bam	0.0794978293146	0.0829934785469	0.0842338702099	0.0603845214156	0.0979533537559	0.0710594072431	0.0475859347103	0.0508372643726	0.101881260689	0.087184498863	0.0237741735421	0.0830686537992	0.0843842207145	0.0775996541938	0.0	0.0523219756056	0.0718863350185	0.0552350166325	0.0623766656017	0.084985622733	0.07275085042	0.0465522749911	0.122686011765	0.129019526772	0.10329079667	0.101035539101	0.11330789904	0.0377379766581	0.0999079103159	0.0950591065421	0.107068353098	0.07470540698	0.201582439061	0.116615610141	0.0904170347122	0.0802683756507	0.0934052509914	0.062696160424	0.0722246236539	0.0423048732357	0.0697814279539	0.041139656825	0.0673006446278	0.0747805822323	0.109511548798	0.085718581443	0.0754947471292	0.0597455317709	0.0556484805202	0.0426995433103	0.0530737281287	0.104098930632	0.0663233663478	0.0845721588453	0.0735965720085	0.0406134300588	0.0674322013193	0.0595763874533	0.0935743953091	0.163731699525	0.101806085437	0.079854911763	0.061718882144	0.0556484805202	0.0456501719634	0.0608167791163	0.106372982014	0.110300888947	0.108045631378	0.0745926441016	0.0922776222068	0.0407449867504	0.0718299535793	0.0462703677949	0.041891409348	0.0554605423894	0.0518145426526	0.0486008006164	0.0641432840309	0.104869476968	0.0537878930256	0.0432257700765	0.0209175139544	0.0218572046082	0.0321374203612	0.0747993760454	0.0734462215039	0.10714352835	0.100584487587	0.0867898287884	0.141141536206	0.099193745419	0.137119660208	0.0254468229059	0.0272322351482	0.0865643030314	0.10909808491	0.0742355616531	0.0697250465147	0.0882181585822	0.0899283955722	0.0569076659964	0.0690296754308	0.088180570956	0.0523219756056	0.092822642786	0.054126181661	0.0631660057509	0.0495780788964	0.133417279032	0.111860775433	0.0968821064106	0.0581104700333	0.0422296979834	0.100885188596	0.0588434287433	0.0827491589769	0.0475671408972	0.0335093687158	0.0775808603808	0.12962092879	0.0817342930707	0.0551222537541	0.0478866357195	0.120054877934
158944319-tonguedorsum1.freeze11.snv.mod.fix.bam	0.0654400571332	0.0636358510778	0.0682215414685	0.0454810276457	0.0890450863576	0.0774493036892	0.0307842658197	0.0248454208874	0.0801932003984	0.0685974177301	0.07959179838	0.0644439850401	0.0667368302355	0.0578285628371	0.0523219756056	0.0	0.000732958709993	0.000826927775376	0.0402751414234	0.0659850777124	0.0548027589318	0.0390347497604	0.0926910860945	0.11154128061	0.0862823958353	0.0818470559492	0.0929917871037	0.0299761318574	0.0894585502453	0.0895525193106	0.0997575598113	0.07323948956	0.18752466688	0.0916574263752	0.0829934785469	0.0574902742017	0.0765096130354	0.050705707681	0.0704204175985	0.0485632129903	0.0713601082524	0.0319118946043	0.052415944671	0.0702700670939	0.103403559548	0.0726380875416	0.0540885940348	0.042868687628	0.0410081001334	0.0341483583604	0.0488263263734	0.0807946024169	0.0517017797741	0.0654400571332	0.0580165009679	0.0322501832397	0.0394482136481	0.0346557913135	0.086207220583	0.148038865605	0.0619256140878	0.061963201714	0.0389595745081	0.0370050179481	0.0292807607736	0.0509124396249	0.0872408803022	0.0909244676652	0.0735965720085	0.0549343156233	0.0729199947377	0.0359337706027	0.0602341709109	0.0270442970174	0.028171925802	0.0437519968426	0.0370613993873	0.0563062639779	0.044090285478	0.0907177357214	0.026931534139	0.0278148433536	0.0792535097446	0.0385836982465	0.0222330808698	0.0514198725779	0.0548403465579	0.0906989419083	0.0834821176869	0.0813396229961	0.124809712643	0.0844593959668	0.126144073371	0.0722810050931	0.0803999323423	0.0719615102708	0.0977090341859	0.0666616549832	0.0553101918848	0.0820162002669	0.0838955815745	0.0350692552012	0.042116935105	0.069555902197	0.0427935123757	0.0633539438817	0.0355391005281	0.0454246462065	0.0329455543235	0.118062733748	0.087428818433	0.0616061192655	0.0382642034242	0.032325358492	0.0623766656017	0.032813997632	0.0711721701216	0.0283598639328	0.0263677197467	0.0694807269447	0.121708733485	0.0626397789848	0.0312729049597	0.036497584995	0.0976338589336
158944319-tonguedorsum2.freeze11.snv.mod.fix.bam	0.0859253133868	0.0860004886391	0.0914131068052	0.0651957375632	0.118175496627	0.0979533537559	0.0546524084271	0.0555169238287	0.100697250465	0.0869213854799	0.108195981883	0.0821477569584	0.0847600969761	0.0760961491477	0.0718863350185	0.000732958709993	0.0	0.00165385555075	0.0554605423894	0.0849292412938	0.0731079328685	0.054370501231	0.114153620628	0.137965381796	0.108271157135	0.105395703734	0.114548290703	0.0450111823188	0.121896671616	0.119791764551	0.130429062753	0.0954913642429	0.209682572497	0.121163712906	0.103384765735	0.0761337367739	0.0954913642429	0.0692552011878	0.0922212407675	0.0672442631886	0.092334003646	0.0434700896465	0.0684094795993	0.0970136631021	0.135353041779	0.0834069424346	0.0716044278224	0.0595012122009	0.0577533875848	0.0489578830649	0.0660978405909	0.102783363717	0.0694807269447	0.0848728598545	0.0780319118946	0.0442406359826	0.0472852337011	0.0429814505065	0.114322764946	0.17408709053	0.0786333139131	0.0844218083407	0.0528669961849	0.050686913868	0.0368922550696	0.067845665207	0.110413651826	0.114736228833	0.0948335807852	0.0701760980285	0.100396549456	0.0488639139995	0.07665996354	0.0329079666974	0.0366855231258	0.0567573154917	0.0520964498487	0.0739912420831	0.0567385216787	0.115769888553	0.0318743069781	0.0351444304535	0.110639177583	0.054126181661	0.0286041835028	0.0707399124208	0.0716044278224	0.112499765077	0.10597831194	0.10182487925	0.152154710669	0.107068353098	0.14428010299	0.0948335807852	0.10860944577	0.0913379315529	0.12308068184	0.0840647258922	0.0743107369054	0.112856847526	0.11355221861	0.0387528425642	0.0472100584488	0.0894209626191	0.0585803153602	0.0869589731061	0.0443721926742	0.0588998101825	0.0430190381326	0.144731154504	0.10470033265	0.073709334887	0.0546712022402	0.0410268939465	0.07739292225	0.0409517186942	0.0868086226014	0.0363096468643	0.0357082448458	0.0899659831983	0.14110394858	0.0804563137815	0.0379447086019	0.049728429401	0.102332312203
