	103092734-palatinetonsils3.freeze11.snv.mod.fix.bam	158216035-tonguedorsum2.freeze11.snv.mod.fix.bam	158256496-tonguedorsum2.freeze11.snv.mod.fix.bam	158337416-tonguedorsum1.freeze11.snv.mod.fix.bam	158337416-tonguedorsum2.freeze11.snv.mod.fix.bam	158458797-tonguedorsum1.freeze11.snv.mod.fix.bam	158479027-tonguedorsum1.freeze11.snv.mod.fix.bam	158479027-tonguedorsum2.freeze11.snv.mod.fix.bam	158499257-tonguedorsum1.freeze11.snv.mod.fix.bam	158499257-tonguedorsum2.freeze11.snv.mod.fix.bam	158742018-tonguedorsum1.freeze11.snv.mod.fix.bam	158802708-tonguedorsum1.freeze11.snv.mod.fix.bam	158802708-tonguedorsum2.freeze11.snv.mod.fix.bam	158802708-tonguedorsum3.freeze11.snv.mod.fix.bam	158883629-tonguedorsum2.freeze11.snv.mod.fix.bam	158944319-tonguedorsum1.freeze11.snv.mod.fix.bam	158944319-tonguedorsum2.freeze11.snv.mod.fix.bam	158944319-tonguedorsum3.freeze11.snv.mod.fix.bam	159005010-tonguedorsum2.freeze11.snv.mod.fix.bam	159207311-tonguedorsum1.freeze11.snv.mod.fix.bam	159207311-tonguedorsum3.freeze11.snv.mod.fix.bam	159227541-tonguedorsum2.freeze11.snv.mod.fix.bam	159247771-tonguedorsum2.freeze11.snv.mod.fix.bam	159268001-tonguedorsum1.freeze11.snv.mod.fix.bam	159268001-tonguedorsum2.freeze11.snv.mod.fix.bam	159268001-tonguedorsum3.freeze11.snv.mod.fix.bam	159369152-tonguedorsum1.freeze11.snv.mod.fix.bam	159470302-tonguedorsum1.freeze11.snv.mod.fix.bam	159490532-tonguedorsum1.freeze11.snv.mod.fix.bam	159510762-supragingivalplaque3.freeze11.snv.mod.fix.bam	159510762-tonguedorsum2.freeze11.snv.mod.fix.bam	159571453-tonguedorsum1.freeze11.snv.mod.fix.bam	159571453-tonguedorsum2.freeze11.snv.mod.fix.bam	159591683-tonguedorsum2.freeze11.snv.mod.fix.bam	159713063-tonguedorsum2.freeze11.snv.mod.fix.bam	159753524-tonguedorsum1.freeze11.snv.mod.fix.bam	159753524-tonguedorsum3.freeze11.snv.mod.fix.bam	159814214-tonguedorsum2.freeze11.snv.mod.fix.bam	159915365-tonguedorsum1.freeze11.snv.mod.fix.bam	160158126-tonguedorsum1.freeze11.snv.mod.fix.bam	160158126-tonguedorsum2.freeze11.snv.mod.fix.bam	160178356-tonguedorsum1.freeze11.snv.mod.fix.bam	160178356-tonguedorsum3.freeze11.snv.mod.fix.bam	160319967-tonguedorsum1.freeze11.snv.mod.fix.bam	160319967-tonguedorsum3.freeze11.snv.mod.fix.bam	160380657-tonguedorsum1.freeze11.snv.mod.fix.bam	160380657-tonguedorsum3.freeze11.snv.mod.fix.bam	160421117-tonguedorsum2.freeze11.snv.mod.fix.bam	160421117-tonguedorsum3.freeze11.snv.mod.fix.bam	160502038-tonguedorsum1.freeze11.snv.mod.fix.bam	160502038-tonguedorsum2.freeze11.snv.mod.fix.bam	160582958-tonguedorsum3.freeze11.snv.mod.fix.bam	160643649-tonguedorsum1.freeze11.snv.mod.fix.bam	160765029-tonguedorsum1.freeze11.snv.mod.fix.bam	160947100-tonguedorsum1.freeze11.snv.mod.fix.bam	234447334-tonguedorsum2.freeze11.snv.mod.fix.bam	338793263-tonguedorsum1.freeze11.snv.mod.fix.bam	338793263-tonguedorsum2.freeze11.snv.mod.fix.bam	370425937-tonguedorsum1.freeze11.snv.mod.fix.bam	375450439-tonguedorsum3.freeze11.snv.mod.fix.bam	508703490-tonguedorsum2.freeze11.snv.mod.fix.bam	550534656-tonguedorsum1.freeze11.snv.mod.fix.bam	604812005-tonguedorsum1.freeze11.snv.mod.fix.bam	604812005-tonguedorsum2.freeze11.snv.mod.fix.bam	604812005-tonguedorsum3.freeze11.snv.mod.fix.bam	663835652-tonguedorsum2.freeze11.snv.mod.fix.bam	675950834-tonguedorsum2.freeze11.snv.mod.fix.bam	675950834-tonguedorsum3.freeze11.snv.mod.fix.bam	686765762-tonguedorsum1.freeze11.snv.mod.fix.bam	686765762-tonguedorsum2.freeze11.snv.mod.fix.bam	686765762-tonguedorsum3.freeze11.snv.mod.fix.bam	706846339-tonguedorsum1.freeze11.snv.mod.fix.bam	763395383-anteriornares3.freeze11.snv.mod.fix.bam	763435843-tonguedorsum1.freeze11.snv.mod.fix.bam	763435843-tonguedorsum2.freeze11.snv.mod.fix.bam	763496533-palatinetonsils2.freeze11.snv.mod.fix.bam	763496533-tonguedorsum2.freeze11.snv.mod.fix.bam	763557224-tonguedorsum3.freeze11.snv.mod.fix.bam	763577454-tonguedorsum1.freeze11.snv.mod.fix.bam	763759525-tonguedorsum2.freeze11.snv.mod.fix.bam	763820215-tonguedorsum1.freeze11.snv.mod.fix.bam	763820215-tonguedorsum2.freeze11.snv.mod.fix.bam	763840445-tonguedorsum1.freeze11.snv.mod.fix.bam	763840445-tonguedorsum2.freeze11.snv.mod.fix.bam	763860675-tonguedorsum1.freeze11.snv.mod.fix.bam	763901136-tonguedorsum2.freeze11.snv.mod.fix.bam	763901136-tonguedorsum3.freeze11.snv.mod.fix.bam	763961826-tonguedorsum1.freeze11.snv.mod.fix.bam	763961826-tonguedorsum2.freeze11.snv.mod.fix.bam	764042746-tonguedorsum1.freeze11.snv.mod.fix.bam	764083206-tonguedorsum1.freeze11.snv.mod.fix.bam	764083206-tonguedorsum2.freeze11.snv.mod.fix.bam	764143897-tonguedorsum2.freeze11.snv.mod.fix.bam	764224817-tonguedorsum1.freeze11.snv.mod.fix.bam	764224817-tonguedorsum2.freeze11.snv.mod.fix.bam	764285508-tonguedorsum1.freeze11.snv.mod.fix.bam	764285508-tonguedorsum2.freeze11.snv.mod.fix.bam	764325968-tonguedorsum1.freeze11.snv.mod.fix.bam	764447348-tonguedorsum1.freeze11.snv.mod.fix.bam	764487809-tonguedorsum1.freeze11.snv.mod.fix.bam	764487809-tonguedorsum2.freeze11.snv.mod.fix.bam	764508039-tonguedorsum1.freeze11.snv.mod.fix.bam	764508039-tonguedorsum3.freeze11.snv.mod.fix.bam	764649650-tonguedorsum1.freeze11.snv.mod.fix.bam	764811490-tonguedorsum1.freeze11.snv.mod.fix.bam	764872181-tonguedorsum1.freeze11.snv.mod.fix.bam	764892411-tonguedorsum2.freeze11.snv.mod.fix.bam	765013792-tonguedorsum2.freeze11.snv.mod.fix.bam	765013792-tonguedorsum3.freeze11.snv.mod.fix.bam	765094712-tonguedorsum2.freeze11.snv.mod.fix.bam	765135172-tonguedorsum2.freeze11.snv.mod.fix.bam	765155402-tonguedorsum3.freeze11.snv.mod.fix.bam	765216093-tonguedorsum3.freeze11.snv.mod.fix.bam	765337473-tonguedorsum1.freeze11.snv.mod.fix.bam	765337473-tonguedorsum2.freeze11.snv.mod.fix.bam	765337473-tonguedorsum3.freeze11.snv.mod.fix.bam	765620695-tonguedorsum1.freeze11.snv.mod.fix.bam	765701615-tonguedorsum1.freeze11.snv.mod.fix.bam	765701615-tonguedorsum2.freeze11.snv.mod.fix.bam	809635352-tonguedorsum1.freeze11.snv.mod.fix.bam	809635352-tonguedorsum2.freeze11.snv.mod.fix.bam	823052294-tonguedorsum1.freeze11.snv.mod.fix.bam	861967750-tonguedorsum1.freeze11.snv.mod.fix.bam	937415040-tonguedorsum1.freeze11.snv.mod.fix.bam	953045535-tonguedorsum2.freeze11.snv.mod.fix.bam
103092734-palatinetonsils3.freeze11.snv.mod.fix.bam	0.0	0.144128595242	0.134172733523	0.164476080356	0.151279530744	0.155445654019	0.151765626539	0.14662791608	0.160985374562	0.155384945729	0.148215696472	0.149993538632	0.151389178781	0.148775313299	0.138930717935	0.13864684632	0.140500754601	0.135156978908	0.144365370547	0.133783633657	0.132590069217	0.136616476766	0.171398880831	0.163084369452	0.153262342741	0.14935364158	0.163583613233	0.13370150217	0.15212986748	0.147505133791	0.157301686551	0.1622951281	0.262292476146	0.164028762976	0.156416758388	0.160962494211	0.159048041692	0.140899998241	0.146494826425	0.146084838927	0.148288921536	0.132307247484	0.141237380277	0.148926710322	0.159721609567	0.171617496992	0.140872986479	0.142890280564	0.148206780624	0.139259781735	0.144810007428	0.14237682865	0.139550040019	0.137642301271	0.153362704582	0.123596463716	0.146069529777	0.14280923658	0.142136903304	0.1972121955	0.146966859585	0.120253020376	0.133503915864	0.132003216953	0.132533647387	0.118966827199	0.141371929223	0.142313797764	0.151260554437	0.142402855883	0.154657181039	0.133997252923	0.0295417840972	0.129174714144	0.132967504463	0.144762223395	0.122347996759	0.128171724569	0.128555140273	0.102451017673	0.128290415564	0.126442101985	0.143141857382	0.129020982596	0.122893804588	0.133232368524	0.104355148521	0.152820934859	0.150423588948	0.130877839185	0.17317207479	0.156310215202	0.215015584575	0.153679868019	0.147248929292	0.10934623733	0.0705465531585	0.108149447744	0.135505190644	0.140718135512	0.142247410972	0.136184077443	0.135021955683	0.143822410728	0.132665956745	0.137299280398	0.128586427922	0.143599352458	0.134520542916	0.179411093296	0.160246794566	0.138430417536	0.131266388694	0.131161526957	0.148749649244	0.131451058249	0.153282703159	0.123378886414	0.123732002508	0.158347226125	0.191528896776	0.131456339274	0.129035272987	0.126600959923	0.183430938315
158216035-tonguedorsum2.freeze11.snv.mod.fix.bam	0.144128595242	0.0	0.126722136325	0.159410625395	0.146845892942	0.129126992282	0.150456839869	0.141888283111	0.115515260092	0.100671391064	0.14574151484	0.1198873761	0.121109472153	0.119523128112	0.128089830194	0.122592520586	0.124213895136	0.122179873734	0.106477025864	0.135124049393	0.137765555083	0.108409065222	0.150441108695	0.173769375828	0.147582907628	0.145295925218	0.144310675273	0.121709163608	0.146983335355	0.143714253657	0.152392459433	0.159514152802	0.259893352104	0.0691855144916	0.162275328691	0.130006620975	0.132276897308	0.128864939079	0.130588030249	0.148165775246	0.152317973654	0.106688323804	0.122677444027	0.142091309011	0.152731444788	0.155042409932	0.124917628984	0.112909819993	0.119681721514	0.125393145409	0.12980521483	0.132843754873	0.104625818697	0.124889292392	0.151288300277	0.114894332019	0.127570885454	0.126035140927	0.136918385968	0.203867318688	0.128682087025	0.118445327471	0.10277545122	0.103128999365	0.103903190962	0.130552925361	0.150173185292	0.151271482438	0.125932788767	0.105774779325	0.106316909824	0.119802810168	0.140599814757	0.115046976852	0.12049055521	0.148699218336	0.128452124871	0.122737685955	0.121314311779	0.146025588027	0.11665127661	0.125709497854	0.137848939294	0.122238705945	0.111677417713	0.0736269204503	0.107322408115	0.160936895294	0.158454207478	0.133811199037	0.182961155105	0.164569060576	0.206998986336	0.148159684895	0.142118002566	0.152539017979	0.161246814314	0.137100940938	0.121601933616	0.137303662911	0.140596507536	0.121409795485	0.114829019537	0.10423611727	0.131568729263	0.118630753695	0.11115498562	0.131439358459	0.118658751916	0.183954938169	0.131329908655	0.118222115632	0.118196156428	0.10942053199	0.128146632562	0.120735518751	0.149877438658	0.1155887553	0.122246559532	0.159221812717	0.194689844463	0.105449079224	0.11183425099	0.125650813046	0.174862495606
158256496-tonguedorsum2.freeze11.snv.mod.fix.bam	0.134172733523	0.126722136325	0.0	0.154886101961	0.135444729501	0.144096143632	0.138406241299	0.125956975692	0.139293882265	0.134377995772	0.131199889112	0.126700122049	0.127843101069	0.12614632393	0.120046820165	0.119821643091	0.119767445791	0.117671581639	0.124909785907	0.116817746651	0.117215567341	0.120786178577	0.150848953604	0.171179682733	0.134345668852	0.132409310479	0.147024566499	0.127444244825	0.140039107777	0.138594892072	0.147105505242	0.158456584966	0.260936766419	0.13972999015	0.161364942907	0.143485274377	0.139894138348	0.124313595771	0.12929838231	0.142540677796	0.147296249262	0.115621076511	0.125031801561	0.140094580085	0.148037926269	0.162984153221	0.125998196438	0.12754677387	0.131886739217	0.117065975374	0.130651700192	0.135467200183	0.12373324673	0.126648752394	0.147475951547	0.117416490824	0.127065890572	0.125285212215	0.129894439311	0.203300576617	0.122235792202	0.130395592427	0.114621801353	0.112129882255	0.114318095719	0.126461858977	0.147595485921	0.148598554739	0.131697415318	0.119567903498	0.126421807584	0.127770355171	0.130509484339	0.107427512304	0.10998311808	0.147706932353	0.118765435545	0.118015450345	0.117522160717	0.143735367681	0.108626414976	0.117934258234	0.122968988256	0.115405987612	0.115441490611	0.115152731821	0.12065987466	0.159964530428	0.157838593175	0.134826146512	0.180763443681	0.164146117677	0.213856018811	0.142300633302	0.131860403037	0.151946838954	0.148764078774	0.131120702845	0.106010715045	0.122465732487	0.125660430901	0.123179949625	0.116674817207	0.128805073608	0.130649079098	0.123120239889	0.108109845444	0.127875048802	0.119556480777	0.181829409132	0.138552688457	0.120967213957	0.116963693947	0.118613208241	0.129245023411	0.114574117784	0.15189130991	0.103158195242	0.103166558219	0.15145900258	0.191413195624	0.0953709956805	0.109412098998	0.120751967371	0.179933917135
158337416-tonguedorsum1.freeze11.snv.mod.fix.bam	0.164476080356	0.159410625395	0.154886101961	0.0	0.119510043162	0.166137021486	0.124040790809	0.127708199983	0.16247918996	0.156891187513	0.151934064362	0.157076778304	0.158277054975	0.157187313464	0.14766403321	0.138731214703	0.145209073088	0.13989873374	0.156128627975	0.15851921245	0.157265229874	0.149987338648	0.171471704062	0.190929588288	0.170653665949	0.168970706502	0.17664570124	0.144076899721	0.153817319319	0.155688896124	0.167458560498	0.144840867155	0.222556802733	0.183648481175	0.173225151838	0.162554998742	0.161687397268	0.150601953841	0.147541389893	0.159435529146	0.163510956452	0.137568498815	0.147251783771	0.148551066441	0.170579663909	0.144531672191	0.149273220863	0.146733804562	0.152780278204	0.136544447499	0.14504314448	0.175855128162	0.150162049065	0.156130514428	0.170265338832	0.134286680724	0.143634260051	0.137737746602	0.15855616922	0.224916992434	0.167565950495	0.156716925289	0.146585565995	0.144142472271	0.141826263653	0.146089864461	0.163621618483	0.166066021221	0.169301487255	0.151898644377	0.165333113456	0.13538563377	0.160129658262	0.139460148358	0.140227221127	0.128231679187	0.138803005981	0.149693082795	0.15006024494	0.169080137205	0.145573073056	0.138430147375	0.155332258428	0.133268469442	0.128730852891	0.15496302414	0.158151754741	0.170251574468	0.169074901394	0.153131668374	0.194047987524	0.173789139953	0.180879515829	0.144282510302	0.15654568784	0.152144743325	0.177768596527	0.154493882637	0.1398289279	0.160584362619	0.16264175425	0.148901184542	0.152146664149	0.154602457915	0.150362650669	0.158004371975	0.141759498322	0.145897625958	0.139239010116	0.20556011383	0.169271144411	0.161768518644	0.150883598124	0.136698264668	0.163905270612	0.145702152415	0.161975459292	0.141375976685	0.136623370703	0.139450346428	0.1698051511	0.156860380032	0.144811665995	0.138233695988	0.150274607992
158337416-tonguedorsum2.freeze11.snv.mod.fix.bam	0.151279530744	0.146845892942	0.135444729501	0.119510043162	0.0	0.158875017475	0.145558775434	0.137453250311	0.154836377968	0.149961135043	0.135290826116	0.149942349456	0.150645579239	0.149287966258	0.135095314791	0.138383202189	0.142269509065	0.137773965976	0.147499732316	0.14228899146	0.141994409972	0.140669108883	0.158949887986	0.172123476547	0.147878653321	0.144762878366	0.159336106583	0.141072667275	0.127182182588	0.118761126659	0.128128746932	0.143571440937	0.259342642826	0.16727542538	0.165646932136	0.16315854681	0.158725296267	0.135497048671	0.135226648459	0.151181903487	0.153512439318	0.131106079603	0.136298671586	0.126105821489	0.135212694312	0.174294715619	0.143061507468	0.14600766242	0.15070088812	0.132096193076	0.134791593867	0.152824826396	0.13886590483	0.146225496374	0.160612822941	0.124716679273	0.147851654353	0.146900436658	0.126328675728	0.203756633257	0.148330733056	0.140372942939	0.13951604774	0.137337487693	0.138592950072	0.137959374624	0.156991126187	0.157522866183	0.150828499444	0.145035671106	0.151970551146	0.135551142347	0.149484747356	0.136721601514	0.135969118491	0.151575828925	0.131282255359	0.135806152792	0.139350106104	0.154012302108	0.138269952805	0.137439735371	0.136771700245	0.125135010349	0.129292285411	0.141379265099	0.144568635538	0.167596079297	0.166337903551	0.133848079765	0.181363756458	0.166642888673	0.20939232277	0.147488984695	0.141853155508	0.155126077122	0.160138745642	0.143402434813	0.129244446669	0.134659563077	0.137809724555	0.141920514729	0.141040057903	0.141231518873	0.138293214258	0.136890441597	0.136725717769	0.146991717859	0.140790041293	0.186052478507	0.151898131105	0.149707557664	0.140310142299	0.135424313412	0.153685025603	0.139232865696	0.160032217181	0.133303359382	0.135817144779	0.157099397793	0.193454302712	0.140371228541	0.138679689536	0.129497285979	0.186166076966
158458797-tonguedorsum1.freeze11.snv.mod.fix.bam	0.155445654019	0.129126992282	0.144096143632	0.166137021486	0.158875017475	0.0	0.158370028737	0.153352109705	0.138870876402	0.133574981684	0.152768132991	0.139592510415	0.140113320793	0.139911353322	0.12356881687	0.138336588345	0.13808870307	0.136955844167	0.136782391946	0.14927012353	0.1497175788	0.102466261995	0.144026600148	0.167497035587	0.154824463737	0.151940261374	0.15661763326	0.134793640857	0.159198986298	0.155606785832	0.165018806654	0.163551175774	0.259755293798	0.142457186022	0.151418656361	0.145152299603	0.143601954773	0.1429242389	0.139920794153	0.144124062254	0.148237968054	0.125790929292	0.13561948385	0.157099223856	0.165711456181	0.162440055197	0.133366764665	0.131068579254	0.134100664329	0.134305150874	0.135425220315	0.149945226438	0.129405141192	0.130829240602	0.149663171098	0.135192612044	0.135884841008	0.136178079258	0.153572815799	0.214997551696	0.143661905233	0.144591752064	0.12327663958	0.123898110964	0.119059527234	0.143905546401	0.159974151855	0.161373894533	0.14339680583	0.132026763661	0.139883206952	0.133671056289	0.150810452691	0.130005294705	0.13529612289	0.155384036467	0.13987062515	0.135430808121	0.136793907486	0.149997908742	0.130634117234	0.134407279699	0.146517109266	0.132190227222	0.121242890183	0.130262986467	0.144828687935	0.172171359149	0.170056051017	0.148269140646	0.169684098888	0.155366112401	0.213036374852	0.155948886177	0.151638389102	0.159905386948	0.1648859795	0.148714962722	0.138684807979	0.153505532088	0.155640485439	0.132526598965	0.133102343729	0.13143527808	0.143749228478	0.14420640426	0.128868104601	0.143409744269	0.133986182145	0.195699691359	0.147684932958	0.135380246978	0.138686590091	0.126850915687	0.147365377773	0.134672135805	0.160812011944	0.127233142115	0.124866559422	0.169293309516	0.201542741852	0.132358375102	0.129780068193	0.131301794473	0.183063589829
158479027-tonguedorsum1.freeze11.snv.mod.fix.bam	0.151765626539	0.150456839869	0.138406241299	0.124040790809	0.145558775434	0.158370028737	0.0	0.0577570566746	0.160565847768	0.154067955677	0.141776450569	0.150139736113	0.151314768415	0.148772062424	0.135503393673	0.121440694166	0.133623251652	0.122718025991	0.138643908439	0.146564741496	0.146228798389	0.134479938699	0.172319165953	0.180363183965	0.163273697724	0.161333777196	0.167425114633	0.128653270362	0.144968385348	0.150983210539	0.16332641543	0.142387044332	0.231292147638	0.173883748073	0.159304754783	0.158118922319	0.155704816023	0.137325927256	0.131551952692	0.138311085399	0.145516934854	0.131067055101	0.139196734448	0.141226678122	0.161027286522	0.141308263055	0.141151460676	0.135157704499	0.137601328142	0.126091196535	0.135349979635	0.165320202786	0.144251567559	0.143556381057	0.15152220259	0.119484791577	0.142124391973	0.133149519662	0.150075335119	0.218277480203	0.161324795031	0.141938252688	0.136441601539	0.134717441985	0.131783705558	0.136985203435	0.160964400122	0.163274829569	0.159518020766	0.140646280595	0.15549234086	0.127447101836	0.146378162049	0.1276050085	0.123333635257	0.128872746923	0.130100726412	0.135882077369	0.138320226007	0.160751064959	0.132086527259	0.127272561914	0.141452379747	0.119145503361	0.119522492448	0.144200293927	0.145566930812	0.16951358988	0.167874646097	0.141219860143	0.184763581029	0.165263150768	0.184573521747	0.133739584589	0.144613129314	0.150172382143	0.170283372198	0.146041738008	0.132473109491	0.143527152146	0.145191262716	0.136103622319	0.140840030747	0.150639581791	0.13671415584	0.150388075505	0.135190011947	0.135646315274	0.128556505709	0.197559043806	0.170010828632	0.155834612123	0.131913812448	0.124942205043	0.156671150262	0.134354319794	0.157218606305	0.128106746116	0.121748695768	0.0696006926483	0.114822992581	0.145399097717	0.134857594964	0.126812708665	0.155733539378
158479027-tonguedorsum2.freeze11.snv.mod.fix.bam	0.14662791608	0.141888283111	0.125956975692	0.127708199983	0.137453250311	0.153352109705	0.0577570566746	0.0	0.155144800396	0.147388220441	0.134898561752	0.145057146683	0.146110844364	0.142971006227	0.128653148397	0.103362837152	0.122527404577	0.107553417211	0.127613369087	0.138058553751	0.137988646452	0.128558625509	0.164943685613	0.175381957919	0.152427756392	0.150369656689	0.160297580903	0.123731200976	0.136595751193	0.142790029125	0.154008802812	0.142071413767	0.243120628371	0.16172567311	0.158057366848	0.156027664337	0.15299696261	0.132852316307	0.122548624534	0.134247071277	0.142477319993	0.126307367071	0.134307373095	0.135475404064	0.152550159662	0.154072926754	0.136461205217	0.127812984163	0.128135410978	0.119944789461	0.12958939529	0.155683125321	0.137360942056	0.139533189126	0.144138080632	0.114799057042	0.136567518079	0.129496013637	0.141383861775	0.21114949506	0.150426319144	0.134185582444	0.129595410311	0.128081336333	0.125680664323	0.132455196634	0.156672262838	0.158622437923	0.154348620631	0.134027305381	0.144144618297	0.126171868857	0.141751375211	0.12155970276	0.117137410985	0.133794811233	0.123514141425	0.128952362362	0.133444363573	0.155151901324	0.128085683301	0.125556618985	0.133851837297	0.11424033416	0.117481648582	0.134858722075	0.137513043522	0.166233824015	0.164490438432	0.137595277032	0.181461961015	0.163209547973	0.197823388499	0.132499742226	0.137186814963	0.147450919379	0.164214309172	0.14100812801	0.122247902958	0.135189116464	0.137545884271	0.131064784198	0.136620133472	0.143579662647	0.132655671718	0.139762570382	0.128676277893	0.13289235087	0.126281002456	0.190174877601	0.159917957926	0.147854224524	0.125741726138	0.119885916432	0.145441795956	0.125826652348	0.154081186245	0.122915677041	0.118201900299	0.103393186419	0.146951944546	0.135927303296	0.130501381007	0.123792501633	0.16668876124
158499257-tonguedorsum1.freeze11.snv.mod.fix.bam	0.160985374562	0.115515260092	0.139293882265	0.16247918996	0.154836377968	0.138870876402	0.160565847768	0.155144800396	0.0	0.0346016599541	0.156334663253	0.116531486171	0.116028984849	0.118676901522	0.140663614527	0.135057777551	0.133572959591	0.135892671253	0.136008315549	0.144990476439	0.148748018748	0.124997238103	0.141911140697	0.1875626338	0.162374933872	0.160111267121	0.151895917437	0.13568983305	0.155162840969	0.157954089655	0.167107428994	0.169281492985	0.263122573825	0.128623306321	0.174377311924	0.134224663832	0.138251788411	0.137653176952	0.144618745544	0.162312769771	0.165914518242	0.114998382401	0.128748305854	0.154014023525	0.164261591402	0.162642780085	0.129584683773	0.115633406948	0.129350932272	0.125396501714	0.135843257333	0.146042069731	0.115385985721	0.137223342343	0.163732415575	0.129856212615	0.136187124381	0.136844246397	0.149711627811	0.22296339758	0.146141120166	0.146638841275	0.123182382057	0.122114399291	0.121385438033	0.150554074491	0.169955539607	0.17071271914	0.131715105365	0.118126857811	0.119758845685	0.132770723836	0.156783475544	0.127222879483	0.132584407196	0.158981680906	0.140483868384	0.136372948936	0.134294936103	0.156686552671	0.124555677624	0.134714403616	0.150849207753	0.138356572689	0.124698027091	0.117313744066	0.142543146232	0.180585078816	0.179074164049	0.146259980171	0.195145305471	0.177918915702	0.216421778	0.157454487179	0.152729928704	0.167595461942	0.178316538607	0.153504943723	0.129375481355	0.151549608278	0.15343288487	0.134831762473	0.108364101565	0.109820701472	0.144849106589	0.135619065005	0.123407329303	0.144021507023	0.130600630872	0.202929751633	0.136637224715	0.130264604942	0.13430265211	0.115168702881	0.142866949667	0.134319242315	0.165069692633	0.128898215446	0.136956214365	0.172347608001	0.200726061317	0.11573903793	0.112432815703	0.137717930728	0.185977327219
158499257-tonguedorsum2.freeze11.snv.mod.fix.bam	0.155384945729	0.100671391064	0.134377995772	0.156891187513	0.149961135043	0.133574981684	0.154067955677	0.147388220441	0.0346016599541	0.0	0.149978694964	0.113665310544	0.113394457954	0.115386972287	0.131141309776	0.1273727476	0.12577782649	0.128154890906	0.123607511033	0.140861969388	0.144540556988	0.116266635551	0.140581985764	0.184081538547	0.156309902865	0.153882630736	0.146662805891	0.127854641862	0.151640746857	0.151936734228	0.161913945205	0.164206083549	0.260667765524	0.112745946481	0.169324938974	0.127364556206	0.130496844752	0.133027382858	0.137994738429	0.155789957043	0.160672811438	0.10738510424	0.124441978231	0.1481679802	0.159929670042	0.156878849479	0.127360966676	0.109252680378	0.121091101652	0.119192673411	0.129213390454	0.141461262034	0.107654866941	0.132302340401	0.15979924758	0.121447625543	0.12897372795	0.129166812257	0.143935983247	0.218730392093	0.140134818111	0.137059155878	0.113444474712	0.112746868613	0.110964877347	0.14219211882	0.16336086817	0.164182227984	0.130251844088	0.110891836511	0.111969093565	0.123096120742	0.150745803389	0.118577444629	0.124368269527	0.153683235346	0.135000280727	0.128951899677	0.129873221572	0.150929921912	0.119008321406	0.12886058342	0.144109242899	0.129380531309	0.116140079889	0.101577045682	0.130199037653	0.173183945105	0.171626591302	0.139140055251	0.191405100691	0.173342691011	0.212909159174	0.150869324988	0.147043378061	0.161359018926	0.172354060052	0.146018278535	0.121858260971	0.146774914957	0.149356564016	0.127980180547	0.106863277072	0.103832710246	0.138171078781	0.127850302148	0.117337200447	0.138327610655	0.122965539185	0.197913705753	0.130228390087	0.123868464445	0.127902740444	0.10789691677	0.137256758679	0.127194017902	0.157808570672	0.123380367356	0.129885610637	0.167693181498	0.199840481446	0.109918235423	0.10760291469	0.132415488865	0.180166969109
158742018-tonguedorsum1.freeze11.snv.mod.fix.bam	0.148215696472	0.14574151484	0.131199889112	0.151934064362	0.135290826116	0.152768132991	0.141776450569	0.134898561752	0.156334663253	0.149978694964	0.0	0.151291233862	0.151775128092	0.150224896206	0.0749787956179	0.135779106273	0.138140931166	0.134375503727	0.142572381762	0.145053707013	0.145124720677	0.136473633725	0.163734929068	0.173061346455	0.139586061738	0.136799137463	0.153845144992	0.132596116922	0.134965229693	0.132153532768	0.140526372507	0.141887555478	0.251654921675	0.160436510393	0.162148830897	0.162245225803	0.155758297634	0.139633027069	0.127708358497	0.132761570257	0.139269829736	0.130898938214	0.132451582579	0.13241060895	0.140346204112	0.167613992796	0.138664446342	0.143334917403	0.146506269443	0.130640341525	0.1299618484	0.151391535387	0.135293978029	0.142115201786	0.156320297073	0.120457739773	0.138837031767	0.134606287597	0.131371962467	0.208239191539	0.147830620874	0.139981114748	0.137582840019	0.134696423191	0.136058217614	0.135585738139	0.155110284777	0.156024167734	0.149329724525	0.140380646499	0.145362741689	0.134248605365	0.147276048739	0.127365807308	0.126755495408	0.148731392295	0.132437096171	0.110925509216	0.141163119598	0.154489143737	0.133976172277	0.136600192912	0.0457595765142	0.0951782191098	0.125205328723	0.137323810073	0.14036816461	0.16563499504	0.163511680853	0.135817978264	0.182084976408	0.167627600222	0.206144160643	0.0763584480338	0.0588562530045	0.155189522964	0.159338673145	0.139036091666	0.129586544519	0.126818039481	0.129960399523	0.13866452319	0.139691466348	0.144414891049	0.139172091859	0.138803169055	0.129300929775	0.141135861314	0.13564033532	0.186550019503	0.156741974931	0.141274717309	0.138551363335	0.127987865851	0.138826471959	0.123896784637	0.160035312204	0.130511965801	0.129174217023	0.147044424564	0.179278365868	0.137359586513	0.135268478957	0.129549906102	0.181696646943
158802708-tonguedorsum1.freeze11.snv.mod.fix.bam	0.149993538632	0.1198873761	0.126700122049	0.157076778304	0.149942349456	0.139592510415	0.150139736113	0.145057146683	0.116531486171	0.113665310544	0.151291233862	0.0	0.0240349678057	0.0249504876887	0.132872542972	0.126368986566	0.128197198855	0.125346694267	0.128990005398	0.127659389385	0.129887929882	0.115782668021	0.132248569361	0.180668289133	0.15488217345	0.152818213146	0.14658614867	0.135821217859	0.147707750186	0.151495105404	0.16033527606	0.161868685476	0.257049859284	0.142989008274	0.166690699921	0.138168086813	0.139041556953	0.114604194957	0.133414106148	0.152605313936	0.158078300674	0.106730529884	0.111301159632	0.149759164307	0.15963974196	0.161651662697	0.111956548603	0.110514986156	0.122419343426	0.125630742245	0.132674370779	0.136717735124	0.125248230002	0.130018170176	0.15451486354	0.127347987298	0.135598454833	0.136243085529	0.141927504169	0.212737442573	0.130616022488	0.132529427482	0.114505037855	0.11260710703	0.114750243036	0.13676648902	0.158935744588	0.15998180763	0.107403820062	0.107950632977	0.122905610135	0.125012272106	0.14225374616	0.123433234922	0.125165442413	0.144346262248	0.115331534158	0.124790989384	0.111550257589	0.15003536537	0.103591759938	0.115668250301	0.145942626444	0.128482058833	0.116180423728	0.119655366208	0.132550444087	0.167502894867	0.165393376567	0.139190567096	0.186822028201	0.168189730873	0.217857686564	0.154780990531	0.152012813079	0.154925092277	0.167574052583	0.144768014808	0.12565365011	0.143021539681	0.146215098895	0.124827136516	0.0963314542065	0.122622443579	0.129605616328	0.131242819607	0.109764255404	0.120149397176	0.112485248188	0.19268597512	0.133473475264	0.133857285607	0.109534762546	0.108160310388	0.144778421244	0.12943405862	0.156877656231	0.107440278558	0.121699499256	0.161826350462	0.195760618787	0.108989838531	0.100807304849	0.12796483453	0.180269373657
158802708-tonguedorsum2.freeze11.snv.mod.fix.bam	0.151389178781	0.121109472153	0.127843101069	0.158277054975	0.150645579239	0.140113320793	0.151314768415	0.146110844364	0.116028984849	0.113394457954	0.151775128092	0.0240349678057	0.0	0.0244072648735	0.133718171097	0.127870484587	0.12981408603	0.127278916702	0.130488522699	0.128666593351	0.130860773377	0.117053712309	0.132796133655	0.181999075231	0.156061183475	0.153973622471	0.147502755791	0.136879355541	0.149037207527	0.151735545323	0.160361297793	0.162451885732	0.257974758634	0.144180382973	0.167584107758	0.139267838267	0.140216803928	0.116421065941	0.133983056242	0.153302886939	0.158713925313	0.108752944645	0.113650154599	0.150110363438	0.159422323735	0.162569229258	0.114289632907	0.111381827803	0.12330464429	0.12626337799	0.133328067755	0.13643116762	0.125870795013	0.13095579689	0.155543931567	0.128557709127	0.137018969306	0.138152103546	0.14254523744	0.214060667981	0.131934832486	0.133618517459	0.11608898615	0.114478199295	0.116472073031	0.138208439333	0.160586848413	0.161673581193	0.109626776387	0.109720680168	0.123512810294	0.126246274435	0.143693193708	0.125381613896	0.126494968476	0.145791048775	0.117219425367	0.125651899463	0.112977280554	0.15101097166	0.106077941055	0.117547558316	0.146314034316	0.129607899575	0.117831917742	0.120062786751	0.134077768788	0.169469296316	0.167563417561	0.140368968464	0.187985829041	0.169030639144	0.218636729053	0.155323630467	0.152696314003	0.156254067868	0.168259678317	0.14593962548	0.126770517057	0.143624040595	0.146767082509	0.126355113948	0.0990566827601	0.123289737762	0.130743750102	0.132569220179	0.110711926995	0.122775341607	0.114882090148	0.193467494133	0.134256056317	0.134690858287	0.11221898929	0.108917189048	0.145811016146	0.130712415129	0.157665099769	0.109627712515	0.123630318122	0.163410633139	0.196732103757	0.110734581562	0.10244309778	0.129467440396	0.181768650234
158802708-tonguedorsum3.freeze11.snv.mod.fix.bam	0.148775313299	0.119523128112	0.12614632393	0.157187313464	0.149287966258	0.139911353322	0.148772062424	0.142971006227	0.118676901522	0.115386972287	0.150224896206	0.0249504876887	0.0244072648735	0.0	0.131542196196	0.124201396392	0.127044050839	0.123270037195	0.127048506891	0.124717727868	0.126780935018	0.113330869214	0.133818792266	0.181476442785	0.153902579975	0.15146138814	0.147318088977	0.134459541983	0.148156706456	0.151165376827	0.159696188306	0.161126321948	0.257852687056	0.143688678829	0.166603766959	0.137631130129	0.139104140235	0.10940294115	0.132851874654	0.150755285836	0.156686312903	0.105916837254	0.109302925873	0.148742119478	0.158456278	0.160725074488	0.10887321753	0.109455983281	0.120819460355	0.125302426432	0.131877713669	0.134234700469	0.124960255998	0.126055586957	0.153227828502	0.126229579072	0.135207117648	0.136068903842	0.140742873706	0.212010382167	0.129432875876	0.129647131262	0.11300570327	0.111077385106	0.112967626199	0.134819853186	0.158131265231	0.15936933838	0.103945560816	0.10769977207	0.123027646821	0.123346706337	0.140599635305	0.12286083469	0.123371069088	0.143121809448	0.113539221936	0.122558315642	0.107433322594	0.150277912871	0.099146778381	0.111932916156	0.145176147397	0.126760911581	0.115193257877	0.117146396903	0.130169087458	0.166267885466	0.164077358769	0.138603482542	0.186763356596	0.168165730459	0.218188809844	0.153337039933	0.150710115804	0.154058017414	0.166781870655	0.143624473318	0.125419460557	0.142886462475	0.146301271239	0.123094907314	0.091042192015	0.123256632272	0.126936106178	0.13112556689	0.107315609597	0.116994828603	0.109076503514	0.191704614895	0.135335531874	0.133087510572	0.105369796443	0.107305376278	0.144279330063	0.128382801703	0.156214615477	0.10375380103	0.120713081915	0.160392152056	0.196207874154	0.108230628712	0.0974796447614	0.126236896244	0.180373996998
158883629-tonguedorsum2.freeze11.snv.mod.fix.bam	0.138930717935	0.128089830194	0.120046820165	0.14766403321	0.135095314791	0.12356881687	0.135503393673	0.128653148397	0.140663614527	0.131141309776	0.0749787956179	0.132872542972	0.133718171097	0.131542196196	0.0	0.11684616715	0.120382518348	0.11629179504	0.120941481351	0.132718569402	0.132005909741	0.105519796324	0.152106145313	0.17104820305	0.138150453388	0.13637381222	0.144034060013	0.116821399524	0.136723546673	0.129993496048	0.141378689578	0.144934034075	0.256180376915	0.146159058365	0.152310204024	0.144251570975	0.139122509573	0.125309428961	0.11583462487	0.123088972451	0.132312596829	0.10919530242	0.117737194008	0.131921397878	0.142199682601	0.158426672454	0.126576506646	0.120390025875	0.12301803757	0.113286975125	0.11671506812	0.140965213536	0.118025030627	0.124999952916	0.143560257731	0.107499340863	0.12732225524	0.123378714505	0.130095699355	0.20719676935	0.135317339212	0.130904129076	0.115669417614	0.113647348686	0.110390215081	0.123644029816	0.148781440231	0.149645307026	0.138670920012	0.122711425267	0.133429207568	0.116571391672	0.13392647352	0.109035679986	0.110763680279	0.143011014369	0.121552176335	0.101889074861	0.12273608018	0.144676033131	0.115019441283	0.117388519726	0.0670290964278	0.087078439739	0.104837000587	0.11947943781	0.127082816558	0.158673910476	0.156700997832	0.12781905259	0.179632469638	0.162318571034	0.211405003583	0.0924362066528	0.0800785098704	0.150211865395	0.15266647704	0.130046236907	0.117699259023	0.12508464694	0.127579615317	0.118386096209	0.121762270428	0.128894906964	0.124525153918	0.127397402856	0.113017810756	0.128121302204	0.118273161515	0.185787547646	0.144802098406	0.130827037804	0.121322377473	0.10856201532	0.131647520232	0.11138250029	0.148361643242	0.110969606435	0.10994488713	0.148808994669	0.188289570746	0.124211081771	0.11610601226	0.116382541628	0.175979778156
158944319-tonguedorsum1.freeze11.snv.mod.fix.bam	0.13864684632	0.122592520586	0.119821643091	0.138731214703	0.138383202189	0.138336588345	0.121440694166	0.103362837152	0.135057777551	0.1273727476	0.135779106273	0.126368986566	0.127870484587	0.124201396392	0.11684616715	0.0	0.0455231609737	0.0358647317239	0.10864622084	0.125681803412	0.124200254282	0.110075795466	0.143344120168	0.170643898146	0.138118937179	0.13538540666	0.143934555714	0.118001801345	0.14179007627	0.140648615948	0.150666053888	0.156241975398	0.254375693814	0.142816334108	0.15688859627	0.137418428928	0.136441302877	0.124881920933	0.125942194503	0.135370308502	0.143515480204	0.108361166848	0.115005974377	0.14094769216	0.153015644958	0.157014437425	0.120788979892	0.114788374061	0.11675712894	0.110792396391	0.121064314523	0.136271618955	0.116719370972	0.125234199232	0.140928549377	0.107006083803	0.110748438899	0.108742261178	0.1388100966	0.206860623288	0.115456163222	0.126386563785	0.105361909095	0.105035196163	0.101454161909	0.124437403371	0.145990567128	0.14737872334	0.127037634584	0.115364648906	0.132278780472	0.12039529247	0.132726002721	0.0964377361141	0.105006209502	0.138655352052	0.114801612228	0.116717050995	0.113590459191	0.145553197325	0.0956608754152	0.108158846498	0.130424158914	0.112437023511	0.0987603442685	0.113561193283	0.121132865188	0.157936967447	0.155924086	0.134876143797	0.180192676992	0.161742166833	0.213583565363	0.142706094252	0.138232621814	0.1474242082	0.156738842714	0.13231476831	0.11707078334	0.134559750313	0.137752257466	0.103515470256	0.107182125577	0.126569738953	0.12412712368	0.116033638716	0.102629243402	0.12105353065	0.110590274302	0.186620242499	0.139000583859	0.115772521799	0.111198607295	0.102661327842	0.115433030647	0.0974658697723	0.146257407996	0.0993505189898	0.109427841891	0.152143306012	0.193493021469	0.118531188009	0.10014857452	0.113563591519	0.16182671009
158944319-tonguedorsum2.freeze11.snv.mod.fix.bam	0.140500754601	0.124213895136	0.119767445791	0.145209073088	0.142269509065	0.13808870307	0.133623251652	0.122527404577	0.133572959591	0.12577782649	0.138140931166	0.128197198855	0.12981408603	0.127044050839	0.120382518348	0.0455231609737	0.0	0.0451065520533	0.112284096496	0.126632405973	0.126510230676	0.11247050804	0.140405402241	0.171558311804	0.136483435728	0.133857601979	0.140481683944	0.12102963133	0.145060116773	0.144146537305	0.154625847124	0.158745230663	0.253402560702	0.144203665134	0.15943446876	0.138355144247	0.135500908245	0.127740241172	0.131240991532	0.139581299652	0.146226094209	0.108141211807	0.113891268834	0.145379378587	0.15605694324	0.154832110789	0.117849704304	0.116680517725	0.121662463073	0.114416832286	0.12340986283	0.133909319122	0.115384360502	0.122023367436	0.144088121138	0.108960205756	0.105246681115	0.102593131529	0.139681190423	0.208911110176	0.108866258281	0.130649851728	0.106103530114	0.105485079199	0.101624800929	0.126470230955	0.144895710316	0.145931657662	0.120820079146	0.116842859308	0.133937698216	0.121861571057	0.134671269066	0.0930010241791	0.106491624958	0.139993533683	0.117506372435	0.11608588542	0.113583558843	0.147720834118	0.092317037111	0.107184433005	0.132647944868	0.115908110777	0.0981111663495	0.113134868123	0.121578301653	0.158102750346	0.156391500131	0.135212505247	0.181900044628	0.164270271466	0.21175559251	0.145084722263	0.141300915425	0.148066346777	0.157981096215	0.133405206753	0.117340698924	0.137115488646	0.140106729285	0.101100510437	0.103460061426	0.123696210495	0.126739276509	0.116047787778	0.099700413025	0.120640031476	0.110087225767	0.189734387811	0.13520620898	0.105132096995	0.114047804358	0.104567825025	0.106805604732	0.0912989985755	0.147442533873	0.0978785756708	0.111029114497	0.154472243312	0.191739523924	0.116616919133	0.0963928456469	0.114813241474	0.157096155622
