	147406386-subgingivalplaque2.freeze11.snv.mod.fix.bam	147406386-supragingivalplaque2.freeze11.snv.mod.fix.bam	147406386-supragingivalplaque3.freeze11.snv.mod.fix.bam	158114885-supragingivalplaque2.freeze11.snv.mod.fix.bam	158337416-supragingivalplaque1.freeze11.snv.mod.fix.bam	158337416-supragingivalplaque2.freeze11.snv.mod.fix.bam	158458797-supragingivalplaque1.freeze11.snv.mod.fix.bam	158802708-supragingivalplaque3.freeze11.snv.mod.fix.bam	158883629-supragingivalplaque1.freeze11.snv.mod.fix.bam	158883629-supragingivalplaque3.freeze11.snv.mod.fix.bam	158944319-supragingivalplaque3.freeze11.snv.mod.fix.bam	159005010-supragingivalplaque2.freeze11.snv.mod.fix.bam	159166850-supragingivalplaque2.freeze11.snv.mod.fix.bam	159207311-supragingivalplaque3.freeze11.snv.mod.fix.bam	159247771-supragingivalplaque2.freeze11.snv.mod.fix.bam	159369152-supragingivalplaque1.freeze11.snv.mod.fix.bam	159369152-supragingivalplaque2.freeze11.snv.mod.fix.bam	159753524-supragingivalplaque1.freeze11.snv.mod.fix.bam	160178356-supragingivalplaque2.freeze11.snv.mod.fix.bam	160178356-supragingivalplaque3.freeze11.snv.mod.fix.bam	160259276-supragingivalplaque1.freeze11.snv.mod.fix.bam	160319967-supragingivalplaque1.freeze11.snv.mod.fix.bam	160319967-supragingivalplaque2.freeze11.snv.mod.fix.bam	160319967-supragingivalplaque3.freeze11.snv.mod.fix.bam	160380657-supragingivalplaque1.freeze11.snv.mod.fix.bam	160380657-supragingivalplaque2.freeze11.snv.mod.fix.bam	160380657-supragingivalplaque3.freeze11.snv.mod.fix.bam	160421117-supragingivalplaque2.freeze11.snv.mod.fix.bam	160421117-supragingivalplaque3.freeze11.snv.mod.fix.bam	160502038-supragingivalplaque2.freeze11.snv.mod.fix.bam	160502038-supragingivalplaque3.freeze11.snv.mod.fix.bam	160582958-buccalmucosa2.freeze11.snv.mod.fix.bam	160582958-supragingivalplaque2.freeze11.snv.mod.fix.bam	160582958-supragingivalplaque3.freeze11.snv.mod.fix.bam	160704339-supragingivalplaque1.freeze11.snv.mod.fix.bam	178713055-supragingivalplaque2.freeze11.snv.mod.fix.bam	275382046-supragingivalplaque2.freeze11.snv.mod.fix.bam	338793263-supragingivalplaque2.freeze11.snv.mod.fix.bam	404239096-supragingivalplaque2.freeze11.snv.mod.fix.bam	508703490-supragingivalplaque1.freeze11.snv.mod.fix.bam	508703490-supragingivalplaque2.freeze11.snv.mod.fix.bam	508703490-supragingivalplaque3.freeze11.snv.mod.fix.bam	517810313-supragingivalplaque2.freeze11.snv.mod.fix.bam	550534656-supragingivalplaque3.freeze11.snv.mod.fix.bam	604812005-supragingivalplaque3.freeze11.snv.mod.fix.bam	638754422-supragingivalplaque2.freeze11.snv.mod.fix.bam	638754422-supragingivalplaque3.freeze11.snv.mod.fix.bam	650853796-supragingivalplaque1.freeze11.snv.mod.fix.bam	663835652-supragingivalplaque3.freeze11.snv.mod.fix.bam	675950834-supragingivalplaque1.freeze11.snv.mod.fix.bam	675950834-supragingivalplaque2.freeze11.snv.mod.fix.bam	682102541-supragingivalplaque3.freeze11.snv.mod.fix.bam	686765762-buccalmucosa3.freeze11.snv.mod.fix.bam	686765762-supragingivalplaque3.freeze11.snv.mod.fix.bam	737052003-supragingivalplaque2.freeze11.snv.mod.fix.bam	763435843-supragingivalplaque2.freeze11.snv.mod.fix.bam	763456073-supragingivalplaque3.freeze11.snv.mod.fix.bam	763496533-supragingivalplaque2.freeze11.snv.mod.fix.bam	763557224-supragingivalplaque3.freeze11.snv.mod.fix.bam	763577454-subgingivalplaque2.freeze11.snv.mod.fix.bam	763577454-supragingivalplaque2.freeze11.snv.mod.fix.bam	763759525-supragingivalplaque1.freeze11.snv.mod.fix.bam	763860675-supragingivalplaque1.freeze11.snv.mod.fix.bam	763921366-supragingivalplaque3.freeze11.snv.mod.fix.bam	763982056-supragingivalplaque3.freeze11.snv.mod.fix.bam	764062976-supragingivalplaque2.freeze11.snv.mod.fix.bam	764062976-supragingivalplaque3.freeze11.snv.mod.fix.bam	764083206-supragingivalplaque1.freeze11.snv.mod.fix.bam	764143897-supragingivalplaque2.freeze11.snv.mod.fix.bam	764285508-supragingivalplaque2.freeze11.snv.mod.fix.bam	764305738-supragingivalplaque1.freeze11.snv.mod.fix.bam	764305738-supragingivalplaque2.freeze11.snv.mod.fix.bam	764325968-supragingivalplaque1.freeze11.snv.mod.fix.bam	764366428-keratinizedgingiva2.freeze11.snv.mod.fix.bam	764366428-subgingivalplaque2.freeze11.snv.mod.fix.bam	764366428-subgingivalplaque3.freeze11.snv.mod.fix.bam	764366428-supragingivalplaque2.freeze11.snv.mod.fix.bam	764366428-supragingivalplaque3.freeze11.snv.mod.fix.bam	764447348-supragingivalplaque1.freeze11.snv.mod.fix.bam	764508039-supragingivalplaque3.freeze11.snv.mod.fix.bam	764588959-supragingivalplaque1.freeze11.snv.mod.fix.bam	764588959-supragingivalplaque2.freeze11.snv.mod.fix.bam	764649650-supragingivalplaque1.freeze11.snv.mod.fix.bam	764649650-supragingivalplaque2.freeze11.snv.mod.fix.bam	764811490-supragingivalplaque1.freeze11.snv.mod.fix.bam	764811490-supragingivalplaque2.freeze11.snv.mod.fix.bam	764872181-supragingivalplaque1.freeze11.snv.mod.fix.bam	765013792-supragingivalplaque2.freeze11.snv.mod.fix.bam	765013792-supragingivalplaque3.freeze11.snv.mod.fix.bam	765034022-supragingivalplaque1.freeze11.snv.mod.fix.bam	765074482-supragingivalplaque3.freeze11.snv.mod.fix.bam	765094712-supragingivalplaque1.freeze11.snv.mod.fix.bam	765094712-supragingivalplaque3.freeze11.snv.mod.fix.bam	765135172-supragingivalplaque1.freeze11.snv.mod.fix.bam	765155402-supragingivalplaque3.freeze11.snv.mod.fix.bam	765195863-supragingivalplaque3.freeze11.snv.mod.fix.bam	765337473-supragingivalplaque2.freeze11.snv.mod.fix.bam	765620695-supragingivalplaque2.freeze11.snv.mod.fix.bam	765701615-supragingivalplaque2.freeze11.snv.mod.fix.bam	823052294-supragingivalplaque3.freeze11.snv.mod.fix.bam	861967750-supragingivalplaque1.freeze11.snv.mod.fix.bam	861967750-supragingivalplaque2.freeze11.snv.mod.fix.bam	863126187-supragingivalplaque3.freeze11.snv.mod.fix.bam	937495960-supragingivalplaque1.freeze11.snv.mod.fix.bam
147406386-subgingivalplaque2.freeze11.snv.mod.fix.bam	0.0	0.0482556612476	0.0447691214464	0.0980325835378	0.125876931345	0.12423306203	0.0974662809584	0.120401167326	0.139443962882	0.153125376915	0.123187573032	0.0940023197293	0.127379623538	0.10542717543	0.0967856106065	0.11516598794	0.131748821748	0.113537515857	0.148437386448	0.137602625806	0.112363758316	0.112669066886	0.109048986761	0.104043874889	0.0988032512788	0.106663654399	0.109511523129	0.106743925212	0.0995748802108	0.125794202463	0.11501183256	0.0940227600992	0.0743845540135	0.123147895782	0.100124781942	0.112796901576	0.101227699016	0.0944791049875	0.0828598753097	0.104195436448	0.104078873811	0.116117455627	0.0986409864628	0.0897477771438	0.103631034022	0.0969461147215	0.102239740871	0.102398432438	0.0962875755233	0.10297539061	0.102138906227	0.119609941802	0.108839370453	0.11811735402	0.100576504961	0.12220293035	0.103664679551	0.11139421761	0.103177533649	0.11414462486	0.102801626425	0.0985569227123	0.120224123819	0.089947347478	0.0888017401025	0.0972198711241	0.0898484015059	0.100602743132	0.113267331037	0.106979116287	0.123411717821	0.126573042956	0.100358331321	0.111946055415	0.0707000259986	0.0978348237572	0.0888614389266	0.0841878775672	0.104371476484	0.100906530525	0.11631363456	0.0917955235937	0.116235915083	0.105814757995	0.111969626869	0.0961590049245	0.11724887398	0.097029371042	0.094576748437	0.0980282463617	0.107592728876	0.108381940201	0.0878545311456	0.138416984003	0.101407570295	0.104389357087	0.130349205804	0.11181472268	0.119581058291	0.0864716230844	0.0946503464522	0.102745990178	0.0861876534954	0.144803260999
147406386-supragingivalplaque2.freeze11.snv.mod.fix.bam	0.0482556612476	0.0	0.052926864969	0.100809792899	0.118638518966	0.116883049811	0.109716055076	0.134773025867	0.1532302531	0.164762297381	0.121007117921	0.104630688231	0.14549957655	0.117748193307	0.100230015582	0.113156770667	0.126869610668	0.120482340767	0.159953234282	0.14983006773	0.126657025127	0.115888668011	0.11314753331	0.114446843508	0.108593053533	0.11622337245	0.120517221463	0.11218356514	0.106595273018	0.125935426803	0.115712800044	0.101767486634	0.078249312003	0.136295016834	0.114002177904	0.128171149099	0.110921273944	0.0993569441547	0.097611326117	0.119931004225	0.117767575892	0.13021848309	0.101317698204	0.101949649039	0.107230137631	0.10644447076	0.106928514121	0.110012902112	0.101282005898	0.105758803395	0.10313782298	0.133095958313	0.108623209625	0.114499315672	0.100876118495	0.135951124813	0.112356344755	0.10871145028	0.106216260519	0.128744338037	0.118105630332	0.112801004196	0.126647012924	0.0911489214456	0.0897034202927	0.103578917767	0.0997894493722	0.102235640997	0.112146062792	0.103671849206	0.119908810263	0.12425652543	0.112152908767	0.107664718584	0.0784640761755	0.110788115701	0.099243723428	0.0951301166602	0.113877302444	0.105337967962	0.130819181254	0.102247816585	0.11524320039	0.0924048883606	0.125412852897	0.109376438094	0.127961851197	0.105633695521	0.105387838675	0.109527490484	0.111532169067	0.110426904328	0.0993816532771	0.150942507228	0.111761541143	0.114998366755	0.14423813543	0.123950104691	0.130080732263	0.0921145668807	0.10641538298	0.115570470278	0.0976782856132	0.158383990572
147406386-supragingivalplaque3.freeze11.snv.mod.fix.bam	0.0447691214464	0.052926864969	0.0	0.100300008712	0.126586355782	0.124562725124	0.0976739294832	0.123507060437	0.141380906926	0.154624347923	0.124474400747	0.0945329075209	0.132535889306	0.109923961829	0.0975259811579	0.115110764859	0.132723581518	0.11431689792	0.150777217748	0.139532320627	0.11474535485	0.112227372318	0.111313805012	0.106254711037	0.09964685722	0.10855225113	0.112010091766	0.108528129585	0.102127513097	0.129682819331	0.118331490698	0.0953858073575	0.0765475045571	0.125403275692	0.101669136628	0.113990745833	0.103649602437	0.0967144977418	0.0906929660467	0.1068776605	0.106025969701	0.118137358528	0.102807652982	0.0914889302951	0.105659090351	0.0982271558729	0.103889347934	0.10604279684	0.0985679162076	0.104293066297	0.102327429515	0.123313665809	0.110168401478	0.11903461141	0.102546831838	0.123313358357	0.102802611981	0.112010060759	0.104808353408	0.115952424877	0.105006590788	0.100278893551	0.123456052673	0.0917044409256	0.0901476781473	0.0993050210229	0.0940443882501	0.101464790822	0.114838300352	0.106897227577	0.124428885739	0.127824713421	0.102266833015	0.113608888208	0.0728235765316	0.100003859933	0.0887119324816	0.0869863953153	0.105501956717	0.101000004817	0.117962372835	0.0948318687032	0.11690262875	0.105410969904	0.115813583431	0.0990800320589	0.119537789427	0.0993653034807	0.0979033888577	0.101058391815	0.11047596222	0.111416163227	0.0905244622594	0.140161988114	0.102391066212	0.107114586838	0.131518907867	0.115357565734	0.122255205297	0.0888512335959	0.0972928336232	0.103337348801	0.0878400325631	0.147200034345
158114885-supragingivalplaque2.freeze11.snv.mod.fix.bam	0.0980325835378	0.100809792899	0.100300008712	0.0	0.144439509492	0.142591249196	0.116176397589	0.130980440476	0.151665792483	0.164833892066	0.142281853179	0.111752212505	0.148673299368	0.11246153143	0.117400460487	0.131181362772	0.14779052568	0.123645194516	0.158073249525	0.148762028816	0.130073406591	0.132775814397	0.120593020593	0.118263195707	0.117233740465	0.122160667498	0.12447234051	0.124942706354	0.121810585801	0.120883876633	0.116842623898	0.119317239641	0.100547909227	0.140406632811	0.119757016207	0.132203652693	0.116750630742	0.111774225176	0.109697927158	0.125699589577	0.12335578588	0.135212886434	0.0999974749403	0.107262854976	0.119780235192	0.120187850299	0.121522807416	0.109611951855	0.12182376266	0.12190926341	0.121483276796	0.135509499971	0.127608685217	0.137532210275	0.120454864559	0.135002814799	0.123975376127	0.13283260486	0.116940878626	0.13117356045	0.123347044095	0.116587220747	0.119122539852	0.110844398708	0.105686420991	0.119218309733	0.114799783968	0.118361042635	0.136320831067	0.126982601715	0.132503167947	0.144468191435	0.124555116049	0.135751524125	0.103830071691	0.1162651075	0.113024305167	0.1107879202	0.121319204811	0.119433172152	0.128270251399	0.102257482859	0.135350530243	0.110055331409	0.123879145129	0.107855304292	0.124331873189	0.11677118223	0.11570379962	0.107760920069	0.115683372661	0.111361490731	0.104783242567	0.153540435622	0.122964459153	0.115040636372	0.145533509461	0.121115530645	0.13535827364	0.11297016453	0.11212702376	0.124939375668	0.114616306764	0.157050193706
158337416-supragingivalplaque1.freeze11.snv.mod.fix.bam	0.125876931345	0.118638518966	0.126586355782	0.144439509492	0.0	0.0157370205109	0.143933175749	0.174640731022	0.187454353088	0.193466355175	0.119025230783	0.138293606636	0.186620458571	0.157943769444	0.123003178521	0.120754579837	0.120261565789	0.144746844558	0.190630237719	0.183920480538	0.162660858148	0.134780629061	0.137259201568	0.151975060108	0.141592472152	0.147210000969	0.154073648717	0.135446112517	0.131905314433	0.140493830299	0.129752497228	0.130300330874	0.120889532259	0.170903703873	0.151494756483	0.165822619252	0.15444671303	0.126082783758	0.141958109835	0.158400371836	0.154767328216	0.165666278966	0.136167449082	0.149208481099	0.13172492925	0.134747792725	0.130169773137	0.141306424991	0.147237781902	0.121035000692	0.108728391019	0.169362889601	0.122868938642	0.113805530108	0.115117759117	0.170507099299	0.139284311619	0.114918575347	0.117331258583	0.16770992684	0.158375558038	0.148046467332	0.152369745369	0.104756278488	0.113424688513	0.132311290734	0.135777997879	0.120747728403	0.116931666982	0.103124929936	0.130064543184	0.133057485331	0.146267160052	0.117597256956	0.132874721777	0.152770016366	0.137445755603	0.137882774268	0.145662854246	0.128474570224	0.167230096707	0.148154243399	0.123885809844	0.119395375165	0.163564724285	0.146638152116	0.163461853965	0.137355943686	0.140225668484	0.154431100522	0.13611904301	0.136061259174	0.136239293124	0.185466444146	0.147764321684	0.148543300088	0.177900540208	0.164235782391	0.157252668464	0.122156446039	0.143821353331	0.146150079613	0.145509789629	0.191089634026
158337416-supragingivalplaque2.freeze11.snv.mod.fix.bam	0.12423306203	0.116883049811	0.124562725124	0.142591249196	0.0157370205109	0.0	0.141611938429	0.173562645743	0.186112463444	0.192435727164	0.117964486732	0.136439308553	0.185609049452	0.156926590257	0.121094701533	0.119426413831	0.119325418493	0.143052908005	0.189519948187	0.182175535676	0.161237558592	0.13225128987	0.135961137868	0.150327734234	0.139961898891	0.145348381038	0.152517264029	0.133965013729	0.130639362955	0.140253274647	0.129265887316	0.12782809119	0.118744474069	0.169803917315	0.149966240289	0.164046535136	0.152370002374	0.124379942424	0.140900638211	0.15674298827	0.152993118541	0.16420398589	0.134400849886	0.147754878877	0.130412225376	0.13239470168	0.128213001444	0.140259528492	0.14552724007	0.118855617607	0.106423274504	0.168372255522	0.120735011635	0.11161447652	0.113140422659	0.169400000056	0.137124099084	0.112851035517	0.115113587865	0.165946540829	0.156717244743	0.146676659297	0.151789372702	0.102036149968	0.110816468686	0.130006380631	0.133661920348	0.118717255944	0.115446261424	0.10229257816	0.128956723733	0.132968626201	0.144691195509	0.117089203564	0.13098711082	0.15105225644	0.136080478923	0.136437458478	0.143658256944	0.127464869046	0.16558096563	0.146343591991	0.121821936251	0.118045142638	0.161807593492	0.14439725271	0.162033372399	0.135823530922	0.138565428066	0.152717255977	0.134658963103	0.134508888554	0.134159272414	0.184583502916	0.145631502595	0.14646360714	0.17689464628	0.163067374104	0.155592940383	0.120107322305	0.142171199252	0.144989502168	0.143506554485	0.19013655048
158458797-supragingivalplaque1.freeze11.snv.mod.fix.bam	0.0974662809584	0.109716055076	0.0976739294832	0.116176397589	0.143933175749	0.141611938429	0.0	0.11059593705	0.121196471412	0.134805131465	0.123505435511	0.082691466645	0.118081665132	0.110198520402	0.100886337031	0.10797219196	0.1311577729	0.101267446492	0.129198319319	0.120859535986	0.105364584921	0.115959983359	0.119754129789	0.108967932462	0.0858706433837	0.0902943421069	0.0932006637651	0.0955161650806	0.0901952949075	0.140476674322	0.128362824403	0.101636404868	0.0983183627984	0.114874405536	0.0899367481707	0.0960010894988	0.09724494209	0.0952348908929	0.0988677598542	0.101761983404	0.0958236134896	0.104682615898	0.11974906724	0.102164671408	0.103158496941	0.0857404119146	0.104303181252	0.111271060038	0.113342246324	0.115257360328	0.116999618082	0.110216992515	0.102054074147	0.113783810317	0.118249976973	0.108026164859	0.0892008478447	0.116615498422	0.113285457946	0.100778784823	0.0925692092146	0.0897762550154	0.12540540734	0.103980297029	0.106021815735	0.105644865398	0.0985039779509	0.0970408880315	0.123493634602	0.127409217025	0.139294974457	0.140601555234	0.0898236056701	0.132192158548	0.0961019414276	0.0984586079932	0.0986980437907	0.0949749577308	0.0877809062329	0.102105571851	0.103847451061	0.100660834786	0.126899925248	0.135877197744	0.109095903896	0.0997071145527	0.115205177704	0.100420511542	0.0961052010073	0.0988692821509	0.118359903043	0.126538957372	0.0965409745248	0.125193259263	0.1069624338	0.107382944812	0.11166227733	0.110999927513	0.10449733928	0.099147306162	0.0974544917444	0.101028459084	0.0969674428122	0.130303058498
158802708-supragingivalplaque3.freeze11.snv.mod.fix.bam	0.120401167326	0.134773025867	0.123507060437	0.130980440476	0.174640731022	0.173562645743	0.11059593705	0.0	0.0991835136874	0.110727263637	0.165033708267	0.112901316008	0.0941054230229	0.103062682414	0.136522478002	0.153136112188	0.171507544238	0.125949085418	0.115566677113	0.109781409131	0.0954347240476	0.145233056883	0.141597585103	0.115862607106	0.113221639461	0.107473832046	0.0989867105937	0.130825709798	0.126081344035	0.159860038734	0.152827805387	0.120506252871	0.124250025858	0.0977960943524	0.100413156966	0.0929854632598	0.0993602423629	0.128775013262	0.111941960895	0.0982887188602	0.0968176477514	0.0953467735557	0.135524323545	0.107485100449	0.133192692203	0.108206631206	0.127909408775	0.126793925286	0.124201496673	0.145021517731	0.150088751478	0.0765250939192	0.141979250819	0.159038730969	0.144280741818	0.0831910998782	0.120799265335	0.157893006978	0.133331419483	0.0921994818227	0.093697647079	0.108684020177	0.133092599832	0.132665698276	0.130715799762	0.127978729517	0.110936899877	0.139663553785	0.157479726398	0.158778903196	0.165951305761	0.166104467417	0.111622815428	0.160126470893	0.113063093037	0.0925857267421	0.116608598182	0.108766073362	0.10903513003	0.135844675391	0.0956966814949	0.107511697182	0.151029242148	0.161618418977	0.0903431989926	0.10708644361	0.104958169992	0.122846030864	0.114102974668	0.101047629545	0.137033266218	0.139030283206	0.105319965262	0.104148316338	0.117779751541	0.120073376029	0.0977882302708	0.100149712734	0.109210935512	0.127366974015	0.111594833948	0.115045875635	0.0941675424917	0.102776831592
158883629-supragingivalplaque1.freeze11.snv.mod.fix.bam	0.139443962882	0.1532302531	0.141380906926	0.151665792483	0.187454353088	0.186112463444	0.121196471412	0.0991835136874	0.0	0.0390847313523	0.178970513536	0.136381636044	0.0760235360656	0.131367335015	0.150382128745	0.173083630572	0.191716838607	0.136777756008	0.106013669684	0.101489743824	0.104524664526	0.160712942571	0.166542849025	0.132195819491	0.130331956256	0.128923490323	0.126438289563	0.1383621783	0.135020618362	0.186198092798	0.178673429448	0.131152308989	0.140508945315	0.0943085961642	0.117424634085	0.0849931417131	0.0992425048057	0.149248701334	0.130841045255	0.0966966963069	0.0931557278519	0.0843006101503	0.159912987079	0.131931520854	0.151079008548	0.13372502901	0.15283271385	0.153608793137	0.128785875626	0.168612678197	0.17396491276	0.0939544659821	0.161633530393	0.177230341774	0.167257199916	0.0992235379771	0.132540275999	0.17656259469	0.142590190747	0.0958560701143	0.100076006452	0.120328269292	0.158224084782	0.147807366951	0.143362863494	0.15213647785	0.133225188184	0.159530709432	0.175791922604	0.175069747683	0.183190436579	0.177741023838	0.122530127981	0.175124607591	0.13164765493	0.108490557099	0.136615288483	0.125530162232	0.11985379866	0.156349968375	0.103598078316	0.123741667618	0.161872818486	0.173528151655	0.105774372042	0.132470614766	0.121422609478	0.138073593331	0.131258384196	0.116531506182	0.157955552442	0.165986118535	0.12330562273	0.0731176884107	0.129618727384	0.140433409278	0.0780737009164	0.113148102703	0.106340226304	0.144556312243	0.123593754082	0.120798694439	0.111377355787	0.0849622441684
158883629-supragingivalplaque3.freeze11.snv.mod.fix.bam	0.153125376915	0.164762297381	0.154624347923	0.164833892066	0.193466355175	0.192435727164	0.134805131465	0.110727263637	0.0390847313523	0.0	0.186400128424	0.149824695308	0.0848766976301	0.143971557834	0.161337138055	0.181650287799	0.198932683411	0.146794103258	0.111895704715	0.109526135568	0.116628702155	0.16929656963	0.176732378122	0.143945829132	0.143165939108	0.141959892092	0.138677772143	0.149849558275	0.146757424178	0.195276336883	0.187961926404	0.142139184391	0.153204087231	0.103173486497	0.132479472409	0.0997316403252	0.111810616072	0.16067630488	0.143507712646	0.10995044402	0.106156675812	0.0957133799436	0.171344268331	0.146208524331	0.161716531736	0.145449977559	0.163342193826	0.165536277283	0.141560391846	0.178648918639	0.183434173936	0.104912213352	0.171620213378	0.185117206071	0.17666093575	0.108692798637	0.144251812556	0.185365742863	0.152492678414	0.108985385956	0.115573608058	0.134437991992	0.168698522617	0.158031315304	0.154960060474	0.162547126337	0.144956435306	0.171941473835	0.184016304067	0.183376316865	0.191519366167	0.18556358412	0.136551096964	0.182866978746	0.145484869177	0.12208939777	0.149490236277	0.139415125467	0.132859181527	0.166921606827	0.115242034822	0.1382904069	0.168942237285	0.181942483175	0.116331701777	0.145296047142	0.132682147486	0.150035826722	0.143916623826	0.130439931013	0.167405102227	0.176690569183	0.13769841406	0.0889997486043	0.141339035156	0.152500725482	0.0881525319547	0.125234532712	0.122968732065	0.155894256067	0.141359194128	0.137377945652	0.12555330086	0.0911333947566
158944319-supragingivalplaque3.freeze11.snv.mod.fix.bam	0.123187573032	0.121007117921	0.124474400747	0.142281853179	0.119025230783	0.117964486732	0.123505435511	0.165033708267	0.178970513536	0.186400128424	0.0	0.120363263563	0.178456976573	0.148443739959	0.104105970915	0.105432377274	0.108865434427	0.129011720881	0.180843027194	0.174168279782	0.152735193543	0.109459456007	0.11926966143	0.138286623191	0.122108113458	0.126721673317	0.135034200608	0.118527480353	0.114236627573	0.135501842387	0.119555456022	0.124603808693	0.116751999282	0.165914699401	0.137687913928	0.151599555361	0.14969641178	0.101340709264	0.131563408331	0.153937535238	0.144028976292	0.15570701599	0.135051473907	0.142953664595	0.111460444114	0.104670553725	0.0785789583088	0.127308682594	0.146761641227	0.114008286009	0.105127268655	0.159937930487	0.101316292909	0.0924437491865	0.110479311241	0.161523386161	0.120054681521	0.0979896385906	0.129077030196	0.157941925576	0.14848866927	0.135263688987	0.140053421071	0.110806518166	0.122715459166	0.116452179224	0.125178305798	0.0967537816579	0.0957484661942	0.111938545605	0.130011027923	0.130983187531	0.133608586583	0.117015863089	0.128145883287	0.144456502966	0.128432015498	0.130109423507	0.129465723507	0.11227369126	0.155148708569	0.14151879612	0.123594274313	0.131932619814	0.158131867545	0.138209699795	0.161133306894	0.115165916029	0.119962448447	0.148631035726	0.125470559408	0.140213268227	0.134208521896	0.178877172359	0.143433956369	0.129899794002	0.169606755898	0.156959310812	0.146365252227	0.106870951011	0.133178116995	0.131276742942	0.141743373221	0.183804573546
159005010-supragingivalplaque2.freeze11.snv.mod.fix.bam	0.0940023197293	0.104630688231	0.0945329075209	0.111752212505	0.138293606636	0.136439308553	0.082691466645	0.112901316008	0.136381636044	0.149824695308	0.120363263563	0.0	0.1332093959	0.106222723561	0.103361848986	0.0963232256061	0.117338352861	0.0867085659143	0.144069177693	0.132248404168	0.107884719895	0.115496435213	0.112161750535	0.107815216382	0.0763369263682	0.0837602367633	0.0889668639973	0.0983919246001	0.0935301355396	0.133563279638	0.120013980755	0.0945547354537	0.0902020561639	0.121048201818	0.0889389569511	0.110808757354	0.112066205855	0.0932000006983	0.0952165779086	0.107325155978	0.104083187021	0.114050717467	0.114447146898	0.101604645998	0.096885643324	0.0767604248608	0.0972068289676	0.100947894686	0.117284736618	0.108942231317	0.110249658767	0.117296427064	0.0959849963851	0.108984932446	0.107916265019	0.113051076123	0.0850523348301	0.105180074855	0.112477955952	0.112608342392	0.103856132086	0.0970886058107	0.122526902581	0.100298662624	0.102342033943	0.100497905525	0.0957440270781	0.0865859048876	0.117540915931	0.121159067657	0.1335123986	0.134812805926	0.0926200726269	0.125964580591	0.0925724512077	0.0972346695664	0.094592350898	0.0915984381136	0.0897836164778	0.097412499454	0.109788614323	0.102003067147	0.124164381454	0.13281247264	0.111313687077	0.0962078737097	0.11931836799	0.0992217158224	0.0965056518869	0.105431440193	0.110467612416	0.119883567009	0.095250334963	0.138419256619	0.110452981742	0.105835190282	0.124515125786	0.113971490097	0.10800062072	0.0951269363266	0.0985482454551	0.103799165936	0.0968759463208	0.139530254
159166850-supragingivalplaque2.freeze11.snv.mod.fix.bam	0.127379623538	0.14549957655	0.132535889306	0.148673299368	0.186620458571	0.185609049452	0.118081665132	0.0941054230229	0.0760235360656	0.0848766976301	0.178456976573	0.1332093959	0.0	0.12712259064	0.149837426456	0.170927633456	0.189206658601	0.133810393469	0.101676562349	0.0967541822427	0.0993950999397	0.158041541519	0.162962995494	0.127787517449	0.126675441469	0.126110715349	0.123792990856	0.135779879662	0.131778006926	0.183300057696	0.17519930953	0.128826681626	0.13879183562	0.0929722799633	0.113283191496	0.0829857469211	0.0947304128639	0.145378505208	0.11124442385	0.0830380648177	0.0906416799719	0.0786602956343	0.157275642838	0.129456352045	0.147314983759	0.13071409211	0.150731253917	0.148830492112	0.126703148608	0.164673833702	0.17135191503	0.0906790320149	0.158576579443	0.175053558462	0.164866905594	0.0910075896379	0.130833755828	0.174259589596	0.139033639894	0.0908219399635	0.0950719378136	0.11744104342	0.154236348576	0.146814353275	0.143283346331	0.14719003989	0.125537286601	0.15990451129	0.172833911696	0.172689822328	0.181408536229	0.17576439248	0.117938894312	0.172767409691	0.129208616512	0.105669480542	0.13377099199	0.122547039411	0.119459313619	0.153449052848	0.100215267342	0.120059137618	0.161398892459	0.174128287678	0.102129308213	0.129582964077	0.119500506798	0.134284689187	0.125974229679	0.115982189076	0.154822263023	0.163534759934	0.118342842055	0.0824090347478	0.127224018731	0.136698903379	0.0746115855462	0.107515480448	0.112513004178	0.141731770871	0.125910942296	0.122204876139	0.107182148407	0.0825003019545
159207311-supragingivalplaque3.freeze11.snv.mod.fix.bam	0.10542717543	0.117748193307	0.109923961829	0.11246153143	0.157943769444	0.156926590257	0.110198520402	0.103062682414	0.131367335015	0.143971557834	0.148443739959	0.106222723561	0.12712259064	0.0	0.122885790321	0.138472563129	0.154622763045	0.127844971574	0.142545047292	0.134041077063	0.110802562192	0.131237321533	0.119339174607	0.116396361739	0.10596368675	0.113351395201	0.108254073472	0.124543435806	0.118898926942	0.122938282653	0.114381149713	0.11401047466	0.11086577934	0.114261469658	0.103615917363	0.111951856747	0.111711893353	0.108271217409	0.0917089909593	0.115052356266	0.111749672495	0.118464211749	0.110813968238	0.094788134231	0.12046916652	0.112506526674	0.120522277654	0.0967919851467	0.127200430288	0.12145864859	0.124401332812	0.109373923897	0.13269773805	0.145173349999	0.116883186745	0.117264520505	0.118546333254	0.136866481681	0.125985992924	0.110417556793	0.104598689674	0.102019031597	0.105130320691	0.116980127936	0.120640374226	0.107581005731	0.102326043485	0.121539075772	0.133794300669	0.136658588217	0.142983412145	0.147183733008	0.113212338982	0.139777847682	0.103138522074	0.100757878781	0.101965194573	0.0997179602711	0.118276432396	0.117162103506	0.103627382449	0.0999892916123	0.140716010179	0.148254444011	0.101224622775	0.0923253062928	0.111975727303	0.112371694099	0.104157253209	0.098356801517	0.113315371859	0.113770205327	0.0982087234072	0.132539950238	0.117909908445	0.106624663113	0.122255695297	0.100482326999	0.120523004685	0.111832193958	0.101434102862	0.110668549842	0.108307827658	0.134867463411
159247771-supragingivalplaque2.freeze11.snv.mod.fix.bam	0.0967856106065	0.100230015582	0.0975259811579	0.117400460487	0.123003178521	0.121094701533	0.100886337031	0.136522478002	0.150382128745	0.161337138055	0.104105970915	0.103361848986	0.149837426456	0.122885790321	0.0	0.109626064821	0.124373455525	0.120127558191	0.156054314554	0.148233384573	0.128431772194	0.100913059429	0.108163868538	0.116838923683	0.107757196861	0.114738822725	0.118831546053	0.110058962763	0.104101756306	0.130092692301	0.116006788181	0.102212672166	0.0909598827314	0.137804743361	0.114411304999	0.124166851098	0.11753554273	0.0905073553593	0.109270292871	0.12393472216	0.115371449661	0.128038692476	0.113672895358	0.115368356417	0.107835470619	0.0981590093854	0.0921946839804	0.11318936278	0.122607585993	0.102360630553	0.0990143315335	0.133259935368	0.104071246282	0.106303592806	0.102926019363	0.134322126066	0.108046368467	0.10470467836	0.112682911698	0.127005099783	0.117272425341	0.108385406146	0.126809967345	0.0920511658167	0.101025398578	0.0960667767147	0.10156790843	0.0979677498843	0.100208068314	0.107659304677	0.125766762307	0.127980859365	0.113523172164	0.115185745308	0.100020245853	0.117277926198	0.103751087366	0.103449761238	0.111972737762	0.101672874166	0.128782697508	0.113212166969	0.114652074469	0.117767438083	0.130969858805	0.110531228607	0.133386770796	0.0980600568976	0.0997335143704	0.11552060445	0.113399307757	0.120974246175	0.106954254559	0.151623273601	0.116823490517	0.106833937453	0.143039352324	0.13080358686	0.13056990294	0.0882450543269	0.106771212316	0.110357424263	0.11245878908	0.159723808538
159369152-supragingivalplaque1.freeze11.snv.mod.fix.bam	0.11516598794	0.113156770667	0.115110764859	0.131181362772	0.120754579837	0.119426413831	0.10797219196	0.153136112188	0.173083630572	0.181650287799	0.105432377274	0.0963232256061	0.170927633456	0.138472563129	0.109626064821	0.0	0.0478584585301	0.0914352945385	0.173100512435	0.165016223053	0.147682761019	0.123631715481	0.123811967085	0.136833369906	0.101964892008	0.108898742868	0.118432825061	0.098163829489	0.0970289892998	0.137138687867	0.120955252205	0.12099743342	0.110384553779	0.158482063044	0.12262879667	0.148134711098	0.141386226754	0.102326910434	0.118690677737	0.145127864246	0.139109405947	0.150466332611	0.128136964877	0.13448853345	0.0953568286413	0.0941851285501	0.107695912063	0.118906670223	0.139819545534	0.117609787567	0.111657071648	0.15589086302	0.0810494416004	0.0833679906711	0.110416147535	0.15176077536	0.105332200016	0.0947810812792	0.122190221193	0.150711628348	0.142161359443	0.12835313935	0.14061110925	0.10748916111	0.110264118078	0.119282403317	0.122614629794	0.0840682085058	0.108154124089	0.110568114097	0.109051440636	0.109341844421	0.114863233672	0.112122748528	0.118836183237	0.134525496101	0.115954962285	0.117013825775	0.114169220556	0.0963643552189	0.148725250645	0.132659321881	0.125008820998	0.125267857435	0.148664064086	0.129985047596	0.150449648802	0.121128892957	0.123156777429	0.139734299695	0.125015694426	0.133072755678	0.124848001829	0.171743715003	0.136828775352	0.132627661852	0.160471736774	0.148530910434	0.1365533189	0.110335644436	0.127567882159	0.130029122898	0.133015158712	0.177146125497
159369152-supragingivalplaque2.freeze11.snv.mod.fix.bam	0.131748821748	0.126869610668	0.132723581518	0.14779052568	0.120261565789	0.119325418493	0.1311577729	0.171507544238	0.191716838607	0.198932683411	0.108865434427	0.117338352861	0.189206658601	0.154622763045	0.124373455525	0.0478584585301	0.0	0.109910103397	0.19120611831	0.184913955441	0.1670960084	0.136308839608	0.136675979098	0.154120205952	0.122825965393	0.129607422554	0.139015698976	0.116309066463	0.114703581718	0.141511519254	0.124384945472	0.137041430385	0.12702100829	0.176036426343	0.144754222635	0.167701355716	0.158991238846	0.116446801453	0.132597026729	0.164875494001	0.159308717266	0.170312980121	0.140180318148	0.151152368489	0.109481475377	0.111358442597	0.121435947272	0.131345990186	0.153525539304	0.128303088489	0.119368737846	0.173606464519	0.0967407678887	0.0921947432477	0.119405296188	0.170838595599	0.124310223646	0.100473696054	0.136121474585	0.170511039341	0.161755889136	0.146022590579	0.153801819633	0.12276635677	0.128172779321	0.132804205308	0.137899091281	0.102897762675	0.109751051395	0.113424149149	0.0944023518144	0.0950732762003	0.134976735084	0.108434405353	0.136690463333	0.154222002418	0.13040368358	0.133179714062	0.13221318571	0.109734861811	0.169686249577	0.151542791908	0.133100796815	0.134093265365	0.167587122556	0.149750152462	0.168886819439	0.137505755761	0.139724286412	0.157782766708	0.139356140598	0.144820555107	0.142472286915	0.189956443647	0.152362524066	0.148982751869	0.179775365848	0.165480431189	0.151357782549	0.126837811394	0.143187385372	0.145560550577	0.151143547423	0.194719010634
159753524-supragingivalplaque1.freeze11.snv.mod.fix.bam	0.113537515857	0.120482340767	0.11431689792	0.123645194516	0.144746844558	0.143052908005	0.101267446492	0.125949085418	0.136777756008	0.146794103258	0.129011720881	0.0867085659143	0.133810393469	0.127844971574	0.120127558191	0.0914352945385	0.109910103397	0.0	0.149574466305	0.136537665874	0.11217195272	0.131129366421	0.136756203592	0.128606802194	0.0937385399856	0.0959156982628	0.104897783257	0.0987287479562	0.0987655365707	0.152722443219	0.141188942409	0.11382670848	0.112865887254	0.131735186651	0.10416102238	0.119327885772	0.121871388357	0.114165542454	0.114228816186	0.110362958637	0.109861896387	0.115170130784	0.131993246335	0.122361101632	0.108458784264	0.0859219371577	0.116581865149	0.124984682457	0.127315146223	0.131301060793	0.132169660202	0.130782359332	0.0979516576004	0.112081782126	0.130079961269	0.123265311519	0.095213317996	0.120137631424	0.114965669098	0.125271745689	0.119772664229	0.117434428053	0.142253959617	0.115421718954	0.111570702071	0.124998678328	0.117649296071	0.103280573078	0.134407029972	0.134873936171	0.147082807486	0.14499703538	0.102681303207	0.138076022741	0.111041629711	0.109125694209	0.113167728338	0.10887146087	0.0975673543145	0.114753166805	0.117332318369	0.117760614587	0.136154620626	0.138754939023	0.123867032803	0.117937498223	0.12910511622	0.117712903368	0.115026865706	0.124558952444	0.128283801536	0.138092195016	0.113330222715	0.139350020916	0.126329687103	0.125819070385	0.121875798845	0.127686677016	0.116083155195	0.116264597699	0.117498612849	0.119374743114	0.109386097868	0.140274481603
160178356-supragingivalplaque2.freeze11.snv.mod.fix.bam	0.148437386448	0.159953234282	0.150777217748	0.158073249525	0.190630237719	0.189519948187	0.129198319319	0.115566677113	0.106013669684	0.111895704715	0.180843027194	0.144069177693	0.101676562349	0.142545047292	0.156054314554	0.173100512435	0.19120611831	0.149574466305	0.0	0.0417771913745	0.121682112013	0.153623870769	0.149228953232	0.123493103554	0.139091066361	0.139950496165	0.133875337594	0.138843289619	0.134383411334	0.187736226242	0.180043767306	0.14404694801	0.14898310962	0.117990439715	0.130777824496	0.103813081676	0.10532976624	0.149875900563	0.140534021935	0.118620397993	0.109242156472	0.104941865083	0.16670895252	0.145084122809	0.154186052712	0.142487980329	0.156042747979	0.156999805719	0.144203859513	0.171276407656	0.174979395939	0.113241427225	0.166937844641	0.17909634167	0.170445562145	0.113279645085	0.143195917216	0.177546137791	0.153076508991	0.112678239493	0.114639352025	0.129800139183	0.156392771469	0.154218578417	0.150751020608	0.158230706641	0.142942386752	0.163461688508	0.178054507087	0.177610378341	0.187160051952	0.182928997131	0.138203779805	0.178840207039	0.142336924386	0.123530492453	0.146751516112	0.137151876852	0.135680629669	0.158816669099	0.124697015098	0.13710921266	0.166556388178	0.179808385619	0.124172845675	0.14287895751	0.133061688118	0.144448616108	0.139101388544	0.128154799076	0.162560475602	0.174224363023	0.135253304863	0.113012559121	0.143287752095	0.14885419111	0.0969598625517	0.13080787111	0.132415844975	0.149432943087	0.141609996827	0.137090906369	0.127632528316	0.118139909942
160178356-supragingivalplaque3.freeze11.snv.mod.fix.bam	0.137602625806	0.14983006773	0.139532320627	0.148762028816	0.183920480538	0.182175535676	0.120859535986	0.109781409131	0.101489743824	0.109526135568	0.174168279782	0.132248404168	0.0967541822427	0.134041077063	0.148233384573	0.165016223053	0.184913955441	0.136537665874	0.0417771913745	0.0	0.10956287128	0.144712403859	0.140971297009	0.11560622504	0.128633887873	0.130558192875	0.126419812292	0.134023103544	0.128856974879	0.180079751812	0.171935326053	0.132087598387	0.137782649651	0.111548561448	0.118998564355	0.0947377138211	0.101115003403	0.141599202612	0.129144944015	0.105781309318	0.0975577476438	0.0937846278631	0.1569440669	0.133734551882	0.145969793451	0.133497011634	0.148317349366	0.148693390858	0.135092904768	0.161887831297	0.166323179769	0.107535234575	0.158422785579	0.171379555689	0.160887696511	0.105832085182	0.135057618143	0.169609110933	0.143543714069	0.106363079719	0.106720615765	0.121137519326	0.150325744634	0.144395594627	0.139822462514	0.148553922155	0.132454720993	0.155467820729	0.170005846167	0.169623906004	0.178843171708	0.174864625046	0.129386978737	0.170485948856	0.130061668464	0.11037378509	0.1345603164	0.124645941602	0.127548261729	0.148996664116	0.112552453027	0.125735942457	0.15796285487	0.171256761677	0.113870683899	0.131739676461	0.124071394858	0.134820887713	0.129308923	0.120330635191	0.151436412627	0.164930560503	0.124822487994	0.109108026633	0.133770932121	0.139371006335	0.0893859308777	0.120779311319	0.123957969673	0.139337334809	0.132023483942	0.128195746882	0.114205195759	0.111360818257
160259276-supragingivalplaque1.freeze11.snv.mod.fix.bam	0.112363758316	0.126657025127	0.11474535485	0.130073406591	0.162660858148	0.161237558592	0.105364584921	0.0954347240476	0.104524664526	0.116628702155	0.152735193543	0.107884719895	0.0993950999397	0.110802562192	0.128431772194	0.147682761019	0.1670960084	0.11217195272	0.121682112013	0.10956287128	0.0	0.13252976141	0.135193542844	0.111132199789	0.10880268931	0.112371228712	0.10999576862	0.12746465794	0.121274771016	0.154304286718	0.145575246448	0.11155716633	0.11558661944	0.0924962847714	0.0873906093222	0.0847978014923	0.101673294216	0.121497969021	0.106690430743	0.0822345898283	0.080809236256	0.0804324826622	0.133090742453	0.106711016984	0.130276332263	0.113457756366	0.126692540656	0.125495597906	0.115486869068	0.136630110959	0.140006783263	0.096200135476	0.138341688588	0.150128142531	0.134870889782	0.0957233439024	0.118078708759	0.148353866354	0.119804742681	0.0887577291912	0.0874758670773	0.103842015854	0.132069827181	0.121994886855	0.120482784179	0.124286673604	0.109765411947	0.132856461993	0.144597303182	0.149086362251	0.157852684044	0.15707935382	0.107557973389	0.148741355522	0.104215870548	0.0817088160093	0.10793722137	0.0988277691186	0.110429764641	0.126273705412	0.0843131117117	0.100298482328	0.142330423155	0.154124031149	0.0893541079457	0.101620205272	0.103478077699	0.113076622143	0.106424852505	0.10636735617	0.127282884494	0.139264154503	0.100676842388	0.106076169278	0.11077739795	0.112255272564	0.0853383259439	0.102953784312	0.106112013615	0.115224291538	0.105058399658	0.104371078039	0.0892548110266	0.101267260263
