	BYQ_AAAB.freeze11.snv.mod.fix.bam	CCIS07648107ST-4-0.freeze11.snv.mod.fix.bam	CCIS20795251ST-4-0.freeze11.snv.mod.fix.bam	CCIS23164343ST-4-0.freeze11.snv.mod.fix.bam	CCIS78100604ST-4-0.freeze11.snv.mod.fix.bam	CCIS95409808ST-4-0.freeze11.snv.mod.fix.bam	CCIS96387239ST-4-0.freeze11.snv.mod.fix.bam	M3.3-V3.metaG.freeze11.snv.mod.fix.bam	M3.3-V3.metaT.freeze11.snv.mod.fix.bam	MH0341.freeze11.snv.mod.fix.bam	MMRS40913371ST-27-0-0.freeze11.snv.mod.fix.bam	O2.UC22-1.freeze11.snv.mod.fix.bam	SAMEA3136634.freeze11.snv.mod.fix.bam	SAMEA3136635.freeze11.snv.mod.fix.bam	SAMEA3136639.freeze11.snv.mod.fix.bam	SAMEA3136651.freeze11.snv.mod.fix.bam	SAMEA3136652.freeze11.snv.mod.fix.bam	SAMEA3136662.freeze11.snv.mod.fix.bam	SAMEA3136669.freeze11.snv.mod.fix.bam	SAMEA3136698.freeze11.snv.mod.fix.bam	SAMEA3136708.freeze11.snv.mod.fix.bam	SAMEA3136712.freeze11.snv.mod.fix.bam	SAMEA3136720.freeze11.snv.mod.fix.bam	SAMEA3136752.freeze11.snv.mod.fix.bam	V1.FI05.freeze11.snv.mod.fix.bam	V1.FI37.freeze11.snv.mod.fix.bam	V1.UC40-1.freeze11.snv.mod.fix.bam
BYQ_AAAB.freeze11.snv.mod.fix.bam	0.0	0.131659306565	0.143885709476	0.143758699969	0.133865115768	0.128747128781	0.126401539976	0.134274600706	0.136568488559	0.119197930444	0.12581924306	0.127616640579	0.126390332383	0.136287582615	0.143684359699	0.118254815027	0.125599605533	0.128306368844	0.125787849812	0.123041958148	0.122063085499	0.143037764617	0.137946777414	0.116337428065	0.341515363815	0.132514969208	0.145342992244
CCIS07648107ST-4-0.freeze11.snv.mod.fix.bam	0.131659306565	0.0	0.140409951375	0.142982806814	0.116861472237	0.111773012283	0.123863812881	0.138971373429	0.140644468554	0.128682918734	0.132540528336	0.129002487107	0.132057328551	0.142776992876	0.148644117021	0.133848447456	0.132068740908	0.132785461973	0.128393833407	0.137910250459	0.129440109943	0.145398428348	0.13773235102	0.125349545656	0.338358724732	0.132434789027	0.143741663862
CCIS20795251ST-4-0.freeze11.snv.mod.fix.bam	0.143885709476	0.140409951375	0.0	0.129590312023	0.141541390123	0.130587590432	0.136640398572	0.147890707425	0.151998523883	0.136835875869	0.136359263879	0.130975740915	0.138415493304	0.144376889804	0.158561126179	0.143637733887	0.137198858401	0.141891923034	0.134057285284	0.143299681873	0.138051010615	0.157935204285	0.13057664103	0.129997385665	0.338060541372	0.129254666136	0.135276239709
CCIS23164343ST-4-0.freeze11.snv.mod.fix.bam	0.143758699969	0.142982806814	0.129590312023	0.0	0.148696172645	0.142453800881	0.135266195739	0.14877368092	0.151631285254	0.138915748888	0.140980696585	0.125351935497	0.14243887	0.147120590094	0.164810535969	0.148607661771	0.13834953956	0.144644232292	0.136401643245	0.146628948026	0.137062624339	0.163640097979	0.127556524763	0.132481558157	0.340014152849	0.14110543324	0.146937004568
CCIS78100604ST-4-0.freeze11.snv.mod.fix.bam	0.133865115768	0.116861472237	0.141541390123	0.148696172645	0.0	0.0672356536425	0.12687364448	0.138200202918	0.140425209798	0.131562071502	0.131394051181	0.128138709397	0.131903715265	0.142710302013	0.15485665372	0.133964701583	0.133476403187	0.13672955581	0.131012184431	0.13823746238	0.130126597175	0.148901090764	0.141072507218	0.125275249654	0.339138087189	0.134016187652	0.147799855073
CCIS95409808ST-4-0.freeze11.snv.mod.fix.bam	0.128747128781	0.111773012283	0.130587590432	0.142453800881	0.0672356536425	0.0	0.116631396478	0.132524695004	0.134983623218	0.12441944728	0.1234104674	0.120599618814	0.123677174811	0.137023427325	0.146902662305	0.128822069651	0.126219558778	0.128022806435	0.126400579324	0.131376131356	0.123832806594	0.141474593595	0.132662922003	0.117683097966	0.333111702732	0.127136948932	0.139252619572
CCIS96387239ST-4-0.freeze11.snv.mod.fix.bam	0.126401539976	0.123863812881	0.136640398572	0.135266195739	0.12687364448	0.116631396478	0.0	0.125306221297	0.127856933461	0.117031916876	0.119809165367	0.111765812456	0.117408270515	0.135178129479	0.145258993178	0.126186874776	0.116413614631	0.125604807813	0.12451950792	0.127646467018	0.124308865446	0.142656487267	0.135580953826	0.120378222712	0.334452183547	0.121563003887	0.133044116683
M3.3-V3.metaG.freeze11.snv.mod.fix.bam	0.134274600706	0.138971373429	0.147890707425	0.14877368092	0.138200202918	0.132524695004	0.125306221297	0.0	0.0282096209851	0.129158655717	0.130226985565	0.13400418407	0.131441285531	0.145336808657	0.155487088739	0.136011686119	0.133061053311	0.136934635972	0.135196801058	0.138363610197	0.132991270518	0.153058762442	0.142303244402	0.13186919655	0.327939141761	0.129389391411	0.152205286878
M3.3-V3.metaT.freeze11.snv.mod.fix.bam	0.136568488559	0.140644468554	0.151998523883	0.151631285254	0.140425209798	0.134983623218	0.127856933461	0.0282096209851	0.0	0.130937872108	0.133812013158	0.135898716678	0.133638781735	0.14836218955	0.156884503444	0.138488985377	0.135997224254	0.139578547453	0.138954372488	0.140030677556	0.13518319584	0.155564578552	0.144649304534	0.132883195353	0.334352599202	0.132250670164	0.156033820707
MH0341.freeze11.snv.mod.fix.bam	0.119197930444	0.128682918734	0.136835875869	0.138915748888	0.131562071502	0.12441944728	0.117031916876	0.129158655717	0.130937872108	0.0	0.122551828767	0.118942258353	0.123317853042	0.13720398192	0.14106228637	0.125420150134	0.123747649118	0.117731448041	0.127960817538	0.123954496977	0.121077132067	0.140704216345	0.135281389625	0.119941531467	0.332683196785	0.125657263033	0.140624916243
MMRS40913371ST-27-0-0.freeze11.snv.mod.fix.bam	0.12581924306	0.132540528336	0.136359263879	0.140980696585	0.131394051181	0.1234104674	0.119809165367	0.130226985565	0.133812013158	0.122551828767	0.0	0.120725682658	0.113823127369	0.13469520355	0.142846004568	0.127705801548	0.119349673012	0.124869495764	0.122512995785	0.129153730839	0.12469273932	0.138679226471	0.13069831167	0.119980652072	0.330962120885	0.124705926731	0.137671774113
O2.UC22-1.freeze11.snv.mod.fix.bam	0.127616640579	0.129002487107	0.130975740915	0.125351935497	0.128138709397	0.120599618814	0.111765812456	0.13400418407	0.135898716678	0.118942258353	0.120725682658	0.0	0.122645949005	0.135456205686	0.1482239476	0.130333151459	0.126805868078	0.129132464808	0.125133728724	0.132743970943	0.126320338594	0.1448967796	0.128332332666	0.118723444931	0.333290762256	0.123182484402	0.13815910237
SAMEA3136634.freeze11.snv.mod.fix.bam	0.126390332383	0.132057328551	0.138415493304	0.14243887	0.131903715265	0.123677174811	0.117408270515	0.131441285531	0.133638781735	0.123317853042	0.113823127369	0.122645949005	0.0	0.131611768969	0.140309912553	0.123881339008	0.120759402941	0.126891913348	0.124969865848	0.127647874269	0.124488087734	0.138931497126	0.13464158695	0.117000724505	0.337131875037	0.128929073364	0.143541287409
SAMEA3136635.freeze11.snv.mod.fix.bam	0.136287582615	0.142776992876	0.144376889804	0.147120590094	0.142710302013	0.137023427325	0.135178129479	0.145336808657	0.14836218955	0.13720398192	0.13469520355	0.135456205686	0.131611768969	0.0	0.158232252759	0.140181755857	0.136575003455	0.139724856736	0.0674857741049	0.141927510546	0.122803405015	0.151241914321	0.132235751199	0.133248741492	0.331774786358	0.135953863348	0.148742971542
SAMEA3136639.freeze11.snv.mod.fix.bam	0.143684359699	0.148644117021	0.158561126179	0.164810535969	0.15485665372	0.146902662305	0.145258993178	0.155487088739	0.156884503444	0.14106228637	0.142846004568	0.1482239476	0.140309912553	0.158232252759	0.0	0.142725971559	0.147767641072	0.147443796959	0.143923220765	0.142585837319	0.144384602614	0.0594769569378	0.157371536386	0.139377503283	0.337375685353	0.149858482388	0.16332983271
SAMEA3136651.freeze11.snv.mod.fix.bam	0.118254815027	0.133848447456	0.143637733887	0.148607661771	0.133964701583	0.128822069651	0.126186874776	0.136011686119	0.138488985377	0.125420150134	0.127705801548	0.130333151459	0.123881339008	0.140181755857	0.142725971559	0.0	0.13108114606	0.133147914924	0.127672645673	0.120699290091	0.125694140098	0.140802690676	0.143086794939	0.123255706886	0.342810063816	0.13538339365	0.145019852663
SAMEA3136652.freeze11.snv.mod.fix.bam	0.125599605533	0.132068740908	0.137198858401	0.13834953956	0.133476403187	0.126219558778	0.116413614631	0.133061053311	0.135997224254	0.123747649118	0.119349673012	0.126805868078	0.120759402941	0.136575003455	0.147767641072	0.13108114606	0.0	0.125301058325	0.121779498481	0.128515554163	0.125892848031	0.144950615305	0.128329745463	0.11897655404	0.336857142864	0.127186679553	0.146379109851
SAMEA3136662.freeze11.snv.mod.fix.bam	0.128306368844	0.132785461973	0.141891923034	0.144644232292	0.13672955581	0.128022806435	0.125604807813	0.136934635972	0.139578547453	0.117731448041	0.124869495764	0.129132464808	0.126891913348	0.139724856736	0.147443796959	0.133147914924	0.125301058325	0.0	0.122496299262	0.130260718401	0.126228938294	0.143706795119	0.138961255462	0.12184347923	0.339323499048	0.128402320687	0.15003340003
SAMEA3136669.freeze11.snv.mod.fix.bam	0.125787849812	0.128393833407	0.134057285284	0.136401643245	0.131012184431	0.126400579324	0.12451950792	0.135196801058	0.138954372488	0.127960817538	0.122512995785	0.125133728724	0.124969865848	0.0674857741049	0.143923220765	0.127672645673	0.121779498481	0.122496299262	0.0	0.131333923098	0.111855055079	0.135599733559	0.124734593153	0.121046681228	0.32805225115	0.125451999825	0.138299444675
SAMEA3136698.freeze11.snv.mod.fix.bam	0.123041958148	0.137910250459	0.143299681873	0.146628948026	0.13823746238	0.131376131356	0.127646467018	0.138363610197	0.140030677556	0.123954496977	0.129153730839	0.132743970943	0.127647874269	0.141927510546	0.142585837319	0.120699290091	0.128515554163	0.130260718401	0.131333923098	0.0	0.127728383905	0.143568570207	0.144146365526	0.123034126312	0.340434131144	0.133942482443	0.145930763845
SAMEA3136708.freeze11.snv.mod.fix.bam	0.122063085499	0.129440109943	0.138051010615	0.137062624339	0.130126597175	0.123832806594	0.124308865446	0.132991270518	0.13518319584	0.121077132067	0.12469273932	0.126320338594	0.124488087734	0.122803405015	0.144384602614	0.125694140098	0.125892848031	0.126228938294	0.111855055079	0.127728383905	0.0	0.142489996944	0.127199440729	0.117902682477	0.33223054991	0.12507918825	0.144901282275
SAMEA3136712.freeze11.snv.mod.fix.bam	0.143037764617	0.145398428348	0.157935204285	0.163640097979	0.148901090764	0.141474593595	0.142656487267	0.153058762442	0.155564578552	0.140704216345	0.138679226471	0.1448967796	0.138931497126	0.151241914321	0.0594769569378	0.140802690676	0.144950615305	0.143706795119	0.135599733559	0.143568570207	0.142489996944	0.0	0.156338023542	0.138235385643	0.334278515404	0.147292207646	0.157506802919
SAMEA3136720.freeze11.snv.mod.fix.bam	0.137946777414	0.13773235102	0.13057664103	0.127556524763	0.141072507218	0.132662922003	0.135580953826	0.142303244402	0.144649304534	0.135281389625	0.13069831167	0.128332332666	0.13464158695	0.132235751199	0.157371536386	0.143086794939	0.128329745463	0.138961255462	0.124734593153	0.144146365526	0.127199440729	0.156338023542	0.0	0.129893938804	0.337640876892	0.133555817259	0.154482848052
SAMEA3136752.freeze11.snv.mod.fix.bam	0.116337428065	0.125349545656	0.129997385665	0.132481558157	0.125275249654	0.117683097966	0.120378222712	0.13186919655	0.132883195353	0.119941531467	0.119980652072	0.118723444931	0.117000724505	0.133248741492	0.139377503283	0.123255706886	0.11897655404	0.12184347923	0.121046681228	0.123034126312	0.117902682477	0.138235385643	0.129893938804	0.0	0.330833806072	0.121059700478	0.136779541484
V1.FI05.freeze11.snv.mod.fix.bam	0.341515363815	0.338358724732	0.338060541372	0.340014152849	0.339138087189	0.333111702732	0.334452183547	0.327939141761	0.334352599202	0.332683196785	0.330962120885	0.333290762256	0.337131875037	0.331774786358	0.337375685353	0.342810063816	0.336857142864	0.339323499048	0.32805225115	0.340434131144	0.33223054991	0.334278515404	0.337640876892	0.330833806072	0.0	0.331401980193	0.324376543285
V1.FI37.freeze11.snv.mod.fix.bam	0.132514969208	0.132434789027	0.129254666136	0.14110543324	0.134016187652	0.127136948932	0.121563003887	0.129389391411	0.132250670164	0.125657263033	0.124705926731	0.123182484402	0.128929073364	0.135953863348	0.149858482388	0.13538339365	0.127186679553	0.128402320687	0.125451999825	0.133942482443	0.12507918825	0.147292207646	0.133555817259	0.121059700478	0.331401980193	0.0	0.144925217066
V1.UC40-1.freeze11.snv.mod.fix.bam	0.145342992244	0.143741663862	0.135276239709	0.146937004568	0.147799855073	0.139252619572	0.133044116683	0.152205286878	0.156033820707	0.140624916243	0.137671774113	0.13815910237	0.143541287409	0.148742971542	0.16332983271	0.145019852663	0.146379109851	0.15003340003	0.138299444675	0.145930763845	0.144901282275	0.157506802919	0.154482848052	0.136779541484	0.324376543285	0.144925217066	0.0
