	159490532-stool2.freeze11.snv.mod.fix.bam	159753524-stool1.freeze11.snv.mod.fix.bam	159753524-stool2.freeze11.snv.mod.fix.bam	763820215-stool3.freeze11.snv.mod.fix.bam	763961826-stool1.freeze11.snv.mod.fix.bam	764143897-stool1.freeze11.snv.mod.fix.bam	BYQ_AAAL.freeze11.snv.mod.fix.bam	CCIS15704761ST-4-0.freeze11.snv.mod.fix.bam	CCIS76845094ST-20-0.freeze11.snv.mod.fix.bam	CCIS81710917ST-20-0.freeze11.snv.mod.fix.bam	CCMD14479708ST-21-0.freeze11.snv.mod.fix.bam	CCMD46222674ST-21-0.freeze11.snv.mod.fix.bam	CCMD48236717ST-21-0.freeze11.snv.mod.fix.bam	DLM013.freeze11.snv.mod.fix.bam	DOM008.freeze11.snv.mod.fix.bam	MH0191.freeze11.snv.mod.fix.bam	MH0293.freeze11.snv.mod.fix.bam	MH0319.freeze11.snv.mod.fix.bam	MH0333.freeze11.snv.mod.fix.bam	MH0350.freeze11.snv.mod.fix.bam	MH0356.freeze11.snv.mod.fix.bam	MH0359.freeze11.snv.mod.fix.bam	MH0432.freeze11.snv.mod.fix.bam	MMRS16644320ST-27-0-0.freeze11.snv.mod.fix.bam	MMRS17603756ST-27-0-0.freeze11.snv.mod.fix.bam	MMRS24340226ST-27-0-0.freeze11.snv.mod.fix.bam	MMRS25641480ST-27-0-0.freeze11.snv.mod.fix.bam	MMRS40913371ST-27-0-0.freeze11.snv.mod.fix.bam	MMRS43563715ST-27-0-0.freeze11.snv.mod.fix.bam	MMRS55294627ST-27-0-0.freeze11.snv.mod.fix.bam	MMRS67247116ST-27-0-0.freeze11.snv.mod.fix.bam	MMRS72980899ST-27-0-0.freeze11.snv.mod.fix.bam	N052A.freeze11.snv.mod.fix.bam	O2.CD1-0.freeze11.snv.mod.fix.bam	O2.UC17-1.freeze11.snv.mod.fix.bam	O2.UC21-1.freeze11.snv.mod.fix.bam	O2.UC24-1.freeze11.snv.mod.fix.bam	SAMEA3136740.freeze11.snv.mod.fix.bam	T2D-146A.freeze11.snv.mod.fix.bam	T2D-150A.freeze11.snv.mod.fix.bam	T2D-57A.freeze11.snv.mod.fix.bam	T2D-97A.freeze11.snv.mod.fix.bam	V1.CD17-4.freeze11.snv.mod.fix.bam	V1.CD44-0.freeze11.snv.mod.fix.bam	V1.CD44-4.freeze11.snv.mod.fix.bam	V1.CD53-0.freeze11.snv.mod.fix.bam	V1.CD6-4.freeze11.snv.mod.fix.bam	V1.FI02.freeze11.snv.mod.fix.bam	V1.FI03.freeze11.snv.mod.fix.bam	V1.FI17.freeze11.snv.mod.fix.bam	V1.FI20.freeze11.snv.mod.fix.bam	V1.FI21.freeze11.snv.mod.fix.bam	V1.FI22.freeze11.snv.mod.fix.bam	V1.FI35.freeze11.snv.mod.fix.bam	V1.FI37.freeze11.snv.mod.fix.bam	V1.UC22-1.freeze11.snv.mod.fix.bam	V1.UC31-4.freeze11.snv.mod.fix.bam	V1.UC4-5.freeze11.snv.mod.fix.bam	V1.UC50-1.freeze11.snv.mod.fix.bam	V1.UC55-4.freeze11.snv.mod.fix.bam	V1.UC60-0.freeze11.snv.mod.fix.bam
159490532-stool2.freeze11.snv.mod.fix.bam	0.0	0.0110112789142	0.0110112789142	0.0172815905181	0.0718027145861	0.010323073982	0.352360925253	0.0113171477729	0.00829669279297	0.00994073790862	0.199579430319	0.144905371822	0.0102848403747	0.0155993117951	0.00554387306442	0.138864461862	0.011661250239	0.0110495125215	0.00856432804435	0.00986427069394	0.00661441406997	0.0111642133435	0.00909959854712	0.00925253297649	0.00657618046263	0.00087937296884	0.00783788950487	0.00692028292869	0.00259988529918	0.00883196329574	0.00638501242592	0.00902313133244	0.0731791244504	0.0107818772701	0.0316574268782	0.00527623781304	0.0115465494169	0.00963486904989	0.0709615752246	0.0284458038616	0.00974956987192	0.0705410055439	0.357675396674	0.0685528579621	0.0377748040528	0.0276811317148	0.1958325368	0.0123494551711	0.0109730453068	0.00787612311222	0.0106671764481	0.0706174727586	0.0128082584592	0.342802523418	0.203211623017	0.0653030013382	0.169718982986	0.00936723379851	0.292831198624	0.0134199961766	0.0702351366851
159753524-stool1.freeze11.snv.mod.fix.bam	0.0110112789142	0.0	0.0	0.0196138405659	0.0747467023514	0.013343528962	0.356834257312	0.0136493978207	0.0112789141656	0.0122347543491	0.202599885299	0.147619957943	0.0131905945326	0.0180844962722	0.00764672146817	0.141808449627	0.0140317338941	0.013343528962	0.0108583444848	0.0127700248518	0.00875549608106	0.0140699675014	0.0119671190977	0.0121582871344	0.0118141846683	0.0114700822023	0.00416746320015	0.0098260370866	0.00837316000765	0.00527623781304	0.00921429936915	0.0120435863124	0.0758172433569	0.0129611928885	0.0334161728159	0.00852609443701	0.0136493978207	0.0119288854903	0.0732938252724	0.0309692219461	0.0121965207417	0.0729879564137	0.362148728733	0.0714968457274	0.0394953163831	0.0301280825846	0.199311795068	0.0146434716115	0.01380233225	0.00420569680749	0.0135346969987	0.0735996941311	0.0157140126171	0.34708468744	0.206958516536	0.067979353852	0.172854138788	0.00569680749379	0.29676926018	0.0157522462244	0.0731408908431
159753524-stool2.freeze11.snv.mod.fix.bam	0.0110112789142	0.0	0.0	0.0196138405659	0.074823169566	0.013343528962	0.358095966354	0.013687631428	0.0113171477729	0.0122729879564	0.203402791053	0.148078761231	0.0132288281399	0.0180844962722	0.00764672146817	0.142229019308	0.0140317338941	0.013343528962	0.0108583444848	0.0127700248518	0.00875549608106	0.0141082011088	0.0119671190977	0.0121965207417	0.0118524182757	0.0114700822023	0.00416746320015	0.0098260370866	0.00837316000765	0.00527623781304	0.00921429936915	0.0120818199197	0.0758937105716	0.0129994264959	0.0334161728159	0.00852609443701	0.0136493978207	0.0119671190977	0.0735232269165	0.0310839227681	0.0121965207417	0.0732173580577	0.36333397056	0.0715733129421	0.0395335499904	0.0301663161919	0.200152934429	0.0146817052189	0.0139935002868	0.00420569680749	0.0135346969987	0.0736761613458	0.0157140126171	0.348499330912	0.207799655898	0.0680558210667	0.173274708469	0.00569680749379	0.297763333971	0.0157904798318	0.0731791244504
763820215-stool3.freeze11.snv.mod.fix.bam	0.0172815905181	0.0196138405659	0.0196138405659	0.0	0.0673676161346	0.0193844389218	0.3531255974	0.0179697954502	0.0174727585548	0.0159051806538	0.200611737717	0.145325941503	0.0193462053145	0.0178550946282	0.011775951061	0.137258650354	0.0184668323456	0.0190785700631	0.0144140699675	0.0181609634869	0.0142993691455	0.0197667749952	0.0181227298796	0.018390365131	0.0178168610208	0.0176256929841	0.0164404511566	0.0159816478685	0.0146052380042	0.0175492257695	0.0154081437584	0.0180080290575	0.0750525712101	0.0168610208373	0.0374307015867	0.0140699675014	0.0163257503345	0.0158669470465	0.0717644809788	0.0293634104378	0.0161345822978	0.0716880137641	0.359587077041	0.0641942267253	0.0406423246033	0.0149493404703	0.196444274517	0.0184668323456	0.0201491110686	0.0162110495125	0.0197285413879	0.0661441406997	0.0218313897916	0.343681896387	0.203785127127	0.0614414069968	0.169642515771	0.0177403938062	0.293710571592	0.0195373733512	0.0657235710189
763961826-stool1.freeze11.snv.mod.fix.bam	0.0718027145861	0.0747467023514	0.074823169566	0.0673676161346	0.0	0.074708468744	0.349034601415	0.0744408334926	0.072682087555	0.0726056203403	0.197897151596	0.143528961958	0.074593767922	0.0685910915695	0.0664117759511	0.138290957752	0.0749378703881	0.0745173007073	0.0713821449054	0.0732173580577	0.0688587268209	0.0752055056395	0.0733320588798	0.0735232269165	0.0733702924871	0.0728350219843	0.0714968457274	0.0710380424393	0.0681705218887	0.0727203211623	0.0704263047219	0.0721850506595	0.108965780921	0.0737143949532	0.0813993500287	0.0663735423437	0.0675205505639	0.0721850506595	0.117950678647	0.0767348499331	0.0725291531256	0.117988912254	0.357140126171	0.00952016822787	0.0747467023514	0.0756643089275	0.191626839992	0.0754731408908	0.0753584400688	0.0708468744026	0.0749378703881	0.00546740584974	0.0722615178742	0.340087937297	0.198164786848	0.00695851653604	0.175377556872	0.0730644236284	0.289466641178	0.0765819155037	0.00844962722233
764143897-stool1.freeze11.snv.mod.fix.bam	0.010323073982	0.013343528962	0.013343528962	0.0193844389218	0.074708468744	0.0	0.35786656471	0.013572930606	0.00623207799656	0.0121582871344	0.203670426305	0.14838463009	0.0079525903269	0.0179697954502	0.00776142229019	0.142152552093	0.0139552666794	0.0131905945326	0.0106289428408	0.0113936149876	0.00867902886637	0.00875549608106	0.00875549608106	0.0111642133435	0.0111259797362	0.0107436436628	0.0101319059453	0.00454979927356	0.00783788950487	0.0111642133435	0.00623207799656	0.00871726247371	0.0760848786083	0.0129994264959	0.033874976104	0.00787612311222	0.013572930606	0.0117377174536	0.0735232269165	0.0309692219461	0.0121200535271	0.0733320588798	0.363181036131	0.0714586121201	0.0401835213152	0.0300516153699	0.200305868859	0.0145670043969	0.00902313133244	0.010093672338	0.0102848403747	0.0735232269165	0.0147964060409	0.348346396483	0.207723188683	0.0681322882814	0.173236474861	0.0115465494169	0.297380997897	0.0156757790097	0.0730644236284
BYQ_AAAL.freeze11.snv.mod.fix.bam	0.352360925253	0.356834257312	0.358095966354	0.3531255974	0.349034601415	0.35786656471	0.0	0.357178359778	0.356604855668	0.353010896578	0.348116994838	0.295201682279	0.358363601606	0.355725482699	0.339629134009	0.27979353852	0.357216593386	0.35801949914	0.35140508507	0.356337220417	0.347772892372	0.358860638501	0.356490154846	0.356948958134	0.356987191742	0.355496081055	0.354769642516	0.354502007264	0.346740584974	0.356413687631	0.349416937488	0.355343146626	0.352781494934	0.355419613841	0.350181609635	0.337488051998	0.320741731982	0.349952207991	0.350946281782	0.349646339132	0.354616708086	0.350946281782	0.174995220799	0.348461097305	0.366086790289	0.357025425349	0.332938252724	0.357407761422	0.359013572931	0.353202064615	0.35844006882	0.348575798127	0.353584400688	0.0555151978589	0.337640986427	0.343376027528	0.319594723762	0.356910724527	0.226801758746	0.358401835213	0.348040527624
CCIS15704761ST-4-0.freeze11.snv.mod.fix.bam	0.0113171477729	0.0136493978207	0.013687631428	0.0179697954502	0.0744408334926	0.013572930606	0.357178359778	0.0	0.0116230166316	0.0106671764481	0.202217549226	0.146931753011	0.013458229784	0.0181609634869	0.0060791435672	0.140929076658	0.00653794685529	0.0130376601032	0.00940546740585	0.0129994264959	0.00848786082967	0.0143758363602	0.0122729879564	0.0123876887784	0.0121582871344	0.011775951061	0.0104760084114	0.0100554387306	0.00871726247371	0.0115847830243	0.00952016822787	0.0122347543491	0.0756643089275	0.0115465494169	0.0344867138214	0.00883196329574	0.0121582871344	0.010323073982	0.0734085260944	0.0295928120818	0.00776142229019	0.0730644236284	0.362225195947	0.0711909768687	0.0405658573886	0.028598738291	0.198738290958	0.0131523609253	0.0140699675014	0.0105142420187	0.01380233225	0.0733320588798	0.0159434142611	0.347581724336	0.206308545211	0.0678264194227	0.17182183139	0.0119671190977	0.296463391321	0.0142611355381	0.0728350219843
CCIS76845094ST-20-0.freeze11.snv.mod.fix.bam	0.00829669279297	0.0112789141656	0.0113171477729	0.0174727585548	0.072682087555	0.00623207799656	0.356604855668	0.0116230166316	0.0	0.01020837316	0.201796979545	0.146472949723	0.00558210667176	0.0159434142611	0.00573504110113	0.140240871726	0.012005352705	0.0112406805582	0.0087937296884	0.00944370101319	0.00680558210667	0.00703498375072	0.00699675014338	0.00921429936915	0.00913783215446	0.0087937296884	0.00810552475626	0.00282928694322	0.00596444274517	0.00921429936915	0.00454979927356	0.00695851653604	0.0740967310266	0.0110495125215	0.0319250621296	0.00596444274517	0.0116230166316	0.00986427069394	0.0717644809788	0.029057541579	0.0101701395527	0.0714968457274	0.361766392659	0.069317530109	0.0382336073409	0.0281017013955	0.198470655706	0.0125788568151	0.00500860256165	0.0081437583636	0.00852609443701	0.0714968457274	0.0128082584592	0.347008220226	0.205926209138	0.0661059070923	0.171363028102	0.00955840183521	0.295660485567	0.0137258650354	0.0710380424393
CCIS81710917ST-20-0.freeze11.snv.mod.fix.bam	0.00994073790862	0.0122347543491	0.0122729879564	0.0159051806538	0.0726056203403	0.0121582871344	0.353010896578	0.0106671764481	0.01020837316	0.0	0.199464729497	0.144484802141	0.0120435863124	0.0165933855859	0.00489390173963	0.138329191359	0.0110877461288	0.0116994838463	0.00657618046263	0.0115847830243	0.00714968457274	0.0128464920665	0.0108201108775	0.0109730453068	0.0107054100554	0.0104377748041	0.00906136493978	0.00864079525903	0.00753202064615	0.0101701395527	0.0081437583636	0.0108965780921	0.0734849933091	0.00152934429363	0.0329191359205	0.00714968457274	0.00328809023131	0.000649971324794	0.071114509654	0.0279487669662	0.00921429936915	0.0707704071879	0.358172433569	0.069317530109	0.0386541770216	0.0264194226725	0.196023704837	0.00305868858727	0.0129229592812	0.00906136493978	0.0123494551711	0.0714586121201	0.0147581724336	0.343414261136	0.203517491875	0.0661059070923	0.168916077232	0.0105142420187	0.292869432231	0.00420569680749	0.0710762760466
CCMD14479708ST-21-0.freeze11.snv.mod.fix.bam	0.199579430319	0.202599885299	0.203402791053	0.200611737717	0.197897151596	0.203670426305	0.348116994838	0.202217549226	0.201796979545	0.199464729497	0.0	0.134811699484	0.203670426305	0.201223475435	0.189523991589	0.142687822596	0.202599885299	0.203249856624	0.198164786848	0.201949913974	0.194570827758	0.204358631237	0.202141082011	0.202523418084	0.202102848404	0.201452877079	0.200229401644	0.2	0.195182565475	0.201605811508	0.19770598356	0.201261709042	0.206117377175	0.200917606576	0.208717262474	0.189638692411	0.182374307016	0.197361881093	0.202217549226	0.202676352514	0.200191168037	0.20187344676	0.355763716307	0.197208946664	0.212922959281	0.205582106672	0.196673676161	0.202867520551	0.204396864844	0.199541196712	0.203823360734	0.197132479449	0.200841139361	0.302160198815	0.201949913974	0.192888549035	0.173695278149	0.202064614796	0.282546358249	0.203899827949	0.196826610591
CCMD46222674ST-21-0.freeze11.snv.mod.fix.bam	0.144905371822	0.147619957943	0.148078761231	0.145325941503	0.143528961958	0.14838463009	0.295201682279	0.146931753011	0.146472949723	0.144484802141	0.134811699484	0.0	0.148308162875	0.144178933282	0.13687631428	0.108965780921	0.147390556299	0.147772892372	0.142802523418	0.146893519404	0.14104377748	0.148996367807	0.146855285796	0.147122921048	0.146740584974	0.146434716115	0.145096539859	0.144790671	0.141311412732	0.146281781686	0.14291722424	0.146243548079	0.154807876123	0.145746511183	0.156604855668	0.137526285605	0.132517683043	0.143414261136	0.149684572739	0.147122921048	0.145249474288	0.149569871917	0.309348116995	0.142764289811	0.159395909004	0.151481552284	0.151519785892	0.147581724336	0.148766966163	0.144331867712	0.148422863697	0.142878990633	0.146625884152	0.283234563181	0.156796023705	0.139361498757	0.140699675014	0.146778818582	0.234677881858	0.148614031734	0.14234372013
CCMD48236717ST-21-0.freeze11.snv.mod.fix.bam	0.0102848403747	0.0131905945326	0.0132288281399	0.0193462053145	0.074593767922	0.0079525903269	0.358363601606	0.013458229784	0.00558210667176	0.0120435863124	0.203670426305	0.148308162875	0.0	0.0178550946282	0.0073026190021	0.141693748805	0.0138405658574	0.0130758937106	0.0106671764481	0.0112789141656	0.00852609443701	0.0087937296884	0.00864079525903	0.0109730453068	0.0111642133435	0.0105907092334	0.0100172051233	0.00451156566622	0.00779965589753	0.0111259797362	0.00615561078188	0.00867902886637	0.0760084113936	0.0128847256739	0.03364557446	0.00768495507551	0.0131905945326	0.011661250239	0.0736761613458	0.0308162875167	0.012005352705	0.0732938252724	0.363486904989	0.071343911298	0.0401070541006	0.0298986809405	0.200344102466	0.0144523035748	0.00829669279297	0.0100554387306	0.01020837316	0.0734467597018	0.0147199388262	0.348919900593	0.207876123112	0.06786465303	0.173121774039	0.0115465494169	0.297495698719	0.0155610781877	0.0729879564137
DLM013.freeze11.snv.mod.fix.bam	0.0155993117951	0.0180844962722	0.0180844962722	0.0178550946282	0.0685910915695	0.0179697954502	0.355725482699	0.0181609634869	0.0159434142611	0.0165933855859	0.201223475435	0.144178933282	0.0178550946282	0.0	0.0119671190977	0.138596826611	0.0185815331677	0.0178550946282	0.0153316765437	0.0160581150832	0.0131141273179	0.0187727012044	0.0165933855859	0.0168610208373	0.0166316191933	0.0161728159052	0.0148346396483	0.0144523035748	0.0132670617473	0.0159434142611	0.0139935002868	0.016708086408	0.0666029439878	0.0175109921621	0.0364366277958	0.0121965207417	0.0166698528006	0.0163257503345	0.062703116039	0.0229401644045	0.0162875167272	0.0625501816096	0.360734085261	0.0654559357675	0.0424393041483	0.0277575989295	0.195870770407	0.0190785700631	0.018619766775	0.0148346396483	0.0181609634869	0.0675205505639	0.0206079143567	0.346243548079	0.203402791053	0.0621296119289	0.163028101701	0.0164022175492	0.295239915886	0.0202255782833	0.0671382144905
DOM008.freeze11.snv.mod.fix.bam	0.00554387306442	0.00764672146817	0.00764672146817	0.011775951061	0.0664117759511	0.00776142229019	0.339629134009	0.0060791435672	0.00573504110113	0.00489390173963	0.189523991589	0.13687631428	0.0073026190021	0.0119671190977	0.0	0.132288281399	0.00657618046263	0.00688204932135	0.00359395909004	0.00703498375072	0.00267635251386	0.00848786082967	0.00630854521124	0.00638501242592	0.0060791435672	0.00596444274517	0.00451156566622	0.00424393041483	0.00298222137259	0.00562034027911	0.00367042630472	0.00642324603326	0.0680940546741	0.00562034027911	0.0278340661441	0.00321162301663	0.00707321735806	0.00466450009558	0.0655706365896	0.0230166316192	0.00474096731027	0.0652265341235	0.344446568534	0.0632383865418	0.0334161728159	0.022099025043	0.186962339897	0.00718791818008	0.00802905754158	0.00466450009558	0.00772318868285	0.0652647677308	0.0100554387306	0.330491301854	0.193691454789	0.0601414643472	0.161842859874	0.00615561078188	0.281896386924	0.00829669279297	0.0647677308354
MH0191.freeze11.snv.mod.fix.bam	0.138864461862	0.141808449627	0.142229019308	0.137258650354	0.138290957752	0.142152552093	0.27979353852	0.140929076658	0.140240871726	0.138329191359	0.142687822596	0.108965780921	0.141693748805	0.138596826611	0.132288281399	0.0	0.141234945517	0.141808449627	0.137220416746	0.141005543873	0.136149875741	0.142573121774	0.1406232078	0.141082011088	0.140852609444	0.140087937297	0.139017396291	0.138673293825	0.135232269165	0.140240871726	0.137220416746	0.140393806156	0.146625884152	0.139476199579	0.151099216211	0.132288281399	0.12854138788	0.137373351176	0.142955457847	0.138596826611	0.138940929077	0.142726056203	0.29057541579	0.13744981839	0.152055056395	0.142802523418	0.127126744408	0.141234945517	0.142802523418	0.138635060218	0.14234372013	0.137640986427	0.143720129994	0.2661441407	0.131217740394	0.13458229784	0.121850506595	0.140852609444	0.229516344867	0.142267252915	0.13760275282
MH0293.freeze11.snv.mod.fix.bam	0.011661250239	0.0140317338941	0.0140317338941	0.0184668323456	0.0749378703881	0.0139552666794	0.357216593386	0.00653794685529	0.012005352705	0.0110877461288	0.202599885299	0.147390556299	0.0138405658574	0.0185815331677	0.00657618046263	0.141234945517	0.0	0.0135346969987	0.00978780347926	0.0134199961766	0.00890843051042	0.0147581724336	0.0126553240298	0.0128082584592	0.0126553240298	0.0121582871344	0.0108201108775	0.0104377748041	0.00921429936915	0.0118524182757	0.0098260370866	0.0126553240298	0.0760084113936	0.012005352705	0.0349455171095	0.00932900019117	0.0126170904225	0.0107436436628	0.0736761613458	0.0300516153699	0.00818199197094	0.0733320588798	0.362225195947	0.0716880137641	0.0409099598547	0.028942840757	0.199082393424	0.013572930606	0.0147199388262	0.0108583444848	0.0141846683235	0.0738290957752	0.0162875167272	0.347581724336	0.206652647677	0.0683234563181	0.172204167463	0.0123876887784	0.296731026572	0.0146817052189	0.0733320588798
MH0319.freeze11.snv.mod.fix.bam	0.0110495125215	0.013343528962	0.013343528962	0.0190785700631	0.0745173007073	0.0131905945326	0.35801949914	0.0130376601032	0.0112406805582	0.0116994838463	0.203249856624	0.147772892372	0.0130758937106	0.0178550946282	0.00688204932135	0.141808449627	0.0135346969987	0.0	0.0102848403747	0.0126553240298	0.00527623781304	0.0139935002868	0.0119671190977	0.0121582871344	0.0118141846683	0.0115083158096	0.0101319059453	0.00967310265724	0.00848786082967	0.0112789141656	0.00906136493978	0.012005352705	0.0757407761422	0.0124641559931	0.0342190785701	0.00852609443701	0.0131905945326	0.0112406805582	0.0734849933091	0.0305868858727	0.0116994838463	0.0731791244504	0.363066335309	0.0711909768687	0.0402599885299	0.0296310456892	0.199655897534	0.0141464347161	0.0136493978207	0.0102466067673	0.013458229784	0.0733702924871	0.0158287134391	0.34838463009	0.20718791818	0.067979353852	0.172586503537	0.0116994838463	0.29734276429	0.0151787421143	0.072911489199
MH0333.freeze11.snv.mod.fix.bam	0.00856432804435	0.0108583444848	0.0108583444848	0.0144140699675	0.0713821449054	0.0106289428408	0.35140508507	0.00940546740585	0.0087937296884	0.00657618046263	0.198164786848	0.142802523418	0.0106671764481	0.0153316765437	0.00359395909004	0.137220416746	0.00978780347926	0.0102848403747	0.0	0.01020837316	0.00584974192315	0.0114318485949	0.00940546740585	0.00967310265724	0.00921429936915	0.00906136493978	0.00760848786083	0.0073026190021	0.00600267635251	0.00871726247371	0.00684381571401	0.00940546740585	0.0724144523036	0.00737908621678	0.0314662588415	0.00600267635251	0.00833492640031	0.00642324603326	0.0700057350411	0.0266105907092	0.00783788950487	0.0698145670044	0.356757790097	0.0682087554961	0.0375454024087	0.0251577136303	0.194570827758	0.0089848977251	0.0112789141656	0.00760848786083	0.0109730453068	0.0702733702925	0.0132670617473	0.34177021602	0.201835213152	0.0649588988721	0.168151405085	0.00906136493978	0.291569489581	0.010093672338	0.0698910342191
MH0350.freeze11.snv.mod.fix.bam	0.00986427069394	0.0127700248518	0.0127700248518	0.0181609634869	0.0732173580577	0.0113936149876	0.356337220417	0.0129994264959	0.00944370101319	0.0115847830243	0.201949913974	0.146893519404	0.0112789141656	0.0160581150832	0.00703498375072	0.141005543873	0.0134199961766	0.0126553240298	0.01020837316	0.0	0.0081437583636	0.0121965207417	0.0100554387306	0.0106289428408	0.0107436436628	0.0103613075894	0.00955840183521	0.00791435671956	0.00737908621678	0.0106671764481	0.00737908621678	0.0100554387306	0.0740967310266	0.0124259223858	0.0325750334544	0.00741731982413	0.0129611928885	0.0113171477729	0.0718409481935	0.030281017014	0.0115465494169	0.0715350793347	0.361689925444	0.0700822022558	0.0388453450583	0.0286369718983	0.198661823743	0.0139935002868	0.0121582871344	0.00959663544255	0.0115465494169	0.0722997514816	0.0142229019308	0.346931753011	0.206117377175	0.0669852800612	0.171363028102	0.0111259797362	0.295813419996	0.0151022748996	0.0717644809788
MH0356.freeze11.snv.mod.fix.bam	0.00661441406997	0.00875549608106	0.00875549608106	0.0142993691455	0.0688587268209	0.00867902886637	0.347772892372	0.00848786082967	0.00680558210667	0.00714968457274	0.194570827758	0.14104377748	0.00852609443701	0.0131141273179	0.00267635251386	0.136149875741	0.00890843051042	0.00527623781304	0.00584974192315	0.0081437583636	0.0	0.00952016822787	0.00737908621678	0.00764672146817	0.0073026190021	0.00699675014338	0.00554387306442	0.00527623781304	0.00409099598547	0.00665264767731	0.00470273370292	0.00745555343147	0.0700057350411	0.00783788950487	0.0294398776525	0.00424393041483	0.0089848977251	0.00707321735806	0.06786465303	0.0256929841331	0.0071114509654	0.0674823169566	0.352857962149	0.0658382718409	0.0353660867903	0.0246606767348	0.192009176066	0.00944370101319	0.00906136493978	0.00565857388645	0.00887019690308	0.0678264194227	0.0112406805582	0.3380233225	0.199350028675	0.0626648824317	0.165895622252	0.00714968457274	0.288740202638	0.0104760084114	0.0674823169566
MH0359.freeze11.snv.mod.fix.bam	0.0111642133435	0.0140699675014	0.0141082011088	0.0197667749952	0.0752055056395	0.00875549608106	0.358860638501	0.0143758363602	0.00703498375072	0.0128464920665	0.204358631237	0.148996367807	0.0087937296884	0.0187727012044	0.00848786082967	0.142573121774	0.0147581724336	0.0139935002868	0.0114318485949	0.0121965207417	0.00952016822787	0.0	0.00959663544255	0.0119671190977	0.012005352705	0.0114700822023	0.0109348116995	0.00481743452495	0.00867902886637	0.0120435863124	0.00707321735806	0.00955840183521	0.0768495507551	0.01380233225	0.0344484802141	0.00860256165169	0.0141464347161	0.0126935576372	0.0744025998853	0.0318103613076	0.0129229592812	0.0742496654559	0.364098642707	0.0719556490155	0.040718791818	0.0305486522653	0.201032307398	0.015369910151	0.0098260370866	0.0108965780921	0.0111259797362	0.0740584974192	0.015484610973	0.349378703881	0.208411393615	0.0687822596062	0.173886446186	0.0124259223858	0.297878034793	0.0164786847639	0.0735614605238
MH0432.freeze11.snv.mod.fix.bam	0.00909959854712	0.0119671190977	0.0119671190977	0.0181227298796	0.0733320588798	0.00875549608106	0.356490154846	0.0122729879564	0.00699675014338	0.0108201108775	0.202141082011	0.146855285796	0.00864079525903	0.0165933855859	0.00630854521124	0.1406232078	0.0126553240298	0.0119671190977	0.00940546740585	0.0100554387306	0.00737908621678	0.00959663544255	0.0	0.00986427069394	0.00997897151596	0.00959663544255	0.0087937296884	0.00527623781304	0.00672911489199	0.00978780347926	0.00504683616899	0.00695851653604	0.0747849359587	0.0116994838463	0.0328044350985	0.00661441406997	0.0125023896005	0.0105907092334	0.0724909195183	0.0296692792965	0.0108201108775	0.0721468170522	0.361804626266	0.0700439686484	0.038921812273	0.028713439113	0.198776524565	0.0131905945326	0.00971133626458	0.00887019690308	0.00558210667176	0.0722232842669	0.0134964633913	0.346969986618	0.206308545211	0.0667558784171	0.171745364175	0.0102466067673	0.295889887211	0.0143758363602	0.0717262473714
MMRS16644320ST-27-0-0.freeze11.snv.mod.fix.bam	0.00925253297649	0.0121582871344	0.0121965207417	0.018390365131	0.0735232269165	0.0111642133435	0.356948958134	0.0123876887784	0.00921429936915	0.0109730453068	0.202523418084	0.147122921048	0.0109730453068	0.0168610208373	0.00638501242592	0.141082011088	0.0128082584592	0.0121582871344	0.00967310265724	0.0106289428408	0.00764672146817	0.0119671190977	0.00986427069394	0.0	0.0100554387306	0.00971133626458	0.0089848977251	0.00768495507551	0.00665264767731	0.010093672338	0.00714968457274	0.00990250430128	0.0749761039954	0.0118524182757	0.0330338367425	0.00672911489199	0.0125788568151	0.0108201108775	0.0726056203403	0.0298986809405	0.0110112789142	0.0722615178742	0.362301663162	0.0703116038998	0.039151213917	0.028942840757	0.198929458994	0.013458229784	0.0116994838463	0.00902313133244	0.0113936149876	0.0724526859109	0.0062703116039	0.347352322692	0.206499713248	0.0669852800612	0.172089466641	0.0105524756261	0.296233989677	0.0145670043969	0.0719938826228
MMRS17603756ST-27-0-0.freeze11.snv.mod.fix.bam	0.00657618046263	0.0118141846683	0.0118524182757	0.0178168610208	0.0733702924871	0.0111259797362	0.356987191742	0.0121582871344	0.00913783215446	0.0107054100554	0.202102848404	0.146740584974	0.0111642133435	0.0166316191933	0.0060791435672	0.140852609444	0.0126553240298	0.0118141846683	0.00921429936915	0.0107436436628	0.0073026190021	0.012005352705	0.00997897151596	0.0100554387306	0.0	0.00707321735806	0.00864079525903	0.00776142229019	0.00405276237813	0.0098260370866	0.00726438539476	0.00994073790862	0.0746320015293	0.0114700822023	0.0327279678838	0.00615561078188	0.0119671190977	0.0102848403747	0.0723762186962	0.0296310456892	0.0107436436628	0.0721085834448	0.362110495125	0.0701204358631	0.0388835786656	0.0286369718983	0.198661823743	0.0131523609253	0.0116230166316	0.0087937296884	0.0114318485949	0.0721085834448	0.0135346969987	0.347046453833	0.206079143567	0.0667941120245	0.171898298604	0.0101319059453	0.296310456892	0.0141846683235	0.0717262473714
MMRS24340226ST-27-0-0.freeze11.snv.mod.fix.bam	0.00087937296884	0.0114700822023	0.0114700822023	0.0176256929841	0.0728350219843	0.0107436436628	0.355496081055	0.011775951061	0.0087937296884	0.0104377748041	0.201452877079	0.146434716115	0.0105907092334	0.0161728159052	0.00596444274517	0.140087937297	0.0121582871344	0.0115083158096	0.00906136493978	0.0103613075894	0.00699675014338	0.0114700822023	0.00959663544255	0.00971133626458	0.00707321735806	0.0	0.00829669279297	0.0073026190021	0.00298222137259	0.00932900019117	0.00676734849933	0.00948193462053	0.0742114318486	0.0112789141656	0.032192697381	0.00573504110113	0.0119288854903	0.0101319059453	0.0720703498375	0.0290957751864	0.0102848403747	0.0716880137641	0.360810552476	0.0695851653604	0.0383483081629	0.0282546358249	0.197094245842	0.0128464920665	0.0115083158096	0.00833492640031	0.0110495125215	0.0716497801568	0.0132288281399	0.345746511183	0.20474096731	0.0662588415217	0.170865991206	0.00978780347926	0.295048747849	0.0139552666794	0.0712674440833
MMRS25641480ST-27-0-0.freeze11.snv.mod.fix.bam	0.00783788950487	0.00416746320015	0.00416746320015	0.0164404511566	0.0714968457274	0.0101319059453	0.354769642516	0.0104760084114	0.00810552475626	0.00906136493978	0.200229401644	0.145096539859	0.0100172051233	0.0148346396483	0.00451156566622	0.139017396291	0.0108201108775	0.0101319059453	0.00760848786083	0.00955840183521	0.00554387306442	0.0109348116995	0.0087937296884	0.0089848977251	0.00864079525903	0.00829669279297	0.0	0.00661441406997	0.00527623781304	0.00210284840375	0.00604090995985	0.00883196329574	0.072796788377	0.0098260370866	0.0303192506213	0.00539093863506	0.0106289428408	0.0087937296884	0.0705410055439	0.0278340661441	0.0089848977251	0.0701969030778	0.359892945899	0.0682469891034	0.0362836933665	0.0269546931753	0.196864844198	0.0114700822023	0.0106671764481	0.0010323073982	0.010323073982	0.0704263047219	0.0125406232078	0.345058306251	0.204435098452	0.0648441980501	0.170063085452	0.00244695086981	0.294092907666	0.0125788568151	0.0698910342191
MMRS40913371ST-27-0-0.freeze11.snv.mod.fix.bam	0.00692028292869	0.0098260370866	0.0098260370866	0.0159816478685	0.0710380424393	0.00454979927356	0.354502007264	0.0100554387306	0.00282928694322	0.00864079525903	0.2	0.144790671	0.00451156566622	0.0144523035748	0.00424393041483	0.138673293825	0.0104377748041	0.00967310265724	0.0073026190021	0.00791435671956	0.00527623781304	0.00481743452495	0.00527623781304	0.00768495507551	0.00776142229019	0.0073026190021	0.00661441406997	0.0	0.00454979927356	0.00772318868285	0.00286752055056	0.00535270502772	0.0723379850889	0.00948193462053	0.030510418658	0.00451156566622	0.0102848403747	0.00837316000765	0.0701204358631	0.0274899636781	0.00860256165169	0.0697763333971	0.359472376219	0.0677881858153	0.0365130950105	0.0264958898872	0.196750143376	0.0110495125215	0.00554387306442	0.00665264767731	0.00684381571401	0.0699292678264	0.0113936149876	0.344981839037	0.204205696807	0.0644618619767	0.169566048557	0.00818199197094	0.2937488052	0.0121582871344	0.0694704645383
MMRS43563715ST-27-0-0.freeze11.snv.mod.fix.bam	0.00259988529918	0.00837316000765	0.00837316000765	0.0146052380042	0.0681705218887	0.00783788950487	0.346740584974	0.00871726247371	0.00596444274517	0.00753202064615	0.195182565475	0.141311412732	0.00779965589753	0.0132670617473	0.00298222137259	0.135232269165	0.00921429936915	0.00848786082967	0.00600267635251	0.00737908621678	0.00409099598547	0.00867902886637	0.00672911489199	0.00665264767731	0.00405276237813	0.00298222137259	0.00527623781304	0.00454979927356	0.0	0.00653794685529	0.00393806155611	0.00653794685529	0.0701586694705	0.00822022557828	0.0293634104378	0.00305868858727	0.00921429936915	0.00714968457274	0.0683999235328	0.0259223857771	0.00737908621678	0.0679028866374	0.351787421143	0.0649588988721	0.0349837507169	0.0250812464156	0.191129803097	0.00994073790862	0.00833492640031	0.00546740584974	0.00810552475626	0.0671382144905	0.0105142420187	0.337220416746	0.198623590136	0.0615943414261	0.165436818964	0.00692028292869	0.287287325559	0.0108583444848	0.0665647103804
MMRS55294627ST-27-0-0.freeze11.snv.mod.fix.bam	0.00883196329574	0.00527623781304	0.00527623781304	0.0175492257695	0.0727203211623	0.0111642133435	0.356413687631	0.0115847830243	0.00921429936915	0.0101701395527	0.201605811508	0.146281781686	0.0111259797362	0.0159434142611	0.00562034027911	0.140240871726	0.0118524182757	0.0112789141656	0.00871726247371	0.0106671764481	0.00665264767731	0.0120435863124	0.00978780347926	0.010093672338	0.0098260370866	0.00932900019117	0.00210284840375	0.00772318868285	0.00653794685529	0.0	0.00699675014338	0.0098260370866	0.0741349646339	0.0109730453068	0.0315044924489	0.0064614796406	0.0116230166316	0.0098260370866	0.0716880137641	0.0289810743644	0.0101319059453	0.071343911298	0.361575224622	0.0694704645383	0.0373924679794	0.0280634677882	0.198164786848	0.0125023896005	0.0119288854903	0.00198814758172	0.0114700822023	0.0716115465494	0.0136111642133	0.346740584974	0.205811508316	0.0660294398777	0.171210093672	0.00340279105334	0.295584018352	0.013687631428	0.071114509654
MMRS67247116ST-27-0-0.freeze11.snv.mod.fix.bam	0.00638501242592	0.00921429936915	0.00921429936915	0.0154081437584	0.0704263047219	0.00623207799656	0.349416937488	0.00952016822787	0.00454979927356	0.0081437583636	0.19770598356	0.14291722424	0.00615561078188	0.0139935002868	0.00367042630472	0.137220416746	0.0098260370866	0.00906136493978	0.00684381571401	0.00737908621678	0.00470273370292	0.00707321735806	0.00504683616899	0.00714968457274	0.00726438539476	0.00676734849933	0.00604090995985	0.00286752055056	0.00393806155611	0.00699675014338	0.0	0.00508506977633	0.0706939399732	0.00894666411776	0.0301280825846	0.00401452877079	0.00986427069394	0.00799082393424	0.0684763907475	0.0269929267826	0.00802905754158	0.0680940546741	0.355610781877	0.0673676161346	0.0362072261518	0.0253106480596	0.195029631046	0.0104377748041	0.00718791818008	0.00596444274517	0.00661441406997	0.0694704645383	0.0108201108775	0.34004970369	0.202561651692	0.0639648250812	0.168151405085	0.00749378703881	0.289351940356	0.0115847830243	0.0690116612502
MMRS72980899ST-27-0-0.freeze11.snv.mod.fix.bam	0.00902313133244	0.0120435863124	0.0120818199197	0.0180080290575	0.0721850506595	0.00871726247371	0.355343146626	0.0122347543491	0.00695851653604	0.0108965780921	0.201261709042	0.146243548079	0.00867902886637	0.016708086408	0.00642324603326	0.140393806156	0.0126553240298	0.012005352705	0.00940546740585	0.0100554387306	0.00745555343147	0.00955840183521	0.00695851653604	0.00990250430128	0.00994073790862	0.00948193462053	0.00883196329574	0.00535270502772	0.00653794685529	0.0098260370866	0.00508506977633	0.0	0.0737143949532	0.0117377174536	0.0328044350985	0.00657618046263	0.0123876887784	0.0107054100554	0.0724909195183	0.0296692792965	0.0108201108775	0.0722232842669	0.360848786083	0.0690498948576	0.0378130376601	0.028713439113	0.197897151596	0.0133052953546	0.00974956987192	0.00871726247371	0.00852609443701	0.071114509654	0.013458229784	0.345708277576	0.205352705028	0.0657618046263	0.170904224814	0.0103613075894	0.294666411776	0.0144140699675	0.0706939399732
N052A.freeze11.snv.mod.fix.bam	0.0731791244504	0.0758172433569	0.0758937105716	0.0750525712101	0.108965780921	0.0760848786083	0.352781494934	0.0756643089275	0.0740967310266	0.0734849933091	0.206117377175	0.154807876123	0.0760084113936	0.0666029439878	0.0680940546741	0.146625884152	0.0760084113936	0.0757407761422	0.0724144523036	0.0740967310266	0.0700057350411	0.0768495507551	0.0747849359587	0.0749761039954	0.0746320015293	0.0742114318486	0.072796788377	0.0723379850889	0.0701586694705	0.0741349646339	0.0706939399732	0.0737143949532	0.0	0.074593767922	0.0799082393424	0.0687057923915	0.0697380997897	0.0731791244504	0.0542534888167	0.0495125215064	0.0741731982413	0.0538711527433	0.358516536035	0.106098260371	0.0885108009941	0.0739437965972	0.171171860065	0.076276046645	0.0765436818964	0.0727203211623	0.0763142802523	0.108048174345	0.0786082966928	0.342611355381	0.177556872491	0.103077805391	0.108736379277	0.0745173007073	0.296922194609	0.0774612884726	0.107627604665
O2.CD1-0.freeze11.snv.mod.fix.bam	0.0107818772701	0.0129611928885	0.0129994264959	0.0168610208373	0.0737143949532	0.0129994264959	0.355419613841	0.0115465494169	0.0110495125215	0.00152934429363	0.200917606576	0.145746511183	0.0128847256739	0.0175109921621	0.00562034027911	0.139476199579	0.012005352705	0.0124641559931	0.00737908621678	0.0124259223858	0.00783788950487	0.01380233225	0.0116994838463	0.0118524182757	0.0114700822023	0.0112789141656	0.0098260370866	0.00948193462053	0.00822022557828	0.0109730453068	0.00894666411776	0.0117377174536	0.074593767922	0.0	0.0336838080673	0.0079525903269	0.003364557446	0.00145287707895	0.0723762186962	0.0287899063277	0.0101319059453	0.0720321162302	0.360428216402	0.0703880711145	0.0398011852418	0.0274134964634	0.197361881093	0.001682278723	0.013458229784	0.00986427069394	0.0131523609253	0.072682087555	0.0155993117951	0.345899445613	0.204932135347	0.0672146817052	0.170483655133	0.0114318485949	0.294857579813	0.00279105333588	0.0721468170522
O2.UC17-1.freeze11.snv.mod.fix.bam	0.0316574268782	0.0334161728159	0.0334161728159	0.0374307015867	0.0813993500287	0.033874976104	0.350181609635	0.0344867138214	0.0319250621296	0.0329191359205	0.208717262474	0.156604855668	0.03364557446	0.0364366277958	0.0278340661441	0.151099216211	0.0349455171095	0.0342190785701	0.0314662588415	0.0325750334544	0.0294398776525	0.0344484802141	0.0328044350985	0.0330338367425	0.0327279678838	0.032192697381	0.0303192506213	0.030510418658	0.0293634104378	0.0315044924489	0.0301280825846	0.0328044350985	0.0799082393424	0.0336838080673	0.0	0.0284840374689	0.032192697381	0.0325750334544	0.0858726820876	0.0500860256165	0.0329573695278	0.0856432804435	0.355763716307	0.07807302619	0.00565857388645	0.0477537755687	0.202217549226	0.0352131523609	0.0346014146435	0.0302427834066	0.034104377748	0.0809405467406	0.0363983941885	0.341961384057	0.20906136494	0.0759319441789	0.17728923724	0.0317721277002	0.295622251959	0.0361689925444	0.079870005735
O2.UC21-1.freeze11.snv.mod.fix.bam	0.00527623781304	0.00852609443701	0.00852609443701	0.0140699675014	0.0663735423437	0.00787612311222	0.337488051998	0.00883196329574	0.00596444274517	0.00714968457274	0.189638692411	0.137526285605	0.00768495507551	0.0121965207417	0.00321162301663	0.132288281399	0.00932900019117	0.00852609443701	0.00600267635251	0.00741731982413	0.00424393041483	0.00860256165169	0.00661441406997	0.00672911489199	0.00615561078188	0.00573504110113	0.00539093863506	0.00451156566622	0.00305868858727	0.0064614796406	0.00401452877079	0.00657618046263	0.0687057923915	0.0079525903269	0.0284840374689	0.0	0.00940546740585	0.00688204932135	0.0656088701969	0.0247753775569	0.0073026190021	0.0652647677308	0.342878990633	0.0632766201491	0.0342573121774	0.0243930414835	0.185700630855	0.00940546740585	0.00852609443701	0.00550563945708	0.00806729114892	0.0653030013382	0.0103613075894	0.328311986236	0.192697380998	0.0603326323839	0.160772318868	0.00692028292869	0.280405276238	0.0106289428408	0.0650353660868
O2.UC24-1.freeze11.snv.mod.fix.bam	0.0115465494169	0.0136493978207	0.0136493978207	0.0163257503345	0.0675205505639	0.013572930606	0.320741731982	0.0121582871344	0.0116230166316	0.00328809023131	0.182374307016	0.132517683043	0.0131905945326	0.0166698528006	0.00707321735806	0.12854138788	0.0126170904225	0.0131905945326	0.00833492640031	0.0129611928885	0.0089848977251	0.0141464347161	0.0125023896005	0.0125788568151	0.0119671190977	0.0119288854903	0.0106289428408	0.0102848403747	0.00921429936915	0.0116230166316	0.00986427069394	0.0123876887784	0.0697380997897	0.003364557446	0.032192697381	0.00940546740585	0.0	0.00324985662397	0.0654559357675	0.0268017587459	0.0107818772701	0.0652265341235	0.326859109157	0.0647294972281	0.0377365704454	0.0261900210285	0.17828331103	0.00454979927356	0.0139170330721	0.0105907092334	0.0139935002868	0.0663353087364	0.0157522462244	0.311680367043	0.18447715542	0.0620913783215	0.154807876123	0.0118141846683	0.268170521889	0.00588797553049	0.0664500095584
