	DLM010.freeze11.snv.mod.fix.bam	ED13A.freeze11.snv.mod.fix.bam	ED19A.freeze11.snv.mod.fix.bam	HT25A.freeze11.snv.mod.fix.bam	M2.4-V2.metaG.freeze11.snv.mod.fix.bam	MH0204.freeze11.snv.mod.fix.bam	MH0277.freeze11.snv.mod.fix.bam	MMRS35808664ST-27-0-0.freeze11.snv.mod.fix.bam	MMRS47662059ST-27-0-0.freeze11.snv.mod.fix.bam	MMRS92544445ST-27-0-0.freeze11.snv.mod.fix.bam	N005A.freeze11.snv.mod.fix.bam	N022A.freeze11.snv.mod.fix.bam	N026A.freeze11.snv.mod.fix.bam	N083A.freeze11.snv.mod.fix.bam	SAMEA3136665.freeze11.snv.mod.fix.bam	SAMEA3136668.freeze11.snv.mod.fix.bam	SAMEA3136686.freeze11.snv.mod.fix.bam	SAMEA3136702.freeze11.snv.mod.fix.bam	SZEY-22A.freeze11.snv.mod.fix.bam	SZEY-69A.freeze11.snv.mod.fix.bam	SZEY-73A.freeze11.snv.mod.fix.bam	SZEY-81A.freeze11.snv.mod.fix.bam	SZEY-95A.freeze11.snv.mod.fix.bam	T2D-177A.freeze11.snv.mod.fix.bam	T2D-192A.freeze11.snv.mod.fix.bam	T2D-20A.freeze11.snv.mod.fix.bam	T2D-42A.freeze11.snv.mod.fix.bam	T2D-46A.freeze11.snv.mod.fix.bam	T2D-62A.freeze11.snv.mod.fix.bam	T2D-6A.freeze11.snv.mod.fix.bam	T2D-77A.freeze11.snv.mod.fix.bam	V1.CD3-0-PT.freeze11.snv.mod.fix.bam
DLM010.freeze11.snv.mod.fix.bam	0.0	0.371523633519	0.0845109734227	0.088889066349	0.0929581800492	0.0895088213936	0.087687246329	0.0884262384317	0.0908674365221	0.0897509141227	0.0911358865474	0.0889032049773	0.0888497092211	0.00500299423324	0.33091482596	0.0916334172731	0.347713105591	0.0826788407309	0.0930031230614	0.0797763990371	0.0851310334774	0.125935244983	0.0902682909511	0.0910049215147	0.0947808960693	0.0644020576219	0.0934637033305	0.11980136768	0.0871186044936	0.0850772100714	0.115997768278	0.0876584712878
ED13A.freeze11.snv.mod.fix.bam	0.371523633519	0.0	0.366140226849	0.361378297186	0.370201590526	0.371017265118	0.372040780188	0.365620083511	0.370350638707	0.35780181696	0.350595881949	0.370131776907	0.371062119298	0.369544088918	0.401459739859	0.367857369317	0.405985672042	0.370932452417	0.371821459136	0.367045304408	0.359228058957	0.372740742762	0.36426727675	0.372214287135	0.340146388919	0.366924111855	0.363106901268	0.297037249484	0.367044524355	0.366003374069	0.356081250926	0.367432687814
ED19A.freeze11.snv.mod.fix.bam	0.0845109734227	0.366140226849	0.0	0.0723073283612	0.0871085899129	0.0866777412015	0.0840814274476	0.0716885233483	0.084589188538	0.0777948703086	0.0685013771113	0.0771511349454	0.0775119824535	0.0819783241861	0.324665990594	0.0859338136957	0.341309004482	0.0800935613569	0.0884232063292	0.0737772283411	0.0644486446743	0.11580456919	0.0783382729642	0.0846628652247	0.0701987153225	0.0709323375873	0.0801698205515	0.10889885111	0.0799824977162	0.0698476756279	0.0973925676907	0.073923058728
HT25A.freeze11.snv.mod.fix.bam	0.088889066349	0.361378297186	0.0723073283612	0.0	0.0877049628019	0.0893039295792	0.088313841189	0.068854871689	0.0847864851546	0.0787635946528	0.0672393482726	0.0817070943768	0.0819817326989	0.0866519636838	0.322860273308	0.0852928388402	0.3396866933	0.0858542460582	0.0915573062669	0.0816012951136	0.0625080417226	0.113107086386	0.0821444999834	0.0876167174482	0.0688482611183	0.0716378332239	0.0741667869662	0.108584342443	0.0837216712884	0.0768405311082	0.0946071754149	0.0771980035605
M2.4-V2.metaG.freeze11.snv.mod.fix.bam	0.0929581800492	0.370201590526	0.0871085899129	0.0877049628019	0.0	0.0937006096951	0.094356044424	0.0873493082325	0.0924196075672	0.0917272664308	0.0921539250583	0.0922852568919	0.0924316828853	0.0898750490153	0.32758142414	0.0882849366474	0.344512760632	0.0894368343404	0.095489213491	0.0891888988827	0.0855639864877	0.122272395568	0.0933090424609	0.0925362304776	0.0969792971909	0.087056808841	0.0921121032462	0.122622639243	0.0897320224443	0.087869915952	0.119761279813	0.0898398667705
MH0204.freeze11.snv.mod.fix.bam	0.0895088213936	0.371017265118	0.0866777412015	0.0893039295792	0.0937006096951	0.0	0.0901986787867	0.0889146012853	0.0906303034234	0.0908977117926	0.0921976094063	0.0907611884825	0.0908964075097	0.0888502608517	0.329957942118	0.0918355125846	0.347024704545	0.0876056153405	0.0940261434851	0.0875499465485	0.0865282210403	0.124790832254	0.090930774153	0.0914265817734	0.0966238219015	0.0870780386489	0.0942780013216	0.120699358668	0.0885155923943	0.0869837945796	0.118676808184	0.0882535274404
MH0277.freeze11.snv.mod.fix.bam	0.087687246329	0.372040780188	0.0840814274476	0.088313841189	0.094356044424	0.0901986787867	0.0	0.0880475017581	0.0922489583364	0.0886438658692	0.0902474325182	0.0889421198158	0.0890183644107	0.0871160892537	0.330745247099	0.0937759666566	0.347665781655	0.0842799688618	0.0946542935297	0.0824219975783	0.083938555144	0.125499545056	0.0889765231993	0.0913916129584	0.0935484019146	0.0851919746212	0.0931006237509	0.119613908791	0.0884457768452	0.0832926986999	0.115956875753	0.0875859093225
MMRS35808664ST-27-0-0.freeze11.snv.mod.fix.bam	0.0884262384317	0.365620083511	0.0716885233483	0.068854871689	0.0873493082325	0.0889146012853	0.0880475017581	0.0	0.0879748773203	0.0796326892652	0.0702599736203	0.0819617097383	0.0821833140891	0.0856168631874	0.321686587534	0.075749918349	0.338728200025	0.083912754242	0.0917388725094	0.0789351688244	0.0640874968557	0.114022247696	0.0770480291834	0.0872624072087	0.072635948017	0.0729480232227	0.0755121598429	0.11142376705	0.0833721791479	0.0761120789994	0.0950348075826	0.0781368692316
MMRS47662059ST-27-0-0.freeze11.snv.mod.fix.bam	0.0908674365221	0.370350638707	0.084589188538	0.0847864851546	0.0924196075672	0.0906303034234	0.0922489583364	0.0879748773203	0.0	0.089552940396	0.0906957246034	0.089541660038	0.0896663635386	0.0879461975658	0.329373429174	0.0906897470167	0.345792722999	0.0858932534836	0.0922046275552	0.0865991159929	0.0857644254089	0.125733732648	0.0896853867793	0.0886673592931	0.0958186995102	0.0863882781634	0.0956298983414	0.120899920552	0.086787647617	0.0841256879887	0.118882404285	0.0885180175168
MMRS92544445ST-27-0-0.freeze11.snv.mod.fix.bam	0.0897509141227	0.35780181696	0.0777948703086	0.0787635946528	0.0917272664308	0.0908977117926	0.0886438658692	0.0796326892652	0.089552940396	0.0	0.0761203352443	0.0845274594447	0.0848471812129	0.0870268182593	0.326027264236	0.0898049363903	0.34286842778	0.0847475447891	0.093371273485	0.0828481551276	0.0728787675156	0.119710922052	0.0833974224605	0.0891769119188	0.076934724132	0.0794382326697	0.0855543316849	0.106870497564	0.0856267450381	0.0794283276851	0.101117205136	0.0838417260385
N005A.freeze11.snv.mod.fix.bam	0.0911358865474	0.350595881949	0.0685013771113	0.0672393482726	0.0921539250583	0.0921976094063	0.0902474325182	0.0702599736203	0.0906957246034	0.0761203352443	0.0	0.0799400964907	0.0801670733473	0.0886613053858	0.326825280652	0.089853799332	0.343909005198	0.0865164439406	0.0945361335243	0.0817582284085	0.0534151668971	0.112734199145	0.082783796306	0.0902902353281	0.0499207626276	0.0681570688307	0.071694524584	0.0987079014075	0.0857592467305	0.0766584485913	0.081925010702	0.0751703735604
N022A.freeze11.snv.mod.fix.bam	0.0889032049773	0.370131776907	0.0771511349454	0.0817070943768	0.0922852568919	0.0907611884825	0.0889421198158	0.0819617097383	0.089541660038	0.0845274594447	0.0799400964907	0.0	0.0105497550598	0.086501757709	0.330319997339	0.0905138573068	0.347130280595	0.0855841843988	0.0922872911861	0.0837870618213	0.0745686188411	0.122749399904	0.0852539754534	0.0884763118615	0.0814400354299	0.0782890463713	0.0877702213621	0.116097567034	0.0854052362922	0.0797307675542	0.108043668522	0.0823503619609
N026A.freeze11.snv.mod.fix.bam	0.0888497092211	0.371062119298	0.0775119824535	0.0819817326989	0.0924316828853	0.0908964075097	0.0890183644107	0.0821833140891	0.0896663635386	0.0848471812129	0.0801670733473	0.0105497550598	0.0	0.0863950706242	0.33117202493	0.0907458806932	0.347909517583	0.0857157658746	0.0922109244495	0.0840534727651	0.0750859312841	0.123245428981	0.0852247765051	0.0885923113856	0.0818720882257	0.0785279002562	0.0879509514906	0.116162831782	0.0854899426054	0.0799515178905	0.10835796707	0.0828186006753
N083A.freeze11.snv.mod.fix.bam	0.00500299423324	0.369544088918	0.0819783241861	0.0866519636838	0.0898750490153	0.0888502608517	0.0871160892537	0.0856168631874	0.0879461975658	0.0870268182593	0.0886613053858	0.086501757709	0.0863950706242	0.0	0.328217670686	0.0887842103371	0.345334334526	0.0796749528934	0.090345107773	0.0771014405603	0.0826721687083	0.123497358826	0.0878019159638	0.0882436287722	0.092395841872	0.0620887627214	0.0916801899593	0.117381740424	0.084537428892	0.0825573061737	0.114028187542	0.0859978199573
SAMEA3136665.freeze11.snv.mod.fix.bam	0.33091482596	0.401459739859	0.324665990594	0.322860273308	0.32758142414	0.329957942118	0.330745247099	0.321686587534	0.329373429174	0.326027264236	0.326825280652	0.330319997339	0.33117202493	0.328217670686	0.0	0.326657671693	0.0620740697334	0.32986109157	0.330863041698	0.325855808201	0.319747162697	0.256590513876	0.328752442907	0.330025097609	0.322844172367	0.327104208297	0.326717819552	0.340493384674	0.325088586164	0.323155898887	0.286009003697	0.327069950195
SAMEA3136668.freeze11.snv.mod.fix.bam	0.0916334172731	0.367857369317	0.0859338136957	0.0852928388402	0.0882849366474	0.0918355125846	0.0937759666566	0.075749918349	0.0906897470167	0.0898049363903	0.089853799332	0.0905138573068	0.0907458806932	0.0887842103371	0.326657671693	0.0	0.343502846025	0.0875330217726	0.0950999070025	0.0867234395943	0.083032490537	0.12060052001	0.0909113854419	0.0922209907094	0.0944763338179	0.0858719541958	0.0897140843468	0.121296360767	0.0888485124021	0.0864799673458	0.11816591317	0.0883654419935
SAMEA3136686.freeze11.snv.mod.fix.bam	0.347713105591	0.405985672042	0.341309004482	0.3396866933	0.344512760632	0.347024704545	0.347665781655	0.338728200025	0.345792722999	0.34286842778	0.343909005198	0.347130280595	0.347909517583	0.345334334526	0.0620740697334	0.343502846025	0.0	0.346219361451	0.347304044426	0.343431398596	0.336630405417	0.276936694872	0.345683383777	0.347523105283	0.339610952	0.343915331248	0.343269896393	0.355705903491	0.342409756979	0.340020548511	0.302512081059	0.344276281205
SAMEA3136702.freeze11.snv.mod.fix.bam	0.0826788407309	0.370932452417	0.0800935613569	0.0858542460582	0.0894368343404	0.0876056153405	0.0842799688618	0.083912754242	0.0858932534836	0.0847475447891	0.0865164439406	0.0855841843988	0.0857157658746	0.0796749528934	0.32986109157	0.0875330217726	0.346219361451	0.0	0.0891975883288	0.0754701474397	0.0807438553562	0.121510685598	0.0859724404371	0.0862228959124	0.0909026011524	0.081131373509	0.0917758283793	0.116570502475	0.0839873308461	0.0805871832907	0.113556697227	0.0849942317416
SZEY-22A.freeze11.snv.mod.fix.bam	0.0930031230614	0.371821459136	0.0884232063292	0.0915573062669	0.095489213491	0.0940261434851	0.0946542935297	0.0917388725094	0.0922046275552	0.093371273485	0.0945361335243	0.0922872911861	0.0922109244495	0.090345107773	0.330863041698	0.0950999070025	0.347304044426	0.0891975883288	0.0	0.0891656728498	0.0885753884504	0.128301121141	0.0930017471964	0.0375290078141	0.0983895368992	0.089454556629	0.0966663003725	0.122247137164	0.0903988328541	0.0881786466433	0.119650046772	0.0913957552636
SZEY-69A.freeze11.snv.mod.fix.bam	0.0797763990371	0.367045304408	0.0737772283411	0.0816012951136	0.0891888988827	0.0875499465485	0.0824219975783	0.0789351688244	0.0865991159929	0.0828481551276	0.0817582284085	0.0837870618213	0.0840534727651	0.0771014405603	0.325855808201	0.0867234395943	0.343431398596	0.0754701474397	0.0891656728498	0.0	0.0761636142981	0.119576788478	0.0836845134889	0.0858546430343	0.0858710568749	0.0777456998446	0.0873743450328	0.113238405784	0.0829087287386	0.0770029268119	0.107151617251	0.0820913378762
SZEY-73A.freeze11.snv.mod.fix.bam	0.0851310334774	0.359228058957	0.0644486446743	0.0625080417226	0.0855639864877	0.0865282210403	0.083938555144	0.0640874968557	0.0857644254089	0.0728787675156	0.0534151668971	0.0745686188411	0.0750859312841	0.0826721687083	0.319747162697	0.083032490537	0.336630405417	0.0807438553562	0.0885753884504	0.0761636142981	0.0	0.108510356888	0.0780365975704	0.0845280460921	0.0532405021541	0.0624937256233	0.0684311941012	0.102342663019	0.0797304679025	0.0712935619961	0.0818098281872	0.0703562413168
SZEY-81A.freeze11.snv.mod.fix.bam	0.125935244983	0.372740742762	0.11580456919	0.113107086386	0.122272395568	0.124790832254	0.125499545056	0.114022247696	0.125733732648	0.119710922052	0.112734199145	0.122749399904	0.123245428981	0.123497358826	0.256590513876	0.12060052001	0.276936694872	0.121510685598	0.128301121141	0.119576788478	0.108510356888	0.0	0.123664982944	0.124920653104	0.114026716714	0.114998357413	0.115267039259	0.14096364157	0.121077725126	0.116782464279	0.0999417464047	0.118605571846
SZEY-95A.freeze11.snv.mod.fix.bam	0.0902682909511	0.36426727675	0.0783382729642	0.0821444999834	0.0933090424609	0.090930774153	0.0889765231993	0.0770480291834	0.0896853867793	0.0833974224605	0.082783796306	0.0852539754534	0.0852247765051	0.0878019159638	0.328752442907	0.0909113854419	0.345683383777	0.0859724404371	0.0930017471964	0.0836845134889	0.0780365975704	0.123664982944	0.0	0.0896577417675	0.0837908077191	0.082918087743	0.0876283170583	0.11391472914	0.0852035223484	0.0781083699696	0.106671387157	0.0849485952984
T2D-177A.freeze11.snv.mod.fix.bam	0.0910049215147	0.372214287135	0.0846628652247	0.0876167174482	0.0925362304776	0.0914265817734	0.0913916129584	0.0872624072087	0.0886673592931	0.0891769119188	0.0902902353281	0.0884763118615	0.0885923113856	0.0882436287722	0.330025097609	0.0922209907094	0.347523105283	0.0862228959124	0.0375290078141	0.0858546430343	0.0845280460921	0.124920653104	0.0896577417675	0.0	0.0942025121152	0.0860287769401	0.094049693628	0.118217848248	0.0875284631041	0.0846211421793	0.116331413887	0.0879848265319
T2D-192A.freeze11.snv.mod.fix.bam	0.0947808960693	0.340146388919	0.0701987153225	0.0688482611183	0.0969792971909	0.0966238219015	0.0935484019146	0.072635948017	0.0958186995102	0.076934724132	0.0499207626276	0.0814400354299	0.0818720882257	0.092395841872	0.322844172367	0.0944763338179	0.339610952	0.0909026011524	0.0983895368992	0.0858710568749	0.0532405021541	0.114026716714	0.0837908077191	0.0942025121152	0.0	0.0718112201051	0.0744743057753	0.0934217285788	0.0890155278378	0.079841255672	0.075709933891	0.0795745537113
T2D-20A.freeze11.snv.mod.fix.bam	0.0644020576219	0.366924111855	0.0709323375873	0.0716378332239	0.087056808841	0.0870780386489	0.0851919746212	0.0729480232227	0.0863882781634	0.0794382326697	0.0681570688307	0.0782890463713	0.0785279002562	0.0620887627214	0.327104208297	0.0858719541958	0.343915331248	0.081131373509	0.089454556629	0.0777456998446	0.0624937256233	0.114998357413	0.082918087743	0.0860287769401	0.0718112201051	0.0	0.0759945852071	0.109350497636	0.0818363496893	0.0759244805025	0.0962086151684	0.0741377184097
T2D-42A.freeze11.snv.mod.fix.bam	0.0934637033305	0.363106901268	0.0801698205515	0.0741667869662	0.0921121032462	0.0942780013216	0.0931006237509	0.0755121598429	0.0956298983414	0.0855543316849	0.071694524584	0.0877702213621	0.0879509514906	0.0916801899593	0.326717819552	0.0897140843468	0.343269896393	0.0917758283793	0.0966663003725	0.0873743450328	0.0684311941012	0.115267039259	0.0876283170583	0.094049693628	0.0744743057753	0.0759945852071	0.0	0.111714683835	0.0901584688847	0.0832536166616	0.0875355307338	0.0807040542419
T2D-46A.freeze11.snv.mod.fix.bam	0.11980136768	0.297037249484	0.10889885111	0.108584342443	0.122622639243	0.120699358668	0.119613908791	0.11142376705	0.120899920552	0.106870497564	0.0987079014075	0.116097567034	0.116162831782	0.117381740424	0.340493384674	0.121296360767	0.355705903491	0.116570502475	0.122247137164	0.113238405784	0.102342663019	0.14096364157	0.11391472914	0.118217848248	0.0934217285788	0.109350497636	0.111714683835	0.0	0.116845088036	0.111335113242	0.116722371845	0.113616274268
T2D-62A.freeze11.snv.mod.fix.bam	0.0871186044936	0.367044524355	0.0799824977162	0.0837216712884	0.0897320224443	0.0885155923943	0.0884457768452	0.0833721791479	0.086787647617	0.0856267450381	0.0857592467305	0.0854052362922	0.0854899426054	0.084537428892	0.325088586164	0.0888485124021	0.342409756979	0.0839873308461	0.0903988328541	0.0829087287386	0.0797304679025	0.121077725126	0.0852035223484	0.0875284631041	0.0890155278378	0.0818363496893	0.0901584688847	0.116845088036	0.0	0.0803099566039	0.112492243499	0.0843738174485
T2D-6A.freeze11.snv.mod.fix.bam	0.0850772100714	0.366003374069	0.0698476756279	0.0768405311082	0.087869915952	0.0869837945796	0.0832926986999	0.0761120789994	0.0841256879887	0.0794283276851	0.0766584485913	0.0797307675542	0.0799515178905	0.0825573061737	0.323155898887	0.0864799673458	0.340020548511	0.0805871832907	0.0881786466433	0.0770029268119	0.0712935619961	0.116782464279	0.0781083699696	0.0846211421793	0.079841255672	0.0759244805025	0.0832536166616	0.111335113242	0.0803099566039	0.0	0.102593691039	0.0782413708078
T2D-77A.freeze11.snv.mod.fix.bam	0.115997768278	0.356081250926	0.0973925676907	0.0946071754149	0.119761279813	0.118676808184	0.115956875753	0.0950348075826	0.118882404285	0.101117205136	0.081925010702	0.108043668522	0.10835796707	0.114028187542	0.286009003697	0.11816591317	0.302512081059	0.113556697227	0.119650046772	0.107151617251	0.0818098281872	0.0999417464047	0.106671387157	0.116331413887	0.075709933891	0.0962086151684	0.0875355307338	0.116722371845	0.112492243499	0.102593691039	0.0	0.103495758657
V1.CD3-0-PT.freeze11.snv.mod.fix.bam	0.0876584712878	0.367432687814	0.073923058728	0.0771980035605	0.0898398667705	0.0882535274404	0.0875859093225	0.0781368692316	0.0885180175168	0.0838417260385	0.0751703735604	0.0823503619609	0.0828186006753	0.0859978199573	0.327069950195	0.0883654419935	0.344276281205	0.0849942317416	0.0913957552636	0.0820913378762	0.0703562413168	0.118605571846	0.0849485952984	0.0879848265319	0.0795745537113	0.0741377184097	0.0807040542419	0.113616274268	0.0843738174485	0.0782413708078	0.103495758657	0.0
