	158155345-tonguedorsum2.freeze11.snv.mod.fix.bam	158216035-tonguedorsum2.freeze11.snv.mod.fix.bam	158256496-tonguedorsum2.freeze11.snv.mod.fix.bam	158479027-tonguedorsum1.freeze11.snv.mod.fix.bam	158499257-tonguedorsum1.freeze11.snv.mod.fix.bam	158499257-tonguedorsum2.freeze11.snv.mod.fix.bam	158802708-tonguedorsum2.freeze11.snv.mod.fix.bam	158802708-tonguedorsum3.freeze11.snv.mod.fix.bam	158944319-tonguedorsum1.freeze11.snv.mod.fix.bam	158944319-tonguedorsum3.freeze11.snv.mod.fix.bam	159005010-tonguedorsum2.freeze11.snv.mod.fix.bam	159207311-tonguedorsum1.freeze11.snv.mod.fix.bam	159207311-tonguedorsum2.freeze11.snv.mod.fix.bam	159207311-tonguedorsum3.freeze11.snv.mod.fix.bam	159247771-tonguedorsum2.freeze11.snv.mod.fix.bam	159268001-tonguedorsum1.freeze11.snv.mod.fix.bam	159268001-tonguedorsum2.freeze11.snv.mod.fix.bam	159268001-tonguedorsum3.freeze11.snv.mod.fix.bam	159490532-tonguedorsum1.freeze11.snv.mod.fix.bam	159510762-tonguedorsum2.freeze11.snv.mod.fix.bam	159571453-tonguedorsum2.freeze11.snv.mod.fix.bam	159591683-tonguedorsum2.freeze11.snv.mod.fix.bam	159713063-tonguedorsum2.freeze11.snv.mod.fix.bam	159814214-tonguedorsum2.freeze11.snv.mod.fix.bam	160582958-tonguedorsum3.freeze11.snv.mod.fix.bam	160603188-tonguedorsum2.freeze11.snv.mod.fix.bam	160603188-tonguedorsum3.freeze11.snv.mod.fix.bam	160643649-tonguedorsum1.freeze11.snv.mod.fix.bam	160765029-tonguedorsum1.freeze11.snv.mod.fix.bam	234447334-tonguedorsum2.freeze11.snv.mod.fix.bam	508703490-tonguedorsum1.freeze11.snv.mod.fix.bam	508703490-tonguedorsum2.freeze11.snv.mod.fix.bam	550534656-tonguedorsum1.freeze11.snv.mod.fix.bam	550534656-tonguedorsum2.freeze11.snv.mod.fix.bam	550534656-tonguedorsum3.freeze11.snv.mod.fix.bam	604812005-tonguedorsum3.freeze11.snv.mod.fix.bam	739574095-tonguedorsum2.freeze11.snv.mod.fix.bam	763395383-anteriornares3.freeze11.snv.mod.fix.bam	763395383-tonguedorsum3.freeze11.snv.mod.fix.bam	763496533-tonguedorsum2.freeze11.snv.mod.fix.bam	763901136-tonguedorsum2.freeze11.snv.mod.fix.bam	763961826-tonguedorsum1.freeze11.snv.mod.fix.bam	763961826-tonguedorsum2.freeze11.snv.mod.fix.bam	763982056-tonguedorsum3.freeze11.snv.mod.fix.bam	764143897-tonguedorsum1.freeze11.snv.mod.fix.bam	764285508-tonguedorsum2.freeze11.snv.mod.fix.bam	764325968-tonguedorsum1.freeze11.snv.mod.fix.bam	764325968-tonguedorsum2.freeze11.snv.mod.fix.bam	764447348-tonguedorsum1.freeze11.snv.mod.fix.bam	764447348-tonguedorsum2.freeze11.snv.mod.fix.bam	764487809-tonguedorsum2.freeze11.snv.mod.fix.bam	764588959-tonguedorsum2.freeze11.snv.mod.fix.bam	764811490-tonguedorsum2.freeze11.snv.mod.fix.bam	764872181-tonguedorsum1.freeze11.snv.mod.fix.bam	765013792-tonguedorsum2.freeze11.snv.mod.fix.bam	765094712-tonguedorsum1.freeze11.snv.mod.fix.bam	765094712-tonguedorsum2.freeze11.snv.mod.fix.bam	765155402-tonguedorsum3.freeze11.snv.mod.fix.bam	765216093-tonguedorsum3.freeze11.snv.mod.fix.bam	823052294-tonguedorsum1.freeze11.snv.mod.fix.bam	823052294-tonguedorsum3.freeze11.snv.mod.fix.bam
158155345-tonguedorsum2.freeze11.snv.mod.fix.bam	0.0	0.137816817673	0.13133674411	0.144324224215	0.140570992463	0.142601485546	0.146716694508	0.151491378778	0.138592197194	0.143809970235	0.133569779626	0.149487913593	0.149870883893	0.152955469663	0.146695402892	0.14457327935	0.147028075799	0.138009455687	0.163638721229	0.141072894585	0.144809830235	0.134885265109	0.158377088716	0.152861309441	0.143387858646	0.14359818498	0.145149339299	0.157719947308	0.151473690251	0.132113584831	0.133336863875	0.133644096782	0.13468933288	0.136395574772	0.139249255296	0.131200051681	0.152012365486	0.150328343624	0.145666493167	0.145969639455	0.143521134497	0.145391781516	0.137895504661	0.132332770434	0.138298276262	0.134585583658	0.128147723949	0.143448764296	0.132999974318	0.132916013036	0.136662914909	0.148568163133	0.131730582894	0.151890497394	0.133214971565	0.148330456704	0.147376997675	0.125601599093	0.137441552667	0.127610040703	0.132315427221
158216035-tonguedorsum2.freeze11.snv.mod.fix.bam	0.137816817673	0.0	0.130005497197	0.133248917586	0.128179926751	0.133020996998	0.136636952594	0.143935385085	0.11712889787	0.121715794373	0.115580149538	0.145525504109	0.143378926231	0.147951507377	0.141203751478	0.122214719078	0.128649950238	0.105913156959	0.147467419841	0.128363529125	0.119193628732	0.119777986615	0.135795873409	0.134726515634	0.131179701459	0.1229989375	0.128215370898	0.148177164299	0.142583670508	0.115329303052	0.118301173741	0.118231310776	0.116616716052	0.118548006769	0.120921177008	0.0920176693624	0.143108754611	0.144456275385	0.138570002081	0.13609367387	0.13259274034	0.137335940305	0.126909698306	0.11926651732	0.122771284541	0.121534913376	0.105760312558	0.126721153428	0.119994511526	0.115849952071	0.125035510935	0.140855016693	0.114829710438	0.146735852468	0.115060601178	0.138486057486	0.137165941036	0.104001966666	0.114324896425	0.111777785754	0.120292358914
158256496-tonguedorsum2.freeze11.snv.mod.fix.bam	0.13133674411	0.130005497197	0.0	0.136228389009	0.132600590267	0.134038247272	0.132291078981	0.13691581664	0.130828291513	0.131220006008	0.125548380792	0.136704681232	0.140836109097	0.143987712156	0.120566913423	0.139652305126	0.141999440849	0.130065241757	0.155885632835	0.136477278909	0.134317055685	0.130323132238	0.153345492588	0.146289077355	0.132868252481	0.134888925048	0.137644182203	0.144114042	0.1428761055	0.124903994353	0.125434427768	0.12373070403	0.123893380165	0.126849480438	0.127302766191	0.124991462278	0.140004706747	0.135124451291	0.137317091593	0.133574773782	0.135637358954	0.136986354569	0.130636722114	0.118386611177	0.13020292441	0.124670675086	0.116931850371	0.132648765309	0.125193973027	0.124465034997	0.120445157608	0.134049342752	0.121565315818	0.139885451601	0.121533854661	0.133278832689	0.132472786399	0.115023042234	0.131245785521	0.119510398976	0.123340488059
158479027-tonguedorsum1.freeze11.snv.mod.fix.bam	0.144324224215	0.133248917586	0.136228389009	0.0	0.137759422991	0.141397887901	0.143213797622	0.148121948901	0.131546159101	0.136482399823	0.127675168231	0.146934019851	0.147963881448	0.151295494625	0.142890173322	0.140780077614	0.143938427044	0.131129617869	0.157626300715	0.137167901421	0.141142643543	0.132694028383	0.156187802826	0.148451829643	0.137034275	0.139123267012	0.141106878988	0.152878151459	0.148083218786	0.12959889997	0.130729216854	0.13019837508	0.126658505237	0.129637950419	0.130248922092	0.128227789684	0.146861700375	0.146884405258	0.139142799542	0.141454908337	0.13873088855	0.141040845276	0.135010265481	0.128107323225	0.129203985553	0.124034671851	0.125020104722	0.139374388422	0.130629831673	0.128801260185	0.129392141921	0.143103222759	0.127286943683	0.146887797722	0.131078918686	0.139704303028	0.139012915784	0.120887831755	0.131686770083	0.124239073976	0.129333702961
158499257-tonguedorsum1.freeze11.snv.mod.fix.bam	0.140570992463	0.128179926751	0.132600590267	0.137759422991	0.0	0.056639638812	0.137949291063	0.14412783918	0.122483664653	0.133249625206	0.122909682586	0.14260915445	0.141423621123	0.146052685046	0.13926845814	0.131058695416	0.139277819191	0.12612652077	0.156040508577	0.131153166373	0.134240465055	0.125471854392	0.15302297857	0.14428568015	0.133076506384	0.131994657038	0.134265444581	0.151126543509	0.147126563289	0.120061376477	0.124560038845	0.123664028383	0.121126424377	0.122109617371	0.124012940252	0.121130844227	0.14342781489	0.14161412858	0.135611297723	0.138354032632	0.130781357009	0.13972800861	0.131566289941	0.121979357599	0.129650326903	0.123286113885	0.117108250184	0.1366771022	0.121126750161	0.121888952847	0.121086919854	0.141722634065	0.119518257556	0.147623771518	0.121737120882	0.133630328367	0.131609575223	0.113330712808	0.128486640519	0.117425329854	0.121433805631
158499257-tonguedorsum2.freeze11.snv.mod.fix.bam	0.142601485546	0.133020996998	0.134038247272	0.141397887901	0.056639638812	0.0	0.142078712847	0.14725393276	0.129271757369	0.136820855048	0.128428831452	0.143486335109	0.14376817615	0.147038066687	0.139961585838	0.140298152011	0.14262378243	0.13133348349	0.158172127655	0.134884705058	0.138395515363	0.130084915025	0.15267365487	0.146852491122	0.137872022329	0.134658311867	0.136905267933	0.150545985365	0.149947302502	0.127973077471	0.128901465576	0.126803971544	0.126263556976	0.128203871834	0.129115865599	0.127926436998	0.146359107757	0.143724690692	0.137276928957	0.138377336564	0.131895031551	0.143006319481	0.135242568422	0.124836704825	0.134511332827	0.127324592532	0.123506434924	0.139043076097	0.1263726027	0.125857376524	0.124651416805	0.143432859459	0.12245959475	0.147476009802	0.128431916662	0.132272928544	0.130537735463	0.119128132589	0.132439080121	0.122251985491	0.123115643032
158802708-tonguedorsum2.freeze11.snv.mod.fix.bam	0.146716694508	0.136636952594	0.132291078981	0.143213797622	0.137949291063	0.142078712847	0.0	0.0258359461608	0.136368600525	0.137846016448	0.131711994507	0.133278732753	0.140398208087	0.142129922887	0.138503349033	0.149144125949	0.146648771651	0.136882038727	0.163819534487	0.140593117011	0.143081604629	0.136021779252	0.157931898787	0.150800182031	0.136649213203	0.142145496369	0.145028691844	0.149522708167	0.149677632428	0.130756386376	0.132251859617	0.131321041164	0.128743447854	0.132398471467	0.131667931526	0.132759535345	0.129468038397	0.124139187465	0.142664859113	0.139923530309	0.140478519772	0.141540856874	0.134676521182	0.128397148047	0.135299618623	0.130494674188	0.127992818601	0.13891213488	0.132213314037	0.131169875965	0.131488564741	0.138015517175	0.129272134806	0.148665302219	0.129243484326	0.140689645197	0.139537859771	0.122420737201	0.137182972758	0.126562634244	0.12960706489
158802708-tonguedorsum3.freeze11.snv.mod.fix.bam	0.151491378778	0.143935385085	0.13691581664	0.148121948901	0.14412783918	0.14725393276	0.0258359461608	0.0	0.143754354848	0.144105640238	0.139221445544	0.133622623715	0.143583569882	0.144302560368	0.143319611293	0.15701146862	0.152998776693	0.143756692135	0.167497829321	0.147897739663	0.148741696093	0.143289459715	0.16194023139	0.154913566373	0.142603036515	0.148131081939	0.150856615932	0.153032258752	0.154501903237	0.138075961677	0.139661900418	0.138080655253	0.135553329449	0.139265774569	0.137490736554	0.140834773577	0.130198289309	0.123916917555	0.146828459869	0.143385321587	0.146191303363	0.147003533557	0.141200875031	0.134872749417	0.142550208868	0.137062815746	0.136351535446	0.144677648193	0.138332194228	0.137503252891	0.137689257312	0.141620284154	0.135793122867	0.151301019148	0.136358159656	0.144726889095	0.144010568028	0.130054358468	0.144211334726	0.133972013662	0.135998196181
158944319-tonguedorsum1.freeze11.snv.mod.fix.bam	0.138592197194	0.11712889787	0.130828291513	0.131546159101	0.122483664653	0.129271757369	0.136368600525	0.143754354848	0.0	0.0941880420284	0.114104044938	0.144270646335	0.141946169997	0.147291408717	0.139823811306	0.120154096674	0.131238539849	0.113053095564	0.148375262452	0.125965183636	0.126376595661	0.117693946161	0.143630844859	0.135865348939	0.128199823572	0.125093547899	0.128254552751	0.148227094434	0.144150455053	0.115265857057	0.119560431846	0.118424458253	0.112327220379	0.112839342127	0.114324167708	0.106709864224	0.141792452997	0.142135208673	0.135232475893	0.135571524884	0.129476027557	0.136473414369	0.127694886297	0.11801697527	0.122703149858	0.118052317758	0.109704363892	0.131047277744	0.118334259402	0.116092696407	0.122546351121	0.144200360578	0.111749550878	0.146245680426	0.119846446204	0.137362066749	0.135960338247	0.103097917109	0.118497087654	0.112504561853	0.119658243544
158944319-tonguedorsum3.freeze11.snv.mod.fix.bam	0.143809970235	0.121715794373	0.131220006008	0.136482399823	0.133249625206	0.136820855048	0.137846016448	0.144105640238	0.0941880420284	0.0	0.121057072438	0.145683411836	0.145393159672	0.149630523214	0.139959787613	0.131866958499	0.136558942032	0.119124824422	0.152857491747	0.132169390392	0.129098214437	0.124379154918	0.145643106442	0.138878610479	0.133914842552	0.128653978375	0.131796941648	0.11442869539	0.144856094984	0.121925647141	0.123932377209	0.123927548144	0.119519909872	0.121550535103	0.121650741529	0.115312973716	0.145527241363	0.144134773629	0.137132031343	0.13840649188	0.133954577257	0.13828312008	0.130828740125	0.122486423967	0.129019341733	0.124676636328	0.117985859541	0.135588875252	0.12521902444	0.123117736618	0.129380879569	0.144141930072	0.120293056809	0.145816815194	0.124770213578	0.139434366761	0.13790124987	0.104127266758	0.125963416714	0.119294433724	0.125152938084
159005010-tonguedorsum2.freeze11.snv.mod.fix.bam	0.133569779626	0.115580149538	0.125548380792	0.127675168231	0.122909682586	0.128428831452	0.131711994507	0.139221445544	0.114104044938	0.121057072438	0.0	0.139501968195	0.137833771536	0.141581318832	0.134998231284	0.121926444019	0.12980261933	0.114738095755	0.149391560012	0.125461441586	0.123451670467	0.114931769589	0.144949116052	0.137915047324	0.124683541926	0.122346267027	0.125049926895	0.143350472752	0.139746826673	0.111430097258	0.112552815118	0.113544466712	0.109548825831	0.11285680069	0.116683431789	0.106026889813	0.139888472908	0.138972772822	0.131357299487	0.133378063092	0.127210447871	0.129024965161	0.120347589371	0.113429133945	0.117866293922	0.113898350294	0.104705000973	0.127723142573	0.115564512052	0.114350938181	0.115792674744	0.137058009543	0.108878888632	0.140308678211	0.113404914982	0.132198508352	0.130596668563	0.0969947462239	0.114613241335	0.104803320224	0.112696564919
159207311-tonguedorsum1.freeze11.snv.mod.fix.bam	0.149487913593	0.145525504109	0.136704681232	0.146934019851	0.14260915445	0.143486335109	0.133278732753	0.133622623715	0.144270646335	0.145683411836	0.139501968195	0.0	0.0439973924194	0.0401421019729	0.14464789479	0.155282223657	0.154029044434	0.144001446968	0.166572950473	0.147329653627	0.148326648879	0.140472059758	0.161501968718	0.154898141907	0.144248426554	0.145077610566	0.146276555286	0.150607039745	0.153358235925	0.139747076407	0.138697803107	0.137769603463	0.136462531544	0.139818831374	0.140482015582	0.143771035717	0.120397287285	0.124801901502	0.14841979027	0.144018658498	0.144134502668	0.147315705026	0.141754441231	0.137689156563	0.144070785134	0.137241504544	0.13553332875	0.145491185882	0.13708846425	0.137247475974	0.132656091376	0.139958926445	0.133479027939	0.150006369512	0.139008425479	0.137019692797	0.136644154991	0.12891394138	0.145127429754	0.132944159032	0.134118017176
159207311-tonguedorsum2.freeze11.snv.mod.fix.bam	0.149870883893	0.143378926231	0.140836109097	0.147963881448	0.141423621123	0.14376817615	0.140398208087	0.143583569882	0.141946169997	0.145393159672	0.137833771536	0.0439973924194	0.0	0.0249366608897	0.147840458761	0.149494128294	0.152607683561	0.142701592112	0.165815674361	0.144423017239	0.147151189113	0.140507872985	0.161861242292	0.156475692559	0.145239206638	0.146335916234	0.147662922288	0.153794863871	0.154833984174	0.138031064244	0.137784257203	0.136324265825	0.136297850009	0.138409676146	0.141048579483	0.140900778773	0.134203847265	0.135507438078	0.151389781812	0.148075394132	0.144665843267	0.148285950612	0.141883596341	0.138323742493	0.142984829656	0.13772663798	0.133581536394	0.147257808716	0.137822090494	0.137603583095	0.134418504378	0.145215633589	0.13392600931	0.154779345172	0.138405980696	0.142271679298	0.141879759502	0.128820644906	0.143392085846	0.132832641233	0.135691324044
159207311-tonguedorsum3.freeze11.snv.mod.fix.bam	0.152955469663	0.147951507377	0.143987712156	0.151295494625	0.146052685046	0.147038066687	0.142129922887	0.144302560368	0.147291408717	0.149630523214	0.141581318832	0.0401421019729	0.0249366608897	0.0	0.149839732293	0.157039970366	0.156180535611	0.146571012664	0.169504996977	0.149731255581	0.1524171547	0.144186273367	0.164505136095	0.159279212396	0.147699325518	0.148826276087	0.150300816342	0.155227242699	0.156965605104	0.143922668362	0.141531634639	0.140013853823	0.140115216388	0.142834941873	0.144826696816	0.145748625812	0.135692555321	0.135490233402	0.15277968633	0.149432313082	0.148118114776	0.150290022574	0.144989355077	0.141504250025	0.146587707677	0.140494411253	0.138278424417	0.14958802276	0.140221113422	0.140683997922	0.137074476734	0.146408307531	0.137709129613	0.155814430097	0.142441041758	0.144059069207	0.143544731433	0.132813336268	0.147868227819	0.136764532488	0.139309337431
159247771-tonguedorsum2.freeze11.snv.mod.fix.bam	0.146695402892	0.141203751478	0.120566913423	0.142890173322	0.13926845814	0.139961585838	0.138503349033	0.143319611293	0.139823811306	0.139959787613	0.134998231284	0.14464789479	0.147840458761	0.149839732293	0.0	0.149690032765	0.150516228567	0.139499811054	0.161188326021	0.14220299213	0.144528299192	0.138571810084	0.157718192572	0.150134434861	0.142763053307	0.1413695668	0.143503822725	0.148795754375	0.140793141903	0.135344789072	0.134000919621	0.133517685732	0.13084064055	0.134234005767	0.133384665185	0.137735979833	0.146740965253	0.139679983938	0.139314944394	0.138421463451	0.13966948433	0.139669975124	0.135435394433	0.123365765984	0.13548592572	0.133002867965	0.129132414965	0.141679164063	0.135134927903	0.134949876219	0.13310092641	0.140048444281	0.132384400537	0.142045647209	0.1334323794	0.138366715316	0.137033865825	0.127261962548	0.139390652366	0.13015719343	0.131292356182
159268001-tonguedorsum1.freeze11.snv.mod.fix.bam	0.14457327935	0.122214719078	0.139652305126	0.140780077614	0.131058695416	0.140298152011	0.149144125949	0.15701146862	0.120154096674	0.131866958499	0.121926444019	0.155282223657	0.149494128294	0.157039970366	0.149690032765	0.0	0.120168006374	0.0963587535958	0.152233109957	0.133816948668	0.130862616707	0.128390470829	0.150812530066	0.145008606938	0.141255756542	0.134339322108	0.136863681822	0.159197803949	0.148594235933	0.121619167715	0.126787369462	0.126573422029	0.119568536041	0.113032717683	0.127625318938	0.111591932123	0.155220916149	0.154681198482	0.146933639005	0.14643802316	0.139572644279	0.147094084294	0.137648342517	0.127710679812	0.132386853707	0.129348696291	0.115506686394	0.136536030398	0.129095454153	0.124915783986	0.135188495283	0.152777503898	0.123816542652	0.155904540139	0.12551884162	0.14795268659	0.146583645086	0.114655351193	0.12686906777	0.122658229369	0.129312277514
159268001-tonguedorsum2.freeze11.snv.mod.fix.bam	0.147028075799	0.128649950238	0.141999440849	0.143938427044	0.139277819191	0.14262378243	0.146648771651	0.152998776693	0.131238539849	0.136558942032	0.12980261933	0.154029044434	0.152607683561	0.156180535611	0.150516228567	0.120168006374	0.0	0.100220061763	0.157132890747	0.13885141946	0.13559821676	0.133492244722	0.151642760709	0.146488088028	0.143405998965	0.138048236136	0.140667450142	0.156788497011	0.152243377031	0.130383011107	0.129189743429	0.130349427797	0.129450339462	0.130264926573	0.133474492203	0.121062412546	0.154866452655	0.153214656429	0.146013700426	0.144637105397	0.143917259067	0.147310523221	0.139362230739	0.133643905433	0.137304456738	0.133089951878	0.116760741838	0.137499842149	0.133157853939	0.13062206867	0.138631781371	0.15044753953	0.128810044771	0.153612143568	0.131829366184	0.147401699533	0.14648541352	0.122731214032	0.132913651309	0.126631234522	0.132292914199
159268001-tonguedorsum3.freeze11.snv.mod.fix.bam	0.138009455687	0.105913156959	0.130065241757	0.131129617869	0.12612652077	0.13133348349	0.136882038727	0.143756692135	0.113053095564	0.119124824422	0.114738095755	0.144001446968	0.142701592112	0.146571012664	0.139499811054	0.0963587535958	0.100220061763	0.0	0.141362306362	0.129009433471	0.114764216722	0.118015565915	0.130241847943	0.12990734143	0.130520623344	0.118466759062	0.122815458367	0.146336466571	0.14046290097	0.117916138212	0.120084631596	0.118607558717	0.113204383448	0.114145831659	0.116023256421	0.0964339240896	0.142863685082	0.141645886951	0.132874768276	0.129689098155	0.130239212645	0.136832713743	0.12817809941	0.117890980644	0.125326999492	0.119443706762	0.108591763669	0.12670684095	0.11679652627	0.111503017409	0.123882233383	0.140267944944	0.113830604372	0.141928851666	0.119893298003	0.135643084664	0.134366814288	0.104413987323	0.115573377515	0.11326756054	0.118928234401
159490532-tonguedorsum1.freeze11.snv.mod.fix.bam	0.163638721229	0.147467419841	0.155885632835	0.157626300715	0.156040508577	0.158172127655	0.163819534487	0.167497829321	0.148375262452	0.152857491747	0.149391560012	0.166572950473	0.165815674361	0.169504996977	0.161188326021	0.152233109957	0.157132890747	0.141362306362	0.0	0.156767679663	0.156587609146	0.154376218994	0.159985445784	0.158192726246	0.1568155569	0.154013246952	0.157707741189	0.165199865289	0.162385184354	0.150502029654	0.153967100833	0.1547389124	0.151816904973	0.15083311221	0.152057552793	0.144947365737	0.167665792704	0.16243702937	0.160525416737	0.156439546079	0.157838964612	0.16078261582	0.154942465603	0.151342045328	0.154832411859	0.154380273453	0.149326204953	0.157587767794	0.152113097163	0.149021204303	0.157630440117	0.168197443695	0.149143667869	0.165071092372	0.15270983725	0.159550711973	0.159261722838	0.145123913838	0.149375134396	0.149600283088	0.15208497332
159510762-tonguedorsum2.freeze11.snv.mod.fix.bam	0.141072894585	0.128363529125	0.136477278909	0.137167901421	0.131153166373	0.134884705058	0.140593117011	0.147897739663	0.125965183636	0.132169390392	0.125461441586	0.147329653627	0.144423017239	0.149731255581	0.14220299213	0.133816948668	0.13885141946	0.129009433471	0.156767679663	0.0	0.136056476226	0.127597145657	0.153467320419	0.146235900437	0.131427087728	0.135275286959	0.137539214681	0.148752068009	0.147719438153	0.120742586946	0.123910146538	0.124455740347	0.12368017037	0.125560336792	0.128692168635	0.124791107136	0.146447319031	0.14466431928	0.139192938283	0.141596838969	0.130943769722	0.135198847457	0.126698442414	0.124502800914	0.128253069118	0.124387555488	0.116350177525	0.136769937753	0.127341734862	0.126580392747	0.129375341524	0.143117775919	0.11904700849	0.147317798386	0.121131244371	0.136642686034	0.135539489276	0.114764864718	0.12812932072	0.11880443806	0.126015435865
159571453-tonguedorsum2.freeze11.snv.mod.fix.bam	0.144809830235	0.119193628732	0.134317055685	0.141142643543	0.134240465055	0.138395515363	0.143081604629	0.148741696093	0.126376595661	0.129098214437	0.123451670467	0.148326648879	0.147151189113	0.1524171547	0.144528299192	0.130862616707	0.13559821676	0.114764216722	0.156587609146	0.136056476226	0.0	0.130375102194	0.136508591525	0.143453705249	0.136647223318	0.127852319603	0.132506842546	0.152299418496	0.149887996471	0.126357490224	0.128225705286	0.127024961713	0.123906279434	0.126754375608	0.12770857138	0.112336487706	0.148675252586	0.149031816519	0.142534302427	0.141091299427	0.138780069883	0.14073454145	0.13318908079	0.127124535221	0.134747336107	0.129133803111	0.120326433766	0.135956818739	0.129411710808	0.12512481939	0.129860020297	0.147570501204	0.124261517707	0.150357795627	0.129182651731	0.140978423309	0.13967462993	0.116422954876	0.12690682815	0.121960899804	0.127472809107
159591683-tonguedorsum2.freeze11.snv.mod.fix.bam	0.134885265109	0.119777986615	0.130323132238	0.132694028383	0.125471854392	0.130084915025	0.136021779252	0.143289459715	0.117693946161	0.124379154918	0.114931769589	0.140472059758	0.140507872985	0.144186273367	0.138571810084	0.128390470829	0.133492244722	0.118015565915	0.154376218994	0.127597145657	0.130375102194	0.0	0.145158158692	0.134254942475	0.130462689726	0.127329671607	0.129715624608	0.146890854877	0.14394140879	0.115846902995	0.11766002429	0.117864557886	0.115370460769	0.117959163171	0.119905587489	0.112340925246	0.140031555676	0.14140468197	0.134739423454	0.134508522024	0.121784857933	0.135929272973	0.1274608027	0.118871904899	0.124182347633	0.119604672889	0.110756717263	0.132480332822	0.118024076878	0.117105195594	0.1217109266	0.143735188218	0.114332930105	0.143963419301	0.11784111624	0.136346861775	0.135103168793	0.105065476591	0.121605266617	0.113321785715	0.118072087726
159713063-tonguedorsum2.freeze11.snv.mod.fix.bam	0.158377088716	0.135795873409	0.153345492588	0.156187802826	0.15302297857	0.15267365487	0.157931898787	0.16194023139	0.143630844859	0.145643106442	0.144949116052	0.161501968718	0.161861242292	0.164505136095	0.157718192572	0.150812530066	0.151642760709	0.130241847943	0.159985445784	0.153467320419	0.136508591525	0.145158158692	0.0	0.149493367208	0.151131064192	0.14170653888	0.146345121258	0.158508547567	0.152365171874	0.147844034605	0.14986018061	0.148475079188	0.145385262496	0.147367316108	0.144539127521	0.133283191808	0.161470613491	0.159241947522	0.1500481315	0.151701290083	0.152402418594	0.158266622721	0.152325963031	0.14793902432	0.152696949583	0.144808798782	0.145667192616	0.15006343605	0.14734414331	0.141506925565	0.148924539964	0.160750313288	0.143043680773	0.158336028723	0.149329481002	0.154935661698	0.154393244171	0.139638590827	0.140532684948	0.14372130488	0.145068489364
159814214-tonguedorsum2.freeze11.snv.mod.fix.bam	0.152861309441	0.134726515634	0.146289077355	0.148451829643	0.14428568015	0.146852491122	0.150800182031	0.154913566373	0.135865348939	0.138878610479	0.137915047324	0.154898141907	0.156475692559	0.159279212396	0.150134434861	0.145008606938	0.146488088028	0.12990734143	0.158192726246	0.146235900437	0.143453705249	0.134254942475	0.149493367208	0.0	0.145652939223	0.143246653021	0.146122715117	0.158579311212	0.157228112826	0.140058253664	0.141928999342	0.140389378901	0.135546911295	0.135967023603	0.134908568238	0.130874384126	0.153398295506	0.153050326241	0.149330540938	0.145150200987	0.147151072623	0.150351864486	0.14353443583	0.139586645882	0.141670389741	0.140115129257	0.134810747242	0.144683620915	0.137373095532	0.134182937844	0.142869731037	0.154407207288	0.134951269175	0.153851024711	0.14031148848	0.150997236385	0.150237464168	0.131305099639	0.139939282094	0.136251925978	0.139803489909
160582958-tonguedorsum3.freeze11.snv.mod.fix.bam	0.143387858646	0.131179701459	0.132868252481	0.137034275	0.133076506384	0.137872022329	0.136649213203	0.142603036515	0.128199823572	0.133914842552	0.124683541926	0.144248426554	0.145239206638	0.147699325518	0.142763053307	0.141255756542	0.143405998965	0.130520623344	0.1568155569	0.131427087728	0.136647223318	0.130462689726	0.151131064192	0.145652939223	0.0	0.132792339064	0.132695764427	0.147701207485	0.146991046168	0.125768141035	0.127411785812	0.126170734616	0.123798602972	0.126501256233	0.128006754989	0.127767546389	0.142938842144	0.139696301357	0.134337309231	0.136568819514	0.134675189462	0.131443428559	0.125548777781	0.12503393305	0.130465339181	0.124783669654	0.122539573449	0.136278313967	0.123392274905	0.123966097829	0.127532892311	0.144588059026	0.121095059648	0.144508471345	0.126368722153	0.136307735761	0.135004402961	0.1182936714	0.132806954071	0.118759253187	0.124439678267
160603188-tonguedorsum2.freeze11.snv.mod.fix.bam	0.14359818498	0.1229989375	0.134888925048	0.139123267012	0.131994657038	0.134658311867	0.142145496369	0.148131081939	0.125093547899	0.128653978375	0.122346267027	0.145077610566	0.146335916234	0.148826276087	0.1413695668	0.134339322108	0.138048236136	0.118466759062	0.154013246952	0.135275286959	0.127852319603	0.127329671607	0.14170653888	0.143246653021	0.132792339064	0.0	0.0385647069468	0.149818367603	0.14404469597	0.126876552985	0.128413109702	0.127001024215	0.121801326671	0.124390897469	0.125411144993	0.116891968954	0.148208923639	0.144295522631	0.139653031156	0.138290339502	0.13526162049	0.140832225179	0.133442796283	0.125435333789	0.132449349776	0.125856453097	0.119166935367	0.135168257589	0.125022099355	0.12276543732	0.130377802489	0.144691168295	0.122914372801	0.149266055552	0.128154814002	0.139691409961	0.138911956131	0.116390515785	0.12599075832	0.120466375798	0.12605370286
160603188-tonguedorsum3.freeze11.snv.mod.fix.bam	0.145149339299	0.128215370898	0.137644182203	0.141106878988	0.134265444581	0.136905267933	0.145028691844	0.150856615932	0.128254552751	0.131796941648	0.125049926895	0.146276555286	0.147662922288	0.150300816342	0.143503822725	0.136863681822	0.140667450142	0.122815458367	0.157707741189	0.137539214681	0.132506842546	0.129715624608	0.146345121258	0.146122715117	0.132695764427	0.0385647069468	0.0	0.151598786408	0.146516069045	0.12979164934	0.131067414244	0.13001346297	0.125314989483	0.12774672826	0.129008047567	0.122326124099	0.150296713207	0.146734066237	0.141744957538	0.140567331556	0.136885315569	0.143713225351	0.136583665008	0.128265154715	0.134472814855	0.129211321455	0.123206413436	0.137888729273	0.126953865679	0.125464811608	0.133035818676	0.147223202667	0.126202833912	0.151186466487	0.130936960418	0.14126904675	0.140611622565	0.120897908306	0.129439134508	0.124035945893	0.129354058452
160643649-tonguedorsum1.freeze11.snv.mod.fix.bam	0.157719947308	0.148177164299	0.144114042	0.152878151459	0.151126543509	0.150545985365	0.149522708167	0.153032258752	0.148227094434	0.11442869539	0.143350472752	0.150607039745	0.153794863871	0.155227242699	0.148795754375	0.159197803949	0.156788497011	0.146336466571	0.165199865289	0.148752068009	0.152299418496	0.146890854877	0.158508547567	0.158579311212	0.147701207485	0.149818367603	0.151598786408	0.0	0.156779455586	0.145852268334	0.141311819617	0.143243890365	0.1438456922	0.14644255404	0.1456956121	0.148689088868	0.158941689706	0.152107053756	0.149962454491	0.145077295384	0.14721143453	0.148573855328	0.145052212215	0.140921285942	0.148919276322	0.143032767321	0.142666847357	0.151162400717	0.145979074602	0.145090801461	0.144712812966	0.150036865728	0.140172225132	0.154040614233	0.146220661467	0.147437891238	0.146709141751	0.126557914342	0.148484923897	0.141052187238	0.141328019455
160765029-tonguedorsum1.freeze11.snv.mod.fix.bam	0.151473690251	0.142583670508	0.1428761055	0.148083218786	0.147126563289	0.149947302502	0.149677632428	0.154501903237	0.144150455053	0.144856094984	0.139746826673	0.153358235925	0.154833984174	0.156965605104	0.140793141903	0.148594235933	0.152243377031	0.14046290097	0.162385184354	0.147719438153	0.149887996471	0.14394140879	0.152365171874	0.157228112826	0.146991046168	0.14404469597	0.146516069045	0.156779455586	0.0	0.141844020031	0.141467453927	0.142152314961	0.139944850015	0.1411127883	0.141772670046	0.138085974429	0.156252387887	0.152852397052	0.147346051542	0.148545733558	0.147661981981	0.151533917001	0.14594725017	0.140739259595	0.147424712216	0.141548316755	0.137145508139	0.139886025192	0.140972584287	0.139906652779	0.141104846903	0.144517530313	0.137546222217	0.154034211847	0.140510707967	0.145482693786	0.145129885183	0.134847758397	0.144111490269	0.137527663966	0.13963023155
234447334-tonguedorsum2.freeze11.snv.mod.fix.bam	0.132113584831	0.115329303052	0.124903994353	0.12959889997	0.120061376477	0.127973077471	0.130756386376	0.138075961677	0.115265857057	0.121925647141	0.111430097258	0.139747076407	0.138031064244	0.143922668362	0.135344789072	0.121619167715	0.130383011107	0.117916138212	0.150502029654	0.120742586946	0.126357490224	0.115846902995	0.147844034605	0.140058253664	0.125768141035	0.126876552985	0.12979164934	0.145852268334	0.141844020031	0.0	0.111920259258	0.112590662865	0.112277098322	0.114129704213	0.118017199795	0.108450566433	0.138083403062	0.138021039124	0.132556057003	0.133907824286	0.122253426114	0.128687411677	0.118190421908	0.113331829381	0.120660963869	0.114662839731	0.102769286375	0.126639290121	0.115228550175	0.115344670386	0.119147264064	0.132590081387	0.10996945295	0.142900758452	0.109659679519	0.132246997235	0.130952446866	0.0983356055128	0.119132915713	0.105670948953	0.114819403137
508703490-tonguedorsum1.freeze11.snv.mod.fix.bam	0.133336863875	0.118301173741	0.125434427768	0.130729216854	0.124560038845	0.128901465576	0.132251859617	0.139661900418	0.119560431846	0.123932377209	0.112552815118	0.138697803107	0.137784257203	0.141531634639	0.134000919621	0.126787369462	0.129189743429	0.120084631596	0.153967100833	0.123910146538	0.128225705286	0.11766002429	0.14986018061	0.141928999342	0.127411785812	0.128413109702	0.131067414244	0.141311819617	0.141467453927	0.111920259258	0.0	0.0610796522395	0.11125110696	0.114539090389	0.118986476443	0.111683545436	0.139180091951	0.140016748492	0.13347883464	0.133938621336	0.127053573393	0.129653766145	0.119381452077	0.113352859383	0.119623445445	0.114063633221	0.103117639752	0.128248748298	0.116377982338	0.116082129364	0.118169406757	0.137123463655	0.108822099779	0.143063539452	0.109870494437	0.130921840809	0.129539797127	0.0998564123949	0.120392519107	0.105651549664	0.115149473953
508703490-tonguedorsum2.freeze11.snv.mod.fix.bam	0.133644096782	0.118231310776	0.12373070403	0.13019837508	0.123664028383	0.126803971544	0.131321041164	0.138080655253	0.118424458253	0.123927548144	0.113544466712	0.137769603463	0.136324265825	0.140013853823	0.133517685732	0.126573422029	0.130349427797	0.118607558717	0.1547389124	0.124455740347	0.127024961713	0.117864557886	0.148475079188	0.140389378901	0.126170734616	0.127001024215	0.13001346297	0.143243890365	0.142152314961	0.112590662865	0.0610796522395	0.0	0.10913393582	0.112810113355	0.116123931724	0.111266175741	0.138304804701	0.137756929215	0.13135470156	0.13070182918	0.126892258473	0.128907622527	0.119035257913	0.112772235372	0.120726710747	0.113248985987	0.104159065934	0.126620036763	0.115056924479	0.114033915857	0.117542447996	0.135381323961	0.108725892973	0.141495096079	0.112269862528	0.131059209131	0.129745649868	0.0988733784955	0.119545922644	0.10521078364	0.112832696332
550534656-tonguedorsum1.freeze11.snv.mod.fix.bam	0.13468933288	0.116616716052	0.123893380165	0.126658505237	0.121126424377	0.126263556976	0.128743447854	0.135553329449	0.112327220379	0.119519909872	0.109548825831	0.136462531544	0.136297850009	0.140115216388	0.13084064055	0.119568536041	0.129450339462	0.113204383448	0.151816904973	0.12368017037	0.123906279434	0.115370460769	0.145385262496	0.135546911295	0.123798602972	0.121801326671	0.125314989483	0.1438456922	0.139944850015	0.112277098322	0.11125110696	0.10913393582	0.0	0.0400146150679	0.0510210777737	0.109095490746	0.1364248808	0.132105617504	0.129521188148	0.127402886948	0.126149820733	0.125864309417	0.117521362779	0.109595451688	0.119199202462	0.109142027237	0.105061968783	0.125276373701	0.112837539364	0.112619298337	0.117160186972	0.135974569017	0.106917723014	0.138163351477	0.11053190172	0.129653268976	0.128686053834	0.0986174844277	0.118717961716	0.104914203254	0.112390031725
550534656-tonguedorsum2.freeze11.snv.mod.fix.bam	0.136395574772	0.118548006769	0.126849480438	0.129637950419	0.122109617371	0.128203871834	0.132398471467	0.139265774569	0.112839342127	0.121550535103	0.11285680069	0.139818831374	0.138409676146	0.142834941873	0.134234005767	0.113032717683	0.130264926573	0.114145831659	0.15083311221	0.125560336792	0.126754375608	0.117959163171	0.147367316108	0.135967023603	0.126501256233	0.124390897469	0.12774672826	0.14644255404	0.1411127883	0.114129704213	0.114539090389	0.112810113355	0.0400146150679	0.0	0.0537024453585	0.11094043887	0.139797143937	0.135735926401	0.133347573453	0.131689879877	0.128795373188	0.130466568703	0.121726840014	0.112264480587	0.121631576824	0.112945512207	0.107843415509	0.12788081245	0.116763194843	0.115024159105	0.120440703705	0.139151143618	0.109689373443	0.141452793404	0.113127788539	0.132941403173	0.132100684259	0.101930148702	0.119358826627	0.108867393299	0.115725190525
550534656-tonguedorsum3.freeze11.snv.mod.fix.bam	0.139249255296	0.120921177008	0.127302766191	0.130248922092	0.124012940252	0.129115865599	0.131667931526	0.137490736554	0.114324167708	0.121650741529	0.116683431789	0.140482015582	0.141048579483	0.144826696816	0.133384665185	0.127625318938	0.133474492203	0.116023256421	0.152057552793	0.128692168635	0.12770857138	0.119905587489	0.144539127521	0.134908568238	0.128006754989	0.125411144993	0.129008047567	0.1456956121	0.141772670046	0.118017199795	0.118986476443	0.116123931724	0.0510210777737	0.0537024453585	0.0	0.115101745249	0.138461405849	0.133794245533	0.13234140937	0.129305028013	0.129650679432	0.131938756951	0.124187011532	0.11633472488	0.124602641834	0.11722750816	0.113354511084	0.13043639095	0.118951471495	0.116786673467	0.122433544727	0.139064700851	0.114006601841	0.139791363777	0.117629826502	0.13227454364	0.131423580397	0.106579598135	0.121710862488	0.113519076874	0.118813317837
604812005-tonguedorsum3.freeze11.snv.mod.fix.bam	0.131200051681	0.0920176693624	0.124991462278	0.128227789684	0.121130844227	0.127926436998	0.132759535345	0.140834773577	0.106709864224	0.115312973716	0.106026889813	0.143771035717	0.140900778773	0.145748625812	0.137735979833	0.111591932123	0.121062412546	0.0964339240896	0.144947365737	0.124791107136	0.112336487706	0.112340925246	0.133283191808	0.130874384126	0.127767546389	0.116891968954	0.122326124099	0.148689088868	0.138085974429	0.108450566433	0.111683545436	0.111266175741	0.109095490746	0.11094043887	0.115101745249	0.0	0.141557639577	0.142784793045	0.133674383661	0.132525750542	0.128066722684	0.135518929875	0.124041255873	0.115348852307	0.11792808493	0.116247711963	0.0956980779543	0.122905924499	0.113285187528	0.109021431578	0.118611630165	0.138106464466	0.108964540516	0.144824599603	0.108343183464	0.135950861647	0.134560305896	0.0928418063135	0.107072756036	0.104651319593	0.113806805891
739574095-tonguedorsum2.freeze11.snv.mod.fix.bam	0.152012365486	0.143108754611	0.140004706747	0.146861700375	0.14342781489	0.146359107757	0.129468038397	0.130198289309	0.141792452997	0.145527241363	0.139888472908	0.120397287285	0.134203847265	0.135692555321	0.146740965253	0.155220916149	0.154866452655	0.142863685082	0.167665792704	0.146447319031	0.148675252586	0.140031555676	0.161470613491	0.153398295506	0.142938842144	0.148208923639	0.150296713207	0.158941689706	0.156252387887	0.138083403062	0.139180091951	0.138304804701	0.1364248808	0.139797143937	0.138461405849	0.141557639577	0.0	0.119832088593	0.14796103352	0.14329281961	0.144203606443	0.144146235654	0.138045155645	0.136178194059	0.143606284952	0.13778324442	0.134742100233	0.14559866668	0.136704586824	0.136415161341	0.135539530974	0.149084965139	0.133359958494	0.151950970082	0.137494388606	0.138147956702	0.137817001296	0.128407029379	0.144158179475	0.133707305239	0.136974581232
763395383-anteriornares3.freeze11.snv.mod.fix.bam	0.150328343624	0.144456275385	0.135124451291	0.146884405258	0.14161412858	0.143724690692	0.124139187465	0.123916917555	0.142135208673	0.144134773629	0.138972772822	0.124801901502	0.135507438078	0.135490233402	0.139679983938	0.154681198482	0.153214656429	0.141645886951	0.16243702937	0.14466431928	0.149031816519	0.14140468197	0.159241947522	0.153050326241	0.139696301357	0.144295522631	0.146734066237	0.152107053756	0.152852397052	0.138021039124	0.140016748492	0.137756929215	0.132105617504	0.135735926401	0.133794245533	0.142784793045	0.119832088593	0.0	0.141384752806	0.138067999234	0.141932819858	0.142821868169	0.138790162878	0.133759774024	0.142944909664	0.133827486672	0.134721512493	0.140807466735	0.135199029601	0.134198196016	0.133052667464	0.140089815661	0.131042957282	0.148112190833	0.136366037297	0.139526607059	0.138821149016	0.12732731761	0.142240089097	0.133059968884	0.133757844543
763395383-tonguedorsum3.freeze11.snv.mod.fix.bam	0.145666493167	0.138570002081	0.137317091593	0.139142799542	0.135611297723	0.137276928957	0.142664859113	0.146828459869	0.135232475893	0.137132031343	0.131357299487	0.14841979027	0.151389781812	0.15277968633	0.139314944394	0.146933639005	0.146013700426	0.132874768276	0.160525416737	0.139192938283	0.142534302427	0.134739423454	0.1500481315	0.149330540938	0.134337309231	0.139653031156	0.141744957538	0.149962454491	0.147346051542	0.132556057003	0.13347883464	0.13135470156	0.129521188148	0.133347573453	0.13234140937	0.133674383661	0.14796103352	0.141384752806	0.0	0.139901657652	0.140578146428	0.13827904666	0.133025075601	0.129292889442	0.137542469162	0.128407947788	0.129284870794	0.140558830305	0.127877517117	0.128209516451	0.13490908016	0.145075592098	0.127257616112	0.145179182598	0.13472866789	0.13988370127	0.13852941886	0.12396976895	0.137468154159	0.126753321383	0.129786891005
