	158216035-tonguedorsum2.freeze11.snv.mod.fix.bam	158479027-supragingivalplaque1.freeze11.snv.mod.fix.bam	158479027-tonguedorsum1.freeze11.snv.mod.fix.bam	158883629-tonguedorsum1.freeze11.snv.mod.fix.bam	158883629-tonguedorsum2.freeze11.snv.mod.fix.bam	158883629-tonguedorsum3.freeze11.snv.mod.fix.bam	159268001-supragingivalplaque1.freeze11.snv.mod.fix.bam	159268001-supragingivalplaque3.freeze11.snv.mod.fix.bam	159268001-tonguedorsum2.freeze11.snv.mod.fix.bam	159268001-tonguedorsum3.freeze11.snv.mod.fix.bam	159470302-tonguedorsum1.freeze11.snv.mod.fix.bam	159490532-tonguedorsum1.freeze11.snv.mod.fix.bam	159551223-supragingivalplaque1.freeze11.snv.mod.fix.bam	159551223-supragingivalplaque2.freeze11.snv.mod.fix.bam	159733294-tonguedorsum1.freeze11.snv.mod.fix.bam	159814214-supragingivalplaque1.freeze11.snv.mod.fix.bam	159814214-tonguedorsum1.freeze11.snv.mod.fix.bam	159814214-tonguedorsum2.freeze11.snv.mod.fix.bam	160158126-supragingivalplaque1.freeze11.snv.mod.fix.bam	160158126-supragingivalplaque2.freeze11.snv.mod.fix.bam	160158126-tonguedorsum2.freeze11.snv.mod.fix.bam	160178356-tonguedorsum2.freeze11.snv.mod.fix.bam	160178356-tonguedorsum3.freeze11.snv.mod.fix.bam	160259276-supragingivalplaque1.freeze11.snv.mod.fix.bam	160319967-tonguedorsum1.freeze11.snv.mod.fix.bam	160380657-tonguedorsum2.freeze11.snv.mod.fix.bam	160380657-tonguedorsum3.freeze11.snv.mod.fix.bam	160421117-tonguedorsum2.freeze11.snv.mod.fix.bam	160421117-tonguedorsum3.freeze11.snv.mod.fix.bam	160542498-supragingivalplaque1.freeze11.snv.mod.fix.bam	160947100-tonguedorsum1.freeze11.snv.mod.fix.bam	178713055-tonguedorsum2.freeze11.snv.mod.fix.bam	234447334-tonguedorsum2.freeze11.snv.mod.fix.bam	295137534-tonguedorsum2.freeze11.snv.mod.fix.bam	370425937-supragingivalplaque1.freeze11.snv.mod.fix.bam	370425937-supragingivalplaque2.freeze11.snv.mod.fix.bam	604812005-tonguedorsum2.freeze11.snv.mod.fix.bam	604812005-tonguedorsum3.freeze11.snv.mod.fix.bam	650853796-supragingivalplaque1.freeze11.snv.mod.fix.bam	675950834-supragingivalplaque3.freeze11.snv.mod.fix.bam	706846339-tonguedorsum1.freeze11.snv.mod.fix.bam	737052003-supragingivalplaque1.freeze11.snv.mod.fix.bam	763395383-anteriornares3.freeze11.snv.mod.fix.bam	763496533-supragingivalplaque2.freeze11.snv.mod.fix.bam	763820215-tonguedorsum2.freeze11.snv.mod.fix.bam	763860675-tonguedorsum2.freeze11.snv.mod.fix.bam	764083206-tonguedorsum1.freeze11.snv.mod.fix.bam	764649650-tonguedorsum1.freeze11.snv.mod.fix.bam	764649650-tonguedorsum2.freeze11.snv.mod.fix.bam	765013792-supragingivalplaque1.freeze11.snv.mod.fix.bam	765094712-supragingivalplaque2.freeze11.snv.mod.fix.bam	765094712-supragingivalplaque3.freeze11.snv.mod.fix.bam	937415040-tonguedorsum1.freeze11.snv.mod.fix.bam
158216035-tonguedorsum2.freeze11.snv.mod.fix.bam	0.0	0.125601300502	0.156958539207	0.139210583619	0.135301550613	0.136460460001	0.124749578497	0.122474730923	0.148537396432	0.143823318798	0.154691548842	0.142338411711	0.125818286265	0.127275077251	0.135730522834	0.119651944924	0.148856925613	0.145233322149	0.121256499994	0.125235193285	0.143827903528	0.154458305673	0.143772314956	0.12295159073	0.14234068068	0.124034573469	0.12660699249	0.14016113103	0.134621617318	0.116918430374	0.151031431698	0.12990620232	0.136818185696	0.133314320515	0.124564397996	0.124472533485	0.130839134534	0.133681025137	0.115530528116	0.1142779689	0.135342265701	0.118137747916	0.144621034023	0.125544688066	0.124381358138	0.132869976784	0.140278385569	0.138458889546	0.148398295701	0.125583403949	0.121208395931	0.12530142256	0.13286518198
158479027-supragingivalplaque1.freeze11.snv.mod.fix.bam	0.125601300502	0.0	0.1485071164	0.142650499335	0.139324225881	0.141566309895	0.0876797681766	0.0872029994397	0.143012579995	0.138146263301	0.1462693937	0.137413860277	0.0929809602998	0.0941095093368	0.132661963246	0.0697959412797	0.142789645207	0.139817243591	0.0384983251174	0.0281663256245	0.138578036493	0.14607868019	0.137685757292	0.088865525407	0.14131456884	0.122173657152	0.123836971943	0.138970364609	0.135967859523	0.0879402294897	0.146011227211	0.130159474937	0.133275468785	0.135284208279	0.0872064561155	0.0885479752602	0.127325553926	0.13756110921	0.0850419943508	0.085201477555	0.139047267542	0.080370150563	0.137991359473	0.0895457072261	0.124495328789	0.131912336006	0.134436779392	0.133135472803	0.141742456859	0.0902764426521	0.0881910787944	0.0917643543117	0.125389962986
158479027-tonguedorsum1.freeze11.snv.mod.fix.bam	0.156958539207	0.1485071164	0.0	0.179123740832	0.175121944924	0.176650195134	0.149070135167	0.146555201323	0.151620029343	0.148910476012	0.160050483891	0.154066783824	0.154577909188	0.155714385886	0.144548650823	0.144734808931	0.107795728143	0.112017420645	0.149562461451	0.152918183395	0.156137171725	0.0351643205827	0.0657577230527	0.146045783001	0.151398820726	0.152674056312	0.157239968622	0.168909000506	0.168822973406	0.142847509871	0.154328275874	0.158168646846	0.149521635594	0.171260554878	0.156999299596	0.155317916973	0.149543481607	0.165671701506	0.145134342869	0.145165934298	0.171843467042	0.14342046971	0.147702841785	0.149854293401	0.152105827392	0.157658294912	0.147149053071	0.14369064364	0.149688294481	0.156065237476	0.148769299358	0.14920558794	0.142945980979
158883629-tonguedorsum1.freeze11.snv.mod.fix.bam	0.139210583619	0.142650499335	0.179123740832	0.0	0.0103506008607	0.00746565732867	0.141784272768	0.140156289979	0.170902197506	0.165976030159	0.174787376191	0.164898935606	0.144112088	0.144918814153	0.156481397164	0.13927582963	0.171114828337	0.169563013092	0.137259553967	0.13976679718	0.166389069688	0.176987068261	0.169330998134	0.140976861739	0.167387714778	0.145359187625	0.14476730321	0.157517753083	0.154128735694	0.137138448886	0.172915157195	0.147902139775	0.156126849881	0.148109769041	0.142464531615	0.142750217642	0.151934844288	0.0972519966308	0.134060290731	0.135711453027	0.149714130616	0.134866560802	0.167350705542	0.146312416908	0.143573643316	0.15617195227	0.159779611173	0.160653296245	0.167602860287	0.143819014154	0.142215887002	0.143770113578	0.155610740821
158883629-tonguedorsum2.freeze11.snv.mod.fix.bam	0.135301550613	0.139324225881	0.175121944924	0.0103506008607	0.0	0.0124528787093	0.139240980958	0.136704966004	0.165236910658	0.160801484227	0.171182097975	0.158913972926	0.141524637199	0.142969451394	0.150327685982	0.135433596897	0.165574224462	0.163841172439	0.133669430013	0.137380940894	0.161315245267	0.17230755531	0.162694701291	0.138109034968	0.160535062333	0.140157470036	0.14125790112	0.153550568572	0.149730161657	0.132545588584	0.167737420073	0.144457327144	0.152939869887	0.147020395737	0.140009956901	0.140175302196	0.146743728012	0.0942871892216	0.130944310967	0.132920753275	0.148123317491	0.131791192755	0.162242589379	0.142687344075	0.139402936799	0.150647979099	0.154570839232	0.155609240179	0.163207037668	0.14173904101	0.138129392012	0.140172570401	0.148253855172
158883629-tonguedorsum3.freeze11.snv.mod.fix.bam	0.136460460001	0.141566309895	0.176650195134	0.00746565732867	0.0124528787093	0.0	0.140702093163	0.138482693024	0.167688349971	0.163015760516	0.173299519834	0.160020248691	0.143132437924	0.144395053074	0.151789992824	0.137151241929	0.168515760015	0.166930602451	0.135820820337	0.138965784512	0.164356901637	0.174120429656	0.165423340698	0.139709423544	0.162722554001	0.142212321489	0.142944380068	0.15650872272	0.152364317751	0.134637294775	0.170225032198	0.144906024744	0.154953032604	0.148034035322	0.142074536591	0.142281082865	0.149143881884	0.0964640102907	0.132726710362	0.134615359524	0.149247440745	0.133739950082	0.164366805915	0.144559818924	0.141899373072	0.153605395113	0.157636829752	0.158526333342	0.16505554613	0.142932996589	0.140046146553	0.142457801081	0.150099670371
159268001-supragingivalplaque1.freeze11.snv.mod.fix.bam	0.124749578497	0.0876797681766	0.149070135167	0.141784272768	0.139240980958	0.140702093163	0.0	0.00764705012494	0.140035006013	0.133718663512	0.147593456017	0.136337215414	0.0962196615347	0.097019371323	0.131957489822	0.0538837996074	0.142080177975	0.139471888966	0.0875834390005	0.088395608953	0.139624712808	0.146708746022	0.138546920142	0.0925483621216	0.137810554567	0.12236419609	0.12397787374	0.136623465545	0.134248064601	0.0889680363428	0.143700362072	0.126763415554	0.131388698693	0.131292999278	0.0924804024335	0.0937902412036	0.125776499322	0.136619610186	0.085584815568	0.0863424393512	0.135491495717	0.0846927099375	0.139360312344	0.0929370096644	0.119474231865	0.132955450871	0.133065594963	0.133373220787	0.137755763191	0.0957840255763	0.0893057405526	0.0902800832457	0.12527883489
159268001-supragingivalplaque3.freeze11.snv.mod.fix.bam	0.122474730923	0.0872029994397	0.146555201323	0.140156289979	0.136704966004	0.138482693024	0.00764705012494	0.0	0.133342293288	0.127140911062	0.144827526481	0.133402551051	0.0951675167956	0.0964401486064	0.127718976632	0.0535050186109	0.139032376594	0.136176527366	0.085875732077	0.0880115767374	0.135413295052	0.143348963092	0.134243551826	0.0922486650759	0.132579273286	0.118879849544	0.121245826176	0.133957337045	0.13084200487	0.0862430257293	0.141385251638	0.124168755865	0.129545909383	0.128885000297	0.0916124503065	0.0927613331225	0.122944116356	0.133557294519	0.0848914518561	0.0853160261816	0.133736891808	0.0838051897293	0.13599699691	0.0922113234033	0.116455210494	0.128408921408	0.129765294058	0.130272976384	0.136110166474	0.0953978721076	0.0878478533629	0.0901513975657	0.122793287428
159268001-tonguedorsum2.freeze11.snv.mod.fix.bam	0.148537396432	0.143012579995	0.151620029343	0.170902197506	0.165236910658	0.167688349971	0.140035006013	0.133342293288	0.0	0.0153561455852	0.153192023761	0.144501879896	0.146113350297	0.147430597357	0.131074291464	0.136874460733	0.143581375906	0.13998724114	0.137807101513	0.141070041669	0.144249802226	0.149073425796	0.140046745281	0.138188164203	0.0523018176235	0.140153092677	0.14680842384	0.156460997346	0.155087132502	0.132523777978	0.147892283127	0.151325406187	0.142794918152	0.161387115487	0.145865984538	0.14634286836	0.141651156361	0.155528616266	0.134610152067	0.135124081783	0.161725885481	0.133751445724	0.143856635876	0.141396984601	0.141305671747	0.145895743402	0.139178062199	0.135406066311	0.1475879689	0.144559103633	0.139079670157	0.141243298129	0.135127101974
159268001-tonguedorsum3.freeze11.snv.mod.fix.bam	0.143823318798	0.138146263301	0.148910476012	0.165976030159	0.160801484227	0.163015760516	0.133718663512	0.127140911062	0.0153561455852	0.0	0.14927381313	0.141195321141	0.141332899991	0.14263721534	0.126855336902	0.131956647736	0.139874060733	0.13655542594	0.133394005617	0.136300897789	0.140508330255	0.145274275614	0.136608620395	0.133259936259	0.0535832799994	0.136532676669	0.142988793715	0.152993834627	0.151898148647	0.127767385852	0.143586251755	0.14764070764	0.13917848252	0.156897305033	0.140924575904	0.141116161154	0.13815737869	0.151498575653	0.129501120256	0.129935021444	0.158676896899	0.128660101356	0.14013894749	0.13675881397	0.136994574243	0.142997049377	0.13505045568	0.130990614901	0.143970741094	0.140107509568	0.133786611219	0.135522437217	0.130674009288
159470302-tonguedorsum1.freeze11.snv.mod.fix.bam	0.154691548842	0.1462693937	0.160050483891	0.174787376191	0.171182097975	0.173299519834	0.147593456017	0.144827526481	0.153192023761	0.14927381313	0.0	0.153661670747	0.152246764903	0.153563220184	0.142406483382	0.144435121915	0.153668293638	0.152006494874	0.144737233269	0.147534182586	0.0860146252485	0.156361997033	0.152602572304	0.145331496896	0.150463720656	0.149164019659	0.154247471877	0.16343812672	0.162376648259	0.137711310185	0.157618746624	0.152707531386	0.150703566478	0.165039549926	0.149328440505	0.150277431281	0.147618535628	0.161169836592	0.141458315232	0.139341886481	0.168609831173	0.139089458591	0.0687520223388	0.144676173536	0.146560541744	0.0885757070745	0.146863998281	0.146176757679	0.148860757102	0.151180397986	0.144601931994	0.144595184812	0.14435806978
159490532-tonguedorsum1.freeze11.snv.mod.fix.bam	0.142338411711	0.137413860277	0.154066783824	0.164898935606	0.158913972926	0.160020248691	0.136337215414	0.133402551051	0.144501879896	0.141195321141	0.153661670747	0.0	0.139413334399	0.140823971893	0.120587339555	0.13127296048	0.142740839706	0.139830444079	0.134308210768	0.137558457587	0.136199193915	0.15083685476	0.136929307865	0.133970006932	0.129005863446	0.134442400565	0.142687857776	0.153724059559	0.151571306543	0.128090432496	0.147763863598	0.136433957125	0.140101423221	0.154640653075	0.140175347864	0.140481832948	0.137107849119	0.145827992436	0.12769557527	0.130250845946	0.157008693248	0.130622140907	0.141232197548	0.136092772586	0.13387879294	0.141978025193	0.139818231415	0.135143399052	0.145367702445	0.13948048784	0.133006845573	0.135453706878	0.102375012173
159551223-supragingivalplaque1.freeze11.snv.mod.fix.bam	0.125818286265	0.0929809602998	0.154577909188	0.144112088	0.141524637199	0.143132437924	0.0962196615347	0.0951675167956	0.146113350297	0.141332899991	0.152246764903	0.139413334399	0.0	0.0047459938696	0.133026468378	0.088940489224	0.145345761246	0.142965003311	0.0903867863571	0.0936757085084	0.141683537045	0.150694185591	0.142978480994	0.0948213637667	0.142888275429	0.124968261954	0.125636667764	0.140544750113	0.138513399736	0.0929319291743	0.146596718293	0.132394355743	0.13425013652	0.137092306467	0.0983319081959	0.0987987870017	0.130024704934	0.139413754669	0.0880571829936	0.0881707036322	0.140329209162	0.0888306897112	0.141251988163	0.0974525317077	0.125343628807	0.13568268477	0.138381224202	0.137037590122	0.143941723972	0.0275545094758	0.0736015512958	0.0980846377197	0.130258277727
159551223-supragingivalplaque2.freeze11.snv.mod.fix.bam	0.127275077251	0.0941095093368	0.155714385886	0.144918814153	0.142969451394	0.144395053074	0.097019371323	0.0964401486064	0.147430597357	0.14263721534	0.153563220184	0.140823971893	0.0047459938696	0.0	0.134457494436	0.0909550942766	0.146800173536	0.144432083464	0.0923595983399	0.0944875821844	0.143076261404	0.152117772849	0.144657115044	0.0959821781075	0.144140873763	0.12699371577	0.127551456714	0.142104391182	0.140182685971	0.0949536224757	0.147876527372	0.1341186309	0.135530271968	0.137850696863	0.0995125396021	0.0998551773579	0.132264164159	0.140606987261	0.0892028085177	0.0897924148699	0.141711427995	0.0898569808807	0.143148447522	0.0989718959521	0.12666268897	0.137742577816	0.140069489398	0.138381396908	0.145516555177	0.0250498892827	0.0748126332691	0.0990816388284	0.131541212832
159733294-tonguedorsum1.freeze11.snv.mod.fix.bam	0.135730522834	0.132661963246	0.144548650823	0.156481397164	0.150327685982	0.151789992824	0.131957489822	0.127718976632	0.131074291464	0.126855336902	0.142406483382	0.120587339555	0.133026468378	0.134457494436	0.0	0.126774009835	0.137753621823	0.133960778061	0.128002829345	0.132697990359	0.131591785861	0.141772085345	0.124598148053	0.12643093171	0.123425295185	0.12749277479	0.136906823256	0.145687883976	0.144382053264	0.121218689301	0.136109389084	0.13202934161	0.13500491757	0.150180355877	0.131304866347	0.132010548421	0.12999247447	0.141174160202	0.124362884307	0.123794035981	0.151796651593	0.123128539973	0.131817121209	0.128465721312	0.129499197516	0.131094454077	0.131895242017	0.125835369999	0.138332777118	0.133345188379	0.125965076313	0.127383208477	0.103039787755
159814214-supragingivalplaque1.freeze11.snv.mod.fix.bam	0.119651944924	0.0697959412797	0.144734808931	0.13927582963	0.135433596897	0.137151241929	0.0538837996074	0.0535050186109	0.136874460733	0.131956647736	0.144435121915	0.13127296048	0.088940489224	0.0909550942766	0.126774009835	0.0	0.136076247723	0.132946872225	0.0635889001754	0.0656267472029	0.132342951651	0.140878987823	0.131508688841	0.0877237305947	0.1326035158	0.114807531215	0.117776991928	0.131439842762	0.12775176451	0.0818604080722	0.139533604956	0.124112904644	0.125424681636	0.129288243385	0.0853835134593	0.0862287666791	0.120407845815	0.129598265931	0.0823393988823	0.0791275851479	0.132457270946	0.08040140613	0.132816010615	0.0884342891543	0.114131085159	0.125904410333	0.129054033075	0.127594203922	0.135449700661	0.0898598825332	0.0806705420973	0.0861218474485	0.121631993094
159814214-tonguedorsum1.freeze11.snv.mod.fix.bam	0.148856925613	0.142789645207	0.107795728143	0.171114828337	0.165574224462	0.168515760015	0.142080177975	0.139032376594	0.143581375906	0.139874060733	0.153668293638	0.142740839706	0.145345761246	0.146800173536	0.137753621823	0.136076247723	0.0	0.0173129667999	0.138584191874	0.143849491542	0.146823854269	0.106242634955	0.109853063413	0.138482688664	0.140249946675	0.138848236518	0.145740332188	0.157184777147	0.155566760023	0.131054979376	0.147668234125	0.148056942046	0.142026261847	0.159207207456	0.144262714792	0.144089839968	0.139874337711	0.154552860391	0.134233124041	0.134464881638	0.162859633217	0.13333229099	0.117073260256	0.139611468569	0.141474211198	0.145691794864	0.137417902065	0.135662418912	0.145938301657	0.145610076366	0.137223725275	0.138799351812	0.129451791283
159814214-tonguedorsum2.freeze11.snv.mod.fix.bam	0.145233322149	0.139817243591	0.112017420645	0.169563013092	0.163841172439	0.166930602451	0.139471888966	0.136176527366	0.13998724114	0.13655542594	0.152006494874	0.139830444079	0.142965003311	0.144432083464	0.133960778061	0.132946872225	0.0173129667999	0.0	0.135474310312	0.140937996475	0.143167460023	0.108928925775	0.108599182118	0.135351898088	0.135828501777	0.133549284998	0.140975689917	0.154445981118	0.152264789684	0.127104184636	0.14583137457	0.145522451162	0.139695885802	0.157620656813	0.141971228626	0.141619598583	0.137103901222	0.151763926351	0.131430873983	0.132159584346	0.160761449102	0.131350688295	0.112054378955	0.137154061652	0.138421713379	0.142118536238	0.135394034873	0.133189051348	0.144823119736	0.142895971959	0.134234026544	0.136673127395	0.124434455292
160158126-supragingivalplaque1.freeze11.snv.mod.fix.bam	0.121256499994	0.0384983251174	0.149562461451	0.137259553967	0.133669430013	0.135820820337	0.0875834390005	0.085875732077	0.137807101513	0.133394005617	0.144737233269	0.134308210768	0.0903867863571	0.0923595983399	0.128002829345	0.0635889001754	0.138584191874	0.135474310312	0.0	0.0175784808337	0.134286973426	0.145873587033	0.135505784235	0.0879110946632	0.134845106463	0.117616870015	0.11997322103	0.134570637033	0.13136040439	0.0843760812459	0.142613548259	0.126694821758	0.128808951896	0.130799697692	0.0858319495915	0.0871644146128	0.121580163902	0.13154459756	0.0819683698991	0.0813821999681	0.134078645932	0.0784962493743	0.134307856862	0.087897320848	0.118081830846	0.127470200437	0.130557300675	0.130079227546	0.137111322535	0.0890336142547	0.0843483204157	0.0894903602815	0.12289771715
160158126-supragingivalplaque2.freeze11.snv.mod.fix.bam	0.125235193285	0.0281663256245	0.152918183395	0.13976679718	0.137380940894	0.138965784512	0.088395608953	0.0880115767374	0.141070041669	0.136300897789	0.147534182586	0.137558457587	0.0936757085084	0.0944875821844	0.132697990359	0.0656267472029	0.143849491542	0.140937996475	0.0175784808337	0.0	0.137974187796	0.14953935996	0.14061437769	0.0883928137478	0.139483891101	0.123115703339	0.124375149577	0.139011987722	0.136666344958	0.0879883929396	0.145549202472	0.1306993508	0.133637531319	0.133760409624	0.0881118819936	0.0893737758376	0.126485471391	0.135960732482	0.0840579932036	0.0839381189397	0.137390738249	0.0802300261459	0.138525435336	0.0898613903414	0.122925918007	0.132315570482	0.135174029326	0.133620745527	0.140850946378	0.0912878981122	0.0898417409453	0.0924300104519	0.126773389445
160158126-tonguedorsum2.freeze11.snv.mod.fix.bam	0.143827903528	0.138578036493	0.156137171725	0.166389069688	0.161315245267	0.164356901637	0.139624712808	0.135413295052	0.144249802226	0.140508330255	0.0860146252485	0.136199193915	0.141683537045	0.143076261404	0.131591785861	0.132342951651	0.146823854269	0.143167460023	0.134286973426	0.137974187796	0.0	0.151596170846	0.140572480799	0.134712298177	0.132424965845	0.137559986754	0.144028706741	0.151936865909	0.149614375741	0.124899061286	0.147883850893	0.143399993183	0.142537448585	0.155529741618	0.13894206797	0.139790672972	0.138539482366	0.151199283924	0.130911663226	0.129918641062	0.159569324437	0.130473512988	0.103031156445	0.137102006469	0.120206914746	0.108671332588	0.139118672595	0.136123347212	0.145831195713	0.140464196189	0.133937714241	0.137563847609	0.131352848333
160178356-tonguedorsum2.freeze11.snv.mod.fix.bam	0.154458305673	0.14607868019	0.0351643205827	0.176987068261	0.17230755531	0.174120429656	0.146708746022	0.143348963092	0.149073425796	0.145274275614	0.156361997033	0.15083685476	0.150694185591	0.152117772849	0.141772085345	0.140878987823	0.106242634955	0.108928925775	0.145873587033	0.14953935996	0.151596170846	0.0	0.040249428322	0.142175588099	0.14808986077	0.146714094793	0.151998764185	0.164452088258	0.164085092631	0.13823944781	0.152781653628	0.155650481665	0.148018261134	0.167268961773	0.15096245866	0.149856385463	0.145862231687	0.160991511312	0.141234165104	0.138239219433	0.168319975388	0.138492929138	0.144588946321	0.146342353606	0.147158989053	0.153006685867	0.143731301846	0.141971233353	0.148083794229	0.152153003822	0.145285220919	0.145845467391	0.140602266392
160178356-tonguedorsum3.freeze11.snv.mod.fix.bam	0.143772314956	0.137685757292	0.0657577230527	0.169330998134	0.162694701291	0.165423340698	0.138546920142	0.134243551826	0.140046745281	0.136608620395	0.152602572304	0.136929307865	0.142978480994	0.144657115044	0.124598148053	0.131508688841	0.109853063413	0.108599182118	0.135505784235	0.14061437769	0.140572480799	0.040249428322	0.0	0.135309541671	0.134105453366	0.133322087127	0.142491950146	0.155094945518	0.152904576589	0.127327229416	0.12244990388	0.145178152597	0.139930883569	0.158071853226	0.14197166238	0.140953877295	0.135777474889	0.149808321373	0.131594770658	0.13096384098	0.160648832789	0.131731849	0.137320454005	0.136725835393	0.136483787968	0.139357321177	0.13681673438	0.132127884054	0.142906414119	0.144037195283	0.134352369692	0.136555578885	0.122365847744
160259276-supragingivalplaque1.freeze11.snv.mod.fix.bam	0.12295159073	0.088865525407	0.146045783001	0.140976861739	0.138109034968	0.139709423544	0.0925483621216	0.0922486650759	0.138188164203	0.133259936259	0.145331496896	0.133970006932	0.0948213637667	0.0959821781075	0.12643093171	0.0877237305947	0.138482688664	0.135351898088	0.0879110946632	0.0883928137478	0.134712298177	0.142175588099	0.135309541671	0.0	0.135411215743	0.118993580968	0.121384755093	0.134760914668	0.132554527525	0.0861770311151	0.140952957176	0.127766518069	0.129315074024	0.131886128807	0.0900459193282	0.0913338152831	0.123133910159	0.134562012021	0.0826722685095	0.0806300742748	0.133708143362	0.0797385664521	0.135880274107	0.0774353569046	0.119644264607	0.129899563711	0.129561258848	0.131008420667	0.136983768609	0.0912712515277	0.0792868985196	0.0768511182496	0.122764887009
160319967-tonguedorsum1.freeze11.snv.mod.fix.bam	0.14234068068	0.14131456884	0.151398820726	0.167387714778	0.160535062333	0.162722554001	0.137810554567	0.132579273286	0.0523018176235	0.0535832799994	0.150463720656	0.129005863446	0.142888275429	0.144140873763	0.123425295185	0.1326035158	0.140249946675	0.135828501777	0.134845106463	0.139483891101	0.132424965845	0.14808986077	0.134105453366	0.135411215743	0.0	0.133580008274	0.14372217993	0.154561449783	0.150677876707	0.127963976903	0.144353922779	0.140365124251	0.139673703923	0.158848985725	0.141394620355	0.141286291951	0.138106141485	0.148714825853	0.130998382895	0.132548516856	0.159963706207	0.131219590436	0.139282555134	0.137101226056	0.131243249867	0.140046484329	0.134564236479	0.130673090508	0.144682649414	0.141453796777	0.133522921758	0.13669505976	0.120609652674
160380657-tonguedorsum2.freeze11.snv.mod.fix.bam	0.124034573469	0.122173657152	0.152674056312	0.145359187625	0.140157470036	0.142212321489	0.12236419609	0.118879849544	0.140153092677	0.136532676669	0.149164019659	0.134442400565	0.124968261954	0.12699371577	0.12749277479	0.114807531215	0.138848236518	0.133549284998	0.117616870015	0.123115703339	0.137559986754	0.146714094793	0.133322087127	0.118993580968	0.133580008274	0.0	0.0369086000151	0.138848321728	0.131451686619	0.110813942516	0.144432496921	0.128617426913	0.109946172211	0.138635756803	0.122988700532	0.123241070157	0.101270396253	0.135199161908	0.113933008488	0.114466881468	0.130137918598	0.115220644124	0.135929871664	0.122579441141	0.122172521866	0.12250025567	0.132234780635	0.129790841826	0.137475769391	0.125454617897	0.118214611956	0.122347446041	0.119241893385
160380657-tonguedorsum3.freeze11.snv.mod.fix.bam	0.12660699249	0.123836971943	0.157239968622	0.14476730321	0.14125790112	0.142944380068	0.12397787374	0.121245826176	0.14680842384	0.142988793715	0.154247471877	0.142687857776	0.125636667764	0.127551456714	0.136906823256	0.117776991928	0.145740332188	0.140975689917	0.11997322103	0.124375149577	0.144028706741	0.151998764185	0.142491950146	0.121384755093	0.14372217993	0.0369086000151	0.0	0.140404973731	0.134402718066	0.114703268732	0.149758621049	0.132775062236	0.10955161801	0.137528705466	0.12430338948	0.124453639858	0.102354944838	0.140217551621	0.114531128808	0.115955292215	0.125554768587	0.11636736912	0.142500971522	0.124424153689	0.125545816926	0.128438999283	0.137989489052	0.137870670473	0.145610675031	0.125979044099	0.121868291835	0.125205128517	0.128791245472
160421117-tonguedorsum2.freeze11.snv.mod.fix.bam	0.14016113103	0.138970364609	0.168909000506	0.157517753083	0.153550568572	0.15650872272	0.136623465545	0.133957337045	0.156460997346	0.152993834627	0.16343812672	0.153724059559	0.140544750113	0.142104391182	0.145687883976	0.131439842762	0.157184777147	0.154445981118	0.134570637033	0.139011987722	0.151936865909	0.164452088258	0.155094945518	0.134760914668	0.154561449783	0.138848321728	0.140404973731	0.0	0.0261604102987	0.129190826818	0.160650032757	0.100376254843	0.149918369617	0.149315512931	0.136556387466	0.137307371734	0.142670917831	0.150216602825	0.127511304386	0.125762853649	0.148466395395	0.12798807439	0.154050700935	0.136823010036	0.128771152808	0.143605224435	0.15012388735	0.148952854676	0.158534473377	0.139739704577	0.134928354358	0.135873014374	0.144900778197
160421117-tonguedorsum3.freeze11.snv.mod.fix.bam	0.134621617318	0.135967859523	0.168822973406	0.154128735694	0.149730161657	0.152364317751	0.134248064601	0.13084200487	0.155087132502	0.151898148647	0.162376648259	0.151571306543	0.138513399736	0.140182685971	0.144382053264	0.12775176451	0.155566760023	0.152264789684	0.13136040439	0.136666344958	0.149614375741	0.164085092631	0.152904576589	0.132554527525	0.150677876707	0.131451686619	0.134402718066	0.0261604102987	0.0	0.126152664322	0.159347559017	0.101605515057	0.144993393447	0.146100040111	0.134171345722	0.134758351035	0.132403091053	0.145312810325	0.125582791572	0.124144295579	0.129623162963	0.125979181069	0.151340574571	0.134536300335	0.124950157983	0.127151740554	0.147728256904	0.146684628996	0.156897746325	0.138264628773	0.131350999742	0.133981726891	0.14203700024
160542498-supragingivalplaque1.freeze11.snv.mod.fix.bam	0.116918430374	0.0879402294897	0.142847509871	0.137138448886	0.132545588584	0.134637294775	0.0889680363428	0.0862430257293	0.132523777978	0.127767385852	0.137711310185	0.128090432496	0.0929319291743	0.0949536224757	0.121218689301	0.0818604080722	0.131054979376	0.127104184636	0.0843760812459	0.0879883929396	0.124899061286	0.13823944781	0.127327229416	0.0861770311151	0.127963976903	0.110813942516	0.114703268732	0.129190826818	0.126152664322	0.0	0.133304874213	0.120692285184	0.123423638968	0.128913801127	0.0873511312898	0.088966499896	0.117987338813	0.129076096476	0.0811013974004	0.0805179712729	0.12943317633	0.0793421334708	0.125395558993	0.0875749777382	0.111892369788	0.120481459478	0.125335707935	0.122999691233	0.131722119335	0.0928021000382	0.0844901275669	0.088139481176	0.112452655293
160947100-tonguedorsum1.freeze11.snv.mod.fix.bam	0.151031431698	0.146011227211	0.154328275874	0.172915157195	0.167737420073	0.170225032198	0.143700362072	0.141385251638	0.147892283127	0.143586251755	0.157618746624	0.147763863598	0.146596718293	0.147876527372	0.136109389084	0.139533604956	0.147668234125	0.14583137457	0.142613548259	0.145549202472	0.147883850893	0.152781653628	0.12244990388	0.140952957176	0.144353922779	0.144432496921	0.149758621049	0.160650032757	0.159347559017	0.133304874213	0.0	0.152801639019	0.148276451998	0.160657176952	0.145615389828	0.145966951648	0.145347113785	0.15785391699	0.137784601215	0.134995981848	0.163085389028	0.136233081483	0.147773262167	0.140492351401	0.142663122982	0.148940114467	0.145991674342	0.142638018369	0.14965819308	0.145506902761	0.139833608731	0.141643251465	0.138784925932
178713055-tonguedorsum2.freeze11.snv.mod.fix.bam	0.12990620232	0.130159474937	0.158168646846	0.147902139775	0.144457327144	0.144906024744	0.126763415554	0.124168755865	0.151325406187	0.14764070764	0.152707531386	0.136433957125	0.132394355743	0.1341186309	0.13202934161	0.124112904644	0.148056942046	0.145522451162	0.126694821758	0.1306993508	0.143399993183	0.155650481665	0.145178152597	0.127766518069	0.140365124251	0.128617426913	0.132775062236	0.100376254843	0.101605515057	0.120692285184	0.152801639019	0.0	0.141189926568	0.142771964004	0.13014154207	0.130311791499	0.133734616686	0.140744899451	0.122517780141	0.119805899863	0.144026733373	0.121064239506	0.143661646073	0.129719943574	0.123909230463	0.13731102357	0.144419061388	0.14022154362	0.152221010753	0.132153324121	0.12660433628	0.130018754291	0.127276447308
234447334-tonguedorsum2.freeze11.snv.mod.fix.bam	0.136818185696	0.133275468785	0.149521635594	0.156126849881	0.152939869887	0.154953032604	0.131388698693	0.129545909383	0.142794918152	0.13917848252	0.150703566478	0.140101423221	0.13425013652	0.135530271968	0.13500491757	0.125424681636	0.142026261847	0.139695885802	0.128808951896	0.133637531319	0.142537448585	0.148018261134	0.139930883569	0.129315074024	0.139673703923	0.109946172211	0.10955161801	0.149918369617	0.144993393447	0.123423638968	0.148276451998	0.141189926568	0.0	0.146849521354	0.132661885635	0.133078221178	0.120691988186	0.14675635429	0.123637213926	0.123153968176	0.141172365276	0.121953042054	0.140071005274	0.133025451167	0.132602470634	0.134309688127	0.136485284897	0.105646541209	0.14126504795	0.13284677735	0.12628586934	0.130936916341	0.131701915002
295137534-tonguedorsum2.freeze11.snv.mod.fix.bam	0.133314320515	0.135284208279	0.171260554878	0.148109769041	0.147020395737	0.148034035322	0.131292999278	0.128885000297	0.161387115487	0.156897305033	0.165039549926	0.154640653075	0.137092306467	0.137850696863	0.150180355877	0.129288243385	0.159207207456	0.157620656813	0.130799697692	0.133760409624	0.155529741618	0.167268961773	0.158071853226	0.131886128807	0.158848985725	0.138635756803	0.137528705466	0.149315512931	0.146100040111	0.128913801127	0.160657176952	0.142771964004	0.146849521354	0.0	0.134185506704	0.134389330955	0.144668418102	0.147018226563	0.125027871341	0.125609015871	0.140181054444	0.12333840769	0.15741715307	0.135344360115	0.132819572814	0.146503855291	0.153573148587	0.151674899372	0.16211551166	0.135092430584	0.131977232534	0.134129823746	0.146777178093
370425937-supragingivalplaque1.freeze11.snv.mod.fix.bam	0.124564397996	0.0872064561155	0.156999299596	0.142464531615	0.140009956901	0.142074536591	0.0924804024335	0.0916124503065	0.145865984538	0.140924575904	0.149328440505	0.140175347864	0.0983319081959	0.0995125396021	0.131304866347	0.0853835134593	0.144262714792	0.141971228626	0.0858319495915	0.0881118819936	0.13894206797	0.15096245866	0.14197166238	0.0900459193282	0.141394620355	0.122988700532	0.12430338948	0.136556387466	0.134171345722	0.0873511312898	0.145615389828	0.13014154207	0.132661885635	0.134185506704	0.0	0.00284953249682	0.127079834333	0.13757684694	0.08412093725	0.0848690883387	0.135825616612	0.0839572019231	0.139213874624	0.0909231928555	0.123870427011	0.131988194901	0.135075163303	0.136409234592	0.142271612154	0.0962464608646	0.0893656957042	0.0907356824987	0.126174829858
370425937-supragingivalplaque2.freeze11.snv.mod.fix.bam	0.124472533485	0.0885479752602	0.155317916973	0.142750217642	0.140175302196	0.142281082865	0.0937902412036	0.0927613331225	0.14634286836	0.141116161154	0.150277431281	0.140481832948	0.0987987870017	0.0998551773579	0.132010548421	0.0862287666791	0.144089839968	0.141619598583	0.0871644146128	0.0893737758376	0.139790672972	0.149856385463	0.140953877295	0.0913338152831	0.141286291951	0.123241070157	0.124453639858	0.137307371734	0.134758351035	0.088966499896	0.145966951648	0.130311791499	0.133078221178	0.134389330955	0.00284953249682	0.0	0.128739808394	0.137676234113	0.0855637776373	0.0862820703108	0.137802512556	0.0855125481106	0.140460021815	0.0927850683492	0.12442020983	0.133904619235	0.135108260891	0.136024761403	0.141828504633	0.0968746405991	0.0910553330951	0.0923188477573	0.126998038769
604812005-tonguedorsum2.freeze11.snv.mod.fix.bam	0.130839134534	0.127325553926	0.149543481607	0.151934844288	0.146743728012	0.149143881884	0.125776499322	0.122944116356	0.141651156361	0.13815737869	0.147618535628	0.137107849119	0.130024704934	0.132264164159	0.12999247447	0.120407845815	0.139874337711	0.137103901222	0.121580163902	0.126485471391	0.138539482366	0.145862231687	0.135777474889	0.123133910159	0.138106141485	0.101270396253	0.102354944838	0.142670917831	0.132403091053	0.117987338813	0.145347113785	0.133734616686	0.120691988186	0.144668418102	0.127079834333	0.128739808394	0.0	0.113250265473	0.120261176162	0.117618811983	0.123970200414	0.118264749593	0.136904846187	0.126540120449	0.126747921307	0.116993350831	0.13333543448	0.132838304196	0.138620280654	0.130086614583	0.123505133878	0.127405452633	0.126291446926
604812005-tonguedorsum3.freeze11.snv.mod.fix.bam	0.133681025137	0.13756110921	0.165671701506	0.0972519966308	0.0942871892216	0.0964640102907	0.136619610186	0.133557294519	0.155528616266	0.151498575653	0.161169836592	0.145827992436	0.139413754669	0.140606987261	0.141174160202	0.129598265931	0.154552860391	0.151763926351	0.13154459756	0.135960732482	0.151199283924	0.160991511312	0.149808321373	0.134562012021	0.148714825853	0.135199161908	0.140217551621	0.150216602825	0.145312810325	0.129076096476	0.15785391699	0.140744899451	0.14675635429	0.147018226563	0.13757684694	0.137676234113	0.113250265473	0.0	0.128178950875	0.128917122528	0.152199446285	0.127696970526	0.153692543203	0.137935453809	0.13535690519	0.14365987617	0.146712285277	0.147611257974	0.156572911856	0.139641128462	0.133350327341	0.136807156406	0.13803884935
650853796-supragingivalplaque1.freeze11.snv.mod.fix.bam	0.115530528116	0.0850419943508	0.145134342869	0.134060290731	0.130944310967	0.132726710362	0.085584815568	0.0848914518561	0.134610152067	0.129501120256	0.141458315232	0.12769557527	0.0880571829936	0.0892028085177	0.124362884307	0.0823393988823	0.134233124041	0.131430873983	0.0819683698991	0.0840579932036	0.130911663226	0.141234165104	0.131594770658	0.0826722685095	0.130998382895	0.113933008488	0.114531128808	0.127511304386	0.125582791572	0.0811013974004	0.137784601215	0.122517780141	0.123637213926	0.125027871341	0.08412093725	0.0855637776373	0.120261176162	0.128178950875	0.0	0.0769417948946	0.127363512909	0.074926075723	0.13025794782	0.0833806007126	0.113987988543	0.124468802209	0.126423035903	0.127126816716	0.13293097634	0.0866811684264	0.0830201435327	0.0856375532926	0.11822981995
675950834-supragingivalplaque3.freeze11.snv.mod.fix.bam	0.1142779689	0.085201477555	0.145165934298	0.135711453027	0.132920753275	0.134615359524	0.0863424393512	0.0853160261816	0.135124081783	0.129935021444	0.139341886481	0.130250845946	0.0881707036322	0.0897924148699	0.123794035981	0.0791275851479	0.134464881638	0.132159584346	0.0813821999681	0.0839381189397	0.129918641062	0.138239219433	0.13096384098	0.0806300742748	0.132548516856	0.114466881468	0.115955292215	0.125762853649	0.124144295579	0.0805179712729	0.134995981848	0.119805899863	0.123153968176	0.125609015871	0.0848690883387	0.0862820703108	0.117618811983	0.128917122528	0.0769417948946	0.0	0.129121967862	0.0728994083281	0.129634609075	0.086711260664	0.11163342652	0.123976785665	0.123796532355	0.124723722274	0.132382950348	0.0870191931031	0.0830459882101	0.0853232646074	0.115860223629
706846339-tonguedorsum1.freeze11.snv.mod.fix.bam	0.135342265701	0.139047267542	0.171843467042	0.149714130616	0.148123317491	0.149247440745	0.135491495717	0.133736891808	0.161725885481	0.158676896899	0.168609831173	0.157008693248	0.140329209162	0.141711427995	0.151796651593	0.132457270946	0.162859633217	0.160761449102	0.134078645932	0.137390738249	0.159569324437	0.168319975388	0.160648832789	0.133708143362	0.159963706207	0.130137918598	0.125554768587	0.148466395395	0.129623162963	0.12943317633	0.163085389028	0.144026733373	0.141172365276	0.140181054444	0.135825616612	0.137802512556	0.123970200414	0.152199446285	0.127363512909	0.129121967862	0.0	0.128443264111	0.158665918619	0.139039977213	0.137009186915	0.0950716585763	0.153461165478	0.153824854218	0.161688971888	0.139461737974	0.135126698225	0.137800485616	0.148225870922
737052003-supragingivalplaque1.freeze11.snv.mod.fix.bam	0.118137747916	0.080370150563	0.14342046971	0.134866560802	0.131791192755	0.133739950082	0.0846927099375	0.0838051897293	0.133751445724	0.128660101356	0.139089458591	0.130622140907	0.0888306897112	0.0898569808807	0.123128539973	0.08040140613	0.13333229099	0.131350688295	0.0784962493743	0.0802300261459	0.130473512988	0.138492929138	0.131731849	0.0797385664521	0.131219590436	0.115220644124	0.11636736912	0.12798807439	0.125979181069	0.0793421334708	0.136233081483	0.121064239506	0.121953042054	0.12333840769	0.0839572019231	0.0855125481106	0.118264749593	0.127696970526	0.074926075723	0.0728994083281	0.128443264111	0.0	0.129517307946	0.0848383449923	0.113964248383	0.124424685345	0.124205384758	0.126426682832	0.131355982176	0.0865974558498	0.0811809881608	0.0823083905216	0.11831707598
763395383-anteriornares3.freeze11.snv.mod.fix.bam	0.144621034023	0.137991359473	0.147702841785	0.167350705542	0.162242589379	0.164366805915	0.139360312344	0.13599699691	0.143856635876	0.14013894749	0.0687520223388	0.141232197548	0.141251988163	0.143148447522	0.131817121209	0.132816010615	0.117073260256	0.112054378955	0.134307856862	0.138525435336	0.103031156445	0.144588946321	0.137320454005	0.135880274107	0.139282555134	0.135929871664	0.142500971522	0.154050700935	0.151340574571	0.125395558993	0.147773262167	0.143661646073	0.140071005274	0.15741715307	0.139213874624	0.140460021815	0.136904846187	0.153692543203	0.13025794782	0.129634609075	0.158665918619	0.129517307946	0.0	0.135437711564	0.137214371093	0.0932537860133	0.13471175132	0.134375535453	0.142697352622	0.141149671762	0.133216766752	0.135329334583	0.130091639523
763496533-supragingivalplaque2.freeze11.snv.mod.fix.bam	0.125544688066	0.0895457072261	0.149854293401	0.146312416908	0.142687344075	0.144559818924	0.0929370096644	0.0922113234033	0.141396984601	0.13675881397	0.144676173536	0.136092772586	0.0974525317077	0.0989718959521	0.128465721312	0.0884342891543	0.139611468569	0.137154061652	0.087897320848	0.0898613903414	0.137102006469	0.146342353606	0.136725835393	0.0774353569046	0.137101226056	0.122579441141	0.124424153689	0.136823010036	0.134536300335	0.0875749777382	0.140492351401	0.129719943574	0.133025451167	0.135344360115	0.0909231928555	0.0927850683492	0.126540120449	0.137935453809	0.0833806007126	0.086711260664	0.139039977213	0.0848383449923	0.135437711564	0.0	0.121578158228	0.130575285832	0.132233858543	0.133930153532	0.14019192142	0.0965370626717	0.0675366275008	0.0598479963806	0.124390407246
