	158499257-supragingivalplaque2.freeze11.snv.mod.fix.bam	158802708-supragingivalplaque2.freeze11.snv.mod.fix.bam	158802708-supragingivalplaque3.freeze11.snv.mod.fix.bam	158944319-supragingivalplaque3.freeze11.snv.mod.fix.bam	159207311-supragingivalplaque1.freeze11.snv.mod.fix.bam	159207311-supragingivalplaque2.freeze11.snv.mod.fix.bam	159207311-supragingivalplaque3.freeze11.snv.mod.fix.bam	159490532-supragingivalplaque1.freeze11.snv.mod.fix.bam	159490532-supragingivalplaque2.freeze11.snv.mod.fix.bam	159571453-supragingivalplaque2.freeze11.snv.mod.fix.bam	159814214-supragingivalplaque1.freeze11.snv.mod.fix.bam	159814214-supragingivalplaque2.freeze11.snv.mod.fix.bam	160178356-supragingivalplaque2.freeze11.snv.mod.fix.bam	160319967-supragingivalplaque2.freeze11.snv.mod.fix.bam	160319967-supragingivalplaque3.freeze11.snv.mod.fix.bam	160603188-supragingivalplaque2.freeze11.snv.mod.fix.bam	160603188-supragingivalplaque3.freeze11.snv.mod.fix.bam	370425937-supragingivalplaque2.freeze11.snv.mod.fix.bam	638754422-supragingivalplaque2.freeze11.snv.mod.fix.bam	675950834-supragingivalplaque1.freeze11.snv.mod.fix.bam	763496533-supragingivalplaque1.freeze11.snv.mod.fix.bam	763496533-supragingivalplaque2.freeze11.snv.mod.fix.bam	764062976-supragingivalplaque3.freeze11.snv.mod.fix.bam	764083206-supragingivalplaque1.freeze11.snv.mod.fix.bam	764083206-supragingivalplaque2.freeze11.snv.mod.fix.bam	764305738-supragingivalplaque1.freeze11.snv.mod.fix.bam	765013792-supragingivalplaque3.freeze11.snv.mod.fix.bam	765094712-supragingivalplaque1.freeze11.snv.mod.fix.bam
158499257-supragingivalplaque2.freeze11.snv.mod.fix.bam	0.0	0.0943148267533	0.0972036438822	0.235878935548	0.243612812748	0.240903185907	0.243227719645	0.228055146654	0.219542645514	0.214591895933	0.227416189227	0.215219215111	0.235284538581	0.23300758493	0.236478736118	0.270553478862	0.277153375349	0.267619225179	0.275137777163	0.26905676284	0.224375359916	0.224822022692	0.236752235458	0.291999014457	0.28789743043	0.243088900998	0.266218445016	0.27817515676
158802708-supragingivalplaque2.freeze11.snv.mod.fix.bam	0.0943148267533	0.0	0.00757398792471	0.248713810758	0.251631311762	0.25311488077	0.252672512041	0.243624418868	0.23710884998	0.219277665921	0.238530655569	0.227235817301	0.24148125193	0.243601693977	0.256115144921	0.283898771309	0.289493761055	0.285367195553	0.291322581817	0.284626699292	0.237311126237	0.234634570713	0.239623383724	0.304482052326	0.300184966635	0.244911900092	0.286247532933	0.294009665341
158802708-supragingivalplaque3.freeze11.snv.mod.fix.bam	0.0972036438822	0.00757398792471	0.0	0.255076872388	0.257764337336	0.260212136796	0.258701865031	0.250148568357	0.244483750055	0.227358226977	0.246697646061	0.235482887514	0.247715811742	0.250190010914	0.263735435806	0.289270105313	0.294617264086	0.292213895507	0.296849659341	0.290530955352	0.244604716219	0.241777130886	0.245877759328	0.30877688054	0.304795939084	0.251511211558	0.292651384082	0.299313681915
158944319-supragingivalplaque3.freeze11.snv.mod.fix.bam	0.235878935548	0.248713810758	0.255076872388	0.0	0.20501362945	0.161896808587	0.195500990708	0.203017261429	0.195686269221	0.166232221221	0.163427606778	0.157728448991	0.193734238407	0.122977751129	0.202164992084	0.171822648733	0.187876340903	0.251041276709	0.257772741274	0.248474053171	0.0906518784151	0.176027994597	0.225783441984	0.212721668634	0.209580718362	0.128676323832	0.249381287409	0.258786700417
159207311-supragingivalplaque1.freeze11.snv.mod.fix.bam	0.243612812748	0.251631311762	0.257764337336	0.20501362945	0.0	0.104427370092	0.0218000604029	0.20626295374	0.209779922605	0.201883254007	0.148380896975	0.17219536097	0.0707225044117	0.207575706975	0.237667988527	0.253969031552	0.260608362838	0.276735242092	0.280853281305	0.272144663602	0.126347067236	0.0656582762262	0.216144871106	0.276101078196	0.272879530593	0.21273173843	0.275643937604	0.282720775369
159207311-supragingivalplaque2.freeze11.snv.mod.fix.bam	0.240903185907	0.25311488077	0.260212136796	0.161896808587	0.104427370092	0.0	0.0934824842017	0.207831868412	0.194119809903	0.211583301051	0.125686696859	0.134463450618	0.129085760236	0.218538190076	0.194758563058	0.156219312963	0.162321150802	0.23473527352	0.239766133493	0.229849452055	0.116552586132	0.124831115795	0.23120793699	0.172578252541	0.169231472266	0.231874435501	0.233492623421	0.240723322625
159207311-supragingivalplaque3.freeze11.snv.mod.fix.bam	0.243227719645	0.252672512041	0.258701865031	0.195500990708	0.0218000604029	0.0934824842017	0.0	0.203669911184	0.205700842027	0.20307613711	0.140013980456	0.163792540067	0.075769168635	0.20715563827	0.232653567969	0.242190686613	0.248671676301	0.272094154396	0.276515801102	0.267380014628	0.118686566831	0.0695340203118	0.219007448025	0.263282203722	0.260018097504	0.215854105113	0.27060820879	0.278067204035
159490532-supragingivalplaque1.freeze11.snv.mod.fix.bam	0.228055146654	0.243624418868	0.250148568357	0.203017261429	0.20626295374	0.207831868412	0.203669911184	0.0	0.0514353224809	0.198713814071	0.193848371458	0.184491111469	0.200926119186	0.194831563787	0.178816602386	0.248206489457	0.255797965084	0.245952393859	0.24322034606	0.235462157909	0.190311924657	0.199891766868	0.216930169635	0.271981972052	0.267880497077	0.216075547332	0.245466489938	0.244582125312
159490532-supragingivalplaque2.freeze11.snv.mod.fix.bam	0.219542645514	0.23710884998	0.244483750055	0.195686269221	0.209779922605	0.194119809903	0.205700842027	0.0514353224809	0.0	0.193842308237	0.182210838217	0.168424883945	0.201124951873	0.196986662471	0.156194566775	0.234461648799	0.243329320496	0.224027634578	0.218938995045	0.209456122841	0.181697785099	0.197878884259	0.220164293784	0.261157200724	0.256788515643	0.220527388775	0.223700942636	0.220486378723
159571453-supragingivalplaque2.freeze11.snv.mod.fix.bam	0.214591895933	0.219277665921	0.227358226977	0.166232221221	0.201883254007	0.211583301051	0.20307613711	0.198713814071	0.193842308237	0.0	0.188185970767	0.175334518432	0.169930037938	0.155036218441	0.217830774807	0.245902521987	0.257769411885	0.267101923756	0.274719201313	0.26551378433	0.163807943758	0.178955291359	0.204778944789	0.281909156738	0.278027451592	0.155050947574	0.265654825614	0.277075813321
159814214-supragingivalplaque1.freeze11.snv.mod.fix.bam	0.227416189227	0.238530655569	0.246697646061	0.163427606778	0.148380896975	0.125686696859	0.140013980456	0.193848371458	0.182210838217	0.188185970767	0.0	0.0813385964144	0.150447373586	0.193903880127	0.200160217264	0.204190236379	0.213932312499	0.251709770596	0.2581595628	0.246205141767	0.130005993984	0.148318069155	0.212499553229	0.232459450482	0.228801942337	0.208707822117	0.250998165708	0.259427594413
159814214-supragingivalplaque2.freeze11.snv.mod.fix.bam	0.215219215111	0.227235817301	0.235482887514	0.157728448991	0.17219536097	0.134463450618	0.163792540067	0.184491111469	0.168424883945	0.175334518432	0.0813385964144	0.0	0.163596322413	0.190437334991	0.188111460413	0.196132956126	0.207809592636	0.247343418902	0.253740807599	0.240132820575	0.126916077047	0.162456166781	0.207916219826	0.228275316612	0.224004804767	0.207322101224	0.246166124154	0.255402969427
160178356-supragingivalplaque2.freeze11.snv.mod.fix.bam	0.235284538581	0.24148125193	0.247715811742	0.193734238407	0.0707225044117	0.129085760236	0.075769168635	0.200926119186	0.201124951873	0.169930037938	0.150447373586	0.163596322413	0.0	0.186485873066	0.226491289085	0.257589812518	0.269398143419	0.279344483093	0.284147399425	0.273331230171	0.118196193998	0.0668132666686	0.206018615773	0.292718062469	0.289097635874	0.186816872105	0.278315446028	0.286154967506
160319967-supragingivalplaque2.freeze11.snv.mod.fix.bam	0.23300758493	0.243601693977	0.250190010914	0.122977751129	0.207575706975	0.218538190076	0.20715563827	0.194831563787	0.196986662471	0.155036218441	0.193903880127	0.190437334991	0.186485873066	0.0	0.2018384096	0.23980848692	0.255132144664	0.261933467667	0.269453432964	0.260366032683	0.139945386088	0.177711971799	0.213568330321	0.284327948886	0.280957138697	0.0393403611798	0.259065888326	0.271111468511
160319967-supragingivalplaque3.freeze11.snv.mod.fix.bam	0.236478736118	0.256115144921	0.263735435806	0.202164992084	0.237667988527	0.194758563058	0.232653567969	0.178816602386	0.156194566775	0.217830774807	0.200160217264	0.188111460413	0.226491289085	0.2018384096	0.0	0.194122249144	0.203926894977	0.123202283818	0.14606272998	0.135614359145	0.196374432268	0.220639575136	0.244955761652	0.224076235024	0.22049969685	0.231584790054	0.110600404399	0.146189854198
160603188-supragingivalplaque2.freeze11.snv.mod.fix.bam	0.270553478862	0.283898771309	0.289270105313	0.171822648733	0.253969031552	0.156219312963	0.242190686613	0.248206489457	0.234461648799	0.245902521987	0.204190236379	0.196132956126	0.257589812518	0.23980848692	0.194122249144	0.0	0.0241206123341	0.200676560273	0.202886654801	0.194653103338	0.198960094756	0.24828630398	0.269984174306	0.0586446882851	0.0570827864564	0.250507237129	0.198195437265	0.203163404793
160603188-supragingivalplaque3.freeze11.snv.mod.fix.bam	0.277153375349	0.289493761055	0.294617264086	0.187876340903	0.260608362838	0.162321150802	0.248671676301	0.255797965084	0.243329320496	0.257769411885	0.213932312499	0.207809592636	0.269398143419	0.255132144664	0.203926894977	0.0241206123341	0.0	0.195561329515	0.196807651825	0.191706934161	0.215642664266	0.262319110418	0.277423179988	0.0399827576307	0.0373979356839	0.265707410371	0.193529252815	0.197033701581
370425937-supragingivalplaque2.freeze11.snv.mod.fix.bam	0.267619225179	0.285367195553	0.292213895507	0.251041276709	0.276735242092	0.23473527352	0.272094154396	0.245952393859	0.224027634578	0.267101923756	0.251709770596	0.247343418902	0.279344483093	0.261933467667	0.123202283818	0.200676560273	0.195561329515	0.0	0.066704957171	0.0774891021096	0.255902958184	0.27519342068	0.281986470539	0.189710382597	0.186730154199	0.28381973488	0.0410927973683	0.0646943674499
638754422-supragingivalplaque2.freeze11.snv.mod.fix.bam	0.275137777163	0.291322581817	0.296849659341	0.257772741274	0.280853281305	0.239766133493	0.276515801102	0.24322034606	0.218938995045	0.274719201313	0.2581595628	0.253740807599	0.284147399425	0.269453432964	0.14606272998	0.202886654801	0.196807651825	0.066704957171	0.0	0.0289291545121	0.262680245707	0.281728498355	0.287598649734	0.189511651935	0.186101350948	0.289390472054	0.0665267780329	0.0112946339555
675950834-supragingivalplaque1.freeze11.snv.mod.fix.bam	0.26905676284	0.284626699292	0.290530955352	0.248474053171	0.272144663602	0.229849452055	0.267380014628	0.235462157909	0.209456122841	0.26551378433	0.246205141767	0.240132820575	0.273331230171	0.260366032683	0.135614359145	0.194653103338	0.191706934161	0.0774891021096	0.0289291545121	0.0	0.250762671391	0.271343514843	0.269361723762	0.194994593433	0.191673408343	0.281982412532	0.077140793409	0.0244927072658
763496533-supragingivalplaque1.freeze11.snv.mod.fix.bam	0.224375359916	0.237311126237	0.244604716219	0.0906518784151	0.126347067236	0.116552586132	0.118686566831	0.190311924657	0.181697785099	0.163807943758	0.130005993984	0.126916077047	0.118196193998	0.139945386088	0.196374432268	0.198960094756	0.215642664266	0.255902958184	0.262680245707	0.250762671391	0.0	0.0951420501781	0.211691891277	0.242665112471	0.239269629921	0.150913695253	0.254313134271	0.264402275891
763496533-supragingivalplaque2.freeze11.snv.mod.fix.bam	0.224822022692	0.234634570713	0.241777130886	0.176027994597	0.0656582762262	0.124831115795	0.0695340203118	0.199891766868	0.197878884259	0.178955291359	0.148318069155	0.162456166781	0.0668132666686	0.177711971799	0.220639575136	0.24828630398	0.262319110418	0.27519342068	0.281728498355	0.271343514843	0.0951420501781	0.0	0.206785023859	0.288702257904	0.285377365684	0.178376878254	0.27385315471	0.284288020048
764062976-supragingivalplaque3.freeze11.snv.mod.fix.bam	0.236752235458	0.239623383724	0.245877759328	0.225783441984	0.216144871106	0.23120793699	0.219007448025	0.216930169635	0.220164293784	0.204778944789	0.212499553229	0.207916219826	0.206018615773	0.213568330321	0.244955761652	0.269984174306	0.277423179988	0.281986470539	0.287598649734	0.269361723762	0.211691891277	0.206785023859	0.0	0.293228358366	0.289281536511	0.211405254363	0.281211019193	0.289136150097
764083206-supragingivalplaque1.freeze11.snv.mod.fix.bam	0.291999014457	0.304482052326	0.30877688054	0.212721668634	0.276101078196	0.172578252541	0.263282203722	0.271981972052	0.261157200724	0.281909156738	0.232459450482	0.228275316612	0.292718062469	0.284327948886	0.224076235024	0.0586446882851	0.0399827576307	0.189710382597	0.189511651935	0.194994593433	0.242665112471	0.288702257904	0.293228358366	0.0	0.00539561704137	0.295503966962	0.188088228219	0.189039660698
764083206-supragingivalplaque2.freeze11.snv.mod.fix.bam	0.28789743043	0.300184966635	0.304795939084	0.209580718362	0.272879530593	0.169231472266	0.260018097504	0.267880497077	0.256788515643	0.278027451592	0.228801942337	0.224004804767	0.289097635874	0.280957138697	0.22049969685	0.0570827864564	0.0373979356839	0.186730154199	0.186101350948	0.191673408343	0.239269629921	0.285377365684	0.289281536511	0.00539561704137	0.0	0.292242101785	0.184992966329	0.185742638163
764305738-supragingivalplaque1.freeze11.snv.mod.fix.bam	0.243088900998	0.244911900092	0.251511211558	0.128676323832	0.21273173843	0.231874435501	0.215854105113	0.216075547332	0.220527388775	0.155050947574	0.208707822117	0.207322101224	0.186816872105	0.0393403611798	0.231584790054	0.250507237129	0.265707410371	0.28381973488	0.289390472054	0.281982412532	0.150913695253	0.178376878254	0.211405254363	0.295503966962	0.292242101785	0.0	0.282391988622	0.291234283552
765013792-supragingivalplaque3.freeze11.snv.mod.fix.bam	0.266218445016	0.286247532933	0.292651384082	0.249381287409	0.275643937604	0.233492623421	0.27060820879	0.245466489938	0.223700942636	0.265654825614	0.250998165708	0.246166124154	0.278315446028	0.259065888326	0.110600404399	0.198195437265	0.193529252815	0.0410927973683	0.0665267780329	0.077140793409	0.254313134271	0.27385315471	0.281211019193	0.188088228219	0.184992966329	0.282391988622	0.0	0.0648217536275
765094712-supragingivalplaque1.freeze11.snv.mod.fix.bam	0.27817515676	0.294009665341	0.299313681915	0.258786700417	0.282720775369	0.240723322625	0.278067204035	0.244582125312	0.220486378723	0.277075813321	0.259427594413	0.255402969427	0.286154967506	0.271111468511	0.146189854198	0.203163404793	0.197033701581	0.0646943674499	0.0112946339555	0.0244927072658	0.264402275891	0.284288020048	0.289136150097	0.189039660698	0.185742638163	0.291234283552	0.0648217536275	0.0
