	158499257-supragingivalplaque2.freeze11.snv.mod.fix.bam	158802708-supragingivalplaque2.freeze11.snv.mod.fix.bam	158802708-supragingivalplaque3.freeze11.snv.mod.fix.bam	158944319-supragingivalplaque3.freeze11.snv.mod.fix.bam	159207311-supragingivalplaque1.freeze11.snv.mod.fix.bam	159207311-supragingivalplaque2.freeze11.snv.mod.fix.bam	159207311-supragingivalplaque3.freeze11.snv.mod.fix.bam	159490532-supragingivalplaque1.freeze11.snv.mod.fix.bam	159490532-supragingivalplaque2.freeze11.snv.mod.fix.bam	159571453-supragingivalplaque2.freeze11.snv.mod.fix.bam	159814214-supragingivalplaque1.freeze11.snv.mod.fix.bam	159814214-supragingivalplaque2.freeze11.snv.mod.fix.bam	160178356-supragingivalplaque2.freeze11.snv.mod.fix.bam	160319967-supragingivalplaque2.freeze11.snv.mod.fix.bam	160319967-supragingivalplaque3.freeze11.snv.mod.fix.bam	160603188-supragingivalplaque2.freeze11.snv.mod.fix.bam	160603188-supragingivalplaque3.freeze11.snv.mod.fix.bam	370425937-supragingivalplaque2.freeze11.snv.mod.fix.bam	638754422-supragingivalplaque2.freeze11.snv.mod.fix.bam	675950834-supragingivalplaque1.freeze11.snv.mod.fix.bam	763496533-supragingivalplaque1.freeze11.snv.mod.fix.bam	763496533-supragingivalplaque2.freeze11.snv.mod.fix.bam	764062976-supragingivalplaque3.freeze11.snv.mod.fix.bam	764083206-supragingivalplaque1.freeze11.snv.mod.fix.bam	764083206-supragingivalplaque2.freeze11.snv.mod.fix.bam	764305738-supragingivalplaque1.freeze11.snv.mod.fix.bam	765013792-supragingivalplaque3.freeze11.snv.mod.fix.bam	765094712-supragingivalplaque1.freeze11.snv.mod.fix.bam
158499257-supragingivalplaque2.freeze11.snv.mod.fix.bam	0.0	0.065081645983	0.0734944480732	0.183357282822	0.218158066623	0.149575440888	0.221528412802	0.202586544742	0.17350751143	0.172984977139	0.16303069889	0.127132593076	0.189052906597	0.213716525147	0.173481384716	0.252070542129	0.261894186806	0.239137818419	0.257609405617	0.255519268452	0.142442847812	0.179595035924	0.200156760287	0.263618549967	0.257713912476	0.210894839974	0.242717178315	0.259699542782
158802708-supragingivalplaque2.freeze11.snv.mod.fix.bam	0.065081645983	0.0	0.000705421293272	0.1906727629	0.220979751796	0.156472893534	0.224141084259	0.208229915088	0.181267145656	0.177557152188	0.16903984324	0.137034617897	0.196054866101	0.215728282169	0.189209666884	0.258549967342	0.266022207707	0.242377531025	0.260274330503	0.258262573481	0.151613324624	0.186753755715	0.201254082299	0.267903331156	0.261580666231	0.211913781842	0.246949706074	0.262077073808
158802708-supragingivalplaque3.freeze11.snv.mod.fix.bam	0.0734944480732	0.000705421293272	0.0	0.215179621163	0.247263226649	0.180013063357	0.250659699543	0.233729588504	0.206035271065	0.20091443501	0.193389941215	0.159294578707	0.220822991509	0.241881123449	0.215571521881	0.287132593076	0.294839973873	0.271012410189	0.289457870673	0.287393860222	0.174448073155	0.211338994121	0.22615284128	0.296433703462	0.290032658393	0.237909862835	0.276054866101	0.290894839974
158944319-supragingivalplaque3.freeze11.snv.mod.fix.bam	0.183357282822	0.1906727629	0.215179621163	0.0	0.174030045722	0.103383409536	0.175571521881	0.163344219464	0.138262573481	0.100378837361	0.107459177008	0.0739908556499	0.12961463096	0.0659177008491	0.122429784455	0.130711952972	0.179438275637	0.218706727629	0.238745917701	0.225186152841	0.01173089484	0.106910516003	0.173925538863	0.216433703462	0.212697583279	0.0692096668844	0.220561724363	0.239503592423
159207311-supragingivalplaque1.freeze11.snv.mod.fix.bam	0.218158066623	0.220979751796	0.247263226649	0.174030045722	0.0	0.016120182887	0.000104506858263	0.190071848465	0.169928151535	0.167733507511	0.0893011103854	0.099490529066	0.00838667537557	0.199007184847	0.190934030046	0.26374918354	0.274983670803	0.260953625082	0.278406270411	0.275244937949	0.0605355976486	0.00888308295232	0.193677335075	0.280418027433	0.275088177662	0.194931417374	0.264010450686	0.279399085565
159207311-supragingivalplaque2.freeze11.snv.mod.fix.bam	0.149575440888	0.156472893534	0.180013063357	0.103383409536	0.016120182887	0.0	0.00522534291313	0.128647942521	0.103278902678	0.114356629654	0.0445983017636	0.0335467015023	0.0347746570869	0.13956890921	0.0907903331156	0.0570346178968	0.0794252122796	0.159242325278	0.17442194644	0.156133246244	0.022077073808	0.0245852384063	0.143879817113	0.119216198563	0.115323318093	0.15038536904	0.161463096016	0.17562377531
159207311-supragingivalplaque3.freeze11.snv.mod.fix.bam	0.221528412802	0.224141084259	0.250659699543	0.175571521881	0.000104506858263	0.00522534291313	0.0	0.192397126061	0.170058785108	0.1693272371	0.0877857609406	0.0926453298498	0.00948399738733	0.201384715872	0.186257348138	0.262181580666	0.275297191378	0.262808621816	0.28057478772	0.277099934683	0.048543435663	0.0092749836708	0.19668190725	0.280809928152	0.275636838668	0.198118876551	0.265787067276	0.281907250163
159490532-supragingivalplaque1.freeze11.snv.mod.fix.bam	0.202586544742	0.208229915088	0.233729588504	0.163344219464	0.190071848465	0.128647942521	0.192397126061	0.0	0.00344872632266	0.15942521228	0.136773350751	0.0994644023514	0.158536903984	0.190542129327	0.120026126715	0.245930764206	0.258680600914	0.242873938602	0.258863487916	0.25293272371	0.115323318093	0.155140431091	0.187668190725	0.264323971261	0.258314826911	0.191508817766	0.246218158067	0.261032005225
159490532-supragingivalplaque2.freeze11.snv.mod.fix.bam	0.17350751143	0.181267145656	0.206035271065	0.138262573481	0.169928151535	0.103278902678	0.170058785108	0.00344872632266	0.0	0.136355323318	0.107276290007	0.06947093403	0.13894186806	0.164337034618	0.0692619203135	0.201358589157	0.219882429784	0.201332462443	0.214082299151	0.200862181581	0.0904245591117	0.132540822992	0.167759634226	0.232632266492	0.226649248857	0.173690398432	0.203736120183	0.2159634226
159571453-supragingivalplaque2.freeze11.snv.mod.fix.bam	0.172984977139	0.177557152188	0.20091443501	0.100378837361	0.167733507511	0.114356629654	0.1693272371	0.15942521228	0.136355323318	0.0	0.115898105813	0.0843631613325	0.12148922273	0.120156760287	0.151038536904	0.222860875245	0.234957544089	0.221659046375	0.240783801437	0.237256694971	0.0725800130634	0.129118223383	0.165695623775	0.243265839321	0.23788373612	0.119973873285	0.224271717831	0.242142390594
159814214-supragingivalplaque1.freeze11.snv.mod.fix.bam	0.16303069889	0.16903984324	0.193389941215	0.107459177008	0.0893011103854	0.0445983017636	0.0877857609406	0.136773350751	0.107276290007	0.115898105813	0.0	0.00287393860222	0.0701241018942	0.13745264533	0.10649248857	0.162821685173	0.190124101894	0.199764859569	0.21745264533	0.207001959504	0.0394774657087	0.0654212932724	0.148242978445	0.208517308948	0.204101894187	0.145708687133	0.202612671457	0.218758981058
159814214-supragingivalplaque2.freeze11.snv.mod.fix.bam	0.127132593076	0.137034617897	0.159294578707	0.0739908556499	0.099490529066	0.0335467015023	0.0926453298498	0.0994644023514	0.06947093403	0.0843631613325	0.00287393860222	0.0	0.0659177008491	0.110725016329	0.0762638798171	0.128595689092	0.153546701502	0.170058785108	0.187433050294	0.175231874592	0.0261789679948	0.0616590463749	0.125617243632	0.173350751143	0.168595689092	0.127916394513	0.172148922273	0.189000653168
160178356-supragingivalplaque2.freeze11.snv.mod.fix.bam	0.189052906597	0.196054866101	0.220822991509	0.12961463096	0.00838667537557	0.0347746570869	0.00948399738733	0.158536903984	0.13894186806	0.12148922273	0.0701241018942	0.0659177008491	0.0	0.155035924233	0.165800130634	0.241985630307	0.253141737427	0.238954931417	0.256668843893	0.250163291966	0.0303853690398	0.00728935336381	0.170711952972	0.262129327237	0.256433703462	0.164363161332	0.242299150882	0.257975179621
160319967-supragingivalplaque2.freeze11.snv.mod.fix.bam	0.213716525147	0.215728282169	0.241881123449	0.0659177008491	0.199007184847	0.13956890921	0.201384715872	0.190542129327	0.164337034618	0.120156760287	0.13745264533	0.110725016329	0.155035924233	0.0	0.165669497061	0.254735467015	0.268504245591	0.255101241019	0.27427824951	0.270855649902	0.05533638145	0.15009797518	0.192449379491	0.278406270411	0.273154800784	0.00992815153494	0.257348138472	0.275662965382
160319967-supragingivalplaque3.freeze11.snv.mod.fix.bam	0.173481384716	0.189209666884	0.215571521881	0.122429784455	0.190934030046	0.0907903331156	0.186257348138	0.120026126715	0.0692619203135	0.151038536904	0.10649248857	0.0762638798171	0.165800130634	0.165669497061	0.0	0.143305029393	0.152632266492	0.0480470280862	0.0785630306989	0.0660222077074	0.0927237099935	0.156786414108	0.189288047028	0.165173089484	0.160783801437	0.190306988896	0.0358458523841	0.0787459177008
160603188-supragingivalplaque2.freeze11.snv.mod.fix.bam	0.252070542129	0.258549967342	0.287132593076	0.130711952972	0.26374918354	0.0570346178968	0.262181580666	0.245930764206	0.201358589157	0.222860875245	0.162821685173	0.128595689092	0.241985630307	0.254735467015	0.143305029393	0.0	0.00018288700196	0.170006531679	0.18077073808	0.178001306336	0.157805355976	0.234382756368	0.25591116917	0.0152057478772	0.0151012410189	0.258811234487	0.170947093403	0.180979751796
160603188-supragingivalplaque3.freeze11.snv.mod.fix.bam	0.261894186806	0.266022207707	0.294839973873	0.179438275637	0.274983670803	0.0794252122796	0.275297191378	0.258680600914	0.219882429784	0.234957544089	0.190124101894	0.153546701502	0.253141737427	0.268504245591	0.152632266492	0.00018288700196	0.0	0.171887655127	0.182651861528	0.180849118223	0.179072501633	0.244885695624	0.264297844546	0.0123840627041	0.0117570215545	0.268033964729	0.173403004572	0.182756368387
370425937-supragingivalplaque2.freeze11.snv.mod.fix.bam	0.239137818419	0.242377531025	0.271012410189	0.218706727629	0.260953625082	0.159242325278	0.262808621816	0.242873938602	0.201332462443	0.221659046375	0.199764859569	0.170058785108	0.238954931417	0.255101241019	0.0480470280862	0.170006531679	0.171887655127	0.0	0.0529849771391	0.0509732201176	0.18769431744	0.229497060745	0.247237099935	0.170084911822	0.165930764206	0.256041802743	0.0253690398432	0.051548007838
638754422-supragingivalplaque2.freeze11.snv.mod.fix.bam	0.257609405617	0.260274330503	0.289457870673	0.238745917701	0.278406270411	0.17442194644	0.28057478772	0.258863487916	0.214082299151	0.240783801437	0.21745264533	0.187433050294	0.256668843893	0.27427824951	0.0785630306989	0.18077073808	0.182651861528	0.0529849771391	0.0	0.00478118876551	0.205120836055	0.247419986937	0.265212279556	0.179986936643	0.175493141737	0.274304376225	0.0544480731548	0.00493794905291
675950834-supragingivalplaque1.freeze11.snv.mod.fix.bam	0.255519268452	0.258262573481	0.287393860222	0.225186152841	0.275244937949	0.156133246244	0.277099934683	0.25293272371	0.200862181581	0.237256694971	0.207001959504	0.175231874592	0.250163291966	0.270855649902	0.0660222077074	0.178001306336	0.180849118223	0.0509732201176	0.00478118876551	0.0	0.196446766819	0.243187459177	0.261763553233	0.17922926192	0.1747093403	0.27250163292	0.0526975832789	0.00154147615937
763496533-supragingivalplaque1.freeze11.snv.mod.fix.bam	0.142442847812	0.151613324624	0.174448073155	0.01173089484	0.0605355976486	0.022077073808	0.048543435663	0.115323318093	0.0904245591117	0.0725800130634	0.0394774657087	0.0261789679948	0.0303853690398	0.05533638145	0.0927237099935	0.157805355976	0.179072501633	0.18769431744	0.205120836055	0.196446766819	0.0	0.00951012410189	0.1347093403	0.197674722404	0.192658393207	0.0739908556499	0.189052906597	0.206792945787
763496533-supragingivalplaque2.freeze11.snv.mod.fix.bam	0.179595035924	0.186753755715	0.211338994121	0.106910516003	0.00888308295232	0.0245852384063	0.0092749836708	0.155140431091	0.132540822992	0.129118223383	0.0654212932724	0.0616590463749	0.00728935336381	0.15009797518	0.156786414108	0.234382756368	0.244885695624	0.229497060745	0.247419986937	0.243187459177	0.00951012410189	0.0	0.164859568909	0.251861528413	0.246427171783	0.156525146963	0.232057478772	0.248987589811
764062976-supragingivalplaque3.freeze11.snv.mod.fix.bam	0.200156760287	0.201254082299	0.22615284128	0.173925538863	0.193677335075	0.143879817113	0.19668190725	0.187668190725	0.167759634226	0.165695623775	0.148242978445	0.125617243632	0.170711952972	0.192449379491	0.189288047028	0.25591116917	0.264297844546	0.247237099935	0.265212279556	0.261763553233	0.1347093403	0.164859568909	0.0	0.266178967995	0.260300457218	0.18918354017	0.250607446114	0.265630306989
764083206-supragingivalplaque1.freeze11.snv.mod.fix.bam	0.263618549967	0.267903331156	0.296433703462	0.216433703462	0.280418027433	0.119216198563	0.280809928152	0.264323971261	0.232632266492	0.243265839321	0.208517308948	0.173350751143	0.262129327237	0.278406270411	0.165173089484	0.0152057478772	0.0123840627041	0.170084911822	0.179986936643	0.17922926192	0.197674722404	0.251861528413	0.266178967995	0.0	0.00104506858263	0.275898105813	0.171939908556	0.179934683214
764083206-supragingivalplaque2.freeze11.snv.mod.fix.bam	0.257713912476	0.261580666231	0.290032658393	0.212697583279	0.275088177662	0.115323318093	0.275636838668	0.258314826911	0.226649248857	0.23788373612	0.204101894187	0.168595689092	0.256433703462	0.273154800784	0.160783801437	0.0151012410189	0.0117570215545	0.165930764206	0.175493141737	0.1747093403	0.192658393207	0.246427171783	0.260300457218	0.00104506858263	0.0	0.270542129327	0.167550620509	0.175414761594
764305738-supragingivalplaque1.freeze11.snv.mod.fix.bam	0.210894839974	0.211913781842	0.237909862835	0.0692096668844	0.194931417374	0.15038536904	0.198118876551	0.191508817766	0.173690398432	0.119973873285	0.145708687133	0.127916394513	0.164363161332	0.00992815153494	0.190306988896	0.258811234487	0.268033964729	0.256041802743	0.274304376225	0.27250163292	0.0739908556499	0.156525146963	0.18918354017	0.275898105813	0.270542129327	0.0	0.259124755062	0.275401698236
765013792-supragingivalplaque3.freeze11.snv.mod.fix.bam	0.242717178315	0.246949706074	0.276054866101	0.220561724363	0.264010450686	0.161463096016	0.265787067276	0.246218158067	0.203736120183	0.224271717831	0.202612671457	0.172148922273	0.242299150882	0.257348138472	0.0358458523841	0.170947093403	0.173403004572	0.0253690398432	0.0544480731548	0.0526975832789	0.189052906597	0.232057478772	0.250607446114	0.171939908556	0.167550620509	0.259124755062	0.0	0.053716525147
765094712-supragingivalplaque1.freeze11.snv.mod.fix.bam	0.259699542782	0.262077073808	0.290894839974	0.239503592423	0.279399085565	0.17562377531	0.281907250163	0.261032005225	0.2159634226	0.242142390594	0.218758981058	0.189000653168	0.257975179621	0.275662965382	0.0787459177008	0.180979751796	0.182756368387	0.051548007838	0.00493794905291	0.00154147615937	0.206792945787	0.248987589811	0.265630306989	0.179934683214	0.175414761594	0.275401698236	0.053716525147	0.0
