	147406386-subgingivalplaque2.freeze11.snv.mod.fix.bam	147406386-supragingivalplaque3.freeze11.snv.mod.fix.bam	158479027-supragingivalplaque2.freeze11.snv.mod.fix.bam	158802708-supragingivalplaque3.freeze11.snv.mod.fix.bam	158883629-supragingivalplaque3.freeze11.snv.mod.fix.bam	159166850-supragingivalplaque2.freeze11.snv.mod.fix.bam	159268001-supragingivalplaque3.freeze11.snv.mod.fix.bam	159591683-supragingivalplaque1.freeze11.snv.mod.fix.bam	160158126-supragingivalplaque1.freeze11.snv.mod.fix.bam	160178356-supragingivalplaque1.freeze11.snv.mod.fix.bam	160259276-supragingivalplaque1.freeze11.snv.mod.fix.bam	160319967-supragingivalplaque2.freeze11.snv.mod.fix.bam	160319967-supragingivalplaque3.freeze11.snv.mod.fix.bam	160380657-supragingivalplaque3.freeze11.snv.mod.fix.bam	160421117-supragingivalplaque2.freeze11.snv.mod.fix.bam	160421117-supragingivalplaque3.freeze11.snv.mod.fix.bam	160502038-supragingivalplaque2.freeze11.snv.mod.fix.bam	160502038-supragingivalplaque3.freeze11.snv.mod.fix.bam	160542498-supragingivalplaque1.freeze11.snv.mod.fix.bam	160603188-supragingivalplaque2.freeze11.snv.mod.fix.bam	160603188-supragingivalplaque3.freeze11.snv.mod.fix.bam	338793263-supragingivalplaque2.freeze11.snv.mod.fix.bam	404239096-supragingivalplaque2.freeze11.snv.mod.fix.bam	508703490-supragingivalplaque2.freeze11.snv.mod.fix.bam	604812005-supragingivalplaque3.freeze11.snv.mod.fix.bam	638754422-supragingivalplaque2.freeze11.snv.mod.fix.bam	638754422-supragingivalplaque3.freeze11.snv.mod.fix.bam	763395383-supragingivalplaque3.freeze11.snv.mod.fix.bam	763435843-supragingivalplaque2.freeze11.snv.mod.fix.bam	763719065-supragingivalplaque3.freeze11.snv.mod.fix.bam	764062976-supragingivalplaque2.freeze11.snv.mod.fix.bam	764305738-supragingivalplaque1.freeze11.snv.mod.fix.bam	764366428-subgingivalplaque2.freeze11.snv.mod.fix.bam	764366428-subgingivalplaque3.freeze11.snv.mod.fix.bam	764366428-supragingivalplaque2.freeze11.snv.mod.fix.bam	764508039-supragingivalplaque3.freeze11.snv.mod.fix.bam	764811490-supragingivalplaque1.freeze11.snv.mod.fix.bam	765013792-supragingivalplaque2.freeze11.snv.mod.fix.bam	765094712-supragingivalplaque3.freeze11.snv.mod.fix.bam	765195863-supragingivalplaque3.freeze11.snv.mod.fix.bam	937495960-supragingivalplaque1.freeze11.snv.mod.fix.bam
147406386-subgingivalplaque2.freeze11.snv.mod.fix.bam	0.0	0.0027169892531	0.0200546087939	0.0631901757973	0.0943817504405	0.0816979837788	0.0642258598195	0.100004035133	0.0693235772795	0.0485829959514	0.0543128841782	0.0802184351756	0.0807161015239	0.0417367210513	0.0834734421026	0.0554830726189	0.0960899565551	0.0827740191265	0.0703861621854	0.0993987652494	0.10886787631	0.0666200384683	0.0787254361306	0.0828950731032	0.0913957523505	0.0384144619151	0.0371232194978	0.0698481445115	0.0528602364588	0.0829488748705	0.0612667626132	0.0593298989872	0.0907232302581	0.0528871373425	0.0565456575248	0.0982420272506	0.066028219027	0.100165440435	0.0536000107604	0.0983092794598	0.0424495944692
147406386-supragingivalplaque3.freeze11.snv.mod.fix.bam	0.0027169892531	0.0	0.0221259768383	0.0614147174735	0.0897278975614	0.0794921113159	0.0624100501701	0.0942068946965	0.0680592357459	0.0492958693693	0.0546491452244	0.0775014459225	0.0780394635964	0.0435256298169	0.082209100569	0.0559000363162	0.0913285001412	0.0807564528495	0.0685434516524	0.0953770831372	0.102115754503	0.0661223721199	0.0768020229465	0.0794652104322	0.0879793401213	0.0404589290758	0.0390600831237	0.069189072861	0.0554561717352	0.0804605431288	0.0592895476616	0.0587784308715	0.0867822507969	0.0543666859456	0.057056774315	0.0912343470483	0.0637819952385	0.0934402195112	0.0541514788761	0.0930905080232	0.0444402598625
158479027-supragingivalplaque2.freeze11.snv.mod.fix.bam	0.0200546087939	0.0221259768383	0.0	0.054245631969	0.0835944960792	0.0722557736022	0.0551199106891	0.0900103568402	0.0564918557575	0.0409969467497	0.0482198340215	0.0702382073251	0.0709914320685	0.0329266816415	0.0749862132971	0.0475742128129	0.0843746217063	0.0721481700674	0.0605942405208	0.0886922135392	0.0980402706229	0.0582538636394	0.0692697755121	0.0718657107886	0.0814424253837	0.0335185010828	0.0326307719209	0.0618182307289	0.0484484915329	0.072538232881	0.0528064346914	0.0517034984599	0.0817921368717	0.0354822655924	0.0467537358602	0.0870647100757	0.0572047291754	0.0779587609453	0.0467940871858	0.0872261153779	0.0398940105182
158802708-supragingivalplaque3.freeze11.snv.mod.fix.bam	0.0631901757973	0.0614147174735	0.054245631969	0.0	0.0866746472622	0.0754973300873	0.0599889706377	0.0899162037473	0.0655978048879	0.0471841499993	0.0542321815272	0.0740446823678	0.0789944449675	0.03903318224	0.0795190121996	0.0542187310853	0.090817383351	0.0802318856174	0.0646428235168	0.09372267879	0.101228025341	0.0650732376559	0.0762774557144	0.0766944194117	0.0815769298021	0.0395173981465	0.0401495689133	0.0668621464215	0.0533175514816	0.0800839307571	0.054420487713	0.0574871884541	0.0866342959366	0.0527257320403	0.0568146663618	0.0606480422882	0.0414542617725	0.0903735187701	0.0511520303442	0.0862173322394	0.0451531332804
158883629-supragingivalplaque3.freeze11.snv.mod.fix.bam	0.0943817504405	0.0897278975614	0.0835944960792	0.0866746472622	0.0	0.10624504015	0.0853834048448	0.123313650853	0.0200815096776	0.0744616460651	0.0835675951955	0.110952694796	0.110535731099	0.071394945324	0.114543962769	0.0726323859739	0.12132298546	0.108840975426	0.0941261920454	0.125559874642	0.128935935545	0.0983630812272	0.107832192288	0.107455579916	0.119520626253	0.0745019973906	0.0719598638815	0.0961572087643	0.0829488748705	0.109056182496	0.0888939701669	0.0867418994714	0.116292520209	0.0805008944544	0.0854775579378	0.122937038482	0.0889343214925	0.118041077649	0.0826664155918	0.120879120879	0.0720271160908
159166850-supragingivalplaque2.freeze11.snv.mod.fix.bam	0.0816979837788	0.0794921113159	0.0722557736022	0.0754973300873	0.10624504015	0.0	0.0761160504123	0.112620549585	0.0835675951955	0.0624638519375	0.0333839966643	0.0975560547164	0.0972063432284	0.0486367977188	0.0776224998991	0.0667545428867	0.110320524029	0.0982151263669	0.0757125371568	0.114369107025	0.122358669482	0.0837155500558	0.0935747239297	0.094516254859	0.100878313853	0.0325097179442	0.020834734421	0.0831371810564	0.018723015051	0.0987800449245	0.0765330141095	0.0729955479037	0.106648553405	0.0563304504553	0.0459736102331	0.110212920494	0.026026604974	0.111046847889	0.046161916419	0.0551737124565	0.0627732121
159268001-supragingivalplaque3.freeze11.snv.mod.fix.bam	0.0642258598195	0.0624100501701	0.0551199106891	0.0599889706377	0.0853834048448	0.0761160504123	0.0	0.0923507337216	0.0655305526787	0.0492958693693	0.0500356436709	0.0772593379693	0.0781874184567	0.038683470752	0.0803932909196	0.0524836240871	0.0892571320968	0.0795055617577	0.0648580305863	0.0941127416036	0.100811061643	0.0465788801162	0.0760218973193	0.0783219228752	0.0828009200102	0.028044171251	0.0279903694836	0.0672925605606	0.0541783797598	0.0795997148506	0.0599082679866	0.0474128075107	0.084845387171	0.0447092686995	0.0536538125277	0.0921489770939	0.061105357311	0.0898758524218	0.0530619930865	0.0867688003551	0.0461753668608
159591683-supragingivalplaque1.freeze11.snv.mod.fix.bam	0.100004035133	0.0942068946965	0.0900103568402	0.0899162037473	0.123313650853	0.112620549585	0.0923507337216	0.0	0.101093520922	0.080272236943	0.0896606453522	0.117207150255	0.116682583023	0.0751476185993	0.117193699813	0.0890688259109	0.126622459548	0.115929358279	0.0985648378549	0.130913150497	0.133872247703	0.102667222618	0.112539846934	0.109540398402	0.0583883680579	0.0828950731032	0.0777973556431	0.0992508103891	0.0869033047736	0.114880223815	0.0932519133254	0.0925659407912	0.121148129716	0.0890688259109	0.0929829044884	0.126366901153	0.0958881999274	0.121753399599	0.072713088625	0.125963387897	0.0811061643375
160158126-supragingivalplaque1.freeze11.snv.mod.fix.bam	0.0693235772795	0.0680592357459	0.0564918557575	0.0655978048879	0.0200815096776	0.0835675951955	0.0655305526787	0.101093520922	0.0	0.0504795082518	0.0602041777072	0.0856793145655	0.0851681977753	0.0465519792325	0.0879389887958	0.0518380028784	0.0954981371138	0.0841997659623	0.0726727372994	0.100246143086	0.108719921449	0.0729282956945	0.0817517855462	0.085544810147	0.0943279486731	0.0500490941127	0.0470092942553	0.073856376182	0.0613878165898	0.0865804941692	0.064091355401	0.0645083190983	0.095215677835	0.0588322326388	0.0617913298452	0.10020579176	0.0676288216068	0.100138539551	0.0582538636394	0.0977712617859	0.0499145896943
160178356-supragingivalplaque1.freeze11.snv.mod.fix.bam	0.0485829959514	0.0492958693693	0.0409969467497	0.0471841499993	0.0744616460651	0.0624638519375	0.0492958693693	0.080272236943	0.0504795082518	0.0	0.0412794060285	0.0630960227043	0.0637147430293	0.0289588012966	0.0485426446259	0.0359933823826	0.072618935532	0.0598813671029	0.0524163718778	0.071919512556	0.0887863666321	0.0524298223197	0.0533848036908	0.067696073816	0.0709241798593	0.0317968445263	0.0298599809004	0.0440232961653	0.0409969467497	0.0641586076103	0.045892907582	0.0417367210513	0.0763447079237	0.0400419653786	0.0438215395376	0.0805412457799	0.0500087427872	0.0783219228752	0.0304787012253	0.0757797893661	0.0307073587367
160259276-supragingivalplaque1.freeze11.snv.mod.fix.bam	0.0543128841782	0.0546491452244	0.0482198340215	0.0542321815272	0.0835675951955	0.0333839966643	0.0500356436709	0.0896606453522	0.0602041777072	0.0412794060285	0.0	0.0720271160908	0.0726861877413	0.0305728543183	0.0671042543748	0.044399908537	0.0844418739156	0.0721347196255	0.0576889450818	0.0889343214925	0.0993315130402	0.0574737380123	0.0691352710937	0.0742195381118	0.0784160759681	0.0269815863451	0.0202832663053	0.0595854573823	0.0275465049027	0.0756049336221	0.0528736869006	0.0491344640671	0.0846167296596	0.0420326307719	0.041763621935	0.0866342959366	0.0383472097058	0.0869974578665	0.0368004088934	0.0686779560709	0.0393290919607
160319967-supragingivalplaque2.freeze11.snv.mod.fix.bam	0.0802184351756	0.0775014459225	0.0702382073251	0.0740446823678	0.110952694796	0.0975560547164	0.0772593379693	0.117207150255	0.0856793145655	0.0630960227043	0.0720271160908	0.0	0.000995332696679	0.0569895221058	0.101416331526	0.0698346940697	0.107334525939	0.0927945983026	0.0854103057285	0.115324088396	0.122789083621	0.0832716854749	0.0990356033196	0.10129527755	0.109365542658	0.0590877910339	0.0555234239445	0.0871050614013	0.073937078833	0.0954174344627	0.0768154733883	0.0754031769944	0.109930461216	0.0672656596769	0.0725516833228	0.114651566304	0.078160517573	0.1137503867	0.0680592357459	0.116642231697	0.0441443501419
160319967-supragingivalplaque3.freeze11.snv.mod.fix.bam	0.0807161015239	0.0780394635964	0.0709914320685	0.0789944449675	0.110535731099	0.0972063432284	0.0781874184567	0.116682583023	0.0851681977753	0.0637147430293	0.0726861877413	0.000995332696679	0.0	0.0586035751274	0.101053169597	0.0708300267664	0.104563734919	0.0912477974901	0.0859214225187	0.1143287557	0.121982057111	0.0859214225187	0.0986724413897	0.100636205899	0.109392443542	0.0632439775647	0.0583883680579	0.0861231791464	0.0751207177156	0.0911267435135	0.0764792123421	0.0770710317834	0.108545065705	0.0683820463502	0.0734932142521	0.117987275882	0.0827471182428	0.113145116817	0.068839361373	0.116453925511	0.0475338614873
160380657-supragingivalplaque3.freeze11.snv.mod.fix.bam	0.0417367210513	0.0435256298169	0.0329266816415	0.03903318224	0.071394945324	0.0486367977188	0.038683470752	0.0751476185993	0.0465519792325	0.0289588012966	0.0305728543183	0.0569895221058	0.0586035751274	0.0	0.0592088450106	0.0323752135258	0.0724978815554	0.0588322326388	0.0175662770522	0.0761698521796	0.0881138445398	0.040176469797	0.0578368999422	0.0300617375281	0.0635129864016	0.0208481848629	0.0186019610744	0.0502104994149	0.0306670074112	0.0611322581947	0.0413601086796	0.0359395806152	0.0740715832515	0.0263628660201	0.0338816630126	0.0749324115297	0.03903318224	0.0737218717635	0.0300482870862	0.0704937657202	0.0249102183007
160421117-supragingivalplaque2.freeze11.snv.mod.fix.bam	0.0834734421026	0.082209100569	0.0749862132971	0.0795190121996	0.114543962769	0.0776224998991	0.0803932909196	0.117193699813	0.0879389887958	0.0485426446259	0.0671042543748	0.101416331526	0.101053169597	0.0592088450106	0.0	0.0464847270233	0.116238718442	0.101779493456	0.0868091516806	0.121726498715	0.128761079801	0.0861500800301	0.0955922902067	0.102909330572	0.108168453334	0.0598006644518	0.0531695966212	0.0274927031353	0.0618316811707	0.105451464081	0.0823570554293	0.0464443756977	0.114651566304	0.0722423231603	0.0764119601329	0.118242834277	0.077461094597	0.11535098928	0.0194358884689	0.106971364009	0.0619258342637
160421117-supragingivalplaque3.freeze11.snv.mod.fix.bam	0.0554830726189	0.0559000363162	0.0475742128129	0.0542187310853	0.0726323859739	0.0667545428867	0.0524836240871	0.0890688259109	0.0518380028784	0.0359933823826	0.044399908537	0.0698346940697	0.0708300267664	0.0323752135258	0.0464847270233	0.0	0.0813348218489	0.0659340659341	0.0586573768948	0.0889074206088	0.0981747750414	0.0572450805009	0.0415080635399	0.0729013948108	0.0795997148506	0.0350653018952	0.0335185010828	0.0519456064132	0.0446420164902	0.0744885469488	0.0519859577387	0.0487309508117	0.0838904057998	0.0439829448397	0.0482870862308	0.089768248887	0.0536807134114	0.0881272949816	0.0353746620576	0.0852758013101	0.0371635708233
160502038-supragingivalplaque2.freeze11.snv.mod.fix.bam	0.0960899565551	0.0913285001412	0.0843746217063	0.090817383351	0.12132298546	0.110320524029	0.0892571320968	0.126622459548	0.0954981371138	0.072618935532	0.0844418739156	0.107334525939	0.104563734919	0.0724978815554	0.116238718442	0.0813348218489	0.0	6.72522092351e-05	0.0968162804148	0.128303764779	0.131612573473	0.101537385503	0.0993046121565	0.1112755054	0.122224165064	0.0778377069687	0.0738294752983	0.0975291538327	0.0853834048448	0.070332360418	0.0913823019086	0.0888805197251	0.117032294511	0.0819804430576	0.0852354499845	0.128115458593	0.0927273460933	0.121982057111	0.0848588376128	0.124335884434	0.075255222134
160502038-supragingivalplaque3.freeze11.snv.mod.fix.bam	0.0827740191265	0.0807564528495	0.0721481700674	0.0802318856174	0.108840975426	0.0982151263669	0.0795055617577	0.115929358279	0.0841997659623	0.0598813671029	0.0721347196255	0.0927945983026	0.0912477974901	0.0588322326388	0.101779493456	0.0659340659341	6.72522092351e-05	0.0	0.0853834048448	0.115122331769	0.122022408436	0.0874682233311	0.0756721858313	0.10093211562	0.109150335589	0.0637954456804	0.0609708528925	0.086862953448	0.0733049080662	0.0628808156348	0.0777973556431	0.0782815715496	0.106890661358	0.0693370277214	0.0731973045315	0.116884339651	0.0820207943831	0.112324639864	0.0721078187418	0.113333423003	0.0624638519375
160542498-supragingivalplaque1.freeze11.snv.mod.fix.bam	0.0703861621854	0.0685434516524	0.0605942405208	0.0646428235168	0.0941261920454	0.0757125371568	0.0648580305863	0.0985648378549	0.0726727372994	0.0524163718778	0.0576889450818	0.0854103057285	0.0859214225187	0.0175662770522	0.0868091516806	0.0586573768948	0.0968162804148	0.0853834048448	0.0	0.101631538596	0.108558516147	0.070776224999	0.0820476952668	0.0213862025368	0.0907097798163	0.0480718791612	0.0445344129555	0.0740446823678	0.0555772257119	0.0803663900359	0.0656112553297	0.0635802386108	0.0956729928578	0.0573795849194	0.060930501567	0.0990625042033	0.0648983819118	0.0968969830659	0.0569088194547	0.0896337444685	0.0500759949964
160603188-supragingivalplaque2.freeze11.snv.mod.fix.bam	0.0993987652494	0.0953770831372	0.0886922135392	0.09372267879	0.125559874642	0.114369107025	0.0941127416036	0.130913150497	0.100246143086	0.071919512556	0.0889343214925	0.115324088396	0.1143287557	0.0761698521796	0.121726498715	0.0889074206088	0.128303764779	0.115122331769	0.101631538596	0.0	0.000659071650504	0.105411112755	0.114369107025	0.116965042302	0.126218946292	0.0816172811277	0.0770037795742	0.101792943898	0.0876834304007	0.113790738026	0.0942875973476	0.0934671203949	0.12590958613	0.0879658896795	0.0920279231173	0.134907931726	0.0968566317404	0.127483287826	0.0887056639811	0.129325998359	0.0765733654351
160603188-supragingivalplaque3.freeze11.snv.mod.fix.bam	0.10886787631	0.102115754503	0.0980402706229	0.101228025341	0.128935935545	0.122358669482	0.100811061643	0.133872247703	0.108719921449	0.0887863666321	0.0993315130402	0.122789083621	0.121982057111	0.0881138445398	0.128761079801	0.0981747750414	0.131612573473	0.122022408436	0.108558516147	0.000659071650504	0.0	0.112768504445	0.121417138553	0.120368004089	0.131693276124	0.0932250124417	0.0899027533054	0.106688904731	0.0960227043458	0.117637564394	0.101537385503	0.100488251039	0.127523639152	0.0977040095767	0.101967799642	0.137100353747	0.10406606857	0.128128909035	0.0998291793885	0.131141808008	0.0895126904919
338793263-supragingivalplaque2.freeze11.snv.mod.fix.bam	0.0666200384683	0.0661223721199	0.0582538636394	0.0650732376559	0.0983630812272	0.0837155500558	0.0465788801162	0.102667222618	0.0729282956945	0.0524298223197	0.0574737380123	0.0832716854749	0.0859214225187	0.040176469797	0.0861500800301	0.0572450805009	0.101537385503	0.0874682233311	0.070776224999	0.105411112755	0.112768504445	0.0	0.0845225765666	0.087131962285	0.087831385261	0.0109755605472	0.0185212584233	0.0701978559996	0.0586035751274	0.0901045099332	0.0653153456091	0.0391542362167	0.0998560802722	0.0455700969777	0.0597199618007	0.102976582781	0.0672522092351	0.0942606964639	0.0553620186423	0.0997350262956	0.0483005366726
404239096-supragingivalplaque2.freeze11.snv.mod.fix.bam	0.0787254361306	0.0768020229465	0.0692697755121	0.0762774557144	0.107832192288	0.0935747239297	0.0760218973193	0.112539846934	0.0817517855462	0.0533848036908	0.0691352710937	0.0990356033196	0.0986724413897	0.0578368999422	0.0955922902067	0.0415080635399	0.0993046121565	0.0756721858313	0.0820476952668	0.114369107025	0.121417138553	0.0845225765666	0.0	0.0975157033909	0.106917562242	0.06066149273	0.0569088194547	0.0854237561704	0.0626790590071	0.0986858918315	0.0774072928296	0.0738025744146	0.109083083379	0.0695522347909	0.0743540425303	0.113414125654	0.0756856362732	0.107724588753	0.0683416950247	0.108168453334	0.0602714299165
508703490-supragingivalplaque2.freeze11.snv.mod.fix.bam	0.0828950731032	0.0794652104322	0.0718657107886	0.0766944194117	0.107455579916	0.094516254859	0.0783219228752	0.109540398402	0.085544810147	0.067696073816	0.0742195381118	0.10129527755	0.100636205899	0.0300617375281	0.102909330572	0.0729013948108	0.1112755054	0.10093211562	0.0213862025368	0.116965042302	0.120368004089	0.087131962285	0.0975157033909	0.0	0.10289588013	0.0668755968634	0.0631767253554	0.0865401428437	0.0696463878838	0.0954577857883	0.0817786864298	0.0777570043176	0.106809958707	0.0729013948108	0.0770710317834	0.110791289494	0.0788061387817	0.106783057823	0.072793791276	0.106971364009	0.0666738402357
604812005-supragingivalplaque3.freeze11.snv.mod.fix.bam	0.0913957523505	0.0879793401213	0.0814424253837	0.0815769298021	0.119520626253	0.100878313853	0.0828009200102	0.0583883680579	0.0943279486731	0.0709241798593	0.0784160759681	0.109365542658	0.109392443542	0.0635129864016	0.108168453334	0.0795997148506	0.122224165064	0.109150335589	0.0907097798163	0.126218946292	0.131693276124	0.087831385261	0.106917562242	0.10289588013	0.0	0.0668621464215	0.0640510040755	0.0923507337216	0.0756049336221	0.108787173659	0.0875489259822	0.0807833537332	0.116036961814	0.0797880210365	0.0826395147081	0.122372119924	0.085544810147	0.119184365206	0.0628539147511	0.120031743043	0.0711528373707
638754422-supragingivalplaque2.freeze11.snv.mod.fix.bam	0.0384144619151	0.0404589290758	0.0335185010828	0.0395173981465	0.0745019973906	0.0325097179442	0.028044171251	0.0828950731032	0.0500490941127	0.0317968445263	0.0269815863451	0.0590877910339	0.0632439775647	0.0208481848629	0.0598006644518	0.0350653018952	0.0778377069687	0.0637954456804	0.0480718791612	0.0816172811277	0.0932250124417	0.0109755605472	0.06066149273	0.0668755968634	0.0668621464215	0.0	0.00130469285916	0.0510175259257	0.0254751368582	0.0673732632117	0.0419788290045	0.0276541084375	0.0782412202241	0.0323886639676	0.033585753292	0.0740446823678	0.0298734313422	0.081765235988	0.0299406835515	0.0646293730749	0.0278962163907
638754422-supragingivalplaque3.freeze11.snv.mod.fix.bam	0.0371232194978	0.0390600831237	0.0326307719209	0.0401495689133	0.0719598638815	0.020834734421	0.0279903694836	0.0777973556431	0.0470092942553	0.0298599809004	0.0202832663053	0.0555234239445	0.0583883680579	0.0186019610744	0.0531695966212	0.0335185010828	0.0738294752983	0.0609708528925	0.0445344129555	0.0770037795742	0.0899027533054	0.0185212584233	0.0569088194547	0.0631767253554	0.0640510040755	0.00130469285916	0.0	0.0500894454383	0.0182926009119	0.0649925350048	0.0399881636112	0.0302365932721	0.0744212947395	0.0282862792043	0.0285418375994	0.071744656812	0.0238072820692	0.0804201918033	0.0248698669751	0.0528871373425	0.0259728032066
763395383-supragingivalplaque3.freeze11.snv.mod.fix.bam	0.0698481445115	0.069189072861	0.0618182307289	0.0668621464215	0.0961572087643	0.0831371810564	0.0672925605606	0.0992508103891	0.073856376182	0.0440232961653	0.0595854573823	0.0871050614013	0.0861231791464	0.0502104994149	0.0274927031353	0.0519456064132	0.0975291538327	0.086862953448	0.0740446823678	0.101792943898	0.106688904731	0.0701978559996	0.0854237561704	0.0865401428437	0.0923507337216	0.0510175259257	0.0500894454383	0.0	0.0586573768948	0.0889074206088	0.0685569020942	0.0417905228187	0.0944086513242	0.0600293219632	0.0634457341924	0.0980940723903	0.0679919835367	0.0941261920454	0.0239283360458	0.0933460664183	0.0520263090643
763435843-supragingivalplaque2.freeze11.snv.mod.fix.bam	0.0528602364588	0.0554561717352	0.0484484915329	0.0533175514816	0.0829488748705	0.018723015051	0.0541783797598	0.0869033047736	0.0613878165898	0.0409969467497	0.0275465049027	0.073937078833	0.0751207177156	0.0306670074112	0.0618316811707	0.0446420164902	0.0853834048448	0.0733049080662	0.0555772257119	0.0876834304007	0.0960227043458	0.0586035751274	0.0626790590071	0.0696463878838	0.0756049336221	0.0254751368582	0.0182926009119	0.0586573768948	0.0	0.0757125371568	0.0548105505266	0.0505467604611	0.0830161270798	0.0400150644949	0.0372039221488	0.0853161526356	0.0283535314135	0.0842939190552	0.0342313745007	0.0469958438135	0.0345676355468
763719065-supragingivalplaque3.freeze11.snv.mod.fix.bam	0.0829488748705	0.0804605431288	0.072538232881	0.0800839307571	0.109056182496	0.0987800449245	0.0795997148506	0.114880223815	0.0865804941692	0.0641586076103	0.0756049336221	0.0954174344627	0.0911267435135	0.0611322581947	0.105451464081	0.0744885469488	0.070332360418	0.0628808156348	0.0803663900359	0.113790738026	0.117637564394	0.0901045099332	0.0986858918315	0.0954577857883	0.108787173659	0.0673732632117	0.0649925350048	0.0889074206088	0.0757125371568	0.0	0.081065813012	0.0783622742007	0.106608202079	0.068139938397	0.0754704292036	0.115525845024	0.0824512085222	0.103299393385	0.0748382584368	0.113198918584	0.0658937146085
764062976-supragingivalplaque2.freeze11.snv.mod.fix.bam	0.0612667626132	0.0592895476616	0.0528064346914	0.054420487713	0.0888939701669	0.0765330141095	0.0599082679866	0.0932519133254	0.064091355401	0.045892907582	0.0528736869006	0.0768154733883	0.0764792123421	0.0413601086796	0.0823570554293	0.0519859577387	0.0913823019086	0.0777973556431	0.0656112553297	0.0942875973476	0.101537385503	0.0653153456091	0.0774072928296	0.0817786864298	0.0875489259822	0.0419788290045	0.0399881636112	0.0685569020942	0.0548105505266	0.081065813012	0.0	0.0578907017096	0.0905618249559	0.0523625701104	0.0555368743863	0.0896337444685	0.0538421187136	0.094691110603	0.0499280401361	0.0917589142803	0.0433776749566
764305738-supragingivalplaque1.freeze11.snv.mod.fix.bam	0.0593298989872	0.0587784308715	0.0517034984599	0.0574871884541	0.0867418994714	0.0729955479037	0.0474128075107	0.0925659407912	0.0645083190983	0.0417367210513	0.0491344640671	0.0754031769944	0.0770710317834	0.0359395806152	0.0464443756977	0.0487309508117	0.0888805197251	0.0782815715496	0.0635802386108	0.0934671203949	0.100488251039	0.0391542362167	0.0738025744146	0.0777570043176	0.0807833537332	0.0276541084375	0.0302365932721	0.0417905228187	0.0505467604611	0.0783622742007	0.0578907017096	0.0	0.0872933675871	0.0511520303442	0.0547298478755	0.0896471949104	0.0580521070117	0.0891360781202	0.0350518514533	0.0846301801014	0.0428934590501
764366428-subgingivalplaque2.freeze11.snv.mod.fix.bam	0.0907232302581	0.0867822507969	0.0817921368717	0.0866342959366	0.116292520209	0.106648553405	0.084845387171	0.121148129716	0.095215677835	0.0763447079237	0.0846167296596	0.109930461216	0.108545065705	0.0740715832515	0.114651566304	0.0838904057998	0.117032294511	0.106890661358	0.0956729928578	0.12590958613	0.127523639152	0.0998560802722	0.109083083379	0.106809958707	0.116036961814	0.0782412202241	0.0744212947395	0.0944086513242	0.0830161270798	0.106608202079	0.0905618249559	0.0872933675871	0.0	0.0434852784914	0.00761295008541	0.121766850041	0.0888536188414	0.117018844069	0.0845360270085	0.120381454531	0.0771517344345
764366428-subgingivalplaque3.freeze11.snv.mod.fix.bam	0.0528871373425	0.0543666859456	0.0354822655924	0.0527257320403	0.0805008944544	0.0563304504553	0.0447092686995	0.0890688259109	0.0588322326388	0.0400419653786	0.0420326307719	0.0672656596769	0.0683820463502	0.0263628660201	0.0722423231603	0.0439829448397	0.0819804430576	0.0693370277214	0.0573795849194	0.0879658896795	0.0977040095767	0.0455700969777	0.0695522347909	0.0729013948108	0.0797880210365	0.0323886639676	0.0282862792043	0.0600293219632	0.0400150644949	0.068139938397	0.0523625701104	0.0511520303442	0.0434852784914	0.0	0.00388717769379	0.0883694029349	0.050116346322	0.0481660322542	0.042113333423	0.0823032536619	0.0345138337794
764366428-supragingivalplaque2.freeze11.snv.mod.fix.bam	0.0565456575248	0.057056774315	0.0467537358602	0.0568146663618	0.0854775579378	0.0459736102331	0.0536538125277	0.0929829044884	0.0617913298452	0.0438215395376	0.041763621935	0.0725516833228	0.0734932142521	0.0338816630126	0.0764119601329	0.0482870862308	0.0852354499845	0.0731973045315	0.060930501567	0.0920279231173	0.101967799642	0.0597199618007	0.0743540425303	0.0770710317834	0.0826395147081	0.033585753292	0.0285418375994	0.0634457341924	0.0372039221488	0.0754704292036	0.0555368743863	0.0547298478755	0.00761295008541	0.00388717769379	0.0	0.0923507337216	0.0492017162764	0.0825722624988	0.0443057554441	0.0782277697822	0.0397191547742
764508039-supragingivalplaque3.freeze11.snv.mod.fix.bam	0.0982420272506	0.0912343470483	0.0870647100757	0.0606480422882	0.122937038482	0.110212920494	0.0921489770939	0.126366901153	0.10020579176	0.0805412457799	0.0866342959366	0.114651566304	0.117987275882	0.0749324115297	0.118242834277	0.089768248887	0.128115458593	0.116884339651	0.0990625042033	0.134907931726	0.137100353747	0.102976582781	0.113414125654	0.110791289494	0.122372119924	0.0740446823678	0.071744656812	0.0980940723903	0.0853161526356	0.115525845024	0.0896337444685	0.0896471949104	0.121766850041	0.0883694029349	0.0923507337216	0.0	0.0591012414758	0.119682031555	0.0874682233311	0.123596110132	0.0817248846625
764811490-supragingivalplaque1.freeze11.snv.mod.fix.bam	0.066028219027	0.0637819952385	0.0572047291754	0.0414542617725	0.0889343214925	0.026026604974	0.061105357311	0.0958881999274	0.0676288216068	0.0500087427872	0.0383472097058	0.078160517573	0.0827471182428	0.03903318224	0.077461094597	0.0536807134114	0.0927273460933	0.0820207943831	0.0648983819118	0.0968566317404	0.10406606857	0.0672522092351	0.0756856362732	0.0788061387817	0.085544810147	0.0298734313422	0.0238072820692	0.0679919835367	0.0283535314135	0.0824512085222	0.0538421187136	0.0580521070117	0.0888536188414	0.050116346322	0.0492017162764	0.0591012414758	0.0	0.0920817248847	0.04624261907	0.0576620441982	0.0483677888819
765013792-supragingivalplaque2.freeze11.snv.mod.fix.bam	0.100165440435	0.0934402195112	0.0779587609453	0.0903735187701	0.118041077649	0.111046847889	0.0898758524218	0.121753399599	0.100138539551	0.0783219228752	0.0869974578665	0.1137503867	0.113145116817	0.0737218717635	0.11535098928	0.0881272949816	0.121982057111	0.112324639864	0.0968969830659	0.127483287826	0.128128909035	0.0942606964639	0.107724588753	0.106783057823	0.119184365206	0.081765235988	0.0804201918033	0.0941261920454	0.0842939190552	0.103299393385	0.094691110603	0.0891360781202	0.117018844069	0.0481660322542	0.0825722624988	0.119682031555	0.0920817248847	0.0	0.0883828533767	0.118579095323	0.0813348218489
765094712-supragingivalplaque3.freeze11.snv.mod.fix.bam	0.0536000107604	0.0541514788761	0.0467940871858	0.0511520303442	0.0826664155918	0.046161916419	0.0530619930865	0.072713088625	0.0582538636394	0.0304787012253	0.0368004088934	0.0680592357459	0.068839361373	0.0300482870862	0.0194358884689	0.0353746620576	0.0848588376128	0.0721078187418	0.0569088194547	0.0887056639811	0.0998291793885	0.0553620186423	0.0683416950247	0.072793791276	0.0628539147511	0.0299406835515	0.0248698669751	0.0239283360458	0.0342313745007	0.0748382584368	0.0499280401361	0.0350518514533	0.0845360270085	0.042113333423	0.0443057554441	0.0874682233311	0.04624261907	0.0883828533767	0.0	0.0755914831802	0.0359530310571
765195863-supragingivalplaque3.freeze11.snv.mod.fix.bam	0.0983092794598	0.0930905080232	0.0872261153779	0.0862173322394	0.120879120879	0.0551737124565	0.0867688003551	0.125963387897	0.0977712617859	0.0757797893661	0.0686779560709	0.116642231697	0.116453925511	0.0704937657202	0.106971364009	0.0852758013101	0.124335884434	0.113333423003	0.0896337444685	0.129325998359	0.131141808008	0.0997350262956	0.108168453334	0.106971364009	0.120031743043	0.0646293730749	0.0528871373425	0.0933460664183	0.0469958438135	0.113198918584	0.0917589142803	0.0846301801014	0.120381454531	0.0823032536619	0.0782277697822	0.123596110132	0.0576620441982	0.118579095323	0.0755914831802	0.0	0.0769768786905
937495960-supragingivalplaque1.freeze11.snv.mod.fix.bam	0.0424495944692	0.0444402598625	0.0398940105182	0.0451531332804	0.0720271160908	0.0627732121	0.0461753668608	0.0811061643375	0.0499145896943	0.0307073587367	0.0393290919607	0.0441443501419	0.0475338614873	0.0249102183007	0.0619258342637	0.0371635708233	0.075255222134	0.0624638519375	0.0500759949964	0.0765733654351	0.0895126904919	0.0483005366726	0.0602714299165	0.0666738402357	0.0711528373707	0.0278962163907	0.0259728032066	0.0520263090643	0.0345676355468	0.0658937146085	0.0433776749566	0.0428934590501	0.0771517344345	0.0345138337794	0.0397191547742	0.0817248846625	0.0483677888819	0.0813348218489	0.0359530310571	0.0769768786905	0.0
