	HT14A.freeze11.snv.mod.fix.bam	HT25A.freeze11.snv.mod.fix.bam	NLM027.freeze11.snv.mod.fix.bam	O2.CD2-0-PT.freeze11.snv.mod.fix.bam	O2.UC26-1.freeze11.snv.mod.fix.bam	SAMEA3136680.freeze11.snv.mod.fix.bam	SAMEA3136690.freeze11.snv.mod.fix.bam	SAMEA3136712.freeze11.snv.mod.fix.bam	SAMEA3136720.freeze11.snv.mod.fix.bam	SAMEA3136722.freeze11.snv.mod.fix.bam	SAMEA3136769.freeze11.snv.mod.fix.bam	SZEY-35A.freeze11.snv.mod.fix.bam	V1.CD12-3.freeze11.snv.mod.fix.bam	V1.CD17-4.freeze11.snv.mod.fix.bam	V1.CD20-4.freeze11.snv.mod.fix.bam	V1.CD3-0-PT.freeze11.snv.mod.fix.bam	V1.CD32-0.freeze11.snv.mod.fix.bam	V1.CD32-4.freeze11.snv.mod.fix.bam	V1.CD35-1.freeze11.snv.mod.fix.bam	V1.CD4-0-PT.freeze11.snv.mod.fix.bam	V1.CD46-0.freeze11.snv.mod.fix.bam	V1.CD54-0.freeze11.snv.mod.fix.bam	V1.FI18.freeze11.snv.mod.fix.bam	V1.FI22.freeze11.snv.mod.fix.bam
HT14A.freeze11.snv.mod.fix.bam	0.0	0.178447776029	0.169502194981	0.189447527541	0.178414644247	0.171506667771	0.181843783649	0.181926613104	0.161832187526	0.174339435103	0.168243187277	0.184726248654	0.135856870703	0.189845108921	0.186217178829	0.172616582457	0.175035202518	0.180170628676	0.146061459455	0.172533753003	0.242574339435	0.209210635302	0.163820094426	0.165360722273
HT25A.freeze11.snv.mod.fix.bam	0.178447776029	0.0	0.150716474778	0.178596869047	0.165195063365	0.128998591899	0.132825312681	0.160705706949	0.144272343245	0.162163505342	0.149242110494	0.12702725089	0.11405615837	0.173163256854	0.166603164085	0.1597117535	0.157607885364	0.164201109915	0.129694359314	0.15951296281	0.225296115299	0.191584527458	0.145796405202	0.141406444132
NLM027.freeze11.snv.mod.fix.bam	0.169502194981	0.150716474778	0.0	0.0983185620807	0.15633231177	0.145879234656	0.134829785472	0.149490598857	0.142251304564	0.154708854469	0.146939451669	0.139948645738	0.0970595543775	0.141307048787	0.126745630746	0.154708854469	0.13479665369	0.139832684503	0.0705375631575	0.15474198625	0.131533173196	0.157823241945	0.0727242607471	0.0922554460366
O2.CD2-0-PT.freeze11.snv.mod.fix.bam	0.189447527541	0.178596869047	0.0983185620807	0.0	0.181959744885	0.172301830531	0.144653358734	0.174935807173	0.164565559513	0.181396504597	0.175515613352	0.163273420028	0.114172119606	0.157193738093	0.145663878075	0.177188768326	0.151809823573	0.155007040504	0.0800298186035	0.177304729562	0.120781910047	0.172931334383	0.0712333305724	0.106402716806
O2.UC26-1.freeze11.snv.mod.fix.bam	0.178414644247	0.165195063365	0.15633231177	0.181959744885	0.0	0.153963389381	0.163820094426	0.164366768823	0.143742234739	0.111488445291	0.118777437257	0.1597117535	0.110991468566	0.160208730224	0.162097241779	0.122421933239	0.0870537563157	0.0906319887352	0.0820011596124	0.122272840222	0.229437588006	0.189099643833	0.151130622049	0.140246831773
SAMEA3136680.freeze11.snv.mod.fix.bam	0.171506667771	0.128998591899	0.145879234656	0.172301830531	0.153963389381	0.0	0.105160274994	0.152886606477	0.11864491013	0.146078025346	0.137695684585	0.142251304564	0.0965957094343	0.16171622629	0.156514536569	0.145050940114	0.140677544935	0.147817443883	0.125503188934	0.144934978878	0.224269030067	0.18025345813	0.144239211464	0.135542118777
SAMEA3136690.freeze11.snv.mod.fix.bam	0.181843783649	0.132825312681	0.134829785472	0.144653358734	0.163820094426	0.105160274994	0.0	0.15474198625	0.130042243022	0.156961815622	0.147966536901	0.137927607057	0.091824732875	0.165526381181	0.156564234242	0.155238962975	0.127938374886	0.147900273337	0.111455313509	0.155106435849	0.198757558188	0.191733620475	0.123979126978	0.126049863331
SAMEA3136712.freeze11.snv.mod.fix.bam	0.181926613104	0.160705706949	0.149490598857	0.174935807173	0.164366768823	0.152886606477	0.15474198625	0.0	0.134879483144	0.158568707032	0.148297854717	0.15494077694	0.106203926116	0.172732543693	0.160788536404	0.156282614098	0.152886606477	0.15792263729	0.129479002733	0.156100389298	0.222463347967	0.182175101466	0.14536569204	0.138606808581
SAMEA3136720.freeze11.snv.mod.fix.bam	0.161832187526	0.144272343245	0.142251304564	0.164565559513	0.143742234739	0.11864491013	0.130042243022	0.134879483144	0.0	0.132063281703	0.125486623043	0.139832684503	0.0848836246169	0.149374637621	0.14755238963	0.128170297358	0.128286258594	0.134448769983	0.116358817195	0.128004638449	0.218603495403	0.172368094094	0.137264971424	0.129180816698
SAMEA3136722.freeze11.snv.mod.fix.bam	0.174339435103	0.162163505342	0.154708854469	0.181396504597	0.111488445291	0.146078025346	0.156961815622	0.158568707032	0.132063281703	0.0	0.119854220161	0.156580800133	0.107148181893	0.163604737845	0.163323117701	0.0350865567796	0.105359065684	0.108920732212	0.11445373975	0.0351196885613	0.235666362959	0.190706535244	0.152704381678	0.144984676551
SAMEA3136769.freeze11.snv.mod.fix.bam	0.168243187277	0.149242110494	0.146939451669	0.175515613352	0.118777437257	0.137695684585	0.147966536901	0.148297854717	0.125486623043	0.119854220161	0.0	0.146492172617	0.0935475855214	0.157160606312	0.153350451421	0.118876832602	0.106866561749	0.112598359977	0.113211297938	0.118694607803	0.225809657914	0.179408597697	0.144305475027	0.135724343577
SZEY-35A.freeze11.snv.mod.fix.bam	0.184726248654	0.12702725089	0.139948645738	0.163273420028	0.1597117535	0.142251304564	0.137927607057	0.15494077694	0.139832684503	0.156580800133	0.146492172617	0.0	0.105789778845	0.158634970596	0.159015986085	0.156282614098	0.149275242276	0.155487451338	0.121891824733	0.15613352108	0.209260332974	0.177901101632	0.128534746956	0.129296777934
V1.CD12-3.freeze11.snv.mod.fix.bam	0.135856870703	0.11405615837	0.0970595543775	0.114172119606	0.110991468566	0.0965957094343	0.091824732875	0.106203926116	0.0848836246169	0.107148181893	0.0935475855214	0.105789778845	0.0	0.117899445043	0.098285430299	0.101051934068	0.0816698417957	0.0914271514951	0.0628012921395	0.100820011596	0.156249482316	0.13060548331	0.0812722604158	0.07557359397
V1.CD17-4.freeze11.snv.mod.fix.bam	0.189845108921	0.173163256854	0.141307048787	0.157193738093	0.160208730224	0.16171622629	0.165526381181	0.172732543693	0.149374637621	0.163604737845	0.157160606312	0.158634970596	0.117899445043	0.0	0.149921312019	0.16290897043	0.157773544272	0.162875838648	0.117866313261	0.162726745631	0.192727573925	0.172069908059	0.124128219995	0.120665948811
V1.CD20-4.freeze11.snv.mod.fix.bam	0.186217178829	0.166603164085	0.126745630746	0.145663878075	0.162097241779	0.156514536569	0.156564234242	0.160788536404	0.14755238963	0.163323117701	0.153350451421	0.159015986085	0.098285430299	0.149921312019	0.0	0.160821668185	0.149589994202	0.160490350369	0.10688312764	0.160407520914	0.196869046633	0.177553217924	0.116756398575	0.114404042077
V1.CD3-0-PT.freeze11.snv.mod.fix.bam	0.172616582457	0.1597117535	0.154708854469	0.177188768326	0.122421933239	0.145050940114	0.155238962975	0.156282614098	0.128170297358	0.0350865567796	0.118876832602	0.156282614098	0.101051934068	0.16290897043	0.160821668185	0.0	0.114983848256	0.119821088379	0.11524890251	0.0	0.238333471382	0.188370744637	0.151611032883	0.143261823905
V1.CD32-0.freeze11.snv.mod.fix.bam	0.175035202518	0.157607885364	0.13479665369	0.151809823573	0.0870537563157	0.140677544935	0.127938374886	0.152886606477	0.128286258594	0.105359065684	0.106866561749	0.149275242276	0.0816698417957	0.157773544272	0.149589994202	0.114983848256	0.0	0.0058643253541	0.0727242607471	0.11485132113	0.199138573677	0.184013915348	0.120864739501	0.106071398989
V1.CD32-4.freeze11.snv.mod.fix.bam	0.180170628676	0.164201109915	0.139832684503	0.155007040504	0.0906319887352	0.147817443883	0.147900273337	0.15792263729	0.134448769983	0.108920732212	0.112598359977	0.155487451338	0.0914271514951	0.162875838648	0.160490350369	0.119821088379	0.0058643253541	0.0	0.0779425163588	0.119787956597	0.21037024766	0.19022612441	0.127656754742	0.1114718794
V1.CD35-1.freeze11.snv.mod.fix.bam	0.146061459455	0.129694359314	0.0705375631575	0.0800298186035	0.0820011596124	0.125503188934	0.111455313509	0.129479002733	0.116358817195	0.11445373975	0.113211297938	0.121891824733	0.0628012921395	0.117866313261	0.10688312764	0.11524890251	0.0727242607471	0.0779425163588	0.0	0.11524890251	0.111736933654	0.127441398161	0.0535575250559	0.069510477926
V1.CD4-0-PT.freeze11.snv.mod.fix.bam	0.172533753003	0.15951296281	0.15474198625	0.177304729562	0.122272840222	0.144934978878	0.155106435849	0.156100389298	0.128004638449	0.0351196885613	0.118694607803	0.15613352108	0.100820011596	0.162726745631	0.160407520914	0.0	0.11485132113	0.119787956597	0.11524890251	0.0	0.238068417129	0.188138822165	0.151445373975	0.143063033215
V1.CD46-0.freeze11.snv.mod.fix.bam	0.242574339435	0.225296115299	0.131533173196	0.120781910047	0.229437588006	0.224269030067	0.198757558188	0.222463347967	0.218603495403	0.235666362959	0.225809657914	0.209260332974	0.156249482316	0.192727573925	0.196869046633	0.238333471382	0.199138573677	0.21037024766	0.111736933654	0.238068417129	0.0	0.208150418289	0.096131864491	0.134498467655
V1.CD54-0.freeze11.snv.mod.fix.bam	0.209210635302	0.191584527458	0.157823241945	0.172931334383	0.189099643833	0.18025345813	0.191733620475	0.182175101466	0.172368094094	0.190706535244	0.179408597697	0.177901101632	0.13060548331	0.172069908059	0.177553217924	0.188370744637	0.184013915348	0.19022612441	0.127441398161	0.188138822165	0.208150418289	0.0	0.140892901516	0.131881056904
V1.FI18.freeze11.snv.mod.fix.bam	0.163820094426	0.145796405202	0.0727242607471	0.0712333305724	0.151130622049	0.144239211464	0.123979126978	0.14536569204	0.137264971424	0.152704381678	0.144305475027	0.128534746956	0.0812722604158	0.124128219995	0.116756398575	0.151611032883	0.120864739501	0.127656754742	0.0535575250559	0.151445373975	0.096131864491	0.140892901516	0.0	0.0719456638781
V1.FI22.freeze11.snv.mod.fix.bam	0.165360722273	0.141406444132	0.0922554460366	0.106402716806	0.140246831773	0.135542118777	0.126049863331	0.138606808581	0.129180816698	0.144984676551	0.135724343577	0.129296777934	0.07557359397	0.120665948811	0.114404042077	0.143261823905	0.106071398989	0.1114718794	0.069510477926	0.143063033215	0.134498467655	0.131881056904	0.0719456638781	0.0
