	158337416-stool1.freeze11.snv.mod.fix.bam	158984779-stool1.freeze11.snv.mod.fix.bam	159753524-stool1.freeze11.snv.mod.fix.bam	159753524-stool3.freeze11.snv.mod.fix.bam	160502038-stool1.freeze11.snv.mod.fix.bam	160502038-stool2.freeze11.snv.mod.fix.bam	764143897-stool1.freeze11.snv.mod.fix.bam	765094712-stool3.freeze11.snv.mod.fix.bam	765620695-stool1.freeze11.snv.mod.fix.bam	CCIS27927933ST-4-0.freeze11.snv.mod.fix.bam	CCIS41288781ST-4-0.freeze11.snv.mod.fix.bam	CCMD45988061ST-21-0.freeze11.snv.mod.fix.bam	CCMD88272491ST-21-0.freeze11.snv.mod.fix.bam	ED12A.freeze11.snv.mod.fix.bam	ED15A.freeze11.snv.mod.fix.bam	HT14A.freeze11.snv.mod.fix.bam	HT25A.freeze11.snv.mod.fix.bam	M3.3-V3.metaT.freeze11.snv.mod.fix.bam	MH0309.freeze11.snv.mod.fix.bam	NG-5636_312.freeze11.snv.mod.fix.bam	SAMEA3136692.freeze11.snv.mod.fix.bam	T2D-31A.freeze11.snv.mod.fix.bam	V1.CD3-0-PN.freeze11.snv.mod.fix.bam	V1.FI05.freeze11.snv.mod.fix.bam	V1.FI34.freeze11.snv.mod.fix.bam
158337416-stool1.freeze11.snv.mod.fix.bam	0.0	0.170312995088	0.162576974404	0.167546357497	0.174350116202	0.177709908731	0.0777000175591	0.0440270353834	0.0770855866397	0.0782695136686	0.133391078666	0.165587880219	0.169490661285	0.0786998748001	0.160743215737	0.180862237389	0.148505601489	0.0302186557107	0.147370106307	0.170810046479	0.181228097549	0.175801384141	0.192168788689	0.13860326123	0.180285191742
158984779-stool1.freeze11.snv.mod.fix.bam	0.170312995088	0.0	0.123970110494	0.123647753576	0.142600478449	0.165320458573	0.136722568693	0.174398228114	0.159659382326	0.163142391698	0.139015764031	0.164528391307	0.146446124891	0.171730112727	0.155056008183	0.150384176981	0.147620941565	0.163428245985	0.139862942257	0.132567246213	0.14017768413	0.145938640662	0.179172793864	0.148910693939	0.155957626229
159753524-stool1.freeze11.snv.mod.fix.bam	0.162576974404	0.123970110494	0.0	0.0927122619838	0.144911725011	0.16388766868	0.129023583025	0.166913666437	0.154377993223	0.158098446401	0.139405104728	0.160376144535	0.151777677371	0.16626237325	0.152264711875	0.167141753319	0.142795151581	0.156367281296	0.135704919334	0.124533839838	0.160817491585	0.163034376591	0.181196800505	0.144158545902	0.166757718456
159753524-stool3.freeze11.snv.mod.fix.bam	0.167546357497	0.123647753576	0.0927122619838	0.0	0.14162971936	0.165283470491	0.1372716776	0.170269426845	0.157726595602	0.161042281239	0.143019489006	0.16345255908	0.153888932866	0.167650639343	0.151488983584	0.101160207171	0.144156673961	0.16014317135	0.141394799301	0.138580422824	0.156524038037	0.113389529634	0.181668271315	0.149210962265	0.164472809424
160502038-stool1.freeze11.snv.mod.fix.bam	0.174350116202	0.142600478449	0.144911725011	0.14162971936	0.0	0.0440113913081	0.148639077019	0.179918294447	0.167381308763	0.168323614965	0.15597012678	0.171539673185	0.162546303851	0.174311602293	0.159484207754	0.15965213067	0.156332426812	0.17251186505	0.115265849263	0.15254004165	0.16879346216	0.153847749066	0.188627345285	0.159371748139	0.171146733398
160502038-stool2.freeze11.snv.mod.fix.bam	0.177709908731	0.165320458573	0.16388766868	0.165283470491	0.0440113913081	0.0	0.164461724594	0.181086455039	0.173589782984	0.170897021394	0.167581023447	0.175360663613	0.171160723523	0.176140673511	0.165878214123	0.176291145504	0.166261584122	0.177378484605	0.122161340269	0.167812272145	0.177750162557	0.170750146451	0.192417744125	0.169729243725	0.176398681301
764143897-stool1.freeze11.snv.mod.fix.bam	0.0777000175591	0.136722568693	0.129023583025	0.1372716776	0.148639077019	0.164461724594	0.0	0.0905676834735	0.100281892817	0.105643988959	0.11893209248	0.151668501291	0.152873210001	0.112444061091	0.148950475117	0.170767894098	0.135198747741	0.0760214339277	0.124581940268	0.140565142617	0.167155908863	0.165595826435	0.183093649728	0.125512315052	0.169627743546
765094712-stool3.freeze11.snv.mod.fix.bam	0.0440270353834	0.174398228114	0.166913666437	0.170269426845	0.179918294447	0.181086455039	0.0905676834735	0.0	0.078331673982	0.0918458336498	0.139378027461	0.162359379142	0.173798325389	0.0914799695199	0.165016644442	0.184115112638	0.152918515015	0.0470111506416	0.148561482905	0.174443361661	0.183682566232	0.177898985889	0.195188662785	0.144555786211	0.183943195289
765620695-stool1.freeze11.snv.mod.fix.bam	0.0770855866397	0.159659382326	0.154377993223	0.157726595602	0.167381308763	0.173589782984	0.100281892817	0.078331673982	0.0	0.0630424069338	0.118436929759	0.160115812424	0.162417939714	0.0509988600755	0.157418346142	0.174981157579	0.136845387701	0.0805998232202	0.137736430497	0.163352543181	0.174488575189	0.170059918963	0.18874280109	0.133728785883	0.176704372418
CCIS27927933ST-4-0.freeze11.snv.mod.fix.bam	0.0782695136686	0.163142391698	0.158098446401	0.161042281239	0.168323614965	0.170897021394	0.105643988959	0.0918458336498	0.0630424069338	0.0	0.108150234781	0.160248854725	0.165608785345	0.0414897579956	0.154123277144	0.175597396127	0.136262119008	0.0816818148063	0.140295085208	0.165490565089	0.176721009828	0.171120904698	0.188712216879	0.134356716972	0.17287780202
CCIS41288781ST-4-0.freeze11.snv.mod.fix.bam	0.133391078666	0.139015764031	0.139405104728	0.143019489006	0.15597012678	0.167581023447	0.11893209248	0.139378027461	0.118436929759	0.108150234781	0.0	0.154540539309	0.152701108566	0.120674358472	0.154384793971	0.16952935973	0.134634990337	0.128400247295	0.134587481389	0.145132403826	0.161389982124	0.164550275534	0.174473531092	0.132194276525	0.165468491207
CCMD45988061ST-21-0.freeze11.snv.mod.fix.bam	0.165587880219	0.164528391307	0.160376144535	0.16345255908	0.171539673185	0.175360663613	0.151668501291	0.162359379142	0.160115812424	0.160248854725	0.154540539309	0.0	0.170910082634	0.164287203086	0.165246428516	0.180066660024	0.160340857519	0.163111994103	0.150843381019	0.153308843943	0.177400327543	0.176281026452	0.188315714964	0.158814231281	0.179074196216
CCMD88272491ST-21-0.freeze11.snv.mod.fix.bam	0.169490661285	0.146446124891	0.151777677371	0.153888932866	0.162546303851	0.171160723523	0.152873210001	0.173798325389	0.162417939714	0.165608785345	0.152701108566	0.170910082634	0.0	0.171180081988	0.160075076462	0.170552160101	0.156795678237	0.163565381979	0.151694360612	0.155206431066	0.162205183969	0.167199246684	0.182782085963	0.161830671575	0.165953136502
ED12A.freeze11.snv.mod.fix.bam	0.0786998748001	0.171730112727	0.16626237325	0.167650639343	0.174311602293	0.176140673511	0.112444061091	0.0914799695199	0.0509988600755	0.0414897579956	0.120674358472	0.164287203086	0.171180081988	0.0	0.158314036034	0.176543350562	0.135073737744	0.0838628469531	0.146462581807	0.173434146802	0.181439045738	0.172863587196	0.191875461734	0.138801151736	0.17816987394
ED15A.freeze11.snv.mod.fix.bam	0.160743215737	0.155056008183	0.152264711875	0.151488983584	0.159484207754	0.165878214123	0.148950475117	0.165016644442	0.157418346142	0.154123277144	0.154384793971	0.165246428516	0.160075076462	0.158314036034	0.0	0.161896145436	0.118554877074	0.156833173204	0.152403881286	0.153762687044	0.164436397143	0.160016845008	0.182531810042	0.156543680067	0.165818698217
HT14A.freeze11.snv.mod.fix.bam	0.180862237389	0.150384176981	0.167141753319	0.101160207171	0.15965213067	0.176291145504	0.170767894098	0.184115112638	0.174981157579	0.175597396127	0.16952935973	0.180066660024	0.170552160101	0.176543350562	0.161896145436	0.0	0.164469117152	0.175460412367	0.170405487631	0.170474248155	0.154660209253	0.0498174449185	0.18871780432	0.175457104564	0.165801038662
HT25A.freeze11.snv.mod.fix.bam	0.148505601489	0.147620941565	0.142795151581	0.144156673961	0.156332426812	0.166261584122	0.135198747741	0.152918515015	0.136845387701	0.136262119008	0.134634990337	0.160340857519	0.156795678237	0.135073737744	0.118554877074	0.164469117152	0.0	0.146454402345	0.138566261314	0.151993770651	0.16790952723	0.162539881222	0.181303952737	0.138674398188	0.164531313907
M3.3-V3.metaT.freeze11.snv.mod.fix.bam	0.0302186557107	0.163428245985	0.156367281296	0.16014317135	0.17251186505	0.177378484605	0.0760214339277	0.0470111506416	0.0805998232202	0.0816818148063	0.128400247295	0.163111994103	0.163565381979	0.0838628469531	0.156833173204	0.175460412367	0.146454402345	0.0	0.143563245597	0.165792351451	0.173851479909	0.17035114329	0.18728890192	0.132981836252	0.175849150245
MH0309.freeze11.snv.mod.fix.bam	0.147370106307	0.139862942257	0.135704919334	0.141394799301	0.115265849263	0.122161340269	0.124581940268	0.148561482905	0.137736430497	0.140295085208	0.134587481389	0.150843381019	0.151694360612	0.146462581807	0.152403881286	0.170405487631	0.138566261314	0.143563245597	0.0	0.142740098704	0.168915365644	0.164787005742	0.182135367647	0.135956083417	0.169477772648
NG-5636_312.freeze11.snv.mod.fix.bam	0.170810046479	0.132567246213	0.124533839838	0.138580422824	0.15254004165	0.167812272145	0.140565142617	0.174443361661	0.163352543181	0.165490565089	0.145132403826	0.153308843943	0.155206431066	0.173434146802	0.153762687044	0.170474248155	0.151993770651	0.165792351451	0.142740098704	0.0	0.160314254006	0.163023237383	0.180798921935	0.152365476765	0.167905778608
SAMEA3136692.freeze11.snv.mod.fix.bam	0.181228097549	0.14017768413	0.160817491585	0.156524038037	0.16879346216	0.177750162557	0.167155908863	0.183682566232	0.174488575189	0.176721009828	0.161389982124	0.177400327543	0.162205183969	0.181439045738	0.164436397143	0.154660209253	0.16790952723	0.173851479909	0.168915365644	0.160314254006	0.0	0.150139351749	0.182414259125	0.174139164694	0.159512981227
T2D-31A.freeze11.snv.mod.fix.bam	0.175801384141	0.145938640662	0.163034376591	0.113389529634	0.153847749066	0.170750146451	0.165595826435	0.177898985889	0.170059918963	0.171120904698	0.164550275534	0.176281026452	0.167199246684	0.172863587196	0.160016845008	0.0498174449185	0.162539881222	0.17035114329	0.164787005742	0.163023237383	0.150139351749	0.0	0.184774739847	0.172640447372	0.160762350082
V1.CD3-0-PN.freeze11.snv.mod.fix.bam	0.192168788689	0.179172793864	0.181196800505	0.181668271315	0.188627345285	0.192417744125	0.183093649728	0.195188662785	0.18874280109	0.188712216879	0.174473531092	0.188315714964	0.182782085963	0.191875461734	0.182531810042	0.18871780432	0.181303952737	0.18728890192	0.182135367647	0.180798921935	0.182414259125	0.184774739847	0.0	0.186976050953	0.187959368301
V1.FI05.freeze11.snv.mod.fix.bam	0.13860326123	0.148910693939	0.144158545902	0.149210962265	0.159371748139	0.169729243725	0.125512315052	0.144555786211	0.133728785883	0.134356716972	0.132194276525	0.158814231281	0.161830671575	0.138801151736	0.156543680067	0.175457104564	0.138674398188	0.132981836252	0.135956083417	0.152365476765	0.174139164694	0.172640447372	0.186976050953	0.0	0.174131526721
V1.FI34.freeze11.snv.mod.fix.bam	0.180285191742	0.155957626229	0.166757718456	0.164472809424	0.171146733398	0.176398681301	0.169627743546	0.183943195289	0.176704372418	0.17287780202	0.165468491207	0.179074196216	0.165953136502	0.17816987394	0.165818698217	0.165801038662	0.164531313907	0.175849150245	0.169477772648	0.167905778608	0.159512981227	0.160762350082	0.187959368301	0.174131526721	0.0
