	158337416-stool1.freeze11.snv.mod.fix.bam	158337416-stool2.freeze11.snv.mod.fix.bam	158458797-stool1.freeze11.snv.mod.fix.bam	158479027-stool1.freeze11.snv.mod.fix.bam	158479027-stool2.freeze11.snv.mod.fix.bam	158499257-stool1.freeze11.snv.mod.fix.bam	158802708-stool1.freeze11.snv.mod.fix.bam	158802708-stool2.freeze11.snv.mod.fix.bam	158802708-stool3.freeze11.snv.mod.fix.bam	158822939-stool1.freeze11.snv.mod.fix.bam	158944319-stool3.freeze11.snv.mod.fix.bam	158984779-stool1.freeze11.snv.mod.fix.bam	159227541-stool2.freeze11.snv.mod.fix.bam	159247771-stool1.freeze11.snv.mod.fix.bam	159247771-stool2.freeze11.snv.mod.fix.bam	159490532-stool1.freeze11.snv.mod.fix.bam	159713063-stool2.freeze11.snv.mod.fix.bam	159733294-stool1.freeze11.snv.mod.fix.bam	159753524-stool2.freeze11.snv.mod.fix.bam	159753524-stool3.freeze11.snv.mod.fix.bam	160603188-stool3.freeze11.snv.mod.fix.bam	160704339-stool1.freeze11.snv.mod.fix.bam	178713055-stool2.freeze11.snv.mod.fix.bam	375450439-stool3.freeze11.snv.mod.fix.bam	508703490-stool1.freeze11.snv.mod.fix.bam	508703490-stool2.freeze11.snv.mod.fix.bam	508703490-stool3.freeze11.snv.mod.fix.bam	604812005-stool1.freeze11.snv.mod.fix.bam	604812005-stool2.freeze11.snv.mod.fix.bam	604812005-stool3.freeze11.snv.mod.fix.bam	675950834-stool1.freeze11.snv.mod.fix.bam	706846339-stool1.freeze11.snv.mod.fix.bam	706846339-stool2.freeze11.snv.mod.fix.bam	763597684-stool2.freeze11.snv.mod.fix.bam	763678604-stool2.freeze11.snv.mod.fix.bam	763860675-stool2.freeze11.snv.mod.fix.bam	763901136-stool2.freeze11.snv.mod.fix.bam	763982056-stool2.freeze11.snv.mod.fix.bam	763982056-stool3.freeze11.snv.mod.fix.bam	764002286-stool2.freeze11.snv.mod.fix.bam	764083206-stool1.freeze11.snv.mod.fix.bam	764305738-stool2.freeze11.snv.mod.fix.bam	764447348-stool1.freeze11.snv.mod.fix.bam	764649650-stool2.freeze11.snv.mod.fix.bam	765013792-stool1.freeze11.snv.mod.fix.bam	765034022-stool1.freeze11.snv.mod.fix.bam	765034022-stool2.freeze11.snv.mod.fix.bam	765074482-stool1.freeze11.snv.mod.fix.bam	765074482-stool3.freeze11.snv.mod.fix.bam	765195863-stool3.freeze11.snv.mod.fix.bam	765216093-stool3.freeze11.snv.mod.fix.bam	765620695-stool1.freeze11.snv.mod.fix.bam	857980665-stool3.freeze11.snv.mod.fix.bam	866653606-stool1.freeze11.snv.mod.fix.bam	CCIS24254057ST-4-0.freeze11.snv.mod.fix.bam	CCIS41222843ST-4-0.freeze11.snv.mod.fix.bam	CCIS64773582ST-4-0.freeze11.snv.mod.fix.bam	CCIS83574003ST-4-0.freeze11.snv.mod.fix.bam	CCMD25511638ST-21-0.freeze11.snv.mod.fix.bam	CCMD50071957ST-21-0.freeze11.snv.mod.fix.bam	CCMD88272491ST-21-0.freeze11.snv.mod.fix.bam	MH0233.freeze11.snv.mod.fix.bam	MH0281.freeze11.snv.mod.fix.bam	MH0332.freeze11.snv.mod.fix.bam	MH0367.freeze11.snv.mod.fix.bam	MH0406.freeze11.snv.mod.fix.bam	MH0410.freeze11.snv.mod.fix.bam	MH0419.freeze11.snv.mod.fix.bam	MH0433.freeze11.snv.mod.fix.bam	MH0446.freeze11.snv.mod.fix.bam	MH0456.freeze11.snv.mod.fix.bam	MMRS25211151ST-27-0-0.freeze11.snv.mod.fix.bam	MMRS55294627ST-27-0-0.freeze11.snv.mod.fix.bam	MMRS57569834ST-27-0-0.freeze11.snv.mod.fix.bam	MMRS85548821ST-27-0-0.freeze11.snv.mod.fix.bam	O2.UC41-1.freeze11.snv.mod.fix.bam	SAMEA3136764.freeze11.snv.mod.fix.bam	T2D-56A.freeze11.snv.mod.fix.bam	V1.CD49-0.freeze11.snv.mod.fix.bam	V1.CD50-0.freeze11.snv.mod.fix.bam	V1.FI10.freeze11.snv.mod.fix.bam	V1.FI23.freeze11.snv.mod.fix.bam	V1.FI24.freeze11.snv.mod.fix.bam	alien-11-0-0.freeze11.snv.mod.fix.bam	alien-11-7-0.freeze11.snv.mod.fix.bam	alien-12-7-0.freeze11.snv.mod.fix.bam	alien-13-7-0.freeze11.snv.mod.fix.bam
158337416-stool1.freeze11.snv.mod.fix.bam	0.0	0.0030576123375	0.160393634603	0.150747519976	0.151045041974	0.0971798888722	0.154400425692	0.154575678063	0.152720186578	0.0972679763866	0.12448735404	0.149409971486	0.154262436681	0.174755951058	0.182817944737	0.154553280746	0.305104278793	0.152133000157	0.172858875358	0.172889318958	0.148321247612	0.12632546321	0.291673795939	0.169683703872	0.153718625769	0.153502046002	0.151666851558	0.114282600065	0.113078412863	0.116025025646	0.150974156297	0.166108435418	0.167689108011	0.16115445084	0.279302958069	0.149447417307	0.155586821665	0.15464313351	0.158901483244	0.144468387238	0.151674997977	0.157640847722	0.159522318745	0.155878026388	0.151546277496	0.109633020205	0.111614506081	0.154888131917	0.156120349195	0.296073278628	0.256494210303	0.158150903664	0.155691569642	0.163312541818	0.15349831451	0.167906236984	0.154641917919	0.148100209656	0.14752054938	0.142449686146	0.172189185566	0.311739379967	0.28177139414	0.152625474727	0.16583339425	0.149782878691	0.123118032868	0.306974422061	0.295876658606	0.156045161424	0.162353913159	0.155073494167	0.143743811375	0.12403410631	0.284550063943	0.150279866303	0.288605371356	0.127369175038	0.174410174096	0.145737074917	0.151605004818	0.307980391565	0.281469019958	0.157721246014	0.161681195387	0.15939032531	0.161193663766
158337416-stool2.freeze11.snv.mod.fix.bam	0.0030576123375	0.0	0.160350208868	0.150648101824	0.15070042942	0.097227367457	0.154222026996	0.154304057336	0.152727152701	0.0975202726534	0.124970229968	0.149276207677	0.154223979209	0.174622354685	0.182335458488	0.154316317689	0.305308157794	0.152907288164	0.172701114717	0.172552180209	0.148511933208	0.126458912747	0.291696459242	0.169718779176	0.153496415979	0.153513405987	0.15165231372	0.114279465208	0.113223346841	0.116165981681	0.151004946287	0.166247791409	0.167807136467	0.161043118493	0.279140106012	0.14962819183	0.155512202341	0.154659592902	0.159030204796	0.14460176844	0.152022896246	0.158390198868	0.160073664419	0.155967457784	0.151702637096	0.109682713621	0.111694582956	0.154894352106	0.156269903777	0.295942881257	0.256495092193	0.159018869737	0.155745814931	0.16345157432	0.153522147056	0.168093177441	0.15468374602	0.14822686653	0.147583097695	0.142573565752	0.172331387687	0.311350744877	0.282416017699	0.152412842969	0.165722009772	0.149963995864	0.123119743237	0.307435796626	0.295907329824	0.156803403031	0.162235515695	0.155199516387	0.14370169371	0.124306968495	0.284371582739	0.150308702777	0.288680716377	0.127099317415	0.174400603667	0.146212308125	0.151292299023	0.307771413404	0.281460375499	0.158023960191	0.161940544641	0.159779243191	0.161506055888
158458797-stool1.freeze11.snv.mod.fix.bam	0.160393634603	0.160350208868	0.0	0.182220066713	0.18273499972	0.159353917517	0.183608607107	0.184083159396	0.182353475097	0.158654232408	0.15456402149	0.188136915408	0.186076802493	0.183914526812	0.189307319537	0.185953110535	0.272602951481	0.183697755159	0.186531963279	0.186786804862	0.182682947632	0.152493250283	0.25981825317	0.187126598348	0.185804289704	0.185362270158	0.186393384122	0.143313852038	0.142949618352	0.143237699003	0.184464018222	0.183851167886	0.184761343423	0.178312614954	0.252777235234	0.186106289379	0.186039253829	0.184653467105	0.187339565724	0.180771178791	0.18461879176	0.176822205316	0.186753179849	0.184170209371	0.19158094168	0.138919031382	0.13925450171	0.187563672845	0.188442392477	0.264811205457	0.245944135776	0.179310407568	0.186513633297	0.182625037393	0.18360051609	0.178254116288	0.18309307776	0.180458663221	0.182221827774	0.177495891673	0.187458008613	0.277287239188	0.254701076566	0.186366064053	0.192961122981	0.183554229907	0.157326535233	0.250811932905	0.247957103629	0.184715992842	0.184129136786	0.180508212386	0.179757232378	0.157780389912	0.251924891689	0.182750815491	0.261226859036	0.16672241282	0.187871999521	0.178983268507	0.186949189257	0.27408809315	0.25335607558	0.176285832623	0.17827123568	0.176945586883	0.177887498103
158479027-stool1.freeze11.snv.mod.fix.bam	0.150747519976	0.150648101824	0.182220066713	0.0	0.00279417613252	0.152841277865	0.114941739253	0.115632290719	0.113224502976	0.150474587305	0.152108983543	0.14668154362	0.0987191502411	0.186161673243	0.194047300018	0.100633368478	0.302791407475	0.0996175415864	0.170067406925	0.170360841219	0.095042573918	0.151573826629	0.291996365527	0.180704546762	0.0918533762145	0.090760530645	0.0901535071999	0.146835397326	0.146303758608	0.147058749948	0.152680110435	0.172998096852	0.17364824726	0.162693536342	0.282349783468	0.151119996837	0.104801202033	0.0969431385508	0.0984353731771	0.104424354171	0.158352762798	0.159767681828	0.104378494025	0.0998577803041	0.15233378079	0.148418117438	0.149311487393	0.103901651586	0.103556386834	0.293978214195	0.243014458798	0.166571042289	0.101973149045	0.168221615695	0.102864936006	0.175473315268	0.10803908083	0.0964984276657	0.0835727206456	0.0661402020476	0.167569386457	0.311254701451	0.282826369053	0.0781066007908	0.167928328514	0.118327508676	0.15114572086	0.30584321425	0.294918971678	0.111207779017	0.141669353251	0.116792254197	0.142309632351	0.15722520332	0.283528778288	0.0969176848928	0.286446047717	0.148689724276	0.180091081756	0.100305201688	0.0965448888827	0.306348804145	0.282246180482	0.166497394517	0.170349304548	0.169480678889	0.170083412599
158479027-stool2.freeze11.snv.mod.fix.bam	0.151045041974	0.15070042942	0.18273499972	0.00279417613252	0.0	0.152394200679	0.115913197263	0.116074373618	0.114345649243	0.150877967574	0.153105281383	0.147664435553	0.0989536434126	0.186825285044	0.194314187048	0.101216937828	0.303251264232	0.100517201745	0.170978639834	0.171008430228	0.0962746851845	0.151833885064	0.292885787322	0.181618644453	0.0917524725946	0.0914471558417	0.0904293731973	0.147386234212	0.146557150673	0.147901883177	0.1532478801	0.172631334356	0.173614581367	0.163215139457	0.282243779302	0.151657323092	0.105448806476	0.0977714118776	0.0996821470166	0.105099231273	0.159150144237	0.160304316758	0.104076449004	0.101038454213	0.152950094686	0.148757703548	0.150210717563	0.10464954784	0.104812005793	0.294808435423	0.243676009911	0.167077199688	0.103050202476	0.169074309128	0.104228998197	0.176525534223	0.108463711641	0.0977795770513	0.0849800593307	0.0675999370444	0.168459052166	0.311534271831	0.283090654355	0.0786543061652	0.168475290379	0.118770765979	0.151415375654	0.306053153077	0.295098777579	0.111802405012	0.14177632705	0.117547395148	0.143376573358	0.158186299013	0.284456418748	0.0977542070549	0.287302826402	0.149168453025	0.180530921616	0.10111091665	0.0971774756336	0.306919820977	0.282811155423	0.167267840193	0.171076748996	0.170232627207	0.170834765372
158499257-stool1.freeze11.snv.mod.fix.bam	0.0971798888722	0.097227367457	0.159353917517	0.152841277865	0.152394200679	0.0	0.157207005843	0.157286309512	0.155293943548	0.0476909380111	0.1279657269	0.155785476973	0.154389602963	0.169538978216	0.178854833499	0.152480668118	0.294034757964	0.151675043099	0.172629144514	0.172721241376	0.151647055064	0.127516327408	0.282084198779	0.169197612591	0.151299582912	0.151433526263	0.147886111479	0.116041683993	0.114803933652	0.118231929405	0.152494002985	0.162600261412	0.164639338976	0.162561562799	0.267322242427	0.154757996327	0.156332820447	0.150769638595	0.155694182696	0.137497457142	0.151779486923	0.156577517555	0.157149048961	0.155218450168	0.157588195363	0.116104619935	0.118542081081	0.154508793931	0.156127909865	0.28591983387	0.252058754493	0.160283502516	0.156051142815	0.16465503341	0.154999721197	0.160858988017	0.154962146289	0.149965005155	0.151780493966	0.144835867496	0.169012626476	0.301167427436	0.273074208249	0.156897780922	0.16486354221	0.152403269786	0.126355469573	0.297519377317	0.287674884467	0.158190989721	0.156979799993	0.152300631477	0.149438921308	0.125423985025	0.273894877816	0.151664462245	0.276087490878	0.130475765723	0.167887941794	0.144150761012	0.152822371313	0.297964828134	0.270930348229	0.154477319185	0.158365617953	0.157020978625	0.157644768775
158802708-stool1.freeze11.snv.mod.fix.bam	0.154400425692	0.154222026996	0.183608607107	0.114941739253	0.115913197263	0.157207005843	0.0	0.002008568749	0.00112163123528	0.155992166969	0.152948635587	0.15569783906	0.0949719717754	0.186837260917	0.194025820292	0.0965431884889	0.297325208154	0.0948891974239	0.173105939817	0.173339628604	0.0869668391753	0.154269425826	0.286356106506	0.184875619524	0.0842262873064	0.0832507375862	0.0837636551609	0.147946858795	0.14771441565	0.148513444949	0.160175882884	0.17574784506	0.176690085953	0.162617343699	0.276918540195	0.159375646494	0.0995867516556	0.0917729959654	0.0924252763156	0.0978255905266	0.164149598903	0.163315424168	0.0980801398132	0.0964328669374	0.159699885083	0.149470801042	0.150407274491	0.0955847656585	0.0950806279116	0.287964145586	0.246220956132	0.167754181493	0.102862473216	0.16900801716	0.0962306318156	0.176238381633	0.10285101284	0.0904925929601	0.112543021212	0.109193012664	0.169168385712	0.304559829746	0.276570732619	0.114036834488	0.171443860002	0.0938861729281	0.151569947028	0.300668472595	0.292029982591	0.103406694858	0.139824328092	0.11641659389	0.147481077671	0.153034115542	0.277294425468	0.0902747906519	0.281448056533	0.155669951147	0.186395522015	0.0918581037965	0.0907647269272	0.299005166643	0.276329143279	0.167463266891	0.171501265854	0.170450169206	0.170979878105
158802708-stool2.freeze11.snv.mod.fix.bam	0.154575678063	0.154304057336	0.184083159396	0.115632290719	0.116074373618	0.157286309512	0.002008568749	0.0	0.00204189565263	0.156633237677	0.153713894981	0.156333964084	0.0950504632445	0.187199419489	0.194093963968	0.0968233086329	0.297575765907	0.0953531375694	0.173813542211	0.173851713542	0.0877761347643	0.154548358423	0.287053609612	0.185617869479	0.0843250797052	0.0840054612028	0.0844079012389	0.148331324317	0.147882899752	0.149213183703	0.160584579645	0.176151872232	0.177358235862	0.163074660245	0.277158773459	0.15959031355	0.0999444637031	0.0922374833996	0.0932330957433	0.0981375846639	0.16481805785	0.163923195991	0.0983637756867	0.0972216232936	0.160141287257	0.149791979076	0.151132557414	0.0959041034873	0.095854904366	0.288531699894	0.24686632372	0.16823823403	0.10361472157	0.169815282577	0.0971045736115	0.176937594327	0.103578134019	0.0912953705489	0.113337708271	0.110052590381	0.169923936074	0.304597628272	0.276653074906	0.114064538657	0.171722858089	0.0942131642752	0.151711195758	0.300726016402	0.292067638899	0.103775688645	0.13979801897	0.117117433834	0.148243024741	0.153782154088	0.277927274294	0.0906344491499	0.282077776853	0.155964921685	0.186507360153	0.0921848165115	0.0910989626779	0.299447331295	0.276758231882	0.168128188142	0.172174264345	0.171105301015	0.171638670303
158802708-stool3.freeze11.snv.mod.fix.bam	0.152720186578	0.152727152701	0.182353475097	0.113224502976	0.114345649243	0.155293943548	0.00112163123528	0.00204189565263	0.0	0.153857847127	0.15120408369	0.154066783329	0.0932170579912	0.185167259473	0.192763685686	0.0948721599289	0.297100597402	0.0927640050296	0.171943792129	0.172376399218	0.08513666847	0.152629873436	0.285768132038	0.183491802434	0.0825512100411	0.081215734991	0.0813461280337	0.146106320283	0.145925954343	0.146635440653	0.158696632245	0.174060133174	0.174910640523	0.161359955467	0.276244039478	0.157978630381	0.0978578755068	0.0897187380571	0.0902952997565	0.0961481096693	0.162553546558	0.161664164196	0.0961447822301	0.0943887000334	0.158406345261	0.147907896813	0.148678823959	0.0938901453479	0.0932247715918	0.287530621469	0.245312937762	0.166300646731	0.100972521619	0.16752301804	0.0944611685952	0.174633389296	0.100980106985	0.0885040356501	0.110736016963	0.1073153547	0.167714690814	0.304463710981	0.276160161376	0.112712346685	0.170080064784	0.0925581674323	0.149933222449	0.30042072896	0.291746714881	0.101862627808	0.138393216843	0.114503728847	0.145957634315	0.15129511865	0.276579836291	0.0884539485094	0.280732458056	0.154336529091	0.185105693017	0.0901455797001	0.0892718621796	0.298843664677	0.275776207927	0.165927784109	0.169963901409	0.16893359905	0.169444301141
158822939-stool1.freeze11.snv.mod.fix.bam	0.0972679763866	0.0975202726534	0.158654232408	0.150474587305	0.150877967574	0.0476909380111	0.155992166969	0.156633237677	0.153857847127	0.0	0.123792943549	0.151577164503	0.154366933574	0.168526959323	0.177708885301	0.150872428567	0.291417104764	0.150605156502	0.167562398031	0.167937930715	0.14810225537	0.124832661305	0.278976677941	0.164973735841	0.151563958954	0.150676115123	0.148573752203	0.115119691041	0.114036178865	0.116700877864	0.14713824375	0.163053618887	0.164750963999	0.157964798315	0.264505547341	0.154109463564	0.155683111409	0.14884164586	0.153724048716	0.136407671288	0.150860759439	0.151042035816	0.158397660528	0.152217291337	0.155880919826	0.114142577606	0.11589998379	0.154762816858	0.15593317594	0.282117808499	0.24700376204	0.154986287516	0.154628073331	0.158048496077	0.15310664608	0.161446293212	0.154255832546	0.14851611533	0.148253537479	0.143532014776	0.164267801643	0.299019959553	0.269816444022	0.15689057681	0.163231028382	0.15126598973	0.123356772454	0.294986916259	0.284821505969	0.157171935422	0.156851698532	0.150191125849	0.146695871934	0.125307573923	0.271137429249	0.151017522896	0.27165913877	0.128569780555	0.167691032895	0.143959414535	0.153444800581	0.294067076614	0.267660261902	0.152183798958	0.156261506987	0.154807175353	0.155402242271
158944319-stool3.freeze11.snv.mod.fix.bam	0.12448735404	0.124970229968	0.15456402149	0.152108983543	0.153105281383	0.1279657269	0.152948635587	0.153713894981	0.15120408369	0.123792943549	0.0	0.153931604268	0.154847996908	0.158385738545	0.165897482166	0.153925403747	0.294061340314	0.15153286473	0.160246686866	0.160616056035	0.148429449316	0.113696168597	0.283974772005	0.163167933063	0.151279254098	0.150197315306	0.149653225017	0.102332611421	0.102430454945	0.103138894918	0.146258912385	0.157874505391	0.158639912019	0.15169829533	0.26652885617	0.154389669899	0.155865678407	0.15460203452	0.157689213168	0.14902957303	0.15345217752	0.147326607837	0.159613812439	0.152218011116	0.155519127	0.102968645482	0.103618716468	0.154427782418	0.154629546941	0.286855401657	0.248942865386	0.148378667226	0.156322435108	0.153030430126	0.152777405896	0.149806251173	0.149797707334	0.146131184477	0.148649343035	0.145774752689	0.161710004153	0.303627596577	0.274055333578	0.156689709035	0.161913485099	0.146209100987	0.0866513767989	0.297278398524	0.287010763744	0.153864966423	0.154820657552	0.149646931562	0.148332277136	0.0807163977087	0.274452708462	0.147658355545	0.279339219154	0.132229115711	0.158566878978	0.144734698363	0.153468888064	0.298800427975	0.271521913207	0.145323096252	0.148166168753	0.147221218165	0.14819682901
158984779-stool1.freeze11.snv.mod.fix.bam	0.149409971486	0.149276207677	0.188136915408	0.14668154362	0.147664435553	0.155785476973	0.15569783906	0.156333964084	0.154066783329	0.151577164503	0.153931604268	0.0	0.150627061873	0.18584568803	0.192356846927	0.15079890801	0.304132452192	0.150812641445	0.17869969335	0.179080970404	0.146612207442	0.157617619463	0.291206556557	0.184944307025	0.148800956316	0.147546649224	0.146748680593	0.151379676373	0.150762412405	0.151413251954	0.151529469308	0.183395031422	0.183896488162	0.173272000524	0.280779221529	0.0648497063232	0.145398189946	0.15092561839	0.153130292645	0.153948473453	0.157331816192	0.156691870116	0.154772811607	0.149882786048	0.0608902204336	0.1537067607	0.154071103488	0.152598259916	0.152832505435	0.2931596567	0.257847203243	0.174701952761	0.152214945545	0.166716847562	0.155045661004	0.178028333227	0.152695890566	0.14553608053	0.145284860821	0.139811818824	0.170918110526	0.30969543562	0.281933155199	0.147285508897	0.168359549636	0.156827861414	0.155812260876	0.306640793811	0.296441952073	0.152311010108	0.168962648594	0.155240123667	0.104708076427	0.157446610924	0.281554648105	0.147590647644	0.288930597439	0.150312470184	0.184669773637	0.146825696628	0.14878629689	0.306282450528	0.28216540379	0.169209316894	0.172955717139	0.171739723738	0.172130456171
159227541-stool2.freeze11.snv.mod.fix.bam	0.154262436681	0.154223979209	0.186076802493	0.0987191502411	0.0989536434126	0.154389602963	0.0949719717754	0.0950504632445	0.0932170579912	0.154366933574	0.154847996908	0.150627061873	0.0	0.183505265467	0.191045773814	0.0572910365679	0.298310344547	0.0613379526078	0.177085529465	0.17705741264	0.0682229924787	0.155902732763	0.289735081712	0.179946148243	0.0438741348602	0.0438202393745	0.043332739829	0.151695248923	0.151201879405	0.15335541872	0.151799597207	0.172682151968	0.174197966306	0.167446828374	0.280365288239	0.154818418649	0.0638204105234	0.0555594236238	0.0566330161664	0.072644099372	0.158050483552	0.160489955886	0.0602367215675	0.0576774838813	0.156566898731	0.153171194059	0.154824543769	0.0743630619099	0.0745750048205	0.291945118366	0.245230403681	0.171147349336	0.0797948828398	0.168370534488	0.0739881416155	0.172897181751	0.0798950083826	0.0635881187724	0.0938040185539	0.0916506205519	0.170249490239	0.30853041741	0.28031980281	0.0903956751114	0.168732740252	0.097334340364	0.154708519965	0.30248226388	0.292329139083	0.0755427754701	0.125014842977	0.0911502315482	0.147954886669	0.15869579972	0.281735987995	0.0643184420008	0.282298065895	0.151571190908	0.177678792704	0.0712974953242	0.0610809307898	0.303483089068	0.278713557657	0.165067874505	0.168670643346	0.168094443771	0.168711137374
159247771-stool1.freeze11.snv.mod.fix.bam	0.174755951058	0.174622354685	0.183914526812	0.186161673243	0.186825285044	0.169538978216	0.186837260917	0.187199419489	0.185167259473	0.168526959323	0.158385738545	0.18584568803	0.183505265467	0.0	0.00304978261052	0.185625623655	0.296699153953	0.185747625043	0.176662993549	0.176890851132	0.179140815655	0.168421038121	0.286141910311	0.146423258458	0.185968858409	0.185753749445	0.185913988463	0.169090490942	0.169312193203	0.169736592424	0.169471081187	0.181705057483	0.182715165767	0.170179016048	0.276724388475	0.192463843877	0.187221439478	0.183887569663	0.186156219185	0.181732199726	0.171348772556	0.172647901371	0.190288489849	0.181038997942	0.193990356679	0.173245477382	0.174387590721	0.177145017824	0.177642910369	0.288499717626	0.26166061379	0.169880821991	0.177653353965	0.17361495162	0.18878043519	0.0779467205904	0.181211502064	0.180043029847	0.172132461712	0.180669605956	0.181158191736	0.303788259475	0.277323350879	0.186721998737	0.185207104334	0.183878282266	0.17616761967	0.29921370073	0.288973049288	0.183714536135	0.138515089209	0.172799401246	0.179094712837	0.165026324713	0.276467118499	0.183292424075	0.283041492497	0.171802992323	0.113277644764	0.170421721755	0.186968737536	0.299911648697	0.275151528152	0.125447596673	0.121776925238	0.119902772768	0.121674962502
159247771-stool2.freeze11.snv.mod.fix.bam	0.182817944737	0.182335458488	0.189307319537	0.194047300018	0.194314187048	0.178854833499	0.194025820292	0.194093963968	0.192763685686	0.177708885301	0.165897482166	0.192356846927	0.191045773814	0.00304978261052	0.0	0.192612684862	0.29366021033	0.194175326191	0.182067847623	0.182009099496	0.187068338412	0.176015208926	0.284360849303	0.150488672066	0.193639186508	0.193775914607	0.19522218624	0.178270825061	0.178172520841	0.178018068487	0.17521641268	0.187583520023	0.188347652924	0.176309274288	0.275822710158	0.19858074929	0.194226063712	0.192553744117	0.194348427511	0.189151296203	0.177814185963	0.178842806958	0.197474084685	0.188946352531	0.200073977361	0.181809909983	0.182870196372	0.184705226458	0.185318399549	0.287465889202	0.262738567218	0.1772950142	0.185138296569	0.179565546976	0.195143390112	0.0804158704291	0.18912235118	0.188388822018	0.179989693502	0.188748985658	0.186474648855	0.301217539107	0.276495263928	0.19361337765	0.190470060466	0.190656130366	0.183165078206	0.297639815795	0.288018862913	0.191334905039	0.145303812227	0.181594029247	0.185875883021	0.171582043011	0.275934598935	0.19141675395	0.281998719399	0.178577919826	0.116831553721	0.177430513217	0.194082767978	0.297525440753	0.274706415048	0.132003709159	0.127828983176	0.125752949706	0.127883203824
159490532-stool1.freeze11.snv.mod.fix.bam	0.154553280746	0.154316317689	0.185953110535	0.100633368478	0.101216937828	0.152480668118	0.0965431884889	0.0968233086329	0.0948721599289	0.150872428567	0.153925403747	0.15079890801	0.0572910365679	0.185625623655	0.192612684862	0.0	0.297585161948	0.062510634603	0.171106689488	0.17112257536	0.0695142664501	0.151877404527	0.288117180143	0.180123337995	0.047807061565	0.0475942877461	0.0474114004768	0.15085076032	0.150539639898	0.15217637511	0.154381005795	0.170814146097	0.172405916562	0.163455101232	0.2762514677	0.153037982477	0.0658024330259	0.0567393215856	0.0577919301182	0.074302903027	0.156760080909	0.156273079207	0.0624471271999	0.0577913387412	0.155050052945	0.153489314476	0.154790798941	0.0790836360089	0.0792647565466	0.289025986744	0.241994798568	0.16780852291	0.0823946340756	0.163717333587	0.0781240500522	0.17590226093	0.0822611238353	0.0655117720619	0.0955177758539	0.093474877782	0.165230498657	0.30614098283	0.278469791254	0.095308214359	0.168426161887	0.0993384597171	0.155035489258	0.300708104628	0.291579973922	0.0769472983758	0.125080622184	0.0856236227085	0.147116447162	0.156729631483	0.278993151929	0.0662269087289	0.279415181288	0.152186894827	0.180259807922	0.0760180766016	0.0651000103458	0.300048632055	0.27704268448	0.163621724184	0.167532712708	0.1668682847	0.167604808467
159713063-stool2.freeze11.snv.mod.fix.bam	0.305104278793	0.305308157794	0.272602951481	0.302791407475	0.303251264232	0.294034757964	0.297325208154	0.297575765907	0.297100597402	0.291417104764	0.294061340314	0.304132452192	0.298310344547	0.296699153953	0.29366021033	0.297585161948	0.0	0.299648438319	0.301608494084	0.301582200384	0.30150287055	0.295448959138	0.142745066613	0.297467572318	0.300967309527	0.300810264464	0.308625226127	0.303246642216	0.30254995727	0.302044628414	0.301466205228	0.295403022888	0.295596170472	0.297847102576	0.162955333823	0.299094015096	0.295211484833	0.292921869757	0.292566952664	0.29882316933	0.291566577036	0.301436741498	0.296308265957	0.298666339386	0.298698829701	0.300958008848	0.300808713448	0.299969556609	0.299732289815	0.158169156442	0.199778523804	0.304094035762	0.296591985515	0.301480331076	0.293262798187	0.299566098053	0.29132198436	0.295877707745	0.303825918427	0.298614605169	0.294645828467	0.158337165568	0.157629375257	0.298882687846	0.290119397921	0.293462862481	0.295279660132	0.15766297007	0.167514620341	0.297936596956	0.290948832439	0.300559829277	0.299562725007	0.294613733828	0.141787997408	0.297275078996	0.168891780148	0.301127509827	0.29058233218	0.29997216705	0.297650904844	0.156751642157	0.148437069311	0.296940481943	0.298259835744	0.298852838352	0.298855543005
159733294-stool1.freeze11.snv.mod.fix.bam	0.152133000157	0.152907288164	0.183697755159	0.0996175415864	0.100517201745	0.151675043099	0.0948891974239	0.0953531375694	0.0927640050296	0.150605156502	0.15153286473	0.150812641445	0.0613379526078	0.185747625043	0.194175326191	0.062510634603	0.299648438319	0.0	0.175736889215	0.175901986107	0.0705576520738	0.151780844198	0.290408715596	0.182389542676	0.0519921527986	0.0513742190161	0.0508168391814	0.14941050399	0.149407061944	0.15122013625	0.151147248626	0.169729954019	0.171193824657	0.164676671745	0.27860104761	0.153738949022	0.0687384911637	0.0589858067919	0.059474774707	0.0747462857614	0.156703499562	0.160437839937	0.0661140265152	0.0626563183782	0.156194099833	0.151756384458	0.153765061702	0.0809529220019	0.0809272599925	0.291110635368	0.244182256144	0.168948445103	0.0848345469009	0.167445848503	0.0760017607167	0.175703290566	0.0852794498355	0.0667019964452	0.0955801685317	0.0911909407122	0.166515626962	0.309402793452	0.278388009643	0.0929666501438	0.164653343379	0.0986301209515	0.154063804807	0.30170663164	0.292118573406	0.0781842515123	0.127965613727	0.0937866669904	0.142557752872	0.156128851373	0.280930622511	0.069456085879	0.283172603866	0.150824958869	0.183186022043	0.0734050943736	0.0680599226513	0.303347990739	0.280211666541	0.164666006083	0.168900501506	0.167842843641	0.168309631073
159753524-stool2.freeze11.snv.mod.fix.bam	0.172858875358	0.172701114717	0.186531963279	0.170067406925	0.170978639834	0.172629144514	0.173105939817	0.173813542211	0.171943792129	0.167562398031	0.160246686866	0.17869969335	0.177085529465	0.176662993549	0.182067847623	0.171106689488	0.301608494084	0.175736889215	0.0	0.00115398590551	0.173763011685	0.149536460861	0.293552531108	0.179925232625	0.17919825341	0.178187814997	0.178271587852	0.163441558784	0.163430568226	0.163290671326	0.174242158263	0.121301815568	0.121676327215	0.0717935560098	0.278784169158	0.177551671017	0.180050357077	0.174772101383	0.176737107073	0.176316545528	0.17513891332	0.0892191652221	0.172218458976	0.170329884501	0.180801390862	0.16858270633	0.169141386509	0.177182231686	0.17714968838	0.294611298981	0.259361074021	0.0805906991618	0.177057781549	0.0908714811767	0.183609140766	0.164395993325	0.178259954228	0.174730181329	0.169308331189	0.169342371381	0.0976929307389	0.310744907767	0.285020583631	0.177825445718	0.180881510278	0.180784309334	0.171434476137	0.305776043716	0.295672679157	0.178021685412	0.178112876452	0.137947794919	0.171780155098	0.168391920589	0.283314395243	0.176412436621	0.287819435016	0.168589450946	0.177640571791	0.172728294618	0.180622165029	0.305992099069	0.283912429378	0.1333786467	0.139766150282	0.139299959838	0.138581526272
159753524-stool3.freeze11.snv.mod.fix.bam	0.172889318958	0.172552180209	0.186786804862	0.170360841219	0.171008430228	0.172721241376	0.173339628604	0.173851713542	0.172376399218	0.167937930715	0.160616056035	0.179080970404	0.17705741264	0.176890851132	0.182009099496	0.17112257536	0.301582200384	0.175901986107	0.00115398590551	0.0	0.174123645866	0.149714315793	0.293913091433	0.180280964128	0.179130850136	0.178538633754	0.178593922519	0.163677583624	0.163547449923	0.163693832169	0.174393653618	0.121480912562	0.122009096651	0.0720277705478	0.278983663625	0.177650845087	0.180111849188	0.175014272561	0.177127944067	0.176333508792	0.175451911046	0.0895278830948	0.172262965153	0.170723359366	0.180897105178	0.168676587027	0.169512957409	0.177311605813	0.177521207406	0.294926616919	0.259683179833	0.0807713610714	0.177431377021	0.0912959411451	0.184002590084	0.16480662135	0.178643350927	0.175131585611	0.169729688557	0.169752333802	0.0981253529352	0.310610308033	0.285023420146	0.177630956657	0.180979658352	0.180822648462	0.171420994886	0.305703577005	0.295566299031	0.178032129462	0.177988210495	0.138327329211	0.17220506033	0.168794018548	0.283632005972	0.176606763653	0.288181953398	0.168671447162	0.177733907807	0.172828610062	0.180620652057	0.306144409071	0.284124914143	0.133744743069	0.140115091518	0.139653001386	0.138924063677
160603188-stool3.freeze11.snv.mod.fix.bam	0.148321247612	0.148511933208	0.182682947632	0.095042573918	0.0962746851845	0.151647055064	0.0869668391753	0.0877761347643	0.08513666847	0.14810225537	0.148429449316	0.146612207442	0.0682229924787	0.179140815655	0.187068338412	0.0695142664501	0.30150287055	0.0705576520738	0.173763011685	0.174123645866	0.0	0.151887162416	0.293370687873	0.175364677296	0.0571006276698	0.055470713379	0.0544835094851	0.143783532679	0.143781452181	0.144235601393	0.150799980164	0.170741264173	0.172099959253	0.162972611101	0.280074743443	0.151220785582	0.0734027397911	0.0665930619305	0.0672188265223	0.0736518617206	0.154089790652	0.159290228961	0.071548815529	0.066040315138	0.151867635114	0.146819703449	0.147850389541	0.0703807942564	0.0692979358267	0.294209622804	0.243322337454	0.166713788015	0.0754541619736	0.167987177318	0.0733753515296	0.166665642883	0.077454754595	0.0641579165826	0.0931912816285	0.0879015226722	0.167784929106	0.311250887547	0.282247942853	0.0927851885807	0.163932349881	0.0923261504848	0.148156310065	0.305774377021	0.296099199781	0.0792486623843	0.12388020423	0.0954247061452	0.140578760142	0.149829385842	0.282583898459	0.0650233979955	0.283455593112	0.151297434178	0.176224910247	0.0676604309682	0.0646151995354	0.306618987341	0.281557145287	0.159993332307	0.164090667992	0.163150640754	0.164369099672
160704339-stool1.freeze11.snv.mod.fix.bam	0.12632546321	0.126458912747	0.152493250283	0.151573826629	0.151833885064	0.127516327408	0.154269425826	0.154548358423	0.152629873436	0.124832661305	0.113696168597	0.157617619463	0.155902732763	0.168421038121	0.176015208926	0.151877404527	0.295448959138	0.151780844198	0.149536460861	0.149714315793	0.151887162416	0.0	0.284904568558	0.16739833891	0.15494471734	0.154789818383	0.153489756816	0.0976532570558	0.0967659156846	0.0984879791101	0.152157901259	0.152119399678	0.153774566772	0.136127436546	0.270525620743	0.158105283899	0.155847190963	0.152804621032	0.157304771621	0.150830117656	0.15876509765	0.135179514748	0.158566459307	0.154460488978	0.159325462545	0.0855035462468	0.08676381507	0.154745282535	0.15608023264	0.287816788252	0.245516785182	0.135880006314	0.152007584443	0.140504493876	0.154948985872	0.159827214405	0.155987301533	0.150593760187	0.148387060249	0.142839164819	0.149230275415	0.303534554621	0.27587866935	0.156307567179	0.16710252232	0.152319065233	0.115923674842	0.299183487334	0.288358826781	0.15725468803	0.147518351409	0.1329626447	0.150595119353	0.114017607628	0.275867063	0.15076250528	0.280729217944	0.131651558973	0.165391061174	0.145983028899	0.157656439912	0.300048379942	0.27383093354	0.132508393694	0.13565191801	0.135533540122	0.136138670329
178713055-stool2.freeze11.snv.mod.fix.bam	0.291673795939	0.291696459242	0.25981825317	0.291996365527	0.292885787322	0.282084198779	0.286356106506	0.287053609612	0.285768132038	0.278976677941	0.283974772005	0.291206556557	0.289735081712	0.286141910311	0.284360849303	0.288117180143	0.142745066613	0.290408715596	0.293552531108	0.293913091433	0.293370687873	0.284904568558	0.0	0.287136709124	0.292591772514	0.291577422141	0.299628880304	0.291771210891	0.290895627146	0.290502441965	0.289240235119	0.287271738737	0.286268200451	0.288963897492	0.147307482461	0.288199104641	0.286825783114	0.284218066497	0.283259520786	0.289628325489	0.282509282277	0.29151541339	0.287309641723	0.28846160112	0.287859928922	0.289687303978	0.288690390858	0.291951166936	0.291163527722	0.141097083887	0.1929991786	0.294559892161	0.288498985032	0.292123278328	0.284597398549	0.290160476564	0.2825568435	0.287855738283	0.29257146653	0.28964400758	0.284434733099	0.144544401784	0.143005328277	0.291267804253	0.281817043147	0.285142590474	0.285571106631	0.148484667518	0.156060650312	0.287927950749	0.282162367973	0.292092368807	0.287423833326	0.2831928225	0.126876504954	0.289342821359	0.164324253807	0.287744104313	0.279453938184	0.290877359395	0.289863740605	0.13961165763	0.132403943722	0.287741891403	0.288845073091	0.289937697278	0.289355351348
375450439-stool3.freeze11.snv.mod.fix.bam	0.169683703872	0.169718779176	0.187126598348	0.180704546762	0.181618644453	0.169197612591	0.184875619524	0.185617869479	0.183491802434	0.164973735841	0.163167933063	0.184944307025	0.179946148243	0.146423258458	0.150488672066	0.180123337995	0.297467572318	0.182389542676	0.179925232625	0.180280964128	0.175364677296	0.16739833891	0.287136709124	0.0	0.180800684609	0.17972246098	0.181184100512	0.165153326123	0.165142513703	0.165068147339	0.175189977188	0.185340706176	0.185519286118	0.176484826578	0.277556031252	0.18670810999	0.180052799985	0.178958712678	0.180906037227	0.178501658267	0.17177723998	0.170150167861	0.185633552222	0.17934587104	0.188700372538	0.167500463664	0.167568556785	0.177376573824	0.177512770138	0.291023063972	0.260691084328	0.176383955462	0.17715497258	0.173634810578	0.186266153058	0.133627359753	0.185020527918	0.180678073706	0.174598858105	0.177467362664	0.181955912008	0.304695520078	0.278742849034	0.183437224332	0.187538043282	0.182145833487	0.173287202986	0.301092379673	0.291986237383	0.184271134509	0.162686394483	0.175154679365	0.178503640493	0.168746829172	0.27798739331	0.182858406964	0.284288411204	0.167262395702	0.145216254421	0.175512748832	0.187377765048	0.301172036928	0.276371383394	0.149734718094	0.149145674849	0.14719692728	0.149763933604
508703490-stool1.freeze11.snv.mod.fix.bam	0.153718625769	0.153496415979	0.185804289704	0.0918533762145	0.0917524725946	0.151299582912	0.0842262873064	0.0843250797052	0.0825512100411	0.151563958954	0.151279254098	0.148800956316	0.0438741348602	0.185968858409	0.193639186508	0.047807061565	0.300967309527	0.0519921527986	0.17919825341	0.179130850136	0.0571006276698	0.15494471734	0.292591772514	0.180800684609	0.0	0.00304201069783	0.00348181411539	0.148377233574	0.14786446501	0.149732405047	0.154054090986	0.174149022991	0.175474106759	0.170385423231	0.280550461304	0.154181547551	0.0523779577919	0.0455876347369	0.0462304745601	0.0631775311535	0.156444656489	0.161940628046	0.0501138162088	0.0481730236852	0.153270299137	0.151300754053	0.152982928047	0.0678227163477	0.0680351482544	0.293555111627	0.243843941185	0.174245483322	0.073827706765	0.169368980426	0.0647595617651	0.175605103065	0.0709220027519	0.0534163982923	0.0884407573069	0.0817424391286	0.169739027876	0.309824487238	0.281292949045	0.085959841999	0.166355530314	0.0910039048875	0.152004170475	0.304387128263	0.294951588952	0.0689618150798	0.121857940185	0.0850396870108	0.143556307776	0.154936273536	0.28337538267	0.053631045566	0.284628408495	0.149951685278	0.180641277152	0.0657092872324	0.0518587890385	0.304991814658	0.281066561121	0.167143978936	0.170955352575	0.170318581465	0.170768078553
508703490-stool2.freeze11.snv.mod.fix.bam	0.153502046002	0.153513405987	0.185362270158	0.090760530645	0.0914471558417	0.151433526263	0.0832507375862	0.0840054612028	0.081215734991	0.150676115123	0.150197315306	0.147546649224	0.0438202393745	0.185753749445	0.193775914607	0.0475942877461	0.300810264464	0.0513742190161	0.178187814997	0.178538633754	0.055470713379	0.154789818383	0.291577422141	0.17972246098	0.00304201069783	0.0	0.00169665382514	0.147883561716	0.147868951335	0.148762975635	0.153541640695	0.173503953059	0.174221223053	0.169900176346	0.280058826678	0.153772373669	0.0520059662871	0.0446337680595	0.0446743749598	0.062613387857	0.155405121191	0.161073961722	0.0493752305225	0.0464673609244	0.152543469729	0.151158427573	0.151908176869	0.067203312766	0.0665094533428	0.292478872435	0.242848164009	0.173820608637	0.0725761821763	0.168123260559	0.063410014462	0.174639303427	0.0695789256675	0.0520553593436	0.0871491179516	0.0803031862969	0.168647480914	0.309967861087	0.281212452629	0.0861327262656	0.165952024027	0.0906221329841	0.152181075961	0.304267283261	0.294994272627	0.0685253760093	0.122288828765	0.0840273307043	0.142431111884	0.153831458472	0.28231593421	0.0528135030713	0.283534964133	0.149620247421	0.180447088385	0.0650178147751	0.051474669956	0.304434732856	0.280330716721	0.166285325008	0.170068543268	0.169495789111	0.169882757567
508703490-stool3.freeze11.snv.mod.fix.bam	0.151666851558	0.15165231372	0.186393384122	0.0901535071999	0.0904293731973	0.147886111479	0.0837636551609	0.0844079012389	0.0813461280337	0.148573752203	0.149653225017	0.146748680593	0.043332739829	0.185913988463	0.19522218624	0.0474114004768	0.308625226127	0.0508168391814	0.178271587852	0.178593922519	0.0544835094851	0.153489756816	0.299628880304	0.181184100512	0.00348181411539	0.00169665382514	0.0	0.146402750439	0.145726074628	0.147730710451	0.153804529422	0.172772803959	0.173189203978	0.168718390692	0.286193915776	0.152797557383	0.0522867467013	0.0448350087442	0.0452191818411	0.0624649922844	0.156184217888	0.160647155544	0.0474859943886	0.047029624786	0.152386174254	0.148948661138	0.150159941573	0.067371604613	0.0669415231282	0.301283661785	0.247861732445	0.171636312283	0.0725383700495	0.168296686611	0.0636755031314	0.175185564526	0.0690158855765	0.0509754855318	0.087671796059	0.0797043120651	0.170444593686	0.317776692175	0.289055084284	0.0869485344781	0.166831721629	0.0905117266988	0.150865298227	0.31109087683	0.301846347674	0.068192548991	0.121241468733	0.0821962329062	0.141923912696	0.153220496324	0.289832869282	0.0521245756073	0.290086077108	0.147743580869	0.18186385073	0.0639269213204	0.0510880360148	0.311101644754	0.286559988156	0.165607968676	0.170051765849	0.168637116334	0.170025942045
