	158337416-stool1.freeze11.snv.mod.fix.bam	158337416-stool2.freeze11.snv.mod.fix.bam	158458797-stool1.freeze11.snv.mod.fix.bam	158479027-stool1.freeze11.snv.mod.fix.bam	158479027-stool2.freeze11.snv.mod.fix.bam	158499257-stool1.freeze11.snv.mod.fix.bam	158802708-stool1.freeze11.snv.mod.fix.bam	158802708-stool2.freeze11.snv.mod.fix.bam	158802708-stool3.freeze11.snv.mod.fix.bam	158822939-stool1.freeze11.snv.mod.fix.bam	158944319-stool3.freeze11.snv.mod.fix.bam	158984779-stool1.freeze11.snv.mod.fix.bam	159227541-stool2.freeze11.snv.mod.fix.bam	159247771-stool1.freeze11.snv.mod.fix.bam	159247771-stool2.freeze11.snv.mod.fix.bam	159490532-stool1.freeze11.snv.mod.fix.bam	159713063-stool2.freeze11.snv.mod.fix.bam	159733294-stool1.freeze11.snv.mod.fix.bam	159753524-stool2.freeze11.snv.mod.fix.bam	159753524-stool3.freeze11.snv.mod.fix.bam	160603188-stool3.freeze11.snv.mod.fix.bam	160704339-stool1.freeze11.snv.mod.fix.bam	178713055-stool2.freeze11.snv.mod.fix.bam	375450439-stool3.freeze11.snv.mod.fix.bam	508703490-stool1.freeze11.snv.mod.fix.bam	508703490-stool2.freeze11.snv.mod.fix.bam	508703490-stool3.freeze11.snv.mod.fix.bam	604812005-stool1.freeze11.snv.mod.fix.bam	604812005-stool2.freeze11.snv.mod.fix.bam	604812005-stool3.freeze11.snv.mod.fix.bam	675950834-stool1.freeze11.snv.mod.fix.bam	706846339-stool1.freeze11.snv.mod.fix.bam	706846339-stool2.freeze11.snv.mod.fix.bam	763597684-stool2.freeze11.snv.mod.fix.bam	763678604-stool2.freeze11.snv.mod.fix.bam	763860675-stool2.freeze11.snv.mod.fix.bam	763901136-stool2.freeze11.snv.mod.fix.bam	763982056-stool2.freeze11.snv.mod.fix.bam	763982056-stool3.freeze11.snv.mod.fix.bam	764002286-stool2.freeze11.snv.mod.fix.bam	764083206-stool1.freeze11.snv.mod.fix.bam	764305738-stool2.freeze11.snv.mod.fix.bam	764447348-stool1.freeze11.snv.mod.fix.bam	764649650-stool2.freeze11.snv.mod.fix.bam	765013792-stool1.freeze11.snv.mod.fix.bam	765034022-stool1.freeze11.snv.mod.fix.bam	765034022-stool2.freeze11.snv.mod.fix.bam	765074482-stool1.freeze11.snv.mod.fix.bam	765074482-stool3.freeze11.snv.mod.fix.bam	765195863-stool3.freeze11.snv.mod.fix.bam	765216093-stool3.freeze11.snv.mod.fix.bam	765620695-stool1.freeze11.snv.mod.fix.bam	857980665-stool3.freeze11.snv.mod.fix.bam	866653606-stool1.freeze11.snv.mod.fix.bam	CCIS24254057ST-4-0.freeze11.snv.mod.fix.bam	CCIS41222843ST-4-0.freeze11.snv.mod.fix.bam	CCIS64773582ST-4-0.freeze11.snv.mod.fix.bam	CCIS83574003ST-4-0.freeze11.snv.mod.fix.bam	CCMD25511638ST-21-0.freeze11.snv.mod.fix.bam	CCMD50071957ST-21-0.freeze11.snv.mod.fix.bam	CCMD88272491ST-21-0.freeze11.snv.mod.fix.bam	MH0233.freeze11.snv.mod.fix.bam	MH0281.freeze11.snv.mod.fix.bam	MH0332.freeze11.snv.mod.fix.bam	MH0367.freeze11.snv.mod.fix.bam	MH0406.freeze11.snv.mod.fix.bam	MH0410.freeze11.snv.mod.fix.bam	MH0419.freeze11.snv.mod.fix.bam	MH0433.freeze11.snv.mod.fix.bam	MH0446.freeze11.snv.mod.fix.bam	MH0456.freeze11.snv.mod.fix.bam	MMRS25211151ST-27-0-0.freeze11.snv.mod.fix.bam	MMRS55294627ST-27-0-0.freeze11.snv.mod.fix.bam	MMRS57569834ST-27-0-0.freeze11.snv.mod.fix.bam	MMRS85548821ST-27-0-0.freeze11.snv.mod.fix.bam	O2.UC41-1.freeze11.snv.mod.fix.bam	SAMEA3136764.freeze11.snv.mod.fix.bam	T2D-56A.freeze11.snv.mod.fix.bam	V1.CD49-0.freeze11.snv.mod.fix.bam	V1.CD50-0.freeze11.snv.mod.fix.bam	V1.FI10.freeze11.snv.mod.fix.bam	V1.FI23.freeze11.snv.mod.fix.bam	V1.FI24.freeze11.snv.mod.fix.bam	alien-11-0-0.freeze11.snv.mod.fix.bam	alien-11-7-0.freeze11.snv.mod.fix.bam	alien-12-7-0.freeze11.snv.mod.fix.bam	alien-13-7-0.freeze11.snv.mod.fix.bam
158337416-stool1.freeze11.snv.mod.fix.bam	0.0	1.85284689926e-05	0.155101813937	0.147931296437	0.147523670119	0.0915491652925	0.151507290953	0.151396120139	0.149098589984	0.0933834837227	0.118545144615	0.146356376573	0.149432102425	0.146782531359	0.179114709752	0.152026088084	0.293009208649	0.138277964092	0.168516425488	0.16847936855	0.143966204073	0.103296214634	0.279631654036	0.165107187193	0.150099127309	0.150228826592	0.119119527153	0.104315280428	0.102555075874	0.112319579033	0.142372755739	0.153304552445	0.157473457968	0.154842415371	0.261121713513	0.143855033259	0.151766689518	0.144688814363	0.154916529247	0.140927535158	0.136406588724	0.140186396398	0.15395304886	0.152637527561	0.148524207445	0.103333271572	0.108632413704	0.148746549073	0.153008096941	0.278427303552	0.262863389598	0.139315558355	0.152174315836	0.159863630468	0.150339997406	0.161049452484	0.147986881844	0.141131348317	0.144095903356	0.137592410739	0.168924051806	0.304682144114	0.260176761594	0.148542735914	0.157714328065	0.142150414111	0.116488484557	0.293287135684	0.282225639695	0.150895851476	0.0979414870949	0.120601804673	0.140612551185	0.120620333142	0.269867150877	0.141872487076	0.275963017176	0.122343480758	0.1675529451	0.139537899983	0.148468622038	0.299642400548	0.255062904152	0.113653628801	0.124826295603	0.12469659632	0.126567971688
158337416-stool2.freeze11.snv.mod.fix.bam	1.85284689926e-05	0.0	0.155842952697	0.14861684979	0.148227751941	0.0923088325212	0.152229901243	0.152155787367	0.149821200274	0.0942172648274	0.119471568064	0.147097515332	0.150284411999	0.147282800022	0.179837320042	0.15284134072	0.29391710363	0.139278501417	0.169368735061	0.169350206592	0.144818513646	0.104148524207	0.280372792796	0.165829797484	0.150803209131	0.151044079228	0.119712438161	0.105000833781	0.103259157696	0.113097774731	0.143188008375	0.154249504363	0.158325767542	0.155527968724	0.261825795335	0.144688814363	0.152563413685	0.145429953123	0.155768838821	0.141928072483	0.137221841359	0.14107576291	0.155009171592	0.153489837135	0.149395045487	0.104167052676	0.109466194808	0.149635915584	0.153934520391	0.279131385374	0.263808341517	0.140260510274	0.153008096941	0.160845639325	0.151081136166	0.161957347464	0.148765077542	0.141872487076	0.144855570584	0.138352077968	0.169906060662	0.305460339812	0.26117729892	0.149357988549	0.158325767542	0.14309536603	0.117192566378	0.294306201479	0.283115006207	0.15191491727	0.0988493820756	0.121509699654	0.141316633007	0.121639398936	0.270534175761	0.142706268181	0.276907969095	0.123010505642	0.168405254674	0.140427266495	0.149246817735	0.300457653184	0.256007856071	0.114542995312	0.125697133646	0.125660076708	0.127475866669
158458797-stool1.freeze11.snv.mod.fix.bam	0.155101813937	0.155842952697	0.0	0.178355042523	0.17804005855	0.152304015119	0.179670563821	0.179596449945	0.17766948917	0.153601007949	0.146875173704	0.18393211169	0.179559393007	0.15430508977	0.184302681069	0.182375720294	0.258435085509	0.166237423802	0.180874914306	0.180893442775	0.176835708065	0.128235533898	0.246780678513	0.180949028182	0.180708158085	0.180967556651	0.14641196198	0.131366845158	0.130106909266	0.138778232755	0.173611754461	0.169591076689	0.173222656612	0.170424857794	0.234199848067	0.178355042523	0.180782271961	0.172129476941	0.18207926479	0.175631357581	0.165588927387	0.156417335236	0.179485279131	0.17987437698	0.186600211225	0.131311259751	0.135776620778	0.179652035352	0.184061810973	0.246928906264	0.245706027311	0.157547571844	0.181875451631	0.178151229364	0.179448222193	0.170332215449	0.174834633414	0.171573622872	0.177743603046	0.171221581961	0.183228029868	0.267847547757	0.232161716477	0.180634044209	0.182968631302	0.173704396806	0.148950362232	0.236460321284	0.233347538493	0.177410090604	0.121435585778	0.147338385429	0.175668414519	0.153489837135	0.237016175353	0.172055363065	0.247670045024	0.160123029034	0.179244409034	0.170517500139	0.182468362639	0.263993626207	0.227474013822	0.132219154731	0.141112819848	0.140834892813	0.142372755739
158479027-stool1.freeze11.snv.mod.fix.bam	0.147931296437	0.14861684979	0.178355042523	0.0	5.55854069778e-05	0.148098052658	0.114005669712	0.113875970429	0.11181931037	0.148079524189	0.147116043801	0.145633766282	0.0949769320561	0.157881084286	0.191880824887	0.0971077059903	0.291878972041	0.090178058587	0.167756758259	0.167756758259	0.0929573289359	0.133831131534	0.282095940412	0.177502732949	0.0891404643234	0.0893072205444	0.0710937355246	0.136554816476	0.135146652832	0.145133497619	0.145448481592	0.161345907988	0.165051601786	0.157918141224	0.26577235923	0.146634303607	0.10244390506	0.0907339126568	0.0969224213003	0.102110392618	0.14402178948	0.143262122251	0.100998684479	0.0987752681996	0.150766152193	0.142502455022	0.148283337348	0.0999796186841	0.102555075874	0.278705230587	0.255322302718	0.14787571103	0.102573604343	0.166922977154	0.1017027663	0.170332215449	0.104389394304	0.0929388004669	0.0824331585481	0.0643679012803	0.166552407775	0.30586796613	0.262103722369	0.0748920716681	0.161253265643	0.112301050564	0.145133497619	0.293287135684	0.282466509792	0.107131607715	0.0811732226566	0.0785236515907	0.141335161476	0.155657668007	0.271164143707	0.0917344499824	0.276185358804	0.144966741398	0.17453817791	0.0956995423468	0.0948472327732	0.300068555335	0.257656889811	0.125474792018	0.137425654518	0.138222378685	0.139297029886
158479027-stool2.freeze11.snv.mod.fix.bam	0.147523670119	0.148227751941	0.17804005855	5.55854069778e-05	0.0	0.147245743084	0.113727742677	0.113579514925	0.111522854867	0.14769042634	0.146782531359	0.145226139964	0.0945507772693	0.157658742658	0.191639954791	0.0967927220174	0.291638101944	0.0898816030831	0.167478831224	0.167460302755	0.0925682310871	0.133219692057	0.281799484909	0.177187748976	0.0887884234126	0.0889551796335	0.0705378814549	0.13611013322	0.134683441107	0.144725871301	0.145096440681	0.159882158937	0.163717552019	0.157566100313	0.265364732912	0.146337848104	0.102165978025	0.0904189286839	0.0966259657964	0.101758351707	0.143558577755	0.142761853588	0.0992940653314	0.0983676418818	0.150358525875	0.142020714828	0.147801597154	0.0995719923663	0.102165978025	0.278371718145	0.254877619462	0.147449556243	0.101925107928	0.16645976543	0.101406310797	0.170109873821	0.103870597173	0.0925311741491	0.0822293453892	0.0642382019974	0.166070667581	0.305590039095	0.261788738397	0.0747253154472	0.160919753201	0.111874895777	0.144781456708	0.292879509366	0.282151525819	0.106779566804	0.0805988401178	0.0781345537418	0.140927535158	0.155287098627	0.270849159734	0.0914009375405	0.2758889033	0.144651757425	0.174204665468	0.095347501436	0.0944396064553	0.299809156769	0.257341905838	0.124955994886	0.136703044227	0.137666524615	0.138648533472
158499257-stool1.freeze11.snv.mod.fix.bam	0.0915491652925	0.0923088325212	0.152304015119	0.148098052658	0.147245743084	0.0	0.152396657464	0.152211372774	0.149765614867	0.0433936743807	0.119860665913	0.150766152193	0.147783068685	0.141038705972	0.173167071205	0.148172166534	0.279038743029	0.135869263123	0.166237423802	0.16627448074	0.145133497619	0.103036816068	0.267495506846	0.162476144596	0.145819050972	0.146134034945	0.115061792444	0.104667321339	0.102925645254	0.112856904634	0.142465398084	0.148561264383	0.152600470623	0.154379203646	0.247947972059	0.146986344518	0.150710566786	0.139111745196	0.149765614867	0.131996813103	0.13481314039	0.136980971262	0.149691500991	0.150043541902	0.152137258898	0.108187730448	0.11385744196	0.146560189732	0.150840266069	0.266087343203	0.255340831187	0.139278501417	0.149987956495	0.15927071946	0.150006484964	0.152211372774	0.146930759111	0.141020177503	0.146449018918	0.138055622464	0.163865779771	0.29134164644	0.249059680199	0.150914379945	0.154935057716	0.142687739712	0.118026347483	0.280891589928	0.271256786052	0.150580867503	0.0909747827537	0.115654703452	0.144429415797	0.120194178355	0.25693427952	0.14144633229	0.261269941265	0.123714587464	0.159381890274	0.135813677716	0.147820125623	0.286894813882	0.242852643086	0.108187730448	0.119082470215	0.120416519983	0.120620333142
158802708-stool1.freeze11.snv.mod.fix.bam	0.151507290953	0.152229901243	0.179670563821	0.114005669712	0.113727742677	0.152396657464	0.0	0.0	0.0	0.153323080914	0.147801597154	0.154564488336	0.0911600674436	0.158399881418	0.191899353356	0.0929017435289	0.286542772971	0.0857126975598	0.170721313298	0.170739841767	0.0849345018621	0.136406588724	0.276518871246	0.181616053066	0.0816364343814	0.0818773044783	0.0658687072687	0.137592410739	0.1364807026	0.146504604325	0.152730169906	0.163810194364	0.167830872135	0.157825498879	0.260510274036	0.154842415371	0.0972188768042	0.0857312260288	0.0908265550018	0.0955142576569	0.149191232328	0.146449018918	0.0944396064553	0.095254859091	0.158325767542	0.143595634693	0.149283874673	0.0916232791684	0.0939022808545	0.272813177447	0.255692872098	0.149005947639	0.0975894461841	0.167608530507	0.0949584035871	0.170999240333	0.0991087806415	0.0869170480443	0.111207870894	0.106723981397	0.167997628356	0.299197717293	0.256285783106	0.111022586204	0.164773674751	0.0884178540327	0.145596709344	0.288265920587	0.279576068629	0.0993125938004	0.0800429860481	0.0791165625984	0.146374905042	0.151414648608	0.265049748939	0.085305071242	0.271312371459	0.151933445739	0.180689629616	0.0873617313001	0.0891775212614	0.292842452428	0.25233921921	0.126419743937	0.138944988976	0.139019102852	0.140093754053
158802708-stool2.freeze11.snv.mod.fix.bam	0.151396120139	0.152155787367	0.179596449945	0.113875970429	0.113579514925	0.152211372774	0.0	0.0	0.0	0.1532119101	0.147746011747	0.154397732115	0.0910859535677	0.158288710604	0.191751125604	0.092790572715	0.286524244502	0.0856015267458	0.170628670953	0.170647199422	0.0848603879861	0.136165718627	0.276407700432	0.181523410721	0.0815252635675	0.0818031906024	0.0657945933927	0.137481239925	0.136351003317	0.146393433511	0.152618999092	0.163717552019	0.167719701321	0.157732856534	0.260306460877	0.15467565915	0.0972003483352	0.0856015267458	0.0907153841878	0.0954401437809	0.149135646921	0.146337848104	0.0942728502344	0.095180745215	0.158214596728	0.143521520817	0.149209760797	0.0914935798855	0.0937911100406	0.272702006633	0.255526115877	0.148950362232	0.0974597469011	0.1675529451	0.0948842897111	0.170851012581	0.0989234959515	0.0868429341683	0.111133757018	0.10666839599	0.167904986011	0.29906801801	0.25621166923	0.111004057735	0.164643975468	0.0883622686257	0.14548553853	0.288154749773	0.279501954753	0.0993125938004	0.0797650590132	0.0788942209705	0.146319319635	0.151284949325	0.264901521187	0.085212428897	0.271127086769	0.151840803394	0.180522873395	0.0873246743622	0.0891034073854	0.292749810083	0.252283633803	0.12617887384	0.138667061941	0.138815289693	0.139889940894
158802708-stool3.freeze11.snv.mod.fix.bam	0.149098589984	0.149821200274	0.17766948917	0.11181931037	0.111522854867	0.149765614867	0.0	0.0	0.0	0.150803209131	0.145652294751	0.152433714402	0.0889551796335	0.156306164422	0.189546237794	0.0905856849049	0.284875210761	0.0833781104667	0.168812880992	0.168831409461	0.0829890126179	0.133997887755	0.274851309036	0.179466750662	0.0793574326953	0.0796168312612	0.0637379333346	0.135331937522	0.134201700913	0.144207074169	0.150654981379	0.161605306554	0.165551870449	0.155880009635	0.258713012544	0.152748698375	0.0949954605251	0.0834707528117	0.0885660817847	0.0933093698468	0.147227214615	0.144429415797	0.0920864908933	0.0929573289359	0.156287635953	0.141335161476	0.147004872987	0.0895666191103	0.0918456207964	0.271367956866	0.25382149673	0.147078986863	0.0954401437809	0.16553334198	0.0929017435289	0.168868466399	0.0970150636453	0.0848048025792	0.109188267773	0.104667321339	0.165978025236	0.297456041207	0.254692334772	0.108947397677	0.162661429286	0.0867132348854	0.143206536844	0.286598358378	0.277852921013	0.0972374052732	0.077782512831	0.0768190324433	0.14437383039	0.14915417539	0.263289544385	0.0832298827148	0.269552166904	0.149821200274	0.178558855682	0.085305071242	0.0871023327342	0.291304589502	0.250838413222	0.124437197754	0.136925385855	0.137092142076	0.138185321747
158822939-stool1.freeze11.snv.mod.fix.bam	0.0933834837227	0.0942172648274	0.153601007949	0.148079524189	0.14769042634	0.0433936743807	0.153323080914	0.1532119101	0.150803209131	0.0	0.118230160642	0.148950362232	0.149209760797	0.141409275352	0.173611754461	0.148153638065	0.278019677234	0.136425117193	0.163476681922	0.163476681922	0.144114431824	0.101980693335	0.266680254211	0.160586240759	0.147857182561	0.148190695003	0.117248151785	0.105556687851	0.103592670138	0.113801856553	0.138963517445	0.15026588353	0.15486094384	0.15172963258	0.246762150044	0.147986881844	0.151674047173	0.139297029886	0.150321468937	0.132645309518	0.135961905468	0.133979359286	0.152192844305	0.149487687832	0.152378128995	0.107872746475	0.113523929518	0.148542735914	0.153137796224	0.264605065683	0.252580089307	0.136054547813	0.151303477794	0.155138870875	0.150488225158	0.155101813937	0.148505678976	0.142002186359	0.145411424654	0.139241444479	0.161549721147	0.290693150025	0.247355061051	0.152174315836	0.155101813937	0.143299179189	0.116766411591	0.279983694947	0.269941264753	0.151173778511	0.0918456207964	0.116321728336	0.144095903356	0.122473180041	0.256674880955	0.142650682774	0.25934298049	0.123566359712	0.160715940042	0.137333012173	0.150136184247	0.28507902392	0.241926219636	0.108428600545	0.119749495099	0.120712975487	0.120750032425
158944319-stool3.freeze11.snv.mod.fix.bam	0.118545144615	0.119471568064	0.146875173704	0.147116043801	0.146782531359	0.119860665913	0.147801597154	0.147746011747	0.145652294751	0.118230160642	0.0	0.148894776825	0.14694928758	0.130514535584	0.159085434771	0.148783606011	0.276185358804	0.135239295177	0.153675121825	0.153693650294	0.142224527987	0.0891775212614	0.266995238183	0.15634322136	0.144670285894	0.14492968446	0.115914102018	0.0920864908933	0.0912712382576	0.0987382112616	0.135813677716	0.14328065072	0.146782531359	0.143354764596	0.243945822757	0.146152563414	0.149228289266	0.142317170332	0.151692575642	0.143002723685	0.136202775565	0.128791387968	0.151544347891	0.146967816049	0.149765614867	0.095347501436	0.0997943339942	0.145781994034	0.149561801708	0.264568008745	0.249930518241	0.128068777677	0.150617924441	0.147746011747	0.147597783995	0.14161308851	0.141372218414	0.137518296863	0.143391821534	0.139148802134	0.156417335236	0.290174352893	0.247503288803	0.149357988549	0.151266420856	0.136276889441	0.0794871319783	0.277686164792	0.267662263067	0.145744937096	0.0904374571529	0.115599118045	0.143336236127	0.0775045857961	0.255674343629	0.137073613607	0.262289007059	0.1250671657	0.149246817735	0.136073076282	0.147616312464	0.28470845454	0.241759463416	0.101591595486	0.110318504382	0.112708676882	0.11348687258
158984779-stool1.freeze11.snv.mod.fix.bam	0.146356376573	0.147097515332	0.18393211169	0.145633766282	0.145226139964	0.150766152193	0.154564488336	0.154397732115	0.152433714402	0.148950362232	0.148894776825	0.0	0.146467547387	0.157529043375	0.189787107891	0.148672435197	0.293009208649	0.137777695429	0.176316910934	0.176316910934	0.144170017231	0.139686127735	0.281058346149	0.181449296845	0.1460413926	0.146208148821	0.11659965537	0.140853421282	0.139148802134	0.149487687832	0.144207074169	0.171073354209	0.174779048007	0.168090270701	0.263956569269	0.0614404031795	0.142743325119	0.142465398084	0.151266420856	0.151581404829	0.143039780623	0.14033462415	0.150191769654	0.148653906728	0.0579755794779	0.147653369402	0.152989568472	0.147764540216	0.151674047173	0.277649107854	0.265716773823	0.154898000778	0.150432639751	0.165366585759	0.15376776417	0.172815030294	0.147820125623	0.140427266495	0.143855033259	0.136906857386	0.169813418317	0.303811306072	0.260954957292	0.144077374887	0.161531192678	0.149969428026	0.149450630894	0.293805932816	0.283689388746	0.147671897871	0.107761575661	0.121176187212	0.103648255545	0.15597265198	0.268996312835	0.140649608123	0.278445832021	0.146319319635	0.178929425062	0.141390746883	0.146875173704	0.29960534361	0.257378962776	0.128476403995	0.141020177503	0.140390209557	0.140742250468
159227541-stool2.freeze11.snv.mod.fix.bam	0.149432102425	0.150284411999	0.179559393007	0.0949769320561	0.0945507772693	0.147783068685	0.0911600674436	0.0910859535677	0.0889551796335	0.149209760797	0.14694928758	0.146467547387	0.0	0.153563951011	0.186766967445	0.050249207908	0.284930796168	0.0524726241871	0.171721850623	0.171758907561	0.0635897055826	0.136554816476	0.276574456653	0.173852624558	0.0391691834504	0.0394100535473	0.0312575271905	0.138982045914	0.138203850216	0.148542735914	0.142502455022	0.158751922329	0.162791128569	0.160123029034	0.260917900354	0.148135109596	0.0595134424043	0.0487669303885	0.0524726241871	0.0682959367067	0.141020177503	0.141576031573	0.0547516258732	0.0537696170165	0.152859869189	0.145170554557	0.150877323007	0.0685368068037	0.0705193529859	0.273480202331	0.253617683571	0.149876785681	0.0721498582572	0.163902836709	0.0697967426952	0.165051601786	0.0739285912805	0.0579755794779	0.0897333753312	0.0867688202924	0.166070667581	0.30071705175	0.257693946749	0.0859535676567	0.160067443627	0.0900668877731	0.147004872987	0.28765448111	0.277741750199	0.0697041003502	0.0630709084508	0.0460988308536	0.143873561728	0.154175390487	0.26614292861	0.0580867502918	0.26890367049	0.145689351689	0.170202516166	0.0653313816679	0.0574011969391	0.294195030665	0.251746308203	0.120490633859	0.132200626262	0.133571732968	0.134127587037
159247771-stool1.freeze11.snv.mod.fix.bam	0.146782531359	0.147282800022	0.15430508977	0.157881084286	0.157658742658	0.141038705972	0.158399881418	0.158288710604	0.156306164422	0.141409275352	0.130514535584	0.157529043375	0.153563951011	0.0	0.0	0.157788441941	0.244964888551	0.149672972522	0.148413036631	0.148413036631	0.150284411999	0.1298475107	0.235589483241	0.121824683626	0.156899075429	0.157158473995	0.132552667173	0.136443645662	0.135424579867	0.142687739712	0.139463786107	0.146838116766	0.149432102425	0.141149876786	0.224991198977	0.160363899131	0.157751385003	0.149413573956	0.156787904615	0.153082210817	0.13481314039	0.13518370977	0.158826036205	0.153267495507	0.16388430824	0.143762390914	0.147671897871	0.147968353375	0.150284411999	0.234514832039	0.228196624113	0.133701432251	0.149209760797	0.146671360545	0.159919215875	0.0637935187415	0.14989531415	0.148357451224	0.145411424654	0.150969965352	0.153378666321	0.254970261807	0.220007040818	0.156973189305	0.152563413685	0.151433177077	0.145559652406	0.245372514869	0.236515906691	0.153174853162	0.0682588797688	0.122343480758	0.151636990235	0.139074688259	0.225435882233	0.149987956495	0.23266198514	0.143076837561	0.092734987308	0.140983120565	0.158251653666	0.25069018547	0.214207630024	0.0723907283541	0.0686479776176	0.0715754757184	0.0722425006022
159247771-stool2.freeze11.snv.mod.fix.bam	0.179114709752	0.179837320042	0.184302681069	0.191880824887	0.191639954791	0.173167071205	0.191899353356	0.191751125604	0.189546237794	0.173611754461	0.159085434771	0.189787107891	0.186766967445	0.0	0.0	0.191195271535	0.281818013378	0.177391562135	0.178336514054	0.178336514054	0.18282040355	0.158010783569	0.272887291323	0.145559652406	0.190806173686	0.191121157659	0.154712716088	0.165107187193	0.164440162309	0.17435289322	0.166293009209	0.174278779344	0.177891830798	0.17031368698	0.258305386226	0.192677549054	0.190935872969	0.181486353783	0.190695002872	0.186081414093	0.160512126883	0.159363361805	0.192362565081	0.18632228419	0.197050267736	0.174371421689	0.180337588705	0.178762668841	0.18263511886	0.270812102796	0.265827944637	0.156824961553	0.181004613589	0.176631894907	0.192621963647	0.0763743491875	0.182246021011	0.18080080043	0.177058049693	0.183746827	0.183839469345	0.294973226362	0.255248188842	0.190250319616	0.182412777232	0.182431305701	0.175909284616	0.284189657409	0.274795723629	0.18595171481	0.0892701636064	0.150895851476	0.183283615275	0.168442311612	0.262122250838	0.182246021011	0.270145077912	0.173593225992	0.111541383335	0.17086954105	0.191806711011	0.290063182079	0.249448778047	0.0916418076374	0.0867132348854	0.0888995942265	0.0908636119397
159490532-stool1.freeze11.snv.mod.fix.bam	0.152026088084	0.15284134072	0.182375720294	0.0971077059903	0.0967927220174	0.148172166534	0.0929017435289	0.092790572715	0.0905856849049	0.148153638065	0.148783606011	0.148672435197	0.050249207908	0.157788441941	0.191195271535	0.0	0.286857756944	0.0522688110281	0.171277167368	0.171332752775	0.0639602749625	0.136406588724	0.277630579385	0.177150692038	0.0410405588186	0.0412814289155	0.0328324470549	0.140445794964	0.139463786107	0.149913842619	0.147023401456	0.16093828167	0.165199829538	0.161290322581	0.259676492931	0.148227751941	0.060050768005	0.0485260602916	0.0521205832762	0.0691111893424	0.142020714828	0.141779844731	0.0556224639158	0.052565266532	0.153526894073	0.147857182561	0.15339719479	0.0723907283541	0.0745029738193	0.273257860703	0.253339756536	0.151414648608	0.0745770876952	0.163995479054	0.0733912656797	0.170758370236	0.0755590965519	0.0589390598655	0.0914379944785	0.0885104963777	0.16553334198	0.30090233644	0.257990402253	0.090326286339	0.161864705119	0.0914750514165	0.149635915584	0.288228863649	0.279279613126	0.070093198199	0.062644753664	0.0438568861055	0.145226139964	0.155064756999	0.266179985548	0.0585870189546	0.268625743455	0.148579792852	0.174927275759	0.0690000185285	0.0598840117841	0.293602119657	0.25270978859	0.122621407793	0.134553741824	0.135424579867	0.136443645662
159713063-stool2.freeze11.snv.mod.fix.bam	0.293009208649	0.29391710363	0.258435085509	0.291878972041	0.291638101944	0.279038743029	0.286542772971	0.286524244502	0.284875210761	0.278019677234	0.276185358804	0.293009208649	0.284930796168	0.244964888551	0.281818013378	0.286857756944	0.0	0.268292231013	0.288228863649	0.288191806711	0.287784180393	0.269292768339	0.13186711382	0.28287413611	0.289433214134	0.289599970354	0.239387819384	0.276018602583	0.274647495877	0.289803783513	0.280206036575	0.268773971207	0.27294287673	0.280817476052	0.146449018918	0.283874673436	0.283207648552	0.269570695373	0.279946638009	0.28709862704	0.25804598766	0.263530414482	0.28213299735	0.287246854792	0.287135683978	0.282707379889	0.289655555761	0.28380055956	0.288451205277	0.143892090197	0.180522873395	0.26356747142	0.28250356673	0.289711141168	0.282244168164	0.282522095199	0.274073113339	0.277760278668	0.29171221582	0.28361527487	0.283541160994	0.148561264383	0.139908469363	0.287005984695	0.272072038687	0.275036593726	0.277704693261	0.144781456708	0.153508365604	0.283782031091	0.227455485353	0.25841655704	0.288321505994	0.282707379889	0.129699282948	0.276537399715	0.156324692891	0.285875748087	0.274369568843	0.283411461711	0.286728057661	0.146819588297	0.129940153045	0.243223212466	0.25749013359	0.254507050082	0.258175686943
159733294-stool1.freeze11.snv.mod.fix.bam	0.138277964092	0.139278501417	0.166237423802	0.090178058587	0.0898816030831	0.135869263123	0.0857126975598	0.0856015267458	0.0833781104667	0.136425117193	0.135239295177	0.137777695429	0.0524726241871	0.149672972522	0.177391562135	0.0522688110281	0.268292231013	0.0	0.159789516592	0.15982657353	0.0624965259121	0.124381612347	0.259435622834	0.165236886476	0.0444497971133	0.0448018380241	0.0363713846325	0.129347242037	0.128291119305	0.137351540642	0.133794074596	0.147153100739	0.150358525875	0.147597783995	0.244149635916	0.138055622464	0.0605325081988	0.0493968983343	0.052509681125	0.0662948620555	0.132552667173	0.13481314039	0.057697652443	0.0556039354468	0.143150951437	0.135239295177	0.140575494247	0.0709084508347	0.072779826203	0.255692872098	0.236590020567	0.141335161476	0.0730577532378	0.153119267755	0.0679068388579	0.157510514906	0.0746697300402	0.0578829371329	0.0863426655055	0.0813770358155	0.15247077134	0.281632728688	0.239350762446	0.082636971707	0.146115506476	0.0859165107187	0.136962442793	0.26853310111	0.25950973671	0.0684256359897	0.0613848177725	0.047544051435	0.130143966204	0.14235422727	0.248318541439	0.0594208000593	0.252357747679	0.135461636805	0.16423634915	0.0635155917067	0.0603101665709	0.27496247985	0.236664134443	0.113320116359	0.12543773508	0.125345092735	0.126086231495
159753524-stool2.freeze11.snv.mod.fix.bam	0.168516425488	0.169368735061	0.180874914306	0.167756758259	0.167478831224	0.166237423802	0.170721313298	0.170628670953	0.168812880992	0.163476681922	0.153675121825	0.176316910934	0.171721850623	0.148413036631	0.178336514054	0.171277167368	0.288228863649	0.159789516592	0.0	0.0	0.169665190565	0.140427266495	0.281002760742	0.174871690352	0.17527931667	0.175575772174	0.141057234441	0.150969965352	0.150006484964	0.159882158937	0.164810731689	0.111522854867	0.114450352967	0.0680921235478	0.260047062311	0.171314224306	0.176038983899	0.164032535992	0.173222656612	0.172685331011	0.159381890274	0.0784310092457	0.166737692464	0.167627058976	0.177465676011	0.16093828167	0.166663578589	0.170721313298	0.174501120972	0.276778269812	0.263715699172	0.0693520594393	0.174427007096	0.0889922365715	0.180949028182	0.158140482852	0.171388338182	0.167460302755	0.166385651554	0.164681032406	0.0958848270367	0.302644012525	0.261788738397	0.17344499824	0.172407403976	0.172110948472	0.163643438143	0.290674621556	0.280780419114	0.17196272072	0.117099924033	0.122880806359	0.169294621185	0.165440699635	0.268440458765	0.167237961127	0.275092179133	0.163180226418	0.170665727891	0.165700098201	0.177613903763	0.297085471827	0.256841637176	0.0959959978507	0.113950084305	0.112838376165	0.112023123529
159753524-stool3.freeze11.snv.mod.fix.bam	0.16847936855	0.169350206592	0.180893442775	0.167756758259	0.167460302755	0.16627448074	0.170739841767	0.170647199422	0.168831409461	0.163476681922	0.153693650294	0.176316910934	0.171758907561	0.148413036631	0.178336514054	0.171332752775	0.288191806711	0.15982657353	0.0	0.0	0.169683719034	0.140427266495	0.280984232273	0.17490874729	0.175316373608	0.175612829112	0.14107576291	0.150969965352	0.150043541902	0.159919215875	0.164829260158	0.111504326398	0.114450352967	0.0680735950788	0.260047062311	0.171332752775	0.176094569306	0.16406959293	0.173241185081	0.172722387949	0.159326304867	0.0784310092457	0.166700635526	0.167664115914	0.177465676011	0.16093828167	0.166663578589	0.170721313298	0.174501120972	0.276759741343	0.263697170703	0.0690926608734	0.174408478627	0.0890107650405	0.180967556651	0.158214596728	0.171388338182	0.167478831224	0.166422708492	0.164718089344	0.0958848270367	0.302625484056	0.261751681459	0.17344499824	0.172370347038	0.172110948472	0.163624909674	0.290581979211	0.280743362176	0.171944192251	0.117099924033	0.12286227789	0.169313149654	0.165459228104	0.268384873358	0.167293546534	0.275055122195	0.163198754887	0.170721313298	0.165700098201	0.177632432232	0.297085471827	0.256823108707	0.0960701117267	0.11385744196	0.112838376165	0.112023123529
160603188-stool3.freeze11.snv.mod.fix.bam	0.143966204073	0.144818513646	0.176835708065	0.0929573289359	0.0925682310871	0.145133497619	0.0849345018621	0.0848603879861	0.0829890126179	0.144114431824	0.142224527987	0.144170017231	0.0635897055826	0.150284411999	0.18282040355	0.0639602749625	0.287784180393	0.0624965259121	0.169665190565	0.169683719034	0.0	0.132830594208	0.280502492079	0.170591614015	0.0532322914158	0.0533619906987	0.0418002260473	0.132311797076	0.131459487503	0.140983120565	0.142261584925	0.157732856534	0.162012932871	0.156547034519	0.260714087195	0.145522595468	0.070167312075	0.0609030775787	0.065275796261	0.0706490522688	0.138722647348	0.141501917697	0.0673324563191	0.0642382019974	0.14915417539	0.139463786107	0.145281725371	0.0659428211447	0.067628911823	0.275907431769	0.252265105334	0.146504604325	0.0690185469975	0.165088658724	0.0713531340905	0.160271256786	0.0735394934317	0.0607363213578	0.0910488966297	0.0850456726761	0.165070130255	0.302440199366	0.25878712642	0.0886031387226	0.155676196476	0.0861017954086	0.140612551185	0.290137295955	0.280632191362	0.0745029738193	0.0628485668229	0.0534731615127	0.138148264809	0.146930759111	0.267439921439	0.060124881881	0.270478590354	0.145874636379	0.169016694151	0.0628856237609	0.0620147857183	0.297141057234	0.254525578551	0.117489021882	0.128995201127	0.130236608549	0.13186711382
160704339-stool1.freeze11.snv.mod.fix.bam	0.103296214634	0.104148524207	0.128235533898	0.133831131534	0.133219692057	0.103036816068	0.136406588724	0.136165718627	0.133997887755	0.101980693335	0.0891775212614	0.139686127735	0.136554816476	0.1298475107	0.158010783569	0.136406588724	0.269292768339	0.124381612347	0.140427266495	0.140427266495	0.132830594208	0.0	0.258713012544	0.14806099572	0.136462174131	0.136999499731	0.109355023994	0.0664430898075	0.065127568509	0.0713531340905	0.129995738452	0.130792462619	0.134646384169	0.124400140816	0.238498452873	0.137277426766	0.13720331289	0.128809916437	0.138833818162	0.131403902096	0.129606640603	0.112504863723	0.138463248782	0.137073613607	0.140575494247	0.0542143002724	0.057549424691	0.134220229382	0.138333549499	0.256915751051	0.236237979656	0.112986603917	0.132070926979	0.129254599692	0.135758092309	0.1388708751	0.135072538956	0.129236071223	0.129810453762	0.122065553723	0.138148264809	0.282058883474	0.240240128958	0.137777695429	0.145040855274	0.128309647774	0.0892145781994	0.271442070742	0.260658501788	0.136703044227	0.0788201070946	0.0984046988197	0.132367382483	0.090289229401	0.247799744307	0.127587037483	0.255025847214	0.109040040021	0.143002723685	0.123344018084	0.139630542328	0.277445294695	0.234440718163	0.0846936317652	0.0945878342073	0.0953845583739	0.0953845583739
178713055-stool2.freeze11.snv.mod.fix.bam	0.279631654036	0.280372792796	0.246780678513	0.282095940412	0.281799484909	0.267495506846	0.276518871246	0.276407700432	0.274851309036	0.266680254211	0.266995238183	0.281058346149	0.276574456653	0.235589483241	0.272887291323	0.277630579385	0.13186711382	0.259435622834	0.281002760742	0.280984232273	0.280502492079	0.258713012544	0.0	0.272979933668	0.281206573901	0.281317744715	0.232180244946	0.264623594152	0.26282633266	0.278594059773	0.268755442738	0.261121713513	0.264419780993	0.27275759204	0.13334939134	0.273202275296	0.275295992292	0.26173315299	0.271794111653	0.277982620296	0.250115802931	0.254432936206	0.273331974579	0.278130848048	0.276722684405	0.271645883901	0.278519945897	0.276240944211	0.280891589928	0.129773396824	0.175168145856	0.255229660373	0.275536862389	0.281354801653	0.274703081284	0.273517259269	0.266532026459	0.270311834133	0.281614200219	0.275833317893	0.274480739656	0.135887791592	0.126827370254	0.279001686091	0.264178910897	0.266828481963	0.26816253173	0.136517759538	0.143058309092	0.273646958552	0.21869151952	0.250819884753	0.277371180819	0.272294380315	0.117933705138	0.269311296808	0.154193918956	0.27312816142	0.263826869986	0.274369568843	0.279224027719	0.131996813103	0.116581126901	0.235441255489	0.249152322544	0.24628040985	0.249356135703
375450439-stool3.freeze11.snv.mod.fix.bam	0.165107187193	0.165829797484	0.180949028182	0.177502732949	0.177187748976	0.162476144596	0.181616053066	0.181523410721	0.179466750662	0.160586240759	0.15634322136	0.181449296845	0.173852624558	0.121824683626	0.145559652406	0.177150692038	0.28287413611	0.165236886476	0.174871690352	0.17490874729	0.170591614015	0.14806099572	0.272979933668	0.0	0.176076040837	0.176446610217	0.142780382057	0.15302662541	0.152229901243	0.162142632154	0.165088658724	0.170832484112	0.174556706379	0.169146393434	0.257323377369	0.179559393007	0.175186674325	0.167219432658	0.176428081748	0.173982323841	0.154527431398	0.150692038317	0.178910896593	0.175890756147	0.184487965759	0.16001185822	0.165329528821	0.1699431176	0.173797039151	0.271942339404	0.263400715199	0.154953586185	0.172314761631	0.169720775972	0.182838932019	0.127568509014	0.177206277445	0.173000314984	0.170832484112	0.172055363065	0.17822534324	0.294787941672	0.254395879268	0.178003001612	0.178021530081	0.172685331011	0.16553334198	0.284208185878	0.275425691575	0.177391562135	0.10281447444	0.14235422727	0.175131088918	0.165570398918	0.26173315299	0.172740916418	0.269959793222	0.161531192678	0.13757388227	0.16773822979	0.183487428434	0.290396694521	0.248411183784	0.106964851494	0.110022048878	0.11091141539	0.114042726649
508703490-stool1.freeze11.snv.mod.fix.bam	0.150099127309	0.150803209131	0.180708158085	0.0891404643234	0.0887884234126	0.145819050972	0.0816364343814	0.0815252635675	0.0793574326953	0.147857182561	0.144670285894	0.1460413926	0.0391691834504	0.156899075429	0.190806173686	0.0410405588186	0.289433214134	0.0444497971133	0.17527931667	0.175316373608	0.0532322914158	0.136462174131	0.281206573901	0.176076040837	0.0	0.0	0.000111170813956	0.136925385855	0.135943376999	0.146208148821	0.145781994034	0.161105037891	0.165125715662	0.164328991495	0.263511886013	0.148728020604	0.0488410442645	0.040021493024	0.0430416334698	0.0595875562802	0.140797835875	0.144058846418	0.045227992811	0.045005651183	0.150840266069	0.144429415797	0.15026588353	0.0629412091679	0.0648496414741	0.276852383688	0.254321765393	0.153990105798	0.0665357321525	0.166404180023	0.0613477608345	0.168924051806	0.0664245613385	0.0489151581405	0.085305071242	0.0779492690519	0.167015619499	0.303959533824	0.260176761594	0.0823775731411	0.158900150081	0.0845454040133	0.145559652406	0.291267532564	0.281947712661	0.0639788034315	0.0611254192066	0.0393174112023	0.140760778937	0.151711104111	0.269496581497	0.0482666617257	0.272961405199	0.145170554557	0.174334364751	0.060273109633	0.0487669303885	0.297604268959	0.255600229753	0.123825758278	0.135683978433	0.136888328917	0.137036556669
508703490-stool2.freeze11.snv.mod.fix.bam	0.150228826592	0.151044079228	0.180967556651	0.0893072205444	0.0889551796335	0.146134034945	0.0818773044783	0.0818031906024	0.0796168312612	0.148190695003	0.14492968446	0.146208148821	0.0394100535473	0.157158473995	0.191121157659	0.0412814289155	0.289599970354	0.0448018380241	0.175575772174	0.175612829112	0.0533619906987	0.136999499731	0.281317744715	0.176446610217	0.0	0.0	3.70569379852e-05	0.137240369828	0.13629541791	0.146560189732	0.145985807193	0.161271794112	0.165329528821	0.164625446999	0.263604528358	0.148820662949	0.0491004428304	0.040169720776	0.0431898612218	0.0598098979081	0.141020177503	0.144281188045	0.0455615052528	0.045172407404	0.15100702229	0.144725871301	0.150562339034	0.0631635507958	0.065071983102	0.277019139908	0.254469993144	0.154138333549	0.0668321876563	0.166589464713	0.0615515739934	0.169276092716	0.0666839599044	0.0491560282374	0.0855644698079	0.0780604398659	0.167293546534	0.304089233107	0.260269403939	0.082618443238	0.15910396324	0.0848418595171	0.145837579441	0.291397231847	0.282207111226	0.0641826165904	0.0619036149043	0.0396138667062	0.141038705972	0.151970502677	0.269589223842	0.0485631172296	0.273054047544	0.145374367716	0.174593763317	0.0604213373849	0.0490448574234	0.297696911304	0.255711400567	0.12432602694	0.136313946379	0.137499768394	0.137666524615
508703490-stool3.freeze11.snv.mod.fix.bam	0.119119527153	0.119712438161	0.14641196198	0.0710937355246	0.0705378814549	0.115061792444	0.0658687072687	0.0657945933927	0.0637379333346	0.117248151785	0.115914102018	0.11659965537	0.0312575271905	0.132552667173	0.154712716088	0.0328324470549	0.239387819384	0.0363713846325	0.141057234441	0.14107576291	0.0418002260473	0.109355023994	0.232180244946	0.142780382057	0.000111170813956	3.70569379852e-05	0.0	0.109929406533	0.108928869208	0.116525541495	0.118396916863	0.13058864946	0.133979359286	0.131237145875	0.218043023105	0.118915713995	0.0394656389543	0.032591576958	0.0349076355821	0.047692279187	0.115450890293	0.118767486243	0.035074391803	0.0362787422875	0.121120601805	0.115247077134	0.119249226436	0.0509347612607	0.0522873394971	0.231642919346	0.209056715644	0.125567434363	0.0536584462026	0.13371996072	0.0493968983343	0.136628930351	0.0534916899817	0.0384095162217	0.0689444331215	0.0620888995942	0.135721035371	0.25069018547	0.215134053473	0.0669618869393	0.129180485816	0.0687220914936	0.117025810157	0.24038835671	0.232810212892	0.0513423875785	0.0461544162606	0.03016434752	0.112653091475	0.121342943433	0.222063700876	0.0385206870356	0.224287117156	0.115080320913	0.141409275352	0.047692279187	0.0388727279465	0.244297863668	0.209797854403	0.097793259343	0.108465657483	0.109002983084	0.110299975913
