	BYQ_AAAA.freeze11.snv.mod.fix.bam	BYQ_AAAD.freeze11.snv.mod.fix.bam	BYQ_AAAF.freeze11.snv.mod.fix.bam	CCIS02124300ST-4-0.freeze11.snv.mod.fix.bam	CCIS15794887ST-4-0.freeze11.snv.mod.fix.bam	CCIS16326685ST-4-0.freeze11.snv.mod.fix.bam	CCIS41288781ST-4-0.freeze11.snv.mod.fix.bam	CCIS41548810ST-4-0.freeze11.snv.mod.fix.bam	CCIS51667829ST-4-0.freeze11.snv.mod.fix.bam	CCIS65479369ST-4-0.freeze11.snv.mod.fix.bam	CCIS81710917ST-20-0.freeze11.snv.mod.fix.bam	CCIS88007743ST-4-0.freeze11.snv.mod.fix.bam	HT8A.freeze11.snv.mod.fix.bam	M2.5-V1.metaT.freeze11.snv.mod.fix.bam	M2.5-V2.metaT.freeze11.snv.mod.fix.bam	M3.3-V3.metaG.freeze11.snv.mod.fix.bam	M3.3-V3.metaT.freeze11.snv.mod.fix.bam	NG-5636_463.freeze11.snv.mod.fix.bam	O2.UC11-1.freeze11.snv.mod.fix.bam	O2.UC20-1.freeze11.snv.mod.fix.bam	O2.UC36-0.freeze11.snv.mod.fix.bam	O2.UC37-1.freeze11.snv.mod.fix.bam	O2.UC46-1.freeze11.snv.mod.fix.bam	SAMEA3136632.freeze11.snv.mod.fix.bam	SAMEA3136633.freeze11.snv.mod.fix.bam	SAMEA3136639.freeze11.snv.mod.fix.bam	SAMEA3136655.freeze11.snv.mod.fix.bam	SAMEA3136656.freeze11.snv.mod.fix.bam	SAMEA3136660.freeze11.snv.mod.fix.bam	SAMEA3136661.freeze11.snv.mod.fix.bam	SAMEA3136665.freeze11.snv.mod.fix.bam	SAMEA3136666.freeze11.snv.mod.fix.bam	SAMEA3136679.freeze11.snv.mod.fix.bam	SAMEA3136685.freeze11.snv.mod.fix.bam	SAMEA3136688.freeze11.snv.mod.fix.bam	SAMEA3136717.freeze11.snv.mod.fix.bam	SAMEA3136747.freeze11.snv.mod.fix.bam	T2D-122A.freeze11.snv.mod.fix.bam	V1.CD1-0-PT.freeze11.snv.mod.fix.bam	V1.CD36-0.freeze11.snv.mod.fix.bam	V1.CD41-0.freeze11.snv.mod.fix.bam	V1.FI05.freeze11.snv.mod.fix.bam	V1.FI13.freeze11.snv.mod.fix.bam	V1.FI15.freeze11.snv.mod.fix.bam	V1.FI17.freeze11.snv.mod.fix.bam	V1.FI25.freeze11.snv.mod.fix.bam	V1.FI32.freeze11.snv.mod.fix.bam	V1.FI33.freeze11.snv.mod.fix.bam	V1.UC11-5.freeze11.snv.mod.fix.bam	V1.UC5-3.freeze11.snv.mod.fix.bam	V1.UC54-0.freeze11.snv.mod.fix.bam	peacemaker-11-0-0.freeze11.snv.mod.fix.bam	peacemaker-11-2-0.freeze11.snv.mod.fix.bam	peacemaker-11-7-0.freeze11.snv.mod.fix.bam
BYQ_AAAA.freeze11.snv.mod.fix.bam	0.0	0.166088892647	0.177277979764	0.162424959838	0.165187001494	0.166849863307	0.179053577971	0.159719286379	0.158253713255	0.165440658381	0.17485414729	0.174741410896	0.186691468673	0.0402468927031	0.0434035117387	0.172007553338	0.0717003466644	0.161917646064	0.154223387165	0.164313294439	0.167723570362	0.171359319072	0.17217665793	0.163157746399	0.172458498915	0.176911586483	0.169217327584	0.164792424114	0.178602632395	0.169527352668	0.174995067783	0.170739268904	0.166257997238	0.165102449198	0.179786364533	0.167977227248	0.172317578422	0.178405343705	0.173332205969	0.172965812688	0.16104393901	0.171190214481	0.162171302951	0.163298666892	0.164792424114	0.171810264649	0.187311518841	0.176996138779	0.160762098024	0.162086750655	0.170175586934	0.170203771032	0.169414616273	0.170203771032
BYQ_AAAD.freeze11.snv.mod.fix.bam	0.166088892647	0.0	0.165356106085	0.149601195006	0.0917674248189	0.160762098024	0.176291536315	0.0714748738762	0.160592993433	0.170006482343	0.172853076294	0.154279755362	0.190693610665	0.0363293030072	0.0389222400722	0.177503452552	0.073588681266	0.155998985372	0.15661903554	0.161325779995	0.173585862856	0.0632733012035	0.12744849356	0.151404977312	0.183929427017	0.180293678307	0.171049293988	0.146585496463	0.181871987824	0.0988698176489	0.168089963643	0.165468842479	0.174403201714	0.175023251881	0.169527352668	0.156647219639	0.169330063978	0.184887686367	0.174713226797	0.173416758265	0.166765311012	0.172430314816	0.162143118852	0.169470984471	0.154533412249	0.175586933852	0.180350046504	0.175164172374	0.173106733181	0.160705729827	0.126264761422	0.165187001494	0.164566951326	0.165412474282
BYQ_AAAF.freeze11.snv.mod.fix.bam	0.177277979764	0.165356106085	0.0	0.172655787605	0.168174515938	0.160254784251	0.168766382007	0.153800625687	0.151940475184	0.155745328486	0.157436374398	0.177221611567	0.177672557143	0.0394577379443	0.0416560976297	0.157943688171	0.0676418364759	0.160677545729	0.142188777092	0.160057495561	0.146416391872	0.168879118401	0.172571235309	0.177841661734	0.16352413968	0.162734984922	0.142921563654	0.167695386263	0.163665060173	0.164341478538	0.159606549984	0.163016825907	0.147008257941	0.164566951326	0.165271553789	0.190299033285	0.170541980215	0.164285110341	0.165440658381	0.166511654125	0.15067219075	0.157408190299	0.165215185592	0.157859135876	0.169076407091	0.15949381359	0.180547335193	0.160198416054	0.149939404188	0.162424959838	0.170372875624	0.153575152899	0.152701445844	0.153716073391
CCIS02124300ST-4-0.freeze11.snv.mod.fix.bam	0.162424959838	0.149601195006	0.172655787605	0.0	0.152137763874	0.162453143936	0.172655787605	0.145063555142	0.155576223894	0.165609762972	0.16775175446	0.147628308109	0.187959753107	0.0375694033426	0.0401623404075	0.177418900256	0.0733913925763	0.148981144838	0.15605535357	0.15585806488	0.172796708097	0.159550181787	0.157041797018	0.143964375299	0.18004002142	0.180716439785	0.170880189397	0.143738902511	0.181674699135	0.15566077619	0.178715368789	0.164820608213	0.174685042699	0.174346833517	0.175756038443	0.144697161861	0.169414616273	0.179335418957	0.17197936924	0.171500239565	0.160931202615	0.173022180886	0.160395704743	0.166680758716	0.168089963643	0.176742481892	0.177080691074	0.17812350272	0.165609762972	0.157746399481	0.155322567008	0.165891603957	0.165299737888	0.166088892647
CCIS15794887ST-4-0.freeze11.snv.mod.fix.bam	0.165187001494	0.0917674248189	0.168174515938	0.152137763874	0.0	0.163834164764	0.173050364984	0.103632930301	0.15701361292	0.166511654125	0.169921930047	0.133085313266	0.188382514585	0.0351455708689	0.0380485330177	0.173332205969	0.0704884304276	0.152137763874	0.155604407993	0.161833093768	0.174008624334	0.115132042502	0.145711789408	0.151207688622	0.179025393873	0.177982582227	0.169809193653	0.14472534596	0.181900171923	0.124911924692	0.171866632846	0.163355035089	0.170936557594	0.17102110989	0.174825963192	0.15334968011	0.166427101829	0.180941912573	0.170485612018	0.169809193653	0.162396775739	0.169583720865	0.161551252783	0.165384290183	0.164651503622	0.17716524337	0.176883402384	0.173557678758	0.169978298244	0.15969110228	0.144048927595	0.164228742144	0.163636876075	0.164595135425
CCIS16326685ST-4-0.freeze11.snv.mod.fix.bam	0.166849863307	0.160762098024	0.160254784251	0.162453143936	0.163834164764	0.0	0.167244440687	0.15334968011	0.147459203517	0.153772441588	0.164172373947	0.165947972154	0.168794566106	0.0341027592232	0.0368929849779	0.150925847637	0.0622586736563	0.156647219639	0.139793128717	0.153856993884	0.147261914828	0.161410332291	0.164961528706	0.164736055917	0.161494884586	0.157408190299	0.151461345509	0.157605478989	0.16276316902	0.161410332291	0.158338265551	0.155040726022	0.147769228601	0.152278684366	0.158676474733	0.17581240664	0.156506299146	0.16104393901	0.153152391421	0.151940475184	0.147853780897	0.132493447197	0.153575152899	0.145119923339	0.161974014261	0.157549110792	0.174064992531	0.157154533412	0.145458132522	0.151517713706	0.16296045771	0.159183788507	0.158620106536	0.159437445393
CCIS41288781ST-4-0.freeze11.snv.mod.fix.bam	0.179053577971	0.176291536315	0.168766382007	0.172655787605	0.173050364984	0.167244440687	0.0	0.170316507427	0.160170231955	0.165271553789	0.17677066599	0.174938699586	0.174431385812	0.037851244328	0.0398523153237	0.172317578422	0.0724895014233	0.161297595896	0.148135621882	0.166145260844	0.169724641357	0.178940841577	0.172993996787	0.165722499366	0.170852005299	0.174685042699	0.165497026578	0.173557678758	0.17812350272	0.176686113695	0.174769594995	0.170880189397	0.162509512133	0.169132775288	0.173557678758	0.177080691074	0.177700741242	0.171415687269	0.167808122657	0.174966883684	0.156985428821	0.172233026127	0.167864490854	0.15605535357	0.175417829261	0.171274766777	0.182689326682	0.167779938559	0.15969110228	0.165046081001	0.170908373496	0.17505143598	0.174403201714	0.175361461064
CCIS41548810ST-4-0.freeze11.snv.mod.fix.bam	0.159719286379	0.0714748738762	0.153800625687	0.145063555142	0.103632930301	0.15334968011	0.170316507427	0.0	0.152250500268	0.158704658831	0.164566951326	0.154251571263	0.182069276514	0.0346946252924	0.0373439305544	0.167639018066	0.0689664891068	0.151996843381	0.148445646966	0.153039655027	0.166765311012	0.0929229728587	0.141906936107	0.151348609115	0.175727854345	0.171387503171	0.158986499817	0.142555170373	0.174487754009	0.114511992334	0.165017896903	0.153997914377	0.164820608213	0.167469913475	0.168230884135	0.156647219639	0.166370733632	0.174431385812	0.167977227248	0.170091034638	0.16084665032	0.167357177081	0.156027169471	0.162481328035	0.152222316169	0.166314365435	0.170598348412	0.167216256588	0.162312223444	0.155548039796	0.140723203968	0.161635805079	0.160903018517	0.161861277867
CCIS51667829ST-4-0.freeze11.snv.mod.fix.bam	0.158253713255	0.160592993433	0.151940475184	0.155576223894	0.15701361292	0.147459203517	0.160170231955	0.152250500268	0.0	0.147712860404	0.151038584031	0.157520926693	0.16391871706	0.0330881316761	0.035681068741	0.144415320876	0.0593838956061	0.146219103182	0.134860911474	0.146980073842	0.142526986274	0.158451001945	0.16045207294	0.152025027479	0.151517713706	0.152673261746	0.144105295792	0.150221245173	0.155238014712	0.156731771934	0.153969730278	0.149065697134	0.145204475635	0.154646148643	0.152137763874	0.16583523576	0.15585806488	0.155491671599	0.149178433528	0.155942617175	0.143006115949	0.149883035991	0.148022885488	0.147261914828	0.152137763874	0.153716073391	0.160705729827	0.150164876976	0.143203404639	0.147064626138	0.158563738339	0.148502015163	0.148022885488	0.14875567205
CCIS65479369ST-4-0.freeze11.snv.mod.fix.bam	0.165440658381	0.170006482343	0.155745328486	0.165609762972	0.166511654125	0.153772441588	0.165271553789	0.158704658831	0.147712860404	0.0	0.158310081452	0.167667202165	0.166765311012	0.0341027592232	0.034779177588	0.151038584031	0.0607085482371	0.158563738339	0.136298300499	0.147853780897	0.14221696119	0.171077478087	0.168287252332	0.169640089062	0.151292240918	0.149178433528	0.146923705645	0.159409261295	0.157859135876	0.167695386263	0.154787069136	0.159014683915	0.137961162312	0.156224458161	0.153377864209	0.181026464869	0.163946901158	0.155717144387	0.148981144838	0.158084608664	0.139173078549	0.147205546631	0.15278599814	0.142498802176	0.161213043601	0.152898734534	0.172881260393	0.156759956033	0.138693948874	0.148530199262	0.166229813139	0.156703587836	0.156111721767	0.157041797018
CCIS81710917ST-20-0.freeze11.snv.mod.fix.bam	0.17485414729	0.172853076294	0.157436374398	0.16775175446	0.169921930047	0.164172373947	0.17677066599	0.164566951326	0.151038584031	0.158310081452	0.0	0.170372875624	0.186719652772	0.038753135481	0.0410924156591	0.165187001494	0.0696147233731	0.166906231504	0.150249429272	0.157464558496	0.16487697641	0.180350046504	0.174487754009	0.167977227248	0.167723570362	0.171725712353	0.163411403286	0.163552323779	0.170654716609	0.172599419408	0.166539838223	0.164426030833	0.160621177532	0.170316507427	0.173726783349	0.175502381556	0.169696457259	0.172514867112	0.166286181336	0.169245511682	0.160282968349	0.165609762972	0.158310081452	0.162340407542	0.165807051661	0.171725712353	0.176150615823	0.164820608213	0.161410332291	0.161072123108	0.172824892196	0.163185930498	0.162509512133	0.163552323779
CCIS88007743ST-4-0.freeze11.snv.mod.fix.bam	0.174741410896	0.154279755362	0.177221611567	0.147628308109	0.133085313266	0.165947972154	0.174938699586	0.154251571263	0.157520926693	0.167667202165	0.170372875624	0.0	0.188664355571	0.0349482821792	0.0373157464558	0.176488825005	0.0736168653646	0.151996843381	0.160254784251	0.164228742144	0.173275837772	0.160282968349	0.167272624785	0.15394154618	0.180913728474	0.17772892534	0.170485612018	0.147966517291	0.179955469124	0.16467968772	0.177193427468	0.165525210676	0.169301879879	0.173529494659	0.178856289282	0.157830951777	0.166229813139	0.184493108988	0.175868774837	0.169048222993	0.163214114597	0.171500239565	0.16659620642	0.165807051661	0.169189143485	0.174234097122	0.179307234858	0.180970096671	0.165299737888	0.161410332291	0.165158817395	0.170992925791	0.170541980215	0.171387503171
HT8A.freeze11.snv.mod.fix.bam	0.186691468673	0.190693610665	0.177672557143	0.187959753107	0.188382514585	0.168794566106	0.174431385812	0.182069276514	0.16391871706	0.166765311012	0.186719652772	0.188664355571	0.0	0.040556917787	0.0422197796003	0.165553394775	0.0697556438657	0.169160959387	0.155970801274	0.170598348412	0.164285110341	0.19077816296	0.185874129816	0.193822045602	0.165947972154	0.170852005299	0.158479186043	0.178630816493	0.174938699586	0.187536991629	0.168287252332	0.178348975508	0.152335052563	0.170964741693	0.171105662185	0.209295115696	0.179899100927	0.149601195006	0.165384290183	0.173275837772	0.153603336997	0.172965812688	0.170992925791	0.161833093768	0.175164172374	0.173529494659	0.17868718469	0.166821679209	0.15777458358	0.168061779544	0.183253008653	0.177785293537	0.176996138779	0.177982582227
M2.5-V1.metaT.freeze11.snv.mod.fix.bam	0.0402468927031	0.0363293030072	0.0394577379443	0.0375694033426	0.0351455708689	0.0341027592232	0.037851244328	0.0346946252924	0.0330881316761	0.0341027592232	0.038753135481	0.0349482821792	0.040556917787	0.0	0.0	0.0360756461205	0.0294523829655	0.0350328344748	0.0328344747893	0.0332008680702	0.0360474620219	0.0364984075984	0.0390913446633	0.0386967672839	0.035624700544	0.0402468927031	0.035681068741	0.0355401482484	0.038809503678	0.0362165666131	0.037484851047	0.0388658718751	0.0346382570953	0.0364702234999	0.0367520644852	0.0399932358164	0.0380203489191	0.0382740058059	0.0375694033426	0.0381049012147	0.0332572362673	0.0366675121896	0.0355683323469	0.0360474620219	0.03742848285	0.038809503678	0.0411769679547	0.0385276626927	0.0339336546321	0.0330881316761	0.0384431103971	0.0384431103971	0.0383867422001	0.0383867422001
M2.5-V2.metaT.freeze11.snv.mod.fix.bam	0.0434035117387	0.0389222400722	0.0416560976297	0.0401623404075	0.0380485330177	0.0368929849779	0.0398523153237	0.0373439305544	0.035681068741	0.034779177588	0.0410924156591	0.0373157464558	0.0422197796003	0.0	0.0	0.0385276626927	0.0312843493701	0.0375412192441	0.0349482821792	0.0360192779234	0.0379921648206	0.0397677630281	0.04145880894	0.0411205997576	0.0390631605648	0.0419097545165	0.03742848285	0.0373157464558	0.0425298046842	0.0395704743384	0.0395141061413	0.0408951269694	0.0372311941603	0.0397959471266	0.0397959471266	0.0434316958372	0.0404441813929	0.039655026634	0.0394013697472	0.0405851018855	0.0355683323469	0.0378230602294	0.0383585581015	0.0372593782588	0.0390913446633	0.0398804994222	0.0439953778078	0.0405287336885	0.0364138553028	0.0352864913616	0.0406414700826	0.0417124658268	0.0415433612356	0.0416279135312
M3.3-V3.metaG.freeze11.snv.mod.fix.bam	0.172007553338	0.177503452552	0.157943688171	0.177418900256	0.173332205969	0.150925847637	0.172317578422	0.167639018066	0.144415320876	0.151038584031	0.165187001494	0.176488825005	0.165553394775	0.0360756461205	0.0385276626927	0.0	5.63681970632e-05	0.161438516389	0.141399622333	0.156562667343	0.145204475635	0.173388574166	0.172627603506	0.178828105183	0.146867337448	0.154364307658	0.148586567459	0.169499168569	0.159916575068	0.173106733181	0.156957244723	0.160057495561	0.14069501987	0.156759956033	0.154758885037	0.195682196105	0.161156675404	0.155745328486	0.152194132071	0.156647219639	0.143626166117	0.157098165215	0.158676474733	0.147684676306	0.161635805079	0.154167018968	0.176629745498	0.152729629943	0.136749246075	0.15681632423	0.17006285054	0.163157746399	0.162312223444	0.163298666892
M3.3-V3.metaT.freeze11.snv.mod.fix.bam	0.0717003466644	0.073588681266	0.0676418364759	0.0733913925763	0.0704884304276	0.0622586736563	0.0724895014233	0.0689664891068	0.0593838956061	0.0607085482371	0.0696147233731	0.0736168653646	0.0697556438657	0.0294523829655	0.0312843493701	5.63681970632e-05	0.0	0.0658662382684	0.0563963811617	0.0649361630168	0.061074941518	0.0712775851864	0.0704884304276	0.0736450494631	0.0621459372622	0.0649361630168	0.0611031256165	0.0689101209098	0.0662044474507	0.0729968151969	0.0652743721992	0.0678954933626	0.0586229249457	0.0660353428596	0.0638369831741	0.07984555114	0.0670217863082	0.0631323807108	0.0617231757842	0.0655843972831	0.057523745103	0.0671345227023	0.0669654181111	0.0621459372622	0.0682618866436	0.0643161128491	0.0745469406161	0.0633296694005	0.056199092472	0.0647670584256	0.0687128322201	0.0695865392745	0.069079225501	0.069558355176
NG-5636_463.freeze11.snv.mod.fix.bam	0.161917646064	0.155998985372	0.160677545729	0.148981144838	0.152137763874	0.156647219639	0.161297595896	0.151996843381	0.146219103182	0.158563738339	0.166906231504	0.151996843381	0.169160959387	0.0350328344748	0.0375412192441	0.161438516389	0.0658662382684	0.0	0.145148107438	0.153096023224	0.158873763423	0.162988641808	0.157830951777	0.146078182689	0.165243369691	0.164172373947	0.157830951777	0.150418533863	0.170288323328	0.162368591641	0.163383219188	0.155519855697	0.15873284293	0.16448239903	0.165271553789	0.150136692878	0.160282968349	0.167018967898	0.147853780897	0.162312223444	0.150587638454	0.162847721316	0.153687889293	0.153716073391	0.161663989177	0.161410332291	0.169527352668	0.164285110341	0.155238014712	0.150418533863	0.155998985372	0.161410332291	0.160762098024	0.161720357374
O2.UC11-1.freeze11.snv.mod.fix.bam	0.154223387165	0.15661903554	0.142188777092	0.15605535357	0.155604407993	0.139793128717	0.148135621882	0.148445646966	0.134860911474	0.136298300499	0.150249429272	0.160254784251	0.155970801274	0.0328344747893	0.0349482821792	0.141399622333	0.0563963811617	0.145148107438	0.0	0.150023956484	0.13722837575	0.158817395226	0.154843437333	0.158281897354	0.142977931851	0.144697161861	0.133959020321	0.146557312364	0.151996843381	0.151348609115	0.143626166117	0.145768157605	0.134973647868	0.144697161861	0.143175220541	0.16794904315	0.149657563203	0.143287956935	0.141145965446	0.146106366788	0.136890166568	0.142639722668	0.144809898255	0.13934218314	0.147628308109	0.145824525803	0.159437445393	0.138440291987	0.132831656379	0.142301513486	0.152306868465	0.143795270708	0.143316141033	0.144105295792
O2.UC20-1.freeze11.snv.mod.fix.bam	0.164313294439	0.161325779995	0.160057495561	0.15585806488	0.161833093768	0.153856993884	0.166145260844	0.153039655027	0.146980073842	0.147853780897	0.157464558496	0.164228742144	0.170598348412	0.0332008680702	0.0360192779234	0.156562667343	0.0649361630168	0.153096023224	0.150023956484	0.0	0.141371438235	0.164228742144	0.167328992982	0.158789211127	0.155773512584	0.15661903554	0.154843437333	0.155576223894	0.160339336546	0.158986499817	0.157633663087	0.143682534314	0.146247287281	0.15969110228	0.15949381359	0.166849863307	0.162058566557	0.163693244272	0.158620106536	0.164426030833	0.150756743046	0.151574081903	0.0752233589809	0.151320425016	0.0784363462135	0.15642174685	0.150136692878	0.157323638003	0.145542684817	0.0629069079226	0.164595135425	0.160621177532	0.160001127364	0.160874834418
O2.UC36-0.freeze11.snv.mod.fix.bam	0.167723570362	0.173585862856	0.146416391872	0.172796708097	0.174008624334	0.147261914828	0.169724641357	0.166765311012	0.142526986274	0.14221696119	0.16487697641	0.173275837772	0.164285110341	0.0360474620219	0.0379921648206	0.145204475635	0.061074941518	0.158873763423	0.13722837575	0.141371438235	0.0	0.173670415152	0.170288323328	0.178489896001	0.148248358276	0.151066768129	0.130266903413	0.167018967898	0.152475973056	0.171190214481	0.152419604859	0.157380006201	0.135480961641	0.151743186494	0.154082466672	0.192441024774	0.159606549984	0.154167018968	0.14991122009	0.154815253234	0.13838392379	0.150446717962	0.141963304304	0.141906936107	0.148783856148	0.153039655027	0.175276908768	0.139821312815	0.137566584933	0.144077111694	0.168259068234	0.156759956033	0.156083537668	0.15701361292
O2.UC37-1.freeze11.snv.mod.fix.bam	0.171359319072	0.0632733012035	0.168879118401	0.159550181787	0.115132042502	0.161410332291	0.178940841577	0.0929229728587	0.158451001945	0.171077478087	0.180350046504	0.160282968349	0.19077816296	0.0364984075984	0.0397677630281	0.173388574166	0.0712775851864	0.162988641808	0.158817395226	0.164228742144	0.173670415152	0.0	0.141343254136	0.15873284293	0.185084975057	0.184295820298	0.175276908768	0.152898734534	0.183224824554	0.1170767453	0.173811335644	0.167216256588	0.171951185141	0.174938699586	0.176911586483	0.169837377751	0.174036808433	0.18175925143	0.175079620078	0.174262281221	0.165412474282	0.17389588794	0.163101378202	0.164764240016	0.157408190299	0.177193427468	0.180011837321	0.175192356472	0.173219469575	0.162086750655	0.139821312815	0.17178208055	0.171133846284	0.172007553338
O2.UC46-1.freeze11.snv.mod.fix.bam	0.17217665793	0.12744849356	0.172571235309	0.157041797018	0.145711789408	0.164961528706	0.172993996787	0.141906936107	0.16045207294	0.168287252332	0.174487754009	0.167272624785	0.185874129816	0.0390913446633	0.04145880894	0.172627603506	0.0704884304276	0.157830951777	0.154843437333	0.167328992982	0.170288323328	0.141343254136	0.0	0.15701361292	0.178264423212	0.178208055015	0.168259068234	0.161720357374	0.181590146839	0.149150249429	0.174487754009	0.170147402835	0.17062653251	0.171246582678	0.175840590739	0.164285110341	0.171190214481	0.177306163862	0.168371804628	0.171669344156	0.160931202615	0.173050364984	0.170880189397	0.167610833967	0.170654716609	0.175558749753	0.181533778642	0.168569093318	0.169809193653	0.163749612469	0.0	0.174431385812	0.173754967447	0.1746568586
SAMEA3136632.freeze11.snv.mod.fix.bam	0.163157746399	0.151404977312	0.177841661734	0.143964375299	0.151207688622	0.164736055917	0.165722499366	0.151348609115	0.152025027479	0.169640089062	0.167977227248	0.15394154618	0.193822045602	0.0386967672839	0.0411205997576	0.178828105183	0.0736450494631	0.146078182689	0.158281897354	0.158789211127	0.178489896001	0.15873284293	0.15701361292	0.0	0.186268707195	0.182125644711	0.172514867112	0.142047856599	0.184183083904	0.163326850991	0.184239452101	0.164961528706	0.181251937657	0.177559820749	0.186268707195	0.119838786956	0.166483470026	0.188326146388	0.172092105634	0.172317578422	0.164848792311	0.173839519743	0.165722499366	0.168005411347	0.169640089062	0.181871987824	0.180434598799	0.181871987824	0.175192356472	0.15853555424	0.155209830614	0.17006285054	0.169527352668	0.170006482343
SAMEA3136633.freeze11.snv.mod.fix.bam	0.172458498915	0.183929427017	0.16352413968	0.18004002142	0.179025393873	0.161494884586	0.170852005299	0.175727854345	0.151517713706	0.151292240918	0.167723570362	0.180913728474	0.165947972154	0.035624700544	0.0390631605648	0.146867337448	0.0621459372622	0.165243369691	0.142977931851	0.155773512584	0.148248358276	0.185084975057	0.178264423212	0.186268707195	0.0	0.156280826358	0.149150249429	0.170767453003	0.15893013162	0.17600969533	0.15681632423	0.164144189848	0.139426735436	0.160001127364	0.155548039796	0.199543417604	0.165525210676	0.157351822102	0.15489980553	0.16200219836	0.145542684817	0.159268340802	0.156872692427	0.152222316169	0.165778867563	0.158620106536	0.177334347961	0.154279755362	0.139144894451	0.157182717511	0.176094247625	0.165581578873	0.164933344607	0.16583523576
SAMEA3136639.freeze11.snv.mod.fix.bam	0.176911586483	0.180293678307	0.162734984922	0.180716439785	0.177982582227	0.157408190299	0.174685042699	0.171387503171	0.152673261746	0.149178433528	0.171725712353	0.17772892534	0.170852005299	0.0402468927031	0.0419097545165	0.154364307658	0.0649361630168	0.164172373947	0.144697161861	0.15661903554	0.151066768129	0.184295820298	0.178208055015	0.182125644711	0.156280826358	0.0	0.148671119754	0.166680758716	0.165327921986	0.177334347961	0.158958315718	0.164087821651	0.142837011358	0.158366449649	0.154138834869	0.198951551535	0.164905160508	0.160762098024	0.153772441588	0.159268340802	0.150728558947	0.157492742595	0.161213043601	0.149150249429	0.170006482343	0.156590851442	0.181167385361	0.158901947521	0.136692877878	0.158225529156	0.175896958936	0.169330063978	0.168625461515	0.169358248076
SAMEA3136655.freeze11.snv.mod.fix.bam	0.169217327584	0.171049293988	0.142921563654	0.170880189397	0.169809193653	0.151461345509	0.165497026578	0.158986499817	0.144105295792	0.146923705645	0.163411403286	0.170485612018	0.158479186043	0.035681068741	0.03742848285	0.148586567459	0.0611031256165	0.157830951777	0.133959020321	0.154843437333	0.130266903413	0.175276908768	0.168259068234	0.172514867112	0.149150249429	0.148671119754	0.0	0.159127420309	0.156731771934	0.168738197909	0.152250500268	0.155576223894	0.137284743947	0.155435303402	0.154195203066	0.185451368338	0.159606549984	0.15143316141	0.150700374849	0.157915504073	0.142837011358	0.14875567205	0.156280826358	0.143964375299	0.165243369691	0.155125278318	0.171894816944	0.136495589189	0.136072827711	0.157069981117	0.165976156253	0.152419604859	0.151855922888	0.152673261746
SAMEA3136656.freeze11.snv.mod.fix.bam	0.164792424114	0.146585496463	0.167695386263	0.143738902511	0.14472534596	0.157605478989	0.173557678758	0.142555170373	0.150221245173	0.159409261295	0.163552323779	0.147966517291	0.178630816493	0.0355401482484	0.0373157464558	0.169499168569	0.0689101209098	0.150418533863	0.146557312364	0.155576223894	0.167018967898	0.152898734534	0.161720357374	0.142047856599	0.170767453003	0.166680758716	0.159127420309	0.0	0.171753896452	0.152025027479	0.169555536766	0.159296524901	0.16296045771	0.167159888391	0.171359319072	0.148332910572	0.162988641808	0.173444942364	0.164848792311	0.161297595896	0.157351822102	0.165722499366	0.162424959838	0.162340407542	0.165750683464	0.1708238212	0.171387503171	0.169330063978	0.161945830163	0.15489980553	0.159747470477	0.157295453905	0.156647219639	0.157549110792
SAMEA3136660.freeze11.snv.mod.fix.bam	0.178602632395	0.181871987824	0.163665060173	0.181674699135	0.181900171923	0.16276316902	0.17812350272	0.174487754009	0.155238014712	0.157859135876	0.170654716609	0.179955469124	0.174938699586	0.038809503678	0.0425298046842	0.159916575068	0.0662044474507	0.170288323328	0.151996843381	0.160339336546	0.152475973056	0.183224824554	0.181590146839	0.184183083904	0.15893013162	0.165327921986	0.156731771934	0.171753896452	0.0	0.183055719963	0.165863419859	0.16718807249	0.149798483695	0.163749612469	0.166962599701	0.200670781545	0.172430314816	0.163552323779	0.163326850991	0.168766382007	0.153067839125	0.165525210676	0.164538767228	0.160367520645	0.168399988726	0.164764240016	0.182689326682	0.164595135425	0.146754601054	0.163467771483	0.17888447338	0.171302950875	0.170654716609	0.171556607762
SAMEA3136661.freeze11.snv.mod.fix.bam	0.169527352668	0.0988698176489	0.164341478538	0.15566077619	0.124911924692	0.161410332291	0.176686113695	0.114511992334	0.156731771934	0.167695386263	0.172599419408	0.16467968772	0.187536991629	0.0362165666131	0.0395704743384	0.173106733181	0.0729968151969	0.162368591641	0.151348609115	0.158986499817	0.171190214481	0.1170767453	0.149150249429	0.163326850991	0.17600969533	0.177334347961	0.168738197909	0.152025027479	0.183055719963	0.0	0.169330063978	0.165863419859	0.168879118401	0.168371804628	0.166117076745	0.171246582678	0.172571235309	0.177334347961	0.172655787605	0.171274766777	0.161889461966	0.17121839858	0.159719286379	0.169217327584	0.165497026578	0.174685042699	0.178518080099	0.172683971703	0.168061779544	0.16391871706	0.1477974127	0.166257997238	0.165581578873	0.166511654125
SAMEA3136665.freeze11.snv.mod.fix.bam	0.174995067783	0.168089963643	0.159606549984	0.178715368789	0.171866632846	0.158338265551	0.174769594995	0.165017896903	0.153969730278	0.154787069136	0.166539838223	0.177193427468	0.168287252332	0.037484851047	0.0395141061413	0.156957244723	0.0652743721992	0.163383219188	0.143626166117	0.157633663087	0.152419604859	0.173811335644	0.174487754009	0.184239452101	0.15681632423	0.158958315718	0.152250500268	0.169555536766	0.165863419859	0.169330063978	0.0	0.163862348863	0.150756743046	0.162819537217	0.155125278318	0.197260505623	0.169301879879	0.162734984922	0.155914433077	0.166878047406	0.144077111694	0.160508441138	0.16064936163	0.147346467123	0.165525210676	0.158000056368	0.180124573716	0.158676474733	0.144415320876	0.16200219836	0.172204842028	0.166539838223	0.165863419859	0.1669907838
SAMEA3136666.freeze11.snv.mod.fix.bam	0.170739268904	0.165468842479	0.163016825907	0.164820608213	0.163355035089	0.155040726022	0.170880189397	0.153997914377	0.149065697134	0.159014683915	0.164426030833	0.165525210676	0.178348975508	0.0388658718751	0.0408951269694	0.160057495561	0.0678954933626	0.155519855697	0.145768157605	0.143682534314	0.157380006201	0.167216256588	0.170147402835	0.164961528706	0.164144189848	0.164087821651	0.155576223894	0.159296524901	0.16718807249	0.165863419859	0.163862348863	0.0	0.154167018968	0.165102449198	0.16391871706	0.171612975959	0.171697528255	0.170203771032	0.165609762972	0.166708942814	0.154026098475	0.161720357374	0.1477974127	0.156168089964	0.155153462417	0.156139905865	0.169583720865	0.163270482794	0.155012541924	0.145570868916	0.168089963643	0.159042868014	0.158563738339	0.159437445393
SAMEA3136679.freeze11.snv.mod.fix.bam	0.166257997238	0.174403201714	0.147008257941	0.174685042699	0.170936557594	0.147769228601	0.162509512133	0.164820608213	0.145204475635	0.137961162312	0.160621177532	0.169301879879	0.152335052563	0.0346382570953	0.0372311941603	0.14069501987	0.0586229249457	0.15873284293	0.134973647868	0.146247287281	0.135480961641	0.171951185141	0.17062653251	0.181251937657	0.139426735436	0.142837011358	0.137284743947	0.16296045771	0.149798483695	0.168879118401	0.150756743046	0.154167018968	0.0	0.145824525803	0.145119923339	0.19424480708	0.158140976861	0.144838082354	0.146049998591	0.150728558947	0.136129195908	0.14760012401	0.146219103182	0.136861982469	0.153180575519	0.14376708661	0.168230884135	0.146162734985	0.130830585384	0.144781714157	0.168259068234	0.156365378653	0.155688960289	0.15661903554
SAMEA3136685.freeze11.snv.mod.fix.bam	0.165102449198	0.175023251881	0.164566951326	0.174346833517	0.17102110989	0.152278684366	0.169132775288	0.167469913475	0.154646148643	0.156224458161	0.170316507427	0.173529494659	0.170964741693	0.0364702234999	0.0397959471266	0.156759956033	0.0660353428596	0.16448239903	0.144697161861	0.15969110228	0.151743186494	0.174938699586	0.171246582678	0.177559820749	0.160001127364	0.158366449649	0.155435303402	0.167159888391	0.163749612469	0.168371804628	0.162819537217	0.165102449198	0.145824525803	0.0	0.155519855697	0.191257292635	0.121388912376	0.164087821651	0.15873284293	0.101631859305	0.146867337448	0.137369296243	0.158253713255	0.152194132071	0.163777796567	0.158591922437	0.182379301598	0.149403906316	0.143795270708	0.149657563203	0.168879118401	0.163101378202	0.16256588033	0.163355035089
SAMEA3136688.freeze11.snv.mod.fix.bam	0.179786364533	0.169527352668	0.165271553789	0.175756038443	0.174825963192	0.158676474733	0.173557678758	0.168230884135	0.152137763874	0.153377864209	0.173726783349	0.178856289282	0.171105662185	0.0367520644852	0.0397959471266	0.154758885037	0.0638369831741	0.165271553789	0.143175220541	0.15949381359	0.154082466672	0.176911586483	0.175840590739	0.186268707195	0.155548039796	0.154138834869	0.154195203066	0.171359319072	0.166962599701	0.166117076745	0.155125278318	0.16391871706	0.145119923339	0.155519855697	0.0	0.199092472027	0.164003269355	0.161945830163	0.158986499817	0.159578365886	0.147346467123	0.160057495561	0.160226600152	0.151066768129	0.166342549534	0.156872692427	0.182069276514	0.156562667343	0.143654350216	0.155322567008	0.173642231053	0.163185930498	0.162453143936	0.163439587385
SAMEA3136717.freeze11.snv.mod.fix.bam	0.167977227248	0.156647219639	0.190299033285	0.144697161861	0.15334968011	0.17581240664	0.177080691074	0.156647219639	0.16583523576	0.181026464869	0.175502381556	0.157830951777	0.209295115696	0.0399932358164	0.0434316958372	0.195682196105	0.07984555114	0.150136692878	0.16794904315	0.166849863307	0.192441024774	0.169837377751	0.164285110341	0.119838786956	0.199543417604	0.198951551535	0.185451368338	0.148332910572	0.200670781545	0.171246582678	0.197260505623	0.171612975959	0.19424480708	0.191257292635	0.199092472027	0.0	0.174036808433	0.199515233505	0.189481694428	0.186888757363	0.176742481892	0.190862715256	0.177559820749	0.181505594544	0.18330937685	0.192779233956	0.190665426566	0.194526648065	0.189848087709	0.167300808884	0.16276316902	0.179194498464	0.17868718469	0.179476339449
SAMEA3136747.freeze11.snv.mod.fix.bam	0.172317578422	0.169330063978	0.170541980215	0.169414616273	0.166427101829	0.156506299146	0.177700741242	0.166370733632	0.15585806488	0.163946901158	0.169696457259	0.166229813139	0.179899100927	0.0380203489191	0.0404441813929	0.161156675404	0.0670217863082	0.160282968349	0.149657563203	0.162058566557	0.159606549984	0.174036808433	0.171190214481	0.166483470026	0.165525210676	0.164905160508	0.159606549984	0.162988641808	0.172430314816	0.172571235309	0.169301879879	0.171697528255	0.158140976861	0.121388912376	0.164003269355	0.174036808433	0.0	0.17102110989	0.166060708548	0.0746596770102	0.150023956484	0.142921563654	0.163805980666	0.157943688171	0.167864490854	0.169583720865	0.183027535864	0.166962599701	0.149742115498	0.152053211578	0.169611904963	0.16603252445	0.165384290183	0.166257997238
T2D-122A.freeze11.snv.mod.fix.bam	0.178405343705	0.184887686367	0.164285110341	0.179335418957	0.180941912573	0.16104393901	0.171415687269	0.174431385812	0.155491671599	0.155717144387	0.172514867112	0.184493108988	0.149601195006	0.0382740058059	0.039655026634	0.155745328486	0.0631323807108	0.167018967898	0.143287956935	0.163693244272	0.154167018968	0.18175925143	0.177306163862	0.188326146388	0.157351822102	0.160762098024	0.15143316141	0.173444942364	0.163552323779	0.177334347961	0.162734984922	0.170203771032	0.144838082354	0.164087821651	0.161945830163	0.199515233505	0.17102110989	0.0	0.161156675404	0.165525210676	0.144809898255	0.163665060173	0.164228742144	0.154364307658	0.170457427919	0.161213043601	0.176291536315	0.159860206871	0.147008257941	0.161156675404	0.175023251881	0.166427101829	0.165778867563	0.166708942814
V1.CD1-0-PT.freeze11.snv.mod.fix.bam	0.173332205969	0.174713226797	0.165440658381	0.17197936924	0.170485612018	0.153152391421	0.167808122657	0.167977227248	0.149178433528	0.148981144838	0.166286181336	0.175868774837	0.165384290183	0.0375694033426	0.0394013697472	0.152194132071	0.0617231757842	0.147853780897	0.141145965446	0.158620106536	0.14991122009	0.175079620078	0.168371804628	0.172092105634	0.15489980553	0.153772441588	0.150700374849	0.164848792311	0.163326850991	0.172655787605	0.155914433077	0.165609762972	0.146049998591	0.15873284293	0.158986499817	0.189481694428	0.166060708548	0.161156675404	0.0	0.16200219836	0.146529128266	0.159775654576	0.157830951777	0.141540542826	0.164397846735	0.158507370142	0.177954398129	0.157943688171	0.147177362532	0.157492742595	0.165722499366	0.163073194104	0.162255855246	0.163270482794
V1.CD36-0.freeze11.snv.mod.fix.bam	0.172965812688	0.173416758265	0.166511654125	0.171500239565	0.169809193653	0.151940475184	0.174966883684	0.170091034638	0.155942617175	0.158084608664	0.169245511682	0.169048222993	0.173275837772	0.0381049012147	0.0405851018855	0.156647219639	0.0655843972831	0.162312223444	0.146106366788	0.164426030833	0.154815253234	0.174262281221	0.171669344156	0.172317578422	0.16200219836	0.159268340802	0.157915504073	0.161297595896	0.168766382007	0.171274766777	0.166878047406	0.166708942814	0.150728558947	0.101631859305	0.159578365886	0.186888757363	0.0746596770102	0.165525210676	0.16200219836	0.0	0.144105295792	0.116484879231	0.162706800823	0.154871621431	0.168428172825	0.164905160508	0.181928356022	0.162199487049	0.143964375299	0.152842366337	0.169611904963	0.163862348863	0.163242298695	0.164228742144
V1.CD41-0.freeze11.snv.mod.fix.bam	0.16104393901	0.166765311012	0.15067219075	0.160931202615	0.162396775739	0.147853780897	0.156985428821	0.16084665032	0.143006115949	0.139173078549	0.160282968349	0.163214114597	0.153603336997	0.0332572362673	0.0355683323469	0.143626166117	0.057523745103	0.150587638454	0.136890166568	0.150756743046	0.13838392379	0.165412474282	0.160931202615	0.164848792311	0.145542684817	0.150728558947	0.142837011358	0.157351822102	0.153067839125	0.161889461966	0.144077111694	0.154026098475	0.136129195908	0.146867337448	0.147346467123	0.176742481892	0.150023956484	0.144809898255	0.146529128266	0.144105295792	0.0	0.149347538119	0.149009328937	0.143682534314	0.154617964544	0.1497139314	0.166398917731	0.145655421211	0.135734618528	0.14528902793	0.159211972605	0.145458132522	0.144809898255	0.145542684817
V1.FI05.freeze11.snv.mod.fix.bam	0.171190214481	0.172430314816	0.157408190299	0.173022180886	0.169583720865	0.132493447197	0.172233026127	0.167357177081	0.149883035991	0.147205546631	0.165609762972	0.171500239565	0.172965812688	0.0366675121896	0.0378230602294	0.157098165215	0.0671345227023	0.162847721316	0.142639722668	0.151574081903	0.150446717962	0.17389588794	0.173050364984	0.173839519743	0.159268340802	0.157492742595	0.14875567205	0.165722499366	0.165525210676	0.17121839858	0.160508441138	0.161720357374	0.14760012401	0.137369296243	0.160057495561	0.190862715256	0.142921563654	0.163665060173	0.159775654576	0.116484879231	0.149347538119	0.0	0.153124207322	0.143118852344	0.158451001945	0.161974014261	0.181900171923	0.155491671599	0.143851638905	0.145542684817	0.170682900707	0.161833093768	0.161438516389	0.162171302951
V1.FI13.freeze11.snv.mod.fix.bam	0.162171302951	0.162143118852	0.165215185592	0.160395704743	0.161551252783	0.153575152899	0.167864490854	0.156027169471	0.148022885488	0.15278599814	0.158310081452	0.16659620642	0.170992925791	0.0355683323469	0.0383585581015	0.158676474733	0.0669654181111	0.153687889293	0.144809898255	0.0752233589809	0.141963304304	0.163101378202	0.170880189397	0.165722499366	0.156872692427	0.161213043601	0.156280826358	0.162424959838	0.164538767228	0.159719286379	0.16064936163	0.1477974127	0.146219103182	0.158253713255	0.160226600152	0.177559820749	0.163805980666	0.164228742144	0.157830951777	0.162706800823	0.149009328937	0.153124207322	0.0	0.155012541924	0.0950085961501	0.157464558496	0.157351822102	0.156590851442	0.14740283532	0.0714748738762	0.168653645613	0.161776725571	0.161184859502	0.162086750655
V1.FI15.freeze11.snv.mod.fix.bam	0.163298666892	0.169470984471	0.157859135876	0.166680758716	0.165384290183	0.145119923339	0.15605535357	0.162481328035	0.147261914828	0.142498802176	0.162340407542	0.165807051661	0.161833093768	0.0360474620219	0.0372593782588	0.147684676306	0.0621459372622	0.153716073391	0.13934218314	0.151320425016	0.141906936107	0.164764240016	0.167610833967	0.168005411347	0.152222316169	0.149150249429	0.143964375299	0.162340407542	0.160367520645	0.169217327584	0.147346467123	0.156168089964	0.136861982469	0.152194132071	0.151066768129	0.181505594544	0.157943688171	0.154364307658	0.141540542826	0.154871621431	0.143682534314	0.143118852344	0.155012541924	0.0	0.157605478989	0.151799554691	0.172233026127	0.152475973056	0.133761731631	0.149262985823	0.164707871819	0.160592993433	0.159860206871	0.160705729827
V1.FI17.freeze11.snv.mod.fix.bam	0.164792424114	0.154533412249	0.169076407091	0.168089963643	0.164651503622	0.161974014261	0.175417829261	0.152222316169	0.152137763874	0.161213043601	0.165807051661	0.169189143485	0.175164172374	0.03742848285	0.0390913446633	0.161635805079	0.0682618866436	0.161663989177	0.147628308109	0.0784363462135	0.148783856148	0.157408190299	0.170654716609	0.169640089062	0.165778867563	0.170006482343	0.165243369691	0.165750683464	0.168399988726	0.165497026578	0.165525210676	0.155153462417	0.153180575519	0.163777796567	0.166342549534	0.18330937685	0.167864490854	0.170457427919	0.164397846735	0.168428172825	0.154617964544	0.158451001945	0.0950085961501	0.157605478989	0.0	0.164848792311	0.169921930047	0.159409261295	0.152842366337	0.0898509061188	0.168597277416	0.167610833967	0.166765311012	0.167836306756
