	103092734-palatinetonsils3.freeze11.snv.mod.fix.bam	147406386-subgingivalplaque2.freeze11.snv.mod.fix.bam	147406386-supragingivalplaque3.freeze11.snv.mod.fix.bam	158114885-supragingivalplaque2.freeze11.snv.mod.fix.bam	158337416-supragingivalplaque1.freeze11.snv.mod.fix.bam	158479027-supragingivalplaque1.freeze11.snv.mod.fix.bam	158479027-supragingivalplaque2.freeze11.snv.mod.fix.bam	158499257-supragingivalplaque2.freeze11.snv.mod.fix.bam	158883629-supragingivalplaque1.freeze11.snv.mod.fix.bam	158883629-supragingivalplaque3.freeze11.snv.mod.fix.bam	158944319-supragingivalplaque3.freeze11.snv.mod.fix.bam	159005010-supragingivalplaque2.freeze11.snv.mod.fix.bam	159166850-supragingivalplaque2.freeze11.snv.mod.fix.bam	159227541-supragingivalplaque1.freeze11.snv.mod.fix.bam	159369152-supragingivalplaque1.freeze11.snv.mod.fix.bam	159369152-supragingivalplaque2.freeze11.snv.mod.fix.bam	159470302-tonguedorsum1.freeze11.snv.mod.fix.bam	159510762-tonguedorsum3.freeze11.snv.mod.fix.bam	159551223-supragingivalplaque1.freeze11.snv.mod.fix.bam	159551223-supragingivalplaque2.freeze11.snv.mod.fix.bam	159591683-supragingivalplaque1.freeze11.snv.mod.fix.bam	159611913-supragingivalplaque2.freeze11.snv.mod.fix.bam	159632143-supragingivalplaque1.freeze11.snv.mod.fix.bam	159814214-supragingivalplaque1.freeze11.snv.mod.fix.bam	159814214-supragingivalplaque2.freeze11.snv.mod.fix.bam	159814214-tonguedorsum1.freeze11.snv.mod.fix.bam	159814214-tonguedorsum2.freeze11.snv.mod.fix.bam	159915365-supragingivalplaque1.freeze11.snv.mod.fix.bam	160158126-supragingivalplaque1.freeze11.snv.mod.fix.bam	160158126-supragingivalplaque2.freeze11.snv.mod.fix.bam	160178356-supragingivalplaque1.freeze11.snv.mod.fix.bam	160178356-supragingivalplaque2.freeze11.snv.mod.fix.bam	160218816-buccalmucosa1.freeze11.snv.mod.fix.bam	160380657-tonguedorsum1.freeze11.snv.mod.fix.bam	160380657-tonguedorsum2.freeze11.snv.mod.fix.bam	160400887-supragingivalplaque1.freeze11.snv.mod.fix.bam	160421117-supragingivalplaque1.freeze11.snv.mod.fix.bam	160421117-supragingivalplaque2.freeze11.snv.mod.fix.bam	160421117-supragingivalplaque3.freeze11.snv.mod.fix.bam	160542498-supragingivalplaque1.freeze11.snv.mod.fix.bam	160582958-supragingivalplaque1.freeze11.snv.mod.fix.bam	160582958-supragingivalplaque2.freeze11.snv.mod.fix.bam	160643649-supragingivalplaque1.freeze11.snv.mod.fix.bam	246515023-supragingivalplaque2.freeze11.snv.mod.fix.bam	295137534-tonguedorsum2.freeze11.snv.mod.fix.bam	338793263-supragingivalplaque2.freeze11.snv.mod.fix.bam	370425937-supragingivalplaque1.freeze11.snv.mod.fix.bam	370425937-supragingivalplaque2.freeze11.snv.mod.fix.bam	404239096-supragingivalplaque2.freeze11.snv.mod.fix.bam	533247696-supragingivalplaque1.freeze11.snv.mod.fix.bam	550534656-supragingivalplaque3.freeze11.snv.mod.fix.bam	604812005-supragingivalplaque3.freeze11.snv.mod.fix.bam	638754422-supragingivalplaque2.freeze11.snv.mod.fix.bam	650853796-supragingivalplaque1.freeze11.snv.mod.fix.bam	675950834-supragingivalplaque3.freeze11.snv.mod.fix.bam	706846339-supragingivalplaque1.freeze11.snv.mod.fix.bam	706846339-supragingivalplaque2.freeze11.snv.mod.fix.bam	737052003-supragingivalplaque1.freeze11.snv.mod.fix.bam	763435843-supragingivalplaque2.freeze11.snv.mod.fix.bam	763496533-supragingivalplaque1.freeze11.snv.mod.fix.bam	763496533-supragingivalplaque2.freeze11.snv.mod.fix.bam	763719065-subgingivalplaque3.freeze11.snv.mod.fix.bam	763719065-supragingivalplaque3.freeze11.snv.mod.fix.bam	763759525-supragingivalplaque1.freeze11.snv.mod.fix.bam	763759525-supragingivalplaque2.freeze11.snv.mod.fix.bam	763840445-supragingivalplaque2.freeze11.snv.mod.fix.bam	763901136-supragingivalplaque2.freeze11.snv.mod.fix.bam	763901136-supragingivalplaque3.freeze11.snv.mod.fix.bam	763921366-supragingivalplaque3.freeze11.snv.mod.fix.bam	763961826-supragingivalplaque1.freeze11.snv.mod.fix.bam	763961826-supragingivalplaque2.freeze11.snv.mod.fix.bam	764143897-supragingivalplaque2.freeze11.snv.mod.fix.bam	764285508-supragingivalplaque1.freeze11.snv.mod.fix.bam	764305738-supragingivalplaque1.freeze11.snv.mod.fix.bam	764305738-supragingivalplaque2.freeze11.snv.mod.fix.bam	764447348-supragingivalplaque1.freeze11.snv.mod.fix.bam	764467579-supragingivalplaque3.freeze11.snv.mod.fix.bam	764508039-supragingivalplaque3.freeze11.snv.mod.fix.bam	764811490-supragingivalplaque1.freeze11.snv.mod.fix.bam	765094712-supragingivalplaque2.freeze11.snv.mod.fix.bam	765094712-supragingivalplaque3.freeze11.snv.mod.fix.bam	765155402-supragingivalplaque3.freeze11.snv.mod.fix.bam	765195863-supragingivalplaque3.freeze11.snv.mod.fix.bam	765539774-palatinetonsils3.freeze11.snv.mod.fix.bam	765620695-supragingivalplaque1.freeze11.snv.mod.fix.bam	765701615-supragingivalplaque1.freeze11.snv.mod.fix.bam	765701615-supragingivalplaque2.freeze11.snv.mod.fix.bam	809635352-supragingivalplaque1.freeze11.snv.mod.fix.bam	823052294-supragingivalplaque2.freeze11.snv.mod.fix.bam	861967750-supragingivalplaque1.freeze11.snv.mod.fix.bam	861967750-supragingivalplaque2.freeze11.snv.mod.fix.bam	937495960-supragingivalplaque1.freeze11.snv.mod.fix.bam
103092734-palatinetonsils3.freeze11.snv.mod.fix.bam	0.0	0.157233321717	0.149870082646	0.154735909794	0.16027857323	0.152759879874	0.156275985267	0.151202660144	0.168215260087	0.169358835446	0.15594838969	0.153828129413	0.150412827492	0.14330980466	0.151246249724	0.153564927698	0.129438976277	0.146192849921	0.15240501289	0.155028533607	0.154120807903	0.148394316216	0.149807030682	0.151067044064	0.149117188469	0.132025217711	0.134231579054	0.154970891204	0.152106201996	0.151261266051	0.156208639878	0.162452428736	0.150108754878	0.117345067927	0.149090936556	0.156698551188	0.159173730703	0.160658397692	0.155988883968	0.153233774004	0.157380173097	0.151767895389	0.153636921298	0.150434176281	0.157642111365	0.141252602571	0.155893068261	0.157546911186	0.146432515827	0.151085538173	0.151212255068	0.158784115865	0.145792630033	0.154594955233	0.14130006708	0.150233487113	0.149743430533	0.162376633674	0.152198955961	0.146434011427	0.146913707842	0.149454839585	0.150745274685	0.152506152524	0.146460131468	0.147557970114	0.150508615448	0.148527974947	0.148417885675	0.152515280046	0.152727240771	0.146087820976	0.146619804733	0.153579634235	0.160197465772	0.160999650151	0.1500258909	0.1454054073	0.149067663823	0.15015241341	0.152922827483	0.146081297336	0.156732915983	0.109516383793	0.162869546248	0.147579755728	0.154858068497	0.151090760172	0.144185276267	0.152084550796	0.149897127391	0.160062563521
147406386-subgingivalplaque2.freeze11.snv.mod.fix.bam	0.157233321717	0.0	0.134405122176	0.146203967153	0.151352589478	0.147371933544	0.150638625076	0.142686270144	0.16398396272	0.16532093855	0.151769928091	0.146344252062	0.142989761183	0.138092616852	0.144436846366	0.146565051921	0.160581169482	0.1398623543	0.146307000638	0.149313229466	0.146689476799	0.136146532948	0.143923610288	0.143567594693	0.141581394332	0.166369753731	0.16788574859	0.150580902949	0.144202056052	0.14358368765	0.0622056935316	0.0482572246068	0.144242433175	0.168634570344	0.155749698765	0.149396132161	0.15369782826	0.15596670085	0.150814410151	0.14789064901	0.149394840697	0.145063239478	0.148245718051	0.143612513071	0.160767185601	0.135041362149	0.148239449926	0.149799856995	0.140789341302	0.143488849329	0.146062893814	0.152274814817	0.139341564977	0.148813814476	0.135298228318	0.143583507808	0.142779859556	0.154821274654	0.144213443517	0.139698796084	0.14021885665	0.141765147	0.143919472263	0.143919492966	0.138968562534	0.137743704944	0.144506024737	0.142607891432	0.141704519012	0.144747171497	0.144872085917	0.140566458367	0.141220807508	0.128843972998	0.0465770296305	0.154919491155	0.144402938847	0.138401917407	0.142728469203	0.142353273053	0.145801095251	0.13947502657	0.151605031535	0.15678132489	0.15494886592	0.134100448227	0.149689812378	0.145230829873	0.139926042818	0.143200322231	0.135660516081	0.151757223491
147406386-supragingivalplaque3.freeze11.snv.mod.fix.bam	0.149870082646	0.134405122176	0.0	0.13479496884	0.140436756647	0.136388440607	0.134458484499	0.133360412455	0.155298457156	0.156351649528	0.14258443724	0.134991662168	0.132186443882	0.129353023862	0.135286646084	0.13659678278	0.154391605449	0.130992607593	0.131420070986	0.126378860857	0.137929425943	0.13301228903	0.133730460902	0.134277373479	0.131036227499	0.160900460536	0.162167669216	0.140411166821	0.136593268801	0.136108600629	0.139317511364	0.144399015559	0.134666257069	0.16282354338	0.145960307918	0.141118441138	0.142913951595	0.144764198059	0.139661341763	0.139893648004	0.142011982936	0.136743878219	0.138387381688	0.13555696488	0.150074966792	0.125255184137	0.138501632564	0.139753905604	0.130879538436	0.132364307723	0.133670684058	0.140132057609	0.129422009955	0.138661909842	0.125404891551	0.131008059799	0.130930067772	0.144963849712	0.134744064425	0.126314713235	0.124718417504	0.135721924632	0.136899264635	0.134690790799	0.129357033188	0.128535660314	0.136851653846	0.135110766533	0.132646736965	0.136749559308	0.135008944094	0.131603868601	0.130477711458	0.135168865178	0.141352896442	0.148668805364	0.133744563195	0.129505578579	0.136625621723	0.135490675032	0.13934843777	0.129707995493	0.140185726355	0.152036212854	0.145628355911	0.129724809546	0.139601098889	0.13089434887	0.128998599377	0.133019753574	0.128962890151	0.148027004212
158114885-supragingivalplaque2.freeze11.snv.mod.fix.bam	0.154735909794	0.146203967153	0.13479496884	0.0	0.12326043377	0.126424464172	0.131424549736	0.100569292872	0.159678685357	0.160821645316	0.139257805223	0.114855975745	0.115164889713	0.115186621312	0.118917373133	0.125661597479	0.158262709372	0.120309895621	0.125670215767	0.134401914052	0.125879066118	0.123626274798	0.120085220384	0.10900394713	0.0896064532156	0.162109821204	0.162490420809	0.139687142435	0.116978927081	0.117898477256	0.137423146037	0.152619837488	0.134761249607	0.167132804128	0.147950745502	0.127521322786	0.136801707972	0.140436679286	0.141081531056	0.140115995116	0.141736715319	0.140022767667	0.127133083362	0.124211631863	0.15807506837	0.111674822852	0.140828169684	0.142318754225	0.11858216735	0.11778277477	0.134434897805	0.138661707572	0.121837164388	0.129746481884	0.107489173084	0.109372977212	0.110115154133	0.145721575424	0.114670464752	0.116659529401	0.121669979417	0.131092844731	0.131485197252	0.129317994351	0.105848895856	0.095174731496	0.126648094751	0.127864898847	0.118395228389	0.129767098434	0.121421276703	0.127340544908	0.118407090451	0.112828184204	0.142035705027	0.153720940917	0.130860970387	0.11359440192	0.138326045757	0.130464550057	0.143308235101	0.112556883477	0.136947164592	0.154314628497	0.146084485746	0.117023677242	0.132695207489	0.129714166852	0.112671818511	0.110688556793	0.113934914068	0.150271230729
158337416-supragingivalplaque1.freeze11.snv.mod.fix.bam	0.16027857323	0.151352589478	0.140436756647	0.12326043377	0.0	0.137224807867	0.139582724583	0.125449045842	0.163262418515	0.164590784483	0.146922459985	0.128236955826	0.128720696362	0.126211651015	0.129850796442	0.134554227847	0.162869627042	0.128853779441	0.135461836336	0.142430487998	0.13901774221	0.134887335373	0.131550955872	0.123179590302	0.117594589713	0.167424122029	0.16821615449	0.147438108833	0.128840022759	0.129527968571	0.145923026239	0.158423959385	0.14289765575	0.171784020963	0.151471909253	0.138615945847	0.143920653062	0.147238102128	0.146499441187	0.146231816681	0.149349456758	0.147348488991	0.136509098593	0.135201799714	0.163188213457	0.12066479692	0.148631817129	0.14988135238	0.125794778273	0.128124370666	0.141985679428	0.145341289312	0.130361583541	0.140898229114	0.119509358012	0.120123503468	0.120168154111	0.149489011059	0.0755285140415	0.128114545171	0.130963485449	0.138472237494	0.139205292256	0.136381412102	0.121410300246	0.123093162925	0.136668496327	0.136458688501	0.128543222137	0.136154597216	0.129627884745	0.136721394981	0.128358514941	0.130939243148	0.15120412418	0.158278400154	0.137580246151	0.126626958547	0.142699251871	0.137861490976	0.148366536474	0.124166590984	0.136146127884	0.159072659155	0.149601309208	0.127086295621	0.140941766186	0.136509205481	0.124994784671	0.122801096074	0.125668764312	0.155321703143
158479027-supragingivalplaque1.freeze11.snv.mod.fix.bam	0.152759879874	0.147371933544	0.136388440607	0.126424464172	0.137224807867	0.0	0.133791308145	0.125965558898	0.160252520385	0.161381731386	0.142682510638	0.122613252037	0.112028998396	0.116474746816	0.12670985874	0.132253693383	0.15622277824	0.128187222558	0.129862167185	0.134635011454	0.133889950488	0.125634748207	0.126597058921	0.119904242181	0.119877369269	0.162899744344	0.163796924636	0.139879385118	0.127264786368	0.127971456728	0.141113167331	0.153036259215	0.134435146355	0.165815614772	0.150320411507	0.135765395803	0.142461311273	0.140526244678	0.143758926953	0.141607310671	0.143585045816	0.138461220225	0.131213409104	0.131444473557	0.153825572827	0.118312654272	0.14156095124	0.143245836682	0.101440091231	0.128802230455	0.13908603518	0.141485887457	0.125945130097	0.125502032712	0.114704398164	0.123952539813	0.124042204722	0.150276621128	0.122920055362	0.123280596639	0.125626244537	0.132649171424	0.133415691881	0.13670491666	0.107652918969	0.121925274979	0.131980518126	0.131637681858	0.102498168466	0.137080729642	0.131537674888	0.122730280621	0.124959270862	0.130885846015	0.147446381862	0.153686925211	0.13156183658	0.123493451723	0.137632381635	0.132866953882	0.141722929869	0.119634952943	0.144387281915	0.153886512624	0.149637386302	0.127379617589	0.13879313165	0.131210758796	0.121367970753	0.124548894636	0.124973995847	0.151038530763
158479027-supragingivalplaque2.freeze11.snv.mod.fix.bam	0.156275985267	0.150638625076	0.134458484499	0.131424549736	0.139582724583	0.133791308145	0.0	0.131727840175	0.162780383555	0.16398494087	0.146145564084	0.133244872553	0.130529700564	0.128647144523	0.0969474748923	0.086735309993	0.161240599742	0.132311180541	0.122840445304	0.117676198487	0.139876855178	0.133808374934	0.127677579614	0.129814785716	0.126571250385	0.166916114129	0.168068524488	0.146165820638	0.133085483609	0.133610793651	0.144807945784	0.155119033589	0.14091276691	0.170305895262	0.152504869853	0.141036896242	0.143717771588	0.146779994143	0.144625321173	0.145121874896	0.146543218799	0.143405992878	0.139516775087	0.136700723455	0.16060928528	0.123864946028	0.14644720892	0.147791796582	0.130801670039	0.122541409047	0.139106376583	0.144088067692	0.132888090932	0.139459867369	0.122960696286	0.128027079702	0.128598554241	0.150791885646	0.132141615266	0.116154348793	0.113095160754	0.139317622823	0.139254905366	0.138629779458	0.126911363567	0.128313571053	0.137697921005	0.136820171154	0.131916346999	0.139914350383	0.135438231998	0.134835489788	0.130540807602	0.136312065166	0.152259078016	0.155390870466	0.134706944117	0.129873251219	0.141649943562	0.138042881979	0.145739906679	0.126232365624	0.143602988103	0.158063085641	0.150974941081	0.130509677977	0.141412222796	0.0217215886619	0.12786252162	0.128309869802	0.127410894731	0.155925069129
158499257-supragingivalplaque2.freeze11.snv.mod.fix.bam	0.151202660144	0.142686270144	0.133360412455	0.100569292872	0.125449045842	0.125965558898	0.131727840175	0.0	0.157030738591	0.158271163115	0.137601401565	0.113401819064	0.114811270853	0.111906059023	0.118374189813	0.125715434083	0.154797680267	0.118443270885	0.122724482633	0.131009582274	0.126825358834	0.12176387029	0.118824028398	0.110663057356	0.0994519156624	0.159424672134	0.16013465467	0.136618997114	0.114522500674	0.11522664886	0.134039914163	0.149582860924	0.131684319957	0.163573074864	0.146782207131	0.125497672518	0.136942891486	0.140623579219	0.141407721104	0.139342075718	0.138114846362	0.136683976317	0.124389361523	0.123951622201	0.155024752382	0.109301375618	0.139578340591	0.141067857595	0.117124317153	0.119226193377	0.133898724351	0.13560068866	0.119309710797	0.127769587965	0.104684002564	0.111704165504	0.111756278086	0.146141267565	0.114774062255	0.112734418203	0.118152136194	0.128138140908	0.128559944112	0.129587740996	0.0999131815215	0.104215326555	0.125186043882	0.125740056121	0.116363536675	0.129224772465	0.121518750382	0.124516359568	0.116822375574	0.11896128806	0.141332804309	0.149896829144	0.127597376248	0.112806911874	0.133737086685	0.12722807952	0.139713811954	0.109431290353	0.138799850161	0.150447856131	0.146687733581	0.117744103794	0.132619898427	0.129491250735	0.111404625623	0.112207316951	0.114918836615	0.147768770111
158883629-supragingivalplaque1.freeze11.snv.mod.fix.bam	0.168215260087	0.16398396272	0.155298457156	0.159678685357	0.163262418515	0.160252520385	0.162780383555	0.157030738591	0.0	0.00215608437436	0.158758212168	0.1562330321	0.157285489811	0.149619535857	0.158484773896	0.15986795587	0.172079813943	0.153884309905	0.157658672865	0.16291012635	0.158742549398	0.15820802637	0.158090317523	0.157344083398	0.155877781715	0.177986598721	0.179403730711	0.164649683324	0.158638404117	0.157959174863	0.164181861024	0.169171268946	0.159624867565	0.179092583637	0.166578145048	0.152969465294	0.164371132794	0.166873493734	0.160610926924	0.161274091144	0.164009524563	0.159026666669	0.158650105613	0.154400313813	0.169787538983	0.147129014313	0.162288070725	0.16377050507	0.155163621579	0.156339632477	0.156494845364	0.163256443604	0.148022144486	0.164301716352	0.148561305248	0.154130381466	0.152113654841	0.165876853719	0.158255144213	0.155596893181	0.154860689859	0.155332997902	0.155770969817	0.158942693044	0.154307562176	0.153354095775	0.15864241562	0.156873105707	0.153290399524	0.158350057302	0.159029287341	0.153431224672	0.154394830605	0.159985950922	0.166929765996	0.142884404047	0.153608017348	0.147425691685	0.134123166856	0.15647988466	0.158784740979	0.14790031244	0.162449382797	0.168811075329	0.165040999242	0.156666102823	0.162304564979	0.15737082476	0.152871949309	0.157480307242	0.155747658763	0.166281293374
158883629-supragingivalplaque3.freeze11.snv.mod.fix.bam	0.169358835446	0.16532093855	0.156351649528	0.160821645316	0.164590784483	0.161381731386	0.16398494087	0.158271163115	0.00215608437436	0.0	0.160103438852	0.157499481165	0.158448101845	0.15091848303	0.159744988066	0.161190341222	0.173654366771	0.155258552649	0.158872391397	0.164094432976	0.160082179783	0.159488404721	0.159132571105	0.158557659008	0.157027904737	0.179329618214	0.180695222889	0.165622185764	0.159857002197	0.159231090286	0.165277358107	0.170159298348	0.161053204507	0.180442428788	0.167758941521	0.154316579268	0.165666487445	0.168131599273	0.16186600458	0.162546757076	0.165202401034	0.160189155917	0.159848512181	0.155703243262	0.17067521184	0.14841519077	0.163389241277	0.164821064134	0.156385031812	0.157460523967	0.157622356005	0.164500647198	0.149420609456	0.165465349897	0.14981383561	0.155250150799	0.153224781154	0.167188269903	0.15948942057	0.156835414162	0.156241333462	0.156697265402	0.15702037174	0.16020039907	0.155493451503	0.154623302054	0.159976633977	0.15823951212	0.154626646007	0.159498346324	0.160311972187	0.154786668716	0.155708894664	0.160931468736	0.16811376935	0.144051124976	0.154929174834	0.148772527493	0.13560494529	0.157754902798	0.160137010999	0.149192817053	0.163858100098	0.170253973852	0.166330828859	0.157900413598	0.163399902485	0.158695145812	0.154116965743	0.158615135497	0.156867388495	0.167770201986
158944319-supragingivalplaque3.freeze11.snv.mod.fix.bam	0.15594838969	0.151769928091	0.14258443724	0.139257805223	0.146922459985	0.142682510638	0.146145564084	0.137601401565	0.158758212168	0.160103438852	0.0	0.138178160279	0.137898457775	0.130616247263	0.139108077014	0.142907146165	0.159498614468	0.13629240831	0.136457988413	0.143738745882	0.142293690625	0.137981779766	0.137519989438	0.135574753519	0.133056314271	0.164495047474	0.165176809384	0.14974497614	0.138189150268	0.138088154381	0.147734676263	0.1574243108	0.142971949796	0.168742141351	0.156407762032	0.14517699651	0.151777535941	0.154267857595	0.151607815727	0.14757298756	0.148934145734	0.145285170893	0.138129804785	0.056208012135	0.158308409969	0.128595936571	0.15007702754	0.151603039704	0.134877195257	0.140199788982	0.146061144983	0.147762146592	0.135185344856	0.146193007438	0.126337239076	0.137179540223	0.136133191926	0.154630920925	0.138959841904	0.13359966967	0.135264578639	0.138249997375	0.139329446164	0.123181396696	0.125952175375	0.134256492187	0.136855084539	0.135679821224	0.135565364344	0.144368352987	0.140931660161	0.137077585492	0.13644121199	0.141733263962	0.152747182124	0.154199600723	0.135989552148	0.133267543562	0.140953567908	0.141805534719	0.148601371812	0.129538803111	0.150261025567	0.155635377938	0.15488068379	0.138037839089	0.148234246061	0.142076658799	0.132004588887	0.137943103019	0.137004672121	0.155141549782
159005010-supragingivalplaque2.freeze11.snv.mod.fix.bam	0.153828129413	0.146344252062	0.134991662168	0.114855975745	0.128236955826	0.122613252037	0.133244872553	0.113401819064	0.1562330321	0.157499481165	0.138178160279	0.0	0.115316655623	0.106071698763	0.117197403697	0.125614131614	0.158075362054	0.119677163385	0.120637098496	0.130440122455	0.129152547904	0.121846484689	0.119186099189	0.104618090556	0.105045476682	0.162916133869	0.163653199532	0.137937169944	0.115098084306	0.1161989501	0.136546000906	0.152363164057	0.133682871724	0.166975527625	0.151353170679	0.119152672654	0.139534717407	0.142908761554	0.144915370747	0.139840406428	0.139846538327	0.140045322862	0.123052098037	0.124531394391	0.155848166058	0.11028225883	0.0981151828511	0.0996322380979	0.0996096511732	0.120796959023	0.136775336205	0.136345350775	0.119319311801	0.129139426055	0.0972990705631	0.108044054237	0.0970379751728	0.126200143853	0.11545161491	0.113093870314	0.118646993524	0.128309773785	0.12780411441	0.132915096136	0.104931649145	0.104997327403	0.125389591434	0.126083854057	0.113254588207	0.128543406966	0.108575960295	0.118560463749	0.117882186139	0.12177069733	0.144908120599	0.139734980187	0.126470143726	0.0994857560538	0.115309477526	0.130019596516	0.144077720027	0.0979134446473	0.142245375753	0.154310227573	0.131433872008	0.120338652705	0.136882149922	0.131674841651	0.112001957402	0.112851891365	0.115934057781	0.150729123445
159166850-supragingivalplaque2.freeze11.snv.mod.fix.bam	0.150412827492	0.142989761183	0.132186443882	0.115164889713	0.128720696362	0.112028998396	0.130529700564	0.114811270853	0.157285489811	0.158448101845	0.137898457775	0.115316655623	0.0	0.112765037238	0.118500015928	0.125077659047	0.154090384491	0.119216474821	0.122470314532	0.130400777377	0.12756397096	0.120749061029	0.119446166929	0.111643352625	0.107692408207	0.159707730598	0.160565485184	0.136724563185	0.116875157979	0.117692823854	0.135446637465	0.149734223089	0.132026430005	0.163293244983	0.146314737472	0.101256832419	0.137227535811	0.140325356227	0.140309960466	0.137104111899	0.138527752751	0.135944067585	0.124657668466	0.124687301694	0.154790350021	0.109301284496	0.138569715019	0.140238660629	0.116957708229	0.120867094432	0.133522098184	0.10454386855	0.118889145653	0.128420749377	0.105097805198	0.112755724888	0.112854661874	0.145434088956	0.11770292795	0.113610524667	0.118222010785	0.126632734297	0.127661599179	0.130165094327	0.1059991248	0.112239361217	0.11818068668	0.119831992795	0.0977066864253	0.130079563563	0.121850616104	0.123545616493	0.116788313611	0.12094816773	0.142385578573	0.150374542887	0.127033552536	0.11402999787	0.134818104074	0.127431266459	0.138881653282	0.110398670088	0.138232826894	0.150527666653	0.144905063158	0.119197896222	0.132799424503	0.128342335036	0.112408981156	0.113843721547	0.116263864776	0.147751480002
159227541-supragingivalplaque1.freeze11.snv.mod.fix.bam	0.14330980466	0.138092616852	0.129353023862	0.115186621312	0.126211651015	0.116474746816	0.128647144523	0.111906059023	0.149619535857	0.15091848303	0.130616247263	0.106071698763	0.112765037238	0.0	0.111837402934	0.121399744516	0.148058649266	0.114082484547	0.114890065282	0.124478710093	0.116108628509	0.113911847176	0.113498531261	0.0913745776325	0.102955925966	0.153218838826	0.154194574927	0.127278575821	0.110519411147	0.110939984976	0.129325614446	0.145161991153	0.12575420216	0.157614113255	0.143673550699	0.122848472153	0.134502429502	0.137397290529	0.138398759016	0.132880224794	0.133429148926	0.130317909048	0.116673698229	0.116701107305	0.14673016027	0.102858330637	0.137776117045	0.139394122635	0.107935281043	0.119230166387	0.132009194386	0.130975728059	0.0941688703187	0.124021967233	0.093786407714	0.110078208665	0.108862045024	0.14290782968	0.111233636392	0.107714529808	0.112720404751	0.119738084129	0.120361070017	0.126586998103	0.100281019228	0.108984932256	0.118384482174	0.118095111363	0.107020606078	0.127177636573	0.118946338071	0.0856889619343	0.111543836883	0.117474577334	0.137411332383	0.142677263971	0.11860757217	0.106465652833	0.125690440254	0.113721591153	0.133880018599	0.100859346012	0.13734879982	0.144041025319	0.143529676822	0.114869298508	0.1311764667	0.125907816785	0.10572938086	0.111511856132	0.113506542481	0.143117802463
159369152-supragingivalplaque1.freeze11.snv.mod.fix.bam	0.151246249724	0.144436846366	0.135286646084	0.118917373133	0.129850796442	0.12670985874	0.0969474748923	0.118374189813	0.158484773896	0.159744988066	0.139108077014	0.117197403697	0.118500015928	0.111837402934	0.0	0.0345007807785	0.155828304822	0.121678817073	0.124680348529	0.131579453605	0.130425535997	0.12169601047	0.11774124985	0.111756021881	0.110140259968	0.161654953278	0.162305605746	0.137428768716	0.118287319928	0.11903330503	0.136079757684	0.150822395368	0.133546142034	0.164718408674	0.149097816814	0.129750316025	0.138501913058	0.1423953096	0.142616502696	0.137608001308	0.138032745305	0.136517626064	0.126539887532	0.125615177433	0.15651996048	0.112407131685	0.141970496933	0.143493066166	0.119362119717	0.116343077542	0.137402590771	0.137163824091	0.122137489192	0.130773799092	0.107818469372	0.115225004482	0.115466315316	0.147271284897	0.119394043981	0.115238307783	0.118988141536	0.130048188312	0.13114405842	0.132395633123	0.112239202954	0.116048865251	0.127371938472	0.127500382691	0.119248717085	0.131878431441	0.124098660432	0.12152183731	0.119524764644	0.124476189313	0.144642112067	0.150922932989	0.126753642847	0.11592482926	0.135692117723	0.129511905072	0.140940853616	0.110917217764	0.140660313876	0.152137347445	0.14755643453	0.120332856062	0.135603253652	0.0934840477287	0.113927589075	0.116263208461	0.118193217136	0.149261192543
159369152-supragingivalplaque2.freeze11.snv.mod.fix.bam	0.153564927698	0.146565051921	0.13659678278	0.125661597479	0.134554227847	0.132253693383	0.086735309993	0.125715434083	0.15986795587	0.161190341222	0.142907146165	0.125614131614	0.125077659047	0.121399744516	0.0345007807785	0.0	0.158234113202	0.127442471696	0.13182018332	0.137106738024	0.135055113469	0.128542177926	0.124113073474	0.122391762636	0.119456670105	0.164639100037	0.165495023815	0.141652247864	0.126490200068	0.126808947432	0.141001816171	0.15307120827	0.138259655253	0.166397133551	0.149321692949	0.135108981221	0.141098105878	0.14450993786	0.142868858447	0.141223747563	0.14227698877	0.140711105332	0.133620460841	0.131605070699	0.158488968395	0.118003857265	0.143290114885	0.144788341668	0.125513266437	0.118432129581	0.138233173231	0.141090196499	0.12727662061	0.135921758434	0.116632579396	0.121641772076	0.122275188758	0.148934290323	0.12641294158	0.123918211227	0.126262978403	0.135143045208	0.135605317408	0.135317116097	0.120772321248	0.122764494155	0.133021339505	0.132605694721	0.125964315105	0.135131546711	0.129915749108	0.128849933739	0.126240995931	0.130705322054	0.148057398655	0.152957027165	0.130693856266	0.123023997131	0.137773660637	0.133846813452	0.142616548347	0.119001483767	0.141524922501	0.154066768258	0.148448424276	0.124972232134	0.137711494506	0.0815837081387	0.121703712169	0.123350227882	0.123183316356	0.151813785025
159470302-tonguedorsum1.freeze11.snv.mod.fix.bam	0.129438976277	0.160581169482	0.154391605449	0.158262709372	0.162869627042	0.15622277824	0.161240599742	0.154797680267	0.172079813943	0.173654366771	0.159498614468	0.158075362054	0.154090384491	0.148058649266	0.155828304822	0.158234113202	0.0	0.150396137606	0.156347759722	0.159856075451	0.158211623836	0.1519381886	0.153763031752	0.155359262265	0.153082603994	0.140435580128	0.141912616494	0.158153274933	0.155033284803	0.154191854283	0.159047724996	0.166141025662	0.154172879735	0.138676507594	0.15414216611	0.161427955348	0.162865222685	0.164487060476	0.159628164795	0.158638324024	0.160382450576	0.154339186387	0.157432032187	0.154053159831	0.163589330024	0.145580059343	0.163346543381	0.16472800706	0.152754706384	0.156446040274	0.155760820556	0.161492216238	0.151017448778	0.158415166985	0.145571509517	0.153898720708	0.153828262314	0.166591369057	0.155903628118	0.151096481971	0.15209223741	0.153510532811	0.155040260355	0.156293298164	0.150282378281	0.150165583971	0.156257867687	0.154793677182	0.153036870858	0.15711564893	0.157022845528	0.150959562711	0.150946850885	0.157160296051	0.162335105577	0.166340402404	0.155350659779	0.149936472194	0.155711583296	0.1542337459	0.157254795463	0.150030507191	0.161869749207	0.13164407937	0.167212099314	0.153601982855	0.159771716423	0.155948361392	0.148657458557	0.155136468505	0.153575535875	0.164133192972
159510762-tonguedorsum3.freeze11.snv.mod.fix.bam	0.146192849921	0.1398623543	0.130992607593	0.120309895621	0.128853779441	0.128187222558	0.132311180541	0.118443270885	0.153884309905	0.155258552649	0.13629240831	0.119677163385	0.119216474821	0.114082484547	0.121678817073	0.127442471696	0.150396137606	0.0	0.123099633493	0.130506537738	0.128504862048	0.122512811206	0.121492318374	0.116188931987	0.112402153473	0.156935316627	0.157837485674	0.135651555865	0.0927658123133	0.0837653491068	0.134160639818	0.147057716492	0.129702623555	0.159679150129	0.145873649889	0.12887007002	0.134198099582	0.137754293985	0.135711236555	0.135009572354	0.137168302925	0.135005502115	0.12474561114	0.12301159149	0.152133555852	0.110673763593	0.138804259372	0.140746536282	0.119619714704	0.122092228707	0.132372242932	0.134411188845	0.119483744495	0.129662920069	0.107525320835	0.115311612254	0.114669426704	0.144823819469	0.11975775316	0.116148075058	0.119169813098	0.12569204728	0.126682806861	0.130267168573	0.112866681534	0.113748685886	0.125560259485	0.124832232642	0.11870604811	0.129595568179	0.124134277047	0.124063756279	0.118772237046	0.0991505832834	0.138702374043	0.14541544911	0.125683894119	0.114536361769	0.124676217906	0.126707857384	0.136940064443	0.111625902339	0.136963944189	0.146504101111	0.144678747639	0.121362495595	0.129582910197	0.128858032392	0.114083733277	0.118128319689	0.119060739538	0.144743354221
159551223-supragingivalplaque1.freeze11.snv.mod.fix.bam	0.15240501289	0.146307000638	0.131420070986	0.125670215767	0.135461836336	0.129862167185	0.122840445304	0.122724482633	0.157658672865	0.158872391397	0.136457988413	0.120637098496	0.122470314532	0.114890065282	0.124680348529	0.13182018332	0.156347759722	0.123099633493	0.0	0.0750323979307	0.132011984331	0.124172298913	0.121149359233	0.117033299238	0.11460894329	0.160906695527	0.161805614382	0.140664364879	0.122684631638	0.123005022889	0.138487243833	0.153211270176	0.1333154982	0.166645912958	0.151462204503	0.133118854824	0.140815127057	0.14454596815	0.144260695501	0.140844225113	0.141775194065	0.14006699578	0.0825386531711	0.123444806498	0.152972788242	0.113841761103	0.146132548443	0.147702597337	0.122469374183	0.12771118032	0.140326227651	0.138493618781	0.123443500758	0.133990231438	0.0943223769613	0.120096078001	0.119827714279	0.151726251536	0.123693856384	0.104742651414	0.103895100707	0.128125222965	0.129635224082	0.13577226146	0.114052859602	0.119818937072	0.128273100119	0.128512125951	0.122138977137	0.136782263955	0.129508260578	0.125927248768	0.122194209747	0.127233827554	0.146026833173	0.149671103689	0.0720051719482	0.116885836855	0.133528712922	0.131942282919	0.14413153282	0.0812555487401	0.144825364086	0.154258739277	0.152066715707	0.12582883009	0.138587811107	0.125404976644	0.11413945665	0.121683778988	0.123196891192	0.151084126767
159551223-supragingivalplaque2.freeze11.snv.mod.fix.bam	0.155028533607	0.149313229466	0.126378860857	0.134401914052	0.142430487998	0.134635011454	0.117676198487	0.131009582274	0.16291012635	0.164094432976	0.143738745882	0.130440122455	0.130400777377	0.124478710093	0.131579453605	0.137106738024	0.159856075451	0.130506537738	0.0750323979307	0.0	0.138241785279	0.129102561162	0.129528656378	0.127081801432	0.124685824691	0.164393547087	0.165124072956	0.143376079488	0.131232462123	0.131555867151	0.143530310367	0.156227150488	0.137000546512	0.169580358416	0.154063360118	0.140490688447	0.144460297547	0.147410012794	0.146244952874	0.144496108205	0.144292574384	0.143062273451	0.116353718543	0.132452876094	0.157591978856	0.122977528617	0.148193703905	0.149514438164	0.129654419757	0.133911260115	0.142867812669	0.143867204962	0.131022059889	0.138837166684	0.111318080428	0.129051910277	0.128679722308	0.155527665468	0.132766740608	0.100419756537	0.0912222877451	0.135040589195	0.136451654204	0.140449935591	0.124667003541	0.127844716654	0.134567286206	0.134258611318	0.130338201623	0.141146026494	0.137071178688	0.13313130645	0.128648550171	0.134973448623	0.149555275158	0.155387470965	0.115275801111	0.125555944036	0.140884943652	0.136698499863	0.146530358086	0.11082480882	0.148332928112	0.157578063597	0.155795171671	0.131919158953	0.142287573253	0.124280995213	0.123955743242	0.130132417297	0.130069544088	0.154475583763
159591683-supragingivalplaque1.freeze11.snv.mod.fix.bam	0.154120807903	0.146689476799	0.137929425943	0.125879066118	0.13901774221	0.133889950488	0.139876855178	0.126825358834	0.158742549398	0.160082179783	0.142293690625	0.129152547904	0.12756397096	0.116108628509	0.130425535997	0.135055113469	0.158211623836	0.128504862048	0.132011984331	0.138241785279	0.0	0.128554591341	0.129014573401	0.124762951022	0.121737060963	0.162055055105	0.16300566758	0.142377310845	0.129278176221	0.129106499014	0.139748843767	0.15194305855	0.136382037915	0.165752798986	0.151621857666	0.137228811606	0.143238522457	0.146428458467	0.145212352545	0.142584462417	0.142964670762	0.141317354119	0.13282252815	0.131251273309	0.156744956645	0.120339677917	0.146004001072	0.147879056265	0.128215708301	0.130582749203	0.139169232563	0.141953685543	0.11731242715	0.136495125475	0.118193479089	0.124808288962	0.124906792414	0.151232254487	0.13004986119	0.12515466396	0.128304554945	0.133334387491	0.134173310056	0.137152122283	0.121297540547	0.11029528081	0.133310489827	0.132820955433	0.127040723727	0.137308696172	0.133334620329	0.131085996534	0.127368901111	0.130004650883	0.146437807704	0.152788745751	0.134547429354	0.122199805738	0.137657294089	0.129396633704	0.143519294963	0.121004415369	0.143757477318	0.155173088753	0.151865767966	0.127964724997	0.140258353984	0.136409076937	0.122488939499	0.127232195647	0.125274212719	0.150292638056
159611913-supragingivalplaque2.freeze11.snv.mod.fix.bam	0.148394316216	0.136146532948	0.13301228903	0.123626274798	0.134887335373	0.125634748207	0.133808374934	0.12176387029	0.15820802637	0.159488404721	0.137981779766	0.121846484689	0.120749061029	0.113911847176	0.12169601047	0.128542177926	0.1519381886	0.122512811206	0.124172298913	0.129102561162	0.128554591341	0.0	0.120159841322	0.115840655115	0.113687877568	0.158033333695	0.158833240891	0.135351888191	0.12097711353	0.121067630237	0.127418064145	0.141666132131	0.12006999222	0.16187360094	0.151215595166	0.132066986071	0.140325754433	0.141123540451	0.143819837244	0.137131535484	0.122311089225	0.122376631633	0.125645176089	0.125834844066	0.150697757805	0.115030551566	0.143646566258	0.145225980558	0.116540693585	0.121494378323	0.137177341694	0.134934448674	0.122512690617	0.127923303716	0.10935329774	0.119781525573	0.119587626279	0.150692716236	0.118933039146	0.109951007042	0.119893893278	0.126738416004	0.128912478932	0.133768531831	0.111334381086	0.117925355321	0.126965499775	0.12680597914	0.115452384644	0.133995685998	0.128697005085	0.123481759247	0.0896901441176	0.124674637409	0.135917197725	0.150686896153	0.129135337633	0.110552881857	0.135176748734	0.128457139748	0.139812092521	0.11313492139	0.141946276272	0.150132254608	0.150436015859	0.122586222046	0.137290995719	0.131292504887	0.114271473744	0.120700017833	0.120988732499	0.146659580511
159632143-supragingivalplaque1.freeze11.snv.mod.fix.bam	0.149807030682	0.143923610288	0.133730460902	0.120085220384	0.131550955872	0.126597058921	0.127677579614	0.118824028398	0.158090317523	0.159132571105	0.137519989438	0.119186099189	0.119446166929	0.113498531261	0.11774124985	0.124113073474	0.153763031752	0.121492318374	0.121149359233	0.129528656378	0.129014573401	0.120159841322	0.0	0.113200886091	0.110921555889	0.15920612769	0.15996204071	0.137613484213	0.118902862003	0.119129283523	0.137418661484	0.152282705711	0.130440908283	0.16291651579	0.150270349348	0.130795458746	0.138201783543	0.142378026131	0.142640854521	0.13809348207	0.137384770475	0.136867827896	0.0936079442068	0.124574351486	0.149148961005	0.113315892941	0.143599203735	0.145292965915	0.119397704364	0.122839036047	0.13700994504	0.13652982673	0.121118846405	0.130295143213	0.106405071644	0.116266826668	0.116473392418	0.14947997901	0.119693122415	0.115304256953	0.118993592024	0.128233224663	0.12925536177	0.134402624141	0.11192494332	0.11508453559	0.126827296217	0.127160714644	0.119130411295	0.133432905483	0.126449719326	0.124393467682	0.118067529107	0.124996398209	0.143388562163	0.1509198406	0.127081183107	0.115553947519	0.13550311901	0.128840368036	0.140689574156	0.109814797866	0.14090344173	0.150711027226	0.14976866254	0.121985490534	0.135943931277	0.125124331895	0.0797773697403	0.118319140197	0.119613496392	0.149373427891
159814214-supragingivalplaque1.freeze11.snv.mod.fix.bam	0.151067044064	0.143567594693	0.134277373479	0.10900394713	0.123179590302	0.119904242181	0.129814785716	0.110663057356	0.157344083398	0.158557659008	0.135574753519	0.104618090556	0.111643352625	0.0913745776325	0.111756021881	0.122391762636	0.155359262265	0.116188931987	0.117033299238	0.127081801432	0.124762951022	0.115840655115	0.113200886091	0.0	0.0607113842626	0.157754181146	0.157394176991	0.13275060019	0.111246444763	0.112371881731	0.133099091166	0.150476292654	0.130192780488	0.164234250774	0.149243099366	0.124947316493	0.13623390945	0.139811138469	0.142598792518	0.137696999146	0.137869067794	0.135691047356	0.118848689452	0.121025119111	0.153761540305	0.107530278466	0.14179301435	0.143452365627	0.110987966916	0.117794679126	0.135335173572	0.134652098147	0.117045349556	0.125945091665	0.0965021656317	0.107979568575	0.107108721243	0.145349230541	0.110079517126	0.106713827122	0.11242225941	0.124789066668	0.126063931627	0.129162258794	0.100439286234	0.107492076037	0.121326351155	0.122238627437	0.11062932465	0.127934446924	0.117624913566	0.0997471130727	0.0928315467082	0.117486886727	0.142028116382	0.151570217614	0.124514927472	0.10970546984	0.134180669059	0.126161468111	0.141095929616	0.103272809912	0.139935943725	0.151253689215	0.145780849856	0.115670023834	0.132851314205	0.128236614617	0.106055825147	0.108288663222	0.112724667406	0.148731907139
