	158479027-stool1.freeze11.snv.mod.fix.bam	158479027-stool2.freeze11.snv.mod.fix.bam	158499257-stool1.freeze11.snv.mod.fix.bam	158499257-stool2.freeze11.snv.mod.fix.bam	158742018-stool1.freeze11.snv.mod.fix.bam	158802708-stool1.freeze11.snv.mod.fix.bam	158802708-stool2.freeze11.snv.mod.fix.bam	158802708-stool3.freeze11.snv.mod.fix.bam	158822939-stool1.freeze11.snv.mod.fix.bam	158984779-stool1.freeze11.snv.mod.fix.bam	159207311-stool1.freeze11.snv.mod.fix.bam	159207311-stool2.freeze11.snv.mod.fix.bam	159207311-stool3.freeze11.snv.mod.fix.bam	159227541-stool2.freeze11.snv.mod.fix.bam	159227541-stool3.freeze11.snv.mod.fix.bam	159288231-stool1.freeze11.snv.mod.fix.bam	159510762-stool1.freeze11.snv.mod.fix.bam	159510762-stool2.freeze11.snv.mod.fix.bam	159571453-stool2.freeze11.snv.mod.fix.bam	159611913-stool1.freeze11.snv.mod.fix.bam	159733294-stool1.freeze11.snv.mod.fix.bam	159753524-stool2.freeze11.snv.mod.fix.bam	159753524-stool3.freeze11.snv.mod.fix.bam	159814214-stool1.freeze11.snv.mod.fix.bam	159814214-stool2.freeze11.snv.mod.fix.bam	160158126-stool1.freeze11.snv.mod.fix.bam	160158126-stool2.freeze11.snv.mod.fix.bam	160319967-stool1.freeze11.snv.mod.fix.bam	160319967-stool3.freeze11.snv.mod.fix.bam	160502038-stool1.freeze11.snv.mod.fix.bam	160502038-stool2.freeze11.snv.mod.fix.bam	160502038-stool3.freeze11.snv.mod.fix.bam	160603188-stool1.freeze11.snv.mod.fix.bam	160704339-stool1.freeze11.snv.mod.fix.bam	161230322-stool1.freeze11.snv.mod.fix.bam	550534656-stool1.freeze11.snv.mod.fix.bam	550534656-stool2.freeze11.snv.mod.fix.bam	550534656-stool3.freeze11.snv.mod.fix.bam	638754422-stool1.freeze11.snv.mod.fix.bam	638754422-stool2.freeze11.snv.mod.fix.bam	675950834-stool1.freeze11.snv.mod.fix.bam	675950834-stool2.freeze11.snv.mod.fix.bam	686765762-stool3.freeze11.snv.mod.fix.bam	706846339-stool2.freeze11.snv.mod.fix.bam	763496533-stool2.freeze11.snv.mod.fix.bam	763557224-stool3.freeze11.snv.mod.fix.bam	763860675-stool2.freeze11.snv.mod.fix.bam	763901136-stool2.freeze11.snv.mod.fix.bam	763961826-stool1.freeze11.snv.mod.fix.bam	764042746-stool2.freeze11.snv.mod.fix.bam	764062976-stool2.freeze11.snv.mod.fix.bam	764083206-stool1.freeze11.snv.mod.fix.bam	764224817-stool1.freeze11.snv.mod.fix.bam	764285508-stool2.freeze11.snv.mod.fix.bam	764305738-stool1.freeze11.snv.mod.fix.bam	764305738-stool2.freeze11.snv.mod.fix.bam	764467579-stool3.freeze11.snv.mod.fix.bam	764487809-stool1.freeze11.snv.mod.fix.bam	764487809-stool2.freeze11.snv.mod.fix.bam	764508039-stool1.freeze11.snv.mod.fix.bam	764588959-stool1.freeze11.snv.mod.fix.bam	764588959-stool2.freeze11.snv.mod.fix.bam	765074482-stool1.freeze11.snv.mod.fix.bam	765074482-stool2.freeze11.snv.mod.fix.bam	765135172-stool1.freeze11.snv.mod.fix.bam	765135172-stool3.freeze11.snv.mod.fix.bam	765195863-stool3.freeze11.snv.mod.fix.bam	765216093-stool3.freeze11.snv.mod.fix.bam	765256553-stool3.freeze11.snv.mod.fix.bam	765337473-stool2.freeze11.snv.mod.fix.bam	765377934-stool3.freeze11.snv.mod.fix.bam	765560005-stool1.freeze11.snv.mod.fix.bam	765620695-stool1.freeze11.snv.mod.fix.bam	809635352-stool2.freeze11.snv.mod.fix.bam	809635352-stool3.freeze11.snv.mod.fix.bam	857980665-stool3.freeze11.snv.mod.fix.bam	CCIS46047672ST-4-0.freeze11.snv.mod.fix.bam	CCIS76845094ST-20-0.freeze11.snv.mod.fix.bam	CCIS91228662ST-4-0.freeze11.snv.mod.fix.bam	M3.4-V2.metaG.freeze11.snv.mod.fix.bam	M3.4-V2.metaT.freeze11.snv.mod.fix.bam	M4.3-V1.metaG.freeze11.snv.mod.fix.bam	M4.3-V1.metaT.freeze11.snv.mod.fix.bam	MH0221.freeze11.snv.mod.fix.bam	MH0333.freeze11.snv.mod.fix.bam	MH0360.freeze11.snv.mod.fix.bam	MH0406.freeze11.snv.mod.fix.bam	MH0426.freeze11.snv.mod.fix.bam	MH0444.freeze11.snv.mod.fix.bam	MH0446.freeze11.snv.mod.fix.bam	MMRS16644320ST-27-0-0.freeze11.snv.mod.fix.bam	MMRS17603756ST-27-0-0.freeze11.snv.mod.fix.bam	MMRS42780924ST-27-0-0.freeze11.snv.mod.fix.bam	MMRS55294627ST-27-0-0.freeze11.snv.mod.fix.bam	MMRS57569834ST-27-0-0.freeze11.snv.mod.fix.bam	MMRS62666492ST-27-0-0.freeze11.snv.mod.fix.bam	MMRS64281211ST-27-0-0.freeze11.snv.mod.fix.bam	MMRS81194191ST-27-0-0.freeze11.snv.mod.fix.bam	MMRS95277876ST-27-0-0.freeze11.snv.mod.fix.bam	O2.UC1-1.freeze11.snv.mod.fix.bam	T2D-107A.freeze11.snv.mod.fix.bam	T2D-57A.freeze11.snv.mod.fix.bam	T2D-59A.freeze11.snv.mod.fix.bam	V1.CD28-0.freeze11.snv.mod.fix.bam	V1.FI17.freeze11.snv.mod.fix.bam	V1.FI21.freeze11.snv.mod.fix.bam	V1.FI36.freeze11.snv.mod.fix.bam	V1.UC38-4.freeze11.snv.mod.fix.bam	V1.UC39-4.freeze11.snv.mod.fix.bam	V1.UC62-0.freeze11.snv.mod.fix.bam	scavenger-11-7-0.freeze11.snv.mod.fix.bam
158479027-stool1.freeze11.snv.mod.fix.bam	0.0	0.00237867520555	0.138310771741	0.140718063454	0.13599456025	0.134206359712	0.135137120201	0.133066795805	0.135117781815	0.147249658111	0.144580122545	0.145674636818	0.142387628855	0.142110603156	0.138495749129	0.13944101824	0.147757231235	0.150961726474	0.207942682224	0.136841505648	0.14465696647	0.134724284466	0.135760702445	0.147919545215	0.149457437035	0.135837577459	0.134816095034	0.133074923493	0.129861258193	0.14492006618	0.139777526233	0.142103318569	0.180157350514	0.133439785765	0.1260016751	0.174308583661	0.173293313694	0.173320370166	0.191628629448	0.189145369759	0.140645323723	0.13987119921	0.151312696928	0.133546700081	0.13851711221	0.284935456056	0.10655490246	0.143719988077	0.282678340076	0.127183100921	0.162487418945	0.153633539508	0.153569355004	0.237634910742	0.282914048686	0.284093372659	0.275383866106	0.12712032624	0.125458813304	0.268316684592	0.137164697573	0.135153265951	0.15719072164	0.158634198213	0.172523555355	0.173821148077	0.162887706741	0.155370678147	0.12558634282	0.274955831344	0.158425130374	0.132107267143	0.13710716795	0.162579852538	0.165948509203	0.141584037334	0.164859558103	0.13253388731	0.149060412202	0.14246142702	0.13638640049	0.18388648987	0.180732574256	0.154047690474	0.255914883788	0.270357911001	0.208523716291	0.160980847824	0.180899929636	0.272954115177	0.214313191187	0.139205446567	0.144191722992	0.129694371045	0.130300896885	0.134521559139	0.19053951851	0.151502889953	0.152651751635	0.169293856287	0.26742629088	0.133236121527	0.146291474795	0.139495194756	0.154693678007	0.262144636819	0.142201775041	0.280078270414	0.177504846462	0.147803606981	0.280784163921
158479027-stool2.freeze11.snv.mod.fix.bam	0.00237867520555	0.0	0.138725620081	0.141308569452	0.136271441564	0.134763990618	0.135367450505	0.134237296622	0.136316025731	0.148498630974	0.145513299681	0.146236107247	0.143647588949	0.142001837911	0.139080158657	0.140547584116	0.148118032697	0.150918606644	0.208364880842	0.137448300938	0.145087755658	0.135716836441	0.1360825271	0.148673276667	0.149996877415	0.136254512747	0.135155378583	0.133302927361	0.131089043854	0.145136276353	0.140873870657	0.143199689257	0.180685765793	0.133576304799	0.127253192165	0.17490601881	0.174287697067	0.174321760908	0.1921878861	0.189869041563	0.141008448448	0.14065391587	0.152360912269	0.134770991755	0.139148194629	0.285959237221	0.106991576871	0.144276770799	0.283190396493	0.128012882402	0.162556430852	0.154453912033	0.154185274239	0.238866436806	0.283560478665	0.284611687721	0.276468880975	0.127251981103	0.125802784188	0.268930649395	0.137547409014	0.13629945266	0.15770107534	0.159257444781	0.173124048485	0.174818084703	0.164005899174	0.156515324521	0.12678449216	0.276017651514	0.159560982779	0.132230782664	0.137373666276	0.163178392333	0.167018640478	0.142772149808	0.165838128604	0.133830624234	0.150360795208	0.143738654066	0.138007445806	0.185264460419	0.182339295715	0.15457535883	0.25625871697	0.270794644696	0.208953758587	0.16129931098	0.181346805537	0.273559085344	0.215296498037	0.140443367596	0.145402262401	0.130976569567	0.131460907462	0.135572643756	0.191529447359	0.152708459351	0.153874401659	0.170053015692	0.268092833455	0.133843154231	0.146906272939	0.139874235805	0.155449200888	0.262820764347	0.142787297052	0.28060411047	0.177280173327	0.148216793384	0.282076937711
158499257-stool1.freeze11.snv.mod.fix.bam	0.138310771741	0.138725620081	0.0	0.0128181235838	0.145701335741	0.139945330994	0.140625445559	0.139126404434	0.13536242574	0.157680978912	0.144586200426	0.145768138042	0.143330944765	0.147381269291	0.144117472444	0.149713025379	0.154497552704	0.157739903256	0.21297049358	0.146403514518	0.148682870399	0.147313058464	0.147659910873	0.156388187323	0.157550744857	0.146281432529	0.145535580542	0.145740430163	0.143524714996	0.161146919464	0.156699241275	0.158994260077	0.186802360517	0.137703723645	0.138498572806	0.176914960771	0.176130112866	0.176285802354	0.193555428812	0.191482681784	0.145935486425	0.146347002165	0.165700893887	0.141639676926	0.142871233766	0.280328390752	0.136737902788	0.154634669572	0.277375965698	0.13668693294	0.171094083284	0.1610973183	0.159419048589	0.234494429182	0.278775155258	0.279822899482	0.271810703863	0.141498221495	0.140117807168	0.266823569465	0.141957113919	0.140697606057	0.156655269829	0.158317969401	0.176928317132	0.178264428514	0.168028622952	0.151608755325	0.13164116639	0.271742540917	0.160327952752	0.135295394696	0.134048613554	0.164634717655	0.168270087561	0.147486315705	0.168365712919	0.131518132833	0.148133145089	0.141985080698	0.14458568783	0.184829476928	0.177661282748	0.157086814787	0.255885062155	0.267579316158	0.207689741195	0.168169515621	0.182941904829	0.267168382269	0.21603704313	0.137733648962	0.143003861621	0.138319336899	0.133468761084	0.133599180979	0.196980379845	0.152892474443	0.163743066591	0.165365859441	0.263094423088	0.130202450789	0.149039581749	0.156183097771	0.154316681245	0.26353974232	0.134875108642	0.276506676282	0.178570952137	0.144367254029	0.27482427766
158499257-stool2.freeze11.snv.mod.fix.bam	0.140718063454	0.141308569452	0.0128181235838	0.0	0.148058495498	0.141697718711	0.142558370516	0.141423822788	0.136373905323	0.158976620079	0.146984131035	0.14823034091	0.145428478446	0.149873766812	0.146393944505	0.151437022395	0.156194459086	0.159535335968	0.212237605375	0.147439294829	0.150766934671	0.149451486111	0.150041371882	0.158554920725	0.159551523036	0.148273108099	0.147284991054	0.14798013121	0.14527044616	0.162470393719	0.157667970066	0.159971758654	0.186931198251	0.140144253878	0.140652520497	0.177868981072	0.176932940537	0.17704638824	0.193916425102	0.191792854712	0.14615173297	0.146539500885	0.16672071508	0.143874161551	0.145263538518	0.275459512976	0.13946806447	0.15665038931	0.272591274695	0.139018612468	0.172629409405	0.16050377333	0.161220795805	0.230375033252	0.274777016531	0.275834232103	0.266857824205	0.143921015061	0.142614299175	0.261821273147	0.144245092349	0.14286290123	0.155680689384	0.157661775943	0.177560843076	0.178688054206	0.168808798566	0.148679164369	0.133291029902	0.266439209399	0.161859259521	0.137970637325	0.13673118271	0.165179815918	0.168749315811	0.149201003954	0.169110541744	0.13340740859	0.14945294803	0.14380386495	0.146938818233	0.184431691035	0.177866959809	0.158692578508	0.252137670938	0.262132934809	0.202641103498	0.168896413771	0.184045855957	0.263506327846	0.210647975805	0.139762487561	0.142803790529	0.140173617743	0.135823356667	0.135152500132	0.1920563174	0.154357140993	0.16428340278	0.166737261315	0.258418500029	0.132901591339	0.151227852252	0.157843217077	0.153888076404	0.258705819701	0.135274470642	0.272368140044	0.17491902087	0.145156788478	0.268797550448
158742018-stool1.freeze11.snv.mod.fix.bam	0.13599456025	0.136271441564	0.145701335741	0.148058495498	0.0	0.137706135926	0.138112772092	0.136580246684	0.140449920726	0.152874939825	0.149074940087	0.149135316564	0.146701777125	0.149751392998	0.146482810748	0.141912567007	0.143561447907	0.146391265365	0.20850630133	0.135595709384	0.145127691428	0.145141923634	0.145482244747	0.151987916824	0.153059665962	0.144902943087	0.144306395922	0.143785943577	0.1416950113	0.145876545114	0.141427518519	0.143931137744	0.180553427491	0.130519515293	0.143368257125	0.175685253541	0.175041007362	0.174995298026	0.191638910587	0.189585798928	0.14748586811	0.147622217107	0.155065050754	0.138230083958	0.139965672565	0.279461982552	0.138353670465	0.15044636738	0.278742245728	0.132647425993	0.172176175721	0.150366166729	0.161658206417	0.237606733004	0.279117309651	0.280111025006	0.271410197749	0.140440121104	0.138647560649	0.265374572693	0.137482282749	0.136342051219	0.158364325933	0.15954501983	0.174457668408	0.175526895585	0.155513517991	0.15264851444	0.12702079522	0.271424117443	0.158177556381	0.132814841461	0.13592959183	0.158645450768	0.162232509894	0.141723946778	0.168355286844	0.139769334859	0.145621741679	0.151412944485	0.158798462552	0.183034128621	0.180192859729	0.154883242819	0.254313309875	0.264548858899	0.206388265583	0.162433286905	0.184694647945	0.269802932969	0.205707669391	0.1422483625	0.147899872366	0.136587350281	0.134741221822	0.141509521788	0.193425545724	0.152493419196	0.154359754881	0.164363182506	0.264169585313	0.139639674379	0.15039795913	0.147032032144	0.152747573357	0.26031573795	0.147070392435	0.273268899718	0.172256124613	0.1533852431	0.276134986388
158802708-stool1.freeze11.snv.mod.fix.bam	0.134206359712	0.134763990618	0.139945330994	0.141697718711	0.137706135926	0.0	0.010617358236	0.00889380459864	0.135307869172	0.154844249186	0.151018742201	0.151765359536	0.149018225463	0.143435933029	0.140388130627	0.143514711456	0.149470403172	0.152563222521	0.208688682392	0.139478364776	0.143854135086	0.137767520461	0.13819852044	0.149907828146	0.150591051811	0.140224333886	0.138295455764	0.141317572636	0.138560078116	0.155225093263	0.150247466237	0.15262075494	0.184716120819	0.137292773658	0.136798306582	0.173337217899	0.172517465665	0.172546483385	0.189974898238	0.187672696678	0.140095081204	0.140489270279	0.155217840355	0.128472740841	0.141651504953	0.286322709916	0.130899466961	0.14957317395	0.283570322077	0.136834401591	0.170355763315	0.155764359628	0.154588002095	0.239084514591	0.285377553909	0.286385302197	0.28015279393	0.131949113124	0.129691942087	0.271084853331	0.136953296308	0.136337794973	0.152619699112	0.154339017161	0.175787311683	0.177047446953	0.165541772273	0.153521762632	0.122562582114	0.27654907551	0.162410691532	0.133139859863	0.137140819193	0.159587733779	0.163702295625	0.142105641681	0.166524263093	0.133733211047	0.154260735121	0.144994064609	0.148079226561	0.184085342432	0.182627344372	0.155328151038	0.260180012148	0.271571434621	0.209145694206	0.166329324309	0.179843895569	0.275614403635	0.212587322028	0.136553713361	0.138394558483	0.136358469208	0.127596533328	0.136072400915	0.191702411998	0.157728645486	0.159963549716	0.166773571215	0.27100300841	0.133388488434	0.153427235975	0.152462310851	0.151628358218	0.267535373141	0.140111064094	0.284500235899	0.175971279462	0.146512778866	0.280498515501
158802708-stool2.freeze11.snv.mod.fix.bam	0.135137120201	0.135367450505	0.140625445559	0.142558370516	0.138112772092	0.010617358236	0.0	0.0107475243799	0.136240268671	0.155647641689	0.1515156206	0.152223359919	0.149710552767	0.144069933397	0.141069261623	0.144428665456	0.150027093272	0.153056068212	0.209380945171	0.139989264156	0.144226648445	0.138671210322	0.139042446894	0.15060701962	0.151357344877	0.140884374392	0.139234220642	0.141707759742	0.139366720475	0.155604023662	0.150998970649	0.153385622411	0.18512958212	0.137570795607	0.137867440063	0.173872363639	0.173190593192	0.173206657026	0.190615972099	0.188439050828	0.140614762431	0.141207971342	0.156066756625	0.129403850177	0.142081107538	0.286880488011	0.131406622434	0.150261803737	0.283779604151	0.137560230202	0.170772898289	0.156355130488	0.155389843277	0.239760925625	0.285904532043	0.287043318701	0.280615994075	0.132290108021	0.130094190265	0.271293656931	0.137391997471	0.137018123609	0.153213896213	0.155087211279	0.17664059473	0.178063521414	0.166193649102	0.15444600776	0.123589628261	0.276958000095	0.163208266807	0.133759862866	0.137893315455	0.160288067807	0.16438062462	0.143028734195	0.167429949626	0.134943608113	0.154903571622	0.146123754065	0.149308704619	0.185025701126	0.183782062564	0.155418797429	0.260306813024	0.271524205301	0.209620537247	0.167099926514	0.180440412235	0.275984032973	0.213352989242	0.137806458107	0.139077599458	0.137160093881	0.128555937498	0.136593609578	0.192496833475	0.158415930294	0.160670471489	0.167262085685	0.271501043265	0.133823209263	0.154018547646	0.152497122174	0.151902777264	0.267853412354	0.140844701029	0.284568815757	0.176596291497	0.147187495545	0.281157477455
158802708-stool3.freeze11.snv.mod.fix.bam	0.133066795805	0.134237296622	0.139126404434	0.141423822788	0.136580246684	0.00889380459864	0.0107475243799	0.0	0.135178652287	0.153405091285	0.149485718225	0.150630477857	0.147068568775	0.142813668387	0.139147777402	0.141734862555	0.1480718528	0.151711015698	0.209190258434	0.138965567234	0.14317033222	0.136551601981	0.13771979903	0.148795675352	0.149730487661	0.139151764783	0.138113912763	0.140374249513	0.136735131092	0.153790359829	0.147989309411	0.150390239437	0.183335522365	0.136256901173	0.134812272834	0.172367844728	0.171160648205	0.171170588694	0.188901177114	0.18655067779	0.140828320825	0.140613826608	0.153655281787	0.126598978349	0.140535999268	0.285116407936	0.129838066767	0.14826593691	0.282940233311	0.135959448979	0.169936103731	0.156316177031	0.153788988452	0.238727131469	0.284591049146	0.28579320025	0.278919381416	0.130861497756	0.128355847988	0.2703781072	0.136234253617	0.134871079218	0.15217802784	0.153505968144	0.175029925461	0.175926120321	0.164027563219	0.153499628152	0.121820458085	0.275394096704	0.160945395121	0.13224380435	0.13640783133	0.158489602302	0.161906519351	0.140934879241	0.164440379062	0.132495616392	0.152922811306	0.143066127851	0.146321135666	0.18204318668	0.180022627443	0.154782751514	0.259585926616	0.271869000557	0.21003578745	0.166761376802	0.178611659141	0.274923823977	0.213219856138	0.134704536031	0.137084180951	0.134282025623	0.125556640942	0.135274148699	0.192169412432	0.156132318475	0.158450008978	0.165337863745	0.270061913931	0.13150017555	0.15222469357	0.151248538954	0.152711832056	0.26650335029	0.13947962969	0.283883974755	0.177079828163	0.14604203446	0.278903231277
158822939-stool1.freeze11.snv.mod.fix.bam	0.135117781815	0.136316025731	0.13536242574	0.136373905323	0.140449920726	0.135307869172	0.136240268671	0.135178652287	0.0	0.144725156016	0.150388816541	0.151071851489	0.147499795679	0.1472627747	0.143318503005	0.147231292249	0.148680629284	0.152660340799	0.199248333295	0.138303544314	0.146697471434	0.144333356026	0.145566449312	0.152151918566	0.153665333079	0.14163610083	0.140410464035	0.145664562517	0.142146150193	0.153246645869	0.147753142534	0.150087559038	0.180657533377	0.138995979383	0.139098247833	0.173659247423	0.172487765445	0.172529205225	0.190770486819	0.188544509167	0.135807474984	0.13572206451	0.153203986273	0.139281635275	0.142581833944	0.280456532192	0.136179174988	0.149071919506	0.277192232029	0.137379316817	0.169105410836	0.146574154818	0.155456270145	0.23044382213	0.279087071042	0.280232597521	0.271069313555	0.141398801093	0.139179232613	0.262192441008	0.138243044334	0.136225750187	0.152183557253	0.154869800618	0.172734397178	0.173630998959	0.154375374124	0.147894320494	0.126340741521	0.268297005691	0.158611437384	0.138547016335	0.136990568731	0.161086231792	0.164865415303	0.146349015656	0.166729902612	0.0793818150728	0.151796291759	0.143759405973	0.141288001893	0.178479062394	0.170233384556	0.145465274462	0.252416108926	0.261072411913	0.198452234007	0.160484354969	0.180420514844	0.267359554125	0.201448354866	0.134177088628	0.144789379302	0.138594714308	0.130084410988	0.130558531189	0.182886677468	0.155571199834	0.155478747439	0.170493249113	0.261648731594	0.125212944016	0.147351234039	0.152215149036	0.141631338149	0.2586780865	0.133190729329	0.275207194802	0.174559942398	0.14587928992	0.275755031843
158984779-stool1.freeze11.snv.mod.fix.bam	0.147249658111	0.148498630974	0.157680978912	0.158976620079	0.152874939825	0.154844249186	0.155647641689	0.153405091285	0.144725156016	0.0	0.160134202163	0.160729789263	0.157037620902	0.152430987874	0.14887065113	0.146923242873	0.15337930397	0.157029899149	0.202618231522	0.138427882576	0.15399522601	0.149311207094	0.15055441669	0.158907985302	0.159756747047	0.151548991771	0.151253658277	0.147231295719	0.143946219931	0.146137537146	0.141769129619	0.143043207416	0.180735315826	0.15511770074	0.144848626601	0.161802553245	0.160412907268	0.160334945796	0.190122178821	0.188013121278	0.152697895273	0.151815559536	0.159895334618	0.150480704759	0.151493984044	0.271488089743	0.145988358731	0.157780348385	0.267511748236	0.148612617007	0.175226548403	0.144561284684	0.16472513912	0.234392399478	0.270175895145	0.271364281514	0.264761845882	0.148706726286	0.146391695137	0.250853068465	0.15524380774	0.153456636769	0.163586547162	0.164083685615	0.176733152568	0.17725675591	0.0924887006779	0.167341037512	0.14545629251	0.259752067296	0.158904576778	0.1476082427	0.154032185487	0.168373156976	0.170029266556	0.150619393052	0.168131091777	0.152725755571	0.160012114693	0.15290042422	0.157864775681	0.177507926933	0.177793483089	0.167668437109	0.243276726867	0.257213996712	0.206275727255	0.168520309216	0.180811197069	0.261271471806	0.206729200907	0.148916699615	0.154506133981	0.153805136558	0.145085913399	0.149681729746	0.194016225125	0.162374355052	0.146185232737	0.170265626604	0.254567958095	0.151000656916	0.156076588727	0.146481664417	0.158718136411	0.250030218027	0.153650533075	0.267408470275	0.178504061884	0.164446624689	0.268044641838
159207311-stool1.freeze11.snv.mod.fix.bam	0.144580122545	0.145513299681	0.144586200426	0.146984131035	0.149074940087	0.151018742201	0.1515156206	0.149485718225	0.150388816541	0.160134202163	0.0	0.00277010916405	0.0020691487201	0.1501977864	0.146767429138	0.153643547219	0.160414063812	0.164487642023	0.214878003969	0.153584902767	0.124789248669	0.147638899457	0.148478430314	0.16277665436	0.164128043123	0.151979984661	0.152047991473	0.149734678988	0.146781465135	0.165649366673	0.16075678831	0.163087997438	0.188295046502	0.143301691551	0.143882994054	0.17737885174	0.176282431706	0.176440212119	0.195578729685	0.193521155184	0.150433532567	0.150153044848	0.163917556383	0.144453110943	0.128123416306	0.27498199282	0.147787829479	0.162490191527	0.274945401988	0.145568746548	0.182626072771	0.164341616546	0.166587621484	0.234567543135	0.278558555121	0.279677931081	0.268498430744	0.147848868925	0.146234569473	0.263004615412	0.146648773034	0.144647044374	0.162960552111	0.165087852562	0.180359257906	0.181616965835	0.173562170961	0.157712287435	0.14072202414	0.267995390181	0.168866859469	0.142774030892	0.140816415964	0.173439551278	0.177323551868	0.151090340375	0.174700816695	0.145312073431	0.115255423388	0.151968158548	0.148845758598	0.191975299297	0.191234380302	0.161754240041	0.24561552573	0.264239068316	0.211620435232	0.178023849867	0.189402288866	0.270245386824	0.211206851293	0.146334807956	0.147338874044	0.145729521122	0.139659441054	0.134790416944	0.198607269198	0.160704931848	0.165993414173	0.172934968695	0.262487988041	0.142673730436	0.157330032935	0.163562275538	0.15426381066	0.258509348362	0.151281124178	0.270523683646	0.183605035505	0.156904585599	0.273269076912
159207311-stool2.freeze11.snv.mod.fix.bam	0.145674636818	0.146236107247	0.145768138042	0.14823034091	0.149135316564	0.151765359536	0.152223359919	0.150630477857	0.151071851489	0.160729789263	0.00277010916405	0.0	0.0021883718702	0.150374280315	0.147155378793	0.154595326065	0.161518924431	0.16503506758	0.215186285862	0.154302539983	0.125634498818	0.147876199117	0.148355984089	0.163725280278	0.164658980958	0.152905493151	0.152761176012	0.150428704254	0.147888024111	0.166635549698	0.162316986379	0.164615563451	0.188716146412	0.143593821889	0.145264379459	0.178065898958	0.177184674367	0.17734720144	0.195704250595	0.193856751041	0.150859906476	0.150780991637	0.164438825246	0.145320550351	0.129137419059	0.275350479317	0.14835317712	0.162992332578	0.275690717751	0.146872650522	0.183047595354	0.165205075434	0.166840919787	0.23539905391	0.278278364896	0.279372796507	0.268820195921	0.148128655215	0.147006914885	0.262829555707	0.147396358421	0.145842708803	0.163839727179	0.165700363461	0.18044956388	0.181734117938	0.174186294144	0.158571144011	0.141715064253	0.26905975591	0.170210936209	0.143475492952	0.141124298833	0.17450603742	0.178424234331	0.151678138711	0.176049100818	0.145728028659	0.11556036808	0.152633573011	0.150411711818	0.192510812924	0.192182614494	0.162291233806	0.245485677569	0.264096193382	0.212330473496	0.178538298118	0.18958856608	0.270319522929	0.211528352199	0.147460496545	0.148447258449	0.146903480171	0.140788267545	0.135828767617	0.199503321078	0.161358175733	0.167272788034	0.17336757644	0.263009612037	0.143245647048	0.15838189547	0.16457068107	0.154960561014	0.259210149624	0.151710650782	0.270602763146	0.183800126172	0.157682516833	0.27395455266
159207311-stool3.freeze11.snv.mod.fix.bam	0.142387628855	0.143647588949	0.143330944765	0.145428478446	0.146701777125	0.149018225463	0.149710552767	0.147068568775	0.147499795679	0.157037620902	0.0020691487201	0.0021883718702	0.0	0.148511142448	0.144466855138	0.150856004836	0.158416669698	0.162519041747	0.212693559323	0.151119530406	0.123599224462	0.144628502304	0.145867279588	0.16092241322	0.162075243809	0.149900959373	0.149825285559	0.147824395756	0.144178962733	0.16418726065	0.15888743871	0.161125393977	0.186260099995	0.141472511108	0.141546174733	0.17535462273	0.173931131183	0.174092549435	0.193274428473	0.191191955729	0.147920848395	0.147343792976	0.161130228473	0.141742077206	0.126357955296	0.27295033107	0.145469391092	0.159718808946	0.273801632442	0.143550968761	0.180302439243	0.162083653509	0.163853478671	0.232354969225	0.276147339402	0.277274296191	0.266126205771	0.145380169491	0.14397471571	0.260870778034	0.144999448855	0.142608073055	0.161164567515	0.163033227797	0.177512465156	0.178356708012	0.170552037665	0.155090208203	0.138011300567	0.266433929614	0.166341412064	0.14088232084	0.138767812151	0.171433573547	0.174778556869	0.14785221825	0.172714509521	0.142219305619	0.112896838114	0.149016213677	0.146271316989	0.189018245761	0.188692589684	0.159706334949	0.243855514518	0.262232904151	0.20957013336	0.176138290986	0.187078434212	0.268159770287	0.208293286366	0.143670841131	0.144781576979	0.143612517008	0.136554514765	0.132241339882	0.195930672449	0.157775820606	0.163680170377	0.170532171359	0.260959719344	0.139928545702	0.155363917437	0.161621115728	0.151900896038	0.256643407536	0.148159080353	0.268717143797	0.181630878517	0.155085197092	0.271328559565
159227541-stool2.freeze11.snv.mod.fix.bam	0.142110603156	0.142001837911	0.147381269291	0.149873766812	0.149751392998	0.143435933029	0.144069933397	0.142813668387	0.1472627747	0.152430987874	0.1501977864	0.150374280315	0.148511142448	0.0	0.00440055238675	0.153953247637	0.156651632796	0.158763232354	0.211159961614	0.14456896791	0.152499679219	0.146054762568	0.145712590954	0.156335738321	0.156608459006	0.144149171854	0.143751964337	0.141725885933	0.140463695118	0.155633534614	0.152161289233	0.154285890139	0.186821007858	0.143640458102	0.0959193601079	0.173315793209	0.172663878739	0.172955843225	0.19761157153	0.195595345767	0.146884186237	0.147149474065	0.162531755405	0.13878432311	0.14296870009	0.278811828526	0.141590334055	0.158913023887	0.275162069558	0.140621566623	0.17814599495	0.156713212788	0.162420921719	0.235875449021	0.276021062016	0.276885864609	0.269731691389	0.146963048973	0.145913272653	0.262397007281	0.144560867665	0.143612571692	0.160843839275	0.162005294831	0.175977567972	0.177327498387	0.164993610158	0.15819112252	0.136282112984	0.268435023157	0.161781641456	0.143411992976	0.141150017323	0.168411427118	0.172415654432	0.14546924957	0.176064119543	0.146341852096	0.154415967448	0.154136788627	0.156864096065	0.187812730216	0.181599389445	0.162694074159	0.251323135098	0.263122812354	0.213898675281	0.170759419816	0.184762119587	0.267460155074	0.214637489226	0.135602120955	0.149312197334	0.147515221734	0.138715785767	0.147713457608	0.196739213769	0.164254607483	0.161143940483	0.170373516897	0.262029201476	0.144021893521	0.155131823755	0.159521592616	0.160856652886	0.259698972512	0.149358605672	0.274053962443	0.178537367655	0.156959008108	0.275219018379
159227541-stool3.freeze11.snv.mod.fix.bam	0.138495749129	0.139080158657	0.144117472444	0.146393944505	0.146482810748	0.140388130627	0.141069261623	0.139147777402	0.143318503005	0.14887065113	0.146767429138	0.147155378793	0.144466855138	0.00440055238675	0.0	0.150215502825	0.15351236332	0.156469133018	0.208529821789	0.141316835295	0.149551215635	0.142467355262	0.142984119704	0.153142818097	0.153885356707	0.141084752773	0.140981437417	0.138998492772	0.136795655414	0.152496788231	0.148120038928	0.150349537755	0.183740732455	0.140662516784	0.0927706366993	0.170431061543	0.169453245734	0.169771127908	0.195159473493	0.192907232351	0.143464604701	0.143447817028	0.15854470321	0.135154101076	0.139750362042	0.276501127117	0.138119717564	0.155516103815	0.273028706739	0.136960516806	0.175198705072	0.153270116981	0.15899272035	0.232684833804	0.274230741622	0.275372950432	0.266682858998	0.143574592883	0.142447649652	0.260039807114	0.141372729626	0.140016697266	0.157589385974	0.158832007821	0.172700066547	0.173722891906	0.161423255402	0.154320001859	0.132199051992	0.265425606412	0.158146377074	0.140650688485	0.138245809838	0.165211073862	0.168897564363	0.141597239567	0.172564258234	0.142647861061	0.150450258863	0.150153568741	0.152572474294	0.184453942018	0.178281327669	0.159639333	0.249184881094	0.261372140601	0.211091786347	0.168129665	0.182140053438	0.265518024053	0.211436450035	0.131930868549	0.145817736992	0.143370714336	0.134705741608	0.143704052933	0.19304945045	0.160024740652	0.157552984847	0.167092708747	0.259698789621	0.140645189224	0.151731918373	0.156388240424	0.157525393389	0.257170766731	0.145806309656	0.272023452688	0.176588631252	0.153944583253	0.272431447718
159288231-stool1.freeze11.snv.mod.fix.bam	0.13944101824	0.140547584116	0.149713025379	0.151437022395	0.141912567007	0.143514711456	0.144428665456	0.141734862555	0.147231292249	0.146923242873	0.153643547219	0.154595326065	0.150856004836	0.153953247637	0.150215502825	0.0	0.149886330639	0.153597914696	0.206170809797	0.140886560171	0.14881108206	0.143564605088	0.144739842786	0.148035582554	0.148843652726	0.138314878033	0.138538998999	0.147288529273	0.143737973003	0.144905911798	0.139868968559	0.141888188338	0.182225854883	0.145927187674	0.140140384287	0.167851673724	0.166631793964	0.166588621264	0.189157661648	0.187033222201	0.148823502719	0.149258566755	0.157795561526	0.137643410112	0.149129318853	0.273860032098	0.139695292751	0.136807040721	0.272557158114	0.137838529982	0.153014968199	0.151605883491	0.142823275973	0.23467670319	0.274211215487	0.275421888622	0.260570252611	0.144955813962	0.142719491646	0.260371072256	0.142691377724	0.140805098456	0.158995435642	0.160183058701	0.144545304925	0.145455788999	0.155950015786	0.160943507159	0.136199985216	0.26467552528	0.158536418264	0.136930697746	0.14527526633	0.156636507504	0.159578764034	0.145464020717	0.166709919003	0.147205924131	0.153602183298	0.153148102855	0.158322675063	0.181902677052	0.178187927831	0.162672447909	0.248061668609	0.258792392814	0.205883757528	0.167338893471	0.178748586898	0.264370635334	0.20889381182	0.145813254852	0.151474402022	0.140870284236	0.139995207379	0.145882583529	0.174973217239	0.158653010686	0.154295875712	0.161055859704	0.260204732495	0.145319597731	0.154176496087	0.143673755372	0.15622386527	0.251830117647	0.148089607683	0.268402354243	0.168940088545	0.152842775329	0.2675592815
159510762-stool1.freeze11.snv.mod.fix.bam	0.147757231235	0.148118032697	0.154497552704	0.156194459086	0.143561447907	0.149470403172	0.150027093272	0.1480718528	0.148680629284	0.15337930397	0.160414063812	0.161518924431	0.158416669698	0.156651632796	0.15351236332	0.149886330639	0.0	0.00501682535387	0.210859700883	0.120683703246	0.157197926155	0.155032846959	0.155632629653	0.150403397984	0.151285959148	0.147821418594	0.147608375172	0.144537888152	0.142038677376	0.124500052762	0.120418634816	0.122549686931	0.186887200354	0.150802104475	0.143179869987	0.181531751742	0.180463321389	0.180465640278	0.200012860101	0.197754695633	0.153345531012	0.154209014641	0.159825203379	0.144571518146	0.142359934119	0.280443003545	0.148965602995	0.156176973775	0.275751556091	0.147088876724	0.180217737988	0.162711479418	0.164048673311	0.238529007503	0.277934914828	0.27916641765	0.271035080369	0.152397398583	0.150578197985	0.263348852655	0.151901527198	0.150579049727	0.165082048516	0.166716006656	0.183457134207	0.18444103038	0.16405704002	0.169701709224	0.140282218794	0.268516116397	0.169224826127	0.143872183397	0.151242889278	0.161462404938	0.165317809647	0.152595412899	0.173693481074	0.151448653897	0.157101071015	0.15682701543	0.163812570829	0.187677007288	0.185620782173	0.161707124705	0.255395653888	0.260697571958	0.211929237408	0.174869273273	0.181705979505	0.267275716921	0.208888080779	0.151320058596	0.155772599432	0.150181088384	0.144332669822	0.147044141454	0.197716103487	0.159992499349	0.13569787887	0.165253185691	0.261936082965	0.148341025425	0.161501617246	0.12592263456	0.164536002724	0.257325525284	0.156127780469	0.27125673614	0.156045388539	0.157478648514	0.276313517757
159510762-stool2.freeze11.snv.mod.fix.bam	0.150961726474	0.150918606644	0.157739903256	0.159535335968	0.146391265365	0.152563222521	0.153056068212	0.151711015698	0.152660340799	0.157029899149	0.164487642023	0.16503506758	0.162519041747	0.158763232354	0.156469133018	0.153597914696	0.00501682535387	0.0	0.213655495444	0.123216008302	0.160797913877	0.158934531569	0.158920888216	0.152910933166	0.153374851164	0.151084595072	0.150564469891	0.147453539927	0.145658853511	0.126095311868	0.122780015356	0.124726714098	0.190212880991	0.154392977697	0.146791985193	0.184834085204	0.184032091858	0.183997869975	0.202910289821	0.20095489558	0.157040688277	0.158267902388	0.163813936174	0.148269049853	0.145338685049	0.282836432284	0.152713146618	0.159155980699	0.277806658917	0.151100164362	0.183598725383	0.165972333356	0.167423149822	0.241985795829	0.279683022345	0.280725907687	0.273626557775	0.156550493991	0.155249409457	0.266103778921	0.155461411251	0.154652574956	0.168603642545	0.170111774424	0.186531681045	0.18783487545	0.166697115422	0.173886566662	0.144468049076	0.271457240848	0.172750377564	0.147232086316	0.154991216638	0.165071626666	0.169068607743	0.156041457126	0.176658890943	0.155320287298	0.160314182261	0.161241822873	0.166878601177	0.190603843425	0.188314983135	0.165087312467	0.258005813178	0.263149234986	0.215242436568	0.177628573712	0.184675017626	0.269412206349	0.212272945992	0.155671215345	0.159715470817	0.154091912152	0.148773322253	0.151076676325	0.201561193481	0.163763836174	0.138670719625	0.167912222987	0.264779645199	0.152410831384	0.164940576387	0.128493697017	0.168379980242	0.25960086116	0.15999364671	0.273309430498	0.1577011746	0.16018103894	0.278921468611
159571453-stool2.freeze11.snv.mod.fix.bam	0.207942682224	0.208364880842	0.21297049358	0.212237605375	0.20850630133	0.208688682392	0.209380945171	0.209190258434	0.199248333295	0.202618231522	0.214878003969	0.215186285862	0.212693559323	0.211159961614	0.208529821789	0.206170809797	0.210859700883	0.213655495444	0.0	0.203210898734	0.208101019184	0.2083967453	0.208856196514	0.210586236643	0.21194021355	0.209978851124	0.208913940204	0.207378826134	0.205743307661	0.209432976151	0.205876601669	0.207457656125	0.204866940999	0.210598775258	0.207723361624	0.190534078376	0.189536813414	0.189527164322	0.213656500633	0.21192562681	0.199134514695	0.200540034415	0.198509726239	0.202936837465	0.207935647691	0.261412999684	0.202733174179	0.190710697934	0.269374259941	0.204461397688	0.205043982304	0.18820051882	0.203513221708	0.222837748917	0.267785521821	0.268768429334	0.258477878442	0.207015592658	0.204746300969	0.257189899699	0.203522079785	0.202987456821	0.200482913653	0.203429868185	0.209219315141	0.210269222513	0.208120003404	0.201116990452	0.198244302947	0.266792143764	0.191430555031	0.204585545976	0.20439163378	0.211564271482	0.214216881287	0.205725621144	0.207328479904	0.203854466524	0.204077181775	0.198412447766	0.199121137651	0.2124768464	0.204827780444	0.211186909203	0.25334185976	0.246011592204	0.20867260233	0.183777932096	0.201449856191	0.259320524478	0.221725278466	0.203456203746	0.205276113358	0.2105780442	0.201383591493	0.209300432619	0.211340181989	0.193396332881	0.197771654844	0.207338244106	0.253532376524	0.207970399228	0.186597910825	0.208732623607	0.187886569127	0.250943712223	0.206251593475	0.258046324249	0.217373841039	0.210114647641	0.261809117261
159611913-stool1.freeze11.snv.mod.fix.bam	0.136841505648	0.137448300938	0.146403514518	0.147439294829	0.135595709384	0.139478364776	0.139989264156	0.138965567234	0.138303544314	0.138427882576	0.153584902767	0.154302539983	0.151119530406	0.14456896791	0.141316835295	0.140886560171	0.120683703246	0.123216008302	0.203210898734	0.0	0.148033168513	0.148472097143	0.149136940889	0.147638568983	0.148595793561	0.138106795637	0.137139085295	0.140132325116	0.137604689674	0.115116161459	0.110969144974	0.112934782537	0.18385232762	0.13961122781	0.135555211003	0.169041498168	0.167983294776	0.167890864786	0.19305980345	0.190640622617	0.142929590502	0.144106414346	0.154764564971	0.138224841163	0.137452859937	0.278377318458	0.136695512477	0.154959220316	0.273942423118	0.137776905093	0.174522071105	0.148017369937	0.160320927086	0.231924227037	0.275419992572	0.276429812017	0.267691617207	0.141722117514	0.140104481969	0.261974336316	0.142095432612	0.140943403473	0.157722995428	0.159562298134	0.173135593859	0.174324862196	0.154275894405	0.154554284932	0.130867459181	0.265753615532	0.162049599173	0.132165449612	0.140935315585	0.157805358386	0.161034585148	0.144972241643	0.172118348481	0.144318598668	0.148785793596	0.149664471656	0.151679690606	0.18269556116	0.182519813798	0.159748460893	0.249569257321	0.259767076323	0.203315164383	0.163470284371	0.176871809123	0.265835746939	0.204583882174	0.142541497096	0.149427211158	0.140996031004	0.135836025163	0.137316286287	0.189464769754	0.160346569497	0.131640226769	0.164670649985	0.259613117935	0.140981865535	0.151300336322	0.115360436132	0.149401960857	0.256251995518	0.148027541977	0.269711656791	0.144640707198	0.150342455042	0.27343253251
159733294-stool1.freeze11.snv.mod.fix.bam	0.14465696647	0.145087755658	0.148682870399	0.150766934671	0.145127691428	0.143854135086	0.144226648445	0.14317033222	0.146697471434	0.15399522601	0.124789248669	0.125634498818	0.123599224462	0.152499679219	0.149551215635	0.14881108206	0.157197926155	0.160797913877	0.208101019184	0.148033168513	0.0	0.142727175299	0.143120861181	0.151600590469	0.152734913595	0.144801724557	0.144721796864	0.146607011268	0.144322610537	0.160905685634	0.156596051233	0.158732288738	0.181147696573	0.141074506584	0.143255857997	0.164944243846	0.164266262767	0.164272792881	0.191687759173	0.18943634916	0.145037933076	0.145667368652	0.15306396449	0.1443966021	0.108888532129	0.273844395557	0.140752749902	0.156663893571	0.274798118044	0.132488846519	0.174876320405	0.156590888734	0.158047849782	0.239671696547	0.276022182844	0.277137908761	0.26688431761	0.138243530496	0.136850167637	0.263172179672	0.133886383674	0.132989410744	0.159321530865	0.161002653701	0.174788403487	0.175970841135	0.167987829703	0.155229852112	0.134415612994	0.267227929105	0.158358641573	0.136679999821	0.13723876118	0.160734960239	0.164146613536	0.149160605892	0.173147746717	0.149306349458	0.105673096848	0.151589922202	0.148923734178	0.190274604908	0.186535920913	0.157596987304	0.245020779502	0.262068318718	0.209483577566	0.171672320872	0.181850350447	0.266535068324	0.209860642853	0.142769337485	0.149900971511	0.140550427995	0.128539251696	0.128428843287	0.194747268697	0.162672469811	0.163225680412	0.166596620131	0.260265601489	0.14296885429	0.15411046291	0.15953904687	0.141445389041	0.257059945201	0.150238622744	0.27095631275	0.179728844988	0.15491150212	0.269859371016
