	158479027-stool1.freeze11.snv.mod.fix.bam	158479027-stool2.freeze11.snv.mod.fix.bam	158499257-stool1.freeze11.snv.mod.fix.bam	158499257-stool2.freeze11.snv.mod.fix.bam	158742018-stool1.freeze11.snv.mod.fix.bam	158802708-stool1.freeze11.snv.mod.fix.bam	158802708-stool2.freeze11.snv.mod.fix.bam	158802708-stool3.freeze11.snv.mod.fix.bam	158822939-stool1.freeze11.snv.mod.fix.bam	158984779-stool1.freeze11.snv.mod.fix.bam	159207311-stool1.freeze11.snv.mod.fix.bam	159207311-stool2.freeze11.snv.mod.fix.bam	159207311-stool3.freeze11.snv.mod.fix.bam	159227541-stool2.freeze11.snv.mod.fix.bam	159227541-stool3.freeze11.snv.mod.fix.bam	159288231-stool1.freeze11.snv.mod.fix.bam	159510762-stool1.freeze11.snv.mod.fix.bam	159510762-stool2.freeze11.snv.mod.fix.bam	159571453-stool2.freeze11.snv.mod.fix.bam	159611913-stool1.freeze11.snv.mod.fix.bam	159733294-stool1.freeze11.snv.mod.fix.bam	159753524-stool2.freeze11.snv.mod.fix.bam	159753524-stool3.freeze11.snv.mod.fix.bam	159814214-stool1.freeze11.snv.mod.fix.bam	159814214-stool2.freeze11.snv.mod.fix.bam	160158126-stool1.freeze11.snv.mod.fix.bam	160158126-stool2.freeze11.snv.mod.fix.bam	160319967-stool1.freeze11.snv.mod.fix.bam	160319967-stool3.freeze11.snv.mod.fix.bam	160502038-stool1.freeze11.snv.mod.fix.bam	160502038-stool2.freeze11.snv.mod.fix.bam	160502038-stool3.freeze11.snv.mod.fix.bam	160603188-stool1.freeze11.snv.mod.fix.bam	160704339-stool1.freeze11.snv.mod.fix.bam	161230322-stool1.freeze11.snv.mod.fix.bam	550534656-stool1.freeze11.snv.mod.fix.bam	550534656-stool2.freeze11.snv.mod.fix.bam	550534656-stool3.freeze11.snv.mod.fix.bam	638754422-stool1.freeze11.snv.mod.fix.bam	638754422-stool2.freeze11.snv.mod.fix.bam	675950834-stool1.freeze11.snv.mod.fix.bam	675950834-stool2.freeze11.snv.mod.fix.bam	686765762-stool3.freeze11.snv.mod.fix.bam	706846339-stool2.freeze11.snv.mod.fix.bam	763496533-stool2.freeze11.snv.mod.fix.bam	763557224-stool3.freeze11.snv.mod.fix.bam	763860675-stool2.freeze11.snv.mod.fix.bam	763901136-stool2.freeze11.snv.mod.fix.bam	763961826-stool1.freeze11.snv.mod.fix.bam	764042746-stool2.freeze11.snv.mod.fix.bam	764062976-stool2.freeze11.snv.mod.fix.bam	764083206-stool1.freeze11.snv.mod.fix.bam	764224817-stool1.freeze11.snv.mod.fix.bam	764285508-stool2.freeze11.snv.mod.fix.bam	764305738-stool1.freeze11.snv.mod.fix.bam	764305738-stool2.freeze11.snv.mod.fix.bam	764467579-stool3.freeze11.snv.mod.fix.bam	764487809-stool1.freeze11.snv.mod.fix.bam	764487809-stool2.freeze11.snv.mod.fix.bam	764508039-stool1.freeze11.snv.mod.fix.bam	764588959-stool1.freeze11.snv.mod.fix.bam	764588959-stool2.freeze11.snv.mod.fix.bam	765074482-stool1.freeze11.snv.mod.fix.bam	765074482-stool2.freeze11.snv.mod.fix.bam	765135172-stool1.freeze11.snv.mod.fix.bam	765135172-stool3.freeze11.snv.mod.fix.bam	765195863-stool3.freeze11.snv.mod.fix.bam	765216093-stool3.freeze11.snv.mod.fix.bam	765256553-stool3.freeze11.snv.mod.fix.bam	765337473-stool2.freeze11.snv.mod.fix.bam	765377934-stool3.freeze11.snv.mod.fix.bam	765560005-stool1.freeze11.snv.mod.fix.bam	765620695-stool1.freeze11.snv.mod.fix.bam	809635352-stool2.freeze11.snv.mod.fix.bam	809635352-stool3.freeze11.snv.mod.fix.bam	857980665-stool3.freeze11.snv.mod.fix.bam	CCIS46047672ST-4-0.freeze11.snv.mod.fix.bam	CCIS76845094ST-20-0.freeze11.snv.mod.fix.bam	CCIS91228662ST-4-0.freeze11.snv.mod.fix.bam	M3.4-V2.metaG.freeze11.snv.mod.fix.bam	M3.4-V2.metaT.freeze11.snv.mod.fix.bam	M4.3-V1.metaG.freeze11.snv.mod.fix.bam	M4.3-V1.metaT.freeze11.snv.mod.fix.bam	MH0221.freeze11.snv.mod.fix.bam	MH0333.freeze11.snv.mod.fix.bam	MH0360.freeze11.snv.mod.fix.bam	MH0406.freeze11.snv.mod.fix.bam	MH0426.freeze11.snv.mod.fix.bam	MH0444.freeze11.snv.mod.fix.bam	MH0446.freeze11.snv.mod.fix.bam	MMRS16644320ST-27-0-0.freeze11.snv.mod.fix.bam	MMRS17603756ST-27-0-0.freeze11.snv.mod.fix.bam	MMRS42780924ST-27-0-0.freeze11.snv.mod.fix.bam	MMRS55294627ST-27-0-0.freeze11.snv.mod.fix.bam	MMRS57569834ST-27-0-0.freeze11.snv.mod.fix.bam	MMRS62666492ST-27-0-0.freeze11.snv.mod.fix.bam	MMRS64281211ST-27-0-0.freeze11.snv.mod.fix.bam	MMRS81194191ST-27-0-0.freeze11.snv.mod.fix.bam	MMRS95277876ST-27-0-0.freeze11.snv.mod.fix.bam	O2.UC1-1.freeze11.snv.mod.fix.bam	T2D-107A.freeze11.snv.mod.fix.bam	T2D-57A.freeze11.snv.mod.fix.bam	T2D-59A.freeze11.snv.mod.fix.bam	V1.CD28-0.freeze11.snv.mod.fix.bam	V1.FI17.freeze11.snv.mod.fix.bam	V1.FI21.freeze11.snv.mod.fix.bam	V1.FI36.freeze11.snv.mod.fix.bam	V1.UC38-4.freeze11.snv.mod.fix.bam	V1.UC39-4.freeze11.snv.mod.fix.bam	V1.UC62-0.freeze11.snv.mod.fix.bam	scavenger-11-7-0.freeze11.snv.mod.fix.bam
158479027-stool1.freeze11.snv.mod.fix.bam	0.0	0.0	0.134432584568	0.133954649249	0.132892570761	0.133423610005	0.133158090383	0.131485316765	0.128139769529	0.144256810578	0.138521586745	0.143460251713	0.139742977006	0.138123307312	0.134140512984	0.131777388349	0.140964367267	0.147363390155	0.19786522224	0.129653231374	0.142026445754	0.13299877861	0.133237746269	0.141442302586	0.147230630344	0.132972226648	0.134830864001	0.130555998088	0.128192873453	0.142052997717	0.136583293505	0.14027401625	0.176517444639	0.130529446126	0.124130423238	0.171047740428	0.171047740428	0.170968084541	0.184615793107	0.181057830174	0.111491689236	0.111465137274	0.148505124529	0.129945302958	0.133636025702	0.273060379162	0.10318092507	0.137990547501	0.275051776326	0.116987945409	0.15652381711	0.103472996654	0.14754925389	0.201131113589	0.27983112952	0.281716318836	0.257500929319	0.123148000637	0.114677924699	0.254898837024	0.133450161967	0.129865647071	0.145079921406	0.151319632521	0.167994264776	0.170330837449	0.160134883968	0.139344697573	0.122298337847	0.256279539058	0.148053741171	0.129069088206	0.132494291328	0.149965482449	0.160798683023	0.137884339653	0.152859646328	0.129892199034	0.147443046041	0.139504009346	0.0349158302799	0.176597100526	0.0484573309968	0.144947161595	0.246906696405	0.228824810153	0.16573734799	0.153762413042	0.170782220806	0.262652009984	0.156603472997	0.135653974829	0.134432584568	0.123493176146	0.124953534066	0.127900801869	0.137618820031	0.145903032234	0.1466995911	0.163878710637	0.255668843928	0.129812543147	0.14197334183	0.130662205937	0.106632680155	0.253040199671	0.137910891615	0.261961658967	0.164117678296	0.139557113271	0.251420529977
158479027-stool2.freeze11.snv.mod.fix.bam	0.0	0.0	0.134299824757	0.133795337475	0.132627051139	0.133131538421	0.132866018799	0.131219797143	0.127953905794	0.144097498805	0.138362274972	0.143300939939	0.139583665233	0.137990547501	0.133981201211	0.131644628538	0.14064574372	0.147044766608	0.197599702618	0.129334607828	0.141681270246	0.13275981095	0.133025330572	0.141336094737	0.146991662684	0.132733258988	0.134591896341	0.130317030429	0.128007009718	0.141601614359	0.136211566035	0.139875736817	0.176305028942	0.130157718655	0.123944559503	0.170622909033	0.170596357071	0.170569805109	0.184509585258	0.180951622325	0.110987201954	0.111040305879	0.148106845096	0.129785991185	0.133423610005	0.272608995805	0.102941957411	0.13772502788	0.274653496893	0.116748977749	0.156178641602	0.103393340768	0.14731028623	0.200839042005	0.279326642239	0.281238383517	0.257129201848	0.122749721204	0.114253093304	0.254633317402	0.133237746269	0.129653231374	0.144787849822	0.151001008975	0.167595985343	0.169959109978	0.159816260422	0.139132281876	0.122059370187	0.255907811587	0.147841325474	0.128777016622	0.132281875631	0.149567203016	0.16040040359	0.137592268069	0.152487918857	0.12973288726	0.147230630344	0.139318145611	0.0350220381286	0.176437788753	0.0485104349211	0.144655090011	0.24648186501	0.228320322872	0.165365620519	0.153470341458	0.17046359726	0.262280282513	0.156178641602	0.135441559131	0.134273272795	0.123386968297	0.124794222293	0.127608730285	0.137326748447	0.145690616537	0.146513727364	0.163613191015	0.255244012533	0.129493919601	0.141707822208	0.130317030429	0.106314056609	0.252562264351	0.13748606022	0.261510275609	0.163692846901	0.139238489724	0.251340874091
158499257-stool1.freeze11.snv.mod.fix.bam	0.134432584568	0.134299824757	0.0	7.965588657e-05	0.140539535872	0.136450533694	0.135946046413	0.134565344379	0.124714566406	0.151691359992	0.13615846211	0.1413626467	0.13772502788	0.14197334183	0.137618820031	0.138654346556	0.14537199299	0.152408262971	0.200626626308	0.137114332749	0.143831979183	0.14282300462	0.14306197228	0.147336838192	0.153045510063	0.141150231002	0.142796452658	0.141442302586	0.13894641814	0.15628484945	0.150257554033	0.154081036589	0.18137645372	0.13299877861	0.133529817854	0.171286708088	0.170941532579	0.170941532579	0.184695448994	0.18137645372	0.115208963942	0.115208963942	0.159816260422	0.135122935585	0.135813286602	0.266475492539	0.130954277521	0.146593383251	0.268334129892	0.123732143805	0.163135255695	0.108809941055	0.151133768786	0.196006584887	0.273697626255	0.275423503797	0.251898465297	0.135388455207	0.126387340024	0.252084329032	0.135441559131	0.132202219744	0.143354043864	0.149434443205	0.169879454092	0.171817747332	0.162391800754	0.133821889438	0.124688014444	0.251553289788	0.147602357814	0.130317030429	0.127077691041	0.150177898147	0.160533163401	0.140911263342	0.15349689342	0.125856300781	0.143274387977	0.136317773883	0.0363496362381	0.174765015135	0.046811109341	0.146593383251	0.245552546333	0.224948223674	0.164834581276	0.159949020233	0.170968084541	0.255429876268	0.15591312198	0.131352556954	0.131007381445	0.129175296054	0.125139397801	0.124289735011	0.144708193936	0.14428336254	0.155222770963	0.157931071106	0.249747756359	0.124449046785	0.142610588923	0.145106473368	0.103207477033	0.252801232011	0.128723912697	0.25715575381	0.165471828368	0.13445913653	0.244278052148
158499257-stool2.freeze11.snv.mod.fix.bam	0.133954649249	0.133795337475	7.965588657e-05	0.0	0.140406776061	0.135972598375	0.135441559131	0.134140512984	0.123864903616	0.151239976634	0.135946046413	0.141203334926	0.137565716106	0.141707822208	0.13724709256	0.138256067123	0.144894057671	0.151903775689	0.199723859593	0.13615846211	0.143407147788	0.142530933036	0.142743348733	0.146991662684	0.152620678668	0.140778503531	0.142477829112	0.141044023153	0.138495034783	0.155780362169	0.149753066752	0.153576549307	0.180925070363	0.132494291328	0.133158090383	0.170914980617	0.170596357071	0.170596357071	0.184270617599	0.180951622325	0.112553767723	0.11372205406	0.159364877064	0.134724656152	0.135335351282	0.266024109182	0.13058255005	0.146115447932	0.267617226913	0.123094896713	0.162630768414	0.106287504647	0.150655833466	0.1937496681	0.273379002708	0.275104880251	0.251155010355	0.134910519887	0.125882852743	0.251155010355	0.134963623812	0.131697732462	0.142769900696	0.148903403962	0.169348414848	0.171207052201	0.161781105624	0.132414635442	0.12402421539	0.250836386809	0.146991662684	0.129892199034	0.126546651798	0.149514099092	0.159816260422	0.140433328023	0.152806542403	0.125829748818	0.142716796771	0.135972598375	0.0362168764272	0.17410121608	0.0467580054166	0.14584992831	0.244835643354	0.222160267644	0.163400775317	0.159258669216	0.170516701184	0.255297116457	0.151691359992	0.131007381445	0.130635653975	0.128511497	0.124688014444	0.124103871276	0.143035420318	0.144070946843	0.154638627795	0.157453135787	0.24903085338	0.1241569752	0.14221230949	0.144575434125	0.100260209229	0.251845361372	0.128352185226	0.256651266529	0.164834581276	0.133742233551	0.243375285434
158742018-stool1.freeze11.snv.mod.fix.bam	0.132892570761	0.132627051139	0.140539535872	0.140406776061	0.0	0.134485688492	0.134113961022	0.132706707026	0.133078434496	0.147655461739	0.141176782964	0.145531304763	0.14197334183	0.145106473368	0.140725399607	0.132228771706	0.135415007169	0.141760926132	0.195847273113	0.126201476289	0.140990919229	0.141548510435	0.141760926132	0.143725771335	0.149328235357	0.140459879985	0.142106101641	0.140114704477	0.137884339653	0.141760926132	0.136105358186	0.139928840741	0.175349158303	0.126466995911	0.139211937762	0.17070256492	0.170596357071	0.170410493335	0.183102331262	0.179783335989	0.117651744464	0.118103127821	0.150177898147	0.132600499177	0.133636025702	0.266502044501	0.133662577664	0.14306197228	0.269051032871	0.120625564229	0.164834581276	0.0996495140991	0.153948276778	0.199006956614	0.273724178217	0.275423503797	0.251155010355	0.13530879932	0.125829748818	0.24988051617	0.132096011895	0.129095640168	0.144894057671	0.150788593277	0.168153576549	0.169906006054	0.150788593277	0.134565344379	0.1209972917	0.25035845149	0.145929584196	0.128750464659	0.129600127449	0.144655090011	0.15506345919	0.135972598375	0.154187244437	0.135176039509	0.141814030057	0.146274759705	0.0403324305666	0.173517072912	0.0479528437152	0.144124050767	0.243640805055	0.221682332324	0.162683872338	0.154054484626	0.173065689554	0.257607137167	0.14646062344	0.136530189581	0.136105358186	0.128378737189	0.127210450852	0.133131538421	0.140008496628	0.145584408688	0.146513727364	0.157400031862	0.250278795603	0.134645000266	0.144575434125	0.136795709203	0.104296107482	0.249004301418	0.14112367904	0.253730550688	0.157824863257	0.143991290956	0.244649779619
158802708-stool1.freeze11.snv.mod.fix.bam	0.133423610005	0.133131538421	0.136450533694	0.135972598375	0.134485688492	0.0	2.655196219e-05	0.0	0.128511497	0.15142584037	0.144655090011	0.149699962827	0.146088895969	0.139610217195	0.135892942488	0.135600870904	0.142557484998	0.14924857947	0.199378684085	0.134193616908	0.141840582019	0.136078806224	0.136317773883	0.143752323297	0.148797196113	0.137512612182	0.138787106367	0.139265041687	0.136769157241	0.152169295311	0.146274759705	0.150071690298	0.18113748606	0.13445913653	0.134618448303	0.170277733525	0.170144973714	0.170038765865	0.183102331262	0.179703680102	0.110535818597	0.111757208858	0.152142743349	0.124236631087	0.137087780787	0.27412245765	0.127396314588	0.143858531145	0.275981095003	0.126387340024	0.164701821465	0.104322659445	0.148690988264	0.201768360682	0.282220806118	0.284052891509	0.261828899156	0.128352185226	0.118979342573	0.25739472147	0.133343954118	0.131458764803	0.141017471191	0.14754925389	0.171605331634	0.173596728798	0.162365248792	0.138229515161	0.120014869099	0.257554033243	0.152222399235	0.130609102013	0.132414635442	0.147469598003	0.158329350539	0.138388826934	0.153895172853	0.131379108916	0.152859646328	0.141840582019	0.0380224098561	0.176198821093	0.0489352663162	0.146646487175	0.251659497637	0.229807232755	0.166879082364	0.161196962456	0.169932558016	0.265227550316	0.155036907227	0.132680155063	0.128803568584	0.129759439223	0.122006266263	0.129998406882	0.139318145611	0.152009983538	0.153868620891	0.16125006638	0.259226806861	0.129679783336	0.149036163773	0.143539907599	0.102039190696	0.258270936222	0.136291221921	0.266395836652	0.164834581276	0.139026074027	0.250809834847
158802708-stool2.freeze11.snv.mod.fix.bam	0.133158090383	0.132866018799	0.135946046413	0.135441559131	0.134113961022	2.655196219e-05	0.0	2.655196219e-05	0.127608730285	0.151160320748	0.144336466465	0.149354787319	0.145743720461	0.13942435346	0.135627422867	0.135388455207	0.14221230949	0.148903403962	0.199192820349	0.133397058043	0.141495406511	0.135892942488	0.13615846211	0.14343369975	0.148478572567	0.137193988636	0.138495034783	0.138893314216	0.136450533694	0.151691359992	0.145743720461	0.149567203016	0.180686102703	0.133874993362	0.134273272795	0.170012213903	0.169879454092	0.169773246243	0.182730603792	0.179385056556	0.110270298975	0.111836864744	0.151930327651	0.123997663427	0.136689501354	0.273564866444	0.12694493123	0.143619563486	0.275423503797	0.126068716478	0.164250438107	0.104296107482	0.148478572567	0.201051457703	0.281636662949	0.283521852265	0.261457171685	0.128007009718	0.118660719027	0.256969890075	0.133131538421	0.131140141256	0.140619191758	0.147177526419	0.171207052201	0.173304657214	0.162020073283	0.137539164144	0.119802453401	0.257022993999	0.152063087462	0.130423238277	0.132042907971	0.147204078381	0.158037278955	0.138176411237	0.15349689342	0.13106048537	0.152514470819	0.141601614359	0.0379958578939	0.175747437736	0.048775954543	0.146115447932	0.251075354469	0.22890446604	0.166480802931	0.160904890871	0.169720142319	0.264696511072	0.154718283681	0.132573947215	0.128431841113	0.129467367638	0.121661090755	0.129228399979	0.139158833838	0.151638256067	0.153311029685	0.160957994796	0.258775423504	0.129308055865	0.148823748075	0.142982316393	0.101667463226	0.257713345016	0.135839838564	0.265732037598	0.164436301843	0.138760554405	0.250438107376
158802708-stool3.freeze11.snv.mod.fix.bam	0.131485316765	0.131219797143	0.134565344379	0.134140512984	0.132706707026	0.0	2.655196219e-05	0.0	0.127157346928	0.149885826563	0.142610588923	0.147602357814	0.143991290956	0.137884339653	0.134140512984	0.133742233551	0.140406776061	0.147124422495	0.19786522224	0.132600499177	0.139928840741	0.134379480644	0.134565344379	0.141814030057	0.146832350911	0.135388455207	0.136689501354	0.137220540598	0.134751208114	0.150071690298	0.144177154692	0.148000637247	0.178854017312	0.13252084329	0.132547395253	0.168312888322	0.168180128511	0.168073920663	0.181004726249	0.177659179013	0.110827890181	0.111969624555	0.15057617758	0.122829377091	0.135096383623	0.271838988901	0.125617333121	0.14173437417	0.273750730179	0.124900430142	0.162896288036	0.104827146726	0.146991662684	0.20089214593	0.279937337369	0.281742870798	0.259678190218	0.126413891987	0.117041049334	0.255350220381	0.131272901067	0.12936115979	0.139238489724	0.145637512612	0.169746694281	0.171711539483	0.160612819287	0.136875365089	0.118554511178	0.255509532154	0.150177898147	0.128617704848	0.130555998088	0.145584408688	0.156444161224	0.137114332749	0.151930327651	0.129520471563	0.150974457012	0.139663321119	0.0372789549148	0.17410121608	0.0480059476395	0.14500026552	0.249349476926	0.228559290532	0.166746322553	0.159683500611	0.167888056927	0.263076841379	0.156045881791	0.130794965748	0.126998035155	0.127741490096	0.120121076948	0.128564600924	0.139504009346	0.15009824226	0.1520365355	0.159285221178	0.257022993999	0.127529074399	0.147204078381	0.141628166321	0.103287132919	0.256014019436	0.134565344379	0.264165471828	0.163082151771	0.137140884711	0.248738781796
158822939-stool1.freeze11.snv.mod.fix.bam	0.128139769529	0.127953905794	0.124714566406	0.123864903616	0.133078434496	0.128511497	0.127608730285	0.127157346928	0.0	0.144495778238	0.139318145611	0.143699219372	0.139981944666	0.137990547501	0.133768785513	0.136317773883	0.139663321119	0.146965110722	0.187058573629	0.127316658701	0.139371249535	0.136981572938	0.137273644522	0.141707822208	0.147496149965	0.132919122723	0.13445913653	0.13748606022	0.135016727736	0.148584780415	0.142663692847	0.146513727364	0.173941904307	0.131246349105	0.132388083479	0.169454622697	0.169321862886	0.169242206999	0.180925070363	0.177685730976	0.100154001381	0.100897456322	0.14754925389	0.130370134353	0.133742233551	0.267484467102	0.127369762625	0.141256438851	0.267856194573	0.122909032978	0.159417980989	0.0993043385906	0.14584992831	0.191864478785	0.27473315278	0.276565238171	0.252270192767	0.131857044236	0.122537305507	0.247437735649	0.129493919601	0.126254580213	0.136477085657	0.143938187032	0.165046996973	0.166932186289	0.158196590728	0.127688386172	0.119112102384	0.248367054325	0.145929584196	0.129865647071	0.125537677234	0.14537199299	0.156550369072	0.138999522065	0.152328607084	0.0605384737932	0.145504752801	0.134830864001	0.0345972067336	0.168897031491	0.0450586798364	0.130343582391	0.24151664808	0.217221602676	0.151956879613	0.151080664861	0.167357017684	0.255615740003	0.142265413414	0.124688014444	0.131591524614	0.127396314588	0.119112102384	0.118581063141	0.129387711752	0.145451648877	0.149115819659	0.160745579098	0.248367054325	0.11396102172	0.139371249535	0.140539535872	0.0910997822739	0.24818119059	0.122351441772	0.256943338113	0.159763156497	0.133104986458	0.245685306144
158984779-stool1.freeze11.snv.mod.fix.bam	0.144256810578	0.144097498805	0.151691359992	0.151239976634	0.147655461739	0.15142584037	0.151160320748	0.149885826563	0.144495778238	0.0	0.151558600181	0.156391057299	0.152541022782	0.146248207743	0.142610588923	0.137379852371	0.144442674314	0.15118687271	0.18804099623	0.128697360735	0.14924857947	0.145982688121	0.146274759705	0.150284105995	0.15543518666	0.146380967554	0.147735117625	0.142690244809	0.140539535872	0.141282990813	0.136875365089	0.139477457384	0.174605703361	0.150124794222	0.14112367904	0.156895544581	0.156656576921	0.156444161224	0.180792310552	0.177685730976	0.123519728108	0.121714194679	0.155222770963	0.144840953746	0.144363018427	0.256810578302	0.140459879985	0.149726514789	0.256598162604	0.135255695396	0.166746322553	0.0957463756572	0.156603472997	0.195581753492	0.263607880622	0.265439966013	0.244384259997	0.142637140885	0.132573947215	0.235037969306	0.149062715735	0.146009240083	0.150231002071	0.155514842547	0.169879454092	0.171525675747	0.0895332165047	0.151824119802	0.140858159418	0.238994211672	0.1466995911	0.142557484998	0.146779246986	0.153443789496	0.162869736073	0.145106473368	0.15397482874	0.14863788434	0.156470713186	0.148027189209	0.0401996707557	0.16852530402	0.0473421485848	0.156337953375	0.231347246562	0.212707769104	0.164091126334	0.159125909405	0.168498752058	0.247889119006	0.147974085285	0.143460251713	0.14415060273	0.145398544952	0.138123307312	0.141282990813	0.143991290956	0.154612075832	0.138813658329	0.16294939196	0.240189049971	0.14561096065	0.149726514789	0.135839838564	0.11045616271	0.238064892996	0.147894429398	0.246561520896	0.163772502788	0.154638627795	0.237188678243
159207311-stool1.freeze11.snv.mod.fix.bam	0.138521586745	0.138362274972	0.13615846211	0.135946046413	0.141176782964	0.144655090011	0.144336466465	0.142610588923	0.139318145611	0.151558600181	0.0	0.0	0.0	0.141495406511	0.13772502788	0.140380224099	0.148425468642	0.155647602358	0.197546598694	0.141840582019	0.118103127821	0.140751951569	0.141070575116	0.15118687271	0.156497265148	0.14391163507	0.145770272423	0.142398173225	0.139981944666	0.157453135787	0.15179756784	0.155567946471	0.178615049652	0.135653974829	0.136955020976	0.168472200096	0.168047368701	0.168073920663	0.182385428283	0.179305400669	0.116722425787	0.117226913069	0.15543518666	0.135892942488	0.119457277893	0.255084700759	0.139318145611	0.151399288407	0.259120599012	0.131113589294	0.170968084541	0.109872019542	0.155302426849	0.190855504222	0.266714460199	0.268466889703	0.243162869736	0.139158833838	0.130343582391	0.241835271627	0.137857787691	0.134538792417	0.146779246986	0.153417237534	0.170038765865	0.172056714991	0.164940789124	0.13748606022	0.132812914874	0.241914927513	0.153098613988	0.135149487547	0.131591524614	0.155806914131	0.166374595083	0.142132653603	0.157107960278	0.137831235728	0.109686155807	0.143778875259	0.0368010195953	0.178296426106	0.0496521692953	0.148027189209	0.229541713133	0.21605331634	0.167755297116	0.16573734799	0.173570176836	0.25205777707	0.14839891668	0.137645371993	0.133237746269	0.134246720833	0.129334607828	0.123227656524	0.144230258616	0.149567203016	0.154320004248	0.162152833094	0.242950454039	0.134591896341	0.147894429398	0.149593754978	0.102092294621	0.241861823589	0.142159205565	0.245260474749	0.166215283309	0.144177154692	0.236657639
159207311-stool2.freeze11.snv.mod.fix.bam	0.143460251713	0.143300939939	0.1413626467	0.141203334926	0.145531304763	0.149699962827	0.149354787319	0.147602357814	0.143699219372	0.156391057299	0.0	0.0	0.0	0.146088895969	0.142026445754	0.145079921406	0.153576549307	0.16101109872	0.203653549997	0.146141999894	0.122377993734	0.14500026552	0.145292337104	0.155886570018	0.161595241888	0.148956507886	0.150841697201	0.147363390155	0.144894057671	0.163082151771	0.1573734799	0.16125006638	0.184244065636	0.14003504859	0.141946789868	0.173941904307	0.173596728798	0.173676384685	0.187987892305	0.184881312729	0.120705220116	0.120599012267	0.160134883968	0.140247464288	0.123493176146	0.262545802135	0.143938187032	0.156125537677	0.267351707291	0.134671552228	0.176331580904	0.114279645266	0.160028676119	0.19701555945	0.27412245765	0.275901439116	0.250066379905	0.143566459561	0.134273272795	0.248579470023	0.142690244809	0.139079177951	0.151266528596	0.157904519144	0.174897774946	0.176862620148	0.170144973714	0.141893685943	0.137379852371	0.249402580851	0.158170038766	0.139902288779	0.135866390526	0.160692475174	0.171897403218	0.146513727364	0.162179385057	0.141867133981	0.112819287345	0.148292708831	0.0381817216292	0.183792682279	0.0511921831023	0.152487918857	0.235993839945	0.222107163719	0.173092241517	0.171047740428	0.178535393766	0.259173702937	0.152700334555	0.142530933036	0.137857787691	0.138999522065	0.1338484414	0.127608730285	0.149062715735	0.154187244437	0.159736604535	0.166958738251	0.25035845149	0.138919866178	0.153018958101	0.154718283681	0.105862673252	0.249243269078	0.146673039138	0.252084329032	0.17131326005	0.148797196113	0.243985980564
159207311-stool3.freeze11.snv.mod.fix.bam	0.139742977006	0.139583665233	0.13772502788	0.137565716106	0.14197334183	0.146088895969	0.145743720461	0.143991290956	0.139981944666	0.152541022782	0.0	0.0	0.0	0.142610588923	0.138601242632	0.141415750624	0.149646858903	0.156948648505	0.199670755669	0.14221230949	0.119536933779	0.1413626467	0.141628166321	0.152541022782	0.158010726993	0.144947161595	0.146858902873	0.143566459561	0.141176782964	0.159391429027	0.153895172853	0.15761244756	0.180500238968	0.136822261165	0.138256067123	0.170144973714	0.169773246243	0.169852902129	0.184031649939	0.180925070363	0.116855185598	0.117253465031	0.156736232808	0.136662949392	0.120200732834	0.258722319579	0.140194360363	0.151877223727	0.263395464925	0.130848069672	0.172003611067	0.11069513037	0.156045881791	0.193457596516	0.27000690351	0.271732781053	0.24624289735	0.139769528968	0.130635653975	0.244941851203	0.139291593649	0.135760182677	0.14778822155	0.154399660135	0.171021188466	0.172932929744	0.166002867612	0.138202963199	0.133556369816	0.245711858106	0.153921724815	0.13615846211	0.132228771706	0.156709680845	0.167888056927	0.142690244809	0.158568318199	0.138282619086	0.110376506824	0.144548882162	0.0370665392172	0.179862991875	0.0502363124635	0.148983059848	0.232488980936	0.218442992937	0.169003239339	0.167383569646	0.17495087887	0.255190908608	0.149089267697	0.138760554405	0.134193616908	0.135707078753	0.129892199034	0.1241569752	0.145079921406	0.150496521693	0.155992777866	0.163241463544	0.246880144443	0.135122935585	0.149407891243	0.150788593277	0.102304710318	0.245260474749	0.142504381074	0.248526366098	0.167410121608	0.145212681217	0.240773193139
159227541-stool2.freeze11.snv.mod.fix.bam	0.138123307312	0.137990547501	0.14197334183	0.141707822208	0.145106473368	0.139610217195	0.13942435346	0.137884339653	0.137990547501	0.146248207743	0.141495406511	0.146088895969	0.142610588923	0.0	0.0	0.142796452658	0.148239604907	0.154718283681	0.199166268387	0.13493707185	0.147947533323	0.141628166321	0.141893685943	0.147230630344	0.152248951197	0.138787106367	0.140459879985	0.137592268069	0.13554776698	0.151001008975	0.14561096065	0.149195475546	0.181403005682	0.139238489724	0.0909935744252	0.167781849079	0.167569433381	0.167728745154	0.189288938453	0.185757527481	0.116377250279	0.116297594392	0.156337953375	0.132281875631	0.136078806224	0.264616855186	0.136052254262	0.150735489353	0.266050661144	0.127396314588	0.170676012957	0.104322659445	0.154346556211	0.196457968244	0.270776910414	0.272608995805	0.249508788699	0.141229886889	0.132042907971	0.247172216027	0.13857469067	0.135415007169	0.146938558759	0.152726886517	0.169082895226	0.171021188466	0.159603844724	0.139132281876	0.129865647071	0.247464287611	0.14863788434	0.139052625989	0.134379480644	0.153762413042	0.164064574372	0.13857469067	0.160612819287	0.14051298391	0.149567203016	0.148000637247	0.03940311189	0.177446763316	0.0477669799798	0.152195847273	0.241330784345	0.22077956561	0.172242578727	0.161728001699	0.173145345441	0.255801603739	0.154081036589	0.128989432319	0.136450533694	0.137698475917	0.12997185492	0.138309171048	0.144044394881	0.155328978812	0.151903775689	0.162869736073	0.248313950401	0.138362274972	0.148611332377	0.148823748075	0.111571345122	0.248446710212	0.14306197228	0.2548457331	0.165365620519	0.147655461739	0.243614253093
159227541-stool3.freeze11.snv.mod.fix.bam	0.134140512984	0.133981201211	0.137618820031	0.13724709256	0.140725399607	0.135892942488	0.135627422867	0.134140512984	0.133768785513	0.142610588923	0.13772502788	0.142026445754	0.138601242632	0.0	0.0	0.139026074027	0.144230258616	0.150523073655	0.195236577983	0.131246349105	0.144070946843	0.137645371993	0.137884339653	0.14367266741	0.148664436302	0.134990175774	0.136689501354	0.133901545324	0.13191014816	0.146938558759	0.141495406511	0.145079921406	0.177234347618	0.135149487547	0.0882321703574	0.164064574372	0.163852158675	0.164064574372	0.185306144124	0.181934044926	0.112367903988	0.112819287345	0.152302055122	0.128644256811	0.132228771706	0.26103234029	0.13191014816	0.146752695024	0.262041314853	0.123440072221	0.166480802931	0.100286761192	0.150124794222	0.192475173915	0.26721894748	0.268971376985	0.245366682598	0.137061228825	0.12827252934	0.243242525623	0.134830864001	0.131724284425	0.143141628166	0.14900961181	0.165179756784	0.1670649461	0.155541394509	0.134883967925	0.125643885083	0.243561149169	0.144787849822	0.135043279698	0.130370134353	0.150071690298	0.160347299665	0.13469810419	0.15700175243	0.136583293505	0.145425096915	0.143938187032	0.0381286177048	0.173676384685	0.04667834953	0.148292708831	0.237188678243	0.217168498752	0.16791460889	0.158063830917	0.169481174659	0.251951569221	0.150735489353	0.125351813499	0.132972226648	0.133582921778	0.12609526844	0.13408740906	0.139981944666	0.150921353088	0.148080293134	0.158754181934	0.244596675694	0.134565344379	0.144575434125	0.144867505709	0.107774414529	0.244596675694	0.138866762254	0.251048802507	0.161621793851	0.14367266741	0.239950082311
159288231-stool1.freeze11.snv.mod.fix.bam	0.131777388349	0.131644628538	0.138654346556	0.138256067123	0.132228771706	0.135600870904	0.135388455207	0.133742233551	0.136317773883	0.137379852371	0.140380224099	0.145079921406	0.141415750624	0.142796452658	0.139026074027	0.0	0.136423981732	0.142769900696	0.186500982423	0.127449418512	0.139265041687	0.135229143434	0.135468111093	0.135176039509	0.139663321119	0.128803568584	0.130529446126	0.137963995539	0.13554776698	0.135202591472	0.130449790239	0.133582921778	0.170171525676	0.136185014073	0.131803940311	0.156975200467	0.156709680845	0.156630024959	0.173543624874	0.170543253146	0.115315171791	0.116191386543	0.147894429398	0.127741490096	0.137273644522	0.250278795603	0.12973288726	0.125564229197	0.2526684722	0.121050395624	0.140858159418	0.0964367266741	0.131219797143	0.18974032181	0.258403696033	0.2601826775	0.232356221125	0.134273272795	0.124714566406	0.235728320323	0.131989804047	0.129281503903	0.140619191758	0.146088895969	0.134140512984	0.135999150337	0.146035792045	0.139875736817	0.127316658701	0.235197281079	0.141548510435	0.127608730285	0.133662577664	0.137671923955	0.147522701928	0.135361903245	0.147628909776	0.138601242632	0.144894057671	0.143141628166	0.0390048324571	0.166560458818	0.0458817906643	0.145876480272	0.228240666985	0.206653921725	0.157798311295	0.153284477723	0.161170410493	0.242472518719	0.144416122351	0.135653974829	0.13578673464	0.128405289151	0.128378737189	0.133795337475	0.117253465031	0.145903032234	0.141840582019	0.148558228453	0.237480749827	0.135335351282	0.142849556582	0.128803568584	0.102490574053	0.231851733843	0.137273644522	0.239259731294	0.148611332377	0.138415378897	0.229223089586
159510762-stool1.freeze11.snv.mod.fix.bam	0.140964367267	0.14064574372	0.14537199299	0.144894057671	0.135415007169	0.142557484998	0.14221230949	0.140406776061	0.139663321119	0.144442674314	0.148425468642	0.153576549307	0.149646858903	0.148239604907	0.144230258616	0.136423981732	0.0	2.655196219e-05	0.194625882853	0.111943072593	0.14900961181	0.14754925389	0.147841325474	0.138840210292	0.143752323297	0.139689873082	0.14088471138	0.136981572938	0.13469810419	0.117067601296	0.112500663799	0.115633795337	0.177234347618	0.142690244809	0.135653974829	0.172136370878	0.171817747332	0.171684987521	0.18671339812	0.183474058733	0.120333492645	0.121475227019	0.15094790505	0.135361903245	0.13252084329	0.260235781424	0.140220912325	0.145186129255	0.2601826775	0.130794965748	0.168472200096	0.109500292072	0.152328607084	0.195183474059	0.266342732728	0.268121714195	0.245499442409	0.143300939939	0.133662577664	0.24260527853	0.14258403696	0.139636769157	0.147974085285	0.154054484626	0.172693962084	0.174579151399	0.155461738622	0.14924857947	0.130927725559	0.242499070681	0.152779990441	0.135946046413	0.140990919229	0.144230258616	0.154187244437	0.143035420318	0.155621050396	0.143300939939	0.149354787319	0.147841325474	0.04025277468	0.173782592534	0.0478466358664	0.147389942117	0.239445595029	0.212548457331	0.166268387234	0.162869736073	0.166401147045	0.249561892624	0.145531304763	0.141760926132	0.140805055494	0.137804683766	0.132892570761	0.134857415963	0.141946789868	0.148345812756	0.124422494822	0.154399660135	0.242552174606	0.139742977006	0.151585152143	0.113456534438	0.113191014816	0.240587329404	0.146726143062	0.246269449312	0.137193988636	0.144548882162	0.239286283256
159510762-stool2.freeze11.snv.mod.fix.bam	0.147363390155	0.147044766608	0.152408262971	0.151903775689	0.141760926132	0.14924857947	0.148903403962	0.147124422495	0.146965110722	0.15118687271	0.155647602358	0.16101109872	0.156948648505	0.154718283681	0.150523073655	0.142769900696	2.655196219e-05	0.0	0.202272847963	0.117067601296	0.156337953375	0.154904147416	0.155169667038	0.144336466465	0.149407891243	0.146327863629	0.147575805852	0.143486803675	0.141150231002	0.121581434868	0.117014497371	0.12014762891	0.184722000956	0.150071690298	0.142026445754	0.179491264404	0.179146088896	0.179039881047	0.194254155382	0.190961712071	0.127130794966	0.127768042058	0.158090382879	0.141867133981	0.138548138707	0.268493441665	0.14731028623	0.151372736445	0.268493441665	0.137539164144	0.176198821093	0.115793107111	0.159152461367	0.203095958791	0.27449418512	0.276352822474	0.253332271255	0.15094790505	0.140937815305	0.250889490733	0.149673410865	0.146619935213	0.154771387606	0.16101109872	0.179730232064	0.181721629228	0.161515586002	0.156922096543	0.138043651426	0.250544315225	0.159285221178	0.143088524242	0.148584780415	0.150974457012	0.161196962456	0.149407891243	0.161515586002	0.15033720992	0.155966225904	0.155275874887	0.0420848600712	0.180340927195	0.0497052732197	0.154293452286	0.247756359195	0.220036110669	0.173517072912	0.169587382508	0.173092241517	0.25763368913	0.151824119802	0.149062715735	0.147682013701	0.1445223302	0.14003504859	0.141681270246	0.148744092188	0.155169667038	0.129839095109	0.160665923212	0.250942594658	0.146965110722	0.158541766237	0.118527959216	0.119536933779	0.248207742552	0.154160692475	0.254181934045	0.142557484998	0.150682385428	0.24709256014
159571453-stool2.freeze11.snv.mod.fix.bam	0.19786522224	0.197599702618	0.200626626308	0.199723859593	0.195847273113	0.199378684085	0.199192820349	0.19786522224	0.187058573629	0.18804099623	0.197546598694	0.203653549997	0.199670755669	0.199166268387	0.195236577983	0.186500982423	0.194625882853	0.202272847963	0.0	0.186739950082	0.196086240773	0.197095215336	0.19725452711	0.193908979874	0.201051457703	0.1981041899	0.19980351548	0.195741065265	0.193802772025	0.197174871223	0.191784822898	0.195183474059	0.190058945356	0.198449365408	0.195926929	0.174207423929	0.174021560193	0.173888800382	0.196059688811	0.193059317084	0.163002495884	0.161037650682	0.184376825447	0.188173756041	0.192634485688	0.24066698529	0.189687217885	0.173517072912	0.2526684722	0.180208167384	0.188598587436	0.129679783336	0.187509956986	0.180340927195	0.254500557591	0.256199883171	0.231772077957	0.1937496681	0.180367479157	0.234002442781	0.190643088524	0.187032021666	0.180659550741	0.188226859965	0.194440019117	0.196351760395	0.194015187722	0.182544740056	0.185332696086	0.239339387181	0.167702193192	0.192554829802	0.18950135415	0.187961340343	0.198369709522	0.191306887579	0.183659922468	0.192979661197	0.192793797462	0.184456481334	0.0487494025809	0.193218628857	0.0516966703839	0.191837926823	0.23641867134	0.195873825076	0.161435930115	0.164515957729	0.179703680102	0.240481121555	0.154399660135	0.188731347247	0.187483405024	0.192422069991	0.183898890128	0.194360363231	0.155541394509	0.175428814189	0.180898518401	0.192156550369	0.232382773087	0.194678986777	0.170171525676	0.189554458074	0.131830492273	0.231586214221	0.194625882853	0.231586214221	0.202883543094	0.194705538739	0.225612022728
159611913-stool1.freeze11.snv.mod.fix.bam	0.129653231374	0.129334607828	0.137114332749	0.13615846211	0.126201476289	0.134193616908	0.133397058043	0.132600499177	0.127316658701	0.128697360735	0.141840582019	0.146141999894	0.14221230949	0.13493707185	0.131246349105	0.127449418512	0.111943072593	0.117067601296	0.186739950082	0.0	0.139875736817	0.141150231002	0.141468854548	0.135361903245	0.140061600552	0.129812543147	0.130927725559	0.13252084329	0.130502894164	0.105783017365	0.101428495566	0.10426955552	0.174658807286	0.131193245181	0.128431841113	0.159338325102	0.158966597632	0.158727629972	0.179385056556	0.17603950932	0.108305453773	0.110429610748	0.146062344007	0.128697360735	0.127821145983	0.258430247995	0.127237002815	0.143858531145	0.258669215655	0.12160798683	0.163055599809	0.0939142902661	0.148558228453	0.189660665923	0.263740640433	0.265360310127	0.242711486379	0.132839466837	0.124289735011	0.24114492061	0.132042907971	0.129573575487	0.140459879985	0.147018214646	0.16233869683	0.164250438107	0.144947161595	0.133742233551	0.122404545696	0.240029738198	0.146035792045	0.123333864373	0.129918750996	0.140220912325	0.149620306941	0.135415007169	0.1542137964	0.136848813127	0.141415750624	0.140698847645	0.0373851627635	0.168897031491	0.0468907652276	0.145690616537	0.233524507461	0.211034995486	0.156656576921	0.150894801126	0.161303170304	0.24794222293	0.140725399607	0.133025330572	0.134910519887	0.128405289151	0.124714566406	0.12524560565	0.133476713929	0.148372364718	0.119749349477	0.152912750252	0.240507673517	0.132096011895	0.140751951569	0.100711592587	0.0970208698423	0.239551802878	0.138866762254	0.245127714938	0.124820774255	0.137167436674	0.237985237109
159733294-stool1.freeze11.snv.mod.fix.bam	0.142026445754	0.141681270246	0.143831979183	0.143407147788	0.140990919229	0.141840582019	0.141495406511	0.139928840741	0.139371249535	0.14924857947	0.118103127821	0.122377993734	0.119536933779	0.147947533323	0.144070946843	0.139265041687	0.14900961181	0.156337953375	0.196086240773	0.139875736817	0.0	0.139530561308	0.139689873082	0.143831979183	0.149381339281	0.140539535872	0.142265413414	0.143247836015	0.140937815305	0.156975200467	0.151478944294	0.15506345919	0.176331580904	0.13724709256	0.139557113271	0.160586267325	0.160373851628	0.160320747703	0.183659922468	0.180208167384	0.114837236472	0.115501035527	0.148558228453	0.138999522065	0.103366788806	0.260554404971	0.136238117997	0.149514099092	0.265997557219	0.120917635813	0.167967712814	0.105650257554	0.15094790505	0.20089214593	0.271414157506	0.273140035049	0.247703255271	0.133450161967	0.124608358558	0.248579470023	0.128777016622	0.126201476289	0.146646487175	0.152806542403	0.168976687377	0.170808772768	0.163586639053	0.13833572301	0.129653231374	0.247384631724	0.1466995911	0.132866018799	0.13129945303	0.147230630344	0.157346927938	0.14367266741	0.15907280548	0.145478200839	0.102543677978	0.146885454835	0.037730338272	0.181190589985	0.04946630556	0.148000637247	0.235250385003	0.219664383198	0.168206680474	0.163480431204	0.170729116882	0.255137804684	0.15057617758	0.137432956295	0.139211937762	0.132547395253	0.121661090755	0.119005894536	0.143407147788	0.155090011152	0.155806914131	0.160002124157	0.247198767989	0.138256067123	0.148372364718	0.149593754978	0.090967022463	0.246641176783	0.144920609633	0.252217088843	0.166905634326	0.145929584196	0.239870426425
