	158256496-stool2.freeze11.snv.mod.fix.bam	158337416-stool1.freeze11.snv.mod.fix.bam	158337416-stool2.freeze11.snv.mod.fix.bam	158357646-stool2.freeze11.snv.mod.fix.bam	158458797-stool1.freeze11.snv.mod.fix.bam	158479027-stool1.freeze11.snv.mod.fix.bam	158479027-stool2.freeze11.snv.mod.fix.bam	158499257-stool1.freeze11.snv.mod.fix.bam	158499257-stool2.freeze11.snv.mod.fix.bam	158742018-stool1.freeze11.snv.mod.fix.bam	158802708-stool1.freeze11.snv.mod.fix.bam	158802708-stool2.freeze11.snv.mod.fix.bam	158802708-stool3.freeze11.snv.mod.fix.bam	158822939-stool1.freeze11.snv.mod.fix.bam	158944319-stool3.freeze11.snv.mod.fix.bam	158984779-stool1.freeze11.snv.mod.fix.bam	159005010-stool2.freeze11.snv.mod.fix.bam	159207311-stool2.freeze11.snv.mod.fix.bam	159207311-stool3.freeze11.snv.mod.fix.bam	159227541-stool1.freeze11.snv.mod.fix.bam	159227541-stool2.freeze11.snv.mod.fix.bam	159247771-stool1.freeze11.snv.mod.fix.bam	159247771-stool2.freeze11.snv.mod.fix.bam	159288231-stool1.freeze11.snv.mod.fix.bam	159429842-stool1.freeze11.snv.mod.fix.bam	159551223-stool1.freeze11.snv.mod.fix.bam	159551223-stool2.freeze11.snv.mod.fix.bam	159571453-stool2.freeze11.snv.mod.fix.bam	159611913-stool1.freeze11.snv.mod.fix.bam	159611913-stool2.freeze11.snv.mod.fix.bam	159632143-stool1.freeze11.snv.mod.fix.bam	159733294-stool1.freeze11.snv.mod.fix.bam	160158126-stool1.freeze11.snv.mod.fix.bam	160158126-stool2.freeze11.snv.mod.fix.bam	160178356-stool1.freeze11.snv.mod.fix.bam	160178356-stool2.freeze11.snv.mod.fix.bam	160178356-stool3.freeze11.snv.mod.fix.bam	160319967-stool1.freeze11.snv.mod.fix.bam	160319967-stool2.freeze11.snv.mod.fix.bam	160319967-stool3.freeze11.snv.mod.fix.bam	160421117-stool1.freeze11.snv.mod.fix.bam	160421117-stool2.freeze11.snv.mod.fix.bam	160582958-stool2.freeze11.snv.mod.fix.bam	160582958-stool3.freeze11.snv.mod.fix.bam	160603188-stool1.freeze11.snv.mod.fix.bam	160603188-stool3.freeze11.snv.mod.fix.bam	160643649-stool1.freeze11.snv.mod.fix.bam	160704339-stool1.freeze11.snv.mod.fix.bam	161230322-stool1.freeze11.snv.mod.fix.bam	161554003-stool2.freeze11.snv.mod.fix.bam	404239096-stool1.freeze11.snv.mod.fix.bam	508703490-stool2.freeze11.snv.mod.fix.bam	604812005-stool1.freeze11.snv.mod.fix.bam	604812005-stool2.freeze11.snv.mod.fix.bam	604812005-stool3.freeze11.snv.mod.fix.bam	638754422-stool1.freeze11.snv.mod.fix.bam	638754422-stool2.freeze11.snv.mod.fix.bam	638754422-stool3.freeze11.snv.mod.fix.bam	675950834-stool1.freeze11.snv.mod.fix.bam	682102541-stool3.freeze11.snv.mod.fix.bam	706846339-stool1.freeze11.snv.mod.fix.bam	706846339-stool2.freeze11.snv.mod.fix.bam	763395383-stool3.freeze11.snv.mod.fix.bam	763597684-stool2.freeze11.snv.mod.fix.bam	763678604-stool2.freeze11.snv.mod.fix.bam	763820215-stool1.freeze11.snv.mod.fix.bam	763820215-stool3.freeze11.snv.mod.fix.bam	763840445-stool1.freeze11.snv.mod.fix.bam	763840445-stool2.freeze11.snv.mod.fix.bam	763860675-stool2.freeze11.snv.mod.fix.bam	763901136-stool1.freeze11.snv.mod.fix.bam	763901136-stool2.freeze11.snv.mod.fix.bam	763982056-stool3.freeze11.snv.mod.fix.bam	764042746-stool2.freeze11.snv.mod.fix.bam	764083206-stool1.freeze11.snv.mod.fix.bam	764143897-stool2.freeze11.snv.mod.fix.bam	764224817-stool1.freeze11.snv.mod.fix.bam	764285508-stool2.freeze11.snv.mod.fix.bam	764305738-stool1.freeze11.snv.mod.fix.bam	764305738-stool2.freeze11.snv.mod.fix.bam	764447348-stool1.freeze11.snv.mod.fix.bam	764467579-stool3.freeze11.snv.mod.fix.bam	764487809-stool1.freeze11.snv.mod.fix.bam	764487809-stool2.freeze11.snv.mod.fix.bam	764649650-stool2.freeze11.snv.mod.fix.bam	764669880-stool2.freeze11.snv.mod.fix.bam	765013792-stool2.freeze11.snv.mod.fix.bam	765034022-stool1.freeze11.snv.mod.fix.bam	765034022-stool2.freeze11.snv.mod.fix.bam	765074482-stool3.freeze11.snv.mod.fix.bam	765135172-stool3.freeze11.snv.mod.fix.bam	765155402-stool3.freeze11.snv.mod.fix.bam	765337473-stool2.freeze11.snv.mod.fix.bam	765519544-stool3.freeze11.snv.mod.fix.bam	765701615-stool1.freeze11.snv.mod.fix.bam	765701615-stool2.freeze11.snv.mod.fix.bam	809635352-stool3.freeze11.snv.mod.fix.bam	857980665-stool3.freeze11.snv.mod.fix.bam	861967750-stool1.freeze11.snv.mod.fix.bam	863126187-stool3.freeze11.snv.mod.fix.bam	BYQ_AAAM.freeze11.snv.mod.fix.bam	BYQ_AAAO.freeze11.snv.mod.fix.bam	BYQ_AAAR.freeze11.snv.mod.fix.bam	CCIS47745468ST-4-0.freeze11.snv.mod.fix.bam	CCIS87167916ST-4-0.freeze11.snv.mod.fix.bam	CCIS87252800ST-4-0.freeze11.snv.mod.fix.bam	CCIS88007743ST-4-0.freeze11.snv.mod.fix.bam	CCMD26925580ST-21-0.freeze11.snv.mod.fix.bam	CCMD60079086ST-21-0.freeze11.snv.mod.fix.bam	M1.4-V2.metaT.freeze11.snv.mod.fix.bam	M2.2-V2.metaT.freeze11.snv.mod.fix.bam	M2.2-V3.metaT.freeze11.snv.mod.fix.bam	M4.2-V2.metaT.freeze11.snv.mod.fix.bam	M4.3-V1.metaT.freeze11.snv.mod.fix.bam	MH0196.freeze11.snv.mod.fix.bam	MH0244.freeze11.snv.mod.fix.bam	MH0310.freeze11.snv.mod.fix.bam	MH0327.freeze11.snv.mod.fix.bam	MH0401.freeze11.snv.mod.fix.bam	MH0406.freeze11.snv.mod.fix.bam	MH0419.freeze11.snv.mod.fix.bam	MH0426.freeze11.snv.mod.fix.bam	MH0435.freeze11.snv.mod.fix.bam	MH0445.freeze11.snv.mod.fix.bam	MH0450.freeze11.snv.mod.fix.bam	MH0457.freeze11.snv.mod.fix.bam	MMRS15137911ST-27-0-0.freeze11.snv.mod.fix.bam	MMRS16644320ST-27-0-0.freeze11.snv.mod.fix.bam	MMRS25641480ST-27-0-0.freeze11.snv.mod.fix.bam	MMRS39582183ST-27-0-0.freeze11.snv.mod.fix.bam	MMRS66868025ST-27-0-0.freeze11.snv.mod.fix.bam	MMRS85382779ST-27-0-0.freeze11.snv.mod.fix.bam	MMRS97327636ST-27-0-0.freeze11.snv.mod.fix.bam	N049A.freeze11.snv.mod.fix.bam	N088A.freeze11.snv.mod.fix.bam	O2.UC3-1.freeze11.snv.mod.fix.bam	T2D-6A.freeze11.snv.mod.fix.bam	T2D-81A.freeze11.snv.mod.fix.bam	V1.CD49-0.freeze11.snv.mod.fix.bam	V1.FI04.freeze11.snv.mod.fix.bam	V1.FI08.freeze11.snv.mod.fix.bam	V1.FI14.freeze11.snv.mod.fix.bam	V1.FI20.freeze11.snv.mod.fix.bam	V1.FI21.freeze11.snv.mod.fix.bam	V1.UC13-3.freeze11.snv.mod.fix.bam	V1.UC64-0.freeze11.snv.mod.fix.bam	halbarad-11-7-0.freeze11.snv.mod.fix.bam
158256496-stool2.freeze11.snv.mod.fix.bam	0.0	0.148368653133	0.154534193562	0.163973305751	0.158518742751	0.0971949639279	0.1503902939	0.148119363993	0.147829191151	0.161739397091	0.0849036573901	0.0853150919504	0.0847246122015	0.149459087376	0.135188919906	0.152001940277	0.16212426969	0.152662188577	0.151674269764	0.15689331684	0.155475927406	0.0760777468849	0.0754998517174	0.156244796854	0.160064129131	0.15086321763	0.150943634365	0.162285488424	0.154428918739	0.152886066686	0.145378253333	0.0844185874424	0.155571730162	0.155357540717	0.0859331354488	0.102152409088	0.122887878498	0.15915892702	0.158038367042	0.158174309756	0.15840456941	0.157390825328	0.160567936441	0.160008197813	0.0859933747493	0.153547437516	0.145051345464	0.154335874902	0.155118895925	0.156033089749	0.155829674479	0.188025555585	0.154827428991	0.155900164366	0.15493296956	0.163093433624	0.162219912811	0.162639196967	0.134466386031	0.168118476153	0.15778643917	0.157584581784	0.156852703185	0.160912108675	0.147362397663	0.148031486152	0.147423972669	0.151903597656	0.152437470299	0.0807617429746	0.153126249387	0.157500399557	0.0833246760143	0.0838930028366	0.165179723054	0.0776537421275	0.0963113225027	0.146500473757	0.162728513324	0.16307196036	0.146748014878	0.125158188492	0.169113086688	0.168463675595	0.149893482246	0.161475814237	0.406925660098	0.188518348554	0.189793536683	0.0841974711319	0.14326101251	0.161087718193	0.0774355823552	0.154795878319	0.161776835401	0.161458748461	0.130618132615	0.156833243197	0.0837694547093	0.156964059639	0.0832345335047	0.158314681777	0.0834639562899	0.0936565874507	0.155972333828	0.157269907864	0.135906796994	0.140180536811	0.151476480436	0.0900267516642	0.0804895944239	0.080718988267	0.15316694311	0.0947374195997	0.191864602548	0.0867385005011	0.159858091738	0.0821263763842	0.144829430257	0.165344850232	0.163213588249	0.0930339481524	0.151922093732	0.128085474455	0.154188539371	0.165140465483	0.158274627868	0.157819178944	0.162129199757	0.0902493163191	0.155294914906	0.158364577116	0.15983468153	0.153116973702	0.158050217448	0.154942701238	0.144930885257	0.144110278913	0.103671685202	0.0904955792859	0.151759419966	0.14223694179	0.159049846572	0.159963438725	0.0925587501028	0.140540442502	0.0854768475704
158337416-stool1.freeze11.snv.mod.fix.bam	0.148368653133	0.0	0.0514828234302	0.175737473572	0.136257770352	0.172702071737	0.175299797545	0.171125407609	0.171158643327	0.174947852308	0.178243643976	0.17865208196	0.178258447414	0.169239752541	0.160732408516	0.177158711962	0.161335564155	0.157301364526	0.160819249905	0.170397009432	0.168193350228	0.176322718999	0.175933207908	0.172750546076	0.175252357828	0.176329007622	0.175716403648	0.162856880933	0.168758357028	0.168569482485	0.171200241371	0.177428097412	0.183617626913	0.183460699114	0.17727398339	0.172961378047	0.173846031015	0.174383269042	0.173513833844	0.173607726747	0.172045536455	0.171359991224	0.173908408431	0.174427774334	0.17730260183	0.146728936489	0.178546966561	0.182939286261	0.172959374515	0.170884978882	0.171654471884	0.198441234669	0.183280147664	0.184232655451	0.183472926498	0.18114627812	0.180327248367	0.180908741489	0.161594226608	0.177250932072	0.164613231793	0.164507246886	0.168297738677	0.159205583816	0.174051077284	0.17483385433	0.175735494934	0.178221445849	0.177986879933	0.177081252003	0.157370898546	0.161737585961	0.176731694796	0.177022038706	0.173403803386	0.177426052438	0.171036269613	0.174543145901	0.176401638178	0.176865166175	0.177973879134	0.170920833342	0.182066457919	0.181817575972	0.171507274919	0.174795139325	0.386453952292	0.199176847692	0.201326257852	0.176062078744	0.155701283256	0.177386757343	0.176700127805	0.162563683174	0.174650136328	0.174526412479	0.176085346923	0.113345929153	0.176755083723	0.173860273876	0.175095338909	0.168571414824	0.176321909843	0.178904565247	0.17425598743	0.173131516963	0.17616721372	0.174887860438	0.164070385164	0.178405029941	0.178588608991	0.179391143117	0.173242440799	0.173755604719	0.204091755668	0.17628005479	0.170430427078	0.17809099244	0.175617892422	0.162539304037	0.173513927863	0.179715453762	0.16255815501	0.171683160775	0.172644013295	0.170218416299	0.171590595506	0.166684476396	0.170870502797	0.172502204797	0.171130301333	0.17302739912	0.173982974783	0.172432553965	0.16483126806	0.176374915038	0.175537857616	0.1711358933	0.170665047678	0.173820549841	0.17738337098	0.161915806055	0.172023659189	0.179878041642	0.179096890457	0.172384137912	0.177793545429
158337416-stool2.freeze11.snv.mod.fix.bam	0.154534193562	0.0514828234302	0.0	0.142616591021	0.0965151581102	0.138231441398	0.1413270003	0.137040464153	0.136289741155	0.137938606286	0.1417559485	0.142064957481	0.141850315737	0.134798942376	0.126515373756	0.140599101949	0.123706242686	0.123046533695	0.129021407644	0.135007739852	0.13361140738	0.139378929681	0.139055510112	0.135872357414	0.138167791114	0.139300829147	0.139295665503	0.125830178925	0.13422939129	0.134535389136	0.135239079294	0.140124538885	0.14692174585	0.146965566192	0.139750095453	0.138917367802	0.139628039356	0.137924301198	0.137327484068	0.137436311418	0.135198671505	0.134698847659	0.137579457557	0.138101264303	0.140316100303	0.107657930769	0.141812060719	0.146447538133	0.13685616324	0.134291998874	0.135201526693	0.163805967586	0.146909245196	0.147591738543	0.147389654818	0.144296169037	0.143683481008	0.144438222373	0.126246862681	0.14337169159	0.130118514779	0.129666389541	0.136051192839	0.121506075005	0.13901300164	0.138870117678	0.139277873372	0.142306928184	0.142840460298	0.140143303073	0.119141305595	0.123957511876	0.140062566037	0.140266715104	0.136846509859	0.141141484189	0.136020358096	0.138751609458	0.140283671116	0.140380458614	0.140693921905	0.136762906525	0.149832949412	0.149482942483	0.136883779579	0.138008891732	0.449383556168	0.165210709588	0.167315322784	0.14002594822	0.132223430185	0.139870689321	0.140143978826	0.130856432973	0.137325142522	0.137786168944	0.140308764074	0.072210515892	0.13969223757	0.138274942279	0.139904123135	0.13279829989	0.139835824087	0.142515895252	0.13786164406	0.136685952945	0.140933650201	0.138560189321	0.127846663996	0.138913448578	0.140014054554	0.140901513038	0.135161754586	0.134624387653	0.170004242258	0.140107056169	0.133220406695	0.141162211637	0.139251227297	0.124855835394	0.138460088272	0.143486670875	0.128010527548	0.136467614738	0.136118561548	0.134698279115	0.134894246958	0.12964891139	0.134479031949	0.138076258154	0.137746264792	0.136499362392	0.137587701296	0.137343471628	0.129101337939	0.143242784129	0.138544315128	0.135797287278	0.136014119282	0.138167582963	0.140481604928	0.145781611883	0.135748283438	0.144465235761	0.143527421365	0.138363183086	0.141059465281
158357646-stool2.freeze11.snv.mod.fix.bam	0.163973305751	0.175737473572	0.142616591021	0.0	0.127213297362	0.125284827257	0.125372368554	0.136618904551	0.13636701747	0.1321646081	0.13337171506	0.134485113681	0.133211922381	0.120071652734	0.121065726901	0.132610723021	0.125455069156	0.125115120883	0.120932052669	0.131100351976	0.137110160459	0.132000624168	0.132272236222	0.127570398641	0.129298962277	0.133359714826	0.133582654174	0.12999633216	0.123701597375	0.122333183861	0.127058492586	0.132217345728	0.140102259305	0.13966551606	0.133803600219	0.125142274737	0.124744039722	0.131672921315	0.129820693475	0.129764399166	0.129038403613	0.127320005784	0.130705577824	0.130458498956	0.133168241116	0.131812136844	0.134882109023	0.139466629591	0.126972866455	0.129393494525	0.128284774347	0.148990225076	0.137708964476	0.13942503437	0.13717963636	0.141294200532	0.140440893644	0.140085722193	0.122237726467	0.129377911692	0.12438154225	0.12381947987	0.12166204306	0.127004496301	0.12820580005	0.132625524045	0.131586425597	0.135990288125	0.136805267926	0.133669286656	0.119485051312	0.124889867243	0.132720628542	0.13295763939	0.133684133148	0.13365046208	0.125430023056	0.131042063042	0.13222179351	0.132650124444	0.135435061847	0.122513014681	0.133792615295	0.133798214432	0.125138880641	0.132413319277	0.468363241979	0.151284146926	0.152384903522	0.131132729061	0.131355272574	0.127940476314	0.13169946929	0.127570011086	0.134475921163	0.133341076379	0.131252422394	0.125527516599	0.133421056318	0.130990076179	0.125694177524	0.124076121057	0.131329835702	0.133094848801	0.126049789589	0.126001668557	0.130786189016	0.128895453624	0.124887576065	0.12930972864	0.130445305711	0.131645594711	0.1230736636	0.125789015881	0.155484105887	0.134224829814	0.133304558011	0.134224607452	0.129952450775	0.131524648796	0.132447510255	0.133599908185	0.122761962327	0.12636552545	0.130390593236	0.128586383024	0.128200793913	0.123797960864	0.129066886756	0.128981351568	0.12288231909	0.128167037893	0.131256257515	0.125829350389	0.126822362775	0.127946870435	0.131202429043	0.12232468058	0.126861034778	0.128793744388	0.132705227564	0.147845667474	0.133619684311	0.134613331428	0.133228671884	0.137276349741	0.13254639968
158458797-stool1.freeze11.snv.mod.fix.bam	0.158518742751	0.136257770352	0.0965151581102	0.127213297362	0.0	0.121761308314	0.125795465851	0.130690410665	0.13074757561	0.121445965197	0.124107123944	0.124944069707	0.124024005607	0.119876036162	0.10940075355	0.124285301563	0.106753911707	0.110565928778	0.117680783688	0.123229261522	0.130067146086	0.121832534134	0.121735844016	0.123536600515	0.122469792273	0.124685671254	0.12455450082	0.107150288573	0.117929824765	0.118821463717	0.120831036158	0.12425930992	0.133215251493	0.132778216782	0.124349957455	0.122834880236	0.123089707198	0.121212005693	0.119534835445	0.119691233572	0.11820642302	0.116935640347	0.121011308799	0.121374451106	0.122763177191	0.0898436240211	0.125906311209	0.132855888521	0.118443020877	0.117691330675	0.12082350813	0.149351360832	0.131780621904	0.13320600961	0.131607199342	0.130739973883	0.129961400915	0.129988463069	0.108644039003	0.129501738413	0.115874507705	0.11396167906	0.120912991121	0.102254740208	0.124831473283	0.126062479771	0.124926257831	0.128270512131	0.129030051692	0.123356279367	0.101883110253	0.107172683614	0.122229586783	0.122700238669	0.122460758707	0.12329932252	0.120574307404	0.123149730104	0.124455997598	0.124794661362	0.126418447249	0.12117648847	0.137726591239	0.136873226254	0.122073377822	0.123218449343	0.465940266241	0.151250762397	0.15272966029	0.123089535735	0.129973578241	0.118648362966	0.122426428322	0.119010182023	0.1241031678	0.123084798069	0.124248824881	0.0811528100928	0.122578696585	0.125509329346	0.124259013451	0.117251024275	0.123229224898	0.125484976017	0.119831568507	0.118178581911	0.125448721071	0.122835421049	0.112430504386	0.120122535702	0.122143785255	0.12368782358	0.114726436005	0.11750329364	0.153682233428	0.124111211351	0.119444620153	0.123082804357	0.123384520431	0.107110632741	0.125896997912	0.127495582337	0.113389761008	0.122369301408	0.122033896856	0.120279367732	0.118187011375	0.11528376932	0.117810127566	0.123337070168	0.123659643726	0.118457381025	0.118226021187	0.122559940356	0.114046076653	0.130432688795	0.124895409001	0.121361302204	0.118724868651	0.120775506929	0.124593650271	0.147270492701	0.125750999675	0.130574580244	0.125885680081	0.132410704716	0.123045384833
158479027-stool1.freeze11.snv.mod.fix.bam	0.0971949639279	0.172702071737	0.138231441398	0.125284827257	0.121761308314	0.0	0.0816967893166	0.12182247706	0.121732913385	0.118406433531	0.0451081586636	0.0460989888286	0.0448967608381	0.109479725515	0.0938463605994	0.117688332096	0.126167460697	0.113668098816	0.108729169856	0.10575484517	0.112505465097	0.0594564741263	0.0595132893029	0.120655154425	0.125578897323	0.116843793615	0.117282743244	0.127200998032	0.113067775386	0.110139662249	0.0890133941971	0.0500910599707	0.12182569001	0.121476937757	0.0463253410682	0.0537253933552	0.0806593556184	0.121616920789	0.119782114962	0.119904701048	0.121673272977	0.119985762055	0.109915125788	0.10919752512	0.0589195083733	0.11702323123	0.112046431438	0.120334403144	0.117136638502	0.120590612043	0.119370984628	0.15227504535	0.120308270825	0.121822225126	0.119911673495	0.128567219611	0.127617304796	0.127571155379	0.0941137143814	0.132938590726	0.116949255291	0.116590568543	0.116540149	0.125693285788	0.110286734542	0.115574463968	0.114214874768	0.118722841056	0.119880074685	0.0413577231475	0.115626380972	0.120955547323	0.0431903220787	0.0613280388412	0.129921034653	0.0604752293064	0.0375190389935	0.111263653775	0.119479537398	0.119740324855	0.113745112249	0.0785516874125	0.132434571318	0.130964376906	0.106035740261	0.127622965321	0.469982759825	0.152863671385	0.154187292487	0.050055612502	0.120411456049	0.122862440209	0.0556036773283	0.118364146859	0.125381419432	0.124587137861	0.0985425717267	0.119457361005	0.0439085137593	0.119536471162	0.0610609547131	0.119707905909	0.053639846576	0.0571358626671	0.11971008945	0.118357045989	0.101451500377	0.107148286289	0.113361309325	0.0454856166205	0.0583679281636	0.0587878328911	0.108651426577	0.0603665322114	0.15739775355	0.0538268856263	0.125365291785	0.0561442284314	0.111151498107	0.129952756541	0.125997282557	0.0586180071616	0.112065730955	0.0908493750341	0.119911757606	0.126403642278	0.119587670041	0.120874990069	0.124818624133	0.0414285853285	0.114355932378	0.121152358619	0.123028519483	0.115641834873	0.120204131123	0.115751780395	0.111135500761	0.106029397699	0.0606461881611	0.0505484477174	0.115349836996	0.137144358673	0.124940754762	0.1246582736	0.0554999433755	0.114644485212	0.051601092991
158479027-stool2.freeze11.snv.mod.fix.bam	0.1503902939	0.175299797545	0.1413270003	0.125372368554	0.125795465851	0.0816967893166	0.0	0.132588758442	0.132765829416	0.113258375024	0.114904923226	0.115414101193	0.114911239695	0.119204304901	0.115651707163	0.129160770261	0.129225709833	0.119625913986	0.107734258879	0.0791051934871	0.0843431473738	0.117184193251	0.117155765967	0.128571068177	0.131438565522	0.127748402581	0.128409828641	0.131450121459	0.117011177798	0.116225115939	0.0784021057694	0.115075050403	0.136732376928	0.13648774945	0.114638780588	0.110167253421	0.113010175677	0.126231975136	0.125347699786	0.125291051126	0.12275496192	0.121856044565	0.0901938431159	0.0898448445251	0.118203140989	0.129232320475	0.12841438773	0.134718737745	0.123284033809	0.128151525112	0.124750076897	0.149855201039	0.133655370941	0.134581732979	0.133803926189	0.135827723743	0.135139082114	0.135638719185	0.116887057968	0.130896332545	0.12333563107	0.123916073325	0.120100333806	0.128053424878	0.122015166838	0.129477666605	0.128823936347	0.132693979317	0.13368963498	0.113367478928	0.120735461908	0.12561561073	0.11330429559	0.117318212976	0.133852956467	0.117981006389	0.100803745933	0.125203038277	0.113170616534	0.113412122089	0.129067742276	0.0939974329542	0.132699855124	0.132031997822	0.116859915034	0.132453286909	0.468029770144	0.149623754447	0.151193496632	0.114537894191	0.119474259433	0.125578999791	0.116683353758	0.122596996218	0.131678354935	0.131904189479	0.122782934057	0.126380231097	0.113406354589	0.12664960442	0.114440964225	0.120253123256	0.11579564463	0.118062499638	0.126996546402	0.122299943485	0.12681917342	0.125592215103	0.122015351235	0.109847519667	0.116938970777	0.117312464472	0.114260186617	0.112597873347	0.153572083381	0.116972656485	0.131232343796	0.117929838481	0.125837980266	0.132408281598	0.131238872072	0.118934684816	0.119185072533	0.115798778258	0.129671739165	0.127902343499	0.123322647098	0.124085412727	0.129337778225	0.107976546821	0.122066434223	0.12296354603	0.12635720972	0.121728944469	0.125247978959	0.122321424782	0.125962875846	0.119023288486	0.112979096461	0.112722542666	0.127612720395	0.143836998675	0.129468956338	0.132057135813	0.115996752576	0.130736691751	0.115234673515
158499257-stool1.freeze11.snv.mod.fix.bam	0.148119363993	0.171125407609	0.137040464153	0.136618904551	0.130690410665	0.12182247706	0.132588758442	0.0	0.0112670431856	0.128326314632	0.121356051854	0.121631096716	0.121324352753	0.123480706079	0.12597912249	0.129616449628	0.130302567157	0.129987306558	0.128355738135	0.131373559678	0.134351669923	0.121987146889	0.121506224943	0.127384999155	0.129637942547	0.0693456846969	0.0694366515289	0.130863293709	0.127093823833	0.127071490851	0.126645958409	0.119395807745	0.132213570831	0.131967726126	0.119917592177	0.120012448872	0.121062223167	0.129165147909	0.128262822081	0.128340710294	0.127390152944	0.126645994015	0.12983748325	0.129597312276	0.121599370586	0.134722974691	0.127133255542	0.133191194007	0.127055129404	0.125297908106	0.126417731488	0.160283720678	0.129405928014	0.130112385047	0.129653621562	0.136430573145	0.135606219835	0.136382462233	0.125346609569	0.14063666245	0.129941634978	0.129407694368	0.131900528278	0.128134009163	0.127124836965	0.124397000156	0.123815566618	0.128890857352	0.129529531781	0.118779541829	0.124109717684	0.128688901169	0.118952544367	0.11965329467	0.134362056628	0.122633475316	0.120790394635	0.122798454881	0.129961352675	0.130124203901	0.126177176892	0.124582249504	0.143700403988	0.142623442153	0.127896835349	0.131653785914	0.462883956259	0.159954914248	0.161591913644	0.119783340076	0.13344408394	0.129533397366	0.119902915658	0.131620975752	0.135070124238	0.134932770911	0.126424433819	0.129433359758	0.119605615224	0.131119842468	0.123061619882	0.128664496569	0.122022471403	0.12291349649	0.12664397294	0.126730870569	0.129506132053	0.119324014702	0.127184437481	0.119040738693	0.12101050734	0.122776194973	0.124135539324	0.118595759187	0.163461724161	0.120174746015	0.129867744613	0.121068565497	0.118889465208	0.132907569961	0.131951575874	0.123079126659	0.126958156849	0.119659196277	0.126204242114	0.135661793254	0.126983244461	0.128016857131	0.131998967724	0.121050484934	0.131542019278	0.125982804468	0.127549997826	0.127840081867	0.129271887803	0.0981057867508	0.124690016394	0.123483912188	0.12244158707	0.120949539815	0.0773838916181	0.140103086837	0.130832211911	0.134470562756	0.124354068635	0.128344895943	0.12043372115
158499257-stool2.freeze11.snv.mod.fix.bam	0.147829191151	0.171158643327	0.136289741155	0.13636701747	0.13074757561	0.121732913385	0.132765829416	0.0112670431856	0.0	0.128261527137	0.121115319463	0.121658433146	0.121039521022	0.123329877804	0.125833399228	0.129287434839	0.130498317067	0.130012767728	0.128098051877	0.131475818511	0.133961966413	0.122102838402	0.121598295385	0.127013386653	0.129320640103	0.0688422808502	0.0691291618534	0.131004923934	0.127086602966	0.127090119134	0.126780258926	0.119269402355	0.132118521578	0.131856183607	0.119771547541	0.119825683187	0.120869611654	0.129224197205	0.127938489989	0.128039445164	0.127519850854	0.126493597822	0.129632979934	0.129375087357	0.121764007471	0.134648202351	0.127066018012	0.133029988688	0.126706076645	0.124942454923	0.126282959564	0.160015228635	0.129219129265	0.130251645325	0.129290836411	0.136543602953	0.135817338686	0.136176484422	0.12549380261	0.140611425774	0.130182570741	0.129314581137	0.13186402741	0.128151004086	0.127090675106	0.124478314598	0.123573693415	0.128890296269	0.129465825808	0.118743346444	0.124054197892	0.128849989304	0.118665719744	0.119563533113	0.134128015999	0.122718021304	0.120874902163	0.122426986667	0.129901314683	0.129980013794	0.126106460088	0.124592864574	0.143800252606	0.142902071545	0.127728483865	0.131672361893	0.462558841432	0.160136983475	0.161455143059	0.119484263738	0.132692910709	0.129245458808	0.119720505393	0.131463111163	0.13510598004	0.134601241992	0.12613824513	0.129365279263	0.119599116263	0.130961880585	0.122908709899	0.128514173676	0.121778550919	0.122517956347	0.126314498062	0.126448540311	0.129383373033	0.11904955556	0.127024959557	0.11871483948	0.120862141818	0.122472044129	0.123968171917	0.118426067067	0.163330545811	0.120190180675	0.13015220634	0.121254859221	0.118950031396	0.133219070386	0.132050487693	0.12313732874	0.127142696714	0.119901834459	0.126345526087	0.13597675068	0.126589808754	0.127867927263	0.131685861285	0.120538351924	0.131405327762	0.125677936588	0.127292979973	0.127755408231	0.129257966896	0.0980806571484	0.124720933028	0.123614951515	0.122632072371	0.120989818144	0.0770882660425	0.139702530271	0.130284614942	0.134373849294	0.12448293608	0.127980739664	0.120100931892
158742018-stool1.freeze11.snv.mod.fix.bam	0.161739397091	0.174947852308	0.137938606286	0.1321646081	0.121445965197	0.118406433531	0.113258375024	0.128326314632	0.128261527137	0.0	0.12496146864	0.125465269854	0.124942062701	0.123983462071	0.123375281102	0.129306040651	0.123999576919	0.109908255984	0.0849868635511	0.109549690227	0.116090625096	0.125056750387	0.124773030614	0.125182227109	0.123783459505	0.124358001566	0.124566956806	0.126332994231	0.112464777494	0.114621283775	0.104399564027	0.124390394829	0.129184641747	0.128833054197	0.124524368866	0.123120906467	0.122641769923	0.113819422586	0.112750821654	0.112724723384	0.108615801029	0.107491925266	0.104067325715	0.10414248796	0.125128305972	0.12705035113	0.125163849675	0.130135744724	0.112813938972	0.12104059123	0.113172001045	0.152845785347	0.129127352687	0.130061592723	0.129181873359	0.134010332002	0.133348137762	0.133614311641	0.123547035169	0.133744865236	0.12357456036	0.123540008632	0.126500714918	0.123608409492	0.123861503269	0.127471542029	0.126678198465	0.125110340472	0.126334967101	0.123893111873	0.115946179258	0.120909844082	0.122934648306	0.124380426776	0.124586287487	0.126416594989	0.120045944192	0.121776371286	0.0521594354583	0.0521151450035	0.125163423134	0.10354612499	0.140759535101	0.139973026552	0.110580859635	0.125394728908	0.469127881069	0.154168004491	0.155180300807	0.123369818485	0.116326757501	0.109879459161	0.124212171217	0.122653810136	0.125124143564	0.124627344079	0.124813913447	0.126351756721	0.123160198117	0.123942540396	0.126033314605	0.117310632453	0.124653569181	0.125081161433	0.120763100678	0.109925983609	0.127629074913	0.124141920295	0.123401010514	0.118814234209	0.12611901612	0.126206880606	0.110273736352	0.120410495534	0.157583733833	0.125478050354	0.120993172852	0.125662781532	0.123730406423	0.127605467211	0.126001331373	0.126313300357	0.123325808998	0.12104315212	0.12594811356	0.130962615874	0.10817541872	0.12069671242	0.121884678824	0.121814690654	0.126470431015	0.106492914295	0.109325522322	0.124574941025	0.125063422726	0.129046891219	0.124056675399	0.118927088796	0.125252601151	0.125131975179	0.12260098326	0.144233786427	0.114973237224	0.128817515828	0.128124709531	0.130361979978	0.123511346095
158802708-stool1.freeze11.snv.mod.fix.bam	0.0849036573901	0.178243643976	0.1417559485	0.13337171506	0.124107123944	0.0451081586636	0.114904923226	0.121356051854	0.121115319463	0.12496146864	0.0	0.00282502616009	0.00137545578386	0.117428508316	0.0946508136343	0.115547598577	0.128778389531	0.123707333203	0.125162355853	0.126837495041	0.133926693615	0.0384828266967	0.0385272783203	0.121627286865	0.126955224997	0.116109004152	0.11596400945	0.129517624175	0.123079204522	0.121156442062	0.106374384864	0.0257744099378	0.119796414422	0.119302926894	0.0212352041612	0.0506698371333	0.0783512770071	0.124500549595	0.122508795113	0.122689152258	0.125243257858	0.123455781169	0.125580180573	0.124687990716	0.0377847342895	0.1164440834	0.107182291618	0.118391648679	0.118111822618	0.121851744306	0.120684659895	0.153134559087	0.118254237887	0.119740229469	0.117753662647	0.128939132544	0.127944933221	0.12786778059	0.094482264447	0.134492642036	0.127161432765	0.125431208853	0.126218234076	0.127659106893	0.112982260776	0.113104969654	0.111484802375	0.116077362781	0.117154040166	0.0140357453611	0.117666035393	0.122843967185	0.0162079712841	0.041828436372	0.130835208491	0.0410633826935	0.0441902849969	0.108748011684	0.127295470454	0.127562995206	0.10953318147	0.090911337571	0.138841280179	0.138241138702	0.117456586893	0.129262652663	0.470573396078	0.155393688887	0.156194101914	0.0262029567727	0.135903301225	0.127576803824	0.0336357616203	0.129787586844	0.12646032245	0.125053157504	0.0936653517176	0.122922942439	0.0177290414101	0.120608903679	0.0511341932185	0.127078844025	0.0336229959917	0.0354414326879	0.120918383446	0.122401303355	0.0934001722578	0.102257253499	0.115218971238	0.0251504393905	0.0380222229557	0.0382075927655	0.114854270551	0.0477007251581	0.158752777571	0.0322913043139	0.126478557756	0.0339928821426	0.108620824739	0.132320240204	0.128441442596	0.0365848968726	0.121374705642	0.088744961527	0.119746892642	0.132951102043	0.12186875542	0.124602546097	0.12740378341	0.0362962772347	0.123184226462	0.124254953379	0.126482054939	0.12092022198	0.125368292299	0.123006740306	0.109834633714	0.110225861806	0.0567833605231	0.0397595239559	0.114708043667	0.1413862689	0.126743711179	0.124762297089	0.0393416228908	0.112606252018	0.0271270919317
158802708-stool2.freeze11.snv.mod.fix.bam	0.0853150919504	0.17865208196	0.142064957481	0.134485113681	0.124944069707	0.0460989888286	0.115414101193	0.121631096716	0.121658433146	0.125465269854	0.00282502616009	0.0	0.00248624322719	0.118562215006	0.0958337474407	0.116652930121	0.129437662639	0.124295672723	0.126106296245	0.127156244307	0.13390420887	0.0390242784793	0.0388245093198	0.122727457452	0.12806275798	0.11656042974	0.116430632619	0.130107750066	0.123638818031	0.121938938323	0.106777092985	0.0261089539166	0.120341940575	0.119998096978	0.0216629860137	0.0518873384446	0.0794838272952	0.12501089466	0.123736774381	0.123919561817	0.125832729937	0.124621109169	0.12672847284	0.125859212193	0.038295067029	0.117529837475	0.107675131241	0.118918791009	0.119269235512	0.122925002757	0.121414089229	0.154161311487	0.119032757983	0.119921253228	0.118961789766	0.129532801679	0.128623113939	0.129063973796	0.0952031711841	0.135442366294	0.127593763488	0.126440337309	0.127361317051	0.128308543259	0.113810023708	0.11371440522	0.112694686346	0.116875919529	0.117920783206	0.0144537204251	0.118505485116	0.123596758317	0.0173602277363	0.0424227314085	0.131841740827	0.0415271113266	0.0447262316093	0.10999235148	0.128097042719	0.128370286825	0.110031982971	0.0919855080483	0.139452889634	0.138787632575	0.11851601153	0.1297889369	0.471372557602	0.155946977586	0.157288045172	0.0273137728784	0.136745935781	0.1284126567	0.0345664824358	0.130817884572	0.126819360277	0.126268419684	0.0947690704397	0.12400670222	0.0182415117739	0.121801400327	0.0521338212531	0.128072173197	0.0345797979591	0.0365956253154	0.12213069588	0.123492733458	0.0944547986371	0.103434963483	0.116479347028	0.0260762078994	0.0389799375786	0.0392564003741	0.116111116728	0.0487683621797	0.159554111107	0.0325725789269	0.126845266608	0.0343681370951	0.109257359922	0.132643983518	0.128877121897	0.0368961939828	0.121974684859	0.089275996035	0.120278293391	0.13334259018	0.12304861022	0.125763602241	0.128648502345	0.0373731238652	0.124339640505	0.125371714454	0.127623276232	0.121633406734	0.126218404765	0.123590558762	0.11056450006	0.110975124222	0.0573674843468	0.0404646423281	0.115383949666	0.141870279534	0.127516731123	0.125610812515	0.0397725247002	0.112900088666	0.0282165184307
158802708-stool3.freeze11.snv.mod.fix.bam	0.0847246122015	0.178258447414	0.141850315737	0.133211922381	0.124024005607	0.0448967608381	0.114911239695	0.121324352753	0.121039521022	0.124942062701	0.00137545578386	0.00248624322719	0.0	0.11719258843	0.0944729315526	0.11523847269	0.128826879788	0.123584131934	0.124915457567	0.126743518878	0.134057689242	0.038234904177	0.038307584346	0.121427904876	0.126698175986	0.116003077686	0.115846654951	0.129488445546	0.123027256068	0.121055801387	0.106363678348	0.0255896254415	0.119817083548	0.119260275064	0.0210589083959	0.0504198295437	0.0780703975619	0.124500092601	0.12223607242	0.122408751826	0.125246131734	0.123200406497	0.125313702412	0.124427502496	0.0374937163367	0.116095499285	0.107137796994	0.118368050153	0.117818325477	0.121544939243	0.120616920377	0.152888977656	0.118209629269	0.119890766779	0.117481495783	0.128989001161	0.127987071279	0.127580237679	0.0944791195959	0.134239223095	0.12721543006	0.125235146064	0.126036657397	0.12762482424	0.112928142612	0.113063890967	0.11116236412	0.116006494545	0.117082623886	0.0138343193218	0.117560989503	0.122850877944	0.0156655155013	0.0415224329775	0.130667924356	0.04084608704	0.0442541192487	0.108529205124	0.127106985072	0.127386560286	0.109524425934	0.0906925478704	0.138836237168	0.138253647258	0.117274288093	0.129225228742	0.47041398294	0.155338753919	0.155927711136	0.0257391769206	0.135696812436	0.127315992431	0.0331204492614	0.129690888495	0.126595539067	0.124773961298	0.0932759517619	0.122695979403	0.0174209627558	0.120419391853	0.0509077487991	0.126950847429	0.0331820595337	0.0349543577834	0.120727532267	0.122180019963	0.0929936795977	0.10192916888	0.115070168588	0.0245943269916	0.0374756726651	0.0377158218548	0.114851838034	0.0473254489679	0.158731155997	0.0319601081271	0.126522259647	0.0338085223847	0.108553117931	0.132439493947	0.128513107616	0.0362873141581	0.121385667341	0.0887170697419	0.119699836611	0.132917117133	0.121556971557	0.124316890839	0.12717479136	0.035980166871	0.123006400604	0.124030419426	0.126217920408	0.120847327291	0.125340037923	0.122965819146	0.109857952912	0.110142806553	0.0567556543992	0.0396238593713	0.114668673092	0.141360718035	0.126701317918	0.124651307502	0.0392984908555	0.112634099797	0.0266029304309
158822939-stool1.freeze11.snv.mod.fix.bam	0.149459087376	0.169239752541	0.134798942376	0.120071652734	0.119876036162	0.109479725515	0.119204304901	0.123480706079	0.123329877804	0.123983462071	0.117428508316	0.118562215006	0.11719258843	0.0	0.109464820749	0.121672521867	0.1207431463	0.116671560543	0.111778637437	0.122870769603	0.129666403487	0.115701789159	0.115640924226	0.0604678483745	0.120701690592	0.119458321423	0.119798925778	0.121897062524	0.111273970509	0.109006102124	0.114195648324	0.117372576888	0.123328549912	0.122754681047	0.117145104849	0.106846628068	0.106811317388	0.121990527475	0.120016326717	0.119971134728	0.121406169	0.119693963646	0.121873707139	0.121406753301	0.113979256608	0.126303423642	0.117642555137	0.123428752192	0.118199673578	0.119490985467	0.11895347835	0.154068503235	0.122903742708	0.12464241891	0.122337700881	0.129518160533	0.128512237813	0.128298832988	0.111649000966	0.131321405645	0.114936522916	0.114362150594	0.104784154836	0.12069201427	0.112604870098	0.105556828642	0.1037161045	0.121560942451	0.122354814776	0.116832089178	0.113899446032	0.119415271227	0.115459640737	0.114184177412	0.126482728448	0.116694660278	0.108853737424	0.113809335233	0.124318993172	0.124778739667	0.118048248479	0.109032987595	0.132719144523	0.130774625152	0.112484977325	0.124013908872	0.469466571703	0.150492345295	0.151885187292	0.114341971032	0.123250996025	0.123796036269	0.114059683831	0.115862289655	0.125766623288	0.124525020566	0.113422733284	0.119314692664	0.116673883282	0.118727101029	0.111278169936	0.117643122021	0.113407888737	0.116378746503	0.115235294486	0.114310608899	0.120369617402	0.0993765063076	0.115706914651	0.112625834653	0.115122722995	0.114830455343	0.110955354189	0.111790855675	0.157029593615	0.116829305484	0.123290535734	0.116976082546	0.0932416801767	0.126414219727	0.121793470995	0.119432141156	0.112620846127	0.107759238255	0.114323629151	0.126502064858	0.118721214706	0.118775257443	0.121164380929	0.113020474537	0.0898373851865	0.120184207477	0.122616137546	0.113677558887	0.118193509141	0.118782597971	0.115511461385	0.107247998125	0.11222190281	0.112122461648	0.1191400742	0.136341729766	0.124184041425	0.123242418322	0.11720860447	0.12104719677	0.116016686948
158944319-stool3.freeze11.snv.mod.fix.bam	0.135188919906	0.160732408516	0.126515373756	0.121065726901	0.10940075355	0.0938463605994	0.115651707163	0.12597912249	0.125833399228	0.123375281102	0.0946508136343	0.0958337474407	0.0944729315526	0.109464820749	0.0	0.12202564566	0.0693781646818	0.107529059483	0.108916457494	0.122925492075	0.129725606859	0.0972527483725	0.0976956765606	0.118513054047	0.120567919866	0.1212420995	0.120793421442	0.0693806962857	0.115244077218	0.113342309302	0.107075812566	0.0959022363831	0.129917838561	0.129407945137	0.0936501745648	0.0932262611585	0.0982558142054	0.122011440484	0.120017814407	0.120063067597	0.12168028903	0.119896635064	0.119362134732	0.11950684069	0.0980753639733	0.113974821087	0.122651764308	0.128274323982	0.118317758669	0.118912731877	0.120261338067	0.151888303841	0.12795247695	0.129802888622	0.127548695572	0.131371515031	0.130399709175	0.130351656395	0.0528661190886	0.128836239515	0.109767334008	0.10884568551	0.115315345911	0.0605230113108	0.118439014503	0.118377996116	0.117993065757	0.123273601736	0.124305532469	0.0931026504496	0.105102954772	0.110459823166	0.0926283873315	0.0989331257656	0.123612290624	0.0986457327449	0.0923053631448	0.118158637647	0.124504407869	0.12503191801	0.122815131232	0.101332826895	0.133349402625	0.13198633324	0.114607959854	0.12273118339	0.467112932799	0.152594907211	0.153872720517	0.0938584554494	0.12399882667	0.12184571131	0.0960899157722	0.0923860228378	0.122997796076	0.121775625296	0.111505928653	0.107669298308	0.0924020782625	0.12096401953	0.0990415655522	0.117802248336	0.0972797745579	0.0992307703548	0.118799734139	0.118489375021	0.11520237679	0.114844316554	0.108420851012	0.0938395214839	0.0983134684788	0.0988787071563	0.109885101553	0.096868583001	0.157269832121	0.0980537099455	0.120135314965	0.0975514797279	0.11776538558	0.106034222292	0.12497049001	0.0990655360459	0.107557774114	0.104920406513	0.119632588141	0.117528236353	0.119291675508	0.114793347563	0.118906758863	0.0955085651013	0.116560782634	0.120330431896	0.121398771702	0.116818138711	0.111863228586	0.12069225503	0.117594447556	0.11263178847	0.0935199636808	0.0933250402174	0.120031127068	0.141363018167	0.124087630762	0.128095302276	0.100797784462	0.125228466901	0.0950485071643
