	CCIS15704761ST-4-0.freeze11.snv.mod.fix.bam	MH0221.freeze11.snv.mod.fix.bam	MMRS65945127ST-27-0-0.freeze11.snv.mod.fix.bam	SAMEA3136692.freeze11.snv.mod.fix.bam	SAMEA3136744.freeze11.snv.mod.fix.bam	SZEY-10A.freeze11.snv.mod.fix.bam	T2D-177A.freeze11.snv.mod.fix.bam	V1.CD18-3.freeze11.snv.mod.fix.bam	V1.CD3-0-PN.freeze11.snv.mod.fix.bam	V1.CD3-0-PT.freeze11.snv.mod.fix.bam	V1.CD3-3-PN.freeze11.snv.mod.fix.bam	V1.CD35-0.freeze11.snv.mod.fix.bam	V1.CD35-1.freeze11.snv.mod.fix.bam	V1.CD37-4.freeze11.snv.mod.fix.bam	V1.CD44-0.freeze11.snv.mod.fix.bam	V1.CD44-4.freeze11.snv.mod.fix.bam	V1.CD53-0.freeze11.snv.mod.fix.bam	V1.CD54-0.freeze11.snv.mod.fix.bam	V1.FI24.freeze11.snv.mod.fix.bam	V1.FI33.freeze11.snv.mod.fix.bam	V1.FI34.freeze11.snv.mod.fix.bam	alien-11-392-1.freeze11.snv.mod.fix.bam	alien-11-392-3.freeze11.snv.mod.fix.bam	alien-13-392-1.freeze11.snv.mod.fix.bam
CCIS15704761ST-4-0.freeze11.snv.mod.fix.bam	0.0	0.406420294976	0.403909461194	0.404151245188	0.0475570517232	0.42273141518	0.0628266408764	0.416631019027	0.423010396712	0.0650026968215	0.0587163129801	0.00996894005617	0.00392434020868	0.418118920527	0.407889597709	0.401677608942	0.0601484181747	0.0595532575743	0.0538434355646	0.4140271914	0.408577752153	0.207246080309	0.164673498614	0.188238138635
MH0221.freeze11.snv.mod.fix.bam	0.406420294976	0.0	0.038759834099	0.0373091301356	0.412799672662	0.0770361002102	0.419551025722	0.0530994848141	0.0799933044432	0.411683746536	0.416463630108	0.382446482043	0.422489631186	0.0607807763126	0.0372161362918	0.0363047966225	0.413543623412	0.423568359775	0.429166589172	0.0760503654658	0.0373277289043	0.079156359849	0.0910409730876	0.0656164561906
MMRS65945127ST-27-0-0.freeze11.snv.mod.fix.bam	0.403909461194	0.038759834099	0.0	0.00243643870776	0.41056782041	0.0773522792791	0.418435099596	0.0599066341808	0.0860565030595	0.409693678278	0.417542358696	0.378410549222	0.420815741998	0.069020030874	0.00278981531423	0.00264102516413	0.413841203712	0.425335242807	0.428087860584	0.0761061617721	0.00277121654546	0.0608179738501	0.0622872765823	0.0487473729239
SAMEA3136692.freeze11.snv.mod.fix.bam	0.404151245188	0.0373091301356	0.00243643870776	0.0	0.411795339149	0.075566797478	0.419123254041	0.0583257388361	0.0842152249521	0.410976993323	0.416742611639	0.380307623635	0.421950266892	0.0676995182919	0.00115312366321	0.000967135975598	0.413469228337	0.424275112988	0.428906206409	0.074711254115	0.00122751873826	0.0757155876281	0.0852567560028	0.062157085201
SAMEA3136744.freeze11.snv.mod.fix.bam	0.0475570517232	0.412799672662	0.41056782041	0.411795339149	0.0	0.428906206409	0.0576003868544	0.422173452117	0.427604292596	0.0566890471851	0.0486543790801	0.0517417746945	0.0475012554169	0.423903137612	0.413339036956	0.409005523834	0.0501980768873	0.0493239347555	0.0491565458367	0.420797143229	0.413785407406	0.158145330779	0.112038983019	0.130284375174
SZEY-10A.freeze11.snv.mod.fix.bam	0.42273141518	0.0770361002102	0.0773522792791	0.075566797478	0.428906206409	0.0	0.436922275745	0.063087023639	0.0661372217159	0.427771681515	0.432681756468	0.396116577083	0.438558967396	0.0668997712351	0.0757527851656	0.0734279390704	0.43098926851	0.44000967136	0.44571949337	0.0588651031302	0.0760503654658	0.0888835159112	0.102479215876	0.075957371622
T2D-177A.freeze11.snv.mod.fix.bam	0.0628266408764	0.419551025722	0.418435099596	0.419123254041	0.0576003868544	0.436922275745	0.0	0.428943403947	0.436215522532	0.0683876727361	0.0656164561906	0.0636077891644	0.0635705916268	0.43054289806	0.420573958004	0.416500827645	0.0616363196756	0.0660442278721	0.0543642010899	0.42829244704	0.421057525992	0.218665724329	0.176502315547	0.199899566649
V1.CD18-3.freeze11.snv.mod.fix.bam	0.416631019027	0.0530994848141	0.0599066341808	0.0583257388361	0.422173452117	0.063087023639	0.428943403947	0.0	0.0603158070936	0.420090390016	0.425205051426	0.390629940298	0.43204939833	0.0310785426005	0.0584187326799	0.0563728681161	0.4240891253	0.432625960161	0.438149794484	0.066992765079	0.0585861215988	0.0675507281418	0.0809976379564	0.0549407629215
V1.CD3-0-PN.freeze11.snv.mod.fix.bam	0.423010396712	0.0799933044432	0.0860565030595	0.0842152249521	0.427604292596	0.0661372217159	0.436215522532	0.0603158070936	0.0	0.427064928302	0.43190060818	0.396265367233	0.438335782171	0.046478323135	0.0846243978649	0.0823925456135	0.42994773746	0.439656294753	0.445700894601	0.0650770918965	0.0849033793963	0.0655978574218	0.0733907415329	0.0529878922015
V1.CD3-0-PT.freeze11.snv.mod.fix.bam	0.0650026968215	0.411683746536	0.409693678278	0.410976993323	0.0566890471851	0.427771681515	0.0683876727361	0.420090390016	0.427064928302	0.0	0.065895437722	0.0609295664627	0.0635519928581	0.421578291517	0.41237190098	0.408335968159	0.065821042647	0.067848308442	0.0613015418379	0.419216247884	0.412985660349	0.213030297394	0.171424851675	0.19417114587
V1.CD3-3-PN.freeze11.snv.mod.fix.bam	0.0587163129801	0.416463630108	0.417542358696	0.416742611639	0.0486543790801	0.432681756468	0.0656164561906	0.425205051426	0.43190060818	0.065895437722	0.0	0.0632358137891	0.0571540164041	0.426525564008	0.417523759927	0.413115851731	0.0611155541503	0.00074395075046	0.0550709543028	0.424777279744	0.418007327915	0.193947960645	0.148864545167	0.169564974799
V1.CD35-0.freeze11.snv.mod.fix.bam	0.00996894005617	0.382446482043	0.378410549222	0.380307623635	0.0517417746945	0.396116577083	0.0636077891644	0.390629940298	0.396265367233	0.0609295664627	0.0632358137891	0.0	0.0115126378634	0.392173638105	0.383302025406	0.378522141834	0.0661744192534	0.0641099559209	0.060278609556	0.386556809939	0.38369259955	0.191381330556	0.151933342013	0.172782561794
V1.CD35-1.freeze11.snv.mod.fix.bam	0.00392434020868	0.422489631186	0.420815741998	0.421950266892	0.0475012554169	0.438558967396	0.0635705916268	0.43204939833	0.438335782171	0.0635519928581	0.0571540164041	0.0115126378634	0.0	0.433518701062	0.423121989324	0.41882567374	0.0613015418379	0.0577305782357	0.0516487808507	0.43009652761	0.42364275485	0.220971971655	0.177227667528	0.202075622594
V1.CD37-4.freeze11.snv.mod.fix.bam	0.418118920527	0.0607807763126	0.069020030874	0.0676995182919	0.423903137612	0.0668997712351	0.43054289806	0.0310785426005	0.046478323135	0.421578291517	0.426525564008	0.392173638105	0.433518701062	0.0	0.067848308442	0.0658768389533	0.425298045269	0.434039466587	0.439526103372	0.0673461416854	0.0680900924359	0.065114289434	0.0809418416501	0.0524299291387
V1.CD44-0.freeze11.snv.mod.fix.bam	0.407889597709	0.0372161362918	0.00278981531423	0.00115312366321	0.413339036956	0.0757527851656	0.420573958004	0.0584187326799	0.0846243978649	0.41237190098	0.417523759927	0.383302025406	0.423121989324	0.067848308442	0.0	1.85987687615e-05	0.414975728607	0.424777279744	0.430077928841	0.0750088344152	0.000539364294084	0.0844012126397	0.0954488812841	0.0706009262187
V1.CD44-4.freeze11.snv.mod.fix.bam	0.401677608942	0.0363047966225	0.00264102516413	0.000967135975598	0.409005523834	0.0734279390704	0.416500827645	0.0563728681161	0.0823925456135	0.408335968159	0.413115851731	0.378522141834	0.41882567374	0.0658768389533	1.85987687615e-05	0.0	0.410735209329	0.420313575241	0.425763014488	0.0728327784701	0.000576561831607	0.0822437554634	0.0934030167203	0.0685178641174
V1.CD53-0.freeze11.snv.mod.fix.bam	0.0601484181747	0.413543623412	0.413841203712	0.413469228337	0.0501980768873	0.43098926851	0.0616363196756	0.4240891253	0.42994773746	0.065821042647	0.0611155541503	0.0661744192534	0.0613015418379	0.425298045269	0.414975728607	0.410735209329	0.0	0.0620082950509	0.0485427864675	0.422898804099	0.415422099057	0.155355515465	0.108523815723	0.127438763554
V1.CD54-0.freeze11.snv.mod.fix.bam	0.0595532575743	0.423568359775	0.425335242807	0.424275112988	0.0493239347555	0.44000967136	0.0660442278721	0.432625960161	0.439656294753	0.067848308442	0.00074395075046	0.0641099559209	0.0577305782357	0.434039466587	0.424777279744	0.420313575241	0.0620082950509	0.0	0.0555545222906	0.432086595867	0.425298045269	0.221139360574	0.177767031822	0.202373202894
V1.FI24.freeze11.snv.mod.fix.bam	0.0538434355646	0.429166589172	0.428087860584	0.428906206409	0.0491565458367	0.44571949337	0.0543642010899	0.438149794484	0.445700894601	0.0613015418379	0.0550709543028	0.060278609556	0.0516487808507	0.439526103372	0.430077928841	0.425763014488	0.0485427864675	0.0555545222906	0.0	0.43790801049	0.43054289806	0.225212490933	0.180966020049	0.206018561571
V1.FI33.freeze11.snv.mod.fix.bam	0.4140271914	0.0760503654658	0.0761061617721	0.074711254115	0.420797143229	0.0588651031302	0.42829244704	0.066992765079	0.0650770918965	0.419216247884	0.424777279744	0.386556809939	0.43009652761	0.0673461416854	0.0750088344152	0.0728327784701	0.422898804099	0.432086595867	0.43790801049	0.0	0.0752692171778	0.0830807000577	0.0954116837465	0.0696895865494
V1.FI34.freeze11.snv.mod.fix.bam	0.408577752153	0.0373277289043	0.00277121654546	0.00122751873826	0.413785407406	0.0760503654658	0.421057525992	0.0585861215988	0.0849033793963	0.412985660349	0.418007327915	0.38369259955	0.42364275485	0.0680900924359	0.000539364294084	0.000576561831607	0.415422099057	0.425298045269	0.43054289806	0.0752692171778	0.0	0.0833968791266	0.0941655662395	0.0695965927056
alien-11-392-1.freeze11.snv.mod.fix.bam	0.207246080309	0.079156359849	0.0608179738501	0.0757155876281	0.158145330779	0.0888835159112	0.218665724329	0.0675507281418	0.0655978574218	0.213030297394	0.193947960645	0.191381330556	0.220971971655	0.065114289434	0.0844012126397	0.0822437554634	0.155355515465	0.221139360574	0.225212490933	0.0830807000577	0.0833968791266	0.0	0.00191567318244	0.000892740900552
alien-11-392-3.freeze11.snv.mod.fix.bam	0.164673498614	0.0910409730876	0.0622872765823	0.0852567560028	0.112038983019	0.102479215876	0.176502315547	0.0809976379564	0.0733907415329	0.171424851675	0.148864545167	0.151933342013	0.177227667528	0.0809418416501	0.0954488812841	0.0934030167203	0.108523815723	0.177767031822	0.180966020049	0.0954116837465	0.0941655662395	0.00191567318244	0.0	0.000502166756561
alien-13-392-1.freeze11.snv.mod.fix.bam	0.188238138635	0.0656164561906	0.0487473729239	0.062157085201	0.130284375174	0.075957371622	0.199899566649	0.0549407629215	0.0529878922015	0.19417114587	0.169564974799	0.172782561794	0.202075622594	0.0524299291387	0.0706009262187	0.0685178641174	0.127438763554	0.202373202894	0.206018561571	0.0696895865494	0.0695965927056	0.000892740900552	0.000502166756561	0.0
