	737052003-stool1.freeze11.snv.mod.fix.bam	BGI-33A.freeze11.snv.mod.fix.bam	BYQ_AAAS.freeze11.snv.mod.fix.bam	CCIS83445808ST-4-0.freeze11.snv.mod.fix.bam	CCMD64776337ST-21-0.freeze11.snv.mod.fix.bam	HT25A.freeze11.snv.mod.fix.bam	M1.4-V2.metaT.freeze11.snv.mod.fix.bam	M1.4-V3.metaG.freeze11.snv.mod.fix.bam	M1.4-V3.metaT.freeze11.snv.mod.fix.bam	MH0245.freeze11.snv.mod.fix.bam	MH0332.freeze11.snv.mod.fix.bam	MH0334.freeze11.snv.mod.fix.bam	MH0338.freeze11.snv.mod.fix.bam	MH0383.freeze11.snv.mod.fix.bam	MH0405.freeze11.snv.mod.fix.bam	N037A.freeze11.snv.mod.fix.bam	O2.UC13-1.freeze11.snv.mod.fix.bam	O2.UC15-1.freeze11.snv.mod.fix.bam	O2.UC15-2.freeze11.snv.mod.fix.bam	O2.UC24-1.freeze11.snv.mod.fix.bam	O2.UC8-1.freeze11.snv.mod.fix.bam	SZEY-93A.freeze11.snv.mod.fix.bam	V1.UC63-0.freeze11.snv.mod.fix.bam	peacemaker-11-773-0.freeze11.snv.mod.fix.bam
737052003-stool1.freeze11.snv.mod.fix.bam	0.0	0.155523132877	0.1515478305	0.157954833799	0.1450562463	0.148058868308	0.0802249851983	0.153006851053	0.063266514421	0.154064112323	0.149961938594	0.150342552652	0.148650934619	0.153408610336	0.150109955172	0.142857142857	0.150427133553	0.158568045335	0.156368941893	0.140319715808	0.144612196566	0.144189292058	0.145436860357	0.149369872283
BGI-33A.freeze11.snv.mod.fix.bam	0.155523132877	0.0	0.149665905439	0.159709887507	0.148058868308	0.15127294257	0.0829315740506	0.155438551975	0.0653810369619	0.155332825848	0.154487016832	0.153979531422	0.153070286729	0.15389495052	0.151167216443	0.14583861964	0.151843863656	0.164573289351	0.162501057261	0.144781358369	0.150279116975	0.146050071894	0.149094984353	0.147889706504
BYQ_AAAS.freeze11.snv.mod.fix.bam	0.1515478305	0.149665905439	0.0	0.159181256872	0.14611350757	0.148925822549	0.0821069102597	0.153218303307	0.0628436099129	0.152626236996	0.153493191237	0.150850038061	0.14717076884	0.152414784742	0.138902985706	0.14740336632	0.150300262201	0.1606191322	0.15831430263	0.142201640869	0.147847416053	0.146367250275	0.144929374947	4.22904508162e-05
CCIS83445808ST-4-0.freeze11.snv.mod.fix.bam	0.157954833799	0.159709887507	0.159181256872	0.0	0.145246553328	0.152795398799	0.0804364374524	0.153979531422	0.0624207054047	0.157109024782	0.155565423327	0.152309058615	0.153873805295	0.157785671995	0.156072908737	0.150046519496	0.149771631566	0.163642899433	0.161359215089	0.146874735685	0.151611266176	0.150427133553	0.15182271843	0.157278186585
CCMD64776337ST-21-0.freeze11.snv.mod.fix.bam	0.1450562463	0.148058868308	0.14611350757	0.145246553328	0.0	0.14169415546	0.0744311934365	0.141165524824	0.0567749302208	0.143977839804	0.141398122304	0.140087118329	0.138564662099	0.143132030787	0.136407849108	0.134652795399	0.137951450562	0.150871183287	0.148650934619	0.136217542079	0.139748794722	0.136471284784	0.137232512899	0.143808678001
HT25A.freeze11.snv.mod.fix.bam	0.148058868308	0.15127294257	0.148925822549	0.152795398799	0.14169415546	0.0	0.0776452676986	0.148206884885	0.0600101497082	0.15076545716	0.151611266176	0.145436860357	0.146874735685	0.149306436607	0.144971665398	0.14091178212	0.148756660746	0.15753192929	0.155353971073	0.138649243001	0.146451831177	0.143153176013	0.144865939271	0.146938171361
M1.4-V2.metaT.freeze11.snv.mod.fix.bam	0.0802249851983	0.0829315740506	0.0821069102597	0.0804364374524	0.0744311934365	0.0776452676986	0.0	0.0	0.0	0.081345682145	0.0810707942147	0.077306944092	0.0778567199526	0.0806690349319	0.0779835913051	0.0785545123911	0.0784910767149	0.0853209845217	0.083417914235	0.0727818658547	0.0781316078829	0.0765457159773	0.0775606867969	0.0804364374524
M1.4-V3.metaG.freeze11.snv.mod.fix.bam	0.153006851053	0.155438551975	0.153218303307	0.153979531422	0.141165524824	0.148206884885	0.0	0.0	6.34356762243e-05	0.152372494291	0.151230652119	0.148249175336	0.14818573966	0.152013025459	0.146917026135	0.147720544701	0.14818573966	0.15831430263	0.156072908737	0.143280047365	0.147361075869	0.147043897488	0.149369872283	0.151230652119
M1.4-V3.metaT.freeze11.snv.mod.fix.bam	0.063266514421	0.0653810369619	0.0628436099129	0.0624207054047	0.0567749302208	0.0600101497082	0.0	6.34356762243e-05	0.0	0.0622938340523	0.0617229129663	0.0600735853844	0.0591854859173	0.0613422989089	0.0594180833968	0.060982830077	0.0591009050156	0.06580394147	0.0641334686628	0.0563943161634	0.0593335024951	0.0595872452	0.0603484733147	0.0614691702614
MH0245.freeze11.snv.mod.fix.bam	0.154064112323	0.155332825848	0.152626236996	0.157109024782	0.143977839804	0.15076545716	0.081345682145	0.152372494291	0.0622938340523	0.0	0.151907299332	0.142709126279	0.148629789394	0.152076461135	0.149327581832	0.147466801996	0.148714370295	0.162141588429	0.160048211114	0.14482364882	0.150575150131	0.147889706504	0.146472976402	0.150448278779
MH0332.freeze11.snv.mod.fix.bam	0.149961938594	0.154487016832	0.153493191237	0.155565423327	0.141398122304	0.151611266176	0.0810707942147	0.151230652119	0.0617229129663	0.151907299332	0.0	0.150173390848	0.149073839127	0.152626236996	0.148989258225	0.145035101074	0.149073839127	0.158652626237	0.156516958471	0.142265076546	0.147762835152	0.14611350757	0.14662099298	0.151399813922
MH0334.freeze11.snv.mod.fix.bam	0.150342552652	0.153979531422	0.150850038061	0.152309058615	0.140087118329	0.145436860357	0.077306944092	0.148249175336	0.0600735853844	0.142709126279	0.150173390848	0.0	0.146261524148	0.147382221094	0.146769009558	0.143068595111	0.146705573881	0.155819166032	0.153556626914	0.142265076546	0.147614818574	0.14302630466	0.142539964476	0.148883532098
MH0338.freeze11.snv.mod.fix.bam	0.148650934619	0.153070286729	0.14717076884	0.153873805295	0.138564662099	0.146874735685	0.0778567199526	0.14818573966	0.0591854859173	0.148629789394	0.149073839127	0.146261524148	0.0	0.14560602216	0.143893258902	0.142265076546	0.14533113423	0.152710817897	0.15076545716	0.140425441935	0.147593673349	0.142032479066	0.143322337816	0.145035101074
MH0383.freeze11.snv.mod.fix.bam	0.153408610336	0.15389495052	0.152414784742	0.157785671995	0.143132030787	0.149306436607	0.0806690349319	0.152013025459	0.0613422989089	0.152076461135	0.152626236996	0.147382221094	0.14560602216	0.0	0.149221855705	0.145584876935	0.150596295357	0.162268459782	0.160048211114	0.143216611689	0.151294087795	0.145563731709	0.148397191914	0.150342552652
MH0405.freeze11.snv.mod.fix.bam	0.150109955172	0.151167216443	0.138902985706	0.156072908737	0.136407849108	0.144971665398	0.0779835913051	0.146917026135	0.0594180833968	0.149327581832	0.148989258225	0.146769009558	0.143893258902	0.149221855705	0.0	0.142709126279	0.147889706504	0.158525754885	0.156284360991	0.142497674025	0.147339930644	0.141398122304	0.145288843779	0.136915334517
N037A.freeze11.snv.mod.fix.bam	0.142857142857	0.14583861964	0.14740336632	0.150046519496	0.134652795399	0.14091178212	0.0785545123911	0.147720544701	0.060982830077	0.147466801996	0.145035101074	0.143068595111	0.142265076546	0.145584876935	0.142709126279	0.0	0.142434238349	0.154021821873	0.152013025459	0.135202571259	0.13911443796	0.136725027489	0.137930305337	0.145352279455
O2.UC13-1.freeze11.snv.mod.fix.bam	0.150427133553	0.151843863656	0.150300262201	0.149771631566	0.137951450562	0.148756660746	0.0784910767149	0.14818573966	0.0591009050156	0.148714370295	0.149073839127	0.146705573881	0.14533113423	0.150596295357	0.147889706504	0.142434238349	0.0	0.155142518819	0.15311257718	0.13962192337	0.144865939271	0.143576080521	0.142624545378	0.148037723082
O2.UC15-1.freeze11.snv.mod.fix.bam	0.158568045335	0.164573289351	0.1606191322	0.163642899433	0.150871183287	0.15753192929	0.0853209845217	0.15831430263	0.06580394147	0.162141588429	0.158652626237	0.155819166032	0.152710817897	0.162268459782	0.158525754885	0.154021821873	0.155142518819	0.0	2.11452254081e-05	0.148143449209	0.153493191237	0.154064112323	0.153873805295	0.158716061913
O2.UC15-2.freeze11.snv.mod.fix.bam	0.156368941893	0.162501057261	0.15831430263	0.161359215089	0.148650934619	0.155353971073	0.083417914235	0.156072908737	0.0641334686628	0.160048211114	0.156516958471	0.153556626914	0.15076545716	0.160048211114	0.156284360991	0.152013025459	0.15311257718	2.11452254081e-05	0.0	0.145923200541	0.151463249598	0.15182271843	0.151590120951	0.156368941893
O2.UC24-1.freeze11.snv.mod.fix.bam	0.140319715808	0.144781358369	0.142201640869	0.146874735685	0.136217542079	0.138649243001	0.0727818658547	0.143280047365	0.0563943161634	0.14482364882	0.142265076546	0.142265076546	0.140425441935	0.143216611689	0.142497674025	0.135202571259	0.13962192337	0.148143449209	0.145923200541	0.0	0.130212298063	0.135033409456	0.120274042121	0.140319715808
O2.UC8-1.freeze11.snv.mod.fix.bam	0.144612196566	0.150279116975	0.147847416053	0.151611266176	0.139748794722	0.146451831177	0.0781316078829	0.147361075869	0.0593335024951	0.150575150131	0.147762835152	0.147614818574	0.147593673349	0.151294087795	0.147339930644	0.13911443796	0.144865939271	0.153493191237	0.151463249598	0.130212298063	0.0	0.142180495644	0.13754969128	0.145817474414
SZEY-93A.freeze11.snv.mod.fix.bam	0.144189292058	0.146050071894	0.146367250275	0.150427133553	0.136471284784	0.143153176013	0.0765457159773	0.147043897488	0.0595872452	0.147889706504	0.14611350757	0.14302630466	0.142032479066	0.145563731709	0.141398122304	0.136725027489	0.143576080521	0.154064112323	0.15182271843	0.135033409456	0.142180495644	0.0	0.140658039415	0.144020130255
V1.UC63-0.freeze11.snv.mod.fix.bam	0.145436860357	0.149094984353	0.144929374947	0.15182271843	0.137232512899	0.144865939271	0.0775606867969	0.149369872283	0.0603484733147	0.146472976402	0.14662099298	0.142539964476	0.143322337816	0.148397191914	0.145288843779	0.137930305337	0.142624545378	0.153873805295	0.151590120951	0.120274042121	0.13754969128	0.140658039415	0.0	0.142857142857
peacemaker-11-773-0.freeze11.snv.mod.fix.bam	0.149369872283	0.147889706504	4.22904508162e-05	0.157278186585	0.143808678001	0.146938171361	0.0804364374524	0.151230652119	0.0614691702614	0.150448278779	0.151399813922	0.148883532098	0.145035101074	0.150342552652	0.136915334517	0.145352279455	0.148037723082	0.158716061913	0.156368941893	0.140319715808	0.145817474414	0.144020130255	0.142857142857	0.0
