	159753524-stool2.freeze11.snv.mod.fix.bam	159753524-stool3.freeze11.snv.mod.fix.bam	160502038-stool1.freeze11.snv.mod.fix.bam	765620695-stool1.freeze11.snv.mod.fix.bam	CCIS15704761ST-4-0.freeze11.snv.mod.fix.bam	CCIS41288781ST-4-0.freeze11.snv.mod.fix.bam	CCMD11006829ST-21-0.freeze11.snv.mod.fix.bam	CCMD40701343ST-21-0.freeze11.snv.mod.fix.bam	CCMD88272491ST-21-0.freeze11.snv.mod.fix.bam	HT14A.freeze11.snv.mod.fix.bam	M3.5-V1.metaT.freeze11.snv.mod.fix.bam	MH0233.freeze11.snv.mod.fix.bam	MMRS72980899ST-27-0-0.freeze11.snv.mod.fix.bam	MMRS85438660ST-27-0-0.freeze11.snv.mod.fix.bam	N087A.freeze11.snv.mod.fix.bam	SAMEA3136681.freeze11.snv.mod.fix.bam	SZEY-10A.freeze11.snv.mod.fix.bam	SZEY-39A.freeze11.snv.mod.fix.bam	T2D-135A.freeze11.snv.mod.fix.bam	T2D-78A.freeze11.snv.mod.fix.bam	V1.CD3-0-PN.freeze11.snv.mod.fix.bam	V1.CD7-4.freeze11.snv.mod.fix.bam	V1.FI05.freeze11.snv.mod.fix.bam	V1.FI13.freeze11.snv.mod.fix.bam	V1.FI22.freeze11.snv.mod.fix.bam	V1.FI34.freeze11.snv.mod.fix.bam
159753524-stool2.freeze11.snv.mod.fix.bam	0.0	0.0689622006567	0.141021323045	0.139788006264	0.22508443358	0.224270870059	0.204394299637	0.184384348098	0.174902461224	0.17406297018	0.150666064071	0.157133899695	0.145505203525	0.154115590985	0.136153416656	0.218785505509	0.119032177129	0.155181841784	0.172627208817	0.150782546141	0.190499562225	0.174540750563	0.134138230455	0.140619363659	0.157996131944	0.153213154938
159753524-stool3.freeze11.snv.mod.fix.bam	0.0689622006567	0.0	0.147728365135	0.148832047037	0.228308407205	0.226517398474	0.207320002452	0.181874618934	0.171397873068	0.146182399965	0.154069731687	0.15999678906	0.146297312714	0.156527625698	0.140081319589	0.222424216455	0.147703785752	0.160643201404	0.177363409088	0.156767135535	0.192534387622	0.179140155557	0.0990426371085	0.143664173545	0.11954251617	0.15674012139
160502038-stool1.freeze11.snv.mod.fix.bam	0.141021323045	0.147728365135	0.0	0.103849269337	0.225337238217	0.223578486663	0.204801923438	0.159629985726	0.146914409014	0.209874074154	0.173034992441	0.174650333098	0.168994155058	0.175000553859	0.103417088986	0.221243642363	0.140451624911	0.177870510122	0.188267624886	0.173223346044	0.190533862339	0.185535392784	0.166861522472	0.1590141308	0.198115225201	0.177269471366
765620695-stool1.freeze11.snv.mod.fix.bam	0.139788006264	0.148832047037	0.103849269337	0.0	0.228598975949	0.227715412562	0.209859582061	0.170245658368	0.157361850494	0.205686353018	0.168555137852	0.170594772247	0.162378050735	0.171286500333	0.118437155287	0.219372759529	0.145725854173	0.17273210981	0.182622772429	0.168495511627	0.187880959344	0.186753995277	0.164261364514	0.159443395016	0.195497246965	0.170767970169
CCIS15704761ST-4-0.freeze11.snv.mod.fix.bam	0.22508443358	0.228308407205	0.225337238217	0.228598975949	0.0	0.178596925274	0.185072095413	0.225062527104	0.224012212625	0.248356077329	0.22007493442	0.221530839012	0.220127157461	0.223748297782	0.225930021734	0.216991631462	0.233486861371	0.227168085088	0.220888907799	0.22543140706	0.212944855656	0.228879118493	0.226045414213	0.224601668834	0.236532865577	0.223754981196
CCIS41288781ST-4-0.freeze11.snv.mod.fix.bam	0.224270870059	0.226517398474	0.223578486663	0.227715412562	0.178596925274	0.0	0.120185122814	0.223052115529	0.220441634159	0.246020295587	0.21845533797	0.220036787182	0.217319500351	0.220724629913	0.222911870676	0.22277865295	0.228308676218	0.222882777853	0.218573931583	0.220323784333	0.210436262534	0.223648985606	0.223396159198	0.218561408798	0.234919952751	0.220741768598
CCMD11006829ST-21-0.freeze11.snv.mod.fix.bam	0.204394299637	0.207320002452	0.204801923438	0.209859582061	0.185072095413	0.120185122814	0.0	0.209122804972	0.206391888271	0.232335578397	0.196866618995	0.202354465108	0.20054128704	0.204175065354	0.205206553495	0.220216705546	0.207517299305	0.208645808411	0.202602285969	0.204778556552	0.205723136378	0.215347143235	0.207203671389	0.199552688315	0.222036709647	0.202693267306
CCMD40701343ST-21-0.freeze11.snv.mod.fix.bam	0.184384348098	0.181874618934	0.159629985726	0.170245658368	0.225062527104	0.223052115529	0.209122804972	0.0	0.116251775762	0.217664664945	0.168607337199	0.173370751711	0.164064348405	0.169837883879	0.155644856793	0.218978057369	0.198514788994	0.175973925928	0.182708120037	0.172413320283	0.192435631356	0.189404346725	0.173165474868	0.171684108974	0.208486898183	0.17036840703
CCMD88272491ST-21-0.freeze11.snv.mod.fix.bam	0.174902461224	0.171397873068	0.146914409014	0.157361850494	0.224012212625	0.220441634159	0.206391888271	0.116251775762	0.0	0.216344484882	0.159956581435	0.164896219534	0.156613512678	0.163641356446	0.141237820234	0.217783656527	0.190604420596	0.169330118589	0.179574116813	0.166030515474	0.19113539751	0.18917309536	0.166817959851	0.159368536438	0.206660114557	0.164801110034
HT14A.freeze11.snv.mod.fix.bam	0.17406297018	0.146182399965	0.209874074154	0.205686353018	0.248356077329	0.246020295587	0.232335578397	0.217664664945	0.216344484882	0.0	0.202410858841	0.205933407216	0.200191484116	0.203700317683	0.1984988771	0.241947721279	0.1934851435	0.203144313237	0.212254423906	0.202492164264	0.226179316178	0.221084581119	0.148364766648	0.202169504794	0.103014288923	0.201106354735
M3.5-V1.metaT.freeze11.snv.mod.fix.bam	0.150666064071	0.154069731687	0.173034992441	0.168555137852	0.22007493442	0.21845533797	0.196866618995	0.168607337199	0.159956581435	0.202410858841	0.0	0.0775691283536	0.0638370139803	0.0700646454224	0.160379359016	0.211328286162	0.163431718142	0.0921039692355	0.118280515635	0.0850684019369	0.185012481697	0.189351607796	0.12552084573	0.0706294678054	0.186017369621	0.0728859327979
MH0233.freeze11.snv.mod.fix.bam	0.157133899695	0.15999678906	0.174650333098	0.170594772247	0.221530839012	0.220036787182	0.202354465108	0.173370751711	0.164896219534	0.205933407216	0.0775691283536	0.0	0.06762027168	0.0499156590201	0.164204371175	0.213937128333	0.166207654006	0.0924450736033	0.120928705357	0.0891725225946	0.18355862955	0.187525910538	0.127698208875	0.0966897749762	0.191075516207	0.0505964581542
MMRS72980899ST-27-0-0.freeze11.snv.mod.fix.bam	0.145505203525	0.146297312714	0.168994155058	0.162378050735	0.220127157461	0.217319500351	0.20054128704	0.164064348405	0.156613512678	0.200191484116	0.0638370139803	0.06762027168	0.0	0.0588081792946	0.155579205695	0.208282954078	0.161550825024	0.0731947188156	0.113090330344	0.0654826519279	0.180719497915	0.182022245905	0.116566788295	0.0768993179905	0.183920057884	0.0616407058032
MMRS85438660ST-27-0-0.freeze11.snv.mod.fix.bam	0.154115590985	0.156527625698	0.175000553859	0.171286500333	0.223748297782	0.220724629913	0.204175065354	0.169837883879	0.163641356446	0.203700317683	0.0700646454224	0.0499156590201	0.0588081792946	0.0	0.162578843809	0.211238929251	0.164438659358	0.0854609504643	0.118708210079	0.0793391703181	0.188300080744	0.188932953809	0.123456532316	0.0892835500611	0.185691986616	0.041513749578
N087A.freeze11.snv.mod.fix.bam	0.136153416656	0.140081319589	0.103417088986	0.118437155287	0.225930021734	0.222911870676	0.205206553495	0.155644856793	0.141237820234	0.1984988771	0.160379359016	0.164204371175	0.155579205695	0.162578843809	0.0	0.218765277901	0.140111902876	0.16562643272	0.17911585151	0.159725134264	0.186584176492	0.18365076111	0.152873003399	0.14813164539	0.189734900964	0.163992763295
SAMEA3136681.freeze11.snv.mod.fix.bam	0.218785505509	0.222424216455	0.221243642363	0.219372759529	0.216991631462	0.22277865295	0.220216705546	0.218978057369	0.217783656527	0.241947721279	0.211328286162	0.213937128333	0.208282954078	0.211238929251	0.218765277901	0.0	0.222155457391	0.215832076568	0.209301182357	0.216558956524	0.206968139464	0.214339555758	0.219882727605	0.214921504315	0.233399439968	0.212523771137
SZEY-10A.freeze11.snv.mod.fix.bam	0.119032177129	0.147703785752	0.140451624911	0.145725854173	0.233486861371	0.228308676218	0.207517299305	0.198514788994	0.190604420596	0.1934851435	0.163431718142	0.166207654006	0.161550825024	0.164438659358	0.140111902876	0.222155457391	0.0	0.159783755375	0.185536538789	0.154922835925	0.20044476482	0.191278723209	0.174479191412	0.15239249102	0.181276730728	0.164728666078
SZEY-39A.freeze11.snv.mod.fix.bam	0.155181841784	0.160643201404	0.177870510122	0.17273210981	0.227168085088	0.222882777853	0.208645808411	0.175973925928	0.169330118589	0.203144313237	0.0921039692355	0.0924450736033	0.0731947188156	0.0854609504643	0.16562643272	0.215832076568	0.159783755375	0.0	0.130561447799	0.0421508661317	0.188020395835	0.193185643824	0.135118696113	0.10371281065	0.189563564899	0.0857191625309
T2D-135A.freeze11.snv.mod.fix.bam	0.172627208817	0.177363409088	0.188267624886	0.182622772429	0.220888907799	0.218573931583	0.202602285969	0.182708120037	0.179574116813	0.212254423906	0.118280515635	0.120928705357	0.113090330344	0.118708210079	0.17911585151	0.209301182357	0.185536538789	0.130561447799	0.0	0.127733395851	0.186850833963	0.19107645197	0.155885426	0.129447151416	0.199954506819	0.117984406467
T2D-78A.freeze11.snv.mod.fix.bam	0.150782546141	0.156767135535	0.173223346044	0.168495511627	0.22543140706	0.220323784333	0.204778556552	0.172413320283	0.166030515474	0.202492164264	0.0850684019369	0.0891725225946	0.0654826519279	0.0793391703181	0.159725134264	0.216558956524	0.154922835925	0.0421508661317	0.127733395851	0.0	0.188102502938	0.190708227605	0.132252415482	0.0968672965943	0.188471457068	0.079104438102
V1.CD3-0-PN.freeze11.snv.mod.fix.bam	0.190499562225	0.192534387622	0.190533862339	0.187880959344	0.212944855656	0.210436262534	0.205723136378	0.192435631356	0.19113539751	0.226179316178	0.185012481697	0.18355862955	0.180719497915	0.188300080744	0.186584176492	0.206968139464	0.20044476482	0.188020395835	0.186850833963	0.188102502938	0.0	0.193984559773	0.190105669589	0.182846414845	0.217958259875	0.18518128379
V1.CD7-4.freeze11.snv.mod.fix.bam	0.174540750563	0.179140155557	0.185535392784	0.186753995277	0.228879118493	0.223648985606	0.215347143235	0.189404346725	0.18917309536	0.221084581119	0.189351607796	0.187525910538	0.182022245905	0.188932953809	0.18365076111	0.214339555758	0.191278723209	0.193185643824	0.19107645197	0.190708227605	0.193984559773	0.0	0.191588312271	0.182008420735	0.217030738099	0.187004574928
V1.FI05.freeze11.snv.mod.fix.bam	0.134138230455	0.0990426371085	0.166861522472	0.164261364514	0.226045414213	0.223396159198	0.207203671389	0.173165474868	0.166817959851	0.148364766648	0.12552084573	0.127698208875	0.116566788295	0.123456532316	0.152873003399	0.219882727605	0.174479191412	0.135118696113	0.155885426	0.132252415482	0.190105669589	0.191588312271	0.0	0.127719482973	0.101376649655	0.124618084881
V1.FI13.freeze11.snv.mod.fix.bam	0.140619363659	0.143664173545	0.1590141308	0.159443395016	0.224601668834	0.218561408798	0.199552688315	0.171684108974	0.159368536438	0.202169504794	0.0706294678054	0.0966897749762	0.0768993179905	0.0892835500611	0.14813164539	0.214921504315	0.15239249102	0.10371281065	0.129447151416	0.0968672965943	0.182846414845	0.182008420735	0.127719482973	0.0	0.186381582087	0.090433239425
V1.FI22.freeze11.snv.mod.fix.bam	0.157996131944	0.11954251617	0.198115225201	0.195497246965	0.236532865577	0.234919952751	0.222036709647	0.208486898183	0.206660114557	0.103014288923	0.186017369621	0.191075516207	0.183920057884	0.185691986616	0.189734900964	0.233399439968	0.181276730728	0.189563564899	0.199954506819	0.188471457068	0.217958259875	0.217030738099	0.101376649655	0.186381582087	0.0	0.185178826553
V1.FI34.freeze11.snv.mod.fix.bam	0.153213154938	0.15674012139	0.177269471366	0.170767970169	0.223754981196	0.220741768598	0.202693267306	0.17036840703	0.164801110034	0.201106354735	0.0728859327979	0.0505964581542	0.0616407058032	0.041513749578	0.163992763295	0.212523771137	0.164728666078	0.0857191625309	0.117984406467	0.079104438102	0.18518128379	0.187004574928	0.124618084881	0.090433239425	0.185178826553	0.0
