	160319967-stool3.freeze11.snv.mod.fix.bam	604812005-stool3.freeze11.snv.mod.fix.bam	737052003-stool1.freeze11.snv.mod.fix.bam	737052003-stool2.freeze11.snv.mod.fix.bam	763921366-stool3.freeze11.snv.mod.fix.bam	763982056-stool1.freeze11.snv.mod.fix.bam	764224817-stool1.freeze11.snv.mod.fix.bam	764487809-stool2.freeze11.snv.mod.fix.bam	765216093-stool3.freeze11.snv.mod.fix.bam	823052294-stool3.freeze11.snv.mod.fix.bam	857980665-stool3.freeze11.snv.mod.fix.bam	863126187-stool3.freeze11.snv.mod.fix.bam	BYQ_AAAL.freeze11.snv.mod.fix.bam	CCIS02124300ST-4-0.freeze11.snv.mod.fix.bam	CCMD48236717ST-21-0.freeze11.snv.mod.fix.bam	M1.4-V3.metaT.freeze11.snv.mod.fix.bam	M4.1-V3.metaT.freeze11.snv.mod.fix.bam	M4.2-V3.metaT.freeze11.snv.mod.fix.bam	M4.3-V1.metaT.freeze11.snv.mod.fix.bam	M4.4-V3.metaT.freeze11.snv.mod.fix.bam	M4.6-V2.metaT.freeze11.snv.mod.fix.bam	MH0108.freeze11.snv.mod.fix.bam	MH0150.freeze11.snv.mod.fix.bam	MH0299.freeze11.snv.mod.fix.bam	MH0311.freeze11.snv.mod.fix.bam	MH0393.freeze11.snv.mod.fix.bam	MH0435.freeze11.snv.mod.fix.bam	MH0452.freeze11.snv.mod.fix.bam	MMRS17603756ST-27-0-0.freeze11.snv.mod.fix.bam	MMRS18295921ST-27-0-0.freeze11.snv.mod.fix.bam	MMRS42780924ST-27-0-0.freeze11.snv.mod.fix.bam	MMRS81194191ST-27-0-0.freeze11.snv.mod.fix.bam	N052A.freeze11.snv.mod.fix.bam	O2.UC3-1.freeze11.snv.mod.fix.bam	O2.UC43-1.freeze11.snv.mod.fix.bam	SZEY-22A.freeze11.snv.mod.fix.bam	T2D-107A.freeze11.snv.mod.fix.bam	T2D-132A.freeze11.snv.mod.fix.bam	T2D-195A.freeze11.snv.mod.fix.bam	V1.CD17-4.freeze11.snv.mod.fix.bam	V1.CD32-4.freeze11.snv.mod.fix.bam	V1.CD49-0.freeze11.snv.mod.fix.bam	V1.CD52-0.freeze11.snv.mod.fix.bam	V1.FI35.freeze11.snv.mod.fix.bam	V1.FI37.freeze11.snv.mod.fix.bam	V1.UC53-0.freeze11.snv.mod.fix.bam	peacemaker-11-0-0.freeze11.snv.mod.fix.bam	peacemaker-11-60-0.freeze11.snv.mod.fix.bam	peacemaker-11-7-0.freeze11.snv.mod.fix.bam	peacemaker-12-7-0.freeze11.snv.mod.fix.bam	peacemaker-13-7-0.freeze11.snv.mod.fix.bam
160319967-stool3.freeze11.snv.mod.fix.bam	0.0	0.0975736478738	0.117338582077	0.115675069515	0.071954392164	0.189686658104	0.165010151589	0.0854824131846	0.110118449898	0.108193223746	0.0889183038222	0.091371434911	0.105624584677	0.0624873591769	0.0930802814255	0.091656684184	0.170158658381	0.164127433238	0.15450492973	0.167733262635	0.169282751355	0.0958573861002	0.0876178903781	0.0949393937763	0.0754899689242	0.0875877208566	0.100015673656	0.0959309800042	0.095219688119	0.0891588946001	0.0825147474227	0.0945731673888	0.0915162724549	0.075637786085	0.105782696756	0.0770788761897	0.152159120161	0.09343962948	0.284542057949	0.0826635851029	0.0653302966377	0.0909316666799	0.0940880655783	0.126947371213	0.0967579092486	0.105393756954	0.0924774280554	0.0917935375088	0.0923507932418	0.0922699468014	0.0924429827038
604812005-stool3.freeze11.snv.mod.fix.bam	0.0975736478738	0.0	0.11929264237	0.11768260267	0.0750097690437	0.183808799619	0.16809140213	0.0943092455665	0.112092983864	0.0979977672604	0.092573023893	0.102652734953	0.118129786	0.0914323656952	0.103568300725	0.0990408431933	0.170419639427	0.166862728584	0.15820985889	0.169679609644	0.169374622795	0.0982162983665	0.0983522858048	0.0960763281651	0.0936689178396	0.0963800475609	0.0971162746678	0.0992713189549	0.100942438042	0.0989488910244	0.0870583387983	0.0940325600816	0.101941723721	0.0928458024673	0.0798452933727	0.102503803834	0.154389098019	0.106784015864	0.278954042559	0.0949481998234	0.0954969458084	0.100403673452	0.0926562520714	0.130439038892	0.0797596638491	0.0799406108332	0.102534215257	0.101905527327	0.102437461694	0.102303546654	0.101722587924
737052003-stool1.freeze11.snv.mod.fix.bam	0.117338582077	0.11929264237	0.0	0.00243971408423	0.111310758559	0.178230358037	0.156800897031	0.108983995312	0.0660473494976	0.121977317747	0.114698743578	0.116641301217	0.103671729044	0.113356072341	0.115996473059	0.112264283498	0.158705654526	0.157775675672	0.151652189448	0.160079112076	0.159028948045	0.110924648397	0.114961919667	0.105208567284	0.107084553996	0.108217501563	0.109083516544	0.106512145209	0.116248849913	0.108833701423	0.114372366704	0.122201421433	0.118704609039	0.116339344057	0.116644612755	0.128607612851	0.138984532855	0.1265763388	0.283180862893	0.116794186885	0.119295985615	0.115382468395	0.113344124865	0.114002472182	0.0998245961546	0.115575910671	0.117327067244	0.116963889072	0.117258923969	0.117125261693	0.11760251242
737052003-stool2.freeze11.snv.mod.fix.bam	0.115675069515	0.11768260267	0.00243971408423	0.0	0.109739075155	0.177397641069	0.15619911561	0.10798719617	0.0645595251967	0.120233446984	0.11325459223	0.115225170199	0.102397863822	0.111769569643	0.114460560209	0.110769710552	0.157493525877	0.156557947423	0.150253927392	0.158818269167	0.157812586115	0.110135404775	0.113925744271	0.104327119296	0.106143224355	0.107155899897	0.108163522612	0.105698570978	0.114868037151	0.107331252701	0.112826403042	0.120671379389	0.117709929087	0.115044758044	0.115822811267	0.127497388366	0.138237783439	0.1257404177	0.282575702524	0.115913025399	0.118278134901	0.114448986269	0.112308296993	0.112833670687	0.0986222196109	0.114655909087	0.115839068481	0.115470028277	0.115741409795	0.115586101534	0.116041668796
763921366-stool3.freeze11.snv.mod.fix.bam	0.071954392164	0.0750097690437	0.111310758559	0.109739075155	0.0	0.181003393367	0.163952385169	0.0827609159387	0.103640968402	0.1004186251	0.079593237673	0.0838959124139	0.104143658021	0.0744110763631	0.0924475457561	0.0841070087477	0.164330311944	0.159387874509	0.150811842534	0.163356079608	0.1635554353	0.092684624028	0.083743685636	0.087550983157	0.0724587834192	0.0825678754058	0.0908546750702	0.089392694051	0.0892521641984	0.0842214757694	0.0806624403242	0.0886312739498	0.0818520230157	0.0837431940024	0.0929415025175	0.0851078909248	0.148989658364	0.0907832497419	0.273328795399	0.0790351074851	0.0764316808678	0.0895979821695	0.0847598899393	0.120976723601	0.0817941440579	0.0918085499143	0.0887095354525	0.0880395801046	0.0885855840855	0.0884288302485	0.0880892873986
763982056-stool1.freeze11.snv.mod.fix.bam	0.189686658104	0.183808799619	0.178230358037	0.177397641069	0.181003393367	0.0	0.137688868194	0.185399169231	0.172517850378	0.18642631111	0.18495848764	0.186636981372	0.17288481809	0.186716790855	0.18952557453	0.18360332237	0.0867752775566	0.0823194561531	0.0843755031511	0.0816012010949	0.0861912399483	0.186444215024	0.187231278754	0.18194257281	0.18269298423	0.181645907541	0.184171290324	0.185023503199	0.185902255429	0.185545175171	0.167371894363	0.187031680509	0.189005142121	0.186157913318	0.184955670059	0.193721346459	0.138099728154	0.19953055442	0.306751383045	0.18451512881	0.188016376942	0.185570695322	0.178938815053	0.146332601424	0.176581818837	0.184131199705	0.191491266886	0.19154465622	0.19152886603	0.19195234778	0.192410691979
764224817-stool1.freeze11.snv.mod.fix.bam	0.165010151589	0.16809140213	0.156800897031	0.15619911561	0.163952385169	0.137688868194	0.0	0.161620158087	0.152636569743	0.17484518863	0.154690720109	0.16020346208	0.144212083223	0.164332728487	0.163699281955	0.152128079039	0.11960177701	0.121364598596	0.119083382846	0.122706026676	0.121020685705	0.169588058408	0.164507910038	0.167293717678	0.151878689673	0.165038367069	0.146082961248	0.166518793717	0.16930720177	0.150387878084	0.162411970895	0.165188353332	0.166644727708	0.161312557171	0.162241333439	0.175205988295	0.106462289203	0.179431635818	0.307215480475	0.168777378442	0.169079625074	0.160412028462	0.165518666165	0.132502706077	0.162053709905	0.162129566551	0.169200892107	0.169085856532	0.169106663445	0.169670694748	0.170232139648
764487809-stool2.freeze11.snv.mod.fix.bam	0.0854824131846	0.0943092455665	0.108983995312	0.10798719617	0.0827609159387	0.185399169231	0.161620158087	0.0	0.1063500233	0.104751561561	0.0804809561502	0.0807166843933	0.0990097746624	0.0760932102404	0.0845849930104	0.0825151619104	0.167854665489	0.161921532106	0.155027683476	0.166309798236	0.167878603959	0.0881698446938	0.0792156112389	0.0864644324468	0.0723028329334	0.0782577173675	0.0822918465172	0.0878657537399	0.0931839472987	0.0745556698216	0.0826235243056	0.0904864208746	0.0849676997821	0.0816190287965	0.092376768014	0.0894559524835	0.154018177575	0.0922546334327	0.27895091292	0.0896247026089	0.0882564693533	0.0841995458902	0.0885592867448	0.126019860551	0.086519210351	0.0917152114313	0.0794607616464	0.0790502904074	0.0794266160699	0.0795328944505	0.0789302011478
765216093-stool3.freeze11.snv.mod.fix.bam	0.110118449898	0.112092983864	0.0660473494976	0.0645595251967	0.103640968402	0.172517850378	0.152636569743	0.1063500233	0.0	0.12007737212	0.102553631043	0.108121656543	0.091118472211	0.104525759928	0.112607620367	0.102605643028	0.152967750765	0.152559686461	0.1427709292	0.153537840796	0.153497154151	0.110074087707	0.105659239222	0.0975550031078	0.101206513168	0.104801195868	0.109770832616	0.0971536156621	0.113347579308	0.107590544121	0.105792348346	0.115332374293	0.112921290605	0.110339629547	0.112137660274	0.116559844347	0.135873865104	0.117312124699	0.279105741146	0.11195771404	0.111434282917	0.105251688511	0.106826070241	0.114878084081	0.0976036764767	0.111510784407	0.103747288258	0.103504599999	0.103712841942	0.103738938564	0.103415651965
823052294-stool3.freeze11.snv.mod.fix.bam	0.108193223746	0.0979977672604	0.121977317747	0.120233446984	0.1004186251	0.18642631111	0.17484518863	0.104751561561	0.12007737212	0.0	0.104266864331	0.103151315116	0.124650262896	0.103340949138	0.114453698101	0.0998518633538	0.168575912146	0.16542231082	0.160610390738	0.168719355285	0.16869358213	0.0617383895711	0.105637098582	0.105070925841	0.100091957124	0.102441008573	0.0958011283243	0.106799026848	0.105557709342	0.105386100218	0.0872829142419	0.106454867542	0.11034497033	0.103120377503	0.0973672845641	0.11578900407	0.149921905063	0.120491832562	0.286747464786	0.09809672902	0.102959059145	0.106881433624	0.0638288261098	0.122366369931	0.0934681759616	0.096853300588	0.112455759246	0.111742515229	0.112378905219	0.112373458029	0.111859486826
857980665-stool3.freeze11.snv.mod.fix.bam	0.0889183038222	0.092573023893	0.114698743578	0.11325459223	0.079593237673	0.18495848764	0.154690720109	0.0804809561502	0.102553631043	0.104266864331	0.0	0.0836116048398	0.10348323804	0.0804726735553	0.0892118346419	0.0832522777188	0.1695972404	0.164148934487	0.158695461522	0.169633692451	0.169044792159	0.0941045804919	0.0830131261995	0.0903661837909	0.0738759697993	0.0847413891946	0.0902040322162	0.0910135407823	0.0936430204779	0.0840707239025	0.087054874698	0.0877058841636	0.0850421556271	0.086802724586	0.0915761175517	0.0906798242033	0.153010703635	0.0938802746176	0.275388431739	0.0901833658704	0.0912737008043	0.0862514889301	0.0867285236718	0.128061550689	0.0919938965234	0.0918995660829	0.0865289085765	0.0859825290832	0.0865356377185	0.0864574563809	0.0853349911153
863126187-stool3.freeze11.snv.mod.fix.bam	0.091371434911	0.102652734953	0.116641301217	0.115225170199	0.0838959124139	0.186636981372	0.16020346208	0.0807166843933	0.108121656543	0.103151315116	0.0836116048398	0.0	0.106382552448	0.0852237147226	0.0955622146084	0.0795680750562	0.173113399661	0.167962930727	0.161306407754	0.171618918681	0.172509577095	0.0969877983765	0.0860572671036	0.0954883300337	0.0725732409196	0.0887154158581	0.0851787992259	0.0972340836614	0.0987231550211	0.0816525964665	0.0937056678948	0.0972986262708	0.0890270813242	0.0943260573224	0.102376736705	0.101740420317	0.152755116269	0.0999497197729	0.281738394418	0.0944810925924	0.0951522878761	0.0963135635248	0.0887632978986	0.125415251192	0.0970540044467	0.10160870448	0.0928189155269	0.0921486507898	0.0927186603405	0.0928640788218	0.0924769204307
BYQ_AAAL.freeze11.snv.mod.fix.bam	0.105624584677	0.118129786	0.103671729044	0.102397863822	0.104143658021	0.17288481809	0.144212083223	0.0990097746624	0.091118472211	0.124650262896	0.10348323804	0.106382552448	0.0	0.0969415955125	0.10525535758	0.102865018513	0.152404149407	0.153395408738	0.147513240679	0.156475181133	0.154461052652	0.110095093465	0.10614103856	0.0974523922977	0.0987226612153	0.101887919345	0.107944869975	0.100827960403	0.112864943034	0.108155648654	0.108554425481	0.116667621783	0.105127941251	0.108920349896	0.118371702123	0.113658305427	0.134817261206	0.118884084159	0.287145593535	0.114486133958	0.110856067349	0.0943426886751	0.109650369847	0.104384904221	0.108862124887	0.118167654878	0.0922049949265	0.0919926911987	0.0922188945848	0.092138991419	0.0918323426931
CCIS02124300ST-4-0.freeze11.snv.mod.fix.bam	0.0624873591769	0.0914323656952	0.113356072341	0.111769569643	0.0744110763631	0.186716790855	0.164332728487	0.0760932102404	0.104525759928	0.103340949138	0.0804726735553	0.0852237147226	0.0969415955125	0.0	0.0806711789244	0.0827566812056	0.172490476078	0.16628055889	0.158127935732	0.171906592038	0.171610666088	0.089854404834	0.078792613336	0.0880858155411	0.0706629705339	0.0787238344887	0.0942280878082	0.0906115464903	0.0874097557079	0.08604015803	0.0755828771071	0.0892859393527	0.0806214809181	0.0690442591798	0.0995642853958	0.0667631556632	0.150595441407	0.0850444201904	0.278708507674	0.0738711424874	0.074403739019	0.0864389809724	0.0888418734486	0.123097406293	0.0922549583757	0.0993705733732	0.0792082120761	0.0786928461006	0.0791677080215	0.0786875357368	0.0782607979983
CCMD48236717ST-21-0.freeze11.snv.mod.fix.bam	0.0930802814255	0.103568300725	0.115996473059	0.114460560209	0.0924475457561	0.18952557453	0.163699281955	0.0845849930104	0.112607620367	0.114453698101	0.0892118346419	0.0955622146084	0.10525535758	0.0806711789244	0.0	0.0960193493071	0.177655986351	0.171248241765	0.165061156893	0.177194313764	0.175878654011	0.0909111179764	0.0827502275099	0.0935950260824	0.0766435567588	0.0833866077982	0.100658029167	0.0953360324197	0.0988777206089	0.0929543187755	0.0936820749466	0.0946141990886	0.0895017217436	0.0923288634081	0.105448925847	0.0984832703622	0.158746247301	0.101186551748	0.28222807175	0.0872232874042	0.0986902973763	0.091476860583	0.0966284956166	0.126980175538	0.0975109991239	0.104736310132	0.087696532758	0.0871936313472	0.0875664251909	0.0875895062043	0.0873607290564
M1.4-V3.metaT.freeze11.snv.mod.fix.bam	0.091656684184	0.0990408431933	0.112264283498	0.110769710552	0.0841070087477	0.18360332237	0.152128079039	0.0825151619104	0.102605643028	0.0998518633538	0.0832522777188	0.0795680750562	0.102865018513	0.0827566812056	0.0960193493071	0.0	0.166869743341	0.163272975035	0.157478162901	0.164975936308	0.166358888319	0.0945379866201	0.0817772280709	0.0899259703082	0.0781646608236	0.0888390111226	0.0819110159763	0.093384245037	0.0946238316619	0.0791843874858	0.0886806180504	0.0972480572359	0.0921561147272	0.0885452177078	0.089833484782	0.10001970467	0.149278322846	0.0991024499921	0.282556827382	0.0937403714098	0.0975086554539	0.0913250432575	0.0871344643619	0.121269313713	0.0910093359278	0.0884149405355	0.0890404152561	0.0886892883946	0.0890228055568	0.0889002171248	0.0868589797243
M4.1-V3.metaT.freeze11.snv.mod.fix.bam	0.170158658381	0.170419639427	0.158705654526	0.157493525877	0.164330311944	0.0867752775566	0.11960177701	0.167854665489	0.152967750765	0.168575912146	0.1695972404	0.173113399661	0.152404149407	0.172490476078	0.177655986351	0.166869743341	0.0	0.00211477649726	0.00314363857994	0.00167022822781	0.00191695920367	0.172525288172	0.167222766481	0.169201066537	0.168096004373	0.169202223834	0.166841240186	0.171752505284	0.169293357284	0.16962039288	0.154136638149	0.169535646385	0.172284345575	0.170375601766	0.162592568939	0.180040223176	0.132725172494	0.184669708368	0.313679502645	0.169259493239	0.173703336223	0.169874914088	0.162869803251	0.139572526116	0.155667833197	0.162045792468	0.176999542115	0.176578344328	0.176908953435	0.177193120866	0.178238837055
M4.2-V3.metaT.freeze11.snv.mod.fix.bam	0.164127433238	0.166862728584	0.157775675672	0.156557947423	0.159387874509	0.0823194561531	0.121364598596	0.161921532106	0.152559686461	0.16542231082	0.164148934487	0.167962930727	0.153395408738	0.16628055889	0.171248241765	0.163272975035	0.00211477649726	0.0	0.00313851223038	0.0022276944875	0.00203450538001	0.167936333713	0.160627739684	0.163558813014	0.162520503005	0.163264709442	0.164081635225	0.166880794416	0.16415687722	0.166143052997	0.149926955928	0.162801597623	0.166372467404	0.162836056078	0.15677655042	0.172248870355	0.13468114673	0.178342479157	0.312390311922	0.163034537158	0.16962570688	0.166265272468	0.157275364567	0.139162758304	0.151758578311	0.157065134064	0.173090713732	0.172473428219	0.173091465158	0.173217465348	0.174117206575
M4.3-V1.metaT.freeze11.snv.mod.fix.bam	0.15450492973	0.15820985889	0.151652189448	0.150253927392	0.150811842534	0.0843755031511	0.119083382846	0.155027683476	0.1427709292	0.160610390738	0.158695461522	0.161306407754	0.147513240679	0.158127935732	0.165061156893	0.157478162901	0.00314363857994	0.00313851223038	0.0	0.00298480189236	0.00287322565344	0.159336670535	0.152122039092	0.159439691791	0.15499939862	0.156806960447	0.154808602259	0.161763228949	0.154080775752	0.158380589123	0.141922944779	0.153761494601	0.158848705194	0.155935828361	0.1475871844	0.166065877676	0.130560208762	0.173517036446	0.305890654572	0.154296749651	0.159019747277	0.158946879638	0.151750778285	0.133012683702	0.144672971551	0.147432874065	0.166376333048	0.166114462213	0.166297459021	0.166662504275	0.167098792038
M4.4-V3.metaT.freeze11.snv.mod.fix.bam	0.167733262635	0.169679609644	0.160079112076	0.158818269167	0.163356079608	0.0816012010949	0.122706026676	0.166309798236	0.153537840796	0.168719355285	0.169633692451	0.171618918681	0.156475181133	0.171906592038	0.177194313764	0.164975936308	0.00167022822781	0.0022276944875	0.00298480189236	0.0	0.00211803465978	0.171590204559	0.165267073656	0.167893729226	0.166132838992	0.168403982137	0.166872953603	0.169804698468	0.169117002722	0.168211631311	0.153004157388	0.16796854207	0.169791045344	0.170886103445	0.161213108739	0.178613204005	0.134608410527	0.182927699719	0.310365370006	0.166648666947	0.172987984474	0.169123097474	0.163526313453	0.141490613377	0.15604283206	0.160472725203	0.176135287357	0.175910555511	0.176072033277	0.176444745864	0.177442048193
M4.6-V2.metaT.freeze11.snv.mod.fix.bam	0.169282751355	0.169374622795	0.159028948045	0.157812586115	0.1635554353	0.0861912399483	0.121020685705	0.167878603959	0.153497154151	0.16869358213	0.169044792159	0.172509577095	0.154461052652	0.171610666088	0.175878654011	0.166358888319	0.00191695920367	0.00203450538001	0.00287322565344	0.00211803465978	0.0	0.17185182078	0.165849776145	0.167648637883	0.167029727465	0.169196894544	0.166089776385	0.169805831953	0.168240833907	0.168368190203	0.153111520812	0.168834809996	0.17031380647	0.170268678362	0.161123837992	0.179028213588	0.133698840038	0.183786486385	0.311675100335	0.166396842222	0.173261265985	0.168961014248	0.161257163929	0.139881459712	0.156970223228	0.160484674213	0.175926541941	0.175446208124	0.17582686201	0.176085981107	0.177102090744
MH0108.freeze11.snv.mod.fix.bam	0.0958573861002	0.0982162983665	0.110924648397	0.110135404775	0.092684624028	0.186444215024	0.169588058408	0.0881698446938	0.110074087707	0.0617383895711	0.0941045804919	0.0969877983765	0.110095093465	0.089854404834	0.0909111179764	0.0945379866201	0.172525288172	0.167936333713	0.159336670535	0.171590204559	0.17185182078	0.0	0.0955761030864	0.0944370982045	0.0800027186065	0.0924700867097	0.0875405405118	0.0960077496683	0.103293008957	0.093514222113	0.090178956507	0.101815171687	0.0945996761307	0.0876673872509	0.0908066114106	0.105630279381	0.15515088236	0.104401986452	0.282365128181	0.0893201170218	0.0939662940384	0.094175602381	0.0692976362115	0.123400604146	0.0868528626167	0.0897480415553	0.0966224933628	0.0960844146744	0.0965612662307	0.0965235767747	0.0957420627239
MH0150.freeze11.snv.mod.fix.bam	0.0876178903781	0.0983522858048	0.114961919667	0.113925744271	0.083743685636	0.187231278754	0.164507910038	0.0792156112389	0.105659239222	0.105637098582	0.0830131261995	0.0860572671036	0.10614103856	0.078792613336	0.0827502275099	0.0817772280709	0.167222766481	0.160627739684	0.152122039092	0.165267073656	0.165849776145	0.0955761030864	0.0	0.0918101094451	0.0784798693622	0.0850035370082	0.0952504973675	0.0936620988378	0.0933084486686	0.0809710529276	0.0897577976049	0.0922069728809	0.0866853920405	0.0918343205897	0.0981355319959	0.0828242264154	0.155198783958	0.0961361595512	0.281909465541	0.0842769129315	0.0890927053758	0.0875900641811	0.0909370796743	0.122942808172	0.0948387901247	0.0973725644499	0.0873513810957	0.0868013340027	0.087191935538	0.0872048847579	0.0866789193476
MH0299.freeze11.snv.mod.fix.bam	0.0949393937763	0.0960763281651	0.105208567284	0.104327119296	0.087550983157	0.18194257281	0.167293717678	0.0864644324468	0.0975550031078	0.105070925841	0.0903661837909	0.0954883300337	0.0974523922977	0.0880858155411	0.0935950260824	0.0899259703082	0.169201066537	0.163558813014	0.159439691791	0.167893729226	0.167648637883	0.0944370982045	0.0918101094451	0.0	0.0838696080794	0.0853328551322	0.0941378374671	0.0194729172051	0.0950042654152	0.0854593059632	0.0904528287506	0.0930720518565	0.0932306040621	0.0946557097421	0.092451959707	0.10034683267	0.149358469622	0.101399140368	0.280251039561	0.091744567085	0.0957837290582	0.0800064143885	0.0937289628904	0.126969533891	0.0838483596246	0.0915245572314	0.0713229290511	0.0708514973079	0.0712469843793	0.071228613637	0.0697933150618
MH0311.freeze11.snv.mod.fix.bam	0.0754899689242	0.0936689178396	0.107084553996	0.106143224355	0.0724587834192	0.18269298423	0.151878689673	0.0723028329334	0.101206513168	0.100091957124	0.0738759697993	0.0725732409196	0.0987226612153	0.0706629705339	0.0766435567588	0.0781646608236	0.168096004373	0.162520503005	0.15499939862	0.166132838992	0.167029727465	0.0800027186065	0.0784798693622	0.0838696080794	0.0	0.0797024109323	0.0794696249563	0.0856788090932	0.0879650422777	0.0710381674356	0.0811561336263	0.0866063003915	0.07745008682	0.0810933205311	0.0930871326319	0.0859467432758	0.15069692212	0.0893662800438	0.275268621143	0.0819861642367	0.085031180787	0.081340379126	0.0790281587215	0.122415910373	0.0890412202742	0.092153377775	0.0846403642583	0.0840768965972	0.0845711664372	0.0844150319121	0.0839733353906
MH0393.freeze11.snv.mod.fix.bam	0.0875877208566	0.0963800475609	0.108217501563	0.107155899897	0.0825678754058	0.181645907541	0.165038367069	0.0782577173675	0.104801195868	0.102441008573	0.0847413891946	0.0887154158581	0.101887919345	0.0787238344887	0.0833866077982	0.0888390111226	0.169202223834	0.163264709442	0.156806960447	0.168403982137	0.169196894544	0.0924700867097	0.0850035370082	0.0853328551322	0.0797024109323	0.0	0.0920856284925	0.0866268640985	0.0884060349945	0.0824616648667	0.0863456079202	0.0887395388931	0.0836104473969	0.0880170516045	0.0962522380516	0.092854152586	0.151665360927	0.0877330369954	0.275662035029	0.0834850164057	0.0860746805259	0.0880064724461	0.090606132206	0.10499771607	0.0838217427884	0.0954086652312	0.0892902090454	0.088802310793	0.0892586069437	0.0888468217313	0.0880370377895
MH0435.freeze11.snv.mod.fix.bam	0.100015673656	0.0971162746678	0.109083516544	0.108163522612	0.0908546750702	0.184171290324	0.146082961248	0.0822918465172	0.109770832616	0.0958011283243	0.0902040322162	0.0851787992259	0.107944869975	0.0942280878082	0.100658029167	0.0819110159763	0.166841240186	0.164081635225	0.154808602259	0.166872953603	0.166089776385	0.0875405405118	0.0952504973675	0.0941378374671	0.0794696249563	0.0920856284925	0.0	0.093869286794	0.10211324846	0.0684825887585	0.0964042559457	0.0982554102759	0.0960402821643	0.0913467647129	0.0886858753323	0.108461330719	0.148831256869	0.109240847364	0.28038608445	0.0951836235746	0.0968603984852	0.0948341013224	0.0915141707598	0.126098236928	0.0837973245519	0.0872059593349	0.100314775944	0.100012158471	0.100166292259	0.100364194151	0.099735392433
MH0452.freeze11.snv.mod.fix.bam	0.0959309800042	0.0992713189549	0.106512145209	0.105698570978	0.089392694051	0.185023503199	0.166518793717	0.0878657537399	0.0971536156621	0.106799026848	0.0910135407823	0.0972340836614	0.100827960403	0.0906115464903	0.0953360324197	0.093384245037	0.171752505284	0.166880794416	0.161763228949	0.169804698468	0.169805831953	0.0960077496683	0.0936620988378	0.0194729172051	0.0856788090932	0.0866268640985	0.093869286794	0.0	0.096460901719	0.0863235868435	0.091340704641	0.0945769169446	0.0954954097116	0.0947329346927	0.0949908297428	0.102258729554	0.149829269578	0.101476070791	0.280130687442	0.0929093478619	0.09505946927	0.0785699521477	0.0971098422753	0.126924825229	0.0845345627709	0.0944635419791	0.0713297358949	0.0709428772301	0.0712378583136	0.0713515048058	0.0698216897053
MMRS17603756ST-27-0-0.freeze11.snv.mod.fix.bam	0.095219688119	0.100942438042	0.116248849913	0.114868037151	0.0892521641984	0.185902255429	0.16930720177	0.0931839472987	0.113347579308	0.105557709342	0.0936430204779	0.0987231550211	0.112864943034	0.0874097557079	0.0988777206089	0.0946238316619	0.169293357284	0.16415687722	0.154080775752	0.169117002722	0.168240833907	0.103293008957	0.0933084486686	0.0950042654152	0.0879650422777	0.0884060349945	0.10211324846	0.096460901719	0.0	0.0930524413244	0.0895516916555	0.0810705423849	0.0976879566519	0.0975703286258	0.100828539245	0.101016164817	0.150320913667	0.0982103623012	0.275471987879	0.0897538998532	0.0988240502597	0.0946834835508	0.0966552376784	0.126396773284	0.0929332773147	0.100222097481	0.0958129537224	0.0951854484683	0.0957563572513	0.0951541724065	0.0937485967739
MMRS18295921ST-27-0-0.freeze11.snv.mod.fix.bam	0.0891588946001	0.0989488910244	0.108833701423	0.107331252701	0.0842214757694	0.185545175171	0.150387878084	0.0745556698216	0.107590544121	0.105386100218	0.0840707239025	0.0816525964665	0.108155648654	0.08604015803	0.0929543187755	0.0791843874858	0.16962039288	0.166143052997	0.158380589123	0.168211631311	0.168368190203	0.093514222113	0.0809710529276	0.0854593059632	0.0710381674356	0.0824616648667	0.0684825887585	0.0863235868435	0.0930524413244	0.0	0.0878290043039	0.088757471077	0.0887932892624	0.0906110292698	0.0937682115976	0.0966556355696	0.154125424449	0.0966236393048	0.278560665225	0.0915759711573	0.0925039347712	0.0842275016143	0.0948162230732	0.12527099339	0.0866514121722	0.0929795646546	0.0939848744077	0.0932504515603	0.0939313802883	0.0940230850553	0.0928666429707
MMRS42780924ST-27-0-0.freeze11.snv.mod.fix.bam	0.0825147474227	0.0870583387983	0.114372366704	0.112826403042	0.0806624403242	0.167371894363	0.162411970895	0.0826235243056	0.105792348346	0.0872829142419	0.087054874698	0.0937056678948	0.108554425481	0.0755828771071	0.0936820749466	0.0886806180504	0.154136638149	0.149926955928	0.141922944779	0.153004157388	0.153111520812	0.090178956507	0.0897577976049	0.0904528287506	0.0811561336263	0.0863456079202	0.0964042559457	0.091340704641	0.0895516916555	0.0878290043039	0.0	0.0890034765477	0.088653299307	0.0839031958232	0.0958534931206	0.0923716509112	0.145899601013	0.0962536963158	0.274335971231	0.0873478718677	0.0874642767269	0.0893355980123	0.0833878936366	0.121004412927	0.0856348407538	0.0948892485626	0.0917828186273	0.0911965480863	0.0918411710471	0.0914701789667	0.0915410341441
MMRS81194191ST-27-0-0.freeze11.snv.mod.fix.bam	0.0945731673888	0.0940325600816	0.122201421433	0.120671379389	0.0886312739498	0.187031680509	0.165188353332	0.0904864208746	0.115332374293	0.106454867542	0.0877058841636	0.0972986262708	0.116667621783	0.0892859393527	0.0946141990886	0.0972480572359	0.169535646385	0.162801597623	0.153761494601	0.16796854207	0.168834809996	0.101815171687	0.0922069728809	0.0930720518565	0.0866063003915	0.0887395388931	0.0982554102759	0.0945769169446	0.0810705423849	0.088757471077	0.0890034765477	0.0	0.0938988936232	0.0946351267809	0.0980037308249	0.100662832323	0.156351482253	0.10228674796	0.272601089279	0.0891075861363	0.0980796285464	0.093553237273	0.095806963714	0.125537963351	0.092388868519	0.0979459794849	0.095954137466	0.0952829574312	0.0959602854453	0.0954193292937	0.0944081433258
N052A.freeze11.snv.mod.fix.bam	0.0915162724549	0.101941723721	0.118704609039	0.117709929087	0.0818520230157	0.189005142121	0.166644727708	0.0849676997821	0.112921290605	0.11034497033	0.0850421556271	0.0890270813242	0.105127941251	0.0806214809181	0.0895017217436	0.0921561147272	0.172284345575	0.166372467404	0.158848705194	0.169791045344	0.17031380647	0.0945996761307	0.0866853920405	0.0932306040621	0.07745008682	0.0836104473969	0.0960402821643	0.0954954097116	0.0976879566519	0.0887932892624	0.088653299307	0.0938988936232	0.0	0.0902437413473	0.103546032242	0.0901164612914	0.158454969254	0.094105130622	0.263227313981	0.0902100621304	0.0917307655645	0.0921727134306	0.090379512068	0.127127126694	0.0968320887715	0.102614367201	0.0929958207285	0.0926294292411	0.0929263716349	0.0928842049284	0.0917720321088
O2.UC3-1.freeze11.snv.mod.fix.bam	0.075637786085	0.0928458024673	0.116339344057	0.115044758044	0.0837431940024	0.186157913318	0.161312557171	0.0816190287965	0.110339629547	0.103120377503	0.086802724586	0.0943260573224	0.108920349896	0.0690442591798	0.0923288634081	0.0885452177078	0.170375601766	0.162836056078	0.155935828361	0.170886103445	0.170268678362	0.0876673872509	0.0918343205897	0.0946557097421	0.0810933205311	0.0880170516045	0.0913467647129	0.0947329346927	0.0975703286258	0.0906110292698	0.0839031958232	0.0946351267809	0.0902437413473	0.0	0.0921282041983	0.0871374281588	0.15218566127	0.0939401662613	0.277670422505	0.0799905844081	0.0855327059406	0.0892865733171	0.0908823111216	0.127316725097	0.0882912766077	0.0926414850779	0.0946792202242	0.0941390722543	0.0945490447838	0.0944658190595	0.0939880041316
O2.UC43-1.freeze11.snv.mod.fix.bam	0.105782696756	0.0798452933727	0.116644612755	0.115822811267	0.0929415025175	0.184955670059	0.162241333439	0.092376768014	0.112137660274	0.0973672845641	0.0915761175517	0.102376736705	0.118371702123	0.0995642853958	0.105448925847	0.089833484782	0.162592568939	0.15677655042	0.1475871844	0.161213108739	0.161123837992	0.0908066114106	0.0981355319959	0.092451959707	0.0930871326319	0.0962522380516	0.0886858753323	0.0949908297428	0.100828539245	0.0937682115976	0.0958534931206	0.0980037308249	0.103546032242	0.0921282041983	0.0	0.11003550407	0.15173438772	0.111157485463	0.282648125741	0.092603977782	0.103112473171	0.0982753364925	0.0862160022622	0.127295737343	0.0731978811454	0.0119254249571	0.101392682245	0.100680167953	0.101352351557	0.10112348038	0.100367423265
SZEY-22A.freeze11.snv.mod.fix.bam	0.0770788761897	0.102503803834	0.128607612851	0.127497388366	0.0851078909248	0.193721346459	0.175205988295	0.0894559524835	0.116559844347	0.11578900407	0.0906798242033	0.101740420317	0.113658305427	0.0667631556632	0.0984832703622	0.10001970467	0.180040223176	0.172248870355	0.166065877676	0.178613204005	0.179028213588	0.105630279381	0.0828242264154	0.10034683267	0.0859467432758	0.092854152586	0.108461330719	0.102258729554	0.101016164817	0.0966556355696	0.0923716509112	0.100662832323	0.0901164612914	0.0871374281588	0.11003550407	0.0	0.164311217059	0.0876332667378	0.279458512851	0.0879128584898	0.0879332028135	0.0996110522688	0.0976873430545	0.137381074941	0.104898865535	0.109765848112	0.0954455588237	0.094655336989	0.0953165967588	0.0952675136267	0.0948006419548
T2D-107A.freeze11.snv.mod.fix.bam	0.152159120161	0.154389098019	0.138984532855	0.138237783439	0.148989658364	0.138099728154	0.106462289203	0.154018177575	0.135873865104	0.149921905063	0.153010703635	0.152755116269	0.134817261206	0.150595441407	0.158746247301	0.149278322846	0.132725172494	0.13468114673	0.130560208762	0.134608410527	0.133698840038	0.15515088236	0.155198783958	0.149358469622	0.15069692212	0.151665360927	0.148831256869	0.149829269578	0.150320913667	0.154125424449	0.145899601013	0.156351482253	0.158454969254	0.15218566127	0.15173438772	0.164311217059	0.0	0.163221589215	0.292228656531	0.150588273243	0.153110074876	0.15050522227	0.148361755727	0.11662446406	0.145461206725	0.151733650322	0.158822453763	0.158776205107	0.158727115826	0.158956049324	0.159869795615
T2D-132A.freeze11.snv.mod.fix.bam	0.09343962948	0.106784015864	0.1265763388	0.1257404177	0.0907832497419	0.19953055442	0.179431635818	0.0922546334327	0.117312124699	0.120491832562	0.0938802746176	0.0999497197729	0.118884084159	0.0850444201904	0.101186551748	0.0991024499921	0.184669708368	0.178342479157	0.173517036446	0.182927699719	0.183786486385	0.104401986452	0.0961361595512	0.101399140368	0.0893662800438	0.0877330369954	0.109240847364	0.101476070791	0.0982103623012	0.0966236393048	0.0962536963158	0.10228674796	0.094105130622	0.0939401662613	0.111157485463	0.0876332667378	0.163221589215	0.0	0.264731622147	0.0875750114772	0.0997252268438	0.0967910613368	0.10369186022	0.132815761392	0.102641107139	0.111423967734	0.0975676431226	0.0965384743176	0.0974604847814	0.0971934216478	0.0950437321789
T2D-195A.freeze11.snv.mod.fix.bam	0.284542057949	0.278954042559	0.283180862893	0.282575702524	0.273328795399	0.306751383045	0.307215480475	0.27895091292	0.279105741146	0.286747464786	0.275388431739	0.281738394418	0.287145593535	0.278708507674	0.28222807175	0.282556827382	0.313679502645	0.312390311922	0.305890654572	0.310365370006	0.311675100335	0.282365128181	0.281909465541	0.280251039561	0.275268621143	0.275662035029	0.28038608445	0.280130687442	0.275471987879	0.278560665225	0.274335971231	0.272601089279	0.263227313981	0.277670422505	0.282648125741	0.279458512851	0.292228656531	0.264731622147	0.0	0.279293933644	0.281758254296	0.281923246025	0.278739509286	0.289848265797	0.279321433964	0.28264230794	0.281628447817	0.282063164158	0.281637514292	0.282476187431	0.28262428166
V1.CD17-4.freeze11.snv.mod.fix.bam	0.0826635851029	0.0949481998234	0.116794186885	0.115913025399	0.0790351074851	0.18451512881	0.168777378442	0.0896247026089	0.11195771404	0.09809672902	0.0901833658704	0.0944810925924	0.114486133958	0.0738711424874	0.0872232874042	0.0937403714098	0.169259493239	0.163034537158	0.154296749651	0.166648666947	0.166396842222	0.0893201170218	0.0842769129315	0.091744567085	0.0819861642367	0.0834850164057	0.0951836235746	0.0929093478619	0.0897538998532	0.0915759711573	0.0873478718677	0.0891075861363	0.0902100621304	0.0799905844081	0.092603977782	0.0879128584898	0.150588273243	0.0875750114772	0.279293933644	0.0	0.0842191796925	0.0933941625786	0.0848677986105	0.118220466946	0.0836812772796	0.0915042656733	0.0890539131018	0.0882880221568	0.0889415664226	0.0889975403704	0.0882517649062
V1.CD32-4.freeze11.snv.mod.fix.bam	0.0653302966377	0.0954969458084	0.119295985615	0.118278134901	0.0764316808678	0.188016376942	0.169079625074	0.0882564693533	0.111434282917	0.102959059145	0.0912737008043	0.0951522878761	0.110856067349	0.074403739019	0.0986902973763	0.0975086554539	0.173703336223	0.16962570688	0.159019747277	0.172987984474	0.173261265985	0.0939662940384	0.0890927053758	0.0957837290582	0.085031180787	0.0860746805259	0.0968603984852	0.09505946927	0.0988240502597	0.0925039347712	0.0874642767269	0.0980796285464	0.0917307655645	0.0855327059406	0.103112473171	0.0879332028135	0.153110074876	0.0997252268438	0.281758254296	0.0842191796925	0.0	0.096020107405	0.0915916896215	0.123908969095	0.0918504341029	0.102277976938	0.0948962756316	0.0945433909492	0.0947719476854	0.0947185726116	0.094852090704
V1.CD49-0.freeze11.snv.mod.fix.bam	0.0909316666799	0.100403673452	0.115382468395	0.114448986269	0.0895979821695	0.185570695322	0.160412028462	0.0841995458902	0.105251688511	0.106881433624	0.0862514889301	0.0963135635248	0.0943426886751	0.0864389809724	0.091476860583	0.0913250432575	0.169874914088	0.166265272468	0.158946879638	0.169123097474	0.168961014248	0.094175602381	0.0875900641811	0.0800064143885	0.081340379126	0.0880064724461	0.0948341013224	0.0785699521477	0.0946834835508	0.0842275016143	0.0893355980123	0.093553237273	0.0921727134306	0.0892865733171	0.0982753364925	0.0996110522688	0.15050522227	0.0967910613368	0.281923246025	0.0933941625786	0.096020107405	0.0	0.0943142407865	0.126094614638	0.0893166953941	0.0975741903045	0.0816945291162	0.0813105849726	0.0818028309996	0.0816787007259	0.0805239873339
V1.CD52-0.freeze11.snv.mod.fix.bam	0.0940880655783	0.0926562520714	0.113344124865	0.112308296993	0.0847598899393	0.178938815053	0.165518666165	0.0885592867448	0.106826070241	0.0638288261098	0.0867285236718	0.0887632978986	0.109650369847	0.0888418734486	0.0966284956166	0.0871344643619	0.162869803251	0.157275364567	0.151750778285	0.163526313453	0.161257163929	0.0692976362115	0.0909370796743	0.0937289628904	0.0790281587215	0.090606132206	0.0915141707598	0.0971098422753	0.0966552376784	0.0948162230732	0.0833878936366	0.095806963714	0.090379512068	0.0908823111216	0.0862160022622	0.0976873430545	0.148361755727	0.10369186022	0.278739509286	0.0848677986105	0.0915916896215	0.0943142407865	0.0	0.118622923321	0.087193036987	0.0852144446572	0.0951850143376	0.0946552090471	0.095034377339	0.0950828098991	0.0945596335479
V1.FI35.freeze11.snv.mod.fix.bam	0.126947371213	0.130439038892	0.114002472182	0.112833670687	0.120976723601	0.146332601424	0.132502706077	0.126019860551	0.114878084081	0.122366369931	0.128061550689	0.125415251192	0.104384904221	0.123097406293	0.126980175538	0.121269313713	0.139572526116	0.139162758304	0.133012683702	0.141490613377	0.139881459712	0.123400604146	0.122942808172	0.126969533891	0.122415910373	0.10499771607	0.126098236928	0.126924825229	0.126396773284	0.12527099339	0.121004412927	0.125537963351	0.127127126694	0.127316725097	0.127295737343	0.137381074941	0.11662446406	0.132815761392	0.289848265797	0.118220466946	0.123908969095	0.126094614638	0.118622923321	0.0	0.119944219325	0.126277743171	0.128392635758	0.127948010523	0.128315787832	0.12854456873	0.128477544888
V1.FI37.freeze11.snv.mod.fix.bam	0.0967579092486	0.0797596638491	0.0998245961546	0.0986222196109	0.0817941440579	0.176581818837	0.162053709905	0.086519210351	0.0976036764767	0.0934681759616	0.0919938965234	0.0970540044467	0.108862124887	0.0922549583757	0.0975109991239	0.0910093359278	0.155667833197	0.151758578311	0.144672971551	0.15604283206	0.156970223228	0.0868528626167	0.0948387901247	0.0838483596246	0.0890412202742	0.0838217427884	0.0837973245519	0.0845345627709	0.0929332773147	0.0866514121722	0.0856348407538	0.092388868519	0.0968320887715	0.0882912766077	0.0731978811454	0.104898865535	0.145461206725	0.102641107139	0.279321433964	0.0836812772796	0.0918504341029	0.0893166953941	0.087193036987	0.119944219325	0.0	0.072612628798	0.0952678818603	0.0946836548313	0.0951784999673	0.0950282464978	0.0940231169161
V1.UC53-0.freeze11.snv.mod.fix.bam	0.105393756954	0.0799406108332	0.115575910671	0.114655909087	0.0918085499143	0.184131199705	0.162129566551	0.0917152114313	0.111510784407	0.096853300588	0.0918995660829	0.10160870448	0.118167654878	0.0993705733732	0.104736310132	0.0884149405355	0.162045792468	0.157065134064	0.147432874065	0.160472725203	0.160484674213	0.0897480415553	0.0973725644499	0.0915245572314	0.092153377775	0.0954086652312	0.0872059593349	0.0944635419791	0.100222097481	0.0929795646546	0.0948892485626	0.0979459794849	0.102614367201	0.0926414850779	0.0119254249571	0.109765848112	0.151733650322	0.111423967734	0.28264230794	0.0915042656733	0.102277976938	0.0975741903045	0.0852144446572	0.126277743171	0.072612628798	0.0	0.101183726285	0.100494927808	0.101120036748	0.100955715518	0.0999485473258
