	159166850-stool1.freeze11.snv.mod.fix.bam	159166850-stool2.freeze11.snv.mod.fix.bam	159227541-stool1.freeze11.snv.mod.fix.bam	159227541-stool2.freeze11.snv.mod.fix.bam	159268001-stool1.freeze11.snv.mod.fix.bam	159268001-stool2.freeze11.snv.mod.fix.bam	159571453-stool1.freeze11.snv.mod.fix.bam	159571453-stool2.freeze11.snv.mod.fix.bam	159632143-stool1.freeze11.snv.mod.fix.bam	160319967-stool1.freeze11.snv.mod.fix.bam	160319967-stool2.freeze11.snv.mod.fix.bam	160319967-stool3.freeze11.snv.mod.fix.bam	160582958-stool1.freeze11.snv.mod.fix.bam	160582958-stool2.freeze11.snv.mod.fix.bam	160582958-stool3.freeze11.snv.mod.fix.bam	160603188-stool1.freeze11.snv.mod.fix.bam	161554003-stool2.freeze11.snv.mod.fix.bam	604812005-stool1.freeze11.snv.mod.fix.bam	604812005-stool2.freeze11.snv.mod.fix.bam	604812005-stool3.freeze11.snv.mod.fix.bam	763901136-stool1.freeze11.snv.mod.fix.bam	764224817-stool1.freeze11.snv.mod.fix.bam	823052294-stool3.freeze11.snv.mod.fix.bam	BGI089A.freeze11.snv.mod.fix.bam	MH0191.freeze11.snv.mod.fix.bam	MH0206.freeze11.snv.mod.fix.bam	MH0211.freeze11.snv.mod.fix.bam	MH0220.freeze11.snv.mod.fix.bam	MH0272.freeze11.snv.mod.fix.bam	MH0274.freeze11.snv.mod.fix.bam	MH0297.freeze11.snv.mod.fix.bam	MH0310.freeze11.snv.mod.fix.bam	MH0323.freeze11.snv.mod.fix.bam	MH0369.freeze11.snv.mod.fix.bam	MH0371.freeze11.snv.mod.fix.bam	MH0387.freeze11.snv.mod.fix.bam	MH0403.freeze11.snv.mod.fix.bam	MH0408.freeze11.snv.mod.fix.bam	MH0409.freeze11.snv.mod.fix.bam	MH0412.freeze11.snv.mod.fix.bam	MH0418.freeze11.snv.mod.fix.bam	MH0429.freeze11.snv.mod.fix.bam	MH0432.freeze11.snv.mod.fix.bam	MH0458.freeze11.snv.mod.fix.bam	MMRS11288076ST-27-0-0.freeze11.snv.mod.fix.bam	MMRS35808664ST-27-0-0.freeze11.snv.mod.fix.bam	MMRS65862658ST-27-0-0.freeze11.snv.mod.fix.bam	MMRS81135225ST-27-0-0.freeze11.snv.mod.fix.bam	MMRS92546335ST-27-0-0.freeze11.snv.mod.fix.bam	MMRS93621581ST-27-0-0.freeze11.snv.mod.fix.bam	N079A.freeze11.snv.mod.fix.bam	NLM006.freeze11.snv.mod.fix.bam	O2.UC46-1.freeze11.snv.mod.fix.bam	T2D-54A.freeze11.snv.mod.fix.bam	V1.CD1-3-PN.freeze11.snv.mod.fix.bam	V1.CD2-0-PN.freeze11.snv.mod.fix.bam	V1.CD20-4.freeze11.snv.mod.fix.bam	V1.CD49-0.freeze11.snv.mod.fix.bam	V1.CD6-0-PT.freeze11.snv.mod.fix.bam	V1.CD8-0-PN.freeze11.snv.mod.fix.bam	V1.FI06.freeze11.snv.mod.fix.bam	V1.FI27.freeze11.snv.mod.fix.bam	V1.FI34.freeze11.snv.mod.fix.bam	V1.UC62-0.freeze11.snv.mod.fix.bam
159166850-stool1.freeze11.snv.mod.fix.bam	0.0	0.0	0.0349762804535	0.0349159765217	0.272694379674	0.273538634719	0.236311007478	0.236250703546	0.232210340114	0.232210340114	0.232431454531	0.22477285519	0.228471496342	0.228350888478	0.228270483236	0.264091018734	0.220611883895	0.227828254402	0.228310685857	0.228491597652	0.211666800675	0.226360858728	0.263126155825	0.230240411675	0.227989064887	0.194942510252	0.235466752432	0.229376055319	0.218641955455	0.226823188872	0.230622336576	0.232753075501	0.214762402509	0.226782986251	0.231285679826	0.239165393584	0.226702581008	0.231989225698	0.141975556806	0.10456701777	0.232210340114	0.232290745357	0.232913885985	0.233979255447	0.222923534614	0.217033850607	0.215023719547	0.230461526092	0.228974029107	0.228893623864	0.238964380478	0.220089249819	0.262925142719	0.233376216129	0.222240090054	0.240150357803	0.238582455576	0.245437002493	0.210581329903	0.210983356115	0.215687062796	0.241336335129	0.249537669856	0.224591943395
159166850-stool2.freeze11.snv.mod.fix.bam	0.0	0.0	0.0358205354989	0.0357803328777	0.278644367613	0.279528825279	0.241939374447	0.241858969205	0.238180429364	0.237899011016	0.238140226743	0.230361019538	0.234140065932	0.234039559379	0.233959154137	0.270322425022	0.225958832516	0.233235506955	0.233858647584	0.234019458069	0.216672027016	0.231969124387	0.268493205757	0.2354064485	0.233637533167	0.199746723486	0.241557449546	0.235366245879	0.223828093592	0.23239125191	0.236632628447	0.238783468682	0.219988743266	0.232612366326	0.237275870387	0.244934469727	0.232230441425	0.237677896599	0.144669132427	0.105974109512	0.238200530675	0.23838144247	0.238743266061	0.239929243387	0.228692610758	0.222501407092	0.220430972099	0.235989386508	0.23474310525	0.234421484281	0.24467315269	0.225355793198	0.268613813621	0.238944279167	0.22774784916	0.245457103803	0.243587681917	0.251266382568	0.215888075903	0.216651925706	0.22077269438	0.246421966712	0.255045428962	0.229717777599
159227541-stool1.freeze11.snv.mod.fix.bam	0.0349762804535	0.0358205354989	0.0	2.01013106055e-05	0.275006030393	0.275830184128	0.222843129372	0.222722521508	0.220591782584	0.221295328455	0.221556645493	0.214099059259	0.21846104366	0.218360537107	0.218260030554	0.267186620568	0.213837742221	0.218239929243	0.218842968562	0.219043981668	0.200832194259	0.213938248774	0.26461365281	0.233416418751	0.21647101391	0.202299589933	0.227928760955	0.220531478652	0.226461365281	0.218400739728	0.221878266463	0.223868296213	0.223184851652	0.218842968562	0.222461204471	0.240612687947	0.221214923213	0.22941625794	0.158539036745	0.122035056686	0.220551579963	0.222702420198	0.226360858728	0.221536544183	0.208068666077	0.207324917585	0.207485728069	0.220913403554	0.220390769478	0.216672027016	0.242904237356	0.224913564364	0.264995577712	0.23042132347	0.211666800675	0.238220631985	0.239487014553	0.249919594758	0.200993004744	0.201294524403	0.217737396478	0.242502211144	0.249638176409	0.218521347592
159227541-stool2.freeze11.snv.mod.fix.bam	0.0349159765217	0.0357803328777	2.01013106055e-05	0.0	0.271166680068	0.271990833802	0.219003779046	0.218903272493	0.216832837501	0.217335370266	0.217556484683	0.210320012865	0.214561389403	0.21446088285	0.214360376297	0.263427675484	0.210219506312	0.21448098416	0.215043820857	0.215224732653	0.197314464903	0.210581329903	0.260874809038	0.229798182842	0.212631663584	0.199425102517	0.22378789097	0.216631824395	0.223285358205	0.214903111683	0.217878105652	0.219868135402	0.220270161615	0.214842807751	0.218420841039	0.23639141272	0.217254965024	0.225174881402	0.156448500442	0.120909383292	0.216933344054	0.218662056766	0.222461204471	0.21811932138	0.204892659001	0.203666479054	0.203988100024	0.217254965024	0.216551419153	0.212752271448	0.23904478572	0.22177775991	0.261357240492	0.226380960039	0.207807349039	0.23438128166	0.235828576023	0.246060143121	0.197455174077	0.197897402911	0.214440781539	0.238763367372	0.245738522152	0.214842807751
159268001-stool1.freeze11.snv.mod.fix.bam	0.272694379674	0.278644367613	0.275006030393	0.271166680068	0.0	0.0	0.262965345341	0.262844737477	0.281659564204	0.258201334727	0.258482753076	0.250603039318	0.258723968803	0.258723968803	0.258744070113	0.298444158559	0.256894749538	0.27554876578	0.276272412961	0.276533729999	0.233959154137	0.272955696711	0.0676811128086	0.234783307872	0.254924821098	0.267246924499	0.259246602879	0.25532684731	0.266563479939	0.272553670499	0.257477687545	0.259889844818	0.263910106939	0.256794242985	0.258583259629	0.261357240492	0.251728712712	0.249638176409	0.268131382166	0.263769397765	0.281900779931	0.256693736432	0.261879874568	0.27822224009	0.27556886709	0.247648146659	0.278242341401	0.253477526735	0.274704510734	0.258000321621	0.272171745598	0.255105732894	0.286101953847	0.249899493447	0.254764010613	0.270764653855	0.258824475356	0.276031197234	0.245215888076	0.268814826727	0.242401704591	0.271367693174	0.272171745598	0.256130899735
159268001-stool2.freeze11.snv.mod.fix.bam	0.273538634719	0.279528825279	0.275830184128	0.271990833802	0.0	0.0	0.263648789901	0.263528182037	0.282604325802	0.258904880598	0.259186298947	0.251306585189	0.259407413363	0.259387312053	0.259407413363	0.299328616226	0.257718903272	0.276473426067	0.277176971939	0.277418187666	0.234662700008	0.274021066174	0.0678419232934	0.2354064485	0.25564846828	0.267870065128	0.25997025006	0.256070595803	0.267146417946	0.273598938651	0.258181233416	0.260613492	0.264533247568	0.257537991477	0.25930690681	0.262181394227	0.252452359894	0.250422127523	0.269015839833	0.26461365281	0.28286564284	0.257457586235	0.262643724371	0.27920720431	0.276594033931	0.248271287288	0.278965988582	0.254140869985	0.275629171022	0.258723968803	0.273076304575	0.255769076144	0.286825601029	0.250643241939	0.255487657795	0.27156870628	0.259769236954	0.276955857522	0.245879231326	0.269739487015	0.242964541288	0.272211948219	0.273196912439	0.256874648227
159571453-stool1.freeze11.snv.mod.fix.bam	0.236311007478	0.241939374447	0.222843129372	0.219003779046	0.262965345341	0.263648789901	0.0	0.0	0.221536544183	0.0735908981266	0.0737316073008	0.0709777277478	0.0846868215808	0.0846064163383	0.0844858084747	0.277920720431	0.101149794967	0.211224571842	0.211787408539	0.212048725577	0.0755608265659	0.209435555198	0.248733617432	0.239406609311	0.0856114818686	0.23307469647	0.10525046233	0.110135080807	0.252110637614	0.225818123342	0.111582375171	0.113009568224	0.253698641151	0.108506874648	0.112084907936	0.142719305299	0.132105813299	0.135301921685	0.246100345743	0.232451555841	0.217094154539	0.103280533891	0.142317279087	0.21546594838	0.206902790062	0.0856516844898	0.212129130819	0.086154217255	0.216209696872	0.0817118276112	0.252371954651	0.231888719144	0.243165554394	0.142196671223	0.0790986572325	0.227325721637	0.238200530675	0.260090857924	0.0926268392699	0.202138779448	0.221576746804	0.246562675886	0.249115542333	0.129251427193
159571453-stool2.freeze11.snv.mod.fix.bam	0.236250703546	0.241858969205	0.222722521508	0.218903272493	0.262844737477	0.263528182037	0.0	0.0	0.221476240251	0.0736311007478	0.0737919112326	0.0709978290585	0.0846667202702	0.0845863150277	0.0844657071641	0.277840315189	0.101129693656	0.211204470531	0.211767307228	0.211988421645	0.0755608265659	0.209375251266	0.248653212189	0.239386508	0.0855712792474	0.23307469647	0.10525046233	0.110135080807	0.252030232371	0.225717616789	0.111582375171	0.113009568224	0.253618235909	0.108486773338	0.112044705315	0.142679102677	0.132065610678	0.135221516443	0.2460199405	0.232371150599	0.217013749296	0.103280533891	0.142277076465	0.215385543137	0.206802283509	0.0856315831792	0.212048725577	0.086154217255	0.216109190319	0.0817118276112	0.25231165072	0.231868617834	0.243125351773	0.142116265981	0.0790785559218	0.227285519016	0.238120125432	0.25997025006	0.0926067379593	0.202078475517	0.221576746804	0.246502371955	0.249035137091	0.129231325882
159632143-stool1.freeze11.snv.mod.fix.bam	0.232210340114	0.238180429364	0.220591782584	0.216832837501	0.281659564204	0.282604325802	0.221536544183	0.221476240251	0.0	0.232089732251	0.232290745357	0.224833159122	0.251487496985	0.2513266865	0.251246281258	0.290061912037	0.246562675886	0.115120205837	0.115341320254	0.115602637292	0.217375572887	0.0941947414971	0.265136286886	0.243266060947	0.236089893061	0.236612527137	0.227727747849	0.227607139986	0.272010935113	0.0828978049369	0.23108466672	0.232833480743	0.264010613492	0.228732813379	0.231345983758	0.238602556887	0.238843772614	0.241577550856	0.262442711265	0.251688510091	0.0249457264614	0.226501567902	0.242200691485	0.0846064163383	0.104044383694	0.237316073008	0.120406850527	0.239547318485	0.0932901825199	0.246261156227	0.26127683525	0.246462169333	0.270563640749	0.232210340114	0.238280935917	0.222159684811	0.201736753236	0.268955535901	0.208189273941	0.112004502694	0.244894267106	0.215003618236	0.210902950872	0.217596687304
160319967-stool1.freeze11.snv.mod.fix.bam	0.232210340114	0.237899011016	0.221295328455	0.217335370266	0.258201334727	0.258904880598	0.0735908981266	0.0736311007478	0.232089732251	0.0	0.0	0.0	0.049368818847	0.049268312294	0.0491678057409	0.276935756211	0.0674398970813	0.217817801721	0.218481144971	0.218742462009	0.0418710299912	0.221415936319	0.239064887031	0.238763367372	0.0463737235668	0.224250221114	0.0814505105733	0.084928037308	0.248532604326	0.253457425424	0.0854104687626	0.0866768513307	0.24833159122	0.083500844255	0.0858727989065	0.116346385784	0.100506553027	0.0974712551258	0.241215727265	0.22909463697	0.23106456541	0.0775106536946	0.113572404921	0.230682640508	0.213877944842	0.0527860416499	0.217677092546	0.0512583420439	0.228009166198	0.0443836938168	0.24967837903	0.229295650076	0.236632628447	0.119884216451	0.0505346948621	0.225134678781	0.246964702099	0.258342043901	0.0647664227708	0.214501085471	0.22045107341	0.25199002975	0.260734099863	0.121432017368
160319967-stool2.freeze11.snv.mod.fix.bam	0.232431454531	0.238140226743	0.221556645493	0.217556484683	0.258482753076	0.259186298947	0.0737316073008	0.0737919112326	0.232290745357	0.0	0.0	0.0	0.0494492240894	0.0493487175364	0.0492482109834	0.277277478492	0.0675002010131	0.217998713516	0.218682158077	0.218943475115	0.0418911313018	0.221697354668	0.239245798826	0.238904076546	0.0464742301198	0.224411031599	0.0816113210581	0.0850687464823	0.248834123985	0.253799147704	0.0855511779368	0.0867974591943	0.248552705636	0.0836415534293	0.0860135080807	0.11652729758	0.100707566133	0.0976320656107	0.241477044303	0.229376055319	0.231265578516	0.0776312615583	0.113713114095	0.230883653614	0.21413926188	0.0528061429605	0.217898206963	0.0512784433545	0.228230280614	0.0444037951274	0.250020101311	0.229617271046	0.236773337622	0.120125432178	0.0506754040363	0.225335691887	0.247165715205	0.25864356356	0.0648669293238	0.214782503819	0.22077269438	0.252291549409	0.260975315591	0.121653131784
160319967-stool3.freeze11.snv.mod.fix.bam	0.22477285519	0.230361019538	0.214099059259	0.210320012865	0.250603039318	0.251306585189	0.0709777277478	0.0709978290585	0.224833159122	0.0	0.0	0.0	0.0470973707486	0.0469968641955	0.0468963576425	0.26859371231	0.0649674358768	0.210742140388	0.211425584948	0.211646699365	0.0400217094155	0.214501085471	0.232190238804	0.231567098175	0.0442831872638	0.217053951918	0.0782343008764	0.0816515236793	0.240874004985	0.245617914288	0.0821138538233	0.083400337702	0.240532282705	0.0802846345582	0.0826565892096	0.11222561711	0.0962249738683	0.0934509930047	0.233758141031	0.221918469084	0.223747688349	0.0744954571038	0.108989306103	0.223204952963	0.207465626759	0.0503738843773	0.210661735145	0.0493487175364	0.220631985205	0.0423132588245	0.241738361341	0.221496341561	0.229436359251	0.115381522875	0.0483235506955	0.218260030554	0.238883975235	0.250281418348	0.062052745839	0.207646538554	0.213536222562	0.243245959637	0.252452359894	0.11721074214
160582958-stool1.freeze11.snv.mod.fix.bam	0.228471496342	0.234140065932	0.21846104366	0.214561389403	0.258723968803	0.259407413363	0.0846868215808	0.0846667202702	0.251487496985	0.049368818847	0.0494492240894	0.0470973707486	0.0	0.0	0.0	0.278342847954	0.0742944439977	0.232853582054	0.233577229235	0.233858647584	0.0531277639302	0.236733135	0.24368818847	0.238783468682	0.0516402669454	0.223044142478	0.0871994854064	0.0882648548685	0.242723325561	0.266965506151	0.0890086033609	0.0903553911715	0.243386668811	0.0888678941867	0.0895915413685	0.123200932701	0.0993004743909	0.101069389724	0.235185334084	0.227667443917	0.248050172871	0.0814103079521	0.111823590898	0.242441907212	0.227546836054	0.0213073892418	0.226260352175	0.0537911071802	0.242522312455	0.0488863873925	0.250603039318	0.229798182842	0.237135161213	0.121311409504	0.0251065369462	0.233376216129	0.251306585189	0.258141030795	0.0533488783469	0.226923695425	0.212310042615	0.254804213235	0.265417705234	0.1364677977
160582958-stool2.freeze11.snv.mod.fix.bam	0.228350888478	0.234039559379	0.218360537107	0.21446088285	0.258723968803	0.259387312053	0.0846064163383	0.0845863150277	0.2513266865	0.049268312294	0.0493487175364	0.0469968641955	0.0	0.0	0.0	0.278282544022	0.0742341400659	0.232712872879	0.233416418751	0.23371793841	0.0531076626196	0.236632628447	0.243587681917	0.238682962129	0.051559861703	0.222943635925	0.0870989788534	0.0881241456943	0.242642920318	0.266885100909	0.0889080968079	0.0902749859291	0.243286162258	0.0887673876337	0.0894709335049	0.123080324837	0.0992401704591	0.100988984482	0.23504462491	0.227566937364	0.247949666318	0.0812897000884	0.111723084345	0.24236150197	0.22742622819	0.021347591863	0.226139744311	0.0537308032484	0.24236150197	0.0488260834606	0.250522634076	0.22975798022	0.237014553349	0.121231004261	0.0250864356356	0.233275709576	0.251226179947	0.258000321621	0.0532483717938	0.226742783629	0.212269839994	0.254764010613	0.265317198681	0.136327088526
160582958-stool3.freeze11.snv.mod.fix.bam	0.228270483236	0.233959154137	0.218260030554	0.214360376297	0.258744070113	0.259407413363	0.0844858084747	0.0844657071641	0.251246281258	0.0491678057409	0.0492482109834	0.0468963576425	0.0	0.0	0.0	0.27822224009	0.0740934308917	0.232652568947	0.233356114819	0.233657634478	0.052987054756	0.236552223205	0.243527377985	0.238562354265	0.05145935515	0.222863230683	0.087018573611	0.0880839430731	0.242562515076	0.266804695666	0.0888276915655	0.0901945806867	0.243225858326	0.0886668810806	0.0893905282624	0.123040122216	0.0991999678379	0.10092868055	0.23506472622	0.227526734743	0.247849159765	0.0811891935354	0.111662780413	0.242301198038	0.227345822948	0.0213073892418	0.225999035137	0.0536704993166	0.242240894106	0.0487456782182	0.250462330144	0.229657473667	0.236934148106	0.12119080164	0.0249859290826	0.233215405644	0.251085470773	0.257919916379	0.0531478652408	0.226622175766	0.212189434751	0.254683605371	0.265196590818	0.136226581973
160603188-stool1.freeze11.snv.mod.fix.bam	0.264091018734	0.270322425022	0.267186620568	0.263427675484	0.298444158559	0.299328616226	0.277920720431	0.277840315189	0.290061912037	0.276935756211	0.277277478492	0.26859371231	0.278342847954	0.278282544022	0.27822224009	0.0	0.279307710863	0.282664629734	0.283348074294	0.283428479537	0.249939696068	0.272634075742	0.287287931173	0.235768272091	0.270000804052	0.270764653855	0.27623221034	0.272352657393	0.268855029348	0.276875452279	0.273960762242	0.276393020825	0.263528182037	0.271387794484	0.274704510734	0.269156549007	0.260995416901	0.260995416901	0.234300876417	0.247386829621	0.288152287529	0.274000964863	0.271347591863	0.282845541529	0.278021226984	0.264372437083	0.279669534454	0.270382728954	0.279810243628	0.270804856477	0.038976441264	0.176449304495	0.259668730401	0.265437806545	0.271287287931	0.262342204712	0.246622979818	0.1537147222	0.262583420439	0.273598938651	0.245437002493	0.247909463697	0.258120929485	0.262362306022
161554003-stool2.freeze11.snv.mod.fix.bam	0.220611883895	0.225958832516	0.213837742221	0.210219506312	0.256894749538	0.257718903272	0.101149794967	0.101129693656	0.246562675886	0.0674398970813	0.0675002010131	0.0649674358768	0.0742944439977	0.0742341400659	0.0740934308917	0.279307710863	0.0	0.22841119241	0.229134839592	0.229376055319	0.0645051057329	0.232592265016	0.240110155182	0.235969285197	0.056705797218	0.217817801721	0.100687464823	0.106396237035	0.246140548364	0.26161855753	0.107542011739	0.109069711345	0.236974350728	0.105612285921	0.1082254563	0.141653935837	0.116125271368	0.118658036504	0.232250542735	0.223225054274	0.245617914288	0.0972501407092	0.131321862185	0.239406609311	0.228572002895	0.0746763688993	0.229717777599	0.062816595642	0.243125351773	0.0670177695586	0.250180911795	0.229858486773	0.239969446008	0.137613572405	0.0765859934068	0.230160006432	0.250261317038	0.257658599341	0.0868175605049	0.225999035137	0.212028624266	0.25432178178	0.264151322666	0.138678941867
604812005-stool1.freeze11.snv.mod.fix.bam	0.227828254402	0.233235506955	0.218239929243	0.21448098416	0.27554876578	0.276473426067	0.211224571842	0.211204470531	0.115120205837	0.217817801721	0.217998713516	0.210742140388	0.232853582054	0.232712872879	0.232652568947	0.282664629734	0.22841119241	0.0	0.0	0.0	0.199666318244	0.105773096406	0.266040845863	0.240632789258	0.217656991236	0.24268312294	0.223466270001	0.222863230683	0.270000804052	0.0923856235427	0.225134678781	0.22710460722	0.269035941143	0.22344616869	0.225697515478	0.232491758463	0.234964219667	0.233295810887	0.254422288333	0.244793760553	0.118276111602	0.220330465546	0.237878909705	0.115984562193	0.12316073008	0.222481305781	0.131261558254	0.222280292675	0.0435796413926	0.232873683364	0.25798022031	0.241939374447	0.269860094878	0.225818123342	0.217878105652	0.218702259387	0.203204148911	0.263186459757	0.204289619683	0.121733537027	0.241557449546	0.216169494251	0.211787408539	0.221174720592
604812005-stool2.freeze11.snv.mod.fix.bam	0.228310685857	0.233858647584	0.218842968562	0.215043820857	0.276272412961	0.277176971939	0.211787408539	0.211767307228	0.115341320254	0.218481144971	0.218682158077	0.211425584948	0.233577229235	0.233416418751	0.233356114819	0.283348074294	0.229134839592	0.0	0.0	0.0	0.200349762805	0.106014312133	0.266784594356	0.241235828576	0.218360537107	0.24334646619	0.224210018493	0.223627080486	0.270724451234	0.0927072445123	0.225898528584	0.227828254402	0.269719385704	0.224169815872	0.226461365281	0.233135000402	0.235607461606	0.233918951516	0.255025327651	0.245437002493	0.11851732733	0.221094315349	0.238522151644	0.116366487095	0.123562756292	0.223164750342	0.131683685776	0.222943635925	0.0436198440138	0.233597330546	0.258522955697	0.242401704591	0.270422931575	0.226501567902	0.218521347592	0.218963576425	0.203706681676	0.263749296454	0.204872557691	0.122256171102	0.242140387553	0.216672027016	0.212289941304	0.221797861221
604812005-stool3.freeze11.snv.mod.fix.bam	0.228491597652	0.234019458069	0.219043981668	0.215224732653	0.276533729999	0.277418187666	0.212048725577	0.211988421645	0.115602637292	0.218742462009	0.218943475115	0.211646699365	0.233858647584	0.23371793841	0.233657634478	0.283428479537	0.229376055319	0.0	0.0	0.0	0.200631181153	0.106134919997	0.267025810083	0.241416740371	0.218662056766	0.243487175364	0.224491436842	0.223868296213	0.27092546434	0.0927675484442	0.226159845622	0.228109672751	0.269860094878	0.22443113291	0.226722682319	0.23339631744	0.235908981266	0.234220471175	0.255226340757	0.245577711667	0.118718340436	0.221375733698	0.238783468682	0.11654739889	0.123663262845	0.223466270001	0.13180429364	0.223225054274	0.0437404518775	0.233898850205	0.25864356356	0.242642920318	0.270603843371	0.226742783629	0.218822867251	0.219204792152	0.203907694782	0.26393020825	0.205133874729	0.122296373724	0.242301198038	0.216893141433	0.2124708531	0.222018975637
763901136-stool1.freeze11.snv.mod.fix.bam	0.211666800675	0.216672027016	0.200832194259	0.197314464903	0.233959154137	0.234662700008	0.0755608265659	0.0755608265659	0.217375572887	0.0418710299912	0.0418911313018	0.0400217094155	0.0531277639302	0.0531076626196	0.052987054756	0.249939696068	0.0645051057329	0.199666318244	0.200349762805	0.200631181153	0.0	0.197073249176	0.221918469084	0.213777438289	0.0486250703546	0.208993326365	0.0781136930128	0.0787971375734	0.232531961084	0.227285519016	0.0798625070355	0.0810886869824	0.228109672751	0.0785157192249	0.0803650398006	0.108587279891	0.0904357964139	0.0933906890729	0.216893141433	0.214320173675	0.214420680228	0.0740532282705	0.102999115542	0.209234542092	0.189354345903	0.0593591702179	0.193656026373	0.0513588485969	0.208711908016	0.0442027820214	0.225074374849	0.206581169092	0.2151242261	0.108285760232	0.0540524242181	0.204430328857	0.221797861221	0.233758141031	0.0696510412479	0.195424941706	0.200128648388	0.22443113291	0.233878748894	0.116346385784
764224817-stool1.freeze11.snv.mod.fix.bam	0.226360858728	0.231969124387	0.213938248774	0.210581329903	0.272955696711	0.274021066174	0.209435555198	0.209375251266	0.0941947414971	0.221415936319	0.221697354668	0.214501085471	0.236733135	0.236632628447	0.236552223205	0.272634075742	0.232592265016	0.105773096406	0.106014312133	0.106134919997	0.197073249176	0.0	0.259507919916	0.230521830023	0.227727747849	0.233356114819	0.221757658599	0.221094315349	0.263206561068	0.07968159524	0.223908498834	0.225717616789	0.257739004583	0.221858165152	0.224149714561	0.225858325963	0.227727747849	0.22575781941	0.257779207204	0.243989708129	0.100124628126	0.219285197395	0.226782986251	0.091501165876	0.091601672429	0.224210018493	0.1068987698	0.227828254402	0.0968481144971	0.232692771569	0.250040202621	0.234180268554	0.259005387151	0.217616788615	0.220250060304	0.212169333441	0.192068022835	0.257015357401	0.202078475517	0.0993205757015	0.234099863311	0.20151563882	0.200751789017	0.211686901986
823052294-stool3.freeze11.snv.mod.fix.bam	0.263126155825	0.268493205757	0.26461365281	0.260874809038	0.0676811128086	0.0678419232934	0.248733617432	0.248653212189	0.265136286886	0.239064887031	0.239245798826	0.232190238804	0.24368818847	0.243587681917	0.243527377985	0.287287931173	0.240110155182	0.266040845863	0.266784594356	0.267025810083	0.221918469084	0.259507919916	0.0	0.223486371311	0.235466752432	0.254864517167	0.242301198038	0.237034654659	0.255949987939	0.263266865	0.238401543781	0.240753397121	0.251789016644	0.237215566455	0.239426710622	0.243627884538	0.238823671303	0.231285679826	0.258824475356	0.256070595803	0.265699123583	0.241014714159	0.24933665675	0.26660368256	0.25995014875	0.230763045751	0.26393020825	0.234984320978	0.263528182037	0.23474310525	0.258824475356	0.243828897644	0.27390045831	0.239004583099	0.235486853743	0.255889684007	0.249477365924	0.265417705234	0.229979094637	0.257598295409	0.230602235266	0.260211465788	0.261518050977	0.242642920318
BGI089A.freeze11.snv.mod.fix.bam	0.230240411675	0.2354064485	0.233416418751	0.229798182842	0.234783307872	0.2354064485	0.239406609311	0.239386508	0.243266060947	0.238763367372	0.238904076546	0.231567098175	0.238783468682	0.238682962129	0.238562354265	0.235768272091	0.235969285197	0.240632789258	0.241235828576	0.241416740371	0.213777438289	0.230521830023	0.223486371311	0.0	0.232431454531	0.222802926751	0.239185494894	0.235788373402	0.224993969607	0.23007960119	0.237275870387	0.239406609311	0.219767628849	0.235687866849	0.237999517569	0.231908820455	0.224310525046	0.226320656107	0.216893141433	0.222682318887	0.242884136046	0.236893945485	0.232873683364	0.239105089652	0.234903915735	0.228069470129	0.232290745357	0.231124869341	0.239205596205	0.23440138297	0.210098898448	0.194982712873	0.226380960039	0.227788051781	0.234240572485	0.216109190319	0.207405322827	0.21116426791	0.226200048243	0.231587199485	0.205314786524	0.209335048645	0.217033850607	0.227446329501
MH0191.freeze11.snv.mod.fix.bam	0.227989064887	0.233637533167	0.21647101391	0.212631663584	0.254924821098	0.25564846828	0.0856114818686	0.0855712792474	0.236089893061	0.0463737235668	0.0464742301198	0.0442831872638	0.0516402669454	0.051559861703	0.05145935515	0.270000804052	0.056705797218	0.217656991236	0.218360537107	0.218662056766	0.0486250703546	0.227727747849	0.235466752432	0.232431454531	0.0	0.222682318887	0.07137975396	0.0725858325963	0.245577711667	0.25466350406	0.0732089732251	0.0744552544826	0.238461847712	0.0712591460963	0.0738321138538	0.11023558736	0.0935716008684	0.0977928760955	0.223024041167	0.222682318887	0.233135000402	0.0668167564525	0.109150116588	0.22975798022	0.216893141433	0.0574093430892	0.217174559781	0.0297097370749	0.229134839592	0.0426549811048	0.241758462652	0.222903433304	0.228974029107	0.117009729034	0.0597410951194	0.224993969607	0.243105250462	0.249718581652	0.075299509528	0.215506151001	0.212691967516	0.246200852296	0.256151001045	0.129331832435
MH0206.freeze11.snv.mod.fix.bam	0.194942510252	0.199746723486	0.202299589933	0.199425102517	0.267246924499	0.267870065128	0.23307469647	0.23307469647	0.236612527137	0.224250221114	0.224411031599	0.217053951918	0.223044142478	0.222943635925	0.222863230683	0.270764653855	0.217817801721	0.24268312294	0.24334646619	0.243487175364	0.208993326365	0.233356114819	0.254864517167	0.222802926751	0.222682318887	0.0	0.223024041167	0.220913403554	0.1484079762	0.236753236311	0.221013910107	0.222923534614	0.146277237276	0.218280131865	0.221536544183	0.225697515478	0.215224732653	0.215445847069	0.216631824395	0.198480340918	0.237899011016	0.223345662137	0.228551901584	0.23936640669	0.234521990834	0.213596526494	0.229878588084	0.224612044705	0.238642759508	0.225798022031	0.243788695023	0.225476401061	0.257698801962	0.223084345099	0.22344616869	0.24270322425	0.236672831069	0.247708450591	0.208772211948	0.229958993326	0.145895312374	0.241155423334	0.247829058455	0.207706842486
MH0211.freeze11.snv.mod.fix.bam	0.235466752432	0.241557449546	0.227928760955	0.22378789097	0.259246602879	0.25997025006	0.10525046233	0.10525046233	0.227727747849	0.0814505105733	0.0816113210581	0.0782343008764	0.0871994854064	0.0870989788534	0.087018573611	0.27623221034	0.100687464823	0.223466270001	0.224210018493	0.224491436842	0.0781136930128	0.221757658599	0.242301198038	0.239185494894	0.07137975396	0.223024041167	0.0	0.0224531639463	0.254764010613	0.243426871432	0.0208048564766	0.0208048564766	0.249537669856	0.0204430328857	0.0208852617191	0.100044222883	0.089109109914	0.0916418750503	0.230160006432	0.23108466672	0.224853260433	0.0145332475677	0.103360939133	0.220089249819	0.218440942349	0.0884256653534	0.223506472622	0.0826766905202	0.23108466672	0.0777920720431	0.248733617432	0.230139905122	0.234099863311	0.1082254563	0.0910790383533	0.24201977969	0.246884296856	0.25665353381	0.103803167967	0.209938087963	0.221858165152	0.254261477848	0.260693897242	0.124306504784
MH0220.freeze11.snv.mod.fix.bam	0.229376055319	0.235366245879	0.220531478652	0.216631824395	0.25532684731	0.256070595803	0.110135080807	0.110135080807	0.227607139986	0.084928037308	0.0850687464823	0.0816515236793	0.0882648548685	0.0881241456943	0.0880839430731	0.272352657393	0.106396237035	0.222863230683	0.223627080486	0.223868296213	0.0787971375734	0.221094315349	0.237034654659	0.235788373402	0.0725858325963	0.220913403554	0.0224531639463	0.0	0.245798826083	0.242321299349	0.00241215727265	0.00237195465144	0.240532282705	0.01029187103	0.00261317037871	0.100908579239	0.0892498190882	0.0929484602396	0.22676288494	0.228169976682	0.221415936319	0.0274784915977	0.102235265739	0.21946610919	0.21315429766	0.0913202540806	0.223848194902	0.0860738120125	0.228773016001	0.0810484843612	0.24535659725	0.226401061349	0.232672670258	0.108748090375	0.0946570716411	0.240833802364	0.243446972743	0.25166840878	0.105290664951	0.210842646941	0.215405644448	0.250723647182	0.257236471818	0.122477285519
MH0272.freeze11.snv.mod.fix.bam	0.218641955455	0.223828093592	0.226461365281	0.223285358205	0.266563479939	0.267146417946	0.252110637614	0.252030232371	0.272010935113	0.248532604326	0.248834123985	0.240874004985	0.242723325561	0.242642920318	0.242562515076	0.268855029348	0.246140548364	0.270000804052	0.270724451234	0.27092546434	0.232531961084	0.263206561068	0.255949987939	0.224993969607	0.245577711667	0.1484079762	0.254764010613	0.245798826083	0.0	0.263206561068	0.247406930932	0.249537669856	0.0380919835973	0.246723486371	0.247969767629	0.261337139181	0.249095441023	0.243245959637	0.217254965024	0.208470692289	0.270061107984	0.255045428962	0.261819570636	0.272412961325	0.266864999598	0.232672670258	0.265759427515	0.246060143121	0.269216852939	0.246522473265	0.243567580606	0.227486532122	0.268834928037	0.251266382568	0.237959314947	0.244391734341	0.243044946531	0.245818927394	0.232351049288	0.25562836697	0.108265658921	0.24899493447	0.254944922409	0.222581812334
MH0274.freeze11.snv.mod.fix.bam	0.226823188872	0.23239125191	0.218400739728	0.214903111683	0.272553670499	0.273598938651	0.225818123342	0.225717616789	0.0828978049369	0.253457425424	0.253799147704	0.245617914288	0.266965506151	0.266885100909	0.266804695666	0.276875452279	0.26161855753	0.0923856235427	0.0927072445123	0.0927675484442	0.227285519016	0.07968159524	0.263266865	0.23007960119	0.25466350406	0.236753236311	0.243426871432	0.242321299349	0.263206561068	0.0	0.244954571038	0.246864195546	0.25962852778	0.242401704591	0.245316394629	0.242884136046	0.254020262121	0.252291549409	0.25599019056	0.250381924902	0.0842043901262	0.243446972743	0.253437324114	0.0707968159524	0.0950791991638	0.250160810485	0.0980943957546	0.25731687706	0.0769880196189	0.260995416901	0.251045268151	0.237878909705	0.266081048484	0.244653051379	0.249497467235	0.212551258342	0.185354185093	0.258362145212	0.227647342607	0.0954410227547	0.236532121894	0.196389804615	0.192912277881	0.23172790866
MH0297.freeze11.snv.mod.fix.bam	0.230622336576	0.236632628447	0.221878266463	0.217878105652	0.257477687545	0.258181233416	0.111582375171	0.111582375171	0.23108466672	0.0854104687626	0.0855511779368	0.0821138538233	0.0890086033609	0.0889080968079	0.0888276915655	0.273960762242	0.107542011739	0.225134678781	0.225898528584	0.226159845622	0.0798625070355	0.223908498834	0.238401543781	0.237275870387	0.0732089732251	0.221013910107	0.0208048564766	0.00241215727265	0.247406930932	0.244954571038	0.0	0.000763849803007	0.242723325561	0.00806062555279	0.000261317037871	0.100647262201	0.0887070837019	0.0922248130578	0.227828254402	0.229355954008	0.224833159122	0.0259507919916	0.101793036906	0.221938570395	0.215948379834	0.0916217737396	0.226260352175	0.0864356356034	0.231506794243	0.0816716249899	0.247085309962	0.22776795047	0.234240572485	0.109089812656	0.0955817319289	0.24302484522	0.24501487497	0.253216209697	0.106456540966	0.214018654016	0.216631824395	0.252814183485	0.258824475356	0.122055157996
MH0310.freeze11.snv.mod.fix.bam	0.232753075501	0.238783468682	0.223868296213	0.219868135402	0.259889844818	0.260613492	0.113009568224	0.113009568224	0.232833480743	0.0866768513307	0.0867974591943	0.083400337702	0.0903553911715	0.0902749859291	0.0901945806867	0.276393020825	0.109069711345	0.22710460722	0.227828254402	0.228109672751	0.0810886869824	0.225717616789	0.240753397121	0.239406609311	0.0744552544826	0.222923534614	0.0208048564766	0.00237195465144	0.249537669856	0.246864195546	0.000763849803007	0.0	0.244713355311	0.00862346224974	0.000844255045429	0.101853340838	0.0897322505427	0.0933303851411	0.229898689395	0.231486692932	0.226622175766	0.0260915011659	0.102898608989	0.223747688349	0.217556484683	0.0929685615502	0.228210179304	0.0879231325882	0.233315912197	0.0829581088687	0.249236150197	0.229597169735	0.236532121894	0.110315992603	0.0969687223607	0.245235989387	0.247165715205	0.25564846828	0.107863632709	0.215526252312	0.218581651524	0.255186138136	0.261176328697	0.123442148428
MH0323.freeze11.snv.mod.fix.bam	0.214762402509	0.219988743266	0.223184851652	0.220270161615	0.263910106939	0.264533247568	0.253698641151	0.253618235909	0.264010613492	0.24833159122	0.248552705636	0.240532282705	0.243386668811	0.243286162258	0.243225858326	0.263528182037	0.236974350728	0.269035941143	0.269719385704	0.269860094878	0.228109672751	0.257739004583	0.251789016644	0.219767628849	0.238461847712	0.146277237276	0.249537669856	0.240532282705	0.0380919835973	0.25962852778	0.242723325561	0.244713355311	0.0	0.242381603281	0.243266060947	0.252150840235	0.236411514031	0.24169815872	0.2164509126	0.199686419555	0.262583420439	0.24636166278	0.248753718742	0.266342365522	0.258904880598	0.229556967114	0.258221436038	0.241678057409	0.266462973386	0.242582616387	0.2354064485	0.221657152046	0.259849642197	0.239185494894	0.24236150197	0.243205757015	0.240130256493	0.239748331591	0.23140628769	0.248914529227	0.10657714883	0.242663021629	0.252191042856	0.223606979175
MH0369.freeze11.snv.mod.fix.bam	0.226782986251	0.232612366326	0.218842968562	0.214842807751	0.256794242985	0.257537991477	0.108506874648	0.108486773338	0.228732813379	0.083500844255	0.0836415534293	0.0802846345582	0.0888678941867	0.0887673876337	0.0886668810806	0.271387794484	0.105612285921	0.22344616869	0.224169815872	0.22443113291	0.0785157192249	0.221858165152	0.237215566455	0.235687866849	0.0712591460963	0.218280131865	0.0204430328857	0.01029187103	0.246723486371	0.242401704591	0.00806062555279	0.00862346224974	0.242381603281	0.0	0.00806062555279	0.0974712551258	0.0870989788534	0.0906971134518	0.223848194902	0.226401061349	0.222400900539	0.0254884618477	0.100144729436	0.220712390448	0.213938248774	0.089410629573	0.22276272413	0.084928037308	0.229436359251	0.0780734903916	0.244512342205	0.225737718099	0.231325882448	0.107923936641	0.093792715285	0.241557449546	0.243205757015	0.251125673394	0.10490874005	0.210299911554	0.216611723084	0.250201013106	0.256955053469	0.119562595481
MH0371.freeze11.snv.mod.fix.bam	0.231285679826	0.237275870387	0.222461204471	0.218420841039	0.258583259629	0.25930690681	0.112084907936	0.112044705315	0.231345983758	0.0858727989065	0.0860135080807	0.0826565892096	0.0895915413685	0.0894709335049	0.0893905282624	0.274704510734	0.1082254563	0.225697515478	0.226461365281	0.226722682319	0.0803650398006	0.224149714561	0.239426710622	0.237999517569	0.0738321138538	0.221536544183	0.0208852617191	0.00261317037871	0.247969767629	0.245316394629	0.000261317037871	0.000844255045429	0.243266060947	0.00806062555279	0.0	0.101290504141	0.0891694138458	0.0927474471336	0.22875291469	0.230200209054	0.225174881402	0.0260512985447	0.102295569671	0.222340596607	0.216028785077	0.092265015679	0.226521669213	0.0871391814746	0.231949023076	0.0822143603763	0.247748653212	0.228370989789	0.234783307872	0.10957224411	0.0961847712471	0.243487175364	0.245738522152	0.254160971295	0.107019377663	0.214259869744	0.216913242743	0.253578033288	0.259568223848	0.12249738683
MH0387.freeze11.snv.mod.fix.bam	0.239165393584	0.244934469727	0.240612687947	0.23639141272	0.261357240492	0.262181394227	0.142719305299	0.142679102677	0.238602556887	0.116346385784	0.11652729758	0.11222561711	0.123200932701	0.123080324837	0.123040122216	0.269156549007	0.141653935837	0.232491758463	0.233135000402	0.23339631744	0.108587279891	0.225858325963	0.243627884538	0.231908820455	0.11023558736	0.225697515478	0.100044222883	0.100908579239	0.261337139181	0.242884136046	0.100647262201	0.101853340838	0.252150840235	0.0974712551258	0.101290504141	0.0	0.0621532523921	0.0625351772936	0.222240090054	0.231024362788	0.22909463697	0.099702500603	0.0755809278765	0.226923695425	0.226742783629	0.121050092466	0.224571842084	0.123040122216	0.236290906167	0.118075098496	0.241617753478	0.222903433304	0.221817962531	0.0802846345582	0.126698560746	0.242964541288	0.238843772614	0.250100506553	0.133593310284	0.216390608668	0.229054434349	0.246582777197	0.253276513629	0.144367612768
MH0403.freeze11.snv.mod.fix.bam	0.226702581008	0.232230441425	0.221214923213	0.217254965024	0.251728712712	0.252452359894	0.132105813299	0.132065610678	0.238843772614	0.100506553027	0.100707566133	0.0962249738683	0.0993004743909	0.0992401704591	0.0991999678379	0.260995416901	0.116125271368	0.234964219667	0.235607461606	0.235908981266	0.0904357964139	0.227727747849	0.238823671303	0.224310525046	0.0935716008684	0.215224732653	0.089109109914	0.0892498190882	0.249095441023	0.254020262121	0.0887070837019	0.0897322505427	0.236411514031	0.0870989788534	0.0891694138458	0.0621532523921	0.0	0.056142960521	0.226300554796	0.222983838546	0.232009327008	0.0872195867171	0.0149754764011	0.232672670258	0.223204952963	0.104948942671	0.218159524001	0.101712631664	0.238220631985	0.0958028463456	0.232531961084	0.21482270644	0.213918147463	0.0341923293399	0.111743185656	0.237697997909	0.239607622417	0.242039881	0.117250944762	0.213596526494	0.212752271448	0.242260995417	0.25297499397	0.133834526011
MH0408.freeze11.snv.mod.fix.bam	0.231989225698	0.237677896599	0.22941625794	0.225174881402	0.249638176409	0.250422127523	0.135301921685	0.135221516443	0.241577550856	0.0974712551258	0.0976320656107	0.0934509930047	0.101069389724	0.100988984482	0.10092868055	0.260995416901	0.118658036504	0.233295810887	0.233918951516	0.234220471175	0.0933906890729	0.22575781941	0.231285679826	0.226320656107	0.0977928760955	0.215445847069	0.0916418750503	0.0929484602396	0.243245959637	0.252291549409	0.0922248130578	0.0933303851411	0.24169815872	0.0906971134518	0.0927474471336	0.0625351772936	0.056142960521	0.0	0.228994130417	0.230361019538	0.232471657152	0.0919835973305	0.0666157433465	0.235426549811	0.22408941063	0.0999437163303	0.22310444641	0.102778001126	0.23371793841	0.0942751467396	0.234481788213	0.216189595562	0.216330304736	0.0743949505508	0.106034413444	0.228572002895	0.237758301841	0.243286162258	0.118115301118	0.219486210501	0.215747366728	0.243044946531	0.251246281258	0.131703787087
