	103092734-supragingivalplaque3.freeze11.snv.mod.fix.bam	158479027-supragingivalplaque1.freeze11.snv.mod.fix.bam	158944319-supragingivalplaque2.freeze11.snv.mod.fix.bam	159268001-supragingivalplaque3.freeze11.snv.mod.fix.bam	159490532-supragingivalplaque1.freeze11.snv.mod.fix.bam	160178356-supragingivalplaque2.freeze11.snv.mod.fix.bam	160421117-supragingivalplaque2.freeze11.snv.mod.fix.bam	160421117-supragingivalplaque3.freeze11.snv.mod.fix.bam	160582958-supragingivalplaque2.freeze11.snv.mod.fix.bam	160603188-supragingivalplaque1.freeze11.snv.mod.fix.bam	160603188-supragingivalplaque2.freeze11.snv.mod.fix.bam	160603188-supragingivalplaque3.freeze11.snv.mod.fix.bam	533247696-supragingivalplaque1.freeze11.snv.mod.fix.bam	638754422-supragingivalplaque3.freeze11.snv.mod.fix.bam	682102541-supragingivalplaque3.freeze11.snv.mod.fix.bam	763557224-supragingivalplaque3.freeze11.snv.mod.fix.bam	763577454-supragingivalplaque2.freeze11.snv.mod.fix.bam	763982056-supragingivalplaque3.freeze11.snv.mod.fix.bam	764083206-supragingivalplaque1.freeze11.snv.mod.fix.bam	764224817-supragingivalplaque1.freeze11.snv.mod.fix.bam	764224817-supragingivalplaque2.freeze11.snv.mod.fix.bam	765074482-supragingivalplaque3.freeze11.snv.mod.fix.bam	765560005-supragingivalplaque1.freeze11.snv.mod.fix.bam	765620695-supragingivalplaque2.freeze11.snv.mod.fix.bam
103092734-supragingivalplaque3.freeze11.snv.mod.fix.bam	0.0	0.137661487514	0.154180866016	0.1000596854	0.0906833015653	0.144169121469	0.152852384528	0.148982460194	0.150233928262	0.142012745721	0.118446639327	0.121815976434	0.139644583069	0.150946302393	0.106066732128	0.0827894260575	0.102139047729	0.106548066001	0.133310229307	0.0776295269451	0.0869288973604	0.151966730203	0.104603477156	0.118696932941
158479027-supragingivalplaque1.freeze11.snv.mod.fix.bam	0.137661487514	0.0	0.122778644179	0.142417066174	0.121758216369	0.123221471341	0.122740137469	0.118061572229	0.118870213135	0.103717822831	0.0819037717322	0.0856389225823	0.117657251776	0.110591270529	0.080267236566	0.0900864475635	0.134349910472	0.120853308689	0.135351084927	0.0934172779607	0.101099366565	0.114865515316	0.108415641426	0.106990893163
158944319-supragingivalplaque2.freeze11.snv.mod.fix.bam	0.154180866016	0.122778644179	0.0	0.154180866016	0.134542444021	0.101888754115	0.126629315158	0.122047016693	0.0936483182194	0.10564315832	0.0601282273436	0.0774947534608	0.071275919829	0.0921658098924	0.0742216831283	0.0863320433586	0.142186025915	0.125936194382	0.155990681376	0.101580700437	0.119332293652	0.0714492000231	0.112747646277	0.0915304491808
159268001-supragingivalplaque3.freeze11.snv.mod.fix.bam	0.1000596854	0.142417066174	0.154180866016	0.0	0.0606865746356	0.14503552244	0.153738038853	0.149194247098	0.146229230443	0.139779356553	0.115327595834	0.119813627525	0.14307168024	0.148347099482	0.103082462119	0.0399892181213	0.061918789349	0.111958258727	0.13835460829	0.0711989064094	0.0801517164366	0.150041394713	0.110148443366	0.117079651129
159490532-supragingivalplaque1.freeze11.snv.mod.fix.bam	0.0906833015653	0.121758216369	0.134542444021	0.0606865746356	0.0	0.129902385491	0.131789214271	0.127880783226	0.129286278134	0.121315389207	0.0975952559734	0.101965767535	0.127033635611	0.131096093494	0.0869481507153	0.0534473131943	0.0589152659851	0.0993088045592	0.125782167543	0.0593580931477	0.064537245615	0.132270548143	0.0989044841064	0.10281291515
160178356-supragingivalplaque2.freeze11.snv.mod.fix.bam	0.144169121469	0.123221471341	0.101888754115	0.14503552244	0.129902385491	0.0	0.121373149271	0.119698107395	0.0317102755155	0.106971639808	0.046593118851	0.0704480255685	0.0947072527388	0.0424343941932	0.0443789830378	0.0526964323533	0.134503937311	0.0997323783669	0.150233928262	0.0715262134427	0.0950153064171	0.0958624540326	0.11315196673	0.0463235718824
160421117-supragingivalplaque2.freeze11.snv.mod.fix.bam	0.152852384528	0.122740137469	0.126629315158	0.153738038853	0.131789214271	0.121373149271	0.0	0.000365813743045	0.111688711758	0.0554689154585	0.0655769267795	0.0487109878896	0.121122855658	0.11515431564	0.0284757118928	0.0888157261403	0.13744970061	0.131076840139	0.150387955101	0.101291900114	0.114518954928	0.121854483144	0.121353895916	0.102273821213
160421117-supragingivalplaque3.freeze11.snv.mod.fix.bam	0.148982460194	0.118061572229	0.122047016693	0.149194247098	0.127880783226	0.119698107395	0.000365813743045	0.0	0.111245884595	0.0504822965402	0.0607443347003	0.0439361558752	0.117214424613	0.112978686536	0.0243747472997	0.0881803654287	0.137468953965	0.128477637228	0.148847686709	0.096343787905	0.108858468588	0.117522478292	0.119178266813	0.101542193727
160582958-supragingivalplaque2.freeze11.snv.mod.fix.bam	0.150233928262	0.118870213135	0.0936483182194	0.146229230443	0.129286278134	0.0317102755155	0.111688711758	0.111245884595	0.0	0.100618032692	0.0393538574097	0.0649993261326	0.0835403068985	0.0206588498046	0.0381794027609	0.0467856523999	0.131538920657	0.111034097692	0.147018617994	0.0733745355128	0.0988274706868	0.0819230250871	0.115962956545	0.0317102755155
160603188-supragingivalplaque1.freeze11.snv.mod.fix.bam	0.142012745721	0.103717822831	0.10564315832	0.139779356553	0.121315389207	0.106971639808	0.0554689154585	0.0504822965402	0.100618032692	0.0	0.00569899304954	0.000577600646913	0.0988852307515	0.0997708850767	0.0314407285469	0.0704287722136	0.127784516452	0.109108762202	0.142397812819	0.0819615317969	0.097845549587	0.102312327923	0.10760700052	0.0801709697915
160603188-supragingivalplaque2.freeze11.snv.mod.fix.bam	0.118446639327	0.0819037717322	0.0601282273436	0.115327595834	0.0975952559734	0.046593118851	0.0655769267795	0.0607443347003	0.0393538574097	0.00569899304954	0.0	1.92533548971e-05	0.0367161477888	0.0406823388976	0.0099347311269	0.0288222722809	0.100772059531	0.066424074395	0.116617570612	0.0449180769749	0.0632472708369	0.0519648048672	0.0842911877395	0.0320568359037
160603188-supragingivalplaque3.freeze11.snv.mod.fix.bam	0.121815976434	0.0856389225823	0.0774947534608	0.119813627525	0.101965767535	0.0704480255685	0.0487109878896	0.0439361558752	0.0649993261326	0.000577600646913	1.92533548971e-05	0.0	0.0635745778702	0.0650955929071	0.015537457402	0.0414909798032	0.106682839485	0.0820000385067	0.122489843855	0.056681876817	0.0749725639693	0.0718150137661	0.088873486205	0.0467278923352
533247696-supragingivalplaque1.freeze11.snv.mod.fix.bam	0.139644583069	0.117657251776	0.071275919829	0.14307168024	0.127033635611	0.0947072527388	0.121122855658	0.117214424613	0.0835403068985	0.0988852307515	0.0367161477888	0.0635745778702	0.0	0.0866015903271	0.0621883363176	0.0689655172414	0.130980573365	0.111881245307	0.146614297541	0.085119082	0.102447101407	0.0461117849785	0.110803057433	0.0682723964651
638754422-supragingivalplaque3.freeze11.snv.mod.fix.bam	0.150946302393	0.110591270529	0.0921658098924	0.148347099482	0.131096093494	0.0424343941932	0.11515431564	0.112978686536	0.0206588498046	0.0997708850767	0.0406823388976	0.0650955929071	0.0866015903271	0.0	0.0404705519937	0.0532162729356	0.136236739252	0.113383006989	0.150214674907	0.075030324034	0.0972294422303	0.082693159283	0.115847436416	0.0410674059955
682102541-supragingivalplaque3.freeze11.snv.mod.fix.bam	0.106066732128	0.080267236566	0.0742216831283	0.103082462119	0.0869481507153	0.0443789830378	0.0284757118928	0.0243747472997	0.0381794027609	0.0314407285469	0.0099347311269	0.015537457402	0.0621883363176	0.0404705519937	0.0	0.0277440844067	0.0925508769903	0.0629584705135	0.107761027359	0.0393731107646	0.0573942509482	0.0656346868442	0.0810373707619	0.0287260055065
763557224-supragingivalplaque3.freeze11.snv.mod.fix.bam	0.0827894260575	0.0900864475635	0.0863320433586	0.0399892181213	0.0534473131943	0.0526964323533	0.0888157261403	0.0881803654287	0.0467856523999	0.0704287722136	0.0288222722809	0.0414909798032	0.0689655172414	0.0532162729356	0.0277440844067	0.0	0.0540441671961	0.0570091838503	0.0990970176553	0.0297271799611	0.0422996207089	0.0773022199118	0.0748762971948	0.0296886732513
763577454-supragingivalplaque2.freeze11.snv.mod.fix.bam	0.102139047729	0.134349910472	0.142186025915	0.061918789349	0.0589152659851	0.134503937311	0.13744970061	0.137468953965	0.131538920657	0.127784516452	0.100772059531	0.106682839485	0.130980573365	0.136236739252	0.0925508769903	0.0540441671961	0.0	0.111746471823	0.13658329964	0.0686959702728	0.077822060494	0.136987620093	0.108839215233	0.105335104642
763982056-supragingivalplaque3.freeze11.snv.mod.fix.bam	0.106548066001	0.120853308689	0.125936194382	0.111958258727	0.0993088045592	0.0997323783669	0.131076840139	0.128477637228	0.111034097692	0.109108762202	0.066424074395	0.0820000385067	0.111881245307	0.113383006989	0.0629584705135	0.0570091838503	0.111746471823	0.0	0.120256454687	0.0586072123067	0.0720075473151	0.123259978051	0.0346367854599	0.0238356533626
764083206-supragingivalplaque1.freeze11.snv.mod.fix.bam	0.133310229307	0.135351084927	0.155990681376	0.13835460829	0.125782167543	0.150233928262	0.150387955101	0.148847686709	0.147018617994	0.142397812819	0.116617570612	0.122489843855	0.146614297541	0.150214674907	0.107761027359	0.0990970176553	0.13658329964	0.120256454687	0.0	0.100733552822	0.107221933422	0.153237451626	0.113171220085	0.119544080556
764224817-supragingivalplaque1.freeze11.snv.mod.fix.bam	0.0776295269451	0.0934172779607	0.101580700437	0.0711989064094	0.0593580931477	0.0715262134427	0.101291900114	0.096343787905	0.0733745355128	0.0819615317969	0.0449180769749	0.056681876817	0.085119082	0.075030324034	0.0393731107646	0.0297271799611	0.0686959702728	0.0586072123067	0.100733552822	0.0	0.00180981536033	0.0912801555671	0.0692350642099	0.0413947130287
764224817-supragingivalplaque2.freeze11.snv.mod.fix.bam	0.0869288973604	0.101099366565	0.119332293652	0.0801517164366	0.064537245615	0.0950153064171	0.114518954928	0.108858468588	0.0988274706868	0.097845549587	0.0632472708369	0.0749725639693	0.102447101407	0.0972294422303	0.0573942509482	0.0422996207089	0.077822060494	0.0720075473151	0.107221933422	0.00180981536033	0.0	0.102254567858	0.0797473959838	0.0590307861145
765074482-supragingivalplaque3.freeze11.snv.mod.fix.bam	0.151966730203	0.114865515316	0.0714492000231	0.150041394713	0.132270548143	0.0958624540326	0.121854483144	0.117522478292	0.0819230250871	0.102312327923	0.0519648048672	0.0718150137661	0.0461117849785	0.082693159283	0.0656346868442	0.0773022199118	0.136987620093	0.123259978051	0.153237451626	0.0912801555671	0.102254567858	0.0	0.117849785325	0.0836943337377
765560005-supragingivalplaque1.freeze11.snv.mod.fix.bam	0.104603477156	0.108415641426	0.112747646277	0.110148443366	0.0989044841064	0.11315196673	0.121353895916	0.119178266813	0.115962956545	0.10760700052	0.0842911877395	0.088873486205	0.110803057433	0.115847436416	0.0810373707619	0.0748762971948	0.108839215233	0.0346367854599	0.113171220085	0.0692350642099	0.0797473959838	0.117849785325	0.0	0.0777835537842
765620695-supragingivalplaque2.freeze11.snv.mod.fix.bam	0.118696932941	0.106990893163	0.0915304491808	0.117079651129	0.10281291515	0.0463235718824	0.102273821213	0.101542193727	0.0317102755155	0.0801709697915	0.0320568359037	0.0467278923352	0.0682723964651	0.0410674059955	0.0287260055065	0.0296886732513	0.105335104642	0.0238356533626	0.119544080556	0.0413947130287	0.0590307861145	0.0836943337377	0.0777835537842	0.0
