	158479027-stool1.freeze11.snv.mod.fix.bam	158479027-stool2.freeze11.snv.mod.fix.bam	763820215-stool3.freeze11.snv.mod.fix.bam	764669880-stool1.freeze11.snv.mod.fix.bam	764669880-stool2.freeze11.snv.mod.fix.bam	CCIS07648107ST-4-0.freeze11.snv.mod.fix.bam	CCIS16561622ST-4-0.freeze11.snv.mod.fix.bam	CCIS29210128ST-4-0.freeze11.snv.mod.fix.bam	CCIS48174381ST-4-0.freeze11.snv.mod.fix.bam	CCIS72607085ST-4-0.freeze11.snv.mod.fix.bam	CCMD26925580ST-21-0.freeze11.snv.mod.fix.bam	M4.4-V1.metaG.freeze11.snv.mod.fix.bam	M4.4-V1.metaT.freeze11.snv.mod.fix.bam	MH0206.freeze11.snv.mod.fix.bam	MH0211.freeze11.snv.mod.fix.bam	MH0239.freeze11.snv.mod.fix.bam	MH0311.freeze11.snv.mod.fix.bam	MH0335.freeze11.snv.mod.fix.bam	MH0395.freeze11.snv.mod.fix.bam	MH0451.freeze11.snv.mod.fix.bam	MH0452.freeze11.snv.mod.fix.bam	MMRS55294627ST-27-0-0.freeze11.snv.mod.fix.bam	N038A.freeze11.snv.mod.fix.bam	NLM010.freeze11.snv.mod.fix.bam	O2.CD1-0-PT.freeze11.snv.mod.fix.bam	O2.CD1-0.freeze11.snv.mod.fix.bam	O2.UC48-1.freeze11.snv.mod.fix.bam	O2.UC7-0.freeze11.snv.mod.fix.bam	O2.UC7-1.freeze11.snv.mod.fix.bam	SAMEA3136641.freeze11.snv.mod.fix.bam	SAMEA3136740.freeze11.snv.mod.fix.bam	T2D-13A.freeze11.snv.mod.fix.bam	T2D-91A.freeze11.snv.mod.fix.bam	T2D-9A.freeze11.snv.mod.fix.bam	V1.CD17-4.freeze11.snv.mod.fix.bam	V1.CD49-0.freeze11.snv.mod.fix.bam	V1.FI18.freeze11.snv.mod.fix.bam	V1.FI21.freeze11.snv.mod.fix.bam	V1.UC48-0.freeze11.snv.mod.fix.bam	V1.UC49-0.freeze11.snv.mod.fix.bam
158479027-stool1.freeze11.snv.mod.fix.bam	0.0	0.000302646475289	0.159046327329	0.157331330636	0.157185611962	0.00993128804098	0.150897290754	0.153296044298	0.150045396971	0.135977940435	0.156378554695	0.145841973703	0.0465178841649	0.15188369408	0.151670720635	0.157779695784	0.156344927309	0.157017475032	0.143297501485	0.151401701546	0.152399314001	0.141235021802	0.149316803605	0.144552923901	0.156378554695	0.155336105725	0.159752502438	0.151054218556	0.109871879659	0.152567450932	0.147108605248	0.159920639369	0.147534552139	0.026139688162	0.151771602793	0.145169425981	0.0102227253876	0.157891787071	0.150370461704	0.148263145506
158479027-stool2.freeze11.snv.mod.fix.bam	0.000302646475289	0.0	0.174739107529	0.172968065192	0.172788719133	0.00977436023898	0.165345857666	0.168899151469	0.165009583805	0.148420073308	0.171409996301	0.159505901606	0.0515732012151	0.165771804558	0.16618654232	0.172676627846	0.172015289252	0.172620582202	0.156759665071	0.166556443568	0.167710983825	0.155672379586	0.164337036082	0.158788517369	0.170950422024	0.171723851905	0.17455976147	0.166007196261	0.120475715423	0.167341082578	0.160828578795	0.175209890935	0.161613217805	0.0278210574692	0.167262618677	0.15965162028	0.0100321701994	0.174077768935	0.165244975508	0.162801385448
763820215-stool3.freeze11.snv.mod.fix.bam	0.159046327329	0.174739107529	0.0	0.174694271014	0.174436461054	0.17185836145	0.166590070954	0.172351563113	0.168753432796	0.155784470873	0.172452445271	0.166208960577	0.0525596045419	0.168988824499	0.172273099212	0.173932050262	0.175265936579	0.171533296717	0.16069406925	0.166108078419	0.167240200419	0.157734859269	0.170300292558	0.15799266923	0.0486924551355	0.173315548182	0.0491968659276	0.173192247767	0.126001815879	0.170715030321	0.164572427785	0.0551152858888	0.168518041093	0.178023382242	0.167856702499	0.163451514914	0.17795612747	0.168820687568	0.17255332743	0.170087319113
764669880-stool1.freeze11.snv.mod.fix.bam	0.157331330636	0.172968065192	0.174694271014	0.0	0.0	0.170513266004	0.165166511607	0.171185813727	0.167632519924	0.154966204477	0.174761525787	0.168921569726	0.0543082286214	0.168461995449	0.174627016242	0.176016948203	0.172732673489	0.172284308341	0.162879849349	0.170928003766	0.172015289252	0.159068745586	0.173102574737	0.16418010828	0.172867183034	0.172317935727	0.176409267708	0.171723851905	0.126405344513	0.17028908343	0.164639682557	0.175972111688	0.1679351664	0.175871229529	0.167363500835	0.160458677547	0.176622241153	0.175389236995	0.171197022855	0.168921569726
764669880-stool2.freeze11.snv.mod.fix.bam	0.157185611962	0.172788719133	0.174436461054	0.0	0.0	0.170300292558	0.164975956419	0.171006467667	0.167453173865	0.154786858417	0.174615807113	0.168686178023	0.0542409738491	0.16828264939	0.174402833668	0.175871229529	0.172497281786	0.172060125766	0.162633248518	0.170692612063	0.171791106677	0.15886698127	0.172912019549	0.163955925706	0.172598163945	0.17211617141	0.176151457747	0.171533296717	0.126248416711	0.170098528241	0.164449127369	0.175703092599	0.167767029469	0.175658256084	0.167161736518	0.160245704101	0.176420476836	0.175153845292	0.171006467667	0.168731014538
CCIS07648107ST-4-0.freeze11.snv.mod.fix.bam	0.00993128804098	0.00977436023898	0.17185836145	0.170513266004	0.170300292558	0.0	0.162812594577	0.165816641072	0.162196092498	0.145685045901	0.168148139845	0.155907771289	0.04961160369	0.16295831325	0.162644457646	0.169526862677	0.169280261845	0.169829509152	0.153239998655	0.163664488359	0.164819028617	0.152948561308	0.161142434399	0.156064699091	0.16932509836	0.168663759766	0.17281113739	0.162655666775	0.116731866432	0.163720534003	0.157846950557	0.17211617141	0.161344198715	0.0203557777454	0.164919910775	0.157320121507	0.000414737762434	0.170905585509	0.161893446022	0.159483483349
CCIS16561622ST-4-0.freeze11.snv.mod.fix.bam	0.150897290754	0.165345857666	0.166590070954	0.165166511607	0.164975956419	0.162812594577	0.0	0.159102372973	0.156064699091	0.149540986179	0.164437918241	0.159606783765	0.0517973837894	0.160559559705	0.165334648538	0.165827850201	0.164348245211	0.165200138993	0.155280060081	0.160245704101	0.161176061785	0.15109905507	0.164437918241	0.15397980115	0.165289812023	0.164987165548	0.168876733212	0.165446739825	0.118626209185	0.161971909923	0.156983847646	0.168125721588	0.159629202022	0.168798269311	0.159169627745	0.153486599487	0.168170558103	0.168574086736	0.164639682557	0.162577202874
CCIS29210128ST-4-0.freeze11.snv.mod.fix.bam	0.153296044298	0.168899151469	0.172351563113	0.171185813727	0.171006467667	0.165816641072	0.159102372973	0.0	0.00048199253472	0.154058265051	0.168058466815	0.163866252676	0.0523802584825	0.163260959726	0.169739836123	0.169347516618	0.16985192741	0.164998374676	0.16043625929	0.166119287548	0.167139318261	0.156815710715	0.169179379687	0.1590351182	0.170860748994	0.167217782162	0.174627016242	0.171107349826	0.122392476433	0.164628473429	0.159236882517	0.17377512246	0.162756548933	0.172362772242	0.164157690023	0.158654007824	0.171208231984	0.173831168103	0.170333919944	0.168136930716
CCIS48174381ST-4-0.freeze11.snv.mod.fix.bam	0.150045396971	0.165009583805	0.168753432796	0.167632519924	0.167453173865	0.162196092498	0.156064699091	0.00048199253472	0.0	0.151267192001	0.164662100815	0.160245704101	0.0512593456111	0.159707665923	0.166029614518	0.165906314102	0.166074451033	0.16138903523	0.157140775448	0.162565993745	0.16357481533	0.153318462556	0.165323439409	0.155560288299	0.167240200419	0.163630860973	0.171006467667	0.167677356439	0.119534148611	0.160862206181	0.155537870041	0.170031273469	0.159517110735	0.168495622835	0.160626814478	0.155436987883	0.16731866432	0.170322710816	0.166937553944	0.164785401231
CCIS72607085ST-4-0.freeze11.snv.mod.fix.bam	0.135977940435	0.148420073308	0.155784470873	0.154966204477	0.154786858417	0.145685045901	0.149540986179	0.154058265051	0.151267192001	0.0	0.14735520608	0.144171813525	0.0450831156894	0.147601806912	0.149372849248	0.148722719783	0.155840516517	0.154282447625	0.138690549584	0.151166309843	0.1523208501	0.134072388553	0.14691805006	0.144889197763	0.153912546378	0.155179177923	0.157600349725	0.000347482990147	0.0347707172721	0.143073318911	0.141223812673	0.157185611962	0.146929259189	0.151827648437	0.151737975407	0.146805958773	0.150370461704	0.157824532299	0.000347482990147	0.000336273861433
CCMD26925580ST-21-0.freeze11.snv.mod.fix.bam	0.156378554695	0.171409996301	0.172452445271	0.174761525787	0.174615807113	0.168148139845	0.164437918241	0.168058466815	0.164662100815	0.14735520608	0.0	0.152926143051	0.0470895497293	0.16715052739	0.158609171309	0.000896730297154	0.171297905014	0.170076109984	0.146424848397	0.166410724894	0.167587683409	0.141638550435	0.154730812774	0.159875802854	0.170916794638	0.171936825351	0.174694271014	0.163148868438	0.0406443007185	0.167811865984	0.162588412003	0.174604597985	0.163148868438	0.173349175569	0.167374709964	0.157846950557	0.173965677648	0.175871229529	0.162465111587	0.160391422775
M4.4-V1.metaG.freeze11.snv.mod.fix.bam	0.145841973703	0.159505901606	0.166208960577	0.168921569726	0.168686178023	0.155907771289	0.159606783765	0.163866252676	0.160245704101	0.144171813525	0.152926143051	0.0	2.24182574289e-05	0.159113582101	0.000594083821865	0.154293656754	0.168159348974	0.163653279231	0.0473025231749	0.162386647686	0.163451514914	0.0984946140137	0.0899308396758	0.154865322318	0.164068016993	0.167206573033	0.167834284241	0.160425050161	0.109995180075	0.157959041844	0.152993397823	0.167116900003	0.145057334693	0.157051102418	0.161467499131	0.156322509051	0.161153643527	0.169807090895	0.159640411151	0.157510676695
M4.4-V1.metaT.freeze11.snv.mod.fix.bam	0.0465178841649	0.0515732012151	0.0525596045419	0.0543082286214	0.0542409738491	0.04961160369	0.0517973837894	0.0523802584825	0.0512593456111	0.0450831156894	0.0470895497293	2.24182574289e-05	0.0	0.0508894443635	0.000235391703003	0.0477620974522	0.054521202067	0.0515507829576	0.0137648100613	0.0514162734131	0.0518198020468	0.0294912176477	0.0282806317465	0.0487036642642	0.0525483954132	0.0531088518489	0.0538262360867	0.0503177787991	0.0344008160246	0.0506428435318	0.0491296111553	0.0531200609777	0.0460695190163	0.0500487597099	0.0511696725814	0.0501720601258	0.0515507829576	0.0534114983242	0.0499590866802	0.049140820284
MH0206.freeze11.snv.mod.fix.bam	0.15188369408	0.165771804558	0.168988824499	0.168461995449	0.16828264939	0.16295831325	0.160559559705	0.163260959726	0.159707665923	0.147601806912	0.16715052739	0.159113582101	0.0508894443635	0.0	0.164852656003	0.168551668479	0.167867911627	0.166085660162	0.155224014437	0.15947227422	0.160447468418	0.149641868338	0.162711712419	0.152870097407	0.1668815083	0.163653279231	0.1701994104	0.163541187943	0.118984901304	0.081288601437	0.0778137715355	0.170502056875	0.159281719032	0.169302680103	0.160413841032	0.15781332317	0.168338695033	0.168596504994	0.16270050329	0.16078374228
MH0211.freeze11.snv.mod.fix.bam	0.151670720635	0.16618654232	0.172273099212	0.174627016242	0.174402833668	0.162644457646	0.165334648538	0.169739836123	0.166029614518	0.149372849248	0.158609171309	0.000594083821865	0.000235391703003	0.164852656003	0.0	0.160010312398	0.174257114994	0.169594117449	0.0495667671752	0.168125721588	0.169224216202	0.102810128569	0.0938316164685	0.160402631903	0.17010973737	0.173472475984	0.17394325939	0.166567652696	0.115185006669	0.164124062637	0.158911817784	0.173304339054	0.150280788674	0.163518769686	0.167240200419	0.162050373824	0.167991212043	0.175803974757	0.165760595429	0.163541187943
MH0239.freeze11.snv.mod.fix.bam	0.157779695784	0.172676627846	0.173932050262	0.176016948203	0.175871229529	0.169526862677	0.165827850201	0.169347516618	0.165906314102	0.148722719783	0.000896730297154	0.154293656754	0.0477620974522	0.168551668479	0.160010312398	0.0	0.17264300046	0.171353950657	0.147803571228	0.167800656855	0.168966406241	0.142927600238	0.156165581249	0.161243316557	0.172284308341	0.173181038638	0.176095412104	0.164538800399	0.0414625671147	0.169224216202	0.164023180478	0.175994529945	0.164471545627	0.174750316658	0.168607714122	0.159203255131	0.175366818737	0.177216324975	0.163866252676	0.161770145607
MH0311.freeze11.snv.mod.fix.bam	0.156344927309	0.172015289252	0.175265936579	0.172732673489	0.172497281786	0.169280261845	0.164348245211	0.16985192741	0.166074451033	0.155840516517	0.171297905014	0.168159348974	0.054521202067	0.167867911627	0.174257114994	0.17264300046	0.0	0.174436461054	0.163272168854	0.166948763073	0.168013630301	0.160212076715	0.17142120543	0.160391422775	0.173225875153	0.172071334895	0.176633450282	0.173068947351	0.124634302176	0.169582908321	0.164247363052	0.176117830361	0.165592458498	0.175411655252	0.167778238598	0.162655666775	0.174929662717	0.17629717642	0.172351563113	0.169997646083
MH0335.freeze11.snv.mod.fix.bam	0.157017475032	0.172620582202	0.171533296717	0.172284308341	0.172060125766	0.169829509152	0.165200138993	0.164998374676	0.16138903523	0.154282447625	0.170076109984	0.163653279231	0.0515507829576	0.166085660162	0.169594117449	0.171353950657	0.174436461054	0.0	0.160279331488	0.169280261845	0.17028908343	0.155762052616	0.166500397924	0.162330602042	0.167654938182	0.171342741529	0.171118558954	0.171286695885	0.124006590968	0.168854314954	0.163260959726	0.17063656642	0.164908701647	0.175434073509	0.164718146458	0.161377826102	0.175187472678	0.174761525787	0.170569311647	0.168428368063
MH0395.freeze11.snv.mod.fix.bam	0.143297501485	0.156759665071	0.16069406925	0.162879849349	0.162633248518	0.153239998655	0.155280060081	0.16043625929	0.157140775448	0.138690549584	0.146424848397	0.0473025231749	0.0137648100613	0.155224014437	0.0495667671752	0.147803571228	0.163272168854	0.160279331488	0.0	0.157342539764	0.158384988735	0.0900765583491	0.0757849192382	0.150594644278	0.158497080022	0.162285765527	0.162207301626	0.154136728952	0.105208882114	0.151737975407	0.147063768733	0.161456290003	0.145550536357	0.155526660913	0.156849338101	0.15075157208	0.158463452636	0.165794222815	0.153419344714	0.15136807416
MH0451.freeze11.snv.mod.fix.bam	0.151401701546	0.166556443568	0.166108078419	0.170928003766	0.170692612063	0.163664488359	0.160245704101	0.166119287548	0.162565993745	0.151166309843	0.166410724894	0.162386647686	0.0514162734131	0.15947227422	0.168125721588	0.167800656855	0.166948763073	0.169280261845	0.157342539764	0.0	0.000661338594151	0.153228789526	0.166758207885	0.00284711869346	0.168394740677	0.165939941488	0.172082544024	0.167867911627	0.11962382164	0.159617992893	0.154495421071	0.171297905014	0.160716487507	0.169011242756	0.162924685864	0.15799266923	0.169201797944	0.169751045251	0.167139318261	0.164762982973
MH0452.freeze11.snv.mod.fix.bam	0.152399314001	0.167710983825	0.167240200419	0.172015289252	0.171791106677	0.164819028617	0.161176061785	0.167139318261	0.16357481533	0.1523208501	0.167587683409	0.163451514914	0.0518198020468	0.160447468418	0.169224216202	0.168966406241	0.168013630301	0.17028908343	0.158384988735	0.000661338594151	0.0	0.154192774596	0.167789447726	0.00249963570332	0.169392353132	0.16706085436	0.173035319965	0.169123334043	0.120733525383	0.160716487507	0.155582706556	0.172284308341	0.161747727349	0.170176992142	0.163810207033	0.158833353883	0.170322710816	0.170782285093	0.168405949806	0.165995987132
MMRS55294627ST-27-0-0.freeze11.snv.mod.fix.bam	0.141235021802	0.155672379586	0.157734859269	0.159068745586	0.15886698127	0.152948561308	0.15109905507	0.156815710715	0.153318462556	0.134072388553	0.141638550435	0.0984946140137	0.0294912176477	0.149641868338	0.102810128569	0.142927600238	0.160212076715	0.155762052616	0.0900765583491	0.153228789526	0.154192774596	0.0	0.0839115375562	0.145942855862	0.157331330636	0.158418616121	0.16060439622	0.149664286595	0.0998060820732	0.151906112338	0.146805958773	0.160738905765	0.146727494872	0.154282447625	0.153643527289	0.146805958773	0.158216851804	0.16226334727	0.148958111486	0.146649030971
N038A.freeze11.snv.mod.fix.bam	0.149316803605	0.164337036082	0.170300292558	0.173102574737	0.172912019549	0.161142434399	0.164437918241	0.169179379687	0.165323439409	0.14691805006	0.154730812774	0.0899308396758	0.0282806317465	0.162711712419	0.0938316164685	0.156165581249	0.17142120543	0.166500397924	0.0757849192382	0.166758207885	0.167789447726	0.0839115375562	0.0	0.15834015222	0.168708596281	0.171096140697	0.172609373073	0.163417887528	0.112360306233	0.161097597884	0.155380942239	0.171533296717	0.160189658458	0.16392229832	0.164729355587	0.158631589567	0.166668534855	0.173562149014	0.162644457646	0.160380213646
NLM010.freeze11.snv.mod.fix.bam	0.144552923901	0.158788517369	0.15799266923	0.16418010828	0.163955925706	0.156064699091	0.15397980115	0.1590351182	0.155560288299	0.144889197763	0.159875802854	0.154865322318	0.0487036642642	0.152870097407	0.160402631903	0.161243316557	0.160391422775	0.162330602042	0.150594644278	0.00284711869346	0.00249963570332	0.145942855862	0.15834015222	0.0	0.160761324022	0.159427437705	0.16435945434	0.160862206181	0.113862329481	0.152881306536	0.148005335545	0.163193704953	0.154080683308	0.161243316557	0.156490645982	0.151424119803	0.161299362201	0.161904655151	0.160133612814	0.1579029962
O2.CD1-0-PT.freeze11.snv.mod.fix.bam	0.156378554695	0.170950422024	0.0486924551355	0.172867183034	0.172598163945	0.16932509836	0.165289812023	0.170860748994	0.167240200419	0.153912546378	0.170916794638	0.164068016993	0.0525483954132	0.1668815083	0.17010973737	0.172284308341	0.173225875153	0.167654938182	0.158497080022	0.168394740677	0.169392353132	0.157331330636	0.168708596281	0.160761324022	0.0	0.171376368915	0.0056718191295	0.170961631152	0.124298028314	0.168551668479	0.162722921547	0.0173965677648	0.164931119904	0.176005739074	0.166085660162	0.162072792082	0.175030544876	0.16985192741	0.170300292558	0.1679351664
O2.CD1-0.freeze11.snv.mod.fix.bam	0.155336105725	0.171723851905	0.173315548182	0.172317935727	0.17211617141	0.168663759766	0.164987165548	0.167217782162	0.163630860973	0.155179177923	0.171936825351	0.167206573033	0.0531088518489	0.163653279231	0.173472475984	0.173181038638	0.172071334895	0.171342741529	0.162285765527	0.165939941488	0.16706085436	0.158418616121	0.171096140697	0.159427437705	0.171376368915	0.0	0.17516505442	0.171981661865	0.124836066493	0.16784549337	0.162543575488	0.174481297569	0.165704549785	0.174660643628	0.166388306637	0.162487529844	0.174167441965	0.175523746539	0.171264277628	0.168943987984
O2.UC48-1.freeze11.snv.mod.fix.bam	0.159752502438	0.17455976147	0.0491968659276	0.176409267708	0.176151457747	0.17281113739	0.168876733212	0.174627016242	0.171006467667	0.157600349725	0.174694271014	0.167834284241	0.0538262360867	0.1701994104	0.17394325939	0.176095412104	0.176633450282	0.171118558954	0.162207301626	0.172082544024	0.173035319965	0.16060439622	0.172609373073	0.16435945434	0.0056718191295	0.17516505442	0.0	0.17481757143	0.127929786018	0.172609373073	0.166545234439	0.0185735262798	0.168249022004	0.179502987233	0.168596504994	0.165536412855	0.178707139094	0.173629403786	0.174156232836	0.171746270162
O2.UC7-0.freeze11.snv.mod.fix.bam	0.151054218556	0.166007196261	0.173192247767	0.171723851905	0.171533296717	0.162655666775	0.165446739825	0.171107349826	0.167677356439	0.000347482990147	0.163148868438	0.160425050161	0.0503177787991	0.163541187943	0.166567652696	0.164538800399	0.173068947351	0.171286695885	0.154136728952	0.167867911627	0.169123334043	0.149664286595	0.163417887528	0.160862206181	0.170961631152	0.171981661865	0.17481757143	0.0	0.0362951587773	0.158967863428	0.156658782913	0.174593388856	0.163563606201	0.169784672637	0.16819297636	0.163126450181	0.168148139845	0.174985708361	0.0	0.0
O2.UC7-1.freeze11.snv.mod.fix.bam	0.109871879659	0.120475715423	0.126001815879	0.126405344513	0.126248416711	0.116731866432	0.118626209185	0.122392476433	0.119534148611	0.0347707172721	0.0406443007185	0.109995180075	0.0344008160246	0.118984901304	0.115185006669	0.0414625671147	0.124634302176	0.124006590968	0.105208882114	0.11962382164	0.120733525383	0.0998060820732	0.112360306233	0.113862329481	0.124298028314	0.124836066493	0.127929786018	0.0362951587773	0.0	0.115958436551	0.113055272214	0.127929786018	0.116776702947	0.121843229126	0.120789571027	0.113369127818	0.121518164393	0.127683185186	0.0367883604407	0.0350061089751
SAMEA3136641.freeze11.snv.mod.fix.bam	0.152567450932	0.167341082578	0.170715030321	0.17028908343	0.170098528241	0.163720534003	0.161971909923	0.164628473429	0.160862206181	0.143073318911	0.167811865984	0.157959041844	0.0506428435318	0.081288601437	0.164124062637	0.169224216202	0.169582908321	0.168854314954	0.151737975407	0.159617992893	0.160716487507	0.151906112338	0.161097597884	0.152881306536	0.168551668479	0.16784549337	0.172609373073	0.158967863428	0.115958436551	0.0	0.00416979588177	0.172138589667	0.162106419468	0.17080470335	0.161702890834	0.158452243507	0.169650163093	0.171051304182	0.158138387903	0.156064699091
SAMEA3136740.freeze11.snv.mod.fix.bam	0.147108605248	0.160828578795	0.164572427785	0.164639682557	0.164449127369	0.157846950557	0.156983847646	0.159236882517	0.155537870041	0.141223812673	0.162588412003	0.152993397823	0.0491296111553	0.0778137715355	0.158911817784	0.164023180478	0.164247363052	0.163260959726	0.147063768733	0.154495421071	0.155582706556	0.146805958773	0.155380942239	0.148005335545	0.162722921547	0.162543575488	0.166545234439	0.156658782913	0.113055272214	0.00416979588177	0.0	0.166074451033	0.156591528141	0.16435945434	0.156445809467	0.153464181229	0.163384260141	0.165390694181	0.155874143903	0.153789245962
T2D-13A.freeze11.snv.mod.fix.bam	0.159920639369	0.175209890935	0.0551152858888	0.175972111688	0.175703092599	0.17211617141	0.168125721588	0.17377512246	0.170031273469	0.157185611962	0.174604597985	0.167116900003	0.0531200609777	0.170502056875	0.173304339054	0.175994529945	0.176117830361	0.17063656642	0.161456290003	0.171297905014	0.172284308341	0.160738905765	0.171533296717	0.163193704953	0.0173965677648	0.174481297569	0.0185735262798	0.174593388856	0.127929786018	0.172138589667	0.166074451033	0.0	0.169000033627	0.178987367312	0.168551668479	0.164886283389	0.1780458005	0.172037707509	0.173876004618	0.171477251073
T2D-91A.freeze11.snv.mod.fix.bam	0.147534552139	0.161613217805	0.168518041093	0.1679351664	0.167767029469	0.161344198715	0.159629202022	0.162756548933	0.159517110735	0.146929259189	0.163148868438	0.145057334693	0.0460695190163	0.159281719032	0.150280788674	0.164471545627	0.165592458498	0.164908701647	0.145550536357	0.160716487507	0.161747727349	0.146727494872	0.160189658458	0.154080683308	0.164931119904	0.165704549785	0.168249022004	0.163563606201	0.116776702947	0.162106419468	0.156591528141	0.169000033627	0.0	0.165132884221	0.161658054319	0.157690022755	0.166399515766	0.169560490063	0.162801385448	0.16060439622
T2D-9A.freeze11.snv.mod.fix.bam	0.026139688162	0.0278210574692	0.178023382242	0.175871229529	0.175658256084	0.0203557777454	0.168798269311	0.172362772242	0.168495622835	0.151827648437	0.173349175569	0.157051102418	0.0500487597099	0.169302680103	0.163518769686	0.174750316658	0.175411655252	0.175434073509	0.155526660913	0.169011242756	0.170176992142	0.154282447625	0.16392229832	0.161243316557	0.176005739074	0.174660643628	0.179502987233	0.169784672637	0.121843229126	0.17080470335	0.16435945434	0.178987367312	0.165132884221	0.0	0.170995258539	0.16357481533	0.0202100590721	0.17708181543	0.16897761537	0.166500397924
V1.CD17-4.freeze11.snv.mod.fix.bam	0.151771602793	0.167262618677	0.167856702499	0.167363500835	0.167161736518	0.164919910775	0.159169627745	0.164157690023	0.160626814478	0.151737975407	0.167374709964	0.161467499131	0.0511696725814	0.160413841032	0.167240200419	0.168607714122	0.167778238598	0.164718146458	0.156849338101	0.162924685864	0.163810207033	0.153643527289	0.164729355587	0.156490645982	0.166085660162	0.166388306637	0.168596504994	0.16819297636	0.120789571027	0.161702890834	0.156445809467	0.168551668479	0.161658054319	0.170995258539	0.0	0.157454631052	0.170120946499	0.16828264939	0.167397128221	0.165099256835
V1.CD49-0.freeze11.snv.mod.fix.bam	0.145169425981	0.15965162028	0.163451514914	0.160458677547	0.160245704101	0.157320121507	0.153486599487	0.158654007824	0.155436987883	0.146805958773	0.157846950557	0.156322509051	0.0501720601258	0.15781332317	0.162050373824	0.159203255131	0.162655666775	0.161377826102	0.15075157208	0.15799266923	0.158833353883	0.146805958773	0.158631589567	0.151424119803	0.162072792082	0.162487529844	0.165536412855	0.163126450181	0.113369127818	0.158452243507	0.153464181229	0.164886283389	0.157690022755	0.16357481533	0.157454631052	0.0	0.162554784617	0.167038436102	0.1623530203	0.160178449329
V1.FI18.freeze11.snv.mod.fix.bam	0.0102227253876	0.0100321701994	0.17795612747	0.176622241153	0.176420476836	0.000414737762434	0.168170558103	0.171208231984	0.16731866432	0.150370461704	0.173965677648	0.161153643527	0.0515507829576	0.168338695033	0.167991212043	0.175366818737	0.174929662717	0.175187472678	0.158463452636	0.169201797944	0.170322710816	0.158216851804	0.166668534855	0.161299362201	0.175030544876	0.174167441965	0.178707139094	0.168148139845	0.121518164393	0.169650163093	0.163384260141	0.1780458005	0.166399515766	0.0202100590721	0.170120946499	0.162554784617	0.0	0.176454104222	0.167374709964	0.164830237746
V1.FI21.freeze11.snv.mod.fix.bam	0.157891787071	0.174077768935	0.168820687568	0.175389236995	0.175153845292	0.170905585509	0.168574086736	0.173831168103	0.170322710816	0.157824532299	0.175871229529	0.169807090895	0.0534114983242	0.168596504994	0.175803974757	0.177216324975	0.17629717642	0.174761525787	0.165794222815	0.169751045251	0.170782285093	0.16226334727	0.173562149014	0.161904655151	0.16985192741	0.175523746539	0.173629403786	0.174985708361	0.127683185186	0.171051304182	0.165390694181	0.172037707509	0.169560490063	0.17708181543	0.16828264939	0.167038436102	0.176454104222	0.0	0.174245905866	0.171981661865
V1.UC48-0.freeze11.snv.mod.fix.bam	0.150370461704	0.165244975508	0.17255332743	0.171197022855	0.171006467667	0.161893446022	0.164639682557	0.170333919944	0.166937553944	0.000347482990147	0.162465111587	0.159640411151	0.0499590866802	0.16270050329	0.165760595429	0.163866252676	0.172351563113	0.170569311647	0.153419344714	0.167139318261	0.168405949806	0.148958111486	0.162644457646	0.160133612814	0.170300292558	0.171264277628	0.174156232836	0.0	0.0367883604407	0.158138387903	0.155874143903	0.173876004618	0.162801385448	0.16897761537	0.167397128221	0.1623530203	0.167374709964	0.174245905866	0.0	0.0
V1.UC49-0.freeze11.snv.mod.fix.bam	0.148263145506	0.162801385448	0.170087319113	0.168921569726	0.168731014538	0.159483483349	0.162577202874	0.168136930716	0.164785401231	0.000336273861433	0.160391422775	0.157510676695	0.049140820284	0.16078374228	0.163541187943	0.161770145607	0.169997646083	0.168428368063	0.15136807416	0.164762982973	0.165995987132	0.146649030971	0.160380213646	0.1579029962	0.1679351664	0.168943987984	0.171746270162	0.0	0.0350061089751	0.156064699091	0.153789245962	0.171477251073	0.16060439622	0.166500397924	0.165099256835	0.160178449329	0.164830237746	0.171981661865	0.0	0.0
