	103092734-supragingivalplaque3.freeze11.snv.mod.fix.bam	147406386-subgingivalplaque2.freeze11.snv.mod.fix.bam	147406386-supragingivalplaque3.freeze11.snv.mod.fix.bam	158256496-supragingivalplaque2.freeze11.snv.mod.fix.bam	158458797-supragingivalplaque1.freeze11.snv.mod.fix.bam	158479027-supragingivalplaque1.freeze11.snv.mod.fix.bam	158479027-supragingivalplaque2.freeze11.snv.mod.fix.bam	158499257-supragingivalplaque1.freeze11.snv.mod.fix.bam	158499257-supragingivalplaque2.freeze11.snv.mod.fix.bam	158742018-supragingivalplaque1.freeze11.snv.mod.fix.bam	158802708-supragingivalplaque1.freeze11.snv.mod.fix.bam	158802708-supragingivalplaque2.freeze11.snv.mod.fix.bam	158802708-supragingivalplaque3.freeze11.snv.mod.fix.bam	158883629-supragingivalplaque1.freeze11.snv.mod.fix.bam	158883629-supragingivalplaque3.freeze11.snv.mod.fix.bam	159207311-supragingivalplaque1.freeze11.snv.mod.fix.bam	159207311-supragingivalplaque3.freeze11.snv.mod.fix.bam	159247771-supragingivalplaque2.freeze11.snv.mod.fix.bam	159268001-supragingivalplaque3.freeze11.snv.mod.fix.bam	159591683-supragingivalplaque1.freeze11.snv.mod.fix.bam	159611913-supragingivalplaque2.freeze11.snv.mod.fix.bam	159632143-supragingivalplaque1.freeze11.snv.mod.fix.bam	159713063-supragingivalplaque2.freeze11.snv.mod.fix.bam	159753524-buccalmucosa3.freeze11.snv.mod.fix.bam	159753524-supragingivalplaque1.freeze11.snv.mod.fix.bam	160178356-supragingivalplaque1.freeze11.snv.mod.fix.bam	160178356-supragingivalplaque2.freeze11.snv.mod.fix.bam	160178356-supragingivalplaque3.freeze11.snv.mod.fix.bam	160218816-buccalmucosa1.freeze11.snv.mod.fix.bam	160319967-supragingivalplaque1.freeze11.snv.mod.fix.bam	160380657-supragingivalplaque1.freeze11.snv.mod.fix.bam	160380657-supragingivalplaque2.freeze11.snv.mod.fix.bam	160380657-supragingivalplaque3.freeze11.snv.mod.fix.bam	160421117-supragingivalplaque1.freeze11.snv.mod.fix.bam	160421117-supragingivalplaque2.freeze11.snv.mod.fix.bam	160421117-supragingivalplaque3.freeze11.snv.mod.fix.bam	160502038-supragingivalplaque1.freeze11.snv.mod.fix.bam	160502038-supragingivalplaque2.freeze11.snv.mod.fix.bam	160502038-supragingivalplaque3.freeze11.snv.mod.fix.bam	160542498-supragingivalplaque1.freeze11.snv.mod.fix.bam	160582958-supragingivalplaque2.freeze11.snv.mod.fix.bam	160582958-supragingivalplaque3.freeze11.snv.mod.fix.bam	160603188-supragingivalplaque1.freeze11.snv.mod.fix.bam	160603188-supragingivalplaque2.freeze11.snv.mod.fix.bam	160603188-supragingivalplaque3.freeze11.snv.mod.fix.bam	160643649-supragingivalplaque1.freeze11.snv.mod.fix.bam	160704339-supragingivalplaque1.freeze11.snv.mod.fix.bam	160765029-supragingivalplaque1.freeze11.snv.mod.fix.bam	178713055-supragingivalplaque2.freeze11.snv.mod.fix.bam	275382046-supragingivalplaque2.freeze11.snv.mod.fix.bam	370027359-subgingivalplaque2.freeze11.snv.mod.fix.bam	370027359-supragingivalplaque2.freeze11.snv.mod.fix.bam	404239096-supragingivalplaque2.freeze11.snv.mod.fix.bam	508703490-supragingivalplaque1.freeze11.snv.mod.fix.bam	508703490-supragingivalplaque2.freeze11.snv.mod.fix.bam	508703490-supragingivalplaque3.freeze11.snv.mod.fix.bam	517810313-supragingivalplaque2.freeze11.snv.mod.fix.bam	533247696-supragingivalplaque1.freeze11.snv.mod.fix.bam	550534656-supragingivalplaque3.freeze11.snv.mod.fix.bam	604812005-supragingivalplaque1.freeze11.snv.mod.fix.bam	604812005-supragingivalplaque3.freeze11.snv.mod.fix.bam	638754422-supragingivalplaque2.freeze11.snv.mod.fix.bam	675950834-supragingivalplaque1.freeze11.snv.mod.fix.bam	675950834-supragingivalplaque2.freeze11.snv.mod.fix.bam	675950834-supragingivalplaque3.freeze11.snv.mod.fix.bam	682102541-supragingivalplaque3.freeze11.snv.mod.fix.bam	686765762-supragingivalplaque3.freeze11.snv.mod.fix.bam	706846339-supragingivalplaque1.freeze11.snv.mod.fix.bam	706846339-supragingivalplaque2.freeze11.snv.mod.fix.bam	739574095-subgingivalplaque2.freeze11.snv.mod.fix.bam	763435843-supragingivalplaque2.freeze11.snv.mod.fix.bam	763456073-supragingivalplaque3.freeze11.snv.mod.fix.bam	763496533-supragingivalplaque1.freeze11.snv.mod.fix.bam	763536994-supragingivalplaque3.freeze11.snv.mod.fix.bam	763557224-supragingivalplaque3.freeze11.snv.mod.fix.bam	763577454-subgingivalplaque2.freeze11.snv.mod.fix.bam	763577454-supragingivalplaque1.freeze11.snv.mod.fix.bam	763577454-supragingivalplaque2.freeze11.snv.mod.fix.bam	763719065-supragingivalplaque3.freeze11.snv.mod.fix.bam	763759525-supragingivalplaque1.freeze11.snv.mod.fix.bam	763759525-supragingivalplaque2.freeze11.snv.mod.fix.bam	763820215-buccalmucosa2.freeze11.snv.mod.fix.bam	763820215-supragingivalplaque2.freeze11.snv.mod.fix.bam	763840445-supragingivalplaque1.freeze11.snv.mod.fix.bam	763840445-supragingivalplaque2.freeze11.snv.mod.fix.bam	763901136-supragingivalplaque1.freeze11.snv.mod.fix.bam	763901136-supragingivalplaque3.freeze11.snv.mod.fix.bam	763961826-supragingivalplaque1.freeze11.snv.mod.fix.bam	763982056-supragingivalplaque1.freeze11.snv.mod.fix.bam	763982056-supragingivalplaque3.freeze11.snv.mod.fix.bam	764042746-supragingivalplaque1.freeze11.snv.mod.fix.bam	764062976-supragingivalplaque2.freeze11.snv.mod.fix.bam	764062976-supragingivalplaque3.freeze11.snv.mod.fix.bam	764083206-supragingivalplaque1.freeze11.snv.mod.fix.bam	764285508-supragingivalplaque1.freeze11.snv.mod.fix.bam	764285508-supragingivalplaque2.freeze11.snv.mod.fix.bam	764305738-supragingivalplaque2.freeze11.snv.mod.fix.bam	764325968-supragingivalplaque1.freeze11.snv.mod.fix.bam	764366428-subgingivalplaque3.freeze11.snv.mod.fix.bam	764366428-supragingivalplaque2.freeze11.snv.mod.fix.bam	764366428-supragingivalplaque3.freeze11.snv.mod.fix.bam	764447348-buccalmucosa1.freeze11.snv.mod.fix.bam	764447348-supragingivalplaque1.freeze11.snv.mod.fix.bam	764467579-supragingivalplaque3.freeze11.snv.mod.fix.bam	764487809-supragingivalplaque1.freeze11.snv.mod.fix.bam	764487809-supragingivalplaque2.freeze11.snv.mod.fix.bam	764588959-supragingivalplaque1.freeze11.snv.mod.fix.bam	764588959-supragingivalplaque2.freeze11.snv.mod.fix.bam	764649650-supragingivalplaque1.freeze11.snv.mod.fix.bam	764649650-supragingivalplaque2.freeze11.snv.mod.fix.bam	764811490-supragingivalplaque1.freeze11.snv.mod.fix.bam	764811490-supragingivalplaque2.freeze11.snv.mod.fix.bam	764872181-supragingivalplaque1.freeze11.snv.mod.fix.bam	764892411-supragingivalplaque2.freeze11.snv.mod.fix.bam	765013792-supragingivalplaque2.freeze11.snv.mod.fix.bam	765013792-supragingivalplaque3.freeze11.snv.mod.fix.bam	765034022-supragingivalplaque1.freeze11.snv.mod.fix.bam	765074482-supragingivalplaque1.freeze11.snv.mod.fix.bam	765074482-supragingivalplaque3.freeze11.snv.mod.fix.bam	765094712-supragingivalplaque1.freeze11.snv.mod.fix.bam	765094712-supragingivalplaque2.freeze11.snv.mod.fix.bam	765094712-supragingivalplaque3.freeze11.snv.mod.fix.bam	765135172-buccalmucosa3.freeze11.snv.mod.fix.bam	765135172-supragingivalplaque1.freeze11.snv.mod.fix.bam	765155402-supragingivalplaque3.freeze11.snv.mod.fix.bam	765195863-supragingivalplaque3.freeze11.snv.mod.fix.bam	765337473-supragingivalplaque2.freeze11.snv.mod.fix.bam	765560005-supragingivalplaque1.freeze11.snv.mod.fix.bam	765620695-supragingivalplaque1.freeze11.snv.mod.fix.bam	765620695-supragingivalplaque2.freeze11.snv.mod.fix.bam	765640925-supragingivalplaque1.freeze11.snv.mod.fix.bam	765701615-supragingivalplaque1.freeze11.snv.mod.fix.bam	765701615-supragingivalplaque2.freeze11.snv.mod.fix.bam	823052294-buccalmucosa1.freeze11.snv.mod.fix.bam	823052294-supragingivalplaque2.freeze11.snv.mod.fix.bam	823052294-supragingivalplaque3.freeze11.snv.mod.fix.bam	863126187-supragingivalplaque3.freeze11.snv.mod.fix.bam
103092734-supragingivalplaque3.freeze11.snv.mod.fix.bam	0.0	0.0967380541051	0.1003535542	0.151711578738	0.144641010889	0.139532752571	0.140761247131	0.108602474578	0.112264565864	0.172415930131	0.139777215774	0.132677066404	0.126000503135	0.199346405923	0.199386557238	0.136902856211	0.150791341478	0.133461699802	0.171760004565	0.170506390509	0.130722567979	0.123646348562	0.11313336701	0.195695566324	0.194883651946	0.115301114054	0.11356194822	0.134471647603	0.119455823523	0.137341033722	0.126612008113	0.129209198769	0.122855712573	0.131355470457	0.139535051492	0.135760670643	0.167670930594	0.14987562959	0.148240162248	0.130353165433	0.138724234116	0.146819498461	0.1244928061	0.106599999404	0.118823499853	0.171253270062	0.163363026947	0.188410441605	0.161992661501	0.119735442329	0.187684763662	0.163924059601	0.179153535403	0.162692839742	0.159716220022	0.160100860099	0.170351238543	0.129317690144	0.122106431437	0.131793548414	0.125106543528	0.130377264772	0.139225183266	0.140422741433	0.134821048712	0.101980760592	0.17647249617	0.112200161672	0.13362211745	0.123273853805	0.193341385437	0.13832253304	0.139191441653	0.138355466235	0.157273518743	0.131019802379	0.135099298002	0.130907449251	0.117902025012	0.122240367865	0.148411424639	0.143293275563	0.151202462752	0.125373923451	0.126662251136	0.122477745099	0.129422535365	0.141586789895	0.144174206461	0.150063668871	0.122681376876	0.0970810048601	0.0954051357082	0.112840151002	0.128886733272	0.144995004618	0.180989052732	0.154285617677	0.1365886848	0.132150152549	0.132086600582	0.154717655922	0.168984141897	0.145808382647	0.158128024542	0.132123260427	0.133374654229	0.134731470693	0.144761654373	0.141402833266	0.125413449704	0.151795349073	0.132237655264	0.136721630266	0.110072023634	0.113552332778	0.126498908524	0.109621235879	0.107689219993	0.137011555133	0.13741666642	0.138897919748	0.141687759752	0.15061935107	0.143273923595	0.103150337823	0.153345735464	0.108222368915	0.136420033854	0.136188127929	0.12611868235	0.177766805977	0.140404872389	0.121452259105	0.115173775261	0.108601853817	0.108864925262
147406386-subgingivalplaque2.freeze11.snv.mod.fix.bam	0.0967380541051	0.0	0.0633619064876	0.154278632802	0.149082450701	0.138206250341	0.138798079358	0.112520813797	0.11794768542	0.167678626366	0.146453588446	0.137757965513	0.128393720487	0.206075701289	0.206283930518	0.134891341814	0.148038112314	0.129475850876	0.177105926116	0.170595626198	0.128142979865	0.122477030987	0.120244784095	0.201397361757	0.200487993184	0.113130593059	0.112700510836	0.134400737877	0.114667950806	0.145575738043	0.132696427575	0.134966547895	0.127876238899	0.133081539815	0.141736317166	0.137910387678	0.174577701662	0.156034572983	0.15432007705	0.135659672993	0.13671783971	0.146773546477	0.120104088807	0.101015921964	0.11246985293	0.177358992168	0.16364573469	0.194420240211	0.166801040669	0.119779787874	0.193172798937	0.167986250944	0.183671169697	0.167430603935	0.165035721613	0.165393795292	0.175541244483	0.126452725827	0.126310011565	0.138263857945	0.133432162545	0.131450383276	0.146044495022	0.146783594801	0.140692836255	0.107602128623	0.180432083116	0.127659393669	0.142611616102	0.12822456235	0.198165147338	0.148718653194	0.134801201556	0.135300832892	0.156016289804	0.131191727633	0.137564707625	0.133290262085	0.121941301347	0.128837100554	0.151235272073	0.148099235352	0.157220600917	0.124101194771	0.123891822191	0.119973190229	0.130280751241	0.149176124356	0.140654344037	0.144882520718	0.118261958711	0.0974764133034	0.079984651136	0.111538250932	0.130592977146	0.148115385575	0.185747824993	0.15677678318	0.139896793589	0.134275290923	0.135615234158	0.158313487276	0.174307949324	0.147289375649	0.158603268901	0.128099238257	0.131664798396	0.134973487874	0.141868495448	0.136783328426	0.128986114735	0.156176987099	0.132769615495	0.135677479992	0.110125848702	0.113433606801	0.124260572348	0.104274535345	0.105559394026	0.132387600373	0.13677164724	0.136408763821	0.144842746518	0.152403432261	0.14282701991	0.110355109731	0.159324277781	0.103426120011	0.139327786233	0.140685761643	0.133175852917	0.181366046962	0.145410939573	0.119102609569	0.114252865988	0.103442435334	0.0990176310154
147406386-supragingivalplaque3.freeze11.snv.mod.fix.bam	0.1003535542	0.0633619064876	0.0	0.143285679184	0.142692479861	0.130137540592	0.130823120728	0.106286624459	0.114527103369	0.143509565407	0.146067406723	0.135502256619	0.133946202187	0.203631452666	0.203894101707	0.128722431702	0.142215189451	0.121085002989	0.173899895621	0.152952407939	0.11884338626	0.113932826515	0.117071760059	0.198669565018	0.198125084698	0.116911122624	0.116418371183	0.146413030271	0.115916627036	0.140983382178	0.130304016042	0.132078790661	0.123596137448	0.124220471487	0.134085269187	0.130136612833	0.171839709699	0.15479770748	0.155839509052	0.130645117764	0.118574720813	0.129865159592	0.114981866943	0.0978196339095	0.101754343291	0.173737697344	0.150590712055	0.191570828833	0.161601854306	0.112627832241	0.190865779966	0.165993955104	0.180701544391	0.164522154916	0.161882427588	0.162211184471	0.169250369226	0.117321688645	0.126523420543	0.135478310376	0.132086444303	0.125911074245	0.14469717932	0.145164284856	0.137841227161	0.103532933114	0.180248036238	0.12234074754	0.13726757179	0.121366225537	0.195973875366	0.146379617578	0.16004990908	0.12707924581	0.137994855872	0.120132095371	0.131681126428	0.127726945653	0.110619076568	0.124074643246	0.144604230154	0.145134680748	0.156172452177	0.116797927075	0.115925420112	0.110998196208	0.118972624886	0.146121403024	0.121496094723	0.122683829763	0.125071991621	0.0950984658841	0.10493139734	0.102830635752	0.12124386929	0.1406794296	0.179431663222	0.150524609736	0.135161382405	0.127131340391	0.130198738698	0.151733254339	0.170491619245	0.146180310444	0.170230239542	0.135699861364	0.125440417892	0.123303180863	0.133591408321	0.127298278238	0.139067617738	0.151636068696	0.126284890345	0.131123254599	0.100022458728	0.104698901965	0.113258636314	0.109961926128	0.100745729308	0.127555081738	0.12294612352	0.125605011418	0.138661384184	0.149166362195	0.142508303455	0.103759664304	0.156067272432	0.08794723852	0.129437068248	0.133051500047	0.128954964104	0.177007331939	0.139885063538	0.103838678165	0.104556078628	0.0865689285851	0.109724003048
158256496-supragingivalplaque2.freeze11.snv.mod.fix.bam	0.151711578738	0.154278632802	0.143285679184	0.0	0.141867999091	0.19564073855	0.197309013872	0.165120360861	0.168639067439	0.137221754354	0.177611954603	0.156210839981	0.15928607183	0.199517501893	0.199900157287	0.187906258658	0.200698324782	0.183213987514	0.177385415375	0.142059748822	0.170167068269	0.137053114093	0.16840347139	0.197182583453	0.196900628213	0.170124293925	0.16054411521	0.175268766061	0.163269193269	0.16215399007	0.172905343908	0.155338170773	0.152254052613	0.161777469017	0.180444512572	0.176349525957	0.171171550832	0.159911969156	0.162999283442	0.146018536156	0.119280059905	0.118001999563	0.166185992005	0.154234304093	0.172043573405	0.171958639726	0.10701246232	0.18692463075	0.135896484055	0.157034249467	0.188972275675	0.170057956858	0.174829896302	0.160012421032	0.159894591886	0.159668555955	0.174708052634	0.173090715935	0.140504467781	0.141919527621	0.136235405951	0.15373588523	0.146950323357	0.148100768146	0.142250943976	0.14457867772	0.181656675682	0.142021394921	0.139325916278	0.134377217802	0.191893435453	0.177212285241	0.195364908612	0.196432015305	0.130422203645	0.131838858147	0.144330647719	0.140016643246	0.12967247709	0.160089098753	0.195431233612	0.146505253634	0.158740107461	0.187573516572	0.187249809106	0.134034808993	0.142808119057	0.143596759184	0.128596506179	0.13140097659	0.149106458678	0.166623195247	0.16406379976	0.151316902921	0.14051628761	0.145994431084	0.175637920741	0.130110872648	0.148224412853	0.140289743887	0.140945225171	0.132997358519	0.153667371522	0.158832349575	0.195155622697	0.177265960495	0.155319180046	0.132940830382	0.191120218351	0.185626727597	0.151433924371	0.146388145899	0.156314067604	0.183174847637	0.156618406394	0.166699362972	0.135014494171	0.167812705111	0.153060598626	0.134773622736	0.12775944709	0.129974581322	0.139582021337	0.148318247791	0.152871842874	0.143747102729	0.16292600644	0.140776586895	0.131766948565	0.136836729751	0.163210411669	0.171914531589	0.139283449701	0.127791563793	0.133073762642	0.127126834327	0.152033310895
158458797-supragingivalplaque1.freeze11.snv.mod.fix.bam	0.144641010889	0.149082450701	0.142692479861	0.141867999091	0.0	0.187607617909	0.18937245738	0.155184730685	0.158714477939	0.170617126859	0.157189076362	0.114134920409	0.12931132484	0.159150162713	0.159988674849	0.183935762751	0.197464517366	0.169647330167	0.180975181764	0.173025924077	0.156651301869	0.129126904686	0.155232185341	0.166694525818	0.166399340498	0.160144160004	0.144757622745	0.163145916493	0.151145985539	0.13046165736	0.158286281735	0.122772567414	0.114780376643	0.154522558415	0.170905486628	0.167924090358	0.138954428211	0.129389138205	0.132768688556	0.123763940937	0.145957047674	0.133639625144	0.157030305572	0.14141521369	0.161224293745	0.136343968831	0.160934230463	0.138069807236	0.116037149904	0.122397178093	0.161956557329	0.142236243435	0.13108532575	0.126136461961	0.124178748179	0.124403784092	0.155528309106	0.161318444821	0.113145198003	0.112346671973	0.12317370457	0.107823144557	0.135923156943	0.146967949635	0.142468024668	0.124180595766	0.153569600387	0.116360471026	0.110526555576	0.118244841141	0.154946278297	0.169688848447	0.187614291872	0.191667879428	0.14523371067	0.126854243379	0.134112612838	0.129674100082	0.11366172039	0.154446761352	0.188532693015	0.150290446046	0.155698369284	0.177486925398	0.177524450066	0.138034687288	0.140564924226	0.147740474617	0.141219305624	0.15253749451	0.132967274088	0.154334409104	0.152241211227	0.132567714799	0.147614969574	0.13598101481	0.164218983013	0.137131761163	0.104765088168	0.101405390235	0.0995942687878	0.108730766533	0.115647281634	0.133264286546	0.187440713028	0.167264560605	0.122715389065	0.124264881544	0.189832510117	0.186101701653	0.127482399253	0.118027814924	0.130104696973	0.174648480095	0.140519092398	0.157177706133	0.11515630589	0.152280817787	0.125277434706	0.156666508572	0.124858777729	0.153803427565	0.0888384673788	0.0999648390932	0.1426797806	0.135735132847	0.143465510402	0.13535539691	0.110301234752	0.10614032135	0.155561985358	0.159446154519	0.110256652765	0.129790715545	0.129823263614	0.133398447484	0.15447945556
158479027-supragingivalplaque1.freeze11.snv.mod.fix.bam	0.139532752571	0.138206250341	0.130137540592	0.19564073855	0.187607617909	0.0	0.0115733339474	0.116768658779	0.120763834363	0.208607540397	0.16010111244	0.16989748082	0.170197377373	0.216998691594	0.216681264957	0.111769825752	0.114191350909	0.111673112352	0.19453735713	0.208678111277	0.128347016981	0.163123979303	0.121540709624	0.213141861102	0.212697967691	0.132737387322	0.147260333752	0.170930995173	0.143768255612	0.163833301923	0.139449809827	0.167588583133	0.160688734529	0.137731405019	0.130263368357	0.12759914387	0.197484768225	0.186551868275	0.185911213475	0.170442931613	0.184906632137	0.196417206405	0.141231274077	0.137748917016	0.103436004599	0.197430493401	0.195936527648	0.208442894759	0.195705612672	0.141808602757	0.206187844161	0.194107768558	0.199749717077	0.19965175688	0.195997075076	0.196260852102	0.196577011713	0.120772320323	0.182883072219	0.178923336258	0.174492155843	0.158687736462	0.182183013856	0.181219257902	0.179018436337	0.139409123575	0.202497424888	0.166686963679	0.180912689188	0.168225142176	0.214624334746	0.157443834042	0.178868132351	0.0536947599832	0.199446293298	0.179020174224	0.179874272105	0.180165721427	0.167296286579	0.13983527424	0.122248362387	0.178660060757	0.178921051064	0.0972378872837	0.0923471397164	0.163819707667	0.16241239511	0.183784664357	0.191149453334	0.187863063491	0.175767996391	0.106896704827	0.138555742853	0.13101544315	0.177300695037	0.190334088189	0.203890015935	0.195476523081	0.173348827642	0.174433562428	0.174973263744	0.196428186775	0.203190599828	0.184190101405	0.176747660466	0.152528854616	0.157967490302	0.170923297977	0.113883804996	0.11421021743	0.181915708184	0.191767773339	0.1521070337	0.119861255138	0.118717678709	0.105628411201	0.164532048549	0.13282056458	0.134158751554	0.194763721169	0.187009296318	0.192886771653	0.184808384484	0.192078933352	0.189102965901	0.142243409644	0.179950296193	0.131275895488	0.185523911776	0.182392685328	0.146098958978	0.199737710897	0.184635033364	0.160381690427	0.160758803171	0.144162453052	0.15461410303
158479027-supragingivalplaque2.freeze11.snv.mod.fix.bam	0.140761247131	0.138798079358	0.130823120728	0.197309013872	0.18937245738	0.0115733339474	0.0	0.117292651958	0.120709192297	0.209188075813	0.161467608985	0.171577530871	0.171918744252	0.217275727134	0.216785630231	0.111002364302	0.112584682666	0.111746281809	0.194926243576	0.209705786179	0.129075684456	0.164260002643	0.121932647177	0.213230713573	0.212896756031	0.133449827043	0.148882809626	0.17209829277	0.144812572756	0.164658318273	0.140384615944	0.169345831823	0.162562582189	0.138818161812	0.130954677314	0.127913688861	0.198925423328	0.188172818039	0.187624480176	0.171715819297	0.186150684641	0.198072225766	0.141815743176	0.139523649183	0.103993066519	0.198137032367	0.196790466859	0.209015254798	0.197174838928	0.142139579391	0.205857299063	0.195052024304	0.200520595574	0.201170294348	0.197411200298	0.19759894036	0.196547860445	0.12144203996	0.184696676876	0.180745051272	0.177027083573	0.159940867058	0.183341460559	0.182228844014	0.17995742446	0.140821991316	0.202950875569	0.168388207529	0.182892639203	0.1694785447	0.215076555849	0.157377134914	0.1792996622	0.0506881968948	0.200120803251	0.180523531276	0.181324593305	0.181914254212	0.168936080952	0.140929746349	0.121601277104	0.179425439178	0.179652410912	0.0963825289336	0.0906101673193	0.164911281651	0.16304096873	0.184699091332	0.192539196966	0.188712513579	0.177436342252	0.107285105082	0.139309383247	0.132272015761	0.178108018194	0.19141834537	0.203983637507	0.197306625114	0.174875929856	0.176185637757	0.176701168603	0.198563282413	0.205535329485	0.185177942258	0.176764630657	0.152687694619	0.159124702807	0.172035444119	0.112525162141	0.113003285522	0.18364043019	0.193341340834	0.152680814075	0.119997979684	0.119432256412	0.105861880453	0.165958117839	0.13391188513	0.13551696224	0.196078785716	0.188141779725	0.193987814801	0.186240407838	0.194223082551	0.190155644418	0.143151117984	0.179987449376	0.132226977678	0.187086078989	0.183919110192	0.14685479752	0.199867523181	0.186052746995	0.161394851408	0.162178123799	0.145348324802	0.155174193762
158499257-supragingivalplaque1.freeze11.snv.mod.fix.bam	0.108602474578	0.112520813797	0.106286624459	0.165120360861	0.155184730685	0.116768658779	0.117292651958	0.0	0.0442779151411	0.18755128754	0.138237695083	0.138528033965	0.13782678253	0.206253739935	0.206438476957	0.114375005615	0.127470225498	0.112876181968	0.181177496769	0.184840048117	0.116979832261	0.130696660198	0.0989213776882	0.202900732933	0.201554545153	0.116515301246	0.120234930173	0.149886205213	0.11915642577	0.140032002739	0.116519861045	0.133799932112	0.125905725322	0.119375205049	0.124293344664	0.122669027191	0.178888207731	0.162969225543	0.161525133546	0.138420682457	0.151276456641	0.160980581907	0.121275261208	0.108990335578	0.0984450533942	0.17717291927	0.172548566127	0.194885955791	0.172800630739	0.121103765064	0.196290684111	0.17458959273	0.187071642682	0.174255835156	0.171892341945	0.172188822325	0.179152878513	0.111956100812	0.146742602186	0.146515117264	0.139139780397	0.134329982656	0.153683057199	0.153879198362	0.14962882909	0.0996247065834	0.186843918409	0.129644633033	0.149350529436	0.133361675092	0.201336615831	0.133824142564	0.166809134542	0.114173192668	0.173175507246	0.137698017051	0.14324855395	0.140927030391	0.131056677377	0.111457049346	0.130627402302	0.155186448851	0.161179560124	0.102165736684	0.101800525372	0.130408893481	0.132042666696	0.153741521522	0.160250912934	0.162063917134	0.142057616252	0.0837970751014	0.109613082248	0.103308441964	0.13961120592	0.156936486933	0.189040258545	0.164657169088	0.144979585539	0.141305278772	0.142744531934	0.169767110085	0.180131612713	0.15755815948	0.164843661436	0.133534522066	0.137072313185	0.144771479255	0.123379345202	0.120958377284	0.153793789789	0.162314890067	0.133062546784	0.125813983025	0.0992734156531	0.095199126358	0.133862198477	0.112062910573	0.109565009714	0.16419472919	0.155234417317	0.163874011178	0.153934552753	0.160865949063	0.162438390937	0.103382201943	0.161657997525	0.101175114144	0.14777194101	0.148108897479	0.118534803674	0.185990077864	0.153596077842	0.128595563833	0.128700164503	0.117627893181	0.128138183347
158499257-supragingivalplaque2.freeze11.snv.mod.fix.bam	0.112264565864	0.11794768542	0.114527103369	0.168639067439	0.158714477939	0.120763834363	0.120709192297	0.0442779151411	0.0	0.190483476167	0.13818899413	0.140943499737	0.139911963691	0.208331409375	0.208396496787	0.119869556602	0.132035763124	0.120227582214	0.18190642728	0.187996462122	0.124914727923	0.135287230983	0.0978978012192	0.203112599754	0.201665373274	0.12101094237	0.125052296912	0.151603050243	0.126711724215	0.139793240677	0.11551033209	0.136186191894	0.129655064091	0.127155219407	0.131096148611	0.12898351295	0.180507547657	0.16577125464	0.165519871052	0.14011633661	0.156299114831	0.16630134679	0.127116619893	0.116492651356	0.106349522801	0.178974481477	0.174963094279	0.196320331012	0.175099740535	0.125896756704	0.196649474167	0.176034041595	0.189142502973	0.176791077881	0.174294171896	0.174730759755	0.17922072634	0.119881309998	0.151284850181	0.148947944557	0.141757429125	0.139857713655	0.155992841581	0.155418841586	0.151517968069	0.101685527183	0.188681363288	0.13330945107	0.152516950987	0.136168199237	0.202964143685	0.130718747454	0.166394098025	0.117374951207	0.175662185609	0.144124391539	0.148609531339	0.147008515506	0.135890946173	0.113541561572	0.134906188324	0.156076945114	0.161954291221	0.105992809638	0.10519181162	0.136712460339	0.138006737276	0.155238904695	0.164738063356	0.165809025004	0.146113952215	0.0881279009634	0.109169901312	0.109530138155	0.141287562111	0.159086301402	0.190495195055	0.168485409885	0.149098808089	0.146388507256	0.147313008445	0.17298131707	0.183620151912	0.160389784763	0.166672979225	0.137178901044	0.141173904396	0.148429018782	0.128377517635	0.126602456253	0.156654525214	0.166185872233	0.136699150732	0.130833090738	0.105997133318	0.10086480391	0.139256881046	0.119054228809	0.116850766349	0.166896938864	0.157979161812	0.166296551088	0.157114517877	0.165481868733	0.165167299199	0.10367514055	0.16250799882	0.111545186341	0.153146109341	0.153205685843	0.115934541272	0.187573108501	0.156817364295	0.133653961563	0.134272343375	0.124591564209	0.13180949637
158742018-supragingivalplaque1.freeze11.snv.mod.fix.bam	0.172415930131	0.167678626366	0.143509565407	0.137221754354	0.170617126859	0.208607540397	0.209188075813	0.18755128754	0.190483476167	0.0	0.199476882982	0.187071979253	0.19225043837	0.207412263114	0.207542364326	0.205447606993	0.21545127674	0.202023216326	0.176303651463	0.0836212430663	0.192908081956	0.162338394599	0.195141041824	0.202469053501	0.203464244691	0.194752074729	0.190244211137	0.198500414665	0.192804706422	0.18760636553	0.19891609772	0.188421847576	0.187252377291	0.187618515328	0.1968903105	0.192538834557	0.188390309578	0.18186786099	0.18664107178	0.170726395472	0.100374050031	0.106956853409	0.191182994255	0.185358961233	0.192669535591	0.184310041241	0.122409812261	0.199140734598	0.168348621832	0.182540799572	0.193548518549	0.185343573101	0.189764600878	0.183818295814	0.18059035043	0.18052068849	0.174078549532	0.193007515646	0.167096700091	0.174139303025	0.179681123458	0.18008786261	0.180757098747	0.175618929221	0.169375419531	0.176311009005	0.191132920217	0.171661752499	0.171464151514	0.165392344849	0.20076715378	0.194269571661	0.214078468424	0.206698088967	0.0991212453962	0.151807937014	0.16769882509	0.166137425892	0.151716254473	0.186359778639	0.206782041307	0.16936943079	0.180728421432	0.201709006197	0.199140530131	0.155065049832	0.161664679112	0.177300063894	0.0870856479265	0.0651303418146	0.182254679564	0.191905766036	0.192732135327	0.181690447415	0.144209340508	0.16092467563	0.180225259537	0.163323474115	0.173048632395	0.168992980433	0.169994244649	0.154716857428	0.175968281121	0.177334983381	0.213096824017	0.202488010992	0.182721651042	0.145500680232	0.200522328602	0.191470793961	0.179378980259	0.17375266116	0.18372339392	0.196521505333	0.180835667403	0.187023291534	0.159245358718	0.197282167063	0.181605736675	0.116815531379	0.121746765726	0.10371525572	0.166046127358	0.177156616859	0.168739288459	0.16832258128	0.178036792506	0.164250514614	0.154374026942	0.16015937934	0.182326652396	0.172270817578	0.165533277125	0.139846355075	0.156318400479	0.138991616023	0.17516707217
158802708-supragingivalplaque1.freeze11.snv.mod.fix.bam	0.139777215774	0.146453588446	0.146067406723	0.177611954603	0.157189076362	0.16010111244	0.161467608985	0.138237695083	0.13818899413	0.199476882982	0.0	0.0750576708949	0.0766617752175	0.191227850481	0.191571556828	0.159497572091	0.17110057359	0.147657589856	0.191363502487	0.194544449966	0.14799490659	0.156158585425	0.131101883739	0.190922676377	0.190117240168	0.144763686424	0.143891404762	0.160532147245	0.1383476591	0.14654073585	0.13305807955	0.137233824448	0.134942626492	0.150021568498	0.156177336556	0.154824968226	0.173856639868	0.16140471474	0.160863010591	0.151726732715	0.17311639693	0.171965281751	0.15732776959	0.142797770292	0.144595473695	0.172982388908	0.188283077513	0.179675342287	0.177996567852	0.13797535393	0.189502218212	0.172222368374	0.171852827378	0.166201743879	0.163619828509	0.164135597369	0.18912602395	0.149702543421	0.15222160194	0.149202148938	0.146072581965	0.144604797202	0.162691825887	0.166781721678	0.164129747208	0.131325303651	0.173447785203	0.146209339461	0.156344767842	0.148049463721	0.1866528938	0.154077718013	0.166416152414	0.159064197778	0.184032836701	0.164540028977	0.165545410649	0.162710589441	0.149627240751	0.143381595429	0.165480193187	0.165659726488	0.168300586496	0.14831031544	0.149098382887	0.159100962947	0.163341783454	0.168982959015	0.169573156071	0.179397790884	0.152587141415	0.132517097177	0.138066623969	0.137039827678	0.161727597686	0.174910112273	0.198460776296	0.174580696182	0.146992942161	0.149430309518	0.147387721347	0.164099176955	0.168917187184	0.162853190775	0.177135092688	0.160155234156	0.150135861285	0.159484841373	0.166044492851	0.164836613622	0.15297801592	0.163718541932	0.151147976511	0.154157940653	0.134841929992	0.137981351673	0.150691361729	0.130844602791	0.128195736217	0.175259682713	0.162155756188	0.174887863971	0.157474925556	0.158342981373	0.170693401804	0.137159220294	0.169064337403	0.144997201923	0.159601832757	0.156498882296	0.146210110736	0.190607590634	0.155367057848	0.153119862292	0.153261401697	0.148085122754	0.155092006342
158802708-supragingivalplaque2.freeze11.snv.mod.fix.bam	0.132677066404	0.137757965513	0.135502256619	0.156210839981	0.114134920409	0.16989748082	0.171577530871	0.138528033965	0.140943499737	0.187071979253	0.0750576708949	0.0	0.0579283594628	0.159238868354	0.159809059869	0.169163698413	0.182893974	0.151131146132	0.187186042616	0.183722706339	0.142781170792	0.134460417737	0.133961769002	0.165521741055	0.164983761747	0.142267082439	0.131825199519	0.153362678553	0.131556325466	0.11917065277	0.137108650316	0.106881742168	0.0977442364591	0.14638835036	0.160253452453	0.157368418155	0.134690540554	0.123747357574	0.123908476572	0.126499914887	0.156128051065	0.148292891406	0.146964106954	0.131401458486	0.147825604473	0.139455601931	0.175094022429	0.138687780786	0.156762443395	0.106123519891	0.167998090478	0.146969080003	0.128492795376	0.130295877918	0.127081797417	0.127503175654	0.178501187357	0.150895848073	0.121734077914	0.112692909866	0.118933402589	0.102485085167	0.142753188456	0.154275910529	0.150131758899	0.115985355418	0.154999373127	0.114046735529	0.116813688711	0.122441300452	0.158275788637	0.157424753268	0.168209370812	0.172069046918	0.162713441864	0.142455785472	0.14699969755	0.142488848991	0.112951025233	0.142152180806	0.174318613579	0.155484530858	0.159219980428	0.157678749467	0.158409344405	0.140628059807	0.145901295863	0.155950112277	0.150060548372	0.164661918043	0.132028123284	0.134521566985	0.134506493296	0.121553122841	0.147783241575	0.154965691039	0.187282913869	0.15151862416	0.100985246403	0.108723114796	0.10312651235	0.117600842539	0.120713222922	0.13776725346	0.176354073123	0.153335169254	0.118979848065	0.133989599676	0.175846795716	0.173532430342	0.125972001056	0.132424900834	0.117872859496	0.161279291053	0.127295462462	0.140795803707	0.11707920001	0.127780141449	0.110751605738	0.161509794561	0.132380000551	0.161355382289	0.121487161804	0.108683221811	0.156860859244	0.127433743273	0.149459070538	0.130153460332	0.125731873878	0.120698612457	0.147678616701	0.17500386395	0.120879586859	0.131784172732	0.132943889919	0.131837999314	0.146421261909
158802708-supragingivalplaque3.freeze11.snv.mod.fix.bam	0.126000503135	0.128393720487	0.133946202187	0.15928607183	0.12931132484	0.170197377373	0.171918744252	0.13782678253	0.139911963691	0.19225043837	0.0766617752175	0.0579283594628	0.0	0.178901038323	0.179395439072	0.168344826665	0.182128196814	0.152425416052	0.188339235247	0.187348548344	0.144602495397	0.138317556959	0.133576063673	0.181368196981	0.180514178104	0.132287035572	0.121607796214	0.138139905929	0.108091082178	0.130288198301	0.137450358372	0.114352039701	0.109441180439	0.149292455258	0.162334930119	0.15994665965	0.152715111387	0.137475305935	0.134632600739	0.13218316574	0.159458302614	0.154221281118	0.146807968811	0.125709718135	0.147710430174	0.156151915985	0.179080199026	0.161853576344	0.160314321364	0.117136354705	0.181712860291	0.159371381646	0.153047506378	0.146200431884	0.143676188187	0.144085509006	0.183403286417	0.152055395517	0.124365733402	0.121528769547	0.118654300767	0.118947989397	0.145374196938	0.15431681954	0.150076190995	0.116390904776	0.163399103801	0.122248511755	0.129127368956	0.126567749093	0.174141052823	0.156060556555	0.146041896977	0.171671303115	0.16901328683	0.145206413259	0.147865145821	0.142465096089	0.122978511589	0.142636226655	0.176083183426	0.155612691594	0.160027028082	0.15698800351	0.158855568979	0.140658301164	0.148545060068	0.156347492457	0.151790020859	0.169269810072	0.126023076835	0.131235011892	0.121811092017	0.124797814892	0.147098664679	0.157891683825	0.192122267905	0.154269970742	0.120109441558	0.122406864413	0.119021444802	0.135716936723	0.142801888885	0.145721401213	0.167479685897	0.146360968653	0.129438666001	0.141023783645	0.176053920872	0.174085186866	0.123164468815	0.142691609553	0.130615131274	0.160008222051	0.12891653659	0.140901487978	0.125947091327	0.103626643784	0.104466348763	0.155945477704	0.140935941232	0.159572305994	0.132360096089	0.127584679396	0.155024954894	0.126901017603	0.157645776736	0.132850815878	0.1346651408	0.130734041947	0.1471088244	0.181993731079	0.131643282281	0.135227757377	0.133683828622	0.133052258307	0.135082042274
158883629-supragingivalplaque1.freeze11.snv.mod.fix.bam	0.199346405923	0.206075701289	0.203631452666	0.199517501893	0.159150162713	0.216998691594	0.217275727134	0.206253739935	0.208331409375	0.207412263114	0.191227850481	0.159238868354	0.178901038323	0.0	0.00820078280846	0.220198578499	0.226325302104	0.206085288551	0.212037877612	0.21177472247	0.199881768403	0.19595421232	0.204227428459	0.131620553382	0.134107750354	0.20815221766	0.202209472366	0.20518098489	0.202921588918	0.149485660759	0.204024754371	0.173792541436	0.165671759517	0.202870217399	0.207691794406	0.204291835667	0.133124572373	0.14390363963	0.151705657457	0.181516784449	0.205156652553	0.192300854301	0.210718048675	0.206261363189	0.210713943407	0.126246330471	0.208953810455	0.116322674531	0.188424632025	0.150990689194	0.158111074463	0.165242336843	0.125861692085	0.148758738097	0.141231600326	0.140787338205	0.199349488692	0.20543613902	0.177343743465	0.167049070862	0.186646914178	0.153078139381	0.193301755996	0.203603237431	0.201755610983	0.188635780979	0.168031475941	0.175882160537	0.162195157836	0.178477626159	0.128553032047	0.20739696277	0.220880931136	0.219544450456	0.191419914701	0.198876612704	0.199535451976	0.199586093945	0.172898804409	0.204169485489	0.216158340581	0.200331455993	0.197286016124	0.213483722654	0.21157328598	0.201327959455	0.197931438124	0.207265388511	0.198759139987	0.202498036884	0.197518893393	0.205925822587	0.206535378804	0.189733844652	0.206754888719	0.199196782749	0.200559770173	0.194108374517	0.151866163133	0.170986379766	0.162975445574	0.145088512007	0.130311470209	0.173210896971	0.213080132844	0.209915629424	0.167352843578	0.176350938686	0.220281444736	0.217562716872	0.174773025563	0.167049310565	0.166382175412	0.210690297715	0.189678090727	0.201660435787	0.177196286156	0.203206904502	0.183345185422	0.210314948249	0.172675656547	0.205818098629	0.157472930846	0.141841914235	0.199673113812	0.198539065087	0.169403815562	0.201377500706	0.178789792182	0.166564042387	0.203376494409	0.180737176906	0.159304644001	0.193886334113	0.192919998359	0.195439087643	0.20897455272
158883629-supragingivalplaque3.freeze11.snv.mod.fix.bam	0.199386557238	0.206283930518	0.203894101707	0.199900157287	0.159988674849	0.216681264957	0.216785630231	0.206438476957	0.208396496787	0.207542364326	0.191571556828	0.159809059869	0.179395439072	0.00820078280846	0.0	0.219998047035	0.226041252275	0.206055548571	0.212131354169	0.212075281871	0.199958060673	0.19647744654	0.20429069616	0.130764027295	0.133319524806	0.208117731539	0.202664736106	0.20548222095	0.20318819267	0.14922240987	0.204504317912	0.174531013761	0.16637452407	0.203658213738	0.208545169031	0.20501072306	0.133426022842	0.144318349961	0.15197783576	0.181870327045	0.20559612588	0.192959933616	0.2110517444	0.206878955159	0.211068706659	0.125990022194	0.209426441752	0.115832353398	0.1886238331	0.150840302203	0.157677531285	0.165557365709	0.125663501886	0.149088240281	0.141453193496	0.141105394577	0.199410983451	0.205795537186	0.177997394643	0.1677635874	0.187604185111	0.153226506746	0.193815232033	0.204092538337	0.202215835332	0.189237606191	0.167992470377	0.176446151891	0.162750564101	0.178891332682	0.127890808914	0.207239798502	0.220840035932	0.218779985825	0.192210849987	0.199353724842	0.199926775786	0.200096729502	0.173407042933	0.2045586523	0.216238968329	0.200644788957	0.197484720488	0.213155514928	0.21110508528	0.201676137611	0.198210693607	0.207647603518	0.199159517108	0.202801104949	0.198255471323	0.206086863795	0.206676924315	0.190182661621	0.206986875975	0.199636137362	0.200639689091	0.194731490239	0.152242614799	0.171445283505	0.163484845836	0.145238173369	0.130560411621	0.173617851953	0.21285629542	0.209936563825	0.167946802708	0.176649729719	0.220035891069	0.217364387076	0.175408104084	0.167803255052	0.166447301458	0.210849560508	0.190001318486	0.201877907507	0.177944001478	0.203283853018	0.183611567503	0.210466853977	0.172860681438	0.206050310083	0.157926344873	0.142572443289	0.200045566953	0.198805807624	0.169878787686	0.201834607419	0.179530428405	0.167171809071	0.203385774664	0.180863530488	0.159896482179	0.194192093247	0.193446006028	0.195843354913	0.209184498092
