	147406386-tonguedorsum3.freeze11.snv.mod.fix.bam	158155345-tonguedorsum2.freeze11.snv.mod.fix.bam	158337416-tonguedorsum1.freeze11.snv.mod.fix.bam	159227541-tonguedorsum3.freeze11.snv.mod.fix.bam	159551223-tonguedorsum1.freeze11.snv.mod.fix.bam	159551223-tonguedorsum2.freeze11.snv.mod.fix.bam	160502038-tonguedorsum3.freeze11.snv.mod.fix.bam	160582958-tonguedorsum2.freeze11.snv.mod.fix.bam	246515023-tonguedorsum1.freeze11.snv.mod.fix.bam	246515023-tonguedorsum2.freeze11.snv.mod.fix.bam	370027359-tonguedorsum3.freeze11.snv.mod.fix.bam	404239096-tonguedorsum1.freeze11.snv.mod.fix.bam	508703490-tonguedorsum1.freeze11.snv.mod.fix.bam	508703490-tonguedorsum2.freeze11.snv.mod.fix.bam	550534656-tonguedorsum1.freeze11.snv.mod.fix.bam	550534656-tonguedorsum2.freeze11.snv.mod.fix.bam	638754422-tonguedorsum1.freeze11.snv.mod.fix.bam	663835652-tonguedorsum2.freeze11.snv.mod.fix.bam	675950834-tonguedorsum2.freeze11.snv.mod.fix.bam	737052003-tonguedorsum2.freeze11.snv.mod.fix.bam	763536994-tonguedorsum2.freeze11.snv.mod.fix.bam	763536994-tonguedorsum3.freeze11.snv.mod.fix.bam	763577454-tonguedorsum2.freeze11.snv.mod.fix.bam	763759525-tonguedorsum2.freeze11.snv.mod.fix.bam	763901136-tonguedorsum2.freeze11.snv.mod.fix.bam	763982056-tonguedorsum3.freeze11.snv.mod.fix.bam	764062976-tonguedorsum2.freeze11.snv.mod.fix.bam	764143897-tonguedorsum1.freeze11.snv.mod.fix.bam	764285508-tonguedorsum2.freeze11.snv.mod.fix.bam	764366428-throat2.freeze11.snv.mod.fix.bam	764467579-tonguedorsum3.freeze11.snv.mod.fix.bam	764588959-tonguedorsum2.freeze11.snv.mod.fix.bam	764872181-tonguedorsum1.freeze11.snv.mod.fix.bam	765013792-tonguedorsum1.freeze11.snv.mod.fix.bam	765034022-tonguedorsum1.freeze11.snv.mod.fix.bam	765074482-tonguedorsum1.freeze11.snv.mod.fix.bam	765074482-tonguedorsum3.freeze11.snv.mod.fix.bam	765094712-tonguedorsum1.freeze11.snv.mod.fix.bam	765094712-tonguedorsum2.freeze11.snv.mod.fix.bam	765216093-tonguedorsum3.freeze11.snv.mod.fix.bam	765701615-tonguedorsum2.freeze11.snv.mod.fix.bam	823052294-tonguedorsum1.freeze11.snv.mod.fix.bam
147406386-tonguedorsum3.freeze11.snv.mod.fix.bam	0.0	0.164831523477	0.204633239091	0.137553922627	0.135195704725	0.126997586768	0.135505004258	0.141509238067	0.110134094298	0.118364494423	0.117055493948	0.131745878026	0.124204435992	0.115896110881	0.122726397896	0.128097832347	0.118616311741	0.147306302645	0.114603219233	0.148858384055	0.126973984711	0.129886511961	0.118975098379	0.116313914469	0.129714712486	0.114376578141	0.113664415179	0.144404214513	0.143344677224	0.14601927127	0.136470683698	0.13459255673	0.158164069825	0.124300311209	0.122481255065	0.143342036463	0.144587890229	0.145330557314	0.140352291971	0.129126809055	0.130291279808	0.115067762626
158155345-tonguedorsum2.freeze11.snv.mod.fix.bam	0.164831523477	0.0	0.219316803157	0.169827994873	0.177591554379	0.176107858143	0.170781297586	0.166888349486	0.164189168594	0.163207768209	0.170182372588	0.179994884473	0.174170266831	0.17291064977	0.167899612639	0.171314046826	0.174410385127	0.180648362323	0.168519526625	0.167524026179	0.175050241069	0.170834857539	0.166229553198	0.164819532863	0.168719031089	0.169843114201	0.171849712634	0.186579270666	0.171653120724	0.172570411681	0.177254187708	0.176247942299	0.172137047568	0.175021352348	0.17439798508	0.184159216161	0.184832856959	0.168759530032	0.16624894806	0.168256984952	0.176639582521	0.17108717088
158337416-tonguedorsum1.freeze11.snv.mod.fix.bam	0.204633239091	0.219316803157	0.0	0.190055088255	0.207532401781	0.208447133499	0.211658685267	0.207213490894	0.198870848268	0.201319887473	0.202511056059	0.200670728971	0.209425619359	0.206745862738	0.207950734234	0.206849486632	0.193557006437	0.222011080013	0.203700917015	0.212699782472	0.207775608054	0.201235283644	0.203314823943	0.202584075812	0.208933208606	0.203606471122	0.207606646218	0.216498271781	0.215457865192	0.214312924975	0.215142935962	0.206806739592	0.215418298144	0.200292421189	0.205549150237	0.215860776474	0.21768121572	0.217780259583	0.213108048893	0.207883699796	0.200486054132	0.205801008863
159227541-tonguedorsum3.freeze11.snv.mod.fix.bam	0.137553922627	0.169827994873	0.190055088255	0.0	0.150209612881	0.148564053608	0.13860915384	0.14692361896	0.125048908378	0.128648595275	0.138150222371	0.142307034385	0.150812245319	0.142508063307	0.141619994655	0.144881798154	0.119983217266	0.171807406399	0.127326559462	0.155532181064	0.147922957528	0.142612775401	0.131203809904	0.136665809763	0.146083625586	0.13949054225	0.138955525574	0.16961122089	0.167257011607	0.163012179263	0.158328809349	0.146757942741	0.166174442513	0.139844640688	0.134808676461	0.167651292878	0.169309936548	0.165177200329	0.159604406667	0.140120895554	0.14908915735	0.13767184715
159551223-tonguedorsum1.freeze11.snv.mod.fix.bam	0.135195704725	0.177591554379	0.207532401781	0.150209612881	0.0	0.117004270255	0.151172010812	0.156667440518	0.13069058065	0.137275071479	0.132801061058	0.148171856884	0.140234040948	0.133093994917	0.143645026103	0.144132104018	0.137727661218	0.161164217023	0.134969399501	0.160646647867	0.1435668598	0.145919693424	0.132877178596	0.132536989272	0.147018200651	0.138638573293	0.136864410029	0.156911451567	0.158715879817	0.157216112159	0.150510746158	0.149748163843	0.169003805202	0.139424928241	0.139935309939	0.153842859348	0.155117924743	0.164319423033	0.159828562487	0.139748544276	0.143588067006	0.13510517214
159551223-tonguedorsum2.freeze11.snv.mod.fix.bam	0.126997586768	0.176107858143	0.208447133499	0.148564053608	0.117004270255	0.0	0.146045675887	0.153286296756	0.123060734624	0.132134094317	0.125146877439	0.141836723168	0.105454288405	0.110278084317	0.135864230729	0.137167938922	0.130763019753	0.153718119971	0.124605181779	0.155773247466	0.136692895347	0.14099919934	0.128363724479	0.125048934895	0.141196670964	0.129270789108	0.127186150663	0.149924561744	0.151890349212	0.154866733854	0.140797159025	0.141695799084	0.165959888718	0.133865226251	0.129295702906	0.146814614968	0.148297921182	0.156689713264	0.151796246728	0.132942528308	0.136235507555	0.12594177217
160502038-tonguedorsum3.freeze11.snv.mod.fix.bam	0.135505004258	0.170781297586	0.211658685267	0.13860915384	0.151172010812	0.146045675887	0.0	0.144206044674	0.128299177071	0.131705341092	0.136602702838	0.148511517734	0.144310745962	0.137178177128	0.139190811603	0.145497441149	0.13826889754	0.163554799747	0.12785534473	0.151853247874	0.146832115264	0.146125226317	0.130270453701	0.135444952663	0.145618321844	0.136331656067	0.134410686606	0.161770749697	0.158209311215	0.159767273143	0.153952601593	0.146301811634	0.164887775966	0.142101142605	0.121438642337	0.160198881921	0.161764970307	0.159860293016	0.155377357698	0.135131633848	0.147084210888	0.134948307593
160582958-tonguedorsum2.freeze11.snv.mod.fix.bam	0.141509238067	0.166888349486	0.207213490894	0.14692361896	0.156667440518	0.153286296756	0.144206044674	0.0	0.136739822095	0.135817300291	0.142101588512	0.154557113199	0.149043863542	0.144138787506	0.146541829489	0.151906819917	0.146596784617	0.165379748418	0.142898290862	0.156713986534	0.149822412031	0.147000245313	0.131442672817	0.142950139999	0.1470530457	0.142974244711	0.144441351896	0.161835511553	0.158686270151	0.158105590975	0.156121337461	0.153673153049	0.15939281044	0.15002806528	0.146882782203	0.164411411184	0.165939157975	0.15839642614	0.153640789648	0.143889493171	0.152230621896	0.144741337631
246515023-tonguedorsum1.freeze11.snv.mod.fix.bam	0.110134094298	0.164189168594	0.198870848268	0.125048908378	0.13069058065	0.123060734624	0.128299177071	0.136739822095	0.0	0.0779708575942	0.112652454177	0.126935415102	0.122420020034	0.111295525941	0.116023586657	0.122298113077	0.108757481265	0.149110020179	0.107154030037	0.143792874321	0.123789353434	0.123858727775	0.108660093527	0.112677949028	0.127541163948	0.114248534432	0.112782116397	0.142977621334	0.147750123931	0.146858214652	0.135411468836	0.131124476171	0.157563172558	0.120608750336	0.119306076059	0.144148680038	0.145691329169	0.149201414314	0.143511319325	0.124573620081	0.128042307844	0.113954204366
246515023-tonguedorsum2.freeze11.snv.mod.fix.bam	0.118364494423	0.163207768209	0.201319887473	0.128648595275	0.137275071479	0.132134094317	0.131705341092	0.135817300291	0.0779708575942	0.0	0.122419353947	0.136070419371	0.130496487921	0.121449285231	0.122962906946	0.130469490446	0.120269352992	0.154949457639	0.117263776445	0.146152760193	0.131893006277	0.128603084691	0.113709910792	0.120301827084	0.131747362111	0.121793547634	0.12294198594	0.153130778743	0.151528437182	0.150257331134	0.143604943605	0.138840908937	0.15735291502	0.129334150473	0.128911816159	0.152226233037	0.15363877087	0.149650555157	0.144205526404	0.129695783289	0.1354565799	0.122976549991
370027359-tonguedorsum3.freeze11.snv.mod.fix.bam	0.117055493948	0.170182372588	0.202511056059	0.138150222371	0.132801061058	0.125146877439	0.136602702838	0.142101588512	0.112652454177	0.122419353947	0.0	0.130533325198	0.123705808223	0.115672899791	0.12663770418	0.128696968125	0.11928694802	0.146638228857	0.114990823592	0.148987136116	0.127759304799	0.13221818536	0.119521988497	0.114694939228	0.131845993789	0.117771882868	0.115263407938	0.143817692119	0.146946373757	0.14509960147	0.134660053513	0.132033225396	0.158572944333	0.125940671228	0.120392635388	0.139444202023	0.140986826232	0.150399980156	0.145165571378	0.129564134129	0.127849444709	0.11360742086
404239096-tonguedorsum1.freeze11.snv.mod.fix.bam	0.131745878026	0.179994884473	0.200670728971	0.142307034385	0.148171856884	0.141836723168	0.148511517734	0.154557113199	0.126935415102	0.136070419371	0.130533325198	0.0	0.141670679702	0.134829149377	0.141316845063	0.1417050258	0.122773951088	0.158766206921	0.131813551233	0.161785888914	0.141478004952	0.143607025071	0.134110779997	0.133082387635	0.146408979098	0.134013268535	0.128791194167	0.155641523684	0.156034709001	0.158802909197	0.150469306131	0.136396440788	0.16686366063	0.135205823024	0.135022107551	0.15632565582	0.158326987883	0.1614462118	0.156094749908	0.144222437307	0.144547419153	0.107358885189
508703490-tonguedorsum1.freeze11.snv.mod.fix.bam	0.124204435992	0.174170266831	0.209425619359	0.150812245319	0.140234040948	0.105454288405	0.144310745962	0.149043863542	0.122420020034	0.130496487921	0.123705808223	0.141670679702	0.0	0.0494023417266	0.131476295337	0.13414124518	0.130923112536	0.148778989564	0.124589864256	0.152668249632	0.128971667825	0.136000509799	0.129919889334	0.12419852848	0.138716037117	0.127151003515	0.124154367463	0.143328588654	0.144546964025	0.150926007629	0.136708183607	0.141007836653	0.159338909321	0.131174616054	0.12526182982	0.141699792971	0.142882380954	0.15039796447	0.14592322042	0.134427869442	0.135602583283	0.118228654045
508703490-tonguedorsum2.freeze11.snv.mod.fix.bam	0.115896110881	0.17291064977	0.206745862738	0.142508063307	0.133093994917	0.110278084317	0.137178177128	0.144138787506	0.111295525941	0.121449285231	0.115672899791	0.134829149377	0.0494023417266	0.0	0.124037243888	0.127686794579	0.120309318638	0.144656402078	0.116597153467	0.149762982085	0.112742806701	0.122089795999	0.119295387151	0.116052289771	0.132634710738	0.118833973837	0.114705658838	0.14062248989	0.142720985466	0.147704143045	0.134587328015	0.135735825205	0.158368411396	0.122548246624	0.119749712993	0.13968055585	0.140923049297	0.148901295849	0.144206725883	0.129301902676	0.130054996889	0.102594575282
550534656-tonguedorsum1.freeze11.snv.mod.fix.bam	0.122726397896	0.167899612639	0.207950734234	0.141619994655	0.143645026103	0.135864230729	0.139190811603	0.146541829489	0.116023586657	0.122962906946	0.12663770418	0.141316845063	0.131476295337	0.124037243888	0.0	0.0803983214084	0.126858746681	0.13555271876	0.124314004797	0.152569805421	0.134703235315	0.135768470404	0.126172617968	0.125627427912	0.133561587848	0.126065802108	0.125366320744	0.150771382692	0.147623006902	0.15241127501	0.143513473277	0.139849005112	0.159005525565	0.132937370027	0.129939151979	0.148864336658	0.149774922642	0.151152489945	0.146755610555	0.131626588744	0.138216173944	0.12475755847
550534656-tonguedorsum2.freeze11.snv.mod.fix.bam	0.128097832347	0.171314046826	0.206849486632	0.144881798154	0.144132104018	0.137167938922	0.145497441149	0.151906819917	0.122298113077	0.130469490446	0.128696968125	0.1417050258	0.13414124518	0.127686794579	0.0803983214084	0.0	0.127945094782	0.114896584399	0.126713027108	0.154799900109	0.135824339474	0.139652066006	0.131047006487	0.128218893664	0.141921439606	0.129686718808	0.128698772387	0.152039873549	0.151915261869	0.153015297713	0.144228551278	0.139470551887	0.161860068643	0.13362488034	0.133259288957	0.150361853494	0.151753622045	0.158768855283	0.153610039433	0.139157739207	0.137373545499	0.127968795964
638754422-tonguedorsum1.freeze11.snv.mod.fix.bam	0.118616311741	0.174410385127	0.193557006437	0.119983217266	0.137727661218	0.130763019753	0.13826889754	0.146596784617	0.108757481265	0.120269352992	0.11928694802	0.122773951088	0.130923112536	0.120309318638	0.126858746681	0.127945094782	0.0	0.156129266946	0.113600579436	0.151804854714	0.130483914013	0.130715846443	0.119102941415	0.118279694756	0.136072902969	0.119332712407	0.119688189745	0.150073187036	0.155350633511	0.154947957938	0.142968752538	0.135079695417	0.164898600127	0.121287687083	0.120770074913	0.149789202735	0.151530248218	0.157505223183	0.151571250968	0.134974957442	0.130949805746	0.114863545153
663835652-tonguedorsum2.freeze11.snv.mod.fix.bam	0.147306302645	0.180648362323	0.222011080013	0.171807406399	0.161164217023	0.153718119971	0.163554799747	0.165379748418	0.149110020179	0.154949457639	0.146638228857	0.158766206921	0.148778989564	0.144656402078	0.13555271876	0.114896584399	0.156129266946	0.0	0.151018777837	0.167237258854	0.15304201257	0.15812824739	0.1554735256	0.14861672843	0.156936435393	0.149316802417	0.148213111418	0.155269508003	0.156868580724	0.161931608302	0.153266188341	0.15619193724	0.17029120776	0.154151226032	0.148787493555	0.15688386293	0.157024331062	0.16284507965	0.16034633456	0.155869472354	0.153084931927	0.145131700751
675950834-tonguedorsum2.freeze11.snv.mod.fix.bam	0.114603219233	0.168519526625	0.203700917015	0.127326559462	0.134969399501	0.124605181779	0.12785534473	0.142898290862	0.107154030037	0.117263776445	0.114990823592	0.131813551233	0.124589864256	0.116597153467	0.124314004797	0.126713027108	0.113600579436	0.151018777837	0.0	0.145987437404	0.127805214226	0.130132418521	0.115548094573	0.116278912876	0.126028965764	0.115324368261	0.115740656453	0.148408683372	0.149524929131	0.14821302683	0.140212950528	0.132295489574	0.160746216571	0.121667050302	0.112338811774	0.146380206812	0.147677778654	0.151029803645	0.145342185849	0.123404671207	0.127296532229	0.114243103359
737052003-tonguedorsum2.freeze11.snv.mod.fix.bam	0.148858384055	0.167524026179	0.212699782472	0.155532181064	0.160646647867	0.155773247466	0.151853247874	0.156713986534	0.143792874321	0.146152760193	0.148987136116	0.161785888914	0.152668249632	0.149762982085	0.152569805421	0.154799900109	0.151804854714	0.167237258854	0.145987437404	0.0	0.155268434797	0.156222581851	0.143777217094	0.148190109222	0.155076629248	0.150644734387	0.149703260378	0.16601124507	0.160993205858	0.161999456047	0.159691739111	0.158723419082	0.168102173459	0.155525853847	0.145783841924	0.164924404677	0.166362042611	0.163067476521	0.158883355817	0.149881933856	0.156197822781	0.149105465615
763536994-tonguedorsum2.freeze11.snv.mod.fix.bam	0.126973984711	0.175050241069	0.207775608054	0.147922957528	0.1435668598	0.136692895347	0.146832115264	0.149822412031	0.123789353434	0.131893006277	0.127759304799	0.141478004952	0.128971667825	0.112742806701	0.134703235315	0.135824339474	0.130483914013	0.15304201257	0.127805214226	0.155268434797	0.0	0.0574053539856	0.129231860799	0.127848676501	0.139000140898	0.130499572491	0.126901818943	0.149071790061	0.149407919863	0.153177355576	0.14338698885	0.140825142658	0.164318424073	0.125267287137	0.13220278582	0.147476906739	0.149062816887	0.155562608369	0.150589982544	0.13868875952	0.136315471829	0.101672744657
763536994-tonguedorsum3.freeze11.snv.mod.fix.bam	0.129886511961	0.170834857539	0.201235283644	0.142612775401	0.145919693424	0.14099919934	0.146125226317	0.147000245313	0.123858727775	0.128603084691	0.13221818536	0.143607025071	0.136000509799	0.122089795999	0.135768470404	0.139652066006	0.130715846443	0.15812824739	0.130132418521	0.156222581851	0.0574053539856	0.0	0.130184277626	0.131210297686	0.138837514775	0.133457363097	0.131924419767	0.157532469757	0.154408758749	0.156563725689	0.148503578737	0.145470127942	0.165412396502	0.13182137353	0.137758687064	0.154308993927	0.156090937556	0.156813280737	0.151953637778	0.141111698483	0.140760821121	0.116757255939
763577454-tonguedorsum2.freeze11.snv.mod.fix.bam	0.118975098379	0.166229553198	0.203314823943	0.131203809904	0.132877178596	0.128363724479	0.130270453701	0.131442672817	0.108660093527	0.113709910792	0.119521988497	0.134110779997	0.129919889334	0.119295387151	0.126172617968	0.131047006487	0.119102941415	0.1554735256	0.115548094573	0.143777217094	0.129231860799	0.130184277626	0.0	0.118649839489	0.131656140074	0.120568589571	0.117299540663	0.152825119313	0.150348045248	0.152014312496	0.143100534689	0.135991318017	0.160213888438	0.127554921031	0.127583169748	0.151296193979	0.152783278983	0.152141820506	0.146728618691	0.128712387497	0.135572801521	0.12027091611
763759525-tonguedorsum2.freeze11.snv.mod.fix.bam	0.116313914469	0.164819532863	0.202584075812	0.136665809763	0.132536989272	0.125048934895	0.135444952663	0.142950139999	0.112677949028	0.120301827084	0.114694939228	0.133082387635	0.12419852848	0.116052289771	0.125627427912	0.128218893664	0.118279694756	0.14861672843	0.116278912876	0.148190109222	0.127848676501	0.131210297686	0.118649839489	0.0	0.131949887152	0.119020276712	0.117621154859	0.142949430061	0.144838955343	0.14570453879	0.134714993678	0.135325566645	0.155878512841	0.122812989034	0.121285718227	0.141648279064	0.143269115279	0.148129850087	0.143250293104	0.126130973822	0.127934074436	0.115895751445
763901136-tonguedorsum2.freeze11.snv.mod.fix.bam	0.129714712486	0.168719031089	0.208933208606	0.146083625586	0.147018200651	0.141196670964	0.145618321844	0.1470530457	0.127541163948	0.131747362111	0.131845993789	0.146408979098	0.138716037117	0.132634710738	0.133561587848	0.141921439606	0.136072902969	0.156936435393	0.126028965764	0.155076629248	0.139000140898	0.138837514775	0.131656140074	0.131949887152	0.0	0.131764558228	0.133392469318	0.155270630546	0.151917274273	0.152469328105	0.147286542913	0.146654583977	0.160844367168	0.140098704963	0.138697891771	0.153068695717	0.153889290467	0.152617286553	0.148541318625	0.124145179806	0.140568021832	0.132210090543
763982056-tonguedorsum3.freeze11.snv.mod.fix.bam	0.114376578141	0.169843114201	0.203606471122	0.13949054225	0.138638573293	0.129270789108	0.136331656067	0.142974244711	0.114248534432	0.121793547634	0.117771882868	0.134013268535	0.127151003515	0.118833973837	0.126065802108	0.129686718808	0.119332712407	0.149316802417	0.115324368261	0.150644734387	0.130499572491	0.133457363097	0.120568589571	0.119020276712	0.131764558228	0.0	0.118103250992	0.146860037275	0.146709645974	0.151277178579	0.137303441951	0.135219055914	0.160696940275	0.127170328857	0.12221796044	0.142373382341	0.143771128452	0.14576753731	0.140559895591	0.131915055638	0.127971638473	0.117294118417
764062976-tonguedorsum2.freeze11.snv.mod.fix.bam	0.113664415179	0.171849712634	0.207606646218	0.138955525574	0.136864410029	0.127186150663	0.134410686606	0.144441351896	0.112782116397	0.12294198594	0.115263407938	0.128791194167	0.124154367463	0.114705658838	0.125366320744	0.128698772387	0.119688189745	0.148213111418	0.115740656453	0.149703260378	0.126901818943	0.131924419767	0.117299540663	0.117621154859	0.133392469318	0.118103250992	0.0	0.145291132616	0.146855686448	0.147549258854	0.135138103079	0.0871514032845	0.160184537548	0.122800753764	0.116165270142	0.140544214147	0.142002870069	0.150304831115	0.145164136524	0.127152530071	0.130244436624	0.111174536879
764143897-tonguedorsum1.freeze11.snv.mod.fix.bam	0.144404214513	0.186579270666	0.216498271781	0.16961122089	0.156911451567	0.149924561744	0.161770749697	0.161835511553	0.142977621334	0.153130778743	0.143817692119	0.155641523684	0.143328588654	0.14062248989	0.150771382692	0.152039873549	0.150073187036	0.155269508003	0.148408683372	0.16601124507	0.149071790061	0.157532469757	0.152825119313	0.142949430061	0.155270630546	0.146860037275	0.145291132616	0.0	0.154235571006	0.160959058766	0.148134730327	0.155790740718	0.167830539578	0.150670622325	0.145380684944	0.151266593177	0.151963741376	0.160123847234	0.157850999201	0.149663589579	0.147291796178	0.142545882102
764285508-tonguedorsum2.freeze11.snv.mod.fix.bam	0.143344677224	0.171653120724	0.215457865192	0.167257011607	0.158715879817	0.151890349212	0.158209311215	0.158686270151	0.147750123931	0.151528437182	0.146946373757	0.156034709001	0.144546964025	0.142720985466	0.147623006902	0.151915261869	0.155350633511	0.156868580724	0.149524929131	0.160993205858	0.149407919863	0.154408758749	0.150348045248	0.144838955343	0.151917274273	0.146709645974	0.146855686448	0.154235571006	0.0	0.159095463217	0.149728377926	0.155651997773	0.162345152777	0.150377907583	0.147615546557	0.156574375786	0.156754987647	0.153107961767	0.150853396806	0.149985093389	0.151587403907	0.142468934334
764366428-throat2.freeze11.snv.mod.fix.bam	0.14601927127	0.172570411681	0.214312924975	0.163012179263	0.157216112159	0.154866733854	0.159767273143	0.158105590975	0.146858214652	0.150257331134	0.14509960147	0.158802909197	0.150926007629	0.147704143045	0.15241127501	0.153015297713	0.154947957938	0.161931608302	0.14821302683	0.161999456047	0.153177355576	0.156563725689	0.152014312496	0.14570453879	0.152469328105	0.151277178579	0.147549258854	0.160959058766	0.159095463217	0.0	0.156736101786	0.157799457349	0.166243184841	0.154646647944	0.149517286668	0.159628860777	0.160866661616	0.158414931144	0.155117538933	0.151745533259	0.152921786306	0.146931491064
764467579-tonguedorsum3.freeze11.snv.mod.fix.bam	0.136470683698	0.177254187708	0.215142935962	0.158328809349	0.150510746158	0.140797159025	0.153952601593	0.156121337461	0.135411468836	0.143604943605	0.134660053513	0.150469306131	0.136708183607	0.134587328015	0.143513473277	0.144228551278	0.142968752538	0.153266188341	0.140212950528	0.159691739111	0.14338698885	0.148503578737	0.143100534689	0.134714993678	0.147286542913	0.137303441951	0.135138103079	0.148134730327	0.149728377926	0.156736101786	0.0	0.146748009946	0.161626527422	0.139918155243	0.137813558297	0.148822871322	0.149001157469	0.153651234613	0.150261085666	0.145702292863	0.141409142213	0.135968631596
764588959-tonguedorsum2.freeze11.snv.mod.fix.bam	0.13459255673	0.176247942299	0.206806739592	0.146757942741	0.149748163843	0.141695799084	0.146301811634	0.153673153049	0.131124476171	0.138840908937	0.132033225396	0.136396440788	0.141007836653	0.135735825205	0.139849005112	0.139470551887	0.135079695417	0.15619193724	0.132295489574	0.158723419082	0.140825142658	0.145470127942	0.135991318017	0.135325566645	0.146654583977	0.135219055914	0.0871514032845	0.155790740718	0.155651997773	0.157799457349	0.146748009946	0.0	0.166606261089	0.137120233591	0.127130884971	0.152339352337	0.153666687083	0.157631258861	0.152902610087	0.139745371988	0.142992632803	0.132642101222
764872181-tonguedorsum1.freeze11.snv.mod.fix.bam	0.158164069825	0.172137047568	0.215418298144	0.166174442513	0.169003805202	0.165959888718	0.164887775966	0.15939281044	0.157563172558	0.15735291502	0.158572944333	0.16686366063	0.159338909321	0.158368411396	0.159005525565	0.161860068643	0.164898600127	0.17029120776	0.160746216571	0.168102173459	0.164318424073	0.165412396502	0.160213888438	0.155878512841	0.160844367168	0.160696940275	0.160184537548	0.167830539578	0.162345152777	0.166243184841	0.161626527422	0.166606261089	0.0	0.164643279974	0.16084468515	0.172194127834	0.1726020346	0.164348805737	0.161723006845	0.161362514871	0.163843337769	0.156423530107
765013792-tonguedorsum1.freeze11.snv.mod.fix.bam	0.124300311209	0.175021352348	0.200292421189	0.139844640688	0.139424928241	0.133865226251	0.142101142605	0.15002806528	0.120608750336	0.129334150473	0.125940671228	0.135205823024	0.131174616054	0.122548246624	0.132937370027	0.13362488034	0.121287687083	0.154151226032	0.121667050302	0.155525853847	0.125267287137	0.13182137353	0.127554921031	0.122812989034	0.140098704963	0.127170328857	0.122800753764	0.150670622325	0.150377907583	0.154646647944	0.139918155243	0.137120233591	0.164643279974	0.0	0.122692009145	0.146068746768	0.147125709736	0.156107778068	0.150544450347	0.133613332266	0.131491930341	0.117825803415
765034022-tonguedorsum1.freeze11.snv.mod.fix.bam	0.122481255065	0.17439798508	0.205549150237	0.134808676461	0.139935309939	0.129295702906	0.121438642337	0.146882782203	0.119306076059	0.128911816159	0.120392635388	0.135022107551	0.12526182982	0.119749712993	0.129939151979	0.133259288957	0.120770074913	0.148787493555	0.112338811774	0.145783841924	0.13220278582	0.137758687064	0.127583169748	0.121285718227	0.138697891771	0.12221796044	0.116165270142	0.145380684944	0.147615546557	0.149517286668	0.137813558297	0.127130884971	0.16084468515	0.122692009145	0.0	0.141738653236	0.143443455377	0.150617869957	0.145557413593	0.122508146895	0.133093699276	0.116475809908
765074482-tonguedorsum1.freeze11.snv.mod.fix.bam	0.143342036463	0.184159216161	0.215860776474	0.167651292878	0.153842859348	0.146814614968	0.160198881921	0.164411411184	0.144148680038	0.152226233037	0.139444202023	0.15632565582	0.141699792971	0.13968055585	0.148864336658	0.150361853494	0.149789202735	0.15688386293	0.146380206812	0.164924404677	0.147476906739	0.154308993927	0.151296193979	0.141648279064	0.153068695717	0.142373382341	0.140544214147	0.151266593177	0.156574375786	0.159628860777	0.148822871322	0.152339352337	0.172194127834	0.146068746768	0.141738653236	0.0	0.00573669054265	0.162603087413	0.158059227912	0.149873787332	0.143041560559	0.140690321976
765074482-tonguedorsum3.freeze11.snv.mod.fix.bam	0.144587890229	0.184832856959	0.21768121572	0.169309936548	0.155117924743	0.148297921182	0.161764970307	0.165939157975	0.145691329169	0.15363877087	0.140986826232	0.158326987883	0.142882380954	0.140923049297	0.149774922642	0.151753622045	0.151530248218	0.157024331062	0.147677778654	0.166362042611	0.149062816887	0.156090937556	0.152783278983	0.143269115279	0.153889290467	0.143771128452	0.142002870069	0.151963741376	0.156754987647	0.160866661616	0.149001157469	0.153666687083	0.1726020346	0.147125709736	0.143443455377	0.00573669054265	0.0	0.163247038137	0.15985574031	0.150909411664	0.144232632871	0.141684739513
765094712-tonguedorsum1.freeze11.snv.mod.fix.bam	0.145330557314	0.168759530032	0.217780259583	0.165177200329	0.164319423033	0.156689713264	0.159860293016	0.15839642614	0.149201414314	0.149650555157	0.150399980156	0.1614462118	0.15039796447	0.148901295849	0.151152489945	0.158768855283	0.157505223183	0.16284507965	0.151029803645	0.163067476521	0.155562608369	0.156813280737	0.152141820506	0.148129850087	0.152617286553	0.14576753731	0.150304831115	0.160123847234	0.153107961767	0.158414931144	0.153651234613	0.157631258861	0.164348805737	0.156107778068	0.150617869957	0.162603087413	0.163247038137	0.0	0.00722436805727	0.156194972379	0.153352739779	0.151157189836
765094712-tonguedorsum2.freeze11.snv.mod.fix.bam	0.140352291971	0.16624894806	0.213108048893	0.159604406667	0.159828562487	0.151796246728	0.155377357698	0.153640789648	0.143511319325	0.144205526404	0.145165571378	0.156094749908	0.14592322042	0.144206725883	0.146755610555	0.153610039433	0.151571250968	0.16034633456	0.145342185849	0.158883355817	0.150589982544	0.151953637778	0.146728618691	0.143250293104	0.148541318625	0.140559895591	0.145164136524	0.157850999201	0.150853396806	0.155117538933	0.150261085666	0.152902610087	0.161723006845	0.150544450347	0.145557413593	0.158059227912	0.15985574031	0.00722436805727	0.0	0.1516314724	0.148481863846	0.146268521982
765216093-tonguedorsum3.freeze11.snv.mod.fix.bam	0.129126809055	0.168256984952	0.207883699796	0.140120895554	0.139748544276	0.132942528308	0.135131633848	0.143889493171	0.124573620081	0.129695783289	0.129564134129	0.144222437307	0.134427869442	0.129301902676	0.131626588744	0.139157739207	0.134974957442	0.155869472354	0.123404671207	0.149881933856	0.13868875952	0.141111698483	0.128712387497	0.126130973822	0.124145179806	0.131915055638	0.127152530071	0.149663589579	0.149985093389	0.151745533259	0.145702292863	0.139745371988	0.161362514871	0.133613332266	0.122508146895	0.149873787332	0.150909411664	0.156194972379	0.1516314724	0.0	0.139470040937	0.127068281825
765701615-tonguedorsum2.freeze11.snv.mod.fix.bam	0.130291279808	0.176639582521	0.200486054132	0.14908915735	0.143588067006	0.136235507555	0.147084210888	0.152230621896	0.128042307844	0.1354565799	0.127849444709	0.144547419153	0.135602583283	0.130054996889	0.138216173944	0.137373545499	0.130949805746	0.153084931927	0.127296532229	0.156197822781	0.136315471829	0.140760821121	0.135572801521	0.127934074436	0.140568021832	0.127971638473	0.130244436624	0.147291796178	0.151587403907	0.152921786306	0.141409142213	0.142992632803	0.163843337769	0.131491930341	0.133093699276	0.143041560559	0.144232632871	0.153352739779	0.148481863846	0.139470040937	0.0	0.12842911772
823052294-tonguedorsum1.freeze11.snv.mod.fix.bam	0.115067762626	0.17108717088	0.205801008863	0.13767184715	0.13510517214	0.12594177217	0.134948307593	0.144741337631	0.113954204366	0.122976549991	0.11360742086	0.107358885189	0.118228654045	0.102594575282	0.12475755847	0.127968795964	0.114863545153	0.145131700751	0.114243103359	0.149105465615	0.101672744657	0.116757255939	0.12027091611	0.115895751445	0.132210090543	0.117294118417	0.111174536879	0.142545882102	0.142468934334	0.146931491064	0.135968631596	0.132642101222	0.156423530107	0.117825803415	0.116475809908	0.140690321976	0.141684739513	0.151157189836	0.146268521982	0.127068281825	0.12842911772	0.0
