	103092734-supragingivalplaque3.freeze11.snv.mod.fix.bam	158337416-supragingivalplaque1.freeze11.snv.mod.fix.bam	158337416-supragingivalplaque2.freeze11.snv.mod.fix.bam	158479027-supragingivalplaque1.freeze11.snv.mod.fix.bam	158479027-supragingivalplaque2.freeze11.snv.mod.fix.bam	158883629-supragingivalplaque1.freeze11.snv.mod.fix.bam	158883629-supragingivalplaque3.freeze11.snv.mod.fix.bam	158944319-supragingivalplaque3.freeze11.snv.mod.fix.bam	159268001-supragingivalplaque1.freeze11.snv.mod.fix.bam	159268001-supragingivalplaque2.freeze11.snv.mod.fix.bam	159268001-supragingivalplaque3.freeze11.snv.mod.fix.bam	159551223-supragingivalplaque1.freeze11.snv.mod.fix.bam	159551223-supragingivalplaque2.freeze11.snv.mod.fix.bam	159814214-supragingivalplaque1.freeze11.snv.mod.fix.bam	159814214-supragingivalplaque2.freeze11.snv.mod.fix.bam	160178356-buccalmucosa2.freeze11.snv.mod.fix.bam	160178356-supragingivalplaque1.freeze11.snv.mod.fix.bam	160178356-supragingivalplaque2.freeze11.snv.mod.fix.bam	160178356-supragingivalplaque3.freeze11.snv.mod.fix.bam	160319967-supragingivalplaque1.freeze11.snv.mod.fix.bam	160319967-supragingivalplaque2.freeze11.snv.mod.fix.bam	160319967-supragingivalplaque3.freeze11.snv.mod.fix.bam	160380657-supragingivalplaque3.freeze11.snv.mod.fix.bam	160400887-supragingivalplaque1.freeze11.snv.mod.fix.bam	160502038-supragingivalplaque2.freeze11.snv.mod.fix.bam	160502038-supragingivalplaque3.freeze11.snv.mod.fix.bam	160542498-supragingivalplaque1.freeze11.snv.mod.fix.bam	160603188-supragingivalplaque2.freeze11.snv.mod.fix.bam	160603188-supragingivalplaque3.freeze11.snv.mod.fix.bam	370425937-supragingivalplaque2.freeze11.snv.mod.fix.bam	517810313-supragingivalplaque2.freeze11.snv.mod.fix.bam	533247696-supragingivalplaque1.freeze11.snv.mod.fix.bam	550534656-supragingivalplaque3.freeze11.snv.mod.fix.bam	604812005-supragingivalplaque3.freeze11.snv.mod.fix.bam	650853796-supragingivalplaque1.freeze11.snv.mod.fix.bam	682102541-supragingivalplaque3.freeze11.snv.mod.fix.bam	763496533-buccalmucosa1.freeze11.snv.mod.fix.bam	763840445-supragingivalplaque1.freeze11.snv.mod.fix.bam	763860675-supragingivalplaque1.freeze11.snv.mod.fix.bam	763982056-supragingivalplaque3.freeze11.snv.mod.fix.bam	764083206-supragingivalplaque1.freeze11.snv.mod.fix.bam	764224817-supragingivalplaque2.freeze11.snv.mod.fix.bam	764305738-supragingivalplaque1.freeze11.snv.mod.fix.bam	764305738-supragingivalplaque2.freeze11.snv.mod.fix.bam	764366428-supragingivalplaque2.freeze11.snv.mod.fix.bam	764508039-supragingivalplaque3.freeze11.snv.mod.fix.bam	764588959-supragingivalplaque1.freeze11.snv.mod.fix.bam	764811490-supragingivalplaque1.freeze11.snv.mod.fix.bam	765013792-supragingivalplaque3.freeze11.snv.mod.fix.bam	765074482-supragingivalplaque3.freeze11.snv.mod.fix.bam	765337473-supragingivalplaque2.freeze11.snv.mod.fix.bam	823052294-supragingivalplaque3.freeze11.snv.mod.fix.bam	937495960-supragingivalplaque1.freeze11.snv.mod.fix.bam
103092734-supragingivalplaque3.freeze11.snv.mod.fix.bam	0.0	0.0927532518952	0.0850791284804	0.130960837516	0.120422018562	0.128096141977	0.108276175282	0.123391520035	0.0998567652231	0.135607233938	0.0951055628661	0.108625528397	0.104770999033	0.106832182409	0.107367857184	0.0629301410222	0.0895741385534	0.0660510288449	0.0588776448942	0.114878949146	0.0711282941087	0.0964098144935	0.123216843478	0.0862669290697	0.123636067216	0.121994107577	0.0800135083204	0.102139205571	0.107495953326	0.12654734317	0.120305567524	0.104468226334	0.096945489269	0.0570144282836	0.0821678525264	0.0688691439684	0.10116101685	0.0924737694037	0.104596322476	0.0608223772315	0.0515994550091	0.110768227499	0.0966194263622	0.102733105866	0.101091146228	0.0679258905593	0.114576176447	0.121539948529	0.100229408545	0.135560653523	0.122261944965	0.08346045905	0.134454368661
158337416-supragingivalplaque1.freeze11.snv.mod.fix.bam	0.0927532518952	0.0	0.00214269910216	0.151956959696	0.140812595344	0.126046603705	0.0999382809498	0.14498154251	0.116858616795	0.153855111618	0.113283569923	0.134326272519	0.131356771046	0.118745123613	0.127898175212	0.0833905884271	0.110127746789	0.0880952103688	0.0816088875432	0.134407788245	0.090237909471	0.116381167538	0.15083902973	0.11635787733	0.108462496943	0.106610925436	0.096631071466	0.12294900609	0.128643461856	0.147077661197	0.144352706904	0.129155846424	0.115484494544	0.0876061160085	0.047558603985	0.0923107379502	0.124928673739	0.117138099286	0.126815180557	0.0882815320299	0.0722462240751	0.131449931876	0.121446787698	0.130506678467	0.125592444657	0.0926368008571	0.133359728902	0.143712226194	0.124649191248	0.152970083728	0.147403724104	0.10042737531	0.154996331792
158337416-supragingivalplaque2.freeze11.snv.mod.fix.bam	0.0850791284804	0.00214269910216	0.0	0.142675811955	0.131880800717	0.123030521817	0.0982380957926	0.135327751447	0.108625528397	0.144073224413	0.104957320695	0.124963609051	0.121714625086	0.110034585958	0.117312775843	0.0763569457222	0.102278946817	0.0808868911066	0.0745752448383	0.124753997182	0.0829247842745	0.107717210299	0.140894111071	0.106797247097	0.107088374693	0.105120352148	0.0896440091763	0.115589300479	0.120654920639	0.13677174432	0.134640690322	0.119851408475	0.107344566977	0.0811430833906	0.0495033363222	0.0835070394653	0.116590779407	0.108287820386	0.118197803733	0.0808053753799	0.0652125813702	0.12148172301	0.112025898711	0.12142349749	0.116555844095	0.0858244151247	0.124055290953	0.134663980529	0.115356398402	0.144201320555	0.137295773992	0.09359169937	0.144841801265
158479027-supragingivalplaque1.freeze11.snv.mod.fix.bam	0.130960837516	0.151956959696	0.142675811955	0.0	4.65804152644e-05	0.186077113877	0.166338662909	0.18550650379	0.155636812502	0.187229979155	0.149895776321	0.178554376812	0.179427759598	0.172277665855	0.168458071804	0.12865510696	0.152923503313	0.134163241065	0.128538655922	0.168306685454	0.13652719714	0.162449198235	0.184004285398	0.166385243324	0.178461215982	0.177576188092	0.143595775156	0.16948284094	0.17528210264	0.17995178927	0.146670082564	0.167514818395	0.157930897954	0.129318877878	0.145191154379	0.135991522364	0.16377674007	0.156917773922	0.166490049259	0.131636253537	0.121155660103	0.177028868212	0.162705390519	0.158350121691	0.169075262306	0.139135700395	0.166827757269	0.138961023838	0.159980436226	0.193320368451	0.185727760763	0.152283022603	0.19780373342
158479027-supragingivalplaque2.freeze11.snv.mod.fix.bam	0.120422018562	0.140812595344	0.131880800717	4.65804152644e-05	0.0	0.174816298487	0.154483947224	0.173488756652	0.144445867735	0.175829422519	0.138681541346	0.167689494952	0.168085428482	0.160620916935	0.15782609202	0.117371001362	0.141965460622	0.12270445891	0.117277840532	0.157686350774	0.125219801335	0.150408160889	0.172033118675	0.154646978678	0.16707230445	0.165826278341	0.132125347897	0.157895962643	0.163881546004	0.169436260524	0.137307419096	0.156486905081	0.146227568619	0.11843070581	0.133499470148	0.125173220919	0.152807052275	0.145819989985	0.154751784612	0.120177471382	0.109871554505	0.165814633237	0.151852153762	0.14714753182	0.158583023768	0.128387269573	0.155520361464	0.129889487965	0.148626460005	0.181582103804	0.173954560805	0.140661208995	0.185983953047
158883629-supragingivalplaque1.freeze11.snv.mod.fix.bam	0.128096141977	0.126046603705	0.123030521817	0.186077113877	0.174816298487	0.0	0.00273659939678	0.175887648038	0.123368229828	0.179148277107	0.107728855403	0.168644393465	0.165500215434	0.148766201251	0.1458665704	0.116253071396	0.141185238666	0.119117766935	0.115309817987	0.163648643928	0.125930152667	0.149837550802	0.173395595822	0.150967125872	0.149767680179	0.160399659963	0.134454368661	0.152655665925	0.158932376882	0.175398553678	0.178612602331	0.141394850535	0.0962584281439	0.125988378186	0.116649004926	0.121341981764	0.161436074203	0.152248087292	0.162425908027	0.10622663701	0.0726654478125	0.164091157873	0.152376183434	0.162111490224	0.157139030894	0.132265089143	0.171299477135	0.180324432592	0.155776553748	0.186589498445	0.177902250999	0.133289858279	0.178344764944
158883629-supragingivalplaque3.freeze11.snv.mod.fix.bam	0.108276175282	0.0999382809498	0.0982380957926	0.166338662909	0.154483947224	0.00273659939678	0.0	0.154146239214	0.10775214561	0.159107053439	0.0983312566232	0.148510008967	0.145493927078	0.12929558767	0.128131077289	0.0958275593027	0.118663607886	0.0974928091484	0.0930443794906	0.142431264775	0.104934030487	0.128072851769	0.154693559093	0.129994293899	0.131694479056	0.13338301911	0.11370279366	0.135805200703	0.141022207213	0.156323873627	0.158454927626	0.125836991837	0.085929221059	0.105131997252	0.0917168376556	0.106086895765	0.140812595344	0.132893924749	0.141243464185	0.0895624934496	0.0658297718724	0.143840322336	0.131368416149	0.140160469531	0.140719434514	0.112445122448	0.149814260594	0.160027016641	0.13402349982	0.168656038569	0.158606313975	0.111746416219	0.15871111991
158944319-supragingivalplaque3.freeze11.snv.mod.fix.bam	0.123391520035	0.14498154251	0.135327751447	0.18550650379	0.173488756652	0.175887648038	0.154146239214	0.0	0.151036996495	0.189279517427	0.143001874862	0.177261770289	0.176237001153	0.173151048642	0.171846797014	0.049072467481	0.0402338336846	0.0375787500146	0.037613685326	0.0328857731767	0.0324665494393	0.0291360497479	0.186205210019	0.159794114565	0.175782842104	0.174105947155	0.129109266009	0.162227941262	0.172289310959	0.182991161366	0.183422030207	0.1638699009	0.148556589382	0.119245863077	0.129388748501	0.120876177611	0.167840881301	0.151269898571	0.171613894938	0.117988191865	0.106995213862	0.171613894938	0.159666018423	0.163846610693	0.16859781305	0.133185052345	0.179288018353	0.180778591641	0.157744576293	0.184691346523	0.181908166711	0.143467679014	0.200470462194
159268001-supragingivalplaque1.freeze11.snv.mod.fix.bam	0.0998567652231	0.116858616795	0.108625528397	0.155636812502	0.144445867735	0.123368229828	0.10775214561	0.151036996495	0.0	0.00783715486824	0.00329556437996	0.143106680796	0.139659730066	0.135653814354	0.138425349062	0.0901913290557	0.114413144993	0.0927183165838	0.0876992768391	0.139298731848	0.0980051937163	0.12093440313	0.153412597673	0.123473035762	0.149488197687	0.148020914606	0.107495953326	0.130378582325	0.137074517019	0.151246608364	0.150512966823	0.133126826826	0.0962700732477	0.0970852305148	0.105329964017	0.0992978002399	0.136795034528	0.119467120049	0.137866384079	0.0871636020635	0.0663188662327	0.139135700395	0.123112037544	0.135094849371	0.135537363316	0.103257135537	0.145750119362	0.149348456441	0.124893738428	0.159549567384	0.153202985805	0.115286527779	0.161051785777
159268001-supragingivalplaque2.freeze11.snv.mod.fix.bam	0.135607233938	0.153855111618	0.144073224413	0.187229979155	0.175829422519	0.179148277107	0.159107053439	0.189279517427	0.00783715486824	0.0	0.0199713530446	0.177180254562	0.177471382157	0.179357888976	0.176330161983	0.129749746719	0.152876922898	0.133825533055	0.129062685594	0.171299477135	0.137086162123	0.163997997042	0.187835524554	0.166618145401	0.180312787489	0.178263249217	0.143875257648	0.173442176237	0.180242916866	0.181034783925	0.181582103804	0.171078220162	0.154670268885	0.131496512291	0.142210007802	0.138518509893	0.172603728762	0.155182653453	0.177704284234	0.12954013485	0.120887822715	0.177529607676	0.163008163218	0.169832194054	0.168062138274	0.139100765083	0.182676743563	0.180941623095	0.162996518114	0.190537188639	0.187486171439	0.157313707452	0.196348095443
159268001-supragingivalplaque3.freeze11.snv.mod.fix.bam	0.0951055628661	0.113283569923	0.104957320695	0.149895776321	0.138681541346	0.107728855403	0.0983312566232	0.143001874862	0.00329556437996	0.0199713530446	0.0	0.134349562726	0.131519802499	0.128026271354	0.127502241682	0.0880136946421	0.110349003761	0.0902495545748	0.085172289311	0.132521281427	0.0951404981775	0.116812036379	0.142571006021	0.119536990672	0.142198362698	0.140637918787	0.103420166991	0.127851594797	0.133639211394	0.141581172196	0.143770451714	0.117114809079	0.0833440080118	0.0941157290417	0.101417209134	0.0946746940249	0.129016105179	0.11370279366	0.130366937221	0.0825637860562	0.0563157220547	0.133219987656	0.117615548543	0.127781724174	0.12856194613	0.0990183177483	0.137517030964	0.143525904533	0.118849929547	0.153424242777	0.144923316991	0.109766748571	0.15123496326
159551223-supragingivalplaque1.freeze11.snv.mod.fix.bam	0.108625528397	0.134326272519	0.124963609051	0.178554376812	0.167689494952	0.168644393465	0.148510008967	0.177261770289	0.143106680796	0.177180254562	0.134349562726	0.0	0.000221256972506	0.157045870064	0.155392265322	0.111036064887	0.140521467749	0.116474328369	0.110756582395	0.159246794685	0.117778579996	0.147485239831	0.174327204127	0.142582651124	0.165698182199	0.163765094966	0.120258987109	0.145633668324	0.152946793521	0.16225123147	0.167922397028	0.149418327064	0.139939212558	0.113819244699	0.122192074342	0.118838284443	0.150722578692	0.133883758574	0.150978770976	0.110919613848	0.103210555122	0.156207422589	0.143223131834	0.142664166851	0.15019854902	0.114576176447	0.162204651054	0.168784134711	0.149977292048	0.173081178019	0.167689494952	0.133161762137	0.172801695527
159551223-supragingivalplaque2.freeze11.snv.mod.fix.bam	0.104770999033	0.131356771046	0.121714625086	0.179427759598	0.168085428482	0.165500215434	0.145493927078	0.176237001153	0.139659730066	0.177471382157	0.131519802499	0.000221256972506	0.0	0.154425721705	0.15309817987	0.106506119502	0.137447160341	0.111082645302	0.104968965798	0.159176924062	0.113469891584	0.144329416697	0.174117592258	0.138285607816	0.166152341248	0.163997997042	0.116835326587	0.141557881989	0.149767680179	0.162996518114	0.169133487825	0.148207236268	0.136701873697	0.110873033433	0.118477286225	0.11385418001	0.149744389971	0.130401872533	0.149721099764	0.105725897546	0.0965146204278	0.154798365027	0.140044018492	0.142640876643	0.149406681961	0.110966194264	0.16121481723	0.16948284094	0.147461949623	0.17375659404	0.167864171509	0.12984290755	0.172452342413
159814214-supragingivalplaque1.freeze11.snv.mod.fix.bam	0.106832182409	0.118745123613	0.110034585958	0.172277665855	0.160620916935	0.148766201251	0.12929558767	0.173151048642	0.135653814354	0.179357888976	0.128026271354	0.157045870064	0.154425721705	0.0	0.00230573055559	0.099670443562	0.134011854716	0.103303715953	0.0978538073667	0.159002247505	0.108532367566	0.138204092089	0.178717408266	0.133196697449	0.165360474189	0.164091157873	0.113318505234	0.137517030964	0.146146052892	0.15211999115	0.165954374483	0.151060286702	0.116276361604	0.109999650647	0.109440685664	0.1132136993	0.149488197687	0.133802242847	0.15486823565	0.0986806097376	0.0831227510393	0.151269898571	0.141068787628	0.150070452878	0.148649750213	0.108159724244	0.161820362629	0.166163986352	0.148090785229	0.17543348899	0.169832194054	0.127560467202	0.179090051588
159814214-supragingivalplaque2.freeze11.snv.mod.fix.bam	0.107367857184	0.127898175212	0.117312775843	0.168458071804	0.15782609202	0.1458665704	0.128131077289	0.171846797014	0.138425349062	0.176330161983	0.127502241682	0.155392265322	0.15309817987	0.00230573055559	0.0	0.103676359275	0.136236069545	0.108171369348	0.103198910018	0.157313707452	0.112363606722	0.141488011366	0.176283581568	0.136142908714	0.163765094966	0.162309456989	0.114785788315	0.139764536001	0.147438659416	0.147857883153	0.16249577865	0.151304833883	0.107845306441	0.112363606722	0.117475807297	0.116870261898	0.147170822028	0.134955108125	0.154612043366	0.101032920708	0.0887240459749	0.151106867118	0.142780617889	0.148440138344	0.146856404225	0.109964715335	0.161645686071	0.16258893948	0.148696330628	0.170484319868	0.167619624329	0.129877842861	0.17626029136
160178356-buccalmucosa2.freeze11.snv.mod.fix.bam	0.0629301410222	0.0833905884271	0.0763569457222	0.12865510696	0.117371001362	0.116253071396	0.0958275593027	0.049072467481	0.0901913290557	0.129749746719	0.0880136946421	0.111036064887	0.106506119502	0.099670443562	0.103676359275	0.0	0.0114937174665	2.32902076322e-05	0.000139741245793	0.0559430787325	0.0297765304578	0.0346208936453	0.124288193029	0.0880952103688	0.119024606104	0.117860095723	0.0735621208063	0.0965379106355	0.103070813876	0.124451224483	0.121365271971	0.103862680936	0.0907270038312	0.0651776460587	0.071489292327	0.0607175712971	0.10347839251	0.0904475213397	0.102476913582	0.0566184947539	0.044961745834	0.107833661337	0.0943835664295	0.103245490434	0.106855472617	0.0678560199364	0.114226823332	0.120946048234	0.0934868934357	0.130809451166	0.123065457129	0.0784530644091	0.133417954421
160178356-supragingivalplaque1.freeze11.snv.mod.fix.bam	0.0895741385534	0.110127746789	0.102278946817	0.152923503313	0.141965460622	0.141185238666	0.118663607886	0.0402338336846	0.114413144993	0.152876922898	0.110349003761	0.140521467749	0.137447160341	0.134011854716	0.136236069545	0.0114937174665	0.0	0.00385452936313	0.00404085102419	0.0427608212127	0.03039372096	0.0322452924668	0.151898734177	0.12148172301	0.141557881989	0.140474887334	0.100508891037	0.127700208447	0.13539762207	0.152329603018	0.149732744867	0.131088933658	0.11635787733	0.0903892958206	0.0970037147881	0.0888637872207	0.134011854716	0.11739429157	0.130902611997	0.0849393872346	0.0729682205117	0.137924609598	0.124125161576	0.128550301026	0.136573777555	0.0979353230934	0.143188196523	0.146390600072	0.122320170484	0.153424242777	0.150361580473	0.108252885074	0.163264355502
160178356-supragingivalplaque2.freeze11.snv.mod.fix.bam	0.0660510288449	0.0880952103688	0.0808868911066	0.134163241065	0.12270445891	0.119117766935	0.0974928091484	0.0375787500146	0.0927183165838	0.133825533055	0.0902495545748	0.116474328369	0.111082645302	0.103303715953	0.108171369348	2.32902076322e-05	0.00385452936313	0.0	0.0	0.0446356829271	0.0248622966474	0.0290312438135	0.128515365714	0.09029613499	0.123484680866	0.122471556834	0.077067297055	0.0999732162612	0.107134955108	0.132113702794	0.128643461856	0.108019982998	0.0929279284525	0.0670408626693	0.0732709932109	0.0608223772315	0.108404271424	0.0941972447684	0.104957320695	0.0589125802057	0.0452062930141	0.11208412423	0.098086709443	0.106902053032	0.111373772897	0.0709769077591	0.1177902251	0.12654734317	0.0960953966905	0.136736809009	0.127700208447	0.0810965029753	0.13903089446
160178356-supragingivalplaque3.freeze11.snv.mod.fix.bam	0.0588776448942	0.0816088875432	0.0745752448383	0.128538655922	0.117277840532	0.115309817987	0.0930443794906	0.037613685326	0.0876992768391	0.129062685594	0.085172289311	0.110756582395	0.104968965798	0.0978538073667	0.103198910018	0.000139741245793	0.00404085102419	0.0	0.0	0.0451830028065	0.023173756594	0.0279598942625	0.123123682648	0.084473583082	0.119094476727	0.117429226882	0.0709070371362	0.0936149895776	0.101498724861	0.127420725956	0.123135327751	0.102476913582	0.0876759866314	0.0608340223353	0.0673669255761	0.0561526906012	0.102779686281	0.0876643415276	0.0993793159666	0.0530900282976	0.0403269945152	0.106296507633	0.091693547448	0.101242532577	0.106704086267	0.065410548135	0.112270445891	0.121539948529	0.0901331035366	0.131892445821	0.12261129808	0.0755534335589	0.133790597743
160319967-supragingivalplaque1.freeze11.snv.mod.fix.bam	0.114878949146	0.134407788245	0.124753997182	0.168306685454	0.157686350774	0.163648643928	0.142431264775	0.0328857731767	0.139298731848	0.171299477135	0.132521281427	0.159246794685	0.159176924062	0.159002247505	0.157313707452	0.0559430787325	0.0427608212127	0.0446356829271	0.0451830028065	0.0	0.0161750492006	0.00373807832497	0.166583210089	0.146541986422	0.156335518731	0.154588753159	0.120072665448	0.151060286702	0.156882838611	0.164952895555	0.165616666473	0.147799657634	0.137854738975	0.108683753916	0.121994107577	0.110779872603	0.151852153762	0.138739766865	0.154984686688	0.111490223935	0.102139205571	0.154483947224	0.143479324118	0.146355664761	0.15034993537	0.123181908167	0.161750492006	0.161389493787	0.142303168633	0.167049014242	0.163194484879	0.130401872533	0.179381179183
160319967-supragingivalplaque2.freeze11.snv.mod.fix.bam	0.0711282941087	0.090237909471	0.0829247842745	0.13652719714	0.125219801335	0.125930152667	0.104934030487	0.0324665494393	0.0980051937163	0.137086162123	0.0951404981775	0.117778579996	0.113469891584	0.108532367566	0.112363606722	0.0297765304578	0.03039372096	0.0248622966474	0.023173756594	0.0161750492006	0.0	0.000919963201472	0.128049561562	0.0965379106355	0.124066936057	0.122716104014	0.079093545119	0.10411887322	0.110418874384	0.131682833952	0.128922944348	0.106319797841	0.096759167608	0.069591140405	0.0773351344427	0.0593201588392	0.107146600212	0.0934170228128	0.10942904056	0.0644672947259	0.0493635950765	0.112293736099	0.0936732150967	0.108427561632	0.105038836421	0.0715009374309	0.11562423579	0.126232925367	0.0962467830401	0.134058435131	0.125475993618	0.0842639712133	0.137330709303
160319967-supragingivalplaque3.freeze11.snv.mod.fix.bam	0.0964098144935	0.116381167538	0.107717210299	0.162449198235	0.150408160889	0.149837550802	0.128072851769	0.0291360497479	0.12093440313	0.163997997042	0.116812036379	0.147485239831	0.144329416697	0.138204092089	0.141488011366	0.0346208936453	0.0322452924668	0.0290312438135	0.0279598942625	0.00373807832497	0.000919963201472	0.0	0.156754742469	0.124521095106	0.151095222014	0.149627938933	0.102337172336	0.130110744937	0.137924609598	0.158920731778	0.158175445134	0.133487825044	0.119024606104	0.0924737694037	0.102057689844	0.0843105516286	0.138402058854	0.120899467819	0.138064350844	0.0879671142268	0.0708953920324	0.139904277247	0.123205198374	0.136387455894	0.137144387642	0.10121924237	0.148742911043	0.154518882536	0.125091705193	0.16136620358	0.154705204197	0.109755103467	0.169366389901
160380657-supragingivalplaque3.freeze11.snv.mod.fix.bam	0.123216843478	0.15083902973	0.140894111071	0.184004285398	0.172033118675	0.173395595822	0.154693559093	0.186205210019	0.153412597673	0.187835524554	0.142571006021	0.174327204127	0.174117592258	0.178717408266	0.176283581568	0.124288193029	0.151898734177	0.128515365714	0.123123682648	0.166583210089	0.128049561562	0.156754742469	0.0	0.149022393535	0.176795966136	0.174769718072	0.132078767482	0.1519686048	0.159363245723	0.184353638513	0.177436446846	0.150419805993	0.137470450549	0.116625714718	0.135572298627	0.123624422112	0.156335518731	0.148894297393	0.173092823123	0.121842721228	0.108928301096	0.156440324665	0.155380620218	0.16588450386	0.159526277177	0.132008896859	0.169110197617	0.179544210637	0.16161075076	0.189081550662	0.167083949553	0.135199655305	0.183445320415
160400887-supragingivalplaque1.freeze11.snv.mod.fix.bam	0.0862669290697	0.11635787733	0.106797247097	0.166385243324	0.154646978678	0.150967125872	0.129994293899	0.159794114565	0.123473035762	0.166618145401	0.119536990672	0.142582651124	0.138285607816	0.133196697449	0.136142908714	0.0880952103688	0.12148172301	0.09029613499	0.084473583082	0.146541986422	0.0965379106355	0.124521095106	0.149022393535	0.0	0.158000768577	0.155927940098	0.101102791331	0.0730380911346	0.0771022323664	0.151491155544	0.156021100928	0.0984826429728	0.091122937361	0.0929512186601	0.0864066703155	0.095489851292	0.124986899258	0.11971166723	0.136760099216	0.0840427142408	0.0719900317911	0.0729915107193	0.125301317061	0.137097807227	0.136177844025	0.0911695177763	0.146984500367	0.160190048094	0.128853073725	0.165674891992	0.111746416219	0.0813177599478	0.161552525241
160502038-supragingivalplaque2.freeze11.snv.mod.fix.bam	0.123636067216	0.108462496943	0.107088374693	0.178461215982	0.16707230445	0.149767680179	0.131694479056	0.175782842104	0.149488197687	0.180312787489	0.142198362698	0.165698182199	0.166152341248	0.165360474189	0.163765094966	0.119024606104	0.141557881989	0.123484680866	0.119094476727	0.156335518731	0.124066936057	0.151095222014	0.176795966136	0.158000768577	0.0	0.000489094360276	0.125406122996	0.159677663526	0.165034411282	0.17567803617	0.171683765561	0.155368975114	0.14970945466	0.109359169937	0.101195952162	0.120398728355	0.158687829702	0.150000582255	0.168062138274	0.122692813806	0.113073958054	0.165232378047	0.150210194124	0.160609271832	0.148882652289	0.129854552653	0.16859781305	0.171078220162	0.158513153145	0.178274894321	0.170787092567	0.136317585271	0.170787092567
160502038-supragingivalplaque3.freeze11.snv.mod.fix.bam	0.121994107577	0.106610925436	0.105120352148	0.177576188092	0.165826278341	0.160399659963	0.13338301911	0.174105947155	0.148020914606	0.178263249217	0.140637918787	0.163765094966	0.163997997042	0.164091157873	0.162309456989	0.117860095723	0.140474887334	0.122471556834	0.117429226882	0.154588753159	0.122716104014	0.149627938933	0.174769718072	0.155927940098	0.000489094360276	0.0	0.123088747336	0.158641249287	0.163881546004	0.173581917483	0.170274707999	0.154251045148	0.148300397098	0.107856951545	0.0984593527651	0.119117766935	0.156673226742	0.147729787011	0.165872858757	0.121318691556	0.113073958054	0.163439032059	0.148044204814	0.158233670653	0.14882442677	0.127874885005	0.167002433827	0.169273229071	0.156964354337	0.176551418956	0.16948284094	0.134663980529	0.169459550732
160542498-supragingivalplaque1.freeze11.snv.mod.fix.bam	0.0800135083204	0.096631071466	0.0896440091763	0.143595775156	0.132125347897	0.134454368661	0.11370279366	0.129109266009	0.107495953326	0.143875257648	0.103420166991	0.120258987109	0.116835326587	0.113318505234	0.114785788315	0.0735621208063	0.100508891037	0.077067297055	0.0709070371362	0.120072665448	0.079093545119	0.102337172336	0.132078767482	0.101102791331	0.125406122996	0.123088747336	0.0	0.10750759843	0.112305381202	0.13082109627	0.130984127723	0.109766748571	0.102628299931	0.0715475178461	0.0871286667521	0.0739813445437	0.113656213245	0.100136247715	0.118069707591	0.0757164650123	0.0606244104666	0.113877470218	0.0997403141849	0.117312775843	0.109487266079	0.0850907735842	0.121202240518	0.132486346116	0.108101498725	0.142792262993	0.124823867805	0.0892131403351	0.11400556636
160603188-supragingivalplaque2.freeze11.snv.mod.fix.bam	0.102139205571	0.12294900609	0.115589300479	0.16948284094	0.157895962643	0.152655665925	0.135805200703	0.162227941262	0.130378582325	0.173442176237	0.127851594797	0.145633668324	0.141557881989	0.137517030964	0.139764536001	0.0965379106355	0.127700208447	0.0999732162612	0.0936149895776	0.151060286702	0.10411887322	0.130110744937	0.1519686048	0.0730380911346	0.159677663526	0.158641249287	0.10750759843	0.0	0.0	0.156719807157	0.157069160272	0.0918565789014	0.0925552851304	0.103257135537	0.0947212744402	0.10121924237	0.128829783518	0.122494847042	0.147857883153	0.0956645278493	0.079151770638	0.0688225635532	0.129621650577	0.147985979295	0.134896882606	0.0954665610844	0.14400335379	0.157907607746	0.132218508728	0.169156778033	0.111164161028	0.0793730276105	0.164335705053
160603188-supragingivalplaque3.freeze11.snv.mod.fix.bam	0.107495953326	0.128643461856	0.120654920639	0.17528210264	0.163881546004	0.158932376882	0.141022207213	0.172289310959	0.137074517019	0.180242916866	0.133639211394	0.152946793521	0.149767680179	0.146146052892	0.147438659416	0.103070813876	0.13539762207	0.107134955108	0.101498724861	0.156882838611	0.110418874384	0.137924609598	0.159363245723	0.0771022323664	0.165034411282	0.163881546004	0.112305381202	0.0	0.0	0.162088200016	0.163264355502	0.0958275593027	0.0966543616736	0.108159724244	0.0986456744262	0.1086371735	0.134594109906	0.128841428621	0.156044391136	0.10106785602	0.0862087035506	0.0720016768949	0.136189489129	0.153785240995	0.141755848753	0.103641423963	0.152259732396	0.163730159654	0.140975626798	0.174699847449	0.116404457746	0.0836817160225	0.172114634402
370425937-supragingivalplaque2.freeze11.snv.mod.fix.bam	0.12654734317	0.147077661197	0.13677174432	0.17995178927	0.169436260524	0.175398553678	0.156323873627	0.182991161366	0.151246608364	0.181034783925	0.141581172196	0.16225123147	0.162996518114	0.15211999115	0.147857883153	0.124451224483	0.152329603018	0.132113702794	0.127420725956	0.164952895555	0.131682833952	0.158920731778	0.184353638513	0.151491155544	0.17567803617	0.173581917483	0.13082109627	0.156719807157	0.162088200016	0.0	0.172696889593	0.1595961478	0.144783575746	0.130192260664	0.13869318645	0.135432557381	0.155846424371	0.149453262376	0.167526463498	0.123321649413	0.114354919474	0.161261397645	0.158385057003	0.161634040967	0.161925168563	0.130401872533	0.168656038569	0.174280623712	0.163497257578	0.175608165547	0.176039034388	0.14503976803	0.186659369068
517810313-supragingivalplaque2.freeze11.snv.mod.fix.bam	0.120305567524	0.144352706904	0.134640690322	0.146670082564	0.137307419096	0.178612602331	0.158454927626	0.183422030207	0.150512966823	0.181582103804	0.143770451714	0.167922397028	0.169133487825	0.165954374483	0.16249577865	0.121365271971	0.149732744867	0.128643461856	0.123135327751	0.165616666473	0.128922944348	0.158175445134	0.177436446846	0.156021100928	0.171683765561	0.170274707999	0.130984127723	0.157069160272	0.163264355502	0.172696889593	0.0	0.161878588148	0.150478031512	0.123566196593	0.138355478439	0.130238841079	0.151246608364	0.144434222631	0.160399659963	0.123950485019	0.113306860131	0.164463801195	0.156323873627	0.154612043366	0.157383578075	0.127083017945	0.163834965589	0.0778125836992	0.155741618437	0.180044950101	0.176889126967	0.145063058237	0.1864497572
533247696-supragingivalplaque1.freeze11.snv.mod.fix.bam	0.104468226334	0.129155846424	0.119851408475	0.167514818395	0.156486905081	0.141394850535	0.125836991837	0.1638699009	0.133126826826	0.171078220162	0.117114809079	0.149418327064	0.148207236268	0.151060286702	0.151304833883	0.103862680936	0.131088933658	0.108019982998	0.102476913582	0.147799657634	0.106319797841	0.133487825044	0.150419805993	0.0984826429728	0.155368975114	0.154251045148	0.109766748571	0.0918565789014	0.0958275593027	0.1595961478	0.161878588148	0.0	0.0880253397459	0.100706857802	0.0899118465641	0.103920906455	0.140370081399	0.128282463638	0.150757514003	0.101475434653	0.081434210986	0.0913441943335	0.132602797154	0.14665843746	0.140230340153	0.110453809696	0.153633854646	0.160935334739	0.139438473094	0.167736075367	0.081876724931	0.0273310586564	0.161016850465
550534656-supragingivalplaque3.freeze11.snv.mod.fix.bam	0.096945489269	0.115484494544	0.107344566977	0.157930897954	0.146227568619	0.0962584281439	0.085929221059	0.148556589382	0.0962700732477	0.154670268885	0.0833440080118	0.139939212558	0.136701873697	0.116276361604	0.107845306441	0.0907270038312	0.11635787733	0.0929279284525	0.0876759866314	0.137854738975	0.096759167608	0.119024606104	0.137470450549	0.091122937361	0.14970945466	0.148300397098	0.102628299931	0.0925552851304	0.0966543616736	0.144783575746	0.150478031512	0.0880253397459	0.0	0.0973414227988	0.100380794895	0.0962584281439	0.125860282044	0.116637359822	0.137761578144	0.0758562062581	0.0500157208902	0.0985641586995	0.119851408475	0.134489303972	0.132521281427	0.09954234742	0.142792262993	0.151304833883	0.124975254154	0.155590232087	0.130285421495	0.0857428993979	0.151223318156
604812005-supragingivalplaque3.freeze11.snv.mod.fix.bam	0.0570144282836	0.0876061160085	0.0811430833906	0.129318877878	0.11843070581	0.125988378186	0.105131997252	0.119245863077	0.0970852305148	0.131496512291	0.0941157290417	0.113819244699	0.110873033433	0.109999650647	0.112363606722	0.0651776460587	0.0903892958206	0.0670408626693	0.0608340223353	0.108683753916	0.069591140405	0.0924737694037	0.116625714718	0.0929512186601	0.109359169937	0.107856951545	0.0715475178461	0.103257135537	0.108159724244	0.130192260664	0.123566196593	0.100706857802	0.0973414227988	0.0	0.0753438216902	0.0615443736681	0.101603530795	0.0936499248891	0.104316839985	0.0683101789852	0.0512617469985	0.107950112375	0.088782271494	0.103851035832	0.0974811640446	0.0788489979388	0.110640131357	0.123577841696	0.0971783913454	0.134372852934	0.11217728506	0.0810033421448	0.111758061323
650853796-supragingivalplaque1.freeze11.snv.mod.fix.bam	0.0821678525264	0.047558603985	0.0495033363222	0.145191154379	0.133499470148	0.116649004926	0.0917168376556	0.129388748501	0.105329964017	0.142210007802	0.101417209134	0.122192074342	0.118477286225	0.109440685664	0.117475807297	0.071489292327	0.0970037147881	0.0732709932109	0.0673669255761	0.121994107577	0.0773351344427	0.102057689844	0.135572298627	0.0864066703155	0.101195952162	0.0984593527651	0.0871286667521	0.0947212744402	0.0986456744262	0.13869318645	0.138355478439	0.0899118465641	0.100380794895	0.0753438216902	0.0	0.0778125836992	0.111338837586	0.104701128411	0.116625714718	0.0777776483877	0.0602168318331	0.0981798702735	0.107030149174	0.119245863077	0.118570447056	0.0834721041538	0.122180429239	0.140172114634	0.109848264297	0.145610378117	0.10524844829	0.0617074051215	0.13908911998
682102541-supragingivalplaque3.freeze11.snv.mod.fix.bam	0.0688691439684	0.0923107379502	0.0835070394653	0.135991522364	0.125173220919	0.121341981764	0.106086895765	0.120876177611	0.0992978002399	0.138518509893	0.0946746940249	0.118838284443	0.11385418001	0.1132136993	0.116870261898	0.0607175712971	0.0888637872207	0.0608223772315	0.0561526906012	0.110779872603	0.0593201588392	0.0843105516286	0.123624422112	0.095489851292	0.120398728355	0.119117766935	0.0739813445437	0.10121924237	0.1086371735	0.135432557381	0.130238841079	0.103920906455	0.0962584281439	0.0615443736681	0.0778125836992	0.0	0.107763790714	0.0924854145075	0.109790038778	0.0654454834465	0.0513781980366	0.108334400801	0.0929279284525	0.109102977653	0.105131997252	0.0776611973496	0.115088561015	0.128596881441	0.0981099996506	0.139729600689	0.123997065434	0.0820514014882	0.13057654909
763496533-buccalmucosa1.freeze11.snv.mod.fix.bam	0.10116101685	0.124928673739	0.116590779407	0.16377674007	0.152807052275	0.161436074203	0.140812595344	0.167840881301	0.136795034528	0.172603728762	0.129016105179	0.150722578692	0.149744389971	0.149488197687	0.147170822028	0.10347839251	0.134011854716	0.108404271424	0.102779686281	0.151852153762	0.107146600212	0.138402058854	0.156335518731	0.124986899258	0.158687829702	0.156673226742	0.113656213245	0.128829783518	0.134594109906	0.155846424371	0.151246608364	0.140370081399	0.125860282044	0.101603530795	0.111338837586	0.107763790714	0.0	0.131985606652	0.145004832718	0.10146378955	0.0917517729671	0.137039581708	0.13372072712	0.142163427387	0.141033852317	0.104153808531	0.103746229898	0.152399473641	0.141779138961	0.168527942427	0.15944476145	0.122937360987	0.170891898501
763840445-supragingivalplaque1.freeze11.snv.mod.fix.bam	0.0924737694037	0.117138099286	0.108287820386	0.156917773922	0.145819989985	0.152248087292	0.132893924749	0.151269898571	0.119467120049	0.155182653453	0.11370279366	0.133883758574	0.130401872533	0.133802242847	0.134955108125	0.0904475213397	0.11739429157	0.0941972447684	0.0876643415276	0.138739766865	0.0934170228128	0.120899467819	0.148894297393	0.11971166723	0.150000582255	0.147729787011	0.100136247715	0.122494847042	0.128841428621	0.149453262376	0.144434222631	0.128282463638	0.116637359822	0.0936499248891	0.104701128411	0.0924854145075	0.131985606652	0.0	0.137540321172	0.0912976139182	0.0768693302901	0.132730893296	0.119059541416	0.127688563344	0.128154367496	0.0950240471394	0.134407788245	0.148067495022	0.123310004309	0.158175445134	0.14513292886	0.108334400801	0.156568420807
763860675-supragingivalplaque1.freeze11.snv.mod.fix.bam	0.104596322476	0.126815180557	0.118197803733	0.166490049259	0.154751784612	0.162425908027	0.141243464185	0.171613894938	0.137866384079	0.177704284234	0.130366937221	0.150978770976	0.149721099764	0.15486823565	0.154612043366	0.102476913582	0.130902611997	0.104957320695	0.0993793159666	0.154984686688	0.10942904056	0.138064350844	0.173092823123	0.136760099216	0.168062138274	0.165872858757	0.118069707591	0.147857883153	0.156044391136	0.167526463498	0.160399659963	0.150757514003	0.137761578144	0.104316839985	0.116625714718	0.109790038778	0.145004832718	0.137540321172	0.0	0.100019796676	0.0889220127397	0.158280251068	0.129703166304	0.0696959463394	0.150256774539	0.115705751517	0.155019622	0.158978957297	0.140381726503	0.177657703818	0.173290789887	0.130704645232	0.182944580951
763982056-supragingivalplaque3.freeze11.snv.mod.fix.bam	0.0608223772315	0.0882815320299	0.0808053753799	0.131636253537	0.120177471382	0.10622663701	0.0895624934496	0.117988191865	0.0871636020635	0.12954013485	0.0825637860562	0.110919613848	0.105725897546	0.0986806097376	0.101032920708	0.0566184947539	0.0849393872346	0.0589125802057	0.0530900282976	0.111490223935	0.0644672947259	0.0879671142268	0.121842721228	0.0840427142408	0.122692813806	0.121318691556	0.0757164650123	0.0956645278493	0.10106785602	0.123321649413	0.123950485019	0.101475434653	0.0758562062581	0.0683101789852	0.0777776483877	0.0654454834465	0.10146378955	0.0912976139182	0.100019796676	0.0	0.0425162740326	0.104316839985	0.0909831961152	0.101685046522	0.105749187754	0.0605661849475	0.112561573486	0.124590965728	0.0924621242998	0.132067122378	0.124742352078	0.0802347652929	0.135549008419
764083206-supragingivalplaque1.freeze11.snv.mod.fix.bam	0.0515994550091	0.0722462240751	0.0652125813702	0.121155660103	0.109871554505	0.0726654478125	0.0658297718724	0.106995213862	0.0663188662327	0.120887822715	0.0563157220547	0.103210555122	0.0965146204278	0.0831227510393	0.0887240459749	0.044961745834	0.0729682205117	0.0452062930141	0.0403269945152	0.102139205571	0.0493635950765	0.0708953920324	0.108928301096	0.0719900317911	0.113073958054	0.113073958054	0.0606244104666	0.079151770638	0.0862087035506	0.114354919474	0.113306860131	0.081434210986	0.0500157208902	0.0512617469985	0.0602168318331	0.0513781980366	0.0917517729671	0.0768693302901	0.0889220127397	0.0425162740326	0.0	0.0940109231074	0.0766364282138	0.0937314406158	0.0960255260676	0.0579926170042	0.100811663736	0.114820723627	0.0794312531296	0.125557509345	0.11257321859	0.0641295867153	0.11940889453
764224817-supragingivalplaque2.freeze11.snv.mod.fix.bam	0.110768227499	0.131449931876	0.12148172301	0.177028868212	0.165814633237	0.164091157873	0.143840322336	0.171613894938	0.139135700395	0.177529607676	0.133219987656	0.156207422589	0.154798365027	0.151269898571	0.151106867118	0.107833661337	0.137924609598	0.11208412423	0.106296507633	0.154483947224	0.112293736099	0.139904277247	0.156440324665	0.0729915107193	0.165232378047	0.163439032059	0.113877470218	0.0688225635532	0.0720016768949	0.161261397645	0.164463801195	0.0913441943335	0.0985641586995	0.107950112375	0.0981798702735	0.108334400801	0.137039581708	0.132730893296	0.158280251068	0.104316839985	0.0940109231074	0.0	0.136061392987	0.153785240995	0.144061579309	0.111094290406	0.16023662851	0.168178589312	0.14287377872	0.173826464663	0.113062312951	0.0821212721111	0.170717221944
764305738-supragingivalplaque1.freeze11.snv.mod.fix.bam	0.0966194263622	0.121446787698	0.112025898711	0.162705390519	0.151852153762	0.152376183434	0.131368416149	0.159666018423	0.123112037544	0.163008163218	0.117615548543	0.143223131834	0.140044018492	0.141068787628	0.142780617889	0.0943835664295	0.124125161576	0.098086709443	0.091693547448	0.143479324118	0.0936732150967	0.123205198374	0.155380620218	0.125301317061	0.150210194124	0.148044204814	0.0997403141849	0.129621650577	0.136189489129	0.158385057003	0.156323873627	0.132602797154	0.119851408475	0.088782271494	0.107030149174	0.0929279284525	0.13372072712	0.119059541416	0.129703166304	0.0909831961152	0.0766364282138	0.136061392987	0.0	0.117673774062	0.128305753846	0.104794289241	0.148707975732	0.154204464733	0.132952150268	0.165011121074	0.15147951044	0.112782830459	0.14946490748
