	159247771-supragingivalplaque2.freeze11.snv.mod.fix.bam	159611913-supragingivalplaque2.freeze11.snv.mod.fix.bam	160218816-buccalmucosa1.freeze11.snv.mod.fix.bam	160319967-supragingivalplaque3.freeze11.snv.mod.fix.bam	160380657-supragingivalplaque1.freeze11.snv.mod.fix.bam	160380657-supragingivalplaque3.freeze11.snv.mod.fix.bam	160582958-supragingivalplaque1.freeze11.snv.mod.fix.bam	160582958-supragingivalplaque2.freeze11.snv.mod.fix.bam	160582958-supragingivalplaque3.freeze11.snv.mod.fix.bam	160704339-supragingivalplaque1.freeze11.snv.mod.fix.bam	508703490-supragingivalplaque1.freeze11.snv.mod.fix.bam	508703490-supragingivalplaque2.freeze11.snv.mod.fix.bam	508703490-supragingivalplaque3.freeze11.snv.mod.fix.bam	517810313-supragingivalplaque2.freeze11.snv.mod.fix.bam	663835652-supragingivalplaque3.freeze11.snv.mod.fix.bam	686765762-supragingivalplaque3.freeze11.snv.mod.fix.bam	706846339-supragingivalplaque1.freeze11.snv.mod.fix.bam	737052003-supragingivalplaque2.freeze11.snv.mod.fix.bam	763557224-supragingivalplaque3.freeze11.snv.mod.fix.bam	763759525-supragingivalplaque2.freeze11.snv.mod.fix.bam	763921366-supragingivalplaque3.freeze11.snv.mod.fix.bam	763982056-supragingivalplaque3.freeze11.snv.mod.fix.bam	764649650-supragingivalplaque1.freeze11.snv.mod.fix.bam	764649650-supragingivalplaque2.freeze11.snv.mod.fix.bam	765074482-supragingivalplaque1.freeze11.snv.mod.fix.bam	765074482-supragingivalplaque3.freeze11.snv.mod.fix.bam	765155402-subgingivalplaque3.freeze11.snv.mod.fix.bam	765195863-supragingivalplaque3.freeze11.snv.mod.fix.bam	823052294-supragingivalplaque3.freeze11.snv.mod.fix.bam	863126187-supragingivalplaque3.freeze11.snv.mod.fix.bam
159247771-supragingivalplaque2.freeze11.snv.mod.fix.bam	0.0	0.121210883242	0.123090121742	0.133466786502	0.189557970422	0.189639676444	0.175913064793	0.190007353542	0.193439006455	0.146825721056	0.187433613857	0.191151237846	0.190661001716	0.182898929651	0.181346515238	0.136081379198	0.12533703734	0.193112182368	0.126440068633	0.157692621946	0.0840346433532	0.0879973854073	0.163575455511	0.168150992728	0.117656671297	0.130607075741	0.192540240216	0.174115532315	0.125214478307	0.187801290955
159611913-supragingivalplaque2.freeze11.snv.mod.fix.bam	0.121210883242	0.0	0.000245118065201	0.137266116513	0.195645069042	0.195604216031	0.173952120271	0.190824413759	0.194010948607	0.146703162023	0.194419478716	0.198749897867	0.19838222077	0.187311054825	0.184206225999	0.125623008416	0.117493259253	0.198463926791	0.134978347904	0.156017648501	0.157896887001	0.160756597761	0.169008905956	0.174646621456	0.111324454612	0.125132772285	0.193643271509	0.176607565978	0.13526431898	0.188373233107
160218816-buccalmucosa1.freeze11.snv.mod.fix.bam	0.123090121742	0.000245118065201	0.0	0.138369147806	0.198790750878	0.198790750878	0.17391126726	0.190742707738	0.19413350764	0.148582400523	0.19556336302	0.199771223139	0.199485252063	0.189108587303	0.185309257292	0.128972955307	0.120965765177	0.199076721954	0.136489909306	0.156344472588	0.159612713457	0.162349865185	0.171010703489	0.176566712967	0.113489664188	0.126930304763	0.194542037748	0.177547185228	0.136612468339	0.190497589672
160319967-supragingivalplaque3.freeze11.snv.mod.fix.bam	0.133466786502	0.137266116513	0.138369147806	0.0	0.211986273388	0.211782008334	0.187964702999	0.206552822943	0.210025328867	0.167987580685	0.20544979165	0.209739357791	0.209330827682	0.199607811096	0.203243729063	0.149195195686	0.144251981371	0.209330827682	0.154873764196	0.178405098456	0.171378380587	0.174319797369	0.180120924912	0.185962905466	0.127543099926	0.144006863306	0.210311299943	0.194092654629	0.149440313751	0.20875888553
160380657-supragingivalplaque1.freeze11.snv.mod.fix.bam	0.189557970422	0.195645069042	0.198790750878	0.211986273388	0.0	0.0	0.182653811586	0.200669989378	0.204224201324	0.206103439824	0.207124765095	0.211945420377	0.211496037258	0.211005801128	0.192090857096	0.20312117003	0.190129912575	0.209575945747	0.216194133508	0.181509927282	0.206675381976	0.217174605768	0.195236538933	0.201813873682	0.189598823433	0.212476509519	0.207206471117	0.18943541139	0.204142495302	0.202753492932
160380657-supragingivalplaque3.freeze11.snv.mod.fix.bam	0.189639676444	0.195604216031	0.198790750878	0.211782008334	0.0	0.0	0.182694664597	0.200669989378	0.204142495302	0.206185145845	0.207165618106	0.211986273388	0.211496037258	0.210964948117	0.191927445053	0.203202876052	0.190252471607	0.209616798758	0.216480104584	0.181591633303	0.206634528965	0.217092899747	0.195440803987	0.201854726693	0.189557970422	0.212476509519	0.207288177139	0.189271999346	0.204428466378	0.202794345943
160582958-supragingivalplaque1.freeze11.snv.mod.fix.bam	0.175913064793	0.173952120271	0.17391126726	0.187964702999	0.182653811586	0.182694664597	0.0	0.000122559032601	0.000122559032601	0.186575700629	0.168763787891	0.172113734782	0.171827763706	0.176199035869	0.158060299044	0.181346515238	0.175749652749	0.16872293488	0.190742707738	0.162635836261	0.181959310401	0.185554375357	0.171337527576	0.176566712967	0.168273551761	0.186371435575	0.170847291445	0.14939946074	0.186085464499	0.177833156304
160582958-supragingivalplaque2.freeze11.snv.mod.fix.bam	0.190007353542	0.190824413759	0.190742707738	0.206552822943	0.200669989378	0.200669989378	0.000122559032601	0.0	4.08530108669e-05	0.204183348313	0.185595228368	0.189557970422	0.189231146335	0.19368412452	0.173175913065	0.199566958085	0.190129912575	0.186330582564	0.210393005965	0.17717950813	0.199526105074	0.205122967563	0.187882996977	0.193847536563	0.181591633303	0.204673584443	0.186984230738	0.162717542283	0.203733965193	0.194787155813
160582958-supragingivalplaque3.freeze11.snv.mod.fix.bam	0.193439006455	0.194010948607	0.19413350764	0.210025328867	0.204224201324	0.204142495302	0.000122559032601	4.08530108669e-05	0.0	0.207492442193	0.188332380096	0.19274450527	0.192335975161	0.197115777433	0.176811831032	0.202753492932	0.194051801618	0.18943541139	0.21394721791	0.180284336956	0.202876051965	0.208677179508	0.191028678814	0.197320042487	0.185104992238	0.208513767465	0.190415883651	0.166271754228	0.207206471117	0.198218808726
160704339-supragingivalplaque1.freeze11.snv.mod.fix.bam	0.146825721056	0.146703162023	0.148582400523	0.167987580685	0.206103439824	0.206185145845	0.186575700629	0.204183348313	0.207492442193	0.0	0.199117574965	0.203652259172	0.203162023041	0.192703652259	0.195767628074	0.15740665087	0.145273306643	0.206103439824	0.168518669826	0.169458289076	0.176076476836	0.176893537054	0.167987580685	0.173012501021	0.149113489664	0.166067489174	0.202835198954	0.185554375357	0.0821554048533	0.203979083258
508703490-supragingivalplaque1.freeze11.snv.mod.fix.bam	0.187433613857	0.194419478716	0.19556336302	0.20544979165	0.207124765095	0.207165618106	0.168763787891	0.185595228368	0.188332380096	0.199117574965	0.0	0.000122559032601	0.0	0.200098047226	0.17909959964	0.201119372498	0.186003758477	0.192621946237	0.210270446932	0.167088814446	0.201895579704	0.210556418008	0.169294877032	0.174524062423	0.181223956206	0.203407141106	0.114225018384	0.182204428466	0.201201078519	0.199403546041
508703490-supragingivalplaque2.freeze11.snv.mod.fix.bam	0.191151237846	0.198749897867	0.199771223139	0.209739357791	0.211945420377	0.211986273388	0.172113734782	0.189557970422	0.19274450527	0.203652259172	0.000122559032601	0.0	0.0	0.204101642291	0.183470871803	0.205572350682	0.190456736661	0.197320042487	0.21537707329	0.171460086608	0.206307704878	0.214968543182	0.173788708228	0.179385570717	0.185145845249	0.208186943378	0.117656671297	0.186493994607	0.206021733802	0.203897377237
508703490-supragingivalplaque3.freeze11.snv.mod.fix.bam	0.190661001716	0.19838222077	0.199485252063	0.209330827682	0.211496037258	0.211496037258	0.171827763706	0.189231146335	0.192335975161	0.203162023041	0.0	0.0	0.0	0.20357055315	0.183062341695	0.20500040853	0.190048206553	0.1969932184	0.214845984149	0.171010703489	0.205899174769	0.214478307051	0.173339325108	0.178977040608	0.18473731514	0.207778413269	0.117248141188	0.185962905466	0.205490644661	0.203407141106
517810313-supragingivalplaque2.freeze11.snv.mod.fix.bam	0.182898929651	0.187311054825	0.189108587303	0.199607811096	0.211005801128	0.210964948117	0.176199035869	0.19368412452	0.197115777433	0.192703652259	0.200098047226	0.204101642291	0.20357055315	0.0	0.189108587303	0.192581093227	0.18379769589	0.192131710107	0.204796143476	0.178936187597	0.198995015933	0.204346760356	0.196176158183	0.202304109813	0.177465479206	0.200833401422	0.199607811096	0.18048860201	0.197524307541	0.195767628074
663835652-supragingivalplaque3.freeze11.snv.mod.fix.bam	0.181346515238	0.184206225999	0.185309257292	0.203243729063	0.192090857096	0.191927445053	0.158060299044	0.173175913065	0.176811831032	0.195767628074	0.17909959964	0.183470871803	0.183062341695	0.189108587303	0.0	0.194419478716	0.18379769589	0.176770978021	0.201977285726	0.169294877032	0.190089059564	0.199566958085	0.183021488684	0.188863469238	0.17905874663	0.201650461639	0.177342920173	0.166476019283	0.194787155813	0.188945175259
686765762-supragingivalplaque3.freeze11.snv.mod.fix.bam	0.136081379198	0.125623008416	0.128972955307	0.149195195686	0.20312117003	0.203202876052	0.181346515238	0.199566958085	0.202753492932	0.15740665087	0.201119372498	0.205572350682	0.20500040853	0.192581093227	0.194419478716	0.0	0.142985538034	0.201813873682	0.156793855707	0.172317999837	0.170561320369	0.174033826293	0.177138655119	0.183062341695	0.108505596862	0.121741972383	0.204183348313	0.182531252553	0.145926954817	0.196788953346
706846339-supragingivalplaque1.freeze11.snv.mod.fix.bam	0.12533703734	0.117493259253	0.120965765177	0.144251981371	0.190129912575	0.190252471607	0.175749652749	0.190129912575	0.194051801618	0.145273306643	0.186003758477	0.190456736661	0.190048206553	0.18379769589	0.18379769589	0.142985538034	0.0	0.196666394313	0.138777677915	0.152259171501	0.156548737642	0.162186453142	0.161982188087	0.165781518098	0.124356565079	0.137715499632	0.189598823433	0.17530026963	0.13477408285	0.185431816325
737052003-supragingivalplaque2.freeze11.snv.mod.fix.bam	0.193112182368	0.198463926791	0.199076721954	0.209330827682	0.209575945747	0.209616798758	0.16872293488	0.186330582564	0.18943541139	0.206103439824	0.192621946237	0.197320042487	0.1969932184	0.192131710107	0.176770978021	0.201813873682	0.196666394313	0.0	0.212190538443	0.178854481575	0.2045101724	0.206103439824	0.192989623335	0.199485252063	0.186003758477	0.209902769834	0.1988724569	0.177261214151	0.207165618106	0.198300514748
763557224-supragingivalplaque3.freeze11.snv.mod.fix.bam	0.126440068633	0.134978347904	0.136489909306	0.154873764196	0.216194133508	0.216480104584	0.190742707738	0.210393005965	0.21394721791	0.168518669826	0.210270446932	0.21537707329	0.214845984149	0.204796143476	0.201977285726	0.156793855707	0.138777677915	0.212190538443	0.0	0.184124519977	0.166190048207	0.169254024022	0.181836751369	0.188168968053	0.129013808318	0.145109894599	0.213211863714	0.195808481085	0.148786665577	0.210270446932
763759525-supragingivalplaque2.freeze11.snv.mod.fix.bam	0.157692621946	0.156017648501	0.156344472588	0.178405098456	0.181509927282	0.181591633303	0.162635836261	0.17717950813	0.180284336956	0.169458289076	0.167088814446	0.171460086608	0.171010703489	0.178936187597	0.169294877032	0.172317999837	0.152259171501	0.178854481575	0.184124519977	0.0	0.176893537054	0.179017893619	0.16447422175	0.169785113163	0.161042568837	0.180080071901	0.178731922543	0.158877359261	0.176770978021	0.177833156304
763921366-supragingivalplaque3.freeze11.snv.mod.fix.bam	0.0840346433532	0.157896887001	0.159612713457	0.171378380587	0.206675381976	0.206634528965	0.181959310401	0.199526105074	0.202876051965	0.176076476836	0.201895579704	0.206307704878	0.205899174769	0.198995015933	0.190089059564	0.170561320369	0.156548737642	0.2045101724	0.166190048207	0.176893537054	0.0	0.135427731024	0.190620148705	0.196788953346	0.153893291936	0.172358852847	0.208064384345	0.187597025901	0.158836506251	0.208105237356
763982056-supragingivalplaque3.freeze11.snv.mod.fix.bam	0.0879973854073	0.160756597761	0.162349865185	0.174319797369	0.217174605768	0.217092899747	0.185554375357	0.205122967563	0.208677179508	0.176893537054	0.210556418008	0.214968543182	0.214478307051	0.204346760356	0.199566958085	0.174033826293	0.162186453142	0.206103439824	0.169254024022	0.179017893619	0.135427731024	0.0	0.192131710107	0.198096249694	0.153770732903	0.173135060054	0.213416128769	0.194950567857	0.164678486804	0.211332625214
764649650-supragingivalplaque1.freeze11.snv.mod.fix.bam	0.163575455511	0.169008905956	0.171010703489	0.180120924912	0.195236538933	0.195440803987	0.171337527576	0.187882996977	0.191028678814	0.167987580685	0.169294877032	0.173788708228	0.173339325108	0.196176158183	0.183021488684	0.177138655119	0.161982188087	0.192989623335	0.181836751369	0.16447422175	0.190620148705	0.192131710107	0.0	0.000285971076068	0.164801045837	0.18379769589	0.168600375848	0.181019691151	0.156875561729	0.190252471607
764649650-supragingivalplaque2.freeze11.snv.mod.fix.bam	0.168150992728	0.174646621456	0.176566712967	0.185962905466	0.201813873682	0.201854726693	0.176566712967	0.193847536563	0.197320042487	0.173012501021	0.174524062423	0.179385570717	0.178977040608	0.202304109813	0.188863469238	0.183062341695	0.165781518098	0.199485252063	0.188168968053	0.169785113163	0.196788953346	0.198096249694	0.000285971076068	0.0	0.168436963804	0.189353705368	0.173461884141	0.185799493423	0.161737070022	0.195359097966
765074482-supragingivalplaque1.freeze11.snv.mod.fix.bam	0.117656671297	0.111324454612	0.113489664188	0.127543099926	0.189598823433	0.189557970422	0.168273551761	0.181591633303	0.185104992238	0.149113489664	0.181223956206	0.185145845249	0.18473731514	0.177465479206	0.17905874663	0.108505596862	0.124356565079	0.186003758477	0.129013808318	0.161042568837	0.153893291936	0.153770732903	0.164801045837	0.168436963804	0.0	4.08530108669e-05	0.189149440314	0.174605768445	0.130116839611	0.183920254923
765074482-supragingivalplaque3.freeze11.snv.mod.fix.bam	0.130607075741	0.125132772285	0.126930304763	0.144006863306	0.212476509519	0.212476509519	0.186371435575	0.204673584443	0.208513767465	0.166067489174	0.203407141106	0.208186943378	0.207778413269	0.200833401422	0.201650461639	0.121741972383	0.137715499632	0.209902769834	0.145109894599	0.180080071901	0.172358852847	0.173135060054	0.18379769589	0.189353705368	4.08530108669e-05	0.0	0.211904567367	0.196911512378	0.146253778904	0.207574148215
765155402-subgingivalplaque3.freeze11.snv.mod.fix.bam	0.192540240216	0.193643271509	0.194542037748	0.210311299943	0.207206471117	0.207288177139	0.170847291445	0.186984230738	0.190415883651	0.202835198954	0.114225018384	0.117656671297	0.117248141188	0.199607811096	0.177342920173	0.204183348313	0.189598823433	0.1988724569	0.213211863714	0.178731922543	0.208064384345	0.213416128769	0.168600375848	0.173461884141	0.189149440314	0.211904567367	0.0	0.181591633303	0.204796143476	0.19462374377
765195863-supragingivalplaque3.freeze11.snv.mod.fix.bam	0.174115532315	0.176607565978	0.177547185228	0.194092654629	0.18943541139	0.189271999346	0.14939946074	0.162717542283	0.166271754228	0.185554375357	0.182204428466	0.186493994607	0.185962905466	0.18048860201	0.166476019283	0.182531252553	0.17530026963	0.177261214151	0.195808481085	0.158877359261	0.187597025901	0.194950567857	0.181019691151	0.185799493423	0.174605768445	0.196911512378	0.181591633303	0.0	0.189639676444	0.175341122641
823052294-supragingivalplaque3.freeze11.snv.mod.fix.bam	0.125214478307	0.13526431898	0.136612468339	0.149440313751	0.204142495302	0.204428466378	0.186085464499	0.203733965193	0.207206471117	0.0821554048533	0.201201078519	0.206021733802	0.205490644661	0.197524307541	0.194787155813	0.145926954817	0.13477408285	0.207165618106	0.148786665577	0.176770978021	0.158836506251	0.164678486804	0.156875561729	0.161737070022	0.130116839611	0.146253778904	0.204796143476	0.189639676444	0.0	0.206225998856
863126187-supragingivalplaque3.freeze11.snv.mod.fix.bam	0.187801290955	0.188373233107	0.190497589672	0.20875888553	0.202753492932	0.202794345943	0.177833156304	0.194787155813	0.198218808726	0.203979083258	0.199403546041	0.203897377237	0.203407141106	0.195767628074	0.188945175259	0.196788953346	0.185431816325	0.198300514748	0.210270446932	0.177833156304	0.208105237356	0.211332625214	0.190252471607	0.195359097966	0.183920254923	0.207574148215	0.19462374377	0.175341122641	0.206225998856	0.0
