	158499257-supragingivalplaque1.freeze11.snv.mod.fix.bam	158883629-supragingivalplaque3.freeze11.snv.mod.fix.bam	158944319-supragingivalplaque3.freeze11.snv.mod.fix.bam	159207311-supragingivalplaque1.freeze11.snv.mod.fix.bam	159268001-supragingivalplaque3.freeze11.snv.mod.fix.bam	517810313-supragingivalplaque2.freeze11.snv.mod.fix.bam	550534656-supragingivalplaque3.freeze11.snv.mod.fix.bam	763759525-supragingivalplaque1.freeze11.snv.mod.fix.bam	763901136-supragingivalplaque1.freeze11.snv.mod.fix.bam	764062976-supragingivalplaque2.freeze11.snv.mod.fix.bam	764305738-supragingivalplaque1.freeze11.snv.mod.fix.bam	764325968-supragingivalplaque1.freeze11.snv.mod.fix.bam	764366428-supragingivalplaque2.freeze11.snv.mod.fix.bam	764487809-supragingivalplaque1.freeze11.snv.mod.fix.bam	764508039-supragingivalplaque3.freeze11.snv.mod.fix.bam	764588959-supragingivalplaque1.freeze11.snv.mod.fix.bam	764649650-supragingivalplaque2.freeze11.snv.mod.fix.bam	765094712-supragingivalplaque1.freeze11.snv.mod.fix.bam	765155402-supragingivalplaque3.freeze11.snv.mod.fix.bam	863126187-supragingivalplaque3.freeze11.snv.mod.fix.bam
158499257-supragingivalplaque1.freeze11.snv.mod.fix.bam	0.0	0.0735457203347	0.115989515072	0.0775783849178	0.123147494707	0.0862990220788	0.050055449138	0.0888698457506	0.0912390361932	0.079342675673	0.073948986793	0.0805524750479	0.0726383708035	0.101623147495	0.0846859562456	0.114477265853	0.0956245589273	0.107268877911	0.0624054844238	0.0870551466882
158883629-supragingivalplaque3.freeze11.snv.mod.fix.bam	0.0735457203347	0.0	0.0907853614276	0.0746547030951	0.101875189031	0.0918439358806	0.0520717814296	0.079695533824	0.07289041234	0.0777296098397	0.0559532210908	0.056860570622	0.0771247101522	0.09260006049	0.0661861074705	0.108176227442	0.0471317673153	0.10802500252	0.0798467587458	0.0691601976006
158944319-supragingivalplaque3.freeze11.snv.mod.fix.bam	0.115989515072	0.0907853614276	0.0	0.110545417885	0.112763383406	0.124508519004	0.0667405988507	0.110898276036	0.116896864603	0.10525254562	0.0737977618712	0.106260711765	0.11472930739	0.124659743926	0.12178647041	0.136354471217	0.123147494707	0.125315051921	0.107974594213	0.116493598145
159207311-supragingivalplaque1.freeze11.snv.mod.fix.bam	0.0775783849178	0.0746547030951	0.110545417885	0.0	0.117199314447	0.094868434318	0.0574150620022	0.0884665792923	0.0849884060893	0.079695533824	0.0725375541889	0.0823671741103	0.0814094162718	0.0877608629902	0.0949692509326	0.0617501764291	0.094868434318	0.0901300534328	0.0830224821051	0.0873575965319
159268001-supragingivalplaque3.freeze11.snv.mod.fix.bam	0.123147494707	0.101875189031	0.112763383406	0.117199314447	0.0	0.130809557415	0.108680310515	0.125365460228	0.125970359915	0.115435023692	0.0963806835366	0.122088920254	0.123449944551	0.131817723561	0.131716906946	0.145024700071	0.131868131868	0.125113418691	0.124609335619	0.128591591894
517810313-supragingivalplaque2.freeze11.snv.mod.fix.bam	0.0862990220788	0.0918439358806	0.124508519004	0.094868434318	0.130809557415	0.0	0.0754612360117	0.100766206271	0.0965319084585	0.0987498739792	0.0901804617401	0.0958766004638	0.0995059985886	0.118661155358	0.103891521323	0.128440366972	0.111049500958	0.116241556609	0.0860973888497	0.0981449742918
550534656-supragingivalplaque3.freeze11.snv.mod.fix.bam	0.050055449138	0.0520717814296	0.0667405988507	0.0574150620022	0.108680310515	0.0754612360117	0.0	0.0579191450751	0.0759653190846	0.0530295392681	0.0504587155963	0.0573646536949	0.0641193668717	0.0815606411937	0.0736465369493	0.0890210706724	0.0671942736163	0.0920959774171	0.0482407500756	0.0611956850489
763759525-supragingivalplaque1.freeze11.snv.mod.fix.bam	0.0888698457506	0.079695533824	0.110898276036	0.0884665792923	0.125365460228	0.100766206271	0.0579191450751	0.0	0.0957757838492	0.0876096380684	0.077780018147	0.0853916725476	0.0852908559331	0.104950095776	0.0989010989011	0.113670732937	0.0970359915314	0.109839701583	0.0923984272608	0.073243270491
763901136-supragingivalplaque1.freeze11.snv.mod.fix.bam	0.0912390361932	0.07289041234	0.116896864603	0.0849884060893	0.125970359915	0.0965319084585	0.0759653190846	0.0957757838492	0.0	0.100060489969	0.0786369593709	0.0714789797359	0.10041334812	0.106512753302	0.0938098598649	0.111251134187	0.0945659844742	0.118560338744	0.0968847666095	0.089121887287
764062976-supragingivalplaque2.freeze11.snv.mod.fix.bam	0.079342675673	0.0777296098397	0.10525254562	0.079695533824	0.115435023692	0.0987498739792	0.0530295392681	0.0876096380684	0.100060489969	0.0	0.067849581611	0.0832241153342	0.0867526968444	0.102379272104	0.102228047182	0.113721141244	0.0951708841617	0.101068656115	0.0590785361428	0.0937594515576
764305738-supragingivalplaque1.freeze11.snv.mod.fix.bam	0.073948986793	0.0559532210908	0.0737977618712	0.0725375541889	0.0963806835366	0.0901804617401	0.0504587155963	0.077780018147	0.0786369593709	0.067849581611	0.0	0.0746042947878	0.0778304264543	0.096783949995	0.0857445306987	0.106260711765	0.0826192156467	0.104244379474	0.0641697751789	0.0782841012199
764325968-supragingivalplaque1.freeze11.snv.mod.fix.bam	0.0805524750479	0.056860570622	0.106260711765	0.0823671741103	0.122088920254	0.0958766004638	0.0573646536949	0.0853916725476	0.0714789797359	0.0832241153342	0.0746042947878	0.0	0.0815102328864	0.0911886278859	0.0723863292671	0.115233390463	0.0675975400746	0.113217058171	0.0844339147091	0.0710253049703
764366428-supragingivalplaque2.freeze11.snv.mod.fix.bam	0.0726383708035	0.0771247101522	0.11472930739	0.0814094162718	0.123449944551	0.0995059985886	0.0641193668717	0.0852908559331	0.10041334812	0.0867526968444	0.0778304264543	0.0815102328864	0.0	0.100614981349	0.0891722955943	0.113872366166	0.0940619014014	0.108176227442	0.0866014719226	0.0846355479383
764487809-supragingivalplaque1.freeze11.snv.mod.fix.bam	0.101623147495	0.09260006049	0.124659743926	0.0877608629902	0.131817723561	0.118661155358	0.0815606411937	0.104950095776	0.106512753302	0.102379272104	0.096783949995	0.0911886278859	0.100614981349	0.0	0.110545417885	0.11472930739	0.105454178849	0.112410525255	0.104244379474	0.107218469604
764508039-supragingivalplaque3.freeze11.snv.mod.fix.bam	0.0846859562456	0.0661861074705	0.12178647041	0.0949692509326	0.131716906946	0.103891521323	0.0736465369493	0.0989010989011	0.0938098598649	0.102228047182	0.0857445306987	0.0723863292671	0.0891722955943	0.110545417885	0.0	0.127835467285	0.0729912289545	0.121685653796	0.0953725173909	0.0680008065329
764588959-supragingivalplaque1.freeze11.snv.mod.fix.bam	0.114477265853	0.108176227442	0.136354471217	0.0617501764291	0.145024700071	0.128440366972	0.0890210706724	0.113670732937	0.111251134187	0.113721141244	0.106260711765	0.115233390463	0.113872366166	0.11472930739	0.127835467285	0.0	0.124558927311	0.107974594213	0.113771549551	0.117602580905
764649650-supragingivalplaque2.freeze11.snv.mod.fix.bam	0.0956245589273	0.0471317673153	0.123147494707	0.094868434318	0.131868131868	0.111049500958	0.0671942736163	0.0970359915314	0.0945659844742	0.0951708841617	0.0826192156467	0.0675975400746	0.0940619014014	0.105454178849	0.0729912289545	0.124558927311	0.0	0.116947272911	0.0995059985886	0.0765702187721
765094712-supragingivalplaque1.freeze11.snv.mod.fix.bam	0.107268877911	0.10802500252	0.125315051921	0.0901300534328	0.125113418691	0.116241556609	0.0920959774171	0.109839701583	0.118560338744	0.101068656115	0.104244379474	0.113217058171	0.108176227442	0.112410525255	0.121685653796	0.107974594213	0.116947272911	0.0	0.104294787781	0.114527674161
765155402-supragingivalplaque3.freeze11.snv.mod.fix.bam	0.0624054844238	0.0798467587458	0.107974594213	0.0830224821051	0.124609335619	0.0860973888497	0.0482407500756	0.0923984272608	0.0968847666095	0.0590785361428	0.0641697751789	0.0844339147091	0.0866014719226	0.104244379474	0.0953725173909	0.113771549551	0.0995059985886	0.104294787781	0.0	0.0888194374433
863126187-supragingivalplaque3.freeze11.snv.mod.fix.bam	0.0870551466882	0.0691601976006	0.116493598145	0.0873575965319	0.128591591894	0.0981449742918	0.0611956850489	0.073243270491	0.089121887287	0.0937594515576	0.0782841012199	0.0710253049703	0.0846355479383	0.107218469604	0.0680008065329	0.117602580905	0.0765702187721	0.114527674161	0.0888194374433	0.0
