	147406386-tonguedorsum3.freeze11.snv.mod.fix.bam	158155345-tonguedorsum2.freeze11.snv.mod.fix.bam	158479027-tonguedorsum2.freeze11.snv.mod.fix.bam	158883629-tonguedorsum1.freeze11.snv.mod.fix.bam	158883629-tonguedorsum2.freeze11.snv.mod.fix.bam	158883629-tonguedorsum3.freeze11.snv.mod.fix.bam	159227541-tonguedorsum3.freeze11.snv.mod.fix.bam	159247771-tonguedorsum2.freeze11.snv.mod.fix.bam	159268001-tonguedorsum1.freeze11.snv.mod.fix.bam	159551223-tonguedorsum1.freeze11.snv.mod.fix.bam	159551223-tonguedorsum2.freeze11.snv.mod.fix.bam	159733294-tonguedorsum1.freeze11.snv.mod.fix.bam	160319967-tonguedorsum2.freeze11.snv.mod.fix.bam	160400887-tonguedorsum1.freeze11.snv.mod.fix.bam	160502038-tonguedorsum3.freeze11.snv.mod.fix.bam	160582958-tonguedorsum2.freeze11.snv.mod.fix.bam	160603188-tonguedorsum3.freeze11.snv.mod.fix.bam	160765029-tonguedorsum1.freeze11.snv.mod.fix.bam	234447334-tonguedorsum2.freeze11.snv.mod.fix.bam	246515023-tonguedorsum1.freeze11.snv.mod.fix.bam	246515023-tonguedorsum2.freeze11.snv.mod.fix.bam	370027359-tonguedorsum3.freeze11.snv.mod.fix.bam	508703490-tonguedorsum2.freeze11.snv.mod.fix.bam	550534656-tonguedorsum2.freeze11.snv.mod.fix.bam	638754422-tonguedorsum1.freeze11.snv.mod.fix.bam	638754422-tonguedorsum2.freeze11.snv.mod.fix.bam	638754422-tonguedorsum3.freeze11.snv.mod.fix.bam	663835652-tonguedorsum2.freeze11.snv.mod.fix.bam	663835652-tonguedorsum3.freeze11.snv.mod.fix.bam	675950834-tonguedorsum2.freeze11.snv.mod.fix.bam	737052003-tonguedorsum1.freeze11.snv.mod.fix.bam	737052003-tonguedorsum2.freeze11.snv.mod.fix.bam	763395383-anteriornares3.freeze11.snv.mod.fix.bam	763395383-tonguedorsum3.freeze11.snv.mod.fix.bam	763536994-tonguedorsum1.freeze11.snv.mod.fix.bam	763536994-tonguedorsum2.freeze11.snv.mod.fix.bam	763536994-tonguedorsum3.freeze11.snv.mod.fix.bam	763577454-tonguedorsum1.freeze11.snv.mod.fix.bam	763577454-tonguedorsum2.freeze11.snv.mod.fix.bam	763759525-tonguedorsum2.freeze11.snv.mod.fix.bam	763901136-tonguedorsum2.freeze11.snv.mod.fix.bam	763982056-tonguedorsum1.freeze11.snv.mod.fix.bam	763982056-tonguedorsum3.freeze11.snv.mod.fix.bam	764143897-tonguedorsum1.freeze11.snv.mod.fix.bam	764143897-tonguedorsum2.freeze11.snv.mod.fix.bam	764224817-tonguedorsum1.freeze11.snv.mod.fix.bam	764285508-tonguedorsum2.freeze11.snv.mod.fix.bam	764325968-tonguedorsum2.freeze11.snv.mod.fix.bam	764366428-throat2.freeze11.snv.mod.fix.bam	764467579-tonguedorsum3.freeze11.snv.mod.fix.bam	764811490-tonguedorsum1.freeze11.snv.mod.fix.bam	764892411-tonguedorsum2.freeze11.snv.mod.fix.bam	765013792-tonguedorsum2.freeze11.snv.mod.fix.bam	765013792-tonguedorsum3.freeze11.snv.mod.fix.bam	765034022-tonguedorsum1.freeze11.snv.mod.fix.bam	765074482-tonguedorsum1.freeze11.snv.mod.fix.bam	765074482-tonguedorsum3.freeze11.snv.mod.fix.bam	765094712-tonguedorsum1.freeze11.snv.mod.fix.bam	765094712-tonguedorsum2.freeze11.snv.mod.fix.bam	765135172-tonguedorsum1.freeze11.snv.mod.fix.bam	765195863-palatinetonsils3.freeze11.snv.mod.fix.bam	765195863-tonguedorsum3.freeze11.snv.mod.fix.bam	765620695-tonguedorsum1.freeze11.snv.mod.fix.bam	823052294-tonguedorsum1.freeze11.snv.mod.fix.bam	823052294-tonguedorsum3.freeze11.snv.mod.fix.bam	857980665-tonguedorsum3.freeze11.snv.mod.fix.bam	863126187-tonguedorsum3.freeze11.snv.mod.fix.bam
147406386-tonguedorsum3.freeze11.snv.mod.fix.bam	0.0	0.115010149474	0.0893227532755	0.0894999077321	0.102387894445	0.0794168665805	0.0732976563942	0.110876545488	0.0569477763425	0.061686658055	0.0932422956265	0.066912714523	0.0853146336963	0.0534415943901	0.059952020668	0.0794390108876	0.0658645506551	0.0647647167374	0.0573906624839	0.0567410961432	0.0661819523897	0.0705074737036	0.081638678723	0.0438162022513	0.0401845358922	0.0401328658424	0.053515408747	0.0989850525927	0.0438309651227	0.0404724118841	0.0618121424617	0.0614947407271	0.0841483668574	0.0960546226241	0.0721535338623	0.0732607492157	0.10184904964	0.0686399704743	0.0601882266101	0.0864661376638	0.0984831149659	0.054940025835	0.0452851079535	0.0939582948884	0.0707436796457	0.0435504705665	0.0929839453774	0.0512493079904	0.111031555638	0.0579073629821	0.0508949990773	0.0503192470936	0.0936187488467	0.0944159439011	0.0605499169588	0.0624321830596	0.0796752168297	0.0754013655656	0.113113120502	0.0637313157409	0.0929175124562	0.0769219413176	0.113290274958	0.0884886510426	0.0874995386603	0.0986897951652	0.0440893153718
158155345-tonguedorsum2.freeze11.snv.mod.fix.bam	0.115010149474	0.0	0.1409928031	0.13696992065	0.149186196715	0.124096696808	0.130429968629	0.155630190072	0.111828750692	0.112965491788	0.147488466507	0.119830226979	0.1409928031	0.108049455619	0.114604170511	0.128569846835	0.112840007381	0.109105000923	0.114449160362	0.11453773759	0.123520944824	0.124687211663	0.136172725595	0.102306698653	0.0997231961617	0.0982247647167	0.108256135818	0.145886694962	0.107296549179	0.100978040229	0.115408747001	0.112995017531	0.134873592914	0.14136925632	0.122531832441	0.128318878022	0.14960693855	0.104801623916	0.0990810112567	0.135604355047	0.1432884296	0.112478317033	0.105709540506	0.146019560805	0.121276988374	0.100092267946	0.141708802362	0.10618195239	0.154139140063	0.110116257612	0.125469643846	0.108617826167	0.151075844252	0.15025650489	0.115224211109	0.123041151504	0.148049455619	0.124583871563	0.158147259642	0.118257981177	0.152389739804	0.142402657317	0.152648090054	0.138505259273	0.14008488651	0.147495847942	0.10313341945
158479027-tonguedorsum2.freeze11.snv.mod.fix.bam	0.0893227532755	0.1409928031	0.0	0.115120871009	0.129307990404	0.103679645691	0.097767115704	0.138844805315	0.0834397490312	0.0865916220705	0.121911791844	0.0923491419081	0.112183059605	0.0798892784647	0.086768776527	0.107990404134	0.0837940579443	0.0890939287691	0.0839859752722	0.0857132312235	0.0941133050378	0.0982616718952	0.106056467983	0.0706108138033	0.0526517807714	0.0501716183798	0.079904041336	0.132659162207	0.082398966599	0.0697988558775	0.0856837054807	0.0883631666359	0.112788337332	0.118789444547	0.0982764347666	0.100601587009	0.128983207234	0.0945266654364	0.0850710463185	0.114737036354	0.128636279756	0.0846281601772	0.0760583133419	0.122052039122	0.097863074368	0.0720575751984	0.121254844067	0.0767816940395	0.137412806791	0.0843181398782	0.102948883558	0.0802583502491	0.13140431814	0.131330503783	0.0892858460971	0.0994353201698	0.123565233438	0.102033585532	0.141302823399	0.0964236944086	0.133412068647	0.117564126223	0.137877837239	0.117291013102	0.115799963093	0.127573353017	0.0741465214984
158883629-tonguedorsum1.freeze11.snv.mod.fix.bam	0.0894999077321	0.13696992065	0.115120871009	0.0	0.000752906440303	5.90514855139e-05	0.0993467429415	0.133906624839	0.0829525742757	0.0851891492895	0.116995755674	0.0922753275512	0.110455803654	0.0812917512456	0.08631850895	0.104506366488	0.0910131020483	0.0892120317402	0.0847757888909	0.0849455619118	0.0928879867134	0.0844288614135	0.10940025835	0.0716442147998	0.06821922864	0.067673002399	0.0802731131205	0.128680568371	0.0807086178262	0.0696955157778	0.0858387156302	0.0869680752906	0.108986897952	0.118317032663	0.0980623731316	0.0997527219044	0.125366303746	0.0935449344898	0.0852998708249	0.10950359845	0.123292120317	0.0851965307252	0.0770031371102	0.118841114597	0.0964827458941	0.0708839269238	0.118302269791	0.0787451559328	0.132806790921	0.0844214799779	0.101627606569	0.078265362613	0.125373685182	0.125115334933	0.0877283631666	0.0987193209079	0.121306514117	0.101169957557	0.13643845728	0.0955157778188	0.130415205758	0.115755674479	0.132799409485	0.113076213323	0.113024543274	0.123137110168	0.0753792212585
158883629-tonguedorsum2.freeze11.snv.mod.fix.bam	0.102387894445	0.149186196715	0.129307990404	0.000752906440303	0.0	0.000656947776342	0.113039306145	0.14645506551	0.0954788706403	0.0966672817863	0.130489020114	0.104786861044	0.124458387156	0.0927920280495	0.0985569293228	0.117246724488	0.102720059051	0.101664513748	0.0970511164421	0.098077136003	0.106049086547	0.0957519837608	0.122214430707	0.0843402841853	0.0809891123824	0.0809817309467	0.0924524820078	0.141605462262	0.0928658424063	0.0823546779849	0.0990367226426	0.0990145783355	0.122494925263	0.131559328289	0.110662483853	0.113312419266	0.139405794427	0.105930983576	0.0981435689242	0.122147997786	0.135847942425	0.0979073629821	0.0895515777819	0.132076028788	0.108883557852	0.0840155010149	0.131544565418	0.0911238235837	0.146359106846	0.0981878575383	0.114013655656	0.091212400812	0.139627237498	0.13895552685	0.100594205573	0.11126776158	0.135301716184	0.113998892785	0.149865288799	0.107377744971	0.143524635542	0.129167743126	0.143997047426	0.126384941871	0.126288983207	0.136217014209	0.0879128990589
158883629-tonguedorsum3.freeze11.snv.mod.fix.bam	0.0794168665805	0.124096696808	0.103679645691	5.90514855139e-05	0.000656947776342	0.0	0.0894851448607	0.121527957188	0.0741686658055	0.0769219413176	0.107001291751	0.08294519284	0.100062742203	0.0730762133235	0.0773943532017	0.0944085624654	0.0816682044658	0.0783834655841	0.0755489942794	0.0755120871009	0.0840893153718	0.0766562096328	0.099619856062	0.0635320169773	0.0600405978963	0.0598265362613	0.0711201328658	0.115615427201	0.0715187303931	0.0616497508765	0.0765971581473	0.077505074737	0.0989924340284	0.105318324414	0.0876988374239	0.0899723196162	0.113127883373	0.0837792950729	0.0754677984868	0.0996715261118	0.111127514302	0.075866396014	0.0680125484407	0.108182321462	0.0864070861783	0.062446945931	0.107023436058	0.0701974534047	0.120435504706	0.0746263148182	0.0917217198745	0.0696733714708	0.113585532386	0.113113120502	0.0785310942978	0.089145598819	0.110662483853	0.0908580918989	0.124783170327	0.0855434582026	0.117113858646	0.104580180845	0.120649566341	0.102985790736	0.103162945193	0.11159254475	0.066270529618
159227541-tonguedorsum3.freeze11.snv.mod.fix.bam	0.0732976563942	0.130429968629	0.097767115704	0.0993467429415	0.113039306145	0.0894851448607	0.0	0.120789813619	0.0667650858092	0.0663148182321	0.0955748293043	0.0766635910685	0.0968591991142	0.0641742018823	0.0702491234545	0.0931389555268	0.0774238789445	0.0753496955158	0.0688023620594	0.068123269976	0.0762649935412	0.0811662668389	0.0932053884481	0.0532275327551	0.0402066801993	0.0436759549732	0.0580549916959	0.11924709356	0.0640930060897	0.0489463000554	0.0715482561358	0.0740874700129	0.0969256320354	0.110448422218	0.083705480716	0.084251706957	0.115977117549	0.0783391769699	0.0692304853294	0.0982911976379	0.116907178446	0.0688909392877	0.0596715261118	0.106654364274	0.0823472965492	0.0547702528142	0.107540136557	0.0566303746079	0.126392323307	0.0696364642923	0.0875954973242	0.0623066986529	0.11657501384	0.117136002953	0.0725595128252	0.0856246539952	0.110345082118	0.0891751245617	0.130060896844	0.0821332349142	0.121601771545	0.102616718952	0.128865104263	0.101834286769	0.0993984129913	0.107296549179	0.0580918988743
159247771-tonguedorsum2.freeze11.snv.mod.fix.bam	0.110876545488	0.155630190072	0.138844805315	0.133906624839	0.14645506551	0.121527957188	0.120789813619	0.0	0.107732053884	0.0749437165529	0.0874921572246	0.113836501199	0.137427569662	0.100424432552	0.111946853663	0.124022882451	0.109887433106	0.111688503414	0.108056837055	0.109009042259	0.116434766562	0.12332164606	0.129411330504	0.0966599003506	0.071710647721	0.0859642000369	0.0965344159439	0.146949621701	0.0919874515593	0.0891825059974	0.11255213139	0.109916958848	0.128532939657	0.138357630559	0.120811957926	0.126170880236	0.149570031371	0.118095589592	0.109665990035	0.131116442148	0.140690164237	0.107303930615	0.10232884296	0.141908101126	0.117386971766	0.0967410961432	0.142210739989	0.1011994833	0.152456172726	0.111784462078	0.124140985422	0.103974903119	0.146565787046	0.145879313526	0.110086731869	0.120560989112	0.146063849419	0.12326997601	0.154618933383	0.11443439749	0.153061450452	0.141627606569	0.150352463554	0.135929138217	0.137412806791	0.0938254290459	0.0990367226426
159268001-tonguedorsum1.freeze11.snv.mod.fix.bam	0.0569477763425	0.111828750692	0.0834397490312	0.0829525742757	0.0954788706403	0.0741686658055	0.0667650858092	0.107732053884	0.0	0.0554936335117	0.0877136002953	0.0612954419635	0.0794316294519	0.047410961432	0.0534711201329	0.0757852002214	0.0595829488836	0.0609485144861	0.0482007750507	0.0524008119579	0.0542314080089	0.0652002214431	0.0750027680384	0.0398376084148	0.0350175309098	0.0347960878391	0.0463480346927	0.102867687765	0.0509097619487	0.0360214061635	0.0522900904226	0.0472780955896	0.0788854032109	0.0955526849972	0.067148920465	0.0672522605647	0.096460601587	0.0622550286031	0.0539730577597	0.0799778556929	0.0968739619856	0.0529175124562	0.0437497693301	0.0878317032663	0.0669717660085	0.0404650304484	0.088503413914	0.0456320354309	0.106728178631	0.0522384203728	0.0703672264255	0.0437350064588	0.0961062926739	0.0973463738697	0.0575825798118	0.0688687949806	0.0914116995756	0.0734821922864	0.109599557114	0.0655397674848	0.103450821185	0.0850636648828	0.107503229378	0.0823103893707	0.0804355047057	0.0964236944086	0.0428639970474
159551223-tonguedorsum1.freeze11.snv.mod.fix.bam	0.061686658055	0.112965491788	0.0865916220705	0.0851891492895	0.0966672817863	0.0769219413176	0.0663148182321	0.0749437165529	0.0554936335117	0.0	0.00184535892231	0.064203727625	0.079453773759	0.0502454327367	0.058859568186	0.0779848680568	0.0640413360399	0.0647720981731	0.0561431998524	0.0563351171803	0.0614356892416	0.0690090422587	0.0801992987636	0.0448348403765	0.0306993910316	0.035298025466	0.0472116626684	0.103273666728	0.0477209817309	0.035298025466	0.0569846835209	0.0593541243772	0.0789813618749	0.0932422956265	0.0711422771729	0.0712160915298	0.0983354862521	0.0673334563573	0.0592064956634	0.0820151319432	0.0988300424433	0.0583502491235	0.0490348772836	0.086554714892	0.067909208341	0.0461339730578	0.0915371839823	0.0519062557667	0.107326074922	0.0594943716553	0.0761247462631	0.0507547517992	0.0983576305591	0.0990441040782	0.0611551946854	0.0725226056468	0.0941354493449	0.077601033401	0.108359475918	0.0701088761764	0.107259642	0.0897877837239	0.106824137295	0.0824653995202	0.0807971950544	0.0615537922126	0.0492563203543
159551223-tonguedorsum2.freeze11.snv.mod.fix.bam	0.0932422956265	0.147488466507	0.121911791844	0.116995755674	0.130489020114	0.107001291751	0.0955748293043	0.0874921572246	0.0877136002953	0.00184535892231	0.0	0.0968961062927	0.11753460048	0.0803764532202	0.0911754936335	0.111319431629	0.0946521498431	0.0960767669312	0.0880826720797	0.0890274958479	0.0950212216276	0.103384388264	0.113866026942	0.0758221073999	0.0485329396568	0.0601734637387	0.0732459863443	0.135648643661	0.0720206680199	0.0623805130098	0.0901789998155	0.0922679461155	0.113460047979	0.127632404503	0.10452112936	0.105901457834	0.135648643661	0.0996789075475	0.0907178446208	0.116058313342	0.132784646614	0.0899427938734	0.0803690717845	0.123491419081	0.0996862889832	0.0763240450268	0.127610260196	0.0824284923418	0.142911976379	0.0924303377007	0.10832256874	0.0823768222919	0.135323860491	0.135279571877	0.092755120871	0.104336593467	0.130245432737	0.109643845728	0.144513747924	0.100904225872	0.142491234545	0.125440118103	0.141088761764	0.118656578705	0.117505074737	0.075748293043	0.0796456910869
159733294-tonguedorsum1.freeze11.snv.mod.fix.bam	0.066912714523	0.119830226979	0.0923491419081	0.0922753275512	0.104786861044	0.08294519284	0.0766635910685	0.113836501199	0.0612954419635	0.064203727625	0.0968961062927	0.0	0.0836464292305	0.0554714892047	0.058217383281	0.0848200775051	0.0412400811958	0.069429784093	0.0598708248754	0.0615833179553	0.0669496217014	0.0753644583872	0.0806495663407	0.0466432921203	0.0445026757704	0.0437128621517	0.0572725595128	0.109156670973	0.0578704558037	0.031378483115	0.063775604355	0.0651559328289	0.0144159439011	0.102018822661	0.0750101494741	0.0757778187858	0.10356154272	0.072256873962	0.0639232330688	0.0557446023252	0.0932275327551	0.0562022513379	0.0504668758073	0.0965491788153	0.0751651596235	0.0422882450637	0.0955453035615	0.0541502122163	0.066580549917	0.0620557298395	0.0809817309467	0.0559586639601	0.106654364274	0.106861044473	0.0668684259088	0.0764347665621	0.0998708248754	0.0828713784831	0.118752537369	0.0672965491788	0.111503967522	0.0939287691456	0.115194685366	0.091234545119	0.0893006089684	0.101140431814	0.0482524451006
160319967-tonguedorsum2.freeze11.snv.mod.fix.bam	0.0853146336963	0.1409928031	0.112183059605	0.110455803654	0.124458387156	0.100062742203	0.0968591991142	0.137427569662	0.0794316294519	0.079453773759	0.11753460048	0.0836464292305	0.0	0.0731205019376	0.0828935227902	0.105429045949	0.0852555822107	0.0855877468168	0.0796309282155	0.0825835024912	0.0894482376822	0.0950876545488	0.105067355601	0.0667429415021	0.0613175862705	0.0611994832995	0.0756597158147	0.128968444362	0.0763240450268	0.0612511533493	0.079881897029	0.0816017715446	0.105281417236	0.0908211847204	0.0958331795534	0.0973980439195	0.129093928769	0.0934342129544	0.0839638309651	0.108034692748	0.126274220336	0.0812917512456	0.0726776157963	0.115098726702	0.0911238235837	0.0670381989297	0.120405978963	0.0731205019376	0.13553054069	0.083159254475	0.100409669681	0.0760214061635	0.130105185459	0.130474257243	0.0868204465769	0.0956707879683	0.12289352279	0.0996862889832	0.13719136372	0.0923343790367	0.133353017162	0.116087839085	0.130902380513	0.113548625208	0.112079719505	0.123771913637	0.0709282155379
160400887-tonguedorsum1.freeze11.snv.mod.fix.bam	0.0534415943901	0.108049455619	0.0798892784647	0.0812917512456	0.0927920280495	0.0730762133235	0.0641742018823	0.100424432552	0.047410961432	0.0502454327367	0.0803764532202	0.0554714892047	0.0731205019376	0.0	0.0492858460971	0.071614689057	0.0550064587562	0.0569330134711	0.0469090238051	0.048267207972	0.0535227901827	0.0609558959218	0.0608230300794	0.0368481269607	0.0326997601033	0.0329876360952	0.0448569846835	0.0985569293228	0.046554714892	0.032684997232	0.0497951651596	0.0511385864551	0.0732828935228	0.091212400812	0.0629710278649	0.0626167189518	0.0915740911607	0.0605056283447	0.0517955342314	0.0761542720059	0.0943864181583	0.0496327735745	0.0399557113859	0.0813138955527	0.0627495847942	0.037601033401	0.0842738512641	0.0423620594206	0.101029710279	0.0517438641816	0.0651337885219	0.0436316663591	0.0925779664145	0.0936925632035	0.0535670787968	0.0649492526296	0.0871157040044	0.0705591437535	0.102690533309	0.0630153164791	0.0991326813065	0.0804576490127	0.101435689242	0.0751503967522	0.0727661930245	0.088931537184	0.0415353386234
160502038-tonguedorsum3.freeze11.snv.mod.fix.bam	0.059952020668	0.114604170511	0.086768776527	0.08631850895	0.0985569293228	0.0773943532017	0.0702491234545	0.111946853663	0.0534711201329	0.058859568186	0.0911754936335	0.058217383281	0.0828935227902	0.0492858460971	0.0	0.0775936519653	0.0620852555822	0.0626462446946	0.044893891862	0.0544676139509	0.0616276065695	0.0669643845728	0.0779922494925	0.0410703081749	0.0385680014763	0.0378003321646	0.0520612659162	0.105665251891	0.0516405240819	0.0356670972504	0.0564015501015	0.0593836501199	0.0756449529433	0.0976342498616	0.0323602140616	0.0319320907917	0.0446429230485	0.065820262041	0.0571101679277	0.0788927846466	0.0987709909577	0.0531315740912	0.0447831703266	0.0905406901642	0.0690533308729	0.0411662668389	0.0488281970843	0.0480679092083	0.106957003137	0.0455065510242	0.0736298210002	0.0487691455988	0.101258534785	0.102092637018	0.0603137110168	0.071400627422	0.0944233253368	0.0777855692932	0.114943716553	0.0664107768961	0.106314818232	0.0868130651412	0.1115408747	0.0859568186012	0.0742498615981	0.0977818785754	0.0443919542351
160582958-tonguedorsum2.freeze11.snv.mod.fix.bam	0.0794390108876	0.128569846835	0.107990404134	0.104506366488	0.117246724488	0.0944085624654	0.0931389555268	0.124022882451	0.0757852002214	0.0779848680568	0.111319431629	0.0848200775051	0.105429045949	0.071614689057	0.0775936519653	0.0	0.0794168665805	0.0829968628898	0.0748846650674	0.0778446207787	0.0823620594206	0.0905923602141	0.0987783723934	0.0647868610445	0.0594796087839	0.0590957741281	0.0711496586086	0.11962354678	0.0725373685182	0.0604318139878	0.0798080826721	0.0788632589039	0.10195238974	0.112279018269	0.0895663406533	0.092518914929	0.118951836132	0.0864070861783	0.077696992065	0.0888872485698	0.115002768038	0.0764864366119	0.0676139509135	0.111555637572	0.0893301347112	0.0655176231777	0.112581657132	0.0700867318693	0.123417604724	0.0796087839085	0.0925115334933	0.0728990588669	0.118412991327	0.118508949991	0.0804724118841	0.074655840561	0.106971766008	0.0947259642	0.12916036169	0.0858682413729	0.122443255213	0.107709909577	0.123210924525	0.105916220705	0.10570215907	0.116228086363	0.0670455803654
160603188-tonguedorsum3.freeze11.snv.mod.fix.bam	0.0658645506551	0.112840007381	0.0837940579443	0.0910131020483	0.102720059051	0.0816682044658	0.0774238789445	0.109887433106	0.0595829488836	0.0640413360399	0.0946521498431	0.0412400811958	0.0852555822107	0.0550064587562	0.0620852555822	0.0794168665805	0.0	0.0672744048717	0.0599667835394	0.0558331795534	0.0643292120317	0.0739176969921	0.0786344343975	0.0485772282709	0.0451005720613	0.0451817678538	0.057316848127	0.103746078612	0.0570880236206	0.0355785200221	0.063871563019	0.0641446761395	0.0529175124562	0.0972947038199	0.0739693670419	0.0753349326444	0.0995829488836	0.0696659900351	0.0608894630006	0.0586824137295	0.0928806052777	0.050806421849	0.0473961985606	0.0939730577597	0.0737405425355	0.0458608599373	0.0940321092452	0.0495368149105	0.075083963831	0.0630965122716	0.0790847019745	0.0557446023252	0.101679276619	0.102085255582	0.0644694593098	0.0756080457649	0.097553054069	0.080332164606	0.112662852925	0.0687949806237	0.106565787046	0.0921350802731	0.109031186566	0.0875954973242	0.0868204465769	0.0977302085256	0.0485846097066
160765029-tonguedorsum1.freeze11.snv.mod.fix.bam	0.0647647167374	0.109105000923	0.0890939287691	0.0892120317402	0.101664513748	0.0783834655841	0.0753496955158	0.111688503414	0.0609485144861	0.0647720981731	0.0960767669312	0.069429784093	0.0855877468168	0.0569330134711	0.0626462446946	0.0829968628898	0.0672744048717	0.0	0.0611625761211	0.0602103709171	0.0699464845913	0.0730023989666	0.0829156670973	0.0483188780218	0.044797933198	0.0437719136372	0.056888724857	0.1053773759	0.0578040228825	0.0455508396383	0.0624690902381	0.0646023251522	0.0858239527588	0.0947185827643	0.0743605831334	0.0750544380882	0.100262040967	0.0662262410039	0.0586824137295	0.0872264255398	0.100579442702	0.0617309466691	0.0522827089869	0.0944971396937	0.0730909761949	0.048289352279	0.0944085624654	0.0541502122163	0.109223103894	0.0591548256136	0.0787746816756	0.0554124377191	0.101214246171	0.101450452113	0.0669496217014	0.0754899427939	0.0964310758443	0.0782358368703	0.113238604909	0.0723454511903	0.105532386049	0.0906587931353	0.112485698468	0.0909319062558	0.0900756597158	0.100727071415	0.0519431629452
234447334-tonguedorsum2.freeze11.snv.mod.fix.bam	0.0573906624839	0.114449160362	0.0839859752722	0.0847757888909	0.0970511164421	0.0755489942794	0.0688023620594	0.108056837055	0.0482007750507	0.0561431998524	0.0880826720797	0.0598708248754	0.0796309282155	0.0469090238051	0.044893891862	0.0748846650674	0.0599667835394	0.0611625761211	0.0	0.0519579258166	0.0334895737221	0.0666469828382	0.0753054069016	0.0388854032109	0.0253330872855	0.0271563019007	0.0321904410408	0.104875438273	0.0512050193763	0.0358516331426	0.0548145414283	0.0567410961432	0.0779184351356	0.096578704558	0.0580623731316	0.0563794057944	0.0895589592176	0.0651337885219	0.0563055914375	0.0800073814357	0.0938032847389	0.0489684443624	0.0431666359107	0.0896106292674	0.0674515593283	0.0418010703082	0.080642184905	0.0469902195977	0.105901457834	0.0543642738513	0.0709651227164	0.0441188411146	0.099833917697	0.100572061266	0.0597010518546	0.0690238051301	0.0932127698837	0.0747813249677	0.111385864551	0.0610001845359	0.105392138771	0.0856689426093	0.108160177154	0.0835652334379	0.0815131943163	0.0956412622255	0.0420446576859
246515023-tonguedorsum1.freeze11.snv.mod.fix.bam	0.0567410961432	0.11453773759	0.0857132312235	0.0849455619118	0.098077136003	0.0755120871009	0.068123269976	0.109009042259	0.0524008119579	0.0563351171803	0.0890274958479	0.0615833179553	0.0825835024912	0.048267207972	0.0544676139509	0.0778446207787	0.0558331795534	0.0602103709171	0.0519579258166	0.0	0.0457206126592	0.0658276434767	0.07325336778	0.039357815095	0.0353423140801	0.0350396752168	0.0492710832257	0.103650119948	0.0498394537738	0.0360952205204	0.0564753644584	0.0585864550655	0.0813434212954	0.0956929322753	0.0684259088393	0.0685809189887	0.098409300609	0.0641889647536	0.0540025835025	0.0823399151135	0.0971766008489	0.0463554161284	0.0396604539583	0.0908433290275	0.0680642184905	0.0408710094113	0.090784277542	0.043255213139	0.108839269238	0.054179737959	0.0696955157778	0.0458018084517	0.0988743310574	0.0999372577966	0.0573832810482	0.0690385680015	0.0927108322569	0.0739693670419	0.112160915298	0.0638494187119	0.103812511533	0.0849455619118	0.111134895737	0.0842221812142	0.0824358737774	0.0971470751061	0.0424801623916
246515023-tonguedorsum2.freeze11.snv.mod.fix.bam	0.0661819523897	0.123520944824	0.0941133050378	0.0928879867134	0.106049086547	0.0840893153718	0.0762649935412	0.116434766562	0.0542314080089	0.0614356892416	0.0950212216276	0.0669496217014	0.0894482376822	0.0535227901827	0.0616276065695	0.0823620594206	0.0643292120317	0.0699464845913	0.0334895737221	0.0457206126592	0.0	0.0740431813988	0.0805905148551	0.0457427569662	0.0242184904964	0.0266838900166	0.0269200959587	0.113615058129	0.0583281048164	0.0416460601587	0.0632810481639	0.0655766746632	0.0862816017715	0.107023436058	0.0754973242296	0.0754308913084	0.107621332349	0.0724340284185	0.0628455434582	0.0867909208341	0.100786122901	0.0503266285292	0.0485255582211	0.0981657132312	0.0755563757151	0.0484295995571	0.0993024543274	0.0523712862152	0.116124746263	0.0637682229194	0.0786713415759	0.0496253921388	0.108381620225	0.109082856616	0.0656578704558	0.0756744786861	0.101767853848	0.084465768592	0.12160915298	0.0661229009042	0.115357076951	0.0950581288061	0.11743126038	0.0926001107215	0.0903856800148	0.104336593467	0.0477874146521
370027359-tonguedorsum3.freeze11.snv.mod.fix.bam	0.0705074737036	0.124687211663	0.0982616718952	0.0844288614135	0.0957519837608	0.0766562096328	0.0811662668389	0.12332164606	0.0652002214431	0.0690090422587	0.103384388264	0.0753644583872	0.0950876545488	0.0609558959218	0.0669643845728	0.0905923602141	0.0739176969921	0.0730023989666	0.0666469828382	0.0658276434767	0.0740431813988	0.0	0.0904890201144	0.051234545119	0.046222550286	0.0460970658793	0.0608008857723	0.115298025466	0.0618269053331	0.0492489389186	0.0689278464661	0.07030817494	0.0947259642	0.108226610076	0.0808414836686	0.0817494002584	0.112367595497	0.0773205388448	0.0675401365566	0.0978040228825	0.112116626684	0.0657464476841	0.0557815095036	0.10522236575	0.0808710094113	0.0521498431445	0.104653995202	0.0585938365012	0.122657316848	0.0660933751615	0.0817420188227	0.0596346189334	0.11320169773	0.113260749216	0.071186565787	0.080642184905	0.106137663776	0.0870271267762	0.126761395091	0.0771655286953	0.116944085625	0.097981177339	0.124251706957	0.0993541243772	0.0978704558037	0.109739804392	0.0543052223658
508703490-tonguedorsum2.freeze11.snv.mod.fix.bam	0.081638678723	0.136172725595	0.106056467983	0.10940025835	0.122214430707	0.099619856062	0.0932053884481	0.129411330504	0.0750027680384	0.0801992987636	0.113866026942	0.0806495663407	0.105067355601	0.0608230300794	0.0779922494925	0.0987783723934	0.0786344343975	0.0829156670973	0.0753054069016	0.07325336778	0.0805905148551	0.0904890201144	0.0	0.0618195238974	0.0582247647167	0.0573463738697	0.0722273482192	0.129079165898	0.0738069754567	0.0564458387156	0.0786196715261	0.0815131943163	0.0987340837793	0.120346927477	0.0913083594759	0.0903930614505	0.121240081196	0.0888798671342	0.0798154641078	0.100262040967	0.110883926924	0.061568555084	0.0636722642554	0.113452666544	0.0906218859568	0.0635098726702	0.116405240819	0.0674220335855	0.128126960694	0.0787156301901	0.0959955711386	0.0692969182506	0.124362428492	0.125484406717	0.0815648643661	0.0902897213508	0.114021037092	0.0977302085256	0.134083779295	0.0769736113674	0.127322384204	0.109850525927	0.129765639417	0.106602694224	0.10575382912	0.119955711386	0.0612216276066
550534656-tonguedorsum2.freeze11.snv.mod.fix.bam	0.0438162022513	0.102306698653	0.0706108138033	0.0716442147998	0.0843402841853	0.0635320169773	0.0532275327551	0.0966599003506	0.0398376084148	0.0448348403765	0.0758221073999	0.0466432921203	0.0667429415021	0.0368481269607	0.0410703081749	0.0647868610445	0.0485772282709	0.0483188780218	0.0388854032109	0.039357815095	0.0457427569662	0.051234545119	0.0618195238974	0.0	0.0226314818232	0.0220926370179	0.0368481269607	0.0931094297841	0.0373722088946	0.0221073998893	0.0428861413545	0.0457501384019	0.064181583318	0.0853810666175	0.0552131389555	0.0536704188965	0.0860306329581	0.049359660454	0.0407381435689	0.0679313526481	0.0813803284739	0.0336224395645	0.0290164236944	0.0763461893338	0.0546521498431	0.0276434766562	0.0781177338992	0.0342867687765	0.0969182505997	0.0399188042074	0.0565491788153	0.0341612843698	0.0862077874147	0.0880826720797	0.0442812326998	0.0560767669312	0.0798007012364	0.0623805130098	0.101679276619	0.0480014762871	0.0939361505813	0.0727957187673	0.102114781325	0.0712013286584	0.0678649197269	0.083063295811	0.0267429415021
638754422-tonguedorsum1.freeze11.snv.mod.fix.bam	0.0401845358922	0.0997231961617	0.0526517807714	0.06821922864	0.0809891123824	0.0600405978963	0.0402066801993	0.071710647721	0.0350175309098	0.0306993910316	0.0485329396568	0.0445026757704	0.0613175862705	0.0326997601033	0.0385680014763	0.0594796087839	0.0451005720613	0.044797933198	0.0253330872855	0.0353423140801	0.0242184904964	0.046222550286	0.0582247647167	0.0226314818232	0.0	0.000871009411331	0.00333640893154	0.0888651042628	0.0300202989481	0.0170289721351	0.0381029710279	0.0418970289721	0.0607196899797	0.0811072153534	0.0519136372024	0.0505037829858	0.082280863628	0.0471083225687	0.0379036722643	0.0655397674848	0.0838604908655	0.0361837977487	0.0266174570954	0.0722052039122	0.0509319062558	0.0253035615427	0.0754087470013	0.0279608783908	0.0935301716184	0.0366857353755	0.0543642738513	0.0289130835948	0.0806717106477	0.0824284923418	0.0403469274774	0.0520834102233	0.074869902196	0.0580918988743	0.0958996124746	0.050142092637	0.0897877837239	0.0682487543827	0.0971913637202	0.0674220335855	0.064513747924	0.0569477763425	0.0268462816018
638754422-tonguedorsum2.freeze11.snv.mod.fix.bam	0.0401328658424	0.0982247647167	0.0501716183798	0.067673002399	0.0809817309467	0.0598265362613	0.0436759549732	0.0859642000369	0.0347960878391	0.035298025466	0.0601734637387	0.0437128621517	0.0611994832995	0.0329876360952	0.0378003321646	0.0590957741281	0.0451817678538	0.0437719136372	0.0271563019007	0.0350396752168	0.0266838900166	0.0460970658793	0.0573463738697	0.0220926370179	0.000871009411331	0.0	0.00467983022698	0.0872633327182	0.0318951836132	0.0183945377376	0.0382875069201	0.0418970289721	0.0611109060712	0.0799778556929	0.0515740911607	0.0501789998155	0.0820225133789	0.0455803653811	0.0367595497324	0.0650452112936	0.0827163683336	0.0356154272006	0.0262779110537	0.0722494925263	0.0511090607123	0.0244473150028	0.0740800885772	0.0257759734268	0.092659162207	0.0358294888356	0.0538401919173	0.0287285477025	0.0807455250046	0.0826351725411	0.0399335670788	0.0516995755674	0.0742055729839	0.0575161468906	0.0961727255951	0.0492710832257	0.0884369809928	0.0669053330873	0.0962834471305	0.067673002399	0.0647204281233	0.0699317217199	0.0262114781325
638754422-tonguedorsum3.freeze11.snv.mod.fix.bam	0.053515408747	0.108256135818	0.079904041336	0.0802731131205	0.0924524820078	0.0711201328658	0.0580549916959	0.0965344159439	0.0463480346927	0.0472116626684	0.0732459863443	0.0572725595128	0.0756597158147	0.0448569846835	0.0520612659162	0.0711496586086	0.057316848127	0.056888724857	0.0321904410408	0.0492710832257	0.0269200959587	0.0608008857723	0.0722273482192	0.0368481269607	0.00333640893154	0.00467983022698	0.0	0.0970142092637	0.0454474995387	0.0315704004429	0.0523196161653	0.0543864181583	0.0742424801624	0.0911976379406	0.0651116442148	0.0654216645137	0.0937663775604	0.0600258350249	0.0508211847204	0.0760656947776	0.0924672448791	0.0498173094667	0.0403912160915	0.08589038568	0.0644399335671	0.0378224764717	0.0869016423694	0.0373722088946	0.101620225134	0.0500904225872	0.0671636833364	0.0410850710463	0.0913969367042	0.0926886879498	0.053847573353	0.0650009226795	0.0874626314818	0.0702934120686	0.105347850157	0.0617383281048	0.0995534231408	0.0808710094113	0.103591068463	0.0801992987636	0.0785680014763	0.0831444916036	0.0397564126223
663835652-tonguedorsum2.freeze11.snv.mod.fix.bam	0.0989850525927	0.145886694962	0.132659162207	0.128680568371	0.141605462262	0.115615427201	0.11924709356	0.146949621701	0.102867687765	0.103273666728	0.135648643661	0.109156670973	0.128968444362	0.0985569293228	0.105665251891	0.11962354678	0.103746078612	0.1053773759	0.104875438273	0.103650119948	0.113615058129	0.115298025466	0.129079165898	0.0931094297841	0.0888651042628	0.0872633327182	0.0970142092637	0.0	0.0602398966599	0.0904816386787	0.10618195239	0.103377006828	0.126325890386	0.127337147075	0.113866026942	0.119712124008	0.141789998155	0.111998523713	0.104528510795	0.124273851264	0.135360767669	0.10061634988	0.0951836132128	0.137390662484	0.112640708618	0.0901051854586	0.133781140432	0.0961579627237	0.143657501384	0.104447315003	0.108374238789	0.0966599003506	0.127728363167	0.126805683705	0.105532386049	0.113541243772	0.137265178077	0.116124746263	0.150263886326	0.104336593467	0.129337516147	0.121099833918	0.143967521683	0.130105185459	0.131662668389	0.13809928031	0.092112935966
663835652-tonguedorsum3.freeze11.snv.mod.fix.bam	0.0438309651227	0.107296549179	0.082398966599	0.0807086178262	0.0928658424063	0.0715187303931	0.0640930060897	0.0919874515593	0.0509097619487	0.0477209817309	0.0720206680199	0.0578704558037	0.0763240450268	0.046554714892	0.0516405240819	0.0725373685182	0.0570880236206	0.0578040228825	0.0512050193763	0.0498394537738	0.0583281048164	0.0618269053331	0.0738069754567	0.0373722088946	0.0300202989481	0.0318951836132	0.0454474995387	0.0602398966599	0.0	0.0316958848496	0.0530356154272	0.0547628713785	0.0744565417974	0.089359660454	0.0647794796088	0.0654511902565	0.0936704188965	0.0607418342868	0.0521498431445	0.0762502306699	0.0931537183982	0.0498542166451	0.0400295257428	0.0845322015132	0.0625945746448	0.0358147259642	0.0848569846835	0.0434176047241	0.102195977118	0.051212400812	0.0657981177339	0.044133603986	0.0852998708249	0.0871378483115	0.0525779664145	0.045772282709	0.0607787414652	0.070640339546	0.106477209817	0.0619671526112	0.0968296733715	0.0785901457834	0.104749953866	0.0794242480162	0.0773722088946	0.0821332349142	0.0402214430707
675950834-tonguedorsum2.freeze11.snv.mod.fix.bam	0.0404724118841	0.100978040229	0.0697988558775	0.0696955157778	0.0823546779849	0.0616497508765	0.0489463000554	0.0891825059974	0.0360214061635	0.035298025466	0.0623805130098	0.031378483115	0.0612511533493	0.032684997232	0.0356670972504	0.0604318139878	0.0355785200221	0.0455508396383	0.0358516331426	0.0360952205204	0.0416460601587	0.0492489389186	0.0564458387156	0.0221073998893	0.0170289721351	0.0183945377376	0.0315704004429	0.0904816386787	0.0316958848496	0.0	0.0396309282155	0.0418232146152	0.0426277911054	0.0831740173464	0.0521646060159	0.0507030817494	0.0823768222919	0.0479128990589	0.0389370732607	0.0409079165898	0.0767152611183	0.0339767484776	0.0263000553608	0.0719099464846	0.0508507104632	0.0214135449345	0.0739176969921	0.0304853293966	0.0707584425171	0.0386049086547	0.0546964384573	0.0300055360768	0.0828049455619	0.0844952943347	0.0407750507474	0.0510426277911	0.074345820262	0.0588448053146	0.0963794057944	0.0471009411331	0.091758627053	0.0696217014209	0.097220889463	0.0663074367965	0.0632146152427	0.0732755120871	0.0247573353017
737052003-tonguedorsum1.freeze11.snv.mod.fix.bam	0.0618121424617	0.115408747001	0.0856837054807	0.0858387156302	0.0990367226426	0.0765971581473	0.0715482561358	0.11255213139	0.0522900904226	0.0569846835209	0.0901789998155	0.063775604355	0.079881897029	0.0497951651596	0.0564015501015	0.0798080826721	0.063871563019	0.0624690902381	0.0548145414283	0.0564753644584	0.0632810481639	0.0689278464661	0.0786196715261	0.0428861413545	0.0381029710279	0.0382875069201	0.0523196161653	0.10618195239	0.0530356154272	0.0396309282155	0.0	0.0247351909946	0.0812622255029	0.0942461708802	0.07073629821	0.0708101125669	0.100763978594	0.0665584056099	0.0575161468906	0.0854770252814	0.100247278096	0.0558553238605	0.0469459309836	0.0897730208526	0.0681527957188	0.0431961616534	0.0937959033032	0.0497434951098	0.110485329397	0.0559291382174	0.0756154272006	0.050474257243	0.102055729839	0.102904594944	0.0614799778557	0.0721535338623	0.0955379221259	0.0760361690349	0.11416128437	0.0673186934859	0.107030817494	0.0895146706034	0.111651596235	0.0865473334564	0.0842886141354	0.0994131758627	0.0464513747924
737052003-tonguedorsum2.freeze11.snv.mod.fix.bam	0.0614947407271	0.112995017531	0.0883631666359	0.0869680752906	0.0990145783355	0.077505074737	0.0740874700129	0.109916958848	0.0472780955896	0.0593541243772	0.0922679461155	0.0651559328289	0.0816017715446	0.0511385864551	0.0593836501199	0.0788632589039	0.0641446761395	0.0646023251522	0.0567410961432	0.0585864550655	0.0655766746632	0.07030817494	0.0815131943163	0.0457501384019	0.0418970289721	0.0418970289721	0.0543864181583	0.103377006828	0.0547628713785	0.0418232146152	0.0247351909946	0.0	0.0826056467983	0.0945561911792	0.0715630190072	0.0726554714892	0.0994205572984	0.0689647536446	0.0606237313157	0.0851743864182	0.0979885587747	0.0581509503598	0.0489832072338	0.0899354124377	0.0686547333456	0.0462446945931	0.0927698837424	0.0518841114597	0.107569662299	0.0595386602694	0.0755489942794	0.053183244141	0.100195608046	0.100889463001	0.063111275143	0.0730097804023	0.0948883557852	0.0770400442886	0.108979516516	0.0685218675032	0.106137663776	0.0902159069939	0.107887064034	0.0852555822107	0.0840597896291	0.0985200221443	0.04969182506
763395383-anteriornares3.freeze11.snv.mod.fix.bam	0.0841483668574	0.134873592914	0.112788337332	0.108986897952	0.122494925263	0.0989924340284	0.0969256320354	0.128532939657	0.0788854032109	0.0789813618749	0.113460047979	0.0144159439011	0.105281417236	0.0732828935228	0.0756449529433	0.10195238974	0.0529175124562	0.0858239527588	0.0779184351356	0.0813434212954	0.0862816017715	0.0947259642	0.0987340837793	0.064181583318	0.0607196899797	0.0611109060712	0.0742424801624	0.126325890386	0.0744565417974	0.0426277911054	0.0812622255029	0.0826056467983	0.0	0.120878390847	0.0931684812696	0.0957446023252	0.124753644584	0.0853146336963	0.0771286215169	0.065724303377	0.10731131205	0.0727292858461	0.0685218675032	0.116420003691	0.0925262963646	0.0580845174386	0.11453773759	0.0725447499539	0.0723675954973	0.0829304299686	0.0983723934305	0.0744343974903	0.126082303008	0.126237313157	0.0842812326998	0.0938770990958	0.120155010149	0.0995977117549	0.136246539952	0.0812917512456	0.129883742388	0.113718398228	0.132873223842	0.110898689795	0.109459309836	0.119033031925	0.0647868610445
