	158479027-tonguedorsum1.freeze11.snv.mod.fix.bam	158499257-tonguedorsum1.freeze11.snv.mod.fix.bam	158944319-tonguedorsum3.freeze11.snv.mod.fix.bam	159247771-tonguedorsum2.freeze11.snv.mod.fix.bam	159268001-tonguedorsum2.freeze11.snv.mod.fix.bam	159268001-tonguedorsum3.freeze11.snv.mod.fix.bam	159490532-tonguedorsum1.freeze11.snv.mod.fix.bam	159571453-tonguedorsum2.freeze11.snv.mod.fix.bam	159713063-tonguedorsum2.freeze11.snv.mod.fix.bam	159753524-tonguedorsum1.freeze11.snv.mod.fix.bam	159753524-tonguedorsum3.freeze11.snv.mod.fix.bam	159814214-tonguedorsum2.freeze11.snv.mod.fix.bam	159915365-tonguedorsum1.freeze11.snv.mod.fix.bam	160158126-tonguedorsum1.freeze11.snv.mod.fix.bam	160158126-tonguedorsum2.freeze11.snv.mod.fix.bam	160319967-tonguedorsum3.freeze11.snv.mod.fix.bam	160380657-buccalmucosa3.freeze11.snv.mod.fix.bam	160380657-tonguedorsum3.freeze11.snv.mod.fix.bam	160421117-tonguedorsum2.freeze11.snv.mod.fix.bam	160421117-tonguedorsum3.freeze11.snv.mod.fix.bam	160502038-tonguedorsum1.freeze11.snv.mod.fix.bam	160947100-tonguedorsum1.freeze11.snv.mod.fix.bam	234447334-buccalmucosa2.freeze11.snv.mod.fix.bam	338793263-tonguedorsum2.freeze11.snv.mod.fix.bam	604812005-tonguedorsum3.freeze11.snv.mod.fix.bam	686765762-tonguedorsum1.freeze11.snv.mod.fix.bam	686765762-tonguedorsum2.freeze11.snv.mod.fix.bam	763395383-anteriornares3.freeze11.snv.mod.fix.bam	763435843-tonguedorsum1.freeze11.snv.mod.fix.bam	763536994-buccalmucosa3.freeze11.snv.mod.fix.bam	763820215-tonguedorsum2.freeze11.snv.mod.fix.bam	763840445-tonguedorsum1.freeze11.snv.mod.fix.bam	763840445-tonguedorsum2.freeze11.snv.mod.fix.bam	763860675-tonguedorsum1.freeze11.snv.mod.fix.bam	764224817-tonguedorsum2.freeze11.snv.mod.fix.bam	764487809-tonguedorsum1.freeze11.snv.mod.fix.bam	764487809-tonguedorsum2.freeze11.snv.mod.fix.bam	764508039-tonguedorsum1.freeze11.snv.mod.fix.bam	764508039-tonguedorsum3.freeze11.snv.mod.fix.bam	764588959-tonguedorsum2.freeze11.snv.mod.fix.bam	765337473-tonguedorsum1.freeze11.snv.mod.fix.bam	765620695-buccalmucosa1.freeze11.snv.mod.fix.bam	765701615-tonguedorsum2.freeze11.snv.mod.fix.bam	937415040-tonguedorsum1.freeze11.snv.mod.fix.bam	953045535-tonguedorsum2.freeze11.snv.mod.fix.bam
158479027-tonguedorsum1.freeze11.snv.mod.fix.bam	0.0	0.0485485991706	0.065287751593	0.0970466268838	0.0800546171741	0.0340345908769	0.0655406088803	0.0939111965207	0.0782340447052	0.111661778092	0.100384343077	0.0489025993729	0.0472337412764	0.0619500354	0.0518863153636	0.033933447962	0.128653787802	0.0372205926975	0.0836957621119	0.0849094770911	0.0525943157682	0.0316577323758	0.123192070395	0.0382320218469	0.0331243046425	0.0774249013857	0.0600788914737	0.0438960250834	0.02478001416	0.108374633357	0.0730757560433	0.0486497420856	0.0388388793365	0.0436431677961	0.0510266005866	0.063669464954	0.057853747345	0.0258925862243	0.0447557398604	0.0647820370183	0.0335288763022	0.120410640235	0.0555780317589	0.0386871649641	0.0461717406696
158499257-tonguedorsum1.freeze11.snv.mod.fix.bam	0.0485485991706	0.0	0.0647314655608	0.0848589056337	0.0788914736523	0.0745928997674	0.100586628907	0.10412663093	0.07853747345	0.101850915343	0.0926974815414	0.0663497521999	0.0667543238596	0.105390917366	0.0936077677759	0.0428340244766	0.123647213513	0.080914331951	0.06614746637	0.0632143218368	0.0665014665723	0.0612420349954	0.115859209062	0.0476888843936	0.0618488924851	0.0728228987559	0.057853747345	0.0377263072722	0.0466774552443	0.0995751997573	0.0703448973399	0.0845554768888	0.0530494588854	0.0706988975422	0.0870334783048	0.0720137554364	0.0786891878224	0.0432385961363	0.081015474866	0.0558814605037	0.0829371902498	0.12051178315	0.0908263376151	0.0616466066552	0.0731768989582
158944319-tonguedorsum3.freeze11.snv.mod.fix.bam	0.065287751593	0.0647314655608	0.0	0.0839486193992	0.0880954789117	0.0815717608981	0.0942146252655	0.10372205927	0.0863254779003	0.0992717710124	0.0940123394356	0.0761606149489	0.07434004248	0.0956811975321	0.0905229088702	0.0595226054415	0.115050065743	0.0822797613027	0.0808131890361	0.0820269040154	0.0777789015879	0.0764134722363	0.105643774654	0.0616971781127	0.0691311823607	0.0820774754728	0.0693334681906	0.0638717507839	0.0676646100941	0.0918883382219	0.0829371902498	0.0844037625164	0.0687771821584	0.0739860422777	0.0810660463235	0.0712551835744	0.0748963285122	0.0642257509861	0.0830383331648	0.0524931728532	0.0890563366036	0.10331748761	0.0881966218266	0.0753514716294	0.0832911904521
159247771-tonguedorsum2.freeze11.snv.mod.fix.bam	0.0970466268838	0.0848589056337	0.0839486193992	0.0	0.0987660564377	0.117477495701	0.146151512087	0.14068979468	0.108020633155	0.112268635582	0.106554060888	0.104278345302	0.111661778092	0.154495802569	0.143370081926	0.0888540507737	0.155355517346	0.123141498938	0.0952766258724	0.0968443410539	0.0969960554263	0.109891777081	0.138515222009	0.0774754728431	0.104581774047	0.0922423384242	0.0750986143421	0.0795994740568	0.0912309092748	0.11211692121	0.0900171942955	0.125568928897	0.0888034793163	0.105441488824	0.115656923233	0.111813492465	0.117275209872	0.0712551835744	0.114291493881	0.0650854657631	0.128148073227	0.151056943461	0.129968645696	0.11110549206	0.117528067159
159268001-tonguedorsum2.freeze11.snv.mod.fix.bam	0.0800546171741	0.0788914736523	0.0880954789117	0.0987660564377	0.0	0.0613431779104	0.14028522302	0.118893496511	0.09912005664	0.112824921614	0.103368059067	0.0941134823506	0.101294629311	0.143319510468	0.130221502984	0.075199757257	0.137958935977	0.114544351168	0.0956306260746	0.0980580560332	0.0898654799231	0.0951249114999	0.123950642258	0.071963183979	0.0985131991504	0.0882977647416	0.0775766157581	0.0712551835744	0.0811671892384	0.0498634570648	0.0838980479417	0.117932638819	0.0848589056337	0.103014058865	0.117578638616	0.10731263275	0.114493779711	0.0689288965308	0.116870638212	0.0735308991605	0.116263780722	0.141498937999	0.121371497927	0.0964903408516	0.106200060686
159268001-tonguedorsum3.freeze11.snv.mod.fix.bam	0.0340345908769	0.0745928997674	0.0815717608981	0.117477495701	0.0613431779104	0.0	0.0864266208152	0.120006068575	0.105846060483	0.133255790432	0.122888641651	0.0676646100941	0.069384039648	0.0838980479417	0.0732780418732	0.0616466066552	0.149438656822	0.0414180236674	0.103620916355	0.107363204208	0.0731263275008	0.0449580256903	0.138262364721	0.0552746030141	0.0417720238697	0.102558915748	0.0864771922727	0.071002326287	0.0378780216446	0.0994740568423	0.0939617679782	0.0624557499747	0.0564377465359	0.058612319207	0.0641246080712	0.0953271973298	0.0888540507737	0.0370688783251	0.0624557499747	0.0770709011834	0.04136745221	0.137807221604	0.0704460402549	0.0585617477496	0.0630626074643
159490532-tonguedorsum1.freeze11.snv.mod.fix.bam	0.0655406088803	0.100586628907	0.0942146252655	0.146151512087	0.14028522302	0.0864266208152	0.0	0.158996662284	0.126681500961	0.16906038232	0.157884090219	0.0782340447052	0.0800546171741	0.0738848993628	0.0706988975422	0.0749468999697	0.178770102154	0.0658440376252	0.136795792455	0.141043794882	0.0960351977344	0.0721654698088	0.16885809649	0.0845554768888	0.0590168908668	0.139577222616	0.11990492566	0.102761201578	0.0636188934965	0.153888945079	0.1282997876	0.0750986143421	0.0779811874178	0.0772226155558	0.0808131890361	0.105744917569	0.0883989076565	0.0750480428846	0.080914331951	0.0913826236472	0.0798017598867	0.146910083949	0.0799029028017	0.0802569030039	0.0811671892384
159571453-tonguedorsum2.freeze11.snv.mod.fix.bam	0.0939111965207	0.10412663093	0.10372205927	0.14068979468	0.118893496511	0.120006068575	0.158996662284	0.0	0.129867502781	0.139577222616	0.133154647517	0.109740062709	0.108425204814	0.153939516537	0.141144937797	0.0883989076565	0.15747951856	0.129564074037	0.124456356832	0.126630929503	0.102204915546	0.0510266005866	0.148022656013	0.093405481946	0.111864063922	0.115859209062	0.104986345706	0.103014058865	0.0778800445029	0.131789218165	0.115555780318	0.138363507636	0.099221199555	0.114645494083	0.131131789218	0.12789521594	0.134874077071	0.0869323353899	0.135632648933	0.0905229088702	0.122028926874	0.153383230505	0.138616364924	0.10690806109	0.116364923637
159713063-tonguedorsum2.freeze11.snv.mod.fix.bam	0.0782340447052	0.07853747345	0.0863254779003	0.108020633155	0.09912005664	0.105846060483	0.126681500961	0.129867502781	0.0	0.128046930313	0.118994639426	0.0708506119146	0.0979063416608	0.138666936381	0.125771214726	0.0655406088803	0.157024375443	0.111004349145	0.103165773238	0.104986345706	0.0439971679984	0.0886011934864	0.14847779913	0.0499645999798	0.0932537675736	0.102356629918	0.0845049054314	0.0766663295236	0.0485485991706	0.117831495904	0.0699908971377	0.118539496308	0.0847577627187	0.095883483362	0.117123495499	0.0997269141297	0.105492060281	0.0403560230606	0.113937493679	0.075199757257	0.0853646202084	0.147061798321	0.111560635178	0.093405481946	0.0726206129261
159753524-tonguedorsum1.freeze11.snv.mod.fix.bam	0.111661778092	0.101850915343	0.0992717710124	0.112268635582	0.112824921614	0.133255790432	0.16906038232	0.139577222616	0.128046930313	0.0	0.0128451501972	0.123546070598	0.12010721149	0.166026094872	0.15747951856	0.100131485789	0.156518660868	0.141751795287	0.106250632143	0.108627490644	0.111813492465	0.119449782543	0.14407808233	0.0817234752706	0.120663497522	0.0767169009811	0.0791443309396	0.0977040558309	0.107666632952	0.119045210883	0.103620916355	0.139122079498	0.0956811975321	0.122989784566	0.139981794275	0.129159502377	0.138262364721	0.0910286234449	0.141903509659	0.0843026196015	0.143774653586	0.162233235562	0.145898654799	0.12030949732	0.133913219379
159753524-tonguedorsum3.freeze11.snv.mod.fix.bam	0.100384343077	0.0926974815414	0.0940123394356	0.106554060888	0.103368059067	0.122888641651	0.157884090219	0.133154647517	0.118994639426	0.0128451501972	0.0	0.113785779306	0.112420349954	0.155557803176	0.146303226459	0.0906240517852	0.147921513098	0.132851218772	0.0998280570446	0.103671487812	0.104227773844	0.113178921817	0.133812076464	0.0747446141398	0.113027207444	0.0690806109032	0.0727723272985	0.0867806210175	0.0988671993527	0.110397491656	0.0981086274906	0.130524931729	0.0912814807323	0.11489835137	0.130575503186	0.120562354607	0.12809750177	0.0836957621119	0.130322645899	0.0775260443006	0.135076362901	0.152725801558	0.134823505613	0.112167492667	0.12470921412
159814214-tonguedorsum2.freeze11.snv.mod.fix.bam	0.0489025993729	0.0663497521999	0.0761606149489	0.104278345302	0.0941134823506	0.0676646100941	0.0782340447052	0.109740062709	0.0708506119146	0.123546070598	0.113785779306	0.0	0.0625063214322	0.0913320521897	0.079397188227	0.0417214524123	0.143673510671	0.0679680388389	0.0997774855871	0.101395772226	0.0580560331749	0.0541114594923	0.135733791848	0.0454131688075	0.0508748862142	0.0897643370082	0.0721654698088	0.0616466066552	0.0386365935066	0.106503489431	0.0699403256802	0.0712046121169	0.0566906038232	0.0652371801355	0.0688277536159	0.0820269040154	0.0790431880247	0.0384343076767	0.0564377465359	0.0682714675837	0.0593708910691	0.127136644078	0.064529179731	0.0572468898554	0.0535551734601
159915365-tonguedorsum1.freeze11.snv.mod.fix.bam	0.0472337412764	0.0667543238596	0.07434004248	0.111661778092	0.101294629311	0.069384039648	0.0800546171741	0.108425204814	0.0979063416608	0.12010721149	0.112420349954	0.0625063214322	0.0	0.0804086173764	0.073480327703	0.0491554566603	0.129614645494	0.0639223222413	0.0982603418631	0.0993223424699	0.071862041064	0.0485991706281	0.124254071002	0.0559320319612	0.0450591686052	0.0918883382219	0.077677758673	0.0655911803378	0.0457165975523	0.117477495701	0.0901183372105	0.0657934661677	0.0528471730555	0.0664508951148	0.0662991807424	0.0841509052291	0.0813694750683	0.0506726003843	0.0653888945079	0.0703954687974	0.0690806109032	0.125720643269	0.071002326287	0.0532011732578	0.0658946090826
160158126-tonguedorsum1.freeze11.snv.mod.fix.bam	0.0619500354	0.105390917366	0.0956811975321	0.154495802569	0.143319510468	0.0838980479417	0.0738848993628	0.153939516537	0.138666936381	0.166026094872	0.155557803176	0.0913320521897	0.0804086173764	0.0	0.00141600080914	0.0886011934864	0.171892383939	0.0700414685951	0.13689693537	0.14109436634	0.105492060281	0.0651360372206	0.164154950946	0.0939617679782	0.0658946090826	0.142105795489	0.12410235663	0.109942348538	0.0690300394457	0.154698088399	0.135834934763	0.0802569030039	0.0823809042177	0.0850106200061	0.0790937594821	0.117072924042	0.108880347932	0.0845049054314	0.0829371902498	0.0983109133205	0.0773743299282	0.150500657429	0.0814706179832	0.0816729038131	0.0836451906544
160158126-tonguedorsum2.freeze11.snv.mod.fix.bam	0.0518863153636	0.0936077677759	0.0905229088702	0.143370081926	0.130221502984	0.0732780418732	0.0706988975422	0.141144937797	0.125771214726	0.15747951856	0.146303226459	0.079397188227	0.073480327703	0.00141600080914	0.0	0.072721755841	0.161828663902	0.0621523212299	0.125619500354	0.12789521594	0.0911803378173	0.0547183169819	0.155709517548	0.0794477596844	0.0577020329726	0.131232932133	0.111813492465	0.0979063416608	0.0551228886417	0.146707798119	0.122939213108	0.0733791847881	0.0716597552341	0.0742388995651	0.0730251845858	0.104632345504	0.0956811975321	0.0693334681906	0.072721755841	0.0906746232426	0.0689794679883	0.146100940629	0.0746434712248	0.0715080408617	0.0732780418732
160319967-tonguedorsum3.freeze11.snv.mod.fix.bam	0.033933447962	0.0428340244766	0.0595226054415	0.0888540507737	0.075199757257	0.0616466066552	0.0749468999697	0.0883989076565	0.0655406088803	0.100131485789	0.0906240517852	0.0417214524123	0.0491554566603	0.0886011934864	0.072721755841	0.0	0.118236067563	0.065287751593	0.0798523313442	0.0805097602913	0.0529988874279	0.0412157378376	0.112268635582	0.0396985941135	0.0467785981592	0.0691311823607	0.0541114594923	0.0425305957318	0.0303934459391	0.0949226256701	0.0630120360069	0.071103469202	0.0432891675938	0.050419743097	0.0712046121169	0.0609891777081	0.0614948922828	0.0325680186103	0.0664003236573	0.0618488924851	0.0629614645494	0.112622635784	0.0772731870132	0.0435925963386	0.0534540305452
160380657-buccalmucosa3.freeze11.snv.mod.fix.bam	0.128653787802	0.123647213513	0.115050065743	0.155355517346	0.137958935977	0.149438656822	0.178770102154	0.15747951856	0.157024375443	0.156518660868	0.147921513098	0.143673510671	0.129614645494	0.171892383939	0.161828663902	0.118236067563	0.0	0.151714372408	0.136846363912	0.144229796703	0.133660362092	0.131030646303	0.0570446040255	0.12809750177	0.142206938404	0.141600080914	0.128148073227	0.125973500556	0.128249216142	0.147162941236	0.145898654799	0.163042378881	0.129412359664	0.144330939618	0.151259229291	0.14868008496	0.159148376656	0.125417214524	0.162283807019	0.0985637706079	0.157428947102	0.150197228684	0.156417517953	0.14109436634	0.152928087387
160380657-tonguedorsum3.freeze11.snv.mod.fix.bam	0.0372205926975	0.080914331951	0.0822797613027	0.123141498938	0.114544351168	0.0414180236674	0.0658440376252	0.129564074037	0.111004349145	0.141751795287	0.132851218772	0.0679680388389	0.0639223222413	0.0700414685951	0.0621523212299	0.065287751593	0.151714372408	0.0	0.109335491049	0.112066349752	0.0800546171741	0.0424800242743	0.14468493982	0.057095175483	0.0320117325781	0.109891777081	0.0918883382219	0.0793466167695	0.0343380196217	0.126782643876	0.105289774451	0.0546677455244	0.051279457874	0.0500657428947	0.0582583190048	0.0968443410539	0.0878426216244	0.0377768787296	0.0531000303429	0.0779306159604	0.0325680186103	0.13689693537	0.063568322039	0.0547688884394	0.0606857489633
160421117-tonguedorsum2.freeze11.snv.mod.fix.bam	0.0836957621119	0.06614746637	0.0808131890361	0.0952766258724	0.0956306260746	0.103620916355	0.136795792455	0.124456356832	0.103165773238	0.106250632143	0.0998280570446	0.0997774855871	0.0982603418631	0.13689693537	0.125619500354	0.0798523313442	0.136846363912	0.109335491049	0.0	0.00328714473551	0.0904723374128	0.092545767169	0.125973500556	0.0725700414686	0.08673004956	0.0887023364013	0.0779811874178	0.0696368969354	0.0812177606959	0.106655203803	0.0904723374128	0.11611206635	0.0808637604936	0.10412663093	0.116466066552	0.10271063012	0.110599777486	0.0721654698088	0.113027207444	0.0654394659654	0.11651663801	0.136593506625	0.115859209062	0.0938606250632	0.104935774249
160421117-tonguedorsum3.freeze11.snv.mod.fix.bam	0.0849094770911	0.0632143218368	0.0820269040154	0.0968443410539	0.0980580560332	0.107363204208	0.141043794882	0.126630929503	0.104986345706	0.108627490644	0.103671487812	0.101395772226	0.0993223424699	0.14109436634	0.12789521594	0.0805097602913	0.144229796703	0.112066349752	0.00328714473551	0.0	0.0914837665622	0.0927480529989	0.134014362294	0.072721755841	0.0876403357945	0.0893597653484	0.0779306159604	0.071103469202	0.0807120461212	0.113027207444	0.0935571963184	0.118286639021	0.0808637604936	0.106655203803	0.119753211288	0.106958632548	0.114089208051	0.0743906139375	0.112824921614	0.0676140386366	0.117882067361	0.144735511277	0.120258925862	0.0957823404471	0.107211489835
160502038-tonguedorsum1.freeze11.snv.mod.fix.bam	0.0525943157682	0.0665014665723	0.0777789015879	0.0969960554263	0.0898654799231	0.0731263275008	0.0960351977344	0.102204915546	0.0439971679984	0.111813492465	0.104227773844	0.0580560331749	0.071862041064	0.105492060281	0.0911803378173	0.0529988874279	0.133660362092	0.0800546171741	0.0904723374128	0.0914837665622	0.0	0.0583088904622	0.129715788409	0.0301405886518	0.0638717507839	0.085971477698	0.0723677556387	0.0604834631334	0.0293820167897	0.106655203803	0.0613937493679	0.0755031860018	0.0569434611105	0.0741377566501	0.085971477698	0.0870334783048	0.0865277637302	0.0284717305553	0.0811671892384	0.066906038232	0.0424294528168	0.133761505007	0.0822797613027	0.0626580358046	0.0304440173966
160947100-tonguedorsum1.freeze11.snv.mod.fix.bam	0.0316577323758	0.0612420349954	0.0764134722363	0.109891777081	0.0951249114999	0.0449580256903	0.0721654698088	0.0510266005866	0.0886011934864	0.119449782543	0.113178921817	0.0541114594923	0.0485991706281	0.0651360372206	0.0547183169819	0.0412157378376	0.131030646303	0.0424800242743	0.092545767169	0.0927480529989	0.0583088904622	0.0	0.12470921412	0.044604025488	0.0325680186103	0.088348336199	0.0739860422777	0.0589663194093	0.0220491554567	0.112420349954	0.0839486193992	0.0520886011935	0.044604025488	0.0518863153636	0.0500151714372	0.0797511884293	0.0734297562456	0.0366643066653	0.0472337412764	0.071963183979	0.041266309295	0.121776069586	0.0518357439061	0.0399008799434	0.0482451704258
234447334-buccalmucosa2.freeze11.snv.mod.fix.bam	0.123192070395	0.115859209062	0.105643774654	0.138515222009	0.123950642258	0.138262364721	0.16885809649	0.148022656013	0.14847779913	0.14407808233	0.133812076464	0.135733791848	0.124254071002	0.164154950946	0.155709517548	0.112268635582	0.0570446040255	0.14468493982	0.125973500556	0.134014362294	0.129715788409	0.12470921412	0.0	0.115656923233	0.133508647719	0.126529786588	0.113886922221	0.114847779913	0.121523212299	0.134064933751	0.128603216345	0.149185799535	0.121674926671	0.134823505613	0.137756650147	0.137048649742	0.14529179731	0.117426924244	0.148730656418	0.0926469100839	0.150601800344	0.146707798119	0.146202083544	0.13148578942	0.145038940022
338793263-tonguedorsum2.freeze11.snv.mod.fix.bam	0.0382320218469	0.0476888843936	0.0616971781127	0.0774754728431	0.071963183979	0.0552746030141	0.0845554768888	0.093405481946	0.0499645999798	0.0817234752706	0.0747446141398	0.0454131688075	0.0559320319612	0.0939617679782	0.0794477596844	0.0396985941135	0.12809750177	0.057095175483	0.0725700414686	0.072721755841	0.0301405886518	0.044604025488	0.115656923233	0.0	0.0410134520077	0.0559320319612	0.0454131688075	0.042985738849	0.0225042985739	0.0896126226358	0.047082026904	0.0630626074643	0.0373723070699	0.0536057449176	0.0654900374229	0.0724183270962	0.0740871851927	0.0185597248913	0.0423788813594	0.0564883179933	0.0437948821685	0.123090927481	0.0599777485587	0.0440477394559	0.0344391625367
604812005-tonguedorsum3.freeze11.snv.mod.fix.bam	0.0331243046425	0.0618488924851	0.0691311823607	0.104581774047	0.0985131991504	0.0417720238697	0.0590168908668	0.111864063922	0.0932537675736	0.120663497522	0.113027207444	0.0508748862142	0.0450591686052	0.0658946090826	0.0577020329726	0.0467785981592	0.142206938404	0.0320117325781	0.08673004956	0.0876403357945	0.0638717507839	0.0325680186103	0.133508647719	0.0410134520077	0.0	0.0904217659553	0.0753514716294	0.0590674623243	0.0284211590978	0.113532922019	0.0855163345808	0.0448063113179	0.0404571659755	0.0466774552443	0.0460705977546	0.0830889046222	0.0715586123192	0.0320117325781	0.0359057348033	0.0639728936988	0.0405583088905	0.124911499949	0.0500151714372	0.0408111661778	0.0449074542328
686765762-tonguedorsum1.freeze11.snv.mod.fix.bam	0.0774249013857	0.0728228987559	0.0820774754728	0.0922423384242	0.0882977647416	0.102558915748	0.139577222616	0.115859209062	0.102356629918	0.0767169009811	0.0690806109032	0.0897643370082	0.0918883382219	0.142105795489	0.131232932133	0.0691311823607	0.141600080914	0.109891777081	0.0887023364013	0.0893597653484	0.085971477698	0.088348336199	0.126529786588	0.0559320319612	0.0904217659553	0.0	0.00445028825731	0.0653383230505	0.0727723272985	0.103823202185	0.0770203297259	0.110852634773	0.0728734702134	0.0928491959138	0.111358349348	0.100890057651	0.107868918782	0.0604834631334	0.107262061293	0.0642257509861	0.11110549206	0.14488722565	0.118033781734	0.0860220491555	0.101294629311
686765762-tonguedorsum2.freeze11.snv.mod.fix.bam	0.0600788914737	0.057853747345	0.0693334681906	0.0750986143421	0.0775766157581	0.0864771922727	0.11990492566	0.104986345706	0.0845049054314	0.0791443309396	0.0727723272985	0.0721654698088	0.077677758673	0.12410235663	0.111813492465	0.0541114594923	0.128148073227	0.0918883382219	0.0779811874178	0.0779306159604	0.0723677556387	0.0739860422777	0.113886922221	0.0454131688075	0.0753514716294	0.00445028825731	0.0	0.0515323151613	0.056994032568	0.0943663396379	0.0650348943057	0.0921917669667	0.0572974613128	0.0788409021948	0.0924446242541	0.0855669060382	0.0897643370082	0.0476888843936	0.0894103368059	0.0539091736624	0.0933043390311	0.13168807525	0.0994234853848	0.0715586123192	0.0830889046222
763395383-anteriornares3.freeze11.snv.mod.fix.bam	0.0438960250834	0.0377263072722	0.0638717507839	0.0795994740568	0.0712551835744	0.071002326287	0.102761201578	0.103014058865	0.0766663295236	0.0977040558309	0.0867806210175	0.0616466066552	0.0655911803378	0.109942348538	0.0979063416608	0.0425305957318	0.125973500556	0.0793466167695	0.0696368969354	0.071103469202	0.0604834631334	0.0589663194093	0.114847779913	0.042985738849	0.0590674623243	0.0653383230505	0.0515323151613	0.0	0.0438960250834	0.0951754829574	0.0647314655608	0.0852634772934	0.0512288864165	0.0625568928897	0.0852129058359	0.0738343279053	0.0790937594821	0.0374734499848	0.0797006169718	0.0535046020026	0.0795994740568	0.122686355821	0.0907757661576	0.058612319207	0.0689288965308
763435843-tonguedorsum1.freeze11.snv.mod.fix.bam	0.02478001416	0.0466774552443	0.0676646100941	0.0912309092748	0.0811671892384	0.0378780216446	0.0636188934965	0.0778800445029	0.0485485991706	0.107666632952	0.0988671993527	0.0386365935066	0.0457165975523	0.0690300394457	0.0551228886417	0.0303934459391	0.128249216142	0.0343380196217	0.0812177606959	0.0807120461212	0.0293820167897	0.0220491554567	0.121523212299	0.0225042985739	0.0284211590978	0.0727723272985	0.056994032568	0.0438960250834	0.0	0.0996763426722	0.0549711742692	0.0439971679984	0.0320117325781	0.0435925963386	0.0500657428947	0.0682714675837	0.063568322039	0.0123394356225	0.0439465965409	0.0615960351977	0.0211388692222	0.118387781936	0.0482957418833	0.0302923030242	0.0247294427025
763536994-buccalmucosa3.freeze11.snv.mod.fix.bam	0.108374633357	0.0995751997573	0.0918883382219	0.11211692121	0.0498634570648	0.0994740568423	0.153888945079	0.131789218165	0.117831495904	0.119045210883	0.110397491656	0.106503489431	0.117477495701	0.154698088399	0.146707798119	0.0949226256701	0.147162941236	0.126782643876	0.106655203803	0.113027207444	0.106655203803	0.112420349954	0.134064933751	0.0896126226358	0.113532922019	0.103823202185	0.0943663396379	0.0951754829574	0.0996763426722	0.0	0.0975523414585	0.126327500759	0.100890057651	0.118842925053	0.126833215333	0.123748356428	0.132800647315	0.0899160513806	0.13168807525	0.076919186811	0.130929503388	0.147011226864	0.133660362092	0.116061494892	0.122939213108
763820215-tonguedorsum2.freeze11.snv.mod.fix.bam	0.0730757560433	0.0703448973399	0.0829371902498	0.0900171942955	0.0838980479417	0.0939617679782	0.1282997876	0.115555780318	0.0699908971377	0.103620916355	0.0981086274906	0.0699403256802	0.0901183372105	0.135834934763	0.122939213108	0.0630120360069	0.145898654799	0.105289774451	0.0904723374128	0.0935571963184	0.0613937493679	0.0839486193992	0.128603216345	0.047082026904	0.0855163345808	0.0770203297259	0.0650348943057	0.0647314655608	0.0549711742692	0.0975523414585	0.0	0.11110549206	0.0653383230505	0.0895620511783	0.110751491858	0.0960857691919	0.103014058865	0.0423788813594	0.105542631739	0.0661980378275	0.0944674825528	0.138009507434	0.107818347325	0.0847071912613	0.0832406189946
763840445-tonguedorsum1.freeze11.snv.mod.fix.bam	0.0486497420856	0.0845554768888	0.0844037625164	0.125568928897	0.117932638819	0.0624557499747	0.0750986143421	0.138363507636	0.118539496308	0.139122079498	0.130524931729	0.0712046121169	0.0657934661677	0.0802569030039	0.0733791847881	0.071103469202	0.163042378881	0.0546677455244	0.11611206635	0.118286639021	0.0755031860018	0.0520886011935	0.149185799535	0.0630626074643	0.0448063113179	0.110852634773	0.0921917669667	0.0852634772934	0.0439971679984	0.126327500759	0.11110549206	0.0	0.019065439466	0.0669566096895	0.0616466066552	0.102255487003	0.0835946191969	0.0559320319612	0.0624051785172	0.0803074744614	0.0677151815515	0.14407808233	0.0678668959239	0.0546677455244	0.0647820370183
763840445-tonguedorsum2.freeze11.snv.mod.fix.bam	0.0388388793365	0.0530494588854	0.0687771821584	0.0888034793163	0.0848589056337	0.0564377465359	0.0779811874178	0.099221199555	0.0847577627187	0.0956811975321	0.0912814807323	0.0566906038232	0.0528471730555	0.0823809042177	0.0716597552341	0.0432891675938	0.129412359664	0.051279457874	0.0808637604936	0.0808637604936	0.0569434611105	0.044604025488	0.121674926671	0.0373723070699	0.0404571659755	0.0728734702134	0.0572974613128	0.0512288864165	0.0320117325781	0.100890057651	0.0653383230505	0.019065439466	0.0	0.0555780317589	0.0603823202185	0.0752503287145	0.0689794679883	0.0312025892586	0.0567917467381	0.0599271771012	0.0589663194093	0.125265500152	0.0687771821584	0.0439971679984	0.0542631738647
763860675-tonguedorsum1.freeze11.snv.mod.fix.bam	0.0436431677961	0.0706988975422	0.0739860422777	0.105441488824	0.103014058865	0.058612319207	0.0772226155558	0.114645494083	0.095883483362	0.122989784566	0.11489835137	0.0652371801355	0.0664508951148	0.0850106200061	0.0742388995651	0.050419743097	0.144330939618	0.0500657428947	0.10412663093	0.106655203803	0.0741377566501	0.0518863153636	0.134823505613	0.0536057449176	0.0466774552443	0.0928491959138	0.0788409021948	0.0625568928897	0.0435925963386	0.118842925053	0.0895620511783	0.0669566096895	0.0555780317589	0.0	0.0652371801355	0.0850611914635	0.0778800445029	0.0408111661778	0.0615454637403	0.0689794679883	0.0552746030141	0.13189036108	0.0741377566501	0.0563366036209	0.0632648932942
764224817-tonguedorsum2.freeze11.snv.mod.fix.bam	0.0510266005866	0.0870334783048	0.0810660463235	0.115656923233	0.117578638616	0.0641246080712	0.0808131890361	0.131131789218	0.117123495499	0.139981794275	0.130575503186	0.0688277536159	0.0662991807424	0.0790937594821	0.0730251845858	0.0712046121169	0.151259229291	0.0582583190048	0.116466066552	0.119753211288	0.085971477698	0.0500151714372	0.137756650147	0.0654900374229	0.0460705977546	0.111358349348	0.0924446242541	0.0852129058359	0.0500657428947	0.126833215333	0.110751491858	0.0616466066552	0.0603823202185	0.0652371801355	0.0	0.0962374835643	0.0865277637302	0.0605340345909	0.0516840295337	0.0789420451097	0.0693334681906	0.13669464954	0.0622534641448	0.0509254576717	0.0652371801355
764487809-tonguedorsum1.freeze11.snv.mod.fix.bam	0.063669464954	0.0720137554364	0.0712551835744	0.111813492465	0.10731263275	0.0953271973298	0.105744917569	0.12789521594	0.0997269141297	0.129159502377	0.120562354607	0.0820269040154	0.0841509052291	0.117072924042	0.104632345504	0.0609891777081	0.14868008496	0.0968443410539	0.10271063012	0.106958632548	0.0870334783048	0.0797511884293	0.137048649742	0.0724183270962	0.0830889046222	0.100890057651	0.0855669060382	0.0738343279053	0.0682714675837	0.123748356428	0.0960857691919	0.102255487003	0.0752503287145	0.0850611914635	0.0962374835643	0.0	0.0036411449378	0.0658440376252	0.0961869121068	0.0695357540204	0.09912005664	0.128754930717	0.101244057854	0.0854151916658	0.0910791949024
764487809-tonguedorsum2.freeze11.snv.mod.fix.bam	0.057853747345	0.0786891878224	0.0748963285122	0.117275209872	0.114493779711	0.0888540507737	0.0883989076565	0.134874077071	0.105492060281	0.138262364721	0.12809750177	0.0790431880247	0.0813694750683	0.108880347932	0.0956811975321	0.0614948922828	0.159148376656	0.0878426216244	0.110599777486	0.114089208051	0.0865277637302	0.0734297562456	0.14529179731	0.0740871851927	0.0715586123192	0.107868918782	0.0897643370082	0.0790937594821	0.063568322039	0.132800647315	0.103014058865	0.0835946191969	0.0689794679883	0.0778800445029	0.0865277637302	0.0036411449378	0.0	0.0656923232528	0.0852634772934	0.0714068979468	0.0906746232426	0.136138363508	0.0963386264792	0.0784869019925	0.0841509052291
764508039-tonguedorsum1.freeze11.snv.mod.fix.bam	0.0258925862243	0.0432385961363	0.0642257509861	0.0712551835744	0.0689288965308	0.0370688783251	0.0750480428846	0.0869323353899	0.0403560230606	0.0910286234449	0.0836957621119	0.0384343076767	0.0506726003843	0.0845049054314	0.0693334681906	0.0325680186103	0.125417214524	0.0377768787296	0.0721654698088	0.0743906139375	0.0284717305553	0.0366643066653	0.117426924244	0.0185597248913	0.0320117325781	0.0604834631334	0.0476888843936	0.0374734499848	0.0123394356225	0.0899160513806	0.0423788813594	0.0559320319612	0.0312025892586	0.0408111661778	0.0605340345909	0.0658440376252	0.0656923232528	0.0	0.0516840295337	0.0551734600991	0.0195205825832	0.121068069182	0.0629614645494	0.0380803074745	0.029736016992
764508039-tonguedorsum3.freeze11.snv.mod.fix.bam	0.0447557398604	0.081015474866	0.0830383331648	0.114291493881	0.116870638212	0.0624557499747	0.080914331951	0.135632648933	0.113937493679	0.141903509659	0.130322645899	0.0564377465359	0.0653888945079	0.0829371902498	0.072721755841	0.0664003236573	0.162283807019	0.0531000303429	0.113027207444	0.112824921614	0.0811671892384	0.0472337412764	0.148730656418	0.0423788813594	0.0359057348033	0.107262061293	0.0894103368059	0.0797006169718	0.0439465965409	0.13168807525	0.105542631739	0.0624051785172	0.0567917467381	0.0615454637403	0.0516840295337	0.0961869121068	0.0852634772934	0.0516840295337	0.0	0.0737837564479	0.0624557499747	0.142813795894	0.032214018408	0.0565894609083	0.0618994639426
764588959-tonguedorsum2.freeze11.snv.mod.fix.bam	0.0647820370183	0.0558814605037	0.0524931728532	0.0650854657631	0.0735308991605	0.0770709011834	0.0913826236472	0.0905229088702	0.075199757257	0.0843026196015	0.0775260443006	0.0682714675837	0.0703954687974	0.0983109133205	0.0906746232426	0.0618488924851	0.0985637706079	0.0779306159604	0.0654394659654	0.0676140386366	0.066906038232	0.071963183979	0.0926469100839	0.0564883179933	0.0639728936988	0.0642257509861	0.0539091736624	0.0535046020026	0.0615960351977	0.076919186811	0.0661980378275	0.0803074744614	0.0599271771012	0.0689794679883	0.0789420451097	0.0695357540204	0.0714068979468	0.0551734600991	0.0737837564479	0.0	0.0822291898453	0.0913826236472	0.0846060483463	0.0724183270962	0.0764640436937
765337473-tonguedorsum1.freeze11.snv.mod.fix.bam	0.0335288763022	0.0829371902498	0.0890563366036	0.128148073227	0.116263780722	0.04136745221	0.0798017598867	0.122028926874	0.0853646202084	0.143774653586	0.135076362901	0.0593708910691	0.0690806109032	0.0773743299282	0.0689794679883	0.0629614645494	0.157428947102	0.0325680186103	0.11651663801	0.117882067361	0.0424294528168	0.041266309295	0.150601800344	0.0437948821685	0.0405583088905	0.11110549206	0.0933043390311	0.0795994740568	0.0211388692222	0.130929503388	0.0944674825528	0.0677151815515	0.0589663194093	0.0552746030141	0.0693334681906	0.09912005664	0.0906746232426	0.0195205825832	0.0624557499747	0.0822291898453	0.0	0.141246080712	0.0595226054415	0.0607363204208	0.0415191665824
765620695-buccalmucosa1.freeze11.snv.mod.fix.bam	0.120410640235	0.12051178315	0.10331748761	0.151056943461	0.141498937999	0.137807221604	0.146910083949	0.153383230505	0.147061798321	0.162233235562	0.152725801558	0.127136644078	0.125720643269	0.150500657429	0.146100940629	0.112622635784	0.150197228684	0.13689693537	0.136593506625	0.144735511277	0.133761505007	0.121776069586	0.146707798119	0.123090927481	0.124911499949	0.14488722565	0.13168807525	0.122686355821	0.118387781936	0.147011226864	0.138009507434	0.14407808233	0.125265500152	0.13189036108	0.13669464954	0.128754930717	0.136138363508	0.121068069182	0.142813795894	0.0913826236472	0.141246080712	0.0	0.138515222009	0.132244361282	0.139526651158
765701615-tonguedorsum2.freeze11.snv.mod.fix.bam	0.0555780317589	0.0908263376151	0.0881966218266	0.129968645696	0.121371497927	0.0704460402549	0.0799029028017	0.138616364924	0.111560635178	0.145898654799	0.134823505613	0.064529179731	0.071002326287	0.0814706179832	0.0746434712248	0.0772731870132	0.156417517953	0.063568322039	0.115859209062	0.120258925862	0.0822797613027	0.0518357439061	0.146202083544	0.0599777485587	0.0500151714372	0.118033781734	0.0994234853848	0.0907757661576	0.0482957418833	0.133660362092	0.107818347325	0.0678668959239	0.0687771821584	0.0741377566501	0.0622534641448	0.101244057854	0.0963386264792	0.0629614645494	0.032214018408	0.0846060483463	0.0595226054415	0.138515222009	0.0	0.0617983210276	0.058713462122
937415040-tonguedorsum1.freeze11.snv.mod.fix.bam	0.0386871649641	0.0616466066552	0.0753514716294	0.11110549206	0.0964903408516	0.0585617477496	0.0802569030039	0.10690806109	0.093405481946	0.12030949732	0.112167492667	0.0572468898554	0.0532011732578	0.0816729038131	0.0715080408617	0.0435925963386	0.14109436634	0.0547688884394	0.0938606250632	0.0957823404471	0.0626580358046	0.0399008799434	0.13148578942	0.0440477394559	0.0408111661778	0.0860220491555	0.0715586123192	0.058612319207	0.0302923030242	0.116061494892	0.0847071912613	0.0546677455244	0.0439971679984	0.0563366036209	0.0509254576717	0.0854151916658	0.0784869019925	0.0380803074745	0.0565894609083	0.0724183270962	0.0607363204208	0.132244361282	0.0617983210276	0.0	0.0509760291292
953045535-tonguedorsum2.freeze11.snv.mod.fix.bam	0.0461717406696	0.0731768989582	0.0832911904521	0.117528067159	0.106200060686	0.0630626074643	0.0811671892384	0.116364923637	0.0726206129261	0.133913219379	0.12470921412	0.0535551734601	0.0658946090826	0.0836451906544	0.0732780418732	0.0534540305452	0.152928087387	0.0606857489633	0.104935774249	0.107211489835	0.0304440173966	0.0482451704258	0.145038940022	0.0344391625367	0.0449074542328	0.101294629311	0.0830889046222	0.0689288965308	0.0247294427025	0.122939213108	0.0832406189946	0.0647820370183	0.0542631738647	0.0632648932942	0.0652371801355	0.0910791949024	0.0841509052291	0.029736016992	0.0618994639426	0.0764640436937	0.0415191665824	0.139526651158	0.058713462122	0.0509760291292	0.0
