	147406386-tonguedorsum3.freeze11.snv.mod.fix.bam	158216035-tonguedorsum2.freeze11.snv.mod.fix.bam	158337416-tonguedorsum1.freeze11.snv.mod.fix.bam	158337416-tonguedorsum2.freeze11.snv.mod.fix.bam	158479027-tonguedorsum1.freeze11.snv.mod.fix.bam	158479027-tonguedorsum2.freeze11.snv.mod.fix.bam	158499257-tonguedorsum1.freeze11.snv.mod.fix.bam	158499257-tonguedorsum2.freeze11.snv.mod.fix.bam	158742018-tonguedorsum1.freeze11.snv.mod.fix.bam	158802708-tonguedorsum1.freeze11.snv.mod.fix.bam	158802708-tonguedorsum3.freeze11.snv.mod.fix.bam	158883629-tonguedorsum2.freeze11.snv.mod.fix.bam	158944319-tonguedorsum1.freeze11.snv.mod.fix.bam	158944319-tonguedorsum2.freeze11.snv.mod.fix.bam	159207311-tonguedorsum1.freeze11.snv.mod.fix.bam	159207311-tonguedorsum2.freeze11.snv.mod.fix.bam	159207311-tonguedorsum3.freeze11.snv.mod.fix.bam	159227541-tonguedorsum2.freeze11.snv.mod.fix.bam	159247771-tonguedorsum2.freeze11.snv.mod.fix.bam	159268001-tonguedorsum2.freeze11.snv.mod.fix.bam	159369152-tonguedorsum1.freeze11.snv.mod.fix.bam	159369152-tonguedorsum2.freeze11.snv.mod.fix.bam	159490532-tonguedorsum1.freeze11.snv.mod.fix.bam	159510762-supragingivalplaque3.freeze11.snv.mod.fix.bam	159510762-tonguedorsum2.freeze11.snv.mod.fix.bam	159571453-tonguedorsum1.freeze11.snv.mod.fix.bam	159591683-tonguedorsum1.freeze11.snv.mod.fix.bam	159632143-tonguedorsum1.freeze11.snv.mod.fix.bam	159713063-tonguedorsum2.freeze11.snv.mod.fix.bam	159733294-tonguedorsum1.freeze11.snv.mod.fix.bam	159753524-tonguedorsum1.freeze11.snv.mod.fix.bam	159753524-tonguedorsum3.freeze11.snv.mod.fix.bam	159814214-tonguedorsum2.freeze11.snv.mod.fix.bam	159915365-tonguedorsum1.freeze11.snv.mod.fix.bam	160158126-tonguedorsum1.freeze11.snv.mod.fix.bam	160158126-tonguedorsum2.freeze11.snv.mod.fix.bam	160178356-tonguedorsum1.freeze11.snv.mod.fix.bam	160178356-tonguedorsum2.freeze11.snv.mod.fix.bam	160178356-tonguedorsum3.freeze11.snv.mod.fix.bam	160218816-tonguedorsum1.freeze11.snv.mod.fix.bam	160319967-tonguedorsum1.freeze11.snv.mod.fix.bam	160319967-tonguedorsum3.freeze11.snv.mod.fix.bam	160380657-tonguedorsum1.freeze11.snv.mod.fix.bam	160380657-tonguedorsum2.freeze11.snv.mod.fix.bam	160380657-tonguedorsum3.freeze11.snv.mod.fix.bam	160421117-tonguedorsum2.freeze11.snv.mod.fix.bam	160421117-tonguedorsum3.freeze11.snv.mod.fix.bam	160502038-tonguedorsum1.freeze11.snv.mod.fix.bam	160502038-tonguedorsum2.freeze11.snv.mod.fix.bam	160502038-tonguedorsum3.freeze11.snv.mod.fix.bam	160582958-tonguedorsum1.freeze11.snv.mod.fix.bam	160582958-tonguedorsum2.freeze11.snv.mod.fix.bam	160582958-tonguedorsum3.freeze11.snv.mod.fix.bam	160603188-tonguedorsum1.freeze11.snv.mod.fix.bam	160603188-tonguedorsum2.freeze11.snv.mod.fix.bam	160603188-tonguedorsum3.freeze11.snv.mod.fix.bam	160765029-tonguedorsum1.freeze11.snv.mod.fix.bam	160906640-tonguedorsum1.freeze11.snv.mod.fix.bam	160947100-tonguedorsum1.freeze11.snv.mod.fix.bam	234447334-buccalmucosa2.freeze11.snv.mod.fix.bam	234447334-tonguedorsum2.freeze11.snv.mod.fix.bam	295137534-tonguedorsum2.freeze11.snv.mod.fix.bam	338793263-tonguedorsum2.freeze11.snv.mod.fix.bam	370425937-tonguedorsum1.freeze11.snv.mod.fix.bam	508703490-tonguedorsum2.freeze11.snv.mod.fix.bam	550534656-tonguedorsum1.freeze11.snv.mod.fix.bam	550534656-tonguedorsum2.freeze11.snv.mod.fix.bam	604812005-tonguedorsum3.freeze11.snv.mod.fix.bam	663835652-tonguedorsum2.freeze11.snv.mod.fix.bam	675950834-tonguedorsum1.freeze11.snv.mod.fix.bam	675950834-tonguedorsum3.freeze11.snv.mod.fix.bam	686765762-tonguedorsum1.freeze11.snv.mod.fix.bam	686765762-tonguedorsum2.freeze11.snv.mod.fix.bam	686765762-tonguedorsum3.freeze11.snv.mod.fix.bam	706846339-tonguedorsum1.freeze11.snv.mod.fix.bam	739574095-tonguedorsum2.freeze11.snv.mod.fix.bam	763395383-anteriornares3.freeze11.snv.mod.fix.bam	763395383-buccalmucosa3.freeze11.snv.mod.fix.bam	763395383-tonguedorsum3.freeze11.snv.mod.fix.bam	763435843-tonguedorsum1.freeze11.snv.mod.fix.bam	763496533-palatinetonsils2.freeze11.snv.mod.fix.bam	763496533-tonguedorsum2.freeze11.snv.mod.fix.bam	763557224-tonguedorsum3.freeze11.snv.mod.fix.bam	763577454-tonguedorsum1.freeze11.snv.mod.fix.bam	763759525-tonguedorsum2.freeze11.snv.mod.fix.bam	763820215-tonguedorsum1.freeze11.snv.mod.fix.bam	763820215-tonguedorsum2.freeze11.snv.mod.fix.bam	763840445-tonguedorsum1.freeze11.snv.mod.fix.bam	763840445-tonguedorsum2.freeze11.snv.mod.fix.bam	763860675-tonguedorsum1.freeze11.snv.mod.fix.bam	763901136-tonguedorsum2.freeze11.snv.mod.fix.bam	763961826-tonguedorsum1.freeze11.snv.mod.fix.bam	763961826-tonguedorsum2.freeze11.snv.mod.fix.bam	764042746-tonguedorsum1.freeze11.snv.mod.fix.bam	764083206-tonguedorsum1.freeze11.snv.mod.fix.bam	764224817-tonguedorsum1.freeze11.snv.mod.fix.bam	764224817-tonguedorsum2.freeze11.snv.mod.fix.bam	764285508-tonguedorsum2.freeze11.snv.mod.fix.bam	764447348-buccalmucosa1.freeze11.snv.mod.fix.bam	764447348-tonguedorsum1.freeze11.snv.mod.fix.bam	764447348-tonguedorsum2.freeze11.snv.mod.fix.bam	764487809-tonguedorsum1.freeze11.snv.mod.fix.bam	764487809-tonguedorsum2.freeze11.snv.mod.fix.bam	764508039-tonguedorsum1.freeze11.snv.mod.fix.bam	764508039-tonguedorsum3.freeze11.snv.mod.fix.bam	764588959-tonguedorsum2.freeze11.snv.mod.fix.bam	764649650-tonguedorsum2.freeze11.snv.mod.fix.bam	764811490-tonguedorsum1.freeze11.snv.mod.fix.bam	764872181-tonguedorsum1.freeze11.snv.mod.fix.bam	765013792-tonguedorsum3.freeze11.snv.mod.fix.bam	765074482-tonguedorsum1.freeze11.snv.mod.fix.bam	765135172-tonguedorsum2.freeze11.snv.mod.fix.bam	765155402-tonguedorsum3.freeze11.snv.mod.fix.bam	765216093-tonguedorsum3.freeze11.snv.mod.fix.bam	765337473-tonguedorsum1.freeze11.snv.mod.fix.bam	765337473-tonguedorsum2.freeze11.snv.mod.fix.bam	765337473-tonguedorsum3.freeze11.snv.mod.fix.bam	765620695-tonguedorsum1.freeze11.snv.mod.fix.bam	765640925-tonguedorsum1.freeze11.snv.mod.fix.bam	765701615-tonguedorsum1.freeze11.snv.mod.fix.bam	765701615-tonguedorsum2.freeze11.snv.mod.fix.bam	823052294-tonguedorsum1.freeze11.snv.mod.fix.bam	823052294-tonguedorsum2.freeze11.snv.mod.fix.bam	823052294-tonguedorsum3.freeze11.snv.mod.fix.bam	861967750-tonguedorsum1.freeze11.snv.mod.fix.bam	861967750-tonguedorsum2.freeze11.snv.mod.fix.bam	937415040-tonguedorsum1.freeze11.snv.mod.fix.bam	953045535-tonguedorsum2.freeze11.snv.mod.fix.bam
147406386-tonguedorsum3.freeze11.snv.mod.fix.bam	0.0	0.119669828513	0.127192905067	0.126985694761	0.129295926284	0.127939534594	0.121387120011	0.115348036539	0.124261223298	0.131974728098	0.132317351126	0.129438222864	0.124174058078	0.127251871501	0.123732182109	0.126327905738	0.127466897213	0.126814972216	0.134378391504	0.125540415888	0.123454706708	0.128981317681	0.129912057475	0.120237385613	0.122668432677	0.119893351562	0.122987238754	0.119347366986	0.133376065168	0.123856560913	0.130440903591	0.125626685919	0.127832854377	0.100212235628	0.126887610092	0.127107497928	0.128709563922	0.126876140106	0.126342084432	0.126746052769	0.128941656847	0.125911225757	0.126329953166	0.119153252055	0.122289177198	0.122969983961	0.121487264574	0.126927827183	0.128495099695	0.123184061161	0.124686474711	0.132038677183	0.12046072409	0.123909253447	0.126299714882	0.123654042009	0.130980144267	0.11988265121	0.133456211297	0.125695544202	0.118367387754	0.135292013629	0.117808755083	0.124716354697	0.110769809797	0.117137783973	0.118899395683	0.129886352622	0.114954942848	0.127496473576	0.122212957034	0.123727695976	0.122598349737	0.121033526872	0.116359192028	0.129989831934	0.12734463299	0.134885702425	0.123004816297	0.123997508319	0.121638792605	0.120949586921	0.116496156963	0.120668213105	0.125338770175	0.119662905991	0.121595852061	0.120466196853	0.122543361851	0.124806524904	0.079625638783	0.131184070258	0.132502838156	0.119903132053	0.125690891709	0.129877954078	0.125186909358	0.116790466613	0.130034734326	0.119218376426	0.120027786061	0.120082975372	0.124344184024	0.121238297761	0.121182516725	0.117487410482	0.125341095957	0.124630421433	0.120792366144	0.0998745433903	0.117588621149	0.119415869542	0.118912207497	0.112362151704	0.122465828726	0.11282262451	0.113431864901	0.122030015721	0.116063267668	0.123980947486	0.12504378218	0.116113017552	0.120781612139	0.110730850353	0.120336768267	0.121344945524	0.124913454796	0.127827030912
158216035-tonguedorsum2.freeze11.snv.mod.fix.bam	0.119669828513	0.0	0.100610053931	0.0998206785	0.0838448371503	0.0869356437089	0.0898738502248	0.0828841048657	0.0832693852794	0.10843851607	0.107435540429	0.0912580123864	0.0901367727909	0.0912872273686	0.0906657256422	0.0839315011206	0.100131355107	0.0969643750548	0.101066328097	0.0994321731382	0.0879309772284	0.092591335816	0.0946126231661	0.0846953443158	0.0904182219068	0.0904255841815	0.101464134929	0.102555786212	0.100647221354	0.0856613811827	0.0926435805575	0.0914523752779	0.0852556710662	0.0999083790463	0.0849087287345	0.0841873284508	0.0858741341518	0.0843230893993	0.0803586290296	0.0864200215181	0.0903040153354	0.0866744379095	0.0898819374856	0.073364955173	0.0775434108932	0.0846823549641	0.0857827309286	0.0912855178461	0.0950701155139	0.0837103910624	0.0889672921195	0.106758105918	0.10623113396	0.0857529305427	0.0989856483771	0.0969133720166	0.0945722597172	0.0804113177517	0.0989338024929	0.0886140581068	0.0875424496027	0.107617331761	0.0842142940005	0.0886454767631	0.0920298112332	0.0889340488293	0.0926743532415	0.0978080368987	0.102505606838	0.0926704858851	0.0892119433478	0.0886241939515	0.0809036102229	0.0852962186389	0.0865902063053	0.105463910712	0.0854260133457	0.116118608154	0.0920776786524	0.0788144844451	0.0900165459988	0.0868982633048	0.0962795152801	0.0975915290656	0.0947432460887	0.0740181654898	0.083385747996	0.0799458706213	0.0813382670748	0.0827755240889	0.104103706805	0.125473551528	0.104528214649	0.0938224256939	0.0873344371966	0.0937743533826	0.0893407945111	0.0932690947095	0.112554614924	0.0767992102299	0.0783577739519	0.0875826920937	0.0913433779862	0.0754443479799	0.0803945861465	0.0915533079443	0.0945965325684	0.0980347070319	0.0845365890939	0.0909061736681	0.0947148788342	0.0800316476938	0.0793207924936	0.0917258630948	0.0851083063046	0.0895238352068	0.0977605991406	0.0888515421558	0.0832095473155	0.0849377598159	0.0849887299926	0.0887035210705	0.0818455731714	0.0885484590738	0.0863537443163	0.0866536948182	0.0840423022961	0.0890734354295
158337416-tonguedorsum1.freeze11.snv.mod.fix.bam	0.127192905067	0.100610053931	0.0	0.0375138490564	0.0972023089797	0.0998165158628	0.108208487309	0.10395314117	0.108124852986	0.122691710167	0.124899465606	0.107680307866	0.102056423396	0.11137905344	0.106128328416	0.103556787558	0.111982099803	0.113850920721	0.123888962345	0.110324301813	0.0968218338184	0.100335308198	0.103128063703	0.096880844797	0.0998051709777	0.0959505540364	0.11879017378	0.118019495424	0.117345819442	0.0949574829987	0.116073901776	0.111702904529	0.0972363335675	0.102021783415	0.0953125225249	0.0957498648258	0.0996905913813	0.0994240342797	0.0995038564079	0.103547860627	0.0970186892418	0.0984041899995	0.0986851011427	0.0931525039402	0.088810982585	0.109180733417	0.105422928935	0.106419212961	0.105809026866	0.0934842052379	0.112660080561	0.127802662716	0.124175644159	0.0992288361409	0.110416255118	0.0984185218881	0.113479225501	0.0967244537645	0.109819148109	0.115027917076	0.100116745911	0.102626121371	0.0928471083751	0.101761096153	0.105327156738	0.102834139758	0.094607055561	0.103119381915	0.104901027066	0.101676854077	0.101598698461	0.108716853061	0.104512120947	0.104818812643	0.0971149771772	0.127797344101	0.0982331764308	0.122318891532	0.0986391604893	0.0954638041542	0.106818509061	0.103861210577	0.111880983002	0.0907172003095	0.101953236083	0.102789332399	0.101545949505	0.0898571006773	0.0994544224914	0.0998296971408	0.11528125139	0.131920606093	0.120656487184	0.112528489074	0.0945732782014	0.100100403376	0.0983761752628	0.10886587068	0.121176149931	0.0901931896165	0.0935573902414	0.101520965946	0.0994719032572	0.104566009877	0.100874998576	0.10956221363	0.0961535479301	0.103109727022	0.107952157633	0.0979088186709	0.0995136122861	0.106687975112	0.102643243196	0.0994483932416	0.0955387423019	0.104603880002	0.109501565416	0.107678187498	0.0999463981244	0.0967613724448	0.0926740963443	0.0994998894143	0.102058669163	0.10436473713	0.103044377078	0.103576991026	0.104059890577	0.0911053229028
158337416-tonguedorsum2.freeze11.snv.mod.fix.bam	0.126985694761	0.0998206785	0.0375138490564	0.0	0.0926598641485	0.0978869756966	0.107612850763	0.103053031214	0.107206673658	0.122797212571	0.125125501915	0.105846911201	0.100708015956	0.11046319146	0.104966045373	0.102606135275	0.111058318705	0.11358773047	0.123354873782	0.109486354127	0.0969601940928	0.0979335835159	0.100911422274	0.0951118673613	0.0987610499559	0.0931279848401	0.11815193498	0.117367603953	0.116718118388	0.0939853153122	0.115447631338	0.111514690136	0.0962965129518	0.102670535821	0.0960944410617	0.0955489760709	0.0986619599391	0.097907402406	0.0982225069511	0.100595462616	0.097651084036	0.0986079011462	0.098572804195	0.0921959443483	0.0879977448434	0.108683427345	0.104322678019	0.105479981333	0.104676904131	0.0920986880739	0.111963493776	0.127548255701	0.123850917888	0.0973321139768	0.109702931023	0.0972368589223	0.112569378185	0.0968601890549	0.110768409379	0.114577940697	0.09968586009	0.105779190269	0.0916878810689	0.100158617892	0.105056912427	0.0999744779966	0.0890865770455	0.10207460925	0.103923861477	0.101253001137	0.101314330868	0.108104942441	0.10422203424	0.1042044964	0.0965143785596	0.127475386035	0.0957708622494	0.125341941892	0.0995030822636	0.0931380515209	0.106781545246	0.104015048411	0.111493679427	0.0863180459326	0.10295313246	0.101799931585	0.100855771756	0.0873623711089	0.0992329394472	0.10042976933	0.114293806966	0.132580311403	0.120790773072	0.112475794249	0.0941284273066	0.0997263032437	0.0978174827081	0.108431107198	0.123613526258	0.0889585282983	0.0927121168338	0.101048055243	0.0991876624288	0.103802334734	0.0997477685968	0.109320154082	0.0942800758911	0.102511205522	0.107912535699	0.096583380927	0.0992323519486	0.106153441312	0.102042539057	0.0983493105091	0.0960881234066	0.10376778409	0.108742702811	0.106479239389	0.0988829847562	0.0974543462672	0.0928703597386	0.0988486482969	0.100913081793	0.103979611955	0.101667263923	0.101414739333	0.10392671836	0.092828229968
158479027-tonguedorsum1.freeze11.snv.mod.fix.bam	0.129295926284	0.0838448371503	0.0972023089797	0.0926598641485	0.0	0.0488880375233	0.0986478203062	0.0937101938243	0.092622105411	0.116353914463	0.119084539807	0.0961556047014	0.0919196596642	0.0983572393553	0.0976371754748	0.0904354094026	0.107444035382	0.10544770363	0.112697845638	0.110375044909	0.0872989056024	0.0890003787209	0.0873061998176	0.0854714303751	0.0875852283137	0.0944216872357	0.111599738369	0.11211529815	0.108666406085	0.0792642547761	0.102974392928	0.10187377671	0.0870864863157	0.092761989826	0.0872634968182	0.0858238703064	0.0858906115456	0.0864303753183	0.0845986797126	0.0889407104482	0.0909962768959	0.0900470165586	0.0905836615369	0.0752221011473	0.0775936223225	0.095785692766	0.0932247639176	0.100500260222	0.103406959572	0.0877625864099	0.100964153881	0.118417655147	0.116845022535	0.0863256351927	0.105870223776	0.0981989969401	0.101523993829	0.0861832869393	0.0994923334482	0.102586800883	0.0957099276687	0.106816734917	0.0903162971275	0.089993814093	0.101026636194	0.0960028629472	0.0953449492357	0.0983032982995	0.109883633207	0.0888590763772	0.090974887995	0.0997443941935	0.0939111225478	0.096509522188	0.0904236047355	0.118043681764	0.0700621030395	0.123893424827	0.0959871492613	0.0754851642223	0.0980218154487	0.0954283043632	0.10538769643	0.103056847606	0.0929279766841	0.0841278812863	0.0807018108027	0.0805812410323	0.0874634023052	0.0866136348043	0.112333043153	0.134833148819	0.114170514864	0.104256666269	0.082636542749	0.0890789154526	0.0848393457349	0.101854427795	0.120202664644	0.0787870329103	0.0805028854179	0.0869915724706	0.0868106552061	0.0893808069837	0.0811477565724	0.102013978862	0.0910790624299	0.0945780472841	0.0981342319291	0.0950637894081	0.100743153199	0.088178832498	0.0905327006715	0.0982199684338	0.0862902775724	0.0971868426729	0.104401159894	0.0935070100083	0.09032021244	0.087674117685	0.0835196246526	0.0960530437086	0.0891903816733	0.0975574709977	0.0914995001005	0.0900302958006	0.093379256176	0.0855273229579
158479027-tonguedorsum2.freeze11.snv.mod.fix.bam	0.127939534594	0.0869356437089	0.0998165158628	0.0978869756966	0.0488880375233	0.0	0.0979366697437	0.0923965198458	0.0911128852688	0.115355692908	0.118726257269	0.0974998494059	0.0878889369285	0.098428810208	0.0970032408973	0.0903831967664	0.106535329237	0.107023227591	0.113102990345	0.108411443689	0.085869075749	0.096401925844	0.0985333283654	0.088432205032	0.086983084835	0.0935622153499	0.110674450589	0.111347846905	0.109332292329	0.0760428740369	0.103747872168	0.101652344371	0.0878597871615	0.0950639553952	0.0884105023911	0.0897938122542	0.086309957683	0.0874583706515	0.0840234522295	0.0928876822168	0.0924241768093	0.0915371619923	0.089220516484	0.0762655730893	0.0807250980461	0.0986444159386	0.0951135176127	0.100327445129	0.103080889513	0.0899765394075	0.101033133963	0.119144478121	0.116406803647	0.0862485529027	0.106964247687	0.0983023719158	0.101857820782	0.0877478294649	0.100520992568	0.103604539607	0.0950304178338	0.110104022952	0.0895127198868	0.097775476947	0.100572109029	0.0960844684745	0.0952423559081	0.100668166856	0.10898389137	0.0880318971195	0.0894509087452	0.098624492581	0.0924060162067	0.0955108387956	0.0912135122935	0.118397330979	0.0831063567566	0.123770710592	0.0959752748623	0.0844437179969	0.0978474854803	0.0952248975692	0.105196475666	0.102507982179	0.0909707082753	0.0847341835089	0.076351927527	0.082833879932	0.0869274668105	0.087150704535	0.111514203116	0.133399735853	0.115031908016	0.103905412214	0.0863401254102	0.0898906612126	0.0857787669948	0.101055350179	0.119784665582	0.0800714855849	0.0812967127197	0.0844021186389	0.0831602493735	0.0890280358252	0.0780872760595	0.100565750795	0.0983809788866	0.0883903821994	0.0970090334153	0.0911123553776	0.0998042721311	0.0951761570296	0.0898655796299	0.0969845404758	0.0864152571683	0.0952031414638	0.103413724524	0.0972201803853	0.089774134079	0.0886388174473	0.0845964186809	0.0950058920327	0.0887582931965	0.0966891672424	0.0888742040233	0.0872396143707	0.0938026125718	0.0898734532545
158499257-tonguedorsum1.freeze11.snv.mod.fix.bam	0.121387120011	0.0898738502248	0.108208487309	0.107612850763	0.0986478203062	0.0979366697437	0.0	0.0615313093461	0.0912050928568	0.108913475046	0.108589979667	0.0993692043952	0.0969120077526	0.0968455213821	0.0879965141544	0.0808255662763	0.0948627891489	0.106113998383	0.0890096712964	0.110416302783	0.0994677242269	0.105621955361	0.107284082817	0.0977077386694	0.10058334256	0.0959800700532	0.0909413078372	0.0968553260484	0.1091514657	0.0954514691274	0.09167814192	0.0968689330253	0.0922819791165	0.106492807454	0.0986890901947	0.101100351094	0.0941822246344	0.0921549519741	0.0910343678823	0.107457100279	0.0999520881989	0.0984711314131	0.0995263751754	0.086037203499	0.0902995828151	0.0940666002766	0.0942494475856	0.102312517536	0.106799688934	0.0954584954567	0.099779043846	0.115321477272	0.110593858368	0.0922937126873	0.108594289698	0.103818859479	0.102191888616	0.0933175364533	0.112144621191	0.0948162548528	0.0964086635361	0.120682219688	0.0888688588964	0.102849674913	0.0853628805545	0.0932704646953	0.0991389663286	0.107246685519	0.101703647642	0.104065309659	0.100555664639	0.0902589511978	0.0902928843963	0.0931609447511	0.0938716445816	0.109569431572	0.099485414	0.126591237001	0.101483825145	0.0943440192909	0.0972836554469	0.095944523908	0.0862136466128	0.103110017646	0.105463415471	0.0820605855587	0.0903719682064	0.0901140747191	0.0885699022528	0.0894905631014	0.109602097603	0.131099547438	0.113367581385	0.102453916409	0.102128593144	0.106382659483	0.102744187698	0.100317387454	0.121914441262	0.0882279352664	0.091016849424	0.0923675103	0.0961714596342	0.0884277965343	0.0902099385869	0.0897570494675	0.10925578437	0.10517463987	0.0935830615784	0.0957622247216	0.0996289134634	0.0937004975586	0.0837695098875	0.0914795421967	0.0954718746304	0.0926685975637	0.102922643004	0.0935975177513	0.0899091575698	0.0973926909632	0.0979181086471	0.0940106990324	0.0799832616397	0.0821032343312	0.0927818088322	0.0933032712681	0.0958459802601	0.103263293274
158499257-tonguedorsum2.freeze11.snv.mod.fix.bam	0.115348036539	0.0828841048657	0.10395314117	0.103053031214	0.0937101938243	0.0923965198458	0.0615313093461	0.0	0.0868992996457	0.111956642971	0.112352562065	0.0969710177588	0.093204384177	0.096873844873	0.0905931717582	0.0859658623538	0.0986757520666	0.10471523094	0.105739374173	0.0996709894709	0.0929848863161	0.101704396051	0.103103979797	0.0918050178315	0.0960249414072	0.0920101613645	0.0923462998014	0.0997927776535	0.107821523643	0.0897336191358	0.0976576675947	0.0960874690746	0.0921320381817	0.102200598283	0.0949782255483	0.0965544610206	0.0942388232816	0.0922708721523	0.0870831912471	0.100862869707	0.0969823905859	0.0940191974009	0.095065638694	0.0812724096392	0.0852535606033	0.0917660078959	0.0886421398472	0.0989176748476	0.102789059051	0.0917619585659	0.096555563942	0.114257352261	0.108557309894	0.0917270489589	0.105040634344	0.100154084153	0.102080829571	0.0887390635498	0.10874248139	0.0965378471532	0.0911763251004	0.116520723948	0.0867277840574	0.0990235356155	0.078476020113	0.0892951562644	0.0945905425609	0.104081643136	0.0982320562116	0.0996685920035	0.0957107766882	0.092079250815	0.0855527594059	0.0896572405771	0.0904236882381	0.112290250291	0.0960876994207	0.123335121562	0.096539278525	0.0897135010809	0.0942215400159	0.0912113709148	0.0857868820627	0.0990973878807	0.100291244568	0.0816839008586	0.0878602697206	0.0873916568271	0.0894486258704	0.0918753084437	0.105291066148	0.127858400364	0.111670198709	0.0989216492404	0.0969597157613	0.102527032214	0.0990377901735	0.0950880346109	0.120551848587	0.0823826716722	0.0861125083696	0.0914439267495	0.0939485688325	0.0749281130731	0.0854258217597	0.0882901434752	0.104382335134	0.100482900659	0.0864508638879	0.0907703127926	0.0964270661039	0.0866235272263	0.0822117504564	0.0883105059649	0.0911009597477	0.0903223396686	0.0980596671898	0.0904097830171	0.0836810134472	0.0932976244208	0.0933519488541	0.0903790130599	0.0788210283323	0.0785698809434	0.0916620136908	0.0919023710853	0.0913708558866	0.0987348603477
158742018-tonguedorsum1.freeze11.snv.mod.fix.bam	0.124261223298	0.0832693852794	0.108124852986	0.107206673658	0.092622105411	0.0911128852688	0.0912050928568	0.0868992996457	0.0	0.109337924497	0.108297603679	0.0948145874383	0.087244240401	0.0861451370131	0.0879315950396	0.0845078603045	0.101455444048	0.103455473872	0.10409944506	0.103112193329	0.0873760429323	0.101435702031	0.103078478359	0.0910911987395	0.0925619671628	0.0948843803577	0.088596241637	0.106033689498	0.105040755391	0.0880365148572	0.0861023225143	0.084993732637	0.0924053729956	0.106953253219	0.0941880176672	0.0968010624842	0.0914536761503	0.0819075719454	0.069227122518	0.103159786275	0.0974335298182	0.0938737133087	0.0976717760895	0.0777221471833	0.0820573988458	0.0939576669051	0.0932110397161	0.0986063046812	0.104754137824	0.0941684778176	0.0961642787452	0.109332751277	0.109426227687	0.0849389025232	0.10596207967	0.103768841577	0.0979985565017	0.0874268228303	0.109082813318	0.0899531856632	0.0938869475679	0.118272489805	0.0870760844981	0.0986238728798	0.0947311265479	0.0965258896225	0.0994800932255	0.107294857684	0.107262150373	0.101285010426	0.097046306318	0.0886206748311	0.0809665569753	0.0859796476063	0.0930758086089	0.0975408799969	0.0962069826449	0.123448961144	0.0984644941149	0.0868384832131	0.097332784158	0.0947283657086	0.089787171397	0.104132681066	0.103172327071	0.0706416993862	0.0825346540633	0.0848129174851	0.0794472351728	0.0838573032554	0.110170288006	0.132015272417	0.109820717687	0.0960354311792	0.0991499948271	0.104265374731	0.0990331143623	0.0973762771307	0.119463729723	0.0802801237822	0.0850718929561	0.0872078589767	0.0923603544437	0.073817353597	0.0784053174664	0.0930743964896	0.107107436957	0.0992036455047	0.0851028509701	0.0900549444019	0.0992541548903	0.0848407232198	0.0681292531607	0.091084562431	0.0933654659224	0.0928956099012	0.104577339814	0.0969719163682	0.0869903192468	0.0942794995779	0.0965590032522	0.0941338755007	0.0814743561304	0.089072530971	0.0899417944108	0.0901216359659	0.0897775599131	0.10015221464
158802708-tonguedorsum1.freeze11.snv.mod.fix.bam	0.131974728098	0.10843851607	0.122691710167	0.122797212571	0.116353914463	0.115355692908	0.108913475046	0.111956642971	0.109337924497	0.0	0.0311272837129	0.11529282913	0.116444700494	0.113449359778	0.093712591408	0.106958510986	0.0998548298256	0.120415554743	0.111576488962	0.123315547785	0.117370381095	0.12155348809	0.122525385056	0.115195274884	0.115712895332	0.117183047795	0.117334515552	0.119295622532	0.123531816442	0.108055763913	0.109721091144	0.110062393639	0.115205051931	0.121393785239	0.117433474987	0.118292707089	0.111774819613	0.110944551672	0.110610728458	0.118684598044	0.118077757008	0.115381643598	0.116530685878	0.105045369467	0.109353378884	0.114898258634	0.117292178794	0.117449275488	0.12133953722	0.11420353154	0.114806705445	0.121982866133	0.123160725456	0.108952458331	0.12127226383	0.118127521582	0.116781359065	0.111959598693	0.125491764445	0.108508604365	0.114722317639	0.130609508277	0.109368410663	0.115478975221	0.115463517296	0.115294585275	0.117930503567	0.121565678096	0.120052170211	0.117313717735	0.113148517488	0.111003563584	0.10805283382	0.109031624214	0.11111569688	0.115261809814	0.113790522006	0.133415897773	0.119193830947	0.112835615711	0.11641728356	0.115360835163	0.111937538812	0.117598671809	0.117348381753	0.103463378716	0.109295426594	0.109823066112	0.106479856341	0.102245080827	0.123632900239	0.138934782452	0.125695839108	0.116210025985	0.115373029744	0.120176470877	0.116020053975	0.117406093846	0.129845673313	0.106260676414	0.106570717059	0.109489770542	0.113479764781	0.108910896773	0.107701626767	0.112491008384	0.120279966868	0.118199316997	0.111213178747	0.112951700909	0.115521393234	0.10973318309	0.105542245889	0.114179342433	0.113616098294	0.112213625321	0.119689933328	0.115663109279	0.111655862729	0.11436030906	0.115330517912	0.11339780834	0.109196020574	0.110638260182	0.109866036408	0.110720946993	0.111600050165	0.118000877934
158802708-tonguedorsum3.freeze11.snv.mod.fix.bam	0.132317351126	0.107435540429	0.124899465606	0.125125501915	0.119084539807	0.118726257269	0.108589979667	0.112352562065	0.108297603679	0.0311272837129	0.0	0.114869481798	0.11702192036	0.112176419121	0.100029081856	0.107584649616	0.108599540743	0.120287618826	0.107858054263	0.122400603541	0.117962576408	0.121109456011	0.121717756116	0.115508327285	0.116663100305	0.117933130233	0.115309844085	0.118766892394	0.121596770085	0.11302006989	0.106146347886	0.10777474857	0.115546979573	0.124864877078	0.117570007219	0.118611100875	0.112820945197	0.110615913233	0.110670452695	0.120733066524	0.11817665746	0.115489264089	0.11871276523	0.106293657457	0.109282244551	0.114164568733	0.118330392051	0.117923771933	0.121954591979	0.115473615619	0.112730188453	0.118820652795	0.122035342247	0.110398906928	0.120725674985	0.120953597414	0.115289537523	0.11149421372	0.12586046144	0.104525727033	0.115418588773	0.130111619215	0.110479346737	0.11427933326	0.115044747441	0.115506120398	0.118205677404	0.123428967643	0.121489180038	0.120683262737	0.115562458416	0.109063113673	0.106742879166	0.108119208414	0.112920104414	0.111389270925	0.115792378953	0.131566166152	0.120331217195	0.113092562154	0.115889360308	0.114785259754	0.110694371463	0.119970912257	0.121105672823	0.101892672588	0.111359185819	0.110061498115	0.105849015694	0.102328938617	0.12463670828	0.140003602615	0.125248646361	0.114392421525	0.118294299334	0.12286860587	0.117976310333	0.116994803131	0.128055568705	0.108655419246	0.108939022143	0.111392927765	0.116375690375	0.108075459652	0.108494253559	0.112803532736	0.123363469011	0.122676538287	0.110812663899	0.114259172646	0.116191766398	0.109251438218	0.104967945062	0.114892398729	0.115263929833	0.112352791641	0.120291242951	0.116810406151	0.111743824128	0.115385969482	0.11794089004	0.113924194347	0.109264677672	0.110431963044	0.108809589292	0.109910805043	0.110569890884	0.119515730866
158883629-tonguedorsum2.freeze11.snv.mod.fix.bam	0.129438222864	0.0912580123864	0.107680307866	0.105846911201	0.0961556047014	0.0974998494059	0.0993692043952	0.0969710177588	0.0948145874383	0.11529282913	0.114869481798	0.0	0.0995543553393	0.0979483861396	0.0990202354237	0.0926672205186	0.107260127424	0.106107356039	0.105526620024	0.103251423196	0.102241168706	0.10288295943	0.103093547612	0.0988868146907	0.102664226222	0.0976805886744	0.107944706043	0.112771857237	0.111827181427	0.0988145663198	0.100835138181	0.101238624204	0.100031209379	0.108626405498	0.0999234119875	0.0991635204777	0.093307111202	0.0925120197926	0.0919248168493	0.104594348418	0.101755135329	0.099408116079	0.100519353648	0.087524285162	0.0903426730071	0.0987528373525	0.100108668754	0.100462508015	0.104219731331	0.0940951907986	0.103605782615	0.117688955042	0.117540025631	0.094993496321	0.111628754771	0.109415040318	0.104602697124	0.0931374591655	0.114072439338	0.101073173588	0.0988531115813	0.118353162618	0.0903199091212	0.101490987552	0.100918611359	0.101412654726	0.103472540993	0.105394965799	0.110281567708	0.103275158866	0.10055005555	0.100236930706	0.0952217993949	0.097896295071	0.0956169353654	0.111441095939	0.0980173012369	0.129216998457	0.103078219286	0.0933316031933	0.105811756896	0.103459856059	0.10458198165	0.102094721937	0.105957864282	0.0868840359456	0.0971961447152	0.0912456153962	0.0915610952545	0.0916489802793	0.108394415349	0.132248068318	0.112147037056	0.106177000548	0.0999775394324	0.106645038382	0.104749494209	0.10375717898	0.123992032304	0.0883436332932	0.0922973550948	0.0993784315096	0.101904142328	0.09200613932	0.0865683788838	0.101620053042	0.104108401424	0.105229929	0.0977187427833	0.0991292090227	0.103899647668	0.0968426352117	0.0821867019214	0.0982598186416	0.0962645882218	0.0991526836562	0.107835997705	0.10003351496	0.0938272167547	0.0985555591986	0.0987407333842	0.0994030993837	0.0899658807264	0.0975099566718	0.0995701252495	0.100163370398	0.0942389522196	0.102622263879
158944319-tonguedorsum1.freeze11.snv.mod.fix.bam	0.124174058078	0.0901367727909	0.102056423396	0.100708015956	0.0919196596642	0.0878889369285	0.0969120077526	0.093204384177	0.087244240401	0.116444700494	0.11702192036	0.0995543553393	0.0	0.0819220747484	0.095791713422	0.0895924754673	0.104414565048	0.103290164126	0.111315568205	0.110804515503	0.0835899027005	0.10161459968	0.105515382352	0.0906585171731	0.0840748371771	0.0840083339608	0.107823961974	0.110451260334	0.107425853006	0.0849744262339	0.10225481438	0.100088446992	0.0937618464141	0.105777255532	0.0861667049071	0.0947666472707	0.0911171556095	0.088325678275	0.0844911780202	0.100689414616	0.0958182151704	0.0942154866572	0.0930491206254	0.0816527786291	0.0871506210408	0.0978267353521	0.0975701696159	0.0780848089955	0.0911080885245	0.0775843591996	0.101239925637	0.117173179744	0.113863191018	0.0899966314562	0.106874887529	0.100739742002	0.102859931475	0.0863856902572	0.109111341072	0.102967501918	0.090412924894	0.118122541325	0.083563620014	0.102406225979	0.100537905971	0.086144040012	0.0956410030011	0.103663244195	0.105717121642	0.0965498140668	0.0944949033073	0.0976573365232	0.0942091179234	0.0948956002286	0.0914350912251	0.116852784718	0.0976634650108	0.12633801036	0.093207474033	0.088799343588	0.0991235079844	0.0972019629832	0.100067099686	0.0918206515654	0.098842524703	0.0841748862578	0.0823257241834	0.0894439775924	0.0858875559463	0.0926483871215	0.104450519634	0.126076198347	0.108222051642	0.101856726601	0.0968803218936	0.0940635693523	0.0944379447957	0.099416236066	0.123257128765	0.0855850402708	0.0869843677666	0.0877559960958	0.0892813227957	0.0921198698773	0.0870591341024	0.100772081768	0.102712665156	0.0866315973034	0.097894235672	0.0799181188634	0.0974860188499	0.0972268641818	0.087883904902	0.092239300215	0.0896728238383	0.0921350900642	0.0995770277726	0.0924065211688	0.0851692781961	0.0919517385033	0.090746816045	0.0932005532997	0.0877424388919	0.0948756923373	0.0865817728365	0.0876004219415	0.0947473311496	0.0979671316455
158944319-tonguedorsum2.freeze11.snv.mod.fix.bam	0.127251871501	0.0912872273686	0.11137905344	0.11046319146	0.0983572393553	0.098428810208	0.0968455213821	0.096873844873	0.0861451370131	0.113449359778	0.112176419121	0.0979483861396	0.0819220747484	0.0	0.0948924535869	0.0887532922995	0.104096158888	0.104079686938	0.106300736529	0.113786736579	0.101913041152	0.103269063969	0.105565928149	0.0973170680413	0.0989769892818	0.0973586057856	0.100937750087	0.111461495499	0.105142167282	0.0997105389273	0.0946188588299	0.0942660793681	0.0932913925399	0.110854235738	0.0953529840433	0.0988091259794	0.0909727343	0.0875704405043	0.0902243555422	0.105500255871	0.0993131263642	0.0967941248566	0.0993776544299	0.0842565051298	0.089337188701	0.0978294958249	0.101535314042	0.0954340428328	0.104693935471	0.0923479714136	0.0996529957542	0.110716613892	0.112757843102	0.0909614233693	0.108318667579	0.107470481514	0.100307230987	0.0888208807482	0.107722464169	0.095836732224	0.0962797529621	0.118369384097	0.0880057478887	0.101698255005	0.102466332976	0.0986602703876	0.103830678644	0.109658416325	0.111610589104	0.0980680285723	0.0979270233048	0.0942549740203	0.0934958369257	0.0929128160692	0.0972364085007	0.104224242506	0.100366808342	0.124933183925	0.100309675909	0.0890369885241	0.0992671673771	0.0982415798547	0.0966931808707	0.103188557082	0.103683802219	0.0825779769809	0.0922915284066	0.0914972738787	0.0817562312102	0.0895207092141	0.111011176779	0.130736864755	0.106844107343	0.100007899224	0.101125529045	0.102276217446	0.0987386830751	0.101191759971	0.120556226397	0.0860400464268	0.0928075670823	0.0907326415601	0.0966090297489	0.0887121743109	0.0918855688437	0.104061195464	0.10808351798	0.105650718713	0.0947616473867	0.100830378598	0.10295775915	0.0967606486493	0.0841258584454	0.0983993168683	0.0947767372952	0.0954710993464	0.106779297093	0.0994741112972	0.0890180797678	0.0955850169747	0.0968307246828	0.0985223073244	0.0877071013643	0.0934173266749	0.0965898316612	0.0973119719447	0.0941512724963	0.100319596798
159207311-tonguedorsum1.freeze11.snv.mod.fix.bam	0.123732182109	0.0906657256422	0.106128328416	0.104966045373	0.0976371754748	0.0970032408973	0.0879965141544	0.0905931717582	0.0879315950396	0.093712591408	0.100029081856	0.0990202354237	0.095791713422	0.0948924535869	0.0	0.0605215795034	0.0479023065848	0.105262976445	0.10510698067	0.110983608715	0.0987825375445	0.104335183737	0.106967919185	0.097710649781	0.100495632272	0.095444774141	0.0968050777752	0.103836147655	0.109243524066	0.0887194343956	0.0885485006752	0.0862282913849	0.0921253272086	0.107528421941	0.0979648834683	0.100792778895	0.0940430803496	0.0922027282149	0.0905563700648	0.106130928484	0.100599043033	0.0987026238522	0.0980210403828	0.0846517264555	0.0894306411776	0.0979147970765	0.0974478203658	0.100997146001	0.104457622984	0.093224600752	0.101043724019	0.115500203608	0.113390196769	0.0921971521006	0.106694503124	0.0999839560536	0.102612390056	0.0920927669161	0.111857635506	0.0928247267544	0.0943590400242	0.119959787911	0.0871474702311	0.102251511885	0.0967017177595	0.0980737875009	0.0998862123889	0.105275055497	0.105580854567	0.101450430604	0.0987060672502	0.0916974920594	0.090079689606	0.0931893539059	0.0935668177094	0.100326713787	0.098848299651	0.125470094602	0.0976064573967	0.0932563391122	0.100730030679	0.0984613749769	0.0900171219554	0.0998478557138	0.101794138803	0.0832817922694	0.0910308519862	0.0896509998388	0.0877588319288	0.0901368481002	0.108968614675	0.129676983795	0.112184354108	0.10234061254	0.101469123663	0.105318372834	0.102231994572	0.101031900231	0.121344996092	0.0862410709367	0.0890349438893	0.0914475694792	0.0947954066295	0.0828467458014	0.0896238327777	0.0969218348593	0.105885631051	0.102245993995	0.08638441672	0.0947837926334	0.0970406022689	0.0921945638987	0.0839766348415	0.0954833947138	0.0943701518077	0.0937675554245	0.103440568377	0.0967704785912	0.0907749839526	0.0964440774788	0.0970448345812	0.09358260926	0.0859825357315	0.0905764793752	0.0934930575852	0.0945014134922	0.0948982720353	0.102232790641
159207311-tonguedorsum2.freeze11.snv.mod.fix.bam	0.126327905738	0.0839315011206	0.103556787558	0.102606135275	0.0904354094026	0.0903831967664	0.0808255662763	0.0859658623538	0.0845078603045	0.106958510986	0.107584649616	0.0926672205186	0.0895924754673	0.0887532922995	0.0605215795034	0.0	0.0588246154404	0.101236433469	0.103228305919	0.108878027052	0.0916207318695	0.0960652115238	0.1006258326	0.0924658766597	0.0959686520881	0.0898389195373	0.0979609120548	0.106337431497	0.105048914375	0.086538001076	0.0871888600325	0.0845359797947	0.079119948239	0.103355429185	0.0905059731101	0.0933375221411	0.0855279278269	0.0842286875677	0.0818119782334	0.100708741452	0.0932367710231	0.0918162739839	0.0918466003773	0.0755921187593	0.0817741570285	0.0909911605322	0.0897810229795	0.0956472832241	0.100159033845	0.0865978437523	0.096572981554	0.113471805785	0.111701277145	0.0861325815081	0.103266164026	0.0995641856725	0.0971071889039	0.0850616563171	0.106718803962	0.0926789094259	0.0888401312688	0.115752412748	0.0807367368625	0.0985213328461	0.0957103427867	0.0941360606769	0.0965504543106	0.101764915126	0.107498075396	0.096129584747	0.0931882289565	0.0834741904538	0.0835806250633	0.0893518978325	0.0903192434749	0.102643452417	0.0927358660732	0.123857646979	0.0910708911917	0.0854644172129	0.097373163381	0.0949936000455	0.0902580575389	0.0981302007209	0.097729682145	0.0758034424822	0.0849696359722	0.0818413574035	0.0811029077548	0.0846747850853	0.106298509316	0.129058607424	0.107610243454	0.100344625125	0.0950110017117	0.0975567791755	0.0957325469133	0.0988334808751	0.119818936223	0.0791942252437	0.0828294100101	0.0870791206943	0.0904462293425	0.0774278979775	0.0834143240851	0.0958394322077	0.101367599642	0.0984268595402	0.0804666617752	0.093224786613	0.0961026735816	0.0892866468076	0.077962332311	0.0938505800141	0.0879442563706	0.0902217912616	0.101597714847	0.0920680101358	0.0854480759067	0.0889638544925	0.0884814574115	0.089749768811	0.0794547937062	0.0891316170911	0.0905830959965	0.0909508228873	0.0887269013982	0.0959652357946
