	BYQ_AAAB.freeze11.snv.mod.fix.bam	BYQ_AAAD.freeze11.snv.mod.fix.bam	BYQ_AAAG.freeze11.snv.mod.fix.bam	BYQ_AAAI.freeze11.snv.mod.fix.bam	BYQ_AAAJ.freeze11.snv.mod.fix.bam	BYQ_AAAK.freeze11.snv.mod.fix.bam	BYQ_AAAL.freeze11.snv.mod.fix.bam	BYQ_AAAM.freeze11.snv.mod.fix.bam	BYQ_AAAN.freeze11.snv.mod.fix.bam	BYQ_AAAO.freeze11.snv.mod.fix.bam	BYQ_AAAP.freeze11.snv.mod.fix.bam	BYQ_AAAQ.freeze11.snv.mod.fix.bam	BYQ_AAAR.freeze11.snv.mod.fix.bam	BYQ_AAAS.freeze11.snv.mod.fix.bam	BYQ_AAAT.freeze11.snv.mod.fix.bam	BYQ_AAAU.freeze11.snv.mod.fix.bam	BYQ_AAAV.freeze11.snv.mod.fix.bam	BYQ_AAAW.freeze11.snv.mod.fix.bam	BYQ_AAAX.freeze11.snv.mod.fix.bam	BYQ_AAAY.freeze11.snv.mod.fix.bam	BYQ_AAAZ.freeze11.snv.mod.fix.bam	BYQ_AABA.freeze11.snv.mod.fix.bam	BYQ_AABB.freeze11.snv.mod.fix.bam	BYQ_AABC.freeze11.snv.mod.fix.bam
BYQ_AAAB.freeze11.snv.mod.fix.bam	0.0	0.03061991542	0.0302504082976	0.0301193513169	0.029241100916	0.0283089436796	0.0292783066707	0.0295376688696	0.0295019841529	0.0292088285441	0.0313635255451	0.0306900413144	0.0293488321767	0.0280813280631	0.027885397845	0.0295870127887	0.0284060498635	0.0273938915507	0.0287303390847	0.029509795	0.0281711974562	0.0271346919468	0.0276047905135	0.0279269518893
BYQ_AAAD.freeze11.snv.mod.fix.bam	0.03061991542	0.0	0.0299770465082	0.0290360333683	0.0280116207739	0.0271669025762	0.0284823449699	0.0291837767242	0.0285392796559	0.0285388930166	0.0298760704897	0.0287312110271	0.0293341291018	0.0271196544022	0.0265628517646	0.0294231237019	0.0270460757133	0.0263450569039	0.0279308519727	0.0286306695111	0.0269794041989	0.0263464502074	0.0263408526954	0.0266403617009
BYQ_AAAG.freeze11.snv.mod.fix.bam	0.0302504082976	0.0299770465082	0.0	0.0284289483737	0.0282120647873	0.0265570116204	0.027112141438	0.0290001634782	0.0271531197994	0.0281342314736	0.0305847732	0.0301893266438	0.0284326029181	0.0264403592068	0.0257578240838	0.0281889883524	0.026428049946	0.0253059677562	0.0273975135779	0.0288923754864	0.0262931703263	0.0253542638295	0.0251780769327	0.0257387813961
BYQ_AAAI.freeze11.snv.mod.fix.bam	0.0301193513169	0.0290360333683	0.0284289483737	0.0	0.0264469611104	0.0247376824189	0.0261627439118	0.0280163955968	0.0258994076452	0.0262629327484	0.0298773450301	0.0278805433912	0.0273839856406	0.0246974500062	0.0242054699755	0.0268128278894	0.0245225753339	0.0237136674854	0.0257175698597	0.026535176662	0.0243885538266	0.0230771117684	0.0231510820965	0.0242300440719
BYQ_AAAJ.freeze11.snv.mod.fix.bam	0.029241100916	0.0280116207739	0.0282120647873	0.0264469611104	0.0	0.0235258380667	0.0255125670663	0.0263849726804	0.0251021125098	0.0253861468655	0.0291662405318	0.0273523403917	0.0259384406477	0.0242083106631	0.0226023249207	0.0265736145151	0.0231283178524	0.0224898014128	0.02557963172	0.0260611317476	0.0238216371623	0.0224109411308	0.0220906358369	0.0226119254185
BYQ_AAAK.freeze11.snv.mod.fix.bam	0.0283089436796	0.0271669025762	0.0265570116204	0.0247376824189	0.0235258380667	0.0	0.022548910139	0.025043610365	0.0229943675306	0.0229172162591	0.0291917252562	0.0264346474288	0.0248978445853	0.0206948706885	0.0176527606067	0.0249657160285	0.0183945068505	0.0171463543999	0.0226953633515	0.0236088088978	0.0198953825879	0.0170464367069	0.0161649002985	0.0143596185944
BYQ_AAAL.freeze11.snv.mod.fix.bam	0.0292783066707	0.0284823449699	0.027112141438	0.0261627439118	0.0255125670663	0.022548910139	0.0	0.0263066898572	0.0252703695462	0.0247545686961	0.0288971238415	0.027687531755	0.026399195464	0.0236131902855	0.0222994318372	0.0264844810106	0.0229054302306	0.0220035380628	0.0252011377423	0.025889919711	0.0232898593681	0.0216170173893	0.0212602807445	0.0222254702771
BYQ_AAAM.freeze11.snv.mod.fix.bam	0.0295376688696	0.0291837767242	0.0290001634782	0.0280163955968	0.0263849726804	0.025043610365	0.0263066898572	0.0	0.0266350304598	0.0262246486802	0.0299208786785	0.0287355491675	0.0274956979623	0.0259439435809	0.0241559310448	0.0272780158573	0.0248521622859	0.0240795186678	0.0268703739516	0.0272953690147	0.0253090218912	0.0239349270229	0.0242176818305	0.0243533657379
BYQ_AAAN.freeze11.snv.mod.fix.bam	0.0295019841529	0.0285392796559	0.0271531197994	0.0258994076452	0.0251021125098	0.0229943675306	0.0252703695462	0.0266350304598	0.0	0.0247065536367	0.0280103012374	0.0283058008343	0.0272343084426	0.0237300520137	0.0216533964912	0.0258484067052	0.0226566636984	0.021962875815	0.0250838263997	0.0258177402342	0.0237520867708	0.0220841426052	0.0216935207549	0.0218711593974
BYQ_AAAO.freeze11.snv.mod.fix.bam	0.0292088285441	0.0285388930166	0.0281342314736	0.0262629327484	0.0253861468655	0.0229172162591	0.0247545686961	0.0262246486802	0.0247065536367	0.0	0.0286450235498	0.0274764548544	0.0263515718826	0.0238421668142	0.0216697711443	0.0259403388067	0.0225607008943	0.0220974509914	0.0250877102976	0.0260407650952	0.0231138651819	0.0216473658643	0.021493506086	0.0218692002885
BYQ_AAAP.freeze11.snv.mod.fix.bam	0.0313635255451	0.0298760704897	0.0305847732	0.0298773450301	0.0291662405318	0.0291917252562	0.0288971238415	0.0299208786785	0.0280103012374	0.0286450235498	0.0	0.0302721875063	0.0299441188021	0.0283070242911	0.0276622389553	0.0295455923218	0.0284049058918	0.0278944061778	0.0288717878632	0.0297143786771	0.0283709675264	0.0275644338408	0.0281346548111	0.0284563746464
BYQ_AAAQ.freeze11.snv.mod.fix.bam	0.0306900413144	0.0287312110271	0.0301893266438	0.0278805433912	0.0273523403917	0.0264346474288	0.027687531755	0.0287355491675	0.0283058008343	0.0274764548544	0.0302721875063	0.0	0.0282859017235	0.0270202130553	0.025943272945	0.0279525245815	0.0261208757199	0.0256847439361	0.027142974818	0.0277614569542	0.0258366129979	0.0256034924824	0.0252080798146	0.0262079596455
BYQ_AAAR.freeze11.snv.mod.fix.bam	0.0293488321767	0.0293341291018	0.0284326029181	0.0273839856406	0.0259384406477	0.0248978445853	0.026399195464	0.0274956979623	0.0272343084426	0.0263515718826	0.0299441188021	0.0282859017235	0.0	0.0258297693228	0.0241747643909	0.0274274066849	0.0248327600111	0.0241056637623	0.0261563415277	0.0268622506454	0.0251883413254	0.0239556122077	0.0236455432142	0.0242035404131
BYQ_AAAS.freeze11.snv.mod.fix.bam	0.0280813280631	0.0271196544022	0.0264403592068	0.0246974500062	0.0242083106631	0.0206948706885	0.0236131902855	0.0259439435809	0.0237300520137	0.0238421668142	0.0283070242911	0.0270202130553	0.0258297693228	0.0	0.0210145166284	0.0247610938972	0.0204895793937	0.0204580921654	0.0241329994486	0.0237751532623	0.0216731929176	0.0204148778239	0.0200489261484	0.0205087905526
BYQ_AAAT.freeze11.snv.mod.fix.bam	0.027885397845	0.0265628517646	0.0257578240838	0.0242054699755	0.0226023249207	0.0176527606067	0.0222994318372	0.0241559310448	0.0216533964912	0.0216697711443	0.0276622389553	0.025943272945	0.0241747643909	0.0210145166284	0.0	0.0242447314382	0.0179503092779	0.0169468211321	0.0223596639862	0.0233475980542	0.0193848732245	0.0168085811081	0.0170254503086	0.0168793061518
BYQ_AAAU.freeze11.snv.mod.fix.bam	0.0295870127887	0.0294231237019	0.0281889883524	0.0268128278894	0.0265736145151	0.0249657160285	0.0264844810106	0.0272780158573	0.0258484067052	0.0259403388067	0.0295455923218	0.0279525245815	0.0274274066849	0.0247610938972	0.0242447314382	0.0	0.0239503235616	0.0242184064856	0.0262484119639	0.0274686546612	0.0245593333015	0.0235584087678	0.0231853123557	0.0241925127323
BYQ_AAAV.freeze11.snv.mod.fix.bam	0.0284060498635	0.0270460757133	0.026428049946	0.0245225753339	0.0231283178524	0.0183945068505	0.0229054302306	0.0248521622859	0.0226566636984	0.0225607008943	0.0284049058918	0.0261208757199	0.0248327600111	0.0204895793937	0.0179503092779	0.0239503235616	0.0	0.0175200153272	0.0221125429428	0.0232111489136	0.0193485295841	0.0176302184034	0.0170129063154	0.0171796775769
BYQ_AAAW.freeze11.snv.mod.fix.bam	0.0273938915507	0.0263450569039	0.0253059677562	0.0237136674854	0.0224898014128	0.0171463543999	0.0220035380628	0.0240795186678	0.021962875815	0.0220974509914	0.0278944061778	0.0256847439361	0.0241056637623	0.0204580921654	0.0169468211321	0.0242184064856	0.0175200153272	0.0	0.0212539301124	0.022832868237	0.0188590149591	0.0163367844864	0.0157459450431	0.0160565838992
BYQ_AAAX.freeze11.snv.mod.fix.bam	0.0287303390847	0.0279308519727	0.0273975135779	0.0257175698597	0.02557963172	0.0226953633515	0.0252011377423	0.0268703739516	0.0250838263997	0.0250877102976	0.0288717878632	0.027142974818	0.0261563415277	0.0241329994486	0.0223596639862	0.0262484119639	0.0221125429428	0.0212539301124	0.0	0.0251960672412	0.0231974167417	0.0215010254934	0.0212983375274	0.0219216488767
BYQ_AAAY.freeze11.snv.mod.fix.bam	0.029509795	0.0286306695111	0.0288923754864	0.026535176662	0.0260611317476	0.0236088088978	0.025889919711	0.0272953690147	0.0258177402342	0.0260407650952	0.0297143786771	0.0277614569542	0.0268622506454	0.0237751532623	0.0233475980542	0.0274686546612	0.0232111489136	0.022832868237	0.0251960672412	0.0	0.024045098409	0.02285176366	0.0226288607227	0.0233720584176
BYQ_AAAZ.freeze11.snv.mod.fix.bam	0.0281711974562	0.0269794041989	0.0262931703263	0.0243885538266	0.0238216371623	0.0198953825879	0.0232898593681	0.0253090218912	0.0237520867708	0.0231138651819	0.0283709675264	0.0258366129979	0.0251883413254	0.0216731929176	0.0193848732245	0.0245593333015	0.0193485295841	0.0188590149591	0.0231974167417	0.024045098409	0.0	0.0189332686081	0.019031007523	0.0193327780306
BYQ_AABA.freeze11.snv.mod.fix.bam	0.0271346919468	0.0263464502074	0.0253542638295	0.0230771117684	0.0224109411308	0.0170464367069	0.0216170173893	0.0239349270229	0.0220841426052	0.0216473658643	0.0275644338408	0.0256034924824	0.0239556122077	0.0204148778239	0.0168085811081	0.0235584087678	0.0176302184034	0.0163367844864	0.0215010254934	0.02285176366	0.0189332686081	0.0	0.0158202127276	0.0163302490601
BYQ_AABB.freeze11.snv.mod.fix.bam	0.0276047905135	0.0263408526954	0.0251780769327	0.0231510820965	0.0220906358369	0.0161649002985	0.0212602807445	0.0242176818305	0.0216935207549	0.021493506086	0.0281346548111	0.0252080798146	0.0236455432142	0.0200489261484	0.0170254503086	0.0231853123557	0.0170129063154	0.0157459450431	0.0212983375274	0.0226288607227	0.019031007523	0.0158202127276	0.0	0.0146421799525
BYQ_AABC.freeze11.snv.mod.fix.bam	0.0279269518893	0.0266403617009	0.0257387813961	0.0242300440719	0.0226119254185	0.0143596185944	0.0222254702771	0.0243533657379	0.0218711593974	0.0218692002885	0.0284563746464	0.0262079596455	0.0242035404131	0.0205087905526	0.0168793061518	0.0241925127323	0.0171796775769	0.0160565838992	0.0219216488767	0.0233720584176	0.0193327780306	0.0163302490601	0.0146421799525	0.0
