	158944319-tonguedorsum3.freeze11.snv.mod.fix.bam	159207311-tonguedorsum3.freeze11.snv.mod.fix.bam	159591683-tonguedorsum1.freeze11.snv.mod.fix.bam	159611913-tonguedorsum1.freeze11.snv.mod.fix.bam	159753524-tonguedorsum1.freeze11.snv.mod.fix.bam	160582958-tonguedorsum3.freeze11.snv.mod.fix.bam	160643649-tonguedorsum1.freeze11.snv.mod.fix.bam	160704339-tonguedorsum1.freeze11.snv.mod.fix.bam	675950834-buccalmucosa1.freeze11.snv.mod.fix.bam	675950834-buccalmucosa2.freeze11.snv.mod.fix.bam	763982056-tonguedorsum1.freeze11.snv.mod.fix.bam	763982056-tonguedorsum2.freeze11.snv.mod.fix.bam	763982056-tonguedorsum3.freeze11.snv.mod.fix.bam	764447348-buccalmucosa1.freeze11.snv.mod.fix.bam	765155402-keratinizedgingiva3.freeze11.snv.mod.fix.bam	823052294-tonguedorsum3.freeze11.snv.mod.fix.bam	CCIS16383318ST-4-0.freeze11.snv.mod.fix.bam	CCIS54027808ST-4-0.freeze11.snv.mod.fix.bam	MMRS16644320ST-27-0-0.freeze11.snv.mod.fix.bam	NG-5636_312.freeze11.snv.mod.fix.bam	NLM027.freeze11.snv.mod.fix.bam
158944319-tonguedorsum3.freeze11.snv.mod.fix.bam	0.0	0.101802459431	0.137514739738	0.107586051996	0.119377842664	0.0495816721882	0.106238418777	0.121623898029	0.189903981133	0.19557527093	0.0950642933348	0.0854624066483	0.0941658711887	0.169689482846	0.175080015722	0.0843393789657	0.11769330114	0.118198663597	0.158852265708	0.158852265708	0.128362064125
159207311-tonguedorsum3.freeze11.snv.mod.fix.bam	0.101802459431	0.0	0.0806895389971	0.106575327082	0.0956258071761	0.0936043573474	0.0433488685496	0.106463024314	0.177943736313	0.185468021787	0.120837778651	0.0756359144253	0.0643494862148	0.160592958616	0.164242798585	0.0471110112864	0.112920433489	0.120893930035	0.149980347016	0.146948172272	0.125273737998
159591683-tonguedorsum1.freeze11.snv.mod.fix.bam	0.137514739738	0.0806895389971	0.0	0.124150710315	0.128305912741	0.124656072772	0.0866977370992	0.124824526925	0.203941827166	0.210062328036	0.148295805492	0.103543152339	0.0992756471447	0.187657925768	0.188949407603	0.0866415857151	0.139929249256	0.145488236285	0.172721657589	0.172160143748	0.15031725532
159611913-tonguedorsum1.freeze11.snv.mod.fix.bam	0.107586051996	0.106575327082	0.124150710315	0.0	0.12190465495	0.0877646133977	0.102588578808	0.106912235387	0.182997360885	0.189174013139	0.0986018305351	0.0829917457465	0.081475658375	0.165141220731	0.168173395474	0.0854624066483	0.10410466618	0.107529900612	0.147790443034	0.148351956876	0.0864169801786
159753524-tonguedorsum1.freeze11.snv.mod.fix.bam	0.119377842664	0.0956258071761	0.128305912741	0.12190465495	0.0	0.0962434724016	0.100061766523	0.129541243192	0.186591049469	0.191813128194	0.13414565669	0.0962996237857	0.11280813072	0.169352574541	0.169015666236	0.0869784940199	0.136279409287	0.132068055478	0.162389802909	0.16036835308	0.152226402381
160582958-tonguedorsum3.freeze11.snv.mod.fix.bam	0.0495816721882	0.0936043573474	0.124656072772	0.0877646133977	0.0962434724016	0.0	0.0920321185917	0.104890785558	0.164411252737	0.169970239766	0.0815879611432	0.0562636868999	0.0768712448762	0.144926722444	0.148015048571	0.0767589421079	0.0975349542366	0.0924251782806	0.133415688697	0.129597394576	0.10505923971
160643649-tonguedorsum1.freeze11.snv.mod.fix.bam	0.106238418777	0.0433488685496	0.0866977370992	0.102588578808	0.100061766523	0.0920321185917	0.0	0.109382896288	0.1758661351	0.182716603964	0.116682576226	0.0722668313774	0.0581728339604	0.157841540794	0.161603683531	0.0511539109439	0.106799932618	0.113538098714	0.145881295974	0.145319782133	0.121792352181
160704339-tonguedorsum1.freeze11.snv.mod.fix.bam	0.121623898029	0.106463024314	0.124824526925	0.106912235387	0.129541243192	0.104890785558	0.109382896288	0.0	0.18524341625	0.19040934359	0.121286989724	0.100005615138	0.0791734516256	0.167780335785	0.1723285979	0.0943343253411	0.106406872929	0.11089898366	0.149474984558	0.140996125554	0.131113481947
675950834-buccalmucosa1.freeze11.snv.mod.fix.bam	0.189903981133	0.177943736313	0.203941827166	0.182997360885	0.186591049469	0.164411252737	0.1758661351	0.18524341625	0.0	0.000168454152395	0.187208714695	0.167218821944	0.170250996687	0.0521646358583	0.0385760008984	0.159862990623	0.12476837554	0.0600258296367	0.0670447526532	0.0619349766972	0.117244090067
675950834-buccalmucosa2.freeze11.snv.mod.fix.bam	0.19557527093	0.185468021787	0.210062328036	0.189174013139	0.191813128194	0.169970239766	0.182716603964	0.19040934359	0.000168454152395	0.0	0.19203773373	0.173451625583	0.1758661351	0.0549722050649	0.0395867258128	0.166264248414	0.131113481947	0.0676062664945	0.0713122578472	0.0664832388118	0.123364590937
763982056-tonguedorsum1.freeze11.snv.mod.fix.bam	0.0950642933348	0.120837778651	0.148295805492	0.0986018305351	0.13414565669	0.0815879611432	0.116682576226	0.121286989724	0.187208714695	0.19203773373	0.0	0.0428996574766	0.0865292829468	0.167274973328	0.17137402437	0.0969172890112	0.110169015666	0.0886068841597	0.15615699927	0.15969453647	0.120051659273
763982056-tonguedorsum2.freeze11.snv.mod.fix.bam	0.0854624066483	0.0756359144253	0.103543152339	0.0829917457465	0.0962996237857	0.0562636868999	0.0722668313774	0.100005615138	0.167218821944	0.173451625583	0.0428996574766	0.0	0.0530069066202	0.148969622101	0.151103374698	0.0541299343029	0.0916952102869	0.090010668763	0.135830198214	0.13291032624	0.108035263069
763982056-tonguedorsum3.freeze11.snv.mod.fix.bam	0.0941658711887	0.0643494862148	0.0992756471447	0.081475658375	0.11280813072	0.0768712448762	0.0581728339604	0.0791734516256	0.170250996687	0.1758661351	0.0865292829468	0.0530069066202	0.0	0.151215677466	0.154079398057	0.0543545398394	0.084900892807	0.0883822786232	0.130551968106	0.130551968106	0.101240945589
764447348-buccalmucosa1.freeze11.snv.mod.fix.bam	0.169689482846	0.160592958616	0.187657925768	0.165141220731	0.169352574541	0.144926722444	0.157841540794	0.167780335785	0.0521646358583	0.0549722050649	0.167274973328	0.148969622101	0.151215677466	0.0	0.0568813521253	0.14065921725	0.106238418777	0.0700207760121	0.0439665337751	0.0433488685496	0.101297096973
765155402-keratinizedgingiva3.freeze11.snv.mod.fix.bam	0.175080015722	0.164242798585	0.188949407603	0.168173395474	0.169015666236	0.148015048571	0.161603683531	0.1723285979	0.0385760008984	0.0395867258128	0.17137402437	0.151103374698	0.154079398057	0.0568813521253	0.0	0.142961423999	0.115671851311	0.0662024818912	0.0640687292942	0.0616542197765	0.11089898366
823052294-tonguedorsum3.freeze11.snv.mod.fix.bam	0.0843393789657	0.0471110112864	0.0866415857151	0.0854624066483	0.0869784940199	0.0767589421079	0.0511539109439	0.0943343253411	0.159862990623	0.166264248414	0.0969172890112	0.0541299343029	0.0543545398394	0.14065921725	0.142961423999	0.0	0.0916390589028	0.0935482059633	0.127744398899	0.126845976753	0.107080689539
CCIS16383318ST-4-0.freeze11.snv.mod.fix.bam	0.11769330114	0.112920433489	0.139929249256	0.10410466618	0.136279409287	0.0975349542366	0.106799932618	0.106406872929	0.12476837554	0.131113481947	0.110169015666	0.0916952102869	0.084900892807	0.106238418777	0.115671851311	0.0916390589028	0.0	0.0564882924364	0.0809141445337	0.084900892807	0.0842832275816
CCIS54027808ST-4-0.freeze11.snv.mod.fix.bam	0.118198663597	0.120893930035	0.145488236285	0.107529900612	0.132068055478	0.0924251782806	0.113538098714	0.11089898366	0.0600258296367	0.0676062664945	0.0886068841597	0.090010668763	0.0883822786232	0.0700207760121	0.0662024818912	0.0935482059633	0.0564882924364	0.0	0.0542983884553	0.0565444438205	0.0735583132124
MMRS16644320ST-27-0-0.freeze11.snv.mod.fix.bam	0.158852265708	0.149980347016	0.172721657589	0.147790443034	0.162389802909	0.133415688697	0.145881295974	0.149474984558	0.0670447526532	0.0713122578472	0.15615699927	0.135830198214	0.130551968106	0.0439665337751	0.0640687292942	0.127744398899	0.0809141445337	0.0542983884553	0.0	0.0524453927789	0.0941658711887
NG-5636_312.freeze11.snv.mod.fix.bam	0.158852265708	0.146948172272	0.172160143748	0.148351956876	0.16036835308	0.129597394576	0.145319782133	0.140996125554	0.0619349766972	0.0664832388118	0.15969453647	0.13291032624	0.130551968106	0.0433488685496	0.0616542197765	0.126845976753	0.084900892807	0.0565444438205	0.0524453927789	0.0	0.0930428435061
NLM027.freeze11.snv.mod.fix.bam	0.128362064125	0.125273737998	0.15031725532	0.0864169801786	0.152226402381	0.10505923971	0.121792352181	0.131113481947	0.117244090067	0.123364590937	0.120051659273	0.108035263069	0.101240945589	0.101297096973	0.11089898366	0.107080689539	0.0842832275816	0.0735583132124	0.0941658711887	0.0930428435061	0.0
