	CCIS11362406ST-4-0.freeze11.snv.mod.fix.bam	CCIS50471204ST-4-0.freeze11.snv.mod.fix.bam	CCIS59132091ST-4-0.freeze11.snv.mod.fix.bam	CCIS81710917ST-20-0.freeze11.snv.mod.fix.bam	CCMD86114146ST-21-0.freeze11.snv.mod.fix.bam	M1.4-V2.metaT.freeze11.snv.mod.fix.bam	MMRS15137911ST-27-0-0.freeze11.snv.mod.fix.bam	NG-5636_144.freeze11.snv.mod.fix.bam	NG-5636_231.freeze11.snv.mod.fix.bam	NG-5636_350.freeze11.snv.mod.fix.bam	NG-5636_365.freeze11.snv.mod.fix.bam	SAMEA3136652.freeze11.snv.mod.fix.bam	SAMEA3136666.freeze11.snv.mod.fix.bam	SAMEA3136675.freeze11.snv.mod.fix.bam	SAMEA3136684.freeze11.snv.mod.fix.bam	SAMEA3136696.freeze11.snv.mod.fix.bam	SAMEA3136713.freeze11.snv.mod.fix.bam	SAMEA3136717.freeze11.snv.mod.fix.bam	SAMEA3136721.freeze11.snv.mod.fix.bam	SAMEA3136743.freeze11.snv.mod.fix.bam	SAMEA3136753.freeze11.snv.mod.fix.bam	SAMEA3136755.freeze11.snv.mod.fix.bam	SAMEA3136756.freeze11.snv.mod.fix.bam	SAMEA3136764.freeze11.snv.mod.fix.bam
CCIS11362406ST-4-0.freeze11.snv.mod.fix.bam	0.0	0.232978029149	0.235425277355	0.232978029149	0.240102240592	0.154013487057	0.214596475963	0.209973896019	0.21361757668	0.208451163802	0.220143571895	0.224331085491	0.223732869263	0.22085055471	0.225527517946	0.194746573853	0.203339134218	0.213943876441	0.233521862084	0.212421144224	0.21329127692	0.212856210572	0.223243419621	0.235153360888
CCIS50471204ST-4-0.freeze11.snv.mod.fix.bam	0.232978029149	0.0	0.187731128997	0.200239286491	0.183761148575	0.169675875571	0.236676093104	0.223406569502	0.22416793561	0.22416793561	0.219110289319	0.222264520339	0.221938220579	0.213726343267	0.22998694801	0.208124864042	0.203230367631	0.2134544268	0.21943658908	0.229823798129	0.215303458777	0.211659778116	0.212747443985	0.234120078312
CCIS59132091ST-4-0.freeze11.snv.mod.fix.bam	0.235425277355	0.187731128997	0.0	0.216010441592	0.209266913204	0.164237546226	0.22699586687	0.221883837285	0.222699586687	0.226397650642	0.220524254949	0.227594083098	0.22574505112	0.213508810094	0.224874918425	0.221992603872	0.221720687405	0.228844898847	0.235588427235	0.220633021536	0.216554274527	0.221448770938	0.226723950402	0.232271046335
CCIS81710917ST-20-0.freeze11.snv.mod.fix.bam	0.232978029149	0.200239286491	0.216010441592	0.0	0.187676745704	0.170981074614	0.236349793343	0.222862736567	0.228301065913	0.228790515554	0.20589514901	0.242767021971	0.222971503154	0.221231237764	0.233032412443	0.222046987166	0.221503154231	0.224439852077	0.213182510333	0.224929301719	0.228246682619	0.207689797694	0.226452033935	0.231618446813
CCMD86114146ST-21-0.freeze11.snv.mod.fix.bam	0.240102240592	0.183761148575	0.209266913204	0.187676745704	0.0	0.176201870785	0.240482923646	0.227539699804	0.237056776158	0.219219055906	0.232869262563	0.230422014357	0.23912334131	0.253861213835	0.229551881662	0.230911463998	0.227050250163	0.22400478573	0.225038068305	0.229660648249	0.222318903633	0.204861866435	0.24385468784	0.255329562758
M1.4-V2.metaT.freeze11.snv.mod.fix.bam	0.154013487057	0.169675875571	0.164237546226	0.170981074614	0.176201870785	0.0	0.0920165325212	0.16478137916	0.15830976724	0.142212312378	0.158907983467	0.162170981075	0.155916902328	0.156950184903	0.153687187296	0.146834892321	0.154938003045	0.156297585382	0.162660430716	0.149118990646	0.155264302806	0.153469654122	0.162986730476	0.171470524255
MMRS15137911ST-27-0-0.freeze11.snv.mod.fix.bam	0.214596475963	0.236676093104	0.22699586687	0.236349793343	0.240482923646	0.0920165325212	0.0	0.218947139439	0.215412225364	0.206493365238	0.20904938003	0.235316510768	0.215085925604	0.211931694583	0.214814009136	0.194637807266	0.206330215358	0.218675222972	0.225908201001	0.213671959974	0.21030019578	0.211822927997	0.223515336089	0.234663911246
NG-5636_144.freeze11.snv.mod.fix.bam	0.209973896019	0.223406569502	0.221883837285	0.222862736567	0.227539699804	0.16478137916	0.218947139439	0.0	0.197737654992	0.202414618229	0.193006308462	0.222210137046	0.210735262127	0.208070480748	0.221666304111	0.190015227322	0.199260387209	0.196704372417	0.226832716989	0.210354579073	0.206710898412	0.21486839243	0.216934957581	0.216336741353
NG-5636_231.freeze11.snv.mod.fix.bam	0.21361757668	0.22416793561	0.222699586687	0.228301065913	0.237056776158	0.15830976724	0.215412225364	0.197737654992	0.0	0.197628888405	0.210408962367	0.217913856863	0.19344137481	0.212747443985	0.211442244942	0.182836632586	0.204426800087	0.217261257342	0.208288013922	0.216499891233	0.216554274527	0.21628235806	0.20589514901	0.224983685012
NG-5636_350.freeze11.snv.mod.fix.bam	0.208451163802	0.22416793561	0.226397650642	0.228790515554	0.219219055906	0.142212312378	0.206493365238	0.202414618229	0.197628888405	0.0	0.206602131825	0.199151620622	0.207200348053	0.221340004351	0.203937350446	0.196106156189	0.202360234936	0.204535566674	0.208233630629	0.191918642593	0.215194692191	0.196813139004	0.203502284098	0.227920382858
NG-5636_365.freeze11.snv.mod.fix.bam	0.220143571895	0.219110289319	0.220524254949	0.20589514901	0.232869262563	0.158907983467	0.20904938003	0.193006308462	0.210408962367	0.206602131825	0.0	0.215629758538	0.207363497933	0.195562323254	0.216826190994	0.179519251686	0.192951925169	0.206765281705	0.205786382423	0.202523384816	0.217968240157	0.200728736132	0.202686534697	0.210898412008
SAMEA3136652.freeze11.snv.mod.fix.bam	0.224331085491	0.222264520339	0.227594083098	0.242767021971	0.230422014357	0.162170981075	0.235316510768	0.222210137046	0.217913856863	0.199151620622	0.215629758538	0.0	0.218457689798	0.21030019578	0.223896019143	0.207091581466	0.195616706548	0.219545355667	0.237111159452	0.202632151403	0.209158146617	0.224494235371	0.212149227757	0.221394387644
SAMEA3136666.freeze11.snv.mod.fix.bam	0.223732869263	0.221938220579	0.22574505112	0.222971503154	0.23912334131	0.155916902328	0.215085925604	0.210735262127	0.19344137481	0.207200348053	0.207363497933	0.218457689798	0.0	0.193876441157	0.206058298891	0.17989993474	0.197955188166	0.213508810094	0.197356971938	0.21187731129	0.193550141397	0.217750706983	0.180498150968	0.212801827279
SAMEA3136675.freeze11.snv.mod.fix.bam	0.22085055471	0.213726343267	0.213508810094	0.221231237764	0.253861213835	0.156950184903	0.211931694583	0.208070480748	0.212747443985	0.221340004351	0.195562323254	0.21030019578	0.193876441157	0.0	0.200946269306	0.16304111377	0.193006308462	0.215466608658	0.206547748532	0.220796171416	0.192244942354	0.209430063085	0.192244942354	0.190830976724
SAMEA3136684.freeze11.snv.mod.fix.bam	0.225527517946	0.22998694801	0.224874918425	0.233032412443	0.229551881662	0.153687187296	0.214814009136	0.221666304111	0.211442244942	0.203937350446	0.216826190994	0.223896019143	0.206058298891	0.200946269306	0.0	0.168425059822	0.206167065477	0.219926038721	0.215738525125	0.210517728954	0.175059821623	0.214052643028	0.205786382423	0.217587557102
SAMEA3136696.freeze11.snv.mod.fix.bam	0.194746573853	0.208124864042	0.221992603872	0.222046987166	0.230911463998	0.146834892321	0.194637807266	0.190015227322	0.182836632586	0.196106156189	0.179519251686	0.207091581466	0.17989993474	0.16304111377	0.168425059822	0.0	0.16902327605	0.198879704155	0.193713291277	0.202795301283	0.136175766804	0.203556667392	0.184250598216	0.210028279313
SAMEA3136713.freeze11.snv.mod.fix.bam	0.203339134218	0.203230367631	0.221720687405	0.221503154231	0.227050250163	0.154938003045	0.206330215358	0.199260387209	0.204426800087	0.202360234936	0.192951925169	0.195616706548	0.197955188166	0.193006308462	0.206167065477	0.16902327605	0.0	0.183434848814	0.2010006526	0.199477920383	0.196160539482	0.208016097455	0.197465738525	0.214542092669
SAMEA3136717.freeze11.snv.mod.fix.bam	0.213943876441	0.2134544268	0.228844898847	0.224439852077	0.22400478573	0.156297585382	0.218675222972	0.196704372417	0.217261257342	0.204535566674	0.206765281705	0.219545355667	0.213508810094	0.215466608658	0.219926038721	0.198879704155	0.183434848814	0.0	0.21329127692	0.222808353274	0.213508810094	0.223950402436	0.218457689798	0.224548618664
SAMEA3136721.freeze11.snv.mod.fix.bam	0.233521862084	0.21943658908	0.235588427235	0.213182510333	0.225038068305	0.162660430716	0.225908201001	0.226832716989	0.208288013922	0.208233630629	0.205786382423	0.237111159452	0.197356971938	0.206547748532	0.215738525125	0.193713291277	0.2010006526	0.21329127692	0.0	0.209375679791	0.205840765717	0.215249075484	0.213128127039	0.22242767022
SAMEA3136743.freeze11.snv.mod.fix.bam	0.212421144224	0.229823798129	0.220633021536	0.224929301719	0.229660648249	0.149118990646	0.213671959974	0.210354579073	0.216499891233	0.191918642593	0.202523384816	0.202632151403	0.21187731129	0.220796171416	0.210517728954	0.202795301283	0.199477920383	0.222808353274	0.209375679791	0.0	0.217370023929	0.19958668697	0.205296932782	0.209647596258
SAMEA3136753.freeze11.snv.mod.fix.bam	0.21329127692	0.215303458777	0.216554274527	0.228246682619	0.222318903633	0.155264302806	0.21030019578	0.206710898412	0.216554274527	0.215194692191	0.217968240157	0.209158146617	0.193550141397	0.192244942354	0.175059821623	0.136175766804	0.196160539482	0.213508810094	0.205840765717	0.217370023929	0.0	0.226071350881	0.210898412008	0.222101370459
SAMEA3136755.freeze11.snv.mod.fix.bam	0.212856210572	0.211659778116	0.221448770938	0.207689797694	0.204861866435	0.153469654122	0.211822927997	0.21486839243	0.21628235806	0.196813139004	0.200728736132	0.224494235371	0.217750706983	0.209430063085	0.214052643028	0.203556667392	0.208016097455	0.223950402436	0.215249075484	0.19958668697	0.226071350881	0.0	0.214542092669	0.214433326082
SAMEA3136756.freeze11.snv.mod.fix.bam	0.223243419621	0.212747443985	0.226723950402	0.226452033935	0.24385468784	0.162986730476	0.223515336089	0.216934957581	0.20589514901	0.203502284098	0.202686534697	0.212149227757	0.180498150968	0.192244942354	0.205786382423	0.184250598216	0.197465738525	0.218457689798	0.213128127039	0.205296932782	0.210898412008	0.214542092669	0.0	0.21660865782
SAMEA3136764.freeze11.snv.mod.fix.bam	0.235153360888	0.234120078312	0.232271046335	0.231618446813	0.255329562758	0.171470524255	0.234663911246	0.216336741353	0.224983685012	0.227920382858	0.210898412008	0.221394387644	0.212801827279	0.190830976724	0.217587557102	0.210028279313	0.214542092669	0.224548618664	0.22242767022	0.209647596258	0.222101370459	0.214433326082	0.21660865782	0.0
