	147406386-tonguedorsum3.freeze11.snv.mod.fix.bam	158155345-tonguedorsum2.freeze11.snv.mod.fix.bam	158216035-tonguedorsum2.freeze11.snv.mod.fix.bam	158256496-tonguedorsum2.freeze11.snv.mod.fix.bam	158337416-tonguedorsum1.freeze11.snv.mod.fix.bam	158337416-tonguedorsum2.freeze11.snv.mod.fix.bam	158458797-tonguedorsum1.freeze11.snv.mod.fix.bam	158458797-tonguedorsum2.freeze11.snv.mod.fix.bam	158479027-tonguedorsum1.freeze11.snv.mod.fix.bam	158883629-tonguedorsum1.freeze11.snv.mod.fix.bam	158883629-tonguedorsum2.freeze11.snv.mod.fix.bam	158883629-tonguedorsum3.freeze11.snv.mod.fix.bam	158944319-tonguedorsum3.freeze11.snv.mod.fix.bam	159207311-tonguedorsum3.freeze11.snv.mod.fix.bam	159227541-tonguedorsum3.freeze11.snv.mod.fix.bam	159247771-tonguedorsum2.freeze11.snv.mod.fix.bam	159268001-tonguedorsum1.freeze11.snv.mod.fix.bam	159268001-tonguedorsum3.freeze11.snv.mod.fix.bam	159470302-tonguedorsum1.freeze11.snv.mod.fix.bam	159551223-tonguedorsum1.freeze11.snv.mod.fix.bam	159551223-tonguedorsum2.freeze11.snv.mod.fix.bam	159611913-tonguedorsum2.freeze11.snv.mod.fix.bam	159733294-tonguedorsum1.freeze11.snv.mod.fix.bam	159814214-tonguedorsum2.freeze11.snv.mod.fix.bam	159915365-tonguedorsum1.freeze11.snv.mod.fix.bam	160178356-tonguedorsum2.freeze11.snv.mod.fix.bam	160178356-tonguedorsum3.freeze11.snv.mod.fix.bam	160259276-tonguedorsum1.freeze11.snv.mod.fix.bam	160319967-tonguedorsum1.freeze11.snv.mod.fix.bam	160319967-tonguedorsum2.freeze11.snv.mod.fix.bam	160319967-tonguedorsum3.freeze11.snv.mod.fix.bam	160380657-tonguedorsum2.freeze11.snv.mod.fix.bam	160380657-tonguedorsum3.freeze11.snv.mod.fix.bam	160400887-tonguedorsum1.freeze11.snv.mod.fix.bam	160421117-tonguedorsum2.freeze11.snv.mod.fix.bam	160421117-tonguedorsum3.freeze11.snv.mod.fix.bam	160502038-tonguedorsum1.freeze11.snv.mod.fix.bam	160502038-tonguedorsum2.freeze11.snv.mod.fix.bam	160502038-tonguedorsum3.freeze11.snv.mod.fix.bam	160582958-tonguedorsum2.freeze11.snv.mod.fix.bam	160582958-tonguedorsum3.freeze11.snv.mod.fix.bam	160603188-tonguedorsum2.freeze11.snv.mod.fix.bam	160603188-tonguedorsum3.freeze11.snv.mod.fix.bam	160704339-tonguedorsum1.freeze11.snv.mod.fix.bam	160906640-tonguedorsum1.freeze11.snv.mod.fix.bam	160947100-tonguedorsum1.freeze11.snv.mod.fix.bam	234447334-tonguedorsum2.freeze11.snv.mod.fix.bam	295137534-tonguedorsum2.freeze11.snv.mod.fix.bam	338793263-tonguedorsum2.freeze11.snv.mod.fix.bam	370027359-tonguedorsum3.freeze11.snv.mod.fix.bam	508703490-tonguedorsum2.freeze11.snv.mod.fix.bam	550534656-tonguedorsum2.freeze11.snv.mod.fix.bam	550534656-tonguedorsum3.freeze11.snv.mod.fix.bam	604812005-tonguedorsum3.freeze11.snv.mod.fix.bam	638754422-tonguedorsum1.freeze11.snv.mod.fix.bam	638754422-tonguedorsum2.freeze11.snv.mod.fix.bam	638754422-tonguedorsum3.freeze11.snv.mod.fix.bam	675950834-tonguedorsum2.freeze11.snv.mod.fix.bam	675950834-tonguedorsum3.freeze11.snv.mod.fix.bam	682102541-tonguedorsum3.freeze11.snv.mod.fix.bam	686765762-tonguedorsum3.freeze11.snv.mod.fix.bam	706846339-tonguedorsum1.freeze11.snv.mod.fix.bam	737052003-tonguedorsum1.freeze11.snv.mod.fix.bam	737052003-tonguedorsum2.freeze11.snv.mod.fix.bam	763395383-anteriornares3.freeze11.snv.mod.fix.bam	763395383-tonguedorsum3.freeze11.snv.mod.fix.bam	763536994-tonguedorsum2.freeze11.snv.mod.fix.bam	763557224-tonguedorsum3.freeze11.snv.mod.fix.bam	763759525-tonguedorsum2.freeze11.snv.mod.fix.bam	763901136-tonguedorsum1.freeze11.snv.mod.fix.bam	763901136-tonguedorsum2.freeze11.snv.mod.fix.bam	763901136-tonguedorsum3.freeze11.snv.mod.fix.bam	763961826-tonguedorsum1.freeze11.snv.mod.fix.bam	763961826-tonguedorsum2.freeze11.snv.mod.fix.bam	763982056-tonguedorsum1.freeze11.snv.mod.fix.bam	763982056-tonguedorsum2.freeze11.snv.mod.fix.bam	763982056-tonguedorsum3.freeze11.snv.mod.fix.bam	764062976-tonguedorsum2.freeze11.snv.mod.fix.bam	764083206-tonguedorsum1.freeze11.snv.mod.fix.bam	764285508-tonguedorsum2.freeze11.snv.mod.fix.bam	764305738-tonguedorsum1.freeze11.snv.mod.fix.bam	764305738-tonguedorsum2.freeze11.snv.mod.fix.bam	764325968-tonguedorsum1.freeze11.snv.mod.fix.bam	764325968-tonguedorsum2.freeze11.snv.mod.fix.bam	764366428-throat2.freeze11.snv.mod.fix.bam	764366428-tonguedorsum2.freeze11.snv.mod.fix.bam	764366428-tonguedorsum3.freeze11.snv.mod.fix.bam	764447348-tonguedorsum1.freeze11.snv.mod.fix.bam	764467579-palatinetonsils3.freeze11.snv.mod.fix.bam	764467579-tonguedorsum3.freeze11.snv.mod.fix.bam	764508039-tonguedorsum3.freeze11.snv.mod.fix.bam	764588959-tonguedorsum2.freeze11.snv.mod.fix.bam	764811490-tonguedorsum1.freeze11.snv.mod.fix.bam	764811490-tonguedorsum2.freeze11.snv.mod.fix.bam	764872181-tonguedorsum1.freeze11.snv.mod.fix.bam	764892411-tonguedorsum2.freeze11.snv.mod.fix.bam	765013792-tonguedorsum2.freeze11.snv.mod.fix.bam	765013792-tonguedorsum3.freeze11.snv.mod.fix.bam	765034022-tonguedorsum1.freeze11.snv.mod.fix.bam	765074482-tonguedorsum1.freeze11.snv.mod.fix.bam	765074482-tonguedorsum3.freeze11.snv.mod.fix.bam	765094712-tonguedorsum1.freeze11.snv.mod.fix.bam	765155402-tonguedorsum3.freeze11.snv.mod.fix.bam	765195863-palatinetonsils3.freeze11.snv.mod.fix.bam	765195863-tonguedorsum3.freeze11.snv.mod.fix.bam	765216093-tonguedorsum3.freeze11.snv.mod.fix.bam	765337473-tonguedorsum2.freeze11.snv.mod.fix.bam	765620695-tonguedorsum1.freeze11.snv.mod.fix.bam	765640925-tonguedorsum1.freeze11.snv.mod.fix.bam	823052294-tonguedorsum1.freeze11.snv.mod.fix.bam	823052294-tonguedorsum2.freeze11.snv.mod.fix.bam	823052294-tonguedorsum3.freeze11.snv.mod.fix.bam	857980665-tonguedorsum2.freeze11.snv.mod.fix.bam	857980665-tonguedorsum3.freeze11.snv.mod.fix.bam	861967750-tonguedorsum1.freeze11.snv.mod.fix.bam	861967750-tonguedorsum2.freeze11.snv.mod.fix.bam	863126187-tonguedorsum3.freeze11.snv.mod.fix.bam	937415040-tonguedorsum1.freeze11.snv.mod.fix.bam	953045535-tonguedorsum2.freeze11.snv.mod.fix.bam
147406386-tonguedorsum3.freeze11.snv.mod.fix.bam	0.0	0.122431312012	0.235963100995	0.120177281657	0.259732804905	0.261163195488	0.111092276391	0.111359417845	0.24604645177	0.12329297914	0.140113237004	0.258084741387	0.263996349529	0.16935000099	0.239735205779	0.116512570709	0.235589857769	0.233834153091	0.250347413124	0.238665970356	0.18998737987	0.107585608561	0.260796639484	0.251853319466	0.257485556197	0.202039134817	0.205629372204	0.120172558674	0.166326380201	0.242106458184	0.202747929784	0.246929514505	0.253652348049	0.244895048813	0.221634298124	0.216108879004	0.121945774946	0.125988421118	0.126311803981	0.24414141486	0.257404082469	0.265208600642	0.266005670406	0.139691398715	0.239788428237	0.178504734859	0.240797267558	0.258128059999	0.25436730655	0.144919101033	0.246376281946	0.247311623088	0.242756815643	0.247511793941	0.241178441182	0.245706702128	0.252796913453	0.231409046517	0.24932750873	0.162287225609	0.247220119068	0.24667909472	0.122282217047	0.249407827956	0.123807736396	0.259326963046	0.259067755372	0.250957604465	0.109586064337	0.198649972757	0.237330712237	0.242629095618	0.105606057581	0.110201893422	0.15431560613	0.192243835566	0.182979443204	0.22429359935	0.193146961387	0.112183344873	0.110562154655	0.109790972288	0.135067692468	0.155057215406	0.19581618145	0.147767574517	0.17297286553	0.254122630899	0.131077838486	0.194009774769	0.12082075203	0.120926111367	0.254302506409	0.251768910628	0.119275764411	0.137770483581	0.121633931746	0.107742058849	0.153492462141	0.13111809589	0.126081754063	0.1099309197	0.11970730176	0.169272593282	0.208181404773	0.225683290809	0.241235823153	0.241007537791	0.140622432115	0.103236246889	0.15897656622	0.104709628672	0.117159229617	0.112585110997	0.231560622515	0.226212103439	0.115101649483	0.254568649312	0.222206023555
158155345-tonguedorsum2.freeze11.snv.mod.fix.bam	0.122431312012	0.0	0.247095597284	0.0883390594725	0.269770390113	0.270056627509	0.127132364091	0.128094150205	0.256403542445	0.130000345823	0.1643190758	0.267698322033	0.272879212973	0.188264386875	0.253114415707	0.13262455121	0.249780467549	0.246990220902	0.262460505044	0.249682282306	0.208111485609	0.123968296678	0.269444618889	0.260773200264	0.266515509732	0.22102521135	0.224208285609	0.133821991405	0.186287277845	0.252769576873	0.220601372118	0.257179501064	0.262438248444	0.2536659861	0.237626128864	0.233495226762	0.131432459666	0.13354627469	0.13349893031	0.252639989751	0.265638426954	0.272509510654	0.273123956119	0.159233374204	0.249756816125	0.197347172856	0.252223741427	0.267154967915	0.26326843685	0.161779591323	0.256531147415	0.259264956213	0.253533285323	0.259882472104	0.252777743672	0.256985752468	0.262810979413	0.245825903298	0.259366437665	0.182565725729	0.258661391201	0.255733039486	0.132022463424	0.260237042294	0.145234000886	0.26772767915	0.267264294195	0.258755134688	0.118642231513	0.215194920677	0.248900496351	0.252909830106	0.122323163923	0.127427985624	0.172620376143	0.210016368169	0.201301584417	0.238826615443	0.212995271562	0.118037652883	0.129480961246	0.128018001417	0.154800641365	0.176425996262	0.216915815955	0.171763287717	0.195255062837	0.262235056649	0.143670279727	0.212561063317	0.136512353948	0.12250948337	0.262026434228	0.26062822375	0.126992024231	0.164519996765	0.128322215398	0.122987896524	0.172956737258	0.148773313234	0.135131090745	0.114563580281	0.14295573965	0.190676826667	0.226720706399	0.237156248987	0.249018572693	0.251633735756	0.159931569895	0.126584884006	0.187306586691	0.130401740473	0.131011385086	0.128335085439	0.243044212048	0.238738147593	0.132736237199	0.263207753741	0.237725827434
158216035-tonguedorsum2.freeze11.snv.mod.fix.bam	0.235963100995	0.247095597284	0.0	0.2148039137	0.142147108654	0.14322545286	0.242572694607	0.242578818459	0.130128200557	0.251661894968	0.17499720139	0.0924221520182	0.13134604229	0.176508304797	0.0860387083881	0.24678778252	0.12537863346	0.119814507408	0.115117843384	0.142240840464	0.15675318015	0.234928103504	0.141775661755	0.136003855237	0.140932252735	0.132084929028	0.129001854215	0.222203243409	0.171843529601	0.129997662377	0.147625237729	0.139699862236	0.142442726299	0.122219459787	0.133872926971	0.140891342072	0.246745085478	0.249759252251	0.24973993034	0.133528035657	0.140831667903	0.135004185857	0.136527234302	0.195196732422	0.137729660669	0.176198838557	0.127398970783	0.141160044833	0.138437378353	0.18912863699	0.124858915098	0.101121911358	0.0854083510938	0.125467658149	0.118993666452	0.12590863157	0.130507615843	0.141174894488	0.135163807358	0.16528555637	0.123036990603	0.134119442654	0.240463546149	0.051185662885	0.217295096227	0.122007409053	0.125342617651	0.119291325707	0.240059385199	0.156481893268	0.145343280304	0.139581357442	0.243521399727	0.23730802899	0.181586198959	0.154534147225	0.159636280735	0.128256826174	0.152968401798	0.242480631537	0.247720154536	0.248703674526	0.198468335156	0.17258903617	0.158167208986	0.183839355262	0.165387772825	0.140312400036	0.215753420057	0.147695536737	0.238665323449	0.243491788977	0.140422921224	0.137605210271	0.24266284007	0.166880754332	0.246601870774	0.240719164964	0.172603903513	0.226655018267	0.251161672173	0.243549136386	0.213081586659	0.185945987085	0.152359566713	0.133145038309	0.12216209157	0.108740618227	0.196251551602	0.235603927754	0.168308104116	0.223986074735	0.248028978594	0.243965781535	0.121270959608	0.122985485136	0.232690176484	0.142168650823	0.133178964202
158256496-tonguedorsum2.freeze11.snv.mod.fix.bam	0.120177281657	0.0883390594725	0.2148039137	0.0	0.241679985717	0.242493128988	0.131329018263	0.132185627685	0.222800036021	0.143726150464	0.128625810892	0.245950185132	0.25060173625	0.14997374537	0.216329737765	0.141265832708	0.223088962091	0.222412992068	0.226832201708	0.221680333311	0.173022151281	0.117682743111	0.242514875931	0.232278884004	0.239198750533	0.175596575552	0.179171703156	0.126313070853	0.151217918906	0.22657503176	0.187222731983	0.226597147155	0.233112778271	0.232800176166	0.201739130788	0.196530078993	0.141703313611	0.146829292297	0.147347549966	0.225398961618	0.238336587028	0.250707262748	0.251559517355	0.130397980399	0.220361864781	0.155982979477	0.218197457443	0.237900920318	0.234449570062	0.13249515683	0.22525465125	0.225566450488	0.220001075402	0.223542644448	0.218379511179	0.223968866187	0.232022733571	0.211844749205	0.228526570066	0.140316662623	0.227783695238	0.228288079455	0.140247831761	0.231524017558	0.125018695078	0.246053619078	0.245820262726	0.238237711045	0.123198263615	0.178497810897	0.217680160133	0.222447498662	0.117694064492	0.122098999998	0.137912756425	0.174941476563	0.165327560301	0.211870841002	0.164843392621	0.133272945604	0.139851627295	0.139526656483	0.131211582897	0.138811811403	0.177286047119	0.128232430544	0.154026753792	0.234118799868	0.12038865901	0.168585907232	0.137797773404	0.132901499341	0.237360206912	0.234813244729	0.138963156386	0.1248685019	0.141808812491	0.122651638299	0.134845460899	0.133079389027	0.146387525445	0.128994532354	0.10867873989	0.150571890592	0.190220482631	0.209625420119	0.223637139622	0.22031207924	0.127742593273	0.12425435883	0.143810308417	0.112381492374	0.131161635386	0.125471853727	0.218776357327	0.213502672782	0.129474036281	0.234613916081	0.200690549227
158337416-tonguedorsum1.freeze11.snv.mod.fix.bam	0.259732804905	0.269770390113	0.142147108654	0.241679985717	0.0	0.00844278221736	0.266325924214	0.265304900895	0.117553937518	0.272679260842	0.229995732883	0.162433617326	0.164357525877	0.188592473033	0.131553404696	0.268626579766	0.174272565223	0.170571995889	0.128112015306	0.137996342569	0.169204102583	0.259862967155	0.114796774199	0.118981536258	0.0747231683887	0.150828843124	0.14832627683	0.24807143859	0.194812755724	0.127347266169	0.161536341132	0.120552231889	0.119127866448	0.166904444831	0.144952189807	0.153293289334	0.269291077731	0.271348051019	0.271307323912	0.127217877305	0.131699492037	0.17002219228	0.170821318005	0.222843670972	0.117870127411	0.199811998245	0.127008503813	0.119537677403	0.111224896046	0.213370203493	0.12653703759	0.123385150022	0.128954899101	0.12429282884	0.119595558883	0.122536537297	0.124986636014	0.129102586655	0.115254324151	0.191575973803	0.0499258767075	0.124629923267	0.259156361699	0.154174846894	0.239305659644	0.158253314564	0.165528435707	0.157532395405	0.263328441314	0.153299042718	0.125108637885	0.117504997285	0.26854586666	0.260199616349	0.203732861832	0.164632134878	0.173783461392	0.174463425761	0.166252420633	0.263996976241	0.269203008804	0.270380398234	0.235064838953	0.21526743489	0.158123415749	0.205466909564	0.176570677027	0.122109125734	0.239252014628	0.157578461462	0.260229897189	0.26467316921	0.131716751338	0.129721207039	0.265053136606	0.218868200127	0.267578510668	0.264411348712	0.205519537517	0.248532209381	0.2706291321	0.26706507743	0.238895286857	0.200266613372	0.148007936003	0.141402359058	0.131998947402	0.144233506379	0.219994502028	0.258532229832	0.194852154103	0.250418568505	0.270249780159	0.266742449598	0.162515067715	0.166416257317	0.256036444189	0.115951438172	0.128713632462
158337416-tonguedorsum2.freeze11.snv.mod.fix.bam	0.261163195488	0.270056627509	0.14322545286	0.242493128988	0.00844278221736	0.0	0.267221800783	0.266076115079	0.121260065274	0.273184572863	0.230771019575	0.160450595904	0.162384590302	0.189120188362	0.134840031966	0.269332510654	0.178543755688	0.172088423726	0.132415862264	0.136294099604	0.169863605615	0.260473419117	0.114616211207	0.118073994105	0.0774076197646	0.151931089818	0.150173750925	0.248705139264	0.19680724843	0.126990353521	0.161662612	0.124028200267	0.118325482308	0.165657034058	0.143621171558	0.152173388042	0.270000235727	0.271879020511	0.271817003665	0.12493668689	0.129133564535	0.169236873446	0.169521015413	0.223835021606	0.116097420186	0.204936103329	0.125812096772	0.117842313846	0.112478008872	0.216429257311	0.124704776847	0.125512888825	0.128171437565	0.128043754288	0.121254459944	0.123219424493	0.124679733814	0.13187614292	0.116647747318	0.194723858341	0.0497430025655	0.126213300172	0.263606218846	0.156790637902	0.242110577708	0.158580602674	0.163935697473	0.155493145296	0.26435390734	0.153813045957	0.124975560095	0.120267516267	0.269885785267	0.263350053101	0.20444703141	0.164893885766	0.17399327966	0.174207988471	0.170375449377	0.264717976248	0.270234173146	0.271141986163	0.235817543081	0.216216754119	0.160790996175	0.208642279813	0.177322514299	0.124912282074	0.240263516916	0.157970713269	0.265061842608	0.265156575864	0.129481790148	0.131270369001	0.265325296098	0.219945543899	0.269878839022	0.265414126914	0.207836395818	0.252729682571	0.271199885014	0.267369763663	0.240009216415	0.20432382735	0.14893290419	0.140339982711	0.133810989935	0.147767620633	0.220942851331	0.261080747492	0.197224895064	0.251509693455	0.270746458265	0.267327459607	0.161337757737	0.165242065504	0.25677183434	0.113072931965	0.130633373678
158458797-tonguedorsum1.freeze11.snv.mod.fix.bam	0.111092276391	0.127132364091	0.242572694607	0.131329018263	0.266325924214	0.267221800783	0.0	0.0219689302772	0.251429938226	0.126618060919	0.151152055893	0.265091350822	0.269135235916	0.178320737806	0.247598723012	0.12452942383	0.242882004391	0.241374681744	0.257352481161	0.246717786117	0.199288542509	0.112672098861	0.265875905244	0.257463962502	0.263535458508	0.21123964965	0.2144252277	0.12571205758	0.174461590723	0.249286527256	0.211889123774	0.252224346077	0.258963900454	0.251653001639	0.230863507137	0.225685369563	0.126605553087	0.129984687848	0.130398589529	0.252551244313	0.265145095273	0.268895097047	0.269651270891	0.145248935118	0.246439246136	0.186747798227	0.248048185181	0.263465815608	0.26024055852	0.155017955981	0.254280133228	0.254921451582	0.250193737275	0.2546044698	0.248148130989	0.251760215438	0.259225676458	0.239627989483	0.255379028112	0.171797367778	0.253874476882	0.252589696669	0.123105513592	0.256351976754	0.130426639589	0.263467923729	0.264099201982	0.255886924463	0.109151774017	0.205500871821	0.243672506806	0.248653643942	0.111348390604	0.115572499935	0.164507747544	0.20272359077	0.194155109822	0.230391366979	0.202612144018	0.11223971992	0.115353668654	0.114475005951	0.14351456524	0.166242333752	0.207011859542	0.157326647886	0.183052550184	0.259462340986	0.138886663959	0.205064649398	0.120346473737	0.122661041482	0.261325619934	0.257984497446	0.123280464456	0.149951031956	0.121044240748	0.111210860334	0.161920096313	0.137296634118	0.128988752434	0.114231187195	0.129803403654	0.178639951399	0.217641122999	0.233519019921	0.244356141358	0.246593924109	0.146132727848	0.118961416542	0.175098740053	0.118332691267	0.122001062525	0.118353104065	0.239763914399	0.234575460398	0.125413802367	0.261234123487	0.229524832541
158458797-tonguedorsum2.freeze11.snv.mod.fix.bam	0.111359417845	0.128094150205	0.242578818459	0.132185627685	0.265304900895	0.266076115079	0.0219689302772	0.0	0.251177889519	0.12792757869	0.152539448267	0.2642540692	0.268676218076	0.178905394508	0.247248742848	0.125525232173	0.242707367501	0.240930453853	0.25686080672	0.245843330039	0.199165333809	0.1138188076	0.265082267685	0.257176867918	0.262123753948	0.210958350593	0.214103345655	0.126768437765	0.175247440126	0.248418388867	0.21155874063	0.25119776001	0.257775585978	0.251576155436	0.230109097843	0.224822380701	0.127349688139	0.130897604066	0.13124172915	0.251357296443	0.263947135928	0.268381294677	0.26905154815	0.145693283969	0.24487673278	0.186989215729	0.246391542303	0.262542804046	0.259208527169	0.15543259403	0.253714568324	0.254938501535	0.249942517917	0.254026259398	0.247662670635	0.251434760316	0.258355586496	0.239720397411	0.254990970124	0.172476760506	0.253283087005	0.25226359557	0.123895987623	0.255784886429	0.131395125314	0.263232574507	0.263570248162	0.255405546564	0.10868960388	0.20507946454	0.242044889888	0.247677292381	0.112342543018	0.116091914489	0.164893981225	0.202762587084	0.193971618663	0.230413186387	0.203266665222	0.113068240749	0.115212420995	0.114590683044	0.145269741151	0.166515825141	0.206739371816	0.158269463816	0.183496917041	0.258865928935	0.138514778525	0.203990806801	0.120579788183	0.123377242451	0.25987042777	0.255702150038	0.123895261283	0.149572236067	0.12250798303	0.112274776615	0.162212012767	0.13814709702	0.130033702716	0.114697271243	0.130683039194	0.179547348115	0.217789224082	0.232726030772	0.243853122763	0.246182969158	0.146898864249	0.119789208925	0.175935846301	0.119838479627	0.123212319087	0.119624433065	0.238499680356	0.233778004716	0.126566036531	0.26058018397	0.229453428967
158479027-tonguedorsum1.freeze11.snv.mod.fix.bam	0.24604645177	0.256403542445	0.130128200557	0.222800036021	0.117553937518	0.121260065274	0.251429938226	0.251177889519	0.0	0.260934523294	0.211949570903	0.158390382318	0.163051690492	0.159120702246	0.10007492285	0.256234228407	0.159577926334	0.161230022435	0.102174470703	0.132471851788	0.15460436081	0.245626248426	0.1113873046	0.114750449523	0.12107716016	0.121147019084	0.119428161301	0.234672498877	0.177234765571	0.123520949433	0.149849519415	0.0873916282092	0.0921269976682	0.163333328434	0.134585020567	0.141964496121	0.256913643273	0.259517669677	0.259630743028	0.115608144342	0.121334340117	0.166588962923	0.168077178763	0.206834313492	0.0873702137439	0.176183693485	0.1048809237	0.080079347579	0.0780593865553	0.195300741447	0.113742108626	0.0887902689712	0.0991029425333	0.105317833134	0.108851709902	0.116574659001	0.122276373337	0.0918078766986	0.0806567619534	0.155438453674	0.119404065737	0.115439405983	0.243343112656	0.14558450734	0.220709787156	0.157667090466	0.162758321594	0.157848540774	0.249799919275	0.127849065689	0.103709505316	0.0922853370356	0.253970109651	0.24408170852	0.186038447762	0.151365479951	0.158544464042	0.165903872481	0.141761978644	0.252333529001	0.255486808294	0.256163915145	0.217976557072	0.194633718281	0.127029439249	0.174106038177	0.145527422528	0.115067608521	0.219418861752	0.125633597775	0.240745354061	0.252318241911	0.128828143684	0.123216460994	0.252907043074	0.195726345095	0.254201048328	0.249933173447	0.188061521216	0.230709558687	0.259152799225	0.253159484957	0.217353703605	0.166498140064	0.117000700332	0.142376543491	0.127390850444	0.125633735145	0.200727131743	0.243684475312	0.173689646755	0.234711460678	0.256950908143	0.253063366277	0.153043090823	0.156612664391	0.242750191997	0.0798696800522	0.0853047548659
158883629-tonguedorsum1.freeze11.snv.mod.fix.bam	0.12329297914	0.130000345823	0.251661894968	0.143726150464	0.272679260842	0.273184572863	0.126618060919	0.12792757869	0.260934523294	0.0	0.114344234982	0.270513481186	0.27606240287	0.191817435507	0.25727533248	0.128490667218	0.252235058685	0.24986569595	0.265532938827	0.25407855022	0.212835520777	0.122281360494	0.272938585784	0.264214578229	0.269515037031	0.222687173271	0.225944569117	0.13530528014	0.188505698937	0.255316732979	0.223122402094	0.260014052071	0.265971988279	0.259522139446	0.240270940444	0.235894569656	0.133619902855	0.136067272281	0.136106086836	0.25681649762	0.269332152942	0.275783471721	0.276254500283	0.158034535798	0.254017775238	0.199935428004	0.256108912917	0.271116717489	0.267362142996	0.16611908431	0.261144760553	0.262937310284	0.258332545933	0.262726381091	0.255924042729	0.260111889221	0.266097032392	0.248778234987	0.262895258756	0.185112648891	0.262386454948	0.259719878788	0.129261488801	0.264593017457	0.118739681107	0.271146094774	0.270258167793	0.262754267931	0.122081977663	0.217938421153	0.25248183029	0.256627177177	0.124116124185	0.129270016683	0.173255463655	0.212554389596	0.2032775658	0.241676273154	0.214006359882	0.123644900267	0.130229600187	0.128187666386	0.155990865021	0.177737576687	0.219249372416	0.17248822685	0.196689005998	0.265979917192	0.148376776167	0.216443960052	0.132694780187	0.119199227747	0.267434013863	0.265016183579	0.115700101942	0.166536205633	0.128202094711	0.123606719692	0.175714951165	0.148103637043	0.13347927104	0.118205666898	0.142478712084	0.191066282785	0.228440652927	0.241123143345	0.252427217968	0.255343040637	0.159887435509	0.130388183945	0.190242962414	0.13193687381	0.129490113272	0.126549558487	0.248863589827	0.243567513312	0.130007302037	0.266649528806	0.241313924949
158883629-tonguedorsum2.freeze11.snv.mod.fix.bam	0.140113237004	0.1643190758	0.17499720139	0.128625810892	0.229995732883	0.230771019575	0.151152055893	0.152539448267	0.211949570903	0.114344234982	0.0	0.181540072334	0.222316430207	0.147705160274	0.1740028014	0.159246702318	0.192959324734	0.192324701856	0.213650953879	0.209817518422	0.165459928239	0.137169879967	0.227884511518	0.219050076773	0.22764760865	0.165444510384	0.168530848082	0.143696528054	0.143633381382	0.210781060714	0.17360842041	0.218516800017	0.224172674407	0.20277206042	0.188247646857	0.183606339036	0.163569088387	0.168487660158	0.168831243671	0.215541717224	0.2275218981	0.222850698123	0.223347464236	0.134580393815	0.210841500232	0.14722851965	0.204483953369	0.227799564211	0.224649008169	0.134398250545	0.211380047731	0.198100034105	0.18724363969	0.21091966962	0.204495733616	0.211014524828	0.219580232938	0.203190356231	0.219198780365	0.136788981304	0.210603421945	0.217108148066	0.160733141603	0.187646761828	0.129882868201	0.215833905332	0.215925251359	0.207636172863	0.145895536018	0.17075452578	0.207895599044	0.21350123418	0.139501266803	0.144002800346	0.136245012111	0.166323739301	0.157802508635	0.183816051913	0.164973811024	0.158643495894	0.161581547994	0.161053393456	0.128367850883	0.122368842667	0.170668757519	0.128718183322	0.147753558483	0.223307080251	0.142148486123	0.160896633153	0.156206905615	0.153471160402	0.225562232656	0.222986043209	0.155711082646	0.108777922947	0.163257585831	0.144944655135	0.132853938358	0.152529414263	0.166263694554	0.152706010793	0.126692889306	0.150477647855	0.181570550661	0.193081415732	0.213262178675	0.196221650234	0.134407183163	0.146916112569	0.137595054914	0.133268885704	0.147693135953	0.141402905111	0.190204592648	0.185362408072	0.150812636393	0.224257068881	0.190936073413
158883629-tonguedorsum3.freeze11.snv.mod.fix.bam	0.258084741387	0.267698322033	0.0924221520182	0.245950185132	0.162433617326	0.160450595904	0.265091350822	0.2642540692	0.158390382318	0.270513481186	0.181540072334	0.0	0.122659608326	0.208854335	0.0947212540068	0.265563922543	0.13587145231	0.128430165387	0.165242339533	0.159391338803	0.18745882695	0.257284327777	0.154792064417	0.151729838003	0.1635603678	0.180042638009	0.179219465297	0.244618904236	0.203171153602	0.141973133104	0.172525861348	0.165976247776	0.161620528973	0.114384086407	0.167789539843	0.174746848246	0.266796679598	0.268742604854	0.268613444399	0.15414334002	0.159862002182	0.125965232597	0.124814694356	0.230267874417	0.156275064285	0.216543947095	0.154819115425	0.157073874055	0.162288150742	0.225361429101	0.152277887289	0.132324053977	0.116105890859	0.161232007221	0.153418282019	0.156062226648	0.158178860081	0.172105941871	0.161644392838	0.206965958735	0.149936069679	0.154791651353	0.2654890474	0.076281523694	0.249850398303	0.116309517319	0.11252958116	0.111982088153	0.262932131418	0.18741041656	0.168967836949	0.166755378496	0.268286268584	0.263694579014	0.212318334827	0.180556274291	0.18749658772	0.133813047016	0.188780945897	0.26254589267	0.268892892634	0.26886187685	0.224014802909	0.201958818418	0.190921240284	0.222919455733	0.199169644333	0.158821498439	0.245072605153	0.183314736789	0.267090934885	0.264708942807	0.158194174884	0.162060721209	0.263843597257	0.202993064231	0.269745296424	0.263781485238	0.220410577322	0.25699814259	0.269332683279	0.265054213151	0.245303340873	0.223198790833	0.180713436819	0.148662330757	0.162506054031	0.127637510984	0.229280576298	0.262060359395	0.207961553504	0.252468022312	0.268839546084	0.265292937399	0.12113040684	0.126876141636	0.256207377279	0.156085677148	0.165276396558
158944319-tonguedorsum3.freeze11.snv.mod.fix.bam	0.263996349529	0.272879212973	0.13134604229	0.25060173625	0.164357525877	0.162384590302	0.269135235916	0.268676218076	0.163051690492	0.27606240287	0.222316430207	0.122659608326	0.0	0.214463266871	0.14348609902	0.270584048826	0.140798435474	0.132937199832	0.168533979247	0.165660126811	0.192723797969	0.263074022263	0.153097785826	0.154409077856	0.162137187342	0.184673843705	0.183308707218	0.244032035442	0.207324917972	0.144625604873	0.175641265302	0.16993080542	0.165546793966	0.0564515505801	0.173375200093	0.17995916761	0.272813240516	0.274570703662	0.274511454367	0.160331205615	0.165252593549	0.125189797434	0.124178628729	0.235368532887	0.162619244647	0.217498043277	0.158998423552	0.162579403619	0.167670265785	0.229377071239	0.160816641555	0.152445809783	0.142063573757	0.16390644247	0.159037692007	0.161239398655	0.163035045236	0.176131204693	0.165109836952	0.20507874602	0.137843319616	0.16218464239	0.269478017289	0.126750920209	0.251304281327	0.0564497520055	0.0813705912408	0.0534677209059	0.268123356736	0.193475654176	0.174445687004	0.171173095272	0.272699314385	0.267897562783	0.216522170017	0.184731183771	0.191761762176	0.106793025014	0.190352388581	0.26694659041	0.272438034873	0.273258932874	0.221878650543	0.193828624666	0.196740269651	0.228287753962	0.205350885984	0.162368350273	0.249723661443	0.189235160404	0.269148856654	0.268990176193	0.165062191801	0.167741326731	0.268337409281	0.218238349837	0.273866667205	0.268302544771	0.225363381597	0.261404883474	0.274466298141	0.270060891804	0.249482971474	0.228718054668	0.187689471711	0.155478316993	0.166051394427	0.132936267907	0.23358085772	0.265858043753	0.204214102415	0.25576994011	0.273522868608	0.269914571865	0.129722899266	0.13451905872	0.260464685927	0.161745763287	0.169449401439
159207311-tonguedorsum3.freeze11.snv.mod.fix.bam	0.16935000099	0.188264386875	0.176508304797	0.14997374537	0.188592473033	0.189120188362	0.178320737806	0.178905394508	0.159120702246	0.191817435507	0.147705160274	0.208854335	0.214463266871	0.0	0.164337893775	0.185651041422	0.195465465658	0.193973705881	0.172774535478	0.180155884398	0.143872578954	0.164740590139	0.179923766888	0.18209301917	0.193150715149	0.120460123673	0.125703058366	0.170260864517	0.138271331978	0.182026544585	0.151720202063	0.14195918067	0.144285448899	0.203102332011	0.158483680646	0.156063423335	0.17889733665	0.182818257187	0.183133847298	0.174389627868	0.184675657457	0.217692993792	0.218418021242	0.147715330419	0.145251750695	0.148220579153	0.145791851022	0.170334265712	0.154117197164	0.145246257469	0.172387014418	0.152060103435	0.151200889945	0.171642130313	0.167930322425	0.176106013058	0.183501720004	0.144847243781	0.156976190956	0.116836511929	0.178216798451	0.183528074852	0.184453592452	0.196900678797	0.160627975623	0.21190818849	0.211684436764	0.204934728292	0.173739013425	0.119249315718	0.146743865362	0.151269566311	0.173178787821	0.173658111511	0.137430636932	0.148097233156	0.142242577953	0.18423241049	0.141862902527	0.182549454207	0.184411934101	0.18430076435	0.155503493769	0.142560214123	0.0952782630415	0.0988169062829	0.082565909931	0.188073277591	0.154358339659	0.110867060424	0.175888308375	0.18319228221	0.191884148299	0.189549605829	0.183749983582	0.133115956293	0.187934143685	0.17321878389	0.135975954236	0.172742140015	0.190417544486	0.179979053981	0.14023226905	0.100304803792	0.0965665522985	0.1737660036	0.185366034085	0.176331686957	0.141031931073	0.174758041954	0.1300662163	0.160325672495	0.181551362771	0.175405936832	0.186169722092	0.182412457441	0.171839336988	0.159025783905	0.136976464873
159227541-tonguedorsum3.freeze11.snv.mod.fix.bam	0.239735205779	0.253114415707	0.0860387083881	0.216329737765	0.131553404696	0.134840031966	0.247598723012	0.247248742848	0.10007492285	0.25727533248	0.1740028014	0.0947212540068	0.14348609902	0.164337893775	0.0	0.252076652673	0.136825363431	0.136097029707	0.112089606592	0.136917752578	0.151477457379	0.239684341518	0.128075674318	0.121498861362	0.13059284967	0.122841038246	0.120559019576	0.227119267668	0.16701479256	0.12352107507	0.142702625584	0.1181036516	0.123152731929	0.138299835878	0.13027745483	0.13711320682	0.252282897072	0.254996940497	0.255129621284	0.122954392123	0.130370076278	0.14543273019	0.146698932197	0.198568659083	0.117738614979	0.169768928118	0.110286456616	0.105985034348	0.115465520243	0.187213582857	0.117198140903	0.0882694453881	0.0828088110751	0.106458185764	0.10878283271	0.118761183988	0.125734375492	0.122462623034	0.117095673004	0.156786077599	0.117994517171	0.12331672873	0.241787513464	0.0962320155423	0.215773594013	0.134639661888	0.139190815769	0.134847916469	0.245247481129	0.14173167712	0.128014856691	0.120101741929	0.248243418978	0.23969748885	0.17790777645	0.147413681636	0.152578366053	0.141037836106	0.14323478096	0.247581213816	0.252316400185	0.253856270308	0.203264458912	0.176111076541	0.139845004704	0.174310953626	0.151908943952	0.122653210931	0.217056286776	0.133042529368	0.239400653417	0.248400785966	0.135537401652	0.130321373252	0.249310432711	0.175737046639	0.250196206927	0.245028960517	0.179438495548	0.225836664981	0.255182674534	0.249317805485	0.212625391056	0.172397666183	0.133811954842	0.13612994281	0.132343691031	0.107968075593	0.193102470318	0.239030967947	0.16253800403	0.2276228382	0.252245363166	0.248158856051	0.133326225312	0.135869378063	0.237331572022	0.124323737602	0.108359557774
159247771-tonguedorsum2.freeze11.snv.mod.fix.bam	0.116512570709	0.13262455121	0.24678778252	0.141265832708	0.268626579766	0.269332510654	0.12452942383	0.125525232173	0.256234228407	0.128490667218	0.159246702318	0.265563922543	0.270584048826	0.185651041422	0.252076652673	0.0	0.247676922116	0.245124374965	0.261996730565	0.248518887767	0.207848187039	0.117658650194	0.268488052683	0.260320102345	0.265217666233	0.2188936464	0.222053565521	0.13167065926	0.184534558755	0.25109185837	0.218113619515	0.255787293274	0.261215234082	0.254355555978	0.235666326105	0.231230414418	0.106579493243	0.108690015844	0.108845249659	0.253102125721	0.265331962196	0.271789973318	0.272156088078	0.15800283861	0.248968742943	0.193830069246	0.251612174156	0.266406447304	0.26299485445	0.162792733459	0.256450681103	0.25894150181	0.253872726287	0.258409995123	0.252392035616	0.255630402476	0.262114229284	0.244482246176	0.258251268009	0.181613709354	0.257035014208	0.254764211374	0.125989757618	0.259665818965	0.142220778867	0.266437166986	0.266072051431	0.257602955052	0.116347377195	0.213920269498	0.247609903314	0.251646201447	0.122392858211	0.1247279998	0.171232680224	0.208463572273	0.200484885013	0.236986272726	0.209060378257	0.118160584772	0.126800803668	0.125333539942	0.148751503392	0.173484832821	0.213640234286	0.165888141472	0.190268490724	0.262399447038	0.142015033732	0.211027873192	0.133286428652	0.121344932307	0.26325486246	0.260579019407	0.117289214201	0.156912662728	0.127526477724	0.121636793323	0.173586571801	0.141597311759	0.127367248517	0.120400853709	0.136004969418	0.167345737876	0.217020059721	0.236934517564	0.24868434304	0.250435960911	0.160082916491	0.128931161977	0.186465743519	0.130312223926	0.124202363209	0.121456070216	0.2433803945	0.238686248208	0.0762221197135	0.262138835287	0.236024473174
159268001-tonguedorsum1.freeze11.snv.mod.fix.bam	0.235589857769	0.249780467549	0.12537863346	0.223088962091	0.174272565223	0.178543755688	0.242882004391	0.242707367501	0.159577926334	0.252235058685	0.192959324734	0.13587145231	0.140798435474	0.195465465658	0.136825363431	0.247676922116	0.0	0.0311307141875	0.159944609128	0.170437417136	0.176089035734	0.23614990022	0.171472542021	0.167713636481	0.168933984257	0.166009655629	0.163184240067	0.225933889678	0.185292463506	0.158676324431	0.163431166211	0.167628856177	0.177213373796	0.128074425187	0.166222976645	0.169825013024	0.249067282356	0.252145282429	0.252392233943	0.174800685174	0.182240516954	0.127757913497	0.129609568786	0.212932834929	0.172181691849	0.184251349075	0.169972510716	0.177287329812	0.173790062659	0.201540890719	0.1722914435	0.151496313301	0.145815493267	0.158813458301	0.162899429547	0.168684011439	0.171955490755	0.163287543359	0.168338325605	0.182053506526	0.15877473674	0.167904183397	0.235100056822	0.118258783016	0.223307665375	0.132219331051	0.129822493092	0.133280223177	0.240639899832	0.176131807818	0.170766177922	0.16590301838	0.241186756646	0.233233426054	0.196961569699	0.171604846828	0.176375368559	0.122468009345	0.161675015295	0.244910354961	0.248261904435	0.249890615288	0.206207462724	0.180885478896	0.174998025776	0.19662292755	0.1834297515	0.167765389092	0.225663769551	0.17158680909	0.231496753897	0.244846504669	0.179430504832	0.172290461286	0.246047769689	0.189960515745	0.246241491794	0.240853665324	0.196716838315	0.227591188656	0.252010152413	0.244524725853	0.221025198136	0.196402182365	0.171720803022	0.150188340455	0.168794053077	0.119171233366	0.211862956581	0.235061692959	0.181644768	0.229461317187	0.246501321389	0.242654301139	0.120726261072	0.121301689671	0.23795015523	0.178189310221	0.160404839043
159268001-tonguedorsum3.freeze11.snv.mod.fix.bam	0.233834153091	0.246990220902	0.119814507408	0.222412992068	0.170571995889	0.172088423726	0.241374681744	0.240930453853	0.161230022435	0.24986569595	0.192324701856	0.128430165387	0.132937199832	0.193973705881	0.136097029707	0.245124374965	0.0311307141875	0.0	0.163582701925	0.164926236803	0.174747433428	0.234630234325	0.165546131552	0.162288366277	0.168122305677	0.165260226707	0.16302574582	0.223510469974	0.184965696162	0.15168115266	0.160223077581	0.16787930683	0.170981984727	0.120516188082	0.162254789007	0.167133998784	0.246445274739	0.249309376209	0.249637101357	0.16745541641	0.175349812464	0.120366887676	0.121911636729	0.211593745758	0.165650886631	0.192213564943	0.164778627699	0.170843682372	0.169211654468	0.201950085632	0.166606390679	0.149357485226	0.140160709065	0.160832713095	0.159297068138	0.164489610234	0.166768673064	0.163544765047	0.163798384247	0.183805113458	0.15302270018	0.164669236067	0.238950522193	0.11482152289	0.223189669654	0.125012974968	0.121567334868	0.123446001977	0.239265284806	0.174934446521	0.166239720196	0.164770091944	0.240175130848	0.234563659164	0.195347591465	0.169351941423	0.174487488275	0.11719406459	0.166419978404	0.242302024554	0.246025065893	0.247486898383	0.203935796596	0.17980430629	0.176086459684	0.198956586962	0.182363231209	0.166089828422	0.223798941213	0.169935706528	0.236618279644	0.242133282148	0.172795866523	0.168474069187	0.243172610297	0.189273056109	0.244995279494	0.23960039797	0.197960331852	0.230768710654	0.249408375899	0.241765739425	0.219900785703	0.201647085276	0.170081129231	0.144543336718	0.165709294493	0.12086151012	0.210598893901	0.235129262493	0.182618137934	0.228133239378	0.244995338103	0.24125151151	0.114900468915	0.115168683729	0.235700705917	0.171350526088	0.158255136621
