	147406386-tonguedorsum3.freeze11.snv.mod.fix.bam	158155345-tonguedorsum2.freeze11.snv.mod.fix.bam	158256496-tonguedorsum2.freeze11.snv.mod.fix.bam	158337416-tonguedorsum1.freeze11.snv.mod.fix.bam	158458797-tonguedorsum2.freeze11.snv.mod.fix.bam	158883629-tonguedorsum1.freeze11.snv.mod.fix.bam	158883629-tonguedorsum2.freeze11.snv.mod.fix.bam	158883629-tonguedorsum3.freeze11.snv.mod.fix.bam	158944319-tonguedorsum3.freeze11.snv.mod.fix.bam	159227541-tonguedorsum3.freeze11.snv.mod.fix.bam	159247771-tonguedorsum2.freeze11.snv.mod.fix.bam	159268001-tonguedorsum1.freeze11.snv.mod.fix.bam	159551223-tonguedorsum1.freeze11.snv.mod.fix.bam	159551223-tonguedorsum2.freeze11.snv.mod.fix.bam	159733294-tonguedorsum1.freeze11.snv.mod.fix.bam	160400887-tonguedorsum1.freeze11.snv.mod.fix.bam	160421117-tonguedorsum1.freeze11.snv.mod.fix.bam	160502038-tonguedorsum3.freeze11.snv.mod.fix.bam	160582958-tonguedorsum2.freeze11.snv.mod.fix.bam	160582958-tonguedorsum3.freeze11.snv.mod.fix.bam	160643649-tonguedorsum1.freeze11.snv.mod.fix.bam	160704339-tonguedorsum1.freeze11.snv.mod.fix.bam	234447334-tonguedorsum2.freeze11.snv.mod.fix.bam	246515023-tonguedorsum1.freeze11.snv.mod.fix.bam	370027359-tonguedorsum3.freeze11.snv.mod.fix.bam	404239096-tonguedorsum1.freeze11.snv.mod.fix.bam	508703490-tonguedorsum1.freeze11.snv.mod.fix.bam	508703490-tonguedorsum2.freeze11.snv.mod.fix.bam	550534656-tonguedorsum2.freeze11.snv.mod.fix.bam	604812005-tonguedorsum3.freeze11.snv.mod.fix.bam	638754422-tonguedorsum1.freeze11.snv.mod.fix.bam	638754422-tonguedorsum2.freeze11.snv.mod.fix.bam	638754422-tonguedorsum3.freeze11.snv.mod.fix.bam	663835652-tonguedorsum2.freeze11.snv.mod.fix.bam	663835652-tonguedorsum3.freeze11.snv.mod.fix.bam	675950834-tonguedorsum1.freeze11.snv.mod.fix.bam	675950834-tonguedorsum2.freeze11.snv.mod.fix.bam	682102541-tonguedorsum3.freeze11.snv.mod.fix.bam	737052003-tonguedorsum1.freeze11.snv.mod.fix.bam	737052003-tonguedorsum2.freeze11.snv.mod.fix.bam	763395383-anteriornares3.freeze11.snv.mod.fix.bam	763395383-tonguedorsum3.freeze11.snv.mod.fix.bam	763536994-tonguedorsum2.freeze11.snv.mod.fix.bam	763536994-tonguedorsum3.freeze11.snv.mod.fix.bam	763577454-tonguedorsum1.freeze11.snv.mod.fix.bam	763577454-tonguedorsum2.freeze11.snv.mod.fix.bam	763901136-tonguedorsum2.freeze11.snv.mod.fix.bam	763901136-tonguedorsum3.freeze11.snv.mod.fix.bam	763982056-tonguedorsum1.freeze11.snv.mod.fix.bam	763982056-tonguedorsum3.freeze11.snv.mod.fix.bam	764143897-tonguedorsum1.freeze11.snv.mod.fix.bam	764285508-tonguedorsum1.freeze11.snv.mod.fix.bam	764285508-tonguedorsum2.freeze11.snv.mod.fix.bam	764305738-tonguedorsum1.freeze11.snv.mod.fix.bam	764325968-tonguedorsum1.freeze11.snv.mod.fix.bam	764325968-tonguedorsum2.freeze11.snv.mod.fix.bam	764467579-tonguedorsum3.freeze11.snv.mod.fix.bam	764588959-tonguedorsum2.freeze11.snv.mod.fix.bam	764811490-tonguedorsum1.freeze11.snv.mod.fix.bam	764811490-tonguedorsum2.freeze11.snv.mod.fix.bam	764872181-tonguedorsum1.freeze11.snv.mod.fix.bam	764892411-tonguedorsum2.freeze11.snv.mod.fix.bam	765013792-tonguedorsum2.freeze11.snv.mod.fix.bam	765013792-tonguedorsum3.freeze11.snv.mod.fix.bam	765034022-tonguedorsum1.freeze11.snv.mod.fix.bam	765074482-tonguedorsum1.freeze11.snv.mod.fix.bam	765074482-tonguedorsum3.freeze11.snv.mod.fix.bam	765135172-tonguedorsum1.freeze11.snv.mod.fix.bam	765155402-tonguedorsum3.freeze11.snv.mod.fix.bam	765195863-tonguedorsum3.freeze11.snv.mod.fix.bam	765216093-tonguedorsum3.freeze11.snv.mod.fix.bam	765640925-tonguedorsum1.freeze11.snv.mod.fix.bam	823052294-tonguedorsum1.freeze11.snv.mod.fix.bam	823052294-tonguedorsum3.freeze11.snv.mod.fix.bam	857980665-tonguedorsum2.freeze11.snv.mod.fix.bam	857980665-tonguedorsum3.freeze11.snv.mod.fix.bam	863126187-tonguedorsum3.freeze11.snv.mod.fix.bam
147406386-tonguedorsum3.freeze11.snv.mod.fix.bam	0.0	0.0840348639456	0.0549319727891	0.0690051020408	0.103677721088	0.112967687075	0.10612244898	0.115114795918	0.0491709183673	0.0528273809524	0.0751913265306	0.0402848639456	0.0767644557823	0.0730654761905	0.071768707483	0.0576318027211	0.0458120748299	0.053762755102	0.0600977891156	0.062925170068	0.087393707483	0.0634353741497	0.0883715986395	0.0298044217687	0.0435586734694	0.0620535714286	0.071662414966	0.0955357142857	0.0504039115646	0.0595238095238	0.0456845238095	0.0476403061224	0.0494472789116	0.0698341836735	0.088244047619	0.0647534013605	0.0412840136054	0.0435161564626	0.085119047619	0.0863520408163	0.0572066326531	0.0654336734694	0.0751275510204	0.0669430272109	0.0490858843537	0.0478741496599	0.0784013605442	0.0768069727891	0.0625425170068	0.0586096938776	0.0967261904762	0.090837585034	0.0706207482993	0.0660926870748	0.0419217687075	0.0390518707483	0.0454931972789	0.0862032312925	0.0698767006803	0.0520408163265	0.0844600340136	0.0396896258503	0.0865858843537	0.0602678571429	0.052487244898	0.0699829931973	0.0682397959184	0.0780824829932	0.0322491496599	0.0783801020408	0.0456207482993	0.101806972789	0.0686224489796	0.0191113945578	0.0505739795918	0.049893707483	0.0653273809524
158155345-tonguedorsum2.freeze11.snv.mod.fix.bam	0.0840348639456	0.0	0.0245323129252	0.0895620748299	0.11449829932	0.129336734694	0.121917517007	0.131271258503	0.0738520408163	0.0728316326531	0.090731292517	0.062712585034	0.0948767006803	0.0901785714286	0.0902423469388	0.077487244898	0.0669005102041	0.0731717687075	0.0799107142857	0.0823129251701	0.104528061224	0.0845025510204	0.105293367347	0.0531887755102	0.0673469387755	0.0827168367347	0.0909863945578	0.113159013605	0.069068877551	0.0825042517007	0.0691113945578	0.0684098639456	0.0701318027211	0.0889243197279	0.105144557823	0.0821215986395	0.0623511904762	0.0644982993197	0.103231292517	0.107971938776	0.0805909863946	0.0835246598639	0.0936649659864	0.0856292517007	0.0707908163265	0.0684098639456	0.0967049319728	0.0946215986395	0.0826530612245	0.0813988095238	0.112351190476	0.108099489796	0.0916454081633	0.0830569727891	0.0639668367347	0.0621598639456	0.066050170068	0.10950255102	0.0914965986395	0.075212585034	0.100148809524	0.0625	0.107844387755	0.0834608843537	0.0686649659864	0.0916454081633	0.0896045918367	0.0943027210884	0.0543367346939	0.0989583333333	0.0690901360544	0.115667517007	0.0897746598639	0.064880952381	0.072406462585	0.0732993197279	0.0826105442177
158256496-tonguedorsum2.freeze11.snv.mod.fix.bam	0.0549319727891	0.0245323129252	0.0	0.0618409863946	0.099787414966	0.103316326531	0.0980867346939	0.105633503401	0.0455782312925	0.0451743197279	0.066262755102	0.0352891156463	0.0681760204082	0.0634991496599	0.0624574829932	0.0499362244898	0.0394132653061	0.0457695578231	0.0521683673469	0.0558035714286	0.0791879251701	0.0575680272109	0.0812925170068	0.0243197278912	0.0378401360544	0.052912414966	0.0633078231293	0.0892431972789	0.0414965986395	0.0537840136054	0.0405612244898	0.0408588435374	0.0416454081633	0.0628401360544	0.0784013605442	0.0555909863946	0.034587585034	0.0362244897959	0.0789753401361	0.0801020408163	0.0521471088435	0.0580994897959	0.0664965986395	0.0591411564626	0.0425170068027	0.0402848639456	0.0709396258503	0.0702806122449	0.0562712585034	0.0539753401361	0.0890943877551	0.0834821428571	0.0632015306122	0.0582057823129	0.0346726190476	0.0332908163265	0.0383290816327	0.0809948979592	0.0644770408163	0.0457482993197	0.0750637755102	0.035012755102	0.0792729591837	0.0532525510204	0.040093537415	0.0624574829932	0.0602465986395	0.0688350340136	0.0258290816327	0.0736394557823	0.0416028911565	0.0941539115646	0.063031462585	0.0389243197279	0.0452380952381	0.0449617346939	0.056356292517
158337416-tonguedorsum1.freeze11.snv.mod.fix.bam	0.0690051020408	0.0895620748299	0.0618409863946	0.0	0.0990433673469	0.111692176871	0.105803571429	0.113988095238	0.0624574829932	0.0607993197279	0.0771683673469	0.0478103741497	0.0782100340136	0.0730654761905	0.0749787414966	0.0623724489796	0.0526147959184	0.0625	0.0699617346939	0.0745323129252	0.0891369047619	0.0697704081633	0.0906037414966	0.0410926870748	0.0521896258503	0.0687712585034	0.0784651360544	0.100616496599	0.0577380952381	0.0667091836735	0.0549319727891	0.0555697278912	0.0580569727891	0.0795918367347	0.0929634353741	0.0723639455782	0.0503613945578	0.0497236394558	0.0847789115646	0.0859906462585	0.0655612244898	0.0683035714286	0.0774659863946	0.0721513605442	0.0581632653061	0.0564413265306	0.0806547619048	0.0788265306122	0.0696003401361	0.0681335034014	0.0987032312925	0.0920280612245	0.0763392857143	0.0704719387755	0.0511054421769	0.0492772108844	0.0534226190476	0.0922193877551	0.074787414966	0.0579931972789	0.087925170068	0.0514668367347	0.0900722789116	0.0675382653061	0.0605867346939	0.0740008503401	0.0742346938776	0.0825892857143	0.0420493197279	0.0859056122449	0.0538052721088	0.0959821428571	0.0764030612245	0.0538265306122	0.0582482993197	0.0585884353741	0.0725340136054
158458797-tonguedorsum2.freeze11.snv.mod.fix.bam	0.103677721088	0.11449829932	0.099787414966	0.0990433673469	0.0	0.121194727891	0.115816326531	0.123469387755	0.0969600340136	0.0968962585034	0.103996598639	0.0896683673469	0.096237244898	0.0927295918367	0.102806122449	0.0940051020408	0.0889030612245	0.0957270408163	0.100191326531	0.10325255102	0.107227891156	0.0952806122449	0.110161564626	0.0880739795918	0.0911989795918	0.102614795918	0.106143707483	0.121407312925	0.0959396258503	0.0981930272109	0.0914328231293	0.0922406462585	0.0955782312925	0.102487244898	0.114179421769	0.103635204082	0.0908588435374	0.0894982993197	0.103358843537	0.106653911565	0.0972363945578	0.0943239795918	0.109098639456	0.103720238095	0.0954081632653	0.0928146258503	0.105378401361	0.101296768707	0.100148809524	0.101275510204	0.117580782313	0.108290816327	0.103656462585	0.0976615646259	0.0933460884354	0.0929209183673	0.0917304421769	0.112840136054	0.102657312925	0.0973214285714	0.108418367347	0.0914328231293	0.110969387755	0.0972151360544	0.0987882653061	0.0993197278912	0.0999362244898	0.104931972789	0.0876913265306	0.105102040816	0.0921981292517	0.102529761905	0.107227891156	0.0938775510204	0.0896683673469	0.090837585034	0.096130952381
158883629-tonguedorsum1.freeze11.snv.mod.fix.bam	0.112967687075	0.129336734694	0.103316326531	0.111692176871	0.121194727891	0.0	0.000212585034014	0.000425170068027	0.100722789116	0.0998086734694	0.110735544218	0.0899447278912	0.116135204082	0.110863095238	0.114668367347	0.10193452381	0.0921768707483	0.0997023809524	0.10744047619	0.112138605442	0.124170918367	0.105527210884	0.123979591837	0.0838010204082	0.0940901360544	0.109927721088	0.112925170068	0.135331632653	0.101041666667	0.102423469388	0.0950680272109	0.0963860544218	0.0982568027211	0.114753401361	0.128210034014	0.111330782313	0.0938775510204	0.0934523809524	0.122980442177	0.127848639456	0.103656462585	0.107610544218	0.117602040816	0.111968537415	0.100531462585	0.0987244897959	0.11868622449	0.113073979592	0.109736394558	0.109481292517	0.134098639456	0.12380952381	0.115263605442	0.107844387755	0.0954931972789	0.0919855442177	0.0959396258503	0.130973639456	0.112138605442	0.101445578231	0.120982142857	0.090625	0.124914965986	0.106653911565	0.100659013605	0.110097789116	0.109630102041	0.116113945578	0.0862244897959	0.115433673469	0.0969175170068	0.128592687075	0.115965136054	0.0955994897959	0.0990433673469	0.100786564626	0.110693027211
158883629-tonguedorsum2.freeze11.snv.mod.fix.bam	0.10612244898	0.121917517007	0.0980867346939	0.105803571429	0.115816326531	0.000212585034014	0.0	0.000255102040816	0.0949829931973	0.094068877551	0.103550170068	0.0851615646259	0.109608843537	0.104804421769	0.108120748299	0.0964285714286	0.0868409863946	0.094494047619	0.100637755102	0.10512329932	0.117113095238	0.0997023809524	0.116794217687	0.0793792517007	0.0889243197279	0.104591836735	0.107164115646	0.126679421769	0.0954719387755	0.0970025510204	0.0892857142857	0.0913265306122	0.0927508503401	0.108142006803	0.120195578231	0.105080782313	0.0886692176871	0.0885416666667	0.11675170068	0.121067176871	0.0975977891156	0.101296768707	0.110756802721	0.10525085034	0.0953018707483	0.093218537415	0.111203231293	0.106207482993	0.103295068027	0.103295068027	0.126424319728	0.116220238095	0.108333333333	0.101785714286	0.090731292517	0.0875	0.0903911564626	0.123703231293	0.10518707483	0.0965136054422	0.114051870748	0.0860756802721	0.117984693878	0.10119047619	0.0944090136054	0.104379251701	0.103295068027	0.109077380952	0.0815901360544	0.108545918367	0.0909651360544	0.121215986395	0.109375	0.090412414966	0.0948129251701	0.0960246598639	0.104676870748
158883629-tonguedorsum3.freeze11.snv.mod.fix.bam	0.115114795918	0.131271258503	0.105633503401	0.113988095238	0.123469387755	0.000425170068027	0.000255102040816	0.0	0.103380102041	0.102657312925	0.11262755102	0.0920493197279	0.118346088435	0.113244047619	0.117028061224	0.104336734694	0.094068877551	0.101615646259	0.109268707483	0.114392006803	0.127572278912	0.107865646259	0.126551870748	0.0865008503401	0.0961522108844	0.112266156463	0.115837585034	0.136968537415	0.103635204082	0.104761904762	0.0970663265306	0.0985544217687	0.101041666667	0.117091836735	0.130463435374	0.114094387755	0.0960034013605	0.0961522108844	0.125467687075	0.130697278912	0.10631377551	0.110480442177	0.120238095238	0.115008503401	0.103656462585	0.10106292517	0.120769557823	0.115625	0.112096088435	0.112096088435	0.136607142857	0.125595238095	0.11768707483	0.110799319728	0.0977465986395	0.0948341836735	0.0986394557823	0.133630952381	0.11456207483	0.103720238095	0.123660714286	0.0934098639456	0.127912414966	0.109396258503	0.103167517007	0.112393707483	0.11237244898	0.118367346939	0.0881590136054	0.118239795918	0.0991284013605	0.130867346939	0.118516156463	0.0981079931973	0.101849489796	0.10299744898	0.113031462585
158944319-tonguedorsum3.freeze11.snv.mod.fix.bam	0.0491709183673	0.0738520408163	0.0455782312925	0.0624574829932	0.0969600340136	0.100722789116	0.0949829931973	0.103380102041	0.0	0.0424319727891	0.065518707483	0.0325255102041	0.0666666666667	0.0617134353741	0.0618835034014	0.0479166666667	0.036755952381	0.0429634353741	0.0499362244898	0.0540391156463	0.0775722789116	0.0535076530612	0.0803784013605	0.0203869047619	0.0355229591837	0.052487244898	0.0625212585034	0.0887755102041	0.041050170068	0.0507865646259	0.0376913265306	0.0373724489796	0.0391794217687	0.0607993197279	0.0778698979592	0.0565263605442	0.0328231292517	0.0351828231293	0.0774234693878	0.0791879251701	0.0481717687075	0.0524659863946	0.0653698979592	0.0582270408163	0.0411352040816	0.0392006802721	0.0710246598639	0.0696428571429	0.0539753401361	0.0516156462585	0.0878826530612	0.0807823129252	0.0604379251701	0.0564200680272	0.0317389455782	0.0311649659864	0.0352040816327	0.0780612244898	0.0602040816327	0.0422619047619	0.0715348639456	0.0325042517007	0.0768707482993	0.050318877551	0.0450680272109	0.0592474489796	0.0569727891156	0.0683886054422	0.0236819727891	0.0693027210884	0.0377551020408	0.0874574829932	0.0591836734694	0.0355867346939	0.0424532312925	0.0414328231293	0.056675170068
159227541-tonguedorsum3.freeze11.snv.mod.fix.bam	0.0528273809524	0.0728316326531	0.0451743197279	0.0607993197279	0.0968962585034	0.0998086734694	0.094068877551	0.102657312925	0.0424319727891	0.0	0.0636267006803	0.0322278911565	0.0670280612245	0.0619047619048	0.0615858843537	0.0492984693878	0.037074829932	0.0441964285714	0.0503826530612	0.0546768707483	0.0762542517007	0.0562287414966	0.0772534013605	0.0226615646259	0.033949829932	0.0533588435374	0.0628826530612	0.0867984693878	0.0408588435374	0.0500425170068	0.0379039115646	0.0365858843537	0.0389030612245	0.0592049319728	0.077380952381	0.056356292517	0.0328231292517	0.0343962585034	0.0784651360544	0.0791241496599	0.0497023809524	0.0563775510204	0.0637755102041	0.056675170068	0.0410926870748	0.0394132653061	0.0691539115646	0.0676232993197	0.0554846938776	0.0525297619048	0.0872661564626	0.0817602040816	0.0610544217687	0.0539753401361	0.0325255102041	0.0301445578231	0.0349702380952	0.0763818027211	0.0605017006803	0.044068877551	0.0726403061224	0.0312712585034	0.0755527210884	0.0495960884354	0.0427508503401	0.0600340136054	0.0573979591837	0.068005952381	0.022300170068	0.06875	0.0366496598639	0.0897959183673	0.0584396258503	0.0346726190476	0.0429846938776	0.0421768707483	0.0576530612245
159247771-tonguedorsum2.freeze11.snv.mod.fix.bam	0.0751913265306	0.090731292517	0.066262755102	0.0771683673469	0.103996598639	0.110735544218	0.103550170068	0.11262755102	0.065518707483	0.0636267006803	0.0	0.0541454081633	0.0835459183673	0.0794005102041	0.0802295918367	0.0695365646259	0.0604379251701	0.0672831632653	0.072619047619	0.0755527210884	0.0922619047619	0.0732780612245	0.0947278911565	0.0481717687075	0.0563775510204	0.0742346938776	0.0816539115646	0.101743197279	0.0644557823129	0.0705144557823	0.0606717687075	0.0593324829932	0.0618409863946	0.08125	0.0900722789116	0.0759778911565	0.0567389455782	0.0583545918367	0.0947704081633	0.097406462585	0.0697704081633	0.0771045918367	0.0829719387755	0.0770833333333	0.0661139455782	0.0638605442177	0.0905399659864	0.0871598639456	0.0772108843537	0.0761479591837	0.104421768707	0.0958758503401	0.081356292517	0.0757227891156	0.0579081632653	0.0552295918367	0.0599277210884	0.0965986394558	0.0812074829932	0.0655399659864	0.0894345238095	0.0551020408163	0.0926658163265	0.0736394557823	0.068324829932	0.0798044217687	0.0794642857143	0.0855654761905	0.0486394557823	0.0850552721088	0.0609268707483	0.104039115646	0.0825255102041	0.060119047619	0.0655399659864	0.065093537415	0.0775722789116
159268001-tonguedorsum1.freeze11.snv.mod.fix.bam	0.0402848639456	0.062712585034	0.0352891156463	0.0478103741497	0.0896683673469	0.0899447278912	0.0851615646259	0.0920493197279	0.0325255102041	0.0322278911565	0.0541454081633	0.0	0.0560161564626	0.0518069727891	0.0512967687075	0.0368835034014	0.0267644557823	0.0354379251701	0.0415603741497	0.0438775510204	0.0660714285714	0.0455994897959	0.0685161564626	0.0137967687075	0.0240858843537	0.0408163265306	0.052699829932	0.0771045918367	0.0310161564626	0.0318664965986	0.0279336734694	0.0278698979592	0.0287414965986	0.0508715986395	0.0677721088435	0.0455569727891	0.0237244897959	0.0240646258503	0.0656675170068	0.0655399659864	0.0388605442177	0.0454506802721	0.0535926870748	0.0465986394558	0.0322491496599	0.0298681972789	0.0583971088435	0.0576955782313	0.0433035714286	0.0398596938776	0.0771045918367	0.0732780612245	0.0516156462585	0.0460246598639	0.0224702380952	0.0205357142857	0.0257865646259	0.0663265306122	0.0511692176871	0.0331632653061	0.0631164965986	0.0208971088435	0.0649447278912	0.0388180272109	0.0331207482993	0.0486607142857	0.046449829932	0.0586096938776	0.0154336734694	0.0599277210884	0.0274659863946	0.0803996598639	0.0487882653061	0.0272321428571	0.0321215986395	0.0317602040816	0.0471301020408
159551223-tonguedorsum1.freeze11.snv.mod.fix.bam	0.0767644557823	0.0948767006803	0.0681760204082	0.0782100340136	0.096237244898	0.116135204082	0.109608843537	0.118346088435	0.0666666666667	0.0670280612245	0.0835459183673	0.0560161564626	0.0	0.00136054421769	0.0811224489796	0.0669217687075	0.060119047619	0.0674744897959	0.0730229591837	0.0773596938776	0.0907950680272	0.0737032312925	0.0966198979592	0.0484481292517	0.0588010204082	0.074893707483	0.083737244898	0.107865646259	0.065306122449	0.0728316326531	0.0625850340136	0.0625425170068	0.0646045918367	0.0803571428571	0.0960459183673	0.0765731292517	0.0573341836735	0.0562074829932	0.0917942176871	0.0927721088435	0.0702806122449	0.0739370748299	0.0844175170068	0.0780612244898	0.0649659863946	0.063031462585	0.0878401360544	0.0853103741497	0.0754889455782	0.074362244898	0.103571428571	0.0968962585034	0.0810586734694	0.0756164965986	0.058630952381	0.0554209183673	0.0578231292517	0.0979804421769	0.0817602040816	0.066369047619	0.0922406462585	0.0568239795918	0.0924744897959	0.0717474489796	0.0673469387755	0.0792304421769	0.0788903061224	0.0872661564626	0.0485119047619	0.087818877551	0.0613520408163	0.0990646258503	0.0834821428571	0.0609056122449	0.0617772108844	0.0622236394558	0.0775085034014
159551223-tonguedorsum2.freeze11.snv.mod.fix.bam	0.0730654761905	0.0901785714286	0.0634991496599	0.0730654761905	0.0927295918367	0.110863095238	0.104804421769	0.113244047619	0.0617134353741	0.0619047619048	0.0794005102041	0.0518069727891	0.00136054421769	0.0	0.0777210884354	0.062818877551	0.0553358843537	0.0627551020408	0.0686649659864	0.072193877551	0.0865858843537	0.0700042517007	0.0917729591837	0.0444302721088	0.0531462585034	0.0707270408163	0.0799532312925	0.103103741497	0.0607568027211	0.068218537415	0.0571003401361	0.0576530612245	0.059056122449	0.0762542517007	0.0914328231293	0.0720663265306	0.0526785714286	0.0514030612245	0.0867134353741	0.0871598639456	0.0647108843537	0.068643707483	0.0795068027211	0.0734268707483	0.0611607142857	0.059162414966	0.0831420068027	0.0810799319728	0.0722789115646	0.0701955782313	0.0985544217687	0.0924319727891	0.0769132653061	0.0716411564626	0.0546130952381	0.0513180272109	0.0541454081633	0.094068877551	0.0764243197279	0.0612882653061	0.0873086734694	0.0520408163265	0.088244047619	0.0672406462585	0.0638392857143	0.0745110544218	0.0742984693878	0.0823341836735	0.0447704081633	0.0833971088435	0.0568664965986	0.0937074829932	0.0790178571429	0.0563350340136	0.0569515306122	0.0572066326531	0.0732993197279
159733294-tonguedorsum1.freeze11.snv.mod.fix.bam	0.071768707483	0.0902423469388	0.0624574829932	0.0749787414966	0.102806122449	0.114668367347	0.108120748299	0.117028061224	0.0618835034014	0.0615858843537	0.0802295918367	0.0512967687075	0.0811224489796	0.0777210884354	0.0	0.0638605442177	0.0573341836735	0.0639243197279	0.0677508503401	0.072087585034	0.0914753401361	0.071449829932	0.0901360544218	0.0431760204082	0.0526785714286	0.0693452380952	0.078762755102	0.102572278912	0.0600552721088	0.0686011904762	0.0559098639456	0.0552933673469	0.0591836734694	0.0781037414966	0.0936862244898	0.0741921768707	0.0536989795918	0.0525297619048	0.0925807823129	0.094175170068	0.0665816326531	0.0709183673469	0.0839073129252	0.0759353741497	0.0583120748299	0.056356292517	0.0858630952381	0.0834396258503	0.0713860544218	0.0709183673469	0.102593537415	0.0962159863946	0.0805697278912	0.0708333333333	0.0522959183673	0.0507865646259	0.0527636054422	0.093643707483	0.0749362244898	0.0618197278912	0.0886479591837	0.0514455782313	0.0918367346939	0.0694727891156	0.0628401360544	0.0763392857143	0.0746386054422	0.0845025510204	0.0433673469388	0.083630952381	0.0561862244898	0.101445578231	0.0778273809524	0.0544430272109	0.0618197278912	0.061862244898	0.0740008503401
160400887-tonguedorsum1.freeze11.snv.mod.fix.bam	0.0576318027211	0.077487244898	0.0499362244898	0.0623724489796	0.0940051020408	0.10193452381	0.0964285714286	0.104336734694	0.0479166666667	0.0492984693878	0.0695365646259	0.0368835034014	0.0669217687075	0.062818877551	0.0638605442177	0.0	0.0430697278912	0.049468537415	0.0565901360544	0.0600765306122	0.0792304421769	0.0590348639456	0.0796130952381	0.0288477891156	0.0406037414966	0.0571641156463	0.0670280612245	0.0923894557823	0.0454719387755	0.0534013605442	0.0433886054422	0.0434736394558	0.0439200680272	0.0650297619048	0.0824404761905	0.059268707483	0.0386267006803	0.0396258503401	0.0787840136054	0.0796981292517	0.0532738095238	0.0586096938776	0.0686011904762	0.0612670068027	0.0460246598639	0.0435799319728	0.0716411564626	0.0698554421769	0.0556547619048	0.0549107142857	0.0914115646259	0.0829506802721	0.0648384353741	0.059056122449	0.0390306122449	0.0366709183673	0.040731292517	0.0811224489796	0.0614583333333	0.0460246598639	0.0751275510204	0.0391581632653	0.0807823129252	0.0557397959184	0.0483843537415	0.0623299319728	0.0621386054422	0.0734056122449	0.028337585034	0.072087585034	0.0424532312925	0.0917304421769	0.0644132653061	0.0412414965986	0.0460884353741	0.0466411564626	0.0613732993197
160421117-tonguedorsum1.freeze11.snv.mod.fix.bam	0.0458120748299	0.0669005102041	0.0394132653061	0.0526147959184	0.0889030612245	0.0921768707483	0.0868409863946	0.094068877551	0.036755952381	0.037074829932	0.0604379251701	0.0267644557823	0.060119047619	0.0553358843537	0.0573341836735	0.0430697278912	0.0	0.0385416666667	0.0462585034014	0.0503613945578	0.0684523809524	0.0483205782313	0.0728954081633	0.0175595238095	0.0282950680272	0.044494047619	0.05625	0.083630952381	0.0355867346939	0.0443239795918	0.0316113945578	0.0335671768707	0.0343112244898	0.0544005102041	0.0686224489796	0.0499574829932	0.028125	0.028550170068	0.0674107142857	0.0687074829932	0.0423256802721	0.0508928571429	0.0574829931973	0.0508715986395	0.0368197278912	0.034800170068	0.062925170068	0.0615433673469	0.0481930272109	0.0456632653061	0.077806122449	0.0761904761905	0.0552083333333	0.0497448979592	0.027806122449	0.0262755102041	0.0303358843537	0.0698341836735	0.0534651360544	0.0338860544218	0.0674107142857	0.0261692176871	0.0694727891156	0.0444302721088	0.0377763605442	0.0534226190476	0.0517006802721	0.0638605442177	0.0192389455782	0.0640093537415	0.0320365646259	0.0835459183673	0.053337585034	0.0295068027211	0.0356505102041	0.0345238095238	0.0501700680272
160502038-tonguedorsum3.freeze11.snv.mod.fix.bam	0.053762755102	0.0731717687075	0.0457695578231	0.0625	0.0957270408163	0.0997023809524	0.094494047619	0.101615646259	0.0429634353741	0.0441964285714	0.0672831632653	0.0354379251701	0.0674744897959	0.0627551020408	0.0639243197279	0.049468537415	0.0385416666667	0.0	0.052380952381	0.056143707483	0.0780399659864	0.055612244898	0.0823979591837	0.0236181972789	0.0370110544218	0.050531462585	0.0598852040816	0.0876275510204	0.0423044217687	0.0528486394558	0.0379464285714	0.0394132653061	0.0403486394558	0.0607993197279	0.0761054421769	0.0544855442177	0.0338222789116	0.035119047619	0.0776785714286	0.078550170068	0.0485969387755	0.0575680272109	0.0643920068027	0.0573979591837	0.0437074829932	0.0413477891156	0.0698341836735	0.0684098639456	0.0564413265306	0.0541879251701	0.0872661564626	0.0821641156463	0.0617984693878	0.0571215986395	0.0345238095238	0.0314413265306	0.0359056122449	0.0786352040816	0.062074829932	0.0443664965986	0.0724702380952	0.0333758503401	0.0760841836735	0.0510629251701	0.0427083333333	0.0597789115646	0.0594387755102	0.0664115646259	0.0249574829932	0.0718324829932	0.0385841836735	0.0919005102041	0.0598852040816	0.0356717687075	0.0428571428571	0.0423894557823	0.0564200680272
160582958-tonguedorsum2.freeze11.snv.mod.fix.bam	0.0600977891156	0.0799107142857	0.0521683673469	0.0699617346939	0.100191326531	0.10744047619	0.100637755102	0.109268707483	0.0499362244898	0.0503826530612	0.072619047619	0.0415603741497	0.0730229591837	0.0686649659864	0.0677508503401	0.0565901360544	0.0462585034014	0.052380952381	0.0	0.000659013605442	0.0825467687075	0.0616709183673	0.0830782312925	0.0303571428571	0.0447916666667	0.0576743197279	0.0671556122449	0.0918579931973	0.0485544217687	0.059375	0.046768707483	0.0453231292517	0.0481505102041	0.0676445578231	0.0809736394558	0.0660714285714	0.0436862244898	0.0403911564626	0.0844600340136	0.0865646258503	0.0575255102041	0.0636904761905	0.0731930272109	0.0666454081633	0.0490646258503	0.046237244898	0.0757227891156	0.0741071428571	0.0593537414966	0.0579719387755	0.0931335034014	0.0855654761905	0.068112244898	0.0640093537415	0.0413903061224	0.0392219387755	0.046556122449	0.0827806122449	0.0671343537415	0.0494260204082	0.0753401360544	0.0388180272109	0.0814200680272	0.0594175170068	0.0512329931973	0.0668792517007	0.0664965986395	0.0736819727891	0.0312074829932	0.0755739795918	0.0465136054422	0.0960884353741	0.0670280612245	0.0439413265306	0.0512967687075	0.0508078231293	0.0641581632653
160582958-tonguedorsum3.freeze11.snv.mod.fix.bam	0.062925170068	0.0823129251701	0.0558035714286	0.0745323129252	0.10325255102	0.112138605442	0.10512329932	0.114392006803	0.0540391156463	0.0546768707483	0.0755527210884	0.0438775510204	0.0773596938776	0.072193877551	0.072087585034	0.0600765306122	0.0503613945578	0.056143707483	0.000659013605442	0.0	0.0855654761905	0.0657738095238	0.0870960884354	0.0347576530612	0.0483843537415	0.0619260204082	0.0719387755102	0.0959396258503	0.0525722789116	0.063244047619	0.0504676870748	0.0491284013605	0.0517006802721	0.0714923469388	0.0840136054422	0.0692602040816	0.0481717687075	0.0435799319728	0.0889880952381	0.0913052721088	0.061968537415	0.0670280612245	0.0772108843537	0.0708758503401	0.0532100340136	0.0501275510204	0.0796556122449	0.0768920068027	0.0644345238095	0.0623086734694	0.0965136054422	0.0894132653061	0.0713647959184	0.0677295918367	0.0456420068027	0.0428146258503	0.05	0.0869047619048	0.0718112244898	0.0541454081633	0.0792091836735	0.0431335034014	0.0852678571429	0.0635629251701	0.0550170068027	0.0709608843537	0.0700680272109	0.077593537415	0.0355229591837	0.0807397959184	0.0514243197279	0.0985969387755	0.0723639455782	0.0481505102041	0.0548044217687	0.0549744897959	0.0680697278912
160643649-tonguedorsum1.freeze11.snv.mod.fix.bam	0.087393707483	0.104528061224	0.0791879251701	0.0891369047619	0.107227891156	0.124170918367	0.117113095238	0.127572278912	0.0775722789116	0.0762542517007	0.0922619047619	0.0660714285714	0.0907950680272	0.0865858843537	0.0914753401361	0.0792304421769	0.0684523809524	0.0780399659864	0.0825467687075	0.0855654761905	0.0	0.084587585034	0.103975340136	0.0599277210884	0.0693239795918	0.0847363945578	0.0914328231293	0.116539115646	0.0759778911565	0.0849914965986	0.0717474489796	0.072512755102	0.0759778911565	0.0904974489796	0.106462585034	0.0885629251701	0.068643707483	0.0679846938776	0.0989795918367	0.102338435374	0.0793792517007	0.0869897959184	0.0958971088435	0.0896258503401	0.0750637755102	0.0727040816327	0.0989795918367	0.0959183673469	0.0848639455782	0.0845025510204	0.114009353741	0.10744047619	0.0940263605442	0.0837797619048	0.0690263605442	0.0671556122449	0.0692176870748	0.108397108844	0.0878401360544	0.0759141156463	0.0991071428571	0.0652636054422	0.104655612245	0.0843537414966	0.0762755102041	0.0901785714286	0.0885629251701	0.0958545918367	0.0589710884354	0.0960034013605	0.0705144557823	0.107674319728	0.0920280612245	0.0703443877551	0.0741921768707	0.0751275510204	0.0861394557823
160704339-tonguedorsum1.freeze11.snv.mod.fix.bam	0.0634353741497	0.0845025510204	0.0575680272109	0.0697704081633	0.0952806122449	0.105527210884	0.0997023809524	0.107865646259	0.0535076530612	0.0562287414966	0.0732780612245	0.0455994897959	0.0737032312925	0.0700042517007	0.071449829932	0.0590348639456	0.0483205782313	0.055612244898	0.0616709183673	0.0657738095238	0.084587585034	0.0	0.0878613945578	0.0363520408163	0.0462585034014	0.0630527210884	0.0710459183673	0.0950892857143	0.0536139455782	0.062181122449	0.0480867346939	0.0500850340136	0.0509566326531	0.0709608843537	0.0875850340136	0.0651147959184	0.0442602040816	0.0465136054422	0.0830144557823	0.0843962585034	0.0612244897959	0.0646683673469	0.0751275510204	0.0678571428571	0.0539328231293	0.0517644557823	0.0775297619048	0.0756164965986	0.0659013605442	0.0653911564626	0.0953869047619	0.0875850340136	0.0710246598639	0.0671768707483	0.0464285714286	0.0446641156463	0.0475340136054	0.0861394557823	0.0688988095238	0.0546556122449	0.0813988095238	0.0460246598639	0.0864158163265	0.0626700680272	0.0540178571429	0.0692389455782	0.0670068027211	0.0790816326531	0.0375	0.0772321428571	0.0498086734694	0.0943452380952	0.0705357142857	0.0473214285714	0.0511054421769	0.0516794217687	0.0642857142857
234447334-tonguedorsum2.freeze11.snv.mod.fix.bam	0.0883715986395	0.105293367347	0.0812925170068	0.0906037414966	0.110161564626	0.123979591837	0.116794217687	0.126551870748	0.0803784013605	0.0772534013605	0.0947278911565	0.0685161564626	0.0966198979592	0.0917729591837	0.0901360544218	0.0796130952381	0.0728954081633	0.0823979591837	0.0830782312925	0.0870960884354	0.103975340136	0.0878613945578	0.0	0.0615433673469	0.0723852040816	0.0869472789116	0.096981292517	0.114413265306	0.0760629251701	0.0848214285714	0.0750637755102	0.0740433673469	0.0768069727891	0.0905399659864	0.108992346939	0.0900722789116	0.0710459183673	0.0697066326531	0.106398809524	0.110544217687	0.0818027210884	0.0859056122449	0.097193877551	0.0896258503401	0.0776147959184	0.0752551020408	0.0998086734694	0.0958758503401	0.0894132653061	0.0894557823129	0.116007653061	0.105399659864	0.0931760204082	0.0857568027211	0.0701105442177	0.0685799319728	0.0718112244898	0.111543367347	0.0907100340136	0.0794642857143	0.100765306122	0.0688137755102	0.10724914966	0.0865858843537	0.0786989795918	0.0918579931973	0.0897321428571	0.0986394557823	0.0624574829932	0.0983630952381	0.0722576530612	0.113286564626	0.0952593537415	0.0716411564626	0.0790603741497	0.0794430272109	0.0875850340136
246515023-tonguedorsum1.freeze11.snv.mod.fix.bam	0.0298044217687	0.0531887755102	0.0243197278912	0.0410926870748	0.0880739795918	0.0838010204082	0.0793792517007	0.0865008503401	0.0203869047619	0.0226615646259	0.0481717687075	0.0137967687075	0.0484481292517	0.0444302721088	0.0431760204082	0.0288477891156	0.0175595238095	0.0236181972789	0.0303571428571	0.0347576530612	0.0599277210884	0.0363520408163	0.0615433673469	0.0	0.014880952381	0.0298256802721	0.0410714285714	0.0691113945578	0.0191964285714	0.0310586734694	0.0170280612245	0.0185161564626	0.0191326530612	0.0409651360544	0.0589710884354	0.034056122449	0.0128613945578	0.0137755102041	0.0597151360544	0.0575467687075	0.0290391156463	0.037606292517	0.0435799319728	0.0354166666667	0.0213222789116	0.0197066326531	0.0494472789116	0.0501913265306	0.034375	0.031143707483	0.0679421768707	0.065306122449	0.0416241496599	0.0379676870748	0.0128401360544	0.0114370748299	0.0158163265306	0.0568452380952	0.040306122449	0.0211096938776	0.052806122449	0.0118409863946	0.0572066326531	0.0291028911565	0.0207695578231	0.0387329931973	0.037181122449	0.0505102040816	0.00520833333333	0.0509566326531	0.0183460884354	0.0755952380952	0.0383928571429	0.0143282312925	0.0241709183673	0.0222363945578	0.0375212585034
370027359-tonguedorsum3.freeze11.snv.mod.fix.bam	0.0435586734694	0.0673469387755	0.0378401360544	0.0521896258503	0.0911989795918	0.0940901360544	0.0889243197279	0.0961522108844	0.0355229591837	0.033949829932	0.0563775510204	0.0240858843537	0.0588010204082	0.0531462585034	0.0526785714286	0.0406037414966	0.0282950680272	0.0370110544218	0.0447916666667	0.0483843537415	0.0693239795918	0.0462585034014	0.0723852040816	0.014880952381	0.0	0.0433035714286	0.0544855442177	0.0795068027211	0.0342474489796	0.0398384353741	0.0292091836735	0.0309098639456	0.0325255102041	0.0545493197279	0.0704719387755	0.0489158163265	0.025637755102	0.0251275510204	0.0680484693878	0.0674107142857	0.0421981292517	0.0486394557823	0.0556972789116	0.0484268707483	0.034587585034	0.0325680272109	0.0627763605442	0.0615858843537	0.0481505102041	0.0450255102041	0.0790178571429	0.0735331632653	0.0527423469388	0.0502976190476	0.0245110544218	0.0225765306122	0.0282950680272	0.0687712585034	0.0512542517007	0.0329931972789	0.0666666666667	0.0250425170068	0.0700255102041	0.0433673469388	0.0342261904762	0.0534013605442	0.0508078231293	0.0621598639456	0.0169005102041	0.0638392857143	0.0291879251701	0.081887755102	0.0516794217687	0.0278911564626	0.0344387755102	0.0325255102041	0.0501913265306
404239096-tonguedorsum1.freeze11.snv.mod.fix.bam	0.0620535714286	0.0827168367347	0.052912414966	0.0687712585034	0.102614795918	0.109927721088	0.104591836735	0.112266156463	0.052487244898	0.0533588435374	0.0742346938776	0.0408163265306	0.074893707483	0.0707270408163	0.0693452380952	0.0571641156463	0.044494047619	0.050531462585	0.0576743197279	0.0619260204082	0.0847363945578	0.0630527210884	0.0869472789116	0.0298256802721	0.0433035714286	0.0	0.0689838435374	0.0981505102041	0.0489370748299	0.0602891156463	0.0435799319728	0.0461522108844	0.0471726190476	0.0691326530612	0.0878401360544	0.0635629251701	0.0414328231293	0.0406887755102	0.083737244898	0.084800170068	0.0579294217687	0.0639668367347	0.0735756802721	0.0651360544218	0.0478954081633	0.0456420068027	0.0771471088435	0.0761692176871	0.063137755102	0.0609693877551	0.0940476190476	0.0906887755102	0.0715136054422	0.0621386054422	0.0404336734694	0.0389880952381	0.0447066326531	0.0887967687075	0.0658163265306	0.0480229591837	0.0832695578231	0.0409013605442	0.0839923469388	0.0588010204082	0.0523596938776	0.0698341836735	0.0671130952381	0.0786352040816	0.0301020408163	0.0794430272109	0.0461522108844	0.0982568027211	0.0677721088435	0.043643707483	0.0516369047619	0.0511267006803	0.0647321428571
508703490-tonguedorsum1.freeze11.snv.mod.fix.bam	0.071662414966	0.0909863945578	0.0633078231293	0.0784651360544	0.106143707483	0.112925170068	0.107164115646	0.115837585034	0.0625212585034	0.0628826530612	0.0816539115646	0.052699829932	0.083737244898	0.0799532312925	0.078762755102	0.0670280612245	0.05625	0.0598852040816	0.0671556122449	0.0719387755102	0.0914328231293	0.0710459183673	0.096981292517	0.0410714285714	0.0544855442177	0.0689838435374	0.0	0.08125	0.059800170068	0.0713647959184	0.0554421768707	0.0558886054422	0.0583333333333	0.0793154761905	0.093324829932	0.0738095238095	0.0519982993197	0.0534226190476	0.0945153061224	0.0956845238095	0.0673044217687	0.072193877551	0.0834608843537	0.0757865646259	0.0600552721088	0.0578443877551	0.086755952381	0.0837159863946	0.0722789115646	0.0710671768707	0.102636054422	0.0978954081633	0.080931122449	0.0750637755102	0.0514880952381	0.0481505102041	0.0556335034014	0.0950042517007	0.0763605442177	0.0610544217687	0.088244047619	0.0503613945578	0.0922831632653	0.0681760204082	0.0620323129252	0.0760204081633	0.074787414966	0.0858418367347	0.0418792517007	0.0868197278912	0.05625	0.101892006803	0.0787202380952	0.0559523809524	0.0603528911565	0.0596301020408	0.0722576530612
508703490-tonguedorsum2.freeze11.snv.mod.fix.bam	0.0955357142857	0.113159013605	0.0892431972789	0.100616496599	0.121407312925	0.135331632653	0.126679421769	0.136968537415	0.0887755102041	0.0867984693878	0.101743197279	0.0771045918367	0.107865646259	0.103103741497	0.102572278912	0.0923894557823	0.083630952381	0.0876275510204	0.0918579931973	0.0959396258503	0.116539115646	0.0950892857143	0.114413265306	0.0691113945578	0.0795068027211	0.0981505102041	0.08125	0.0	0.0857780612245	0.0953443877551	0.0812925170068	0.0800807823129	0.0836734693878	0.104336734694	0.117899659864	0.0967474489796	0.0769345238095	0.0791879251701	0.117134353741	0.121045918367	0.0895408163265	0.0960459183673	0.10943877551	0.101700680272	0.084481292517	0.0822278911565	0.112223639456	0.108035714286	0.0962797619048	0.0971513605442	0.125956632653	0.117793367347	0.105038265306	0.0951955782313	0.0784013605442	0.0754464285714	0.0804421768707	0.117793367347	0.101721938776	0.0879676870748	0.11143707483	0.0762329931973	0.119961734694	0.096130952381	0.0878401360544	0.100446428571	0.0982142857143	0.105378401361	0.0693452380952	0.106164965986	0.0824404761905	0.123278061224	0.100085034014	0.0777636054422	0.0869472789116	0.0873086734694	0.097193877551
550534656-tonguedorsum2.freeze11.snv.mod.fix.bam	0.0504039115646	0.069068877551	0.0414965986395	0.0577380952381	0.0959396258503	0.101041666667	0.0954719387755	0.103635204082	0.041050170068	0.0408588435374	0.0644557823129	0.0310161564626	0.065306122449	0.0607568027211	0.0600552721088	0.0454719387755	0.0355867346939	0.0423044217687	0.0485544217687	0.0525722789116	0.0759778911565	0.0536139455782	0.0760629251701	0.0191964285714	0.0342474489796	0.0489370748299	0.059800170068	0.0857780612245	0.0	0.050744047619	0.0369047619048	0.0363520408163	0.0389243197279	0.059587585034	0.0730017006803	0.0520833333333	0.0298894557823	0.0318664965986	0.0762755102041	0.0762755102041	0.0454294217687	0.0514668367347	0.0619260204082	0.0540391156463	0.0384778911565	0.0366071428571	0.0672619047619	0.0658163265306	0.0529761904762	0.0504676870748	0.0847363945578	0.0799107142857	0.0602040816327	0.0531462585034	0.0304634353741	0.0283801020408	0.0334183673469	0.0758503401361	0.0562925170068	0.0391794217687	0.0687712585034	0.0294642857143	0.0752338435374	0.0482780612245	0.0410076530612	0.0572278911565	0.055612244898	0.0624362244898	0.0198129251701	0.0667942176871	0.0348639455782	0.0891794217687	0.056143707483	0.0321428571429	0.0421768707483	0.0406037414966	0.0535926870748
