	147406386-tonguedorsum3.freeze11.snv.mod.fix.bam	158337416-tonguedorsum1.freeze11.snv.mod.fix.bam	158337416-tonguedorsum2.freeze11.snv.mod.fix.bam	158479027-tonguedorsum1.freeze11.snv.mod.fix.bam	158479027-tonguedorsum2.freeze11.snv.mod.fix.bam	158499257-tonguedorsum2.freeze11.snv.mod.fix.bam	158883629-tonguedorsum1.freeze11.snv.mod.fix.bam	158883629-tonguedorsum2.freeze11.snv.mod.fix.bam	158883629-tonguedorsum3.freeze11.snv.mod.fix.bam	158944319-tonguedorsum1.freeze11.snv.mod.fix.bam	159005010-tonguedorsum2.freeze11.snv.mod.fix.bam	159207311-tonguedorsum2.freeze11.snv.mod.fix.bam	159227541-tonguedorsum3.freeze11.snv.mod.fix.bam	159268001-tonguedorsum1.freeze11.snv.mod.fix.bam	159268001-tonguedorsum2.freeze11.snv.mod.fix.bam	159510762-tonguedorsum2.freeze11.snv.mod.fix.bam	159551223-tonguedorsum1.freeze11.snv.mod.fix.bam	159551223-tonguedorsum2.freeze11.snv.mod.fix.bam	159733294-tonguedorsum1.freeze11.snv.mod.fix.bam	159915365-tonguedorsum1.freeze11.snv.mod.fix.bam	160178356-tonguedorsum1.freeze11.snv.mod.fix.bam	160178356-tonguedorsum3.freeze11.snv.mod.fix.bam	160218816-tonguedorsum1.freeze11.snv.mod.fix.bam	160259276-tonguedorsum1.freeze11.snv.mod.fix.bam	160319967-tonguedorsum2.freeze11.snv.mod.fix.bam	160380657-tonguedorsum1.freeze11.snv.mod.fix.bam	160380657-tonguedorsum2.freeze11.snv.mod.fix.bam	160400887-tonguedorsum1.freeze11.snv.mod.fix.bam	160421117-tonguedorsum1.freeze11.snv.mod.fix.bam	160502038-tonguedorsum3.freeze11.snv.mod.fix.bam	160603188-tonguedorsum1.freeze11.snv.mod.fix.bam	160603188-tonguedorsum2.freeze11.snv.mod.fix.bam	160603188-tonguedorsum3.freeze11.snv.mod.fix.bam	160643649-tonguedorsum1.freeze11.snv.mod.fix.bam	160765029-tonguedorsum1.freeze11.snv.mod.fix.bam	234447334-tonguedorsum2.freeze11.snv.mod.fix.bam	246515023-tonguedorsum1.freeze11.snv.mod.fix.bam	246515023-tonguedorsum2.freeze11.snv.mod.fix.bam	370027359-palatinetonsils2.freeze11.snv.mod.fix.bam	370027359-tonguedorsum3.freeze11.snv.mod.fix.bam	404239096-tonguedorsum1.freeze11.snv.mod.fix.bam	508703490-tonguedorsum2.freeze11.snv.mod.fix.bam	550534656-tonguedorsum1.freeze11.snv.mod.fix.bam	550534656-tonguedorsum2.freeze11.snv.mod.fix.bam	550534656-tonguedorsum3.freeze11.snv.mod.fix.bam	604812005-tonguedorsum3.freeze11.snv.mod.fix.bam	638754422-tonguedorsum1.freeze11.snv.mod.fix.bam	638754422-tonguedorsum2.freeze11.snv.mod.fix.bam	638754422-tonguedorsum3.freeze11.snv.mod.fix.bam	675950834-tonguedorsum1.freeze11.snv.mod.fix.bam	675950834-tonguedorsum2.freeze11.snv.mod.fix.bam	682102541-tonguedorsum3.freeze11.snv.mod.fix.bam	686765762-tonguedorsum2.freeze11.snv.mod.fix.bam	686765762-tonguedorsum3.freeze11.snv.mod.fix.bam	737052003-tonguedorsum1.freeze11.snv.mod.fix.bam	737052003-tonguedorsum2.freeze11.snv.mod.fix.bam	763395383-tonguedorsum3.freeze11.snv.mod.fix.bam	763435843-tonguedorsum1.freeze11.snv.mod.fix.bam	763435843-tonguedorsum2.freeze11.snv.mod.fix.bam	763496533-palatinetonsils2.freeze11.snv.mod.fix.bam	763496533-throat2.freeze11.snv.mod.fix.bam	763496533-tonguedorsum2.freeze11.snv.mod.fix.bam	763536994-tonguedorsum1.freeze11.snv.mod.fix.bam	763536994-tonguedorsum2.freeze11.snv.mod.fix.bam	763536994-tonguedorsum3.freeze11.snv.mod.fix.bam	763577454-tonguedorsum1.freeze11.snv.mod.fix.bam	763577454-tonguedorsum2.freeze11.snv.mod.fix.bam	763759525-tonguedorsum2.freeze11.snv.mod.fix.bam	763840445-tonguedorsum2.freeze11.snv.mod.fix.bam	763901136-tonguedorsum2.freeze11.snv.mod.fix.bam	763901136-tonguedorsum3.freeze11.snv.mod.fix.bam	763961826-saliva1.freeze11.snv.mod.fix.bam	763961826-throat1.freeze11.snv.mod.fix.bam	763961826-tonguedorsum1.freeze11.snv.mod.fix.bam	763982056-tonguedorsum3.freeze11.snv.mod.fix.bam	764062976-tonguedorsum2.freeze11.snv.mod.fix.bam	764143897-tonguedorsum1.freeze11.snv.mod.fix.bam	764143897-tonguedorsum2.freeze11.snv.mod.fix.bam	764224817-tonguedorsum1.freeze11.snv.mod.fix.bam	764224817-tonguedorsum2.freeze11.snv.mod.fix.bam	764305738-tonguedorsum1.freeze11.snv.mod.fix.bam	764325968-tonguedorsum1.freeze11.snv.mod.fix.bam	764325968-tonguedorsum2.freeze11.snv.mod.fix.bam	764366428-throat2.freeze11.snv.mod.fix.bam	764366428-tonguedorsum2.freeze11.snv.mod.fix.bam	764447348-tonguedorsum1.freeze11.snv.mod.fix.bam	764467579-palatinetonsils3.freeze11.snv.mod.fix.bam	764467579-tonguedorsum3.freeze11.snv.mod.fix.bam	764649650-tonguedorsum1.freeze11.snv.mod.fix.bam	764649650-tonguedorsum2.freeze11.snv.mod.fix.bam	764811490-tonguedorsum1.freeze11.snv.mod.fix.bam	764811490-tonguedorsum2.freeze11.snv.mod.fix.bam	764872181-tonguedorsum1.freeze11.snv.mod.fix.bam	765013792-tonguedorsum1.freeze11.snv.mod.fix.bam	765013792-tonguedorsum2.freeze11.snv.mod.fix.bam	765013792-tonguedorsum3.freeze11.snv.mod.fix.bam	765034022-tonguedorsum1.freeze11.snv.mod.fix.bam	765074482-tonguedorsum1.freeze11.snv.mod.fix.bam	765074482-tonguedorsum3.freeze11.snv.mod.fix.bam	765094712-tonguedorsum2.freeze11.snv.mod.fix.bam	765135172-tonguedorsum1.freeze11.snv.mod.fix.bam	765195863-palatinetonsils3.freeze11.snv.mod.fix.bam	765195863-tonguedorsum3.freeze11.snv.mod.fix.bam	765216093-tonguedorsum3.freeze11.snv.mod.fix.bam	765337473-tonguedorsum3.freeze11.snv.mod.fix.bam	765377934-palatinetonsils3.freeze11.snv.mod.fix.bam	765377934-saliva3.freeze11.snv.mod.fix.bam	765377934-tonguedorsum3.freeze11.snv.mod.fix.bam	765620695-tonguedorsum1.freeze11.snv.mod.fix.bam	765701615-tonguedorsum2.freeze11.snv.mod.fix.bam	823052294-tonguedorsum1.freeze11.snv.mod.fix.bam	823052294-tonguedorsum3.freeze11.snv.mod.fix.bam	857980665-tonguedorsum2.freeze11.snv.mod.fix.bam	857980665-tonguedorsum3.freeze11.snv.mod.fix.bam	861967750-tonguedorsum1.freeze11.snv.mod.fix.bam	861967750-tonguedorsum2.freeze11.snv.mod.fix.bam	863126187-tonguedorsum3.freeze11.snv.mod.fix.bam	937415040-tonguedorsum1.freeze11.snv.mod.fix.bam
147406386-tonguedorsum3.freeze11.snv.mod.fix.bam	0.0	0.170986161373	0.170330769058	0.164014594528	0.166227978086	0.164390846208	0.167592814113	0.166593331714	0.166251005358	0.128417207866	0.162500289272	0.161222306765	0.161521548471	0.170233794462	0.168599291101	0.176939153239	0.182826610869	0.182846944084	0.169820079394	0.186611106332	0.171064710541	0.169291885766	0.178834400773	0.168561026943	0.174934680227	0.169184618766	0.163950305284	0.164520089411	0.16426392419	0.164942196533	0.168280922555	0.167886719334	0.168145589193	0.157405976928	0.162742140467	0.161650185926	0.165351427735	0.166082278921	0.133695055204	0.133672495573	0.136845747415	0.169650332141	0.169540670585	0.170819681184	0.169676705259	0.165217599325	0.159924105345	0.168940758712	0.168255119838	0.158624561891	0.158851460571	0.154753911658	0.160816334695	0.16135264488	0.169138794226	0.168678370355	0.168187608515	0.164658596004	0.169147046353	0.167344025606	0.165790837624	0.170320723834	0.173957356541	0.170174901492	0.170325748939	0.209961223713	0.208012770323	0.165110533069	0.161407665772	0.166621028865	0.164854144448	0.164781504834	0.163273791349	0.167608620994	0.151305378873	0.163814258223	0.172086323578	0.170760186688	0.16801477435	0.164193333316	0.175766440918	0.151174489853	0.155417749485	0.170786684823	0.169871722962	0.165263932294	0.166310452825	0.169603181591	0.15464003766	0.152027568105	0.159305280657	0.157727466269	0.136507631795	0.170856138362	0.159648908746	0.163310092435	0.164294262488	0.162098888259	0.165799806495	0.163071679807	0.180626708242	0.168461160569	0.16731441867	0.164197249117	0.162322216963	0.171798679656	0.17118280466	0.171727051191	0.160980879747	0.16514921847	0.153036612895	0.164297513497	0.173803780802	0.170922320094	0.18483136315	0.184782499015	0.179735602328	0.161679845649
158337416-tonguedorsum1.freeze11.snv.mod.fix.bam	0.170986161373	0.0	0.000805729887709	0.169032959211	0.170332419269	0.167398474685	0.172680289224	0.171690722979	0.171840936101	0.169282654569	0.17464688402	0.168858174425	0.168786850345	0.177339421949	0.175685290634	0.182244941151	0.189151785879	0.189187429635	0.171265093722	0.183534573207	0.17210143066	0.170813021002	0.179144689156	0.175332055882	0.177844516136	0.177313118247	0.171598163915	0.172941186655	0.169061509528	0.169745229478	0.172198440408	0.171678025942	0.172010054509	0.171878789098	0.168234577047	0.169343568587	0.170162818933	0.171033603934	0.173662756809	0.173271092738	0.171628417858	0.174430863472	0.173879834874	0.175290331288	0.173868480189	0.170231485691	0.165224155926	0.172076682824	0.171778840695	0.171524602373	0.173612707124	0.166557271308	0.167689459208	0.168403853352	0.172877850268	0.172614680762	0.173895082027	0.167675091682	0.172154778555	0.170991800817	0.169136900715	0.173958142781	0.1766402767	0.172965552988	0.173225756098	0.215739252864	0.213982807995	0.168369613097	0.168536717837	0.171691691019	0.169724655832	0.170190460565	0.168226383657	0.172626192643	0.16842125824	0.169879731666	0.17616467182	0.175039324043	0.17010576228	0.167814300048	0.184526616919	0.165268306155	0.169702967462	0.173726461819	0.172927611612	0.172411735119	0.1711339602	0.174011497257	0.168101980837	0.165916968076	0.1762582574	0.173427078008	0.167046984857	0.18007877422	0.176777022487	0.170258546046	0.17217175091	0.164780626972	0.168149684804	0.170417071258	0.180997094197	0.171952016889	0.170725255191	0.162163006999	0.163820449683	0.176488346074	0.17554160448	0.176020600689	0.17533105241	0.16746001996	0.16693985166	0.166942035137	0.179866541604	0.176813618865	0.1858509657	0.185932486663	0.183278283943	0.16648013947
158337416-tonguedorsum2.freeze11.snv.mod.fix.bam	0.170330769058	0.000805729887709	0.0	0.168241482578	0.16962310705	0.166565789223	0.172060634187	0.171003248111	0.171189832984	0.168528729884	0.173934740533	0.168036853702	0.16801369808	0.176542705778	0.174948781925	0.181461469798	0.188527634814	0.188564910048	0.170378915227	0.182864740771	0.171175081971	0.169899144292	0.178472208811	0.174539601583	0.177204280119	0.176480152074	0.170768795191	0.172151903208	0.168368882407	0.168926712038	0.171429302246	0.170897009079	0.171265385943	0.171125662768	0.167411114565	0.168536536142	0.169311079906	0.170215062185	0.173065786458	0.172594575867	0.170981000669	0.173640246173	0.173072647382	0.174484833279	0.173031912571	0.169520363532	0.164546410668	0.17139653828	0.171115041523	0.170729957158	0.172897420563	0.165693695967	0.166952020563	0.167626142518	0.172114143571	0.171891844899	0.173144467635	0.166891231504	0.171349646954	0.170141460393	0.168372087548	0.173152024468	0.175867608643	0.172103359769	0.172373297804	0.215073224497	0.213304951123	0.167439697088	0.167739651813	0.170998226112	0.169007481447	0.169338795214	0.167382235553	0.171801344122	0.167683422436	0.168973028186	0.175426325497	0.174311137951	0.169204247604	0.166877323557	0.18377012059	0.164406913547	0.168946233953	0.172944925342	0.172146440308	0.171549509179	0.170349190125	0.173262852676	0.167440461915	0.165214665521	0.175484668244	0.172608005321	0.166337257679	0.179438859418	0.17599828192	0.169524203414	0.171344083509	0.163804577852	0.16726217169	0.169636103855	0.180318735091	0.17123768523	0.170026075452	0.161496820968	0.162908248289	0.175730379114	0.174756761512	0.175234221706	0.17455238995	0.16667362058	0.16612994325	0.166205642751	0.178938743108	0.175900108742	0.185137585815	0.185218396684	0.182632021957	0.165669294401
158479027-tonguedorsum1.freeze11.snv.mod.fix.bam	0.164014594528	0.169032959211	0.168241482578	0.0	0.0699208672844	0.156591840917	0.15047503975	0.145841688017	0.14427627902	0.161130291465	0.166364133537	0.16028432764	0.145306277577	0.169790621273	0.16782037085	0.174541138292	0.172318531952	0.172272313759	0.164962574951	0.181235736023	0.167293894401	0.165314488757	0.172274125429	0.166530917446	0.170251850666	0.168529918996	0.163134020229	0.164019339633	0.156788912783	0.12761770951	0.16484458904	0.164386311637	0.1646513377	0.161852375437	0.158262033566	0.16105543508	0.166177347969	0.167002286802	0.166024705946	0.165012452614	0.166091484509	0.170135625267	0.165023766664	0.166325864841	0.163953975875	0.165821998663	0.152428617678	0.158637079424	0.156811097027	0.157924531412	0.165019633309	0.154958912654	0.147074166508	0.147792947386	0.169094376965	0.169566375397	0.16407304553	0.16335134555	0.167880086254	0.163621754695	0.161575578238	0.166464713912	0.157367032497	0.165762659317	0.157865170202	0.204017562609	0.2019440684	0.162175055393	0.156748922669	0.16880728964	0.166548205479	0.126991006784	0.125736893723	0.129580625548	0.161544233802	0.163046665325	0.164987282511	0.163878259046	0.160234304586	0.154554578406	0.17349309424	0.156117996735	0.160433798863	0.170482364005	0.169147243249	0.162369721728	0.162610727577	0.165848424592	0.16016728918	0.157713696837	0.169170985834	0.159355719929	0.157338145701	0.164114555886	0.169800134686	0.123377068211	0.155959743419	0.159497148316	0.162892919093	0.162721093438	0.178043844103	0.152182747375	0.15244762939	0.162800197909	0.160955726532	0.169654775023	0.168857727466	0.169233289082	0.165174111705	0.149410249842	0.151525817521	0.16180008286	0.175410496	0.171903227926	0.178166999971	0.178202014302	0.170901118135	0.160691603199
158479027-tonguedorsum2.freeze11.snv.mod.fix.bam	0.166227978086	0.170332419269	0.16962310705	0.0699208672844	0.0	0.16522281048	0.147269568987	0.146914001712	0.150938936735	0.163784740095	0.170590338297	0.163775087852	0.160248276064	0.173049271953	0.171298037066	0.176798396867	0.183019313092	0.182970656265	0.167642122409	0.184812016026	0.168640161024	0.166883410412	0.178615645803	0.168599400976	0.17529803827	0.172496083543	0.166882774498	0.164798295137	0.153332856107	0.0956613010425	0.167004866999	0.166628870668	0.166800148807	0.16350371731	0.158196622998	0.165498999569	0.169270090016	0.170002093253	0.169891669483	0.169181472955	0.166785043281	0.173576447284	0.16698768308	0.168352816866	0.166915703038	0.169475723613	0.162146260656	0.155818733903	0.156417358313	0.164771522261	0.167284147069	0.160994970205	0.138265340595	0.138881592708	0.172367814454	0.172632608419	0.167161162749	0.164574286678	0.168876525722	0.166334652705	0.164392979972	0.169220570452	0.173820322283	0.169764486179	0.169894026919	0.209993011235	0.208066548491	0.16546240535	0.161136117001	0.171790575062	0.169744729473	0.0955355321938	0.0941563489775	0.0969936082079	0.165408897831	0.166437635254	0.168394642968	0.167413409738	0.166894924461	0.163721070518	0.175975538495	0.15695511271	0.161242556939	0.172524096747	0.171403589276	0.164995625011	0.164212213025	0.167097033342	0.162060401011	0.159906810541	0.169762586397	0.161519035513	0.155711503302	0.17135847949	0.170207807125	0.100744127884	0.168362348621	0.161757156372	0.164919532075	0.16513601983	0.180970328632	0.144744340838	0.143444763191	0.16388700924	0.163360958047	0.170876257579	0.170086764525	0.170504729925	0.166705276896	0.154486516194	0.162674364742	0.165881070743	0.177797115349	0.174609586382	0.182635472177	0.18270875115	0.181455247829	0.163587512927
158499257-tonguedorsum2.freeze11.snv.mod.fix.bam	0.164390846208	0.167398474685	0.166565789223	0.156591840917	0.16522281048	0.0	0.164313240028	0.161815496453	0.160654359952	0.162563406966	0.16876829532	0.155284123993	0.154250453773	0.168517526692	0.166805604277	0.175410357791	0.181693897185	0.181718810084	0.148471532518	0.181433390888	0.162206439432	0.160074167745	0.176518977718	0.168609569905	0.173328439118	0.171610809166	0.16546056379	0.165888250649	0.163688656421	0.166680084601	0.167439482145	0.167006635824	0.167229908527	0.165826928946	0.164208845389	0.161963092943	0.0550042765604	0.0554595519413	0.1660033991	0.164702780654	0.167063535206	0.170423381118	0.169428929551	0.17083608625	0.168210886438	0.167344366494	0.155697208694	0.165527991912	0.163713876436	0.158432423694	0.168150745126	0.159183623438	0.160244603562	0.160894682426	0.168645857249	0.168704885794	0.16972364059	0.163685544323	0.16832133665	0.163214554095	0.161701287194	0.166303449314	0.150021677677	0.146795634101	0.145971691419	0.20916411672	0.207007255481	0.14293934613	0.163044151806	0.168371148057	0.166438216152	0.164016063766	0.162518971103	0.166941466688	0.162606359967	0.163586993288	0.169089390337	0.167839504879	0.162319500917	0.158603867469	0.176621914588	0.160142012819	0.164868001809	0.167283962442	0.166054586137	0.163998290805	0.164244596142	0.16730059222	0.162695759487	0.160346060596	0.173251691002	0.167362269924	0.161713645518	0.171522431401	0.173591807788	0.161445970646	0.153980347492	0.152586008736	0.156056088101	0.163854325419	0.176560249579	0.166122667362	0.166181465204	0.163426499958	0.1597345318	0.170148165511	0.169413649456	0.169759195974	0.169996481443	0.157013481903	0.154231472836	0.160006674852	0.174266704794	0.171290371408	0.182526550218	0.182730862179	0.179220388339	0.160912010168
158883629-tonguedorsum1.freeze11.snv.mod.fix.bam	0.167592814113	0.172680289224	0.172060634187	0.15047503975	0.147269568987	0.164313240028	0.0	0.0263942561901	0.0340883392241	0.163991603073	0.171374136054	0.164527994264	0.159520161875	0.167182004159	0.165768803363	0.176238348782	0.184753316371	0.184552628614	0.166734652385	0.183110259937	0.170167165828	0.16808189071	0.178456941489	0.17017978116	0.175193961802	0.173075027442	0.167374485259	0.168827940804	0.147739254435	0.148499616665	0.169754969595	0.169354125254	0.169594880432	0.163057794358	0.157214294653	0.163047822396	0.170187215254	0.171079232927	0.168512568893	0.16781479223	0.165654033024	0.17177942715	0.168656774606	0.169942925102	0.167480388949	0.165603597591	0.1571256335	0.13233648668	0.132016272796	0.159319975541	0.164554404035	0.157475141888	0.106739518711	0.107647328391	0.167787844122	0.1673635761	0.169556072434	0.164941556894	0.169354425047	0.166556415584	0.164891589438	0.169938523559	0.169027029171	0.166506132892	0.164366519781	0.212207238678	0.210312567883	0.163048735296	0.162308801319	0.171803349171	0.169792008961	0.150240688568	0.148731854446	0.153036319908	0.165628595069	0.167816664903	0.170841573444	0.169625665961	0.164426446278	0.161164076829	0.180645810011	0.159564096882	0.163870994167	0.172534276453	0.171140740811	0.166067323297	0.167327263091	0.17029981001	0.165058463599	0.163139135515	0.173100680376	0.166498799246	0.16229446213	0.172842417854	0.173969959289	0.145523262615	0.159854408874	0.162466305565	0.165911821149	0.166800364869	0.181898794625	0.114337798542	0.11379879681	0.165097392497	0.163065994175	0.171082355069	0.170418849957	0.170746313763	0.166650827692	0.129858535613	0.158851501479	0.163746069535	0.179559229486	0.176743525293	0.184765065585	0.184661078109	0.180329860359	0.163658122292
158883629-tonguedorsum2.freeze11.snv.mod.fix.bam	0.166593331714	0.171690722979	0.171003248111	0.145841688017	0.146914001712	0.161815496453	0.0263942561901	0.0	0.0291430034582	0.163497169678	0.170850261914	0.16421183577	0.154507235882	0.166606081889	0.165004966124	0.175525931119	0.183128775305	0.182943194817	0.166199298921	0.182790918946	0.169704156227	0.167525060687	0.177788410035	0.169561052307	0.174346224623	0.171739750309	0.166007913257	0.1676854893	0.147667391236	0.149034912177	0.169025781349	0.168616311202	0.168879467801	0.162332017206	0.156843039583	0.162063351007	0.169451581258	0.170378129014	0.16752961056	0.166751083207	0.165243747387	0.170610207138	0.168023300552	0.169414536715	0.16678422682	0.164743694009	0.154016759015	0.132312270636	0.131497315096	0.157577218517	0.164252660025	0.156143299897	0.109160703842	0.110254491103	0.167217183564	0.166915120984	0.168438277059	0.164111917523	0.168626820597	0.165924754911	0.164150022528	0.169249031764	0.164364729165	0.165967727516	0.161074303262	0.211213702103	0.209293953384	0.162624377329	0.161059498581	0.170651692993	0.168622066015	0.15001859299	0.148495169064	0.152922201	0.164673132221	0.166595129899	0.169749902459	0.168577596996	0.162028843264	0.158009384803	0.179830776553	0.158177929042	0.162492528723	0.171338718258	0.170004683569	0.164993018103	0.166795215611	0.169780163888	0.163665869942	0.161778638681	0.171981596795	0.164766179287	0.16138819225	0.172182522692	0.17279797518	0.144662330485	0.156629894183	0.16166647932	0.165181017365	0.165674967214	0.181175108559	0.115480985988	0.115304518975	0.164843118884	0.161810612243	0.170473357736	0.169813097253	0.170094052979	0.166074075259	0.127453735166	0.154325474156	0.162312905944	0.178815379205	0.17596521473	0.183964006669	0.183908926216	0.179364025769	0.162866486652
158883629-tonguedorsum3.freeze11.snv.mod.fix.bam	0.166251005358	0.171840936101	0.171189832984	0.14427627902	0.150938936735	0.160654359952	0.0340883392241	0.0291430034582	0.0	0.162825587355	0.170834158827	0.164523420291	0.151016828689	0.167215076942	0.165583519678	0.175204940106	0.183327740363	0.183099908051	0.166377513153	0.183094585931	0.170474699838	0.168336607327	0.177791419481	0.169563335914	0.174487592009	0.171873327256	0.16631341402	0.168100304048	0.15099274438	0.152570990394	0.169252538036	0.168880909577	0.169156079916	0.16281105287	0.158341866956	0.162244064828	0.169027154736	0.17002914543	0.167333923544	0.166656281799	0.165853252082	0.170158083521	0.168212013877	0.169388680729	0.166845094004	0.164660238774	0.153282986609	0.138837273278	0.137601180417	0.157367939637	0.164557905428	0.156043572289	0.118248654053	0.119288858902	0.167550983396	0.167195617718	0.16891029303	0.164195591399	0.168687421232	0.166168972583	0.164329342546	0.169477290134	0.16116491235	0.16646579477	0.159603655234	0.210869499298	0.208902094635	0.16307440326	0.161334246429	0.170636915898	0.168637245805	0.153577765731	0.151943861276	0.15654131567	0.164612755924	0.16642418457	0.170019414459	0.168810670039	0.161019854612	0.15615435359	0.179056776268	0.158459913184	0.162789178162	0.171625630435	0.170365703344	0.164870095092	0.167232831162	0.170271484254	0.163639577747	0.161546744427	0.171909583819	0.164682238188	0.161740370073	0.172013035572	0.172686698806	0.147931888372	0.152963365576	0.162202856307	0.165750443973	0.165974786201	0.181350529769	0.124317449331	0.124170858555	0.165155121438	0.161816877872	0.170341122739	0.169826594214	0.170177230519	0.166495014133	0.130966322842	0.152548323655	0.162168342746	0.178400108558	0.175556843262	0.183884816909	0.18367792972	0.179395513884	0.163258489714
158944319-tonguedorsum1.freeze11.snv.mod.fix.bam	0.128417207866	0.169282654569	0.168528729884	0.161130291465	0.163784740095	0.162563406966	0.163991603073	0.163497169678	0.162825587355	0.0	0.164183246484	0.161345738814	0.158804776869	0.169889401161	0.168318126251	0.175650484308	0.179984083076	0.179951740739	0.167086652284	0.183743924998	0.167136063792	0.165470612137	0.175291192594	0.163633403673	0.172448634402	0.16878148424	0.163099615452	0.160777048944	0.163113565367	0.163517178538	0.162841547172	0.162538298667	0.162689025705	0.158036988763	0.159547166884	0.162896653702	0.166047357409	0.167070419096	0.118856655401	0.118959390365	0.134045153033	0.166611162966	0.165846372926	0.167299462358	0.165886306678	0.165231606731	0.158403410095	0.16583488018	0.165910726074	0.159058890761	0.1605612047	0.152860487916	0.158252452513	0.158755220934	0.167234685139	0.166740469401	0.162032322205	0.159570744981	0.164396078845	0.161289028406	0.159674241899	0.164191038569	0.170350350428	0.168096786992	0.167755606258	0.208526752301	0.206287572663	0.162998234631	0.155479179928	0.166052102413	0.164087229773	0.162268282421	0.1603096952	0.164851382259	0.154431729489	0.161634465807	0.167363956244	0.166228145453	0.164554539857	0.160767620403	0.174334635656	0.151019374387	0.155725674137	0.167783012299	0.166809439256	0.165321946436	0.165285772817	0.168320244511	0.15435032472	0.152351373643	0.159998050935	0.157816986203	0.138467464072	0.166967842063	0.159757061751	0.161953108221	0.162540567789	0.161844440407	0.164880284097	0.16070571742	0.179826280893	0.165971467452	0.164900705262	0.16308407267	0.157830527835	0.168285447411	0.167546036922	0.167890480185	0.159423815258	0.162932561343	0.149675119139	0.159435169769	0.172262406571	0.169064168373	0.179578164901	0.179802834282	0.177470425502	0.154309798388
159005010-tonguedorsum2.freeze11.snv.mod.fix.bam	0.162500289272	0.17464688402	0.173934740533	0.166364133537	0.170590338297	0.16876829532	0.171374136054	0.170850261914	0.170834158827	0.164183246484	0.0	0.168555329793	0.166524070505	0.173559958429	0.171557835969	0.178240852787	0.183587729861	0.18355127997	0.173180932023	0.186476271164	0.173073378825	0.171192206173	0.180758135638	0.171884508506	0.17681492913	0.176033186882	0.170330402742	0.169935317724	0.169528811765	0.171473426252	0.172191405165	0.172029745522	0.172120278534	0.115078418474	0.168006588296	0.16974860272	0.17173132335	0.172492946615	0.165582970516	0.164936314845	0.166467948846	0.171922462181	0.170629183261	0.17206570516	0.170449547352	0.169128018761	0.163048234288	0.172760741882	0.17226476047	0.123819688731	0.118490677033	0.152776881034	0.166680307195	0.167517668719	0.172336116783	0.172285672513	0.172368008089	0.168154486065	0.172515290712	0.166396047008	0.164397396474	0.168997685358	0.176478599149	0.174339316135	0.173897339531	0.210504798276	0.20853942054	0.168126709157	0.166306978785	0.171951385238	0.170111359593	0.170531522701	0.16891361342	0.173052422334	0.158787804944	0.167451939571	0.171818051346	0.170534263544	0.170678138148	0.168097852284	0.17836496665	0.153544335556	0.157778634632	0.174587207652	0.173506733671	0.169215159708	0.169083156084	0.172036019792	0.158706834659	0.156952225579	0.165779998889	0.163466067813	0.161030036137	0.174279571772	0.166734545664	0.168663472472	0.168406309433	0.16553395682	0.168629572524	0.168340176302	0.183194851485	0.173160125081	0.172490521368	0.170313512064	0.161979902996	0.173412256818	0.172764891826	0.173092988853	0.122543506036	0.16835389062	0.158434256146	0.16568549989	0.179651203954	0.176407947331	0.18460398621	0.18445187388	0.181928740839	0.165431871706
159207311-tonguedorsum2.freeze11.snv.mod.fix.bam	0.161222306765	0.168858174425	0.168036853702	0.16028432764	0.163775087852	0.155284123993	0.164527994264	0.16421183577	0.164523420291	0.161345738814	0.168555329793	0.0	0.160747592257	0.170399436282	0.168528209567	0.173419234439	0.181846588378	0.18181554167	0.126599701977	0.183307485562	0.112018066859	0.110501498848	0.174400212601	0.166718741104	0.170068856482	0.171688851245	0.165256702113	0.165139682055	0.16065811328	0.162568771935	0.166304037394	0.165790282723	0.166101153119	0.162813550974	0.162268956483	0.160177548065	0.164867932468	0.16580199927	0.162674219342	0.16151020386	0.166636051904	0.166508695538	0.167142201512	0.168526165267	0.167024237461	0.165892527383	0.162857060527	0.165816622303	0.166116080306	0.158986464963	0.163391517026	0.158526456168	0.157788923593	0.158824950985	0.167566562516	0.166952651759	0.167357656493	0.162070498646	0.166878809661	0.163412729327	0.161581836696	0.16628445169	0.154765434903	0.127169889177	0.136700812008	0.207749241766	0.205665484298	0.12124077183	0.161416453241	0.165773842168	0.163958850955	0.162763232499	0.161074833175	0.165776949065	0.162973162692	0.161419820604	0.166972852589	0.165892600028	0.165304563776	0.16149932293	0.174917085053	0.160110677833	0.164968225803	0.171740101686	0.170704304947	0.160308214177	0.166545156373	0.169508122864	0.16168875882	0.1595113761	0.172393092051	0.169194776216	0.162179610993	0.167673848762	0.172328371166	0.163350464342	0.154251621546	0.113431249297	0.116291105186	0.163543267904	0.180113466075	0.166027805361	0.165062949098	0.160502829616	0.159221437013	0.16962173629	0.16878326745	0.169221595096	0.165543174114	0.161896533432	0.159883450475	0.16086952268	0.173163947081	0.170035745809	0.182229480493	0.182462027006	0.176809252331	0.161211352711
159227541-tonguedorsum3.freeze11.snv.mod.fix.bam	0.161521548471	0.168786850345	0.16801369808	0.145306277577	0.160248276064	0.154250453773	0.159520161875	0.154507235882	0.151016828689	0.158804776869	0.166524070505	0.160747592257	0.0	0.16726809125	0.165300017807	0.171150102208	0.179298696587	0.179150479639	0.163314444413	0.181130827718	0.165470823249	0.16315879475	0.171658528806	0.113849195901	0.166854538403	0.16400807797	0.158085854766	0.115746369755	0.160192424289	0.161785960626	0.113945027762	0.113532393016	0.113844833924	0.160030033116	0.160351932313	0.157748858123	0.163588842529	0.164600979659	0.162043545603	0.161049268687	0.162482559192	0.165845241054	0.163530814849	0.164770998419	0.16218364685	0.158981193286	0.149209880809	0.162074235437	0.159832453911	0.156401861259	0.163674908847	0.149600190324	0.15735355294	0.158118900771	0.164014976083	0.164026997041	0.117746377287	0.160791189751	0.16602542075	0.143659657859	0.141476523981	0.14713518904	0.152006551794	0.163527988101	0.154363969455	0.201498893407	0.199328060678	0.159574388092	0.112007071804	0.165562177373	0.163468144284	0.160972516683	0.159369355181	0.164352325122	0.156508660637	0.163343544746	0.165666864894	0.164468393711	0.156941629854	0.150142342636	0.172619621436	0.154923315591	0.159816098878	0.169848072545	0.168777607995	0.160286344804	0.164344906975	0.16770348385	0.156765996715	0.154183834527	0.165839586551	0.159697829453	0.157524629078	0.16840968743	0.167026255035	0.156530933146	0.15164057289	0.159028613802	0.162413062999	0.118669137271	0.178239528767	0.163197337632	0.163727397098	0.160935452317	0.152988754705	0.166558894403	0.165883698418	0.166363702524	0.162590028073	0.151436781229	0.144564187823	0.152025260313	0.171770564854	0.168686801558	0.178185489061	0.178073611033	0.176344095153	0.11480371256
159268001-tonguedorsum1.freeze11.snv.mod.fix.bam	0.170233794462	0.177339421949	0.176542705778	0.169790621273	0.173049271953	0.168517526692	0.167182004159	0.166606081889	0.167215076942	0.169889401161	0.173559958429	0.170399436282	0.16726809125	0.0	0.00103226894908	0.180334096389	0.188019941262	0.187945955508	0.172443209127	0.186609248335	0.173862451326	0.172035058701	0.181998481523	0.174596001623	0.180559033172	0.174728321357	0.169285552409	0.171086313117	0.170275578044	0.172519704797	0.173297885549	0.172955899237	0.173325518337	0.169052259399	0.169274501167	0.17067950823	0.170169581177	0.170922367891	0.172147872397	0.171455713724	0.172680965613	0.159095245481	0.175356329309	0.176818996755	0.175388252618	0.169212873239	0.167300210407	0.171460795037	0.171595769081	0.169827854952	0.171349037692	0.164824454642	0.165483774303	0.166457814966	0.17449418409	0.174234235671	0.175547732914	0.171112061908	0.175972049901	0.168921501692	0.167371610703	0.171476526301	0.178358630919	0.174927795653	0.175215075683	0.213805735312	0.212046337375	0.169391160194	0.170132557992	0.172807234681	0.170868662891	0.172606265477	0.171161260122	0.175587878842	0.167861465058	0.156350614235	0.160103587781	0.159092889668	0.17384627144	0.17059391495	0.183519061018	0.16371362891	0.167925616491	0.175522214987	0.174357455342	0.169419714635	0.172584240779	0.175594768293	0.16763764574	0.165328352747	0.178894496636	0.175689193558	0.166674848693	0.177159018803	0.179647042561	0.171630882017	0.170749252769	0.169467371784	0.172297057046	0.167037067167	0.18310546538	0.171689063632	0.170592553871	0.172173435627	0.166526533079	0.175068769621	0.174215790404	0.174689475394	0.171640598837	0.167169001479	0.166701483572	0.169835098536	0.183422368319	0.180280061217	0.18708736035	0.187210416995	0.188648407569	0.168685528056
159268001-tonguedorsum2.freeze11.snv.mod.fix.bam	0.168599291101	0.175685290634	0.174948781925	0.16782037085	0.171298037066	0.166805604277	0.165768803363	0.165004966124	0.165583519678	0.168318126251	0.171557835969	0.168528209567	0.165300017807	0.00103226894908	0.0	0.178847634085	0.186489645742	0.186427295805	0.170980592484	0.18534239924	0.172503151346	0.170653099883	0.180476658649	0.172873533564	0.179415165892	0.173377208189	0.167734293102	0.169253534111	0.168358418606	0.17056947599	0.171720273849	0.171376901728	0.171708446353	0.166908974428	0.167318436024	0.16850245324	0.16836280503	0.169149860038	0.170750765792	0.170083013003	0.171034825466	0.157339890397	0.173725034028	0.17518635855	0.173709491701	0.167721691933	0.165559652978	0.17004721619	0.170040455392	0.167786844896	0.169478860002	0.162941606676	0.163595025917	0.164725095313	0.172776721142	0.172512213491	0.173878599356	0.169141124174	0.174089706924	0.167141648638	0.165623282749	0.169726796329	0.176450904493	0.173395498146	0.17340691272	0.21256921678	0.210749748511	0.167800883996	0.168283297327	0.171208501612	0.169222541542	0.170609971346	0.169196742797	0.173637917735	0.165822345528	0.154722137741	0.158961879115	0.157958090171	0.172046548513	0.168638384008	0.182209173439	0.161780808597	0.166084345153	0.173881946326	0.17272273628	0.167758242415	0.170663488698	0.173797847796	0.165703379877	0.16341402141	0.177644557145	0.174347397011	0.164980390104	0.176034342545	0.178244182679	0.169550889632	0.16868504848	0.167453042178	0.170369102613	0.164914651819	0.181466418427	0.170018279982	0.168944618059	0.170382813948	0.164671395667	0.173515627064	0.17267494051	0.173165632738	0.169650004153	0.165237650746	0.164986640466	0.16791216837	0.181847682499	0.178812272379	0.185533912622	0.185622594097	0.187217246776	0.166754897166
159510762-tonguedorsum2.freeze11.snv.mod.fix.bam	0.176939153239	0.182244941151	0.181461469798	0.174541138292	0.176798396867	0.175410357791	0.176238348782	0.175525931119	0.175204940106	0.175650484308	0.178240852787	0.173419234439	0.171150102208	0.180334096389	0.178847634085	0.0	0.18826693173	0.188175327122	0.177811062511	0.184994860927	0.182311322574	0.180703755213	0.183708861812	0.179792934381	0.181580350429	0.181984900442	0.176705534534	0.176854526322	0.170239561881	0.176460733187	0.176889361149	0.176220773019	0.176597887786	0.174552652471	0.172609045203	0.176955394169	0.179732190997	0.180763440838	0.178881174239	0.178110831056	0.175143249988	0.182154049993	0.181572776597	0.182910126847	0.181394028263	0.175802794913	0.171836760153	0.174219459535	0.17426578499	0.174237270383	0.17628444498	0.17335750477	0.171391612878	0.171976623778	0.182892856222	0.182639463436	0.179868210352	0.173500977407	0.177745375773	0.17584579283	0.173376871236	0.178077763905	0.176537600331	0.177744810401	0.176241723737	0.202295027511	0.200478814618	0.1749808342	0.174222174938	0.177791841608	0.175953730442	0.176021379367	0.174420595268	0.178640814602	0.175085011787	0.176594078228	0.181482828102	0.180524215493	0.177722823227	0.174690047699	0.175962675534	0.17030250703	0.174383217604	0.17903483033	0.178103333714	0.172694910974	0.172249316986	0.17514681361	0.172459403892	0.17012958597	0.182970163517	0.18040191087	0.171247497073	0.178989702683	0.182870110553	0.176695099336	0.174311158764	0.173109816904	0.175610271314	0.175951419786	0.181346182907	0.176964356222	0.175821133979	0.176016754193	0.174184589007	0.183469794526	0.182711622957	0.183117328334	0.177463253177	0.172435144249	0.170653474342	0.175206238334	0.122799121505	0.12076052347	0.180652573513	0.180517194101	0.185344860315	0.173706612828
159551223-tonguedorsum1.freeze11.snv.mod.fix.bam	0.182826610869	0.189151785879	0.188527634814	0.172318531952	0.183019313092	0.181693897185	0.184753316371	0.183128775305	0.183327740363	0.179984083076	0.183587729861	0.181846588378	0.179298696587	0.188019941262	0.186489645742	0.18826693173	0.0	0.000869510548121	0.185541100012	0.195974008625	0.186870502842	0.185211701284	0.185160590412	0.188234124851	0.182059314136	0.187700024046	0.182030001888	0.186189532655	0.180515565905	0.185788014669	0.187772377172	0.187491014119	0.187707501956	0.181522375055	0.182116873959	0.179594354617	0.183813517841	0.184508935861	0.184420297914	0.183771093206	0.185887222283	0.188021986092	0.183693762234	0.184886496063	0.183626704733	0.180093487612	0.179638781758	0.184914364436	0.184373924205	0.181251971862	0.182627119875	0.175302439724	0.180463513391	0.181290701651	0.18633103277	0.185859055214	0.186544370179	0.182655443007	0.187046568306	0.181999970643	0.180458454747	0.184761832043	0.189083533635	0.187757916319	0.18705419697	0.211344533354	0.209681674894	0.183424593672	0.181263766373	0.186849680361	0.184818379079	0.18460291754	0.183030594627	0.187085141502	0.179639159075	0.179823981864	0.187551110677	0.186517295676	0.184796243767	0.181817528275	0.185679976309	0.176927850351	0.180589375097	0.186879609909	0.185951258223	0.178658699823	0.181047839818	0.183805365455	0.178143970008	0.175782741232	0.189356661384	0.186469421802	0.1785959556	0.158807262659	0.190100684247	0.184601568206	0.181623237609	0.178133134525	0.181194779556	0.181834472421	0.193475070027	0.184879044208	0.18352574281	0.181934020324	0.1780302178	0.188158315996	0.187507843287	0.187774989758	0.1834961624	0.182901866418	0.17602631253	0.180388491409	0.190042923907	0.186999579282	0.19006359818	0.190089992503	0.123184734035	0.180433436718
159551223-tonguedorsum2.freeze11.snv.mod.fix.bam	0.182846944084	0.189187429635	0.188564910048	0.172272313759	0.182970656265	0.181718810084	0.184552628614	0.182943194817	0.183099908051	0.179951740739	0.18355127997	0.18181554167	0.179150479639	0.187945955508	0.186427295805	0.188175327122	0.000869510548121	0.0	0.185476489057	0.195997641348	0.186831598155	0.185193793241	0.185148205384	0.18820836637	0.182035932377	0.18761652333	0.181889922282	0.186103146654	0.180354957663	0.185750721635	0.187748618865	0.18749366748	0.187682639054	0.181569535495	0.182134319978	0.179484552288	0.183848425058	0.184534094821	0.184313910495	0.183637080498	0.185939679245	0.187882998698	0.183416309704	0.184588666832	0.183354661137	0.180003585015	0.179500746395	0.184765843737	0.184290225359	0.181179084114	0.182581413377	0.17533053773	0.180191616677	0.181048577498	0.18624038691	0.185741833546	0.186538785436	0.182689790123	0.187101373418	0.181977256026	0.180445739062	0.184790755888	0.188977414973	0.187620561225	0.186966577028	0.211411537968	0.209759247743	0.183285723299	0.181292872148	0.186747172647	0.184650615504	0.184522315551	0.182945351904	0.187027102336	0.179544177042	0.179881114921	0.187483667833	0.186437506705	0.184666704098	0.18168064363	0.185572895163	0.177024182016	0.180710281427	0.186886526939	0.185937981876	0.178611018027	0.180958693221	0.183682735047	0.178067147045	0.175696947974	0.189459750398	0.18653741849	0.178660099569	0.158759723783	0.190188125486	0.184471354006	0.181637877688	0.178022013374	0.181056048173	0.181865079453	0.193459120823	0.184734563608	0.18331894472	0.182023656164	0.177953885695	0.188170860516	0.187477478851	0.187789212741	0.183402928361	0.182728311238	0.176056470109	0.180368152148	0.190028437107	0.186982588769	0.190043432358	0.19002968301	0.123341853904	0.18037103755
159733294-tonguedorsum1.freeze11.snv.mod.fix.bam	0.169820079394	0.171265093722	0.170378915227	0.164962574951	0.167642122409	0.148471532518	0.166734652385	0.166199298921	0.166377513153	0.167086652284	0.173180932023	0.126599701977	0.163314444413	0.172443209127	0.170980592484	0.177811062511	0.185541100012	0.185476489057	0.0	0.185608393145	0.129531910497	0.128026818537	0.177168333845	0.170026594649	0.174134302727	0.173274814616	0.167445124059	0.168492192651	0.162137116303	0.167924611065	0.171600126293	0.171077107456	0.1714589006	0.164984549038	0.163869363492	0.166525570964	0.167701461651	0.168775202428	0.167094031755	0.16614240031	0.1708942692	0.170695562198	0.170341329982	0.171836335589	0.170400733639	0.167931993521	0.164667549285	0.169747197449	0.169535255488	0.157746049141	0.169016897834	0.163703243842	0.162278952256	0.162793304866	0.171360137701	0.171092301605	0.172687250258	0.167464088831	0.17229241033	0.166245306679	0.165058446965	0.169240869064	0.12545407811	0.0602656282016	0.0868030688289	0.209763613883	0.207796713791	0.0535261962079	0.166532098376	0.171130277965	0.169016737983	0.166570783249	0.164802752351	0.169374739287	0.167678419623	0.164454919012	0.171933493227	0.170824706109	0.168923290022	0.165242023541	0.1768888117	0.163563444781	0.168567125876	0.169953076014	0.169000116416	0.164902138426	0.168888468442	0.171944171455	0.16558447308	0.163053828677	0.174585461815	0.171209883711	0.164666516548	0.175519190125	0.174866372688	0.166618268617	0.160492648329	0.114362180696	0.11687689732	0.166016612342	0.183595163155	0.167960439657	0.166959544298	0.165736772062	0.162664034312	0.173456604263	0.172702103832	0.173050237982	0.169647431329	0.165014323657	0.162698318698	0.164364511367	0.175369834445	0.171882756685	0.184797921557	0.184843149025	0.182385785321	0.164969069165
