	147406386-tonguedorsum3.freeze11.snv.mod.fix.bam	158337416-tonguedorsum1.freeze11.snv.mod.fix.bam	158337416-tonguedorsum2.freeze11.snv.mod.fix.bam	158479027-tonguedorsum1.freeze11.snv.mod.fix.bam	158479027-tonguedorsum2.freeze11.snv.mod.fix.bam	158499257-tonguedorsum2.freeze11.snv.mod.fix.bam	158883629-tonguedorsum1.freeze11.snv.mod.fix.bam	158883629-tonguedorsum2.freeze11.snv.mod.fix.bam	158883629-tonguedorsum3.freeze11.snv.mod.fix.bam	158944319-tonguedorsum1.freeze11.snv.mod.fix.bam	159005010-tonguedorsum2.freeze11.snv.mod.fix.bam	159207311-tonguedorsum2.freeze11.snv.mod.fix.bam	159227541-tonguedorsum3.freeze11.snv.mod.fix.bam	159268001-tonguedorsum1.freeze11.snv.mod.fix.bam	159268001-tonguedorsum2.freeze11.snv.mod.fix.bam	159510762-tonguedorsum2.freeze11.snv.mod.fix.bam	159551223-tonguedorsum1.freeze11.snv.mod.fix.bam	159551223-tonguedorsum2.freeze11.snv.mod.fix.bam	159733294-tonguedorsum1.freeze11.snv.mod.fix.bam	159915365-tonguedorsum1.freeze11.snv.mod.fix.bam	160178356-tonguedorsum1.freeze11.snv.mod.fix.bam	160178356-tonguedorsum3.freeze11.snv.mod.fix.bam	160218816-tonguedorsum1.freeze11.snv.mod.fix.bam	160259276-tonguedorsum1.freeze11.snv.mod.fix.bam	160319967-tonguedorsum2.freeze11.snv.mod.fix.bam	160380657-tonguedorsum1.freeze11.snv.mod.fix.bam	160380657-tonguedorsum2.freeze11.snv.mod.fix.bam	160400887-tonguedorsum1.freeze11.snv.mod.fix.bam	160421117-tonguedorsum1.freeze11.snv.mod.fix.bam	160502038-tonguedorsum3.freeze11.snv.mod.fix.bam	160603188-tonguedorsum1.freeze11.snv.mod.fix.bam	160603188-tonguedorsum2.freeze11.snv.mod.fix.bam	160603188-tonguedorsum3.freeze11.snv.mod.fix.bam	160643649-tonguedorsum1.freeze11.snv.mod.fix.bam	160765029-tonguedorsum1.freeze11.snv.mod.fix.bam	234447334-tonguedorsum2.freeze11.snv.mod.fix.bam	246515023-tonguedorsum1.freeze11.snv.mod.fix.bam	246515023-tonguedorsum2.freeze11.snv.mod.fix.bam	370027359-palatinetonsils2.freeze11.snv.mod.fix.bam	370027359-tonguedorsum3.freeze11.snv.mod.fix.bam	404239096-tonguedorsum1.freeze11.snv.mod.fix.bam	508703490-tonguedorsum2.freeze11.snv.mod.fix.bam	550534656-tonguedorsum1.freeze11.snv.mod.fix.bam	550534656-tonguedorsum2.freeze11.snv.mod.fix.bam	550534656-tonguedorsum3.freeze11.snv.mod.fix.bam	604812005-tonguedorsum3.freeze11.snv.mod.fix.bam	638754422-tonguedorsum1.freeze11.snv.mod.fix.bam	638754422-tonguedorsum2.freeze11.snv.mod.fix.bam	638754422-tonguedorsum3.freeze11.snv.mod.fix.bam	675950834-tonguedorsum1.freeze11.snv.mod.fix.bam	675950834-tonguedorsum2.freeze11.snv.mod.fix.bam	682102541-tonguedorsum3.freeze11.snv.mod.fix.bam	686765762-tonguedorsum2.freeze11.snv.mod.fix.bam	686765762-tonguedorsum3.freeze11.snv.mod.fix.bam	737052003-tonguedorsum1.freeze11.snv.mod.fix.bam	737052003-tonguedorsum2.freeze11.snv.mod.fix.bam	763395383-tonguedorsum3.freeze11.snv.mod.fix.bam	763435843-tonguedorsum1.freeze11.snv.mod.fix.bam	763435843-tonguedorsum2.freeze11.snv.mod.fix.bam	763496533-palatinetonsils2.freeze11.snv.mod.fix.bam	763496533-throat2.freeze11.snv.mod.fix.bam	763496533-tonguedorsum2.freeze11.snv.mod.fix.bam	763536994-tonguedorsum1.freeze11.snv.mod.fix.bam	763536994-tonguedorsum2.freeze11.snv.mod.fix.bam	763536994-tonguedorsum3.freeze11.snv.mod.fix.bam	763577454-tonguedorsum1.freeze11.snv.mod.fix.bam	763577454-tonguedorsum2.freeze11.snv.mod.fix.bam	763759525-tonguedorsum2.freeze11.snv.mod.fix.bam	763840445-tonguedorsum2.freeze11.snv.mod.fix.bam	763901136-tonguedorsum2.freeze11.snv.mod.fix.bam	763901136-tonguedorsum3.freeze11.snv.mod.fix.bam	763961826-saliva1.freeze11.snv.mod.fix.bam	763961826-throat1.freeze11.snv.mod.fix.bam	763961826-tonguedorsum1.freeze11.snv.mod.fix.bam	763982056-tonguedorsum3.freeze11.snv.mod.fix.bam	764062976-tonguedorsum2.freeze11.snv.mod.fix.bam	764143897-tonguedorsum1.freeze11.snv.mod.fix.bam	764143897-tonguedorsum2.freeze11.snv.mod.fix.bam	764224817-tonguedorsum1.freeze11.snv.mod.fix.bam	764224817-tonguedorsum2.freeze11.snv.mod.fix.bam	764305738-tonguedorsum1.freeze11.snv.mod.fix.bam	764325968-tonguedorsum1.freeze11.snv.mod.fix.bam	764325968-tonguedorsum2.freeze11.snv.mod.fix.bam	764366428-throat2.freeze11.snv.mod.fix.bam	764366428-tonguedorsum2.freeze11.snv.mod.fix.bam	764447348-tonguedorsum1.freeze11.snv.mod.fix.bam	764467579-palatinetonsils3.freeze11.snv.mod.fix.bam	764467579-tonguedorsum3.freeze11.snv.mod.fix.bam	764649650-tonguedorsum1.freeze11.snv.mod.fix.bam	764649650-tonguedorsum2.freeze11.snv.mod.fix.bam	764811490-tonguedorsum1.freeze11.snv.mod.fix.bam	764811490-tonguedorsum2.freeze11.snv.mod.fix.bam	764872181-tonguedorsum1.freeze11.snv.mod.fix.bam	765013792-tonguedorsum1.freeze11.snv.mod.fix.bam	765013792-tonguedorsum2.freeze11.snv.mod.fix.bam	765013792-tonguedorsum3.freeze11.snv.mod.fix.bam	765034022-tonguedorsum1.freeze11.snv.mod.fix.bam	765074482-tonguedorsum1.freeze11.snv.mod.fix.bam	765074482-tonguedorsum3.freeze11.snv.mod.fix.bam	765094712-tonguedorsum2.freeze11.snv.mod.fix.bam	765135172-tonguedorsum1.freeze11.snv.mod.fix.bam	765195863-palatinetonsils3.freeze11.snv.mod.fix.bam	765195863-tonguedorsum3.freeze11.snv.mod.fix.bam	765216093-tonguedorsum3.freeze11.snv.mod.fix.bam	765337473-tonguedorsum3.freeze11.snv.mod.fix.bam	765377934-palatinetonsils3.freeze11.snv.mod.fix.bam	765377934-saliva3.freeze11.snv.mod.fix.bam	765377934-tonguedorsum3.freeze11.snv.mod.fix.bam	765620695-tonguedorsum1.freeze11.snv.mod.fix.bam	765701615-tonguedorsum2.freeze11.snv.mod.fix.bam	823052294-tonguedorsum1.freeze11.snv.mod.fix.bam	823052294-tonguedorsum3.freeze11.snv.mod.fix.bam	857980665-tonguedorsum2.freeze11.snv.mod.fix.bam	857980665-tonguedorsum3.freeze11.snv.mod.fix.bam	861967750-tonguedorsum1.freeze11.snv.mod.fix.bam	861967750-tonguedorsum2.freeze11.snv.mod.fix.bam	863126187-tonguedorsum3.freeze11.snv.mod.fix.bam	937415040-tonguedorsum1.freeze11.snv.mod.fix.bam
147406386-tonguedorsum3.freeze11.snv.mod.fix.bam	0.0	0.16708068696	0.165925906033	0.12172196635	0.161991594269	0.155062908705	0.163576061123	0.151195735367	0.142857142857	0.119667530514	0.158768949821	0.152444510091	0.107878022908	0.16607361057	0.160554831953	0.169846790112	0.177433432251	0.177540853732	0.165093389551	0.181246894848	0.167322385294	0.163831187142	0.170289903723	0.164932257328	0.163602916493	0.161347065379	0.149584413143	0.159037503525	0.156593664818	0.15938662334	0.164515999087	0.163038953715	0.163978891679	0.147919380178	0.15807071019	0.157077061485	0.16003115223	0.16137392075	0.128704362655	0.128234393673	0.133068360345	0.165549930847	0.164636848254	0.166892699368	0.165523075477	0.15535831778	0.150242369718	0.164757697421	0.162528701677	0.148067084715	0.154807782686	0.148832462772	0.152431082406	0.155788003706	0.163643199549	0.163146375196	0.164247445383	0.154646650464	0.163952036308	0.159185208062	0.154028976945	0.166033327515	0.118485894217	0.165670780014	0.156674230929	0.204181381172	0.200233641723	0.157211338337	0.15205510722	0.161763323621	0.158513823802	0.156298255744	0.155371745465	0.163267224363	0.146106642676	0.157855867227	0.167859492702	0.166019899829	0.160971090194	0.137284653499	0.168342889369	0.141581512763	0.150886898608	0.166342164274	0.16506653418	0.158057282505	0.15871523908	0.164381722235	0.149087588791	0.142722866005	0.155183757872	0.152350516294	0.131470465806	0.163844614827	0.15502262565	0.16036684436	0.15502262565	0.152471365461	0.160796530286	0.155881997502	0.174318209284	0.163522350382	0.162649550844	0.157882722597	0.15272649148	0.167308957609	0.166677856404	0.16736266835	0.156956212319	0.157815584171	0.125293730614	0.152901051388	0.164046030105	0.158419830006	0.177433432251	0.177393149195	0.173875095672	0.152592214628
158337416-tonguedorsum1.freeze11.snv.mod.fix.bam	0.16708068696	0.0	0.0	0.127630147839	0.167483517516	0.159091214266	0.169913928538	0.157560458153	0.149262148698	0.159346340284	0.172183207337	0.160944234823	0.116122621621	0.174398775395	0.168598015388	0.176345789749	0.184858942167	0.185060357445	0.167993769554	0.179890698642	0.169806507056	0.16669128409	0.171928081318	0.172962013079	0.167631222054	0.17105528178	0.157882722597	0.168530876962	0.162703261585	0.165563358533	0.169685657889	0.168181757147	0.169323110389	0.162971815289	0.164824835847	0.165872195292	0.166060182885	0.167564083628	0.169027701315	0.168947135203	0.168799430666	0.171538678447	0.170222765297	0.172438333356	0.171041854095	0.161561908343	0.157359042875	0.169202261222	0.167322385294	0.163226941308	0.170531602057	0.160783102601	0.16036684436	0.164193734642	0.168450310851	0.168101191036	0.170934432613	0.158970365099	0.168383172425	0.163992319364	0.158446685376	0.171001571039	0.122769325796	0.169927356223	0.161588763713	0.211606891088	0.207605440898	0.161682757509	0.159037503525	0.16806090798	0.164596565198	0.162944959918	0.161575336028	0.169779651686	0.163764048716	0.165173955662	0.173230566783	0.171646099929	0.163535778067	0.142561733783	0.178252521048	0.156016274354	0.166221315107	0.170706161965	0.169672230204	0.166261598163	0.164838263532	0.170182482242	0.163589488808	0.156996495374	0.173176856042	0.170115343816	0.162273575658	0.174183932432	0.173217139097	0.167429806776	0.165120244921	0.156284828058	0.164287728438	0.164354866865	0.176157802156	0.168047480295	0.167174680757	0.157224766023	0.155036053335	0.172935157708	0.172223490392	0.172894874653	0.172653176319	0.16140077612	0.140628147114	0.156244545003	0.171149275576	0.165200811032	0.179998120124	0.179823560216	0.178534502437	0.15837954695
158337416-tonguedorsum2.freeze11.snv.mod.fix.bam	0.165925906033	0.0	0.0	0.126381373115	0.166328736589	0.157815584171	0.168812858351	0.156419104911	0.148107367771	0.158191559357	0.170934432613	0.15974917084	0.11500812375	0.173096289931	0.167456662146	0.175043304285	0.18375787198	0.183945859573	0.166664428719	0.178655351604	0.168342889369	0.165241094088	0.170759872706	0.171646099929	0.166530151867	0.169766224001	0.15672794167	0.167241819183	0.161561908343	0.164274300753	0.168436883166	0.166906127053	0.168047480295	0.161830462047	0.163602916493	0.164569709828	0.164757697421	0.166221315107	0.167872920387	0.16775207122	0.167577511313	0.170263048353	0.168906852148	0.171095564836	0.169725940945	0.16039369973	0.156204261947	0.168007197239	0.166207887422	0.162085588065	0.169282827333	0.159561183248	0.159171780377	0.162918104548	0.167134397701	0.166825560942	0.169658802519	0.157748445745	0.16705383159	0.162730116955	0.157332187504	0.169766224001	0.121641400239	0.168517449277	0.160152001396	0.210210411827	0.206262672378	0.160313133619	0.157802156486	0.166812133256	0.16336121816	0.161588763713	0.160232567508	0.16836974474	0.162609267788	0.163790904086	0.1720355028	0.170451035946	0.162206437232	0.141165254522	0.177017174009	0.154767499631	0.165026251125	0.169390248815	0.168450310851	0.164905401958	0.163670054919	0.168973990574	0.162461563251	0.155881997502	0.171834087522	0.168826286037	0.161185933157	0.173029151505	0.171954936688	0.166181032052	0.16375062103	0.154888348798	0.162864393807	0.163173230567	0.175003021229	0.166852416312	0.165979616774	0.156096840466	0.153773850926	0.171646099929	0.170947860298	0.171578961503	0.17139097391	0.160098290656	0.139339089334	0.155089764076	0.169752796315	0.163871470197	0.178803056141	0.178601640863	0.17737972151	0.157157627597
158479027-tonguedorsum1.freeze11.snv.mod.fix.bam	0.12172196635	0.127630147839	0.126381373115	0.0	0.0274327608664	0.110523276892	0.106736669666	0.0943160608543	0.0887435714957	0.114739570046	0.125589139688	0.115021551435	0.0689780188793	0.128314959784	0.123360143945	0.131336188954	0.130852792287	0.130866219972	0.123252722463	0.139392800075	0.126770775986	0.123212439408	0.127764424691	0.125575712003	0.123655553019	0.12440750339	0.113598216803	0.121225141998	0.112967115599	0.0849838196393	0.123440710056	0.122178507647	0.123105017926	0.116256898473	0.116861144307	0.118539604958	0.123937534408	0.125213164503	0.123494420797	0.122554482833	0.124998321539	0.12871779034	0.123494420797	0.125213164503	0.122326212184	0.12007036107	0.10602500235	0.116968565789	0.112322586709	0.111651202449	0.123722691445	0.11038900004	0.102748647161	0.105299907349	0.126918480523	0.127093040431	0.122500772092	0.117425107086	0.125951687189	0.118848441717	0.114189034952	0.124662629409	0.0789950720395	0.124112094316	0.109825037262	0.161951311213	0.158110993246	0.118284478939	0.110214440133	0.126475366911	0.12301102413	0.0823251379695	0.0815463322278	0.0873336645496	0.119103567736	0.120150927182	0.123668980704	0.12203080311	0.116189760047	0.0974849945618	0.129617445249	0.110523276892	0.118955863199	0.128422381266	0.126824486727	0.118687309495	0.118472466531	0.123615269964	0.11772051616	0.111986894579	0.127818135432	0.118902152458	0.114967840694	0.121292280424	0.12807326145	0.0760678366656	0.109892175688	0.113866770507	0.120849166812	0.118848441717	0.135176506922	0.10938192365	0.110751547541	0.11970781357	0.11534381588	0.127777852376	0.127133323486	0.127750997006	0.124085238946	0.103742295866	0.093899802613	0.114121896526	0.129577162193	0.123870395982	0.134303707384	0.134223141273	0.12905348247	0.11506183449
158479027-tonguedorsum2.freeze11.snv.mod.fix.bam	0.161991594269	0.167483517516	0.166328736589	0.0274327608664	0.0	0.157077061485	0.142132047856	0.129228042378	0.123642125334	0.154055832315	0.16806090798	0.155734292965	0.106991795684	0.169860217797	0.164153451586	0.170733017335	0.178574785493	0.178682206974	0.163844614827	0.180494944477	0.16607361057	0.162609267788	0.171149275576	0.166140748996	0.164932257328	0.165885622977	0.153236743518	0.160259422878	0.147086863696	0.0918185114068	0.164354866865	0.1630523814	0.163898325568	0.154552656668	0.154727216575	0.161857317417	0.164891974273	0.166181032052	0.165079961865	0.164650275939	0.163589488808	0.170424180576	0.162850966122	0.16503967881	0.163777476401	0.16070253649	0.15572086528	0.152444510091	0.150927181663	0.156351966484	0.163965463994	0.15541202852	0.131524176547	0.134491694977	0.167966914184	0.167899775758	0.164019174734	0.155667154539	0.164865118902	0.159252346488	0.153800706296	0.166100465941	0.118660454124	0.166543579552	0.158084137875	0.205376445155	0.201374994965	0.158580962228	0.152108817961	0.167886348072	0.16436829455	0.090032629275	0.0892403958482	0.0939937964094	0.160581687323	0.16137392075	0.165348515569	0.163790904086	0.160433982786	0.137660628684	0.169645374834	0.14774482027	0.157493319727	0.169215688907	0.167926631128	0.15868838371	0.15773501806	0.162958387604	0.157385898245	0.150927181663	0.166959837794	0.163347790474	0.150860043237	0.165536503162	0.166288453533	0.0902743276087	0.161911028158	0.152995045184	0.16072939186	0.15902407584	0.175808682341	0.140265599613	0.13971506452	0.158701811395	0.154619795094	0.167040403905	0.166543579552	0.167147825386	0.163670054919	0.145784378231	0.135525626737	0.155640299169	0.168826286037	0.162730116955	0.17639950049	0.176318934379	0.176614343453	0.155519450002
158499257-tonguedorsum2.freeze11.snv.mod.fix.bam	0.155062908705	0.159091214266	0.157815584171	0.110523276892	0.157077061485	0.0	0.158057282505	0.14203805406	0.129657728304	0.148013373974	0.160715964175	0.148107367771	0.0977132652102	0.160071435285	0.154848065742	0.164234017698	0.171740093725	0.171793804466	0.153250171203	0.170786728076	0.158849515932	0.155237468613	0.164408577605	0.160675681119	0.158178131672	0.160098290656	0.148255072308	0.155962563614	0.153411303425	0.157949861023	0.158809232876	0.157761873431	0.15840640232	0.152538503887	0.15569400991	0.153236743518	0.0321593060572	0.0324815705021	0.156513098707	0.155922280558	0.158352691579	0.162112443436	0.16008486297	0.162139298806	0.160541404267	0.15406926	0.143917929988	0.158218414727	0.155465739261	0.151343439904	0.160205712137	0.149624696199	0.148161078512	0.151517999812	0.158674956024	0.158634672969	0.160836813342	0.149570985458	0.15868838371	0.151007747774	0.146321485639	0.157681307319	0.104467390866	0.153505297222	0.121547406443	0.198528325702	0.19436574329	0.147288278974	0.149315859439	0.159225491118	0.15605655741	0.152337088609	0.151437433701	0.159037503525	0.152404227035	0.153572435648	0.160487693527	0.158782377506	0.150148375921	0.127630147839	0.164959112699	0.145663529064	0.155479166946	0.158339263894	0.157023350745	0.15306218361	0.152229667128	0.157453036671	0.152780202221	0.146590039343	0.164677131309	0.159990869174	0.151370295275	0.16003115223	0.164113168531	0.154673505834	0.146240919528	0.145582962953	0.153156177407	0.152457937776	0.164891974273	0.158003571764	0.157493319727	0.152337088609	0.146469190176	0.160957662509	0.160447410471	0.160944234823	0.162313858714	0.144790729526	0.120808883757	0.145582962953	0.16070253649	0.155425456206	0.17074644502	0.17074644502	0.168973990574	0.1477179649
158883629-tonguedorsum1.freeze11.snv.mod.fix.bam	0.163576061123	0.169913928538	0.168812858351	0.106736669666	0.142132047856	0.158057282505	0.0	0.00147704537215	0.000255126018826	0.154257247593	0.168812858351	0.156150551206	0.10669638661	0.163307507419	0.158218414727	0.170504746687	0.180844064292	0.180790353551	0.163132947511	0.178521074752	0.167255246868	0.163535778067	0.171202986317	0.167590938998	0.164985968069	0.166516724182	0.153626146389	0.164569709828	0.13907053563	0.14170236193	0.16702697622	0.165617069273	0.166610717978	0.153612718703	0.152484793147	0.160152001396	0.165966189089	0.167470089831	0.163683482604	0.16338807353	0.161951311213	0.168987418259	0.164569709828	0.166798705571	0.165308232514	0.156848790837	0.153988693889	0.125280302929	0.123400427	0.152269950183	0.160635398064	0.153357592685	0.0939132302982	0.0966256227089	0.162918104548	0.162287003343	0.166288453533	0.155975991299	0.165106817236	0.159467189451	0.154297530649	0.166758422516	0.112779128006	0.163508922697	0.150161803607	0.208451385066	0.204396224135	0.155881997502	0.153760423241	0.16803405261	0.164771125106	0.140910128503	0.14007761202	0.147449411196	0.160756247231	0.163119519826	0.167671505109	0.166019899829	0.157909577968	0.134102292106	0.174801605951	0.150296080459	0.160004296859	0.169027701315	0.167564083628	0.160138573711	0.160796530286	0.166100465941	0.160595115008	0.15437809676	0.170182482242	0.165845339922	0.157547030467	0.167013548534	0.170195909927	0.141339814429	0.15437809676	0.153666429444	0.161588763713	0.160648825749	0.176426355861	0.104171981792	0.10370201281	0.159198635747	0.154848065742	0.167134397701	0.166838988627	0.167241819183	0.163106092141	0.116753722826	0.129429457656	0.154243819908	0.170625595854	0.164945685013	0.17869563466	0.1783867979	0.175714688545	0.155438883891
158883629-tonguedorsum2.freeze11.snv.mod.fix.bam	0.151195735367	0.157560458153	0.156419104911	0.0943160608543	0.129228042378	0.14203805406	0.00147704537215	0.0	0.000161132222416	0.14273629369	0.156338538799	0.144226766748	0.0944234823359	0.152014824164	0.146912303788	0.158500396117	0.167322385294	0.167349240664	0.150430357311	0.166838988627	0.15471378889	0.150819760182	0.159131497321	0.154928631853	0.152484793147	0.154015549259	0.141594940448	0.151424006016	0.126958763579	0.130020275805	0.154310958334	0.152887623703	0.153840989352	0.14170236193	0.140104467391	0.147086863696	0.153814133981	0.155264323983	0.151477716756	0.15073919407	0.149423280921	0.156311683429	0.15239079935	0.154539228982	0.152484793147	0.144710163415	0.136774401461	0.111798906986	0.10935506828	0.137150376647	0.148510198327	0.139164529427	0.0838827494528	0.0866219972339	0.150819760182	0.150027526755	0.153263598888	0.143770225451	0.152592214628	0.147100291381	0.142118620171	0.15406926	0.100747922066	0.150443784996	0.134424556551	0.195963637828	0.192002470694	0.143703087025	0.140708713225	0.15538517315	0.152122245646	0.12871779034	0.127871846172	0.135095940811	0.148335638419	0.150672055644	0.155344890094	0.153746995555	0.143031702765	0.121064009775	0.16274354464	0.137969465444	0.147328562029	0.156231117318	0.154942059538	0.147798531011	0.14836249379	0.1537067125	0.147395700455	0.141447235911	0.157332187504	0.1507123387	0.145153277027	0.154861493427	0.157318759819	0.126555933023	0.13739207498	0.141420380541	0.149141299531	0.147946235548	0.164878546587	0.0916439514992	0.0923153357593	0.147180857492	0.142051481745	0.154848065742	0.154485518242	0.154874921112	0.150484068052	0.100868771233	0.11567950801	0.141138399151	0.15902407584	0.153585863333	0.16638244733	0.16607361057	0.162864393807	0.142669155264
158883629-tonguedorsum3.freeze11.snv.mod.fix.bam	0.142857142857	0.149262148698	0.148107367771	0.0887435714957	0.123642125334	0.129657728304	0.000255126018826	0.000161132222416	0.0	0.134531978032	0.147758247956	0.136035878775	0.0870919662159	0.144186483692	0.139298806279	0.150255797403	0.160098290656	0.160017724544	0.1417292173	0.158782377506	0.14707343601	0.143098841191	0.151128596941	0.146563183973	0.144992144804	0.146079787305	0.13439770118	0.143931357673	0.120849166812	0.124367220335	0.14637519638	0.14503242786	0.14606635962	0.13403515368	0.133323486364	0.137351791925	0.145300981564	0.146979442214	0.143031702765	0.141970915634	0.141903777208	0.147489694252	0.144213339062	0.146294630269	0.142897425913	0.13669383535	0.1200435057	0.108186859667	0.104453963181	0.125736844225	0.140681857855	0.128059833765	0.081492621487	0.0841378754716	0.141944060263	0.14139352517	0.145744095175	0.135659903589	0.14438789897	0.139137674056	0.134357418125	0.145958938139	0.093564110483	0.14139352517	0.124098666631	0.188189008097	0.184294979389	0.135471915996	0.131725591825	0.147704537215	0.144481892767	0.123199011722	0.122285929129	0.129684583675	0.140332738039	0.141541229707	0.14701972527	0.145462113786	0.132128422381	0.112886549488	0.153948410833	0.13003370349	0.139177957112	0.148429632216	0.146751171566	0.139822486002	0.140950411559	0.146133498046	0.139634498409	0.133793455346	0.148684758235	0.137754622481	0.137821760907	0.146912303788	0.149181582587	0.11738482403	0.11973466894	0.133766599976	0.141474091281	0.140238744243	0.156714513985	0.0892538235334	0.0908651457575	0.139500221557	0.133592040068	0.146952586844	0.146616894714	0.147154002122	0.142924281283	0.0952157157628	0.10801229976	0.131242195158	0.150510923422	0.145260698508	0.158178131672	0.157802156486	0.154995770279	0.135189934607
158944319-tonguedorsum1.freeze11.snv.mod.fix.bam	0.119667530514	0.159346340284	0.158191559357	0.114739570046	0.154055832315	0.148013373974	0.154257247593	0.14273629369	0.134531978032	0.0	0.154472090556	0.147328562029	0.1017147154	0.15972231547	0.154995770279	0.162448135566	0.168222040202	0.168195184832	0.156633947874	0.171807232151	0.157479892041	0.154284102963	0.161145650101	0.154122970741	0.155640299169	0.155250896298	0.143837363877	0.149638123884	0.150457212681	0.152605642313	0.153330737314	0.15239079935	0.152995045184	0.143595665543	0.149382997865	0.152310233239	0.154807782686	0.156311683429	0.109731043465	0.109677332725	0.125495145892	0.156445960281	0.154995770279	0.157050206115	0.155801431391	0.150054382125	0.143944785358	0.15569400991	0.154660078149	0.144119345266	0.150604917218	0.141769500356	0.14505928323	0.14774482027	0.155962563614	0.155062908705	0.152095390276	0.144669880359	0.153545580277	0.147999946289	0.143259973413	0.154149826111	0.110415855411	0.157869294912	0.149476991661	0.195359391994	0.191290803378	0.149651551569	0.141769500356	0.155264323983	0.152122245646	0.148510198327	0.147301706659	0.154821210372	0.143340539524	0.149973816014	0.157238193708	0.15574772065	0.151880547312	0.129040054785	0.160917379453	0.136572986183	0.145797805916	0.157506747412	0.156405677225	0.152243094813	0.152149101016	0.157238193708	0.143488244062	0.138076886925	0.149987243699	0.147086863696	0.128502947377	0.154257247593	0.149423280921	0.152927906758	0.1477179649	0.146912303788	0.153827561667	0.1480805124	0.167174680757	0.155183757872	0.154176681482	0.151142024626	0.143233118043	0.157654451949	0.157130772226	0.157573885838	0.149946960643	0.150175231292	0.11802935292	0.143004847394	0.156647375559	0.151262873793	0.16607361057	0.166113893626	0.165227666403	0.140655002484
159005010-tonguedorsum2.freeze11.snv.mod.fix.bam	0.158768949821	0.172183207337	0.170934432613	0.125589139688	0.16806090798	0.160715964175	0.168812858351	0.156338538799	0.147758247956	0.154472090556	0.0	0.160541404267	0.114202462637	0.170706161965	0.16473084205	0.172545754837	0.179568434198	0.179555006512	0.169913928538	0.182629946424	0.170907577243	0.167134397701	0.173485692801	0.169793079371	0.166664428719	0.16971251326	0.156647375559	0.165791629181	0.163173230567	0.167228391498	0.170115343816	0.168853141407	0.169699085575	0.10868368402	0.164677131309	0.16635559196	0.167684932794	0.169027701315	0.161078511675	0.160447410471	0.16369691029	0.169081412055	0.167000120849	0.169175405852	0.167819209646	0.160514548897	0.15468693352	0.169940783908	0.168168329462	0.11067098143	0.115867495602	0.15205510722	0.159400051025	0.163226941308	0.168168329462	0.16769836048	0.16971251326	0.159373195655	0.168718864555	0.159682032414	0.154122970741	0.166275025848	0.121789104776	0.171337263169	0.162904676863	0.206289527748	0.202234366818	0.161387348435	0.15739932593	0.168329461684	0.164985968069	0.163226941308	0.162219864917	0.170088488445	0.154391524445	0.162891249178	0.169014273629	0.167174680757	0.164301156124	0.142776576746	0.172263773448	0.144978717119	0.154498945927	0.171484967706	0.170209337612	0.163267224363	0.162931532233	0.168342889369	0.154458662871	0.148402776845	0.162797255381	0.159601466303	0.156526526392	0.168517449277	0.163280652048	0.166771850201	0.160742819545	0.156983067689	0.164717414365	0.162609267788	0.178252521048	0.169927356223	0.168893424463	0.165187383347	0.153693284815	0.169981066964	0.169618519463	0.170034777705	0.120365770145	0.16271668927	0.132007573214	0.155425456206	0.170880721872	0.164757697421	0.178816483826	0.178453936326	0.177446859936	0.157587313523
159207311-tonguedorsum2.freeze11.snv.mod.fix.bam	0.152444510091	0.160944234823	0.15974917084	0.115021551435	0.155734292965	0.148107367771	0.156150551206	0.144226766748	0.136035878775	0.147328562029	0.160541404267	0.0	0.103769151236	0.162152726491	0.156754797041	0.162273575658	0.171847515207	0.171941509003	0.11970781357	0.173767674191	0.106535254387	0.103916855773	0.162166154177	0.158956937414	0.155224040928	0.160017724544	0.147315134344	0.155613443798	0.149557557773	0.153330737314	0.158460113061	0.157077061485	0.158057282505	0.149544130087	0.153639574074	0.151517999812	0.155532877687	0.156942784633	0.153250171203	0.152471365461	0.158366119265	0.158137848616	0.158137848616	0.160259422878	0.158903226673	0.152350516294	0.150779477126	0.15773501806	0.15608341278	0.148335638419	0.155116619446	0.147865669437	0.146187208787	0.149584413143	0.157896150283	0.157157627597	0.15902407584	0.148644475179	0.157748445745	0.15174627046	0.14668403314	0.158030427135	0.100157103917	0.119425832181	0.112389725135	0.196782726626	0.192928980973	0.112470291246	0.147422555826	0.156781652411	0.153639574074	0.150725766385	0.149638123884	0.157466464356	0.153156177407	0.151732842775	0.158701811395	0.157144199911	0.154324386019	0.131161629047	0.16336121816	0.146455762491	0.15636539417	0.162998670659	0.161897600473	0.149530702402	0.155009197964	0.160178856767	0.152162528702	0.146173781102	0.163790904086	0.16072939186	0.15239079935	0.156593664818	0.163186658252	0.154754071946	0.148416204531	0.103822861977	0.109489345132	0.152578786943	0.169564808723	0.156956212319	0.156163978892	0.150564634163	0.145744095175	0.160662253434	0.16003115223	0.16070253649	0.157587313523	0.150457212681	0.128449236636	0.145905227398	0.15941347871	0.153787278611	0.170571885113	0.170571885113	0.166516724182	0.148416204531
159227541-tonguedorsum3.freeze11.snv.mod.fix.bam	0.107878022908	0.116122621621	0.11500812375	0.0689780188793	0.106991795684	0.0977132652102	0.10669638661	0.0944234823359	0.0870919662159	0.1017147154	0.114202462637	0.103769151236	0.0	0.11402790273	0.108965665409	0.116364319955	0.125401152095	0.125334013669	0.109784754206	0.127321311079	0.113302807729	0.109462489761	0.115330388194	0.0675412565628	0.10840170263	0.108764250131	0.097565560673	0.0676083949888	0.104279403274	0.107757173741	0.0677023887852	0.0667758785063	0.067487545822	0.102627797994	0.107220066333	0.102426382716	0.109731043465	0.111208088838	0.107851167537	0.106535254387	0.11002645254	0.113128247821	0.109784754206	0.111772051616	0.10834799189	0.101956413734	0.0923556188149	0.108495696427	0.105071636701	0.0984517878963	0.110281578559	0.0934566890014	0.101271601789	0.104359969385	0.110348716985	0.109972741799	0.0713412914748	0.103352892995	0.112215165228	0.0897372202006	0.0852658010286	0.0957796785412	0.0662656264687	0.10935506828	0.0956454016892	0.147852241752	0.144065634525	0.103500597532	0.0576450525694	0.111436359486	0.108186859667	0.104601667719	0.103514025217	0.111288654949	0.103138050032	0.109502772817	0.112913404858	0.111261799578	0.102600942624	0.0828353900071	0.117747371531	0.0977804036362	0.106776952721	0.116646301344	0.115222966713	0.10538047346	0.109059659205	0.114430733286	0.102802357902	0.0971493024318	0.112792555691	0.105514750312	0.10333946531	0.113007398655	0.113786204396	0.102332388919	0.0946248976139	0.101298457159	0.108522551797	0.0693137110094	0.123454137741	0.108817960872	0.110227867818	0.106911229573	0.0961287983565	0.11335651847	0.112631423469	0.113396801525	0.109704188095	0.0967464718757	0.0791159212063	0.0933895505754	0.114095041156	0.109193936057	0.123467565426	0.123225867093	0.122715615055	0.0643186121145
159268001-tonguedorsum1.freeze11.snv.mod.fix.bam	0.16607361057	0.174398775395	0.173096289931	0.128314959784	0.169860217797	0.160071435285	0.163307507419	0.152014824164	0.144186483692	0.15972231547	0.170706161965	0.162152726491	0.11402790273	0.0	0.0	0.174103366321	0.183502745962	0.183516173647	0.168665153814	0.182307681979	0.171296980114	0.167456662146	0.174398775395	0.171914653633	0.169913928538	0.167913203443	0.155465739261	0.1664093027	0.163602916493	0.168007197239	0.17038389752	0.169135122796	0.170182482242	0.159910303063	0.165509647792	0.166664428719	0.165617069273	0.16705383159	0.167268674553	0.166597290293	0.1694036765	0.156110268151	0.171270124743	0.173566258913	0.172210062707	0.160205712137	0.159265774173	0.167966914184	0.166503296497	0.160836813342	0.167872920387	0.15871523908	0.157855867227	0.161817034361	0.169725940945	0.169255971963	0.172210062707	0.161843889732	0.171793804466	0.161575336028	0.156486243337	0.168154901776	0.123548131538	0.171498395392	0.162891249178	0.209042203215	0.205188457562	0.162233292603	0.160245995193	0.168826286037	0.165455937051	0.164932257328	0.164153451586	0.172344339559	0.162837538437	0.151638848979	0.157117344541	0.155653726854	0.167617794368	0.144857867952	0.176963463269	0.154230392223	0.164193734642	0.1720355028	0.170679306594	0.162931532233	0.165966189089	0.171444684651	0.16274354464	0.15605655741	0.175298430304	0.17206235817	0.161602191398	0.170974715669	0.175513273267	0.168181757147	0.162649550844	0.160380272045	0.167913203443	0.160783102601	0.177809407436	0.167349240664	0.166543579552	0.16674499483	0.157345615189	0.171243269373	0.170571885113	0.171216414002	0.168624870759	0.160514548897	0.13937937239	0.15902407584	0.174116794006	0.168235467888	0.180723215125	0.180669504384	0.183543029017	0.160205712137
159268001-tonguedorsum2.freeze11.snv.mod.fix.bam	0.160554831953	0.168598015388	0.167456662146	0.123360143945	0.164153451586	0.154848065742	0.158218414727	0.146912303788	0.139298806279	0.154995770279	0.16473084205	0.156754797041	0.108965665409	0.0	0.0	0.168692009185	0.177675130584	0.177581136788	0.163200085937	0.17670833725	0.165805056866	0.162206437232	0.169202261222	0.166154176681	0.165093389551	0.162703261585	0.150900326293	0.160756247231	0.158245270098	0.162367569455	0.164811408161	0.163737193345	0.164663703624	0.154391524445	0.159655177044	0.160648825749	0.159977441489	0.161360493065	0.161964738899	0.161266499268	0.163737193345	0.150766049441	0.165630496959	0.167872920387	0.166503296497	0.155331462409	0.153854417037	0.1626898339	0.161320210009	0.155183757872	0.162058732695	0.153277026573	0.152525076202	0.156338538799	0.164005747049	0.163602916493	0.166516724182	0.156204261947	0.165818484551	0.156338538799	0.151424006016	0.162528701677	0.11836504505	0.165885622977	0.157345615189	0.202892323392	0.199186282277	0.156983067689	0.154874921112	0.163173230567	0.159896875378	0.159238918803	0.158486968432	0.166315308904	0.157077061485	0.146469190176	0.152256522498	0.150833187867	0.161991594269	0.13940622776	0.171444684651	0.14906073342	0.158580962228	0.166301881219	0.165026251125	0.157627596579	0.160152001396	0.165549930847	0.157050206115	0.150913753978	0.169954211593	0.166825560942	0.156177406577	0.165952761403	0.170007922334	0.162139298806	0.156902501578	0.154848065742	0.162085588065	0.155089764076	0.17208921354	0.161843889732	0.161024800935	0.161172505472	0.152108817961	0.165643924644	0.165012823439	0.165643924644	0.162649550844	0.154928631853	0.134330562754	0.153760423241	0.168530876962	0.163038953715	0.175043304285	0.174976165859	0.177782552066	0.154861493427
159510762-tonguedorsum2.freeze11.snv.mod.fix.bam	0.169846790112	0.176345789749	0.175043304285	0.131336188954	0.170733017335	0.164234017698	0.170504746687	0.158500396117	0.150255797403	0.162448135566	0.172545754837	0.162273575658	0.116364319955	0.174103366321	0.168692009185	0.0	0.180938058088	0.181018624199	0.171149275576	0.178037678085	0.176547205027	0.173163428357	0.173203711412	0.174157077061	0.168208612517	0.172075785855	0.159762598526	0.169175405852	0.16072939186	0.168947135203	0.171108992521	0.169470814926	0.170625595854	0.162582412418	0.165979616774	0.170061633075	0.172492044097	0.174116794006	0.171135847891	0.170370469835	0.169094839741	0.175889248452	0.174533052247	0.176641198824	0.175338713359	0.163790904086	0.16140077612	0.167953486498	0.166100465941	0.162837538437	0.169967639279	0.164422005291	0.161011373249	0.164542854457	0.175003021229	0.17469418447	0.173566258913	0.161481342231	0.170665878909	0.165670780014	0.159494044822	0.171887798262	0.120258348663	0.171578961503	0.163226941308	0.19470143542	0.19103567736	0.165120244921	0.161293354639	0.170813583446	0.167564083628	0.165335087884	0.164569709828	0.172344339559	0.167188108442	0.168906852148	0.175325285674	0.173848240302	0.168302606314	0.146348341009	0.167268674553	0.158097565561	0.16775207122	0.172747170115	0.171605816873	0.163670054919	0.163200085937	0.168329461684	0.164824835847	0.158137848616	0.176681481879	0.173593114283	0.163441784271	0.17004820539	0.176050380675	0.17041075289	0.164408577605	0.161279926953	0.16839660011	0.166798705571	0.173525975857	0.169833362427	0.169135122796	0.167604366683	0.162099015751	0.176533777342	0.175983242249	0.176614343453	0.171431256966	0.162501846307	0.140950411559	0.161535052972	0.114833563842	0.11103352893	0.1720355028	0.17169981067	0.177513998362	0.162260147973
159551223-tonguedorsum1.freeze11.snv.mod.fix.bam	0.177433432251	0.184858942167	0.18375787198	0.130852792287	0.178574785493	0.171740093725	0.180844064292	0.167322385294	0.160098290656	0.168222040202	0.179568434198	0.171847515207	0.125401152095	0.183502745962	0.177675130584	0.180938058088	0.0	2.68553704027e-05	0.180468089106	0.190149450136	0.182925355498	0.179313308179	0.17639950049	0.184321834759	0.170276476038	0.179407301975	0.16635559196	0.18003840318	0.172411477985	0.17970271105	0.183623595128	0.182347965034	0.183247619943	0.17069273428	0.176936607898	0.174345064654	0.177876545862	0.179273025123	0.178145099566	0.177621419843	0.1813811717	0.18336846911	0.17835994253	0.18040095068	0.179219314382	0.169551381037	0.170464463631	0.18009211392	0.177903401233	0.170974715669	0.177997395029	0.167819209646	0.171162703262	0.175271574933	0.180172680032	0.179622144938	0.181971989849	0.171834087522	0.181596014663	0.173109717616	0.167805781961	0.180226390772	0.133538329327	0.183046204665	0.174452486136	0.205403300525	0.201549554872	0.174573335303	0.169779651686	0.181448310126	0.177809407436	0.175191008822	0.174291353913	0.182294254294	0.173324560579	0.173619969653	0.18303277698	0.181327460959	0.177084312435	0.154539228982	0.177863118177	0.165684207699	0.175499845582	0.18205255596	0.180857491977	0.170759872706	0.17304257919	0.178373370215	0.171995219744	0.164985968069	0.184832086797	0.181461737811	0.172210062707	0.15236394398	0.184966363649	0.179998120124	0.172720314745	0.167496945202	0.175486417896	0.174009372524	0.186604541243	0.179219314382	0.178185382622	0.175298430304	0.167201536127	0.182898500128	0.182455386516	0.182938783183	0.179138748271	0.174855316692	0.147999946289	0.167792354276	0.179380446605	0.173539403542	0.18269708485	0.182482241886	0.118969290884	0.170330186779
159551223-tonguedorsum2.freeze11.snv.mod.fix.bam	0.177540853732	0.185060357445	0.183945859573	0.130866219972	0.178682206974	0.171793804466	0.180790353551	0.167349240664	0.160017724544	0.168195184832	0.179555006512	0.171941509003	0.125334013669	0.183516173647	0.177581136788	0.181018624199	2.68553704027e-05	0.0	0.180562082903	0.190283726988	0.182979066239	0.17936701892	0.176574060398	0.18440240087	0.170424180576	0.179568434198	0.166275025848	0.180011547809	0.172223490392	0.179742994105	0.183717588925	0.182428531146	0.183301330684	0.170867294187	0.177124595491	0.174345064654	0.177997395029	0.17936701892	0.178239093363	0.177769124381	0.181475165496	0.18339532448	0.178198810307	0.180199535402	0.179044754475	0.169470814926	0.170477891316	0.18009211392	0.177970539659	0.170961287984	0.178064533455	0.167926631128	0.170974715669	0.175123870396	0.180212963087	0.179662427994	0.182119694386	0.171968364374	0.1817437192	0.173257422153	0.167859492702	0.18040095068	0.133444335531	0.182925355498	0.17441220308	0.205685281914	0.201831536261	0.174519624562	0.169940783908	0.181502020867	0.177795979751	0.175244719563	0.174398775395	0.182374820405	0.173337988264	0.173767674191	0.183099915406	0.181394599385	0.177057457065	0.154485518242	0.177849690492	0.165845339922	0.175741543915	0.182253971238	0.181032051885	0.170880721872	0.173096289931	0.178427080956	0.1720355028	0.16503967881	0.18507378513	0.181730291515	0.172451761041	0.152404227035	0.185234917353	0.18003840318	0.172908302338	0.167470089831	0.175472990211	0.174170504747	0.18675224578	0.179232742068	0.178158527251	0.175459562526	0.167147825386	0.183005921609	0.182535952627	0.183046204665	0.179165603642	0.17474789521	0.148134223141	0.167926631128	0.179501295772	0.173619969653	0.182885072442	0.182643374109	0.119170706162	0.170330186779
159733294-tonguedorsum1.freeze11.snv.mod.fix.bam	0.165093389551	0.167993769554	0.166664428719	0.123252722463	0.163844614827	0.153250171203	0.163132947511	0.150430357311	0.1417292173	0.156633947874	0.169913928538	0.11970781357	0.109784754206	0.168665153814	0.163200085937	0.171149275576	0.180468089106	0.180562082903	0.0	0.180817208921	0.12703932969	0.12401810052	0.169135122796	0.166932982423	0.1634149289	0.165925906033	0.153330737314	0.163374645845	0.155197185557	0.162850966122	0.16836974474	0.166892699368	0.167980341869	0.15541202852	0.159453761766	0.162179581862	0.162636123159	0.164314583809	0.161991594269	0.161521625287	0.166973265479	0.166852416312	0.165885622977	0.168222040202	0.166731567145	0.158554106858	0.156499671022	0.165858767607	0.16408631316	0.157117344541	0.165227666403	0.157318759819	0.154230392223	0.157654451949	0.166154176681	0.165590213903	0.169000845944	0.157654451949	0.167443234461	0.158674956024	0.153854417037	0.165590213903	0.0792770534288	0.0546372510843	0.0529856458045	0.204624494783	0.200649899964	0.0503001087643	0.156459387966	0.166530151867	0.163012098344	0.158607817598	0.157506747412	0.165657352329	0.162206437232	0.158768949821	0.168114618721	0.166489868812	0.161763323621	0.138412579055	0.169672230204	0.153639574074	0.164287728438	0.166006472144	0.164932257328	0.158137848616	0.161951311213	0.16738952372	0.160232567508	0.153505297222	0.170612168168	0.167120970016	0.159144925006	0.168906852148	0.170397325205	0.162904676863	0.158648100654	0.107475192352	0.113101392451	0.15935976797	0.177728841325	0.163280652048	0.162528701677	0.159883447692	0.15306218361	0.168987418259	0.168477166221	0.169041129	0.166207887422	0.157533602782	0.135122796181	0.15337102037	0.165912478348	0.159762598526	0.177903401233	0.177728841325	0.176869469472	0.156338538799
