	103092734-palatinetonsils3.freeze11.snv.mod.fix.bam	147406386-subgingivalplaque2.freeze11.snv.mod.fix.bam	158216035-tonguedorsum2.freeze11.snv.mod.fix.bam	158337416-supragingivalplaque1.freeze11.snv.mod.fix.bam	158337416-supragingivalplaque2.freeze11.snv.mod.fix.bam	158337416-tonguedorsum1.freeze11.snv.mod.fix.bam	158337416-tonguedorsum2.freeze11.snv.mod.fix.bam	158479027-tonguedorsum1.freeze11.snv.mod.fix.bam	158479027-tonguedorsum2.freeze11.snv.mod.fix.bam	158499257-tonguedorsum1.freeze11.snv.mod.fix.bam	158499257-tonguedorsum2.freeze11.snv.mod.fix.bam	158944319-tonguedorsum1.freeze11.snv.mod.fix.bam	158944319-tonguedorsum2.freeze11.snv.mod.fix.bam	158944319-tonguedorsum3.freeze11.snv.mod.fix.bam	159005010-supragingivalplaque2.freeze11.snv.mod.fix.bam	159227541-tonguedorsum2.freeze11.snv.mod.fix.bam	159268001-buccalmucosa3.freeze11.snv.mod.fix.bam	159268001-supragingivalplaque1.freeze11.snv.mod.fix.bam	159268001-supragingivalplaque2.freeze11.snv.mod.fix.bam	159268001-tonguedorsum1.freeze11.snv.mod.fix.bam	159268001-tonguedorsum2.freeze11.snv.mod.fix.bam	159268001-tonguedorsum3.freeze11.snv.mod.fix.bam	159369152-tonguedorsum1.freeze11.snv.mod.fix.bam	159369152-tonguedorsum2.freeze11.snv.mod.fix.bam	159470302-tonguedorsum1.freeze11.snv.mod.fix.bam	159490532-tonguedorsum1.freeze11.snv.mod.fix.bam	159510762-supragingivalplaque3.freeze11.snv.mod.fix.bam	159510762-tonguedorsum2.freeze11.snv.mod.fix.bam	159551223-supragingivalplaque1.freeze11.snv.mod.fix.bam	159551223-supragingivalplaque2.freeze11.snv.mod.fix.bam	159571453-supragingivalplaque2.freeze11.snv.mod.fix.bam	159571453-tonguedorsum2.freeze11.snv.mod.fix.bam	159713063-tonguedorsum2.freeze11.snv.mod.fix.bam	159733294-tonguedorsum1.freeze11.snv.mod.fix.bam	159753524-tonguedorsum3.freeze11.snv.mod.fix.bam	159814214-tonguedorsum1.freeze11.snv.mod.fix.bam	159814214-tonguedorsum2.freeze11.snv.mod.fix.bam	159915365-supragingivalplaque1.freeze11.snv.mod.fix.bam	159915365-tonguedorsum1.freeze11.snv.mod.fix.bam	160158126-tonguedorsum1.freeze11.snv.mod.fix.bam	160158126-tonguedorsum2.freeze11.snv.mod.fix.bam	160178356-tonguedorsum1.freeze11.snv.mod.fix.bam	160178356-tonguedorsum3.freeze11.snv.mod.fix.bam	160218816-tonguedorsum1.freeze11.snv.mod.fix.bam	160259276-supragingivalplaque1.freeze11.snv.mod.fix.bam	160319967-supragingivalplaque3.freeze11.snv.mod.fix.bam	160319967-tonguedorsum1.freeze11.snv.mod.fix.bam	160319967-tonguedorsum3.freeze11.snv.mod.fix.bam	160380657-tonguedorsum2.freeze11.snv.mod.fix.bam	160380657-tonguedorsum3.freeze11.snv.mod.fix.bam	160400887-supragingivalplaque1.freeze11.snv.mod.fix.bam	160421117-tonguedorsum2.freeze11.snv.mod.fix.bam	160421117-tonguedorsum3.freeze11.snv.mod.fix.bam	160502038-supragingivalplaque3.freeze11.snv.mod.fix.bam	160502038-tonguedorsum1.freeze11.snv.mod.fix.bam	160502038-tonguedorsum2.freeze11.snv.mod.fix.bam	160502038-tonguedorsum3.freeze11.snv.mod.fix.bam	160542498-supragingivalplaque1.freeze11.snv.mod.fix.bam	160582958-supragingivalplaque1.freeze11.snv.mod.fix.bam	160582958-tonguedorsum3.freeze11.snv.mod.fix.bam	160603188-buccalmucosa2.freeze11.snv.mod.fix.bam	160603188-tonguedorsum2.freeze11.snv.mod.fix.bam	160603188-tonguedorsum3.freeze11.snv.mod.fix.bam	160906640-tonguedorsum1.freeze11.snv.mod.fix.bam	160947100-tonguedorsum1.freeze11.snv.mod.fix.bam	234447334-tonguedorsum2.freeze11.snv.mod.fix.bam	295137534-tonguedorsum2.freeze11.snv.mod.fix.bam	338793263-buccalmucosa1.freeze11.snv.mod.fix.bam	338793263-tonguedorsum1.freeze11.snv.mod.fix.bam	338793263-tonguedorsum2.freeze11.snv.mod.fix.bam	370027359-subgingivalplaque2.freeze11.snv.mod.fix.bam	370425937-supragingivalplaque1.freeze11.snv.mod.fix.bam	370425937-supragingivalplaque2.freeze11.snv.mod.fix.bam	370425937-tonguedorsum1.freeze11.snv.mod.fix.bam	370425937-tonguedorsum2.freeze11.snv.mod.fix.bam	604812005-supragingivalplaque2.freeze11.snv.mod.fix.bam	604812005-tonguedorsum3.freeze11.snv.mod.fix.bam	638754422-supragingivalplaque2.freeze11.snv.mod.fix.bam	650853796-supragingivalplaque1.freeze11.snv.mod.fix.bam	675950834-supragingivalplaque2.freeze11.snv.mod.fix.bam	675950834-supragingivalplaque3.freeze11.snv.mod.fix.bam	675950834-tonguedorsum1.freeze11.snv.mod.fix.bam	675950834-tonguedorsum3.freeze11.snv.mod.fix.bam	686765762-tonguedorsum3.freeze11.snv.mod.fix.bam	706846339-supragingivalplaque2.freeze11.snv.mod.fix.bam	737052003-supragingivalplaque1.freeze11.snv.mod.fix.bam	763395383-anteriornares3.freeze11.snv.mod.fix.bam	763395383-supragingivalplaque3.freeze11.snv.mod.fix.bam	763395383-tonguedorsum3.freeze11.snv.mod.fix.bam	763435843-tonguedorsum1.freeze11.snv.mod.fix.bam	763435843-tonguedorsum2.freeze11.snv.mod.fix.bam	763496533-palatinetonsils1.freeze11.snv.mod.fix.bam	763496533-palatinetonsils2.freeze11.snv.mod.fix.bam	763496533-throat1.freeze11.snv.mod.fix.bam	763496533-tonguedorsum2.freeze11.snv.mod.fix.bam	763820215-tonguedorsum2.freeze11.snv.mod.fix.bam	763840445-tonguedorsum2.freeze11.snv.mod.fix.bam	763860675-tonguedorsum1.freeze11.snv.mod.fix.bam	763860675-tonguedorsum2.freeze11.snv.mod.fix.bam	763901136-supragingivalplaque3.freeze11.snv.mod.fix.bam	763921366-supragingivalplaque3.freeze11.snv.mod.fix.bam	763961826-supragingivalplaque2.freeze11.snv.mod.fix.bam	763961826-tonguedorsum2.freeze11.snv.mod.fix.bam	764062976-supragingivalplaque3.freeze11.snv.mod.fix.bam	764083206-buccalmucosa2.freeze11.snv.mod.fix.bam	764083206-supragingivalplaque1.freeze11.snv.mod.fix.bam	764083206-supragingivalplaque2.freeze11.snv.mod.fix.bam	764083206-tonguedorsum1.freeze11.snv.mod.fix.bam	764083206-tonguedorsum2.freeze11.snv.mod.fix.bam	764224817-tonguedorsum1.freeze11.snv.mod.fix.bam	764224817-tonguedorsum2.freeze11.snv.mod.fix.bam	764447348-tonguedorsum1.freeze11.snv.mod.fix.bam	764447348-tonguedorsum2.freeze11.snv.mod.fix.bam	764487809-tonguedorsum2.freeze11.snv.mod.fix.bam	764508039-tonguedorsum1.freeze11.snv.mod.fix.bam	764508039-tonguedorsum3.freeze11.snv.mod.fix.bam	764649650-tonguedorsum1.freeze11.snv.mod.fix.bam	764649650-tonguedorsum2.freeze11.snv.mod.fix.bam	764811490-supragingivalplaque1.freeze11.snv.mod.fix.bam	765013792-supragingivalplaque1.freeze11.snv.mod.fix.bam	765013792-supragingivalplaque3.freeze11.snv.mod.fix.bam	765013792-tonguedorsum3.freeze11.snv.mod.fix.bam	765135172-tonguedorsum2.freeze11.snv.mod.fix.bam	765195863-supragingivalplaque3.freeze11.snv.mod.fix.bam	765216093-tonguedorsum3.freeze11.snv.mod.fix.bam	765337473-tonguedorsum1.freeze11.snv.mod.fix.bam	765337473-tonguedorsum2.freeze11.snv.mod.fix.bam	765377934-palatinetonsils3.freeze11.snv.mod.fix.bam	765377934-saliva3.freeze11.snv.mod.fix.bam	765377934-tonguedorsum3.freeze11.snv.mod.fix.bam	765701615-supragingivalplaque2.freeze11.snv.mod.fix.bam	765701615-tonguedorsum1.freeze11.snv.mod.fix.bam	765701615-tonguedorsum2.freeze11.snv.mod.fix.bam	809635352-supragingivalplaque1.freeze11.snv.mod.fix.bam	809635352-tonguedorsum1.freeze11.snv.mod.fix.bam	823052294-supragingivalplaque2.freeze11.snv.mod.fix.bam	861967750-supragingivalplaque1.freeze11.snv.mod.fix.bam	861967750-supragingivalplaque2.freeze11.snv.mod.fix.bam	937415040-tonguedorsum1.freeze11.snv.mod.fix.bam	953045535-tonguedorsum2.freeze11.snv.mod.fix.bam
103092734-palatinetonsils3.freeze11.snv.mod.fix.bam	0.0	0.138708323951	0.113243535348	0.133993789941	0.137992644966	0.122217308564	0.121648600286	0.126059960189	0.128491239278	0.115974958098	0.114653518146	0.123750950488	0.118193168204	0.114760294539	0.143312506056	0.116855119524	0.110616799756	0.146026046019	0.145372068072	0.11111801577	0.113832408742	0.107704448136	0.126957291335	0.125500964206	0.122019028354	0.114271587579	0.12159786333	0.123338712641	0.135711168375	0.136652908697	0.128204495158	0.131816317969	0.105980397301	0.11892130553	0.126957007713	0.117576913867	0.117125857417	0.132229956124	0.135939876194	0.144570385833	0.147808784357	0.109805117538	0.109799387333	0.128411235734	0.143189527239	0.14154819462	0.115382797389	0.109603857746	0.115316392519	0.122572058651	0.140627883116	0.111429862893	0.113823025705	0.121770783754	0.117436276721	0.115963442844	0.12572791308	0.133663873869	0.137707529008	0.126948331302	0.119681034176	0.114515480476	0.117748627716	0.113193916253	0.109125486937	0.11876127907	0.138700846521	0.14195660066	0.125547117721	0.120151566194	0.129107343032	0.130184260412	0.131977882475	0.122864494487	0.128616778937	0.136716700303	0.120330403345	0.136455415511	0.125022096603	0.132206106229	0.134484518857	0.113320529355	0.104558172599	0.117821601956	0.140820592089	0.137195451273	0.0149313177413	0.127462692893	0.115615513926	0.120354094827	0.12276601573	0.12513322044	0.115330567389	0.12749330174	0.11027564134	0.119332561709	0.107316029335	0.108805574084	0.111571711642	0.136147554281	0.13106090893	0.136759265024	0.118809593313	0.132533590834	0.126293634027	0.125598184684	0.129716511401	0.109813329024	0.108106969537	0.114298762556	0.110309035082	0.111906556012	0.114116973817	0.115201429218	0.13448299086	0.120256398897	0.114076822274	0.113086571608	0.134455637535	0.12473388912	0.13302819285	0.108108131452	0.124750508522	0.142663773003	0.123416093987	0.123811903273	0.116500341116	0.139997771043	0.12832500592	0.137032068241	0.133852804274	0.115350505343	0.121563124985	0.130891820228	0.118677001431	0.129753840071	0.137275924798	0.138564541254	0.119837964876	0.122583772444
147406386-subgingivalplaque2.freeze11.snv.mod.fix.bam	0.138708323951	0.0	0.133984594338	0.113254389302	0.118328883429	0.146727896684	0.146861656502	0.147670065747	0.149764557388	0.135583378597	0.133878546773	0.142537300411	0.140017232436	0.137328358589	0.119521039331	0.138547739011	0.135388576814	0.125316096333	0.125392623359	0.135737127718	0.134110690276	0.130821291991	0.147145601569	0.146218801486	0.144290984886	0.139700356986	0.14145246647	0.143755768899	0.116909827224	0.11659898971	0.120472333894	0.150647409699	0.141791017825	0.140098175736	0.14300559267	0.141412153008	0.141875555667	0.111441743554	0.151884806396	0.158347814092	0.16049309889	0.135505492526	0.134054384561	0.147981190498	0.0319261977232	0.123472908712	0.140793155996	0.134597972651	0.136613480286	0.139641263723	0.12060154169	0.135557378522	0.139038041546	0.126336885492	0.138516372155	0.138042735692	0.14441279953	0.113595154375	0.109948601609	0.137404680293	0.138176161706	0.137026538126	0.14015841067	0.135215733461	0.144297078241	0.139286037456	0.154842763551	0.152677538576	0.144143059955	0.139603372709	0.110246241491	0.109269954259	0.114069925136	0.135415916811	0.138981016974	0.119820020926	0.140584788861	0.108378954635	0.118093808287	0.113183955097	0.116443236965	0.138624971005	0.133894913243	0.134870183789	0.117694270023	0.111508293566	0.13991764346	0.0842003762723	0.135013430562	0.141372511903	0.145162992793	0.142597825919	0.13664433038	0.143831192821	0.133203552682	0.143538742876	0.135476637318	0.136100244233	0.140630578958	0.112762299449	0.113060155702	0.113562170343	0.135332198375	0.122854664191	0.121254882583	0.116938394285	0.120319207222	0.135438956296	0.133911456227	0.140368085152	0.136360242093	0.13751451249	0.133081771996	0.135388573052	0.148947163873	0.140498802195	0.138366612751	0.137592959497	0.111040470204	0.1122194593	0.11435511332	0.134340785634	0.136890866478	0.123524511549	0.147745120652	0.14762143476	0.140087741512	0.151949764709	0.138833596442	0.14913613443	0.111983544194	0.138502274622	0.142271024083	0.101300547405	0.13930463279	0.10876169158	0.113270935354	0.113517150615	0.138487990292	0.140639646329
158216035-tonguedorsum2.freeze11.snv.mod.fix.bam	0.113243535348	0.133984594338	0.0	0.128457546402	0.132116482303	0.121939255719	0.120331233523	0.124995896804	0.128823894322	0.106360343494	0.107104755905	0.116266691073	0.109663788652	0.103109250264	0.137765489066	0.106225821158	0.102502666702	0.141697694403	0.140700125447	0.103868064558	0.109141787227	0.100188510624	0.118192380045	0.116979677709	0.116289992196	0.103094674186	0.110533746837	0.112532941927	0.12831285706	0.129707403767	0.122014920226	0.124597774113	0.111363655561	0.113811293306	0.11462063463	0.115031039366	0.113825868223	0.125598185506	0.125501820614	0.136169530587	0.139945865856	0.101481059395	0.0976244474302	0.127778361542	0.137842093076	0.13546242097	0.109341475138	0.100444117261	0.109313162937	0.119339538079	0.135721330881	0.10253695925	0.104172530173	0.112248824476	0.11080686561	0.105471789533	0.116840402716	0.127590541744	0.13343953428	0.122811339871	0.112634950231	0.108071465085	0.114530536281	0.10678727201	0.113986318537	0.107756991598	0.131827460951	0.135567722909	0.114272399894	0.106975216051	0.123883240795	0.12603321992	0.123418086211	0.114543319957	0.121060814639	0.131795533784	0.102022566916	0.131135613968	0.121363950444	0.124546619463	0.126975746797	0.106448384535	0.101700401665	0.107520518129	0.134874654748	0.130279148277	0.114486279066	0.120547723049	0.112273390912	0.10852908885	0.11473384383	0.115890842101	0.105546848094	0.118760409297	0.103865512543	0.11540699582	0.0974818751601	0.100800693639	0.108963174124	0.130585207436	0.125276989482	0.131788809295	0.11849455836	0.128526235052	0.119243539045	0.116000912915	0.123713787406	0.105474171169	0.101095125704	0.107557388875	0.102822246042	0.107907044984	0.109131580361	0.112092309441	0.1322106976	0.115020881914	0.108807599471	0.107593146826	0.129759554855	0.117362586394	0.129300325725	0.102766293766	0.120252242275	0.138022176595	0.121417272174	0.123046587805	0.1144260193	0.134156393957	0.119017267081	0.131127197958	0.127538830666	0.106778887545	0.114234506161	0.12309128334	0.112649996297	0.124067791898	0.130992405274	0.133286013333	0.10916688267	0.113108445766
158337416-supragingivalplaque1.freeze11.snv.mod.fix.bam	0.133993789941	0.113254389302	0.128457546402	0.0	0.00748955670969	0.140473132666	0.140593602048	0.143028125365	0.145262476086	0.131099182234	0.129734898416	0.13976248893	0.136833814953	0.132514259482	0.111710664822	0.133287111377	0.12954348484	0.117316138836	0.117519209193	0.130011866639	0.129392669735	0.125385771234	0.14234760771	0.141503464845	0.140052339787	0.133440163427	0.136658881039	0.139430866578	0.110212466863	0.11481583081	0.115562007172	0.145048852486	0.136602446233	0.135668993093	0.139393480256	0.136191475058	0.136498460499	0.109477509636	0.14776091544	0.155115366448	0.157665371337	0.129254853434	0.128205292966	0.143084911163	0.1170930622	0.113865760094	0.135115976736	0.129411579733	0.132478974816	0.136831852088	0.110981436721	0.130312831089	0.133351188055	0.122087147929	0.1317401265	0.131966871488	0.138696172557	0.11452356996	0.114455397434	0.134843609294	0.134341369673	0.132632598426	0.135760812188	0.129814660937	0.139118902118	0.134652032933	0.148701209599	0.14837451114	0.138723198668	0.134583996639	0.107292393068	0.104278337726	0.111939192809	0.128136483736	0.132290975745	0.116096170934	0.136232277148	0.110632983373	0.117280376514	0.106875305604	0.109434990436	0.133764650472	0.128938147386	0.130705929752	0.107083954809	0.11305431007	0.135241731454	0.107931694336	0.12978780115	0.136568614028	0.139432916783	0.137549203208	0.131290803447	0.138967892625	0.127178038784	0.138156876729	0.129418248555	0.129711821583	0.134186061224	0.104726624945	0.106482427327	0.112489588208	0.131890563695	0.1177230717	0.1165770446	0.112513020122	0.115591432813	0.130382702455	0.128896344582	0.134324568092	0.130424336018	0.132353636086	0.129904745622	0.130436865436	0.146720776551	0.136177549821	0.133150063774	0.132010387707	0.115114609356	0.108370322738	0.107962619347	0.12920069858	0.135225020172	0.112607153247	0.142179819657	0.142748425799	0.134989739993	0.150149448589	0.135565953148	0.147156461975	0.111850400434	0.133184703075	0.137180475623	0.11173803523	0.134349781246	0.105289706283	0.113344144663	0.113668707531	0.134253615622	0.136619298416
158337416-supragingivalplaque2.freeze11.snv.mod.fix.bam	0.137992644966	0.118328883429	0.132116482303	0.00748955670969	0.0	0.14299178254	0.143267193313	0.146909705083	0.149145166572	0.135331951906	0.134056578726	0.143801730681	0.141049627548	0.136674793437	0.116624476768	0.137272331973	0.133416254085	0.121880471665	0.121859025995	0.134116868	0.133350802849	0.129440983907	0.146373415955	0.145485976543	0.143768773036	0.137474092655	0.140233931245	0.142812048892	0.115273094702	0.119932166968	0.120632328694	0.149016364117	0.140510360584	0.139758907868	0.143194203883	0.140114426109	0.140349907054	0.114910245815	0.151449637386	0.158828733933	0.161205607517	0.133109635242	0.132041323635	0.146777758345	0.121835858275	0.11849204726	0.138933529665	0.133615965602	0.136506353734	0.140848967475	0.115475027959	0.134370117222	0.137224871565	0.127067385826	0.135907481624	0.136020661787	0.142676082359	0.119031976745	0.119398085702	0.1390863908	0.138496135221	0.136906345249	0.139764386514	0.134034914973	0.142844539618	0.138755123211	0.152342500453	0.152558779251	0.142917161481	0.138653639915	0.112076694231	0.109539701581	0.116884800543	0.1321178529	0.136169749728	0.120919029452	0.140064946752	0.115540741061	0.121743536179	0.112313481325	0.114655457332	0.137934444271	0.133294902564	0.135071315502	0.112389208992	0.117975954224	0.139015036295	0.112670007605	0.133754348051	0.140680441275	0.143659671684	0.141842913044	0.135923352134	0.143104100202	0.131549932684	0.141952462352	0.133245805582	0.133352653575	0.137582694282	0.110242917675	0.111306226728	0.117847846853	0.135783571157	0.122959323918	0.121460787745	0.117667940364	0.120775428754	0.134541735261	0.133120703537	0.138230969152	0.134530831645	0.136167342217	0.13400776108	0.134899693487	0.150837700513	0.139794022383	0.137111077422	0.13606291131	0.119788554538	0.114233195627	0.112966074362	0.133345577605	0.139331984433	0.116794968444	0.145439230132	0.146242116363	0.138778803507	0.154110028762	0.139766001733	0.151101231972	0.117007902696	0.136984212993	0.141275026198	0.116955133493	0.138297010236	0.11051373316	0.118177542091	0.118652577456	0.138663617596	0.140659800417
158337416-tonguedorsum1.freeze11.snv.mod.fix.bam	0.122217308564	0.146727896684	0.121939255719	0.140473132666	0.14299178254	0.0	0.0124215614156	0.125576603988	0.127051777028	0.126725440953	0.124423078667	0.133882789119	0.132096878936	0.1284746398	0.15055305329	0.128511371606	0.11951503232	0.155067895412	0.154175675991	0.119783083181	0.121442042343	0.116316380381	0.136196563983	0.134825436042	0.127099584116	0.124415057342	0.116785768803	0.117000147663	0.146035362961	0.148026649284	0.137522174209	0.140780336498	0.125749641758	0.123224427235	0.132772373666	0.120151270962	0.119828549942	0.139822374199	0.147044609459	0.152833875261	0.15584809507	0.115431977627	0.118243414604	0.13044859486	0.149448797712	0.149926608823	0.11836998742	0.12090451303	0.123976578156	0.129426748488	0.148012918641	0.120862553293	0.12325696338	0.133310353008	0.125510339975	0.125551373143	0.135272482821	0.142295849506	0.145299299217	0.135692770641	0.127707210391	0.123210362769	0.124791402071	0.121459131086	0.127130594748	0.131021004894	0.145103225035	0.150365041024	0.137610043982	0.134002640714	0.138000356345	0.138794475067	0.140212215597	0.131014247725	0.136907238442	0.145640110304	0.133975294891	0.144399717169	0.139570001225	0.141445216452	0.143962231941	0.128514043443	0.123375545393	0.127064754548	0.148133159836	0.144833355474	0.122172365761	0.136062890287	0.120287352297	0.131224148485	0.132699446203	0.133215052082	0.12632036376	0.134636790788	0.1193094994	0.127133508013	0.098882381809	0.113800187686	0.118784533301	0.143631618006	0.138681057725	0.144198211667	0.124745404839	0.14000335393	0.134604879608	0.136156367777	0.137934788711	0.120735405598	0.120554372479	0.122729189254	0.119127966748	0.0939791577715	0.121360017444	0.121327642581	0.141079963961	0.121880689369	0.117446238355	0.118326963286	0.142154764844	0.136103036699	0.14073169609	0.122123419308	0.132514032498	0.150143495155	0.0892391683035	0.0907410820468	0.0876678962248	0.14872487269	0.138808826208	0.146008967445	0.141890148007	0.124869652717	0.13162244353	0.142409241344	0.123282213105	0.137949561333	0.145565600342	0.146779168924	0.131176095823	0.131644332195
158337416-tonguedorsum2.freeze11.snv.mod.fix.bam	0.121648600286	0.146861656502	0.120331233523	0.140593602048	0.143267193313	0.0124215614156	0.0	0.125531053216	0.127334237616	0.125531839782	0.12335576135	0.132990187553	0.130536928928	0.126744786946	0.150965151558	0.126758305198	0.117143199144	0.155301987958	0.154344323806	0.117600489813	0.119976172431	0.114427370198	0.134363175959	0.133048664115	0.125891540279	0.122194302278	0.116254440349	0.116797911735	0.145365437953	0.147220797853	0.136999211675	0.140180633628	0.124228376272	0.122470385917	0.132787158136	0.119315852607	0.118733032628	0.140064209756	0.145980548039	0.152431776083	0.155672293205	0.113591412722	0.116041620345	0.13044146565	0.149722842238	0.14967317813	0.11686024285	0.118582162366	0.122558894062	0.129254322854	0.148042516973	0.119033106593	0.121221157262	0.131944565593	0.124104271493	0.1232692278	0.13372307655	0.142291720682	0.145622965253	0.135806116377	0.126697458635	0.121776122877	0.123651078314	0.120064187883	0.125647367239	0.129528074145	0.14402586764	0.150004758768	0.135949713918	0.131922305579	0.138517090738	0.138796597519	0.139723262008	0.129638327918	0.135639850027	0.145860862984	0.131834907744	0.144750111725	0.138504664405	0.141084370081	0.143504681815	0.127123255085	0.121734996471	0.12603644273	0.148239693371	0.144785929865	0.121687025929	0.135568236886	0.120008357934	0.129293261375	0.131153400545	0.132274696673	0.124662113776	0.134146160991	0.117341870385	0.125957599262	0.0977503136204	0.112339412106	0.117535572294	0.144190925042	0.138976862915	0.144849810843	0.124819482144	0.140322802617	0.13415804464	0.134902578233	0.137711749531	0.119171333135	0.118625787514	0.120832037015	0.117144186944	0.0943093521279	0.120406919206	0.120005802927	0.141515027746	0.121736267115	0.115935413954	0.117002099302	0.142285058905	0.13566112148	0.141105942532	0.120490367276	0.132255934579	0.150283776578	0.0922086896631	0.0937075632858	0.089521487188	0.149025727749	0.138094721008	0.146265245555	0.14186975644	0.123219600904	0.130558860615	0.141687427927	0.12217935753	0.138312382282	0.145681283011	0.147150975264	0.130252096748	0.130013431205
158479027-tonguedorsum1.freeze11.snv.mod.fix.bam	0.126059960189	0.147670065747	0.124995896804	0.143028125365	0.146909705083	0.125576603988	0.125531053216	0.0	0.0111235389841	0.126642738487	0.123409675736	0.132370221776	0.131070732596	0.129192092779	0.152266439904	0.128674403491	0.119865459636	0.155714670497	0.154841340106	0.120111191171	0.121825421038	0.116551066865	0.137345161457	0.136393807273	0.127013917131	0.12300610451	0.131897260588	0.133029965932	0.147141573319	0.148279315858	0.138572067357	0.139157915463	0.127674641921	0.0609556618148	0.135298135016	0.0494874452105	0.0531209231173	0.142195878049	0.147046295508	0.152974002113	0.156614546511	0.115682773507	0.119436822795	0.13002835454	0.151526982145	0.150587827278	0.0880709419332	0.113480961121	0.124705635605	0.130450127112	0.149849736721	0.121448957068	0.123561312052	0.132713991594	0.126401755159	0.126931694166	0.132442798517	0.142669185828	0.147452636541	0.136250247249	0.127063351745	0.123141500763	0.124608564648	0.119456822834	0.127575797757	0.130453460301	0.146839642637	0.152112163457	0.137771621264	0.133610566487	0.138566188199	0.139978091296	0.141833596292	0.132770275561	0.137478111443	0.14700652222	0.134973373588	0.145003824041	0.140319279048	0.14329109013	0.145066797521	0.129063674922	0.123082943858	0.127706909184	0.149431019302	0.145998603062	0.125784460396	0.137233522391	0.120085684943	0.132439365002	0.131931292746	0.135943707963	0.127170803701	0.137560479647	0.121457527732	0.125834129324	0.114668869492	0.119558756669	0.123370273218	0.144455927338	0.139720949194	0.146406765158	0.127704958662	0.141191387327	0.135863305086	0.137082085943	0.139904029608	0.122552688421	0.122230401951	0.104466147037	0.102703798443	0.117827725751	0.122275588193	0.122324290236	0.143452106835	0.123859955979	0.0835345255527	0.0686761892381	0.143497280972	0.13619207063	0.14338117281	0.122049123444	0.132336611234	0.151889576166	0.127732061178	0.125277927459	0.119730398063	0.148178657229	0.13799271093	0.145530178345	0.142451083222	0.125478039448	0.132123863034	0.142759385425	0.120689370161	0.140364006137	0.146093022849	0.147424362361	0.129994294327	0.132365709062
158479027-tonguedorsum2.freeze11.snv.mod.fix.bam	0.128491239278	0.149764557388	0.128823894322	0.145262476086	0.149145166572	0.127051777028	0.127334237616	0.0111235389841	0.0	0.129979906897	0.126843256263	0.135246190554	0.13469366975	0.132875243577	0.154098844908	0.132613570146	0.123801812397	0.15755767455	0.156775638044	0.124034505888	0.125001005095	0.120279590597	0.140779262294	0.139846536385	0.130405543496	0.127091740914	0.135185183821	0.135984563403	0.150012434752	0.151031531787	0.141449130265	0.141429136204	0.131337235099	0.0622993177811	0.136692810027	0.050691349326	0.0546948193095	0.14421965336	0.150073183884	0.156466348318	0.15944001332	0.119027396439	0.123321875348	0.131407434244	0.15341564349	0.153137785208	0.0912566519009	0.11764134836	0.12797382837	0.132562307497	0.151471703984	0.125027038521	0.127257218971	0.136043552734	0.129725910774	0.130972513421	0.135491144412	0.145134337075	0.149302575167	0.137843600589	0.129868627906	0.126313315147	0.127281989228	0.122661532198	0.131218613843	0.133828325687	0.149683946421	0.15430735015	0.141280416884	0.137647098103	0.140281651279	0.141955826963	0.144561132623	0.135871543056	0.140197273243	0.149030782729	0.139200160734	0.146651653996	0.143282178199	0.145996761175	0.147789751178	0.132407402696	0.126821881917	0.130750712746	0.151294876675	0.147876674498	0.128289863685	0.139913406909	0.122080100952	0.136496913332	0.135186205013	0.139054112133	0.130805132362	0.140430461336	0.124954220841	0.128972055686	0.118387171361	0.123320352839	0.126634594008	0.146274790767	0.141484510343	0.148347046019	0.129608021994	0.142839490656	0.138688439697	0.140557145707	0.142360917725	0.126213240377	0.126187740367	0.107584109082	0.106121517665	0.120302200695	0.125237325375	0.124737248848	0.144722014201	0.125962433602	0.0855525584954	0.0715019163438	0.145586945577	0.139085127234	0.145039248411	0.125904381104	0.133669775015	0.153696427481	0.128679861982	0.126244207987	0.121465465824	0.149643650044	0.141011274871	0.146998545906	0.144434695081	0.12937597592	0.135140039562	0.145793472506	0.125777979766	0.14220731193	0.148257343828	0.149264429838	0.132910156227	0.135744315404
158499257-tonguedorsum1.freeze11.snv.mod.fix.bam	0.115974958098	0.135583378597	0.106360343494	0.131099182234	0.135331951906	0.126725440953	0.125531839782	0.126642738487	0.129979906897	0.0	0.0459312538736	0.120974797299	0.113333959953	0.106165407349	0.139225013713	0.111463049042	0.104540296295	0.144169761463	0.14342821876	0.106070238369	0.11070609334	0.1032190826	0.12260817692	0.121014354656	0.119249350988	0.107943760807	0.119483124216	0.121533881798	0.131458302819	0.133292013268	0.124488950411	0.129689785332	0.113543130219	0.116980186965	0.123119866133	0.117347779684	0.116516017726	0.129052754569	0.132470041629	0.141635383606	0.145375982498	0.10544486051	0.103285158674	0.126970231115	0.139904728035	0.137448745212	0.113716557261	0.106043984764	0.110793986371	0.119655442689	0.138306480877	0.101362769274	0.102555485529	0.116554551478	0.112707845817	0.10917563378	0.120861985755	0.130139280815	0.13505058558	0.122987121688	0.111660002946	0.108222406931	0.115587476024	0.108219158585	0.1169733656	0.114356505501	0.134212157967	0.139250219521	0.121509688404	0.115672852267	0.125238408985	0.127535920355	0.127766028891	0.117369203619	0.124072764795	0.134358718816	0.113430476372	0.132564487904	0.125364915643	0.126531392359	0.128971002152	0.113076908792	0.108271055773	0.111732654814	0.137332394849	0.132722274627	0.117277240556	0.124074482593	0.112777639525	0.115368657244	0.119387716372	0.122237269517	0.111174287355	0.124785418268	0.107133462306	0.116887648119	0.10555645649	0.106424535945	0.113891830589	0.131305415798	0.128012317644	0.13353063024	0.117562920191	0.130128171172	0.123424214668	0.120747616952	0.127087782099	0.109355380558	0.105891438401	0.111111358631	0.106768462611	0.115222127869	0.111982953442	0.113987397275	0.133938442471	0.119669696997	0.111414001674	0.111078699171	0.131819539284	0.120381776867	0.130729535695	0.106736568767	0.122938081116	0.140438225022	0.129161207811	0.129012117724	0.121082899106	0.138634286527	0.124644335502	0.135593355386	0.130686029304	0.111547471395	0.119025754679	0.127012140442	0.115792907449	0.126809180769	0.133809272617	0.135738203623	0.112378145472	0.117625398253
158499257-tonguedorsum2.freeze11.snv.mod.fix.bam	0.114653518146	0.133878546773	0.107104755905	0.129734898416	0.134056578726	0.124423078667	0.12335576135	0.123409675736	0.126843256263	0.0459312538736	0.0	0.119065135568	0.113400080021	0.107495368423	0.137603057991	0.111581295333	0.103894861657	0.142350802224	0.141594700864	0.104809285812	0.108882121545	0.10176210977	0.122311021779	0.120888826054	0.116396795858	0.10740012857	0.118858385659	0.120921515809	0.129978252453	0.132042530084	0.12257230828	0.12861698649	0.112407727911	0.114897477304	0.123733176045	0.11429347424	0.113728338966	0.127295671113	0.131913557824	0.141052158071	0.144859573187	0.104412486738	0.102721459767	0.123792040456	0.13842042108	0.135555278654	0.111320356138	0.104266976677	0.111090510948	0.119812812524	0.136928395269	0.103775734117	0.105385864104	0.116043166418	0.110920381561	0.108502023826	0.120169945674	0.128171316646	0.133798953089	0.123045404191	0.112314309833	0.10811602881	0.113153515305	0.106526916358	0.115374346776	0.114440489476	0.133352396059	0.138806784817	0.121446301679	0.115481781346	0.124482389555	0.12568325183	0.125959504837	0.117099121596	0.123237567887	0.132737347864	0.114425312454	0.131051377271	0.124015426001	0.125326538514	0.127600315797	0.112431885345	0.107086592316	0.112805533616	0.135355704094	0.131288459723	0.115809750979	0.122351657316	0.110753596699	0.115251297954	0.119307992052	0.12134927398	0.110995922612	0.123712478238	0.105770055436	0.113824405967	0.104721579874	0.105104294381	0.111268711749	0.130005683967	0.126198368565	0.132642917083	0.1158730452	0.128122803264	0.121034182194	0.118927601437	0.12463793984	0.107043006063	0.104897134841	0.110166642467	0.105543488671	0.113655996044	0.109100262902	0.11134648281	0.132075480575	0.117759214215	0.109892002753	0.10918707422	0.130225936167	0.119237691179	0.128767168017	0.106180491604	0.121304791879	0.138130576539	0.126628944569	0.127004483477	0.118913345031	0.137615418552	0.123513142053	0.1344852456	0.128212053827	0.110064319868	0.117723900971	0.125985769243	0.113255077498	0.123823584972	0.131371987787	0.133534047193	0.11394331815	0.116679133968
158944319-tonguedorsum1.freeze11.snv.mod.fix.bam	0.123750950488	0.142537300411	0.116266691073	0.13976248893	0.143801730681	0.133882789119	0.132990187553	0.132370221776	0.135246190554	0.120974797299	0.119065135568	0.0	0.0736526247162	0.105767882842	0.147569939463	0.120819767007	0.116294698014	0.151084668223	0.150181078463	0.116899590148	0.119183667227	0.113939339423	0.130850328077	0.129280253505	0.125317934456	0.117123941669	0.12685633515	0.128600765498	0.1400356629	0.141470988137	0.132511580943	0.129785784797	0.122248896469	0.123606423313	0.132554993172	0.124493063834	0.123448348618	0.135230997184	0.13193108716	0.144749382682	0.148310353055	0.117636547512	0.114964392102	0.135846411652	0.146277956432	0.145340133456	0.121077665776	0.114975863423	0.121426201535	0.128455219478	0.145941428771	0.117651030963	0.119251897175	0.12485499653	0.123438432861	0.12036136733	0.128772345771	0.136628020038	0.143092426948	0.129176386778	0.124357312302	0.120418802881	0.124438430799	0.118341748333	0.12524159503	0.116101571444	0.144492233237	0.142357396207	0.125093740402	0.120367574302	0.131885258297	0.137364008978	0.134737977659	0.127592299288	0.132877151638	0.140941020751	0.11726548761	0.140464627667	0.132059120949	0.13627646829	0.138287728759	0.115285444977	0.113273486481	0.120531128735	0.144950915689	0.139401083257	0.125161097406	0.132307621463	0.122916178158	0.122517937878	0.12359951298	0.11850933185	0.114287179753	0.120033185075	0.114518717581	0.123648875037	0.115601747893	0.117416944409	0.122411815553	0.140415358595	0.134270317827	0.141745960382	0.123882285963	0.139050538781	0.131307999637	0.129688308144	0.134710757751	0.117361509281	0.114257767515	0.117372967816	0.114234024459	0.122549503713	0.117975982247	0.121849876605	0.135436727492	0.127762854793	0.120345223462	0.119223344129	0.138150937541	0.129492901507	0.138553571102	0.115626440633	0.125268166821	0.147415059776	0.135749660093	0.135737475453	0.127358170238	0.133990173607	0.123482731672	0.131047148128	0.137902493722	0.120230867108	0.125147647561	0.135770003099	0.121883238934	0.134769526728	0.141392175724	0.143090552154	0.120346758369	0.125133569465
158944319-tonguedorsum2.freeze11.snv.mod.fix.bam	0.118193168204	0.140017232436	0.109663788652	0.136833814953	0.141049627548	0.132096878936	0.130536928928	0.131070732596	0.13469366975	0.113333959953	0.113400080021	0.0736526247162	0.0	0.0726576485503	0.144782637512	0.112691270522	0.107985551522	0.14822451113	0.147273915379	0.10848471676	0.113712319931	0.106422843097	0.122091954513	0.120486031199	0.120519602565	0.108025275624	0.120926769524	0.122727365289	0.134887022032	0.136434974332	0.129021603645	0.127184141932	0.114438079279	0.119518059004	0.129996355467	0.120811973138	0.119394445974	0.132442848458	0.130087467364	0.140585235679	0.144375304578	0.109640192979	0.106571387929	0.133689723238	0.143939590239	0.142653083373	0.115224443104	0.105996064322	0.112564606242	0.122504186325	0.143356512346	0.108196127118	0.109710930993	0.117729146061	0.116594317155	0.11167184718	0.122551594744	0.13381830035	0.140178253654	0.127021075247	0.119365824842	0.114119131513	0.120463423506	0.112875505899	0.120636619535	0.109820926983	0.138384827866	0.140164733011	0.118603251217	0.112182878591	0.129484716794	0.132979093142	0.130738968126	0.121538735733	0.128466348697	0.13836614709	0.110049522339	0.137007483268	0.126961326268	0.131262906802	0.133707166879	0.109088046699	0.106374864269	0.114237880977	0.142533668081	0.136966631223	0.120308806859	0.127385311071	0.118786518145	0.114240189552	0.116209674753	0.118077330755	0.107699091816	0.120903358848	0.107420886975	0.115127516738	0.108496729044	0.110470948861	0.117905860735	0.136533856491	0.132501514271	0.13809243043	0.122008527491	0.136466282379	0.1269558408	0.123292604401	0.130952784708	0.110237432694	0.105685332029	0.110277001622	0.106289784332	0.117679550506	0.113705918364	0.115053766547	0.120059946598	0.124551194099	0.114838370799	0.113865823262	0.135554554777	0.124179814978	0.135633042088	0.107615787791	0.124465236702	0.145161170825	0.133582637836	0.133363197783	0.124123271615	0.135299732246	0.122056528807	0.132310972447	0.134498350532	0.114697026906	0.120026933386	0.129958354254	0.117880563555	0.130569201595	0.137936795892	0.1400845368	0.113299982143	0.118629798144
158944319-tonguedorsum3.freeze11.snv.mod.fix.bam	0.114760294539	0.137328358589	0.103109250264	0.132514259482	0.136674793437	0.1284746398	0.126744786946	0.129192092779	0.132875243577	0.106165407349	0.107495368423	0.105767882842	0.0726576485503	0.0	0.140952846276	0.106663620382	0.100548532313	0.14525364039	0.144226159242	0.101589326817	0.108562167245	0.100086449646	0.116820587951	0.114986208409	0.116639807662	0.102015065116	0.116784787794	0.119158598413	0.13057962907	0.132736888777	0.125527247129	0.125437770469	0.108613627754	0.115737974913	0.125688882529	0.117767397142	0.116092547383	0.129665723006	0.12796807946	0.137998293001	0.142100967068	0.10303469344	0.0983427518981	0.130741618121	0.141402190289	0.138721364994	0.110404063863	0.0989648966376	0.107484081444	0.118955527761	0.139592114317	0.100412690712	0.101633416209	0.112781772521	0.110982174087	0.104110720247	0.117897380338	0.130551835994	0.137500131017	0.124431947022	0.112038101978	0.106778196244	0.11554251622	0.107186319513	0.115608007565	0.102856233726	0.132597045103	0.137821007858	0.114531099096	0.106120576266	0.126999311736	0.129016480124	0.127342544404	0.115011080455	0.122414975229	0.136035679077	0.103921907877	0.134038916398	0.123052021129	0.127113843621	0.129375453067	0.105142236234	0.0999765088535	0.109065329456	0.138910279012	0.134182386299	0.116740869279	0.124120491447	0.114173913994	0.109062194939	0.113594002439	0.116836469854	0.10371959801	0.11991751744	0.10145123366	0.111347412635	0.102088197042	0.103254449716	0.11214017803	0.133066902393	0.129627631179	0.135039846	0.118997647975	0.133435464623	0.123428929392	0.118603856987	0.127696752675	0.10503966022	0.0995772999894	0.105646957123	0.101115409672	0.113661784433	0.108762224452	0.110170586141	0.1245252781	0.121128987948	0.109943104921	0.109070720646	0.1336026085	0.120756742502	0.132489790345	0.101747915751	0.122739726373	0.141754229647	0.13102046508	0.130812767638	0.121272447549	0.135382867729	0.120516212733	0.132354628394	0.1314300032	0.108905635508	0.115287800093	0.126315289513	0.114325094819	0.127758020123	0.135133422668	0.137234372277	0.108811705391	0.113758050143
159005010-supragingivalplaque2.freeze11.snv.mod.fix.bam	0.143312506056	0.119521039331	0.137765489066	0.111710664822	0.116624476768	0.15055305329	0.150965151558	0.152266439904	0.154098844908	0.139225013713	0.137603057991	0.147569939463	0.144782637512	0.140952846276	0.0	0.143595075933	0.14012075187	0.124333292539	0.12470135286	0.140350684076	0.138345724384	0.135712366567	0.151850006181	0.150945163815	0.150223499208	0.14303784272	0.145889392912	0.148609130127	0.117346830973	0.121990912974	0.124140230949	0.15403545349	0.14577395393	0.144513241405	0.147105077395	0.145753219862	0.145860088208	0.116360797772	0.156307334874	0.163567434749	0.165372284453	0.138532608213	0.138256490206	0.151937955881	0.122854005838	0.120687394923	0.144644173619	0.139518851833	0.141545284811	0.144533633378	0.120895481487	0.139703820004	0.143057233878	0.130998551094	0.142364205877	0.142324867193	0.148805429533	0.122366254099	0.117597527041	0.14197792923	0.142792182186	0.140667506868	0.143165002076	0.138736806011	0.148424480475	0.143495537221	0.158233765861	0.156304039951	0.148549061515	0.144671458331	0.113244272814	0.112913446558	0.120066337328	0.138477480816	0.142237235012	0.122184450956	0.145664118175	0.112768563637	0.122452507181	0.0453012783061	0.0428617687774	0.142817568771	0.137423402854	0.13835293487	0.113150787456	0.118715058178	0.144824234108	0.113332088044	0.13750797152	0.145231189255	0.149358636852	0.146556162511	0.141012820255	0.147660813896	0.137578046107	0.147658007897	0.138709226225	0.139958516003	0.144657111758	0.0505136574565	0.11119403176	0.114322752195	0.139395617263	0.125312939642	0.125655406383	0.120234774789	0.124814088819	0.13926655795	0.137796701051	0.143865188258	0.139830483533	0.142128848943	0.137980560539	0.139523340428	0.153569069417	0.144566417636	0.142557085931	0.141537796198	0.120117939141	0.114281918101	0.112518900782	0.13907609244	0.142928078615	0.122640102335	0.151204799975	0.151446595117	0.143835713196	0.157935802863	0.144020903595	0.155200908312	0.116180306356	0.142407443148	0.146165663958	0.118069762408	0.144238905256	0.112802246814	0.121126387725	0.119691320717	0.143411575098	0.145695521354
