	103092734-palatinetonsils3.freeze11.snv.mod.fix.bam	147406386-subgingivalplaque2.freeze11.snv.mod.fix.bam	158216035-tonguedorsum2.freeze11.snv.mod.fix.bam	158337416-supragingivalplaque1.freeze11.snv.mod.fix.bam	158337416-supragingivalplaque2.freeze11.snv.mod.fix.bam	158337416-tonguedorsum1.freeze11.snv.mod.fix.bam	158337416-tonguedorsum2.freeze11.snv.mod.fix.bam	158479027-tonguedorsum1.freeze11.snv.mod.fix.bam	158479027-tonguedorsum2.freeze11.snv.mod.fix.bam	158499257-tonguedorsum1.freeze11.snv.mod.fix.bam	158499257-tonguedorsum2.freeze11.snv.mod.fix.bam	158944319-tonguedorsum1.freeze11.snv.mod.fix.bam	158944319-tonguedorsum2.freeze11.snv.mod.fix.bam	158944319-tonguedorsum3.freeze11.snv.mod.fix.bam	159005010-supragingivalplaque2.freeze11.snv.mod.fix.bam	159227541-tonguedorsum2.freeze11.snv.mod.fix.bam	159268001-buccalmucosa3.freeze11.snv.mod.fix.bam	159268001-supragingivalplaque1.freeze11.snv.mod.fix.bam	159268001-supragingivalplaque2.freeze11.snv.mod.fix.bam	159268001-tonguedorsum1.freeze11.snv.mod.fix.bam	159268001-tonguedorsum2.freeze11.snv.mod.fix.bam	159268001-tonguedorsum3.freeze11.snv.mod.fix.bam	159369152-tonguedorsum1.freeze11.snv.mod.fix.bam	159369152-tonguedorsum2.freeze11.snv.mod.fix.bam	159470302-tonguedorsum1.freeze11.snv.mod.fix.bam	159490532-tonguedorsum1.freeze11.snv.mod.fix.bam	159510762-supragingivalplaque3.freeze11.snv.mod.fix.bam	159510762-tonguedorsum2.freeze11.snv.mod.fix.bam	159551223-supragingivalplaque1.freeze11.snv.mod.fix.bam	159551223-supragingivalplaque2.freeze11.snv.mod.fix.bam	159571453-supragingivalplaque2.freeze11.snv.mod.fix.bam	159571453-tonguedorsum2.freeze11.snv.mod.fix.bam	159713063-tonguedorsum2.freeze11.snv.mod.fix.bam	159733294-tonguedorsum1.freeze11.snv.mod.fix.bam	159753524-tonguedorsum3.freeze11.snv.mod.fix.bam	159814214-tonguedorsum1.freeze11.snv.mod.fix.bam	159814214-tonguedorsum2.freeze11.snv.mod.fix.bam	159915365-supragingivalplaque1.freeze11.snv.mod.fix.bam	159915365-tonguedorsum1.freeze11.snv.mod.fix.bam	160158126-tonguedorsum1.freeze11.snv.mod.fix.bam	160158126-tonguedorsum2.freeze11.snv.mod.fix.bam	160178356-tonguedorsum1.freeze11.snv.mod.fix.bam	160178356-tonguedorsum3.freeze11.snv.mod.fix.bam	160218816-tonguedorsum1.freeze11.snv.mod.fix.bam	160259276-supragingivalplaque1.freeze11.snv.mod.fix.bam	160319967-supragingivalplaque3.freeze11.snv.mod.fix.bam	160319967-tonguedorsum1.freeze11.snv.mod.fix.bam	160319967-tonguedorsum3.freeze11.snv.mod.fix.bam	160380657-tonguedorsum2.freeze11.snv.mod.fix.bam	160380657-tonguedorsum3.freeze11.snv.mod.fix.bam	160400887-supragingivalplaque1.freeze11.snv.mod.fix.bam	160421117-tonguedorsum2.freeze11.snv.mod.fix.bam	160421117-tonguedorsum3.freeze11.snv.mod.fix.bam	160502038-supragingivalplaque3.freeze11.snv.mod.fix.bam	160502038-tonguedorsum1.freeze11.snv.mod.fix.bam	160502038-tonguedorsum2.freeze11.snv.mod.fix.bam	160502038-tonguedorsum3.freeze11.snv.mod.fix.bam	160542498-supragingivalplaque1.freeze11.snv.mod.fix.bam	160582958-supragingivalplaque1.freeze11.snv.mod.fix.bam	160582958-tonguedorsum3.freeze11.snv.mod.fix.bam	160603188-buccalmucosa2.freeze11.snv.mod.fix.bam	160603188-tonguedorsum2.freeze11.snv.mod.fix.bam	160603188-tonguedorsum3.freeze11.snv.mod.fix.bam	160906640-tonguedorsum1.freeze11.snv.mod.fix.bam	160947100-tonguedorsum1.freeze11.snv.mod.fix.bam	234447334-tonguedorsum2.freeze11.snv.mod.fix.bam	295137534-tonguedorsum2.freeze11.snv.mod.fix.bam	338793263-buccalmucosa1.freeze11.snv.mod.fix.bam	338793263-tonguedorsum1.freeze11.snv.mod.fix.bam	338793263-tonguedorsum2.freeze11.snv.mod.fix.bam	370027359-subgingivalplaque2.freeze11.snv.mod.fix.bam	370425937-supragingivalplaque1.freeze11.snv.mod.fix.bam	370425937-supragingivalplaque2.freeze11.snv.mod.fix.bam	370425937-tonguedorsum1.freeze11.snv.mod.fix.bam	370425937-tonguedorsum2.freeze11.snv.mod.fix.bam	604812005-supragingivalplaque2.freeze11.snv.mod.fix.bam	604812005-tonguedorsum3.freeze11.snv.mod.fix.bam	638754422-supragingivalplaque2.freeze11.snv.mod.fix.bam	650853796-supragingivalplaque1.freeze11.snv.mod.fix.bam	675950834-supragingivalplaque2.freeze11.snv.mod.fix.bam	675950834-supragingivalplaque3.freeze11.snv.mod.fix.bam	675950834-tonguedorsum1.freeze11.snv.mod.fix.bam	675950834-tonguedorsum3.freeze11.snv.mod.fix.bam	686765762-tonguedorsum3.freeze11.snv.mod.fix.bam	706846339-supragingivalplaque2.freeze11.snv.mod.fix.bam	737052003-supragingivalplaque1.freeze11.snv.mod.fix.bam	763395383-anteriornares3.freeze11.snv.mod.fix.bam	763395383-supragingivalplaque3.freeze11.snv.mod.fix.bam	763395383-tonguedorsum3.freeze11.snv.mod.fix.bam	763435843-tonguedorsum1.freeze11.snv.mod.fix.bam	763435843-tonguedorsum2.freeze11.snv.mod.fix.bam	763496533-palatinetonsils1.freeze11.snv.mod.fix.bam	763496533-palatinetonsils2.freeze11.snv.mod.fix.bam	763496533-throat1.freeze11.snv.mod.fix.bam	763496533-tonguedorsum2.freeze11.snv.mod.fix.bam	763820215-tonguedorsum2.freeze11.snv.mod.fix.bam	763840445-tonguedorsum2.freeze11.snv.mod.fix.bam	763860675-tonguedorsum1.freeze11.snv.mod.fix.bam	763860675-tonguedorsum2.freeze11.snv.mod.fix.bam	763901136-supragingivalplaque3.freeze11.snv.mod.fix.bam	763921366-supragingivalplaque3.freeze11.snv.mod.fix.bam	763961826-supragingivalplaque2.freeze11.snv.mod.fix.bam	763961826-tonguedorsum2.freeze11.snv.mod.fix.bam	764062976-supragingivalplaque3.freeze11.snv.mod.fix.bam	764083206-buccalmucosa2.freeze11.snv.mod.fix.bam	764083206-supragingivalplaque1.freeze11.snv.mod.fix.bam	764083206-supragingivalplaque2.freeze11.snv.mod.fix.bam	764083206-tonguedorsum1.freeze11.snv.mod.fix.bam	764083206-tonguedorsum2.freeze11.snv.mod.fix.bam	764224817-tonguedorsum1.freeze11.snv.mod.fix.bam	764224817-tonguedorsum2.freeze11.snv.mod.fix.bam	764447348-tonguedorsum1.freeze11.snv.mod.fix.bam	764447348-tonguedorsum2.freeze11.snv.mod.fix.bam	764487809-tonguedorsum2.freeze11.snv.mod.fix.bam	764508039-tonguedorsum1.freeze11.snv.mod.fix.bam	764508039-tonguedorsum3.freeze11.snv.mod.fix.bam	764649650-tonguedorsum1.freeze11.snv.mod.fix.bam	764649650-tonguedorsum2.freeze11.snv.mod.fix.bam	764811490-supragingivalplaque1.freeze11.snv.mod.fix.bam	765013792-supragingivalplaque1.freeze11.snv.mod.fix.bam	765013792-supragingivalplaque3.freeze11.snv.mod.fix.bam	765013792-tonguedorsum3.freeze11.snv.mod.fix.bam	765135172-tonguedorsum2.freeze11.snv.mod.fix.bam	765195863-supragingivalplaque3.freeze11.snv.mod.fix.bam	765216093-tonguedorsum3.freeze11.snv.mod.fix.bam	765337473-tonguedorsum1.freeze11.snv.mod.fix.bam	765337473-tonguedorsum2.freeze11.snv.mod.fix.bam	765377934-palatinetonsils3.freeze11.snv.mod.fix.bam	765377934-saliva3.freeze11.snv.mod.fix.bam	765377934-tonguedorsum3.freeze11.snv.mod.fix.bam	765701615-supragingivalplaque2.freeze11.snv.mod.fix.bam	765701615-tonguedorsum1.freeze11.snv.mod.fix.bam	765701615-tonguedorsum2.freeze11.snv.mod.fix.bam	809635352-supragingivalplaque1.freeze11.snv.mod.fix.bam	809635352-tonguedorsum1.freeze11.snv.mod.fix.bam	823052294-supragingivalplaque2.freeze11.snv.mod.fix.bam	861967750-supragingivalplaque1.freeze11.snv.mod.fix.bam	861967750-supragingivalplaque2.freeze11.snv.mod.fix.bam	937415040-tonguedorsum1.freeze11.snv.mod.fix.bam	953045535-tonguedorsum2.freeze11.snv.mod.fix.bam
103092734-palatinetonsils3.freeze11.snv.mod.fix.bam	0.0	0.119610692738	0.0816928700401	0.110582639715	0.121482362267	0.106068613203	0.106486986392	0.112278152112	0.11385255648	0.0780155899062	0.085920641212	0.102732637513	0.0755714096975	0.0669287004008	0.124521072797	0.0644625005505	0.0567336063769	0.130730611706	0.131655436649	0.0618201435681	0.0718390804598	0.0657066102964	0.0762760382261	0.0750759677632	0.101983969701	0.0591007178403	0.0855793367684	0.0887831946096	0.107698066675	0.114436076981	0.108567842516	0.115515039415	0.0717730215352	0.0934623684326	0.105749328401	0.0947945567446	0.0923944158189	0.109052274629	0.113302065442	0.13108292597	0.129541551064	0.0661139736645	0.0610274364733	0.113533271678	0.127548773506	0.128231382393	0.078896375567	0.053838023517	0.0878143303827	0.104229973136	0.124047650504	0.0633505086537	0.0629871845686	0.0742832606685	0.0836305984939	0.058792442859	0.0925705729511	0.1184766812	0.119808869512	0.104989650768	0.0964240102171	0.0729620821773	0.0955212049148	0.0861518474479	0.0871977804201	0.0751860659708	0.104780464174	0.110439512045	0.0872087902409	0.0743272999516	0.102941824107	0.097161668208	0.11399568415	0.0797991808693	0.0931320738098	0.120700664993	0.0679085744484	0.113918615405	0.106343858722	0.0998921037566	0.116087550095	0.067148896816	0.0563042233672	0.0923723961774	0.121306205135	0.118388602634	0.000143127669882	0.0990553573788	0.093539437178	0.0745585061875	0.0819791253798	0.0981195226142	0.0673911128727	0.107643017572	0.0647707755318	0.0983507288501	0.0633615184745	0.0693068216849	0.0855793367684	0.0993636323601	0.10675122209	0.0972167173118	0.100420575153	0.113764477914	0.102347293786	0.0874620161184	0.111452415555	0.0782688157837	0.0599044347558	0.064440480909	0.0588915312459	0.08734090809	0.0911172766107	0.0904566873651	0.117375699124	0.10457127758	0.0703087153741	0.07807063901	0.117871141058	0.103547364249	0.11500858766	0.063108292597	0.106343858722	0.125236711146	0.107367772053	0.10892015678	0.097348835161	0.121130048003	0.108942176421	0.114766371603	0.114028713613	0.0895318624213	0.0985048663408	0.100938036729	0.0970956092835	0.0943871933765	0.117948209803	0.120414409653	0.0831351565597	0.080779054917
147406386-subgingivalplaque2.freeze11.snv.mod.fix.bam	0.119610692738	0.0	0.107279693487	0.0956863522262	0.105903465892	0.133846390981	0.13629057119	0.137798916634	0.138228299643	0.101235301889	0.110505570969	0.124388954948	0.0984828466993	0.0915906989034	0.106200731052	0.0888602633549	0.0859096313912	0.114259919849	0.115338882283	0.0910181882239	0.0958184700753	0.0935724666402	0.0989562689919	0.0986700136522	0.128748843969	0.0884088607037	0.109844981724	0.111947857489	0.0948826353107	0.10066279121	0.105683269476	0.137501651473	0.113059849386	0.120403399833	0.123717355881	0.123034746994	0.12225304972	0.094178006782	0.131457259876	0.146595763421	0.143204738627	0.0958735191791	0.0887611749681	0.136279561369	0.0284713964857	0.114513145726	0.109261461223	0.0830911172766	0.113401153829	0.123078786277	0.10920641212	0.0908420310917	0.092251288149	0.0831241467389	0.10833663628	0.0855683269476	0.114392037698	0.101642665257	0.0979323556612	0.117166512529	0.118862024926	0.097668119963	0.1228255604	0.112707535121	0.129750737658	0.0972277271326	0.124521072797	0.121911745277	0.108094420223	0.0972827762364	0.0903355793368	0.0842251288149	0.100938036729	0.0956092834809	0.106674153345	0.108854097855	0.0914035319505	0.0929228872154	0.0953120183203	0.0872087902409	0.102996873211	0.0946294094332	0.0886180472982	0.113280045801	0.103756550843	0.0983287092086	0.124344915665	0.0635376756066	0.11559210816	0.0988461707843	0.106674153345	0.117441758048	0.0907099132426	0.125555995948	0.0904897168274	0.127086361034	0.0956753424054	0.100739859955	0.119588673096	0.0844343154093	0.0948936451315	0.0830911172766	0.119280398115	0.108743999648	0.0999801823226	0.0851279341172	0.106773241732	0.109118333554	0.0896199409874	0.0946734487163	0.0889703615625	0.117540846435	0.113764477914	0.113764477914	0.133593165103	0.128154313648	0.0983066895671	0.107598978289	0.0990773770203	0.0960716959528	0.101323380455	0.0913594926675	0.120447439116	0.110912934337	0.134683137359	0.13571806051	0.123276963051	0.133450037433	0.124488043335	0.12688818426	0.0977892279914	0.116858237548	0.123210904126	0.0809442022284	0.121449332805	0.0818139780684	0.0994627207469	0.101147223323	0.103679482098	0.10037653587
158216035-tonguedorsum2.freeze11.snv.mod.fix.bam	0.0816928700401	0.107279693487	0.0	0.0980534636896	0.108369665742	0.101884881314	0.101653675078	0.106497996213	0.109162372837	0.0614347998415	0.0721803849033	0.0879904875149	0.0599594838596	0.0463953846831	0.110978993262	0.0478817104858	0.0420905447659	0.118036288369	0.118884044568	0.0478927203065	0.0611705641432	0.051448892412	0.0604549257938	0.0591007178403	0.0896749900912	0.0412648082089	0.0692297529396	0.0724005813185	0.0907539525257	0.099594838596	0.0947615272823	0.101774783107	0.0712445501387	0.0806139076056	0.0906989034219	0.0854362090985	0.0824965869556	0.0943871933765	0.0960937155943	0.115504029594	0.11486545999	0.0507112344211	0.0420465054829	0.107378781873	0.114182851103	0.114832430528	0.0654093451359	0.0376315673581	0.0744594178007	0.0949486942353	0.111188179856	0.0472101114194	0.0466816400229	0.0577244902453	0.0688994583168	0.0417712599639	0.0757916061127	0.104483199014	0.107367772053	0.0937266041309	0.0828268815784	0.0596512088783	0.0860857885234	0.0710904126481	0.088397850883	0.0573391465187	0.091425551592	0.0984828466993	0.0680406922975	0.0534746994319	0.0907979918087	0.0865482009953	0.0971726780288	0.0651781388999	0.0795129255296	0.107632007751	0.0450742061919	0.10096005637	0.0902695204122	0.0845003743339	0.100244418021	0.0540141806491	0.0456797463337	0.0738758973004	0.107643017572	0.103932707976	0.08734090809	0.0856784251552	0.0840599815035	0.0552803100366	0.0664552781081	0.0833333333333	0.0506892147796	0.0920861408376	0.0509424406571	0.087616153609	0.0463403355793	0.0550711234421	0.0777293345664	0.0872858589862	0.0933852996873	0.0865922402783	0.0934623684326	0.102325274145	0.0889373321002	0.0697141850531	0.0978662967367	0.0662571013344	0.0448209803144	0.0508103228079	0.0438521160876	0.0761549301977	0.0778284229533	0.0795569648126	0.107136565817	0.0945853701502	0.0593319240763	0.0649469326639	0.105176817721	0.0870876822125	0.103778570485	0.0496763112697	0.0941009380367	0.113533271678	0.102347293786	0.105000660589	0.0907759721672	0.107257673845	0.0918219051394	0.101048134936	0.100211388559	0.0737437794513	0.0831461663804	0.0844012859471	0.0846765314661	0.0828378913991	0.104086845466	0.106828290835	0.0652772272867	0.0644074514467
158337416-supragingivalplaque1.freeze11.snv.mod.fix.bam	0.110582639715	0.0956863522262	0.0980534636896	0.0	5.50491038006e-05	0.124388954948	0.126458801251	0.128792883252	0.129409433214	0.0928458184701	0.102512441097	0.117650944643	0.0924935042058	0.0833883824371	0.0951468710089	0.0806359272471	0.0774650988682	0.102534460739	0.103624432994	0.0826507244462	0.0888382437134	0.0853261108909	0.0901374025631	0.0898841766856	0.120546527503	0.0781366979346	0.101279341172	0.103866649051	0.0828929405029	0.0959505879244	0.0973378253402	0.127427665478	0.104373100806	0.111859778923	0.115658167085	0.114381027877	0.113423173471	0.0890364204871	0.123188884485	0.138569604087	0.135530893557	0.0863059849386	0.0796120139164	0.126822125336	0.102016999163	0.101477517946	0.100365526049	0.0755714096975	0.105606200731	0.116197648302	0.0961047254151	0.0826837539085	0.0833003038711	0.0760778614524	0.0982626502841	0.0759457436033	0.104956621306	0.099000308275	0.0977231690668	0.11051658079	0.111331307526	0.0903465891575	0.114105782358	0.103547364249	0.120381380191	0.0892566169023	0.114072752896	0.113731448452	0.0991764654071	0.0895869115251	0.0847756198529	0.0779275113401	0.0960496763113	0.085370150174	0.0972057074911	0.100794909059	0.0839608931167	0.0908640507333	0.0914365614128	0.0781366979346	0.0914916105166	0.0872528295239	0.0808230942	0.105573171269	0.0905117364689	0.0963469414718	0.115426960849	0.0819020566345	0.106817281015	0.0913374730259	0.0971946976703	0.109580746025	0.0830140485313	0.117023384859	0.0819791253798	0.11746377769	0.0867243581274	0.0916017087242	0.109668824592	0.0756704980843	0.0855683269476	0.0796230237372	0.111573523583	0.100178359096	0.0930990443476	0.0776192363588	0.0990113180957	0.100651781389	0.0810653102567	0.0849407671643	0.0794798960673	0.108666930902	0.106971418505	0.105220857004	0.126293653939	0.119731800766	0.0901484123838	0.0985268859823	0.0988021315013	0.0892786365438	0.0918549346017	0.0830580878143	0.114336988594	0.0979323556612	0.124917426344	0.126568899458	0.114689302858	0.126546879817	0.117133483067	0.120414409653	0.0937596335932	0.108083410402	0.11428193949	0.0827277931915	0.112806623508	0.076143920377	0.0959395781037	0.0969414717928	0.0956202933016	0.093077024706
158337416-supragingivalplaque2.freeze11.snv.mod.fix.bam	0.121482362267	0.105903465892	0.108369665742	5.50491038006e-05	0.0	0.135773109614	0.137964063945	0.140661470031	0.141300039635	0.102809706258	0.113059849386	0.12877086361	0.102204166116	0.09298894614	0.10486854274	0.0898841766856	0.0863940635046	0.112784603867	0.11398467433	0.0924054256397	0.0983507288501	0.0949927335183	0.100200378738	0.0997379662659	0.131457259876	0.0877262518166	0.111881798564	0.11413881182	0.0928788479324	0.106674153345	0.1077641256	0.139032016559	0.114909499273	0.122737481834	0.126128506628	0.12499449509	0.124113709429	0.0986700136522	0.134220724887	0.150680406923	0.14715726428	0.0963249218303	0.088948341921	0.13832738803	0.112476328885	0.111991896772	0.110857885234	0.084863698419	0.116362795614	0.127119390496	0.105782357863	0.0923173470736	0.0924054256397	0.0855903465892	0.108655921082	0.0855573171269	0.115614127802	0.109195402299	0.10790725327	0.120920861408	0.122175980975	0.10037653587	0.125181662043	0.114292949311	0.131578367904	0.0995618091337	0.124873387061	0.124047650504	0.109426608535	0.0994186814639	0.0932091425552	0.0856674153345	0.106332848901	0.0945413308671	0.106497996213	0.111331307526	0.0933742898666	0.1002334082	0.10124631171	0.0871537411371	0.102160126833	0.0968974325098	0.0907869819879	0.116649050953	0.100310476945	0.106156691769	0.126315673581	0.0904676971859	0.117166512529	0.101620645616	0.107709076496	0.12021623288	0.0926916809794	0.128242392214	0.0915906989034	0.128847932356	0.0960937155943	0.101444488484	0.120084115031	0.0833883824371	0.0944862817633	0.0872858589862	0.122186990796	0.110780816488	0.102710617871	0.0874179768353	0.109624785308	0.111276258423	0.0909080900163	0.0945743603294	0.0890474303078	0.119192319549	0.117849121416	0.115856343859	0.137909014841	0.13079667063	0.100156339455	0.108644911261	0.10892015678	0.100530673361	0.101884881314	0.0924935042058	0.125203681684	0.107598978289	0.136565816709	0.138437486238	0.125555995948	0.138096181794	0.128407539525	0.131446250055	0.103767560664	0.118784956181	0.125346809354	0.0930109657815	0.123871493372	0.0841150306073	0.105727308759	0.106916369402	0.10631082926	0.103525344607
158337416-tonguedorsum1.freeze11.snv.mod.fix.bam	0.106068613203	0.133846390981	0.101884881314	0.124388954948	0.135773109614	0.0	9.90883868411e-05	0.120480468578	0.120623596248	0.0956863522262	0.103448275862	0.121130048003	0.094409213018	0.0857444840798	0.138338397851	0.0822433610781	0.0732263178755	0.1465847536	0.14759765711	0.0786431496895	0.0859426608535	0.0830911172766	0.0914365614128	0.0906438543181	0.114887479632	0.0763090676884	0.0905447659312	0.0918549346017	0.124554102259	0.135002422161	0.125732153081	0.132668340159	0.0993636323601	0.104362090985	0.118146386577	0.105286915929	0.103800590126	0.122186990796	0.132492183027	0.147377460695	0.14426168142	0.0782357863214	0.0764521953583	0.123618267495	0.14035319505	0.144878231382	0.0902034614876	0.0725106795261	0.105143788259	0.118256484784	0.138217289823	0.0794688862465	0.0798212005109	0.092526533668	0.0985268859823	0.0755273704144	0.110714757564	0.134506980226	0.133681243669	0.119016162417	0.112630466376	0.0881446250055	0.111540494121	0.101312370635	0.11747478751	0.093352270225	0.119720790946	0.123794424627	0.106156691769	0.0959615977452	0.117221561633	0.110681728101	0.131115955432	0.0943982031973	0.108975205884	0.136675914916	0.0893446954684	0.127669881534	0.124488043335	0.115272823358	0.133945479368	0.0894107543929	0.0814616638041	0.109878011186	0.134914343594	0.132921566037	0.109900030827	0.113907605584	0.105947505175	0.0940568987537	0.0983287092086	0.114579204651	0.0848196591359	0.122616373805	0.0798982692562	0.114513145726	0.0590126392742	0.0843792663055	0.104263002598	0.111155150394	0.120029065927	0.108997225525	0.112773594046	0.127978156516	0.117794072313	0.105716298939	0.127207469062	0.0981415422557	0.0792486898313	0.0804487602942	0.0746465847536	0.0728740036112	0.106013564099	0.10355837407	0.130048002819	0.114050733254	0.0814836834456	0.0912493944599	0.132128858942	0.12355220857	0.129310344828	0.0822323512573	0.120326331087	0.139747654908	0.0795789844541	0.0815057030872	0.074580525829	0.134793235566	0.127295547628	0.128308451138	0.128737834148	0.108292596997	0.115845334038	0.119951997181	0.110483551328	0.106762231911	0.133009644603	0.134947373057	0.0999031135773	0.0963469414718
158337416-tonguedorsum2.freeze11.snv.mod.fix.bam	0.106486986392	0.13629057119	0.101653675078	0.126458801251	0.137964063945	9.90883868411e-05	0.0	0.122330118466	0.122913638966	0.0958404897168	0.103316158013	0.121977804201	0.0945743603294	0.0852380323248	0.141035803937	0.0815277227287	0.0710243537235	0.149513365922	0.150614347998	0.0770357158585	0.0859426608535	0.0820121548421	0.0907759721672	0.0895538820628	0.115647157264	0.0746465847536	0.0885740080151	0.0897190293742	0.125798212005	0.136103404237	0.127559783327	0.134374862377	0.0992205046902	0.104472189193	0.120282291804	0.105705289118	0.104053816004	0.124366935306	0.13354912582	0.149326198969	0.14643061611	0.0769035980094	0.0747126436782	0.125467917382	0.143204738627	0.147410490157	0.0895538820628	0.0705179019686	0.105408023957	0.120007046285	0.14078257806	0.0784669925574	0.0784559827366	0.0921962390452	0.0984608270577	0.0737327696305	0.11051658079	0.136951160435	0.136334610473	0.121074998899	0.113401153829	0.0880235169771	0.112135024442	0.101070154578	0.117672964284	0.093264191659	0.120634606069	0.125269740609	0.105991544458	0.0954441361695	0.119676751662	0.11254238781	0.132635310697	0.0947284978201	0.109470647818	0.139230193332	0.088397850883	0.130169110847	0.125060554014	0.116616021491	0.135508873916	0.0889263222795	0.080272603162	0.110472541507	0.137677808605	0.135200598934	0.110835865592	0.115647157264	0.107290703307	0.0931100541683	0.0987911216805	0.115702206368	0.0840489716827	0.124399964769	0.0792046505483	0.11500858766	0.0585392169815	0.082474567314	0.103591403532	0.113324085084	0.122550314881	0.111287268243	0.114733342141	0.130543444753	0.119335447219	0.105870436429	0.129178226978	0.0978773065574	0.077751354208	0.0790505130576	0.0727528955829	0.0736887303475	0.105826397146	0.103162020522	0.132800458009	0.11558109834	0.0805698683225	0.0907099132426	0.134584048972	0.124686220108	0.131897652706	0.0812524772097	0.12209891223	0.142246884221	0.0815937816532	0.0834764610032	0.0758356453957	0.137369533624	0.128902981459	0.130818690272	0.131005857225	0.108479763949	0.116582992029	0.121019949795	0.110648698639	0.108766019289	0.135321706963	0.137611749681	0.100365526049	0.0959395781037
158479027-tonguedorsum1.freeze11.snv.mod.fix.bam	0.112278152112	0.137798916634	0.106497996213	0.128792883252	0.140661470031	0.120480468578	0.122330118466	0.0	0.000143127669882	0.097348835161	0.105562161448	0.12296868807	0.0960496763113	0.0885079490906	0.143061610957	0.0847095609283	0.0748007222442	0.150724446206	0.151924516669	0.0806139076056	0.0883538115999	0.0849737966266	0.0940348791122	0.0929669264984	0.119247368653	0.0761108909147	0.107521909543	0.108909146959	0.128693794865	0.138272338926	0.130675562602	0.134352842736	0.10559519091	0.0302109481658	0.123618267495	0.0225591227375	0.0229554762848	0.127383626195	0.136686924737	0.152475007707	0.149227110583	0.079997357643	0.0798322103316	0.125809221826	0.145803056326	0.149238120403	0.0529792574977	0.0687343110054	0.109041264808	0.122054872947	0.143149689523	0.0820561941252	0.0818470075307	0.0944642621218	0.102919804466	0.0785991104065	0.111551503942	0.138503545162	0.138921918351	0.122363147928	0.114986568019	0.0897190293742	0.113940635046	0.102050028626	0.121834676531	0.0947174879993	0.123970581759	0.128319460959	0.109470647818	0.0987470823975	0.12065662571	0.114458096622	0.136114414057	0.0989672788127	0.112278152112	0.14150922623	0.0933632800458	0.131402210772	0.12861672612	0.119753820408	0.138635663011	0.0924604747435	0.0833883824371	0.11369841899	0.139450389748	0.137182366671	0.116483903642	0.118300524067	0.108160479147	0.0981965913595	0.0989782886335	0.120601576606	0.0878583696657	0.129211256441	0.084907737702	0.116704100057	0.0799863478223	0.0912824239221	0.110725767385	0.114370018056	0.123805434448	0.11312590831	0.118663848153	0.131941691989	0.122319108645	0.109635795129	0.132613291056	0.10284273572	0.0829589994275	0.0664552781081	0.0619412515964	0.102787686616	0.108997225525	0.106564055137	0.135068481085	0.11891707403	0.0464614436077	0.0313669793456	0.136466728322	0.126194565552	0.135222618576	0.0845884529	0.1228255604	0.144779142996	0.122142951513	0.120766723918	0.110054168318	0.137303474699	0.129860835866	0.130774650989	0.132018760735	0.112784603867	0.120491478399	0.123199894306	0.113962654688	0.111122120932	0.136708944378	0.138569604087	0.101444488484	0.0992645439732
158479027-tonguedorsum2.freeze11.snv.mod.fix.bam	0.11385255648	0.138228299643	0.109162372837	0.129409433214	0.141300039635	0.120623596248	0.122913638966	0.000143127669882	0.0	0.100574712644	0.107609988109	0.124289866561	0.0992315145109	0.0920090720923	0.143435944863	0.0884639098075	0.0790615228784	0.151010701546	0.15223279165	0.0845664332585	0.091150306073	0.0881886642885	0.0969304619721	0.0961928039812	0.120887831946	0.0811533888228	0.110692737922	0.111804729819	0.13049940547	0.139857753116	0.131688466112	0.135068481085	0.108931166601	0.0314330382701	0.124300876382	0.0235500066059	0.0235169771436	0.127956136874	0.138107191615	0.153322763905	0.149865680187	0.0835975690316	0.0838177654468	0.126337693222	0.146122341128	0.149964768574	0.0553463689611	0.0737988285551	0.111430395913	0.122880609504	0.143468974325	0.086283965297	0.0859316510327	0.0970956092835	0.105485092703	0.0827277931915	0.114381027877	0.139175144229	0.139263222795	0.122715462192	0.116759149161	0.0928788479324	0.115570088519	0.103943717796	0.123365041617	0.0976461003215	0.126062447703	0.12847359845	0.112090985159	0.101906900956	0.120766723918	0.115041617122	0.137336504162	0.101070154578	0.113390144008	0.141674373541	0.0968093539437	0.131589377725	0.129805786762	0.120832782842	0.13962654688	0.0955542343771	0.0872748491655	0.115911392963	0.139692605804	0.137589730039	0.117639934822	0.119049191879	0.108964196063	0.101598625974	0.101961950059	0.121988814022	0.0910952569692	0.130114061743	0.0879794776941	0.118234465143	0.083487470824	0.0946514290747	0.112586427093	0.114524155547	0.123970581759	0.113599330603	0.119071211521	0.132073809838	0.123398071079	0.112157044083	0.133461047254	0.105573171269	0.0863940635046	0.0717179724314	0.0672810146651	0.104538248117	0.11080283613	0.108149469327	0.135189589113	0.119676751662	0.0523627075351	0.0348570925265	0.136940150614	0.128231382393	0.135233628397	0.0874399964769	0.122913638966	0.144944290307	0.122231030079	0.120887831946	0.110461531686	0.137248425596	0.131182014357	0.130774650989	0.132371074999	0.115107676047	0.122286079183	0.125038534373	0.115515039415	0.111584533404	0.137105297926	0.138954947813	0.103635442815	0.102005989342
158499257-tonguedorsum1.freeze11.snv.mod.fix.bam	0.0780155899062	0.101235301889	0.0614347998415	0.0928458184701	0.102809706258	0.0956863522262	0.0958404897168	0.097348835161	0.100574712644	0.0	0.00456907561545	0.0845223939754	0.0575923723962	0.0458338838244	0.105000660589	0.0474963667591	0.0408244153785	0.112751574404	0.113423173471	0.0461311489849	0.0574712643678	0.0493900559299	0.060355837407	0.0590346589158	0.0833223235126	0.0425199277756	0.0714317170916	0.0742722508478	0.0889263222795	0.097436913727	0.0894658034967	0.0977892279914	0.0679416039107	0.0770907649623	0.0872418197032	0.0798542299731	0.0772999515568	0.0907759721672	0.0945413308671	0.111694631611	0.111485445017	0.0502488219492	0.0429713304267	0.0974148940855	0.108380675563	0.108468754129	0.0633174791914	0.0396353547364	0.0693618707887	0.0854472189193	0.106211740873	0.0436979785969	0.0424648786718	0.0574712643678	0.0653322763905	0.0423878099265	0.0743162901308	0.0986479940107	0.101301360814	0.0859867001365	0.0741291231779	0.0555225260933	0.0793587880389	0.0667525432686	0.0822653807196	0.058241951821	0.0883097723169	0.0934843880742	0.0688223895715	0.056359272471	0.0846875412868	0.0812634870304	0.0950257629806	0.0625467917382	0.076694411415	0.102908794645	0.0493790461091	0.0953010084996	0.0871867705994	0.0808120843793	0.0951358611882	0.0555995948386	0.048189985467	0.0722794732902	0.102380323248	0.0983617386709	0.0822984101819	0.081924076276	0.0766173426697	0.0569978420751	0.0660369049192	0.081648830757	0.0518232263179	0.0894107543929	0.0503589201568	0.0797991808693	0.0497753996565	0.0541352886775	0.0736006517814	0.0816598405778	0.0895538820628	0.0823204298234	0.0837737261637	0.096247853085	0.0844893645131	0.0687122913639	0.0934623684326	0.0642202844938	0.0462522570133	0.0505460871097	0.0442154401726	0.0768925881887	0.0741841722817	0.0752411150746	0.101290350993	0.0879574580526	0.0562932135465	0.0627669881534	0.0989562689919	0.0847425903906	0.0972937860572	0.0484542211653	0.0890033910248	0.107819174704	0.0983066895671	0.0985599154446	0.0861628572687	0.103206059805	0.0891355088739	0.0971286387458	0.0953230281411	0.0701655877042	0.080272603162	0.0835205002863	0.0795349451711	0.0784009336328	0.0991434359449	0.101862861673	0.0630312238517	0.063339498833
158499257-tonguedorsum2.freeze11.snv.mod.fix.bam	0.085920641212	0.110505570969	0.0721803849033	0.102512441097	0.113059849386	0.103448275862	0.103316158013	0.105562161448	0.107609988109	0.00456907561545	0.0	0.0935284273572	0.065541462985	0.0544655833003	0.114182851103	0.0550491038006	0.0458779231074	0.122186990796	0.123012727353	0.0515149513366	0.0630752631347	0.0545646716871	0.0665323468534	0.0648588540979	0.0915466596204	0.0471550623156	0.0785440613027	0.0817258995024	0.0970185405382	0.106244770335	0.0988351609636	0.107422821156	0.0760118025279	0.0846214823623	0.0980975029727	0.0866803188444	0.0843462368433	0.0999031135773	0.103822609768	0.122517285419	0.121471352446	0.056084026952	0.0489937023825	0.102996873211	0.118124366935	0.118597789228	0.0699894305721	0.0450631963712	0.0782247765006	0.0962698727265	0.115988461708	0.0514378825913	0.0504139692606	0.0648478442771	0.0717620117144	0.0469678953627	0.0810212709737	0.108766019289	0.111716651253	0.0960827057736	0.0849517769851	0.0617210551812	0.0867243581274	0.0752301052539	0.0919540229885	0.0658277183247	0.0945083014049	0.102820716079	0.0779825604439	0.0651340996169	0.0953450477826	0.0904126480821	0.104075835645	0.0701655877042	0.0845223939754	0.11239926014	0.0589025410666	0.10457127758	0.0955212049148	0.0893006561853	0.105077729335	0.0615118685868	0.0539040824415	0.0819020566345	0.111452415555	0.108931166601	0.0913154533844	0.0907979918087	0.0839719029374	0.0639230193332	0.0727859250451	0.089818117761	0.0574712643678	0.0982736601048	0.0549720350553	0.0885189589113	0.0564693706786	0.0614237900207	0.0805808781433	0.090831021271	0.0982956797463	0.0911943453561	0.0923723961774	0.105220857004	0.0930550050645	0.0765402739243	0.102633549126	0.0703527546572	0.0510415290439	0.0556986832254	0.0488615845334	0.0847756198529	0.0802175540582	0.0818029682477	0.108832078214	0.097348835161	0.061732065002	0.0689434975999	0.109239441582	0.0940679085744	0.106497996213	0.0561390760558	0.0967543048399	0.116131589378	0.105705289118	0.107004447968	0.0948716254899	0.11210199498	0.0993085832563	0.106200731052	0.10443915973	0.0795349451711	0.0891685383362	0.0916347381865	0.0869445545427	0.0858215528251	0.108479763949	0.1109459638	0.0732373276963	0.0695380279209
158944319-tonguedorsum1.freeze11.snv.mod.fix.bam	0.102732637513	0.124388954948	0.0879904875149	0.117650944643	0.12877086361	0.121130048003	0.121977804201	0.12296868807	0.124289866561	0.0845223939754	0.0935284273572	0.0	0.0233077905492	0.063614744352	0.129805786762	0.0698132734399	0.0635927247104	0.136841062228	0.137787906813	0.0700334698551	0.0788193068217	0.0747016338574	0.0806689567094	0.0788743559255	0.10964680495	0.063064253314	0.0920421015546	0.0947174879993	0.11225613247	0.121361254239	0.115911392963	0.115933412604	0.0929118773946	0.100343506408	0.113114898489	0.105374994495	0.103040912494	0.112575417272	0.113643369886	0.133758312415	0.132128858942	0.0755824195182	0.0678755449861	0.124080679967	0.1315233188	0.134903333774	0.0877042321751	0.0613026819923	0.0958514995376	0.112575417272	0.1303562778	0.0700995287797	0.0693728806095	0.0781807372176	0.0917668560356	0.0648258246356	0.0964350200379	0.123354031796	0.125765182543	0.107731096138	0.103635442815	0.0800303871053	0.105419033778	0.0934293389704	0.110153256705	0.0722904831109	0.112575417272	0.112344211036	0.0882767428546	0.0770026863963	0.106520015854	0.105264896287	0.119192319549	0.0867794072313	0.100024221606	0.126326683402	0.067424142335	0.118641828511	0.111232219139	0.104714405249	0.122032853305	0.0700224600344	0.0657616594002	0.0969524816136	0.126205575373	0.121845686352	0.109140353195	0.105749328401	0.103811599947	0.0794358567843	0.082936979786	0.0937596335932	0.0665323468534	0.101862861673	0.0702977055534	0.110384462941	0.0743272999516	0.0811093495398	0.10066279121	0.10385563923	0.111067071828	0.102413352711	0.10733474259	0.122010833664	0.110318404016	0.0933852996873	0.119423525785	0.0889373321002	0.0665103272119	0.0683819967411	0.0634495970406	0.100673801031	0.0965891575285	0.100354516228	0.121185097107	0.115415951028	0.0793477782182	0.08647113225	0.122429206853	0.109889021007	0.12181265689	0.0721363456203	0.107598978289	0.131479279517	0.122275069362	0.123519179108	0.110549610252	0.114403047518	0.105408023957	0.108446734487	0.119280398115	0.098769102039	0.104780464174	0.106475976571	0.104053816004	0.0996498876998	0.123629277315	0.125765182543	0.0832782842295	0.084632492183
158944319-tonguedorsum2.freeze11.snv.mod.fix.bam	0.0755714096975	0.0984828466993	0.0599594838596	0.0924935042058	0.102204166116	0.094409213018	0.0945743603294	0.0960496763113	0.0992315145109	0.0575923723962	0.065541462985	0.0233077905492	0.0	0.0143127669882	0.103690491919	0.0446448231823	0.0395582859911	0.11007618796	0.110714757564	0.0440062535782	0.0549940546968	0.0479037301273	0.0546307306117	0.0536508565641	0.0790945523407	0.037818734311	0.066411238825	0.0694059100718	0.0858215528251	0.0931981327344	0.0879354384111	0.0888162240719	0.0632183908046	0.0742832606685	0.0882547232131	0.0777403443872	0.0747897124235	0.0883317919584	0.0864491126084	0.104406130268	0.104373100806	0.0493900559299	0.0419694367376	0.0974259039063	0.10559519091	0.106652133703	0.060080591888	0.0352314264324	0.0654864138812	0.0840489716827	0.104813493636	0.0446778526446	0.0441163517858	0.0540802395737	0.0643303827014	0.0404390716519	0.0695600475624	0.0962368432642	0.0997269564451	0.0845774430792	0.0763751266129	0.0552913198573	0.0785110318404	0.0663341700797	0.080272603162	0.0498414585811	0.0848857180605	0.0895208526005	0.0617430748227	0.0496212621659	0.0833113136918	0.0811313691813	0.090831021271	0.0612806623508	0.0748337517065	0.099870084115	0.0429713304267	0.0933302505835	0.0836856475977	0.0794248469635	0.0932421720174	0.0472211212401	0.0429272911437	0.0692077332981	0.101059144757	0.0969084423306	0.0806689567094	0.0793697978597	0.0764962346413	0.0514268727705	0.0578676179152	0.0713876778086	0.0450411767296	0.0798432201524	0.0464504337869	0.0735786321399	0.0478486810235	0.0532545030167	0.0720812965165	0.081054300436	0.0871647509579	0.0807900647377	0.0827718324746	0.0958074602545	0.0829149601444	0.0659928656361	0.0911833355353	0.0600145329634	0.0419143876338	0.0453384418902	0.0399216100762	0.0735015633945	0.0703197251949	0.0704628528648	0.0805588585018	0.08734090809	0.0549500154137	0.0606200731052	0.0962258334434	0.0814726736249	0.0957634209715	0.0457458052583	0.0849737966266	0.105639230193	0.0965891575285	0.0969524816136	0.0838397850883	0.0950918219051	0.0809442022284	0.0894437838552	0.0930109657815	0.0687233011847	0.0761108909147	0.0797991808693	0.0758356453957	0.076969656934	0.0967653146607	0.0996719073413	0.058473158057	0.0591887964064
158944319-tonguedorsum3.freeze11.snv.mod.fix.bam	0.0669287004008	0.0915906989034	0.0463953846831	0.0833883824371	0.09298894614	0.0857444840798	0.0852380323248	0.0885079490906	0.0920090720923	0.0458338838244	0.0544655833003	0.063614744352	0.0143127669882	0.0	0.0953780772449	0.0345488175453	0.0278878759854	0.102809706258	0.103062932135	0.0326991676576	0.0448980490598	0.0361452415555	0.0464284141454	0.0447879508522	0.0691857136566	0.0282071607874	0.0566895670938	0.0606200731052	0.07618795966	0.0841040207865	0.0784119434536	0.0818580173515	0.0533646012243	0.0656295415511	0.0796340335579	0.0690095565244	0.0660369049192	0.0800744263883	0.0790174835954	0.0973158056987	0.0982626502841	0.0374554102259	0.0293962214295	0.0893116660061	0.0986700136522	0.0968313735852	0.0504359889021	0.0246509886819	0.0548839564892	0.073985995508	0.0962368432642	0.0332166292333	0.0322367551856	0.0435768705685	0.0524397762804	0.0288127009292	0.0593209142555	0.087065662571	0.0925045140265	0.0774320694059	0.0629101158233	0.0434998018232	0.0676113092879	0.054983044876	0.0681618003259	0.0387105297926	0.0750539481217	0.0826507244462	0.0530232967807	0.0398335315101	0.075593429339	0.0721363456203	0.0816928700401	0.0497643898357	0.0637138327388	0.0926916809794	0.0316091954023	0.085645395693	0.0740080151495	0.0698242832607	0.0828709208614	0.0387765887171	0.0315871757608	0.0578896375567	0.0926916809794	0.0884969392698	0.071596864403	0.0708812260536	0.0662791209759	0.0407253269917	0.0501497335623	0.0640110978993	0.0355947505175	0.0732813669793	0.0362883692253	0.0668626414762	0.0364204870745	0.0401418064914	0.0594860615669	0.0731272294887	0.0796890826617	0.0730611705641	0.0736116616021	0.0878363500242	0.0733254062624	0.0557427225085	0.0822653807196	0.048696437222	0.0314660677324	0.0356938389043	0.0301008499582	0.063978068437	0.0604879552561	0.0618311533888	0.0840269520412	0.077795393491	0.0446338133615	0.0501827630246	0.0896089311666	0.0717399920729	0.0873959571938	0.0350882987625	0.0784339630951	0.0975580217554	0.0890694499494	0.089774078478	0.0756264588013	0.0909521292993	0.0729620821773	0.0854802483816	0.0845113841547	0.0563042233672	0.0661800325891	0.0706280001762	0.0653653058528	0.0690646056282	0.0885189589113	0.0917668560356	0.0494891443167	0.049290967543
