	158944319-tonguedorsum3.freeze11.snv.mod.fix.bam	159207311-tonguedorsum3.freeze11.snv.mod.fix.bam	159227541-tonguedorsum2.freeze11.snv.mod.fix.bam	159247771-tonguedorsum2.freeze11.snv.mod.fix.bam	159571453-tonguedorsum1.freeze11.snv.mod.fix.bam	159571453-tonguedorsum2.freeze11.snv.mod.fix.bam	159713063-tonguedorsum2.freeze11.snv.mod.fix.bam	159814214-tonguedorsum2.freeze11.snv.mod.fix.bam	160178356-tonguedorsum3.freeze11.snv.mod.fix.bam	160319967-tonguedorsum2.freeze11.snv.mod.fix.bam	160319967-tonguedorsum3.freeze11.snv.mod.fix.bam	160421117-tonguedorsum3.freeze11.snv.mod.fix.bam	160502038-tonguedorsum1.freeze11.snv.mod.fix.bam	160502038-tonguedorsum3.freeze11.snv.mod.fix.bam	160603188-tonguedorsum2.freeze11.snv.mod.fix.bam	160603188-tonguedorsum3.freeze11.snv.mod.fix.bam	160643649-tonguedorsum1.freeze11.snv.mod.fix.bam	375450439-tonguedorsum3.freeze11.snv.mod.fix.bam	508703490-tonguedorsum1.freeze11.snv.mod.fix.bam	508703490-tonguedorsum2.freeze11.snv.mod.fix.bam	763395383-anteriornares3.freeze11.snv.mod.fix.bam	763577454-tonguedorsum2.freeze11.snv.mod.fix.bam	763820215-tonguedorsum1.freeze11.snv.mod.fix.bam	763840445-tonguedorsum2.freeze11.snv.mod.fix.bam	764042746-tonguedorsum1.freeze11.snv.mod.fix.bam	764588959-tonguedorsum2.freeze11.snv.mod.fix.bam	764811490-tonguedorsum1.freeze11.snv.mod.fix.bam	764892411-tonguedorsum2.freeze11.snv.mod.fix.bam	765155402-tonguedorsum3.freeze11.snv.mod.fix.bam	765640925-tonguedorsum1.freeze11.snv.mod.fix.bam	823052294-tonguedorsum3.freeze11.snv.mod.fix.bam	937415040-tonguedorsum1.freeze11.snv.mod.fix.bam
158944319-tonguedorsum3.freeze11.snv.mod.fix.bam	0.0	0.0943551401869	0.0944299065421	0.0953271028037	0.102803738318	0.11214953271	0.110728971963	0.114317757009	0.112448598131	0.0881495327103	0.0956261682243	0.112074766355	0.0972710280374	0.102728971963	0.095476635514	0.0935327102804	0.084785046729	0.105345794393	0.110504672897	0.105271028037	0.110205607477	0.0923364485981	0.10676635514	0.111252336449	0.099214953271	0.103925233645	0.0963738317757	0.0932336448598	0.0944299065421	0.0905420560748	0.0947289719626	0.10385046729
159207311-tonguedorsum3.freeze11.snv.mod.fix.bam	0.0943551401869	0.0	0.0867289719626	0.0787289719626	0.0903177570093	0.115140186916	0.10908411215	0.113794392523	0.10385046729	0.0820934579439	0.088523364486	0.107813084112	0.0884485981308	0.0855327102804	0.0850841121495	0.08	0.0641495327103	0.0932336448598	0.0989906542056	0.0937570093458	0.0931588785047	0.074691588785	0.0905420560748	0.114392523364	0.0831401869159	0.0848598130841	0.0776822429907	0.0754392523364	0.0719252336449	0.067738317757	0.0755887850467	0.108336448598
159227541-tonguedorsum2.freeze11.snv.mod.fix.bam	0.0944299065421	0.0867289719626	0.0	0.079476635514	0.0845607476636	0.102280373832	0.0940560747664	0.101457943925	0.0938317757009	0.0726728971963	0.0770841121495	0.0935327102804	0.0751401869159	0.0808224299065	0.0713271028037	0.0666168224299	0.0648971962617	0.0906168224299	0.0974953271028	0.0877009345794	0.0805981308411	0.0710280373832	0.093308411215	0.0969719626168	0.0779813084112	0.0813457943925	0.0737196261682	0.0711775700935	0.070953271028	0.065046728972	0.0722242990654	0.0909158878505
159247771-tonguedorsum2.freeze11.snv.mod.fix.bam	0.0953271028037	0.0787289719626	0.079476635514	0.0	0.0718504672897	0.0985420560748	0.0884485981308	0.0995140186916	0.0856074766355	0.0705794392523	0.0704299065421	0.0871775700935	0.0621308411215	0.0560747663551	0.0630280373832	0.0588411214953	0.0450841121495	0.0743925233645	0.0817196261682	0.0717009345794	0.0667663551402	0.0488971962617	0.0579439252336	0.0980186915888	0.0601121495327	0.0615327102804	0.0638504672897	0.0521121495327	0.0426168224299	0.0542803738318	0.0486728971963	0.0951028037383
159571453-tonguedorsum1.freeze11.snv.mod.fix.bam	0.102803738318	0.0903177570093	0.0845607476636	0.0718504672897	0.0	0.056	0.0697570093458	0.0791028037383	0.0589906542056	0.0663925233645	0.0660934579439	0.059738317757	0.0527102803738	0.063476635514	0.0419439252336	0.0496448598131	0.0536074766355	0.0808224299065	0.0860560747664	0.0780560747664	0.0803738317757	0.0565981308411	0.0856074766355	0.0724485981308	0.0697570093458	0.0724485981308	0.062953271028	0.0589906542056	0.0590654205607	0.049046728972	0.0605607476636	0.0699065420561
159571453-tonguedorsum2.freeze11.snv.mod.fix.bam	0.11214953271	0.115140186916	0.102280373832	0.0985420560748	0.056	0.0	0.061308411215	0.0551028037383	0.0571962616822	0.0886728971963	0.0838130841121	0.0551028037383	0.0588411214953	0.0817943925234	0.0497196261682	0.0735700934579	0.0877009345794	0.105943925234	0.118205607477	0.113271028037	0.0923364485981	0.0984672897196	0.113570093458	0.0514392523364	0.103401869159	0.106691588785	0.0942056074766	0.0940560747664	0.0916635514019	0.0831401869159	0.0951775700935	0.0501682242991
159713063-tonguedorsum2.freeze11.snv.mod.fix.bam	0.110728971963	0.10908411215	0.0940560747664	0.0884485981308	0.0697570093458	0.061308411215	0.0	0.0548037383178	0.0558504672897	0.0763364485981	0.0733457943925	0.0504672897196	0.0489719626168	0.0696074766355	0.0385794392523	0.0571962616822	0.0754392523364	0.0990654205607	0.113121495327	0.104897196262	0.0895700934579	0.086953271028	0.103925233645	0.0552523364486	0.0901682242991	0.091214953271	0.0828411214953	0.082691588785	0.0805981308411	0.068785046729	0.0836635514019	0.0519626168224
159814214-tonguedorsum2.freeze11.snv.mod.fix.bam	0.114317757009	0.113794392523	0.101457943925	0.0995140186916	0.0791028037383	0.0551028037383	0.0548037383178	0.0	0.0529345794393	0.0903177570093	0.0823925233645	0.0478504672897	0.0556261682243	0.0760373831776	0.0477757009346	0.0724485981308	0.0861308411215	0.104074766355	0.117158878505	0.111775700935	0.0924859813084	0.0964485981308	0.105570093458	0.0435887850467	0.0993644859813	0.101009345794	0.0962242990654	0.0950280373832	0.0927102803738	0.0833644859813	0.0960747663551	0.0436635514019
160178356-tonguedorsum3.freeze11.snv.mod.fix.bam	0.112448598131	0.10385046729	0.0938317757009	0.0856074766355	0.0589906542056	0.0571962616822	0.0558504672897	0.0529345794393	0.0	0.0737196261682	0.0693831775701	0.0379813084112	0.0459813084112	0.059738317757	0.0304299065421	0.0504672897196	0.0679626168224	0.0921869158879	0.107962616822	0.100785046729	0.0839626168224	0.0799252336449	0.101308411215	0.0435140186916	0.0856822429907	0.0859813084112	0.0778317757009	0.0745420560748	0.0728971962617	0.0657943925234	0.0784299065421	0.0468785046729
160319967-tonguedorsum2.freeze11.snv.mod.fix.bam	0.0881495327103	0.0820934579439	0.0726728971963	0.0705794392523	0.0663925233645	0.0886728971963	0.0763364485981	0.0903177570093	0.0737196261682	0.0	0.00844859813084	0.0734205607477	0.0596635514019	0.0644485981308	0.051738317757	0.0538317757009	0.0494953271028	0.0829906542056	0.0835887850467	0.0786542056075	0.081046728972	0.059214953271	0.0775327102804	0.0863551401869	0.0557009345794	0.0691588785047	0.0598878504673	0.0515887850467	0.0559252336449	0.0470280373832	0.0600373831776	0.0830654205607
160319967-tonguedorsum3.freeze11.snv.mod.fix.bam	0.0956261682243	0.088523364486	0.0770841121495	0.0704299065421	0.0660934579439	0.0838130841121	0.0733457943925	0.0823925233645	0.0693831775701	0.00844859813084	0.0	0.0646728971963	0.0546542056075	0.0661682242991	0.0470280373832	0.0514392523364	0.046953271028	0.085308411215	0.0921121495327	0.0857570093458	0.0799252336449	0.0637757009346	0.0795514018692	0.078953271028	0.0566728971963	0.0723738317757	0.0652710280374	0.0542803738318	0.0620560747664	0.048523364486	0.0644485981308	0.0741682242991
160421117-tonguedorsum3.freeze11.snv.mod.fix.bam	0.112074766355	0.107813084112	0.0935327102804	0.0871775700935	0.059738317757	0.0551028037383	0.0504672897196	0.0478504672897	0.0379813084112	0.0734205607477	0.0646728971963	0.0	0.0452336448598	0.0617570093458	0.0303551401869	0.0550280373832	0.0645981308411	0.0908411214953	0.107439252336	0.0996635514019	0.0817943925234	0.0815700934579	0.0991401869159	0.0445607476636	0.0828411214953	0.0843364485981	0.0808224299065	0.0716261682243	0.0734953271028	0.064	0.0777570093458	0.0415700934579
160502038-tonguedorsum1.freeze11.snv.mod.fix.bam	0.0972710280374	0.0884485981308	0.0751401869159	0.0621308411215	0.0527102803738	0.0588411214953	0.0489719626168	0.0556261682243	0.0459813084112	0.0596635514019	0.0546542056075	0.0452336448598	0.0	0.0219065420561	0.0305046728972	0.0417943925234	0.0430654205607	0.0787289719626	0.0900934579439	0.0807476635514	0.0612336448598	0.0562242990654	0.0585420560748	0.0545046728972	0.0669906542056	0.0744672897196	0.0608598130841	0.0545046728972	0.0533831775701	0.0477009345794	0.0593644859813	0.0511401869159
160502038-tonguedorsum3.freeze11.snv.mod.fix.bam	0.102728971963	0.0855327102804	0.0808224299065	0.0560747663551	0.063476635514	0.0817943925234	0.0696074766355	0.0760373831776	0.059738317757	0.0644485981308	0.0661682242991	0.0617570093458	0.0219065420561	0.0	0.0422429906542	0.0494953271028	0.0384299065421	0.08	0.090691588785	0.0799252336449	0.0568971962617	0.0443364485981	0.0447102803738	0.0745420560748	0.0688598130841	0.0747663551402	0.064523364486	0.0576448598131	0.0506168224299	0.0535327102804	0.0596635514019	0.070953271028
160603188-tonguedorsum2.freeze11.snv.mod.fix.bam	0.095476635514	0.0850841121495	0.0713271028037	0.0630280373832	0.0419439252336	0.0497196261682	0.0385794392523	0.0477757009346	0.0304299065421	0.051738317757	0.0470280373832	0.0303551401869	0.0305046728972	0.0422429906542	0.0	0.00523364485981	0.042691588785	0.0718504672897	0.0850841121495	0.0771588785047	0.0634018691589	0.056523364486	0.0793271028037	0.0424672897196	0.0625794392523	0.0621308411215	0.052261682243	0.0519626168224	0.0487476635514	0.0381308411215	0.0557009345794	0.0402990654206
160603188-tonguedorsum3.freeze11.snv.mod.fix.bam	0.0935327102804	0.08	0.0666168224299	0.0588411214953	0.0496448598131	0.0735700934579	0.0571962616822	0.0724485981308	0.0504672897196	0.0538317757009	0.0514392523364	0.0550280373832	0.0417943925234	0.0494953271028	0.00523364485981	0.0	0.043214953271	0.0715514018692	0.0798504672897	0.072	0.0619065420561	0.0511401869159	0.0731962616822	0.0687102803738	0.0574953271028	0.058691588785	0.0475514018692	0.0482990654206	0.0449345794393	0.0363364485981	0.0509906542056	0.0674392523364
160643649-tonguedorsum1.freeze11.snv.mod.fix.bam	0.084785046729	0.0641495327103	0.0648971962617	0.0450841121495	0.0536074766355	0.0877009345794	0.0754392523364	0.0861308411215	0.0679626168224	0.0494953271028	0.046953271028	0.0645981308411	0.0430654205607	0.0384299065421	0.042691588785	0.043214953271	0.0	0.0657943925234	0.0722990654206	0.0618317757009	0.0605607476636	0.034691588785	0.0417943925234	0.0824672897196	0.0462056074766	0.0588411214953	0.0514392523364	0.0382056074766	0.0408971962617	0.0364112149533	0.0458317757009	0.0824672897196
375450439-tonguedorsum3.freeze11.snv.mod.fix.bam	0.105345794393	0.0932336448598	0.0906168224299	0.0743925233645	0.0808224299065	0.105943925234	0.0990654205607	0.104074766355	0.0921869158879	0.0829906542056	0.085308411215	0.0908411214953	0.0787289719626	0.08	0.0718504672897	0.0715514018692	0.0657943925234	0.0	0.0692336448598	0.0631775700935	0.0830654205607	0.0686355140187	0.0872523364486	0.0987663551402	0.0665420560748	0.0705794392523	0.0675140186916	0.0564485981308	0.052261682243	0.062953271028	0.0543551401869	0.0959252336449
508703490-tonguedorsum1.freeze11.snv.mod.fix.bam	0.110504672897	0.0989906542056	0.0974953271028	0.0817196261682	0.0860560747664	0.118205607477	0.113121495327	0.117158878505	0.107962616822	0.0835887850467	0.0921121495327	0.107439252336	0.0900934579439	0.090691588785	0.0850841121495	0.0798504672897	0.0722990654206	0.0692336448598	0.0	0.00456074766355	0.0898691588785	0.0702803738318	0.0954018691589	0.115439252336	0.076261682243	0.0796261682243	0.0758878504673	0.0636261682243	0.068785046729	0.0690093457944	0.0601121495327	0.109757009346
508703490-tonguedorsum2.freeze11.snv.mod.fix.bam	0.105271028037	0.0937570093458	0.0877009345794	0.0717009345794	0.0780560747664	0.113271028037	0.104897196262	0.111775700935	0.100785046729	0.0786542056075	0.0857570093458	0.0996635514019	0.0807476635514	0.0799252336449	0.0771588785047	0.072	0.0618317757009	0.0631775700935	0.00456074766355	0.0	0.0800747663551	0.0556261682243	0.0838878504673	0.109457943925	0.0681121495327	0.0736448598131	0.0687102803738	0.0588411214953	0.0606355140187	0.0628785046729	0.053308411215	0.104523364486
763395383-anteriornares3.freeze11.snv.mod.fix.bam	0.110205607477	0.0931588785047	0.0805981308411	0.0667663551402	0.0803738317757	0.0923364485981	0.0895700934579	0.0924859813084	0.0839626168224	0.081046728972	0.0799252336449	0.0817943925234	0.0612336448598	0.0568971962617	0.0634018691589	0.0619065420561	0.0605607476636	0.0830654205607	0.0898691588785	0.0800747663551	0.0	0.0612336448598	0.0646728971963	0.0891962616822	0.0769345794393	0.0831401869159	0.0720747663551	0.0670654205607	0.0610841121495	0.0614579439252	0.066691588785	0.0856074766355
763577454-tonguedorsum2.freeze11.snv.mod.fix.bam	0.0923364485981	0.074691588785	0.0710280373832	0.0488971962617	0.0565981308411	0.0984672897196	0.086953271028	0.0964485981308	0.0799252336449	0.059214953271	0.0637757009346	0.0815700934579	0.0562242990654	0.0443364485981	0.056523364486	0.0511401869159	0.034691588785	0.0686355140187	0.0702803738318	0.0556261682243	0.0612336448598	0.0	0.0503925233645	0.0939813084112	0.0524859813084	0.0595887850467	0.0509158878505	0.0453831775701	0.0436635514019	0.0434392523364	0.0421682242991	0.0918130841121
763820215-tonguedorsum1.freeze11.snv.mod.fix.bam	0.10676635514	0.0905420560748	0.093308411215	0.0579439252336	0.0856074766355	0.113570093458	0.103925233645	0.105570093458	0.101308411215	0.0775327102804	0.0795514018692	0.0991401869159	0.0585420560748	0.0447102803738	0.0793271028037	0.0731962616822	0.0417943925234	0.0872523364486	0.0954018691589	0.0838878504673	0.0646728971963	0.0503925233645	0.0	0.108859813084	0.0722242990654	0.0844112149533	0.0754392523364	0.0664672897196	0.0673644859813	0.0648971962617	0.0699813084112	0.102654205607
763840445-tonguedorsum2.freeze11.snv.mod.fix.bam	0.111252336449	0.114392523364	0.0969719626168	0.0980186915888	0.0724485981308	0.0514392523364	0.0552523364486	0.0435887850467	0.0435140186916	0.0863551401869	0.078953271028	0.0445607476636	0.0545046728972	0.0745420560748	0.0424672897196	0.0687102803738	0.0824672897196	0.0987663551402	0.115439252336	0.109457943925	0.0891962616822	0.0939813084112	0.108859813084	0.0	0.0971962616822	0.0964485981308	0.0908411214953	0.0909158878505	0.0887476635514	0.0807476635514	0.0927102803738	0.0388785046729
764042746-tonguedorsum1.freeze11.snv.mod.fix.bam	0.099214953271	0.0831401869159	0.0779813084112	0.0601121495327	0.0697570093458	0.103401869159	0.0901682242991	0.0993644859813	0.0856822429907	0.0557009345794	0.0566728971963	0.0828411214953	0.0669906542056	0.0688598130841	0.0625794392523	0.0574953271028	0.0462056074766	0.0665420560748	0.076261682243	0.0681121495327	0.0769345794393	0.0524859813084	0.0722242990654	0.0971962616822	0.0	0.0492710280374	0.0523364485981	0.0458317757009	0.0503177570093	0.0397757009346	0.0440373831776	0.0965981308411
764588959-tonguedorsum2.freeze11.snv.mod.fix.bam	0.103925233645	0.0848598130841	0.0813457943925	0.0615327102804	0.0724485981308	0.106691588785	0.091214953271	0.101009345794	0.0859813084112	0.0691588785047	0.0723738317757	0.0843364485981	0.0744672897196	0.0747663551402	0.0621308411215	0.058691588785	0.0588411214953	0.0705794392523	0.0796261682243	0.0736448598131	0.0831401869159	0.0595887850467	0.0844112149533	0.0964485981308	0.0492710280374	0.0	0.0572710280374	0.0506168224299	0.052261682243	0.0472523364486	0.0394018691589	0.0953271028037
764811490-tonguedorsum1.freeze11.snv.mod.fix.bam	0.0963738317757	0.0776822429907	0.0737196261682	0.0638504672897	0.062953271028	0.0942056074766	0.0828411214953	0.0962242990654	0.0778317757009	0.0598878504673	0.0652710280374	0.0808224299065	0.0608598130841	0.064523364486	0.052261682243	0.0475514018692	0.0514392523364	0.0675140186916	0.0758878504673	0.0687102803738	0.0720747663551	0.0509158878505	0.0754392523364	0.0908411214953	0.0523364485981	0.0572710280374	0.0	0.0495700934579	0.0471028037383	0.0376074766355	0.0423177570093	0.0898691588785
764892411-tonguedorsum2.freeze11.snv.mod.fix.bam	0.0932336448598	0.0754392523364	0.0711775700935	0.0521121495327	0.0589906542056	0.0940560747664	0.082691588785	0.0950280373832	0.0745420560748	0.0515887850467	0.0542803738318	0.0716261682243	0.0545046728972	0.0576448598131	0.0519626168224	0.0482990654206	0.0382056074766	0.0564485981308	0.0636261682243	0.0588411214953	0.0670654205607	0.0453831775701	0.0664672897196	0.0909158878505	0.0458317757009	0.0506168224299	0.0495700934579	0.0	0.0364112149533	0.0387289719626	0.0328224299065	0.087476635514
765155402-tonguedorsum3.freeze11.snv.mod.fix.bam	0.0944299065421	0.0719252336449	0.070953271028	0.0426168224299	0.0590654205607	0.0916635514019	0.0805981308411	0.0927102803738	0.0728971962617	0.0559252336449	0.0620560747664	0.0734953271028	0.0533831775701	0.0506168224299	0.0487476635514	0.0449345794393	0.0408971962617	0.052261682243	0.068785046729	0.0606355140187	0.0610841121495	0.0436635514019	0.0673644859813	0.0887476635514	0.0503177570093	0.052261682243	0.0471028037383	0.0364112149533	0.0	0.0379065420561	0.0378317757009	0.0844859813084
765640925-tonguedorsum1.freeze11.snv.mod.fix.bam	0.0905420560748	0.067738317757	0.065046728972	0.0542803738318	0.049046728972	0.0831401869159	0.068785046729	0.0833644859813	0.0657943925234	0.0470280373832	0.048523364486	0.064	0.0477009345794	0.0535327102804	0.0381308411215	0.0363364485981	0.0364112149533	0.062953271028	0.0690093457944	0.0628785046729	0.0614579439252	0.0434392523364	0.0648971962617	0.0807476635514	0.0397757009346	0.0472523364486	0.0376074766355	0.0387289719626	0.0379065420561	0.0	0.0392523364486	0.0788785046729
823052294-tonguedorsum3.freeze11.snv.mod.fix.bam	0.0947289719626	0.0755887850467	0.0722242990654	0.0486728971963	0.0605607476636	0.0951775700935	0.0836635514019	0.0960747663551	0.0784299065421	0.0600373831776	0.0644485981308	0.0777570093458	0.0593644859813	0.0596635514019	0.0557009345794	0.0509906542056	0.0458317757009	0.0543551401869	0.0601121495327	0.053308411215	0.066691588785	0.0421682242991	0.0699813084112	0.0927102803738	0.0440373831776	0.0394018691589	0.0423177570093	0.0328224299065	0.0378317757009	0.0392523364486	0.0	0.0903177570093
937415040-tonguedorsum1.freeze11.snv.mod.fix.bam	0.10385046729	0.108336448598	0.0909158878505	0.0951028037383	0.0699065420561	0.0501682242991	0.0519626168224	0.0436635514019	0.0468785046729	0.0830654205607	0.0741682242991	0.0415700934579	0.0511401869159	0.070953271028	0.0402990654206	0.0674392523364	0.0824672897196	0.0959252336449	0.109757009346	0.104523364486	0.0856074766355	0.0918130841121	0.102654205607	0.0388785046729	0.0965981308411	0.0953271028037	0.0898691588785	0.087476635514	0.0844859813084	0.0788785046729	0.0903177570093	0.0
