	158944319-tonguedorsum3.freeze11.snv.mod.fix.bam	159207311-tonguedorsum3.freeze11.snv.mod.fix.bam	159227541-tonguedorsum2.freeze11.snv.mod.fix.bam	159247771-tonguedorsum2.freeze11.snv.mod.fix.bam	159571453-tonguedorsum1.freeze11.snv.mod.fix.bam	159571453-tonguedorsum2.freeze11.snv.mod.fix.bam	159713063-tonguedorsum2.freeze11.snv.mod.fix.bam	159814214-tonguedorsum2.freeze11.snv.mod.fix.bam	160178356-tonguedorsum3.freeze11.snv.mod.fix.bam	160319967-tonguedorsum2.freeze11.snv.mod.fix.bam	160319967-tonguedorsum3.freeze11.snv.mod.fix.bam	160421117-tonguedorsum3.freeze11.snv.mod.fix.bam	160502038-tonguedorsum1.freeze11.snv.mod.fix.bam	160502038-tonguedorsum3.freeze11.snv.mod.fix.bam	160603188-tonguedorsum2.freeze11.snv.mod.fix.bam	160603188-tonguedorsum3.freeze11.snv.mod.fix.bam	160643649-tonguedorsum1.freeze11.snv.mod.fix.bam	375450439-tonguedorsum3.freeze11.snv.mod.fix.bam	508703490-tonguedorsum1.freeze11.snv.mod.fix.bam	508703490-tonguedorsum2.freeze11.snv.mod.fix.bam	763395383-anteriornares3.freeze11.snv.mod.fix.bam	763577454-tonguedorsum2.freeze11.snv.mod.fix.bam	763820215-tonguedorsum1.freeze11.snv.mod.fix.bam	763840445-tonguedorsum2.freeze11.snv.mod.fix.bam	764042746-tonguedorsum1.freeze11.snv.mod.fix.bam	764588959-tonguedorsum2.freeze11.snv.mod.fix.bam	764811490-tonguedorsum1.freeze11.snv.mod.fix.bam	764892411-tonguedorsum2.freeze11.snv.mod.fix.bam	765155402-tonguedorsum3.freeze11.snv.mod.fix.bam	765640925-tonguedorsum1.freeze11.snv.mod.fix.bam	823052294-tonguedorsum3.freeze11.snv.mod.fix.bam	937415040-tonguedorsum1.freeze11.snv.mod.fix.bam
158944319-tonguedorsum3.freeze11.snv.mod.fix.bam	0.0	0.151633126669	0.149746529451	0.162393976934	0.166278890389	0.174841267015	0.168534196034	0.181956239316	0.166607107621	0.148297394808	0.155920345532	0.169412163967	0.16489184037	0.163959786359	0.163061120436	0.159990273804	0.151006577123	0.162763583855	0.16328160803	0.159885124474	0.169047554458	0.156906966153	0.157506940034	0.173427288028	0.160157302483	0.165948139942	0.157888932508	0.157048395299	0.158398384411	0.160559725079	0.158881193021	0.170524553296
159207311-tonguedorsum3.freeze11.snv.mod.fix.bam	0.151633126669	0.0	0.146800067909	0.144264535613	0.156919220804	0.178077883894	0.166154497554	0.182583603051	0.160199797254	0.145843055892	0.151824419907	0.164395053392	0.154592645627	0.150923747715	0.152605930914	0.148281829706	0.131111453035	0.150468277693	0.152423790102	0.146620350576	0.152141027134	0.139860281105	0.143620572279	0.176462834792	0.142678382148	0.146493422194	0.141298638409	0.14040247363	0.134154004235	0.139484743014	0.13922339933	0.176421689285
159227541-tonguedorsum2.freeze11.snv.mod.fix.bam	0.149746529451	0.146800067909	0.0	0.147269830701	0.148909664711	0.163670049698	0.152763193369	0.16791278385	0.151491727684	0.134961411133	0.140146203585	0.151181437514	0.143407264648	0.143858339183	0.141565953317	0.137125596178	0.132844144641	0.148385765166	0.151728486851	0.145982015645	0.140718967518	0.136347662182	0.144300177891	0.159323051768	0.139024897402	0.147448689794	0.13640580387	0.13636589922	0.136399854375	0.137704664517	0.13763223417	0.156746303218
159247771-tonguedorsum2.freeze11.snv.mod.fix.bam	0.162393976934	0.144264535613	0.147269830701	0.0	0.144322358444	0.16880107856	0.156108404038	0.175411282273	0.150524525711	0.140403422938	0.14322461355	0.153610882228	0.135646700679	0.130203127687	0.13935131874	0.134902823741	0.120641634131	0.138524948159	0.140363084294	0.133844535023	0.131237736144	0.119253248271	0.121997138473	0.167053333901	0.128182779025	0.129928740226	0.134505460925	0.122934677175	0.110350213322	0.131251236786	0.119502248888	0.169428052793
159571453-tonguedorsum1.freeze11.snv.mod.fix.bam	0.166278890389	0.156919220804	0.148909664711	0.144322358444	0.0	0.118303739074	0.133586120622	0.145268582659	0.12496931886	0.13440251072	0.134366100568	0.129112413156	0.126822957594	0.131600093837	0.117122759257	0.122454547007	0.127744083391	0.144965824319	0.14569236784	0.139042641028	0.147062046267	0.128746725002	0.146849257924	0.137438339943	0.136495332289	0.140327630607	0.131629202655	0.132654406554	0.130887672208	0.12560296408	0.131788133504	0.134955535808
159571453-tonguedorsum2.freeze11.snv.mod.fix.bam	0.174841267015	0.178077883894	0.163670049698	0.16880107856	0.118303739074	0.0	0.117213420228	0.107396555961	0.113954878037	0.151080960236	0.144090815076	0.117179627202	0.128329456804	0.142205725643	0.12078091797	0.141883129519	0.155713510384	0.166769708872	0.173550868751	0.170468758443	0.152148086742	0.166022085661	0.167777691928	0.100459267969	0.165702305342	0.169615120593	0.158490994036	0.161141752628	0.158295220539	0.155989835262	0.16207668308	0.10046217582
159713063-tonguedorsum2.freeze11.snv.mod.fix.bam	0.168534196034	0.166154497554	0.152763193369	0.156108404038	0.133586120622	0.117213420228	0.0	0.110937086145	0.115461500751	0.137227422614	0.132396994987	0.113439685594	0.115400404781	0.130828171086	0.109572896173	0.127823338696	0.14479910034	0.156947161189	0.164663924825	0.160157253208	0.149381212942	0.153577523782	0.156096387495	0.112549567158	0.151213866012	0.153042686349	0.145008872759	0.147485143323	0.146269870155	0.141732380142	0.149195773893	0.10930254228
159814214-tonguedorsum2.freeze11.snv.mod.fix.bam	0.181956239316	0.182583603051	0.16791278385	0.175411282273	0.145268582659	0.107396555961	0.110937086145	0.0	0.111783317506	0.154824519579	0.143013245715	0.110219501204	0.125659529306	0.140290751448	0.119459740526	0.143574057382	0.15944651284	0.170974901844	0.179128804278	0.1750429118	0.157491148295	0.170881802035	0.16383362313	0.0906396430942	0.16821244851	0.170879350658	0.168162028852	0.165092636255	0.164659321034	0.159471327917	0.168214593633	0.0891344735423
160178356-tonguedorsum3.freeze11.snv.mod.fix.bam	0.166607107621	0.160199797254	0.151491727684	0.150524525711	0.12496931886	0.113954878037	0.115461500751	0.111783317506	0.0	0.135072932198	0.131967010313	0.101354958953	0.114664650961	0.124059074951	0.0993685603797	0.119929119786	0.135704537674	0.14989661913	0.158689736921	0.15446273575	0.140156973607	0.143808347159	0.149719700953	0.0973006629316	0.146916127087	0.146181923295	0.142298616991	0.139542202582	0.136246741446	0.134639381669	0.142916918505	0.103264179194
160319967-tonguedorsum2.freeze11.snv.mod.fix.bam	0.148297394808	0.145843055892	0.134961411133	0.140403422938	0.13440251072	0.151080960236	0.137227422614	0.154824519579	0.135072932198	0.0	0.0580881456891	0.136836932867	0.131792370598	0.131219434479	0.12612720873	0.124854549119	0.119401896718	0.144832005052	0.142188413691	0.139121279157	0.144201990102	0.128630464396	0.133861167956	0.146586654724	0.120087070946	0.136312931565	0.126982421094	0.120064464531	0.126356601446	0.120504950796	0.1278686059	0.145033595901
160319967-tonguedorsum3.freeze11.snv.mod.fix.bam	0.155920345532	0.151824419907	0.140146203585	0.14322461355	0.134366100568	0.144090815076	0.132396994987	0.143013245715	0.131967010313	0.0580881456891	0.0	0.130325583455	0.126265777152	0.131387571568	0.122711283651	0.124991446733	0.118728042289	0.148464795596	0.151547981293	0.147083949561	0.143623141381	0.135495025956	0.134359761938	0.138839146169	0.121812180238	0.142435300752	0.134805331478	0.123942931856	0.132769280855	0.123545272334	0.134952914551	0.136255694309
160421117-tonguedorsum3.freeze11.snv.mod.fix.bam	0.169412163967	0.164395053392	0.151181437514	0.153610882228	0.129112413156	0.117179627202	0.113439685594	0.110219501204	0.101354958953	0.136836932867	0.130325583455	0.0	0.115405837064	0.129418958074	0.102974597106	0.126487973911	0.133044407705	0.149115013744	0.160107068275	0.155538633264	0.144314179952	0.14800516422	0.14857696675	0.104277654872	0.144728577847	0.148690664353	0.145956495477	0.135178178212	0.140939045183	0.13790509719	0.144002419526	0.101790478645
160502038-tonguedorsum1.freeze11.snv.mod.fix.bam	0.16489184037	0.154592645627	0.143407264648	0.135646700679	0.126822957594	0.128329456804	0.115400404781	0.125659529306	0.114664650961	0.131792370598	0.126265777152	0.115405837064	0.0	0.0878330483269	0.107509172054	0.120419179003	0.121072402879	0.146576857854	0.153360386457	0.147178354506	0.126680584189	0.130253331196	0.12433244568	0.12126957644	0.138097644704	0.146386988881	0.134984522553	0.131421363646	0.128161839577	0.12954986387	0.134625752207	0.120510284168
160502038-tonguedorsum3.freeze11.snv.mod.fix.bam	0.163959786359	0.150923747715	0.143858339183	0.130203127687	0.131600093837	0.142205725643	0.130828171086	0.140290751448	0.124059074951	0.131219434479	0.131387571568	0.129418958074	0.0878330483269	0.0	0.117269280491	0.120420552455	0.112905336832	0.144347626245	0.149667151787	0.143183361779	0.11962954925	0.116717483242	0.105715139061	0.135190858252	0.135516722175	0.143841439739	0.134639739704	0.128998795328	0.123117089661	0.129003170175	0.132466948859	0.132373945456
160603188-tonguedorsum2.freeze11.snv.mod.fix.bam	0.163061120436	0.152605930914	0.141565953317	0.13935131874	0.117122759257	0.12078091797	0.109572896173	0.119459740526	0.0993685603797	0.12612720873	0.122711283651	0.102974597106	0.107509172054	0.117269280491	0.0	0.0629489592624	0.124596837189	0.141083146749	0.150454507031	0.145489160473	0.13416733083	0.133974902376	0.142463073486	0.11170005859	0.134877743273	0.136074992568	0.129327997667	0.128523061465	0.125437327959	0.120361418987	0.132355920043	0.113126326221
160603188-tonguedorsum3.freeze11.snv.mod.fix.bam	0.159990273804	0.148281829706	0.137125596178	0.134902823741	0.122454547007	0.141883129519	0.127823338696	0.143574057382	0.119929119786	0.124854549119	0.124991446733	0.126487973911	0.120419179003	0.120420552455	0.0629489592624	0.0	0.121862830916	0.139320422317	0.145516008316	0.140611559432	0.132800413042	0.126120752962	0.136973112636	0.13750894559	0.129193620623	0.132435891421	0.122118439831	0.124666986024	0.12140157215	0.115911377858	0.126943438429	0.139185937771
160643649-tonguedorsum1.freeze11.snv.mod.fix.bam	0.151006577123	0.131111453035	0.132844144641	0.120641634131	0.127744083391	0.155713510384	0.14479910034	0.15944651284	0.135704537674	0.119401896718	0.118728042289	0.133044407705	0.121072402879	0.112905336832	0.124596837189	0.121862830916	0.0	0.135823054839	0.136863174982	0.129118706159	0.128078772609	0.109671617553	0.106815985851	0.149156707758	0.115815487992	0.128859568526	0.124842556117	0.110426414985	0.11546061346	0.114398412125	0.119500696731	0.152850181025
375450439-tonguedorsum3.freeze11.snv.mod.fix.bam	0.162763583855	0.150468277693	0.148385765166	0.138524948159	0.144965824319	0.166769708872	0.156947161189	0.170974901844	0.14989661913	0.144832005052	0.148464795596	0.149115013744	0.146576857854	0.144347626245	0.141083146749	0.139320422317	0.135823054839	0.0	0.11985478103	0.117924119097	0.142598215843	0.13486645153	0.13950688302	0.160121297056	0.126429410391	0.131464095728	0.128667961881	0.121914174115	0.114323734505	0.134313399383	0.118366397793	0.161825630031
508703490-tonguedorsum1.freeze11.snv.mod.fix.bam	0.16328160803	0.152423790102	0.151728486851	0.140363084294	0.14569236784	0.173550868751	0.164663924825	0.179128804278	0.158689736921	0.142188413691	0.151547981293	0.160107068275	0.153360386457	0.149667151787	0.150454507031	0.145516008316	0.136863174982	0.11985478103	0.0	0.0364622389106	0.14400049505	0.130634691045	0.142772307552	0.171032165743	0.131087440242	0.135936151434	0.133607378933	0.123108706105	0.127139328063	0.138483799443	0.118266216732	0.170242211936
508703490-tonguedorsum2.freeze11.snv.mod.fix.bam	0.159885124474	0.146620350576	0.145982015645	0.133844535023	0.139042641028	0.170468758443	0.160157253208	0.1750429118	0.15446273575	0.139121279157	0.147083949561	0.155538633264	0.147178354506	0.143183361779	0.145489160473	0.140611559432	0.129118706159	0.117924119097	0.0364622389106	0.0	0.138833516907	0.117641002004	0.135526007702	0.166987284975	0.12445082053	0.131683360634	0.1288731003	0.119106709882	0.11955874055	0.132632619486	0.113235991038	0.165727151855
763395383-anteriornares3.freeze11.snv.mod.fix.bam	0.169047554458	0.152141027134	0.140718967518	0.131237736144	0.147062046267	0.152148086742	0.149381212942	0.157491148295	0.140156973607	0.144201990102	0.143623141381	0.144314179952	0.126680584189	0.11962954925	0.13416733083	0.132800413042	0.128078772609	0.142598215843	0.14400049505	0.138833516907	0.0	0.123962437257	0.117566157784	0.14828737884	0.138873882558	0.146319238769	0.137311116233	0.131460459605	0.125917901296	0.132732779241	0.132214554184	0.149665874979
763577454-tonguedorsum2.freeze11.snv.mod.fix.bam	0.156906966153	0.139860281105	0.136347662182	0.119253248271	0.128746725002	0.166022085661	0.153577523782	0.170881802035	0.143808347159	0.128630464396	0.135495025956	0.14800516422	0.130253331196	0.116717483242	0.133974902376	0.126120752962	0.109671617553	0.13486645153	0.130634691045	0.117641002004	0.123962437257	0.0	0.11256402815	0.163625068084	0.118023304709	0.128931980775	0.121904777494	0.114439119327	0.112110470139	0.120297266539	0.113502086217	0.163527245236
763820215-tonguedorsum1.freeze11.snv.mod.fix.bam	0.157506940034	0.143620572279	0.144300177891	0.121997138473	0.146849257924	0.167777691928	0.156096387495	0.16383362313	0.149719700953	0.133861167956	0.134359761938	0.14857696675	0.12433244568	0.105715139061	0.142463073486	0.136973112636	0.106815985851	0.13950688302	0.142772307552	0.135526007702	0.117566157784	0.11256402815	0.0	0.161881220804	0.128828805021	0.142093122916	0.136085887484	0.125517606526	0.127098265475	0.133585598137	0.129828742472	0.160873078045
763840445-tonguedorsum2.freeze11.snv.mod.fix.bam	0.173427288028	0.176462834792	0.159323051768	0.167053333901	0.137438339943	0.100459267969	0.112549567158	0.0906396430942	0.0973006629316	0.146586654724	0.138839146169	0.104277654872	0.12126957644	0.135190858252	0.11170005859	0.13750894559	0.149156707758	0.160121297056	0.171032165743	0.166987284975	0.14828737884	0.163625068084	0.161881220804	0.0	0.159699822515	0.160864353366	0.157589116463	0.1562053027	0.154582316339	0.152453446166	0.160169008229	0.0831650769535
764042746-tonguedorsum1.freeze11.snv.mod.fix.bam	0.160157302483	0.142678382148	0.139024897402	0.128182779025	0.136495332289	0.165702305342	0.151213866012	0.16821244851	0.146916127087	0.120087070946	0.121812180238	0.144728577847	0.138097644704	0.135516722175	0.134877743273	0.129193620623	0.115815487992	0.126429410391	0.131087440242	0.12445082053	0.138873882558	0.118023304709	0.128828805021	0.159699822515	0.0	0.113791052908	0.119053463941	0.109929096075	0.116052483293	0.111553374217	0.109155699973	0.164230336563
764588959-tonguedorsum2.freeze11.snv.mod.fix.bam	0.165948139942	0.146493422194	0.147448689794	0.129928740226	0.140327630607	0.169615120593	0.153042686349	0.170879350658	0.146181923295	0.136312931565	0.142435300752	0.148690664353	0.146386988881	0.143841439739	0.136074992568	0.132435891421	0.128859568526	0.131464095728	0.135936151434	0.131683360634	0.146319238769	0.128931980775	0.142093122916	0.160864353366	0.113791052908	0.0	0.123392257865	0.119464016073	0.117889365228	0.121687637546	0.103676504604	0.163934633491
764811490-tonguedorsum1.freeze11.snv.mod.fix.bam	0.157888932508	0.141298638409	0.13640580387	0.134505460925	0.131629202655	0.158490994036	0.145008872759	0.168162028852	0.142298616991	0.126982421094	0.134805331478	0.145956495477	0.134984522553	0.134639739704	0.129327997667	0.122118439831	0.124842556117	0.128667961881	0.133607378933	0.1288731003	0.137311116233	0.121904777494	0.136085887484	0.157589116463	0.119053463941	0.123392257865	0.0	0.117616872273	0.114749229307	0.113291657512	0.11030746263	0.158854101328
764892411-tonguedorsum2.freeze11.snv.mod.fix.bam	0.157048395299	0.14040247363	0.13636589922	0.122934677175	0.132654406554	0.161141752628	0.147485143323	0.165092636255	0.139542202582	0.120064464531	0.123942931856	0.135178178212	0.131421363646	0.128998795328	0.128523061465	0.124666986024	0.110426414985	0.121914174115	0.123108706105	0.119106709882	0.131460459605	0.114439119327	0.125517606526	0.1562053027	0.109929096075	0.119464016073	0.117616872273	0.0	0.104277332631	0.113394397146	0.100579315202	0.158324645914
765155402-tonguedorsum3.freeze11.snv.mod.fix.bam	0.158398384411	0.134154004235	0.136399854375	0.110350213322	0.130887672208	0.158295220539	0.146269870155	0.164659321034	0.136246741446	0.126356601446	0.132769280855	0.140939045183	0.128161839577	0.123117089661	0.125437327959	0.12140157215	0.11546061346	0.114323734505	0.127139328063	0.11955874055	0.125917901296	0.112110470139	0.127098265475	0.154582316339	0.116052483293	0.117889365228	0.114749229307	0.104277332631	0.0	0.116247272767	0.106657223865	0.156021441403
765640925-tonguedorsum1.freeze11.snv.mod.fix.bam	0.160559725079	0.139484743014	0.137704664517	0.131251236786	0.12560296408	0.155989835262	0.141732380142	0.159471327917	0.134639381669	0.120504950796	0.123545272334	0.13790509719	0.12954986387	0.129003170175	0.120361418987	0.115911377858	0.114398412125	0.134313399383	0.138483799443	0.132632619486	0.132732779241	0.120297266539	0.133585598137	0.152453446166	0.111553374217	0.121687637546	0.113291657512	0.113394397146	0.116247272767	0.0	0.114522394209	0.154282222538
823052294-tonguedorsum3.freeze11.snv.mod.fix.bam	0.158881193021	0.13922339933	0.13763223417	0.119502248888	0.131788133504	0.16207668308	0.149195773893	0.168214593633	0.142916918505	0.1278686059	0.134952914551	0.144002419526	0.134625752207	0.132466948859	0.132355920043	0.126943438429	0.119500696731	0.118366397793	0.118266216732	0.113235991038	0.132214554184	0.113502086217	0.129828742472	0.160169008229	0.109155699973	0.103676504604	0.11030746263	0.100579315202	0.106657223865	0.114522394209	0.0	0.161095705256
937415040-tonguedorsum1.freeze11.snv.mod.fix.bam	0.170524553296	0.176421689285	0.156746303218	0.169428052793	0.134955535808	0.10046217582	0.10930254228	0.0891344735423	0.103264179194	0.145033595901	0.136255694309	0.101790478645	0.120510284168	0.132373945456	0.113126326221	0.139185937771	0.152850181025	0.161825630031	0.170242211936	0.165727151855	0.149665874979	0.163527245236	0.160873078045	0.0831650769535	0.164230336563	0.163934633491	0.158854101328	0.158324645914	0.156021441403	0.154282222538	0.161095705256	0.0
