	158256496-stool2.freeze11.snv.mod.fix.bam	158479027-stool1.freeze11.snv.mod.fix.bam	158479027-stool2.freeze11.snv.mod.fix.bam	159611913-stool1.freeze11.snv.mod.fix.bam	159611913-stool2.freeze11.snv.mod.fix.bam	159733294-stool1.freeze11.snv.mod.fix.bam	764083206-stool1.freeze11.snv.mod.fix.bam	764325968-stool1.freeze11.snv.mod.fix.bam	764325968-stool2.freeze11.snv.mod.fix.bam	764447348-stool1.freeze11.snv.mod.fix.bam	765620695-stool1.freeze11.snv.mod.fix.bam	CCIS47745468ST-4-0.freeze11.snv.mod.fix.bam	CCIS71301801ST-4-0.freeze11.snv.mod.fix.bam	MH0360.freeze11.snv.mod.fix.bam	MH0375.freeze11.snv.mod.fix.bam	O2.CD1-0-PT.freeze11.snv.mod.fix.bam	O2.UC41-1.freeze11.snv.mod.fix.bam	O2.UC7-0.freeze11.snv.mod.fix.bam	O2.UC7-1.freeze11.snv.mod.fix.bam	V1.CD12-3.freeze11.snv.mod.fix.bam	V1.FI16.freeze11.snv.mod.fix.bam	V1.FI23.freeze11.snv.mod.fix.bam	V1.FI25.freeze11.snv.mod.fix.bam	V1.UC35-4.freeze11.snv.mod.fix.bam	V1.UC49-1.freeze11.snv.mod.fix.bam
158256496-stool2.freeze11.snv.mod.fix.bam	0.0	0.187940260768	0.188096163792	0.187698826726	0.18644708986	0.188694910103	0.17922873272	0.183193130219	0.183639694202	0.186820915349	0.173395712794	0.186619878233	0.180519485689	0.185252952929	0.190616597115	0.158108851332	0.186975200519	0.186584427647	0.18682487341	0.0130551281166	0.0117869385382	0.186987763371	0.186536436424	0.186976425623	0.187073955898
158479027-stool1.freeze11.snv.mod.fix.bam	0.187940260768	0.0	0.00178480016612	0.170254747684	0.1687975408	0.167696748181	0.161284408626	0.164868505776	0.165476212047	0.168758159312	0.153335339189	0.164929495333	0.159815236338	0.16390663131	0.167178499728	0.163986918054	0.16784916412	0.167364863527	0.167587577739	0.189768578878	0.184673918429	0.167631961847	0.167212511467	0.125546388398	0.16771456886
158479027-stool2.freeze11.snv.mod.fix.bam	0.188096163792	0.00178480016612	0.0	0.170619320519	0.169275477843	0.167984559734	0.161816750342	0.165187468583	0.165876134465	0.168934511155	0.153628280279	0.165558195084	0.160467242745	0.164131763393	0.167560226605	0.164283230501	0.16802748141	0.167710624727	0.167937252756	0.189975660459	0.184979068178	0.167942571532	0.167580467745	0.125911361819	0.167928398285
159611913-stool1.freeze11.snv.mod.fix.bam	0.187698826726	0.170254747684	0.170619320519	0.0	0.00245773460189	0.170150236436	0.162156953593	0.166786094658	0.167440010389	0.170462136016	0.155166472755	0.167390855723	0.161486903984	0.166295306632	0.171754337503	0.164577147837	0.16853257605	0.167954339583	0.16832826562	0.18944289636	0.18460889521	0.168437547389	0.167933070602	0.170002927156	0.168144663209
159611913-stool2.freeze11.snv.mod.fix.bam	0.18644708986	0.1687975408	0.169275477843	0.00245773460189	0.0	0.169050697011	0.160507707338	0.165216141873	0.165912888567	0.169120941748	0.153455305322	0.165847773246	0.159752648237	0.16489910995	0.17019302051	0.162951731205	0.166969191336	0.166272953244	0.166660689806	0.18828796158	0.18311091875	0.166795922614	0.166252105866	0.168656661145	0.16659635929
159733294-stool1.freeze11.snv.mod.fix.bam	0.188694910103	0.167696748181	0.167984559734	0.170150236436	0.169050697011	0.0	0.162130237144	0.163940966906	0.164231259672	0.164495899205	0.152842158764	0.164183091396	0.159862387092	0.16519109709	0.171418015266	0.163207904839	0.167885941249	0.167468720822	0.167750215986	0.190718095844	0.185691706013	0.167688930491	0.167411362285	0.164263752785	0.167716074017
764083206-stool1.freeze11.snv.mod.fix.bam	0.17922873272	0.161284408626	0.161816750342	0.162156953593	0.160507707338	0.162130237144	0.0	0.156634039309	0.157338240586	0.160093051845	0.144691767107	0.157086343127	0.150221455984	0.159486814819	0.163489006868	0.15793991069	0.160399662869	0.159608427236	0.160137298705	0.181128398562	0.176036454246	0.160184648502	0.159559216714	0.15797414321	0.160124463111
764325968-stool1.freeze11.snv.mod.fix.bam	0.183193130219	0.164868505776	0.165187468583	0.166786094658	0.165216141873	0.163940966906	0.156634039309	0.0	0.00237020213473	0.166233329135	0.150209522918	0.163807636808	0.151212325006	0.159306644429	0.168159527484	0.161366790557	0.164009514725	0.163663212425	0.163928585189	0.184961770592	0.179912891647	0.164110220435	0.163535365989	0.161737469699	0.164057037063
764325968-stool2.freeze11.snv.mod.fix.bam	0.183639694202	0.165476212047	0.165876134465	0.167440010389	0.165912888567	0.164231259672	0.157338240586	0.00237020213473	0.0	0.166706535122	0.150323205959	0.164296069025	0.151656786437	0.159657704792	0.168697946106	0.161822188658	0.16459320658	0.164244633194	0.164525669048	0.185234395386	0.180225230862	0.164762429341	0.164123006772	0.162436545209	0.164596643407
764447348-stool1.freeze11.snv.mod.fix.bam	0.186820915349	0.168758159312	0.168934511155	0.170462136016	0.169120941748	0.164495899205	0.160093051845	0.166233329135	0.166706535122	0.0	0.150285189212	0.163984049988	0.158080297249	0.16450277715	0.169474634429	0.160504049826	0.162907128002	0.162482034403	0.162676219804	0.188603467155	0.183811383938	0.162823499302	0.162397560004	0.164225114129	0.162720651425
765620695-stool1.freeze11.snv.mod.fix.bam	0.173395712794	0.153335339189	0.153628280279	0.155166472755	0.153455305322	0.152842158764	0.144691767107	0.150209522918	0.150323205959	0.150285189212	0.0	0.149684366768	0.142436109898	0.149748295249	0.153743118434	0.149111400378	0.141975863051	0.141222122615	0.141725218303	0.174401273764	0.168771447304	0.141751035676	0.141304022651	0.152421956085	0.14165224277
CCIS47745468ST-4-0.freeze11.snv.mod.fix.bam	0.186619878233	0.164929495333	0.165558195084	0.167390855723	0.165847773246	0.164183091396	0.157086343127	0.163807636808	0.164296069025	0.163984049988	0.149684366768	0.0	0.158060423048	0.161600628729	0.161844064597	0.160954768825	0.16601174129	0.165285751171	0.165697796754	0.188176372663	0.182739038495	0.165803918471	0.165254527745	0.1529033572	0.165786108431
CCIS71301801ST-4-0.freeze11.snv.mod.fix.bam	0.180519485689	0.159815236338	0.160467242745	0.161486903984	0.159752648237	0.159862387092	0.150221455984	0.151212325006	0.151656786437	0.158080297249	0.142436109898	0.158060423048	0.0	0.157129814045	0.164793209221	0.156483879776	0.158468941828	0.157679224418	0.158079087307	0.182268595292	0.17698146567	0.158536814236	0.157660504111	0.156942196172	0.158209393297
MH0360.freeze11.snv.mod.fix.bam	0.185252952929	0.16390663131	0.164131763393	0.166295306632	0.16489910995	0.16519109709	0.159486814819	0.159306644429	0.159657704792	0.16450277715	0.149748295249	0.161600628729	0.157129814045	0.0	0.165661052729	0.162501879572	0.163123193839	0.162658480783	0.162936703306	0.187821296111	0.18346982957	0.162732620027	0.162551893523	0.160713389002	0.162745968666
MH0375.freeze11.snv.mod.fix.bam	0.190616597115	0.167178499728	0.167560226605	0.171754337503	0.17019302051	0.171418015266	0.163489006868	0.168159527484	0.168697946106	0.169474634429	0.153743118434	0.161844064597	0.164793209221	0.165661052729	0.0	0.161628545809	0.169288972909	0.168482872575	0.168903752312	0.191397497052	0.187016031595	0.169036228046	0.168725367167	0.157178240476	0.168547048688
O2.CD1-0-PT.freeze11.snv.mod.fix.bam	0.158108851332	0.163986918054	0.164283230501	0.164577147837	0.162951731205	0.163207904839	0.15793991069	0.161366790557	0.161822188658	0.160504049826	0.149111400378	0.160954768825	0.156483879776	0.162501879572	0.161628545809	0.0	0.164810419864	0.164307512437	0.164663871535	0.160070622934	0.154789334158	0.164568364507	0.164249006458	0.162152930574	0.164661770993
O2.UC41-1.freeze11.snv.mod.fix.bam	0.186975200519	0.16784916412	0.16802748141	0.16853257605	0.166969191336	0.167885941249	0.160399662869	0.164009514725	0.16459320658	0.162907128002	0.141975863051	0.16601174129	0.158468941828	0.163123193839	0.169288972909	0.164810419864	0.0	0.00269639929176	0.0026246098321	0.188503229781	0.183380636202	0.00434440191084	0.00237880619948	0.167488088125	0.00328290777516
O2.UC7-0.freeze11.snv.mod.fix.bam	0.186584427647	0.167364863527	0.167710624727	0.167954339583	0.166272953244	0.167468720822	0.159608427236	0.163663212425	0.164244633194	0.162482034403	0.141222122615	0.165285751171	0.157679224418	0.162658480783	0.168482872575	0.164307512437	0.00269639929176	0.0	0.00214640640163	0.187850711097	0.182930816474	0.00440785061803	0.0024393921539	0.166944032374	0.00287917632522
O2.UC7-1.freeze11.snv.mod.fix.bam	0.18682487341	0.167587577739	0.167937252756	0.16832826562	0.166660689806	0.167750215986	0.160137298705	0.163928585189	0.164525669048	0.162676219804	0.141725218303	0.165697796754	0.158079087307	0.162936703306	0.168903752312	0.164663871535	0.0026246098321	0.00214640640163	0.0	0.188157106531	0.183286014377	0.00436571751717	0.00239136667003	0.167101226243	0.00275160095895
V1.CD12-3.freeze11.snv.mod.fix.bam	0.0130551281166	0.189768578878	0.189975660459	0.18944289636	0.18828796158	0.190718095844	0.181128398562	0.184961770592	0.185234395386	0.188603467155	0.174401273764	0.188176372663	0.182268595292	0.187821296111	0.191397497052	0.160070622934	0.188503229781	0.187850711097	0.188157106531	0.0	0.00341135923213	0.1885370626	0.188109133439	0.188312230483	0.188063748266
V1.FI16.freeze11.snv.mod.fix.bam	0.0117869385382	0.184673918429	0.184979068178	0.18460889521	0.18311091875	0.185691706013	0.176036454246	0.179912891647	0.180225230862	0.183811383938	0.168771447304	0.182739038495	0.17698146567	0.18346982957	0.187016031595	0.154789334158	0.183380636202	0.182930816474	0.183286014377	0.00341135923213	0.0	0.183353020017	0.182843877451	0.184067378499	0.183479995428
V1.FI23.freeze11.snv.mod.fix.bam	0.186987763371	0.167631961847	0.167942571532	0.168437547389	0.166795922614	0.167688930491	0.160184648502	0.164110220435	0.164762429341	0.162823499302	0.141751035676	0.165803918471	0.158536814236	0.162732620027	0.169036228046	0.164568364507	0.00434440191084	0.00440785061803	0.00436571751717	0.1885370626	0.183353020017	0.0	0.00402417980906	0.167480408262	0.00507479748677
V1.FI25.freeze11.snv.mod.fix.bam	0.186536436424	0.167212511467	0.167580467745	0.167933070602	0.166252105866	0.167411362285	0.159559216714	0.163535365989	0.164123006772	0.162397560004	0.141304022651	0.165254527745	0.157660504111	0.162551893523	0.168725367167	0.164249006458	0.00237880619948	0.0024393921539	0.00239136667003	0.188109133439	0.182843877451	0.00402417980906	0.0	0.166997397598	0.00314378046361
V1.UC35-4.freeze11.snv.mod.fix.bam	0.186976425623	0.125546388398	0.125911361819	0.170002927156	0.168656661145	0.164263752785	0.15797414321	0.161737469699	0.162436545209	0.164225114129	0.152421956085	0.1529033572	0.156942196172	0.160713389002	0.157178240476	0.162152930574	0.167488088125	0.166944032374	0.167101226243	0.188312230483	0.184067378499	0.167480408262	0.166997397598	0.0	0.166722872241
V1.UC49-1.freeze11.snv.mod.fix.bam	0.187073955898	0.16771456886	0.167928398285	0.168144663209	0.16659635929	0.167716074017	0.160124463111	0.164057037063	0.164596643407	0.162720651425	0.14165224277	0.165786108431	0.158209393297	0.162745968666	0.168547048688	0.164661770993	0.00328290777516	0.00287917632522	0.00275160095895	0.188063748266	0.183479995428	0.00507479748677	0.00314378046361	0.166722872241	0.0
