	158256496-stool2.freeze11.snv.mod.fix.bam	158479027-stool1.freeze11.snv.mod.fix.bam	158479027-stool2.freeze11.snv.mod.fix.bam	159611913-stool1.freeze11.snv.mod.fix.bam	159611913-stool2.freeze11.snv.mod.fix.bam	159733294-stool1.freeze11.snv.mod.fix.bam	764083206-stool1.freeze11.snv.mod.fix.bam	764325968-stool1.freeze11.snv.mod.fix.bam	764325968-stool2.freeze11.snv.mod.fix.bam	764447348-stool1.freeze11.snv.mod.fix.bam	765620695-stool1.freeze11.snv.mod.fix.bam	CCIS47745468ST-4-0.freeze11.snv.mod.fix.bam	CCIS71301801ST-4-0.freeze11.snv.mod.fix.bam	MH0360.freeze11.snv.mod.fix.bam	MH0375.freeze11.snv.mod.fix.bam	O2.CD1-0-PT.freeze11.snv.mod.fix.bam	O2.UC41-1.freeze11.snv.mod.fix.bam	O2.UC7-0.freeze11.snv.mod.fix.bam	O2.UC7-1.freeze11.snv.mod.fix.bam	V1.CD12-3.freeze11.snv.mod.fix.bam	V1.FI16.freeze11.snv.mod.fix.bam	V1.FI23.freeze11.snv.mod.fix.bam	V1.FI25.freeze11.snv.mod.fix.bam	V1.UC35-4.freeze11.snv.mod.fix.bam	V1.UC49-1.freeze11.snv.mod.fix.bam
158256496-stool2.freeze11.snv.mod.fix.bam	0.0	0.188653910708	0.187913092799	0.187612135523	0.181917097846	0.18856130847	0.170654350569	0.182947297751	0.181129978817	0.183097776389	0.139123288305	0.182866270792	0.177900475744	0.184926670602	0.183144077508	0.171383593198	0.187079672651	0.185956870507	0.186743989536	0.000937597666424	0.000567188711787	0.18718385017	0.18646618282	0.18300517415	0.18580639187
158479027-stool1.freeze11.snv.mod.fix.bam	0.188653910708	0.0	0.0	0.168327719323	0.16297994004	0.165399173525	0.152261230915	0.162690558044	0.161347825584	0.163361924275	0.12157516408	0.16021344816	0.155930594622	0.160398652637	0.1588128393	0.155340255351	0.165896910558	0.164924587052	0.165665404961	0.18577166603	0.177564792629	0.165873759998	0.165399173525	0.120799620331	0.164507876978
158479027-stool2.freeze11.snv.mod.fix.bam	0.187913092799	0.0	0.0	0.167714229491	0.162354874929	0.164820409533	0.151694042203	0.162181245732	0.160792212152	0.162725283884	0.121007975368	0.159958792004	0.15537498119	0.159785162806	0.158234075309	0.15470361496	0.165213969048	0.164264796101	0.164982463451	0.18507714924	0.176870275839	0.165179243208	0.164716232015	0.120371334977	0.163848086027
159611913-stool1.freeze11.snv.mod.fix.bam	0.187612135523	0.168327719323	0.167714229491	0.0	0.0	0.167216492459	0.152261230915	0.163894387147	0.162528504127	0.1643805489	0.122431734787	0.161695083979	0.156613536132	0.162204396291	0.162574805246	0.15537498119	0.165873759998	0.164727807295	0.165584378002	0.184868794203	0.176742947761	0.165862184718	0.165260270167	0.163767059069	0.164322672501
159611913-stool2.freeze11.snv.mod.fix.bam	0.181917097846	0.16297994004	0.162354874929	0.0	0.0	0.162134944612	0.147307011147	0.158535032584	0.157377504601	0.159148522416	0.118739220521	0.156567235013	0.151474111887	0.156926068688	0.157261751803	0.150177680545	0.160456529037	0.159287425774	0.160178722321	0.179139030686	0.171094211203	0.160433378477	0.159843039205	0.158477156185	0.158940167379
159733294-stool1.freeze11.snv.mod.fix.bam	0.18856130847	0.165399173525	0.164820409533	0.167216492459	0.162134944612	0.0	0.152076026438	0.160745911032	0.159044344897	0.158222500029	0.120290308018	0.15812989779	0.154634163281	0.160803787432	0.161984465974	0.153036774664	0.164947737612	0.163894387147	0.164693081455	0.18576009075	0.177425889271	0.164808834254	0.16439212418	0.157771064115	0.163547128752
764083206-stool1.freeze11.snv.mod.fix.bam	0.170654350569	0.152261230915	0.151694042203	0.152261230915	0.147307011147	0.152076026438	0.0	0.146820849394	0.145755923649	0.146913451633	0.109374819136	0.144968804621	0.139551573659	0.148186732414	0.147515366184	0.141959231864	0.150594390619	0.149390561517	0.150328159183	0.168015186767	0.160525980716	0.15057124006	0.149911449109	0.144945654061	0.14918220648
764325968-stool1.freeze11.snv.mod.fix.bam	0.182947297751	0.162690558044	0.162181245732	0.163894387147	0.158535032584	0.160745911032	0.146820849394	0.0	0.0	0.159970367284	0.118391962126	0.158025720272	0.14643886516	0.154946695836	0.158778113461	0.152157053397	0.161220497506	0.160329200958	0.161116319987	0.180053477793	0.17193920663	0.161417277263	0.160711185193	0.15536340591	0.160028243683
764325968-stool2.freeze11.snv.mod.fix.bam	0.181129978817	0.161347825584	0.160792212152	0.162528504127	0.157377504601	0.159044344897	0.145755923649	0.0	0.0	0.158465580905	0.117477515019	0.156555659733	0.14506140686	0.153511361137	0.157585859638	0.150733293977	0.159854614485	0.158940167379	0.159762012247	0.178247734139	0.170156613536	0.160062969522	0.159356877453	0.154171152088	0.158720237062
764447348-stool1.freeze11.snv.mod.fix.bam	0.183097776389	0.163361924275	0.162725283884	0.1643805489	0.159148522416	0.158222500029	0.146913451633	0.159970367284	0.158465580905	0.0	0.116065330879	0.155004572236	0.149923024389	0.157088122605	0.156937643968	0.146890301073	0.156937643968	0.155872718223	0.156613536132	0.180470187867	0.172575847021	0.156926068688	0.156451482215	0.154865668878	0.155618062067
765620695-stool1.freeze11.snv.mod.fix.bam	0.139123288305	0.12157516408	0.121007975368	0.122431734787	0.118739220521	0.120290308018	0.109374819136	0.118391962126	0.117477515019	0.116065330879	0.0	0.115752798324	0.110879605514	0.117095530784	0.116782998229	0.112453843572	0.11190980542	0.110995358313	0.111678299823	0.136136866109	0.129261149888	0.111840353741	0.111435218946	0.117500665579	0.110925906634
CCIS47745468ST-4-0.freeze11.snv.mod.fix.bam	0.182866270792	0.16021344816	0.159958792004	0.161695083979	0.156567235013	0.15812989779	0.144968804621	0.158025720272	0.156555659733	0.155004572236	0.115752798324	0.0	0.150825896216	0.154402657684	0.150096653587	0.148233033534	0.160444953757	0.159345302173	0.16021344816	0.179926149715	0.171765577433	0.160468104316	0.159854614485	0.14434373951	0.158974893218
CCIS71301801ST-4-0.freeze11.snv.mod.fix.bam	0.177900475744	0.155930594622	0.15537498119	0.156613536132	0.151474111887	0.154634163281	0.139551573659	0.14643886516	0.14506140686	0.149923024389	0.110879605514	0.150825896216	0.0	0.150721718698	0.153731291454	0.145188734938	0.153742866734	0.15260848931	0.153453484738	0.174960354667	0.166996562142	0.15398594761	0.153117801623	0.148811797525	0.152330682594
MH0360.freeze11.snv.mod.fix.bam	0.184926670602	0.160398652637	0.159785162806	0.162204396291	0.156926068688	0.160803787432	0.148186732414	0.154946695836	0.153511361137	0.157088122605	0.117095530784	0.154402657684	0.150721718698	0.0	0.155699089025	0.151566714125	0.159067495457	0.15815304835	0.158789688741	0.182275931521	0.174138509798	0.158754962901	0.158430855066	0.153638689215	0.157967843873
MH0375.freeze11.snv.mod.fix.bam	0.183144077508	0.1588128393	0.158234075309	0.162574805246	0.157261751803	0.161984465974	0.147515366184	0.158778113461	0.157585859638	0.156937643968	0.116782998229	0.150096653587	0.153731291454	0.155699089025	0.0	0.145535993333	0.160167147041	0.158963317938	0.159785162806	0.179960875554	0.172240163906	0.160028243683	0.159611533609	0.145628595571	0.158697086502
O2.CD1-0-PT.freeze11.snv.mod.fix.bam	0.171383593198	0.155340255351	0.15470361496	0.15537498119	0.150177680545	0.153036774664	0.141959231864	0.152157053397	0.150733293977	0.146890301073	0.112453843572	0.148233033534	0.145188734938	0.151566714125	0.145535993333	0.0	0.155560185667	0.154518410483	0.155282378952	0.171591948235	0.163593429871	0.15537498119	0.154981421676	0.14920535704	0.154159576808
O2.UC41-1.freeze11.snv.mod.fix.bam	0.187079672651	0.165896910558	0.165213969048	0.165873759998	0.160456529037	0.164947737612	0.150594390619	0.161220497506	0.159854614485	0.156937643968	0.11190980542	0.160444953757	0.153742866734	0.159067495457	0.160167147041	0.155560185667	0.0	0.000300957275642	0.000277806715977	0.184070099895	0.175886377053	0.00224560428748	0.00028938199581	0.161313099744	0.00028938199581
O2.UC7-0.freeze11.snv.mod.fix.bam	0.185956870507	0.164924587052	0.164264796101	0.164727807295	0.159287425774	0.163894387147	0.149390561517	0.160329200958	0.158940167379	0.155872718223	0.110995358313	0.159345302173	0.15260848931	0.15815304835	0.158963317938	0.154518410483	0.000300957275642	0.0	0.0	0.182727367434	0.174763574909	0.00226875484715	0.000324107835307	0.160294475119	0.0
O2.UC7-1.freeze11.snv.mod.fix.bam	0.186743989536	0.165665404961	0.164982463451	0.165584378002	0.160178722321	0.164693081455	0.150328159183	0.161116319987	0.159762012247	0.156613536132	0.111678299823	0.16021344816	0.153453484738	0.158789688741	0.159785162806	0.155282378952	0.000277806715977	0.0	0.0	0.183537637022	0.175562269218	0.00221087844799	0.00028938199581	0.160977416629	0.0
V1.CD12-3.freeze11.snv.mod.fix.bam	0.000937597666424	0.18577166603	0.18507714924	0.184868794203	0.179139030686	0.18576009075	0.168015186767	0.180053477793	0.178247734139	0.180470187867	0.136136866109	0.179926149715	0.174960354667	0.182275931521	0.179960875554	0.171591948235	0.184070099895	0.182727367434	0.183537637022	0.0	0.00053246287229	0.184127976294	0.183491335903	0.180146080031	0.182611614636
V1.FI16.freeze11.snv.mod.fix.bam	0.000567188711787	0.177564792629	0.176870275839	0.176742947761	0.171094211203	0.177425889271	0.160525980716	0.17193920663	0.170156613536	0.172575847021	0.129261149888	0.171765577433	0.166996562142	0.174138509798	0.172240163906	0.163593429871	0.175886377053	0.174763574909	0.175562269218	0.00053246287229	0.0	0.175944253452	0.175261311942	0.172471669503	0.174624671551
V1.FI23.freeze11.snv.mod.fix.bam	0.18718385017	0.165873759998	0.165179243208	0.165862184718	0.160433378477	0.164808834254	0.15057124006	0.161417277263	0.160062969522	0.156926068688	0.111840353741	0.160468104316	0.15398594761	0.158754962901	0.160028243683	0.15537498119	0.00224560428748	0.00226875484715	0.00221087844799	0.184127976294	0.175944253452	0.0	0.00219930316815	0.161405701983	0.00222245372782
V1.FI25.freeze11.snv.mod.fix.bam	0.18646618282	0.165399173525	0.164716232015	0.165260270167	0.159843039205	0.16439212418	0.149911449109	0.160711185193	0.159356877453	0.156451482215	0.111435218946	0.159854614485	0.153117801623	0.158430855066	0.159611533609	0.154981421676	0.00028938199581	0.000324107835307	0.00028938199581	0.183491335903	0.175261311942	0.00219930316815	0.0	0.160838513271	0.000324107835307
V1.UC35-4.freeze11.snv.mod.fix.bam	0.18300517415	0.120799620331	0.120371334977	0.163767059069	0.158477156185	0.157771064115	0.144945654061	0.15536340591	0.154171152088	0.154865668878	0.117500665579	0.14434373951	0.148811797525	0.153638689215	0.145628595571	0.14920535704	0.161313099744	0.160294475119	0.160977416629	0.180146080031	0.172471669503	0.161405701983	0.160838513271	0.0	0.159796738086
V1.UC49-1.freeze11.snv.mod.fix.bam	0.18580639187	0.164507876978	0.163848086027	0.164322672501	0.158940167379	0.163547128752	0.14918220648	0.160028243683	0.158720237062	0.155618062067	0.110925906634	0.158974893218	0.152330682594	0.157967843873	0.158697086502	0.154159576808	0.00028938199581	0.0	0.0	0.182611614636	0.174624671551	0.00222245372782	0.000324107835307	0.159796738086	0.0
