	CCIS14449628ST-4-0.snv.bam	CCIS16561622ST-4-0.snv.bam	CCIS51595129ST-4-0.snv.bam	CCIS63468405ST-4-0.snv.bam	CCIS74239020ST-4-0.snv.bam	CCIS87605453ST-4-0.snv.bam	M2.4-V1.metaG.snv.bam	M2.4-V1.metaT.snv.bam	M2.4-V3.metaG.snv.bam	M2.4-V3.metaT.snv.bam	MH0192.snv.bam	MH0220.snv.bam	MH0265.snv.bam	MH0323.snv.bam	MH0383.snv.bam	MH0409.snv.bam	MH0430.snv.bam	MMRS34569532ST-27-0-0.snv.bam	MMRS51737257ST-27-0-0.snv.bam	MMRS93621581ST-27-0-0.snv.bam	T2D-33A.snv.bam
CCIS14449628ST-4-0.snv.bam	0.0	0.183908045977	0.209195402299	0.197701149425	0.213793103448	0.222988505747	0.220689655172	0.140229885057	0.222988505747	0.177011494253	0.213793103448	0.204597701149	0.213793103448	0.2	0.183908045977	0.204597701149	0.216091954023	0.144827586207	0.140229885057	0.128735632184	0.163218390805
CCIS16561622ST-4-0.snv.bam	0.183908045977	0.0	0.101149425287	0.165517241379	0.105747126437	0.101149425287	0.0850574712644	0.0712643678161	0.0873563218391	0.0827586206897	0.12183908046	0.0988505747126	0.112643678161	0.105747126437	0.12183908046	0.101149425287	0.11724137931	0.195402298851	0.197701149425	0.195402298851	0.222988505747
CCIS51595129ST-4-0.snv.bam	0.209195402299	0.101149425287	0.0	0.15632183908	0.110344827586	0.0896551724138	0.0988505747126	0.0597701149425	0.101149425287	0.0804597701149	0.112643678161	0.101149425287	0.103448275862	0.0781609195402	0.105747126437	0.110344827586	0.0988505747126	0.2	0.204597701149	0.197701149425	0.229885057471
CCIS63468405ST-4-0.snv.bam	0.197701149425	0.165517241379	0.15632183908	0.0	0.15632183908	0.149425287356	0.167816091954	0.101149425287	0.167816091954	0.128735632184	0.135632183908	0.142528735632	0.158620689655	0.137931034483	0.154022988506	0.165517241379	0.163218390805	0.197701149425	0.186206896552	0.186206896552	0.222988505747
CCIS74239020ST-4-0.snv.bam	0.213793103448	0.105747126437	0.110344827586	0.15632183908	0.0	0.0942528735632	0.12183908046	0.0804597701149	0.124137931034	0.108045977011	0.135632183908	0.00229885057471	0.12183908046	0.0965517241379	0.142528735632	0.101149425287	0.112643678161	0.2	0.206896551724	0.197701149425	0.232183908046
CCIS87605453ST-4-0.snv.bam	0.222988505747	0.101149425287	0.0896551724138	0.149425287356	0.0942528735632	0.0	0.0873563218391	0.0528735632184	0.0919540229885	0.0666666666667	0.12183908046	0.0850574712644	0.0965517241379	0.0942528735632	0.126436781609	0.0965517241379	0.0896551724138	0.213793103448	0.218390804598	0.204597701149	0.23908045977
M2.4-V1.metaG.snv.bam	0.220689655172	0.0850574712644	0.0988505747126	0.167816091954	0.12183908046	0.0873563218391	0.0	0.0	0.0	0.0	0.119540229885	0.110344827586	0.105747126437	0.108045977011	0.131034482759	0.0850574712644	0.110344827586	0.211494252874	0.220689655172	0.206896551724	0.245977011494
M2.4-V1.metaT.snv.bam	0.140229885057	0.0712643678161	0.0597701149425	0.101149425287	0.0804597701149	0.0528735632184	0.0	0.0	0.0	0.0	0.0620689655172	0.0735632183908	0.0597701149425	0.0528735632184	0.064367816092	0.048275862069	0.0551724137931	0.114942528736	0.131034482759	0.124137931034	0.147126436782
M2.4-V3.metaG.snv.bam	0.222988505747	0.0873563218391	0.101149425287	0.167816091954	0.124137931034	0.0919540229885	0.0	0.0	0.0	0.0	0.12183908046	0.112643678161	0.108045977011	0.110344827586	0.133333333333	0.0873563218391	0.112643678161	0.213793103448	0.222988505747	0.209195402299	0.248275862069
M2.4-V3.metaT.snv.bam	0.177011494253	0.0827586206897	0.0804597701149	0.128735632184	0.108045977011	0.0666666666667	0.0	0.0	0.0	0.0	0.0896551724138	0.0942528735632	0.0827586206897	0.0804597701149	0.0988505747126	0.0689655172414	0.0827586206897	0.165517241379	0.167816091954	0.163218390805	0.195402298851
MH0192.snv.bam	0.213793103448	0.12183908046	0.112643678161	0.135632183908	0.135632183908	0.12183908046	0.119540229885	0.0620689655172	0.12183908046	0.0896551724138	0.0	0.12183908046	0.0965517241379	0.103448275862	0.11724137931	0.0988505747126	0.124137931034	0.216091954023	0.213793103448	0.204597701149	0.241379310345
MH0220.snv.bam	0.204597701149	0.0988505747126	0.101149425287	0.142528735632	0.00229885057471	0.0850574712644	0.110344827586	0.0735632183908	0.112643678161	0.0942528735632	0.12183908046	0.0	0.108045977011	0.0896551724138	0.133333333333	0.0873563218391	0.103448275862	0.186206896552	0.193103448276	0.183908045977	0.220689655172
MH0265.snv.bam	0.213793103448	0.112643678161	0.103448275862	0.158620689655	0.12183908046	0.0965517241379	0.105747126437	0.0597701149425	0.108045977011	0.0827586206897	0.0965517241379	0.108045977011	0.0	0.112643678161	0.126436781609	0.0942528735632	0.0965517241379	0.216091954023	0.216091954023	0.209195402299	0.245977011494
MH0323.snv.bam	0.2	0.105747126437	0.0781609195402	0.137931034483	0.0965517241379	0.0942528735632	0.108045977011	0.0528735632184	0.110344827586	0.0804597701149	0.103448275862	0.0896551724138	0.112643678161	0.0	0.103448275862	0.0873563218391	0.108045977011	0.195402298851	0.197701149425	0.190804597701	0.222988505747
MH0383.snv.bam	0.183908045977	0.12183908046	0.105747126437	0.154022988506	0.142528735632	0.126436781609	0.131034482759	0.064367816092	0.133333333333	0.0988505747126	0.11724137931	0.133333333333	0.126436781609	0.103448275862	0.0	0.11724137931	0.124137931034	0.186206896552	0.177011494253	0.179310344828	0.213793103448
MH0409.snv.bam	0.204597701149	0.101149425287	0.110344827586	0.165517241379	0.101149425287	0.0965517241379	0.0850574712644	0.048275862069	0.0873563218391	0.0689655172414	0.0988505747126	0.0873563218391	0.0942528735632	0.0873563218391	0.11724137931	0.0	0.11724137931	0.2	0.202298850575	0.193103448276	0.232183908046
MH0430.snv.bam	0.216091954023	0.11724137931	0.0988505747126	0.163218390805	0.112643678161	0.0896551724138	0.110344827586	0.0551724137931	0.112643678161	0.0827586206897	0.124137931034	0.103448275862	0.0965517241379	0.108045977011	0.124137931034	0.11724137931	0.0	0.211494252874	0.213793103448	0.204597701149	0.236781609195
MMRS34569532ST-27-0-0.snv.bam	0.144827586207	0.195402298851	0.2	0.197701149425	0.2	0.213793103448	0.211494252874	0.114942528736	0.213793103448	0.165517241379	0.216091954023	0.186206896552	0.216091954023	0.195402298851	0.186206896552	0.2	0.211494252874	0.0	0.131034482759	0.135632183908	0.154022988506
MMRS51737257ST-27-0-0.snv.bam	0.140229885057	0.197701149425	0.204597701149	0.186206896552	0.206896551724	0.218390804598	0.220689655172	0.131034482759	0.222988505747	0.167816091954	0.213793103448	0.193103448276	0.216091954023	0.197701149425	0.177011494253	0.202298850575	0.213793103448	0.131034482759	0.0	0.0988505747126	0.135632183908
MMRS93621581ST-27-0-0.snv.bam	0.128735632184	0.195402298851	0.197701149425	0.186206896552	0.197701149425	0.204597701149	0.206896551724	0.124137931034	0.209195402299	0.163218390805	0.204597701149	0.183908045977	0.209195402299	0.190804597701	0.179310344828	0.193103448276	0.204597701149	0.135632183908	0.0988505747126	0.0	0.135632183908
T2D-33A.snv.bam	0.163218390805	0.222988505747	0.229885057471	0.222988505747	0.232183908046	0.23908045977	0.245977011494	0.147126436782	0.248275862069	0.195402298851	0.241379310345	0.220689655172	0.245977011494	0.222988505747	0.213793103448	0.232183908046	0.236781609195	0.154022988506	0.135632183908	0.135632183908	0.0
