	158337416-tonguedorsum1.snv.bam	158479027-tonguedorsum1.snv.bam	158479027-tonguedorsum2.snv.bam	158883629-tonguedorsum1.snv.bam	159227541-tonguedorsum3.snv.bam	159268001-tonguedorsum1.snv.bam	159510762-tonguedorsum2.snv.bam	159551223-tonguedorsum1.snv.bam	159551223-tonguedorsum2.snv.bam	159571453-tonguedorsum1.snv.bam	160178356-tonguedorsum2.snv.bam	160178356-tonguedorsum3.snv.bam	160259276-tonguedorsum1.snv.bam	160319967-tonguedorsum2.snv.bam	160380657-tonguedorsum1.snv.bam	160582958-tonguedorsum2.snv.bam	234447334-tonguedorsum2.snv.bam	246515023-tonguedorsum1.snv.bam	246515023-tonguedorsum2.snv.bam	508703490-tonguedorsum1.snv.bam	508703490-tonguedorsum2.snv.bam	550534656-tonguedorsum1.snv.bam	550534656-tonguedorsum2.snv.bam	550534656-tonguedorsum3.snv.bam	638754422-tonguedorsum1.snv.bam	638754422-tonguedorsum2.snv.bam	638754422-tonguedorsum3.snv.bam	663835652-tonguedorsum2.snv.bam	675950834-tonguedorsum1.snv.bam	675950834-tonguedorsum2.snv.bam	737052003-tonguedorsum1.snv.bam	763536994-tonguedorsum1.snv.bam	763536994-tonguedorsum2.snv.bam	763577454-tonguedorsum1.snv.bam	763577454-tonguedorsum2.snv.bam	763840445-tonguedorsum1.snv.bam	763961826-palatinetonsils2.snv.bam	763982056-tonguedorsum1.snv.bam	763982056-tonguedorsum3.snv.bam	764062976-tonguedorsum2.snv.bam	764083206-tonguedorsum1.snv.bam	764224817-tonguedorsum1.snv.bam	764325968-tonguedorsum2.snv.bam	764366428-throat2.snv.bam	764366428-tonguedorsum2.snv.bam	764467579-tonguedorsum3.snv.bam	764588959-tonguedorsum2.snv.bam	765013792-tonguedorsum2.snv.bam	765034022-tonguedorsum1.snv.bam	765074482-tonguedorsum3.snv.bam	765195863-tonguedorsum3.snv.bam	765216093-tonguedorsum3.snv.bam	765701615-tonguedorsum1.snv.bam	765701615-tonguedorsum2.snv.bam	823052294-tonguedorsum1.snv.bam	861967750-tonguedorsum1.snv.bam	861967750-tonguedorsum2.snv.bam	863126187-tonguedorsum3.snv.bam
158337416-tonguedorsum1.snv.bam	0.0	0.15191202376	0.150953180865	0.220477679453	0.191313272216	0.130599113296	0.139215336874	0.161537532278	0.158011515672	0.160674303869	0.127470667316	0.131402275966	0.171768364063	0.158651610392	0.197823566192	0.157195982136	0.182800054815	0.160663605522	0.198286182104	0.196925394294	0.196998829798	0.172133444299	0.183989469575	0.179043535472	0.168147969109	0.173653524004	0.158949387125	0.234769986213	0.177059918581	0.180453738384	0.147150941939	0.185272637717	0.187937719777	0.177878874231	0.186066509681	0.173662438065	0.173981890967	0.201296236789	0.201514943006	0.208784302364	0.148238675508	0.155684705183	0.211211217836	0.182008687779	0.17501091616	0.139640301415	0.148650801335	0.211487196323	0.184939759047	0.16413624078	0.176141357033	0.125003496808	0.159809069729	0.14390707361	0.159225622097	0.140843465848	0.144246742501	0.174194414602
158479027-tonguedorsum1.snv.bam	0.15191202376	0.0	0.000926384204676	0.22506174107	0.19234471468	0.13949630468	0.174116069005	0.146205981244	0.144409261276	0.0858874956503	0.156518162745	0.150413265827	0.147861712774	0.16826924223	0.153009154494	0.131503462908	0.172508031387	0.151308121549	0.194391130545	0.179771824555	0.179731363926	0.160648753792	0.163028224327	0.155966038896	0.144497635342	0.158224726912	0.143458467234	0.262573860668	0.123773132622	0.114276241826	0.0647916658475	0.161148127108	0.162115158086	0.180649912777	0.178950597755	0.159294358485	0.168617734118	0.150615736065	0.150597003345	0.229697381656	0.147656704311	0.139562154704	0.167498400587	0.157182718371	0.149654175122	0.0689924460709	0.0729353696596	0.175708267448	0.180498357755	0.142329215668	0.152425682886	0.15304175329	0.141880804381	0.140618541233	0.117334946151	0.112212771414	0.122291607497	0.116359890828
158479027-tonguedorsum2.snv.bam	0.150953180865	0.000926384204676	0.0	0.225155285278	0.191758381898	0.14110411336	0.169990085051	0.145209385351	0.143614383038	0.0869787324339	0.154842276108	0.149553286847	0.147338189277	0.167428111523	0.154821023464	0.132715509721	0.174033335933	0.15329832996	0.192777288263	0.179225030852	0.179184111746	0.160556289049	0.163797028592	0.155456436579	0.144386749328	0.156961188368	0.144312093914	0.256654272619	0.124296057473	0.115849944431	0.0658317457178	0.160281405126	0.161177535144	0.180218088126	0.178186598693	0.158524251926	0.16940943862	0.152560404991	0.152546954017	0.226480242383	0.146505553553	0.13842713434	0.167585239225	0.155700442982	0.148931978093	0.069911617134	0.0740651873129	0.171311860749	0.180057577452	0.141363613942	0.151578616377	0.149875276439	0.140823525473	0.142117995975	0.118314545704	0.113695570894	0.122882017981	0.117187340885
158883629-tonguedorsum1.snv.bam	0.220477679453	0.22506174107	0.225155285278	0.0	0.261268420437	0.236164794452	0.245423661722	0.240761937821	0.245398193584	0.236978487652	0.23127670186	0.229150543337	0.191285302305	0.219073972002	0.236328379987	0.226648490873	0.251396558349	0.231049619525	0.191086524292	0.252380366033	0.253193360233	0.24243724057	0.248606480859	0.251195570095	0.246287429655	0.250324761745	0.241051725771	0.234491277576	0.206479384704	0.19256587711	0.208913243103	0.251698253816	0.253986434005	0.248799629517	0.254391508786	0.25870746945	0.274658637793	0.199666432284	0.199744639298	0.237933317679	0.235043377639	0.220812731676	0.272538093463	0.245886649467	0.239037202657	0.214264861409	0.219477924594	0.211359832104	0.245898756978	0.251114960506	0.238499217322	0.239280610803	0.245112357028	0.209042033423	0.233049641736	0.223260246633	0.214960462974	0.20002706644
159227541-tonguedorsum3.snv.bam	0.191313272216	0.19234471468	0.191758381898	0.261268420437	0.0	0.17007650685	0.194506686339	0.13715557864	0.142776324322	0.193123828092	0.18911089923	0.188684998376	0.210822991022	0.146548378862	0.201097405217	0.1383823238	0.184242069834	0.162496624794	0.209245655525	0.202394331466	0.202466116734	0.174467889338	0.181220897927	0.17546958127	0.17421959278	0.181305280043	0.16505447125	0.317062878247	0.198702393653	0.211898041672	0.177988246669	0.18147521843	0.182388874775	0.189918623075	0.198066491912	0.213781629412	0.178708383235	0.145925667819	0.145989269491	0.261741749649	0.185652977903	0.191088409898	0.206039984756	0.0549114655489	0.0517211879567	0.182267365592	0.177649697701	0.219125117945	0.173457164985	0.163813599033	0.136684035079	0.178623350809	0.160887491407	0.177687832357	0.170769762099	0.176090426399	0.162919628434	0.204660985297
159268001-tonguedorsum1.snv.bam	0.130599113296	0.13949630468	0.14110411336	0.236164794452	0.17007650685	0.0	0.136035403957	0.115708390639	0.117872200866	0.130561530533	0.109045971321	0.109189178178	0.164259198445	0.125865729094	0.112528816986	0.114009028728	0.145481586708	0.130484654485	0.161124914377	0.153359459569	0.153318770993	0.138564194403	0.142917573035	0.14002522182	0.127426087555	0.134928078645	0.139078528839	0.269054985088	0.154547888781	0.169134093888	0.131188383396	0.151311640789	0.152049039725	0.154155793111	0.150906298205	0.146106080697	0.113656662329	0.142979947022	0.14293453213	0.183877478086	0.10934896737	0.108026797915	0.144223245955	0.162173364637	0.155063334346	0.137533941893	0.137386889462	0.171812998968	0.165164071449	0.13735433342	0.141975007652	0.120364697203	0.110610335234	0.0746258913286	0.134748967509	0.113834180243	0.111016921314	0.156071783762
159510762-tonguedorsum2.snv.bam	0.139215336874	0.174116069005	0.169990085051	0.245423661722	0.194506686339	0.136035403957	0.0	0.141837728156	0.142131276309	0.169772025813	0.0720414707422	0.0806826503249	0.202308729592	0.137132287284	0.195481702238	0.146435184638	0.201060461533	0.152216750066	0.185369008113	0.190985972924	0.19380184594	0.193311368196	0.198614483126	0.197150796444	0.166895106262	0.160826980603	0.164866222213	0.285970977805	0.189654223778	0.205649422194	0.167151699784	0.205350398554	0.208661387948	0.205500754938	0.20683115952	0.182935119135	0.157218913938	0.179845632717	0.176947516357	0.220559362746	0.154574916466	0.11799561612	0.196843380818	0.192712754407	0.188898138393	0.168632486995	0.170658518434	0.187552951485	0.18782222998	0.123190878448	0.157539292833	0.0719381545545	0.157704590227	0.151857755266	0.178109116063	0.158907735423	0.152310400725	0.193441051056
159551223-tonguedorsum1.snv.bam	0.161537532278	0.146205981244	0.145209385351	0.240761937821	0.13715557864	0.115708390639	0.141837728156	0.0	0.0173924757162	0.134522439591	0.148288752657	0.145314823214	0.168799000791	0.109707140638	0.161969115401	0.0748124771494	0.158156732576	0.0976242692369	0.173719072634	0.154910908378	0.154826874765	0.163172751385	0.163475481032	0.153267868013	0.134578788862	0.135105504789	0.127800659034	0.294787168207	0.175750978151	0.175683843431	0.131586121657	0.16247629979	0.16335681452	0.166900201728	0.170974357456	0.178614073998	0.144703531931	0.121723650909	0.121803582999	0.226549333852	0.144058625123	0.122406259092	0.162685203341	0.1579127315	0.150105987728	0.133446303044	0.131748601566	0.166896910959	0.184354046681	0.131728763783	0.141724065449	0.138155493247	0.136186594869	0.124915743093	0.140596893609	0.100049030383	0.100213056321	0.162154944849
159551223-tonguedorsum2.snv.bam	0.158011515672	0.144409261276	0.143614383038	0.245398193584	0.142776324322	0.117872200866	0.142131276309	0.0173924757162	0.0	0.132234721429	0.145006656142	0.141945559398	0.166794909779	0.107511243737	0.161595064598	0.0772080284079	0.157702890583	0.0921763210326	0.173836580682	0.153744583619	0.153659597783	0.160497474599	0.160697719579	0.151389185893	0.12677356169	0.127720886578	0.12516473614	0.289216844742	0.172934561568	0.174093357977	0.129490545506	0.162888058238	0.163961574369	0.158156270613	0.161674118837	0.173739664518	0.148956883293	0.130258148751	0.130145502791	0.226032509504	0.138296487445	0.121686517871	0.160194137693	0.160654732003	0.152718119092	0.130922348357	0.129544146211	0.164783904405	0.183405465255	0.127841079854	0.143440029957	0.130941898708	0.136614209844	0.128041079743	0.138077483867	0.102604911541	0.0953040741323	0.159228271886
159571453-tonguedorsum1.snv.bam	0.160674303869	0.0858874956503	0.0869787324339	0.236978487652	0.193123828092	0.130561530533	0.169772025813	0.134522439591	0.132234721429	0.0	0.154218277063	0.149619436647	0.137697350057	0.14492160351	0.148849554236	0.127686151846	0.15330469866	0.148430888469	0.185119285682	0.115683581125	0.11575577196	0.155919542355	0.151522761312	0.147650675844	0.134435433036	0.140064763043	0.132861449057	0.263862733968	0.112865550396	0.104967019076	0.0565988673576	0.138435331211	0.139163283666	0.150938727139	0.150980488741	0.140708272026	0.122457617384	0.175690727211	0.176150218016	0.207363094667	0.14011484991	0.135158314093	0.159818055639	0.180811538518	0.17330455536	0.0663156893699	0.0692599363902	0.177860467228	0.176931805311	0.147849271515	0.171536250286	0.144292345093	0.130423171826	0.136783395341	0.0895511275465	0.0968609442805	0.109583721157	0.107718946176
160178356-tonguedorsum2.snv.bam	0.127470667316	0.156518162745	0.154842276108	0.23127670186	0.18911089923	0.109045971321	0.0720414707422	0.148288752657	0.145006656142	0.154218277063	0.0	0.0215026075643	0.185742259659	0.1243553124	0.171566358658	0.13638922582	0.175341698883	0.148472414798	0.174362500586	0.171776369363	0.173952472058	0.167024715498	0.173420508678	0.167807929443	0.143445624219	0.144934576743	0.151983386724	0.270273449454	0.175818699863	0.187686735139	0.147436286625	0.18401149002	0.18678892376	0.174190301761	0.176454595016	0.158163120539	0.15939028882	0.168005321955	0.166224927415	0.214387741035	0.127131843735	0.103141235287	0.181549113773	0.185655122869	0.178233105017	0.146972317556	0.150585698724	0.18586355209	0.182232307127	0.139102006595	0.156398954464	0.061625240653	0.146725765232	0.137659169221	0.155366682147	0.146857608473	0.128065669498	0.171012769165
160178356-tonguedorsum3.snv.bam	0.131402275966	0.150413265827	0.149553286847	0.229150543337	0.188684998376	0.109189178178	0.0806826503249	0.145314823214	0.141945559398	0.149619436647	0.0215026075643	0.0	0.187047752041	0.121405058017	0.16919935615	0.134051189965	0.170635215012	0.145986590572	0.180618247393	0.171227011946	0.173340424447	0.1639309154	0.17106790481	0.166435210287	0.137829057071	0.141049143231	0.1498081122	0.274468989563	0.178560259015	0.188463555664	0.145027715588	0.179813165529	0.182697031414	0.169802004951	0.172207229866	0.158965423717	0.159370294383	0.166324540961	0.164309241169	0.217563635707	0.125956270285	0.0891854828036	0.177482618146	0.181556336832	0.173894296431	0.143974784925	0.149634965405	0.184857338891	0.17955725117	0.138666563945	0.156439636337	0.0661186156652	0.144297193217	0.13625257122	0.153780220548	0.143238078309	0.124792422877	0.170904436659
160259276-tonguedorsum1.snv.bam	0.171768364063	0.147861712774	0.147338189277	0.191285302305	0.210822991022	0.164259198445	0.202308729592	0.168799000791	0.166794909779	0.137697350057	0.185742259659	0.187047752041	0.0	0.179595290068	0.147316892489	0.161300259939	0.169358528225	0.159543197066	0.130678266928	0.183570107943	0.183641893211	0.167564853065	0.170126794915	0.166225521127	0.183584275061	0.183258315556	0.187163380294	0.215441362203	0.0800275725437	0.0373034351846	0.0853495070579	0.201605494345	0.20231145535	0.174765844627	0.178766678518	0.165764403283	0.205119689694	0.182255820219	0.182414587172	0.204912038936	0.174647750824	0.179637537825	0.175574852628	0.200608097948	0.193158850374	0.101718470056	0.0989799423012	0.186100456579	0.151059235476	0.191738077821	0.18105733728	0.178848795744	0.175793443835	0.171150276023	0.116667293366	0.161742600836	0.15257275802	0.0635554191181
160319967-tonguedorsum2.snv.bam	0.158651610392	0.16826924223	0.167428111523	0.219073972002	0.146548378862	0.125865729094	0.137132287284	0.109707140638	0.107511243737	0.14492160351	0.1243553124	0.121405058017	0.179595290068	0.0	0.184549591616	0.110860610181	0.154704150802	0.110547561057	0.159596041473	0.148612285931	0.148571711648	0.159977577969	0.163943515918	0.154644217986	0.123611430325	0.122603866341	0.121861169864	0.286485069559	0.167895242282	0.180869232214	0.13727935704	0.172534926785	0.173358047305	0.151358037951	0.157356240221	0.155943703173	0.134590188672	0.143191216613	0.143242634907	0.219473156518	0.140395001461	0.112811327257	0.17895256272	0.156529116246	0.148611773023	0.140750484474	0.148504634215	0.151792861627	0.186266026118	0.13136915624	0.143570746659	0.121969198143	0.140558048914	0.128833240809	0.132135803556	0.1248844211	0.106694824979	0.159718268087
160380657-tonguedorsum1.snv.bam	0.197823566192	0.153009154494	0.154821023464	0.236328379987	0.201097405217	0.112528816986	0.195481702238	0.161969115401	0.161595064598	0.148849554236	0.171566358658	0.16919935615	0.147316892489	0.184549591616	0.0	0.134188754716	0.165665184331	0.151778638678	0.174046615778	0.191197959238	0.191156923884	0.167053021179	0.165911539621	0.164402190492	0.162747518885	0.175559210819	0.18464035599	0.253676604963	0.145506768487	0.130257911039	0.144065418927	0.193376362919	0.19387219378	0.184277933196	0.181198926894	0.163991823754	0.183656430375	0.178199580375	0.178754559622	0.184316848302	0.155656500347	0.167020963755	0.0909478006912	0.206128953756	0.198441830795	0.154004786542	0.15049643684	0.15915097684	0.117037801206	0.148642171499	0.177735426426	0.178354873642	0.1093809278	0.148124323808	0.161285672541	0.177707658265	0.163643555597	0.136037374926
160582958-tonguedorsum2.snv.bam	0.157195982136	0.131503462908	0.132715509721	0.226648490873	0.1383823238	0.114009028728	0.146435184638	0.0748124771494	0.0772080284079	0.127686151846	0.13638922582	0.134051189965	0.161300259939	0.110860610181	0.134188754716	0.0	0.142943875397	0.064902147759	0.1672208184	0.144985212063	0.144516301308	0.13504450051	0.137421492263	0.133123961431	0.124381070302	0.126622114797	0.131047471165	0.27435209215	0.146082149537	0.15255874325	0.107663716155	0.147691123009	0.14817554003	0.145011150037	0.143663552154	0.159547023441	0.135819630947	0.107842350243	0.107990685935	0.209707122325	0.125666185283	0.125057335455	0.142371217038	0.159599110807	0.151023077136	0.109692819167	0.112742836368	0.14420439065	0.172769227805	0.119405598602	0.141182299953	0.129226955623	0.123163853099	0.123667600484	0.118280839401	0.105646957941	0.0891272350136	0.139838176504
234447334-tonguedorsum2.snv.bam	0.182800054815	0.172508031387	0.174033335933	0.251396558349	0.184242069834	0.145481586708	0.201060461533	0.158156732576	0.157702890583	0.15330469866	0.175341698883	0.170635215012	0.169358528225	0.154704150802	0.165665184331	0.142943875397	0.0	0.156065794337	0.194039590826	0.179234308757	0.178971758408	0.0859304593238	0.0718648529486	0.074540050165	0.150187515952	0.161220179078	0.168915304729	0.271050246866	0.158518384916	0.160561197807	0.146740418586	0.0843205503902	0.0840640207798	0.0863209874371	0.081445499441	0.169381701831	0.17705733012	0.158711250977	0.15848587753	0.226299527953	0.143979061553	0.170905688624	0.166476279359	0.194438894077	0.187217681489	0.145458570657	0.147232010161	0.196979542643	0.180523607328	0.168817483794	0.166458826493	0.171167426797	0.135600636545	0.164721113523	0.108841098576	0.138810699909	0.140205370416	0.143621767469
246515023-tonguedorsum1.snv.bam	0.160663605522	0.151308121549	0.15329832996	0.231049619525	0.162496624794	0.130484654485	0.152216750066	0.0976242692369	0.0921763210326	0.148430888469	0.148472414798	0.145986590572	0.159543197066	0.110547561057	0.151778638678	0.064902147759	0.156065794337	0.0	0.149995266313	0.156998811311	0.156958350683	0.156609626836	0.162026268349	0.155619681593	0.132928942495	0.13595414576	0.130281257417	0.283377182301	0.149341649569	0.154656505208	0.126036840878	0.184381401515	0.184987204715	0.155272999392	0.150998523974	0.162065776315	0.149185374433	0.12449258963	0.12510162785	0.216795440686	0.134661362671	0.14017539087	0.147633202375	0.178942249804	0.171315363146	0.12700107938	0.130002596548	0.154021142514	0.169400905791	0.129380049886	0.137275068471	0.135526063647	0.14138407353	0.135753111449	0.134128769789	0.122396271688	0.10482737798	0.139795745583
246515023-tonguedorsum2.snv.bam	0.198286182104	0.194391130545	0.192777288263	0.191086524292	0.209245655525	0.161124914377	0.185369008113	0.173719072634	0.173836580682	0.185119285682	0.174362500586	0.180618247393	0.130678266928	0.159596041473	0.174046615778	0.1672208184	0.194039590826	0.149995266313	0.0	0.199039690961	0.198999002385	0.191387803527	0.19471396014	0.190892844668	0.173954959873	0.160482478083	0.172219601318	0.238002586005	0.13709678846	0.135458062112	0.165533299284	0.225381227698	0.225801752057	0.194240273095	0.1895710613	0.183229820596	0.170136084291	0.171356435012	0.171953823813	0.191000254414	0.161765413626	0.179995218845	0.177814916228	0.215790269125	0.208382268778	0.172802397682	0.17362153236	0.18001916888	0.190543430101	0.183735227177	0.187779411626	0.161714529022	0.168975436566	0.167506512279	0.169940699426	0.189747584731	0.153343814617	0.138905487231
508703490-tonguedorsum1.snv.bam	0.196925394294	0.179771824555	0.179225030852	0.252380366033	0.202394331466	0.153359459569	0.190985972924	0.154910908378	0.153744583619	0.115683581125	0.171776369363	0.171227011946	0.183570107943	0.148612285931	0.191197959238	0.144985212063	0.179234308757	0.156998811311	0.199039690961	0.0	0.000196629213483	0.186818775854	0.183249577979	0.187632904168	0.168647754866	0.164508500682	0.166973419452	0.301423815666	0.168822310546	0.171664778551	0.125630252101	0.162635973043	0.164269230194	0.177683356678	0.179071599378	0.167193912461	0.124598183089	0.166079381811	0.166083498974	0.21006645703	0.168857947217	0.157271318405	0.199714801102	0.208347477539	0.200765848496	0.139046518764	0.134124856972	0.196528766399	0.218027383882	0.16709927524	0.187717523037	0.160947880363	0.178223365617	0.16900346643	0.146406954021	0.138297381525	0.135058357497	0.161643495377
508703490-tonguedorsum2.snv.bam	0.196998829798	0.179731363926	0.179184111746	0.253193360233	0.202466116734	0.153318770993	0.19380184594	0.154826874765	0.153659597783	0.11575577196	0.173952472058	0.173340424447	0.183641893211	0.148571711648	0.191156923884	0.144516301308	0.178971758408	0.156958350683	0.198999002385	0.000196629213483	0.0	0.186890561122	0.183321162168	0.187591036213	0.168822586966	0.165598646021	0.167066345511	0.302525397979	0.168894911557	0.171736563819	0.12570183629	0.163184636391	0.164343304268	0.177754940867	0.178887491546	0.167152760197	0.124678546471	0.166068757556	0.166519243383	0.210025421676	0.167883779772	0.157230857776	0.199673294078	0.208306903257	0.20072492939	0.139118914106	0.134196441161	0.196485519559	0.217986231619	0.167057887147	0.187676370774	0.163227245442	0.175357703345	0.168916843152	0.14647853821	0.1383757728	0.135131582584	0.161715079566
550534656-tonguedorsum1.snv.bam	0.172133444299	0.160648753792	0.160556289049	0.24243724057	0.174467889338	0.138564194403	0.193311368196	0.163172751385	0.160497474599	0.155919542355	0.167024715498	0.1639309154	0.167564853065	0.159977577969	0.167053021179	0.13504450051	0.0859304593238	0.156609626836	0.191387803527	0.186818775854	0.186890561122	0.0	0.0379056126915	0.0366249643499	0.151251491989	0.161498541648	0.165880472173	0.275688228602	0.153811774917	0.16449004111	0.139817793892	0.100294000729	0.101061923188	0.100649964604	0.105103835221	0.171359973363	0.183027302285	0.160536263248	0.160683144246	0.222781936188	0.141946543363	0.161731627366	0.160196025333	0.181427728696	0.174038010294	0.144631632553	0.136733505275	0.204294485858	0.160883735925	0.159641836254	0.159190106991	0.164725042198	0.144222220654	0.155598971677	0.0953000970708	0.140736404405	0.139469669449	0.14872690969
550534656-tonguedorsum2.snv.bam	0.183989469575	0.163028224327	0.163797028592	0.248606480859	0.181220897927	0.142917573035	0.198614483126	0.163475481032	0.160697719579	0.151522761312	0.173420508678	0.17106790481	0.170126794915	0.163943515918	0.165911539621	0.137421492263	0.0718648529486	0.162026268349	0.19471396014	0.183249577979	0.183321162168	0.0379056126915	0.0	0.030456007264	0.152771084711	0.165078224525	0.168087530514	0.275473051154	0.148296378329	0.16155620625	0.140761297966	0.0772190475684	0.0777824374287	0.0913749001744	0.0880248744258	0.17514616736	0.181566936104	0.159674388334	0.159802020425	0.223120595261	0.143300223028	0.169100544626	0.159131929472	0.189704197004	0.183722256133	0.145844990162	0.137632086474	0.203784293646	0.170101408172	0.164876372971	0.170200690363	0.170596731581	0.15047984447	0.162346325444	0.0991642621045	0.131094836792	0.134826016786	0.144879109805
550534656-tonguedorsum3.snv.bam	0.179043535472	0.155966038896	0.155456436579	0.251195570095	0.17546958127	0.14002522182	0.197150796444	0.153267868013	0.151389185893	0.147650675844	0.167807929443	0.166435210287	0.166225521127	0.154644217986	0.164402190492	0.133123961431	0.074540050165	0.155619681593	0.190892844668	0.187632904168	0.187591036213	0.0366249643499	0.030456007264	0.0	0.141477113336	0.158252483236	0.16079527664	0.266605885032	0.147971219531	0.15801567036	0.134877710167	0.0843396435388	0.0856548437573	0.0962538267104	0.0964802545061	0.173471723717	0.175332456485	0.159098071664	0.159432593584	0.217643167904	0.139083261687	0.1665824402	0.157728481727	0.183501281041	0.175823892152	0.139727294473	0.132110002622	0.198459792985	0.167311768644	0.160560828638	0.162457484421	0.165103435091	0.142978889624	0.158741995432	0.0940313247293	0.133703740248	0.133016864582	0.141541537383
638754422-tonguedorsum1.snv.bam	0.168147969109	0.144497635342	0.144386749328	0.246287429655	0.17421959278	0.127426087555	0.166895106262	0.134578788862	0.12677356169	0.134435433036	0.143445624219	0.137829057071	0.183584275061	0.123611430325	0.162747518885	0.124381070302	0.150187515952	0.132928942495	0.173954959873	0.168647754866	0.168822586966	0.151251491989	0.152771084711	0.141477113336	0.0	0.0658083376237	0.0659476452275	0.277067615798	0.151720121441	0.173416935714	0.134078216663	0.169555227047	0.171096891006	0.149049911677	0.13834590012	0.160345055663	0.153145686194	0.168088844737	0.168060151555	0.221245245768	0.111808976443	0.134541052082	0.170223711441	0.172335765	0.164700732642	0.132837722582	0.138603975304	0.187529106927	0.178838482564	0.141420903563	0.154978942778	0.132710491583	0.128824434164	0.149147913726	0.12906707593	0.121664404901	0.106615241982	0.149904770149
638754422-tonguedorsum2.snv.bam	0.173653524004	0.158224726912	0.156961188368	0.250324761745	0.181305280043	0.134928078645	0.160826980603	0.135105504789	0.127720886578	0.140064763043	0.144934576743	0.141049143231	0.183258315556	0.122603866341	0.175559210819	0.126622114797	0.161220179078	0.13595414576	0.160482478083	0.164508500682	0.165598646021	0.161498541648	0.165078224525	0.158252483236	0.0658083376237	0.0	0.0913010398366	0.283890457856	0.152339290281	0.183580913481	0.144981552755	0.180727450421	0.182943421726	0.160808414116	0.152106409089	0.16071909869	0.142935654266	0.17182644712	0.17118739512	0.218166353696	0.119075925278	0.14396235648	0.182051735832	0.182552130734	0.175338681367	0.144719885904	0.150388930301	0.183029356185	0.188402048615	0.151249449718	0.163167308267	0.127210636881	0.144071728854	0.151105316837	0.145000234257	0.137882338172	0.117297480075	0.160978731969
638754422-tonguedorsum3.snv.bam	0.158949387125	0.143458467234	0.144312093914	0.241051725771	0.16505447125	0.139078528839	0.164866222213	0.127800659034	0.12516473614	0.132861449057	0.151983386724	0.1498081122	0.187163380294	0.121861169864	0.18464035599	0.131047471165	0.168915304729	0.130281257417	0.172219601318	0.166973419452	0.167066345511	0.165880472173	0.168087530514	0.16079527664	0.0659476452275	0.0913010398366	0.0	0.274127042897	0.15035742755	0.175186138502	0.138861628277	0.182648750141	0.183389334653	0.166116017579	0.162129203136	0.162659321309	0.143699788228	0.170955163272	0.171344741301	0.232489318685	0.139484017499	0.138783121453	0.177464022169	0.161531203207	0.153671345816	0.137319891765	0.139405609625	0.190133612943	0.181264160828	0.133781579398	0.15183778931	0.144664613887	0.150573733665	0.153905968787	0.139583388546	0.111437689127	0.107362904733	0.157882361264
663835652-tonguedorsum2.snv.bam	0.234769986213	0.262573860668	0.256654272619	0.234491277576	0.317062878247	0.269054985088	0.285970977805	0.294787168207	0.289216844742	0.263862733968	0.270273449454	0.274468989563	0.215441362203	0.286485069559	0.253676604963	0.27435209215	0.271050246866	0.283377182301	0.238002586005	0.301423815666	0.302525397979	0.275688228602	0.275473051154	0.266605885032	0.277067615798	0.283890457856	0.274127042897	0.0	0.223137149226	0.208027608336	0.245817079958	0.268842299856	0.271217463288	0.26549607526	0.277512320347	0.250661073534	0.303151245187	0.279811079898	0.279024500106	0.274033768755	0.264802069536	0.27553218417	0.281744580333	0.314559797161	0.30876535393	0.247234363336	0.249972779052	0.233727187941	0.259065536636	0.261017360776	0.302610572911	0.264157210573	0.279734729587	0.281804426855	0.262037031501	0.251772925718	0.237689746611	0.217084583482
675950834-tonguedorsum1.snv.bam	0.177059918581	0.123773132622	0.124296057473	0.206479384704	0.198702393653	0.154547888781	0.189654223778	0.175750978151	0.172934561568	0.112865550396	0.175818699863	0.178560259015	0.0800275725437	0.167895242282	0.145506768487	0.146082149537	0.158518384916	0.149341649569	0.13709678846	0.168822310546	0.168894911557	0.153811774917	0.148296378329	0.147971219531	0.151720121441	0.152339290281	0.15035742755	0.223137149226	0.0	0.0542772282198	0.0745350767256	0.183017061826	0.183752616076	0.158529542314	0.157588912838	0.147344180355	0.161493653361	0.18497852451	0.185348302549	0.196283641004	0.147637048486	0.179435906021	0.162595187037	0.185704362483	0.18122235256	0.0849039574486	0.0847041049101	0.159388560624	0.157745664249	0.167503155218	0.17356528372	0.167366755613	0.167118324812	0.159693149112	0.0996013757098	0.133230560078	0.126435233185	0.0482471779403
675950834-tonguedorsum2.snv.bam	0.180453738384	0.114276241826	0.115849944431	0.19256587711	0.211898041672	0.169134093888	0.205649422194	0.175683843431	0.174093357977	0.104967019076	0.187686735139	0.188463555664	0.0373034351846	0.180869232214	0.130257911039	0.15255874325	0.160561197807	0.154656505208	0.135458062112	0.171664778551	0.171736563819	0.16449004111	0.16155620625	0.15801567036	0.173416935714	0.183580913481	0.175186138502	0.208027608336	0.0542772282198	0.0	0.0518822713142	0.186883310002	0.187424151072	0.168310443388	0.171891976101	0.156569706717	0.196490054147	0.186899720188	0.186563087127	0.201822006958	0.168349854252	0.186739251763	0.160176879404	0.199116537123	0.192219168604	0.0685831464785	0.0647500933073	0.165008266861	0.155279374202	0.174760406457	0.187497578502	0.180129117573	0.169259434656	0.170425814605	0.0969788695541	0.137787150761	0.135862808967	0.0332247107186
737052003-tonguedorsum1.snv.bam	0.147150941939	0.0647916658475	0.0658317457178	0.208913243103	0.177988246669	0.131188383396	0.167151699784	0.131586121657	0.129490545506	0.0565988673576	0.147436286625	0.145027715588	0.0853495070579	0.13727935704	0.144065418927	0.107663716155	0.146740418586	0.126036840878	0.165533299284	0.125630252101	0.12570183629	0.139817793892	0.140761297966	0.134877710167	0.134078216663	0.144981552755	0.138861628277	0.245817079958	0.0745350767256	0.0518822713142	0.0	0.139149470913	0.141820884024	0.149637488923	0.154199817681	0.128271477299	0.146068376068	0.146949882677	0.147063346075	0.217857951146	0.131092810288	0.137692950372	0.163930900886	0.166725961759	0.159009213552	0.0197966878044	0.0192215614973	0.166587583201	0.172659398982	0.130271997378	0.143205346692	0.138767001399	0.123876569859	0.131857664274	0.0601736579162	0.0894704130915	0.0909732383985	0.0620105932761
763536994-tonguedorsum1.snv.bam	0.185272637717	0.161148127108	0.160281405126	0.251698253816	0.18147521843	0.151311640789	0.205350398554	0.16247629979	0.162888058238	0.138435331211	0.18401149002	0.179813165529	0.201605494345	0.172534926785	0.193376362919	0.147691123009	0.0843205503902	0.184381401515	0.225381227698	0.162635973043	0.163184636391	0.100294000729	0.0772190475684	0.0843396435388	0.169555227047	0.180727450421	0.182648750141	0.268842299856	0.183017061826	0.186883310002	0.139149470913	0.0	0.00164480329695	0.104840892698	0.1073162105	0.192797125593	0.177044539665	0.144425398617	0.143986096753	0.246492940814	0.167060292586	0.166177264668	0.18882407627	0.197206896464	0.18985746993	0.143344245517	0.136381937697	0.226471237466	0.197325173539	0.176486815065	0.181456549856	0.174540795366	0.160245987642	0.181100012208	0.118552873634	0.114295775067	0.139272286442	0.17528604248
763536994-tonguedorsum2.snv.bam	0.187937719777	0.162115158086	0.161177535144	0.253986434005	0.182388874775	0.152049039725	0.208661387948	0.16335681452	0.163961574369	0.139163283666	0.18678892376	0.182697031414	0.20231145535	0.173358047305	0.19387219378	0.14817554003	0.0840640207798	0.184987204715	0.225801752057	0.164269230194	0.164343304268	0.101061923188	0.0777824374287	0.0856548437573	0.171096891006	0.182943421726	0.183389334653	0.271217463288	0.183752616076	0.187424151072	0.141820884024	0.00164480329695	0.0	0.105612334606	0.107283361166	0.193705395012	0.177982516013	0.142305985462	0.142342667365	0.246601924154	0.167738646314	0.166714083194	0.189273885172	0.197765868334	0.190446471576	0.144685168194	0.13974329167	0.227222524882	0.197722399	0.177302204061	0.182363938604	0.178617906293	0.162255158493	0.181720348024	0.120307460063	0.115469382153	0.14056209946	0.176160979973
763577454-tonguedorsum1.snv.bam	0.177878874231	0.180649912777	0.180218088126	0.248799629517	0.189918623075	0.154155793111	0.205500754938	0.166900201728	0.158156270613	0.150938727139	0.174190301761	0.169802004951	0.174765844627	0.151358037951	0.184277933196	0.145011150037	0.0863209874371	0.155272999392	0.194240273095	0.177683356678	0.177754940867	0.100649964604	0.0913749001744	0.0962538267104	0.149049911677	0.160808414116	0.166116017579	0.26549607526	0.158529542314	0.168310443388	0.149637488923	0.104840892698	0.105612334606	0.0	0.0436786114949	0.182469005188	0.188094569305	0.174126048133	0.173954332966	0.223009148997	0.146521751217	0.173153539619	0.173903483162	0.200677359983	0.193477353425	0.148758808879	0.149824179168	0.203470422707	0.173019406574	0.177983134079	0.190122949914	0.149212863022	0.162562398088	0.17717148989	0.121432172501	0.140359423837	0.135370611406	0.147031790063
763577454-tonguedorsum2.snv.bam	0.186066509681	0.178950597755	0.178186598693	0.254391508786	0.198066491912	0.150906298205	0.20683115952	0.170974357456	0.161674118837	0.150980488741	0.176454595016	0.172207229866	0.178766678518	0.157356240221	0.181198926894	0.143663552154	0.081445499441	0.150998523974	0.1895710613	0.179071599378	0.178887491546	0.105103835221	0.0880248744258	0.0964802545061	0.13834590012	0.152106409089	0.162129203136	0.277512320347	0.157588912838	0.171891976101	0.154199817681	0.1073162105	0.107283361166	0.0436786114949	0.0	0.183307177425	0.183869914681	0.17697460038	0.177343740637	0.222426380491	0.137409908656	0.17398128344	0.170605887928	0.205341408443	0.198160785853	0.154569109126	0.1568052668	0.206107746341	0.179003729826	0.177410909136	0.190308142273	0.152838512665	0.158077688556	0.173690697675	0.124411053758	0.144920161686	0.136685698411	0.149121744032
763840445-tonguedorsum1.snv.bam	0.173662438065	0.159294358485	0.158524251926	0.25870746945	0.213781629412	0.146106080697	0.182935119135	0.178614073998	0.173739664518	0.140708272026	0.158163120539	0.158965423717	0.165764403283	0.155943703173	0.163991823754	0.159547023441	0.169381701831	0.162065776315	0.183229820596	0.167193912461	0.167152760197	0.171359973363	0.17514616736	0.173471723717	0.160345055663	0.16071909869	0.162659321309	0.250661073534	0.147344180355	0.156569706717	0.128271477299	0.192797125593	0.193705395012	0.182469005188	0.183307177425	0.0	0.151622689398	0.199836433108	0.200044610567	0.200466056696	0.143642815052	0.171830664225	0.195070351771	0.206047042395	0.198447414653	0.123862167754	0.12983192772	0.185279586169	0.19418641006	0.145875175529	0.172650000395	0.155972663788	0.150185561885	0.16832601922	0.136088855107	0.159877480223	0.141278231743	0.151165345455
763961826-palatinetonsils2.snv.bam	0.173981890967	0.168617734118	0.16940943862	0.274658637793	0.178708383235	0.113656662329	0.157218913938	0.144703531931	0.148956883293	0.122457617384	0.15939028882	0.159370294383	0.205119689694	0.134590188672	0.183656430375	0.135819630947	0.17705733012	0.149185374433	0.170136084291	0.124598183089	0.124678546471	0.183027302285	0.181566936104	0.175332456485	0.153145686194	0.142935654266	0.143699788228	0.303151245187	0.161493653361	0.196490054147	0.146068376068	0.177044539665	0.177982516013	0.188094569305	0.183869914681	0.151622689398	0.0	0.174198041972	0.174679360427	0.209357746614	0.135818385038	0.163096518345	0.193386689082	0.184375047203	0.176155916911	0.150246361046	0.148198063475	0.162417457398	0.226115273923	0.140877333169	0.15653311575	0.153470219054	0.148177930593	0.149942516455	0.159513718557	0.136125515064	0.127011490425	0.181813353055
763982056-tonguedorsum1.snv.bam	0.201296236789	0.150615736065	0.152560404991	0.199666432284	0.145925667819	0.142979947022	0.179845632717	0.121723650909	0.130258148751	0.175690727211	0.168005321955	0.166324540961	0.182255820219	0.143191216613	0.178199580375	0.107842350243	0.158711250977	0.12449258963	0.171356435012	0.166079381811	0.166068757556	0.160536263248	0.159674388334	0.159098071664	0.168088844737	0.17182644712	0.170955163272	0.279811079898	0.18497852451	0.186899720188	0.146949882677	0.144425398617	0.142305985462	0.174126048133	0.17697460038	0.199836433108	0.174198041972	0.0	0.00182217107307	0.255768320552	0.172511629837	0.145456425083	0.184240451792	0.178787762476	0.171166215643	0.147901787567	0.146894191796	0.191898502601	0.187166725211	0.157360204723	0.132739195642	0.166377876586	0.137640796692	0.149791204768	0.16420344299	0.131839394159	0.129118584074	0.177523190514
763982056-tonguedorsum3.snv.bam	0.201514943006	0.150597003345	0.152546954017	0.199744639298	0.145989269491	0.14293453213	0.176947516357	0.121803582999	0.130145502791	0.176150218016	0.166224927415	0.164309241169	0.182414587172	0.143242634907	0.178754559622	0.107990685935	0.15848587753	0.12510162785	0.171953823813	0.166083498974	0.166519243383	0.160683144246	0.159802020425	0.159432593584	0.168060151555	0.17118739512	0.171344741301	0.279024500106	0.185348302549	0.186563087127	0.147063346075	0.143986096753	0.142342667365	0.173954332966	0.177343740637	0.200044610567	0.174679360427	0.00182217107307	0.0	0.256247803793	0.172876071553	0.145851576386	0.18474704605	0.178126930153	0.171117738995	0.148141045716	0.146879863029	0.191688629129	0.187508323837	0.156802945246	0.132666234868	0.164582041214	0.137717603728	0.149849541654	0.164398586632	0.131672991921	0.128645625144	0.177472811621
764062976-tonguedorsum2.snv.bam	0.208784302364	0.229697381656	0.226480242383	0.237933317679	0.261741749649	0.183877478086	0.220559362746	0.226549333852	0.226032509504	0.207363094667	0.214387741035	0.217563635707	0.204912038936	0.219473156518	0.184316848302	0.209707122325	0.226299527953	0.216795440686	0.191000254414	0.21006645703	0.210025421676	0.222781936188	0.223120595261	0.217643167904	0.221245245768	0.218166353696	0.232489318685	0.274033768755	0.196283641004	0.201822006958	0.217857951146	0.246492940814	0.246601924154	0.223009148997	0.222426380491	0.200466056696	0.209357746614	0.255768320552	0.256247803793	0.0	0.194973937507	0.22571147164	0.216643570188	0.254614563171	0.248394685466	0.221426753595	0.223805847238	0.210772082833	0.219726505911	0.225691319288	0.234258784401	0.215546496851	0.221157846969	0.211948819061	0.218558086407	0.227865307351	0.21079196754	0.197966379915
764083206-tonguedorsum1.snv.bam	0.148238675508	0.147656704311	0.146505553553	0.235043377639	0.185652977903	0.10934896737	0.154574916466	0.144058625123	0.138296487445	0.14011484991	0.127131843735	0.125956270285	0.174647750824	0.140395001461	0.155656500347	0.125666185283	0.143979061553	0.134661362671	0.161765413626	0.168857947217	0.167883779772	0.141946543363	0.143300223028	0.139083261687	0.111808976443	0.119075925278	0.139484017499	0.264802069536	0.147637048486	0.168349854252	0.131092810288	0.167060292586	0.167738646314	0.146521751217	0.137409908656	0.143642815052	0.135818385038	0.172511629837	0.172876071553	0.194973937507	0.0	0.142527874108	0.169243023223	0.178524381244	0.170605641558	0.130293897279	0.130466197711	0.173400691131	0.175238816704	0.147008715685	0.159288951754	0.128407792315	0.134260722803	0.132756904532	0.131338784431	0.127345372369	0.105126436135	0.151967990587
764224817-tonguedorsum1.snv.bam	0.155684705183	0.139562154704	0.13842713434	0.220812731676	0.191088409898	0.108026797915	0.11799561612	0.122406259092	0.121686517871	0.135158314093	0.103141235287	0.0891854828036	0.179637537825	0.112811327257	0.167020963755	0.125057335455	0.170905688624	0.14017539087	0.179995218845	0.157271318405	0.157230857776	0.161731627366	0.169100544626	0.1665824402	0.134541052082	0.14396235648	0.138783121453	0.27553218417	0.179435906021	0.186739251763	0.137692950372	0.166177264668	0.166714083194	0.173153539619	0.17398128344	0.171830664225	0.163096518345	0.145456425083	0.145851576386	0.22571147164	0.142527874108	0.0	0.155049487167	0.172747739631	0.165120190515	0.14545429166	0.149154519395	0.17806858746	0.16257855596	0.117086936077	0.145413167858	0.129287114626	0.137122402789	0.112685278613	0.14390966637	0.12233546905	0.1162763721	0.169897152384
