	159369152-tonguedorsum2.snv.bam	159470302-tonguedorsum1.snv.bam	159733294-tonguedorsum1.snv.bam	159814214-tonguedorsum1.snv.bam	160158126-tonguedorsum1.snv.bam	160178356-tonguedorsum1.snv.bam	160218816-tonguedorsum1.snv.bam	160259276-tonguedorsum1.snv.bam	160319967-tonguedorsum3.snv.bam	160502038-tonguedorsum1.snv.bam	160502038-tonguedorsum3.snv.bam	160906640-tonguedorsum1.snv.bam	160947100-tonguedorsum1.snv.bam	295137534-tonguedorsum2.snv.bam	338793263-tonguedorsum2.snv.bam	604812005-tonguedorsum3.snv.bam	675950834-tonguedorsum3.snv.bam	763395383-buccalmucosa3.snv.bam	763435843-tonguedorsum1.snv.bam	763435843-tonguedorsum2.snv.bam	763496533-throat1.snv.bam	764224817-tonguedorsum1.snv.bam	764224817-tonguedorsum2.snv.bam	764447348-tonguedorsum2.snv.bam	764508039-tonguedorsum1.snv.bam	764649650-tonguedorsum2.snv.bam	765701615-tonguedorsum1.snv.bam	823052294-tonguedorsum2.snv.bam
159369152-tonguedorsum2.snv.bam	0.0	0.181317915949	0.190786052338	0.182623722166	0.193557666317	0.169522465762	0.189650245648	0.192294235316	0.175849802453	0.188070461905	0.197702598896	0.19332685788	0.0175988889731	0.19058528487	0.183747679857	0.184475042415	0.175708824709	0.172067173496	0.182797346265	0.179871498474	0.189251696313	0.185632821663	0.18519940778	0.195601390071	0.1693945853	0.190253301404	0.176035736289	0.209207350922
159470302-tonguedorsum1.snv.bam	0.181317915949	0.0	0.176026437252	0.18039021074	0.161241736925	0.115504989985	0.157676959725	0.1818777742	0.150013519183	0.161309861896	0.18032774743	0.155951655543	0.18157732941	0.164289862229	0.195806487131	0.175778688892	0.183814073411	0.167761311937	0.177859195401	0.178189539314	0.185160304718	0.191473217464	0.189608561312	0.189410837566	0.184626656311	0.177933030457	0.178497471031	0.188132271295
159733294-tonguedorsum1.snv.bam	0.190786052338	0.176026437252	0.0	0.188693896095	0.183764759889	0.163105660774	0.1597336832	0.176675090921	0.17232925603	0.153638696366	0.172601496604	0.150948024314	0.193112556557	0.168399979697	0.18434554301	0.174627998028	0.171772030994	0.0864629887801	0.17886323175	0.175889558431	0.175120802756	0.164168395996	0.161686006952	0.188806393563	0.212752847401	0.182632020743	0.157165607746	0.152234136645
159814214-tonguedorsum1.snv.bam	0.182623722166	0.18039021074	0.188693896095	0.0	0.158593504421	0.16091887356	0.181668983269	0.161736948338	0.169181418498	0.19037975908	0.160802786121	0.146877223346	0.177142564168	0.167836634211	0.198639156758	0.175497632304	0.168475497288	0.172580530597	0.173839638737	0.174256394744	0.179443921007	0.20941162634	0.207644236533	0.185993220363	0.203573873706	0.141986440246	0.149603719357	0.182286189923
160158126-tonguedorsum1.snv.bam	0.193557666317	0.161241736925	0.183764759889	0.158593504421	0.0	0.160846259965	0.157624427567	0.142282867193	0.066447875046	0.194514188883	0.176396341728	0.151560774339	0.186949981655	0.174102240274	0.196174744555	0.17397830474	0.163527457146	0.165505598974	0.14109617719	0.142643710709	0.180845738905	0.187128225812	0.185183949244	0.191558057173	0.191049829775	0.185274866676	0.167830501068	0.176514712786
160178356-tonguedorsum1.snv.bam	0.169522465762	0.115504989985	0.163105660774	0.16091887356	0.160846259965	0.0	0.178020128383	0.146866025427	0.15282681876	0.179920080271	0.162883633488	0.138752777932	0.170561798455	0.148561240904	0.14729603253	0.145795770474	0.168763780415	0.143096272708	0.16146634408	0.159369249856	0.167182001777	0.179026527755	0.177401287689	0.16958107525	0.191197961119	0.151461304514	0.144503677321	0.180101876061
160218816-tonguedorsum1.snv.bam	0.189650245648	0.157676959725	0.1597336832	0.181668983269	0.157624427567	0.178020128383	0.0	0.183489202555	0.167522349317	0.154324315141	0.17340937962	0.149752810238	0.186510143964	0.151559126985	0.189868783889	0.158080422417	0.172662686542	0.148839557723	0.176390184678	0.176006874788	0.186082937966	0.179351838465	0.17570669629	0.18083224174	0.186813411891	0.18529673634	0.168280142609	0.170341500878
160259276-tonguedorsum1.snv.bam	0.192294235316	0.1818777742	0.176675090921	0.161736948338	0.142282867193	0.146866025427	0.183489202555	0.0	0.140913307148	0.188732465619	0.14716599346	0.144162439734	0.18384500295	0.149408483204	0.169348056841	0.17422871383	0.180520717487	0.151851627177	0.150965167956	0.148529483184	0.168339130867	0.182487296941	0.181118278968	0.175612280655	0.167076974268	0.145662311051	0.150950566858	0.171163307064
160319967-tonguedorsum3.snv.bam	0.175849802453	0.150013519183	0.17232925603	0.169181418498	0.066447875046	0.15282681876	0.167522349317	0.140913307148	0.0	0.182272608009	0.178481648407	0.153574011101	0.169027760012	0.167900397153	0.179076220401	0.160866848354	0.179203631485	0.157194128171	0.148667464643	0.150090610379	0.175410966185	0.183531971598	0.183115940077	0.171275490346	0.170648684022	0.170560344274	0.163375971719	0.170833280961
160502038-tonguedorsum1.snv.bam	0.188070461905	0.161309861896	0.153638696366	0.19037975908	0.194514188883	0.179920080271	0.154324315141	0.188732465619	0.182272608009	0.0	0.183377427774	0.16230381944	0.184561385219	0.167515076728	0.201642509669	0.178850987303	0.176047926531	0.152437838141	0.185895654088	0.184297267886	0.200736474907	0.103617956736	0.10007011883	0.201090272635	0.198798068684	0.17965978322	0.181747111086	0.190337400068
160502038-tonguedorsum3.snv.bam	0.197702598896	0.18032774743	0.172601496604	0.160802786121	0.176396341728	0.162883633488	0.17340937962	0.14716599346	0.178481648407	0.183377427774	0.0	0.14815416505	0.195851954675	0.179411867533	0.186436448627	0.182153905298	0.159547362039	0.140210974708	0.176758088523	0.174386398958	0.17718453362	0.186057163332	0.184504196136	0.17831287817	0.192261567	0.177344078528	0.164238971077	0.170503827699
160906640-tonguedorsum1.snv.bam	0.19332685788	0.155951655543	0.150948024314	0.146877223346	0.151560774339	0.138752777932	0.149752810238	0.144162439734	0.153574011101	0.16230381944	0.14815416505	0.0	0.184521868617	0.142591978987	0.166051602071	0.159003434505	0.157516406766	0.149281251031	0.135183305101	0.132910858064	0.156484596633	0.179045396885	0.175442181326	0.155539549074	0.18335319116	0.154543758227	0.15259240537	0.144563050086
160947100-tonguedorsum1.snv.bam	0.0175988889731	0.18157732941	0.193112556557	0.177142564168	0.186949981655	0.170561798455	0.186510143964	0.18384500295	0.169027760012	0.184561385219	0.195851954675	0.184521868617	0.0	0.186903204589	0.178209242634	0.183346881191	0.181768822428	0.171732193345	0.175779603393	0.172665213019	0.192407584242	0.185097892104	0.184517790544	0.187008131087	0.163811547266	0.184497061487	0.175615802361	0.200616586543
295137534-tonguedorsum2.snv.bam	0.19058528487	0.164289862229	0.168399979697	0.167836634211	0.174102240274	0.148561240904	0.151559126985	0.149408483204	0.167900397153	0.167515076728	0.179411867533	0.142591978987	0.186903204589	0.0	0.183767827998	0.166762417647	0.183149100176	0.147915394979	0.160352878484	0.158521439379	0.176564803941	0.187483249757	0.184017178787	0.185909254085	0.196262860778	0.162173430104	0.138574578469	0.176775824636
338793263-tonguedorsum2.snv.bam	0.183747679857	0.195806487131	0.18434554301	0.198639156758	0.196174744555	0.14729603253	0.189868783889	0.169348056841	0.179076220401	0.201642509669	0.186436448627	0.166051602071	0.178209242634	0.183767827998	0.0	0.183743462678	0.192829320483	0.165446635188	0.16817344969	0.166030236067	0.182127159126	0.199999637711	0.198408438881	0.153642722617	0.196816096472	0.203194781711	0.170731996495	0.210444304802
604812005-tonguedorsum3.snv.bam	0.184475042415	0.175778688892	0.174627998028	0.175497632304	0.17397830474	0.145795770474	0.158080422417	0.17422871383	0.160866848354	0.178850987303	0.182153905298	0.159003434505	0.183346881191	0.166762417647	0.183743462678	0.0	0.185716927614	0.152792896816	0.174628683142	0.173057316301	0.184936670346	0.175807606745	0.174397609459	0.184217570898	0.179029620322	0.185326233983	0.156376630859	0.191920304954
675950834-tonguedorsum3.snv.bam	0.175708824709	0.183814073411	0.171772030994	0.168475497288	0.163527457146	0.168763780415	0.172662686542	0.180520717487	0.179203631485	0.176047926531	0.159547362039	0.157516406766	0.181768822428	0.183149100176	0.192829320483	0.185716927614	0.0	0.160941372211	0.168130372564	0.166664231821	0.182924034305	0.186565341324	0.185780771425	0.182003781652	0.159809761418	0.18776282665	0.176026583284	0.200321944822
763395383-buccalmucosa3.snv.bam	0.172067173496	0.167761311937	0.0864629887801	0.172580530597	0.165505598974	0.143096272708	0.148839557723	0.151851627177	0.157194128171	0.152437838141	0.140210974708	0.149281251031	0.171732193345	0.147915394979	0.165446635188	0.152792896816	0.160941372211	0.0	0.144161696162	0.144383682225	0.16330535896	0.152857305588	0.149644536072	0.157296537442	0.185123317559	0.157786737947	0.136626974045	0.168106244247
763435843-tonguedorsum1.snv.bam	0.182797346265	0.177859195401	0.17886323175	0.173839638737	0.14109617719	0.16146634408	0.176390184678	0.150965167956	0.148667464643	0.185895654088	0.176758088523	0.135183305101	0.175779603393	0.160352878484	0.16817344969	0.174628683142	0.168130372564	0.144161696162	0.0	0.00269932808751	0.174778224738	0.189090909216	0.185716278002	0.17908464846	0.177637484012	0.148264058507	0.158270112749	0.189297386392
763435843-tonguedorsum2.snv.bam	0.179871498474	0.178189539314	0.175889558431	0.174256394744	0.142643710709	0.159369249856	0.176006874788	0.148529483184	0.150090610379	0.184297267886	0.174386398958	0.132910858064	0.172665213019	0.158521439379	0.166030236067	0.173057316301	0.166664231821	0.144383682225	0.00269932808751	0.0	0.17433330791	0.187051077859	0.184401420956	0.177509469054	0.179628908023	0.147527264402	0.156833466139	0.187531341908
763496533-throat1.snv.bam	0.189251696313	0.185160304718	0.175120802756	0.179443921007	0.180845738905	0.167182001777	0.186082937966	0.168339130867	0.175410966185	0.200736474907	0.17718453362	0.156484596633	0.192407584242	0.176564803941	0.182127159126	0.184936670346	0.182924034305	0.16330535896	0.174778224738	0.17433330791	0.0	0.196638543777	0.193928950243	0.186737258426	0.194139774123	0.173821686539	0.184178816793	0.186770219677
764224817-tonguedorsum1.snv.bam	0.185632821663	0.191473217464	0.164168395996	0.20941162634	0.187128225812	0.179026527755	0.179351838465	0.182487296941	0.183531971598	0.103617956736	0.186057163332	0.179045396885	0.185097892104	0.187483249757	0.199999637711	0.175807606745	0.186565341324	0.152857305588	0.189090909216	0.187051077859	0.196638543777	0.0	0.00191569494124	0.1843288186	0.205259227885	0.185658261001	0.159517306699	0.20337665902
764224817-tonguedorsum2.snv.bam	0.18519940778	0.189608561312	0.161686006952	0.207644236533	0.185183949244	0.177401287689	0.17570669629	0.181118278968	0.183115940077	0.10007011883	0.184504196136	0.175442181326	0.184517790544	0.184017178787	0.198408438881	0.174397609459	0.185780771425	0.149644536072	0.185716278002	0.184401420956	0.193928950243	0.00191569494124	0.0	0.183665030169	0.203430709169	0.181992913877	0.155279734859	0.201492859444
764447348-tonguedorsum2.snv.bam	0.195601390071	0.189410837566	0.188806393563	0.185993220363	0.191558057173	0.16958107525	0.18083224174	0.175612280655	0.171275490346	0.201090272635	0.17831287817	0.155539549074	0.187008131087	0.185909254085	0.153642722617	0.184217570898	0.182003781652	0.157296537442	0.17908464846	0.177509469054	0.186737258426	0.1843288186	0.183665030169	0.0	0.181984517365	0.187667354197	0.170833803705	0.197415427713
764508039-tonguedorsum1.snv.bam	0.1693945853	0.184626656311	0.212752847401	0.203573873706	0.191049829775	0.191197961119	0.186813411891	0.167076974268	0.170648684022	0.198798068684	0.192261567	0.18335319116	0.163811547266	0.196262860778	0.196816096472	0.179029620322	0.159809761418	0.185123317559	0.177637484012	0.179628908023	0.194139774123	0.205259227885	0.203430709169	0.181984517365	0.0	0.17437630314	0.193600985428	0.194984081732
764649650-tonguedorsum2.snv.bam	0.190253301404	0.177933030457	0.182632020743	0.141986440246	0.185274866676	0.151461304514	0.18529673634	0.145662311051	0.170560344274	0.17965978322	0.177344078528	0.154543758227	0.184497061487	0.162173430104	0.203194781711	0.185326233983	0.18776282665	0.157786737947	0.148264058507	0.147527264402	0.173821686539	0.185658261001	0.181992913877	0.187667354197	0.17437630314	0.0	0.164060540343	0.165317895234
765701615-tonguedorsum1.snv.bam	0.176035736289	0.178497471031	0.157165607746	0.149603719357	0.167830501068	0.144503677321	0.168280142609	0.150950566858	0.163375971719	0.181747111086	0.164238971077	0.15259240537	0.175615802361	0.138574578469	0.170731996495	0.156376630859	0.176026583284	0.136626974045	0.158270112749	0.156833466139	0.184178816793	0.159517306699	0.155279734859	0.170833803705	0.193600985428	0.164060540343	0.0	0.153746601694
823052294-tonguedorsum2.snv.bam	0.209207350922	0.188132271295	0.152234136645	0.182286189923	0.176514712786	0.180101876061	0.170341500878	0.171163307064	0.170833280961	0.190337400068	0.170503827699	0.144563050086	0.200616586543	0.176775824636	0.210444304802	0.191920304954	0.200321944822	0.168106244247	0.189297386392	0.187531341908	0.186770219677	0.20337665902	0.201492859444	0.197415427713	0.194984081732	0.165317895234	0.153746601694	0.0
