	CCIS22416007ST-4-0.snv.bam	CCIS32452666ST-4-0.snv.bam	CCMD86114146ST-21-0.snv.bam	MH0187.snv.bam	MH0189.snv.bam	MH0257.snv.bam	MH0308.snv.bam	MH0315.snv.bam	MH0330.snv.bam	MH0338.snv.bam	MH0357.snv.bam	MH0405.snv.bam	MH0407.snv.bam	MH0428.snv.bam	MH0429.snv.bam	MMRS65742083ST-27-0-0.snv.bam	NG-5636_200.snv.bam	NG-5636_436.snv.bam	SAMEA3136738.snv.bam	V1.CD40-0.snv.bam	V1.FI09.snv.bam
CCIS22416007ST-4-0.snv.bam	0.0	0.149765397832	0.137635756057	0.104836105923	0.194373704019	0.133075058247	0.235964423543	0.102130280982	0.102241398952	0.155370928089	0.193625049332	0.161192671933	0.170398859552	0.191780371502	0.138306043194	0.122598162072	0.147002999143	0.113518338202	0.168394184557	0.1440466339	0.172827642886
CCIS32452666ST-4-0.snv.bam	0.149765397832	0.0	0.174935897436	0.147600180616	0.211180312558	0.182930754322	0.283887582255	0.174756791496	0.138057480577	0.157830076241	0.241210791866	0.212919392003	0.21202912696	0.213548700104	0.135834416375	0.162435897436	0.175003780408	0.161338241943	0.200328968327	0.155683277072	0.182346568896
CCMD86114146ST-21-0.snv.bam	0.137635756057	0.174935897436	0.0	0.165833767297	0.22529975637	0.143657294414	0.26369909742	0.11161905592	0.106552036399	0.121805818642	0.207495392814	0.209669411832	0.208852555722	0.21758057418	0.157747027212	0.0948905109489	0.162657938487	0.0738990738991	0.201779048719	0.165590544178	0.206352457463
MH0187.snv.bam	0.104836105923	0.147600180616	0.165833767297	0.0	0.205726803408	0.151464258087	0.26715350544	0.165298102934	0.109501655752	0.159908111541	0.222177387613	0.186797425653	0.193862840474	0.169587263483	0.118233817158	0.176472065169	0.161948877662	0.157071020377	0.177115605461	0.138601022699	0.172451799362
MH0189.snv.bam	0.194373704019	0.211180312558	0.22529975637	0.205726803408	0.0	0.226428355141	0.239756270079	0.22509417569	0.192394329443	0.208438807866	0.234604845528	0.204253213057	0.210970130126	0.232169294023	0.207527136672	0.207866738937	0.224112706969	0.205158029341	0.203166171637	0.234222707597	0.19507566173
MH0257.snv.bam	0.133075058247	0.182930754322	0.143657294414	0.151464258087	0.226428355141	0.0	0.264113065417	0.144034395799	0.121947409465	0.156424476007	0.232051547039	0.198474536889	0.199277545522	0.225846301792	0.148318758216	0.10738443619	0.131148170967	0.111094930824	0.217023344046	0.142640307094	0.205695276725
MH0308.snv.bam	0.235964423543	0.283887582255	0.26369909742	0.26715350544	0.239756270079	0.264113065417	0.0	0.240458241142	0.24936990105	0.264988464212	0.23053546758	0.223167545254	0.228429679721	0.245258422445	0.264046581529	0.244039185937	0.247635238795	0.24652677762	0.273784743762	0.244024290746	0.242252685241
MH0315.snv.bam	0.102130280982	0.174756791496	0.11161905592	0.165298102934	0.22509417569	0.144034395799	0.240458241142	0.0	0.103595195713	0.144522688164	0.201019356338	0.196155245855	0.199747144451	0.218197094528	0.147189928686	0.0994899989178	0.172366881574	0.0759711916896	0.207091981304	0.163159494366	0.200302380205
MH0330.snv.bam	0.102241398952	0.138057480577	0.106552036399	0.109501655752	0.192394329443	0.121947409465	0.24936990105	0.103595195713	0.0	0.112293187178	0.193840380514	0.164754082316	0.159672684743	0.186543143995	0.123017374738	0.106552036399	0.156814980395	0.0923848488281	0.154888612029	0.156146399109	0.14134299146
MH0338.snv.bam	0.155370928089	0.157830076241	0.121805818642	0.159908111541	0.208438807866	0.156424476007	0.264988464212	0.144522688164	0.112293187178	0.0	0.227445029358	0.207923155308	0.20285827198	0.206194190554	0.100652751501	0.143908282089	0.182515475144	0.147920568102	0.206940703255	0.171538886674	0.168902360434
MH0357.snv.bam	0.193625049332	0.241210791866	0.207495392814	0.222177387613	0.234604845528	0.232051547039	0.23053546758	0.201019356338	0.193840380514	0.227445029358	0.0	0.209151807619	0.20451343878	0.220740246614	0.229875516853	0.209946373206	0.225736757838	0.20478971125	0.212710308097	0.213900208127	0.216614418926
MH0405.snv.bam	0.161192671933	0.212919392003	0.209669411832	0.186797425653	0.204253213057	0.198474536889	0.223167545254	0.196155245855	0.164754082316	0.207923155308	0.209151807619	0.0	0.0195394657367	0.174913724915	0.206304687307	0.177973707996	0.207869715833	0.182165769913	0.187899738728	0.195475035663	0.168898845392
MH0407.snv.bam	0.170398859552	0.21202912696	0.208852555722	0.193862840474	0.210970130126	0.199277545522	0.228429679721	0.199747144451	0.159672684743	0.20285827198	0.20451343878	0.0195394657367	0.0	0.175004645161	0.200530044922	0.177592393121	0.216863579644	0.186195467517	0.187185801196	0.202558972847	0.173484743738
MH0428.snv.bam	0.191780371502	0.213548700104	0.21758057418	0.169587263483	0.232169294023	0.225846301792	0.245258422445	0.218197094528	0.186543143995	0.206194190554	0.220740246614	0.174913724915	0.175004645161	0.0	0.207992581451	0.224843446809	0.223381568177	0.205135365741	0.178861292293	0.210108981586	0.218567018488
MH0429.snv.bam	0.138306043194	0.135834416375	0.157747027212	0.118233817158	0.207527136672	0.148318758216	0.264046581529	0.147189928686	0.123017374738	0.100652751501	0.229875516853	0.206304687307	0.200530044922	0.207992581451	0.0	0.149995089228	0.17499717689	0.141318596888	0.183335186372	0.13793755083	0.174277897508
MMRS65742083ST-27-0-0.snv.bam	0.122598162072	0.162435897436	0.0948905109489	0.176472065169	0.207866738937	0.10738443619	0.244039185937	0.0994899989178	0.106552036399	0.143908282089	0.209946373206	0.177973707996	0.177592393121	0.224843446809	0.149995089228	0.0	0.155176641729	0.0616140616141	0.199345958695	0.152828764074	0.184401237951
NG-5636_200.snv.bam	0.147002999143	0.175003780408	0.162657938487	0.161948877662	0.224112706969	0.131148170967	0.247635238795	0.172366881574	0.156814980395	0.182515475144	0.225736757838	0.207869715833	0.216863579644	0.223381568177	0.17499717689	0.155176641729	0.0	0.131744978363	0.202489316056	0.126883789892	0.197218709376
NG-5636_436.snv.bam	0.113518338202	0.161338241943	0.0738990738991	0.157071020377	0.205158029341	0.111094930824	0.24652677762	0.0759711916896	0.0923848488281	0.147920568102	0.20478971125	0.182165769913	0.186195467517	0.205135365741	0.141318596888	0.0616140616141	0.131744978363	0.0	0.18920912064	0.127856229428	0.178835853603
SAMEA3136738.snv.bam	0.168394184557	0.200328968327	0.201779048719	0.177115605461	0.203166171637	0.217023344046	0.273784743762	0.207091981304	0.154888612029	0.206940703255	0.212710308097	0.187899738728	0.187185801196	0.178861292293	0.183335186372	0.199345958695	0.202489316056	0.18920912064	0.0	0.194263130969	0.185020305852
V1.CD40-0.snv.bam	0.1440466339	0.155683277072	0.165590544178	0.138601022699	0.234222707597	0.142640307094	0.244024290746	0.163159494366	0.156146399109	0.171538886674	0.213900208127	0.195475035663	0.202558972847	0.210108981586	0.13793755083	0.152828764074	0.126883789892	0.127856229428	0.194263130969	0.0	0.198613119162
V1.FI09.snv.bam	0.172827642886	0.182346568896	0.206352457463	0.172451799362	0.19507566173	0.205695276725	0.242252685241	0.200302380205	0.14134299146	0.168902360434	0.216614418926	0.168898845392	0.173484743738	0.218567018488	0.174277897508	0.184401237951	0.197218709376	0.178835853603	0.185020305852	0.198613119162	0.0
