	158337416-stool1.snv.bam	158499257-stool1.snv.bam	158944319-stool1.snv.bam	160704339-stool1.snv.bam	764649650-stool2.snv.bam	CCIS07539127ST-4-0.snv.bam	CCIS20795251ST-4-0.snv.bam	CCIS21278152ST-4-0.snv.bam	CCIS41548810ST-4-0.snv.bam	CCIS44757994ST-4-0.snv.bam	CCIS78318719ST-4-0.snv.bam	CCIS87116798ST-4-0.snv.bam	CCIS98832363ST-4-0.snv.bam	CCMD42428553ST-21-0.snv.bam	CCMD45988061ST-21-0.snv.bam	CCMD64776337ST-21-0.snv.bam	CCMD86114146ST-21-0.snv.bam	DLM022.snv.bam	MH0197.snv.bam	MH0200.snv.bam	MH0203.snv.bam	MH0217.snv.bam	MH0224.snv.bam	MH0229.snv.bam	MH0238.snv.bam	MH0250.snv.bam	MH0252.snv.bam	MH0257.snv.bam	MH0262.snv.bam	MH0303.snv.bam	MH0308.snv.bam	MH0309.snv.bam	MH0328.snv.bam	MH0329.snv.bam	MH0336.snv.bam	MH0354.snv.bam	MH0360.snv.bam	MH0366.snv.bam	MH0367.snv.bam	MH0373.snv.bam	MH0374.snv.bam	MH0389.snv.bam	MH0390.snv.bam	MH0402.snv.bam	MH0422.snv.bam	MH0431.snv.bam	MH0437.snv.bam	MH0440.snv.bam	MH0442.snv.bam	MH0445.snv.bam	MH0446.snv.bam	MH0448.snv.bam	MH0454.snv.bam	MMRS34569532ST-27-0-0.snv.bam	MMRS38954404ST-27-0-0.snv.bam	MMRS39582183ST-27-0-0.snv.bam	MMRS51307502ST-27-0-0.snv.bam	MMRS54316675ST-27-0-0.snv.bam	MMRS77018926ST-27-0-0.snv.bam	MMRS77487595ST-27-0-0.snv.bam	MMRS88581325ST-27-0-0.snv.bam	MMRS93621581ST-27-0-0.snv.bam	MMRS95277876ST-27-0-0.snv.bam	O2.UC40-1.snv.bam	O2.UC47-1.snv.bam	SAMEA3136642.snv.bam	SAMEA3136683.snv.bam	SAMEA3136684.snv.bam	SAMEA3136707.snv.bam	SAMEA3136725.snv.bam	SAMEA3136738.snv.bam	SAMEA3136756.snv.bam	T2D-15A.snv.bam	T2D-59A.snv.bam	V1.CD22-0.snv.bam	V1.CD50-0.snv.bam	V1.FI04.snv.bam	V1.FI14.snv.bam	V1.FI17.snv.bam
158337416-stool1.snv.bam	0.0	0.13437039015	0.110046915173	0.146650877869	0.0188392050587	0.145503411491	0.122814396335	0.132616180669	0.138532829311	0.131395469726	0.117734224759	0.106734651166	0.135982894208	0.121511711972	0.131172356779	0.1214960629	0.118347244643	0.136579524725	0.12651813805	0.120047653087	0.140050962584	0.140315735897	0.126890194436	0.152832001065	0.107062088058	0.138217790168	0.137184741658	0.126228905225	0.132603413744	0.120755144069	0.122061726516	0.129677100471	0.149853350034	0.135866183108	0.128038279693	0.160739766652	0.133616335202	0.124638654859	0.14011610487	0.136924745206	0.128494267403	0.140302522757	0.10851455787	0.121917453272	0.140351268553	0.141566731375	0.121117139956	0.133483616794	0.134647938693	0.140642367719	0.143266387852	0.130609897337	0.133195494499	0.119501214615	0.110873316371	0.112678022927	0.118789998076	0.131291740029	0.125741250071	0.1422456111	0.146608716064	0.114909257764	0.0731032741243	0.127678201697	0.133465984143	0.129160343407	0.111572613361	0.141202309352	0.124118309067	0.0997588668641	0.134467407348	0.107190346084	0.109299321501	0.13369452857	0.124407243519	0.137709545062	0.137450177087	0.138786537823	0.127864980259
158499257-stool1.snv.bam	0.13437039015	0.0	0.131942564228	0.13145432787	0.132119153133	0.125525317274	0.106175920745	0.135303613272	0.133527527792	0.121197615987	0.119273618681	0.116093848445	0.136818224585	0.129301557996	0.122031741305	0.118242647471	0.113702721791	0.127738652614	0.11420993546	0.117538891055	0.139872060542	0.133423883148	0.136013668899	0.12628840438	0.106248383235	0.117129763783	0.135319851313	0.109771558087	0.138241536665	0.124458568978	0.118375805247	0.130062202728	0.128988209826	0.115303940022	0.130000926808	0.159162660205	0.126633431115	0.124916648746	0.121309725482	0.125124312133	0.115646433434	0.130867273611	0.112859020348	0.11671401483	0.146929266615	0.132239806186	0.117506474124	0.122431276419	0.130808524799	0.140491156447	0.143009832655	0.124990330501	0.121926429504	0.116104704724	0.112324276701	0.119255655357	0.117219234692	0.119408357028	0.129506803408	0.132656665263	0.136804427066	0.105349480717	0.121120030613	0.116047189849	0.117884904462	0.12772196924	0.112917127612	0.130668105131	0.119356195264	0.101622238366	0.122322452956	0.119945355703	0.138654643658	0.12430491814	0.113707572554	0.12354308885	0.12763653642	0.128775241245	0.126631477755
158944319-stool1.snv.bam	0.110046915173	0.131942564228	0.0	0.131785572714	0.107419623357	0.13040793359	0.124566145149	0.137493307485	0.129993671059	0.127995068563	0.113613928801	0.115161826007	0.0885416080641	0.115022082409	0.115753410387	0.118205810696	0.12114014692	0.129378518439	0.123776111244	0.114503824272	0.134454646647	0.13509578834	0.123946227352	0.145552638987	0.115012224727	0.137636599036	0.131402666936	0.106996836267	0.127919217296	0.116033669915	0.121331716451	0.117857596998	0.139549780179	0.144672335988	0.126620327742	0.150862774747	0.117436305589	0.121569786311	0.117670793147	0.140819037311	0.125787209415	0.137620770014	0.100533733017	0.118814121615	0.130571961594	0.132676166028	0.129810082515	0.129558191429	0.118291854843	0.141906432814	0.138306330525	0.129995011381	0.132329951777	0.109365376033	0.117737180809	0.059446581676	0.123369281655	0.113445954001	0.120821241063	0.127465643397	0.130553240311	0.109504606616	0.112774107377	0.127309660825	0.128821047522	0.144082278424	0.11394605654	0.126542348541	0.13242541368	0.107406698687	0.132962044491	0.106223392356	0.132281950714	0.140286363575	0.133746600312	0.126421716918	0.142293643738	0.138845984246	0.122424494673
160704339-stool1.snv.bam	0.146650877869	0.13145432787	0.131785572714	0.0	0.140652458063	0.128687989399	0.128670297257	0.121166242628	0.12825862951	0.126661578549	0.123559646022	0.130206999907	0.132445687883	0.124430020392	0.127225143308	0.117372674299	0.123479150149	0.139192505451	0.127677643114	0.116553035169	0.144459730438	0.140495373313	0.131953219475	0.120627452269	0.128021626903	0.1168836969	0.140802460117	0.119340001999	0.131286694318	0.126572388303	0.123817975615	0.13082064674	0.141864449859	0.132812873747	0.144335739345	0.156814674867	0.130367960893	0.136139854503	0.105693947567	0.129440488723	0.118819427842	0.131010161223	0.128744063082	0.132081628812	0.146688950167	0.13481638646	0.121167907409	0.125907907864	0.141655856653	0.141550276112	0.146985500609	0.125051885634	0.124649541102	0.10596664632	0.122546707623	0.123114848073	0.118939256352	0.10457902837	0.143256798578	0.123235882572	0.148236712776	0.11617693432	0.13143316813	0.13104718443	0.131749035777	0.126816738323	0.110761665406	0.134874732877	0.133084282701	0.12141453072	0.126565521348	0.123370830845	0.132821569529	0.131700934926	0.126893695943	0.133786195131	0.136218275305	0.139497046973	0.128020899226
764649650-stool2.snv.bam	0.0188392050587	0.132119153133	0.107419623357	0.140652458063	0.0	0.142048778573	0.123377620736	0.118960547044	0.118044803529	0.128034212879	0.110420025634	0.109944963522	0.130666777994	0.122096171802	0.12704203665	0.114437855126	0.100239202361	0.123556393589	0.115374258101	0.118013275958	0.127352919037	0.130544574476	0.119148855405	0.1450756666	0.110902635876	0.137083737249	0.125705201669	0.120063990081	0.130885862031	0.112245986517	0.125837304574	0.12540530732	0.136593835594	0.134023616723	0.121812027363	0.157392735369	0.126963739011	0.120239876072	0.128388935926	0.125790704464	0.127782385381	0.13395144427	0.107865403474	0.115299782465	0.134715995439	0.133014767739	0.117589906307	0.122252804199	0.133425125648	0.122477403627	0.129090886467	0.117808117808	0.120133207703	0.11675773584	0.11307991661	0.105404433706	0.113929191895	0.11629118584	0.117021914934	0.126281267423	0.143355827967	0.111152135029	0.056892061504	0.120341877136	0.125376869495	0.123365280902	0.10567246214	0.130233889251	0.120968867357	0.104757962788	0.125019082682	0.104166666667	0.111393597343	0.135607423984	0.115710531519	0.134818007384	0.135618569493	0.134561289501	0.125938348416
CCIS07539127ST-4-0.snv.bam	0.145503411491	0.125525317274	0.13040793359	0.128687989399	0.142048778573	0.0	0.115444681252	0.126544944446	0.128928675595	0.110868414343	0.109484167912	0.127505159294	0.12808824108	0.112993782565	0.126880194014	0.105530033743	0.120340788113	0.128671663326	0.115940176913	0.109423313133	0.130477069615	0.139916088973	0.121255916853	0.134706342952	0.113259549731	0.126143241303	0.124655892785	0.119404948642	0.130596193601	0.122044114187	0.121925521543	0.125784723646	0.137385505921	0.111951164456	0.142772985056	0.147848882111	0.148953689798	0.122285389118	0.129398564445	0.130148692838	0.110719267792	0.133617092591	0.107729480257	0.1211574379	0.143290979222	0.126788293725	0.127372635704	0.121841072666	0.139412374168	0.133000672266	0.13596225189	0.115647954754	0.120982335805	0.120733019036	0.121028314565	0.113739312064	0.102295081302	0.11465492602	0.128912621446	0.126218565461	0.134311743239	0.10903273818	0.127404120644	0.115395832899	0.110138880168	0.124199215374	0.110094848523	0.121707598783	0.131474615708	0.106993113612	0.122736172177	0.10730266628	0.124179179444	0.113840387927	0.112935361651	0.117526773904	0.114243883905	0.117663115689	0.120814855388
CCIS20795251ST-4-0.snv.bam	0.122814396335	0.106175920745	0.124566145149	0.128670297257	0.123377620736	0.115444681252	0.0	0.116132241837	0.125596712212	0.110245993046	0.0979149455466	0.104428092885	0.127742385788	0.10474223376	0.105418349166	0.109546107464	0.0937058175955	0.116709754778	0.104064924452	0.0992250499704	0.123797223054	0.132645152665	0.130756859104	0.119083275214	0.103987143325	0.103521495794	0.121407868797	0.109330093939	0.129159798729	0.112646615244	0.101840900754	0.111382813957	0.1223927369	0.0953226787903	0.12818276715	0.14764156256	0.106029051858	0.109148950437	0.0979009891061	0.12549914569	0.108791414925	0.12513080345	0.098547604034	0.118277404649	0.142116657776	0.125189320954	0.105787515014	0.107991235629	0.130895657062	0.128185771674	0.127968526091	0.115702519722	0.117935630113	0.0922917739546	0.09958415961	0.106018537551	0.0930404295195	0.11305039811	0.110369434641	0.113371794617	0.129557632986	0.101232012995	0.107798463348	0.106566256656	0.0947417049161	0.108044238518	0.096002031796	0.124743853826	0.10525033205	0.0973563267782	0.111179801885	0.101466330693	0.120309770439	0.108428416098	0.111783976114	0.100610978837	0.114986917358	0.122975975143	0.106868270953
CCIS21278152ST-4-0.snv.bam	0.132616180669	0.135303613272	0.137493307485	0.121166242628	0.118960547044	0.126544944446	0.116132241837	0.0	0.122148565692	0.12094181864	0.11928896258	0.128742659995	0.130588554206	0.107343559265	0.122284804177	0.11686738749	0.0903254297051	0.11765422184	0.121467621471	0.106924977585	0.118782194373	0.14169525457	0.130349778135	0.131735339743	0.111639960116	0.119788305347	0.120655318495	0.121838023968	0.131299063993	0.114406557094	0.11280141526	0.106755984828	0.128115274232	0.0966083475374	0.126059987851	0.150567631332	0.121901103898	0.127311205708	0.123538431051	0.135001658761	0.114516142243	0.127818746576	0.111079249327	0.115877047603	0.140263711547	0.0748975995204	0.10815612112	0.113985884833	0.130690867819	0.117320602417	0.121319924183	0.112695564915	0.112517264068	0.117680998236	0.115538755113	0.119545217944	0.113646455912	0.107879631229	0.120530240296	0.108719214996	0.136505415891	0.11193405616	0.118666521045	0.115684320199	0.119694896609	0.122026336248	0.105502151038	0.12472136454	0.113976887943	0.0959862392469	0.119737723583	0.105081713957	0.103700374236	0.127345390737	0.112592994799	0.114285833586	0.120110488722	0.122126606188	0.120252088665
CCIS41548810ST-4-0.snv.bam	0.138532829311	0.133527527792	0.129993671059	0.12825862951	0.118044803529	0.128928675595	0.125596712212	0.122148565692	0.0	0.126028232251	0.12406224906	0.141956969967	0.106964443338	0.129517226714	0.122084558167	0.118877707159	0.113021776378	0.116922860648	0.117192934232	0.117213031463	0.136507796931	0.0703375949726	0.117581579812	0.145494465187	0.11687186238	0.134325260311	0.133708163589	0.0757575147438	0.131581222929	0.103465012142	0.119206551908	0.121996030925	0.128178934679	0.123131386895	0.127635541637	0.152717267584	0.132547971161	0.13205998644	0.127177535146	0.129214810639	0.125452197609	0.0944007888229	0.114693816887	0.105582552375	0.150419159848	0.102539204471	0.120012537385	0.120511681175	0.0792142172248	0.135454333715	0.138465842421	0.119625068203	0.120767479519	0.118274390347	0.127422928365	0.11849568975	0.121889821089	0.110689960476	0.126466547809	0.12368411322	0.132119906104	0.1165251418	0.119111687286	0.121882426761	0.122572662818	0.12756501012	0.114057606316	0.125631748824	0.124197003982	0.109032941497	0.126715660754	0.116672943481	0.123381547257	0.135234204145	0.115099609635	0.13132843174	0.128377139442	0.128793138557	0.126712026164
CCIS44757994ST-4-0.snv.bam	0.131395469726	0.121197615987	0.127995068563	0.126661578549	0.128034212879	0.110868414343	0.110245993046	0.12094181864	0.126028232251	0.0	0.109593411236	0.113728392318	0.134231985123	0.107610292303	0.115450217888	0.109433183496	0.105505374855	0.113385048396	0.103802232112	0.107854025668	0.113760976719	0.134138860327	0.112456554652	0.119905695283	0.102402463221	0.111013998321	0.112407814564	0.118160104828	0.124458762274	0.11723384751	0.103783786371	0.115866395609	0.133497022961	0.10806497209	0.116905783697	0.141623584914	0.127508587872	0.112155053209	0.13004203152	0.130161023939	0.096117155402	0.112471651434	0.105042463225	0.118682081246	0.139798569638	0.127993474873	0.107291807901	0.119530525073	0.13643488329	0.112456041607	0.117970426903	0.118547527672	0.11937335336	0.114891430368	0.10338025392	0.106522695345	0.104599444177	0.111201942114	0.120800239965	0.106797182128	0.127813703285	0.103590775382	0.114759498974	0.0988774309546	0.0965609758971	0.107589566684	0.09620497236	0.110825827447	0.115981998379	0.100991728708	0.0900414134593	0.103510466738	0.117374786897	0.113286529169	0.0948713611717	0.0962625138577	0.105900369176	0.110104074025	0.115903132935
CCIS78318719ST-4-0.snv.bam	0.117734224759	0.119273618681	0.113613928801	0.123559646022	0.110420025634	0.109484167912	0.0979149455466	0.11928896258	0.12406224906	0.109593411236	0.0	0.111009558096	0.124037659773	0.098248417557	0.101156271966	0.103647202528	0.0998838743348	0.115716283891	0.110222062964	0.0980965154972	0.118611312017	0.123385901759	0.119466615939	0.122856532884	0.101000142386	0.114911505984	0.114990426813	0.109117136781	0.123160941129	0.097437351294	0.102916261032	0.112294353303	0.115022634798	0.123177571042	0.122552891557	0.132606290219	0.119324956577	0.0631185333576	0.115431783586	0.12587030569	0.101304654957	0.11116888367	0.0863561258424	0.108448710879	0.144923311018	0.125727147706	0.113090057901	0.102362654509	0.131552722753	0.119883828678	0.121653628933	0.105044627143	0.108299431146	0.100661097778	0.10725986173	0.0930452211719	0.0892810313045	0.108863696293	0.115677783682	0.118916713865	0.126958968409	0.0958632990997	0.107999145421	0.0931957296113	0.0936692504913	0.115395446846	0.0958765068542	0.110635394787	0.111660449616	0.0950725315613	0.10173305545	0.0724326560493	0.113774355756	0.106252329566	0.103968021126	0.101604186695	0.106903819554	0.114434283917	0.0888288929176
CCIS87116798ST-4-0.snv.bam	0.106734651166	0.116093848445	0.115161826007	0.130206999907	0.109944963522	0.127505159294	0.104428092885	0.128742659995	0.141956969967	0.113728392318	0.111009558096	0.0	0.13025148588	0.112964574718	0.11975802541	0.109000448001	0.0998765177859	0.127707136263	0.109483458555	0.11984022563	0.110597172501	0.136589386672	0.134633983494	0.134899172271	0.104739094551	0.125384608851	0.115702549806	0.118776944568	0.130205320017	0.122570404498	0.110752984891	0.0990126052088	0.132022758763	0.105717075048	0.124165215017	0.161493878737	0.117876665284	0.115651074099	0.12278785406	0.11179809618	0.120775883462	0.138807782826	0.0978455801317	0.116712346561	0.132215445258	0.130292448614	0.121028523005	0.123708405678	0.137982105122	0.109146482808	0.113705187891	0.122960230398	0.125234082829	0.105320746744	0.109620067114	0.110780510176	0.109277229782	0.119351230091	0.119649085419	0.116716036605	0.124034316331	0.107039677329	0.114742336361	0.112758500121	0.118440696582	0.104543744049	0.100614958182	0.132128159093	0.128812823162	0.0920698574727	0.125975195543	0.111650485437	0.126571552285	0.121040019376	0.120735361653	0.114490342644	0.118050551841	0.11800058829	0.119910236678
CCIS98832363ST-4-0.snv.bam	0.135982894208	0.136818224585	0.0885416080641	0.132445687883	0.130666777994	0.12808824108	0.127742385788	0.130588554206	0.106964443338	0.134231985123	0.124037659773	0.13025148588	0.0	0.124658388287	0.119149045846	0.12784975681	0.121962863735	0.121877638665	0.131493844173	0.120073013578	0.138897058976	0.12496720195	0.127650275496	0.14550771794	0.116460298599	0.136350080022	0.135858076654	0.0851699473274	0.130626993331	0.10639937792	0.12032029418	0.118182507091	0.139633795373	0.134920669765	0.138312282689	0.148257647102	0.116183433769	0.128903847822	0.132674936681	0.133736371303	0.129532282293	0.122936892667	0.104211777649	0.123128147356	0.156556923272	0.141212126465	0.135236509597	0.132682856394	0.0888788370923	0.143285951334	0.142949333354	0.12867067609	0.13138126667	0.107058823617	0.132503148695	0.10780299228	0.128475610926	0.122088727049	0.129808731691	0.139525628251	0.130767486152	0.112541617196	0.12450171169	0.134042718604	0.13045677431	0.135875432881	0.122129305049	0.12449720604	0.113016896627	0.109448275561	0.129546181187	0.102101795484	0.12824050577	0.136075446725	0.133268564274	0.14242444988	0.145383755614	0.134062491498	0.121959147847
CCMD42428553ST-21-0.snv.bam	0.121511711972	0.129301557996	0.115022082409	0.124430020392	0.122096171802	0.112993782565	0.10474223376	0.107343559265	0.129517226714	0.107610292303	0.098248417557	0.112964574718	0.124658388287	0.0	0.102671666524	0.104125166605	0.10436691296	0.110094337494	0.114399305847	0.0897950491365	0.109544453746	0.12603591279	0.123642180406	0.120158347172	0.104534061282	0.115323212183	0.110584122362	0.110176995719	0.1275225709	0.0973701599154	0.11207182526	0.107579739914	0.132007229142	0.117156002137	0.120002109451	0.133809659614	0.116353294737	0.101470255334	0.128179083813	0.134541213682	0.121608314179	0.127987045784	0.101096984222	0.100436344685	0.13345243076	0.121189668578	0.113092641066	0.114069424026	0.115544094537	0.109657764197	0.112305689739	0.10774422342	0.107733596037	0.118146461366	0.107837880601	0.106309120514	0.090429692049	0.105065167392	0.113220112932	0.122455084334	0.106373893165	0.111879257605	0.119903839981	0.111600090007	0.107704992771	0.117902521632	0.0908214587122	0.115778129501	0.125365367791	0.101337185254	0.114083700453	0.0805553102555	0.117083790258	0.116113841547	0.112088895081	0.106201261416	0.109368859033	0.114226441882	0.0950200572615
CCMD45988061ST-21-0.snv.bam	0.131172356779	0.122031741305	0.115753410387	0.127225143308	0.12704203665	0.126880194014	0.105418349166	0.122284804177	0.122084558167	0.115450217888	0.101156271966	0.11975802541	0.119149045846	0.102671666524	0.0	0.103567562377	0.11262818046	0.107800066922	0.109778294357	0.107406451302	0.11874691191	0.126263630437	0.120375711219	0.138837031219	0.113140551915	0.119007310385	0.116535017074	0.109740360202	0.125171514742	0.0946509986668	0.108679096255	0.125499348712	0.128579986843	0.114788427498	0.120563305591	0.141148196372	0.065861686297	0.104816828158	0.123132220513	0.130868829201	0.107513595736	0.121754160317	0.0920088382128	0.11201564666	0.148405172746	0.129279097355	0.120891886951	0.116779785673	0.128484094078	0.120850603952	0.122299172427	0.119714222149	0.120101533257	0.10488748993	0.110170647779	0.101847957057	0.0975586317355	0.103944890147	0.115184700113	0.106741433895	0.125169308627	0.0990149018911	0.117252572954	0.100630200242	0.106136704064	0.125307191888	0.102319188527	0.121379701842	0.123011925032	0.112817579982	0.109641258904	0.103284921189	0.125127454079	0.125466632272	0.113479285107	0.110569253555	0.115189177053	0.126453170526	0.114315095299
CCMD64776337ST-21-0.snv.bam	0.1214960629	0.118242647471	0.118205810696	0.117372674299	0.114437855126	0.105530033743	0.109546107464	0.11686738749	0.118877707159	0.109433183496	0.103647202528	0.109000448001	0.12784975681	0.104125166605	0.103567562377	0.0	0.0918768658203	0.102851708555	0.0991699026426	0.106772805338	0.125076930152	0.116213054202	0.0985470742002	0.118040659625	0.108941386698	0.114544965375	0.120252253869	0.109058236	0.116152492631	0.103960347891	0.108044888862	0.104676871311	0.119839251981	0.107635866181	0.126376952505	0.139554754142	0.12595858255	0.107848672527	0.122531612274	0.117591653505	0.114692792798	0.123988101819	0.0955760185206	0.0969130586724	0.14008082509	0.109135345337	0.102640237511	0.0834744478187	0.126118165275	0.110149424072	0.126194890744	0.0758641568282	0.0754537219856	0.104383203775	0.100089443583	0.0845100223108	0.059279065881	0.0929448062002	0.107212925046	0.107270060851	0.108615156401	0.0918860459147	0.109358080077	0.104664517475	0.0979982151758	0.112888194414	0.0730568749605	0.114801886399	0.114196825292	0.0995779850061	0.0988434399595	0.0992395533819	0.111170577733	0.0983833518266	0.100316106875	0.111278991602	0.0952040985901	0.0940236121461	0.113970181014
CCMD86114146ST-21-0.snv.bam	0.118347244643	0.113702721791	0.12114014692	0.123479150149	0.100239202361	0.120340788113	0.0937058175955	0.0903254297051	0.113021776378	0.105505374855	0.0998838743348	0.0998765177859	0.121962863735	0.10436691296	0.11262818046	0.0918768658203	0.0	0.109209685267	0.107225283886	0.100866179944	0.107781558301	0.124987952571	0.124639011458	0.120339561839	0.106684896468	0.108503098197	0.105039739266	0.107511770232	0.112326185439	0.100953082686	0.101226140001	0.100574879254	0.115471214107	0.0994837615304	0.128751058501	0.143498922008	0.114178005641	0.105850154245	0.109826654052	0.117100770118	0.106307312479	0.110513690373	0.0921274356907	0.101340839558	0.12583379511	0.100738393097	0.0960270477455	0.091404503016	0.124130697027	0.109756686362	0.110616171216	0.0966962247356	0.0977696541992	0.0943012002774	0.108329519424	0.101538095826	0.0906613545783	0.103393289486	0.107249447633	0.105831413756	0.129014313867	0.0913846367709	0.0970329561915	0.102690559625	0.101405304766	0.103283835223	0.095776006147	0.112482719933	0.113303811308	0.0940364379572	0.100006575814	0.0976655501052	0.113817151278	0.103545642519	0.105947837269	0.109549703866	0.107737395044	0.114995243471	0.108185651431
DLM022.snv.bam	0.136579524725	0.127738652614	0.129378518439	0.139192505451	0.123556393589	0.128671663326	0.116709754778	0.11765422184	0.116922860648	0.113385048396	0.115716283891	0.127707136263	0.121877638665	0.110094337494	0.107800066922	0.102851708555	0.109209685267	0.0	0.120619987361	0.111244511714	0.12101084877	0.124607002185	0.124450079046	0.143633478143	0.114532957505	0.129568562265	0.117170436062	0.120886476592	0.13039070478	0.116035244134	0.120181753863	0.105701589299	0.114503888115	0.119986821791	0.124406340512	0.130905140403	0.118065941404	0.121548670972	0.135938628246	0.112308232241	0.117836264143	0.126226064869	0.102333251884	0.114695190357	0.131448238779	0.127874489725	0.110567902644	0.114349688333	0.13409784135	0.121033128384	0.12210276444	0.109894123952	0.110845293504	0.118422575571	0.125076806504	0.107949501537	0.107397698011	0.113693635734	0.123731305934	0.116237231406	0.129326381356	0.100411574851	0.120622615718	0.105351479689	0.114282142644	0.124897020175	0.100594093793	0.134466823038	0.121541795379	0.107429635545	0.120552989214	0.110048650116	0.109250442055	0.111293101622	0.102530264295	0.116255733579	0.117222088738	0.123138592353	0.122307877312
MH0197.snv.bam	0.12651813805	0.11420993546	0.123776111244	0.127677643114	0.115374258101	0.115940176913	0.104064924452	0.121467621471	0.117192934232	0.103802232112	0.110222062964	0.109483458555	0.131493844173	0.114399305847	0.109778294357	0.0991699026426	0.107225283886	0.120619987361	0.0	0.111881219841	0.125868481027	0.126342633715	0.107549693667	0.12059831262	0.101584291842	0.102635382603	0.125503430151	0.112573213813	0.122817889304	0.108187031007	0.108246036435	0.116087925162	0.117587268952	0.11241971541	0.127114809488	0.141601358584	0.12433851505	0.11161388843	0.12100335628	0.128667051302	0.11344933957	0.122708508642	0.0950551797135	0.111532697608	0.13598730635	0.126467410188	0.12177517205	0.114151095422	0.132903497677	0.126631058198	0.131184846855	0.115184933789	0.116346078149	0.119856453783	0.0997095544909	0.105690968816	0.102741006973	0.102685764263	0.112585457485	0.115798813011	0.138596613851	0.104746572654	0.11402030072	0.0979719601157	0.0978508258156	0.115834253063	0.0855941098007	0.111329608839	0.114735630473	0.0891846983064	0.100113186861	0.105094417939	0.12389237646	0.114710883821	0.101776129448	0.112745008615	0.107850158507	0.105360211914	0.12252061364
MH0200.snv.bam	0.120047653087	0.117538891055	0.114503824272	0.116553035169	0.118013275958	0.109423313133	0.0992250499704	0.106924977585	0.117213031463	0.107854025668	0.0980965154972	0.11984022563	0.120073013578	0.0897950491365	0.107406451302	0.106772805338	0.100866179944	0.111244511714	0.111881219841	0.0	0.109288478501	0.138428033393	0.116960779182	0.125096963777	0.0950777092555	0.116212328279	0.109682798844	0.108637766042	0.130957546346	0.104482274925	0.105399223831	0.111769263322	0.111719900344	0.111059984559	0.122192218897	0.136587107455	0.126274594702	0.103639858482	0.118876717294	0.129367568141	0.105942757697	0.126893454755	0.094555312399	0.105353930761	0.135319876577	0.115516976297	0.106172406147	0.110577519119	0.123414279639	0.114880012861	0.114486701817	0.105775986433	0.111126331453	0.103194857516	0.101395994871	0.103937092973	0.103483102486	0.108927638531	0.103590129968	0.115566837488	0.124342427982	0.104973326398	0.116726349471	0.105281417718	0.108925980291	0.106961346219	0.0952187253706	0.119603495908	0.109610288889	0.0851070256536	0.116426863608	0.093285954261	0.106597123468	0.10869897758	0.110383360168	0.0942742029637	0.116159306351	0.127664078198	0.0999377703295
MH0203.snv.bam	0.140050962584	0.139872060542	0.134454646647	0.144459730438	0.127352919037	0.130477069615	0.123797223054	0.118782194373	0.136507796931	0.113760976719	0.118611312017	0.110597172501	0.138897058976	0.109544453746	0.11874691191	0.125076930152	0.107781558301	0.12101084877	0.125868481027	0.109288478501	0.0	0.155968478915	0.137908492992	0.160878940627	0.111690223794	0.145351041399	0.015551755726	0.130637561738	0.131808721273	0.11604011975	0.129220396101	0.115791363439	0.141313561626	0.112985693133	0.134610392571	0.142842083416	0.122795655158	0.121598333119	0.12152762295	0.139344137407	0.129435691237	0.141024633274	0.107023354903	0.115076442835	0.149736405912	0.136760510595	0.1183151644	0.124413102675	0.144037301066	0.0212881086413	0.00326161248038	0.122707567587	0.129344162022	0.115304298802	0.131675785277	0.119018245079	0.124581785681	0.12545737787	0.117695372568	0.116656751854	0.145114958699	0.122621291142	0.125413903332	0.113842181804	0.130679780263	0.124727630507	0.11870229367	0.132019685647	0.131670677171	0.103113309013	0.130857222235	0.1066439958	0.119146501707	0.129604249599	0.125865428446	0.122237757021	0.127571413565	0.129034957007	0.117304092589
MH0217.snv.bam	0.140315735897	0.133423883148	0.13509578834	0.140495373313	0.130544574476	0.139916088973	0.132645152665	0.14169525457	0.0703375949726	0.134138860327	0.123385901759	0.136589386672	0.12496720195	0.12603591279	0.126263630437	0.116213054202	0.124987952571	0.124607002185	0.126342633715	0.138428033393	0.155968478915	0.0	0.133291188521	0.145991151513	0.126620777622	0.130336931741	0.149252051426	0.0783913758358	0.140823409593	0.106940882653	0.127147288589	0.130522348604	0.1309430813	0.146659694153	0.134721548189	0.159817614448	0.132568200505	0.124498564577	0.143159002062	0.137504666075	0.12701070046	0.105681280384	0.114235659999	0.109768154654	0.14869332392	0.114219917978	0.138056113714	0.124792455532	0.0722702738316	0.149968491369	0.157286173716	0.119845954339	0.12361023387	0.121517628961	0.122482100281	0.121148833048	0.119973530298	0.120597261024	0.127367084272	0.13755571481	0.135695471168	0.123330521097	0.131455100417	0.128416705196	0.121882952686	0.139811121564	0.11500425343	0.13384981728	0.131815541347	0.122237540109	0.1357767214	0.109671403059	0.137586398663	0.137832959286	0.108818805128	0.134717260728	0.12826406708	0.129427673704	0.122568892694
MH0224.snv.bam	0.126890194436	0.136013668899	0.123946227352	0.131953219475	0.119148855405	0.121255916853	0.130756859104	0.130349778135	0.117581579812	0.112456554652	0.119466615939	0.134633983494	0.127650275496	0.123642180406	0.120375711219	0.0985470742002	0.124639011458	0.124450079046	0.107549693667	0.116960779182	0.137908492992	0.133291188521	0.0	0.133336699752	0.121810994484	0.126256858637	0.134882525004	0.116363427312	0.139737555038	0.112071878222	0.117652112601	0.118496809714	0.145325044756	0.119750014904	0.134301472564	0.148055779324	0.142804978701	0.126325659273	0.142106377435	0.141276603344	0.125715545887	0.131326888386	0.111066964269	0.115204479251	0.152020698206	0.132386414676	0.123997340954	0.126830482246	0.134184565261	0.135572375743	0.143822368521	0.122927325547	0.121775197616	0.125488526581	0.116082538331	0.110943940462	0.105578084455	0.115179013541	0.110755417006	0.120357927871	0.119413428861	0.116248239238	0.119953144781	0.112320834111	0.106887660463	0.130138675714	0.0988603664772	0.126418376599	0.128125801879	0.112839719578	0.108457324472	0.115810235804	0.122770171857	0.130396076004	0.107375302638	0.126934891773	0.120505722818	0.106317650045	0.137127008059
MH0229.snv.bam	0.152832001065	0.12628840438	0.145552638987	0.120627452269	0.1450756666	0.134706342952	0.119083275214	0.131735339743	0.145494465187	0.119905695283	0.122856532884	0.134899172271	0.14550771794	0.120158347172	0.138837031219	0.118040659625	0.120339561839	0.143633478143	0.12059831262	0.125096963777	0.160878940627	0.145991151513	0.133336699752	0.0	0.131010575166	0.0530884545199	0.156160912497	0.124904198817	0.135223109886	0.134188513935	0.1269762441	0.139260084073	0.132253313746	0.125373145204	0.146282083487	0.165850849095	0.124570904613	0.121823582764	0.110853120325	0.155409262751	0.132239380489	0.13372963043	0.129114689386	0.137001832813	0.164622966807	0.134328525796	0.133959187924	0.114110296053	0.139242845612	0.146304896243	0.164821119381	0.121141499468	0.123969697232	0.136176753889	0.112332056542	0.130972521115	0.116114815791	0.13348436155	0.138877204212	0.126437134363	0.130501198578	0.120552821984	0.138744357506	0.133914343748	0.125098273405	0.125835508184	0.117133777345	0.147386800886	0.131747180668	0.120557384206	0.124454926181	0.119841424804	0.145383220332	0.133522449211	0.128898636325	0.128119515763	0.121639754492	0.124736885043	0.132166550899
MH0238.snv.bam	0.107062088058	0.106248383235	0.115012224727	0.128021626903	0.110902635876	0.113259549731	0.103987143325	0.111639960116	0.11687186238	0.102402463221	0.101000142386	0.104739094551	0.116460298599	0.104534061282	0.113140551915	0.108941386698	0.106684896468	0.114532957505	0.101584291842	0.0950777092555	0.111690223794	0.126620777622	0.121810994484	0.131010575166	0.0	0.121592588816	0.112761632829	0.0994023546328	0.118627275879	0.0927209668246	0.0976025679489	0.102681630255	0.105972865173	0.111658131233	0.0925368352882	0.139848861314	0.126277594168	0.109670974699	0.12069212147	0.118971059234	0.102374260651	0.121543411387	0.0934167002827	0.110792288813	0.134557369753	0.120106607845	0.102731813933	0.111463372145	0.1205295736	0.120391685655	0.117689527097	0.107837409086	0.113068735209	0.104878552125	0.100506172728	0.10146185578	0.110422916487	0.104462044117	0.10859581404	0.123029742434	0.125630481504	0.0986237651901	0.110507540181	0.110309806566	0.114229971269	0.100688416971	0.0939211361536	0.110874058418	0.102601649759	0.0387307279854	0.111376076898	0.0828491209116	0.111842658723	0.103377740515	0.106910885927	0.106823101416	0.123211447496	0.119186767152	0.100498653709
MH0250.snv.bam	0.138217790168	0.117129763783	0.137636599036	0.1168836969	0.137083737249	0.126143241303	0.103521495794	0.119788305347	0.134325260311	0.111013998321	0.114911505984	0.125384608851	0.136350080022	0.115323212183	0.119007310385	0.114544965375	0.108503098197	0.129568562265	0.102635382603	0.116212328279	0.145351041399	0.130336931741	0.126256858637	0.0530884545199	0.121592588816	0.0	0.139933941135	0.11928309551	0.123814555931	0.11640047546	0.115154019976	0.127211760822	0.125116970395	0.110275386411	0.132660378195	0.155441578952	0.114170907635	0.114081029202	0.101039219711	0.138775368046	0.118416573983	0.117318391677	0.116357204689	0.131416067714	0.146896879887	0.12219285043	0.126346458309	0.11214378603	0.133776928571	0.149702306012	0.149474847721	0.122306369233	0.124418813876	0.118640393959	0.102308094484	0.115558257487	0.112849722449	0.110326486917	0.125098261845	0.118649454122	0.14047758796	0.104580954553	0.124367751098	0.119910328825	0.112505124504	0.116695179462	0.102894779221	0.13444258535	0.12093768839	0.107104715529	0.105052482209	0.116134204337	0.129670170345	0.11984076352	0.11285759082	0.117728828432	0.120693954541	0.122367999715	0.124712895161
MH0252.snv.bam	0.137184741658	0.135319851313	0.131402666936	0.140802460117	0.125705201669	0.124655892785	0.121407868797	0.120655318495	0.133708163589	0.112407814564	0.114990426813	0.115702549806	0.135858076654	0.110584122362	0.116535017074	0.120252253869	0.105039739266	0.117170436062	0.125503430151	0.109682798844	0.015551755726	0.149252051426	0.134882525004	0.156160912497	0.112761632829	0.139933941135	0.0	0.128796643226	0.12773974281	0.114744943015	0.127855233357	0.115495666013	0.140281400499	0.107114120998	0.132231887498	0.142920417991	0.127026773595	0.118618912217	0.12111772329	0.13647205441	0.127152644691	0.137002833572	0.102337203776	0.114576824795	0.144542556687	0.133209938911	0.115495458529	0.11999432411	0.142380436013	0.0361574500449	0.0172404466447	0.121374523608	0.12723288671	0.113574214316	0.128096364811	0.112060490319	0.116355208941	0.123762773006	0.11763294362	0.116072297464	0.14274366436	0.118272472458	0.121142233016	0.105916673175	0.121118274511	0.126138125873	0.118248393065	0.129497652304	0.131416369209	0.103184711765	0.124088920447	0.10701775399	0.116902660275	0.12499743181	0.119063774284	0.120144647281	0.121782523289	0.125731528016	0.118360619038
MH0257.snv.bam	0.126228905225	0.109771558087	0.106996836267	0.119340001999	0.120063990081	0.119404948642	0.109330093939	0.121838023968	0.0757575147438	0.118160104828	0.109117136781	0.118776944568	0.0851699473274	0.110176995719	0.109740360202	0.109058236	0.107511770232	0.120886476592	0.112573213813	0.108637766042	0.130637561738	0.0783913758358	0.116363427312	0.124904198817	0.0994023546328	0.11928309551	0.128796643226	0.0	0.121891969282	0.0977366075766	0.0992866757095	0.109806439867	0.125600209751	0.124481461138	0.124582229633	0.148263444005	0.116224235801	0.111426910913	0.125949090881	0.128199892796	0.112720447055	0.0872985846499	0.100543253825	0.0979568212851	0.148225057208	0.0950581292742	0.123767831923	0.115386493771	0.0400849572904	0.128995386291	0.134173349317	0.113970935728	0.11503532832	0.10838139768	0.114882985214	0.101612858528	0.110645118144	0.103398569557	0.118934681215	0.127926827404	0.121139654867	0.105431228242	0.112675940315	0.116910622215	0.111900243666	0.127411204207	0.104127540236	0.117635114299	0.0985508963683	0.0934256157186	0.116238469356	0.0911233837319	0.123291584692	0.128662226828	0.110102169395	0.123510430421	0.122548698792	0.122907672551	0.11581007612
MH0262.snv.bam	0.132603413744	0.138241536665	0.127919217296	0.131286694318	0.130885862031	0.130596193601	0.129159798729	0.131299063993	0.131581222929	0.124458762274	0.123160941129	0.130205320017	0.130626993331	0.1275225709	0.125171514742	0.116152492631	0.112326185439	0.13039070478	0.122817889304	0.130957546346	0.131808721273	0.140823409593	0.139737555038	0.135223109886	0.118627275879	0.123814555931	0.12773974281	0.121891969282	0.0	0.129005043176	0.115462134767	0.119257152601	0.135632489879	0.12683797615	0.128859338491	0.148804282688	0.137399850232	0.124301022421	0.133047894415	0.146978767059	0.129805994343	0.132929692037	0.110824160758	0.119191225846	0.15104249696	0.139385980474	0.123331939986	0.120938971903	0.130865747876	0.134707373635	0.134567077471	0.125032404869	0.126581926586	0.120549824409	0.132698509675	0.117559098851	0.115006379904	0.114990059633	0.133066364012	0.137325314796	0.139104444707	0.106645072016	0.12355298241	0.122867091533	0.126242224753	0.131479841654	0.116451872791	0.119343219445	0.130746124201	0.111044568811	0.124487440503	0.117621917642	0.12146912682	0.12719235977	0.124261395831	0.131674064379	0.132212779836	0.132035263752	0.130577425297
MH0303.snv.bam	0.120755144069	0.124458568978	0.116033669915	0.126572388303	0.112245986517	0.122044114187	0.112646615244	0.114406557094	0.103465012142	0.11723384751	0.097437351294	0.122570404498	0.10639937792	0.0973701599154	0.0946509986668	0.103960347891	0.100953082686	0.116035244134	0.108187031007	0.104482274925	0.11604011975	0.106940882653	0.112071878222	0.134188513935	0.0927209668246	0.11640047546	0.114744943015	0.0977366075766	0.129005043176	0.0	0.10777298493	0.112419689211	0.118192335145	0.11651880888	0.124043520883	0.138454563836	0.104178242577	0.0954425624789	0.123211344903	0.123387092576	0.119607546125	0.106454133192	0.0879199150104	0.110069393527	0.143631364256	0.113659976301	0.116253712379	0.113055334272	0.109759238789	0.115844394565	0.120087422267	0.106858147245	0.109759437938	0.104414023299	0.113436564913	0.103527593639	0.0994013794782	0.111230955016	0.118006915489	0.110765410919	0.113595848412	0.110117878883	0.105134340463	0.109416009971	0.108617607295	0.116015679224	0.0946456032617	0.112741969648	0.118847446817	0.0923869165202	0.111375169993	0.0886493778739	0.116299958439	0.111838935858	0.107124468858	0.10864178234	0.124043304667	0.12899087526	0.109154648679
MH0308.snv.bam	0.122061726516	0.118375805247	0.121331716451	0.123817975615	0.125837304574	0.121925521543	0.101840900754	0.11280141526	0.119206551908	0.103783786371	0.102916261032	0.110752984891	0.12032029418	0.11207182526	0.108679096255	0.108044888862	0.101226140001	0.120181753863	0.108246036435	0.105399223831	0.129220396101	0.127147288589	0.117652112601	0.1269762441	0.0976025679489	0.115154019976	0.127855233357	0.0992866757095	0.115462134767	0.10777298493	0.0	0.106905001143	0.118568447248	0.115439350063	0.118793373882	0.153316459865	0.120855107759	0.107669988864	0.118464538552	0.125779930895	0.101014859765	0.116644351272	0.0955845515116	0.100303857111	0.132507044976	0.129927358095	0.105697115751	0.107199476495	0.114570230409	0.12952294872	0.131039423224	0.114284395974	0.116697173916	0.110164175796	0.119688642668	0.105720621459	0.0999053145097	0.112139459979	0.109679425706	0.122607730069	0.123574270105	0.0940745270544	0.105670715868	0.104609001532	0.101313352526	0.123241063068	0.100452204207	0.127704978191	0.118521189031	0.0927123615696	0.110877386128	0.097466337251	0.117896376985	0.119991532576	0.10869311785	0.11175307523	0.118151393775	0.118673967338	0.111267733924
MH0309.snv.bam	0.129677100471	0.130062202728	0.117857596998	0.13082064674	0.12540530732	0.125784723646	0.111382813957	0.106755984828	0.121996030925	0.115866395609	0.112294353303	0.0990126052088	0.118182507091	0.107579739914	0.125499348712	0.104676871311	0.100574879254	0.105701589299	0.116087925162	0.111769263322	0.115791363439	0.130522348604	0.118496809714	0.139260084073	0.102681630255	0.127211760822	0.115495666013	0.109806439867	0.119257152601	0.112419689211	0.106905001143	0.0	0.115580115592	0.112045687377	0.115468854564	0.137657457023	0.134848636375	0.116191218934	0.131787144993	0.120034032272	0.123830366867	0.121893194922	0.101584689558	0.108285230064	0.137142253499	0.112596481524	0.110986217176	0.114770234715	0.124552306403	0.115559475642	0.117777118169	0.107143792005	0.112062292602	0.116877195495	0.106955313748	0.105529727345	0.107362932532	0.108437187113	0.11282260512	0.125320488387	0.118028922587	0.106557640324	0.116150410656	0.113976444593	0.110153050033	0.114303068293	0.0896650747769	0.124390002225	0.118442478564	0.0855378856954	0.122683804579	0.0989550130546	0.119486258094	0.113903375814	0.111364616785	0.117249005509	0.122893184504	0.120314493037	0.10543382199
