	158256496-stool2.snv.bam	158337416-stool1.snv.bam	159207311-stool1.snv.bam	159207311-stool2.snv.bam	160704339-stool1.snv.bam	763496533-stool1.snv.bam	763496533-stool2.snv.bam	763597684-stool2.snv.bam	764487809-stool1.snv.bam	764487809-stool2.snv.bam	CCIS05314658ST-4-0.snv.bam	CCIS81710917ST-20-0.snv.bam	CCMD82866709ST-21-0.snv.bam	DOM013.snv.bam	MH0260.snv.bam	MH0280.snv.bam	MH0309.snv.bam	MH0326.snv.bam	MH0384.snv.bam	MH0418.snv.bam	MH0451.snv.bam	MMRS25211151ST-27-0-0.snv.bam	MMRS95277876ST-27-0-0.snv.bam	N009A.snv.bam	N066A.snv.bam	O2.UC13-1.snv.bam	O2.UC21-1.snv.bam	O2.UC32-1.snv.bam	O2.UC36-1.snv.bam	O2.UC40-1.snv.bam	O2.UC47-1.snv.bam	SAMEA3136654.snv.bam	SAMEA3178937.snv.bam	SAMEA3178941.snv.bam	SZEY-07A.snv.bam	SZEY-66A.snv.bam	T2D-155A.snv.bam	T2D-47A.snv.bam	T2D-49A.snv.bam	T2D-59A.snv.bam	V1.CD19-0.snv.bam	V1.CD22-0.snv.bam	V1.CD45-0.snv.bam	V1.CD8-0-PN.snv.bam	V1.FI36.snv.bam	V1.UC12-4.snv.bam	V1.UC23-1.snv.bam	V1.UC47-0.snv.bam	tigress-11-0-0.snv.bam
158256496-stool2.snv.bam	0.0	0.229166666667	0.231481481481	0.231481481481	0.208333333333	0.180555555556	0.1875	0.168981481481	0.196759259259	0.199074074074	0.0648148148148	0.208333333333	0.0555555555556	0.162037037037	0.189814814815	0.0509259259259	0.189814814815	0.226851851852	0.0648148148148	0.194444444444	0.164351851852	0.224537037037	0.18287037037	0.173611111111	0.157407407407	0.0949074074074	0.171296296296	0.194444444444	0.0763888888889	0.125	0.196759259259	0.159722222222	0.152777777778	0.143518518519	0.206018518519	0.12037037037	0.157407407407	0.189814814815	0.164351851852	0.152777777778	0.134259259259	0.131944444444	0.0648148148148	0.12037037037	0.196759259259	0.196759259259	0.206018518519	0.185185185185	0.180555555556
158337416-stool1.snv.bam	0.229166666667	0.0	0.173611111111	0.173611111111	0.194444444444	0.226851851852	0.231481481481	0.138888888889	0.162037037037	0.157407407407	0.236111111111	0.0671296296296	0.18287037037	0.196759259259	0.173611111111	0.24537037037	0.180555555556	0.180555555556	0.240740740741	0.194444444444	0.175925925926	0.210648148148	0.152777777778	0.203703703704	0.19212962963	0.189814814815	0.143518518519	0.194444444444	0.217592592593	0.168981481481	0.199074074074	0.171296296296	0.152777777778	0.171296296296	0.212962962963	0.185185185185	0.173611111111	0.224537037037	0.1875	0.162037037037	0.173611111111	0.134259259259	0.226851851852	0.215277777778	0.0787037037037	0.194444444444	0.201388888889	0.203703703704	0.219907407407
159207311-stool1.snv.bam	0.231481481481	0.173611111111	0.0	0.0	0.226851851852	0.203703703704	0.199074074074	0.155092592593	0.164351851852	0.162037037037	0.236111111111	0.215277777778	0.178240740741	0.212962962963	0.111111111111	0.247685185185	0.1875	0.178240740741	0.226851851852	0.201388888889	0.115740740741	0.178240740741	0.150462962963	0.0972222222222	0.134259259259	0.155092592593	0.178240740741	0.199074074074	0.25	0.164351851852	0.201388888889	0.168981481481	0.166666666667	0.087962962963	0.099537037037	0.212962962963	0.148148148148	0.125	0.122685185185	0.127314814815	0.111111111111	0.111111111111	0.226851851852	0.1875	0.203703703704	0.199074074074	0.199074074074	0.104166666667	0.194444444444
159207311-stool2.snv.bam	0.231481481481	0.173611111111	0.0	0.0	0.226851851852	0.203703703704	0.199074074074	0.155092592593	0.164351851852	0.162037037037	0.236111111111	0.215277777778	0.178240740741	0.212962962963	0.111111111111	0.247685185185	0.1875	0.178240740741	0.226851851852	0.201388888889	0.115740740741	0.178240740741	0.150462962963	0.0972222222222	0.134259259259	0.152777777778	0.178240740741	0.199074074074	0.25	0.164351851852	0.201388888889	0.168981481481	0.166666666667	0.087962962963	0.099537037037	0.212962962963	0.148148148148	0.125	0.122685185185	0.127314814815	0.111111111111	0.111111111111	0.226851851852	0.1875	0.203703703704	0.199074074074	0.199074074074	0.104166666667	0.194444444444
160704339-stool1.snv.bam	0.208333333333	0.194444444444	0.226851851852	0.226851851852	0.0	0.196759259259	0.199074074074	0.0462962962963	0.233796296296	0.236111111111	0.215277777778	0.178240740741	0.155092592593	0.19212962963	0.196759259259	0.222222222222	0.131944444444	0.180555555556	0.222222222222	0.143518518519	0.178240740741	0.208333333333	0.143518518519	0.19212962963	0.173611111111	0.173611111111	0.159722222222	0.180555555556	0.236111111111	0.173611111111	0.175925925926	0.113425925926	0.164351851852	0.157407407407	0.224537037037	0.19212962963	0.206018518519	0.219907407407	0.19212962963	0.173611111111	0.157407407407	0.138888888889	0.212962962963	0.224537037037	0.189814814815	0.125	0.150462962963	0.233796296296	0.219907407407
763496533-stool1.snv.bam	0.180555555556	0.226851851852	0.203703703704	0.203703703704	0.196759259259	0.0	0.0	0.136574074074	0.196759259259	0.201388888889	0.185185185185	0.217592592593	0.138888888889	0.185185185185	0.199074074074	0.19212962963	0.175925925926	0.180555555556	0.19212962963	0.171296296296	0.150462962963	0.196759259259	0.178240740741	0.171296296296	0.178240740741	0.159722222222	0.173611111111	0.178240740741	0.212962962963	0.164351851852	0.178240740741	0.152777777778	0.168981481481	0.0972222222222	0.185185185185	0.1875	0.180555555556	0.171296296296	0.168981481481	0.173611111111	0.138888888889	0.134259259259	0.19212962963	0.206018518519	0.215277777778	0.18287037037	0.175925925926	0.19212962963	0.217592592593
763496533-stool2.snv.bam	0.1875	0.231481481481	0.199074074074	0.199074074074	0.199074074074	0.0	0.0	0.138888888889	0.201388888889	0.206018518519	0.19212962963	0.222222222222	0.141203703704	0.1875	0.196759259259	0.199074074074	0.180555555556	0.175925925926	0.196759259259	0.175925925926	0.148148148148	0.199074074074	0.18287037037	0.166666666667	0.175925925926	0.157407407407	0.178240740741	0.180555555556	0.219907407407	0.162037037037	0.178240740741	0.155092592593	0.175925925926	0.0925925925926	0.180555555556	0.189814814815	0.18287037037	0.168981481481	0.171296296296	0.178240740741	0.138888888889	0.12962962963	0.196759259259	0.203703703704	0.219907407407	0.185185185185	0.180555555556	0.189814814815	0.219907407407
763597684-stool2.snv.bam	0.168981481481	0.138888888889	0.155092592593	0.155092592593	0.0462962962963	0.136574074074	0.138888888889	0.0	0.175925925926	0.178240740741	0.168981481481	0.12962962963	0.104166666667	0.131944444444	0.136574074074	0.175925925926	0.099537037037	0.12037037037	0.173611111111	0.0925925925926	0.099537037037	0.131944444444	0.0833333333333	0.125	0.122685185185	0.111111111111	0.0972222222222	0.141203703704	0.194444444444	0.108796296296	0.12037037037	0.0625	0.099537037037	0.0902777777778	0.155092592593	0.138888888889	0.138888888889	0.150462962963	0.131944444444	0.125	0.099537037037	0.0625	0.166666666667	0.171296296296	0.148148148148	0.087962962963	0.106481481481	0.148148148148	0.175925925926
764487809-stool1.snv.bam	0.196759259259	0.162037037037	0.164351851852	0.164351851852	0.233796296296	0.196759259259	0.201388888889	0.175925925926	0.0	0.0	0.219907407407	0.203703703704	0.171296296296	0.199074074074	0.157407407407	0.212962962963	0.150462962963	0.212962962963	0.215277777778	0.19212962963	0.155092592593	0.208333333333	0.159722222222	0.166666666667	0.162037037037	0.166666666667	0.175925925926	0.18287037037	0.201388888889	0.168981481481	0.196759259259	0.175925925926	0.175925925926	0.136574074074	0.185185185185	0.171296296296	0.171296296296	0.18287037037	0.157407407407	0.145833333333	0.159722222222	0.143518518519	0.203703703704	0.217592592593	0.189814814815	0.1875	0.196759259259	0.164351851852	0.201388888889
764487809-stool2.snv.bam	0.199074074074	0.157407407407	0.162037037037	0.162037037037	0.236111111111	0.201388888889	0.206018518519	0.178240740741	0.0	0.0	0.219907407407	0.196759259259	0.164351851852	0.201388888889	0.155092592593	0.212962962963	0.148148148148	0.203703703704	0.217592592593	0.19212962963	0.155092592593	0.206018518519	0.157407407407	0.171296296296	0.164351851852	0.159722222222	0.171296296296	0.180555555556	0.203703703704	0.173611111111	0.199074074074	0.175925925926	0.171296296296	0.141203703704	0.1875	0.175925925926	0.171296296296	0.185185185185	0.162037037037	0.143518518519	0.159722222222	0.145833333333	0.203703703704	0.217592592593	0.19212962963	0.1875	0.201388888889	0.164351851852	0.199074074074
CCIS05314658ST-4-0.snv.bam	0.0648148148148	0.236111111111	0.236111111111	0.236111111111	0.215277777778	0.185185185185	0.19212962963	0.168981481481	0.219907407407	0.219907407407	0.0	0.224537037037	0.0671296296296	0.127314814815	0.210648148148	0.0277777777778	0.19212962963	0.229166666667	0.0532407407407	0.196759259259	0.173611111111	0.231481481481	0.175925925926	0.164351851852	0.178240740741	0.099537037037	0.175925925926	0.201388888889	0.0532407407407	0.157407407407	0.217592592593	0.168981481481	0.168981481481	0.162037037037	0.217592592593	0.136574074074	0.168981481481	0.194444444444	0.166666666667	0.168981481481	0.141203703704	0.162037037037	0.0949074074074	0.108796296296	0.222222222222	0.208333333333	0.210648148148	0.199074074074	0.189814814815
CCIS81710917ST-20-0.snv.bam	0.208333333333	0.0671296296296	0.215277777778	0.215277777778	0.178240740741	0.217592592593	0.222222222222	0.12962962963	0.203703703704	0.196759259259	0.224537037037	0.0	0.157407407407	0.180555555556	0.185185185185	0.233796296296	0.159722222222	0.1875	0.233796296296	0.180555555556	0.168981481481	0.219907407407	0.159722222222	0.194444444444	0.178240740741	0.178240740741	0.12962962963	0.18287037037	0.219907407407	0.159722222222	0.180555555556	0.150462962963	0.141203703704	0.168981481481	0.212962962963	0.1875	0.19212962963	0.219907407407	0.18287037037	0.19212962963	0.168981481481	0.12037037037	0.206018518519	0.203703703704	0.0810185185185	0.162037037037	0.199074074074	0.203703703704	0.18287037037
CCMD82866709ST-21-0.snv.bam	0.0555555555556	0.18287037037	0.178240740741	0.178240740741	0.155092592593	0.138888888889	0.141203703704	0.104166666667	0.171296296296	0.164351851852	0.0671296296296	0.157407407407	0.0	0.087962962963	0.141203703704	0.0555555555556	0.122685185185	0.164351851852	0.0555555555556	0.143518518519	0.111111111111	0.175925925926	0.127314814815	0.131944444444	0.127314814815	0.0532407407407	0.101851851852	0.143518518519	0.0740740740741	0.0787037037037	0.138888888889	0.0925925925926	0.108796296296	0.087962962963	0.166666666667	0.0833333333333	0.125	0.157407407407	0.131944444444	0.12037037037	0.0833333333333	0.0740740740741	0.0694444444444	0.0787037037037	0.157407407407	0.131944444444	0.157407407407	0.143518518519	0.152777777778
DOM013.snv.bam	0.162037037037	0.196759259259	0.212962962963	0.212962962963	0.19212962963	0.185185185185	0.1875	0.131944444444	0.199074074074	0.201388888889	0.127314814815	0.180555555556	0.087962962963	0.0	0.164351851852	0.127314814815	0.159722222222	0.180555555556	0.131944444444	0.18287037037	0.141203703704	0.222222222222	0.150462962963	0.162037037037	0.164351851852	0.0972222222222	0.150462962963	0.203703703704	0.143518518519	0.12962962963	0.196759259259	0.150462962963	0.136574074074	0.131944444444	0.189814814815	0.136574074074	0.168981481481	0.208333333333	0.162037037037	0.168981481481	0.141203703704	0.108796296296	0.166666666667	0.108796296296	0.173611111111	0.155092592593	0.208333333333	0.180555555556	0.1875
MH0260.snv.bam	0.189814814815	0.173611111111	0.111111111111	0.111111111111	0.196759259259	0.199074074074	0.196759259259	0.136574074074	0.157407407407	0.155092592593	0.210648148148	0.185185185185	0.141203703704	0.164351851852	0.0	0.206018518519	0.168981481481	0.185185185185	0.194444444444	0.175925925926	0.0972222222222	0.215277777778	0.131944444444	0.0972222222222	0.111111111111	0.111111111111	0.155092592593	0.171296296296	0.217592592593	0.131944444444	0.166666666667	0.152777777778	0.115740740741	0.104166666667	0.152777777778	0.18287037037	0.155092592593	0.134259259259	0.127314814815	0.099537037037	0.0972222222222	0.0949074074074	0.199074074074	0.138888888889	0.1875	0.185185185185	0.194444444444	0.122685185185	0.159722222222
MH0280.snv.bam	0.0509259259259	0.24537037037	0.247685185185	0.247685185185	0.222222222222	0.19212962963	0.199074074074	0.175925925926	0.212962962963	0.212962962963	0.0277777777778	0.233796296296	0.0555555555556	0.127314814815	0.206018518519	0.0	0.196759259259	0.236111111111	0.0393518518519	0.212962962963	0.173611111111	0.238425925926	0.196759259259	0.171296296296	0.173611111111	0.0810185185185	0.178240740741	0.222222222222	0.0393518518519	0.145833333333	0.212962962963	0.175925925926	0.168981481481	0.157407407407	0.226851851852	0.12962962963	0.168981481481	0.208333333333	0.173611111111	0.164351851852	0.152777777778	0.159722222222	0.0810185185185	0.0949074074074	0.222222222222	0.208333333333	0.231481481481	0.206018518519	0.185185185185
MH0309.snv.bam	0.189814814815	0.180555555556	0.1875	0.1875	0.131944444444	0.175925925926	0.180555555556	0.099537037037	0.150462962963	0.148148148148	0.19212962963	0.159722222222	0.122685185185	0.159722222222	0.168981481481	0.196759259259	0.0	0.180555555556	0.208333333333	0.150462962963	0.138888888889	0.19212962963	0.157407407407	0.148148148148	0.159722222222	0.159722222222	0.125	0.168981481481	0.208333333333	0.157407407407	0.143518518519	0.0925925925926	0.131944444444	0.134259259259	0.178240740741	0.168981481481	0.148148148148	0.173611111111	0.162037037037	0.162037037037	0.136574074074	0.115740740741	0.18287037037	0.201388888889	0.162037037037	0.0671296296296	0.173611111111	0.180555555556	0.201388888889
MH0326.snv.bam	0.226851851852	0.180555555556	0.178240740741	0.178240740741	0.180555555556	0.180555555556	0.175925925926	0.12037037037	0.212962962963	0.203703703704	0.229166666667	0.1875	0.164351851852	0.180555555556	0.185185185185	0.236111111111	0.180555555556	0.0	0.231481481481	0.164351851852	0.145833333333	0.196759259259	0.150462962963	0.1875	0.175925925926	0.145833333333	0.150462962963	0.18287037037	0.24537037037	0.157407407407	0.18287037037	0.164351851852	0.168981481481	0.12037037037	0.194444444444	0.208333333333	0.185185185185	0.196759259259	0.166666666667	0.171296296296	0.155092592593	0.118055555556	0.229166666667	0.219907407407	0.194444444444	0.173611111111	0.175925925926	0.196759259259	0.189814814815
MH0384.snv.bam	0.0648148148148	0.240740740741	0.226851851852	0.226851851852	0.222222222222	0.19212962963	0.196759259259	0.173611111111	0.215277777778	0.217592592593	0.0532407407407	0.233796296296	0.0555555555556	0.131944444444	0.194444444444	0.0393518518519	0.208333333333	0.231481481481	0.0	0.194444444444	0.171296296296	0.231481481481	0.178240740741	0.155092592593	0.155092592593	0.0787037037037	0.175925925926	0.206018518519	0.0555555555556	0.134259259259	0.201388888889	0.168981481481	0.143518518519	0.134259259259	0.208333333333	0.118055555556	0.164351851852	0.206018518519	0.159722222222	0.152777777778	0.134259259259	0.141203703704	0.0578703703704	0.0949074074074	0.208333333333	0.206018518519	0.219907407407	0.19212962963	0.171296296296
MH0418.snv.bam	0.194444444444	0.194444444444	0.201388888889	0.201388888889	0.143518518519	0.171296296296	0.175925925926	0.0925925925926	0.19212962963	0.19212962963	0.196759259259	0.180555555556	0.143518518519	0.18287037037	0.175925925926	0.212962962963	0.150462962963	0.164351851852	0.194444444444	0.0	0.148148148148	0.19212962963	0.0416666666667	0.159722222222	0.143518518519	0.150462962963	0.155092592593	0.0555555555556	0.229166666667	0.162037037037	0.166666666667	0.134259259259	0.143518518519	0.118055555556	0.171296296296	0.166666666667	0.18287037037	0.180555555556	0.168981481481	0.157407407407	0.138888888889	0.106481481481	0.201388888889	0.203703703704	0.173611111111	0.150462962963	0.0393518518519	0.1875	0.201388888889
MH0451.snv.bam	0.164351851852	0.175925925926	0.115740740741	0.115740740741	0.178240740741	0.150462962963	0.148148148148	0.099537037037	0.155092592593	0.155092592593	0.173611111111	0.168981481481	0.111111111111	0.141203703704	0.0972222222222	0.173611111111	0.138888888889	0.145833333333	0.171296296296	0.148148148148	0.0	0.145833333333	0.145833333333	0.0671296296296	0.087962962963	0.0972222222222	0.104166666667	0.155092592593	0.1875	0.099537037037	0.131944444444	0.113425925926	0.0671296296296	0.0347222222222	0.0578703703704	0.134259259259	0.115740740741	0.0787037037037	0.106481481481	0.108796296296	0.0601851851852	0.0509259259259	0.162037037037	0.141203703704	0.148148148148	0.150462962963	0.152777777778	0.0462962962963	0.162037037037
MMRS25211151ST-27-0-0.snv.bam	0.224537037037	0.210648148148	0.178240740741	0.178240740741	0.208333333333	0.196759259259	0.199074074074	0.131944444444	0.208333333333	0.206018518519	0.231481481481	0.219907407407	0.175925925926	0.222222222222	0.215277777778	0.238425925926	0.19212962963	0.196759259259	0.231481481481	0.19212962963	0.145833333333	0.0	0.18287037037	0.152777777778	0.18287037037	0.168981481481	0.180555555556	0.194444444444	0.24537037037	0.173611111111	0.196759259259	0.171296296296	0.18287037037	0.141203703704	0.157407407407	0.152777777778	0.171296296296	0.150462962963	0.143518518519	0.19212962963	0.157407407407	0.136574074074	0.212962962963	0.222222222222	0.201388888889	0.199074074074	0.206018518519	0.148148148148	0.189814814815
MMRS95277876ST-27-0-0.snv.bam	0.18287037037	0.152777777778	0.150462962963	0.150462962963	0.143518518519	0.178240740741	0.18287037037	0.0833333333333	0.159722222222	0.157407407407	0.175925925926	0.159722222222	0.127314814815	0.150462962963	0.131944444444	0.196759259259	0.157407407407	0.150462962963	0.178240740741	0.0416666666667	0.145833333333	0.18287037037	0.0	0.152777777778	0.125	0.12037037037	0.134259259259	0.0671296296296	0.206018518519	0.138888888889	0.168981481481	0.127314814815	0.12037037037	0.113425925926	0.173611111111	0.162037037037	0.166666666667	0.173611111111	0.148148148148	0.118055555556	0.115740740741	0.0671296296296	0.185185185185	0.1875	0.162037037037	0.148148148148	0.0694444444444	0.173611111111	0.180555555556
N009A.snv.bam	0.173611111111	0.203703703704	0.0972222222222	0.0972222222222	0.19212962963	0.171296296296	0.166666666667	0.125	0.166666666667	0.171296296296	0.164351851852	0.194444444444	0.131944444444	0.162037037037	0.0972222222222	0.171296296296	0.148148148148	0.1875	0.155092592593	0.159722222222	0.0671296296296	0.152777777778	0.152777777778	0.0	0.0949074074074	0.122685185185	0.157407407407	0.171296296296	0.18287037037	0.143518518519	0.145833333333	0.131944444444	0.134259259259	0.0625	0.0787037037037	0.162037037037	0.131944444444	0.0740740740741	0.0763888888889	0.118055555556	0.0717592592593	0.0810185185185	0.164351851852	0.143518518519	0.19212962963	0.155092592593	0.166666666667	0.0902777777778	0.155092592593
N066A.snv.bam	0.157407407407	0.19212962963	0.134259259259	0.134259259259	0.173611111111	0.178240740741	0.175925925926	0.122685185185	0.162037037037	0.164351851852	0.178240740741	0.178240740741	0.127314814815	0.164351851852	0.111111111111	0.173611111111	0.159722222222	0.175925925926	0.155092592593	0.143518518519	0.087962962963	0.18287037037	0.125	0.0949074074074	0.0	0.111111111111	0.138888888889	0.164351851852	0.180555555556	0.138888888889	0.148148148148	0.127314814815	0.0856481481481	0.0578703703704	0.125	0.159722222222	0.138888888889	0.131944444444	0.087962962963	0.0648148148148	0.0787037037037	0.0833333333333	0.150462962963	0.173611111111	0.168981481481	0.155092592593	0.157407407407	0.12037037037	0.148148148148
O2.UC13-1.snv.bam	0.0949074074074	0.189814814815	0.155092592593	0.152777777778	0.173611111111	0.159722222222	0.157407407407	0.111111111111	0.166666666667	0.159722222222	0.099537037037	0.178240740741	0.0532407407407	0.0972222222222	0.111111111111	0.0810185185185	0.159722222222	0.145833333333	0.0787037037037	0.150462962963	0.0972222222222	0.168981481481	0.12037037037	0.122685185185	0.111111111111	0.0	0.138888888889	0.164351851852	0.106481481481	0.104166666667	0.134259259259	0.115740740741	0.12962962963	0.0763888888889	0.152777777778	0.115740740741	0.122685185185	0.134259259259	0.118055555556	0.113425925926	0.0856481481481	0.0763888888889	0.118055555556	0.0347222222222	0.162037037037	0.150462962963	0.164351851852	0.118055555556	0.115740740741
O2.UC21-1.snv.bam	0.171296296296	0.143518518519	0.178240740741	0.178240740741	0.159722222222	0.173611111111	0.178240740741	0.0972222222222	0.175925925926	0.171296296296	0.175925925926	0.12962962963	0.101851851852	0.150462962963	0.155092592593	0.178240740741	0.125	0.150462962963	0.175925925926	0.155092592593	0.104166666667	0.180555555556	0.134259259259	0.157407407407	0.138888888889	0.138888888889	0.0	0.168981481481	0.185185185185	0.0717592592593	0.145833333333	0.0787037037037	0.0300925925926	0.113425925926	0.178240740741	0.12037037037	0.157407407407	0.180555555556	0.148148148148	0.141203703704	0.127314814815	0.0671296296296	0.166666666667	0.189814814815	0.12962962963	0.122685185185	0.168981481481	0.155092592593	0.1875
O2.UC32-1.snv.bam	0.194444444444	0.194444444444	0.199074074074	0.199074074074	0.180555555556	0.178240740741	0.180555555556	0.141203703704	0.18287037037	0.180555555556	0.201388888889	0.18287037037	0.143518518519	0.203703703704	0.171296296296	0.222222222222	0.168981481481	0.18287037037	0.206018518519	0.0555555555556	0.155092592593	0.194444444444	0.0671296296296	0.171296296296	0.164351851852	0.164351851852	0.168981481481	0.0	0.229166666667	0.159722222222	0.166666666667	0.145833333333	0.159722222222	0.131944444444	0.178240740741	0.168981481481	0.196759259259	0.189814814815	0.171296296296	0.159722222222	0.155092592593	0.127314814815	0.19212962963	0.217592592593	0.180555555556	0.162037037037	0.0810185185185	0.196759259259	0.206018518519
O2.UC36-1.snv.bam	0.0763888888889	0.217592592593	0.25	0.25	0.236111111111	0.212962962963	0.219907407407	0.194444444444	0.201388888889	0.203703703704	0.0532407407407	0.219907407407	0.0740740740741	0.143518518519	0.217592592593	0.0393518518519	0.208333333333	0.24537037037	0.0555555555556	0.229166666667	0.1875	0.24537037037	0.206018518519	0.18287037037	0.180555555556	0.106481481481	0.185185185185	0.229166666667	0.0	0.157407407407	0.224537037037	0.1875	0.175925925926	0.168981481481	0.229166666667	0.134259259259	0.157407407407	0.217592592593	0.1875	0.171296296296	0.162037037037	0.166666666667	0.0925925925926	0.12037037037	0.206018518519	0.224537037037	0.233796296296	0.208333333333	0.206018518519
O2.UC40-1.snv.bam	0.125	0.168981481481	0.164351851852	0.164351851852	0.173611111111	0.164351851852	0.162037037037	0.108796296296	0.168981481481	0.173611111111	0.157407407407	0.159722222222	0.0787037037037	0.12962962963	0.131944444444	0.145833333333	0.157407407407	0.157407407407	0.134259259259	0.162037037037	0.099537037037	0.173611111111	0.138888888889	0.143518518519	0.138888888889	0.104166666667	0.0717592592593	0.159722222222	0.157407407407	0.0	0.141203703704	0.115740740741	0.0555555555556	0.0833333333333	0.166666666667	0.127314814815	0.152777777778	0.180555555556	0.141203703704	0.143518518519	0.106481481481	0.0439814814815	0.118055555556	0.108796296296	0.12037037037	0.152777777778	0.175925925926	0.152777777778	0.175925925926
O2.UC47-1.snv.bam	0.196759259259	0.199074074074	0.201388888889	0.201388888889	0.175925925926	0.178240740741	0.178240740741	0.12037037037	0.196759259259	0.199074074074	0.217592592593	0.180555555556	0.138888888889	0.196759259259	0.166666666667	0.212962962963	0.143518518519	0.18287037037	0.201388888889	0.166666666667	0.131944444444	0.196759259259	0.168981481481	0.145833333333	0.148148148148	0.134259259259	0.145833333333	0.166666666667	0.224537037037	0.141203703704	0.0	0.0740740740741	0.138888888889	0.111111111111	0.171296296296	0.166666666667	0.159722222222	0.1875	0.166666666667	0.164351851852	0.150462962963	0.104166666667	0.194444444444	0.203703703704	0.18287037037	0.127314814815	0.173611111111	0.180555555556	0.194444444444
SAMEA3136654.snv.bam	0.159722222222	0.171296296296	0.168981481481	0.168981481481	0.113425925926	0.152777777778	0.155092592593	0.0625	0.175925925926	0.175925925926	0.168981481481	0.150462962963	0.0925925925926	0.150462962963	0.152777777778	0.175925925926	0.0925925925926	0.164351851852	0.168981481481	0.134259259259	0.113425925926	0.171296296296	0.127314814815	0.131944444444	0.127314814815	0.115740740741	0.0787037037037	0.145833333333	0.1875	0.115740740741	0.0740740740741	0.0	0.0925925925926	0.099537037037	0.159722222222	0.143518518519	0.145833333333	0.166666666667	0.138888888889	0.131944444444	0.106481481481	0.0717592592593	0.155092592593	0.180555555556	0.150462962963	0.0694444444444	0.152777777778	0.162037037037	0.185185185185
SAMEA3178937.snv.bam	0.152777777778	0.152777777778	0.166666666667	0.166666666667	0.164351851852	0.168981481481	0.175925925926	0.099537037037	0.175925925926	0.171296296296	0.168981481481	0.141203703704	0.108796296296	0.136574074074	0.115740740741	0.168981481481	0.131944444444	0.168981481481	0.143518518519	0.143518518519	0.0671296296296	0.18287037037	0.12037037037	0.134259259259	0.0856481481481	0.12962962963	0.0300925925926	0.159722222222	0.175925925926	0.0555555555556	0.138888888889	0.0925925925926	0.0	0.0925925925926	0.152777777778	0.115740740741	0.138888888889	0.171296296296	0.134259259259	0.108796296296	0.106481481481	0.0625	0.136574074074	0.166666666667	0.12962962963	0.12962962963	0.157407407407	0.141203703704	0.173611111111
SAMEA3178941.snv.bam	0.143518518519	0.171296296296	0.087962962963	0.087962962963	0.157407407407	0.0972222222222	0.0925925925926	0.0902777777778	0.136574074074	0.141203703704	0.162037037037	0.168981481481	0.087962962963	0.131944444444	0.104166666667	0.157407407407	0.134259259259	0.12037037037	0.134259259259	0.118055555556	0.0347222222222	0.141203703704	0.113425925926	0.0625	0.0578703703704	0.0763888888889	0.113425925926	0.131944444444	0.168981481481	0.0833333333333	0.111111111111	0.099537037037	0.0925925925926	0.0	0.0763888888889	0.127314814815	0.104166666667	0.0810185185185	0.0833333333333	0.0972222222222	0.0416666666667	0.0347222222222	0.141203703704	0.131944444444	0.141203703704	0.127314814815	0.127314814815	0.0787037037037	0.150462962963
SZEY-07A.snv.bam	0.206018518519	0.212962962963	0.099537037037	0.099537037037	0.224537037037	0.185185185185	0.180555555556	0.155092592593	0.185185185185	0.1875	0.217592592593	0.212962962963	0.166666666667	0.189814814815	0.152777777778	0.226851851852	0.178240740741	0.194444444444	0.208333333333	0.171296296296	0.0578703703704	0.157407407407	0.173611111111	0.0787037037037	0.125	0.152777777778	0.178240740741	0.178240740741	0.229166666667	0.166666666667	0.171296296296	0.159722222222	0.152777777778	0.0763888888889	0.0	0.159722222222	0.0925925925926	0.0949074074074	0.131944444444	0.150462962963	0.115740740741	0.099537037037	0.201388888889	0.185185185185	0.180555555556	0.1875	0.175925925926	0.0462962962963	0.199074074074
SZEY-66A.snv.bam	0.12037037037	0.185185185185	0.212962962963	0.212962962963	0.19212962963	0.1875	0.189814814815	0.138888888889	0.171296296296	0.175925925926	0.136574074074	0.1875	0.0833333333333	0.136574074074	0.18287037037	0.12962962963	0.168981481481	0.208333333333	0.118055555556	0.166666666667	0.134259259259	0.152777777778	0.162037037037	0.162037037037	0.159722222222	0.115740740741	0.12037037037	0.168981481481	0.134259259259	0.127314814815	0.166666666667	0.143518518519	0.115740740741	0.127314814815	0.159722222222	0.0	0.157407407407	0.164351851852	0.157407407407	0.150462962963	0.150462962963	0.111111111111	0.0949074074074	0.166666666667	0.164351851852	0.175925925926	0.19212962963	0.138888888889	0.171296296296
T2D-155A.snv.bam	0.157407407407	0.173611111111	0.148148148148	0.148148148148	0.206018518519	0.180555555556	0.18287037037	0.138888888889	0.171296296296	0.171296296296	0.168981481481	0.19212962963	0.125	0.168981481481	0.155092592593	0.168981481481	0.148148148148	0.185185185185	0.164351851852	0.18287037037	0.115740740741	0.171296296296	0.166666666667	0.131944444444	0.138888888889	0.122685185185	0.157407407407	0.196759259259	0.157407407407	0.152777777778	0.159722222222	0.145833333333	0.138888888889	0.104166666667	0.0925925925926	0.157407407407	0.0	0.148148148148	0.152777777778	0.127314814815	0.12962962963	0.101851851852	0.159722222222	0.180555555556	0.162037037037	0.159722222222	0.178240740741	0.101851851852	0.173611111111
T2D-47A.snv.bam	0.189814814815	0.224537037037	0.125	0.125	0.219907407407	0.171296296296	0.168981481481	0.150462962963	0.18287037037	0.185185185185	0.194444444444	0.219907407407	0.157407407407	0.208333333333	0.134259259259	0.208333333333	0.173611111111	0.196759259259	0.206018518519	0.180555555556	0.0787037037037	0.150462962963	0.173611111111	0.0740740740741	0.131944444444	0.134259259259	0.180555555556	0.189814814815	0.217592592593	0.180555555556	0.1875	0.166666666667	0.171296296296	0.0810185185185	0.0949074074074	0.164351851852	0.148148148148	0.0	0.0810185185185	0.166666666667	0.0810185185185	0.106481481481	0.201388888889	0.185185185185	0.206018518519	0.196759259259	0.180555555556	0.0694444444444	0.162037037037
T2D-49A.snv.bam	0.164351851852	0.1875	0.122685185185	0.122685185185	0.19212962963	0.168981481481	0.171296296296	0.131944444444	0.157407407407	0.162037037037	0.166666666667	0.18287037037	0.131944444444	0.162037037037	0.127314814815	0.173611111111	0.162037037037	0.166666666667	0.159722222222	0.168981481481	0.106481481481	0.143518518519	0.148148148148	0.0763888888889	0.087962962963	0.118055555556	0.148148148148	0.171296296296	0.1875	0.141203703704	0.166666666667	0.138888888889	0.134259259259	0.0833333333333	0.131944444444	0.157407407407	0.152777777778	0.0810185185185	0.0	0.115740740741	0.0833333333333	0.106481481481	0.152777777778	0.180555555556	0.189814814815	0.159722222222	0.178240740741	0.0949074074074	0.122685185185
T2D-59A.snv.bam	0.152777777778	0.162037037037	0.127314814815	0.127314814815	0.173611111111	0.173611111111	0.178240740741	0.125	0.145833333333	0.143518518519	0.168981481481	0.19212962963	0.12037037037	0.168981481481	0.099537037037	0.164351851852	0.162037037037	0.171296296296	0.152777777778	0.157407407407	0.108796296296	0.19212962963	0.118055555556	0.118055555556	0.0648148148148	0.113425925926	0.141203703704	0.159722222222	0.171296296296	0.143518518519	0.164351851852	0.131944444444	0.108796296296	0.0972222222222	0.150462962963	0.150462962963	0.127314814815	0.166666666667	0.115740740741	0.0	0.118055555556	0.101851851852	0.155092592593	0.171296296296	0.18287037037	0.162037037037	0.155092592593	0.145833333333	0.136574074074
V1.CD19-0.snv.bam	0.134259259259	0.173611111111	0.111111111111	0.111111111111	0.157407407407	0.138888888889	0.138888888889	0.099537037037	0.159722222222	0.159722222222	0.141203703704	0.168981481481	0.0833333333333	0.141203703704	0.0972222222222	0.152777777778	0.136574074074	0.155092592593	0.134259259259	0.138888888889	0.0601851851852	0.157407407407	0.115740740741	0.0717592592593	0.0787037037037	0.0856481481481	0.127314814815	0.155092592593	0.162037037037	0.106481481481	0.150462962963	0.106481481481	0.106481481481	0.0416666666667	0.115740740741	0.150462962963	0.12962962963	0.0810185185185	0.0833333333333	0.118055555556	0.0	0.0555555555556	0.150462962963	0.134259259259	0.150462962963	0.148148148148	0.152777777778	0.104166666667	0.162037037037
V1.CD22-0.snv.bam	0.131944444444	0.134259259259	0.111111111111	0.111111111111	0.138888888889	0.134259259259	0.12962962963	0.0625	0.143518518519	0.145833333333	0.162037037037	0.12037037037	0.0740740740741	0.108796296296	0.0949074074074	0.159722222222	0.115740740741	0.118055555556	0.141203703704	0.106481481481	0.0509259259259	0.136574074074	0.0671296296296	0.0810185185185	0.0833333333333	0.0763888888889	0.0671296296296	0.127314814815	0.166666666667	0.0439814814815	0.104166666667	0.0717592592593	0.0625	0.0347222222222	0.099537037037	0.111111111111	0.101851851852	0.106481481481	0.106481481481	0.101851851852	0.0555555555556	0.0	0.138888888889	0.125	0.101851851852	0.106481481481	0.127314814815	0.0949074074074	0.136574074074
V1.CD45-0.snv.bam	0.0648148148148	0.226851851852	0.226851851852	0.226851851852	0.212962962963	0.19212962963	0.196759259259	0.166666666667	0.203703703704	0.203703703704	0.0949074074074	0.206018518519	0.0694444444444	0.166666666667	0.199074074074	0.0810185185185	0.18287037037	0.229166666667	0.0578703703704	0.201388888889	0.162037037037	0.212962962963	0.185185185185	0.164351851852	0.150462962963	0.118055555556	0.166666666667	0.19212962963	0.0925925925926	0.118055555556	0.194444444444	0.155092592593	0.136574074074	0.141203703704	0.201388888889	0.0949074074074	0.159722222222	0.201388888889	0.152777777778	0.155092592593	0.150462962963	0.138888888889	0.0	0.141203703704	0.201388888889	0.1875	0.219907407407	0.180555555556	0.19212962963
V1.CD8-0-PN.snv.bam	0.12037037037	0.215277777778	0.1875	0.1875	0.224537037037	0.206018518519	0.203703703704	0.171296296296	0.217592592593	0.217592592593	0.108796296296	0.203703703704	0.0787037037037	0.108796296296	0.138888888889	0.0949074074074	0.201388888889	0.219907407407	0.0949074074074	0.203703703704	0.141203703704	0.222222222222	0.1875	0.143518518519	0.173611111111	0.0347222222222	0.189814814815	0.217592592593	0.12037037037	0.108796296296	0.203703703704	0.180555555556	0.166666666667	0.131944444444	0.185185185185	0.166666666667	0.180555555556	0.185185185185	0.180555555556	0.171296296296	0.134259259259	0.125	0.141203703704	0.0	0.19212962963	0.201388888889	0.229166666667	0.178240740741	0.18287037037
V1.FI36.snv.bam	0.196759259259	0.0787037037037	0.203703703704	0.203703703704	0.189814814815	0.215277777778	0.219907407407	0.148148148148	0.189814814815	0.19212962963	0.222222222222	0.0810185185185	0.157407407407	0.173611111111	0.1875	0.222222222222	0.162037037037	0.194444444444	0.208333333333	0.173611111111	0.148148148148	0.201388888889	0.162037037037	0.19212962963	0.168981481481	0.162037037037	0.12962962963	0.180555555556	0.206018518519	0.12037037037	0.18287037037	0.150462962963	0.12962962963	0.141203703704	0.180555555556	0.164351851852	0.162037037037	0.206018518519	0.189814814815	0.18287037037	0.150462962963	0.101851851852	0.201388888889	0.19212962963	0.0	0.168981481481	0.18287037037	0.175925925926	0.206018518519
V1.UC12-4.snv.bam	0.196759259259	0.194444444444	0.199074074074	0.199074074074	0.125	0.18287037037	0.185185185185	0.087962962963	0.1875	0.1875	0.208333333333	0.162037037037	0.131944444444	0.155092592593	0.185185185185	0.208333333333	0.0671296296296	0.173611111111	0.206018518519	0.150462962963	0.150462962963	0.199074074074	0.148148148148	0.155092592593	0.155092592593	0.150462962963	0.122685185185	0.162037037037	0.224537037037	0.152777777778	0.127314814815	0.0694444444444	0.12962962963	0.127314814815	0.1875	0.175925925926	0.159722222222	0.196759259259	0.159722222222	0.162037037037	0.148148148148	0.106481481481	0.1875	0.201388888889	0.168981481481	0.0	0.166666666667	0.1875	0.203703703704
V1.UC23-1.snv.bam	0.206018518519	0.201388888889	0.199074074074	0.199074074074	0.150462962963	0.175925925926	0.180555555556	0.106481481481	0.196759259259	0.201388888889	0.210648148148	0.199074074074	0.157407407407	0.208333333333	0.194444444444	0.231481481481	0.173611111111	0.175925925926	0.219907407407	0.0393518518519	0.152777777778	0.206018518519	0.0694444444444	0.166666666667	0.157407407407	0.164351851852	0.168981481481	0.0810185185185	0.233796296296	0.175925925926	0.173611111111	0.152777777778	0.157407407407	0.127314814815	0.175925925926	0.19212962963	0.178240740741	0.180555555556	0.178240740741	0.155092592593	0.152777777778	0.127314814815	0.219907407407	0.229166666667	0.18287037037	0.166666666667	0.0	0.194444444444	0.219907407407
V1.UC47-0.snv.bam	0.185185185185	0.203703703704	0.104166666667	0.104166666667	0.233796296296	0.19212962963	0.189814814815	0.148148148148	0.164351851852	0.164351851852	0.199074074074	0.203703703704	0.143518518519	0.180555555556	0.122685185185	0.206018518519	0.180555555556	0.196759259259	0.19212962963	0.1875	0.0462962962963	0.148148148148	0.173611111111	0.0902777777778	0.12037037037	0.118055555556	0.155092592593	0.196759259259	0.208333333333	0.152777777778	0.180555555556	0.162037037037	0.141203703704	0.0787037037037	0.0462962962963	0.138888888889	0.101851851852	0.0694444444444	0.0949074074074	0.145833333333	0.104166666667	0.0949074074074	0.180555555556	0.178240740741	0.175925925926	0.1875	0.194444444444	0.0	0.155092592593
tigress-11-0-0.snv.bam	0.180555555556	0.219907407407	0.194444444444	0.194444444444	0.219907407407	0.217592592593	0.219907407407	0.175925925926	0.201388888889	0.199074074074	0.189814814815	0.18287037037	0.152777777778	0.1875	0.159722222222	0.185185185185	0.201388888889	0.189814814815	0.171296296296	0.201388888889	0.162037037037	0.189814814815	0.180555555556	0.155092592593	0.148148148148	0.115740740741	0.1875	0.206018518519	0.206018518519	0.175925925926	0.194444444444	0.185185185185	0.173611111111	0.150462962963	0.199074074074	0.171296296296	0.173611111111	0.162037037037	0.122685185185	0.136574074074	0.162037037037	0.136574074074	0.19212962963	0.18287037037	0.206018518519	0.203703703704	0.219907407407	0.155092592593	0.0
