	159288231-stool1.snv.bam	159753524-stool2.snv.bam	159753524-stool3.snv.bam	508703490-stool3.snv.bam	763678604-stool1.snv.bam	764588959-stool2.snv.bam	765074482-stool2.snv.bam	BYQ_AAAD.snv.bam	BYQ_AAAO.snv.bam	BYQ_AAAX.snv.bam	CCIS07539127ST-4-0.snv.bam	CCIS23164343ST-4-0.snv.bam	CCIS36699628ST-4-0.snv.bam	CCIS41222843ST-4-0.snv.bam	CCIS44743950ST-4-0.snv.bam	CCIS45793747ST-4-0.snv.bam	CCIS48174381ST-4-0.snv.bam	CCIS50003399ST-4-0.snv.bam	CCIS51667829ST-4-0.snv.bam	CCIS55230578ST-4-0.snv.bam	CCMD25963797ST-21-0.snv.bam	CCMD51864103ST-21-0.snv.bam	CCMD86707194ST-21-0.snv.bam	CCMD95433940ST-21-0.snv.bam	HT8A.snv.bam	MH0198.snv.bam	MH0211.snv.bam	MH0420.snv.bam	NOM028.snv.bam	O2.UC15-0.snv.bam	O2.UC37-1.snv.bam	SAMEA3136624.snv.bam	SAMEA3136631.snv.bam	SAMEA3136632.snv.bam	SAMEA3136648.snv.bam	SAMEA3136655.snv.bam	SAMEA3136656.snv.bam	SAMEA3136674.snv.bam	SAMEA3136685.snv.bam	SAMEA3136687.snv.bam	SAMEA3136689.snv.bam	SAMEA3136693.snv.bam	SAMEA3136697.snv.bam	SAMEA3136704.snv.bam	SAMEA3136706.snv.bam	SAMEA3136708.snv.bam	SAMEA3136710.snv.bam	SAMEA3136719.snv.bam	SAMEA3136728.snv.bam	SAMEA3136736.snv.bam	SZEY-35A.snv.bam	SZEY-41A.snv.bam	T2D-26A.snv.bam	T2D-41A.snv.bam	T2D-54A.snv.bam	T2D-6A.snv.bam	V1.CD1-0-PT.snv.bam	V1.CD15-3.snv.bam	V1.CD42-0.snv.bam	V1.CD51-0.snv.bam	V1.UC15-3.snv.bam	V1.UC4-5.snv.bam	V1.UC51-0.snv.bam	V1.UC55-4.snv.bam	alien-11-637-0.snv.bam	bugkiller-11-773-0.snv.bam	bugkiller-13-392-1.snv.bam	bugkiller-13-392-2.snv.bam	bugkiller-13-392-3.snv.bam	halbarad-11-392-0.snv.bam	peacemaker-11-0-0.snv.bam	peacemaker-11-2-0.snv.bam	peacemaker-11-60-0.snv.bam	peacemaker-11-7-0.snv.bam	peacemaker-11-773-0.snv.bam	scavenger-11-0-0.snv.bam	scavenger-11-60-0.snv.bam
159288231-stool1.snv.bam	0.0	0.0496575342466	0.0496575342466	0.0222602739726	0.128424657534	0.164383561644	0.143835616438	0.104452054795	0.102739726027	0.109589041096	0.157534246575	0.0907534246575	0.16095890411	0.140410958904	0.125	0.126712328767	0.140410958904	0.125	0.162671232877	0.114726027397	0.154109589041	0.114726027397	0.130136986301	0.109589041096	0.140410958904	0.157534246575	0.169520547945	0.131849315068	0.154109589041	0.13698630137	0.140410958904	0.142123287671	0.128424657534	0.083904109589	0.10102739726	0.159246575342	0.157534246575	0.152397260274	0.143835616438	0.150684931507	0.10102739726	0.140410958904	0.128424657534	0.0924657534247	0.119863013699	0.0205479452055	0.131849315068	0.164383561644	0.142123287671	0.130136986301	0.186643835616	0.130136986301	0.143835616438	0.154109589041	0.147260273973	0.164383561644	0.133561643836	0.133561643836	0.172945205479	0.0873287671233	0.0958904109589	0.133561643836	0.140410958904	0.130136986301	0.119863013699	0.111301369863	0.041095890411	0.0428082191781	0.0428082191781	0.13698630137	0.145547945205	0.152397260274	0.135273972603	0.145547945205	0.102739726027	0.0188356164384	0.0205479452055
159753524-stool2.snv.bam	0.0496575342466	0.0	0.0	0.0428082191781	0.152397260274	0.179794520548	0.159246575342	0.111301369863	0.106164383562	0.11301369863	0.166095890411	0.111301369863	0.179794520548	0.178082191781	0.138698630137	0.143835616438	0.155821917808	0.142123287671	0.164383561644	0.128424657534	0.159246575342	0.13698630137	0.14897260274	0.13698630137	0.157534246575	0.176369863014	0.193493150685	0.178082191781	0.166095890411	0.145547945205	0.159246575342	0.152397260274	0.143835616438	0.10102739726	0.109589041096	0.167808219178	0.172945205479	0.171232876712	0.164383561644	0.171232876712	0.119863013699	0.155821917808	0.142123287671	0.10102739726	0.147260273973	0.0462328767123	0.142123287671	0.183219178082	0.152397260274	0.143835616438	0.195205479452	0.147260273973	0.155821917808	0.145547945205	0.166095890411	0.169520547945	0.147260273973	0.140410958904	0.164383561644	0.10102739726	0.109589041096	0.152397260274	0.135273972603	0.14897260274	0.13698630137	0.135273972603	0.0684931506849	0.0702054794521	0.0530821917808	0.14897260274	0.162671232877	0.172945205479	0.154109589041	0.167808219178	0.121575342466	0.0393835616438	0.0428082191781
159753524-stool3.snv.bam	0.0496575342466	0.0	0.0	0.0428082191781	0.152397260274	0.179794520548	0.159246575342	0.111301369863	0.106164383562	0.11301369863	0.166095890411	0.111301369863	0.179794520548	0.178082191781	0.138698630137	0.143835616438	0.155821917808	0.142123287671	0.164383561644	0.128424657534	0.159246575342	0.13698630137	0.14897260274	0.13698630137	0.157534246575	0.176369863014	0.193493150685	0.178082191781	0.166095890411	0.145547945205	0.159246575342	0.152397260274	0.143835616438	0.10102739726	0.109589041096	0.167808219178	0.172945205479	0.171232876712	0.164383561644	0.171232876712	0.118150684932	0.155821917808	0.142123287671	0.10102739726	0.147260273973	0.0462328767123	0.142123287671	0.183219178082	0.152397260274	0.143835616438	0.195205479452	0.147260273973	0.155821917808	0.145547945205	0.166095890411	0.169520547945	0.147260273973	0.140410958904	0.164383561644	0.10102739726	0.109589041096	0.152397260274	0.135273972603	0.14897260274	0.13698630137	0.135273972603	0.0684931506849	0.0702054794521	0.0530821917808	0.14897260274	0.162671232877	0.172945205479	0.154109589041	0.167808219178	0.121575342466	0.0393835616438	0.0428082191781
508703490-stool3.snv.bam	0.0222602739726	0.0428082191781	0.0428082191781	0.0	0.135273972603	0.176369863014	0.150684931507	0.111301369863	0.109589041096	0.11301369863	0.157534246575	0.0958904109589	0.172945205479	0.147260273973	0.125	0.13698630137	0.145547945205	0.133561643836	0.152397260274	0.119863013699	0.16095890411	0.125	0.138698630137	0.121575342466	0.147260273973	0.169520547945	0.172945205479	0.147260273973	0.159246575342	0.138698630137	0.140410958904	0.133561643836	0.131849315068	0.0890410958904	0.106164383562	0.157534246575	0.157534246575	0.159246575342	0.152397260274	0.150684931507	0.102739726027	0.14897260274	0.133561643836	0.0907534246575	0.11301369863	0.00342465753425	0.138698630137	0.164383561644	0.145547945205	0.135273972603	0.190068493151	0.143835616438	0.152397260274	0.16095890411	0.159246575342	0.169520547945	0.142123287671	0.133561643836	0.178082191781	0.0993150684932	0.0907534246575	0.128424657534	0.150684931507	0.142123287671	0.125	0.121575342466	0.0222602739726	0.0222602739726	0.0222602739726	0.140410958904	0.152397260274	0.164383561644	0.143835616438	0.159246575342	0.114726027397	0.0	0.0
763678604-stool1.snv.bam	0.128424657534	0.152397260274	0.152397260274	0.135273972603	0.0	0.184931506849	0.152397260274	0.0958904109589	0.0941780821918	0.10102739726	0.159246575342	0.102739726027	0.181506849315	0.166095890411	0.126712328767	0.119863013699	0.155821917808	0.159246575342	0.172945205479	0.128424657534	0.150684931507	0.169520547945	0.142123287671	0.13698630137	0.142123287671	0.172945205479	0.174657534247	0.150684931507	0.179794520548	0.138698630137	0.150684931507	0.14897260274	0.130136986301	0.0821917808219	0.0907534246575	0.157534246575	0.128424657534	0.178082191781	0.179794520548	0.152397260274	0.0804794520548	0.143835616438	0.14897260274	0.0907534246575	0.121575342466	0.135273972603	0.154109589041	0.179794520548	0.147260273973	0.133561643836	0.184931506849	0.142123287671	0.150684931507	0.171232876712	0.172945205479	0.164383561644	0.14897260274	0.133561643836	0.157534246575	0.107876712329	0.0719178082192	0.106164383562	0.119863013699	0.155821917808	0.14897260274	0.164383561644	0.133561643836	0.13698630137	0.118150684932	0.16095890411	0.159246575342	0.171232876712	0.147260273973	0.167808219178	0.130136986301	0.114726027397	0.128424657534
764588959-stool2.snv.bam	0.164383561644	0.179794520548	0.179794520548	0.176369863014	0.184931506849	0.0	0.159246575342	0.13698630137	0.13698630137	0.143835616438	0.195205479452	0.140410958904	0.188356164384	0.200342465753	0.162671232877	0.155821917808	0.157534246575	0.181506849315	0.196917808219	0.159246575342	0.179794520548	0.191780821918	0.164383561644	0.162671232877	0.119863013699	0.14897260274	0.178082191781	0.198630136986	0.116438356164	0.174657534247	0.176369863014	0.172945205479	0.166095890411	0.147260273973	0.123287671233	0.191780821918	0.198630136986	0.183219178082	0.198630136986	0.174657534247	0.138698630137	0.183219178082	0.167808219178	0.133561643836	0.162671232877	0.176369863014	0.176369863014	0.195205479452	0.155821917808	0.152397260274	0.123287671233	0.140410958904	0.133561643836	0.183219178082	0.126712328767	0.123287671233	0.166095890411	0.166095890411	0.212328767123	0.131849315068	0.133561643836	0.178082191781	0.167808219178	0.174657534247	0.167808219178	0.186643835616	0.183219178082	0.184931506849	0.159246575342	0.178082191781	0.169520547945	0.178082191781	0.159246575342	0.176369863014	0.14897260274	0.150684931507	0.169520547945
765074482-stool2.snv.bam	0.143835616438	0.159246575342	0.159246575342	0.150684931507	0.152397260274	0.159246575342	0.0	0.0873287671233	0.0804794520548	0.0753424657534	0.143835616438	0.0856164383562	0.131849315068	0.162671232877	0.114726027397	0.130136986301	0.00684931506849	0.135273972603	0.152397260274	0.102739726027	0.111301369863	0.145547945205	0.116438356164	0.118150684932	0.128424657534	0.138698630137	0.166095890411	0.169520547945	0.152397260274	0.13698630137	0.145547945205	0.125	0.119863013699	0.102739726027	0.0821917808219	0.13698630137	0.167808219178	0.13698630137	0.154109589041	0.128424657534	0.10102739726	0.118150684932	0.118150684932	0.0821917808219	0.114726027397	0.154109589041	0.135273972603	0.152397260274	0.0	0.11301369863	0.166095890411	0.11301369863	0.125	0.133561643836	0.162671232877	0.155821917808	0.109589041096	0.123287671233	0.154109589041	0.083904109589	0.097602739726	0.157534246575	0.121575342466	0.135273972603	0.126712328767	0.143835616438	0.14897260274	0.150684931507	0.125	0.126712328767	0.107876712329	0.125	0.10102739726	0.121575342466	0.0941780821918	0.133561643836	0.142123287671
BYQ_AAAD.snv.bam	0.104452054795	0.111301369863	0.111301369863	0.111301369863	0.0958904109589	0.13698630137	0.0873287671233	0.0	0.0	0.0	0.111301369863	0.0616438356164	0.083904109589	0.109589041096	0.097602739726	0.083904109589	0.0941780821918	0.10102739726	0.0890410958904	0.0736301369863	0.0667808219178	0.106164383562	0.0821917808219	0.0719178082192	0.083904109589	0.104452054795	0.109589041096	0.126712328767	0.119863013699	0.0907534246575	0.0958904109589	0.0924657534247	0.10102739726	0.0582191780822	0.0428082191781	0.107876712329	0.11301369863	0.102739726027	0.104452054795	0.0941780821918	0.0667808219178	0.0702054794521	0.0873287671233	0.0428082191781	0.0684931506849	0.102739726027	0.0890410958904	0.119863013699	0.0873287671233	0.0856164383562	0.125	0.0804794520548	0.097602739726	0.0873287671233	0.133561643836	0.123287671233	0.0702054794521	0.0873287671233	0.0376712328767	0.0428082191781	0.0479452054795	0.10102739726	0.0650684931507	0.0667808219178	0.0924657534247	0.109589041096	0.097602739726	0.0993150684932	0.0770547945205	0.0924657534247	0.0667808219178	0.0736301369863	0.0633561643836	0.0787671232877	0.0547945205479	0.097602739726	0.104452054795
BYQ_AAAO.snv.bam	0.102739726027	0.106164383562	0.106164383562	0.109589041096	0.0941780821918	0.13698630137	0.0804794520548	0.0	0.0	0.0	0.116438356164	0.0616438356164	0.0958904109589	0.107876712329	0.0890410958904	0.0873287671233	0.0856164383562	0.0890410958904	0.0821917808219	0.0616438356164	0.0719178082192	0.097602739726	0.0804794520548	0.0667808219178	0.0856164383562	0.106164383562	0.121575342466	0.118150684932	0.121575342466	0.0821917808219	0.10102739726	0.0856164383562	0.0890410958904	0.0582191780822	0.0445205479452	0.11301369863	0.116438356164	0.10102739726	0.097602739726	0.0890410958904	0.0650684931507	0.0702054794521	0.0753424657534	0.0428082191781	0.0667808219178	0.10102739726	0.102739726027	0.11301369863	0.0804794520548	0.0804794520548	0.133561643836	0.0804794520548	0.0993150684932	0.0958904109589	0.135273972603	0.125	0.0719178082192	0.0787671232877	0.0513698630137	0.0359589041096	0.0496575342466	0.104452054795	0.0719178082192	0.0736301369863	0.0873287671233	0.0993150684932	0.0993150684932	0.10102739726	0.0770547945205	0.0821917808219	0.0650684931507	0.0770547945205	0.0616438356164	0.0787671232877	0.0513698630137	0.0958904109589	0.104452054795
BYQ_AAAX.snv.bam	0.109589041096	0.11301369863	0.11301369863	0.11301369863	0.10102739726	0.143835616438	0.0753424657534	0.0	0.0	0.0	0.126712328767	0.0633561643836	0.097602739726	0.107876712329	0.0993150684932	0.10102739726	0.0890410958904	0.097602739726	0.0804794520548	0.0650684931507	0.0684931506849	0.102739726027	0.083904109589	0.0702054794521	0.0941780821918	0.104452054795	0.119863013699	0.121575342466	0.125	0.0958904109589	0.10102739726	0.0924657534247	0.10102739726	0.0479452054795	0.0445205479452	0.125	0.121575342466	0.104452054795	0.106164383562	0.0890410958904	0.0633561643836	0.0770547945205	0.0821917808219	0.0445205479452	0.0702054794521	0.104452054795	0.102739726027	0.114726027397	0.0770547945205	0.0907534246575	0.142123287671	0.0890410958904	0.104452054795	0.0924657534247	0.140410958904	0.123287671233	0.0787671232877	0.0958904109589	0.0599315068493	0.041095890411	0.0445205479452	0.102739726027	0.0770547945205	0.0719178082192	0.0856164383562	0.107876712329	0.10102739726	0.102739726027	0.083904109589	0.0873287671233	0.0753424657534	0.0821917808219	0.0753424657534	0.0856164383562	0.0547945205479	0.097602739726	0.104452054795
CCIS07539127ST-4-0.snv.bam	0.157534246575	0.166095890411	0.166095890411	0.157534246575	0.159246575342	0.195205479452	0.143835616438	0.111301369863	0.116438356164	0.126712328767	0.0	0.126712328767	0.176369863014	0.183219178082	0.159246575342	0.131849315068	0.150684931507	0.14897260274	0.181506849315	0.138698630137	0.157534246575	0.162671232877	0.133561643836	0.142123287671	0.155821917808	0.186643835616	0.171232876712	0.198630136986	0.171232876712	0.16095890411	0.16095890411	0.150684931507	0.162671232877	0.125	0.0958904109589	0.0102739726027	0.190068493151	0.184931506849	0.169520547945	0.169520547945	0.135273972603	0.159246575342	0.162671232877	0.118150684932	0.147260273973	0.159246575342	0.157534246575	0.188356164384	0.142123287671	0.145547945205	0.190068493151	0.147260273973	0.147260273973	0.166095890411	0.181506849315	0.171232876712	0.14897260274	0.154109589041	0.172945205479	0.116438356164	0.125	0.186643835616	0.140410958904	0.167808219178	0.164383561644	0.166095890411	0.16095890411	0.164383561644	0.138698630137	0.172945205479	0.159246575342	0.166095890411	0.145547945205	0.162671232877	0.133561643836	0.128424657534	0.152397260274
CCIS23164343ST-4-0.snv.bam	0.0907534246575	0.111301369863	0.111301369863	0.0958904109589	0.102739726027	0.140410958904	0.0856164383562	0.0616438356164	0.0616438356164	0.0633561643836	0.126712328767	0.0	0.133561643836	0.121575342466	0.104452054795	0.102739726027	0.0821917808219	0.104452054795	0.11301369863	0.0873287671233	0.107876712329	0.121575342466	0.0993150684932	0.0873287671233	0.107876712329	0.0667808219178	0.13698630137	0.123287671233	0.140410958904	0.114726027397	0.114726027397	0.0924657534247	0.111301369863	0.0325342465753	0.0633561643836	0.126712328767	0.131849315068	0.123287671233	0.121575342466	0.0993150684932	0.0719178082192	0.11301369863	0.109589041096	0.0633561643836	0.0907534246575	0.0924657534247	0.116438356164	0.130136986301	0.0804794520548	0.10102739726	0.135273972603	0.106164383562	0.11301369863	0.118150684932	0.140410958904	0.128424657534	0.104452054795	0.106164383562	0.133561643836	0.0616438356164	0.0582191780822	0.114726027397	0.0941780821918	0.116438356164	0.10102739726	0.121575342466	0.097602739726	0.0993150684932	0.0873287671233	0.11301369863	0.107876712329	0.119863013699	0.0993150684932	0.119863013699	0.0873287671233	0.083904109589	0.0890410958904
CCIS36699628ST-4-0.snv.bam	0.16095890411	0.179794520548	0.179794520548	0.172945205479	0.181506849315	0.188356164384	0.131849315068	0.083904109589	0.0958904109589	0.097602739726	0.176369863014	0.133561643836	0.0	0.16095890411	0.154109589041	0.135273972603	0.131849315068	0.14897260274	0.125	0.133561643836	0.150684931507	0.16095890411	0.0582191780822	0.142123287671	0.154109589041	0.171232876712	0.184931506849	0.150684931507	0.179794520548	0.147260273973	0.171232876712	0.157534246575	0.157534246575	0.133561643836	0.083904109589	0.172945205479	0.174657534247	0.131849315068	0.167808219178	0.159246575342	0.152397260274	0.14897260274	0.140410958904	0.116438356164	0.128424657534	0.174657534247	0.167808219178	0.171232876712	0.131849315068	0.135273972603	0.205479452055	0.13698630137	0.154109589041	0.172945205479	0.195205479452	0.181506849315	0.0342465753425	0.145547945205	0.172945205479	0.0753424657534	0.130136986301	0.162671232877	0.16095890411	0.14897260274	0.14897260274	0.157534246575	0.162671232877	0.164383561644	0.138698630137	0.14897260274	0.0856164383562	0.0907534246575	0.0513698630137	0.0907534246575	0.10102739726	0.13698630137	0.162671232877
CCIS41222843ST-4-0.snv.bam	0.140410958904	0.178082191781	0.178082191781	0.147260273973	0.166095890411	0.200342465753	0.162671232877	0.109589041096	0.107876712329	0.107876712329	0.183219178082	0.121575342466	0.16095890411	0.0	0.142123287671	0.166095890411	0.162671232877	0.133561643836	0.0907534246575	0.154109589041	0.171232876712	0.145547945205	0.16095890411	0.123287671233	0.169520547945	0.188356164384	0.188356164384	0.152397260274	0.205479452055	0.14897260274	0.183219178082	0.164383561644	0.155821917808	0.0993150684932	0.135273972603	0.190068493151	0.174657534247	0.162671232877	0.147260273973	0.135273972603	0.13698630137	0.155821917808	0.147260273973	0.11301369863	0.0582191780822	0.147260273973	0.188356164384	0.147260273973	0.159246575342	0.138698630137	0.200342465753	0.174657534247	0.176369863014	0.157534246575	0.203767123288	0.195205479452	0.164383561644	0.142123287671	0.178082191781	0.10102739726	0.10102739726	0.13698630137	0.174657534247	0.164383561644	0.155821917808	0.147260273973	0.16095890411	0.162671232877	0.138698630137	0.155821917808	0.16095890411	0.166095890411	0.155821917808	0.159246575342	0.121575342466	0.128424657534	0.150684931507
CCIS44743950ST-4-0.snv.bam	0.125	0.138698630137	0.138698630137	0.125	0.126712328767	0.162671232877	0.114726027397	0.097602739726	0.0890410958904	0.0993150684932	0.159246575342	0.104452054795	0.154109589041	0.142123287671	0.0	0.13698630137	0.116438356164	0.128424657534	0.130136986301	0.083904109589	0.123287671233	0.119863013699	0.135273972603	0.126712328767	0.128424657534	0.154109589041	0.171232876712	0.171232876712	0.157534246575	0.107876712329	0.154109589041	0.133561643836	0.00684931506849	0.0804794520548	0.0993150684932	0.157534246575	0.14897260274	0.126712328767	0.145547945205	0.0924657534247	0.097602739726	0.13698630137	0.0547945205479	0.0702054794521	0.111301369863	0.130136986301	0.138698630137	0.10102739726	0.111301369863	0.10102739726	0.164383561644	0.118150684932	0.126712328767	0.131849315068	0.167808219178	0.16095890411	0.145547945205	0.10102739726	0.154109589041	0.10102739726	0.0582191780822	0.107876712329	0.128424657534	0.109589041096	0.109589041096	0.118150684932	0.131849315068	0.135273972603	0.104452054795	0.0599315068493	0.150684931507	0.166095890411	0.13698630137	0.162671232877	0.114726027397	0.114726027397	0.123287671233
CCIS45793747ST-4-0.snv.bam	0.126712328767	0.143835616438	0.143835616438	0.13698630137	0.119863013699	0.155821917808	0.130136986301	0.083904109589	0.0873287671233	0.10102739726	0.131849315068	0.102739726027	0.135273972603	0.166095890411	0.13698630137	0.0	0.135273972603	0.147260273973	0.164383561644	0.116438356164	0.140410958904	0.16095890411	0.109589041096	0.130136986301	0.116438356164	0.14897260274	0.150684931507	0.16095890411	0.143835616438	0.135273972603	0.143835616438	0.135273972603	0.140410958904	0.10102739726	0.0616438356164	0.131849315068	0.147260273973	0.16095890411	0.167808219178	0.138698630137	0.102739726027	0.143835616438	0.131849315068	0.083904109589	0.126712328767	0.142123287671	0.13698630137	0.154109589041	0.130136986301	0.118150684932	0.159246575342	0.111301369863	0.119863013699	0.16095890411	0.155821917808	0.145547945205	0.106164383562	0.123287671233	0.16095890411	0.0907534246575	0.106164383562	0.157534246575	0.111301369863	0.131849315068	0.133561643836	0.155821917808	0.143835616438	0.147260273973	0.123287671233	0.145547945205	0.123287671233	0.128424657534	0.106164383562	0.128424657534	0.107876712329	0.116438356164	0.131849315068
CCIS48174381ST-4-0.snv.bam	0.140410958904	0.155821917808	0.155821917808	0.145547945205	0.155821917808	0.157534246575	0.00684931506849	0.0941780821918	0.0856164383562	0.0890410958904	0.150684931507	0.0821917808219	0.131849315068	0.162671232877	0.116438356164	0.135273972603	0.0	0.13698630137	0.157534246575	0.104452054795	0.116438356164	0.145547945205	0.116438356164	0.130136986301	0.131849315068	0.133561643836	0.16095890411	0.169520547945	0.147260273973	0.138698630137	0.155821917808	0.133561643836	0.121575342466	0.10102739726	0.0856164383562	0.143835616438	0.169520547945	0.13698630137	0.155821917808	0.131849315068	0.104452054795	0.121575342466	0.123287671233	0.083904109589	0.123287671233	0.152397260274	0.133561643836	0.152397260274	0.00513698630137	0.11301369863	0.162671232877	0.109589041096	0.121575342466	0.131849315068	0.159246575342	0.154109589041	0.109589041096	0.125	0.16095890411	0.0890410958904	0.104452054795	0.154109589041	0.123287671233	0.133561643836	0.126712328767	0.143835616438	0.14897260274	0.150684931507	0.123287671233	0.130136986301	0.11301369863	0.126712328767	0.104452054795	0.123287671233	0.0993150684932	0.131849315068	0.143835616438
CCIS50003399ST-4-0.snv.bam	0.125	0.142123287671	0.142123287671	0.133561643836	0.159246575342	0.181506849315	0.135273972603	0.10102739726	0.0890410958904	0.097602739726	0.14897260274	0.104452054795	0.14897260274	0.133561643836	0.128424657534	0.147260273973	0.13698630137	0.0	0.143835616438	0.125	0.152397260274	0.0171232876712	0.130136986301	0.0205479452055	0.150684931507	0.152397260274	0.179794520548	0.0907534246575	0.171232876712	0.123287671233	0.171232876712	0.162671232877	0.143835616438	0.0856164383562	0.107876712329	0.150684931507	0.178082191781	0.166095890411	0.00513698630137	0.157534246575	0.123287671233	0.126712328767	0.140410958904	0.0941780821918	0.114726027397	0.138698630137	0.155821917808	0.176369863014	0.131849315068	0.109589041096	0.171232876712	0.152397260274	0.14897260274	0.135273972603	0.169520547945	0.164383561644	0.138698630137	0.123287671233	0.126712328767	0.0496575342466	0.10102739726	0.171232876712	0.140410958904	0.143835616438	0.128424657534	0.0171232876712	0.140410958904	0.142123287671	0.125	0.150684931507	0.130136986301	0.143835616438	0.126712328767	0.138698630137	0.0599315068493	0.111301369863	0.130136986301
CCIS51667829ST-4-0.snv.bam	0.162671232877	0.164383561644	0.164383561644	0.152397260274	0.172945205479	0.196917808219	0.152397260274	0.0890410958904	0.0821917808219	0.0804794520548	0.181506849315	0.11301369863	0.125	0.0907534246575	0.130136986301	0.164383561644	0.157534246575	0.143835616438	0.0	0.118150684932	0.152397260274	0.147260273973	0.125	0.128424657534	0.154109589041	0.172945205479	0.198630136986	0.183219178082	0.188356164384	0.131849315068	0.169520547945	0.159246575342	0.133561643836	0.107876712329	0.114726027397	0.179794520548	0.167808219178	0.138698630137	0.150684931507	0.121575342466	0.152397260274	0.147260273973	0.114726027397	0.0941780821918	0.083904109589	0.14897260274	0.159246575342	0.143835616438	0.152397260274	0.133561643836	0.186643835616	0.162671232877	0.174657534247	0.16095890411	0.196917808219	0.169520547945	0.135273972603	0.125	0.140410958904	0.0958904109589	0.107876712329	0.14897260274	0.162671232877	0.133561643836	0.143835616438	0.14897260274	0.147260273973	0.14897260274	0.116438356164	0.118150684932	0.150684931507	0.155821917808	0.133561643836	0.154109589041	0.111301369863	0.128424657534	0.150684931507
CCIS55230578ST-4-0.snv.bam	0.114726027397	0.128424657534	0.128424657534	0.119863013699	0.128424657534	0.159246575342	0.102739726027	0.0736301369863	0.0616438356164	0.0650684931507	0.138698630137	0.0873287671233	0.133561643836	0.154109589041	0.083904109589	0.116438356164	0.104452054795	0.125	0.118150684932	0.0	0.0890410958904	0.123287671233	0.0907534246575	0.109589041096	0.0941780821918	0.128424657534	0.150684931507	0.152397260274	0.138698630137	0.119863013699	0.123287671233	0.109589041096	0.0804794520548	0.083904109589	0.0702054794521	0.138698630137	0.154109589041	0.041095890411	0.13698630137	0.0684931506849	0.0993150684932	0.0958904109589	0.0633561643836	0.0753424657534	0.109589041096	0.116438356164	0.097602739726	0.0770547945205	0.0993150684932	0.107876712329	0.145547945205	0.106164383562	0.116438356164	0.114726027397	0.138698630137	0.138698630137	0.104452054795	0.114726027397	0.135273972603	0.0770547945205	0.0804794520548	0.128424657534	0.111301369863	0.0804794520548	0.0479452054795	0.126712328767	0.111301369863	0.11301369863	0.097602739726	0.0667808219178	0.121575342466	0.135273972603	0.107876712329	0.128424657534	0.10102739726	0.102739726027	0.11301369863
CCMD25963797ST-21-0.snv.bam	0.154109589041	0.159246575342	0.159246575342	0.16095890411	0.150684931507	0.179794520548	0.111301369863	0.0667808219178	0.0719178082192	0.0684931506849	0.157534246575	0.107876712329	0.150684931507	0.171232876712	0.123287671233	0.140410958904	0.116438356164	0.152397260274	0.152397260274	0.0890410958904	0.0	0.16095890411	0.140410958904	0.133561643836	0.135273972603	0.164383561644	0.16095890411	0.171232876712	0.159246575342	0.14897260274	0.143835616438	0.138698630137	0.125	0.097602739726	0.0890410958904	0.159246575342	0.178082191781	0.11301369863	0.164383561644	0.123287671233	0.118150684932	0.0479452054795	0.109589041096	0.0958904109589	0.131849315068	0.16095890411	0.123287671233	0.143835616438	0.11301369863	0.131849315068	0.157534246575	0.119863013699	0.130136986301	0.0890410958904	0.169520547945	0.164383561644	0.135273972603	0.140410958904	0.102739726027	0.104452054795	0.0993150684932	0.154109589041	0.121575342466	0.125	0.123287671233	0.16095890411	0.157534246575	0.16095890411	0.133561643836	0.118150684932	0.106164383562	0.118150684932	0.106164383562	0.11301369863	0.10102739726	0.135273972603	0.152397260274
CCMD51864103ST-21-0.snv.bam	0.114726027397	0.13698630137	0.13698630137	0.125	0.169520547945	0.191780821918	0.145547945205	0.106164383562	0.097602739726	0.102739726027	0.162671232877	0.121575342466	0.16095890411	0.145547945205	0.119863013699	0.16095890411	0.145547945205	0.0171232876712	0.147260273973	0.123287671233	0.16095890411	0.0	0.140410958904	0.0342465753425	0.159246575342	0.16095890411	0.191780821918	0.0993150684932	0.178082191781	0.133561643836	0.176369863014	0.174657534247	0.135273972603	0.0804794520548	0.109589041096	0.164383561644	0.186643835616	0.171232876712	0.027397260274	0.155821917808	0.121575342466	0.143835616438	0.133561643836	0.104452054795	0.123287671233	0.126712328767	0.16095890411	0.183219178082	0.140410958904	0.125	0.188356164384	0.159246575342	0.157534246575	0.142123287671	0.178082191781	0.167808219178	0.14897260274	0.133561643836	0.142123287671	0.0616438356164	0.0941780821918	0.181506849315	0.147260273973	0.150684931507	0.13698630137	0.0	0.133561643836	0.135273972603	0.118150684932	0.143835616438	0.147260273973	0.16095890411	0.140410958904	0.154109589041	0.0513698630137	0.106164383562	0.119863013699
CCMD86707194ST-21-0.snv.bam	0.130136986301	0.14897260274	0.14897260274	0.138698630137	0.142123287671	0.164383561644	0.116438356164	0.0821917808219	0.0804794520548	0.083904109589	0.133561643836	0.0993150684932	0.0582191780822	0.16095890411	0.135273972603	0.109589041096	0.116438356164	0.130136986301	0.125	0.0907534246575	0.140410958904	0.140410958904	0.0	0.116438356164	0.126712328767	0.142123287671	0.159246575342	0.131849315068	0.154109589041	0.125	0.142123287671	0.128424657534	0.13698630137	0.10102739726	0.0616438356164	0.128424657534	0.119863013699	0.147260273973	0.147260273973	0.13698630137	0.114726027397	0.140410958904	0.125	0.0907534246575	0.102739726027	0.140410958904	0.123287671233	0.152397260274	0.116438356164	0.121575342466	0.172945205479	0.116438356164	0.125	0.152397260274	0.166095890411	0.138698630137	0.0342465753425	0.119863013699	0.145547945205	0.0633561643836	0.097602739726	0.142123287671	0.126712328767	0.119863013699	0.126712328767	0.13698630137	0.128424657534	0.130136986301	0.109589041096	0.133561643836	0.0736301369863	0.0821917808219	0.0599315068493	0.0821917808219	0.0787671232877	0.116438356164	0.128424657534
CCMD95433940ST-21-0.snv.bam	0.109589041096	0.13698630137	0.13698630137	0.121575342466	0.13698630137	0.162671232877	0.118150684932	0.0719178082192	0.0667808219178	0.0702054794521	0.142123287671	0.0873287671233	0.142123287671	0.123287671233	0.126712328767	0.130136986301	0.130136986301	0.0205479452055	0.128424657534	0.109589041096	0.133561643836	0.0342465753425	0.116438356164	0.0	0.126712328767	0.143835616438	0.162671232877	0.0702054794521	0.14897260274	0.121575342466	0.145547945205	0.13698630137	0.131849315068	0.0496575342466	0.0770547945205	0.140410958904	0.164383561644	0.157534246575	0.013698630137	0.138698630137	0.106164383562	0.118150684932	0.125	0.083904109589	0.0941780821918	0.11301369863	0.145547945205	0.16095890411	0.116438356164	0.0993150684932	0.162671232877	0.140410958904	0.138698630137	0.130136986301	0.150684931507	0.145547945205	0.118150684932	0.119863013699	0.118150684932	0.0239726027397	0.0582191780822	0.16095890411	0.128424657534	0.131849315068	0.131849315068	0.0393835616438	0.130136986301	0.131849315068	0.118150684932	0.13698630137	0.10102739726	0.119863013699	0.102739726027	0.111301369863	0.0393835616438	0.104452054795	0.118150684932
HT8A.snv.bam	0.140410958904	0.157534246575	0.157534246575	0.147260273973	0.142123287671	0.119863013699	0.128424657534	0.083904109589	0.0856164383562	0.0941780821918	0.155821917808	0.107876712329	0.154109589041	0.169520547945	0.128424657534	0.116438356164	0.131849315068	0.150684931507	0.154109589041	0.0941780821918	0.135273972603	0.159246575342	0.126712328767	0.126712328767	0.0	0.0804794520548	0.128424657534	0.174657534247	0.116438356164	0.133561643836	0.13698630137	0.125	0.130136986301	0.0993150684932	0.0856164383562	0.152397260274	0.154109589041	0.125	0.162671232877	0.13698630137	0.107876712329	0.140410958904	0.130136986301	0.0907534246575	0.121575342466	0.142123287671	0.142123287671	0.162671232877	0.123287671233	0.121575342466	0.109589041096	0.0547945205479	0.0565068493151	0.135273972603	0.116438356164	0.121575342466	0.133561643836	0.125	0.171232876712	0.0873287671233	0.0907534246575	0.154109589041	0.128424657534	0.133561643836	0.102739726027	0.157534246575	0.140410958904	0.143835616438	0.121575342466	0.138698630137	0.143835616438	0.154109589041	0.126712328767	0.150684931507	0.118150684932	0.128424657534	0.135273972603
MH0198.snv.bam	0.157534246575	0.176369863014	0.176369863014	0.169520547945	0.172945205479	0.14897260274	0.138698630137	0.104452054795	0.106164383562	0.104452054795	0.186643835616	0.0667808219178	0.171232876712	0.188356164384	0.154109589041	0.14897260274	0.133561643836	0.152397260274	0.172945205479	0.128424657534	0.164383561644	0.16095890411	0.142123287671	0.143835616438	0.0804794520548	0.0	0.178082191781	0.183219178082	0.152397260274	0.166095890411	0.169520547945	0.16095890411	0.16095890411	0.111301369863	0.116438356164	0.186643835616	0.181506849315	0.147260273973	0.174657534247	0.169520547945	0.116438356164	0.16095890411	0.154109589041	0.107876712329	0.150684931507	0.166095890411	0.176369863014	0.191780821918	0.135273972603	0.155821917808	0.140410958904	0.102739726027	0.0993150684932	0.176369863014	0.150684931507	0.142123287671	0.142123287671	0.157534246575	0.191780821918	0.10102739726	0.119863013699	0.172945205479	0.138698630137	0.166095890411	0.119863013699	0.162671232877	0.169520547945	0.171232876712	0.147260273973	0.157534246575	0.157534246575	0.166095890411	0.142123287671	0.166095890411	0.128424657534	0.152397260274	0.16095890411
MH0211.snv.bam	0.169520547945	0.193493150685	0.193493150685	0.172945205479	0.174657534247	0.178082191781	0.166095890411	0.109589041096	0.121575342466	0.119863013699	0.171232876712	0.13698630137	0.184931506849	0.188356164384	0.171232876712	0.150684931507	0.16095890411	0.179794520548	0.198630136986	0.150684931507	0.16095890411	0.191780821918	0.159246575342	0.162671232877	0.128424657534	0.178082191781	0.0	0.174657534247	0.130136986301	0.178082191781	0.167808219178	0.154109589041	0.171232876712	0.131849315068	0.11301369863	0.167808219178	0.171232876712	0.183219178082	0.196917808219	0.128424657534	0.14897260274	0.172945205479	0.167808219178	0.133561643836	0.143835616438	0.174657534247	0.154109589041	0.142123287671	0.16095890411	0.152397260274	0.159246575342	0.133561643836	0.138698630137	0.181506849315	0.164383561644	0.14897260274	0.162671232877	0.167808219178	0.181506849315	0.133561643836	0.125	0.167808219178	0.155821917808	0.154109589041	0.167808219178	0.190068493151	0.178082191781	0.179794520548	0.150684931507	0.178082191781	0.181506849315	0.193493150685	0.167808219178	0.190068493151	0.164383561644	0.152397260274	0.167808219178
MH0420.snv.bam	0.131849315068	0.178082191781	0.178082191781	0.147260273973	0.150684931507	0.198630136986	0.169520547945	0.126712328767	0.118150684932	0.121575342466	0.198630136986	0.123287671233	0.150684931507	0.152397260274	0.171232876712	0.16095890411	0.169520547945	0.0907534246575	0.183219178082	0.152397260274	0.171232876712	0.0993150684932	0.131849315068	0.0702054794521	0.174657534247	0.183219178082	0.174657534247	0.0	0.184931506849	0.162671232877	0.166095890411	0.162671232877	0.176369863014	0.0890410958904	0.118150684932	0.196917808219	0.162671232877	0.186643835616	0.109589041096	0.166095890411	0.140410958904	0.164383561644	0.171232876712	0.128424657534	0.118150684932	0.152397260274	0.188356164384	0.183219178082	0.164383561644	0.150684931507	0.208904109589	0.171232876712	0.174657534247	0.198630136986	0.196917808219	0.186643835616	0.138698630137	0.16095890411	0.188356164384	0.0924657534247	0.109589041096	0.147260273973	0.16095890411	0.174657534247	0.166095890411	0.0941780821918	0.154109589041	0.155821917808	0.145547945205	0.179794520548	0.133561643836	0.14897260274	0.131849315068	0.142123287671	0.106164383562	0.125	0.142123287671
NOM028.snv.bam	0.154109589041	0.166095890411	0.166095890411	0.159246575342	0.179794520548	0.116438356164	0.152397260274	0.119863013699	0.121575342466	0.125	0.171232876712	0.140410958904	0.179794520548	0.205479452055	0.157534246575	0.143835616438	0.147260273973	0.171232876712	0.188356164384	0.138698630137	0.159246575342	0.178082191781	0.154109589041	0.14897260274	0.116438356164	0.152397260274	0.130136986301	0.184931506849	0.0	0.164383561644	0.172945205479	0.16095890411	0.159246575342	0.13698630137	0.109589041096	0.166095890411	0.186643835616	0.164383561644	0.190068493151	0.157534246575	0.135273972603	0.162671232877	0.16095890411	0.119863013699	0.16095890411	0.166095890411	0.145547945205	0.181506849315	0.147260273973	0.142123287671	0.135273972603	0.123287671233	0.125	0.171232876712	0.125	0.11301369863	0.152397260274	0.154109589041	0.188356164384	0.121575342466	0.123287671233	0.178082191781	0.152397260274	0.150684931507	0.147260273973	0.176369863014	0.171232876712	0.172945205479	0.150684931507	0.172945205479	0.162671232877	0.172945205479	0.155821917808	0.169520547945	0.140410958904	0.13698630137	0.155821917808
O2.UC15-0.snv.bam	0.13698630137	0.145547945205	0.145547945205	0.138698630137	0.138698630137	0.174657534247	0.13698630137	0.0907534246575	0.0821917808219	0.0958904109589	0.16095890411	0.114726027397	0.147260273973	0.14897260274	0.107876712329	0.135273972603	0.138698630137	0.123287671233	0.131849315068	0.119863013699	0.14897260274	0.133561643836	0.125	0.121575342466	0.133561643836	0.166095890411	0.178082191781	0.162671232877	0.164383561644	0.0	0.157534246575	0.143835616438	0.114726027397	0.107876712329	0.0958904109589	0.159246575342	0.150684931507	0.159246575342	0.138698630137	0.143835616438	0.114726027397	0.143835616438	0.123287671233	0.0359589041096	0.121575342466	0.142123287671	0.143835616438	0.159246575342	0.133561643836	0.0428082191781	0.184931506849	0.116438356164	0.135273972603	0.157534246575	0.16095890411	0.162671232877	0.135273972603	0.0	0.154109589041	0.102739726027	0.10102739726	0.154109589041	0.126712328767	0.133561643836	0.133561643836	0.130136986301	0.147260273973	0.150684931507	0.118150684932	0.130136986301	0.138698630137	0.147260273973	0.131849315068	0.143835616438	0.116438356164	0.125	0.135273972603
O2.UC37-1.snv.bam	0.140410958904	0.159246575342	0.159246575342	0.140410958904	0.150684931507	0.176369863014	0.145547945205	0.0958904109589	0.10102739726	0.10102739726	0.16095890411	0.114726027397	0.171232876712	0.183219178082	0.154109589041	0.143835616438	0.155821917808	0.171232876712	0.169520547945	0.123287671233	0.143835616438	0.176369863014	0.142123287671	0.145547945205	0.13698630137	0.169520547945	0.167808219178	0.166095890411	0.172945205479	0.157534246575	0.0	0.0376712328767	0.152397260274	0.10102739726	0.0941780821918	0.157534246575	0.133561643836	0.159246575342	0.186643835616	0.143835616438	0.11301369863	0.14897260274	0.14897260274	0.10102739726	0.125	0.140410958904	0.169520547945	0.159246575342	0.143835616438	0.140410958904	0.191780821918	0.133561643836	0.145547945205	0.172945205479	0.188356164384	0.171232876712	0.138698630137	0.150684931507	0.171232876712	0.109589041096	0.0924657534247	0.133561643836	0.143835616438	0.16095890411	0.14897260274	0.179794520548	0.131849315068	0.135273972603	0.119863013699	0.152397260274	0.164383561644	0.179794520548	0.143835616438	0.174657534247	0.147260273973	0.123287671233	0.135273972603
SAMEA3136624.snv.bam	0.142123287671	0.152397260274	0.152397260274	0.133561643836	0.14897260274	0.172945205479	0.125	0.0924657534247	0.0856164383562	0.0924657534247	0.150684931507	0.0924657534247	0.157534246575	0.164383561644	0.133561643836	0.135273972603	0.133561643836	0.162671232877	0.159246575342	0.109589041096	0.138698630137	0.174657534247	0.128424657534	0.13698630137	0.125	0.16095890411	0.154109589041	0.162671232877	0.16095890411	0.143835616438	0.0376712328767	0.0	0.138698630137	0.0890410958904	0.0941780821918	0.147260273973	0.126712328767	0.14897260274	0.176369863014	0.125	0.107876712329	0.147260273973	0.13698630137	0.0924657534247	0.097602739726	0.140410958904	0.14897260274	0.14897260274	0.119863013699	0.135273972603	0.181506849315	0.123287671233	0.133561643836	0.157534246575	0.178082191781	0.167808219178	0.126712328767	0.133561643836	0.16095890411	0.106164383562	0.0804794520548	0.125	0.140410958904	0.140410958904	0.128424657534	0.171232876712	0.133561643836	0.138698630137	0.121575342466	0.143835616438	0.150684931507	0.162671232877	0.135273972603	0.159246575342	0.133561643836	0.116438356164	0.126712328767
SAMEA3136631.snv.bam	0.128424657534	0.143835616438	0.143835616438	0.131849315068	0.130136986301	0.166095890411	0.119863013699	0.10102739726	0.0890410958904	0.10102739726	0.162671232877	0.111301369863	0.157534246575	0.155821917808	0.00684931506849	0.140410958904	0.121575342466	0.143835616438	0.133561643836	0.0804794520548	0.125	0.135273972603	0.13698630137	0.131849315068	0.130136986301	0.16095890411	0.171232876712	0.176369863014	0.159246575342	0.114726027397	0.152397260274	0.138698630137	0.0	0.0873287671233	0.10102739726	0.16095890411	0.152397260274	0.123287671233	0.16095890411	0.0890410958904	0.102739726027	0.13698630137	0.0496575342466	0.0736301369863	0.116438356164	0.133561643836	0.140410958904	0.0958904109589	0.118150684932	0.102739726027	0.171232876712	0.121575342466	0.131849315068	0.145547945205	0.172945205479	0.164383561644	0.14897260274	0.106164383562	0.152397260274	0.106164383562	0.0650684931507	0.111301369863	0.135273972603	0.109589041096	0.119863013699	0.133561643836	0.138698630137	0.142123287671	0.111301369863	0.0547945205479	0.155821917808	0.171232876712	0.140410958904	0.167808219178	0.126712328767	0.119863013699	0.128424657534
