	764083206-stool1.snv.bam	764143897-stool1.snv.bam	765701615-stool1.snv.bam	809635352-stool2.snv.bam	BYQ_AAAE.snv.bam	BYQ_AAAJ.snv.bam	BYQ_AAAY.snv.bam	CCIS03857607ST-4-0.snv.bam	CCIS11362406ST-4-0.snv.bam	CCIS16561622ST-4-0.snv.bam	CCIS20795251ST-4-0.snv.bam	CCIS21126322ST-4-0.snv.bam	CCIS47284573ST-4-0.snv.bam	CCIS52370277ST-4-0.snv.bam	CCIS53557295ST-4-0.snv.bam	CCIS59132091ST-4-0.snv.bam	CCIS63468405ST-4-0.snv.bam	CCIS80834637ST-4-0.snv.bam	CCIS81735969ST-20-0.snv.bam	CCIS82146115ST-4-0.snv.bam	CCIS87605453ST-4-0.snv.bam	CCIS90443472ST-4-0.snv.bam	CCIS94603952ST-4-0.snv.bam	CCIS98512455ST-4-0.snv.bam	CCIS98832363ST-4-0.snv.bam	CCMD87156761ST-21-0.snv.bam	DOM015.snv.bam	M3.4-V2.metaG.snv.bam	M3.5-V1.metaT.snv.bam	MH0161.snv.bam	MH0200.snv.bam	MH0307.snv.bam	MH0318.snv.bam	MH0394.snv.bam	MH0406.snv.bam	MMRS29805707ST-27-0-0.snv.bam	MMRS33294861ST-27-0-0.snv.bam	MMRS61683006ST-27-0-0.snv.bam	MMRS65862658ST-27-0-0.snv.bam	MMRS72802364ST-27-0-0.snv.bam	MMRS73787048ST-27-0-0.snv.bam	MMRS86958796ST-27-0-0.snv.bam	MMRS93621581ST-27-0-0.snv.bam	MMRS94549160ST-27-0-0.snv.bam	NG-5636_200.snv.bam	NG-5636_317.snv.bam	NG-5636_372.snv.bam	NG-5636_384.snv.bam	NG-5636_421.snv.bam	NG-5636_462.snv.bam	O2.CD1-0.snv.bam	O2.UC23-1.snv.bam	O2.UC30-1.snv.bam	SAMEA3136627.snv.bam	SAMEA3136629.snv.bam	SAMEA3136631.snv.bam	SAMEA3136636.snv.bam	SAMEA3136637.snv.bam	SAMEA3136638.snv.bam	SAMEA3136642.snv.bam	SAMEA3136645.snv.bam	SAMEA3136646.snv.bam	SAMEA3136651.snv.bam	SAMEA3136661.snv.bam	SAMEA3136663.snv.bam	SAMEA3136667.snv.bam	SAMEA3136670.snv.bam	SAMEA3136676.snv.bam	SAMEA3136685.snv.bam	SAMEA3136686.snv.bam	SAMEA3136687.snv.bam	SAMEA3136688.snv.bam	SAMEA3136694.snv.bam	SAMEA3136706.snv.bam	SAMEA3136743.snv.bam	SAMEA3136747.snv.bam	SAMEA3136748.snv.bam	SAMEA3136755.snv.bam	SAMEA3136764.snv.bam	SZEY-07A.snv.bam	SZEY-40A.snv.bam	T2D-108A.snv.bam	T2D-114A.snv.bam	T2D-15A.snv.bam	T2D-45A.snv.bam	T2D-6A.snv.bam	V1.CD40-0.snv.bam	V1.CD55-0.snv.bam	V1.CD6-4.snv.bam	V1.FI15.snv.bam	V1.FI26.snv.bam	V1.UC52-0.snv.bam	V1.UC52-1.snv.bam	V1.UC57-0.snv.bam	V1.UC59-0.snv.bam	alien-11-0-0.snv.bam	alien-11-2-0.snv.bam	alien-11-600-0.snv.bam	alien-11-630-0.snv.bam	alien-11-637-0.snv.bam	alien-11-7-0.snv.bam	alien-11-773-0.snv.bam	tigress-11-0-0.snv.bam	tigress-11-7-0.snv.bam
764083206-stool1.snv.bam	0.0	0.145980640812	0.200108590131	0.0356839052272	0.189194752718	0.00197986268472	0.191400157185	0.00317248712516	0.244448995584	0.233922408897	0.00194562499329	0.193026775038	0.00178926968558	0.00175109591859	0.00184840614933	0.200966450112	0.00184985675182	0.0187667986257	0.0195183154071	0.00327978225471	0.206491683521	0.222609164194	0.00185051772308	0.00208849667869	0.16761157074	0.183231776417	0.191180794591	0.17400350945	0.232717989626	0.191364620561	0.000815472448601	0.00226191201814	0.188868035538	0.174673390513	0.168219942209	0.20932155097	0.204331509057	0.20220005928	0.167176840706	0.212156585798	0.210643456238	0.207041904279	0.00175109591859	0.154795938994	0.203695745724	0.0187311375691	0.00182477956503	0.00183127904042	0.00190039136222	0.145225991631	0.207104239542	0.00194330214355	0.208893345858	0.0107655584378	0.191659059074	0.163806547259	0.191438014431	0.20672972065	0.201683613993	0.200353322442	0.0106193018683	0.20150816194	0.206702001971	0.205468526524	0.206596171917	0.0018943600096	0.195282387348	0.167897040014	0.182002996267	0.203781913912	0.234835680705	0.21286736917	0.179492744013	0.00183397595011	0.204454729558	0.000410292519679	0.205754384493	0.206574624733	0.203231542481	0.184370959922	0.207590513458	0.206288291851	0.176946770066	0.1899503165	0.195897061819	0.183843015954	0.192389519514	0.200541086071	0.00222713133881	0.204275884018	0.002255580729	0.0022224093382	0.0026393292696	0.189661988323	0.154576932814	0.00179938448529	0.00235892020082	0.211898894459	0.211524266359	0.211402432952	0.00192811183571	0.205619050615	0.182034558009	0.183173633971
764143897-stool1.snv.bam	0.145980640812	0.0	0.187404972283	0.135774679709	0.17393947628	0.146784764139	0.175896695193	0.146941390371	0.247445720677	0.224378758308	0.143075370109	0.20912415304	0.14659838314	0.146561052993	0.146859056722	0.197729951387	0.145284554946	0.154840125301	0.144985765754	0.147937054636	0.183814573225	0.227740444124	0.14665827763	0.143927172215	0.16108733954	0.181673174079	0.204762447309	0.160852383738	0.239500122349	0.194298724661	0.148131947589	0.145733468985	0.204316401979	0.165063476501	0.163298278282	0.197597477123	0.209836538025	0.188067580263	0.157162552589	0.207157809745	0.204217017372	0.19805723405	0.146967039289	0.168923535885	0.182257207231	0.154789993191	0.146835920316	0.138247481697	0.144541500383	0.159816478653	0.181139630019	0.146021180019	0.216957193322	0.145924507102	0.20787610409	0.159842068067	0.190161318034	0.183990973724	0.199842895226	0.183121870208	0.148195554544	0.177157542787	0.183932417909	0.180832095253	0.18392042919	0.146534893609	0.211389002987	0.171005870805	0.184791554371	0.17939019421	0.23797745116	0.218135562456	0.161634972121	0.146596815668	0.181703409728	0.148012311547	0.184517272496	0.18383930534	0.18324973676	0.190090130038	0.216585179055	0.216949372743	0.175059776046	0.197008030095	0.180146097558	0.199496798288	0.208999651859	0.178231495293	0.14665833366	0.179399854976	0.147108230277	0.14687784055	0.147012575242	0.205746729975	0.142722764159	0.145249221005	0.148165903623	0.196165703001	0.197257739116	0.197237686224	0.146726952341	0.191295931071	0.179200528583	0.184675381894
765701615-stool1.snv.bam	0.200108590131	0.187404972283	0.0	0.174640608159	0.183722650938	0.200997158358	0.185618902771	0.202164335418	0.212969864985	0.198225405626	0.194223573262	0.163900872708	0.200809219857	0.200771577758	0.199693633587	0.1508350257	0.198446089031	0.203554776963	0.200569610586	0.202145058576	0.0257281327256	0.231659703532	0.200869614858	0.198850112637	0.155687816584	0.190898892996	0.19581052074	0.130714190681	0.210707728008	0.18921876727	0.202900835515	0.20135602142	0.147299965117	0.157028374567	0.146600697273	0.0581455433485	0.18246513177	0.0160224728377	0.142192932852	0.110693903234	0.109190264587	0.060351485836	0.198539096132	0.161795494075	0.0259629990364	0.203561023259	0.199729652513	0.193774183036	0.200208013528	0.157656027889	0.0239926348783	0.200397545358	0.206770796202	0.201975366963	0.162455938367	0.147414092969	0.190698119453	0.0258980751482	0.189057500734	0.0146049963895	0.195513031255	0.0256828604985	0.0259790344755	0.0261149936489	0.0258269411063	0.200733476223	0.156436191664	0.154634413425	0.156705178462	0.0260140164032	0.205000270643	0.183306089988	0.155948333319	0.200812340011	0.025943037436	0.202234963822	0.0259020818814	0.0258114611345	0.0258858925661	0.159084195838	0.205419129667	0.198300096937	0.163400939993	0.184689509897	0.17737083259	0.192975592261	0.16453458826	0.0270095622844	0.20114789994	0.0266657746883	0.201350884657	0.201123414386	0.20081537092	0.161763072793	0.167387199864	0.201081768767	0.200754741219	0.194035436215	0.193675454996	0.193698275516	0.197515140468	0.189404903554	0.149553765445	0.153012734618
809635352-stool2.snv.bam	0.0356839052272	0.135774679709	0.174640608159	0.0	0.173799136405	0.0334289165098	0.175796551244	0.0347052084175	0.232766130925	0.20605895705	0.0340320973501	0.184963421694	0.0332391277005	0.0332011150043	0.0333449132555	0.186111542254	0.0321107851819	0.0529579610192	0.0508690597162	0.0347431606203	0.181648614241	0.210697721353	0.0333001173075	0.0338557244642	0.150083782223	0.156856627964	0.16920826076	0.158270104552	0.224805062254	0.165989352337	0.0350119428836	0.0336454435916	0.165730056464	0.153989348439	0.149248374015	0.184961601357	0.170324656798	0.174670218698	0.148625050186	0.185282267532	0.183431061796	0.182442605336	0.033294771182	0.13014813178	0.180047231883	0.0529224504312	0.0333213532249	0.0336010741144	0.0333887222085	0.117474558393	0.183066719753	0.0332656307184	0.189655213652	0.0424745848922	0.185897972587	0.142722943562	0.167030440433	0.181828240065	0.175640063168	0.172278463844	0.0428869663102	0.176480936895	0.181765565998	0.179999218446	0.181695254829	0.033226568792	0.170213145707	0.146182681958	0.158164316406	0.178537820793	0.223458757676	0.204870632376	0.161173722312	0.033283645331	0.179492631218	0.0346789085255	0.18060946022	0.181673798561	0.179651799314	0.161805680246	0.188260915277	0.18873618222	0.149291907124	0.167751842989	0.172827764795	0.160020175774	0.184559718742	0.178287796331	0.0336751418362	0.179296924655	0.0335958722476	0.0334354667831	0.0339097918151	0.183890594061	0.136000989858	0.0340183470068	0.0330509114399	0.190231894679	0.190004391099	0.190035266145	0.0331698253205	0.183847294453	0.167073902562	0.170269195249
BYQ_AAAE.snv.bam	0.189194752718	0.17393947628	0.183722650938	0.173799136405	0.0	0.188894694385	0.000673483819552	0.189272132596	0.240168546747	0.224003803049	0.185670531675	0.206013616973	0.18878459135	0.188747105876	0.189104943028	0.173541580509	0.186478272922	0.195616568405	0.194153450635	0.190110677574	0.191616150149	0.218191365766	0.188799260872	0.186170122221	0.146642388962	0.177236836713	0.194973966363	0.157103842485	0.229808848188	0.196534162636	0.188993272134	0.188035351615	0.202459664766	0.163473084123	0.147317724648	0.185976822053	0.179784813726	0.184985874399	0.163961002179	0.201184119517	0.198155426035	0.184958972572	0.187881312012	0.142361623883	0.191619774546	0.195651586475	0.187692821331	0.184068121659	0.189675018575	0.15117574733	0.190639881457	0.188160540917	0.203238859906	0.188443352839	0.204670630226	0.136659288211	0.182579795966	0.19179328463	0.175844975535	0.181262514007	0.179045203723	0.188355185884	0.191856432487	0.189946935344	0.191662143849	0.188709162877	0.21102586914	0.15386693734	0.148716632229	0.19096506579	0.230514462494	0.202534246469	0.149830071198	0.188828491538	0.18951787909	0.190204402955	0.190689271046	0.191640985172	0.191939657565	0.173319211202	0.202081782486	0.198541430521	0.146232410127	0.180040671071	0.18554283767	0.174825920551	0.205672893137	0.189462241516	0.189061072891	0.193023423319	0.18942119281	0.189080775862	0.189194788912	0.201267928277	0.157942466974	0.18726666191	0.189504924274	0.205775125767	0.208187528763	0.209485873212	0.182089699292	0.202537585623	0.157470743542	0.161538318829
BYQ_AAAJ.snv.bam	0.00197986268472	0.146784764139	0.200997158358	0.0334289165098	0.188894694385	0.0	0.19104364885	0.00160714643211	0.241503541683	0.231039922097	0.000390319146027	0.195112672971	0.000260681237856	0.000223402579888	0.00031887087539	0.203043362261	0.000307507520656	0.0195987370856	0.0190146300803	0.00173567076335	0.208439038473	0.219806733034	0.000320493114473	0.000543738335894	0.167897066019	0.178554943968	0.188017304724	0.173389311711	0.228671719834	0.188546769949	0.00208282463986	0.000720114305086	0.191254973273	0.170621846376	0.1688935287	0.210016736882	0.19936332394	0.201651696536	0.165830112548	0.212591798214	0.211120065461	0.207797633363	0.000224020567661	0.152971133819	0.205722639172	0.0195639122192	0.000295766425551	0.000235075283627	0.00036283500058	0.144764315259	0.209376164863	0.000404735417257	0.20796698957	0.00901966741136	0.193777116303	0.162702283715	0.188574271297	0.208671494042	0.196643573674	0.199838317572	0.00887466564345	0.203640002691	0.208647108223	0.207484360106	0.208541076797	0.000363307374965	0.197492580969	0.165329277232	0.178922343818	0.205820932686	0.231995970619	0.210451262551	0.178347779622	0.00030433921756	0.206455366568	0.0016726593986	0.20773818174	0.208520034857	0.205263751259	0.181353859741	0.205220531498	0.203981581514	0.175897098278	0.188423720218	0.195763170951	0.179257375706	0.194733041456	0.202708697098	0.000688275790247	0.206334834206	0.000795179647613	0.000684608800415	0.00109080839025	0.19183602385	0.153792736564	0.0002300665773	0.000782159800029	0.208411013989	0.20813717914	0.208041707181	0.000246900717102	0.202306723253	0.184810243345	0.185677467724
BYQ_AAAY.snv.bam	0.191400157185	0.175896695193	0.185618902771	0.175796551244	0.000673483819552	0.19104364885	0.0	0.191431924883	0.235345466685	0.225108765502	0.187824101424	0.208385625258	0.190932154064	0.190894194757	0.191259581308	0.175496464715	0.18861771659	0.197850490379	0.196359192345	0.192275002614	0.192294689629	0.217512217078	0.190947009015	0.188302607249	0.148062597266	0.179073910807	0.194183473281	0.158452380952	0.226847976443	0.198617072008	0.191164822175	0.190129568438	0.203386000437	0.16510694018	0.148869132775	0.187915479582	0.178606597735	0.186884777569	0.165696517413	0.202083923457	0.199027975344	0.18690118082	0.190023474178	0.143572825024	0.192303158887	0.197885951093	0.189829584653	0.186267258383	0.191842971321	0.15252293578	0.191321395382	0.190208523466	0.202899327899	0.190614040614	0.207025614736	0.136993264411	0.18451346508	0.19247406317	0.177635879579	0.183151495114	0.180927164623	0.189639442927	0.192538967862	0.190698230512	0.192341264711	0.190855772141	0.212050077219	0.155145584171	0.146104294865	0.191642992424	0.227642785354	0.20174752217	0.15130952381	0.19097660917	0.190171732147	0.192369912725	0.191362715299	0.192319838578	0.192623246421	0.172021513393	0.201726080211	0.198144381438	0.147532320831	0.181972987328	0.184601449275	0.175894282976	0.208070980681	0.189585691951	0.19116957002	0.19372267304	0.191579834252	0.191235108229	0.191347536707	0.203503866924	0.159565641776	0.189459720212	0.191444467105	0.206425324035	0.208748221906	0.210162248298	0.184366925065	0.203031568057	0.15883911368	0.162961941994
CCIS03857607ST-4-0.snv.bam	0.00317248712516	0.146941390371	0.202164335418	0.0347052084175	0.189272132596	0.00160714643211	0.191431924883	0.0	0.241955075035	0.230063789564	0.00157844063027	0.19422625141	0.00142050764457	0.00138312586445	0.00148046488001	0.203381010745	0.00147880381203	0.0152795539649	0.0202313833994	0.0028995773624	0.208791612756	0.218702217125	0.0014804849759	0.00171569448988	0.16952738166	0.179017033742	0.187032740901	0.173728813559	0.229144322344	0.188849765258	0.0032590799176	0.00188281978735	0.190164823729	0.170943941378	0.167806841046	0.210378681627	0.19970845481	0.201985495323	0.167302052786	0.211572734211	0.210084033613	0.208979626494	0.00138696255201	0.153179190751	0.206070102136	0.0152446327642	0.00145729642892	0.00145560407569	0.00152777777778	0.143504531722	0.209739883644	0.0015697945845	0.209201206256	0.0102186484539	0.192886990008	0.163008330848	0.18888211346	0.209024711356	0.197148849937	0.200173592275	0.00724240096565	0.203990450026	0.209000747206	0.207842212793	0.208893933343	0.00152341767141	0.19643174873	0.164246277598	0.179200975137	0.206171107994	0.230969536899	0.209302325581	0.178621659634	0.00146428639324	0.206803416308	0.00283639169235	0.208092245278	0.208872833196	0.205608974359	0.181646058939	0.206456568562	0.204340700189	0.174786334209	0.188722165454	0.196204788456	0.179733851225	0.193834348747	0.203909317627	0.00184928503113	0.206691960698	0.00195809306711	0.00184721592948	0.00225293113764	0.190936771422	0.154082612872	0.0014245014245	0.00197476981307	0.20755511759	0.207282913165	0.207193116291	0.00152905198777	0.201426260339	0.185185185185	0.186057043112
CCIS11362406ST-4-0.snv.bam	0.244448995584	0.247445720677	0.212969864985	0.232766130925	0.240168546747	0.241503541683	0.235345466685	0.241955075035	0.0	0.240582193826	0.241258159863	0.251902093872	0.241314285241	0.241276379172	0.241652248317	0.251142001831	0.242335526741	0.244061114819	0.226851333147	0.242709717385	0.211845922443	0.0337351925768	0.241375103769	0.24113814715	0.215680339137	0.260542291482	0.230645324629	0.217851868523	0.000982149383285	0.233031943877	0.244972415556	0.240153026053	0.240179863479	0.233955849444	0.214543526928	0.207772937365	0.202149294776	0.212063824214	0.231201891007	0.251188342403	0.250091441716	0.208365753446	0.241955075035	0.208303404133	0.210601753721	0.244085386002	0.241654264224	0.239325271839	0.241028251197	0.210151908079	0.207408020809	0.240869652546	0.220191473554	0.248742986129	0.250439813218	0.20352242534	0.214598726164	0.211982870593	0.256246840238	0.211701414343	0.2401538147	0.208953917111	0.21213892479	0.213945380952	0.211914009502	0.241238010445	0.245516587194	0.218759414189	0.216111914795	0.210617887579	0.000210311693747	0.000145285471934	0.216910941593	0.241358677997	0.211061005581	0.242707526666	0.212536445155	0.21189261342	0.209895652717	0.194348589109	0.219074441433	0.217923969343	0.195250943163	0.229113842232	0.213310090625	0.228344343479	0.249296798101	0.214750735565	0.241382659174	0.215732848812	0.241988668357	0.241583538708	0.241429045228	0.248709653652	0.21218420151	0.241364611594	0.238363656961	0.235081081902	0.238722816172	0.238482362834	0.236062595067	0.234939371242	0.239659381272	0.240975344174
CCIS16561622ST-4-0.snv.bam	0.233922408897	0.224378758308	0.198225405626	0.20605895705	0.224003803049	0.231039922097	0.225108765502	0.230063789564	0.240582193826	0.0	0.226269740787	0.214976510649	0.230777065495	0.23081465524	0.229780055111	0.216989386662	0.227548540235	0.233644103175	0.22493140251	0.232182019905	0.203040330363	0.231658545671	0.230912555988	0.230580648433	0.191378567878	0.231303115221	0.220333884007	0.188904284661	0.243250654712	0.202651486876	0.231567702459	0.230028173674	0.214050974539	0.1970465226	0.191404353462	0.20311723805	0.159138863909	0.199017140219	0.203971368392	0.204551386241	0.201422706729	0.199367242653	0.230063789564	0.186045594607	0.20172340595	0.233650340783	0.231208781531	0.228339292998	0.230524772511	0.174771077643	0.202242583965	0.230402712513	0.200939786483	0.232451747891	0.216292387131	0.185199427322	0.208426653912	0.203217957569	0.22480068957	0.197038187383	0.222207767634	0.200147518708	0.203297193126	0.201896571303	0.203146922462	0.230776606697	0.21697077988	0.184729636356	0.19598155435	0.198855917041	0.236439301136	0.219641934233	0.172544011883	0.230896267288	0.202362773138	0.232276005996	0.20345209663	0.203065234468	0.202552104358	0.171940815901	0.204643255464	0.201333408642	0.168920444199	0.220336472399	0.197980248443	0.209746060311	0.214717765657	0.204162589376	0.231076002499	0.202070107343	0.231413065311	0.231347120337	0.23096141124	0.21432954494	0.191415635426	0.231680950543	0.230418098838	0.211805882904	0.212690312363	0.214032523695	0.233761514507	0.206799580448	0.199128614833	0.206329859624
CCIS20795251ST-4-0.snv.bam	0.00194562499329	0.143075370109	0.194223573262	0.0340320973501	0.185670531675	0.000390319146027	0.187824101424	0.00157844063027	0.241258159863	0.226269740787	0.0	0.189692277878	0.000199726146886	0.000161552379898	0.000258862610638	0.196228943056	0.00024602644088	0.0184327478679	0.0165214777294	0.00171013208754	0.201754176466	0.218962239304	0.000215411946364	0.000486955028013	0.165879908809	0.176271426946	0.183482355819	0.17010912109	0.227524531992	0.183759060774	0.00205664816189	0.000669173688462	0.185504956973	0.170321091941	0.162323657344	0.203274528532	0.199234554933	0.197628720386	0.161980774319	0.206006649364	0.204414336073	0.20094245101	0.000161552379898	0.151912584109	0.198924543739	0.0183970868113	0.000235236026339	0.000168700715292	0.000304083808465	0.142504679258	0.202257194751	0.000345524273741	0.202316072451	0.00897652074123	0.188324561913	0.156251088993	0.186736084998	0.201992213595	0.192828232597	0.195689766337	0.00895991629796	0.196611585304	0.201957794056	0.200621481733	0.201858664862	0.000304816470903	0.191957309671	0.159957292248	0.174382292947	0.198976534262	0.231496099258	0.209342255421	0.174871766019	0.000244432411412	0.199703801803	0.00164560773805	0.200969569949	0.201837117678	0.200741276455	0.177825354243	0.200902432275	0.19949180409	0.173982022059	0.185719498877	0.191534232847	0.174884496085	0.189233396303	0.195615748339	0.00063758780011	0.199393562337	0.000746990494231	0.000633760942079	0.0010497857309	0.186313261445	0.152227205643	0.000166248670012	0.000550169613579	0.204684167344	0.204414336073	0.20434299933	0.000176510933593	0.198397338226	0.179034544434	0.180133550197
CCIS21126322ST-4-0.snv.bam	0.193026775038	0.20912415304	0.163900872708	0.184963421694	0.206013616973	0.195112672971	0.208385625258	0.19422625141	0.251902093872	0.214976510649	0.189692277878	0.0	0.195109480351	0.195072098571	0.193993725372	0.14409593577	0.191474791615	0.179855413964	0.194897346901	0.196458755099	0.174232038018	0.241538038634	0.195169457682	0.194504978382	0.181905166489	0.212919893075	0.187125460247	0.155328546805	0.243342624522	0.184676705071	0.195578934884	0.195756117857	0.0454100329115	0.180918446094	0.179237078061	0.16695249266	0.191082480776	0.164844290773	0.189240251304	0.0778386138443	0.0785125598875	0.161814686209	0.19422625141	0.179035565228	0.172721835382	0.179861617063	0.195346973408	0.187826968365	0.196023787871	0.173772095569	0.174290324349	0.194676915788	0.202616990895	0.193448362958	0.00039738235105	0.171470975702	0.190308618849	0.174408682501	0.212357420416	0.162144152595	0.189672188573	0.166123484252	0.17453991314	0.173857221474	0.174338040395	0.195034260532	0.0487954254664	0.174033659054	0.184947320028	0.171069580838	0.245576317984	0.223321832267	0.167422119925	0.195119524323	0.174865290285	0.196468910282	0.175931087649	0.174322667477	0.173626489828	0.185954944222	0.204264262447	0.200046433361	0.156110128716	0.194019762848	0.194817363768	0.194049925453	0.000571959862564	0.172846716726	0.195395522762	0.172642973715	0.195842436125	0.19402856309	0.195278417185	0.000639308261497	0.169893291745	0.193785081577	0.194161139929	0.216189392108	0.215626228665	0.215478411516	0.19271731998	0.209755161458	0.134079891437	0.136091547107
CCIS47284573ST-4-0.snv.bam	0.00178926968558	0.14659838314	0.200809219857	0.0332391277005	0.18878459135	0.000260681237856	0.190932154064	0.00142050764457	0.241314285241	0.230777065495	0.000199726146886	0.195109480351	0.0	3.72786579683e-05	0.00013248987623	0.202857238339	0.00011956902011	0.0194126131637	0.0188277327903	0.00154954684143	0.208252914551	0.219601032053	0.000134369192553	0.000355799835348	0.167710168729	0.178551482349	0.187940893259	0.173277502855	0.228456504772	0.188357247697	0.00189488613932	0.000533733305926	0.191066772654	0.170432978899	0.168777927205	0.209828009828	0.199167190446	0.201465572615	0.165553401132	0.212405674292	0.210893854749	0.207607309183	3.73817801203e-05	0.152776696004	0.205535222723	0.0193777882973	0.000109385426391	3.92264543208e-05	0.000175937710564	0.144619016607	0.209185571864	0.00021783812724	0.207768256369	0.00883120394294	0.193773923683	0.162586029104	0.188381775086	0.20848537012	0.196640164794	0.199648528762	0.00868271707532	0.203447780691	0.208460727224	0.207294035926	0.208354952875	0.000177183453046	0.197306457047	0.165140147803	0.178730939785	0.205632205632	0.231798111611	0.210242700196	0.178082711042	0.00011821529564	0.20626872778	0.00148653547668	0.20755024324	0.208333910935	0.205076853969	0.181158010911	0.20502150518	0.203785162528	0.175776764558	0.188236822928	0.195602149657	0.179258256553	0.194729808592	0.20251537354	0.000502151868327	0.206143158292	0.000608798648453	0.000498227801255	0.000904684468328	0.191832817928	0.153678678679	3.83906633906e-05	0.000591026877377	0.208412143909	0.208138305904	0.208042826131	4.11997363216e-05	0.202307862749	0.184697481572	0.185564061599
CCIS52370277ST-4-0.snv.bam	0.00175109591859	0.146561052993	0.200771577758	0.0332011150043	0.188747105876	0.000223402579888	0.190894194757	0.00138312586445	0.241276379172	0.23081465524	0.000161552379898	0.195072098571	3.72786579683e-05	0.0	9.51597284029e-05	0.202819959681	8.19269211864e-05	0.0193753345057	0.0187902992349	0.00151226818347	0.208215635893	0.219559832317	9.70905345847e-05	0.000318157736425	0.167672735173	0.178513469653	0.187903303513	0.17323943662	0.228413399466	0.18831928839	0.00185724404039	0.000496403158098	0.191029078056	0.170470412454	0.168739967897	0.20979020979	0.199127906977	0.201428293957	0.165592972182	0.212368395634	0.210893854749	0.207569189258	0.0	0.152737752161	0.205497685185	0.0193405096394	7.20552785638e-05	0.0	0.000138504155125	0.144578313253	0.209147398097	0.000180404571801	0.207728452206	0.00879345669849	0.193736541903	0.162547855337	0.188343220126	0.208448091462	0.196602731239	0.199610516066	0.00864427180217	0.203409280653	0.208423397076	0.207255916001	0.208317674217	0.000139904795077	0.197269178389	0.165177633277	0.178692603577	0.205594405594	0.231758482539	0.210200927357	0.178120617111	8.09366376716e-05	0.206231346	0.00144925681871	0.207512601141	0.208296632277	0.205039420413	0.181118784457	0.204981642308	0.203745821877	0.175737251361	0.188199389372	0.195640981593	0.179219591278	0.194691955613	0.202476652871	0.000464873210358	0.206104767628	0.000571468500626	0.000460897653428	0.00086740581036	0.19179528039	0.153639846743	0.0	0.000552744969407	0.20837429093	0.208100558659	0.208005340656	0.0	0.202269688982	0.184659090909	0.18552545156
CCIS53557295ST-4-0.snv.bam	0.00184840614933	0.146859056722	0.199693633587	0.0333449132555	0.189104943028	0.00031887087539	0.191259581308	0.00148046488001	0.241652248317	0.229780055111	0.000258862610638	0.193993725372	0.00013248987623	9.51597284029e-05	0.0	0.203136482349	0.000178129948083	0.0194972557458	0.0188788934357	0.00160951668008	0.207158395683	0.219935255652	0.000192384365936	0.000414690234473	0.167941826972	0.17880199912	0.188069052343	0.172110497111	0.228820357695	0.188487254135	0.00195592310232	0.00059238109243	0.189936021533	0.170743384527	0.169014345422	0.20872036758	0.19945610255	0.200361678965	0.165874402422	0.21131689128	0.20982705238	0.206487143553	9.52913462845e-05	0.1529274508	0.204429312636	0.0194623827789	0.000167446286368	9.99936768704e-05	0.000234251932543	0.144836112295	0.208066054179	0.000276210463529	0.208105070937	0.00881734906136	0.192656318902	0.162815026918	0.188649913943	0.207391172323	0.196911947859	0.198520308979	0.00875472752178	0.202310495678	0.207364981929	0.20617342782	0.207260574943	0.000235257762147	0.196196818762	0.165443633396	0.178983846553	0.204518686907	0.232137485379	0.210567093579	0.17700328996	0.00017620815701	0.205197897792	0.00154641828306	0.206473733147	0.20723950394	0.203973375853	0.181420326952	0.205323332256	0.204081227524	0.175775763717	0.188496950872	0.194521533295	0.179408130739	0.193599437251	0.201332429991	0.000560675028831	0.205012942905	0.000667550259774	0.000556826479177	0.000963763613087	0.190707850254	0.153929427886	3.02224371374e-05	0.000650330866523	0.208703486922	0.208428450982	0.208330823701	0.000105023846591	0.202593044203	0.184959235351	0.185828552995
CCIS59132091ST-4-0.snv.bam	0.200966450112	0.197729951387	0.1508350257	0.186111542254	0.173541580509	0.203043362261	0.175496464715	0.203381010745	0.251142001831	0.216989386662	0.196228943056	0.14409593577	0.202857238339	0.202819959681	0.203136482349	0.0	0.200712290222	0.202754970003	0.203877177773	0.204099385511	0.162838243154	0.233326155994	0.202828062451	0.198151682484	0.170526715695	0.195633765068	0.190831544132	0.167635940695	0.240958338753	0.184153564367	0.203555671295	0.202080419278	0.166426037594	0.165005479696	0.164553895586	0.152506522261	0.184652149981	0.164360585455	0.168264378527	0.147774236808	0.145354744073	0.152621605925	0.201997884881	0.171508696622	0.162642000839	0.202823851915	0.201790937556	0.198903440883	0.203801206051	0.153658741644	0.164254348523	0.202295118851	0.194538660087	0.197108204823	0.145329536474	0.169370991371	0.181239652443	0.162889008492	0.198137959606	0.160314558172	0.194832927015	0.157198610587	0.163166473653	0.160796922964	0.162943953111	0.202782226022	0.171159438264	0.169141803303	0.167533738254	0.160923879632	0.239055629575	0.217968519614	0.168368819769	0.202860328367	0.163438225581	0.204129323552	0.16302872083	0.162862941156	0.163572071296	0.178163423223	0.19507525385	0.190638864148	0.163031686464	0.181431372956	0.186774013926	0.182130895419	0.142970247759	0.15954364828	0.203072415939	0.160868126969	0.203598870696	0.203284458611	0.203178965845	0.14454702206	0.160876651644	0.20176771416	0.204581740392	0.20159623562	0.201147031243	0.203820615041	0.196714679771	0.195188781824	0.0455549724319	0.0460041207145
CCIS63468405ST-4-0.snv.bam	0.00184985675182	0.145284554946	0.198446089031	0.0321107851819	0.186478272922	0.000307507520656	0.18861771659	0.00147880381203	0.242335526741	0.227548540235	0.00024602644088	0.191474791615	0.00011956902011	8.19269211864e-05	0.000178129948083	0.200712290222	0.0	0.0196461574457	0.0176579294783	0.00160893866633	0.205985393445	0.220477771232	0.000179964020871	0.000403456157535	0.165200752901	0.177531108597	0.185619801623	0.170780687809	0.229474233862	0.18885412321	0.00195551228991	0.00058329067765	0.18868711122	0.169259880088	0.166951526373	0.208827677757	0.19920764792	0.199131879651	0.165915419422	0.210342493543	0.208827677757	0.206579486079	8.21557673349e-05	0.15248015026	0.204341050146	0.0196109930612	0.000154799931788	8.58737655647e-05	0.000222130810366	0.145543672014	0.206872374213	0.000264441440912	0.207003634787	0.00895061764159	0.190126177828	0.161401861781	0.187445851351	0.206220115294	0.195812581096	0.197250359934	0.00876535229476	0.201200707178	0.20619207246	0.204965271959	0.206088426571	0.000223195690589	0.195096069445	0.164078287286	0.176186655475	0.203306746427	0.232767568327	0.211029411765	0.175720713214	0.000163652634713	0.203975474341	0.00154531298465	0.205253479732	0.206067179486	0.20388217599	0.178665199443	0.20422708944	0.202690459852	0.173209901713	0.18732696875	0.194811243422	0.178227337909	0.191045091708	0.201257052275	0.000551332321618	0.203786130389	0.000659088875683	0.000547438536253	0.000957789334154	0.188150666775	0.150932012863	8.43953076209e-05	0.000642434159962	0.206277322847	0.206006803285	0.205925313925	9.0637179371e-05	0.200093813593	0.182293864461	0.183070441691
CCIS80834637ST-4-0.snv.bam	0.0187667986257	0.154840125301	0.203554776963	0.0529579610192	0.195616568405	0.0195987370856	0.197850490379	0.0152795539649	0.244061114819	0.233644103175	0.0184327478679	0.179855413964	0.0194126131637	0.0193753345057	0.0194972557458	0.202754970003	0.0196461574457	0.0	0.0381538045672	0.0208600164823	0.20821334214	0.222536787322	0.0194724250403	0.0184896306008	0.175980681196	0.184141687615	0.185056130333	0.178806876737	0.231600539863	0.191062100866	0.0214214745649	0.0198984991755	0.177079757315	0.175945318941	0.171615132949	0.209787883956	0.201999432785	0.204184620893	0.16698811491	0.201331619122	0.20390829194	0.207566843742	0.0194289315583	0.161315392627	0.205495375503	9.51544898836e-05	0.019474151296	0.0203876887034	0.0195943455909	0.149098890017	0.209145049268	0.0196362460076	0.213585996723	0.0284123359117	0.177136731431	0.16530616393	0.191129072456	0.208445797709	0.202077637726	0.202421116669	0.0257809965769	0.203406911748	0.208513181186	0.207253570484	0.208315380463	0.0195152393008	0.180715160498	0.165112283046	0.184299529085	0.205592079761	0.233222319825	0.211743952131	0.183696507372	0.0194226294276	0.206229045901	0.0208245913244	0.207510285025	0.208294338524	0.20642215868	0.182567749666	0.210847826272	0.209601320091	0.175734820116	0.190904212757	0.195608327465	0.183444029738	0.179391199459	0.20247427039	0.0198402077161	0.206102405453	0.0199735645181	0.0198629936709	0.0201754568846	0.177904081819	0.165066402035	0.019953291927	0.0204495119901	0.211173082287	0.210891532163	0.210776959282	0.0198888986534	0.20509219891	0.188853526255	0.188315283679
CCIS81735969ST-20-0.snv.bam	0.0195183154071	0.144985765754	0.200569610586	0.0508690597162	0.194153450635	0.0190146300803	0.196359192345	0.0202313833994	0.226851333147	0.22493140251	0.0165214777294	0.194897346901	0.0188277327903	0.0187902992349	0.0188788934357	0.203877177773	0.0176579294783	0.0381538045672	0.0	0.0203088510811	0.208107827968	0.207654060228	0.0188877931927	0.0192471328238	0.168837852504	0.182204674872	0.188972540712	0.17308946399	0.215533453603	0.181019480239	0.020808216848	0.0179278667601	0.190772152266	0.171439242493	0.169884071237	0.209687522149	0.201418584524	0.201248653333	0.168081551749	0.212148246942	0.210705973663	0.207440453035	0.0188424945105	0.156576291964	0.205377753282	0.0381188349992	0.0188887157687	0.0168391700793	0.0190077830981	0.151653491835	0.209040955493	0.0175679549137	0.207468961127	0.026418014554	0.193571322032	0.162985595455	0.18671965627	0.20830662338	0.200362613528	0.199388915792	0.025138857881	0.203515733126	0.208316304095	0.207137252273	0.208210290273	0.0189307853518	0.197025973018	0.163409027207	0.184015394974	0.205474039003	0.216009163216	0.195169051205	0.177814196178	0.0188715721743	0.206131505125	0.0202455778963	0.207390541792	0.208149588285	0.204964270712	0.183555561256	0.20762889413	0.20639333191	0.175419565983	0.185253073258	0.196829729149	0.177437068243	0.194528675633	0.202341026078	0.0192571040514	0.205967299655	0.0193378687836	0.0192472918764	0.0196613092245	0.19162124679	0.156031362176	0.0165001370151	0.0169739433636	0.208214734456	0.20793224177	0.207859225084	0.0175778880555	0.202114907551	0.184266200509	0.186202220169
CCIS82146115ST-4-0.snv.bam	0.00327978225471	0.147937054636	0.202145058576	0.0347431606203	0.190110677574	0.00173567076335	0.192275002614	0.0028995773624	0.242709717385	0.232182019905	0.00171013208754	0.196458755099	0.00154954684143	0.00151226818347	0.00160951668008	0.204099385511	0.00160893866633	0.0208600164823	0.0203088510811	0.0	0.209575855517	0.221111018598	0.00160935871805	0.00182609060951	0.169034418268	0.179875950291	0.189297674403	0.174628393278	0.230030262982	0.189660533025	0.00338425578554	0.00201076010977	0.192454419961	0.171832095549	0.170125841144	0.211169453465	0.200585105625	0.202811125226	0.167017591289	0.213751226903	0.212294067975	0.207549667717	0.00151645149794	0.154202091211	0.20547846189	0.0208527778228	0.00158641223024	0.00159128364733	0.0016570560014	0.146150392849	0.210540278362	0.00169895641808	0.209179024331	0.0102976144601	0.195123198431	0.163936464369	0.189745695439	0.209808311086	0.197916753031	0.20102057608	0.0101648936695	0.204814065877	0.209760608691	0.208646831695	0.209677893841	0.00165217297854	0.198678792383	0.166518467884	0.180091410991	0.206973649269	0.233244953836	0.211767810548	0.179499488351	0.00159320482114	0.207595328334	0.00296152500218	0.208886081959	0.209656851901	0.206405291919	0.182509189857	0.206434353921	0.205179502333	0.177174583516	0.189561072467	0.197019993948	0.180653858331	0.196076364805	0.202456823683	0.00197714139382	0.20608510744	0.0020858254523	0.0019752546051	0.00235208778693	0.193187714654	0.15508494222	0.00153792017454	0.00208630842957	0.208326932445	0.209473652506	0.209368912354	0.000111260769835	0.203658298014	0.18599229082	0.186866269756
CCIS87605453ST-4-0.snv.bam	0.206491683521	0.183814573225	0.0257281327256	0.181648614241	0.191616150149	0.208439038473	0.192294689629	0.208791612756	0.211845922443	0.203040330363	0.201754176466	0.174232038018	0.208252914551	0.208215635893	0.207158395683	0.162838243154	0.205985393445	0.20821334214	0.208107827968	0.209575855517	0.0	0.230226223093	0.208312726428	0.206385478102	0.152351860962	0.19279054209	0.200486269229	0.136615707534	0.207900126723	0.192528772026	0.210396709253	0.208804710705	0.153785536946	0.166305181099	0.151947361124	0.058737276013	0.190402837717	0.0375020123304	0.136013400219	0.117323416937	0.115917810544	0.0610966906729	0.206025361027	0.16570194863	0.000118514783174	0.208219528127	0.20719406636	0.201678281601	0.207834260419	0.165658361972	0.000622224082492	0.207876160836	0.207724258317	0.209554944005	0.172890327286	0.161043127017	0.194045291951	0.000232455568798	0.190938182524	0.0365214358654	0.203242408173	0.000712747804706	0.000277182389357	0.000139942923518	0.000162008338344	0.208177902235	0.16276198672	0.165173683693	0.163207757905	6.1068499606e-05	0.203895069561	0.182375815068	0.157078755048	0.20825600458	0.000205984972494	0.209664892712	0.000330837783062	0.000146677828354	0.000113747251634	0.167940597624	0.204909039857	0.200759710142	0.165738014976	0.190921558787	0.184209464318	0.19924412969	0.17508012417	0.000533478052897	0.208553126908	0.00037843805039	0.20887045517	0.208574352634	0.208373948753	0.172247674526	0.159574452609	0.208744795487	0.205519226588	0.200090067452	0.20111334127	0.201084359883	0.205726121986	0.195556627329	0.16618913686	0.169708575606
CCIS90443472ST-4-0.snv.bam	0.222609164194	0.227740444124	0.231659703532	0.210697721353	0.218191365766	0.219806733034	0.217512217078	0.218702217125	0.0337351925768	0.231658545671	0.218962239304	0.241538038634	0.219601032053	0.219559832317	0.219935255652	0.233326155994	0.220477771232	0.222536787322	0.207654060228	0.221111018598	0.230226223093	0.0	0.219667135118	0.217657453397	0.197689073193	0.23201608555	0.213943974853	0.195397286822	0.034967964534	0.21070368937	0.223346251206	0.218382996397	0.23030220315	0.212348774656	0.202448067096	0.224159582689	0.19365	0.231976440491	0.213584792994	0.242498275987	0.23961553323	0.222857832182	0.220231269113	0.191743210863	0.227454557092	0.222594094803	0.219937446989	0.21925	0.219712271341	0.187030467446	0.225264080252	0.219127218269	0.206968842097	0.227382154382	0.24000947358	0.18652177439	0.197896149621	0.230351618544	0.226518535873	0.230458453151	0.21286171439	0.226137563726	0.230578102912	0.229823133681	0.230276774096	0.219518129722	0.236223095363	0.194833205521	0.198115459691	0.22760255418	0.0339854386024	0.03365	0.196947674419	0.21962582995	0.22940558104	0.221115332566	0.231163786778	0.230289813909	0.22816659795	0.179078797138	0.205033756109	0.208775488972	0.185444997155	0.21222257197	0.190729957442	0.208027899849	0.237515186405	0.230612507349	0.219675347014	0.23153145662	0.220446353611	0.219860566733	0.219669304665	0.238079759308	0.18269510582	0.21860259434	0.216961579856	0.221701251024	0.224159582689	0.224009789363	0.208474576271	0.219434671561	0.220203488372	0.222410558114
CCIS94603952ST-4-0.snv.bam	0.00185051772308	0.14665827763	0.200869614858	0.0333001173075	0.188799260872	0.000320493114473	0.190947009015	0.0014804849759	0.241375103769	0.230912555988	0.000215411946364	0.195169457682	0.000134369192553	9.70905345847e-05	0.000192384365936	0.202828062451	0.000179964020871	0.0194724250403	0.0188877931927	0.00160935871805	0.208312726428	0.219667135118	0.0	0.00041619483611	0.167770229131	0.178567101964	0.188001204261	0.173338578363	0.228525665236	0.188372845374	0.00195528114008	0.000593627795631	0.191104387951	0.170567906412	0.168838831152	0.209888658234	0.19923021895	0.201525384491	0.165696033144	0.212465486169	0.210969269825	0.207668470834	9.73591114438e-05	0.152776530802	0.20559544996	0.0194376001739	0.000169279916097	0.000102163479788	0.000235998112983	0.144635741827	0.209246819901	0.00027789852966	0.207768087517	0.00889176764482	0.193833901014	0.162647277142	0.18844363473	0.208545181997	0.196700225197	0.199709518369	0.00874440073186	0.203509552216	0.208520621713	0.207355197577	0.208414764751	0.000236995329662	0.197366268923	0.165230521728	0.178792448453	0.205692854039	0.231861694617	0.210309722778	0.178219341708	0.000178027172256	0.206328705111	0.0015463473533	0.20761063824	0.208393722811	0.205136914371	0.181220947937	0.205021336079	0.203784995642	0.175840161649	0.18829688333	0.195742117566	0.179320293192	0.19479054194	0.202577499056	0.000561963744943	0.206204754329	0.000668693138159	0.000558122290961	0.000964496344945	0.191870276494	0.153740982717	9.99867010993e-05	0.000652448422061	0.208472877257	0.208198869606	0.208102969835	5.81289223442e-05	0.202369110787	0.18475907761	0.185626009614
