	CCIS22906510ST-20-0.snv.bam	CCIS22958137ST-20-0.snv.bam	CCIS33816588ST-4-0.snv.bam	CCIS71301801ST-4-0.snv.bam	CCIS76845094ST-20-0.snv.bam	CCIS91228662ST-4-0.snv.bam	CCMD11006829ST-21-0.snv.bam	MH0211.snv.bam	MH0247.snv.bam	MH0342.snv.bam	MMRS77018926ST-27-0-0.snv.bam	NG-5636_317.snv.bam	O2.UC20-1.snv.bam	O2.UC38-1.snv.bam	O2.UC7-0.snv.bam	SAMEA3136724.snv.bam	V1.CD32-0.snv.bam	V1.CD6-4.snv.bam	V1.FI36.snv.bam	V1.UC39-4.snv.bam	V1.UC4-5.snv.bam	V1.UC54-0.snv.bam	V1.UC59-0.snv.bam	alien-11-7-0.snv.bam
CCIS22906510ST-20-0.snv.bam	0.0	0.148045437511	0.175054921411	0.185413503224	0.178712575974	0.0167989309583	0.0957171919405	0.132117575795	0.174991163442	0.114571835426	0.178717526637	0.195884848143	0.180269381257	0.143098119683	0.150930955969	0.160444914488	0.18665989965	0.119286106846	0.187378864021	0.188783978821	0.175933677186	0.181572360776	0.177162562984	0.148520178853
CCIS22958137ST-20-0.snv.bam	0.148045437511	0.0	0.189140121392	0.162181981937	0.175642410229	0.145788261393	0.116011492901	0.162331495045	0.165652589206	0.129730708909	0.116374383227	0.173116731348	0.187066882382	0.139354630741	0.154496309733	0.15268937822	0.188841916136	0.131354472584	0.195014137116	0.185204786536	0.193316015639	0.202858797588	0.183117420942	0.161268143621
CCIS33816588ST-4-0.snv.bam	0.175054921411	0.189140121392	0.0	0.128102214195	0.221078471081	0.185573478563	0.235561057234	0.199297882492	0.184324098987	0.191091216775	0.186864279097	0.145193348318	0.197817197548	0.20440545959	0.194880202663	0.231078890668	0.180636853431	0.179608079752	0.185904357709	0.209677117033	0.160517201008	0.152540505728	0.164280755114	0.171789992953
CCIS71301801ST-4-0.snv.bam	0.185413503224	0.162181981937	0.128102214195	0.0	0.219267603206	0.195818048423	0.177971689048	0.190926342738	0.162563249645	0.182000165795	0.2003377692	0.187262200165	0.186205305361	0.173008206215	0.184161151074	0.196095238095	0.162940171138	0.173176091825	0.200739483828	0.209922299136	0.180737876254	0.161913410564	0.173296776802	0.180984340045
CCIS76845094ST-20-0.snv.bam	0.178712575974	0.175642410229	0.221078471081	0.219267603206	0.0	0.168529270534	0.212194648018	0.0628797295468	0.173470230728	0.204181030991	0.143182077126	0.204586444266	0.200918264337	0.212603578245	0.116846388671	0.247276165316	0.22191339954	0.184108363404	0.179414578331	0.191389421497	0.204800944155	0.220298457087	0.209642190775	0.208667280519
CCIS91228662ST-4-0.snv.bam	0.0167989309583	0.145788261393	0.185573478563	0.195818048423	0.168529270534	0.0	0.0990477424674	0.121468545604	0.182144530433	0.115517686953	0.171043421046	0.202390120076	0.185855111073	0.14097745479	0.141377532223	0.166965517241	0.1936389343	0.117930310461	0.179028117289	0.189118927447	0.167769360512	0.179806461878	0.169143194019	0.156452981563
CCMD11006829ST-21-0.snv.bam	0.0957171919405	0.116011492901	0.235561057234	0.177971689048	0.212194648018	0.0990477424674	0.0	0.167834925728	0.16582075321	0.0927449584602	0.183382589208	0.211304279598	0.191614067794	0.114054794202	0.155305163275	0.141443368531	0.145027877328	0.110454957217	0.193378888796	0.21862142161	0.186615564494	0.217562364949	0.183140703055	0.164352390372
MH0211.snv.bam	0.132117575795	0.162331495045	0.199297882492	0.190926342738	0.0628797295468	0.121468545604	0.167834925728	0.0	0.141750503164	0.156753734357	0.135584326226	0.197342578479	0.160941707362	0.176251394558	0.0586777302579	0.210839809139	0.19465141375	0.141019712079	0.166165538576	0.180363315284	0.181827428685	0.195969405847	0.186708372434	0.164469574653
MH0247.snv.bam	0.174991163442	0.165652589206	0.184324098987	0.162563249645	0.173470230728	0.182144530433	0.16582075321	0.141750503164	0.0	0.153012980993	0.154806260394	0.195651559257	0.167988245731	0.192862035864	0.167680060201	0.223625693574	0.179335057066	0.155936586834	0.186546971873	0.180530172426	0.145678326992	0.208876692827	0.146986440723	0.184871193314
MH0342.snv.bam	0.114571835426	0.129730708909	0.191091216775	0.182000165795	0.204181030991	0.115517686953	0.0927449584602	0.156753734357	0.153012980993	0.0	0.180279340753	0.194964707866	0.197879146021	0.117931810506	0.137465215444	0.131979858831	0.153194619442	0.117715281583	0.177904771193	0.207766594873	0.179271797685	0.189406395759	0.177660397643	0.159862796034
MMRS77018926ST-27-0-0.snv.bam	0.178717526637	0.116374383227	0.186864279097	0.2003377692	0.143182077126	0.171043421046	0.183382589208	0.135584326226	0.154806260394	0.180279340753	0.0	0.182022225385	0.18810995032	0.196429634107	0.172071350625	0.22721006881	0.197367375804	0.157412721793	0.141451184404	0.15949530238	0.182379429304	0.20616966943	0.190339997565	0.178368515018
NG-5636_317.snv.bam	0.195884848143	0.173116731348	0.145193348318	0.187262200165	0.204586444266	0.202390120076	0.211304279598	0.197342578479	0.195651559257	0.194964707866	0.182022225385	0.0	0.20535086761	0.209829431854	0.198850613683	0.185287895625	0.198048221558	0.159819010927	0.189903846154	0.182178197038	0.16311284869	0.185683039668	0.173028516184	0.198593505817
O2.UC20-1.snv.bam	0.180269381257	0.187066882382	0.197817197548	0.186205305361	0.200918264337	0.185855111073	0.191614067794	0.160941707362	0.167988245731	0.197879146021	0.18810995032	0.20535086761	0.0	0.198871931612	0.156904207619	0.196643973037	0.20782503209	0.154968473624	0.180320151664	0.202106784442	0.17069747777	0.21097511163	0.172084495128	0.146904907203
O2.UC38-1.snv.bam	0.143098119683	0.139354630741	0.20440545959	0.173008206215	0.212603578245	0.14097745479	0.114054794202	0.176251394558	0.192862035864	0.117931810506	0.196429634107	0.209829431854	0.198871931612	0.0	0.16725476322	0.0993030640515	0.0760438292964	0.1369066723	0.191568359845	0.207528836697	0.210587631361	0.185558053326	0.208669472466	0.19803275724
O2.UC7-0.snv.bam	0.150930955969	0.154496309733	0.194880202663	0.184161151074	0.116846388671	0.141377532223	0.155305163275	0.0586777302579	0.167680060201	0.137465215444	0.172071350625	0.198850613683	0.156904207619	0.16725476322	0.0	0.199045834864	0.196083893998	0.148107298102	0.188505187097	0.210817478486	0.188041400721	0.192914237735	0.182395499345	0.184320770683
SAMEA3136724.snv.bam	0.160444914488	0.15268937822	0.231078890668	0.196095238095	0.247276165316	0.166965517241	0.141443368531	0.210839809139	0.223625693574	0.131979858831	0.22721006881	0.185287895625	0.196643973037	0.0993030640515	0.199045834864	0.0	0.127485153717	0.130162489557	0.214668389697	0.239901054982	0.198596091409	0.220869164619	0.194747180286	0.18691588785
V1.CD32-0.snv.bam	0.18665989965	0.188841916136	0.180636853431	0.162940171138	0.22191339954	0.1936389343	0.145027877328	0.19465141375	0.179335057066	0.153194619442	0.197367375804	0.198048221558	0.20782503209	0.0760438292964	0.196083893998	0.127485153717	0.0	0.172588566402	0.187292399866	0.212897320364	0.211191771686	0.187662940627	0.209130295449	0.182952205374
V1.CD6-4.snv.bam	0.119286106846	0.131354472584	0.179608079752	0.173176091825	0.184108363404	0.117930310461	0.110454957217	0.141019712079	0.155936586834	0.117715281583	0.157412721793	0.159819010927	0.154968473624	0.1369066723	0.148107298102	0.130162489557	0.172588566402	0.0	0.159865664664	0.179765711663	0.163971571906	0.216364695609	0.180040078614	0.179625868362
V1.FI36.snv.bam	0.187378864021	0.195014137116	0.185904357709	0.200739483828	0.179414578331	0.179028117289	0.193378888796	0.166165538576	0.186546971873	0.177904771193	0.141451184404	0.189903846154	0.180320151664	0.191568359845	0.188505187097	0.214668389697	0.187292399866	0.159865664664	0.0	0.17801001326	0.156383844441	0.208410367288	0.173183290623	0.190457392378
V1.UC39-4.snv.bam	0.188783978821	0.185204786536	0.209677117033	0.209922299136	0.191389421497	0.189118927447	0.21862142161	0.180363315284	0.180530172426	0.207766594873	0.15949530238	0.182178197038	0.202106784442	0.207528836697	0.210817478486	0.239901054982	0.212897320364	0.179765711663	0.17801001326	0.0	0.201715218416	0.19559612502	0.210807690549	0.20349243536
V1.UC4-5.snv.bam	0.175933677186	0.193316015639	0.160517201008	0.180737876254	0.204800944155	0.167769360512	0.186615564494	0.181827428685	0.145678326992	0.179271797685	0.182379429304	0.16311284869	0.17069747777	0.210587631361	0.188041400721	0.198596091409	0.211191771686	0.163971571906	0.156383844441	0.201715218416	0.0	0.196700512512	0.0291948314334	0.16942659743
V1.UC54-0.snv.bam	0.181572360776	0.202858797588	0.152540505728	0.161913410564	0.220298457087	0.179806461878	0.217562364949	0.195969405847	0.208876692827	0.189406395759	0.20616966943	0.185683039668	0.21097511163	0.185558053326	0.192914237735	0.220869164619	0.187662940627	0.216364695609	0.208410367288	0.19559612502	0.196700512512	0.0	0.19297781322	0.206967975207
V1.UC59-0.snv.bam	0.177162562984	0.183117420942	0.164280755114	0.173296776802	0.209642190775	0.169143194019	0.183140703055	0.186708372434	0.146986440723	0.177660397643	0.190339997565	0.173028516184	0.172084495128	0.208669472466	0.182395499345	0.194747180286	0.209130295449	0.180040078614	0.173183290623	0.210807690549	0.0291948314334	0.19297781322	0.0	0.161813334151
alien-11-7-0.snv.bam	0.148520178853	0.161268143621	0.171789992953	0.180984340045	0.208667280519	0.156452981563	0.164352390372	0.164469574653	0.184871193314	0.159862796034	0.178368515018	0.198593505817	0.146904907203	0.19803275724	0.184320770683	0.18691588785	0.182952205374	0.179625868362	0.190457392378	0.20349243536	0.16942659743	0.206967975207	0.161813334151	0.0
