	159227541-stool1.snv.bam	159227541-stool2.snv.bam	159227541-stool3.snv.bam	161412393-stool2.snv.bam	763435843-stool2.snv.bam	765701615-stool1.snv.bam	BGI002A.snv.bam	CCIS21278152ST-4-0.snv.bam	CCIS35100175ST-4-0.snv.bam	CCIS48579360ST-4-0.snv.bam	CCIS53043478ST-4-0.snv.bam	CCIS74726977ST-3-0.snv.bam	CCIS77252613ST-4-0.snv.bam	CCMD19497912ST-21-0.snv.bam	CCMD34381688ST-21-0.snv.bam	CCMD88272491ST-21-0.snv.bam	MH0191.snv.bam	MH0220.snv.bam	MH0224.snv.bam	MH0264.snv.bam	MH0284.snv.bam	MH0286.snv.bam	MH0321.snv.bam	MH0423.snv.bam	MH0427.snv.bam	MH0428.snv.bam	NLM002.snv.bam	O2.UC1-1.snv.bam	O2.UC12-1.snv.bam	O2.UC16-1.snv.bam	O2.UC43-1.snv.bam	O2.UC46-1.snv.bam	SZEY-101A.snv.bam	SZEY-20A.snv.bam	SZEY-97A.snv.bam	T2D-108A.snv.bam	T2D-126A.snv.bam	T2D-2A.snv.bam	T2D-49A.snv.bam	T2D-52A.snv.bam	V1.FI09.snv.bam	V1.UC53-0.snv.bam	V1.UC53-4.snv.bam	V1.UC54-0.snv.bam	V1.UC54-4.snv.bam	scavenger-11-0-0.snv.bam
159227541-stool1.snv.bam	0.0	0.0	0.0	0.11254851229	0.11254851229	0.137128072445	0.139715394567	0.102199223803	0.115135834411	0.103492884864	0.120310478655	0.130659767141	0.130659767141	0.121604139715	0.117723156533	0.116429495472	0.146183699871	0.109961190168	0.115135834411	0.131953428202	0.117723156533	0.120310478655	0.115135834411	0.155239327296	0.133247089263	0.152652005175	0.143596377749	0.124191461837	0.126778783959	0.146183699871	0.128072445019	0.120310478655	0.147477360931	0.124191461837	0.143596377749	0.131953428202	0.155239327296	0.137128072445	0.151358344114	0.135834411384	0.0996119016818	0.130659767141	0.134540750323	0.12936610608	0.131953428202	0.125485122898
159227541-stool2.snv.bam	0.0	0.0	0.0	0.119016817594	0.117723156533	0.141009055627	0.147477360931	0.106080206986	0.119016817594	0.106080206986	0.125485122898	0.137128072445	0.134540750323	0.124191461837	0.121604139715	0.121604139715	0.151358344114	0.113842173351	0.120310478655	0.137128072445	0.120310478655	0.122897800776	0.121604139715	0.1617076326	0.137128072445	0.156532988357	0.150064683053	0.12936610608	0.131953428202	0.148771021992	0.134540750323	0.124191461837	0.152652005175	0.130659767141	0.151358344114	0.138421733506	0.159120310479	0.143596377749	0.156532988357	0.143596377749	0.103492884864	0.138421733506	0.141009055627	0.133247089263	0.135834411384	0.130659767141
159227541-stool3.snv.bam	0.0	0.0	0.0	0.120310478655	0.119016817594	0.142302716688	0.148771021992	0.107373868047	0.120310478655	0.107373868047	0.126778783959	0.138421733506	0.135834411384	0.125485122898	0.122897800776	0.120310478655	0.152652005175	0.115135834411	0.121604139715	0.138421733506	0.120310478655	0.125485122898	0.122897800776	0.163001293661	0.138421733506	0.157826649418	0.151358344114	0.12936610608	0.133247089263	0.150064683053	0.135834411384	0.124191461837	0.153945666235	0.131953428202	0.152652005175	0.139715394567	0.160413971539	0.14489003881	0.157826649418	0.143596377749	0.104786545925	0.139715394567	0.142302716688	0.133247089263	0.135834411384	0.131953428202
161412393-stool2.snv.bam	0.11254851229	0.119016817594	0.120310478655	0.0	0.0866752910737	0.0957309184994	0.11254851229	0.0918499353169	0.0970245795602	0.0866752910737	0.0711513583441	0.0931435963777	0.0931435963777	0.0892626131953	0.116429495472	0.113842173351	0.106080206986	0.100905562743	0.0853816300129	0.0802069857697	0.115135834411	0.0879689521345	0.103492884864	0.12936610608	0.113842173351	0.117723156533	0.115135834411	0.103492884864	0.0672703751617	0.117723156533	0.103492884864	0.106080206986	0.111254851229	0.0918499353169	0.126778783959	0.109961190168	0.12936610608	0.103492884864	0.125485122898	0.0996119016818	0.0685640362225	0.108667529107	0.109961190168	0.119016817594	0.122897800776	0.109961190168
763435843-stool2.snv.bam	0.11254851229	0.117723156533	0.119016817594	0.0866752910737	0.0	0.111254851229	0.104786545925	0.0827943078913	0.0918499353169	0.0892626131953	0.0996119016818	0.100905562743	0.0931435963777	0.098318240621	0.106080206986	0.109961190168	0.133247089263	0.0996119016818	0.0996119016818	0.0931435963777	0.103492884864	0.0892626131953	0.0970245795602	0.115135834411	0.11254851229	0.117723156533	0.109961190168	0.0996119016818	0.111254851229	0.117723156533	0.0905562742561	0.106080206986	0.104786545925	0.0711513583441	0.116429495472	0.0763260025873	0.107373868047	0.0970245795602	0.0931435963777	0.0827943078913	0.0685640362225	0.0944372574386	0.0957309184994	0.116429495472	0.121604139715	0.0970245795602
765701615-stool1.snv.bam	0.137128072445	0.141009055627	0.142302716688	0.0957309184994	0.111254851229	0.0	0.126778783959	0.109961190168	0.116429495472	0.0996119016818	0.0892626131953	0.128072445019	0.11254851229	0.125485122898	0.134540750323	0.128072445019	0.156532988357	0.111254851229	0.103492884864	0.0957309184994	0.130659767141	0.100905562743	0.109961190168	0.135834411384	0.12936610608	0.139715394567	0.134540750323	0.131953428202	0.0931435963777	0.147477360931	0.117723156533	0.130659767141	0.150064683053	0.107373868047	0.134540750323	0.12936610608	0.148771021992	0.122897800776	0.12936610608	0.126778783959	0.0905562742561	0.121604139715	0.124191461837	0.139715394567	0.14489003881	0.113842173351
BGI002A.snv.bam	0.139715394567	0.147477360931	0.148771021992	0.11254851229	0.104786545925	0.126778783959	0.0	0.109961190168	0.121604139715	0.109961190168	0.121604139715	0.121604139715	0.122897800776	0.126778783959	0.133247089263	0.131953428202	0.138421733506	0.11254851229	0.120310478655	0.106080206986	0.131953428202	0.11254851229	0.117723156533	0.120310478655	0.133247089263	0.141009055627	0.102199223803	0.121604139715	0.117723156533	0.14489003881	0.109961190168	0.135834411384	0.120310478655	0.0944372574386	0.107373868047	0.0918499353169	0.109961190168	0.111254851229	0.103492884864	0.0866752910737	0.0892626131953	0.11254851229	0.11254851229	0.143596377749	0.147477360931	0.125485122898
CCIS21278152ST-4-0.snv.bam	0.102199223803	0.106080206986	0.107373868047	0.0918499353169	0.0827943078913	0.109961190168	0.109961190168	0.0	0.0582147477361	0.0905562742561	0.098318240621	0.103492884864	0.100905562743	0.0478654592497	0.0608020698577	0.0646830530401	0.121604139715	0.0349288486417	0.098318240621	0.0957309184994	0.0595084087969	0.0737386804657	0.100905562743	0.122897800776	0.0711513583441	0.124191461837	0.113842173351	0.0582147477361	0.100905562743	0.119016817594	0.0996119016818	0.0698576972833	0.117723156533	0.0970245795602	0.124191461837	0.098318240621	0.121604139715	0.11254851229	0.121604139715	0.111254851229	0.0750323415265	0.102199223803	0.104786545925	0.0776196636481	0.0789133247089	0.0569210866753
CCIS35100175ST-4-0.snv.bam	0.115135834411	0.119016817594	0.120310478655	0.0970245795602	0.0918499353169	0.116429495472	0.121604139715	0.0582147477361	0.0	0.0853816300129	0.109961190168	0.113842173351	0.103492884864	0.0633893919793	0.0763260025873	0.0685640362225	0.128072445019	0.0569210866753	0.100905562743	0.0944372574386	0.0685640362225	0.0789133247089	0.103492884864	0.141009055627	0.0711513583441	0.134540750323	0.126778783959	0.0685640362225	0.102199223803	0.126778783959	0.0996119016818	0.0465717981889	0.130659767141	0.102199223803	0.12936610608	0.102199223803	0.126778783959	0.117723156533	0.121604139715	0.11254851229	0.0802069857697	0.102199223803	0.104786545925	0.0569210866753	0.0582147477361	0.0724450194049
CCIS48579360ST-4-0.snv.bam	0.103492884864	0.106080206986	0.107373868047	0.0866752910737	0.0892626131953	0.0996119016818	0.109961190168	0.0905562742561	0.0853816300129	0.0	0.103492884864	0.108667529107	0.0905562742561	0.0931435963777	0.104786545925	0.104786545925	0.124191461837	0.0957309184994	0.0853816300129	0.0892626131953	0.098318240621	0.0957309184994	0.0944372574386	0.126778783959	0.11254851229	0.108667529107	0.108667529107	0.103492884864	0.0892626131953	0.106080206986	0.106080206986	0.0970245795602	0.131953428202	0.103492884864	0.121604139715	0.103492884864	0.130659767141	0.116429495472	0.121604139715	0.103492884864	0.0789133247089	0.109961190168	0.11254851229	0.108667529107	0.111254851229	0.108667529107
CCIS53043478ST-4-0.snv.bam	0.120310478655	0.125485122898	0.126778783959	0.0711513583441	0.0996119016818	0.0892626131953	0.121604139715	0.098318240621	0.109961190168	0.103492884864	0.0	0.119016817594	0.109961190168	0.11254851229	0.122897800776	0.117723156533	0.137128072445	0.106080206986	0.0931435963777	0.0866752910737	0.128072445019	0.0996119016818	0.106080206986	0.141009055627	0.121604139715	0.124191461837	0.124191461837	0.116429495472	0.0996119016818	0.138421733506	0.106080206986	0.125485122898	0.126778783959	0.102199223803	0.128072445019	0.115135834411	0.142302716688	0.116429495472	0.131953428202	0.125485122898	0.0827943078913	0.11254851229	0.11254851229	0.137128072445	0.143596377749	0.116429495472
CCIS74726977ST-3-0.snv.bam	0.130659767141	0.137128072445	0.138421733506	0.0931435963777	0.100905562743	0.128072445019	0.121604139715	0.103492884864	0.113842173351	0.108667529107	0.119016817594	0.0	0.103492884864	0.104786545925	0.133247089263	0.12936610608	0.134540750323	0.109961190168	0.111254851229	0.0970245795602	0.126778783959	0.0853816300129	0.103492884864	0.135834411384	0.133247089263	0.137128072445	0.125485122898	0.124191461837	0.117723156533	0.131953428202	0.109961190168	0.126778783959	0.12936610608	0.102199223803	0.128072445019	0.113842173351	0.134540750323	0.117723156533	0.138421733506	0.108667529107	0.0737386804657	0.113842173351	0.113842173351	0.138421733506	0.143596377749	0.119016817594
CCIS77252613ST-4-0.snv.bam	0.130659767141	0.134540750323	0.135834411384	0.0931435963777	0.0931435963777	0.11254851229	0.122897800776	0.100905562743	0.103492884864	0.0905562742561	0.109961190168	0.103492884864	0.0	0.0931435963777	0.117723156533	0.115135834411	0.125485122898	0.111254851229	0.102199223803	0.0996119016818	0.121604139715	0.104786545925	0.11254851229	0.148771021992	0.116429495472	0.14489003881	0.130659767141	0.107373868047	0.116429495472	0.134540750323	0.11254851229	0.125485122898	0.146183699871	0.113842173351	0.134540750323	0.113842173351	0.147477360931	0.121604139715	0.126778783959	0.117723156533	0.0802069857697	0.117723156533	0.117723156533	0.137128072445	0.141009055627	0.113842173351
CCMD19497912ST-21-0.snv.bam	0.121604139715	0.124191461837	0.125485122898	0.0892626131953	0.098318240621	0.125485122898	0.126778783959	0.0478654592497	0.0633893919793	0.0931435963777	0.11254851229	0.104786545925	0.0931435963777	0.0	0.0737386804657	0.0595084087969	0.130659767141	0.0465717981889	0.107373868047	0.103492884864	0.0672703751617	0.0944372574386	0.11254851229	0.139715394567	0.0724450194049	0.143596377749	0.126778783959	0.0685640362225	0.100905562743	0.12936610608	0.109961190168	0.0776196636481	0.131953428202	0.109961190168	0.125485122898	0.109961190168	0.12936610608	0.119016817594	0.133247089263	0.119016817594	0.0815006468305	0.116429495472	0.115135834411	0.0879689521345	0.0905562742561	0.0672703751617
CCMD34381688ST-21-0.snv.bam	0.117723156533	0.121604139715	0.122897800776	0.116429495472	0.106080206986	0.134540750323	0.133247089263	0.0608020698577	0.0763260025873	0.104786545925	0.122897800776	0.133247089263	0.117723156533	0.0737386804657	0.0	0.0827943078913	0.148771021992	0.0543337645537	0.111254851229	0.122897800776	0.0750323415265	0.103492884864	0.117723156533	0.147477360931	0.0866752910737	0.152652005175	0.137128072445	0.0750323415265	0.130659767141	0.143596377749	0.113842173351	0.0892626131953	0.142302716688	0.119016817594	0.143596377749	0.117723156533	0.150064683053	0.122897800776	0.141009055627	0.130659767141	0.0931435963777	0.115135834411	0.117723156533	0.098318240621	0.0996119016818	0.0737386804657
CCMD88272491ST-21-0.snv.bam	0.116429495472	0.121604139715	0.120310478655	0.113842173351	0.109961190168	0.128072445019	0.131953428202	0.0646830530401	0.0685640362225	0.104786545925	0.117723156533	0.12936610608	0.115135834411	0.0595084087969	0.0827943078913	0.0	0.148771021992	0.0569210866753	0.107373868047	0.115135834411	0.0737386804657	0.0944372574386	0.120310478655	0.148771021992	0.0711513583441	0.14489003881	0.137128072445	0.0827943078913	0.121604139715	0.142302716688	0.119016817594	0.0815006468305	0.150064683053	0.119016817594	0.141009055627	0.120310478655	0.14489003881	0.12936610608	0.142302716688	0.130659767141	0.0957309184994	0.124191461837	0.124191461837	0.0892626131953	0.0905562742561	0.0815006468305
MH0191.snv.bam	0.146183699871	0.151358344114	0.152652005175	0.106080206986	0.133247089263	0.156532988357	0.138421733506	0.121604139715	0.128072445019	0.124191461837	0.137128072445	0.134540750323	0.125485122898	0.130659767141	0.148771021992	0.148771021992	0.0	0.135834411384	0.12936610608	0.098318240621	0.141009055627	0.124191461837	0.142302716688	0.175937904269	0.152652005175	0.146183699871	0.14489003881	0.142302716688	0.126778783959	0.151358344114	0.14489003881	0.141009055627	0.155239327296	0.141009055627	0.153945666235	0.133247089263	0.1617076326	0.152652005175	0.163001293661	0.135834411384	0.0944372574386	0.146183699871	0.147477360931	0.157826649418	0.1617076326	0.150064683053
MH0220.snv.bam	0.109961190168	0.113842173351	0.115135834411	0.100905562743	0.0996119016818	0.111254851229	0.11254851229	0.0349288486417	0.0569210866753	0.0957309184994	0.106080206986	0.109961190168	0.111254851229	0.0465717981889	0.0543337645537	0.0569210866753	0.135834411384	0.0	0.103492884864	0.098318240621	0.0556274256145	0.0802069857697	0.100905562743	0.134540750323	0.0646830530401	0.135834411384	0.117723156533	0.0595084087969	0.103492884864	0.131953428202	0.104786545925	0.0556274256145	0.122897800776	0.103492884864	0.125485122898	0.106080206986	0.126778783959	0.117723156533	0.122897800776	0.116429495472	0.0776196636481	0.106080206986	0.107373868047	0.0633893919793	0.0659767141009	0.0595084087969
MH0224.snv.bam	0.115135834411	0.120310478655	0.121604139715	0.0853816300129	0.0996119016818	0.103492884864	0.120310478655	0.098318240621	0.100905562743	0.0853816300129	0.0931435963777	0.111254851229	0.102199223803	0.107373868047	0.111254851229	0.107373868047	0.12936610608	0.103492884864	0.0	0.0905562742561	0.120310478655	0.100905562743	0.109961190168	0.141009055627	0.107373868047	0.130659767141	0.12936610608	0.116429495472	0.0944372574386	0.125485122898	0.109961190168	0.106080206986	0.141009055627	0.111254851229	0.131953428202	0.119016817594	0.147477360931	0.116429495472	0.134540750323	0.109961190168	0.0905562742561	0.113842173351	0.115135834411	0.119016817594	0.122897800776	0.104786545925
MH0264.snv.bam	0.131953428202	0.137128072445	0.138421733506	0.0802069857697	0.0931435963777	0.0957309184994	0.106080206986	0.0957309184994	0.0944372574386	0.0892626131953	0.0866752910737	0.0970245795602	0.0996119016818	0.103492884864	0.122897800776	0.115135834411	0.098318240621	0.098318240621	0.0905562742561	0.0	0.11254851229	0.0866752910737	0.098318240621	0.135834411384	0.104786545925	0.116429495472	0.115135834411	0.117723156533	0.0970245795602	0.117723156533	0.100905562743	0.11254851229	0.117723156533	0.0931435963777	0.119016817594	0.104786545925	0.126778783959	0.119016817594	0.120310478655	0.103492884864	0.0659767141009	0.103492884864	0.106080206986	0.126778783959	0.131953428202	0.11254851229
MH0284.snv.bam	0.117723156533	0.120310478655	0.120310478655	0.115135834411	0.103492884864	0.130659767141	0.131953428202	0.0595084087969	0.0685640362225	0.098318240621	0.128072445019	0.126778783959	0.121604139715	0.0672703751617	0.0750323415265	0.0737386804657	0.141009055627	0.0556274256145	0.120310478655	0.11254851229	0.0	0.0970245795602	0.113842173351	0.151358344114	0.0737386804657	0.142302716688	0.134540750323	0.0659767141009	0.119016817594	0.142302716688	0.121604139715	0.0724450194049	0.143596377749	0.117723156533	0.143596377749	0.116429495472	0.148771021992	0.134540750323	0.139715394567	0.137128072445	0.0892626131953	0.124191461837	0.126778783959	0.0789133247089	0.0789133247089	0.0827943078913
MH0286.snv.bam	0.120310478655	0.122897800776	0.125485122898	0.0879689521345	0.0892626131953	0.100905562743	0.11254851229	0.0737386804657	0.0789133247089	0.0957309184994	0.0996119016818	0.0853816300129	0.104786545925	0.0944372574386	0.103492884864	0.0944372574386	0.124191461837	0.0802069857697	0.100905562743	0.0866752910737	0.0970245795602	0.0	0.0879689521345	0.126778783959	0.104786545925	0.119016817594	0.119016817594	0.102199223803	0.107373868047	0.121604139715	0.098318240621	0.104786545925	0.116429495472	0.0996119016818	0.113842173351	0.0957309184994	0.126778783959	0.116429495472	0.119016817594	0.098318240621	0.0659767141009	0.100905562743	0.100905562743	0.115135834411	0.119016817594	0.098318240621
MH0321.snv.bam	0.115135834411	0.121604139715	0.122897800776	0.103492884864	0.0970245795602	0.109961190168	0.117723156533	0.100905562743	0.103492884864	0.0944372574386	0.106080206986	0.103492884864	0.11254851229	0.11254851229	0.117723156533	0.120310478655	0.142302716688	0.100905562743	0.109961190168	0.098318240621	0.113842173351	0.0879689521345	0.0	0.12936610608	0.116429495472	0.137128072445	0.119016817594	0.113842173351	0.108667529107	0.141009055627	0.111254851229	0.120310478655	0.12936610608	0.0996119016818	0.126778783959	0.108667529107	0.131953428202	0.11254851229	0.133247089263	0.111254851229	0.0711513583441	0.115135834411	0.116429495472	0.128072445019	0.133247089263	0.106080206986
MH0423.snv.bam	0.155239327296	0.1617076326	0.163001293661	0.12936610608	0.115135834411	0.135834411384	0.120310478655	0.122897800776	0.141009055627	0.126778783959	0.141009055627	0.135834411384	0.148771021992	0.139715394567	0.147477360931	0.148771021992	0.175937904269	0.134540750323	0.141009055627	0.135834411384	0.151358344114	0.126778783959	0.12936610608	0.0	0.155239327296	0.142302716688	0.14489003881	0.14489003881	0.135834411384	0.160413971539	0.119016817594	0.156532988357	0.134540750323	0.119016817594	0.142302716688	0.128072445019	0.147477360931	0.141009055627	0.153945666235	0.124191461837	0.108667529107	0.121604139715	0.124191461837	0.169469598965	0.173350582147	0.141009055627
MH0427.snv.bam	0.133247089263	0.137128072445	0.138421733506	0.113842173351	0.11254851229	0.12936610608	0.133247089263	0.0711513583441	0.0711513583441	0.11254851229	0.121604139715	0.133247089263	0.116429495472	0.0724450194049	0.0866752910737	0.0711513583441	0.152652005175	0.0646830530401	0.107373868047	0.104786545925	0.0737386804657	0.104786545925	0.116429495472	0.155239327296	0.0	0.152652005175	0.138421733506	0.0789133247089	0.124191461837	0.147477360931	0.119016817594	0.0776196636481	0.148771021992	0.109961190168	0.141009055627	0.122897800776	0.14489003881	0.130659767141	0.137128072445	0.12936610608	0.0892626131953	0.125485122898	0.125485122898	0.0866752910737	0.0866752910737	0.0750323415265
MH0428.snv.bam	0.152652005175	0.156532988357	0.157826649418	0.117723156533	0.117723156533	0.139715394567	0.141009055627	0.124191461837	0.134540750323	0.108667529107	0.124191461837	0.137128072445	0.14489003881	0.143596377749	0.152652005175	0.14489003881	0.146183699871	0.135834411384	0.130659767141	0.116429495472	0.142302716688	0.119016817594	0.137128072445	0.142302716688	0.152652005175	0.0	0.138421733506	0.142302716688	0.133247089263	0.143596377749	0.137128072445	0.146183699871	0.152652005175	0.130659767141	0.1617076326	0.130659767141	0.1617076326	0.14489003881	0.152652005175	0.14489003881	0.102199223803	0.137128072445	0.141009055627	0.153945666235	0.159120310479	0.138421733506
NLM002.snv.bam	0.143596377749	0.150064683053	0.151358344114	0.115135834411	0.109961190168	0.134540750323	0.102199223803	0.113842173351	0.126778783959	0.108667529107	0.124191461837	0.125485122898	0.130659767141	0.126778783959	0.137128072445	0.137128072445	0.14489003881	0.117723156533	0.12936610608	0.115135834411	0.134540750323	0.119016817594	0.119016817594	0.14489003881	0.138421733506	0.138421733506	0.0	0.125485122898	0.120310478655	0.152652005175	0.109961190168	0.133247089263	0.138421733506	0.0905562742561	0.131953428202	0.11254851229	0.131953428202	0.116429495472	0.137128072445	0.108667529107	0.0853816300129	0.111254851229	0.113842173351	0.146183699871	0.151358344114	0.128072445019
O2.UC1-1.snv.bam	0.124191461837	0.12936610608	0.12936610608	0.103492884864	0.0996119016818	0.131953428202	0.121604139715	0.0582147477361	0.0685640362225	0.103492884864	0.116429495472	0.124191461837	0.107373868047	0.0685640362225	0.0750323415265	0.0827943078913	0.142302716688	0.0595084087969	0.116429495472	0.117723156533	0.0659767141009	0.102199223803	0.113842173351	0.14489003881	0.0789133247089	0.142302716688	0.125485122898	0.0	0.113842173351	0.146183699871	0.11254851229	0.0698576972833	0.135834411384	0.107373868047	0.130659767141	0.109961190168	0.134540750323	0.125485122898	0.138421733506	0.126778783959	0.0905562742561	0.111254851229	0.115135834411	0.0789133247089	0.0802069857697	0.0737386804657
O2.UC12-1.snv.bam	0.126778783959	0.131953428202	0.133247089263	0.0672703751617	0.111254851229	0.0931435963777	0.117723156533	0.100905562743	0.102199223803	0.0892626131953	0.0996119016818	0.117723156533	0.116429495472	0.100905562743	0.130659767141	0.121604139715	0.126778783959	0.103492884864	0.0944372574386	0.0970245795602	0.119016817594	0.107373868047	0.108667529107	0.135834411384	0.124191461837	0.133247089263	0.120310478655	0.113842173351	0.0	0.128072445019	0.106080206986	0.113842173351	0.138421733506	0.107373868047	0.135834411384	0.113842173351	0.134540750323	0.12936610608	0.133247089263	0.121604139715	0.0866752910737	0.111254851229	0.11254851229	0.126778783959	0.130659767141	0.120310478655
O2.UC16-1.snv.bam	0.146183699871	0.148771021992	0.150064683053	0.117723156533	0.117723156533	0.147477360931	0.14489003881	0.119016817594	0.126778783959	0.106080206986	0.138421733506	0.131953428202	0.134540750323	0.12936610608	0.143596377749	0.142302716688	0.151358344114	0.131953428202	0.125485122898	0.117723156533	0.142302716688	0.121604139715	0.141009055627	0.160413971539	0.147477360931	0.143596377749	0.152652005175	0.146183699871	0.128072445019	0.0	0.135834411384	0.138421733506	0.151358344114	0.139715394567	0.165588615783	0.12936610608	0.1617076326	0.146183699871	0.157826649418	0.143596377749	0.0905562742561	0.135834411384	0.138421733506	0.152652005175	0.155239327296	0.143596377749
O2.UC43-1.snv.bam	0.128072445019	0.134540750323	0.135834411384	0.103492884864	0.0905562742561	0.117723156533	0.109961190168	0.0996119016818	0.0996119016818	0.106080206986	0.106080206986	0.109961190168	0.11254851229	0.109961190168	0.113842173351	0.119016817594	0.14489003881	0.104786545925	0.109961190168	0.100905562743	0.121604139715	0.098318240621	0.111254851229	0.119016817594	0.119016817594	0.137128072445	0.109961190168	0.11254851229	0.106080206986	0.135834411384	0.0	0.121604139715	0.109961190168	0.0750323415265	0.11254851229	0.0918499353169	0.113842173351	0.102199223803	0.109961190168	0.102199223803	0.0763260025873	0.0	0.0	0.133247089263	0.138421733506	0.111254851229
O2.UC46-1.snv.bam	0.120310478655	0.124191461837	0.124191461837	0.106080206986	0.106080206986	0.130659767141	0.135834411384	0.0698576972833	0.0465717981889	0.0970245795602	0.125485122898	0.126778783959	0.125485122898	0.0776196636481	0.0892626131953	0.0815006468305	0.141009055627	0.0556274256145	0.106080206986	0.11254851229	0.0724450194049	0.104786545925	0.120310478655	0.156532988357	0.0776196636481	0.146183699871	0.133247089263	0.0698576972833	0.113842173351	0.138421733506	0.121604139715	0.0	0.146183699871	0.115135834411	0.14489003881	0.120310478655	0.143596377749	0.135834411384	0.138421733506	0.130659767141	0.0996119016818	0.125485122898	0.126778783959	0.0	0.0	0.0815006468305
SZEY-101A.snv.bam	0.147477360931	0.152652005175	0.153945666235	0.111254851229	0.104786545925	0.150064683053	0.120310478655	0.117723156533	0.130659767141	0.131953428202	0.126778783959	0.12936610608	0.146183699871	0.131953428202	0.142302716688	0.150064683053	0.155239327296	0.122897800776	0.141009055627	0.117723156533	0.143596377749	0.116429495472	0.12936610608	0.134540750323	0.148771021992	0.152652005175	0.138421733506	0.135834411384	0.138421733506	0.151358344114	0.109961190168	0.146183699871	0.0	0.106080206986	0.141009055627	0.109961190168	0.137128072445	0.138421733506	0.141009055627	0.115135834411	0.0931435963777	0.11254851229	0.113842173351	0.1617076326	0.166882276843	0.138421733506
SZEY-20A.snv.bam	0.124191461837	0.130659767141	0.131953428202	0.0918499353169	0.0711513583441	0.107373868047	0.0944372574386	0.0970245795602	0.102199223803	0.103492884864	0.102199223803	0.102199223803	0.113842173351	0.109961190168	0.119016817594	0.119016817594	0.141009055627	0.103492884864	0.111254851229	0.0931435963777	0.117723156533	0.0996119016818	0.0996119016818	0.119016817594	0.109961190168	0.130659767141	0.0905562742561	0.107373868047	0.107373868047	0.139715394567	0.0750323415265	0.115135834411	0.106080206986	0.0	0.103492884864	0.0892626131953	0.0840879689521	0.0918499353169	0.100905562743	0.0905562742561	0.0659767141009	0.0776196636481	0.0815006468305	0.12936610608	0.134540750323	0.106080206986
SZEY-97A.snv.bam	0.143596377749	0.151358344114	0.152652005175	0.126778783959	0.116429495472	0.134540750323	0.107373868047	0.124191461837	0.12936610608	0.121604139715	0.128072445019	0.128072445019	0.134540750323	0.125485122898	0.143596377749	0.141009055627	0.153945666235	0.125485122898	0.131953428202	0.119016817594	0.143596377749	0.113842173351	0.126778783959	0.142302716688	0.141009055627	0.1617076326	0.131953428202	0.130659767141	0.135834411384	0.165588615783	0.11254851229	0.14489003881	0.141009055627	0.103492884864	0.0	0.106080206986	0.134540750323	0.138421733506	0.135834411384	0.115135834411	0.0957309184994	0.115135834411	0.117723156533	0.156532988357	0.1617076326	0.131953428202
T2D-108A.snv.bam	0.131953428202	0.138421733506	0.139715394567	0.109961190168	0.0763260025873	0.12936610608	0.0918499353169	0.098318240621	0.102199223803	0.103492884864	0.115135834411	0.113842173351	0.113842173351	0.109961190168	0.117723156533	0.120310478655	0.133247089263	0.106080206986	0.119016817594	0.104786545925	0.116429495472	0.0957309184994	0.108667529107	0.128072445019	0.122897800776	0.130659767141	0.11254851229	0.109961190168	0.113842173351	0.12936610608	0.0918499353169	0.120310478655	0.109961190168	0.0892626131953	0.106080206986	0.0	0.108667529107	0.0944372574386	0.109961190168	0.0944372574386	0.0815006468305	0.0931435963777	0.0957309184994	0.134540750323	0.138421733506	0.115135834411
T2D-126A.snv.bam	0.155239327296	0.159120310479	0.160413971539	0.12936610608	0.107373868047	0.148771021992	0.109961190168	0.121604139715	0.126778783959	0.130659767141	0.142302716688	0.134540750323	0.147477360931	0.12936610608	0.150064683053	0.14489003881	0.1617076326	0.126778783959	0.147477360931	0.126778783959	0.148771021992	0.126778783959	0.131953428202	0.147477360931	0.14489003881	0.1617076326	0.131953428202	0.134540750323	0.134540750323	0.1617076326	0.113842173351	0.143596377749	0.137128072445	0.0840879689521	0.134540750323	0.108667529107	0.0	0.131953428202	0.139715394567	0.108667529107	0.100905562743	0.116429495472	0.117723156533	0.155239327296	0.1617076326	0.146183699871
T2D-2A.snv.bam	0.137128072445	0.143596377749	0.14489003881	0.103492884864	0.0970245795602	0.122897800776	0.111254851229	0.11254851229	0.117723156533	0.116429495472	0.116429495472	0.117723156533	0.121604139715	0.119016817594	0.122897800776	0.12936610608	0.152652005175	0.117723156533	0.116429495472	0.119016817594	0.134540750323	0.116429495472	0.11254851229	0.141009055627	0.130659767141	0.14489003881	0.116429495472	0.125485122898	0.12936610608	0.146183699871	0.102199223803	0.135834411384	0.138421733506	0.0918499353169	0.138421733506	0.0944372574386	0.131953428202	0.0	0.113842173351	0.098318240621	0.0840879689521	0.104786545925	0.106080206986	0.148771021992	0.153945666235	0.119016817594
T2D-49A.snv.bam	0.151358344114	0.156532988357	0.157826649418	0.125485122898	0.0931435963777	0.12936610608	0.103492884864	0.121604139715	0.121604139715	0.121604139715	0.131953428202	0.138421733506	0.126778783959	0.133247089263	0.141009055627	0.142302716688	0.163001293661	0.122897800776	0.134540750323	0.120310478655	0.139715394567	0.119016817594	0.133247089263	0.153945666235	0.137128072445	0.152652005175	0.137128072445	0.138421733506	0.133247089263	0.157826649418	0.109961190168	0.138421733506	0.141009055627	0.100905562743	0.135834411384	0.109961190168	0.139715394567	0.113842173351	0.0	0.111254851229	0.0905562742561	0.113842173351	0.113842173351	0.153945666235	0.159120310479	0.137128072445
T2D-52A.snv.bam	0.135834411384	0.143596377749	0.143596377749	0.0996119016818	0.0827943078913	0.126778783959	0.0866752910737	0.111254851229	0.11254851229	0.103492884864	0.125485122898	0.108667529107	0.117723156533	0.119016817594	0.130659767141	0.130659767141	0.135834411384	0.116429495472	0.109961190168	0.103492884864	0.137128072445	0.098318240621	0.111254851229	0.124191461837	0.12936610608	0.14489003881	0.108667529107	0.126778783959	0.121604139715	0.143596377749	0.102199223803	0.130659767141	0.115135834411	0.0905562742561	0.115135834411	0.0944372574386	0.108667529107	0.098318240621	0.111254851229	0.0	0.0802069857697	0.106080206986	0.104786545925	0.142302716688	0.146183699871	0.121604139715
V1.FI09.snv.bam	0.0996119016818	0.103492884864	0.104786545925	0.0685640362225	0.0685640362225	0.0905562742561	0.0892626131953	0.0750323415265	0.0802069857697	0.0789133247089	0.0827943078913	0.0737386804657	0.0802069857697	0.0815006468305	0.0931435963777	0.0957309184994	0.0944372574386	0.0776196636481	0.0905562742561	0.0659767141009	0.0892626131953	0.0659767141009	0.0711513583441	0.108667529107	0.0892626131953	0.102199223803	0.0853816300129	0.0905562742561	0.0866752910737	0.0905562742561	0.0763260025873	0.0996119016818	0.0931435963777	0.0659767141009	0.0957309184994	0.0815006468305	0.100905562743	0.0840879689521	0.0905562742561	0.0802069857697	0.0	0.0763260025873	0.0789133247089	0.108667529107	0.11254851229	0.0827943078913
V1.UC53-0.snv.bam	0.130659767141	0.138421733506	0.139715394567	0.108667529107	0.0944372574386	0.121604139715	0.11254851229	0.102199223803	0.102199223803	0.109961190168	0.11254851229	0.113842173351	0.117723156533	0.116429495472	0.115135834411	0.124191461837	0.146183699871	0.106080206986	0.113842173351	0.103492884864	0.124191461837	0.100905562743	0.115135834411	0.121604139715	0.125485122898	0.137128072445	0.111254851229	0.111254851229	0.111254851229	0.135834411384	0.0	0.125485122898	0.11254851229	0.0776196636481	0.115135834411	0.0931435963777	0.116429495472	0.104786545925	0.113842173351	0.106080206986	0.0763260025873	0.0	0.0	0.137128072445	0.142302716688	0.113842173351
V1.UC53-4.snv.bam	0.134540750323	0.141009055627	0.142302716688	0.109961190168	0.0957309184994	0.124191461837	0.11254851229	0.104786545925	0.104786545925	0.11254851229	0.11254851229	0.113842173351	0.117723156533	0.115135834411	0.117723156533	0.124191461837	0.147477360931	0.107373868047	0.115135834411	0.106080206986	0.126778783959	0.100905562743	0.116429495472	0.124191461837	0.125485122898	0.141009055627	0.113842173351	0.115135834411	0.11254851229	0.138421733506	0.0	0.126778783959	0.113842173351	0.0815006468305	0.117723156533	0.0957309184994	0.117723156533	0.106080206986	0.113842173351	0.104786545925	0.0789133247089	0.0	0.0	0.138421733506	0.143596377749	0.116429495472
V1.UC54-0.snv.bam	0.12936610608	0.133247089263	0.133247089263	0.119016817594	0.116429495472	0.139715394567	0.143596377749	0.0776196636481	0.0569210866753	0.108667529107	0.137128072445	0.138421733506	0.137128072445	0.0879689521345	0.098318240621	0.0892626131953	0.157826649418	0.0633893919793	0.119016817594	0.126778783959	0.0789133247089	0.115135834411	0.128072445019	0.169469598965	0.0866752910737	0.153945666235	0.146183699871	0.0789133247089	0.126778783959	0.152652005175	0.133247089263	0.0	0.1617076326	0.12936610608	0.156532988357	0.134540750323	0.155239327296	0.148771021992	0.153945666235	0.142302716688	0.108667529107	0.137128072445	0.138421733506	0.0	0.0	0.0866752910737
V1.UC54-4.snv.bam	0.131953428202	0.135834411384	0.135834411384	0.122897800776	0.121604139715	0.14489003881	0.147477360931	0.0789133247089	0.0582147477361	0.111254851229	0.143596377749	0.143596377749	0.141009055627	0.0905562742561	0.0996119016818	0.0905562742561	0.1617076326	0.0659767141009	0.122897800776	0.131953428202	0.0789133247089	0.119016817594	0.133247089263	0.173350582147	0.0866752910737	0.159120310479	0.151358344114	0.0802069857697	0.130659767141	0.155239327296	0.138421733506	0.0	0.166882276843	0.134540750323	0.1617076326	0.138421733506	0.1617076326	0.153945666235	0.159120310479	0.146183699871	0.11254851229	0.142302716688	0.143596377749	0.0	0.0	0.0892626131953
scavenger-11-0-0.snv.bam	0.125485122898	0.130659767141	0.131953428202	0.109961190168	0.0970245795602	0.113842173351	0.125485122898	0.0569210866753	0.0724450194049	0.108667529107	0.116429495472	0.119016817594	0.113842173351	0.0672703751617	0.0737386804657	0.0815006468305	0.150064683053	0.0595084087969	0.104786545925	0.11254851229	0.0827943078913	0.098318240621	0.106080206986	0.141009055627	0.0750323415265	0.138421733506	0.128072445019	0.0737386804657	0.120310478655	0.143596377749	0.111254851229	0.0815006468305	0.138421733506	0.106080206986	0.131953428202	0.115135834411	0.146183699871	0.119016817594	0.137128072445	0.121604139715	0.0827943078913	0.113842173351	0.116429495472	0.0866752910737	0.0892626131953	0.0
