	159288231-stool1.snv.bam	763435843-stool2.snv.bam	763496533-stool1.snv.bam	763536994-stool2.snv.bam	764083206-stool1.snv.bam	764224817-stool1.snv.bam	764224817-stool2.snv.bam	765519544-stool3.snv.bam	861967750-stool1.snv.bam	BYQ_AAAA.snv.bam	BYQ_AAAL.snv.bam	BYQ_AAAU.snv.bam	CCIS05314658ST-4-0.snv.bam	CCIS11019776ST-4-0.snv.bam	CCIS16383318ST-4-0.snv.bam	CCIS32105356ST-4-0.snv.bam	CCIS33816588ST-4-0.snv.bam	CCIS44743950ST-4-0.snv.bam	CCIS48725289ST-4-0.snv.bam	CCIS77252613ST-4-0.snv.bam	CCIS81710917ST-20-0.snv.bam	CCIS87252800ST-4-0.snv.bam	CCIS90166425ST-4-0.snv.bam	CCIS90903952ST-3-0.snv.bam	CCMD23101338ST-21-0.snv.bam	CCMD34381688ST-21-0.snv.bam	CCMD48236717ST-21-0.snv.bam	M4.4-V1.metaG.snv.bam	M4.4-V1.metaT.snv.bam	MH0191.snv.bam	MH0204.snv.bam	MH0205.snv.bam	MH0220.snv.bam	MH0222.snv.bam	MH0224.snv.bam	MH0243.snv.bam	MH0245.snv.bam	MH0250.snv.bam	MH0259.snv.bam	MH0260.snv.bam	MH0264.snv.bam	MH0265.snv.bam	MH0270.snv.bam	MH0274.snv.bam	MH0284.snv.bam	MH0288.snv.bam	MH0301.snv.bam	MH0307.snv.bam	MH0315.snv.bam	MH0316.snv.bam	MH0319.snv.bam	MH0325.snv.bam	MH0326.snv.bam	MH0327.snv.bam	MH0330.snv.bam	MH0346.snv.bam	MH0347.snv.bam	MH0354.snv.bam	MH0356.snv.bam	MH0371.snv.bam	MH0372.snv.bam	MH0377.snv.bam	MH0399.snv.bam	MH0400.snv.bam	MH0401.snv.bam	MH0407.snv.bam	MH0411.snv.bam	MH0412.snv.bam	MH0427.snv.bam	MH0428.snv.bam	MH0432.snv.bam	MH0435.snv.bam	MH0443.snv.bam	MH0452.snv.bam	MMRS12272136ST-27-0-0.snv.bam	MMRS15137911ST-27-0-0.snv.bam	MMRS34525504ST-27-0-0.snv.bam	MMRS36405092ST-27-0-0.snv.bam	MMRS44587603ST-27-0-0.snv.bam	MMRS47662059ST-27-0-0.snv.bam	MMRS56137463ST-27-0-0.snv.bam	MMRS57276462ST-27-0-0.snv.bam	MMRS62376181ST-27-0-0.snv.bam	MMRS65742083ST-27-0-0.snv.bam	MMRS77018926ST-27-0-0.snv.bam	MMRS77487595ST-27-0-0.snv.bam	MMRS84159866ST-27-0-0.snv.bam	MMRS85382779ST-27-0-0.snv.bam	MMRS86168210ST-27-0-0.snv.bam	MMRS95479054ST-27-0-0.snv.bam	MMRS97327636ST-27-0-0.snv.bam	NG-5636_456.snv.bam	NG-5636_468.snv.bam	O2.UC12-1.snv.bam	O2.UC16-1.snv.bam	O2.UC18-1.snv.bam	O2.UC43-1.snv.bam	SAMEA3136760.snv.bam	SAMEA3178944.snv.bam	V1.CD34-0.snv.bam	V1.FI06.snv.bam	V1.FI29.snv.bam	V1.UC53-0.snv.bam	V1.UC53-4.snv.bam
159288231-stool1.snv.bam	0.0	0.106194690265	0.108407079646	0.107300884956	0.125	0.121681415929	0.117256637168	0.107300884956	0.12610619469	0.132743362832	0.132743362832	0.131637168142	0.103982300885	0.12389380531	0.111725663717	0.106194690265	0.138274336283	0.120575221239	0.117256637168	0.117256637168	0.122787610619	0.0962389380531	0.112831858407	0.0752212389381	0.112831858407	0.154867256637	0.143805309735	0.153761061947	0.157079646018	0.138274336283	0.113938053097	0.122787610619	0.129424778761	0.111725663717	0.109513274336	0.148230088496	0.128318584071	0.121681415929	0.127212389381	0.127212389381	0.116150442478	0.125	0.127212389381	0.148230088496	0.112831858407	0.129424778761	0.127212389381	0.149336283186	0.113938053097	0.139380530973	0.158185840708	0.120575221239	0.144911504425	0.127212389381	0.108407079646	0.118362831858	0.112831858407	0.108407079646	0.103982300885	0.110619469027	0.120575221239	0.127212389381	0.125	0.0907079646018	0.110619469027	0.121681415929	0.121681415929	0.143805309735	0.0962389380531	0.142699115044	0.144911504425	0.133849557522	0.141592920354	0.151548672566	0.112831858407	0.0818584070796	0.118362831858	0.134955752212	0.113938053097	0.0575221238938	0.109513274336	0.143805309735	0.12389380531	0.102876106195	0.117256637168	0.117256637168	0.112831858407	0.100663716814	0.109513274336	0.102876106195	0.109513274336	0.137168141593	0.131637168142	0.111725663717	0.144911504425	0.121681415929	0.130530973451	0.107300884956	0.117256637168	0.115044247788	0.12389380531	0.127212389381	0.130530973451	0.130530973451
763435843-stool2.snv.bam	0.106194690265	0.0	0.0995575221239	0.116150442478	0.125	0.116150442478	0.110619469027	0.115044247788	0.131637168142	0.12610619469	0.12610619469	0.125	0.119469026549	0.112831858407	0.0973451327434	0.108407079646	0.131637168142	0.117256637168	0.105088495575	0.102876106195	0.121681415929	0.110619469027	0.111725663717	0.0752212389381	0.106194690265	0.154867256637	0.131637168142	0.140486725664	0.139380530973	0.12610619469	0.120575221239	0.125	0.117256637168	0.125	0.109513274336	0.146017699115	0.117256637168	0.111725663717	0.111725663717	0.111725663717	0.103982300885	0.113938053097	0.112831858407	0.149336283186	0.111725663717	0.115044247788	0.12610619469	0.146017699115	0.111725663717	0.143805309735	0.130530973451	0.103982300885	0.130530973451	0.12389380531	0.102876106195	0.122787610619	0.12389380531	0.118362831858	0.119469026549	0.0984513274336	0.131637168142	0.116150442478	0.117256637168	0.101769911504	0.134955752212	0.128318584071	0.12610619469	0.142699115044	0.107300884956	0.128318584071	0.12610619469	0.136061946903	0.134955752212	0.134955752212	0.107300884956	0.0962389380531	0.102876106195	0.128318584071	0.132743362832	0.100663716814	0.111725663717	0.132743362832	0.116150442478	0.113938053097	0.112831858407	0.119469026549	0.108407079646	0.111725663717	0.113938053097	0.103982300885	0.127212389381	0.137168141593	0.105088495575	0.112831858407	0.120575221239	0.12389380531	0.118362831858	0.115044247788	0.105088495575	0.113938053097	0.131637168142	0.107300884956	0.118362831858	0.118362831858
763496533-stool1.snv.bam	0.108407079646	0.0995575221239	0.0	0.0796460176991	0.142699115044	0.129424778761	0.125	0.120575221239	0.152654867257	0.136061946903	0.136061946903	0.134955752212	0.121681415929	0.129424778761	0.105088495575	0.122787610619	0.154867256637	0.131637168142	0.116150442478	0.106194690265	0.143805309735	0.0962389380531	0.125	0.0929203539823	0.112831858407	0.16592920354	0.150442477876	0.134955752212	0.134955752212	0.144911504425	0.136061946903	0.140486725664	0.136061946903	0.131637168142	0.122787610619	0.162610619469	0.138274336283	0.127212389381	0.112831858407	0.121681415929	0.130530973451	0.125	0.139380530973	0.160398230088	0.130530973451	0.138274336283	0.134955752212	0.140486725664	0.119469026549	0.16814159292	0.141592920354	0.107300884956	0.142699115044	0.150442477876	0.118362831858	0.141592920354	0.132743362832	0.132743362832	0.129424778761	0.131637168142	0.132743362832	0.127212389381	0.130530973451	0.116150442478	0.137168141593	0.146017699115	0.130530973451	0.152654867257	0.0940265486726	0.153761061947	0.153761061947	0.151548672566	0.139380530973	0.161504424779	0.127212389381	0.0907079646018	0.12389380531	0.137168141593	0.125	0.109513274336	0.12610619469	0.152654867257	0.132743362832	0.131637168142	0.121681415929	0.129424778761	0.129424778761	0.144911504425	0.12389380531	0.111725663717	0.141592920354	0.147123893805	0.113938053097	0.128318584071	0.133849557522	0.143805309735	0.139380530973	0.118362831858	0.12389380531	0.132743362832	0.128318584071	0.136061946903	0.139380530973	0.139380530973
763536994-stool2.snv.bam	0.107300884956	0.116150442478	0.0796460176991	0.0	0.125	0.133849557522	0.129424778761	0.115044247788	0.134955752212	0.141592920354	0.141592920354	0.140486725664	0.103982300885	0.122787610619	0.105088495575	0.120575221239	0.134955752212	0.129424778761	0.127212389381	0.111725663717	0.125	0.087389380531	0.113938053097	0.0851769911504	0.110619469027	0.154867256637	0.151548672566	0.139380530973	0.142699115044	0.140486725664	0.12389380531	0.129424778761	0.132743362832	0.133849557522	0.115044247788	0.144911504425	0.12610619469	0.130530973451	0.128318584071	0.129424778761	0.125	0.12389380531	0.113938053097	0.154867256637	0.110619469027	0.12610619469	0.121681415929	0.138274336283	0.102876106195	0.154867256637	0.141592920354	0.133849557522	0.140486725664	0.140486725664	0.113938053097	0.121681415929	0.12610619469	0.113938053097	0.125	0.125	0.140486725664	0.113938053097	0.121681415929	0.119469026549	0.125	0.133849557522	0.136061946903	0.147123893805	0.110619469027	0.139380530973	0.138274336283	0.139380530973	0.129424778761	0.144911504425	0.125	0.110619469027	0.129424778761	0.130530973451	0.118362831858	0.108407079646	0.110619469027	0.141592920354	0.125	0.133849557522	0.105088495575	0.117256637168	0.117256637168	0.134955752212	0.107300884956	0.0962389380531	0.129424778761	0.143805309735	0.121681415929	0.115044247788	0.122787610619	0.120575221239	0.129424778761	0.106194690265	0.101769911504	0.131637168142	0.110619469027	0.12610619469	0.129424778761	0.129424778761
764083206-stool1.snv.bam	0.125	0.125	0.142699115044	0.125	0.0	0.128318584071	0.12389380531	0.113938053097	0.125	0.138274336283	0.138274336283	0.137168141593	0.107300884956	0.0862831858407	0.108407079646	0.103982300885	0.122787610619	0.138274336283	0.119469026549	0.118362831858	0.121681415929	0.118362831858	0.115044247788	0.087389380531	0.108407079646	0.147123893805	0.118362831858	0.125	0.130530973451	0.127212389381	0.105088495575	0.117256637168	0.134955752212	0.130530973451	0.109513274336	0.132743362832	0.103982300885	0.116150442478	0.130530973451	0.109513274336	0.120575221239	0.110619469027	0.122787610619	0.139380530973	0.110619469027	0.122787610619	0.118362831858	0.143805309735	0.111725663717	0.138274336283	0.146017699115	0.137168141593	0.136061946903	0.129424778761	0.127212389381	0.133849557522	0.109513274336	0.0564159292035	0.109513274336	0.103982300885	0.133849557522	0.121681415929	0.128318584071	0.106194690265	0.0785398230088	0.129424778761	0.128318584071	0.139380530973	0.107300884956	0.117256637168	0.147123893805	0.125	0.138274336283	0.130530973451	0.121681415929	0.0884955752212	0.115044247788	0.128318584071	0.146017699115	0.129424778761	0.091814159292	0.127212389381	0.121681415929	0.127212389381	0.116150442478	0.0752212389381	0.12389380531	0.134955752212	0.113938053097	0.117256637168	0.119469026549	0.129424778761	0.12389380531	0.0508849557522	0.12610619469	0.102876106195	0.125	0.106194690265	0.120575221239	0.111725663717	0.127212389381	0.121681415929	0.125	0.125
764224817-stool1.snv.bam	0.121681415929	0.116150442478	0.129424778761	0.133849557522	0.128318584071	0.0	0.0	0.122787610619	0.149336283186	0.162610619469	0.162610619469	0.161504424779	0.119469026549	0.139380530973	0.12610619469	0.141592920354	0.150442477876	0.141592920354	0.132743362832	0.116150442478	0.136061946903	0.12389380531	0.141592920354	0.0962389380531	0.131637168142	0.16814159292	0.16814159292	0.148230088496	0.155973451327	0.155973451327	0.141592920354	0.148230088496	0.152654867257	0.155973451327	0.127212389381	0.16814159292	0.139380530973	0.154867256637	0.144911504425	0.143805309735	0.157079646018	0.150442477876	0.138274336283	0.16592920354	0.12389380531	0.143805309735	0.146017699115	0.161504424779	0.138274336283	0.16703539823	0.160398230088	0.157079646018	0.12610619469	0.148230088496	0.143805309735	0.149336283186	0.150442477876	0.140486725664	0.143805309735	0.120575221239	0.160398230088	0.143805309735	0.142699115044	0.132743362832	0.147123893805	0.148230088496	0.129424778761	0.171460176991	0.125	0.16592920354	0.173672566372	0.150442477876	0.158185840708	0.178097345133	0.132743362832	0.102876106195	0.130530973451	0.151548672566	0.152654867257	0.133849557522	0.127212389381	0.162610619469	0.141592920354	0.141592920354	0.12389380531	0.146017699115	0.151548672566	0.149336283186	0.12610619469	0.121681415929	0.147123893805	0.170353982301	0.146017699115	0.132743362832	0.16592920354	0.134955752212	0.129424778761	0.129424778761	0.143805309735	0.136061946903	0.149336283186	0.133849557522	0.129424778761	0.130530973451
764224817-stool2.snv.bam	0.117256637168	0.110619469027	0.125	0.129424778761	0.12389380531	0.0	0.0	0.117256637168	0.143805309735	0.157079646018	0.157079646018	0.155973451327	0.115044247788	0.134955752212	0.121681415929	0.137168141593	0.144911504425	0.136061946903	0.128318584071	0.110619469027	0.130530973451	0.119469026549	0.136061946903	0.0884955752212	0.127212389381	0.161504424779	0.162610619469	0.143805309735	0.152654867257	0.149336283186	0.134955752212	0.140486725664	0.146017699115	0.150442477876	0.121681415929	0.163716814159	0.132743362832	0.150442477876	0.141592920354	0.134955752212	0.150442477876	0.146017699115	0.133849557522	0.161504424779	0.119469026549	0.139380530973	0.140486725664	0.155973451327	0.132743362832	0.161504424779	0.158185840708	0.153761061947	0.120575221239	0.140486725664	0.138274336283	0.144911504425	0.143805309735	0.134955752212	0.138274336283	0.115044247788	0.155973451327	0.138274336283	0.136061946903	0.129424778761	0.141592920354	0.141592920354	0.127212389381	0.16592920354	0.122787610619	0.161504424779	0.16814159292	0.143805309735	0.153761061947	0.171460176991	0.128318584071	0.0984513274336	0.125	0.148230088496	0.147123893805	0.128318584071	0.122787610619	0.158185840708	0.134955752212	0.134955752212	0.119469026549	0.140486725664	0.148230088496	0.146017699115	0.122787610619	0.117256637168	0.142699115044	0.163716814159	0.142699115044	0.12610619469	0.159292035398	0.129424778761	0.12389380531	0.12389380531	0.140486725664	0.130530973451	0.143805309735	0.128318584071	0.12389380531	0.125
765519544-stool3.snv.bam	0.107300884956	0.115044247788	0.120575221239	0.115044247788	0.113938053097	0.122787610619	0.117256637168	0.0	0.130530973451	0.121681415929	0.121681415929	0.120575221239	0.102876106195	0.106194690265	0.101769911504	0.119469026549	0.128318584071	0.0951327433628	0.128318584071	0.119469026549	0.12389380531	0.113938053097	0.0984513274336	0.0851769911504	0.109513274336	0.171460176991	0.130530973451	0.144911504425	0.148230088496	0.12610619469	0.110619469027	0.105088495575	0.122787610619	0.116150442478	0.0995575221239	0.128318584071	0.111725663717	0.12610619469	0.127212389381	0.129424778761	0.121681415929	0.116150442478	0.12389380531	0.139380530973	0.0984513274336	0.128318584071	0.118362831858	0.134955752212	0.119469026549	0.136061946903	0.139380530973	0.141592920354	0.115044247788	0.117256637168	0.120575221239	0.0973451327434	0.112831858407	0.109513274336	0.113938053097	0.106194690265	0.138274336283	0.106194690265	0.115044247788	0.107300884956	0.115044247788	0.132743362832	0.111725663717	0.150442477876	0.107300884956	0.136061946903	0.133849557522	0.142699115044	0.137168141593	0.153761061947	0.101769911504	0.100663716814	0.119469026549	0.132743362832	0.101769911504	0.120575221239	0.116150442478	0.133849557522	0.116150442478	0.113938053097	0.105088495575	0.108407079646	0.121681415929	0.139380530973	0.110619469027	0.0995575221239	0.122787610619	0.131637168142	0.127212389381	0.109513274336	0.130530973451	0.121681415929	0.102876106195	0.106194690265	0.112831858407	0.111725663717	0.133849557522	0.12610619469	0.102876106195	0.102876106195
861967750-stool1.snv.bam	0.12610619469	0.131637168142	0.152654867257	0.134955752212	0.125	0.149336283186	0.143805309735	0.130530973451	0.0	0.148230088496	0.148230088496	0.147123893805	0.142699115044	0.133849557522	0.116150442478	0.111725663717	0.154867256637	0.142699115044	0.130530973451	0.113938053097	0.138274336283	0.132743362832	0.127212389381	0.0796460176991	0.127212389381	0.155973451327	0.151548672566	0.142699115044	0.147123893805	0.150442477876	0.138274336283	0.133849557522	0.149336283186	0.152654867257	0.115044247788	0.153761061947	0.136061946903	0.132743362832	0.150442477876	0.138274336283	0.132743362832	0.144911504425	0.107300884956	0.146017699115	0.147123893805	0.120575221239	0.136061946903	0.159292035398	0.132743362832	0.143805309735	0.150442477876	0.149336283186	0.143805309735	0.133849557522	0.142699115044	0.138274336283	0.139380530973	0.130530973451	0.118362831858	0.129424778761	0.130530973451	0.12610619469	0.129424778761	0.12610619469	0.142699115044	0.130530973451	0.146017699115	0.161504424779	0.119469026549	0.151548672566	0.141592920354	0.133849557522	0.148230088496	0.157079646018	0.128318584071	0.118362831858	0.130530973451	0.134955752212	0.144911504425	0.131637168142	0.115044247788	0.148230088496	0.137168141593	0.141592920354	0.147123893805	0.133849557522	0.131637168142	0.140486725664	0.138274336283	0.127212389381	0.131637168142	0.151548672566	0.146017699115	0.122787610619	0.152654867257	0.118362831858	0.153761061947	0.127212389381	0.134955752212	0.121681415929	0.138274336283	0.120575221239	0.153761061947	0.153761061947
BYQ_AAAA.snv.bam	0.132743362832	0.12610619469	0.136061946903	0.141592920354	0.138274336283	0.162610619469	0.157079646018	0.121681415929	0.148230088496	0.0	0.0	0.0	0.148230088496	0.130530973451	0.110619469027	0.121681415929	0.152654867257	0.122787610619	0.134955752212	0.118362831858	0.144911504425	0.129424778761	0.129424778761	0.0884955752212	0.136061946903	0.16592920354	0.153761061947	0.149336283186	0.153761061947	0.140486725664	0.131637168142	0.129424778761	0.136061946903	0.127212389381	0.109513274336	0.143805309735	0.125	0.12610619469	0.136061946903	0.138274336283	0.119469026549	0.140486725664	0.149336283186	0.146017699115	0.146017699115	0.125	0.118362831858	0.142699115044	0.137168141593	0.148230088496	0.137168141593	0.133849557522	0.149336283186	0.148230088496	0.139380530973	0.131637168142	0.112831858407	0.132743362832	0.119469026549	0.125	0.125	0.125	0.140486725664	0.12389380531	0.147123893805	0.133849557522	0.133849557522	0.159292035398	0.118362831858	0.144911504425	0.152654867257	0.158185840708	0.152654867257	0.170353982301	0.133849557522	0.120575221239	0.139380530973	0.133849557522	0.134955752212	0.133849557522	0.113938053097	0.137168141593	0.130530973451	0.137168141593	0.150442477876	0.131637168142	0.12389380531	0.142699115044	0.143805309735	0.128318584071	0.139380530973	0.137168141593	0.12389380531	0.134955752212	0.129424778761	0.146017699115	0.148230088496	0.12389380531	0.130530973451	0.137168141593	0.142699115044	0.149336283186	0.148230088496	0.148230088496
BYQ_AAAL.snv.bam	0.132743362832	0.12610619469	0.136061946903	0.141592920354	0.138274336283	0.162610619469	0.157079646018	0.121681415929	0.148230088496	0.0	0.0	0.0	0.148230088496	0.130530973451	0.110619469027	0.121681415929	0.152654867257	0.122787610619	0.134955752212	0.118362831858	0.144911504425	0.129424778761	0.129424778761	0.0884955752212	0.136061946903	0.16592920354	0.153761061947	0.149336283186	0.153761061947	0.140486725664	0.131637168142	0.129424778761	0.136061946903	0.127212389381	0.109513274336	0.143805309735	0.125	0.12610619469	0.136061946903	0.138274336283	0.119469026549	0.140486725664	0.149336283186	0.146017699115	0.146017699115	0.125	0.118362831858	0.142699115044	0.137168141593	0.148230088496	0.137168141593	0.133849557522	0.149336283186	0.148230088496	0.139380530973	0.131637168142	0.112831858407	0.132743362832	0.119469026549	0.125	0.125	0.125	0.140486725664	0.12389380531	0.147123893805	0.133849557522	0.133849557522	0.159292035398	0.118362831858	0.144911504425	0.152654867257	0.158185840708	0.152654867257	0.170353982301	0.133849557522	0.120575221239	0.139380530973	0.133849557522	0.134955752212	0.133849557522	0.113938053097	0.137168141593	0.130530973451	0.137168141593	0.150442477876	0.131637168142	0.12389380531	0.142699115044	0.143805309735	0.128318584071	0.139380530973	0.137168141593	0.12389380531	0.134955752212	0.129424778761	0.146017699115	0.148230088496	0.12389380531	0.130530973451	0.137168141593	0.142699115044	0.149336283186	0.148230088496	0.148230088496
BYQ_AAAU.snv.bam	0.131637168142	0.125	0.134955752212	0.140486725664	0.137168141593	0.161504424779	0.155973451327	0.120575221239	0.147123893805	0.0	0.0	0.0	0.147123893805	0.129424778761	0.109513274336	0.120575221239	0.151548672566	0.121681415929	0.133849557522	0.117256637168	0.144911504425	0.129424778761	0.128318584071	0.087389380531	0.134955752212	0.16482300885	0.152654867257	0.149336283186	0.152654867257	0.140486725664	0.130530973451	0.128318584071	0.134955752212	0.12610619469	0.108407079646	0.142699115044	0.12389380531	0.125	0.134955752212	0.137168141593	0.118362831858	0.139380530973	0.148230088496	0.144911504425	0.144911504425	0.12389380531	0.118362831858	0.141592920354	0.136061946903	0.148230088496	0.137168141593	0.132743362832	0.148230088496	0.147123893805	0.138274336283	0.130530973451	0.111725663717	0.131637168142	0.119469026549	0.12389380531	0.12389380531	0.12389380531	0.139380530973	0.122787610619	0.146017699115	0.132743362832	0.132743362832	0.158185840708	0.117256637168	0.143805309735	0.151548672566	0.157079646018	0.151548672566	0.169247787611	0.132743362832	0.119469026549	0.138274336283	0.132743362832	0.133849557522	0.132743362832	0.112831858407	0.137168141593	0.129424778761	0.134955752212	0.149336283186	0.130530973451	0.122787610619	0.141592920354	0.142699115044	0.127212389381	0.139380530973	0.136061946903	0.122787610619	0.133849557522	0.128318584071	0.146017699115	0.146017699115	0.122787610619	0.129424778761	0.136061946903	0.141592920354	0.148230088496	0.146017699115	0.146017699115
CCIS05314658ST-4-0.snv.bam	0.103982300885	0.119469026549	0.121681415929	0.103982300885	0.107300884956	0.119469026549	0.115044247788	0.102876106195	0.142699115044	0.148230088496	0.148230088496	0.147123893805	0.0	0.12389380531	0.113938053097	0.100663716814	0.125	0.121681415929	0.121681415929	0.110619469027	0.113938053097	0.112831858407	0.0951327433628	0.0829646017699	0.111725663717	0.16592920354	0.127212389381	0.12610619469	0.129424778761	0.139380530973	0.127212389381	0.118362831858	0.136061946903	0.133849557522	0.108407079646	0.157079646018	0.117256637168	0.120575221239	0.122787610619	0.12389380531	0.12610619469	0.116150442478	0.121681415929	0.150442477876	0.0442477876106	0.112831858407	0.106194690265	0.133849557522	0.120575221239	0.146017699115	0.148230088496	0.136061946903	0.12610619469	0.140486725664	0.129424778761	0.134955752212	0.129424778761	0.111725663717	0.113938053097	0.102876106195	0.137168141593	0.12389380531	0.120575221239	0.111725663717	0.117256637168	0.134955752212	0.120575221239	0.153761061947	0.108407079646	0.12389380531	0.152654867257	0.127212389381	0.143805309735	0.151548672566	0.121681415929	0.105088495575	0.117256637168	0.120575221239	0.116150442478	0.0951327433628	0.115044247788	0.137168141593	0.134955752212	0.120575221239	0.0320796460177	0.122787610619	0.131637168142	0.129424778761	0.0741150442478	0.0940265486726	0.12389380531	0.147123893805	0.120575221239	0.119469026549	0.141592920354	0.143805309735	0.117256637168	0.110619469027	0.12610619469	0.129424778761	0.12389380531	0.122787610619	0.117256637168	0.117256637168
CCIS11019776ST-4-0.snv.bam	0.12389380531	0.112831858407	0.129424778761	0.122787610619	0.0862831858407	0.139380530973	0.134955752212	0.106194690265	0.133849557522	0.130530973451	0.130530973451	0.129424778761	0.12389380531	0.0	0.109513274336	0.102876106195	0.131637168142	0.132743362832	0.12389380531	0.105088495575	0.122787610619	0.115044247788	0.110619469027	0.091814159292	0.116150442478	0.152654867257	0.12389380531	0.137168141593	0.139380530973	0.132743362832	0.112831858407	0.122787610619	0.116150442478	0.130530973451	0.0940265486726	0.127212389381	0.109513274336	0.110619469027	0.111725663717	0.122787610619	0.113938053097	0.110619469027	0.133849557522	0.134955752212	0.12610619469	0.112831858407	0.121681415929	0.139380530973	0.12610619469	0.127212389381	0.141592920354	0.129424778761	0.138274336283	0.132743362832	0.0995575221239	0.120575221239	0.112831858407	0.0851769911504	0.115044247788	0.101769911504	0.12610619469	0.112831858407	0.119469026549	0.0984513274336	0.0995575221239	0.121681415929	0.108407079646	0.130530973451	0.0929203539823	0.128318584071	0.140486725664	0.150442477876	0.146017699115	0.148230088496	0.121681415929	0.101769911504	0.111725663717	0.125	0.142699115044	0.12389380531	0.105088495575	0.130530973451	0.117256637168	0.129424778761	0.12389380531	0.091814159292	0.116150442478	0.125	0.108407079646	0.111725663717	0.130530973451	0.137168141593	0.100663716814	0.0896017699115	0.130530973451	0.121681415929	0.122787610619	0.109513274336	0.121681415929	0.119469026549	0.119469026549	0.12389380531	0.122787610619	0.122787610619
CCIS16383318ST-4-0.snv.bam	0.111725663717	0.0973451327434	0.105088495575	0.105088495575	0.108407079646	0.12610619469	0.121681415929	0.101769911504	0.116150442478	0.110619469027	0.110619469027	0.109513274336	0.113938053097	0.109513274336	0.0	0.091814159292	0.118362831858	0.117256637168	0.110619469027	0.0962389380531	0.118362831858	0.106194690265	0.107300884956	0.0652654867257	0.0962389380531	0.146017699115	0.107300884956	0.122787610619	0.127212389381	0.110619469027	0.108407079646	0.111725663717	0.121681415929	0.125	0.0973451327434	0.118362831858	0.0984513274336	0.109513274336	0.107300884956	0.111725663717	0.103982300885	0.0984513274336	0.119469026549	0.134955752212	0.107300884956	0.112831858407	0.117256637168	0.12389380531	0.118362831858	0.132743362832	0.117256637168	0.107300884956	0.118362831858	0.120575221239	0.128318584071	0.110619469027	0.108407079646	0.106194690265	0.102876106195	0.0862831858407	0.121681415929	0.0907079646018	0.0995575221239	0.110619469027	0.120575221239	0.108407079646	0.107300884956	0.131637168142	0.0995575221239	0.119469026549	0.119469026549	0.120575221239	0.121681415929	0.131637168142	0.110619469027	0.0984513274336	0.0973451327434	0.116150442478	0.120575221239	0.107300884956	0.0940265486726	0.12389380531	0.125	0.111725663717	0.111725663717	0.110619469027	0.0929203539823	0.118362831858	0.112831858407	0.101769911504	0.113938053097	0.132743362832	0.101769911504	0.102876106195	0.0984513274336	0.100663716814	0.121681415929	0.091814159292	0.105088495575	0.106194690265	0.112831858407	0.107300884956	0.121681415929	0.121681415929
CCIS32105356ST-4-0.snv.bam	0.106194690265	0.108407079646	0.122787610619	0.120575221239	0.103982300885	0.141592920354	0.137168141593	0.119469026549	0.111725663717	0.121681415929	0.121681415929	0.120575221239	0.100663716814	0.102876106195	0.091814159292	0.0	0.12389380531	0.117256637168	0.120575221239	0.105088495575	0.0940265486726	0.0951327433628	0.0929203539823	0.0818584070796	0.101769911504	0.136061946903	0.100663716814	0.116150442478	0.116150442478	0.105088495575	0.107300884956	0.105088495575	0.12389380531	0.127212389381	0.087389380531	0.116150442478	0.0973451327434	0.0940265486726	0.107300884956	0.0995575221239	0.0951327433628	0.0973451327434	0.112831858407	0.106194690265	0.103982300885	0.102876106195	0.091814159292	0.133849557522	0.12389380531	0.120575221239	0.117256637168	0.113938053097	0.130530973451	0.116150442478	0.118362831858	0.109513274336	0.0951327433628	0.108407079646	0.0862831858407	0.100663716814	0.0929203539823	0.101769911504	0.117256637168	0.106194690265	0.122787610619	0.110619469027	0.111725663717	0.118362831858	0.0962389380531	0.0851769911504	0.113938053097	0.119469026549	0.110619469027	0.119469026549	0.112831858407	0.105088495575	0.100663716814	0.112831858407	0.107300884956	0.102876106195	0.0973451327434	0.110619469027	0.119469026549	0.115044247788	0.112831858407	0.115044247788	0.0995575221239	0.109513274336	0.091814159292	0.109513274336	0.0962389380531	0.108407079646	0.102876106195	0.103982300885	0.103982300885	0.102876106195	0.131637168142	0.0940265486726	0.0951327433628	0.100663716814	0.121681415929	0.109513274336	0.131637168142	0.131637168142
CCIS33816588ST-4-0.snv.bam	0.138274336283	0.131637168142	0.154867256637	0.134955752212	0.122787610619	0.150442477876	0.144911504425	0.128318584071	0.154867256637	0.152654867257	0.152654867257	0.151548672566	0.125	0.131637168142	0.118362831858	0.12389380531	0.0	0.152654867257	0.118362831858	0.131637168142	0.148230088496	0.125	0.117256637168	0.101769911504	0.125	0.163716814159	0.153761061947	0.154867256637	0.160398230088	0.150442477876	0.112831858407	0.159292035398	0.120575221239	0.146017699115	0.133849557522	0.157079646018	0.087389380531	0.137168141593	0.134955752212	0.141592920354	0.138274336283	0.12389380531	0.139380530973	0.16592920354	0.125	0.125	0.139380530973	0.160398230088	0.129424778761	0.148230088496	0.162610619469	0.148230088496	0.148230088496	0.146017699115	0.144911504425	0.127212389381	0.128318584071	0.120575221239	0.133849557522	0.136061946903	0.132743362832	0.143805309735	0.134955752212	0.12610619469	0.140486725664	0.121681415929	0.149336283186	0.142699115044	0.127212389381	0.147123893805	0.155973451327	0.152654867257	0.144911504425	0.147123893805	0.122787610619	0.136061946903	0.129424778761	0.102876106195	0.154867256637	0.12610619469	0.131637168142	0.162610619469	0.155973451327	0.138274336283	0.125	0.121681415929	0.130530973451	0.146017699115	0.134955752212	0.116150442478	0.143805309735	0.159292035398	0.140486725664	0.12389380531	0.137168141593	0.128318584071	0.140486725664	0.138274336283	0.143805309735	0.139380530973	0.151548672566	0.141592920354	0.140486725664	0.140486725664
CCIS44743950ST-4-0.snv.bam	0.120575221239	0.117256637168	0.131637168142	0.129424778761	0.138274336283	0.141592920354	0.136061946903	0.0951327433628	0.142699115044	0.122787610619	0.122787610619	0.121681415929	0.121681415929	0.132743362832	0.117256637168	0.117256637168	0.152654867257	0.0	0.129424778761	0.112831858407	0.132743362832	0.116150442478	0.122787610619	0.087389380531	0.117256637168	0.161504424779	0.139380530973	0.147123893805	0.142699115044	0.128318584071	0.139380530973	0.119469026549	0.134955752212	0.143805309735	0.109513274336	0.149336283186	0.12610619469	0.134955752212	0.144911504425	0.137168141593	0.129424778761	0.128318584071	0.142699115044	0.151548672566	0.122787610619	0.133849557522	0.108407079646	0.131637168142	0.106194690265	0.153761061947	0.143805309735	0.141592920354	0.131637168142	0.138274336283	0.130530973451	0.130530973451	0.125	0.129424778761	0.120575221239	0.122787610619	0.142699115044	0.130530973451	0.117256637168	0.122787610619	0.136061946903	0.148230088496	0.120575221239	0.163716814159	0.105088495575	0.148230088496	0.152654867257	0.144911504425	0.138274336283	0.150442477876	0.113938053097	0.111725663717	0.130530973451	0.139380530973	0.107300884956	0.131637168142	0.112831858407	0.143805309735	0.116150442478	0.131637168142	0.118362831858	0.130530973451	0.131637168142	0.137168141593	0.128318584071	0.101769911504	0.12389380531	0.155973451327	0.137168141593	0.122787610619	0.121681415929	0.140486725664	0.116150442478	0.110619469027	0.116150442478	0.131637168142	0.125	0.127212389381	0.116150442478	0.117256637168
CCIS48725289ST-4-0.snv.bam	0.117256637168	0.105088495575	0.116150442478	0.127212389381	0.119469026549	0.132743362832	0.128318584071	0.128318584071	0.130530973451	0.134955752212	0.134955752212	0.133849557522	0.121681415929	0.12389380531	0.110619469027	0.120575221239	0.118362831858	0.129424778761	0.0	0.111725663717	0.139380530973	0.116150442478	0.117256637168	0.087389380531	0.117256637168	0.138274336283	0.129424778761	0.137168141593	0.140486725664	0.151548672566	0.140486725664	0.130530973451	0.12610619469	0.120575221239	0.110619469027	0.140486725664	0.113938053097	0.106194690265	0.122787610619	0.110619469027	0.113938053097	0.119469026549	0.122787610619	0.146017699115	0.113938053097	0.100663716814	0.12610619469	0.133849557522	0.118362831858	0.132743362832	0.140486725664	0.119469026549	0.141592920354	0.146017699115	0.116150442478	0.138274336283	0.12389380531	0.128318584071	0.115044247788	0.120575221239	0.106194690265	0.128318584071	0.118362831858	0.118362831858	0.139380530973	0.133849557522	0.12389380531	0.127212389381	0.110619469027	0.141592920354	0.140486725664	0.133849557522	0.149336283186	0.143805309735	0.103982300885	0.108407079646	0.111725663717	0.113938053097	0.140486725664	0.115044247788	0.122787610619	0.140486725664	0.125	0.130530973451	0.112831858407	0.12389380531	0.120575221239	0.136061946903	0.128318584071	0.0973451327434	0.134955752212	0.138274336283	0.109513274336	0.113938053097	0.131637168142	0.121681415929	0.131637168142	0.113938053097	0.129424778761	0.12389380531	0.12610619469	0.12389380531	0.131637168142	0.131637168142
CCIS77252613ST-4-0.snv.bam	0.117256637168	0.102876106195	0.106194690265	0.111725663717	0.118362831858	0.116150442478	0.110619469027	0.119469026549	0.113938053097	0.118362831858	0.118362831858	0.117256637168	0.110619469027	0.105088495575	0.0962389380531	0.105088495575	0.131637168142	0.112831858407	0.111725663717	0.0	0.113938053097	0.087389380531	0.108407079646	0.0741150442478	0.109513274336	0.141592920354	0.131637168142	0.119469026549	0.122787610619	0.131637168142	0.125	0.116150442478	0.12610619469	0.132743362832	0.107300884956	0.139380530973	0.127212389381	0.105088495575	0.12610619469	0.112831858407	0.109513274336	0.115044247788	0.116150442478	0.130530973451	0.116150442478	0.106194690265	0.103982300885	0.120575221239	0.110619469027	0.134955752212	0.138274336283	0.117256637168	0.119469026549	0.121681415929	0.117256637168	0.119469026549	0.118362831858	0.107300884956	0.106194690265	0.108407079646	0.120575221239	0.112831858407	0.106194690265	0.111725663717	0.116150442478	0.109513274336	0.112831858407	0.121681415929	0.0896017699115	0.12610619469	0.136061946903	0.12610619469	0.132743362832	0.146017699115	0.111725663717	0.0929203539823	0.101769911504	0.130530973451	0.129424778761	0.117256637168	0.0984513274336	0.120575221239	0.103982300885	0.122787610619	0.107300884956	0.108407079646	0.118362831858	0.134955752212	0.115044247788	0.0962389380531	0.111725663717	0.141592920354	0.0973451327434	0.103982300885	0.116150442478	0.112831858407	0.130530973451	0.0896017699115	0.107300884956	0.112831858407	0.120575221239	0.103982300885	0.130530973451	0.131637168142
CCIS81710917ST-20-0.snv.bam	0.122787610619	0.121681415929	0.143805309735	0.125	0.121681415929	0.136061946903	0.130530973451	0.12389380531	0.138274336283	0.144911504425	0.144911504425	0.144911504425	0.113938053097	0.122787610619	0.118362831858	0.0940265486726	0.148230088496	0.132743362832	0.139380530973	0.113938053097	0.0	0.110619469027	0.0719026548673	0.0884955752212	0.116150442478	0.174778761062	0.134955752212	0.141592920354	0.141592920354	0.121681415929	0.127212389381	0.133849557522	0.148230088496	0.133849557522	0.103982300885	0.159292035398	0.122787610619	0.121681415929	0.119469026549	0.131637168142	0.125	0.120575221239	0.111725663717	0.132743362832	0.113938053097	0.115044247788	0.12389380531	0.143805309735	0.129424778761	0.143805309735	0.138274336283	0.12610619469	0.129424778761	0.119469026549	0.133849557522	0.138274336283	0.130530973451	0.117256637168	0.0995575221239	0.116150442478	0.128318584071	0.125	0.119469026549	0.113938053097	0.125	0.113938053097	0.125	0.155973451327	0.113938053097	0.121681415929	0.155973451327	0.130530973451	0.136061946903	0.147123893805	0.125	0.112831858407	0.110619469027	0.125	0.146017699115	0.120575221239	0.116150442478	0.122787610619	0.12610619469	0.127212389381	0.116150442478	0.12389380531	0.129424778761	0.139380530973	0.105088495575	0.106194690265	0.136061946903	0.144911504425	0.116150442478	0.120575221239	0.131637168142	0.132743362832	0.134955752212	0.116150442478	0.130530973451	0.110619469027	0.134955752212	0.128318584071	0.134955752212	0.136061946903
CCIS87252800ST-4-0.snv.bam	0.0962389380531	0.110619469027	0.0962389380531	0.087389380531	0.118362831858	0.12389380531	0.119469026549	0.113938053097	0.132743362832	0.129424778761	0.129424778761	0.129424778761	0.112831858407	0.115044247788	0.106194690265	0.0951327433628	0.125	0.116150442478	0.116150442478	0.087389380531	0.110619469027	0.0	0.108407079646	0.0862831858407	0.0907079646018	0.130530973451	0.137168141593	0.137168141593	0.138274336283	0.12389380531	0.121681415929	0.127212389381	0.129424778761	0.120575221239	0.101769911504	0.12389380531	0.121681415929	0.103982300885	0.119469026549	0.113938053097	0.119469026549	0.115044247788	0.112831858407	0.12389380531	0.112831858407	0.115044247788	0.101769911504	0.130530973451	0.0785398230088	0.134955752212	0.131637168142	0.128318584071	0.141592920354	0.12610619469	0.111725663717	0.120575221239	0.105088495575	0.0995575221239	0.109513274336	0.120575221239	0.121681415929	0.110619469027	0.112831858407	0.112831858407	0.110619469027	0.119469026549	0.117256637168	0.130530973451	0.087389380531	0.136061946903	0.12610619469	0.118362831858	0.115044247788	0.129424778761	0.107300884956	0.0951327433628	0.110619469027	0.118362831858	0.121681415929	0.087389380531	0.100663716814	0.12389380531	0.102876106195	0.109513274336	0.112831858407	0.107300884956	0.107300884956	0.100663716814	0.108407079646	0.0884955752212	0.0973451327434	0.129424778761	0.101769911504	0.0940265486726	0.113938053097	0.102876106195	0.128318584071	0.0929203539823	0.0862831858407	0.113938053097	0.0962389380531	0.109513274336	0.128318584071	0.128318584071
CCIS90166425ST-4-0.snv.bam	0.112831858407	0.111725663717	0.125	0.113938053097	0.115044247788	0.141592920354	0.136061946903	0.0984513274336	0.127212389381	0.129424778761	0.129424778761	0.128318584071	0.0951327433628	0.110619469027	0.107300884956	0.0929203539823	0.117256637168	0.122787610619	0.117256637168	0.108407079646	0.0719026548673	0.108407079646	0.0	0.0829646017699	0.0862831858407	0.151548672566	0.119469026549	0.121681415929	0.121681415929	0.129424778761	0.121681415929	0.109513274336	0.122787610619	0.129424778761	0.0973451327434	0.136061946903	0.110619469027	0.113938053097	0.12610619469	0.119469026549	0.112831858407	0.120575221239	0.110619469027	0.138274336283	0.0973451327434	0.105088495575	0.102876106195	0.133849557522	0.102876106195	0.129424778761	0.130530973451	0.128318584071	0.131637168142	0.120575221239	0.115044247788	0.117256637168	0.110619469027	0.115044247788	0.101769911504	0.0973451327434	0.12389380531	0.112831858407	0.125	0.102876106195	0.127212389381	0.116150442478	0.115044247788	0.142699115044	0.105088495575	0.127212389381	0.137168141593	0.12389380531	0.125	0.138274336283	0.0907079646018	0.0995575221239	0.107300884956	0.112831858407	0.130530973451	0.0962389380531	0.117256637168	0.12389380531	0.115044247788	0.109513274336	0.0984513274336	0.117256637168	0.108407079646	0.113938053097	0.0951327433628	0.0907079646018	0.137168141593	0.138274336283	0.110619469027	0.113938053097	0.12610619469	0.122787610619	0.12610619469	0.107300884956	0.116150442478	0.107300884956	0.110619469027	0.12610619469	0.12610619469	0.12610619469
CCIS90903952ST-3-0.snv.bam	0.0752212389381	0.0752212389381	0.0929203539823	0.0851769911504	0.087389380531	0.0962389380531	0.0884955752212	0.0851769911504	0.0796460176991	0.0884955752212	0.0884955752212	0.087389380531	0.0829646017699	0.091814159292	0.0652654867257	0.0818584070796	0.101769911504	0.087389380531	0.087389380531	0.0741150442478	0.0884955752212	0.0862831858407	0.0829646017699	0.0	0.0763274336283	0.113938053097	0.0973451327434	0.102876106195	0.103982300885	0.0862831858407	0.0951327433628	0.070796460177	0.103982300885	0.0995575221239	0.087389380531	0.108407079646	0.0940265486726	0.091814159292	0.0840707964602	0.091814159292	0.0752212389381	0.087389380531	0.091814159292	0.106194690265	0.0818584070796	0.0896017699115	0.0940265486726	0.0995575221239	0.0785398230088	0.0929203539823	0.0884955752212	0.0884955752212	0.0940265486726	0.0973451327434	0.0796460176991	0.0973451327434	0.0896017699115	0.0807522123894	0.0741150442478	0.0774336283186	0.0851769911504	0.0829646017699	0.0896017699115	0.0730088495575	0.0818584070796	0.0862831858407	0.0840707964602	0.111725663717	0.0741150442478	0.0995575221239	0.091814159292	0.0940265486726	0.100663716814	0.100663716814	0.0752212389381	0.0741150442478	0.0730088495575	0.0973451327434	0.0940265486726	0.0785398230088	0.0730088495575	0.102876106195	0.0840707964602	0.0829646017699	0.087389380531	0.0763274336283	0.0752212389381	0.091814159292	0.0807522123894	0.0641592920354	0.0807522123894	0.110619469027	0.0896017699115	0.0730088495575	0.0862831858407	0.0896017699115	0.0896017699115	0.0763274336283	0.0785398230088	0.0840707964602	0.0951327433628	0.0829646017699	0.0896017699115	0.0896017699115
