	CCIS09568613ST-4-0.snv.bam	M1.1-V1.metaG.snv.bam	M1.1-V3.metaG.snv.bam	MH0250.snv.bam	MH0252.snv.bam	MH0355.snv.bam	MH0377.snv.bam	MH0409.snv.bam	MH0417.snv.bam	MH0426.snv.bam	MH0428.snv.bam	MH0445.snv.bam	MH0447.snv.bam	MH0448.snv.bam	MH0451.snv.bam	MH0457.snv.bam	MMRS95277876ST-27-0-0.snv.bam	NG-5636_278.snv.bam	O2.UC16-1.snv.bam	SAMEA3136743.snv.bam	V1.FI14.snv.bam
CCIS09568613ST-4-0.snv.bam	0.0	0.115467118697	0.115319277183	0.117786980233	0.192849576019	0.165695135426	0.183255056859	0.186982765938	0.207619806762	0.21528286482	0.159828362396	0.212643329495	0.165510750427	0.136752893076	0.194313875325	0.267862703335	0.206741917267	0.187835799502	0.193210189346	0.23310832253	0.146801259129
M1.1-V1.metaG.snv.bam	0.115467118697	0.0	0.000148257968866	0.123973173485	0.205553922583	0.183637599817	0.187579891406	0.185283777845	0.191367733479	0.219420711568	0.138238883014	0.19675368875	0.166320414765	0.125578582668	0.161621254813	0.274876461559	0.210755879495	0.200234271937	0.192920866484	0.231578947368	0.187117936484
M1.1-V3.metaG.snv.bam	0.115319277183	0.000148257968866	0.0	0.126634320735	0.205406081069	0.183489341848	0.190271278966	0.185131663455	0.194332892857	0.219272034791	0.1380910415	0.199710519028	0.166172573251	0.125425137832	0.161472578036	0.274725654742	0.213486047856	0.200086430424	0.195651034844	0.231428571429	0.186968838527
MH0250.snv.bam	0.117786980233	0.123973173485	0.126634320735	0.0	0.18223084108	0.16597420897	0.183536495434	0.173859095216	0.151843181286	0.203229726155	0.142887835523	0.156715872146	0.159781156333	0.156719512626	0.166316579226	0.273398367296	0.160997255738	0.176754689415	0.158405876866	0.236139172411	0.169435380612
MH0252.snv.bam	0.192849576019	0.205553922583	0.205406081069	0.18223084108	0.0	0.182718608183	0.186228296501	0.169963742301	0.202059245905	0.211781803052	0.212718998602	0.204305004842	0.207516795365	0.218022933911	0.180310728623	0.250419340868	0.16380461003	0.162563117307	0.207852360892	0.224811060886	0.174836131733
MH0355.snv.bam	0.165695135426	0.183637599817	0.183489341848	0.16597420897	0.182718608183	0.0	0.178793786267	0.17871917216	0.174992056062	0.201326685583	0.174405577284	0.18005914755	0.157809250229	0.160515066112	0.203661997129	0.245741436189	0.17895746693	0.208317886798	0.142398348986	0.202877905776	0.144742136599
MH0377.snv.bam	0.183255056859	0.187579891406	0.190271278966	0.183536495434	0.186228296501	0.178793786267	0.0	0.180322807418	0.192680732972	0.213644844651	0.212224131944	0.197654542671	0.203554057507	0.202643916804	0.165303360286	0.256984752791	0.191966548059	0.197990430418	0.190938412256	0.250134824045	0.142330037428
MH0409.snv.bam	0.186982765938	0.185283777845	0.185131663455	0.173859095216	0.169963742301	0.17871917216	0.180322807418	0.0	0.198890836659	0.232900242104	0.22178054681	0.201630518746	0.213326149862	0.210141275416	0.175145033276	0.263336015892	0.21331579713	0.174194419884	0.199030869164	0.22935357718	0.172431561997
MH0417.snv.bam	0.207619806762	0.191367733479	0.194332892857	0.151843181286	0.202059245905	0.174992056062	0.192680732972	0.198890836659	0.0	0.220145073133	0.199342808482	0.00338920400642	0.188241048553	0.236139271678	0.189544031381	0.277865031412	0.17852488247	0.211174299251	0.172865667797	0.233716226358	0.197830903425
MH0426.snv.bam	0.21528286482	0.219420711568	0.219272034791	0.203229726155	0.211781803052	0.201326685583	0.213644844651	0.232900242104	0.220145073133	0.0	0.228043775412	0.225243693183	0.217374844786	0.200780601763	0.190840423937	0.296699832711	0.20878481325	0.206192812257	0.199601112479	0.232445904428	0.184868896367
MH0428.snv.bam	0.159828362396	0.138238883014	0.1380910415	0.142887835523	0.212718998602	0.174405577284	0.212224131944	0.22178054681	0.199342808482	0.228043775412	0.0	0.204235317427	0.128754700583	0.186045545904	0.194414164685	0.265520719897	0.2123002223	0.196512211572	0.204880359524	0.219081404744	0.163978000519
MH0445.snv.bam	0.212643329495	0.19675368875	0.199710519028	0.156715872146	0.204305004842	0.18005914755	0.197654542671	0.201630518746	0.00338920400642	0.225243693183	0.204235317427	0.0	0.193240802947	0.241357926822	0.194813741416	0.280026599118	0.183843555688	0.215863058802	0.178386847303	0.238985564772	0.203243634446
MH0447.snv.bam	0.165510750427	0.166320414765	0.166172573251	0.159781156333	0.207516795365	0.157809250229	0.203554057507	0.213326149862	0.188241048553	0.217374844786	0.128754700583	0.193240802947	0.0	0.194840603629	0.200311739204	0.257328436166	0.20407961264	0.191196379414	0.189451596859	0.22201549575	0.180883018845
MH0448.snv.bam	0.136752893076	0.125578582668	0.125425137832	0.156719512626	0.218022933911	0.160515066112	0.202643916804	0.210141275416	0.236139271678	0.200780601763	0.186045545904	0.241357926822	0.194840603629	0.0	0.206984892002	0.288621903864	0.21412256502	0.223193018861	0.229414184985	0.230753935637	0.207955620691
MH0451.snv.bam	0.194313875325	0.161621254813	0.161472578036	0.166316579226	0.180310728623	0.203661997129	0.165303360286	0.175145033276	0.189544031381	0.190840423937	0.194414164685	0.194813741416	0.200311739204	0.206984892002	0.0	0.277870209122	0.194091569914	0.203000418011	0.208147555376	0.249379203418	0.151023491855
MH0457.snv.bam	0.267862703335	0.274876461559	0.274725654742	0.273398367296	0.250419340868	0.245741436189	0.256984752791	0.263336015892	0.277865031412	0.296699832711	0.265520719897	0.280026599118	0.257328436166	0.288621903864	0.277870209122	0.0	0.312767408156	0.271328008861	0.269068043773	0.302230862591	0.261632813283
MMRS95277876ST-27-0-0.snv.bam	0.206741917267	0.210755879495	0.213486047856	0.160997255738	0.16380461003	0.17895746693	0.191966548059	0.21331579713	0.17852488247	0.20878481325	0.2123002223	0.183843555688	0.20407961264	0.21412256502	0.194091569914	0.312767408156	0.0	0.198765763227	0.165503648585	0.227209756373	0.162198945308
NG-5636_278.snv.bam	0.187835799502	0.200234271937	0.200086430424	0.176754689415	0.162563117307	0.208317886798	0.197990430418	0.174194419884	0.211174299251	0.206192812257	0.196512211572	0.215863058802	0.191196379414	0.223193018861	0.203000418011	0.271328008861	0.198765763227	0.0	0.185234035306	0.236653971029	0.172762730228
O2.UC16-1.snv.bam	0.193210189346	0.192920866484	0.195651034844	0.158405876866	0.207852360892	0.142398348986	0.190938412256	0.199030869164	0.172865667797	0.199601112479	0.204880359524	0.178386847303	0.189451596859	0.229414184985	0.208147555376	0.269068043773	0.165503648585	0.185234035306	0.0	0.23867965368	0.185884130321
SAMEA3136743.snv.bam	0.23310832253	0.231578947368	0.231428571429	0.236139172411	0.224811060886	0.202877905776	0.250134824045	0.22935357718	0.233716226358	0.232445904428	0.219081404744	0.238985564772	0.22201549575	0.230753935637	0.249379203418	0.302230862591	0.227209756373	0.236653971029	0.23867965368	0.0	0.214981580025
V1.FI14.snv.bam	0.146801259129	0.187117936484	0.186968838527	0.169435380612	0.174836131733	0.144742136599	0.142330037428	0.172431561997	0.197830903425	0.184868896367	0.163978000519	0.203243634446	0.180883018845	0.207955620691	0.151023491855	0.261632813283	0.162198945308	0.172762730228	0.185884130321	0.214981580025	0.0
