	159227541-stool3.snv.bam	160765029-stool1.snv.bam	404239096-stool1.snv.bam	763961826-stool1.snv.bam	765640925-stool1.snv.bam	765640925-stool2.snv.bam	BGI-17A.snv.bam	BGI-27A.snv.bam	BGI001A.snv.bam	BGI002A.snv.bam	BGI003A.snv.bam	BYQ_AAAN.snv.bam	CCIS52234160ST-4-0.snv.bam	CCIS98832363ST-4-0.snv.bam	CCMD13071240ST-21-0.snv.bam	DLF014.snv.bam	DLM019.snv.bam	DLM027.snv.bam	ED12A.snv.bam	ED15A.snv.bam	ED20A.snv.bam	ED50A.snv.bam	HT8A.snv.bam	MH0234.snv.bam	MH0305.snv.bam	MH0340.snv.bam	MH0416.snv.bam	MH0436.snv.bam	MH0438.snv.bam	MH0439.snv.bam	MH0448.snv.bam	MH0451.snv.bam	N013A.snv.bam	N017A.snv.bam	N046A.snv.bam	N062A.snv.bam	N075A.snv.bam	N085A.snv.bam	NOF012.snv.bam	NOM001.snv.bam	NOM017.snv.bam	NOM019.snv.bam	O2.UC50-0.snv.bam	O2.UC50-2.snv.bam	O2.UC53-0.snv.bam	SAMEA3136645.snv.bam	SAMEA3136673.snv.bam	SAMEA3136689.snv.bam	SAMEA3178941.snv.bam	SAMEA3178943.snv.bam	SZEY-07A.snv.bam	SZEY-24A.snv.bam	SZEY-38A.snv.bam	SZEY-41A.snv.bam	SZEY-60A.snv.bam	SZEY-66A.snv.bam	SZEY-74A.snv.bam	SZEY-75A.snv.bam	T2D-121A.snv.bam	T2D-126A.snv.bam	T2D-143A.snv.bam	T2D-14A.snv.bam	T2D-154A.snv.bam	T2D-175A.snv.bam	T2D-189A.snv.bam	T2D-20A.snv.bam	T2D-25A.snv.bam	T2D-26A.snv.bam	T2D-47A.snv.bam	T2D-49A.snv.bam	T2D-57A.snv.bam	T2D-59A.snv.bam	T2D-63A.snv.bam	T2D-68A.snv.bam	T2D-6A.snv.bam	T2D-77A.snv.bam	T2D-78A.snv.bam	V1.CD15-3.snv.bam	V1.FI15.snv.bam	V1.FI35.snv.bam	V1.FI37.snv.bam	V1.UC13-3.snv.bam	V1.UC15-3.snv.bam	V1.UC35-4.snv.bam	V1.UC39-4.snv.bam	V1.UC5-3.snv.bam	V1.UC50-1.snv.bam	halbarad-11-392-0.snv.bam	scavenger-11-392-0.snv.bam
159227541-stool3.snv.bam	0.0	0.0819672131148	0.0819672131148	0.109289617486	0.0819672131148	0.0874316939891	0.125683060109	0.0601092896175	0.0983606557377	0.109289617486	0.142076502732	0.0601092896175	0.0491803278689	0.158469945355	0.142076502732	0.0874316939891	0.0819672131148	0.103825136612	0.103825136612	0.147540983607	0.0928961748634	0.103825136612	0.0874316939891	0.0765027322404	0.169398907104	0.109289617486	0.158469945355	0.0765027322404	0.147540983607	0.109289617486	0.147540983607	0.169398907104	0.0983606557377	0.0928961748634	0.0819672131148	0.0819672131148	0.136612021858	0.0928961748634	0.180327868852	0.125683060109	0.0765027322404	0.131147540984	0.191256830601	0.191256830601	0.191256830601	0.207650273224	0.120218579235	0.147540983607	0.0983606557377	0.0819672131148	0.0655737704918	0.0601092896175	0.0874316939891	0.103825136612	0.0819672131148	0.0928961748634	0.114754098361	0.136612021858	0.0710382513661	0.0819672131148	0.0983606557377	0.125683060109	0.125683060109	0.0819672131148	0.120218579235	0.0601092896175	0.0546448087432	0.0928961748634	0.0710382513661	0.125683060109	0.0819672131148	0.0874316939891	0.0928961748634	0.0765027322404	0.103825136612	0.0655737704918	0.109289617486	0.109289617486	0.169398907104	0.142076502732	0.0874316939891	0.125683060109	0.0491803278689	0.185792349727	0.251366120219	0.136612021858	0.0710382513661	0.0655737704918	0.0655737704918
160765029-stool1.snv.bam	0.0819672131148	0.0	0.0655737704918	0.114754098361	0.120218579235	0.125683060109	0.136612021858	0.0874316939891	0.0928961748634	0.103825136612	0.114754098361	0.0327868852459	0.0655737704918	0.16393442623	0.103825136612	0.103825136612	0.0874316939891	0.103825136612	0.0655737704918	0.0765027322404	0.0437158469945	0.109289617486	0.0601092896175	0.0928961748634	0.142076502732	0.0273224043716	0.142076502732	0.0710382513661	0.109289617486	0.114754098361	0.120218579235	0.120218579235	0.103825136612	0.0874316939891	0.0546448087432	0.0327868852459	0.131147540984	0.0327868852459	0.153005464481	0.0437158469945	0.0546448087432	0.114754098361	0.174863387978	0.174863387978	0.174863387978	0.185792349727	0.103825136612	0.131147540984	0.114754098361	0.0655737704918	0.0928961748634	0.0327868852459	0.0874316939891	0.0983606557377	0.0655737704918	0.0983606557377	0.0327868852459	0.109289617486	0.0655737704918	0.0655737704918	0.103825136612	0.0437158469945	0.0437158469945	0.0546448087432	0.131147540984	0.0327868852459	0.0491803278689	0.0327868852459	0.0601092896175	0.0874316939891	0.0874316939891	0.0928961748634	0.0327868852459	0.114754098361	0.109289617486	0.0710382513661	0.114754098361	0.0928961748634	0.153005464481	0.125683060109	0.114754098361	0.109289617486	0.0546448087432	0.147540983607	0.234972677596	0.0983606557377	0.0655737704918	0.0819672131148	0.0819672131148
404239096-stool1.snv.bam	0.0819672131148	0.0655737704918	0.0	0.103825136612	0.120218579235	0.125683060109	0.120218579235	0.0765027322404	0.0601092896175	0.0819672131148	0.0928961748634	0.0327868852459	0.0765027322404	0.185792349727	0.131147540984	0.0819672131148	0.109289617486	0.103825136612	0.0983606557377	0.131147540984	0.0874316939891	0.0874316939891	0.0710382513661	0.0819672131148	0.196721311475	0.0819672131148	0.131147540984	0.0710382513661	0.114754098361	0.114754098361	0.153005464481	0.16393442623	0.0983606557377	0.0546448087432	0.0437158469945	0.0655737704918	0.142076502732	0.0765027322404	0.174863387978	0.0765027322404	0.0655737704918	0.142076502732	0.185792349727	0.185792349727	0.185792349727	0.218579234973	0.120218579235	0.158469945355	0.114754098361	0.0546448087432	0.0710382513661	0.0327868852459	0.0983606557377	0.0874316939891	0.0	0.0765027322404	0.0983606557377	0.120218579235	0.0437158469945	0.0655737704918	0.0710382513661	0.0765027322404	0.0765027322404	0.0437158469945	0.120218579235	0.0655737704918	0.0491803278689	0.0765027322404	0.0710382513661	0.120218579235	0.109289617486	0.0765027322404	0.0765027322404	0.0710382513661	0.0601092896175	0.0491803278689	0.114754098361	0.0928961748634	0.174863387978	0.136612021858	0.114754098361	0.120218579235	0.0546448087432	0.158469945355	0.229508196721	0.109289617486	0.0874316939891	0.0710382513661	0.0710382513661
763961826-stool1.snv.bam	0.109289617486	0.114754098361	0.103825136612	0.0	0.147540983607	0.153005464481	0.0983606557377	0.103825136612	0.131147540984	0.109289617486	0.120218579235	0.0819672131148	0.120218579235	0.169398907104	0.103825136612	0.0710382513661	0.169398907104	0.142076502732	0.136612021858	0.103825136612	0.136612021858	0.136612021858	0.131147540984	0.142076502732	0.234972677596	0.131147540984	0.0928961748634	0.0983606557377	0.185792349727	0.153005464481	0.0710382513661	0.125683060109	0.142076502732	0.0928961748634	0.125683060109	0.125683060109	0.0819672131148	0.125683060109	0.169398907104	0.147540983607	0.0928961748634	0.131147540984	0.147540983607	0.147540983607	0.147540983607	0.196721311475	0.0983606557377	0.213114754098	0.0765027322404	0.0710382513661	0.142076502732	0.0819672131148	0.158469945355	0.158469945355	0.103825136612	0.136612021858	0.147540983607	0.191256830601	0.103825136612	0.114754098361	0.131147540984	0.147540983607	0.147540983607	0.125683060109	0.169398907104	0.114754098361	0.0874316939891	0.125683060109	0.0983606557377	0.169398907104	0.169398907104	0.120218579235	0.125683060109	0.142076502732	0.136612021858	0.0874316939891	0.16393442623	0.120218579235	0.125683060109	0.174863387978	0.0765027322404	0.191256830601	0.103825136612	0.229508196721	0.251366120219	0.180327868852	0.136612021858	0.131147540984	0.131147540984
765640925-stool1.snv.bam	0.0819672131148	0.120218579235	0.120218579235	0.147540983607	0.0	0.0	0.142076502732	0.0983606557377	0.103825136612	0.103825136612	0.136612021858	0.109289617486	0.0874316939891	0.174863387978	0.16393442623	0.125683060109	0.120218579235	0.0874316939891	0.0983606557377	0.180327868852	0.120218579235	0.120218579235	0.103825136612	0.0928961748634	0.185792349727	0.114754098361	0.153005464481	0.0928961748634	0.142076502732	0.0601092896175	0.174863387978	0.185792349727	0.125683060109	0.131147540984	0.0983606557377	0.0983606557377	0.142076502732	0.131147540984	0.174863387978	0.120218579235	0.0601092896175	0.158469945355	0.196721311475	0.196721311475	0.196721311475	0.20218579235	0.147540983607	0.174863387978	0.103825136612	0.0983606557377	0.0819672131148	0.109289617486	0.109289617486	0.0983606557377	0.120218579235	0.0874316939891	0.131147540984	0.131147540984	0.109289617486	0.0983606557377	0.114754098361	0.120218579235	0.120218579235	0.0928961748634	0.120218579235	0.0983606557377	0.103825136612	0.131147540984	0.0546448087432	0.109289617486	0.120218579235	0.103825136612	0.131147540984	0.125683060109	0.109289617486	0.103825136612	0.114754098361	0.103825136612	0.185792349727	0.136612021858	0.0819672131148	0.0874316939891	0.0765027322404	0.158469945355	0.245901639344	0.109289617486	0.0874316939891	0.0928961748634	0.0928961748634
765640925-stool2.snv.bam	0.0874316939891	0.125683060109	0.125683060109	0.153005464481	0.0	0.0	0.147540983607	0.103825136612	0.109289617486	0.109289617486	0.142076502732	0.114754098361	0.0928961748634	0.180327868852	0.169398907104	0.131147540984	0.125683060109	0.0928961748634	0.103825136612	0.185792349727	0.125683060109	0.125683060109	0.109289617486	0.0983606557377	0.191256830601	0.120218579235	0.158469945355	0.0983606557377	0.147540983607	0.0655737704918	0.180327868852	0.191256830601	0.131147540984	0.136612021858	0.103825136612	0.103825136612	0.147540983607	0.136612021858	0.180327868852	0.125683060109	0.0655737704918	0.16393442623	0.20218579235	0.20218579235	0.20218579235	0.207650273224	0.153005464481	0.180327868852	0.109289617486	0.103825136612	0.0874316939891	0.114754098361	0.114754098361	0.103825136612	0.125683060109	0.0928961748634	0.136612021858	0.136612021858	0.114754098361	0.103825136612	0.120218579235	0.125683060109	0.125683060109	0.0983606557377	0.125683060109	0.103825136612	0.109289617486	0.136612021858	0.0601092896175	0.114754098361	0.125683060109	0.109289617486	0.136612021858	0.131147540984	0.114754098361	0.109289617486	0.120218579235	0.109289617486	0.191256830601	0.142076502732	0.0874316939891	0.0928961748634	0.0819672131148	0.16393442623	0.251366120219	0.114754098361	0.0928961748634	0.0983606557377	0.0983606557377
BGI-17A.snv.bam	0.125683060109	0.136612021858	0.120218579235	0.0983606557377	0.142076502732	0.147540983607	0.0	0.0928961748634	0.0983606557377	0.103825136612	0.0655737704918	0.103825136612	0.0983606557377	0.142076502732	0.142076502732	0.0928961748634	0.153005464481	0.114754098361	0.103825136612	0.120218579235	0.125683060109	0.0819672131148	0.153005464481	0.131147540984	0.207650273224	0.114754098361	0.120218579235	0.120218579235	0.16393442623	0.153005464481	0.131147540984	0.125683060109	0.0546448087432	0.109289617486	0.147540983607	0.147540983607	0.0874316939891	0.136612021858	0.142076502732	0.136612021858	0.0983606557377	0.0819672131148	0.158469945355	0.158469945355	0.158469945355	0.158469945355	0.120218579235	0.213114754098	0.120218579235	0.136612021858	0.136612021858	0.103825136612	0.142076502732	0.136612021858	0.125683060109	0.136612021858	0.125683060109	0.147540983607	0.120218579235	0.103825136612	0.0928961748634	0.136612021858	0.136612021858	0.142076502732	0.0819672131148	0.136612021858	0.103825136612	0.136612021858	0.103825136612	0.169398907104	0.153005464481	0.0437158469945	0.136612021858	0.153005464481	0.0601092896175	0.120218579235	0.0983606557377	0.153005464481	0.114754098361	0.185792349727	0.114754098361	0.16393442623	0.103825136612	0.213114754098	0.207650273224	0.180327868852	0.114754098361	0.147540983607	0.147540983607
BGI-27A.snv.bam	0.0601092896175	0.0874316939891	0.0765027322404	0.103825136612	0.0983606557377	0.103825136612	0.0928961748634	0.0	0.0710382513661	0.0819672131148	0.103825136612	0.0546448087432	0.0874316939891	0.16393442623	0.158469945355	0.0928961748634	0.120218579235	0.0601092896175	0.0874316939891	0.147540983607	0.109289617486	0.0765027322404	0.103825136612	0.0819672131148	0.174863387978	0.0710382513661	0.120218579235	0.103825136612	0.153005464481	0.125683060109	0.131147540984	0.174863387978	0.0819672131148	0.0874316939891	0.0983606557377	0.0983606557377	0.0983606557377	0.0983606557377	0.16393442623	0.0874316939891	0.0491803278689	0.136612021858	0.16393442623	0.16393442623	0.16393442623	0.213114754098	0.125683060109	0.174863387978	0.125683060109	0.0765027322404	0.0874316939891	0.0546448087432	0.114754098361	0.0983606557377	0.0765027322404	0.0874316939891	0.0819672131148	0.0874316939891	0.0655737704918	0.0655737704918	0.0601092896175	0.0874316939891	0.0874316939891	0.0928961748634	0.0710382513661	0.0874316939891	0.0491803278689	0.0983606557377	0.0491803278689	0.120218579235	0.120218579235	0.0601092896175	0.0983606557377	0.0928961748634	0.0765027322404	0.0601092896175	0.0601092896175	0.125683060109	0.131147540984	0.169398907104	0.114754098361	0.142076502732	0.0546448087432	0.158469945355	0.234972677596	0.131147540984	0.0765027322404	0.0819672131148	0.0819672131148
BGI001A.snv.bam	0.0983606557377	0.0928961748634	0.0601092896175	0.131147540984	0.103825136612	0.109289617486	0.0983606557377	0.0710382513661	0.0	0.0874316939891	0.0983606557377	0.0601092896175	0.0928961748634	0.158469945355	0.158469945355	0.0983606557377	0.125683060109	0.109289617486	0.103825136612	0.153005464481	0.0928961748634	0.0710382513661	0.0983606557377	0.0874316939891	0.191256830601	0.0765027322404	0.125683060109	0.0983606557377	0.0928961748634	0.109289617486	0.169398907104	0.169398907104	0.0765027322404	0.0928961748634	0.0819672131148	0.0928961748634	0.136612021858	0.103825136612	0.136612021858	0.0710382513661	0.0710382513661	0.120218579235	0.191256830601	0.191256830601	0.191256830601	0.196721311475	0.131147540984	0.191256830601	0.142076502732	0.0928961748634	0.0874316939891	0.0601092896175	0.114754098361	0.0710382513661	0.0601092896175	0.0819672131148	0.0928961748634	0.103825136612	0.0710382513661	0.0710382513661	0.0655737704918	0.0710382513661	0.0710382513661	0.0765027322404	0.0983606557377	0.0928961748634	0.0765027322404	0.103825136612	0.0765027322404	0.125683060109	0.125683060109	0.0546448087432	0.103825136612	0.109289617486	0.0491803278689	0.0765027322404	0.0874316939891	0.0874316939891	0.169398907104	0.109289617486	0.142076502732	0.103825136612	0.0710382513661	0.16393442623	0.207650273224	0.125683060109	0.0819672131148	0.0983606557377	0.0983606557377
BGI002A.snv.bam	0.109289617486	0.103825136612	0.0819672131148	0.109289617486	0.103825136612	0.109289617486	0.103825136612	0.0819672131148	0.0874316939891	0.0	0.0983606557377	0.0710382513661	0.114754098361	0.169398907104	0.153005464481	0.0874316939891	0.158469945355	0.0874316939891	0.0928961748634	0.131147540984	0.125683060109	0.103825136612	0.120218579235	0.109289617486	0.191256830601	0.0928961748634	0.114754098361	0.109289617486	0.131147540984	0.109289617486	0.147540983607	0.147540983607	0.120218579235	0.0273224043716	0.103825136612	0.114754098361	0.114754098361	0.114754098361	0.158469945355	0.0928961748634	0.0546448087432	0.131147540984	0.158469945355	0.158469945355	0.158469945355	0.218579234973	0.153005464481	0.20218579235	0.120218579235	0.103825136612	0.109289617486	0.0710382513661	0.147540983607	0.114754098361	0.0819672131148	0.0819672131148	0.114754098361	0.114754098361	0.0491803278689	0.0710382513661	0.0765027322404	0.0928961748634	0.0928961748634	0.0983606557377	0.131147540984	0.114754098361	0.0546448087432	0.114754098361	0.0655737704918	0.125683060109	0.158469945355	0.0983606557377	0.114754098361	0.109289617486	0.0928961748634	0.0874316939891	0.120218579235	0.131147540984	0.147540983607	0.174863387978	0.109289617486	0.125683060109	0.0819672131148	0.185792349727	0.229508196721	0.125683060109	0.114754098361	0.0983606557377	0.0983606557377
BGI003A.snv.bam	0.142076502732	0.114754098361	0.0928961748634	0.120218579235	0.136612021858	0.142076502732	0.0655737704918	0.103825136612	0.0983606557377	0.0983606557377	0.0	0.103825136612	0.120218579235	0.158469945355	0.142076502732	0.120218579235	0.169398907104	0.0928961748634	0.0928961748634	0.131147540984	0.136612021858	0.0819672131148	0.120218579235	0.153005464481	0.213114754098	0.0983606557377	0.103825136612	0.0983606557377	0.16393442623	0.131147540984	0.136612021858	0.158469945355	0.0983606557377	0.0928961748634	0.0928961748634	0.114754098361	0.103825136612	0.125683060109	0.136612021858	0.0928961748634	0.0819672131148	0.131147540984	0.169398907104	0.169398907104	0.169398907104	0.196721311475	0.16393442623	0.213114754098	0.109289617486	0.0928961748634	0.109289617486	0.103825136612	0.158469945355	0.103825136612	0.0928961748634	0.125683060109	0.114754098361	0.125683060109	0.103825136612	0.114754098361	0.0765027322404	0.0928961748634	0.0928961748634	0.0874316939891	0.103825136612	0.114754098361	0.109289617486	0.125683060109	0.0819672131148	0.147540983607	0.169398907104	0.0765027322404	0.125683060109	0.131147540984	0.0601092896175	0.109289617486	0.0983606557377	0.120218579235	0.147540983607	0.185792349727	0.109289617486	0.147540983607	0.0928961748634	0.185792349727	0.196721311475	0.147540983607	0.103825136612	0.109289617486	0.109289617486
BYQ_AAAN.snv.bam	0.0601092896175	0.0327868852459	0.0327868852459	0.0819672131148	0.109289617486	0.114754098361	0.103825136612	0.0546448087432	0.0601092896175	0.0710382513661	0.103825136612	0.0	0.0655737704918	0.16393442623	0.114754098361	0.0710382513661	0.0983606557377	0.0928961748634	0.0765027322404	0.0983606557377	0.0546448087432	0.0765027322404	0.0601092896175	0.0601092896175	0.16393442623	0.0491803278689	0.131147540984	0.0601092896175	0.109289617486	0.103825136612	0.131147540984	0.131147540984	0.0819672131148	0.0546448087432	0.0546448087432	0.0546448087432	0.120218579235	0.0437158469945	0.16393442623	0.0655737704918	0.0437158469945	0.114754098361	0.174863387978	0.174863387978	0.174863387978	0.20218579235	0.103825136612	0.142076502732	0.103825136612	0.0546448087432	0.0819672131148	0.0	0.0874316939891	0.0874316939891	0.0327868852459	0.0655737704918	0.0655737704918	0.120218579235	0.0273224043716	0.0437158469945	0.0710382513661	0.0655737704918	0.0655737704918	0.0546448087432	0.114754098361	0.0437158469945	0.016393442623	0.0437158469945	0.0491803278689	0.0983606557377	0.0983606557377	0.0601092896175	0.0437158469945	0.0819672131148	0.0765027322404	0.0382513661202	0.103825136612	0.0819672131148	0.153005464481	0.125683060109	0.103825136612	0.120218579235	0.0437158469945	0.158469945355	0.245901639344	0.109289617486	0.0655737704918	0.0710382513661	0.0710382513661
CCIS52234160ST-4-0.snv.bam	0.0491803278689	0.0655737704918	0.0765027322404	0.120218579235	0.0874316939891	0.0928961748634	0.0983606557377	0.0874316939891	0.0928961748634	0.114754098361	0.120218579235	0.0655737704918	0.0	0.114754098361	0.0983606557377	0.103825136612	0.0327868852459	0.0983606557377	0.0819672131148	0.0928961748634	0.0491803278689	0.120218579235	0.0710382513661	0.0710382513661	0.147540983607	0.0928961748634	0.147540983607	0.0546448087432	0.125683060109	0.0983606557377	0.136612021858	0.131147540984	0.0874316939891	0.0983606557377	0.0655737704918	0.0655737704918	0.114754098361	0.0601092896175	0.147540983607	0.109289617486	0.0765027322404	0.0710382513661	0.191256830601	0.191256830601	0.191256830601	0.169398907104	0.114754098361	0.136612021858	0.0983606557377	0.0874316939891	0.0491803278689	0.0655737704918	0.0382513661202	0.0874316939891	0.0765027322404	0.0983606557377	0.0874316939891	0.120218579235	0.0874316939891	0.0765027322404	0.114754098361	0.109289617486	0.109289617486	0.0655737704918	0.103825136612	0.0437158469945	0.0710382513661	0.0601092896175	0.0819672131148	0.103825136612	0.0327868852459	0.0874316939891	0.0601092896175	0.0928961748634	0.103825136612	0.0928961748634	0.0928961748634	0.0874316939891	0.158469945355	0.120218579235	0.0874316939891	0.109289617486	0.0437158469945	0.16393442623	0.213114754098	0.109289617486	0.0546448087432	0.0601092896175	0.0601092896175
CCIS98832363ST-4-0.snv.bam	0.158469945355	0.16393442623	0.185792349727	0.169398907104	0.174863387978	0.180327868852	0.142076502732	0.16393442623	0.158469945355	0.169398907104	0.158469945355	0.16393442623	0.114754098361	0.0	0.153005464481	0.174863387978	0.16393442623	0.16393442623	0.16393442623	0.147540983607	0.174863387978	0.207650273224	0.169398907104	0.191256830601	0.185792349727	0.169398907104	0.174863387978	0.136612021858	0.213114754098	0.180327868852	0.185792349727	0.207650273224	0.191256830601	0.174863387978	0.16393442623	0.16393442623	0.142076502732	0.16393442623	0.131147540984	0.185792349727	0.147540983607	0.103825136612	0.153005464481	0.153005464481	0.153005464481	0.224043715847	0.213114754098	0.24043715847	0.136612021858	0.185792349727	0.169398907104	0.16393442623	0.16393442623	0.174863387978	0.185792349727	0.174863387978	0.16393442623	0.218579234973	0.185792349727	0.153005464481	0.191256830601	0.185792349727	0.185792349727	0.158469945355	0.207650273224	0.142076502732	0.169398907104	0.16393442623	0.158469945355	0.185792349727	0.16393442623	0.191256830601	0.16393442623	0.191256830601	0.207650273224	0.191256830601	0.191256830601	0.136612021858	0.185792349727	0.20218579235	0.136612021858	0.207650273224	0.153005464481	0.213114754098	0.180327868852	0.196721311475	0.131147540984	0.147540983607	0.147540983607
CCMD13071240ST-21-0.snv.bam	0.142076502732	0.103825136612	0.131147540984	0.103825136612	0.16393442623	0.169398907104	0.142076502732	0.158469945355	0.158469945355	0.153005464481	0.142076502732	0.114754098361	0.0983606557377	0.153005464481	0.0	0.131147540984	0.153005464481	0.16393442623	0.158469945355	0.0710382513661	0.147540983607	0.180327868852	0.120218579235	0.16393442623	0.147540983607	0.120218579235	0.158469945355	0.0874316939891	0.136612021858	0.142076502732	0.0710382513661	0.103825136612	0.185792349727	0.136612021858	0.114754098361	0.0928961748634	0.125683060109	0.136612021858	0.0819672131148	0.136612021858	0.125683060109	0.136612021858	0.147540983607	0.147540983607	0.147540983607	0.120218579235	0.120218579235	0.131147540984	0.0874316939891	0.136612021858	0.142076502732	0.114754098361	0.142076502732	0.125683060109	0.131147540984	0.147540983607	0.136612021858	0.185792349727	0.147540983607	0.147540983607	0.169398907104	0.136612021858	0.131147540984	0.114754098361	0.20218579235	0.103825136612	0.131147540984	0.136612021858	0.131147540984	0.0819672131148	0.153005464481	0.16393442623	0.136612021858	0.16393442623	0.180327868852	0.142076502732	0.180327868852	0.103825136612	0.125683060109	0.125683060109	0.0874316939891	0.114754098361	0.125683060109	0.153005464481	0.16393442623	0.131147540984	0.125683060109	0.131147540984	0.131147540984
DLF014.snv.bam	0.0874316939891	0.103825136612	0.0819672131148	0.0710382513661	0.125683060109	0.131147540984	0.0928961748634	0.0928961748634	0.0983606557377	0.0874316939891	0.120218579235	0.0710382513661	0.103825136612	0.174863387978	0.131147540984	0.0	0.142076502732	0.114754098361	0.125683060109	0.125683060109	0.114754098361	0.103825136612	0.0765027322404	0.109289617486	0.213114754098	0.120218579235	0.114754098361	0.0983606557377	0.147540983607	0.131147540984	0.125683060109	0.136612021858	0.114754098361	0.0710382513661	0.103825136612	0.103825136612	0.114754098361	0.114754098361	0.158469945355	0.125683060109	0.0874316939891	0.125683060109	0.158469945355	0.158469945355	0.158469945355	0.207650273224	0.103825136612	0.20218579235	0.0874316939891	0.0819672131148	0.109289617486	0.0710382513661	0.131147540984	0.114754098361	0.0819672131148	0.0819672131148	0.136612021858	0.158469945355	0.0819672131148	0.103825136612	0.0983606557377	0.125683060109	0.125683060109	0.0983606557377	0.125683060109	0.103825136612	0.0765027322404	0.114754098361	0.0874316939891	0.158469945355	0.142076502732	0.0928961748634	0.114754098361	0.120218579235	0.0983606557377	0.0327868852459	0.142076502732	0.120218579235	0.147540983607	0.153005464481	0.0874316939891	0.158469945355	0.0710382513661	0.207650273224	0.245901639344	0.125683060109	0.125683060109	0.109289617486	0.109289617486
DLM019.snv.bam	0.0819672131148	0.0874316939891	0.109289617486	0.169398907104	0.120218579235	0.125683060109	0.153005464481	0.120218579235	0.125683060109	0.158469945355	0.169398907104	0.0983606557377	0.0327868852459	0.16393442623	0.153005464481	0.142076502732	0.0	0.125683060109	0.109289617486	0.153005464481	0.0765027322404	0.120218579235	0.0928961748634	0.103825136612	0.185792349727	0.114754098361	0.196721311475	0.0928961748634	0.16393442623	0.136612021858	0.185792349727	0.185792349727	0.125683060109	0.142076502732	0.0874316939891	0.0874316939891	0.16393442623	0.0874316939891	0.196721311475	0.131147540984	0.103825136612	0.125683060109	0.24043715847	0.24043715847	0.24043715847	0.218579234973	0.158469945355	0.174863387978	0.147540983607	0.120218579235	0.0819672131148	0.0983606557377	0.00546448087432	0.120218579235	0.109289617486	0.131147540984	0.109289617486	0.131147540984	0.120218579235	0.109289617486	0.147540983607	0.131147540984	0.131147540984	0.0874316939891	0.120218579235	0.0655737704918	0.103825136612	0.0874316939891	0.114754098361	0.142076502732	0.0	0.125683060109	0.0874316939891	0.103825136612	0.142076502732	0.125683060109	0.125683060109	0.125683060109	0.207650273224	0.158469945355	0.136612021858	0.142076502732	0.0765027322404	0.20218579235	0.267759562842	0.142076502732	0.0874316939891	0.0928961748634	0.0928961748634
DLM027.snv.bam	0.103825136612	0.103825136612	0.103825136612	0.142076502732	0.0874316939891	0.0928961748634	0.114754098361	0.0601092896175	0.109289617486	0.0874316939891	0.0928961748634	0.0928961748634	0.0983606557377	0.16393442623	0.16393442623	0.114754098361	0.125683060109	0.0	0.0601092896175	0.158469945355	0.125683060109	0.0928961748634	0.0819672131148	0.109289617486	0.191256830601	0.0983606557377	0.142076502732	0.103825136612	0.158469945355	0.103825136612	0.16393442623	0.185792349727	0.109289617486	0.114754098361	0.0928961748634	0.0983606557377	0.131147540984	0.114754098361	0.158469945355	0.103825136612	0.0491803278689	0.147540983607	0.185792349727	0.185792349727	0.185792349727	0.229508196721	0.158469945355	0.185792349727	0.131147540984	0.0928961748634	0.0874316939891	0.0928961748634	0.120218579235	0.109289617486	0.103825136612	0.0655737704918	0.109289617486	0.0928961748634	0.0928961748634	0.0819672131148	0.0655737704918	0.103825136612	0.103825136612	0.0819672131148	0.0601092896175	0.0928961748634	0.0874316939891	0.114754098361	0.0491803278689	0.103825136612	0.125683060109	0.0874316939891	0.114754098361	0.114754098361	0.0928961748634	0.0819672131148	0.0546448087432	0.125683060109	0.174863387978	0.180327868852	0.120218579235	0.114754098361	0.0601092896175	0.174863387978	0.234972677596	0.0928961748634	0.0983606557377	0.0819672131148	0.0819672131148
ED12A.snv.bam	0.103825136612	0.0655737704918	0.0983606557377	0.136612021858	0.0983606557377	0.103825136612	0.103825136612	0.0874316939891	0.103825136612	0.0928961748634	0.0928961748634	0.0765027322404	0.0819672131148	0.16393442623	0.158469945355	0.125683060109	0.109289617486	0.0601092896175	0.0	0.114754098361	0.0655737704918	0.0874316939891	0.0928961748634	0.136612021858	0.16393442623	0.0710382513661	0.142076502732	0.0928961748634	0.153005464481	0.103825136612	0.16393442623	0.174863387978	0.0710382513661	0.120218579235	0.0874316939891	0.0874316939891	0.120218579235	0.0546448087432	0.185792349727	0.0874316939891	0.0327868852459	0.136612021858	0.196721311475	0.196721311475	0.196721311475	0.218579234973	0.147540983607	0.185792349727	0.136612021858	0.0874316939891	0.114754098361	0.0765027322404	0.109289617486	0.109289617486	0.0983606557377	0.0874316939891	0.0655737704918	0.142076502732	0.0983606557377	0.0437158469945	0.0819672131148	0.0874316939891	0.0874316939891	0.0819672131148	0.103825136612	0.0655737704918	0.0819672131148	0.0546448087432	0.0327868852459	0.0983606557377	0.109289617486	0.0710382513661	0.0546448087432	0.136612021858	0.0874316939891	0.0928961748634	0.0928961748634	0.125683060109	0.16393442623	0.180327868852	0.136612021858	0.120218579235	0.0765027322404	0.180327868852	0.267759562842	0.109289617486	0.0655737704918	0.103825136612	0.103825136612
ED15A.snv.bam	0.147540983607	0.0765027322404	0.131147540984	0.103825136612	0.180327868852	0.185792349727	0.120218579235	0.147540983607	0.153005464481	0.131147540984	0.131147540984	0.0983606557377	0.0928961748634	0.147540983607	0.0710382513661	0.125683060109	0.153005464481	0.158469945355	0.114754098361	0.0	0.0874316939891	0.158469945355	0.136612021858	0.158469945355	0.169398907104	0.0983606557377	0.147540983607	0.0928961748634	0.158469945355	0.153005464481	0.0983606557377	0.0874316939891	0.153005464481	0.120218579235	0.131147540984	0.109289617486	0.103825136612	0.0765027322404	0.136612021858	0.114754098361	0.114754098361	0.103825136612	0.158469945355	0.158469945355	0.158469945355	0.158469945355	0.136612021858	0.174863387978	0.103825136612	0.131147540984	0.158469945355	0.0983606557377	0.153005464481	0.158469945355	0.131147540984	0.158469945355	0.0928961748634	0.169398907104	0.131147540984	0.114754098361	0.16393442623	0.114754098361	0.109289617486	0.125683060109	0.191256830601	0.109289617486	0.114754098361	0.0765027322404	0.120218579235	0.125683060109	0.153005464481	0.147540983607	0.0765027322404	0.180327868852	0.169398907104	0.136612021858	0.174863387978	0.125683060109	0.125683060109	0.169398907104	0.103825136612	0.158469945355	0.120218579235	0.185792349727	0.207650273224	0.147540983607	0.114754098361	0.147540983607	0.147540983607
ED20A.snv.bam	0.0928961748634	0.0437158469945	0.0874316939891	0.136612021858	0.120218579235	0.125683060109	0.125683060109	0.109289617486	0.0928961748634	0.125683060109	0.136612021858	0.0546448087432	0.0491803278689	0.174863387978	0.147540983607	0.114754098361	0.0765027322404	0.125683060109	0.0655737704918	0.0874316939891	0.0	0.120218579235	0.0819672131148	0.0928961748634	0.16393442623	0.0710382513661	0.16393442623	0.0819672131148	0.131147540984	0.125683060109	0.16393442623	0.142076502732	0.0928961748634	0.109289617486	0.0765027322404	0.0765027322404	0.142076502732	0.0109289617486	0.196721311475	0.0874316939891	0.0765027322404	0.103825136612	0.218579234973	0.218579234973	0.218579234973	0.207650273224	0.125683060109	0.174863387978	0.136612021858	0.0874316939891	0.0928961748634	0.0546448087432	0.0765027322404	0.109289617486	0.0874316939891	0.120218579235	0.0655737704918	0.131147540984	0.0874316939891	0.0765027322404	0.125683060109	0.0874316939891	0.0874316939891	0.0710382513661	0.125683060109	0.0546448087432	0.0710382513661	0.0109289617486	0.0819672131148	0.131147540984	0.0765027322404	0.0928961748634	0.0109289617486	0.136612021858	0.109289617486	0.0928961748634	0.114754098361	0.114754098361	0.185792349727	0.147540983607	0.136612021858	0.131147540984	0.0655737704918	0.191256830601	0.27868852459	0.142076502732	0.0765027322404	0.103825136612	0.103825136612
ED50A.snv.bam	0.103825136612	0.109289617486	0.0874316939891	0.136612021858	0.120218579235	0.125683060109	0.0819672131148	0.0765027322404	0.0710382513661	0.103825136612	0.0819672131148	0.0765027322404	0.120218579235	0.207650273224	0.180327868852	0.103825136612	0.120218579235	0.0928961748634	0.0874316939891	0.158469945355	0.120218579235	0.0	0.114754098361	0.114754098361	0.196721311475	0.0928961748634	0.142076502732	0.114754098361	0.153005464481	0.125683060109	0.174863387978	0.185792349727	0.0601092896175	0.109289617486	0.109289617486	0.109289617486	0.142076502732	0.114754098361	0.174863387978	0.0983606557377	0.0765027322404	0.169398907104	0.196721311475	0.196721311475	0.196721311475	0.224043715847	0.147540983607	0.207650273224	0.147540983607	0.0983606557377	0.114754098361	0.0765027322404	0.109289617486	0.0983606557377	0.0874316939891	0.0983606557377	0.109289617486	0.109289617486	0.0874316939891	0.0874316939891	0.0601092896175	0.0928961748634	0.0983606557377	0.0874316939891	0.0437158469945	0.109289617486	0.0819672131148	0.120218579235	0.0765027322404	0.142076502732	0.120218579235	0.0382513661202	0.120218579235	0.103825136612	0.0437158469945	0.0819672131148	0.0928961748634	0.136612021858	0.174863387978	0.169398907104	0.147540983607	0.142076502732	0.0765027322404	0.180327868852	0.267759562842	0.142076502732	0.0983606557377	0.114754098361	0.114754098361
HT8A.snv.bam	0.0874316939891	0.0601092896175	0.0710382513661	0.131147540984	0.103825136612	0.109289617486	0.153005464481	0.103825136612	0.0983606557377	0.120218579235	0.120218579235	0.0601092896175	0.0710382513661	0.169398907104	0.120218579235	0.0765027322404	0.0928961748634	0.0819672131148	0.0928961748634	0.136612021858	0.0819672131148	0.114754098361	0.0	0.0983606557377	0.191256830601	0.0765027322404	0.147540983607	0.0546448087432	0.136612021858	0.0983606557377	0.158469945355	0.169398907104	0.131147540984	0.103825136612	0.0273224043716	0.0382513661202	0.147540983607	0.0710382513661	0.147540983607	0.0819672131148	0.0710382513661	0.153005464481	0.20218579235	0.20218579235	0.20218579235	0.20218579235	0.142076502732	0.147540983607	0.0983606557377	0.0710382513661	0.0765027322404	0.0601092896175	0.0819672131148	0.0819672131148	0.0710382513661	0.0382513661202	0.0928961748634	0.147540983607	0.0819672131148	0.0928961748634	0.0983606557377	0.0819672131148	0.0819672131148	0.0218579234973	0.125683060109	0.0273224043716	0.0765027322404	0.0710382513661	0.0765027322404	0.0928961748634	0.0928961748634	0.109289617486	0.0710382513661	0.0983606557377	0.114754098361	0.0437158469945	0.131147540984	0.0765027322404	0.191256830601	0.131147540984	0.0983606557377	0.103825136612	0.0601092896175	0.16393442623	0.24043715847	0.0710382513661	0.0710382513661	0.0655737704918	0.0655737704918
MH0234.snv.bam	0.0765027322404	0.0928961748634	0.0819672131148	0.142076502732	0.0928961748634	0.0983606557377	0.131147540984	0.0819672131148	0.0874316939891	0.109289617486	0.153005464481	0.0601092896175	0.0710382513661	0.191256830601	0.16393442623	0.109289617486	0.103825136612	0.109289617486	0.136612021858	0.158469945355	0.0928961748634	0.114754098361	0.0983606557377	0.0	0.180327868852	0.109289617486	0.180327868852	0.0983606557377	0.114754098361	0.109289617486	0.180327868852	0.169398907104	0.120218579235	0.0928961748634	0.0928961748634	0.0928961748634	0.169398907104	0.103825136612	0.191256830601	0.114754098361	0.103825136612	0.131147540984	0.213114754098	0.213114754098	0.213114754098	0.229508196721	0.142076502732	0.180327868852	0.142076502732	0.103825136612	0.0546448087432	0.0601092896175	0.0983606557377	0.114754098361	0.0819672131148	0.103825136612	0.125683060109	0.114754098361	0.0710382513661	0.103825136612	0.109289617486	0.114754098361	0.114754098361	0.0928961748634	0.109289617486	0.0928961748634	0.0655737704918	0.103825136612	0.109289617486	0.147540983607	0.103825136612	0.0983606557377	0.103825136612	0.0874316939891	0.103825136612	0.0874316939891	0.109289617486	0.0983606557377	0.20218579235	0.120218579235	0.109289617486	0.136612021858	0.0601092896175	0.16393442623	0.262295081967	0.147540983607	0.114754098361	0.0874316939891	0.0874316939891
MH0305.snv.bam	0.169398907104	0.142076502732	0.196721311475	0.234972677596	0.185792349727	0.191256830601	0.207650273224	0.174863387978	0.191256830601	0.191256830601	0.213114754098	0.16393442623	0.147540983607	0.185792349727	0.147540983607	0.213114754098	0.185792349727	0.191256830601	0.16393442623	0.169398907104	0.16393442623	0.196721311475	0.191256830601	0.180327868852	0.0	0.147540983607	0.24043715847	0.180327868852	0.153005464481	0.20218579235	0.185792349727	0.207650273224	0.180327868852	0.196721311475	0.185792349727	0.16393442623	0.207650273224	0.16393442623	0.196721311475	0.16393442623	0.153005464481	0.20218579235	0.185792349727	0.185792349727	0.185792349727	0.234972677596	0.191256830601	0.191256830601	0.224043715847	0.185792349727	0.158469945355	0.16393442623	0.174863387978	0.16393442623	0.196721311475	0.196721311475	0.142076502732	0.185792349727	0.174863387978	0.16393442623	0.191256830601	0.16393442623	0.153005464481	0.180327868852	0.207650273224	0.16393442623	0.158469945355	0.16393442623	0.158469945355	0.131147540984	0.185792349727	0.180327868852	0.16393442623	0.191256830601	0.196721311475	0.191256830601	0.191256830601	0.213114754098	0.207650273224	0.213114754098	0.213114754098	0.153005464481	0.153005464481	0.147540983607	0.273224043716	0.185792349727	0.153005464481	0.180327868852	0.180327868852
MH0340.snv.bam	0.109289617486	0.0273224043716	0.0819672131148	0.131147540984	0.114754098361	0.120218579235	0.114754098361	0.0710382513661	0.0765027322404	0.0928961748634	0.0983606557377	0.0491803278689	0.0928961748634	0.169398907104	0.120218579235	0.120218579235	0.114754098361	0.0983606557377	0.0710382513661	0.0983606557377	0.0710382513661	0.0928961748634	0.0765027322404	0.109289617486	0.147540983607	0.0	0.125683060109	0.0874316939891	0.109289617486	0.109289617486	0.125683060109	0.131147540984	0.0928961748634	0.0983606557377	0.0710382513661	0.0491803278689	0.114754098361	0.0601092896175	0.136612021858	0.016393442623	0.0491803278689	0.125683060109	0.169398907104	0.169398907104	0.169398907104	0.169398907104	0.114754098361	0.147540983607	0.131147540984	0.0819672131148	0.109289617486	0.0491803278689	0.103825136612	0.0819672131148	0.0819672131148	0.0928961748634	0.016393442623	0.0874316939891	0.0765027322404	0.0710382513661	0.0874316939891	0.016393442623	0.016393442623	0.0655737704918	0.109289617486	0.0601092896175	0.0601092896175	0.0601092896175	0.0546448087432	0.0819672131148	0.114754098361	0.0710382513661	0.0601092896175	0.131147540984	0.0874316939891	0.0874316939891	0.0983606557377	0.109289617486	0.136612021858	0.142076502732	0.131147540984	0.103825136612	0.0710382513661	0.131147540984	0.218579234973	0.0928961748634	0.0601092896175	0.0983606557377	0.0983606557377
MH0416.snv.bam	0.158469945355	0.142076502732	0.131147540984	0.0928961748634	0.153005464481	0.158469945355	0.120218579235	0.120218579235	0.125683060109	0.114754098361	0.103825136612	0.131147540984	0.147540983607	0.174863387978	0.158469945355	0.114754098361	0.196721311475	0.142076502732	0.142076502732	0.147540983607	0.16393442623	0.142076502732	0.147540983607	0.180327868852	0.24043715847	0.125683060109	0.0	0.136612021858	0.185792349727	0.158469945355	0.109289617486	0.174863387978	0.153005464481	0.120218579235	0.131147540984	0.142076502732	0.0983606557377	0.153005464481	0.16393442623	0.120218579235	0.103825136612	0.153005464481	0.174863387978	0.174863387978	0.174863387978	0.213114754098	0.131147540984	0.24043715847	0.114754098361	0.0874316939891	0.147540983607	0.131147540984	0.185792349727	0.131147540984	0.131147540984	0.153005464481	0.142076502732	0.16393442623	0.131147540984	0.142076502732	0.125683060109	0.120218579235	0.120218579235	0.125683060109	0.158469945355	0.142076502732	0.136612021858	0.153005464481	0.103825136612	0.174863387978	0.196721311475	0.131147540984	0.153005464481	0.169398907104	0.125683060109	0.125683060109	0.147540983607	0.158469945355	0.153005464481	0.213114754098	0.114754098361	0.174863387978	0.120218579235	0.213114754098	0.234972677596	0.174863387978	0.131147540984	0.125683060109	0.125683060109
MH0436.snv.bam	0.0765027322404	0.0710382513661	0.0710382513661	0.0983606557377	0.0928961748634	0.0983606557377	0.120218579235	0.103825136612	0.0983606557377	0.109289617486	0.0983606557377	0.0601092896175	0.0546448087432	0.136612021858	0.0874316939891	0.0983606557377	0.0928961748634	0.103825136612	0.0928961748634	0.0928961748634	0.0819672131148	0.114754098361	0.0546448087432	0.0983606557377	0.180327868852	0.0874316939891	0.136612021858	0.0	0.131147540984	0.0655737704918	0.125683060109	0.136612021858	0.120218579235	0.0928961748634	0.0491803278689	0.0491803278689	0.103825136612	0.0710382513661	0.136612021858	0.0928961748634	0.0710382513661	0.120218579235	0.169398907104	0.169398907104	0.169398907104	0.16393442623	0.142076502732	0.136612021858	0.0546448087432	0.0710382513661	0.0765027322404	0.0601092896175	0.0819672131148	0.0819672131148	0.0710382513661	0.0819672131148	0.0928961748634	0.147540983607	0.0819672131148	0.0819672131148	0.109289617486	0.0928961748634	0.0928961748634	0.0491803278689	0.136612021858	0.0491803278689	0.0765027322404	0.0710382513661	0.0710382513661	0.103825136612	0.0928961748634	0.109289617486	0.0710382513661	0.0983606557377	0.114754098361	0.0765027322404	0.131147540984	0.0437158469945	0.147540983607	0.109289617486	0.0546448087432	0.103825136612	0.0601092896175	0.16393442623	0.218579234973	0.103825136612	0.0491803278689	0.0655737704918	0.0655737704918
