	158479027-stool1.snv.bam	158479027-stool2.snv.bam	158802708-stool1.snv.bam	158802708-stool2.snv.bam	158802708-stool3.snv.bam	160178356-stool2.snv.bam	160178356-stool3.snv.bam	160502038-stool1.snv.bam	160502038-stool2.snv.bam	160502038-stool3.snv.bam	508703490-stool1.snv.bam	508703490-stool2.snv.bam	550534656-stool2.snv.bam	550534656-stool3.snv.bam	675950834-stool1.snv.bam	675950834-stool2.snv.bam	763577454-stool1.snv.bam	763577454-stool2.snv.bam	763719065-stool3.snv.bam	763759525-stool1.snv.bam	763759525-stool2.snv.bam	764305738-stool1.snv.bam	764305738-stool2.snv.bam	764447348-stool1.snv.bam	764467579-stool3.snv.bam	764508039-stool1.snv.bam	764508039-stool2.snv.bam	764508039-stool3.snv.bam	765074482-stool2.snv.bam	765074482-stool3.snv.bam	765094712-stool1.snv.bam	765094712-stool2.snv.bam	765094712-stool3.snv.bam	765135172-stool1.snv.bam	765276783-stool2.snv.bam	765640925-stool1.snv.bam	765640925-stool2.snv.bam	809635352-stool2.snv.bam	CCIS83574003ST-4-0.snv.bam	M1.2-V1.metaG.snv.bam	M1.3-V3.metaG.snv.bam	MH0221.snv.bam	MH0247.snv.bam	MH0325.snv.bam	MH0333.snv.bam	MH0444.snv.bam	MMRS51307502ST-27-0-0.snv.bam	MMRS81130264ST-27-0-0.snv.bam	MMRS95674036ST-27-0-0.snv.bam	MMRS96422329ST-27-0-0.snv.bam	O2.CD3-0-PT.snv.bam	O2.UC48-0.snv.bam	O2.UC50-2.snv.bam	O2.UC7-0.snv.bam	O2.UC7-1.snv.bam	T2D-148A.snv.bam	T2D-207A.snv.bam	V1.CD12-3.snv.bam	V1.FI03.snv.bam	V1.UC34-0.snv.bam	V1.UC38-0.snv.bam	V1.UC38-4.snv.bam	V1.UC48-0.snv.bam	V1.UC49-0.snv.bam	V1.UC64-0.snv.bam
158479027-stool1.snv.bam	0.0	0.00469298751497	0.205826336798	0.238837766486	0.225777921603	0.10698343603	0.106243436905	0.152676970059	0.147018641848	0.148716762301	0.0758827175527	0.0782019853916	0.149187131192	0.144728524992	0.143799999133	0.141301452504	0.157880941398	0.157438900108	0.0793987083375	0.0669660214166	0.0708255413458	0.165185166459	0.162426893973	0.031762323493	0.163577441754	0.149636441728	0.148716762301	0.150648148825	0.0817034227506	0.0791191758043	0.155946664531	0.158151148172	0.167992541876	0.0368702209262	0.00794999085511	0.0220923249864	0.0205666577563	0.00875083351039	0.11388793264	0.120802875929	0.124145762322	0.195566660065	0.163073479226	0.1021423723	0.178544978337	0.201665718909	0.112349331731	0.0716750682403	0.122115556212	0.131135161812	0.169374528216	0.149280455651	0.119490162588	0.201645881826	0.208300370033	0.117764560033	0.162686460715	0.145963708715	0.156247349489	0.136528444565	0.133784862588	0.126387799364	0.201603002815	0.200922508112	0.128732050655
158479027-stool2.snv.bam	0.00469298751497	0.0	0.20924586359	0.242419627755	0.230746648689	0.110975193199	0.110287794945	0.155932224458	0.150885283867	0.152459473487	0.0789684517782	0.0821367406642	0.153147363532	0.14875179213	0.147483841648	0.145058878836	0.161330159391	0.160063757123	0.0835141737022	0.0704708640649	0.0737197116893	0.16886505795	0.166013906123	0.0339162759948	0.167510810889	0.152605556486	0.152383160911	0.154362163	0.0852806481282	0.0831089547371	0.158927703792	0.161278313934	0.171880773747	0.0402921868131	0.0117369416026	0.0257202197111	0.0244444329719	0.0126966728603	0.117893978485	0.124868409278	0.128158496537	0.198081492884	0.165734090463	0.105820125563	0.18168612142	0.204526818081	0.116465663911	0.0757264842539	0.12589820017	0.134958947169	0.172395990123	0.151943475956	0.122335875365	0.204646909763	0.211997358934	0.121319977696	0.1665626323	0.147794095983	0.159510483681	0.1398720261	0.136892501616	0.128697472184	0.204968570385	0.203754892811	0.132011759097
158802708-stool1.snv.bam	0.205826336798	0.20924586359	0.0	0.00852586377276	0.00459925791193	0.180950459259	0.18138028679	0.194316511141	0.182227417941	0.190117728885	0.228653707755	0.226349612943	0.184635548289	0.177390702022	0.202077354692	0.198456413532	0.191611134804	0.190009780245	0.204783808919	0.224737207785	0.225939639343	0.135396508418	0.132187535085	0.210573864429	0.207902265622	0.205447301225	0.204610482508	0.207619460192	0.226515893306	0.218809364507	0.226731276368	0.230220519123	0.231785687192	0.223868825552	0.201453678416	0.197299359299	0.197364105697	0.219917517169	0.20819921923	0.197036666066	0.199700908156	0.236780467231	0.191232722605	0.210393410391	0.20123929947	0.233503246101	0.212597065545	0.248088743378	0.1923377602	0.176906909388	0.234693818535	0.215374231786	0.166301671093	0.256550547765	0.259011686304	0.183849897794	0.250866252964	0.286922987629	0.22262509072	0.211334127878	0.242771188636	0.235820505656	0.256805697512	0.255427137673	0.165277531649
158802708-stool2.snv.bam	0.238837766486	0.242419627755	0.00852586377276	0.0	0.0074983076911	0.189919102648	0.191275447592	0.203468857574	0.190539442294	0.199646423064	0.2484203394	0.245893581121	0.206671642621	0.198147191312	0.217984337291	0.213287615268	0.207398269953	0.206362651611	0.220439546038	0.244836840732	0.24372637656	0.128536076828	0.126668273293	0.240713426773	0.206617327266	0.211397746165	0.211416083028	0.211416083028	0.242028233631	0.235879099422	0.228670417811	0.231884916478	0.235215835828	0.240233103014	0.230814469721	0.228871987072	0.228807387376	0.252725462736	0.227121535076	0.226718708947	0.230874810763	0.258390580446	0.209253600279	0.235426880107	0.21736932914	0.246122072578	0.230153205232	0.263284885469	0.194938991415	0.185329126506	0.252572351953	0.232825796957	0.175428750816	0.269667912516	0.274125505354	0.198659705293	0.27203532907	0.324028550165	0.232300424847	0.233874002524	0.254661519181	0.248783150266	0.270360663633	0.269624266222	0.173368647138
158802708-stool3.snv.bam	0.225777921603	0.230746648689	0.00459925791193	0.0074983076911	0.0	0.184421023234	0.184347084308	0.191574215387	0.176988015944	0.186943908089	0.228036908027	0.224086765232	0.19782626103	0.190787332681	0.194414868052	0.189601110434	0.201898098098	0.200959615104	0.225212315009	0.232269263819	0.230929010206	0.101559112983	0.100148451562	0.229349958639	0.181452215918	0.189732357908	0.188372479518	0.188372479518	0.220132734753	0.215317298326	0.206770747916	0.211973551258	0.210365217391	0.217751386713	0.21709655591	0.216706088262	0.215158193803	0.237219970167	0.220844064732	0.212386275055	0.21691631481	0.247330695072	0.19863220887	0.222443206909	0.19279863239	0.245892939309	0.236055202247	0.250872479518	0.170733185906	0.161586765232	0.251341038736	0.230348634237	0.149540122945	0.269562302204	0.272505785456	0.186979719716	0.252929409895	0.325218414824	0.220472570634	0.21156635038	0.232644552604	0.228293229349	0.269538182358	0.268831663191	0.143887526511
160178356-stool2.snv.bam	0.10698343603	0.110975193199	0.180950459259	0.189919102648	0.184421023234	0.0	0.00764180822906	0.127798900661	0.122854997855	0.125376076356	0.0774888333712	0.0796244423695	0.113909160155	0.109166403868	0.0861685823755	0.0841701760069	0.119350353792	0.120463112494	0.0665401426271	0.0770715455018	0.0778108532384	0.129061280823	0.127992377992	0.0946674956193	0.100546620414	0.141228947841	0.139692914203	0.134920634921	0.0698693551043	0.0675438240386	0.0806949042243	0.0823015594152	0.0864009906563	0.107581960523	0.10189623948	0.100676620324	0.0992322855068	0.107695614887	0.0948103483818	0.137850218387	0.141033727126	0.119953126665	0.0902449972719	0.0907399887515	0.117878507591	0.114190414082	0.0854417891428	0.086160390082	0.0641987388563	0.0939412802158	0.0817058599731	0.0592916531692	0.108128112065	0.115407129045	0.1191004191	0.0998278805206	0.126819132987	0.135819578745	0.139749324097	0.0921835807742	0.101731977513	0.096251984897	0.115186762034	0.114669571532	0.124209784924
160178356-stool3.snv.bam	0.106243436905	0.110287794945	0.18138028679	0.191275447592	0.184347084308	0.00764180822906	0.0	0.126557722998	0.122396754795	0.124949493124	0.0771638631032	0.0793242119722	0.109022156154	0.104215201465	0.070478218509	0.069646515965	0.118516208888	0.117652658615	0.0685446244753	0.0770355267559	0.0770290790643	0.125241261718	0.123136726338	0.0947232653152	0.0901437728938	0.134242654372	0.133120963466	0.12859961335	0.0712658240343	0.0693570983453	0.0726740638747	0.0739353171599	0.0777334074656	0.106217552929	0.101299479424	0.10008754067	0.0986337036501	0.107126503764	0.0955029395208	0.137179590305	0.140393264143	0.120330567014	0.0874093889364	0.0899913404063	0.116576815843	0.117362667833	0.0853125269676	0.0880961417968	0.0607398635847	0.0898959096459	0.0855733379575	0.0733260704812	0.103444749637	0.118749265947	0.122581358551	0.099592520442	0.127791707924	0.139818146759	0.139746249073	0.0921102452352	0.107806564577	0.102640093595	0.118527449153	0.118006856083	0.120936459925
160502038-stool1.snv.bam	0.152676970059	0.155932224458	0.194316511141	0.203468857574	0.191574215387	0.127798900661	0.126557722998	0.0	0.00310076960077	0.00300074477494	0.156413561384	0.149954149793	0.152752850451	0.153092380203	0.171077637404	0.168805262597	0.161401507173	0.158717325991	0.158877808699	0.173888603187	0.173365175261	0.134962493475	0.133609136507	0.154127807616	0.15845028247	0.144937333182	0.144936228646	0.14683081987	0.154167025028	0.150932636215	0.163197179165	0.165650020243	0.176523728796	0.128736524913	0.147732050878	0.145884029632	0.144936228646	0.159345365595	0.128471078999	0.122653450302	0.119458047399	0.162851611352	0.121277475568	0.141691232049	0.171800635678	0.116273462433	0.14436441937	0.182212214309	0.136162054912	0.114151081308	0.0849767280405	0.129574460824	0.0927225114067	0.119728627868	0.122099474599	0.0437795461441	0.119660849612	0.139168078152	0.0955073569926	0.122819252124	0.155065206863	0.145278274329	0.119312593136	0.11880207606	0.0605561755952
160502038-stool2.snv.bam	0.147018641848	0.150885283867	0.182227417941	0.190539442294	0.176988015944	0.122854997855	0.122396754795	0.00310076960077	0.0	0.0	0.152642518194	0.145695364238	0.153725490196	0.148396718867	0.161688311688	0.158620689655	0.162596809084	0.161421632978	0.154411764706	0.170165209955	0.171579624274	0.122785493444	0.120823183566	0.151132891539	0.154362416107	0.133774340578	0.132450331126	0.134228187919	0.151210845088	0.14669977083	0.160025037508	0.162762539261	0.172661870504	0.127284480226	0.142857142857	0.140536312761	0.139072847682	0.15577173598	0.123847167325	0.115212527964	0.11357769747	0.1589569161	0.113329371901	0.138831310642	0.163327124426	0.113781736005	0.134900854331	0.17880794702	0.131944444444	0.10067114094	0.0882017012805	0.12454881496	0.0867057410335	0.114669166236	0.118177028451	0.0420351884998	0.121232517483	0.136710664973	0.0911307756023	0.112604175869	0.149455742945	0.142675589448	0.114242110716	0.113718070009	0.0588023088023
160502038-stool3.snv.bam	0.148716762301	0.152459473487	0.190117728885	0.199646423064	0.186943908089	0.125376076356	0.124949493124	0.00300074477494	0.0	0.0	0.154210646731	0.147435897436	0.155218216319	0.150072150072	0.169739382239	0.166666666667	0.163795629306	0.162658119101	0.156028368794	0.171146617522	0.172514505054	0.131917122106	0.129771158452	0.152699145015	0.155844155844	0.142307214278	0.141025641026	0.142857142857	0.1528157515	0.148408111509	0.161306286306	0.163971547727	0.173611111111	0.1246690457	0.144736842105	0.142442200173	0.141025641026	0.157255905914	0.126509853783	0.11951754386	0.116383616384	0.161368653422	0.122269591855	0.140817307049	0.170912793515	0.116562970328	0.141675130222	0.179487179487	0.134228187919	0.11038961039	0.0853747236753	0.128752530095	0.0923537011625	0.117404128857	0.12088639837	0.0412055466215	0.117321791112	0.1387391693	0.0926258718259	0.122057985874	0.153208346831	0.144512910299	0.116990761014	0.116483516484	0.0578906450999
508703490-stool1.snv.bam	0.0758827175527	0.0789684517782	0.228653707755	0.2484203394	0.228036908027	0.0774888333712	0.0771638631032	0.156413561384	0.152642518194	0.154210646731	0.0	0.0018927659364	0.174846560847	0.170449119245	0.114036616978	0.112315914872	0.180849778467	0.179282504053	0.0462191739441	0.0764464526105	0.0800557296605	0.144469395397	0.141847663998	0.060344612393	0.102109926745	0.154953563445	0.154210646731	0.155801201913	0.0500920125626	0.0492547884223	0.101211401679	0.102167941565	0.109184340403	0.0447159478449	0.0623208567543	0.069071860162	0.0681179314993	0.0773046944041	0.118671860488	0.131195970452	0.135630097849	0.166372485067	0.135284842163	0.0836365497721	0.116427525735	0.18543671719	0.100128936962	0.0813629646119	0.0714292198361	0.109300722526	0.142130891058	0.118860877684	0.109020027469	0.175125656641	0.180972648982	0.128052898079	0.122531841252	0.115873676626	0.167198693488	0.0994624112271	0.0631448001736	0.0565476579033	0.173677187175	0.17447764978	0.122602584533
508703490-stool2.snv.bam	0.0782019853916	0.0821367406642	0.226349612943	0.245893581121	0.224086765232	0.0796244423695	0.0793242119722	0.149954149793	0.145695364238	0.147435897436	0.0018927659364	0.0	0.173814041746	0.169552669553	0.115685328185	0.113333333333	0.183026398536	0.182145298588	0.0496453900709	0.0790173974129	0.0828769173421	0.138327378516	0.136181414862	0.0653244833672	0.0974025974026	0.148942391966	0.147435897436	0.149350649351	0.0541315409736	0.052254265355	0.103613978614	0.105630663805	0.111111111111	0.0424772648786	0.0657894736842	0.0722667615764	0.0705128205128	0.080812215376	0.11951684679	0.132675438596	0.135864135864	0.168874172185	0.137704669112	0.0823757486079	0.113220485823	0.187530712263	0.101611906815	0.0833333333333	0.0671140939597	0.103896103896	0.143067031368	0.121401938852	0.105516378849	0.17489919789	0.180489047376	0.129551411283	0.123186893751	0.119217024778	0.167920400077	0.102321143769	0.0674616672066	0.061179576966	0.174683068706	0.174175824176	0.119906148976
550534656-stool2.snv.bam	0.149187131192	0.153147363532	0.184635548289	0.206671642621	0.19782626103	0.113909160155	0.109022156154	0.152752850451	0.153725490196	0.155218216319	0.174846560847	0.173814041746	0.0	0.00111068392499	0.12967758532	0.127121989735	0.0111521855479	0.00906144897982	0.185294117647	0.144890988457	0.145213709455	0.132768200313	0.130987898373	0.140401568342	0.143406382161	0.156508057785	0.155218216319	0.157247212611	0.166683249659	0.161889302361	0.161967465383	0.164682313298	0.160427807487	0.146218487395	0.145305804441	0.142981675468	0.14155597723	0.153984798813	0.134857271974	0.172899623426	0.175583355514	0.162836601307	0.145010510846	0.172811014604	0.158171714434	0.181872966697	0.155674425466	0.167362428843	0.148251192369	0.149942329873	0.162965376542	0.155608549726	0.143252651202	0.194802816848	0.20130015083	0.137421444003	0.208020422091	0.216380853781	0.180964791188	0.161108103687	0.193238379827	0.183775422434	0.194785388314	0.194274871239	0.144739974588
550534656-stool3.snv.bam	0.144728524992	0.14875179213	0.177390702022	0.198147191312	0.190787332681	0.109166403868	0.104215201465	0.153092380203	0.148396718867	0.150072150072	0.170449119245	0.169552669553	0.00111068392499	0.0	0.124880408785	0.122372372372	0.0115641320884	0.00990764734294	0.18065547562	0.140323159317	0.141481365122	0.127858325712	0.1256844924	0.135923232036	0.138157894737	0.151370367133	0.150072150072	0.152046783626	0.162260702261	0.157550496795	0.157629167369	0.160245523461	0.155712050078	0.141061054051	0.140740740741	0.138520093104	0.137085137085	0.150433126964	0.129092341858	0.168518518519	0.171277552856	0.157568978374	0.133489583346	0.169144867599	0.153808768687	0.176910198698	0.150925193536	0.163059163059	0.143613000756	0.145467836257	0.158633558471	0.151020408163	0.137067195237	0.190802610528	0.196334537945	0.132019504174	0.203228552493	0.212395889458	0.176749852433	0.15775949976	0.188846469622	0.179578734531	0.190660193696	0.190146361575	0.137542466283
675950834-stool1.snv.bam	0.143799999133	0.147483841648	0.202077354692	0.217984337291	0.194414868052	0.0861685823755	0.070478218509	0.171077637404	0.161688311688	0.169739382239	0.114036616978	0.115685328185	0.12967758532	0.124880408785	0.0	0.000820463320464	0.139288670363	0.138401780893	0.11682194617	0.0845716807008	0.0850150664253	0.132689186621	0.130008021387	0.126828534532	0.103571428571	0.11610365788	0.115685328185	0.11042074364	0.0984689257103	0.0964398241	0.0830081705082	0.0839486412026	0.0891281512605	0.124626685206	0.138768472906	0.13641103654	0.135955598456	0.144842298339	0.119208365164	0.182556216931	0.185236339003	0.156856779584	0.115655882768	0.138723771703	0.111280666524	0.155691624287	0.104434547436	0.115685328185	0.0756559766764	0.11042074364	0.123698694813	0.120482944951	0.0851801374587	0.149852457268	0.155071851226	0.130647521434	0.17058485732	0.191805819628	0.172017058645	0.112717953343	0.124431689342	0.123382977523	0.150050480814	0.149662162162	0.117945260568
675950834-stool2.snv.bam	0.141301452504	0.145058878836	0.198456413532	0.213287615268	0.189601110434	0.0841701760069	0.069646515965	0.168805262597	0.158620689655	0.166666666667	0.112315914872	0.113333333333	0.127121989735	0.122372372372	0.000820463320464	0.0	0.137014121145	0.136097777198	0.114285714286	0.0826345344819	0.0837386750634	0.130527140324	0.128295338123	0.124973821938	0.101351351351	0.114381321031	0.113333333333	0.108108108108	0.0969627784696	0.0943444359692	0.0810918710919	0.0828920826677	0.0869565217391	0.121997735264	0.136054421769	0.134735079863	0.133333333333	0.142696690283	0.116600790514	0.179223744292	0.181912681913	0.155172413793	0.115887923727	0.139181815972	0.110606448113	0.154203700066	0.102041086086	0.113333333333	0.0738255033557	0.108108108108	0.121752675585	0.119502719503	0.0855886838308	0.147829214421	0.152785145889	0.128026126815	0.167996433097	0.18982137337	0.170093461233	0.113375437348	0.123574524372	0.122547394965	0.148337058121	0.14780952381	0.116812139983
763577454-stool1.snv.bam	0.157880941398	0.161330159391	0.191611134804	0.207398269953	0.201898098098	0.119350353792	0.118516208888	0.161401507173	0.162596809084	0.163795629306	0.180849778467	0.183026398536	0.0111521855479	0.0115641320884	0.139288670363	0.137014121145	0.0	0.00898102670435	0.195405093416	0.154149062031	0.155209100378	0.138473658505	0.13812719317	0.148392282689	0.152401072925	0.164378737343	0.163795629306	0.164624143972	0.175636704384	0.171178099789	0.170543511054	0.172648578332	0.170330613665	0.15314626301	0.154948145866	0.152003175244	0.150975116485	0.164237203966	0.14348270813	0.18094143792	0.185667806192	0.169807993779	0.151695624576	0.172871323548	0.167170114298	0.183610952733	0.165780448213	0.176616142126	0.158067907193	0.158180587528	0.171221635032	0.157942119483	0.152760031565	0.203637604004	0.210635525335	0.144956620861	0.216312513834	0.223539719611	0.186594830218	0.171742973845	0.201748833259	0.19139300416	0.203863313396	0.202643818154	0.150185164906
763577454-stool2.snv.bam	0.157438900108	0.160063757123	0.190009780245	0.206362651611	0.200959615104	0.120463112494	0.117652658615	0.158717325991	0.161421632978	0.162658119101	0.179282504053	0.182145298588	0.00906144897982	0.00990764734294	0.138401780893	0.136097777198	0.00898102670435	0.0	0.194176966624	0.153244775242	0.152132769417	0.135739089623	0.137685196601	0.146176891943	0.151718614154	0.162887136784	0.162914529357	0.164705627141	0.173994553197	0.17029699984	0.168885410328	0.171418466762	0.169546295692	0.15310590478	0.153104009453	0.150679988646	0.150094016537	0.163411138356	0.14339563406	0.178999999428	0.183751581187	0.168676548069	0.149606140706	0.173242888871	0.164771740773	0.183850741755	0.164548145491	0.175735042178	0.157145413287	0.158130951816	0.169633719969	0.15955070295	0.150915436505	0.201811458827	0.209460349229	0.14472049722	0.215465848643	0.221659433663	0.187083109682	0.16901186501	0.201589537312	0.190595516252	0.202283716542	0.201302807745	0.149977710527
763719065-stool3.snv.bam	0.0793987083375	0.0835141737022	0.204783808919	0.220439546038	0.225212315009	0.0665401426271	0.0685446244753	0.158877808699	0.154411764706	0.156028368794	0.0462191739441	0.0496453900709	0.185294117647	0.18065547562	0.11682194617	0.114285714286	0.195405093416	0.194176966624	0.0	0.0446208419553	0.0484441473002	0.181411851408	0.179037593748	0.0639325595465	0.129496402878	0.192994935276	0.191489361702	0.187050359712	0.0303398953034	0.0280811752889	0.100452345133	0.102871681769	0.108527131783	0.0842231629494	0.0724637681159	0.0726758795492	0.0709219858156	0.0806742228964	0.125710227273	0.132603406326	0.136137244051	0.180147058824	0.145315883659	0.0984594624864	0.167818409846	0.185718526672	0.078492649276	0.0496453900709	0.0935251798561	0.151079136691	0.122825935414	0.112603648425	0.170431155606	0.178323495974	0.185690045249	0.129137332227	0.121653346653	0.11750669575	0.181043697585	0.11994792647	0.107699307793	0.10267622227	0.179081976724	0.17852077001	0.170770993139
763759525-stool1.snv.bam	0.0669660214166	0.0704708640649	0.224737207785	0.244836840732	0.232269263819	0.0770715455018	0.0770355267559	0.173888603187	0.170165209955	0.171146617522	0.0764464526105	0.0790173974129	0.144890988457	0.140323159317	0.0845716807008	0.0826345344819	0.154149062031	0.153244775242	0.0446208419553	0.0	0.00620449700899	0.173757701823	0.171168268537	0.0640061772647	0.134494262989	0.159120100393	0.158246720721	0.154023343664	0.0367310784484	0.0362021573724	0.114842234603	0.116983043066	0.12366143562	0.0713676289014	0.0608827324781	0.0736784203538	0.0724384500445	0.0619655022835	0.115081025125	0.130021926617	0.133331035972	0.166363689346	0.134435006929	0.105016068757	0.155919464308	0.173068861695	0.0878690257326	0.040843456463	0.0882706243586	0.141023343664	0.129146735081	0.118926560157	0.139570680191	0.166452341701	0.173252598756	0.133816762609	0.146920331663	0.128387986663	0.169985154731	0.131884807892	0.121280109822	0.115605430002	0.167531872246	0.166624282272	0.163386844415
763759525-stool2.snv.bam	0.0708255413458	0.0737197116893	0.225939639343	0.24372637656	0.230929010206	0.0778108532384	0.0770290790643	0.173365175261	0.171579624274	0.172514505054	0.0800557296605	0.0828769173421	0.145213709455	0.141481365122	0.0850150664253	0.0837386750634	0.155209100378	0.152132769417	0.0484441473002	0.00620449700899	0.0	0.173338931887	0.172262932922	0.066942158442	0.1347757121	0.159464299651	0.159356610318	0.1552591429	0.0399478621189	0.0402782247678	0.114909189672	0.117079949546	0.1243231836	0.0755275489992	0.0645527917238	0.0775262131041	0.0762979699737	0.0647337134489	0.114962449826	0.134411128321	0.137661714986	0.164187923005	0.133828101903	0.105234119659	0.156524974222	0.17435802424	0.0863169248208	0.0420874436579	0.0873879279162	0.142183119508	0.128542470245	0.120444198366	0.139533781473	0.16782111708	0.174929574241	0.135004634797	0.149785945142	0.133206252918	0.170134718677	0.131285687696	0.12154996988	0.117797180472	0.169153684063	0.168163166181	0.164949355318
764305738-stool1.snv.bam	0.165185166459	0.16886505795	0.135396508418	0.128536076828	0.101559112983	0.129061280823	0.125241261718	0.134962493475	0.122785493444	0.131917122106	0.144469395397	0.138327378516	0.132768200313	0.127858325712	0.132689186621	0.130527140324	0.138473658505	0.135739089623	0.181411851408	0.173757701823	0.173338931887	0.0	0.00445886359183	0.155388035036	0.10765630551	0.107144104787	0.106276096465	0.10765630551	0.15621424524	0.15212010541	0.139377254566	0.141158526524	0.13596577117	0.121488174383	0.161704414793	0.146154194074	0.144737634927	0.174170318794	0.158298229413	0.142406169179	0.146117843972	0.170710327512	0.133260887858	0.167220775456	0.110522223313	0.182273309628	0.167667182373	0.196019686209	0.0978461144197	0.0878806266434	0.178029025269	0.162774046294	0.0881863045864	0.197519874489	0.204191504652	0.126395144962	0.197890577936	0.230935447198	0.159782159534	0.144008143701	0.144215894518	0.147847830294	0.197625831838	0.197118587307	0.0920672434989
764305738-stool2.snv.bam	0.162426893973	0.166013906123	0.132187535085	0.126668273293	0.100148451562	0.127992377992	0.123136726338	0.133609136507	0.120823183566	0.129771158452	0.141847663998	0.136181414862	0.130987898373	0.1256844924	0.130008021387	0.128295338123	0.13812719317	0.137685196601	0.179037593748	0.171168268537	0.172262932922	0.00445886359183	0.0	0.152414389882	0.105482472198	0.104713240848	0.104130132811	0.105482472198	0.154422993069	0.149974141755	0.136519040199	0.138784312806	0.133640977211	0.118731988216	0.159501978411	0.143126633384	0.142591671272	0.172318326843	0.156190278387	0.140861627534	0.143944010659	0.168873220358	0.130079967772	0.167759272135	0.107883163012	0.182068722763	0.165342388414	0.193873722554	0.0955993336808	0.0857780387001	0.176684343665	0.162101429389	0.0851496288755	0.194761062144	0.201974482598	0.123981619359	0.19511633003	0.22855206664	0.157660837073	0.142895996673	0.142102072283	0.145073023386	0.195066303253	0.193767276294	0.0895617347101
764447348-stool1.snv.bam	0.031762323493	0.0339162759948	0.210573864429	0.240713426773	0.229349958639	0.0946674956193	0.0947232653152	0.154127807616	0.151132891539	0.152699145015	0.060344612393	0.0653244833672	0.140401568342	0.135923232036	0.126828534532	0.124973821938	0.148392282689	0.146176891943	0.0639325595465	0.0640061772647	0.066942158442	0.155388035036	0.152414389882	0.0	0.148893837684	0.150644446136	0.151160683477	0.152704873334	0.0769117756978	0.0752777494667	0.127264668577	0.128913898031	0.138158359996	0.0392971876197	0.0247344121526	0.0146291060261	0.0139194272137	0.0335863681767	0.102249322606	0.10605688727	0.10959128001	0.181292690823	0.149561950267	0.0903352425963	0.163566332393	0.188577303256	0.0964608477495	0.0698971325516	0.119049929407	0.133643289756	0.154181081643	0.134331846322	0.123777337335	0.187325756554	0.19494096239	0.120108318488	0.148673447365	0.131242906999	0.159714975365	0.116053898444	0.111988083416	0.110802461198	0.188046390446	0.187550444995	0.137291192257
764467579-stool3.snv.bam	0.163577441754	0.167510810889	0.207902265622	0.206617327266	0.181452215918	0.100546620414	0.0901437728938	0.15845028247	0.154362416107	0.155844155844	0.102109926745	0.0974025974026	0.143406382161	0.138157894737	0.103571428571	0.101351351351	0.152401072925	0.151718614154	0.129496402878	0.134494262989	0.1347757121	0.10765630551	0.105482472198	0.148893837684	0.0	0.131396189264	0.12987012987	0.130718954248	0.10151996152	0.0983874376323	0.0595050692453	0.0610612277835	0.0492957746479	0.132425383947	0.16	0.157279111863	0.155844155844	0.166189857006	0.142488716957	0.167777777778	0.170546558704	0.177852348993	0.146040677858	0.127964284	0.108197375249	0.195241950654	0.139956162979	0.142857142857	0.0680272108844	0.0986842105263	0.138431538268	0.143461829176	0.128595249779	0.196213865939	0.201692307692	0.144612096767	0.143467328126	0.192193869256	0.19353676922	0.110352092352	0.11666803503	0.107428662381	0.196432199468	0.195918367347	0.128655415765
764508039-stool1.snv.bam	0.149636441728	0.152605556486	0.205447301225	0.211397746165	0.189732357908	0.141228947841	0.134242654372	0.144937333182	0.133774340578	0.142307214278	0.154953563445	0.148942391966	0.156508057785	0.151370367133	0.11610365788	0.114381321031	0.164378737343	0.162887136784	0.192994935276	0.159120100393	0.159464299651	0.107144104787	0.104713240848	0.150644446136	0.131396189264	0.0	0.00150649452971	0.00152605939373	0.166396191918	0.162735118859	0.14909686712	0.151010756496	0.154409813518	0.112275680647	0.145838119072	0.143407384161	0.142532135555	0.158324657027	0.114027428235	0.180274209298	0.183843741711	0.155144783376	0.11672630451	0.166914867873	0.14516867878	0.181496132054	0.139516439146	0.180993674017	0.121860390299	0.0469806048483	0.175119410874	0.176342898242	0.0771018981465	0.207219808021	0.21412584338	0.137445657516	0.182058135507	0.228348828472	0.165616827895	0.162220091581	0.147766105981	0.144432066737	0.20749817253	0.206903266374	0.0691499760116
764508039-stool2.snv.bam	0.148716762301	0.152383160911	0.204610482508	0.211416083028	0.188372479518	0.139692914203	0.133120963466	0.144936228646	0.132450331126	0.141025641026	0.154210646731	0.147435897436	0.155218216319	0.150072150072	0.115685328185	0.113333333333	0.163795629306	0.162914529357	0.191489361702	0.158246720721	0.159356610318	0.106276096465	0.104130132811	0.151160683477	0.12987012987	0.00150649452971	0.0	0.0	0.165375560112	0.161228624329	0.148485773486	0.151007905611	0.152777777778	0.110970415563	0.144736842105	0.142442200173	0.141025641026	0.157255905914	0.112523839797	0.178728070175	0.182317682318	0.154746136865	0.117428171416	0.166226680285	0.145271767874	0.18107909936	0.138128068123	0.179487179487	0.120805369128	0.0454545454545	0.175118313419	0.175732395867	0.0769477330847	0.206835023166	0.213601630158	0.136130358652	0.18125140988	0.228482759044	0.164853006122	0.161531670084	0.146934726271	0.144512910299	0.206734350757	0.206227106227	0.0687433582782
764508039-stool3.snv.bam	0.150648148825	0.154362163	0.207619460192	0.211416083028	0.188372479518	0.134920634921	0.12859961335	0.14683081987	0.134228187919	0.142857142857	0.155801201913	0.149350649351	0.157247212611	0.152046783626	0.11042074364	0.108108108108	0.164624143972	0.164705627141	0.187050359712	0.154023343664	0.1552591429	0.10765630551	0.105482472198	0.152704873334	0.130718954248	0.00152605939373	0.0	0.0	0.160913900914	0.156828996074	0.143920653661	0.14647464497	0.147887323944	0.111735728774	0.146666666667	0.144292098876	0.142857142857	0.159395442049	0.114119922631	0.181111111111	0.18471659919	0.156823266219	0.118963180192	0.16686588583	0.14715841421	0.176910198698	0.140073533871	0.175324675325	0.122448979592	0.0460526315789	0.170899070736	0.171320591729	0.0781407211946	0.203027685804	0.209757356737	0.137031884206	0.183620709356	0.231450067603	0.166993954253	0.163685425685	0.148961412151	0.146389701342	0.202925705962	0.20241187384	0.0698259308496
765074482-stool2.snv.bam	0.0817034227506	0.0852806481282	0.226515893306	0.242028233631	0.220132734753	0.0698693551043	0.0712658240343	0.154167025028	0.151210845088	0.1528157515	0.0500920125626	0.0541315409736	0.166683249659	0.162260702261	0.0984689257103	0.0969627784696	0.175636704384	0.173994553197	0.0303398953034	0.0367310784484	0.0399478621189	0.15621424524	0.154422993069	0.0769117756978	0.10151996152	0.166396191918	0.165375560112	0.160913900914	0.0	0.00249776068004	0.0811593377383	0.082459401821	0.0867233633191	0.0799876502031	0.0748532948533	0.0884801148352	0.0870262778158	0.0814903133396	0.124596426755	0.124288249288	0.127673807674	0.159662710683	0.127407396276	0.0902035078685	0.14237098695	0.166309370505	0.0950587793576	0.0475525936052	0.0769418321142	0.12151996152	0.107414658187	0.0968761506692	0.139719422034	0.167680807724	0.173345852938	0.121079788804	0.114714985162	0.122465388041	0.169293865455	0.105275730276	0.0873871402517	0.0834113814067	0.167622058856	0.167101465786	0.139425685426
765074482-stool3.snv.bam	0.0791191758043	0.0831089547371	0.218809364507	0.235879099422	0.215317298326	0.0675438240386	0.0693570983453	0.150932636215	0.14669977083	0.148408111509	0.0492547884223	0.052254265355	0.161889302361	0.157550496795	0.0964398241	0.0943444359692	0.171178099789	0.17029699984	0.0280811752889	0.0362021573724	0.0402782247678	0.15212010541	0.149974141755	0.0752777494667	0.0983874376323	0.162735118859	0.161228624329	0.156828996074	0.00249776068004	0.0	0.0789451670459	0.0808495400086	0.0840007627765	0.0777626442989	0.0733662197064	0.0857221065534	0.0843055474062	0.0798166811167	0.120273400178	0.120515342513	0.123861963107	0.156633545665	0.125779929727	0.0898540953311	0.139833725537	0.162702747072	0.091220766928	0.0458440089447	0.0748433919153	0.117867957113	0.105577706979	0.0955741898273	0.136404945547	0.162892012445	0.168248420856	0.1173913152	0.111262154367	0.120189238851	0.165046460304	0.103318942422	0.092643064454	0.0877928166799	0.162834769958	0.162327525428	0.136585725684
765094712-stool1.snv.bam	0.155946664531	0.158927703792	0.226731276368	0.228670417811	0.206770747916	0.0806949042243	0.0726740638747	0.163197179165	0.160025037508	0.161306286306	0.101211401679	0.103613978614	0.161967465383	0.157629167369	0.0830081705082	0.0810918710919	0.170543511054	0.168885410328	0.100452345133	0.114842234603	0.114909189672	0.139377254566	0.136519040199	0.127264668577	0.0595050692453	0.14909686712	0.148485773486	0.143920653661	0.0811593377383	0.0789451670459	0.0	0.00229424520258	0.000806677890012	0.138683659433	0.152027796765	0.136693319424	0.135665260665	0.151635500964	0.12765517311	0.173226627174	0.175888685629	0.167951989144	0.137262458992	0.128893804866	0.139199136801	0.175069696576	0.135908952362	0.122844747845	0.0883475212334	0.1049596147	0.117763631064	0.121687633768	0.135572145144	0.175423886876	0.181573687534	0.130002349234	0.150049994808	0.182880213441	0.185695148229	0.109977595504	0.114494188729	0.112441270184	0.175732944756	0.174448699449	0.135740013647
765094712-stool2.snv.bam	0.158151148172	0.161278313934	0.230220519123	0.231884916478	0.211973551258	0.0823015594152	0.0739353171599	0.165650020243	0.162762539261	0.163971547727	0.102167941565	0.105630663805	0.164682313298	0.160245523461	0.0839486412026	0.0828920826677	0.172648578332	0.171418466762	0.102871681769	0.116983043066	0.117079949546	0.141158526524	0.138784312806	0.128913898031	0.0610612277835	0.151010756496	0.151007905611	0.14647464497	0.082459401821	0.0808495400086	0.00229424520258	0.0	0.00207752615245	0.141584428729	0.154767000528	0.138221192047	0.137979049364	0.15265395369	0.129973261258	0.175920210872	0.178581854522	0.168850047949	0.138249533134	0.129757530598	0.140701046132	0.175631938145	0.138358876703	0.125238076402	0.0901372183127	0.106942220158	0.11927613314	0.123243276108	0.136420541783	0.177761628345	0.183934823353	0.132524698362	0.152406468112	0.185182949939	0.187359051213	0.110830932455	0.115657146899	0.113820330724	0.17764179953	0.177465341249	0.135958962997
765094712-stool3.snv.bam	0.167992541876	0.171880773747	0.231785687192	0.235215835828	0.210365217391	0.0864009906563	0.0777334074656	0.176523728796	0.172661870504	0.173611111111	0.109184340403	0.111111111111	0.160427807487	0.155712050078	0.0891281512605	0.0869565217391	0.170330613665	0.169546295692	0.108527131783	0.12366143562	0.1243231836	0.13596577117	0.133640977211	0.138158359996	0.0492957746479	0.154409813518	0.152777777778	0.147887323944	0.0867233633191	0.0840007627765	0.000806677890012	0.00207752615245	0.0	0.149692712906	0.164285714286	0.147367939076	0.145833333333	0.162535572318	0.130464954892	0.172619047619	0.175514626219	0.180946152169	0.14822377578	0.138045999664	0.135965711493	0.18339108444	0.147023549063	0.131944444444	0.0948905109489	0.112676056338	0.126655950648	0.124388830958	0.146551299946	0.188984872961	0.196070835639	0.136758604067	0.161496283437	0.190957332399	0.193647096808	0.118234384663	0.121812169312	0.12148620838	0.189035742732	0.18869047619	0.147398897399
765135172-stool1.snv.bam	0.0368702209262	0.0402921868131	0.223868825552	0.240233103014	0.217751386713	0.107581960523	0.106217552929	0.128736524913	0.127284480226	0.1246690457	0.0447159478449	0.0424772648786	0.146218487395	0.141061054051	0.124626685206	0.121997735264	0.15314626301	0.15310590478	0.0842231629494	0.0713676289014	0.0755275489992	0.121488174383	0.118731988216	0.0392971876197	0.132425383947	0.112275680647	0.110970415563	0.111735728774	0.0799876502031	0.0777626442989	0.138683659433	0.141584428729	0.149692712906	0.0	0.0295893005089	0.0302375987505	0.0287786347416	0.0438057903814	0.107463080926	0.134502412076	0.132810816634	0.194685817589	0.160260559554	0.107596296855	0.14975394836	0.201854766021	0.111092737556	0.0835731552895	0.10144057623	0.0986227824463	0.16794614771	0.150267685012	0.0848007216787	0.201567210178	0.208904445575	0.110371494356	0.139969994509	0.141656777252	0.150869128178	0.132073905106	0.101977567183	0.0936006484861	0.201727667057	0.200379877979	0.0865173016364
765276783-stool2.snv.bam	0.00794999085511	0.0117369416026	0.201453678416	0.230814469721	0.21709655591	0.10189623948	0.101299479424	0.147732050878	0.142857142857	0.144736842105	0.0623208567543	0.0657894736842	0.145305804441	0.140740740741	0.138768472906	0.136054421769	0.154948145866	0.153104009453	0.0724637681159	0.0608827324781	0.0645527917238	0.161704414793	0.159501978411	0.0247344121526	0.16	0.145838119072	0.144736842105	0.146666666667	0.0748532948533	0.0733662197064	0.152027796765	0.154767000528	0.164285714286	0.0295893005089	0.0	0.0147143274268	0.0131578947368	0.0144722476914	0.107792207792	0.115990990991	0.119487179487	0.192970521542	0.159162479481	0.0973260584258	0.173844082568	0.198518882847	0.107052698137	0.0657894736842	0.116438356164	0.126666666667	0.165220031685	0.145440613027	0.121400659248	0.199238650466	0.205128205128	0.112782530507	0.159562705506	0.140733596441	0.152602515869	0.132113607114	0.122145909646	0.114508537175	0.199016833672	0.198496240602	0.130943145743
765640925-stool1.snv.bam	0.0220923249864	0.0257202197111	0.197299359299	0.228871987072	0.216706088262	0.100676620324	0.10008754067	0.145884029632	0.140536312761	0.142442200173	0.069071860162	0.0722667615764	0.142981675468	0.138520093104	0.13641103654	0.134735079863	0.152003175244	0.150679988646	0.0726758795492	0.0736784203538	0.0775262131041	0.146154194074	0.143126633384	0.0146291060261	0.157279111863	0.143407384161	0.142442200173	0.144292098876	0.0884801148352	0.0857221065534	0.136693319424	0.138221192047	0.147367939076	0.0302375987505	0.0147143274268	0.0	0.00175394106353	0.0288382171334	0.107185222796	0.101234538774	0.104831559416	0.188692457446	0.156015525831	0.0963509143582	0.171166259745	0.194485187332	0.103761765969	0.0783396360703	0.128927932748	0.124811579396	0.162682112337	0.14238109595	0.11741322618	0.194321373356	0.201678058846	0.111160946077	0.156870656506	0.13831275985	0.149613093347	0.122030345834	0.119833196498	0.1187368505	0.194812127421	0.193746393056	0.128059794973
765640925-stool2.snv.bam	0.0205666577563	0.0244444329719	0.197364105697	0.228807387376	0.215158193803	0.0992322855068	0.0986337036501	0.144936228646	0.139072847682	0.141025641026	0.0681179314993	0.0705128205128	0.14155597723	0.137085137085	0.135955598456	0.133333333333	0.150975116485	0.150094016537	0.0709219858156	0.0724384500445	0.0762979699737	0.144737634927	0.142591671272	0.0139194272137	0.155844155844	0.142532135555	0.141025641026	0.142857142857	0.0870262778158	0.0843055474062	0.135665260665	0.137979049364	0.145833333333	0.0287786347416	0.0131578947368	0.00175394106353	0.0	0.027603678946	0.105530832804	0.0997807017544	0.103396603397	0.187858719647	0.156137848835	0.0947981088563	0.170912793515	0.193982325166	0.102227160226	0.0769230769231	0.127516778523	0.123376623377	0.161740386997	0.14153616704	0.118239025159	0.194129967121	0.200356597045	0.109814569178	0.155444958268	0.138447794009	0.148689630847	0.122057985874	0.118822211424	0.118871884658	0.193913837937	0.193406593407	0.12765808696
809635352-stool2.snv.bam	0.00875083351039	0.0126966728603	0.219917517169	0.252725462736	0.237219970167	0.107695614887	0.107126503764	0.159345365595	0.15577173598	0.157255905914	0.0773046944041	0.080812215376	0.153984798813	0.150433126964	0.144842298339	0.142696690283	0.164237203966	0.163411138356	0.0806742228964	0.0619655022835	0.0647337134489	0.174170318794	0.172318326843	0.0335863681767	0.166189857006	0.158324657027	0.157255905914	0.159395442049	0.0814903133396	0.0798166811167	0.151635500964	0.15265395369	0.162535572318	0.0438057903814	0.0144722476914	0.0288382171334	0.027603678946	0.0	0.115448762188	0.127824550928	0.131231089394	0.19820152841	0.165540024051	0.105411949391	0.181677057692	0.20363682785	0.11282459313	0.0720873831612	0.122854306188	0.138987278783	0.172060167162	0.15198795727	0.124823951044	0.195342712702	0.199788829997	0.127054789629	0.167803977179	0.150195447867	0.158725429642	0.138811035708	0.137527977974	0.127695762345	0.194499783208	0.194714420553	0.133650593487
