	158337416-stool2.snv.bam	158499257-stool1.snv.bam	159207311-stool2.snv.bam	159510762-stool2.snv.bam	508703490-stool1.snv.bam	508703490-stool3.snv.bam	706846339-stool1.snv.bam	706846339-stool2.snv.bam	763496533-stool2.snv.bam	763577454-stool2.snv.bam	763840445-stool1.snv.bam	763840445-stool2.snv.bam	763860675-stool1.snv.bam	763901136-stool1.snv.bam	763901136-stool2.snv.bam	763921366-stool3.snv.bam	764002286-stool2.snv.bam	764062976-stool1.snv.bam	764083206-stool1.snv.bam	764366428-stool2.snv.bam	764366428-stool3.snv.bam	764467579-stool3.snv.bam	764487809-stool1.snv.bam	764487809-stool2.snv.bam	764588959-stool2.snv.bam	765034022-stool1.snv.bam	765074482-stool2.snv.bam	BYQ_AAAP.snv.bam	CCIS07539127ST-4-0.snv.bam	CCIS16561622ST-4-0.snv.bam	CCIS41548810ST-4-0.snv.bam	CCIS41692898ST-4-0.snv.bam	CCIS47745468ST-4-0.snv.bam	CCIS62605362ST-3-0.snv.bam	CCIS70398272ST-4-0.snv.bam	CCIS71301801ST-4-0.snv.bam	CCIS88007743ST-4-0.snv.bam	CCMD46947453ST-21-0.snv.bam	CCMD50071957ST-21-0.snv.bam	M2.5-V2.metaG.snv.bam	MH0193.snv.bam	MH0217.snv.bam	MH0234.snv.bam	MH0250.snv.bam	MH0253.snv.bam	MH0268.snv.bam	MH0276.snv.bam	MH0280.snv.bam	MH0290.snv.bam	MH0303.snv.bam	MH0339.snv.bam	MH0343.snv.bam	MH0361.snv.bam	MH0378.snv.bam	MH0379.snv.bam	MH0391.snv.bam	MH0396.snv.bam	MH0397.snv.bam	MH0403.snv.bam	MH0419.snv.bam	MH0431.snv.bam	MH0437.snv.bam	MH0440.snv.bam	MH0445.snv.bam	MH0450.snv.bam	MH0457.snv.bam	MMRS11288076ST-27-0-0.snv.bam	MMRS21365932ST-27-0-0.snv.bam	MMRS25211151ST-27-0-0.snv.bam	MMRS25641480ST-27-0-0.snv.bam	MMRS61683006ST-27-0-0.snv.bam	MMRS65862658ST-27-0-0.snv.bam	MMRS73787048ST-27-0-0.snv.bam	MMRS81671217ST-27-0-0.snv.bam	O2.UC4-1.snv.bam	O2.UC48-0.snv.bam	O2.UC7-0.snv.bam	O2.UC7-1.snv.bam	O2.UC8-2.snv.bam	SAMEA3136688.snv.bam	SAMEA3136697.snv.bam	SAMEA3136705.snv.bam	SAMEA3178937.snv.bam	SAMEA3178941.snv.bam	SZEY-66A.snv.bam	T2D-133A.snv.bam	T2D-53A.snv.bam	T2D-56A.snv.bam	V1.CD55-0.snv.bam	V1.FI01.snv.bam	V1.FI28.snv.bam	V1.UC15-3.snv.bam	V1.UC22-1.snv.bam	V1.UC40-1.snv.bam	V1.UC49-1.snv.bam	V1.UC5-3.snv.bam	V1.UC52-1.snv.bam	V1.UC55-0.snv.bam	halbarad-11-7-0.snv.bam	tigress-11-0-0.snv.bam	tigress-11-60-0.snv.bam	tigress-11-7-0.snv.bam
158337416-stool2.snv.bam	0.0	0.149606299213	0.157480314961	0.186351706037	0.225721784777	0.220472440945	0.212598425197	0.141732283465	0.202099737533	0.141732283465	0.160104986877	0.160104986877	0.215223097113	0.144356955381	0.144356955381	0.170603674541	0.107611548556	0.0813648293963	0.188976377953	0.249343832021	0.246719160105	0.223097112861	0.0839895013123	0.0866141732283	0.146981627297	0.0577427821522	0.249343832021	0.136482939633	0.167979002625	0.157480314961	0.194225721785	0.183727034121	0.209973753281	0.186351706037	0.0839895013123	0.149606299213	0.209973753281	0.199475065617	0.133858267717	0.241469816273	0.123359580052	0.110236220472	0.0262467191601	0.0892388451444	0.0918635170604	0.233595800525	0.123359580052	0.212598425197	0.0288713910761	0.0393700787402	0.162729658793	0.0314960629921	0.11811023622	0.223097112861	0.125984251969	0.204724409449	0.157480314961	0.0866141732283	0.173228346457	0.207349081365	0.202099737533	0.167979002625	0.149606299213	0.209973753281	0.152230971129	0.110236220472	0.209973753281	0.162729658793	0.212598425197	0.209973753281	0.215223097113	0.186351706037	0.204724409449	0.183727034121	0.170603674541	0.0183727034121	0.11811023622	0.115485564304	0.170603674541	0.0761154855643	0.0971128608924	0.10498687664	0.131233595801	0.170603674541	0.249343832021	0.251968503937	0.251968503937	0.270341207349	0.170603674541	0.0918635170604	0.102362204724	0.152230971129	0.0761154855643	0.125984251969	0.112860892388	0.157480314961	0.141732283465	0.0209973753281	0.160104986877	0.175853018373	0.170603674541	0.175853018373
158499257-stool1.snv.bam	0.149606299213	0.0	0.209973753281	0.209973753281	0.133858267717	0.123359580052	0.196850393701	0.0997375328084	0.141732283465	0.173228346457	0.107611548556	0.107611548556	0.230971128609	0.133858267717	0.133858267717	0.139107611549	0.102362204724	0.160104986877	0.183727034121	0.228346456693	0.225721784777	0.199475065617	0.120734908136	0.120734908136	0.157480314961	0.146981627297	0.217847769029	0.136482939633	0.139107611549	0.157480314961	0.160104986877	0.196850393701	0.204724409449	0.154855643045	0.152230971129	0.191601049869	0.167979002625	0.183727034121	0.0813648293963	0.251968503937	0.0997375328084	0.11811023622	0.157480314961	0.141732283465	0.10498687664	0.207349081365	0.120734908136	0.233595800525	0.154855643045	0.152230971129	0.128608923885	0.157480314961	0.0918635170604	0.215223097113	0.112860892388	0.175853018373	0.125984251969	0.181102362205	0.0761154855643	0.217847769029	0.175853018373	0.194225721785	0.0839895013123	0.183727034121	0.160104986877	0.102362204724	0.141732283465	0.115485564304	0.178477690289	0.217847769029	0.225721784777	0.120734908136	0.183727034121	0.11811023622	0.167979002625	0.146981627297	0.123359580052	0.120734908136	0.194225721785	0.146981627297	0.107611548556	0.170603674541	0.0944881889764	0.175853018373	0.230971128609	0.228346456693	0.209973753281	0.238845144357	0.0866141732283	0.133858267717	0.160104986877	0.123359580052	0.146981627297	0.170603674541	0.11811023622	0.128608923885	0.178477690289	0.149606299213	0.0944881889764	0.181102362205	0.181102362205	0.186351706037
159207311-stool2.snv.bam	0.157480314961	0.209973753281	0.0	0.236220472441	0.178477690289	0.181102362205	0.259842519685	0.162729658793	0.157480314961	0.209973753281	0.191601049869	0.191601049869	0.275590551181	0.202099737533	0.202099737533	0.186351706037	0.175853018373	0.160104986877	0.217847769029	0.275590551181	0.272965879265	0.244094488189	0.162729658793	0.162729658793	0.157480314961	0.139107611549	0.293963254593	0.204724409449	0.191601049869	0.228346456693	0.207349081365	0.215223097113	0.259842519685	0.228346456693	0.165354330709	0.175853018373	0.249343832021	0.215223097113	0.139107611549	0.304461942257	0.173228346457	0.167979002625	0.165354330709	0.167979002625	0.149606299213	0.254593175853	0.191601049869	0.265091863517	0.167979002625	0.178477690289	0.212598425197	0.175853018373	0.209973753281	0.249343832021	0.191601049869	0.257217847769	0.215223097113	0.230971128609	0.230971128609	0.267716535433	0.257217847769	0.223097112861	0.152230971129	0.230971128609	0.233595800525	0.223097112861	0.241469816273	0.230971128609	0.228346456693	0.215223097113	0.272965879265	0.212598425197	0.194225721785	0.209973753281	0.233595800525	0.160104986877	0.215223097113	0.209973753281	0.170603674541	0.209973753281	0.139107611549	0.194225721785	0.167979002625	0.220472440945	0.267716535433	0.272965879265	0.267716535433	0.288713910761	0.230971128609	0.160104986877	0.133858267717	0.160104986877	0.128608923885	0.204724409449	0.207349081365	0.194225721785	0.209973753281	0.165354330709	0.204724409449	0.249343832021	0.241469816273	0.249343832021
159510762-stool2.snv.bam	0.186351706037	0.209973753281	0.236220472441	0.0	0.246719160105	0.225721784777	0.251968503937	0.233595800525	0.223097112861	0.196850393701	0.254593175853	0.254593175853	0.0734908136483	0.220472440945	0.220472440945	0.217847769029	0.199475065617	0.204724409449	0.162729658793	0.241469816273	0.238845144357	0.225721784777	0.196850393701	0.199475065617	0.202099737533	0.175853018373	0.230971128609	0.167979002625	0.188976377953	0.120734908136	0.144356955381	0.149606299213	0.11811023622	0.220472440945	0.202099737533	0.220472440945	0.188976377953	0.209973753281	0.209973753281	0.154855643045	0.196850393701	0.209973753281	0.175853018373	0.194225721785	0.194225721785	0.246719160105	0.215223097113	0.0787401574803	0.181102362205	0.191601049869	0.170603674541	0.191601049869	0.194225721785	0.223097112861	0.209973753281	0.241469816273	0.212598425197	0.194225721785	0.181102362205	0.120734908136	0.233595800525	0.131233595801	0.220472440945	0.191601049869	0.149606299213	0.204724409449	0.183727034121	0.120734908136	0.202099737533	0.191601049869	0.10498687664	0.257217847769	0.110236220472	0.254593175853	0.196850393701	0.181102362205	0.204724409449	0.202099737533	0.191601049869	0.188976377953	0.188976377953	0.136482939633	0.209973753281	0.120734908136	0.249343832021	0.233595800525	0.212598425197	0.259842519685	0.233595800525	0.152230971129	0.188976377953	0.157480314961	0.196850393701	0.202099737533	0.199475065617	0.157480314961	0.186351706037	0.188976377953	0.236220472441	0.204724409449	0.202099737533	0.204724409449
508703490-stool1.snv.bam	0.225721784777	0.133858267717	0.178477690289	0.246719160105	0.0	0.0	0.288713910761	0.170603674541	0.0209973753281	0.223097112861	0.160104986877	0.160104986877	0.251968503937	0.167979002625	0.167979002625	0.133858267717	0.144356955381	0.220472440945	0.204724409449	0.270341207349	0.267716535433	0.236220472441	0.165354330709	0.165354330709	0.212598425197	0.217847769029	0.272965879265	0.223097112861	0.178477690289	0.215223097113	0.207349081365	0.233595800525	0.244094488189	0.175853018373	0.212598425197	0.270341207349	0.209973753281	0.220472440945	0.178477690289	0.259842519685	0.165354330709	0.152230971129	0.217847769029	0.191601049869	0.165354330709	0.262467191601	0.154855643045	0.249343832021	0.215223097113	0.202099737533	0.209973753281	0.209973753281	0.141732283465	0.254593175853	0.170603674541	0.262467191601	0.167979002625	0.241469816273	0.181102362205	0.223097112861	0.249343832021	0.196850393701	0.170603674541	0.217847769029	0.217847769029	0.154855643045	0.160104986877	0.154855643045	0.220472440945	0.254593175853	0.249343832021	0.194225721785	0.167979002625	0.191601049869	0.262467191601	0.209973753281	0.217847769029	0.217847769029	0.204724409449	0.175853018373	0.188976377953	0.257217847769	0.194225721785	0.212598425197	0.278215223097	0.270341207349	0.262467191601	0.296587926509	0.157480314961	0.207349081365	0.230971128609	0.170603674541	0.202099737533	0.238845144357	0.212598425197	0.160104986877	0.275590551181	0.212598425197	0.157480314961	0.225721784777	0.225721784777	0.230971128609
508703490-stool3.snv.bam	0.220472440945	0.123359580052	0.181102362205	0.225721784777	0.0	0.0	0.278215223097	0.160104986877	0.0209973753281	0.217847769029	0.149606299213	0.149606299213	0.230971128609	0.165354330709	0.165354330709	0.125984251969	0.139107611549	0.217847769029	0.183727034121	0.251968503937	0.249343832021	0.225721784777	0.162729658793	0.162729658793	0.207349081365	0.209973753281	0.265091863517	0.217847769029	0.157480314961	0.199475065617	0.188976377953	0.215223097113	0.220472440945	0.160104986877	0.207349081365	0.262467191601	0.191601049869	0.215223097113	0.170603674541	0.236220472441	0.157480314961	0.152230971129	0.212598425197	0.186351706037	0.162729658793	0.249343832021	0.149606299213	0.225721784777	0.209973753281	0.196850393701	0.207349081365	0.204724409449	0.136482939633	0.246719160105	0.165354330709	0.254593175853	0.160104986877	0.233595800525	0.178477690289	0.202099737533	0.238845144357	0.181102362205	0.162729658793	0.202099737533	0.215223097113	0.149606299213	0.146981627297	0.128608923885	0.204724409449	0.244094488189	0.225721784777	0.183727034121	0.165354330709	0.181102362205	0.257217847769	0.204724409449	0.212598425197	0.212598425197	0.199475065617	0.170603674541	0.186351706037	0.254593175853	0.183727034121	0.191601049869	0.259842519685	0.254593175853	0.246719160105	0.280839895013	0.152230971129	0.204724409449	0.228346456693	0.157480314961	0.196850393701	0.236220472441	0.207349081365	0.139107611549	0.267716535433	0.207349081365	0.152230971129	0.223097112861	0.223097112861	0.228346456693
706846339-stool1.snv.bam	0.212598425197	0.196850393701	0.259842519685	0.251968503937	0.288713910761	0.278215223097	0.0	0.202099737533	0.265091863517	0.183727034121	0.162729658793	0.162729658793	0.262467191601	0.207349081365	0.207349081365	0.246719160105	0.194225721785	0.215223097113	0.270341207349	0.241469816273	0.238845144357	0.257217847769	0.225721784777	0.223097112861	0.196850393701	0.183727034121	0.236220472441	0.233595800525	0.275590551181	0.207349081365	0.283464566929	0.280839895013	0.230971128609	0.288713910761	0.207349081365	0.131233595801	0.230971128609	0.223097112861	0.191601049869	0.257217847769	0.199475065617	0.196850393701	0.217847769029	0.202099737533	0.209973753281	0.225721784777	0.186351706037	0.265091863517	0.220472440945	0.209973753281	0.207349081365	0.209973753281	0.223097112861	0.238845144357	0.215223097113	0.170603674541	0.215223097113	0.246719160105	0.217847769029	0.249343832021	0.196850393701	0.223097112861	0.178477690289	0.209973753281	0.175853018373	0.230971128609	0.251968503937	0.225721784777	0.215223097113	0.241469816273	0.278215223097	0.236220472441	0.225721784777	0.236220472441	0.173228346457	0.212598425197	0.202099737533	0.199475065617	0.238845144357	0.225721784777	0.204724409449	0.194225721785	0.212598425197	0.223097112861	0.244094488189	0.236220472441	0.230971128609	0.249343832021	0.217847769029	0.196850393701	0.199475065617	0.272965879265	0.196850393701	0.178477690289	0.196850393701	0.246719160105	0.165354330709	0.209973753281	0.217847769029	0.246719160105	0.238845144357	0.246719160105
706846339-stool2.snv.bam	0.141732283465	0.0997375328084	0.162729658793	0.233595800525	0.170603674541	0.160104986877	0.202099737533	0.0	0.183727034121	0.173228346457	0.0866141732283	0.0866141732283	0.251968503937	0.112860892388	0.112860892388	0.102362204724	0.0918635170604	0.112860892388	0.175853018373	0.207349081365	0.204724409449	0.181102362205	0.125984251969	0.123359580052	0.0839895013123	0.110236220472	0.233595800525	0.162729658793	0.107611548556	0.136482939633	0.178477690289	0.230971128609	0.223097112861	0.162729658793	0.10498687664	0.175853018373	0.167979002625	0.157480314961	0.0866141732283	0.259842519685	0.0866141732283	0.0997375328084	0.136482939633	0.0918635170604	0.0839895013123	0.202099737533	0.102362204724	0.278215223097	0.133858267717	0.131233595801	0.181102362205	0.11811023622	0.0813648293963	0.183727034121	0.0918635170604	0.204724409449	0.120734908136	0.178477690289	0.152230971129	0.228346456693	0.178477690289	0.188976377953	0.0839895013123	0.162729658793	0.181102362205	0.0761154855643	0.162729658793	0.160104986877	0.167979002625	0.157480314961	0.230971128609	0.139107611549	0.207349081365	0.136482939633	0.157480314961	0.125984251969	0.141732283465	0.139107611549	0.120734908136	0.0997375328084	0.112860892388	0.194225721785	0.10498687664	0.196850393701	0.215223097113	0.220472440945	0.199475065617	0.230971128609	0.10498687664	0.149606299213	0.11811023622	0.157480314961	0.0944881889764	0.162729658793	0.136482939633	0.165354330709	0.149606299213	0.128608923885	0.0787401574803	0.139107611549	0.131233595801	0.139107611549
763496533-stool2.snv.bam	0.202099737533	0.141732283465	0.157480314961	0.223097112861	0.0209973753281	0.0209973753281	0.265091863517	0.183727034121	0.0	0.217847769029	0.141732283465	0.141732283465	0.230971128609	0.165354330709	0.165354330709	0.141732283465	0.120734908136	0.204724409449	0.212598425197	0.251968503937	0.249343832021	0.217847769029	0.154855643045	0.154855643045	0.202099737533	0.188976377953	0.265091863517	0.230971128609	0.181102362205	0.204724409449	0.215223097113	0.217847769029	0.220472440945	0.183727034121	0.194225721785	0.254593175853	0.191601049869	0.215223097113	0.194225721785	0.246719160105	0.160104986877	0.144356955381	0.191601049869	0.165354330709	0.144356955381	0.246719160105	0.139107611549	0.236220472441	0.191601049869	0.183727034121	0.228346456693	0.188976377953	0.152230971129	0.246719160105	0.152230971129	0.259842519685	0.165354330709	0.223097112861	0.202099737533	0.204724409449	0.241469816273	0.165354330709	0.188976377953	0.215223097113	0.194225721785	0.170603674541	0.173228346457	0.152230971129	0.199475065617	0.241469816273	0.230971128609	0.209973753281	0.144356955381	0.207349081365	0.267716535433	0.183727034121	0.225721784777	0.225721784777	0.194225721785	0.170603674541	0.173228346457	0.238845144357	0.199475065617	0.178477690289	0.262467191601	0.257217847769	0.251968503937	0.280839895013	0.165354330709	0.188976377953	0.209973753281	0.170603674541	0.175853018373	0.228346456693	0.220472440945	0.128608923885	0.262467191601	0.188976377953	0.167979002625	0.228346456693	0.228346456693	0.233595800525
763577454-stool2.snv.bam	0.141732283465	0.173228346457	0.209973753281	0.196850393701	0.223097112861	0.217847769029	0.183727034121	0.173228346457	0.217847769029	0.0	0.152230971129	0.152230971129	0.238845144357	0.0708661417323	0.0708661417323	0.223097112861	0.107611548556	0.165354330709	0.173228346457	0.233595800525	0.230971128609	0.223097112861	0.110236220472	0.112860892388	0.152230971129	0.154855643045	0.217847769029	0.160104986877	0.207349081365	0.146981627297	0.223097112861	0.188976377953	0.220472440945	0.209973753281	0.173228346457	0.0971128608924	0.167979002625	0.199475065617	0.162729658793	0.257217847769	0.112860892388	0.0813648293963	0.141732283465	0.167979002625	0.107611548556	0.215223097113	0.0839895013123	0.196850393701	0.141732283465	0.139107611549	0.173228346457	0.141732283465	0.123359580052	0.217847769029	0.144356955381	0.220472440945	0.0787401574803	0.167979002625	0.170603674541	0.209973753281	0.199475065617	0.186351706037	0.173228346457	0.188976377953	0.160104986877	0.131233595801	0.183727034121	0.196850393701	0.215223097113	0.230971128609	0.233595800525	0.175853018373	0.207349081365	0.170603674541	0.178477690289	0.131233595801	0.107611548556	0.102362204724	0.191601049869	0.128608923885	0.107611548556	0.146981627297	0.162729658793	0.194225721785	0.241469816273	0.244094488189	0.246719160105	0.246719160105	0.162729658793	0.10498687664	0.181102362205	0.191601049869	0.154855643045	0.157480314961	0.102362204724	0.178477690289	0.139107611549	0.133858267717	0.194225721785	0.228346456693	0.223097112861	0.228346456693
763840445-stool1.snv.bam	0.160104986877	0.107611548556	0.191601049869	0.254593175853	0.160104986877	0.149606299213	0.162729658793	0.0866141732283	0.141732283465	0.152230971129	0.0	0.0	0.262467191601	0.0944881889764	0.0944881889764	0.136482939633	0.0997375328084	0.146981627297	0.233595800525	0.183727034121	0.181102362205	0.178477690289	0.128608923885	0.125984251969	0.11811023622	0.128608923885	0.207349081365	0.191601049869	0.162729658793	0.178477690289	0.217847769029	0.241469816273	0.230971128609	0.196850393701	0.139107611549	0.139107611549	0.152230971129	0.160104986877	0.0997375328084	0.246719160105	0.107611548556	0.0761154855643	0.149606299213	0.112860892388	0.107611548556	0.175853018373	0.0761154855643	0.267716535433	0.149606299213	0.141732283465	0.178477690289	0.141732283465	0.120734908136	0.199475065617	0.107611548556	0.186351706037	0.107611548556	0.183727034121	0.160104986877	0.220472440945	0.170603674541	0.186351706037	0.0892388451444	0.160104986877	0.167979002625	0.125984251969	0.154855643045	0.181102362205	0.160104986877	0.199475065617	0.257217847769	0.141732283465	0.196850393701	0.139107611549	0.191601049869	0.141732283465	0.186351706037	0.186351706037	0.157480314961	0.139107611549	0.131233595801	0.204724409449	0.115485564304	0.207349081365	0.202099737533	0.199475065617	0.194225721785	0.207349081365	0.128608923885	0.154855643045	0.141732283465	0.186351706037	0.112860892388	0.160104986877	0.183727034121	0.152230971129	0.188976377953	0.146981627297	0.0918635170604	0.173228346457	0.170603674541	0.178477690289
763840445-stool2.snv.bam	0.160104986877	0.107611548556	0.191601049869	0.254593175853	0.160104986877	0.149606299213	0.162729658793	0.0866141732283	0.141732283465	0.152230971129	0.0	0.0	0.262467191601	0.0944881889764	0.0944881889764	0.136482939633	0.0997375328084	0.146981627297	0.233595800525	0.183727034121	0.181102362205	0.178477690289	0.128608923885	0.125984251969	0.11811023622	0.128608923885	0.207349081365	0.191601049869	0.162729658793	0.178477690289	0.217847769029	0.241469816273	0.230971128609	0.196850393701	0.139107611549	0.139107611549	0.152230971129	0.160104986877	0.0997375328084	0.246719160105	0.107611548556	0.0761154855643	0.149606299213	0.112860892388	0.107611548556	0.175853018373	0.0761154855643	0.267716535433	0.149606299213	0.141732283465	0.178477690289	0.141732283465	0.120734908136	0.199475065617	0.107611548556	0.186351706037	0.107611548556	0.183727034121	0.160104986877	0.220472440945	0.170603674541	0.186351706037	0.0892388451444	0.160104986877	0.167979002625	0.125984251969	0.154855643045	0.181102362205	0.160104986877	0.199475065617	0.257217847769	0.141732283465	0.196850393701	0.139107611549	0.191601049869	0.141732283465	0.186351706037	0.186351706037	0.157480314961	0.139107611549	0.131233595801	0.204724409449	0.115485564304	0.207349081365	0.202099737533	0.199475065617	0.194225721785	0.207349081365	0.128608923885	0.154855643045	0.141732283465	0.186351706037	0.112860892388	0.160104986877	0.183727034121	0.152230971129	0.188976377953	0.146981627297	0.0918635170604	0.173228346457	0.170603674541	0.178477690289
763860675-stool1.snv.bam	0.215223097113	0.230971128609	0.275590551181	0.0734908136483	0.251968503937	0.230971128609	0.262467191601	0.251968503937	0.230971128609	0.238845144357	0.262467191601	0.262467191601	0.0	0.220472440945	0.220472440945	0.238845144357	0.209973753281	0.220472440945	0.173228346457	0.241469816273	0.238845144357	0.244094488189	0.212598425197	0.212598425197	0.204724409449	0.194225721785	0.225721784777	0.212598425197	0.207349081365	0.128608923885	0.181102362205	0.183727034121	0.0787401574803	0.209973753281	0.228346456693	0.254593175853	0.209973753281	0.209973753281	0.241469816273	0.112860892388	0.202099737533	0.209973753281	0.204724409449	0.217847769029	0.199475065617	0.230971128609	0.225721784777	0.0761154855643	0.207349081365	0.215223097113	0.202099737533	0.212598425197	0.207349081365	0.204724409449	0.188976377953	0.246719160105	0.217847769029	0.170603674541	0.215223097113	0.0866141732283	0.238845144357	0.136482939633	0.230971128609	0.191601049869	0.157480314961	0.217847769029	0.186351706037	0.123359580052	0.194225721785	0.144356955381	0.0656167979003	0.304461942257	0.10498687664	0.301837270341	0.220472440945	0.202099737533	0.228346456693	0.223097112861	0.199475065617	0.196850393701	0.212598425197	0.165354330709	0.257217847769	0.133858267717	0.259842519685	0.230971128609	0.212598425197	0.272965879265	0.233595800525	0.194225721785	0.209973753281	0.188976377953	0.225721784777	0.220472440945	0.223097112861	0.162729658793	0.209973753281	0.204724409449	0.241469816273	0.194225721785	0.191601049869	0.194225721785
763901136-stool1.snv.bam	0.144356955381	0.133858267717	0.202099737533	0.220472440945	0.167979002625	0.165354330709	0.207349081365	0.112860892388	0.165354330709	0.0708661417323	0.0944881889764	0.0944881889764	0.220472440945	0.0	0.0	0.167979002625	0.0524934383202	0.136482939633	0.194225721785	0.188976377953	0.186351706037	0.188976377953	0.0813648293963	0.0813648293963	0.0971128608924	0.136482939633	0.186351706037	0.165354330709	0.160104986877	0.115485564304	0.215223097113	0.191601049869	0.207349081365	0.165354330709	0.144356955381	0.146981627297	0.133858267717	0.160104986877	0.157480314961	0.230971128609	0.0629921259843	0.0262467191601	0.139107611549	0.115485564304	0.0551181102362	0.181102362205	0.0288713910761	0.223097112861	0.136482939633	0.133858267717	0.183727034121	0.133858267717	0.0839895013123	0.183727034121	0.0892388451444	0.186351706037	0.0341207349081	0.170603674541	0.149606299213	0.191601049869	0.178477690289	0.154855643045	0.146981627297	0.144356955381	0.136482939633	0.0944881889764	0.133858267717	0.178477690289	0.173228346457	0.191601049869	0.215223097113	0.152230971129	0.181102362205	0.149606299213	0.196850393701	0.125984251969	0.133858267717	0.128608923885	0.157480314961	0.0944881889764	0.0787401574803	0.162729658793	0.157480314961	0.181102362205	0.194225721785	0.199475065617	0.199475065617	0.209973753281	0.112860892388	0.123359580052	0.141732283465	0.183727034121	0.120734908136	0.133858267717	0.125984251969	0.136482939633	0.167979002625	0.131233595801	0.128608923885	0.167979002625	0.162729658793	0.167979002625
763901136-stool2.snv.bam	0.144356955381	0.133858267717	0.202099737533	0.220472440945	0.167979002625	0.165354330709	0.207349081365	0.112860892388	0.165354330709	0.0708661417323	0.0944881889764	0.0944881889764	0.220472440945	0.0	0.0	0.167979002625	0.0524934383202	0.136482939633	0.194225721785	0.188976377953	0.186351706037	0.188976377953	0.0813648293963	0.0813648293963	0.0971128608924	0.136482939633	0.186351706037	0.165354330709	0.160104986877	0.115485564304	0.215223097113	0.191601049869	0.207349081365	0.165354330709	0.144356955381	0.146981627297	0.133858267717	0.160104986877	0.157480314961	0.230971128609	0.0629921259843	0.0262467191601	0.139107611549	0.115485564304	0.0551181102362	0.181102362205	0.0288713910761	0.223097112861	0.136482939633	0.133858267717	0.183727034121	0.133858267717	0.0839895013123	0.183727034121	0.0892388451444	0.186351706037	0.0341207349081	0.170603674541	0.149606299213	0.191601049869	0.178477690289	0.154855643045	0.146981627297	0.144356955381	0.136482939633	0.0944881889764	0.133858267717	0.178477690289	0.173228346457	0.191601049869	0.215223097113	0.152230971129	0.181102362205	0.149606299213	0.196850393701	0.125984251969	0.133858267717	0.128608923885	0.157480314961	0.0944881889764	0.0787401574803	0.162729658793	0.157480314961	0.181102362205	0.194225721785	0.199475065617	0.199475065617	0.209973753281	0.112860892388	0.123359580052	0.141732283465	0.183727034121	0.120734908136	0.133858267717	0.125984251969	0.136482939633	0.167979002625	0.131233595801	0.128608923885	0.167979002625	0.162729658793	0.167979002625
763921366-stool3.snv.bam	0.170603674541	0.139107611549	0.186351706037	0.217847769029	0.133858267717	0.125984251969	0.246719160105	0.102362204724	0.141732283465	0.223097112861	0.136482939633	0.136482939633	0.238845144357	0.167979002625	0.167979002625	0.0	0.146981627297	0.162729658793	0.152230971129	0.241469816273	0.238845144357	0.196850393701	0.160104986877	0.157480314961	0.152230971129	0.133858267717	0.262467191601	0.175853018373	0.123359580052	0.202099737533	0.162729658793	0.207349081365	0.223097112861	0.160104986877	0.154855643045	0.199475065617	0.196850393701	0.207349081365	0.128608923885	0.241469816273	0.152230971129	0.160104986877	0.170603674541	0.144356955381	0.154855643045	0.225721784777	0.160104986877	0.238845144357	0.167979002625	0.154855643045	0.183727034121	0.157480314961	0.136482939633	0.233595800525	0.162729658793	0.228346456693	0.160104986877	0.207349081365	0.175853018373	0.209973753281	0.225721784777	0.181102362205	0.133858267717	0.191601049869	0.215223097113	0.136482939633	0.133858267717	0.154855643045	0.181102362205	0.154855643045	0.204724409449	0.178477690289	0.230971128609	0.170603674541	0.188976377953	0.162729658793	0.181102362205	0.181102362205	0.146981627297	0.144356955381	0.146981627297	0.228346456693	0.131233595801	0.196850393701	0.238845144357	0.241469816273	0.228346456693	0.257217847769	0.160104986877	0.188976377953	0.152230971129	0.136482939633	0.133858267717	0.202099737533	0.175853018373	0.175853018373	0.186351706037	0.167979002625	0.133858267717	0.183727034121	0.181102362205	0.188976377953
764002286-stool2.snv.bam	0.107611548556	0.102362204724	0.175853018373	0.199475065617	0.144356955381	0.139107611549	0.194225721785	0.0918635170604	0.120734908136	0.107611548556	0.0997375328084	0.0997375328084	0.209973753281	0.0524934383202	0.0524934383202	0.146981627297	0.0	0.110236220472	0.183727034121	0.199475065617	0.196850393701	0.162729658793	0.0551181102362	0.0551181102362	0.0971128608924	0.10498687664	0.212598425197	0.152230971129	0.152230971129	0.10498687664	0.209973753281	0.186351706037	0.202099737533	0.154855643045	0.102362204724	0.162729658793	0.144356955381	0.165354330709	0.152230971129	0.236220472441	0.0577427821522	0.0288713910761	0.102362204724	0.0682414698163	0.0236220472441	0.191601049869	0.0209973753281	0.223097112861	0.102362204724	0.0944881889764	0.178477690289	0.0997375328084	0.0577427821522	0.202099737533	0.0472440944882	0.209973753281	0.0603674540682	0.160104986877	0.144356955381	0.191601049869	0.181102362205	0.123359580052	0.144356955381	0.162729658793	0.102362204724	0.0734908136483	0.160104986877	0.154855643045	0.152230971129	0.202099737533	0.215223097113	0.162729658793	0.162729658793	0.160104986877	0.191601049869	0.0918635170604	0.123359580052	0.120734908136	0.162729658793	0.0813648293963	0.0577427821522	0.139107611549	0.136482939633	0.149606299213	0.217847769029	0.215223097113	0.202099737533	0.228346456693	0.0866141732283	0.0918635170604	0.120734908136	0.173228346457	0.0866141732283	0.11811023622	0.115485564304	0.10498687664	0.167979002625	0.0944881889764	0.107611548556	0.162729658793	0.157480314961	0.162729658793
764062976-stool1.snv.bam	0.0813648293963	0.160104986877	0.160104986877	0.204724409449	0.220472440945	0.217847769029	0.215223097113	0.112860892388	0.204724409449	0.165354330709	0.146981627297	0.146981627297	0.220472440945	0.136482939633	0.136482939633	0.162729658793	0.110236220472	0.0	0.196850393701	0.204724409449	0.202099737533	0.199475065617	0.0629921259843	0.0603674540682	0.107611548556	0.0813648293963	0.233595800525	0.149606299213	0.149606299213	0.139107611549	0.183727034121	0.202099737533	0.207349081365	0.175853018373	0.00787401574803	0.152230971129	0.188976377953	0.165354330709	0.131233595801	0.223097112861	0.0918635170604	0.102362204724	0.0629921259843	0.0419947506562	0.0839895013123	0.212598425197	0.120734908136	0.230971128609	0.0656167979003	0.0629921259843	0.178477690289	0.0524934383202	0.146981627297	0.194225721785	0.110236220472	0.194225721785	0.154855643045	0.107611548556	0.191601049869	0.207349081365	0.217847769029	0.165354330709	0.139107611549	0.167979002625	0.146981627297	0.141732283465	0.202099737533	0.199475065617	0.173228346457	0.175853018373	0.196850393701	0.188976377953	0.212598425197	0.186351706037	0.196850393701	0.0551181102362	0.160104986877	0.154855643045	0.112860892388	0.0944881889764	0.0944881889764	0.149606299213	0.149606299213	0.181102362205	0.244094488189	0.220472440945	0.207349081365	0.259842519685	0.170603674541	0.120734908136	0.0472440944882	0.160104986877	0.0577427821522	0.160104986877	0.152230971129	0.149606299213	0.165354330709	0.0577427821522	0.133858267717	0.115485564304	0.112860892388	0.115485564304
764083206-stool1.snv.bam	0.188976377953	0.183727034121	0.217847769029	0.162729658793	0.204724409449	0.183727034121	0.270341207349	0.175853018373	0.212598425197	0.173228346457	0.233595800525	0.233595800525	0.173228346457	0.194225721785	0.194225721785	0.152230971129	0.183727034121	0.196850393701	0.0	0.272965879265	0.270341207349	0.262467191601	0.178477690289	0.181102362205	0.207349081365	0.191601049869	0.262467191601	0.199475065617	0.133858267717	0.170603674541	0.154855643045	0.194225721785	0.202099737533	0.136482939633	0.204724409449	0.196850393701	0.233595800525	0.220472440945	0.181102362205	0.238845144357	0.175853018373	0.181102362205	0.194225721785	0.204724409449	0.170603674541	0.251968503937	0.194225721785	0.183727034121	0.194225721785	0.194225721785	0.181102362205	0.183727034121	0.146981627297	0.244094488189	0.194225721785	0.283464566929	0.196850393701	0.236220472441	0.199475065617	0.194225721785	0.251968503937	0.178477690289	0.188976377953	0.233595800525	0.228346456693	0.144356955381	0.154855643045	0.112860892388	0.230971128609	0.225721784777	0.170603674541	0.209973753281	0.223097112861	0.202099737533	0.215223097113	0.183727034121	0.141732283465	0.136482939633	0.212598425197	0.149606299213	0.154855643045	0.202099737533	0.188976377953	0.160104986877	0.270341207349	0.262467191601	0.259842519685	0.293963254593	0.186351706037	0.170603674541	0.212598425197	0.141732283465	0.202099737533	0.244094488189	0.141732283465	0.154855643045	0.202099737533	0.186351706037	0.196850393701	0.230971128609	0.230971128609	0.236220472441
764366428-stool2.snv.bam	0.249343832021	0.228346456693	0.275590551181	0.241469816273	0.270341207349	0.251968503937	0.241469816273	0.207349081365	0.251968503937	0.233595800525	0.183727034121	0.183727034121	0.241469816273	0.188976377953	0.188976377953	0.241469816273	0.199475065617	0.204724409449	0.272965879265	0.0	0.0	0.170603674541	0.215223097113	0.212598425197	0.191601049869	0.215223097113	0.178477690289	0.262467191601	0.238845144357	0.215223097113	0.270341207349	0.220472440945	0.225721784777	0.249343832021	0.202099737533	0.220472440945	0.162729658793	0.0761154855643	0.217847769029	0.259842519685	0.188976377953	0.181102362205	0.233595800525	0.196850393701	0.202099737533	0.167979002625	0.183727034121	0.265091863517	0.238845144357	0.230971128609	0.254593175853	0.230971128609	0.236220472441	0.131233595801	0.209973753281	0.212598425197	0.191601049869	0.246719160105	0.259842519685	0.230971128609	0.120734908136	0.228346456693	0.204724409449	0.141732283465	0.220472440945	0.241469816273	0.265091863517	0.212598425197	0.0997375328084	0.241469816273	0.251968503937	0.241469816273	0.228346456693	0.238845144357	0.267716535433	0.230971128609	0.259842519685	0.257217847769	0.220472440945	0.236220472441	0.209973753281	0.251968503937	0.233595800525	0.251968503937	0.152230971129	0.123359580052	0.0892388451444	0.133858267717	0.228346456693	0.228346456693	0.204724409449	0.236220472441	0.212598425197	0.251968503937	0.249343832021	0.233595800525	0.259842519685	0.236220472441	0.212598425197	0.246719160105	0.236220472441	0.246719160105
764366428-stool3.snv.bam	0.246719160105	0.225721784777	0.272965879265	0.238845144357	0.267716535433	0.249343832021	0.238845144357	0.204724409449	0.249343832021	0.230971128609	0.181102362205	0.181102362205	0.238845144357	0.186351706037	0.186351706037	0.238845144357	0.196850393701	0.202099737533	0.270341207349	0.0	0.0	0.167979002625	0.212598425197	0.209973753281	0.188976377953	0.212598425197	0.178477690289	0.259842519685	0.236220472441	0.212598425197	0.267716535433	0.220472440945	0.223097112861	0.246719160105	0.199475065617	0.217847769029	0.160104986877	0.0761154855643	0.215223097113	0.257217847769	0.186351706037	0.178477690289	0.230971128609	0.194225721785	0.199475065617	0.165354330709	0.181102362205	0.262467191601	0.236220472441	0.228346456693	0.251968503937	0.228346456693	0.233595800525	0.131233595801	0.207349081365	0.209973753281	0.188976377953	0.244094488189	0.257217847769	0.228346456693	0.120734908136	0.225721784777	0.202099737533	0.141732283465	0.217847769029	0.238845144357	0.262467191601	0.209973753281	0.0997375328084	0.238845144357	0.249343832021	0.238845144357	0.225721784777	0.236220472441	0.265091863517	0.228346456693	0.257217847769	0.254593175853	0.217847769029	0.233595800525	0.207349081365	0.249343832021	0.230971128609	0.249343832021	0.149606299213	0.123359580052	0.0892388451444	0.131233595801	0.225721784777	0.225721784777	0.202099737533	0.233595800525	0.209973753281	0.249343832021	0.246719160105	0.230971128609	0.257217847769	0.233595800525	0.209973753281	0.244094488189	0.233595800525	0.244094488189
764467579-stool3.snv.bam	0.223097112861	0.199475065617	0.244094488189	0.225721784777	0.236220472441	0.225721784777	0.257217847769	0.181102362205	0.217847769029	0.223097112861	0.178477690289	0.178477690289	0.244094488189	0.188976377953	0.188976377953	0.196850393701	0.162729658793	0.199475065617	0.262467191601	0.170603674541	0.167979002625	0.0	0.186351706037	0.186351706037	0.175853018373	0.183727034121	0.196850393701	0.228346456693	0.207349081365	0.196850393701	0.228346456693	0.215223097113	0.199475065617	0.244094488189	0.194225721785	0.228346456693	0.144356955381	0.160104986877	0.204724409449	0.228346456693	0.160104986877	0.170603674541	0.204724409449	0.178477690289	0.175853018373	0.125984251969	0.178477690289	0.244094488189	0.207349081365	0.183727034121	0.225721784777	0.199475065617	0.209973753281	0.188976377953	0.173228346457	0.217847769029	0.170603674541	0.225721784777	0.217847769029	0.202099737533	0.183727034121	0.191601049869	0.188976377953	0.160104986877	0.181102362205	0.209973753281	0.244094488189	0.230971128609	0.136482939633	0.215223097113	0.215223097113	0.241469816273	0.220472440945	0.238845144357	0.217847769029	0.202099737533	0.233595800525	0.228346456693	0.204724409449	0.196850393701	0.194225721785	0.217847769029	0.207349081365	0.207349081365	0.152230971129	0.204724409449	0.152230971129	0.0971128608924	0.217847769029	0.202099737533	0.194225721785	0.225721784777	0.186351706037	0.199475065617	0.223097112861	0.202099737533	0.212598425197	0.209973753281	0.191601049869	0.188976377953	0.186351706037	0.194225721785
764487809-stool1.snv.bam	0.0839895013123	0.120734908136	0.162729658793	0.196850393701	0.165354330709	0.162729658793	0.225721784777	0.125984251969	0.154855643045	0.110236220472	0.128608923885	0.128608923885	0.212598425197	0.0813648293963	0.0813648293963	0.160104986877	0.0551181102362	0.0629921259843	0.178477690289	0.215223097113	0.212598425197	0.186351706037	0.0	0.0	0.136482939633	0.0839895013123	0.217847769029	0.141732283465	0.152230971129	0.141732283465	0.173228346457	0.152230971129	0.215223097113	0.128608923885	0.0708661417323	0.149606299213	0.165354330709	0.181102362205	0.133858267717	0.236220472441	0.0656167979003	0.0472440944882	0.0708661417323	0.0866141732283	0.0498687664042	0.202099737533	0.0656167979003	0.196850393701	0.0708661417323	0.0603674540682	0.170603674541	0.0682414698163	0.112860892388	0.209973753281	0.0866141732283	0.209973753281	0.0997375328084	0.128608923885	0.141732283465	0.199475065617	0.196850393701	0.139107611549	0.133858267717	0.173228346457	0.131233595801	0.11811023622	0.152230971129	0.170603674541	0.170603674541	0.191601049869	0.207349081365	0.175853018373	0.204724409449	0.173228346457	0.209973753281	0.0603674540682	0.136482939633	0.131233595801	0.149606299213	0.0997375328084	0.0603674540682	0.133858267717	0.141732283465	0.154855643045	0.225721784777	0.220472440945	0.217847769029	0.244094488189	0.128608923885	0.0892388451444	0.0787401574803	0.141732283465	0.0629921259843	0.136482939633	0.128608923885	0.10498687664	0.183727034121	0.0629921259843	0.152230971129	0.165354330709	0.157480314961	0.165354330709
764487809-stool2.snv.bam	0.0866141732283	0.120734908136	0.162729658793	0.199475065617	0.165354330709	0.162729658793	0.223097112861	0.123359580052	0.154855643045	0.112860892388	0.125984251969	0.125984251969	0.212598425197	0.0813648293963	0.0813648293963	0.157480314961	0.0551181102362	0.0603674540682	0.181102362205	0.212598425197	0.209973753281	0.186351706037	0.0	0.0	0.133858267717	0.0813648293963	0.215223097113	0.141732283465	0.149606299213	0.141732283465	0.175853018373	0.154855643045	0.215223097113	0.128608923885	0.0682414698163	0.149606299213	0.162729658793	0.178477690289	0.133858267717	0.236220472441	0.0682414698163	0.0472440944882	0.0708661417323	0.0839895013123	0.0498687664042	0.196850393701	0.0656167979003	0.199475065617	0.0708661417323	0.0603674540682	0.165354330709	0.0682414698163	0.112860892388	0.207349081365	0.0866141732283	0.207349081365	0.0997375328084	0.128608923885	0.141732283465	0.196850393701	0.191601049869	0.139107611549	0.131233595801	0.170603674541	0.133858267717	0.11811023622	0.152230971129	0.170603674541	0.167979002625	0.188976377953	0.207349081365	0.170603674541	0.204724409449	0.167979002625	0.207349081365	0.0603674540682	0.136482939633	0.131233595801	0.149606299213	0.0997375328084	0.0603674540682	0.131233595801	0.139107611549	0.157480314961	0.223097112861	0.217847769029	0.212598425197	0.241469816273	0.125984251969	0.0918635170604	0.0761154855643	0.144356955381	0.0603674540682	0.131233595801	0.128608923885	0.107611548556	0.181102362205	0.0629921259843	0.146981627297	0.162729658793	0.154855643045	0.162729658793
