	158337416-stool1.snv.bam	160178356-stool3.snv.bam	763840445-stool1.snv.bam	763860675-stool1.snv.bam	763901136-stool1.snv.bam	BYQ_AAAD.snv.bam	BYQ_AAAE.snv.bam	BYQ_AAAO.snv.bam	CCIS16383318ST-4-0.snv.bam	CCIS47745468ST-4-0.snv.bam	CCIS91228662ST-4-0.snv.bam	CCMD26925580ST-21-0.snv.bam	CCMD35802077ST-21-0.snv.bam	CCMD72895164ST-21-0.snv.bam	ED20A.snv.bam	HT25A.snv.bam	M2.5-V1.metaT.snv.bam	MH0191.snv.bam	MH0192.snv.bam	MH0204.snv.bam	MH0257.snv.bam	MH0259.snv.bam	MH0262.snv.bam	MH0290.snv.bam	MH0293.snv.bam	MH0359.snv.bam	MH0402.snv.bam	MH0403.snv.bam	MH0423.snv.bam	MH0425.snv.bam	MH0431.snv.bam	MH0443.snv.bam	MH0446.snv.bam	MH0447.snv.bam	MH0450.snv.bam	MH0451.snv.bam	MH0452.snv.bam	MH0455.snv.bam	MH0456.snv.bam	MMRS51737257ST-27-0-0.snv.bam	MMRS86178473ST-27-0-0.snv.bam	MMRS87723283ST-27-0-0.snv.bam	N066A.snv.bam	N074A.snv.bam	N086A.snv.bam	N088A.snv.bam	N104A.snv.bam	O2.UC11-1.snv.bam	O2.UC28-2.snv.bam	O2.UC44-2.snv.bam	O2.UC50-0.snv.bam	SAMEA3136641.snv.bam	SAMEA3136658.snv.bam	SAMEA3136659.snv.bam	SAMEA3136663.snv.bam	SAMEA3136664.snv.bam	SAMEA3136689.snv.bam	SAMEA3136740.snv.bam	SAMEA3136742.snv.bam	SAMEA3136752.snv.bam	SAMEA3136761.snv.bam	SZEY-40A.snv.bam	SZEY-62A.snv.bam	T2D-102A.snv.bam	T2D-154A.snv.bam	T2D-198A.snv.bam	T2D-47A.snv.bam	T2D-51A.snv.bam	T2D-68A.snv.bam	T2D-78A.snv.bam	V1.CD49-0.snv.bam	V1.FI01.snv.bam	V1.FI09.snv.bam	V1.FI11.snv.bam	V1.FI12.snv.bam	V1.FI13.snv.bam	V1.FI15.snv.bam	V1.FI19.snv.bam	V1.FI27.snv.bam	V1.FI32.snv.bam	V1.UC13-3.snv.bam	V1.UC5-3.snv.bam	V1.UC57-0.snv.bam	V1.UC58-4.snv.bam	alien-11-630-0.snv.bam	alien-11-7-0.snv.bam	alien-11-773-0.snv.bam
158337416-stool1.snv.bam	0.0	0.0644718792867	0.0685871056241	0.0301783264746	0.0589849108368	0.0438957475995	0.0356652949246	0.0452674897119	0.122085048011	0.0301783264746	0.0685871056241	0.0932784636488	0.0836762688615	0.0603566529492	0.0781893004115	0.079561042524	0.042524005487	0.0562414266118	0.0589849108368	0.0644718792867	0.0713305898491	0.0589849108368	0.0946502057613	0.0589849108368	0.0631001371742	0.0589849108368	0.0809327846365	0.0301783264746	0.0233196159122	0.0754458161866	0.0644718792867	0.042524005487	0.037037037037	0.0699588477366	0.0754458161866	0.0699588477366	0.0562414266118	0.0315500685871	0.0617283950617	0.0809327846365	0.00548696844993	0.0246913580247	0.0905349794239	0.0877914951989	0.0946502057613	0.0576131687243	0.079561042524	0.0672153635117	0.039780521262	0.0658436213992	0.0754458161866	0.0699588477366	0.0713305898491	0.117969821674	0.0727023319616	0.0754458161866	0.076817558299	0.0727023319616	0.0617283950617	0.0658436213992	0.042524005487	0.0877914951989	0.0877914951989	0.0740740740741	0.0658436213992	0.0713305898491	0.0754458161866	0.0713305898491	0.0754458161866	0.076817558299	0.0589849108368	0.0452674897119	0.113854595336	0.037037037037	0.0672153635117	0.0452674897119	0.0548696844993	0.0589849108368	0.0672153635117	0.0329218106996	0.0438957475995	0.0672153635117	0.0617283950617	0.0589849108368	0.0754458161866	0.0672153635117	0.0754458161866
160178356-stool3.snv.bam	0.0644718792867	0.0	0.0644718792867	0.0466392318244	0.0589849108368	0.0685871056241	0.0411522633745	0.0713305898491	0.115226337449	0.0699588477366	0.0562414266118	0.0973936899863	0.082304526749	0.0548696844993	0.0754458161866	0.0836762688615	0.0534979423868	0.0562414266118	0.0493827160494	0.0713305898491	0.0685871056241	0.0576131687243	0.0987654320988	0.0507544581619	0.0658436213992	0.0631001371742	0.082304526749	0.0699588477366	0.0685871056241	0.0576131687243	0.0548696844993	0.0603566529492	0.0727023319616	0.0631001371742	0.0644718792867	0.0754458161866	0.0658436213992	0.0562414266118	0.0562414266118	0.079561042524	0.0576131687243	0.0672153635117	0.0905349794239	0.0850480109739	0.0973936899863	0.0685871056241	0.079561042524	0.0521262002743	0.0493827160494	0.0631001371742	0.0644718792867	0.076817558299	0.0617283950617	0.116598079561	0.0699588477366	0.0658436213992	0.0713305898491	0.0685871056241	0.0631001371742	0.0740740740741	0.0713305898491	0.0919067215364	0.0864197530864	0.0685871056241	0.0685871056241	0.0781893004115	0.082304526749	0.0699588477366	0.0781893004115	0.0809327846365	0.0631001371742	0.0562414266118	0.106995884774	0.0480109739369	0.0699588477366	0.0562414266118	0.076817558299	0.0685871056241	0.0644718792867	0.0754458161866	0.0534979423868	0.0713305898491	0.0507544581619	0.0480109739369	0.0713305898491	0.0713305898491	0.0713305898491
763840445-stool1.snv.bam	0.0685871056241	0.0644718792867	0.0	0.0603566529492	0.0727023319616	0.0672153635117	0.0521262002743	0.0685871056241	0.124828532236	0.0727023319616	0.076817558299	0.0987654320988	0.0877914951989	0.0631001371742	0.0658436213992	0.076817558299	0.0480109739369	0.0727023319616	0.0631001371742	0.079561042524	0.0699588477366	0.0562414266118	0.102880658436	0.0658436213992	0.079561042524	0.0507544581619	0.0740740740741	0.0631001371742	0.0617283950617	0.082304526749	0.0699588477366	0.0631001371742	0.0727023319616	0.0754458161866	0.0809327846365	0.076817558299	0.0727023319616	0.0617283950617	0.0836762688615	0.0713305898491	0.0658436213992	0.0685871056241	0.0836762688615	0.0809327846365	0.101508916324	0.0699588477366	0.076817558299	0.0781893004115	0.0480109739369	0.0754458161866	0.0727023319616	0.0740740740741	0.0631001371742	0.120713305898	0.0891632373114	0.0727023319616	0.0727023319616	0.0754458161866	0.0631001371742	0.0644718792867	0.0699588477366	0.0919067215364	0.0905349794239	0.0521262002743	0.0699588477366	0.0740740740741	0.0754458161866	0.0507544581619	0.079561042524	0.076817558299	0.0699588477366	0.0521262002743	0.117969821674	0.0438957475995	0.0603566529492	0.0521262002743	0.0699588477366	0.0521262002743	0.0685871056241	0.0699588477366	0.0507544581619	0.082304526749	0.0521262002743	0.0493827160494	0.079561042524	0.0836762688615	0.079561042524
763860675-stool1.snv.bam	0.0301783264746	0.0466392318244	0.0603566529492	0.0	0.0562414266118	0.037037037037	0.0288065843621	0.0384087791495	0.119341563786	0.039780521262	0.0699588477366	0.0960219478738	0.079561042524	0.0562414266118	0.0685871056241	0.0740740740741	0.0411522633745	0.0548696844993	0.0562414266118	0.0672153635117	0.0740740740741	0.0534979423868	0.0905349794239	0.0411522633745	0.0672153635117	0.0589849108368	0.0713305898491	0.039780521262	0.0384087791495	0.0754458161866	0.0617283950617	0.0534979423868	0.0384087791495	0.0672153635117	0.076817558299	0.0740740740741	0.0576131687243	0.0384087791495	0.0562414266118	0.0727023319616	0.0301783264746	0.0246913580247	0.0946502057613	0.082304526749	0.0932784636488	0.0631001371742	0.0672153635117	0.0685871056241	0.0384087791495	0.0589849108368	0.0685871056241	0.0713305898491	0.0727023319616	0.117969821674	0.0644718792867	0.0685871056241	0.0754458161866	0.0713305898491	0.0699588477366	0.0658436213992	0.0384087791495	0.0891632373114	0.0836762688615	0.0699588477366	0.0603566529492	0.0631001371742	0.0713305898491	0.0672153635117	0.0713305898491	0.0685871056241	0.0562414266118	0.0438957475995	0.115226337449	0.039780521262	0.0644718792867	0.0438957475995	0.0521262002743	0.0603566529492	0.0603566529492	0.0438957475995	0.042524005487	0.0631001371742	0.0576131687243	0.0562414266118	0.0754458161866	0.0685871056241	0.0754458161866
763901136-stool1.snv.bam	0.0589849108368	0.0589849108368	0.0727023319616	0.0562414266118	0.0	0.076817558299	0.0685871056241	0.0781893004115	0.120713305898	0.0727023319616	0.0576131687243	0.0987654320988	0.0905349794239	0.042524005487	0.0727023319616	0.076817558299	0.0713305898491	0.0631001371742	0.0548696844993	0.0713305898491	0.0672153635117	0.0562414266118	0.104252400549	0.0493827160494	0.0699588477366	0.0685871056241	0.076817558299	0.0740740740741	0.0576131687243	0.0617283950617	0.0150891632373	0.0713305898491	0.079561042524	0.0699588477366	0.0644718792867	0.076817558299	0.0644718792867	0.0699588477366	0.0562414266118	0.0727023319616	0.0617283950617	0.0713305898491	0.0932784636488	0.0713305898491	0.100137174211	0.0438957475995	0.079561042524	0.0576131687243	0.0699588477366	0.0631001371742	0.0672153635117	0.0727023319616	0.0644718792867	0.120713305898	0.042524005487	0.0727023319616	0.082304526749	0.0466392318244	0.0727023319616	0.0685871056241	0.0754458161866	0.0946502057613	0.0891632373114	0.0809327846365	0.039780521262	0.042524005487	0.0754458161866	0.076817558299	0.0480109739369	0.0452674897119	0.0192043895748	0.076817558299	0.0877914951989	0.0644718792867	0.0713305898491	0.076817558299	0.079561042524	0.0617283950617	0.0631001371742	0.0754458161866	0.0754458161866	0.0411522633745	0.0576131687243	0.0589849108368	0.0548696844993	0.0644718792867	0.0548696844993
BYQ_AAAD.snv.bam	0.0438957475995	0.0685871056241	0.0672153635117	0.037037037037	0.076817558299	0.0	0.039780521262	0.0	0.142661179698	0.0233196159122	0.0836762688615	0.105624142661	0.0877914951989	0.0740740740741	0.0809327846365	0.0781893004115	0.0521262002743	0.0672153635117	0.076817558299	0.0754458161866	0.082304526749	0.076817558299	0.101508916324	0.0631001371742	0.0685871056241	0.0603566529492	0.0727023319616	0.0219478737997	0.0411522633745	0.0877914951989	0.0740740740741	0.0644718792867	0.0082304526749	0.0699588477366	0.0891632373114	0.0672153635117	0.0685871056241	0.0246913580247	0.0754458161866	0.0932784636488	0.0384087791495	0.0260631001372	0.0987654320988	0.101508916324	0.108367626886	0.076817558299	0.0727023319616	0.0781893004115	0.0521262002743	0.0754458161866	0.0864197530864	0.0891632373114	0.0685871056241	0.131687242798	0.0960219478738	0.082304526749	0.0850480109739	0.0919067215364	0.0740740740741	0.076817558299	0.0329218106996	0.0987654320988	0.102880658436	0.0644718792867	0.0740740740741	0.0864197530864	0.076817558299	0.0754458161866	0.0877914951989	0.0905349794239	0.0754458161866	0.0576131687243	0.137174211248	0.0534979423868	0.0740740740741	0.0576131687243	0.0699588477366	0.0809327846365	0.0850480109739	0.0507544581619	0.0548696844993	0.0864197530864	0.0699588477366	0.0685871056241	0.0905349794239	0.0836762688615	0.0905349794239
BYQ_AAAE.snv.bam	0.0356652949246	0.0411522633745	0.0521262002743	0.0288065843621	0.0685871056241	0.039780521262	0.0	0.039780521262	0.124828532236	0.0329218106996	0.0685871056241	0.0987654320988	0.076817558299	0.0617283950617	0.0727023319616	0.0740740740741	0.0164609053498	0.0534979423868	0.0562414266118	0.0685871056241	0.0658436213992	0.0589849108368	0.0932784636488	0.0548696844993	0.0672153635117	0.0521262002743	0.0685871056241	0.0329218106996	0.042524005487	0.0754458161866	0.0685871056241	0.042524005487	0.0315500685871	0.0576131687243	0.0740740740741	0.0603566529492	0.0603566529492	0.0274348422497	0.0644718792867	0.0809327846365	0.0315500685871	0.0205761316872	0.0905349794239	0.082304526749	0.0973936899863	0.0631001371742	0.0699588477366	0.0644718792867	0.0137174211248	0.0617283950617	0.0713305898491	0.0713305898491	0.0576131687243	0.119341563786	0.079561042524	0.0644718792867	0.079561042524	0.076817558299	0.0466392318244	0.0589849108368	0.039780521262	0.0891632373114	0.0891632373114	0.0521262002743	0.0699588477366	0.0740740740741	0.0740740740741	0.0617283950617	0.079561042524	0.079561042524	0.0699588477366	0.0164609053498	0.112482853224	0.0150891632373	0.0562414266118	0.0164609053498	0.0603566529492	0.0617283950617	0.0631001371742	0.0411522633745	0.0164609053498	0.079561042524	0.0507544581619	0.0493827160494	0.0727023319616	0.0781893004115	0.0727023319616
BYQ_AAAO.snv.bam	0.0452674897119	0.0713305898491	0.0685871056241	0.0384087791495	0.0781893004115	0.0	0.039780521262	0.0	0.141289437586	0.0233196159122	0.0864197530864	0.111111111111	0.0905349794239	0.076817558299	0.0836762688615	0.0809327846365	0.0521262002743	0.0699588477366	0.0781893004115	0.0781893004115	0.0836762688615	0.076817558299	0.101508916324	0.0644718792867	0.0713305898491	0.0631001371742	0.0754458161866	0.0219478737997	0.0411522633745	0.0905349794239	0.0754458161866	0.0658436213992	0.0082304526749	0.0699588477366	0.0919067215364	0.0672153635117	0.0713305898491	0.0246913580247	0.0781893004115	0.0932784636488	0.0384087791495	0.0260631001372	0.101508916324	0.102880658436	0.111111111111	0.0809327846365	0.0754458161866	0.0809327846365	0.0521262002743	0.0781893004115	0.0891632373114	0.0905349794239	0.0685871056241	0.133058984911	0.100137174211	0.0850480109739	0.0877914951989	0.0932784636488	0.0740740740741	0.0781893004115	0.0329218106996	0.100137174211	0.106995884774	0.0644718792867	0.076817558299	0.0905349794239	0.0809327846365	0.076817558299	0.0919067215364	0.0946502057613	0.076817558299	0.0576131687243	0.139917695473	0.0534979423868	0.0740740740741	0.0576131687243	0.0713305898491	0.082304526749	0.0864197530864	0.0507544581619	0.0548696844993	0.0877914951989	0.0713305898491	0.0699588477366	0.0919067215364	0.0850480109739	0.0919067215364
CCIS16383318ST-4-0.snv.bam	0.122085048011	0.115226337449	0.124828532236	0.119341563786	0.120713305898	0.142661179698	0.124828532236	0.141289437586	0.0	0.133058984911	0.108367626886	0.131687242798	0.122085048011	0.122085048011	0.127572016461	0.122085048011	0.116598079561	0.116598079561	0.111111111111	0.120713305898	0.101508916324	0.111111111111	0.146776406036	0.102880658436	0.122085048011	0.126200274348	0.123456790123	0.124828532236	0.113854595336	0.108367626886	0.115226337449	0.119341563786	0.135802469136	0.102880658436	0.115226337449	0.134430727023	0.128943758573	0.109739368999	0.122085048011	0.123456790123	0.124828532236	0.133058984911	0.116598079561	0.119341563786	0.128943758573	0.0877914951989	0.127572016461	0.0946502057613	0.0836762688615	0.127572016461	0.124828532236	0.134430727023	0.116598079561	0.152263374486	0.133058984911	0.124828532236	0.137174211248	0.130315500686	0.122085048011	0.123456790123	0.134430727023	0.133058984911	0.127572016461	0.116598079561	0.102880658436	0.131687242798	0.119341563786	0.124828532236	0.131687242798	0.130315500686	0.128943758573	0.130315500686	0.0781893004115	0.111111111111	0.111111111111	0.131687242798	0.137174211248	0.120713305898	0.123456790123	0.127572016461	0.120713305898	0.124828532236	0.112482853224	0.109739368999	0.124828532236	0.112482853224	0.124828532236
CCIS47745468ST-4-0.snv.bam	0.0301783264746	0.0699588477366	0.0727023319616	0.039780521262	0.0727023319616	0.0233196159122	0.0329218106996	0.0233196159122	0.133058984911	0.0	0.079561042524	0.108367626886	0.0850480109739	0.0699588477366	0.0864197530864	0.0877914951989	0.039780521262	0.0685871056241	0.0699588477366	0.0781893004115	0.0781893004115	0.0727023319616	0.0973936899863	0.0603566529492	0.0713305898491	0.0603566529492	0.082304526749	0.0123456790123	0.0301783264746	0.0864197530864	0.0685871056241	0.0521262002743	0.0137174211248	0.0644718792867	0.0877914951989	0.0658436213992	0.0713305898491	0.0164609053498	0.0699588477366	0.0905349794239	0.0233196159122	0.0192043895748	0.100137174211	0.0932784636488	0.109739368999	0.0672153635117	0.0877914951989	0.0781893004115	0.0384087791495	0.079561042524	0.0877914951989	0.0891632373114	0.0658436213992	0.128943758573	0.0905349794239	0.0754458161866	0.0891632373114	0.0877914951989	0.0589849108368	0.0781893004115	0.039780521262	0.0973936899863	0.101508916324	0.0644718792867	0.0699588477366	0.079561042524	0.0864197530864	0.076817558299	0.082304526749	0.0850480109739	0.0699588477366	0.042524005487	0.128943758573	0.039780521262	0.0727023319616	0.042524005487	0.0699588477366	0.0781893004115	0.082304526749	0.0384087791495	0.039780521262	0.082304526749	0.0644718792867	0.0631001371742	0.0864197530864	0.0809327846365	0.0864197530864
CCIS91228662ST-4-0.snv.bam	0.0685871056241	0.0562414266118	0.076817558299	0.0699588477366	0.0576131687243	0.0836762688615	0.0685871056241	0.0864197530864	0.108367626886	0.079561042524	0.0	0.0932784636488	0.0877914951989	0.0644718792867	0.0754458161866	0.0850480109739	0.0727023319616	0.0699588477366	0.0493827160494	0.0754458161866	0.0699588477366	0.0658436213992	0.104252400549	0.0576131687243	0.0713305898491	0.0685871056241	0.0809327846365	0.0754458161866	0.0713305898491	0.0274348422497	0.0548696844993	0.0699588477366	0.0877914951989	0.082304526749	0.0192043895748	0.0877914951989	0.0727023319616	0.0754458161866	0.0617283950617	0.082304526749	0.0672153635117	0.082304526749	0.0919067215364	0.0754458161866	0.101508916324	0.0658436213992	0.0877914951989	0.0466392318244	0.0699588477366	0.0713305898491	0.076817558299	0.079561042524	0.0713305898491	0.124828532236	0.0740740740741	0.0727023319616	0.0754458161866	0.076817558299	0.0740740740741	0.0809327846365	0.0864197530864	0.0946502057613	0.0932784636488	0.0836762688615	0.0658436213992	0.0754458161866	0.0850480109739	0.082304526749	0.0754458161866	0.0781893004115	0.0631001371742	0.0781893004115	0.113854595336	0.0685871056241	0.0809327846365	0.0781893004115	0.0809327846365	0.0740740740741	0.0699588477366	0.076817558299	0.0754458161866	0.0754458161866	0.0507544581619	0.0480109739369	0.0631001371742	0.0699588477366	0.0631001371742
CCMD26925580ST-21-0.snv.bam	0.0932784636488	0.0973936899863	0.0987654320988	0.0960219478738	0.0987654320988	0.105624142661	0.0987654320988	0.111111111111	0.131687242798	0.108367626886	0.0932784636488	0.0	0.0809327846365	0.0905349794239	0.0932784636488	0.0919067215364	0.0960219478738	0.0891632373114	0.0919067215364	0.0946502057613	0.0713305898491	0.0919067215364	0.108367626886	0.0946502057613	0.0919067215364	0.0932784636488	0.0946502057613	0.108367626886	0.0946502057613	0.0864197530864	0.0932784636488	0.0836762688615	0.111111111111	0.0919067215364	0.104252400549	0.101508916324	0.0905349794239	0.0960219478738	0.0919067215364	0.102880658436	0.0960219478738	0.111111111111	0.0891632373114	0.0877914951989	0.0987654320988	0.0960219478738	0.0973936899863	0.0891632373114	0.0905349794239	0.0973936899863	0.101508916324	0.102880658436	0.0877914951989	0.119341563786	0.101508916324	0.106995884774	0.0877914951989	0.0987654320988	0.0987654320988	0.0932784636488	0.105624142661	0.0960219478738	0.0932784636488	0.0973936899863	0.0960219478738	0.102880658436	0.0905349794239	0.0960219478738	0.108367626886	0.104252400549	0.0987654320988	0.102880658436	0.134430727023	0.0877914951989	0.102880658436	0.102880658436	0.0987654320988	0.0891632373114	0.0973936899863	0.102880658436	0.100137174211	0.0987654320988	0.076817558299	0.076817558299	0.108367626886	0.101508916324	0.108367626886
CCMD35802077ST-21-0.snv.bam	0.0836762688615	0.082304526749	0.0877914951989	0.079561042524	0.0905349794239	0.0877914951989	0.076817558299	0.0905349794239	0.122085048011	0.0850480109739	0.0877914951989	0.0809327846365	0.0	0.082304526749	0.076817558299	0.0932784636488	0.079561042524	0.079561042524	0.0781893004115	0.0850480109739	0.0644718792867	0.0877914951989	0.100137174211	0.082304526749	0.0809327846365	0.079561042524	0.0905349794239	0.0877914951989	0.0864197530864	0.082304526749	0.0836762688615	0.0699588477366	0.0905349794239	0.076817558299	0.0960219478738	0.0836762688615	0.0850480109739	0.0685871056241	0.0836762688615	0.102880658436	0.076817558299	0.0905349794239	0.082304526749	0.0864197530864	0.0919067215364	0.0864197530864	0.0960219478738	0.0836762688615	0.0754458161866	0.0877914951989	0.0919067215364	0.101508916324	0.0740740740741	0.108367626886	0.105624142661	0.0905349794239	0.082304526749	0.0946502057613	0.0891632373114	0.0836762688615	0.0905349794239	0.0864197530864	0.0850480109739	0.082304526749	0.0864197530864	0.0987654320988	0.0891632373114	0.0850480109739	0.102880658436	0.101508916324	0.0932784636488	0.0864197530864	0.123456790123	0.0740740740741	0.0932784636488	0.0864197530864	0.0960219478738	0.0877914951989	0.0960219478738	0.0919067215364	0.082304526749	0.0960219478738	0.0740740740741	0.0727023319616	0.100137174211	0.0946502057613	0.100137174211
CCMD72895164ST-21-0.snv.bam	0.0603566529492	0.0548696844993	0.0631001371742	0.0562414266118	0.042524005487	0.0740740740741	0.0617283950617	0.076817558299	0.122085048011	0.0699588477366	0.0644718792867	0.0905349794239	0.082304526749	0.0	0.0672153635117	0.0727023319616	0.0617283950617	0.0617283950617	0.0466392318244	0.0685871056241	0.0603566529492	0.0521262002743	0.100137174211	0.0534979423868	0.0658436213992	0.0576131687243	0.0685871056241	0.0699588477366	0.0644718792867	0.0754458161866	0.0438957475995	0.0589849108368	0.0781893004115	0.0562414266118	0.0781893004115	0.0699588477366	0.0617283950617	0.0685871056241	0.0589849108368	0.0713305898491	0.0576131687243	0.0727023319616	0.0850480109739	0.076817558299	0.0946502057613	0.0452674897119	0.076817558299	0.0589849108368	0.0603566529492	0.0685871056241	0.0589849108368	0.0713305898491	0.0534979423868	0.115226337449	0.0562414266118	0.0603566529492	0.0713305898491	0.0617283950617	0.0658436213992	0.0644718792867	0.079561042524	0.0864197530864	0.0809327846365	0.0713305898491	0.039780521262	0.0493827160494	0.0699588477366	0.0699588477366	0.0507544581619	0.0521262002743	0.0521262002743	0.0685871056241	0.101508916324	0.0534979423868	0.0699588477366	0.0685871056241	0.076817558299	0.0631001371742	0.0631001371742	0.0713305898491	0.0672153635117	0.0548696844993	0.0466392318244	0.0438957475995	0.0548696844993	0.0781893004115	0.0548696844993
ED20A.snv.bam	0.0781893004115	0.0754458161866	0.0658436213992	0.0685871056241	0.0727023319616	0.0809327846365	0.0727023319616	0.0836762688615	0.127572016461	0.0864197530864	0.0754458161866	0.0932784636488	0.076817558299	0.0672153635117	0.0	0.076817558299	0.0727023319616	0.0658436213992	0.0685871056241	0.0754458161866	0.0685871056241	0.0644718792867	0.0946502057613	0.0644718792867	0.0727023319616	0.0617283950617	0.0699588477366	0.0836762688615	0.0850480109739	0.076817558299	0.0740740740741	0.0740740740741	0.0864197530864	0.0740740740741	0.0850480109739	0.0727023319616	0.0713305898491	0.079561042524	0.0740740740741	0.0617283950617	0.079561042524	0.0836762688615	0.0781893004115	0.0809327846365	0.0960219478738	0.0672153635117	0.0740740740741	0.076817558299	0.0740740740741	0.0727023319616	0.0685871056241	0.0809327846365	0.0589849108368	0.109739368999	0.0877914951989	0.0754458161866	0.0781893004115	0.082304526749	0.0685871056241	0.076817558299	0.082304526749	0.0836762688615	0.0864197530864	0.0727023319616	0.0631001371742	0.0727023319616	0.0740740740741	0.0699588477366	0.076817558299	0.0727023319616	0.0754458161866	0.082304526749	0.123456790123	0.0644718792867	0.0562414266118	0.082304526749	0.079561042524	0.0713305898491	0.076817558299	0.0919067215364	0.079561042524	0.0809327846365	0.0617283950617	0.0589849108368	0.0809327846365	0.0809327846365	0.0809327846365
HT25A.snv.bam	0.079561042524	0.0836762688615	0.076817558299	0.0740740740741	0.076817558299	0.0781893004115	0.0740740740741	0.0809327846365	0.122085048011	0.0877914951989	0.0850480109739	0.0919067215364	0.0932784636488	0.0727023319616	0.076817558299	0.0	0.0713305898491	0.0809327846365	0.0781893004115	0.0891632373114	0.0699588477366	0.0740740740741	0.105624142661	0.0713305898491	0.0891632373114	0.0672153635117	0.0246913580247	0.0864197530864	0.0864197530864	0.0850480109739	0.082304526749	0.0781893004115	0.0850480109739	0.0877914951989	0.0946502057613	0.0877914951989	0.0836762688615	0.082304526749	0.082304526749	0.0754458161866	0.079561042524	0.0850480109739	0.0850480109739	0.0864197530864	0.0987654320988	0.0781893004115	0.00960219478738	0.0836762688615	0.0727023319616	0.0877914951989	0.076817558299	0.0891632373114	0.0713305898491	0.122085048011	0.0905349794239	0.0864197530864	0.0836762688615	0.0905349794239	0.0836762688615	0.0727023319616	0.0864197530864	0.0919067215364	0.0932784636488	0.0727023319616	0.0781893004115	0.0836762688615	0.00137174211248	0.0740740740741	0.0905349794239	0.0864197530864	0.0864197530864	0.0809327846365	0.126200274348	0.0713305898491	0.0836762688615	0.0809327846365	0.076817558299	0.0754458161866	0.0850480109739	0.079561042524	0.0809327846365	0.0905349794239	0.0713305898491	0.0699588477366	0.0836762688615	0.082304526749	0.0836762688615
M2.5-V1.metaT.snv.bam	0.042524005487	0.0534979423868	0.0480109739369	0.0411522633745	0.0713305898491	0.0521262002743	0.0164609053498	0.0521262002743	0.116598079561	0.039780521262	0.0727023319616	0.0960219478738	0.079561042524	0.0617283950617	0.0727023319616	0.0713305898491	0.0	0.0603566529492	0.0576131687243	0.0672153635117	0.0713305898491	0.0534979423868	0.0850480109739	0.0576131687243	0.0672153635117	0.0507544581619	0.0740740740741	0.042524005487	0.0452674897119	0.0781893004115	0.0699588477366	0.0480109739369	0.0438957475995	0.0521262002743	0.0809327846365	0.0562414266118	0.0617283950617	0.0342935528121	0.0672153635117	0.076817558299	0.0384087791495	0.0342935528121	0.082304526749	0.0836762688615	0.0919067215364	0.0603566529492	0.0754458161866	0.0727023319616	0.0	0.0672153635117	0.0754458161866	0.0727023319616	0.0507544581619	0.108367626886	0.076817558299	0.0672153635117	0.0727023319616	0.0727023319616	0.0452674897119	0.0548696844993	0.0507544581619	0.0809327846365	0.0836762688615	0.0534979423868	0.0699588477366	0.0727023319616	0.0713305898491	0.0631001371742	0.0781893004115	0.0754458161866	0.0713305898491	0.0	0.111111111111	0.00137174211248	0.0548696844993	0.0	0.0576131687243	0.0548696844993	0.0658436213992	0.0466392318244	0.0	0.082304526749	0.0507544581619	0.0493827160494	0.0727023319616	0.0685871056241	0.0727023319616
MH0191.snv.bam	0.0562414266118	0.0562414266118	0.0727023319616	0.0548696844993	0.0631001371742	0.0672153635117	0.0534979423868	0.0699588477366	0.116598079561	0.0685871056241	0.0699588477366	0.0891632373114	0.079561042524	0.0617283950617	0.0658436213992	0.0809327846365	0.0603566529492	0.0	0.0603566529492	0.0178326474623	0.0672153635117	0.0631001371742	0.0946502057613	0.0658436213992	0.0109739368999	0.0644718792867	0.076817558299	0.0685871056241	0.0631001371742	0.0631001371742	0.0644718792867	0.0589849108368	0.0727023319616	0.0685871056241	0.0740740740741	0.0644718792867	0.0178326474623	0.0631001371742	0.0685871056241	0.0699588477366	0.0562414266118	0.0658436213992	0.0809327846365	0.0781893004115	0.0919067215364	0.0644718792867	0.0809327846365	0.0507544581619	0.0617283950617	0.0082304526749	0.0754458161866	0.0740740740741	0.0603566529492	0.115226337449	0.0672153635117	0.0754458161866	0.0685871056241	0.0617283950617	0.0631001371742	0.0685871056241	0.0603566529492	0.0836762688615	0.0850480109739	0.0672153635117	0.0589849108368	0.0699588477366	0.079561042524	0.0658436213992	0.0740740740741	0.0699588477366	0.0699588477366	0.0658436213992	0.105624142661	0.0548696844993	0.0672153635117	0.0658436213992	0.0809327846365	0.0644718792867	0.0699588477366	0.0562414266118	0.0644718792867	0.0534979423868	0.0521262002743	0.0507544581619	0.0809327846365	0.0727023319616	0.0809327846365
MH0192.snv.bam	0.0589849108368	0.0493827160494	0.0631001371742	0.0562414266118	0.0548696844993	0.076817558299	0.0562414266118	0.0781893004115	0.111111111111	0.0699588477366	0.0493827160494	0.0919067215364	0.0781893004115	0.0466392318244	0.0685871056241	0.0781893004115	0.0576131687243	0.0603566529492	0.0	0.0685871056241	0.0589849108368	0.0589849108368	0.101508916324	0.0589849108368	0.0631001371742	0.0562414266118	0.0740740740741	0.0658436213992	0.0617283950617	0.0534979423868	0.0548696844993	0.0576131687243	0.0781893004115	0.0589849108368	0.0534979423868	0.0672153635117	0.0562414266118	0.0699588477366	0.0644718792867	0.0685871056241	0.0548696844993	0.0727023319616	0.0836762688615	0.0754458161866	0.0905349794239	0.0562414266118	0.0809327846365	0.0534979423868	0.0589849108368	0.0685871056241	0.0562414266118	0.0713305898491	0.0576131687243	0.111111111111	0.0672153635117	0.0685871056241	0.0644718792867	0.0685871056241	0.0603566529492	0.0562414266118	0.076817558299	0.0864197530864	0.0836762688615	0.0631001371742	0.0576131687243	0.0685871056241	0.076817558299	0.0699588477366	0.0699588477366	0.0699588477366	0.0603566529492	0.0658436213992	0.113854595336	0.0521262002743	0.0699588477366	0.0658436213992	0.0740740740741	0.0576131687243	0.0617283950617	0.0672153635117	0.0603566529492	0.0685871056241	0.0466392318244	0.0452674897119	0.0548696844993	0.0699588477366	0.0548696844993
MH0204.snv.bam	0.0644718792867	0.0713305898491	0.079561042524	0.0672153635117	0.0713305898491	0.0754458161866	0.0685871056241	0.0781893004115	0.120713305898	0.0781893004115	0.0754458161866	0.0946502057613	0.0850480109739	0.0685871056241	0.0754458161866	0.0891632373114	0.0672153635117	0.0178326474623	0.0685871056241	0.0	0.076817558299	0.0672153635117	0.100137174211	0.076817558299	0.00685871056241	0.0699588477366	0.0850480109739	0.0740740740741	0.0685871056241	0.0685871056241	0.0727023319616	0.0644718792867	0.0836762688615	0.076817558299	0.079561042524	0.0713305898491	0.0205761316872	0.0727023319616	0.079561042524	0.0809327846365	0.0644718792867	0.0754458161866	0.0864197530864	0.0891632373114	0.0932784636488	0.0699588477366	0.0891632373114	0.0589849108368	0.0699588477366	0.0274348422497	0.082304526749	0.0781893004115	0.0685871056241	0.116598079561	0.076817558299	0.0891632373114	0.0754458161866	0.0699588477366	0.076817558299	0.0754458161866	0.0740740740741	0.0877914951989	0.0891632373114	0.0754458161866	0.0699588477366	0.082304526749	0.0891632373114	0.0781893004115	0.082304526749	0.0836762688615	0.0809327846365	0.0754458161866	0.108367626886	0.0644718792867	0.0809327846365	0.0754458161866	0.0877914951989	0.0740740740741	0.0754458161866	0.0699588477366	0.0727023319616	0.0576131687243	0.0617283950617	0.0589849108368	0.0905349794239	0.079561042524	0.0905349794239
MH0257.snv.bam	0.0713305898491	0.0685871056241	0.0699588477366	0.0740740740741	0.0672153635117	0.082304526749	0.0658436213992	0.0836762688615	0.101508916324	0.0781893004115	0.0699588477366	0.0713305898491	0.0644718792867	0.0603566529492	0.0685871056241	0.0699588477366	0.0713305898491	0.0672153635117	0.0589849108368	0.076817558299	0.0	0.0740740740741	0.0781893004115	0.0644718792867	0.0740740740741	0.0644718792867	0.0658436213992	0.0740740740741	0.0727023319616	0.0699588477366	0.0617283950617	0.0562414266118	0.0850480109739	0.0644718792867	0.079561042524	0.0699588477366	0.0727023319616	0.0685871056241	0.0685871056241	0.0740740740741	0.0658436213992	0.0754458161866	0.0672153635117	0.0727023319616	0.0727023319616	0.0644718792867	0.0781893004115	0.0672153635117	0.0658436213992	0.0699588477366	0.0754458161866	0.082304526749	0.0644718792867	0.0891632373114	0.079561042524	0.0809327846365	0.0644718792867	0.0699588477366	0.0658436213992	0.0644718792867	0.076817558299	0.0672153635117	0.0713305898491	0.0740740740741	0.0727023319616	0.0781893004115	0.0685871056241	0.0727023319616	0.079561042524	0.079561042524	0.0754458161866	0.0727023319616	0.0973936899863	0.0589849108368	0.0672153635117	0.0727023319616	0.079561042524	0.0713305898491	0.079561042524	0.0754458161866	0.0699588477366	0.0727023319616	0.0576131687243	0.0562414266118	0.0713305898491	0.076817558299	0.0713305898491
MH0259.snv.bam	0.0589849108368	0.0576131687243	0.0562414266118	0.0534979423868	0.0562414266118	0.076817558299	0.0589849108368	0.076817558299	0.111111111111	0.0727023319616	0.0658436213992	0.0919067215364	0.0877914951989	0.0521262002743	0.0644718792867	0.0740740740741	0.0534979423868	0.0631001371742	0.0589849108368	0.0672153635117	0.0740740740741	0.0	0.0932784636488	0.0562414266118	0.0658436213992	0.0562414266118	0.0699588477366	0.0713305898491	0.0672153635117	0.0685871056241	0.0576131687243	0.0548696844993	0.0809327846365	0.0685871056241	0.076817558299	0.0713305898491	0.0576131687243	0.0685871056241	0.0617283950617	0.0672153635117	0.0603566529492	0.0699588477366	0.0781893004115	0.0699588477366	0.0877914951989	0.0644718792867	0.076817558299	0.0713305898491	0.0576131687243	0.0603566529492	0.0589849108368	0.0699588477366	0.0548696844993	0.106995884774	0.0617283950617	0.0672153635117	0.0699588477366	0.0685871056241	0.0644718792867	0.076817558299	0.0740740740741	0.0809327846365	0.0740740740741	0.0617283950617	0.0576131687243	0.0644718792867	0.0713305898491	0.0576131687243	0.0713305898491	0.0672153635117	0.0589849108368	0.0617283950617	0.100137174211	0.0480109739369	0.0617283950617	0.0617283950617	0.0672153635117	0.0631001371742	0.0631001371742	0.0727023319616	0.0603566529492	0.0685871056241	0.037037037037	0.0356652949246	0.0685871056241	0.0685871056241	0.0685871056241
MH0262.snv.bam	0.0946502057613	0.0987654320988	0.102880658436	0.0905349794239	0.104252400549	0.101508916324	0.0932784636488	0.101508916324	0.146776406036	0.0973936899863	0.104252400549	0.108367626886	0.100137174211	0.100137174211	0.0946502057613	0.105624142661	0.0850480109739	0.0946502057613	0.101508916324	0.100137174211	0.0781893004115	0.0932784636488	0.0	0.0891632373114	0.102880658436	0.0864197530864	0.102880658436	0.0960219478738	0.101508916324	0.102880658436	0.0973936899863	0.0932784636488	0.104252400549	0.082304526749	0.117969821674	0.0836762688615	0.100137174211	0.0877914951989	0.0946502057613	0.100137174211	0.0919067215364	0.0946502057613	0.104252400549	0.108367626886	0.115226337449	0.0960219478738	0.104252400549	0.109739368999	0.0864197530864	0.105624142661	0.111111111111	0.112482853224	0.082304526749	0.119341563786	0.111111111111	0.106995884774	0.101508916324	0.104252400549	0.0905349794239	0.105624142661	0.0905349794239	0.102880658436	0.102880658436	0.0946502057613	0.0932784636488	0.102880658436	0.106995884774	0.100137174211	0.105624142661	0.104252400549	0.106995884774	0.0919067215364	0.146776406036	0.079561042524	0.0905349794239	0.0932784636488	0.0877914951989	0.101508916324	0.100137174211	0.102880658436	0.0905349794239	0.108367626886	0.0836762688615	0.079561042524	0.115226337449	0.102880658436	0.115226337449
MH0290.snv.bam	0.0589849108368	0.0507544581619	0.0658436213992	0.0411522633745	0.0493827160494	0.0631001371742	0.0548696844993	0.0644718792867	0.102880658436	0.0603566529492	0.0576131687243	0.0946502057613	0.082304526749	0.0534979423868	0.0644718792867	0.0713305898491	0.0576131687243	0.0658436213992	0.0589849108368	0.076817558299	0.0644718792867	0.0562414266118	0.0891632373114	0.0	0.0740740740741	0.0658436213992	0.0713305898491	0.0576131687243	0.0589849108368	0.0699588477366	0.0589849108368	0.0603566529492	0.0658436213992	0.0713305898491	0.0727023319616	0.082304526749	0.0699588477366	0.0617283950617	0.0260631001372	0.0727023319616	0.0631001371742	0.0603566529492	0.0891632373114	0.0754458161866	0.0973936899863	0.0617283950617	0.0754458161866	0.0548696844993	0.0548696844993	0.0685871056241	0.0644718792867	0.0685871056241	0.0589849108368	0.117969821674	0.0631001371742	0.0644718792867	0.0781893004115	0.0603566529492	0.0740740740741	0.0713305898491	0.0658436213992	0.0919067215364	0.0877914951989	0.0740740740741	0.0534979423868	0.0603566529492	0.0713305898491	0.0740740740741	0.0685871056241	0.0617283950617	0.0576131687243	0.0631001371742	0.0987654320988	0.0562414266118	0.0727023319616	0.0631001371742	0.0644718792867	0.0631001371742	0.0589849108368	0.0644718792867	0.0603566529492	0.0589849108368	0.0534979423868	0.0493827160494	0.0603566529492	0.0644718792867	0.0603566529492
MH0293.snv.bam	0.0631001371742	0.0658436213992	0.079561042524	0.0672153635117	0.0699588477366	0.0685871056241	0.0672153635117	0.0713305898491	0.122085048011	0.0713305898491	0.0713305898491	0.0919067215364	0.0809327846365	0.0658436213992	0.0727023319616	0.0891632373114	0.0672153635117	0.0109739368999	0.0631001371742	0.00685871056241	0.0740740740741	0.0658436213992	0.102880658436	0.0740740740741	0.0	0.0672153635117	0.0864197530864	0.0672153635117	0.0672153635117	0.0631001371742	0.0644718792867	0.0685871056241	0.076817558299	0.0713305898491	0.0754458161866	0.0672153635117	0.0150891632373	0.0658436213992	0.076817558299	0.0754458161866	0.0603566529492	0.0754458161866	0.0836762688615	0.0850480109739	0.0946502057613	0.0727023319616	0.0919067215364	0.0548696844993	0.0699588477366	0.0219478737997	0.082304526749	0.076817558299	0.0631001371742	0.116598079561	0.0740740740741	0.0864197530864	0.0727023319616	0.0713305898491	0.0727023319616	0.0754458161866	0.0713305898491	0.0891632373114	0.0891632373114	0.0699588477366	0.0672153635117	0.082304526749	0.0877914951989	0.0713305898491	0.0809327846365	0.0836762688615	0.0781893004115	0.0754458161866	0.111111111111	0.0644718792867	0.079561042524	0.0754458161866	0.0864197530864	0.0699588477366	0.0740740740741	0.0672153635117	0.0740740740741	0.0589849108368	0.0576131687243	0.0562414266118	0.0850480109739	0.076817558299	0.0850480109739
MH0359.snv.bam	0.0589849108368	0.0631001371742	0.0507544581619	0.0589849108368	0.0685871056241	0.0603566529492	0.0521262002743	0.0631001371742	0.126200274348	0.0603566529492	0.0685871056241	0.0932784636488	0.079561042524	0.0576131687243	0.0617283950617	0.0672153635117	0.0507544581619	0.0644718792867	0.0562414266118	0.0699588477366	0.0644718792867	0.0562414266118	0.0864197530864	0.0658436213992	0.0672153635117	0.0	0.0685871056241	0.0644718792867	0.0685871056241	0.0781893004115	0.0631001371742	0.0644718792867	0.0672153635117	0.0589849108368	0.0754458161866	0.0576131687243	0.0617283950617	0.0631001371742	0.0740740740741	0.0685871056241	0.0562414266118	0.0672153635117	0.0727023319616	0.0809327846365	0.079561042524	0.0589849108368	0.0713305898491	0.0740740740741	0.0493827160494	0.0713305898491	0.0685871056241	0.0713305898491	0.0521262002743	0.101508916324	0.079561042524	0.0644718792867	0.0713305898491	0.0713305898491	0.0576131687243	0.0603566529492	0.0699588477366	0.0740740740741	0.0727023319616	0.0576131687243	0.0562414266118	0.0631001371742	0.0672153635117	0.0589849108368	0.0644718792867	0.0658436213992	0.0685871056241	0.0534979423868	0.115226337449	0.042524005487	0.0603566529492	0.0534979423868	0.0644718792867	0.0644718792867	0.0672153635117	0.0658436213992	0.0534979423868	0.0781893004115	0.0507544581619	0.0507544581619	0.0740740740741	0.0685871056241	0.0740740740741
MH0402.snv.bam	0.0809327846365	0.082304526749	0.0740740740741	0.0713305898491	0.076817558299	0.0727023319616	0.0685871056241	0.0754458161866	0.123456790123	0.082304526749	0.0809327846365	0.0946502057613	0.0905349794239	0.0685871056241	0.0699588477366	0.0246913580247	0.0740740740741	0.076817558299	0.0740740740741	0.0850480109739	0.0658436213992	0.0699588477366	0.102880658436	0.0713305898491	0.0864197530864	0.0685871056241	0.0	0.0809327846365	0.0877914951989	0.0809327846365	0.079561042524	0.0754458161866	0.079561042524	0.0877914951989	0.0905349794239	0.082304526749	0.0809327846365	0.079561042524	0.0809327846365	0.0727023319616	0.076817558299	0.079561042524	0.0919067215364	0.0836762688615	0.102880658436	0.0809327846365	0.0260631001372	0.079561042524	0.0727023319616	0.0850480109739	0.0754458161866	0.0891632373114	0.0658436213992	0.123456790123	0.0891632373114	0.0864197530864	0.0850480109739	0.0891632373114	0.0809327846365	0.0809327846365	0.0809327846365	0.0960219478738	0.0946502057613	0.0713305898491	0.076817558299	0.0836762688615	0.0260631001372	0.0727023319616	0.0905349794239	0.0850480109739	0.0877914951989	0.0809327846365	0.126200274348	0.0713305898491	0.0836762688615	0.0809327846365	0.0781893004115	0.0740740740741	0.0864197530864	0.079561042524	0.0809327846365	0.0905349794239	0.0672153635117	0.0658436213992	0.0781893004115	0.0864197530864	0.0781893004115
