	158337416-stool1.snv.bam	158337416-stool2.snv.bam	158742018-stool1.snv.bam	158944319-stool1.snv.bam	158944319-stool2.snv.bam	159207311-stool1.snv.bam	763840445-stool2.snv.bam	763901136-stool1.snv.bam	763901136-stool2.snv.bam	764062976-stool1.snv.bam	764184357-stool2.snv.bam	764487809-stool2.snv.bam	765276783-stool2.snv.bam	863126187-stool3.snv.bam	BGI002A.snv.bam	BYQ_AAAD.snv.bam	BYQ_AAAO.snv.bam	BYQ_AAAX.snv.bam	BYQ_AAAZ.snv.bam	CCIS02124300ST-4-0.snv.bam	CCIS07539127ST-4-0.snv.bam	CCIS09568613ST-4-0.snv.bam	CCIS35100175ST-4-0.snv.bam	CCIS45571137ST-3-0.snv.bam	CCIS51595129ST-4-0.snv.bam	CCIS55531770ST-4-0.snv.bam	CCIS74726977ST-3-0.snv.bam	CCIS81887263ST-4-0.snv.bam	CCIS90164298ST-4-0.snv.bam	CCIS91228662ST-4-0.snv.bam	CCIS95409808ST-4-0.snv.bam	CCMD26925580ST-21-0.snv.bam	DLM001.snv.bam	M1.1-V1.metaG.snv.bam	MH0199.snv.bam	MH0229.snv.bam	MH0361.snv.bam	MH0382.snv.bam	MH0445.snv.bam	MMRS54246132ST-27-0-0.snv.bam	MMRS87723283ST-27-0-0.snv.bam	MMRS95479054ST-27-0-0.snv.bam	N020A.snv.bam	NG-5636_451.snv.bam	NG-5636_488.snv.bam	NG-5636_497.snv.bam	NG-5636_530.snv.bam	NLM026.snv.bam	NLM031.snv.bam	NOM019.snv.bam	SAMEA3136683.snv.bam	SAMEA3136695.snv.bam	SAMEA3136698.snv.bam	SAMEA3136700.snv.bam	SAMEA3136717.snv.bam	SAMEA3136733.snv.bam	T2D-54A.snv.bam	V1.FI32.snv.bam	V1.UC12-4.snv.bam	V1.UC62-0.snv.bam	daisy-11-0-0.snv.bam	daisy-11-2-0.snv.bam	daisy-11-60-0.snv.bam	daisy-11-7-0.snv.bam	scavenger-11-0-0.snv.bam	scavenger-11-60-0.snv.bam	scavenger-11-7-0.snv.bam
158337416-stool1.snv.bam	0.0	0.0	0.0209677419355	0.0	0.0	0.159677419355	0.0129032258065	0.162903225806	0.161290322581	0.208064516129	0.0129032258065	0.204838709677	0.0129032258065	0.15	0.2	0.185483870968	0.185483870968	0.185483870968	0.179032258065	0.190322580645	0.208064516129	0.208064516129	0.208064516129	0.185483870968	0.208064516129	0.170967741935	0.208064516129	0.177419354839	0.191935483871	0.2	0.05	0.167741935484	0.2	0.188709677419	0.193548387097	0.2	0.206451612903	0.146774193548	0.191935483871	0.203225806452	0.05	0.191935483871	0.204838709677	0.161290322581	0.172580645161	0.154838709677	0.0564516129032	0.182258064516	0.203225806452	0.208064516129	0.195161290323	0.175806451613	0.191935483871	0.208064516129	0.18064516129	0.208064516129	0.166129032258	0.208064516129	0.18064516129	0.183870967742	0.211290322581	0.211290322581	0.211290322581	0.208064516129	0.167741935484	0.175806451613	0.177419354839
158337416-stool2.snv.bam	0.0	0.0	0.0209677419355	0.0	0.0	0.159677419355	0.0129032258065	0.161290322581	0.159677419355	0.208064516129	0.0129032258065	0.204838709677	0.0129032258065	0.15	0.2	0.185483870968	0.185483870968	0.185483870968	0.179032258065	0.190322580645	0.208064516129	0.208064516129	0.208064516129	0.185483870968	0.208064516129	0.16935483871	0.208064516129	0.177419354839	0.191935483871	0.2	0.05	0.167741935484	0.2	0.185483870968	0.193548387097	0.2	0.206451612903	0.146774193548	0.191935483871	0.203225806452	0.05	0.191935483871	0.204838709677	0.161290322581	0.172580645161	0.154838709677	0.0564516129032	0.182258064516	0.203225806452	0.208064516129	0.195161290323	0.174193548387	0.191935483871	0.208064516129	0.18064516129	0.208064516129	0.166129032258	0.208064516129	0.18064516129	0.183870967742	0.211290322581	0.211290322581	0.211290322581	0.208064516129	0.167741935484	0.175806451613	0.177419354839
158742018-stool1.snv.bam	0.0209677419355	0.0209677419355	0.0	0.0209677419355	0.0209677419355	0.151612903226	0.0209677419355	0.164516129032	0.162903225806	0.187096774194	0.0209677419355	0.183870967742	0.0209677419355	0.151612903226	0.198387096774	0.187096774194	0.187096774194	0.187096774194	0.183870967742	0.182258064516	0.187096774194	0.187096774194	0.187096774194	0.187096774194	0.187096774194	0.162903225806	0.187096774194	0.16935483871	0.187096774194	0.188709677419	0.058064516129	0.162903225806	0.198387096774	0.170967741935	0.195161290323	0.198387096774	0.185483870968	0.158064516129	0.174193548387	0.185483870968	0.058064516129	0.183870967742	0.203225806452	0.162903225806	0.16935483871	0.146774193548	0.0645161290323	0.177419354839	0.198387096774	0.2	0.174193548387	0.167741935484	0.183870967742	0.187096774194	0.182258064516	0.187096774194	0.158064516129	0.187096774194	0.172580645161	0.185483870968	0.206451612903	0.206451612903	0.206451612903	0.203225806452	0.16935483871	0.177419354839	0.179032258065
158944319-stool1.snv.bam	0.0	0.0	0.0209677419355	0.0	0.0	0.159677419355	0.0129032258065	0.162903225806	0.161290322581	0.208064516129	0.0129032258065	0.204838709677	0.0129032258065	0.15	0.2	0.185483870968	0.185483870968	0.185483870968	0.179032258065	0.190322580645	0.208064516129	0.208064516129	0.208064516129	0.185483870968	0.208064516129	0.170967741935	0.208064516129	0.177419354839	0.191935483871	0.2	0.05	0.167741935484	0.2	0.188709677419	0.193548387097	0.2	0.206451612903	0.146774193548	0.191935483871	0.203225806452	0.05	0.191935483871	0.204838709677	0.161290322581	0.172580645161	0.154838709677	0.0564516129032	0.182258064516	0.203225806452	0.208064516129	0.195161290323	0.175806451613	0.191935483871	0.208064516129	0.18064516129	0.208064516129	0.166129032258	0.208064516129	0.18064516129	0.183870967742	0.211290322581	0.211290322581	0.211290322581	0.208064516129	0.167741935484	0.175806451613	0.177419354839
158944319-stool2.snv.bam	0.0	0.0	0.0209677419355	0.0	0.0	0.159677419355	0.0129032258065	0.161290322581	0.159677419355	0.204838709677	0.0129032258065	0.201612903226	0.0129032258065	0.15	0.198387096774	0.183870967742	0.183870967742	0.183870967742	0.179032258065	0.190322580645	0.204838709677	0.204838709677	0.204838709677	0.182258064516	0.204838709677	0.167741935484	0.204838709677	0.175806451613	0.188709677419	0.196774193548	0.05	0.167741935484	0.198387096774	0.187096774194	0.190322580645	0.198387096774	0.203225806452	0.146774193548	0.190322580645	0.2	0.05	0.188709677419	0.203225806452	0.161290322581	0.172580645161	0.153225806452	0.0564516129032	0.182258064516	0.201612903226	0.208064516129	0.191935483871	0.174193548387	0.191935483871	0.204838709677	0.179032258065	0.204838709677	0.166129032258	0.204838709677	0.179032258065	0.183870967742	0.211290322581	0.211290322581	0.211290322581	0.208064516129	0.166129032258	0.174193548387	0.175806451613
159207311-stool1.snv.bam	0.159677419355	0.159677419355	0.151612903226	0.159677419355	0.159677419355	0.0	0.156451612903	0.177419354839	0.172580645161	0.185483870968	0.156451612903	0.190322580645	0.156451612903	0.0161290322581	0.188709677419	0.182258064516	0.182258064516	0.182258064516	0.153225806452	0.172580645161	0.191935483871	0.191935483871	0.191935483871	0.159677419355	0.191935483871	0.154838709677	0.191935483871	0.159677419355	0.188709677419	0.183870967742	0.140322580645	0.15	0.191935483871	0.175806451613	0.183870967742	0.2	0.190322580645	0.0903225806452	0.179032258065	0.193548387097	0.143548387097	0.172580645161	0.190322580645	0.151612903226	0.111290322581	0.141935483871	0.11935483871	0.179032258065	0.193548387097	0.191935483871	0.18064516129	0.159677419355	0.172580645161	0.191935483871	0.170967741935	0.191935483871	0.148387096774	0.191935483871	0.164516129032	0.174193548387	0.212903225806	0.211290322581	0.212903225806	0.208064516129	0.174193548387	0.183870967742	0.183870967742
763840445-stool2.snv.bam	0.0129032258065	0.0129032258065	0.0209677419355	0.0129032258065	0.0129032258065	0.156451612903	0.0	0.162903225806	0.161290322581	0.208064516129	0.0	0.204838709677	0.0	0.140322580645	0.193548387097	0.185483870968	0.185483870968	0.185483870968	0.172580645161	0.183870967742	0.208064516129	0.208064516129	0.208064516129	0.179032258065	0.208064516129	0.164516129032	0.208064516129	0.170967741935	0.188709677419	0.193548387097	0.0403225806452	0.164516129032	0.193548387097	0.188709677419	0.187096774194	0.196774193548	0.206451612903	0.158064516129	0.191935483871	0.203225806452	0.0403225806452	0.185483870968	0.198387096774	0.154838709677	0.166129032258	0.151612903226	0.0467741935484	0.182258064516	0.196774193548	0.204838709677	0.195161290323	0.16935483871	0.185483870968	0.208064516129	0.179032258065	0.208064516129	0.162903225806	0.208064516129	0.174193548387	0.18064516129	0.204838709677	0.204838709677	0.204838709677	0.201612903226	0.167741935484	0.175806451613	0.177419354839
763901136-stool1.snv.bam	0.162903225806	0.161290322581	0.164516129032	0.162903225806	0.161290322581	0.177419354839	0.162903225806	0.0	0.0	0.193548387097	0.162903225806	0.193548387097	0.161290322581	0.179032258065	0.175806451613	0.193548387097	0.193548387097	0.190322580645	0.15	0.18064516129	0.196774193548	0.196774193548	0.196774193548	0.166129032258	0.196774193548	0.167741935484	0.196774193548	0.182258064516	0.177419354839	0.170967741935	0.170967741935	0.164516129032	0.182258064516	0.170967741935	0.191935483871	0.18064516129	0.190322580645	0.172580645161	0.177419354839	0.190322580645	0.174193548387	0.170967741935	0.185483870968	0.151612903226	0.153225806452	0.125806451613	0.166129032258	0.164516129032	0.183870967742	0.175806451613	0.183870967742	0.166129032258	0.182258064516	0.196774193548	0.170967741935	0.196774193548	0.143548387097	0.196774193548	0.16935483871	0.170967741935	0.201612903226	0.201612903226	0.201612903226	0.198387096774	0.156451612903	0.162903225806	0.164516129032
763901136-stool2.snv.bam	0.161290322581	0.159677419355	0.162903225806	0.161290322581	0.159677419355	0.172580645161	0.161290322581	0.0	0.0	0.190322580645	0.161290322581	0.190322580645	0.159677419355	0.174193548387	0.172580645161	0.191935483871	0.191935483871	0.188709677419	0.145161290323	0.177419354839	0.193548387097	0.193548387097	0.193548387097	0.162903225806	0.193548387097	0.166129032258	0.193548387097	0.177419354839	0.175806451613	0.16935483871	0.16935483871	0.159677419355	0.182258064516	0.16935483871	0.188709677419	0.174193548387	0.187096774194	0.170967741935	0.175806451613	0.187096774194	0.172580645161	0.170967741935	0.182258064516	0.151612903226	0.151612903226	0.124193548387	0.161290322581	0.164516129032	0.182258064516	0.175806451613	0.18064516129	0.164516129032	0.179032258065	0.193548387097	0.16935483871	0.193548387097	0.143548387097	0.193548387097	0.167741935484	0.16935483871	0.2	0.2	0.2	0.196774193548	0.154838709677	0.161290322581	0.162903225806
764062976-stool1.snv.bam	0.208064516129	0.208064516129	0.187096774194	0.208064516129	0.204838709677	0.185483870968	0.208064516129	0.193548387097	0.190322580645	0.0	0.208064516129	0.0241935483871	0.206451612903	0.182258064516	0.2	0.177419354839	0.177419354839	0.174193548387	0.174193548387	0.188709677419	0.0161290322581	0.0161290322581	0.0161290322581	0.0483870967742	0.0161290322581	0.159677419355	0.0161290322581	0.183870967742	0.161290322581	0.185483870968	0.203225806452	0.174193548387	0.201612903226	0.167741935484	0.0532258064516	0.214516129032	0.0161290322581	0.188709677419	0.041935483871	0.0290322580645	0.206451612903	0.177419354839	0.206451612903	0.15	0.172580645161	0.16935483871	0.188709677419	0.190322580645	0.208064516129	0.208064516129	0.0161290322581	0.154838709677	0.190322580645	0.0161290322581	0.175806451613	0.0161290322581	0.162903225806	0.0161290322581	0.162903225806	0.195161290323	0.216129032258	0.216129032258	0.216129032258	0.212903225806	0.179032258065	0.185483870968	0.188709677419
764184357-stool2.snv.bam	0.0129032258065	0.0129032258065	0.0209677419355	0.0129032258065	0.0129032258065	0.156451612903	0.0	0.162903225806	0.161290322581	0.208064516129	0.0	0.204838709677	0.0	0.140322580645	0.193548387097	0.185483870968	0.185483870968	0.185483870968	0.172580645161	0.183870967742	0.208064516129	0.208064516129	0.208064516129	0.179032258065	0.208064516129	0.164516129032	0.208064516129	0.170967741935	0.188709677419	0.193548387097	0.0403225806452	0.164516129032	0.193548387097	0.188709677419	0.187096774194	0.196774193548	0.206451612903	0.158064516129	0.191935483871	0.203225806452	0.0403225806452	0.185483870968	0.198387096774	0.154838709677	0.166129032258	0.151612903226	0.0467741935484	0.182258064516	0.196774193548	0.204838709677	0.195161290323	0.16935483871	0.185483870968	0.208064516129	0.179032258065	0.208064516129	0.162903225806	0.208064516129	0.174193548387	0.18064516129	0.204838709677	0.204838709677	0.204838709677	0.201612903226	0.167741935484	0.175806451613	0.177419354839
764487809-stool2.snv.bam	0.204838709677	0.204838709677	0.183870967742	0.204838709677	0.201612903226	0.190322580645	0.204838709677	0.193548387097	0.190322580645	0.0241935483871	0.204838709677	0.0	0.203225806452	0.190322580645	0.201612903226	0.179032258065	0.179032258065	0.175806451613	0.175806451613	0.179032258065	0.00967741935484	0.00967741935484	0.00967741935484	0.0661290322581	0.00967741935484	0.162903225806	0.00967741935484	0.177419354839	0.156451612903	0.185483870968	0.206451612903	0.179032258065	0.2	0.158064516129	0.0661290322581	0.211290322581	0.00967741935484	0.188709677419	0.0629032258065	0.0403225806452	0.209677419355	0.179032258065	0.208064516129	0.156451612903	0.174193548387	0.170967741935	0.196774193548	0.191935483871	0.206451612903	0.209677419355	0.00645161290323	0.15	0.18064516129	0.00967741935484	0.167741935484	0.00967741935484	0.162903225806	0.00967741935484	0.156451612903	0.195161290323	0.216129032258	0.216129032258	0.216129032258	0.212903225806	0.172580645161	0.179032258065	0.182258064516
765276783-stool2.snv.bam	0.0129032258065	0.0129032258065	0.0209677419355	0.0129032258065	0.0129032258065	0.156451612903	0.0	0.161290322581	0.159677419355	0.206451612903	0.0	0.203225806452	0.0	0.140322580645	0.191935483871	0.183870967742	0.183870967742	0.183870967742	0.172580645161	0.183870967742	0.206451612903	0.206451612903	0.206451612903	0.177419354839	0.206451612903	0.164516129032	0.206451612903	0.167741935484	0.187096774194	0.190322580645	0.0403225806452	0.164516129032	0.191935483871	0.187096774194	0.185483870968	0.195161290323	0.204838709677	0.158064516129	0.191935483871	0.201612903226	0.0403225806452	0.182258064516	0.196774193548	0.154838709677	0.166129032258	0.15	0.0467741935484	0.182258064516	0.195161290323	0.204838709677	0.193548387097	0.167741935484	0.185483870968	0.206451612903	0.177419354839	0.206451612903	0.161290322581	0.206451612903	0.172580645161	0.18064516129	0.204838709677	0.204838709677	0.204838709677	0.201612903226	0.167741935484	0.175806451613	0.177419354839
863126187-stool3.snv.bam	0.15	0.15	0.151612903226	0.15	0.15	0.0161290322581	0.140322580645	0.179032258065	0.174193548387	0.182258064516	0.140322580645	0.190322580645	0.140322580645	0.0	0.2	0.182258064516	0.182258064516	0.182258064516	0.146774193548	0.174193548387	0.190322580645	0.190322580645	0.190322580645	0.15	0.190322580645	0.151612903226	0.190322580645	0.159677419355	0.193548387097	0.182258064516	0.13064516129	0.148387096774	0.204838709677	0.177419354839	0.174193548387	0.196774193548	0.188709677419	0.0854838709677	0.175806451613	0.193548387097	0.133870967742	0.167741935484	0.201612903226	0.146774193548	0.104838709677	0.148387096774	0.104838709677	0.18064516129	0.191935483871	0.196774193548	0.179032258065	0.154838709677	0.175806451613	0.190322580645	0.16935483871	0.190322580645	0.156451612903	0.190322580645	0.159677419355	0.177419354839	0.212903225806	0.211290322581	0.212903225806	0.208064516129	0.174193548387	0.182258064516	0.183870967742
BGI002A.snv.bam	0.2	0.2	0.198387096774	0.2	0.198387096774	0.188709677419	0.193548387097	0.175806451613	0.172580645161	0.2	0.193548387097	0.201612903226	0.191935483871	0.2	0.0	0.193548387097	0.193548387097	0.190322580645	0.172580645161	0.182258064516	0.203225806452	0.203225806452	0.203225806452	0.172580645161	0.203225806452	0.190322580645	0.203225806452	0.166129032258	0.175806451613	0.185483870968	0.179032258065	0.15	0.0258064516129	0.185483870968	0.185483870968	0.198387096774	0.196774193548	0.187096774194	0.193548387097	0.196774193548	0.185483870968	0.18064516129	0.0241935483871	0.167741935484	0.166129032258	0.161290322581	0.18064516129	0.143548387097	0.125806451613	0.156451612903	0.188709677419	0.18064516129	0.183870967742	0.203225806452	0.182258064516	0.203225806452	0.140322580645	0.203225806452	0.18064516129	0.13064516129	0.21935483871	0.21935483871	0.21935483871	0.216129032258	0.170967741935	0.175806451613	0.175806451613
BYQ_AAAD.snv.bam	0.185483870968	0.185483870968	0.187096774194	0.185483870968	0.183870967742	0.182258064516	0.185483870968	0.193548387097	0.191935483871	0.177419354839	0.185483870968	0.179032258065	0.183870967742	0.182258064516	0.193548387097	0.0	0.0	0.0	0.159677419355	0.158064516129	0.18064516129	0.18064516129	0.18064516129	0.148387096774	0.18064516129	0.167741935484	0.18064516129	0.154838709677	0.151612903226	0.166129032258	0.183870967742	0.143548387097	0.190322580645	0.162903225806	0.174193548387	0.191935483871	0.167741935484	0.177419354839	0.18064516129	0.167741935484	0.187096774194	0.133870967742	0.2	0.166129032258	0.141935483871	0.156451612903	0.18064516129	0.2	0.203225806452	0.216129032258	0.167741935484	0.154838709677	0.159677419355	0.179032258065	0.161290322581	0.18064516129	0.167741935484	0.18064516129	0.156451612903	0.167741935484	0.203225806452	0.203225806452	0.203225806452	0.203225806452	0.172580645161	0.179032258065	0.185483870968
BYQ_AAAO.snv.bam	0.185483870968	0.185483870968	0.187096774194	0.185483870968	0.183870967742	0.182258064516	0.185483870968	0.193548387097	0.191935483871	0.177419354839	0.185483870968	0.179032258065	0.183870967742	0.182258064516	0.193548387097	0.0	0.0	0.0	0.159677419355	0.158064516129	0.18064516129	0.18064516129	0.18064516129	0.148387096774	0.18064516129	0.167741935484	0.18064516129	0.154838709677	0.151612903226	0.166129032258	0.183870967742	0.143548387097	0.190322580645	0.162903225806	0.174193548387	0.191935483871	0.167741935484	0.177419354839	0.18064516129	0.167741935484	0.187096774194	0.133870967742	0.2	0.166129032258	0.141935483871	0.156451612903	0.18064516129	0.2	0.203225806452	0.216129032258	0.167741935484	0.154838709677	0.159677419355	0.179032258065	0.161290322581	0.18064516129	0.167741935484	0.18064516129	0.156451612903	0.167741935484	0.203225806452	0.203225806452	0.203225806452	0.203225806452	0.172580645161	0.179032258065	0.185483870968
BYQ_AAAX.snv.bam	0.185483870968	0.185483870968	0.187096774194	0.185483870968	0.183870967742	0.182258064516	0.185483870968	0.190322580645	0.188709677419	0.174193548387	0.185483870968	0.175806451613	0.183870967742	0.182258064516	0.190322580645	0.0	0.0	0.0	0.156451612903	0.154838709677	0.177419354839	0.177419354839	0.177419354839	0.145161290323	0.177419354839	0.164516129032	0.177419354839	0.154838709677	0.148387096774	0.161290322581	0.183870967742	0.140322580645	0.187096774194	0.159677419355	0.170967741935	0.188709677419	0.164516129032	0.177419354839	0.177419354839	0.164516129032	0.187096774194	0.13064516129	0.196774193548	0.162903225806	0.138709677419	0.156451612903	0.18064516129	0.196774193548	0.2	0.212903225806	0.164516129032	0.151612903226	0.156451612903	0.175806451613	0.158064516129	0.177419354839	0.164516129032	0.177419354839	0.153225806452	0.164516129032	0.198387096774	0.198387096774	0.198387096774	0.198387096774	0.16935483871	0.175806451613	0.182258064516
BYQ_AAAZ.snv.bam	0.179032258065	0.179032258065	0.183870967742	0.179032258065	0.179032258065	0.153225806452	0.172580645161	0.15	0.145161290323	0.174193548387	0.172580645161	0.175806451613	0.172580645161	0.146774193548	0.172580645161	0.159677419355	0.159677419355	0.156451612903	0.0	0.154838709677	0.177419354839	0.177419354839	0.177419354839	0.138709677419	0.177419354839	0.135483870968	0.177419354839	0.15	0.153225806452	0.156451612903	0.167741935484	0.137096774194	0.182258064516	0.159677419355	0.164516129032	0.166129032258	0.167741935484	0.156451612903	0.164516129032	0.182258064516	0.170967741935	0.146774193548	0.18064516129	0.154838709677	0.114516129032	0.138709677419	0.153225806452	0.174193548387	0.18064516129	0.191935483871	0.161290322581	0.143548387097	0.156451612903	0.175806451613	0.145161290323	0.177419354839	0.138709677419	0.177419354839	0.148387096774	0.158064516129	0.179032258065	0.177419354839	0.179032258065	0.175806451613	0.140322580645	0.148387096774	0.15
CCIS02124300ST-4-0.snv.bam	0.190322580645	0.190322580645	0.182258064516	0.190322580645	0.190322580645	0.172580645161	0.183870967742	0.18064516129	0.177419354839	0.188709677419	0.183870967742	0.179032258065	0.183870967742	0.174193548387	0.182258064516	0.158064516129	0.158064516129	0.154838709677	0.154838709677	0.0	0.191935483871	0.191935483871	0.191935483871	0.153225806452	0.191935483871	0.151612903226	0.191935483871	0.148387096774	0.164516129032	0.172580645161	0.172580645161	0.148387096774	0.193548387097	0.117741935484	0.174193548387	0.190322580645	0.187096774194	0.164516129032	0.188709677419	0.18064516129	0.175806451613	0.162903225806	0.193548387097	0.154838709677	0.140322580645	0.148387096774	0.182258064516	0.175806451613	0.18064516129	0.188709677419	0.177419354839	0.117741935484	0.00161290322581	0.191935483871	0.11935483871	0.191935483871	0.15	0.191935483871	0.122580645161	0.177419354839	0.172580645161	0.172580645161	0.172580645161	0.172580645161	0.154838709677	0.162903225806	0.164516129032
CCIS07539127ST-4-0.snv.bam	0.208064516129	0.208064516129	0.187096774194	0.208064516129	0.204838709677	0.191935483871	0.208064516129	0.196774193548	0.193548387097	0.0161290322581	0.208064516129	0.00967741935484	0.206451612903	0.190322580645	0.203225806452	0.18064516129	0.18064516129	0.177419354839	0.177419354839	0.191935483871	0.0	0.0	0.0	0.0612903225806	0.0	0.162903225806	0.0	0.187096774194	0.158064516129	0.188709677419	0.209677419355	0.177419354839	0.201612903226	0.170967741935	0.0645161290323	0.217741935484	0.0	0.190322580645	0.0548387096774	0.0322580645161	0.212903225806	0.18064516129	0.209677419355	0.156451612903	0.175806451613	0.172580645161	0.196774193548	0.188709677419	0.204838709677	0.208064516129	0.0	0.161290322581	0.193548387097	0.0	0.179032258065	0.0	0.167741935484	0.0	0.167741935484	0.195161290323	0.216129032258	0.216129032258	0.216129032258	0.212903225806	0.179032258065	0.185483870968	0.188709677419
CCIS09568613ST-4-0.snv.bam	0.208064516129	0.208064516129	0.187096774194	0.208064516129	0.204838709677	0.191935483871	0.208064516129	0.196774193548	0.193548387097	0.0161290322581	0.208064516129	0.00967741935484	0.206451612903	0.190322580645	0.203225806452	0.18064516129	0.18064516129	0.177419354839	0.177419354839	0.191935483871	0.0	0.0	0.0	0.0612903225806	0.0	0.162903225806	0.0	0.187096774194	0.158064516129	0.188709677419	0.209677419355	0.177419354839	0.201612903226	0.170967741935	0.0645161290323	0.217741935484	0.0	0.190322580645	0.0548387096774	0.0322580645161	0.212903225806	0.18064516129	0.209677419355	0.156451612903	0.175806451613	0.172580645161	0.196774193548	0.188709677419	0.204838709677	0.208064516129	0.0	0.161290322581	0.193548387097	0.0	0.179032258065	0.0	0.167741935484	0.0	0.167741935484	0.195161290323	0.216129032258	0.216129032258	0.216129032258	0.212903225806	0.179032258065	0.185483870968	0.188709677419
CCIS35100175ST-4-0.snv.bam	0.208064516129	0.208064516129	0.187096774194	0.208064516129	0.204838709677	0.191935483871	0.208064516129	0.196774193548	0.193548387097	0.0161290322581	0.208064516129	0.00967741935484	0.206451612903	0.190322580645	0.203225806452	0.18064516129	0.18064516129	0.177419354839	0.177419354839	0.191935483871	0.0	0.0	0.0	0.0612903225806	0.0	0.162903225806	0.0	0.187096774194	0.158064516129	0.188709677419	0.209677419355	0.177419354839	0.201612903226	0.170967741935	0.0645161290323	0.217741935484	0.0	0.190322580645	0.0548387096774	0.0322580645161	0.212903225806	0.18064516129	0.209677419355	0.156451612903	0.175806451613	0.172580645161	0.196774193548	0.188709677419	0.204838709677	0.208064516129	0.0	0.161290322581	0.193548387097	0.0	0.179032258065	0.0	0.167741935484	0.0	0.167741935484	0.195161290323	0.216129032258	0.216129032258	0.216129032258	0.212903225806	0.179032258065	0.185483870968	0.188709677419
CCIS45571137ST-3-0.snv.bam	0.185483870968	0.185483870968	0.187096774194	0.185483870968	0.182258064516	0.159677419355	0.179032258065	0.166129032258	0.162903225806	0.0483870967742	0.179032258065	0.0661290322581	0.177419354839	0.15	0.172580645161	0.148387096774	0.148387096774	0.145161290323	0.138709677419	0.153225806452	0.0612903225806	0.0612903225806	0.0612903225806	0.0	0.0612903225806	0.138709677419	0.0612903225806	0.156451612903	0.137096774194	0.172580645161	0.174193548387	0.140322580645	0.177419354839	0.153225806452	0.0451612903226	0.18064516129	0.0596774193548	0.161290322581	0.0790322580645	0.0661290322581	0.177419354839	0.15	0.182258064516	0.109677419355	0.143548387097	0.145161290323	0.153225806452	0.16935483871	0.170967741935	0.183870967742	0.0564516129032	0.125806451613	0.153225806452	0.0612903225806	0.137096774194	0.0612903225806	0.132258064516	0.0612903225806	0.132258064516	0.15	0.193548387097	0.193548387097	0.193548387097	0.190322580645	0.143548387097	0.148387096774	0.151612903226
CCIS51595129ST-4-0.snv.bam	0.208064516129	0.208064516129	0.187096774194	0.208064516129	0.204838709677	0.191935483871	0.208064516129	0.196774193548	0.193548387097	0.0161290322581	0.208064516129	0.00967741935484	0.206451612903	0.190322580645	0.203225806452	0.18064516129	0.18064516129	0.177419354839	0.177419354839	0.191935483871	0.0	0.0	0.0	0.0612903225806	0.0	0.162903225806	0.0	0.187096774194	0.158064516129	0.188709677419	0.209677419355	0.177419354839	0.201612903226	0.170967741935	0.0645161290323	0.217741935484	0.0	0.190322580645	0.0548387096774	0.0322580645161	0.212903225806	0.18064516129	0.209677419355	0.156451612903	0.175806451613	0.172580645161	0.196774193548	0.188709677419	0.204838709677	0.208064516129	0.0	0.161290322581	0.193548387097	0.0	0.179032258065	0.0	0.167741935484	0.0	0.167741935484	0.195161290323	0.216129032258	0.216129032258	0.216129032258	0.212903225806	0.179032258065	0.185483870968	0.188709677419
CCIS55531770ST-4-0.snv.bam	0.170967741935	0.16935483871	0.162903225806	0.170967741935	0.167741935484	0.154838709677	0.164516129032	0.167741935484	0.166129032258	0.159677419355	0.164516129032	0.162903225806	0.164516129032	0.151612903226	0.190322580645	0.167741935484	0.167741935484	0.164516129032	0.135483870968	0.151612903226	0.162903225806	0.162903225806	0.162903225806	0.138709677419	0.162903225806	0.0	0.162903225806	0.166129032258	0.154838709677	0.159677419355	0.159677419355	0.124193548387	0.185483870968	0.145161290323	0.162903225806	0.191935483871	0.158064516129	0.161290322581	0.145161290323	0.164516129032	0.162903225806	0.145161290323	0.195161290323	0.140322580645	0.132258064516	0.141935483871	0.145161290323	0.154838709677	0.167741935484	0.172580645161	0.153225806452	0.133870967742	0.153225806452	0.162903225806	0.138709677419	0.162903225806	0.129032258065	0.162903225806	0.135483870968	0.148387096774	0.170967741935	0.170967741935	0.170967741935	0.167741935484	0.132258064516	0.135483870968	0.135483870968
CCIS74726977ST-3-0.snv.bam	0.208064516129	0.208064516129	0.187096774194	0.208064516129	0.204838709677	0.191935483871	0.208064516129	0.196774193548	0.193548387097	0.0161290322581	0.208064516129	0.00967741935484	0.206451612903	0.190322580645	0.203225806452	0.18064516129	0.18064516129	0.177419354839	0.177419354839	0.191935483871	0.0	0.0	0.0	0.0612903225806	0.0	0.162903225806	0.0	0.187096774194	0.158064516129	0.188709677419	0.209677419355	0.177419354839	0.201612903226	0.170967741935	0.0645161290323	0.217741935484	0.0	0.190322580645	0.0548387096774	0.0322580645161	0.212903225806	0.18064516129	0.209677419355	0.156451612903	0.175806451613	0.172580645161	0.196774193548	0.188709677419	0.204838709677	0.208064516129	0.0	0.161290322581	0.193548387097	0.0	0.179032258065	0.0	0.167741935484	0.0	0.167741935484	0.195161290323	0.216129032258	0.216129032258	0.216129032258	0.212903225806	0.179032258065	0.185483870968	0.188709677419
CCIS81887263ST-4-0.snv.bam	0.177419354839	0.177419354839	0.16935483871	0.177419354839	0.175806451613	0.159677419355	0.170967741935	0.182258064516	0.177419354839	0.183870967742	0.170967741935	0.177419354839	0.167741935484	0.159677419355	0.166129032258	0.154838709677	0.154838709677	0.154838709677	0.15	0.148387096774	0.187096774194	0.187096774194	0.187096774194	0.156451612903	0.187096774194	0.166129032258	0.187096774194	0.0	0.182258064516	0.158064516129	0.159677419355	0.158064516129	0.177419354839	0.15	0.16935483871	0.18064516129	0.179032258065	0.166129032258	0.191935483871	0.185483870968	0.162903225806	0.159677419355	0.16935483871	0.161290322581	0.15	0.145161290323	0.159677419355	0.185483870968	0.193548387097	0.196774193548	0.175806451613	0.13064516129	0.15	0.187096774194	0.141935483871	0.187096774194	0.148387096774	0.187096774194	0.133870967742	0.177419354839	0.187096774194	0.185483870968	0.187096774194	0.183870967742	0.170967741935	0.177419354839	0.179032258065
CCIS90164298ST-4-0.snv.bam	0.191935483871	0.191935483871	0.187096774194	0.191935483871	0.188709677419	0.188709677419	0.188709677419	0.177419354839	0.175806451613	0.161290322581	0.188709677419	0.156451612903	0.187096774194	0.193548387097	0.175806451613	0.151612903226	0.151612903226	0.148387096774	0.153225806452	0.164516129032	0.158064516129	0.158064516129	0.158064516129	0.137096774194	0.158064516129	0.154838709677	0.158064516129	0.182258064516	0.0	0.185483870968	0.183870967742	0.158064516129	0.177419354839	0.164516129032	0.159677419355	0.201612903226	0.143548387097	0.172580645161	0.161290322581	0.170967741935	0.187096774194	0.103225806452	0.185483870968	0.153225806452	0.0983870967742	0.159677419355	0.183870967742	0.185483870968	0.185483870968	0.193548387097	0.141935483871	0.159677419355	0.166129032258	0.156451612903	0.164516129032	0.158064516129	0.164516129032	0.158064516129	0.161290322581	0.166129032258	0.2	0.2	0.2	0.196774193548	0.161290322581	0.16935483871	0.172580645161
CCIS91228662ST-4-0.snv.bam	0.2	0.2	0.188709677419	0.2	0.196774193548	0.183870967742	0.193548387097	0.170967741935	0.16935483871	0.185483870968	0.193548387097	0.185483870968	0.190322580645	0.182258064516	0.185483870968	0.166129032258	0.166129032258	0.161290322581	0.156451612903	0.172580645161	0.188709677419	0.188709677419	0.188709677419	0.172580645161	0.188709677419	0.159677419355	0.188709677419	0.158064516129	0.185483870968	0.0	0.191935483871	0.158064516129	0.190322580645	0.172580645161	0.187096774194	0.193548387097	0.18064516129	0.167741935484	0.179032258065	0.190322580645	0.195161290323	0.167741935484	0.193548387097	0.172580645161	0.151612903226	0.161290322581	0.191935483871	0.18064516129	0.182258064516	0.196774193548	0.172580645161	0.156451612903	0.174193548387	0.187096774194	0.172580645161	0.188709677419	0.138709677419	0.188709677419	0.161290322581	0.177419354839	0.204838709677	0.203225806452	0.204838709677	0.201612903226	0.164516129032	0.16935483871	0.174193548387
CCIS95409808ST-4-0.snv.bam	0.05	0.05	0.058064516129	0.05	0.05	0.140322580645	0.0403225806452	0.170967741935	0.16935483871	0.203225806452	0.0403225806452	0.206451612903	0.0403225806452	0.13064516129	0.179032258065	0.183870967742	0.183870967742	0.183870967742	0.167741935484	0.172580645161	0.209677419355	0.209677419355	0.209677419355	0.174193548387	0.209677419355	0.159677419355	0.209677419355	0.159677419355	0.183870967742	0.191935483871	0.0	0.166129032258	0.182258064516	0.18064516129	0.182258064516	0.203225806452	0.208064516129	0.154838709677	0.190322580645	0.195161290323	0.0	0.187096774194	0.185483870968	0.133870967742	0.159677419355	0.159677419355	0.0435483870968	0.179032258065	0.198387096774	0.2	0.195161290323	0.158064516129	0.174193548387	0.209677419355	0.167741935484	0.209677419355	0.154838709677	0.209677419355	0.164516129032	0.174193548387	0.2	0.2	0.2	0.196774193548	0.174193548387	0.183870967742	0.185483870968
CCMD26925580ST-21-0.snv.bam	0.167741935484	0.167741935484	0.162903225806	0.167741935484	0.167741935484	0.15	0.164516129032	0.164516129032	0.159677419355	0.174193548387	0.164516129032	0.179032258065	0.164516129032	0.148387096774	0.15	0.143548387097	0.143548387097	0.140322580645	0.137096774194	0.148387096774	0.177419354839	0.177419354839	0.177419354839	0.140322580645	0.177419354839	0.124193548387	0.177419354839	0.158064516129	0.158064516129	0.158064516129	0.166129032258	0.0	0.154838709677	0.141935483871	0.167741935484	0.16935483871	0.174193548387	0.154838709677	0.154838709677	0.175806451613	0.16935483871	0.156451612903	0.159677419355	0.145161290323	0.137096774194	0.138709677419	0.151612903226	0.158064516129	0.158064516129	0.175806451613	0.16935483871	0.122580645161	0.15	0.177419354839	0.138709677419	0.177419354839	0.143548387097	0.177419354839	0.127419354839	0.153225806452	0.177419354839	0.177419354839	0.177419354839	0.177419354839	0.13064516129	0.137096774194	0.138709677419
DLM001.snv.bam	0.2	0.2	0.198387096774	0.2	0.198387096774	0.191935483871	0.193548387097	0.182258064516	0.182258064516	0.201612903226	0.193548387097	0.2	0.191935483871	0.204838709677	0.0258064516129	0.190322580645	0.190322580645	0.187096774194	0.182258064516	0.193548387097	0.201612903226	0.201612903226	0.201612903226	0.177419354839	0.201612903226	0.185483870968	0.201612903226	0.177419354839	0.177419354839	0.190322580645	0.182258064516	0.154838709677	0.0	0.195161290323	0.183870967742	0.208064516129	0.195161290323	0.190322580645	0.195161290323	0.195161290323	0.188709677419	0.183870967742	0.0290322580645	0.164516129032	0.16935483871	0.166129032258	0.187096774194	0.146774193548	0.13064516129	0.159677419355	0.187096774194	0.183870967742	0.195161290323	0.201612903226	0.185483870968	0.201612903226	0.143548387097	0.201612903226	0.185483870968	0.117741935484	0.224193548387	0.224193548387	0.224193548387	0.220967741935	0.175806451613	0.18064516129	0.18064516129
M1.1-V1.metaG.snv.bam	0.188709677419	0.185483870968	0.170967741935	0.188709677419	0.187096774194	0.175806451613	0.188709677419	0.170967741935	0.16935483871	0.167741935484	0.188709677419	0.158064516129	0.187096774194	0.177419354839	0.185483870968	0.162903225806	0.162903225806	0.159677419355	0.159677419355	0.117741935484	0.170967741935	0.170967741935	0.170967741935	0.153225806452	0.170967741935	0.145161290323	0.170967741935	0.15	0.164516129032	0.172580645161	0.18064516129	0.141935483871	0.195161290323	0.0	0.177419354839	0.18064516129	0.164516129032	0.166129032258	0.167741935484	0.16935483871	0.183870967742	0.154838709677	0.198387096774	0.153225806452	0.143548387097	0.140322580645	0.18064516129	0.179032258065	0.185483870968	0.191935483871	0.154838709677	0.0225806451613	0.11935483871	0.170967741935	0.0387096774194	0.170967741935	0.148387096774	0.170967741935	0.0225806451613	0.167741935484	0.183870967742	0.183870967742	0.183870967742	0.18064516129	0.156451612903	0.161290322581	0.164516129032
MH0199.snv.bam	0.193548387097	0.193548387097	0.195161290323	0.193548387097	0.190322580645	0.183870967742	0.187096774194	0.191935483871	0.188709677419	0.0532258064516	0.187096774194	0.0661290322581	0.185483870968	0.174193548387	0.185483870968	0.174193548387	0.174193548387	0.170967741935	0.164516129032	0.174193548387	0.0645161290323	0.0645161290323	0.0645161290323	0.0451612903226	0.0645161290323	0.162903225806	0.0645161290323	0.16935483871	0.159677419355	0.187096774194	0.182258064516	0.167741935484	0.183870967742	0.177419354839	0.0	0.206451612903	0.0629032258065	0.18064516129	0.0870967741935	0.0661290322581	0.185483870968	0.18064516129	0.188709677419	0.116129032258	0.167741935484	0.167741935484	0.172580645161	0.188709677419	0.201612903226	0.206451612903	0.0548387096774	0.15	0.175806451613	0.0645161290323	0.158064516129	0.0645161290323	0.159677419355	0.0645161290323	0.158064516129	0.175806451613	0.214516129032	0.214516129032	0.214516129032	0.211290322581	0.161290322581	0.167741935484	0.170967741935
MH0229.snv.bam	0.2	0.2	0.198387096774	0.2	0.198387096774	0.2	0.196774193548	0.18064516129	0.174193548387	0.214516129032	0.196774193548	0.211290322581	0.195161290323	0.196774193548	0.198387096774	0.191935483871	0.191935483871	0.188709677419	0.166129032258	0.190322580645	0.217741935484	0.217741935484	0.217741935484	0.18064516129	0.217741935484	0.191935483871	0.217741935484	0.18064516129	0.201612903226	0.193548387097	0.203225806452	0.16935483871	0.208064516129	0.18064516129	0.206451612903	0.0	0.209677419355	0.206451612903	0.195161290323	0.206451612903	0.204838709677	0.18064516129	0.211290322581	0.18064516129	0.174193548387	0.177419354839	0.196774193548	0.220967741935	0.212903225806	0.235483870968	0.2	0.166129032258	0.191935483871	0.216129032258	0.179032258065	0.217741935484	0.166129032258	0.217741935484	0.170967741935	0.183870967742	0.198387096774	0.196774193548	0.198387096774	0.198387096774	0.187096774194	0.195161290323	0.2
MH0361.snv.bam	0.206451612903	0.206451612903	0.185483870968	0.206451612903	0.203225806452	0.190322580645	0.206451612903	0.190322580645	0.187096774194	0.0161290322581	0.206451612903	0.00967741935484	0.204838709677	0.188709677419	0.196774193548	0.167741935484	0.167741935484	0.164516129032	0.167741935484	0.187096774194	0.0	0.0	0.0	0.0596774193548	0.0	0.158064516129	0.0	0.179032258065	0.143548387097	0.18064516129	0.208064516129	0.174193548387	0.195161290323	0.164516129032	0.0629032258065	0.209677419355	0.0	0.188709677419	0.0532258064516	0.0322580645161	0.211290322581	0.167741935484	0.203225806452	0.154838709677	0.166129032258	0.16935483871	0.195161290323	0.185483870968	0.2	0.203225806452	0.0	0.156451612903	0.188709677419	0.0	0.172580645161	0.0	0.161290322581	0.0	0.161290322581	0.187096774194	0.212903225806	0.212903225806	0.212903225806	0.209677419355	0.174193548387	0.18064516129	0.183870967742
MH0382.snv.bam	0.146774193548	0.146774193548	0.158064516129	0.146774193548	0.146774193548	0.0903225806452	0.158064516129	0.172580645161	0.170967741935	0.188709677419	0.158064516129	0.188709677419	0.158064516129	0.0854838709677	0.187096774194	0.177419354839	0.177419354839	0.177419354839	0.156451612903	0.164516129032	0.190322580645	0.190322580645	0.190322580645	0.161290322581	0.190322580645	0.161290322581	0.190322580645	0.166129032258	0.172580645161	0.167741935484	0.154838709677	0.154838709677	0.190322580645	0.166129032258	0.18064516129	0.206451612903	0.188709677419	0.0	0.18064516129	0.177419354839	0.158064516129	0.179032258065	0.2	0.15	0.120967741935	0.140322580645	0.158064516129	0.175806451613	0.174193548387	0.187096774194	0.18064516129	0.161290322581	0.166129032258	0.190322580645	0.162903225806	0.190322580645	0.148387096774	0.190322580645	0.164516129032	0.164516129032	0.216129032258	0.214516129032	0.216129032258	0.212903225806	0.153225806452	0.161290322581	0.162903225806
MH0445.snv.bam	0.191935483871	0.191935483871	0.174193548387	0.191935483871	0.190322580645	0.179032258065	0.191935483871	0.177419354839	0.175806451613	0.041935483871	0.191935483871	0.0629032258065	0.191935483871	0.175806451613	0.193548387097	0.18064516129	0.18064516129	0.177419354839	0.164516129032	0.188709677419	0.0548387096774	0.0548387096774	0.0548387096774	0.0790322580645	0.0548387096774	0.145161290323	0.0548387096774	0.191935483871	0.161290322581	0.179032258065	0.190322580645	0.154838709677	0.195161290323	0.167741935484	0.0870967741935	0.195161290323	0.0532258064516	0.18064516129	0.0	0.0612903225806	0.193548387097	0.170967741935	0.2	0.137096774194	0.159677419355	0.162903225806	0.177419354839	0.174193548387	0.191935483871	0.191935483871	0.0532258064516	0.156451612903	0.190322580645	0.0548387096774	0.175806451613	0.0548387096774	0.145161290323	0.0548387096774	0.161290322581	0.175806451613	0.196774193548	0.196774193548	0.196774193548	0.193548387097	0.166129032258	0.172580645161	0.175806451613
