	159268001-stool1.snv.bam	BYQ_AAAJ.snv.bam	CCIS03857607ST-4-0.snv.bam	CCIS17669415ST-4-0.snv.bam	CCIS22958137ST-20-0.snv.bam	CCIS23164343ST-4-0.snv.bam	CCIS27304052ST-3-0.snv.bam	CCIS36797902ST-4-0.snv.bam	CCIS38765456ST-20-0.snv.bam	CCIS52234160ST-4-0.snv.bam	CCIS59132091ST-4-0.snv.bam	CCIS64773582ST-4-0.snv.bam	CCIS71578391ST-4-0.snv.bam	M2.1-V2.metaG.snv.bam	M2.4-V1.metaG.snv.bam	M2.4-V2.metaG.snv.bam	M2.4-V3.metaG.snv.bam	MH0195.snv.bam	MH0204.snv.bam	MH0280.snv.bam	MH0318.snv.bam	MH0319.snv.bam	MH0321.snv.bam	MH0366.snv.bam	MH0374.snv.bam	MH0376.snv.bam	MH0377.snv.bam	MH0386.snv.bam	MH0430.snv.bam	MH0451.snv.bam	MH0457.snv.bam	MMRS29805707ST-27-0-0.snv.bam	MMRS34569532ST-27-0-0.snv.bam	MMRS38861560ST-27-0-0.snv.bam	MMRS90191266ST-27-0-0.snv.bam	NG-5636_628.snv.bam	O2.UC13-1.snv.bam	O2.UC24-1.snv.bam	O2.UC4-1.snv.bam	O2.UC44-1.snv.bam	O2.UC44-2.snv.bam	V1.CD22-0.snv.bam	V1.CD6-0-PN.snv.bam	V1.FI15.snv.bam	V1.UC40-1.snv.bam	V1.UC48-0.snv.bam	V1.UC49-0.snv.bam
159268001-stool1.snv.bam	0.0	0.246719160105	0.223097112861	0.157480314961	0.238845144357	0.230971128609	0.154855643045	0.194225721785	0.230971128609	0.225721784777	0.207349081365	0.207349081365	0.236220472441	0.249343832021	0.249343832021	0.241469816273	0.246719160105	0.212598425197	0.136482939633	0.225721784777	0.244094488189	0.254593175853	0.225721784777	0.241469816273	0.228346456693	0.254593175853	0.254593175853	0.199475065617	0.178477690289	0.228346456693	0.199475065617	0.241469816273	0.265091863517	0.204724409449	0.254593175853	0.217847769029	0.191601049869	0.223097112861	0.209973753281	0.251968503937	0.249343832021	0.199475065617	0.212598425197	0.196850393701	0.215223097113	0.181102362205	0.188976377953
BYQ_AAAJ.snv.bam	0.246719160105	0.0	0.165354330709	0.149606299213	0.220472440945	0.209973753281	0.146981627297	0.173228346457	0.188976377953	0.186351706037	0.188976377953	0.191601049869	0.215223097113	0.212598425197	0.212598425197	0.209973753281	0.212598425197	0.202099737533	0.167979002625	0.225721784777	0.207349081365	0.223097112861	0.107611548556	0.183727034121	0.223097112861	0.191601049869	0.191601049869	0.220472440945	0.160104986877	0.175853018373	0.207349081365	0.230971128609	0.133858267717	0.209973753281	0.202099737533	0.194225721785	0.207349081365	0.178477690289	0.209973753281	0.188976377953	0.186351706037	0.194225721785	0.212598425197	0.191601049869	0.199475065617	0.191601049869	0.191601049869
CCIS03857607ST-4-0.snv.bam	0.223097112861	0.165354330709	0.0	0.120734908136	0.191601049869	0.191601049869	0.160104986877	0.186351706037	0.191601049869	0.178477690289	0.154855643045	0.157480314961	0.160104986877	0.199475065617	0.196850393701	0.196850393701	0.199475065617	0.152230971129	0.191601049869	0.212598425197	0.194225721785	0.215223097113	0.152230971129	0.165354330709	0.220472440945	0.162729658793	0.194225721785	0.181102362205	0.157480314961	0.162729658793	0.188976377953	0.202099737533	0.199475065617	0.233595800525	0.194225721785	0.175853018373	0.162729658793	0.146981627297	0.154855643045	0.196850393701	0.194225721785	0.170603674541	0.188976377953	0.183727034121	0.186351706037	0.170603674541	0.167979002625
CCIS17669415ST-4-0.snv.bam	0.157480314961	0.149606299213	0.120734908136	0.0	0.170603674541	0.183727034121	0.152230971129	0.149606299213	0.157480314961	0.170603674541	0.170603674541	0.173228346457	0.152230971129	0.186351706037	0.186351706037	0.181102362205	0.186351706037	0.160104986877	0.141732283465	0.183727034121	0.149606299213	0.191601049869	0.139107611549	0.141732283465	0.196850393701	0.139107611549	0.165354330709	0.154855643045	0.149606299213	0.136482939633	0.175853018373	0.154855643045	0.170603674541	0.165354330709	0.175853018373	0.160104986877	0.102362204724	0.141732283465	0.162729658793	0.181102362205	0.175853018373	0.0918635170604	0.149606299213	0.154855643045	0.162729658793	0.175853018373	0.175853018373
CCIS22958137ST-20-0.snv.bam	0.238845144357	0.220472440945	0.191601049869	0.170603674541	0.0	0.0498687664042	0.199475065617	0.196850393701	0.230971128609	0.220472440945	0.173228346457	0.175853018373	0.112860892388	0.178477690289	0.175853018373	0.170603674541	0.175853018373	0.154855643045	0.207349081365	0.217847769029	0.217847769029	0.217847769029	0.220472440945	0.199475065617	0.262467191601	0.191601049869	0.244094488189	0.217847769029	0.209973753281	0.223097112861	0.228346456693	0.181102362205	0.228346456693	0.202099737533	0.233595800525	0.183727034121	0.183727034121	0.233595800525	0.196850393701	0.230971128609	0.228346456693	0.181102362205	0.152230971129	0.212598425197	0.228346456693	0.220472440945	0.217847769029
CCIS23164343ST-4-0.snv.bam	0.230971128609	0.209973753281	0.191601049869	0.183727034121	0.0498687664042	0.0	0.191601049869	0.183727034121	0.230971128609	0.212598425197	0.162729658793	0.165354330709	0.0944881889764	0.133858267717	0.131233595801	0.128608923885	0.131233595801	0.181102362205	0.196850393701	0.199475065617	0.254593175853	0.173228346457	0.207349081365	0.220472440945	0.238845144357	0.175853018373	0.238845144357	0.215223097113	0.181102362205	0.238845144357	0.233595800525	0.188976377953	0.249343832021	0.204724409449	0.238845144357	0.188976377953	0.212598425197	0.233595800525	0.188976377953	0.241469816273	0.238845144357	0.215223097113	0.149606299213	0.217847769029	0.230971128609	0.220472440945	0.220472440945
CCIS27304052ST-3-0.snv.bam	0.154855643045	0.146981627297	0.160104986877	0.152230971129	0.199475065617	0.191601049869	0.0	0.149606299213	0.170603674541	0.160104986877	0.165354330709	0.167979002625	0.188976377953	0.188976377953	0.188976377953	0.181102362205	0.186351706037	0.175853018373	0.128608923885	0.149606299213	0.183727034121	0.202099737533	0.162729658793	0.173228346457	0.162729658793	0.186351706037	0.186351706037	0.133858267717	0.110236220472	0.157480314961	0.154855643045	0.170603674541	0.212598425197	0.162729658793	0.191601049869	0.162729658793	0.152230971129	0.194225721785	0.167979002625	0.191601049869	0.188976377953	0.167979002625	0.181102362205	0.144356955381	0.165354330709	0.136482939633	0.139107611549
CCIS36797902ST-4-0.snv.bam	0.194225721785	0.173228346457	0.186351706037	0.149606299213	0.196850393701	0.183727034121	0.149606299213	0.0	0.152230971129	0.191601049869	0.173228346457	0.175853018373	0.194225721785	0.133858267717	0.133858267717	0.131233595801	0.133858267717	0.186351706037	0.165354330709	0.183727034121	0.170603674541	0.149606299213	0.173228346457	0.194225721785	0.204724409449	0.202099737533	0.212598425197	0.165354330709	0.160104986877	0.144356955381	0.186351706037	0.167979002625	0.149606299213	0.188976377953	0.160104986877	0.160104986877	0.175853018373	0.207349081365	0.131233595801	0.202099737533	0.199475065617	0.136482939633	0.175853018373	0.223097112861	0.136482939633	0.133858267717	0.125984251969
CCIS38765456ST-20-0.snv.bam	0.230971128609	0.188976377953	0.191601049869	0.157480314961	0.230971128609	0.230971128609	0.170603674541	0.152230971129	0.0	0.202099737533	0.215223097113	0.217847769029	0.178477690289	0.152230971129	0.152230971129	0.149606299213	0.152230971129	0.233595800525	0.191601049869	0.175853018373	0.0183727034121	0.175853018373	0.149606299213	0.225721784777	0.228346456693	0.149606299213	0.236220472441	0.191601049869	0.202099737533	0.0656167979003	0.144356955381	0.186351706037	0.238845144357	0.204724409449	0.10498687664	0.160104986877	0.183727034121	0.220472440945	0.152230971129	0.194225721785	0.188976377953	0.202099737533	0.186351706037	0.230971128609	0.0997375328084	0.165354330709	0.160104986877
CCIS52234160ST-4-0.snv.bam	0.225721784777	0.186351706037	0.178477690289	0.170603674541	0.220472440945	0.212598425197	0.160104986877	0.191601049869	0.202099737533	0.0	0.178477690289	0.181102362205	0.175853018373	0.204724409449	0.204724409449	0.202099737533	0.204724409449	0.175853018373	0.160104986877	0.181102362205	0.204724409449	0.207349081365	0.196850393701	0.207349081365	0.209973753281	0.188976377953	0.194225721785	0.217847769029	0.178477690289	0.194225721785	0.212598425197	0.202099737533	0.217847769029	0.207349081365	0.204724409449	0.160104986877	0.199475065617	0.204724409449	0.183727034121	0.230971128609	0.228346456693	0.217847769029	0.186351706037	0.131233595801	0.199475065617	0.175853018373	0.178477690289
CCIS59132091ST-4-0.snv.bam	0.207349081365	0.188976377953	0.154855643045	0.170603674541	0.173228346457	0.162729658793	0.165354330709	0.173228346457	0.215223097113	0.178477690289	0.0	0.0	0.178477690289	0.212598425197	0.212598425197	0.209973753281	0.212598425197	0.0209973753281	0.152230971129	0.191601049869	0.238845144357	0.241469816273	0.157480314961	0.183727034121	0.238845144357	0.144356955381	0.207349081365	0.202099737533	0.183727034121	0.207349081365	0.215223097113	0.209973753281	0.162729658793	0.241469816273	0.212598425197	0.183727034121	0.223097112861	0.215223097113	0.160104986877	0.209973753281	0.207349081365	0.183727034121	0.204724409449	0.146981627297	0.233595800525	0.207349081365	0.202099737533
CCIS64773582ST-4-0.snv.bam	0.207349081365	0.191601049869	0.157480314961	0.173228346457	0.175853018373	0.165354330709	0.167979002625	0.175853018373	0.217847769029	0.181102362205	0.0	0.0	0.181102362205	0.215223097113	0.215223097113	0.212598425197	0.215223097113	0.0209973753281	0.152230971129	0.191601049869	0.241469816273	0.244094488189	0.160104986877	0.186351706037	0.246719160105	0.146981627297	0.209973753281	0.207349081365	0.186351706037	0.209973753281	0.215223097113	0.212598425197	0.162729658793	0.244094488189	0.215223097113	0.186351706037	0.225721784777	0.217847769029	0.160104986877	0.212598425197	0.209973753281	0.186351706037	0.204724409449	0.146981627297	0.233595800525	0.207349081365	0.202099737533
CCIS71578391ST-4-0.snv.bam	0.236220472441	0.215223097113	0.160104986877	0.152230971129	0.112860892388	0.0944881889764	0.188976377953	0.194225721785	0.178477690289	0.175853018373	0.178477690289	0.181102362205	0.0	0.112860892388	0.112860892388	0.110236220472	0.112860892388	0.175853018373	0.188976377953	0.220472440945	0.181102362205	0.157480314961	0.194225721785	0.188976377953	0.233595800525	0.144356955381	0.212598425197	0.194225721785	0.175853018373	0.160104986877	0.212598425197	0.162729658793	0.244094488189	0.225721784777	0.186351706037	0.165354330709	0.181102362205	0.212598425197	0.173228346457	0.225721784777	0.223097112861	0.204724409449	0.123359580052	0.186351706037	0.204724409449	0.199475065617	0.199475065617
M2.1-V2.metaG.snv.bam	0.249343832021	0.212598425197	0.199475065617	0.186351706037	0.178477690289	0.133858267717	0.188976377953	0.133858267717	0.152230971129	0.204724409449	0.212598425197	0.215223097113	0.112860892388	0.0	0.0	0.0	0.0	0.230971128609	0.212598425197	0.217847769029	0.173228346457	0.0734908136483	0.183727034121	0.207349081365	0.241469816273	0.183727034121	0.220472440945	0.202099737533	0.178477690289	0.162729658793	0.223097112861	0.223097112861	0.230971128609	0.238845144357	0.167979002625	0.196850393701	0.215223097113	0.241469816273	0.170603674541	0.217847769029	0.215223097113	0.238845144357	0.157480314961	0.230971128609	0.170603674541	0.167979002625	0.162729658793
M2.4-V1.metaG.snv.bam	0.249343832021	0.212598425197	0.196850393701	0.186351706037	0.175853018373	0.131233595801	0.188976377953	0.133858267717	0.152230971129	0.204724409449	0.212598425197	0.215223097113	0.112860892388	0.0	0.0	0.0	0.0	0.230971128609	0.212598425197	0.217847769029	0.173228346457	0.0734908136483	0.183727034121	0.207349081365	0.241469816273	0.183727034121	0.220472440945	0.202099737533	0.178477690289	0.162729658793	0.223097112861	0.223097112861	0.230971128609	0.236220472441	0.167979002625	0.196850393701	0.215223097113	0.241469816273	0.170603674541	0.217847769029	0.215223097113	0.238845144357	0.157480314961	0.230971128609	0.170603674541	0.167979002625	0.162729658793
M2.4-V2.metaG.snv.bam	0.241469816273	0.209973753281	0.196850393701	0.181102362205	0.170603674541	0.128608923885	0.181102362205	0.131233595801	0.149606299213	0.202099737533	0.209973753281	0.212598425197	0.110236220472	0.0	0.0	0.0	0.0	0.228346456693	0.207349081365	0.209973753281	0.170603674541	0.0734908136483	0.178477690289	0.202099737533	0.233595800525	0.181102362205	0.217847769029	0.194225721785	0.173228346457	0.160104986877	0.215223097113	0.212598425197	0.228346456693	0.230971128609	0.165354330709	0.188976377953	0.207349081365	0.236220472441	0.167979002625	0.207349081365	0.204724409449	0.233595800525	0.149606299213	0.225721784777	0.167979002625	0.167979002625	0.160104986877
M2.4-V3.metaG.snv.bam	0.246719160105	0.212598425197	0.199475065617	0.186351706037	0.175853018373	0.131233595801	0.186351706037	0.133858267717	0.152230971129	0.204724409449	0.212598425197	0.215223097113	0.112860892388	0.0	0.0	0.0	0.0	0.230971128609	0.212598425197	0.217847769029	0.173228346457	0.0734908136483	0.181102362205	0.204724409449	0.238845144357	0.183727034121	0.220472440945	0.199475065617	0.175853018373	0.162729658793	0.220472440945	0.220472440945	0.230971128609	0.236220472441	0.167979002625	0.194225721785	0.212598425197	0.238845144357	0.170603674541	0.215223097113	0.212598425197	0.238845144357	0.154855643045	0.228346456693	0.170603674541	0.167979002625	0.162729658793
MH0195.snv.bam	0.212598425197	0.202099737533	0.152230971129	0.160104986877	0.154855643045	0.181102362205	0.175853018373	0.186351706037	0.233595800525	0.175853018373	0.0209973753281	0.0209973753281	0.175853018373	0.230971128609	0.230971128609	0.228346456693	0.230971128609	0.0	0.162729658793	0.212598425197	0.220472440945	0.259842519685	0.181102362205	0.165354330709	0.257217847769	0.167979002625	0.209973753281	0.207349081365	0.191601049869	0.204724409449	0.215223097113	0.207349081365	0.146981627297	0.244094488189	0.236220472441	0.186351706037	0.204724409449	0.212598425197	0.181102362205	0.228346456693	0.225721784777	0.165354330709	0.204724409449	0.141732283465	0.233595800525	0.207349081365	0.202099737533
MH0204.snv.bam	0.136482939633	0.167979002625	0.191601049869	0.141732283465	0.207349081365	0.196850393701	0.128608923885	0.165354330709	0.191601049869	0.160104986877	0.152230971129	0.152230971129	0.188976377953	0.212598425197	0.212598425197	0.207349081365	0.212598425197	0.162729658793	0.0	0.162729658793	0.207349081365	0.223097112861	0.199475065617	0.209973753281	0.188976377953	0.191601049869	0.207349081365	0.170603674541	0.149606299213	0.196850393701	0.191601049869	0.191601049869	0.191601049869	0.191601049869	0.196850393701	0.175853018373	0.178477690289	0.194225721785	0.170603674541	0.194225721785	0.194225721785	0.165354330709	0.144356955381	0.144356955381	0.194225721785	0.173228346457	0.181102362205
MH0280.snv.bam	0.225721784777	0.225721784777	0.212598425197	0.183727034121	0.217847769029	0.199475065617	0.149606299213	0.183727034121	0.175853018373	0.181102362205	0.191601049869	0.191601049869	0.220472440945	0.217847769029	0.217847769029	0.209973753281	0.217847769029	0.212598425197	0.162729658793	0.0	0.196850393701	0.209973753281	0.223097112861	0.228346456693	0.202099737533	0.199475065617	0.254593175853	0.207349081365	0.220472440945	0.202099737533	0.178477690289	0.173228346457	0.249343832021	0.204724409449	0.170603674541	0.173228346457	0.212598425197	0.244094488189	0.183727034121	0.236220472441	0.236220472441	0.220472440945	0.202099737533	0.202099737533	0.194225721785	0.188976377953	0.183727034121
MH0318.snv.bam	0.244094488189	0.207349081365	0.194225721785	0.149606299213	0.217847769029	0.254593175853	0.183727034121	0.170603674541	0.0183727034121	0.204724409449	0.238845144357	0.241469816273	0.181102362205	0.173228346457	0.173228346457	0.170603674541	0.173228346457	0.220472440945	0.207349081365	0.196850393701	0.0	0.196850393701	0.173228346457	0.212598425197	0.246719160105	0.173228346457	0.241469816273	0.196850393701	0.215223097113	0.0682414698163	0.146981627297	0.186351706037	0.230971128609	0.212598425197	0.125984251969	0.167979002625	0.167979002625	0.220472440945	0.175853018373	0.217847769029	0.212598425197	0.186351706037	0.194225721785	0.230971128609	0.102362204724	0.173228346457	0.167979002625
MH0319.snv.bam	0.254593175853	0.223097112861	0.215223097113	0.191601049869	0.217847769029	0.173228346457	0.202099737533	0.149606299213	0.175853018373	0.207349081365	0.241469816273	0.244094488189	0.157480314961	0.0734908136483	0.0734908136483	0.0734908136483	0.0734908136483	0.259842519685	0.223097112861	0.209973753281	0.196850393701	0.0	0.202099737533	0.202099737533	0.249343832021	0.220472440945	0.220472440945	0.196850393701	0.196850393701	0.188976377953	0.223097112861	0.220472440945	0.249343832021	0.249343832021	0.186351706037	0.183727034121	0.238845144357	0.238845144357	0.186351706037	0.233595800525	0.230971128609	0.257217847769	0.191601049869	0.241469816273	0.191601049869	0.170603674541	0.167979002625
MH0321.snv.bam	0.225721784777	0.107611548556	0.152230971129	0.139107611549	0.220472440945	0.207349081365	0.162729658793	0.173228346457	0.149606299213	0.196850393701	0.157480314961	0.160104986877	0.194225721785	0.183727034121	0.183727034121	0.178477690289	0.181102362205	0.181102362205	0.199475065617	0.223097112861	0.173228346457	0.202099737533	0.0	0.162729658793	0.196850393701	0.154855643045	0.199475065617	0.183727034121	0.136482939633	0.157480314961	0.181102362205	0.220472440945	0.144356955381	0.199475065617	0.162729658793	0.178477690289	0.188976377953	0.181102362205	0.196850393701	0.178477690289	0.175853018373	0.186351706037	0.196850393701	0.207349081365	0.188976377953	0.207349081365	0.207349081365
MH0366.snv.bam	0.241469816273	0.183727034121	0.165354330709	0.141732283465	0.199475065617	0.220472440945	0.173228346457	0.194225721785	0.225721784777	0.207349081365	0.183727034121	0.186351706037	0.188976377953	0.207349081365	0.207349081365	0.202099737533	0.204724409449	0.165354330709	0.209973753281	0.228346456693	0.212598425197	0.202099737533	0.162729658793	0.0	0.217847769029	0.181102362205	0.175853018373	0.199475065617	0.178477690289	0.191601049869	0.139107611549	0.217847769029	0.181102362205	0.230971128609	0.207349081365	0.186351706037	0.191601049869	0.173228346457	0.220472440945	0.215223097113	0.212598425197	0.194225721785	0.207349081365	0.175853018373	0.236220472441	0.209973753281	0.209973753281
MH0374.snv.bam	0.228346456693	0.223097112861	0.220472440945	0.196850393701	0.262467191601	0.238845144357	0.162729658793	0.204724409449	0.228346456693	0.209973753281	0.238845144357	0.246719160105	0.233595800525	0.241469816273	0.241469816273	0.233595800525	0.238845144357	0.257217847769	0.188976377953	0.202099737533	0.246719160105	0.249343832021	0.196850393701	0.217847769029	0.0	0.251968503937	0.278215223097	0.207349081365	0.178477690289	0.225721784777	0.194225721785	0.228346456693	0.257217847769	0.207349081365	0.225721784777	0.223097112861	0.225721784777	0.241469816273	0.228346456693	0.249343832021	0.246719160105	0.238845144357	0.215223097113	0.236220472441	0.238845144357	0.207349081365	0.199475065617
MH0376.snv.bam	0.254593175853	0.191601049869	0.162729658793	0.139107611549	0.191601049869	0.175853018373	0.186351706037	0.202099737533	0.149606299213	0.188976377953	0.144356955381	0.146981627297	0.144356955381	0.183727034121	0.183727034121	0.181102362205	0.183727034121	0.167979002625	0.191601049869	0.199475065617	0.173228346457	0.220472440945	0.154855643045	0.181102362205	0.251968503937	0.0	0.194225721785	0.186351706037	0.186351706037	0.178477690289	0.220472440945	0.212598425197	0.236220472441	0.217847769029	0.178477690289	0.162729658793	0.204724409449	0.170603674541	0.175853018373	0.181102362205	0.175853018373	0.223097112861	0.183727034121	0.178477690289	0.207349081365	0.223097112861	0.223097112861
MH0377.snv.bam	0.254593175853	0.191601049869	0.194225721785	0.165354330709	0.244094488189	0.238845144357	0.186351706037	0.212598425197	0.236220472441	0.194225721785	0.207349081365	0.209973753281	0.212598425197	0.220472440945	0.220472440945	0.217847769029	0.220472440945	0.209973753281	0.207349081365	0.254593175853	0.241469816273	0.220472440945	0.199475065617	0.175853018373	0.278215223097	0.194225721785	0.0	0.212598425197	0.209973753281	0.220472440945	0.202099737533	0.233595800525	0.225721784777	0.228346456693	0.241469816273	0.173228346457	0.236220472441	0.167979002625	0.228346456693	0.223097112861	0.220472440945	0.196850393701	0.204724409449	0.167979002625	0.238845144357	0.191601049869	0.196850393701
MH0386.snv.bam	0.199475065617	0.220472440945	0.181102362205	0.154855643045	0.217847769029	0.215223097113	0.133858267717	0.165354330709	0.191601049869	0.217847769029	0.202099737533	0.207349081365	0.194225721785	0.202099737533	0.202099737533	0.194225721785	0.199475065617	0.207349081365	0.170603674541	0.207349081365	0.196850393701	0.196850393701	0.183727034121	0.199475065617	0.207349081365	0.186351706037	0.212598425197	0.0	0.152230971129	0.181102362205	0.146981627297	0.188976377953	0.254593175853	0.183727034121	0.217847769029	0.167979002625	0.175853018373	0.191601049869	0.199475065617	0.220472440945	0.217847769029	0.183727034121	0.196850393701	0.217847769029	0.199475065617	0.181102362205	0.178477690289
MH0430.snv.bam	0.178477690289	0.160104986877	0.157480314961	0.149606299213	0.209973753281	0.181102362205	0.110236220472	0.160104986877	0.202099737533	0.178477690289	0.183727034121	0.186351706037	0.175853018373	0.178477690289	0.178477690289	0.173228346457	0.175853018373	0.191601049869	0.149606299213	0.220472440945	0.215223097113	0.196850393701	0.136482939633	0.178477690289	0.178477690289	0.186351706037	0.209973753281	0.152230971129	0.0	0.194225721785	0.191601049869	0.196850393701	0.178477690289	0.170603674541	0.204724409449	0.181102362205	0.186351706037	0.157480314961	0.217847769029	0.194225721785	0.191601049869	0.186351706037	0.183727034121	0.186351706037	0.223097112861	0.181102362205	0.188976377953
MH0451.snv.bam	0.228346456693	0.175853018373	0.162729658793	0.136482939633	0.223097112861	0.238845144357	0.157480314961	0.144356955381	0.0656167979003	0.194225721785	0.207349081365	0.209973753281	0.160104986877	0.162729658793	0.162729658793	0.160104986877	0.162729658793	0.204724409449	0.196850393701	0.202099737533	0.0682414698163	0.188976377953	0.157480314961	0.191601049869	0.225721784777	0.178477690289	0.220472440945	0.181102362205	0.194225721785	0.0	0.152230971129	0.175853018373	0.230971128609	0.191601049869	0.136482939633	0.152230971129	0.167979002625	0.220472440945	0.144356955381	0.212598425197	0.207349081365	0.186351706037	0.194225721785	0.215223097113	0.139107611549	0.146981627297	0.141732283465
MH0457.snv.bam	0.199475065617	0.207349081365	0.188976377953	0.175853018373	0.228346456693	0.233595800525	0.154855643045	0.186351706037	0.144356955381	0.212598425197	0.215223097113	0.215223097113	0.212598425197	0.223097112861	0.223097112861	0.215223097113	0.220472440945	0.215223097113	0.191601049869	0.178477690289	0.146981627297	0.223097112861	0.181102362205	0.139107611549	0.194225721785	0.220472440945	0.202099737533	0.146981627297	0.191601049869	0.152230971129	0.0	0.199475065617	0.230971128609	0.191601049869	0.196850393701	0.170603674541	0.191601049869	0.196850393701	0.196850393701	0.228346456693	0.225721784777	0.204724409449	0.207349081365	0.202099737533	0.154855643045	0.165354330709	0.167979002625
MMRS29805707ST-27-0-0.snv.bam	0.241469816273	0.230971128609	0.202099737533	0.154855643045	0.181102362205	0.188976377953	0.170603674541	0.167979002625	0.186351706037	0.202099737533	0.209973753281	0.212598425197	0.162729658793	0.223097112861	0.223097112861	0.212598425197	0.220472440945	0.207349081365	0.191601049869	0.173228346457	0.186351706037	0.220472440945	0.220472440945	0.217847769029	0.228346456693	0.212598425197	0.233595800525	0.188976377953	0.196850393701	0.175853018373	0.199475065617	0.0	0.249343832021	0.188976377953	0.228346456693	0.149606299213	0.186351706037	0.212598425197	0.209973753281	0.225721784777	0.220472440945	0.162729658793	0.170603674541	0.196850393701	0.215223097113	0.202099737533	0.196850393701
MMRS34569532ST-27-0-0.snv.bam	0.265091863517	0.133858267717	0.199475065617	0.170603674541	0.228346456693	0.249343832021	0.212598425197	0.149606299213	0.238845144357	0.217847769029	0.162729658793	0.162729658793	0.244094488189	0.230971128609	0.230971128609	0.228346456693	0.230971128609	0.146981627297	0.191601049869	0.249343832021	0.230971128609	0.249343832021	0.144356955381	0.181102362205	0.257217847769	0.236220472441	0.225721784777	0.254593175853	0.178477690289	0.230971128609	0.230971128609	0.249343832021	0.0	0.238845144357	0.225721784777	0.202099737533	0.220472440945	0.207349081365	0.238845144357	0.207349081365	0.207349081365	0.170603674541	0.225721784777	0.230971128609	0.238845144357	0.220472440945	0.215223097113
MMRS38861560ST-27-0-0.snv.bam	0.204724409449	0.209973753281	0.233595800525	0.165354330709	0.202099737533	0.204724409449	0.162729658793	0.188976377953	0.204724409449	0.207349081365	0.241469816273	0.244094488189	0.225721784777	0.238845144357	0.236220472441	0.230971128609	0.236220472441	0.244094488189	0.191601049869	0.204724409449	0.212598425197	0.249343832021	0.199475065617	0.230971128609	0.207349081365	0.217847769029	0.228346456693	0.183727034121	0.170603674541	0.191601049869	0.191601049869	0.188976377953	0.238845144357	0.0	0.249343832021	0.160104986877	0.202099737533	0.212598425197	0.225721784777	0.257217847769	0.251968503937	0.215223097113	0.212598425197	0.217847769029	0.241469816273	0.202099737533	0.207349081365
MMRS90191266ST-27-0-0.snv.bam	0.254593175853	0.202099737533	0.194225721785	0.175853018373	0.233595800525	0.238845144357	0.191601049869	0.160104986877	0.10498687664	0.204724409449	0.212598425197	0.215223097113	0.186351706037	0.167979002625	0.167979002625	0.165354330709	0.167979002625	0.236220472441	0.196850393701	0.170603674541	0.125984251969	0.186351706037	0.162729658793	0.207349081365	0.225721784777	0.178477690289	0.241469816273	0.217847769029	0.204724409449	0.136482939633	0.196850393701	0.228346456693	0.225721784777	0.249343832021	0.0	0.170603674541	0.209973753281	0.209973753281	0.160104986877	0.228346456693	0.225721784777	0.212598425197	0.183727034121	0.236220472441	0.175853018373	0.188976377953	0.183727034121
NG-5636_628.snv.bam	0.217847769029	0.194225721785	0.175853018373	0.160104986877	0.183727034121	0.188976377953	0.162729658793	0.160104986877	0.160104986877	0.160104986877	0.183727034121	0.186351706037	0.165354330709	0.196850393701	0.196850393701	0.188976377953	0.194225721785	0.186351706037	0.175853018373	0.173228346457	0.167979002625	0.183727034121	0.178477690289	0.186351706037	0.223097112861	0.162729658793	0.173228346457	0.167979002625	0.181102362205	0.152230971129	0.170603674541	0.149606299213	0.202099737533	0.160104986877	0.170603674541	0.0	0.178477690289	0.181102362205	0.157480314961	0.191601049869	0.191601049869	0.186351706037	0.183727034121	0.194225721785	0.186351706037	0.146981627297	0.149606299213
O2.UC13-1.snv.bam	0.191601049869	0.207349081365	0.162729658793	0.102362204724	0.183727034121	0.212598425197	0.152230971129	0.175853018373	0.183727034121	0.199475065617	0.223097112861	0.225721784777	0.181102362205	0.215223097113	0.215223097113	0.207349081365	0.212598425197	0.204724409449	0.178477690289	0.212598425197	0.167979002625	0.238845144357	0.188976377953	0.191601049869	0.225721784777	0.204724409449	0.236220472441	0.175853018373	0.186351706037	0.167979002625	0.191601049869	0.186351706037	0.220472440945	0.202099737533	0.209973753281	0.178477690289	0.0	0.204724409449	0.191601049869	0.217847769029	0.217847769029	0.120734908136	0.162729658793	0.220472440945	0.186351706037	0.194225721785	0.196850393701
O2.UC24-1.snv.bam	0.223097112861	0.178477690289	0.146981627297	0.141732283465	0.233595800525	0.233595800525	0.194225721785	0.207349081365	0.220472440945	0.204724409449	0.215223097113	0.217847769029	0.212598425197	0.241469816273	0.241469816273	0.236220472441	0.238845144357	0.212598425197	0.194225721785	0.244094488189	0.220472440945	0.238845144357	0.181102362205	0.173228346457	0.241469816273	0.170603674541	0.167979002625	0.191601049869	0.157480314961	0.220472440945	0.196850393701	0.212598425197	0.207349081365	0.212598425197	0.209973753281	0.181102362205	0.204724409449	0.0	0.249343832021	0.204724409449	0.202099737533	0.175853018373	0.188976377953	0.175853018373	0.238845144357	0.188976377953	0.196850393701
O2.UC4-1.snv.bam	0.209973753281	0.209973753281	0.154855643045	0.162729658793	0.196850393701	0.188976377953	0.167979002625	0.131233595801	0.152230971129	0.183727034121	0.160104986877	0.160104986877	0.173228346457	0.170603674541	0.170603674541	0.167979002625	0.170603674541	0.181102362205	0.170603674541	0.183727034121	0.175853018373	0.186351706037	0.196850393701	0.220472440945	0.228346456693	0.175853018373	0.228346456693	0.199475065617	0.217847769029	0.144356955381	0.196850393701	0.209973753281	0.238845144357	0.225721784777	0.160104986877	0.157480314961	0.191601049869	0.249343832021	0.0	0.225721784777	0.223097112861	0.194225721785	0.196850393701	0.202099737533	0.0892388451444	0.0839895013123	0.0761154855643
O2.UC44-1.snv.bam	0.251968503937	0.188976377953	0.196850393701	0.181102362205	0.230971128609	0.241469816273	0.191601049869	0.202099737533	0.194225721785	0.230971128609	0.209973753281	0.212598425197	0.225721784777	0.217847769029	0.217847769029	0.207349081365	0.215223097113	0.228346456693	0.194225721785	0.236220472441	0.217847769029	0.233595800525	0.178477690289	0.215223097113	0.249343832021	0.181102362205	0.223097112861	0.220472440945	0.194225721785	0.212598425197	0.228346456693	0.225721784777	0.207349081365	0.257217847769	0.228346456693	0.191601049869	0.217847769029	0.204724409449	0.225721784777	0.0	0.0	0.209973753281	0.170603674541	0.223097112861	0.230971128609	0.225721784777	0.223097112861
O2.UC44-2.snv.bam	0.249343832021	0.186351706037	0.194225721785	0.175853018373	0.228346456693	0.238845144357	0.188976377953	0.199475065617	0.188976377953	0.228346456693	0.207349081365	0.209973753281	0.223097112861	0.215223097113	0.215223097113	0.204724409449	0.212598425197	0.225721784777	0.194225721785	0.236220472441	0.212598425197	0.230971128609	0.175853018373	0.212598425197	0.246719160105	0.175853018373	0.220472440945	0.217847769029	0.191601049869	0.207349081365	0.225721784777	0.220472440945	0.207349081365	0.251968503937	0.225721784777	0.191601049869	0.217847769029	0.202099737533	0.223097112861	0.0	0.0	0.207349081365	0.167979002625	0.217847769029	0.228346456693	0.223097112861	0.220472440945
V1.CD22-0.snv.bam	0.199475065617	0.194225721785	0.170603674541	0.0918635170604	0.181102362205	0.215223097113	0.167979002625	0.136482939633	0.202099737533	0.217847769029	0.183727034121	0.186351706037	0.204724409449	0.238845144357	0.238845144357	0.233595800525	0.238845144357	0.165354330709	0.165354330709	0.220472440945	0.186351706037	0.257217847769	0.186351706037	0.194225721785	0.238845144357	0.223097112861	0.196850393701	0.183727034121	0.186351706037	0.186351706037	0.204724409449	0.162729658793	0.170603674541	0.215223097113	0.212598425197	0.186351706037	0.120734908136	0.175853018373	0.194225721785	0.209973753281	0.207349081365	0.0	0.149606299213	0.217847769029	0.183727034121	0.191601049869	0.188976377953
V1.CD6-0-PN.snv.bam	0.212598425197	0.212598425197	0.188976377953	0.149606299213	0.152230971129	0.149606299213	0.181102362205	0.175853018373	0.186351706037	0.186351706037	0.204724409449	0.204724409449	0.123359580052	0.157480314961	0.157480314961	0.149606299213	0.154855643045	0.204724409449	0.144356955381	0.202099737533	0.194225721785	0.191601049869	0.196850393701	0.207349081365	0.215223097113	0.183727034121	0.204724409449	0.196850393701	0.183727034121	0.194225721785	0.207349081365	0.170603674541	0.225721784777	0.212598425197	0.183727034121	0.183727034121	0.162729658793	0.188976377953	0.196850393701	0.170603674541	0.167979002625	0.149606299213	0.0	0.199475065617	0.212598425197	0.212598425197	0.212598425197
V1.FI15.snv.bam	0.196850393701	0.191601049869	0.183727034121	0.154855643045	0.212598425197	0.217847769029	0.144356955381	0.223097112861	0.230971128609	0.131233595801	0.146981627297	0.146981627297	0.186351706037	0.230971128609	0.230971128609	0.225721784777	0.228346456693	0.141732283465	0.144356955381	0.202099737533	0.230971128609	0.241469816273	0.207349081365	0.175853018373	0.236220472441	0.178477690289	0.167979002625	0.217847769029	0.186351706037	0.215223097113	0.202099737533	0.196850393701	0.230971128609	0.217847769029	0.236220472441	0.194225721785	0.220472440945	0.175853018373	0.202099737533	0.223097112861	0.217847769029	0.217847769029	0.199475065617	0.0	0.217847769029	0.191601049869	0.194225721785
V1.UC40-1.snv.bam	0.215223097113	0.199475065617	0.186351706037	0.162729658793	0.228346456693	0.230971128609	0.165354330709	0.136482939633	0.0997375328084	0.199475065617	0.233595800525	0.233595800525	0.204724409449	0.170603674541	0.170603674541	0.167979002625	0.170603674541	0.233595800525	0.194225721785	0.194225721785	0.102362204724	0.191601049869	0.188976377953	0.236220472441	0.238845144357	0.207349081365	0.238845144357	0.199475065617	0.223097112861	0.139107611549	0.154855643045	0.215223097113	0.238845144357	0.241469816273	0.175853018373	0.186351706037	0.186351706037	0.238845144357	0.0892388451444	0.230971128609	0.228346456693	0.183727034121	0.212598425197	0.217847769029	0.0	0.11811023622	0.110236220472
V1.UC48-0.snv.bam	0.181102362205	0.191601049869	0.170603674541	0.175853018373	0.220472440945	0.220472440945	0.136482939633	0.133858267717	0.165354330709	0.175853018373	0.207349081365	0.207349081365	0.199475065617	0.167979002625	0.167979002625	0.167979002625	0.167979002625	0.207349081365	0.173228346457	0.188976377953	0.173228346457	0.170603674541	0.207349081365	0.209973753281	0.207349081365	0.223097112861	0.191601049869	0.181102362205	0.181102362205	0.146981627297	0.165354330709	0.202099737533	0.220472440945	0.202099737533	0.188976377953	0.146981627297	0.194225721785	0.188976377953	0.0839895013123	0.225721784777	0.223097112861	0.191601049869	0.212598425197	0.191601049869	0.11811023622	0.0	0.0
V1.UC49-0.snv.bam	0.188976377953	0.191601049869	0.167979002625	0.175853018373	0.217847769029	0.220472440945	0.139107611549	0.125984251969	0.160104986877	0.178477690289	0.202099737533	0.202099737533	0.199475065617	0.162729658793	0.162729658793	0.160104986877	0.162729658793	0.202099737533	0.181102362205	0.183727034121	0.167979002625	0.167979002625	0.207349081365	0.209973753281	0.199475065617	0.223097112861	0.196850393701	0.178477690289	0.188976377953	0.141732283465	0.167979002625	0.196850393701	0.215223097113	0.207349081365	0.183727034121	0.149606299213	0.196850393701	0.196850393701	0.0761154855643	0.223097112861	0.220472440945	0.188976377953	0.212598425197	0.194225721785	0.110236220472	0.0	0.0
