	158499257-stool1.snv.bam	823052294-stool1.snv.bam	CCIS07277498ST-4-0.snv.bam	CCIS16383318ST-4-0.snv.bam	CCIS29688262ST-20-0.snv.bam	CCIS77252613ST-4-0.snv.bam	CCIS88317640ST-4-0.snv.bam	CCMD14479708ST-21-0.snv.bam	CCMD48236717ST-21-0.snv.bam	M4.1-V3.metaG.snv.bam	M4.1-V3.metaT.snv.bam	M4.2-V2.metaG.snv.bam	M4.2-V3.metaT.snv.bam	M4.3-V1.metaG.snv.bam	M4.4-V1.metaG.snv.bam	M4.5-V3.metaT.snv.bam	M4.6-V2.metaT.snv.bam	MH0220.snv.bam	MH0245.snv.bam	MH0246.snv.bam	MH0318.snv.bam	MH0330.snv.bam	MH0348.snv.bam	MH0450.snv.bam	MMRS64281551ST-27-0-0.snv.bam	NG-5636_395.snv.bam	NG-5636_457.snv.bam	NG-5636_479.snv.bam	NG-5636_59.snv.bam	O2.UC12-1.snv.bam	O2.UC17-1.snv.bam	O2.UC24-1.snv.bam	O2.UC50-0.snv.bam	O2.UC50-2.snv.bam	O2.UC53-0.snv.bam	SAMEA3136637.snv.bam	SAMEA3136673.snv.bam	SAMEA3136696.snv.bam	SAMEA3136698.snv.bam	SAMEA3136708.snv.bam	SAMEA3136747.snv.bam	SAMEA3136750.snv.bam	SAMEA3136759.snv.bam	V1.CD44-0.snv.bam	V1.CD6-0-PN.snv.bam	V1.CD6-0-PT.snv.bam	V1.FI12.snv.bam	V1.FI20.snv.bam	V1.FI30.snv.bam	V1.UC11-5.snv.bam	V1.UC35-4.snv.bam	V1.UC41-0.snv.bam	V1.UC53-0.snv.bam	V1.UC58-0.snv.bam
158499257-stool1.snv.bam	0.0	0.0240549828179	0.192439862543	0.171821305842	0.0481099656357	0.221649484536	0.225085910653	0.171821305842	0.185567010309	0.190721649485	0.190721649485	0.190721649485	0.171821305842	0.189003436426	0.178694158076	0.185567010309	0.185567010309	0.166666666667	0.168384879725	0.0274914089347	0.185567010309	0.1735395189	0.0498281786942	0.223367697595	0.189003436426	0.164948453608	0.0412371134021	0.182130584192	0.187285223368	0.201030927835	0.230240549828	0.243986254296	0.214776632302	0.209621993127	0.213058419244	0.0292096219931	0.182130584192	0.180412371134	0.192439862543	0.192439862543	0.192439862543	0.199312714777	0.20618556701	0.187285223368	0.192439862543	0.216494845361	0.194158075601	0.178694158076	0.180412371134	0.0292096219931	0.0240549828179	0.199312714777	0.189003436426	0.182130584192
823052294-stool1.snv.bam	0.0240549828179	0.0	0.176975945017	0.156357388316	0.0515463917526	0.207903780069	0.216494845361	0.159793814433	0.170103092784	0.178694158076	0.178694158076	0.178694158076	0.16323024055	0.176975945017	0.166666666667	0.1735395189	0.1735395189	0.152920962199	0.156357388316	0.0292096219931	0.170103092784	0.159793814433	0.0481099656357	0.211340206186	0.175257731959	0.152920962199	0.0343642611684	0.170103092784	0.175257731959	0.185567010309	0.211340206186	0.22852233677	0.201030927835	0.19587628866	0.199312714777	0.03264604811	0.170103092784	0.159793814433	0.180412371134	0.176975945017	0.180412371134	0.183848797251	0.190721649485	0.175257731959	0.176975945017	0.201030927835	0.176975945017	0.166666666667	0.170103092784	0.020618556701	0.03264604811	0.183848797251	0.1735395189	0.168384879725
CCIS07277498ST-4-0.snv.bam	0.192439862543	0.176975945017	0.0	0.149484536082	0.19587628866	0.207903780069	0.183848797251	0.0601374570447	0.0945017182131	0.0841924398625	0.0841924398625	0.0841924398625	0.0773195876289	0.0841924398625	0.0790378006873	0.0824742268041	0.0807560137457	0.0790378006873	0.0704467353952	0.180412371134	0.0893470790378	0.0687285223368	0.178694158076	0.209621993127	0.13058419244	0.113402061856	0.180412371134	0.0996563573883	0.0841924398625	0.166666666667	0.207903780069	0.245704467354	0.1735395189	0.168384879725	0.175257731959	0.190721649485	0.0773195876289	0.166666666667	0.106529209622	0.0584192439863	0.116838487973	0.0979381443299	0.197594501718	0.164948453608	0.147766323024	0.202749140893	0.125429553265	0.106529209622	0.0841924398625	0.183848797251	0.190721649485	0.0927835051546	0.085910652921	0.154639175258
CCIS16383318ST-4-0.snv.bam	0.171821305842	0.156357388316	0.149484536082	0.0	0.176975945017	0.0996563573883	0.135738831615	0.147766323024	0.154639175258	0.164948453608	0.164948453608	0.164948453608	0.152920962199	0.164948453608	0.154639175258	0.158075601375	0.149484536082	0.144329896907	0.144329896907	0.158075601375	0.147766323024	0.16323024055	0.168384879725	0.1735395189	0.178694158076	0.144329896907	0.164948453608	0.152920962199	0.142611683849	0.0910652920962	0.123711340206	0.0807560137457	0.118556701031	0.115120274914	0.118556701031	0.168384879725	0.154639175258	0.0824742268041	0.164948453608	0.147766323024	0.166666666667	0.154639175258	0.0927835051546	0.113402061856	0.0567010309278	0.0927835051546	0.116838487973	0.132302405498	0.146048109966	0.159793814433	0.1735395189	0.16323024055	0.16323024055	0.0910652920962
CCIS29688262ST-20-0.snv.bam	0.0481099656357	0.0515463917526	0.19587628866	0.176975945017	0.0	0.225085910653	0.219931271478	0.171821305842	0.192439862543	0.194158075601	0.194158075601	0.194158075601	0.175257731959	0.192439862543	0.182130584192	0.189003436426	0.189003436426	0.166666666667	0.175257731959	0.0343642611684	0.192439862543	0.170103092784	0.0481099656357	0.230240549828	0.19587628866	0.161512027491	0.0378006872852	0.178694158076	0.194158075601	0.207903780069	0.240549828179	0.250859106529	0.225085910653	0.219931271478	0.223367697595	0.03264604811	0.178694158076	0.183848797251	0.199312714777	0.19587628866	0.189003436426	0.202749140893	0.20618556701	0.183848797251	0.19587628866	0.218213058419	0.201030927835	0.192439862543	0.180412371134	0.0463917525773	0.0446735395189	0.20618556701	0.19587628866	0.189003436426
CCIS77252613ST-4-0.snv.bam	0.221649484536	0.207903780069	0.207903780069	0.0996563573883	0.225085910653	0.0	0.171821305842	0.180412371134	0.202749140893	0.20618556701	0.20618556701	0.20618556701	0.19587628866	0.20618556701	0.197594501718	0.201030927835	0.194158075601	0.201030927835	0.19587628866	0.197594501718	0.20618556701	0.190721649485	0.19587628866	0.207903780069	0.223367697595	0.185567010309	0.20618556701	0.19587628866	0.185567010309	0.182130584192	0.214776632302	0.0945017182131	0.207903780069	0.204467353952	0.20618556701	0.216494845361	0.197594501718	0.0927835051546	0.211340206186	0.216494845361	0.201030927835	0.176975945017	0.175257731959	0.14089347079	0.0601374570447	0.0824742268041	0.187285223368	0.192439862543	0.194158075601	0.214776632302	0.223367697595	0.221649484536	0.204467353952	0.170103092784
CCIS88317640ST-4-0.snv.bam	0.225085910653	0.216494845361	0.183848797251	0.135738831615	0.219931271478	0.171821305842	0.0	0.180412371134	0.199312714777	0.194158075601	0.194158075601	0.194158075601	0.1735395189	0.192439862543	0.185567010309	0.187285223368	0.187285223368	0.178694158076	0.1735395189	0.201030927835	0.201030927835	0.182130584192	0.207903780069	0.147766323024	0.189003436426	0.187285223368	0.207903780069	0.19587628866	0.182130584192	0.202749140893	0.231958762887	0.183848797251	0.213058419244	0.207903780069	0.213058419244	0.214776632302	0.192439862543	0.128865979381	0.19587628866	0.183848797251	0.185567010309	0.20618556701	0.214776632302	0.154639175258	0.168384879725	0.171821305842	0.211340206186	0.189003436426	0.176975945017	0.218213058419	0.225085910653	0.204467353952	0.185567010309	0.189003436426
CCMD14479708ST-21-0.snv.bam	0.171821305842	0.159793814433	0.0601374570447	0.147766323024	0.171821305842	0.180412371134	0.180412371134	0.0	0.0962199312715	0.0876288659794	0.0876288659794	0.0876288659794	0.0807560137457	0.085910652921	0.0773195876289	0.085910652921	0.085910652921	0.085910652921	0.0721649484536	0.158075601375	0.073883161512	0.0618556701031	0.158075601375	0.201030927835	0.147766323024	0.109965635739	0.158075601375	0.101374570447	0.085910652921	0.161512027491	0.209621993127	0.225085910653	0.170103092784	0.164948453608	0.171821305842	0.166666666667	0.0584192439863	0.137457044674	0.103092783505	0.085910652921	0.0876288659794	0.0893470790378	0.182130584192	0.156357388316	0.125429553265	0.190721649485	0.128865979381	0.0807560137457	0.0618556701031	0.16323024055	0.166666666667	0.085910652921	0.0807560137457	0.147766323024
CCMD48236717ST-21-0.snv.bam	0.185567010309	0.170103092784	0.0945017182131	0.154639175258	0.192439862543	0.202749140893	0.199312714777	0.0962199312715	0.0	0.0704467353952	0.0704467353952	0.0704467353952	0.0652920962199	0.0704467353952	0.0687285223368	0.0704467353952	0.0652920962199	0.120274914089	0.0601374570447	0.1735395189	0.0652920962199	0.111683848797	0.170103092784	0.214776632302	0.166666666667	0.113402061856	0.1735395189	0.13058419244	0.085910652921	0.190721649485	0.226804123711	0.23883161512	0.209621993127	0.202749140893	0.211340206186	0.183848797251	0.0704467353952	0.158075601375	0.0841924398625	0.116838487973	0.118556701031	0.106529209622	0.20618556701	0.170103092784	0.1735395189	0.209621993127	0.171821305842	0.113402061856	0.125429553265	0.178694158076	0.187285223368	0.103092783505	0.0841924398625	0.171821305842
M4.1-V3.metaG.snv.bam	0.190721649485	0.178694158076	0.0841924398625	0.164948453608	0.194158075601	0.20618556701	0.194158075601	0.0876288659794	0.0704467353952	0.0	0.0	0.0	0.0	0.00171821305842	0.00171821305842	0.00171821305842	0.0	0.109965635739	0.0601374570447	0.176975945017	0.0962199312715	0.0876288659794	0.171821305842	0.219931271478	0.147766323024	0.121993127148	0.175257731959	0.115120274914	0.0687285223368	0.187285223368	0.235395189003	0.242268041237	0.190721649485	0.182130584192	0.192439862543	0.185567010309	0.0687285223368	0.156357388316	0.116838487973	0.0910652920962	0.0876288659794	0.121993127148	0.202749140893	0.166666666667	0.16323024055	0.209621993127	0.164948453608	0.118556701031	0.113402061856	0.180412371134	0.185567010309	0.115120274914	0.0996563573883	0.1735395189
M4.1-V3.metaT.snv.bam	0.190721649485	0.178694158076	0.0841924398625	0.164948453608	0.194158075601	0.20618556701	0.194158075601	0.0876288659794	0.0704467353952	0.0	0.0	0.0	0.0	0.00171821305842	0.00171821305842	0.00171821305842	0.0	0.109965635739	0.0584192439863	0.176975945017	0.0962199312715	0.0876288659794	0.171821305842	0.219931271478	0.147766323024	0.121993127148	0.175257731959	0.115120274914	0.0687285223368	0.187285223368	0.235395189003	0.240549828179	0.190721649485	0.182130584192	0.192439862543	0.185567010309	0.0687285223368	0.156357388316	0.116838487973	0.0893470790378	0.0876288659794	0.120274914089	0.202749140893	0.166666666667	0.16323024055	0.207903780069	0.164948453608	0.118556701031	0.113402061856	0.180412371134	0.185567010309	0.115120274914	0.0996563573883	0.1735395189
M4.2-V2.metaG.snv.bam	0.190721649485	0.178694158076	0.0841924398625	0.164948453608	0.194158075601	0.20618556701	0.194158075601	0.0876288659794	0.0704467353952	0.0	0.0	0.0	0.0	0.00171821305842	0.00171821305842	0.00171821305842	0.0	0.109965635739	0.0601374570447	0.176975945017	0.0962199312715	0.0876288659794	0.171821305842	0.219931271478	0.147766323024	0.121993127148	0.175257731959	0.115120274914	0.0687285223368	0.187285223368	0.235395189003	0.242268041237	0.190721649485	0.182130584192	0.192439862543	0.185567010309	0.0687285223368	0.156357388316	0.116838487973	0.0910652920962	0.0876288659794	0.121993127148	0.202749140893	0.166666666667	0.16323024055	0.209621993127	0.164948453608	0.118556701031	0.113402061856	0.180412371134	0.185567010309	0.115120274914	0.0996563573883	0.1735395189
M4.2-V3.metaT.snv.bam	0.171821305842	0.16323024055	0.0773195876289	0.152920962199	0.175257731959	0.19587628866	0.1735395189	0.0807560137457	0.0652920962199	0.0	0.0	0.0	0.0	0.00171821305842	0.00171821305842	0.00171821305842	0.0	0.0962199312715	0.0549828178694	0.159793814433	0.0893470790378	0.0756013745704	0.154639175258	0.202749140893	0.139175257732	0.109965635739	0.159793814433	0.104810996564	0.0618556701031	0.171821305842	0.219931271478	0.22852233677	0.178694158076	0.170103092784	0.180412371134	0.170103092784	0.0635738831615	0.149484536082	0.106529209622	0.0773195876289	0.0790378006873	0.109965635739	0.190721649485	0.151202749141	0.151202749141	0.199312714777	0.154639175258	0.10824742268	0.104810996564	0.16323024055	0.168384879725	0.101374570447	0.0910652920962	0.16323024055
M4.3-V1.metaG.snv.bam	0.189003436426	0.176975945017	0.0841924398625	0.164948453608	0.192439862543	0.20618556701	0.192439862543	0.085910652921	0.0704467353952	0.00171821305842	0.00171821305842	0.00171821305842	0.00171821305842	0.0	0.0	0.0	0.00171821305842	0.106529209622	0.0584192439863	0.175257731959	0.0910652920962	0.0876288659794	0.170103092784	0.219931271478	0.146048109966	0.120274914089	0.1735395189	0.113402061856	0.0670103092784	0.187285223368	0.233676975945	0.242268041237	0.190721649485	0.182130584192	0.192439862543	0.183848797251	0.0687285223368	0.154639175258	0.113402061856	0.0910652920962	0.085910652921	0.121993127148	0.202749140893	0.166666666667	0.16323024055	0.211340206186	0.164948453608	0.116838487973	0.111683848797	0.178694158076	0.183848797251	0.115120274914	0.0979381443299	0.1735395189
M4.4-V1.metaG.snv.bam	0.178694158076	0.166666666667	0.0790378006873	0.154639175258	0.182130584192	0.197594501718	0.185567010309	0.0773195876289	0.0687285223368	0.00171821305842	0.00171821305842	0.00171821305842	0.00171821305842	0.0	0.0	0.0	0.00171821305842	0.0979381443299	0.053264604811	0.164948453608	0.085910652921	0.0824742268041	0.161512027491	0.211340206186	0.137457044674	0.109965635739	0.16323024055	0.104810996564	0.0618556701031	0.180412371134	0.225085910653	0.233676975945	0.182130584192	0.1735395189	0.183848797251	0.1735395189	0.0670103092784	0.146048109966	0.10824742268	0.085910652921	0.0773195876289	0.113402061856	0.19587628866	0.158075601375	0.154639175258	0.204467353952	0.158075601375	0.10824742268	0.103092783505	0.168384879725	0.1735395189	0.109965635739	0.0893470790378	0.164948453608
M4.5-V3.metaT.snv.bam	0.185567010309	0.1735395189	0.0824742268041	0.158075601375	0.189003436426	0.201030927835	0.187285223368	0.085910652921	0.0704467353952	0.00171821305842	0.00171821305842	0.00171821305842	0.00171821305842	0.0	0.0	0.0	0.00171821305842	0.0996563573883	0.0601374570447	0.171821305842	0.0945017182131	0.0790378006873	0.168384879725	0.213058419244	0.139175257732	0.118556701031	0.170103092784	0.111683848797	0.0652920962199	0.178694158076	0.225085910653	0.23883161512	0.182130584192	0.1735395189	0.183848797251	0.180412371134	0.0687285223368	0.158075601375	0.106529209622	0.0876288659794	0.085910652921	0.113402061856	0.19587628866	0.16323024055	0.156357388316	0.209621993127	0.161512027491	0.111683848797	0.111683848797	0.175257731959	0.180412371134	0.111683848797	0.0979381443299	0.166666666667
M4.6-V2.metaT.snv.bam	0.185567010309	0.1735395189	0.0807560137457	0.149484536082	0.189003436426	0.194158075601	0.187285223368	0.085910652921	0.0652920962199	0.0	0.0	0.0	0.0	0.00171821305842	0.00171821305842	0.00171821305842	0.0	0.106529209622	0.0567010309278	0.171821305842	0.0910652920962	0.0841924398625	0.164948453608	0.218213058419	0.144329896907	0.115120274914	0.170103092784	0.109965635739	0.0652920962199	0.182130584192	0.231958762887	0.237113402062	0.189003436426	0.180412371134	0.190721649485	0.180412371134	0.0635738831615	0.149484536082	0.111683848797	0.0876288659794	0.0841924398625	0.115120274914	0.199312714777	0.164948453608	0.154639175258	0.207903780069	0.161512027491	0.113402061856	0.109965635739	0.175257731959	0.180412371134	0.109965635739	0.0962199312715	0.170103092784
MH0220.snv.bam	0.166666666667	0.152920962199	0.0790378006873	0.144329896907	0.166666666667	0.201030927835	0.178694158076	0.085910652921	0.120274914089	0.109965635739	0.109965635739	0.109965635739	0.0962199312715	0.106529209622	0.0979381443299	0.0996563573883	0.106529209622	0.0	0.0876288659794	0.156357388316	0.103092783505	0.0927835051546	0.149484536082	0.201030927835	0.0996563573883	0.103092783505	0.152920962199	0.101374570447	0.106529209622	0.159793814433	0.199312714777	0.233676975945	0.180412371134	0.175257731959	0.180412371134	0.16323024055	0.106529209622	0.147766323024	0.0945017182131	0.0876288659794	0.116838487973	0.0979381443299	0.19587628866	0.158075601375	0.144329896907	0.192439862543	0.134020618557	0.109965635739	0.113402061856	0.158075601375	0.166666666667	0.121993127148	0.0841924398625	0.149484536082
MH0245.snv.bam	0.168384879725	0.156357388316	0.0704467353952	0.144329896907	0.175257731959	0.19587628866	0.1735395189	0.0721649484536	0.0601374570447	0.0601374570447	0.0584192439863	0.0601374570447	0.0549828178694	0.0584192439863	0.053264604811	0.0601374570447	0.0567010309278	0.0876288659794	0.0	0.158075601375	0.0670103092784	0.0910652920962	0.158075601375	0.199312714777	0.13058419244	0.0962199312715	0.158075601375	0.085910652921	0.053264604811	0.176975945017	0.209621993127	0.233676975945	0.185567010309	0.178694158076	0.187285223368	0.166666666667	0.0721649484536	0.149484536082	0.073883161512	0.0841924398625	0.0876288659794	0.104810996564	0.189003436426	0.158075601375	0.158075601375	0.202749140893	0.139175257732	0.0910652920962	0.0945017182131	0.161512027491	0.170103092784	0.106529209622	0.0962199312715	0.156357388316
MH0246.snv.bam	0.0274914089347	0.0292096219931	0.180412371134	0.158075601375	0.0343642611684	0.197594501718	0.201030927835	0.158075601375	0.1735395189	0.176975945017	0.176975945017	0.176975945017	0.159793814433	0.175257731959	0.164948453608	0.171821305842	0.171821305842	0.156357388316	0.158075601375	0.0	0.178694158076	0.159793814433	0.0309278350515	0.20618556701	0.178694158076	0.149484536082	0.0154639175258	0.166666666667	0.1735395189	0.192439862543	0.219931271478	0.225085910653	0.204467353952	0.199312714777	0.202749140893	0.0223367697595	0.164948453608	0.156357388316	0.183848797251	0.182130584192	0.176975945017	0.187285223368	0.190721649485	0.168384879725	0.182130584192	0.199312714777	0.183848797251	0.168384879725	0.170103092784	0.0223367697595	0.0223367697595	0.189003436426	0.175257731959	0.171821305842
MH0318.snv.bam	0.185567010309	0.170103092784	0.0893470790378	0.147766323024	0.192439862543	0.20618556701	0.201030927835	0.073883161512	0.0652920962199	0.0962199312715	0.0962199312715	0.0962199312715	0.0893470790378	0.0910652920962	0.085910652921	0.0945017182131	0.0910652920962	0.103092783505	0.0670103092784	0.178694158076	0.0	0.0927835051546	0.176975945017	0.213058419244	0.168384879725	0.109965635739	0.178694158076	0.115120274914	0.0824742268041	0.178694158076	0.214776632302	0.23883161512	0.194158075601	0.185567010309	0.19587628866	0.187285223368	0.0652920962199	0.152920962199	0.0481099656357	0.10824742268	0.109965635739	0.0876288659794	0.199312714777	0.161512027491	0.164948453608	0.201030927835	0.135738831615	0.0996563573883	0.0927835051546	0.182130584192	0.190721649485	0.0927835051546	0.0893470790378	0.166666666667
MH0330.snv.bam	0.1735395189	0.159793814433	0.0687285223368	0.16323024055	0.170103092784	0.190721649485	0.182130584192	0.0618556701031	0.111683848797	0.0876288659794	0.0876288659794	0.0876288659794	0.0756013745704	0.0876288659794	0.0824742268041	0.0790378006873	0.0841924398625	0.0927835051546	0.0910652920962	0.159793814433	0.0927835051546	0.0	0.161512027491	0.211340206186	0.127147766323	0.135738831615	0.159793814433	0.127147766323	0.0945017182131	0.16323024055	0.199312714777	0.245704467354	0.175257731959	0.168384879725	0.176975945017	0.168384879725	0.0756013745704	0.152920962199	0.104810996564	0.0756013745704	0.103092783505	0.0979381443299	0.183848797251	0.142611683849	0.152920962199	0.20618556701	0.127147766323	0.103092783505	0.085910652921	0.16323024055	0.1735395189	0.0927835051546	0.0945017182131	0.152920962199
MH0348.snv.bam	0.0498281786942	0.0481099656357	0.178694158076	0.168384879725	0.0481099656357	0.19587628866	0.207903780069	0.158075601375	0.170103092784	0.171821305842	0.171821305842	0.171821305842	0.154639175258	0.170103092784	0.161512027491	0.168384879725	0.164948453608	0.149484536082	0.158075601375	0.0309278350515	0.176975945017	0.161512027491	0.0	0.204467353952	0.178694158076	0.144329896907	0.0395189003436	0.154639175258	0.168384879725	0.194158075601	0.225085910653	0.233676975945	0.211340206186	0.20618556701	0.209621993127	0.03264604811	0.161512027491	0.16323024055	0.183848797251	0.1735395189	0.176975945017	0.176975945017	0.207903780069	0.178694158076	0.1735395189	0.213058419244	0.185567010309	0.168384879725	0.170103092784	0.0378006872852	0.0395189003436	0.187285223368	0.1735395189	0.176975945017
MH0450.snv.bam	0.223367697595	0.211340206186	0.209621993127	0.1735395189	0.230240549828	0.207903780069	0.147766323024	0.201030927835	0.214776632302	0.219931271478	0.219931271478	0.219931271478	0.202749140893	0.219931271478	0.211340206186	0.213058419244	0.218213058419	0.201030927835	0.199312714777	0.20618556701	0.213058419244	0.211340206186	0.204467353952	0.0	0.204467353952	0.20618556701	0.211340206186	0.214776632302	0.211340206186	0.183848797251	0.190721649485	0.221649484536	0.202749140893	0.194158075601	0.202749140893	0.213058419244	0.221649484536	0.190721649485	0.214776632302	0.202749140893	0.221649484536	0.221649484536	0.20618556701	0.159793814433	0.164948453608	0.197594501718	0.183848797251	0.197594501718	0.20618556701	0.216494845361	0.223367697595	0.223367697595	0.219931271478	0.175257731959
MMRS64281551ST-27-0-0.snv.bam	0.189003436426	0.175257731959	0.13058419244	0.178694158076	0.19587628866	0.223367697595	0.189003436426	0.147766323024	0.166666666667	0.147766323024	0.147766323024	0.147766323024	0.139175257732	0.146048109966	0.137457044674	0.139175257732	0.144329896907	0.0996563573883	0.13058419244	0.178694158076	0.168384879725	0.127147766323	0.178694158076	0.204467353952	0.0	0.14089347079	0.178694158076	0.146048109966	0.151202749141	0.192439862543	0.202749140893	0.259450171821	0.194158075601	0.189003436426	0.194158075601	0.187285223368	0.156357388316	0.180412371134	0.147766323024	0.14089347079	0.152920962199	0.159793814433	0.201030927835	0.1735395189	0.1735395189	0.219931271478	0.166666666667	0.164948453608	0.14089347079	0.182130584192	0.189003436426	0.178694158076	0.139175257732	0.161512027491
NG-5636_395.snv.bam	0.164948453608	0.152920962199	0.113402061856	0.144329896907	0.161512027491	0.185567010309	0.187285223368	0.109965635739	0.113402061856	0.121993127148	0.121993127148	0.121993127148	0.109965635739	0.120274914089	0.109965635739	0.118556701031	0.115120274914	0.103092783505	0.0962199312715	0.149484536082	0.109965635739	0.135738831615	0.144329896907	0.20618556701	0.14089347079	0.0	0.149484536082	0.0567010309278	0.125429553265	0.1735395189	0.209621993127	0.231958762887	0.176975945017	0.171821305842	0.176975945017	0.159793814433	0.109965635739	0.158075601375	0.115120274914	0.123711340206	0.111683848797	0.118556701031	0.194158075601	0.161512027491	0.14089347079	0.204467353952	0.154639175258	0.123711340206	0.135738831615	0.159793814433	0.16323024055	0.132302405498	0.137457044674	0.154639175258
NG-5636_457.snv.bam	0.0412371134021	0.0343642611684	0.180412371134	0.164948453608	0.0378006872852	0.20618556701	0.207903780069	0.158075601375	0.1735395189	0.175257731959	0.175257731959	0.175257731959	0.159793814433	0.1735395189	0.16323024055	0.170103092784	0.170103092784	0.152920962199	0.158075601375	0.0154639175258	0.178694158076	0.159793814433	0.0395189003436	0.211340206186	0.178694158076	0.149484536082	0.0	0.166666666667	0.1735395189	0.192439862543	0.221649484536	0.231958762887	0.209621993127	0.204467353952	0.207903780069	0.0189003436426	0.164948453608	0.16323024055	0.182130584192	0.182130584192	0.175257731959	0.190721649485	0.19587628866	0.1735395189	0.182130584192	0.20618556701	0.183848797251	0.170103092784	0.166666666667	0.0257731958763	0.0343642611684	0.190721649485	0.175257731959	0.176975945017
NG-5636_479.snv.bam	0.182130584192	0.170103092784	0.0996563573883	0.152920962199	0.178694158076	0.19587628866	0.19587628866	0.101374570447	0.13058419244	0.115120274914	0.115120274914	0.115120274914	0.104810996564	0.113402061856	0.104810996564	0.111683848797	0.109965635739	0.101374570447	0.085910652921	0.166666666667	0.115120274914	0.127147766323	0.154639175258	0.214776632302	0.146048109966	0.0567010309278	0.166666666667	0.0	0.101374570447	0.189003436426	0.219931271478	0.235395189003	0.197594501718	0.192439862543	0.197594501718	0.176975945017	0.116838487973	0.170103092784	0.123711340206	0.120274914089	0.113402061856	0.123711340206	0.201030927835	0.164948453608	0.159793814433	0.214776632302	0.158075601375	0.13058419244	0.116838487973	0.175257731959	0.183848797251	0.137457044674	0.132302405498	0.171821305842
NG-5636_59.snv.bam	0.187285223368	0.175257731959	0.0841924398625	0.142611683849	0.194158075601	0.185567010309	0.182130584192	0.085910652921	0.085910652921	0.0687285223368	0.0687285223368	0.0687285223368	0.0618556701031	0.0670103092784	0.0618556701031	0.0652920962199	0.0652920962199	0.106529209622	0.053264604811	0.1735395189	0.0824742268041	0.0945017182131	0.168384879725	0.211340206186	0.151202749141	0.125429553265	0.1735395189	0.101374570447	0.0	0.166666666667	0.201030927835	0.223367697595	0.187285223368	0.180412371134	0.189003436426	0.182130584192	0.0876288659794	0.146048109966	0.101374570447	0.0979381443299	0.0979381443299	0.118556701031	0.178694158076	0.152920962199	0.149484536082	0.20618556701	0.135738831615	0.111683848797	0.10824742268	0.176975945017	0.185567010309	0.127147766323	0.103092783505	0.151202749141
O2.UC12-1.snv.bam	0.201030927835	0.185567010309	0.166666666667	0.0910652920962	0.207903780069	0.182130584192	0.202749140893	0.161512027491	0.190721649485	0.187285223368	0.187285223368	0.187285223368	0.171821305842	0.187285223368	0.180412371134	0.178694158076	0.182130584192	0.159793814433	0.176975945017	0.192439862543	0.178694158076	0.16323024055	0.194158075601	0.183848797251	0.192439862543	0.1735395189	0.192439862543	0.189003436426	0.166666666667	0.0	0.104810996564	0.221649484536	0.0807560137457	0.0773195876289	0.0824742268041	0.197594501718	0.176975945017	0.175257731959	0.197594501718	0.164948453608	0.189003436426	0.180412371134	0.0807560137457	0.161512027491	0.073883161512	0.204467353952	0.0927835051546	0.144329896907	0.166666666667	0.189003436426	0.201030927835	0.190721649485	0.189003436426	0.0652920962199
O2.UC17-1.snv.bam	0.230240549828	0.211340206186	0.207903780069	0.123711340206	0.240549828179	0.214776632302	0.231958762887	0.209621993127	0.226804123711	0.235395189003	0.235395189003	0.235395189003	0.219931271478	0.233676975945	0.225085910653	0.225085910653	0.231958762887	0.199312714777	0.209621993127	0.219931271478	0.214776632302	0.199312714777	0.225085910653	0.190721649485	0.202749140893	0.209621993127	0.221649484536	0.219931271478	0.201030927835	0.104810996564	0.0	0.242268041237	0.106529209622	0.106529209622	0.106529209622	0.225085910653	0.230240549828	0.204467353952	0.225085910653	0.209621993127	0.235395189003	0.216494845361	0.101374570447	0.183848797251	0.10824742268	0.211340206186	0.073883161512	0.19587628866	0.213058419244	0.219931271478	0.233676975945	0.230240549828	0.230240549828	0.0841924398625
O2.UC24-1.snv.bam	0.243986254296	0.22852233677	0.245704467354	0.0807560137457	0.250859106529	0.0945017182131	0.183848797251	0.225085910653	0.23883161512	0.242268041237	0.240549828179	0.242268041237	0.22852233677	0.242268041237	0.233676975945	0.23883161512	0.237113402062	0.233676975945	0.233676975945	0.225085910653	0.23883161512	0.245704467354	0.233676975945	0.221649484536	0.259450171821	0.231958762887	0.231958762887	0.235395189003	0.223367697595	0.221649484536	0.242268041237	0.0	0.233676975945	0.230240549828	0.231958762887	0.23883161512	0.242268041237	0.104810996564	0.252577319588	0.243986254296	0.245704467354	0.231958762887	0.211340206186	0.152920962199	0.0945017182131	0.0876288659794	0.226804123711	0.219931271478	0.231958762887	0.235395189003	0.245704467354	0.247422680412	0.247422680412	0.213058419244
O2.UC50-0.snv.bam	0.214776632302	0.201030927835	0.1735395189	0.118556701031	0.225085910653	0.207903780069	0.213058419244	0.170103092784	0.209621993127	0.190721649485	0.190721649485	0.190721649485	0.178694158076	0.190721649485	0.182130584192	0.182130584192	0.189003436426	0.180412371134	0.185567010309	0.204467353952	0.194158075601	0.175257731959	0.211340206186	0.202749140893	0.194158075601	0.176975945017	0.209621993127	0.197594501718	0.187285223368	0.0807560137457	0.106529209622	0.233676975945	0.0	0.0	0.0	0.213058419244	0.192439862543	0.19587628866	0.213058419244	0.171821305842	0.197594501718	0.209621993127	0.0876288659794	0.180412371134	0.0996563573883	0.219931271478	0.115120274914	0.161512027491	0.180412371134	0.207903780069	0.216494845361	0.199312714777	0.20618556701	0.0635738831615
O2.UC50-2.snv.bam	0.209621993127	0.19587628866	0.168384879725	0.115120274914	0.219931271478	0.204467353952	0.207903780069	0.164948453608	0.202749140893	0.182130584192	0.182130584192	0.182130584192	0.170103092784	0.182130584192	0.1735395189	0.1735395189	0.180412371134	0.175257731959	0.178694158076	0.199312714777	0.185567010309	0.168384879725	0.20618556701	0.194158075601	0.189003436426	0.171821305842	0.204467353952	0.192439862543	0.180412371134	0.0773195876289	0.106529209622	0.230240549828	0.0	0.0	0.0	0.207903780069	0.187285223368	0.194158075601	0.204467353952	0.166666666667	0.189003436426	0.204467353952	0.0876288659794	0.176975945017	0.0962199312715	0.218213058419	0.115120274914	0.156357388316	0.1735395189	0.202749140893	0.211340206186	0.194158075601	0.201030927835	0.0635738831615
O2.UC53-0.snv.bam	0.213058419244	0.199312714777	0.175257731959	0.118556701031	0.223367697595	0.20618556701	0.213058419244	0.171821305842	0.211340206186	0.192439862543	0.192439862543	0.192439862543	0.180412371134	0.192439862543	0.183848797251	0.183848797251	0.190721649485	0.180412371134	0.187285223368	0.202749140893	0.19587628866	0.176975945017	0.209621993127	0.202749140893	0.194158075601	0.176975945017	0.207903780069	0.197594501718	0.189003436426	0.0824742268041	0.106529209622	0.231958762887	0.0	0.0	0.0	0.211340206186	0.194158075601	0.19587628866	0.214776632302	0.1735395189	0.199312714777	0.211340206186	0.0876288659794	0.180412371134	0.0979381443299	0.219931271478	0.116838487973	0.16323024055	0.182130584192	0.20618556701	0.214776632302	0.201030927835	0.207903780069	0.0635738831615
SAMEA3136637.snv.bam	0.0292096219931	0.03264604811	0.190721649485	0.168384879725	0.03264604811	0.216494845361	0.214776632302	0.166666666667	0.183848797251	0.185567010309	0.185567010309	0.185567010309	0.170103092784	0.183848797251	0.1735395189	0.180412371134	0.180412371134	0.16323024055	0.166666666667	0.0223367697595	0.187285223368	0.168384879725	0.03264604811	0.213058419244	0.187285223368	0.159793814433	0.0189003436426	0.176975945017	0.182130584192	0.197594501718	0.225085910653	0.23883161512	0.213058419244	0.207903780069	0.211340206186	0.0	0.176975945017	0.166666666667	0.194158075601	0.187285223368	0.187285223368	0.201030927835	0.199312714777	0.178694158076	0.185567010309	0.209621993127	0.192439862543	0.1735395189	0.175257731959	0.020618556701	0.0240549828179	0.197594501718	0.187285223368	0.178694158076
SAMEA3136673.snv.bam	0.182130584192	0.170103092784	0.0773195876289	0.154639175258	0.178694158076	0.197594501718	0.192439862543	0.0584192439863	0.0704467353952	0.0687285223368	0.0687285223368	0.0687285223368	0.0635738831615	0.0687285223368	0.0670103092784	0.0687285223368	0.0635738831615	0.106529209622	0.0721649484536	0.164948453608	0.0652920962199	0.0756013745704	0.161512027491	0.221649484536	0.156357388316	0.109965635739	0.164948453608	0.116838487973	0.0876288659794	0.176975945017	0.230240549828	0.242268041237	0.192439862543	0.187285223368	0.194158075601	0.176975945017	0.0	0.151202749141	0.0876288659794	0.0876288659794	0.101374570447	0.101374570447	0.197594501718	0.16323024055	0.159793814433	0.207903780069	0.146048109966	0.0824742268041	0.0910652920962	0.171821305842	0.176975945017	0.0704467353952	0.106529209622	0.168384879725
SAMEA3136696.snv.bam	0.180412371134	0.159793814433	0.166666666667	0.0824742268041	0.183848797251	0.0927835051546	0.128865979381	0.137457044674	0.158075601375	0.156357388316	0.156357388316	0.156357388316	0.149484536082	0.154639175258	0.146048109966	0.158075601375	0.149484536082	0.147766323024	0.149484536082	0.156357388316	0.152920962199	0.152920962199	0.16323024055	0.190721649485	0.180412371134	0.158075601375	0.16323024055	0.170103092784	0.146048109966	0.175257731959	0.204467353952	0.104810996564	0.19587628866	0.194158075601	0.19587628866	0.166666666667	0.151202749141	0.0	0.166666666667	0.164948453608	0.147766323024	0.156357388316	0.170103092784	0.14089347079	0.0962199312715	0.0979381443299	0.183848797251	0.142611683849	0.156357388316	0.161512027491	0.176975945017	0.168384879725	0.154639175258	0.158075601375
SAMEA3136698.snv.bam	0.192439862543	0.180412371134	0.106529209622	0.164948453608	0.199312714777	0.211340206186	0.19587628866	0.103092783505	0.0841924398625	0.116838487973	0.116838487973	0.116838487973	0.106529209622	0.113402061856	0.10824742268	0.106529209622	0.111683848797	0.0945017182131	0.073883161512	0.183848797251	0.0481099656357	0.104810996564	0.183848797251	0.214776632302	0.147766323024	0.115120274914	0.182130584192	0.123711340206	0.101374570447	0.197594501718	0.225085910653	0.252577319588	0.213058419244	0.204467353952	0.214776632302	0.194158075601	0.0876288659794	0.166666666667	0.0	0.118556701031	0.125429553265	0.0945017182131	0.216494845361	0.168384879725	0.185567010309	0.19587628866	0.156357388316	0.104810996564	0.115120274914	0.189003436426	0.199312714777	0.109965635739	0.109965635739	0.182130584192
SAMEA3136708.snv.bam	0.192439862543	0.176975945017	0.0584192439863	0.147766323024	0.19587628866	0.216494845361	0.183848797251	0.085910652921	0.116838487973	0.0910652920962	0.0893470790378	0.0910652920962	0.0773195876289	0.0910652920962	0.085910652921	0.0876288659794	0.0876288659794	0.0876288659794	0.0841924398625	0.182130584192	0.10824742268	0.0756013745704	0.1735395189	0.202749140893	0.14089347079	0.123711340206	0.182130584192	0.120274914089	0.0979381443299	0.164948453608	0.209621993127	0.243986254296	0.171821305842	0.166666666667	0.1735395189	0.187285223368	0.0876288659794	0.164948453608	0.118556701031	0.0	0.118556701031	0.113402061856	0.189003436426	0.16323024055	0.147766323024	0.204467353952	0.14089347079	0.106529209622	0.111683848797	0.182130584192	0.185567010309	0.0704467353952	0.10824742268	0.159793814433
SAMEA3136747.snv.bam	0.192439862543	0.180412371134	0.116838487973	0.166666666667	0.189003436426	0.201030927835	0.185567010309	0.0876288659794	0.118556701031	0.0876288659794	0.0876288659794	0.0876288659794	0.0790378006873	0.085910652921	0.0773195876289	0.085910652921	0.0841924398625	0.116838487973	0.0876288659794	0.176975945017	0.109965635739	0.103092783505	0.176975945017	0.221649484536	0.152920962199	0.111683848797	0.175257731959	0.113402061856	0.0979381443299	0.189003436426	0.235395189003	0.245704467354	0.197594501718	0.189003436426	0.199312714777	0.187285223368	0.101374570447	0.147766323024	0.125429553265	0.118556701031	0.0	0.115120274914	0.204467353952	0.168384879725	0.168384879725	0.213058419244	0.16323024055	0.115120274914	0.109965635739	0.182130584192	0.187285223368	0.142611683849	0.109965635739	0.175257731959
SAMEA3136750.snv.bam	0.199312714777	0.183848797251	0.0979381443299	0.154639175258	0.202749140893	0.176975945017	0.20618556701	0.0893470790378	0.106529209622	0.121993127148	0.120274914089	0.121993127148	0.109965635739	0.121993127148	0.113402061856	0.113402061856	0.115120274914	0.0979381443299	0.104810996564	0.187285223368	0.0876288659794	0.0979381443299	0.176975945017	0.221649484536	0.159793814433	0.118556701031	0.190721649485	0.123711340206	0.118556701031	0.180412371134	0.216494845361	0.231958762887	0.209621993127	0.204467353952	0.211340206186	0.201030927835	0.101374570447	0.156357388316	0.0945017182131	0.113402061856	0.115120274914	0.0	0.202749140893	0.164948453608	0.161512027491	0.197594501718	0.142611683849	0.123711340206	0.127147766323	0.19587628866	0.204467353952	0.106529209622	0.101374570447	0.175257731959
SAMEA3136759.snv.bam	0.20618556701	0.190721649485	0.197594501718	0.0927835051546	0.20618556701	0.175257731959	0.214776632302	0.182130584192	0.20618556701	0.202749140893	0.202749140893	0.202749140893	0.190721649485	0.202749140893	0.19587628866	0.19587628866	0.199312714777	0.19587628866	0.189003436426	0.190721649485	0.199312714777	0.183848797251	0.207903780069	0.20618556701	0.201030927835	0.194158075601	0.19587628866	0.201030927835	0.178694158076	0.0807560137457	0.101374570447	0.211340206186	0.0876288659794	0.0876288659794	0.0876288659794	0.199312714777	0.197594501718	0.170103092784	0.216494845361	0.189003436426	0.204467353952	0.202749140893	0.0	0.168384879725	0.0945017182131	0.202749140893	0.10824742268	0.168384879725	0.187285223368	0.19587628866	0.202749140893	0.211340206186	0.214776632302	0.0515463917526
V1.CD44-0.snv.bam	0.187285223368	0.175257731959	0.164948453608	0.113402061856	0.183848797251	0.14089347079	0.154639175258	0.156357388316	0.170103092784	0.166666666667	0.166666666667	0.166666666667	0.151202749141	0.166666666667	0.158075601375	0.16323024055	0.164948453608	0.158075601375	0.158075601375	0.168384879725	0.161512027491	0.142611683849	0.178694158076	0.159793814433	0.1735395189	0.161512027491	0.1735395189	0.164948453608	0.152920962199	0.161512027491	0.183848797251	0.152920962199	0.180412371134	0.176975945017	0.180412371134	0.178694158076	0.16323024055	0.14089347079	0.168384879725	0.16323024055	0.168384879725	0.164948453608	0.168384879725	0.0	0.127147766323	0.149484536082	0.16323024055	0.168384879725	0.159793814433	0.175257731959	0.189003436426	0.168384879725	0.178694158076	0.149484536082
V1.CD6-0-PN.snv.bam	0.192439862543	0.176975945017	0.147766323024	0.0567010309278	0.19587628866	0.0601374570447	0.168384879725	0.125429553265	0.1735395189	0.16323024055	0.16323024055	0.16323024055	0.151202749141	0.16323024055	0.154639175258	0.156357388316	0.154639175258	0.144329896907	0.158075601375	0.182130584192	0.164948453608	0.152920962199	0.1735395189	0.164948453608	0.1735395189	0.14089347079	0.182130584192	0.159793814433	0.149484536082	0.073883161512	0.10824742268	0.0945017182131	0.0996563573883	0.0962199312715	0.0979381443299	0.185567010309	0.159793814433	0.0962199312715	0.185567010309	0.147766323024	0.168384879725	0.161512027491	0.0945017182131	0.127147766323	0.0	0.0910652920962	0.104810996564	0.134020618557	0.152920962199	0.178694158076	0.187285223368	0.176975945017	0.1735395189	0.0876288659794
V1.CD6-0-PT.snv.bam	0.216494845361	0.201030927835	0.202749140893	0.0927835051546	0.218213058419	0.0824742268041	0.171821305842	0.190721649485	0.209621993127	0.209621993127	0.207903780069	0.209621993127	0.199312714777	0.211340206186	0.204467353952	0.209621993127	0.207903780069	0.192439862543	0.202749140893	0.199312714777	0.201030927835	0.20618556701	0.213058419244	0.197594501718	0.219931271478	0.204467353952	0.20618556701	0.214776632302	0.20618556701	0.204467353952	0.211340206186	0.0876288659794	0.219931271478	0.218213058419	0.219931271478	0.209621993127	0.207903780069	0.0979381443299	0.19587628866	0.204467353952	0.213058419244	0.197594501718	0.202749140893	0.149484536082	0.0910652920962	0.0	0.202749140893	0.189003436426	0.204467353952	0.207903780069	0.216494845361	0.214776632302	0.201030927835	0.199312714777
V1.FI12.snv.bam	0.194158075601	0.176975945017	0.125429553265	0.116838487973	0.201030927835	0.187285223368	0.211340206186	0.128865979381	0.171821305842	0.164948453608	0.164948453608	0.164948453608	0.154639175258	0.164948453608	0.158075601375	0.161512027491	0.161512027491	0.134020618557	0.139175257732	0.183848797251	0.135738831615	0.127147766323	0.185567010309	0.183848797251	0.166666666667	0.154639175258	0.183848797251	0.158075601375	0.135738831615	0.0927835051546	0.073883161512	0.226804123711	0.115120274914	0.115120274914	0.116838487973	0.192439862543	0.146048109966	0.183848797251	0.156357388316	0.14089347079	0.16323024055	0.142611683849	0.10824742268	0.16323024055	0.104810996564	0.202749140893	0.0	0.135738831615	0.132302405498	0.183848797251	0.19587628866	0.164948453608	0.158075601375	0.0893470790378
