	161554003-stool2.snv.bam	764487809-stool1.snv.bam	764487809-stool2.snv.bam	BYQ_AAAA.snv.bam	BYQ_AAAI.snv.bam	BYQ_AAAL.snv.bam	BYQ_AAAU.snv.bam	CCIS02856720ST-4-0.snv.bam	CCIS29210128ST-4-0.snv.bam	CCIS34604008ST-4-0.snv.bam	CCIS36699628ST-4-0.snv.bam	CCIS50148151ST-4-0.snv.bam	CCIS52234160ST-4-0.snv.bam	CCIS62794166ST-4-0.snv.bam	CCMD63399960ST-21-0.snv.bam	DLM018.snv.bam	MH0238.snv.bam	MH0293.snv.bam	MH0348.snv.bam	MH0360.snv.bam	MH0363.snv.bam	MH0378.snv.bam	MH0445.snv.bam	MH0447.snv.bam	N011A.snv.bam	NG-5636_422.snv.bam	O2.CD1-0.snv.bam	O2.UC1-1.snv.bam	O2.UC11-1.snv.bam	O2.UC15-1.snv.bam	O2.UC15-2.snv.bam	O2.UC18-1.snv.bam	O2.UC46-1.snv.bam	O2.UC50-0.snv.bam	O2.UC50-2.snv.bam	O2.UC53-0.snv.bam	O2.UC6-0.snv.bam	O2.UC6-1.snv.bam	O2.UC6-2.snv.bam	SAMEA3136683.snv.bam	SAMEA3136745.snv.bam	T2D-103A.snv.bam	V1.CD1-0-PN.snv.bam	V1.CD1-3-PN.snv.bam	V1.CD19-0.snv.bam	V1.CD20-4.snv.bam	V1.CD22-0.snv.bam	V1.CD37-4.snv.bam	V1.CD42-0.snv.bam	V1.CD43-0.snv.bam	V1.CD51-0.snv.bam	V1.CD8-0-PN.snv.bam	V1.FI07.snv.bam	V1.FI10.snv.bam	V1.FI11.snv.bam	V1.FI12.snv.bam	V1.FI24.snv.bam	V1.FI30.snv.bam	V1.UC26-4.snv.bam	V1.UC49-0.snv.bam	V1.UC51-4.snv.bam	V1.UC54-0.snv.bam	V1.UC54-4.snv.bam	V1.UC55-4.snv.bam	V1.UC63-0.snv.bam
161554003-stool2.snv.bam	0.0	0.196116504854	0.196116504854	0.174757281553	0.157281553398	0.184466019417	0.182524271845	0.052427184466	0.188349514563	0.180582524272	0.0446601941748	0.207766990291	0.172815533981	0.147572815534	0.18640776699	0.176699029126	0.188349514563	0.165048543689	0.205825242718	0.159223300971	0.201941747573	0.157281553398	0.198058252427	0.143689320388	0.205825242718	0.114563106796	0.207766990291	0.157281553398	0.215533980583	0.201941747573	0.209708737864	0.190291262136	0.190291262136	0.13786407767	0.135922330097	0.13786407767	0.153398058252	0.153398058252	0.153398058252	0.18640776699	0.188349514563	0.168932038835	0.188349514563	0.18640776699	0.182524271845	0.194174757282	0.163106796117	0.201941747573	0.149514563107	0.188349514563	0.172815533981	0.174757281553	0.203883495146	0.203883495146	0.201941747573	0.209708737864	0.190291262136	0.207766990291	0.114563106796	0.180582524272	0.165048543689	0.190291262136	0.190291262136	0.168932038835	0.2
764487809-stool1.snv.bam	0.196116504854	0.0	0.0	0.166990291262	0.145631067961	0.184466019417	0.182524271845	0.180582524272	0.174757281553	0.168932038835	0.157281553398	0.194174757282	0.166990291262	0.143689320388	0.188349514563	0.201941747573	0.161165048544	0.147572815534	0.174757281553	0.174757281553	0.190291262136	0.170873786408	0.176699029126	0.192233009709	0.174757281553	0.18640776699	0.209708737864	0.145631067961	0.203883495146	0.192233009709	0.196116504854	0.180582524272	0.190291262136	0.149514563107	0.147572815534	0.15145631068	0.163106796117	0.163106796117	0.163106796117	0.161165048544	0.141747572816	0.15145631068	0.184466019417	0.180582524272	0.180582524272	0.196116504854	0.159223300971	0.207766990291	0.168932038835	0.161165048544	0.184466019417	0.178640776699	0.194174757282	0.194174757282	0.205825242718	0.209708737864	0.184466019417	0.192233009709	0.166990291262	0.188349514563	0.174757281553	0.190291262136	0.190291262136	0.159223300971	0.188349514563
764487809-stool2.snv.bam	0.196116504854	0.0	0.0	0.166990291262	0.145631067961	0.184466019417	0.182524271845	0.180582524272	0.174757281553	0.168932038835	0.157281553398	0.194174757282	0.166990291262	0.143689320388	0.188349514563	0.201941747573	0.161165048544	0.147572815534	0.174757281553	0.174757281553	0.190291262136	0.170873786408	0.176699029126	0.192233009709	0.174757281553	0.18640776699	0.209708737864	0.145631067961	0.203883495146	0.192233009709	0.196116504854	0.180582524272	0.190291262136	0.149514563107	0.147572815534	0.15145631068	0.163106796117	0.163106796117	0.163106796117	0.161165048544	0.141747572816	0.15145631068	0.184466019417	0.180582524272	0.180582524272	0.196116504854	0.159223300971	0.207766990291	0.168932038835	0.161165048544	0.184466019417	0.178640776699	0.194174757282	0.194174757282	0.205825242718	0.209708737864	0.184466019417	0.192233009709	0.166990291262	0.188349514563	0.174757281553	0.190291262136	0.190291262136	0.159223300971	0.188349514563
BYQ_AAAA.snv.bam	0.174757281553	0.166990291262	0.166990291262	0.0	0.163106796117	0.0	0.0	0.178640776699	0.165048543689	0.143689320388	0.13786407767	0.188349514563	0.135922330097	0.126213592233	0.153398058252	0.147572815534	0.174757281553	0.159223300971	0.166990291262	0.126213592233	0.166990291262	0.166990291262	0.165048543689	0.172815533981	0.147572815534	0.147572815534	0.176699029126	0.149514563107	0.192233009709	0.188349514563	0.192233009709	0.184466019417	0.163106796117	0.135922330097	0.130097087379	0.135922330097	0.132038834951	0.132038834951	0.132038834951	0.15145631068	0.174757281553	0.128155339806	0.143689320388	0.139805825243	0.163106796117	0.203883495146	0.120388349515	0.174757281553	0.149514563107	0.165048543689	0.15145631068	0.176699029126	0.184466019417	0.18640776699	0.168932038835	0.178640776699	0.170873786408	0.190291262136	0.159223300971	0.176699029126	0.145631067961	0.163106796117	0.163106796117	0.132038834951	0.157281553398
BYQ_AAAI.snv.bam	0.157281553398	0.145631067961	0.145631067961	0.163106796117	0.0	0.172815533981	0.168932038835	0.176699029126	0.149514563107	0.155339805825	0.147572815534	0.182524271845	0.161165048544	0.132038834951	0.176699029126	0.168932038835	0.147572815534	0.170873786408	0.192233009709	0.157281553398	0.178640776699	0.155339805825	0.168932038835	0.159223300971	0.159223300971	0.149514563107	0.182524271845	0.13786407767	0.196116504854	0.182524271845	0.188349514563	0.176699029126	0.180582524272	0.133980582524	0.130097087379	0.135922330097	0.133980582524	0.133980582524	0.133980582524	0.147572815534	0.161165048544	0.139805825243	0.182524271845	0.178640776699	0.172815533981	0.188349514563	0.141747572816	0.178640776699	0.15145631068	0.166990291262	0.176699029126	0.18640776699	0.18640776699	0.182524271845	0.178640776699	0.184466019417	0.153398058252	0.182524271845	0.139805825243	0.165048543689	0.168932038835	0.180582524272	0.180582524272	0.159223300971	0.178640776699
BYQ_AAAL.snv.bam	0.184466019417	0.184466019417	0.184466019417	0.0	0.172815533981	0.0	0.0	0.188349514563	0.172815533981	0.15145631068	0.145631067961	0.203883495146	0.145631067961	0.135922330097	0.163106796117	0.157281553398	0.18640776699	0.165048543689	0.176699029126	0.139805825243	0.176699029126	0.180582524272	0.174757281553	0.180582524272	0.159223300971	0.155339805825	0.190291262136	0.165048543689	0.207766990291	0.203883495146	0.207766990291	0.192233009709	0.174757281553	0.145631067961	0.139805825243	0.145631067961	0.143689320388	0.143689320388	0.143689320388	0.157281553398	0.18640776699	0.139805825243	0.155339805825	0.15145631068	0.174757281553	0.219417475728	0.132038834951	0.18640776699	0.159223300971	0.180582524272	0.163106796117	0.182524271845	0.2	0.201941747573	0.180582524272	0.192233009709	0.180582524272	0.209708737864	0.166990291262	0.18640776699	0.157281553398	0.174757281553	0.174757281553	0.141747572816	0.159223300971
BYQ_AAAU.snv.bam	0.182524271845	0.182524271845	0.182524271845	0.0	0.168932038835	0.0	0.0	0.18640776699	0.170873786408	0.15145631068	0.145631067961	0.201941747573	0.143689320388	0.135922330097	0.163106796117	0.157281553398	0.18640776699	0.165048543689	0.176699029126	0.13786407767	0.174757281553	0.178640776699	0.170873786408	0.180582524272	0.155339805825	0.15145631068	0.190291262136	0.165048543689	0.205825242718	0.201941747573	0.205825242718	0.190291262136	0.174757281553	0.145631067961	0.139805825243	0.145631067961	0.139805825243	0.139805825243	0.139805825243	0.157281553398	0.18640776699	0.139805825243	0.155339805825	0.15145631068	0.174757281553	0.217475728155	0.132038834951	0.18640776699	0.159223300971	0.180582524272	0.161165048544	0.182524271845	0.198058252427	0.2	0.180582524272	0.192233009709	0.178640776699	0.207766990291	0.166990291262	0.182524271845	0.155339805825	0.174757281553	0.174757281553	0.141747572816	0.157281553398
CCIS02856720ST-4-0.snv.bam	0.052427184466	0.180582524272	0.180582524272	0.178640776699	0.176699029126	0.188349514563	0.18640776699	0.0	0.176699029126	0.188349514563	0.0	0.21359223301	0.176699029126	0.153398058252	0.201941747573	0.174757281553	0.188349514563	0.161165048544	0.205825242718	0.155339805825	0.190291262136	0.180582524272	0.198058252427	0.155339805825	0.2	0.120388349515	0.221359223301	0.166990291262	0.21359223301	0.207766990291	0.211650485437	0.190291262136	0.2	0.149514563107	0.147572815534	0.149514563107	0.157281553398	0.157281553398	0.157281553398	0.176699029126	0.194174757282	0.166990291262	0.188349514563	0.18640776699	0.196116504854	0.203883495146	0.172815533981	0.21359223301	0.163106796117	0.18640776699	0.176699029126	0.172815533981	0.205825242718	0.205825242718	0.215533980583	0.223300970874	0.18640776699	0.219417475728	0.135922330097	0.176699029126	0.166990291262	0.2	0.2	0.184466019417	0.203883495146
CCIS29210128ST-4-0.snv.bam	0.188349514563	0.174757281553	0.174757281553	0.165048543689	0.149514563107	0.172815533981	0.170873786408	0.176699029126	0.0	0.165048543689	0.145631067961	0.184466019417	0.166990291262	0.145631067961	0.145631067961	0.149514563107	0.184466019417	0.15145631068	0.139805825243	0.165048543689	0.188349514563	0.161165048544	0.180582524272	0.178640776699	0.184466019417	0.168932038835	0.217475728155	0.149514563107	0.188349514563	0.18640776699	0.188349514563	0.184466019417	0.166990291262	0.172815533981	0.166990291262	0.174757281553	0.174757281553	0.174757281553	0.174757281553	0.118446601942	0.170873786408	0.163106796117	0.182524271845	0.178640776699	0.180582524272	0.176699029126	0.12427184466	0.211650485437	0.182524271845	0.182524271845	0.178640776699	0.201941747573	0.180582524272	0.178640776699	0.211650485437	0.219417475728	0.182524271845	0.2	0.182524271845	0.0854368932039	0.170873786408	0.166990291262	0.166990291262	0.166990291262	0.203883495146
CCIS34604008ST-4-0.snv.bam	0.180582524272	0.168932038835	0.168932038835	0.143689320388	0.155339805825	0.15145631068	0.15145631068	0.188349514563	0.165048543689	0.0	0.159223300971	0.221359223301	0.153398058252	0.135922330097	0.188349514563	0.159223300971	0.180582524272	0.176699029126	0.176699029126	0.178640776699	0.192233009709	0.180582524272	0.176699029126	0.168932038835	0.161165048544	0.153398058252	0.165048543689	0.161165048544	0.225242718447	0.221359223301	0.225242718447	0.180582524272	0.180582524272	0.153398058252	0.147572815534	0.155339805825	0.149514563107	0.149514563107	0.149514563107	0.15145631068	0.196116504854	0.149514563107	0.176699029126	0.174757281553	0.184466019417	0.2	0.157281553398	0.159223300971	0.147572815534	0.180582524272	0.165048543689	0.166990291262	0.211650485437	0.219417475728	0.157281553398	0.165048543689	0.153398058252	0.207766990291	0.170873786408	0.188349514563	0.157281553398	0.180582524272	0.180582524272	0.118446601942	0.194174757282
CCIS36699628ST-4-0.snv.bam	0.0446601941748	0.157281553398	0.157281553398	0.13786407767	0.147572815534	0.145631067961	0.145631067961	0.0	0.145631067961	0.159223300971	0.0	0.170873786408	0.132038834951	0.122330097087	0.157281553398	0.133980582524	0.155339805825	0.13786407767	0.161165048544	0.122330097087	0.159223300971	0.149514563107	0.172815533981	0.135922330097	0.155339805825	0.095145631068	0.168932038835	0.15145631068	0.166990291262	0.165048543689	0.166990291262	0.15145631068	0.155339805825	0.112621359223	0.11067961165	0.112621359223	0.12427184466	0.12427184466	0.12427184466	0.145631067961	0.165048543689	0.130097087379	0.147572815534	0.147572815534	0.165048543689	0.168932038835	0.13786407767	0.161165048544	0.133980582524	0.157281553398	0.141747572816	0.132038834951	0.161165048544	0.163106796117	0.165048543689	0.170873786408	0.159223300971	0.192233009709	0.100970873786	0.149514563107	0.13786407767	0.155339805825	0.155339805825	0.145631067961	0.165048543689
CCIS50148151ST-4-0.snv.bam	0.207766990291	0.194174757282	0.194174757282	0.188349514563	0.182524271845	0.203883495146	0.201941747573	0.21359223301	0.184466019417	0.221359223301	0.170873786408	0.0	0.196116504854	0.192233009709	0.182524271845	0.2	0.203883495146	0.170873786408	0.184466019417	0.188349514563	0.215533980583	0.194174757282	0.201941747573	0.236893203883	0.209708737864	0.192233009709	0.215533980583	0.155339805825	0.0233009708738	0.0291262135922	0.031067961165	0.196116504854	0.180582524272	0.172815533981	0.170873786408	0.172815533981	0.2	0.2	0.2	0.174757281553	0.190291262136	0.182524271845	0.203883495146	0.198058252427	0.2	0.0699029126214	0.174757281553	0.211650485437	0.182524271845	0.184466019417	0.231067961165	0.221359223301	0.0174757281553	0.021359223301	0.209708737864	0.217475728155	0.188349514563	0.205825242718	0.196116504854	0.203883495146	0.223300970874	0.180582524272	0.178640776699	0.192233009709	0.217475728155
CCIS52234160ST-4-0.snv.bam	0.172815533981	0.166990291262	0.166990291262	0.135922330097	0.161165048544	0.145631067961	0.143689320388	0.176699029126	0.166990291262	0.153398058252	0.132038834951	0.196116504854	0.0	0.0834951456311	0.161165048544	0.166990291262	0.198058252427	0.168932038835	0.176699029126	0.157281553398	0.168932038835	0.184466019417	0.176699029126	0.161165048544	0.163106796117	0.141747572816	0.145631067961	0.141747572816	0.198058252427	0.188349514563	0.192233009709	0.18640776699	0.166990291262	0.13786407767	0.132038834951	0.13786407767	0.135922330097	0.135922330097	0.135922330097	0.143689320388	0.182524271845	0.166990291262	0.159223300971	0.155339805825	0.15145631068	0.203883495146	0.135922330097	0.143689320388	0.130097087379	0.184466019417	0.165048543689	0.170873786408	0.190291262136	0.190291262136	0.135922330097	0.147572815534	0.194174757282	0.194174757282	0.149514563107	0.18640776699	0.157281553398	0.166990291262	0.166990291262	0.126213592233	0.180582524272
CCIS62794166ST-4-0.snv.bam	0.147572815534	0.143689320388	0.143689320388	0.126213592233	0.132038834951	0.135922330097	0.135922330097	0.153398058252	0.145631067961	0.135922330097	0.122330097087	0.192233009709	0.0834951456311	0.0	0.141747572816	0.143689320388	0.15145631068	0.15145631068	0.174757281553	0.133980582524	0.166990291262	0.155339805825	0.153398058252	0.141747572816	0.149514563107	0.128155339806	0.135922330097	0.132038834951	0.2	0.184466019417	0.18640776699	0.166990291262	0.153398058252	0.116504854369	0.11067961165	0.116504854369	0.12427184466	0.12427184466	0.12427184466	0.116504854369	0.155339805825	0.122330097087	0.153398058252	0.149514563107	0.135922330097	0.190291262136	0.12427184466	0.132038834951	0.112621359223	0.153398058252	0.149514563107	0.145631067961	0.194174757282	0.192233009709	0.126213592233	0.135922330097	0.161165048544	0.176699029126	0.128155339806	0.159223300971	0.139805825243	0.153398058252	0.153398058252	0.112621359223	0.182524271845
CCMD63399960ST-21-0.snv.bam	0.18640776699	0.188349514563	0.188349514563	0.153398058252	0.176699029126	0.163106796117	0.163106796117	0.201941747573	0.145631067961	0.188349514563	0.157281553398	0.182524271845	0.161165048544	0.141747572816	0.0	0.178640776699	0.192233009709	0.180582524272	0.18640776699	0.166990291262	0.170873786408	0.196116504854	0.157281553398	0.2	0.184466019417	0.184466019417	0.223300970874	0.122330097087	0.190291262136	0.178640776699	0.182524271845	0.201941747573	0.178640776699	0.168932038835	0.163106796117	0.168932038835	0.176699029126	0.176699029126	0.176699029126	0.100970873786	0.196116504854	0.184466019417	0.172815533981	0.168932038835	0.147572815534	0.190291262136	0.116504854369	0.217475728155	0.180582524272	0.176699029126	0.188349514563	0.176699029126	0.180582524272	0.176699029126	0.21359223301	0.225242718447	0.178640776699	0.170873786408	0.190291262136	0.166990291262	0.182524271845	0.178640776699	0.178640776699	0.172815533981	0.194174757282
DLM018.snv.bam	0.176699029126	0.201941747573	0.201941747573	0.147572815534	0.168932038835	0.157281553398	0.157281553398	0.174757281553	0.149514563107	0.159223300971	0.133980582524	0.2	0.166990291262	0.143689320388	0.178640776699	0.0	0.184466019417	0.155339805825	0.18640776699	0.170873786408	0.194174757282	0.190291262136	0.176699029126	0.192233009709	0.174757281553	0.149514563107	0.203883495146	0.168932038835	0.207766990291	0.196116504854	0.201941747573	0.192233009709	0.180582524272	0.163106796117	0.159223300971	0.165048543689	0.161165048544	0.161165048544	0.161165048544	0.149514563107	0.207766990291	0.12427184466	0.174757281553	0.174757281553	0.201941747573	0.190291262136	0.163106796117	0.198058252427	0.172815533981	0.203883495146	0.192233009709	0.168932038835	0.198058252427	0.196116504854	0.194174757282	0.205825242718	0.168932038835	0.227184466019	0.176699029126	0.18640776699	0.184466019417	0.180582524272	0.180582524272	0.176699029126	0.215533980583
MH0238.snv.bam	0.188349514563	0.161165048544	0.161165048544	0.174757281553	0.147572815534	0.18640776699	0.18640776699	0.188349514563	0.184466019417	0.180582524272	0.155339805825	0.203883495146	0.198058252427	0.15145631068	0.192233009709	0.184466019417	0.0	0.176699029126	0.207766990291	0.184466019417	0.2	0.182524271845	0.165048543689	0.190291262136	0.130097087379	0.180582524272	0.209708737864	0.15145631068	0.205825242718	0.190291262136	0.196116504854	0.172815533981	0.192233009709	0.147572815534	0.143689320388	0.147572815534	0.155339805825	0.155339805825	0.155339805825	0.188349514563	0.178640776699	0.157281553398	0.182524271845	0.178640776699	0.207766990291	0.196116504854	0.153398058252	0.203883495146	0.184466019417	0.180582524272	0.178640776699	0.207766990291	0.198058252427	0.194174757282	0.203883495146	0.211650485437	0.165048543689	0.2	0.161165048544	0.194174757282	0.170873786408	0.192233009709	0.192233009709	0.168932038835	0.190291262136
MH0293.snv.bam	0.165048543689	0.147572815534	0.147572815534	0.159223300971	0.170873786408	0.165048543689	0.165048543689	0.161165048544	0.15145631068	0.176699029126	0.13786407767	0.170873786408	0.168932038835	0.15145631068	0.180582524272	0.155339805825	0.176699029126	0.0	0.168932038835	0.176699029126	0.180582524272	0.163106796117	0.159223300971	0.174757281553	0.182524271845	0.161165048544	0.211650485437	0.15145631068	0.176699029126	0.166990291262	0.168932038835	0.141747572816	0.157281553398	0.147572815534	0.143689320388	0.147572815534	0.159223300971	0.159223300971	0.159223300971	0.161165048544	0.163106796117	0.163106796117	0.147572815534	0.147572815534	0.176699029126	0.168932038835	0.168932038835	0.207766990291	0.166990291262	0.165048543689	0.174757281553	0.166990291262	0.166990291262	0.163106796117	0.203883495146	0.21359223301	0.178640776699	0.207766990291	0.161165048544	0.184466019417	0.163106796117	0.157281553398	0.157281553398	0.163106796117	0.182524271845
MH0348.snv.bam	0.205825242718	0.174757281553	0.174757281553	0.166990291262	0.192233009709	0.176699029126	0.176699029126	0.205825242718	0.139805825243	0.176699029126	0.161165048544	0.184466019417	0.176699029126	0.174757281553	0.18640776699	0.18640776699	0.207766990291	0.168932038835	0.0	0.180582524272	0.207766990291	0.182524271845	0.203883495146	0.207766990291	0.194174757282	0.174757281553	0.215533980583	0.174757281553	0.190291262136	0.184466019417	0.18640776699	0.194174757282	0.168932038835	0.165048543689	0.163106796117	0.165048543689	0.178640776699	0.178640776699	0.178640776699	0.174757281553	0.176699029126	0.155339805825	0.161165048544	0.157281553398	0.18640776699	0.201941747573	0.180582524272	0.21359223301	0.133980582524	0.174757281553	0.188349514563	0.21359223301	0.182524271845	0.176699029126	0.211650485437	0.215533980583	0.184466019417	0.225242718447	0.180582524272	0.166990291262	0.178640776699	0.168932038835	0.168932038835	0.165048543689	0.198058252427
MH0360.snv.bam	0.159223300971	0.174757281553	0.174757281553	0.126213592233	0.157281553398	0.139805825243	0.13786407767	0.155339805825	0.165048543689	0.178640776699	0.122330097087	0.188349514563	0.157281553398	0.133980582524	0.166990291262	0.170873786408	0.184466019417	0.176699029126	0.180582524272	0.0	0.15145631068	0.172815533981	0.180582524272	0.163106796117	0.147572815534	0.120388349515	0.188349514563	0.12427184466	0.192233009709	0.18640776699	0.190291262136	0.18640776699	0.170873786408	0.135922330097	0.133980582524	0.13786407767	0.12427184466	0.12427184466	0.12427184466	0.166990291262	0.149514563107	0.147572815534	0.176699029126	0.172815533981	0.163106796117	0.166990291262	0.147572815534	0.18640776699	0.161165048544	0.163106796117	0.165048543689	0.168932038835	0.182524271845	0.184466019417	0.184466019417	0.190291262136	0.178640776699	0.174757281553	0.159223300971	0.168932038835	0.159223300971	0.170873786408	0.170873786408	0.153398058252	0.190291262136
MH0363.snv.bam	0.201941747573	0.190291262136	0.190291262136	0.166990291262	0.178640776699	0.176699029126	0.174757281553	0.190291262136	0.188349514563	0.192233009709	0.159223300971	0.215533980583	0.168932038835	0.166990291262	0.170873786408	0.194174757282	0.2	0.180582524272	0.207766990291	0.15145631068	0.0	0.207766990291	0.180582524272	0.192233009709	0.174757281553	0.166990291262	0.203883495146	0.112621359223	0.219417475728	0.211650485437	0.217475728155	0.198058252427	0.18640776699	0.172815533981	0.168932038835	0.172815533981	0.139805825243	0.139805825243	0.139805825243	0.147572815534	0.180582524272	0.174757281553	0.176699029126	0.172815533981	0.170873786408	0.209708737864	0.182524271845	0.201941747573	0.188349514563	0.190291262136	0.188349514563	0.161165048544	0.209708737864	0.211650485437	0.2	0.205825242718	0.201941747573	0.163106796117	0.194174757282	0.188349514563	0.180582524272	0.18640776699	0.18640776699	0.188349514563	0.203883495146
MH0378.snv.bam	0.157281553398	0.170873786408	0.170873786408	0.166990291262	0.155339805825	0.180582524272	0.178640776699	0.180582524272	0.161165048544	0.180582524272	0.149514563107	0.194174757282	0.184466019417	0.155339805825	0.196116504854	0.190291262136	0.182524271845	0.163106796117	0.182524271845	0.172815533981	0.207766990291	0.0	0.18640776699	0.15145631068	0.190291262136	0.172815533981	0.192233009709	0.141747572816	0.2	0.182524271845	0.188349514563	0.196116504854	0.182524271845	0.163106796117	0.159223300971	0.163106796117	0.174757281553	0.174757281553	0.174757281553	0.174757281553	0.178640776699	0.168932038835	0.163106796117	0.161165048544	0.194174757282	0.192233009709	0.165048543689	0.188349514563	0.166990291262	0.180582524272	0.18640776699	0.192233009709	0.190291262136	0.190291262136	0.190291262136	0.192233009709	0.209708737864	0.178640776699	0.145631067961	0.176699029126	0.176699029126	0.182524271845	0.182524271845	0.147572815534	0.196116504854
MH0445.snv.bam	0.198058252427	0.176699029126	0.176699029126	0.165048543689	0.168932038835	0.174757281553	0.170873786408	0.198058252427	0.180582524272	0.176699029126	0.172815533981	0.201941747573	0.176699029126	0.153398058252	0.157281553398	0.176699029126	0.165048543689	0.159223300971	0.203883495146	0.180582524272	0.180582524272	0.18640776699	0.0	0.205825242718	0.159223300971	0.178640776699	0.2	0.168932038835	0.203883495146	0.192233009709	0.196116504854	0.180582524272	0.176699029126	0.15145631068	0.145631067961	0.15145631068	0.170873786408	0.170873786408	0.170873786408	0.15145631068	0.170873786408	0.174757281553	0.180582524272	0.176699029126	0.184466019417	0.211650485437	0.159223300971	0.196116504854	0.165048543689	0.166990291262	0.190291262136	0.190291262136	0.194174757282	0.194174757282	0.188349514563	0.201941747573	0.188349514563	0.221359223301	0.174757281553	0.188349514563	0.184466019417	0.176699029126	0.176699029126	0.176699029126	0.180582524272
MH0447.snv.bam	0.143689320388	0.192233009709	0.192233009709	0.172815533981	0.159223300971	0.180582524272	0.180582524272	0.155339805825	0.178640776699	0.168932038835	0.135922330097	0.236893203883	0.161165048544	0.141747572816	0.2	0.192233009709	0.190291262136	0.174757281553	0.207766990291	0.163106796117	0.192233009709	0.15145631068	0.205825242718	0.0	0.190291262136	0.170873786408	0.194174757282	0.141747572816	0.234951456311	0.229126213592	0.233009708738	0.196116504854	0.176699029126	0.163106796117	0.157281553398	0.163106796117	0.182524271845	0.182524271845	0.182524271845	0.180582524272	0.174757281553	0.192233009709	0.178640776699	0.176699029126	0.172815533981	0.209708737864	0.157281553398	0.188349514563	0.170873786408	0.2	0.15145631068	0.174757281553	0.225242718447	0.231067961165	0.184466019417	0.196116504854	0.2	0.18640776699	0.120388349515	0.18640776699	0.147572815534	0.176699029126	0.176699029126	0.15145631068	0.198058252427
N011A.snv.bam	0.205825242718	0.174757281553	0.174757281553	0.147572815534	0.159223300971	0.159223300971	0.155339805825	0.2	0.184466019417	0.161165048544	0.155339805825	0.209708737864	0.163106796117	0.149514563107	0.184466019417	0.174757281553	0.130097087379	0.182524271845	0.194174757282	0.147572815534	0.174757281553	0.190291262136	0.159223300971	0.190291262136	0.0	0.178640776699	0.190291262136	0.155339805825	0.205825242718	0.192233009709	0.196116504854	0.182524271845	0.190291262136	0.145631067961	0.139805825243	0.145631067961	0.139805825243	0.139805825243	0.139805825243	0.182524271845	0.180582524272	0.13786407767	0.184466019417	0.182524271845	0.203883495146	0.198058252427	0.155339805825	0.188349514563	0.159223300971	0.190291262136	0.170873786408	0.165048543689	0.2	0.198058252427	0.184466019417	0.192233009709	0.168932038835	0.203883495146	0.166990291262	0.196116504854	0.165048543689	0.190291262136	0.190291262136	0.15145631068	0.2
NG-5636_422.snv.bam	0.114563106796	0.18640776699	0.18640776699	0.147572815534	0.149514563107	0.155339805825	0.15145631068	0.120388349515	0.168932038835	0.153398058252	0.095145631068	0.192233009709	0.141747572816	0.128155339806	0.184466019417	0.149514563107	0.180582524272	0.161165048544	0.174757281553	0.120388349515	0.166990291262	0.172815533981	0.178640776699	0.170873786408	0.178640776699	0.0	0.172815533981	0.141747572816	0.201941747573	0.184466019417	0.192233009709	0.168932038835	0.190291262136	0.130097087379	0.128155339806	0.130097087379	0.12427184466	0.12427184466	0.12427184466	0.161165048544	0.176699029126	0.139805825243	0.165048543689	0.161165048544	0.180582524272	0.184466019417	0.157281553398	0.166990291262	0.130097087379	0.168932038835	0.132038834951	0.166990291262	0.190291262136	0.190291262136	0.166990291262	0.174757281553	0.168932038835	0.2	0.149514563107	0.168932038835	0.128155339806	0.190291262136	0.190291262136	0.145631067961	0.192233009709
O2.CD1-0.snv.bam	0.207766990291	0.209708737864	0.209708737864	0.176699029126	0.182524271845	0.190291262136	0.190291262136	0.221359223301	0.217475728155	0.165048543689	0.168932038835	0.215533980583	0.145631067961	0.135922330097	0.223300970874	0.203883495146	0.209708737864	0.211650485437	0.215533980583	0.188349514563	0.203883495146	0.192233009709	0.2	0.194174757282	0.190291262136	0.172815533981	0.0	0.165048543689	0.221359223301	0.21359223301	0.215533980583	0.21359223301	0.211650485437	0.174757281553	0.170873786408	0.174757281553	0.176699029126	0.176699029126	0.176699029126	0.190291262136	0.194174757282	0.184466019417	0.194174757282	0.190291262136	0.190291262136	0.229126213592	0.180582524272	0.0	0.166990291262	0.2	0.190291262136	0.190291262136	0.21359223301	0.217475728155	0.0	0.0	0.196116504854	0.209708737864	0.182524271845	0.217475728155	0.184466019417	0.211650485437	0.211650485437	0.182524271845	0.223300970874
O2.UC1-1.snv.bam	0.157281553398	0.145631067961	0.145631067961	0.149514563107	0.13786407767	0.165048543689	0.165048543689	0.166990291262	0.149514563107	0.161165048544	0.15145631068	0.155339805825	0.141747572816	0.132038834951	0.122330097087	0.168932038835	0.15145631068	0.15145631068	0.174757281553	0.12427184466	0.112621359223	0.141747572816	0.168932038835	0.141747572816	0.155339805825	0.141747572816	0.165048543689	0.0	0.163106796117	0.15145631068	0.153398058252	0.147572815534	0.172815533981	0.139805825243	0.135922330097	0.139805825243	0.130097087379	0.130097087379	0.130097087379	0.102912621359	0.135922330097	0.13786407767	0.163106796117	0.159223300971	0.120388349515	0.141747572816	0.149514563107	0.161165048544	0.149514563107	0.157281553398	0.161165048544	0.135922330097	0.155339805825	0.155339805825	0.163106796117	0.165048543689	0.147572815534	0.0	0.15145631068	0.155339805825	0.159223300971	0.172815533981	0.172815533981	0.149514563107	0.166990291262
O2.UC11-1.snv.bam	0.215533980583	0.203883495146	0.203883495146	0.192233009709	0.196116504854	0.207766990291	0.205825242718	0.21359223301	0.188349514563	0.225242718447	0.166990291262	0.0233009708738	0.198058252427	0.2	0.190291262136	0.207766990291	0.205825242718	0.176699029126	0.190291262136	0.192233009709	0.219417475728	0.2	0.203883495146	0.234951456311	0.205825242718	0.201941747573	0.221359223301	0.163106796117	0.0	0.031067961165	0.031067961165	0.201941747573	0.182524271845	0.172815533981	0.170873786408	0.172815533981	0.205825242718	0.205825242718	0.205825242718	0.192233009709	0.196116504854	0.184466019417	0.211650485437	0.205825242718	0.205825242718	0.073786407767	0.182524271845	0.217475728155	0.192233009709	0.190291262136	0.236893203883	0.223300970874	0.00582524271845	0.021359223301	0.21359223301	0.223300970874	0.194174757282	0.21359223301	0.196116504854	0.207766990291	0.229126213592	0.182524271845	0.180582524272	0.196116504854	0.225242718447
O2.UC15-1.snv.bam	0.201941747573	0.192233009709	0.192233009709	0.188349514563	0.182524271845	0.203883495146	0.201941747573	0.207766990291	0.18640776699	0.221359223301	0.165048543689	0.0291262135922	0.188349514563	0.184466019417	0.178640776699	0.196116504854	0.190291262136	0.166990291262	0.184466019417	0.18640776699	0.211650485437	0.182524271845	0.192233009709	0.229126213592	0.192233009709	0.184466019417	0.21359223301	0.15145631068	0.031067961165	0.0	0.0	0.196116504854	0.176699029126	0.168932038835	0.166990291262	0.168932038835	0.194174757282	0.194174757282	0.194174757282	0.184466019417	0.194174757282	0.170873786408	0.196116504854	0.190291262136	0.196116504854	0.0660194174757	0.172815533981	0.209708737864	0.174757281553	0.176699029126	0.227184466019	0.217475728155	0.0252427184466	0.0174757281553	0.205825242718	0.215533980583	0.184466019417	0.192233009709	0.192233009709	0.196116504854	0.219417475728	0.176699029126	0.174757281553	0.192233009709	0.217475728155
O2.UC15-2.snv.bam	0.209708737864	0.196116504854	0.196116504854	0.192233009709	0.188349514563	0.207766990291	0.205825242718	0.211650485437	0.188349514563	0.225242718447	0.166990291262	0.031067961165	0.192233009709	0.18640776699	0.182524271845	0.201941747573	0.196116504854	0.168932038835	0.18640776699	0.190291262136	0.217475728155	0.188349514563	0.196116504854	0.233009708738	0.196116504854	0.192233009709	0.215533980583	0.153398058252	0.031067961165	0.0	0.0	0.198058252427	0.178640776699	0.172815533981	0.170873786408	0.172815533981	0.2	0.2	0.2	0.188349514563	0.196116504854	0.174757281553	0.2	0.194174757282	0.198058252427	0.0660194174757	0.178640776699	0.211650485437	0.176699029126	0.178640776699	0.231067961165	0.219417475728	0.0252427184466	0.0174757281553	0.207766990291	0.217475728155	0.18640776699	0.198058252427	0.196116504854	0.2	0.223300970874	0.178640776699	0.176699029126	0.196116504854	0.221359223301
O2.UC18-1.snv.bam	0.190291262136	0.180582524272	0.180582524272	0.184466019417	0.176699029126	0.192233009709	0.190291262136	0.190291262136	0.184466019417	0.180582524272	0.15145631068	0.196116504854	0.18640776699	0.166990291262	0.201941747573	0.192233009709	0.172815533981	0.141747572816	0.194174757282	0.18640776699	0.198058252427	0.196116504854	0.180582524272	0.196116504854	0.182524271845	0.168932038835	0.21359223301	0.147572815534	0.201941747573	0.196116504854	0.198058252427	0.0	0.178640776699	0.161165048544	0.155339805825	0.161165048544	0.184466019417	0.184466019417	0.184466019417	0.176699029126	0.172815533981	0.178640776699	0.165048543689	0.163106796117	0.205825242718	0.194174757282	0.170873786408	0.207766990291	0.172815533981	0.198058252427	0.180582524272	0.2	0.194174757282	0.188349514563	0.201941747573	0.21359223301	0.194174757282	0.2	0.182524271845	0.203883495146	0.172815533981	0.178640776699	0.178640776699	0.157281553398	0.207766990291
O2.UC46-1.snv.bam	0.190291262136	0.190291262136	0.190291262136	0.163106796117	0.180582524272	0.174757281553	0.174757281553	0.2	0.166990291262	0.180582524272	0.155339805825	0.180582524272	0.166990291262	0.153398058252	0.178640776699	0.180582524272	0.192233009709	0.157281553398	0.168932038835	0.170873786408	0.18640776699	0.182524271845	0.176699029126	0.176699029126	0.190291262136	0.190291262136	0.211650485437	0.172815533981	0.182524271845	0.176699029126	0.178640776699	0.178640776699	0.0	0.153398058252	0.153398058252	0.153398058252	0.192233009709	0.192233009709	0.192233009709	0.170873786408	0.188349514563	0.184466019417	0.149514563107	0.149514563107	0.132038834951	0.194174757282	0.130097087379	0.207766990291	0.135922330097	0.188349514563	0.176699029126	0.18640776699	0.174757281553	0.172815533981	0.205825242718	0.21359223301	0.174757281553	0.229126213592	0.172815533981	0.165048543689	0.170873786408	0.0	0.0	0.149514563107	0.201941747573
O2.UC50-0.snv.bam	0.13786407767	0.149514563107	0.149514563107	0.135922330097	0.133980582524	0.145631067961	0.145631067961	0.149514563107	0.172815533981	0.153398058252	0.112621359223	0.172815533981	0.13786407767	0.116504854369	0.168932038835	0.163106796117	0.147572815534	0.147572815534	0.165048543689	0.135922330097	0.172815533981	0.163106796117	0.15145631068	0.163106796117	0.145631067961	0.130097087379	0.174757281553	0.139805825243	0.172815533981	0.168932038835	0.172815533981	0.161165048544	0.153398058252	0.0	0.0	0.0	0.120388349515	0.120388349515	0.120388349515	0.163106796117	0.163106796117	0.141747572816	0.166990291262	0.163106796117	0.141747572816	0.174757281553	0.13786407767	0.170873786408	0.108737864078	0.133980582524	0.147572815534	0.149514563107	0.161165048544	0.170873786408	0.166990291262	0.176699029126	0.145631067961	0.18640776699	0.0368932038835	0.163106796117	0.141747572816	0.153398058252	0.153398058252	0.0932038834951	0.18640776699
O2.UC50-2.snv.bam	0.135922330097	0.147572815534	0.147572815534	0.130097087379	0.130097087379	0.139805825243	0.139805825243	0.147572815534	0.166990291262	0.147572815534	0.11067961165	0.170873786408	0.132038834951	0.11067961165	0.163106796117	0.159223300971	0.143689320388	0.143689320388	0.163106796117	0.133980582524	0.168932038835	0.159223300971	0.145631067961	0.157281553398	0.139805825243	0.128155339806	0.170873786408	0.135922330097	0.170873786408	0.166990291262	0.170873786408	0.155339805825	0.153398058252	0.0	0.0	0.0	0.116504854369	0.116504854369	0.116504854369	0.157281553398	0.159223300971	0.139805825243	0.161165048544	0.157281553398	0.141747572816	0.172815533981	0.132038834951	0.166990291262	0.108737864078	0.130097087379	0.143689320388	0.145631067961	0.159223300971	0.168932038835	0.163106796117	0.172815533981	0.145631067961	0.182524271845	0.0368932038835	0.159223300971	0.13786407767	0.153398058252	0.153398058252	0.0912621359223	0.180582524272
O2.UC53-0.snv.bam	0.13786407767	0.15145631068	0.15145631068	0.135922330097	0.135922330097	0.145631067961	0.145631067961	0.149514563107	0.174757281553	0.155339805825	0.112621359223	0.172815533981	0.13786407767	0.116504854369	0.168932038835	0.165048543689	0.147572815534	0.147572815534	0.165048543689	0.13786407767	0.172815533981	0.163106796117	0.15145631068	0.163106796117	0.145631067961	0.130097087379	0.174757281553	0.139805825243	0.172815533981	0.168932038835	0.172815533981	0.161165048544	0.153398058252	0.0	0.0	0.0	0.120388349515	0.120388349515	0.120388349515	0.163106796117	0.163106796117	0.141747572816	0.166990291262	0.163106796117	0.141747572816	0.174757281553	0.13786407767	0.170873786408	0.108737864078	0.133980582524	0.147572815534	0.15145631068	0.161165048544	0.170873786408	0.166990291262	0.176699029126	0.145631067961	0.18640776699	0.0368932038835	0.163106796117	0.141747572816	0.153398058252	0.153398058252	0.0932038834951	0.18640776699
O2.UC6-0.snv.bam	0.153398058252	0.163106796117	0.163106796117	0.132038834951	0.133980582524	0.143689320388	0.139805825243	0.157281553398	0.174757281553	0.149514563107	0.12427184466	0.2	0.135922330097	0.12427184466	0.176699029126	0.161165048544	0.155339805825	0.159223300971	0.178640776699	0.12427184466	0.139805825243	0.174757281553	0.170873786408	0.182524271845	0.139805825243	0.12427184466	0.176699029126	0.130097087379	0.205825242718	0.194174757282	0.2	0.184466019417	0.192233009709	0.120388349515	0.116504854369	0.120388349515	0.0	0.0	0.0	0.166990291262	0.163106796117	0.133980582524	0.170873786408	0.166990291262	0.178640776699	0.188349514563	0.165048543689	0.174757281553	0.141747572816	0.145631067961	0.15145631068	0.159223300971	0.198058252427	0.194174757282	0.170873786408	0.178640776699	0.15145631068	0.182524271845	0.13786407767	0.172815533981	0.141747572816	0.192233009709	0.192233009709	0.15145631068	0.18640776699
O2.UC6-1.snv.bam	0.153398058252	0.163106796117	0.163106796117	0.132038834951	0.133980582524	0.143689320388	0.139805825243	0.157281553398	0.174757281553	0.149514563107	0.12427184466	0.2	0.135922330097	0.12427184466	0.176699029126	0.161165048544	0.155339805825	0.159223300971	0.178640776699	0.12427184466	0.139805825243	0.174757281553	0.170873786408	0.182524271845	0.139805825243	0.12427184466	0.176699029126	0.130097087379	0.205825242718	0.194174757282	0.2	0.184466019417	0.192233009709	0.120388349515	0.116504854369	0.120388349515	0.0	0.0	0.0	0.166990291262	0.163106796117	0.133980582524	0.170873786408	0.166990291262	0.178640776699	0.188349514563	0.165048543689	0.174757281553	0.141747572816	0.145631067961	0.15145631068	0.159223300971	0.198058252427	0.194174757282	0.170873786408	0.178640776699	0.15145631068	0.182524271845	0.13786407767	0.172815533981	0.141747572816	0.192233009709	0.192233009709	0.15145631068	0.18640776699
O2.UC6-2.snv.bam	0.153398058252	0.163106796117	0.163106796117	0.132038834951	0.133980582524	0.143689320388	0.139805825243	0.157281553398	0.174757281553	0.149514563107	0.12427184466	0.2	0.135922330097	0.12427184466	0.176699029126	0.161165048544	0.155339805825	0.159223300971	0.178640776699	0.12427184466	0.139805825243	0.174757281553	0.170873786408	0.182524271845	0.139805825243	0.12427184466	0.176699029126	0.130097087379	0.205825242718	0.194174757282	0.2	0.184466019417	0.192233009709	0.120388349515	0.116504854369	0.120388349515	0.0	0.0	0.0	0.166990291262	0.163106796117	0.133980582524	0.170873786408	0.166990291262	0.178640776699	0.188349514563	0.165048543689	0.174757281553	0.141747572816	0.145631067961	0.15145631068	0.159223300971	0.198058252427	0.194174757282	0.170873786408	0.178640776699	0.15145631068	0.182524271845	0.13786407767	0.172815533981	0.141747572816	0.192233009709	0.192233009709	0.15145631068	0.18640776699
SAMEA3136683.snv.bam	0.18640776699	0.161165048544	0.161165048544	0.15145631068	0.147572815534	0.157281553398	0.157281553398	0.176699029126	0.118446601942	0.15145631068	0.145631067961	0.174757281553	0.143689320388	0.116504854369	0.100970873786	0.149514563107	0.188349514563	0.161165048544	0.174757281553	0.166990291262	0.147572815534	0.174757281553	0.15145631068	0.180582524272	0.182524271845	0.161165048544	0.190291262136	0.102912621359	0.192233009709	0.184466019417	0.188349514563	0.176699029126	0.170873786408	0.163106796117	0.157281553398	0.163106796117	0.166990291262	0.166990291262	0.166990291262	0.0	0.172815533981	0.157281553398	0.184466019417	0.180582524272	0.126213592233	0.184466019417	0.132038834951	0.184466019417	0.155339805825	0.174757281553	0.165048543689	0.157281553398	0.184466019417	0.178640776699	0.182524271845	0.190291262136	0.180582524272	0.15145631068	0.182524271845	0.157281553398	0.155339805825	0.170873786408	0.170873786408	0.155339805825	0.18640776699
