	158337416-stool1.snv.bam	158337416-stool2.snv.bam	158742018-stool1.snv.bam	158944319-stool1.snv.bam	158944319-stool2.snv.bam	159207311-stool1.snv.bam	763840445-stool2.snv.bam	763901136-stool1.snv.bam	763901136-stool2.snv.bam	764062976-stool1.snv.bam	764184357-stool2.snv.bam	764487809-stool2.snv.bam	765276783-stool2.snv.bam	863126187-stool3.snv.bam	BGI002A.snv.bam	BYQ_AAAD.snv.bam	BYQ_AAAO.snv.bam	BYQ_AAAX.snv.bam	BYQ_AAAZ.snv.bam	CCIS02124300ST-4-0.snv.bam	CCIS07539127ST-4-0.snv.bam	CCIS09568613ST-4-0.snv.bam	CCIS35100175ST-4-0.snv.bam	CCIS45571137ST-3-0.snv.bam	CCIS51595129ST-4-0.snv.bam	CCIS55531770ST-4-0.snv.bam	CCIS74726977ST-3-0.snv.bam	CCIS81887263ST-4-0.snv.bam	CCIS90164298ST-4-0.snv.bam	CCIS91228662ST-4-0.snv.bam	CCIS95409808ST-4-0.snv.bam	CCMD26925580ST-21-0.snv.bam	DLM001.snv.bam	M1.1-V1.metaG.snv.bam	MH0199.snv.bam	MH0229.snv.bam	MH0361.snv.bam	MH0382.snv.bam	MH0445.snv.bam	MMRS54246132ST-27-0-0.snv.bam	MMRS87723283ST-27-0-0.snv.bam	MMRS95479054ST-27-0-0.snv.bam	N020A.snv.bam	NG-5636_451.snv.bam	NG-5636_488.snv.bam	NG-5636_497.snv.bam	NG-5636_530.snv.bam	NLM026.snv.bam	NLM031.snv.bam	NOM019.snv.bam	SAMEA3136683.snv.bam	SAMEA3136695.snv.bam	SAMEA3136698.snv.bam	SAMEA3136700.snv.bam	SAMEA3136717.snv.bam	SAMEA3136733.snv.bam	T2D-54A.snv.bam	V1.FI32.snv.bam	V1.UC12-4.snv.bam	V1.UC62-0.snv.bam	daisy-11-0-0.snv.bam	daisy-11-2-0.snv.bam	daisy-11-60-0.snv.bam	daisy-11-7-0.snv.bam	scavenger-11-0-0.snv.bam	scavenger-11-60-0.snv.bam	scavenger-11-7-0.snv.bam
158337416-stool1.snv.bam	0.0	0.00133142654408	0.0216950685276	0.00120066032519	0.00178184635891	0.162674863425	0.0135477584101	0.165075983551	0.165094571293	0.208910446667	0.0142285716404	0.208297368387	0.0136482965296	0.150829541118	0.20897969535	0.185665299482	0.18575646573	0.187130548447	0.180140104385	0.191132731379	0.208242704509	0.208387926466	0.208392642599	0.195718175596	0.208440877304	0.174981236815	0.208239416667	0.178980257173	0.192232854412	0.200631205462	0.0509591383484	0.172067182271	0.206309594756	0.190576658263	0.198041842841	0.200823653584	0.211701879568	0.152087727031	0.192870377967	0.206881823587	0.0504659853967	0.192936551609	0.209639542473	0.165080767587	0.183544906461	0.156118520702	0.0584778234463	0.192351602402	0.206791506527	0.209776759556	0.204297522713	0.185295531704	0.192309612287	0.209351227819	0.182261358352	0.20840858789	0.17189139118	0.208651858079	0.186203547194	0.19120270928	0.211494283163	0.212182935887	0.211463851027	0.209627591474	0.177875401723	0.179817270315	0.177789374977
158337416-stool2.snv.bam	0.00133142654408	0.0	0.0222972906159	0.00143851197925	0.00180167379729	0.16388747688	0.0139056721895	0.164451371257	0.164505237293	0.20969945778	0.0143087573262	0.209084601581	0.0137261656043	0.151860197595	0.210036678714	0.186019095389	0.186110704909	0.18749382385	0.180685715891	0.19188575074	0.209030106018	0.209176034078	0.209180773142	0.196877289926	0.209229242376	0.174061151501	0.209026802189	0.179288192885	0.192772940044	0.201213520746	0.0511960821311	0.172583487926	0.207387352535	0.188094178436	0.198793037801	0.201613181302	0.212523409794	0.153025881258	0.193664072864	0.207675471179	0.0506982271995	0.193551018468	0.210831739275	0.165751886615	0.184751389969	0.156439596817	0.0586850917438	0.192898461587	0.207878079231	0.210342182245	0.205136959631	0.184062761959	0.193090910108	0.210147892805	0.18280501076	0.209196795963	0.172849351076	0.20944124899	0.186158237738	0.191955694559	0.212196990315	0.212891287547	0.21216641021	0.210325748468	0.178496482858	0.1804804922	0.178429837788
158742018-stool1.snv.bam	0.0216950685276	0.0222972906159	0.0	0.0218011470488	0.0224545551558	0.154873013478	0.0215369243861	0.166699338891	0.166473642365	0.18816052648	0.0222185640197	0.187169062396	0.0216901719763	0.152635158484	0.207319850638	0.187425466984	0.187516633232	0.189064483271	0.18483207394	0.183271434195	0.187421099734	0.18761051082	0.187686245197	0.197460345964	0.187619272529	0.167132406382	0.187423758079	0.170652706664	0.187541409012	0.1891181431	0.0588523006581	0.166951072015	0.204609191021	0.172989108476	0.199627401198	0.199224569717	0.190434342566	0.1638440309	0.175214972351	0.188997569553	0.0582827622646	0.184860268507	0.208056434077	0.166752299732	0.180472234312	0.148251319162	0.0665503002507	0.187356788891	0.201989009001	0.201997399591	0.182563764931	0.176936014608	0.184448315103	0.188428383475	0.18421143048	0.187584948034	0.163911204767	0.187830253304	0.178051633999	0.193149511442	0.2070005042	0.20767461395	0.206970072064	0.205104632128	0.179467501584	0.18140658586	0.179432081049
158944319-stool1.snv.bam	0.00120066032519	0.00143851197925	0.0218011470488	0.0	0.0018892800394	0.163040744824	0.0136534992866	0.164991917364	0.164824227454	0.209228778288	0.0143351389203	0.208703521015	0.0137555558048	0.151190686188	0.209355926562	0.18585931019	0.185950476438	0.187325818965	0.180188341357	0.191462472367	0.208642961373	0.20878818333	0.208716094547	0.196157749472	0.208841134167	0.175366165666	0.20863967353	0.178978412249	0.192542072494	0.200503215184	0.0511045346588	0.172459503981	0.206822260751	0.190763295127	0.19829294491	0.20086876977	0.212063638756	0.152598768512	0.193197670161	0.207288642039	0.050609974646	0.193161519743	0.209989508508	0.165570346217	0.183988826531	0.156367903774	0.0585550468233	0.192961172422	0.20737480771	0.210317272083	0.204703702178	0.185490090336	0.192639353275	0.209707123811	0.182447389252	0.208808844754	0.17209601735	0.209052114943	0.186393274072	0.191648765984	0.211752260166	0.212441747767	0.21172182803	0.209887243652	0.178125502776	0.18011314622	0.178079524252
158944319-stool2.snv.bam	0.00178184635891	0.00180167379729	0.0224545551558	0.0018892800394	0.0	0.164104688808	0.0140356469133	0.164340418962	0.164393358118	0.207004716557	0.0144400428961	0.206479073346	0.0138111951489	0.152099999059	0.208524809789	0.185476951888	0.185568859325	0.186952958389	0.181834000692	0.192620764832	0.20625927821	0.206405680834	0.206410435309	0.193833442053	0.206459062166	0.172847929664	0.206255963638	0.178499757928	0.190514588771	0.198919859993	0.0512209119106	0.173062180317	0.206041331857	0.189862251414	0.196489726701	0.200513232183	0.209704352495	0.152766364071	0.192686092646	0.204553840513	0.0507211956968	0.191505347109	0.209548270181	0.166421859794	0.185417496767	0.155075468267	0.0589400542146	0.194297798853	0.20709179876	0.211732231845	0.20222565794	0.184505327245	0.193807229461	0.207367135406	0.181735835087	0.206426510237	0.172027881227	0.206671758233	0.185440710255	0.191582854146	0.213362240289	0.21406260456	0.213331560737	0.211492501742	0.176831858848	0.178883181203	0.17685702504
159207311-stool1.snv.bam	0.162674863425	0.16388747688	0.154873013478	0.163040744824	0.164104688808	0.0	0.159383297982	0.183013651895	0.179824857459	0.189688061762	0.159912441594	0.197575231846	0.16002014105	0.0171682534529	0.199908867641	0.18537000417	0.185462664947	0.186722469516	0.156851960282	0.175986724909	0.195435822936	0.195562765352	0.195869249473	0.170528198805	0.195527954848	0.161218087113	0.195683289223	0.163809703736	0.192385180119	0.187529539145	0.144258651685	0.156563959392	0.200719669329	0.180378149152	0.190950000571	0.204105634151	0.199232411101	0.0952200757036	0.18311359877	0.200267384068	0.146118402652	0.17661746068	0.198312075804	0.157815006618	0.120898922793	0.1456684534	0.124582673216	0.192620413666	0.200155385351	0.197120334052	0.192581617085	0.170522206692	0.175727170004	0.19649931262	0.17525962155	0.195629453874	0.15642793564	0.19596097356	0.172392721245	0.18407908618	0.216844397968	0.215799758234	0.216875328992	0.213332052058	0.188034246674	0.190991224309	0.187542998181
763840445-stool2.snv.bam	0.0135477584101	0.0139056721895	0.0215369243861	0.0136534992866	0.0140356469133	0.159383297982	0.0	0.164727517598	0.164741400743	0.208841194687	0.000935522548807	0.20815435583	0.000268928937407	0.141227953988	0.202357132383	0.185540424319	0.185631590567	0.187004862406	0.173434458321	0.184614363997	0.20810176794	0.208291179027	0.20825170603	0.188974315561	0.208299940735	0.168489886022	0.208052397149	0.172202582753	0.188882172798	0.193886326241	0.0409864173053	0.168529081169	0.199712313141	0.190619967794	0.191208583815	0.197412107697	0.211557924589	0.163962068903	0.19281008656	0.206738576583	0.0405897745572	0.186527497668	0.203033783165	0.158443030453	0.17695653555	0.152746081415	0.0482864120216	0.192559926957	0.200422435002	0.206578748373	0.204186048722	0.178423745588	0.185791244904	0.209209605984	0.180560900524	0.208240991764	0.16849666068	0.208510921511	0.179502418018	0.187925888611	0.205105903589	0.205773881946	0.205075471453	0.203197728916	0.177686398422	0.17968993051	0.177695517183
763901136-stool1.snv.bam	0.165075983551	0.164451371257	0.166699338891	0.164991917364	0.164340418962	0.183013651895	0.164727517598	0.0	0.000356312032589	0.196462256355	0.165495748841	0.198977042802	0.164260312454	0.181816860087	0.185479401561	0.195828018615	0.195892576398	0.193766404337	0.152492730643	0.183397184178	0.199058594719	0.199140222147	0.199425635906	0.177485283585	0.199259030499	0.173181612865	0.199115352988	0.185638617606	0.179449057455	0.173246468923	0.174764661173	0.170482781919	0.19003443347	0.174558730366	0.198205853916	0.183209801655	0.197359137776	0.180657282259	0.180329651072	0.19579226386	0.176316719955	0.173513860565	0.191968746643	0.156421067551	0.165073175924	0.127710902629	0.172457806655	0.175452541233	0.189243847513	0.179087280131	0.19467943572	0.177117095072	0.184632914668	0.200134671036	0.174410636952	0.199207776131	0.150243267444	0.199472420516	0.176775584026	0.179500051243	0.20404918325	0.204842589564	0.204018403601	0.202112134842	0.167728484725	0.167923889739	0.166696638904
763901136-stool2.snv.bam	0.165094571293	0.164505237293	0.166473642365	0.164824227454	0.164393358118	0.179824857459	0.164741400743	0.000356312032589	0.0	0.195106377194	0.16555967199	0.197625989403	0.164312366738	0.178658362519	0.18395205486	0.196113316675	0.196178512591	0.194033081347	0.149043415262	0.182115981069	0.197728379528	0.197810813817	0.1980990488	0.175553973756	0.197930796551	0.173244297719	0.197785698834	0.182512855216	0.179572454746	0.173308555619	0.174842524364	0.167083232956	0.191919925649	0.174634537675	0.196842503134	0.17842803332	0.195982643899	0.180489755426	0.180390124641	0.194406939562	0.176409155095	0.175228862172	0.190602434384	0.158202500799	0.165053258145	0.127195308817	0.169135094916	0.176740058541	0.189157630836	0.180860390035	0.193241995074	0.176915696955	0.183363946514	0.198808538316	0.174484719261	0.19787903555	0.151508107822	0.19814629586	0.17687518016	0.179628612129	0.204415744881	0.205218231462	0.204384660986	0.202461853946	0.167736475509	0.167933555536	0.166693982634
764062976-stool1.snv.bam	0.208910446667	0.20969945778	0.18816052648	0.209228778288	0.207004716557	0.189688061762	0.208841194687	0.196462256355	0.195106377194	0.0	0.209294025028	0.0258332157281	0.208440282165	0.183644962938	0.208838371587	0.177933798274	0.177968371426	0.176207466518	0.175643987699	0.1899305725	0.0169368100085	0.0171096202495	0.0172295020138	0.0519896723877	0.017072948064	0.163570989911	0.0175963446218	0.185564205586	0.162055718502	0.186295425674	0.20589412709	0.178841946464	0.208362604494	0.169698591	0.0557005423847	0.215273007728	0.0180941184474	0.195843226694	0.0435028034454	0.0304375346272	0.207127409731	0.17873389506	0.21189982416	0.153873695284	0.184144191228	0.171026160986	0.194126996465	0.200987171721	0.212016086987	0.209596223644	0.017699747741	0.163481075288	0.19110465599	0.0170528224247	0.177756993328	0.0170999692178	0.169037522837	0.0174658974086	0.168279754303	0.203181761985	0.216802118325	0.217507948509	0.216771686188	0.215017639469	0.190096488826	0.189530882829	0.189558833507
764184357-stool2.snv.bam	0.0142285716404	0.0143087573262	0.0222185640197	0.0143351389203	0.0144400428961	0.159912441594	0.000935522548807	0.165495748841	0.16555967199	0.209294025028	0.0	0.208592158918	0.000672668433145	0.141630386883	0.202746518074	0.186061033356	0.186152199605	0.187528852022	0.173639321354	0.185135814083	0.208637311267	0.208826722354	0.208787249357	0.189202127297	0.208835484062	0.168749416349	0.208418161189	0.172725723115	0.189402781835	0.194406935279	0.0413914719134	0.169061717478	0.200183815736	0.191025022402	0.191702586736	0.197524308272	0.211738838329	0.164377266782	0.192775269906	0.207282899308	0.040990909282	0.186714180833	0.203756823131	0.158974789272	0.177383128224	0.153122491338	0.0486974922354	0.192308280866	0.200786450693	0.206374743037	0.204476161475	0.178971755102	0.186312694991	0.209747753249	0.18108489014	0.208776535091	0.168686302083	0.209046464838	0.179507016699	0.187975336206	0.205507038314	0.206176314842	0.205476606178	0.203601468412	0.177952799338	0.17994669192	0.177893545576
764487809-stool2.snv.bam	0.208297368387	0.209084601581	0.187169062396	0.208703521015	0.206479073346	0.197575231846	0.20815435583	0.198977042802	0.197625989403	0.0258332157281	0.208592158918	0.0	0.207936790081	0.194623290246	0.213443387218	0.181990501186	0.182025583599	0.180265305881	0.17989908156	0.1830394563	0.0106167959872	0.0107266852661	0.0107727946731	0.0711888613286	0.0106894729011	0.169216174828	0.0113817317944	0.181827244922	0.159243058414	0.189174415216	0.212343192692	0.186022771427	0.209406683925	0.162136581122	0.0694026682794	0.214840103984	0.0108817251462	0.198593241579	0.0650446729887	0.0424997471384	0.213531311913	0.182801256014	0.216558990152	0.162710643666	0.188967999266	0.174781930114	0.205143037964	0.204316929898	0.213077117039	0.213208408598	0.00752129471891	0.160720054446	0.184230862333	0.0106375519391	0.171913608155	0.0107168920752	0.171436657292	0.0107944506657	0.16376511387	0.204978223902	0.220077956758	0.22080497602	0.220047076357	0.218240152168	0.185688330667	0.185776230722	0.185514631742
765276783-stool2.snv.bam	0.0136482965296	0.0137261656043	0.0216901719763	0.0137555558048	0.0138111951489	0.16002014105	0.000268928937407	0.164260312454	0.164312366738	0.208440282165	0.000672668433145	0.207936790081	0.0	0.141878200878	0.201879708319	0.184973176828	0.185064935065	0.186443478907	0.174415161386	0.185666187256	0.207696053946	0.207886694975	0.20784696566	0.1884004884	0.207895513577	0.169331441186	0.207646362565	0.16991420458	0.188336624973	0.191749896295	0.0409836065574	0.169496739264	0.199223603794	0.189959016393	0.190491377434	0.197020335521	0.211166390271	0.163959229177	0.193928452557	0.206317169675	0.0405844155844	0.184215526602	0.202488777116	0.159342177999	0.177892918826	0.151960784314	0.0481718392166	0.193263032	0.199945631693	0.207775375152	0.203735144312	0.177777777778	0.186850722674	0.2088091354	0.179957399627	0.207836181821	0.167492067576	0.208107864358	0.178879790553	0.188402844359	0.206168831169	0.206844623481	0.206138201421	0.204255132004	0.178750246261	0.180728297349	0.178700705361
863126187-stool3.snv.bam	0.150829541118	0.151860197595	0.152635158484	0.151190686188	0.152099999059	0.0171682534529	0.141227953988	0.181816860087	0.178658362519	0.183644962938	0.141630386883	0.194623290246	0.141878200878	0.0	0.209126534217	0.182939631497	0.183031092782	0.184010056464	0.147887761805	0.175300592484	0.190936442414	0.191061741563	0.191364258251	0.158896487045	0.19102738168	0.15538991009	0.191134473169	0.161427755374	0.194316875879	0.183051599189	0.13253793356	0.152392366255	0.211825549281	0.179629006832	0.178740900999	0.198026154362	0.194586146856	0.089130375857	0.177202843393	0.197475132251	0.134487403461	0.168927179638	0.207052045584	0.150564108288	0.11197582131	0.150102956578	0.10770385849	0.191070701246	0.195886436666	0.198831891595	0.187915316719	0.16308650625	0.176614500203	0.191964149888	0.171322281356	0.191100820968	0.162488643129	0.191454794971	0.164546070385	0.185037808567	0.213686006766	0.212644679265	0.213655476143	0.210198848482	0.1850010197	0.186378913462	0.184683006976
BGI002A.snv.bam	0.20897969535	0.210036678714	0.207319850638	0.209355926562	0.208524809789	0.199908867641	0.202357132383	0.185479401561	0.18395205486	0.208838371587	0.202746518074	0.213443387218	0.201879708319	0.209126534217	0.0	0.201849371603	0.201923094034	0.200038324942	0.180504178401	0.190755835525	0.211707500104	0.211904869639	0.21185716657	0.189555374167	0.211863070024	0.201711767192	0.211388360101	0.174527308912	0.183569946323	0.193998056697	0.188982865223	0.159067746064	0.0280640528253	0.194793763437	0.197260812608	0.207053978106	0.210238018323	0.202424843201	0.202240245702	0.208631209175	0.193799844734	0.189296078049	0.0260786951412	0.179371548024	0.184846309946	0.168965358146	0.193400654273	0.157781365552	0.133042236955	0.164306926758	0.206030269949	0.196243029236	0.192015884502	0.21288039414	0.191188587539	0.211785641632	0.151192086506	0.212133845001	0.19397478583	0.141230907734	0.228813850336	0.229589949017	0.228845561134	0.22698541749	0.188754313704	0.186447058431	0.183167517302
BYQ_AAAD.snv.bam	0.185665299482	0.186019095389	0.187425466984	0.18585931019	0.185476951888	0.18537000417	0.185540424319	0.195828018615	0.196113316675	0.177933798274	0.186061033356	0.181990501186	0.184973176828	0.182939631497	0.201849371603	0.0	0.00012956870595	0.000460619624347	0.160249815562	0.15863066789	0.180577089378	0.180638632941	0.18054092325	0.156524363938	0.180713227434	0.171455565556	0.180437991921	0.155851052017	0.151650571029	0.166323593234	0.185645000192	0.146832531292	0.196170935036	0.164199473821	0.178023545765	0.192313636882	0.171848266851	0.183465539029	0.181352405517	0.170490692886	0.187074242125	0.134415468304	0.20473519139	0.16978995565	0.150882939146	0.157375774231	0.185069894959	0.210901409396	0.206636704865	0.21743722825	0.175343279335	0.162892150978	0.159758593983	0.179868014012	0.162463320613	0.180637927267	0.17354841632	0.180924208209	0.161252237182	0.173677454175	0.203134640203	0.203688364202	0.203104208067	0.204460418365	0.182500599009	0.182370306419	0.185495359768
BYQ_AAAO.snv.bam	0.18575646573	0.186110704909	0.187516633232	0.185950476438	0.185568859325	0.185462664947	0.185631590567	0.195892576398	0.196178512591	0.177968371426	0.186152199605	0.182025583599	0.185064935065	0.183031092782	0.201923094034	0.00012956870595	0.0	0.000330209563164	0.160341276846	0.158667218405	0.180611662531	0.180673206094	0.180575496403	0.156560756731	0.180747800587	0.171506892231	0.180472565073	0.155846689477	0.151741737278	0.166319251803	0.185667752443	0.146925803691	0.19624367939	0.164291530945	0.178058743391	0.192350128444	0.17188358045	0.183559901423	0.181386978669	0.170456073481	0.187096774194	0.134479503776	0.20478668746	0.169824272378	0.150943396226	0.157467532468	0.185202676112	0.210954391769	0.206687696071	0.217487724396	0.175379426644	0.16298811545	0.159795144498	0.179902755267	0.16255507885	0.18067250042	0.17360042735	0.180958781362	0.16134581843	0.173694059564	0.203225806452	0.203779825486	0.203195374315	0.204552176602	0.182597054766	0.182463272001	0.185586526016
BYQ_AAAX.snv.bam	0.187130548447	0.18749382385	0.189064483271	0.187325818965	0.186952958389	0.186722469516	0.187004862406	0.193766404337	0.194033081347	0.176207466518	0.187528852022	0.180265305881	0.186443478907	0.184010056464	0.200038324942	0.000460619624347	0.000330209563164	0.0	0.15829693515	0.156615312657	0.178867921851	0.178864929982	0.178880714108	0.154233821734	0.17900494392	0.16950264829	0.178727921163	0.157032327077	0.149648191888	0.162859326638	0.187054769001	0.144375834073	0.194346156533	0.162423621461	0.176101130275	0.190022192442	0.170044348962	0.184662137582	0.179353113124	0.168616524611	0.188479560213	0.132429547922	0.20295538487	0.167504020303	0.148569241639	0.158829099822	0.186607367951	0.208843978908	0.204722498497	0.215474310762	0.17352021917	0.161031468531	0.157750574854	0.178145854961	0.160518525592	0.178929154791	0.171598584581	0.1792172947	0.159427139037	0.171154273616	0.199843196576	0.200389806582	0.199812566829	0.201156127251	0.18045503119	0.180697149781	0.183875089645
BYQ_AAAZ.snv.bam	0.180140104385	0.180685715891	0.18483207394	0.180188341357	0.181834000692	0.156851960282	0.173434458321	0.152492730643	0.149043415262	0.175643987699	0.173639321354	0.17989908156	0.174415161386	0.147887761805	0.180504178401	0.160249815562	0.160341276846	0.15829693515	0.0	0.156087386197	0.178107022427	0.17817597016	0.178330619613	0.14678422089	0.178243601059	0.138528138528	0.177911606691	0.151623278859	0.153843928977	0.157295866034	0.170083184789	0.140940308159	0.188728532052	0.161709001783	0.168610981276	0.167107698531	0.173153017781	0.162551574612	0.165799157515	0.185972853399	0.171668137688	0.148050718221	0.185747751145	0.158965689957	0.122149328335	0.140213206988	0.157617396423	0.184570776564	0.184563572273	0.193695624327	0.169358560222	0.151515151515	0.157218968453	0.177383592018	0.146945989678	0.178141311368	0.143954011429	0.178563139485	0.153011230832	0.165065443505	0.179758752574	0.178723227124	0.179728221952	0.177524123424	0.149184165094	0.151701348997	0.150782721501
CCIS02124300ST-4-0.snv.bam	0.191132731379	0.19188575074	0.183271434195	0.191462472367	0.192620764832	0.175986724909	0.184614363997	0.183397184178	0.182115981069	0.1899305725	0.185135814083	0.1830394563	0.185666187256	0.175300592484	0.190755835525	0.15863066789	0.158667218405	0.156615312657	0.156087386197	0.0	0.192513194723	0.192640776848	0.192762073684	0.162294717529	0.192551643081	0.155020727266	0.192536055768	0.14992793649	0.165258296131	0.173397325219	0.174852700102	0.152224428719	0.20006451122	0.119187977839	0.178376287694	0.191443602035	0.192509231352	0.170957063897	0.190058745621	0.184253695896	0.176388861329	0.164219354175	0.198790283878	0.158596439038	0.149596926574	0.149943102753	0.187470735447	0.186089512444	0.184253968543	0.190560632482	0.186149869052	0.124468078937	0.00204638288961	0.193484475267	0.120892580105	0.192598795154	0.155709518272	0.19296857492	0.127121050805	0.184720359309	0.173100281304	0.173665596344	0.173069800004	0.174232869778	0.164455650643	0.166848993107	0.165334987052
CCIS07539127ST-4-0.snv.bam	0.208242704509	0.209030106018	0.187421099734	0.208642961373	0.20625927821	0.195435822936	0.20810176794	0.199058594719	0.197728379528	0.0169368100085	0.208637311267	0.0106167959872	0.207696053946	0.190936442414	0.211707500104	0.180577089378	0.180611662531	0.178867921851	0.178107022427	0.192513194723	0.0	0.000234844980414	0.000602865702494	0.0648446799381	0.000198172794947	0.16631922354	0.00102025513531	0.187987828247	0.158159851422	0.188804363466	0.211629917314	0.181359294049	0.207754076125	0.172338386369	0.066431864523	0.218123081298	0.00119587715963	0.196816611324	0.0554179960392	0.0328753233122	0.212807692308	0.181371462949	0.214589937016	0.159842014109	0.186928354664	0.173667582418	0.201633699634	0.198896724856	0.208224900697	0.209229350264	9.98832533403e-05	0.169678725349	0.193687278213	9.59980052363e-05	0.180316067861	0.00022519394877	0.173565811966	0.000839261097325	0.172630204573	0.20256520514	0.216095533499	0.216799077001	0.216065101362	0.214258720058	0.189255573353	0.18884759732	0.188888772878
CCIS09568613ST-4-0.snv.bam	0.208387926466	0.209176034078	0.18761051082	0.20878818333	0.206405680834	0.195562765352	0.208291179027	0.199140222147	0.197810813817	0.0171096202495	0.208826722354	0.0107266852661	0.207886694975	0.191061741563	0.211904869639	0.180638632941	0.180673206094	0.178864929982	0.17817597016	0.192640776848	0.000234844980414	0.0	0.00064664368539	0.0649448044462	0.000241950777843	0.166449113894	0.00109727743066	0.188115823928	0.158221394984	0.188993774552	0.211821179323	0.181487074369	0.207948827159	0.172529648379	0.0665421146862	0.218141752387	0.00124059272701	0.196900146572	0.0555262901511	0.033050966508	0.212997103394	0.181433205682	0.214783723936	0.159969583917	0.186925193444	0.173795785884	0.201827806863	0.199028193233	0.208416787745	0.209354649412	0.000145654500213	0.169878105441	0.193814860338	0.000139988847044	0.18050670889	0.000268971931665	0.173664100858	0.00088303908022	0.172824633172	0.202630377942	0.216157077061	0.216860819734	0.216126644925	0.214261631377	0.189343587133	0.18893242639	0.188971960096
CCIS35100175ST-4-0.snv.bam	0.208392642599	0.209180773142	0.187686245197	0.208716094547	0.206410435309	0.195869249473	0.20825170603	0.199425635906	0.1980990488	0.0172295020138	0.208787249357	0.0107727946731	0.20784696566	0.191364258251	0.21185716657	0.18054092325	0.180575496403	0.178880714108	0.178330619613	0.192762073684	0.000602865702494	0.00064664368539	0.0	0.0651229254825	0.000609971499922	0.16649950583	0.00129119799624	0.188354001098	0.158221437004	0.189328550962	0.211944187046	0.181603639215	0.207901756966	0.172579547885	0.0667994944502	0.218245283683	0.00128700598514	0.196928999621	0.0559588270022	0.0334250203566	0.21311892072	0.18154882805	0.214901903265	0.160095008633	0.187226634847	0.173747136917	0.201787355197	0.199278721881	0.208450390747	0.209593421862	0.0005304316464	0.169995422649	0.193936157174	0.000509798972959	0.180440490912	0.000612368177016	0.173876703148	0.000928479157139	0.17287535883	0.202757690321	0.216433616777	0.2171382544	0.21640318464	0.214598998682	0.18945200021	0.189036916625	0.189074427939
CCIS45571137ST-3-0.snv.bam	0.195718175596	0.196877289926	0.197460345964	0.196157749472	0.193833442053	0.170528198805	0.188974315561	0.177485283585	0.175553973756	0.0519896723877	0.189202127297	0.0711888613286	0.1884004884	0.158896487045	0.189555374167	0.156524363938	0.156560756731	0.154233821734	0.14678422089	0.162294717529	0.0648446799381	0.0649448044462	0.0651229254825	0.0	0.0649879831544	0.149406821552	0.0649342480589	0.16576827925	0.144811821437	0.18222788087	0.185616270522	0.151612606395	0.19264727177	0.162545787546	0.0489008632877	0.190436817058	0.0640238913435	0.175730994152	0.0838382584524	0.0712305536055	0.187121028377	0.158868743409	0.196644790395	0.118572255291	0.161036616813	0.154212454212	0.165098621771	0.187662673428	0.183082828436	0.194287158872	0.0625475767572	0.139918221314	0.1618345751	0.0652120916626	0.145894383394	0.0649171688038	0.144013458812	0.0653798474681	0.14264621478	0.1638053467	0.20409895707	0.204798781144	0.204066923242	0.202082780344	0.160835637577	0.159539677843	0.160038476376
CCIS51595129ST-4-0.snv.bam	0.208440877304	0.209229242376	0.187619272529	0.208841134167	0.206459062166	0.195527954848	0.208299940735	0.199259030499	0.197930796551	0.017072948064	0.208835484062	0.0106894729011	0.207895513577	0.19102738168	0.211863070024	0.180713227434	0.180747800587	0.17900494392	0.178243601059	0.192551643081	0.000198172794947	0.000241950777843	0.000609971499922	0.0649879831544	0.0	0.16645804853	0.00110603913887	0.188124628238	0.158295989477	0.189002536261	0.211830026651	0.181562045093	0.207957835881	0.172538495706	0.0665047801132	0.218259219353	0.00120313514053	0.196910435141	0.0555541340947	0.0330136931391	0.213005865103	0.181508041581	0.21479268806	0.160044431132	0.187073132699	0.173804604486	0.201836785804	0.199105327798	0.208425663986	0.209428164395	0.000107312586233	0.169887328291	0.193725726571	0.000103138352733	0.180515527492	0.000232299746198	0.173706487956	0.000846366894753	0.172833626979	0.202706351619	0.216231671554	0.216935655633	0.216201239418	0.214395742127	0.189399610204	0.18898642231	0.189024910934
CCIS55531770ST-4-0.snv.bam	0.174981236815	0.174061151501	0.167132406382	0.175366165666	0.172847929664	0.161218087113	0.168489886022	0.173181612865	0.173244297719	0.163570989911	0.168749416349	0.169216174828	0.169331441186	0.15538991009	0.201711767192	0.171455565556	0.171506892231	0.16950264829	0.138528138528	0.155020727266	0.16631922354	0.166449113894	0.16649950583	0.149406821552	0.16645804853	0.0	0.166375255003	0.170728497092	0.158261076077	0.163242219492	0.164910615409	0.129608323568	0.195393901549	0.149183277962	0.169583692601	0.196146512558	0.16522850751	0.170503772207	0.149017736707	0.170285103277	0.166572681704	0.149149379224	0.2040336207	0.146352668584	0.14358974359	0.145695364238	0.152316710833	0.16694684095	0.174294113132	0.177530699922	0.163757069093	0.143350604491	0.156342190111	0.167178276269	0.142605842006	0.166406372663	0.136553724054	0.1666731934	0.142205521638	0.157000650089	0.174577067669	0.175157518086	0.174546034899	0.172428804519	0.142418545003	0.140911016013	0.138554822738
CCIS74726977ST-3-0.snv.bam	0.208239416667	0.209026802189	0.187423758079	0.20863967353	0.206255963638	0.195683289223	0.208052397149	0.199115352988	0.197785698834	0.0175963446218	0.208418161189	0.0113817317944	0.207646362565	0.191134473169	0.211388360101	0.180437991921	0.180472565073	0.178727921163	0.177911606691	0.192536055768	0.00102025513531	0.00109727743066	0.00129119799624	0.0649342480589	0.00110603913887	0.166375255003	0.0	0.187830628659	0.1576755289	0.18867830321	0.211670545433	0.181271043055	0.207539677715	0.172266627041	0.0668056098248	0.217591927462	0.00184029225274	0.196652943836	0.0560492853665	0.0337278193308	0.212847927251	0.181172192336	0.214404807933	0.159888075545	0.186722462014	0.173710819935	0.201645478077	0.198991517958	0.208125348044	0.209091907763	0.000969186756136	0.169626406764	0.193710139258	0.00100827861015	0.180312424649	0.00102870389168	0.17329536541	0.00156791597172	0.172579185291	0.202538625419	0.216243932032	0.216947955788	0.216213499895	0.214408082218	0.189167739023	0.18879457076	0.188836772639
CCIS81887263ST-4-0.snv.bam	0.178980257173	0.179288192885	0.170652706664	0.178978412249	0.178499757928	0.163809703736	0.172202582753	0.185638617606	0.182512855216	0.185564205586	0.172725723115	0.181827244922	0.16991420458	0.161427755374	0.174527308912	0.155851052017	0.155846689477	0.157032327077	0.151623278859	0.14992793649	0.187987828247	0.188115823928	0.188354001098	0.16576827925	0.188124628238	0.170728497092	0.187830628659	0.0	0.183528824181	0.159279325001	0.1622870825	0.162597506296	0.183906996553	0.152126144147	0.174005006575	0.182444214198	0.184893917096	0.172914225347	0.193629150785	0.189355327174	0.163950417192	0.161407708522	0.174311760962	0.165961491293	0.160616219668	0.146834028155	0.164792402749	0.196691802067	0.197595176664	0.199051500709	0.18488700565	0.138493869296	0.15108863937	0.18894016166	0.144031543195	0.188046916969	0.154387798441	0.188444684555	0.139118605223	0.185218087235	0.188261600336	0.187252042642	0.188231020232	0.186234173237	0.18214416935	0.182181385175	0.180397014943
CCIS90164298ST-4-0.snv.bam	0.192232854412	0.192772940044	0.187541409012	0.192542072494	0.190514588771	0.192385180119	0.188882172798	0.179449057455	0.179572454746	0.162055718502	0.189402781835	0.159243058414	0.188336624973	0.194316875879	0.183569946323	0.151650571029	0.151741737278	0.149648191888	0.153843928977	0.165258296131	0.158159851422	0.158221394984	0.158221437004	0.144811821437	0.158295989477	0.158261076077	0.1576755289	0.183528824181	0.0	0.185802924565	0.18579784546	0.161909099256	0.183109147238	0.166050288456	0.163411579372	0.20200277202	0.147303476846	0.1788439001	0.162160974012	0.173867707291	0.187225608245	0.103864418197	0.190067012728	0.156776293979	0.104768228323	0.160739222375	0.18864048952	0.195809870737	0.188844358019	0.194669049526	0.148532676412	0.168217108849	0.166386222224	0.15734177814	0.165931502733	0.158169872345	0.170400222537	0.158668260575	0.166237999079	0.172378357967	0.200128834052	0.200780705387	0.200159266188	0.198188340745	0.17054589795	0.172459653592	0.172766811882
CCIS91228662ST-4-0.snv.bam	0.200631205462	0.201213520746	0.1891181431	0.200503215184	0.198919859993	0.187529539145	0.193886326241	0.173246468923	0.173308555619	0.186295425674	0.194406935279	0.189174415216	0.191749896295	0.183051599189	0.193998056697	0.166323593234	0.166319251803	0.162859326638	0.157295866034	0.173397325219	0.188804363466	0.188993774552	0.189328550962	0.18222788087	0.189002536261	0.163242219492	0.18867830321	0.159279325001	0.185802924565	0.0	0.194003153287	0.161971902896	0.196047700961	0.174255596283	0.191388687756	0.194292460125	0.185806594373	0.173899090427	0.179877111031	0.193600231051	0.195351509868	0.168650921442	0.19838064145	0.17660835165	0.161437283221	0.162529117075	0.196967859778	0.19096975209	0.185457017978	0.198171188089	0.180637329035	0.164886139419	0.174525251312	0.18819762742	0.17411016995	0.188888122778	0.143796987547	0.189321043918	0.16650796432	0.183868980608	0.205028929222	0.204078535494	0.204998497086	0.203120254715	0.173921720731	0.172329319634	0.174303107018
CCIS95409808ST-4-0.snv.bam	0.0509591383484	0.0511960821311	0.0588523006581	0.0511045346588	0.0512209119106	0.144258651685	0.0409864173053	0.174764661173	0.174842524364	0.20589412709	0.0413914719134	0.212343192692	0.0409836065574	0.13253793356	0.188982865223	0.185645000192	0.185667752443	0.187054769001	0.170083184789	0.174852700102	0.211629917314	0.211821179323	0.211944187046	0.185616270522	0.211830026651	0.164910615409	0.211670545433	0.1622870825	0.18579784546	0.194003153287	0.0	0.171728395062	0.189523308817	0.184004934211	0.188122346145	0.205725637091	0.215751525236	0.161969003453	0.192931476832	0.200449806431	0.0	0.189719498911	0.191834554335	0.13824181919	0.17157712305	0.162295081967	0.0447068083432	0.190826992714	0.2039058483	0.203552418862	0.206132879046	0.168096054889	0.176041100236	0.212765957447	0.170594262295	0.211770501631	0.161885953553	0.21231451321	0.171116846708	0.182919079794	0.201954397394	0.202618625518	0.201985126913	0.200006788175	0.186263178145	0.189634371427	0.187426114825
CCMD26925580ST-21-0.snv.bam	0.172067182271	0.172583487926	0.166951072015	0.172459503981	0.173062180317	0.156563959392	0.168529081169	0.170482781919	0.167083232956	0.178841946464	0.169061717478	0.186022771427	0.169496739264	0.152392366255	0.159067746064	0.146832531292	0.146925803691	0.144375834073	0.140940308159	0.152224428719	0.181359294049	0.181487074369	0.181603639215	0.151612606395	0.181562045093	0.129608323568	0.181271043055	0.162597506296	0.161909099256	0.161971902896	0.171728395062	0.0	0.162790499509	0.146520061728	0.175463424686	0.173705520204	0.182624445694	0.164247275358	0.159235913881	0.181048451472	0.173328443956	0.160836705911	0.166618100232	0.15197364312	0.149449977218	0.142918666174	0.159195695575	0.170937693546	0.163943272933	0.181199421711	0.18128318301	0.132173913043	0.153514309764	0.182359805909	0.143141138884	0.181461210526	0.152213811344	0.181777900012	0.134728663337	0.162393751746	0.181579269038	0.182184827573	0.181548133849	0.181886244337	0.140205728599	0.142575010761	0.142236229472
DLM001.snv.bam	0.206309594756	0.207387352535	0.204609191021	0.206822260751	0.206041331857	0.200719669329	0.199712313141	0.19003443347	0.191919925649	0.208362604494	0.200183815736	0.209406683925	0.199223603794	0.211825549281	0.0280640528253	0.196170935036	0.19624367939	0.194346156533	0.188728532052	0.20006451122	0.207754076125	0.207948827159	0.207901756966	0.19264727177	0.207957835881	0.195393901549	0.207539677715	0.183906996553	0.183109147238	0.196047700961	0.189523308817	0.162790499509	0.0	0.203031723069	0.193534988847	0.214734525275	0.206063326974	0.203406456564	0.20168656689	0.204659601173	0.194585304598	0.190421417647	0.030932334351	0.173251308484	0.18610413193	0.172512418485	0.197593476605	0.160186639798	0.136173326541	0.165809389781	0.20197037964	0.197811312582	0.201224289046	0.208891564454	0.192769394397	0.207787539508	0.153508053315	0.208174764705	0.197098643804	0.125851340018	0.230885286171	0.231657947385	0.230916576262	0.229095105756	0.191990478025	0.18959398828	0.186295331348
M1.1-V1.metaG.snv.bam	0.190576658263	0.188094178436	0.172989108476	0.190763295127	0.189862251414	0.180378149152	0.190619967794	0.174558730366	0.174634537675	0.169698591	0.191025022402	0.162136581122	0.189959016393	0.179629006832	0.194793763437	0.164199473821	0.164291530945	0.162423621461	0.161709001783	0.119187977839	0.172338386369	0.172529648379	0.172579547885	0.162545787546	0.172538495706	0.149183277962	0.172266627041	0.152126144147	0.166050288456	0.174255596283	0.184004934211	0.146520061728	0.203031723069	0.0	0.182939924918	0.182726955534	0.170063782585	0.173562595359	0.169926590839	0.17367394708	0.185464169381	0.156835511983	0.204880189255	0.158000554631	0.153497409326	0.142418032787	0.186849113602	0.190022757874	0.190498257541	0.195178235855	0.162775891341	0.0240137221269	0.120372258474	0.173281505728	0.0393588992974	0.172487324814	0.154941509108	0.172751538183	0.0241686861732	0.175468548906	0.185464169381	0.186074507871	0.185433439862	0.183408427519	0.167082143662	0.166008854856	0.166152660273
MH0199.snv.bam	0.198041842841	0.198793037801	0.199627401198	0.19829294491	0.196489726701	0.190950000571	0.191208583815	0.198205853916	0.196842503134	0.0557005423847	0.191702586736	0.0694026682794	0.190491377434	0.178740900999	0.197260812608	0.178023545765	0.178058743391	0.176101130275	0.168610981276	0.178376287694	0.066431864523	0.0665421146862	0.0667994944502	0.0489008632877	0.0665047801132	0.169583692601	0.0668056098248	0.174005006575	0.163411579372	0.191388687756	0.188122346145	0.175463424686	0.193534988847	0.182939924918	0.0	0.210829860205	0.0667295197869	0.190815204886	0.0901440090317	0.0692253414835	0.189552996265	0.185178337588	0.197543709792	0.121679711508	0.18214645931	0.172624421034	0.180647720627	0.203807997558	0.209535182564	0.211804694958	0.05899961293	0.161099611595	0.179524620345	0.0667290011968	0.162928435201	0.066480078987	0.168813861577	0.0671574480072	0.165159948256	0.185750062085	0.219109646511	0.219835870746	0.219078664697	0.217259364483	0.174677650119	0.17504205251	0.174879369806
MH0229.snv.bam	0.200823653584	0.201613181302	0.199224569717	0.20086876977	0.200513232183	0.204105634151	0.197412107697	0.183209801655	0.17842803332	0.215273007728	0.197524308272	0.214840103984	0.197020335521	0.198026154362	0.207053978106	0.192313636882	0.192350128444	0.190022192442	0.167107698531	0.191443602035	0.218123081298	0.218141752387	0.218245283683	0.190436817058	0.218259219353	0.196146512558	0.217591927462	0.182444214198	0.20200277202	0.194292460125	0.205725637091	0.173705520204	0.214734525275	0.182726955534	0.210829860205	0.0	0.214600216025	0.214430116504	0.195777367818	0.210221777801	0.205379905119	0.182007353637	0.216701346039	0.185074815435	0.185887154742	0.179074471861	0.2021895846	0.233201791245	0.216666694247	0.236966257448	0.209472996417	0.175346945157	0.192571528128	0.217596563429	0.180930648164	0.218160661695	0.171951966505	0.218502458193	0.176157521834	0.191270750447	0.198904659934	0.197985012907	0.198874227798	0.200202970692	0.198552890822	0.199577664116	0.200632195926
MH0361.snv.bam	0.211701879568	0.212523409794	0.190434342566	0.212063638756	0.209704352495	0.199232411101	0.211557924589	0.197359137776	0.195982643899	0.0180941184474	0.211738838329	0.0108817251462	0.211166390271	0.194586146856	0.210238018323	0.171848266851	0.17188358045	0.170044348962	0.173153017781	0.192509231352	0.00119587715963	0.00124059272701	0.00128700598514	0.0640238913435	0.00120313514053	0.16522850751	0.00184029225274	0.184893917096	0.147303476846	0.185806594373	0.215751525236	0.182624445694	0.206063326974	0.170063782585	0.0667295197869	0.214600216025	0.0	0.200146270112	0.0553119789448	0.0347426852896	0.216913783635	0.172630853994	0.213773017314	0.162044817927	0.18155283129	0.174682144831	0.205035392535	0.199516458167	0.208048314142	0.208383716099	0.000954562810234	0.168105929764	0.193706525718	0.00110192837466	0.178220998184	0.00120876904834	0.171198619665	0.00130880468607	0.168126998867	0.197303743229	0.218561230093	0.219288042122	0.218530146198	0.216701173223	0.188602558448	0.188526792831	0.188549042393
