	764224817-stool1.snv.bam	CCIS00146684ST-4-0.snv.bam	CCIS07539127ST-4-0.snv.bam	CCIS51667829ST-4-0.snv.bam	CCIS82507866ST-3-0.snv.bam	CCIS90443472ST-4-0.snv.bam	M1.1-V2.metaG.snv.bam	MH0137.snv.bam	MH0247.snv.bam	MMRS43563715ST-27-0-0.snv.bam	N022A.snv.bam	N103A.snv.bam	NLM029.snv.bam	NOF012.snv.bam	NOM010.snv.bam	SAMEA3136630.snv.bam	SAMEA3136654.snv.bam	SAMEA3136658.snv.bam	SAMEA3136728.snv.bam	SAMEA3136753.snv.bam	T2D-123A.snv.bam	T2D-47A.snv.bam	V1.UC63-0.snv.bam	alien-11-600-0.snv.bam
764224817-stool1.snv.bam	0.0	0.186470449465	0.202719874614	0.0984707990123	0.141308657258	0.101688941134	0.25014160804	0.130231465179	0.199026295112	0.303865228741	0.16248317058	0.314715584736	0.309790328667	0.294008995251	0.152114983169	0.198804065551	0.119405902677	0.19580856599	0.101094808003	0.262987563667	0.300027209047	0.156185058474	0.0987609254987	0.270570166506
CCIS00146684ST-4-0.snv.bam	0.186470449465	0.0	0.14468500655	0.159769640375	0.154678629161	0.153785328509	0.179140199078	0.170857359588	0.0695313075755	0.252892146853	0.208237483694	0.302090164014	0.294147108692	0.284654837273	0.158830691695	0.124294015811	0.183471314452	0.11934233815	0.153031879209	0.231016144349	0.290546902873	0.141229994745	0.162930412607	0.230033644606
CCIS07539127ST-4-0.snv.bam	0.202719874614	0.14468500655	0.0	0.2095371669	0.205369584578	0.216427718041	0.178571428571	0.211959050721	0.159468438538	0.307071565088	0.234815380942	0.360148887305	0.351696874948	0.337784340712	0.168564356436	0.202056900754	0.230984078024	0.132103107787	0.215434083601	0.288590604027	0.340818515807	0.17706337526	0.212980129971	0.274615222433
CCIS51667829ST-4-0.snv.bam	0.0984707990123	0.159769640375	0.2095371669	0.0	0.0850395148746	0.00964944877988	0.207295732938	0.0779966050692	0.171023665382	0.287618680587	0.150875619962	0.299924516908	0.291970244938	0.276254636111	0.089265010352	0.171322533799	0.0589184969184	0.156257796972	0.0093358228861	0.238081923668	0.282262632628	0.0985851515196	0.000859811907448	0.240111328116
CCIS82507866ST-3-0.snv.bam	0.141308657258	0.154678629161	0.205369584578	0.0850395148746	0.0	0.0886060364048	0.221433594535	0.0136457545981	0.191054787506	0.302093796583	0.0883203150143	0.30356707391	0.294777992359	0.282307658886	0.0724090393733	0.156176239986	0.113212367979	0.172625852846	0.0880380156242	0.227250417711	0.288620601162	0.0570915203884	0.0851977751167	0.242408869582
CCIS90443472ST-4-0.snv.bam	0.101688941134	0.153785328509	0.216427718041	0.00964944877988	0.0886060364048	0.0	0.213908955395	0.0812547241119	0.164849976559	0.28740636285	0.154093762084	0.287230776973	0.285566528232	0.269929492616	0.09259553204	0.174580652842	0.0621366390403	0.162810161553	0.000284026357646	0.234667143027	0.279055208554	0.104870778304	0.00996752458144	0.236802926935
M1.1-V2.metaG.snv.bam	0.25014160804	0.179140199078	0.178571428571	0.207295732938	0.221433594535	0.213908955395	0.0	0.222098214286	0.146496815287	0.320892494929	0.271634579114	0.370583052289	0.362409189403	0.345648290427	0.207907348243	0.193848339161	0.209782041972	0.111379637842	0.212962962963	0.304207119741	0.351879787561	0.203751809547	0.210607470435	0.288502376378
MH0137.snv.bam	0.130231465179	0.170857359588	0.211959050721	0.0779966050692	0.0136457545981	0.0812547241119	0.222098214286	0.0	0.198311273391	0.302999130687	0.106007521502	0.296541942338	0.288534072666	0.272780332678	0.0645718864469	0.156865078495	0.105872813522	0.185928633576	0.0807164971252	0.227040816327	0.282005710423	0.0748436426972	0.0783537120507	0.238870532997
MH0247.snv.bam	0.199026295112	0.0695313075755	0.159468438538	0.171023665382	0.191054787506	0.164849976559	0.146496815287	0.198311273391	0.0	0.281897265949	0.236658406133	0.340338940926	0.335370417281	0.318673697277	0.196323529412	0.140675618311	0.185973802285	0.120032134827	0.16403785489	0.26821192053	0.324803862092	0.167365315281	0.174248644861	0.246898263027
MMRS43563715ST-27-0-0.snv.bam	0.303865228741	0.252892146853	0.307071565088	0.287618680587	0.302093796583	0.28740636285	0.320892494929	0.302999130687	0.281897265949	0.0	0.303635887076	0.252882171387	0.25252205842	0.238815658462	0.291046099291	0.266796809948	0.293611621598	0.290190956179	0.286488656896	0.157136980666	0.225195535056	0.289994575064	0.290436849459	0.146037581699
N022A.snv.bam	0.16248317058	0.208237483694	0.234815380942	0.150875619962	0.0883203150143	0.154093762084	0.271634579114	0.106007521502	0.236658406133	0.303635887076	0.0	0.317472643335	0.312836564131	0.296957598939	0.165099670287	0.216781229519	0.171587021053	0.217008788094	0.153339369562	0.231191636121	0.302863445316	0.0987677947818	0.150764057796	0.245773210892
N103A.snv.bam	0.314715584736	0.302090164014	0.360148887305	0.299924516908	0.30356707391	0.287230776973	0.370583052289	0.296541942338	0.340338940926	0.252882171387	0.317472643335	0.0	0.0296446260682	0.056317304521	0.345185055322	0.328248406221	0.311586902827	0.342028644401	0.289508931931	0.186053487418	0.0624404990349	0.301836661526	0.299128417612	0.220927697986
NLM029.snv.bam	0.309790328667	0.294147108692	0.351696874948	0.291970244938	0.294777992359	0.285566528232	0.362409189403	0.288534072666	0.335370417281	0.25252205842	0.312836564131	0.0296446260682	0.0	0.0446752933369	0.33668570708	0.313772157465	0.303585044169	0.334165921852	0.28783572944	0.178926846583	0.0383079329622	0.294164391118	0.290761419102	0.214079278878
NOF012.snv.bam	0.294008995251	0.284654837273	0.337784340712	0.276254636111	0.282307658886	0.269929492616	0.345648290427	0.272780332678	0.318673697277	0.238815658462	0.296957598939	0.056317304521	0.0446752933369	0.0	0.319649536125	0.294565580298	0.284717314278	0.318017245764	0.272218755692	0.182823142524	0.0434910830666	0.278492999235	0.27540367592	0.217351097497
NOM010.snv.bam	0.152114983169	0.158830691695	0.168564356436	0.089265010352	0.0724090393733	0.09259553204	0.207907348243	0.0645718864469	0.196323529412	0.291046099291	0.165099670287	0.345185055322	0.33668570708	0.319649536125	0.0	0.17341816837	0.127338454856	0.174657763946	0.0920094936709	0.272674418605	0.326226046784	0.133378335006	0.0891196848765	0.267225910175
SAMEA3136630.snv.bam	0.198804065551	0.124294015811	0.202056900754	0.171322533799	0.156176239986	0.174580652842	0.193848339161	0.156865078495	0.140675618311	0.266796809948	0.216781229519	0.328248406221	0.313772157465	0.294565580298	0.17341816837	0.0	0.160749928151	0.145557240263	0.173753491091	0.24340432295	0.300679913101	0.161099817878	0.171390706017	0.245285501676
SAMEA3136654.snv.bam	0.119405902677	0.183471314452	0.230984078024	0.0589184969184	0.113212367979	0.0621366390403	0.209782041972	0.105872813522	0.185973802285	0.293611621598	0.171587021053	0.311586902827	0.303585044169	0.284717314278	0.127338454856	0.160749928151	0.0	0.179876355777	0.0616634609619	0.25348406621	0.290787000264	0.122809438596	0.0593295784572	0.255028840752
SAMEA3136658.snv.bam	0.19580856599	0.11934233815	0.132103107787	0.156257796972	0.172625852846	0.162810161553	0.111379637842	0.185928633576	0.120032134827	0.290190956179	0.217008788094	0.342028644401	0.334165921852	0.318017245764	0.174657763946	0.145557240263	0.179876355777	0.0	0.162029113375	0.262767692544	0.323932262651	0.15000070269	0.15969523087	0.257812975584
SAMEA3136728.snv.bam	0.101094808003	0.153031879209	0.215434083601	0.0093358228861	0.0880380156242	0.000284026357646	0.212962962963	0.0807164971252	0.16403785489	0.286488656896	0.153339369562	0.289508931931	0.28783572944	0.272218755692	0.0920094936709	0.173753491091	0.0616634609619	0.162029113375	0.0	0.233974358974	0.278258460266	0.104266914784	0.00989853339743	0.236125025045
SAMEA3136753.snv.bam	0.262987563667	0.231016144349	0.288590604027	0.238081923668	0.227250417711	0.234667143027	0.304207119741	0.227040816327	0.26821192053	0.157136980666	0.231191636121	0.186053487418	0.178926846583	0.182823142524	0.272674418605	0.24340432295	0.25348406621	0.262767692544	0.233974358974	0.0	0.170058602396	0.221472745485	0.237682116734	0.0906148867314
T2D-123A.snv.bam	0.300027209047	0.290546902873	0.340818515807	0.282262632628	0.288620601162	0.279055208554	0.351879787561	0.282005710423	0.324803862092	0.225195535056	0.302863445316	0.0624404990349	0.0383079329622	0.0434910830666	0.326226046784	0.300679913101	0.290787000264	0.323932262651	0.278258460266	0.170058602396	0.0	0.284537185374	0.281678593047	0.205049769824
T2D-47A.snv.bam	0.156185058474	0.141229994745	0.17706337526	0.0985851515196	0.0570915203884	0.104870778304	0.203751809547	0.0748436426972	0.167365315281	0.289994575064	0.0987677947818	0.301836661526	0.294164391118	0.278492999235	0.133378335006	0.161099817878	0.122809438596	0.15000070269	0.104266914784	0.221472745485	0.284537185374	0.0	0.10193303228	0.236363439078
V1.UC63-0.snv.bam	0.0987609254987	0.162930412607	0.212980129971	0.000859811907448	0.0851977751167	0.00996752458144	0.210607470435	0.0783537120507	0.174248644861	0.290436849459	0.150764057796	0.299128417612	0.290761419102	0.27540367592	0.0891196848765	0.171390706017	0.0593295784572	0.15969523087	0.00989853339743	0.237682116734	0.281678593047	0.10193303228	0.0	0.239717635048
alien-11-600-0.snv.bam	0.270570166506	0.230033644606	0.274615222433	0.240111328116	0.242408869582	0.236802926935	0.288502376378	0.238870532997	0.246898263027	0.146037581699	0.245773210892	0.220927697986	0.214079278878	0.217351097497	0.267225910175	0.245285501676	0.255028840752	0.257812975584	0.236125025045	0.0906148867314	0.205049769824	0.236363439078	0.239717635048	0.0
