	158337416-stool2.snv.bam	158499257-stool2.snv.bam	159571453-stool2.snv.bam	160582958-stool2.snv.bam	764083206-stool1.snv.bam	765519544-stool3.snv.bam	BYQ_AAAR.snv.bam	CCMD95433940ST-21-0.snv.bam	M1.2-V2.metaG.snv.bam	M2.1-V1.metaG.snv.bam	M2.1-V2.metaG.snv.bam	MH0212.snv.bam	MH0275.snv.bam	MH0297.snv.bam	MH0310.snv.bam	MH0316.snv.bam	MH0342.snv.bam	MH0369.snv.bam	MH0408.snv.bam	MH0410.snv.bam	MH0457.snv.bam	MMRS11932626ST-27-0-0.snv.bam	MMRS16644320ST-27-0-0.snv.bam	MMRS33294861ST-27-0-0.snv.bam	MMRS93621581ST-27-0-0.snv.bam	V1.CD51-0.snv.bam	V1.FI20.snv.bam	V1.UC51-0.snv.bam	V1.UC51-4.snv.bam
158337416-stool2.snv.bam	0.0	0.335766423358	0.42700729927	0.35401459854	0.102189781022	0.397810218978	0.310218978102	0.383211678832	0.35401459854	0.379562043796	0.379562043796	0.310218978102	0.0985401459854	0.383211678832	0.368613138686	0.383211678832	0.383211678832	0.408759124088	0.368613138686	0.379562043796	0.124087591241	0.295620437956	0.273722627737	0.35401459854	0.317518248175	0.390510948905	0.346715328467	0.127737226277	0.405109489051
158499257-stool2.snv.bam	0.335766423358	0.0	0.156934306569	0.28102189781	0.299270072993	0.229927007299	0.233576642336	0.233576642336	0.197080291971	0.156934306569	0.156934306569	0.244525547445	0.28102189781	0.251824817518	0.142335766423	0.142335766423	0.229927007299	0.233576642336	0.182481751825	0.193430656934	0.178832116788	0.178832116788	0.233576642336	0.28102189781	0.197080291971	0.226277372263	0.197080291971	0.240875912409	0.244525547445
159571453-stool2.snv.bam	0.42700729927	0.156934306569	0.0	0.226277372263	0.379562043796	0.175182481752	0.237226277372	0.226277372263	0.189781021898	0.197080291971	0.197080291971	0.251824817518	0.368613138686	0.240875912409	0.0875912408759	0.0474452554745	0.21897810219	0.215328467153	0.229927007299	0.160583941606	0.248175182482	0.131386861314	0.266423357664	0.229927007299	0.189781021898	0.167883211679	0.0912408759124	0.302919708029	0.182481751825
160582958-stool2.snv.bam	0.35401459854	0.28102189781	0.226277372263	0.0	0.284671532847	0.167883211679	0.102189781022	0.284671532847	0.197080291971	0.21897810219	0.21897810219	0.171532846715	0.28102189781	0.255474452555	0.182481751825	0.262773722628	0.204379562044	0.186131386861	0.189781021898	0.189781021898	0.21897810219	0.0729927007299	0.160583941606	0.0	0.240875912409	0.189781021898	0.222627737226	0.251824817518	0.204379562044
764083206-stool1.snv.bam	0.102189781022	0.299270072993	0.379562043796	0.284671532847	0.0	0.335766423358	0.266423357664	0.321167883212	0.273722627737	0.324817518248	0.324817518248	0.237226277372	0.0620437956204	0.343065693431	0.339416058394	0.383211678832	0.321167883212	0.324817518248	0.295620437956	0.310218978102	0.109489051095	0.244525547445	0.255474452555	0.284671532847	0.262773722628	0.324817518248	0.335766423358	0.116788321168	0.343065693431
765519544-stool3.snv.bam	0.397810218978	0.229927007299	0.175182481752	0.167883211679	0.335766423358	0.0	0.21897810219	0.226277372263	0.153284671533	0.167883211679	0.167883211679	0.182481751825	0.328467153285	0.211678832117	0.138686131387	0.197080291971	0.211678832117	0.200729927007	0.142335766423	0.160583941606	0.226277372263	0.0912408759124	0.200729927007	0.171532846715	0.233576642336	0.131386861314	0.193430656934	0.270072992701	0.14598540146
BYQ_AAAR.snv.bam	0.310218978102	0.233576642336	0.237226277372	0.102189781022	0.266423357664	0.21897810219	0.0	0.295620437956	0.233576642336	0.178832116788	0.178832116788	0.182481751825	0.259124087591	0.266423357664	0.164233576642	0.226277372263	0.244525547445	0.255474452555	0.237226277372	0.200729927007	0.226277372263	0.120437956204	0.21897810219	0.102189781022	0.270072992701	0.251824817518	0.193430656934	0.237226277372	0.266423357664
CCMD95433940ST-21-0.snv.bam	0.383211678832	0.233576642336	0.226277372263	0.284671532847	0.321167883212	0.226277372263	0.295620437956	0.0	0.193430656934	0.21897810219	0.21897810219	0.226277372263	0.288321167883	0.197080291971	0.204379562044	0.233576642336	0.222627737226	0.248175182482	0.262773722628	0.175182481752	0.233576642336	0.186131386861	0.29197080292	0.288321167883	0.270072992701	0.14598540146	0.233576642336	0.270072992701	0.14598540146
M1.2-V2.metaG.snv.bam	0.35401459854	0.197080291971	0.189781021898	0.197080291971	0.273722627737	0.153284671533	0.233576642336	0.193430656934	0.0	0.175182481752	0.175182481752	0.149635036496	0.262773722628	0.20802919708	0.197080291971	0.186131386861	0.167883211679	0.14598540146	0.171532846715	0.160583941606	0.182481751825	0.116788321168	0.204379562044	0.200729927007	0.178832116788	0.182481751825	0.197080291971	0.21897810219	0.200729927007
M2.1-V1.metaG.snv.bam	0.379562043796	0.156934306569	0.197080291971	0.21897810219	0.324817518248	0.167883211679	0.178832116788	0.21897810219	0.175182481752	0.0	0.0	0.21897810219	0.310218978102	0.226277372263	0.131386861314	0.193430656934	0.21897810219	0.251824817518	0.222627737226	0.182481751825	0.229927007299	0.142335766423	0.222627737226	0.222627737226	0.251824817518	0.175182481752	0.186131386861	0.262773722628	0.189781021898
M2.1-V2.metaG.snv.bam	0.379562043796	0.156934306569	0.197080291971	0.21897810219	0.324817518248	0.167883211679	0.178832116788	0.21897810219	0.175182481752	0.0	0.0	0.21897810219	0.310218978102	0.226277372263	0.131386861314	0.193430656934	0.21897810219	0.251824817518	0.222627737226	0.182481751825	0.229927007299	0.142335766423	0.222627737226	0.222627737226	0.251824817518	0.175182481752	0.186131386861	0.262773722628	0.189781021898
MH0212.snv.bam	0.310218978102	0.244525547445	0.251824817518	0.171532846715	0.237226277372	0.182481751825	0.182481751825	0.226277372263	0.149635036496	0.21897810219	0.21897810219	0.0	0.229927007299	0.233576642336	0.229927007299	0.270072992701	0.189781021898	0.164233576642	0.204379562044	0.200729927007	0.20802919708	0.131386861314	0.171532846715	0.175182481752	0.240875912409	0.182481751825	0.251824817518	0.197080291971	0.186131386861
MH0275.snv.bam	0.0985401459854	0.28102189781	0.368613138686	0.28102189781	0.0620437956204	0.328467153285	0.259124087591	0.288321167883	0.262773722628	0.310218978102	0.310218978102	0.229927007299	0.0	0.313868613139	0.324817518248	0.368613138686	0.299270072993	0.310218978102	0.295620437956	0.299270072993	0.13503649635	0.229927007299	0.233576642336	0.28102189781	0.237226277372	0.306569343066	0.332116788321	0.0583941605839	0.324817518248
MH0297.snv.bam	0.383211678832	0.251824817518	0.240875912409	0.255474452555	0.343065693431	0.211678832117	0.266423357664	0.197080291971	0.20802919708	0.226277372263	0.226277372263	0.233576642336	0.313868613139	0.0	0.226277372263	0.237226277372	0.233576642336	0.222627737226	0.259124087591	0.240875912409	0.233576642336	0.167883211679	0.270072992701	0.255474452555	0.255474452555	0.197080291971	0.244525547445	0.273722627737	0.197080291971
MH0310.snv.bam	0.368613138686	0.142335766423	0.0875912408759	0.182481751825	0.339416058394	0.138686131387	0.164233576642	0.204379562044	0.197080291971	0.131386861314	0.131386861314	0.229927007299	0.324817518248	0.226277372263	0.0	0.0912408759124	0.211678832117	0.229927007299	0.200729927007	0.153284671533	0.211678832117	0.0912408759124	0.244525547445	0.186131386861	0.229927007299	0.138686131387	0.0985401459854	0.270072992701	0.153284671533
MH0316.snv.bam	0.383211678832	0.142335766423	0.0474452554745	0.262773722628	0.383211678832	0.197080291971	0.226277372263	0.233576642336	0.186131386861	0.193430656934	0.193430656934	0.270072992701	0.368613138686	0.237226277372	0.0912408759124	0.0	0.251824817518	0.244525547445	0.251824817518	0.189781021898	0.20802919708	0.142335766423	0.262773722628	0.266423357664	0.215328467153	0.20802919708	0.0474452554745	0.29197080292	0.222627737226
MH0342.snv.bam	0.383211678832	0.229927007299	0.21897810219	0.204379562044	0.321167883212	0.211678832117	0.244525547445	0.222627737226	0.167883211679	0.21897810219	0.21897810219	0.189781021898	0.299270072993	0.233576642336	0.211678832117	0.251824817518	0.0	0.164233576642	0.204379562044	0.204379562044	0.248175182482	0.153284671533	0.229927007299	0.20802919708	0.211678832117	0.186131386861	0.277372262774	0.255474452555	0.204379562044
MH0369.snv.bam	0.408759124088	0.233576642336	0.215328467153	0.186131386861	0.324817518248	0.200729927007	0.255474452555	0.248175182482	0.14598540146	0.251824817518	0.251824817518	0.164233576642	0.310218978102	0.222627737226	0.229927007299	0.244525547445	0.164233576642	0.0	0.20802919708	0.186131386861	0.240875912409	0.13503649635	0.21897810219	0.189781021898	0.197080291971	0.182481751825	0.251824817518	0.273722627737	0.200729927007
MH0408.snv.bam	0.368613138686	0.182481751825	0.229927007299	0.189781021898	0.295620437956	0.142335766423	0.237226277372	0.262773722628	0.171532846715	0.222627737226	0.222627737226	0.204379562044	0.295620437956	0.259124087591	0.200729927007	0.251824817518	0.204379562044	0.20802919708	0.0	0.200729927007	0.182481751825	0.131386861314	0.20802919708	0.189781021898	0.164233576642	0.167883211679	0.255474452555	0.244525547445	0.186131386861
MH0410.snv.bam	0.379562043796	0.193430656934	0.160583941606	0.189781021898	0.310218978102	0.160583941606	0.200729927007	0.175182481752	0.160583941606	0.182481751825	0.182481751825	0.200729927007	0.299270072993	0.240875912409	0.153284671533	0.189781021898	0.204379562044	0.186131386861	0.200729927007	0.0	0.215328467153	0.105839416058	0.237226277372	0.193430656934	0.20802919708	0.167883211679	0.167883211679	0.266423357664	0.182481751825
MH0457.snv.bam	0.124087591241	0.178832116788	0.248175182482	0.21897810219	0.109489051095	0.226277372263	0.226277372263	0.233576642336	0.182481751825	0.229927007299	0.229927007299	0.20802919708	0.13503649635	0.233576642336	0.211678832117	0.20802919708	0.248175182482	0.240875912409	0.182481751825	0.215328467153	0.0	0.113138686131	0.120437956204	0.21897810219	0.164233576642	0.20802919708	0.175182481752	0.0766423357664	0.226277372263
MMRS11932626ST-27-0-0.snv.bam	0.295620437956	0.178832116788	0.131386861314	0.0729927007299	0.244525547445	0.0912408759124	0.120437956204	0.186131386861	0.116788321168	0.142335766423	0.142335766423	0.131386861314	0.229927007299	0.167883211679	0.0912408759124	0.142335766423	0.153284671533	0.13503649635	0.131386861314	0.105839416058	0.113138686131	0.0	0.124087591241	0.0729927007299	0.149635036496	0.124087591241	0.120437956204	0.149635036496	0.138686131387
MMRS16644320ST-27-0-0.snv.bam	0.273722627737	0.233576642336	0.266423357664	0.160583941606	0.255474452555	0.200729927007	0.21897810219	0.29197080292	0.204379562044	0.222627737226	0.222627737226	0.171532846715	0.233576642336	0.270072992701	0.244525547445	0.262773722628	0.229927007299	0.21897810219	0.20802919708	0.237226277372	0.120437956204	0.124087591241	0.0	0.156934306569	0.200729927007	0.21897810219	0.237226277372	0.164233576642	0.237226277372
MMRS33294861ST-27-0-0.snv.bam	0.35401459854	0.28102189781	0.229927007299	0.0	0.284671532847	0.171532846715	0.102189781022	0.288321167883	0.200729927007	0.222627737226	0.222627737226	0.175182481752	0.28102189781	0.255474452555	0.186131386861	0.266423357664	0.20802919708	0.189781021898	0.189781021898	0.193430656934	0.21897810219	0.0729927007299	0.156934306569	0.0	0.240875912409	0.193430656934	0.226277372263	0.251824817518	0.20802919708
MMRS93621581ST-27-0-0.snv.bam	0.317518248175	0.197080291971	0.189781021898	0.240875912409	0.262773722628	0.233576642336	0.270072992701	0.270072992701	0.178832116788	0.251824817518	0.251824817518	0.240875912409	0.237226277372	0.255474452555	0.229927007299	0.215328467153	0.211678832117	0.197080291971	0.164233576642	0.20802919708	0.164233576642	0.149635036496	0.200729927007	0.240875912409	0.0	0.229927007299	0.193430656934	0.211678832117	0.248175182482
V1.CD51-0.snv.bam	0.390510948905	0.226277372263	0.167883211679	0.189781021898	0.324817518248	0.131386861314	0.251824817518	0.14598540146	0.182481751825	0.175182481752	0.175182481752	0.182481751825	0.306569343066	0.197080291971	0.138686131387	0.20802919708	0.186131386861	0.182481751825	0.167883211679	0.167883211679	0.20802919708	0.124087591241	0.21897810219	0.193430656934	0.229927007299	0.0	0.20802919708	0.251824817518	0.0
V1.FI20.snv.bam	0.346715328467	0.197080291971	0.0912408759124	0.222627737226	0.335766423358	0.193430656934	0.193430656934	0.233576642336	0.197080291971	0.186131386861	0.186131386861	0.251824817518	0.332116788321	0.244525547445	0.0985401459854	0.0474452554745	0.277372262774	0.251824817518	0.255474452555	0.167883211679	0.175182481752	0.120437956204	0.237226277372	0.226277372263	0.193430656934	0.20802919708	0.0	0.259124087591	0.222627737226
V1.UC51-0.snv.bam	0.127737226277	0.240875912409	0.302919708029	0.251824817518	0.116788321168	0.270072992701	0.237226277372	0.270072992701	0.21897810219	0.262773722628	0.262773722628	0.197080291971	0.0583941605839	0.273722627737	0.270072992701	0.29197080292	0.255474452555	0.273722627737	0.244525547445	0.266423357664	0.0766423357664	0.149635036496	0.164233576642	0.251824817518	0.211678832117	0.251824817518	0.259124087591	0.0	0.270072992701
V1.UC51-4.snv.bam	0.405109489051	0.244525547445	0.182481751825	0.204379562044	0.343065693431	0.14598540146	0.266423357664	0.14598540146	0.200729927007	0.189781021898	0.189781021898	0.186131386861	0.324817518248	0.197080291971	0.153284671533	0.222627737226	0.204379562044	0.200729927007	0.186131386861	0.182481751825	0.226277372263	0.138686131387	0.237226277372	0.20802919708	0.248175182482	0.0	0.222627737226	0.270072992701	0.0
