	160380657-stool1.snv.bam	368533040-stool1.snv.bam	737052003-stool1.snv.bam	763536994-stool2.snv.bam	763577454-stool2.snv.bam	764083206-stool1.snv.bam	764588959-stool2.snv.bam	BYQ_AAAO.snv.bam	BYQ_AAAX.snv.bam	CCIS07277498ST-4-0.snv.bam	CCIS10706551ST-3-0.snv.bam	CCIS14449628ST-4-0.snv.bam	CCIS74239020ST-4-0.snv.bam	CCIS90164298ST-4-0.snv.bam	ED50A.snv.bam	HT8A.snv.bam	M1.2-V2.metaG.snv.bam	M1.2-V3.metaG.snv.bam	MH0271.snv.bam	MH0334.snv.bam	MH0345.snv.bam	MH0346.snv.bam	MH0395.snv.bam	MH0403.snv.bam	MH0410.snv.bam	MH0416.snv.bam	MH0439.snv.bam	MH0450.snv.bam	MH0452.snv.bam	MMRS16644320ST-27-0-0.snv.bam	MMRS35808664ST-27-0-0.snv.bam	MMRS36405092ST-27-0-0.snv.bam	MMRS51410669ST-27-0-0.snv.bam	MMRS59699117ST-27-0-0.snv.bam	MMRS72802364ST-27-0-0.snv.bam	MMRS77321055ST-27-0-0.snv.bam	MMRS81130264ST-27-0-0.snv.bam	MMRS85382779ST-27-0-0.snv.bam	NLM004.snv.bam	NOM005.snv.bam	O2.UC12-1.snv.bam	O2.UC22-1.snv.bam	O2.UC53-2.snv.bam	SZEY-26A.snv.bam	SZEY-55A.snv.bam	SZEY-58A.snv.bam	SZEY-64A.snv.bam	SZEY-69A.snv.bam	T2D-112A.snv.bam	T2D-122A.snv.bam	T2D-135A.snv.bam	T2D-2A.snv.bam	T2D-45A.snv.bam	T2D-83A.snv.bam	V1.CD41-0.snv.bam	V1.CD51-0.snv.bam	V1.CD6-0-PN.snv.bam	V1.FI22.snv.bam	V1.UC35-4.snv.bam	bugkiller-11-773-0.snv.bam	tigress-11-7-0.snv.bam
160380657-stool1.snv.bam	0.0	0.0995743462302	0.0999980289096	0.0999866739541	0.1202659728	0.122538130816	0.0841445889878	0.138947386678	0.138981574113	0.10378408431	0.0640706987411	0.133981493535	0.121019445399	0.124818007423	0.165257036102	0.185576756252	0.104989581543	0.105198528519	0.191293622184	0.0984082230267	0.19434043838	0.188048607466	0.15320743663	0.107720165434	0.109493239006	0.109791547838	0.0856837796988	0.104146462752	0.106851445787	0.105304050968	0.118793101893	0.0875035706643	0.0731269802852	0.123531280198	0.105130744728	0.100760375022	0.100891937265	0.113014500044	0.18177636871	0.176351611407	0.107806362487	0.107683131141	0.099655152446	0.172136878115	0.228831930255	0.175968199548	0.179272766593	0.209151849678	0.1606500093	0.168859391953	0.200350282894	0.178341420095	0.15069027388	0.172527306495	0.0984184390969	0.127762756451	0.117616868106	0.131420104839	0.11750145548	0.108963056844	0.114055140721
368533040-stool1.snv.bam	0.0995743462302	0.0	0.122808403581	0.116951271412	0.104901393466	0.131949493663	0.119009961127	0.12613486181	0.126169950739	0.0962025387807	0.100222974147	0.127024296426	0.101878280048	0.117922938804	0.152680401502	0.16310614579	0.107738095238	0.108114633685	0.185932736996	0.0940575895333	0.187023154939	0.160781542379	0.144727463759	0.118573136716	0.0918889984541	0.101983626806	0.0938091397571	0.0865372684161	0.0828477500638	0.11637608807	0.113792012676	0.112353547883	0.106047470856	0.110608434706	0.107882980779	0.103532699552	0.115753494823	0.109831320689	0.16303466744	0.163916792145	0.100117502829	0.0879443139996	0.0963643145772	0.16022337998	0.216346480544	0.178331639337	0.15527152474	0.19424470084	0.135577852407	0.161015598436	0.193288346668	0.17080854149	0.154873668309	0.147575584582	0.0988443131618	0.128929718744	0.0921596810052	0.117996134427	0.105770709441	0.0976658599962	0.0884372869802
737052003-stool1.snv.bam	0.0999980289096	0.122808403581	0.0	0.0755790066183	0.100780142487	0.118224287267	0.092062406856	0.133649263548	0.133822758343	0.116681886621	0.0843307178331	0.108958306832	0.120024548536	0.121904976176	0.174626455316	0.192345646302	0.119803651695	0.118076979871	0.204647070767	0.112592246961	0.212907716208	0.202978016629	0.156736397638	0.0467295849234	0.120100625091	0.112086665104	0.0717974307072	0.112686943739	0.101195141869	0.0745480693497	0.0979042109329	0.0884251121804	0.0616318468481	0.0985953568087	0.111993370525	0.111857373321	0.115681568186	0.0917099495208	0.188537691675	0.186432769991	0.117631425999	0.106223313609	0.104052669918	0.177323431188	0.232664256133	0.188779859658	0.176374698731	0.218480258393	0.16451580111	0.189975023118	0.209623764707	0.167501303097	0.16765855451	0.171778008476	0.110902439317	0.126499709951	0.108221504125	0.13502306468	0.121248186762	0.119824682514	0.111006391149
763536994-stool2.snv.bam	0.0999866739541	0.116951271412	0.0755790066183	0.0	0.0704600115152	0.0797257411395	0.0818010326394	0.0917575245056	0.0917875642876	0.0999849066223	0.102381661831	0.0682767997309	0.108215642382	0.0895894100755	0.175995361079	0.188551135148	0.105970973471	0.105909163747	0.208412601034	0.0923510067235	0.214553154429	0.202957769053	0.158680287365	0.0865138914791	0.0900037355292	0.0879364304392	0.0549438433982	0.0859604450704	0.0929501671168	0.0697970577809	0.0881661280141	0.0903175518753	0.0860882647373	0.0864567476	0.0801051726052	0.0776942501942	0.0777923714411	0.0824829126864	0.189503469253	0.183582134905	0.0893442872095	0.0981250531275	0.104230949243	0.178164701272	0.228612690944	0.191889013888	0.171153148278	0.217912480465	0.166152716651	0.180997171955	0.200835208392	0.178594615185	0.161756459613	0.170873646073	0.10480487625	0.118794390583	0.102601689255	0.103761627991	0.0894806610739	0.0941236573133	0.106883301319
763577454-stool2.snv.bam	0.1202659728	0.104901393466	0.100780142487	0.0704600115152	0.0	0.0948245664538	0.10688526374	0.0883391299097	0.0885832773195	0.101272871295	0.108551515685	0.0851825887451	0.0984997165686	0.110132998042	0.185598005739	0.203519478787	0.106246507184	0.104610301586	0.215127293437	0.0933522920318	0.222082505281	0.217717519001	0.16556386361	0.0909096292381	0.110665363199	0.0966672326818	0.0598258437808	0.0966933244728	0.0932489248636	0.0833384461999	0.104314307667	0.0947257793439	0.0883202511774	0.095059214189	0.104396763302	0.10625252706	0.118052467334	0.0920471092641	0.199352502622	0.199810852414	0.106470841046	0.0885195113653	0.100451784461	0.199911699509	0.247682261687	0.203528328789	0.182836795517	0.227173555871	0.182185061572	0.19249858659	0.220196991674	0.186076574922	0.180852495694	0.184503899572	0.105074992192	0.122683719933	0.0970174291914	0.0900014383754	0.125777187756	0.106267579897	0.131459234914
764083206-stool1.snv.bam	0.122538130816	0.131949493663	0.118224287267	0.0797257411395	0.0948245664538	0.0	0.0936231578126	0.123468746271	0.123649325156	0.114185701558	0.134757892652	0.100661015805	0.120826560525	0.152821865562	0.193560442792	0.207600769189	0.132464680859	0.131005626451	0.212984084816	0.130787953545	0.224237083618	0.211058449119	0.182576904328	0.108172543655	0.120886219349	0.101435306793	0.0922138132009	0.102206949601	0.12626720391	0.0890137875165	0.111892826912	0.106850421675	0.1101232103	0.0839086399203	0.112842998193	0.116549156988	0.132199830927	0.101040385154	0.201614415212	0.195598159757	0.119114666068	0.120027805092	0.123757648531	0.195834652865	0.243054003743	0.199585764051	0.191216236927	0.222945982788	0.182574353659	0.188662360927	0.208149650973	0.186770200334	0.179006393205	0.188990146189	0.130294691326	0.139183984409	0.123851202839	0.158346620653	0.143339810445	0.124417239	0.12581291015
764588959-stool2.snv.bam	0.0841445889878	0.119009961127	0.092062406856	0.0818010326394	0.10688526374	0.0936231578126	0.0	0.141877420998	0.142121083026	0.116729078692	0.0959035133376	0.112851405622	0.11990280539	0.121781015038	0.187398743718	0.196401102119	0.119681908549	0.11975115791	0.202391692664	0.106477934352	0.206089057267	0.195990115086	0.165170580074	0.0864828772787	0.120159407652	0.116408846645	0.0898351778703	0.102512858782	0.117353995684	0.0723044397463	0.105734754069	0.0682943906467	0.0818737270876	0.0825050637899	0.111871627379	0.107846874795	0.11555982504	0.119723640204	0.198939709289	0.182037808792	0.11420509128	0.110497380663	0.11195442973	0.185516515595	0.242363639326	0.201152720009	0.188049717837	0.222091683472	0.169743830183	0.185701500323	0.213584932383	0.191501729933	0.171880583402	0.180064118162	0.110830251651	0.130269848101	0.100523499094	0.136435724493	0.117425760612	0.119659245487	0.130923752266
BYQ_AAAO.snv.bam	0.138947386678	0.12613486181	0.133649263548	0.0917575245056	0.0883391299097	0.123468746271	0.141877420998	0.0	0.000524904330149	0.12262590159	0.139068140264	0.0803784549303	0.148973749073	0.11903513447	0.187905405298	0.189555362927	0.128991316048	0.127311381017	0.207244512656	0.124951061075	0.211781260505	0.216037428914	0.17095542119	0.127381638577	0.109386479503	0.121321301653	0.109914405872	0.0943085106347	0.122516605912	0.109810096471	0.119478670788	0.147322181964	0.13212470834	0.123935449223	0.132948752914	0.121092149996	0.121245596817	0.117330149257	0.197948577259	0.19387922629	0.091379122914	0.115831249392	0.135377161359	0.200108218937	0.235127826352	0.209495704962	0.195509469001	0.225193590537	0.168621710592	0.188907851841	0.204410355715	0.180492853121	0.181369814898	0.193444063993	0.144556131914	0.127661183006	0.127745416269	0.1115278483	0.115259203932	0.136964414913	0.148208283468
BYQ_AAAX.snv.bam	0.138981574113	0.126169950739	0.133822758343	0.0917875642876	0.0885832773195	0.123649325156	0.142121083026	0.000524904330149	0.0	0.122525560483	0.13930180231	0.0804129835567	0.149007936508	0.119208704609	0.188073748859	0.189436198884	0.129025503482	0.127345704116	0.20752706218	0.124981884577	0.211902099083	0.21608489992	0.171071029443	0.127615300623	0.109536918972	0.121493767823	0.11015763314	0.0945512076639	0.122495318691	0.109846438575	0.119512858223	0.147356369398	0.132159726239	0.123969772322	0.133119235837	0.121126337431	0.121091566672	0.11736495578	0.19792677294	0.193858324467	0.0914532631836	0.116073466782	0.135619858389	0.200142678781	0.235053017943	0.209580489822	0.19565488383	0.225587650805	0.168590830556	0.189144317832	0.204654990445	0.18065104746	0.181517298638	0.193428282931	0.14453450273	0.127895307749	0.127750245363	0.111704619527	0.115500481482	0.136998602347	0.148242743312
CCIS07277498ST-4-0.snv.bam	0.10378408431	0.0962025387807	0.116681886621	0.0999849066223	0.101272871295	0.114185701558	0.116729078692	0.12262590159	0.122525560483	0.0	0.120359230189	0.1087529274	0.0940517251493	0.105842979484	0.1577430778	0.166486904005	0.077565726956	0.0775035403438	0.178201372418	0.0760062248245	0.186354523691	0.176160326221	0.148617239141	0.120654867742	0.0841725221874	0.106722333366	0.0880727808141	0.106172177705	0.0750276823448	0.0999184797886	0.127977847108	0.114097288516	0.111992779005	0.0985660706552	0.114296272833	0.108052228936	0.118066930198	0.0948784721216	0.167778301542	0.168734599339	0.0858893330425	0.0925310442256	0.102573241113	0.160702435495	0.214737175768	0.172825118139	0.161916375575	0.194738012265	0.152083990114	0.159458179576	0.181763585367	0.171057370178	0.153238745399	0.162213098678	0.0926874904646	0.125372304296	0.0905848840844	0.107515004836	0.102387200428	0.104013714769	0.121316354411
CCIS10706551ST-3-0.snv.bam	0.0640706987411	0.100222974147	0.0843307178331	0.102381661831	0.108551515685	0.134757892652	0.0959035133376	0.139068140264	0.13930180231	0.120359230189	0.0	0.126337415773	0.129261178682	0.1212371564	0.169790413128	0.189648654114	0.113231314826	0.113356253741	0.201132491721	0.102452179969	0.207329859645	0.198785212711	0.162190864248	0.0875461889283	0.121514717121	0.101848224782	0.0893678312523	0.100397865975	0.110723664223	0.107762700215	0.107271989326	0.0839375973126	0.0694231686278	0.127837464803	0.0975622013311	0.105520366355	0.0893427304567	0.109214688196	0.179882027556	0.178860163427	0.10402234343	0.103719381198	0.103679679192	0.182615675102	0.236948312087	0.188062220008	0.183174615809	0.221145672398	0.169002323314	0.184666203235	0.208540110972	0.190550515295	0.159189953816	0.177102751251	0.0939936547082	0.119712905027	0.109754776313	0.128114743585	0.117322221093	0.117204790127	0.106426290205
CCIS14449628ST-4-0.snv.bam	0.133981493535	0.127024296426	0.108958306832	0.0682767997309	0.0851825887451	0.100661015805	0.112851405622	0.0803784549303	0.0804129835567	0.1087529274	0.126337415773	0.0	0.135950321579	0.101544352497	0.191935481264	0.206077017214	0.111776447106	0.110159126627	0.21742862364	0.111688612689	0.215733847992	0.217780614343	0.186155590781	0.106442358073	0.108591354763	0.102648668916	0.0820544657639	0.0893229102167	0.11762287391	0.0955414012739	0.110152897203	0.130172843561	0.114285714286	0.108545989426	0.109923011121	0.105984551044	0.12560198003	0.0976493460587	0.205890602619	0.195058670214	0.106607888874	0.105030304338	0.116402247449	0.197790233485	0.23317044206	0.207890440136	0.185009883136	0.226449984182	0.172691286794	0.192700613143	0.210304358746	0.190175213031	0.181251758045	0.177956812621	0.119725377142	0.124790927494	0.116191554277	0.101915009456	0.112541405962	0.121781257493	0.132526958679
CCIS74239020ST-4-0.snv.bam	0.121019445399	0.101878280048	0.120024548536	0.108215642382	0.0984997165686	0.120826560525	0.11990280539	0.148973749073	0.149007936508	0.0940517251493	0.129261178682	0.135950321579	0.0	0.130927429657	0.171788519457	0.19203645245	0.0871761089152	0.0874613398768	0.203186884814	0.0741176718495	0.21990361884	0.207301549701	0.155803383378	0.117687607543	0.099885467419	0.107749361551	0.091716876366	0.110440725187	0.0892098239924	0.115779645191	0.140505320964	0.113295861137	0.123706702654	0.121636848411	0.11470292992	0.118990852143	0.126556725507	0.110800066097	0.189955723521	0.191285685242	0.11399014392	0.121662062706	0.105568781852	0.186276526567	0.237011491568	0.194088963862	0.185330700109	0.219382809348	0.17502746577	0.185070902145	0.214451606522	0.200546674022	0.175570563575	0.182709443483	0.124770526189	0.125755593778	0.112004804654	0.121412098682	0.119652436186	0.0990547225555	0.131766584456
CCIS90164298ST-4-0.snv.bam	0.124818007423	0.117922938804	0.121904976176	0.0895894100755	0.110132998042	0.152821865562	0.121781015038	0.11903513447	0.119208704609	0.105842979484	0.1212371564	0.101544352497	0.130927429657	0.0	0.189387695542	0.203631126856	0.118631431446	0.119048940637	0.213060087684	0.102158687128	0.215587745889	0.217299729976	0.1807555072	0.129459752268	0.127493139165	0.119671172827	0.0992768809025	0.105879059232	0.120701974361	0.115545656164	0.144757349548	0.133151742561	0.10713365243	0.118923342915	0.102966010348	0.108768775658	0.130606465641	0.120908401003	0.209663582963	0.201156703568	0.11866493275	0.113668103381	0.127340615228	0.195291501679	0.24314691079	0.207546827307	0.182356538159	0.233248209629	0.180296675494	0.196282076485	0.214038583746	0.207845719518	0.186810409102	0.181818201956	0.0945360812066	0.153942107208	0.104973420767	0.0340887714067	0.0766434203552	0.122724767514	0.138115159857
ED50A.snv.bam	0.165257036102	0.152680401502	0.174626455316	0.175995361079	0.185598005739	0.193560442792	0.187398743718	0.187905405298	0.188073748859	0.1577430778	0.169790413128	0.191935481264	0.171788519457	0.189387695542	0.0	0.118386794127	0.169502282603	0.16998644516	0.150457822307	0.164276061092	0.140900702655	0.162682604784	0.100324562433	0.165690157263	0.159425115606	0.161659260326	0.163319357643	0.180630600005	0.156730914555	0.178007741611	0.202540300549	0.182414665635	0.169446727815	0.180739571775	0.171412923402	0.173543036289	0.171319674242	0.172671791926	0.131861116104	0.126534363259	0.136803574439	0.173980802213	0.17013343699	0.108560566476	0.150426620117	0.0901550535898	0.138334875387	0.112119181556	0.109269683418	0.102750513913	0.125451866679	0.113198032478	0.104242088064	0.129625611786	0.157000114759	0.182688084242	0.178856940139	0.193477571275	0.180627427642	0.159188681772	0.168987383545
HT8A.snv.bam	0.185576756252	0.16310614579	0.192345646302	0.188551135148	0.203519478787	0.207600769189	0.196401102119	0.189555362927	0.189436198884	0.166486904005	0.189648654114	0.206077017214	0.19203645245	0.203631126856	0.118386794127	0.0	0.1856872461	0.186063006903	0.132283550788	0.182291607477	0.146690502083	0.145482491097	0.121126349668	0.187765513454	0.169116741708	0.179150771995	0.181487176477	0.194030622245	0.163381357209	0.190404222055	0.206094621563	0.188116737597	0.188072576494	0.18468546712	0.189768878754	0.191660814608	0.181619066499	0.192436636681	0.128210748104	0.152641134792	0.134585592266	0.187235467646	0.194242299556	0.142166727166	0.169390648876	0.127063627584	0.161128005144	0.163078957291	0.144545334453	0.143832457952	0.158654836806	0.166512821917	0.135878398274	0.160757636404	0.176504136755	0.19201127369	0.192895229991	0.202087506191	0.190079490595	0.181582349121	0.177068679095
M1.2-V2.metaG.snv.bam	0.104989581543	0.107738095238	0.119803651695	0.105970973471	0.106246507184	0.132464680859	0.119681908549	0.128991316048	0.129025503482	0.077565726956	0.113231314826	0.111776447106	0.0871761089152	0.118631431446	0.169502282603	0.1856872461	0.0	0.000380211129003	0.209259759308	0.0270481991181	0.215648299691	0.198554504784	0.172201406159	0.129212797329	0.103618449413	0.0997286510131	0.0955328135153	0.110012261288	0.0968953751562	0.105042016807	0.140285733788	0.121097664335	0.121457489879	0.109511627953	0.110530773574	0.10285964036	0.114479430821	0.12684804479	0.19377938524	0.19340432931	0.097670000839	0.117654596743	0.10930915589	0.178039632872	0.230726418617	0.191780736454	0.177190657481	0.209055072928	0.171948022103	0.174806180556	0.206245795921	0.190344855437	0.169247167008	0.178383396124	0.112499218737	0.113654383657	0.0999275099685	0.108725989551	0.11341774458	0.118597981229	0.115798709922
M1.2-V3.metaG.snv.bam	0.105198528519	0.108114633685	0.118076979871	0.105909163747	0.104610301586	0.131005626451	0.11975115791	0.127311381017	0.127345704116	0.0775035403438	0.113356253741	0.110159126627	0.0874613398768	0.119048940637	0.16998644516	0.186063006903	0.000380211129003	0.0	0.209897665063	0.0268690364881	0.215425597803	0.198850643605	0.172713655999	0.127533741193	0.103717527652	0.10006369365	0.0938299125291	0.109773008209	0.0972191746346	0.103154704879	0.138797590245	0.121370532275	0.119781234044	0.109886981424	0.110908681777	0.103060135188	0.114726035928	0.126786483798	0.194100297604	0.194004624568	0.0978531727873	0.1160766471	0.107547621942	0.178542451629	0.231104700756	0.192338519626	0.177786246463	0.210073686039	0.172439246245	0.175629517581	0.206862673084	0.18883136811	0.169724359756	0.179054529826	0.112707875054	0.113898198528	0.100263341728	0.109110467258	0.113812593023	0.118860929791	0.116200713135
MH0271.snv.bam	0.191293622184	0.185932736996	0.204647070767	0.208412601034	0.215127293437	0.212984084816	0.202391692664	0.207244512656	0.20752706218	0.178201372418	0.201132491721	0.21742862364	0.203186884814	0.213060087684	0.150457822307	0.132283550788	0.209259759308	0.209897665063	0.0	0.198998785285	0.1379935636	0.142661757424	0.121126494622	0.194762606012	0.189193867156	0.19320407829	0.197290964825	0.214631955343	0.175663381435	0.188306726505	0.219574926126	0.205649626968	0.20401781172	0.204406873143	0.20738006006	0.199337208849	0.19712735444	0.200861441977	0.163431768245	0.139982052249	0.162266763501	0.203189457819	0.199284526263	0.156634697979	0.193236540295	0.156074712025	0.179557051797	0.15491768533	0.149531433388	0.140213799256	0.174551020923	0.16458456639	0.155210562756	0.173137142945	0.193004881292	0.207328532785	0.206944806144	0.202706217551	0.208351582366	0.199115225867	0.194811539656
MH0334.snv.bam	0.0984082230267	0.0940575895333	0.112592246961	0.0923510067235	0.0933522920318	0.130787953545	0.106477934352	0.124951061075	0.124981884577	0.0760062248245	0.102452179969	0.111688612689	0.0741176718495	0.102158687128	0.164276061092	0.182291607477	0.0270481991181	0.0268690364881	0.198998785285	0.0	0.207270068663	0.190554143308	0.158048384877	0.119075700543	0.0844246270024	0.0824177991922	0.0858872075559	0.0950327602026	0.0732706302285	0.0917151101236	0.122739810721	0.108955723811	0.114948755436	0.109354859417	0.100222479013	0.0859621297224	0.104342683833	0.103528449915	0.183966933998	0.179414237325	0.0924852716581	0.0926729093809	0.0885576160719	0.169095314914	0.223157741156	0.18732549036	0.166421508676	0.209157197234	0.160309268256	0.173963374066	0.206504628359	0.179600532434	0.163789043144	0.16560626443	0.0947916132599	0.103078157849	0.0908828370479	0.0912768470775	0.0994332125686	0.108536139041	0.101245082115
MH0345.snv.bam	0.19434043838	0.187023154939	0.212907716208	0.214553154429	0.222082505281	0.224237083618	0.206089057267	0.211781260505	0.211902099083	0.186354523691	0.207329859645	0.215733847992	0.21990361884	0.215587745889	0.140900702655	0.146690502083	0.215648299691	0.215425597803	0.1379935636	0.207270068663	0.0	0.121795101306	0.134481841763	0.203315382222	0.199203658432	0.20969739476	0.205922534956	0.215874240011	0.193451536643	0.216715229215	0.226490198431	0.217711569705	0.208030082484	0.210348927746	0.200906658353	0.200854635908	0.202698384555	0.211250564406	0.191761311208	0.134206569077	0.181179860952	0.203622688614	0.207783713051	0.143342554548	0.148594700342	0.152388328377	0.188693668799	0.164821575229	0.11902179086	0.13712241863	0.149483636704	0.157498578323	0.134509877592	0.171428756998	0.190697522746	0.227239156933	0.225053539906	0.207591006803	0.201808285106	0.192270448635	0.217678184953
MH0346.snv.bam	0.188048607466	0.160781542379	0.202978016629	0.202957769053	0.217717519001	0.211058449119	0.195990115086	0.216037428914	0.21608489992	0.176160326221	0.198785212711	0.217780614343	0.207301549701	0.217299729976	0.162682604784	0.145482491097	0.198554504784	0.198850643605	0.142661757424	0.190554143308	0.121795101306	0.0	0.134169042168	0.207213920849	0.186230491581	0.179991858517	0.198447635441	0.201094390059	0.18055276284	0.202302390228	0.219574330611	0.205398323133	0.19903886143	0.199248709113	0.207217118765	0.194175174707	0.20069618988	0.200022232875	0.171896113154	0.131638939816	0.165963802195	0.188416600562	0.194693421443	0.162463841175	0.177308801564	0.174316768002	0.184281863742	0.164881276879	0.136107614562	0.162409244015	0.162277722138	0.172517313577	0.139349448909	0.17577812955	0.181379190872	0.212016669162	0.200420232167	0.213227655197	0.206442801785	0.177255401588	0.189529221563
MH0395.snv.bam	0.15320743663	0.144727463759	0.156736397638	0.158680287365	0.16556386361	0.182576904328	0.165170580074	0.17095542119	0.171071029443	0.148617239141	0.162190864248	0.186155590781	0.155803383378	0.1807555072	0.100324562433	0.121126349668	0.172201406159	0.172713655999	0.121126494622	0.158048384877	0.134481841763	0.134169042168	0.0	0.155854936626	0.15604027581	0.160338078232	0.156798285565	0.17397892538	0.138207787484	0.162290430913	0.185170964474	0.166035907306	0.156696815651	0.176750625167	0.1699217709	0.148899831847	0.157151601893	0.155255916414	0.136477236892	0.12437715666	0.134301277724	0.168880278728	0.162336427759	0.106670796616	0.177385611516	0.106581304406	0.139446449054	0.129300506914	0.125646221588	0.104871058552	0.124933168004	0.142925173699	0.0926911337514	0.146507137	0.152625880001	0.173411779619	0.171185456622	0.170366057038	0.167098226947	0.149335454551	0.164319004852
MH0403.snv.bam	0.107720165434	0.118573136716	0.0467295849234	0.0865138914791	0.0909096292381	0.108172543655	0.0864828772787	0.127381638577	0.127615300623	0.120654867742	0.0875461889283	0.106442358073	0.117687607543	0.129459752268	0.165690157263	0.187765513454	0.129212797329	0.127533741193	0.194762606012	0.119075700543	0.203315382222	0.207213920849	0.155854936626	0.0	0.121825805156	0.113810551707	0.0692903451926	0.110494923494	0.106762527652	0.0807538199699	0.107285092382	0.0882518042094	0.0755648661327	0.104199826205	0.105638545494	0.109486038581	0.117210014711	0.0934107720511	0.18807380452	0.180775704467	0.111894350919	0.10401909828	0.111625334781	0.184480751467	0.226941872817	0.187936737208	0.17514935513	0.205364287921	0.166581887203	0.18062225955	0.20027000658	0.162693962378	0.167578931815	0.168951345549	0.106466335431	0.127415353563	0.117760424117	0.134261615767	0.127254848833	0.12132856512	0.114566987708
MH0410.snv.bam	0.109493239006	0.0918889984541	0.120100625091	0.0900037355292	0.110665363199	0.120886219349	0.120159407652	0.109386479503	0.109536918972	0.0841725221874	0.121514717121	0.108591354763	0.099885467419	0.127493139165	0.159425115606	0.169116741708	0.103618449413	0.103717527652	0.189193867156	0.0844246270024	0.199203658432	0.186230491581	0.15604027581	0.121825805156	0.0	0.0920333714253	0.098022555525	0.102330055858	0.0813476581508	0.109863111611	0.121572833848	0.117869243928	0.128235963195	0.122218510366	0.099472016136	0.0955652345119	0.084064429787	0.103410695006	0.171673917636	0.170858466932	0.0637116727743	0.0901610570527	0.110046011085	0.166366138244	0.215113506128	0.186139511963	0.173550117583	0.20551253554	0.148553956893	0.167080011	0.190883280816	0.180709153004	0.153021392563	0.168909772099	0.112431834424	0.106402164083	0.110527765899	0.13010085718	0.11756945955	0.111591548278	0.112565386169
MH0416.snv.bam	0.109791547838	0.101983626806	0.112086665104	0.0879364304392	0.0966672326818	0.101435306793	0.116408846645	0.121321301653	0.121493767823	0.106722333366	0.101848224782	0.102648668916	0.107749361551	0.119671172827	0.161659260326	0.179150771995	0.0997286510131	0.10006369365	0.19320407829	0.0824177991922	0.20969739476	0.179991858517	0.160338078232	0.113810551707	0.0920333714253	0.0	0.0880134039933	0.102589956311	0.0924749589303	0.0975866867672	0.113855409828	0.110157189805	0.0982120475034	0.102284314966	0.0759788990025	0.0997346233017	0.107595540439	0.111576547474	0.177065733154	0.178941024486	0.0856354880528	0.0895333012678	0.0862300476795	0.170300619117	0.217094044479	0.181629769255	0.159081769851	0.201216197214	0.157563628524	0.166760697768	0.194293837821	0.180422201796	0.157104565691	0.160974043407	0.10436138756	0.0982984594075	0.103960693207	0.12210626	0.121344627675	0.111503249675	0.0924019902106
MH0439.snv.bam	0.0856837796988	0.0938091397571	0.0717974307072	0.0549438433982	0.0598258437808	0.0922138132009	0.0898351778703	0.109914405872	0.11015763314	0.0880727808141	0.0893678312523	0.0820544657639	0.091716876366	0.0992768809025	0.163319357643	0.181487176477	0.0955328135153	0.0938299125291	0.197290964825	0.0858872075559	0.205922534956	0.198447635441	0.156798285565	0.0692903451926	0.098022555525	0.0880134039933	0.0	0.0943217300415	0.0744804091295	0.0798474147539	0.103582472701	0.0858693683118	0.0667122782852	0.096260217827	0.0875963055788	0.0997212177037	0.0994249185561	0.08710333529	0.181713537676	0.180659036825	0.102051372167	0.0717812771334	0.0876100001996	0.182583396977	0.225900648534	0.184251428462	0.162632996255	0.20770596013	0.162179381085	0.174816873079	0.201003064244	0.172445442696	0.158867966144	0.161798828449	0.0798959203637	0.116079549283	0.104111911247	0.0933201095543	0.104753965856	0.0874733761455	0.106544095673
MH0450.snv.bam	0.104146462752	0.0865372684161	0.112686943739	0.0859604450704	0.0966933244728	0.102206949601	0.102512858782	0.0943085106347	0.0945512076639	0.106172177705	0.100397865975	0.0893229102167	0.110440725187	0.105879059232	0.180630600005	0.194030622245	0.110012261288	0.109773008209	0.214631955343	0.0950327602026	0.215874240011	0.201094390059	0.17397892538	0.110494923494	0.102330055858	0.102589956311	0.0943217300415	0.0	0.0871099305691	0.110866221281	0.102669419024	0.100865095568	0.106485534323	0.116891634328	0.106401749861	0.106164742644	0.11012484575	0.103631656679	0.194311590819	0.199465602001	0.106390482443	0.0942757649676	0.110420739121	0.197030321432	0.238054863358	0.204483618467	0.188070245205	0.230139125045	0.173656911222	0.193466663565	0.209228774716	0.19336234947	0.174099676121	0.182325569644	0.114485954646	0.116229614827	0.0904002066237	0.108254082154	0.0872168663395	0.0942387722302	0.107370074829
MH0452.snv.bam	0.106851445787	0.0828477500638	0.101195141869	0.0929501671168	0.0932489248636	0.12626720391	0.117353995684	0.122516605912	0.122495318691	0.0750276823448	0.110723664223	0.11762287391	0.0892098239924	0.120701974361	0.156730914555	0.163381357209	0.0968953751562	0.0972191746346	0.175663381435	0.0732706302285	0.193451536643	0.18055276284	0.138207787484	0.106762527652	0.0813476581508	0.0924749589303	0.0744804091295	0.0871099305691	0.0	0.103002226532	0.122556603016	0.107204850698	0.113419149452	0.10758515936	0.100989107511	0.100752568687	0.100752276333	0.0826409217101	0.163837207195	0.169360435351	0.0966832388865	0.0746433064984	0.0911280341339	0.16769139279	0.212327825067	0.171113479424	0.158412978867	0.19254895845	0.14694064021	0.160145830992	0.191515178344	0.173914118359	0.150215058646	0.160000322003	0.100538014076	0.102978239119	0.100772482438	0.114386631277	0.113676381512	0.100868850457	0.107888470538
MMRS16644320ST-27-0-0.snv.bam	0.105304050968	0.11637608807	0.0745480693497	0.0697970577809	0.0833384461999	0.0890137875165	0.0723044397463	0.109810096471	0.109846438575	0.0999184797886	0.107762700215	0.0955414012739	0.115779645191	0.115545656164	0.178007741611	0.190404222055	0.105042016807	0.103154704879	0.188306726505	0.0917151101236	0.216715229215	0.202302390228	0.162290430913	0.0807538199699	0.109863111611	0.0975866867672	0.0798474147539	0.110866221281	0.103002226532	0.0	0.0797995405396	0.0886783655981	0.0689655172414	0.0826171458962	0.111494597839	0.0989459245237	0.130097882343	0.0900288613723	0.189272100008	0.18225749649	0.105890966437	0.0998673301263	0.0886885255795	0.178895674995	0.23055823057	0.191258325636	0.173539409551	0.213063819772	0.166617254141	0.181715063348	0.211720378789	0.179114166824	0.164374151224	0.168408509407	0.119710707118	0.131358871046	0.0914282390403	0.127128710846	0.114276022485	0.119770122903	0.125277441485
MMRS35808664ST-27-0-0.snv.bam	0.118793101893	0.113792012676	0.0979042109329	0.0881661280141	0.104314307667	0.111892826912	0.105734754069	0.119478670788	0.119512858223	0.127977847108	0.107271989326	0.110152897203	0.140505320964	0.144757349548	0.202540300549	0.206094621563	0.140285733788	0.138797590245	0.219574926126	0.122739810721	0.226490198431	0.219574330611	0.185170964474	0.107285092382	0.121572833848	0.113855409828	0.103582472701	0.102669419024	0.122556603016	0.0797995405396	0.0	0.115010836604	0.0910619054592	0.123253210825	0.128968438874	0.101353481368	0.124779038526	0.108708369331	0.205983890789	0.201874335551	0.12603155498	0.111702431694	0.123140009943	0.203947018432	0.242906268599	0.215970599912	0.195149225583	0.237330847287	0.181346166087	0.200816779607	0.228392886555	0.194448033896	0.181636785723	0.184663275831	0.134556610899	0.133825871774	0.121636168658	0.154117891115	0.139661617141	0.13280075099	0.122146521673
MMRS36405092ST-27-0-0.snv.bam	0.0875035706643	0.112353547883	0.0884251121804	0.0903175518753	0.0947257793439	0.106850421675	0.0682943906467	0.147322181964	0.147356369398	0.114097288516	0.0839375973126	0.130172843561	0.113295861137	0.133151742561	0.182414665635	0.188116737597	0.121097664335	0.121370532275	0.205649626968	0.108955723811	0.217711569705	0.205398323133	0.166035907306	0.0882518042094	0.117869243928	0.110157189805	0.0858693683118	0.100865095568	0.107204850698	0.0886783655981	0.115010836604	0.0	0.0793858190775	0.0762112204612	0.109264867976	0.125026823412	0.100865461387	0.108924651534	0.190277697088	0.191744572158	0.11212575348	0.116113525226	0.107757858116	0.192715462667	0.241383829028	0.19230705851	0.187598150087	0.225537305229	0.173318482217	0.189231684095	0.216710686966	0.190894592271	0.171456154127	0.180996957914	0.106780500856	0.116063481923	0.110181386712	0.131596971249	0.12587585004	0.101239472582	0.112363287918
MMRS51410669ST-27-0-0.snv.bam	0.0731269802852	0.106047470856	0.0616318468481	0.0860882647373	0.0883202511774	0.1101232103	0.0818737270876	0.13212470834	0.132159726239	0.111992779005	0.0694231686278	0.114285714286	0.123706702654	0.10713365243	0.169446727815	0.188072576494	0.121457489879	0.119781234044	0.20401781172	0.114948755436	0.208030082484	0.19903886143	0.156696815651	0.0755648661327	0.128235963195	0.0982120475034	0.0667122782852	0.106485534323	0.113419149452	0.0689655172414	0.0910619054592	0.0793858190775	0.0	0.110030562924	0.113504916136	0.117607813913	0.125357473675	0.0928731510533	0.179571363746	0.182990722442	0.120517693456	0.0959801180823	0.0977710420372	0.182327107816	0.230247571874	0.184322880087	0.175278122742	0.218367214531	0.16910352786	0.185081517151	0.207080272135	0.170241387064	0.163061679516	0.171731420602	0.102555702158	0.138626434418	0.102090860853	0.130724683965	0.111797647937	0.11135744636	0.116593780369
MMRS59699117ST-27-0-0.snv.bam	0.123531280198	0.110608434706	0.0985953568087	0.0864567476	0.095059214189	0.0839086399203	0.0825050637899	0.123935449223	0.123969772322	0.0985660706552	0.127837464803	0.108545989426	0.121636848411	0.118923342915	0.180739571775	0.18468546712	0.109511627953	0.109886981424	0.204406873143	0.109354859417	0.210348927746	0.199248709113	0.176750625167	0.104199826205	0.122218510366	0.102284314966	0.096260217827	0.116891634328	0.10758515936	0.0826171458962	0.123253210825	0.0762112204612	0.110030562924	0.0	0.10568509734	0.105539797663	0.125238993023	0.109570381311	0.19688073423	0.184001497707	0.0938530016383	0.116694529686	0.107756683683	0.185247737488	0.226105688377	0.192725054061	0.164162460276	0.212079682946	0.171809404802	0.181965616591	0.195489619306	0.187332961287	0.178496870726	0.163220077771	0.0968242397977	0.132384342415	0.0881068039302	0.141810169879	0.112252142925	0.117379905679	0.118590802209
MMRS72802364ST-27-0-0.snv.bam	0.105130744728	0.107882980779	0.111993370525	0.0801051726052	0.104396763302	0.112842998193	0.111871627379	0.132948752914	0.133119235837	0.114296272833	0.0975622013311	0.109923011121	0.11470292992	0.102966010348	0.171412923402	0.189768878754	0.110530773574	0.110908681777	0.20738006006	0.100222479013	0.200906658353	0.207217118765	0.1699217709	0.105638545494	0.099472016136	0.0759788990025	0.0875963055788	0.106401749861	0.100989107511	0.111494597839	0.128968438874	0.109264867976	0.113504916136	0.10568509734	0.0	0.103000803544	0.0988103173254	0.114919329642	0.18365792775	0.197557544268	0.0854538467718	0.105938052417	0.105343521231	0.183774787492	0.230861098751	0.197614544081	0.17900491723	0.220897661243	0.170856335832	0.18670582278	0.21009523989	0.196431583081	0.168888037477	0.176351780199	0.104610521089	0.113512940941	0.10647824478	0.104773998918	0.121290633214	0.106881436904	0.113664390059
MMRS77321055ST-27-0-0.snv.bam	0.100760375022	0.103532699552	0.111857373321	0.0776942501942	0.10625252706	0.116549156988	0.107846874795	0.121092149996	0.121126337431	0.108052228936	0.105520366355	0.105984551044	0.118990852143	0.108768775658	0.173543036289	0.191660814608	0.10285964036	0.103060135188	0.199337208849	0.0859621297224	0.200854635908	0.194175174707	0.148899831847	0.109486038581	0.0955652345119	0.0997346233017	0.0997212177037	0.106164742644	0.100752568687	0.0989459245237	0.101353481368	0.125026823412	0.117607813913	0.105539797663	0.103000803544	0.0	0.0989127511235	0.106925026829	0.189929709275	0.180665238128	0.0935487532067	0.117559221104	0.113362577715	0.178166111123	0.220958593849	0.193778788203	0.177340966618	0.21322419134	0.158661768479	0.178942985021	0.198327855338	0.184353267255	0.163155748264	0.170551961848	0.114410343088	0.129588993601	0.0998321343296	0.124138565363	0.117146864492	0.106789680834	0.121868387257
MMRS81130264ST-27-0-0.snv.bam	0.100891937265	0.115753494823	0.115681568186	0.0777923714411	0.118052467334	0.132199830927	0.11555982504	0.121245596817	0.121091566672	0.118066930198	0.0893427304567	0.12560198003	0.126556725507	0.130606465641	0.171319674242	0.181619066499	0.114479430821	0.114726035928	0.19712735444	0.104342683833	0.202698384555	0.20069618988	0.157151601893	0.117210014711	0.084064429787	0.107595540439	0.0994249185561	0.11012484575	0.100752276333	0.130097882343	0.124779038526	0.100865461387	0.125357473675	0.125238993023	0.0988103173254	0.0989127511235	0.0	0.120714427075	0.183864061536	0.182589670166	0.089784017075	0.113606359579	0.125005377663	0.178039439024	0.21855335585	0.189705202611	0.184948329058	0.213093633667	0.158669069128	0.174882275796	0.19827492166	0.188362005128	0.169046615864	0.178166867293	0.112402013908	0.105942831319	0.133909397792	0.1335072573	0.115633508246	0.106595198611	0.117694311506
MMRS85382779ST-27-0-0.snv.bam	0.113014500044	0.109831320689	0.0917099495208	0.0824829126864	0.0920471092641	0.101040385154	0.119723640204	0.117330149257	0.11736495578	0.0948784721216	0.109214688196	0.0976493460587	0.110800066097	0.120908401003	0.172671791926	0.192436636681	0.12684804479	0.126786483798	0.200861441977	0.103528449915	0.211250564406	0.200022232875	0.155255916414	0.0934107720511	0.103410695006	0.111576547474	0.08710333529	0.103631656679	0.0826409217101	0.0900288613723	0.108708369331	0.108924651534	0.0928731510533	0.109570381311	0.114919329642	0.106925026829	0.120714427075	0.0	0.184836071277	0.186218597374	0.117816720465	0.0816505581509	0.117017395299	0.177391620773	0.224766232118	0.183375745831	0.170272594404	0.21309124784	0.167970960561	0.184154394675	0.21629462566	0.167384192709	0.162138891157	0.16737907217	0.106292801843	0.12991722179	0.106338111767	0.126849747056	0.129875373074	0.114621932075	0.111915680815
NLM004.snv.bam	0.18177636871	0.16303466744	0.188537691675	0.189503469253	0.199352502622	0.201614415212	0.198939709289	0.197948577259	0.19792677294	0.167778301542	0.179882027556	0.205890602619	0.189955723521	0.209663582963	0.131861116104	0.128210748104	0.19377938524	0.194100297604	0.163431768245	0.183966933998	0.191761311208	0.171896113154	0.136477236892	0.18807380452	0.171673917636	0.177065733154	0.181713537676	0.194311590819	0.163837207195	0.189272100008	0.205983890789	0.190277697088	0.179571363746	0.19688073423	0.18365792775	0.189929709275	0.183864061536	0.184836071277	0.0	0.155481161221	0.153849163038	0.185330801723	0.190188385246	0.164684402316	0.188512327969	0.154597527394	0.157237896785	0.164125289611	0.154883745953	0.159284788259	0.169012466222	0.179518145576	0.128568728005	0.166892845782	0.180985603286	0.182395567655	0.192483903933	0.198803649799	0.200376076108	0.179825210372	0.177261160591
NOM005.snv.bam	0.176351611407	0.163916792145	0.186432769991	0.183582134905	0.199810852414	0.195598159757	0.182037808792	0.19387922629	0.193858324467	0.168734599339	0.178860163427	0.195058670214	0.191285685242	0.201156703568	0.126534363259	0.152641134792	0.19340432931	0.194004624568	0.139982052249	0.179414237325	0.134206569077	0.131638939816	0.12437715666	0.180775704467	0.170858466932	0.178941024486	0.180659036825	0.199465602001	0.169360435351	0.18225749649	0.201874335551	0.191744572158	0.182990722442	0.184001497707	0.197557544268	0.180665238128	0.182589670166	0.186218597374	0.155481161221	0.0	0.161364904394	0.183456167831	0.185513494793	0.123187772296	0.14686192031	0.1442066804	0.139687562287	0.164800690342	0.110304565084	0.101541867805	0.151035845761	0.135546935102	0.125165983539	0.13463918087	0.181112369918	0.204678054994	0.200666379861	0.198845114296	0.185805539333	0.17836470832	0.188926914135
O2.UC12-1.snv.bam	0.107806362487	0.100117502829	0.117631425999	0.0893442872095	0.106470841046	0.119114666068	0.11420509128	0.091379122914	0.0914532631836	0.0858893330425	0.10402234343	0.106607888874	0.11399014392	0.11866493275	0.136803574439	0.134585592266	0.097670000839	0.0978531727873	0.162266763501	0.0924852716581	0.181179860952	0.165963802195	0.134301277724	0.111894350919	0.0637116727743	0.0856354880528	0.102051372167	0.106390482443	0.0966832388865	0.105890966437	0.12603155498	0.11212575348	0.120517693456	0.0938530016383	0.0854538467718	0.0935487532067	0.089784017075	0.117816720465	0.153849163038	0.161364904394	0.0	0.111846151089	0.111947949444	0.157725475159	0.192717404406	0.160706044238	0.148101577794	0.176329473114	0.136677276471	0.145643303772	0.159412099206	0.163739916505	0.132777760046	0.149440873976	0.109591153683	0.108273564375	0.107294542618	0.121074944871	0.107558528018	0.105512438242	0.106841668961
