	764487809-stool1.snv.bam	CCIS09568613ST-4-0.snv.bam	CCIS11362406ST-4-0.snv.bam	CCIS16383318ST-4-0.snv.bam	CCIS21278152ST-4-0.snv.bam	CCIS22958137ST-20-0.snv.bam	CCIS48174381ST-4-0.snv.bam	CCIS51667829ST-4-0.snv.bam	CCIS54027808ST-4-0.snv.bam	CCIS65479369ST-4-0.snv.bam	CCIS74239020ST-4-0.snv.bam	CCIS74726977ST-3-0.snv.bam	CCIS87116798ST-4-0.snv.bam	CCMD19497912ST-21-0.snv.bam	DOM003.snv.bam	M1.1-V1.metaG.snv.bam	M1.1-V3.metaG.snv.bam	M1.4-V3.metaG.snv.bam	M4.1-V3.metaG.snv.bam	M4.1-V3.metaT.snv.bam	M4.2-V2.metaG.snv.bam	M4.2-V3.metaG.snv.bam	M4.2-V3.metaT.snv.bam	M4.3-V1.metaG.snv.bam	M4.5-V3.metaT.snv.bam	M4.6-V3.metaG.snv.bam	MH0222.snv.bam	MH0227.snv.bam	MH0244.snv.bam	MH0298.snv.bam	MH0301.snv.bam	MH0323.snv.bam	MH0349.snv.bam	MH0361.snv.bam	MH0362.snv.bam	MH0367.snv.bam	MH0372.snv.bam	MH0442.snv.bam	MH0454.snv.bam	MMRS11932626ST-27-0-0.snv.bam	MMRS17603756ST-27-0-0.snv.bam	MMRS42780924ST-27-0-0.snv.bam	MMRS54246132ST-27-0-0.snv.bam	MMRS62376181ST-27-0-0.snv.bam	MMRS67096717ST-27-0-0.snv.bam	MMRS80093644ST-27-0-0.snv.bam	MMRS81671217ST-27-0-0.snv.bam	MMRS84085284ST-27-0-0.snv.bam	MMRS85382779ST-27-0-0.snv.bam	N037A.snv.bam	NG-5636_144.snv.bam	NG-5636_186.snv.bam	NG-5636_205.snv.bam	NG-5636_350.snv.bam	NG-5636_354.snv.bam	NG-5636_381.snv.bam	NG-5636_495.snv.bam	NG-5636_526.snv.bam	NG-5636_530.snv.bam	NG-5636_543.snv.bam	NG-5636_547.snv.bam	NG-5636_58.snv.bam	NLM004.snv.bam	NOM009.snv.bam	O2.UC12-1.snv.bam	O2.UC15-2.snv.bam	O2.UC18-1.snv.bam	O2.UC44-1.snv.bam	O2.UC44-2.snv.bam	O2.UC46-1.snv.bam	O2.UC6-0.snv.bam	O2.UC6-1.snv.bam	O2.UC6-2.snv.bam	SAMEA3136625.snv.bam	SAMEA3136642.snv.bam	SAMEA3136655.snv.bam	SAMEA3136656.snv.bam	SAMEA3136664.snv.bam	SAMEA3136673.snv.bam	SAMEA3136680.snv.bam	SAMEA3136682.snv.bam	SAMEA3136685.snv.bam	SAMEA3136686.snv.bam	SAMEA3136687.snv.bam	SAMEA3136688.snv.bam	SAMEA3136704.snv.bam	SAMEA3136709.snv.bam	SAMEA3136716.snv.bam	SAMEA3136746.snv.bam	SAMEA3178939.snv.bam	T2D-163A.snv.bam	V1.CD20-4.snv.bam	V1.CD32-0.snv.bam	V1.CD32-4.snv.bam	V1.CD42-0.snv.bam	V1.FI06.snv.bam	V1.FI08.snv.bam	V1.FI26.snv.bam	V1.UC17-2.snv.bam	V1.UC22-1.snv.bam	V1.UC23-1.snv.bam	V1.UC38-0.snv.bam	V1.UC39-4.snv.bam	V1.UC54-4.snv.bam
764487809-stool1.snv.bam	0.0	0.0638416518616	0.0832087845665	0.0825423210365	0.0829421234794	0.0750262827384	0.0928002015736	0.0864556956669	0.0895949179608	0.0710051176617	0.10860487369	0.0764963120998	0.104870232687	0.215127330126	0.209465339192	0.16743850446	0.166123149452	0.0904869167091	0.0753894344288	0.0868493348954	0.0749705713747	0.0671731808257	0.0722252293249	0.078097931382	0.0849635761566	0.0810055523646	0.0849526771262	0.0812512675621	0.0828821799241	0.140227238182	0.134276043595	0.21919269446	0.0556544611923	0.170082418743	0.0911888367999	0.224413305885	0.167478634723	0.14409053189	0.0719120021434	0.0811060167486	0.162392060668	0.0717481544091	0.0930652267026	0.10104169182	0.165262735781	0.065037062079	0.114350464605	0.120771713506	0.0816547880827	0.187620350492	0.078950995553	0.0962794486003	0.0798028062003	0.16073907296	0.188404991626	0.154798584729	0.163437926704	0.0807017801729	0.0985894831527	0.229271972427	0.0699777037252	0.155516041655	0.187609623289	0.0725189628578	0.0754495782209	0.229312141932	0.0809477971266	0.0946645404005	0.0942879255142	0.0852249034687	0.0840794594992	0.0825780411887	0.081681707062	0.0785162643582	0.22368218182	0.105516432128	0.237944434028	0.151565082281	0.143859372425	0.227327633041	0.243632955012	0.258469232143	0.243590022216	0.134356819896	0.138843745832	0.102695180238	0.154842533688	0.2064391602	0.211288492436	0.134858912133	0.191419261317	0.0704398623829	0.0984825564298	0.0985877650391	0.135330748621	0.106359264849	0.106495203256	0.0853350163191	0.124314929734	0.067661218898	0.0766510577471	0.103137842994	0.0825344952796	0.0830667727524
CCIS09568613ST-4-0.snv.bam	0.0638416518616	0.0	0.0629438130348	0.0744759792883	0.0565643079662	0.0505242962962	0.0790843364373	0.0678672321745	0.0747466754926	0.0561168971802	0.10067001675	0.0793775227331	0.0934893924153	0.20307987099	0.187953043259	0.16372351931	0.163721910287	0.071907957814	0.0351342393106	0.042299691871	0.0409333288417	0.0589542848389	0.0601821617147	0.0414812426099	0.0436847266909	0.0406413124534	0.0485282126549	0.0697927725204	0.0471562587376	0.142757242757	0.118966265322	0.201655720822	0.0372222224339	0.166288912644	0.0799320922609	0.200898320681	0.16347832547	0.153469677681	0.0722120105744	0.0671505553723	0.143181640472	0.0753983933001	0.0744323831621	0.0898050495366	0.158673519619	0.0537702831689	0.0885587047319	0.116460060587	0.0427558846669	0.171189301593	0.0730693098633	0.0805034342504	0.0462836956645	0.158051044686	0.175541125541	0.142332041535	0.15473780524	0.0806028833552	0.0896045918367	0.213818993506	0.0653829764568	0.156027085357	0.177189542484	0.0502611013799	0.0577681577682	0.214537158077	0.0635080780452	0.0856305577721	0.0856599584278	0.0721962743586	0.061622757211	0.0621254222513	0.0612705578846	0.0605979914666	0.207670651195	0.0873194221509	0.222546161322	0.143110967259	0.137177844577	0.212249817831	0.231180557737	0.227472877177	0.228134458035	0.125925375706	0.145902844359	0.067166984035	0.143864044906	0.192313772701	0.195295926427	0.125709916994	0.183669393895	0.0681097781467	0.0942732059996	0.0941844224027	0.120283553045	0.0957055088868	0.082006723619	0.0585430811437	0.0925591239631	0.0787677030655	0.0744724291999	0.085654672861	0.0780519480519	0.0718150896722
CCIS11362406ST-4-0.snv.bam	0.0832087845665	0.0629438130348	0.0	0.0880992883897	0.0726357412622	0.0447164577419	0.0940256207579	0.0944111375088	0.0892267528585	0.0807230869804	0.104877445277	0.0850938219663	0.0970337780834	0.228572970486	0.203062202607	0.17156137502	0.169851168268	0.075973591778	0.0720556173938	0.0835646109092	0.0781939781091	0.0930379472687	0.0978668274764	0.0749759108785	0.0771050782716	0.0799995135711	0.0344039962327	0.0718829024057	0.055462184029	0.157404090293	0.142205640608	0.227270926544	0.0485560850167	0.186794363427	0.0884713184278	0.230419709151	0.179715495054	0.163508805914	0.0891267150991	0.0595592669752	0.153739916421	0.0884569538394	0.0782334858272	0.106510352808	0.170325660624	0.0884237772555	0.0961162755109	0.117449604196	0.0667390650175	0.198075023407	0.0808559104458	0.0881624629723	0.0658087566309	0.159429760237	0.189529750432	0.163424108776	0.164343698745	0.102399934311	0.0975532441036	0.231967277245	0.0890006750112	0.170451410156	0.200840759656	0.071991535721	0.0481288256981	0.237183476369	0.0767360012922	0.102538751019	0.102493076477	0.0890151393336	0.0788207888251	0.0775132699526	0.0762730790488	0.0731161415505	0.235316826316	0.0982050475163	0.24506959797	0.159115873853	0.155850061941	0.233690552131	0.255653590527	0.257057212681	0.25296645831	0.133386382942	0.168806397744	0.0929562583305	0.167530994102	0.220524731075	0.217067727815	0.142876168026	0.202313191263	0.069624889931	0.0999907534589	0.0998818094811	0.128368514446	0.0990677957533	0.107924144334	0.0911472057493	0.0966266810046	0.102388965996	0.100134124667	0.0935716006277	0.0839956448983	0.0887707286839
CCIS16383318ST-4-0.snv.bam	0.0825423210365	0.0744759792883	0.0880992883897	0.0	0.0809169536805	0.0708560697752	0.0667466557783	0.0712795177887	0.0766631454435	0.0788910431664	0.0811761757044	0.0907212050223	0.0880304272253	0.223271467972	0.205308066599	0.190174608574	0.189807504049	0.0976182404816	0.0801812112361	0.0881575641116	0.0790228556095	0.0919250475636	0.0950438090591	0.0806678660873	0.0870172759861	0.0830122619273	0.0832281440867	0.0952788915804	0.0820277648644	0.169094340437	0.146941910192	0.225465400185	0.072316147688	0.192614010585	0.114118001901	0.235426041458	0.200548503809	0.18194149086	0.0789458475541	0.0813435023848	0.168799034006	0.094819603628	0.0996826993129	0.117719571424	0.192011334582	0.0831503253704	0.109567598981	0.128938561671	0.0731530340614	0.195662209379	0.0996257290115	0.0921083961898	0.0788169998553	0.179427394952	0.204976407571	0.167069217487	0.176147870353	0.102582646768	0.0894610069776	0.238287593064	0.0802256716915	0.191972000681	0.198264000345	0.087203900684	0.0592620642146	0.238880795249	0.0709822012078	0.0984174242872	0.0988148057093	0.100507962225	0.092704246858	0.0909479711689	0.0900881007837	0.0935082249511	0.233300343919	0.121621084929	0.246056184607	0.173523422376	0.173520833748	0.234765176496	0.251816744645	0.258329867176	0.247044367945	0.159837668199	0.172113795014	0.0969297382666	0.173842931326	0.217658541543	0.219465510546	0.155470536459	0.200826843179	0.0700694425051	0.112129774559	0.112031761385	0.148881862718	0.0936459464495	0.0963417420558	0.106032547071	0.120993483502	0.0907744929818	0.0843444324448	0.114753607044	0.0711015958481	0.0991756031019
CCIS21278152ST-4-0.snv.bam	0.0829421234794	0.0565643079662	0.0726357412622	0.0809169536805	0.0	0.0663884274677	0.103755478662	0.0922315203125	0.0986287175276	0.0801945231023	0.115230635335	0.0963710447197	0.108594427245	0.223253540716	0.214310330561	0.165824667603	0.164243242871	0.0936137071651	0.0774557165862	0.0833992094862	0.0757885092502	0.0817108268541	0.0820861075745	0.0759653270292	0.0765886006883	0.0773141967067	0.0670942720764	0.0823489072607	0.0583650458069	0.14918699187	0.140634920635	0.219353800345	0.0697395402573	0.182838676345	0.0959671990698	0.219216744632	0.173058506607	0.167764826507	0.0822023308645	0.0933014354067	0.18084984209	0.0815968795703	0.0922431229773	0.105050505051	0.167833069378	0.0768992248062	0.0923032849503	0.142419386169	0.0742526677435	0.201460701461	0.0691348725934	0.104950863956	0.0593018761858	0.168225135975	0.202284809411	0.16011300655	0.170738840772	0.108073541167	0.100388500389	0.232937450515	0.0914719626168	0.165441913797	0.204748221128	0.0615169765548	0.0806145515066	0.224038382607	0.0848633119717	0.100549154884	0.100931167598	0.0774336243022	0.0547866205306	0.0552375256323	0.0544025157233	0.0770518783542	0.22817335403	0.10813771518	0.236966824645	0.158675559651	0.152471026242	0.229398512772	0.248464012546	0.262040023296	0.24065437286	0.141077284362	0.152201824655	0.0629808961757	0.16084670725	0.214474855857	0.212113021387	0.138449240608	0.213207339688	0.0774872687405	0.109869175333	0.109875236609	0.137604697466	0.101593033266	0.104369783224	0.077145082666	0.101811375909	0.0938934827939	0.10084169822	0.100890134043	0.0994509803922	0.0771491135127
CCIS22958137ST-20-0.snv.bam	0.0750262827384	0.0505242962962	0.0447164577419	0.0708560697752	0.0663884274677	0.0	0.0728021795174	0.0723294711832	0.0690206124619	0.0700267294263	0.0888244192524	0.0828112974508	0.0860092295208	0.213832375018	0.19360497232	0.17835243441	0.177721574232	0.0747404270716	0.0586708955556	0.0676085966146	0.0632581752111	0.0835796716028	0.0885244020169	0.0605845226838	0.0650352403924	0.0648980577835	0.0344138973297	0.0839401443983	0.0641426855118	0.153124017615	0.134329665855	0.212336005806	0.0484602763478	0.181493501637	0.0898580200701	0.218963489996	0.177855344867	0.162272125291	0.0724228990749	0.0663783491433	0.149842647835	0.0883693380157	0.0805911431434	0.0986316609765	0.172688788655	0.0665379237623	0.0911437276333	0.117179773646	0.0610140114685	0.180345406231	0.0760734794242	0.0828007478988	0.0601939602175	0.166527015561	0.180877867183	0.153668654759	0.165856096959	0.0926911094353	0.0852221607224	0.219658503173	0.0769207679833	0.170020823066	0.188255767941	0.0727359325873	0.0479531209025	0.225914983576	0.0585351424768	0.083282889752	0.0832886926981	0.0770321544083	0.0706878823644	0.0690659830402	0.0681277056312	0.0755425993363	0.222092461686	0.0889742964363	0.235002601657	0.151846187439	0.151804614297	0.227641155385	0.242899843831	0.235997914741	0.24197117858	0.135285746349	0.162526930877	0.0784651003989	0.162353373644	0.204948659807	0.20672244903	0.143656092484	0.188431746106	0.058738680992	0.0871308088906	0.087222221173	0.130398874391	0.0927455559885	0.0886023457378	0.0887921341702	0.0917320225471	0.0817468204655	0.0747886132302	0.0972540097149	0.0689603107128	0.0767618307911
CCIS48174381ST-4-0.snv.bam	0.0928002015736	0.0790843364373	0.0940256207579	0.0667466557783	0.103755478662	0.0728021795174	0.0	0.0404972810401	0.0395492897277	0.0852466966388	0.0278056951424	0.0948529263777	0.0569509675215	0.217565852299	0.195621317248	0.185838920491	0.185148343169	0.101417594065	0.0796941727511	0.0913291628143	0.0874547507937	0.104454096245	0.107441648469	0.084688057041	0.0891917166722	0.0873673854329	0.0756664652162	0.111337372012	0.0825383403007	0.161140819964	0.143764795212	0.221956848844	0.0754118995252	0.184180782293	0.109612457558	0.232587068726	0.185546527751	0.173303269954	0.0585963193091	0.0853643073858	0.152644966032	0.117967313964	0.102011396206	0.114159757863	0.178465400737	0.0936067077165	0.110626907013	0.125135405725	0.0838781564709	0.17715431512	0.108530369287	0.0893768466291	0.0822261269357	0.167998535223	0.177556022409	0.148907336801	0.161256713253	0.11703993524	0.0447085084034	0.229470254011	0.0897376847831	0.178912628463	0.18660130719	0.101190379124	0.0529648728178	0.232461145854	0.0420787461171	0.0722035501978	0.0720138749944	0.103124012937	0.0906465288818	0.0847491170381	0.0881025096269	0.109343101983	0.223874309128	0.11454064772	0.240429505135	0.165068003026	0.163829312339	0.232631823845	0.246760481894	0.239787533448	0.236987657629	0.164479153381	0.181443235012	0.115912094551	0.166749588012	0.211090172653	0.215043161814	0.151025467658	0.188085945114	0.0611876038716	0.0739572055615	0.0738463511288	0.133601549927	0.056182540346	0.0592675692665	0.111859754197	0.11719891099	0.0698019373968	0.0519480519657	0.121072106353	0.0187032085561	0.102811863382
CCIS51667829ST-4-0.snv.bam	0.0864556956669	0.0678672321745	0.0944111375088	0.0712795177887	0.0922315203125	0.0723294711832	0.0404972810401	0.0	0.0415801769361	0.0696630461197	0.065893514254	0.102463555847	0.0525377125469	0.206580941145	0.192981191476	0.174088971427	0.174252844103	0.0888846964503	0.0744000106669	0.078719686251	0.0760875443719	0.0945142651925	0.094954476507	0.0760971741252	0.0770191163237	0.0757921833223	0.0789210845937	0.0992799328456	0.074539218767	0.152507089393	0.129593815977	0.208663994724	0.0694204512922	0.174350144337	0.0909087917874	0.21854564658	0.18009434004	0.164014002778	0.0571892589992	0.0833775308563	0.148639380433	0.107783367074	0.0895712177589	0.10261932079	0.161601213636	0.0769209325795	0.101825394191	0.114341580882	0.0714870274486	0.176674177259	0.110848771039	0.079970288528	0.0743375606626	0.157933681751	0.171936279848	0.144312249868	0.155250606053	0.110913323109	0.0637698116014	0.222864398988	0.0836640646147	0.168707316113	0.178018100493	0.0837832727803	0.0606323333231	0.219135677517	0.0368034332326	0.0609251658943	0.0605514787315	0.102115020871	0.075377260264	0.0700118164314	0.0733542807772	0.0959798924471	0.210176712389	0.103312543539	0.229171610423	0.15630779696	0.153925879368	0.219328364591	0.236034204145	0.231931418043	0.239214511036	0.150718130471	0.170265472299	0.0944635827574	0.159603697975	0.199575239208	0.203357591168	0.141382887729	0.184822046094	0.0518791428526	0.0763019202248	0.076201968978	0.124388787986	0.056582061882	0.0483267244746	0.0975383597446	0.103388441102	0.0639754315574	0.054245117592	0.108775912673	0.0290832418181	0.101890905331
CCIS54027808ST-4-0.snv.bam	0.0895949179608	0.0747466754926	0.0892267528585	0.0766631454435	0.0986287175276	0.0690206124619	0.0395492897277	0.0415801769361	0.0	0.0802449129524	0.0590917860821	0.0897984807992	0.0592391311375	0.205202082699	0.189344423744	0.16958063914	0.168472554966	0.0926672694834	0.0733879981645	0.0825062382971	0.077188719823	0.100372322952	0.105596575521	0.0737187431399	0.0804509433517	0.0788401727084	0.0814321637481	0.0914719445143	0.0850563519427	0.142642934954	0.125151939441	0.20655396171	0.0784325876443	0.168721933723	0.10380956713	0.216470511545	0.172312416368	0.155831389725	0.073290727142	0.0862279445156	0.150491123079	0.112655730234	0.101432994502	0.104570995588	0.164152386728	0.0816528060927	0.103840417098	0.12044758373	0.0731863289244	0.170320015944	0.110743502529	0.0866204861909	0.0809427337076	0.156001350134	0.168478110629	0.13892546587	0.158006222578	0.101611526069	0.0653206194386	0.221105217197	0.0798527487647	0.166540618071	0.175765815499	0.0989116872902	0.0583842246827	0.220197324575	0.0409241308897	0.0785698120729	0.0786300614882	0.101210974807	0.0868689983676	0.0817426391403	0.084344940197	0.0911366883824	0.210031998481	0.107589555365	0.225771022081	0.154646960755	0.15384240086	0.217655230468	0.235909354433	0.237955517588	0.228486724524	0.152558826678	0.163171530722	0.111779517731	0.158491974934	0.197686801835	0.199279609284	0.13463608388	0.179893616805	0.0695940028193	0.0784563946658	0.078387176568	0.117290131657	0.0742601071852	0.0539662437094	0.114866044307	0.103309876449	0.0592720562085	0.0583175210405	0.116467612923	0.0280882562702	0.101124195742
CCIS65479369ST-4-0.snv.bam	0.0710051176617	0.0561168971802	0.0807230869804	0.0788910431664	0.0801945231023	0.0700267294263	0.0852466966388	0.0696630461197	0.0802449129524	0.0	0.115805939291	0.0911258005914	0.0846638069333	0.215117622783	0.21219311485	0.187454662167	0.187553373092	0.0839314029359	0.0600955770745	0.0693371432043	0.0613174438907	0.0590962730154	0.0637875408252	0.0594452097877	0.0680647812227	0.064459822325	0.0751681454376	0.0865200303122	0.0688926410403	0.151588172431	0.134351219591	0.219142455803	0.0518950315993	0.180967914947	0.0932822656446	0.222288306449	0.184838269081	0.174792276991	0.063122322238	0.086486702264	0.166170875329	0.0842970983431	0.0772169911156	0.0846310368782	0.175489907178	0.0443280929858	0.0954572373756	0.119264276145	0.0579362663619	0.193499190868	0.0920878630154	0.0855647620354	0.0590348812538	0.167225536216	0.187862619369	0.14988907609	0.178353656498	0.0840421739039	0.0967726842166	0.221749062074	0.086004320274	0.175821579242	0.199749751168	0.0605279273846	0.0724980034341	0.231602926027	0.0672496115375	0.0822204647095	0.0822652891039	0.0908703681132	0.0750320650574	0.0734539725919	0.0724411013527	0.0693784490429	0.222945056273	0.10758648174	0.235379148819	0.151857437356	0.156906781907	0.22617069399	0.243614176611	0.252552189986	0.247589837811	0.139158873457	0.164984605906	0.0782139695423	0.1682531293	0.207590999519	0.213681731628	0.14243826484	0.202939451413	0.0673020644885	0.106532516168	0.106499711494	0.128187505978	0.0996456063915	0.0778759229876	0.0670273654856	0.119405484504	0.0794000688837	0.0767383323818	0.0666911794555	0.0783496817743	0.0885753509072
CCIS74239020ST-4-0.snv.bam	0.10860487369	0.10067001675	0.104877445277	0.0811761757044	0.115230635335	0.0888244192524	0.0278056951424	0.065893514254	0.0590917860821	0.115805939291	0.0	0.115870462121	0.0780569514238	0.228314905187	0.213919223886	0.193835734251	0.193317227763	0.118257956449	0.10498687664	0.115640732265	0.109011362486	0.122346482453	0.125037634121	0.106818181818	0.111995000223	0.109951312196	0.0897427721088	0.124715827252	0.109421761035	0.151697127937	0.162605752961	0.230209166984	0.0916921770943	0.175476470291	0.118881118881	0.239632616487	0.174532585409	0.163680033417	0.0901910726346	0.093023255814	0.161265432099	0.121774811484	0.111861471861	0.136641852771	0.166590475852	0.119272125724	0.128353505581	0.112183872305	0.105983752865	0.18845370316	0.111091692394	0.115266106443	0.104137237032	0.168708150879	0.188228184675	0.153318720197	0.176435784394	0.107602339181	0.0673300165837	0.246203468697	0.10459057072	0.169635576466	0.198347953216	0.125359985962	0.0664144754423	0.238785212855	0.0614161676977	0.0776661647901	0.077666180892	0.117337338909	0.103581633658	0.0974789915966	0.100923593619	0.131511102628	0.23189940903	0.125480367586	0.250793650794	0.159631570416	0.151625628301	0.24070543515	0.257471316219	0.243780126445	0.254643350131	0.171908861468	0.169687091794	0.139145345348	0.176854219949	0.221703672271	0.222028484169	0.162585034014	0.200078805414	0.0752397360235	0.0948880665545	0.0947846816214	0.153876926875	0.0746165263913	0.0756462559319	0.144530747131	0.124649141181	0.0827706731572	0.0703769981006	0.142428363906	0.0336717428088	0.117156641037
CCIS74726977ST-3-0.snv.bam	0.0764963120998	0.0793775227331	0.0850938219663	0.0907212050223	0.0963710447197	0.0828112974508	0.0948529263777	0.102463555847	0.0897984807992	0.0911258005914	0.115870462121	0.0	0.11372422033	0.228160595254	0.208582260841	0.190835368802	0.187339586439	0.0902273145306	0.0821965898911	0.0982012928983	0.0865894315306	0.0939421697316	0.101114407262	0.0890895097658	0.0938984221334	0.0919731026723	0.0734935192851	0.0675076034568	0.096023207786	0.174933295219	0.149884572518	0.226646626857	0.0732165876058	0.196800773683	0.121096609058	0.229831798461	0.200651505588	0.180179702979	0.0981518204793	0.0873497438061	0.157356337499	0.109281947129	0.0974274420512	0.125337399478	0.19389490696	0.0981780899409	0.109161581123	0.134036536673	0.0810856604328	0.196472764305	0.102722943272	0.0755151593762	0.0796311309771	0.174977850024	0.186366370821	0.17254731923	0.179025656307	0.0896570720215	0.111695222642	0.236094422842	0.0720166826043	0.192217506965	0.194922599298	0.101301594595	0.088342506979	0.23894514593	0.0941340378167	0.116842308942	0.116389494614	0.118301519092	0.106314558417	0.102964118305	0.103944042717	0.0983239588867	0.234396398225	0.12365729813	0.244700607609	0.178198421938	0.179395115223	0.233849189088	0.255463388433	0.26265790254	0.243558723859	0.147700305226	0.17467824723	0.120433909249	0.162093650646	0.218610318311	0.218900759872	0.162426196406	0.196068665113	0.0814162152607	0.116115522999	0.116163800676	0.151566117939	0.124156230515	0.110622211472	0.11837503408	0.119291783572	0.100820239931	0.0963924011375	0.12483176761	0.0955334468261	0.116217055671
CCIS87116798ST-4-0.snv.bam	0.104870232687	0.0934893924153	0.0970337780834	0.0880304272253	0.108594427245	0.0860092295208	0.0569509675215	0.0525377125469	0.0592391311375	0.0846638069333	0.0780569514238	0.11372422033	0.0	0.220109286153	0.195641707116	0.180724916558	0.177151208642	0.111306042885	0.0827499172459	0.0897465165638	0.0866773732219	0.10926802967	0.112944360935	0.0831105223012	0.0830261136713	0.0858328253065	0.0832148618673	0.123922565529	0.101157551441	0.159904455976	0.13765894093	0.215646430793	0.092338187915	0.183150216589	0.11462597036	0.226947185036	0.179976332035	0.169931768349	0.0769894955383	0.102215422277	0.16384716962	0.119019508177	0.102702799639	0.11280622728	0.177401012134	0.0986979781292	0.124982938178	0.135094864971	0.100756187919	0.178130624477	0.118377884468	0.108360793803	0.0943063809866	0.15708446841	0.174175140368	0.149908732423	0.171268185575	0.129451805032	0.0809102352293	0.233310751134	0.101657578631	0.173024499762	0.187973587207	0.111235704091	0.0732638572441	0.234033845896	0.0582412690883	0.0886215271688	0.0883567845957	0.115005758497	0.0889221990296	0.0854652472194	0.088831738437	0.112447546946	0.221654933024	0.113316662697	0.237486982296	0.170603549678	0.16717327265	0.229601297176	0.243887558651	0.263558005644	0.247769422432	0.163291392326	0.180157093183	0.12130287803	0.164670712119	0.213233119218	0.220606632931	0.149614197531	0.189362775336	0.0655243257098	0.0633896351194	0.063656165891	0.127702752598	0.0695276730375	0.0733523847627	0.119465432246	0.110751522633	0.0816814140778	0.0793301086999	0.124105969133	0.048598093407	0.114718205114
CCMD19497912ST-21-0.snv.bam	0.215127330126	0.20307987099	0.228572970486	0.223271467972	0.223253540716	0.213832375018	0.217565852299	0.206580941145	0.205202082699	0.215117622783	0.228314905187	0.228160595254	0.220109286153	0.0	0.231726057091	0.217963592243	0.22782035582	0.2162678253	0.20118592592	0.190383364919	0.196770017013	0.219146974132	0.220980331456	0.193910813169	0.195761409038	0.197545230412	0.214379206526	0.218975536753	0.212674091809	0.232678224847	0.216579162493	0.0617995629152	0.202602087013	0.231007052797	0.223052164606	0.0586483031662	0.237201818552	0.233973434782	0.20175862206	0.216374073634	0.215694401284	0.22067852477	0.215345828936	0.221957399836	0.230048966933	0.212744075713	0.215648287745	0.235248825633	0.207811228971	0.212527478036	0.227917542731	0.205135838578	0.213563792653	0.221240761396	0.220682326997	0.214460193942	0.249595557653	0.221060613122	0.217866168481	0.0630397908566	0.210157746416	0.241314434231	0.217498689585	0.230380669393	0.211595051435	0.0570437071486	0.204062530341	0.227804721143	0.227664326427	0.220063021158	0.21546304856	0.212887258007	0.211770203961	0.238299828659	0.0397295347319	0.207088284055	0.0593502068364	0.240961705102	0.240497184138	0.060577287615	0.0634515590395	0.294195778094	0.0664028628777	0.22704040225	0.236435358073	0.233545586505	0.241389689701	0.0546596339579	0.0604334371666	0.228473750245	0.227610523051	0.205050528504	0.219830149381	0.219631767346	0.214188179215	0.21685431646	0.211365396143	0.239224068	0.220161408633	0.206029519282	0.211029359129	0.224970092558	0.21537307732	0.220251129199
DOM003.snv.bam	0.209465339192	0.187953043259	0.203062202607	0.205308066599	0.214310330561	0.19360497232	0.195621317248	0.192981191476	0.189344423744	0.21219311485	0.213919223886	0.208582260841	0.195641707116	0.231726057091	0.0	0.220487062674	0.220221017369	0.205452805025	0.178337202724	0.187155134444	0.186523878386	0.21953732478	0.225150866424	0.179453202573	0.187355101862	0.185618465213	0.190899655361	0.211563206914	0.202571184013	0.215733910956	0.202970501595	0.228866155686	0.194311921465	0.236546509424	0.202443322442	0.238197579068	0.242480653759	0.227957359574	0.19214375636	0.19334171773	0.0968325842037	0.210313436486	0.187659121058	0.228586203161	0.235865400799	0.203031641727	0.214538093896	0.218919636349	0.201823280556	0.0830373046632	0.227077672194	0.200275797414	0.216659518161	0.227389498551	0.0839996212929	0.220290038682	0.232440824642	0.220187412406	0.20503541263	0.238325603603	0.183530200039	0.232257120711	0.107957075991	0.222751362785	0.20112768803	0.243783052078	0.196391993116	0.209272276238	0.210947834188	0.209341824055	0.197756077483	0.196377102153	0.198034330941	0.214738389116	0.243188567037	0.155296085858	0.245152156322	0.24755307733	0.233993063551	0.236363605318	0.249056244305	0.284009538254	0.248259148593	0.211213944664	0.228713284612	0.217596791313	0.225250112492	0.225985696381	0.224570116501	0.213240412424	0.0991727871179	0.190557956533	0.197212775542	0.197299027435	0.208488877357	0.204074585408	0.196072487113	0.213611529272	0.152501681375	0.200239489017	0.197460286746	0.22642351923	0.189164398742	0.209359314977
M1.1-V1.metaG.snv.bam	0.16743850446	0.16372351931	0.17156137502	0.190174608574	0.165824667603	0.17835243441	0.185838920491	0.174088971427	0.16958063914	0.187454662167	0.193835734251	0.190835368802	0.180724916558	0.217963592243	0.220487062674	0.0	0.0152081303312	0.1698872639	0.167062311823	0.174732687059	0.167965735082	0.193820988832	0.199423269501	0.166057682119	0.173415185652	0.16879075934	0.177337466059	0.173399646221	0.175180816701	0.0892566280108	0.105027555201	0.220031003881	0.161440472029	0.0839459589961	0.146643049368	0.224821172985	0.0957806868704	0.0976497275883	0.177281448473	0.154593607937	0.190985406227	0.187654661898	0.171947511107	0.19824049479	0.093874256687	0.179313914429	0.164787375152	0.169492444748	0.176300946887	0.211728885012	0.186163164878	0.17293808145	0.174208447182	0.0922524962495	0.206204642711	0.114738723544	0.10823936446	0.183669602788	0.173778090971	0.224838269105	0.164284985171	0.0989153458517	0.211113085309	0.186038754918	0.170643134451	0.232548504204	0.171893166666	0.181545650758	0.183230656965	0.175448358887	0.177288695438	0.179838157177	0.17772577112	0.18564905724	0.228441689778	0.17603313391	0.234456321995	0.128543640443	0.124826352614	0.223719084569	0.243280010192	0.26129567403	0.245764526966	0.13831568878	0.105132520692	0.18270400954	0.0679091092065	0.210392588261	0.213865393875	0.0841176870329	0.217653501158	0.167270724998	0.183634313815	0.183503640947	0.0966071192038	0.180362855475	0.172941726783	0.189008115642	0.163917013472	0.175166669214	0.173225914631	0.197060728795	0.173117784605	0.175627988149
M1.1-V3.metaG.snv.bam	0.166123149452	0.163721910287	0.169851168268	0.189807504049	0.164243242871	0.177721574232	0.185148343169	0.174252844103	0.168472554966	0.187553373092	0.193317227763	0.187339586439	0.177151208642	0.22782035582	0.220221017369	0.0152081303312	0.0	0.16833083143	0.167118371822	0.175739881793	0.167460900012	0.192942804102	0.19845934554	0.166315226854	0.174025116272	0.168995281421	0.176446201562	0.172043902537	0.175339194878	0.0831820700482	0.100097235135	0.228537401837	0.162500978079	0.0753117103985	0.143505051942	0.234531477377	0.0896514472411	0.0901839427753	0.176497034406	0.152237574346	0.190373957991	0.186433909941	0.171379035429	0.196959814904	0.0871926444196	0.178672968106	0.161067869976	0.165354511972	0.176000182203	0.212326070365	0.185726939795	0.171934791803	0.171917544559	0.0843521341132	0.205972690454	0.108416904431	0.100110068626	0.183429565724	0.172326109531	0.234834337476	0.160170289329	0.0923954026713	0.211025678072	0.185332491965	0.170228860415	0.239732752307	0.172031801701	0.179552529194	0.181580826008	0.173772221371	0.176348225097	0.179112149766	0.176744513244	0.183753483141	0.237171571227	0.174643721102	0.241045363988	0.120931387014	0.1194525538	0.231326426522	0.251652496393	0.262672767456	0.254377366122	0.132919560006	0.0975589879361	0.181901097171	0.0585862428625	0.219860865342	0.222569876217	0.0782099864	0.217083051108	0.165885410449	0.181962509594	0.181831546987	0.0906816422105	0.178203740802	0.171672385531	0.188000427214	0.161406092779	0.172950774964	0.17259869813	0.194411441568	0.172018135173	0.173948525059
M1.4-V3.metaG.snv.bam	0.0904869167091	0.071907957814	0.075973591778	0.0976182404816	0.0936137071651	0.0747404270716	0.101417594065	0.0888846964503	0.0926672694834	0.0839314029359	0.118257956449	0.0902273145306	0.111306042885	0.2162678253	0.205452805025	0.1698872639	0.16833083143	0.0	0.0790697674419	0.0865652854324	0.0808182850664	0.0974255327131	0.0986149894327	0.0817908201655	0.079971094785	0.0805901779056	0.0664668949772	0.0747075824811	0.0891543497334	0.154079254079	0.118640850418	0.224432096369	0.0643884306642	0.16596932172	0.0936307223978	0.222830623775	0.172088019348	0.157643032416	0.0829307152798	0.069130100077	0.15021893815	0.102442618563	0.0764211136891	0.111856823266	0.158355352263	0.0846325167038	0.0899139343237	0.0871233258929	0.0652535673525	0.177975864199	0.101768289455	0.0753424657534	0.070847367287	0.153644468238	0.182034632035	0.144284530959	0.154418214316	0.0940366972477	0.0915178571429	0.222585227273	0.0784862043251	0.162640841971	0.181895424837	0.0788650731631	0.0847162097162	0.232394300934	0.0916298601735	0.0987631650751	0.0987339380197	0.0939153828202	0.0725622681505	0.0711425302386	0.0699774266366	0.0780971960482	0.231648242231	0.114606741573	0.242630385488	0.147190852138	0.141341842014	0.230062280598	0.248941579051	0.237123983336	0.246032277755	0.125648850563	0.145583253436	0.0846661886167	0.148162986705	0.208532160594	0.214253272399	0.127969348659	0.192495807756	0.0746348746718	0.12068109655	0.120572402549	0.129010120595	0.0999945224137	0.0974856014004	0.107339906168	0.112188017744	0.100721250632	0.0852901193049	0.10092670595	0.0981818181818	0.0915854978355
M4.1-V3.metaG.snv.bam	0.0753894344288	0.0351342393106	0.0720556173938	0.0801812112361	0.0774557165862	0.0586708955556	0.0796941727511	0.0744000106669	0.0733879981645	0.0600955770745	0.10498687664	0.0821965898911	0.0827499172459	0.20118592592	0.178337202724	0.167062311823	0.167118371822	0.0790697674419	0.0	0.000105786522797	0.00796489507164	0.0622576640865	0.0651872637167	0.000155763239875	0.000125313283207	5.51146384479e-05	0.0572743467933	0.0856944584392	0.0648849607183	0.139663461538	0.11631121643	0.198115160034	0.0487117670433	0.158577411184	0.0784091601194	0.199077232883	0.162634414542	0.154558760339	0.0700933694562	0.0746794871795	0.143987432162	0.0833257771634	0.0819746376812	0.0883720930233	0.15525299792	0.0555555555556	0.0891100755848	0.120722157773	0.0417653915633	0.165007009451	0.077940124538	0.0847832090583	0.0525047913902	0.152676777365	0.158243486074	0.133509263249	0.158197539068	0.0787589498807	0.092807424594	0.203309692671	0.062984496124	0.157255045136	0.174768518519	0.0658202039626	0.0526598871753	0.210503519837	0.065354560415	0.0838334223802	0.0840668311666	0.0884737001509	0.0731092436975	0.0714427437642	0.0704225352113	0.0672815764482	0.203718552978	0.0817757009346	0.219339622642	0.136649940083	0.14927380312	0.208978873361	0.225483662121	0.234851733584	0.225137843447	0.114043841844	0.139617940199	0.0602201821502	0.150373294168	0.188315566839	0.193616990006	0.121212121212	0.178682366465	0.0798545301037	0.0976417249884	0.0976048532081	0.108334612106	0.0992731447239	0.0872913648365	0.0814104214818	0.0833834117896	0.0769070405869	0.0817019989998	0.091009469842	0.0853773584906	0.0880331088664
M4.1-V3.metaT.snv.bam	0.0868493348954	0.042299691871	0.0835646109092	0.0881575641116	0.0833992094862	0.0676085966146	0.0913291628143	0.078719686251	0.0825062382971	0.0693371432043	0.115640732265	0.0982012928983	0.0897465165638	0.190383364919	0.187155134444	0.174732687059	0.175739881793	0.0865652854324	0.000105786522797	0.0	0.00897201145538	0.0694403777192	0.0715201823112	0.000652857533498	0.000627151566787	0.000156847982935	0.0711147543805	0.0935175898367	0.0717102427483	0.148362072005	0.125796068711	0.183154294213	0.0562798274794	0.167817412195	0.0830644476297	0.195542259612	0.171715508587	0.163999908711	0.0790189030145	0.0859891824423	0.150177695857	0.097154402155	0.0935284616728	0.099945947772	0.157636491237	0.0623591916339	0.0961614666089	0.12275652342	0.0464552058632	0.171558272346	0.0916826761038	0.090034262211	0.0594135564506	0.160250498294	0.164230765457	0.138068436091	0.169934157094	0.0906143818043	0.0997135153354	0.199402002198	0.0744991723253	0.164959234411	0.178171254258	0.0749133627773	0.0640201307279	0.20725980412	0.074835267463	0.0886102411629	0.08851627158	0.100116198697	0.0800339405001	0.0784791502987	0.0773572037511	0.0787527903013	0.191046402877	0.0871431965516	0.208534621578	0.143553953863	0.158680544702	0.195354565453	0.217664252875	0.229211252709	0.211919987796	0.12582630515	0.156066493893	0.0670167934464	0.15913821703	0.182454421403	0.184870113564	0.13079970806	0.179466811254	0.0867260192107	0.104486400088	0.104474697602	0.119604859335	0.106364111966	0.0939588193693	0.0905228409363	0.0950663942265	0.0815519064987	0.0908864852949	0.0975975517694	0.0949687478536	0.0997839874989
M4.2-V2.metaG.snv.bam	0.0749705713747	0.0409333288417	0.0781939781091	0.0790228556095	0.0757885092502	0.0632581752111	0.0874547507937	0.0760875443719	0.077188719823	0.0613174438907	0.109011362486	0.0865894315306	0.0866773732219	0.196770017013	0.186523878386	0.167965735082	0.167460900012	0.0808182850664	0.00796489507164	0.00897201145538	0.0	0.0562786820033	0.0590313351846	0.00905609000881	0.00852725810874	0.00846973367641	0.0659512869334	0.0840508107485	0.068562820832	0.141278179932	0.12213908123	0.194938169867	0.0492740177047	0.162072374142	0.0823791691283	0.198420626225	0.163307557425	0.152532779294	0.0733786953519	0.0797059325196	0.149543906482	0.0872804657983	0.087133208446	0.0885182957103	0.152464425689	0.0565862578162	0.0921223390298	0.119129729661	0.0428153453206	0.170735622553	0.0831502435053	0.0885511315176	0.0549304769316	0.151860232048	0.163085008323	0.133838235625	0.159299120366	0.0822852864268	0.0964629292494	0.204043900492	0.0675535775863	0.159740135441	0.17626073075	0.06902341767	0.0608098554155	0.209938150085	0.0694628041808	0.0834021444696	0.0831232384062	0.0922935514312	0.0746890902223	0.0732250445632	0.0724366108851	0.0708698785489	0.200873485813	0.0861411962307	0.216957636474	0.137474549325	0.154423928589	0.208236794289	0.222880909109	0.235065994544	0.222318436189	0.115554424925	0.144008708075	0.0676183458815	0.149880348251	0.185999299914	0.19291472024	0.125110038502	0.178986644731	0.0798827748884	0.101769067294	0.10169480287	0.114624714429	0.100633547531	0.0900319079494	0.0827764233231	0.091304445399	0.0759995460877	0.082991958161	0.0898811891061	0.0883434790943	0.0917596765506
M4.2-V3.metaG.snv.bam	0.0671731808257	0.0589542848389	0.0930379472687	0.0919250475636	0.0817108268541	0.0835796716028	0.104454096245	0.0945142651925	0.100372322952	0.0590962730154	0.122346482453	0.0939421697316	0.10926802967	0.219146974132	0.21953732478	0.193820988832	0.192942804102	0.0974255327131	0.0622576640865	0.0694403777192	0.0562786820033	0.0	0.00285768081926	0.0653323491559	0.0655744249154	0.064281337535	0.0879266138274	0.0874738147817	0.0769011402541	0.16626017849	0.148590845429	0.221828715946	0.0712824327168	0.18225801815	0.101656339774	0.220300242989	0.179418124699	0.165895638447	0.0862040448864	0.100365307413	0.17573371691	0.0800143769515	0.105353495565	0.0950339510804	0.174429844259	0.061556022409	0.10006254172	0.129147911949	0.0639891657888	0.197909063132	0.0879218876825	0.104083957045	0.0740760054615	0.171239124214	0.191202830338	0.154100487302	0.177269684263	0.102251152177	0.114866837604	0.231556670287	0.0908885429172	0.170098661622	0.203828088356	0.0650375588379	0.083884806127	0.232622552454	0.0858077854488	0.0910575242957	0.0910626859009	0.110536456391	0.0897030497592	0.0883702339383	0.0871626353244	0.0731304627834	0.223923472551	0.108728850285	0.249112133541	0.150101505211	0.167107393637	0.236023506681	0.254675736186	0.256616662548	0.250425367117	0.128971799274	0.166541178972	0.0924229528287	0.180673488084	0.215367724072	0.214279175027	0.153565084291	0.208763631658	0.0850237290434	0.119283753559	0.119519241333	0.144464910426	0.116783670044	0.109679292825	0.0839677057628	0.120566620065	0.0821857231714	0.0975825340413	0.0931081199932	0.0994429517839	0.108345611984
M4.2-V3.metaT.snv.bam	0.0722252293249	0.0601821617147	0.0978668274764	0.0950438090591	0.0820861075745	0.0885244020169	0.107441648469	0.094954476507	0.105596575521	0.0637875408252	0.125037634121	0.101114407262	0.112944360935	0.220980331456	0.225150866424	0.199423269501	0.19845934554	0.0986149894327	0.0651872637167	0.0715201823112	0.0590313351846	0.00285768081926	0.0	0.0682844351024	0.0680996706218	0.0667532216163	0.0934013665173	0.0947266555245	0.0776372600841	0.171806002278	0.156611380091	0.220819131429	0.0773848104645	0.187461664223	0.104528503857	0.226532645895	0.184616517989	0.170879529872	0.0892741039735	0.105297605603	0.180775735625	0.0842622546243	0.110123549712	0.102334937599	0.175351560074	0.062124167567	0.100664793978	0.128918967304	0.064552379789	0.203057151211	0.0923917665411	0.108823376348	0.0749969315506	0.176679495597	0.196969624954	0.15946237986	0.187023003967	0.107347030988	0.119885304404	0.237374435356	0.0959145180854	0.177978903592	0.211367546926	0.0653817406734	0.0887409937942	0.238089350313	0.0884868042066	0.0893541448895	0.0893668655996	0.115461010216	0.092300524755	0.0910121625578	0.0897716561391	0.0732769984759	0.226335804519	0.113978494367	0.252705162487	0.155398604499	0.174153452735	0.235072300924	0.258793910586	0.259825990457	0.251602169879	0.134155354883	0.173773054048	0.0931206296583	0.188952442019	0.220770037204	0.218064578726	0.161590511782	0.216290438807	0.0875476935789	0.124545263012	0.124780228641	0.152743506258	0.120105782039	0.112661816634	0.0846709321847	0.12870892916	0.0826802818234	0.104828267971	0.0982577589238	0.102184018404	0.113323642588
