	764224817-stool1.snv.bam	CCIS00146684ST-4-0.snv.bam	CCIS07539127ST-4-0.snv.bam	CCIS51667829ST-4-0.snv.bam	CCIS82507866ST-3-0.snv.bam	CCIS90443472ST-4-0.snv.bam	M1.1-V2.metaG.snv.bam	MH0137.snv.bam	MH0247.snv.bam	MMRS43563715ST-27-0-0.snv.bam	N022A.snv.bam	N103A.snv.bam	NLM029.snv.bam	NOF012.snv.bam	NOM010.snv.bam	SAMEA3136630.snv.bam	SAMEA3136654.snv.bam	SAMEA3136658.snv.bam	SAMEA3136728.snv.bam	SAMEA3136753.snv.bam	T2D-123A.snv.bam	T2D-47A.snv.bam	V1.UC63-0.snv.bam	alien-11-600-0.snv.bam
764224817-stool1.snv.bam	0.0	0.186544342508	0.192660550459	0.0978593272171	0.137614678899	0.100917431193	0.247706422018	0.128440366972	0.192660550459	0.272171253823	0.162079510703	0.308868501529	0.305810397554	0.293577981651	0.146788990826	0.195718654434	0.119266055046	0.195718654434	0.100917431193	0.250764525994	0.299694189602	0.155963302752	0.0978593272171	0.266055045872
CCIS00146684ST-4-0.snv.bam	0.186544342508	0.0	0.137614678899	0.159021406728	0.149847094801	0.152905198777	0.177370030581	0.168195718654	0.0672782874618	0.22629969419	0.207951070336	0.296636085627	0.290519877676	0.284403669725	0.152905198777	0.122324159021	0.183486238532	0.119266055046	0.152905198777	0.220183486239	0.290519877676	0.140672782875	0.162079510703	0.22629969419
CCIS07539127ST-4-0.snv.bam	0.192660550459	0.137614678899	0.0	0.19877675841	0.189602446483	0.204892966361	0.168195718654	0.19877675841	0.146788990826	0.25993883792	0.223241590214	0.336391437309	0.330275229358	0.321100917431	0.155963302752	0.189602446483	0.220183486239	0.125382262997	0.204892966361	0.262996941896	0.324159021407	0.168195718654	0.201834862385	0.256880733945
CCIS51667829ST-4-0.snv.bam	0.0978593272171	0.159021406728	0.19877675841	0.0	0.0825688073394	0.00917431192661	0.204892966361	0.0764525993884	0.165137614679	0.256880733945	0.149847094801	0.293577981651	0.2874617737	0.275229357798	0.085626911315	0.168195718654	0.0581039755352	0.155963302752	0.00917431192661	0.22629969419	0.281345565749	0.0978593272171	0.0	0.235474006116
CCIS82507866ST-3-0.snv.bam	0.137614678899	0.149847094801	0.189602446483	0.0825688073394	0.0	0.085626911315	0.214067278287	0.0122324159021	0.180428134557	0.262996941896	0.085626911315	0.290519877676	0.284403669725	0.275229357798	0.0672782874618	0.149847094801	0.110091743119	0.168195718654	0.085626911315	0.211009174312	0.281345565749	0.0550458715596	0.0825688073394	0.232415902141
CCIS90443472ST-4-0.snv.bam	0.100917431193	0.152905198777	0.204892966361	0.00917431192661	0.085626911315	0.0	0.211009174312	0.0795107033639	0.159021406728	0.256880733945	0.152905198777	0.281345565749	0.281345565749	0.269113149847	0.0886850152905	0.17125382263	0.0611620795107	0.162079510703	0.0	0.223241590214	0.278287461774	0.103975535168	0.00917431192661	0.232415902141
M1.1-V2.metaG.snv.bam	0.247706422018	0.177370030581	0.168195718654	0.204892966361	0.214067278287	0.211009174312	0.0	0.217125382263	0.140672782875	0.284403669725	0.269113149847	0.360856269113	0.354740061162	0.34250764526	0.19877675841	0.189602446483	0.207951070336	0.110091743119	0.211009174312	0.2874617737	0.348623853211	0.201834862385	0.207951070336	0.281345565749
MH0137.snv.bam	0.128440366972	0.168195718654	0.19877675841	0.0764525993884	0.0122324159021	0.0795107033639	0.217125382263	0.0	0.189602446483	0.269113149847	0.103975535168	0.2874617737	0.281345565749	0.269113149847	0.0611620795107	0.152905198777	0.103975535168	0.183486238532	0.0795107033639	0.214067278287	0.278287461774	0.0733944954128	0.0764525993884	0.232415902141
MH0247.snv.bam	0.192660550459	0.0672782874618	0.146788990826	0.165137614679	0.180428134557	0.159021406728	0.140672782875	0.189602446483	0.0	0.244648318043	0.229357798165	0.324159021407	0.321100917431	0.308868501529	0.183486238532	0.134556574924	0.180428134557	0.11620795107	0.159021406728	0.247706422018	0.31498470948	0.162079510703	0.168195718654	0.235474006116
MMRS43563715ST-27-0-0.snv.bam	0.272171253823	0.22629969419	0.25993883792	0.256880733945	0.262996941896	0.256880733945	0.284403669725	0.269113149847	0.244648318043	0.0	0.272171253823	0.223241590214	0.223241590214	0.214067278287	0.250764525994	0.235474006116	0.262996941896	0.25993883792	0.256880733945	0.137614678899	0.201834862385	0.25993883792	0.25993883792	0.128440366972
N022A.snv.bam	0.162079510703	0.207951070336	0.223241590214	0.149847094801	0.085626911315	0.152905198777	0.269113149847	0.103975535168	0.229357798165	0.272171253823	0.0	0.311926605505	0.308868501529	0.296636085627	0.159021406728	0.214067278287	0.17125382263	0.217125382263	0.152905198777	0.220183486239	0.302752293578	0.0978593272171	0.149847094801	0.241590214067
N103A.snv.bam	0.308868501529	0.296636085627	0.336391437309	0.293577981651	0.290519877676	0.281345565749	0.360856269113	0.2874617737	0.324159021407	0.223241590214	0.311926605505	0.0	0.0275229357798	0.0550458715596	0.327217125382	0.318042813456	0.305810397554	0.336391437309	0.284403669725	0.174311926606	0.0611620795107	0.296636085627	0.293577981651	0.214067278287
NLM029.snv.bam	0.305810397554	0.290519877676	0.330275229358	0.2874617737	0.284403669725	0.281345565749	0.354740061162	0.281345565749	0.321100917431	0.223241590214	0.308868501529	0.0275229357798	0.0	0.0428134556575	0.321100917431	0.305810397554	0.299694189602	0.330275229358	0.284403669725	0.168195718654	0.0366972477064	0.290519877676	0.2874617737	0.207951070336
NOF012.snv.bam	0.293577981651	0.284403669725	0.321100917431	0.275229357798	0.275229357798	0.269113149847	0.34250764526	0.269113149847	0.308868501529	0.214067278287	0.296636085627	0.0550458715596	0.0428134556575	0.0	0.308868501529	0.290519877676	0.284403669725	0.318042813456	0.272171253823	0.174311926606	0.0428134556575	0.278287461774	0.275229357798	0.214067278287
NOM010.snv.bam	0.146788990826	0.152905198777	0.155963302752	0.085626911315	0.0672782874618	0.0886850152905	0.19877675841	0.0611620795107	0.183486238532	0.250764525994	0.159021406728	0.327217125382	0.321100917431	0.308868501529	0.0	0.165137614679	0.122324159021	0.168195718654	0.0886850152905	0.250764525994	0.31498470948	0.128440366972	0.085626911315	0.253822629969
SAMEA3136630.snv.bam	0.195718654434	0.122324159021	0.189602446483	0.168195718654	0.149847094801	0.17125382263	0.189602446483	0.152905198777	0.134556574924	0.235474006116	0.214067278287	0.318042813456	0.305810397554	0.290519877676	0.165137614679	0.0	0.159021406728	0.14373088685	0.17125382263	0.229357798165	0.296636085627	0.159021406728	0.168195718654	0.238532110092
SAMEA3136654.snv.bam	0.119266055046	0.183486238532	0.220183486239	0.0581039755352	0.110091743119	0.0611620795107	0.207951070336	0.103975535168	0.180428134557	0.262996941896	0.17125382263	0.305810397554	0.299694189602	0.284403669725	0.122324159021	0.159021406728	0.0	0.180428134557	0.0611620795107	0.241590214067	0.290519877676	0.122324159021	0.0581039755352	0.250764525994
SAMEA3136658.snv.bam	0.195718654434	0.119266055046	0.125382262997	0.155963302752	0.168195718654	0.162079510703	0.110091743119	0.183486238532	0.11620795107	0.25993883792	0.217125382263	0.336391437309	0.330275229358	0.318042813456	0.168195718654	0.14373088685	0.180428134557	0.0	0.162079510703	0.250764525994	0.324159021407	0.149847094801	0.159021406728	0.253822629969
SAMEA3136728.snv.bam	0.100917431193	0.152905198777	0.204892966361	0.00917431192661	0.085626911315	0.0	0.211009174312	0.0795107033639	0.159021406728	0.256880733945	0.152905198777	0.284403669725	0.284403669725	0.272171253823	0.0886850152905	0.17125382263	0.0611620795107	0.162079510703	0.0	0.223241590214	0.278287461774	0.103975535168	0.00917431192661	0.232415902141
SAMEA3136753.snv.bam	0.250764525994	0.220183486239	0.262996941896	0.22629969419	0.211009174312	0.223241590214	0.2874617737	0.214067278287	0.247706422018	0.137614678899	0.220183486239	0.174311926606	0.168195718654	0.174311926606	0.250764525994	0.229357798165	0.241590214067	0.250764525994	0.223241590214	0.0	0.162079510703	0.211009174312	0.22629969419	0.085626911315
T2D-123A.snv.bam	0.299694189602	0.290519877676	0.324159021407	0.281345565749	0.281345565749	0.278287461774	0.348623853211	0.278287461774	0.31498470948	0.201834862385	0.302752293578	0.0611620795107	0.0366972477064	0.0428134556575	0.31498470948	0.296636085627	0.290519877676	0.324159021407	0.278287461774	0.162079510703	0.0	0.284403669725	0.281345565749	0.201834862385
T2D-47A.snv.bam	0.155963302752	0.140672782875	0.168195718654	0.0978593272171	0.0550458715596	0.103975535168	0.201834862385	0.0733944954128	0.162079510703	0.25993883792	0.0978593272171	0.296636085627	0.290519877676	0.278287461774	0.128440366972	0.159021406728	0.122324159021	0.149847094801	0.103975535168	0.211009174312	0.284403669725	0.0	0.100917431193	0.232415902141
V1.UC63-0.snv.bam	0.0978593272171	0.162079510703	0.201834862385	0.0	0.0825688073394	0.00917431192661	0.207951070336	0.0764525993884	0.168195718654	0.25993883792	0.149847094801	0.293577981651	0.2874617737	0.275229357798	0.085626911315	0.168195718654	0.0581039755352	0.159021406728	0.00917431192661	0.22629969419	0.281345565749	0.100917431193	0.0	0.235474006116
alien-11-600-0.snv.bam	0.266055045872	0.22629969419	0.256880733945	0.235474006116	0.232415902141	0.232415902141	0.281345565749	0.232415902141	0.235474006116	0.128440366972	0.241590214067	0.214067278287	0.207951070336	0.214067278287	0.253822629969	0.238532110092	0.250764525994	0.253822629969	0.232415902141	0.085626911315	0.201834862385	0.232415902141	0.235474006116	0.0
