	158256496-stool2.snv.bam	158944319-stool1.snv.bam	158984779-stool1.snv.bam	159227541-stool1.snv.bam	159227541-stool2.snv.bam	159227541-stool3.snv.bam	159571453-stool2.snv.bam	160400887-stool1.snv.bam	161412393-stool2.snv.bam	763597684-stool2.snv.bam	763901136-stool1.snv.bam	763901136-stool2.snv.bam	764649650-stool2.snv.bam	765256553-stool3.snv.bam	765701615-stool1.snv.bam	765701615-stool2.snv.bam	BYQ_AAAG.snv.bam	BYQ_AAAR.snv.bam	BYQ_AABA.snv.bam	CCIS15794887ST-4-0.snv.bam	CCIS16561622ST-4-0.snv.bam	CCIS41548810ST-4-0.snv.bam	CCIS50471204ST-4-0.snv.bam	CCIS53355328ST-4-0.snv.bam	CCIS74726977ST-3-0.snv.bam	CCIS83870198ST-4-0.snv.bam	CCIS95409808ST-4-0.snv.bam	CCMD46222674ST-21-0.snv.bam	M1.1-V3.metaG.snv.bam	M1.2-V2.metaG.snv.bam	M2.4-V3.metaG.snv.bam	MH0193.snv.bam	MH0196.snv.bam	MH0222.snv.bam	MH0229.snv.bam	MH0244.snv.bam	MH0247.snv.bam	MH0250.snv.bam	MH0253.snv.bam	MH0261.snv.bam	MH0266.snv.bam	MH0298.snv.bam	MH0301.snv.bam	MH0318.snv.bam	MH0323.snv.bam	MH0338.snv.bam	MH0339.snv.bam	MH0354.snv.bam	MH0364.snv.bam	MH0366.snv.bam	MH0368.snv.bam	MH0373.snv.bam	MH0378.snv.bam	MH0384.snv.bam	MH0385.snv.bam	MH0389.snv.bam	MH0392.snv.bam	MH0394.snv.bam	MH0397.snv.bam	MH0401.snv.bam	MH0405.snv.bam	MH0409.snv.bam	MH0421.snv.bam	MH0430.snv.bam	MH0437.snv.bam	MH0438.snv.bam	MH0442.snv.bam	MH0446.snv.bam	MH0447.snv.bam	MH0450.snv.bam	MH0451.snv.bam	MH0453.snv.bam	MH0454.snv.bam	MMRS11932626ST-27-0-0.snv.bam	MMRS32573774ST-27-0-0.snv.bam	MMRS33294861ST-27-0-0.snv.bam	MMRS38954404ST-27-0-0.snv.bam	MMRS51410669ST-27-0-0.snv.bam	MMRS54316675ST-27-0-0.snv.bam	MMRS66868025ST-27-0-0.snv.bam	MMRS71762412ST-27-0-0.snv.bam	MMRS86168210ST-27-0-0.snv.bam	MMRS90191266ST-27-0-0.snv.bam	MMRS97052561ST-27-0-0.snv.bam	N037A.snv.bam	N064A.snv.bam	NG-5636_462.snv.bam	O2.UC38-1.snv.bam	O2.UC40-1.snv.bam	SAMEA3136645.snv.bam	SAMEA3136654.snv.bam	SAMEA3136676.snv.bam	SAMEA3136699.snv.bam	SAMEA3136705.snv.bam	SAMEA3136713.snv.bam	SAMEA3136717.snv.bam	SAMEA3136721.snv.bam	SAMEA3136723.snv.bam	SAMEA3136727.snv.bam	SAMEA3136751.snv.bam	T2D-11A.snv.bam	T2D-15A.snv.bam	V1.CD50-0.snv.bam	V1.CD55-0.snv.bam	V1.FI04.snv.bam	V1.FI06.snv.bam	V1.FI07.snv.bam	V1.FI14.snv.bam	V1.FI16.snv.bam	V1.FI27.snv.bam	V1.UC58-0.snv.bam	V1.UC62-0.snv.bam	V1.UC63-0.snv.bam
158256496-stool2.snv.bam	0.0	0.111975116641	0.167962674961	0.129082426128	0.141524105754	0.138413685848	0.124416796267	0.155520995334	0.172628304821	0.171073094868	0.138413685848	0.136858475894	0.153965785381	0.147744945568	0.161741835148	0.164852255054	0.164852255054	0.169517884914	0.163297045101	0.141524105754	0.158631415241	0.139968895801	0.127527216174	0.122861586314	0.110419906687	0.169517884914	0.135303265941	0.144634525661	0.138413685848	0.130637636081	0.155520995334	0.157076205288	0.149300155521	0.152410575428	0.104199066874	0.153965785381	0.160186625194	0.101088646967	0.152410575428	0.149300155521	0.146189735614	0.149300155521	0.121306376361	0.141524105754	0.149300155521	0.127527216174	0.136858475894	0.150855365474	0.157076205288	0.143079315708	0.115085536547	0.146189735614	0.108864696734	0.110419906687	0.125972006221	0.160186625194	0.118195956454	0.144634525661	0.149300155521	0.147744945568	0.138413685848	0.132192846034	0.143079315708	0.119751166407	0.110419906687	0.138413685848	0.157076205288	0.161741835148	0.129082426128	0.147744945568	0.158631415241	0.157076205288	0.161741835148	0.130637636081	0.147744945568	0.104199066874	0.147744945568	0.138413685848	0.161741835148	0.150855365474	0.129082426128	0.138413685848	0.119751166407	0.160186625194	0.139968895801	0.124416796267	0.132192846034	0.152410575428	0.149300155521	0.155520995334	0.146189735614	0.132192846034	0.105754276827	0.157076205288	0.141524105754	0.158631415241	0.133748055988	0.139968895801	0.116640746501	0.118195956454	0.157076205288	0.147744945568	0.160186625194	0.155520995334	0.107309486781	0.141524105754	0.153965785381	0.147744945568	0.153965785381	0.150855365474	0.102643856921	0.152410575428	0.124416796267
158944319-stool1.snv.bam	0.111975116641	0.0	0.146189735614	0.111975116641	0.125972006221	0.121306376361	0.0979782270607	0.121306376361	0.160186625194	0.141524105754	0.119751166407	0.118195956454	0.136858475894	0.127527216174	0.169517884914	0.172628304821	0.133748055988	0.136858475894	0.132192846034	0.122861586314	0.119751166407	0.127527216174	0.0217729393468	0.108864696734	0.099533437014	0.152410575428	0.125972006221	0.124416796267	0.104199066874	0.105754276827	0.124416796267	0.139968895801	0.130637636081	0.104199066874	0.104199066874	0.108864696734	0.132192846034	0.0902021772939	0.118195956454	0.111975116641	0.115085536547	0.111975116641	0.0979782270607	0.124416796267	0.125972006221	0.0933125972006	0.108864696734	0.119751166407	0.141524105754	0.121306376361	0.105754276827	0.130637636081	0.0902021772939	0.104199066874	0.107309486781	0.110419906687	0.0917573872473	0.108864696734	0.143079315708	0.127527216174	0.119751166407	0.0870917573872	0.136858475894	0.101088646967	0.0870917573872	0.115085536547	0.111975116641	0.104199066874	0.104199066874	0.129082426128	0.104199066874	0.132192846034	0.143079315708	0.122861586314	0.132192846034	0.0839813374806	0.124416796267	0.116640746501	0.133748055988	0.138413685848	0.118195956454	0.125972006221	0.0217729393468	0.129082426128	0.119751166407	0.104199066874	0.108864696734	0.135303265941	0.146189735614	0.113530326594	0.132192846034	0.101088646967	0.0917573872473	0.135303265941	0.107309486781	0.111975116641	0.111975116641	0.132192846034	0.0793157076205	0.0762052877138	0.138413685848	0.127527216174	0.111975116641	0.110419906687	0.0964230171073	0.127527216174	0.139968895801	0.136858475894	0.111975116641	0.133748055988	0.129082426128	0.139968895801	0.118195956454
158984779-stool1.snv.bam	0.167962674961	0.146189735614	0.0	0.147744945568	0.164852255054	0.161741835148	0.135303265941	0.125972006221	0.164852255054	0.161741835148	0.105754276827	0.104199066874	0.144634525661	0.152410575428	0.199066874028	0.203732503888	0.158631415241	0.163297045101	0.155520995334	0.149300155521	0.160186625194	0.132192846034	0.152410575428	0.124416796267	0.105754276827	0.147744945568	0.161741835148	0.157076205288	0.099533437014	0.129082426128	0.150855365474	0.155520995334	0.0808709175739	0.138413685848	0.111975116641	0.146189735614	0.143079315708	0.104199066874	0.132192846034	0.130637636081	0.135303265941	0.135303265941	0.129082426128	0.149300155521	0.0388802488336	0.121306376361	0.124416796267	0.141524105754	0.155520995334	0.124416796267	0.124416796267	0.138413685848	0.111975116641	0.118195956454	0.122861586314	0.143079315708	0.122861586314	0.122861586314	0.146189735614	0.136858475894	0.0622083981337	0.127527216174	0.143079315708	0.119751166407	0.0917573872473	0.136858475894	0.144634525661	0.150855365474	0.0964230171073	0.141524105754	0.141524105754	0.0326594090202	0.136858475894	0.139968895801	0.160186625194	0.111975116641	0.147744945568	0.149300155521	0.0870917573872	0.146189735614	0.152410575428	0.147744945568	0.147744945568	0.132192846034	0.144634525661	0.136858475894	0.130637636081	0.152410575428	0.161741835148	0.149300155521	0.155520995334	0.111975116641	0.111975116641	0.164852255054	0.119751166407	0.143079315708	0.147744945568	0.138413685848	0.118195956454	0.110419906687	0.157076205288	0.133748055988	0.139968895801	0.139968895801	0.119751166407	0.139968895801	0.167962674961	0.161741835148	0.138413685848	0.124416796267	0.160186625194	0.139968895801	0.132192846034
159227541-stool1.snv.bam	0.129082426128	0.111975116641	0.147744945568	0.0	0.0	0.0	0.099533437014	0.130637636081	0.127527216174	0.129082426128	0.121306376361	0.119751166407	0.132192846034	0.124416796267	0.172628304821	0.175738724728	0.129082426128	0.133748055988	0.125972006221	0.101088646967	0.111975116641	0.107309486781	0.127527216174	0.0964230171073	0.0699844479005	0.139968895801	0.127527216174	0.0746500777605	0.115085536547	0.108864696734	0.115085536547	0.132192846034	0.136858475894	0.116640746501	0.0824261275272	0.118195956454	0.122861586314	0.0824261275272	0.116640746501	0.107309486781	0.115085536547	0.110419906687	0.0902021772939	0.0964230171073	0.127527216174	0.099533437014	0.102643856921	0.116640746501	0.118195956454	0.104199066874	0.0979782270607	0.111975116641	0.0839813374806	0.0808709175739	0.0622083981337	0.0964230171073	0.0855365474339	0.108864696734	0.116640746501	0.107309486781	0.119751166407	0.0933125972006	0.104199066874	0.0777604976672	0.0730948678072	0.104199066874	0.122861586314	0.115085536547	0.0964230171073	0.115085536547	0.113530326594	0.133748055988	0.130637636081	0.111975116641	0.108864696734	0.0777604976672	0.113530326594	0.0979782270607	0.143079315708	0.110419906687	0.0373250388802	0.111975116641	0.118195956454	0.118195956454	0.113530326594	0.107309486781	0.116640746501	0.118195956454	0.118195956454	0.116640746501	0.116640746501	0.0964230171073	0.0746500777605	0.119751166407	0.102643856921	0.121306376361	0.108864696734	0.113530326594	0.0793157076205	0.0746500777605	0.121306376361	0.127527216174	0.119751166407	0.119751166407	0.0917573872473	0.124416796267	0.136858475894	0.121306376361	0.118195956454	0.122861586314	0.144634525661	0.111975116641	0.099533437014
159227541-stool2.snv.bam	0.141524105754	0.125972006221	0.164852255054	0.0	0.0	0.0	0.111975116641	0.146189735614	0.139968895801	0.139968895801	0.138413685848	0.136858475894	0.138413685848	0.135303265941	0.186625194401	0.189735614308	0.141524105754	0.146189735614	0.138413685848	0.115085536547	0.124416796267	0.127527216174	0.143079315708	0.111975116641	0.0793157076205	0.152410575428	0.143079315708	0.0793157076205	0.132192846034	0.122861586314	0.125972006221	0.141524105754	0.152410575428	0.132192846034	0.0964230171073	0.133748055988	0.138413685848	0.0933125972006	0.132192846034	0.124416796267	0.130637636081	0.124416796267	0.099533437014	0.104199066874	0.144634525661	0.115085536547	0.113530326594	0.130637636081	0.138413685848	0.115085536547	0.107309486781	0.127527216174	0.0964230171073	0.0979782270607	0.0715396578538	0.113530326594	0.0964230171073	0.121306376361	0.136858475894	0.124416796267	0.136858475894	0.108864696734	0.122861586314	0.0917573872473	0.0870917573872	0.116640746501	0.138413685848	0.129082426128	0.115085536547	0.132192846034	0.129082426128	0.150855365474	0.143079315708	0.132192846034	0.122861586314	0.0886469673406	0.127527216174	0.110419906687	0.158631415241	0.129082426128	0.0388802488336	0.127527216174	0.133748055988	0.132192846034	0.125972006221	0.121306376361	0.130637636081	0.135303265941	0.133748055988	0.129082426128	0.130637636081	0.113530326594	0.0870917573872	0.138413685848	0.118195956454	0.136858475894	0.121306376361	0.133748055988	0.0917573872473	0.0839813374806	0.136858475894	0.143079315708	0.135303265941	0.135303265941	0.107309486781	0.132192846034	0.152410575428	0.135303265941	0.130637636081	0.138413685848	0.158631415241	0.132192846034	0.111975116641
159227541-stool3.snv.bam	0.138413685848	0.121306376361	0.161741835148	0.0	0.0	0.0	0.108864696734	0.141524105754	0.136858475894	0.135303265941	0.133748055988	0.132192846034	0.135303265941	0.130637636081	0.181959564541	0.185069984448	0.139968895801	0.144634525661	0.136858475894	0.108864696734	0.119751166407	0.121306376361	0.138413685848	0.107309486781	0.0746500777605	0.146189735614	0.136858475894	0.0762052877138	0.127527216174	0.116640746501	0.121306376361	0.136858475894	0.147744945568	0.127527216174	0.0933125972006	0.129082426128	0.133748055988	0.0886469673406	0.127527216174	0.119751166407	0.125972006221	0.119751166407	0.094867807154	0.101088646967	0.139968895801	0.110419906687	0.108864696734	0.127527216174	0.132192846034	0.110419906687	0.104199066874	0.122861586314	0.0917573872473	0.0917573872473	0.0684292379471	0.108864696734	0.0917573872473	0.116640746501	0.130637636081	0.118195956454	0.132192846034	0.104199066874	0.116640746501	0.0855365474339	0.0824261275272	0.110419906687	0.133748055988	0.124416796267	0.110419906687	0.125972006221	0.124416796267	0.147744945568	0.136858475894	0.124416796267	0.118195956454	0.0839813374806	0.122861586314	0.105754276827	0.153965785381	0.122861586314	0.0373250388802	0.119751166407	0.129082426128	0.127527216174	0.122861586314	0.116640746501	0.124416796267	0.129082426128	0.125972006221	0.125972006221	0.125972006221	0.108864696734	0.0855365474339	0.129082426128	0.111975116641	0.132192846034	0.116640746501	0.127527216174	0.0870917573872	0.0793157076205	0.132192846034	0.139968895801	0.130637636081	0.130637636081	0.102643856921	0.130637636081	0.146189735614	0.130637636081	0.127527216174	0.135303265941	0.153965785381	0.125972006221	0.107309486781
159571453-stool2.snv.bam	0.124416796267	0.0979782270607	0.135303265941	0.099533437014	0.111975116641	0.108864696734	0.0	0.132192846034	0.138413685848	0.144634525661	0.115085536547	0.113530326594	0.129082426128	0.119751166407	0.174183514774	0.177293934681	0.132192846034	0.136858475894	0.132192846034	0.119751166407	0.107309486781	0.125972006221	0.105754276827	0.110419906687	0.0917573872473	0.130637636081	0.125972006221	0.104199066874	0.110419906687	0.104199066874	0.130637636081	0.129082426128	0.129082426128	0.0917573872473	0.094867807154	0.0964230171073	0.111975116641	0.0824261275272	0.102643856921	0.0917573872473	0.101088646967	0.0933125972006	0.102643856921	0.119751166407	0.111975116641	0.0917573872473	0.111975116641	0.108864696734	0.130637636081	0.0979782270607	0.105754276827	0.0793157076205	0.0653188180404	0.0933125972006	0.0839813374806	0.116640746501	0.0435458786936	0.102643856921	0.127527216174	0.104199066874	0.110419906687	0.0762052877138	0.113530326594	0.0855365474339	0.0746500777605	0.0979782270607	0.0964230171073	0.101088646967	0.0902021772939	0.127527216174	0.0933125972006	0.121306376361	0.119751166407	0.111975116641	0.0559875583204	0.0699844479005	0.129082426128	0.0279937791602	0.133748055988	0.122861586314	0.099533437014	0.119751166407	0.0979782270607	0.111975116641	0.104199066874	0.115085536547	0.0855365474339	0.116640746501	0.116640746501	0.105754276827	0.0886469673406	0.0917573872473	0.0824261275272	0.125972006221	0.0824261275272	0.0964230171073	0.104199066874	0.122861586314	0.0715396578538	0.0824261275272	0.125972006221	0.121306376361	0.094867807154	0.0917573872473	0.101088646967	0.129082426128	0.136858475894	0.119751166407	0.0964230171073	0.124416796267	0.129082426128	0.129082426128	0.116640746501
160400887-stool1.snv.bam	0.155520995334	0.121306376361	0.125972006221	0.130637636081	0.146189735614	0.141524105754	0.132192846034	0.0	0.166407465008	0.147744945568	0.0902021772939	0.0886469673406	0.129082426128	0.132192846034	0.175738724728	0.180404354588	0.155520995334	0.160186625194	0.152410575428	0.129082426128	0.135303265941	0.113530326594	0.136858475894	0.121306376361	0.099533437014	0.147744945568	0.150855365474	0.133748055988	0.094867807154	0.127527216174	0.141524105754	0.143079315708	0.0870917573872	0.099533437014	0.107309486781	0.105754276827	0.130637636081	0.0964230171073	0.118195956454	0.104199066874	0.118195956454	0.104199066874	0.094867807154	0.133748055988	0.0964230171073	0.104199066874	0.0933125972006	0.121306376361	0.127527216174	0.121306376361	0.113530326594	0.138413685848	0.101088646967	0.107309486781	0.110419906687	0.118195956454	0.102643856921	0.108864696734	0.122861586314	0.136858475894	0.0902021772939	0.094867807154	0.121306376361	0.105754276827	0.0808709175739	0.124416796267	0.104199066874	0.102643856921	0.0668740279938	0.125972006221	0.102643856921	0.094867807154	0.138413685848	0.135303265941	0.146189735614	0.0964230171073	0.130637636081	0.146189735614	0.099533437014	0.129082426128	0.127527216174	0.125972006221	0.130637636081	0.124416796267	0.135303265941	0.125972006221	0.111975116641	0.124416796267	0.139968895801	0.116640746501	0.143079315708	0.102643856921	0.0855365474339	0.132192846034	0.099533437014	0.107309486781	0.119751166407	0.116640746501	0.0964230171073	0.0902021772939	0.153965785381	0.118195956454	0.104199066874	0.107309486781	0.107309486781	0.127527216174	0.147744945568	0.113530326594	0.102643856921	0.129082426128	0.157076205288	0.121306376361	0.127527216174
161412393-stool2.snv.bam	0.172628304821	0.160186625194	0.164852255054	0.127527216174	0.139968895801	0.136858475894	0.138413685848	0.166407465008	0.0	0.152410575428	0.150855365474	0.149300155521	0.164852255054	0.141524105754	0.197511664075	0.200622083981	0.158631415241	0.161741835148	0.155520995334	0.135303265941	0.141524105754	0.133748055988	0.166407465008	0.139968895801	0.116640746501	0.147744945568	0.164852255054	0.136858475894	0.147744945568	0.139968895801	0.144634525661	0.146189735614	0.146189735614	0.147744945568	0.118195956454	0.144634525661	0.152410575428	0.115085536547	0.135303265941	0.144634525661	0.136858475894	0.144634525661	0.118195956454	0.129082426128	0.155520995334	0.125972006221	0.133748055988	0.141524105754	0.153965785381	0.110419906687	0.132192846034	0.135303265941	0.122861586314	0.119751166407	0.115085536547	0.127527216174	0.124416796267	0.122861586314	0.150855365474	0.143079315708	0.136858475894	0.125972006221	0.147744945568	0.113530326594	0.101088646967	0.125972006221	0.150855365474	0.149300155521	0.135303265941	0.129082426128	0.143079315708	0.153965785381	0.135303265941	0.158631415241	0.152410575428	0.108864696734	0.143079315708	0.146189735614	0.163297045101	0.153965785381	0.129082426128	0.133748055988	0.158631415241	0.139968895801	0.136858475894	0.144634525661	0.135303265941	0.143079315708	0.160186625194	0.152410575428	0.161741835148	0.118195956454	0.110419906687	0.171073094868	0.135303265941	0.150855365474	0.133748055988	0.146189735614	0.115085536547	0.094867807154	0.135303265941	0.167962674961	0.150855365474	0.147744945568	0.130637636081	0.141524105754	0.158631415241	0.155520995334	0.146189735614	0.150855365474	0.181959564541	0.144634525661	0.125972006221
763597684-stool2.snv.bam	0.171073094868	0.141524105754	0.161741835148	0.129082426128	0.139968895801	0.135303265941	0.144634525661	0.147744945568	0.152410575428	0.0	0.129082426128	0.129082426128	0.146189735614	0.144634525661	0.191290824261	0.195956454121	0.169517884914	0.172628304821	0.167962674961	0.124416796267	0.141524105754	0.141524105754	0.158631415241	0.122861586314	0.0979782270607	0.141524105754	0.153965785381	0.132192846034	0.125972006221	0.129082426128	0.144634525661	0.152410575428	0.147744945568	0.133748055988	0.127527216174	0.141524105754	0.150855365474	0.115085536547	0.139968895801	0.130637636081	0.136858475894	0.141524105754	0.110419906687	0.153965785381	0.147744945568	0.119751166407	0.115085536547	0.141524105754	0.144634525661	0.115085536547	0.121306376361	0.141524105754	0.110419906687	0.116640746501	0.104199066874	0.130637636081	0.124416796267	0.122861586314	0.147744945568	0.141524105754	0.135303265941	0.118195956454	0.152410575428	0.138413685848	0.094867807154	0.115085536547	0.141524105754	0.136858475894	0.122861586314	0.144634525661	0.136858475894	0.150855365474	0.136858475894	0.133748055988	0.157076205288	0.101088646967	0.144634525661	0.149300155521	0.144634525661	0.147744945568	0.118195956454	0.135303265941	0.157076205288	0.144634525661	0.141524105754	0.136858475894	0.125972006221	0.141524105754	0.161741835148	0.141524105754	0.160186625194	0.122861586314	0.107309486781	0.149300155521	0.119751166407	0.143079315708	0.133748055988	0.143079315708	0.101088646967	0.107309486781	0.155520995334	0.152410575428	0.139968895801	0.141524105754	0.122861586314	0.136858475894	0.171073094868	0.150855365474	0.138413685848	0.133748055988	0.177293934681	0.146189735614	0.121306376361
763901136-stool1.snv.bam	0.138413685848	0.119751166407	0.105754276827	0.121306376361	0.138413685848	0.133748055988	0.115085536547	0.0902021772939	0.150855365474	0.129082426128	0.0	0.0	0.124416796267	0.125972006221	0.178849144635	0.183514774495	0.147744945568	0.150855365474	0.144634525661	0.124416796267	0.127527216174	0.118195956454	0.133748055988	0.099533437014	0.0870917573872	0.149300155521	0.143079315708	0.124416796267	0.0233281493002	0.054432348367	0.132192846034	0.135303265941	0.0684292379471	0.113530326594	0.102643856921	0.116640746501	0.116640746501	0.094867807154	0.107309486781	0.111975116641	0.110419906687	0.118195956454	0.102643856921	0.125972006221	0.0590979782271	0.0964230171073	0.0917573872473	0.116640746501	0.139968895801	0.110419906687	0.107309486781	0.135303265941	0.0839813374806	0.099533437014	0.102643856921	0.115085536547	0.102643856921	0.108864696734	0.130637636081	0.127527216174	0.0699844479005	0.101088646967	0.118195956454	0.107309486781	0.0746500777605	0.115085536547	0.121306376361	0.122861586314	0.0653188180404	0.125972006221	0.111975116641	0.0668740279938	0.135303265941	0.111975116641	0.132192846034	0.0870917573872	0.118195956454	0.129082426128	0.0715396578538	0.127527216174	0.119751166407	0.122861586314	0.127527216174	0.104199066874	0.119751166407	0.105754276827	0.110419906687	0.124416796267	0.144634525661	0.122861586314	0.146189735614	0.094867807154	0.0793157076205	0.135303265941	0.101088646967	0.121306376361	0.113530326594	0.122861586314	0.0886469673406	0.0933125972006	0.143079315708	0.0793157076205	0.118195956454	0.118195956454	0.0964230171073	0.124416796267	0.138413685848	0.116640746501	0.115085536547	0.130637636081	0.147744945568	0.125972006221	0.105754276827
763901136-stool2.snv.bam	0.136858475894	0.118195956454	0.104199066874	0.119751166407	0.136858475894	0.132192846034	0.113530326594	0.0886469673406	0.149300155521	0.129082426128	0.0	0.0	0.122861586314	0.124416796267	0.177293934681	0.181959564541	0.146189735614	0.149300155521	0.143079315708	0.122861586314	0.125972006221	0.116640746501	0.132192846034	0.0979782270607	0.0870917573872	0.147744945568	0.141524105754	0.122861586314	0.0233281493002	0.054432348367	0.132192846034	0.133748055988	0.0668740279938	0.111975116641	0.101088646967	0.115085536547	0.115085536547	0.0933125972006	0.105754276827	0.110419906687	0.108864696734	0.116640746501	0.101088646967	0.124416796267	0.0590979782271	0.094867807154	0.0917573872473	0.115085536547	0.138413685848	0.108864696734	0.105754276827	0.133748055988	0.0824261275272	0.0979782270607	0.101088646967	0.113530326594	0.102643856921	0.107309486781	0.129082426128	0.125972006221	0.0684292379471	0.099533437014	0.116640746501	0.105754276827	0.0730948678072	0.111975116641	0.119751166407	0.121306376361	0.0637636080871	0.124416796267	0.110419906687	0.0653188180404	0.133748055988	0.110419906687	0.130637636081	0.0855365474339	0.116640746501	0.127527216174	0.0699844479005	0.125972006221	0.118195956454	0.121306376361	0.125972006221	0.104199066874	0.118195956454	0.104199066874	0.108864696734	0.122861586314	0.143079315708	0.121306376361	0.144634525661	0.0933125972006	0.0777604976672	0.133748055988	0.099533437014	0.119751166407	0.111975116641	0.121306376361	0.0870917573872	0.0917573872473	0.141524105754	0.0777604976672	0.116640746501	0.116640746501	0.0964230171073	0.122861586314	0.138413685848	0.115085536547	0.113530326594	0.130637636081	0.146189735614	0.124416796267	0.104199066874
764649650-stool2.snv.bam	0.153965785381	0.136858475894	0.144634525661	0.132192846034	0.138413685848	0.135303265941	0.129082426128	0.129082426128	0.164852255054	0.146189735614	0.124416796267	0.122861586314	0.0	0.138413685848	0.195956454121	0.200622083981	0.157076205288	0.161741835148	0.155520995334	0.115085536547	0.127527216174	0.113530326594	0.150855365474	0.113530326594	0.099533437014	0.132192846034	0.149300155521	0.129082426128	0.127527216174	0.122861586314	0.141524105754	0.130637636081	0.125972006221	0.121306376361	0.110419906687	0.130637636081	0.118195956454	0.099533437014	0.115085536547	0.121306376361	0.113530326594	0.125972006221	0.099533437014	0.127527216174	0.121306376361	0.104199066874	0.104199066874	0.113530326594	0.129082426128	0.101088646967	0.111975116641	0.132192846034	0.099533437014	0.099533437014	0.107309486781	0.125972006221	0.104199066874	0.107309486781	0.125972006221	0.119751166407	0.116640746501	0.110419906687	0.119751166407	0.110419906687	0.0870917573872	0.118195956454	0.125972006221	0.129082426128	0.110419906687	0.130637636081	0.124416796267	0.122861586314	0.122861586314	0.122861586314	0.132192846034	0.0886469673406	0.143079315708	0.138413685848	0.138413685848	0.129082426128	0.122861586314	0.116640746501	0.146189735614	0.130637636081	0.124416796267	0.143079315708	0.115085536547	0.138413685848	0.133748055988	0.124416796267	0.146189735614	0.101088646967	0.105754276827	0.130637636081	0.113530326594	0.127527216174	0.119751166407	0.124416796267	0.105754276827	0.101088646967	0.149300155521	0.136858475894	0.125972006221	0.125972006221	0.110419906687	0.0839813374806	0.136858475894	0.122861586314	0.119751166407	0.122861586314	0.160186625194	0.122861586314	0.125972006221
765256553-stool3.snv.bam	0.147744945568	0.127527216174	0.152410575428	0.124416796267	0.135303265941	0.130637636081	0.119751166407	0.132192846034	0.141524105754	0.144634525661	0.125972006221	0.124416796267	0.138413685848	0.0	0.171073094868	0.175738724728	0.152410575428	0.155520995334	0.149300155521	0.129082426128	0.124416796267	0.122861586314	0.139968895801	0.108864696734	0.0979782270607	0.127527216174	0.132192846034	0.113530326594	0.113530326594	0.121306376361	0.127527216174	0.0404354587869	0.135303265941	0.124416796267	0.094867807154	0.122861586314	0.129082426128	0.0855365474339	0.119751166407	0.127527216174	0.121306376361	0.124416796267	0.107309486781	0.0528771384137	0.130637636081	0.101088646967	0.119751166407	0.125972006221	0.121306376361	0.115085536547	0.110419906687	0.110419906687	0.0824261275272	0.0902021772939	0.0964230171073	0.108864696734	0.0964230171073	0.104199066874	0.133748055988	0.101088646967	0.125972006221	0.111975116641	0.113530326594	0.113530326594	0.0824261275272	0.116640746501	0.129082426128	0.119751166407	0.107309486781	0.124416796267	0.122861586314	0.139968895801	0.116640746501	0.115085536547	0.129082426128	0.0855365474339	0.135303265941	0.125972006221	0.130637636081	0.130637636081	0.113530326594	0.122861586314	0.132192846034	0.122861586314	0.132192846034	0.111975116641	0.124416796267	0.129082426128	0.130637636081	0.125972006221	0.143079315708	0.105754276827	0.0979782270607	0.132192846034	0.116640746501	0.132192846034	0.108864696734	0.127527216174	0.0917573872473	0.0855365474339	0.138413685848	0.146189735614	0.132192846034	0.130637636081	0.108864696734	0.138413685848	0.146189735614	0.133748055988	0.127527216174	0.136858475894	0.144634525661	0.125972006221	0.0964230171073
765701615-stool1.snv.bam	0.161741835148	0.169517884914	0.199066874028	0.172628304821	0.186625194401	0.181959564541	0.174183514774	0.175738724728	0.197511664075	0.191290824261	0.178849144635	0.177293934681	0.195956454121	0.171073094868	0.0	0.0	0.206842923795	0.211508553655	0.203732503888	0.161741835148	0.199066874028	0.161741835148	0.185069984448	0.149300155521	0.136858475894	0.195956454121	0.158631415241	0.172628304821	0.174183514774	0.177293934681	0.158631415241	0.194401244168	0.181959564541	0.178849144635	0.150855365474	0.181959564541	0.185069984448	0.139968895801	0.178849144635	0.169517884914	0.177293934681	0.178849144635	0.141524105754	0.183514774495	0.186625194401	0.160186625194	0.166407465008	0.181959564541	0.166407465008	0.160186625194	0.143079315708	0.158631415241	0.147744945568	0.146189735614	0.155520995334	0.192846034215	0.143079315708	0.175738724728	0.172628304821	0.177293934681	0.166407465008	0.153965785381	0.160186625194	0.167962674961	0.138413685848	0.160186625194	0.186625194401	0.177293934681	0.158631415241	0.174183514774	0.180404354588	0.185069984448	0.186625194401	0.171073094868	0.174183514774	0.146189735614	0.169517884914	0.164852255054	0.185069984448	0.164852255054	0.163297045101	0.167962674961	0.180404354588	0.195956454121	0.157076205288	0.152410575428	0.178849144635	0.186625194401	0.171073094868	0.178849144635	0.160186625194	0.163297045101	0.135303265941	0.185069984448	0.171073094868	0.188180404355	0.175738724728	0.160186625194	0.144634525661	0.150855365474	0.186625194401	0.202177293935	0.186625194401	0.186625194401	0.157076205288	0.178849144635	0.166407465008	0.175738724728	0.178849144635	0.177293934681	0.163297045101	0.175738724728	0.152410575428
765701615-stool2.snv.bam	0.164852255054	0.172628304821	0.203732503888	0.175738724728	0.189735614308	0.185069984448	0.177293934681	0.180404354588	0.200622083981	0.195956454121	0.183514774495	0.181959564541	0.200622083981	0.175738724728	0.0	0.0	0.209953343701	0.214618973561	0.206842923795	0.166407465008	0.203732503888	0.164852255054	0.188180404355	0.153965785381	0.141524105754	0.200622083981	0.161741835148	0.175738724728	0.178849144635	0.180404354588	0.163297045101	0.199066874028	0.186625194401	0.183514774495	0.155520995334	0.186625194401	0.189735614308	0.144634525661	0.183514774495	0.174183514774	0.181959564541	0.183514774495	0.144634525661	0.188180404355	0.191290824261	0.164852255054	0.171073094868	0.185069984448	0.169517884914	0.164852255054	0.147744945568	0.161741835148	0.150855365474	0.150855365474	0.158631415241	0.197511664075	0.146189735614	0.180404354588	0.175738724728	0.180404354588	0.171073094868	0.158631415241	0.164852255054	0.171073094868	0.141524105754	0.161741835148	0.191290824261	0.181959564541	0.163297045101	0.177293934681	0.185069984448	0.189735614308	0.191290824261	0.172628304821	0.178849144635	0.149300155521	0.172628304821	0.167962674961	0.189735614308	0.167962674961	0.166407465008	0.172628304821	0.183514774495	0.200622083981	0.161741835148	0.157076205288	0.181959564541	0.189735614308	0.175738724728	0.183514774495	0.163297045101	0.167962674961	0.138413685848	0.189735614308	0.175738724728	0.192846034215	0.180404354588	0.163297045101	0.147744945568	0.155520995334	0.189735614308	0.206842923795	0.191290824261	0.191290824261	0.161741835148	0.183514774495	0.167962674961	0.180404354588	0.183514774495	0.181959564541	0.166407465008	0.178849144635	0.153965785381
BYQ_AAAG.snv.bam	0.164852255054	0.133748055988	0.158631415241	0.129082426128	0.141524105754	0.139968895801	0.132192846034	0.155520995334	0.158631415241	0.169517884914	0.147744945568	0.146189735614	0.157076205288	0.152410575428	0.206842923795	0.209953343701	0.0	0.0	0.0	0.149300155521	0.146189735614	0.152410575428	0.141524105754	0.104199066874	0.110419906687	0.158631415241	0.135303265941	0.136858475894	0.139968895801	0.133748055988	0.143079315708	0.166407465008	0.155520995334	0.138413685848	0.116640746501	0.136858475894	0.149300155521	0.102643856921	0.138413685848	0.135303265941	0.136858475894	0.132192846034	0.110419906687	0.150855365474	0.149300155521	0.122861586314	0.125972006221	0.139968895801	0.166407465008	0.136858475894	0.125972006221	0.129082426128	0.116640746501	0.118195956454	0.111975116641	0.138413685848	0.119751166407	0.132192846034	0.166407465008	0.144634525661	0.141524105754	0.118195956454	0.147744945568	0.111975116641	0.108864696734	0.0979782270607	0.144634525661	0.139968895801	0.135303265941	0.130637636081	0.135303265941	0.149300155521	0.147744945568	0.147744945568	0.150855365474	0.0979782270607	0.132192846034	0.133748055988	0.158631415241	0.150855365474	0.136858475894	0.141524105754	0.138413685848	0.146189735614	0.133748055988	0.119751166407	0.130637636081	0.143079315708	0.164852255054	0.136858475894	0.160186625194	0.115085536547	0.105754276827	0.139968895801	0.127527216174	0.141524105754	0.136858475894	0.160186625194	0.0870917573872	0.0917573872473	0.153965785381	0.150855365474	0.143079315708	0.139968895801	0.122861586314	0.150855365474	0.161741835148	0.150855365474	0.141524105754	0.152410575428	0.177293934681	0.163297045101	0.130637636081
BYQ_AAAR.snv.bam	0.169517884914	0.136858475894	0.163297045101	0.133748055988	0.146189735614	0.144634525661	0.136858475894	0.160186625194	0.161741835148	0.172628304821	0.150855365474	0.149300155521	0.161741835148	0.155520995334	0.211508553655	0.214618973561	0.0	0.0	0.0	0.155520995334	0.150855365474	0.155520995334	0.146189735614	0.108864696734	0.110419906687	0.163297045101	0.136858475894	0.139968895801	0.143079315708	0.136858475894	0.147744945568	0.171073094868	0.160186625194	0.143079315708	0.121306376361	0.141524105754	0.153965785381	0.108864696734	0.143079315708	0.139968895801	0.141524105754	0.136858475894	0.111975116641	0.155520995334	0.153965785381	0.127527216174	0.127527216174	0.144634525661	0.169517884914	0.141524105754	0.129082426128	0.132192846034	0.121306376361	0.122861586314	0.113530326594	0.141524105754	0.124416796267	0.136858475894	0.169517884914	0.149300155521	0.146189735614	0.122861586314	0.150855365474	0.113530326594	0.113530326594	0.099533437014	0.149300155521	0.143079315708	0.138413685848	0.135303265941	0.139968895801	0.153965785381	0.152410575428	0.152410575428	0.155520995334	0.101088646967	0.135303265941	0.138413685848	0.163297045101	0.155520995334	0.141524105754	0.146189735614	0.143079315708	0.149300155521	0.138413685848	0.124416796267	0.135303265941	0.147744945568	0.169517884914	0.141524105754	0.164852255054	0.119751166407	0.108864696734	0.141524105754	0.132192846034	0.146189735614	0.138413685848	0.164852255054	0.0917573872473	0.094867807154	0.160186625194	0.153965785381	0.147744945568	0.144634525661	0.125972006221	0.155520995334	0.166407465008	0.155520995334	0.146189735614	0.155520995334	0.181959564541	0.167962674961	0.135303265941
BYQ_AABA.snv.bam	0.163297045101	0.132192846034	0.155520995334	0.125972006221	0.138413685848	0.136858475894	0.132192846034	0.152410575428	0.155520995334	0.167962674961	0.144634525661	0.143079315708	0.155520995334	0.149300155521	0.203732503888	0.206842923795	0.0	0.0	0.0	0.147744945568	0.144634525661	0.147744945568	0.138413685848	0.104199066874	0.108864696734	0.160186625194	0.136858475894	0.133748055988	0.136858475894	0.132192846034	0.141524105754	0.164852255054	0.152410575428	0.136858475894	0.116640746501	0.135303265941	0.147744945568	0.107309486781	0.136858475894	0.133748055988	0.135303265941	0.129082426128	0.110419906687	0.149300155521	0.144634525661	0.121306376361	0.127527216174	0.138413685848	0.161741835148	0.138413685848	0.124416796267	0.127527216174	0.119751166407	0.118195956454	0.107309486781	0.135303265941	0.119751166407	0.130637636081	0.161741835148	0.143079315708	0.138413685848	0.116640746501	0.144634525661	0.111975116641	0.107309486781	0.0979782270607	0.143079315708	0.138413685848	0.133748055988	0.129082426128	0.133748055988	0.146189735614	0.149300155521	0.149300155521	0.150855365474	0.0964230171073	0.132192846034	0.133748055988	0.155520995334	0.147744945568	0.133748055988	0.141524105754	0.135303265941	0.144634525661	0.132192846034	0.118195956454	0.129082426128	0.144634525661	0.160186625194	0.135303265941	0.160186625194	0.113530326594	0.104199066874	0.138413685848	0.125972006221	0.139968895801	0.135303265941	0.157076205288	0.0855365474339	0.0917573872473	0.152410575428	0.147744945568	0.141524105754	0.138413685848	0.122861586314	0.147744945568	0.160186625194	0.150855365474	0.139968895801	0.150855365474	0.177293934681	0.160186625194	0.132192846034
CCIS15794887ST-4-0.snv.bam	0.141524105754	0.122861586314	0.149300155521	0.101088646967	0.115085536547	0.108864696734	0.119751166407	0.129082426128	0.135303265941	0.124416796267	0.124416796267	0.122861586314	0.115085536547	0.129082426128	0.161741835148	0.166407465008	0.149300155521	0.155520995334	0.147744945568	0.0	0.119751166407	0.108864696734	0.143079315708	0.0979782270607	0.0746500777605	0.130637636081	0.138413685848	0.105754276827	0.118195956454	0.119751166407	0.125972006221	0.127527216174	0.124416796267	0.130637636081	0.0933125972006	0.129082426128	0.129082426128	0.0839813374806	0.121306376361	0.116640746501	0.122861586314	0.130637636081	0.0870917573872	0.127527216174	0.122861586314	0.111975116641	0.104199066874	0.119751166407	0.119751166407	0.115085536547	0.0964230171073	0.116640746501	0.0870917573872	0.094867807154	0.0917573872473	0.113530326594	0.0917573872473	0.115085536547	0.121306376361	0.121306376361	0.115085536547	0.108864696734	0.113530326594	0.102643856921	0.0777604976672	0.104199066874	0.133748055988	0.124416796267	0.115085536547	0.115085536547	0.130637636081	0.132192846034	0.124416796267	0.116640746501	0.125972006221	0.0870917573872	0.107309486781	0.118195956454	0.129082426128	0.127527216174	0.0979782270607	0.101088646967	0.135303265941	0.138413685848	0.115085536547	0.107309486781	0.122861586314	0.119751166407	0.125972006221	0.129082426128	0.118195956454	0.105754276827	0.0870917573872	0.139968895801	0.111975116641	0.136858475894	0.108864696734	0.125972006221	0.094867807154	0.0964230171073	0.116640746501	0.132192846034	0.133748055988	0.136858475894	0.0917573872473	0.113530326594	0.129082426128	0.107309486781	0.130637636081	0.121306376361	0.144634525661	0.119751166407	0.101088646967
CCIS16561622ST-4-0.snv.bam	0.158631415241	0.119751166407	0.160186625194	0.111975116641	0.124416796267	0.119751166407	0.107309486781	0.135303265941	0.141524105754	0.141524105754	0.127527216174	0.125972006221	0.127527216174	0.124416796267	0.199066874028	0.203732503888	0.146189735614	0.150855365474	0.144634525661	0.119751166407	0.0	0.130637636081	0.136858475894	0.115085536547	0.0917573872473	0.0902021772939	0.133748055988	0.130637636081	0.121306376361	0.119751166407	0.144634525661	0.133748055988	0.132192846034	0.0917573872473	0.115085536547	0.0979782270607	0.107309486781	0.102643856921	0.0979782270607	0.0933125972006	0.0964230171073	0.104199066874	0.0902021772939	0.121306376361	0.129082426128	0.0855365474339	0.105754276827	0.0979782270607	0.143079315708	0.0762052877138	0.116640746501	0.116640746501	0.107309486781	0.0933125972006	0.101088646967	0.116640746501	0.094867807154	0.0715396578538	0.136858475894	0.0668740279938	0.121306376361	0.0777604976672	0.125972006221	0.0902021772939	0.0870917573872	0.107309486781	0.094867807154	0.099533437014	0.118195956454	0.133748055988	0.0933125972006	0.136858475894	0.0808709175739	0.143079315708	0.110419906687	0.0870917573872	0.143079315708	0.113530326594	0.141524105754	0.135303265941	0.121306376361	0.141524105754	0.127527216174	0.0886469673406	0.125972006221	0.133748055988	0.0964230171073	0.136858475894	0.147744945568	0.094867807154	0.135303265941	0.0933125972006	0.0855365474339	0.136858475894	0.0870917573872	0.0933125972006	0.0575427682737	0.135303265941	0.0730948678072	0.0622083981337	0.141524105754	0.143079315708	0.0933125972006	0.094867807154	0.113530326594	0.136858475894	0.153965785381	0.135303265941	0.0964230171073	0.138413685848	0.164852255054	0.139968895801	0.132192846034
CCIS41548810ST-4-0.snv.bam	0.139968895801	0.127527216174	0.132192846034	0.107309486781	0.127527216174	0.121306376361	0.125972006221	0.113530326594	0.133748055988	0.141524105754	0.118195956454	0.116640746501	0.113530326594	0.122861586314	0.161741835148	0.164852255054	0.152410575428	0.155520995334	0.147744945568	0.108864696734	0.130637636081	0.0	0.132192846034	0.101088646967	0.0855365474339	0.144634525661	0.150855365474	0.113530326594	0.113530326594	0.113530326594	0.118195956454	0.121306376361	0.124416796267	0.118195956454	0.101088646967	0.124416796267	0.121306376361	0.0902021772939	0.107309486781	0.113530326594	0.107309486781	0.115085536547	0.102643856921	0.119751166407	0.111975116641	0.0964230171073	0.111975116641	0.110419906687	0.0264385692068	0.110419906687	0.099533437014	0.127527216174	0.094867807154	0.0513219284603	0.0824261275272	0.119751166407	0.105754276827	0.108864696734	0.0139968895801	0.132192846034	0.116640746501	0.107309486781	0.0435458786936	0.104199066874	0.0311041990669	0.115085536547	0.121306376361	0.127527216174	0.115085536547	0.0839813374806	0.116640746501	0.118195956454	0.133748055988	0.119751166407	0.141524105754	0.0902021772939	0.129082426128	0.138413685848	0.132192846034	0.0279937791602	0.104199066874	0.104199066874	0.130637636081	0.122861586314	0.132192846034	0.122861586314	0.115085536547	0.122861586314	0.143079315708	0.124416796267	0.139968895801	0.0933125972006	0.0870917573872	0.135303265941	0.108864696734	0.121306376361	0.116640746501	0.0248833592535	0.0824261275272	0.0808709175739	0.118195956454	0.139968895801	0.119751166407	0.118195956454	0.094867807154	0.118195956454	0.146189735614	0.127527216174	0.116640746501	0.138413685848	0.149300155521	0.0108864696734	0.101088646967
