	159005010-stool2.snv.bam	159571453-stool2.snv.bam	160582958-stool2.snv.bam	160603188-stool1.snv.bam	160765029-stool1.snv.bam	763536994-stool2.snv.bam	763577454-stool2.snv.bam	763759525-stool1.snv.bam	765074482-stool3.snv.bam	765135172-stool1.snv.bam	857980665-stool3.snv.bam	861967750-stool1.snv.bam	BYQ_AAAM.snv.bam	BYQ_AAAP.snv.bam	CCIS09568613ST-4-0.snv.bam	CCIS13047523ST-4-0.snv.bam	CCIS64773582ST-4-0.snv.bam	CCIS94603952ST-4-0.snv.bam	CCMD82866709ST-21-0.snv.bam	CCMD95433940ST-21-0.snv.bam	DOF003.snv.bam	MH0260.snv.bam	MH0268.snv.bam	MH0333.snv.bam	MH0384.snv.bam	MH0388.snv.bam	MH0407.snv.bam	MH0419.snv.bam	MH0432.snv.bam	MH0456.snv.bam	MMRS17963147ST-27-0-0.snv.bam	MMRS39415781ST-27-0-0.snv.bam	MMRS62376181ST-27-0-0.snv.bam	MMRS94549160ST-27-0-0.snv.bam	O2.UC4-1.snv.bam	O2.UC48-1.snv.bam	V1.CD1-0-PT.snv.bam	V1.CD15-3.snv.bam	V1.CD44-0.snv.bam	V1.FI06.snv.bam	V1.FI11.snv.bam	V1.FI13.snv.bam	V1.FI21.snv.bam	V1.FI22.snv.bam	V1.FI29.snv.bam	V1.UC58-4.snv.bam	daisy-11-0-0.snv.bam	daisy-11-2-0.snv.bam	daisy-11-60-0.snv.bam	daisy-11-7-0.snv.bam	tigress-11-0-0.snv.bam	tigress-11-2-0.snv.bam	tigress-11-60-0.snv.bam
159005010-stool2.snv.bam	0.0	0.17385614098	0.196055598149	0.227788052362	0.198639847931	0.235428983721	0.199349428377	0.22250052179	0.215962860521	0.1800354098	0.172727096537	0.221414690416	0.00630307192807	0.201490463559	0.183570564392	0.207671335201	0.1846879489	0.211891879782	0.216701920927	0.201856598623	0.207825083955	0.184936057253	0.202276256914	0.204184334777	0.214544495809	0.198661013179	0.181056692595	0.220652235567	0.215474228178	0.205644728162	0.22301955073	0.216004750304	0.207503734448	0.21924048174	0.232606131586	0.185339129547	0.211316920961	0.212833015534	0.20523447855	0.227734778995	0.203374284866	0.203505394897	0.19427518117	0.226282537593	0.217620020788	0.219669091789	0.200895579554	0.199563171481	0.200732020505	0.199048634437	0.229973696821	0.229940832662	0.227037371558
159571453-stool2.snv.bam	0.17385614098	0.0	0.16532824868	0.160420960803	0.137750748764	0.165739109057	0.149526442671	0.153548773916	0.146349067892	0.124038517189	0.150870965369	0.168829475999	0.175002083728	0.156206967843	0.125077203894	0.163194116265	0.144124323442	0.146032325869	0.130612095432	0.164617891919	0.147882799193	0.1266532717	0.145521323303	0.159039284963	0.171629063755	0.151197901835	0.137875624676	0.141025078967	0.160897983953	0.141741929888	0.162160472775	0.145766501317	0.146102016899	0.165394266313	0.170012263192	0.128738593209	0.156189081105	0.139980300883	0.152185254044	0.137482398336	0.152512846719	0.152952777893	0.145108397753	0.145581991449	0.148075406921	0.145291976947	0.140281207644	0.138822968479	0.140119486337	0.138162096035	0.166526851813	0.166494356086	0.160936668968
160582958-stool2.snv.bam	0.196055598149	0.16532824868	0.0	0.169492054331	0.174176358912	0.178913330446	0.178883394786	0.188170530782	0.184819394728	0.161577054146	0.172548142156	0.190270468988	0.196657787925	0.185468106996	0.170737327189	0.183962264151	0.168891750025	0.186976080755	0.18891509434	0.169605568445	0.183665723114	0.163976377953	0.175176279049	0.170506823562	0.135108538305	0.176557814706	0.168456001363	0.201404804346	0.194823182031	0.190294451183	0.191698374265	0.211315108107	0.178038412019	0.194573389997	0.182815543522	0.171585164058	0.191125064322	0.204101423678	0.178385355078	0.213360923073	0.166946480169	0.166944300111	0.176224119894	0.207347413428	0.196537546364	0.175859670046	0.182978239241	0.181585845347	0.182842119828	0.181379918077	0.209751600732	0.20979498861	0.211326746648
160603188-stool1.snv.bam	0.227788052362	0.160420960803	0.169492054331	0.0	0.185527480427	0.184060479545	0.190468950773	0.195360134297	0.174493124309	0.156681782235	0.211410724578	0.161342182983	0.224389801143	0.177566298228	0.149241308156	0.167061132308	0.158954822032	0.15862441518	0.180467833726	0.1798721893	0.175666235243	0.160704896515	0.15965125529	0.17304034387	0.143219000884	0.16763939075	0.18049151773	0.181247991935	0.199232201177	0.166731762948	0.182925826952	0.19832880555	0.165588336665	0.18862321084	0.152735334774	0.148356462496	0.204017475151	0.168070616685	0.173959633786	0.180002907294	0.163121207516	0.163487297284	0.142302253471	0.185519742182	0.172617224405	0.155714460289	0.148255583839	0.146607946758	0.148095303256	0.14623160589	0.185598485084	0.185630690447	0.182488304786
160765029-stool1.snv.bam	0.198639847931	0.137750748764	0.174176358912	0.185527480427	0.0	0.186417106152	0.161563232507	0.170603667454	0.176784996913	0.156856638768	0.173770566662	0.199113799527	0.203683755841	0.16401494358	0.129223108206	0.178220889521	0.156577382467	0.167623278499	0.157378201127	0.145986839308	0.14755255142	0.127538667051	0.157491722664	0.175400463683	0.181024477203	0.17427832232	0.150300117821	0.176709152017	0.179376136203	0.168167369639	0.1736478571	0.171302394705	0.167925475981	0.175095367543	0.168185240431	0.150393454141	0.174081064608	0.16574142694	0.169122856664	0.152729647187	0.15622585359	0.156196558239	0.170456596816	0.173586432774	0.177034962644	0.182620856236	0.1816198703	0.180172806514	0.181459589717	0.179191880104	0.183433489323	0.183412343715	0.182473085463
763536994-stool2.snv.bam	0.235428983721	0.165739109057	0.178913330446	0.184060479545	0.186417106152	0.0	0.14191128607	0.204858567965	0.15661954066	0.130458414132	0.198249617933	0.175195359807	0.233474956462	0.156553759108	0.174045585615	0.149941389051	0.150099881166	0.151121095616	0.152898144617	0.150390088345	0.152671177504	0.127445420312	0.183069729398	0.182870505061	0.188578844745	0.16418373312	0.196045061021	0.179118426393	0.191070865365	0.162144045917	0.17816697552	0.164549747961	0.152303487419	0.179663318229	0.148482712211	0.139730753895	0.192282262752	0.195536074039	0.160643030207	0.175963893625	0.16588134938	0.165979632291	0.168980198882	0.165508538492	0.200027082157	0.194773293817	0.148183630801	0.14656194493	0.148135167822	0.145727446402	0.163092601297	0.16316746744	0.164353903262
763577454-stool2.snv.bam	0.199349428377	0.149526442671	0.178883394786	0.190468950773	0.161563232507	0.14191128607	0.0	0.145488576752	0.154616485587	0.133323104239	0.200159886781	0.158974207202	0.199763912737	0.148323984103	0.124758460601	0.118772343287	0.116848687314	0.147380018074	0.14601224132	0.125727668922	0.136196728466	0.13257658698	0.144807145908	0.132071323419	0.183481827749	0.128043758252	0.16850482148	0.160650060039	0.166268829567	0.129040653752	0.149879934575	0.162462711018	0.149971290203	0.137167212502	0.150471306718	0.119697109731	0.158553852529	0.16635343979	0.132449626623	0.182546713411	0.127766274598	0.127581029807	0.141852791211	0.122044465939	0.162124973433	0.171637472479	0.150283817929	0.148750794391	0.150169936752	0.147884721005	0.152128637751	0.152203171156	0.148836439729
763759525-stool1.snv.bam	0.22250052179	0.153548773916	0.188170530782	0.195360134297	0.170603667454	0.204858567965	0.145488576752	0.0	0.160552582031	0.156259992238	0.206795024867	0.164075848657	0.223306470835	0.168001250269	0.132300962226	0.145228238493	0.147014371929	0.143892296219	0.189354520387	0.154154224753	0.151713221303	0.139112972675	0.173382996642	0.143888862459	0.204420307722	0.156235423632	0.177415321606	0.158055279872	0.191002047116	0.140688118742	0.149078265086	0.163650315573	0.178800023492	0.147281853377	0.172568388607	0.138326949008	0.186605776138	0.183970636175	0.135897907874	0.172926128864	0.137578142025	0.137683800464	0.150511353661	0.155687579733	0.171895763851	0.162717889892	0.135796638697	0.134155736127	0.135631956816	0.134079949844	0.174093097287	0.174169672703	0.17086155904
765074482-stool3.snv.bam	0.215962860521	0.146349067892	0.184819394728	0.174493124309	0.176784996913	0.15661954066	0.154616485587	0.160552582031	0.0	0.146451570102	0.205965219316	0.139161511139	0.223322550995	0.158094163173	0.14165329053	0.138166556945	0.126842650104	0.159577314072	0.138013136289	0.144877181642	0.128261474098	0.123812568506	0.146498837127	0.120068075715	0.185165465129	0.10978047319	0.172475503139	0.153730918205	0.194392777557	0.112166618567	0.174780997305	0.169934461017	0.120210171471	0.162866709184	0.160952833175	0.116422606079	0.190913693034	0.145852809078	0.140997566605	0.163543449054	0.164845699937	0.165092347363	0.124340867857	0.139592680402	0.145748927521	0.121359768979	0.138246166486	0.136705017578	0.138130429333	0.136456811065	0.16211065178	0.162142857143	0.158842835017
765135172-stool1.snv.bam	0.1800354098	0.124038517189	0.161577054146	0.156681782235	0.156856638768	0.130458414132	0.133323104239	0.156259992238	0.146451570102	0.0	0.164573670224	0.137872125492	0.182815430873	0.135933460523	0.133359316538	0.126274472413	0.134873199623	0.123118236768	0.127506418485	0.122967941436	0.148919338829	0.130054644809	0.159525792841	0.131578908738	0.16514088065	0.144798596694	0.151975029527	0.116128649381	0.17114280732	0.121439135271	0.166288371304	0.157182155064	0.132484059352	0.151429724074	0.135359611951	0.100478867295	0.167518385219	0.138108200343	0.15723741683	0.149219545195	0.108831761894	0.108974349278	0.14072398749	0.136374954337	0.146612653352	0.135845456483	0.128147278409	0.126182606991	0.12797754732	0.125596287922	0.1301289549	0.13006501548	0.123971784638
857980665-stool3.snv.bam	0.172727096537	0.150870965369	0.172548142156	0.211410724578	0.173770566662	0.198249617933	0.200159886781	0.206795024867	0.205965219316	0.164573670224	0.0	0.202463737916	0.175621328033	0.175780714738	0.172209550092	0.173610707615	0.18153802815	0.17684551338	0.206891587944	0.193775190965	0.174193371337	0.163743310503	0.187936820716	0.192150659149	0.195613033312	0.193692333775	0.0983055032233	0.19565823527	0.191535742336	0.184639774391	0.20452845042	0.185394057447	0.183794438406	0.206645548739	0.228816935501	0.171276714284	0.188111648698	0.182617652106	0.184083029848	0.200725233425	0.186571148198	0.186935185516	0.193494974086	0.183141502637	0.193339485287	0.19766052727	0.185709250352	0.184381377352	0.185594422249	0.184218395086	0.212542799058	0.212552520903	0.2140650916
861967750-stool1.snv.bam	0.221414690416	0.168829475999	0.190270468988	0.161342182983	0.199113799527	0.175195359807	0.158974207202	0.164075848657	0.139161511139	0.137872125492	0.202463737916	0.0	0.224098562853	0.126035352646	0.140369242685	0.139380812047	0.127862211395	0.136025876205	0.152896500158	0.146017532254	0.129159075351	0.145461890767	0.1507815796	0.134384329226	0.201244661338	0.121290195706	0.176005399895	0.152147542576	0.194984980156	0.144451766209	0.183019872376	0.175814571022	0.117275624306	0.159582374278	0.170671836119	0.0996660182678	0.204878741596	0.168476606665	0.153889509684	0.173237171673	0.134302526916	0.134338205131	0.13405600327	0.166872372748	0.155442097304	0.115452773307	0.108494393298	0.106673696086	0.108334112716	0.106699265015	0.163537741451	0.163569946814	0.160107415051
BYQ_AAAM.snv.bam	0.00630307192807	0.175002083728	0.196657787925	0.224389801143	0.203683755841	0.233474956462	0.199763912737	0.223306470835	0.223322550995	0.182815430873	0.175621328033	0.224098562853	0.0	0.201640271493	0.187468718719	0.203489863998	0.189932270316	0.210098491348	0.216877880184	0.204617031998	0.205910906726	0.185421994885	0.2051649132	0.209328745334	0.214953721386	0.20217029126	0.182505026828	0.225229340337	0.21331528008	0.206673913812	0.225313332583	0.218968763724	0.209817410837	0.217370654451	0.232305340045	0.188061861716	0.209539931501	0.21319890594	0.203661281358	0.225188276369	0.203995274332	0.204098621859	0.197228843119	0.223668085022	0.217730472142	0.223939879565	0.197082423164	0.195756815432	0.196989425505	0.195358276917	0.229956802238	0.229924523633	0.227073032847
BYQ_AAAP.snv.bam	0.201490463559	0.156206967843	0.185468106996	0.177566298228	0.16401494358	0.156553759108	0.148323984103	0.168001250269	0.158094163173	0.135933460523	0.175780714738	0.126035352646	0.201640271493	0.0	0.146626078133	0.153390048982	0.142811964973	0.113732672556	0.133385133385	0.14533844189	0.118478050733	0.128823953824	0.126545604046	0.124588938113	0.190937758423	0.114145219758	0.154427616725	0.149407175685	0.141795772739	0.121132023231	0.158977579841	0.166664440437	0.11801599345	0.11772188183	0.176959504838	0.118342860094	0.156795032123	0.161879403848	0.127288133435	0.161595726413	0.127103603763	0.126885955411	0.137113046632	0.155466107703	0.150011004541	0.169400133916	0.113753476671	0.112031024531	0.113590657708	0.111371288644	0.14719577835	0.147228492601	0.14831973582
CCIS09568613ST-4-0.snv.bam	0.183570564392	0.125077203894	0.170737327189	0.149241308156	0.129223108206	0.174045585615	0.124758460601	0.132300962226	0.14165329053	0.133359316538	0.172209550092	0.140369242685	0.187468718719	0.146626078133	0.0	0.128205128205	0.110210063508	0.127380952381	0.148837209302	0.130434782609	0.119954559344	0.127583979328	0.121008784138	0.121078130946	0.171471473946	0.130943259339	0.135037223579	0.122126138591	0.174155082656	0.108852278807	0.13586771224	0.155910118335	0.15062492954	0.121734924218	0.164928226164	0.108822218026	0.169624618953	0.120266282492	0.133197270463	0.144901415944	0.107655169396	0.10791855068	0.103803737016	0.131920827381	0.109383215719	0.149080903875	0.130758591141	0.129120879121	0.130596505597	0.128417074797	0.143931228035	0.143820224719	0.140358510268
CCIS13047523ST-4-0.snv.bam	0.207671335201	0.163194116265	0.183962264151	0.167061132308	0.178220889521	0.149941389051	0.118772343287	0.145228238493	0.138166556945	0.126274472413	0.173610707615	0.139380812047	0.203489863998	0.153390048982	0.128205128205	0.0	0.126828290924	0.120202353459	0.144893111639	0.157276995305	0.129743100428	0.141578249337	0.135479112709	0.147188406154	0.175847776065	0.134441973465	0.14325622447	0.126397685511	0.183052806946	0.134722504838	0.154586834734	0.157906223359	0.136009432363	0.143683862434	0.171019414107	0.111324368457	0.179692288249	0.132508819602	0.13409693605	0.169769762365	0.12894301208	0.129139369231	0.129730868593	0.108912316044	0.123933389842	0.153460030166	0.120223589992	0.118163738813	0.120057386801	0.118660475041	0.165821336331	0.165898617512	0.162323755131
CCIS64773582ST-4-0.snv.bam	0.1846879489	0.144124323442	0.168891750025	0.158954822032	0.156577382467	0.150099881166	0.116848687314	0.147014371929	0.126842650104	0.134873199623	0.18153802815	0.127862211395	0.189932270316	0.142811964973	0.110210063508	0.126828290924	0.0	0.132788982716	0.135732133933	0.13810741688	0.0954927714639	0.108487156677	0.113105439243	0.126213275121	0.158465032987	0.122983115649	0.144764100202	0.122819895589	0.138891239177	0.123294982956	0.153572893472	0.156508593776	0.113560758082	0.149491182343	0.158747864231	0.0343763672941	0.148948720511	0.147944643948	0.126925361636	0.154672843956	0.122396175842	0.122592368873	0.0965569871247	0.143973377155	0.146826717464	0.157038452691	0.11826345819	0.116588158462	0.118103177607	0.116298978754	0.151175524106	0.151207729469	0.147834317224
CCIS94603952ST-4-0.snv.bam	0.211891879782	0.146032325869	0.186976080755	0.15862441518	0.167623278499	0.151121095616	0.147380018074	0.143892296219	0.159577314072	0.123118236768	0.17684551338	0.136025876205	0.210098491348	0.113732672556	0.127380952381	0.120202353459	0.132788982716	0.0	0.12569213732	0.137408739239	0.115955925013	0.11249383173	0.120863835454	0.125679522064	0.185153869981	0.119930562409	0.153607614698	0.141760042486	0.151926375034	0.113726056715	0.162234344812	0.14027010086	0.14181231893	0.117327743739	0.149304898181	0.104434845099	0.162268272114	0.147377786324	0.123941108982	0.149014960675	0.101401632486	0.101329868627	0.120497939524	0.154897235682	0.137477267785	0.154970819191	0.103838814221	0.102079293256	0.103676728677	0.10174770763	0.152933368217	0.15291599786	0.149341985315
CCMD82866709ST-21-0.snv.bam	0.216701920927	0.130612095432	0.18891509434	0.180467833726	0.157378201127	0.152898144617	0.14601224132	0.189354520387	0.138013136289	0.127506418485	0.206891587944	0.152896500158	0.216877880184	0.133385133385	0.148837209302	0.144893111639	0.135732133933	0.12569213732	0.0	0.131147540984	0.118654809	0.141578249337	0.123875542684	0.126285778679	0.187014795102	0.127291339239	0.161213294192	0.157456754494	0.166595068483	0.113653480619	0.185993712889	0.161472301233	0.128870949141	0.140712636094	0.161823127915	0.111247249858	0.177185760141	0.132364386139	0.150060225508	0.138341730135	0.142773173724	0.143110518949	0.13265233447	0.120860585742	0.127112029385	0.169712290839	0.126567389578	0.126892692561	0.12640195054	0.126476348366	0.161033095346	0.16091954023	0.157496438746
CCMD95433940ST-21-0.snv.bam	0.201856598623	0.164617891919	0.169605568445	0.1798721893	0.145986839308	0.150390088345	0.125727668922	0.154154224753	0.144877181642	0.122967941436	0.193775190965	0.146017532254	0.204617031998	0.14533844189	0.130434782609	0.157276995305	0.13810741688	0.137408739239	0.131147540984	0.0	0.140538857537	0.123721227621	0.160349726281	0.131223937539	0.190736329446	0.132063266615	0.154629558476	0.163646922184	0.161707288547	0.123439991381	0.13959478022	0.17084713994	0.140335053497	0.129383116883	0.168310091953	0.118610604121	0.15811003057	0.157333434886	0.122642062471	0.168368476423	0.100675865402	0.10068282548	0.143380065665	0.12124666044	0.157159526297	0.155934545311	0.145253547543	0.143670680117	0.145090359376	0.142835052402	0.142595416863	0.142533936652	0.139039775714
DOF003.snv.bam	0.207825083955	0.147882799193	0.183665723114	0.175666235243	0.14755255142	0.152671177504	0.136196728466	0.151713221303	0.128261474098	0.148919338829	0.174193371337	0.129159075351	0.205910906726	0.118478050733	0.119954559344	0.129743100428	0.0954927714639	0.115955925013	0.118654809	0.140538857537	0.0	0.11811835849	0.11293568246	0.127369328865	0.202608776817	0.104325092932	0.167189330467	0.155138080504	0.150300948659	0.09853387149	0.174073226248	0.131079404114	0.126334061322	0.121916124086	0.156805832853	0.0793189883187	0.161009513684	0.152559564394	0.1229225055	0.145107014292	0.12355423811	0.123352317123	0.105938604929	0.138234120212	0.149107742035	0.176367652498	0.130959506152	0.129253216334	0.130790571923	0.12843467778	0.156566152263	0.156641174024	0.157840195393
MH0260.snv.bam	0.184936057253	0.1266532717	0.163976377953	0.160704896515	0.127538667051	0.127445420312	0.13257658698	0.139112972675	0.123812568506	0.130054644809	0.163743310503	0.145461890767	0.185421994885	0.128823953824	0.127583979328	0.141578249337	0.108487156677	0.11249383173	0.141578249337	0.123721227621	0.11811835849	0.0	0.122729638708	0.127542614349	0.166602048502	0.133912319201	0.135812626248	0.169679581729	0.126898976868	0.137477386211	0.155681378242	0.141714787138	0.121203029707	0.134456481822	0.137077815147	0.104350094684	0.144829745582	0.160432152029	0.0797515021721	0.147322705124	0.13997785364	0.140232664948	0.134860734558	0.147749687491	0.165041035354	0.135849890366	0.124152088376	0.12228460972	0.1239996115	0.121530056904	0.151840774414	0.151854219949	0.150550158604
MH0268.snv.bam	0.202276256914	0.145521323303	0.175176279049	0.15965125529	0.157491722664	0.183069729398	0.144807145908	0.173382996642	0.146498837127	0.159525792841	0.187936820716	0.1507815796	0.2051649132	0.126545604046	0.121008784138	0.135479112709	0.113105439243	0.120863835454	0.123875542684	0.160349726281	0.11293568246	0.122729638708	0.0	0.13056161949	0.176617052879	0.131178461843	0.14688277728	0.141128771475	0.139508316775	0.128723897252	0.148491066351	0.142734316907	0.150981772871	0.133508659162	0.173542465193	0.111496309581	0.154334905154	0.148585818927	0.141175305966	0.176556494494	0.134596717125	0.134556613899	0.124873187635	0.154094731186	0.14419756207	0.147040950435	0.13784920899	0.136045044179	0.137688928407	0.135870673527	0.183957128921	0.18398227961	0.18082883079
MH0333.snv.bam	0.204184334777	0.159039284963	0.170506823562	0.17304034387	0.175400463683	0.182870505061	0.132071323419	0.143888862459	0.120068075715	0.131578908738	0.192150659149	0.134384329226	0.209328745334	0.124588938113	0.121078130946	0.147188406154	0.126213275121	0.125679522064	0.126285778679	0.131223937539	0.127369328865	0.127542614349	0.13056161949	0.0	0.169424229569	0.107876354964	0.157818764558	0.145330785642	0.161880341377	0.0802645163116	0.155545275572	0.162940090397	0.137762614671	0.118078680336	0.151263629133	0.115355426346	0.163506180664	0.121980657929	0.123110041926	0.147054805057	0.123245363948	0.12330294982	0.116560806382	0.1523681281	0.106645964357	0.128013541599	0.137808411307	0.135940918975	0.137648130724	0.135571976044	0.144408244891	0.144298474946	0.140878691866
MH0384.snv.bam	0.214544495809	0.171629063755	0.135108538305	0.143219000884	0.181024477203	0.188578844745	0.183481827749	0.204420307722	0.185165465129	0.16514088065	0.195613033312	0.201244661338	0.214953721386	0.190937758423	0.171471473946	0.175847776065	0.158465032987	0.185153869981	0.187014795102	0.190736329446	0.202608776817	0.166602048502	0.176617052879	0.169424229569	0.0	0.191357674168	0.171361720703	0.18537786344	0.205016405532	0.178133726968	0.184506682596	0.198174740666	0.19205649745	0.194874073961	0.176847815424	0.165610026878	0.20213398371	0.185044240194	0.18626557535	0.188208915172	0.175907463844	0.176312845012	0.179232437464	0.191916903708	0.187876772913	0.203410217659	0.178873459851	0.177407574128	0.178740128053	0.177238128125	0.223305516191	0.223244723678	0.220335254555
MH0388.snv.bam	0.198661013179	0.151197901835	0.176557814706	0.16763939075	0.17427832232	0.16418373312	0.128043758252	0.156235423632	0.10978047319	0.144798596694	0.193692333775	0.121290195706	0.20217029126	0.114145219758	0.130943259339	0.134441973465	0.122983115649	0.119930562409	0.127291339239	0.132063266615	0.104325092932	0.133912319201	0.131178461843	0.107876354964	0.191357674168	0.0	0.163374454607	0.14255899691	0.165326890656	0.109783491641	0.177896844917	0.139125158445	0.127652208832	0.130153775235	0.159322630043	0.110160796965	0.175312322273	0.142581678094	0.121555139589	0.162394840944	0.136203796887	0.135592751893	0.102620843507	0.157707690514	0.135316529281	0.14586537425	0.1279338317	0.126200682529	0.127772472996	0.125208804871	0.12535227728	0.125427310909	0.121856913322
MH0407.snv.bam	0.181056692595	0.137875624676	0.168456001363	0.18049151773	0.150300117821	0.196045061021	0.16850482148	0.177415321606	0.172475503139	0.151975029527	0.0983055032233	0.176005399895	0.182505026828	0.154427616725	0.135037223579	0.14325622447	0.144764100202	0.153607614698	0.161213294192	0.154629558476	0.167189330467	0.135812626248	0.14688277728	0.157818764558	0.171361720703	0.163374454607	0.0	0.153040494217	0.166643669375	0.156719279285	0.166037643586	0.155523066758	0.14954568696	0.167861763619	0.187292421712	0.13419752986	0.162978346092	0.155181479235	0.153078488073	0.168211805295	0.154523533488	0.154867570153	0.159684048394	0.157897964956	0.161522058653	0.160618288772	0.154793885202	0.153283770084	0.154675633325	0.15324757143	0.188117380805	0.188142868483	0.184498609346
MH0419.snv.bam	0.220652235567	0.141025078967	0.201404804346	0.181247991935	0.176709152017	0.179118426393	0.160650060039	0.158055279872	0.153730918205	0.116128649381	0.19565823527	0.152147542576	0.225229340337	0.149407175685	0.122126138591	0.126397685511	0.122819895589	0.141760042486	0.157456754494	0.163646922184	0.155138080504	0.169679581729	0.141128771475	0.145330785642	0.18537786344	0.14255899691	0.153040494217	0.0	0.192078362133	0.146994241803	0.144878440828	0.170523490372	0.144314190767	0.168326465201	0.163660819953	0.105930769437	0.18888827252	0.161916342819	0.168783320538	0.146714135776	0.121825626744	0.122068665112	0.147755705115	0.132842903734	0.158834170695	0.15728970839	0.150058212911	0.148406961178	0.149885632619	0.148095483276	0.134252298224	0.134199134199	0.130129085658
MH0432.snv.bam	0.215474228178	0.160897983953	0.194823182031	0.199232201177	0.179376136203	0.191070865365	0.166268829567	0.191002047116	0.194392777557	0.17114280732	0.191535742336	0.194984980156	0.21331528008	0.141795772739	0.174155082656	0.183052806946	0.138891239177	0.151926375034	0.166595068483	0.161707288547	0.150300948659	0.126898976868	0.139508316775	0.161880341377	0.205016405532	0.165326890656	0.166643669375	0.192078362133	0.0	0.154871355769	0.163976111002	0.185041946002	0.163669483564	0.165926104046	0.194942981015	0.141525792219	0.0239856310569	0.179056231928	0.132395048182	0.193261337713	0.162843790024	0.163044933082	0.177410420267	0.176270076396	0.173362939748	0.199392959866	0.181625313234	0.180191301617	0.181465032652	0.179622804193	0.17895101607	0.178983221433	0.180270494817
MH0456.snv.bam	0.205644728162	0.141741929888	0.190294451183	0.166731762948	0.168167369639	0.162144045917	0.129040653752	0.140688118742	0.112166618567	0.121439135271	0.184639774391	0.144451766209	0.206673913812	0.121132023231	0.108852278807	0.134722504838	0.123294982956	0.113726056715	0.113653480619	0.123439991381	0.09853387149	0.137477386211	0.128723897252	0.0802645163116	0.178133726968	0.109783491641	0.156719279285	0.146994241803	0.154871355769	0.0	0.185309666748	0.143671049447	0.14332917099	0.11046662415	0.157674526297	0.117478113535	0.156641047479	0.123812215254	0.127770253795	0.140005418457	0.0941344822505	0.0941169237886	0.10469133402	0.131329208123	0.114680943586	0.142415138402	0.13918948449	0.137607813514	0.139029203907	0.136959228525	0.123577494813	0.123467724868	0.119908138096
MMRS17963147ST-27-0-0.snv.bam	0.22301955073	0.162160472775	0.191698374265	0.182925826952	0.1736478571	0.17816697552	0.149879934575	0.149078265086	0.174780997305	0.166288371304	0.20452845042	0.183019872376	0.225313332583	0.158977579841	0.13586771224	0.154586834734	0.153572893472	0.162234344812	0.185993712889	0.13959478022	0.174073226248	0.155681378242	0.148491066351	0.155545275572	0.184506682596	0.177896844917	0.166037643586	0.144878440828	0.163976111002	0.185309666748	0.0	0.178750779516	0.174763024096	0.158767772512	0.177982285883	0.149757819795	0.161195700754	0.149712241695	0.140262716894	0.180633046488	0.153774150624	0.154114233891	0.175654935058	0.150833942996	0.1435955132	0.173710408962	0.17254228344	0.171021377672	0.172372151096	0.170757842492	0.198202567309	0.198281671159	0.19266007152
MMRS39415781ST-27-0-0.snv.bam	0.216004750304	0.145766501317	0.211315108107	0.19832880555	0.171302394705	0.164549747961	0.162462711018	0.163650315573	0.169934461017	0.157182155064	0.185394057447	0.175814571022	0.218968763724	0.166664440437	0.155910118335	0.157906223359	0.156508593776	0.14027010086	0.161472301233	0.17084713994	0.131079404114	0.141714787138	0.142734316907	0.162940090397	0.198174740666	0.139125158445	0.155523066758	0.170523490372	0.185041946002	0.143671049447	0.178750779516	0.0	0.179324379324	0.14359616482	0.162068241405	0.136891984767	0.18652141546	0.151332039734	0.14536437606	0.164084827625	0.150257659201	0.150262235647	0.161856691731	0.160613502916	0.168842325276	0.178875572897	0.16168627135	0.160231902966	0.161579530483	0.159046465707	0.176745526763	0.17681816688	0.173375228438
MMRS62376181ST-27-0-0.snv.bam	0.207503734448	0.146102016899	0.178038412019	0.165588336665	0.167925475981	0.152303487419	0.149971290203	0.178800023492	0.120210171471	0.132484059352	0.183794438406	0.117275624306	0.209817410837	0.11801599345	0.15062492954	0.136009432363	0.113560758082	0.14181231893	0.128870949141	0.140335053497	0.126334061322	0.121203029707	0.150981772871	0.137762614671	0.19205649745	0.127652208832	0.14954568696	0.144314190767	0.163669483564	0.14332917099	0.174763024096	0.179324379324	0.0	0.176242555969	0.156559830043	0.0855216664394	0.173620563262	0.136912452867	0.12940585216	0.145092266162	0.155966765842	0.156246971928	0.137533842266	0.134875075004	0.145801181676	0.116454192231	0.107093336552	0.105368058651	0.10693305597	0.105332912754	0.135654156584	0.135686361947	0.136510964962
MMRS94549160ST-27-0-0.snv.bam	0.21924048174	0.165394266313	0.194573389997	0.18862321084	0.175095367543	0.179663318229	0.137167212502	0.147281853377	0.162866709184	0.151429724074	0.206645548739	0.159582374278	0.217370654451	0.11772188183	0.121734924218	0.143683862434	0.149491182343	0.117327743739	0.140712636094	0.129383116883	0.121916124086	0.134456481822	0.133508659162	0.118078680336	0.194874073961	0.130153775235	0.167861763619	0.168326465201	0.165926104046	0.11046662415	0.158767772512	0.14359616482	0.176242555969	0.0	0.143575071588	0.134570963802	0.167687170725	0.152954551549	0.11146233934	0.165910204991	0.116090424569	0.116127213197	0.130184941295	0.137586782737	0.133812125139	0.19185878662	0.147618312964	0.14606741573	0.147457315243	0.145415915753	0.160515009011	0.160554846939	0.157229287566
O2.UC4-1.snv.bam	0.232606131586	0.170012263192	0.182815543522	0.152735334774	0.168185240431	0.148482712211	0.150471306718	0.172568388607	0.160952833175	0.135359611951	0.228816935501	0.170671836119	0.232305340045	0.176959504838	0.164928226164	0.171019414107	0.158747864231	0.149304898181	0.161823127915	0.168310091953	0.156805832853	0.137077815147	0.173542465193	0.151263629133	0.176847815424	0.159322630043	0.187292421712	0.163660819953	0.194942981015	0.157674526297	0.177982285883	0.162068241405	0.156559830043	0.143575071588	0.0	0.143222352835	0.18720727253	0.190813586165	0.162294842717	0.164128912694	0.147807796475	0.147315617227	0.16332311494	0.185215196487	0.17711170403	0.182971647484	0.165812639442	0.164350087728	0.165652358859	0.163488442124	0.162905930575	0.162931081264	0.159636349234
O2.UC48-1.snv.bam	0.185339129547	0.128738593209	0.171585164058	0.148356462496	0.150393454141	0.139730753895	0.119697109731	0.138326949008	0.116422606079	0.100478867295	0.171276714284	0.0996660182678	0.188061861716	0.118342860094	0.108822218026	0.111324368457	0.0343763672941	0.104434845099	0.111247249858	0.118610604121	0.0793189883187	0.104350094684	0.111496309581	0.115355426346	0.165610026878	0.110160796965	0.13419752986	0.105930769437	0.141525792219	0.117478113535	0.149757819795	0.136891984767	0.0855216664394	0.134570963802	0.143222352835	0.0	0.15160698124	0.128493815566	0.120344274424	0.134078080704	0.10682168047	0.107066183257	0.10778623561	0.128161295641	0.127317482161	0.130608441993	0.0946162616659	0.092835157926	0.0944559810831	0.0927590388342	0.132025321352	0.132057526714	0.12855558962
V1.CD1-0-PT.snv.bam	0.211316920961	0.156189081105	0.191125064322	0.204017475151	0.174081064608	0.192282262752	0.158553852529	0.186605776138	0.190913693034	0.167518385219	0.188111648698	0.204878741596	0.209539931501	0.156795032123	0.169624618953	0.179692288249	0.148948720511	0.162268272114	0.177185760141	0.15811003057	0.161009513684	0.144829745582	0.154334905154	0.163506180664	0.20213398371	0.175312322273	0.162978346092	0.18888827252	0.0239856310569	0.156641047479	0.161195700754	0.18652141546	0.173620563262	0.167687170725	0.18720727253	0.15160698124	0.0	0.175841440949	0.151469348063	0.189101895994	0.159962373724	0.160027858049	0.186713232445	0.173158706056	0.169579842438	0.182523243678	0.191195519692	0.189846537912	0.191035239109	0.189235830366	0.176041035752	0.176125528696	0.177253767761
V1.CD15-3.snv.bam	0.212833015534	0.139980300883	0.204101423678	0.168070616685	0.16574142694	0.195536074039	0.16635343979	0.183970636175	0.145852809078	0.138108200343	0.182617652106	0.168476606665	0.21319890594	0.161879403848	0.120266282492	0.132508819602	0.147944643948	0.147377786324	0.132364386139	0.157333434886	0.152559564394	0.160432152029	0.148585818927	0.121980657929	0.185044240194	0.142581678094	0.155181479235	0.161916342819	0.179056231928	0.123812215254	0.149712241695	0.151332039734	0.136912452867	0.152954551549	0.190813586165	0.128493815566	0.175841440949	0.0	0.155069628733	0.14432175534	0.149616761085	0.149643720842	0.146276320461	0.138023840689	0.0385545912853	0.153658177734	0.146020960047	0.144488334068	0.145896893635	0.143766048317	0.148008359352	0.147898589406	0.144502968168
V1.CD44-0.snv.bam	0.20523447855	0.152185254044	0.178385355078	0.173959633786	0.169122856664	0.160643030207	0.132449626623	0.135897907874	0.140997566605	0.15723741683	0.184083029848	0.153889509684	0.203661281358	0.127288133435	0.133197270463	0.13409693605	0.126925361636	0.123941108982	0.150060225508	0.122642062471	0.1229225055	0.0797515021721	0.141175305966	0.123110041926	0.18626557535	0.121555139589	0.153078488073	0.168783320538	0.132395048182	0.127770253795	0.140262716894	0.14536437606	0.12940585216	0.11146233934	0.162294842717	0.120344274424	0.151469348063	0.155069628733	0.0	0.157332684003	0.154864103094	0.155055450618	0.125398966489	0.106681475189	0.15585794924	0.165877178377	0.143954869963	0.142358188949	0.143816897848	0.141503082733	0.177888321902	0.177951931685	0.174624000061
V1.FI06.snv.bam	0.227734778995	0.137482398336	0.213360923073	0.180002907294	0.152729647187	0.175963893625	0.182546713411	0.172926128864	0.163543449054	0.149219545195	0.200725233425	0.173237171673	0.225188276369	0.161595726413	0.144901415944	0.169769762365	0.154672843956	0.149014960675	0.138341730135	0.168368476423	0.145107014292	0.147322705124	0.176556494494	0.147054805057	0.188208915172	0.162394840944	0.168211805295	0.146714135776	0.193261337713	0.140005418457	0.180633046488	0.164084827625	0.145092266162	0.165910204991	0.164128912694	0.134078080704	0.189101895994	0.14432175534	0.157332684003	0.0	0.15165986432	0.152109292348	0.151579059548	0.162616768234	0.152578611382	0.163931031716	0.158912726676	0.157501930157	0.158858882658	0.156835036096	0.152423790143	0.152312033411	0.14888469318
V1.FI11.snv.bam	0.203374284866	0.152512846719	0.166946480169	0.163121207516	0.15622585359	0.16588134938	0.127766274598	0.137578142025	0.164845699937	0.108831761894	0.186571148198	0.134302526916	0.203995274332	0.127103603763	0.107655169396	0.12894301208	0.122396175842	0.101401632486	0.142773173724	0.100675865402	0.12355423811	0.13997785364	0.134596717125	0.123245363948	0.175907463844	0.136203796887	0.154523533488	0.121825626744	0.162843790024	0.0941344822505	0.153774150624	0.150257659201	0.155966765842	0.116090424569	0.147807796475	0.10682168047	0.159962373724	0.149616761085	0.154864103094	0.15165986432	0.0	0.00194126891638	0.129028789374	0.154919583756	0.139541849224	0.14350494437	0.124733772226	0.123019615029	0.124571686682	0.12241287666	0.127199566465	0.127088563149	0.123339251274
V1.FI13.snv.bam	0.203505394897	0.152952777893	0.166944300111	0.163487297284	0.156196558239	0.165979632291	0.127581029807	0.137683800464	0.165092347363	0.108974349278	0.186935185516	0.134338205131	0.204098621859	0.126885955411	0.10791855068	0.129139369231	0.122592368873	0.101329868627	0.143110518949	0.10068282548	0.123352317123	0.140232664948	0.134556613899	0.12330294982	0.176312845012	0.135592751893	0.154867570153	0.122068665112	0.163044933082	0.0941169237886	0.154114233891	0.150262235647	0.156246971928	0.116127213197	0.147315617227	0.107066183257	0.160027858049	0.149643720842	0.155055450618	0.152109292348	0.00194126891638	0.0	0.129229240191	0.155052914424	0.140277318931	0.143746716916	0.125212472105	0.123515385078	0.125050386561	0.122893742601	0.127146496281	0.126970356994	0.123220242814
V1.FI21.snv.bam	0.19427518117	0.145108397753	0.176224119894	0.142302253471	0.170456596816	0.168980198882	0.141852791211	0.150511353661	0.124340867857	0.14072398749	0.193494974086	0.13405600327	0.197228843119	0.137113046632	0.103803737016	0.129730868593	0.0965569871247	0.120497939524	0.13265233447	0.143380065665	0.105938604929	0.134860734558	0.124873187635	0.116560806382	0.179232437464	0.102620843507	0.159684048394	0.147755705115	0.177410420267	0.10469133402	0.175654935058	0.161856691731	0.137533842266	0.130184941295	0.16332311494	0.10778623561	0.186713232445	0.146276320461	0.125398966489	0.151579059548	0.129028789374	0.129229240191	0.0	0.157590275924	0.126884347704	0.156626211782	0.115881136901	0.11419139784	0.115720498549	0.113493905663	0.159674828524	0.159614306802	0.156289877338
V1.FI22.snv.bam	0.226282537593	0.145581991449	0.207347413428	0.185519742182	0.173586432774	0.165508538492	0.122044465939	0.155687579733	0.139592680402	0.136374954337	0.183141502637	0.166872372748	0.223668085022	0.155466107703	0.131920827381	0.108912316044	0.143973377155	0.154897235682	0.120860585742	0.12124666044	0.138234120212	0.147749687491	0.154094731186	0.1523681281	0.191916903708	0.157707690514	0.157897964956	0.132842903734	0.176270076396	0.131329208123	0.150833942996	0.160613502916	0.134875075004	0.137586782737	0.185215196487	0.128161295641	0.173158706056	0.138023840689	0.106681475189	0.162616768234	0.154919583756	0.155052914424	0.157590275924	0.0	0.140071349278	0.177574399304	0.139745773128	0.138139331069	0.13963903226	0.138353023178	0.164463682459	0.164398648459	0.16094700285
V1.FI29.snv.bam	0.217620020788	0.148075406921	0.196537546364	0.172617224405	0.177034962644	0.200027082157	0.162124973433	0.171895763851	0.145748927521	0.146612653352	0.193339485287	0.155442097304	0.217730472142	0.150011004541	0.109383215719	0.123933389842	0.146826717464	0.137477267785	0.127112029385	0.157159526297	0.149107742035	0.165041035354	0.14419756207	0.106645964357	0.187876772913	0.135316529281	0.161522058653	0.158834170695	0.173362939748	0.114680943586	0.1435955132	0.168842325276	0.145801181676	0.133812125139	0.17711170403	0.127317482161	0.169579842438	0.0385545912853	0.15585794924	0.152578611382	0.139541849224	0.140277318931	0.126884347704	0.140071349278	0.0	0.157805500951	0.136253933731	0.134633756395	0.136091114768	0.134469846231	0.148037149169	0.147925644709	0.144476186692
V1.UC58-4.snv.bam	0.219669091789	0.145291976947	0.175859670046	0.155714460289	0.182620856236	0.194773293817	0.171637472479	0.162717889892	0.121359768979	0.135845456483	0.19766052727	0.115452773307	0.223939879565	0.169400133916	0.149080903875	0.153460030166	0.157038452691	0.154970819191	0.169712290839	0.155934545311	0.176367652498	0.135849890366	0.147040950435	0.128013541599	0.203410217659	0.14586537425	0.160618288772	0.15728970839	0.199392959866	0.142415138402	0.173710408962	0.178875572897	0.116454192231	0.19185878662	0.182971647484	0.130608441993	0.182523243678	0.153658177734	0.165877178377	0.163931031716	0.14350494437	0.143746716916	0.156626211782	0.177574399304	0.157805500951	0.0	0.143986932645	0.142394667737	0.143823373596	0.142141361091	0.139013981194	0.138996453282	0.135294462007
daisy-11-0-0.snv.bam	0.200895579554	0.140281207644	0.182978239241	0.148255583839	0.1816198703	0.148183630801	0.150283817929	0.135796638697	0.138246166486	0.128147278409	0.185709250352	0.108494393298	0.197082423164	0.113753476671	0.130758591141	0.120223589992	0.11826345819	0.103838814221	0.126567389578	0.145253547543	0.130959506152	0.124152088376	0.13784920899	0.137808411307	0.178873459851	0.1279338317	0.154793885202	0.150058212911	0.181625313234	0.13918948449	0.17254228344	0.16168627135	0.107093336552	0.147618312964	0.165812639442	0.0946162616659	0.191195519692	0.146020960047	0.143954869963	0.158912726676	0.124733772226	0.125212472105	0.115881136901	0.139745773128	0.136253933731	0.143986932645	0.0	0.000286897176635	0.000160280582805	0.00142716050929	0.175946380216	0.176020679409	0.172634133445
daisy-11-2-0.snv.bam	0.199563171481	0.138822968479	0.181585845347	0.146607946758	0.180172806514	0.14656194493	0.148750794391	0.134155736127	0.136705017578	0.126182606991	0.184381377352	0.106673696086	0.195756815432	0.112031024531	0.129120879121	0.118163738813	0.116588158462	0.102079293256	0.126892692561	0.143670680117	0.129253216334	0.12228460972	0.136045044179	0.135940918975	0.177407574128	0.126200682529	0.153283770084	0.148406961178	0.180191301617	0.137607813514	0.171021377672	0.160231902966	0.105368058651	0.14606741573	0.164350087728	0.092835157926	0.189846537912	0.144488334068	0.142358188949	0.157501930157	0.123019615029	0.123515385078	0.11419139784	0.138139331069	0.134633756395	0.142394667737	0.000286897176635	0.0	0.00019369146886	0.00146312747209	0.174624018251	0.174656439757	0.171245421245
