	158155345-tonguedorsum2.snv.bam	158256496-tonguedorsum2.snv.bam	158458797-tonguedorsum1.snv.bam	158479027-tonguedorsum1.snv.bam	158479027-tonguedorsum2.snv.bam	158499257-tonguedorsum1.snv.bam	158499257-tonguedorsum2.snv.bam	158883629-tonguedorsum2.snv.bam	158883629-tonguedorsum3.snv.bam	159005010-tonguedorsum2.snv.bam	159207311-tonguedorsum3.snv.bam	159227541-tonguedorsum2.snv.bam	159227541-tonguedorsum3.snv.bam	159247771-tonguedorsum2.snv.bam	159510762-supragingivalplaque3.snv.bam	159551223-tonguedorsum1.snv.bam	159571453-tonguedorsum1.snv.bam	159591683-tonguedorsum1.snv.bam	159591683-tonguedorsum2.snv.bam	159713063-tonguedorsum2.snv.bam	159753524-tonguedorsum1.snv.bam	159753524-tonguedorsum3.snv.bam	159814214-tonguedorsum2.snv.bam	159915365-tonguedorsum1.snv.bam	160158126-tonguedorsum1.snv.bam	160158126-tonguedorsum2.snv.bam	160178356-tonguedorsum1.snv.bam	160178356-tonguedorsum2.snv.bam	160178356-tonguedorsum3.snv.bam	160319967-tonguedorsum3.snv.bam	160400887-tonguedorsum1.snv.bam	160421117-tonguedorsum1.snv.bam	160421117-tonguedorsum2.snv.bam	160421117-tonguedorsum3.snv.bam	160502038-tonguedorsum1.snv.bam	160502038-tonguedorsum3.snv.bam	160582958-tonguedorsum1.snv.bam	160582958-tonguedorsum3.snv.bam	160603188-tonguedorsum1.snv.bam	160603188-tonguedorsum2.snv.bam	160603188-tonguedorsum3.snv.bam	160643649-tonguedorsum1.snv.bam	160704339-tonguedorsum1.snv.bam	160765029-tonguedorsum1.snv.bam	160906640-tonguedorsum1.snv.bam	160947100-tonguedorsum1.snv.bam	234447334-buccalmucosa2.snv.bam	234447334-tonguedorsum2.snv.bam	246515023-tonguedorsum1.snv.bam	295137534-tonguedorsum2.snv.bam	338793263-tonguedorsum2.snv.bam	508703490-tonguedorsum1.snv.bam	508703490-tonguedorsum2.snv.bam	604812005-tonguedorsum3.snv.bam	663835652-tonguedorsum2.snv.bam	675950834-tonguedorsum1.snv.bam	675950834-tonguedorsum2.snv.bam	675950834-tonguedorsum3.snv.bam	706846339-tonguedorsum1.snv.bam	739574095-tonguedorsum2.snv.bam	763395383-anteriornares3.snv.bam	763395383-tonguedorsum3.snv.bam	763577454-tonguedorsum1.snv.bam	763820215-tonguedorsum1.snv.bam	763820215-tonguedorsum2.snv.bam	763860675-tonguedorsum1.snv.bam	763901136-tonguedorsum2.snv.bam	763901136-tonguedorsum3.snv.bam	763961826-tonguedorsum1.snv.bam	763961826-tonguedorsum2.snv.bam	764042746-tonguedorsum1.snv.bam	764062976-tonguedorsum2.snv.bam	764285508-tonguedorsum2.snv.bam	764325968-tonguedorsum1.snv.bam	764487809-tonguedorsum2.snv.bam	764508039-tonguedorsum1.snv.bam	764588959-tonguedorsum1.snv.bam	764588959-tonguedorsum2.snv.bam	764649650-tonguedorsum1.snv.bam	764811490-tonguedorsum1.snv.bam	764892411-tonguedorsum2.snv.bam	765074482-tonguedorsum1.snv.bam	765135172-tonguedorsum2.snv.bam	765155402-tonguedorsum3.snv.bam	765195863-tonguedorsum3.snv.bam	765216093-tonguedorsum3.snv.bam	765337473-tonguedorsum2.snv.bam	765337473-tonguedorsum3.snv.bam	765377934-tonguedorsum3.snv.bam	765620695-tonguedorsum1.snv.bam	765640925-tonguedorsum1.snv.bam	765701615-tonguedorsum2.snv.bam	823052294-tonguedorsum1.snv.bam	823052294-tonguedorsum2.snv.bam	823052294-tonguedorsum3.snv.bam	861967750-tonguedorsum1.snv.bam	937415040-tonguedorsum1.snv.bam	953045535-tonguedorsum2.snv.bam
158155345-tonguedorsum2.snv.bam	0.0	0.113865535543	0.136568852501	0.145772240057	0.142459295946	0.12074045226	0.120517869761	0.129341799686	0.150485443193	0.148983976067	0.130800486132	0.137925056763	0.12547857913	0.11602503241	0.150939407197	0.128243899541	0.141700378614	0.142127132033	0.145821124126	0.174817365698	0.131382208103	0.124472725096	0.1660195764	0.153695690344	0.143440558062	0.15541334336	0.127994413578	0.129767292053	0.122094788074	0.169496516863	0.135340143169	0.127734205272	0.12399499423	0.122542706934	0.158067609539	0.157588529677	0.128769640147	0.135909966008	0.137545289085	0.129374939247	0.136004298219	0.138436440221	0.133122038612	0.126093449921	0.136834953322	0.140543920812	0.130268394119	0.133801819486	0.11788422493	0.140380036515	0.1291054722	0.114147441599	0.112293256536	0.131954356452	0.101479135522	0.138044505755	0.144466021547	0.125941549119	0.125124736617	0.160011832167	0.124670454184	0.139731525598	0.142287392049	0.132429142389	0.126885028247	0.117937628534	0.126270855187	0.116583390969	0.122896176015	0.130502255001	0.170877667842	0.150420763683	0.136488311517	0.0892484056835	0.137397730708	0.152734975005	0.115099216503	0.129034181002	0.128595592811	0.102719065299	0.105557601897	0.130070416958	0.12755658505	0.107275700934	0.13511745918	0.118232345977	0.136588379717	0.134906248239	0.128088344892	0.134670536841	0.139372612467	0.135208539036	0.117841966225	0.132303970469	0.0963833703315	0.153622116728	0.140754734041	0.143412990502
158256496-tonguedorsum2.snv.bam	0.113865535543	0.0	0.120680250533	0.142811701644	0.138847374314	0.0950464916863	0.0924671505706	0.105016703789	0.13695259016	0.131000513167	0.103884583395	0.109788157471	0.110729391876	0.0822543970395	0.1385367285	0.122805931821	0.125397647146	0.118647422838	0.121078222101	0.156524594147	0.100043806324	0.0980614022383	0.134712852725	0.126656737203	0.127518256724	0.142791682225	0.0882375158036	0.0900098099344	0.0888657056022	0.157020292871	0.113054452577	0.100190979305	0.0959271413689	0.0979944035079	0.146120521498	0.143630111613	0.107679720544	0.102451679717	0.106264720097	0.109419151474	0.104432013976	0.098938152255	0.129141270809	0.110337143726	0.119860395191	0.118194661777	0.09564665505	0.107920970513	0.0967896531672	0.138962278465	0.107173081253	0.0861304269856	0.0903653072652	0.0941796761655	0.106412105111	0.128432086819	0.134787489262	0.10953946631	0.106172626822	0.163785191649	0.103070998092	0.118387237186	0.130854508229	0.092116227699	0.0937267947062	0.0924404591102	0.109955317187	0.0950408073176	0.143769307731	0.136704004186	0.164029077188	0.138510292124	0.121293404477	0.101716756637	0.114000238118	0.132227094163	0.0789349703472	0.0975446722588	0.11930905429	0.0992405947215	0.0729736564907	0.101185762863	0.124073626236	0.0845995176336	0.100581738955	0.0960544803376	0.12684248111	0.118845554019	0.105088300798	0.109879851756	0.125856172213	0.113553183447	0.0861205262158	0.0898618318287	0.106473823784	0.113908187641	0.1015845703	0.125178436796
158458797-tonguedorsum1.snv.bam	0.136568852501	0.120680250533	0.0	0.12224139875	0.124776819565	0.101900677795	0.1026904992	0.108333640501	0.135553289856	0.126135440574	0.113135015578	0.110607432358	0.107018939864	0.110314130568	0.13555391938	0.114610081095	0.119210246812	0.112425411818	0.116036991364	0.150809293831	0.112697302423	0.107478544915	0.153018388232	0.121564986467	0.11040941891	0.12433364279	0.10855358521	0.103702098357	0.0989332566518	0.145133162279	0.1037274296	0.109355285388	0.110901097057	0.11266458171	0.132407096938	0.134380849797	0.116838471393	0.126765930948	0.10993778229	0.110146605903	0.118347852386	0.130232652783	0.11176578496	0.0970965557913	0.110154691804	0.11191572652	0.111042790586	0.0920160671872	0.0870423127617	0.116806986192	0.101498917784	0.118304408164	0.114393632819	0.108865837057	0.108353145897	0.121473800758	0.127023092965	0.119751712803	0.0912050439905	0.149177810613	0.0981343060262	0.111174334797	0.0978468267733	0.11184094097	0.101554452863	0.115260556875	0.0978287054974	0.097677283478	0.13232547112	0.125420748311	0.145834559837	0.132934578602	0.120067316581	0.12139058907	0.112411025459	0.129928009622	0.119651085419	0.125663617189	0.109757482625	0.0987765739765	0.110847638398	0.104081049795	0.118296738063	0.110772005453	0.0984671866406	0.104112902024	0.107858366323	0.102372939963	0.0956020229613	0.107993968425	0.107865502352	0.11742301934	0.100747947662	0.124993294656	0.122508753556	0.143908457349	0.103044058774	0.106180284752
158479027-tonguedorsum1.snv.bam	0.145772240057	0.142811701644	0.12224139875	0.0	0.0644833177135	0.112201867246	0.116189068867	0.10999971698	0.113430015268	0.12125814517	0.129208233766	0.116852616704	0.132248857609	0.118175093534	0.145839057036	0.119331057479	0.11501375056	0.122723309933	0.127771505587	0.165888021497	0.126976660089	0.119820704132	0.149523331882	0.1333078864	0.132237093675	0.144795112982	0.114183526666	0.106443881347	0.102949608343	0.141819585666	0.123999549839	0.121224783784	0.127334592532	0.128020019818	0.137736372193	0.138711575201	0.121337119691	0.135360773544	0.125341474117	0.13389410993	0.119263564958	0.137385877029	0.119690245008	0.113664282661	0.142289071144	0.117712683315	0.133709531974	0.128243063205	0.103662181435	0.113843052285	0.110410132883	0.1418746567	0.130575298164	0.12024774059	0.124731762417	0.125449923124	0.123270108677	0.121975474673	0.107296464256	0.138570187994	0.120890545388	0.131936422004	0.120778341774	0.112534892459	0.111737979202	0.131277211997	0.131583497753	0.118540278711	0.140093214809	0.118475446027	0.149835987378	0.13435809746	0.11974038293	0.130715327676	0.122622198067	0.138142832829	0.132629796188	0.120445162612	0.122218282096	0.125504238626	0.132275873794	0.115945665034	0.114144918815	0.12806393461	0.112892066836	0.128789102306	0.127502920238	0.121439873302	0.108278636654	0.124124181424	0.126669396188	0.113060412357	0.1215085255	0.129441099887	0.128855557237	0.131534509984	0.12131903919	0.132463404141
158479027-tonguedorsum2.snv.bam	0.142459295946	0.138847374314	0.124776819565	0.0644833177135	0.0	0.117587998487	0.114631779447	0.114793379316	0.125648909616	0.125671214079	0.117155531035	0.113433671031	0.121857706117	0.111633687407	0.144849620629	0.122938609394	0.106057562005	0.115673892683	0.121919933021	0.153955210944	0.12901731718	0.114911324277	0.137000229468	0.128371641483	0.13182050368	0.143525050975	0.114030228152	0.111001441724	0.109557129333	0.150394863505	0.130340355488	0.1207775673	0.118833207169	0.121140732089	0.152333937877	0.145739423912	0.103513313672	0.131814293363	0.114997354984	0.11852901943	0.111989282143	0.143583724002	0.123788904584	0.107400981517	0.133066215694	0.126187861904	0.12672628776	0.12554244614	0.104805990813	0.128989302147	0.106238032611	0.132058926741	0.120230240815	0.116999287916	0.117406824649	0.126451904039	0.128526084319	0.121096941412	0.109429308217	0.149988911385	0.119639176288	0.122674425623	0.117735096815	0.110541196924	0.105406442092	0.114841389044	0.121907820329	0.111038846291	0.143289770106	0.123160755785	0.152495564244	0.141367083522	0.119661987288	0.117323817426	0.129981181363	0.15296991843	0.126652381211	0.118049383177	0.114889329409	0.116224459765	0.124867321543	0.120208021297	0.121876096939	0.124732784186	0.121165453867	0.126331508634	0.12195003686	0.117425089366	0.106017852309	0.128196940479	0.113360997821	0.107146921546	0.12123642214	0.12253654471	0.115438220691	0.126516135155	0.121461854272	0.131698083464
158499257-tonguedorsum1.snv.bam	0.12074045226	0.0950464916863	0.101900677795	0.112201867246	0.117587998487	0.0	0.0447125817299	0.0986962922273	0.113527115934	0.122469186893	0.0898506651311	0.0831954853785	0.0947298068548	0.0856644205712	0.114972417025	0.109331362397	0.104007310522	0.0881653272494	0.0920488061286	0.145186047769	0.102114032294	0.0784457190271	0.128713084131	0.116245075016	0.118834518448	0.134736174845	0.0732790934626	0.0840334918778	0.0793680668082	0.130095878072	0.100279802263	0.087306683512	0.0834240332167	0.0871530769518	0.129943692966	0.129115513383	0.0989245461435	0.109765075954	0.077144114402	0.0891534778125	0.0853521325985	0.117206501909	0.123053319001	0.087194989659	0.109968310096	0.0980498319433	0.0863344630994	0.0880333691172	0.079602597945	0.120413774908	0.0904591898194	0.0971959017264	0.0998692952821	0.0787511156352	0.0953543213798	0.11341162199	0.11885507309	0.105047613107	0.0869352865021	0.138705133594	0.102765263621	0.112335609232	0.115261641261	0.0777788486156	0.0758954891421	0.09151786707	0.101681302763	0.0840048578092	0.133648073238	0.11939148005	0.144385497577	0.115961229612	0.0947684248002	0.102124581766	0.0909723507306	0.0992673778382	0.0976302200404	0.0943817652735	0.12089990142	0.0899363197015	0.0964828584976	0.0876806797663	0.106273309539	0.0888880921887	0.0724853799138	0.0909873186977	0.101357079589	0.090229374302	0.081992991375	0.104295950955	0.104046428917	0.0939891972114	0.0916296076054	0.0732356582833	0.0865322893049	0.120205912696	0.0868823635174	0.112996915126
158499257-tonguedorsum2.snv.bam	0.120517869761	0.0924671505706	0.1026904992	0.116189068867	0.114631779447	0.0447125817299	0.0	0.0958588134584	0.117679747669	0.117749173713	0.0906899825482	0.0818565633416	0.0843158577756	0.0867855443143	0.112675556557	0.106028366904	0.10655204272	0.0932723004147	0.0919843623199	0.133065723052	0.0950345786362	0.0721397127024	0.124314872968	0.109997479891	0.11889591919	0.136244106599	0.0796032485056	0.0849954473668	0.0815746239061	0.129128339732	0.0952346868484	0.0847857106055	0.0800066392846	0.080986415518	0.127052322934	0.127852067625	0.0964092699952	0.10633175531	0.0799230389324	0.085978625356	0.0865280974264	0.117578467396	0.108984190675	0.0857838389083	0.0976259519738	0.100237892926	0.0855512187617	0.0881634772426	0.0742611969396	0.119938660241	0.087392363788	0.0922371966788	0.0930264714413	0.0735135386358	0.0906617960366	0.11328128821	0.114709954932	0.100251584441	0.0849839301443	0.140780422998	0.0956334740313	0.102252672176	0.110505359358	0.0777778991168	0.0731011706187	0.0840056548423	0.0958859778998	0.0840333099643	0.131166817065	0.113329652615	0.142529905939	0.11105496932	0.0888796511126	0.101105355644	0.093982348965	0.106016136746	0.088019262558	0.0895604419345	0.105375073317	0.0834061070229	0.0892045715357	0.0904215848598	0.103418780302	0.0868472084086	0.0777014941754	0.081937818141	0.0974786356138	0.08734272787	0.0726929526124	0.103830843383	0.0983265856938	0.0929991277075	0.0850330082883	0.074125227277	0.0886972782511	0.122313444713	0.0824885761298	0.10970260731
158883629-tonguedorsum2.snv.bam	0.129341799686	0.105016703789	0.108333640501	0.10999971698	0.114793379316	0.0986962922273	0.0958588134584	0.0	0.0713097314994	0.131503362353	0.100211578022	0.106167594316	0.108969791781	0.106500442626	0.126280726746	0.105150716963	0.111099976291	0.117927399935	0.117993617285	0.163913545967	0.102914640413	0.104090421086	0.143194618915	0.114876446231	0.126679351788	0.141661197443	0.0883744137717	0.0935331580248	0.0968243759851	0.141638056646	0.113492902948	0.102599344462	0.099828372094	0.1039710454	0.128432081571	0.121566666727	0.102808778059	0.117056481528	0.114033449662	0.119099424279	0.103835693841	0.111406188383	0.118284410207	0.0951864327355	0.11603431645	0.0941940650635	0.102260114988	0.112078637974	0.0967093608768	0.110103272059	0.0982911541758	0.102871511524	0.0980022956464	0.105508951771	0.101699154162	0.120367221581	0.124402908199	0.104359386494	0.100637150404	0.149054928759	0.11538542591	0.111771208047	0.111539127935	0.100295866103	0.0844163864335	0.106194944989	0.110663253402	0.0924228677968	0.13100113738	0.118873576126	0.136168547432	0.135216947582	0.110112645682	0.113476707	0.101522450386	0.118733885392	0.103191372121	0.10593097521	0.110974098457	0.101945556201	0.0894755825663	0.104738589893	0.118831390821	0.0898488953978	0.103322302093	0.0998276855785	0.110836772944	0.107260680181	0.0960904459785	0.117192589744	0.104409884319	0.110196931411	0.0894175158335	0.110315979092	0.11256951525	0.132839050427	0.108098129133	0.12313720086
158883629-tonguedorsum3.snv.bam	0.150485443193	0.13695259016	0.135553289856	0.113430015268	0.125648909616	0.113527115934	0.117679747669	0.0713097314994	0.0	0.141151848178	0.125837350846	0.126682509361	0.133381817412	0.126350859266	0.136521035475	0.116915819204	0.141154311934	0.138082518929	0.139273918687	0.177922932432	0.123155061854	0.126711478485	0.149226099127	0.136168413404	0.137443487288	0.150288193917	0.107883159768	0.116633963749	0.119654958095	0.136653413854	0.130920351193	0.117250760447	0.123063182708	0.124791379642	0.139207916347	0.134779092874	0.118831688018	0.129482319591	0.136323840849	0.143452602	0.128685677123	0.127026334933	0.134731993522	0.124044197803	0.137469410692	0.101026210257	0.127084720982	0.129325722802	0.119957012033	0.123062694799	0.10721764581	0.133031516287	0.12704452961	0.126509643375	0.11654046927	0.117264794301	0.124059944674	0.114253042482	0.119837155694	0.138744471257	0.127523256526	0.129295091512	0.126990265641	0.120669640631	0.112890577507	0.12878745405	0.130233310527	0.117610006107	0.130954924048	0.123741310403	0.146565608224	0.141002138833	0.129409824705	0.133291900311	0.116414667715	0.135833582735	0.127288250045	0.128051139054	0.122333497659	0.125163262937	0.116638333269	0.126536407824	0.133086235885	0.116929419139	0.121306431091	0.122435549185	0.138878786989	0.133516114123	0.112774026766	0.128273725705	0.126395904101	0.124617635559	0.111962622651	0.128755064919	0.130152701956	0.137274096299	0.129971063142	0.135645733709
159005010-tonguedorsum2.snv.bam	0.148983976067	0.131000513167	0.126135440574	0.12125814517	0.125671214079	0.122469186893	0.117749173713	0.131503362353	0.141151848178	0.0	0.124619563264	0.123418963515	0.117933429292	0.111713679104	0.158225963646	0.120312293639	0.128802398598	0.136168222593	0.139141111416	0.154163994515	0.129438711546	0.124783167536	0.148024362894	0.140763041313	0.146354758861	0.154763457683	0.116927669401	0.108107851702	0.110959607306	0.165793740565	0.120445996574	0.13194354524	0.127795770883	0.126311339316	0.141973610575	0.137121073529	0.11929103606	0.107665141542	0.123992071544	0.125936698908	0.131684933642	0.139139552846	0.113551655252	0.122502280977	0.126870394893	0.130722019329	0.118616422346	0.112965264535	0.105397104403	0.134236884826	0.107472078058	0.140132948555	0.130577985804	0.113898003267	0.126734087119	0.125599066606	0.132314556325	0.127621657389	0.118404525938	0.147895157144	0.113521407632	0.129993336633	0.103641129669	0.116104166205	0.121201130366	0.119435198366	0.135246456785	0.123687127397	0.155751205146	0.135420143278	0.165940224195	0.139699162553	0.127997650778	0.12343080236	0.120822643334	0.14360322112	0.124177821	0.128906826539	0.121931102571	0.126967105859	0.129141745589	0.124746761905	0.137909215551	0.127898947795	0.114419808156	0.130082753428	0.130008997698	0.131981588713	0.123295656116	0.122587458143	0.140920544855	0.126030057597	0.129053068089	0.125663143784	0.130644023898	0.120731196732	0.107938347475	0.130536403466
159207311-tonguedorsum3.snv.bam	0.130800486132	0.103884583395	0.113135015578	0.129208233766	0.117155531035	0.0898506651311	0.0906899825482	0.100211578022	0.125837350846	0.124619563264	0.0	0.0958921679606	0.090757637268	0.0938160122324	0.129460454931	0.118633307671	0.11011328561	0.0970731751327	0.108919743977	0.161543097796	0.100552111296	0.0927636107284	0.143725763398	0.112922264861	0.128224326767	0.142342018218	0.100004145763	0.0972035469142	0.0949914267077	0.159294290009	0.119359425001	0.0983560756417	0.0921769043181	0.0979675191125	0.137473401586	0.135395118284	0.082030381319	0.111332572919	0.0987490689534	0.103677746023	0.0977608582749	0.114468843256	0.101349678519	0.0874817380314	0.112279085613	0.112807131732	0.0900965197979	0.102941725427	0.0888275902975	0.11909714192	0.0950643356242	0.0963076545648	0.0935955148526	0.101655689367	0.103196393642	0.124328209605	0.136003781867	0.117283290235	0.106767633435	0.158449293418	0.108318422418	0.105854318391	0.103760191677	0.0991109679151	0.0840786929471	0.0956162146135	0.100211180701	0.086576632186	0.136990388859	0.123318754931	0.140853914484	0.128207231389	0.0990703500441	0.0980576294123	0.109303554208	0.126287921729	0.10380614522	0.105443906551	0.114563488097	0.0942040581032	0.0988594897736	0.108049695231	0.119815006582	0.0971886842032	0.0875681861981	0.102112978931	0.10590778921	0.100135876517	0.0849498265044	0.113307876525	0.110469740227	0.0980894444159	0.0995337111994	0.102141366827	0.107656736655	0.127705290378	0.102596549978	0.117007146733
159227541-tonguedorsum2.snv.bam	0.137925056763	0.109788157471	0.110607432358	0.116852616704	0.113433671031	0.0831954853785	0.0818565633416	0.106167594316	0.126682509361	0.123418963515	0.0958921679606	0.0	0.0715955183324	0.0895330730695	0.113318267633	0.108929947317	0.0911006355916	0.0962014650528	0.0957237118419	0.149224957126	0.101875426105	0.081951200043	0.137043507873	0.0962016513393	0.110234317503	0.131643661877	0.0907927227763	0.09054971024	0.0852056314789	0.133456731887	0.0981314949084	0.0951433506421	0.0980584292481	0.0978554974676	0.135754506373	0.134846555066	0.0917663477072	0.120763763129	0.0884941524144	0.0894454369294	0.0855630823584	0.114820329768	0.107878726183	0.082712498405	0.0981905488402	0.105707079139	0.0912212662917	0.0910600475448	0.0735987179307	0.117926785692	0.0821277848289	0.107696286109	0.107485152248	0.0792072983507	0.108068231574	0.124024212437	0.129279375169	0.116326923292	0.0878230388504	0.156321611097	0.102914654934	0.0961184901963	0.102587356061	0.0848321802321	0.0828790106158	0.0965072154263	0.11503535484	0.0956864540749	0.137722107654	0.122758266635	0.130956502561	0.116015913723	0.0872809628637	0.10287483515	0.116574494051	0.123950545935	0.0990245977548	0.0852140760744	0.117750646087	0.0874873849369	0.109891521184	0.0922068284253	0.111168236992	0.10084564502	0.0886066607262	0.102426219988	0.104416244542	0.100434559481	0.0781130903185	0.117026191613	0.0939720418327	0.0878562369997	0.110501728121	0.0914971785484	0.102201878042	0.121514168397	0.0815178373544	0.0981247794985
159227541-tonguedorsum3.snv.bam	0.12547857913	0.110729391876	0.107018939864	0.132248857609	0.121857706117	0.0947298068548	0.0843158577756	0.108969791781	0.133381817412	0.117933429292	0.090757637268	0.0715955183324	0.0	0.104635832957	0.119601384852	0.112120641762	0.105175627775	0.103177857614	0.102943653018	0.150793441939	0.114158248023	0.0926131507599	0.14160395108	0.0995582881832	0.120617020724	0.136968390934	0.103624616449	0.0952175975115	0.0901402423671	0.145434191286	0.099547173194	0.103367001059	0.101153128869	0.104129904935	0.134814102535	0.130325508899	0.100048179745	0.128678687328	0.103212434982	0.102132081424	0.101399837127	0.124568919673	0.103316851118	0.0929800521948	0.0923864916789	0.113591643505	0.107569938313	0.0966807774286	0.0737757818176	0.120080022737	0.0920575261887	0.106495815595	0.108020686846	0.0929153867304	0.108057315433	0.125321828214	0.132155281165	0.117259228805	0.0945461380843	0.144963381399	0.103376081833	0.0956528478617	0.0938871873468	0.102209683259	0.0899714921639	0.088944303938	0.104488772078	0.0942529983024	0.130233240736	0.12158107301	0.139567100842	0.120306897562	0.0836337369977	0.100771888358	0.122711420911	0.128665029401	0.105185732716	0.103428299637	0.112553768164	0.0862420228886	0.0986297650097	0.0988531263936	0.121361111442	0.0937580798719	0.0981896296268	0.0981633445113	0.103952501689	0.104511222235	0.0808060784912	0.11677462822	0.0967761282181	0.0937736382599	0.0969534152085	0.106271719143	0.102667218915	0.129063173685	0.0878200670951	0.0933504683174
159247771-tonguedorsum2.snv.bam	0.11602503241	0.0822543970395	0.110314130568	0.118175093534	0.111633687407	0.0856644205712	0.0867855443143	0.106500442626	0.126350859266	0.111713679104	0.0938160122324	0.0895330730695	0.104635832957	0.0	0.129785380352	0.108604733081	0.104014044137	0.110892720186	0.113977712673	0.158878271059	0.0941256789907	0.0799126885207	0.133521617653	0.116118086651	0.119710851704	0.14256933473	0.0796534648593	0.0819623825275	0.08051213104	0.144975973929	0.109481440228	0.095857892042	0.0929001425873	0.0954870670966	0.132904215881	0.132992327811	0.0914697561832	0.0982701154201	0.0867074350399	0.0914823355666	0.0903489498048	0.115505448645	0.114539831472	0.098437684267	0.106463483559	0.116766659095	0.0912124045986	0.0919869923184	0.079416835191	0.12623695765	0.0927691782793	0.0984038284265	0.0945494622596	0.0800019493255	0.0944993700836	0.112318888613	0.119856703245	0.1068781806	0.0991923374731	0.147823621317	0.0941710705893	0.106927599561	0.109754801178	0.0883403447955	0.0915472493232	0.0949212665417	0.103888161947	0.0943433692109	0.13640796169	0.124149144466	0.145148401606	0.129619400811	0.105362481488	0.0943699993478	0.115526220894	0.12338871695	0.0827022071899	0.0998108528756	0.116540722722	0.0912059058722	0.099190849267	0.0986103211363	0.119379959915	0.0809522099897	0.0820239523398	0.103522317301	0.107486911702	0.100288047781	0.0918486850762	0.113636171924	0.116603474442	0.0966207287499	0.0971297228861	0.086733279455	0.0982801288065	0.105369754833	0.0915111958236	0.107845093401
159510762-supragingivalplaque3.snv.bam	0.150939407197	0.1385367285	0.13555391938	0.145839057036	0.144849620629	0.114972417025	0.112675556557	0.126280726746	0.136521035475	0.158225963646	0.129460454931	0.113318267633	0.119601384852	0.129785380352	0.0	0.134606684652	0.122853320427	0.141087660562	0.142445319684	0.130476962384	0.140054544932	0.118353375699	0.14549647927	0.113320251829	0.137199689543	0.138052177375	0.123382777006	0.134138964585	0.131045189274	0.12955605551	0.115862138049	0.121036768916	0.120476743609	0.123974421845	0.139352422632	0.134458359434	0.129038058275	0.145247846701	0.126051710826	0.132320839407	0.122346485493	0.128010182224	0.152185574298	0.117379264073	0.127555978356	0.141437031889	0.125017642697	0.13462802399	0.118656829319	0.116855947331	0.117452942314	0.130735310179	0.128669092545	0.125758124578	0.123291551545	0.120298756622	0.126329244445	0.119257389081	0.1248112909	0.152670879428	0.138824349555	0.122993311757	0.143867364561	0.118050782455	0.114943444932	0.120574281362	0.13086131796	0.113882905227	0.129661714638	0.145483246859	0.125798564007	0.12333171973	0.123721790668	0.134365098976	0.134043585576	0.124855475737	0.135613511853	0.121912708427	0.121606836001	0.128955842216	0.128722853874	0.13130332262	0.124000718903	0.12471283307	0.12516820576	0.131098781811	0.132722761736	0.13209132206	0.118229319388	0.125763433167	0.137536573797	0.127587847036	0.122241296536	0.129276935398	0.131978849291	0.143668691107	0.119894397101	0.106934972018
159551223-tonguedorsum1.snv.bam	0.128243899541	0.122805931821	0.114610081095	0.119331057479	0.122938609394	0.109331362397	0.106028366904	0.105150716963	0.116915819204	0.120312293639	0.118633307671	0.108929947317	0.112120641762	0.108604733081	0.134606684652	0.0	0.117842919368	0.12413665065	0.124636954367	0.148215664015	0.112381888196	0.109441151191	0.153842295707	0.133141350644	0.114832130625	0.129308208405	0.116142145465	0.109651450511	0.111188708483	0.133807417751	0.110864071154	0.116257269576	0.118304952332	0.116907417402	0.12134740577	0.113355128097	0.112749245626	0.13101787728	0.118471834303	0.115022410593	0.119949819939	0.127805936254	0.100263846238	0.102684057978	0.131033909134	0.116284187853	0.118805306487	0.103781659527	0.100109186187	0.128656713694	0.10376292677	0.124104697423	0.112406636443	0.115962519995	0.109694764406	0.108872426244	0.114546438786	0.105536189429	0.102139324752	0.139083719176	0.101571308043	0.123534958401	0.0989815726639	0.116518343211	0.0968644169602	0.102157314148	0.127165842828	0.11746982998	0.113553492793	0.110080684141	0.132190351133	0.118289952879	0.113076641669	0.118581351865	0.11618622741	0.134084993977	0.115154565414	0.123429575357	0.118853857115	0.0977518609018	0.108200266067	0.102453354331	0.122096916696	0.111022443165	0.111783245275	0.107270558008	0.108051783739	0.104586520867	0.0945194534072	0.103312242242	0.116867124904	0.121828948723	0.103329153157	0.121065388109	0.119441431096	0.132963581646	0.116614629971	0.130815060242
159571453-tonguedorsum1.snv.bam	0.141700378614	0.125397647146	0.119210246812	0.11501375056	0.106057562005	0.104007310522	0.10655204272	0.111099976291	0.141154311934	0.128802398598	0.11011328561	0.0911006355916	0.105175627775	0.104014044137	0.122853320427	0.117842919368	0.0	0.118982821567	0.124002161623	0.156343353956	0.124815681915	0.102906007187	0.151231466883	0.114789837703	0.131756221948	0.147835473986	0.117679970773	0.114480057039	0.109606947583	0.159441648314	0.12051284726	0.115956298706	0.118103060734	0.119424462336	0.137531537799	0.13712886953	0.100754749952	0.131736837725	0.109355735302	0.107365870687	0.104091137124	0.135460890243	0.123617664293	0.090263695077	0.123773534009	0.117864985304	0.117407229443	0.120729047112	0.0947925189385	0.118930912502	0.110702959198	0.121958303668	0.122012215645	0.113627515235	0.123900103409	0.124133835809	0.133228905698	0.119028884095	0.107345635322	0.147944485775	0.129490415847	0.11858700214	0.116229854791	0.112363263167	0.0988582847697	0.118338769613	0.126505124315	0.103068828884	0.126884717163	0.124990972874	0.139741669376	0.119686763894	0.103962121114	0.127279444733	0.114875465582	0.122481145904	0.116882963081	0.10713841216	0.138107460067	0.102761956901	0.129001102862	0.11084898169	0.122077128176	0.110194447587	0.108635073791	0.120173975462	0.113580603044	0.112779174584	0.110268143502	0.12529896227	0.109345837609	0.103907464804	0.122362523625	0.118839548885	0.124987121176	0.141162162973	0.119055068501	0.118276882734
159591683-tonguedorsum1.snv.bam	0.142127132033	0.118647422838	0.112425411818	0.122723309933	0.115673892683	0.0881653272494	0.0932723004147	0.117927399935	0.138082518929	0.136168222593	0.0970731751327	0.0962014650528	0.103177857614	0.110892720186	0.141087660562	0.12413665065	0.118982821567	0.0	0.0355574688294	0.172937815053	0.10853472378	0.0938770799609	0.149896958976	0.113106455106	0.137629095876	0.149684031274	0.0970815759501	0.0969422880446	0.0937520567108	0.151840449503	0.119562807209	0.108859328786	0.105938372408	0.110604899656	0.142575780069	0.144380043894	0.110009277048	0.140128546075	0.0872656854503	0.088428263868	0.0682072433339	0.140699963117	0.115150917799	0.0807276838186	0.131800393491	0.124819612201	0.0941784670786	0.103157486477	0.0953010888747	0.126600135168	0.102726726444	0.100825478465	0.11159992255	0.103549399386	0.119342480838	0.136313723288	0.13119101363	0.117308828462	0.106105832667	0.155031853758	0.121814426491	0.119935005456	0.1186275799	0.0832088128992	0.0846867293021	0.108714730966	0.100777419448	0.0897109411586	0.146906385736	0.121808081988	0.154950837431	0.137135665514	0.101691735746	0.115693851314	0.113228465675	0.131874586083	0.117522663737	0.104765932856	0.118423177936	0.105036467612	0.110466389575	0.108694923327	0.113875197917	0.104894249906	0.0954222404884	0.0921303757196	0.104183785339	0.0907196248901	0.0901718086517	0.117204677158	0.0948820907626	0.095241199148	0.114014373947	0.102946659057	0.109453506999	0.133072635276	0.102502122163	0.120090069703
159591683-tonguedorsum2.snv.bam	0.145821124126	0.121078222101	0.116036991364	0.127771505587	0.121919933021	0.0920488061286	0.0919843623199	0.117993617285	0.139273918687	0.139141111416	0.108919743977	0.0957237118419	0.102943653018	0.113977712673	0.142445319684	0.124636954367	0.124002161623	0.0355574688294	0.0	0.170027668757	0.114665853147	0.0956505866264	0.143157513958	0.111142526115	0.134700201157	0.145489686949	0.0973790842939	0.0951208264221	0.0873623338156	0.150803495027	0.116739599962	0.107168236955	0.105115826628	0.108484696086	0.147238508407	0.146630710546	0.114660501609	0.141969221073	0.0811212191769	0.082654482201	0.061950454896	0.138420340094	0.114971418181	0.0900104483877	0.135179992023	0.125397827004	0.101735276601	0.0953647432573	0.0956488051851	0.13101669526	0.102803409374	0.10420955567	0.112498370384	0.0984916956967	0.11817061246	0.137077485431	0.135159437446	0.120147828625	0.109837469066	0.152888483858	0.120707531762	0.120447206313	0.12277113583	0.0779685644632	0.0881404610822	0.107475699615	0.100335426311	0.090051960443	0.149389272738	0.125157209781	0.15548087336	0.1421037914	0.106042264792	0.116932447714	0.117367935806	0.131205390786	0.11654402515	0.102723685611	0.117259643321	0.103089180907	0.108540849892	0.106827591313	0.111487025335	0.104203086525	0.100757794952	0.0903852514736	0.102008644002	0.0863663938513	0.0874408202941	0.116827087678	0.101794982511	0.0985747969645	0.116172984733	0.10305814098	0.110517886512	0.133322420898	0.0968249800455	0.120941505844
159713063-tonguedorsum2.snv.bam	0.174817365698	0.156524594147	0.150809293831	0.165888021497	0.153955210944	0.145186047769	0.133065723052	0.163913545967	0.177922932432	0.154163994515	0.161543097796	0.149224957126	0.150793441939	0.158878271059	0.130476962384	0.148215664015	0.156343353956	0.172937815053	0.170027668757	0.0	0.149928495593	0.135730015062	0.150698457507	0.154019723871	0.144269176384	0.130218801474	0.153283823705	0.154953538973	0.151932537395	0.169032213887	0.137252304112	0.153069983287	0.15172209285	0.152497558002	0.163747384064	0.154150526207	0.150651608018	0.149468595184	0.151664813004	0.153765393319	0.156624301155	0.142083008485	0.16301126668	0.151434535353	0.144221609137	0.163074455375	0.153042528546	0.150722497904	0.139044497388	0.154434645662	0.145494060753	0.161748928639	0.151400406818	0.142370483673	0.154973882208	0.149660012248	0.13592522004	0.149617689181	0.149339827237	0.16589676516	0.146169026255	0.150751637444	0.146196523446	0.147639164632	0.142065551751	0.147229757175	0.16843278723	0.151330618575	0.152577718867	0.167020905506	0.148661006855	0.120762421161	0.15741194315	0.161799506184	0.156869513309	0.144754407323	0.152791115197	0.153181710521	0.133413907011	0.149005830198	0.157388117177	0.148457251191	0.132913613342	0.153875768725	0.158375457231	0.158310143744	0.146328742731	0.156063579538	0.145281443538	0.13936193686	0.154531114015	0.155049424102	0.152211448837	0.154335932566	0.158915356646	0.172207596016	0.135016580355	0.152171024915
159753524-tonguedorsum1.snv.bam	0.131382208103	0.100043806324	0.112697302423	0.126976660089	0.12901731718	0.102114032294	0.0950345786362	0.102914640413	0.123155061854	0.129438711546	0.100552111296	0.101875426105	0.114158248023	0.0941256789907	0.140054544932	0.112381888196	0.124815681915	0.10853472378	0.114665853147	0.149928495593	0.0	0.0624576306073	0.147127489032	0.11741388819	0.114427112873	0.133039309585	0.0991449233795	0.0922781364722	0.102142005119	0.152976366819	0.110089699888	0.107205486443	0.104202020247	0.104970368913	0.135861162726	0.141290817487	0.111463468579	0.0954923384265	0.100736592989	0.108385017748	0.0964340728591	0.11574426404	0.122643826385	0.104309559739	0.111977965173	0.121340528394	0.0943347218958	0.109751394082	0.0998027695813	0.130843703694	0.0998561972615	0.110044818629	0.103598970223	0.107863127303	0.108520730844	0.121706996986	0.128325545761	0.115294793404	0.105423350075	0.156976288997	0.099317443347	0.119077712727	0.121542291812	0.0974590007786	0.0957820085044	0.111777788344	0.121361582582	0.106960127318	0.141369768516	0.123087668151	0.148127447051	0.131662760644	0.0981147083215	0.107468624323	0.110816199456	0.127430650063	0.101170883317	0.112342799656	0.122038110911	0.103743406314	0.101068235505	0.11160317088	0.109294591835	0.0996328193704	0.0979807819888	0.10432952286	0.105783080846	0.0998136293701	0.0988775046497	0.121678135559	0.116626587223	0.104691176602	0.0970989268362	0.108259671245	0.119374735629	0.115874747058	0.0983826955846	0.122404014494
159753524-tonguedorsum3.snv.bam	0.124472725096	0.0980614022383	0.107478544915	0.119820704132	0.114911324277	0.0784457190271	0.0721397127024	0.104090421086	0.126711478485	0.124783167536	0.0927636107284	0.081951200043	0.0926131507599	0.0799126885207	0.118353375699	0.109441151191	0.102906007187	0.0938770799609	0.0956505866264	0.135730015062	0.0624576306073	0.0	0.124646200539	0.108752294818	0.111681657795	0.133971936277	0.0838358099065	0.0830727475223	0.0854854377273	0.137667224009	0.0978131787334	0.0862857184363	0.0810507494818	0.0834472939324	0.120343069788	0.124915300795	0.0980989338048	0.111526143434	0.0760966638486	0.0829135937063	0.077917810394	0.12003757876	0.11822967743	0.0906768622157	0.105463735841	0.111438848831	0.0859095635573	0.0977526768686	0.0699656766762	0.126028550447	0.0958344432534	0.0973022016656	0.0927269325406	0.0832598263661	0.0934782135083	0.106295219372	0.116953630839	0.104974676229	0.0925672445668	0.142946386937	0.094995053695	0.0985290382455	0.113409573877	0.080358762052	0.0803520559231	0.0881264154525	0.105137984358	0.0917977805062	0.135457140248	0.120458237664	0.148548545471	0.119957222353	0.0912468618918	0.0998440875666	0.103960348538	0.107967917997	0.0966128069039	0.0911736762745	0.117410580298	0.0827357193273	0.0920515356383	0.0955472281656	0.100463376554	0.0875291750454	0.0784462876723	0.088012575076	0.0948039992274	0.085935504975	0.0811096161997	0.117838934131	0.104636865453	0.0863391498084	0.0882072206955	0.0826955462986	0.1007911026	0.107336215695	0.0756685766128	0.105264618762
159814214-tonguedorsum2.snv.bam	0.1660195764	0.134712852725	0.153018388232	0.149523331882	0.137000229468	0.128713084131	0.124314872968	0.143194618915	0.149226099127	0.148024362894	0.143725763398	0.137043507873	0.14160395108	0.133521617653	0.14549647927	0.153842295707	0.151231466883	0.149896958976	0.143157513958	0.150698457507	0.147127489032	0.124646200539	0.0	0.146512898381	0.12703175585	0.130186688144	0.121209571989	0.134407593515	0.129888175107	0.156439659652	0.126380283331	0.126809201796	0.12654097591	0.127115921052	0.178268689607	0.168374768427	0.138816493691	0.143013137495	0.124022083029	0.127787785057	0.128855405747	0.129108867934	0.15343006805	0.149628771083	0.139849778089	0.143240429635	0.121505422094	0.141215774223	0.124793919141	0.150579258817	0.12177202593	0.140620555988	0.130850149583	0.116826357261	0.134983019806	0.138976297639	0.12969851741	0.135377144252	0.135513931079	0.156337678358	0.145135743859	0.14119023605	0.155523813461	0.116778408542	0.128875353837	0.141659075001	0.143211048983	0.132156722328	0.166808401641	0.150373475407	0.171535029294	0.12875391782	0.149497253608	0.148246352636	0.133574582573	0.14983811711	0.134844705545	0.132230000334	0.12236283423	0.139392477226	0.138232219986	0.13411405311	0.130132846809	0.134518964953	0.135734980519	0.131981001691	0.141506714243	0.135524945351	0.119554531765	0.125462676185	0.152527344885	0.135530475915	0.138845126778	0.127558795666	0.139772699027	0.121177195839	0.124020809656	0.145476991342
159915365-tonguedorsum1.snv.bam	0.153695690344	0.126656737203	0.121564986467	0.1333078864	0.128371641483	0.116245075016	0.109997479891	0.114876446231	0.136168413404	0.140763041313	0.112922264861	0.0962016513393	0.0995582881832	0.116118086651	0.113320251829	0.133141350644	0.114789837703	0.113106455106	0.111142526115	0.154019723871	0.11741388819	0.108752294818	0.146512898381	0.0	0.132603833261	0.14874102574	0.0990503419454	0.111494737907	0.101161409152	0.160979885932	0.111599752485	0.117278771957	0.120431583093	0.121519938873	0.165991253995	0.154320112393	0.125448352493	0.132958727491	0.101364517771	0.113080803388	0.088481449978	0.136915181089	0.125306359955	0.113632672942	0.118771800239	0.12609276268	0.119115948711	0.118771008056	0.0978329580585	0.118793555836	0.102519363772	0.118912754495	0.120274072324	0.111405870915	0.127037327668	0.143306680806	0.145488621162	0.13510485058	0.12245240755	0.140712369283	0.118460530119	0.11930916625	0.111768260323	0.100678974794	0.105692268283	0.116921676248	0.107471436729	0.0945940479985	0.140677684426	0.136003251484	0.150825740266	0.13525395938	0.109631986981	0.132273997144	0.129275919043	0.146073036041	0.119446992119	0.11296921436	0.120968513424	0.115302815078	0.121853122013	0.123735373976	0.127172442813	0.121952213595	0.111086971899	0.117170721345	0.120882115038	0.121812821707	0.102263670187	0.119386419177	0.107582777767	0.109304988418	0.118659578817	0.11575489141	0.134837788334	0.121596886701	0.112482533434	0.0994994111797
