	158155345-tonguedorsum2.snv.bam	158479027-tonguedorsum1.snv.bam	158499257-tonguedorsum2.snv.bam	158944319-tonguedorsum1.snv.bam	159268001-tonguedorsum1.snv.bam	159915365-tonguedorsum1.snv.bam	234447334-tonguedorsum2.snv.bam	550534656-tonguedorsum2.snv.bam	763395383-tonguedorsum3.snv.bam	763901136-tonguedorsum2.snv.bam	764143897-tonguedorsum1.snv.bam	764325968-tonguedorsum1.snv.bam	764325968-tonguedorsum2.snv.bam	764366428-throat2.snv.bam	764447348-tonguedorsum1.snv.bam	765013792-tonguedorsum1.snv.bam	765013792-tonguedorsum2.snv.bam	765074482-tonguedorsum1.snv.bam	765074482-tonguedorsum3.snv.bam	765195863-tonguedorsum3.snv.bam	765216093-tonguedorsum3.snv.bam
158155345-tonguedorsum2.snv.bam	0.0	0.089519650655	0.0807860262009	0.0807860262009	0.0764192139738	0.0655021834061	0.0655021834061	0.0938864628821	0.10480349345	0.0807860262009	0.117903930131	0.0829694323144	0.0655021834061	0.0720524017467	0.100436681223	0.11135371179	0.0938864628821	0.0698689956332	0.0829694323144	0.0917030567686	0.0786026200873
158479027-tonguedorsum1.snv.bam	0.089519650655	0.0	0.0414847161572	0.0720524017467	0.0633187772926	0.089519650655	0.0742358078603	0.0807860262009	0.100436681223	0.0764192139738	0.124454148472	0.0807860262009	0.0786026200873	0.0480349344978	0.0938864628821	0.122270742358	0.0786026200873	0.0436681222707	0.0633187772926	0.0960698689956	0.0655021834061
158499257-tonguedorsum2.snv.bam	0.0807860262009	0.0414847161572	0.0	0.0349344978166	0.0393013100437	0.0786026200873	0.0327510917031	0.0655021834061	0.0764192139738	0.0502183406114	0.0829694323144	0.0262008733624	0.0502183406114	0.0436681222707	0.0676855895197	0.0960698689956	0.0633187772926	0.028384279476	0.0480349344978	0.0742358078603	0.028384279476
158944319-tonguedorsum1.snv.bam	0.0807860262009	0.0720524017467	0.0349344978166	0.0	0.0589519650655	0.0764192139738	0.0327510917031	0.0720524017467	0.0982532751092	0.061135371179	0.102620087336	0.0393013100437	0.061135371179	0.0436681222707	0.0545851528384	0.089519650655	0.0851528384279	0.0240174672489	0.0458515283843	0.0938864628821	0.0371179039301
159268001-tonguedorsum1.snv.bam	0.0764192139738	0.0633187772926	0.0393013100437	0.0589519650655	0.0	0.0589519650655	0.0349344978166	0.0633187772926	0.0960698689956	0.056768558952	0.113537117904	0.0480349344978	0.056768558952	0.0414847161572	0.089519650655	0.102620087336	0.0676855895197	0.0349344978166	0.0458515283843	0.0589519650655	0.0414847161572
159915365-tonguedorsum1.snv.bam	0.0655021834061	0.089519650655	0.0786026200873	0.0764192139738	0.0589519650655	0.0	0.0742358078603	0.0742358078603	0.120087336245	0.0698689956332	0.115720524017	0.0873362445415	0.0786026200873	0.0458515283843	0.0960698689956	0.0917030567686	0.0764192139738	0.0589519650655	0.0851528384279	0.0807860262009	0.0720524017467
234447334-tonguedorsum2.snv.bam	0.0655021834061	0.0742358078603	0.0327510917031	0.0327510917031	0.0349344978166	0.0742358078603	0.0	0.056768558952	0.0873362445415	0.0480349344978	0.100436681223	0.0349344978166	0.0502183406114	0.0393013100437	0.0524017467249	0.0851528384279	0.0589519650655	0.028384279476	0.0349344978166	0.0851528384279	0.028384279476
550534656-tonguedorsum2.snv.bam	0.0938864628821	0.0807860262009	0.0655021834061	0.0720524017467	0.0633187772926	0.0742358078603	0.056768558952	0.0	0.109170305677	0.061135371179	0.124454148472	0.061135371179	0.061135371179	0.0502183406114	0.0938864628821	0.109170305677	0.0960698689956	0.0349344978166	0.0589519650655	0.0960698689956	0.0524017467249
763395383-tonguedorsum3.snv.bam	0.10480349345	0.100436681223	0.0764192139738	0.0982532751092	0.0960698689956	0.120087336245	0.0873362445415	0.109170305677	0.0	0.0851528384279	0.131004366812	0.0917030567686	0.0742358078603	0.0873362445415	0.113537117904	0.122270742358	0.106986899563	0.0851528384279	0.0982532751092	0.128820960699	0.0633187772926
763901136-tonguedorsum2.snv.bam	0.0807860262009	0.0764192139738	0.0502183406114	0.061135371179	0.056768558952	0.0698689956332	0.0480349344978	0.061135371179	0.0851528384279	0.0	0.100436681223	0.056768558952	0.056768558952	0.0545851528384	0.0851528384279	0.10480349345	0.0764192139738	0.0414847161572	0.056768558952	0.0851528384279	0.0371179039301
764143897-tonguedorsum1.snv.bam	0.117903930131	0.124454148472	0.0829694323144	0.102620087336	0.113537117904	0.115720524017	0.100436681223	0.124454148472	0.131004366812	0.100436681223	0.0	0.102620087336	0.102620087336	0.100436681223	0.10480349345	0.131004366812	0.115720524017	0.0873362445415	0.0851528384279	0.135371179039	0.0982532751092
764325968-tonguedorsum1.snv.bam	0.0829694323144	0.0807860262009	0.0262008733624	0.0393013100437	0.0480349344978	0.0873362445415	0.0349344978166	0.061135371179	0.0917030567686	0.056768558952	0.102620087336	0.0	0.0436681222707	0.0414847161572	0.0676855895197	0.0982532751092	0.0676855895197	0.0262008733624	0.0414847161572	0.0829694323144	0.0240174672489
764325968-tonguedorsum2.snv.bam	0.0655021834061	0.0786026200873	0.0502183406114	0.061135371179	0.056768558952	0.0786026200873	0.0502183406114	0.061135371179	0.0742358078603	0.056768558952	0.102620087336	0.0436681222707	0.0	0.0502183406114	0.0873362445415	0.0938864628821	0.0633187772926	0.0349344978166	0.0545851528384	0.0764192139738	0.0393013100437
764366428-throat2.snv.bam	0.0720524017467	0.0480349344978	0.0436681222707	0.0436681222707	0.0414847161572	0.0458515283843	0.0393013100437	0.0502183406114	0.0873362445415	0.0545851528384	0.100436681223	0.0414847161572	0.0502183406114	0.0	0.0720524017467	0.089519650655	0.061135371179	0.0218340611354	0.0393013100437	0.0764192139738	0.028384279476
764447348-tonguedorsum1.snv.bam	0.100436681223	0.0938864628821	0.0676855895197	0.0545851528384	0.089519650655	0.0960698689956	0.0524017467249	0.0938864628821	0.113537117904	0.0851528384279	0.10480349345	0.0676855895197	0.0873362445415	0.0720524017467	0.0	0.0982532751092	0.0960698689956	0.0480349344978	0.061135371179	0.122270742358	0.0545851528384
765013792-tonguedorsum1.snv.bam	0.11135371179	0.122270742358	0.0960698689956	0.089519650655	0.102620087336	0.0917030567686	0.0851528384279	0.109170305677	0.122270742358	0.10480349345	0.131004366812	0.0982532751092	0.0938864628821	0.089519650655	0.0982532751092	0.0	0.11135371179	0.0698689956332	0.089519650655	0.109170305677	0.0807860262009
765013792-tonguedorsum2.snv.bam	0.0938864628821	0.0786026200873	0.0633187772926	0.0851528384279	0.0676855895197	0.0764192139738	0.0589519650655	0.0960698689956	0.106986899563	0.0764192139738	0.115720524017	0.0676855895197	0.0633187772926	0.061135371179	0.0960698689956	0.11135371179	0.0	0.0480349344978	0.061135371179	0.0917030567686	0.0655021834061
765074482-tonguedorsum1.snv.bam	0.0698689956332	0.0436681222707	0.028384279476	0.0240174672489	0.0349344978166	0.0589519650655	0.028384279476	0.0349344978166	0.0851528384279	0.0414847161572	0.0873362445415	0.0262008733624	0.0349344978166	0.0218340611354	0.0480349344978	0.0698689956332	0.0480349344978	0.0	0.0	0.0655021834061	0.0152838427948
765074482-tonguedorsum3.snv.bam	0.0829694323144	0.0633187772926	0.0480349344978	0.0458515283843	0.0458515283843	0.0851528384279	0.0349344978166	0.0589519650655	0.0982532751092	0.056768558952	0.0851528384279	0.0414847161572	0.0545851528384	0.0393013100437	0.061135371179	0.089519650655	0.061135371179	0.0	0.0	0.0851528384279	0.028384279476
765195863-tonguedorsum3.snv.bam	0.0917030567686	0.0960698689956	0.0742358078603	0.0938864628821	0.0589519650655	0.0807860262009	0.0851528384279	0.0960698689956	0.128820960699	0.0851528384279	0.135371179039	0.0829694323144	0.0764192139738	0.0764192139738	0.122270742358	0.109170305677	0.0917030567686	0.0655021834061	0.0851528384279	0.0	0.0655021834061
765216093-tonguedorsum3.snv.bam	0.0786026200873	0.0655021834061	0.028384279476	0.0371179039301	0.0414847161572	0.0720524017467	0.028384279476	0.0524017467249	0.0633187772926	0.0371179039301	0.0982532751092	0.0240174672489	0.0393013100437	0.028384279476	0.0545851528384	0.0807860262009	0.0655021834061	0.0152838427948	0.028384279476	0.0655021834061	0.0
