	159166850-stool1.snv.bam	159166850-stool2.snv.bam	159268001-stool1.snv.bam	159268001-stool2.snv.bam	161554003-stool2.snv.bam	764649650-stool2.snv.bam	765701615-stool1.snv.bam	765701615-stool2.snv.bam	840279516-stool1.snv.bam	861967750-stool1.snv.bam	CCIS16383318ST-4-0.snv.bam	CCIS34604008ST-4-0.snv.bam	CCIS41548810ST-4-0.snv.bam	CCIS45793747ST-4-0.snv.bam	CCIS53043478ST-4-0.snv.bam	CCIS77252613ST-4-0.snv.bam	CCMD19497912ST-21-0.snv.bam	CCMD64503764ST-21-0.snv.bam	CCMD87156761ST-21-0.snv.bam	CCMD88272491ST-21-0.snv.bam	M1.4-V2.metaG.snv.bam	M1.4-V3.metaG.snv.bam	M1.4-V3.metaT.snv.bam	M4.2-V2.metaG.snv.bam	M4.2-V2.metaT.snv.bam	MH0108.snv.bam	MH0176.snv.bam	MH0200.snv.bam	MH0243.snv.bam	MH0259.snv.bam	MH0274.snv.bam	MH0283.snv.bam	MH0288.snv.bam	MH0290.snv.bam	MH0299.snv.bam	MH0321.snv.bam	MH0325.snv.bam	MH0329.snv.bam	MH0330.snv.bam	MH0360.snv.bam	MH0361.snv.bam	MH0368.snv.bam	MH0374.snv.bam	MH0385.snv.bam	MH0389.snv.bam	MH0398.snv.bam	MH0399.snv.bam	MH0404.snv.bam	MH0409.snv.bam	MH0413.snv.bam	MH0418.snv.bam	MH0422.snv.bam	MH0443.snv.bam	MH0458.snv.bam	MMRS34525504ST-27-0-0.snv.bam	MMRS39582183ST-27-0-0.snv.bam	MMRS51410669ST-27-0-0.snv.bam	N037A.snv.bam	N043A.snv.bam	NLF008.snv.bam	O2.CD2-0.snv.bam	O2.UC1-1.snv.bam	O2.UC12-1.snv.bam	O2.UC13-1.snv.bam	O2.UC15-1.snv.bam	O2.UC15-2.snv.bam	O2.UC18-1.snv.bam	O2.UC2-1.snv.bam	O2.UC44-1.snv.bam	O2.UC44-2.snv.bam	O2.UC46-1.snv.bam	SAMEA3136644.snv.bam	SZEY-09A.snv.bam	SZEY-103A.snv.bam	SZEY-37A.snv.bam	SZEY-38A.snv.bam	SZEY-74A.snv.bam	T2D-108A.snv.bam	T2D-142A.snv.bam	T2D-163A.snv.bam	T2D-49A.snv.bam	V1.CD34-0.snv.bam	V1.CD37-4.snv.bam	V1.CD52-0.snv.bam	V1.CD55-0.snv.bam	V1.CD6-0-PN.snv.bam	V1.FI06.snv.bam	V1.FI12.snv.bam	V1.FI18.snv.bam	V1.FI24.snv.bam	V1.FI30.snv.bam	V1.FI32.snv.bam	V1.FI35.snv.bam	V1.UC22-1.snv.bam	V1.UC54-0.snv.bam	V1.UC54-4.snv.bam	V1.UC58-0.snv.bam
159166850-stool1.snv.bam	0.0	0.0	0.138547486034	0.138547486034	0.0972067039106	0.121787709497	0.122905027933	0.122905027933	0.135195530726	0.134078212291	0.131843575419	0.111731843575	0.0994413407821	0.115083798883	0.113966480447	0.108379888268	0.143016759777	0.131843575419	0.103910614525	0.135195530726	0.128491620112	0.127374301676	0.11061452514	0.120670391061	0.117318435754	0.106145251397	0.135195530726	0.125139664804	0.11061452514	0.130726256983	0.122905027933	0.108379888268	0.113966480447	0.12625698324	0.128491620112	0.134078212291	0.117318435754	0.127374301676	0.130726256983	0.124022346369	0.11061452514	0.103910614525	0.115083798883	0.113966480447	0.101675977654	0.113966480447	0.111731843575	0.0905027932961	0.130726256983	0.120670391061	0.129608938547	0.135195530726	0.134078212291	0.136312849162	0.100558659218	0.121787709497	0.120670391061	0.101675977654	0.127374301676	0.12625698324	0.124022346369	0.0759776536313	0.102793296089	0.111731843575	0.100558659218	0.109497206704	0.122905027933	0.109497206704	0.130726256983	0.134078212291	0.128491620112	0.112849162011	0.0994413407821	0.117318435754	0.112849162011	0.122905027933	0.103910614525	0.111731843575	0.113966480447	0.11843575419	0.113966480447	0.11843575419	0.11061452514	0.119553072626	0.12625698324	0.112849162011	0.112849162011	0.111731843575	0.106145251397	0.135195530726	0.113966480447	0.109497206704	0.134078212291	0.134078212291	0.122905027933	0.127374301676	0.100558659218
159166850-stool2.snv.bam	0.0	0.0	0.138547486034	0.138547486034	0.0972067039106	0.121787709497	0.122905027933	0.122905027933	0.135195530726	0.134078212291	0.131843575419	0.111731843575	0.0994413407821	0.115083798883	0.113966480447	0.108379888268	0.143016759777	0.131843575419	0.103910614525	0.135195530726	0.128491620112	0.127374301676	0.11061452514	0.120670391061	0.117318435754	0.106145251397	0.135195530726	0.125139664804	0.11061452514	0.130726256983	0.122905027933	0.108379888268	0.113966480447	0.12625698324	0.128491620112	0.134078212291	0.117318435754	0.127374301676	0.130726256983	0.124022346369	0.11061452514	0.103910614525	0.115083798883	0.113966480447	0.101675977654	0.113966480447	0.111731843575	0.0905027932961	0.130726256983	0.120670391061	0.129608938547	0.135195530726	0.134078212291	0.136312849162	0.100558659218	0.121787709497	0.120670391061	0.101675977654	0.127374301676	0.12625698324	0.124022346369	0.0759776536313	0.102793296089	0.111731843575	0.100558659218	0.109497206704	0.122905027933	0.109497206704	0.130726256983	0.134078212291	0.128491620112	0.112849162011	0.0994413407821	0.117318435754	0.112849162011	0.122905027933	0.103910614525	0.111731843575	0.113966480447	0.11843575419	0.113966480447	0.11843575419	0.11061452514	0.119553072626	0.12625698324	0.112849162011	0.112849162011	0.111731843575	0.106145251397	0.135195530726	0.113966480447	0.109497206704	0.134078212291	0.134078212291	0.122905027933	0.127374301676	0.100558659218
159268001-stool1.snv.bam	0.138547486034	0.138547486034	0.0	0.0	0.117318435754	0.135195530726	0.120670391061	0.120670391061	0.156424581006	0.136312849162	0.135195530726	0.108379888268	0.127374301676	0.134078212291	0.127374301676	0.112849162011	0.145251396648	0.130726256983	0.135195530726	0.141899441341	0.144134078212	0.143016759777	0.122905027933	0.127374301676	0.119553072626	0.112849162011	0.129608938547	0.134078212291	0.105027932961	0.124022346369	0.136312849162	0.116201117318	0.140782122905	0.135195530726	0.125139664804	0.149720670391	0.108379888268	0.135195530726	0.143016759777	0.11843575419	0.119553072626	0.131843575419	0.132960893855	0.125139664804	0.134078212291	0.109497206704	0.105027932961	0.129608938547	0.143016759777	0.122905027933	0.124022346369	0.146368715084	0.14748603352	0.154189944134	0.0960893854749	0.125139664804	0.107262569832	0.138547486034	0.124022346369	0.135195530726	0.0659217877095	0.105027932961	0.116201117318	0.120670391061	0.121787709497	0.129608938547	0.117318435754	0.135195530726	0.141899441341	0.144134078212	0.137430167598	0.119553072626	0.132960893855	0.141899441341	0.140782122905	0.160893854749	0.134078212291	0.121787709497	0.129608938547	0.144134078212	0.138547486034	0.117318435754	0.141899441341	0.132960893855	0.136312849162	0.130726256983	0.139664804469	0.111731843575	0.109497206704	0.122905027933	0.103910614525	0.116201117318	0.140782122905	0.131843575419	0.131843575419	0.136312849162	0.120670391061
159268001-stool2.snv.bam	0.138547486034	0.138547486034	0.0	0.0	0.117318435754	0.135195530726	0.120670391061	0.120670391061	0.156424581006	0.136312849162	0.135195530726	0.108379888268	0.127374301676	0.134078212291	0.127374301676	0.112849162011	0.145251396648	0.130726256983	0.135195530726	0.141899441341	0.144134078212	0.143016759777	0.122905027933	0.127374301676	0.119553072626	0.112849162011	0.129608938547	0.134078212291	0.105027932961	0.124022346369	0.136312849162	0.116201117318	0.140782122905	0.135195530726	0.125139664804	0.149720670391	0.108379888268	0.135195530726	0.143016759777	0.11843575419	0.119553072626	0.131843575419	0.132960893855	0.125139664804	0.134078212291	0.109497206704	0.105027932961	0.129608938547	0.143016759777	0.122905027933	0.124022346369	0.146368715084	0.14748603352	0.154189944134	0.0960893854749	0.125139664804	0.107262569832	0.138547486034	0.124022346369	0.135195530726	0.0659217877095	0.105027932961	0.116201117318	0.120670391061	0.121787709497	0.129608938547	0.117318435754	0.135195530726	0.141899441341	0.144134078212	0.137430167598	0.119553072626	0.132960893855	0.141899441341	0.140782122905	0.160893854749	0.134078212291	0.121787709497	0.129608938547	0.144134078212	0.138547486034	0.117318435754	0.141899441341	0.132960893855	0.136312849162	0.130726256983	0.139664804469	0.111731843575	0.109497206704	0.122905027933	0.103910614525	0.116201117318	0.140782122905	0.131843575419	0.131843575419	0.136312849162	0.120670391061
161554003-stool2.snv.bam	0.0972067039106	0.0972067039106	0.117318435754	0.117318435754	0.0	0.109497206704	0.105027932961	0.105027932961	0.116201117318	0.108379888268	0.108379888268	0.0905027932961	0.0949720670391	0.116201117318	0.0994413407821	0.0905027932961	0.11843575419	0.103910614525	0.103910614525	0.107262569832	0.11061452514	0.111731843575	0.0960893854749	0.102793296089	0.0972067039106	0.0927374301676	0.108379888268	0.106145251397	0.0972067039106	0.103910614525	0.106145251397	0.0849162011173	0.101675977654	0.0994413407821	0.109497206704	0.109497206704	0.103910614525	0.102793296089	0.105027932961	0.101675977654	0.100558659218	0.0994413407821	0.102793296089	0.107262569832	0.0905027932961	0.0826815642458	0.0949720670391	0.0994413407821	0.109497206704	0.0960893854749	0.0994413407821	0.116201117318	0.107262569832	0.119553072626	0.0938547486034	0.0960893854749	0.0972067039106	0.101675977654	0.0960893854749	0.105027932961	0.0938547486034	0.0837988826816	0.0960893854749	0.0938547486034	0.0893854748603	0.0972067039106	0.103910614525	0.108379888268	0.103910614525	0.106145251397	0.107262569832	0.105027932961	0.0927374301676	0.105027932961	0.0994413407821	0.11843575419	0.0949720670391	0.102793296089	0.0983240223464	0.112849162011	0.103910614525	0.0994413407821	0.0972067039106	0.0905027932961	0.122905027933	0.0994413407821	0.0972067039106	0.0960893854749	0.0905027932961	0.103910614525	0.0860335195531	0.0994413407821	0.111731843575	0.102793296089	0.102793296089	0.103910614525	0.0837988826816
764649650-stool2.snv.bam	0.121787709497	0.121787709497	0.135195530726	0.135195530726	0.109497206704	0.0	0.102793296089	0.102793296089	0.112849162011	0.125139664804	0.109497206704	0.0949720670391	0.112849162011	0.125139664804	0.11061452514	0.107262569832	0.134078212291	0.116201117318	0.112849162011	0.127374301676	0.124022346369	0.124022346369	0.107262569832	0.103910614525	0.0960893854749	0.107262569832	0.119553072626	0.111731843575	0.111731843575	0.101675977654	0.127374301676	0.0972067039106	0.11843575419	0.125139664804	0.116201117318	0.115083798883	0.113966480447	0.11843575419	0.122905027933	0.11843575419	0.100558659218	0.11061452514	0.116201117318	0.105027932961	0.112849162011	0.115083798883	0.109497206704	0.101675977654	0.130726256983	0.111731843575	0.127374301676	0.119553072626	0.132960893855	0.125139664804	0.0927374301676	0.119553072626	0.0949720670391	0.103910614525	0.113966480447	0.128491620112	0.11843575419	0.0905027932961	0.106145251397	0.113966480447	0.11061452514	0.117318435754	0.0849162011173	0.116201117318	0.109497206704	0.109497206704	0.11843575419	0.128491620112	0.105027932961	0.109497206704	0.107262569832	0.128491620112	0.101675977654	0.0994413407821	0.105027932961	0.121787709497	0.107262569832	0.0994413407821	0.113966480447	0.120670391061	0.127374301676	0.0949720670391	0.124022346369	0.0983240223464	0.0949720670391	0.122905027933	0.11843575419	0.119553072626	0.127374301676	0.129608938547	0.113966480447	0.11843575419	0.107262569832
765701615-stool1.snv.bam	0.122905027933	0.122905027933	0.120670391061	0.120670391061	0.105027932961	0.102793296089	0.0	0.0	0.139664804469	0.125139664804	0.109497206704	0.0960893854749	0.115083798883	0.124022346369	0.119553072626	0.11061452514	0.136312849162	0.116201117318	0.100558659218	0.116201117318	0.121787709497	0.121787709497	0.106145251397	0.100558659218	0.0927374301676	0.103910614525	0.11843575419	0.107262569832	0.105027932961	0.107262569832	0.125139664804	0.0927374301676	0.122905027933	0.113966480447	0.11061452514	0.129608938547	0.111731843575	0.116201117318	0.12625698324	0.0983240223464	0.0972067039106	0.11061452514	0.0715083798883	0.113966480447	0.108379888268	0.102793296089	0.112849162011	0.102793296089	0.124022346369	0.0938547486034	0.111731843575	0.132960893855	0.127374301676	0.130726256983	0.0782122905028	0.119553072626	0.0994413407821	0.115083798883	0.111731843575	0.124022346369	0.103910614525	0.0837988826816	0.107262569832	0.107262569832	0.107262569832	0.111731843575	0.0983240223464	0.121787709497	0.120670391061	0.122905027933	0.120670391061	0.101675977654	0.106145251397	0.117318435754	0.119553072626	0.136312849162	0.100558659218	0.103910614525	0.101675977654	0.121787709497	0.113966480447	0.107262569832	0.11061452514	0.119553072626	0.12625698324	0.11061452514	0.115083798883	0.0972067039106	0.0972067039106	0.119553072626	0.109497206704	0.109497206704	0.116201117318	0.125139664804	0.117318435754	0.11843575419	0.111731843575
765701615-stool2.snv.bam	0.122905027933	0.122905027933	0.120670391061	0.120670391061	0.105027932961	0.102793296089	0.0	0.0	0.139664804469	0.124022346369	0.109497206704	0.0960893854749	0.115083798883	0.124022346369	0.119553072626	0.11061452514	0.136312849162	0.116201117318	0.101675977654	0.116201117318	0.121787709497	0.121787709497	0.106145251397	0.100558659218	0.0927374301676	0.103910614525	0.119553072626	0.107262569832	0.105027932961	0.108379888268	0.125139664804	0.0938547486034	0.122905027933	0.113966480447	0.11061452514	0.129608938547	0.112849162011	0.116201117318	0.12625698324	0.0994413407821	0.0972067039106	0.109497206704	0.0715083798883	0.113966480447	0.108379888268	0.102793296089	0.113966480447	0.102793296089	0.124022346369	0.0949720670391	0.111731843575	0.134078212291	0.127374301676	0.130726256983	0.0782122905028	0.119553072626	0.0994413407821	0.115083798883	0.111731843575	0.124022346369	0.103910614525	0.0837988826816	0.107262569832	0.107262569832	0.107262569832	0.111731843575	0.0983240223464	0.121787709497	0.120670391061	0.122905027933	0.120670391061	0.101675977654	0.106145251397	0.117318435754	0.119553072626	0.135195530726	0.100558659218	0.102793296089	0.101675977654	0.120670391061	0.113966480447	0.107262569832	0.11061452514	0.119553072626	0.12625698324	0.11061452514	0.115083798883	0.0972067039106	0.0972067039106	0.119553072626	0.109497206704	0.109497206704	0.116201117318	0.125139664804	0.117318435754	0.11843575419	0.111731843575
840279516-stool1.snv.bam	0.135195530726	0.135195530726	0.156424581006	0.156424581006	0.116201117318	0.112849162011	0.139664804469	0.139664804469	0.0	0.143016759777	0.127374301676	0.122905027933	0.127374301676	0.124022346369	0.124022346369	0.125139664804	0.14748603352	0.131843575419	0.137430167598	0.150837988827	0.141899441341	0.141899441341	0.116201117318	0.131843575419	0.125139664804	0.128491620112	0.136312849162	0.129608938547	0.131843575419	0.136312849162	0.135195530726	0.117318435754	0.139664804469	0.145251396648	0.136312849162	0.136312849162	0.136312849162	0.134078212291	0.137430167598	0.131843575419	0.119553072626	0.125139664804	0.132960893855	0.124022346369	0.125139664804	0.136312849162	0.130726256983	0.127374301676	0.145251396648	0.134078212291	0.137430167598	0.154189944134	0.14748603352	0.144134078212	0.115083798883	0.143016759777	0.122905027933	0.115083798883	0.149720670391	0.131843575419	0.139664804469	0.102793296089	0.12625698324	0.132960893855	0.130726256983	0.137430167598	0.135195530726	0.138547486034	0.137430167598	0.138547486034	0.138547486034	0.145251396648	0.112849162011	0.130726256983	0.122905027933	0.141899441341	0.113966480447	0.117318435754	0.117318435754	0.130726256983	0.130726256983	0.131843575419	0.131843575419	0.131843575419	0.153072625698	0.112849162011	0.14748603352	0.120670391061	0.11061452514	0.134078212291	0.131843575419	0.139664804469	0.144134078212	0.144134078212	0.134078212291	0.137430167598	0.11061452514
861967750-stool1.snv.bam	0.134078212291	0.134078212291	0.136312849162	0.136312849162	0.108379888268	0.125139664804	0.125139664804	0.124022346369	0.143016759777	0.0	0.116201117318	0.112849162011	0.119553072626	0.131843575419	0.129608938547	0.116201117318	0.144134078212	0.130726256983	0.135195530726	0.139664804469	0.134078212291	0.134078212291	0.120670391061	0.125139664804	0.116201117318	0.117318435754	0.130726256983	0.129608938547	0.112849162011	0.121787709497	0.135195530726	0.115083798883	0.144134078212	0.134078212291	0.116201117318	0.141899441341	0.12625698324	0.12625698324	0.130726256983	0.120670391061	0.121787709497	0.0972067039106	0.116201117318	0.132960893855	0.108379888268	0.109497206704	0.12625698324	0.100558659218	0.130726256983	0.121787709497	0.116201117318	0.141899441341	0.140782122905	0.144134078212	0.109497206704	0.122905027933	0.121787709497	0.11843575419	0.138547486034	0.129608938547	0.119553072626	0.103910614525	0.113966480447	0.119553072626	0.121787709497	0.127374301676	0.130726256983	0.12625698324	0.132960893855	0.135195530726	0.136312849162	0.113966480447	0.108379888268	0.111731843575	0.113966480447	0.138547486034	0.0972067039106	0.0938547486034	0.103910614525	0.117318435754	0.112849162011	0.131843575419	0.12625698324	0.119553072626	0.151955307263	0.121787709497	0.128491620112	0.115083798883	0.102793296089	0.132960893855	0.108379888268	0.125139664804	0.127374301676	0.131843575419	0.131843575419	0.135195530726	0.106145251397
CCIS16383318ST-4-0.snv.bam	0.131843575419	0.131843575419	0.135195530726	0.135195530726	0.108379888268	0.109497206704	0.109497206704	0.109497206704	0.127374301676	0.116201117318	0.0	0.0905027932961	0.109497206704	0.130726256983	0.112849162011	0.111731843575	0.11843575419	0.106145251397	0.108379888268	0.12625698324	0.0960893854749	0.0960893854749	0.0804469273743	0.113966480447	0.109497206704	0.0983240223464	0.0927374301676	0.109497206704	0.105027932961	0.0748603351955	0.106145251397	0.0960893854749	0.117318435754	0.117318435754	0.101675977654	0.117318435754	0.121787709497	0.0994413407821	0.101675977654	0.120670391061	0.101675977654	0.103910614525	0.117318435754	0.105027932961	0.103910614525	0.11061452514	0.112849162011	0.107262569832	0.103910614525	0.101675977654	0.0949720670391	0.100558659218	0.131843575419	0.130726256983	0.0994413407821	0.109497206704	0.0905027932961	0.109497206704	0.119553072626	0.125139664804	0.11061452514	0.0960893854749	0.102793296089	0.111731843575	0.124022346369	0.129608938547	0.112849162011	0.108379888268	0.111731843575	0.112849162011	0.121787709497	0.101675977654	0.0972067039106	0.115083798883	0.11061452514	0.131843575419	0.101675977654	0.101675977654	0.102793296089	0.117318435754	0.121787709497	0.117318435754	0.11843575419	0.121787709497	0.136312849162	0.0960893854749	0.12625698324	0.0815642458101	0.108379888268	0.112849162011	0.103910614525	0.109497206704	0.116201117318	0.100558659218	0.116201117318	0.119553072626	0.0927374301676
CCIS34604008ST-4-0.snv.bam	0.111731843575	0.111731843575	0.108379888268	0.108379888268	0.0905027932961	0.0949720670391	0.0960893854749	0.0960893854749	0.122905027933	0.112849162011	0.0905027932961	0.0	0.0938547486034	0.111731843575	0.0983240223464	0.077094972067	0.121787709497	0.100558659218	0.106145251397	0.115083798883	0.108379888268	0.108379888268	0.0871508379888	0.0927374301676	0.0871508379888	0.0837988826816	0.102793296089	0.0860335195531	0.0804469273743	0.0972067039106	0.100558659218	0.0916201117318	0.102793296089	0.0871508379888	0.0927374301676	0.111731843575	0.0893854748603	0.103910614525	0.109497206704	0.0927374301676	0.0849162011173	0.0983240223464	0.0983240223464	0.0972067039106	0.0916201117318	0.0905027932961	0.100558659218	0.0916201117318	0.107262569832	0.0849162011173	0.0916201117318	0.108379888268	0.120670391061	0.109497206704	0.0748603351955	0.0893854748603	0.0972067039106	0.0994413407821	0.103910614525	0.106145251397	0.0927374301676	0.0826815642458	0.0938547486034	0.0972067039106	0.108379888268	0.11061452514	0.0994413407821	0.101675977654	0.105027932961	0.107262569832	0.100558659218	0.0882681564246	0.0893854748603	0.102793296089	0.0905027932961	0.117318435754	0.0860335195531	0.0882681564246	0.0849162011173	0.101675977654	0.0994413407821	0.0882681564246	0.0994413407821	0.112849162011	0.117318435754	0.0703910614525	0.109497206704	0.0916201117318	0.0748603351955	0.107262569832	0.0949720670391	0.0927374301676	0.0916201117318	0.108379888268	0.0960893854749	0.0994413407821	0.072625698324
CCIS41548810ST-4-0.snv.bam	0.0994413407821	0.0994413407821	0.127374301676	0.127374301676	0.0949720670391	0.112849162011	0.115083798883	0.115083798883	0.127374301676	0.119553072626	0.109497206704	0.0938547486034	0.0	0.127374301676	0.102793296089	0.0983240223464	0.128491620112	0.12625698324	0.11061452514	0.130726256983	0.109497206704	0.108379888268	0.0893854748603	0.115083798883	0.109497206704	0.0916201117318	0.116201117318	0.108379888268	0.103910614525	0.107262569832	0.115083798883	0.0938547486034	0.111731843575	0.11843575419	0.105027932961	0.119553072626	0.119553072626	0.11843575419	0.113966480447	0.120670391061	0.106145251397	0.111731843575	0.115083798883	0.107262569832	0.11061452514	0.102793296089	0.122905027933	0.105027932961	0.117318435754	0.106145251397	0.106145251397	0.116201117318	0.143016759777	0.127374301676	0.0938547486034	0.11061452514	0.0972067039106	0.0972067039106	0.11843575419	0.124022346369	0.111731843575	0.0893854748603	0.108379888268	0.101675977654	0.105027932961	0.108379888268	0.111731843575	0.111731843575	0.117318435754	0.119553072626	0.125139664804	0.102793296089	0.0949720670391	0.124022346369	0.107262569832	0.128491620112	0.103910614525	0.0994413407821	0.102793296089	0.11843575419	0.11061452514	0.107262569832	0.113966480447	0.116201117318	0.132960893855	0.101675977654	0.108379888268	0.101675977654	0.105027932961	0.132960893855	0.113966480447	0.0994413407821	0.121787709497	0.11843575419	0.121787709497	0.124022346369	0.0994413407821
CCIS45793747ST-4-0.snv.bam	0.115083798883	0.115083798883	0.134078212291	0.134078212291	0.116201117318	0.125139664804	0.124022346369	0.124022346369	0.124022346369	0.131843575419	0.130726256983	0.111731843575	0.127374301676	0.0	0.117318435754	0.116201117318	0.137430167598	0.127374301676	0.125139664804	0.138547486034	0.134078212291	0.134078212291	0.116201117318	0.124022346369	0.116201117318	0.11843575419	0.129608938547	0.121787709497	0.124022346369	0.127374301676	0.127374301676	0.112849162011	0.132960893855	0.12625698324	0.116201117318	0.130726256983	0.11843575419	0.129608938547	0.131843575419	0.122905027933	0.120670391061	0.11843575419	0.127374301676	0.120670391061	0.102793296089	0.130726256983	0.113966480447	0.101675977654	0.134078212291	0.117318435754	0.125139664804	0.129608938547	0.139664804469	0.143016759777	0.105027932961	0.131843575419	0.129608938547	0.107262569832	0.135195530726	0.124022346369	0.121787709497	0.0893854748603	0.109497206704	0.128491620112	0.122905027933	0.128491620112	0.125139664804	0.124022346369	0.119553072626	0.121787709497	0.125139664804	0.129608938547	0.0938547486034	0.112849162011	0.113966480447	0.125139664804	0.0983240223464	0.101675977654	0.103910614525	0.113966480447	0.108379888268	0.115083798883	0.11061452514	0.127374301676	0.136312849162	0.106145251397	0.129608938547	0.112849162011	0.111731843575	0.129608938547	0.113966480447	0.136312849162	0.128491620112	0.132960893855	0.120670391061	0.124022346369	0.101675977654
CCIS53043478ST-4-0.snv.bam	0.113966480447	0.113966480447	0.127374301676	0.127374301676	0.0994413407821	0.11061452514	0.119553072626	0.119553072626	0.124022346369	0.129608938547	0.112849162011	0.0983240223464	0.102793296089	0.117318435754	0.0	0.108379888268	0.132960893855	0.115083798883	0.111731843575	0.125139664804	0.120670391061	0.119553072626	0.101675977654	0.11061452514	0.102793296089	0.0927374301676	0.115083798883	0.106145251397	0.112849162011	0.11843575419	0.113966480447	0.0960893854749	0.0972067039106	0.108379888268	0.112849162011	0.115083798883	0.103910614525	0.113966480447	0.113966480447	0.108379888268	0.100558659218	0.109497206704	0.112849162011	0.113966480447	0.106145251397	0.106145251397	0.11061452514	0.105027932961	0.119553072626	0.116201117318	0.103910614525	0.122905027933	0.134078212291	0.122905027933	0.0927374301676	0.115083798883	0.109497206704	0.0938547486034	0.111731843575	0.115083798883	0.117318435754	0.0815642458101	0.0927374301676	0.112849162011	0.0994413407821	0.103910614525	0.11843575419	0.113966480447	0.112849162011	0.113966480447	0.111731843575	0.107262569832	0.100558659218	0.112849162011	0.108379888268	0.121787709497	0.0983240223464	0.0972067039106	0.0960893854749	0.121787709497	0.112849162011	0.0938547486034	0.115083798883	0.113966480447	0.130726256983	0.0860335195531	0.121787709497	0.105027932961	0.101675977654	0.116201117318	0.103910614525	0.111731843575	0.125139664804	0.115083798883	0.107262569832	0.11061452514	0.0972067039106
CCIS77252613ST-4-0.snv.bam	0.108379888268	0.108379888268	0.112849162011	0.112849162011	0.0905027932961	0.107262569832	0.11061452514	0.11061452514	0.125139664804	0.116201117318	0.111731843575	0.077094972067	0.0983240223464	0.116201117318	0.108379888268	0.0	0.125139664804	0.116201117318	0.11061452514	0.127374301676	0.111731843575	0.11061452514	0.0949720670391	0.113966480447	0.109497206704	0.0949720670391	0.119553072626	0.113966480447	0.0972067039106	0.122905027933	0.12625698324	0.103910614525	0.112849162011	0.103910614525	0.105027932961	0.117318435754	0.111731843575	0.111731843575	0.115083798883	0.101675977654	0.103910614525	0.106145251397	0.111731843575	0.112849162011	0.0927374301676	0.101675977654	0.100558659218	0.0960893854749	0.113966480447	0.105027932961	0.109497206704	0.127374301676	0.122905027933	0.127374301676	0.0882681564246	0.105027932961	0.0994413407821	0.11061452514	0.108379888268	0.111731843575	0.100558659218	0.0893854748603	0.0972067039106	0.103910614525	0.108379888268	0.112849162011	0.103910614525	0.108379888268	0.112849162011	0.115083798883	0.115083798883	0.0916201117318	0.0983240223464	0.108379888268	0.0960893854749	0.120670391061	0.0994413407821	0.0960893854749	0.0960893854749	0.108379888268	0.102793296089	0.0837988826816	0.106145251397	0.109497206704	0.128491620112	0.0949720670391	0.120670391061	0.0938547486034	0.0994413407821	0.112849162011	0.0960893854749	0.105027932961	0.107262569832	0.122905027933	0.11061452514	0.113966480447	0.0949720670391
CCMD19497912ST-21-0.snv.bam	0.143016759777	0.143016759777	0.145251396648	0.145251396648	0.11843575419	0.134078212291	0.136312849162	0.136312849162	0.14748603352	0.144134078212	0.11843575419	0.121787709497	0.128491620112	0.137430167598	0.132960893855	0.125139664804	0.0	0.0860335195531	0.128491620112	0.101675977654	0.0826815642458	0.0837988826816	0.0782122905028	0.138547486034	0.131843575419	0.117318435754	0.144134078212	0.127374301676	0.127374301676	0.121787709497	0.0949720670391	0.122905027933	0.130726256983	0.139664804469	0.121787709497	0.0905027932961	0.137430167598	0.0927374301676	0.0983240223464	0.137430167598	0.12625698324	0.128491620112	0.132960893855	0.130726256983	0.134078212291	0.105027932961	0.136312849162	0.125139664804	0.103910614525	0.131843575419	0.131843575419	0.145251396648	0.100558659218	0.103910614525	0.116201117318	0.140782122905	0.12625698324	0.140782122905	0.0837988826816	0.145251396648	0.124022346369	0.108379888268	0.131843575419	0.132960893855	0.141899441341	0.14748603352	0.141899441341	0.134078212291	0.138547486034	0.140782122905	0.130726256983	0.134078212291	0.125139664804	0.144134078212	0.134078212291	0.156424581006	0.117318435754	0.122905027933	0.129608938547	0.144134078212	0.135195530726	0.117318435754	0.137430167598	0.146368715084	0.15530726257	0.120670391061	0.141899441341	0.128491620112	0.130726256983	0.0715083798883	0.122905027933	0.135195530726	0.145251396648	0.106145251397	0.125139664804	0.129608938547	0.122905027933
CCMD64503764ST-21-0.snv.bam	0.131843575419	0.131843575419	0.130726256983	0.130726256983	0.103910614525	0.116201117318	0.116201117318	0.116201117318	0.131843575419	0.130726256983	0.106145251397	0.100558659218	0.12625698324	0.127374301676	0.115083798883	0.116201117318	0.0860335195531	0.0	0.11061452514	0.0826815642458	0.063687150838	0.0659217877095	0.059217877095	0.129608938547	0.121787709497	0.108379888268	0.125139664804	0.111731843575	0.11843575419	0.109497206704	0.0703910614525	0.109497206704	0.122905027933	0.124022346369	0.103910614525	0.0871508379888	0.125139664804	0.0782122905028	0.0748603351955	0.116201117318	0.106145251397	0.122905027933	0.127374301676	0.109497206704	0.116201117318	0.108379888268	0.121787709497	0.112849162011	0.0882681564246	0.103910614525	0.112849162011	0.122905027933	0.0782122905028	0.0815642458101	0.103910614525	0.12625698324	0.108379888268	0.12625698324	0.0826815642458	0.124022346369	0.11061452514	0.0938547486034	0.111731843575	0.119553072626	0.119553072626	0.125139664804	0.11843575419	0.121787709497	0.122905027933	0.125139664804	0.124022346369	0.121787709497	0.109497206704	0.125139664804	0.125139664804	0.144134078212	0.109497206704	0.106145251397	0.111731843575	0.134078212291	0.12625698324	0.119553072626	0.11843575419	0.131843575419	0.138547486034	0.105027932961	0.127374301676	0.0994413407821	0.115083798883	0.072625698324	0.105027932961	0.112849162011	0.117318435754	0.0815642458101	0.11843575419	0.121787709497	0.103910614525
CCMD87156761ST-21-0.snv.bam	0.103910614525	0.103910614525	0.135195530726	0.135195530726	0.103910614525	0.112849162011	0.100558659218	0.101675977654	0.137430167598	0.135195530726	0.108379888268	0.106145251397	0.11061452514	0.125139664804	0.111731843575	0.11061452514	0.128491620112	0.11061452514	0.0	0.113966480447	0.103910614525	0.102793296089	0.0882681564246	0.112849162011	0.103910614525	0.0849162011173	0.116201117318	0.103910614525	0.102793296089	0.107262569832	0.106145251397	0.0804469273743	0.0983240223464	0.101675977654	0.102793296089	0.117318435754	0.106145251397	0.11843575419	0.116201117318	0.115083798883	0.0871508379888	0.107262569832	0.111731843575	0.0893854748603	0.0972067039106	0.0994413407821	0.0972067039106	0.0949720670391	0.116201117318	0.0815642458101	0.108379888268	0.122905027933	0.121787709497	0.125139664804	0.0837988826816	0.108379888268	0.0905027932961	0.105027932961	0.119553072626	0.117318435754	0.120670391061	0.0815642458101	0.103910614525	0.107262569832	0.113966480447	0.124022346369	0.109497206704	0.128491620112	0.107262569832	0.108379888268	0.113966480447	0.0927374301676	0.0938547486034	0.112849162011	0.113966480447	0.12625698324	0.103910614525	0.100558659218	0.102793296089	0.115083798883	0.112849162011	0.103910614525	0.109497206704	0.115083798883	0.122905027933	0.109497206704	0.109497206704	0.102793296089	0.101675977654	0.120670391061	0.11061452514	0.103910614525	0.120670391061	0.119553072626	0.107262569832	0.11061452514	0.102793296089
CCMD88272491ST-21-0.snv.bam	0.135195530726	0.135195530726	0.141899441341	0.141899441341	0.107262569832	0.127374301676	0.116201117318	0.116201117318	0.150837988827	0.139664804469	0.12625698324	0.115083798883	0.130726256983	0.138547486034	0.125139664804	0.127374301676	0.101675977654	0.0826815642458	0.113966480447	0.0	0.0882681564246	0.0882681564246	0.0759776536313	0.135195530726	0.130726256983	0.124022346369	0.140782122905	0.121787709497	0.125139664804	0.131843575419	0.0882681564246	0.106145251397	0.119553072626	0.125139664804	0.121787709497	0.0893854748603	0.131843575419	0.0905027932961	0.0916201117318	0.115083798883	0.116201117318	0.122905027933	0.128491620112	0.107262569832	0.12625698324	0.101675977654	0.121787709497	0.120670391061	0.0871508379888	0.11061452514	0.121787709497	0.14748603352	0.0826815642458	0.0860335195531	0.11061452514	0.121787709497	0.122905027933	0.132960893855	0.0782122905028	0.129608938547	0.115083798883	0.0972067039106	0.125139664804	0.119553072626	0.124022346369	0.128491620112	0.134078212291	0.113966480447	0.137430167598	0.139664804469	0.125139664804	0.122905027933	0.124022346369	0.129608938547	0.137430167598	0.141899441341	0.113966480447	0.115083798883	0.116201117318	0.137430167598	0.135195530726	0.125139664804	0.120670391061	0.127374301676	0.138547486034	0.11843575419	0.127374301676	0.117318435754	0.120670391061	0.0916201117318	0.115083798883	0.119553072626	0.129608938547	0.0837988826816	0.120670391061	0.122905027933	0.11843575419
M1.4-V2.metaG.snv.bam	0.128491620112	0.128491620112	0.144134078212	0.144134078212	0.11061452514	0.124022346369	0.121787709497	0.121787709497	0.141899441341	0.134078212291	0.0960893854749	0.108379888268	0.109497206704	0.134078212291	0.120670391061	0.111731843575	0.0826815642458	0.063687150838	0.103910614525	0.0882681564246	0.0	0.0	0.0	0.129608938547	0.122905027933	0.108379888268	0.120670391061	0.107262569832	0.112849162011	0.107262569832	0.0748603351955	0.0949720670391	0.117318435754	0.128491620112	0.0983240223464	0.0759776536313	0.130726256983	0.0659217877095	0.068156424581	0.125139664804	0.106145251397	0.117318435754	0.122905027933	0.106145251397	0.121787709497	0.107262569832	0.121787709497	0.108379888268	0.0815642458101	0.101675977654	0.117318435754	0.122905027933	0.0860335195531	0.0916201117318	0.0983240223464	0.117318435754	0.106145251397	0.115083798883	0.0983240223464	0.130726256983	0.121787709497	0.0949720670391	0.122905027933	0.117318435754	0.124022346369	0.129608938547	0.128491620112	0.111731843575	0.124022346369	0.12625698324	0.127374301676	0.117318435754	0.11061452514	0.12625698324	0.12625698324	0.136312849162	0.11061452514	0.0994413407821	0.106145251397	0.120670391061	0.125139664804	0.121787709497	0.115083798883	0.127374301676	0.137430167598	0.0960893854749	0.120670391061	0.113966480447	0.124022346369	0.0927374301676	0.109497206704	0.11843575419	0.125139664804	0.077094972067	0.121787709497	0.12625698324	0.101675977654
M1.4-V3.metaG.snv.bam	0.127374301676	0.127374301676	0.143016759777	0.143016759777	0.111731843575	0.124022346369	0.121787709497	0.121787709497	0.141899441341	0.134078212291	0.0960893854749	0.108379888268	0.108379888268	0.134078212291	0.119553072626	0.11061452514	0.0837988826816	0.0659217877095	0.102793296089	0.0882681564246	0.0	0.0	0.0	0.128491620112	0.121787709497	0.107262569832	0.119553072626	0.107262569832	0.112849162011	0.107262569832	0.077094972067	0.0927374301676	0.117318435754	0.127374301676	0.0983240223464	0.0759776536313	0.130726256983	0.0670391061453	0.0692737430168	0.122905027933	0.105027932961	0.117318435754	0.124022346369	0.105027932961	0.121787709497	0.105027932961	0.120670391061	0.108379888268	0.0815642458101	0.100558659218	0.11843575419	0.122905027933	0.0893854748603	0.0916201117318	0.0972067039106	0.116201117318	0.103910614525	0.115083798883	0.0983240223464	0.129608938547	0.119553072626	0.0949720670391	0.121787709497	0.116201117318	0.122905027933	0.128491620112	0.127374301676	0.111731843575	0.122905027933	0.125139664804	0.125139664804	0.117318435754	0.109497206704	0.125139664804	0.12625698324	0.135195530726	0.11061452514	0.0994413407821	0.105027932961	0.119553072626	0.125139664804	0.120670391061	0.115083798883	0.128491620112	0.135195530726	0.0960893854749	0.121787709497	0.112849162011	0.124022346369	0.0927374301676	0.108379888268	0.117318435754	0.125139664804	0.077094972067	0.119553072626	0.124022346369	0.100558659218
M1.4-V3.metaT.snv.bam	0.11061452514	0.11061452514	0.122905027933	0.122905027933	0.0960893854749	0.107262569832	0.106145251397	0.106145251397	0.116201117318	0.120670391061	0.0804469273743	0.0871508379888	0.0893854748603	0.116201117318	0.101675977654	0.0949720670391	0.0782122905028	0.059217877095	0.0882681564246	0.0759776536313	0.0	0.0	0.0	0.105027932961	0.0994413407821	0.0871508379888	0.106145251397	0.0938547486034	0.0994413407821	0.0960893854749	0.0670391061453	0.0815642458101	0.0994413407821	0.113966480447	0.0804469273743	0.0670391061453	0.112849162011	0.0581005586592	0.063687150838	0.109497206704	0.0927374301676	0.103910614525	0.109497206704	0.0871508379888	0.101675977654	0.0860335195531	0.108379888268	0.0893854748603	0.072625698324	0.0815642458101	0.102793296089	0.108379888268	0.0815642458101	0.0804469273743	0.0860335195531	0.107262569832	0.0882681564246	0.101675977654	0.0916201117318	0.111731843575	0.101675977654	0.0860335195531	0.11061452514	0.101675977654	0.107262569832	0.111731843575	0.107262569832	0.0927374301676	0.108379888268	0.109497206704	0.103910614525	0.103910614525	0.0871508379888	0.105027932961	0.106145251397	0.113966480447	0.0916201117318	0.0871508379888	0.0905027932961	0.0972067039106	0.108379888268	0.107262569832	0.0983240223464	0.113966480447	0.113966480447	0.0815642458101	0.105027932961	0.100558659218	0.111731843575	0.0893854748603	0.0994413407821	0.105027932961	0.102793296089	0.0614525139665	0.0994413407821	0.103910614525	0.0871508379888
M4.2-V2.metaG.snv.bam	0.120670391061	0.120670391061	0.127374301676	0.127374301676	0.102793296089	0.103910614525	0.100558659218	0.100558659218	0.131843575419	0.125139664804	0.113966480447	0.0927374301676	0.115083798883	0.124022346369	0.11061452514	0.113966480447	0.138547486034	0.129608938547	0.112849162011	0.135195530726	0.129608938547	0.128491620112	0.105027932961	0.0	0.0	0.0927374301676	0.11061452514	0.102793296089	0.102793296089	0.113966480447	0.130726256983	0.0938547486034	0.120670391061	0.111731843575	0.11843575419	0.132960893855	0.101675977654	0.124022346369	0.127374301676	0.11843575419	0.0927374301676	0.101675977654	0.100558659218	0.109497206704	0.109497206704	0.105027932961	0.109497206704	0.100558659218	0.138547486034	0.101675977654	0.116201117318	0.129608938547	0.138547486034	0.129608938547	0.0826815642458	0.0960893854749	0.100558659218	0.113966480447	0.124022346369	0.12625698324	0.109497206704	0.0871508379888	0.102793296089	0.113966480447	0.113966480447	0.120670391061	0.106145251397	0.130726256983	0.117318435754	0.11843575419	0.119553072626	0.106145251397	0.106145251397	0.117318435754	0.112849162011	0.136312849162	0.107262569832	0.105027932961	0.105027932961	0.121787709497	0.111731843575	0.113966480447	0.115083798883	0.11061452514	0.122905027933	0.103910614525	0.124022346369	0.106145251397	0.0882681564246	0.129608938547	0.105027932961	0.113966480447	0.125139664804	0.127374301676	0.115083798883	0.119553072626	0.0994413407821
M4.2-V2.metaT.snv.bam	0.117318435754	0.117318435754	0.119553072626	0.119553072626	0.0972067039106	0.0960893854749	0.0927374301676	0.0927374301676	0.125139664804	0.116201117318	0.109497206704	0.0871508379888	0.109497206704	0.116201117318	0.102793296089	0.109497206704	0.131843575419	0.121787709497	0.103910614525	0.130726256983	0.122905027933	0.121787709497	0.0994413407821	0.0	0.0	0.0893854748603	0.107262569832	0.0949720670391	0.0983240223464	0.108379888268	0.125139664804	0.0916201117318	0.111731843575	0.106145251397	0.11061452514	0.127374301676	0.0960893854749	0.11843575419	0.122905027933	0.108379888268	0.0893854748603	0.0949720670391	0.0960893854749	0.103910614525	0.106145251397	0.100558659218	0.100558659218	0.0949720670391	0.131843575419	0.0949720670391	0.112849162011	0.124022346369	0.130726256983	0.124022346369	0.0748603351955	0.0905027932961	0.0949720670391	0.109497206704	0.119553072626	0.121787709497	0.102793296089	0.0849162011173	0.0960893854749	0.109497206704	0.108379888268	0.113966480447	0.100558659218	0.125139664804	0.11061452514	0.111731843575	0.116201117318	0.102793296089	0.100558659218	0.112849162011	0.109497206704	0.130726256983	0.102793296089	0.0994413407821	0.101675977654	0.117318435754	0.108379888268	0.11061452514	0.109497206704	0.105027932961	0.11843575419	0.0983240223464	0.11843575419	0.0994413407821	0.0849162011173	0.124022346369	0.0994413407821	0.11061452514	0.121787709497	0.122905027933	0.111731843575	0.116201117318	0.0949720670391
