	158479027-stool1.snv.bam	158479027-stool2.snv.bam	160178356-stool1.snv.bam	765216093-stool3.snv.bam	BYQ_AAAB.snv.bam	BYQ_AAAM.snv.bam	CCIS47745468ST-4-0.snv.bam	CCMD63399960ST-21-0.snv.bam	CCMD79987997ST-21-0.snv.bam	M2.3-V1.metaG.snv.bam	MH0176.snv.bam	MH0381.snv.bam	MH0424.snv.bam	MH0445.snv.bam	MMRS43563715ST-27-0-0.snv.bam	MMRS54316675ST-27-0-0.snv.bam	N022A.snv.bam	NG-5636_456.snv.bam	NG-5636_529.snv.bam	SAMEA3136654.snv.bam	T2D-59A.snv.bam	V1.FI11.snv.bam	V1.FI12.snv.bam	V1.FI19.snv.bam
158479027-stool1.snv.bam	0.0	0.0	0.162748643761	0.168173598553	0.179023508137	0.179023508137	0.186256781193	0.164556962025	0.164556962025	0.171790235081	0.155515370705	0.155515370705	0.0361663652803	0.137432188065	0.157323688969	0.139240506329	0.160940325497	0.148282097649	0.144665461121	0.164556962025	0.168173598553	0.157323688969	0.159132007233	0.175406871609
158479027-stool2.snv.bam	0.0	0.0	0.162748643761	0.168173598553	0.179023508137	0.179023508137	0.184448462929	0.164556962025	0.164556962025	0.171790235081	0.155515370705	0.155515370705	0.0343580470163	0.135623869801	0.155515370705	0.139240506329	0.157323688969	0.148282097649	0.141048824593	0.164556962025	0.168173598553	0.157323688969	0.159132007233	0.175406871609
160178356-stool1.snv.bam	0.162748643761	0.162748643761	0.0	0.130198915009	0.122965641953	0.122965641953	0.141048824593	0.112115732369	0.126582278481	0.126582278481	0.124773960217	0.00904159132007	0.160940325497	0.106690777577	0.141048824593	0.103074141049	0.191681735986	0.117540687161	0.168173598553	0.144665461121	0.159132007233	0.122965641953	0.128390596745	0.121157323689
765216093-stool3.snv.bam	0.168173598553	0.168173598553	0.130198915009	0.0	0.146473779385	0.146473779385	0.153707052441	0.122965641953	0.142857142857	0.133815551537	0.110307414105	0.122965641953	0.171790235081	0.119349005425	0.0253164556962	0.132007233273	0.188065099458	0.128390596745	0.188065099458	0.150090415913	0.168173598553	0.132007233273	0.133815551537	0.126582278481
BYQ_AAAB.snv.bam	0.179023508137	0.179023508137	0.122965641953	0.146473779385	0.0	0.0	0.142857142857	0.128390596745	0.0705244122966	0.110307414105	0.112115732369	0.119349005425	0.160940325497	0.112115732369	0.157323688969	0.121157323689	0.188065099458	0.0759493670886	0.173598553345	0.128390596745	0.160940325497	0.122965641953	0.124773960217	0.139240506329
BYQ_AAAM.snv.bam	0.179023508137	0.179023508137	0.122965641953	0.146473779385	0.0	0.0	0.142857142857	0.128390596745	0.0705244122966	0.110307414105	0.112115732369	0.119349005425	0.160940325497	0.112115732369	0.157323688969	0.121157323689	0.188065099458	0.0759493670886	0.173598553345	0.128390596745	0.160940325497	0.122965641953	0.124773960217	0.139240506329
CCIS47745468ST-4-0.snv.bam	0.186256781193	0.184448462929	0.141048824593	0.153707052441	0.142857142857	0.142857142857	0.0	0.104882459313	0.153707052441	0.142857142857	0.139240506329	0.133815551537	0.177215189873	0.0886075949367	0.175406871609	0.135623869801	0.173598553345	0.139240506329	0.173598553345	0.150090415913	0.169981916817	0.132007233273	0.141048824593	0.133815551537
CCMD63399960ST-21-0.snv.bam	0.164556962025	0.164556962025	0.112115732369	0.122965641953	0.128390596745	0.128390596745	0.104882459313	0.0	0.133815551537	0.121157323689	0.122965641953	0.110307414105	0.157323688969	0.0831826401447	0.137432188065	0.106690777577	0.177215189873	0.122965641953	0.160940325497	0.128390596745	0.146473779385	0.122965641953	0.133815551537	0.124773960217
CCMD79987997ST-21-0.snv.bam	0.164556962025	0.164556962025	0.126582278481	0.142857142857	0.0705244122966	0.0705244122966	0.153707052441	0.133815551537	0.0	0.117540687161	0.121157323689	0.119349005425	0.160940325497	0.122965641953	0.157323688969	0.106690777577	0.179023508137	0.0126582278481	0.169981916817	0.135623869801	0.168173598553	0.133815551537	0.135623869801	0.139240506329
M2.3-V1.metaG.snv.bam	0.171790235081	0.171790235081	0.126582278481	0.133815551537	0.110307414105	0.110307414105	0.142857142857	0.121157323689	0.117540687161	0.0	0.0813743218807	0.119349005425	0.146473779385	0.108499095841	0.155515370705	0.115732368897	0.169981916817	0.110307414105	0.144665461121	0.0470162748644	0.146473779385	0.0976491862568	0.104882459313	0.130198915009
MH0176.snv.bam	0.155515370705	0.155515370705	0.124773960217	0.110307414105	0.112115732369	0.112115732369	0.139240506329	0.122965641953	0.121157323689	0.0813743218807	0.0	0.117540687161	0.142857142857	0.106690777577	0.128390596745	0.113924050633	0.168173598553	0.112115732369	0.160940325497	0.0994575045208	0.150090415913	0.0379746835443	0.0397830018083	0.132007233273
MH0381.snv.bam	0.155515370705	0.155515370705	0.00904159132007	0.122965641953	0.119349005425	0.119349005425	0.133815551537	0.110307414105	0.119349005425	0.119349005425	0.117540687161	0.0	0.151898734177	0.0976491862568	0.133815551537	0.0976491862568	0.184448462929	0.110307414105	0.160940325497	0.139240506329	0.155515370705	0.113924050633	0.119349005425	0.112115732369
MH0424.snv.bam	0.0361663652803	0.0343580470163	0.160940325497	0.171790235081	0.160940325497	0.160940325497	0.177215189873	0.157323688969	0.160940325497	0.146473779385	0.142857142857	0.151898734177	0.0	0.124773960217	0.159132007233	0.132007233273	0.160940325497	0.144665461121	0.155515370705	0.151898734177	0.164556962025	0.142857142857	0.144665461121	0.171790235081
MH0445.snv.bam	0.137432188065	0.135623869801	0.106690777577	0.119349005425	0.112115732369	0.112115732369	0.0886075949367	0.0831826401447	0.122965641953	0.108499095841	0.106690777577	0.0976491862568	0.124773960217	0.0	0.128390596745	0.0958408679928	0.126582278481	0.112115732369	0.128390596745	0.115732368897	0.110307414105	0.108499095841	0.113924050633	0.110307414105
MMRS43563715ST-27-0-0.snv.bam	0.157323688969	0.155515370705	0.141048824593	0.0253164556962	0.157323688969	0.157323688969	0.175406871609	0.137432188065	0.157323688969	0.155515370705	0.128390596745	0.133815551537	0.159132007233	0.128390596745	0.0	0.148282097649	0.180831826401	0.144665461121	0.186256781193	0.169981916817	0.169981916817	0.146473779385	0.148282097649	0.144665461121
MMRS54316675ST-27-0-0.snv.bam	0.139240506329	0.139240506329	0.103074141049	0.132007233273	0.121157323689	0.121157323689	0.135623869801	0.106690777577	0.106690777577	0.115732368897	0.113924050633	0.0976491862568	0.132007233273	0.0958408679928	0.148282097649	0.0	0.180831826401	0.0958408679928	0.166365280289	0.135623869801	0.159132007233	0.117540687161	0.122965641953	0.132007233273
N022A.snv.bam	0.160940325497	0.157323688969	0.191681735986	0.188065099458	0.188065099458	0.188065099458	0.173598553345	0.177215189873	0.179023508137	0.169981916817	0.168173598553	0.184448462929	0.160940325497	0.126582278481	0.180831826401	0.180831826401	0.0	0.171790235081	0.132007233273	0.168173598553	0.155515370705	0.177215189873	0.179023508137	0.186256781193
NG-5636_456.snv.bam	0.148282097649	0.148282097649	0.117540687161	0.128390596745	0.0759493670886	0.0759493670886	0.139240506329	0.122965641953	0.0126582278481	0.110307414105	0.112115732369	0.110307414105	0.144665461121	0.112115732369	0.144665461121	0.0958408679928	0.171790235081	0.0	0.160940325497	0.126582278481	0.157323688969	0.122965641953	0.124773960217	0.130198915009
NG-5636_529.snv.bam	0.144665461121	0.141048824593	0.168173598553	0.188065099458	0.173598553345	0.173598553345	0.173598553345	0.160940325497	0.169981916817	0.144665461121	0.160940325497	0.160940325497	0.155515370705	0.128390596745	0.186256781193	0.166365280289	0.132007233273	0.160940325497	0.0	0.137432188065	0.141048824593	0.169981916817	0.175406871609	0.173598553345
SAMEA3136654.snv.bam	0.164556962025	0.164556962025	0.144665461121	0.150090415913	0.128390596745	0.128390596745	0.150090415913	0.128390596745	0.135623869801	0.0470162748644	0.0994575045208	0.139240506329	0.151898734177	0.115732368897	0.169981916817	0.135623869801	0.168173598553	0.126582278481	0.137432188065	0.0	0.146473779385	0.110307414105	0.115732368897	0.144665461121
T2D-59A.snv.bam	0.168173598553	0.168173598553	0.159132007233	0.168173598553	0.160940325497	0.160940325497	0.169981916817	0.146473779385	0.168173598553	0.146473779385	0.150090415913	0.155515370705	0.164556962025	0.110307414105	0.169981916817	0.159132007233	0.155515370705	0.157323688969	0.141048824593	0.146473779385	0.0	0.168173598553	0.169981916817	0.166365280289
V1.FI11.snv.bam	0.157323688969	0.157323688969	0.122965641953	0.132007233273	0.122965641953	0.122965641953	0.132007233273	0.122965641953	0.133815551537	0.0976491862568	0.0379746835443	0.113924050633	0.142857142857	0.108499095841	0.146473779385	0.117540687161	0.177215189873	0.122965641953	0.169981916817	0.110307414105	0.168173598553	0.0	0.0	0.124773960217
V1.FI12.snv.bam	0.159132007233	0.159132007233	0.128390596745	0.133815551537	0.124773960217	0.124773960217	0.141048824593	0.133815551537	0.135623869801	0.104882459313	0.0397830018083	0.119349005425	0.144665461121	0.113924050633	0.148282097649	0.122965641953	0.179023508137	0.124773960217	0.175406871609	0.115732368897	0.169981916817	0.0	0.0	0.132007233273
V1.FI19.snv.bam	0.175406871609	0.175406871609	0.121157323689	0.126582278481	0.139240506329	0.139240506329	0.133815551537	0.124773960217	0.139240506329	0.130198915009	0.132007233273	0.112115732369	0.171790235081	0.110307414105	0.144665461121	0.132007233273	0.186256781193	0.130198915009	0.173598553345	0.144665461121	0.166365280289	0.124773960217	0.132007233273	0.0
