	375450439-stool3.snv.bam	CCIS10706551ST-3-0.snv.bam	CCMD46222674ST-21-0.snv.bam	CCMD82866709ST-21-0.snv.bam	CCMD86114146ST-21-0.snv.bam	CCMD87156761ST-21-0.snv.bam	MH0155.snv.bam	MH0189.snv.bam	MH0276.snv.bam	MH0340.snv.bam	MH0346.snv.bam	MH0369.snv.bam	MH0374.snv.bam	MH0385.snv.bam	MH0409.snv.bam	MH0422.snv.bam	MH0436.snv.bam	MH0439.snv.bam	MH0440.snv.bam	MMRS39582183ST-27-0-0.snv.bam	O2.UC29-1.snv.bam	O2.UC30-1.snv.bam	SAMEA3136645.snv.bam	SAMEA3136721.snv.bam	SAMEA3136732.snv.bam	SAMEA3136754.snv.bam	SAMEA3136760.snv.bam	V1.FI11.snv.bam	V1.FI12.snv.bam	V1.FI29.snv.bam
375450439-stool3.snv.bam	0.0	0.180932889658	0.173003774241	0.166893919722	0.193500076002	0.203943144005	0.191638505047	0.193722426067	0.194182029905	0.170983598034	0.188035582254	0.146166644057	0.184519115162	0.176670010161	0.181256509068	0.167543903528	0.177130304849	0.214090607359	0.176526214871	0.178198044729	0.160475369288	0.172604181647	0.141079786757	0.143452059895	0.16514054518	0.161250420393	0.182377104754	0.189322238365	0.189122377512	0.142079543505
CCIS10706551ST-3-0.snv.bam	0.180932889658	0.0	0.150689849847	0.159894013486	0.182667146125	0.169755553356	0.145868474997	0.157266168851	0.147227077214	0.139435053096	0.138998936718	0.128867845784	0.145917719027	0.136684205709	0.146435908828	0.125921632451	0.133090441314	0.160048230982	0.144819133067	0.168583784121	0.174320298001	0.182864343522	0.105841533036	0.124643062712	0.156809354223	0.140622914872	0.158554300412	0.136667084473	0.136567388493	0.131687703537
CCMD46222674ST-21-0.snv.bam	0.173003774241	0.150689849847	0.0	0.154058830203	0.175966158464	0.164253858997	0.155605377241	0.161149212385	0.150003444645	0.142010720776	0.165939178056	0.125326962968	0.165813433311	0.156944628652	0.154488442083	0.12884942055	0.13678160251	0.182514331476	0.156821216592	0.147707147926	0.161923769295	0.16343421122	0.112861956051	0.125004387886	0.14287509046	0.134685138627	0.157517560312	0.172039333828	0.171784197808	0.129437385733
CCMD82866709ST-21-0.snv.bam	0.166893919722	0.159894013486	0.154058830203	0.0	0.161454472962	0.166199217812	0.183423743441	0.186412646299	0.173216458466	0.159526775835	0.174955888359	0.11502331319	0.165544151637	0.170560358489	0.156617523559	0.156721295493	0.163837762677	0.188008357711	0.163452713123	0.167339209227	0.165941429106	0.164360739111	0.124612262715	0.114121152617	0.147331779332	0.126594980194	0.0969311280173	0.158802248871	0.158588284088	0.123376911162
CCMD86114146ST-21-0.snv.bam	0.193500076002	0.182667146125	0.175966158464	0.161454472962	0.0	0.191297647953	0.182870691247	0.195367082757	0.192477473239	0.169323464482	0.187360950953	0.122984426073	0.18037630842	0.176040031216	0.173979207823	0.163441594006	0.178634100312	0.199143082465	0.181743720966	0.179893699134	0.184572464192	0.186090148341	0.149011768347	0.12646266093	0.138366459141	0.140103937078	0.148374807728	0.199312854046	0.199079745777	0.153393793058
CCMD87156761ST-21-0.snv.bam	0.203943144005	0.169755553356	0.164253858997	0.166199217812	0.191297647953	0.0	0.180461770156	0.187104496701	0.177251026219	0.164590935649	0.187284660098	0.149198950667	0.178021272004	0.166740427986	0.170077963412	0.15027698887	0.16459104215	0.195816392088	0.170053725269	0.188059990552	0.19381527134	0.196546518457	0.132324492442	0.143969278671	0.161021442011	0.149389585401	0.162786004259	0.187590525746	0.18847143433	0.154543190185
MH0155.snv.bam	0.191638505047	0.145868474997	0.155605377241	0.183423743441	0.182870691247	0.180461770156	0.0	0.168108407972	0.167121535272	0.1616987521	0.170223062314	0.14121822949	0.170383511139	0.156581887764	0.154480829361	0.135714675906	0.153248785316	0.185660690621	0.162237501963	0.182783155447	0.182686835013	0.193537982773	0.127307190631	0.1344072545	0.166501016949	0.156245096381	0.181505190315	0.165980675516	0.165739480248	0.14461966096
MH0189.snv.bam	0.193722426067	0.157266168851	0.161149212385	0.186412646299	0.195367082757	0.187104496701	0.168108407972	0.0	0.150798724808	0.170812429716	0.142212368211	0.141354083068	0.100387961321	0.116987189917	0.177711840812	0.110881813579	0.130651678829	0.139910128403	0.113348942242	0.191914758993	0.191699950058	0.194394898092	0.138901154563	0.147009861791	0.165008977292	0.156143139375	0.177451803714	0.169217263213	0.17013430291	0.145563552392
MH0276.snv.bam	0.194182029905	0.147227077214	0.150003444645	0.173216458466	0.192477473239	0.177251026219	0.167121535272	0.150798724808	0.0	0.145654516129	0.13682183797	0.142888390443	0.144886296461	0.133518983625	0.149705609507	0.120526257411	0.102814192312	0.147488637735	0.126523827896	0.185290687982	0.184097473028	0.196087348111	0.130740155969	0.134492996359	0.16555486616	0.164968403377	0.172218059424	0.16371625435	0.1646793768	0.14475470788
MH0340.snv.bam	0.170983598034	0.139435053096	0.142010720776	0.159526775835	0.169323464482	0.164590935649	0.1616987521	0.170812429716	0.145654516129	0.0	0.149865590009	0.128123574878	0.152357882731	0.1310024118	0.12676469162	0.12772968143	0.138219473354	0.16847849477	0.148761041543	0.166983998105	0.165588727587	0.175378413022	0.118419691628	0.117250334732	0.141992828093	0.13232615124	0.154514827058	0.151367489766	0.151200714676	0.132101090577
MH0346.snv.bam	0.188035582254	0.138998936718	0.165939178056	0.174955888359	0.187360950953	0.187284660098	0.170223062314	0.142212368211	0.13682183797	0.149865590009	0.0	0.137254625681	0.130672871906	0.121503021572	0.146939862742	0.109541822093	0.13189238757	0.14384655023	0.134064623047	0.178016723195	0.194056333589	0.198071774847	0.122487339912	0.131893004632	0.169884533199	0.144639899838	0.164374326337	0.163336793715	0.163160557039	0.137536415887
MH0369.snv.bam	0.146166644057	0.128867845784	0.125326962968	0.11502331319	0.122984426073	0.149198950667	0.14121822949	0.141354083068	0.142888390443	0.128123574878	0.137254625681	0.0	0.128916566663	0.12898495882	0.135209662054	0.11612986628	0.135275731421	0.163546941246	0.133781141666	0.136900075075	0.144000137096	0.140943360405	0.106629104036	0.0884720023254	0.11931331196	0.113738190152	0.101910226584	0.140120151531	0.140017279943	0.0946799596161
MH0374.snv.bam	0.184519115162	0.145917719027	0.165813433311	0.165544151637	0.18037630842	0.178021272004	0.170383511139	0.100387961321	0.144886296461	0.152357882731	0.130672871906	0.128916566663	0.0	0.117039524776	0.159179653019	0.113185449756	0.126169686998	0.14261798144	0.111165445475	0.182724284279	0.189389928426	0.193342957268	0.124822380982	0.135364124292	0.156871154339	0.144541882378	0.1704953598	0.156412979545	0.156249087621	0.145605674236
MH0385.snv.bam	0.176670010161	0.136684205709	0.156944628652	0.170560358489	0.176040031216	0.166740427986	0.156581887764	0.116987189917	0.133518983625	0.1310024118	0.121503021572	0.12898495882	0.117039524776	0.0	0.14964060383	0.0897082841039	0.117398930092	0.143410397068	0.111220710026	0.171302075282	0.173588005144	0.178572467885	0.113261902988	0.125133587279	0.151125277461	0.13983909244	0.159987613377	0.153259930799	0.154274946653	0.130724161502
MH0409.snv.bam	0.181256509068	0.146435908828	0.154488442083	0.156617523559	0.173979207823	0.170077963412	0.154480829361	0.177711840812	0.149705609507	0.12676469162	0.146939862742	0.135209662054	0.159179653019	0.14964060383	0.0	0.12429144916	0.138286283314	0.176428759404	0.153375249983	0.159994185732	0.175014359957	0.174837159139	0.110604027144	0.12639006358	0.141944927577	0.129771888727	0.156400474088	0.15423311971	0.154120580367	0.132960838386
MH0422.snv.bam	0.167543903528	0.125921632451	0.12884942055	0.156721295493	0.163441594006	0.15027698887	0.135714675906	0.110881813579	0.120526257411	0.12772968143	0.109541822093	0.11612986628	0.113185449756	0.0897082841039	0.12429144916	0.0	0.0924764634516	0.143252412735	0.103967949428	0.153692072771	0.159731201696	0.161317374483	0.103516477624	0.115184239849	0.127178909594	0.133533722505	0.146841335328	0.151043433984	0.152097059009	0.113057087119
MH0436.snv.bam	0.177130304849	0.133090441314	0.13678160251	0.163837762677	0.178634100312	0.16459104215	0.153248785316	0.130651678829	0.102814192312	0.138219473354	0.13189238757	0.135275731421	0.126169686998	0.117398930092	0.138286283314	0.0924764634516	0.0	0.132918514076	0.104773185045	0.170556514261	0.166802079964	0.171941252414	0.113777740982	0.123667027286	0.136606881876	0.135551787876	0.157917764352	0.148572097625	0.149678253537	0.120991473327
MH0439.snv.bam	0.214090607359	0.160048230982	0.182514331476	0.188008357711	0.199143082465	0.195816392088	0.185660690621	0.139910128403	0.147488637735	0.16847849477	0.14384655023	0.163546941246	0.14261798144	0.143410397068	0.176428759404	0.143252412735	0.132918514076	0.0	0.14729592485	0.19367448976	0.208752161663	0.212419451498	0.146174872666	0.148198487186	0.177016440424	0.157460457237	0.189622899765	0.176541082958	0.1775720112	0.164667744111
MH0440.snv.bam	0.176526214871	0.144819133067	0.156821216592	0.163452713123	0.181743720966	0.170053725269	0.162237501963	0.113348942242	0.126523827896	0.148761041543	0.134064623047	0.133781141666	0.111165445475	0.111220710026	0.153375249983	0.103967949428	0.104773185045	0.14729592485	0.0	0.177079919958	0.17448552416	0.177313871688	0.127417357409	0.128575600099	0.145190401209	0.137161618885	0.167075749876	0.156477717297	0.157541206741	0.130677635529
MMRS39582183ST-27-0-0.snv.bam	0.178198044729	0.168583784121	0.147707147926	0.167339209227	0.179893699134	0.188059990552	0.182783155447	0.191914758993	0.185290687982	0.166983998105	0.178016723195	0.136900075075	0.182724284279	0.171302075282	0.159994185732	0.153692072771	0.170556514261	0.19367448976	0.177079919958	0.0	0.17050497509	0.163774608752	0.13711432378	0.146342904832	0.169146119663	0.153838872502	0.167442356912	0.17937856749	0.179191178571	0.14042937403
O2.UC29-1.snv.bam	0.160475369288	0.174320298001	0.161923769295	0.165941429106	0.184572464192	0.19381527134	0.182686835013	0.191699950058	0.184097473028	0.165588727587	0.194056333589	0.144000137096	0.189389928426	0.173588005144	0.175014359957	0.159731201696	0.166802079964	0.208752161663	0.17448552416	0.17050497509	0.0	0.104170213906	0.137237487944	0.140655085179	0.15986145161	0.150569167384	0.180198185248	0.189652255301	0.189476531573	0.101698420083
O2.UC30-1.snv.bam	0.172604181647	0.182864343522	0.16343421122	0.164360739111	0.186090148341	0.196546518457	0.193537982773	0.194394898092	0.196087348111	0.175378413022	0.198071774847	0.140943360405	0.193342957268	0.178572467885	0.174837159139	0.161317374483	0.171941252414	0.212419451498	0.177313871688	0.163774608752	0.104170213906	0.0	0.135213656732	0.146944926046	0.161487742087	0.155947198712	0.175223037791	0.197962572475	0.197979851484	0.100942653155
SAMEA3136645.snv.bam	0.141079786757	0.105841533036	0.112861956051	0.124612262715	0.149011768347	0.132324492442	0.127307190631	0.138901154563	0.130740155969	0.118419691628	0.122487339912	0.106629104036	0.124822380982	0.113261902988	0.110604027144	0.103516477624	0.113777740982	0.146174872666	0.127417357409	0.13711432378	0.137237487944	0.135213656732	0.0	0.0971797031606	0.116054173585	0.11073246224	0.123522008705	0.134291929125	0.134192921125	0.10295594034
SAMEA3136721.snv.bam	0.143452059895	0.124643062712	0.125004387886	0.114121152617	0.12646266093	0.143969278671	0.1344072545	0.147009861791	0.134492996359	0.117250334732	0.131893004632	0.0884720023254	0.135364124292	0.125133587279	0.12639006358	0.115184239849	0.123667027286	0.148198487186	0.128575600099	0.146342904832	0.140655085179	0.146944926046	0.0971797031606	0.0	0.119706777883	0.105886938823	0.117173370792	0.136657742581	0.13652513908	0.10321498739
SAMEA3136732.snv.bam	0.16514054518	0.156809354223	0.14287509046	0.147331779332	0.138366459141	0.161021442011	0.166501016949	0.165008977292	0.16555486616	0.141992828093	0.169884533199	0.11931331196	0.156871154339	0.151125277461	0.141944927577	0.127178909594	0.136606881876	0.177016440424	0.145190401209	0.169146119663	0.15986145161	0.161487742087	0.116054173585	0.119706777883	0.0	0.123748033135	0.129731884604	0.159332905556	0.160416636755	0.124492976779
SAMEA3136754.snv.bam	0.161250420393	0.140622914872	0.134685138627	0.126594980194	0.140103937078	0.149389585401	0.156245096381	0.156143139375	0.164968403377	0.13232615124	0.144639899838	0.113738190152	0.144541882378	0.13983909244	0.129771888727	0.133533722505	0.135551787876	0.157460457237	0.137161618885	0.153838872502	0.150569167384	0.155947198712	0.11073246224	0.105886938823	0.123748033135	0.0	0.121465556247	0.149902189394	0.149754377074	0.119730929481
SAMEA3136760.snv.bam	0.182377104754	0.158554300412	0.157517560312	0.0969311280173	0.148374807728	0.162786004259	0.181505190315	0.177451803714	0.172218059424	0.154514827058	0.164374326337	0.101910226584	0.1704953598	0.159987613377	0.156400474088	0.146841335328	0.157917764352	0.189622899765	0.167075749876	0.167442356912	0.180198185248	0.175223037791	0.123522008705	0.117173370792	0.129731884604	0.121465556247	0.0	0.15390817632	0.153822985859	0.139138797204
V1.FI11.snv.bam	0.189322238365	0.136667084473	0.172039333828	0.158802248871	0.199312854046	0.187590525746	0.165980675516	0.169217263213	0.16371625435	0.151367489766	0.163336793715	0.140120151531	0.156412979545	0.153259930799	0.15423311971	0.151043433984	0.148572097625	0.176541082958	0.156477717297	0.17937856749	0.189652255301	0.197962572475	0.134291929125	0.136657742581	0.159332905556	0.149902189394	0.15390817632	0.0	0.000437598323444	0.142210755946
V1.FI12.snv.bam	0.189122377512	0.136567388493	0.171784197808	0.158588284088	0.199079745777	0.18847143433	0.165739480248	0.17013430291	0.1646793768	0.151200714676	0.163160557039	0.140017279943	0.156249087621	0.154274946653	0.154120580367	0.152097059009	0.149678253537	0.1775720112	0.157541206741	0.179191178571	0.189476531573	0.197979851484	0.134192921125	0.13652513908	0.160416636755	0.149754377074	0.153822985859	0.000437598323444	0.0	0.142084637713
V1.FI29.snv.bam	0.142079543505	0.131687703537	0.129437385733	0.123376911162	0.153393793058	0.154543190185	0.14461966096	0.145563552392	0.14475470788	0.132101090577	0.137536415887	0.0946799596161	0.145605674236	0.130724161502	0.132960838386	0.113057087119	0.120991473327	0.164667744111	0.130677635529	0.14042937403	0.101698420083	0.100942653155	0.10295594034	0.10321498739	0.124492976779	0.119730929481	0.139138797204	0.142210755946	0.142084637713	0.0
