	764285508-stool1.snv.bam	CCIS29688262ST-20-0.snv.bam	CCIS63448910ST-4-0.snv.bam	DOF008.snv.bam	MH0277.snv.bam	MH0345.snv.bam	O2.UC50-2.snv.bam	SAMEA3136637.snv.bam	SAMEA3136691.snv.bam	SAMEA3136714.snv.bam	SAMEA3136728.snv.bam	SAMEA3136730.snv.bam	SZEY-104A.snv.bam	SZEY-22A.snv.bam	SZEY-30A.snv.bam	SZEY-68A.snv.bam	SZEY-69A.snv.bam	SZEY-81A.snv.bam	T2D-83A.snv.bam	V1.CD19-0.snv.bam	V1.CD8-0-PN.snv.bam
764285508-stool1.snv.bam	0.0	0.0935251798561	0.147482014388	0.104316546763	0.0863309352518	0.0143884892086	0.287769784173	0.115107913669	0.0935251798561	0.0791366906475	0.118705035971	0.0539568345324	0.237410071942	0.248201438849	0.107913669065	0.129496402878	0.176258992806	0.122302158273	0.104316546763	0.0215827338129	0.122302158273
CCIS29688262ST-20-0.snv.bam	0.0935251798561	0.0	0.0935251798561	0.0287769784173	0.00359712230216	0.0791366906475	0.363309352518	0.0755395683453	0.0575539568345	0.125899280576	0.13309352518	0.0	0.287769784173	0.251798561151	0.0215827338129	0.0611510791367	0.115107913669	0.0827338129496	0.0719424460432	0.10071942446	0.068345323741
CCIS63448910ST-4-0.snv.bam	0.147482014388	0.0935251798561	0.0	0.0971223021583	0.0971223021583	0.125899280576	0.377697841727	0.136690647482	0.104316546763	0.158273381295	0.179856115108	0.089928057554	0.280575539568	0.255395683453	0.115107913669	0.115107913669	0.161870503597	0.13309352518	0.122302158273	0.147482014388	0.0323741007194
DOF008.snv.bam	0.104316546763	0.0287769784173	0.0971223021583	0.0	0.0287769784173	0.0539568345324	0.294964028777	0.0179856115108	0.0107913669065	0.0575539568345	0.0539568345324	0.0179856115108	0.179856115108	0.172661870504	0.0323741007194	0.0107913669065	0.0215827338129	0.00359712230216	0.0	0.0791366906475	0.0647482014388
MH0277.snv.bam	0.0863309352518	0.00359712230216	0.0971223021583	0.0287769784173	0.0	0.0719424460432	0.356115107914	0.0755395683453	0.0575539568345	0.115107913669	0.129496402878	0.00359712230216	0.287769784173	0.251798561151	0.0215827338129	0.0647482014388	0.118705035971	0.0647482014388	0.0719424460432	0.0971223021583	0.0719424460432
MH0345.snv.bam	0.0143884892086	0.0791366906475	0.125899280576	0.0539568345324	0.0719424460432	0.0	0.273381294964	0.0935251798561	0.0575539568345	0.0323741007194	0.089928057554	0.0503597122302	0.197841726619	0.190647482014	0.0791366906475	0.0863309352518	0.125899280576	0.0719424460432	0.0575539568345	0.0179856115108	0.0971223021583
O2.UC50-2.snv.bam	0.287769784173	0.363309352518	0.377697841727	0.294964028777	0.356115107914	0.273381294964	0.0	0.338129496403	0.309352517986	0.230215827338	0.294964028777	0.345323741007	0.18345323741	0.212230215827	0.370503597122	0.323741007194	0.330935251799	0.237410071942	0.262589928058	0.320143884892	0.348920863309
SAMEA3136637.snv.bam	0.115107913669	0.0755395683453	0.136690647482	0.0179856115108	0.0755395683453	0.0935251798561	0.338129496403	0.0	0.0575539568345	0.0791366906475	0.0719424460432	0.0539568345324	0.244604316547	0.219424460432	0.0827338129496	0.0	0.0935251798561	0.0395683453237	0.0503597122302	0.136690647482	0.104316546763
SAMEA3136691.snv.bam	0.0935251798561	0.0575539568345	0.104316546763	0.0107913669065	0.0575539568345	0.0575539568345	0.309352517986	0.0575539568345	0.0	0.0647482014388	0.10071942446	0.0359712230216	0.230215827338	0.212230215827	0.0755395683453	0.0359712230216	0.0971223021583	0.0395683453237	0.0359712230216	0.107913669065	0.0755395683453
SAMEA3136714.snv.bam	0.0791366906475	0.125899280576	0.158273381295	0.0575539568345	0.115107913669	0.0323741007194	0.230215827338	0.0791366906475	0.0647482014388	0.0	0.0503597122302	0.089928057554	0.18345323741	0.154676258993	0.118705035971	0.0791366906475	0.111510791367	0.0539568345324	0.0611510791367	0.115107913669	0.122302158273
SAMEA3136728.snv.bam	0.118705035971	0.13309352518	0.179856115108	0.0539568345324	0.129496402878	0.089928057554	0.294964028777	0.0719424460432	0.10071942446	0.0503597122302	0.0	0.115107913669	0.201438848921	0.172661870504	0.136690647482	0.0827338129496	0.140287769784	0.0719424460432	0.0863309352518	0.140287769784	0.154676258993
SAMEA3136730.snv.bam	0.0539568345324	0.0	0.089928057554	0.0179856115108	0.00359712230216	0.0503597122302	0.345323741007	0.0539568345324	0.0359712230216	0.089928057554	0.115107913669	0.0	0.258992805755	0.230215827338	0.0179856115108	0.0323741007194	0.115107913669	0.0539568345324	0.0467625899281	0.068345323741	0.0647482014388
SZEY-104A.snv.bam	0.237410071942	0.287769784173	0.280575539568	0.179856115108	0.287769784173	0.197841726619	0.18345323741	0.244604316547	0.230215827338	0.18345323741	0.201438848921	0.258992805755	0.0	0.0971223021583	0.291366906475	0.237410071942	0.258992805755	0.13309352518	0.161870503597	0.248201438849	0.262589928058
SZEY-22A.snv.bam	0.248201438849	0.251798561151	0.255395683453	0.172661870504	0.251798561151	0.190647482014	0.212230215827	0.219424460432	0.212230215827	0.154676258993	0.172661870504	0.230215827338	0.0971223021583	0.0	0.26618705036	0.205035971223	0.23381294964	0.107913669065	0.147482014388	0.248201438849	0.23381294964
SZEY-30A.snv.bam	0.107913669065	0.0215827338129	0.115107913669	0.0323741007194	0.0215827338129	0.0791366906475	0.370503597122	0.0827338129496	0.0755395683453	0.118705035971	0.136690647482	0.0179856115108	0.291366906475	0.26618705036	0.0	0.0575539568345	0.115107913669	0.0755395683453	0.0575539568345	0.10071942446	0.089928057554
SZEY-68A.snv.bam	0.129496402878	0.0611510791367	0.115107913669	0.0107913669065	0.0647482014388	0.0863309352518	0.323741007194	0.0	0.0359712230216	0.0791366906475	0.0827338129496	0.0323741007194	0.237410071942	0.205035971223	0.0575539568345	0.0	0.0719424460432	0.0539568345324	0.0575539568345	0.125899280576	0.0611510791367
SZEY-69A.snv.bam	0.176258992806	0.115107913669	0.161870503597	0.0215827338129	0.118705035971	0.125899280576	0.330935251799	0.0935251798561	0.0971223021583	0.111510791367	0.140287769784	0.115107913669	0.258992805755	0.23381294964	0.115107913669	0.0719424460432	0.0	0.0359712230216	0.0251798561151	0.158273381295	0.136690647482
SZEY-81A.snv.bam	0.122302158273	0.0827338129496	0.13309352518	0.00359712230216	0.0647482014388	0.0719424460432	0.237410071942	0.0395683453237	0.0395683453237	0.0539568345324	0.0719424460432	0.0539568345324	0.13309352518	0.107913669065	0.0755395683453	0.0539568345324	0.0359712230216	0.0	0.0	0.104316546763	0.104316546763
T2D-83A.snv.bam	0.104316546763	0.0719424460432	0.122302158273	0.0	0.0719424460432	0.0575539568345	0.262589928058	0.0503597122302	0.0359712230216	0.0611510791367	0.0863309352518	0.0467625899281	0.161870503597	0.147482014388	0.0575539568345	0.0575539568345	0.0251798561151	0.0	0.0	0.089928057554	0.0935251798561
V1.CD19-0.snv.bam	0.0215827338129	0.10071942446	0.147482014388	0.0791366906475	0.0971223021583	0.0179856115108	0.320143884892	0.136690647482	0.107913669065	0.115107913669	0.140287769784	0.068345323741	0.248201438849	0.248201438849	0.10071942446	0.125899280576	0.158273381295	0.104316546763	0.089928057554	0.0	0.118705035971
V1.CD8-0-PN.snv.bam	0.122302158273	0.068345323741	0.0323741007194	0.0647482014388	0.0719424460432	0.0971223021583	0.348920863309	0.104316546763	0.0755395683453	0.122302158273	0.154676258993	0.0647482014388	0.262589928058	0.23381294964	0.089928057554	0.0611510791367	0.136690647482	0.104316546763	0.0935251798561	0.118705035971	0.0
