	159005010-stool2.snv.bam	159571453-stool2.snv.bam	160582958-stool2.snv.bam	160603188-stool1.snv.bam	160765029-stool1.snv.bam	763536994-stool2.snv.bam	763577454-stool2.snv.bam	763759525-stool1.snv.bam	765074482-stool3.snv.bam	765135172-stool1.snv.bam	857980665-stool3.snv.bam	861967750-stool1.snv.bam	BYQ_AAAM.snv.bam	BYQ_AAAP.snv.bam	CCIS09568613ST-4-0.snv.bam	CCIS13047523ST-4-0.snv.bam	CCIS64773582ST-4-0.snv.bam	CCIS94603952ST-4-0.snv.bam	CCMD82866709ST-21-0.snv.bam	CCMD95433940ST-21-0.snv.bam	DOF003.snv.bam	MH0260.snv.bam	MH0268.snv.bam	MH0333.snv.bam	MH0384.snv.bam	MH0388.snv.bam	MH0407.snv.bam	MH0419.snv.bam	MH0432.snv.bam	MH0456.snv.bam	MMRS17963147ST-27-0-0.snv.bam	MMRS39415781ST-27-0-0.snv.bam	MMRS62376181ST-27-0-0.snv.bam	MMRS94549160ST-27-0-0.snv.bam	O2.UC4-1.snv.bam	O2.UC48-1.snv.bam	V1.CD1-0-PT.snv.bam	V1.CD15-3.snv.bam	V1.CD44-0.snv.bam	V1.FI06.snv.bam	V1.FI11.snv.bam	V1.FI13.snv.bam	V1.FI21.snv.bam	V1.FI22.snv.bam	V1.FI29.snv.bam	V1.UC58-4.snv.bam	daisy-11-0-0.snv.bam	daisy-11-2-0.snv.bam	daisy-11-60-0.snv.bam	daisy-11-7-0.snv.bam	tigress-11-0-0.snv.bam	tigress-11-2-0.snv.bam	tigress-11-60-0.snv.bam
159005010-stool2.snv.bam	0.0	0.166666666667	0.186666666667	0.222222222222	0.193333333333	0.228888888889	0.193333333333	0.211111111111	0.211111111111	0.166666666667	0.168888888889	0.215555555556	0.00444444444444	0.193333333333	0.177777777778	0.195555555556	0.18	0.204444444444	0.204444444444	0.193333333333	0.191111111111	0.155555555556	0.195555555556	0.197777777778	0.206666666667	0.191111111111	0.171111111111	0.2	0.208888888889	0.2	0.204444444444	0.206666666667	0.202222222222	0.213333333333	0.226666666667	0.18	0.206666666667	0.206666666667	0.191111111111	0.217777777778	0.195555555556	0.195555555556	0.188888888889	0.215555555556	0.208888888889	0.211111111111	0.195555555556	0.193333333333	0.195555555556	0.193333333333	0.224444444444	0.224444444444	0.22
159571453-stool2.snv.bam	0.166666666667	0.0	0.157777777778	0.157777777778	0.135555555556	0.162222222222	0.146666666667	0.146666666667	0.144444444444	0.115555555556	0.148888888889	0.166666666667	0.171111111111	0.151111111111	0.122222222222	0.155555555556	0.142222222222	0.142222222222	0.124444444444	0.16	0.137777777778	0.106666666667	0.142222222222	0.155555555556	0.166666666667	0.146666666667	0.131111111111	0.128888888889	0.157777777778	0.14	0.151111111111	0.14	0.144444444444	0.162222222222	0.166666666667	0.126666666667	0.155555555556	0.137777777778	0.142222222222	0.133333333333	0.148888888889	0.148888888889	0.142222222222	0.14	0.144444444444	0.14	0.137777777778	0.135555555556	0.137777777778	0.135555555556	0.164444444444	0.164444444444	0.157777777778
160582958-stool2.snv.bam	0.186666666667	0.157777777778	0.0	0.164444444444	0.168888888889	0.173333333333	0.173333333333	0.177777777778	0.18	0.148888888889	0.168888888889	0.184444444444	0.191111111111	0.177777777778	0.164444444444	0.173333333333	0.164444444444	0.18	0.177777777778	0.162222222222	0.171111111111	0.137777777778	0.168888888889	0.164444444444	0.128888888889	0.168888888889	0.16	0.182222222222	0.188888888889	0.184444444444	0.175555555556	0.202222222222	0.173333333333	0.188888888889	0.177777777778	0.166666666667	0.186666666667	0.197777777778	0.164444444444	0.204444444444	0.16	0.16	0.171111111111	0.197777777778	0.188888888889	0.166666666667	0.177777777778	0.175555555556	0.177777777778	0.175555555556	0.204444444444	0.204444444444	0.204444444444
160603188-stool1.snv.bam	0.222222222222	0.157777777778	0.164444444444	0.0	0.184444444444	0.182222222222	0.188888888889	0.188888888889	0.173333333333	0.146666666667	0.211111111111	0.16	0.222222222222	0.173333333333	0.146666666667	0.16	0.157777777778	0.155555555556	0.173333333333	0.175555555556	0.164444444444	0.137777777778	0.157777777778	0.171111111111	0.14	0.164444444444	0.173333333333	0.166666666667	0.197777777778	0.164444444444	0.171111111111	0.193333333333	0.164444444444	0.186666666667	0.151111111111	0.146666666667	0.204444444444	0.166666666667	0.164444444444	0.175555555556	0.16	0.16	0.14	0.18	0.168888888889	0.151111111111	0.146666666667	0.144444444444	0.146666666667	0.144444444444	0.184444444444	0.184444444444	0.18
160765029-stool1.snv.bam	0.193333333333	0.135555555556	0.168888888889	0.184444444444	0.0	0.184444444444	0.16	0.164444444444	0.175555555556	0.146666666667	0.173333333333	0.197777777778	0.202222222222	0.16	0.126666666667	0.171111111111	0.155555555556	0.164444444444	0.151111111111	0.142222222222	0.137777777778	0.108888888889	0.155555555556	0.173333333333	0.177777777778	0.171111111111	0.144444444444	0.162222222222	0.177777777778	0.166666666667	0.162222222222	0.166666666667	0.166666666667	0.173333333333	0.166666666667	0.148888888889	0.175555555556	0.164444444444	0.16	0.148888888889	0.153333333333	0.153333333333	0.168888888889	0.168888888889	0.173333333333	0.177777777778	0.18	0.177777777778	0.18	0.177777777778	0.182222222222	0.182222222222	0.18
763536994-stool2.snv.bam	0.228888888889	0.162222222222	0.173333333333	0.182222222222	0.184444444444	0.0	0.14	0.197777777778	0.155555555556	0.122222222222	0.197777777778	0.173333333333	0.231111111111	0.153333333333	0.171111111111	0.144444444444	0.148888888889	0.148888888889	0.146666666667	0.146666666667	0.142222222222	0.108888888889	0.18	0.18	0.184444444444	0.16	0.188888888889	0.164444444444	0.188888888889	0.16	0.166666666667	0.16	0.151111111111	0.177777777778	0.146666666667	0.137777777778	0.191111111111	0.193333333333	0.151111111111	0.171111111111	0.162222222222	0.162222222222	0.166666666667	0.16	0.195555555556	0.188888888889	0.146666666667	0.144444444444	0.146666666667	0.144444444444	0.162222222222	0.162222222222	0.162222222222
763577454-stool2.snv.bam	0.193333333333	0.146666666667	0.173333333333	0.188888888889	0.16	0.14	0.0	0.14	0.153333333333	0.124444444444	0.2	0.157777777778	0.197777777778	0.144444444444	0.122222222222	0.113333333333	0.115555555556	0.144444444444	0.14	0.122222222222	0.126666666667	0.113333333333	0.142222222222	0.128888888889	0.18	0.124444444444	0.162222222222	0.148888888889	0.164444444444	0.126666666667	0.14	0.157777777778	0.148888888889	0.135555555556	0.148888888889	0.117777777778	0.157777777778	0.164444444444	0.124444444444	0.177777777778	0.124444444444	0.124444444444	0.14	0.117777777778	0.157777777778	0.166666666667	0.148888888889	0.146666666667	0.148888888889	0.146666666667	0.151111111111	0.151111111111	0.146666666667
763759525-stool1.snv.bam	0.211111111111	0.146666666667	0.177777777778	0.188888888889	0.164444444444	0.197777777778	0.14	0.0	0.155555555556	0.142222222222	0.2	0.157777777778	0.215555555556	0.16	0.126666666667	0.135555555556	0.142222222222	0.137777777778	0.177777777778	0.146666666667	0.137777777778	0.115555555556	0.166666666667	0.137777777778	0.195555555556	0.148888888889	0.166666666667	0.142222222222	0.184444444444	0.135555555556	0.135555555556	0.155555555556	0.173333333333	0.142222222222	0.166666666667	0.133333333333	0.182222222222	0.177777777778	0.124444444444	0.164444444444	0.131111111111	0.131111111111	0.144444444444	0.146666666667	0.164444444444	0.153333333333	0.131111111111	0.128888888889	0.131111111111	0.128888888889	0.168888888889	0.168888888889	0.164444444444
765074482-stool3.snv.bam	0.211111111111	0.144444444444	0.18	0.173333333333	0.175555555556	0.155555555556	0.153333333333	0.155555555556	0.0	0.137777777778	0.206666666667	0.137777777778	0.222222222222	0.155555555556	0.14	0.133333333333	0.126666666667	0.157777777778	0.133333333333	0.142222222222	0.12	0.106666666667	0.144444444444	0.117777777778	0.182222222222	0.106666666667	0.166666666667	0.142222222222	0.193333333333	0.111111111111	0.164444444444	0.166666666667	0.12	0.162222222222	0.16	0.115555555556	0.191111111111	0.144444444444	0.133333333333	0.16	0.162222222222	0.162222222222	0.122222222222	0.135555555556	0.142222222222	0.117777777778	0.137777777778	0.135555555556	0.137777777778	0.135555555556	0.162222222222	0.162222222222	0.157777777778
765135172-stool1.snv.bam	0.166666666667	0.115555555556	0.148888888889	0.146666666667	0.146666666667	0.122222222222	0.124444444444	0.142222222222	0.137777777778	0.0	0.155555555556	0.128888888889	0.171111111111	0.126666666667	0.124444444444	0.115555555556	0.126666666667	0.115555555556	0.115555555556	0.113333333333	0.131111111111	0.104444444444	0.148888888889	0.122222222222	0.153333333333	0.133333333333	0.137777777778	0.1	0.16	0.113333333333	0.146666666667	0.144444444444	0.124444444444	0.142222222222	0.126666666667	0.0933333333333	0.157777777778	0.128888888889	0.14	0.137777777778	0.1	0.1	0.131111111111	0.124444444444	0.135555555556	0.124444444444	0.12	0.117777777778	0.12	0.117777777778	0.122222222222	0.122222222222	0.115555555556
857980665-stool3.snv.bam	0.168888888889	0.148888888889	0.168888888889	0.211111111111	0.173333333333	0.197777777778	0.2	0.2	0.206666666667	0.155555555556	0.0	0.202222222222	0.175555555556	0.173333333333	0.171111111111	0.166666666667	0.182222222222	0.175555555556	0.2	0.191111111111	0.164444444444	0.142222222222	0.186666666667	0.191111111111	0.193333333333	0.191111111111	0.0955555555556	0.18	0.191111111111	0.184444444444	0.193333333333	0.182222222222	0.184444444444	0.206666666667	0.228888888889	0.171111111111	0.188888888889	0.182222222222	0.175555555556	0.197777777778	0.184444444444	0.184444444444	0.193333333333	0.177777777778	0.191111111111	0.193333333333	0.184444444444	0.182222222222	0.184444444444	0.182222222222	0.213333333333	0.213333333333	0.213333333333
861967750-stool1.snv.bam	0.215555555556	0.166666666667	0.184444444444	0.16	0.197777777778	0.173333333333	0.157777777778	0.157777777778	0.137777777778	0.128888888889	0.202222222222	0.0	0.222222222222	0.122222222222	0.137777777778	0.133333333333	0.126666666667	0.133333333333	0.146666666667	0.142222222222	0.12	0.124444444444	0.148888888889	0.131111111111	0.197777777778	0.117777777778	0.168888888889	0.14	0.193333333333	0.142222222222	0.171111111111	0.171111111111	0.115555555556	0.157777777778	0.168888888889	0.0977777777778	0.204444444444	0.166666666667	0.144444444444	0.168888888889	0.131111111111	0.131111111111	0.131111111111	0.162222222222	0.151111111111	0.111111111111	0.106666666667	0.104444444444	0.106666666667	0.104444444444	0.162222222222	0.162222222222	0.157777777778
BYQ_AAAM.snv.bam	0.00444444444444	0.171111111111	0.191111111111	0.222222222222	0.202222222222	0.231111111111	0.197777777778	0.215555555556	0.222222222222	0.171111111111	0.175555555556	0.222222222222	0.0	0.197777777778	0.184444444444	0.195555555556	0.188888888889	0.206666666667	0.208888888889	0.2	0.193333333333	0.16	0.202222222222	0.206666666667	0.211111111111	0.197777777778	0.175555555556	0.208888888889	0.211111111111	0.204444444444	0.211111111111	0.213333333333	0.208888888889	0.215555555556	0.231111111111	0.186666666667	0.208888888889	0.211111111111	0.193333333333	0.22	0.2	0.2	0.195555555556	0.217777777778	0.213333333333	0.217777777778	0.195555555556	0.193333333333	0.195555555556	0.193333333333	0.228888888889	0.228888888889	0.224444444444
BYQ_AAAP.snv.bam	0.193333333333	0.151111111111	0.177777777778	0.173333333333	0.16	0.153333333333	0.144444444444	0.16	0.155555555556	0.126666666667	0.173333333333	0.122222222222	0.197777777778	0.0	0.142222222222	0.146666666667	0.14	0.111111111111	0.126666666667	0.14	0.108888888889	0.108888888889	0.122222222222	0.12	0.184444444444	0.108888888889	0.146666666667	0.135555555556	0.137777777778	0.117777777778	0.146666666667	0.16	0.115555555556	0.115555555556	0.173333333333	0.115555555556	0.153333333333	0.157777777778	0.117777777778	0.155555555556	0.122222222222	0.122222222222	0.133333333333	0.148888888889	0.144444444444	0.162222222222	0.111111111111	0.108888888889	0.111111111111	0.108888888889	0.144444444444	0.144444444444	0.144444444444
CCIS09568613ST-4-0.snv.bam	0.177777777778	0.122222222222	0.164444444444	0.146666666667	0.126666666667	0.171111111111	0.122222222222	0.126666666667	0.14	0.124444444444	0.171111111111	0.137777777778	0.184444444444	0.142222222222	0.0	0.122222222222	0.108888888889	0.124444444444	0.142222222222	0.126666666667	0.111111111111	0.108888888889	0.117777777778	0.117777777778	0.166666666667	0.126666666667	0.128888888889	0.111111111111	0.171111111111	0.106666666667	0.126666666667	0.151111111111	0.148888888889	0.12	0.162222222222	0.106666666667	0.168888888889	0.117777777778	0.124444444444	0.14	0.104444444444	0.104444444444	0.102222222222	0.126666666667	0.106666666667	0.144444444444	0.128888888889	0.126666666667	0.128888888889	0.126666666667	0.142222222222	0.142222222222	0.137777777778
CCIS13047523ST-4-0.snv.bam	0.195555555556	0.155555555556	0.173333333333	0.16	0.171111111111	0.144444444444	0.113333333333	0.135555555556	0.133333333333	0.115555555556	0.166666666667	0.133333333333	0.195555555556	0.146666666667	0.122222222222	0.0	0.122222222222	0.115555555556	0.135555555556	0.148888888889	0.117777777778	0.117777777778	0.128888888889	0.14	0.166666666667	0.126666666667	0.133333333333	0.113333333333	0.175555555556	0.128888888889	0.14	0.148888888889	0.131111111111	0.137777777778	0.164444444444	0.106666666667	0.173333333333	0.126666666667	0.122222222222	0.16	0.122222222222	0.122222222222	0.124444444444	0.102222222222	0.117777777778	0.144444444444	0.115555555556	0.113333333333	0.115555555556	0.113333333333	0.16	0.16	0.155555555556
CCIS64773582ST-4-0.snv.bam	0.18	0.142222222222	0.164444444444	0.157777777778	0.155555555556	0.148888888889	0.115555555556	0.142222222222	0.126666666667	0.126666666667	0.182222222222	0.126666666667	0.188888888889	0.14	0.108888888889	0.122222222222	0.0	0.131111111111	0.131111111111	0.135555555556	0.0888888888889	0.0933333333333	0.111111111111	0.124444444444	0.155555555556	0.12	0.14	0.113333333333	0.137777777778	0.122222222222	0.144444444444	0.153333333333	0.113333333333	0.148888888889	0.157777777778	0.0333333333333	0.148888888889	0.146666666667	0.12	0.151111111111	0.12	0.12	0.0955555555556	0.14	0.144444444444	0.153333333333	0.117777777778	0.115555555556	0.117777777778	0.115555555556	0.151111111111	0.151111111111	0.146666666667
CCIS94603952ST-4-0.snv.bam	0.204444444444	0.142222222222	0.18	0.155555555556	0.164444444444	0.148888888889	0.144444444444	0.137777777778	0.157777777778	0.115555555556	0.175555555556	0.133333333333	0.206666666667	0.111111111111	0.124444444444	0.115555555556	0.131111111111	0.0	0.12	0.133333333333	0.106666666667	0.0955555555556	0.117777777778	0.122222222222	0.18	0.115555555556	0.146666666667	0.128888888889	0.148888888889	0.111111111111	0.151111111111	0.135555555556	0.14	0.115555555556	0.146666666667	0.102222222222	0.16	0.144444444444	0.115555555556	0.144444444444	0.0977777777778	0.0977777777778	0.117777777778	0.148888888889	0.133333333333	0.148888888889	0.102222222222	0.1	0.102222222222	0.1	0.151111111111	0.151111111111	0.146666666667
CCMD82866709ST-21-0.snv.bam	0.204444444444	0.124444444444	0.177777777778	0.173333333333	0.151111111111	0.146666666667	0.14	0.177777777778	0.133333333333	0.115555555556	0.2	0.146666666667	0.208888888889	0.126666666667	0.142222222222	0.135555555556	0.131111111111	0.12	0.0	0.124444444444	0.106666666667	0.117777777778	0.117777777778	0.12	0.177777777778	0.12	0.151111111111	0.14	0.16	0.108888888889	0.168888888889	0.153333333333	0.124444444444	0.135555555556	0.155555555556	0.106666666667	0.171111111111	0.126666666667	0.137777777778	0.131111111111	0.135555555556	0.135555555556	0.126666666667	0.113333333333	0.12	0.16	0.122222222222	0.122222222222	0.122222222222	0.122222222222	0.155555555556	0.155555555556	0.151111111111
CCMD95433940ST-21-0.snv.bam	0.193333333333	0.16	0.162222222222	0.175555555556	0.142222222222	0.146666666667	0.122222222222	0.146666666667	0.142222222222	0.113333333333	0.191111111111	0.142222222222	0.2	0.14	0.126666666667	0.148888888889	0.135555555556	0.133333333333	0.124444444444	0.0	0.128888888889	0.106666666667	0.155555555556	0.126666666667	0.184444444444	0.126666666667	0.146666666667	0.148888888889	0.157777777778	0.12	0.128888888889	0.164444444444	0.137777777778	0.126666666667	0.164444444444	0.115555555556	0.155555555556	0.153333333333	0.113333333333	0.162222222222	0.0977777777778	0.0977777777778	0.14	0.115555555556	0.151111111111	0.148888888889	0.142222222222	0.14	0.142222222222	0.14	0.14	0.14	0.135555555556
DOF003.snv.bam	0.191111111111	0.137777777778	0.171111111111	0.164444444444	0.137777777778	0.142222222222	0.126666666667	0.137777777778	0.12	0.131111111111	0.164444444444	0.12	0.193333333333	0.108888888889	0.111111111111	0.117777777778	0.0888888888889	0.106666666667	0.106666666667	0.128888888889	0.0	0.0955555555556	0.104444444444	0.117777777778	0.188888888889	0.0955555555556	0.153333333333	0.137777777778	0.14	0.0911111111111	0.153333333333	0.122222222222	0.117777777778	0.113333333333	0.146666666667	0.0733333333333	0.151111111111	0.142222222222	0.111111111111	0.133333333333	0.113333333333	0.113333333333	0.0977777777778	0.128888888889	0.137777777778	0.162222222222	0.122222222222	0.12	0.122222222222	0.12	0.146666666667	0.146666666667	0.146666666667
MH0260.snv.bam	0.155555555556	0.106666666667	0.137777777778	0.137777777778	0.108888888889	0.108888888889	0.113333333333	0.115555555556	0.106666666667	0.104444444444	0.142222222222	0.124444444444	0.16	0.108888888889	0.108888888889	0.117777777778	0.0933333333333	0.0955555555556	0.117777777778	0.106666666667	0.0955555555556	0.0	0.104444444444	0.108888888889	0.142222222222	0.113333333333	0.113333333333	0.135555555556	0.108888888889	0.117777777778	0.126666666667	0.12	0.104444444444	0.115555555556	0.117777777778	0.0888888888889	0.124444444444	0.137777777778	0.0644444444444	0.124444444444	0.12	0.12	0.115555555556	0.124444444444	0.14	0.113333333333	0.106666666667	0.104444444444	0.106666666667	0.104444444444	0.131111111111	0.131111111111	0.128888888889
MH0268.snv.bam	0.195555555556	0.142222222222	0.168888888889	0.157777777778	0.155555555556	0.18	0.142222222222	0.166666666667	0.144444444444	0.148888888889	0.186666666667	0.148888888889	0.202222222222	0.122222222222	0.117777777778	0.128888888889	0.111111111111	0.117777777778	0.117777777778	0.155555555556	0.104444444444	0.104444444444	0.0	0.128888888889	0.173333333333	0.128888888889	0.14	0.128888888889	0.137777777778	0.126666666667	0.137777777778	0.137777777778	0.148888888889	0.131111111111	0.171111111111	0.108888888889	0.153333333333	0.146666666667	0.133333333333	0.171111111111	0.131111111111	0.131111111111	0.122222222222	0.148888888889	0.14	0.142222222222	0.135555555556	0.133333333333	0.135555555556	0.133333333333	0.182222222222	0.182222222222	0.177777777778
MH0333.snv.bam	0.197777777778	0.155555555556	0.164444444444	0.171111111111	0.173333333333	0.18	0.128888888889	0.137777777778	0.117777777778	0.122222222222	0.191111111111	0.131111111111	0.206666666667	0.12	0.117777777778	0.14	0.124444444444	0.122222222222	0.12	0.126666666667	0.117777777778	0.108888888889	0.128888888889	0.0	0.166666666667	0.104444444444	0.151111111111	0.133333333333	0.16	0.0777777777778	0.144444444444	0.157777777778	0.135555555556	0.115555555556	0.148888888889	0.113333333333	0.162222222222	0.12	0.115555555556	0.142222222222	0.12	0.12	0.113333333333	0.146666666667	0.102222222222	0.122222222222	0.135555555556	0.133333333333	0.135555555556	0.133333333333	0.142222222222	0.142222222222	0.137777777778
MH0384.snv.bam	0.206666666667	0.166666666667	0.128888888889	0.14	0.177777777778	0.184444444444	0.18	0.195555555556	0.182222222222	0.153333333333	0.193333333333	0.197777777778	0.211111111111	0.184444444444	0.166666666667	0.166666666667	0.155555555556	0.18	0.177777777778	0.184444444444	0.188888888889	0.142222222222	0.173333333333	0.166666666667	0.0	0.186666666667	0.164444444444	0.168888888889	0.202222222222	0.175555555556	0.171111111111	0.191111111111	0.188888888889	0.191111111111	0.173333333333	0.162222222222	0.2	0.182222222222	0.175555555556	0.182222222222	0.171111111111	0.171111111111	0.175555555556	0.184444444444	0.182222222222	0.195555555556	0.175555555556	0.173333333333	0.175555555556	0.173333333333	0.22	0.22	0.215555555556
MH0388.snv.bam	0.191111111111	0.146666666667	0.168888888889	0.164444444444	0.171111111111	0.16	0.124444444444	0.148888888889	0.106666666667	0.133333333333	0.191111111111	0.117777777778	0.197777777778	0.108888888889	0.126666666667	0.126666666667	0.12	0.115555555556	0.12	0.126666666667	0.0955555555556	0.113333333333	0.128888888889	0.104444444444	0.186666666667	0.0	0.155555555556	0.128888888889	0.162222222222	0.106666666667	0.164444444444	0.133333333333	0.124444444444	0.126666666667	0.155555555556	0.106666666667	0.173333333333	0.14	0.113333333333	0.155555555556	0.131111111111	0.131111111111	0.0977777777778	0.151111111111	0.128888888889	0.14	0.124444444444	0.122222222222	0.124444444444	0.122222222222	0.122222222222	0.122222222222	0.117777777778
MH0407.snv.bam	0.171111111111	0.131111111111	0.16	0.173333333333	0.144444444444	0.188888888889	0.162222222222	0.166666666667	0.166666666667	0.137777777778	0.0955555555556	0.168888888889	0.175555555556	0.146666666667	0.128888888889	0.133333333333	0.14	0.146666666667	0.151111111111	0.146666666667	0.153333333333	0.113333333333	0.14	0.151111111111	0.164444444444	0.155555555556	0.0	0.137777777778	0.16	0.151111111111	0.151111111111	0.146666666667	0.144444444444	0.162222222222	0.18	0.128888888889	0.157777777778	0.148888888889	0.14	0.16	0.146666666667	0.146666666667	0.153333333333	0.148888888889	0.153333333333	0.151111111111	0.148888888889	0.146666666667	0.148888888889	0.146666666667	0.182222222222	0.182222222222	0.177777777778
MH0419.snv.bam	0.2	0.128888888889	0.182222222222	0.166666666667	0.162222222222	0.164444444444	0.148888888889	0.142222222222	0.142222222222	0.1	0.18	0.14	0.208888888889	0.135555555556	0.111111111111	0.113333333333	0.113333333333	0.128888888889	0.14	0.148888888889	0.137777777778	0.135555555556	0.128888888889	0.133333333333	0.168888888889	0.128888888889	0.137777777778	0.0	0.177777777778	0.135555555556	0.126666666667	0.155555555556	0.133333333333	0.155555555556	0.151111111111	0.0977777777778	0.175555555556	0.148888888889	0.151111111111	0.133333333333	0.111111111111	0.111111111111	0.135555555556	0.12	0.144444444444	0.142222222222	0.137777777778	0.135555555556	0.137777777778	0.135555555556	0.124444444444	0.124444444444	0.12
MH0432.snv.bam	0.208888888889	0.157777777778	0.188888888889	0.197777777778	0.177777777778	0.188888888889	0.164444444444	0.184444444444	0.193333333333	0.16	0.191111111111	0.193333333333	0.211111111111	0.137777777778	0.171111111111	0.175555555556	0.137777777778	0.148888888889	0.16	0.157777777778	0.14	0.108888888889	0.137777777778	0.16	0.202222222222	0.162222222222	0.16	0.177777777778	0.0	0.153333333333	0.153333333333	0.18	0.162222222222	0.164444444444	0.193333333333	0.14	0.02	0.177777777778	0.124444444444	0.188888888889	0.16	0.16	0.175555555556	0.171111111111	0.168888888889	0.193333333333	0.18	0.177777777778	0.18	0.177777777778	0.177777777778	0.177777777778	0.177777777778
MH0456.snv.bam	0.2	0.14	0.184444444444	0.164444444444	0.166666666667	0.16	0.126666666667	0.135555555556	0.111111111111	0.113333333333	0.184444444444	0.142222222222	0.204444444444	0.117777777778	0.106666666667	0.128888888889	0.122222222222	0.111111111111	0.108888888889	0.12	0.0911111111111	0.117777777778	0.126666666667	0.0777777777778	0.175555555556	0.106666666667	0.151111111111	0.135555555556	0.153333333333	0.0	0.173333333333	0.14	0.142222222222	0.108888888889	0.155555555556	0.115555555556	0.155555555556	0.122222222222	0.12	0.135555555556	0.0911111111111	0.0911111111111	0.102222222222	0.126666666667	0.111111111111	0.137777777778	0.137777777778	0.135555555556	0.137777777778	0.135555555556	0.122222222222	0.122222222222	0.117777777778
MMRS17963147ST-27-0-0.snv.bam	0.204444444444	0.151111111111	0.175555555556	0.171111111111	0.162222222222	0.166666666667	0.14	0.135555555556	0.164444444444	0.146666666667	0.193333333333	0.171111111111	0.211111111111	0.146666666667	0.126666666667	0.14	0.144444444444	0.151111111111	0.168888888889	0.128888888889	0.153333333333	0.126666666667	0.137777777778	0.144444444444	0.171111111111	0.164444444444	0.151111111111	0.126666666667	0.153333333333	0.173333333333	0.0	0.164444444444	0.164444444444	0.148888888889	0.166666666667	0.14	0.151111111111	0.14	0.124444444444	0.166666666667	0.142222222222	0.142222222222	0.164444444444	0.137777777778	0.133333333333	0.16	0.162222222222	0.16	0.162222222222	0.16	0.186666666667	0.186666666667	0.18
MMRS39415781ST-27-0-0.snv.bam	0.206666666667	0.14	0.202222222222	0.193333333333	0.166666666667	0.16	0.157777777778	0.155555555556	0.166666666667	0.144444444444	0.182222222222	0.171111111111	0.213333333333	0.16	0.151111111111	0.148888888889	0.153333333333	0.135555555556	0.153333333333	0.164444444444	0.122222222222	0.12	0.137777777778	0.157777777778	0.191111111111	0.133333333333	0.146666666667	0.155555555556	0.18	0.14	0.164444444444	0.0	0.175555555556	0.14	0.157777777778	0.133333333333	0.182222222222	0.146666666667	0.137777777778	0.157777777778	0.144444444444	0.144444444444	0.157777777778	0.155555555556	0.162222222222	0.171111111111	0.157777777778	0.155555555556	0.157777777778	0.155555555556	0.173333333333	0.173333333333	0.168888888889
MMRS62376181ST-27-0-0.snv.bam	0.202222222222	0.144444444444	0.173333333333	0.164444444444	0.166666666667	0.151111111111	0.148888888889	0.173333333333	0.12	0.124444444444	0.184444444444	0.115555555556	0.208888888889	0.115555555556	0.148888888889	0.131111111111	0.113333333333	0.14	0.124444444444	0.137777777778	0.117777777778	0.104444444444	0.148888888889	0.135555555556	0.188888888889	0.124444444444	0.144444444444	0.133333333333	0.162222222222	0.142222222222	0.164444444444	0.175555555556	0.0	0.175555555556	0.155555555556	0.0844444444444	0.173333333333	0.135555555556	0.122222222222	0.142222222222	0.153333333333	0.153333333333	0.135555555556	0.131111111111	0.142222222222	0.113333333333	0.106666666667	0.104444444444	0.106666666667	0.104444444444	0.135555555556	0.135555555556	0.135555555556
MMRS94549160ST-27-0-0.snv.bam	0.213333333333	0.162222222222	0.188888888889	0.186666666667	0.173333333333	0.177777777778	0.135555555556	0.142222222222	0.162222222222	0.142222222222	0.206666666667	0.157777777778	0.215555555556	0.115555555556	0.12	0.137777777778	0.148888888889	0.115555555556	0.135555555556	0.126666666667	0.113333333333	0.115555555556	0.131111111111	0.115555555556	0.191111111111	0.126666666667	0.162222222222	0.155555555556	0.164444444444	0.108888888889	0.148888888889	0.14	0.175555555556	0.0	0.142222222222	0.133333333333	0.166666666667	0.151111111111	0.104444444444	0.162222222222	0.113333333333	0.113333333333	0.128888888889	0.133333333333	0.131111111111	0.186666666667	0.146666666667	0.144444444444	0.146666666667	0.144444444444	0.16	0.16	0.155555555556
O2.UC4-1.snv.bam	0.226666666667	0.166666666667	0.177777777778	0.151111111111	0.166666666667	0.146666666667	0.148888888889	0.166666666667	0.16	0.126666666667	0.228888888889	0.168888888889	0.231111111111	0.173333333333	0.162222222222	0.164444444444	0.157777777778	0.146666666667	0.155555555556	0.164444444444	0.146666666667	0.117777777778	0.171111111111	0.148888888889	0.173333333333	0.155555555556	0.18	0.151111111111	0.193333333333	0.155555555556	0.166666666667	0.157777777778	0.155555555556	0.142222222222	0.0	0.142222222222	0.186666666667	0.188888888889	0.153333333333	0.16	0.144444444444	0.144444444444	0.162222222222	0.18	0.173333333333	0.177777777778	0.164444444444	0.162222222222	0.164444444444	0.162222222222	0.162222222222	0.162222222222	0.157777777778
O2.UC48-1.snv.bam	0.18	0.126666666667	0.166666666667	0.146666666667	0.148888888889	0.137777777778	0.117777777778	0.133333333333	0.115555555556	0.0933333333333	0.171111111111	0.0977777777778	0.186666666667	0.115555555556	0.106666666667	0.106666666667	0.0333333333333	0.102222222222	0.106666666667	0.115555555556	0.0733333333333	0.0888888888889	0.108888888889	0.113333333333	0.162222222222	0.106666666667	0.128888888889	0.0977777777778	0.14	0.115555555556	0.14	0.133333333333	0.0844444444444	0.133333333333	0.142222222222	0.0	0.151111111111	0.126666666667	0.113333333333	0.131111111111	0.104444444444	0.104444444444	0.106666666667	0.124444444444	0.124444444444	0.126666666667	0.0933333333333	0.0911111111111	0.0933333333333	0.0911111111111	0.131111111111	0.131111111111	0.126666666667
V1.CD1-0-PT.snv.bam	0.206666666667	0.155555555556	0.186666666667	0.204444444444	0.175555555556	0.191111111111	0.157777777778	0.182222222222	0.191111111111	0.157777777778	0.188888888889	0.204444444444	0.208888888889	0.153333333333	0.168888888889	0.173333333333	0.148888888889	0.16	0.171111111111	0.155555555556	0.151111111111	0.124444444444	0.153333333333	0.162222222222	0.2	0.173333333333	0.157777777778	0.175555555556	0.02	0.155555555556	0.151111111111	0.182222222222	0.173333333333	0.166666666667	0.186666666667	0.151111111111	0.0	0.175555555556	0.144444444444	0.186666666667	0.157777777778	0.157777777778	0.186666666667	0.168888888889	0.166666666667	0.177777777778	0.191111111111	0.188888888889	0.191111111111	0.188888888889	0.175555555556	0.175555555556	0.175555555556
V1.CD15-3.snv.bam	0.206666666667	0.137777777778	0.197777777778	0.166666666667	0.164444444444	0.193333333333	0.164444444444	0.177777777778	0.144444444444	0.128888888889	0.182222222222	0.166666666667	0.211111111111	0.157777777778	0.117777777778	0.126666666667	0.146666666667	0.144444444444	0.126666666667	0.153333333333	0.142222222222	0.137777777778	0.146666666667	0.12	0.182222222222	0.14	0.148888888889	0.148888888889	0.177777777778	0.122222222222	0.14	0.146666666667	0.135555555556	0.151111111111	0.188888888889	0.126666666667	0.175555555556	0.0	0.146666666667	0.14	0.146666666667	0.146666666667	0.144444444444	0.133333333333	0.0355555555556	0.148888888889	0.144444444444	0.142222222222	0.144444444444	0.142222222222	0.146666666667	0.146666666667	0.142222222222
V1.CD44-0.snv.bam	0.191111111111	0.142222222222	0.164444444444	0.164444444444	0.16	0.151111111111	0.124444444444	0.124444444444	0.133333333333	0.14	0.175555555556	0.144444444444	0.193333333333	0.117777777778	0.124444444444	0.122222222222	0.12	0.115555555556	0.137777777778	0.113333333333	0.111111111111	0.0644444444444	0.133333333333	0.115555555556	0.175555555556	0.113333333333	0.14	0.151111111111	0.124444444444	0.12	0.124444444444	0.137777777778	0.122222222222	0.104444444444	0.153333333333	0.113333333333	0.144444444444	0.146666666667	0.0	0.146666666667	0.144444444444	0.144444444444	0.117777777778	0.1	0.144444444444	0.153333333333	0.135555555556	0.133333333333	0.135555555556	0.133333333333	0.168888888889	0.168888888889	0.164444444444
V1.FI06.snv.bam	0.217777777778	0.133333333333	0.204444444444	0.175555555556	0.148888888889	0.171111111111	0.177777777778	0.164444444444	0.16	0.137777777778	0.197777777778	0.168888888889	0.22	0.155555555556	0.14	0.16	0.151111111111	0.144444444444	0.131111111111	0.162222222222	0.133333333333	0.124444444444	0.171111111111	0.142222222222	0.182222222222	0.155555555556	0.16	0.133333333333	0.188888888889	0.135555555556	0.166666666667	0.157777777778	0.142222222222	0.162222222222	0.16	0.131111111111	0.186666666667	0.14	0.146666666667	0.0	0.146666666667	0.146666666667	0.146666666667	0.155555555556	0.146666666667	0.157777777778	0.155555555556	0.153333333333	0.155555555556	0.153333333333	0.148888888889	0.148888888889	0.144444444444
V1.FI11.snv.bam	0.195555555556	0.148888888889	0.16	0.16	0.153333333333	0.162222222222	0.124444444444	0.131111111111	0.162222222222	0.1	0.184444444444	0.131111111111	0.2	0.122222222222	0.104444444444	0.122222222222	0.12	0.0977777777778	0.135555555556	0.0977777777778	0.113333333333	0.12	0.131111111111	0.12	0.171111111111	0.131111111111	0.146666666667	0.111111111111	0.16	0.0911111111111	0.142222222222	0.144444444444	0.153333333333	0.113333333333	0.144444444444	0.104444444444	0.157777777778	0.146666666667	0.144444444444	0.146666666667	0.0	0.0	0.126666666667	0.148888888889	0.135555555556	0.137777777778	0.122222222222	0.12	0.122222222222	0.12	0.124444444444	0.124444444444	0.12
V1.FI13.snv.bam	0.195555555556	0.148888888889	0.16	0.16	0.153333333333	0.162222222222	0.124444444444	0.131111111111	0.162222222222	0.1	0.184444444444	0.131111111111	0.2	0.122222222222	0.104444444444	0.122222222222	0.12	0.0977777777778	0.135555555556	0.0977777777778	0.113333333333	0.12	0.131111111111	0.12	0.171111111111	0.131111111111	0.146666666667	0.111111111111	0.16	0.0911111111111	0.142222222222	0.144444444444	0.153333333333	0.113333333333	0.144444444444	0.104444444444	0.157777777778	0.146666666667	0.144444444444	0.146666666667	0.0	0.0	0.126666666667	0.148888888889	0.135555555556	0.137777777778	0.122222222222	0.12	0.122222222222	0.12	0.124444444444	0.124444444444	0.12
V1.FI21.snv.bam	0.188888888889	0.142222222222	0.171111111111	0.14	0.168888888889	0.166666666667	0.14	0.144444444444	0.122222222222	0.131111111111	0.193333333333	0.131111111111	0.195555555556	0.133333333333	0.102222222222	0.124444444444	0.0955555555556	0.117777777778	0.126666666667	0.14	0.0977777777778	0.115555555556	0.122222222222	0.113333333333	0.175555555556	0.0977777777778	0.153333333333	0.135555555556	0.175555555556	0.102222222222	0.164444444444	0.157777777778	0.135555555556	0.128888888889	0.162222222222	0.106666666667	0.186666666667	0.144444444444	0.117777777778	0.146666666667	0.126666666667	0.126666666667	0.0	0.153333333333	0.124444444444	0.151111111111	0.113333333333	0.111111111111	0.113333333333	0.111111111111	0.157777777778	0.157777777778	0.153333333333
V1.FI22.snv.bam	0.215555555556	0.14	0.197777777778	0.18	0.168888888889	0.16	0.117777777778	0.146666666667	0.135555555556	0.124444444444	0.177777777778	0.162222222222	0.217777777778	0.148888888889	0.126666666667	0.102222222222	0.14	0.148888888889	0.113333333333	0.115555555556	0.128888888889	0.124444444444	0.148888888889	0.146666666667	0.184444444444	0.151111111111	0.148888888889	0.12	0.171111111111	0.126666666667	0.137777777778	0.155555555556	0.131111111111	0.133333333333	0.18	0.124444444444	0.168888888889	0.133333333333	0.1	0.155555555556	0.148888888889	0.148888888889	0.153333333333	0.0	0.133333333333	0.168888888889	0.135555555556	0.133333333333	0.135555555556	0.133333333333	0.16	0.16	0.155555555556
V1.FI29.snv.bam	0.208888888889	0.144444444444	0.188888888889	0.168888888889	0.173333333333	0.195555555556	0.157777777778	0.164444444444	0.142222222222	0.135555555556	0.191111111111	0.151111111111	0.213333333333	0.144444444444	0.106666666667	0.117777777778	0.144444444444	0.133333333333	0.12	0.151111111111	0.137777777778	0.14	0.14	0.102222222222	0.182222222222	0.128888888889	0.153333333333	0.144444444444	0.168888888889	0.111111111111	0.133333333333	0.162222222222	0.142222222222	0.131111111111	0.173333333333	0.124444444444	0.166666666667	0.0355555555556	0.144444444444	0.146666666667	0.135555555556	0.135555555556	0.124444444444	0.133333333333	0.0	0.151111111111	0.133333333333	0.131111111111	0.133333333333	0.131111111111	0.144444444444	0.144444444444	0.14
V1.UC58-4.snv.bam	0.211111111111	0.14	0.166666666667	0.151111111111	0.177777777778	0.188888888889	0.166666666667	0.153333333333	0.117777777778	0.124444444444	0.193333333333	0.111111111111	0.217777777778	0.162222222222	0.144444444444	0.144444444444	0.153333333333	0.148888888889	0.16	0.148888888889	0.162222222222	0.113333333333	0.142222222222	0.122222222222	0.195555555556	0.14	0.151111111111	0.142222222222	0.193333333333	0.137777777778	0.16	0.171111111111	0.113333333333	0.186666666667	0.177777777778	0.126666666667	0.177777777778	0.148888888889	0.153333333333	0.157777777778	0.137777777778	0.137777777778	0.151111111111	0.168888888889	0.151111111111	0.0	0.14	0.137777777778	0.14	0.137777777778	0.135555555556	0.135555555556	0.131111111111
daisy-11-0-0.snv.bam	0.195555555556	0.137777777778	0.177777777778	0.146666666667	0.18	0.146666666667	0.148888888889	0.131111111111	0.137777777778	0.12	0.184444444444	0.106666666667	0.195555555556	0.111111111111	0.128888888889	0.115555555556	0.117777777778	0.102222222222	0.122222222222	0.142222222222	0.122222222222	0.106666666667	0.135555555556	0.135555555556	0.175555555556	0.124444444444	0.148888888889	0.137777777778	0.18	0.137777777778	0.162222222222	0.157777777778	0.106666666667	0.146666666667	0.164444444444	0.0933333333333	0.191111111111	0.144444444444	0.135555555556	0.155555555556	0.122222222222	0.122222222222	0.113333333333	0.135555555556	0.133333333333	0.14	0.0	0.0	0.0	0.0	0.175555555556	0.175555555556	0.171111111111
daisy-11-2-0.snv.bam	0.193333333333	0.135555555556	0.175555555556	0.144444444444	0.177777777778	0.144444444444	0.146666666667	0.128888888889	0.135555555556	0.117777777778	0.182222222222	0.104444444444	0.193333333333	0.108888888889	0.126666666667	0.113333333333	0.115555555556	0.1	0.122222222222	0.14	0.12	0.104444444444	0.133333333333	0.133333333333	0.173333333333	0.122222222222	0.146666666667	0.135555555556	0.177777777778	0.135555555556	0.16	0.155555555556	0.104444444444	0.144444444444	0.162222222222	0.0911111111111	0.188888888889	0.142222222222	0.133333333333	0.153333333333	0.12	0.12	0.111111111111	0.133333333333	0.131111111111	0.137777777778	0.0	0.0	0.0	0.0	0.173333333333	0.173333333333	0.168888888889
daisy-11-60-0.snv.bam	0.195555555556	0.137777777778	0.177777777778	0.146666666667	0.18	0.146666666667	0.148888888889	0.131111111111	0.137777777778	0.12	0.184444444444	0.106666666667	0.195555555556	0.111111111111	0.128888888889	0.115555555556	0.117777777778	0.102222222222	0.122222222222	0.142222222222	0.122222222222	0.106666666667	0.135555555556	0.135555555556	0.175555555556	0.124444444444	0.148888888889	0.137777777778	0.18	0.137777777778	0.162222222222	0.157777777778	0.106666666667	0.146666666667	0.164444444444	0.0933333333333	0.191111111111	0.144444444444	0.135555555556	0.155555555556	0.122222222222	0.122222222222	0.113333333333	0.135555555556	0.133333333333	0.14	0.0	0.0	0.0	0.0	0.175555555556	0.175555555556	0.171111111111
daisy-11-7-0.snv.bam	0.193333333333	0.135555555556	0.175555555556	0.144444444444	0.177777777778	0.144444444444	0.146666666667	0.128888888889	0.135555555556	0.117777777778	0.182222222222	0.104444444444	0.193333333333	0.108888888889	0.126666666667	0.113333333333	0.115555555556	0.1	0.122222222222	0.14	0.12	0.104444444444	0.133333333333	0.133333333333	0.173333333333	0.122222222222	0.146666666667	0.135555555556	0.177777777778	0.135555555556	0.16	0.155555555556	0.104444444444	0.144444444444	0.162222222222	0.0911111111111	0.188888888889	0.142222222222	0.133333333333	0.153333333333	0.12	0.12	0.111111111111	0.133333333333	0.131111111111	0.137777777778	0.0	0.0	0.0	0.0	0.173333333333	0.173333333333	0.168888888889
tigress-11-0-0.snv.bam	0.224444444444	0.164444444444	0.204444444444	0.184444444444	0.182222222222	0.162222222222	0.151111111111	0.168888888889	0.162222222222	0.122222222222	0.213333333333	0.162222222222	0.228888888889	0.144444444444	0.142222222222	0.16	0.151111111111	0.151111111111	0.155555555556	0.14	0.146666666667	0.131111111111	0.182222222222	0.142222222222	0.22	0.122222222222	0.182222222222	0.124444444444	0.177777777778	0.122222222222	0.186666666667	0.173333333333	0.135555555556	0.16	0.162222222222	0.131111111111	0.175555555556	0.146666666667	0.168888888889	0.148888888889	0.124444444444	0.124444444444	0.157777777778	0.16	0.144444444444	0.135555555556	0.175555555556	0.173333333333	0.175555555556	0.173333333333	0.0	0.0	0.0
tigress-11-2-0.snv.bam	0.224444444444	0.164444444444	0.204444444444	0.184444444444	0.182222222222	0.162222222222	0.151111111111	0.168888888889	0.162222222222	0.122222222222	0.213333333333	0.162222222222	0.228888888889	0.144444444444	0.142222222222	0.16	0.151111111111	0.151111111111	0.155555555556	0.14	0.146666666667	0.131111111111	0.182222222222	0.142222222222	0.22	0.122222222222	0.182222222222	0.124444444444	0.177777777778	0.122222222222	0.186666666667	0.173333333333	0.135555555556	0.16	0.162222222222	0.131111111111	0.175555555556	0.146666666667	0.168888888889	0.148888888889	0.124444444444	0.124444444444	0.157777777778	0.16	0.144444444444	0.135555555556	0.175555555556	0.173333333333	0.175555555556	0.173333333333	0.0	0.0	0.0
