	159571453-stool2.snv.bam	763678604-stool2.snv.bam	CCIS87116798ST-4-0.snv.bam	MH0196.snv.bam	MH0200.snv.bam	MH0238.snv.bam	MH0309.snv.bam	MH0395.snv.bam	MH0402.snv.bam	MH0416.snv.bam	MH0445.snv.bam	MMRS39582183ST-27-0-0.snv.bam	NG-5636_131.snv.bam	NG-5636_424.snv.bam	NG-5636_463.snv.bam	NG-5636_487.snv.bam	NG-5636_60.snv.bam	NG-5636_88.snv.bam	SAMEA3136627.snv.bam	SAMEA3136642.snv.bam
159571453-stool2.snv.bam	0.0	0.306748466258	0.159509202454	0.251533742331	0.21472392638	0.263803680982	0.349693251534	0.196319018405	0.184049079755	0.159509202454	0.294478527607	0.245398773006	0.294478527607	0.269938650307	0.184049079755	0.177914110429	0.220858895706	0.239263803681	0.226993865031	0.141104294479
763678604-stool2.snv.bam	0.306748466258	0.0	0.19018404908	0.325153374233	0.288343558282	0.337423312883	0.447852760736	0.319018404908	0.343558282209	0.239263803681	0.355828220859	0.368098159509	0.269938650307	0.257668711656	0.319018404908	0.349693251534	0.306748466258	0.226993865031	0.233128834356	0.220858895706
CCIS87116798ST-4-0.snv.bam	0.159509202454	0.19018404908	0.0	0.257668711656	0.196319018405	0.251533742331	0.374233128834	0.20245398773	0.233128834356	0.147239263804	0.294478527607	0.208588957055	0.177914110429	0.165644171779	0.134969325153	0.245398773006	0.171779141104	0.079754601227	0.134969325153	0.116564417178
MH0196.snv.bam	0.251533742331	0.325153374233	0.257668711656	0.0	0.282208588957	0.294478527607	0.208588957055	0.288343558282	0.134969325153	0.294478527607	0.374233128834	0.337423312883	0.251533742331	0.300613496933	0.226993865031	0.257668711656	0.312883435583	0.245398773006	0.263803680982	0.184049079755
MH0200.snv.bam	0.21472392638	0.288343558282	0.196319018405	0.282208588957	0.0	0.110429447853	0.257668711656	0.104294478528	0.251533742331	0.122699386503	0.21472392638	0.177914110429	0.153374233129	0.0920245398773	0.251533742331	0.159509202454	0.276073619632	0.208588957055	0.0736196319018	0.0981595092025
MH0238.snv.bam	0.263803680982	0.337423312883	0.251533742331	0.294478527607	0.110429447853	0.0	0.306748466258	0.153374233129	0.288343558282	0.171779141104	0.20245398773	0.20245398773	0.208588957055	0.177914110429	0.263803680982	0.208588957055	0.300613496933	0.269938650307	0.141104294479	0.104294478528
MH0309.snv.bam	0.349693251534	0.447852760736	0.374233128834	0.208588957055	0.257668711656	0.306748466258	0.0	0.276073619632	0.282208588957	0.306748466258	0.374233128834	0.368098159509	0.276073619632	0.312883435583	0.398773006135	0.233128834356	0.472392638037	0.38036809816	0.245398773006	0.245398773006
MH0395.snv.bam	0.196319018405	0.319018404908	0.20245398773	0.288343558282	0.104294478528	0.153374233129	0.276073619632	0.0	0.233128834356	0.134969325153	0.208588957055	0.134969325153	0.147239263804	0.122699386503	0.220858895706	0.079754601227	0.233128834356	0.19018404908	0.0613496932515	0.0552147239264
MH0402.snv.bam	0.184049079755	0.343558282209	0.233128834356	0.134969325153	0.251533742331	0.288343558282	0.282208588957	0.233128834356	0.0	0.226993865031	0.257668711656	0.294478527607	0.239263803681	0.269938650307	0.171779141104	0.20245398773	0.257668711656	0.226993865031	0.220858895706	0.184049079755
MH0416.snv.bam	0.159509202454	0.239263803681	0.147239263804	0.294478527607	0.122699386503	0.171779141104	0.306748466258	0.134969325153	0.226993865031	0.0	0.208588957055	0.165644171779	0.184049079755	0.184049079755	0.184049079755	0.165644171779	0.159509202454	0.19018404908	0.134969325153	0.0368098159509
MH0445.snv.bam	0.294478527607	0.355828220859	0.294478527607	0.374233128834	0.21472392638	0.20245398773	0.374233128834	0.208588957055	0.257668711656	0.208588957055	0.0	0.263803680982	0.263803680982	0.220858895706	0.331288343558	0.19018404908	0.245398773006	0.325153374233	0.177914110429	0.184049079755
MMRS39582183ST-27-0-0.snv.bam	0.245398773006	0.368098159509	0.208588957055	0.337423312883	0.177914110429	0.20245398773	0.368098159509	0.134969325153	0.294478527607	0.165644171779	0.263803680982	0.0	0.208588957055	0.184049079755	0.171779141104	0.19018404908	0.196319018405	0.20245398773	0.141104294479	0.0613496932515
NG-5636_131.snv.bam	0.294478527607	0.269938650307	0.177914110429	0.251533742331	0.153374233129	0.208588957055	0.276073619632	0.147239263804	0.239263803681	0.184049079755	0.263803680982	0.208588957055	0.0	0.110429447853	0.19018404908	0.177914110429	0.306748466258	0.128834355828	0.0613496932515	0.104294478528
NG-5636_424.snv.bam	0.269938650307	0.257668711656	0.165644171779	0.300613496933	0.0920245398773	0.177914110429	0.312883435583	0.122699386503	0.269938650307	0.184049079755	0.220858895706	0.184049079755	0.110429447853	0.0	0.245398773006	0.177914110429	0.282208588957	0.165644171779	0.0552147239264	0.110429447853
NG-5636_463.snv.bam	0.184049079755	0.319018404908	0.134969325153	0.226993865031	0.251533742331	0.263803680982	0.398773006135	0.220858895706	0.171779141104	0.184049079755	0.331288343558	0.171779141104	0.19018404908	0.245398773006	0.0	0.251533742331	0.159509202454	0.165644171779	0.21472392638	0.0920245398773
NG-5636_487.snv.bam	0.177914110429	0.349693251534	0.245398773006	0.257668711656	0.159509202454	0.208588957055	0.233128834356	0.079754601227	0.20245398773	0.165644171779	0.19018404908	0.19018404908	0.177914110429	0.177914110429	0.251533742331	0.0	0.276073619632	0.233128834356	0.110429447853	0.0920245398773
NG-5636_60.snv.bam	0.220858895706	0.306748466258	0.171779141104	0.312883435583	0.276073619632	0.300613496933	0.472392638037	0.233128834356	0.257668711656	0.159509202454	0.245398773006	0.196319018405	0.306748466258	0.282208588957	0.159509202454	0.276073619632	0.0	0.21472392638	0.245398773006	0.134969325153
NG-5636_88.snv.bam	0.239263803681	0.226993865031	0.079754601227	0.245398773006	0.208588957055	0.269938650307	0.38036809816	0.19018404908	0.226993865031	0.19018404908	0.325153374233	0.20245398773	0.128834355828	0.165644171779	0.165644171779	0.233128834356	0.21472392638	0.0	0.116564417178	0.134969325153
SAMEA3136627.snv.bam	0.226993865031	0.233128834356	0.134969325153	0.263803680982	0.0736196319018	0.141104294479	0.245398773006	0.0613496932515	0.220858895706	0.134969325153	0.177914110429	0.141104294479	0.0613496932515	0.0552147239264	0.21472392638	0.110429447853	0.245398773006	0.116564417178	0.0	0.0674846625767
SAMEA3136642.snv.bam	0.141104294479	0.220858895706	0.116564417178	0.184049079755	0.0981595092025	0.104294478528	0.245398773006	0.0552147239264	0.184049079755	0.0368098159509	0.184049079755	0.0613496932515	0.104294478528	0.110429447853	0.0920245398773	0.0920245398773	0.134969325153	0.134969325153	0.0674846625767	0.0
