	BGI089A.snv.bam	CCIS25399172ST-4-0.snv.bam	CCMD12232071ST-21-0.snv.bam	MH0188.snv.bam	MH0238.snv.bam	MH0281.snv.bam	MH0332.snv.bam	MH0348.snv.bam	MH0385.snv.bam	MH0433.snv.bam	MMRS43563715ST-27-0-0.snv.bam	N047A.snv.bam	NLM021.snv.bam	O2.UC22-1.snv.bam	O2.UC41-1.snv.bam	SZEY-66A.snv.bam	V1.CD3-0-PN.snv.bam	V1.CD3-3-PN.snv.bam	V1.CD4-0-PN.snv.bam	V1.FI02.snv.bam	V1.FI11.snv.bam	V1.FI12.snv.bam	V1.FI13.snv.bam
BGI089A.snv.bam	0.0	0.102464899832	0.15419478512	0.15294678073	0.126741917339	0.119605336452	0.149870318929	0.115645820625	0.11228443765	0.162245976074	0.11017089261	0.0921400226239	0.1001313854	0.0876639844522	0.108595130162	0.0807712693203	0.104298573366	0.106765770264	0.138376741219	0.111970839312	0.141065637764	0.0940453532545	0.152774786462
CCIS25399172ST-4-0.snv.bam	0.102464899832	0.0	0.155406267001	0.15384378443	0.119301515601	0.113926380886	0.159536832096	0.0997068767965	0.105072974662	0.162921151107	0.114081578234	0.0694548882234	0.113435438923	0.110023508583	0.120239899453	0.088318160173	0.128690932422	0.133469550947	0.142511156395	0.115816207354	0.151241057946	0.114292382729	0.158085933621
CCMD12232071ST-21-0.snv.bam	0.15419478512	0.155406267001	0.0	0.0913234870631	0.0889796886278	0.168923719409	0.123859497096	0.135486775302	0.160900597207	0.0955608999709	0.148732736379	0.154624072009	0.159018760047	0.148928570724	0.177448965704	0.147010655952	0.146533851549	0.146528973626	0.0839588414495	0.159765385314	0.110697314968	0.158156267703	0.102835792053
MH0188.snv.bam	0.15294678073	0.15384378443	0.0913234870631	0.0	0.0969092444241	0.164224314263	0.0977630232233	0.149232093229	0.161236247358	0.0895330705565	0.158700118974	0.156900681112	0.157043274303	0.160213556811	0.16707108712	0.151089076812	0.134735214306	0.137998532922	0.0957284124851	0.159918074301	0.104741902948	0.150894336449	0.098345000124
MH0238.snv.bam	0.126741917339	0.119301515601	0.0889796886278	0.0969092444241	0.0	0.158311937503	0.104323889053	0.119065896974	0.154201479048	0.0934568931139	0.148860938476	0.13658242509	0.14997864932	0.130861437139	0.160900782002	0.125000097314	0.110459792413	0.110023689122	0.0626188389091	0.145256731879	0.110162785034	0.153694110175	0.106773224651
MH0281.snv.bam	0.119605336452	0.113926380886	0.168923719409	0.164224314263	0.158311937503	0.0	0.164291460252	0.145009117941	0.0575356214735	0.171085246591	0.137468597216	0.132169372684	0.119622140596	0.134621251153	0.129384346014	0.0936163559948	0.162317140298	0.165505839646	0.163483188131	0.127866595417	0.161507337323	0.123663031627	0.169140771073
MH0332.snv.bam	0.149870318929	0.159536832096	0.123859497096	0.0977630232233	0.104323889053	0.164291460252	0.0	0.155938533209	0.172703499876	0.101858559955	0.156854673501	0.155063576243	0.158236674465	0.156658751305	0.168411463684	0.148565052898	0.131828920515	0.132185260334	0.0920680101427	0.154341258268	0.108761026536	0.146736997539	0.105164483347
MH0348.snv.bam	0.115645820625	0.0997068767965	0.135486775302	0.149232093229	0.119065896974	0.145009117941	0.155938533209	0.0	0.136979834711	0.15101026366	0.125571853014	0.0913185845845	0.125805090841	0.116877571426	0.0905644599906	0.109285422548	0.12706360361	0.123676118399	0.130681999318	0.136085404967	0.152416750387	0.120357199645	0.159607444096
MH0385.snv.bam	0.11228443765	0.105072974662	0.160900597207	0.161236247358	0.154201479048	0.0575356214735	0.172703499876	0.136979834711	0.0	0.173526704777	0.120421834488	0.117738432505	0.117940594195	0.134061172038	0.129926330497	0.0890751124153	0.153024025484	0.155539778646	0.155966014077	0.124483041612	0.159692365845	0.122019502051	0.167922955817
MH0433.snv.bam	0.162245976074	0.162921151107	0.0955608999709	0.0895330705565	0.0934568931139	0.171085246591	0.101858559955	0.15101026366	0.173526704777	0.0	0.166347375856	0.163125250503	0.171049158509	0.157951996601	0.17648734123	0.157885504367	0.150532283538	0.150991503433	0.084723997079	0.158193231308	0.110652382233	0.158773738781	0.103030802769
MMRS43563715ST-27-0-0.snv.bam	0.11017089261	0.114081578234	0.148732736379	0.158700118974	0.148860938476	0.137468597216	0.156854673501	0.125571853014	0.120421834488	0.166347375856	0.0	0.0826102313013	0.101073856938	0.10547142208	0.122050982216	0.0907412758975	0.130590325255	0.137026251717	0.144161368294	0.116481332573	0.144531479526	0.109997554961	0.151398407461
N047A.snv.bam	0.0921400226239	0.0694548882234	0.154624072009	0.156900681112	0.13658242509	0.132169372684	0.155063576243	0.0913185845845	0.117738432505	0.163125250503	0.0826102313013	0.0	0.082401330327	0.092579328649	0.109051806807	0.0752600658549	0.113445435062	0.121530360723	0.139496520683	0.112504472379	0.14678798922	0.102750643853	0.158295096559
NLM021.snv.bam	0.1001313854	0.113435438923	0.159018760047	0.157043274303	0.14997864932	0.119622140596	0.158236674465	0.125805090841	0.117940594195	0.171049158509	0.101073856938	0.082401330327	0.0	0.119629598029	0.11750258286	0.0925594753785	0.118672955926	0.118713393717	0.144724794467	0.114393495186	0.154006190719	0.119073563614	0.163048935012
O2.UC22-1.snv.bam	0.0876639844522	0.110023508583	0.148928570724	0.160213556811	0.130861437139	0.134621251153	0.156658751305	0.116877571426	0.134061172038	0.157951996601	0.10547142208	0.092579328649	0.119629598029	0.0	0.126609343834	0.0878684373041	0.114807281011	0.118085371419	0.141595684033	0.119390279019	0.142442715859	0.0779599444433	0.155980836739
O2.UC41-1.snv.bam	0.108595130162	0.120239899453	0.177448965704	0.16707108712	0.160900782002	0.129384346014	0.168411463684	0.0905644599906	0.129926330497	0.17648734123	0.122050982216	0.109051806807	0.11750258286	0.126609343834	0.0	0.126120118133	0.148690376076	0.151752226601	0.158205175155	0.109775753609	0.161261105308	0.108659753827	0.171509080225
SZEY-66A.snv.bam	0.0807712693203	0.088318160173	0.147010655952	0.151089076812	0.125000097314	0.0936163559948	0.148565052898	0.109285422548	0.0890751124153	0.157885504367	0.0907412758975	0.0752600658549	0.0925594753785	0.0878684373041	0.126120118133	0.0	0.108473721443	0.11306484973	0.135300588414	0.113444734154	0.143393672311	0.11742486377	0.151049016224
V1.CD3-0-PN.snv.bam	0.104298573366	0.128690932422	0.146533851549	0.134735214306	0.110459792413	0.162317140298	0.131828920515	0.12706360361	0.153024025484	0.150532283538	0.130590325255	0.113445435062	0.118672955926	0.114807281011	0.148690376076	0.108473721443	0.0	0.00393578313392	0.125306496599	0.147237107244	0.128037928367	0.137445484054	0.131594687095
V1.CD3-3-PN.snv.bam	0.106765770264	0.133469550947	0.146528973626	0.137998532922	0.110023689122	0.165505839646	0.132185260334	0.123676118399	0.155539778646	0.150991503433	0.137026251717	0.121530360723	0.118713393717	0.118085371419	0.151752226601	0.11306484973	0.00393578313392	0.0	0.125406512926	0.153387948416	0.132075995319	0.142193150547	0.134229733764
V1.CD4-0-PN.snv.bam	0.138376741219	0.142511156395	0.0839588414495	0.0957284124851	0.0626188389091	0.163483188131	0.0920680101427	0.130681999318	0.155966014077	0.084723997079	0.144161368294	0.139496520683	0.144724794467	0.141595684033	0.158205175155	0.135300588414	0.125306496599	0.125406512926	0.0	0.142475625367	0.102335724295	0.147025387853	0.0963744595378
V1.FI02.snv.bam	0.111970839312	0.115816207354	0.159765385314	0.159918074301	0.145256731879	0.127866595417	0.154341258268	0.136085404967	0.124483041612	0.158193231308	0.116481332573	0.112504472379	0.114393495186	0.119390279019	0.109775753609	0.113444734154	0.147237107244	0.153387948416	0.142475625367	0.0	0.151848752755	0.113344575537	0.161264677104
V1.FI11.snv.bam	0.141065637764	0.151241057946	0.110697314968	0.104741902948	0.110162785034	0.161507337323	0.108761026536	0.152416750387	0.159692365845	0.110652382233	0.144531479526	0.14678798922	0.154006190719	0.142442715859	0.161261105308	0.143393672311	0.128037928367	0.132075995319	0.102335724295	0.151848752755	0.0	0.127425354117	0.0254978222583
V1.FI12.snv.bam	0.0940453532545	0.114292382729	0.158156267703	0.150894336449	0.153694110175	0.123663031627	0.146736997539	0.120357199645	0.122019502051	0.158773738781	0.109997554961	0.102750643853	0.119073563614	0.0779599444433	0.108659753827	0.11742486377	0.137445484054	0.142193150547	0.147025387853	0.113344575537	0.127425354117	0.0	0.150575238561
V1.FI13.snv.bam	0.152774786462	0.158085933621	0.102835792053	0.098345000124	0.106773224651	0.169140771073	0.105164483347	0.159607444096	0.167922955817	0.103030802769	0.151398407461	0.158295096559	0.163048935012	0.155980836739	0.171509080225	0.151049016224	0.131594687095	0.134229733764	0.0963744595378	0.161264677104	0.0254978222583	0.150575238561	0.0
