	158337416-stool2.snv.bam	158458797-stool1.snv.bam	158479027-stool1.snv.bam	158479027-stool2.snv.bam	158742018-stool1.snv.bam	158802708-stool1.snv.bam	158944319-stool1.snv.bam	158944319-stool2.snv.bam	158944319-stool3.snv.bam	159207311-stool2.snv.bam	159207311-stool3.snv.bam	159227541-stool2.snv.bam	159268001-stool2.snv.bam	160178356-stool1.snv.bam	160178356-stool3.snv.bam	160218816-stool1.snv.bam	160603188-stool2.snv.bam	160603188-stool3.snv.bam	160765029-stool1.snv.bam	161412393-stool2.snv.bam	706846339-stool1.snv.bam	706846339-stool2.snv.bam	763840445-stool2.snv.bam	764083206-stool1.snv.bam	764649650-stool2.snv.bam	765074482-stool1.snv.bam	765640925-stool1.snv.bam	765640925-stool2.snv.bam	765701615-stool1.snv.bam	765701615-stool2.snv.bam	857980665-stool3.snv.bam	CCIS07539127ST-4-0.snv.bam	CCIS11015875ST-4-0.snv.bam	CCIS24254057ST-4-0.snv.bam	CCIS63468405ST-4-0.snv.bam	CCIS87167916ST-4-0.snv.bam	CCMD12232071ST-21-0.snv.bam	CCMD42428553ST-21-0.snv.bam	CCMD87156761ST-21-0.snv.bam	M2.4-V3.metaG.snv.bam	MH0197.snv.bam	MH0200.snv.bam	MH0203.snv.bam	MH0220.snv.bam	MH0244.snv.bam	MH0268.snv.bam	MH0337.snv.bam	MH0399.snv.bam	MH0402.snv.bam	MH0406.snv.bam	MH0424.snv.bam	MH0426.snv.bam	MH0437.snv.bam	MH0442.snv.bam	MH0450.snv.bam	MMRS32573774ST-27-0-0.snv.bam	MMRS43939546ST-27-0-0.snv.bam	MMRS77018926ST-27-0-0.snv.bam	MMRS77487595ST-27-0-0.snv.bam	NG-5636_193.snv.bam	NG-5636_640.snv.bam	O2.UC12-1.snv.bam	T2D-11A.snv.bam	V1.CD50-0.snv.bam	V1.FI02.snv.bam	V1.FI04.snv.bam	V1.FI11.snv.bam	V1.FI12.snv.bam	V1.FI14.snv.bam	V1.FI31.snv.bam	V1.FI36.snv.bam	V1.UC26-4.snv.bam	V1.UC62-0.snv.bam
158337416-stool2.snv.bam	0.0	0.194980694981	0.204633204633	0.206563706564	0.0444015444015	0.179536679537	0.034749034749	0.0328185328185	0.034749034749	0.104247104247	0.121621621622	0.23166023166	0.216216216216	0.200772200772	0.179536679537	0.222007722008	0.110038610039	0.119691119691	0.212355212355	0.225868725869	0.214285714286	0.135135135135	0.034749034749	0.127413127413	0.218146718147	0.175675675676	0.0444015444015	0.0444015444015	0.15444015444	0.204633204633	0.164092664093	0.208494208494	0.173745173745	0.206563706564	0.233590733591	0.160231660232	0.146718146718	0.19111969112	0.204633204633	0.222007722008	0.189189189189	0.15444015444	0.218146718147	0.150579150579	0.0501930501931	0.0579150579151	0.212355212355	0.0772200772201	0.138996138996	0.175675675676	0.204633204633	0.0637065637066	0.138996138996	0.135135135135	0.135135135135	0.200772200772	0.227799227799	0.138996138996	0.169884169884	0.15250965251	0.160231660232	0.117760617761	0.138996138996	0.198841698842	0.227799227799	0.0579150579151	0.204633204633	0.220077220077	0.167953667954	0.0637065637066	0.216216216216	0.216216216216	0.216216216216
158458797-stool1.snv.bam	0.194980694981	0.0	0.164092664093	0.169884169884	0.127413127413	0.167953667954	0.181467181467	0.158301158301	0.187258687259	0.125482625483	0.108108108108	0.0714285714286	0.179536679537	0.140926640927	0.133204633205	0.173745173745	0.0888030888031	0.0907335907336	0.177606177606	0.0694980694981	0.0714285714286	0.0907335907336	0.169884169884	0.137065637066	0.0888030888031	0.135135135135	0.183397683398	0.183397683398	0.135135135135	0.108108108108	0.0733590733591	0.150579150579	0.0540540540541	0.148648648649	0.121621621622	0.150579150579	0.102316602317	0.15444015444	0.166023166023	0.119691119691	0.131274131274	0.117760617761	0.0926640926641	0.111969111969	0.162162162162	0.169884169884	0.150579150579	0.11583011583	0.0868725868726	0.148648648649	0.150579150579	0.129343629344	0.0888030888031	0.0926640926641	0.0965250965251	0.142857142857	0.0598455598456	0.1138996139	0.148648648649	0.140926640927	0.137065637066	0.0888030888031	0.117760617761	0.204633204633	0.0907335907336	0.169884169884	0.148648648649	0.164092664093	0.138996138996	0.158301158301	0.108108108108	0.0752895752896	0.0772200772201
158479027-stool1.snv.bam	0.204633204633	0.164092664093	0.0	0.0	0.11583011583	0.189189189189	0.189189189189	0.162162162162	0.19111969112	0.117760617761	0.0907335907336	0.171814671815	0.179536679537	0.177606177606	0.15444015444	0.0173745173745	0.100386100386	0.0752895752896	0.003861003861	0.179536679537	0.142857142857	0.0791505791506	0.173745173745	0.15250965251	0.156370656371	0.162162162162	0.196911196911	0.196911196911	0.129343629344	0.125482625483	0.110038610039	0.164092664093	0.121621621622	0.179536679537	0.156370656371	0.144787644788	0.123552123552	0.183397683398	0.171814671815	0.15250965251	0.148648648649	0.146718146718	0.150579150579	0.104247104247	0.175675675676	0.171814671815	0.171814671815	0.0984555984556	0.0945945945946	0.129343629344	0.179536679537	0.117760617761	0.0752895752896	0.0868725868726	0.0772200772201	0.156370656371	0.173745173745	0.106177606178	0.179536679537	0.148648648649	0.140926640927	0.0868725868726	0.121621621622	0.208494208494	0.15250965251	0.169884169884	0.166023166023	0.181467181467	0.125482625483	0.15444015444	0.15444015444	0.160231660232	0.177606177606
158479027-stool2.snv.bam	0.206563706564	0.169884169884	0.0	0.0	0.125482625483	0.19111969112	0.19111969112	0.166023166023	0.19305019305	0.117760617761	0.104247104247	0.175675675676	0.185328185328	0.183397683398	0.158301158301	0.015444015444	0.1138996139	0.0868725868726	0.0019305019305	0.185328185328	0.150579150579	0.0868725868726	0.177606177606	0.156370656371	0.160231660232	0.171814671815	0.200772200772	0.200772200772	0.140926640927	0.135135135135	0.117760617761	0.171814671815	0.129343629344	0.185328185328	0.160231660232	0.148648648649	0.131274131274	0.189189189189	0.179536679537	0.156370656371	0.156370656371	0.15444015444	0.15444015444	0.111969111969	0.175675675676	0.171814671815	0.177606177606	0.104247104247	0.0965250965251	0.127413127413	0.185328185328	0.117760617761	0.0888030888031	0.100386100386	0.0888030888031	0.164092664093	0.175675675676	0.117760617761	0.185328185328	0.15444015444	0.144787644788	0.0888030888031	0.127413127413	0.216216216216	0.15444015444	0.171814671815	0.171814671815	0.187258687259	0.144787644788	0.158301158301	0.15444015444	0.166023166023	0.181467181467
158742018-stool1.snv.bam	0.0444015444015	0.127413127413	0.11583011583	0.125482625483	0.0	0.135135135135	0.0366795366795	0.0250965250965	0.03861003861	0.0482625482625	0.0328185328185	0.142857142857	0.160231660232	0.137065637066	0.117760617761	0.150579150579	0.0405405405405	0.034749034749	0.142857142857	0.131274131274	0.121621621622	0.0559845559846	0.0250965250965	0.0714285714286	0.137065637066	0.123552123552	0.0579150579151	0.0579150579151	0.0888030888031	0.0926640926641	0.0926640926641	0.131274131274	0.0868725868726	0.133204633205	0.138996138996	0.108108108108	0.0714285714286	0.119691119691	0.1138996139	0.110038610039	0.111969111969	0.046332046332	0.138996138996	0.0598455598456	0.0675675675676	0.0501930501931	0.133204633205	0.030888030888	0.0521235521236	0.106177606178	0.127413127413	0.0366795366795	0.0482625482625	0.0579150579151	0.0540540540541	0.119691119691	0.137065637066	0.0617760617761	0.121621621622	0.0926640926641	0.1138996139	0.0521235521236	0.0830115830116	0.0656370656371	0.148648648649	0.0482625482625	0.131274131274	0.140926640927	0.0888030888031	0.0444015444015	0.125482625483	0.146718146718	0.144787644788
158802708-stool1.snv.bam	0.179536679537	0.167953667954	0.189189189189	0.19111969112	0.135135135135	0.0	0.162162162162	0.142857142857	0.166023166023	0.110038610039	0.102316602317	0.200772200772	0.206563706564	0.202702702703	0.177606177606	0.200772200772	0.131274131274	0.102316602317	0.198841698842	0.198841698842	0.19111969112	0.1138996139	0.15444015444	0.0405405405405	0.194980694981	0.183397683398	0.158301158301	0.158301158301	0.0521235521236	0.158301158301	0.131274131274	0.187258687259	0.142857142857	0.177606177606	0.19111969112	0.15444015444	0.111969111969	0.167953667954	0.179536679537	0.183397683398	0.162162162162	0.138996138996	0.19305019305	0.117760617761	0.158301158301	0.15444015444	0.173745173745	0.121621621622	0.0965250965251	0.0617760617761	0.175675675676	0.100386100386	0.106177606178	0.108108108108	0.0907335907336	0.158301158301	0.19111969112	0.0945945945946	0.146718146718	0.166023166023	0.140926640927	0.0810810810811	0.117760617761	0.208494208494	0.196911196911	0.15444015444	0.169884169884	0.187258687259	0.150579150579	0.150579150579	0.181467181467	0.185328185328	0.194980694981
158944319-stool1.snv.bam	0.034749034749	0.181467181467	0.189189189189	0.19111969112	0.0366795366795	0.162162162162	0.0	0.0	0.0	0.0849420849421	0.0984555984556	0.208494208494	0.204633204633	0.181467181467	0.160231660232	0.206563706564	0.0868725868726	0.102316602317	0.196911196911	0.202702702703	0.206563706564	0.119691119691	0.0	0.137065637066	0.210424710425	0.164092664093	0.0173745173745	0.0173745173745	0.135135135135	0.179536679537	0.148648648649	0.194980694981	0.15444015444	0.19111969112	0.206563706564	0.146718146718	0.131274131274	0.177606177606	0.189189189189	0.194980694981	0.173745173745	0.133204633205	0.210424710425	0.146718146718	0.0598455598456	0.0405405405405	0.194980694981	0.0598455598456	0.1138996139	0.158301158301	0.189189189189	0.0598455598456	0.121621621622	0.117760617761	0.117760617761	0.173745173745	0.204633204633	0.121621621622	0.166023166023	0.137065637066	0.144787644788	0.100386100386	0.125482625483	0.177606177606	0.214285714286	0.0405405405405	0.187258687259	0.202702702703	0.140926640927	0.0444015444015	0.19305019305	0.208494208494	0.216216216216
158944319-stool2.snv.bam	0.0328185328185	0.158301158301	0.162162162162	0.166023166023	0.0250965250965	0.142857142857	0.0	0.0	0.0	0.0772200772201	0.0868725868726	0.183397683398	0.185328185328	0.156370656371	0.137065637066	0.177606177606	0.0772200772201	0.0849420849421	0.169884169884	0.175675675676	0.181467181467	0.108108108108	0.0	0.117760617761	0.189189189189	0.142857142857	0.0173745173745	0.0173745173745	0.11583011583	0.160231660232	0.133204633205	0.169884169884	0.137065637066	0.169884169884	0.179536679537	0.131274131274	0.1138996139	0.160231660232	0.166023166023	0.169884169884	0.150579150579	0.11583011583	0.189189189189	0.123552123552	0.0559845559846	0.03861003861	0.167953667954	0.0521235521236	0.104247104247	0.131274131274	0.166023166023	0.0521235521236	0.104247104247	0.104247104247	0.104247104247	0.156370656371	0.175675675676	0.102316602317	0.142857142857	0.11583011583	0.137065637066	0.0926640926641	0.111969111969	0.160231660232	0.189189189189	0.03861003861	0.162162162162	0.175675675676	0.117760617761	0.0405405405405	0.167953667954	0.185328185328	0.19111969112
158944319-stool3.snv.bam	0.034749034749	0.187258687259	0.19111969112	0.19305019305	0.03861003861	0.166023166023	0.0	0.0	0.0	0.0868725868726	0.100386100386	0.214285714286	0.210424710425	0.187258687259	0.166023166023	0.208494208494	0.0907335907336	0.104247104247	0.198841698842	0.208494208494	0.210424710425	0.123552123552	0.0	0.140926640927	0.216216216216	0.169884169884	0.0173745173745	0.0173745173745	0.138996138996	0.185328185328	0.15250965251	0.198841698842	0.158301158301	0.196911196911	0.212355212355	0.150579150579	0.135135135135	0.181467181467	0.194980694981	0.200772200772	0.177606177606	0.137065637066	0.216216216216	0.148648648649	0.0617760617761	0.042471042471	0.198841698842	0.0656370656371	0.121621621622	0.162162162162	0.194980694981	0.0617760617761	0.129343629344	0.121621621622	0.123552123552	0.179536679537	0.210424710425	0.125482625483	0.167953667954	0.138996138996	0.150579150579	0.106177606178	0.131274131274	0.181467181467	0.218146718147	0.042471042471	0.19111969112	0.206563706564	0.146718146718	0.046332046332	0.198841698842	0.214285714286	0.222007722008
159207311-stool2.snv.bam	0.104247104247	0.125482625483	0.117760617761	0.117760617761	0.0482625482625	0.110038610039	0.0849420849421	0.0772200772201	0.0868725868726	0.0	0.00772200772201	0.160231660232	0.146718146718	0.131274131274	0.1138996139	0.138996138996	0.0521235521236	0.034749034749	0.133204633205	0.15444015444	0.129343629344	0.0482625482625	0.0772200772201	0.0617760617761	0.15250965251	0.108108108108	0.0907335907336	0.0907335907336	0.0521235521236	0.110038610039	0.0907335907336	0.133204633205	0.0907335907336	0.11583011583	0.15250965251	0.108108108108	0.0598455598456	0.11583011583	0.11583011583	0.138996138996	0.100386100386	0.0888030888031	0.150579150579	0.0714285714286	0.0965250965251	0.0810810810811	0.1138996139	0.0405405405405	0.0405405405405	0.1138996139	0.117760617761	0.0405405405405	0.0501930501931	0.0521235521236	0.0328185328185	0.129343629344	0.15250965251	0.0482625482625	0.108108108108	0.0965250965251	0.108108108108	0.03861003861	0.0675675675676	0.133204633205	0.150579150579	0.0752895752896	0.106177606178	0.121621621622	0.0752895752896	0.0791505791506	0.146718146718	0.142857142857	0.158301158301
159207311-stool3.snv.bam	0.121621621622	0.108108108108	0.0907335907336	0.104247104247	0.0328185328185	0.102316602317	0.0984555984556	0.0868725868726	0.100386100386	0.00772200772201	0.0	0.1138996139	0.129343629344	0.119691119691	0.106177606178	0.125482625483	0.0173745173745	0.0173745173745	0.119691119691	0.0965250965251	0.0617760617761	0.015444015444	0.0888030888031	0.0501930501931	0.1138996139	0.104247104247	0.104247104247	0.104247104247	0.046332046332	0.0598455598456	0.0598455598456	0.117760617761	0.0501930501931	0.111969111969	0.121621621622	0.0830115830116	0.042471042471	0.100386100386	0.104247104247	0.108108108108	0.0868725868726	0.0579150579151	0.11583011583	0.0328185328185	0.0965250965251	0.0752895752896	0.117760617761	0.019305019305	0.0135135135135	0.0965250965251	0.111969111969	0.034749034749	0.019305019305	0.030888030888	0.0135135135135	0.106177606178	0.11583011583	0.0328185328185	0.106177606178	0.0675675675676	0.0849420849421	0.0135135135135	0.0501930501931	0.127413127413	0.117760617761	0.0772200772201	0.108108108108	0.125482625483	0.0501930501931	0.0656370656371	0.102316602317	0.111969111969	0.131274131274
159227541-stool2.snv.bam	0.23166023166	0.0714285714286	0.171814671815	0.175675675676	0.142857142857	0.200772200772	0.208494208494	0.183397683398	0.214285714286	0.160231660232	0.1138996139	0.0	0.196911196911	0.204633204633	0.19305019305	0.179536679537	0.1138996139	0.110038610039	0.183397683398	0.015444015444	0.0733590733591	0.106177606178	0.196911196911	0.166023166023	0.0733590733591	0.185328185328	0.214285714286	0.214285714286	0.164092664093	0.108108108108	0.0772200772201	0.164092664093	0.0675675675676	0.206563706564	0.117760617761	0.173745173745	0.135135135135	0.185328185328	0.196911196911	0.117760617761	0.183397683398	0.131274131274	0.0772200772201	0.0791505791506	0.187258687259	0.187258687259	0.200772200772	0.127413127413	0.108108108108	0.146718146718	0.208494208494	0.146718146718	0.102316602317	0.129343629344	0.127413127413	0.171814671815	0.011583011583	0.142857142857	0.183397683398	0.164092664093	0.160231660232	0.117760617761	0.140926640927	0.235521235521	0.0733590733591	0.187258687259	0.202702702703	0.218146718147	0.164092664093	0.177606177606	0.0501930501931	0.102316602317	0.0617760617761
159268001-stool2.snv.bam	0.216216216216	0.179536679537	0.179536679537	0.185328185328	0.160231660232	0.206563706564	0.204633204633	0.185328185328	0.210424710425	0.146718146718	0.129343629344	0.196911196911	0.0	0.223938223938	0.200772200772	0.189189189189	0.127413127413	0.11583011583	0.19305019305	0.198841698842	0.166023166023	0.0984555984556	0.202702702703	0.175675675676	0.204633204633	0.196911196911	0.202702702703	0.202702702703	0.162162162162	0.160231660232	0.15250965251	0.202702702703	0.131274131274	0.131274131274	0.202702702703	0.183397683398	0.15250965251	0.0656370656371	0.127413127413	0.198841698842	0.142857142857	0.146718146718	0.202702702703	0.127413127413	0.189189189189	0.187258687259	0.164092664093	0.121621621622	0.129343629344	0.189189189189	0.133204633205	0.140926640927	0.117760617761	0.104247104247	0.123552123552	0.171814671815	0.198841698842	0.146718146718	0.158301158301	0.15250965251	0.162162162162	0.108108108108	0.125482625483	0.214285714286	0.208494208494	0.187258687259	0.169884169884	0.177606177606	0.138996138996	0.181467181467	0.183397683398	0.206563706564	0.212355212355
160178356-stool1.snv.bam	0.200772200772	0.140926640927	0.177606177606	0.183397683398	0.137065637066	0.202702702703	0.181467181467	0.156370656371	0.187258687259	0.131274131274	0.119691119691	0.204633204633	0.223938223938	0.0	0.00579150579151	0.196911196911	0.129343629344	0.100386100386	0.19305019305	0.202702702703	0.158301158301	0.110038610039	0.171814671815	0.173745173745	0.166023166023	0.0328185328185	0.198841698842	0.198841698842	0.156370656371	0.150579150579	0.138996138996	0.167953667954	0.129343629344	0.177606177606	0.164092664093	0.15250965251	0.110038610039	0.194980694981	0.177606177606	0.15444015444	0.148648648649	0.171814671815	0.173745173745	0.146718146718	0.19111969112	0.179536679537	0.164092664093	0.133204633205	0.110038610039	0.177606177606	0.175675675676	0.144787644788	0.108108108108	0.104247104247	0.108108108108	0.183397683398	0.187258687259	0.133204633205	0.183397683398	0.166023166023	0.162162162162	0.108108108108	0.111969111969	0.222007722008	0.196911196911	0.179536679537	0.158301158301	0.171814671815	0.148648648649	0.169884169884	0.173745173745	0.164092664093	0.175675675676
160178356-stool3.snv.bam	0.179536679537	0.133204633205	0.15444015444	0.158301158301	0.117760617761	0.177606177606	0.160231660232	0.137065637066	0.166023166023	0.1138996139	0.106177606178	0.19305019305	0.200772200772	0.00579150579151	0.0	0.179536679537	0.102316602317	0.0830115830116	0.175675675676	0.187258687259	0.140926640927	0.0907335907336	0.150579150579	0.142857142857	0.156370656371	0.034749034749	0.177606177606	0.177606177606	0.135135135135	0.137065637066	0.125482625483	0.162162162162	0.111969111969	0.158301158301	0.15444015444	0.144787644788	0.0926640926641	0.175675675676	0.158301158301	0.144787644788	0.133204633205	0.148648648649	0.164092664093	0.1138996139	0.171814671815	0.158301158301	0.15250965251	0.106177606178	0.0926640926641	0.158301158301	0.156370656371	0.123552123552	0.0945945945946	0.0984555984556	0.0849420849421	0.171814671815	0.175675675676	0.108108108108	0.162162162162	0.150579150579	0.15250965251	0.0868725868726	0.108108108108	0.194980694981	0.185328185328	0.156370656371	0.148648648649	0.160231660232	0.131274131274	0.146718146718	0.167953667954	0.15444015444	0.166023166023
160218816-stool1.snv.bam	0.222007722008	0.173745173745	0.0173745173745	0.015444015444	0.150579150579	0.200772200772	0.206563706564	0.177606177606	0.208494208494	0.138996138996	0.125482625483	0.179536679537	0.189189189189	0.196911196911	0.179536679537	0.0	0.135135135135	0.104247104247	0.0173745173745	0.187258687259	0.162162162162	0.104247104247	0.19305019305	0.169884169884	0.175675675676	0.183397683398	0.204633204633	0.204633204633	0.166023166023	0.148648648649	0.144787644788	0.183397683398	0.133204633205	0.202702702703	0.167953667954	0.167953667954	0.15250965251	0.19305019305	0.196911196911	0.164092664093	0.173745173745	0.15444015444	0.173745173745	0.11583011583	0.177606177606	0.173745173745	0.19111969112	0.11583011583	0.123552123552	0.142857142857	0.202702702703	0.135135135135	0.110038610039	0.123552123552	0.106177606178	0.173745173745	0.177606177606	0.140926640927	0.183397683398	0.162162162162	0.160231660232	0.11583011583	0.127413127413	0.22972972973	0.173745173745	0.173745173745	0.185328185328	0.200772200772	0.158301158301	0.166023166023	0.162162162162	0.175675675676	0.194980694981
160603188-stool2.snv.bam	0.110038610039	0.0888030888031	0.100386100386	0.1138996139	0.0405405405405	0.131274131274	0.0868725868726	0.0772200772201	0.0907335907336	0.0521235521236	0.0173745173745	0.1138996139	0.127413127413	0.129343629344	0.102316602317	0.135135135135	0.0	0.003861003861	0.133204633205	0.0984555984556	0.0656370656371	0.019305019305	0.0791505791506	0.0772200772201	0.108108108108	0.108108108108	0.0984555984556	0.0984555984556	0.0579150579151	0.0637065637066	0.0637065637066	0.11583011583	0.03861003861	0.119691119691	0.121621621622	0.0965250965251	0.0579150579151	0.0945945945946	0.119691119691	0.100386100386	0.0907335907336	0.0733590733591	0.11583011583	0.0501930501931	0.102316602317	0.0810810810811	0.125482625483	0.023166023166	0.0250965250965	0.119691119691	0.121621621622	0.0289575289575	0.030888030888	0.034749034749	0.0366795366795	0.108108108108	0.111969111969	0.046332046332	0.11583011583	0.0714285714286	0.0849420849421	0.030888030888	0.0714285714286	0.131274131274	0.125482625483	0.0791505791506	0.121621621622	0.135135135135	0.0656370656371	0.0714285714286	0.0965250965251	0.121621621622	0.129343629344
160603188-stool3.snv.bam	0.119691119691	0.0907335907336	0.0752895752896	0.0868725868726	0.034749034749	0.102316602317	0.102316602317	0.0849420849421	0.104247104247	0.034749034749	0.0173745173745	0.110038610039	0.11583011583	0.100386100386	0.0830115830116	0.104247104247	0.003861003861	0.0	0.102316602317	0.0926640926641	0.0540540540541	0.00772200772201	0.0888030888031	0.0579150579151	0.100386100386	0.0849420849421	0.1138996139	0.1138996139	0.0444015444015	0.046332046332	0.0482625482625	0.0849420849421	0.0482625482625	0.0965250965251	0.0888030888031	0.0868725868726	0.03861003861	0.0926640926641	0.0810810810811	0.0791505791506	0.0752895752896	0.0579150579151	0.102316602317	0.03861003861	0.108108108108	0.0694980694981	0.104247104247	0.023166023166	0.0135135135135	0.0945945945946	0.0965250965251	0.0250965250965	0.0135135135135	0.0250965250965	0.0135135135135	0.0926640926641	0.106177606178	0.0289575289575	0.104247104247	0.0521235521236	0.0868725868726	0.011583011583	0.0405405405405	0.0984555984556	0.108108108108	0.0888030888031	0.0965250965251	0.111969111969	0.0482625482625	0.0772200772201	0.0868725868726	0.104247104247	0.117760617761
160765029-stool1.snv.bam	0.212355212355	0.177606177606	0.003861003861	0.0019305019305	0.142857142857	0.198841698842	0.196911196911	0.169884169884	0.198841698842	0.133204633205	0.119691119691	0.183397683398	0.19305019305	0.19305019305	0.175675675676	0.0173745173745	0.133204633205	0.102316602317	0.0	0.19111969112	0.166023166023	0.102316602317	0.183397683398	0.166023166023	0.167953667954	0.181467181467	0.206563706564	0.206563706564	0.160231660232	0.146718146718	0.131274131274	0.177606177606	0.138996138996	0.19111969112	0.166023166023	0.15444015444	0.146718146718	0.196911196911	0.185328185328	0.162162162162	0.166023166023	0.166023166023	0.162162162162	0.123552123552	0.183397683398	0.179536679537	0.183397683398	0.117760617761	0.1138996139	0.137065637066	0.19111969112	0.135135135135	0.108108108108	0.119691119691	0.100386100386	0.167953667954	0.183397683398	0.137065637066	0.194980694981	0.160231660232	0.150579150579	0.106177606178	0.133204633205	0.223938223938	0.162162162162	0.179536679537	0.177606177606	0.19305019305	0.15444015444	0.171814671815	0.167953667954	0.171814671815	0.187258687259
161412393-stool2.snv.bam	0.225868725869	0.0694980694981	0.179536679537	0.185328185328	0.131274131274	0.198841698842	0.202702702703	0.175675675676	0.208494208494	0.15444015444	0.0965250965251	0.015444015444	0.198841698842	0.202702702703	0.187258687259	0.187258687259	0.0984555984556	0.0926640926641	0.19111969112	0.0	0.0791505791506	0.0984555984556	0.19305019305	0.164092664093	0.0849420849421	0.183397683398	0.208494208494	0.208494208494	0.142857142857	0.104247104247	0.0694980694981	0.173745173745	0.0791505791506	0.204633204633	0.127413127413	0.167953667954	0.129343629344	0.187258687259	0.194980694981	0.123552123552	0.183397683398	0.127413127413	0.0888030888031	0.0752895752896	0.204633204633	0.204633204633	0.200772200772	0.133204633205	0.100386100386	0.148648648649	0.206563706564	0.150579150579	0.0945945945946	0.119691119691	0.125482625483	0.166023166023	0.019305019305	0.135135135135	0.187258687259	0.169884169884	0.15444015444	0.104247104247	0.140926640927	0.225868725869	0.0868725868726	0.204633204633	0.200772200772	0.218146718147	0.156370656371	0.19305019305	0.0617760617761	0.100386100386	0.0579150579151
706846339-stool1.snv.bam	0.214285714286	0.0714285714286	0.142857142857	0.150579150579	0.121621621622	0.19111969112	0.206563706564	0.181467181467	0.210424710425	0.129343629344	0.0617760617761	0.0733590733591	0.166023166023	0.158301158301	0.140926640927	0.162162162162	0.0656370656371	0.0540540540541	0.166023166023	0.0791505791506	0.0	0.0289575289575	0.19111969112	0.127413127413	0.0868725868726	0.15250965251	0.202702702703	0.202702702703	0.100386100386	0.0907335907336	0.0714285714286	0.142857142857	0.00772200772201	0.167953667954	0.117760617761	0.171814671815	0.0984555984556	0.148648648649	0.164092664093	0.1138996139	0.133204633205	0.104247104247	0.0888030888031	0.0714285714286	0.169884169884	0.166023166023	0.164092664093	0.0965250965251	0.0849420849421	0.146718146718	0.166023166023	0.111969111969	0.0598455598456	0.0810810810811	0.0830115830116	0.160231660232	0.0733590733591	0.0965250965251	0.133204633205	0.138996138996	0.158301158301	0.0637065637066	0.110038610039	0.214285714286	0.0888030888031	0.167953667954	0.166023166023	0.179536679537	0.129343629344	0.146718146718	0.0907335907336	0.123552123552	0.111969111969
706846339-stool2.snv.bam	0.135135135135	0.0907335907336	0.0791505791506	0.0868725868726	0.0559845559846	0.1138996139	0.119691119691	0.108108108108	0.123552123552	0.0482625482625	0.015444015444	0.106177606178	0.0984555984556	0.110038610039	0.0907335907336	0.104247104247	0.019305019305	0.00772200772201	0.102316602317	0.0984555984556	0.0289575289575	0.0	0.110038610039	0.0617760617761	0.100386100386	0.0965250965251	0.121621621622	0.121621621622	0.046332046332	0.0444015444015	0.046332046332	0.102316602317	0.0212355212355	0.0965250965251	0.102316602317	0.0888030888031	0.0444015444015	0.0772200772201	0.0888030888031	0.0907335907336	0.0598455598456	0.0579150579151	0.0984555984556	0.030888030888	0.111969111969	0.100386100386	0.100386100386	0.027027027027	0.00965250965251	0.0945945945946	0.0984555984556	0.0521235521236	0.00579150579151	0.011583011583	0.00579150579151	0.0830115830116	0.104247104247	0.027027027027	0.0926640926641	0.0540540540541	0.0868725868726	0.00965250965251	0.034749034749	0.111969111969	0.102316602317	0.0926640926641	0.0965250965251	0.110038610039	0.0366795366795	0.0907335907336	0.0830115830116	0.108108108108	0.111969111969
763840445-stool2.snv.bam	0.034749034749	0.169884169884	0.173745173745	0.177606177606	0.0250965250965	0.15444015444	0.0	0.0	0.0	0.0772200772201	0.0888030888031	0.196911196911	0.202702702703	0.171814671815	0.150579150579	0.19305019305	0.0791505791506	0.0888030888031	0.183397683398	0.19305019305	0.19111969112	0.110038610039	0.0	0.131274131274	0.198841698842	0.156370656371	0.0173745173745	0.0173745173745	0.125482625483	0.171814671815	0.138996138996	0.185328185328	0.142857142857	0.183397683398	0.194980694981	0.137065637066	0.121621621622	0.171814671815	0.181467181467	0.183397683398	0.164092664093	0.125482625483	0.198841698842	0.133204633205	0.0598455598456	0.0405405405405	0.185328185328	0.0579150579151	0.108108108108	0.146718146718	0.181467181467	0.0540540540541	0.11583011583	0.104247104247	0.110038610039	0.167953667954	0.19305019305	0.111969111969	0.162162162162	0.131274131274	0.137065637066	0.0984555984556	0.121621621622	0.171814671815	0.202702702703	0.0405405405405	0.177606177606	0.19111969112	0.137065637066	0.0405405405405	0.181467181467	0.196911196911	0.204633204633
764083206-stool1.snv.bam	0.127413127413	0.137065637066	0.15250965251	0.156370656371	0.0714285714286	0.0405405405405	0.137065637066	0.117760617761	0.140926640927	0.0617760617761	0.0501930501931	0.166023166023	0.175675675676	0.173745173745	0.142857142857	0.169884169884	0.0772200772201	0.0579150579151	0.166023166023	0.164092664093	0.127413127413	0.0617760617761	0.131274131274	0.0	0.164092664093	0.15250965251	0.138996138996	0.138996138996	0.027027027027	0.0868725868726	0.0907335907336	0.156370656371	0.106177606178	0.158301158301	0.164092664093	0.137065637066	0.0907335907336	0.138996138996	0.15250965251	0.150579150579	0.131274131274	0.108108108108	0.166023166023	0.0694980694981	0.125482625483	0.121621621622	0.15444015444	0.0791505791506	0.0637065637066	0.0559845559846	0.156370656371	0.0540540540541	0.0656370656371	0.0733590733591	0.0444015444015	0.146718146718	0.160231660232	0.0675675675676	0.129343629344	0.135135135135	0.123552123552	0.0579150579151	0.0888030888031	0.169884169884	0.164092664093	0.123552123552	0.15250965251	0.167953667954	0.110038610039	0.119691119691	0.146718146718	0.162162162162	0.164092664093
764649650-stool2.snv.bam	0.218146718147	0.0888030888031	0.156370656371	0.160231660232	0.137065637066	0.194980694981	0.210424710425	0.189189189189	0.216216216216	0.15250965251	0.1138996139	0.0733590733591	0.204633204633	0.166023166023	0.156370656371	0.175675675676	0.108108108108	0.100386100386	0.167953667954	0.0849420849421	0.0868725868726	0.100386100386	0.198841698842	0.164092664093	0.0	0.160231660232	0.220077220077	0.220077220077	0.140926640927	0.106177606178	0.0328185328185	0.169884169884	0.0830115830116	0.179536679537	0.0965250965251	0.160231660232	0.106177606178	0.19111969112	0.158301158301	0.0965250965251	0.162162162162	0.123552123552	0.0	0.0926640926641	0.187258687259	0.187258687259	0.179536679537	0.125482625483	0.104247104247	0.144787644788	0.183397683398	0.131274131274	0.0907335907336	0.11583011583	0.1138996139	0.166023166023	0.0791505791506	0.123552123552	0.177606177606	0.169884169884	0.142857142857	0.0926640926641	0.135135135135	0.19111969112	0.042471042471	0.187258687259	0.177606177606	0.194980694981	0.150579150579	0.175675675676	0.121621621622	0.0868725868726	0.0675675675676
765074482-stool1.snv.bam	0.175675675676	0.135135135135	0.162162162162	0.171814671815	0.123552123552	0.183397683398	0.164092664093	0.142857142857	0.169884169884	0.108108108108	0.104247104247	0.185328185328	0.196911196911	0.0328185328185	0.034749034749	0.183397683398	0.108108108108	0.0849420849421	0.181467181467	0.183397683398	0.15250965251	0.0965250965251	0.156370656371	0.15250965251	0.160231660232	0.0	0.183397683398	0.183397683398	0.138996138996	0.140926640927	0.111969111969	0.164092664093	0.1138996139	0.158301158301	0.148648648649	0.142857142857	0.100386100386	0.167953667954	0.166023166023	0.142857142857	0.146718146718	0.137065637066	0.162162162162	0.140926640927	0.160231660232	0.162162162162	0.160231660232	0.110038610039	0.0926640926641	0.171814671815	0.160231660232	0.123552123552	0.0984555984556	0.0945945945946	0.0984555984556	0.160231660232	0.171814671815	0.110038610039	0.158301158301	0.146718146718	0.148648648649	0.100386100386	0.106177606178	0.196911196911	0.181467181467	0.164092664093	0.158301158301	0.169884169884	0.131274131274	0.15444015444	0.167953667954	0.150579150579	0.167953667954
765640925-stool1.snv.bam	0.0444015444015	0.183397683398	0.196911196911	0.200772200772	0.0579150579151	0.158301158301	0.0173745173745	0.0173745173745	0.0173745173745	0.0907335907336	0.104247104247	0.214285714286	0.202702702703	0.198841698842	0.177606177606	0.204633204633	0.0984555984556	0.1138996139	0.206563706564	0.208494208494	0.202702702703	0.121621621622	0.0173745173745	0.138996138996	0.220077220077	0.183397683398	0.0	0.0	0.142857142857	0.19111969112	0.156370656371	0.194980694981	0.160231660232	0.204633204633	0.223938223938	0.158301158301	0.142857142857	0.166023166023	0.202702702703	0.212355212355	0.183397683398	0.140926640927	0.220077220077	0.144787644788	0.0559845559846	0.0366795366795	0.206563706564	0.0637065637066	0.135135135135	0.160231660232	0.204633204633	0.0617760617761	0.125482625483	0.123552123552	0.121621621622	0.187258687259	0.210424710425	0.129343629344	0.160231660232	0.146718146718	0.15250965251	0.108108108108	0.127413127413	0.196911196911	0.222007722008	0.0366795366795	0.198841698842	0.214285714286	0.146718146718	0.046332046332	0.198841698842	0.210424710425	0.225868725869
765640925-stool2.snv.bam	0.0444015444015	0.183397683398	0.196911196911	0.200772200772	0.0579150579151	0.158301158301	0.0173745173745	0.0173745173745	0.0173745173745	0.0907335907336	0.104247104247	0.214285714286	0.202702702703	0.198841698842	0.177606177606	0.204633204633	0.0984555984556	0.1138996139	0.206563706564	0.208494208494	0.202702702703	0.121621621622	0.0173745173745	0.138996138996	0.220077220077	0.183397683398	0.0	0.0	0.142857142857	0.19305019305	0.156370656371	0.194980694981	0.160231660232	0.204633204633	0.223938223938	0.158301158301	0.142857142857	0.166023166023	0.202702702703	0.212355212355	0.183397683398	0.140926640927	0.220077220077	0.144787644788	0.0559845559846	0.0366795366795	0.206563706564	0.0637065637066	0.135135135135	0.160231660232	0.204633204633	0.0617760617761	0.125482625483	0.123552123552	0.121621621622	0.187258687259	0.210424710425	0.129343629344	0.160231660232	0.146718146718	0.15250965251	0.108108108108	0.127413127413	0.196911196911	0.222007722008	0.0366795366795	0.198841698842	0.214285714286	0.146718146718	0.046332046332	0.198841698842	0.210424710425	0.225868725869
765701615-stool1.snv.bam	0.15444015444	0.135135135135	0.129343629344	0.140926640927	0.0888030888031	0.0521235521236	0.135135135135	0.11583011583	0.138996138996	0.0521235521236	0.046332046332	0.164092664093	0.162162162162	0.156370656371	0.135135135135	0.166023166023	0.0579150579151	0.0444015444015	0.160231660232	0.142857142857	0.100386100386	0.046332046332	0.125482625483	0.027027027027	0.140926640927	0.138996138996	0.142857142857	0.142857142857	0.0	0.0	0.0849420849421	0.144787644788	0.0675675675676	0.144787644788	0.131274131274	0.125482625483	0.0675675675676	0.121621621622	0.131274131274	0.110038610039	0.123552123552	0.100386100386	0.148648648649	0.0559845559846	0.135135135135	0.119691119691	0.146718146718	0.0791505791506	0.0482625482625	0.0656370656371	0.142857142857	0.0637065637066	0.046332046332	0.0559845559846	0.0250965250965	0.133204633205	0.15444015444	0.0444015444015	0.102316602317	0.110038610039	0.119691119691	0.03861003861	0.0810810810811	0.156370656371	0.150579150579	0.121621621622	0.144787644788	0.160231660232	0.0888030888031	0.125482625483	0.133204633205	0.150579150579	0.160231660232
765701615-stool2.snv.bam	0.204633204633	0.108108108108	0.125482625483	0.135135135135	0.0926640926641	0.158301158301	0.179536679537	0.160231660232	0.185328185328	0.110038610039	0.0598455598456	0.108108108108	0.160231660232	0.150579150579	0.137065637066	0.148648648649	0.0637065637066	0.046332046332	0.146718146718	0.104247104247	0.0907335907336	0.0444015444015	0.171814671815	0.0868725868726	0.106177606178	0.140926640927	0.19111969112	0.19305019305	0.0	0.0	0.0598455598456	0.127413127413	0.0617760617761	0.15250965251	0.046332046332	0.142857142857	0.0849420849421	0.137065637066	0.123552123552	0.046332046332	0.137065637066	0.0965250965251	0.106177606178	0.0501930501931	0.171814671815	0.156370656371	0.160231660232	0.0830115830116	0.0501930501931	0.117760617761	0.15250965251	0.0907335907336	0.042471042471	0.0579150579151	0.0482625482625	0.127413127413	0.102316602317	0.0521235521236	0.140926640927	0.125482625483	0.133204633205	0.0482625482625	0.0984555984556	0.167953667954	0.0733590733591	0.15250965251	0.158301158301	0.175675675676	0.102316602317	0.131274131274	0.0868725868726	0.150579150579	0.137065637066
857980665-stool3.snv.bam	0.164092664093	0.0733590733591	0.110038610039	0.117760617761	0.0926640926641	0.131274131274	0.148648648649	0.133204633205	0.15250965251	0.0907335907336	0.0598455598456	0.0772200772201	0.15250965251	0.138996138996	0.125482625483	0.144787644788	0.0637065637066	0.0482625482625	0.131274131274	0.0694980694981	0.0714285714286	0.046332046332	0.138996138996	0.0907335907336	0.0328185328185	0.111969111969	0.156370656371	0.156370656371	0.0849420849421	0.0598455598456	0.0	0.133204633205	0.0579150579151	0.129343629344	0.0830115830116	0.117760617761	0.0482625482625	0.133204633205	0.106177606178	0.0694980694981	0.108108108108	0.0926640926641	0.034749034749	0.0637065637066	0.138996138996	0.129343629344	0.131274131274	0.0656370656371	0.0482625482625	0.104247104247	0.127413127413	0.0849420849421	0.034749034749	0.0559845559846	0.046332046332	0.1138996139	0.0752895752896	0.0694980694981	0.133204633205	0.110038610039	0.108108108108	0.0501930501931	0.0772200772201	0.150579150579	0.0501930501931	0.131274131274	0.127413127413	0.142857142857	0.0849420849421	0.121621621622	0.0945945945946	0.0849420849421	0.0733590733591
CCIS07539127ST-4-0.snv.bam	0.208494208494	0.150579150579	0.164092664093	0.171814671815	0.131274131274	0.187258687259	0.194980694981	0.169884169884	0.198841698842	0.133204633205	0.117760617761	0.164092664093	0.202702702703	0.167953667954	0.162162162162	0.183397683398	0.11583011583	0.0849420849421	0.177606177606	0.173745173745	0.142857142857	0.102316602317	0.185328185328	0.156370656371	0.169884169884	0.164092664093	0.194980694981	0.194980694981	0.144787644788	0.127413127413	0.133204633205	0.0	0.117760617761	0.185328185328	0.15250965251	0.164092664093	0.125482625483	0.177606177606	0.181467181467	0.150579150579	0.148648648649	0.158301158301	0.166023166023	0.125482625483	0.175675675676	0.177606177606	0.158301158301	0.121621621622	0.108108108108	0.15250965251	0.183397683398	0.129343629344	0.110038610039	0.106177606178	0.100386100386	0.162162162162	0.160231660232	0.123552123552	0.175675675676	0.142857142857	0.156370656371	0.102316602317	0.11583011583	0.218146718147	0.15444015444	0.177606177606	0.150579150579	0.166023166023	0.148648648649	0.171814671815	0.137065637066	0.175675675676	0.196911196911
CCIS11015875ST-4-0.snv.bam	0.173745173745	0.0540540540541	0.121621621622	0.129343629344	0.0868725868726	0.142857142857	0.15444015444	0.137065637066	0.158301158301	0.0907335907336	0.0501930501931	0.0675675675676	0.131274131274	0.129343629344	0.111969111969	0.133204633205	0.03861003861	0.0482625482625	0.138996138996	0.0791505791506	0.00772200772201	0.0212355212355	0.142857142857	0.106177606178	0.0830115830116	0.1138996139	0.160231660232	0.160231660232	0.0675675675676	0.0617760617761	0.0579150579151	0.117760617761	0.0	0.125482625483	0.0868725868726	0.133204633205	0.0675675675676	0.110038610039	0.125482625483	0.0810810810811	0.102316602317	0.0752895752896	0.0791505791506	0.0559845559846	0.135135135135	0.123552123552	0.127413127413	0.0656370656371	0.0444015444015	0.1138996139	0.123552123552	0.0830115830116	0.042471042471	0.0501930501931	0.046332046332	0.119691119691	0.0714285714286	0.0733590733591	0.0945945945946	0.0984555984556	0.121621621622	0.0405405405405	0.0656370656371	0.158301158301	0.0810810810811	0.123552123552	0.127413127413	0.140926640927	0.104247104247	0.110038610039	0.0733590733591	0.11583011583	0.104247104247
CCIS24254057ST-4-0.snv.bam	0.206563706564	0.148648648649	0.179536679537	0.185328185328	0.133204633205	0.177606177606	0.19111969112	0.169884169884	0.196911196911	0.11583011583	0.111969111969	0.206563706564	0.131274131274	0.177606177606	0.158301158301	0.202702702703	0.119691119691	0.0965250965251	0.19111969112	0.204633204633	0.167953667954	0.0965250965251	0.183397683398	0.158301158301	0.179536679537	0.158301158301	0.204633204633	0.204633204633	0.144787644788	0.15250965251	0.129343629344	0.185328185328	0.125482625483	0.0	0.187258687259	0.15444015444	0.0830115830116	0.0926640926641	0.0444015444015	0.181467181467	0.03861003861	0.129343629344	0.181467181467	0.144787644788	0.196911196911	0.189189189189	0.0501930501931	0.127413127413	0.0965250965251	0.183397683398	0.0019305019305	0.137065637066	0.11583011583	0.0656370656371	0.0830115830116	0.15444015444	0.198841698842	0.1138996139	0.150579150579	0.15250965251	0.146718146718	0.0714285714286	0.131274131274	0.175675675676	0.183397683398	0.189189189189	0.0559845559846	0.0559845559846	0.121621621622	0.183397683398	0.19111969112	0.185328185328	0.189189189189
