	CCIS22416007ST-4-0.snv.bam	CCIS32452666ST-4-0.snv.bam	CCMD86114146ST-21-0.snv.bam	MH0187.snv.bam	MH0189.snv.bam	MH0257.snv.bam	MH0308.snv.bam	MH0315.snv.bam	MH0330.snv.bam	MH0338.snv.bam	MH0357.snv.bam	MH0405.snv.bam	MH0407.snv.bam	MH0428.snv.bam	MH0429.snv.bam	MMRS65742083ST-27-0-0.snv.bam	NG-5636_200.snv.bam	NG-5636_436.snv.bam	SAMEA3136738.snv.bam	V1.CD40-0.snv.bam	V1.FI09.snv.bam
CCIS22416007ST-4-0.snv.bam	0.0	0.141119221411	0.133819951338	0.0900243309002	0.184914841849	0.124087591241	0.221411192214	0.0948905109489	0.0900243309002	0.14598540146	0.182481751825	0.150851581509	0.160583941606	0.182481751825	0.121654501217	0.119221411192	0.138686131387	0.109489051095	0.16301703163	0.126520681265	0.165450121655
CCIS32452666ST-4-0.snv.bam	0.141119221411	0.0	0.170316301703	0.12895377129	0.201946472019	0.172749391727	0.267639902676	0.165450121655	0.124087591241	0.148418491484	0.228710462287	0.201946472019	0.201946472019	0.204379562044	0.119221411192	0.158150851582	0.165450121655	0.155717761557	0.194647201946	0.138686131387	0.175182481752
CCMD86114146ST-21-0.snv.bam	0.133819951338	0.170316301703	0.0	0.148418491484	0.221411192214	0.138686131387	0.255474452555	0.107055961071	0.0973236009732	0.116788321168	0.201946472019	0.204379562044	0.204379562044	0.214111922141	0.143552311436	0.0948905109489	0.158150851582	0.0729927007299	0.201946472019	0.150851581509	0.204379562044
MH0187.snv.bam	0.0900243309002	0.12895377129	0.148418491484	0.0	0.182481751825	0.131386861314	0.233576642336	0.14598540146	0.0900243309002	0.141119221411	0.194647201946	0.16301703163	0.170316301703	0.148418491484	0.0973236009732	0.158150851582	0.141119221411	0.138686131387	0.158150851582	0.114355231144	0.153284671533
MH0189.snv.bam	0.184914841849	0.201946472019	0.221411192214	0.182481751825	0.0	0.21897810219	0.228710462287	0.21897810219	0.177615571776	0.201946472019	0.226277372263	0.197080291971	0.204379562044	0.226277372263	0.189781021898	0.204379562044	0.214111922141	0.199513381995	0.199513381995	0.211678832117	0.189781021898
MH0257.snv.bam	0.124087591241	0.172749391727	0.138686131387	0.131386861314	0.21897810219	0.0	0.25304136253	0.138686131387	0.109489051095	0.150851581509	0.223844282238	0.192214111922	0.192214111922	0.221411192214	0.131386861314	0.102189781022	0.121654501217	0.104622871046	0.211678832117	0.126520681265	0.199513381995
MH0308.snv.bam	0.221411192214	0.267639902676	0.255474452555	0.233576642336	0.228710462287	0.25304136253	0.0	0.231143552311	0.228710462287	0.255474452555	0.21897810219	0.214111922141	0.21897810219	0.23600973236	0.238442822384	0.23600973236	0.233576642336	0.23600973236	0.265206812652	0.216545012165	0.233576642336
MH0315.snv.bam	0.0948905109489	0.165450121655	0.107055961071	0.14598540146	0.21897810219	0.138686131387	0.231143552311	0.0	0.0924574209246	0.141119221411	0.192214111922	0.189781021898	0.194647201946	0.214111922141	0.131386861314	0.0948905109489	0.16301703163	0.0705596107056	0.201946472019	0.14598540146	0.194647201946
MH0330.snv.bam	0.0900243309002	0.124087591241	0.0973236009732	0.0900243309002	0.177615571776	0.109489051095	0.228710462287	0.0924574209246	0.0	0.0997566909976	0.177615571776	0.150851581509	0.14598540146	0.172749391727	0.104622871046	0.0973236009732	0.141119221411	0.0827250608273	0.143552311436	0.133819951338	0.12895377129
MH0338.snv.bam	0.14598540146	0.148418491484	0.116788321168	0.141119221411	0.201946472019	0.150851581509	0.255474452555	0.141119221411	0.0997566909976	0.0	0.21897810219	0.201946472019	0.197080291971	0.201946472019	0.0875912408759	0.138686131387	0.172749391727	0.141119221411	0.201946472019	0.153284671533	0.16301703163
MH0357.snv.bam	0.182481751825	0.228710462287	0.201946472019	0.194647201946	0.226277372263	0.223844282238	0.21897810219	0.192214111922	0.177615571776	0.21897810219	0.0	0.201946472019	0.197080291971	0.214111922141	0.206812652068	0.204379562044	0.214111922141	0.197080291971	0.206812652068	0.192214111922	0.209245742092
MH0405.snv.bam	0.150851581509	0.201946472019	0.204379562044	0.16301703163	0.197080291971	0.192214111922	0.214111922141	0.189781021898	0.150851581509	0.201946472019	0.201946472019	0.0	0.014598540146	0.170316301703	0.187347931873	0.172749391727	0.197080291971	0.175182481752	0.182481751825	0.175182481752	0.16301703163
MH0407.snv.bam	0.160583941606	0.201946472019	0.204379562044	0.170316301703	0.204379562044	0.192214111922	0.21897810219	0.194647201946	0.14598540146	0.197080291971	0.197080291971	0.014598540146	0.0	0.170316301703	0.182481751825	0.172749391727	0.206812652068	0.1800486618	0.182481751825	0.182481751825	0.167883211679
MH0428.snv.bam	0.182481751825	0.204379562044	0.214111922141	0.148418491484	0.226277372263	0.221411192214	0.23600973236	0.214111922141	0.172749391727	0.201946472019	0.214111922141	0.170316301703	0.170316301703	0.0	0.189781021898	0.221411192214	0.214111922141	0.199513381995	0.175182481752	0.189781021898	0.214111922141
MH0429.snv.bam	0.121654501217	0.119221411192	0.143552311436	0.0973236009732	0.189781021898	0.131386861314	0.238442822384	0.131386861314	0.104622871046	0.0875912408759	0.206812652068	0.187347931873	0.182481751825	0.189781021898	0.0	0.136253041363	0.155717761557	0.126520681265	0.167883211679	0.114355231144	0.158150851582
MMRS65742083ST-27-0-0.snv.bam	0.119221411192	0.158150851582	0.0948905109489	0.158150851582	0.204379562044	0.102189781022	0.23600973236	0.0948905109489	0.0973236009732	0.138686131387	0.204379562044	0.172749391727	0.172749391727	0.221411192214	0.136253041363	0.0	0.150851581509	0.0608272506083	0.199513381995	0.138686131387	0.182481751825
NG-5636_200.snv.bam	0.138686131387	0.165450121655	0.158150851582	0.141119221411	0.214111922141	0.121654501217	0.233576642336	0.16301703163	0.141119221411	0.172749391727	0.214111922141	0.197080291971	0.206812652068	0.214111922141	0.155717761557	0.150851581509	0.0	0.126520681265	0.197080291971	0.111922141119	0.189781021898
NG-5636_436.snv.bam	0.109489051095	0.155717761557	0.0729927007299	0.138686131387	0.199513381995	0.104622871046	0.23600973236	0.0705596107056	0.0827250608273	0.141119221411	0.197080291971	0.175182481752	0.1800486618	0.199513381995	0.126520681265	0.0608272506083	0.126520681265	0.0	0.187347931873	0.114355231144	0.175182481752
SAMEA3136738.snv.bam	0.16301703163	0.194647201946	0.201946472019	0.158150851582	0.199513381995	0.211678832117	0.265206812652	0.201946472019	0.143552311436	0.201946472019	0.206812652068	0.182481751825	0.182481751825	0.175182481752	0.167883211679	0.199513381995	0.197080291971	0.187347931873	0.0	0.177615571776	0.182481751825
V1.CD40-0.snv.bam	0.126520681265	0.138686131387	0.150851581509	0.114355231144	0.211678832117	0.126520681265	0.216545012165	0.14598540146	0.133819951338	0.153284671533	0.192214111922	0.175182481752	0.182481751825	0.189781021898	0.114355231144	0.138686131387	0.111922141119	0.114355231144	0.177615571776	0.0	0.1800486618
V1.FI09.snv.bam	0.165450121655	0.175182481752	0.204379562044	0.153284671533	0.189781021898	0.199513381995	0.233576642336	0.194647201946	0.12895377129	0.16301703163	0.209245742092	0.16301703163	0.167883211679	0.214111922141	0.158150851582	0.182481751825	0.189781021898	0.175182481752	0.182481751825	0.1800486618	0.0
