	158499257-stool1.snv.bam	CCIS14449628ST-4-0.snv.bam	CCIS16383318ST-4-0.snv.bam	CCIS22958137ST-20-0.snv.bam	CCIS84543192ST-4-0.snv.bam	CCMD23101338ST-21-0.snv.bam	CCMD46222674ST-21-0.snv.bam	CCMD86114146ST-21-0.snv.bam	M4.1-V3.metaG.snv.bam	M4.1-V3.metaT.snv.bam	M4.2-V2.metaG.snv.bam	M4.2-V3.metaT.snv.bam	M4.4-V1.metaG.snv.bam	MH0189.snv.bam	MH0197.snv.bam	MH0200.snv.bam	MH0222.snv.bam	MH0243.snv.bam	MH0262.snv.bam	MH0264.snv.bam	MH0276.snv.bam	MH0283.snv.bam	MH0284.snv.bam	MH0303.snv.bam	MH0357.snv.bam	MH0374.snv.bam	MH0393.snv.bam	MH0402.snv.bam	MH0414.snv.bam	MH0428.snv.bam	MH0431.snv.bam	MH0437.snv.bam	MH0450.snv.bam	NG-5636_479.snv.bam	O2.CD2-0.snv.bam	O2.UC12-1.snv.bam	O2.UC44-1.snv.bam	O2.UC44-2.snv.bam	SAMEA3136743.snv.bam	SAMEA3136759.snv.bam	SZEY-101A.snv.bam	V1.FI09.snv.bam	V1.FI25.snv.bam	V1.FI31.snv.bam	V1.UC58-0.snv.bam
158499257-stool1.snv.bam	0.0	0.100494233937	0.0996705107084	0.0947281713344	0.0914332784185	0.0947281713344	0.102965403624	0.110378912685	0.0856672158155	0.0947281713344	0.0906095551895	0.0947281713344	0.0864909390445	0.111202635914	0.124382207578	0.117792421746	0.116144975288	0.112026359143	0.104612850082	0.118616144975	0.125205930807	0.110378912685	0.129324546952	0.135914332784	0.0889621087315	0.107907742998	0.0947281713344	0.111202635914	0.0996705107084	0.110378912685	0.108731466227	0.108731466227	0.121087314662	0.10626029654	0.109555189456	0.128500823723	0.117792421746	0.116144975288	0.10626029654	0.11449752883	0.128500823723	0.0939044481054	0.112850082372	0.107084019769	0.0996705107084
CCIS14449628ST-4-0.snv.bam	0.100494233937	0.0	0.0823723228995	0.0766062602965	0.0708401976936	0.0634266886326	0.0708401976936	0.0897858319605	0.0790774299835	0.0864909390445	0.0831960461285	0.0873146622735	0.0782537067545	0.0947281713344	0.103789126853	0.0906095551895	0.0963756177924	0.0864909390445	0.0848434925865	0.0947281713344	0.107084019769	0.0914332784185	0.100494233937	0.0955518945634	0.0716639209226	0.0889621087315	0.0831960461285	0.0840197693575	0.0815485996705	0.0782537067545	0.0906095551895	0.0947281713344	0.101317957166	0.0840197693575	0.0922570016474	0.0930807248764	0.103789126853	0.102965403624	0.0897858319605	0.0873146622735	0.105436573311	0.0774299835255	0.0914332784185	0.0856672158155	0.0790774299835
CCIS16383318ST-4-0.snv.bam	0.0996705107084	0.0823723228995	0.0	0.0790774299835	0.0766062602965	0.0675453047776	0.0774299835255	0.0873146622735	0.0823723228995	0.0906095551895	0.0873146622735	0.0906095551895	0.0790774299835	0.0897858319605	0.0996705107084	0.0897858319605	0.101317957166	0.0840197693575	0.0823723228995	0.0848434925865	0.0980230642504	0.0889621087315	0.0996705107084	0.100494233937	0.0667215815486	0.0881383855025	0.0749588138386	0.0831960461285	0.0980230642504	0.0856672158155	0.0881383855025	0.0897858319605	0.104612850082	0.0766062602965	0.0864909390445	0.10626029654	0.101317957166	0.100494233937	0.0922570016474	0.0807248764415	0.116144975288	0.0749588138386	0.0939044481054	0.0881383855025	0.0700164744646
CCIS22958137ST-20-0.snv.bam	0.0947281713344	0.0766062602965	0.0790774299835	0.0	0.0766062602965	0.0683690280066	0.0815485996705	0.0939044481054	0.0790774299835	0.0848434925865	0.0831960461285	0.0856672158155	0.0774299835255	0.0971993410214	0.0980230642504	0.0930807248764	0.0963756177924	0.0922570016474	0.0757825370675	0.0906095551895	0.107084019769	0.0848434925865	0.102141680395	0.101317957166	0.0716639209226	0.0930807248764	0.0799011532125	0.0963756177924	0.0881383855025	0.0881383855025	0.0930807248764	0.0873146622735	0.111202635914	0.0831960461285	0.0947281713344	0.10626029654	0.102965403624	0.102141680395	0.0955518945634	0.0881383855025	0.108731466227	0.0823723228995	0.0955518945634	0.0889621087315	0.0733113673806
CCIS84543192ST-4-0.snv.bam	0.0914332784185	0.0708401976936	0.0766062602965	0.0766062602965	0.0	0.0617792421746	0.0724876441516	0.0683690280066	0.0790774299835	0.0848434925865	0.0840197693575	0.0856672158155	0.0782537067545	0.0823723228995	0.0889621087315	0.0815485996705	0.0889621087315	0.0807248764415	0.0782537067545	0.0831960461285	0.101317957166	0.0741350906096	0.0988467874794	0.0947281713344	0.0617792421746	0.0799011532125	0.0617792421746	0.0930807248764	0.0790774299835	0.0733113673806	0.0716639209226	0.0799011532125	0.0963756177924	0.0716639209226	0.0889621087315	0.0897858319605	0.0922570016474	0.0914332784185	0.0749588138386	0.0815485996705	0.0914332784185	0.0716639209226	0.0914332784185	0.0848434925865	0.0708401976936
CCMD23101338ST-21-0.snv.bam	0.0947281713344	0.0634266886326	0.0675453047776	0.0683690280066	0.0617792421746	0.0	0.0634266886326	0.0733113673806	0.0658978583196	0.0733113673806	0.0700164744646	0.0749588138386	0.0642504118616	0.0790774299835	0.0939044481054	0.0840197693575	0.0930807248764	0.0766062602965	0.0757825370675	0.0741350906096	0.0947281713344	0.0741350906096	0.0881383855025	0.0848434925865	0.0510708401977	0.0790774299835	0.0741350906096	0.0799011532125	0.0799011532125	0.0766062602965	0.0757825370675	0.0766062602965	0.0955518945634	0.0708401976936	0.0799011532125	0.0971993410214	0.0906095551895	0.0906095551895	0.0766062602965	0.0823723228995	0.0996705107084	0.0683690280066	0.0914332784185	0.0749588138386	0.0700164744646
CCMD46222674ST-21-0.snv.bam	0.102965403624	0.0708401976936	0.0774299835255	0.0815485996705	0.0724876441516	0.0634266886326	0.0	0.0856672158155	0.0815485996705	0.0897858319605	0.0864909390445	0.0897858319605	0.0790774299835	0.0873146622735	0.105436573311	0.0930807248764	0.105436573311	0.0881383855025	0.0864909390445	0.0881383855025	0.109555189456	0.0881383855025	0.0996705107084	0.0930807248764	0.0724876441516	0.0906095551895	0.0790774299835	0.0881383855025	0.0856672158155	0.0823723228995	0.0840197693575	0.0930807248764	0.104612850082	0.0856672158155	0.0930807248764	0.110378912685	0.102965403624	0.102141680395	0.0914332784185	0.0823723228995	0.111202635914	0.0749588138386	0.101317957166	0.0897858319605	0.0733113673806
CCMD86114146ST-21-0.snv.bam	0.110378912685	0.0897858319605	0.0873146622735	0.0939044481054	0.0683690280066	0.0733113673806	0.0856672158155	0.0	0.0881383855025	0.0939044481054	0.0914332784185	0.0939044481054	0.0840197693575	0.0906095551895	0.108731466227	0.103789126853	0.107907742998	0.0939044481054	0.0906095551895	0.0906095551895	0.118616144975	0.0971993410214	0.111202635914	0.111202635914	0.0757825370675	0.0939044481054	0.0799011532125	0.0988467874794	0.0988467874794	0.0971993410214	0.0856672158155	0.0963756177924	0.116144975288	0.0864909390445	0.100494233937	0.115321252059	0.0955518945634	0.0939044481054	0.102965403624	0.0971993410214	0.120263591433	0.0831960461285	0.104612850082	0.100494233937	0.0856672158155
M4.1-V3.metaG.snv.bam	0.0856672158155	0.0790774299835	0.0823723228995	0.0790774299835	0.0790774299835	0.0658978583196	0.0815485996705	0.0881383855025	0.0	0.0	0.0	0.0	0.0	0.0963756177924	0.103789126853	0.0930807248764	0.0988467874794	0.0823723228995	0.0831960461285	0.0939044481054	0.103789126853	0.0889621087315	0.110378912685	0.107907742998	0.0650741350906	0.0922570016474	0.0790774299835	0.0749588138386	0.0831960461285	0.0864909390445	0.0881383855025	0.0873146622735	0.100494233937	0.0889621087315	0.0823723228995	0.102141680395	0.0980230642504	0.0971993410214	0.0922570016474	0.0889621087315	0.115321252059	0.0807248764415	0.0914332784185	0.0914332784185	0.0782537067545
M4.1-V3.metaT.snv.bam	0.0947281713344	0.0864909390445	0.0906095551895	0.0848434925865	0.0848434925865	0.0733113673806	0.0897858319605	0.0939044481054	0.0	0.0	0.0	0.0	0.0	0.105436573311	0.111202635914	0.101317957166	0.10626029654	0.0906095551895	0.0906095551895	0.102141680395	0.109555189456	0.0980230642504	0.118616144975	0.115321252059	0.0733113673806	0.100494233937	0.0873146622735	0.0823723228995	0.0939044481054	0.0947281713344	0.0955518945634	0.0963756177924	0.107907742998	0.0947281713344	0.0914332784185	0.108731466227	0.107084019769	0.107084019769	0.0988467874794	0.0963756177924	0.120263591433	0.0881383855025	0.0996705107084	0.0996705107084	0.0864909390445
M4.2-V2.metaG.snv.bam	0.0906095551895	0.0831960461285	0.0873146622735	0.0831960461285	0.0840197693575	0.0700164744646	0.0864909390445	0.0914332784185	0.0	0.0	0.0	0.0	0.0	0.101317957166	0.108731466227	0.0980230642504	0.104612850082	0.0873146622735	0.0881383855025	0.0996705107084	0.10626029654	0.0939044481054	0.116144975288	0.112850082372	0.0700164744646	0.0971993410214	0.0848434925865	0.0782537067545	0.0889621087315	0.0914332784185	0.0930807248764	0.0922570016474	0.105436573311	0.0930807248764	0.0881383855025	0.107084019769	0.103789126853	0.103789126853	0.0971993410214	0.0939044481054	0.118616144975	0.0856672158155	0.0971993410214	0.0963756177924	0.0823723228995
M4.2-V3.metaT.snv.bam	0.0947281713344	0.0873146622735	0.0906095551895	0.0856672158155	0.0856672158155	0.0749588138386	0.0897858319605	0.0939044481054	0.0	0.0	0.0	0.0	0.0	0.105436573311	0.112026359143	0.101317957166	0.108731466227	0.0914332784185	0.0914332784185	0.102965403624	0.110378912685	0.0988467874794	0.119439868204	0.116144975288	0.0741350906096	0.101317957166	0.0881383855025	0.0823723228995	0.0947281713344	0.0955518945634	0.0963756177924	0.0963756177924	0.107907742998	0.0963756177924	0.0914332784185	0.108731466227	0.107907742998	0.107907742998	0.100494233937	0.0980230642504	0.121911037891	0.0881383855025	0.0996705107084	0.100494233937	0.0864909390445
M4.4-V1.metaG.snv.bam	0.0864909390445	0.0782537067545	0.0790774299835	0.0774299835255	0.0782537067545	0.0642504118616	0.0790774299835	0.0840197693575	0.0	0.0	0.0	0.0	0.0	0.0939044481054	0.102141680395	0.0906095551895	0.0963756177924	0.0807248764415	0.0807248764415	0.0914332784185	0.100494233937	0.0856672158155	0.107084019769	0.105436573311	0.0617792421746	0.0897858319605	0.0766062602965	0.0724876441516	0.0840197693575	0.0840197693575	0.0856672158155	0.0848434925865	0.0988467874794	0.0856672158155	0.0815485996705	0.0996705107084	0.0971993410214	0.0963756177924	0.0906095551895	0.0881383855025	0.112026359143	0.0774299835255	0.0906095551895	0.0889621087315	0.0749588138386
MH0189.snv.bam	0.111202635914	0.0947281713344	0.0897858319605	0.0971993410214	0.0823723228995	0.0790774299835	0.0873146622735	0.0906095551895	0.0963756177924	0.105436573311	0.101317957166	0.105436573311	0.0939044481054	0.0	0.112850082372	0.0939044481054	0.112026359143	0.0914332784185	0.100494233937	0.0889621087315	0.10626029654	0.0947281713344	0.115321252059	0.107084019769	0.0840197693575	0.0947281713344	0.0897858319605	0.0996705107084	0.102141680395	0.0914332784185	0.0930807248764	0.0947281713344	0.108731466227	0.0873146622735	0.102965403624	0.121087314662	0.108731466227	0.107907742998	0.104612850082	0.0996705107084	0.117792421746	0.0897858319605	0.110378912685	0.107084019769	0.0881383855025
MH0197.snv.bam	0.124382207578	0.103789126853	0.0996705107084	0.0980230642504	0.0889621087315	0.0939044481054	0.105436573311	0.108731466227	0.103789126853	0.111202635914	0.108731466227	0.112026359143	0.102141680395	0.112850082372	0.0	0.10626029654	0.118616144975	0.11449752883	0.107907742998	0.120263591433	0.128500823723	0.109555189456	0.124382207578	0.12273476112	0.0914332784185	0.113673805601	0.100494233937	0.109555189456	0.112850082372	0.103789126853	0.10626029654	0.110378912685	0.123558484349	0.0609555189456	0.112850082372	0.126853377265	0.127677100494	0.126853377265	0.107084019769	0.111202635914	0.126029654036	0.0939044481054	0.123558484349	0.121911037891	0.0897858319605
MH0200.snv.bam	0.117792421746	0.0906095551895	0.0897858319605	0.0930807248764	0.0815485996705	0.0840197693575	0.0930807248764	0.103789126853	0.0930807248764	0.101317957166	0.0980230642504	0.101317957166	0.0906095551895	0.0939044481054	0.10626029654	0.0	0.112850082372	0.0971993410214	0.103789126853	0.100494233937	0.112850082372	0.0922570016474	0.116968698517	0.104612850082	0.0823723228995	0.102965403624	0.0906095551895	0.102965403624	0.100494233937	0.0914332784185	0.0980230642504	0.0988467874794	0.112850082372	0.0856672158155	0.0922570016474	0.108731466227	0.111202635914	0.111202635914	0.100494233937	0.0930807248764	0.121911037891	0.0889621087315	0.102965403624	0.105436573311	0.0831960461285
MH0222.snv.bam	0.116144975288	0.0963756177924	0.101317957166	0.0963756177924	0.0889621087315	0.0930807248764	0.105436573311	0.107907742998	0.0988467874794	0.10626029654	0.104612850082	0.108731466227	0.0963756177924	0.112026359143	0.118616144975	0.112850082372	0.0	0.111202635914	0.0930807248764	0.112026359143	0.13097199341	0.116968698517	0.124382207578	0.121911037891	0.0815485996705	0.108731466227	0.0914332784185	0.105436573311	0.104612850082	0.10626029654	0.109555189456	0.105436573311	0.121087314662	0.0963756177924	0.116968698517	0.129324546952	0.131795716639	0.13097199341	0.103789126853	0.110378912685	0.126853377265	0.102965403624	0.11449752883	0.102965403624	0.0947281713344
MH0243.snv.bam	0.112026359143	0.0864909390445	0.0840197693575	0.0922570016474	0.0807248764415	0.0766062602965	0.0881383855025	0.0939044481054	0.0823723228995	0.0906095551895	0.0873146622735	0.0914332784185	0.0807248764415	0.0914332784185	0.11449752883	0.0971993410214	0.111202635914	0.0	0.0914332784185	0.0930807248764	0.110378912685	0.0914332784185	0.117792421746	0.107084019769	0.0848434925865	0.0955518945634	0.0815485996705	0.0963756177924	0.0955518945634	0.0939044481054	0.0988467874794	0.0980230642504	0.112026359143	0.0914332784185	0.0971993410214	0.10626029654	0.108731466227	0.107907742998	0.0963756177924	0.105436573311	0.115321252059	0.0873146622735	0.0980230642504	0.10626029654	0.0831960461285
MH0262.snv.bam	0.104612850082	0.0848434925865	0.0823723228995	0.0757825370675	0.0782537067545	0.0757825370675	0.0864909390445	0.0906095551895	0.0831960461285	0.0906095551895	0.0881383855025	0.0914332784185	0.0807248764415	0.100494233937	0.107907742998	0.103789126853	0.0930807248764	0.0914332784185	0.0	0.0930807248764	0.112850082372	0.0971993410214	0.107907742998	0.0988467874794	0.0691927512356	0.0856672158155	0.0708401976936	0.0840197693575	0.0881383855025	0.0914332784185	0.0897858319605	0.0922570016474	0.10626029654	0.0881383855025	0.0947281713344	0.0996705107084	0.101317957166	0.100494233937	0.0963756177924	0.0971993410214	0.107084019769	0.0889621087315	0.0947281713344	0.0873146622735	0.0757825370675
MH0264.snv.bam	0.118616144975	0.0947281713344	0.0848434925865	0.0906095551895	0.0831960461285	0.0741350906096	0.0881383855025	0.0906095551895	0.0939044481054	0.102141680395	0.0996705107084	0.102965403624	0.0914332784185	0.0889621087315	0.120263591433	0.100494233937	0.112026359143	0.0930807248764	0.0930807248764	0.0	0.107084019769	0.103789126853	0.112026359143	0.108731466227	0.0864909390445	0.0996705107084	0.0889621087315	0.0971993410214	0.100494233937	0.0947281713344	0.0971993410214	0.0881383855025	0.117792421746	0.0864909390445	0.0955518945634	0.112026359143	0.107907742998	0.107084019769	0.104612850082	0.0980230642504	0.119439868204	0.0873146622735	0.112850082372	0.103789126853	0.0873146622735
MH0276.snv.bam	0.125205930807	0.107084019769	0.0980230642504	0.107084019769	0.101317957166	0.0947281713344	0.109555189456	0.118616144975	0.103789126853	0.109555189456	0.10626029654	0.110378912685	0.100494233937	0.10626029654	0.128500823723	0.112850082372	0.13097199341	0.110378912685	0.112850082372	0.107084019769	0.0	0.113673805601	0.131795716639	0.124382207578	0.0971993410214	0.116968698517	0.109555189456	0.117792421746	0.117792421746	0.116144975288	0.115321252059	0.111202635914	0.130148270181	0.105436573311	0.123558484349	0.132619439868	0.127677100494	0.126853377265	0.117792421746	0.112850082372	0.1392092257	0.0922570016474	0.125205930807	0.123558484349	0.0996705107084
MH0283.snv.bam	0.110378912685	0.0914332784185	0.0889621087315	0.0848434925865	0.0741350906096	0.0741350906096	0.0881383855025	0.0971993410214	0.0889621087315	0.0980230642504	0.0939044481054	0.0988467874794	0.0856672158155	0.0947281713344	0.109555189456	0.0922570016474	0.116968698517	0.0914332784185	0.0971993410214	0.103789126853	0.113673805601	0.0	0.116968698517	0.105436573311	0.0724876441516	0.0930807248764	0.0848434925865	0.102965403624	0.100494233937	0.0930807248764	0.0930807248764	0.0947281713344	0.116144975288	0.0873146622735	0.0947281713344	0.112850082372	0.105436573311	0.104612850082	0.102141680395	0.102141680395	0.112850082372	0.0856672158155	0.104612850082	0.103789126853	0.0930807248764
MH0284.snv.bam	0.129324546952	0.100494233937	0.0996705107084	0.102141680395	0.0988467874794	0.0881383855025	0.0996705107084	0.111202635914	0.110378912685	0.118616144975	0.116144975288	0.119439868204	0.107084019769	0.115321252059	0.124382207578	0.116968698517	0.124382207578	0.117792421746	0.107907742998	0.112026359143	0.131795716639	0.116968698517	0.0	0.120263591433	0.0980230642504	0.110378912685	0.103789126853	0.110378912685	0.0963756177924	0.102965403624	0.116144975288	0.112026359143	0.125205930807	0.107084019769	0.105436573311	0.118616144975	0.123558484349	0.123558484349	0.109555189456	0.119439868204	0.132619439868	0.0897858319605	0.131795716639	0.11449752883	0.103789126853
MH0303.snv.bam	0.135914332784	0.0955518945634	0.100494233937	0.101317957166	0.0947281713344	0.0848434925865	0.0930807248764	0.111202635914	0.107907742998	0.115321252059	0.112850082372	0.116144975288	0.105436573311	0.107084019769	0.12273476112	0.104612850082	0.121911037891	0.107084019769	0.0988467874794	0.108731466227	0.124382207578	0.105436573311	0.120263591433	0.0	0.0988467874794	0.116144975288	0.0922570016474	0.111202635914	0.105436573311	0.0996705107084	0.104612850082	0.10626029654	0.126029654036	0.102965403624	0.111202635914	0.13097199341	0.121911037891	0.119439868204	0.107084019769	0.105436573311	0.132619439868	0.0963756177924	0.110378912685	0.116144975288	0.0922570016474
MH0357.snv.bam	0.0889621087315	0.0716639209226	0.0667215815486	0.0716639209226	0.0617792421746	0.0510708401977	0.0724876441516	0.0757825370675	0.0650741350906	0.0733113673806	0.0700164744646	0.0741350906096	0.0617792421746	0.0840197693575	0.0914332784185	0.0823723228995	0.0815485996705	0.0848434925865	0.0691927512356	0.0864909390445	0.0971993410214	0.0724876441516	0.0980230642504	0.0988467874794	0.0	0.0708401976936	0.0675453047776	0.0790774299835	0.0807248764415	0.0724876441516	0.0766062602965	0.0741350906096	0.0963756177924	0.0700164744646	0.0733113673806	0.0906095551895	0.0980230642504	0.0971993410214	0.0840197693575	0.0823723228995	0.108731466227	0.0560131795717	0.0864909390445	0.0502471169687	0.0700164744646
MH0374.snv.bam	0.107907742998	0.0889621087315	0.0881383855025	0.0930807248764	0.0799011532125	0.0790774299835	0.0906095551895	0.0939044481054	0.0922570016474	0.100494233937	0.0971993410214	0.101317957166	0.0897858319605	0.0947281713344	0.113673805601	0.102965403624	0.108731466227	0.0955518945634	0.0856672158155	0.0996705107084	0.116968698517	0.0930807248764	0.110378912685	0.116144975288	0.0708401976936	0.0	0.0873146622735	0.0996705107084	0.0947281713344	0.0947281713344	0.0947281713344	0.0971993410214	0.121911037891	0.0914332784185	0.0980230642504	0.113673805601	0.100494233937	0.0996705107084	0.0947281713344	0.102141680395	0.116144975288	0.0848434925865	0.105436573311	0.0823723228995	0.0799011532125
MH0393.snv.bam	0.0947281713344	0.0831960461285	0.0749588138386	0.0799011532125	0.0617792421746	0.0741350906096	0.0790774299835	0.0799011532125	0.0790774299835	0.0873146622735	0.0848434925865	0.0881383855025	0.0766062602965	0.0897858319605	0.100494233937	0.0906095551895	0.0914332784185	0.0815485996705	0.0708401976936	0.0889621087315	0.109555189456	0.0848434925865	0.103789126853	0.0922570016474	0.0675453047776	0.0873146622735	0.0	0.0873146622735	0.0906095551895	0.0906095551895	0.0799011532125	0.0897858319605	0.108731466227	0.0766062602965	0.0914332784185	0.107907742998	0.101317957166	0.100494233937	0.0914332784185	0.0873146622735	0.110378912685	0.0782537067545	0.0914332784185	0.0889621087315	0.0799011532125
MH0402.snv.bam	0.111202635914	0.0840197693575	0.0831960461285	0.0963756177924	0.0930807248764	0.0799011532125	0.0881383855025	0.0988467874794	0.0749588138386	0.0823723228995	0.0782537067545	0.0823723228995	0.0724876441516	0.0996705107084	0.109555189456	0.102965403624	0.105436573311	0.0963756177924	0.0840197693575	0.0971993410214	0.117792421746	0.102965403624	0.110378912685	0.111202635914	0.0790774299835	0.0996705107084	0.0873146622735	0.0	0.0947281713344	0.0922570016474	0.0980230642504	0.103789126853	0.105436573311	0.0897858319605	0.0988467874794	0.109555189456	0.117792421746	0.116968698517	0.0996705107084	0.104612850082	0.110378912685	0.0922570016474	0.102141680395	0.0988467874794	0.0823723228995
MH0414.snv.bam	0.0996705107084	0.0815485996705	0.0980230642504	0.0881383855025	0.0790774299835	0.0799011532125	0.0856672158155	0.0988467874794	0.0831960461285	0.0939044481054	0.0889621087315	0.0947281713344	0.0840197693575	0.102141680395	0.112850082372	0.100494233937	0.104612850082	0.0955518945634	0.0881383855025	0.100494233937	0.117792421746	0.100494233937	0.0963756177924	0.105436573311	0.0807248764415	0.0947281713344	0.0906095551895	0.0947281713344	0.0	0.0848434925865	0.101317957166	0.0930807248764	0.123558484349	0.0906095551895	0.103789126853	0.107907742998	0.118616144975	0.117792421746	0.0963756177924	0.0988467874794	0.112850082372	0.0864909390445	0.107084019769	0.0980230642504	0.0873146622735
MH0428.snv.bam	0.110378912685	0.0782537067545	0.0856672158155	0.0881383855025	0.0733113673806	0.0766062602965	0.0823723228995	0.0971993410214	0.0864909390445	0.0947281713344	0.0914332784185	0.0955518945634	0.0840197693575	0.0914332784185	0.103789126853	0.0914332784185	0.10626029654	0.0939044481054	0.0914332784185	0.0947281713344	0.116144975288	0.0930807248764	0.102965403624	0.0996705107084	0.0724876441516	0.0947281713344	0.0906095551895	0.0922570016474	0.0848434925865	0.0	0.0897858319605	0.0914332784185	0.11449752883	0.0840197693575	0.0996705107084	0.107907742998	0.113673805601	0.112850082372	0.0922570016474	0.0971993410214	0.116144975288	0.0774299835255	0.105436573311	0.0939044481054	0.0790774299835
MH0431.snv.bam	0.108731466227	0.0906095551895	0.0881383855025	0.0930807248764	0.0716639209226	0.0757825370675	0.0840197693575	0.0856672158155	0.0881383855025	0.0955518945634	0.0930807248764	0.0963756177924	0.0856672158155	0.0930807248764	0.10626029654	0.0980230642504	0.109555189456	0.0988467874794	0.0897858319605	0.0971993410214	0.115321252059	0.0930807248764	0.116144975288	0.104612850082	0.0766062602965	0.0947281713344	0.0799011532125	0.0980230642504	0.101317957166	0.0897858319605	0.0	0.0955518945634	0.108731466227	0.0864909390445	0.101317957166	0.113673805601	0.0889621087315	0.0881383855025	0.0963756177924	0.0963756177924	0.117792421746	0.0790774299835	0.102965403624	0.0971993410214	0.0848434925865
MH0437.snv.bam	0.108731466227	0.0947281713344	0.0897858319605	0.0873146622735	0.0799011532125	0.0766062602965	0.0930807248764	0.0963756177924	0.0873146622735	0.0963756177924	0.0922570016474	0.0963756177924	0.0848434925865	0.0947281713344	0.110378912685	0.0988467874794	0.105436573311	0.0980230642504	0.0922570016474	0.0881383855025	0.111202635914	0.0947281713344	0.112026359143	0.10626029654	0.0741350906096	0.0971993410214	0.0897858319605	0.103789126853	0.0930807248764	0.0914332784185	0.0955518945634	0.0	0.116144975288	0.0856672158155	0.0963756177924	0.109555189456	0.109555189456	0.108731466227	0.0889621087315	0.102141680395	0.118616144975	0.0823723228995	0.102965403624	0.0963756177924	0.0848434925865
MH0450.snv.bam	0.121087314662	0.101317957166	0.104612850082	0.111202635914	0.0963756177924	0.0955518945634	0.104612850082	0.116144975288	0.100494233937	0.107907742998	0.105436573311	0.107907742998	0.0988467874794	0.108731466227	0.123558484349	0.112850082372	0.121087314662	0.112026359143	0.10626029654	0.117792421746	0.130148270181	0.116144975288	0.125205930807	0.126029654036	0.0963756177924	0.121911037891	0.108731466227	0.105436573311	0.123558484349	0.11449752883	0.108731466227	0.116144975288	0.0	0.105436573311	0.121911037891	0.131795716639	0.127677100494	0.127677100494	0.119439868204	0.119439868204	0.131795716639	0.0971993410214	0.124382207578	0.123558484349	0.104612850082
NG-5636_479.snv.bam	0.10626029654	0.0840197693575	0.0766062602965	0.0831960461285	0.0716639209226	0.0708401976936	0.0856672158155	0.0864909390445	0.0889621087315	0.0947281713344	0.0930807248764	0.0963756177924	0.0856672158155	0.0873146622735	0.0609555189456	0.0856672158155	0.0963756177924	0.0914332784185	0.0881383855025	0.0864909390445	0.105436573311	0.0873146622735	0.107084019769	0.102965403624	0.0700164744646	0.0914332784185	0.0766062602965	0.0897858319605	0.0906095551895	0.0840197693575	0.0864909390445	0.0856672158155	0.105436573311	0.0	0.0914332784185	0.104612850082	0.104612850082	0.104612850082	0.0914332784185	0.0947281713344	0.107907742998	0.0799011532125	0.102141680395	0.0955518945634	0.0724876441516
O2.CD2-0.snv.bam	0.109555189456	0.0922570016474	0.0864909390445	0.0947281713344	0.0889621087315	0.0799011532125	0.0930807248764	0.100494233937	0.0823723228995	0.0914332784185	0.0881383855025	0.0914332784185	0.0815485996705	0.102965403624	0.112850082372	0.0922570016474	0.116968698517	0.0971993410214	0.0947281713344	0.0955518945634	0.123558484349	0.0947281713344	0.105436573311	0.111202635914	0.0733113673806	0.0980230642504	0.0914332784185	0.0988467874794	0.103789126853	0.0996705107084	0.101317957166	0.0963756177924	0.121911037891	0.0914332784185	0.0	0.108731466227	0.112026359143	0.111202635914	0.10626029654	0.0930807248764	0.116144975288	0.0823723228995	0.102141680395	0.101317957166	0.0831960461285
O2.UC12-1.snv.bam	0.128500823723	0.0930807248764	0.10626029654	0.10626029654	0.0897858319605	0.0971993410214	0.110378912685	0.115321252059	0.102141680395	0.108731466227	0.107084019769	0.108731466227	0.0996705107084	0.121087314662	0.126853377265	0.108731466227	0.129324546952	0.10626029654	0.0996705107084	0.112026359143	0.132619439868	0.112850082372	0.118616144975	0.13097199341	0.0906095551895	0.113673805601	0.107907742998	0.109555189456	0.107907742998	0.107907742998	0.113673805601	0.109555189456	0.131795716639	0.104612850082	0.108731466227	0.0	0.138385502471	0.137561779242	0.102141680395	0.119439868204	0.130148270181	0.0980230642504	0.118616144975	0.123558484349	0.107907742998
O2.UC44-1.snv.bam	0.117792421746	0.103789126853	0.101317957166	0.102965403624	0.0922570016474	0.0906095551895	0.102965403624	0.0955518945634	0.0980230642504	0.107084019769	0.103789126853	0.107907742998	0.0971993410214	0.108731466227	0.127677100494	0.111202635914	0.131795716639	0.108731466227	0.101317957166	0.107907742998	0.127677100494	0.105436573311	0.123558484349	0.121911037891	0.0980230642504	0.100494233937	0.101317957166	0.117792421746	0.118616144975	0.113673805601	0.0889621087315	0.109555189456	0.127677100494	0.104612850082	0.112026359143	0.138385502471	0.0	0.0	0.118616144975	0.11449752883	0.135914332784	0.103789126853	0.11449752883	0.121911037891	0.100494233937
O2.UC44-2.snv.bam	0.116144975288	0.102965403624	0.100494233937	0.102141680395	0.0914332784185	0.0906095551895	0.102141680395	0.0939044481054	0.0971993410214	0.107084019769	0.103789126853	0.107907742998	0.0963756177924	0.107907742998	0.126853377265	0.111202635914	0.13097199341	0.107907742998	0.100494233937	0.107084019769	0.126853377265	0.104612850082	0.123558484349	0.119439868204	0.0971993410214	0.0996705107084	0.100494233937	0.116968698517	0.117792421746	0.112850082372	0.0881383855025	0.108731466227	0.127677100494	0.104612850082	0.111202635914	0.137561779242	0.0	0.0	0.118616144975	0.113673805601	0.133443163097	0.102965403624	0.112850082372	0.120263591433	0.0996705107084
SAMEA3136743.snv.bam	0.10626029654	0.0897858319605	0.0922570016474	0.0955518945634	0.0749588138386	0.0766062602965	0.0914332784185	0.102965403624	0.0922570016474	0.0988467874794	0.0971993410214	0.100494233937	0.0906095551895	0.104612850082	0.107084019769	0.100494233937	0.103789126853	0.0963756177924	0.0963756177924	0.104612850082	0.117792421746	0.102141680395	0.109555189456	0.107084019769	0.0840197693575	0.0947281713344	0.0914332784185	0.0996705107084	0.0963756177924	0.0922570016474	0.0963756177924	0.0889621087315	0.119439868204	0.0914332784185	0.10626029654	0.102141680395	0.118616144975	0.118616144975	0.0	0.0996705107084	0.109555189456	0.0774299835255	0.110378912685	0.0988467874794	0.0881383855025
SAMEA3136759.snv.bam	0.11449752883	0.0873146622735	0.0807248764415	0.0881383855025	0.0815485996705	0.0823723228995	0.0823723228995	0.0971993410214	0.0889621087315	0.0963756177924	0.0939044481054	0.0980230642504	0.0881383855025	0.0996705107084	0.111202635914	0.0930807248764	0.110378912685	0.105436573311	0.0971993410214	0.0980230642504	0.112850082372	0.102141680395	0.119439868204	0.105436573311	0.0823723228995	0.102141680395	0.0873146622735	0.104612850082	0.0988467874794	0.0971993410214	0.0963756177924	0.102141680395	0.119439868204	0.0947281713344	0.0930807248764	0.119439868204	0.11449752883	0.113673805601	0.0996705107084	0.0	0.126853377265	0.0922570016474	0.105436573311	0.0971993410214	0.0807248764415
SZEY-101A.snv.bam	0.128500823723	0.105436573311	0.116144975288	0.108731466227	0.0914332784185	0.0996705107084	0.111202635914	0.120263591433	0.115321252059	0.120263591433	0.118616144975	0.121911037891	0.112026359143	0.117792421746	0.126029654036	0.121911037891	0.126853377265	0.115321252059	0.107084019769	0.119439868204	0.1392092257	0.112850082372	0.132619439868	0.132619439868	0.108731466227	0.116144975288	0.110378912685	0.110378912685	0.112850082372	0.116144975288	0.117792421746	0.118616144975	0.131795716639	0.107907742998	0.116144975288	0.130148270181	0.135914332784	0.133443163097	0.109555189456	0.126853377265	0.0	0.107907742998	0.130148270181	0.127677100494	0.102141680395
V1.FI09.snv.bam	0.0939044481054	0.0774299835255	0.0749588138386	0.0823723228995	0.0716639209226	0.0683690280066	0.0749588138386	0.0831960461285	0.0807248764415	0.0881383855025	0.0856672158155	0.0881383855025	0.0774299835255	0.0897858319605	0.0939044481054	0.0889621087315	0.102965403624	0.0873146622735	0.0889621087315	0.0873146622735	0.0922570016474	0.0856672158155	0.0897858319605	0.0963756177924	0.0560131795717	0.0848434925865	0.0782537067545	0.0922570016474	0.0864909390445	0.0774299835255	0.0790774299835	0.0823723228995	0.0971993410214	0.0799011532125	0.0823723228995	0.0980230642504	0.103789126853	0.102965403624	0.0774299835255	0.0922570016474	0.107907742998	0.0	0.0980230642504	0.0864909390445	0.0741350906096
V1.FI25.snv.bam	0.112850082372	0.0914332784185	0.0939044481054	0.0955518945634	0.0914332784185	0.0914332784185	0.101317957166	0.104612850082	0.0914332784185	0.0996705107084	0.0971993410214	0.0996705107084	0.0906095551895	0.110378912685	0.123558484349	0.102965403624	0.11449752883	0.0980230642504	0.0947281713344	0.112850082372	0.125205930807	0.104612850082	0.131795716639	0.110378912685	0.0864909390445	0.105436573311	0.0914332784185	0.102141680395	0.107084019769	0.105436573311	0.102965403624	0.102965403624	0.124382207578	0.102141680395	0.102141680395	0.118616144975	0.11449752883	0.112850082372	0.110378912685	0.105436573311	0.130148270181	0.0980230642504	0.0	0.110378912685	0.0980230642504
V1.FI31.snv.bam	0.107084019769	0.0856672158155	0.0881383855025	0.0889621087315	0.0848434925865	0.0749588138386	0.0897858319605	0.100494233937	0.0914332784185	0.0996705107084	0.0963756177924	0.100494233937	0.0889621087315	0.107084019769	0.121911037891	0.105436573311	0.102965403624	0.10626029654	0.0873146622735	0.103789126853	0.123558484349	0.103789126853	0.11449752883	0.116144975288	0.0502471169687	0.0823723228995	0.0889621087315	0.0988467874794	0.0980230642504	0.0939044481054	0.0971993410214	0.0963756177924	0.123558484349	0.0955518945634	0.101317957166	0.123558484349	0.121911037891	0.120263591433	0.0988467874794	0.0971993410214	0.127677100494	0.0864909390445	0.110378912685	0.0	0.0889621087315
V1.UC58-0.snv.bam	0.0996705107084	0.0790774299835	0.0700164744646	0.0733113673806	0.0708401976936	0.0700164744646	0.0733113673806	0.0856672158155	0.0782537067545	0.0864909390445	0.0823723228995	0.0864909390445	0.0749588138386	0.0881383855025	0.0897858319605	0.0831960461285	0.0947281713344	0.0831960461285	0.0757825370675	0.0873146622735	0.0996705107084	0.0930807248764	0.103789126853	0.0922570016474	0.0700164744646	0.0799011532125	0.0799011532125	0.0823723228995	0.0873146622735	0.0790774299835	0.0848434925865	0.0848434925865	0.104612850082	0.0724876441516	0.0831960461285	0.107907742998	0.100494233937	0.0996705107084	0.0881383855025	0.0807248764415	0.102141680395	0.0741350906096	0.0980230642504	0.0889621087315	0.0
