	147406386-subgingivalplaque2.snv.bam	147406386-supragingivalplaque2.snv.bam	147406386-supragingivalplaque3.snv.bam	159166850-supragingivalplaque2.snv.bam	159207311-supragingivalplaque1.snv.bam	159207311-supragingivalplaque3.snv.bam	159268001-supragingivalplaque3.snv.bam	160259276-supragingivalplaque1.snv.bam	160380657-supragingivalplaque3.snv.bam	160502038-supragingivalplaque2.snv.bam	160502038-supragingivalplaque3.snv.bam	160603188-supragingivalplaque2.snv.bam	160603188-supragingivalplaque3.snv.bam	533247696-supragingivalplaque1.snv.bam	682102541-supragingivalplaque3.snv.bam	763395383-supragingivalplaque3.snv.bam	763577454-subgingivalplaque2.snv.bam	763759525-supragingivalplaque1.snv.bam	763860675-supragingivalplaque1.snv.bam	763921366-supragingivalplaque3.snv.bam	764366428-subgingivalplaque2.snv.bam	764366428-subgingivalplaque3.snv.bam	764366428-supragingivalplaque2.snv.bam
147406386-subgingivalplaque2.snv.bam	0.0	0.0	0.000273448181572	0.196428571429	0.301412546739	0.301775147929	0.314749905267	0.178571428571	0.29746835443	0.331154332969	0.331330128205	0.319468754076	0.319389210921	0.418549826242	0.291055510438	0.365255934658	0.301282051282	0.163296951978	0.353323428331	0.317073170732	0.273597302169	0.267419343199	0.267848313195
147406386-supragingivalplaque2.snv.bam	0.0	0.0	0.000273448181572	0.176829268293	0.284163473819	0.284848484848	0.296717008037	0.158536585366	0.279220779221	0.314939892557	0.315119949495	0.302971026902	0.302939232527	0.404454064454	0.274635261563	0.352905767388	0.289473684211	0.154983296471	0.34972400326	0.3	0.255880163197	0.249551522302	0.249544521025
147406386-supragingivalplaque3.snv.bam	0.000273448181572	0.000273448181572	0.0	0.170610897083	0.275583362165	0.276456111567	0.294914431238	0.151623555311	0.263219741481	0.313945589257	0.31415920381	0.307841139484	0.307808145321	0.381707184742	0.269791442553	0.355714536658	0.274270399047	0.154255229279	0.330965186436	0.298418972332	0.252663724706	0.246094755675	0.242843878866
159166850-supragingivalplaque2.snv.bam	0.196428571429	0.176829268293	0.170610897083	0.0	0.151724137931	0.154761904762	0.117702208803	0.0538922155689	0.133757961783	0.172506442094	0.172588045635	0.196370353803	0.196387917192	0.272231670446	0.215322877089	0.292400264703	0.277419354839	0.087231512701	0.234969955008	0.147239263804	0.103502153203	0.0983360518151	0.0930412261055
159207311-supragingivalplaque1.snv.bam	0.301412546739	0.284163473819	0.275583362165	0.151724137931	0.0	0.00020772746157	0.15192053833	0.133542319749	0.0647385984427	0.168405392563	0.168498346836	0.175044706112	0.174963331383	0.133919256665	0.224743327692	0.358532702173	0.372323642101	0.19672178079	0.195232614758	0.136860141358	0.218791218937	0.206047375618	0.209612242453
159207311-supragingivalplaque3.snv.bam	0.301775147929	0.284848484848	0.276456111567	0.154761904762	0.00020772746157	0.0	0.155409245926	0.136904761905	0.0696202531646	0.171537147479	0.171628451677	0.171733363644	0.171653433437	0.131746031746	0.22151686296	0.360504238534	0.378205128205	0.198380527169	0.197919949575	0.134146341463	0.221933688005	0.208115084633	0.211665172416
159268001-supragingivalplaque3.snv.bam	0.314749905267	0.296717008037	0.294914431238	0.117702208803	0.15192053833	0.155409245926	0.0	0.162863499126	0.142576123252	0.0719536585321	0.0721092993453	0.213248595003	0.21320621261	0.226278191795	0.221022151231	0.319923718565	0.314193349754	0.197129748261	0.164108210517	0.160555247447	0.184056141609	0.175041273707	0.174549209542
160259276-supragingivalplaque1.snv.bam	0.178571428571	0.158536585366	0.151623555311	0.0538922155689	0.133542319749	0.136904761905	0.162863499126	0.0	0.133757961783	0.190363584951	0.190445188492	0.19041797285	0.19043553624	0.254374527589	0.241512256572	0.293838860299	0.283870967742	0.0854133308828	0.265090436936	0.147239263804	0.121466225059	0.114304115687	0.111446134081
160380657-supragingivalplaque3.snv.bam	0.29746835443	0.279220779221	0.263219741481	0.133757961783	0.0647385984427	0.0696202531646	0.142576123252	0.133757961783	0.0	0.164438400542	0.16458992616	0.221664167443	0.221578672474	0.139662447257	0.23353338676	0.343852433465	0.328767123288	0.193934621047	0.147773279352	0.18064516129	0.186891735299	0.176341123826	0.175079492486
160502038-supragingivalplaque2.snv.bam	0.331154332969	0.314939892557	0.313945589257	0.172506442094	0.168405392563	0.171537147479	0.0719536585321	0.190363584951	0.164438400542	0.0	0.000340155368817	0.248518097545	0.248516024703	0.232226903259	0.266692858467	0.326857799332	0.345875459189	0.22233503133	0.203795801585	0.201157182463	0.239678225337	0.227942251708	0.232281527732
160502038-supragingivalplaque3.snv.bam	0.331330128205	0.315119949495	0.31415920381	0.172588045635	0.168498346836	0.171628451677	0.0721092993453	0.190445188492	0.16458992616	0.000340155368817	0.0	0.248547764662	0.24854569182	0.232368566263	0.266826036673	0.326848230356	0.346120459402	0.222417618046	0.203939161151	0.201187754065	0.239759828878	0.228023855248	0.232365121603
160603188-supragingivalplaque2.snv.bam	0.319468754076	0.302971026902	0.307841139484	0.196370353803	0.175044706112	0.171733363644	0.213248595003	0.19041797285	0.221664167443	0.248518097545	0.248547764662	0.0	0.000176932826331	0.288508041958	0.161615863247	0.361505959288	0.31414944523	0.252258285066	0.359448808307	0.0367252344873	0.273539084543	0.263522773909	0.265028726975
160603188-supragingivalplaque3.snv.bam	0.319389210921	0.302939232527	0.307808145321	0.196387917192	0.174963331383	0.171653433437	0.21320621261	0.19043553624	0.221578672474	0.248516024703	0.24854569182	0.000176932826331	0.0	0.28842811175	0.161535457265	0.361604778533	0.314251431759	0.252276060063	0.359367920852	0.0367269716728	0.273556647932	0.263540337298	0.26504671874
533247696-supragingivalplaque1.snv.bam	0.418549826242	0.404454064454	0.381707184742	0.272231670446	0.133919256665	0.131746031746	0.226278191795	0.254374527589	0.139662447257	0.232226903259	0.232368566263	0.288508041958	0.28842811175	0.0	0.324099913538	0.445869675575	0.280352055352	0.311009798835	0.175840299351	0.254481223384	0.31559392988	0.303527268419	0.295414688483
682102541-supragingivalplaque3.snv.bam	0.291055510438	0.274635261563	0.269791442553	0.215322877089	0.224743327692	0.22151686296	0.221022151231	0.241512256572	0.23353338676	0.266692858467	0.266826036673	0.161615863247	0.161535457265	0.324099913538	0.0	0.400671564727	0.390785748172	0.248622947776	0.337993563405	0.130569360088	0.283951111271	0.271641349836	0.274619137092
763395383-supragingivalplaque3.snv.bam	0.365255934658	0.352905767388	0.355714536658	0.292400264703	0.358532702173	0.360504238534	0.319923718565	0.293838860299	0.343852433465	0.326857799332	0.326848230356	0.361505959288	0.361604778533	0.445869675575	0.400671564727	0.0	0.293751571965	0.335119920092	0.425853560197	0.347977126306	0.304550970102	0.299598291403	0.295039039903
763577454-subgingivalplaque2.snv.bam	0.301282051282	0.289473684211	0.274270399047	0.277419354839	0.372323642101	0.378205128205	0.314193349754	0.283870967742	0.328767123288	0.345875459189	0.346120459402	0.31414944523	0.314251431759	0.280352055352	0.390785748172	0.293751571965	0.0	0.314988483307	0.338004101162	0.337748344371	0.348157075899	0.348100802474	0.334268157517
763759525-supragingivalplaque1.snv.bam	0.163296951978	0.154983296471	0.154255229279	0.087231512701	0.19672178079	0.198380527169	0.197129748261	0.0854133308828	0.193934621047	0.22233503133	0.222417618046	0.252258285066	0.252276060063	0.311009798835	0.248622947776	0.335119920092	0.314988483307	0.0	0.195169952572	0.204917848265	0.15736291446	0.1492722408	0.148110193517
763860675-supragingivalplaque1.snv.bam	0.353323428331	0.34972400326	0.330965186436	0.234969955008	0.195232614758	0.197919949575	0.164108210517	0.265090436936	0.147773279352	0.203795801585	0.203939161151	0.359448808307	0.359367920852	0.175840299351	0.337993563405	0.425853560197	0.338004101162	0.195169952572	0.0	0.314845756366	0.290268728664	0.281720463659	0.26921504722
763921366-supragingivalplaque3.snv.bam	0.317073170732	0.3	0.298418972332	0.147239263804	0.136860141358	0.134146341463	0.160555247447	0.147239263804	0.18064516129	0.201157182463	0.201187754065	0.0367252344873	0.0367269716728	0.254481223384	0.130569360088	0.347977126306	0.337748344371	0.204917848265	0.314845756366	0.0	0.228741469846	0.217447510676	0.218321309913
764366428-subgingivalplaque2.snv.bam	0.273597302169	0.255880163197	0.252663724706	0.103502153203	0.218791218937	0.221933688005	0.184056141609	0.121466225059	0.186891735299	0.239678225337	0.239759828878	0.273539084543	0.273556647932	0.31559392988	0.283951111271	0.304550970102	0.348157075899	0.15736291446	0.290268728664	0.228741469846	0.0	0.0112495103211	0.00500258958444
764366428-subgingivalplaque3.snv.bam	0.267419343199	0.249551522302	0.246094755675	0.0983360518151	0.206047375618	0.208115084633	0.175041273707	0.114304115687	0.176341123826	0.227942251708	0.228023855248	0.263522773909	0.263540337298	0.303527268419	0.271641349836	0.299598291403	0.348100802474	0.1492722408	0.281720463659	0.217447510676	0.0112495103211	0.0	0.0116100477494
764366428-supragingivalplaque2.snv.bam	0.267848313195	0.249544521025	0.242843878866	0.0930412261055	0.209612242453	0.211665172416	0.174549209542	0.111446134081	0.175079492486	0.232281527732	0.232365121603	0.265028726975	0.26504671874	0.295414688483	0.274619137092	0.295039039903	0.334268157517	0.148110193517	0.26921504722	0.218321309913	0.00500258958444	0.0116100477494	0.0
