	763496533-stool2.snv.bam	BYQ_AAAC.snv.bam	BYQ_AAAW.snv.bam	BYQ_AAAZ.snv.bam	CCIS07277498ST-4-0.snv.bam	CCIS16561622ST-4-0.snv.bam	CCIS34604008ST-4-0.snv.bam	CCIS35092938ST-4-0.snv.bam	CCIS41692898ST-4-0.snv.bam	CCIS47745468ST-4-0.snv.bam	CCIS50561855ST-4-0.snv.bam	CCIS77252613ST-4-0.snv.bam	CCIS80834637ST-4-0.snv.bam	CCIS88317640ST-4-0.snv.bam	CCMD26925580ST-21-0.snv.bam	CCMD50071957ST-21-0.snv.bam	HT25A.snv.bam	MMRS77321055ST-27-0-0.snv.bam	MMRS86958796ST-27-0-0.snv.bam	MMRS95479054ST-27-0-0.snv.bam	NG-5636_434.snv.bam	SAMEA3136659.snv.bam	V1.CD8-0-PN.snv.bam	V1.FI16.snv.bam	V1.FI27.snv.bam	V1.FI37.snv.bam	V1.UC22-1.snv.bam	V1.UC55-4.snv.bam	alien-11-7-0.snv.bam	tigress-11-60-0.snv.bam	tigress-11-7-0.snv.bam
763496533-stool2.snv.bam	0.0	0.196652719665	0.196652719665	0.182008368201	0.207112970711	0.182008368201	0.179916317992	0.169456066946	0.188284518828	0.21129707113	0.194560669456	0.223849372385	0.179916317992	0.161087866109	0.188284518828	0.177824267782	0.209205020921	0.219665271967	0.196652719665	0.217573221757	0.190376569038	0.213389121339	0.179916317992	0.190376569038	0.186192468619	0.194560669456	0.205020920502	0.223849372385	0.169456066946	0.167364016736	0.165271966527
BYQ_AAAC.snv.bam	0.196652719665	0.0	0.0	0.200836820084	0.217573221757	0.142259414226	0.182008368201	0.177824267782	0.202928870293	0.223849372385	0.194560669456	0.209205020921	0.0543933054393	0.144351464435	0.0732217573222	0.0481171548117	0.196652719665	0.207112970711	0.188284518828	0.221757322176	0.192468619247	0.219665271967	0.167364016736	0.0376569037657	0.173640167364	0.167364016736	0.198744769874	0.228033472803	0.1589958159	0.152719665272	0.152719665272
BYQ_AAAW.snv.bam	0.196652719665	0.0	0.0	0.200836820084	0.217573221757	0.142259414226	0.182008368201	0.177824267782	0.202928870293	0.223849372385	0.194560669456	0.209205020921	0.0543933054393	0.144351464435	0.0732217573222	0.0481171548117	0.196652719665	0.207112970711	0.188284518828	0.221757322176	0.192468619247	0.219665271967	0.167364016736	0.0376569037657	0.173640167364	0.167364016736	0.198744769874	0.228033472803	0.1589958159	0.152719665272	0.152719665272
BYQ_AAAZ.snv.bam	0.182008368201	0.200836820084	0.200836820084	0.0	0.179916317992	0.152719665272	0.0188284518828	0.0292887029289	0.161087866109	0.225941422594	0.152719665272	0.171548117155	0.188284518828	0.161087866109	0.207112970711	0.177824267782	0.167364016736	0.173640167364	0.154811715481	0.21129707113	0.0585774058577	0.223849372385	0.167364016736	0.192468619247	0.150627615063	0.161087866109	0.161087866109	0.21129707113	0.169456066946	0.165271966527	0.165271966527
CCIS07277498ST-4-0.snv.bam	0.207112970711	0.217573221757	0.217573221757	0.179916317992	0.0	0.175732217573	0.177824267782	0.177824267782	0.192468619247	0.223849372385	0.198744769874	0.125523012552	0.200836820084	0.18410041841	0.207112970711	0.190376569038	0.205020920502	0.21129707113	0.196652719665	0.142259414226	0.179916317992	0.129707112971	0.205020920502	0.219665271967	0.18410041841	0.182008368201	0.207112970711	0.238493723849	0.192468619247	0.190376569038	0.192468619247
CCIS16561622ST-4-0.snv.bam	0.182008368201	0.142259414226	0.142259414226	0.152719665272	0.175732217573	0.0	0.140167364017	0.133891213389	0.150627615063	0.215481171548	0.142259414226	0.165271966527	0.135983263598	0.129707112971	0.140167364017	0.129707112971	0.177824267782	0.194560669456	0.165271966527	0.192468619247	0.146443514644	0.186192468619	0.135983263598	0.138075313808	0.081589958159	0.1589958159	0.179916317992	0.207112970711	0.138075313808	0.13179916318	0.127615062762
CCIS34604008ST-4-0.snv.bam	0.179916317992	0.182008368201	0.182008368201	0.0188284518828	0.177824267782	0.140167364017	0.0	0.0271966527197	0.1589958159	0.213389121339	0.138075313808	0.169456066946	0.169456066946	0.146443514644	0.188284518828	0.154811715481	0.15690376569	0.154811715481	0.142259414226	0.196652719665	0.0481171548117	0.21129707113	0.171548117155	0.175732217573	0.135983263598	0.140167364017	0.152719665272	0.209205020921	0.154811715481	0.152719665272	0.150627615063
CCIS35092938ST-4-0.snv.bam	0.169456066946	0.177824267782	0.177824267782	0.0292887029289	0.177824267782	0.133891213389	0.0271966527197	0.0	0.152719665272	0.192468619247	0.133891213389	0.165271966527	0.161087866109	0.146443514644	0.179916317992	0.1589958159	0.150627615063	0.15690376569	0.144351464435	0.194560669456	0.0460251046025	0.207112970711	0.140167364017	0.171548117155	0.140167364017	0.13179916318	0.140167364017	0.205020920502	0.152719665272	0.150627615063	0.150627615063
CCIS41692898ST-4-0.snv.bam	0.188284518828	0.202928870293	0.202928870293	0.161087866109	0.192468619247	0.150627615063	0.1589958159	0.152719665272	0.0	0.194560669456	0.150627615063	0.182008368201	0.179916317992	0.150627615063	0.18410041841	0.182008368201	0.190376569038	0.207112970711	0.171548117155	0.217573221757	0.175732217573	0.182008368201	0.135983263598	0.194560669456	0.171548117155	0.1589958159	0.173640167364	0.188284518828	0.154811715481	0.15690376569	0.148535564854
CCIS47745468ST-4-0.snv.bam	0.21129707113	0.223849372385	0.223849372385	0.225941422594	0.223849372385	0.215481171548	0.213389121339	0.192468619247	0.194560669456	0.0	0.219665271967	0.202928870293	0.188284518828	0.192468619247	0.213389121339	0.202928870293	0.21129707113	0.215481171548	0.234309623431	0.221757322176	0.219665271967	0.223849372385	0.190376569038	0.21129707113	0.225941422594	0.190376569038	0.215481171548	0.221757322176	0.186192468619	0.190376569038	0.190376569038
CCIS50561855ST-4-0.snv.bam	0.194560669456	0.194560669456	0.194560669456	0.152719665272	0.198744769874	0.142259414226	0.138075313808	0.133891213389	0.150627615063	0.219665271967	0.0	0.163179916318	0.167364016736	0.163179916318	0.188284518828	0.175732217573	0.179916317992	0.18410041841	0.165271966527	0.169456066946	0.152719665272	0.200836820084	0.167364016736	0.192468619247	0.18410041841	0.171548117155	0.18410041841	0.223849372385	0.165271966527	0.169456066946	0.173640167364
CCIS77252613ST-4-0.snv.bam	0.223849372385	0.209205020921	0.209205020921	0.171548117155	0.125523012552	0.165271966527	0.169456066946	0.165271966527	0.182008368201	0.202928870293	0.163179916318	0.0	0.190376569038	0.179916317992	0.202928870293	0.18410041841	0.196652719665	0.200836820084	0.202928870293	0.161087866109	0.177824267782	0.117154811715	0.188284518828	0.198744769874	0.198744769874	0.171548117155	0.215481171548	0.234309623431	0.194560669456	0.188284518828	0.194560669456
CCIS80834637ST-4-0.snv.bam	0.179916317992	0.0543933054393	0.0543933054393	0.188284518828	0.200836820084	0.135983263598	0.169456066946	0.161087866109	0.179916317992	0.188284518828	0.167364016736	0.190376569038	0.0	0.140167364017	0.0397489539749	0.081589958159	0.173640167364	0.186192468619	0.182008368201	0.194560669456	0.179916317992	0.200836820084	0.163179916318	0.0564853556485	0.169456066946	0.163179916318	0.177824267782	0.217573221757	0.148535564854	0.142259414226	0.140167364017
CCIS88317640ST-4-0.snv.bam	0.161087866109	0.144351464435	0.144351464435	0.161087866109	0.18410041841	0.129707112971	0.146443514644	0.146443514644	0.150627615063	0.192468619247	0.163179916318	0.179916317992	0.140167364017	0.0	0.142259414226	0.129707112971	0.150627615063	0.169456066946	0.148535564854	0.190376569038	0.1589958159	0.186192468619	0.161087866109	0.127615062762	0.138075313808	0.133891213389	0.148535564854	0.182008368201	0.010460251046	0.00209205020921	0.00209205020921
CCMD26925580ST-21-0.snv.bam	0.188284518828	0.0732217573222	0.0732217573222	0.207112970711	0.207112970711	0.140167364017	0.188284518828	0.179916317992	0.18410041841	0.213389121339	0.188284518828	0.202928870293	0.0397489539749	0.142259414226	0.0	0.0962343096234	0.198744769874	0.213389121339	0.198744769874	0.213389121339	0.194560669456	0.202928870293	0.175732217573	0.0774058577406	0.177824267782	0.177824267782	0.186192468619	0.230125523013	0.150627615063	0.144351464435	0.142259414226
CCMD50071957ST-21-0.snv.bam	0.177824267782	0.0481171548117	0.0481171548117	0.177824267782	0.190376569038	0.129707112971	0.154811715481	0.1589958159	0.182008368201	0.202928870293	0.175732217573	0.18410041841	0.081589958159	0.129707112971	0.0962343096234	0.0	0.175732217573	0.18410041841	0.165271966527	0.196652719665	0.173640167364	0.192468619247	0.150627615063	0.0690376569038	0.146443514644	0.144351464435	0.15690376569	0.209205020921	0.142259414226	0.135983263598	0.135983263598
HT25A.snv.bam	0.209205020921	0.196652719665	0.196652719665	0.167364016736	0.205020920502	0.177824267782	0.15690376569	0.150627615063	0.190376569038	0.21129707113	0.179916317992	0.196652719665	0.173640167364	0.150627615063	0.198744769874	0.175732217573	0.0	0.0355648535565	0.0669456066946	0.230125523013	0.150627615063	0.228033472803	0.200836820084	0.196652719665	0.188284518828	0.081589958159	0.198744769874	0.21129707113	0.148535564854	0.148535564854	0.150627615063
MMRS77321055ST-27-0-0.snv.bam	0.219665271967	0.207112970711	0.207112970711	0.173640167364	0.21129707113	0.194560669456	0.154811715481	0.15690376569	0.207112970711	0.215481171548	0.18410041841	0.200836820084	0.186192468619	0.169456066946	0.213389121339	0.18410041841	0.0355648535565	0.0	0.0899581589958	0.232217573222	0.15690376569	0.234309623431	0.21129707113	0.207112970711	0.205020920502	0.0941422594142	0.215481171548	0.225941422594	0.167364016736	0.167364016736	0.169456066946
MMRS86958796ST-27-0-0.snv.bam	0.196652719665	0.188284518828	0.188284518828	0.154811715481	0.196652719665	0.165271966527	0.142259414226	0.144351464435	0.171548117155	0.234309623431	0.165271966527	0.202928870293	0.182008368201	0.148535564854	0.198744769874	0.165271966527	0.0669456066946	0.0899581589958	0.0	0.228033472803	0.150627615063	0.217573221757	0.1589958159	0.192468619247	0.179916317992	0.0732217573222	0.192468619247	0.207112970711	0.150627615063	0.146443514644	0.150627615063
MMRS95479054ST-27-0-0.snv.bam	0.217573221757	0.221757322176	0.221757322176	0.21129707113	0.142259414226	0.192468619247	0.196652719665	0.194560669456	0.217573221757	0.221757322176	0.169456066946	0.161087866109	0.194560669456	0.190376569038	0.213389121339	0.196652719665	0.230125523013	0.232217573222	0.228033472803	0.0	0.223849372385	0.182008368201	0.234309623431	0.223849372385	0.207112970711	0.21129707113	0.221757322176	0.244769874477	0.21129707113	0.202928870293	0.205020920502
NG-5636_434.snv.bam	0.190376569038	0.192468619247	0.192468619247	0.0585774058577	0.179916317992	0.146443514644	0.0481171548117	0.0460251046025	0.175732217573	0.219665271967	0.152719665272	0.177824267782	0.179916317992	0.1589958159	0.194560669456	0.173640167364	0.150627615063	0.15690376569	0.150627615063	0.223849372385	0.0	0.221757322176	0.171548117155	0.182008368201	0.146443514644	0.129707112971	0.173640167364	0.217573221757	0.154811715481	0.163179916318	0.163179916318
SAMEA3136659.snv.bam	0.213389121339	0.219665271967	0.219665271967	0.223849372385	0.129707112971	0.186192468619	0.21129707113	0.207112970711	0.182008368201	0.223849372385	0.200836820084	0.117154811715	0.200836820084	0.186192468619	0.202928870293	0.192468619247	0.228033472803	0.234309623431	0.217573221757	0.182008368201	0.221757322176	0.0	0.198744769874	0.21129707113	0.213389121339	0.194560669456	0.217573221757	0.257322175732	0.196652719665	0.194560669456	0.190376569038
V1.CD8-0-PN.snv.bam	0.179916317992	0.167364016736	0.167364016736	0.167364016736	0.205020920502	0.135983263598	0.171548117155	0.140167364017	0.135983263598	0.190376569038	0.167364016736	0.188284518828	0.163179916318	0.161087866109	0.175732217573	0.150627615063	0.200836820084	0.21129707113	0.1589958159	0.234309623431	0.171548117155	0.198744769874	0.0	0.163179916318	0.171548117155	0.154811715481	0.171548117155	0.228033472803	0.165271966527	0.165271966527	0.15690376569
V1.FI16.snv.bam	0.190376569038	0.0376569037657	0.0376569037657	0.192468619247	0.219665271967	0.138075313808	0.175732217573	0.171548117155	0.194560669456	0.21129707113	0.192468619247	0.198744769874	0.0564853556485	0.127615062762	0.0774058577406	0.0690376569038	0.196652719665	0.207112970711	0.192468619247	0.223849372385	0.182008368201	0.21129707113	0.163179916318	0.0	0.169456066946	0.169456066946	0.198744769874	0.228033472803	0.142259414226	0.129707112971	0.13179916318
V1.FI27.snv.bam	0.186192468619	0.173640167364	0.173640167364	0.150627615063	0.18410041841	0.081589958159	0.135983263598	0.140167364017	0.171548117155	0.225941422594	0.18410041841	0.198744769874	0.169456066946	0.138075313808	0.177824267782	0.146443514644	0.188284518828	0.205020920502	0.179916317992	0.207112970711	0.146443514644	0.213389121339	0.171548117155	0.169456066946	0.0	0.146443514644	0.179916317992	0.217573221757	0.146443514644	0.142259414226	0.135983263598
V1.FI37.snv.bam	0.194560669456	0.167364016736	0.167364016736	0.161087866109	0.182008368201	0.1589958159	0.140167364017	0.13179916318	0.1589958159	0.190376569038	0.171548117155	0.171548117155	0.163179916318	0.133891213389	0.177824267782	0.144351464435	0.081589958159	0.0941422594142	0.0732217573222	0.21129707113	0.129707112971	0.194560669456	0.154811715481	0.169456066946	0.146443514644	0.0	0.171548117155	0.21129707113	0.140167364017	0.138075313808	0.140167364017
V1.UC22-1.snv.bam	0.205020920502	0.198744769874	0.198744769874	0.161087866109	0.207112970711	0.179916317992	0.152719665272	0.140167364017	0.173640167364	0.215481171548	0.18410041841	0.215481171548	0.177824267782	0.148535564854	0.186192468619	0.15690376569	0.198744769874	0.215481171548	0.192468619247	0.221757322176	0.173640167364	0.217573221757	0.171548117155	0.198744769874	0.179916317992	0.171548117155	0.0	0.221757322176	0.163179916318	0.1589958159	0.163179916318
V1.UC55-4.snv.bam	0.223849372385	0.228033472803	0.228033472803	0.21129707113	0.238493723849	0.207112970711	0.209205020921	0.205020920502	0.188284518828	0.221757322176	0.223849372385	0.234309623431	0.217573221757	0.182008368201	0.230125523013	0.209205020921	0.21129707113	0.225941422594	0.207112970711	0.244769874477	0.217573221757	0.257322175732	0.228033472803	0.228033472803	0.217573221757	0.21129707113	0.221757322176	0.0	0.198744769874	0.194560669456	0.192468619247
alien-11-7-0.snv.bam	0.169456066946	0.1589958159	0.1589958159	0.169456066946	0.192468619247	0.138075313808	0.154811715481	0.152719665272	0.154811715481	0.186192468619	0.165271966527	0.194560669456	0.148535564854	0.010460251046	0.150627615063	0.142259414226	0.148535564854	0.167364016736	0.150627615063	0.21129707113	0.154811715481	0.196652719665	0.165271966527	0.142259414226	0.146443514644	0.140167364017	0.163179916318	0.198744769874	0.0	0.00836820083682	0.00836820083682
tigress-11-60-0.snv.bam	0.167364016736	0.152719665272	0.152719665272	0.165271966527	0.190376569038	0.13179916318	0.152719665272	0.150627615063	0.15690376569	0.190376569038	0.169456066946	0.188284518828	0.142259414226	0.00209205020921	0.144351464435	0.135983263598	0.148535564854	0.167364016736	0.146443514644	0.202928870293	0.163179916318	0.194560669456	0.165271966527	0.129707112971	0.142259414226	0.138075313808	0.1589958159	0.194560669456	0.00836820083682	0.0	0.0
tigress-11-7-0.snv.bam	0.165271966527	0.152719665272	0.152719665272	0.165271966527	0.192468619247	0.127615062762	0.150627615063	0.150627615063	0.148535564854	0.190376569038	0.173640167364	0.194560669456	0.140167364017	0.00209205020921	0.142259414226	0.135983263598	0.150627615063	0.169456066946	0.150627615063	0.205020920502	0.163179916318	0.190376569038	0.15690376569	0.13179916318	0.135983263598	0.140167364017	0.163179916318	0.192468619247	0.00836820083682	0.0	0.0
