	158256496-stool2.snv.bam	158944319-stool1.snv.bam	158984779-stool1.snv.bam	159227541-stool1.snv.bam	159227541-stool2.snv.bam	159227541-stool3.snv.bam	159571453-stool2.snv.bam	160400887-stool1.snv.bam	161412393-stool2.snv.bam	763597684-stool2.snv.bam	763901136-stool1.snv.bam	763901136-stool2.snv.bam	764649650-stool2.snv.bam	765256553-stool3.snv.bam	765701615-stool1.snv.bam	765701615-stool2.snv.bam	BYQ_AAAG.snv.bam	BYQ_AAAR.snv.bam	BYQ_AABA.snv.bam	CCIS15794887ST-4-0.snv.bam	CCIS16561622ST-4-0.snv.bam	CCIS41548810ST-4-0.snv.bam	CCIS50471204ST-4-0.snv.bam	CCIS53355328ST-4-0.snv.bam	CCIS74726977ST-3-0.snv.bam	CCIS83870198ST-4-0.snv.bam	CCIS95409808ST-4-0.snv.bam	CCMD46222674ST-21-0.snv.bam	M1.1-V3.metaG.snv.bam	M1.2-V2.metaG.snv.bam	M2.4-V3.metaG.snv.bam	MH0193.snv.bam	MH0196.snv.bam	MH0222.snv.bam	MH0229.snv.bam	MH0244.snv.bam	MH0247.snv.bam	MH0250.snv.bam	MH0253.snv.bam	MH0261.snv.bam	MH0266.snv.bam	MH0298.snv.bam	MH0301.snv.bam	MH0318.snv.bam	MH0323.snv.bam	MH0338.snv.bam	MH0339.snv.bam	MH0354.snv.bam	MH0364.snv.bam	MH0366.snv.bam	MH0368.snv.bam	MH0373.snv.bam	MH0378.snv.bam	MH0384.snv.bam	MH0385.snv.bam	MH0389.snv.bam	MH0392.snv.bam	MH0394.snv.bam	MH0397.snv.bam	MH0401.snv.bam	MH0405.snv.bam	MH0409.snv.bam	MH0421.snv.bam	MH0430.snv.bam	MH0437.snv.bam	MH0438.snv.bam	MH0442.snv.bam	MH0446.snv.bam	MH0447.snv.bam	MH0450.snv.bam	MH0451.snv.bam	MH0453.snv.bam	MH0454.snv.bam	MMRS11932626ST-27-0-0.snv.bam	MMRS32573774ST-27-0-0.snv.bam	MMRS33294861ST-27-0-0.snv.bam	MMRS38954404ST-27-0-0.snv.bam	MMRS51410669ST-27-0-0.snv.bam	MMRS54316675ST-27-0-0.snv.bam	MMRS66868025ST-27-0-0.snv.bam	MMRS71762412ST-27-0-0.snv.bam	MMRS86168210ST-27-0-0.snv.bam	MMRS90191266ST-27-0-0.snv.bam	MMRS97052561ST-27-0-0.snv.bam	N037A.snv.bam	N064A.snv.bam	NG-5636_462.snv.bam	O2.UC38-1.snv.bam	O2.UC40-1.snv.bam	SAMEA3136645.snv.bam	SAMEA3136654.snv.bam	SAMEA3136676.snv.bam	SAMEA3136699.snv.bam	SAMEA3136705.snv.bam	SAMEA3136713.snv.bam	SAMEA3136717.snv.bam	SAMEA3136721.snv.bam	SAMEA3136723.snv.bam	SAMEA3136727.snv.bam	SAMEA3136751.snv.bam	T2D-11A.snv.bam	T2D-15A.snv.bam	V1.CD50-0.snv.bam	V1.CD55-0.snv.bam	V1.FI04.snv.bam	V1.FI06.snv.bam	V1.FI07.snv.bam	V1.FI14.snv.bam	V1.FI16.snv.bam	V1.FI27.snv.bam	V1.UC58-0.snv.bam	V1.UC62-0.snv.bam	V1.UC63-0.snv.bam
158256496-stool2.snv.bam	0.0	0.123519334006	0.176146809145	0.148639705428	0.152619870881	0.151139391457	0.142940934832	0.166270613207	0.19306124507	0.178804293119	0.14740658366	0.146882265674	0.167409830116	0.161065021757	0.173697809438	0.176019257069	0.174752756243	0.178492726392	0.175013383023	0.15891413714	0.167471240701	0.152800487469	0.134806696448	0.137933324907	0.147231907955	0.177241880149	0.149001749063	0.15948222356	0.149407814419	0.144292225664	0.174539145869	0.166631816854	0.161996441223	0.162525635236	0.142768815571	0.164193449416	0.17181313088	0.142421825115	0.164334384875	0.161975522578	0.157434774989	0.162233577991	0.146733283786	0.154886454437	0.167607449562	0.148492848172	0.150524416645	0.162943966482	0.169889278619	0.161759410803	0.134077409605	0.162970951394	0.150736257547	0.148177152369	0.160565846479	0.17541229658	0.14755888167	0.160520839076	0.160825887401	0.158975173941	0.156079643831	0.155269669292	0.159910550544	0.158718189385	0.151594056044	0.166782424927	0.164798675944	0.174018564318	0.154003028198	0.162535310617	0.168352686919	0.175241751992	0.175380593618	0.144040527411	0.160601838369	0.1424205842	0.16112811335	0.15487637092	0.171688770765	0.162144001776	0.141062006015	0.151999334758	0.132435794319	0.171766160699	0.163546075192	0.132930979851	0.143597134417	0.1641324697	0.157092461652	0.168980965823	0.155497799882	0.156360416817	0.14305692169	0.168261205676	0.158131765869	0.167761480972	0.144168850793	0.150553008789	0.157878127583	0.164322604411	0.169542903135	0.158169010718	0.170239944065	0.165934129537	0.14511238232	0.153415908846	0.163562367233	0.15561948077	0.169257963409	0.161597070758	0.114185481136	0.163106762731	0.146680974791
158944319-stool1.snv.bam	0.123519334006	0.0	0.155819649838	0.13205842129	0.137655738854	0.135015500619	0.115574802255	0.132389407049	0.172992236895	0.149903508861	0.129117739648	0.128710195775	0.151823289128	0.14118763209	0.186975437141	0.189540588471	0.143740522354	0.146184404033	0.142982388222	0.14035493982	0.128011899781	0.141251631069	0.0250733252403	0.123799822167	0.140318569324	0.16157331314	0.143452970045	0.139650455918	0.116147156954	0.117893857814	0.142240542132	0.15025368979	0.144218010442	0.11937580342	0.145334640633	0.117585645836	0.143889895969	0.136924385358	0.128634363941	0.123950322047	0.126417015564	0.123858141832	0.120778094501	0.137902425909	0.139142735151	0.120326393887	0.12357124108	0.131723620863	0.154992830591	0.139447077944	0.123117461545	0.148951223915	0.134644635866	0.141515669942	0.137543285777	0.123618726655	0.123579047162	0.123663447836	0.155451230854	0.138658424164	0.137406800491	0.104354230745	0.154765604105	0.132850785371	0.132421669021	0.142746344746	0.11950800878	0.114116734783	0.128718662961	0.143734250599	0.112656016467	0.150027726533	0.1575006869	0.13754003868	0.144029137474	0.128552812819	0.137679145775	0.134667987235	0.144420244655	0.150895966625	0.131680831693	0.13801926028	0.037258633488	0.140453364667	0.140410974588	0.112708811047	0.120219801505	0.145938125092	0.156241015839	0.125826055412	0.143003015263	0.126766196801	0.1295204547	0.146543638031	0.12703231874	0.120512108222	0.122005305776	0.14414091612	0.122470189183	0.123244855513	0.152149160809	0.138880503821	0.120852608129	0.119823197478	0.136432780494	0.140809331312	0.150427207873	0.144961747714	0.125634701073	0.145225914085	0.148224785429	0.151433727833	0.141112075404
158984779-stool1.snv.bam	0.176146809145	0.155819649838	0.0	0.164066735315	0.171482105462	0.170753468713	0.150127171454	0.131322752947	0.176834774306	0.162992670585	0.108830923635	0.108489112997	0.151561435973	0.159658671498	0.209453395543	0.212732064496	0.161818762764	0.165133998708	0.160435621758	0.161125552279	0.161607516209	0.138521344877	0.155109207585	0.134805333215	0.141201468724	0.148650294445	0.174051306899	0.167772192121	0.106936351124	0.137532906381	0.161592439318	0.159442398534	0.0853158104454	0.149166650739	0.152553872559	0.14997921887	0.14877940314	0.149162686924	0.143352643004	0.137209294991	0.140990504281	0.14170482035	0.150668826856	0.157597640371	0.0697141411638	0.146363531325	0.130598821014	0.147486290297	0.162106245809	0.139106082571	0.138743980146	0.150399887138	0.153893420923	0.148971380544	0.148136584982	0.151970008092	0.151145095778	0.132295297671	0.152345429349	0.141496095266	0.0685983842548	0.144252863441	0.15367311767	0.152075705114	0.132111761174	0.155880632472	0.147086476059	0.155961719564	0.12295316775	0.150280156302	0.145609900594	0.0378267589909	0.144489683875	0.148168185192	0.164386126718	0.15051193676	0.154569120829	0.156834091066	0.0888456862744	0.150948835695	0.160696293289	0.154534484801	0.150303095666	0.136199606435	0.161957799709	0.140456858723	0.135447567317	0.157491577458	0.165448863478	0.156376688839	0.159358096673	0.137605468914	0.148315899936	0.169665996472	0.141631551353	0.14543013703	0.152600030006	0.142907339359	0.154669728271	0.148506285648	0.163790473314	0.137858089861	0.144200229694	0.144170410634	0.155209175106	0.146114275263	0.170051067496	0.163798697088	0.145710927681	0.128242015053	0.173837118873	0.144681721103	0.149714146257
159227541-stool1.snv.bam	0.148639705428	0.13205842129	0.164066735315	0.0	0.00349408574063	0.00295642861562	0.121642313525	0.149486290897	0.151481278045	0.143286953966	0.13790611447	0.137342807395	0.151226000206	0.143645406172	0.199876740702	0.202370980561	0.144512488919	0.14827038917	0.14201373361	0.120924747139	0.125910448208	0.124941066369	0.143636117929	0.116378975439	0.117169330035	0.155309460295	0.151171871909	0.0980537025877	0.133901535433	0.128716365876	0.136620583637	0.148755299882	0.157426304612	0.139730132932	0.129716131818	0.132738076063	0.139423392766	0.130045212059	0.132500585342	0.123896626653	0.131313104419	0.12658210695	0.115097812299	0.113351150007	0.146002382451	0.132619857351	0.128489988337	0.134248586394	0.135627753669	0.128681735237	0.119846877582	0.133043948864	0.129804924173	0.121616540513	0.0975975775519	0.113854382428	0.123611827547	0.129735271294	0.132956597222	0.122177316841	0.143030755815	0.118028639015	0.123983609169	0.116195804008	0.119043700549	0.13384521558	0.135128772593	0.131972817019	0.128896412929	0.133898010172	0.127787038721	0.158130935428	0.149569051649	0.131681541028	0.124053267699	0.123696669107	0.132200719639	0.118089583503	0.161291405863	0.12587104755	0.0439386393406	0.130661952491	0.134248356924	0.134571782033	0.139592275187	0.121489377863	0.133164473462	0.134976163889	0.132564726041	0.134556133528	0.132024816102	0.128438404304	0.11354074031	0.136332847803	0.126003342292	0.136333642824	0.124487452357	0.129733033854	0.12701819879	0.122792681217	0.138243164885	0.144637265539	0.135177621137	0.135721521093	0.135610310883	0.141568764788	0.153218218224	0.133012561079	0.136239859186	0.139437557306	0.171730830005	0.127701331914	0.123139657459
159227541-stool2.snv.bam	0.152619870881	0.137655738854	0.171482105462	0.00349408574063	0.0	0.00289013300945	0.128211887616	0.155909830872	0.155430588737	0.144834635581	0.146190324135	0.145627153526	0.149603029858	0.146158146741	0.201343942893	0.204029286635	0.148777592727	0.15247029891	0.147335041671	0.128453272943	0.130673448155	0.13788299094	0.150462053164	0.125607402044	0.12374602422	0.158489239074	0.158201224697	0.0993582222471	0.14391882753	0.1352488432	0.14050991172	0.148419747988	0.163528538259	0.147792224413	0.137338422845	0.140361484895	0.146600945261	0.137013616476	0.13955329055	0.134186196352	0.139693114526	0.134071107985	0.118479644378	0.113347248473	0.153901639402	0.141241380174	0.133270375368	0.140086314517	0.148263563959	0.132170432434	0.123313546551	0.141373651143	0.135771394667	0.13199947137	0.103814178699	0.124425690921	0.126711224945	0.134601643432	0.144582413	0.132341199825	0.152596264762	0.127111138157	0.135042484074	0.126402378742	0.128477945634	0.140583642158	0.142204333499	0.137259024255	0.139647065751	0.144028042166	0.135427685698	0.166121475812	0.153546014661	0.144506192681	0.130526936891	0.129954756328	0.137738137516	0.124678289984	0.166998587495	0.137868990756	0.0432630983394	0.138045414727	0.141374640941	0.140607970929	0.14499285531	0.128395613723	0.139235174599	0.144303347403	0.140210477456	0.139977109388	0.137951487581	0.135796662141	0.123795354142	0.147127432452	0.132703433232	0.143712510387	0.12933275337	0.142464576788	0.136338345837	0.12756346052	0.147492878637	0.151807672442	0.142479208271	0.143106709391	0.142786185781	0.142349459628	0.15973566103	0.139703389815	0.141681043004	0.14635008081	0.176808658637	0.139853083833	0.130430418903
159227541-stool3.snv.bam	0.151139391457	0.135015500619	0.170753468713	0.00295642861562	0.00289013300945	0.0	0.125708098734	0.153513502169	0.154501002616	0.142520084523	0.143603701564	0.142827040709	0.147920241078	0.143857112204	0.199690381471	0.202039510392	0.148856972263	0.152333269712	0.146708696268	0.12282197937	0.1274659851	0.133637689158	0.147758074833	0.122279360483	0.120125748759	0.154361753027	0.153764962262	0.0963944008384	0.140660421201	0.130510658806	0.137214277284	0.14665698101	0.161231750075	0.145024766392	0.134585633218	0.137303837875	0.144148808605	0.134161796116	0.137272698297	0.13064390034	0.136774068298	0.130584857658	0.115026216733	0.112440428094	0.152015926997	0.138080162207	0.130672376604	0.138339907615	0.144247916397	0.129099363853	0.121378683226	0.138509823304	0.132324216353	0.127746185327	0.101741619707	0.121595750574	0.124304564005	0.131523972975	0.140857550994	0.127638207205	0.14942082293	0.123392758939	0.131332521219	0.121086859859	0.125470101389	0.136577595841	0.139788850886	0.134687740035	0.136527252633	0.139689930516	0.132521327428	0.165538998535	0.149129832741	0.138029424816	0.12763208845	0.126129166369	0.134834513578	0.121274412212	0.164543276316	0.133591888079	0.0415668677612	0.132188434332	0.138510184614	0.137738583653	0.143926720049	0.12499717877	0.134754788552	0.140063819351	0.134376287118	0.137487464805	0.134725144589	0.132740888783	0.122561493371	0.139282778297	0.129705694732	0.1407140978	0.125996213932	0.138369234932	0.132398369237	0.123948020184	0.14365058773	0.150714052689	0.139356297849	0.140488329112	0.140032504263	0.142305559491	0.155615406834	0.136867565719	0.139374269531	0.145098907825	0.174605306587	0.135900702251	0.127324366856
159571453-stool2.snv.bam	0.142940934832	0.115574802255	0.150127171454	0.121642313525	0.128211887616	0.125708098734	0.0	0.15128340064	0.163624791225	0.159504058311	0.13042574376	0.129700363456	0.149504303962	0.138690785441	0.199355295993	0.201366594245	0.147458379437	0.151283632493	0.149020847898	0.142838462081	0.120271218217	0.145294826895	0.118941718248	0.129534406401	0.136954204092	0.144442523404	0.148732811926	0.124606530795	0.128640050863	0.123016478836	0.152598265386	0.14537115972	0.147707664584	0.114911991599	0.141833369413	0.10918105536	0.12740640454	0.135160375509	0.120595550472	0.106489098333	0.116442343154	0.10798174098	0.128991117821	0.139039592835	0.133681285232	0.120157142971	0.133492861074	0.125698924961	0.149281075355	0.118509140636	0.126133047355	0.0943320211294	0.100081175244	0.131201934693	0.11827490922	0.135680469754	0.0766097637819	0.121817162235	0.146390821291	0.118070041141	0.132174627971	0.0941594819039	0.133947741234	0.122573695068	0.123476810652	0.129610601657	0.10939943994	0.115651753226	0.120818495959	0.148354303099	0.105904702923	0.143362816367	0.138427358402	0.130227312662	0.0693360819639	0.115922288088	0.149118947156	0.0422204841665	0.150456329391	0.139946002487	0.11534901082	0.135681940871	0.112785524647	0.12691198347	0.129261764635	0.13044402965	0.0980929016859	0.132690619861	0.130776251564	0.122617278269	0.0999137234981	0.121445957792	0.124630545649	0.142767982991	0.09118097009	0.108371450566	0.118437225066	0.139110642039	0.117910817343	0.127607009348	0.143921495055	0.136906713254	0.107875998391	0.104966423833	0.147241907129	0.149014697449	0.147878383729	0.132724897684	0.109323956162	0.140575029749	0.152046723635	0.145900051708	0.143869331618
160400887-stool1.snv.bam	0.166270613207	0.132389407049	0.131322752947	0.149486290897	0.155909830872	0.153513502169	0.15128340064	0.0	0.184066693052	0.15255243414	0.0950091808995	0.0943901287668	0.139631137129	0.142926508238	0.188749729805	0.192936678103	0.163328828324	0.166897158873	0.161678656457	0.144241691798	0.141074744931	0.123071816581	0.143303130174	0.135656890731	0.133382713676	0.153403759554	0.167233503195	0.148201188161	0.106261935402	0.139624059119	0.155509002661	0.149652233588	0.0944502474368	0.12147950375	0.149472676333	0.112844561832	0.138698327251	0.143851265173	0.126159356574	0.112412915326	0.126258847095	0.112593819296	0.114572188296	0.144088959028	0.110621356141	0.135141563072	0.106631340519	0.130287784237	0.136572057174	0.140464585919	0.12766853981	0.154558621429	0.148591347197	0.137681405432	0.135563904308	0.129292792161	0.1282332336	0.120083503861	0.130441917718	0.144907050592	0.0997965019074	0.110822979049	0.134152125025	0.138899401829	0.122586399162	0.143627412209	0.111042522219	0.109994627042	0.100131045094	0.136595103481	0.10910846338	0.104771261465	0.149308486854	0.147519725885	0.155267825965	0.140316195029	0.14129446527	0.15605340359	0.104769670194	0.137483268511	0.1389529632	0.132941649984	0.137688601125	0.132038275792	0.156113188937	0.133532689455	0.120970258935	0.132448588255	0.147517525661	0.126322845473	0.151042234492	0.12688192549	0.127821156417	0.140256455694	0.120082105214	0.113114847431	0.128502799753	0.124389978822	0.138568815935	0.135585233372	0.165112577642	0.125148891841	0.110336202972	0.113667483663	0.144108868619	0.137279271591	0.152399878905	0.125094437229	0.113394579036	0.13698701616	0.173905431184	0.12914035205	0.147019052737
161412393-stool2.snv.bam	0.19306124507	0.172992236895	0.176834774306	0.151481278045	0.155430588737	0.154501002616	0.163624791225	0.184066693052	0.0	0.163035550314	0.164656922972	0.163645963844	0.184062814993	0.15666985209	0.221304681065	0.222835467651	0.171860629153	0.174043801155	0.169819541673	0.155679766064	0.152935727374	0.149107526284	0.180334384223	0.160894255754	0.156778383245	0.158062849508	0.189736692828	0.162457975148	0.165449086523	0.157412063661	0.164728762306	0.158321252748	0.162845865276	0.169270395567	0.167387451952	0.157805200571	0.168431506734	0.162945489838	0.153940459356	0.161505178208	0.151922120406	0.161401968343	0.148232831666	0.144209237519	0.17261390981	0.161875215741	0.157645471208	0.157895083989	0.171283521249	0.13307038312	0.158146351982	0.157091208086	0.164733629841	0.151798438921	0.147111371458	0.144204105773	0.162351233611	0.139775570781	0.166927308015	0.157241480643	0.15850851722	0.150815509958	0.168703678733	0.157029408338	0.153048666358	0.160153125471	0.163096864764	0.165359277977	0.165480027021	0.145824338371	0.15612347222	0.177295778931	0.152096309809	0.179036482653	0.166874535322	0.152983651215	0.159686731975	0.166957410603	0.177541324756	0.169252470091	0.145237534209	0.150629562728	0.169631111217	0.153675104294	0.162664010794	0.157436580994	0.149743722657	0.155978325632	0.176109558395	0.170110937693	0.176419413675	0.150324713754	0.146854613692	0.187031836337	0.159212922861	0.163202366103	0.146763551319	0.160729708377	0.159729419154	0.140055742397	0.150577510503	0.184449422672	0.164854937498	0.162217833026	0.169604538923	0.15706609953	0.17257527453	0.166106092471	0.164190990822	0.16438931203	0.211480433787	0.158944836422	0.153581667083
763597684-stool2.snv.bam	0.178804293119	0.149903508861	0.162992670585	0.143286953966	0.144834635581	0.142520084523	0.159504058311	0.15255243414	0.163035550314	0.0	0.132361487305	0.133055906781	0.152711451021	0.151017285589	0.200272916952	0.203923777833	0.172252012836	0.174033531713	0.172283915221	0.134059037715	0.142876588372	0.147779145995	0.161357414374	0.132543504491	0.135853661805	0.141899803995	0.16525233369	0.145428596896	0.134897645048	0.137059062927	0.154356320101	0.15508666355	0.154362105199	0.144579241976	0.161563798895	0.145470222419	0.155562376125	0.151434377139	0.14785291472	0.136374171524	0.141878337518	0.147549884167	0.128567610309	0.160982852398	0.151756895631	0.147448110226	0.12843991306	0.147295609516	0.150256323279	0.128671159443	0.134463076827	0.15307917024	0.1482000293	0.144940630758	0.131235542964	0.137828608703	0.150544651122	0.131213176429	0.153988030741	0.146163677957	0.146285366599	0.132970892177	0.16236461437	0.166472247082	0.136881695071	0.139359432734	0.143513301094	0.141187692181	0.147508468934	0.152566191944	0.139989929432	0.161330533225	0.143969086012	0.14104207791	0.159692784117	0.13518590017	0.150878455134	0.159275884406	0.147352477565	0.152051126292	0.124417018876	0.141100142341	0.158245682041	0.148412094219	0.157620705861	0.140201090672	0.129758146478	0.145219310478	0.16473387546	0.147706221982	0.163608683168	0.140933595868	0.145230764504	0.153100993788	0.13732451868	0.144982830327	0.137526884607	0.147251126292	0.14288159205	0.143386590595	0.16185686637	0.156461325766	0.143050714653	0.144937397543	0.15419153517	0.142420847912	0.174505504641	0.151815925368	0.145346503532	0.136878573926	0.191353213788	0.149965405702	0.136975298864
763901136-stool1.snv.bam	0.14740658366	0.129117739648	0.108830923635	0.13790611447	0.146190324135	0.143603701564	0.13042574376	0.0950091808995	0.164656922972	0.132361487305	0.0	0.00251206576297	0.132758812403	0.134987325152	0.191876262688	0.195448727057	0.153072591382	0.155524339227	0.150992494177	0.13733398119	0.131361827285	0.126215340512	0.138670422101	0.109703448575	0.121287522607	0.152602297109	0.157784616527	0.135975007989	0.0383834048087	0.0597305460304	0.144211874794	0.140635948664	0.0730643759713	0.125876321915	0.142539451064	0.121289746325	0.123728381261	0.140148215638	0.117818863728	0.118980869099	0.11649823998	0.125920736557	0.12262624422	0.135416867129	0.0798923556221	0.125457832147	0.0892539751201	0.123638971573	0.148318541526	0.124910209726	0.122205526116	0.149381672341	0.13204156879	0.132317239037	0.130196049722	0.124667049575	0.133175944589	0.119980204562	0.137403966087	0.13425381796	0.0773817930942	0.116613056155	0.130181724048	0.139724416273	0.117878835538	0.13677425977	0.125650848491	0.128679288155	0.0960876835797	0.136225058739	0.116957164701	0.0738710209698	0.144950410029	0.121426686069	0.140690191174	0.130147019557	0.126605819382	0.135312606616	0.0744665203975	0.134124384309	0.128508148429	0.131093649775	0.131396259385	0.109464898528	0.137060796353	0.111272926524	0.117345118168	0.130528552521	0.149771701807	0.130775417495	0.152268460689	0.118234432755	0.118228533856	0.14180489234	0.12429492604	0.125621299319	0.119296609066	0.129246335529	0.13042946037	0.133970670319	0.152562579659	0.0829948066894	0.123652486298	0.123262396399	0.132221522835	0.132540865202	0.143778013048	0.123756111856	0.123150090483	0.136297967798	0.163219049501	0.132459914168	0.123086236877
763901136-stool2.snv.bam	0.146882265674	0.128710195775	0.108489112997	0.137342807395	0.145627153526	0.142827040709	0.129700363456	0.0943901287668	0.163645963844	0.133055906781	0.00251206576297	0.0	0.132268631287	0.133699633715	0.190608267876	0.194533083543	0.152692588734	0.155014934172	0.150582455992	0.136385416614	0.130845569342	0.12587958389	0.138017075449	0.108880704312	0.121125866176	0.152380494482	0.156864236215	0.135169621935	0.0389875915037	0.0598748203556	0.145577432589	0.139810347273	0.0722695553469	0.125652683808	0.141964585011	0.119700072183	0.122454432649	0.13988196741	0.11698948712	0.118290350795	0.115860656204	0.12539427381	0.121532839688	0.13442902068	0.0791485152641	0.124723665717	0.0886547577242	0.12311103537	0.147938383355	0.124083468353	0.121259570163	0.148991379946	0.131466074232	0.131979934154	0.129416475095	0.123638696226	0.132392985714	0.118871845415	0.136554995899	0.133328097241	0.0767720187447	0.115612550732	0.129080188383	0.139335064773	0.117381590052	0.135477716372	0.125200717567	0.12769041493	0.0950938900145	0.134681580163	0.115460862591	0.0727556770738	0.144184524585	0.119776901402	0.140315505628	0.129704048223	0.125462781756	0.134914581782	0.0738720713941	0.13380643038	0.128363930047	0.129939833589	0.130855107722	0.110521785362	0.136295672958	0.110276443782	0.117103780108	0.13036912989	0.149263276414	0.130497641516	0.151838063437	0.117742400744	0.117875321213	0.141280142875	0.124004114688	0.125378582704	0.118643429135	0.128757570445	0.129526785722	0.133481319688	0.15109280605	0.0823611008332	0.123059858022	0.122978787283	0.131814316806	0.13191070075	0.144448673072	0.123042447479	0.122678897183	0.137422503071	0.162472672277	0.13194213123	0.121625950436
764649650-stool2.snv.bam	0.167409830116	0.151823289128	0.151561435973	0.151226000206	0.149603029858	0.147920241078	0.149504303962	0.139631137129	0.184062814993	0.152711451021	0.132758812403	0.132268631287	0.0	0.150746804417	0.21445584385	0.217760975535	0.166418152007	0.169932854514	0.166281979064	0.12798889422	0.133845911312	0.122920304146	0.159506518492	0.127390655784	0.135445311795	0.138262254208	0.166650644923	0.144429065429	0.138396396099	0.135744374894	0.15399917147	0.139193118674	0.136721771773	0.139292484687	0.149150220693	0.139672970565	0.127688858532	0.145914116398	0.131589011911	0.13125466093	0.123382896568	0.137463827946	0.121625344727	0.140354667831	0.136763983535	0.134290507696	0.12344751478	0.12322952268	0.140094259011	0.118131536779	0.129735360103	0.149372120215	0.137981609532	0.134212598962	0.13814486916	0.138814514214	0.134801833402	0.121787968369	0.136612887357	0.128879022995	0.131624837328	0.130103428275	0.133773907851	0.145804388621	0.131337667115	0.145869662145	0.133413199848	0.139910168524	0.136002459573	0.143978406758	0.132911421511	0.138576118984	0.134722728931	0.135275148565	0.142739772957	0.128125716159	0.155616302026	0.15305395982	0.146868786931	0.137898107413	0.134497901567	0.125845931841	0.15334145738	0.139770442847	0.143465000321	0.152109348789	0.125637320352	0.149140707198	0.144339401692	0.134874816293	0.155349460543	0.129643335621	0.141798761627	0.139713727351	0.13530920558	0.13412748709	0.128473713536	0.13269429629	0.144148764492	0.139226590521	0.161700396924	0.146474630128	0.13458600141	0.13457222193	0.147880244681	0.0900635442566	0.143640271648	0.131854140879	0.132668369936	0.131409825221	0.179807878515	0.131798949451	0.147949906077
765256553-stool3.snv.bam	0.161065021757	0.14118763209	0.159658671498	0.143645406172	0.146158146741	0.143857112204	0.138690785441	0.142926508238	0.15666985209	0.151017285589	0.134987325152	0.133699633715	0.150746804417	0.0	0.187004585055	0.190244234138	0.160541938998	0.163084486089	0.159193082616	0.144150779896	0.13133473825	0.132676174497	0.148009546041	0.1217272203	0.135068794456	0.1334064293	0.148220612812	0.129710451363	0.122299202937	0.13350877193	0.142598382535	0.0441309194083	0.146960045365	0.143231305852	0.135614088719	0.132186499882	0.139589022841	0.127330931359	0.130975070103	0.138359670085	0.131204216656	0.135579665597	0.130536127483	0.0582704739104	0.146183331612	0.139171697347	0.133416670882	0.136832590858	0.131103383097	0.133561699316	0.129584192769	0.124406651672	0.125956070945	0.118759572346	0.124379102516	0.11909876682	0.129219669851	0.118202487141	0.14502860181	0.109717912727	0.141611393853	0.129924414857	0.12727470633	0.148439798359	0.126148861808	0.143717631679	0.136194938771	0.129477018795	0.134930998518	0.137021866635	0.131451417865	0.156379197619	0.128371843099	0.125592216582	0.138892982684	0.123459066294	0.147166010868	0.140845409535	0.138351478296	0.139975041597	0.124429022528	0.131749698108	0.138700237623	0.131164138403	0.153420499769	0.119330628231	0.132889565423	0.138922002938	0.139457475723	0.137133129749	0.151913020322	0.124181148855	0.132269680053	0.141223653968	0.133176238728	0.139106355837	0.116464717063	0.136337209302	0.13912607762	0.130397287764	0.149919020442	0.156268437074	0.140955919675	0.139788463226	0.145674870563	0.150137476636	0.157498968598	0.14106302739	0.140534263874	0.14606744668	0.163748418158	0.134031929154	0.114332474401
765701615-stool1.snv.bam	0.173697809438	0.186975437141	0.209453395543	0.199876740702	0.201343942893	0.199690381471	0.199355295993	0.188749729805	0.221304681065	0.200272916952	0.191876262688	0.190608267876	0.21445584385	0.187004585055	0.0	0.00160627330601	0.219960120526	0.223093767452	0.218434077554	0.180193272543	0.20953133415	0.177124520955	0.196386619217	0.168442291194	0.176922817297	0.205599787306	0.17537764244	0.195345240956	0.190349823818	0.197058705946	0.179190201051	0.20613972932	0.198586496727	0.198962270804	0.194351312814	0.195303778047	0.197550317935	0.185016323457	0.191504121884	0.184582480446	0.191390121202	0.194815261794	0.169734838378	0.2003063858	0.202462728449	0.191235448508	0.184105643211	0.195068309501	0.180899517173	0.186344584747	0.166695907312	0.177523315531	0.189717816315	0.185444980857	0.191700942788	0.212446304995	0.177637859521	0.195532889844	0.187058707155	0.190669575368	0.187903683203	0.181102197017	0.180013387022	0.20722062387	0.178988978532	0.191525048936	0.197458660376	0.190567068874	0.188787252039	0.191976368795	0.192583626614	0.206992360006	0.203752279954	0.18769618832	0.187921674595	0.189506939968	0.185029062111	0.186166468598	0.197107386228	0.177867565854	0.17997055593	0.184962974385	0.192597472527	0.210612972399	0.183672949556	0.163229209838	0.192996533124	0.199903207805	0.180669836877	0.195631374596	0.170721874972	0.186030799892	0.179911085987	0.198767327312	0.187644821897	0.199720181817	0.18962812205	0.172846249378	0.18728406605	0.196168310972	0.203109701854	0.217086173994	0.198689881774	0.199727136996	0.191230477741	0.194775783863	0.179060336685	0.185185176165	0.19793413428	0.190270835428	0.181322568481	0.188101839925	0.179408330629
765701615-stool2.snv.bam	0.176019257069	0.189540588471	0.212732064496	0.202370980561	0.204029286635	0.202039510392	0.201366594245	0.192936678103	0.222835467651	0.203923777833	0.195448727057	0.194533083543	0.217760975535	0.190244234138	0.00160627330601	0.0	0.221491352184	0.224510867816	0.219889779672	0.183905598223	0.212766315716	0.178834622566	0.198271491409	0.17210600376	0.180410243653	0.208871283704	0.177295087941	0.19731840089	0.19406642394	0.198683206933	0.182852316494	0.21033977264	0.202417989239	0.202503681694	0.198664580853	0.199313795444	0.201978009046	0.189449378509	0.195753658855	0.188391300601	0.195218700248	0.198752478158	0.173036458609	0.204405323346	0.206620371231	0.19520236546	0.188088283557	0.198026196818	0.183141185803	0.190408945015	0.171070918348	0.179878800694	0.192218451191	0.189405871143	0.195148708069	0.216343602808	0.180697879578	0.199659897499	0.189294611827	0.193185789849	0.192125401974	0.185491437937	0.183870551416	0.209860972794	0.182506522549	0.193798340065	0.201899321626	0.194781379505	0.192262717969	0.194316748383	0.19651552268	0.21127594112	0.207966269436	0.188276369772	0.191238748201	0.192353693072	0.187012701293	0.188368383488	0.200339034005	0.179483274388	0.181835698975	0.188424701166	0.19457777703	0.213759413922	0.187710352861	0.166963769283	0.194615594872	0.201766085678	0.184285536686	0.198890561445	0.172560604305	0.188923853811	0.182562070674	0.20201311508	0.190768273165	0.202835654124	0.192842329113	0.174499885684	0.189473616152	0.199199659242	0.20535397824	0.22049546513	0.202901735388	0.203499119591	0.194379591079	0.198083842199	0.180624261978	0.189016067737	0.201789643636	0.193598640814	0.184389665472	0.190551434522	0.180343661079
BYQ_AAAG.snv.bam	0.174752756243	0.143740522354	0.161818762764	0.144512488919	0.148777592727	0.148856972263	0.147458379437	0.163328828324	0.171860629153	0.172252012836	0.153072591382	0.152692588734	0.166418152007	0.160541938998	0.219960120526	0.221491352184	0.0	0.000407568246685	0.00122316912347	0.16311827957	0.149380637042	0.16051827605	0.145666916536	0.114	0.14968700976	0.161484760131	0.147425582121	0.151303849167	0.151393597228	0.143788477872	0.157306958752	0.171962100084	0.16441019658	0.152668734022	0.153834711982	0.141868548937	0.15623575254	0.147948079921	0.146216922242	0.143079686833	0.144198946551	0.139973263307	0.130359567888	0.160577734106	0.15588197809	0.149285374607	0.141128548102	0.147908303384	0.174778562225	0.152804609588	0.141724006576	0.14184155005	0.156928475285	0.148348851253	0.140196878387	0.147855029551	0.149219212302	0.141076156383	0.172713570898	0.151172022591	0.155218196019	0.135442949198	0.159219131388	0.138197808038	0.151228679657	0.121690225624	0.147870700641	0.146619335934	0.158070291571	0.140094959817	0.140303897445	0.162621809861	0.1567876379	0.157755666114	0.155031313434	0.136556090552	0.139515482696	0.146854613897	0.163658059663	0.157336574824	0.145940079047	0.150860569682	0.142561037513	0.152277323243	0.151331987201	0.124353634219	0.138533879867	0.149467384047	0.169402320444	0.14487217329	0.165891155263	0.140535190185	0.139725283943	0.145340846582	0.14688144368	0.145374695066	0.143417859198	0.167061048082	0.131241416591	0.132807633329	0.162204270167	0.157023087972	0.148559961988	0.145677543426	0.152445521276	0.158848887371	0.16879717185	0.153994821206	0.151721701875	0.158233428602	0.194985883708	0.169890345903	0.149219215303
BYQ_AAAR.snv.bam	0.178492726392	0.146184404033	0.165133998708	0.14827038917	0.15247029891	0.152333269712	0.151283632493	0.166897158873	0.174043801155	0.174033531713	0.155524339227	0.155014934172	0.169932854514	0.163084486089	0.223093767452	0.224510867816	0.000407568246685	0.0	0.000902880228139	0.168521433673	0.152775095309	0.163248659986	0.149306742768	0.118325025143	0.149831086016	0.164960686674	0.148157283981	0.153425163028	0.154010313376	0.146074518423	0.160889070727	0.175551551216	0.167736261941	0.156422899302	0.157393658162	0.145474745315	0.159999623634	0.153058783749	0.150083235089	0.146856311335	0.148027083816	0.143625831949	0.131194417145	0.164345987131	0.158942308567	0.15285690762	0.142481056653	0.151736258956	0.17710134156	0.15651529395	0.143874415551	0.144285062425	0.160445622159	0.152046105087	0.141507857694	0.150853971971	0.152762834027	0.144910345066	0.175297767568	0.15480812136	0.158752318427	0.139383342207	0.161658547698	0.139252520188	0.154801688851	0.123202568196	0.151539920703	0.1491892161	0.160812241025	0.143800334736	0.144083507414	0.166151623501	0.160737681177	0.161433769082	0.158322584223	0.139713894275	0.141914609097	0.150622363676	0.167070092375	0.160886541112	0.149709150541	0.154382502547	0.146190958624	0.154197951888	0.155071777626	0.127901498341	0.14219805644	0.15303467036	0.172705367525	0.148498382681	0.169392924257	0.144181012766	0.142500432982	0.145933414138	0.150284410974	0.148776717741	0.143913898355	0.170532843362	0.135044137829	0.134992266987	0.167392920772	0.159010186522	0.15224019138	0.149436206837	0.155913387182	0.162232944673	0.171998243664	0.156915375946	0.155388469115	0.160276758992	0.198431489618	0.173317358962	0.153298581434
BYQ_AABA.snv.bam	0.175013383023	0.142982388222	0.160435621758	0.14201373361	0.147335041671	0.146708696268	0.149020847898	0.161678656457	0.169819541673	0.172283915221	0.150992494177	0.150582455992	0.166281979064	0.159193082616	0.218434077554	0.219889779672	0.00122316912347	0.000902880228139	0.0	0.163054384585	0.149097259101	0.157925190368	0.143886877922	0.115110985206	0.148992967401	0.164594596945	0.14969664456	0.149603844151	0.149915106314	0.142728102731	0.157092817003	0.17204629199	0.162500003322	0.152692420319	0.15645781571	0.141716671836	0.156276531536	0.152729523564	0.146509751803	0.143051084978	0.143987794763	0.138123903846	0.131830954761	0.160840441452	0.15454649128	0.149440970035	0.141639751611	0.147891266667	0.17209250607	0.155936818306	0.141122500707	0.141872198613	0.159113193459	0.149458217986	0.137924434449	0.14693179082	0.149738530548	0.140516715652	0.170237614993	0.151045327961	0.153015233085	0.134569656726	0.157885609986	0.139811815456	0.151734169701	0.123555548056	0.147920873743	0.146356405694	0.158198983363	0.139382439741	0.140169190805	0.161280839891	0.160297159849	0.160460590653	0.156090797185	0.136558141139	0.139903861582	0.148325874763	0.16198835088	0.155606549727	0.144096593434	0.152275923615	0.14168877411	0.152025307475	0.151432866531	0.123631436607	0.138107175833	0.152477422737	0.166225107959	0.144673931678	0.16746674254	0.140331828842	0.139581881616	0.144673365475	0.147229073831	0.145054338161	0.142273416422	0.165394477948	0.130965687464	0.132804769476	0.161735498819	0.155397498768	0.14846420269	0.145573017446	0.153729988674	0.156995642787	0.168467746286	0.154406210108	0.151726801821	0.15779582883	0.196639262086	0.168252922401	0.152168605115
CCIS15794887ST-4-0.snv.bam	0.15891413714	0.14035493982	0.161125552279	0.120924747139	0.128453272943	0.12282197937	0.142838462081	0.144241691798	0.155679766064	0.134059037715	0.13733398119	0.136385416614	0.12798889422	0.144150779896	0.180193272543	0.183905598223	0.16311827957	0.168521433673	0.163054384585	0.0	0.129565068951	0.121107266436	0.156120039127	0.113105924596	0.116907835245	0.140966323144	0.158737704754	0.126892241583	0.134114266203	0.13589529379	0.145175040362	0.140183969038	0.139052973896	0.15141621724	0.132511261548	0.14309250256	0.142747265639	0.132971501684	0.135017079569	0.130812178575	0.137335167719	0.146973746733	0.108701847377	0.14434771336	0.140939260247	0.145114712245	0.124535711217	0.132864694845	0.133699164619	0.134837081295	0.116893612563	0.134854798337	0.130019830035	0.130044630171	0.127545453577	0.127731972532	0.128643737752	0.133607393187	0.135163792831	0.135293539974	0.133859472354	0.132392857822	0.130001598829	0.137164646483	0.125159645992	0.136899043571	0.145556044292	0.138103603491	0.144642419743	0.131264699969	0.143574305981	0.153673818649	0.140476009935	0.13213028169	0.13919723283	0.128714521515	0.120164251208	0.137562377719	0.140755868751	0.14089347079	0.110668258568	0.114948729743	0.147054432323	0.152643260096	0.133934951397	0.118265911463	0.135809163366	0.13250270553	0.139044618007	0.144111372747	0.129655250268	0.13043367208	0.128358281335	0.153554374305	0.135687531601	0.148836858595	0.11999066632	0.138461538462	0.139816787673	0.14396136557	0.130219228286	0.145543207497	0.147272807334	0.151030599907	0.132132925584	0.126875271553	0.143221197105	0.118807991566	0.147349530007	0.133700758351	0.168572822556	0.131982772706	0.123398865583
CCIS16561622ST-4-0.snv.bam	0.167471240701	0.128011899781	0.161607516209	0.125910448208	0.130673448155	0.1274659851	0.120271218217	0.141074744931	0.152935727374	0.142876588372	0.131361827285	0.130845569342	0.133845911312	0.13133473825	0.20953133415	0.212766315716	0.149380637042	0.152775095309	0.149097259101	0.129565068951	0.0	0.1372648997	0.139646675599	0.12479270282	0.126225154231	0.0933282697627	0.146025609444	0.141924501479	0.129118073764	0.12741142703	0.153049551411	0.138264983963	0.138701381497	0.10573999692	0.151710886763	0.101818044468	0.112640632726	0.14445362036	0.107010473888	0.0991797360589	0.101839419735	0.110381777244	0.107126280863	0.129309964144	0.134145593436	0.113965074977	0.119186081247	0.103794597501	0.149952105157	0.0883514157752	0.129086418647	0.127462679543	0.143992388222	0.125385456921	0.123112407978	0.124422003133	0.125293224833	0.0820207198104	0.143286651547	0.0724187063123	0.131972417171	0.0892777642536	0.135085333271	0.123719042403	0.131156829643	0.12366612112	0.0984143953405	0.105272003662	0.136023471511	0.142763810306	0.097149652674	0.147464154412	0.0884911072572	0.15145352749	0.118348291558	0.127136486837	0.150001425501	0.123038217602	0.144609034479	0.140151799165	0.12861835124	0.144608094919	0.127586413735	0.0931213839755	0.14143572518	0.137203011277	0.101641112465	0.142011325229	0.149111938537	0.100164583212	0.138637216821	0.116194840666	0.12052715118	0.141092807632	0.108264541442	0.0956458033786	0.0613867114791	0.140000410014	0.11738792614	0.103470038857	0.148699345933	0.148057176928	0.0973669602283	0.0992139030876	0.145519706986	0.143007276216	0.156541139932	0.136229192074	0.103045355986	0.143080769858	0.179924792786	0.144689351482	0.150235347334
CCIS41548810ST-4-0.snv.bam	0.152800487469	0.141251631069	0.138521344877	0.124941066369	0.13788299094	0.133637689158	0.145294826895	0.123071816581	0.149107526284	0.147779145995	0.126215340512	0.12587958389	0.122920304146	0.132676174497	0.177124520955	0.178834622566	0.16051827605	0.163248659986	0.157925190368	0.121107266436	0.1372648997	0.0	0.139755046117	0.113165509259	0.1249880536	0.150765505572	0.166184678711	0.130502402978	0.123846553902	0.125519985531	0.127403686642	0.129628574353	0.134419585419	0.134922935211	0.140272205283	0.13257986501	0.131106079449	0.132905596987	0.123429776046	0.123309088933	0.116693762198	0.125371952184	0.124938998749	0.131545680269	0.127854564842	0.128696835582	0.123828088353	0.120342470335	0.0296700055086	0.129269403541	0.116217750538	0.144338848322	0.136405582619	0.0811995657729	0.113422915757	0.131165411844	0.134390532936	0.122837312078	0.0196881476979	0.142048789087	0.130347503028	0.126104012923	0.0499627437454	0.140504410218	0.071863520475	0.138783411238	0.12717851704	0.138103654141	0.136944831031	0.0932361919822	0.124576799647	0.13139584802	0.146726517309	0.131037414966	0.150034409177	0.12968150138	0.140362237237	0.152670133267	0.140239790431	0.0296540362438	0.114083175823	0.115258978338	0.136198097353	0.131149631368	0.153202689453	0.130797469471	0.123994328773	0.132507155318	0.151932785868	0.135402958418	0.148820170803	0.120178847457	0.127191468079	0.143773327839	0.130626100452	0.127995352119	0.125529242657	0.0263157894737	0.121577249865	0.124347484789	0.128517695376	0.149803925827	0.12822903586	0.126531680714	0.134319223474	0.128397085883	0.15185213524	0.133854348793	0.129063927396	0.147970822302	0.168269021323	0.0124607046783	0.119602515042
