	763901136-stool1.snv.bam	763901136-stool2.snv.bam	CCIS09568613ST-4-0.snv.bam	CCIS10706551ST-3-0.snv.bam	CCIS32105356ST-4-0.snv.bam	CCIS53557295ST-4-0.snv.bam	CCMD40701343ST-21-0.snv.bam	CCMD64776337ST-21-0.snv.bam	CCMD74930188ST-21-0.snv.bam	MH0204.snv.bam	MH0224.snv.bam	MH0238.snv.bam	MH0243.snv.bam	MH0250.snv.bam	MH0265.snv.bam	MH0318.snv.bam	MH0337.snv.bam	MH0405.snv.bam	MH0413.snv.bam	MH0417.snv.bam	MH0434.snv.bam	MH0443.snv.bam	MH0448.snv.bam	MMRS54316675ST-27-0-0.snv.bam	O2.UC18-1.snv.bam	O2.UC31-1.snv.bam	SAMEA3178941.snv.bam	V1.CD50-0.snv.bam	V1.UC12-4.snv.bam
763901136-stool1.snv.bam	0.0	0.00145157426007	0.374215916452	0.37561654263	0.351012076891	0.358299760365	0.399710595518	0.366556146819	0.363067025466	0.352839769901	0.363662405234	0.389378013829	0.378108258241	0.350759119592	0.367548658043	0.344290709412	0.345166910347	0.362589363932	0.145717937985	0.350076167413	0.367136292912	0.369631281549	0.40078956359	0.103927583913	0.388924773067	0.153688339481	0.161114796383	0.377677244681	0.135802955369
763901136-stool2.snv.bam	0.00145157426007	0.0	0.374710319541	0.378547108607	0.354313373801	0.361384697787	0.399919856277	0.369459355384	0.366020733831	0.355307207454	0.364200305116	0.389413364398	0.378464869879	0.353511196661	0.368178376067	0.344599980865	0.345498469387	0.362893154616	0.144545015118	0.350451189025	0.367195469445	0.369905577951	0.403542704323	0.102980583735	0.389184909415	0.152581280809	0.159899863946	0.377816113729	0.135283095825
CCIS09568613ST-4-0.snv.bam	0.374215916452	0.374710319541	0.0	0.224968228032	0.20207253886	0.215057049715	0.224972687098	0.20841503268	0.21045510381	0.187730453806	0.200621654345	0.249511157537	0.147136779515	0.213395380222	0.212039006742	0.151443031301	0.211670453406	0.191744732681	0.390324352468	0.120479815205	0.129276218645	0.214750873117	0.202605696533	0.352119821283	0.152797607498	0.360373962622	0.336759140449	0.150572207817	0.344197596377
CCIS10706551ST-3-0.snv.bam	0.37561654263	0.378547108607	0.224968228032	0.0	0.0530281557067	0.0887438643463	0.091086424241	0.12516997674	0.100793436603	0.237653266319	0.0967384396826	0.110962888601	0.222665070572	0.108238425349	0.110633381067	0.223973107379	0.128805682573	0.144202852082	0.396107320391	0.220248395147	0.227948450975	0.111909163035	0.11338122856	0.361772880993	0.243388455312	0.366886144181	0.369266720098	0.233830873272	0.361006229496
CCIS32105356ST-4-0.snv.bam	0.351012076891	0.354313373801	0.20207253886	0.0530281557067	0.0	0.071352841391	0.132350709982	0.145493197279	0.106965355685	0.226114146866	0.120098500571	0.124777363349	0.192348158544	0.0641193850879	0.130140772256	0.194439222295	0.147093763819	0.148464084737	0.367403414649	0.185347435498	0.195321248263	0.132036880819	0.150824611119	0.349078160302	0.241650397842	0.347051148556	0.351935652408	0.232211078406	0.337945968624
CCIS53557295ST-4-0.snv.bam	0.358299760365	0.361384697787	0.215057049715	0.0887438643463	0.071352841391	0.0	0.139556480023	0.0700602409639	0.110778619759	0.225587617466	0.120677687107	0.130240168507	0.20814827958	0.123505012034	0.0555586732317	0.197404176496	0.148707021369	0.14998222691	0.366746241031	0.223535616318	0.208783244571	0.0575908698422	0.156361504389	0.353818133378	0.238479572255	0.34481093754	0.343820875244	0.228932704804	0.341367348015
CCMD40701343ST-21-0.snv.bam	0.399710595518	0.399919856277	0.224972687098	0.091086424241	0.132350709982	0.139556480023	0.0	0.156740150256	0.125134779269	0.245016758612	0.113853000743	0.145030108442	0.203437403071	0.185811734481	0.110712478106	0.235209699292	0.134020541437	0.147653544853	0.4055660001	0.235836092449	0.242505364989	0.110455244438	0.07266047561	0.382876779874	0.246001402443	0.388364972028	0.37659760111	0.258243613229	0.377974101942
CCMD64776337ST-21-0.snv.bam	0.366556146819	0.369459355384	0.20841503268	0.12516997674	0.145493197279	0.0700602409639	0.156740150256	0.0	0.151989331293	0.216541790939	0.128732528534	0.157499744084	0.24991307809	0.109275019557	0.0816389276759	0.230651206328	0.0815753917018	0.11169334882	0.374937492026	0.221824727577	0.223924890944	0.0840155191277	0.184800351765	0.352225638974	0.229432077296	0.343262287008	0.342125690402	0.229321962931	0.344634588247
CCMD74930188ST-21-0.snv.bam	0.363067025466	0.366020733831	0.21045510381	0.100793436603	0.106965355685	0.110778619759	0.125134779269	0.151989331293	0.0	0.201662699717	0.0641216576846	0.139987323697	0.203262051076	0.157160234357	0.103552020589	0.198228345257	0.124501165018	0.0921229181806	0.371491588685	0.19931705177	0.218391505683	0.105464536392	0.0978387880699	0.357042692272	0.224060868621	0.368939054945	0.353695975082	0.21434545066	0.348381354408
MH0204.snv.bam	0.352839769901	0.355307207454	0.187730453806	0.237653266319	0.226114146866	0.225587617466	0.245016758612	0.216541790939	0.201662699717	0.0	0.205949767519	0.222403379499	0.205749370164	0.21140567135	0.231077798282	0.204193184288	0.213124288286	0.196090241069	0.361912678681	0.185730983861	0.158207365582	0.232712409024	0.213562419102	0.361097381882	0.198767990399	0.360742581028	0.343471221607	0.192725745207	0.353783998603
MH0224.snv.bam	0.363662405234	0.364200305116	0.200621654345	0.0967384396826	0.120098500571	0.120677687107	0.113853000743	0.128732528534	0.0641216576846	0.205949767519	0.0	0.142402629863	0.182810994433	0.153376219928	0.100295941892	0.201905014588	0.107691108505	0.0961067508988	0.370472910925	0.183363166477	0.201616874987	0.101730000088	0.107476453875	0.3574438987	0.204730416706	0.367179055131	0.353226382973	0.216570865546	0.355875914542
MH0238.snv.bam	0.389378013829	0.389413364398	0.249511157537	0.110962888601	0.124777363349	0.130240168507	0.145030108442	0.157499744084	0.139987323697	0.222403379499	0.142402629863	0.0	0.240475294346	0.177173083406	0.0973872278561	0.221923384327	0.174788710999	0.160917098965	0.383346603279	0.248080114875	0.260381494115	0.0989261917817	0.166230723844	0.369316059585	0.247997550145	0.367946158831	0.368566411871	0.246728071802	0.37278357978
MH0243.snv.bam	0.378108258241	0.378464869879	0.147136779515	0.222665070572	0.192348158544	0.20814827958	0.203437403071	0.24991307809	0.203262051076	0.205749370164	0.182810994433	0.240475294346	0.0	0.252756780344	0.213509246634	0.170966737834	0.258913860384	0.237076558428	0.394466270759	0.162565711122	0.150447849265	0.215628197472	0.169606663657	0.383576523783	0.18530837455	0.393587803113	0.374719019091	0.189305629437	0.384747044354
MH0250.snv.bam	0.350759119592	0.353511196661	0.213395380222	0.108238425349	0.0641193850879	0.123505012034	0.185811734481	0.109275019557	0.157160234357	0.21140567135	0.153376219928	0.177173083406	0.252756780344	0.0	0.176113088593	0.2367733958	0.0911370877113	0.0968389205522	0.371024564971	0.195921794801	0.19457320251	0.177885038645	0.203268163154	0.352167055658	0.245451099559	0.352276964917	0.354202918262	0.233831933483	0.337336437087
MH0265.snv.bam	0.367548658043	0.368178376067	0.212039006742	0.110633381067	0.130140772256	0.0555586732317	0.110712478106	0.0816389276759	0.103552020589	0.231077798282	0.100295941892	0.0973872278561	0.213509246634	0.176113088593	0.0	0.207685371761	0.130225864385	0.11156547986	0.372850742968	0.222212077677	0.233621880889	0.00301394869949	0.137159058814	0.351573204403	0.23532315048	0.347293017696	0.341441632726	0.23395738876	0.345221622239
MH0318.snv.bam	0.344290709412	0.344599980865	0.151443031301	0.223973107379	0.194439222295	0.197404176496	0.235209699292	0.230651206328	0.198228345257	0.204193184288	0.201905014588	0.221923384327	0.170966737834	0.2367733958	0.207685371761	0.0	0.234827222969	0.22660827544	0.353258022491	0.143058734407	0.203649995622	0.209790502922	0.203340826949	0.338231314484	0.183757648195	0.347513767874	0.312717594202	0.18199242108	0.344339539316
MH0337.snv.bam	0.345166910347	0.345498469387	0.211670453406	0.128805682573	0.147093763819	0.148707021369	0.134020541437	0.0815753917018	0.124501165018	0.213124288286	0.107691108505	0.174788710999	0.258913860384	0.0911370877113	0.130225864385	0.234827222969	0.0	0.0655089296034	0.354347233598	0.209601662528	0.220355983417	0.131784092932	0.169036754492	0.334012280617	0.232236799362	0.33424025324	0.337805632656	0.233046548549	0.317766439721
MH0405.snv.bam	0.362589363932	0.362893154616	0.191744732681	0.144202852082	0.148464084737	0.14998222691	0.147653544853	0.11169334882	0.0921229181806	0.196090241069	0.0961067508988	0.160917098965	0.237076558428	0.0968389205522	0.11156547986	0.22660827544	0.0655089296034	0.0	0.37238273244	0.186765229424	0.203505235438	0.111526372281	0.157865976767	0.363680849	0.21528392532	0.366291752987	0.36125646477	0.213799588478	0.339928889343
MH0413.snv.bam	0.145717937985	0.144545015118	0.390324352468	0.396107320391	0.367403414649	0.366746241031	0.4055660001	0.374937492026	0.371491588685	0.361912678681	0.370472910925	0.383346603279	0.394466270759	0.371024564971	0.372850742968	0.353258022491	0.354347233598	0.37238273244	0.0	0.35982276306	0.373381349215	0.374044671864	0.411461140319	0.160761161644	0.399486299946	0.175905108015	0.203196343481	0.391877891747	0.130583545445
MH0417.snv.bam	0.350076167413	0.350451189025	0.120479815205	0.220248395147	0.185347435498	0.223535616318	0.235836092449	0.221824727577	0.19931705177	0.185730983861	0.183363166477	0.248080114875	0.162565711122	0.195921794801	0.222212077677	0.143058734407	0.209601662528	0.186765229424	0.35982276306	0.0	0.156675075596	0.223849943765	0.18296359845	0.328949978381	0.188955267536	0.341069203306	0.322151397622	0.207724661155	0.324680603579
MH0434.snv.bam	0.367136292912	0.367195469445	0.129276218645	0.227948450975	0.195321248263	0.208783244571	0.242505364989	0.223924890944	0.218391505683	0.158207365582	0.201616874987	0.260381494115	0.150447849265	0.19457320251	0.233621880889	0.203649995622	0.220355983417	0.203505235438	0.373381349215	0.156675075596	0.0	0.234879687629	0.200376678541	0.36776908436	0.166333459915	0.377514949514	0.363359971008	0.165026074988	0.363532491105
MH0443.snv.bam	0.369631281549	0.369905577951	0.214750873117	0.111909163035	0.132036880819	0.0575908698422	0.110455244438	0.0840155191277	0.105464536392	0.232712409024	0.101730000088	0.0989261917817	0.215628197472	0.177885038645	0.00301394869949	0.209790502922	0.131784092932	0.111526372281	0.374044671864	0.223849943765	0.234879687629	0.0	0.136641146177	0.353388974324	0.237560313987	0.348935424445	0.343280091997	0.235716906188	0.347276948182
MH0448.snv.bam	0.40078956359	0.403542704323	0.202605696533	0.11338122856	0.150824611119	0.156361504389	0.07266047561	0.184800351765	0.0978387880699	0.213562419102	0.107476453875	0.166230723844	0.169606663657	0.203268163154	0.137159058814	0.203340826949	0.169036754492	0.157865976767	0.411461140319	0.18296359845	0.200376678541	0.136641146177	0.0	0.394145199484	0.220621869702	0.40703422268	0.379452521004	0.211051600772	0.400621528466
MMRS54316675ST-27-0-0.snv.bam	0.103927583913	0.102980583735	0.352119821283	0.361772880993	0.349078160302	0.353818133378	0.382876779874	0.352225638974	0.357042692272	0.361097381882	0.3574438987	0.369316059585	0.383576523783	0.352167055658	0.351573204403	0.338231314484	0.334012280617	0.363680849	0.160761161644	0.328949978381	0.36776908436	0.353388974324	0.394145199484	0.0	0.37240592946	0.139607509228	0.133977333604	0.373546207979	0.116633666785
O2.UC18-1.snv.bam	0.388924773067	0.389184909415	0.152797607498	0.243388455312	0.241650397842	0.238479572255	0.246001402443	0.229432077296	0.224060868621	0.198767990399	0.204730416706	0.247997550145	0.18530837455	0.245451099559	0.23532315048	0.183757648195	0.232236799362	0.21528392532	0.399486299946	0.188955267536	0.166333459915	0.237560313987	0.220621869702	0.37240592946	0.0	0.394633970859	0.365450031948	0.0499258038211	0.395983952449
O2.UC31-1.snv.bam	0.153688339481	0.152581280809	0.360373962622	0.366886144181	0.347051148556	0.34481093754	0.388364972028	0.343262287008	0.368939054945	0.360742581028	0.367179055131	0.367946158831	0.393587803113	0.352276964917	0.347293017696	0.347513767874	0.33424025324	0.366291752987	0.175905108015	0.341069203306	0.377514949514	0.348935424445	0.40703422268	0.139607509228	0.394633970859	0.0	0.067891485305	0.391093843258	0.113366022404
SAMEA3178941.snv.bam	0.161114796383	0.159899863946	0.336759140449	0.369266720098	0.351935652408	0.343820875244	0.37659760111	0.342125690402	0.353695975082	0.343471221607	0.353226382973	0.368566411871	0.374719019091	0.354202918262	0.341441632726	0.312717594202	0.337805632656	0.36125646477	0.203196343481	0.322151397622	0.363359971008	0.343280091997	0.379452521004	0.133977333604	0.365450031948	0.067891485305	0.0	0.364879541375	0.152335646043
V1.CD50-0.snv.bam	0.377677244681	0.377816113729	0.150572207817	0.233830873272	0.232211078406	0.228932704804	0.258243613229	0.229321962931	0.21434545066	0.192725745207	0.216570865546	0.246728071802	0.189305629437	0.233831933483	0.23395738876	0.18199242108	0.233046548549	0.213799588478	0.391877891747	0.207724661155	0.165026074988	0.235716906188	0.211051600772	0.373546207979	0.0499258038211	0.391093843258	0.364879541375	0.0	0.391631901826
V1.UC12-4.snv.bam	0.135802955369	0.135283095825	0.344197596377	0.361006229496	0.337945968624	0.341367348015	0.377974101942	0.344634588247	0.348381354408	0.353783998603	0.355875914542	0.37278357978	0.384747044354	0.337336437087	0.345221622239	0.344339539316	0.317766439721	0.339928889343	0.130583545445	0.324680603579	0.363532491105	0.347276948182	0.400621528466	0.116633666785	0.395983952449	0.113366022404	0.152335646043	0.391631901826	0.0
