	763678604-stool1.snv.bam	BGI002A.snv.bam	CCIS16326685ST-4-0.snv.bam	CCIS16383318ST-4-0.snv.bam	CCIS33816588ST-4-0.snv.bam	CCIS36797902ST-4-0.snv.bam	CCIS50471204ST-4-0.snv.bam	CCIS88317640ST-4-0.snv.bam	CCIS91228662ST-4-0.snv.bam	CCMD86114146ST-21-0.snv.bam	DLM019.snv.bam	M4.3-V1.metaG.snv.bam	MH0298.snv.bam	MH0309.snv.bam	MH0318.snv.bam	MH0389.snv.bam	MH0429.snv.bam	MH0436.snv.bam	MH0438.snv.bam	MMRS20257302ST-27-0-0.snv.bam	MMRS38954404ST-27-0-0.snv.bam	MMRS51307502ST-27-0-0.snv.bam	MMRS72802364ST-27-0-0.snv.bam	MMRS88581325ST-27-0-0.snv.bam	MMRS95479054ST-27-0-0.snv.bam	N021A.snv.bam	N037A.snv.bam	NG-5636_231.snv.bam	NLM021.snv.bam	SAMEA3136707.snv.bam	SAMEA3136725.snv.bam	SAMEA3178942.snv.bam	SZEY-62A.snv.bam	SZEY-93A.snv.bam	T2D-47A.snv.bam	T2D-70A.snv.bam	V1.FI04.snv.bam	V1.UC62-0.snv.bam
763678604-stool1.snv.bam	0.0	0.105473965287	0.118825100134	0.104138851802	0.108144192256	0.106809078772	0.116154873164	0.106809078772	0.101468624833	0.11481975968	0.106809078772	0.122830440587	0.0934579439252	0.122830440587	0.108144192256	0.0947930574099	0.108144192256	0.0947930574099	0.109479305741	0.0987983978638	0.0987983978638	0.102803738318	0.0987983978638	0.11214953271	0.110814419226	0.104138851802	0.104138851802	0.0947930574099	0.116154873164	0.102803738318	0.108144192256	0.101468624833	0.118825100134	0.129506008011	0.101468624833	0.108144192256	0.101468624833	0.0961281708945
BGI002A.snv.bam	0.105473965287	0.0	0.11481975968	0.116154873164	0.138851802403	0.106809078772	0.13217623498	0.0907877169559	0.109479305741	0.117489986649	0.133511348465	0.0934579439252	0.121495327103	0.133511348465	0.121495327103	0.116154873164	0.133511348465	0.120160213618	0.128170894526	0.13217623498	0.105473965287	0.0894526034713	0.0907877169559	0.128170894526	0.124165554072	0.122830440587	0.120160213618	0.101468624833	0.11481975968	0.141522029372	0.0934579439252	0.134846461949	0.11481975968	0.14953271028	0.125500667557	0.128170894526	0.118825100134	0.129506008011
CCIS16326685ST-4-0.snv.bam	0.118825100134	0.11481975968	0.0	0.137516688919	0.140186915888	0.130841121495	0.140186915888	0.126835781041	0.126835781041	0.122830440587	0.144192256342	0.120160213618	0.130841121495	0.142857142857	0.133511348465	0.128170894526	0.144192256342	0.134846461949	0.130841121495	0.13217623498	0.11481975968	0.110814419226	0.118825100134	0.138851802403	0.142857142857	0.141522029372	0.126835781041	0.0974632843792	0.128170894526	0.141522029372	0.109479305741	0.133511348465	0.136181575434	0.0907877169559	0.145527369826	0.134846461949	0.140186915888	0.126835781041
CCIS16383318ST-4-0.snv.bam	0.104138851802	0.116154873164	0.137516688919	0.0	0.128170894526	0.109479305741	0.122830440587	0.11214953271	0.11214953271	0.120160213618	0.117489986649	0.122830440587	0.104138851802	0.138851802403	0.109479305741	0.110814419226	0.126835781041	0.11214953271	0.109479305741	0.108144192256	0.0827770360481	0.113484646195	0.11214953271	0.11481975968	0.120160213618	0.126835781041	0.130841121495	0.101468624833	0.129506008011	0.117489986649	0.11214953271	0.0974632843792	0.120160213618	0.136181575434	0.130841121495	0.124165554072	0.109479305741	0.110814419226
CCIS33816588ST-4-0.snv.bam	0.108144192256	0.138851802403	0.140186915888	0.128170894526	0.0	0.136181575434	0.13217623498	0.121495327103	0.133511348465	0.104138851802	0.121495327103	0.146862483311	0.11214953271	0.106809078772	0.125500667557	0.109479305741	0.136181575434	0.117489986649	0.117489986649	0.118825100134	0.105473965287	0.118825100134	0.128170894526	0.128170894526	0.109479305741	0.137516688919	0.141522029372	0.110814419226	0.145527369826	0.124165554072	0.124165554072	0.125500667557	0.129506008011	0.157543391188	0.13217623498	0.100133511348	0.120160213618	0.118825100134
CCIS36797902ST-4-0.snv.bam	0.106809078772	0.106809078772	0.130841121495	0.109479305741	0.136181575434	0.0	0.124165554072	0.0987983978638	0.109479305741	0.126835781041	0.124165554072	0.11481975968	0.11214953271	0.137516688919	0.113484646195	0.0974632843792	0.145527369826	0.101468624833	0.118825100134	0.120160213618	0.101468624833	0.110814419226	0.11481975968	0.128170894526	0.138851802403	0.122830440587	0.126835781041	0.11214953271	0.140186915888	0.122830440587	0.104138851802	0.121495327103	0.138851802403	0.146862483311	0.118825100134	0.129506008011	0.121495327103	0.113484646195
CCIS50471204ST-4-0.snv.bam	0.116154873164	0.13217623498	0.140186915888	0.122830440587	0.13217623498	0.124165554072	0.0	0.126835781041	0.137516688919	0.120160213618	0.136181575434	0.136181575434	0.110814419226	0.134846461949	0.126835781041	0.117489986649	0.134846461949	0.122830440587	0.130841121495	0.122830440587	0.102803738318	0.118825100134	0.124165554072	0.0240320427236	0.133511348465	0.140186915888	0.134846461949	0.108144192256	0.137516688919	0.125500667557	0.137516688919	0.125500667557	0.136181575434	0.146862483311	0.148197596796	0.125500667557	0.116154873164	0.122830440587
CCIS88317640ST-4-0.snv.bam	0.106809078772	0.0907877169559	0.126835781041	0.11214953271	0.121495327103	0.0987983978638	0.126835781041	0.0	0.0894526034713	0.11481975968	0.122830440587	0.106809078772	0.108144192256	0.130841121495	0.126835781041	0.118825100134	0.130841121495	0.124165554072	0.113484646195	0.126835781041	0.0720961281709	0.0881174899866	0.0854472630174	0.129506008011	0.118825100134	0.126835781041	0.117489986649	0.105473965287	0.118825100134	0.130841121495	0.0934579439252	0.121495327103	0.108144192256	0.130841121495	0.128170894526	0.124165554072	0.110814419226	0.124165554072
CCIS91228662ST-4-0.snv.bam	0.101468624833	0.109479305741	0.126835781041	0.11214953271	0.133511348465	0.109479305741	0.137516688919	0.0894526034713	0.0	0.129506008011	0.128170894526	0.0761014686248	0.108144192256	0.134846461949	0.129506008011	0.129506008011	0.130841121495	0.137516688919	0.129506008011	0.122830440587	0.0881174899866	0.0947930574099	0.0921228304406	0.133511348465	0.128170894526	0.129506008011	0.11214953271	0.101468624833	0.100133511348	0.126835781041	0.11481975968	0.120160213618	0.101468624833	0.128170894526	0.140186915888	0.126835781041	0.125500667557	0.128170894526
CCMD86114146ST-21-0.snv.bam	0.11481975968	0.117489986649	0.122830440587	0.120160213618	0.104138851802	0.126835781041	0.120160213618	0.11481975968	0.129506008011	0.0	0.125500667557	0.124165554072	0.129506008011	0.120160213618	0.128170894526	0.117489986649	0.130841121495	0.121495327103	0.13217623498	0.122830440587	0.0974632843792	0.108144192256	0.116154873164	0.121495327103	0.125500667557	0.133511348465	0.124165554072	0.0801068090788	0.129506008011	0.130841121495	0.11481975968	0.126835781041	0.13217623498	0.144192256342	0.126835781041	0.11214953271	0.105473965287	0.122830440587
DLM019.snv.bam	0.106809078772	0.133511348465	0.144192256342	0.117489986649	0.121495327103	0.124165554072	0.136181575434	0.122830440587	0.128170894526	0.125500667557	0.0	0.140186915888	0.121495327103	0.129506008011	0.136181575434	0.113484646195	0.136181575434	0.122830440587	0.130841121495	0.125500667557	0.109479305741	0.118825100134	0.120160213618	0.13217623498	0.137516688919	0.0961281708945	0.124165554072	0.105473965287	0.128170894526	0.122830440587	0.125500667557	0.133511348465	0.120160213618	0.153538050734	0.0961281708945	0.124165554072	0.121495327103	0.134846461949
M4.3-V1.metaG.snv.bam	0.122830440587	0.0934579439252	0.120160213618	0.122830440587	0.146862483311	0.11481975968	0.136181575434	0.106809078772	0.0761014686248	0.124165554072	0.140186915888	0.0	0.113484646195	0.14953271028	0.137516688919	0.142857142857	0.14953271028	0.146862483311	0.136181575434	0.145527369826	0.113484646195	0.101468624833	0.105473965287	0.129506008011	0.138851802403	0.128170894526	0.124165554072	0.101468624833	0.109479305741	0.146862483311	0.0747663551402	0.145527369826	0.113484646195	0.14953271028	0.14953271028	0.130841121495	0.130841121495	0.145527369826
MH0298.snv.bam	0.0934579439252	0.121495327103	0.130841121495	0.104138851802	0.11214953271	0.11214953271	0.110814419226	0.108144192256	0.108144192256	0.129506008011	0.121495327103	0.113484646195	0.0	0.117489986649	0.0987983978638	0.105473965287	0.113484646195	0.100133511348	0.0974632843792	0.102803738318	0.0841121495327	0.108144192256	0.109479305741	0.11481975968	0.118825100134	0.117489986649	0.113484646195	0.0907877169559	0.121495327103	0.105473965287	0.113484646195	0.101468624833	0.110814419226	0.156208277704	0.121495327103	0.110814419226	0.113484646195	0.104138851802
MH0309.snv.bam	0.122830440587	0.133511348465	0.142857142857	0.138851802403	0.106809078772	0.137516688919	0.134846461949	0.130841121495	0.134846461949	0.120160213618	0.129506008011	0.14953271028	0.117489986649	0.0	0.124165554072	0.117489986649	0.124165554072	0.121495327103	0.124165554072	0.125500667557	0.105473965287	0.124165554072	0.137516688919	0.128170894526	0.116154873164	0.134846461949	0.137516688919	0.100133511348	0.136181575434	0.126835781041	0.138851802403	0.137516688919	0.134846461949	0.160213618158	0.153538050734	0.0173564753004	0.118825100134	0.137516688919
MH0318.snv.bam	0.108144192256	0.121495327103	0.133511348465	0.109479305741	0.125500667557	0.113484646195	0.126835781041	0.126835781041	0.129506008011	0.128170894526	0.136181575434	0.137516688919	0.0987983978638	0.124165554072	0.0	0.0894526034713	0.130841121495	0.0881174899866	0.116154873164	0.118825100134	0.0921228304406	0.126835781041	0.125500667557	0.124165554072	0.116154873164	0.136181575434	0.126835781041	0.110814419226	0.136181575434	0.124165554072	0.130841121495	0.116154873164	0.126835781041	0.162883845127	0.118825100134	0.116154873164	0.124165554072	0.105473965287
MH0389.snv.bam	0.0947930574099	0.116154873164	0.128170894526	0.110814419226	0.109479305741	0.0974632843792	0.117489986649	0.118825100134	0.129506008011	0.117489986649	0.113484646195	0.142857142857	0.105473965287	0.117489986649	0.0894526034713	0.0	0.121495327103	0.0360480640854	0.104138851802	0.0961281708945	0.100133511348	0.11481975968	0.122830440587	0.116154873164	0.121495327103	0.124165554072	0.122830440587	0.102803738318	0.128170894526	0.0987983978638	0.121495327103	0.0907877169559	0.125500667557	0.150867823765	0.118825100134	0.109479305741	0.11481975968	0.0841121495327
MH0429.snv.bam	0.108144192256	0.133511348465	0.144192256342	0.126835781041	0.136181575434	0.145527369826	0.134846461949	0.130841121495	0.130841121495	0.130841121495	0.136181575434	0.14953271028	0.113484646195	0.124165554072	0.130841121495	0.121495327103	0.0	0.130841121495	0.118825100134	0.121495327103	0.100133511348	0.116154873164	0.13217623498	0.136181575434	0.134846461949	0.140186915888	0.144192256342	0.108144192256	0.145527369826	0.126835781041	0.148197596796	0.130841121495	0.144192256342	0.164218958611	0.142857142857	0.130841121495	0.113484646195	0.124165554072
MH0436.snv.bam	0.0947930574099	0.120160213618	0.134846461949	0.11214953271	0.117489986649	0.101468624833	0.122830440587	0.124165554072	0.137516688919	0.121495327103	0.122830440587	0.146862483311	0.100133511348	0.121495327103	0.0881174899866	0.0360480640854	0.130841121495	0.0	0.113484646195	0.0947930574099	0.100133511348	0.118825100134	0.122830440587	0.121495327103	0.125500667557	0.128170894526	0.121495327103	0.102803738318	0.129506008011	0.104138851802	0.125500667557	0.086782376502	0.129506008011	0.160213618158	0.125500667557	0.113484646195	0.113484646195	0.0801068090788
MH0438.snv.bam	0.109479305741	0.128170894526	0.130841121495	0.109479305741	0.117489986649	0.118825100134	0.130841121495	0.113484646195	0.129506008011	0.13217623498	0.130841121495	0.136181575434	0.0974632843792	0.124165554072	0.116154873164	0.104138851802	0.118825100134	0.113484646195	0.0	0.121495327103	0.100133511348	0.104138851802	0.118825100134	0.120160213618	0.13217623498	0.134846461949	0.118825100134	0.106809078772	0.130841121495	0.124165554072	0.118825100134	0.117489986649	0.133511348465	0.158878504673	0.140186915888	0.11481975968	0.13217623498	0.110814419226
MMRS20257302ST-27-0-0.snv.bam	0.0987983978638	0.13217623498	0.13217623498	0.108144192256	0.118825100134	0.120160213618	0.122830440587	0.126835781041	0.122830440587	0.122830440587	0.125500667557	0.145527369826	0.102803738318	0.125500667557	0.118825100134	0.0961281708945	0.121495327103	0.0947930574099	0.121495327103	0.0	0.0974632843792	0.108144192256	0.120160213618	0.118825100134	0.124165554072	0.122830440587	0.133511348465	0.0934579439252	0.133511348465	0.0173564753004	0.137516688919	0.041388518024	0.138851802403	0.138851802403	0.137516688919	0.116154873164	0.106809078772	0.0614152202937
MMRS38954404ST-27-0-0.snv.bam	0.0987983978638	0.105473965287	0.11481975968	0.0827770360481	0.105473965287	0.101468624833	0.102803738318	0.0720961281709	0.0881174899866	0.0974632843792	0.109479305741	0.113484646195	0.0841121495327	0.105473965287	0.0921228304406	0.100133511348	0.100133511348	0.100133511348	0.100133511348	0.0974632843792	0.0	0.0841121495327	0.104138851802	0.102803738318	0.105473965287	0.113484646195	0.100133511348	0.0827770360481	0.102803738318	0.102803738318	0.105473965287	0.0987983978638	0.106809078772	0.113484646195	0.117489986649	0.0987983978638	0.086782376502	0.11214953271
MMRS51307502ST-27-0-0.snv.bam	0.102803738318	0.0894526034713	0.110814419226	0.113484646195	0.118825100134	0.110814419226	0.118825100134	0.0881174899866	0.0947930574099	0.108144192256	0.118825100134	0.101468624833	0.108144192256	0.124165554072	0.126835781041	0.11481975968	0.116154873164	0.118825100134	0.104138851802	0.108144192256	0.0841121495327	0.0	0.0881174899866	0.11481975968	0.128170894526	0.109479305741	0.109479305741	0.0827770360481	0.110814419226	0.11481975968	0.086782376502	0.116154873164	0.109479305741	0.120160213618	0.129506008011	0.117489986649	0.110814419226	0.118825100134
MMRS72802364ST-27-0-0.snv.bam	0.0987983978638	0.0907877169559	0.118825100134	0.11214953271	0.128170894526	0.11481975968	0.124165554072	0.0854472630174	0.0921228304406	0.116154873164	0.120160213618	0.105473965287	0.109479305741	0.137516688919	0.125500667557	0.122830440587	0.13217623498	0.122830440587	0.118825100134	0.120160213618	0.104138851802	0.0881174899866	0.0	0.125500667557	0.128170894526	0.11214953271	0.110814419226	0.0894526034713	0.116154873164	0.122830440587	0.0921228304406	0.120160213618	0.11481975968	0.136181575434	0.124165554072	0.122830440587	0.118825100134	0.121495327103
MMRS88581325ST-27-0-0.snv.bam	0.11214953271	0.128170894526	0.138851802403	0.11481975968	0.128170894526	0.128170894526	0.0240320427236	0.129506008011	0.133511348465	0.121495327103	0.13217623498	0.129506008011	0.11481975968	0.128170894526	0.124165554072	0.116154873164	0.136181575434	0.121495327103	0.120160213618	0.118825100134	0.102803738318	0.11481975968	0.125500667557	0.0	0.125500667557	0.130841121495	0.128170894526	0.106809078772	0.130841121495	0.121495327103	0.125500667557	0.122830440587	0.13217623498	0.142857142857	0.144192256342	0.118825100134	0.113484646195	0.120160213618
MMRS95479054ST-27-0-0.snv.bam	0.110814419226	0.124165554072	0.142857142857	0.120160213618	0.109479305741	0.138851802403	0.133511348465	0.118825100134	0.128170894526	0.125500667557	0.137516688919	0.138851802403	0.118825100134	0.116154873164	0.116154873164	0.121495327103	0.134846461949	0.125500667557	0.13217623498	0.124165554072	0.105473965287	0.128170894526	0.128170894526	0.125500667557	0.0	0.130841121495	0.125500667557	0.106809078772	0.130841121495	0.128170894526	0.130841121495	0.126835781041	0.130841121495	0.166889185581	0.140186915888	0.11214953271	0.117489986649	0.130841121495
N021A.snv.bam	0.104138851802	0.122830440587	0.141522029372	0.126835781041	0.137516688919	0.122830440587	0.140186915888	0.126835781041	0.129506008011	0.133511348465	0.0961281708945	0.128170894526	0.117489986649	0.134846461949	0.136181575434	0.124165554072	0.140186915888	0.128170894526	0.134846461949	0.122830440587	0.113484646195	0.109479305741	0.11214953271	0.130841121495	0.130841121495	0.0	0.120160213618	0.100133511348	0.130841121495	0.122830440587	0.129506008011	0.13217623498	0.118825100134	0.154873164219	0.11481975968	0.125500667557	0.120160213618	0.13217623498
N037A.snv.bam	0.104138851802	0.120160213618	0.126835781041	0.130841121495	0.141522029372	0.126835781041	0.134846461949	0.117489986649	0.11214953271	0.124165554072	0.124165554072	0.124165554072	0.113484646195	0.137516688919	0.126835781041	0.122830440587	0.144192256342	0.121495327103	0.118825100134	0.133511348465	0.100133511348	0.109479305741	0.110814419226	0.128170894526	0.125500667557	0.120160213618	0.0	0.0987983978638	0.0387182910547	0.136181575434	0.0987983978638	0.130841121495	0.0947930574099	0.145527369826	0.134846461949	0.126835781041	0.126835781041	0.126835781041
NG-5636_231.snv.bam	0.0947930574099	0.101468624833	0.0974632843792	0.101468624833	0.110814419226	0.11214953271	0.108144192256	0.105473965287	0.101468624833	0.0801068090788	0.105473965287	0.101468624833	0.0907877169559	0.100133511348	0.110814419226	0.102803738318	0.108144192256	0.102803738318	0.106809078772	0.0934579439252	0.0827770360481	0.0827770360481	0.0894526034713	0.106809078772	0.106809078772	0.100133511348	0.0987983978638	0.0	0.100133511348	0.0947930574099	0.0921228304406	0.105473965287	0.108144192256	0.0987983978638	0.118825100134	0.0881174899866	0.0907877169559	0.106809078772
NLM021.snv.bam	0.116154873164	0.11481975968	0.128170894526	0.129506008011	0.145527369826	0.140186915888	0.137516688919	0.118825100134	0.100133511348	0.129506008011	0.128170894526	0.109479305741	0.121495327103	0.136181575434	0.136181575434	0.128170894526	0.145527369826	0.129506008011	0.130841121495	0.133511348465	0.102803738318	0.110814419226	0.116154873164	0.130841121495	0.130841121495	0.130841121495	0.0387182910547	0.100133511348	0.0	0.136181575434	0.116154873164	0.136181575434	0.0774365821095	0.144192256342	0.145527369826	0.125500667557	0.126835781041	0.144192256342
SAMEA3136707.snv.bam	0.102803738318	0.141522029372	0.141522029372	0.117489986649	0.124165554072	0.122830440587	0.125500667557	0.130841121495	0.126835781041	0.130841121495	0.122830440587	0.146862483311	0.105473965287	0.126835781041	0.124165554072	0.0987983978638	0.126835781041	0.104138851802	0.124165554072	0.0173564753004	0.102803738318	0.11481975968	0.122830440587	0.121495327103	0.128170894526	0.122830440587	0.136181575434	0.0947930574099	0.136181575434	0.0	0.138851802403	0.0600801068091	0.136181575434	0.14953271028	0.146862483311	0.117489986649	0.113484646195	0.0720961281709
SAMEA3136725.snv.bam	0.108144192256	0.0934579439252	0.109479305741	0.11214953271	0.124165554072	0.104138851802	0.137516688919	0.0934579439252	0.11481975968	0.11481975968	0.125500667557	0.0747663551402	0.113484646195	0.138851802403	0.130841121495	0.121495327103	0.148197596796	0.125500667557	0.118825100134	0.137516688919	0.105473965287	0.086782376502	0.0921228304406	0.125500667557	0.130841121495	0.129506008011	0.0987983978638	0.0921228304406	0.116154873164	0.138851802403	0.0	0.129506008011	0.120160213618	0.141522029372	0.128170894526	0.120160213618	0.122830440587	0.125500667557
SAMEA3178942.snv.bam	0.101468624833	0.134846461949	0.133511348465	0.0974632843792	0.125500667557	0.121495327103	0.125500667557	0.121495327103	0.120160213618	0.126835781041	0.133511348465	0.145527369826	0.101468624833	0.137516688919	0.116154873164	0.0907877169559	0.130841121495	0.086782376502	0.117489986649	0.041388518024	0.0987983978638	0.116154873164	0.120160213618	0.122830440587	0.126835781041	0.13217623498	0.130841121495	0.105473965287	0.136181575434	0.0600801068091	0.129506008011	0.0	0.128170894526	0.140186915888	0.140186915888	0.126835781041	0.109479305741	0.0320427236315
SZEY-62A.snv.bam	0.118825100134	0.11481975968	0.136181575434	0.120160213618	0.129506008011	0.138851802403	0.136181575434	0.108144192256	0.101468624833	0.13217623498	0.120160213618	0.113484646195	0.110814419226	0.134846461949	0.126835781041	0.125500667557	0.144192256342	0.129506008011	0.133511348465	0.138851802403	0.106809078772	0.109479305741	0.11481975968	0.13217623498	0.130841121495	0.118825100134	0.0947930574099	0.108144192256	0.0774365821095	0.136181575434	0.120160213618	0.128170894526	0.0	0.144192256342	0.134846461949	0.125500667557	0.125500667557	0.140186915888
SZEY-93A.snv.bam	0.129506008011	0.14953271028	0.0907877169559	0.136181575434	0.157543391188	0.146862483311	0.146862483311	0.130841121495	0.128170894526	0.144192256342	0.153538050734	0.14953271028	0.156208277704	0.160213618158	0.162883845127	0.150867823765	0.164218958611	0.160213618158	0.158878504673	0.138851802403	0.113484646195	0.120160213618	0.136181575434	0.142857142857	0.166889185581	0.154873164219	0.145527369826	0.0987983978638	0.144192256342	0.14953271028	0.141522029372	0.140186915888	0.144192256342	0.0	0.170894526035	0.144192256342	0.136181575434	0.141522029372
T2D-47A.snv.bam	0.101468624833	0.125500667557	0.145527369826	0.130841121495	0.13217623498	0.118825100134	0.148197596796	0.128170894526	0.140186915888	0.126835781041	0.0961281708945	0.14953271028	0.121495327103	0.153538050734	0.118825100134	0.118825100134	0.142857142857	0.125500667557	0.140186915888	0.137516688919	0.117489986649	0.129506008011	0.124165554072	0.144192256342	0.140186915888	0.11481975968	0.134846461949	0.118825100134	0.145527369826	0.146862483311	0.128170894526	0.140186915888	0.134846461949	0.170894526035	0.0	0.146862483311	0.13217623498	0.144192256342
T2D-70A.snv.bam	0.108144192256	0.128170894526	0.134846461949	0.124165554072	0.100133511348	0.129506008011	0.125500667557	0.124165554072	0.126835781041	0.11214953271	0.124165554072	0.130841121495	0.110814419226	0.0173564753004	0.116154873164	0.109479305741	0.130841121495	0.113484646195	0.11481975968	0.116154873164	0.0987983978638	0.117489986649	0.122830440587	0.118825100134	0.11214953271	0.125500667557	0.126835781041	0.0881174899866	0.125500667557	0.117489986649	0.120160213618	0.126835781041	0.125500667557	0.144192256342	0.146862483311	0.0	0.113484646195	0.126835781041
V1.FI04.snv.bam	0.101468624833	0.118825100134	0.140186915888	0.109479305741	0.120160213618	0.121495327103	0.116154873164	0.110814419226	0.125500667557	0.105473965287	0.121495327103	0.130841121495	0.113484646195	0.118825100134	0.124165554072	0.11481975968	0.113484646195	0.113484646195	0.13217623498	0.106809078772	0.086782376502	0.110814419226	0.118825100134	0.113484646195	0.117489986649	0.120160213618	0.126835781041	0.0907877169559	0.126835781041	0.113484646195	0.122830440587	0.109479305741	0.125500667557	0.136181575434	0.13217623498	0.113484646195	0.0	0.11481975968
V1.UC62-0.snv.bam	0.0961281708945	0.129506008011	0.126835781041	0.110814419226	0.118825100134	0.113484646195	0.122830440587	0.124165554072	0.128170894526	0.122830440587	0.134846461949	0.145527369826	0.104138851802	0.137516688919	0.105473965287	0.0841121495327	0.124165554072	0.0801068090788	0.110814419226	0.0614152202937	0.11214953271	0.118825100134	0.121495327103	0.120160213618	0.130841121495	0.13217623498	0.126835781041	0.106809078772	0.144192256342	0.0720961281709	0.125500667557	0.0320427236315	0.140186915888	0.141522029372	0.144192256342	0.126835781041	0.11481975968	0.0
