	158499257-stool2.snv.bam	158944319-stool1.snv.bam	159247771-stool2.snv.bam	159288231-stool1.snv.bam	160178356-stool1.snv.bam	160218816-stool1.snv.bam	160502038-stool1.snv.bam	763496533-stool1.snv.bam	763860675-stool1.snv.bam	764062976-stool1.snv.bam	764083206-stool1.snv.bam	764143897-stool1.snv.bam	764285508-stool2.snv.bam	765276783-stool2.snv.bam	BYQ_AAAB.snv.bam	CCIS36699628ST-4-0.snv.bam	CCIS52370277ST-4-0.snv.bam	CCIS95409808ST-4-0.snv.bam	CCMD60079086ST-21-0.snv.bam	M1.2-V1.metaT.snv.bam	MH0131.snv.bam	MH0211.snv.bam	MH0229.snv.bam	MH0270.snv.bam	MH0329.snv.bam	MH0367.snv.bam	MH0417.snv.bam	MH0441.snv.bam	MMRS66868025ST-27-0-0.snv.bam	MMRS73787048ST-27-0-0.snv.bam	MMRS80093644ST-27-0-0.snv.bam	MMRS97327636ST-27-0-0.snv.bam	NG-5636_195.snv.bam	NG-5636_312.snv.bam	NG-5636_640.snv.bam	O2.UC41-1.snv.bam	O2.UC8-0.snv.bam	O2.UC8-1.snv.bam	SAMEA3136646.snv.bam	SAMEA3136663.snv.bam	SAMEA3136685.snv.bam	SAMEA3136764.snv.bam	V1.CD6-0-PN.snv.bam	V1.FI30.snv.bam
158499257-stool2.snv.bam	0.0	0.131536003134	0.127673907014	0.0446593400209	0.0452770566185	0.13837916585	0.113896165895	0.123730801747	0.120703991736	0.00541030290236	0.0568196386405	0.125796558732	0.12434468811	0.123206047542	0.128869435315	0.141004622163	0.128040857637	0.11152503162	0.106847656039	0.112572695502	0.114703647196	0.118636047489	0.112035844956	0.139936212203	0.118442926475	0.104986302578	0.107927631987	0.116542187482	0.112550063563	0.111722644081	0.104539081148	0.127661362348	0.13176255379	0.128226511588	0.106347252983	0.131086700051	0.118733095445	0.117858904851	0.137979885865	0.0888239090235	0.110612179275	0.106434089842	0.107003148301	0.11385651401
158944319-stool1.snv.bam	0.131536003134	0.0	0.128371436624	0.133095855921	0.132304399632	0.145992861805	0.130336759356	0.123246102526	0.118603881869	0.126324481124	0.127679195279	0.119620869252	0.130063915124	0.11672363133	0.122407498367	0.127636688338	0.128943493031	0.109270058535	0.110765770348	0.126402997595	0.116365774923	0.133546721649	0.112014059733	0.12550832374	0.117028039027	0.10372721612	0.107260847869	0.109054591227	0.120685551078	0.118072729564	0.116837977285	0.128298538616	0.136481124609	0.132921298424	0.114795274876	0.130543170386	0.10673714756	0.106093776366	0.143772988384	0.0977345876703	0.105850475303	0.112215155578	0.114016440633	0.110681962175
159247771-stool2.snv.bam	0.127673907014	0.128371436624	0.0	0.125352403398	0.124972500183	0.136890025363	0.126692738328	0.121506986514	0.118172453212	0.123489932828	0.115797213553	0.121329190332	0.126551984069	0.126493088614	0.131970784598	0.140194637134	0.130591432951	0.110429599312	0.104954443884	0.122034189705	0.111724157953	0.118044804287	0.117572049241	0.134757659318	0.109693033573	0.102723294522	0.115529314599	0.121413905474	0.110071194909	0.113275495214	0.102742901828	0.111712196539	0.136360104128	0.133303125604	0.0987188333095	0.139466741582	0.112317643522	0.111552503592	0.141271828513	0.0909304383259	0.108971495431	0.111620857364	0.110680016004	0.111853398071
159288231-stool1.snv.bam	0.0446593400209	0.133095855921	0.125352403398	0.0	0.0012886672124	0.138025585904	0.121924482002	0.118000099851	0.122114307689	0.0445930412568	0.0380705939678	0.129186287977	0.120815451986	0.133013693028	0.134264493451	0.14066504991	0.129395838216	0.115433094667	0.109506642943	0.114848345336	0.11485760744	0.124556143276	0.115057490111	0.137702043854	0.119285534286	0.104665605534	0.110647557716	0.112357605213	0.115248395746	0.111192130979	0.106897482569	0.128227805633	0.135190230731	0.129761701472	0.103889793421	0.134491784481	0.118285131502	0.115359081117	0.137587778667	0.0966441320122	0.112266726483	0.106986523648	0.113572197197	0.116008174975
160178356-stool1.snv.bam	0.0452770566185	0.132304399632	0.124972500183	0.0012886672124	0.0	0.137641927436	0.121501628666	0.117600225101	0.12105267416	0.0449727370711	0.0383847527913	0.128433906801	0.120415081553	0.132397251257	0.134221835364	0.140157232338	0.128984364635	0.114821608636	0.108964454357	0.114423723479	0.114031306354	0.123721040211	0.115264811018	0.137402255212	0.118829278279	0.104128947161	0.109919505585	0.111770879345	0.115089527809	0.110863563856	0.105172059847	0.128027258178	0.134766084038	0.129446693337	0.103514960624	0.133817885999	0.117226257525	0.114313671408	0.137023842134	0.0964688577985	0.111697774206	0.106022834938	0.112590615333	0.114922098537
160218816-stool1.snv.bam	0.13837916585	0.145992861805	0.136890025363	0.138025585904	0.137641927436	0.0	0.149784258268	0.14670026893	0.154579710148	0.136411787696	0.134819316901	0.126258259162	0.11482828199	0.156085814614	0.149811317625	0.151615881192	0.144003596447	0.127965984952	0.123008400248	0.135503390397	0.136078526849	0.108657390822	0.133370719805	0.116738780039	0.14339814836	0.130323822616	0.122530472185	0.140182489219	0.133838783025	0.124914691929	0.134669405506	0.134598081563	0.114665562424	0.113149518001	0.123046385107	0.151539814621	0.131488185619	0.126336571474	0.156228936832	0.123739916516	0.134134735858	0.12958863323	0.134555075039	0.149559973232
160502038-stool1.snv.bam	0.113896165895	0.130336759356	0.126692738328	0.121924482002	0.121501628666	0.149784258268	0.0	0.12297128821	0.139133398522	0.113144299792	0.113637622611	0.126286625182	0.127732917714	0.127528867067	0.134754883753	0.134489792307	0.131168897351	0.112534268407	0.1093871343	0.12390347156	0.123828070041	0.119341819376	0.111475570403	0.146469259208	0.114689089348	0.109795552538	0.1231967339	0.113872403596	0.114269914875	0.115040089791	0.105922668375	0.131730597687	0.139508018972	0.138451293045	0.125418494384	0.136849886147	0.11431025016	0.115108346347	0.146137296277	0.100670260352	0.100262189109	0.104156436805	0.110253677322	0.13086963284
763496533-stool1.snv.bam	0.123730801747	0.123246102526	0.121506986514	0.118000099851	0.117600225101	0.14670026893	0.12297128821	0.0	0.130872336974	0.117976613493	0.120501027244	0.112229562677	0.123397423506	0.111217034195	0.125074047654	0.123329195357	0.102780370535	0.105535030794	0.10534312732	0.112012835476	0.107730145856	0.11861094458	0.104808392615	0.127647878664	0.110338745516	0.102518309131	0.103134416283	0.118685728769	0.112592065016	0.110892087444	0.104391788312	0.1227763196	0.122825455634	0.124637627492	0.118853810629	0.124617883124	0.122141689241	0.115022944117	0.129904594014	0.101673627792	0.108884612944	0.104815726478	0.111234266491	0.124057375445
763860675-stool1.snv.bam	0.120703991736	0.118603881869	0.118172453212	0.122114307689	0.12105267416	0.154579710148	0.139133398522	0.130872336974	0.0	0.115975674077	0.131520943397	0.113390429757	0.138899860126	0.123163350961	0.117935315972	0.141016621068	0.128268476214	0.111989081228	0.119733998216	0.124914805107	0.113426434494	0.12616243817	0.117490428113	0.132440122165	0.117064081925	0.109615682884	0.113644513644	0.124151183829	0.115800940169	0.120686249611	0.113898810842	0.127411571819	0.133896418391	0.134168995916	0.123270709477	0.133935650082	0.115970981364	0.115334230842	0.139848869788	0.104183482768	0.113500948374	0.107071578409	0.12004606918	0.0138710297269
764062976-stool1.snv.bam	0.00541030290236	0.126324481124	0.123489932828	0.0445930412568	0.0449727370711	0.136411787696	0.113144299792	0.117976613493	0.115975674077	0.0	0.059076213094	0.123455685692	0.121455970744	0.119980175602	0.12641323973	0.138579398892	0.126954124317	0.107998087991	0.103678629535	0.106335569027	0.112037264325	0.11620776282	0.110909159494	0.138477550529	0.112940528692	0.100213200394	0.104926420119	0.112985771166	0.109681553746	0.107090304465	0.0974235577401	0.122453576306	0.129448323223	0.123771284717	0.1039582948	0.128299580634	0.11436060307	0.113173370988	0.132133028285	0.081686057027	0.105867456838	0.0991309646609	0.100203231345	0.108403100281
764083206-stool1.snv.bam	0.0568196386405	0.127679195279	0.115797213553	0.0380705939678	0.0383847527913	0.134819316901	0.113637622611	0.120501027244	0.131520943397	0.059076213094	0.0	0.116212853265	0.118140119412	0.101172265915	0.134780040192	0.136421357925	0.132033703343	0.108471516653	0.105511864965	0.10878668047	0.108218265693	0.117904309597	0.111572412969	0.138492882925	0.116947529458	0.103100824945	0.111598570647	0.110300587395	0.110964714914	0.106385508861	0.105321757731	0.123619375209	0.128788299395	0.126310237488	0.107872137008	0.133800123464	0.114451836744	0.111644032154	0.133202835394	0.0944701909887	0.106524954715	0.100846545131	0.10892322067	0.124489868529
764143897-stool1.snv.bam	0.125796558732	0.119620869252	0.121329190332	0.129186287977	0.128433906801	0.126258259162	0.126286625182	0.112229562677	0.113390429757	0.123455685692	0.116212853265	0.0	0.0764574882272	0.0882839821069	0.110568561013	0.113072901414	0.106180703331	0.0873927621586	0.108233824053	0.120693736911	0.0859947787228	0.0845350467188	0.0967584422081	0.0795712150003	0.117404295597	0.103732963838	0.102990023194	0.115953328036	0.112914558464	0.110751928483	0.107603984131	0.12243372298	0.0899263560196	0.102774285873	0.11016804995	0.113310359935	0.109448015162	0.107685319526	0.111882706272	0.0999724970649	0.104276494504	0.106540868637	0.113704812833	0.108243324663
764285508-stool2.snv.bam	0.12434468811	0.130063915124	0.126551984069	0.120815451986	0.120415081553	0.11482828199	0.127732917714	0.123397423506	0.138899860126	0.121455970744	0.118140119412	0.0764574882272	0.0	0.137132483174	0.10777731923	0.106191231449	0.0945618818715	0.0866009621845	0.114371337956	0.119564640971	0.0917182757998	0.0496189626408	0.0842009403026	0.0525446381047	0.127002059072	0.109372550767	0.107084969243	0.126407889102	0.120527209171	0.109524258052	0.116183524938	0.127404968605	0.0578214934256	0.0805361246229	0.116128467664	0.106721091586	0.115614556127	0.113916147144	0.114817813765	0.111670518323	0.122353476894	0.116856712165	0.115032471409	0.132491081383
765276783-stool2.snv.bam	0.123206047542	0.11672363133	0.126493088614	0.133013693028	0.132397251257	0.156085814614	0.127528867067	0.111217034195	0.123163350961	0.119980175602	0.101172265915	0.0882839821069	0.137132483174	0.0	0.143692790809	0.133888725418	0.140165265663	0.108694537251	0.111003490401	0.134097645908	0.124292433903	0.135736945449	0.125684978306	0.144238748415	0.124666982248	0.115095434721	0.1232350554	0.115641606967	0.121341316772	0.120466273366	0.112420567755	0.132407387035	0.144403658244	0.140140735729	0.122193683409	0.138359369234	0.109894121942	0.105102154498	0.131622807018	0.098440285205	0.111769382873	0.110154139356	0.125120955582	0.116023634238
BYQ_AAAB.snv.bam	0.128869435315	0.122407498367	0.131970784598	0.134264493451	0.134221835364	0.149811317625	0.134754883753	0.125074047654	0.117935315972	0.12641323973	0.134780040192	0.110568561013	0.10777731923	0.143692790809	0.0	0.0934176362252	0.0483799879538	0.0911561145911	0.122727398262	0.111866104548	0.0849608962247	0.0969211715417	0.0459537659832	0.101505891338	0.121501626907	0.105412672542	0.0861926312906	0.124625371583	0.124100104616	0.114463598483	0.120459382417	0.128031710639	0.0670247100328	0.0821668721077	0.120510731677	0.0407570157246	0.119800284703	0.118630603035	0.0956125930168	0.113562237306	0.117065210452	0.111205963771	0.129559671451	0.111659022197
CCIS36699628ST-4-0.snv.bam	0.141004622163	0.127636688338	0.140194637134	0.14066504991	0.140157232338	0.151615881192	0.134489792307	0.123329195357	0.141016621068	0.138579398892	0.136421357925	0.113072901414	0.106191231449	0.133888725418	0.0934176362252	0.0	0.0708307206602	0.102337143106	0.125563274955	0.12888258597	0.0994870618424	0.101285369411	0.0801141969626	0.0867460773276	0.125155184569	0.116766488254	0.105381770378	0.125565166681	0.119148730112	0.122153859363	0.116287545443	0.133093655966	0.100665059647	0.118799246358	0.125748975087	0.0730709885289	0.130772483967	0.127530479724	0.107033750364	0.119381397419	0.126412821498	0.109069698527	0.126296062771	0.134192361498
CCIS52370277ST-4-0.snv.bam	0.128040857637	0.128943493031	0.130591432951	0.129395838216	0.128984364635	0.144003596447	0.131168897351	0.102780370535	0.128268476214	0.126954124317	0.132033703343	0.106180703331	0.0945618818715	0.140165265663	0.0483799879538	0.0708307206602	0.0	0.0835244328891	0.122130652749	0.0895865810344	0.0781896227828	0.0857097776073	0.0441724982006	0.0776462884179	0.122471066291	0.0960642188787	0.0880771278446	0.115465160833	0.11974540048	0.11600283734	0.11333184832	0.122264106511	0.0568466349077	0.0735785283128	0.119260483279	0.0349059149278	0.126170042378	0.123043531465	0.0761800174805	0.109845517419	0.117153234671	0.107108589949	0.125377156615	0.122599095154
CCIS95409808ST-4-0.snv.bam	0.11152503162	0.109270058535	0.110429599312	0.115433094667	0.114821608636	0.127965984952	0.112534268407	0.105535030794	0.111989081228	0.107998087991	0.108471516653	0.0873927621586	0.0866009621845	0.108694537251	0.0911561145911	0.102337143106	0.0835244328891	0.0	0.0951945335062	0.108305606727	0.0702913170464	0.0828442691703	0.0759944191296	0.0907969181963	0.105314696144	0.0873420980905	0.0915265225004	0.106407523542	0.101674993309	0.0974503418746	0.0890638163448	0.108333421166	0.0825990021786	0.0971497128169	0.0986209870796	0.0960741173301	0.104007405631	0.101317173188	0.111339447172	0.0917380452125	0.0984151451157	0.0953053611385	0.102132827409	0.107187224186
CCMD60079086ST-21-0.snv.bam	0.106847656039	0.110765770348	0.104954443884	0.109506642943	0.108964454357	0.123008400248	0.1093871343	0.10534312732	0.119733998216	0.103678629535	0.105511864965	0.108233824053	0.114371337956	0.111003490401	0.122727398262	0.125563274955	0.122130652749	0.0951945335062	0.0	0.114695137322	0.108624331251	0.10915600762	0.107000639021	0.124547222214	0.102125385656	0.0926553686586	0.101936235318	0.102419835667	0.0994152852441	0.099175218838	0.0980583829326	0.117968406167	0.124751794701	0.119620467494	0.0930119581465	0.135672950788	0.0952759798634	0.0923052397119	0.136611456177	0.0844420978529	0.100560482325	0.0971871531523	0.0977276909468	0.111280624272
M1.2-V1.metaT.snv.bam	0.112572695502	0.126402997595	0.122034189705	0.114848345336	0.114423723479	0.135503390397	0.12390347156	0.112012835476	0.124914805107	0.106335569027	0.10878668047	0.120693736911	0.119564640971	0.134097645908	0.111866104548	0.12888258597	0.0895865810344	0.108305606727	0.114695137322	0.0	0.104584636705	0.109065061856	0.0934996416107	0.121759351203	0.11166309906	0.0942039980783	0.113061358608	0.116872636023	0.118868687616	0.11651758361	0.104460522387	0.125682797589	0.106453703241	0.104002824568	0.11881217283	0.108173532008	0.121817370007	0.117832823632	0.11555568936	0.101357154435	0.110825528178	0.105582616342	0.112641035986	0.117939437864
MH0131.snv.bam	0.114703647196	0.116365774923	0.111724157953	0.11485760744	0.114031306354	0.136078526849	0.123828070041	0.107730145856	0.113426434494	0.112037264325	0.108218265693	0.0859947787228	0.0917182757998	0.124292433903	0.0849608962247	0.0994870618424	0.0781896227828	0.0702913170464	0.108624331251	0.104584636705	0.0	0.0874578290291	0.0653801417552	0.0939583965155	0.109685663756	0.0947744238312	0.0865883962416	0.11097139463	0.105050675874	0.104429321302	0.0967994318392	0.114672682698	0.0721581357502	0.086837703712	0.103010543172	0.0866014160036	0.112531781081	0.111890747268	0.0943310469088	0.0979720756945	0.105348885139	0.104923068817	0.111031923084	0.104969578644
MH0211.snv.bam	0.118636047489	0.133546721649	0.118044804287	0.124556143276	0.123721040211	0.108657390822	0.119341819376	0.11861094458	0.12616243817	0.11620776282	0.117904309597	0.0845350467188	0.0496189626408	0.135736945449	0.0969211715417	0.101285369411	0.0857097776073	0.0828442691703	0.10915600762	0.109065061856	0.0874578290291	0.0	0.071583083311	0.06188970929	0.118795979706	0.106661294646	0.100455505515	0.122231476596	0.116600091583	0.110182741257	0.10881505241	0.123972055315	0.0483643950846	0.0763162207374	0.109813013487	0.099532912544	0.116405347406	0.117624790304	0.107681234758	0.102381461616	0.115317968202	0.102346700502	0.109525680941	0.120850528934
MH0229.snv.bam	0.112035844956	0.112014059733	0.117572049241	0.115057490111	0.115264811018	0.133370719805	0.111475570403	0.104808392615	0.117490428113	0.110909159494	0.111572412969	0.0967584422081	0.0842009403026	0.125684978306	0.0459537659832	0.0801141969626	0.0441724982006	0.0759944191296	0.107000639021	0.0934996416107	0.0653801417552	0.071583083311	0.0	0.0791485055388	0.106457404468	0.0956042068481	0.0667125323199	0.102535871594	0.106222774476	0.102441627822	0.106230740892	0.117353936998	0.0374884855588	0.0572159864646	0.105871439485	0.0486650527917	0.109611907019	0.108666473192	0.0759195518661	0.0928630662382	0.104023316516	0.0881038323598	0.109280548648	0.110929669937
MH0270.snv.bam	0.139936212203	0.12550832374	0.134757659318	0.137702043854	0.137402255212	0.116738780039	0.146469259208	0.127647878664	0.132440122165	0.138477550529	0.138492882925	0.0795712150003	0.0525446381047	0.144238748415	0.101505891338	0.0867460773276	0.0776462884179	0.0907969181963	0.124547222214	0.121759351203	0.0939583965155	0.06188970929	0.0791485055388	0.0	0.133707706017	0.112277210451	0.100265146862	0.128010276936	0.1278506948	0.124423887904	0.126115327047	0.130112294026	0.0581550573276	0.079749654761	0.121026324696	0.082795904276	0.127034049696	0.126218062335	0.100400354301	0.115219230539	0.128227085993	0.113012840446	0.129403746935	0.126470321607
MH0329.snv.bam	0.118442926475	0.117028039027	0.109693033573	0.119285534286	0.118829278279	0.14339814836	0.114689089348	0.110338745516	0.117064081925	0.112940528692	0.116947529458	0.117404295597	0.127002059072	0.124666982248	0.121501626907	0.125155184569	0.122471066291	0.105314696144	0.102125385656	0.11166309906	0.109685663756	0.118795979706	0.106457404468	0.133707706017	0.0	0.106870428905	0.107321830384	0.104298284515	0.108310773662	0.103729216102	0.102101842856	0.119376360298	0.129357834195	0.125894316909	0.110454546953	0.130169985507	0.104100598121	0.105274345748	0.133717686838	0.0969423639404	0.104905483863	0.0993954481176	0.104374011885	0.109215992597
MH0367.snv.bam	0.104986302578	0.10372721612	0.102723294522	0.104665605534	0.104128947161	0.130323822616	0.109795552538	0.102518309131	0.109615682884	0.100213200394	0.103100824945	0.103732963838	0.109372550767	0.115095434721	0.105412672542	0.116766488254	0.0960642188787	0.0873420980905	0.0926553686586	0.0942039980783	0.0947744238312	0.106661294646	0.0956042068481	0.112277210451	0.106870428905	0.0	0.0968679127104	0.101288360573	0.0994226197478	0.0964824032145	0.0921881565726	0.101216713444	0.118061646029	0.119710319123	0.0984521230255	0.106521395094	0.0944556466346	0.0942260005513	0.121417197049	0.0833639071535	0.084968901426	0.0925062547891	0.095624436747	0.101711268665
MH0417.snv.bam	0.107927631987	0.107260847869	0.115529314599	0.110647557716	0.109919505585	0.122530472185	0.1231967339	0.103134416283	0.113644513644	0.104926420119	0.111598570647	0.102990023194	0.107084969243	0.1232350554	0.0861926312906	0.105381770378	0.0880771278446	0.0915265225004	0.101936235318	0.113061358608	0.0865883962416	0.100455505515	0.0667125323199	0.100265146862	0.107321830384	0.0968679127104	0.0	0.104652741883	0.0963223010409	0.0999576635401	0.109863508154	0.108235226978	0.0849746231638	0.0852916799491	0.0999515835146	0.0955643070078	0.105782543292	0.103267227281	0.108621328699	0.0940400603511	0.103141556568	0.09165217268	0.104053042669	0.108586991023
MH0441.snv.bam	0.116542187482	0.109054591227	0.121413905474	0.112357605213	0.111770879345	0.140182489219	0.113872403596	0.118685728769	0.124151183829	0.112985771166	0.110300587395	0.115953328036	0.126407889102	0.115641606967	0.124625371583	0.125565166681	0.115465160833	0.106407523542	0.102419835667	0.116872636023	0.11097139463	0.122231476596	0.102535871594	0.128010276936	0.104298284515	0.101288360573	0.104652741883	0.0	0.108044670631	0.109268512092	0.0992717456892	0.111897365358	0.126480403162	0.120901053039	0.107015704021	0.121725113153	0.101719715826	0.101967992208	0.128532411737	0.0945524793676	0.104911596698	0.0905845807463	0.107697947463	0.114166721467
MMRS66868025ST-27-0-0.snv.bam	0.112550063563	0.120685551078	0.110071194909	0.115248395746	0.115089527809	0.133838783025	0.114269914875	0.112592065016	0.115800940169	0.109681553746	0.110964714914	0.112914558464	0.120527209171	0.121341316772	0.124100104616	0.119148730112	0.11974540048	0.101674993309	0.0994152852441	0.118868687616	0.105050675874	0.116600091583	0.106222774476	0.1278506948	0.108310773662	0.0994226197478	0.0963223010409	0.108044670631	0.0	0.101437735599	0.0901648190548	0.115274518972	0.126557181929	0.123178417999	0.0934731946019	0.124197676899	0.100517488459	0.101369184753	0.134881812052	0.0910218009245	0.0930709407201	0.0914223277866	0.0993761372083	0.109434765704
MMRS73787048ST-27-0-0.snv.bam	0.111722644081	0.118072729564	0.113275495214	0.111192130979	0.110863563856	0.124914691929	0.115040089791	0.110892087444	0.120686249611	0.107090304465	0.106385508861	0.110751928483	0.109524258052	0.120466273366	0.114463598483	0.122153859363	0.11600283734	0.0974503418746	0.099175218838	0.11651758361	0.104429321302	0.110182741257	0.102441627822	0.124423887904	0.103729216102	0.0964824032145	0.0999576635401	0.109268512092	0.101437735599	0.0	0.0960889048898	0.109092167433	0.122123631854	0.122141459277	0.11037827111	0.120950531515	0.102090618483	0.0983202405016	0.133813278777	0.0961461120625	0.0915894607429	0.101980263792	0.0995969516087	0.112943255435
MMRS80093644ST-27-0-0.snv.bam	0.104539081148	0.116837977285	0.102742901828	0.106897482569	0.105172059847	0.134669405506	0.105922668375	0.104391788312	0.113898810842	0.0974235577401	0.105321757731	0.107603984131	0.116183524938	0.112420567755	0.120459382417	0.116287545443	0.11333184832	0.0890638163448	0.0980583829326	0.104460522387	0.0967994318392	0.10881505241	0.106230740892	0.126115327047	0.102101842856	0.0921881565726	0.109863508154	0.0992717456892	0.0901648190548	0.0960889048898	0.0	0.105156425057	0.123105186609	0.125664101111	0.106498182096	0.123327926784	0.101417369864	0.101555627526	0.131257815396	0.0768874023913	0.0882175808979	0.0967190579507	0.0934576976121	0.103910330055
MMRS97327636ST-27-0-0.snv.bam	0.127661362348	0.128298538616	0.111712196539	0.128227805633	0.128027258178	0.134598081563	0.131730597687	0.1227763196	0.127411571819	0.122453576306	0.123619375209	0.12243372298	0.127404968605	0.132407387035	0.128031710639	0.133093655966	0.122264106511	0.108333421166	0.117968406167	0.125682797589	0.114672682698	0.123972055315	0.117353936998	0.130112294026	0.119376360298	0.101216713444	0.108235226978	0.111897365358	0.115274518972	0.109092167433	0.105156425057	0.0	0.134550815613	0.135133420439	0.106402439024	0.129457287321	0.110197490162	0.108516251036	0.145190466867	0.101143145564	0.110689098092	0.103225633164	0.11326199881	0.120901760933
NG-5636_195.snv.bam	0.13176255379	0.136481124609	0.136360104128	0.135190230731	0.134766084038	0.114665562424	0.139508018972	0.122825455634	0.133896418391	0.129448323223	0.128788299395	0.0899263560196	0.0578214934256	0.144403658244	0.0670247100328	0.100665059647	0.0568466349077	0.0825990021786	0.124751794701	0.106453703241	0.0721581357502	0.0483643950846	0.0374884855588	0.0581550573276	0.129357834195	0.118061646029	0.0849746231638	0.126480403162	0.126557181929	0.122123631854	0.123105186609	0.134550815613	0.0	0.0290392026076	0.125496436931	0.0665240503961	0.128443996538	0.127888308803	0.0721388235717	0.117470994622	0.129800144578	0.118987386407	0.130219017896	0.129352500793
NG-5636_312.snv.bam	0.128226511588	0.132921298424	0.133303125604	0.129761701472	0.129446693337	0.113149518001	0.138451293045	0.124637627492	0.134168995916	0.123771284717	0.126310237488	0.102774285873	0.0805361246229	0.140140735729	0.0821668721077	0.118799246358	0.0735785283128	0.0971497128169	0.119620467494	0.104002824568	0.086837703712	0.0763162207374	0.0572159864646	0.079749654761	0.125894316909	0.119710319123	0.0852916799491	0.120901053039	0.123178417999	0.122141459277	0.125664101111	0.135133420439	0.0290392026076	0.0	0.12365892685	0.0811463556979	0.125655375783	0.122383965742	0.0794791254985	0.113202240464	0.130728207613	0.115134887403	0.126901142839	0.129617038938
NG-5636_640.snv.bam	0.106347252983	0.114795274876	0.0987188333095	0.103889793421	0.103514960624	0.123046385107	0.125418494384	0.118853810629	0.123270709477	0.1039582948	0.107872137008	0.11016804995	0.116128467664	0.122193683409	0.120510731677	0.125748975087	0.119260483279	0.0986209870796	0.0930119581465	0.11881217283	0.103010543172	0.109813013487	0.105871439485	0.121026324696	0.110454546953	0.0984521230255	0.0999515835146	0.107015704021	0.0934731946019	0.11037827111	0.106498182096	0.106402439024	0.125496436931	0.12365892685	0.0	0.125176254956	0.0903962227414	0.0899816567613	0.133557800224	0.0825688073394	0.102336601649	0.0968588786436	0.103000476416	0.114251741161
O2.UC41-1.snv.bam	0.131086700051	0.130543170386	0.139466741582	0.134491784481	0.133817885999	0.151539814621	0.136849886147	0.124617883124	0.133935650082	0.128299580634	0.133800123464	0.113310359935	0.106721091586	0.138359369234	0.0407570157246	0.0730709885289	0.0349059149278	0.0960741173301	0.135672950788	0.108173532008	0.0866014160036	0.099532912544	0.0486650527917	0.082795904276	0.130169985507	0.106521395094	0.0955643070078	0.121725113153	0.124197676899	0.120950531515	0.123327926784	0.129457287321	0.0665240503961	0.0811463556979	0.125176254956	0.0	0.128344480684	0.125091994703	0.0726635226474	0.11385203059	0.122051765755	0.11443220215	0.131911198417	0.127411802737
O2.UC8-0.snv.bam	0.118733095445	0.10673714756	0.112317643522	0.118285131502	0.117226257525	0.131488185619	0.11431025016	0.122141689241	0.115970981364	0.11436060307	0.114451836744	0.109448015162	0.115614556127	0.109894121942	0.119800284703	0.130772483967	0.126170042378	0.104007405631	0.0952759798634	0.121817370007	0.112531781081	0.116405347406	0.109611907019	0.127034049696	0.104100598121	0.0944556466346	0.105782543292	0.101719715826	0.100517488459	0.102090618483	0.101417369864	0.110197490162	0.128443996538	0.125655375783	0.0903962227414	0.128344480684	0.0	0.00139071007761	0.127417751265	0.0765343623668	0.091447859508	0.0957587116518	0.0985946511397	0.10629355627
O2.UC8-1.snv.bam	0.117858904851	0.106093776366	0.111552503592	0.115359081117	0.114313671408	0.126336571474	0.115108346347	0.115022944117	0.115334230842	0.113173370988	0.111644032154	0.107685319526	0.113916147144	0.105102154498	0.118630603035	0.127530479724	0.123043531465	0.101317173188	0.0923052397119	0.117832823632	0.111890747268	0.117624790304	0.108666473192	0.126218062335	0.105274345748	0.0942260005513	0.103267227281	0.101967992208	0.101369184753	0.0983202405016	0.101555627526	0.108516251036	0.127888308803	0.122383965742	0.0899816567613	0.125091994703	0.00139071007761	0.0	0.127137304822	0.0748931477261	0.0920089315457	0.0952719695867	0.0976187121117	0.105873312704
SAMEA3136646.snv.bam	0.137979885865	0.143772988384	0.141271828513	0.137587778667	0.137023842134	0.156228936832	0.146137296277	0.129904594014	0.139848869788	0.132133028285	0.133202835394	0.111882706272	0.114817813765	0.131622807018	0.0956125930168	0.107033750364	0.0761800174805	0.111339447172	0.136611456177	0.11555568936	0.0943310469088	0.107681234758	0.0759195518661	0.100400354301	0.133717686838	0.121417197049	0.108621328699	0.128532411737	0.134881812052	0.133813278777	0.131257815396	0.145190466867	0.0721388235717	0.0794791254985	0.133557800224	0.0726635226474	0.127417751265	0.127137304822	0.0	0.122080679406	0.133145848659	0.117647602942	0.140788076361	0.133968111482
SAMEA3136663.snv.bam	0.0888239090235	0.0977345876703	0.0909304383259	0.0966441320122	0.0964688577985	0.123739916516	0.100670260352	0.101673627792	0.104183482768	0.081686057027	0.0944701909887	0.0999724970649	0.111670518323	0.098440285205	0.113562237306	0.119381397419	0.109845517419	0.0917380452125	0.0844420978529	0.101357154435	0.0979720756945	0.102381461616	0.0928630662382	0.115219230539	0.0969423639404	0.0833639071535	0.0940400603511	0.0945524793676	0.0910218009245	0.0961461120625	0.0768874023913	0.101143145564	0.117470994622	0.113202240464	0.0825688073394	0.11385203059	0.0765343623668	0.0748931477261	0.122080679406	0.0	0.077500562718	0.0866053445697	0.0896363644591	0.0952596970807
SAMEA3136685.snv.bam	0.110612179275	0.105850475303	0.108971495431	0.112266726483	0.111697774206	0.134134735858	0.100262189109	0.108884612944	0.113500948374	0.105867456838	0.106524954715	0.104276494504	0.122353476894	0.111769382873	0.117065210452	0.126412821498	0.117153234671	0.0984151451157	0.100560482325	0.110825528178	0.105348885139	0.115317968202	0.104023316516	0.128227085993	0.104905483863	0.084968901426	0.103141556568	0.104911596698	0.0930709407201	0.0915894607429	0.0882175808979	0.110689098092	0.129800144578	0.130728207613	0.102336601649	0.122051765755	0.091447859508	0.0920089315457	0.133145848659	0.077500562718	0.0	0.0916198605761	0.0929565625158	0.10661477311
SAMEA3136764.snv.bam	0.106434089842	0.112215155578	0.111620857364	0.106986523648	0.106022834938	0.12958863323	0.104156436805	0.104815726478	0.107071578409	0.0991309646609	0.100846545131	0.106540868637	0.116856712165	0.110154139356	0.111205963771	0.109069698527	0.107108589949	0.0953053611385	0.0971871531523	0.105582616342	0.104923068817	0.102346700502	0.0881038323598	0.113012840446	0.0993954481176	0.0925062547891	0.09165217268	0.0905845807463	0.0914223277866	0.101980263792	0.0967190579507	0.103225633164	0.118987386407	0.115134887403	0.0968588786436	0.11443220215	0.0957587116518	0.0952719695867	0.117647602942	0.0866053445697	0.0916198605761	0.0	0.100181625043	0.0983851530058
V1.CD6-0-PN.snv.bam	0.107003148301	0.114016440633	0.110680016004	0.113572197197	0.112590615333	0.134555075039	0.110253677322	0.111234266491	0.12004606918	0.100203231345	0.10892322067	0.113704812833	0.115032471409	0.125120955582	0.129559671451	0.126296062771	0.125377156615	0.102132827409	0.0977276909468	0.112641035986	0.111031923084	0.109525680941	0.109280548648	0.129403746935	0.104374011885	0.095624436747	0.104053042669	0.107697947463	0.0993761372083	0.0995969516087	0.0934576976121	0.11326199881	0.130219017896	0.126901142839	0.103000476416	0.131911198417	0.0985946511397	0.0976187121117	0.140788076361	0.0896363644591	0.0929565625158	0.100181625043	0.0	0.113003231668
V1.FI30.snv.bam	0.11385651401	0.110681962175	0.111853398071	0.116008174975	0.114922098537	0.149559973232	0.13086963284	0.124057375445	0.0138710297269	0.108403100281	0.124489868529	0.108243324663	0.132491081383	0.116023634238	0.111659022197	0.134192361498	0.122599095154	0.107187224186	0.111280624272	0.117939437864	0.104969578644	0.120850528934	0.110929669937	0.126470321607	0.109215992597	0.101711268665	0.108586991023	0.114166721467	0.109434765704	0.112943255435	0.103910330055	0.120901760933	0.129352500793	0.129617038938	0.114251741161	0.127411802737	0.10629355627	0.105873312704	0.133968111482	0.0952596970807	0.10661477311	0.0983851530058	0.113003231668	0.0
