	147406386-subgingivalplaque2.snv.bam	147406386-supragingivalplaque2.snv.bam	147406386-supragingivalplaque3.snv.bam	159166850-supragingivalplaque2.snv.bam	159207311-supragingivalplaque1.snv.bam	159207311-supragingivalplaque3.snv.bam	159268001-supragingivalplaque3.snv.bam	160259276-supragingivalplaque1.snv.bam	160380657-supragingivalplaque3.snv.bam	160502038-supragingivalplaque2.snv.bam	160502038-supragingivalplaque3.snv.bam	160603188-supragingivalplaque2.snv.bam	160603188-supragingivalplaque3.snv.bam	533247696-supragingivalplaque1.snv.bam	682102541-supragingivalplaque3.snv.bam	763395383-supragingivalplaque3.snv.bam	763577454-subgingivalplaque2.snv.bam	763759525-supragingivalplaque1.snv.bam	763860675-supragingivalplaque1.snv.bam	763921366-supragingivalplaque3.snv.bam	764366428-subgingivalplaque2.snv.bam	764366428-subgingivalplaque3.snv.bam	764366428-supragingivalplaque2.snv.bam
147406386-subgingivalplaque2.snv.bam	0.0	0.0	0.0	0.195266272189	0.295857988166	0.301775147929	0.284023668639	0.177514792899	0.278106508876	0.331360946746	0.331360946746	0.319526627219	0.319526627219	0.420118343195	0.278106508876	0.295857988166	0.278106508876	0.153846153846	0.349112426036	0.307692307692	0.278106508876	0.272189349112	0.260355029586
147406386-supragingivalplaque2.snv.bam	0.0	0.0	0.0	0.171597633136	0.272189349112	0.278106508876	0.260355029586	0.153846153846	0.254437869822	0.307692307692	0.307692307692	0.295857988166	0.295857988166	0.396449704142	0.254437869822	0.278106508876	0.260355029586	0.14201183432	0.337278106509	0.284023668639	0.254437869822	0.248520710059	0.236686390533
147406386-supragingivalplaque3.snv.bam	0.0	0.0	0.0	0.159763313609	0.254437869822	0.260355029586	0.248520710059	0.14201183432	0.230769230769	0.295857988166	0.295857988166	0.289940828402	0.289940828402	0.360946745562	0.242603550296	0.272189349112	0.236686390533	0.136094674556	0.307692307692	0.272189349112	0.242603550296	0.236686390533	0.224852071006
159166850-supragingivalplaque2.snv.bam	0.195266272189	0.171597633136	0.159763313609	0.0	0.147928994083	0.153846153846	0.100591715976	0.0532544378698	0.12426035503	0.171597633136	0.171597633136	0.195266272189	0.195266272189	0.272189349112	0.213017751479	0.236686390533	0.254437869822	0.0828402366864	0.230769230769	0.14201183432	0.10650887574	0.100591715976	0.0887573964497
159207311-supragingivalplaque1.snv.bam	0.295857988166	0.272189349112	0.254437869822	0.147928994083	0.0	0.0	0.130177514793	0.130177514793	0.0591715976331	0.165680473373	0.165680473373	0.171597633136	0.171597633136	0.130177514793	0.218934911243	0.319526627219	0.337278106509	0.195266272189	0.189349112426	0.130177514793	0.218934911243	0.213017751479	0.201183431953
159207311-supragingivalplaque3.snv.bam	0.301775147929	0.278106508876	0.260355029586	0.153846153846	0.0	0.0	0.136094674556	0.136094674556	0.0650887573964	0.171597633136	0.171597633136	0.171597633136	0.171597633136	0.130177514793	0.218934911243	0.325443786982	0.349112426036	0.201183431953	0.195266272189	0.130177514793	0.224852071006	0.218934911243	0.207100591716
159268001-supragingivalplaque3.snv.bam	0.284023668639	0.260355029586	0.248520710059	0.100591715976	0.130177514793	0.136094674556	0.0	0.14201183432	0.118343195266	0.0591715976331	0.0591715976331	0.189349112426	0.189349112426	0.201183431953	0.201183431953	0.242603550296	0.260355029586	0.171597633136	0.14201183432	0.136094674556	0.165680473373	0.159763313609	0.147928994083
160259276-supragingivalplaque1.snv.bam	0.177514792899	0.153846153846	0.14201183432	0.0532544378698	0.130177514793	0.136094674556	0.14201183432	0.0	0.12426035503	0.189349112426	0.189349112426	0.189349112426	0.189349112426	0.254437869822	0.236686390533	0.248520710059	0.260355029586	0.0769230769231	0.260355029586	0.14201183432	0.12426035503	0.118343195266	0.10650887574
160380657-supragingivalplaque3.snv.bam	0.278106508876	0.254437869822	0.230769230769	0.12426035503	0.0591715976331	0.0650887573964	0.118343195266	0.12426035503	0.0	0.153846153846	0.153846153846	0.207100591716	0.207100591716	0.130177514793	0.230769230769	0.284023668639	0.284023668639	0.177514792899	0.136094674556	0.165680473373	0.177514792899	0.171597633136	0.159763313609
160502038-supragingivalplaque2.snv.bam	0.331360946746	0.307692307692	0.295857988166	0.171597633136	0.165680473373	0.171597633136	0.0591715976331	0.189349112426	0.153846153846	0.0	0.0	0.248520710059	0.248520710059	0.230769230769	0.272189349112	0.284023668639	0.319526627219	0.218934911243	0.201183431953	0.195266272189	0.242603550296	0.236686390533	0.224852071006
160502038-supragingivalplaque3.snv.bam	0.331360946746	0.307692307692	0.295857988166	0.171597633136	0.165680473373	0.171597633136	0.0591715976331	0.189349112426	0.153846153846	0.0	0.0	0.248520710059	0.248520710059	0.230769230769	0.272189349112	0.284023668639	0.319526627219	0.218934911243	0.201183431953	0.195266272189	0.242603550296	0.236686390533	0.224852071006
160603188-supragingivalplaque2.snv.bam	0.319526627219	0.295857988166	0.289940828402	0.195266272189	0.171597633136	0.171597633136	0.189349112426	0.189349112426	0.207100591716	0.248520710059	0.248520710059	0.0	0.0	0.289940828402	0.12426035503	0.319526627219	0.289940828402	0.254437869822	0.355029585799	0.0355029585799	0.278106508876	0.272189349112	0.260355029586
160603188-supragingivalplaque3.snv.bam	0.319526627219	0.295857988166	0.289940828402	0.195266272189	0.171597633136	0.171597633136	0.189349112426	0.189349112426	0.207100591716	0.248520710059	0.248520710059	0.0	0.0	0.289940828402	0.12426035503	0.319526627219	0.289940828402	0.254437869822	0.355029585799	0.0355029585799	0.278106508876	0.272189349112	0.260355029586
533247696-supragingivalplaque1.snv.bam	0.420118343195	0.396449704142	0.360946745562	0.272189349112	0.130177514793	0.130177514793	0.201183431953	0.254437869822	0.130177514793	0.230769230769	0.230769230769	0.289940828402	0.289940828402	0.0	0.337278106509	0.408284023669	0.260355029586	0.313609467456	0.171597633136	0.248520710059	0.319526627219	0.313609467456	0.289940828402
682102541-supragingivalplaque3.snv.bam	0.278106508876	0.254437869822	0.242603550296	0.213017751479	0.218934911243	0.218934911243	0.201183431953	0.236686390533	0.230769230769	0.272189349112	0.272189349112	0.12426035503	0.12426035503	0.337278106509	0.0	0.349112426036	0.360946745562	0.248520710059	0.366863905325	0.094674556213	0.289940828402	0.284023668639	0.272189349112
763395383-supragingivalplaque3.snv.bam	0.295857988166	0.278106508876	0.272189349112	0.236686390533	0.319526627219	0.325443786982	0.242603550296	0.248520710059	0.284023668639	0.284023668639	0.284023668639	0.319526627219	0.319526627219	0.408284023669	0.349112426036	0.0	0.189349112426	0.272189349112	0.378698224852	0.295857988166	0.242603550296	0.242603550296	0.224852071006
763577454-subgingivalplaque2.snv.bam	0.278106508876	0.260355029586	0.236686390533	0.254437869822	0.337278106509	0.349112426036	0.260355029586	0.260355029586	0.284023668639	0.319526627219	0.319526627219	0.289940828402	0.289940828402	0.260355029586	0.360946745562	0.189349112426	0.0	0.284023668639	0.307692307692	0.301775147929	0.325443786982	0.325443786982	0.301775147929
763759525-supragingivalplaque1.snv.bam	0.153846153846	0.14201183432	0.136094674556	0.0828402366864	0.195266272189	0.201183431953	0.171597633136	0.0769230769231	0.177514792899	0.218934911243	0.218934911243	0.254437869822	0.254437869822	0.313609467456	0.248520710059	0.272189349112	0.284023668639	0.0	0.189349112426	0.201183431953	0.159763313609	0.153846153846	0.14201183432
763860675-supragingivalplaque1.snv.bam	0.349112426036	0.337278106509	0.307692307692	0.230769230769	0.189349112426	0.195266272189	0.14201183432	0.260355029586	0.136094674556	0.201183431953	0.201183431953	0.355029585799	0.355029585799	0.171597633136	0.366863905325	0.378698224852	0.307692307692	0.189349112426	0.0	0.301775147929	0.289940828402	0.284023668639	0.260355029586
763921366-supragingivalplaque3.snv.bam	0.307692307692	0.284023668639	0.272189349112	0.14201183432	0.130177514793	0.130177514793	0.136094674556	0.14201183432	0.165680473373	0.195266272189	0.195266272189	0.0355029585799	0.0355029585799	0.248520710059	0.094674556213	0.295857988166	0.301775147929	0.201183431953	0.301775147929	0.0	0.224852071006	0.218934911243	0.207100591716
764366428-subgingivalplaque2.snv.bam	0.278106508876	0.254437869822	0.242603550296	0.10650887574	0.218934911243	0.224852071006	0.165680473373	0.12426035503	0.177514792899	0.242603550296	0.242603550296	0.278106508876	0.278106508876	0.319526627219	0.289940828402	0.242603550296	0.325443786982	0.159763313609	0.289940828402	0.224852071006	0.0	0.0	0.0
764366428-subgingivalplaque3.snv.bam	0.272189349112	0.248520710059	0.236686390533	0.100591715976	0.213017751479	0.218934911243	0.159763313609	0.118343195266	0.171597633136	0.236686390533	0.236686390533	0.272189349112	0.272189349112	0.313609467456	0.284023668639	0.242603550296	0.325443786982	0.153846153846	0.284023668639	0.218934911243	0.0	0.0	0.0
764366428-supragingivalplaque2.snv.bam	0.260355029586	0.236686390533	0.224852071006	0.0887573964497	0.201183431953	0.207100591716	0.147928994083	0.10650887574	0.159763313609	0.224852071006	0.224852071006	0.260355029586	0.260355029586	0.289940828402	0.272189349112	0.224852071006	0.301775147929	0.14201183432	0.260355029586	0.207100591716	0.0	0.0	0.0
