	158479027-stool1.snv.bam	158499257-stool1.snv.bam	159207311-stool1.snv.bam	159207311-stool2.snv.bam	159227541-stool3.snv.bam	159551223-stool1.snv.bam	159571453-stool2.snv.bam	604812005-stool1.snv.bam	706846339-stool1.snv.bam	763395383-stool3.snv.bam	764002286-stool2.snv.bam	764224817-stool1.snv.bam	764487809-stool1.snv.bam	764487809-stool2.snv.bam	764649650-stool2.snv.bam	765074482-stool1.snv.bam	765074482-stool2.snv.bam	765256553-stool3.snv.bam	CCIS10706551ST-3-0.snv.bam	CCIS15794887ST-4-0.snv.bam	CCIS19142497ST-3-0.snv.bam	CCIS38765456ST-20-0.snv.bam	CCIS70398272ST-4-0.snv.bam	CCIS87116798ST-4-0.snv.bam	CCIS90164298ST-4-0.snv.bam	CCIS94417875ST-3-0.snv.bam	CCIS95409808ST-4-0.snv.bam	CCMD46947453ST-21-0.snv.bam	ED16A.snv.bam	M1.1-V2.metaG.snv.bam	MH0193.snv.bam	MH0252.snv.bam	MH0326.snv.bam	MH0336.snv.bam	MH0373.snv.bam	MH0378.snv.bam	MH0395.snv.bam	MH0433.snv.bam	MH0434.snv.bam	MH0450.snv.bam	MH0454.snv.bam	MMRS51410669ST-27-0-0.snv.bam	MMRS57276462ST-27-0-0.snv.bam	MMRS81671217ST-27-0-0.snv.bam	MMRS88581325ST-27-0-0.snv.bam	N066A.snv.bam	NG-5636_488.snv.bam	NOF012.snv.bam	O2.UC11-1.snv.bam	O2.UC13-1.snv.bam	O2.UC16-1.snv.bam	O2.UC18-1.snv.bam	O2.UC20-1.snv.bam	O2.UC3-1.snv.bam	O2.UC41-1.snv.bam	O2.UC48-0.snv.bam	O2.UC48-1.snv.bam	SAMEA3136684.snv.bam	SAMEA3136687.snv.bam	SAMEA3136695.snv.bam	SAMEA3136743.snv.bam	SZEY-07A.snv.bam	T2D-108A.snv.bam	T2D-59A.snv.bam	T2D-70A.snv.bam	V1.CD19-0.snv.bam	V1.CD50-0.snv.bam	V1.FI12.snv.bam	V1.FI28.snv.bam	V1.UC23-1.snv.bam	V1.UC32-0.snv.bam	V1.UC40-1.snv.bam	V1.UC47-0.snv.bam	V1.UC55-0.snv.bam	V1.UC63-0.snv.bam	V1.UC64-0.snv.bam
158479027-stool1.snv.bam	0.0	0.113267044209	0.213032370127	0.219835547478	0.121884653557	0.111789461007	0.0889767650714	0.129824221969	0.0967347667812	0.0833807279818	0.116111755149	0.155180905455	0.100420833459	0.115811132145	0.161447768763	0.0725610196388	0.0718494832424	0.134741121723	0.115744804525	0.0998512839216	0.0771029840508	0.0987775807004	0.0729354415861	0.104214590864	0.169244058655	0.0812965869532	0.116926818759	0.135061603331	0.103940449801	0.0825993859082	0.0666067955782	0.0984400547549	0.0924772479842	0.0978169449598	0.101894667141	0.0840789508502	0.129164286683	0.110529356414	0.116668055324	0.115258904359	0.112766115384	0.136820280438	0.146636675398	0.0767854062446	0.131763570404	0.128343009943	0.0692946232934	0.118657609968	0.11840074734	0.0921762598505	0.10358183579	0.146843388832	0.0982480616816	0.0841962086767	0.08096360091	0.154417582407	0.154776373359	0.154929045619	0.0911643503555	0.111893825129	0.106162486219	0.104490319544	0.182946023874	0.143368319595	0.163113035522	0.0697403961585	0.111232914674	0.0890727124183	0.11160445845	0.117705590765	0.0864073893627	0.100368178191	0.11335036362	0.151639628073	0.138899925253	0.097494195578
158499257-stool1.snv.bam	0.113267044209	0.0	0.192699145117	0.203498093975	0.110476575004	0.117468629104	0.115319574752	0.152465241022	0.120596071067	0.123710624	0.158011838157	0.150729396151	0.119083189922	0.131443926304	0.162811325874	0.110457974056	0.109584361472	0.117713651888	0.176470601662	0.129474092846	0.127000981071	0.134544004755	0.113869710306	0.136125003108	0.187912935424	0.084390959771	0.140940779416	0.160701651343	0.145281795885	0.112394924473	0.131121207015	0.130961983717	0.0762479924663	0.125665767361	0.116428188835	0.0898823777064	0.112574984482	0.118959546184	0.0993035678453	0.126164424223	0.14051744409	0.144019085516	0.161901306909	0.0998949648333	0.143886779901	0.146990147259	0.112444821056	0.139144974876	0.147059133218	0.133975063648	0.130811758644	0.164839570029	0.11583433988	0.0870356051218	0.118732211374	0.15472322335	0.158071685341	0.143431711428	0.112434740324	0.144699130402	0.137717100586	0.147716340886	0.186269879765	0.150069062541	0.174393683724	0.102101291323	0.075647229473	0.114561467141	0.140827329476	0.138049838367	0.113028426556	0.131954299804	0.115343845231	0.15113094761	0.127763402087	0.108484285131
159207311-stool1.snv.bam	0.213032370127	0.192699145117	0.0	0.0049373014492	0.234802162872	0.221222514347	0.195780235743	0.26824041255	0.194107790723	0.215033156546	0.279514180994	0.258516712868	0.234676612239	0.244476926499	0.159600472497	0.211435880801	0.21090380912	0.251723847931	0.249604260606	0.242484268081	0.209742355137	0.248998629364	0.229616966266	0.252183231855	0.208231586429	0.210665852851	0.246902463314	0.208744472272	0.215623286162	0.212200295356	0.23237495859	0.227306537232	0.212160157239	0.210614736955	0.240036184771	0.194995956007	0.220113210279	0.245379865804	0.222135331039	0.217943601834	0.255398767886	0.27164611879	0.261258882988	0.224936905637	0.254674941665	0.203233565881	0.221619252162	0.160246318922	0.219844380987	0.229209673441	0.237119331332	0.239489296727	0.226103606959	0.209448002819	0.23541004696	0.254577595809	0.256650326099	0.270798507401	0.246824154342	0.249553069453	0.241039756589	0.182157127947	0.19824572075	0.148565942391	0.201369061651	0.218437351085	0.220262949454	0.233834405378	0.22545787822	0.264105203485	0.193464072289	0.22743227624	0.224922115567	0.256155232096	0.252817560704	0.220416125967
159207311-stool2.snv.bam	0.219835547478	0.203498093975	0.0049373014492	0.0	0.245245169236	0.225149422773	0.206289122821	0.280888684391	0.208721280329	0.223075610925	0.291864711851	0.271490763703	0.245703943135	0.25465912395	0.174042492315	0.222381385381	0.221974682125	0.26193507781	0.243576758798	0.247704760974	0.218154628288	0.262577269683	0.238439369279	0.26048675887	0.221865526023	0.222502508156	0.257106524798	0.220911277877	0.222917473707	0.224556490011	0.243464661459	0.242013723753	0.220486689842	0.222521286228	0.25114511573	0.2028853155	0.234281101987	0.258426177358	0.234116053069	0.228658346594	0.266694417944	0.279616178712	0.272387780385	0.236422014997	0.263388569191	0.210449633651	0.232448535754	0.174518065349	0.227315034292	0.236042137244	0.251558362293	0.247107389638	0.237728814741	0.218790685852	0.244244965764	0.263512779997	0.265372995346	0.281451498256	0.256642051508	0.261319545431	0.253578289639	0.182734159651	0.200357664412	0.155594068284	0.214047703043	0.230443336728	0.23136187862	0.242463562028	0.232690691447	0.275719735852	0.20687230086	0.230921137372	0.23572515841	0.265773013066	0.262349904807	0.229066158503
159227541-stool3.snv.bam	0.121884653557	0.110476575004	0.234802162872	0.245245169236	0.0	0.112355446891	0.113273931237	0.108935547822	0.134440363018	0.121761704115	0.110971483197	0.141959640517	0.100599397894	0.113503384661	0.189079614304	0.118626631802	0.118195127189	0.116029967141	0.172983322953	0.116794254974	0.107604648177	0.104874387557	0.109133053195	0.126166203613	0.209185961928	0.106733320894	0.148675510001	0.1783150668	0.153109692275	0.126167159848	0.118894663036	0.123318100111	0.116492352483	0.126080739558	0.0996648196004	0.108790203721	0.13965411628	0.107495840419	0.119257148262	0.138232703275	0.126265360748	0.159238154893	0.165274296283	0.128751242016	0.130935917464	0.156280136529	0.124107862892	0.161248173457	0.145385822805	0.133608842662	0.1495229554	0.17105129983	0.138064520213	0.103426617005	0.133156053009	0.163785691938	0.164243082112	0.133608135581	0.0675880097132	0.126097038026	0.120242529987	0.145729487995	0.198644007103	0.180291357768	0.183553087793	0.121126185642	0.1081531758	0.0984498177085	0.138710902269	0.157629146676	0.116544651738	0.140558695574	0.124262771565	0.157317865285	0.0533183539921	0.137955463372
159551223-stool1.snv.bam	0.111789461007	0.117468629104	0.221222514347	0.225149422773	0.112355446891	0.0	0.144990111334	0.147862387612	0.154194910353	0.129340659341	0.141976721838	0.17423657991	0.133756674451	0.14810989011	0.18758668516	0.123933254363	0.123320592451	0.126200941915	0.178020450182	0.108819551212	0.117289227166	0.121312688298	0.121986607143	0.118861607143	0.192298743602	0.115901080827	0.135522619872	0.187130477088	0.148955220932	0.157032967033	0.135714985869	0.163876218122	0.103118796992	0.15743417611	0.110038373998	0.0845883562602	0.140080175962	0.123297798547	0.151532221721	0.171718679187	0.161133746716	0.153716972682	0.200742929868	0.133871701547	0.155918222347	0.171487796018	0.139274156264	0.171855921856	0.166141480847	0.123744971859	0.140923110584	0.179793571283	0.133398183631	0.10897856307	0.124336576736	0.172427161654	0.17294973545	0.16787685344	0.123186813187	0.130976507569	0.137689225568	0.148447971781	0.185419439495	0.157365975034	0.197590345878	0.126884292178	0.114776319885	0.147447380206	0.162229639519	0.159245162596	0.120767881242	0.146084121553	0.149023005827	0.17134595163	0.151519927806	0.131037737982
159571453-stool2.snv.bam	0.0889767650714	0.115319574752	0.195780235743	0.206289122821	0.113273931237	0.144990111334	0.0	0.122641154659	0.0967502680947	0.0568464315189	0.131357589744	0.145428316728	0.094281539382	0.107148206379	0.174024638318	0.0968719423215	0.0964616195397	0.125508436625	0.120632376618	0.0944989697475	0.102326474287	0.0933765906839	0.0921245186425	0.076348537559	0.151615674733	0.0897442436307	0.130831643207	0.120208934283	0.105726684256	0.0992099172175	0.0806872747184	0.0931539185693	0.100170577692	0.0677144093998	0.114499896649	0.0977752599034	0.127376737059	0.109949689274	0.0963903074114	0.0995801025279	0.121471394918	0.132420137523	0.152945480409	0.0914878379448	0.14629310018	0.0836242278988	0.101410977469	0.149980234881	0.0963140465569	0.097784253821	0.129216146252	0.132067939436	0.136978591921	0.12456302828	0.0997615868572	0.154760101015	0.157778472783	0.136795544809	0.114896191727	0.125143991658	0.0869519259505	0.091490717862	0.145378090058	0.168510101378	0.133316948027	0.0834340068534	0.107690518714	0.0790382388526	0.0948719689196	0.135260869779	0.0786839970152	0.102823527969	0.0905508946811	0.150996161847	0.129011312004	0.12173244781
604812005-stool1.snv.bam	0.129824221969	0.152465241022	0.26824041255	0.280888684391	0.108935547822	0.147862387612	0.122641154659	0.0	0.117732866257	0.125916702706	0.0176224144675	0.195342180965	0.0872256021436	0.0870496582365	0.13465600355	0.123629560235	0.123091276525	0.110646937148	0.178722775373	0.126633343392	0.136538681546	0.0838209865492	0.118829540836	0.11706556441	0.157064967135	0.132563876676	0.111791898928	0.195938484041	0.133718198815	0.131925848713	0.108483848997	0.1146610603	0.148133568011	0.149508218873	0.0839884683631	0.146125048531	0.171667384338	0.140677859006	0.131980613372	0.141649605846	0.136623331961	0.084413887632	0.173377140512	0.1592960036	0.0545715986834	0.171573586488	0.123451521757	0.176366529829	0.155257429033	0.13712306218	0.116516951072	0.13191875197	0.123214643993	0.125603786689	0.147897971226	0.111687248168	0.109818698576	0.093355181594	0.094311813625	0.0595584552858	0.142946889408	0.134187173238	0.210592500743	0.226994830827	0.203000672836	0.131396997172	0.121058136326	0.114326612139	0.148527282584	0.121538507651	0.13139992851	0.150728284834	0.126032100609	0.107571214835	0.134808054499	0.179440362315
706846339-stool1.snv.bam	0.0967347667812	0.120596071067	0.194107790723	0.208721280329	0.134440363018	0.154194910353	0.0967502680947	0.117732866257	0.0	0.0886799774235	0.123519308349	0.17773408892	0.143610364641	0.155330827068	0.103858911986	0.086329776685	0.0856391120229	0.162819262442	0.152053028117	0.110428084174	0.121991153732	0.0961532829771	0.118993598862	0.111524746826	0.148676839157	0.105802513039	0.141450377589	0.11701304467	0.0884251490819	0.104073684211	0.11770315104	0.0818058550431	0.121348070175	0.10046762996	0.141059380784	0.119123538616	0.123698132488	0.148386256378	0.112781954887	0.107314750322	0.157780103761	0.141063750927	0.155522556967	0.119396680622	0.119451161688	0.111056675713	0.0617020492407	0.112076257935	0.154824872373	0.135698808915	0.0967077010651	0.167384430417	0.117985311524	0.108233000467	0.137138422464	0.15494518955	0.157961581762	0.159961471325	0.125407017544	0.102959946454	0.110655839305	0.0752444949272	0.144896977004	0.189767953681	0.151413097152	0.10994483267	0.115710785956	0.111488129291	0.14323196806	0.119315930956	0.0891033195637	0.115756269584	0.0821945003675	0.151182763368	0.160536985606	0.142652000276
763395383-stool3.snv.bam	0.0833807279818	0.123710624	0.215033156546	0.223075610925	0.121761704115	0.129340659341	0.0568464315189	0.125916702706	0.0886799774235	0.0	0.129351047698	0.153909464192	0.108443943568	0.121103025661	0.183098591549	0.100123417367	0.0994290494093	0.128631613503	0.122616602953	0.091970963589	0.105559490085	0.0904014215296	0.0896739130435	0.0844686648501	0.157746478873	0.0842009916095	0.134111183469	0.120309204535	0.115593573168	0.0911528150134	0.0782081933556	0.109499789828	0.103157894737	0.103735885339	0.11856161493	0.089963039963	0.145630431009	0.125228937729	0.104972375691	0.0959346200079	0.133474478	0.121468926554	0.158656042887	0.105413105413	0.149780701754	0.0947618244539	0.107042253521	0.158303464755	0.12072840633	0.105490019174	0.105591004647	0.151676016357	0.145628315311	0.122294882369	0.118935309973	0.15285893629	0.155913978495	0.141570096063	0.107238605898	0.11724487212	0.0950053813525	0.0970801331285	0.151268694675	0.166454932972	0.158201322396	0.0729267578345	0.105098605099	0.0983606557377	0.11412311266	0.13326458037	0.0814641106098	0.0947424716328	0.0990537240537	0.149058746786	0.136526439612	0.129903807861
764002286-stool2.snv.bam	0.116111755149	0.158011838157	0.279514180994	0.291864711851	0.110971483197	0.141976721838	0.131357589744	0.0176224144675	0.123519308349	0.129351047698	0.0	0.202706270015	0.0943128986398	0.0939469843882	0.140350403342	0.126346618745	0.125806895774	0.109997320607	0.181911220511	0.124410305273	0.139671860246	0.0876971184419	0.116435619484	0.122611354319	0.162822313454	0.130309056464	0.113486428302	0.202048388565	0.136644862779	0.133595571096	0.115719938113	0.120423740655	0.15358994205	0.153563470843	0.0882038127237	0.149339392264	0.185856650394	0.140046032108	0.13806774034	0.150312774548	0.138515663349	0.0850807619875	0.177293127623	0.16229271678	0.0656853333041	0.177700575612	0.126305459522	0.179232258656	0.158470407389	0.145437696898	0.117266047679	0.137509999173	0.134669825472	0.127690273886	0.145402536532	0.117327249922	0.115393208222	0.0988859828814	0.0965737693679	0.0613090741207	0.146144048993	0.139809828241	0.216547721685	0.230211083465	0.208794131957	0.13413482423	0.126544453957	0.11748934535	0.151756806257	0.124724092524	0.134405143085	0.153946362149	0.129244233696	0.113246200119	0.137505438244	0.183080322021
764224817-stool1.snv.bam	0.155180905455	0.150729396151	0.258516712868	0.271490763703	0.141959640517	0.17423657991	0.145428316728	0.195342180965	0.17773408892	0.153909464192	0.202706270015	0.0	0.132857548848	0.145340091632	0.232824841856	0.162210600119	0.161359149772	0.19126403498	0.194755192731	0.137871123033	0.135488667524	0.145353544206	0.146878240902	0.136522347127	0.227077715419	0.155149611851	0.192970693148	0.192270094221	0.168243625284	0.114817062748	0.145175123024	0.159052835774	0.159838633067	0.150307293172	0.163011092157	0.152367409785	0.168790962132	0.131002942379	0.152177591453	0.184901066228	0.159254536491	0.213939436317	0.196559255195	0.157501588822	0.205380452109	0.1842982695	0.158112198178	0.17784091467	0.144958307451	0.135241813671	0.169951207182	0.1937828665	0.167459533524	0.144060377238	0.15974737628	0.205748292301	0.205542588947	0.205231482506	0.158532909743	0.201455960501	0.141101512468	0.178457135588	0.218708652722	0.194512921723	0.196595617394	0.142690507208	0.170369855652	0.153128258958	0.144017882699	0.196358975547	0.159101892379	0.135089291048	0.162696108095	0.19952370822	0.151326407576	0.135197976685
764487809-stool1.snv.bam	0.100420833459	0.119083189922	0.234676612239	0.245703943135	0.100599397894	0.133756674451	0.094281539382	0.0872256021436	0.143610364641	0.108443943568	0.0943128986398	0.132857548848	0.0	0.00147008242899	0.173463079067	0.113581163201	0.113329398419	0.0914672867902	0.157850056951	0.122358358739	0.123289948908	0.0968971240333	0.0982365319865	0.112785937368	0.147178084571	0.106648724083	0.108966131763	0.165917096019	0.142373318945	0.105110004151	0.091851557879	0.121346577073	0.0977019947128	0.118536565105	0.0783250243399	0.104009603043	0.131125099142	0.0977583527584	0.116521553564	0.138551041016	0.101830033447	0.117000439174	0.166332890219	0.103163211058	0.120790138224	0.147983577868	0.104798707536	0.16828033078	0.124396943905	0.103612971785	0.135936590974	0.154805630833	0.115744793588	0.109165179435	0.111543117122	0.154064376925	0.152102064602	0.125905362203	0.0941511000415	0.113960734102	0.109149418474	0.152140002854	0.200477004269	0.174065303836	0.166821948461	0.0942055178236	0.127954939663	0.0987853394278	0.12309301963	0.10632935931	0.09996195413	0.11661925705	0.110732323232	0.1494101971	0.124473621834	0.14200375835
764487809-stool2.snv.bam	0.115811132145	0.131443926304	0.244476926499	0.25465912395	0.113503384661	0.14810989011	0.107148206379	0.0870496582365	0.155330827068	0.121103025661	0.0939469843882	0.145340091632	0.00147008242899	0.0	0.171348539416	0.129049743268	0.128597283313	0.0938448979592	0.171593082205	0.137325365358	0.139290758676	0.113202447542	0.113976833977	0.128174603175	0.146138455382	0.122407369776	0.112525255214	0.179903797367	0.154582870249	0.120457142857	0.107962511563	0.136544433827	0.116398195489	0.134106956809	0.0890530958409	0.119510089671	0.144009018041	0.113160803693	0.129591836735	0.153693136715	0.116858986273	0.115774647887	0.176683208745	0.119237012987	0.119164126533	0.166227127271	0.120928371349	0.18197945845	0.139229764218	0.11938586774	0.137593283173	0.156780050615	0.120763271864	0.124793100177	0.126800076599	0.152495992233	0.150190985485	0.125021926517	0.10979047619	0.11707018743	0.124958000386	0.166270690094	0.216328116328	0.190240301217	0.183336450023	0.110328291317	0.134729008456	0.114052795031	0.138013092029	0.106127213194	0.115931222655	0.134908540341	0.12630323532	0.148713545364	0.136985160697	0.159079264962
764649650-stool2.snv.bam	0.161447768763	0.162811325874	0.159600472497	0.174042492315	0.189079614304	0.18758668516	0.174024638318	0.13465600355	0.103858911986	0.183098591549	0.140350403342	0.232824841856	0.173463079067	0.171348539416	0.0	0.160473086333	0.159760234876	0.187617904305	0.233546016842	0.206090264276	0.184709821429	0.170280128608	0.191011235955	0.179332386364	0.115942028986	0.18783891547	0.148436984291	0.201798775169	0.141206505402	0.168067226891	0.187986134625	0.163076923077	0.186212590299	0.182966770371	0.170316441312	0.184424646289	0.164787911168	0.218308171579	0.173410404624	0.207557724473	0.226492182944	0.151335311573	0.212282022947	0.169139465875	0.108293460925	0.200699992059	0.120234604106	0.073140367258	0.201769455353	0.209676743421	0.133207894065	0.134885914154	0.134063107824	0.158797119045	0.197535211268	0.148022913753	0.148876404494	0.159025972939	0.190476190476	0.136495388669	0.188896057533	0.17166800428	0.240013320013	0.14897190504	0.205619996233	0.174234399642	0.141077441077	0.18	0.190004046945	0.133638120726	0.160745415287	0.194787202749	0.171587301587	0.146457101359	0.217391810208	0.172633567016
765074482-stool1.snv.bam	0.0725610196388	0.110457974056	0.211435880801	0.222381385381	0.118626631802	0.123933254363	0.0968719423215	0.123629560235	0.086329776685	0.100123417367	0.126346618745	0.162210600119	0.113581163201	0.129049743268	0.160473086333	0.0	0.000964377429769	0.152538178642	0.129884450049	0.100452715308	0.097418513349	0.0865279125433	0.0980523459764	0.0934174381516	0.168689706314	0.0741341044266	0.116944673677	0.142334792222	0.10631566288	0.0889227591412	0.0755884164468	0.0853884721599	0.0950555578045	0.123216953127	0.104702770096	0.0981873462301	0.102542766555	0.122297879423	0.0998517436207	0.12026488937	0.130155111829	0.132966181366	0.154011255464	0.10576910647	0.130832946125	0.116993880981	0.0794006573612	0.123622790286	0.113007280637	0.0948103095967	0.136830460673	0.154197982991	0.110623271542	0.0928394461117	0.100458538011	0.16070951037	0.161097407172	0.158688209412	0.110137573956	0.106315237983	0.108530616752	0.086612774158	0.170315060293	0.15319480639	0.166625844389	0.0678300980767	0.119111330457	0.0931504565524	0.109049766171	0.130157772364	0.105361918304	0.110949230784	0.0963727419859	0.154074780076	0.150650728489	0.116658425674
765074482-stool2.snv.bam	0.0718494832424	0.109584361472	0.21090380912	0.221974682125	0.118195127189	0.123320592451	0.0964616195397	0.123091276525	0.0856391120229	0.0994290494093	0.125806895774	0.161359149772	0.113329398419	0.128597283313	0.159760234876	0.000964377429769	0.0	0.15217767271	0.129271435616	0.0998634832378	0.0967610892368	0.0858044509559	0.0975325281883	0.0927155431698	0.168311023612	0.0734131227416	0.116530420975	0.141559479619	0.105876429405	0.0882320944791	0.0749630105839	0.0846846698548	0.0946079297194	0.122792848383	0.10429471413	0.097777850043	0.102210961176	0.121709002122	0.0989956149745	0.120009611706	0.129897880996	0.132590969156	0.153793852435	0.105360896107	0.130145140801	0.116518055255	0.0786751692707	0.12278955278	0.112316615975	0.0945893972057	0.136228784364	0.153673425695	0.109792256003	0.0920787478299	0.0997641700527	0.160233763258	0.160519796392	0.158117912901	0.109565427812	0.105756079004	0.108134133811	0.0860985159184	0.169717660372	0.152541568628	0.166205431702	0.0672046922138	0.11827585907	0.0926278136675	0.108351654989	0.129860144206	0.104807623552	0.110320471538	0.0960180081563	0.153552833531	0.150315917249	0.11593214004
765256553-stool3.snv.bam	0.134741121723	0.117713651888	0.251723847931	0.26193507781	0.116029967141	0.126200941915	0.125508436625	0.110646937148	0.162819262442	0.128631613503	0.109997320607	0.19126403498	0.0914672867902	0.0938448979592	0.187617904305	0.152538178642	0.15217767271	0.0	0.195010736312	0.150513768512	0.163042632307	0.120843756986	0.129784886928	0.135784801726	0.159606699823	0.124591594817	0.130483322481	0.179382501892	0.159890333556	0.127945578231	0.136893123807	0.133416660979	0.10255329753	0.149553639134	0.0806503747525	0.0840481629652	0.175975406747	0.106736458807	0.131924198251	0.153904915193	0.14731553028	0.118252371371	0.185092133664	0.119260204082	0.149026233538	0.157391335838	0.131709826788	0.184140322796	0.152343825218	0.152449994411	0.0955320018356	0.169917108717	0.130866180012	0.137753108978	0.129076161296	0.151677214271	0.149678053039	0.126484865123	0.106721088435	0.135929365451	0.132242864125	0.17356524428	0.224296936475	0.181636782568	0.212241890366	0.128592236895	0.107405049381	0.116903283052	0.140301446724	0.127226620699	0.1288618349	0.142437128184	0.142172533859	0.148190829465	0.146614749798	0.161596635546
CCIS10706551ST-3-0.snv.bam	0.115744804525	0.176470601662	0.249604260606	0.243576758798	0.172983322953	0.178020450182	0.120632376618	0.178722775373	0.152053028117	0.122616602953	0.181911220511	0.194755192731	0.157850056951	0.171593082205	0.233546016842	0.129884450049	0.129271435616	0.195010736312	0.0	0.129417976269	0.130732003743	0.131189930696	0.100027127509	0.128926700435	0.217846822862	0.135181342585	0.169206051761	0.180762184524	0.152583398856	0.143088376286	0.0949204717823	0.139090496862	0.155841054172	0.136470944592	0.157325420036	0.142361309324	0.175423041695	0.168125181313	0.143187948993	0.136134640108	0.155825594232	0.170829109369	0.18612406977	0.140318234997	0.195259323388	0.15308058167	0.135204610075	0.188205132624	0.161661013219	0.112763482539	0.156992138222	0.201805456344	0.152165262672	0.162163049697	0.123426945446	0.208220569112	0.208275561867	0.200434273253	0.144544135438	0.177158441755	0.14990099789	0.134722449921	0.19502529315	0.184524769667	0.178816563254	0.132222485877	0.175665345316	0.147917912729	0.154897888604	0.150329336384	0.11216033999	0.149200491513	0.146170435849	0.20790089753	0.186715984534	0.167696345253
CCIS15794887ST-4-0.snv.bam	0.0998512839216	0.129474092846	0.242484268081	0.247704760974	0.116794254974	0.108819551212	0.0944989697475	0.126633343392	0.110428084174	0.091970963589	0.124410305273	0.137871123033	0.122358358739	0.137325365358	0.206090264276	0.100452715308	0.0998634832378	0.150513768512	0.129417976269	0.0	0.0949560903922	0.0774563384469	0.0736989877487	0.046952284094	0.197639560051	0.0710543715498	0.138114737905	0.139877630267	0.127367220441	0.129120760906	0.0891230123678	0.118139253811	0.103592328565	0.106909469031	0.117532225523	0.0904009962281	0.135933047853	0.110720029339	0.0943075042689	0.0998073804365	0.124504558292	0.141817176152	0.162663505148	0.120292227167	0.144484323241	0.11164418066	0.12721702484	0.169491754589	0.110438979569	0.079157625876	0.133630546329	0.146387794643	0.1441554118	0.111893917106	0.0869045532954	0.161451446665	0.161725924242	0.149762700099	0.107563612578	0.109339701696	0.0956871951233	0.113644767048	0.148966617252	0.166965566731	0.154159776243	0.0974898779902	0.108230798678	0.112402504222	0.103722147397	0.138997627644	0.102646000347	0.111159224319	0.0830153828945	0.15958715639	0.133289460784	0.124963065436
CCIS19142497ST-3-0.snv.bam	0.0771029840508	0.127000981071	0.209742355137	0.218154628288	0.107604648177	0.117289227166	0.102326474287	0.136538681546	0.121991153732	0.105559490085	0.139671860246	0.135488667524	0.123289948908	0.139290758676	0.184709821429	0.097418513349	0.0967610892368	0.163042632307	0.130732003743	0.0949560903922	0.0	0.10807044913	0.100680515759	0.0988146551724	0.193286350148	0.100709899749	0.133313813739	0.170880890085	0.125306291463	0.113735875706	0.0880547301098	0.127779317225	0.115416666667	0.122951597394	0.134671208438	0.0882993035771	0.129724881021	0.142632249454	0.117383381924	0.126613722392	0.113335092528	0.154440298507	0.18663870478	0.131739457831	0.130033805861	0.149968935002	0.11168879056	0.133321529745	0.122299987461	0.0899654685811	0.131139512798	0.16353605326	0.100800863451	0.0771123188406	0.102237215909	0.132361917377	0.133509887006	0.15615584696	0.106956214689	0.129688330675	0.106464220377	0.125112977202	0.188817860883	0.141573887491	0.178206631041	0.0883121468927	0.116062734351	0.109906340058	0.117874440374	0.132589707271	0.108142331038	0.12286424513	0.119400161031	0.130425259184	0.107286822048	0.124256261368
CCIS38765456ST-20-0.snv.bam	0.0987775807004	0.134544004755	0.248998629364	0.262577269683	0.104874387557	0.121312688298	0.0933765906839	0.0838209865492	0.0961532829771	0.0904014215296	0.0876971184419	0.145353544206	0.0968971240333	0.113202447542	0.170280128608	0.0865279125433	0.0858044509559	0.120843756986	0.131189930696	0.0774563384469	0.10807044913	0.0	0.0933487116394	0.0416552168323	0.158158279869	0.0965381356541	0.113302981777	0.142082867747	0.10587348255	0.0905493639617	0.0801133226597	0.0852442334924	0.108244999699	0.120277772008	0.0746367685386	0.108364030566	0.126240080452	0.0984416849109	0.0867089605033	0.121293541038	0.105724297877	0.120645766375	0.144752108544	0.113962074653	0.123763828919	0.108571202257	0.0936721606011	0.139801491921	0.113345521966	0.0920689148241	0.132437936516	0.139473842332	0.126519227794	0.100876131523	0.107894462197	0.15498715683	0.15679038551	0.129258726956	0.0866919550764	0.102649043401	0.0926948962522	0.0934727381972	0.163230887462	0.179103626966	0.152748113544	0.0944380702822	0.115339249111	0.0832324614291	0.101534305536	0.128548352874	0.108329784358	0.100436044489	0.0779904195567	0.149253978948	0.12251924545	0.131456558506
CCIS70398272ST-4-0.snv.bam	0.0729354415861	0.113869710306	0.229616966266	0.238439369279	0.109133053195	0.121986607143	0.0921245186425	0.118829540836	0.118993598862	0.0896739130435	0.116435619484	0.146878240902	0.0982365319865	0.113976833977	0.191011235955	0.0980523459764	0.0975325281883	0.129784886928	0.100027127509	0.0736989877487	0.100680515759	0.0933487116394	0.0	0.0882554945055	0.183098591549	0.0602355203076	0.137760160895	0.140587242038	0.119454376574	0.0972972972973	0.0440932790933	0.107649925832	0.101291607397	0.0961830978561	0.0985877737897	0.0961480239409	0.133622558469	0.105336105336	0.091922005571	0.111202640907	0.0973311394814	0.111428571429	0.154984555665	0.0922190201729	0.137313145878	0.120881802499	0.09375	0.151460403493	0.113917142216	0.0747818106138	0.110126772734	0.158476648071	0.109050852626	0.104171616378	0.0682744565217	0.162334489191	0.162601626016	0.137768064473	0.0783783783784	0.115423901941	0.104203794787	0.124698670796	0.163447817187	0.149011355747	0.141118763881	0.0762207585737	0.119542343727	0.0936639118457	0.106861826698	0.0934820020077	0.084121390031	0.108907685881	0.097106802093	0.155818902146	0.122031961473	0.106569692478
CCIS87116798ST-4-0.snv.bam	0.104214590864	0.136125003108	0.252183231855	0.26048675887	0.126166203613	0.118861607143	0.076348537559	0.11706556441	0.111524746826	0.0844686648501	0.122611354319	0.136522347127	0.112785937368	0.128174603175	0.179332386364	0.0934174381516	0.0927155431698	0.135784801726	0.128926700435	0.046952284094	0.0988146551724	0.0416552168323	0.0882554945055	0.0	0.156339031339	0.0909641893195	0.120998954132	0.124055715082	0.11215798979	0.111449864499	0.0766847049367	0.108292605185	0.104614890886	0.116524458695	0.0970256810357	0.0994844939517	0.129434629202	0.111717486717	0.0729748603352	0.11943206302	0.125819570949	0.1175	0.155775190038	0.110187861272	0.1270447754	0.0926429760151	0.108309659091	0.157646437198	0.0925655706263	0.0775804260152	0.140821182855	0.117271661922	0.131424122752	0.121237839984	0.0905994550409	0.143893100425	0.144361413043	0.126853784466	0.116869918699	0.112966036772	0.0775556010155	0.100513069358	0.144268902394	0.160594042348	0.1546047065	0.0848961535834	0.0981428872054	0.0887430939227	0.0800998043053	0.12140135174	0.111788385668	0.0988404822228	0.0810570987654	0.137206212125	0.143017493752	0.112633740555
CCIS90164298ST-4-0.snv.bam	0.169244058655	0.187912935424	0.208231586429	0.221865526023	0.209185961928	0.192298743602	0.151615674733	0.157064967135	0.148676839157	0.157746478873	0.162822313454	0.227077715419	0.147178084571	0.146138455382	0.115942028986	0.168689706314	0.168311023612	0.159606699823	0.217846822862	0.197639560051	0.193286350148	0.158158279869	0.183098591549	0.156339031339	0.0	0.165111642743	0.151406826687	0.153068467025	0.149824144032	0.159663865546	0.185354779052	0.171648351648	0.177809228955	0.186080461869	0.165238512705	0.167475493747	0.210511228744	0.184615384615	0.179190751445	0.191179028137	0.21571718528	0.148367952522	0.202965479964	0.182634730539	0.164922248804	0.154295326524	0.162241887906	0.180087390762	0.184962732664	0.187979949646	0.170955978472	0.168210426005	0.19099975673	0.19865952293	0.21161971831	0.164817733664	0.168539325843	0.159607578833	0.210084033613	0.155881582395	0.17306452274	0.154800695559	0.189272046006	0.176883495208	0.157769583434	0.160228797401	0.163612652345	0.17094017094	0.179975922953	0.164711567053	0.163546535735	0.174577126336	0.172573435504	0.163215941647	0.235681390173	0.197539934057
CCIS94417875ST-3-0.snv.bam	0.0812965869532	0.084390959771	0.210665852851	0.222502508156	0.106733320894	0.115901080827	0.0897442436307	0.132563876676	0.105802513039	0.0842009916095	0.130309056464	0.155149611851	0.106648724083	0.122407369776	0.18783891547	0.0741341044266	0.0734131227416	0.124591594817	0.135181342585	0.0710543715498	0.100709899749	0.0965381356541	0.0602355203076	0.0909641893195	0.165111642743	0.0	0.131551036592	0.118877319849	0.121141837734	0.0868089141773	0.0894072917757	0.105011840897	0.0767491702229	0.0989760704561	0.103088596255	0.0797610073531	0.116984114343	0.108539308539	0.0922543126619	0.0958511093091	0.114369001387	0.134285714286	0.135760650502	0.0751200768492	0.145859168469	0.0929488416048	0.110944976077	0.154493732072	0.121669352631	0.104530061716	0.133564840597	0.155745443328	0.127374321931	0.107229808306	0.103562404653	0.154442155617	0.154794846194	0.133967918296	0.103025130394	0.112950020608	0.0961040617592	0.106322785283	0.144529757068	0.156968918573	0.143933044868	0.0545354642568	0.10074414049	0.0967473780871	0.115020200775	0.134028873273	0.081659955224	0.106212542225	0.0835868526348	0.147677000431	0.126472139436	0.114320882
CCIS95409808ST-4-0.snv.bam	0.116926818759	0.140940779416	0.246902463314	0.257106524798	0.148675510001	0.135522619872	0.130831643207	0.111791898928	0.141450377589	0.134111183469	0.113486428302	0.192970693148	0.108966131763	0.112525255214	0.148436984291	0.116944673677	0.116530420975	0.130483322481	0.169206051761	0.138114737905	0.133313813739	0.113302981777	0.137760160895	0.120998954132	0.151406826687	0.131551036592	0.0	0.191066522846	0.124261802855	0.137653621876	0.122985673756	0.147058465625	0.133016721951	0.163744662127	0.109396295186	0.125454182035	0.145587842111	0.153199360886	0.14739932973	0.157346512786	0.145246522396	0.103331127175	0.169656421831	0.139795428323	0.124409738136	0.166382955167	0.120111061939	0.159749595186	0.164933090916	0.125315538348	0.139422202256	0.150456390882	0.131548093604	0.125953566994	0.129200674482	0.144922121626	0.143891778124	0.128821672891	0.135549732865	0.0974298324372	0.146180805678	0.146812220364	0.218482484609	0.176811632717	0.199788500884	0.121846114405	0.112304717404	0.128828718484	0.153456246863	0.107632698716	0.134901780785	0.159785176594	0.135152305833	0.142765686134	0.167110853091	0.146709734782
CCMD46947453ST-21-0.snv.bam	0.135061603331	0.160701651343	0.208744472272	0.220911277877	0.1783150668	0.187130477088	0.120208934283	0.195938484041	0.11701304467	0.120309204535	0.202048388565	0.192270094221	0.165917096019	0.179903797367	0.201798775169	0.142334792222	0.141559479619	0.179382501892	0.180762184524	0.139877630267	0.170880890085	0.142082867747	0.140587242038	0.124055715082	0.153068467025	0.118877319849	0.191066522846	0.0	0.132340863725	0.138592170814	0.147295720058	0.149889451348	0.145410498904	0.147667660159	0.160550918981	0.14608080451	0.175570123286	0.16840493074	0.126143330139	0.157837037944	0.186608142155	0.18687692201	0.17930095653	0.13632802568	0.187747843265	0.0937802731211	0.142951911028	0.187288200404	0.163134821796	0.147277199719	0.175982789601	0.184521556583	0.181052151632	0.165274671577	0.167098822021	0.204556494254	0.207089697165	0.183051177572	0.171200866466	0.186791180651	0.140024358856	0.125741085514	0.107997164976	0.190765905556	0.116705013334	0.133705433511	0.150589236181	0.141279553628	0.156904800635	0.184496064648	0.147395153545	0.120632174414	0.139522909235	0.198356559546	0.191991290631	0.161651595051
ED16A.snv.bam	0.103940449801	0.145281795885	0.215623286162	0.222917473707	0.153109692275	0.148955220932	0.105726684256	0.133718198815	0.0884251490819	0.115593573168	0.136644862779	0.168243625284	0.142373318945	0.154582870249	0.141206505402	0.10631566288	0.105876429405	0.159890333556	0.152583398856	0.127367220441	0.125306291463	0.10587348255	0.119454376574	0.11215798979	0.149824144032	0.121141837734	0.124261802855	0.132340863725	0.0	0.108420240974	0.119305815973	0.105565684771	0.131424968565	0.134800683428	0.128519986159	0.130909125445	0.146989279782	0.146877267094	0.140532769093	0.142486258078	0.148619311994	0.14599837685	0.166192391044	0.136540570161	0.135940803644	0.129652074489	0.0880686645012	0.118011723004	0.146711428672	0.133778434467	0.132438606143	0.166383201539	0.126320734136	0.120010108672	0.134136757197	0.151231447609	0.153944714505	0.167668199129	0.120747835878	0.122455296571	0.120916770633	0.0825442505229	0.165007142928	0.182989207189	0.163783793834	0.11048569081	0.128872765225	0.11600231055	0.138703943324	0.141384484484	0.123191312262	0.121070270763	0.126721767253	0.149251988643	0.169095108976	0.129976739168
M1.1-V2.metaG.snv.bam	0.0825993859082	0.112394924473	0.212200295356	0.224556490011	0.126167159848	0.157032967033	0.0992099172175	0.131925848713	0.104073684211	0.0911528150134	0.133595571096	0.114817062748	0.105110004151	0.120457142857	0.168067226891	0.0889227591412	0.0882320944791	0.127945578231	0.143088376286	0.129120760906	0.113735875706	0.0905493639617	0.0972972972973	0.111449864499	0.159663865546	0.0868089141773	0.137653621876	0.138592170814	0.108420240974	0.0	0.0934678506678	0.0980351170569	0.107941052632	0.117011586805	0.0956523632402	0.0948557117912	0.143667967643	0.103777878926	0.112637362637	0.124121078473	0.111034489725	0.140845070423	0.145346685652	0.0994318181818	0.154376481745	0.119033109168	0.0840336134454	0.125371360665	0.12541785483	0.111656870525	0.123882357763	0.159043906978	0.132627000421	0.100072268448	0.123659517426	0.146627266364	0.147058823529	0.151639918135	0.096	0.133215814656	0.10521982971	0.109929971989	0.17501624059	0.160449825026	0.179023254992	0.0645378151261	0.126226518988	0.0896739130435	0.113507893724	0.143300792303	0.0916963020199	0.0781486782192	0.103976927747	0.140072050619	0.13300278103	0.113166354343
MH0193.snv.bam	0.0666067955782	0.131121207015	0.23237495859	0.243464661459	0.118894663036	0.135714985869	0.0806872747184	0.108483848997	0.11770315104	0.0782081933556	0.115719938113	0.145175123024	0.091851557879	0.107962511563	0.187986134625	0.0755884164468	0.0749630105839	0.136893123807	0.0949204717823	0.0891230123678	0.0880547301098	0.0801133226597	0.0440932790933	0.0766847049367	0.185354779052	0.0894072917757	0.122985673756	0.147295720058	0.119305815973	0.0934678506678	0.0	0.0932902996762	0.104863966754	0.106480704945	0.0937708869065	0.102651246603	0.128448405246	0.113193496182	0.0860288825948	0.117645052993	0.097468452588	0.121610298934	0.164531360519	0.102588210401	0.136143798512	0.127954108585	0.0875459585544	0.149732457085	0.0970753328636	0.0706344176471	0.115446055594	0.151150601133	0.0997797960806	0.102797470769	0.0628405181354	0.159870344607	0.160457353104	0.142015248511	0.078172035372	0.108760568456	0.097637138347	0.113062742368	0.183385724779	0.1470540045	0.149815194328	0.061460729249	0.128961481374	0.0930812695758	0.0953243551896	0.102564482615	0.0884948837924	0.10724235315	0.112642654856	0.153196316604	0.130387325056	0.115839987899
MH0252.snv.bam	0.0984400547549	0.130961983717	0.227306537232	0.242013723753	0.123318100111	0.163876218122	0.0931539185693	0.1146610603	0.0818058550431	0.109499789828	0.120423740655	0.159052835774	0.121346577073	0.136544433827	0.163076923077	0.0853884721599	0.0846846698548	0.133416660979	0.139090496862	0.118139253811	0.127779317225	0.0852442334924	0.107649925832	0.108292605185	0.171648351648	0.105011840897	0.147058465625	0.149889451348	0.105565684771	0.0980351170569	0.0932902996762	0.0	0.121072874494	0.08803463209	0.11317762243	0.110584240721	0.129988976624	0.0971415291657	0.0951869359691	0.0919155645496	0.126342612501	0.146772767462	0.145527370413	0.107469342252	0.135526780503	0.113006702666	0.0740821678322	0.114348261487	0.11474528722	0.112320369189	0.109244957009	0.159573796743	0.112244348021	0.121438831514	0.126234762505	0.166050633754	0.166422133725	0.150147532801	0.111622073579	0.130050231459	0.110174643603	0.0743486939945	0.16455633503	0.187801969302	0.158439970956	0.104017944971	0.142512061911	0.0888557425954	0.113154812221	0.13804059675	0.085225642213	0.112333460634	0.0922910268314	0.15934921832	0.152114339955	0.145087993044
MH0326.snv.bam	0.0924772479842	0.0762479924663	0.212160157239	0.220486689842	0.116492352483	0.103118796992	0.100170577692	0.148133568011	0.121348070175	0.103157894737	0.15358994205	0.159838633067	0.0977019947128	0.116398195489	0.186212590299	0.0950555578045	0.0946079297194	0.10255329753	0.155841054172	0.103592328565	0.115416666667	0.108244999699	0.101291607397	0.104614890886	0.177809228955	0.0767491702229	0.133016721951	0.145410498904	0.131424968565	0.107941052632	0.104863966754	0.121072874494	0.0	0.115127930296	0.0978703389487	0.0684097581975	0.118175145726	0.10519176868	0.113950260266	0.131940109159	0.112051206205	0.139374351371	0.158092065479	0.0723803827751	0.161073494547	0.120349623594	0.0993778564057	0.137344341245	0.132025574128	0.112829775959	0.12750385347	0.157617389865	0.114764206887	0.101360394423	0.10349301538	0.163534489377	0.164379397692	0.171796159397	0.102607719298	0.137309705894	0.0960452847684	0.132330760055	0.176337977045	0.150965590302	0.153351353152	0.0860699041722	0.0980171214996	0.107276887872	0.125577690858	0.1220661196	0.102573027166	0.0946377113472	0.0998181701978	0.15649922209	0.140205544095	0.0979135163655
