	158479027-stool1.snv.bam	158479027-stool2.snv.bam	160178356-stool1.snv.bam	765216093-stool3.snv.bam	BYQ_AAAB.snv.bam	BYQ_AAAM.snv.bam	CCIS47745468ST-4-0.snv.bam	CCMD63399960ST-21-0.snv.bam	CCMD79987997ST-21-0.snv.bam	M2.3-V1.metaG.snv.bam	MH0176.snv.bam	MH0381.snv.bam	MH0424.snv.bam	MH0445.snv.bam	MMRS43563715ST-27-0-0.snv.bam	MMRS54316675ST-27-0-0.snv.bam	N022A.snv.bam	NG-5636_456.snv.bam	NG-5636_529.snv.bam	SAMEA3136654.snv.bam	T2D-59A.snv.bam	V1.FI11.snv.bam	V1.FI12.snv.bam	V1.FI19.snv.bam
158479027-stool1.snv.bam	0.0	0.00247927221201	0.165301154252	0.172751888299	0.180350951979	0.180410265665	0.187452479809	0.16858472963	0.166123123504	0.181036038132	0.170675086004	0.161797122257	0.0395232084807	0.168929410411	0.160652408698	0.140511425848	0.167821949229	0.152438527141	0.15081040656	0.1691412727	0.185338783043	0.161062774288	0.161053567131	0.177284700894
158479027-stool2.snv.bam	0.00247927221201	0.0	0.165751894356	0.17418956388	0.181506494338	0.181374179893	0.18687324937	0.169987252573	0.167522183857	0.18204876986	0.171082171257	0.162949823264	0.0379761525071	0.168216804931	0.159799475275	0.141598360454	0.164534308542	0.153661133798	0.148076037289	0.170319005168	0.187136388831	0.162067779026	0.161671187248	0.178386879226
160178356-stool1.snv.bam	0.165301154252	0.165751894356	0.0	0.134708954053	0.125250257622	0.124801270574	0.142473923655	0.115961249949	0.128957603011	0.134500734171	0.137339807849	0.0138214920054	0.165191154261	0.141642536494	0.144653566961	0.10495028102	0.199069912796	0.121843084497	0.175592370973	0.149408359559	0.175769997066	0.126089216271	0.129812197266	0.123351479197
765216093-stool3.snv.bam	0.172751888299	0.17418956388	0.134708954053	0.0	0.150406940373	0.149996719868	0.157102333654	0.128060263653	0.146405319588	0.143181191395	0.123679836873	0.130026891712	0.17983804524	0.15487779284	0.0261067157619	0.135370143533	0.199017863906	0.134048764934	0.198807733827	0.156901157374	0.188810207189	0.137240583599	0.137928195843	0.130419062319
BYQ_AAAB.snv.bam	0.180350951979	0.181506494338	0.125250257622	0.150406940373	0.0	0.000948160165806	0.143221929474	0.131261356624	0.0719231023552	0.11667100176	0.123212576049	0.12479011878	0.165154248248	0.144563629748	0.159934116262	0.122062350686	0.194337432455	0.0783764223446	0.180057416479	0.132080449311	0.176764602496	0.126080378762	0.12651988298	0.141040807209
BYQ_AAAM.snv.bam	0.180410265665	0.181374179893	0.124801270574	0.149996719868	0.000948160165806	0.0	0.14319725441	0.131104773693	0.0717234019648	0.116136214533	0.123075611743	0.124380139929	0.165140761095	0.144390220967	0.159743123158	0.122011748737	0.194205287493	0.0781730374451	0.179898788622	0.131556535763	0.177016296635	0.12571455811	0.126071263644	0.140513674508
CCIS47745468ST-4-0.snv.bam	0.187452479809	0.18687324937	0.142473923655	0.157102333654	0.143221929474	0.14319725441	0.0	0.106766434071	0.154368608897	0.149842515749	0.151792721647	0.139575669232	0.181489863863	0.107079923789	0.177848672123	0.136007295701	0.180761478856	0.142274320609	0.179597610725	0.153470383593	0.188148934271	0.134552406197	0.142144669193	0.134862158247
CCMD63399960ST-21-0.snv.bam	0.16858472963	0.169987252573	0.115961249949	0.128060263653	0.131261356624	0.131104773693	0.106766434071	0.0	0.136578485691	0.129400877434	0.1371508038	0.117566788331	0.164270678219	0.11811274345	0.141924477231	0.109128616337	0.186782142263	0.127677704457	0.169534700618	0.133781072105	0.164096967085	0.127929596635	0.137412761149	0.128101586482
CCMD79987997ST-21-0.snv.bam	0.166123123504	0.167522183857	0.128957603011	0.146405319588	0.0719231023552	0.0717234019648	0.154368608897	0.136578485691	0.0	0.123427970486	0.132126935683	0.124573431647	0.165566349923	0.154079445808	0.159786937148	0.107860690804	0.185789297332	0.0134859596394	0.176651897913	0.138937502769	0.185294608625	0.13653829956	0.136876663991	0.141182573203
M2.3-V1.metaG.snv.bam	0.181036038132	0.18204876986	0.134500734171	0.143181191395	0.11667100176	0.116136214533	0.149842515749	0.129400877434	0.123427970486	0.0	0.0945627978894	0.130166367075	0.156602429683	0.145667104584	0.16507068744	0.122076588222	0.182869716081	0.118136701262	0.15691384383	0.0504524578475	0.169037538515	0.10524910934	0.111450066218	0.137636233003
MH0176.snv.bam	0.170675086004	0.171082171257	0.137339807849	0.123679836873	0.123212576049	0.123075611743	0.151792721647	0.1371508038	0.132126935683	0.0945627978894	0.0	0.130508170881	0.15886526347	0.146688517872	0.142556153529	0.125224376651	0.189725080591	0.125228239218	0.181441489706	0.111716742329	0.179525736742	0.0434132937477	0.0451061366878	0.1450846727
MH0381.snv.bam	0.161797122257	0.162949823264	0.0138214920054	0.130026891712	0.12479011878	0.124380139929	0.139575669232	0.117566788331	0.124573431647	0.130166367075	0.130508170881	0.0	0.159348567171	0.135905069386	0.140213173197	0.102559608877	0.195882920254	0.117325764915	0.172437237775	0.148247393572	0.173488785592	0.120304804853	0.124279824835	0.118120686162
MH0424.snv.bam	0.0395232084807	0.0379761525071	0.165191154261	0.17983804524	0.165154248248	0.165140761095	0.181489863863	0.164270678219	0.165566349923	0.156602429683	0.15886526347	0.159348567171	0.0	0.159280954565	0.165205185047	0.136242083747	0.169524314448	0.15161709009	0.164469485338	0.159149243631	0.183814296934	0.148034653985	0.148260586397	0.176276518595
MH0445.snv.bam	0.168929410411	0.168216804931	0.141642536494	0.15487779284	0.144563629748	0.144390220967	0.107079923789	0.11811274345	0.154079445808	0.145667104584	0.146688517872	0.135905069386	0.159280954565	0.0	0.164162036353	0.130248364064	0.167206865248	0.144049119205	0.164849042507	0.151503185759	0.157178772539	0.140107214105	0.144987726769	0.141923518772
MMRS43563715ST-27-0-0.snv.bam	0.160652408698	0.159799475275	0.144653566961	0.0261067157619	0.159934116262	0.159743123158	0.177848672123	0.141924477231	0.159786937148	0.16507068744	0.142556153529	0.140213173197	0.165205185047	0.164162036353	0.0	0.150801520515	0.189755621237	0.149443973884	0.195173482648	0.175954487704	0.189014735652	0.151363666399	0.151486814115	0.147734600564
MMRS54316675ST-27-0-0.snv.bam	0.140511425848	0.141598360454	0.10495028102	0.135370143533	0.122062350686	0.122011748737	0.136007295701	0.109128616337	0.107860690804	0.122076588222	0.125224376651	0.102559608877	0.136242083747	0.130248364064	0.150801520515	0.0	0.187664412857	0.0984155584156	0.171902537108	0.139288183166	0.175590699486	0.120711477475	0.12460690927	0.133292781662
N022A.snv.bam	0.167821949229	0.164534308542	0.199069912796	0.199017863906	0.194337432455	0.194205287493	0.180761478856	0.186782142263	0.185789297332	0.182869716081	0.189725080591	0.195882920254	0.169524314448	0.167206865248	0.189755621237	0.187664412857	0.0	0.18161535266	0.141625834519	0.17814803643	0.173319478173	0.185879600742	0.18530435077	0.192996429515
NG-5636_456.snv.bam	0.152438527141	0.153661133798	0.121843084497	0.134048764934	0.0783764223446	0.0781730374451	0.142274320609	0.127677704457	0.0134859596394	0.118136701262	0.125228239218	0.117325764915	0.15161709009	0.144049119205	0.149443973884	0.0984155584156	0.18161535266	0.0	0.169771501867	0.13248611975	0.177057573619	0.127670465463	0.128635478182	0.134208495603
NG-5636_529.snv.bam	0.15081040656	0.148076037289	0.175592370973	0.198807733827	0.180057416479	0.179898788622	0.179597610725	0.169534700618	0.176651897913	0.15691384383	0.181441489706	0.172437237775	0.164469485338	0.164849042507	0.195173482648	0.171902537108	0.141625834519	0.169771501867	0.0	0.143876183216	0.160726753707	0.178440463996	0.182156620402	0.180462951412
SAMEA3136654.snv.bam	0.1691412727	0.170319005168	0.149408359559	0.156901157374	0.132080449311	0.131556535763	0.153470383593	0.133781072105	0.138937502769	0.0504524578475	0.111716742329	0.148247393572	0.159149243631	0.151503185759	0.175954487704	0.139288183166	0.17814803643	0.13248611975	0.143876183216	0.0	0.164956516451	0.115394285384	0.119569679362	0.149077635503
T2D-59A.snv.bam	0.185338783043	0.187136388831	0.175769997066	0.188810207189	0.176764602496	0.177016296635	0.188148934271	0.164096967085	0.185294608625	0.169037538515	0.179525736742	0.173488785592	0.183814296934	0.157178772539	0.189014735652	0.175590699486	0.173319478173	0.177057573619	0.160726753707	0.164956516451	0.0	0.187603423491	0.187094805321	0.183309506556
V1.FI11.snv.bam	0.161062774288	0.162067779026	0.126089216271	0.137240583599	0.126080378762	0.12571455811	0.134552406197	0.127929596635	0.13653829956	0.10524910934	0.0434132937477	0.120304804853	0.148034653985	0.140107214105	0.151363666399	0.120711477475	0.185879600742	0.127670465463	0.178440463996	0.115394285384	0.187603423491	0.0	0.00224903283615	0.12795738778
V1.FI12.snv.bam	0.161053567131	0.161671187248	0.129812197266	0.137928195843	0.12651988298	0.126071263644	0.142144669193	0.137412761149	0.136876663991	0.111450066218	0.0451061366878	0.124279824835	0.148260586397	0.144987726769	0.151486814115	0.12460690927	0.18530435077	0.128635478182	0.182156620402	0.119569679362	0.187094805321	0.00224903283615	0.0	0.133784450842
V1.FI19.snv.bam	0.177284700894	0.178386879226	0.123351479197	0.130419062319	0.141040807209	0.140513674508	0.134862158247	0.128101586482	0.141182573203	0.137636233003	0.1450846727	0.118120686162	0.176276518595	0.141923518772	0.147734600564	0.133292781662	0.192996429515	0.134208495603	0.180462951412	0.149077635503	0.183309506556	0.12795738778	0.133784450842	0.0
