	160218816-stool1.snv.bam	BYQ_AAAZ.snv.bam	CCIS23164343ST-4-0.snv.bam	CCIS36699628ST-4-0.snv.bam	CCIS48174381ST-4-0.snv.bam	CCMD25963797ST-21-0.snv.bam	CCMD26925580ST-21-0.snv.bam	MH0420.snv.bam	MH0422.snv.bam	NG-5636_317.snv.bam	NG-5636_421.snv.bam	NLM027.snv.bam	NOM009.snv.bam	O2.UC8-2.snv.bam	O2.UC9-1.snv.bam	SAMEA3136630.snv.bam	SAMEA3136664.snv.bam	SAMEA3136686.snv.bam	SAMEA3136739.snv.bam	SAMEA3136748.snv.bam	SAMEA3136761.snv.bam	SZEY-104A.snv.bam	T2D-26A.snv.bam	T2D-54A.snv.bam	V1.UC59-0.snv.bam	scavenger-11-60-0.snv.bam
160218816-stool1.snv.bam	0.0	0.388753056235	0.366748166259	0.41564792176	0.408312958435	0.366748166259	0.364303178484	0.078239608802	0.100244498778	0.398533007335	0.364303178484	0.388753056235	0.38630806846	0.366748166259	0.366748166259	0.0464547677262	0.378973105134	0.366748166259	0.330073349633	0.378973105134	0.371638141809	0.371638141809	0.38630806846	0.38630806846	0.374083129584	0.330073349633
BYQ_AAAZ.snv.bam	0.388753056235	0.0	0.0757946210269	0.141809290954	0.151589242054	0.0831295843521	0.0684596577017	0.20782396088	0.163814180929	0.112469437653	0.0929095354523	0.080684596577	0.078239608802	0.129584352078	0.129584352078	0.369193154034	0.0855745721271	0.0366748166259	0.0757946210269	0.0684596577017	0.134474327628	0.102689486553	0.105134474328	0.0977995110024	0.0929095354523	0.0880195599022
CCIS23164343ST-4-0.snv.bam	0.366748166259	0.0757946210269	0.0	0.139364303178	0.149144254279	0.078239608802	0.0660146699267	0.200488997555	0.151589242054	0.119804400978	0.0855745721271	0.0953545232274	0.0855745721271	0.136919315403	0.136919315403	0.349633251834	0.0880195599022	0.0684596577017	0.0733496332518	0.0953545232274	0.154034229829	0.0977995110024	0.102689486553	0.119804400978	0.102689486553	0.0953545232274
CCIS36699628ST-4-0.snv.bam	0.41564792176	0.141809290954	0.139364303178	0.0	0.122249388753	0.102689486553	0.112469437653	0.237163814181	0.205378973105	0.112469437653	0.107579462103	0.102689486553	0.136919315403	0.114914425428	0.114914425428	0.393643031785	0.124694376528	0.129584352078	0.0953545232274	0.122249388753	0.149144254279	0.117359413203	0.124694376528	0.132029339853	0.127139364303	0.119804400978
CCIS48174381ST-4-0.snv.bam	0.408312958435	0.151589242054	0.149144254279	0.122249388753	0.0	0.132029339853	0.139364303178	0.234718826406	0.215158924205	0.127139364303	0.136919315403	0.124694376528	0.141809290954	0.154034229829	0.154034229829	0.39119804401	0.134474327628	0.139364303178	0.0635696821516	0.141809290954	0.139364303178	0.141809290954	0.139364303178	0.117359413203	0.141809290954	0.127139364303
CCMD25963797ST-21-0.snv.bam	0.366748166259	0.0831295843521	0.078239608802	0.102689486553	0.132029339853	0.0	0.0684596577017	0.190709046455	0.149144254279	0.0733496332518	0.0562347188264	0.0880195599022	0.080684596577	0.102689486553	0.102689486553	0.342298288509	0.0684596577017	0.0660146699267	0.0562347188264	0.0709046454768	0.114914425428	0.0684596577017	0.102689486553	0.080684596577	0.0611246943765	0.078239608802
CCMD26925580ST-21-0.snv.bam	0.364303178484	0.0684596577017	0.0660146699267	0.112469437653	0.139364303178	0.0684596577017	0.0	0.18826405868	0.144254278729	0.0904645476773	0.0660146699267	0.0831295843521	0.0855745721271	0.114914425428	0.114914425428	0.344743276284	0.0562347188264	0.0513447432763	0.0684596577017	0.0586797066015	0.122249388753	0.0757946210269	0.0880195599022	0.0831295843521	0.0684596577017	0.0733496332518
MH0420.snv.bam	0.078239608802	0.20782396088	0.200488997555	0.237163814181	0.234718826406	0.190709046455	0.18826405868	0.0	0.0342298288509	0.220048899756	0.18826405868	0.205378973105	0.20782396088	0.20293398533	0.20293398533	0.0709046454768	0.20293398533	0.18826405868	0.154034229829	0.20293398533	0.195599022005	0.19804400978	0.20782396088	0.205378973105	0.19804400978	0.176039119804
MH0422.snv.bam	0.100244498778	0.163814180929	0.151589242054	0.205378973105	0.215158924205	0.149144254279	0.144254278729	0.0342298288509	0.0	0.18337408313	0.166259168704	0.163814180929	0.178484107579	0.178484107579	0.178484107579	0.078239608802	0.154034229829	0.141809290954	0.144254278729	0.158924205379	0.18826405868	0.166259168704	0.185819070905	0.180929095355	0.163814180929	0.151589242054
NG-5636_317.snv.bam	0.398533007335	0.112469437653	0.119804400978	0.112469437653	0.127139364303	0.0733496332518	0.0904645476773	0.220048899756	0.18337408313	0.0	0.0733496332518	0.110024449878	0.107579462103	0.110024449878	0.110024449878	0.38141809291	0.080684596577	0.0977995110024	0.0488997555012	0.0831295843521	0.0660146699267	0.0929095354523	0.129584352078	0.039119804401	0.0880195599022	0.0929095354523
NG-5636_421.snv.bam	0.364303178484	0.0929095354523	0.0855745721271	0.107579462103	0.136919315403	0.0562347188264	0.0660146699267	0.18826405868	0.166259168704	0.0733496332518	0.0	0.0660146699267	0.080684596577	0.0953545232274	0.0953545232274	0.344743276284	0.0611246943765	0.0757946210269	0.0440097799511	0.0733496332518	0.0929095354523	0.0709046454768	0.100244498778	0.0660146699267	0.0709046454768	0.078239608802
NLM027.snv.bam	0.388753056235	0.080684596577	0.0953545232274	0.102689486553	0.124694376528	0.0880195599022	0.0831295843521	0.205378973105	0.163814180929	0.110024449878	0.0660146699267	0.0	0.0635696821516	0.119804400978	0.119804400978	0.366748166259	0.0757946210269	0.0660146699267	0.0611246943765	0.0855745721271	0.122249388753	0.0977995110024	0.0904645476773	0.0953545232274	0.0880195599022	0.080684596577
NOM009.snv.bam	0.38630806846	0.078239608802	0.0855745721271	0.136919315403	0.141809290954	0.080684596577	0.0855745721271	0.20782396088	0.178484107579	0.107579462103	0.080684596577	0.0635696821516	0.0	0.124694376528	0.124694376528	0.366748166259	0.0855745721271	0.0684596577017	0.0586797066015	0.0757946210269	0.132029339853	0.0977995110024	0.0904645476773	0.107579462103	0.0953545232274	0.0684596577017
O2.UC8-2.snv.bam	0.366748166259	0.129584352078	0.136919315403	0.114914425428	0.154034229829	0.102689486553	0.114914425428	0.20293398533	0.178484107579	0.110024449878	0.0953545232274	0.119804400978	0.124694376528	0.0	0.0	0.347188264059	0.107579462103	0.117359413203	0.0733496332518	0.105134474328	0.119804400978	0.112469437653	0.136919315403	0.119804400978	0.110024449878	0.110024449878
O2.UC9-1.snv.bam	0.366748166259	0.129584352078	0.136919315403	0.114914425428	0.154034229829	0.102689486553	0.114914425428	0.20293398533	0.178484107579	0.110024449878	0.0953545232274	0.119804400978	0.124694376528	0.0	0.0	0.347188264059	0.107579462103	0.117359413203	0.0733496332518	0.105134474328	0.119804400978	0.112469437653	0.136919315403	0.119804400978	0.110024449878	0.110024449878
SAMEA3136630.snv.bam	0.0464547677262	0.369193154034	0.349633251834	0.393643031785	0.39119804401	0.342298288509	0.344743276284	0.0709046454768	0.078239608802	0.38141809291	0.344743276284	0.366748166259	0.366748166259	0.347188264059	0.347188264059	0.0	0.356968215159	0.347188264059	0.312958435208	0.359413202934	0.354523227384	0.349633251834	0.364303178484	0.371638141809	0.354523227384	0.312958435208
SAMEA3136664.snv.bam	0.378973105134	0.0855745721271	0.0880195599022	0.124694376528	0.134474327628	0.0684596577017	0.0562347188264	0.20293398533	0.154034229829	0.080684596577	0.0611246943765	0.0757946210269	0.0855745721271	0.107579462103	0.107579462103	0.356968215159	0.0	0.0684596577017	0.0635696821516	0.0757946210269	0.122249388753	0.0684596577017	0.0831295843521	0.0904645476773	0.0831295843521	0.0293398533007
SAMEA3136686.snv.bam	0.366748166259	0.0366748166259	0.0684596577017	0.129584352078	0.139364303178	0.0660146699267	0.0513447432763	0.18826405868	0.141809290954	0.0977995110024	0.0757946210269	0.0660146699267	0.0684596577017	0.117359413203	0.117359413203	0.347188264059	0.0684596577017	0.0	0.0611246943765	0.0464547677262	0.124694376528	0.0880195599022	0.0977995110024	0.0904645476773	0.0709046454768	0.080684596577
SAMEA3136739.snv.bam	0.330073349633	0.0757946210269	0.0733496332518	0.0953545232274	0.0635696821516	0.0562347188264	0.0684596577017	0.154034229829	0.144254278729	0.0488997555012	0.0440097799511	0.0611246943765	0.0586797066015	0.0733496332518	0.0733496332518	0.312958435208	0.0635696821516	0.0611246943765	0.0	0.0684596577017	0.0293398533007	0.0635696821516	0.080684596577	0.0366748166259	0.0733496332518	0.0684596577017
SAMEA3136748.snv.bam	0.378973105134	0.0684596577017	0.0953545232274	0.122249388753	0.141809290954	0.0709046454768	0.0586797066015	0.20293398533	0.158924205379	0.0831295843521	0.0733496332518	0.0855745721271	0.0757946210269	0.105134474328	0.105134474328	0.359413202934	0.0757946210269	0.0464547677262	0.0684596577017	0.0	0.110024449878	0.0757946210269	0.105134474328	0.0831295843521	0.0562347188264	0.0880195599022
SAMEA3136761.snv.bam	0.371638141809	0.134474327628	0.154034229829	0.149144254279	0.139364303178	0.114914425428	0.122249388753	0.195599022005	0.18826405868	0.0660146699267	0.0929095354523	0.122249388753	0.132029339853	0.119804400978	0.119804400978	0.354523227384	0.122249388753	0.124694376528	0.0293398533007	0.110024449878	0.0	0.105134474328	0.139364303178	0.0537897310513	0.117359413203	0.112469437653
SZEY-104A.snv.bam	0.371638141809	0.102689486553	0.0977995110024	0.117359413203	0.141809290954	0.0684596577017	0.0757946210269	0.19804400978	0.166259168704	0.0929095354523	0.0709046454768	0.0977995110024	0.0977995110024	0.112469437653	0.112469437653	0.349633251834	0.0684596577017	0.0880195599022	0.0635696821516	0.0757946210269	0.105134474328	0.0	0.0904645476773	0.0929095354523	0.0929095354523	0.0709046454768
T2D-26A.snv.bam	0.38630806846	0.105134474328	0.102689486553	0.124694376528	0.139364303178	0.102689486553	0.0880195599022	0.20782396088	0.185819070905	0.129584352078	0.100244498778	0.0904645476773	0.0904645476773	0.136919315403	0.136919315403	0.364303178484	0.0831295843521	0.0977995110024	0.080684596577	0.105134474328	0.139364303178	0.0904645476773	0.0	0.114914425428	0.105134474328	0.0660146699267
T2D-54A.snv.bam	0.38630806846	0.0977995110024	0.119804400978	0.132029339853	0.117359413203	0.080684596577	0.0831295843521	0.205378973105	0.180929095355	0.039119804401	0.0660146699267	0.0953545232274	0.107579462103	0.119804400978	0.119804400978	0.371638141809	0.0904645476773	0.0904645476773	0.0366748166259	0.0831295843521	0.0537897310513	0.0929095354523	0.114914425428	0.0	0.0831295843521	0.0904645476773
V1.UC59-0.snv.bam	0.374083129584	0.0929095354523	0.102689486553	0.127139364303	0.141809290954	0.0611246943765	0.0684596577017	0.19804400978	0.163814180929	0.0880195599022	0.0709046454768	0.0880195599022	0.0953545232274	0.110024449878	0.110024449878	0.354523227384	0.0831295843521	0.0709046454768	0.0733496332518	0.0562347188264	0.117359413203	0.0929095354523	0.105134474328	0.0831295843521	0.0	0.0929095354523
scavenger-11-60-0.snv.bam	0.330073349633	0.0880195599022	0.0953545232274	0.119804400978	0.127139364303	0.078239608802	0.0733496332518	0.176039119804	0.151589242054	0.0929095354523	0.078239608802	0.080684596577	0.0684596577017	0.110024449878	0.110024449878	0.312958435208	0.0293398533007	0.080684596577	0.0684596577017	0.0880195599022	0.112469437653	0.0709046454768	0.0660146699267	0.0904645476773	0.0929095354523	0.0
