	158499257-stool1.snv.bam	158499257-stool2.snv.bam	158802708-stool1.snv.bam	158802708-stool2.snv.bam	158802708-stool3.snv.bam	159632143-stool1.snv.bam	CCIS09568613ST-4-0.snv.bam	CCIS81887263ST-4-0.snv.bam	DLM019.snv.bam	M1.4-V2.metaG.snv.bam	MH0206.snv.bam	MH0220.snv.bam	MH0222.snv.bam	MH0250.snv.bam	MH0276.snv.bam	MH0280.snv.bam	MH0328.snv.bam	MH0339.snv.bam	MH0340.snv.bam	MH0346.snv.bam	MH0369.snv.bam	MH0390.snv.bam	MH0412.snv.bam	MH0447.snv.bam	MH0451.snv.bam	MH0453.snv.bam	MMRS34569532ST-27-0-0.snv.bam	MMRS57276462ST-27-0-0.snv.bam	MMRS94549160ST-27-0-0.snv.bam	MMRS95277876ST-27-0-0.snv.bam	MMRS95479054ST-27-0-0.snv.bam	O2.UC28-0.snv.bam	O2.UC28-2.snv.bam
158499257-stool1.snv.bam	0.0	0.0	0.222222222222	0.204204204204	0.222222222222	0.219219219219	0.108108108108	0.0870870870871	0.111111111111	0.183183183183	0.0870870870871	0.279279279279	0.246246246246	0.216216216216	0.255255255255	0.0840840840841	0.0990990990991	0.129129129129	0.204204204204	0.231231231231	0.243243243243	0.171171171171	0.105105105105	0.0870870870871	0.0720720720721	0.0870870870871	0.246246246246	0.0690690690691	0.237237237237	0.201201201201	0.0780780780781	0.0840840840841	0.0840840840841
158499257-stool2.snv.bam	0.0	0.0	0.207207207207	0.189189189189	0.207207207207	0.207207207207	0.105105105105	0.0810810810811	0.108108108108	0.171171171171	0.0780780780781	0.267267267267	0.231231231231	0.204204204204	0.234234234234	0.0810810810811	0.0960960960961	0.126126126126	0.189189189189	0.219219219219	0.231231231231	0.159159159159	0.102102102102	0.0870870870871	0.0720720720721	0.0780780780781	0.234234234234	0.0690690690691	0.225225225225	0.186186186186	0.0750750750751	0.0810810810811	0.0810810810811
158802708-stool1.snv.bam	0.222222222222	0.207207207207	0.0	0.0	0.0	0.144144144144	0.183183183183	0.216216216216	0.201201201201	0.114114114114	0.201201201201	0.228228228228	0.183183183183	0.132132132132	0.189189189189	0.216216216216	0.219219219219	0.219219219219	0.18018018018	0.192192192192	0.207207207207	0.189189189189	0.204204204204	0.225225225225	0.207207207207	0.198198198198	0.18018018018	0.204204204204	0.201201201201	0.171171171171	0.195195195195	0.21021021021	0.21021021021
158802708-stool2.snv.bam	0.204204204204	0.189189189189	0.0	0.0	0.0	0.129129129129	0.165165165165	0.195195195195	0.18018018018	0.108108108108	0.18018018018	0.213213213213	0.171171171171	0.12012012012	0.177177177177	0.195195195195	0.198198198198	0.198198198198	0.159159159159	0.168168168168	0.189189189189	0.171171171171	0.183183183183	0.204204204204	0.186186186186	0.177177177177	0.162162162162	0.186186186186	0.189189189189	0.153153153153	0.174174174174	0.186186186186	0.186186186186
158802708-stool3.snv.bam	0.222222222222	0.207207207207	0.0	0.0	0.0	0.144144144144	0.183183183183	0.216216216216	0.201201201201	0.114114114114	0.201201201201	0.228228228228	0.183183183183	0.132132132132	0.189189189189	0.216216216216	0.219219219219	0.219219219219	0.18018018018	0.192192192192	0.207207207207	0.189189189189	0.204204204204	0.225225225225	0.207207207207	0.198198198198	0.18018018018	0.204204204204	0.201201201201	0.171171171171	0.195195195195	0.21021021021	0.21021021021
159632143-stool1.snv.bam	0.219219219219	0.207207207207	0.144144144144	0.129129129129	0.144144144144	0.0	0.186186186186	0.225225225225	0.21021021021	0.0960960960961	0.213213213213	0.234234234234	0.171171171171	0.138138138138	0.189189189189	0.219219219219	0.216216216216	0.222222222222	0.192192192192	0.21021021021	0.153153153153	0.171171171171	0.213213213213	0.228228228228	0.21021021021	0.21021021021	0.153153153153	0.204204204204	0.162162162162	0.135135135135	0.21021021021	0.219219219219	0.219219219219
CCIS09568613ST-4-0.snv.bam	0.108108108108	0.105105105105	0.183183183183	0.165165165165	0.183183183183	0.186186186186	0.0	0.0780780780781	0.0900900900901	0.165165165165	0.0870870870871	0.273273273273	0.21021021021	0.192192192192	0.231231231231	0.0660660660661	0.0870870870871	0.0960960960961	0.192192192192	0.222222222222	0.216216216216	0.165165165165	0.0900900900901	0.12012012012	0.123123123123	0.0990990990991	0.219219219219	0.0960960960961	0.201201201201	0.177177177177	0.0750750750751	0.0840840840841	0.0840840840841
CCIS81887263ST-4-0.snv.bam	0.0870870870871	0.0810810810811	0.216216216216	0.195195195195	0.216216216216	0.225225225225	0.0780780780781	0.0	0.114114114114	0.189189189189	0.0840840840841	0.285285285285	0.234234234234	0.222222222222	0.249249249249	0.0660660660661	0.0750750750751	0.0990990990991	0.21021021021	0.237237237237	0.255255255255	0.183183183183	0.0960960960961	0.102102102102	0.0990990990991	0.108108108108	0.24024024024	0.102102102102	0.225225225225	0.21021021021	0.0810810810811	0.0660660660661	0.0660660660661
DLM019.snv.bam	0.111111111111	0.108108108108	0.201201201201	0.18018018018	0.201201201201	0.21021021021	0.0900900900901	0.114114114114	0.0	0.18018018018	0.105105105105	0.276276276276	0.222222222222	0.195195195195	0.258258258258	0.102102102102	0.0870870870871	0.129129129129	0.216216216216	0.228228228228	0.24024024024	0.174174174174	0.105105105105	0.132132132132	0.111111111111	0.105105105105	0.24024024024	0.117117117117	0.231231231231	0.204204204204	0.0930930930931	0.0900900900901	0.0900900900901
M1.4-V2.metaG.snv.bam	0.183183183183	0.171171171171	0.114114114114	0.108108108108	0.114114114114	0.0960960960961	0.165165165165	0.189189189189	0.18018018018	0.0	0.171171171171	0.225225225225	0.129129129129	0.102102102102	0.177177177177	0.177177177177	0.18018018018	0.192192192192	0.138138138138	0.177177177177	0.129129129129	0.12012012012	0.168168168168	0.177177177177	0.177177177177	0.177177177177	0.156156156156	0.159159159159	0.153153153153	0.117117117117	0.174174174174	0.177177177177	0.177177177177
MH0206.snv.bam	0.0870870870871	0.0780780780781	0.201201201201	0.18018018018	0.201201201201	0.213213213213	0.0870870870871	0.0840840840841	0.105105105105	0.171171171171	0.0	0.264264264264	0.225225225225	0.207207207207	0.246246246246	0.0690690690691	0.0840840840841	0.12012012012	0.201201201201	0.216216216216	0.234234234234	0.162162162162	0.0960960960961	0.114114114114	0.0930930930931	0.0960960960961	0.243243243243	0.102102102102	0.216216216216	0.192192192192	0.0840840840841	0.0750750750751	0.0750750750751
MH0220.snv.bam	0.279279279279	0.267267267267	0.228228228228	0.213213213213	0.228228228228	0.234234234234	0.273273273273	0.285285285285	0.276276276276	0.225225225225	0.264264264264	0.0	0.282282282282	0.243243243243	0.276276276276	0.285285285285	0.282282282282	0.279279279279	0.246246246246	0.15015015015	0.273273273273	0.246246246246	0.276276276276	0.27027027027	0.267267267267	0.258258258258	0.258258258258	0.273273273273	0.252252252252	0.234234234234	0.276276276276	0.279279279279	0.279279279279
MH0222.snv.bam	0.246246246246	0.231231231231	0.183183183183	0.171171171171	0.183183183183	0.171171171171	0.21021021021	0.234234234234	0.222222222222	0.129129129129	0.225225225225	0.282282282282	0.0	0.129129129129	0.156156156156	0.222222222222	0.231231231231	0.243243243243	0.201201201201	0.228228228228	0.219219219219	0.216216216216	0.225225225225	0.243243243243	0.246246246246	0.24024024024	0.138138138138	0.228228228228	0.198198198198	0.156156156156	0.237237237237	0.234234234234	0.234234234234
MH0250.snv.bam	0.216216216216	0.204204204204	0.132132132132	0.12012012012	0.132132132132	0.138138138138	0.192192192192	0.222222222222	0.195195195195	0.102102102102	0.207207207207	0.243243243243	0.129129129129	0.0	0.171171171171	0.216216216216	0.219219219219	0.219219219219	0.174174174174	0.21021021021	0.177177177177	0.135135135135	0.204204204204	0.219219219219	0.216216216216	0.207207207207	0.144144144144	0.207207207207	0.177177177177	0.138138138138	0.207207207207	0.21021021021	0.21021021021
MH0276.snv.bam	0.255255255255	0.234234234234	0.189189189189	0.177177177177	0.189189189189	0.189189189189	0.231231231231	0.249249249249	0.258258258258	0.177177177177	0.246246246246	0.276276276276	0.156156156156	0.171171171171	0.0	0.255255255255	0.246246246246	0.252252252252	0.171171171171	0.21021021021	0.183183183183	0.204204204204	0.246246246246	0.252252252252	0.249249249249	0.249249249249	0.141141141141	0.249249249249	0.198198198198	0.165165165165	0.249249249249	0.261261261261	0.261261261261
MH0280.snv.bam	0.0840840840841	0.0810810810811	0.216216216216	0.195195195195	0.216216216216	0.219219219219	0.0660660660661	0.0660660660661	0.102102102102	0.177177177177	0.0690690690691	0.285285285285	0.222222222222	0.216216216216	0.255255255255	0.0	0.0630630630631	0.0990990990991	0.21021021021	0.237237237237	0.243243243243	0.177177177177	0.0810810810811	0.129129129129	0.0960960960961	0.0930930930931	0.252252252252	0.0840840840841	0.237237237237	0.204204204204	0.0630630630631	0.042042042042	0.042042042042
MH0328.snv.bam	0.0990990990991	0.0960960960961	0.219219219219	0.198198198198	0.219219219219	0.216216216216	0.0870870870871	0.0750750750751	0.0870870870871	0.18018018018	0.0840840840841	0.282282282282	0.231231231231	0.219219219219	0.246246246246	0.0630630630631	0.0	0.102102102102	0.213213213213	0.234234234234	0.246246246246	0.174174174174	0.0630630630631	0.102102102102	0.105105105105	0.108108108108	0.237237237237	0.0990990990991	0.24024024024	0.207207207207	0.0780780780781	0.0630630630631	0.0630630630631
MH0339.snv.bam	0.129129129129	0.126126126126	0.219219219219	0.198198198198	0.219219219219	0.222222222222	0.0960960960961	0.0990990990991	0.129129129129	0.192192192192	0.12012012012	0.279279279279	0.243243243243	0.219219219219	0.252252252252	0.0990990990991	0.102102102102	0.0	0.213213213213	0.234234234234	0.24024024024	0.192192192192	0.0930930930931	0.126126126126	0.132132132132	0.114114114114	0.237237237237	0.132132132132	0.237237237237	0.198198198198	0.126126126126	0.0930930930931	0.0930930930931
MH0340.snv.bam	0.204204204204	0.189189189189	0.18018018018	0.159159159159	0.18018018018	0.192192192192	0.192192192192	0.21021021021	0.216216216216	0.138138138138	0.201201201201	0.246246246246	0.201201201201	0.174174174174	0.171171171171	0.21021021021	0.213213213213	0.213213213213	0.0	0.198198198198	0.189189189189	0.171171171171	0.195195195195	0.201201201201	0.198198198198	0.192192192192	0.204204204204	0.18018018018	0.174174174174	0.171171171171	0.183183183183	0.204204204204	0.204204204204
MH0346.snv.bam	0.231231231231	0.219219219219	0.192192192192	0.168168168168	0.192192192192	0.21021021021	0.222222222222	0.237237237237	0.228228228228	0.177177177177	0.216216216216	0.15015015015	0.228228228228	0.21021021021	0.21021021021	0.237237237237	0.234234234234	0.234234234234	0.198198198198	0.0	0.198198198198	0.21021021021	0.219219219219	0.234234234234	0.222222222222	0.207207207207	0.198198198198	0.228228228228	0.201201201201	0.177177177177	0.231231231231	0.231231231231	0.231231231231
MH0369.snv.bam	0.243243243243	0.231231231231	0.207207207207	0.189189189189	0.207207207207	0.153153153153	0.216216216216	0.255255255255	0.24024024024	0.129129129129	0.234234234234	0.273273273273	0.219219219219	0.177177177177	0.183183183183	0.243243243243	0.246246246246	0.24024024024	0.189189189189	0.198198198198	0.0	0.162162162162	0.219219219219	0.246246246246	0.24024024024	0.243243243243	0.201201201201	0.228228228228	0.156156156156	0.144144144144	0.222222222222	0.237237237237	0.237237237237
MH0390.snv.bam	0.171171171171	0.159159159159	0.189189189189	0.171171171171	0.189189189189	0.171171171171	0.165165165165	0.183183183183	0.174174174174	0.12012012012	0.162162162162	0.246246246246	0.216216216216	0.135135135135	0.204204204204	0.177177177177	0.174174174174	0.192192192192	0.171171171171	0.21021021021	0.162162162162	0.0	0.159159159159	0.174174174174	0.165165165165	0.174174174174	0.231231231231	0.168168168168	0.174174174174	0.153153153153	0.156156156156	0.171171171171	0.171171171171
MH0412.snv.bam	0.105105105105	0.102102102102	0.204204204204	0.183183183183	0.204204204204	0.213213213213	0.0900900900901	0.0960960960961	0.105105105105	0.168168168168	0.0960960960961	0.276276276276	0.225225225225	0.204204204204	0.246246246246	0.0810810810811	0.0630630630631	0.0930930930931	0.195195195195	0.219219219219	0.219219219219	0.159159159159	0.0	0.105105105105	0.108108108108	0.114114114114	0.231231231231	0.0900900900901	0.222222222222	0.195195195195	0.0720720720721	0.0690690690691	0.0690690690691
MH0447.snv.bam	0.0870870870871	0.0870870870871	0.225225225225	0.204204204204	0.225225225225	0.228228228228	0.12012012012	0.102102102102	0.132132132132	0.177177177177	0.114114114114	0.27027027027	0.243243243243	0.219219219219	0.252252252252	0.129129129129	0.102102102102	0.126126126126	0.201201201201	0.234234234234	0.246246246246	0.174174174174	0.105105105105	0.0	0.0540540540541	0.114114114114	0.237237237237	0.0990990990991	0.234234234234	0.207207207207	0.111111111111	0.117117117117	0.117117117117
MH0451.snv.bam	0.0720720720721	0.0720720720721	0.207207207207	0.186186186186	0.207207207207	0.21021021021	0.123123123123	0.0990990990991	0.111111111111	0.177177177177	0.0930930930931	0.267267267267	0.246246246246	0.216216216216	0.249249249249	0.0960960960961	0.105105105105	0.132132132132	0.198198198198	0.222222222222	0.24024024024	0.165165165165	0.108108108108	0.0540540540541	0.0	0.0990990990991	0.249249249249	0.0960960960961	0.237237237237	0.201201201201	0.0900900900901	0.0840840840841	0.0840840840841
MH0453.snv.bam	0.0870870870871	0.0780780780781	0.198198198198	0.177177177177	0.198198198198	0.21021021021	0.0990990990991	0.108108108108	0.105105105105	0.177177177177	0.0960960960961	0.258258258258	0.24024024024	0.207207207207	0.249249249249	0.0930930930931	0.108108108108	0.114114114114	0.192192192192	0.207207207207	0.243243243243	0.174174174174	0.114114114114	0.114114114114	0.0990990990991	0.0	0.234234234234	0.105105105105	0.231231231231	0.189189189189	0.0930930930931	0.0930930930931	0.0930930930931
MMRS34569532ST-27-0-0.snv.bam	0.246246246246	0.234234234234	0.18018018018	0.162162162162	0.18018018018	0.153153153153	0.219219219219	0.24024024024	0.24024024024	0.156156156156	0.243243243243	0.258258258258	0.138138138138	0.144144144144	0.141141141141	0.252252252252	0.237237237237	0.237237237237	0.204204204204	0.198198198198	0.201201201201	0.231231231231	0.231231231231	0.237237237237	0.249249249249	0.234234234234	0.0	0.237237237237	0.174174174174	0.165165165165	0.243243243243	0.252252252252	0.252252252252
MMRS57276462ST-27-0-0.snv.bam	0.0690690690691	0.0690690690691	0.204204204204	0.186186186186	0.204204204204	0.204204204204	0.0960960960961	0.102102102102	0.117117117117	0.159159159159	0.102102102102	0.273273273273	0.228228228228	0.207207207207	0.249249249249	0.0840840840841	0.0990990990991	0.132132132132	0.18018018018	0.228228228228	0.228228228228	0.168168168168	0.0900900900901	0.0990990990991	0.0960960960961	0.105105105105	0.237237237237	0.0	0.222222222222	0.186186186186	0.0810810810811	0.0960960960961	0.0960960960961
MMRS94549160ST-27-0-0.snv.bam	0.237237237237	0.225225225225	0.201201201201	0.189189189189	0.201201201201	0.162162162162	0.201201201201	0.225225225225	0.231231231231	0.153153153153	0.216216216216	0.252252252252	0.198198198198	0.177177177177	0.198198198198	0.237237237237	0.24024024024	0.237237237237	0.174174174174	0.201201201201	0.156156156156	0.174174174174	0.222222222222	0.234234234234	0.237237237237	0.231231231231	0.174174174174	0.222222222222	0.0	0.159159159159	0.222222222222	0.243243243243	0.243243243243
MMRS95277876ST-27-0-0.snv.bam	0.201201201201	0.186186186186	0.171171171171	0.153153153153	0.171171171171	0.135135135135	0.177177177177	0.21021021021	0.204204204204	0.117117117117	0.192192192192	0.234234234234	0.156156156156	0.138138138138	0.165165165165	0.204204204204	0.207207207207	0.198198198198	0.171171171171	0.177177177177	0.144144144144	0.153153153153	0.195195195195	0.207207207207	0.201201201201	0.189189189189	0.165165165165	0.186186186186	0.159159159159	0.0	0.192192192192	0.198198198198	0.198198198198
MMRS95479054ST-27-0-0.snv.bam	0.0780780780781	0.0750750750751	0.195195195195	0.174174174174	0.195195195195	0.21021021021	0.0750750750751	0.0810810810811	0.0930930930931	0.174174174174	0.0840840840841	0.276276276276	0.237237237237	0.207207207207	0.249249249249	0.0630630630631	0.0780780780781	0.126126126126	0.183183183183	0.231231231231	0.222222222222	0.156156156156	0.0720720720721	0.111111111111	0.0900900900901	0.0930930930931	0.243243243243	0.0810810810811	0.222222222222	0.192192192192	0.0	0.0570570570571	0.0570570570571
O2.UC28-0.snv.bam	0.0840840840841	0.0810810810811	0.21021021021	0.186186186186	0.21021021021	0.219219219219	0.0840840840841	0.0660660660661	0.0900900900901	0.177177177177	0.0750750750751	0.279279279279	0.234234234234	0.21021021021	0.261261261261	0.042042042042	0.0630630630631	0.0930930930931	0.204204204204	0.231231231231	0.237237237237	0.171171171171	0.0690690690691	0.117117117117	0.0840840840841	0.0930930930931	0.252252252252	0.0960960960961	0.243243243243	0.198198198198	0.0570570570571	0.0	0.0
O2.UC28-2.snv.bam	0.0840840840841	0.0810810810811	0.21021021021	0.186186186186	0.21021021021	0.219219219219	0.0840840840841	0.0660660660661	0.0900900900901	0.177177177177	0.0750750750751	0.279279279279	0.234234234234	0.21021021021	0.261261261261	0.042042042042	0.0630630630631	0.0930930930931	0.204204204204	0.231231231231	0.237237237237	0.171171171171	0.0690690690691	0.117117117117	0.0840840840841	0.0930930930931	0.252252252252	0.0960960960961	0.243243243243	0.198198198198	0.0570570570571	0.0	0.0
