	158499257-stool1.snv.bam	158499257-stool2.snv.bam	158742018-stool1.snv.bam	159207311-stool1.snv.bam	159207311-stool2.snv.bam	763901136-stool2.snv.bam	765701615-stool1.snv.bam	CCIS20795251ST-4-0.snv.bam	CCIS27304052ST-3-0.snv.bam	CCIS71578391ST-4-0.snv.bam	CCIS90443472ST-4-0.snv.bam	CCIS98832363ST-4-0.snv.bam	MH0197.snv.bam	MH0206.snv.bam	MH0217.snv.bam	MH0336.snv.bam	MH0366.snv.bam	MH0407.snv.bam	MH0422.snv.bam	MMRS39582183ST-27-0-0.snv.bam	MMRS88581325ST-27-0-0.snv.bam	MMRS94549160ST-27-0-0.snv.bam	N020A.snv.bam	O2.UC29-1.snv.bam	O2.UC40-1.snv.bam	O2.UC47-1.snv.bam	SAMEA3136676.snv.bam	SAMEA3136726.snv.bam	SAMEA3136756.snv.bam	SAMEA3136760.snv.bam	T2D-15A.snv.bam	T2D-59A.snv.bam	V1.CD34-0.snv.bam
158499257-stool1.snv.bam	0.0	0.0	0.208333333333	0.244047619048	0.244047619048	0.253968253968	0.25	0.198412698413	0.14880952381	0.214285714286	0.198412698413	0.236111111111	0.18253968254	0.21626984127	0.222222222222	0.202380952381	0.248015873016	0.198412698413	0.19246031746	0.202380952381	0.244047619048	0.176587301587	0.236111111111	0.210317460317	0.180555555556	0.240079365079	0.190476190476	0.188492063492	0.190476190476	0.162698412698	0.190476190476	0.238095238095	0.194444444444
158499257-stool2.snv.bam	0.0	0.0	0.202380952381	0.232142857143	0.232142857143	0.246031746032	0.236111111111	0.186507936508	0.140873015873	0.202380952381	0.180555555556	0.222222222222	0.166666666667	0.208333333333	0.212301587302	0.19246031746	0.236111111111	0.188492063492	0.176587301587	0.196428571429	0.22619047619	0.172619047619	0.230158730159	0.196428571429	0.172619047619	0.230158730159	0.176587301587	0.178571428571	0.180555555556	0.154761904762	0.176587301587	0.22619047619	0.184523809524
158742018-stool1.snv.bam	0.208333333333	0.202380952381	0.0	0.246031746032	0.246031746032	0.18253968254	0.238095238095	0.15873015873	0.130952380952	0.14880952381	0.168650793651	0.194444444444	0.19246031746	0.208333333333	0.186507936508	0.178571428571	0.214285714286	0.174603174603	0.198412698413	0.178571428571	0.251984126984	0.170634920635	0.232142857143	0.184523809524	0.196428571429	0.242063492063	0.206349206349	0.176587301587	0.196428571429	0.208333333333	0.204365079365	0.238095238095	0.174603174603
159207311-stool1.snv.bam	0.244047619048	0.232142857143	0.246031746032	0.0	0.0	0.253968253968	0.0793650793651	0.248015873016	0.174603174603	0.246031746032	0.253968253968	0.236111111111	0.263888888889	0.246031746032	0.265873015873	0.27380952381	0.248015873016	0.222222222222	0.261904761905	0.228174603175	0.267857142857	0.222222222222	0.031746031746	0.242063492063	0.244047619048	0.242063492063	0.242063492063	0.253968253968	0.25	0.242063492063	0.166666666667	0.00396825396825	0.22619047619
159207311-stool2.snv.bam	0.244047619048	0.232142857143	0.246031746032	0.0	0.0	0.253968253968	0.0793650793651	0.248015873016	0.174603174603	0.246031746032	0.253968253968	0.236111111111	0.263888888889	0.246031746032	0.265873015873	0.27380952381	0.248015873016	0.222222222222	0.261904761905	0.228174603175	0.267857142857	0.222222222222	0.031746031746	0.242063492063	0.244047619048	0.242063492063	0.242063492063	0.253968253968	0.25	0.242063492063	0.166666666667	0.00396825396825	0.22619047619
763901136-stool2.snv.bam	0.253968253968	0.246031746032	0.18253968254	0.253968253968	0.253968253968	0.0	0.236111111111	0.236111111111	0.164682539683	0.248015873016	0.236111111111	0.222222222222	0.236111111111	0.246031746032	0.251984126984	0.244047619048	0.253968253968	0.220238095238	0.253968253968	0.204365079365	0.287698412698	0.206349206349	0.238095238095	0.255952380952	0.230158730159	0.21626984127	0.255952380952	0.228174603175	0.234126984127	0.236111111111	0.224206349206	0.244047619048	0.218253968254
765701615-stool1.snv.bam	0.25	0.236111111111	0.238095238095	0.0793650793651	0.0793650793651	0.236111111111	0.0	0.248015873016	0.162698412698	0.246031746032	0.263888888889	0.238095238095	0.255952380952	0.246031746032	0.271825396825	0.275793650794	0.251984126984	0.21626984127	0.259920634921	0.222222222222	0.267857142857	0.224206349206	0.0833333333333	0.242063492063	0.246031746032	0.269841269841	0.240079365079	0.263888888889	0.25	0.246031746032	0.19246031746	0.0714285714286	0.22619047619
CCIS20795251ST-4-0.snv.bam	0.198412698413	0.186507936508	0.15873015873	0.248015873016	0.248015873016	0.236111111111	0.248015873016	0.0	0.123015873016	0.0277777777778	0.119047619048	0.164682539683	0.168650793651	0.164682539683	0.0634920634921	0.188492063492	0.208333333333	0.186507936508	0.174603174603	0.188492063492	0.255952380952	0.14880952381	0.240079365079	0.136904761905	0.172619047619	0.21626984127	0.146825396825	0.184523809524	0.140873015873	0.178571428571	0.194444444444	0.240079365079	0.132936507937
CCIS27304052ST-3-0.snv.bam	0.14880952381	0.140873015873	0.130952380952	0.174603174603	0.174603174603	0.164682539683	0.162698412698	0.123015873016	0.0	0.128968253968	0.117063492063	0.119047619048	0.128968253968	0.111111111111	0.138888888889	0.142857142857	0.130952380952	0.125	0.132936507937	0.119047619048	0.178571428571	0.0892857142857	0.160714285714	0.128968253968	0.0456349206349	0.152777777778	0.0972222222222	0.125	0.111111111111	0.0714285714286	0.134920634921	0.162698412698	0.0753968253968
CCIS71578391ST-4-0.snv.bam	0.214285714286	0.202380952381	0.14880952381	0.246031746032	0.246031746032	0.248015873016	0.246031746032	0.0277777777778	0.128968253968	0.0	0.138888888889	0.168650793651	0.174603174603	0.172619047619	0.0714285714286	0.180555555556	0.204365079365	0.176587301587	0.178571428571	0.188492063492	0.246031746032	0.172619047619	0.236111111111	0.144841269841	0.188492063492	0.224206349206	0.154761904762	0.18253968254	0.164682539683	0.194444444444	0.198412698413	0.238095238095	0.142857142857
CCIS90443472ST-4-0.snv.bam	0.198412698413	0.180555555556	0.168650793651	0.253968253968	0.253968253968	0.236111111111	0.263888888889	0.119047619048	0.117063492063	0.138888888889	0.0	0.176587301587	0.168650793651	0.180555555556	0.138888888889	0.220238095238	0.196428571429	0.200396825397	0.202380952381	0.174603174603	0.238095238095	0.125	0.240079365079	0.156746031746	0.168650793651	0.230158730159	0.152777777778	0.204365079365	0.168650793651	0.178571428571	0.186507936508	0.25	0.136904761905
CCIS98832363ST-4-0.snv.bam	0.236111111111	0.222222222222	0.194444444444	0.236111111111	0.236111111111	0.222222222222	0.238095238095	0.164682539683	0.119047619048	0.168650793651	0.176587301587	0.0	0.186507936508	0.150793650794	0.19246031746	0.210317460317	0.130952380952	0.154761904762	0.190476190476	0.160714285714	0.267857142857	0.152777777778	0.228174603175	0.121031746032	0.14880952381	0.240079365079	0.172619047619	0.170634920635	0.164682539683	0.196428571429	0.196428571429	0.22619047619	0.0873015873016
MH0197.snv.bam	0.18253968254	0.166666666667	0.19246031746	0.263888888889	0.263888888889	0.236111111111	0.255952380952	0.168650793651	0.128968253968	0.174603174603	0.168650793651	0.186507936508	0.0	0.174603174603	0.188492063492	0.188492063492	0.214285714286	0.164682539683	0.0873015873016	0.196428571429	0.244047619048	0.178571428571	0.255952380952	0.18253968254	0.162698412698	0.230158730159	0.170634920635	0.162698412698	0.18253968254	0.170634920635	0.150793650794	0.255952380952	0.162698412698
MH0206.snv.bam	0.21626984127	0.208333333333	0.208333333333	0.246031746032	0.246031746032	0.246031746032	0.246031746032	0.164682539683	0.111111111111	0.172619047619	0.180555555556	0.150793650794	0.174603174603	0.0	0.160714285714	0.198412698413	0.152777777778	0.19246031746	0.200396825397	0.172619047619	0.248015873016	0.154761904762	0.236111111111	0.0952380952381	0.168650793651	0.228174603175	0.142857142857	0.170634920635	0.164682539683	0.156746031746	0.214285714286	0.236111111111	0.111111111111
MH0217.snv.bam	0.222222222222	0.212301587302	0.186507936508	0.265873015873	0.265873015873	0.251984126984	0.271825396825	0.0634920634921	0.138888888889	0.0714285714286	0.138888888889	0.19246031746	0.188492063492	0.160714285714	0.0	0.200396825397	0.224206349206	0.18253968254	0.190476190476	0.204365079365	0.259920634921	0.18253968254	0.253968253968	0.156746031746	0.196428571429	0.242063492063	0.152777777778	0.202380952381	0.180555555556	0.206349206349	0.206349206349	0.255952380952	0.14880952381
MH0336.snv.bam	0.202380952381	0.19246031746	0.178571428571	0.27380952381	0.27380952381	0.244047619048	0.275793650794	0.188492063492	0.142857142857	0.180555555556	0.220238095238	0.210317460317	0.188492063492	0.198412698413	0.200396825397	0.0	0.222222222222	0.144841269841	0.200396825397	0.200396825397	0.253968253968	0.166666666667	0.25	0.164682539683	0.198412698413	0.222222222222	0.184523809524	0.126984126984	0.166666666667	0.198412698413	0.19246031746	0.267857142857	0.15873015873
MH0366.snv.bam	0.248015873016	0.236111111111	0.214285714286	0.248015873016	0.248015873016	0.253968253968	0.251984126984	0.208333333333	0.130952380952	0.204365079365	0.196428571429	0.130952380952	0.214285714286	0.152777777778	0.224206349206	0.222222222222	0.0	0.188492063492	0.21626984127	0.178571428571	0.275793650794	0.164682539683	0.240079365079	0.144841269841	0.174603174603	0.230158730159	0.166666666667	0.184523809524	0.164682539683	0.204365079365	0.220238095238	0.240079365079	0.14880952381
MH0407.snv.bam	0.198412698413	0.188492063492	0.174603174603	0.222222222222	0.222222222222	0.220238095238	0.21626984127	0.186507936508	0.125	0.176587301587	0.200396825397	0.154761904762	0.164682539683	0.19246031746	0.18253968254	0.144841269841	0.188492063492	0.0	0.174603174603	0.142857142857	0.234126984127	0.154761904762	0.202380952381	0.154761904762	0.176587301587	0.232142857143	0.156746031746	0.154761904762	0.190476190476	0.202380952381	0.188492063492	0.212301587302	0.144841269841
MH0422.snv.bam	0.19246031746	0.176587301587	0.198412698413	0.261904761905	0.261904761905	0.253968253968	0.259920634921	0.174603174603	0.132936507937	0.178571428571	0.202380952381	0.190476190476	0.0873015873016	0.200396825397	0.190476190476	0.200396825397	0.21626984127	0.174603174603	0.0	0.204365079365	0.265873015873	0.184523809524	0.251984126984	0.194444444444	0.166666666667	0.236111111111	0.184523809524	0.202380952381	0.170634920635	0.164682539683	0.15873015873	0.253968253968	0.166666666667
MMRS39582183ST-27-0-0.snv.bam	0.202380952381	0.196428571429	0.178571428571	0.228174603175	0.228174603175	0.204365079365	0.222222222222	0.188492063492	0.119047619048	0.188492063492	0.174603174603	0.160714285714	0.196428571429	0.172619047619	0.204365079365	0.200396825397	0.178571428571	0.142857142857	0.204365079365	0.0	0.220238095238	0.152777777778	0.212301587302	0.174603174603	0.170634920635	0.218253968254	0.174603174603	0.178571428571	0.170634920635	0.208333333333	0.198412698413	0.218253968254	0.128968253968
MMRS88581325ST-27-0-0.snv.bam	0.244047619048	0.22619047619	0.251984126984	0.267857142857	0.267857142857	0.287698412698	0.267857142857	0.255952380952	0.178571428571	0.246031746032	0.238095238095	0.267857142857	0.244047619048	0.248015873016	0.259920634921	0.253968253968	0.275793650794	0.234126984127	0.265873015873	0.220238095238	0.0	0.190476190476	0.255952380952	0.253968253968	0.238095238095	0.299603174603	0.238095238095	0.248015873016	0.257936507937	0.246031746032	0.244047619048	0.257936507937	0.214285714286
MMRS94549160ST-27-0-0.snv.bam	0.176587301587	0.172619047619	0.170634920635	0.222222222222	0.222222222222	0.206349206349	0.224206349206	0.14880952381	0.0892857142857	0.172619047619	0.125	0.152777777778	0.178571428571	0.154761904762	0.18253968254	0.166666666667	0.164682539683	0.154761904762	0.184523809524	0.152777777778	0.190476190476	0.0	0.212301587302	0.136904761905	0.121031746032	0.230158730159	0.144841269841	0.156746031746	0.144841269841	0.123015873016	0.18253968254	0.21626984127	0.117063492063
N020A.snv.bam	0.236111111111	0.230158730159	0.232142857143	0.031746031746	0.031746031746	0.238095238095	0.0833333333333	0.240079365079	0.160714285714	0.236111111111	0.240079365079	0.228174603175	0.255952380952	0.236111111111	0.253968253968	0.25	0.240079365079	0.202380952381	0.251984126984	0.212301587302	0.255952380952	0.212301587302	0.0	0.22619047619	0.228174603175	0.224206349206	0.22619047619	0.238095238095	0.240079365079	0.238095238095	0.18253968254	0.0277777777778	0.208333333333
O2.UC29-1.snv.bam	0.210317460317	0.196428571429	0.184523809524	0.242063492063	0.242063492063	0.255952380952	0.242063492063	0.136904761905	0.128968253968	0.144841269841	0.156746031746	0.121031746032	0.18253968254	0.0952380952381	0.156746031746	0.164682539683	0.144841269841	0.154761904762	0.194444444444	0.174603174603	0.253968253968	0.136904761905	0.22619047619	0.0	0.172619047619	0.25	0.144841269841	0.160714285714	0.166666666667	0.186507936508	0.208333333333	0.232142857143	0.0952380952381
O2.UC40-1.snv.bam	0.180555555556	0.172619047619	0.196428571429	0.244047619048	0.244047619048	0.230158730159	0.246031746032	0.172619047619	0.0456349206349	0.188492063492	0.168650793651	0.14880952381	0.162698412698	0.168650793651	0.196428571429	0.198412698413	0.174603174603	0.176587301587	0.166666666667	0.170634920635	0.238095238095	0.121031746032	0.228174603175	0.172619047619	0.0	0.220238095238	0.128968253968	0.152777777778	0.152777777778	0.0595238095238	0.168650793651	0.236111111111	0.0992063492063
O2.UC47-1.snv.bam	0.240079365079	0.230158730159	0.242063492063	0.242063492063	0.242063492063	0.21626984127	0.269841269841	0.21626984127	0.152777777778	0.224206349206	0.230158730159	0.240079365079	0.230158730159	0.228174603175	0.242063492063	0.222222222222	0.230158730159	0.232142857143	0.236111111111	0.218253968254	0.299603174603	0.230158730159	0.224206349206	0.25	0.220238095238	0.0	0.178571428571	0.218253968254	0.142857142857	0.240079365079	0.244047619048	0.234126984127	0.206349206349
SAMEA3136676.snv.bam	0.190476190476	0.176587301587	0.206349206349	0.242063492063	0.242063492063	0.255952380952	0.240079365079	0.146825396825	0.0972222222222	0.154761904762	0.152777777778	0.172619047619	0.170634920635	0.142857142857	0.152777777778	0.184523809524	0.166666666667	0.156746031746	0.184523809524	0.174603174603	0.238095238095	0.144841269841	0.22619047619	0.144841269841	0.128968253968	0.178571428571	0.0	0.170634920635	0.140873015873	0.150793650794	0.198412698413	0.232142857143	0.109126984127
SAMEA3136726.snv.bam	0.188492063492	0.178571428571	0.176587301587	0.253968253968	0.253968253968	0.228174603175	0.263888888889	0.184523809524	0.125	0.18253968254	0.204365079365	0.170634920635	0.162698412698	0.170634920635	0.202380952381	0.126984126984	0.184523809524	0.154761904762	0.202380952381	0.178571428571	0.248015873016	0.156746031746	0.238095238095	0.160714285714	0.152777777778	0.218253968254	0.170634920635	0.0	0.176587301587	0.166666666667	0.204365079365	0.246031746032	0.144841269841
SAMEA3136756.snv.bam	0.190476190476	0.180555555556	0.196428571429	0.25	0.25	0.234126984127	0.25	0.140873015873	0.111111111111	0.164682539683	0.168650793651	0.164682539683	0.18253968254	0.164682539683	0.180555555556	0.166666666667	0.164682539683	0.190476190476	0.170634920635	0.170634920635	0.257936507937	0.144841269841	0.240079365079	0.166666666667	0.152777777778	0.142857142857	0.140873015873	0.176587301587	0.0	0.170634920635	0.178571428571	0.242063492063	0.123015873016
SAMEA3136760.snv.bam	0.162698412698	0.154761904762	0.208333333333	0.242063492063	0.242063492063	0.236111111111	0.246031746032	0.178571428571	0.0714285714286	0.194444444444	0.178571428571	0.196428571429	0.170634920635	0.156746031746	0.206349206349	0.198412698413	0.204365079365	0.202380952381	0.164682539683	0.208333333333	0.246031746032	0.123015873016	0.238095238095	0.186507936508	0.0595238095238	0.240079365079	0.150793650794	0.166666666667	0.170634920635	0.0	0.176587301587	0.240079365079	0.138888888889
T2D-15A.snv.bam	0.190476190476	0.176587301587	0.204365079365	0.166666666667	0.166666666667	0.224206349206	0.19246031746	0.194444444444	0.134920634921	0.198412698413	0.186507936508	0.196428571429	0.150793650794	0.214285714286	0.206349206349	0.19246031746	0.220238095238	0.188492063492	0.15873015873	0.198412698413	0.244047619048	0.18253968254	0.18253968254	0.208333333333	0.168650793651	0.244047619048	0.198412698413	0.204365079365	0.178571428571	0.176587301587	0.0	0.166666666667	0.176587301587
T2D-59A.snv.bam	0.238095238095	0.22619047619	0.238095238095	0.00396825396825	0.00396825396825	0.244047619048	0.0714285714286	0.240079365079	0.162698412698	0.238095238095	0.25	0.22619047619	0.255952380952	0.236111111111	0.255952380952	0.267857142857	0.240079365079	0.212301587302	0.253968253968	0.218253968254	0.257936507937	0.21626984127	0.0277777777778	0.232142857143	0.236111111111	0.234126984127	0.232142857143	0.246031746032	0.242063492063	0.240079365079	0.166666666667	0.0	0.21626984127
V1.CD34-0.snv.bam	0.194444444444	0.184523809524	0.174603174603	0.22619047619	0.22619047619	0.218253968254	0.22619047619	0.132936507937	0.0753968253968	0.142857142857	0.136904761905	0.0873015873016	0.162698412698	0.111111111111	0.14880952381	0.15873015873	0.14880952381	0.144841269841	0.166666666667	0.128968253968	0.214285714286	0.117063492063	0.208333333333	0.0952380952381	0.0992063492063	0.206349206349	0.109126984127	0.144841269841	0.123015873016	0.138888888889	0.176587301587	0.21626984127	0.0
