	CCIS00146684ST-4-0.snv.bam	CCIS03857607ST-4-0.snv.bam	CCIS11019776ST-4-0.snv.bam	CCIS25399172ST-4-0.snv.bam	CCIS28384594ST-4-0.snv.bam	CCMD64776337ST-21-0.snv.bam	MH0206.snv.bam	MH0238.snv.bam	MH0286.snv.bam	MH0309.snv.bam	MH0372.snv.bam	MH0391.snv.bam	MH0413.snv.bam	MH0431.snv.bam	MH0440.snv.bam	MH0446.snv.bam	NG-5636_193.snv.bam	O2.UC29-1.snv.bam	SAMEA3136658.snv.bam	SAMEA3136675.snv.bam	SAMEA3136699.snv.bam	SAMEA3136754.snv.bam	T2D-106A.snv.bam	T2D-108A.snv.bam	V1.FI09.snv.bam	V1.UC52-1.snv.bam
CCIS00146684ST-4-0.snv.bam	0.0	0.132762312634	0.147751605996	0.143468950749	0.113490364026	0.134903640257	0.130620985011	0.124197002141	0.124197002141	0.109207708779	0.126338329764	0.113490364026	0.154175588865	0.0	0.00214132762313	0.134903640257	0.134903640257	0.132762312634	0.00214132762313	0.149892933619	0.167023554604	0.0	0.115631691649	0.13704496788	0.10278372591	0.130620985011
CCIS03857607ST-4-0.snv.bam	0.132762312634	0.0	0.152034261242	0.149892933619	0.130620985011	0.0920770877944	0.126338329764	0.104925053533	0.0985010706638	0.126338329764	0.130620985011	0.0792291220557	0.119914346895	0.119914346895	0.122055674518	0.134903640257	0.132762312634	0.117773019272	0.134903640257	0.124197002141	0.128479657388	0.130620985011	0.107066381156	0.134903640257	0.115631691649	0.119914346895
CCIS11019776ST-4-0.snv.bam	0.147751605996	0.152034261242	0.0	0.00214132762313	0.126338329764	0.149892933619	0.141327623126	0.139186295503	0.141327623126	0.156316916488	0.147751605996	0.124197002141	0.0428265524625	0.145610278373	0.145610278373	0.158458244111	0.152034261242	0.149892933619	0.149892933619	0.160599571734	0.169164882227	0.145610278373	0.141327623126	0.156316916488	0.117773019272	0.149892933619
CCIS25399172ST-4-0.snv.bam	0.143468950749	0.149892933619	0.00214132762313	0.0	0.122055674518	0.145610278373	0.13704496788	0.134903640257	0.13704496788	0.154175588865	0.143468950749	0.122055674518	0.0406852248394	0.141327623126	0.141327623126	0.154175588865	0.147751605996	0.145610278373	0.145610278373	0.156316916488	0.167023554604	0.141327623126	0.13704496788	0.152034261242	0.113490364026	0.145610278373
CCIS28384594ST-4-0.snv.bam	0.113490364026	0.130620985011	0.126338329764	0.122055674518	0.0	0.115631691649	0.0920770877944	0.0813704496788	0.0792291220557	0.128479657388	0.113490364026	0.104925053533	0.124197002141	0.100642398287	0.104925053533	0.128479657388	0.124197002141	0.122055674518	0.113490364026	0.117773019272	0.139186295503	0.109207708779	0.107066381156	0.119914346895	0.0728051391863	0.117773019272
CCMD64776337ST-21-0.snv.bam	0.134903640257	0.0920770877944	0.149892933619	0.145610278373	0.115631691649	0.0	0.124197002141	0.0942184154176	0.0963597430407	0.141327623126	0.132762312634	0.06852248394	0.126338329764	0.126338329764	0.126338329764	0.130620985011	0.134903640257	0.126338329764	0.13704496788	0.134903640257	0.154175588865	0.132762312634	0.115631691649	0.130620985011	0.100642398287	0.119914346895
MH0206.snv.bam	0.130620985011	0.126338329764	0.141327623126	0.13704496788	0.0920770877944	0.124197002141	0.0	0.0535331905782	0.0535331905782	0.132762312634	0.128479657388	0.0920770877944	0.111349036403	0.119914346895	0.122055674518	0.143468950749	0.134903640257	0.126338329764	0.130620985011	0.130620985011	0.145610278373	0.128479657388	0.117773019272	0.122055674518	0.0942184154176	0.119914346895
MH0238.snv.bam	0.124197002141	0.104925053533	0.139186295503	0.134903640257	0.0813704496788	0.0942184154176	0.0535331905782	0.0	0.0321199143469	0.132762312634	0.122055674518	0.0749464668094	0.115631691649	0.113490364026	0.115631691649	0.122055674518	0.128479657388	0.119914346895	0.124197002141	0.128479657388	0.132762312634	0.122055674518	0.10278372591	0.124197002141	0.0899357601713	0.113490364026
MH0286.snv.bam	0.124197002141	0.0985010706638	0.141327623126	0.13704496788	0.0792291220557	0.0963597430407	0.0535331905782	0.0321199143469	0.0	0.130620985011	0.124197002141	0.0728051391863	0.117773019272	0.113490364026	0.115631691649	0.124197002141	0.130620985011	0.122055674518	0.124197002141	0.100642398287	0.134903640257	0.122055674518	0.10278372591	0.126338329764	0.0835117773019	0.115631691649
MH0309.snv.bam	0.109207708779	0.126338329764	0.156316916488	0.154175588865	0.128479657388	0.141327623126	0.132762312634	0.132762312634	0.130620985011	0.0	0.145610278373	0.113490364026	0.152034261242	0.10278372591	0.10278372591	0.149892933619	0.152034261242	0.143468950749	0.109207708779	0.145610278373	0.154175588865	0.107066381156	0.134903640257	0.126338329764	0.0856531049251	0.145610278373
MH0372.snv.bam	0.126338329764	0.130620985011	0.147751605996	0.143468950749	0.113490364026	0.132762312634	0.128479657388	0.122055674518	0.124197002141	0.145610278373	0.0	0.119914346895	0.147751605996	0.115631691649	0.117773019272	0.0792291220557	0.0192719486081	0.017130620985	0.128479657388	0.13704496788	0.124197002141	0.124197002141	0.0749464668094	0.107066381156	0.109207708779	0.0149892933619
MH0391.snv.bam	0.113490364026	0.0792291220557	0.124197002141	0.122055674518	0.104925053533	0.06852248394	0.0920770877944	0.0749464668094	0.0728051391863	0.113490364026	0.119914346895	0.0	0.0985010706638	0.104925053533	0.107066381156	0.113490364026	0.122055674518	0.113490364026	0.115631691649	0.124197002141	0.139186295503	0.111349036403	0.0963597430407	0.113490364026	0.0813704496788	0.107066381156
MH0413.snv.bam	0.154175588865	0.119914346895	0.0428265524625	0.0406852248394	0.124197002141	0.126338329764	0.111349036403	0.115631691649	0.117773019272	0.152034261242	0.147751605996	0.0985010706638	0.0	0.147751605996	0.145610278373	0.143468950749	0.149892933619	0.132762312634	0.156316916488	0.156316916488	0.162740899358	0.152034261242	0.117773019272	0.147751605996	0.117773019272	0.134903640257
MH0431.snv.bam	0.0	0.119914346895	0.145610278373	0.141327623126	0.100642398287	0.126338329764	0.119914346895	0.113490364026	0.113490364026	0.10278372591	0.115631691649	0.104925053533	0.147751605996	0.0	0.0	0.126338329764	0.124197002141	0.122055674518	0.00214132762313	0.139186295503	0.154175588865	0.0	0.107066381156	0.128479657388	0.0985010706638	0.119914346895
MH0440.snv.bam	0.00214132762313	0.122055674518	0.145610278373	0.141327623126	0.104925053533	0.126338329764	0.122055674518	0.115631691649	0.115631691649	0.10278372591	0.117773019272	0.107066381156	0.145610278373	0.0	0.0	0.126338329764	0.126338329764	0.124197002141	0.00428265524625	0.141327623126	0.158458244111	0.00214132762313	0.104925053533	0.128479657388	0.0942184154176	0.122055674518
MH0446.snv.bam	0.134903640257	0.134903640257	0.158458244111	0.154175588865	0.128479657388	0.130620985011	0.143468950749	0.122055674518	0.124197002141	0.149892933619	0.0792291220557	0.113490364026	0.143468950749	0.126338329764	0.126338329764	0.0	0.0835117773019	0.0835117773019	0.13704496788	0.134903640257	0.128479657388	0.132762312634	0.0813704496788	0.119914346895	0.111349036403	0.0792291220557
NG-5636_193.snv.bam	0.134903640257	0.132762312634	0.152034261242	0.147751605996	0.124197002141	0.134903640257	0.134903640257	0.128479657388	0.130620985011	0.152034261242	0.0192719486081	0.122055674518	0.149892933619	0.124197002141	0.126338329764	0.0835117773019	0.0	0.017130620985	0.132762312634	0.13704496788	0.119914346895	0.132762312634	0.0835117773019	0.104925053533	0.117773019272	0.017130620985
O2.UC29-1.snv.bam	0.132762312634	0.117773019272	0.149892933619	0.145610278373	0.122055674518	0.126338329764	0.126338329764	0.119914346895	0.122055674518	0.143468950749	0.017130620985	0.113490364026	0.132762312634	0.122055674518	0.124197002141	0.0835117773019	0.017130620985	0.0	0.134903640257	0.139186295503	0.122055674518	0.130620985011	0.0749464668094	0.107066381156	0.111349036403	0.0
SAMEA3136658.snv.bam	0.00214132762313	0.134903640257	0.149892933619	0.145610278373	0.113490364026	0.13704496788	0.130620985011	0.124197002141	0.124197002141	0.109207708779	0.128479657388	0.115631691649	0.156316916488	0.00214132762313	0.00428265524625	0.13704496788	0.132762312634	0.134903640257	0.0	0.152034261242	0.167023554604	0.00214132762313	0.119914346895	0.139186295503	0.107066381156	0.132762312634
SAMEA3136675.snv.bam	0.149892933619	0.124197002141	0.160599571734	0.156316916488	0.117773019272	0.134903640257	0.130620985011	0.128479657388	0.100642398287	0.145610278373	0.13704496788	0.124197002141	0.156316916488	0.139186295503	0.141327623126	0.134903640257	0.13704496788	0.139186295503	0.152034261242	0.0	0.115631691649	0.147751605996	0.124197002141	0.128479657388	0.100642398287	0.130620985011
SAMEA3136699.snv.bam	0.167023554604	0.128479657388	0.169164882227	0.167023554604	0.139186295503	0.154175588865	0.145610278373	0.132762312634	0.134903640257	0.154175588865	0.124197002141	0.139186295503	0.162740899358	0.154175588865	0.158458244111	0.128479657388	0.119914346895	0.122055674518	0.167023554604	0.115631691649	0.0	0.164882226981	0.13704496788	0.132762312634	0.128479657388	0.113490364026
SAMEA3136754.snv.bam	0.0	0.130620985011	0.145610278373	0.141327623126	0.109207708779	0.132762312634	0.128479657388	0.122055674518	0.122055674518	0.107066381156	0.124197002141	0.111349036403	0.152034261242	0.0	0.00214132762313	0.132762312634	0.132762312634	0.130620985011	0.00214132762313	0.147751605996	0.164882226981	0.0	0.115631691649	0.134903640257	0.10278372591	0.128479657388
T2D-106A.snv.bam	0.115631691649	0.107066381156	0.141327623126	0.13704496788	0.107066381156	0.115631691649	0.117773019272	0.10278372591	0.10278372591	0.134903640257	0.0749464668094	0.0963597430407	0.117773019272	0.107066381156	0.104925053533	0.0813704496788	0.0835117773019	0.0749464668094	0.119914346895	0.124197002141	0.13704496788	0.115631691649	0.0	0.107066381156	0.0942184154176	0.0706638115632
T2D-108A.snv.bam	0.13704496788	0.134903640257	0.156316916488	0.152034261242	0.119914346895	0.130620985011	0.122055674518	0.124197002141	0.126338329764	0.126338329764	0.107066381156	0.113490364026	0.147751605996	0.128479657388	0.128479657388	0.119914346895	0.104925053533	0.107066381156	0.139186295503	0.128479657388	0.132762312634	0.134903640257	0.107066381156	0.0	0.0856531049251	0.107066381156
V1.FI09.snv.bam	0.10278372591	0.115631691649	0.117773019272	0.113490364026	0.0728051391863	0.100642398287	0.0942184154176	0.0899357601713	0.0835117773019	0.0856531049251	0.109207708779	0.0813704496788	0.117773019272	0.0985010706638	0.0942184154176	0.111349036403	0.117773019272	0.111349036403	0.107066381156	0.100642398287	0.128479657388	0.10278372591	0.0942184154176	0.0856531049251	0.0	0.111349036403
V1.UC52-1.snv.bam	0.130620985011	0.119914346895	0.149892933619	0.145610278373	0.117773019272	0.119914346895	0.119914346895	0.113490364026	0.115631691649	0.145610278373	0.0149892933619	0.107066381156	0.134903640257	0.119914346895	0.122055674518	0.0792291220557	0.017130620985	0.0	0.132762312634	0.130620985011	0.113490364026	0.128479657388	0.0706638115632	0.107066381156	0.111349036403	0.0
