	160380657-stool1.snv.bam	368533040-stool1.snv.bam	737052003-stool1.snv.bam	763536994-stool2.snv.bam	763577454-stool2.snv.bam	764083206-stool1.snv.bam	764588959-stool2.snv.bam	BYQ_AAAO.snv.bam	BYQ_AAAX.snv.bam	CCIS07277498ST-4-0.snv.bam	CCIS10706551ST-3-0.snv.bam	CCIS14449628ST-4-0.snv.bam	CCIS74239020ST-4-0.snv.bam	CCIS90164298ST-4-0.snv.bam	ED50A.snv.bam	HT8A.snv.bam	M1.2-V2.metaG.snv.bam	M1.2-V3.metaG.snv.bam	MH0271.snv.bam	MH0334.snv.bam	MH0345.snv.bam	MH0346.snv.bam	MH0395.snv.bam	MH0403.snv.bam	MH0410.snv.bam	MH0416.snv.bam	MH0439.snv.bam	MH0450.snv.bam	MH0452.snv.bam	MMRS16644320ST-27-0-0.snv.bam	MMRS35808664ST-27-0-0.snv.bam	MMRS36405092ST-27-0-0.snv.bam	MMRS51410669ST-27-0-0.snv.bam	MMRS59699117ST-27-0-0.snv.bam	MMRS72802364ST-27-0-0.snv.bam	MMRS77321055ST-27-0-0.snv.bam	MMRS81130264ST-27-0-0.snv.bam	MMRS85382779ST-27-0-0.snv.bam	NLM004.snv.bam	NOM005.snv.bam	O2.UC12-1.snv.bam	O2.UC22-1.snv.bam	O2.UC53-2.snv.bam	SZEY-26A.snv.bam	SZEY-55A.snv.bam	SZEY-58A.snv.bam	SZEY-64A.snv.bam	SZEY-69A.snv.bam	T2D-112A.snv.bam	T2D-122A.snv.bam	T2D-135A.snv.bam	T2D-2A.snv.bam	T2D-45A.snv.bam	T2D-83A.snv.bam	V1.CD41-0.snv.bam	V1.CD51-0.snv.bam	V1.CD6-0-PN.snv.bam	V1.FI22.snv.bam	V1.UC35-4.snv.bam	bugkiller-11-773-0.snv.bam	tigress-11-7-0.snv.bam
160380657-stool1.snv.bam	0.0	0.096837944664	0.098814229249	0.096837944664	0.118577075099	0.122529644269	0.0830039525692	0.138339920949	0.138339920949	0.100790513834	0.0632411067194	0.132411067194	0.120553359684	0.122529644269	0.158102766798	0.177865612648	0.104743083004	0.104743083004	0.185770750988	0.0948616600791	0.179841897233	0.173913043478	0.142292490119	0.106719367589	0.108695652174	0.108695652174	0.0830039525692	0.102766798419	0.104743083004	0.098814229249	0.118577075099	0.0869565217391	0.0711462450593	0.122529644269	0.104743083004	0.100790513834	0.100790513834	0.110671936759	0.175889328063	0.164031620553	0.104743083004	0.106719367589	0.098814229249	0.169960474308	0.223320158103	0.173913043478	0.175889328063	0.205533596838	0.154150197628	0.166007905138	0.197628458498	0.175889328063	0.146245059289	0.166007905138	0.0948616600791	0.126482213439	0.116600790514	0.126482213439	0.114624505929	0.108695652174	0.112648221344
368533040-stool1.snv.bam	0.096837944664	0.0	0.118577075099	0.110671936759	0.100790513834	0.128458498024	0.114624505929	0.122529644269	0.122529644269	0.0909090909091	0.096837944664	0.122529644269	0.098814229249	0.112648221344	0.142292490119	0.152173913043	0.104743083004	0.104743083004	0.175889328063	0.0889328063241	0.167984189723	0.144268774704	0.130434782609	0.114624505929	0.0889328063241	0.098814229249	0.0889328063241	0.0830039525692	0.0790513833992	0.106719367589	0.110671936759	0.108695652174	0.100790513834	0.106719367589	0.104743083004	0.100790513834	0.112648221344	0.104743083004	0.154150197628	0.148221343874	0.0948616600791	0.0849802371542	0.0928853754941	0.154150197628	0.205533596838	0.171936758893	0.148221343874	0.185770750988	0.126482213439	0.154150197628	0.185770750988	0.164031620553	0.146245059289	0.138339920949	0.0928853754941	0.124505928854	0.0889328063241	0.110671936759	0.100790513834	0.0948616600791	0.0849802371542
737052003-stool1.snv.bam	0.098814229249	0.118577075099	0.0	0.0731225296443	0.098814229249	0.116600790514	0.0909090909091	0.132411067194	0.132411067194	0.112648221344	0.0830039525692	0.106719367589	0.118577075099	0.118577075099	0.166007905138	0.183794466403	0.118577075099	0.116600790514	0.197628458498	0.108695652174	0.195652173913	0.187747035573	0.144268774704	0.0454545454545	0.118577075099	0.110671936759	0.0691699604743	0.110671936759	0.098814229249	0.0691699604743	0.096837944664	0.0869565217391	0.0592885375494	0.096837944664	0.110671936759	0.110671936759	0.114624505929	0.0889328063241	0.181818181818	0.171936758893	0.114624505929	0.104743083004	0.102766798419	0.173913043478	0.225296442688	0.185770750988	0.171936758893	0.213438735178	0.156126482213	0.185770750988	0.205533596838	0.164031620553	0.162055335968	0.164031620553	0.106719367589	0.124505928854	0.106719367589	0.128458498024	0.118577075099	0.118577075099	0.108695652174
763536994-stool2.snv.bam	0.096837944664	0.110671936759	0.0731225296443	0.0	0.0671936758893	0.0770750988142	0.0790513833992	0.0889328063241	0.0889328063241	0.0948616600791	0.098814229249	0.0652173913043	0.104743083004	0.0849802371542	0.164031620553	0.177865612648	0.102766798419	0.102766798419	0.197628458498	0.0869565217391	0.195652173913	0.183794466403	0.144268774704	0.0830039525692	0.0869565217391	0.0849802371542	0.0513833992095	0.0830039525692	0.0889328063241	0.0632411067194	0.0849802371542	0.0869565217391	0.0810276679842	0.0830039525692	0.0770750988142	0.0750988142292	0.0750988142292	0.0790513833992	0.179841897233	0.166007905138	0.0849802371542	0.0948616600791	0.100790513834	0.171936758893	0.217391304348	0.185770750988	0.164031620553	0.209486166008	0.156126482213	0.173913043478	0.193675889328	0.171936758893	0.154150197628	0.160079051383	0.098814229249	0.114624505929	0.100790513834	0.096837944664	0.0849802371542	0.0909090909091	0.102766798419
763577454-stool2.snv.bam	0.118577075099	0.100790513834	0.098814229249	0.0671936758893	0.0	0.0928853754941	0.104743083004	0.0869565217391	0.0869565217391	0.096837944664	0.106719367589	0.0830039525692	0.096837944664	0.106719367589	0.175889328063	0.193675889328	0.104743083004	0.102766798419	0.207509881423	0.0889328063241	0.203557312253	0.199604743083	0.152173913043	0.0889328063241	0.108695652174	0.0948616600791	0.0573122529644	0.0948616600791	0.0909090909091	0.0770750988142	0.102766798419	0.0928853754941	0.0849802371542	0.0928853754941	0.102766798419	0.104743083004	0.116600790514	0.0889328063241	0.191699604743	0.183794466403	0.102766798419	0.0869565217391	0.098814229249	0.195652173913	0.239130434783	0.199604743083	0.177865612648	0.221343873518	0.173913043478	0.187747035573	0.215415019763	0.181818181818	0.173913043478	0.175889328063	0.100790513834	0.120553359684	0.096837944664	0.0849802371542	0.122529644269	0.104743083004	0.128458498024
764083206-stool1.snv.bam	0.122529644269	0.128458498024	0.116600790514	0.0770750988142	0.0928853754941	0.0	0.0928853754941	0.122529644269	0.122529644269	0.110671936759	0.134387351779	0.098814229249	0.120553359684	0.150197628458	0.185770750988	0.199604743083	0.132411067194	0.130434782609	0.207509881423	0.126482213439	0.207509881423	0.195652173913	0.169960474308	0.106719367589	0.120553359684	0.100790513834	0.0889328063241	0.100790513834	0.124505928854	0.0830039525692	0.110671936759	0.106719367589	0.106719367589	0.0830039525692	0.112648221344	0.116600790514	0.132411067194	0.098814229249	0.195652173913	0.181818181818	0.116600790514	0.118577075099	0.122529644269	0.193675889328	0.237154150198	0.197628458498	0.187747035573	0.219367588933	0.175889328063	0.185770750988	0.205533596838	0.183794466403	0.173913043478	0.181818181818	0.126482213439	0.138339920949	0.124505928854	0.152173913043	0.140316205534	0.124505928854	0.124505928854
764588959-stool2.snv.bam	0.0830039525692	0.114624505929	0.0909090909091	0.0790513833992	0.104743083004	0.0928853754941	0.0	0.140316205534	0.140316205534	0.112648221344	0.0948616600791	0.110671936759	0.118577075099	0.118577075099	0.177865612648	0.187747035573	0.118577075099	0.118577075099	0.195652173913	0.102766798419	0.189723320158	0.181818181818	0.152173913043	0.0849802371542	0.118577075099	0.114624505929	0.0869565217391	0.100790513834	0.114624505929	0.0671936758893	0.104743083004	0.0671936758893	0.0790513833992	0.0810276679842	0.110671936759	0.106719367589	0.114624505929	0.116600790514	0.191699604743	0.167984189723	0.110671936759	0.108695652174	0.110671936759	0.181818181818	0.235177865613	0.197628458498	0.183794466403	0.217391304348	0.162055335968	0.181818181818	0.209486166008	0.187747035573	0.166007905138	0.171936758893	0.106719367589	0.128458498024	0.098814229249	0.130434782609	0.114624505929	0.118577075099	0.128458498024
BYQ_AAAO.snv.bam	0.138339920949	0.122529644269	0.132411067194	0.0889328063241	0.0869565217391	0.122529644269	0.140316205534	0.0	0.0	0.118577075099	0.138339920949	0.0790513833992	0.148221343874	0.116600790514	0.179841897233	0.181818181818	0.128458498024	0.126482213439	0.201581027668	0.120553359684	0.195652173913	0.199604743083	0.158102766798	0.126482213439	0.108695652174	0.120553359684	0.106719367589	0.0928853754941	0.120553359684	0.102766798419	0.118577075099	0.146245059289	0.128458498024	0.122529644269	0.132411067194	0.120553359684	0.120553359684	0.114624505929	0.191699604743	0.179841897233	0.0889328063241	0.114624505929	0.134387351779	0.197628458498	0.229249011858	0.207509881423	0.191699604743	0.221343873518	0.162055335968	0.185770750988	0.201581027668	0.177865612648	0.175889328063	0.185770750988	0.140316205534	0.126482213439	0.128458498024	0.106719367589	0.112648221344	0.136363636364	0.146245059289
BYQ_AAAX.snv.bam	0.138339920949	0.122529644269	0.132411067194	0.0889328063241	0.0869565217391	0.122529644269	0.140316205534	0.0	0.0	0.118577075099	0.138339920949	0.0790513833992	0.148221343874	0.116600790514	0.179841897233	0.181818181818	0.128458498024	0.126482213439	0.201581027668	0.120553359684	0.195652173913	0.199604743083	0.158102766798	0.126482213439	0.108695652174	0.120553359684	0.106719367589	0.0928853754941	0.120553359684	0.102766798419	0.118577075099	0.146245059289	0.128458498024	0.122529644269	0.132411067194	0.120553359684	0.120553359684	0.114624505929	0.191699604743	0.179841897233	0.0889328063241	0.114624505929	0.134387351779	0.197628458498	0.229249011858	0.207509881423	0.191699604743	0.221343873518	0.162055335968	0.185770750988	0.201581027668	0.177865612648	0.175889328063	0.185770750988	0.140316205534	0.126482213439	0.128458498024	0.106719367589	0.112648221344	0.136363636364	0.146245059289
CCIS07277498ST-4-0.snv.bam	0.100790513834	0.0909090909091	0.112648221344	0.0948616600791	0.096837944664	0.110671936759	0.112648221344	0.118577075099	0.118577075099	0.0	0.116600790514	0.104743083004	0.0909090909091	0.100790513834	0.146245059289	0.156126482213	0.0750988142292	0.0750988142292	0.167984189723	0.0711462450593	0.167984189723	0.158102766798	0.134387351779	0.116600790514	0.0810276679842	0.102766798419	0.0830039525692	0.102766798419	0.0711462450593	0.0909090909091	0.124505928854	0.110671936759	0.106719367589	0.0948616600791	0.110671936759	0.104743083004	0.114624505929	0.0909090909091	0.158102766798	0.152173913043	0.0810276679842	0.0889328063241	0.098814229249	0.154150197628	0.203557312253	0.166007905138	0.154150197628	0.185770750988	0.142292490119	0.152173913043	0.173913043478	0.164031620553	0.144268774704	0.152173913043	0.0869565217391	0.120553359684	0.0869565217391	0.100790513834	0.096837944664	0.100790513834	0.116600790514
CCIS10706551ST-3-0.snv.bam	0.0632411067194	0.096837944664	0.0830039525692	0.098814229249	0.106719367589	0.134387351779	0.0948616600791	0.138339920949	0.138339920949	0.116600790514	0.0	0.124505928854	0.128458498024	0.118577075099	0.162055335968	0.181818181818	0.112648221344	0.112648221344	0.195652173913	0.098814229249	0.191699604743	0.183794466403	0.150197628458	0.0869565217391	0.120553359684	0.100790513834	0.0869565217391	0.098814229249	0.108695652174	0.100790513834	0.106719367589	0.0830039525692	0.0671936758893	0.126482213439	0.096837944664	0.104743083004	0.0889328063241	0.106719367589	0.173913043478	0.166007905138	0.100790513834	0.102766798419	0.102766798419	0.179841897233	0.231225296443	0.185770750988	0.179841897233	0.217391304348	0.162055335968	0.181818181818	0.205533596838	0.187747035573	0.154150197628	0.169960474308	0.0909090909091	0.118577075099	0.108695652174	0.122529644269	0.114624505929	0.116600790514	0.104743083004
CCIS14449628ST-4-0.snv.bam	0.132411067194	0.122529644269	0.106719367589	0.0652173913043	0.0830039525692	0.098814229249	0.110671936759	0.0790513833992	0.0790513833992	0.104743083004	0.124505928854	0.0	0.134387351779	0.098814229249	0.181818181818	0.195652173913	0.110671936759	0.108695652174	0.209486166008	0.106719367589	0.197628458498	0.199604743083	0.171936758893	0.104743083004	0.106719367589	0.100790513834	0.0790513833992	0.0869565217391	0.114624505929	0.0889328063241	0.108695652174	0.128458498024	0.110671936759	0.106719367589	0.108695652174	0.104743083004	0.124505928854	0.0948616600791	0.197628458498	0.179841897233	0.102766798419	0.102766798419	0.114624505929	0.193675889328	0.225296442688	0.203557312253	0.179841897233	0.221343873518	0.164031620553	0.187747035573	0.205533596838	0.185770750988	0.173913043478	0.169960474308	0.114624505929	0.122529644269	0.112648221344	0.096837944664	0.108695652174	0.120553359684	0.130434782609
CCIS74239020ST-4-0.snv.bam	0.120553359684	0.098814229249	0.118577075099	0.104743083004	0.096837944664	0.120553359684	0.118577075099	0.148221343874	0.148221343874	0.0909090909091	0.128458498024	0.134387351779	0.0	0.128458498024	0.164031620553	0.183794466403	0.0869565217391	0.0869565217391	0.197628458498	0.0711462450593	0.203557312253	0.191699604743	0.144268774704	0.116600790514	0.098814229249	0.106719367589	0.0889328063241	0.108695652174	0.0869565217391	0.108695652174	0.140316205534	0.112648221344	0.120553359684	0.120553359684	0.114624505929	0.118577075099	0.126482213439	0.108695652174	0.183794466403	0.177865612648	0.110671936759	0.120553359684	0.104743083004	0.183794466403	0.231225296443	0.191699604743	0.181818181818	0.215415019763	0.167984189723	0.181818181818	0.211462450593	0.197628458498	0.169960474308	0.175889328063	0.120553359684	0.124505928854	0.110671936759	0.116600790514	0.116600790514	0.098814229249	0.130434782609
CCIS90164298ST-4-0.snv.bam	0.122529644269	0.112648221344	0.118577075099	0.0849802371542	0.106719367589	0.150197628458	0.118577075099	0.116600790514	0.116600790514	0.100790513834	0.118577075099	0.098814229249	0.128458498024	0.0	0.177865612648	0.191699604743	0.116600790514	0.116600790514	0.203557312253	0.096837944664	0.195652173913	0.197628458498	0.167984189723	0.126482213439	0.124505928854	0.116600790514	0.0948616600791	0.102766798419	0.116600790514	0.106719367589	0.142292490119	0.130434782609	0.102766798419	0.116600790514	0.100790513834	0.106719367589	0.128458498024	0.116600790514	0.199604743083	0.183794466403	0.114624505929	0.110671936759	0.124505928854	0.189723320158	0.233201581028	0.201581027668	0.175889328063	0.225296442688	0.169960474308	0.189723320158	0.207509881423	0.201581027668	0.177865612648	0.171936758893	0.0909090909091	0.150197628458	0.100790513834	0.0316205533597	0.0731225296443	0.120553359684	0.134387351779
ED50A.snv.bam	0.158102766798	0.142292490119	0.166007905138	0.164031620553	0.175889328063	0.185770750988	0.177865612648	0.179841897233	0.179841897233	0.146245059289	0.162055335968	0.181818181818	0.164031620553	0.177865612648	0.0	0.108695652174	0.162055335968	0.162055335968	0.140316205534	0.152173913043	0.124505928854	0.144268774704	0.0889328063241	0.158102766798	0.152173913043	0.154150197628	0.152173913043	0.171936758893	0.148221343874	0.160079051383	0.193675889328	0.173913043478	0.158102766798	0.171936758893	0.164031620553	0.166007905138	0.164031620553	0.162055335968	0.122529644269	0.112648221344	0.128458498024	0.166007905138	0.162055335968	0.102766798419	0.140316205534	0.0849802371542	0.130434782609	0.104743083004	0.100790513834	0.096837944664	0.118577075099	0.106719367589	0.096837944664	0.120553359684	0.146245059289	0.173913043478	0.169960474308	0.177865612648	0.169960474308	0.152173913043	0.160079051383
HT8A.snv.bam	0.177865612648	0.152173913043	0.183794466403	0.177865612648	0.193675889328	0.199604743083	0.187747035573	0.181818181818	0.181818181818	0.156126482213	0.181818181818	0.195652173913	0.183794466403	0.191699604743	0.108695652174	0.0	0.177865612648	0.177865612648	0.124505928854	0.169960474308	0.132411067194	0.130434782609	0.106719367589	0.179841897233	0.162055335968	0.171936758893	0.169960474308	0.185770750988	0.156126482213	0.171936758893	0.197628458498	0.179841897233	0.175889328063	0.175889328063	0.181818181818	0.183794466403	0.173913043478	0.181818181818	0.120553359684	0.136363636364	0.126482213439	0.179841897233	0.185770750988	0.134387351779	0.160079051383	0.120553359684	0.152173913043	0.154150197628	0.134387351779	0.136363636364	0.150197628458	0.158102766798	0.126482213439	0.148221343874	0.166007905138	0.183794466403	0.183794466403	0.187747035573	0.179841897233	0.173913043478	0.167984189723
M1.2-V2.metaG.snv.bam	0.104743083004	0.104743083004	0.118577075099	0.102766798419	0.104743083004	0.132411067194	0.118577075099	0.128458498024	0.128458498024	0.0750988142292	0.112648221344	0.110671936759	0.0869565217391	0.116600790514	0.162055335968	0.177865612648	0.0	0.0	0.203557312253	0.0256916996047	0.199604743083	0.183794466403	0.160079051383	0.128458498024	0.102766798419	0.098814229249	0.0928853754941	0.108695652174	0.0948616600791	0.098814229249	0.140316205534	0.120553359684	0.118577075099	0.108695652174	0.110671936759	0.102766798419	0.114624505929	0.124505928854	0.187747035573	0.179841897233	0.0948616600791	0.116600790514	0.108695652174	0.175889328063	0.225296442688	0.189723320158	0.173913043478	0.205533596838	0.164031620553	0.171936758893	0.203557312253	0.187747035573	0.164031620553	0.171936758893	0.108695652174	0.112648221344	0.098814229249	0.104743083004	0.110671936759	0.118577075099	0.114624505929
M1.2-V3.metaG.snv.bam	0.104743083004	0.104743083004	0.116600790514	0.102766798419	0.102766798419	0.130434782609	0.118577075099	0.126482213439	0.126482213439	0.0750988142292	0.112648221344	0.108695652174	0.0869565217391	0.116600790514	0.162055335968	0.177865612648	0.0	0.0	0.203557312253	0.0256916996047	0.199604743083	0.183794466403	0.160079051383	0.126482213439	0.102766798419	0.098814229249	0.0909090909091	0.108695652174	0.0948616600791	0.096837944664	0.138339920949	0.120553359684	0.116600790514	0.108695652174	0.110671936759	0.102766798419	0.114624505929	0.124505928854	0.187747035573	0.179841897233	0.0948616600791	0.114624505929	0.106719367589	0.175889328063	0.225296442688	0.189723320158	0.173913043478	0.205533596838	0.164031620553	0.171936758893	0.203557312253	0.185770750988	0.164031620553	0.171936758893	0.108695652174	0.112648221344	0.098814229249	0.104743083004	0.110671936759	0.118577075099	0.114624505929
MH0271.snv.bam	0.185770750988	0.175889328063	0.197628458498	0.197628458498	0.207509881423	0.207509881423	0.195652173913	0.201581027668	0.201581027668	0.167984189723	0.195652173913	0.209486166008	0.197628458498	0.203557312253	0.140316205534	0.124505928854	0.203557312253	0.203557312253	0.0	0.187747035573	0.126482213439	0.130434782609	0.108695652174	0.189723320158	0.183794466403	0.187747035573	0.187747035573	0.207509881423	0.169960474308	0.171936758893	0.213438735178	0.199604743083	0.193675889328	0.197628458498	0.201581027668	0.193675889328	0.191699604743	0.191699604743	0.154150197628	0.126482213439	0.154150197628	0.197628458498	0.193675889328	0.150197628458	0.183794466403	0.150197628458	0.171936758893	0.148221343874	0.140316205534	0.134387351779	0.167984189723	0.158102766798	0.146245059289	0.162055335968	0.183794466403	0.201581027668	0.199604743083	0.189723320158	0.199604743083	0.193675889328	0.187747035573
MH0334.snv.bam	0.0948616600791	0.0889328063241	0.108695652174	0.0869565217391	0.0889328063241	0.126482213439	0.102766798419	0.120553359684	0.120553359684	0.0711462450593	0.098814229249	0.106719367589	0.0711462450593	0.096837944664	0.152173913043	0.169960474308	0.0256916996047	0.0256916996047	0.187747035573	0.0	0.185770750988	0.171936758893	0.142292490119	0.114624505929	0.0810276679842	0.0790513833992	0.0810276679842	0.0909090909091	0.0691699604743	0.0830039525692	0.118577075099	0.104743083004	0.108695652174	0.104743083004	0.096837944664	0.0830039525692	0.100790513834	0.098814229249	0.173913043478	0.162055335968	0.0869565217391	0.0889328063241	0.0849802371542	0.162055335968	0.211462450593	0.179841897233	0.158102766798	0.199604743083	0.148221343874	0.166007905138	0.197628458498	0.171936758893	0.154150197628	0.154150197628	0.0889328063241	0.098814229249	0.0869565217391	0.0849802371542	0.0948616600791	0.104743083004	0.096837944664
MH0345.snv.bam	0.179841897233	0.167984189723	0.195652173913	0.195652173913	0.203557312253	0.207509881423	0.189723320158	0.195652173913	0.195652173913	0.167984189723	0.191699604743	0.197628458498	0.203557312253	0.195652173913	0.124505928854	0.132411067194	0.199604743083	0.199604743083	0.126482213439	0.185770750988	0.0	0.108695652174	0.114624505929	0.187747035573	0.183794466403	0.193675889328	0.185770750988	0.199604743083	0.177865612648	0.187747035573	0.209486166008	0.201581027668	0.187747035573	0.193675889328	0.185770750988	0.185770750988	0.187747035573	0.193675889328	0.171936758893	0.116600790514	0.164031620553	0.187747035573	0.191699604743	0.130434782609	0.134387351779	0.140316205534	0.171936758893	0.150197628458	0.104743083004	0.124505928854	0.136363636364	0.144268774704	0.120553359684	0.152173913043	0.171936758893	0.209486166008	0.207509881423	0.185770750988	0.183794466403	0.177865612648	0.199604743083
MH0346.snv.bam	0.173913043478	0.144268774704	0.187747035573	0.183794466403	0.199604743083	0.195652173913	0.181818181818	0.199604743083	0.199604743083	0.158102766798	0.183794466403	0.199604743083	0.191699604743	0.197628458498	0.144268774704	0.130434782609	0.183794466403	0.183794466403	0.130434782609	0.171936758893	0.108695652174	0.0	0.114624505929	0.191699604743	0.171936758893	0.166007905138	0.179841897233	0.185770750988	0.166007905138	0.175889328063	0.203557312253	0.189723320158	0.179841897233	0.183794466403	0.191699604743	0.179841897233	0.185770750988	0.181818181818	0.154150197628	0.114624505929	0.150197628458	0.173913043478	0.179841897233	0.148221343874	0.160079051383	0.160079051383	0.167984189723	0.150197628458	0.120553359684	0.148221343874	0.148221343874	0.158102766798	0.126482213439	0.156126482213	0.164031620553	0.195652173913	0.183794466403	0.189723320158	0.189723320158	0.164031620553	0.173913043478
MH0395.snv.bam	0.142292490119	0.130434782609	0.144268774704	0.144268774704	0.152173913043	0.169960474308	0.152173913043	0.158102766798	0.158102766798	0.134387351779	0.150197628458	0.171936758893	0.144268774704	0.167984189723	0.0889328063241	0.106719367589	0.160079051383	0.160079051383	0.108695652174	0.142292490119	0.114624505929	0.114624505929	0.0	0.144268774704	0.144268774704	0.148221343874	0.142292490119	0.160079051383	0.126482213439	0.142292490119	0.171936758893	0.154150197628	0.142292490119	0.164031620553	0.158102766798	0.138339920949	0.146245059289	0.142292490119	0.122529644269	0.106719367589	0.122529644269	0.156126482213	0.150197628458	0.096837944664	0.160079051383	0.096837944664	0.126482213439	0.118577075099	0.112648221344	0.0948616600791	0.114624505929	0.130434782609	0.0830039525692	0.130434782609	0.140316205534	0.160079051383	0.158102766798	0.156126482213	0.152173913043	0.138339920949	0.152173913043
MH0403.snv.bam	0.106719367589	0.114624505929	0.0454545454545	0.0830039525692	0.0889328063241	0.106719367589	0.0849802371542	0.126482213439	0.126482213439	0.116600790514	0.0869565217391	0.104743083004	0.116600790514	0.126482213439	0.158102766798	0.179841897233	0.128458498024	0.126482213439	0.189723320158	0.114624505929	0.187747035573	0.191699604743	0.144268774704	0.0	0.120553359684	0.112648221344	0.0671936758893	0.108695652174	0.104743083004	0.0750988142292	0.106719367589	0.0869565217391	0.0731225296443	0.102766798419	0.104743083004	0.108695652174	0.116600790514	0.0909090909091	0.181818181818	0.167984189723	0.108695652174	0.102766798419	0.110671936759	0.181818181818	0.221343873518	0.185770750988	0.171936758893	0.201581027668	0.160079051383	0.177865612648	0.197628458498	0.160079051383	0.162055335968	0.162055335968	0.102766798419	0.126482213439	0.116600790514	0.128458498024	0.124505928854	0.120553359684	0.112648221344
MH0410.snv.bam	0.108695652174	0.0889328063241	0.118577075099	0.0869565217391	0.108695652174	0.120553359684	0.118577075099	0.108695652174	0.108695652174	0.0810276679842	0.120553359684	0.106719367589	0.098814229249	0.124505928854	0.152173913043	0.162055335968	0.102766798419	0.102766798419	0.183794466403	0.0810276679842	0.183794466403	0.171936758893	0.144268774704	0.120553359684	0.0	0.0909090909091	0.0948616600791	0.100790513834	0.0790513833992	0.102766798419	0.120553359684	0.116600790514	0.124505928854	0.120553359684	0.098814229249	0.0948616600791	0.0830039525692	0.100790513834	0.166007905138	0.158102766798	0.0612648221344	0.0889328063241	0.108695652174	0.164031620553	0.209486166008	0.183794466403	0.169960474308	0.201581027668	0.142292490119	0.164031620553	0.187747035573	0.177865612648	0.148221343874	0.162055335968	0.108695652174	0.104743083004	0.110671936759	0.124505928854	0.114624505929	0.110671936759	0.110671936759
MH0416.snv.bam	0.108695652174	0.098814229249	0.110671936759	0.0849802371542	0.0948616600791	0.100790513834	0.114624505929	0.120553359684	0.120553359684	0.102766798419	0.100790513834	0.100790513834	0.106719367589	0.116600790514	0.154150197628	0.171936758893	0.098814229249	0.098814229249	0.187747035573	0.0790513833992	0.193675889328	0.166007905138	0.148221343874	0.112648221344	0.0909090909091	0.0	0.0849802371542	0.100790513834	0.0909090909091	0.0909090909091	0.112648221344	0.108695652174	0.0948616600791	0.100790513834	0.0750988142292	0.098814229249	0.106719367589	0.108695652174	0.171936758893	0.166007905138	0.0830039525692	0.0889328063241	0.0849802371542	0.167984189723	0.211462450593	0.179841897233	0.156126482213	0.197628458498	0.150197628458	0.164031620553	0.191699604743	0.177865612648	0.152173913043	0.154150197628	0.100790513834	0.096837944664	0.102766798419	0.116600790514	0.118577075099	0.110671936759	0.0909090909091
MH0439.snv.bam	0.0830039525692	0.0889328063241	0.0691699604743	0.0513833992095	0.0573122529644	0.0889328063241	0.0869565217391	0.106719367589	0.106719367589	0.0830039525692	0.0869565217391	0.0790513833992	0.0889328063241	0.0948616600791	0.152173913043	0.169960474308	0.0928853754941	0.0909090909091	0.187747035573	0.0810276679842	0.185770750988	0.179841897233	0.142292490119	0.0671936758893	0.0948616600791	0.0849802371542	0.0	0.0909090909091	0.0711462450593	0.0731225296443	0.100790513834	0.0830039525692	0.0632411067194	0.0928853754941	0.0849802371542	0.096837944664	0.096837944664	0.0830039525692	0.171936758893	0.164031620553	0.096837944664	0.0691699604743	0.0849802371542	0.175889328063	0.215415019763	0.177865612648	0.156126482213	0.199604743083	0.152173913043	0.167984189723	0.193675889328	0.166007905138	0.150197628458	0.152173913043	0.0750988142292	0.112648221344	0.100790513834	0.0869565217391	0.100790513834	0.0849802371542	0.102766798419
MH0450.snv.bam	0.102766798419	0.0830039525692	0.110671936759	0.0830039525692	0.0948616600791	0.100790513834	0.100790513834	0.0928853754941	0.0928853754941	0.102766798419	0.098814229249	0.0869565217391	0.108695652174	0.102766798419	0.171936758893	0.185770750988	0.108695652174	0.108695652174	0.207509881423	0.0909090909091	0.199604743083	0.185770750988	0.160079051383	0.108695652174	0.100790513834	0.100790513834	0.0909090909091	0.0	0.0849802371542	0.102766798419	0.100790513834	0.098814229249	0.102766798419	0.114624505929	0.104743083004	0.104743083004	0.108695652174	0.100790513834	0.187747035573	0.183794466403	0.102766798419	0.0928853754941	0.108695652174	0.193675889328	0.231225296443	0.201581027668	0.183794466403	0.225296442688	0.166007905138	0.189723320158	0.205533596838	0.189723320158	0.167984189723	0.173913043478	0.110671936759	0.114624505929	0.0889328063241	0.102766798419	0.0849802371542	0.0928853754941	0.104743083004
MH0452.snv.bam	0.104743083004	0.0790513833992	0.098814229249	0.0889328063241	0.0909090909091	0.124505928854	0.114624505929	0.120553359684	0.120553359684	0.0711462450593	0.108695652174	0.114624505929	0.0869565217391	0.116600790514	0.148221343874	0.156126482213	0.0948616600791	0.0948616600791	0.169960474308	0.0691699604743	0.177865612648	0.166007905138	0.126482213439	0.104743083004	0.0790513833992	0.0909090909091	0.0711462450593	0.0849802371542	0.0	0.0948616600791	0.120553359684	0.104743083004	0.108695652174	0.104743083004	0.098814229249	0.098814229249	0.098814229249	0.0790513833992	0.158102766798	0.156126482213	0.0928853754941	0.0731225296443	0.0889328063241	0.164031620553	0.205533596838	0.167984189723	0.154150197628	0.187747035573	0.140316205534	0.156126482213	0.187747035573	0.169960474308	0.144268774704	0.152173913043	0.096837944664	0.100790513834	0.098814229249	0.108695652174	0.110671936759	0.098814229249	0.104743083004
MMRS16644320ST-27-0-0.snv.bam	0.098814229249	0.106719367589	0.0691699604743	0.0632411067194	0.0770750988142	0.0830039525692	0.0671936758893	0.102766798419	0.102766798419	0.0909090909091	0.100790513834	0.0889328063241	0.108695652174	0.106719367589	0.160079051383	0.171936758893	0.098814229249	0.096837944664	0.171936758893	0.0830039525692	0.187747035573	0.175889328063	0.142292490119	0.0750988142292	0.102766798419	0.0909090909091	0.0731225296443	0.102766798419	0.0948616600791	0.0	0.0750988142292	0.0830039525692	0.0632411067194	0.0770750988142	0.104743083004	0.0928853754941	0.122529644269	0.0830039525692	0.171936758893	0.160079051383	0.096837944664	0.0928853754941	0.0830039525692	0.166007905138	0.211462450593	0.177865612648	0.160079051383	0.197628458498	0.150197628458	0.167984189723	0.197628458498	0.166007905138	0.150197628458	0.152173913043	0.108695652174	0.122529644269	0.0849802371542	0.114624505929	0.104743083004	0.112648221344	0.116600790514
MMRS35808664ST-27-0-0.snv.bam	0.118577075099	0.110671936759	0.096837944664	0.0849802371542	0.102766798419	0.110671936759	0.104743083004	0.118577075099	0.118577075099	0.124505928854	0.106719367589	0.108695652174	0.140316205534	0.142292490119	0.193675889328	0.197628458498	0.140316205534	0.138339920949	0.213438735178	0.118577075099	0.209486166008	0.203557312253	0.171936758893	0.106719367589	0.120553359684	0.112648221344	0.100790513834	0.100790513834	0.120553359684	0.0750988142292	0.0	0.114624505929	0.0889328063241	0.122529644269	0.128458498024	0.100790513834	0.124505928854	0.106719367589	0.199604743083	0.187747035573	0.122529644269	0.110671936759	0.122529644269	0.201581027668	0.237154150198	0.213438735178	0.191699604743	0.233201581028	0.173913043478	0.197628458498	0.225296442688	0.191699604743	0.175889328063	0.177865612648	0.130434782609	0.132411067194	0.120553359684	0.148221343874	0.136363636364	0.132411067194	0.120553359684
MMRS36405092ST-27-0-0.snv.bam	0.0869565217391	0.108695652174	0.0869565217391	0.0869565217391	0.0928853754941	0.106719367589	0.0671936758893	0.146245059289	0.146245059289	0.110671936759	0.0830039525692	0.128458498024	0.112648221344	0.130434782609	0.173913043478	0.179841897233	0.120553359684	0.120553359684	0.199604743083	0.104743083004	0.201581027668	0.189723320158	0.154150197628	0.0869565217391	0.116600790514	0.108695652174	0.0830039525692	0.098814229249	0.104743083004	0.0830039525692	0.114624505929	0.0	0.0770750988142	0.0750988142292	0.108695652174	0.124505928854	0.100790513834	0.106719367589	0.183794466403	0.177865612648	0.108695652174	0.114624505929	0.106719367589	0.189723320158	0.235177865613	0.189723320158	0.183794466403	0.221343873518	0.166007905138	0.185770750988	0.213438735178	0.187747035573	0.166007905138	0.173913043478	0.102766798419	0.114624505929	0.108695652174	0.126482213439	0.122529644269	0.100790513834	0.110671936759
MMRS51410669ST-27-0-0.snv.bam	0.0711462450593	0.100790513834	0.0592885375494	0.0810276679842	0.0849802371542	0.106719367589	0.0790513833992	0.128458498024	0.128458498024	0.106719367589	0.0671936758893	0.110671936759	0.120553359684	0.102766798419	0.158102766798	0.175889328063	0.118577075099	0.116600790514	0.193675889328	0.108695652174	0.187747035573	0.179841897233	0.142292490119	0.0731225296443	0.124505928854	0.0948616600791	0.0632411067194	0.102766798419	0.108695652174	0.0632411067194	0.0889328063241	0.0770750988142	0.0	0.106719367589	0.110671936759	0.114624505929	0.122529644269	0.0889328063241	0.169960474308	0.166007905138	0.114624505929	0.0928853754941	0.0948616600791	0.175889328063	0.219367588933	0.177865612648	0.167984189723	0.209486166008	0.158102766798	0.177865612648	0.199604743083	0.164031620553	0.154150197628	0.162055335968	0.096837944664	0.134387351779	0.098814229249	0.122529644269	0.106719367589	0.108695652174	0.112648221344
MMRS59699117ST-27-0-0.snv.bam	0.122529644269	0.106719367589	0.096837944664	0.0830039525692	0.0928853754941	0.0830039525692	0.0810276679842	0.122529644269	0.122529644269	0.0948616600791	0.126482213439	0.106719367589	0.120553359684	0.116600790514	0.171936758893	0.175889328063	0.108695652174	0.108695652174	0.197628458498	0.104743083004	0.193675889328	0.183794466403	0.164031620553	0.102766798419	0.120553359684	0.100790513834	0.0928853754941	0.114624505929	0.104743083004	0.0770750988142	0.122529644269	0.0750988142292	0.106719367589	0.0	0.104743083004	0.104743083004	0.124505928854	0.106719367589	0.189723320158	0.169960474308	0.0909090909091	0.114624505929	0.106719367589	0.181818181818	0.219367588933	0.189723320158	0.160079051383	0.207509881423	0.164031620553	0.177865612648	0.191699604743	0.183794466403	0.171936758893	0.156126482213	0.0928853754941	0.130434782609	0.0849802371542	0.136363636364	0.108695652174	0.116600790514	0.116600790514
MMRS72802364ST-27-0-0.snv.bam	0.104743083004	0.104743083004	0.110671936759	0.0770750988142	0.102766798419	0.112648221344	0.110671936759	0.132411067194	0.132411067194	0.110671936759	0.096837944664	0.108695652174	0.114624505929	0.100790513834	0.164031620553	0.181818181818	0.110671936759	0.110671936759	0.201581027668	0.096837944664	0.185770750988	0.191699604743	0.158102766798	0.104743083004	0.098814229249	0.0750988142292	0.0849802371542	0.104743083004	0.098814229249	0.104743083004	0.128458498024	0.108695652174	0.110671936759	0.104743083004	0.0	0.102766798419	0.098814229249	0.112648221344	0.177865612648	0.183794466403	0.0830039525692	0.104743083004	0.104743083004	0.181818181818	0.225296442688	0.195652173913	0.175889328063	0.217391304348	0.164031620553	0.183794466403	0.207509881423	0.193675889328	0.164031620553	0.169960474308	0.100790513834	0.112648221344	0.106719367589	0.100790513834	0.118577075099	0.106719367589	0.112648221344
MMRS77321055ST-27-0-0.snv.bam	0.100790513834	0.100790513834	0.110671936759	0.0750988142292	0.104743083004	0.116600790514	0.106719367589	0.120553359684	0.120553359684	0.104743083004	0.104743083004	0.104743083004	0.118577075099	0.106719367589	0.166007905138	0.183794466403	0.102766798419	0.102766798419	0.193675889328	0.0830039525692	0.185770750988	0.179841897233	0.138339920949	0.108695652174	0.0948616600791	0.098814229249	0.096837944664	0.104743083004	0.098814229249	0.0928853754941	0.100790513834	0.124505928854	0.114624505929	0.104743083004	0.102766798419	0.0	0.098814229249	0.104743083004	0.183794466403	0.167984189723	0.0909090909091	0.116600790514	0.112648221344	0.175889328063	0.215415019763	0.191699604743	0.173913043478	0.209486166008	0.152173913043	0.175889328063	0.195652173913	0.181818181818	0.158102766798	0.164031620553	0.110671936759	0.128458498024	0.098814229249	0.118577075099	0.114624505929	0.106719367589	0.120553359684
MMRS81130264ST-27-0-0.snv.bam	0.100790513834	0.112648221344	0.114624505929	0.0750988142292	0.116600790514	0.132411067194	0.114624505929	0.120553359684	0.120553359684	0.114624505929	0.0889328063241	0.124505928854	0.126482213439	0.128458498024	0.164031620553	0.173913043478	0.114624505929	0.114624505929	0.191699604743	0.100790513834	0.187747035573	0.185770750988	0.146245059289	0.116600790514	0.0830039525692	0.106719367589	0.096837944664	0.108695652174	0.098814229249	0.122529644269	0.124505928854	0.100790513834	0.122529644269	0.124505928854	0.098814229249	0.098814229249	0.0	0.118577075099	0.177865612648	0.169960474308	0.0869565217391	0.112648221344	0.124505928854	0.175889328063	0.213438735178	0.187747035573	0.181818181818	0.209486166008	0.152173913043	0.171936758893	0.195652173913	0.185770750988	0.164031620553	0.171936758893	0.108695652174	0.104743083004	0.134387351779	0.128458498024	0.112648221344	0.106719367589	0.116600790514
MMRS85382779ST-27-0-0.snv.bam	0.110671936759	0.104743083004	0.0889328063241	0.0790513833992	0.0889328063241	0.098814229249	0.116600790514	0.114624505929	0.114624505929	0.0909090909091	0.106719367589	0.0948616600791	0.108695652174	0.116600790514	0.162055335968	0.181818181818	0.124505928854	0.124505928854	0.191699604743	0.098814229249	0.193675889328	0.181818181818	0.142292490119	0.0909090909091	0.100790513834	0.108695652174	0.0830039525692	0.100790513834	0.0790513833992	0.0830039525692	0.106719367589	0.106719367589	0.0889328063241	0.106719367589	0.112648221344	0.104743083004	0.118577075099	0.0	0.175889328063	0.169960474308	0.112648221344	0.0790513833992	0.114624505929	0.171936758893	0.215415019763	0.177865612648	0.164031620553	0.205533596838	0.158102766798	0.177865612648	0.209486166008	0.162055335968	0.154150197628	0.158102766798	0.100790513834	0.126482213439	0.104743083004	0.120553359684	0.124505928854	0.112648221344	0.108695652174
NLM004.snv.bam	0.175889328063	0.154150197628	0.181818181818	0.179841897233	0.191699604743	0.195652173913	0.191699604743	0.191699604743	0.191699604743	0.158102766798	0.173913043478	0.197628458498	0.183794466403	0.199604743083	0.122529644269	0.120553359684	0.187747035573	0.187747035573	0.154150197628	0.173913043478	0.171936758893	0.154150197628	0.122529644269	0.181818181818	0.166007905138	0.171936758893	0.171936758893	0.187747035573	0.158102766798	0.171936758893	0.199604743083	0.183794466403	0.169960474308	0.189723320158	0.177865612648	0.183794466403	0.177865612648	0.175889328063	0.0	0.140316205534	0.146245059289	0.179841897233	0.183794466403	0.158102766798	0.179841897233	0.148221343874	0.150197628458	0.156126482213	0.146245059289	0.152173913043	0.162055335968	0.171936758893	0.120553359684	0.156126482213	0.171936758893	0.175889328063	0.185770750988	0.185770750988	0.191699604743	0.173913043478	0.169960474308
NOM005.snv.bam	0.164031620553	0.148221343874	0.171936758893	0.166007905138	0.183794466403	0.181818181818	0.167984189723	0.179841897233	0.179841897233	0.152173913043	0.166007905138	0.179841897233	0.177865612648	0.183794466403	0.112648221344	0.136363636364	0.179841897233	0.179841897233	0.126482213439	0.162055335968	0.116600790514	0.114624505929	0.106719367589	0.167984189723	0.158102766798	0.166007905138	0.164031620553	0.183794466403	0.156126482213	0.160079051383	0.187747035573	0.177865612648	0.166007905138	0.169960474308	0.183794466403	0.167984189723	0.169960474308	0.169960474308	0.140316205534	0.0	0.146245059289	0.169960474308	0.171936758893	0.112648221344	0.134387351779	0.132411067194	0.128458498024	0.150197628458	0.098814229249	0.0928853754941	0.138339920949	0.124505928854	0.112648221344	0.122529644269	0.164031620553	0.189723320158	0.185770750988	0.177865612648	0.169960474308	0.166007905138	0.173913043478
O2.UC12-1.snv.bam	0.104743083004	0.0948616600791	0.114624505929	0.0849802371542	0.102766798419	0.116600790514	0.110671936759	0.0889328063241	0.0889328063241	0.0810276679842	0.100790513834	0.102766798419	0.110671936759	0.114624505929	0.128458498024	0.126482213439	0.0948616600791	0.0948616600791	0.154150197628	0.0869565217391	0.164031620553	0.150197628458	0.122529644269	0.108695652174	0.0612648221344	0.0830039525692	0.096837944664	0.102766798419	0.0928853754941	0.096837944664	0.122529644269	0.108695652174	0.114624505929	0.0909090909091	0.0830039525692	0.0909090909091	0.0869565217391	0.112648221344	0.146245059289	0.146245059289	0.0	0.108695652174	0.108695652174	0.152173913043	0.183794466403	0.156126482213	0.142292490119	0.169960474308	0.128458498024	0.140316205534	0.154150197628	0.158102766798	0.126482213439	0.140316205534	0.104743083004	0.104743083004	0.102766798419	0.114624505929	0.102766798419	0.102766798419	0.102766798419
