	147406386-tonguedorsum3.snv.bam	158337416-tonguedorsum1.snv.bam	158883629-tonguedorsum1.snv.bam	158883629-tonguedorsum3.snv.bam	158944319-tonguedorsum1.snv.bam	159005010-tonguedorsum2.snv.bam	159268001-tonguedorsum1.snv.bam	159551223-tonguedorsum1.snv.bam	159632143-tonguedorsum1.snv.bam	159733294-tonguedorsum1.snv.bam	159915365-tonguedorsum1.snv.bam	160259276-tonguedorsum1.snv.bam	160502038-tonguedorsum3.snv.bam	246515023-tonguedorsum1.snv.bam	370027359-tonguedorsum3.snv.bam	404239096-tonguedorsum1.snv.bam	550534656-tonguedorsum2.snv.bam	550534656-tonguedorsum3.snv.bam	604812005-tonguedorsum3.snv.bam	638754422-tonguedorsum2.snv.bam	663835652-tonguedorsum2.snv.bam	675950834-tonguedorsum1.snv.bam	675950834-tonguedorsum2.snv.bam	737052003-tonguedorsum1.snv.bam	737052003-tonguedorsum2.snv.bam	739574095-tonguedorsum2.snv.bam	763395383-anteriornares3.snv.bam	763395383-tonguedorsum3.snv.bam	763536994-tonguedorsum1.snv.bam	763536994-tonguedorsum2.snv.bam	763536994-tonguedorsum3.snv.bam	763577454-tonguedorsum1.snv.bam	763577454-tonguedorsum2.snv.bam	763759525-tonguedorsum2.snv.bam	763901136-tonguedorsum2.snv.bam	763901136-tonguedorsum3.snv.bam	763982056-tonguedorsum3.snv.bam	764062976-tonguedorsum2.snv.bam	764083206-tonguedorsum1.snv.bam	764083206-tonguedorsum2.snv.bam	764143897-tonguedorsum1.snv.bam	764224817-tonguedorsum1.snv.bam	764285508-tonguedorsum2.snv.bam	764325968-tonguedorsum1.snv.bam	764325968-tonguedorsum2.snv.bam	764366428-throat2.snv.bam	764366428-tonguedorsum2.snv.bam	764467579-tonguedorsum3.snv.bam	764487809-tonguedorsum1.snv.bam	764487809-tonguedorsum2.snv.bam	764588959-tonguedorsum2.snv.bam	764811490-tonguedorsum1.snv.bam	764811490-tonguedorsum2.snv.bam	764872181-tonguedorsum1.snv.bam	764892411-tonguedorsum2.snv.bam	765013792-tonguedorsum1.snv.bam	765013792-tonguedorsum2.snv.bam	765013792-tonguedorsum3.snv.bam	765034022-tonguedorsum1.snv.bam	765074482-tonguedorsum1.snv.bam	765074482-tonguedorsum3.snv.bam	765094712-tonguedorsum1.snv.bam	765094712-tonguedorsum2.snv.bam	765155402-tonguedorsum3.snv.bam	765195863-tonguedorsum3.snv.bam	765216093-tonguedorsum3.snv.bam	765337473-tonguedorsum1.snv.bam	765620695-tonguedorsum1.snv.bam	765701615-tonguedorsum2.snv.bam	823052294-tonguedorsum1.snv.bam	857980665-tonguedorsum2.snv.bam	857980665-tonguedorsum3.snv.bam	861967750-tonguedorsum1.snv.bam	863126187-tonguedorsum3.snv.bam	953045535-tonguedorsum2.snv.bam
147406386-tonguedorsum3.snv.bam	0.0	0.178984510116	0.171559686029	0.179344504075	0.147655745333	0.145583132166	0.164274369818	0.15396103301	0.170114267993	0.170006360339	0.17931898068	0.161312763847	0.179740743147	0.235359149021	0.155891533536	0.166352621192	0.143903272246	0.143307232157	0.242254600293	0.166279831704	0.220820262349	0.164709468211	0.167518366219	0.190484008774	0.18939240987	0.171364112707	0.181637942255	0.183238292346	0.119934245521	0.128059950082	0.103929339422	0.244565086084	0.21103253795	0.044649177068	0.175921564356	0.172837790843	0.151656009189	0.195275306531	0.254433701226	0.273117247232	0.173117509043	0.135268893948	0.228988654115	0.16280989645	0.156224359537	0.181271606005	0.170051384048	0.168078749501	0.165350090516	0.166357552621	0.195352060941	0.183214362974	0.183003691933	0.156034724499	0.192831164804	0.15979373464	0.153992141803	0.172912726884	0.18284940582	0.14811567288	0.155793256077	0.241077287238	0.254738588481	0.135928634688	0.142704558246	0.132595641298	0.141023967287	0.148365763643	0.246199532037	0.148444144317	0.144188949372	0.144619562149	0.165267015686	0.100134244336	0.14770755103
158337416-tonguedorsum1.snv.bam	0.178984510116	0.0	0.170017509707	0.171513794825	0.14318873617	0.118493911181	0.156183537751	0.19958151677	0.205560867364	0.194381415629	0.205362519465	0.165744069315	0.12356960326	0.253124520719	0.221334785971	0.160856474803	0.145365758912	0.147837423199	0.243093706831	0.185922639331	0.169800408692	0.134763156768	0.119546397964	0.160447459273	0.16088464581	0.163553924224	0.1237335115	0.157212746161	0.225569117287	0.233056140747	0.192384247531	0.240749941631	0.202386909839	0.19396627698	0.176871431783	0.170504742913	0.0767942002157	0.212825070279	0.232495303428	0.253492714271	0.179726792954	0.148902804356	0.217240213452	0.148135702081	0.147090290648	0.179151465916	0.176357964785	0.190598461317	0.150395259597	0.153051322448	0.206828673219	0.226533864656	0.225664850577	0.0783957935363	0.161108516988	0.185002694757	0.183439188428	0.207409830836	0.200186954838	0.17382261724	0.236506418144	0.208112762004	0.218099539871	0.1825729798	0.113790135321	0.165047535108	0.218859591557	0.220433961806	0.235771456565	0.178136806667	0.185020907945	0.167399006479	0.176149583555	0.154862654657	0.154752194681
158883629-tonguedorsum1.snv.bam	0.171559686029	0.170017509707	0.0	0.0154044584981	0.144346838965	0.11286539179	0.121802128672	0.175899874492	0.177691062231	0.168074234925	0.192244495033	0.170591442374	0.163216932807	0.249629295965	0.182683284041	0.137284743927	0.140809588012	0.142141006166	0.245415174575	0.178183025684	0.186211838265	0.156478651227	0.152226544959	0.197060988375	0.19920019197	0.184220910819	0.167897478775	0.163682726924	0.206185198028	0.216426206749	0.184610478078	0.224455152877	0.184531405429	0.186816545196	0.162437981408	0.16083028473	0.165484963051	0.202005324446	0.240961782626	0.272256993619	0.182891901854	0.150852594737	0.221013761268	0.109068006487	0.104070941416	0.176476039465	0.164193045287	0.156209206034	0.117794624259	0.118274385004	0.18772480077	0.180441430457	0.179494656832	0.168256269961	0.17383612756	0.173248378877	0.132149651953	0.175266703082	0.194385453792	0.157899780448	0.217011423103	0.213620222143	0.226672891918	0.131074357126	0.137125679657	0.137282627352	0.174518697459	0.175610828267	0.233258696408	0.156302147698	0.170930002529	0.15871975328	0.168057475165	0.14370606137	0.163115681476
158883629-tonguedorsum3.snv.bam	0.179344504075	0.171513794825	0.0154044584981	0.0	0.146984092245	0.112992401474	0.121683428093	0.180477814072	0.181823792222	0.17048657653	0.195673502854	0.168720044589	0.16634409874	0.251538049251	0.189752794236	0.137500622577	0.141676212954	0.143324160456	0.251677890328	0.179521830548	0.187334601587	0.165228588099	0.160979691526	0.196826586855	0.199175387635	0.185814580116	0.169249768994	0.164504364243	0.207877827967	0.217794839086	0.18841890083	0.224916328633	0.183412742747	0.192304554774	0.165409285824	0.163217041869	0.16650381558	0.205756500042	0.247124039942	0.273840722725	0.184297578714	0.153158692858	0.224102779432	0.104778492541	0.100353776966	0.180197880882	0.168360140922	0.156309017097	0.114989446105	0.115481372402	0.186090756608	0.180223364956	0.179275402963	0.16966527718	0.175218158568	0.178268724189	0.138192947773	0.177860269751	0.194032491183	0.159502778978	0.219598398765	0.215135963091	0.227840343577	0.135594892431	0.138335534708	0.14174889767	0.179184309785	0.180359222772	0.232829417951	0.158879389928	0.17246649815	0.160400468986	0.167424305982	0.147152954675	0.168765168418
158944319-tonguedorsum1.snv.bam	0.147655745333	0.14318873617	0.144346838965	0.146984092245	0.0	0.082911080509	0.119147285382	0.14507236054	0.104772209494	0.0883975917246	0.158043154741	0.127281286503	0.136853415235	0.200292874587	0.148894514676	0.134123098685	0.109508777941	0.110350852217	0.228592694034	0.148982790521	0.169655354631	0.132820068115	0.130153277886	0.151868188827	0.151671669181	0.164434093709	0.15361945651	0.107529771533	0.171308662601	0.181859756679	0.148600973142	0.176756322979	0.142515992002	0.161305341736	0.133634379531	0.1413198702	0.107804254543	0.135381085168	0.212715797542	0.243170746113	0.169713875358	0.12050237029	0.189970001249	0.111372367897	0.104238208926	0.174126875275	0.162779307339	0.126288331766	0.111043751119	0.114436339277	0.166043728885	0.168409849448	0.167306659444	0.129395280571	0.144948569885	0.126956481363	0.108708949066	0.0998119351319	0.157565035187	0.13039029048	0.184909275656	0.180400024411	0.191813893377	0.113001352791	0.103839564094	0.129694510736	0.177790302859	0.183007583645	0.226660962142	0.127824284492	0.144510930721	0.127743660863	0.125195465293	0.12031369449	0.107465541596
159005010-tonguedorsum2.snv.bam	0.145583132166	0.118493911181	0.11286539179	0.112992401474	0.082911080509	0.0	0.103192255443	0.14596262686	0.131633660063	0.111079179491	0.160362114238	0.134533678085	0.135938572618	0.213456919847	0.16179208181	0.0953112724081	0.0918807090282	0.0917929051653	0.245261418345	0.125348689933	0.153261508769	0.127159675083	0.123273948118	0.14932116478	0.149726928815	0.141665162998	0.149205828982	0.0975587873209	0.184236435315	0.194556943047	0.161939016922	0.173928183126	0.128106627316	0.152093644913	0.134069297199	0.132302458308	0.116715311308	0.149271735042	0.219648390273	0.247330635196	0.141301491991	0.108370445147	0.172117394724	0.0852112036873	0.0779656473993	0.13823509251	0.125431595354	0.105151006426	0.0876248864668	0.0939652087294	0.14164208859	0.145208557181	0.141191083479	0.13198792958	0.134345526383	0.118123018898	0.111914468264	0.125896425688	0.157236251512	0.115114018544	0.172402778406	0.154462151442	0.168283411088	0.124064962145	0.0760046455522	0.102811872821	0.149245168598	0.1507669059	0.235329597675	0.116449001314	0.134960127183	0.116623988372	0.111584320141	0.121693943181	0.122953238594
159268001-tonguedorsum1.snv.bam	0.164274369818	0.156183537751	0.121802128672	0.121683428093	0.119147285382	0.103192255443	0.0	0.164676286937	0.14657305871	0.13881850685	0.185722799338	0.139152778816	0.161448826866	0.219480764906	0.142699721068	0.128693633098	0.11514589007	0.117030726255	0.246412226586	0.154799064571	0.179327231566	0.163945899702	0.171172202143	0.172322522395	0.172420236759	0.163677789481	0.164244032841	0.133542620158	0.184496640954	0.192654980029	0.17538216258	0.210482436222	0.174301650103	0.176388512048	0.154592414837	0.149743319513	0.15903344076	0.176011715344	0.229933801118	0.254708956957	0.180491519338	0.146026174674	0.188992301473	0.0334079179279	0.0329981284393	0.19651640712	0.188259093948	0.129999677391	0.0293417573939	0.0298114674525	0.162977696582	0.155231239801	0.15439932324	0.168475649274	0.152035964384	0.122936824496	0.101562805042	0.149729165971	0.173589429201	0.139041337938	0.189528664077	0.162400557127	0.173550731571	0.11657588681	0.122310030508	0.144110299023	0.176029243893	0.178728223191	0.256808581798	0.134247465947	0.154060798214	0.134213933558	0.121207801215	0.144967227847	0.148647328123
159551223-tonguedorsum1.snv.bam	0.15396103301	0.19958151677	0.175899874492	0.180477814072	0.14507236054	0.14596262686	0.164676286937	0.0	0.148341738207	0.154623271934	0.159425032213	0.115879994823	0.18546399206	0.226277081867	0.148222504494	0.111915832933	0.136670890922	0.138909274379	0.261120244372	0.168460767059	0.231542830602	0.180429179013	0.176397087175	0.147339232544	0.144996757908	0.175680593088	0.213171813029	0.163437327581	0.142651362273	0.154476858353	0.140641020667	0.263350301515	0.236054894429	0.152735964901	0.172907687053	0.173061485261	0.196298724626	0.207807558724	0.238871731343	0.269226808396	0.204426015251	0.142377222475	0.185740808744	0.164565749765	0.157307677227	0.195660179827	0.187875038615	0.135511882304	0.165282916113	0.169210387774	0.18016604948	0.170135536321	0.168950347725	0.19493549575	0.19326249145	0.132071760541	0.161190765552	0.14580035087	0.154988148017	0.161393890656	0.212522787475	0.202328740317	0.211866246961	0.1611871767	0.156975637701	0.142877538017	0.109151016892	0.111350276963	0.262406741552	0.149400557444	0.170227315314	0.156822884653	0.122031824532	0.147950518785	0.129546245506
159632143-tonguedorsum1.snv.bam	0.170114267993	0.205560867364	0.177691062231	0.181823792222	0.104772209494	0.131633660063	0.14657305871	0.148341738207	0.0	0.0525833712652	0.184449987274	0.140784990882	0.177356391554	0.194976886649	0.121370812168	0.128467537534	0.117240304668	0.114972154307	0.261863790815	0.15904237248	0.213999131528	0.16810118004	0.171047750463	0.163091734711	0.160947253482	0.185096453325	0.183677049057	0.139546336154	0.149791531942	0.161282077311	0.136003284999	0.22178114215	0.189800819881	0.183752108865	0.168119700961	0.17785349966	0.164332586215	0.12814473606	0.245620388721	0.266104651715	0.199889173704	0.15305988005	0.196102785462	0.138074228477	0.130789906306	0.207290250582	0.197781572261	0.125561430003	0.136447101869	0.143011728995	0.181382688016	0.158741384095	0.157872562767	0.183060097185	0.173892676434	0.140003179525	0.139469584296	0.0780919143023	0.158870924651	0.143236739817	0.192082064787	0.188251380457	0.198009645111	0.162467767475	0.144648384706	0.14842108658	0.165995782527	0.170189626173	0.276070512244	0.132543418784	0.155423674866	0.136521446686	0.146374921912	0.147055055405	0.128538325307
159733294-tonguedorsum1.snv.bam	0.170006360339	0.194381415629	0.168074234925	0.17048657653	0.0883975917246	0.111079179491	0.13881850685	0.154623271934	0.0525833712652	0.0	0.185210716029	0.145696853344	0.173001626225	0.199349868003	0.128148826594	0.13231128185	0.111400054524	0.108112412462	0.258276236832	0.168384217458	0.205131574315	0.147388578958	0.148439885031	0.167180991881	0.165923971908	0.197032330239	0.170477937449	0.126762204387	0.156940302006	0.167372046459	0.130110257842	0.197269115077	0.168702754948	0.189648488572	0.163279292523	0.172042948721	0.141891103748	0.104024568543	0.243628569947	0.272055517062	0.193830144703	0.158279307705	0.199409595384	0.124818915207	0.117895368746	0.193877928196	0.185063527341	0.126857474026	0.121127263265	0.128873367559	0.182392118268	0.166424396667	0.165322423893	0.164263064683	0.171224843497	0.142598315285	0.120980459867	0.0593928607982	0.184159067458	0.154110019429	0.194970311451	0.175058755134	0.18457643338	0.145709288727	0.132218906441	0.152910940706	0.165993031363	0.17002853829	0.27366484838	0.138815842555	0.165685496019	0.143643625029	0.147779332133	0.147696683945	0.135846920728
159915365-tonguedorsum1.snv.bam	0.17931898068	0.205362519465	0.192244495033	0.195673502854	0.158043154741	0.160362114238	0.185722799338	0.159425032213	0.184449987274	0.185210716029	0.0	0.149881931134	0.206179169154	0.245600535941	0.187327361285	0.158803799699	0.167030650293	0.167907530007	0.185025842005	0.185127163211	0.224019223298	0.21139852174	0.20960611886	0.190705570465	0.192354054577	0.146279456775	0.237502344408	0.180672872725	0.153561257851	0.160051689263	0.159167451957	0.284229060748	0.256815726091	0.178958718691	0.210769209529	0.217963907538	0.21480806144	0.246479400855	0.183299860923	0.202888490641	0.221713016987	0.169938581805	0.243778764496	0.18975973027	0.182801122689	0.232637373905	0.223326719284	0.182684049388	0.186959186446	0.191286936467	0.201993655778	0.218182684854	0.218044148154	0.216357999064	0.211015726728	0.167220364132	0.197011043837	0.16999389992	0.210633222546	0.191023217795	0.213294074778	0.200583637801	0.214216113489	0.197387978529	0.171788121035	0.199835627301	0.133858877189	0.134141910503	0.167717553135	0.196155892095	0.184611795159	0.163442340035	0.158894404517	0.18014998179	0.184606674251
160259276-tonguedorsum1.snv.bam	0.161312763847	0.165744069315	0.170591442374	0.168720044589	0.127281286503	0.134533678085	0.139152778816	0.115879994823	0.140784990882	0.145696853344	0.149881931134	0.0	0.170020076729	0.203763603131	0.168724704975	0.0857805783458	0.132366051658	0.13146984411	0.25010685511	0.129259886963	0.171657565179	0.192905032378	0.19246233809	0.0881873765726	0.0775146969433	0.136373473105	0.189779048474	0.132634691639	0.143363997916	0.149326817011	0.144675765903	0.237870676796	0.206093549352	0.158521305725	0.154197708408	0.144534760754	0.180844679248	0.192238613563	0.228161870331	0.255437022725	0.144435357826	0.153417925064	0.164410769688	0.126316019085	0.119276365073	0.183400133501	0.180527671759	0.11899775786	0.131069290498	0.131791376222	0.139393553307	0.133834088197	0.131645541332	0.183548863775	0.155985085906	0.119260925377	0.167643594762	0.156641489135	0.135164393407	0.152726494204	0.183027171168	0.131468543734	0.143693429669	0.149086921525	0.147884153839	0.152109404773	0.166340604561	0.162125086346	0.252125990002	0.126233911717	0.111330667152	0.112358343416	0.0847177896395	0.132000428718	0.130777097958
160502038-tonguedorsum3.snv.bam	0.179740743147	0.12356960326	0.163216932807	0.16634409874	0.136853415235	0.135938572618	0.161448826866	0.18546399206	0.177356391554	0.173001626225	0.206179169154	0.170020076729	0.0	0.229201684602	0.1816419212	0.154886669061	0.125975411303	0.128506937314	0.233100441672	0.185365255858	0.190230762563	0.142330501162	0.145280488431	0.188148574066	0.191128672941	0.203344494701	0.101189775765	0.129589926281	0.223635970514	0.234333834396	0.18293660205	0.188606291589	0.161171053122	0.209981822605	0.169227053297	0.188657547807	0.119883831209	0.179396616106	0.252073224935	0.279273192826	0.190103762977	0.145430057294	0.218022685385	0.150301116473	0.147569555975	0.151278709392	0.148360051801	0.167568940829	0.156498314619	0.158026081552	0.187472798779	0.204392907393	0.203514475955	0.132192342935	0.163220466425	0.154127940097	0.166765251432	0.188579118524	0.199401026639	0.123011555516	0.176083128329	0.198216730989	0.209286911954	0.168723873611	0.118367735718	0.178802764154	0.210789373576	0.210960402046	0.241102736823	0.154149958572	0.171345951017	0.15159016545	0.16704704014	0.166583901544	0.159678254625
246515023-tonguedorsum1.snv.bam	0.235359149021	0.253124520719	0.249629295965	0.251538049251	0.200292874587	0.213456919847	0.219480764906	0.226277081867	0.194976886649	0.199349868003	0.245600535941	0.203763603131	0.229201684602	0.0	0.169570098741	0.194054843255	0.207992364054	0.205188485431	0.237143955681	0.230738217873	0.166028185644	0.196958840289	0.207381093718	0.228359466655	0.225003224439	0.187714715992	0.211316892365	0.159714410258	0.249733012659	0.256269590786	0.224407235272	0.244390850106	0.221976587292	0.243154130831	0.182982729581	0.201275248492	0.238244551344	0.181736450229	0.211723170044	0.222061361995	0.22586315006	0.225513845432	0.154639499775	0.225476255188	0.2192124225	0.216877093065	0.216501979406	0.192592713974	0.230025002743	0.230976504721	0.239489456	0.200493603054	0.200866820337	0.242695785846	0.1431632282	0.177872030124	0.235876652206	0.214395751188	0.219222251048	0.190351096436	0.200722975128	0.166861037463	0.180461091779	0.237590385272	0.226551010859	0.22204986658	0.228312493124	0.227412960395	0.276631950844	0.194622646897	0.219064071771	0.203401419425	0.218009957918	0.240697541612	0.184030074716
370027359-tonguedorsum3.snv.bam	0.155891533536	0.221334785971	0.182683284041	0.189752794236	0.148894514676	0.16179208181	0.142699721068	0.148222504494	0.121370812168	0.128148826594	0.187327361285	0.168724704975	0.1816419212	0.169570098741	0.0	0.152348211589	0.136215278797	0.135905437293	0.242793889124	0.180788609174	0.218687396495	0.168844469917	0.180328927063	0.19886631566	0.196380730623	0.185468458566	0.170569669874	0.155804748692	0.169012919047	0.179879502734	0.149087574116	0.234062695673	0.205854091736	0.174472370532	0.171023424519	0.191461383738	0.197920949471	0.158716698933	0.232717825625	0.255436397506	0.206471781679	0.155268528209	0.20175023572	0.155650620204	0.150352117089	0.199246572579	0.192760682045	0.157316170009	0.152221621064	0.156739672196	0.191875883781	0.189429469005	0.188608937365	0.201584743955	0.170432666843	0.137183613335	0.148596920882	0.14439340099	0.193737044025	0.148802135545	0.181976379065	0.194162984152	0.20924950895	0.16735336398	0.167415880743	0.166654431776	0.152621479749	0.154710096691	0.26358200915	0.16318274153	0.191012870305	0.162192315938	0.167542553343	0.185383330362	0.148439885651
404239096-tonguedorsum1.snv.bam	0.166352621192	0.160856474803	0.137284743927	0.137500622577	0.134123098685	0.0953112724081	0.128693633098	0.111915832933	0.128467537534	0.13231128185	0.158803799699	0.0857805783458	0.154886669061	0.194054843255	0.152348211589	0.0	0.107327399887	0.108924189269	0.252522686949	0.113142504751	0.178598000795	0.161391927782	0.16139760226	0.113091291854	0.107299013948	0.150784681451	0.178594694666	0.130137096015	0.182117880842	0.193561720881	0.16627134039	0.226760492693	0.187739468763	0.17952041214	0.144436470456	0.136042187338	0.167529457445	0.194332126355	0.222680378256	0.240708750553	0.168697983301	0.138688818388	0.155769499483	0.121461945305	0.11545578614	0.191009893571	0.179571573907	0.0940571989297	0.123733917972	0.126907343404	0.125243522956	0.116930861808	0.115184951462	0.174040375447	0.153700843678	0.0976455622026	0.148372595341	0.138084717432	0.130002394683	0.128467802552	0.185853725986	0.1396024052	0.148977677641	0.162960481785	0.1284979138	0.132924445633	0.136933542068	0.133911620646	0.248543757218	0.106889676402	0.124165027952	0.115735939035	0.0775126254803	0.161425726573	0.115395432453
550534656-tonguedorsum2.snv.bam	0.143903272246	0.145365758912	0.140809588012	0.141676212954	0.109508777941	0.0918807090282	0.11514589007	0.136670890922	0.117240304668	0.111400054524	0.167030650293	0.132366051658	0.125975411303	0.207992364054	0.136215278797	0.107327399887	0.0	0.013771304029	0.230613043333	0.128570733889	0.191688474592	0.14245489117	0.136331490269	0.152836512875	0.153251829486	0.160518491119	0.151818114565	0.104964667706	0.16375400653	0.174966951749	0.137178435776	0.217688344697	0.182386693267	0.160486516828	0.157622024624	0.155949667848	0.121644105628	0.183482669037	0.228670071928	0.255152518583	0.187808269327	0.123426674663	0.185411158025	0.103870619328	0.0979745604164	0.18949024848	0.180297766909	0.0899103321857	0.10269816664	0.106239854059	0.14416861961	0.118795771911	0.117345166581	0.135551052862	0.141289397894	0.121093366967	0.126902380457	0.12115351586	0.148744074224	0.122531815387	0.17765947236	0.170211904049	0.181216895009	0.144816254212	0.0860525382292	0.127265965962	0.151340332397	0.153827733945	0.23538848304	0.074673917094	0.146486381043	0.12404593863	0.0992704235439	0.134388171383	0.134384707845
550534656-tonguedorsum3.snv.bam	0.143307232157	0.147837423199	0.142141006166	0.143324160456	0.110350852217	0.0917929051653	0.117030726255	0.138909274379	0.114972154307	0.108112412462	0.167907530007	0.13146984411	0.128506937314	0.205188485431	0.135905437293	0.108924189269	0.013771304029	0.0	0.232808569253	0.129490124752	0.191519895528	0.14250377604	0.137464675169	0.152630646193	0.153045403383	0.159212897311	0.152757398613	0.107007224764	0.16296273244	0.17420575219	0.136230161438	0.216411368226	0.181344302953	0.159285263298	0.158640512792	0.155079848009	0.122065982615	0.180932410033	0.230260540978	0.256894328372	0.185437140612	0.122773350913	0.184325397753	0.105549025191	0.0988642774658	0.189836162527	0.180362786458	0.0905183678752	0.105229007769	0.108723326503	0.146452127223	0.118492143704	0.117039892693	0.135951364291	0.141109012217	0.123151338812	0.130072307676	0.122330087388	0.147782873852	0.121680162689	0.175384109488	0.170199198933	0.181217944177	0.144650136185	0.087676766873	0.12434474758	0.14929954426	0.151807165969	0.237902300677	0.0745631318092	0.144714669578	0.121892341105	0.100617417075	0.134294563858	0.134715951149
604812005-tonguedorsum3.snv.bam	0.242254600293	0.243093706831	0.245415174575	0.251677890328	0.228592694034	0.245261418345	0.246412226586	0.261120244372	0.261863790815	0.258276236832	0.185025842005	0.25010685511	0.233100441672	0.237143955681	0.242793889124	0.252522686949	0.230613043333	0.232808569253	0.0	0.264208535295	0.228121227537	0.228729984255	0.238163161299	0.286585395068	0.288290855751	0.23516117888	0.256284869786	0.232572564647	0.261185413069	0.268506688298	0.231431986547	0.301430496821	0.284057377079	0.253727750582	0.25971790122	0.262826296093	0.253377058127	0.266558242468	0.165511318374	0.181381940643	0.287144189934	0.202617182117	0.253918564732	0.254954250621	0.253508359799	0.282637103246	0.283971188057	0.254784188781	0.260767027102	0.26176099394	0.279973994189	0.282273662638	0.284102621891	0.259611650655	0.212235708395	0.253812412704	0.257374266797	0.261789921906	0.275924500771	0.230162635019	0.252444492234	0.244222056165	0.253367667489	0.258469275614	0.242666431971	0.268728395572	0.251191285334	0.257826584089	0.110772516085	0.252793126543	0.257150613028	0.237593406793	0.260313179765	0.252575748807	0.243646014738
638754422-tonguedorsum2.snv.bam	0.166279831704	0.185922639331	0.178183025684	0.179521830548	0.148982790521	0.125348689933	0.154799064571	0.168460767059	0.15904237248	0.168384217458	0.185127163211	0.129259886963	0.185365255858	0.230738217873	0.180788609174	0.113142504751	0.128570733889	0.129490124752	0.264208535295	0.0	0.207251807444	0.1940450213	0.1951925157	0.152995278017	0.147889582345	0.175359464442	0.198950032519	0.152572466067	0.181994851473	0.188543527101	0.179402174357	0.236747820319	0.202755538468	0.169628719165	0.178048323033	0.170448475648	0.174675795426	0.214599655253	0.248351428621	0.262541258458	0.193309479733	0.145118993647	0.181614216333	0.151900077564	0.145166797117	0.206827221004	0.194098292338	0.130195836373	0.152272338394	0.152078301952	0.0555398965553	0.148429544423	0.149201434155	0.190017111708	0.179176663945	0.137371377604	0.182470110252	0.168558259081	0.155225282495	0.161065723254	0.181466542441	0.156417926967	0.162517130299	0.182457660563	0.140416523356	0.142689568322	0.18370935364	0.178188597085	0.257492947482	0.139311944656	0.162028404737	0.154594114491	0.121715973763	0.158540250967	0.168239097199
663835652-tonguedorsum2.snv.bam	0.220820262349	0.169800408692	0.186211838265	0.187334601587	0.169655354631	0.153261508769	0.179327231566	0.231542830602	0.213999131528	0.205131574315	0.224019223298	0.171657565179	0.190230762563	0.166028185644	0.218687396495	0.178598000795	0.191688474592	0.191519895528	0.228121227537	0.207251807444	0.0	0.197212727946	0.20078689731	0.209212255136	0.209212255136	0.135641025641	0.211354858299	0.139637483943	0.248739970954	0.255262630464	0.229339294011	0.213454354272	0.182393317634	0.223899853636	0.166710444082	0.161501711699	0.220771561343	0.183981244242	0.217245998091	0.242114632578	0.130518615845	0.199627116824	0.135287907279	0.16711232743	0.169039033404	0.1852163097	0.183027992176	0.196358157089	0.17483636582	0.177033748394	0.215056172877	0.180822553267	0.179320950788	0.220997600782	0.0661579808188	0.210230194216	0.197479396666	0.23224544822	0.209429941073	0.170955081795	0.176945964933	0.117911363185	0.126851755398	0.206587457735	0.185212734266	0.166190824316	0.214912118629	0.215933838465	0.243562305686	0.18718457415	0.184623680615	0.173138376135	0.216119287808	0.184717383687	0.201607970051
675950834-tonguedorsum1.snv.bam	0.164709468211	0.134763156768	0.156478651227	0.165228588099	0.132820068115	0.127159675083	0.163945899702	0.180429179013	0.16810118004	0.147388578958	0.21139852174	0.192905032378	0.142330501162	0.196958840289	0.168844469917	0.161391927782	0.14245489117	0.14250377604	0.228729984255	0.1940450213	0.197212727946	0.0	0.0310928636831	0.212276757264	0.210987901193	0.191712835822	0.11811448938	0.152269068878	0.215363170073	0.22661427405	0.171674779254	0.210522744632	0.186527425494	0.191308552616	0.149489567888	0.160174749843	0.101767254836	0.166976349272	0.226858013392	0.25739196886	0.182261006368	0.142881220091	0.205067676964	0.167509691243	0.160804080531	0.167509708283	0.166002089933	0.174561841254	0.165831608128	0.167964853389	0.215899120711	0.203473999436	0.202590573934	0.111461955629	0.165538145601	0.175565095967	0.153878074633	0.160739319988	0.206366067007	0.163095603934	0.216851526505	0.21269478236	0.2252264303	0.145953182506	0.129383398046	0.155537759584	0.180398248283	0.184293856128	0.24283624442	0.153222322832	0.196677535881	0.176886540258	0.180313002655	0.161221048667	0.139448357819
675950834-tonguedorsum2.snv.bam	0.167518366219	0.119546397964	0.152226544959	0.160979691526	0.130153277886	0.123273948118	0.171172202143	0.176397087175	0.171047750463	0.148439885031	0.20960611886	0.19246233809	0.145280488431	0.207381093718	0.180328927063	0.16139760226	0.136331490269	0.137464675169	0.238163161299	0.1951925157	0.20078689731	0.0310928636831	0.0	0.209606356535	0.208337826413	0.191294868226	0.110354193914	0.159762978783	0.214842006941	0.226536645774	0.166937969319	0.221291743634	0.195921863956	0.194504655114	0.148283257093	0.158117274559	0.0833110243609	0.175204377388	0.227571619356	0.260032190467	0.182784704521	0.144041307144	0.211227714319	0.165729860116	0.159353997389	0.166545625175	0.16405765634	0.175547913572	0.164900523204	0.167130093825	0.217413637439	0.204841343028	0.20385443481	0.0886228056032	0.173927552151	0.186708556196	0.157601564137	0.162749388587	0.202843678563	0.168570086839	0.222577113177	0.225056007206	0.237524388744	0.148795862208	0.123290620044	0.157557633917	0.179684266641	0.185500876313	0.242680783699	0.151689699479	0.203685449825	0.18240189245	0.182332709588	0.157635529975	0.141829354764
737052003-tonguedorsum1.snv.bam	0.190484008774	0.160447459273	0.197060988375	0.196826586855	0.151868188827	0.14932116478	0.172322522395	0.147339232544	0.163091734711	0.167180991881	0.190705570465	0.0881873765726	0.188148574066	0.228359466655	0.19886631566	0.113091291854	0.152836512875	0.152630646193	0.286585395068	0.152995278017	0.209212255136	0.212276757264	0.209606356535	0.0	0.0	0.159138110073	0.199895976693	0.166632207109	0.189146578819	0.195075310565	0.182765754371	0.238930344366	0.208327154167	0.181683412121	0.178271935066	0.171334667867	0.193643146664	0.214497384668	0.267886403527	0.287477725952	0.181328856329	0.168286597908	0.193212784929	0.163461331352	0.154195587156	0.193699268545	0.193345075992	0.124401861586	0.162983425414	0.168139507482	0.154494382022	0.155927524199	0.153846153846	0.179836512262	0.196199408952	0.148408526665	0.174329680236	0.164720886692	0.162314465422	0.174268821351	0.226177432091	0.16984850351	0.175452279724	0.200340919093	0.172938984814	0.170382766031	0.201723825831	0.204258917841	0.278758154579	0.151163717629	0.159468364741	0.155256519324	0.115410218933	0.172866889431	0.152040384495
737052003-tonguedorsum2.snv.bam	0.18939240987	0.16088464581	0.19920019197	0.199175387635	0.151671669181	0.149726928815	0.172420236759	0.144996757908	0.160947253482	0.165923971908	0.192354054577	0.0775146969433	0.191128672941	0.225003224439	0.196380730623	0.107299013948	0.153251829486	0.153045403383	0.288290855751	0.147889582345	0.209212255136	0.210987901193	0.208337826413	0.0	0.0	0.156510416667	0.201605785149	0.168011424828	0.189146578819	0.19552088075	0.182849463529	0.247224766123	0.213190436462	0.181373796426	0.177624279327	0.173408372254	0.191642163597	0.214774664193	0.262224011805	0.283677633934	0.183571790969	0.16930678239	0.18589184815	0.163914132824	0.154627507569	0.199138935023	0.195202041305	0.122385566334	0.163434903047	0.168596408318	0.150141643059	0.153569334768	0.151515151515	0.18306010929	0.194388604984	0.142531298791	0.178043368748	0.170370604206	0.156301236951	0.172946475131	0.225401976846	0.170331027668	0.176435205661	0.200357622987	0.173257961524	0.170883891814	0.202281073969	0.202650212638	0.282766800831	0.152425644376	0.156088168889	0.152758761272	0.110275096914	0.173322273647	0.149400699476
739574095-tonguedorsum2.snv.bam	0.171364112707	0.163553924224	0.184220910819	0.185814580116	0.164434093709	0.141665162998	0.163677789481	0.175680593088	0.185096453325	0.197032330239	0.146279456775	0.136373473105	0.203344494701	0.187714715992	0.185468458566	0.150784681451	0.160518491119	0.159212897311	0.23516117888	0.175359464442	0.135641025641	0.191712835822	0.191294868226	0.159138110073	0.156510416667	0.0	0.217545311929	0.159699788979	0.179969229438	0.188015156024	0.187041635977	0.264552727733	0.222968061248	0.171496854126	0.145952169897	0.129573259376	0.211825873476	0.229695227593	0.20820185983	0.223536409147	0.118766585901	0.166145807707	0.198627622352	0.160513177755	0.158278367269	0.225317854199	0.219621938188	0.161380998108	0.157001044932	0.159898195074	0.191959531416	0.136781572664	0.136904761905	0.207047325103	0.126656020336	0.178877160942	0.189172437973	0.206060957234	0.158047205833	0.162270764757	0.162669087034	0.193333799338	0.206907825118	0.204384422362	0.171962325475	0.122933361223	0.163462058769	0.168269013757	0.211925605027	0.152763021355	0.178590640009	0.156065576964	0.166983341149	0.180677140096	0.156567486164
763395383-anteriornares3.snv.bam	0.181637942255	0.1237335115	0.167897478775	0.169249768994	0.15361945651	0.149205828982	0.164244032841	0.213171813029	0.183677049057	0.170477937449	0.237502344408	0.189779048474	0.101189775765	0.211316892365	0.170569669874	0.178594694666	0.151818114565	0.152757398613	0.256284869786	0.198950032519	0.211354858299	0.11811448938	0.110354193914	0.199895976693	0.201605785149	0.217545311929	0.0	0.15488144708	0.233863421143	0.243207410844	0.182550067704	0.191959910116	0.163348399487	0.206362491305	0.149543537674	0.16911474865	0.0977510033741	0.154905242677	0.257347667268	0.282782042708	0.182930219563	0.157783191635	0.224657924147	0.156695445704	0.153597793595	0.132868969982	0.130996858787	0.193080985906	0.159097387831	0.161559626537	0.205709873491	0.225140412203	0.224545202256	0.10000109729	0.179886094987	0.191750841458	0.172911510189	0.192245186996	0.225673206019	0.14988461488	0.191065210908	0.222205698707	0.234802411546	0.160548816715	0.1347998686	0.192099143578	0.224214966707	0.223919381579	0.258391665963	0.167449510699	0.197863723307	0.17553189855	0.199809158965	0.175244094597	0.161550945895
763395383-tonguedorsum3.snv.bam	0.183238292346	0.157212746161	0.163682726924	0.164504364243	0.107529771533	0.0975587873209	0.133542620158	0.163437327581	0.139546336154	0.126762204387	0.180672872725	0.132634691639	0.129589926281	0.159714410258	0.155804748692	0.130137096015	0.104964667706	0.107007224764	0.232572564647	0.152572466067	0.139637483943	0.152269068878	0.159762978783	0.166632207109	0.168011424828	0.159699788979	0.15488144708	0.0	0.19224285849	0.200085459765	0.171799235815	0.168343605003	0.134943331223	0.18505914606	0.134902113115	0.1436190834	0.155628676715	0.144412048692	0.225142276569	0.256111985635	0.171145077828	0.144468978937	0.148314738403	0.123844665283	0.119560709137	0.144874368406	0.13869952486	0.124176397817	0.124232225664	0.129613421413	0.155859065493	0.164937578216	0.163844715642	0.173620802067	0.102380861596	0.127999025149	0.136128873933	0.14181528314	0.182920975062	0.12156128774	0.159582185756	0.121234425643	0.130473452019	0.154933602636	0.116716476258	0.151982328253	0.180253607852	0.181921011632	0.245077040503	0.137970110832	0.139144307515	0.108480502193	0.126995749088	0.149862997139	0.134490371512
763536994-tonguedorsum1.snv.bam	0.119934245521	0.225569117287	0.206185198028	0.207877827967	0.171308662601	0.184236435315	0.184496640954	0.142651362273	0.149791531942	0.156940302006	0.153561257851	0.143363997916	0.223635970514	0.249733012659	0.169012919047	0.182117880842	0.16375400653	0.16296273244	0.261185413069	0.181994851473	0.248739970954	0.215363170073	0.214842006941	0.189146578819	0.189146578819	0.179969229438	0.233863421143	0.19224285849	0.0	0.00712345211732	0.0537599043608	0.28688115547	0.255648508163	0.109907070908	0.201060257951	0.192663939824	0.212378398149	0.196839283312	0.268576789109	0.29367832609	0.206444440061	0.183383486676	0.241789923723	0.180289466979	0.174055226849	0.216778855863	0.209597766686	0.188635291275	0.185150434939	0.181943821409	0.210584110538	0.21816876638	0.217255230731	0.206612496023	0.221745156548	0.186838505472	0.170528194288	0.119057499696	0.216586905108	0.205982200101	0.207831288651	0.216931867055	0.228028535251	0.185849899524	0.181507407478	0.179868251001	0.128047755789	0.129112503768	0.262777750913	0.197225821615	0.164961001561	0.161217265259	0.168877653969	0.0780001453019	0.181448566663
763536994-tonguedorsum2.snv.bam	0.128059950082	0.233056140747	0.216426206749	0.217794839086	0.181859756679	0.194556943047	0.192654980029	0.154476858353	0.161282077311	0.167372046459	0.160051689263	0.149326817011	0.234333834396	0.256269590786	0.179879502734	0.193561720881	0.174966951749	0.17420575219	0.268506688298	0.188543527101	0.255262630464	0.22661427405	0.226536645774	0.195075310565	0.19552088075	0.188015156024	0.243207410844	0.200085459765	0.00712345211732	0.0	0.0600150192432	0.293026843662	0.260456289826	0.115365061915	0.205351965651	0.197602829005	0.222940170811	0.205898743421	0.276613875237	0.30156193827	0.21184271497	0.194277922475	0.250158315938	0.187735347503	0.181741028277	0.225896039696	0.219163153775	0.196178783295	0.192986927959	0.18920810206	0.215627916727	0.225873315632	0.224948387514	0.216779638922	0.228791040624	0.195535880672	0.17987812413	0.130548033819	0.226665005098	0.217005462798	0.21485639191	0.219499293465	0.230058171151	0.194861117453	0.191919011304	0.18906979135	0.136470914089	0.136305427825	0.269194670915	0.206496230287	0.171182946542	0.168720123119	0.180523102011	0.0842499244118	0.192296328
763536994-tonguedorsum3.snv.bam	0.103929339422	0.192384247531	0.184610478078	0.18841890083	0.148600973142	0.161939016922	0.17538216258	0.140641020667	0.136003284999	0.130110257842	0.159167451957	0.144675765903	0.18293660205	0.224407235272	0.149087574116	0.16627134039	0.137178435776	0.136230161438	0.231431986547	0.179402174357	0.229339294011	0.171674779254	0.166937969319	0.182765754371	0.182849463529	0.187041635977	0.182550067704	0.171799235815	0.0537599043608	0.0600150192432	0.0	0.257431550248	0.22641467342	0.118892466595	0.178504285638	0.181266925457	0.174137167653	0.175378824935	0.243221964002	0.272994259653	0.197415257222	0.157420092892	0.229363738503	0.170718752968	0.164619489438	0.186526311613	0.182251381795	0.176824862805	0.175898786005	0.175164107495	0.210243031014	0.21278417103	0.211951389002	0.171306306984	0.198652652121	0.166971560308	0.153292268503	0.128394558072	0.208442246948	0.177874349835	0.195952452831	0.209288380285	0.220730844262	0.166821176169	0.150450594026	0.168871527713	0.13513683751	0.136956082279	0.248309387489	0.170114365384	0.150421526499	0.141200806775	0.166814439988	0.0768501020359	0.144907596239
763577454-tonguedorsum1.snv.bam	0.244565086084	0.240749941631	0.224455152877	0.224916328633	0.176756322979	0.173928183126	0.210482436222	0.263350301515	0.22178114215	0.197269115077	0.284229060748	0.237870676796	0.188606291589	0.244390850106	0.234062695673	0.226760492693	0.217688344697	0.216411368226	0.301430496821	0.236747820319	0.213454354272	0.210522744632	0.221291743634	0.238930344366	0.247224766123	0.264552727733	0.191959910116	0.168343605003	0.28688115547	0.293026843662	0.257431550248	0.0	0.0123067151648	0.25114855944	0.180580655527	0.193751765931	0.21506407316	0.15394878442	0.308003062199	0.33983854194	0.166244395947	0.213933320648	0.224815284775	0.213299664499	0.207610300502	0.128044111068	0.129819457901	0.222023819911	0.204476606406	0.208689826004	0.235926976014	0.250134169735	0.249082713186	0.230327131619	0.205193608776	0.223136343951	0.214591912	0.218336158535	0.285453469055	0.187579082172	0.176899027493	0.228279058215	0.237631645187	0.204122458223	0.211669983481	0.223427815703	0.254990770076	0.258767324476	0.305053932754	0.225715283732	0.205130225003	0.199410957225	0.234413664795	0.237595631806	0.229955253027
