	159288231-stool1.snv.bam	160704339-stool1.snv.bam	BYQ_AAAD.snv.bam	CCIS11019776ST-4-0.snv.bam	CCIS28384594ST-4-0.snv.bam	CCIS41222843ST-4-0.snv.bam	CCMD14479708ST-21-0.snv.bam	CCMD46222674ST-21-0.snv.bam	MH0257.snv.bam	MMRS14602194ST-27-0-0.snv.bam	MMRS25641480ST-27-0-0.snv.bam	MMRS41711735ST-27-0-0.snv.bam	MMRS51410669ST-27-0-0.snv.bam	MMRS66868025ST-27-0-0.snv.bam	MMRS86168210ST-27-0-0.snv.bam	SAMEA3136645.snv.bam	SAMEA3136676.snv.bam	T2D-47A.snv.bam	V1.FI16.snv.bam	V1.UC55-4.snv.bam
159288231-stool1.snv.bam	0.0	0.106710063239	0.126275882099	0.102395243574	0.122036228477	0.107894420273	0.135573234733	0.105005825327	0.112611100006	0.105234970073	0.111062703223	0.12614360067	0.131626927988	0.136395134377	0.139929212084	0.160484562319	0.128909671649	0.138692359137	0.129742829999	0.116835941746
160704339-stool1.snv.bam	0.106710063239	0.0	0.118866687433	0.112526652916	0.113982647066	0.097025938542	0.129044356365	0.102022560105	0.087753393826	0.108245140889	0.100368662255	0.124950076934	0.11853208533	0.130171112251	0.111573703931	0.145207434875	0.136356328972	0.137670858333	0.100452734835	0.111539625709
BYQ_AAAD.snv.bam	0.126275882099	0.118866687433	0.0	0.111265505195	0.100351829239	0.107117060344	0.11723259567	0.111112334112	0.104775362737	0.122309063486	0.106155909793	0.134335664336	0.118537467022	0.125927781811	0.10877368556	0.158094111096	0.146884340599	0.140166364157	0.112908067674	0.116075356006
CCIS11019776ST-4-0.snv.bam	0.102395243574	0.112526652916	0.111265505195	0.0	0.103389449559	0.0790191145746	0.116470167806	0.0475377728594	0.095913431377	0.0931534610229	0.0985154244791	0.135390377359	0.103503626218	0.13008162656	0.0964634324802	0.162917919049	0.123699886811	0.136060399	0.104248534606	0.0974181756412
CCIS28384594ST-4-0.snv.bam	0.122036228477	0.113982647066	0.100351829239	0.103389449559	0.0	0.0921502031813	0.111616473525	0.110627064994	0.106409711377	0.116416262368	0.12140832546	0.139404419091	0.115908922706	0.119558335584	0.118508381474	0.142126703006	0.115129745733	0.126155186458	0.111298803604	0.133408983038
CCIS41222843ST-4-0.snv.bam	0.107894420273	0.097025938542	0.107117060344	0.0790191145746	0.0921502031813	0.0	0.117562188207	0.0621317654934	0.0793187884147	0.0949364397621	0.0905966785773	0.12814942868	0.109333424759	0.1204260819	0.0908366626302	0.146002023274	0.117551686328	0.12368171228	0.0948737111968	0.0930976150404
CCMD14479708ST-21-0.snv.bam	0.135573234733	0.129044356365	0.11723259567	0.116470167806	0.111616473525	0.117562188207	0.0	0.110739740406	0.111711731433	0.119504298529	0.119874576388	0.139464959223	0.115852447027	0.128311548203	0.106133771103	0.162056976668	0.134408984074	0.154160855938	0.119035747599	0.136511491198
CCMD46222674ST-21-0.snv.bam	0.105005825327	0.102022560105	0.111112334112	0.0475377728594	0.110627064994	0.0621317654934	0.110739740406	0.0	0.0852008440836	0.0989392824113	0.0942274464109	0.126929895585	0.107754949471	0.124551382174	0.0874015170365	0.152455335156	0.132348191214	0.127054119332	0.0945603188066	0.0929987287575
MH0257.snv.bam	0.112611100006	0.087753393826	0.104775362737	0.095913431377	0.106409711377	0.0793187884147	0.111711731433	0.0852008440836	0.0	0.10532092342	0.100644883375	0.11232617106	0.113871980956	0.115135063842	0.0990194854749	0.124647083334	0.129207056097	0.128023985082	0.11632356027	0.0904268827267
MMRS14602194ST-27-0-0.snv.bam	0.105234970073	0.108245140889	0.122309063486	0.0931534610229	0.116416262368	0.0949364397621	0.119504298529	0.0989392824113	0.10532092342	0.0	0.113182952668	0.145148339684	0.105024005487	0.118823533703	0.118203797913	0.144052887541	0.118935837246	0.136616309467	0.111604023516	0.119396883541
MMRS25641480ST-27-0-0.snv.bam	0.111062703223	0.100368662255	0.106155909793	0.0985154244791	0.12140832546	0.0905966785773	0.119874576388	0.0942274464109	0.100644883375	0.113182952668	0.0	0.120803256468	0.104757321628	0.115980002529	0.116241188854	0.152098736995	0.122586138873	0.123330059706	0.114487326725	0.0938383198618
MMRS41711735ST-27-0-0.snv.bam	0.12614360067	0.124950076934	0.134335664336	0.135390377359	0.139404419091	0.12814942868	0.139464959223	0.126929895585	0.11232617106	0.145148339684	0.120803256468	0.0	0.138790624413	0.14403949181	0.150772337076	0.16591580833	0.155288205614	0.157460510083	0.148958227338	0.125093597673
MMRS51410669ST-27-0-0.snv.bam	0.131626927988	0.11853208533	0.118537467022	0.103503626218	0.115908922706	0.109333424759	0.115852447027	0.107754949471	0.113871980956	0.105024005487	0.104757321628	0.138790624413	0.0	0.124514131187	0.120069588142	0.1412661448	0.127730027172	0.125427247364	0.112651630804	0.131637104507
MMRS66868025ST-27-0-0.snv.bam	0.136395134377	0.130171112251	0.125927781811	0.13008162656	0.119558335584	0.1204260819	0.128311548203	0.124551382174	0.115135063842	0.118823533703	0.115980002529	0.14403949181	0.124514131187	0.0	0.139432103888	0.167835252557	0.134108076324	0.13954638606	0.135593115343	0.13388463751
MMRS86168210ST-27-0-0.snv.bam	0.139929212084	0.111573703931	0.10877368556	0.0964634324802	0.118508381474	0.0908366626302	0.106133771103	0.0874015170365	0.0990194854749	0.118203797913	0.116241188854	0.150772337076	0.120069588142	0.139432103888	0.0	0.16206296837	0.153006580324	0.155684764178	0.116252923591	0.119367572457
SAMEA3136645.snv.bam	0.160484562319	0.145207434875	0.158094111096	0.162917919049	0.142126703006	0.146002023274	0.162056976668	0.152455335156	0.124647083334	0.144052887541	0.152098736995	0.16591580833	0.1412661448	0.167835252557	0.16206296837	0.0	0.160966603705	0.154547194897	0.166998328805	0.155649591701
SAMEA3136676.snv.bam	0.128909671649	0.136356328972	0.146884340599	0.123699886811	0.115129745733	0.117551686328	0.134408984074	0.132348191214	0.129207056097	0.118935837246	0.122586138873	0.155288205614	0.127730027172	0.134108076324	0.153006580324	0.160966603705	0.0	0.135466385589	0.146532857388	0.145744020303
T2D-47A.snv.bam	0.138692359137	0.137670858333	0.140166364157	0.136060399	0.126155186458	0.12368171228	0.154160855938	0.127054119332	0.128023985082	0.136616309467	0.123330059706	0.157460510083	0.125427247364	0.13954638606	0.155684764178	0.154547194897	0.135466385589	0.0	0.146368857311	0.147765752732
V1.FI16.snv.bam	0.129742829999	0.100452734835	0.112908067674	0.104248534606	0.111298803604	0.0948737111968	0.119035747599	0.0945603188066	0.11632356027	0.111604023516	0.114487326725	0.148958227338	0.112651630804	0.135593115343	0.116252923591	0.166998328805	0.146532857388	0.146368857311	0.0	0.118821127798
V1.UC55-4.snv.bam	0.116835941746	0.111539625709	0.116075356006	0.0974181756412	0.133408983038	0.0930976150404	0.136511491198	0.0929987287575	0.0904268827267	0.119396883541	0.0938383198618	0.125093597673	0.131637104507	0.13388463751	0.119367572457	0.155649591701	0.145744020303	0.147765752732	0.118821127798	0.0
