	159490532-stool2.snv.bam	159753524-stool2.snv.bam	160380657-stool1.snv.bam	BGI003A.snv.bam	BGI089A.snv.bam	BYQ_AAAE.snv.bam	BYQ_AAAP.snv.bam	BYQ_AAAR.snv.bam	BYQ_AAAY.snv.bam	CCIS22958137ST-20-0.snv.bam	CCIS44743950ST-4-0.snv.bam	CCIS63448910ST-4-0.snv.bam	CCIS71301801ST-4-0.snv.bam	CCIS81735969ST-20-0.snv.bam	CCIS83574003ST-4-0.snv.bam	CCIS90166425ST-4-0.snv.bam	CCIS91228662ST-4-0.snv.bam	CCMD40701343ST-21-0.snv.bam	CCMD51864103ST-21-0.snv.bam	CCMD63399960ST-21-0.snv.bam	CCMD74930188ST-21-0.snv.bam	CCMD86707194ST-21-0.snv.bam	CCMD88272491ST-21-0.snv.bam	DLF014.snv.bam	HT25A.snv.bam	MH0119.snv.bam	MH0150.snv.bam	MH0192.snv.bam	MH0199.snv.bam	MH0211.snv.bam	MH0212.snv.bam	MH0230.snv.bam	MH0261.snv.bam	MH0274.snv.bam	MH0281.snv.bam	MH0289.snv.bam	MH0301.snv.bam	MH0305.snv.bam	MH0311.snv.bam	MH0327.snv.bam	MH0332.snv.bam	MH0341.snv.bam	MH0406.snv.bam	MH0427.snv.bam	MH0444.snv.bam	MMRS11932626ST-27-0-0.snv.bam	MMRS24340226ST-27-0-0.snv.bam	MMRS59699117ST-27-0-0.snv.bam	MMRS62376181ST-27-0-0.snv.bam	MMRS95674036ST-27-0-0.snv.bam	N017A.snv.bam	N029A.snv.bam	N042A.snv.bam	N052A.snv.bam	NOM002.snv.bam	NOM014.snv.bam	NOM027.snv.bam	O2.CD3-0-PT.snv.bam	O2.UC17-1.snv.bam	O2.UC49-0.snv.bam	SAMEA3136680.snv.bam	SAMEA3136724.snv.bam	SAMEA3136735.snv.bam	SAMEA3136761.snv.bam	SZEY-64A.snv.bam	T2D-103A.snv.bam	T2D-109A.snv.bam	T2D-118A.snv.bam	T2D-127A.snv.bam	T2D-132A.snv.bam	T2D-13A.snv.bam	T2D-192A.snv.bam	V1.CD17-4.snv.bam	V1.CD25-4.snv.bam	V1.CD36-0.snv.bam	V1.CD41-0.snv.bam	V1.CD44-4.snv.bam	V1.CD49-0.snv.bam	V1.FI13.snv.bam	V1.FI29.snv.bam	V1.FI33.snv.bam	alien-11-0-0.snv.bam	alien-11-60-0.snv.bam	bugkiller-11-7-0.snv.bam	daisy-11-60-0.snv.bam	scavenger-11-7-0.snv.bam
159490532-stool2.snv.bam	0.0	0.147651006711	0.0536912751678	0.147651006711	0.167785234899	0.241610738255	0.248322147651	0.241610738255	0.241610738255	0.147651006711	0.174496644295	0.261744966443	0.221476510067	0.228187919463	0.214765100671	0.228187919463	0.187919463087	0.214765100671	0.140939597315	0.208053691275	0.201342281879	0.161073825503	0.161073825503	0.201342281879	0.167785234899	0.221476510067	0.248322147651	0.161073825503	0.208053691275	0.194630872483	0.194630872483	0.194630872483	0.187919463087	0.187919463087	0.174496644295	0.147651006711	0.154362416107	0.275167785235	0.261744966443	0.161073825503	0.261744966443	0.161073825503	0.174496644295	0.228187919463	0.214765100671	0.228187919463	0.187919463087	0.214765100671	0.174496644295	0.187919463087	0.261744966443	0.167785234899	0.147651006711	0.174496644295	0.187919463087	0.161073825503	0.167785234899	0.234899328859	0.228187919463	0.174496644295	0.221476510067	0.154362416107	0.167785234899	0.154362416107	0.161073825503	0.167785234899	0.187919463087	0.261744966443	0.147651006711	0.248322147651	0.140939597315	0.181208053691	0.187919463087	0.234899328859	0.221476510067	0.187919463087	0.268456375839	0.194630872483	0.234899328859	0.315436241611	0.167785234899	0.181208053691	0.167785234899	0.234899328859	0.174496644295	0.181208053691
159753524-stool2.snv.bam	0.147651006711	0.0	0.161073825503	0.181208053691	0.154362416107	0.114093959732	0.114093959732	0.174496644295	0.114093959732	0.140939597315	0.187919463087	0.255033557047	0.167785234899	0.147651006711	0.127516778523	0.154362416107	0.127516778523	0.10067114094	0.234899328859	0.208053691275	0.187919463087	0.120805369128	0.174496644295	0.181208053691	0.335570469799	0.10067114094	0.214765100671	0.140939597315	0.120805369128	0.221476510067	0.140939597315	0.214765100671	0.214765100671	0.0536912751678	0.181208053691	0.187919463087	0.174496644295	0.147651006711	0.214765100671	0.181208053691	0.221476510067	0.134228187919	0.208053691275	0.174496644295	0.10067114094	0.147651006711	0.140939597315	0.194630872483	0.161073825503	0.241610738255	0.208053691275	0.295302013423	0.147651006711	0.134228187919	0.140939597315	0.181208053691	0.328859060403	0.174496644295	0.181208053691	0.134228187919	0.201342281879	0.140939597315	0.187919463087	0.181208053691	0.181208053691	0.308724832215	0.140939597315	0.167785234899	0.147651006711	0.187919463087	0.114093959732	0.194630872483	0.134228187919	0.187919463087	0.322147651007	0.134228187919	0.214765100671	0.114093959732	0.181208053691	0.187919463087	0.147651006711	0.174496644295	0.187919463087	0.120805369128	0.167785234899	0.181208053691
160380657-stool1.snv.bam	0.0536912751678	0.161073825503	0.0	0.127516778523	0.187919463087	0.214765100671	0.221476510067	0.228187919463	0.214765100671	0.187919463087	0.174496644295	0.281879194631	0.194630872483	0.241610738255	0.201342281879	0.214765100671	0.187919463087	0.241610738255	0.127516778523	0.174496644295	0.187919463087	0.181208053691	0.154362416107	0.221476510067	0.134228187919	0.248322147651	0.241610738255	0.194630872483	0.248322147651	0.174496644295	0.181208053691	0.181208053691	0.214765100671	0.147651006711	0.187919463087	0.147651006711	0.167785234899	0.261744966443	0.241610738255	0.154362416107	0.281879194631	0.181208053691	0.161073825503	0.214765100671	0.201342281879	0.248322147651	0.174496644295	0.221476510067	0.187919463087	0.181208053691	0.248322147651	0.134228187919	0.161073825503	0.201342281879	0.174496644295	0.154362416107	0.134228187919	0.255033557047	0.221476510067	0.208053691275	0.201342281879	0.161073825503	0.181208053691	0.134228187919	0.154362416107	0.134228187919	0.174496644295	0.255033557047	0.174496644295	0.241610738255	0.147651006711	0.201342281879	0.214765100671	0.214765100671	0.214765100671	0.214765100671	0.261744966443	0.201342281879	0.255033557047	0.295302013423	0.201342281879	0.167785234899	0.167785234899	0.241610738255	0.181208053691	0.174496644295
BGI003A.snv.bam	0.147651006711	0.181208053691	0.127516778523	0.0	0.0805369127517	0.140939597315	0.147651006711	0.114093959732	0.140939597315	0.107382550336	0.214765100671	0.167785234899	0.154362416107	0.194630872483	0.140939597315	0.161073825503	0.107382550336	0.161073825503	0.0134228187919	0.0671140939597	0.0738255033557	0.0536912751678	0.0	0.0805369127517	0.120805369128	0.154362416107	0.0872483221477	0.0671140939597	0.107382550336	0.0805369127517	0.120805369128	0.107382550336	0.140939597315	0.201342281879	0.0805369127517	0.0738255033557	0.120805369128	0.127516778523	0.114093959732	0.0	0.181208053691	0.0671140939597	0.167785234899	0.114093959732	0.107382550336	0.107382550336	0.114093959732	0.0939597315436	0.147651006711	0.194630872483	0.167785234899	0.0805369127517	0.120805369128	0.161073825503	0.120805369128	0.0	0.114093959732	0.127516778523	0.120805369128	0.10067114094	0.0939597315436	0.0738255033557	0.147651006711	0.0738255033557	0.0	0.0939597315436	0.120805369128	0.140939597315	0.127516778523	0.140939597315	0.0402684563758	0.0872483221477	0.140939597315	0.0738255033557	0.194630872483	0.140939597315	0.174496644295	0.0671140939597	0.127516778523	0.174496644295	0.0604026845638	0.114093959732	0.120805369128	0.154362416107	0.0738255033557	0.0604026845638
BGI089A.snv.bam	0.167785234899	0.154362416107	0.187919463087	0.0805369127517	0.0	0.127516778523	0.107382550336	0.147651006711	0.120805369128	0.140939597315	0.221476510067	0.147651006711	0.10067114094	0.201342281879	0.107382550336	0.147651006711	0.0805369127517	0.140939597315	0.0738255033557	0.0805369127517	0.0536912751678	0.0201342281879	0.0939597315436	0.0738255033557	0.201342281879	0.134228187919	0.140939597315	0.0536912751678	0.0469798657718	0.134228187919	0.140939597315	0.0872483221477	0.114093959732	0.194630872483	0.0738255033557	0.114093959732	0.127516778523	0.107382550336	0.107382550336	0.0939597315436	0.0872483221477	0.0134228187919	0.147651006711	0.0536912751678	0.107382550336	0.0805369127517	0.134228187919	0.10067114094	0.154362416107	0.147651006711	0.140939597315	0.161073825503	0.120805369128	0.134228187919	0.140939597315	0.0939597315436	0.194630872483	0.0738255033557	0.0469798657718	0.0738255033557	0.140939597315	0.0604026845638	0.120805369128	0.0738255033557	0.10067114094	0.174496644295	0.140939597315	0.0872483221477	0.107382550336	0.10067114094	0.0402684563758	0.0872483221477	0.120805369128	0.0939597315436	0.194630872483	0.120805369128	0.107382550336	0.0604026845638	0.0738255033557	0.154362416107	0.0671140939597	0.134228187919	0.154362416107	0.134228187919	0.0536912751678	0.0402684563758
BYQ_AAAE.snv.bam	0.241610738255	0.114093959732	0.214765100671	0.140939597315	0.127516778523	0.0	0.0	0.154362416107	0.0	0.120805369128	0.228187919463	0.228187919463	0.140939597315	0.167785234899	0.10067114094	0.0671140939597	0.0738255033557	0.114093959732	0.201342281879	0.174496644295	0.167785234899	0.10067114094	0.134228187919	0.181208053691	0.295302013423	0.0939597315436	0.154362416107	0.120805369128	0.120805369128	0.194630872483	0.0939597315436	0.187919463087	0.201342281879	0.127516778523	0.174496644295	0.154362416107	0.181208053691	0.0604026845638	0.147651006711	0.134228187919	0.208053691275	0.114093959732	0.161073825503	0.147651006711	0.0738255033557	0.147651006711	0.0939597315436	0.181208053691	0.167785234899	0.248322147651	0.201342281879	0.255033557047	0.127516778523	0.127516778523	0.0939597315436	0.140939597315	0.288590604027	0.161073825503	0.161073825503	0.127516778523	0.174496644295	0.120805369128	0.181208053691	0.114093959732	0.140939597315	0.268456375839	0.0939597315436	0.107382550336	0.140939597315	0.147651006711	0.0604026845638	0.187919463087	0.127516778523	0.147651006711	0.275167785235	0.127516778523	0.201342281879	0.0604026845638	0.174496644295	0.10067114094	0.147651006711	0.174496644295	0.208053691275	0.0402684563758	0.147651006711	0.140939597315
BYQ_AAAP.snv.bam	0.248322147651	0.114093959732	0.221476510067	0.147651006711	0.107382550336	0.0	0.0	0.154362416107	0.0	0.127516778523	0.234899328859	0.248322147651	0.147651006711	0.161073825503	0.107382550336	0.0671140939597	0.0671140939597	0.114093959732	0.208053691275	0.187919463087	0.181208053691	0.0872483221477	0.140939597315	0.187919463087	0.302013422819	0.0939597315436	0.167785234899	0.127516778523	0.127516778523	0.208053691275	0.0939597315436	0.201342281879	0.221476510067	0.127516778523	0.174496644295	0.147651006711	0.187919463087	0.0604026845638	0.167785234899	0.147651006711	0.228187919463	0.120805369128	0.174496644295	0.154362416107	0.0805369127517	0.154362416107	0.0939597315436	0.187919463087	0.174496644295	0.255033557047	0.221476510067	0.261744966443	0.127516778523	0.127516778523	0.0939597315436	0.147651006711	0.295302013423	0.167785234899	0.167785234899	0.134228187919	0.187919463087	0.127516778523	0.194630872483	0.120805369128	0.147651006711	0.275167785235	0.0939597315436	0.114093959732	0.140939597315	0.154362416107	0.0402684563758	0.194630872483	0.134228187919	0.154362416107	0.295302013423	0.134228187919	0.208053691275	0.0671140939597	0.181208053691	0.10067114094	0.154362416107	0.187919463087	0.214765100671	0.0402684563758	0.154362416107	0.140939597315
BYQ_AAAR.snv.bam	0.241610738255	0.174496644295	0.228187919463	0.114093959732	0.147651006711	0.154362416107	0.154362416107	0.0	0.161073825503	0.161073825503	0.228187919463	0.234899328859	0.221476510067	0.127516778523	0.221476510067	0.187919463087	0.161073825503	0.167785234899	0.167785234899	0.140939597315	0.134228187919	0.0872483221477	0.107382550336	0.114093959732	0.255033557047	0.167785234899	0.147651006711	0.134228187919	0.134228187919	0.147651006711	0.120805369128	0.194630872483	0.174496644295	0.208053691275	0.181208053691	0.120805369128	0.255033557047	0.114093959732	0.201342281879	0.114093959732	0.208053691275	0.120805369128	0.255033557047	0.161073825503	0.174496644295	0.0738255033557	0.120805369128	0.194630872483	0.221476510067	0.187919463087	0.120805369128	0.214765100671	0.147651006711	0.161073825503	0.127516778523	0.114093959732	0.248322147651	0.147651006711	0.181208053691	0.181208053691	0.140939597315	0.134228187919	0.174496644295	0.140939597315	0.114093959732	0.228187919463	0.127516778523	0.174496644295	0.154362416107	0.181208053691	0.114093959732	0.181208053691	0.208053691275	0.107382550336	0.248322147651	0.208053691275	0.221476510067	0.147651006711	0.161073825503	0.161073825503	0.120805369128	0.127516778523	0.154362416107	0.134228187919	0.140939597315	0.127516778523
BYQ_AAAY.snv.bam	0.241610738255	0.114093959732	0.214765100671	0.140939597315	0.120805369128	0.0	0.0	0.161073825503	0.0	0.127516778523	0.234899328859	0.234899328859	0.140939597315	0.167785234899	0.10067114094	0.0671140939597	0.0671140939597	0.114093959732	0.201342281879	0.181208053691	0.174496644295	0.0939597315436	0.134228187919	0.181208053691	0.295302013423	0.0939597315436	0.154362416107	0.107382550336	0.120805369128	0.201342281879	0.0939597315436	0.194630872483	0.214765100671	0.127516778523	0.174496644295	0.147651006711	0.181208053691	0.0536912751678	0.154362416107	0.140939597315	0.214765100671	0.114093959732	0.167785234899	0.147651006711	0.0738255033557	0.140939597315	0.0939597315436	0.181208053691	0.174496644295	0.255033557047	0.214765100671	0.255033557047	0.127516778523	0.127516778523	0.0939597315436	0.140939597315	0.288590604027	0.161073825503	0.161073825503	0.127516778523	0.181208053691	0.120805369128	0.187919463087	0.114093959732	0.140939597315	0.268456375839	0.0939597315436	0.114093959732	0.140939597315	0.147651006711	0.0536912751678	0.187919463087	0.127516778523	0.147651006711	0.281879194631	0.127516778523	0.201342281879	0.0604026845638	0.174496644295	0.0872483221477	0.147651006711	0.181208053691	0.208053691275	0.0402684563758	0.147651006711	0.140939597315
CCIS22958137ST-20-0.snv.bam	0.147651006711	0.140939597315	0.187919463087	0.107382550336	0.140939597315	0.120805369128	0.127516778523	0.161073825503	0.127516778523	0.0	0.174496644295	0.248322147651	0.181208053691	0.134228187919	0.194630872483	0.154362416107	0.134228187919	0.0805369127517	0.134228187919	0.187919463087	0.167785234899	0.0939597315436	0.107382550336	0.147651006711	0.261744966443	0.0872483221477	0.194630872483	0.114093959732	0.140939597315	0.167785234899	0.114093959732	0.174496644295	0.181208053691	0.201342281879	0.120805369128	0.0805369127517	0.127516778523	0.161073825503	0.194630872483	0.107382550336	0.255033557047	0.127516778523	0.201342281879	0.187919463087	0.154362416107	0.10067114094	0.114093959732	0.174496644295	0.0872483221477	0.261744966443	0.261744966443	0.221476510067	0.0671140939597	0.0939597315436	0.114093959732	0.107382550336	0.255033557047	0.167785234899	0.201342281879	0.114093959732	0.174496644295	0.0939597315436	0.147651006711	0.140939597315	0.107382550336	0.234899328859	0.114093959732	0.167785234899	0.0671140939597	0.234899328859	0.0671140939597	0.127516778523	0.127516778523	0.181208053691	0.308724832215	0.127516778523	0.281879194631	0.0939597315436	0.181208053691	0.201342281879	0.114093959732	0.187919463087	0.194630872483	0.120805369128	0.134228187919	0.181208053691
CCIS44743950ST-4-0.snv.bam	0.174496644295	0.187919463087	0.174496644295	0.214765100671	0.221476510067	0.228187919463	0.234899328859	0.228187919463	0.234899328859	0.174496644295	0.0	0.322147651007	0.261744966443	0.255033557047	0.275167785235	0.221476510067	0.221476510067	0.228187919463	0.201342281879	0.234899328859	0.228187919463	0.201342281879	0.234899328859	0.248322147651	0.255033557047	0.221476510067	0.281879194631	0.187919463087	0.234899328859	0.255033557047	0.194630872483	0.248322147651	0.255033557047	0.201342281879	0.194630872483	0.194630872483	0.248322147651	0.228187919463	0.281879194631	0.234899328859	0.302013422819	0.194630872483	0.221476510067	0.234899328859	0.261744966443	0.194630872483	0.194630872483	0.275167785235	0.221476510067	0.201342281879	0.288590604027	0.214765100671	0.174496644295	0.201342281879	0.194630872483	0.234899328859	0.248322147651	0.261744966443	0.255033557047	0.248322147651	0.234899328859	0.214765100671	0.241610738255	0.174496644295	0.234899328859	0.234899328859	0.194630872483	0.214765100671	0.187919463087	0.275167785235	0.161073825503	0.214765100671	0.255033557047	0.268456375839	0.288590604027	0.248322147651	0.315436241611	0.228187919463	0.281879194631	0.261744966443	0.228187919463	0.234899328859	0.221476510067	0.241610738255	0.208053691275	0.241610738255
CCIS63448910ST-4-0.snv.bam	0.261744966443	0.255033557047	0.281879194631	0.167785234899	0.147651006711	0.228187919463	0.248322147651	0.234899328859	0.234899328859	0.248322147651	0.322147651007	0.0	0.241610738255	0.295302013423	0.201342281879	0.234899328859	0.174496644295	0.234899328859	0.194630872483	0.140939597315	0.127516778523	0.134228187919	0.174496644295	0.167785234899	0.295302013423	0.255033557047	0.114093959732	0.181208053691	0.194630872483	0.214765100671	0.208053691275	0.181208053691	0.174496644295	0.302013422819	0.208053691275	0.214765100671	0.234899328859	0.194630872483	0.154362416107	0.181208053691	0.140939597315	0.0872483221477	0.275167785235	0.187919463087	0.208053691275	0.187919463087	0.201342281879	0.194630872483	0.194630872483	0.255033557047	0.187919463087	0.255033557047	0.234899328859	0.221476510067	0.208053691275	0.181208053691	0.288590604027	0.208053691275	0.194630872483	0.208053691275	0.214765100671	0.120805369128	0.194630872483	0.167785234899	0.181208053691	0.268456375839	0.208053691275	0.214765100671	0.228187919463	0.174496644295	0.167785234899	0.228187919463	0.241610738255	0.161073825503	0.181208053691	0.234899328859	0.114093959732	0.228187919463	0.214765100671	0.214765100671	0.147651006711	0.228187919463	0.248322147651	0.255033557047	0.120805369128	0.10067114094
CCIS71301801ST-4-0.snv.bam	0.221476510067	0.167785234899	0.194630872483	0.154362416107	0.10067114094	0.140939597315	0.147651006711	0.221476510067	0.140939597315	0.181208053691	0.261744966443	0.241610738255	0.0	0.228187919463	0.120805369128	0.167785234899	0.120805369128	0.194630872483	0.181208053691	0.167785234899	0.154362416107	0.134228187919	0.174496644295	0.127516778523	0.281879194631	0.161073825503	0.214765100671	0.127516778523	0.0939597315436	0.228187919463	0.174496644295	0.0872483221477	0.134228187919	0.181208053691	0.154362416107	0.174496644295	0.134228187919	0.174496644295	0.201342281879	0.181208053691	0.140939597315	0.114093959732	0.181208053691	0.0402684563758	0.120805369128	0.174496644295	0.167785234899	0.208053691275	0.181208053691	0.315436241611	0.221476510067	0.241610738255	0.167785234899	0.167785234899	0.167785234899	0.181208053691	0.275167785235	0.161073825503	0.0402684563758	0.140939597315	0.228187919463	0.114093959732	0.10067114094	0.161073825503	0.181208053691	0.255033557047	0.167785234899	0.187919463087	0.167785234899	0.201342281879	0.0872483221477	0.161073825503	0.134228187919	0.174496644295	0.315436241611	0.134228187919	0.234899328859	0.114093959732	0.161073825503	0.221476510067	0.161073825503	0.194630872483	0.221476510067	0.140939597315	0.154362416107	0.167785234899
CCIS81735969ST-20-0.snv.bam	0.228187919463	0.147651006711	0.241610738255	0.194630872483	0.201342281879	0.167785234899	0.161073825503	0.127516778523	0.167785234899	0.134228187919	0.255033557047	0.295302013423	0.228187919463	0.0	0.214765100671	0.208053691275	0.167785234899	0.120805369128	0.221476510067	0.208053691275	0.187919463087	0.140939597315	0.187919463087	0.194630872483	0.348993288591	0.154362416107	0.228187919463	0.167785234899	0.187919463087	0.214765100671	0.140939597315	0.221476510067	0.214765100671	0.201342281879	0.221476510067	0.167785234899	0.214765100671	0.187919463087	0.268456375839	0.194630872483	0.288590604027	0.154362416107	0.268456375839	0.228187919463	0.174496644295	0.147651006711	0.140939597315	0.248322147651	0.181208053691	0.261744966443	0.214765100671	0.308724832215	0.134228187919	0.134228187919	0.140939597315	0.194630872483	0.342281879195	0.201342281879	0.248322147651	0.181208053691	0.208053691275	0.127516778523	0.181208053691	0.181208053691	0.194630872483	0.322147651007	0.140939597315	0.248322147651	0.134228187919	0.261744966443	0.140939597315	0.241610738255	0.187919463087	0.174496644295	0.335570469799	0.187919463087	0.268456375839	0.154362416107	0.214765100671	0.228187919463	0.174496644295	0.127516778523	0.161073825503	0.147651006711	0.167785234899	0.187919463087
CCIS83574003ST-4-0.snv.bam	0.214765100671	0.127516778523	0.201342281879	0.140939597315	0.107382550336	0.10067114094	0.107382550336	0.221476510067	0.10067114094	0.194630872483	0.275167785235	0.201342281879	0.120805369128	0.214765100671	0.0	0.0939597315436	0.0604026845638	0.140939597315	0.194630872483	0.154362416107	0.127516778523	0.134228187919	0.147651006711	0.194630872483	0.281879194631	0.161073825503	0.187919463087	0.147651006711	0.140939597315	0.228187919463	0.120805369128	0.154362416107	0.174496644295	0.140939597315	0.194630872483	0.154362416107	0.147651006711	0.167785234899	0.187919463087	0.154362416107	0.194630872483	0.0805369127517	0.134228187919	0.147651006711	0.0536912751678	0.228187919463	0.114093959732	0.154362416107	0.154362416107	0.281879194631	0.201342281879	0.234899328859	0.154362416107	0.154362416107	0.114093959732	0.154362416107	0.275167785235	0.187919463087	0.147651006711	0.140939597315	0.214765100671	0.0872483221477	0.154362416107	0.107382550336	0.154362416107	0.255033557047	0.114093959732	0.147651006711	0.167785234899	0.120805369128	0.107382550336	0.201342281879	0.134228187919	0.147651006711	0.261744966443	0.134228187919	0.167785234899	0.0872483221477	0.187919463087	0.208053691275	0.161073825503	0.161073825503	0.187919463087	0.107382550336	0.114093959732	0.10067114094
CCIS90166425ST-4-0.snv.bam	0.228187919463	0.154362416107	0.214765100671	0.161073825503	0.147651006711	0.0671140939597	0.0671140939597	0.187919463087	0.0671140939597	0.154362416107	0.221476510067	0.234899328859	0.167785234899	0.208053691275	0.0939597315436	0.0	0.0469798657718	0.120805369128	0.214765100671	0.187919463087	0.174496644295	0.140939597315	0.167785234899	0.214765100671	0.302013422819	0.0805369127517	0.208053691275	0.194630872483	0.181208053691	0.248322147651	0.0805369127517	0.187919463087	0.194630872483	0.154362416107	0.167785234899	0.140939597315	0.167785234899	0.127516778523	0.221476510067	0.174496644295	0.241610738255	0.127516778523	0.181208053691	0.181208053691	0.127516778523	0.187919463087	0.0805369127517	0.187919463087	0.147651006711	0.248322147651	0.194630872483	0.261744966443	0.114093959732	0.114093959732	0.0805369127517	0.174496644295	0.295302013423	0.154362416107	0.194630872483	0.114093959732	0.221476510067	0.134228187919	0.174496644295	0.107382550336	0.174496644295	0.275167785235	0.0805369127517	0.127516778523	0.127516778523	0.167785234899	0.0805369127517	0.181208053691	0.114093959732	0.194630872483	0.281879194631	0.114093959732	0.161073825503	0.107382550336	0.167785234899	0.161073825503	0.181208053691	0.208053691275	0.234899328859	0.0805369127517	0.161073825503	0.134228187919
CCIS91228662ST-4-0.snv.bam	0.187919463087	0.127516778523	0.187919463087	0.107382550336	0.0805369127517	0.0738255033557	0.0671140939597	0.161073825503	0.0671140939597	0.134228187919	0.221476510067	0.174496644295	0.120805369128	0.167785234899	0.0604026845638	0.0469798657718	0.0	0.10067114094	0.134228187919	0.134228187919	0.107382550336	0.0536912751678	0.114093959732	0.154362416107	0.248322147651	0.0939597315436	0.154362416107	0.127516778523	0.127516778523	0.194630872483	0.0738255033557	0.127516778523	0.140939597315	0.134228187919	0.0939597315436	0.10067114094	0.120805369128	0.140939597315	0.167785234899	0.120805369128	0.181208053691	0.0469798657718	0.147651006711	0.114093959732	0.0738255033557	0.127516778523	0.0604026845638	0.120805369128	0.127516778523	0.221476510067	0.140939597315	0.208053691275	0.10067114094	0.10067114094	0.0671140939597	0.120805369128	0.241610738255	0.120805369128	0.134228187919	0.0469798657718	0.181208053691	0.0604026845638	0.127516778523	0.0738255033557	0.120805369128	0.221476510067	0.0671140939597	0.114093959732	0.107382550336	0.114093959732	0.0402684563758	0.120805369128	0.0939597315436	0.127516778523	0.228187919463	0.0939597315436	0.127516778523	0.0738255033557	0.134228187919	0.187919463087	0.120805369128	0.140939597315	0.174496644295	0.107382550336	0.0805369127517	0.0805369127517
CCMD40701343ST-21-0.snv.bam	0.214765100671	0.10067114094	0.241610738255	0.161073825503	0.140939597315	0.114093959732	0.114093959732	0.167785234899	0.114093959732	0.0805369127517	0.228187919463	0.234899328859	0.194630872483	0.120805369128	0.140939597315	0.120805369128	0.10067114094	0.0	0.201342281879	0.187919463087	0.167785234899	0.0805369127517	0.154362416107	0.161073825503	0.315436241611	0.0872483221477	0.194630872483	0.120805369128	0.147651006711	0.221476510067	0.114093959732	0.174496644295	0.194630872483	0.174496644295	0.174496644295	0.134228187919	0.167785234899	0.161073825503	0.248322147651	0.161073825503	0.281879194631	0.107382550336	0.255033557047	0.201342281879	0.127516778523	0.127516778523	0.114093959732	0.214765100671	0.114093959732	0.281879194631	0.261744966443	0.275167785235	0.107382550336	0.0939597315436	0.114093959732	0.161073825503	0.308724832215	0.181208053691	0.214765100671	0.114093959732	0.201342281879	0.0872483221477	0.174496644295	0.161073825503	0.161073825503	0.288590604027	0.114093959732	0.194630872483	0.0939597315436	0.234899328859	0.0738255033557	0.194630872483	0.127516778523	0.167785234899	0.322147651007	0.127516778523	0.255033557047	0.0939597315436	0.194630872483	0.201342281879	0.114093959732	0.167785234899	0.174496644295	0.10067114094	0.134228187919	0.161073825503
CCMD51864103ST-21-0.snv.bam	0.140939597315	0.234899328859	0.127516778523	0.0134228187919	0.0738255033557	0.201342281879	0.208053691275	0.167785234899	0.201342281879	0.134228187919	0.201342281879	0.194630872483	0.181208053691	0.221476510067	0.194630872483	0.214765100671	0.134228187919	0.201342281879	0.0	0.10067114094	0.107382550336	0.0872483221477	0.0671140939597	0.114093959732	0.0604026845638	0.194630872483	0.140939597315	0.0671140939597	0.140939597315	0.120805369128	0.174496644295	0.134228187919	0.174496644295	0.241610738255	0.0671140939597	0.0604026845638	0.147651006711	0.181208053691	0.161073825503	0.0469798657718	0.201342281879	0.0671140939597	0.174496644295	0.120805369128	0.174496644295	0.107382550336	0.167785234899	0.140939597315	0.181208053691	0.147651006711	0.208053691275	0.0268456375839	0.161073825503	0.194630872483	0.174496644295	0.0671140939597	0.0536912751678	0.161073825503	0.134228187919	0.147651006711	0.120805369128	0.10067114094	0.181208053691	0.0738255033557	0.0671140939597	0.0335570469799	0.174496644295	0.174496644295	0.134228187919	0.147651006711	0.0738255033557	0.10067114094	0.187919463087	0.127516778523	0.147651006711	0.187919463087	0.201342281879	0.127516778523	0.161073825503	0.228187919463	0.0939597315436	0.134228187919	0.134228187919	0.221476510067	0.10067114094	0.0872483221477
CCMD63399960ST-21-0.snv.bam	0.208053691275	0.208053691275	0.174496644295	0.0671140939597	0.0805369127517	0.174496644295	0.187919463087	0.140939597315	0.181208053691	0.187919463087	0.234899328859	0.140939597315	0.167785234899	0.208053691275	0.154362416107	0.187919463087	0.134228187919	0.187919463087	0.10067114094	0.0	0.0469798657718	0.0939597315436	0.0872483221477	0.107382550336	0.181208053691	0.208053691275	0.127516778523	0.127516778523	0.134228187919	0.127516778523	0.161073825503	0.120805369128	0.154362416107	0.201342281879	0.134228187919	0.140939597315	0.147651006711	0.140939597315	0.167785234899	0.0939597315436	0.174496644295	0.0402684563758	0.228187919463	0.114093959732	0.120805369128	0.127516778523	0.154362416107	0.147651006711	0.187919463087	0.194630872483	0.120805369128	0.140939597315	0.187919463087	0.201342281879	0.161073825503	0.0939597315436	0.174496644295	0.154362416107	0.120805369128	0.147651006711	0.127516778523	0.0671140939597	0.161073825503	0.120805369128	0.0939597315436	0.154362416107	0.161073825503	0.167785234899	0.194630872483	0.127516778523	0.0738255033557	0.140939597315	0.181208053691	0.0738255033557	0.214765100671	0.181208053691	0.161073825503	0.134228187919	0.154362416107	0.187919463087	0.10067114094	0.154362416107	0.181208053691	0.174496644295	0.0604026845638	0.0402684563758
CCMD74930188ST-21-0.snv.bam	0.201342281879	0.187919463087	0.187919463087	0.0738255033557	0.0536912751678	0.167785234899	0.181208053691	0.134228187919	0.174496644295	0.167785234899	0.228187919463	0.127516778523	0.154362416107	0.187919463087	0.127516778523	0.174496644295	0.107382550336	0.167785234899	0.107382550336	0.0469798657718	0.0	0.0671140939597	0.0805369127517	0.0805369127517	0.201342281879	0.187919463087	0.120805369128	0.107382550336	0.114093959732	0.120805369128	0.134228187919	0.107382550336	0.107382550336	0.221476510067	0.140939597315	0.134228187919	0.167785234899	0.147651006711	0.134228187919	0.0872483221477	0.140939597315	0.00671140939597	0.201342281879	0.10067114094	0.127516778523	0.107382550336	0.127516778523	0.107382550336	0.147651006711	0.181208053691	0.134228187919	0.161073825503	0.147651006711	0.161073825503	0.134228187919	0.0872483221477	0.194630872483	0.120805369128	0.107382550336	0.140939597315	0.120805369128	0.0268456375839	0.114093959732	0.0939597315436	0.0872483221477	0.174496644295	0.134228187919	0.127516778523	0.154362416107	0.114093959732	0.0872483221477	0.147651006711	0.174496644295	0.0536912751678	0.187919463087	0.174496644295	0.134228187919	0.127516778523	0.120805369128	0.194630872483	0.0805369127517	0.147651006711	0.174496644295	0.181208053691	0.00671140939597	0.0268456375839
CCMD86707194ST-21-0.snv.bam	0.161073825503	0.120805369128	0.181208053691	0.0536912751678	0.0201342281879	0.10067114094	0.0872483221477	0.0872483221477	0.0939597315436	0.0939597315436	0.201342281879	0.134228187919	0.134228187919	0.140939597315	0.134228187919	0.140939597315	0.0536912751678	0.0805369127517	0.0872483221477	0.0939597315436	0.0671140939597	0.0	0.0469798657718	0.0402684563758	0.194630872483	0.0872483221477	0.0738255033557	0.0335570469799	0.0469798657718	0.0939597315436	0.107382550336	0.0872483221477	0.114093959732	0.187919463087	0.0604026845638	0.0939597315436	0.147651006711	0.10067114094	0.114093959732	0.0536912751678	0.127516778523	0.0469798657718	0.201342281879	0.0805369127517	0.0939597315436	0.0536912751678	0.10067114094	0.107382550336	0.154362416107	0.194630872483	0.140939597315	0.154362416107	0.114093959732	0.10067114094	0.107382550336	0.0536912751678	0.187919463087	0.0671140939597	0.0872483221477	0.0536912751678	0.0805369127517	0.0536912751678	0.120805369128	0.0872483221477	0.0536912751678	0.167785234899	0.107382550336	0.107382550336	0.10067114094	0.0805369127517	0.0335570469799	0.0872483221477	0.0872483221477	0.0671140939597	0.187919463087	0.0872483221477	0.120805369128	0.0671140939597	0.0671140939597	0.147651006711	0.0	0.120805369128	0.147651006711	0.127516778523	0.0402684563758	0.0335570469799
CCMD88272491ST-21-0.snv.bam	0.161073825503	0.174496644295	0.154362416107	0.0	0.0939597315436	0.134228187919	0.140939597315	0.107382550336	0.134228187919	0.107382550336	0.234899328859	0.174496644295	0.174496644295	0.187919463087	0.147651006711	0.167785234899	0.114093959732	0.154362416107	0.0671140939597	0.0872483221477	0.0805369127517	0.0469798657718	0.0	0.0738255033557	0.154362416107	0.147651006711	0.0805369127517	0.0805369127517	0.10067114094	0.0872483221477	0.127516778523	0.127516778523	0.147651006711	0.221476510067	0.107382550336	0.0939597315436	0.147651006711	0.120805369128	0.114093959732	0.0	0.194630872483	0.0738255033557	0.181208053691	0.134228187919	0.10067114094	0.107382550336	0.120805369128	0.0939597315436	0.161073825503	0.228187919463	0.161073825503	0.114093959732	0.134228187919	0.161073825503	0.127516778523	0.0	0.147651006711	0.120805369128	0.140939597315	0.0939597315436	0.0939597315436	0.0671140939597	0.154362416107	0.107382550336	0.0	0.127516778523	0.127516778523	0.147651006711	0.140939597315	0.147651006711	0.0604026845638	0.114093959732	0.134228187919	0.0671140939597	0.208053691275	0.134228187919	0.181208053691	0.0671140939597	0.120805369128	0.167785234899	0.0536912751678	0.134228187919	0.154362416107	0.147651006711	0.0872483221477	0.0671140939597
DLF014.snv.bam	0.201342281879	0.181208053691	0.221476510067	0.0805369127517	0.0738255033557	0.181208053691	0.187919463087	0.114093959732	0.181208053691	0.147651006711	0.248322147651	0.167785234899	0.127516778523	0.194630872483	0.194630872483	0.214765100671	0.154362416107	0.161073825503	0.114093959732	0.107382550336	0.0805369127517	0.0402684563758	0.0738255033557	0.0	0.221476510067	0.154362416107	0.114093959732	0.0738255033557	0.0671140939597	0.127516778523	0.174496644295	0.0939597315436	0.10067114094	0.268456375839	0.134228187919	0.167785234899	0.187919463087	0.134228187919	0.154362416107	0.0805369127517	0.134228187919	0.0738255033557	0.255033557047	0.0738255033557	0.147651006711	0.0604026845638	0.167785234899	0.147651006711	0.187919463087	0.241610738255	0.167785234899	0.181208053691	0.174496644295	0.174496644295	0.174496644295	0.0805369127517	0.214765100671	0.10067114094	0.0805369127517	0.107382550336	0.127516778523	0.0738255033557	0.107382550336	0.147651006711	0.0805369127517	0.194630872483	0.174496644295	0.181208053691	0.167785234899	0.194630872483	0.0872483221477	0.140939597315	0.140939597315	0.0738255033557	0.241610738255	0.140939597315	0.201342281879	0.114093959732	0.10067114094	0.187919463087	0.0469798657718	0.154362416107	0.181208053691	0.167785234899	0.0939597315436	0.0939597315436
HT25A.snv.bam	0.167785234899	0.335570469799	0.134228187919	0.120805369128	0.201342281879	0.295302013423	0.302013422819	0.255033557047	0.295302013423	0.261744966443	0.255033557047	0.295302013423	0.281879194631	0.348993288591	0.281879194631	0.302013422819	0.248322147651	0.315436241611	0.0604026845638	0.181208053691	0.201342281879	0.194630872483	0.154362416107	0.221476510067	0.0	0.308724832215	0.228187919463	0.167785234899	0.248322147651	0.214765100671	0.261744966443	0.234899328859	0.281879194631	0.328859060403	0.187919463087	0.194630872483	0.248322147651	0.268456375839	0.255033557047	0.154362416107	0.315436241611	0.140939597315	0.181208053691	0.221476510067	0.261744966443	0.255033557047	0.255033557047	0.234899328859	0.288590604027	0.167785234899	0.281879194631	0.0	0.261744966443	0.302013422819	0.261744966443	0.154362416107	0.0	0.268456375839	0.234899328859	0.248322147651	0.214765100671	0.214765100671	0.288590604027	0.127516778523	0.154362416107	0.0	0.261744966443	0.268456375839	0.268456375839	0.255033557047	0.161073825503	0.201342281879	0.295302013423	0.214765100671	0.127516778523	0.295302013423	0.302013422819	0.221476510067	0.268456375839	0.315436241611	0.201342281879	0.174496644295	0.140939597315	0.308724832215	0.208053691275	0.187919463087
MH0119.snv.bam	0.221476510067	0.10067114094	0.248322147651	0.154362416107	0.134228187919	0.0939597315436	0.0939597315436	0.167785234899	0.0939597315436	0.0872483221477	0.221476510067	0.255033557047	0.161073825503	0.154362416107	0.161073825503	0.0805369127517	0.0939597315436	0.0872483221477	0.194630872483	0.208053691275	0.187919463087	0.0872483221477	0.147651006711	0.154362416107	0.308724832215	0.0	0.187919463087	0.120805369128	0.107382550336	0.214765100671	0.120805369128	0.194630872483	0.214765100671	0.167785234899	0.120805369128	0.154362416107	0.140939597315	0.127516778523	0.201342281879	0.154362416107	0.234899328859	0.134228187919	0.228187919463	0.161073825503	0.120805369128	0.120805369128	0.120805369128	0.181208053691	0.161073825503	0.288590604027	0.201342281879	0.268456375839	0.114093959732	0.10067114094	0.120805369128	0.154362416107	0.302013422819	0.0939597315436	0.167785234899	0.0469798657718	0.194630872483	0.134228187919	0.181208053691	0.154362416107	0.154362416107	0.281879194631	0.120805369128	0.147651006711	0.114093959732	0.221476510067	0.0738255033557	0.134228187919	0.0536912751678	0.187919463087	0.315436241611	0.0536912751678	0.194630872483	0.10067114094	0.107382550336	0.167785234899	0.107382550336	0.201342281879	0.214765100671	0.107382550336	0.167785234899	0.181208053691
MH0150.snv.bam	0.248322147651	0.214765100671	0.241610738255	0.0872483221477	0.140939597315	0.154362416107	0.167785234899	0.147651006711	0.154362416107	0.194630872483	0.281879194631	0.114093959732	0.214765100671	0.228187919463	0.187919463087	0.208053691275	0.154362416107	0.194630872483	0.140939597315	0.127516778523	0.120805369128	0.0738255033557	0.0805369127517	0.114093959732	0.228187919463	0.187919463087	0.0	0.120805369128	0.114093959732	0.134228187919	0.167785234899	0.154362416107	0.187919463087	0.261744966443	0.167785234899	0.181208053691	0.234899328859	0.107382550336	0.0939597315436	0.0872483221477	0.161073825503	0.114093959732	0.261744966443	0.161073825503	0.140939597315	0.147651006711	0.161073825503	0.167785234899	0.248322147651	0.268456375839	0.174496644295	0.187919463087	0.208053691275	0.208053691275	0.167785234899	0.0872483221477	0.221476510067	0.161073825503	0.167785234899	0.140939597315	0.120805369128	0.120805369128	0.208053691275	0.140939597315	0.0872483221477	0.201342281879	0.167785234899	0.187919463087	0.214765100671	0.187919463087	0.127516778523	0.187919463087	0.174496644295	0.0939597315436	0.161073825503	0.167785234899	0.120805369128	0.120805369128	0.161073825503	0.127516778523	0.0805369127517	0.161073825503	0.194630872483	0.187919463087	0.127516778523	0.10067114094
MH0192.snv.bam	0.161073825503	0.140939597315	0.194630872483	0.0671140939597	0.0536912751678	0.120805369128	0.127516778523	0.134228187919	0.107382550336	0.114093959732	0.187919463087	0.181208053691	0.127516778523	0.167785234899	0.147651006711	0.194630872483	0.127516778523	0.120805369128	0.0671140939597	0.127516778523	0.107382550336	0.0335570469799	0.0805369127517	0.0738255033557	0.167785234899	0.120805369128	0.120805369128	0.0	0.0402684563758	0.10067114094	0.174496644295	0.120805369128	0.134228187919	0.214765100671	0.0805369127517	0.0939597315436	0.134228187919	0.107382550336	0.0939597315436	0.0805369127517	0.114093959732	0.0671140939597	0.147651006711	0.0872483221477	0.107382550336	0.0872483221477	0.174496644295	0.114093959732	0.174496644295	0.161073825503	0.140939597315	0.140939597315	0.140939597315	0.161073825503	0.174496644295	0.0805369127517	0.174496644295	0.0805369127517	0.0805369127517	0.0805369127517	0.10067114094	0.0805369127517	0.140939597315	0.0872483221477	0.0805369127517	0.154362416107	0.174496644295	0.140939597315	0.114093959732	0.140939597315	0.0536912751678	0.0939597315436	0.114093959732	0.107382550336	0.174496644295	0.114093959732	0.174496644295	0.0402684563758	0.0805369127517	0.140939597315	0.0536912751678	0.114093959732	0.107382550336	0.127516778523	0.114093959732	0.107382550336
MH0199.snv.bam	0.208053691275	0.120805369128	0.248322147651	0.107382550336	0.0469798657718	0.120805369128	0.127516778523	0.134228187919	0.120805369128	0.140939597315	0.234899328859	0.194630872483	0.0939597315436	0.187919463087	0.140939597315	0.181208053691	0.127516778523	0.147651006711	0.140939597315	0.134228187919	0.114093959732	0.0469798657718	0.10067114094	0.0671140939597	0.248322147651	0.107382550336	0.114093959732	0.0402684563758	0.0	0.154362416107	0.187919463087	0.127516778523	0.147651006711	0.208053691275	0.10067114094	0.181208053691	0.154362416107	0.0872483221477	0.114093959732	0.107382550336	0.107382550336	0.0604026845638	0.201342281879	0.0536912751678	0.107382550336	0.0872483221477	0.174496644295	0.134228187919	0.208053691275	0.248322147651	0.154362416107	0.208053691275	0.167785234899	0.167785234899	0.181208053691	0.107382550336	0.241610738255	0.0738255033557	0.0469798657718	0.0872483221477	0.154362416107	0.114093959732	0.154362416107	0.161073825503	0.107382550336	0.221476510067	0.181208053691	0.127516778523	0.161073825503	0.154362416107	0.0469798657718	0.107382550336	0.107382550336	0.10067114094	0.255033557047	0.107382550336	0.174496644295	0.0536912751678	0.0738255033557	0.120805369128	0.0604026845638	0.174496644295	0.187919463087	0.107382550336	0.114093959732	0.120805369128
