	158479027-stool1.snv.bam	158499257-stool1.snv.bam	159207311-stool1.snv.bam	159207311-stool2.snv.bam	159227541-stool3.snv.bam	159551223-stool1.snv.bam	159571453-stool2.snv.bam	604812005-stool1.snv.bam	706846339-stool1.snv.bam	763395383-stool3.snv.bam	764002286-stool2.snv.bam	764224817-stool1.snv.bam	764487809-stool1.snv.bam	764487809-stool2.snv.bam	764649650-stool2.snv.bam	765074482-stool1.snv.bam	765074482-stool2.snv.bam	765256553-stool3.snv.bam	CCIS10706551ST-3-0.snv.bam	CCIS15794887ST-4-0.snv.bam	CCIS19142497ST-3-0.snv.bam	CCIS38765456ST-20-0.snv.bam	CCIS70398272ST-4-0.snv.bam	CCIS87116798ST-4-0.snv.bam	CCIS90164298ST-4-0.snv.bam	CCIS94417875ST-3-0.snv.bam	CCIS95409808ST-4-0.snv.bam	CCMD46947453ST-21-0.snv.bam	ED16A.snv.bam	M1.1-V2.metaG.snv.bam	MH0193.snv.bam	MH0252.snv.bam	MH0326.snv.bam	MH0336.snv.bam	MH0373.snv.bam	MH0378.snv.bam	MH0395.snv.bam	MH0433.snv.bam	MH0434.snv.bam	MH0450.snv.bam	MH0454.snv.bam	MMRS51410669ST-27-0-0.snv.bam	MMRS57276462ST-27-0-0.snv.bam	MMRS81671217ST-27-0-0.snv.bam	MMRS88581325ST-27-0-0.snv.bam	N066A.snv.bam	NG-5636_488.snv.bam	NOF012.snv.bam	O2.UC11-1.snv.bam	O2.UC13-1.snv.bam	O2.UC16-1.snv.bam	O2.UC18-1.snv.bam	O2.UC20-1.snv.bam	O2.UC3-1.snv.bam	O2.UC41-1.snv.bam	O2.UC48-0.snv.bam	O2.UC48-1.snv.bam	SAMEA3136684.snv.bam	SAMEA3136687.snv.bam	SAMEA3136695.snv.bam	SAMEA3136743.snv.bam	SZEY-07A.snv.bam	T2D-108A.snv.bam	T2D-59A.snv.bam	T2D-70A.snv.bam	V1.CD19-0.snv.bam	V1.CD50-0.snv.bam	V1.FI12.snv.bam	V1.FI28.snv.bam	V1.UC23-1.snv.bam	V1.UC32-0.snv.bam	V1.UC40-1.snv.bam	V1.UC47-0.snv.bam	V1.UC55-0.snv.bam	V1.UC63-0.snv.bam	V1.UC64-0.snv.bam
158479027-stool1.snv.bam	0.0	0.109333333333	0.194666666667	0.213333333333	0.117333333333	0.0933333333333	0.0853333333333	0.125333333333	0.0933333333333	0.08	0.112	0.146666666667	0.0933333333333	0.112	0.149333333333	0.0693333333333	0.0693333333333	0.130666666667	0.109333333333	0.096	0.0693333333333	0.0746666666667	0.0693333333333	0.0986666666667	0.157333333333	0.0773333333333	0.0986666666667	0.128	0.08	0.08	0.064	0.0933333333333	0.088	0.0906666666667	0.0933333333333	0.08	0.106666666667	0.096	0.109333333333	0.096	0.072	0.125333333333	0.072	0.0693333333333	0.125333333333	0.12	0.064	0.114666666667	0.114666666667	0.0826666666667	0.0933333333333	0.138666666667	0.0933333333333	0.08	0.0773333333333	0.146666666667	0.149333333333	0.133333333333	0.088	0.104	0.101333333333	0.101333333333	0.173333333333	0.138666666667	0.16	0.0666666666667	0.106666666667	0.0853333333333	0.106666666667	0.112	0.0826666666667	0.096	0.106666666667	0.144	0.12	0.0933333333333
158499257-stool1.snv.bam	0.109333333333	0.0	0.181333333333	0.202666666667	0.109333333333	0.101333333333	0.114666666667	0.152	0.12	0.122666666667	0.157333333333	0.146666666667	0.114666666667	0.130666666667	0.154666666667	0.109333333333	0.109333333333	0.117333333333	0.178666666667	0.128	0.12	0.109333333333	0.112	0.133333333333	0.178666666667	0.0826666666667	0.128	0.157333333333	0.125333333333	0.112	0.130666666667	0.128	0.0746666666667	0.12	0.112	0.088	0.096	0.106666666667	0.096	0.106666666667	0.104	0.136	0.0986666666667	0.0933333333333	0.141333333333	0.141333333333	0.106666666667	0.138666666667	0.146666666667	0.128	0.125333333333	0.16	0.112	0.0853333333333	0.117333333333	0.152	0.157333333333	0.125333333333	0.112	0.138666666667	0.136	0.146666666667	0.181333333333	0.149333333333	0.176	0.101333333333	0.0746666666667	0.112	0.138666666667	0.136	0.112	0.130666666667	0.112	0.146666666667	0.112	0.106666666667
159207311-stool1.snv.bam	0.194666666667	0.181333333333	0.0	0.0	0.218666666667	0.181333333333	0.184	0.253333333333	0.181333333333	0.202666666667	0.264	0.237333333333	0.213333333333	0.229333333333	0.141333333333	0.197333333333	0.197333333333	0.237333333333	0.237333333333	0.226666666667	0.186666666667	0.210666666667	0.213333333333	0.234666666667	0.186666666667	0.194666666667	0.229333333333	0.192	0.192	0.2	0.218666666667	0.210666666667	0.197333333333	0.192	0.221333333333	0.181333333333	0.186666666667	0.208	0.202666666667	0.189333333333	0.194666666667	0.242666666667	0.186666666667	0.2	0.237333333333	0.184	0.2	0.146666666667	0.205333333333	0.210666666667	0.213333333333	0.218666666667	0.208	0.194666666667	0.221333333333	0.237333333333	0.242666666667	0.237333333333	0.232	0.226666666667	0.226666666667	0.170666666667	0.184	0.136	0.184	0.205333333333	0.208	0.216	0.208	0.245333333333	0.181333333333	0.213333333333	0.208	0.237333333333	0.221333333333	0.205333333333
159207311-stool2.snv.bam	0.213333333333	0.202666666667	0.0	0.0	0.242666666667	0.194666666667	0.205333333333	0.28	0.208	0.221333333333	0.290666666667	0.264	0.237333333333	0.253333333333	0.165333333333	0.221333333333	0.221333333333	0.261333333333	0.24	0.245333333333	0.205333333333	0.234666666667	0.234666666667	0.256	0.210666666667	0.218666666667	0.250666666667	0.216	0.210666666667	0.224	0.242666666667	0.237333333333	0.218666666667	0.213333333333	0.245333333333	0.2	0.216	0.232	0.226666666667	0.210666666667	0.218666666667	0.264	0.205333333333	0.221333333333	0.258666666667	0.202666666667	0.221333333333	0.173333333333	0.226666666667	0.229333333333	0.24	0.24	0.232	0.216	0.242666666667	0.258666666667	0.264	0.261333333333	0.256	0.250666666667	0.250666666667	0.181333333333	0.194666666667	0.154666666667	0.208	0.229333333333	0.229333333333	0.237333333333	0.229333333333	0.272	0.205333333333	0.229333333333	0.229333333333	0.258666666667	0.245333333333	0.226666666667
159227541-stool3.snv.bam	0.117333333333	0.109333333333	0.218666666667	0.242666666667	0.0	0.096	0.112	0.106666666667	0.133333333333	0.12	0.109333333333	0.138666666667	0.096	0.112	0.178666666667	0.117333333333	0.117333333333	0.114666666667	0.173333333333	0.114666666667	0.101333333333	0.0853333333333	0.106666666667	0.122666666667	0.197333333333	0.104	0.136	0.173333333333	0.141333333333	0.125333333333	0.117333333333	0.12	0.114666666667	0.12	0.0933333333333	0.106666666667	0.12	0.096	0.114666666667	0.12	0.0906666666667	0.149333333333	0.101333333333	0.12	0.128	0.149333333333	0.117333333333	0.16	0.144	0.125333333333	0.141333333333	0.165333333333	0.136	0.101333333333	0.130666666667	0.16	0.162666666667	0.114666666667	0.0666666666667	0.12	0.117333333333	0.144	0.192	0.178666666667	0.184	0.12	0.106666666667	0.096	0.136	0.154666666667	0.114666666667	0.138666666667	0.12	0.152	0.04	0.136
159551223-stool1.snv.bam	0.0933333333333	0.101333333333	0.181333333333	0.194666666667	0.096	0.0	0.125333333333	0.128	0.133333333333	0.112	0.122666666667	0.146666666667	0.112	0.128	0.154666666667	0.106666666667	0.106666666667	0.109333333333	0.157333333333	0.0933333333333	0.096	0.0853333333333	0.104	0.101333333333	0.157333333333	0.0986666666667	0.101333333333	0.16	0.117333333333	0.136	0.117333333333	0.138666666667	0.088	0.130666666667	0.0906666666667	0.072	0.109333333333	0.0986666666667	0.128	0.133333333333	0.109333333333	0.130666666667	0.125333333333	0.112	0.133333333333	0.144	0.114666666667	0.149333333333	0.144	0.0986666666667	0.117333333333	0.152	0.112	0.0933333333333	0.106666666667	0.146666666667	0.149333333333	0.130666666667	0.106666666667	0.109333333333	0.117333333333	0.128	0.157333333333	0.136	0.173333333333	0.109333333333	0.0986666666667	0.125333333333	0.138666666667	0.136	0.104	0.125333333333	0.125333333333	0.144	0.12	0.112
159571453-stool2.snv.bam	0.0853333333333	0.114666666667	0.184	0.205333333333	0.112	0.125333333333	0.0	0.122666666667	0.096	0.056	0.130666666667	0.141333333333	0.0906666666667	0.106666666667	0.165333333333	0.096	0.096	0.125333333333	0.122666666667	0.0933333333333	0.096	0.072	0.0906666666667	0.0746666666667	0.144	0.088	0.114666666667	0.117333333333	0.0933333333333	0.0986666666667	0.08	0.0906666666667	0.0986666666667	0.064	0.109333333333	0.096	0.112	0.0986666666667	0.0933333333333	0.0826666666667	0.0853333333333	0.125333333333	0.088	0.0853333333333	0.144	0.08	0.096	0.149333333333	0.096	0.088	0.122666666667	0.128	0.136	0.122666666667	0.0986666666667	0.152	0.157333333333	0.12	0.114666666667	0.12	0.0853333333333	0.0906666666667	0.141333333333	0.168	0.136	0.0826666666667	0.106666666667	0.0773333333333	0.0933333333333	0.133333333333	0.0773333333333	0.101333333333	0.088	0.146666666667	0.114666666667	0.12
604812005-stool1.snv.bam	0.125333333333	0.152	0.253333333333	0.28	0.106666666667	0.128	0.122666666667	0.0	0.117333333333	0.125333333333	0.016	0.189333333333	0.0826666666667	0.0853333333333	0.128	0.122666666667	0.122666666667	0.109333333333	0.178666666667	0.125333333333	0.128	0.064	0.117333333333	0.114666666667	0.149333333333	0.130666666667	0.0853333333333	0.192	0.136	0.130666666667	0.106666666667	0.112	0.146666666667	0.144	0.0773333333333	0.144	0.152	0.125333333333	0.128	0.125333333333	0.0986666666667	0.08	0.12	0.149333333333	0.0533333333333	0.165333333333	0.117333333333	0.176	0.154666666667	0.130666666667	0.109333333333	0.128	0.125333333333	0.122666666667	0.146666666667	0.109333333333	0.109333333333	0.0773333333333	0.0933333333333	0.056	0.141333333333	0.133333333333	0.205333333333	0.226666666667	0.205333333333	0.130666666667	0.12	0.112	0.146666666667	0.12	0.130666666667	0.149333333333	0.122666666667	0.104	0.12	0.178666666667
706846339-stool1.snv.bam	0.0933333333333	0.12	0.181333333333	0.208	0.133333333333	0.133333333333	0.096	0.117333333333	0.0	0.088	0.122666666667	0.173333333333	0.138666666667	0.154666666667	0.0986666666667	0.0853333333333	0.0853333333333	0.162666666667	0.154666666667	0.109333333333	0.114666666667	0.0773333333333	0.117333333333	0.109333333333	0.141333333333	0.104	0.125333333333	0.114666666667	0.0746666666667	0.104	0.117333333333	0.08	0.12	0.096	0.136	0.117333333333	0.104	0.133333333333	0.109333333333	0.0933333333333	0.12	0.133333333333	0.088	0.112	0.117333333333	0.106666666667	0.0586666666667	0.112	0.154666666667	0.130666666667	0.0906666666667	0.162666666667	0.12	0.106666666667	0.136	0.152	0.157333333333	0.144	0.125333333333	0.0986666666667	0.109333333333	0.0746666666667	0.141333333333	0.189333333333	0.152	0.109333333333	0.114666666667	0.109333333333	0.141333333333	0.117333333333	0.088	0.114666666667	0.08	0.146666666667	0.146666666667	0.141333333333
763395383-stool3.snv.bam	0.08	0.122666666667	0.202666666667	0.221333333333	0.12	0.112	0.056	0.125333333333	0.088	0.0	0.128	0.149333333333	0.104	0.12	0.173333333333	0.0986666666667	0.0986666666667	0.128	0.125333333333	0.0906666666667	0.0986666666667	0.0693333333333	0.088	0.0826666666667	0.149333333333	0.0826666666667	0.117333333333	0.117333333333	0.101333333333	0.0906666666667	0.0773333333333	0.106666666667	0.101333333333	0.0986666666667	0.112	0.088	0.130666666667	0.112	0.101333333333	0.0773333333333	0.096	0.114666666667	0.096	0.0986666666667	0.146666666667	0.0906666666667	0.101333333333	0.157333333333	0.12	0.096	0.0986666666667	0.146666666667	0.144	0.12	0.117333333333	0.149333333333	0.154666666667	0.122666666667	0.106666666667	0.112	0.0933333333333	0.096	0.146666666667	0.165333333333	0.16	0.072	0.104	0.096	0.112	0.130666666667	0.08	0.0933333333333	0.096	0.144	0.12	0.128
764002286-stool2.snv.bam	0.112	0.157333333333	0.264	0.290666666667	0.109333333333	0.122666666667	0.130666666667	0.016	0.122666666667	0.128	0.0	0.197333333333	0.0906666666667	0.0933333333333	0.133333333333	0.125333333333	0.125333333333	0.109333333333	0.181333333333	0.122666666667	0.130666666667	0.0693333333333	0.114666666667	0.12	0.154666666667	0.128	0.088	0.197333333333	0.138666666667	0.133333333333	0.114666666667	0.117333333333	0.152	0.146666666667	0.0826666666667	0.146666666667	0.165333333333	0.125333333333	0.133333333333	0.133333333333	0.101333333333	0.08	0.122666666667	0.152	0.064	0.170666666667	0.12	0.178666666667	0.157333333333	0.138666666667	0.109333333333	0.133333333333	0.136	0.125333333333	0.144	0.114666666667	0.114666666667	0.0826666666667	0.096	0.0586666666667	0.144	0.138666666667	0.210666666667	0.229333333333	0.210666666667	0.133333333333	0.125333333333	0.114666666667	0.149333333333	0.122666666667	0.133333333333	0.152	0.125333333333	0.109333333333	0.122666666667	0.181333333333
764224817-stool1.snv.bam	0.146666666667	0.146666666667	0.237333333333	0.264	0.138666666667	0.146666666667	0.141333333333	0.189333333333	0.173333333333	0.149333333333	0.197333333333	0.0	0.125333333333	0.141333333333	0.216	0.157333333333	0.157333333333	0.186666666667	0.192	0.133333333333	0.125333333333	0.122666666667	0.141333333333	0.130666666667	0.210666666667	0.149333333333	0.181333333333	0.184	0.144	0.112	0.141333333333	0.152	0.154666666667	0.141333333333	0.154666666667	0.146666666667	0.149333333333	0.114666666667	0.144	0.162666666667	0.117333333333	0.197333333333	0.130666666667	0.144	0.197333333333	0.173333333333	0.146666666667	0.173333333333	0.141333333333	0.117333333333	0.157333333333	0.184	0.16	0.138666666667	0.154666666667	0.197333333333	0.2	0.184	0.154666666667	0.189333333333	0.136	0.173333333333	0.208	0.189333333333	0.192	0.138666666667	0.165333333333	0.146666666667	0.138666666667	0.189333333333	0.154666666667	0.130666666667	0.154666666667	0.189333333333	0.133333333333	0.130666666667
764487809-stool1.snv.bam	0.0933333333333	0.114666666667	0.213333333333	0.237333333333	0.096	0.112	0.0906666666667	0.0826666666667	0.138666666667	0.104	0.0906666666667	0.125333333333	0.0	0.0	0.16	0.109333333333	0.109333333333	0.088	0.154666666667	0.117333333333	0.112	0.0746666666667	0.0933333333333	0.106666666667	0.136	0.101333333333	0.088	0.157333333333	0.122666666667	0.101333333333	0.088	0.114666666667	0.0933333333333	0.109333333333	0.0693333333333	0.0986666666667	0.112	0.0853333333333	0.109333333333	0.117333333333	0.064	0.106666666667	0.109333333333	0.0933333333333	0.114666666667	0.138666666667	0.096	0.162666666667	0.12	0.0906666666667	0.125333333333	0.146666666667	0.112	0.104	0.106666666667	0.146666666667	0.146666666667	0.104	0.0906666666667	0.106666666667	0.104	0.146666666667	0.189333333333	0.168	0.162666666667	0.0906666666667	0.122666666667	0.0933333333333	0.117333333333	0.101333333333	0.096	0.112	0.104	0.141333333333	0.106666666667	0.136
764487809-stool2.snv.bam	0.112	0.130666666667	0.229333333333	0.253333333333	0.112	0.128	0.106666666667	0.0853333333333	0.154666666667	0.12	0.0933333333333	0.141333333333	0.0	0.0	0.162666666667	0.128	0.128	0.0933333333333	0.173333333333	0.136	0.130666666667	0.0933333333333	0.112	0.125333333333	0.138666666667	0.12	0.0906666666667	0.176	0.141333333333	0.12	0.106666666667	0.133333333333	0.114666666667	0.128	0.0826666666667	0.117333333333	0.128	0.101333333333	0.125333333333	0.136	0.08	0.109333333333	0.122666666667	0.112	0.117333333333	0.16	0.114666666667	0.181333333333	0.138666666667	0.109333333333	0.130666666667	0.152	0.12	0.122666666667	0.125333333333	0.149333333333	0.149333333333	0.106666666667	0.109333333333	0.112	0.122666666667	0.165333333333	0.210666666667	0.189333333333	0.184	0.109333333333	0.133333333333	0.112	0.136	0.104	0.114666666667	0.133333333333	0.122666666667	0.144	0.122666666667	0.157333333333
764649650-stool2.snv.bam	0.149333333333	0.154666666667	0.141333333333	0.165333333333	0.178666666667	0.154666666667	0.165333333333	0.128	0.0986666666667	0.173333333333	0.133333333333	0.216	0.16	0.162666666667	0.0	0.152	0.152	0.178666666667	0.224	0.194666666667	0.165333333333	0.141333333333	0.181333333333	0.168	0.106666666667	0.176	0.125333333333	0.189333333333	0.128	0.16	0.178666666667	0.152	0.176	0.168	0.157333333333	0.173333333333	0.138666666667	0.186666666667	0.16	0.181333333333	0.173333333333	0.136	0.152	0.152	0.101333333333	0.184	0.109333333333	0.0693333333333	0.192	0.194666666667	0.12	0.125333333333	0.125333333333	0.149333333333	0.186666666667	0.138666666667	0.141333333333	0.136	0.181333333333	0.125333333333	0.178666666667	0.162666666667	0.224	0.141333333333	0.194666666667	0.165333333333	0.133333333333	0.168	0.178666666667	0.125333333333	0.152	0.184	0.16	0.136	0.192	0.162666666667
765074482-stool1.snv.bam	0.0693333333333	0.109333333333	0.197333333333	0.221333333333	0.117333333333	0.106666666667	0.096	0.122666666667	0.0853333333333	0.0986666666667	0.125333333333	0.157333333333	0.109333333333	0.128	0.152	0.0	0.0	0.152	0.128	0.0986666666667	0.0906666666667	0.064	0.096	0.0906666666667	0.16	0.072	0.0986666666667	0.138666666667	0.0826666666667	0.088	0.0746666666667	0.0826666666667	0.0933333333333	0.117333333333	0.0986666666667	0.096	0.0826666666667	0.109333333333	0.096	0.104	0.0933333333333	0.125333333333	0.0826666666667	0.0986666666667	0.128	0.112	0.0746666666667	0.122666666667	0.112	0.088	0.128	0.149333333333	0.109333333333	0.0906666666667	0.0986666666667	0.157333333333	0.16	0.141333333333	0.109333333333	0.101333333333	0.106666666667	0.0853333333333	0.165333333333	0.152	0.168	0.0666666666667	0.117333333333	0.0906666666667	0.106666666667	0.128	0.104	0.109333333333	0.0933333333333	0.149333333333	0.136	0.114666666667
765074482-stool2.snv.bam	0.0693333333333	0.109333333333	0.197333333333	0.221333333333	0.117333333333	0.106666666667	0.096	0.122666666667	0.0853333333333	0.0986666666667	0.125333333333	0.157333333333	0.109333333333	0.128	0.152	0.0	0.0	0.152	0.128	0.0986666666667	0.0906666666667	0.064	0.096	0.0906666666667	0.16	0.072	0.0986666666667	0.138666666667	0.0826666666667	0.088	0.0746666666667	0.0826666666667	0.0933333333333	0.117333333333	0.0986666666667	0.096	0.0826666666667	0.109333333333	0.096	0.104	0.0933333333333	0.125333333333	0.0826666666667	0.0986666666667	0.128	0.112	0.0746666666667	0.122666666667	0.112	0.088	0.128	0.149333333333	0.109333333333	0.0906666666667	0.0986666666667	0.157333333333	0.16	0.141333333333	0.109333333333	0.101333333333	0.106666666667	0.0853333333333	0.165333333333	0.152	0.168	0.0666666666667	0.117333333333	0.0906666666667	0.106666666667	0.128	0.104	0.109333333333	0.0933333333333	0.149333333333	0.136	0.114666666667
765256553-stool3.snv.bam	0.130666666667	0.117333333333	0.237333333333	0.261333333333	0.114666666667	0.109333333333	0.125333333333	0.109333333333	0.162666666667	0.128	0.109333333333	0.186666666667	0.088	0.0933333333333	0.178666666667	0.152	0.152	0.0	0.197333333333	0.149333333333	0.154666666667	0.101333333333	0.128	0.133333333333	0.152	0.122666666667	0.109333333333	0.176	0.146666666667	0.128	0.136	0.130666666667	0.101333333333	0.144	0.0746666666667	0.0826666666667	0.16	0.096	0.128	0.133333333333	0.109333333333	0.112	0.125333333333	0.112	0.146666666667	0.152	0.125333333333	0.184	0.152	0.144	0.0906666666667	0.165333333333	0.128	0.136	0.128	0.149333333333	0.149333333333	0.106666666667	0.106666666667	0.130666666667	0.130666666667	0.173333333333	0.218666666667	0.181333333333	0.213333333333	0.128	0.106666666667	0.114666666667	0.138666666667	0.125333333333	0.128	0.141333333333	0.138666666667	0.144	0.130666666667	0.16
CCIS10706551ST-3-0.snv.bam	0.109333333333	0.178666666667	0.237333333333	0.24	0.173333333333	0.157333333333	0.122666666667	0.178666666667	0.154666666667	0.125333333333	0.181333333333	0.192	0.154666666667	0.173333333333	0.224	0.128	0.128	0.197333333333	0.0	0.130666666667	0.122666666667	0.12	0.0986666666667	0.128	0.208	0.136	0.154666666667	0.178666666667	0.128	0.144	0.0933333333333	0.138666666667	0.157333333333	0.136	0.154666666667	0.144	0.162666666667	0.152	0.141333333333	0.122666666667	0.12	0.16	0.12	0.136	0.192	0.149333333333	0.130666666667	0.189333333333	0.162666666667	0.106666666667	0.152	0.197333333333	0.152	0.16	0.122666666667	0.205333333333	0.208	0.184	0.144	0.170666666667	0.152	0.130666666667	0.189333333333	0.184	0.181333333333	0.133333333333	0.176	0.146666666667	0.154666666667	0.149333333333	0.12	0.149333333333	0.146666666667	0.202666666667	0.173333333333	0.168
CCIS15794887ST-4-0.snv.bam	0.096	0.128	0.226666666667	0.245333333333	0.114666666667	0.0933333333333	0.0933333333333	0.125333333333	0.109333333333	0.0906666666667	0.122666666667	0.133333333333	0.117333333333	0.136	0.194666666667	0.0986666666667	0.0986666666667	0.149333333333	0.130666666667	0.0	0.088	0.0613333333333	0.072	0.0453333333333	0.186666666667	0.0693333333333	0.122666666667	0.136	0.114666666667	0.128	0.088	0.114666666667	0.101333333333	0.101333333333	0.112	0.088	0.12	0.0986666666667	0.0906666666667	0.0826666666667	0.088	0.133333333333	0.0933333333333	0.112	0.141333333333	0.106666666667	0.12	0.168	0.109333333333	0.064	0.125333333333	0.141333333333	0.144	0.109333333333	0.0853333333333	0.157333333333	0.16	0.133333333333	0.106666666667	0.104	0.0933333333333	0.112	0.144	0.165333333333	0.154666666667	0.096	0.106666666667	0.109333333333	0.101333333333	0.136	0.101333333333	0.109333333333	0.08	0.154666666667	0.117333333333	0.122666666667
CCIS19142497ST-3-0.snv.bam	0.0693333333333	0.12	0.186666666667	0.205333333333	0.101333333333	0.096	0.096	0.128	0.114666666667	0.0986666666667	0.130666666667	0.125333333333	0.112	0.130666666667	0.165333333333	0.0906666666667	0.0906666666667	0.154666666667	0.122666666667	0.088	0.0	0.0826666666667	0.0933333333333	0.0906666666667	0.173333333333	0.0933333333333	0.112	0.157333333333	0.0933333333333	0.106666666667	0.0826666666667	0.117333333333	0.109333333333	0.112	0.122666666667	0.0826666666667	0.106666666667	0.12	0.106666666667	0.104	0.0693333333333	0.138666666667	0.112	0.117333333333	0.12	0.136	0.101333333333	0.125333333333	0.114666666667	0.0746666666667	0.114666666667	0.149333333333	0.0906666666667	0.072	0.096	0.122666666667	0.125333333333	0.130666666667	0.101333333333	0.117333333333	0.0986666666667	0.117333333333	0.173333333333	0.133333333333	0.170666666667	0.0826666666667	0.109333333333	0.101333333333	0.109333333333	0.125333333333	0.101333333333	0.114666666667	0.109333333333	0.12	0.0853333333333	0.117333333333
CCIS38765456ST-20-0.snv.bam	0.0746666666667	0.109333333333	0.210666666667	0.234666666667	0.0853333333333	0.0853333333333	0.072	0.064	0.0773333333333	0.0693333333333	0.0693333333333	0.122666666667	0.0746666666667	0.0933333333333	0.141333333333	0.064	0.064	0.101333333333	0.12	0.0613333333333	0.0826666666667	0.0	0.0773333333333	0.0266666666667	0.125333333333	0.0746666666667	0.0746666666667	0.12	0.0693333333333	0.0693333333333	0.0666666666667	0.0666666666667	0.0853333333333	0.101333333333	0.0506666666667	0.0853333333333	0.096	0.0693333333333	0.0693333333333	0.088	0.064	0.0933333333333	0.0666666666667	0.0906666666667	0.101333333333	0.08	0.0746666666667	0.117333333333	0.0933333333333	0.0693333333333	0.112	0.114666666667	0.109333333333	0.0773333333333	0.0933333333333	0.130666666667	0.133333333333	0.0933333333333	0.0693333333333	0.0773333333333	0.0746666666667	0.0693333333333	0.136	0.157333333333	0.128	0.0746666666667	0.0906666666667	0.064	0.08	0.112	0.0933333333333	0.0826666666667	0.056	0.122666666667	0.0933333333333	0.109333333333
CCIS70398272ST-4-0.snv.bam	0.0693333333333	0.112	0.213333333333	0.234666666667	0.106666666667	0.104	0.0906666666667	0.117333333333	0.117333333333	0.088	0.114666666667	0.141333333333	0.0933333333333	0.112	0.181333333333	0.096	0.096	0.128	0.0986666666667	0.072	0.0933333333333	0.0773333333333	0.0	0.0853333333333	0.173333333333	0.0586666666667	0.125333333333	0.136	0.0986666666667	0.096	0.0426666666667	0.104	0.0986666666667	0.0906666666667	0.0933333333333	0.0933333333333	0.117333333333	0.0933333333333	0.088	0.0933333333333	0.0613333333333	0.104	0.0906666666667	0.0853333333333	0.133333333333	0.114666666667	0.088	0.149333333333	0.112	0.0666666666667	0.101333333333	0.152	0.109333333333	0.101333333333	0.0666666666667	0.157333333333	0.16	0.122666666667	0.0773333333333	0.109333333333	0.101333333333	0.122666666667	0.157333333333	0.146666666667	0.141333333333	0.0746666666667	0.117333333333	0.0906666666667	0.104	0.0906666666667	0.0826666666667	0.106666666667	0.0933333333333	0.149333333333	0.104	0.104
CCIS87116798ST-4-0.snv.bam	0.0986666666667	0.133333333333	0.234666666667	0.256	0.122666666667	0.101333333333	0.0746666666667	0.114666666667	0.109333333333	0.0826666666667	0.12	0.130666666667	0.106666666667	0.125333333333	0.168	0.0906666666667	0.0906666666667	0.133333333333	0.128	0.0453333333333	0.0906666666667	0.0266666666667	0.0853333333333	0.0	0.146666666667	0.088	0.104	0.12	0.0986666666667	0.109333333333	0.0746666666667	0.104	0.101333333333	0.109333333333	0.0906666666667	0.096	0.112	0.0986666666667	0.0693333333333	0.101333333333	0.088	0.109333333333	0.088	0.101333333333	0.122666666667	0.088	0.101333333333	0.154666666667	0.0906666666667	0.0613333333333	0.130666666667	0.112	0.128	0.117333333333	0.088	0.138666666667	0.141333333333	0.109333333333	0.114666666667	0.106666666667	0.0746666666667	0.0986666666667	0.138666666667	0.157333333333	0.154666666667	0.0826666666667	0.096	0.0853333333333	0.0773333333333	0.117333333333	0.109333333333	0.096	0.0773333333333	0.130666666667	0.125333333333	0.109333333333
CCIS90164298ST-4-0.snv.bam	0.157333333333	0.178666666667	0.186666666667	0.210666666667	0.197333333333	0.157333333333	0.144	0.149333333333	0.141333333333	0.149333333333	0.154666666667	0.210666666667	0.136	0.138666666667	0.106666666667	0.16	0.16	0.152	0.208	0.186666666667	0.173333333333	0.125333333333	0.173333333333	0.146666666667	0.0	0.154666666667	0.128	0.144	0.133333333333	0.152	0.176	0.16	0.168	0.170666666667	0.152	0.157333333333	0.184	0.157333333333	0.165333333333	0.162666666667	0.162666666667	0.133333333333	0.144	0.162666666667	0.154666666667	0.141333333333	0.146666666667	0.170666666667	0.176	0.170666666667	0.154666666667	0.157333333333	0.181333333333	0.186666666667	0.2	0.154666666667	0.16	0.133333333333	0.2	0.144	0.162666666667	0.146666666667	0.176	0.168	0.146666666667	0.152	0.154666666667	0.16	0.170666666667	0.154666666667	0.154666666667	0.165333333333	0.16	0.152	0.208	0.186666666667
CCIS94417875ST-3-0.snv.bam	0.0773333333333	0.0826666666667	0.194666666667	0.218666666667	0.104	0.0986666666667	0.088	0.130666666667	0.104	0.0826666666667	0.128	0.149333333333	0.101333333333	0.12	0.176	0.072	0.072	0.122666666667	0.136	0.0693333333333	0.0933333333333	0.0746666666667	0.0586666666667	0.088	0.154666666667	0.0	0.117333333333	0.114666666667	0.101333333333	0.0853333333333	0.088	0.101333333333	0.0746666666667	0.0933333333333	0.096	0.0773333333333	0.0986666666667	0.096	0.088	0.0746666666667	0.0773333333333	0.125333333333	0.064	0.0693333333333	0.141333333333	0.088	0.104	0.152	0.12	0.096	0.125333333333	0.149333333333	0.128	0.104	0.101333333333	0.149333333333	0.152	0.112	0.101333333333	0.106666666667	0.0933333333333	0.104	0.138666666667	0.154666666667	0.144	0.0533333333333	0.0986666666667	0.0933333333333	0.112	0.130666666667	0.08	0.104	0.08	0.141333333333	0.106666666667	0.112
CCIS95409808ST-4-0.snv.bam	0.0986666666667	0.128	0.229333333333	0.250666666667	0.136	0.101333333333	0.114666666667	0.0853333333333	0.125333333333	0.117333333333	0.088	0.181333333333	0.088	0.0906666666667	0.125333333333	0.0986666666667	0.0986666666667	0.109333333333	0.154666666667	0.122666666667	0.112	0.0746666666667	0.125333333333	0.104	0.128	0.117333333333	0.0	0.178666666667	0.0853333333333	0.128	0.109333333333	0.128	0.117333333333	0.144	0.0906666666667	0.109333333333	0.114666666667	0.128	0.130666666667	0.128	0.101333333333	0.0773333333333	0.106666666667	0.12	0.0986666666667	0.152	0.0986666666667	0.146666666667	0.152	0.106666666667	0.114666666667	0.130666666667	0.109333333333	0.109333333333	0.117333333333	0.122666666667	0.122666666667	0.0986666666667	0.122666666667	0.0746666666667	0.130666666667	0.130666666667	0.208	0.165333333333	0.192	0.106666666667	0.0933333333333	0.109333333333	0.136	0.0826666666667	0.117333333333	0.146666666667	0.122666666667	0.122666666667	0.149333333333	0.133333333333
CCMD46947453ST-21-0.snv.bam	0.128	0.157333333333	0.192	0.216	0.173333333333	0.16	0.117333333333	0.192	0.114666666667	0.117333333333	0.197333333333	0.184	0.157333333333	0.176	0.189333333333	0.138666666667	0.138666666667	0.176	0.178666666667	0.136	0.157333333333	0.12	0.136	0.12	0.144	0.114666666667	0.178666666667	0.0	0.117333333333	0.136	0.144	0.144	0.141333333333	0.138666666667	0.152	0.141333333333	0.157333333333	0.149333333333	0.12	0.136	0.144	0.173333333333	0.109333333333	0.125333333333	0.181333333333	0.088	0.133333333333	0.184	0.16	0.136	0.165333333333	0.176	0.176	0.16	0.162666666667	0.197333333333	0.202666666667	0.16	0.168	0.176	0.136	0.122666666667	0.104	0.186666666667	0.109333333333	0.130666666667	0.146666666667	0.136	0.152	0.178666666667	0.144	0.117333333333	0.133333333333	0.189333333333	0.173333333333	0.157333333333
ED16A.snv.bam	0.08	0.125333333333	0.192	0.210666666667	0.141333333333	0.117333333333	0.0933333333333	0.136	0.0746666666667	0.101333333333	0.138666666667	0.144	0.122666666667	0.141333333333	0.128	0.0826666666667	0.0826666666667	0.146666666667	0.128	0.114666666667	0.0933333333333	0.0693333333333	0.0986666666667	0.0986666666667	0.133333333333	0.101333333333	0.0853333333333	0.117333333333	0.0	0.0853333333333	0.0986666666667	0.088	0.106666666667	0.114666666667	0.109333333333	0.109333333333	0.101333333333	0.114666666667	0.12	0.112	0.096	0.130666666667	0.0933333333333	0.104	0.138666666667	0.109333333333	0.056	0.0933333333333	0.133333333333	0.106666666667	0.117333333333	0.165333333333	0.104	0.096	0.106666666667	0.146666666667	0.152	0.152	0.104	0.117333333333	0.101333333333	0.0693333333333	0.154666666667	0.157333333333	0.149333333333	0.088	0.12	0.101333333333	0.122666666667	0.122666666667	0.106666666667	0.101333333333	0.109333333333	0.144	0.144	0.106666666667
M1.1-V2.metaG.snv.bam	0.08	0.112	0.2	0.224	0.125333333333	0.136	0.0986666666667	0.130666666667	0.104	0.0906666666667	0.133333333333	0.112	0.101333333333	0.12	0.16	0.088	0.088	0.128	0.144	0.128	0.106666666667	0.0693333333333	0.096	0.109333333333	0.152	0.0853333333333	0.128	0.136	0.0853333333333	0.0	0.0933333333333	0.096	0.106666666667	0.112	0.0906666666667	0.0933333333333	0.125333333333	0.0933333333333	0.109333333333	0.106666666667	0.0746666666667	0.133333333333	0.0746666666667	0.0933333333333	0.152	0.114666666667	0.08	0.125333333333	0.125333333333	0.106666666667	0.117333333333	0.154666666667	0.130666666667	0.0986666666667	0.122666666667	0.144	0.146666666667	0.133333333333	0.096	0.128	0.104	0.109333333333	0.170666666667	0.16	0.181333333333	0.064	0.125333333333	0.088	0.112	0.141333333333	0.0906666666667	0.0773333333333	0.101333333333	0.136	0.117333333333	0.112
MH0193.snv.bam	0.064	0.130666666667	0.218666666667	0.242666666667	0.117333333333	0.117333333333	0.08	0.106666666667	0.117333333333	0.0773333333333	0.114666666667	0.141333333333	0.088	0.106666666667	0.178666666667	0.0746666666667	0.0746666666667	0.136	0.0933333333333	0.088	0.0826666666667	0.0666666666667	0.0426666666667	0.0746666666667	0.176	0.088	0.109333333333	0.144	0.0986666666667	0.0933333333333	0.0	0.0906666666667	0.104	0.101333333333	0.088	0.101333333333	0.112	0.101333333333	0.0826666666667	0.101333333333	0.0613333333333	0.114666666667	0.096	0.096	0.133333333333	0.122666666667	0.0826666666667	0.149333333333	0.096	0.0613333333333	0.106666666667	0.146666666667	0.0986666666667	0.101333333333	0.0613333333333	0.157333333333	0.16	0.125333333333	0.0773333333333	0.104	0.096	0.112	0.178666666667	0.146666666667	0.152	0.0613333333333	0.128	0.0906666666667	0.0933333333333	0.101333333333	0.088	0.106666666667	0.109333333333	0.149333333333	0.114666666667	0.114666666667
MH0252.snv.bam	0.0933333333333	0.128	0.210666666667	0.237333333333	0.12	0.138666666667	0.0906666666667	0.112	0.08	0.106666666667	0.117333333333	0.152	0.114666666667	0.133333333333	0.152	0.0826666666667	0.0826666666667	0.130666666667	0.138666666667	0.114666666667	0.117333333333	0.0666666666667	0.104	0.104	0.16	0.101333333333	0.128	0.144	0.088	0.096	0.0906666666667	0.0	0.117333333333	0.0826666666667	0.106666666667	0.106666666667	0.109333333333	0.0853333333333	0.0906666666667	0.0746666666667	0.0906666666667	0.136	0.0746666666667	0.0986666666667	0.130666666667	0.106666666667	0.0693333333333	0.112	0.112	0.104	0.101333333333	0.152	0.109333333333	0.117333333333	0.122666666667	0.16	0.162666666667	0.133333333333	0.109333333333	0.122666666667	0.106666666667	0.072	0.157333333333	0.184	0.157333333333	0.101333333333	0.138666666667	0.0853333333333	0.109333333333	0.133333333333	0.0826666666667	0.109333333333	0.088	0.152	0.136	0.141333333333
MH0326.snv.bam	0.088	0.0746666666667	0.197333333333	0.218666666667	0.114666666667	0.088	0.0986666666667	0.146666666667	0.12	0.101333333333	0.152	0.154666666667	0.0933333333333	0.114666666667	0.176	0.0933333333333	0.0933333333333	0.101333333333	0.157333333333	0.101333333333	0.109333333333	0.0853333333333	0.0986666666667	0.101333333333	0.168	0.0746666666667	0.117333333333	0.141333333333	0.106666666667	0.106666666667	0.104	0.117333333333	0.0	0.109333333333	0.0906666666667	0.0666666666667	0.101333333333	0.0933333333333	0.109333333333	0.112	0.0746666666667	0.130666666667	0.0906666666667	0.0666666666667	0.157333333333	0.114666666667	0.0933333333333	0.136	0.130666666667	0.101333333333	0.12	0.152	0.112	0.0986666666667	0.101333333333	0.16	0.162666666667	0.152	0.101333333333	0.130666666667	0.0933333333333	0.130666666667	0.170666666667	0.149333333333	0.154666666667	0.0853333333333	0.096	0.104	0.122666666667	0.12	0.101333333333	0.0933333333333	0.096	0.152	0.125333333333	0.096
MH0336.snv.bam	0.0906666666667	0.12	0.192	0.213333333333	0.12	0.130666666667	0.064	0.144	0.096	0.0986666666667	0.146666666667	0.141333333333	0.109333333333	0.128	0.168	0.117333333333	0.117333333333	0.144	0.136	0.101333333333	0.112	0.101333333333	0.0906666666667	0.109333333333	0.170666666667	0.0933333333333	0.144	0.138666666667	0.114666666667	0.112	0.101333333333	0.0826666666667	0.109333333333	0.0	0.114666666667	0.096	0.128	0.109333333333	0.109333333333	0.08	0.0906666666667	0.157333333333	0.088	0.0826666666667	0.154666666667	0.112	0.0826666666667	0.144	0.104	0.0933333333333	0.109333333333	0.154666666667	0.128	0.122666666667	0.104	0.173333333333	0.176	0.130666666667	0.114666666667	0.12	0.0933333333333	0.122666666667	0.152	0.176	0.138666666667	0.0986666666667	0.125333333333	0.088	0.101333333333	0.130666666667	0.056	0.109333333333	0.088	0.165333333333	0.128	0.125333333333
MH0373.snv.bam	0.0933333333333	0.112	0.221333333333	0.245333333333	0.0933333333333	0.0906666666667	0.109333333333	0.0773333333333	0.136	0.112	0.0826666666667	0.154666666667	0.0693333333333	0.0826666666667	0.157333333333	0.0986666666667	0.0986666666667	0.0746666666667	0.154666666667	0.112	0.122666666667	0.0506666666667	0.0933333333333	0.0906666666667	0.152	0.096	0.0906666666667	0.152	0.109333333333	0.0906666666667	0.088	0.106666666667	0.0906666666667	0.114666666667	0.0	0.0986666666667	0.117333333333	0.0906666666667	0.109333333333	0.122666666667	0.0746666666667	0.0906666666667	0.0986666666667	0.0933333333333	0.114666666667	0.130666666667	0.088	0.157333333333	0.125333333333	0.101333333333	0.114666666667	0.125333333333	0.101333333333	0.104	0.096	0.136	0.136	0.0853333333333	0.0693333333333	0.096	0.114666666667	0.136	0.192	0.170666666667	0.181333333333	0.096	0.0853333333333	0.0933333333333	0.112	0.114666666667	0.101333333333	0.109333333333	0.112	0.128	0.101333333333	0.112
MH0378.snv.bam	0.08	0.088	0.181333333333	0.2	0.106666666667	0.072	0.096	0.144	0.117333333333	0.088	0.146666666667	0.146666666667	0.0986666666667	0.117333333333	0.173333333333	0.096	0.096	0.0826666666667	0.144	0.088	0.0826666666667	0.0853333333333	0.0933333333333	0.096	0.157333333333	0.0773333333333	0.109333333333	0.141333333333	0.109333333333	0.0933333333333	0.101333333333	0.106666666667	0.0666666666667	0.096	0.0986666666667	0.0	0.114666666667	0.0826666666667	0.112	0.0906666666667	0.088	0.133333333333	0.0933333333333	0.0773333333333	0.149333333333	0.114666666667	0.0986666666667	0.146666666667	0.112	0.088	0.096	0.157333333333	0.109333333333	0.08	0.0986666666667	0.128	0.130666666667	0.136	0.0986666666667	0.12	0.096	0.125333333333	0.165333333333	0.12	0.178666666667	0.0773333333333	0.096	0.096	0.104	0.122666666667	0.0773333333333	0.104	0.0933333333333	0.125333333333	0.112	0.114666666667
MH0395.snv.bam	0.106666666667	0.096	0.186666666667	0.216	0.12	0.109333333333	0.112	0.152	0.104	0.130666666667	0.165333333333	0.149333333333	0.112	0.128	0.138666666667	0.0826666666667	0.0826666666667	0.16	0.162666666667	0.12	0.106666666667	0.096	0.117333333333	0.112	0.184	0.0986666666667	0.114666666667	0.157333333333	0.101333333333	0.125333333333	0.112	0.109333333333	0.101333333333	0.128	0.117333333333	0.114666666667	0.0	0.12	0.0933333333333	0.109333333333	0.0906666666667	0.149333333333	0.106666666667	0.088	0.141333333333	0.130666666667	0.0773333333333	0.114666666667	0.152	0.106666666667	0.133333333333	0.168	0.0853333333333	0.0853333333333	0.112	0.170666666667	0.173333333333	0.130666666667	0.125333333333	0.133333333333	0.109333333333	0.128	0.184	0.16	0.178666666667	0.104	0.106666666667	0.125333333333	0.144	0.122666666667	0.112	0.130666666667	0.0933333333333	0.162666666667	0.128	0.106666666667
MH0433.snv.bam	0.096	0.106666666667	0.208	0.232	0.096	0.0986666666667	0.0986666666667	0.125333333333	0.133333333333	0.112	0.125333333333	0.114666666667	0.0853333333333	0.101333333333	0.186666666667	0.109333333333	0.109333333333	0.096	0.152	0.0986666666667	0.12	0.0693333333333	0.0933333333333	0.0986666666667	0.157333333333	0.096	0.128	0.149333333333	0.114666666667	0.0933333333333	0.101333333333	0.0853333333333	0.0933333333333	0.109333333333	0.0906666666667	0.0826666666667	0.12	0.0	0.096	0.114666666667	0.0693333333333	0.141333333333	0.0986666666667	0.101333333333	0.149333333333	0.117333333333	0.112	0.152	0.104	0.0986666666667	0.12	0.149333333333	0.109333333333	0.106666666667	0.106666666667	0.138666666667	0.141333333333	0.130666666667	0.096	0.128	0.0853333333333	0.125333333333	0.154666666667	0.157333333333	0.162666666667	0.0933333333333	0.122666666667	0.088	0.096	0.138666666667	0.109333333333	0.0933333333333	0.0933333333333	0.130666666667	0.101333333333	0.109333333333
MH0434.snv.bam	0.109333333333	0.096	0.202666666667	0.226666666667	0.114666666667	0.128	0.0933333333333	0.128	0.109333333333	0.101333333333	0.133333333333	0.144	0.109333333333	0.125333333333	0.16	0.096	0.096	0.128	0.141333333333	0.0906666666667	0.106666666667	0.0693333333333	0.088	0.0693333333333	0.165333333333	0.088	0.130666666667	0.12	0.12	0.109333333333	0.0826666666667	0.0906666666667	0.109333333333	0.109333333333	0.109333333333	0.112	0.0933333333333	0.096	0.0	0.08	0.0933333333333	0.122666666667	0.0906666666667	0.0986666666667	0.128	0.0986666666667	0.101333333333	0.141333333333	0.106666666667	0.0853333333333	0.136	0.133333333333	0.104	0.112	0.104	0.149333333333	0.152	0.0906666666667	0.12	0.133333333333	0.096	0.117333333333	0.157333333333	0.149333333333	0.154666666667	0.0773333333333	0.096	0.096	0.096	0.130666666667	0.0986666666667	0.0986666666667	0.0773333333333	0.141333333333	0.112	0.117333333333
MH0450.snv.bam	0.096	0.106666666667	0.189333333333	0.210666666667	0.12	0.133333333333	0.0826666666667	0.125333333333	0.0933333333333	0.0773333333333	0.133333333333	0.162666666667	0.117333333333	0.136	0.181333333333	0.104	0.104	0.133333333333	0.122666666667	0.0826666666667	0.104	0.088	0.0933333333333	0.101333333333	0.162666666667	0.0746666666667	0.128	0.136	0.112	0.106666666667	0.101333333333	0.0746666666667	0.112	0.08	0.122666666667	0.0906666666667	0.109333333333	0.114666666667	0.08	0.0	0.0773333333333	0.144	0.0666666666667	0.101333333333	0.146666666667	0.0933333333333	0.101333333333	0.152	0.122666666667	0.088	0.12	0.154666666667	0.128	0.125333333333	0.12	0.16	0.162666666667	0.12	0.117333333333	0.128	0.104	0.0933333333333	0.141333333333	0.162666666667	0.152	0.0906666666667	0.106666666667	0.0986666666667	0.114666666667	0.144	0.0533333333333	0.117333333333	0.0853333333333	0.157333333333	0.122666666667	0.136
