	BGI089A.snv.bam	CCIS25399172ST-4-0.snv.bam	CCMD12232071ST-21-0.snv.bam	MH0188.snv.bam	MH0238.snv.bam	MH0281.snv.bam	MH0332.snv.bam	MH0348.snv.bam	MH0385.snv.bam	MH0433.snv.bam	MMRS43563715ST-27-0-0.snv.bam	N047A.snv.bam	NLM021.snv.bam	O2.UC22-1.snv.bam	O2.UC41-1.snv.bam	SZEY-66A.snv.bam	V1.CD3-0-PN.snv.bam	V1.CD3-3-PN.snv.bam	V1.CD4-0-PN.snv.bam	V1.FI02.snv.bam	V1.FI11.snv.bam	V1.FI12.snv.bam	V1.FI13.snv.bam
BGI089A.snv.bam	0.0	0.099533437014	0.149300155521	0.146189735614	0.122861586314	0.115085536547	0.146189735614	0.105754276827	0.107309486781	0.155520995334	0.102643856921	0.0886469673406	0.0933125972006	0.0808709175739	0.105754276827	0.0762052877138	0.0979782270607	0.0979782270607	0.127527216174	0.108864696734	0.143079315708	0.0917573872473	0.149300155521
CCIS25399172ST-4-0.snv.bam	0.099533437014	0.0	0.152410575428	0.147744945568	0.116640746501	0.110419906687	0.157076205288	0.0917573872473	0.101088646967	0.157076205288	0.107309486781	0.0668740279938	0.107309486781	0.102643856921	0.118195956454	0.0839813374806	0.122861586314	0.124416796267	0.132192846034	0.113530326594	0.152410575428	0.111975116641	0.155520995334
CCMD12232071ST-21-0.snv.bam	0.149300155521	0.152410575428	0.0	0.0855365474339	0.0855365474339	0.163297045101	0.119751166407	0.124416796267	0.153965785381	0.0902021772939	0.138413685848	0.149300155521	0.149300155521	0.138413685848	0.172628304821	0.139968895801	0.138413685848	0.135303265941	0.0746500777605	0.155520995334	0.094867807154	0.153965785381	0.099533437014
MH0188.snv.bam	0.146189735614	0.147744945568	0.0855365474339	0.0	0.0902021772939	0.157076205288	0.0917573872473	0.135303265941	0.152410575428	0.0824261275272	0.144634525661	0.149300155521	0.144634525661	0.146189735614	0.160186625194	0.141524105754	0.125972006221	0.125972006221	0.0839813374806	0.153965785381	0.0902021772939	0.144634525661	0.0933125972006
MH0238.snv.bam	0.122861586314	0.116640746501	0.0855365474339	0.0902021772939	0.0	0.153965785381	0.101088646967	0.110419906687	0.147744945568	0.0870917573872	0.138413685848	0.132192846034	0.141524105754	0.121306376361	0.157076205288	0.118195956454	0.104199066874	0.101088646967	0.054432348367	0.141524105754	0.0979782270607	0.149300155521	0.102643856921
MH0281.snv.bam	0.115085536547	0.110419906687	0.163297045101	0.157076205288	0.153965785381	0.0	0.160186625194	0.133748055988	0.0528771384137	0.164852255054	0.127527216174	0.127527216174	0.111975116641	0.124416796267	0.125972006221	0.0870917573872	0.155520995334	0.155520995334	0.150855365474	0.124416796267	0.161741835148	0.119751166407	0.164852255054
MH0332.snv.bam	0.146189735614	0.157076205288	0.119751166407	0.0917573872473	0.101088646967	0.160186625194	0.0	0.144634525661	0.166407465008	0.0964230171073	0.146189735614	0.150855365474	0.149300155521	0.146189735614	0.164852255054	0.141524105754	0.125972006221	0.122861586314	0.0824261275272	0.150855365474	0.0979782270607	0.143079315708	0.101088646967
MH0348.snv.bam	0.105754276827	0.0917573872473	0.124416796267	0.135303265941	0.110419906687	0.133748055988	0.144634525661	0.0	0.124416796267	0.138413685848	0.110419906687	0.0824261275272	0.111975116641	0.102643856921	0.0824261275272	0.0979782270607	0.115085536547	0.108864696734	0.113530326594	0.125972006221	0.146189735614	0.110419906687	0.147744945568
MH0385.snv.bam	0.107309486781	0.101088646967	0.153965785381	0.152410575428	0.147744945568	0.0528771384137	0.166407465008	0.124416796267	0.0	0.164852255054	0.110419906687	0.111975116641	0.108864696734	0.122861586314	0.124416796267	0.0824261275272	0.143079315708	0.143079315708	0.143079315708	0.119751166407	0.157076205288	0.116640746501	0.161741835148
MH0433.snv.bam	0.155520995334	0.157076205288	0.0902021772939	0.0824261275272	0.0870917573872	0.164852255054	0.0964230171073	0.138413685848	0.164852255054	0.0	0.152410575428	0.155520995334	0.158631415241	0.144634525661	0.169517884914	0.147744945568	0.141524105754	0.138413685848	0.0746500777605	0.152410575428	0.094867807154	0.152410575428	0.0979782270607
MMRS43563715ST-27-0-0.snv.bam	0.102643856921	0.107309486781	0.138413685848	0.144634525661	0.138413685848	0.127527216174	0.146189735614	0.110419906687	0.110419906687	0.152410575428	0.0	0.0762052877138	0.0917573872473	0.0933125972006	0.113530326594	0.0824261275272	0.118195956454	0.121306376361	0.127527216174	0.108864696734	0.135303265941	0.102643856921	0.141524105754
N047A.snv.bam	0.0886469673406	0.0668740279938	0.149300155521	0.149300155521	0.132192846034	0.127527216174	0.150855365474	0.0824261275272	0.111975116641	0.155520995334	0.0762052877138	0.0	0.0762052877138	0.0855365474339	0.105754276827	0.0699844479005	0.107309486781	0.111975116641	0.127527216174	0.108864696734	0.147744945568	0.099533437014	0.153965785381
NLM021.snv.bam	0.0933125972006	0.107309486781	0.149300155521	0.144634525661	0.141524105754	0.111975116641	0.149300155521	0.111975116641	0.108864696734	0.158631415241	0.0917573872473	0.0762052877138	0.0	0.107309486781	0.110419906687	0.0839813374806	0.108864696734	0.105754276827	0.129082426128	0.107309486781	0.149300155521	0.111975116641	0.153965785381
O2.UC22-1.snv.bam	0.0808709175739	0.102643856921	0.138413685848	0.146189735614	0.121306376361	0.124416796267	0.146189735614	0.102643856921	0.122861586314	0.144634525661	0.0933125972006	0.0855365474339	0.107309486781	0.0	0.118195956454	0.0793157076205	0.104199066874	0.104199066874	0.124416796267	0.110419906687	0.139968895801	0.0715396578538	0.146189735614
O2.UC41-1.snv.bam	0.105754276827	0.118195956454	0.172628304821	0.160186625194	0.157076205288	0.125972006221	0.164852255054	0.0824261275272	0.124416796267	0.169517884914	0.113530326594	0.105754276827	0.110419906687	0.118195956454	0.0	0.119751166407	0.141524105754	0.141524105754	0.146189735614	0.107309486781	0.163297045101	0.105754276827	0.167962674961
SZEY-66A.snv.bam	0.0762052877138	0.0839813374806	0.139968895801	0.141524105754	0.118195956454	0.0870917573872	0.141524105754	0.0979782270607	0.0824261275272	0.147744945568	0.0824261275272	0.0699844479005	0.0839813374806	0.0793157076205	0.119751166407	0.0	0.099533437014	0.101088646967	0.121306376361	0.107309486781	0.139968895801	0.111975116641	0.144634525661
V1.CD3-0-PN.snv.bam	0.0979782270607	0.122861586314	0.138413685848	0.125972006221	0.104199066874	0.155520995334	0.125972006221	0.115085536547	0.143079315708	0.141524105754	0.118195956454	0.107309486781	0.108864696734	0.104199066874	0.141524105754	0.099533437014	0.0	0.0	0.111975116641	0.139968895801	0.121306376361	0.130637636081	0.124416796267
V1.CD3-3-PN.snv.bam	0.0979782270607	0.124416796267	0.135303265941	0.125972006221	0.101088646967	0.155520995334	0.122861586314	0.108864696734	0.143079315708	0.138413685848	0.121306376361	0.111975116641	0.105754276827	0.104199066874	0.141524105754	0.101088646967	0.0	0.0	0.110419906687	0.143079315708	0.121306376361	0.132192846034	0.124416796267
V1.CD4-0-PN.snv.bam	0.127527216174	0.132192846034	0.0746500777605	0.0839813374806	0.054432348367	0.150855365474	0.0824261275272	0.113530326594	0.143079315708	0.0746500777605	0.127527216174	0.127527216174	0.129082426128	0.124416796267	0.146189735614	0.121306376361	0.111975116641	0.110419906687	0.0	0.132192846034	0.0824261275272	0.135303265941	0.0870917573872
V1.FI02.snv.bam	0.108864696734	0.113530326594	0.155520995334	0.153965785381	0.141524105754	0.124416796267	0.150855365474	0.125972006221	0.119751166407	0.152410575428	0.108864696734	0.108864696734	0.107309486781	0.110419906687	0.107309486781	0.107309486781	0.139968895801	0.143079315708	0.132192846034	0.0	0.152410575428	0.110419906687	0.158631415241
V1.FI11.snv.bam	0.143079315708	0.152410575428	0.094867807154	0.0902021772939	0.0979782270607	0.161741835148	0.0979782270607	0.146189735614	0.157076205288	0.094867807154	0.135303265941	0.147744945568	0.149300155521	0.139968895801	0.163297045101	0.139968895801	0.121306376361	0.121306376361	0.0824261275272	0.152410575428	0.0	0.139968895801	0.0
V1.FI12.snv.bam	0.0917573872473	0.111975116641	0.153965785381	0.144634525661	0.149300155521	0.119751166407	0.143079315708	0.110419906687	0.116640746501	0.152410575428	0.102643856921	0.099533437014	0.111975116641	0.0715396578538	0.105754276827	0.111975116641	0.130637636081	0.132192846034	0.135303265941	0.110419906687	0.139968895801	0.0	0.147744945568
V1.FI13.snv.bam	0.149300155521	0.155520995334	0.099533437014	0.0933125972006	0.102643856921	0.164852255054	0.101088646967	0.147744945568	0.161741835148	0.0979782270607	0.141524105754	0.153965785381	0.153965785381	0.146189735614	0.167962674961	0.144634525661	0.124416796267	0.124416796267	0.0870917573872	0.158631415241	0.0	0.147744945568	0.0
