	375450439-stool3.snv.bam	CCIS10706551ST-3-0.snv.bam	CCMD46222674ST-21-0.snv.bam	CCMD82866709ST-21-0.snv.bam	CCMD86114146ST-21-0.snv.bam	CCMD87156761ST-21-0.snv.bam	MH0155.snv.bam	MH0189.snv.bam	MH0276.snv.bam	MH0340.snv.bam	MH0346.snv.bam	MH0369.snv.bam	MH0374.snv.bam	MH0385.snv.bam	MH0409.snv.bam	MH0422.snv.bam	MH0436.snv.bam	MH0439.snv.bam	MH0440.snv.bam	MMRS39582183ST-27-0-0.snv.bam	O2.UC29-1.snv.bam	O2.UC30-1.snv.bam	SAMEA3136645.snv.bam	SAMEA3136721.snv.bam	SAMEA3136732.snv.bam	SAMEA3136754.snv.bam	SAMEA3136760.snv.bam	V1.FI11.snv.bam	V1.FI12.snv.bam	V1.FI29.snv.bam
375450439-stool3.snv.bam	0.0	0.179278230501	0.171129220023	0.1641443539	0.19091967404	0.201396973225	0.189755529686	0.192083818393	0.192083818393	0.168800931315	0.186263096624	0.135040745052	0.182770663562	0.174621653085	0.179278230501	0.1641443539	0.172293364377	0.21187427241	0.174621653085	0.175785797439	0.15832363213	0.169965075669	0.13736903376	0.140861466822	0.160651920838	0.145518044237	0.175785797439	0.187427240978	0.187427240978	0.139697322468
CCIS10706551ST-3-0.snv.bam	0.179278230501	0.0	0.150174621653	0.15832363213	0.181606519208	0.168800931315	0.145518044237	0.157159487776	0.146682188591	0.138533178114	0.138533178114	0.119906868452	0.145518044237	0.136204889406	0.145518044237	0.124563445867	0.130384167637	0.159487776484	0.144353899884	0.167636786962	0.173457508731	0.181606519208	0.103608847497	0.123399301513	0.153667054715	0.128055878929	0.153667054715	0.136204889406	0.136204889406	0.130384167637
CCMD46222674ST-21-0.snv.bam	0.171129220023	0.150174621653	0.0	0.152502910361	0.174621653085	0.162980209546	0.154831199069	0.160651920838	0.149010477299	0.140861466822	0.165308498254	0.11641443539	0.165308498254	0.155995343423	0.153667054715	0.126891734575	0.133876600698	0.181606519208	0.155995343423	0.146682188591	0.160651920838	0.161816065192	0.11059371362	0.123399301513	0.139697322468	0.122235157159	0.152502910361	0.171129220023	0.171129220023	0.128055878929
CCMD82866709ST-21-0.snv.bam	0.1641443539	0.15832363213	0.152502910361	0.0	0.159487776484	0.1641443539	0.181606519208	0.18509895227	0.171129220023	0.157159487776	0.173457508731	0.105937136205	0.1641443539	0.168800931315	0.154831199069	0.153667054715	0.159487776484	0.186263096624	0.161816065192	0.165308498254	0.1641443539	0.161816065192	0.121071012806	0.111757857974	0.14318975553	0.114086146682	0.093131548312	0.157159487776	0.157159487776	0.121071012806
CCMD86114146ST-21-0.snv.bam	0.19091967404	0.181606519208	0.174621653085	0.159487776484	0.0	0.189755529686	0.181606519208	0.194412107101	0.19091967404	0.167636786962	0.186263096624	0.114086146682	0.179278230501	0.174621653085	0.172293364377	0.160651920838	0.174621653085	0.197904540163	0.180442374854	0.178114086147	0.182770663562	0.183934807916	0.145518044237	0.124563445867	0.135040745052	0.126891734575	0.14318975553	0.197904540163	0.197904540163	0.151338766007
CCMD87156761ST-21-0.snv.bam	0.201396973225	0.168800931315	0.162980209546	0.1641443539	0.189755529686	0.0	0.179278230501	0.186263096624	0.175785797439	0.162980209546	0.186263096624	0.138533178114	0.176949941793	0.165308498254	0.168800931315	0.147846332945	0.160651920838	0.194412107101	0.168800931315	0.186263096624	0.192083818393	0.194412107101	0.129220023283	0.142025611176	0.157159487776	0.135040745052	0.157159487776	0.186263096624	0.187427240978	0.152502910361
MH0155.snv.bam	0.189755529686	0.145518044237	0.154831199069	0.181606519208	0.181606519208	0.179278230501	0.0	0.167636786962	0.166472642608	0.160651920838	0.169965075669	0.131548311991	0.169965075669	0.155995343423	0.153667054715	0.133876600698	0.150174621653	0.18509895227	0.161816065192	0.181606519208	0.181606519208	0.192083818393	0.124563445867	0.132712456345	0.162980209546	0.142025611176	0.175785797439	0.165308498254	0.165308498254	0.14318975553
MH0189.snv.bam	0.192083818393	0.157159487776	0.160651920838	0.18509895227	0.194412107101	0.186263096624	0.167636786962	0.0	0.150174621653	0.169965075669	0.142025611176	0.131548311991	0.100116414435	0.11641443539	0.176949941793	0.109429569267	0.128055878929	0.139697322468	0.112922002328	0.19091967404	0.19091967404	0.193247962747	0.136204889406	0.145518044237	0.161816065192	0.142025611176	0.172293364377	0.168800931315	0.169965075669	0.144353899884
MH0276.snv.bam	0.192083818393	0.146682188591	0.149010477299	0.171129220023	0.19091967404	0.175785797439	0.166472642608	0.150174621653	0.0	0.144353899884	0.136204889406	0.132712456345	0.144353899884	0.132712456345	0.149010477299	0.118742724098	0.100116414435	0.146682188591	0.125727590221	0.183934807916	0.182770663562	0.194412107101	0.128055878929	0.132712456345	0.161816065192	0.150174621653	0.166472642608	0.162980209546	0.1641443539	0.14318975553
MH0340.snv.bam	0.168800931315	0.138533178114	0.140861466822	0.157159487776	0.167636786962	0.162980209546	0.160651920838	0.169965075669	0.144353899884	0.0	0.149010477299	0.118742724098	0.151338766007	0.130384167637	0.125727590221	0.125727590221	0.135040745052	0.167636786962	0.147846332945	0.165308498254	0.1641443539	0.173457508731	0.115250291036	0.115250291036	0.138533178114	0.119906868452	0.149010477299	0.150174621653	0.150174621653	0.130384167637
MH0346.snv.bam	0.186263096624	0.138533178114	0.165308498254	0.173457508731	0.186263096624	0.186263096624	0.169965075669	0.142025611176	0.136204889406	0.149010477299	0.0	0.128055878929	0.130384167637	0.121071012806	0.146682188591	0.108265424913	0.129220023283	0.14318975553	0.133876600698	0.176949941793	0.193247962747	0.196740395809	0.119906868452	0.130384167637	0.166472642608	0.131548311991	0.159487776484	0.162980209546	0.162980209546	0.136204889406
MH0369.snv.bam	0.135040745052	0.119906868452	0.11641443539	0.105937136205	0.114086146682	0.138533178114	0.131548311991	0.131548311991	0.132712456345	0.118742724098	0.128055878929	0.0	0.119906868452	0.119906868452	0.125727590221	0.107101280559	0.124563445867	0.152502910361	0.124563445867	0.126891734575	0.133876600698	0.130384167637	0.0977881257276	0.081490104773	0.109429569267	0.0977881257276	0.0919674039581	0.130384167637	0.130384167637	0.0873108265425
MH0374.snv.bam	0.182770663562	0.145518044237	0.165308498254	0.1641443539	0.179278230501	0.176949941793	0.169965075669	0.100116414435	0.144353899884	0.151338766007	0.130384167637	0.119906868452	0.0	0.11641443539	0.15832363213	0.111757857974	0.123399301513	0.142025611176	0.11059371362	0.181606519208	0.188591385332	0.192083818393	0.122235157159	0.133876600698	0.153667054715	0.131548311991	0.165308498254	0.155995343423	0.155995343423	0.144353899884
MH0385.snv.bam	0.174621653085	0.136204889406	0.155995343423	0.168800931315	0.174621653085	0.165308498254	0.155995343423	0.11641443539	0.132712456345	0.130384167637	0.121071012806	0.119906868452	0.11641443539	0.0	0.149010477299	0.0884749708964	0.115250291036	0.14318975553	0.11059371362	0.169965075669	0.172293364377	0.176949941793	0.11059371362	0.123399301513	0.147846332945	0.126891734575	0.154831199069	0.152502910361	0.153667054715	0.129220023283
MH0409.snv.bam	0.179278230501	0.145518044237	0.153667054715	0.154831199069	0.172293364377	0.168800931315	0.153667054715	0.176949941793	0.149010477299	0.125727590221	0.146682188591	0.125727590221	0.15832363213	0.149010477299	0.0	0.122235157159	0.135040745052	0.175785797439	0.152502910361	0.15832363213	0.173457508731	0.173457508731	0.108265424913	0.124563445867	0.138533178114	0.117578579744	0.151338766007	0.153667054715	0.153667054715	0.131548311991
MH0422.snv.bam	0.1641443539	0.124563445867	0.126891734575	0.153667054715	0.160651920838	0.147846332945	0.133876600698	0.109429569267	0.118742724098	0.125727590221	0.108265424913	0.107101280559	0.111757857974	0.0884749708964	0.122235157159	0.0	0.0896391152503	0.142025611176	0.102444703143	0.151338766007	0.157159487776	0.15832363213	0.100116414435	0.112922002328	0.123399301513	0.121071012806	0.140861466822	0.149010477299	0.150174621653	0.11059371362
MH0436.snv.bam	0.172293364377	0.130384167637	0.133876600698	0.159487776484	0.174621653085	0.160651920838	0.150174621653	0.128055878929	0.100116414435	0.135040745052	0.129220023283	0.124563445867	0.123399301513	0.115250291036	0.135040745052	0.0896391152503	0.0	0.130384167637	0.102444703143	0.166472642608	0.162980209546	0.167636786962	0.109429569267	0.119906868452	0.131548311991	0.121071012806	0.150174621653	0.145518044237	0.146682188591	0.117578579744
MH0439.snv.bam	0.21187427241	0.159487776484	0.181606519208	0.186263096624	0.197904540163	0.194412107101	0.18509895227	0.139697322468	0.146682188591	0.167636786962	0.14318975553	0.152502910361	0.142025611176	0.14318975553	0.175785797439	0.142025611176	0.130384167637	0.0	0.147846332945	0.192083818393	0.207217694994	0.210710128056	0.14318975553	0.146682188591	0.173457508731	0.14318975553	0.183934807916	0.175785797439	0.176949941793	0.162980209546
MH0440.snv.bam	0.174621653085	0.144353899884	0.155995343423	0.161816065192	0.180442374854	0.168800931315	0.161816065192	0.112922002328	0.125727590221	0.147846332945	0.133876600698	0.124563445867	0.11059371362	0.11059371362	0.152502910361	0.102444703143	0.102444703143	0.147846332945	0.0	0.175785797439	0.173457508731	0.175785797439	0.124563445867	0.126891734575	0.142025611176	0.124563445867	0.161816065192	0.155995343423	0.157159487776	0.129220023283
MMRS39582183ST-27-0-0.snv.bam	0.175785797439	0.167636786962	0.146682188591	0.165308498254	0.178114086147	0.186263096624	0.181606519208	0.19091967404	0.183934807916	0.165308498254	0.176949941793	0.126891734575	0.181606519208	0.169965075669	0.15832363213	0.151338766007	0.166472642608	0.192083818393	0.175785797439	0.0	0.168800931315	0.161816065192	0.133876600698	0.144353899884	0.165308498254	0.139697322468	0.161816065192	0.178114086147	0.178114086147	0.138533178114
O2.UC29-1.snv.bam	0.15832363213	0.173457508731	0.160651920838	0.1641443539	0.182770663562	0.192083818393	0.181606519208	0.19091967404	0.182770663562	0.1641443539	0.193247962747	0.133876600698	0.188591385332	0.172293364377	0.173457508731	0.157159487776	0.162980209546	0.207217694994	0.173457508731	0.168800931315	0.0	0.102444703143	0.133876600698	0.138533178114	0.155995343423	0.136204889406	0.174621653085	0.188591385332	0.188591385332	0.100116414435
O2.UC30-1.snv.bam	0.169965075669	0.181606519208	0.161816065192	0.161816065192	0.183934807916	0.194412107101	0.192083818393	0.193247962747	0.194412107101	0.173457508731	0.196740395809	0.130384167637	0.192083818393	0.176949941793	0.173457508731	0.15832363213	0.167636786962	0.210710128056	0.175785797439	0.161816065192	0.102444703143	0.0	0.131548311991	0.144353899884	0.157159487776	0.140861466822	0.168800931315	0.196740395809	0.196740395809	0.0989522700815
SAMEA3136645.snv.bam	0.13736903376	0.103608847497	0.11059371362	0.121071012806	0.145518044237	0.129220023283	0.124563445867	0.136204889406	0.128055878929	0.115250291036	0.119906868452	0.0977881257276	0.122235157159	0.11059371362	0.108265424913	0.100116414435	0.109429569267	0.14318975553	0.124563445867	0.133876600698	0.133876600698	0.131548311991	0.0	0.0942956926659	0.111757857974	0.0989522700815	0.117578579744	0.131548311991	0.131548311991	0.100116414435
SAMEA3136721.snv.bam	0.140861466822	0.123399301513	0.123399301513	0.111757857974	0.124563445867	0.142025611176	0.132712456345	0.145518044237	0.132712456345	0.115250291036	0.130384167637	0.081490104773	0.133876600698	0.123399301513	0.124563445867	0.112922002328	0.119906868452	0.146682188591	0.126891734575	0.144353899884	0.138533178114	0.144353899884	0.0942956926659	0.0	0.11641443539	0.0954598370198	0.112922002328	0.135040745052	0.135040745052	0.101280558789
SAMEA3136732.snv.bam	0.160651920838	0.153667054715	0.139697322468	0.14318975553	0.135040745052	0.157159487776	0.162980209546	0.161816065192	0.161816065192	0.138533178114	0.166472642608	0.109429569267	0.153667054715	0.147846332945	0.138533178114	0.123399301513	0.131548311991	0.173457508731	0.142025611176	0.165308498254	0.155995343423	0.157159487776	0.111757857974	0.11641443539	0.0	0.111757857974	0.123399301513	0.155995343423	0.157159487776	0.121071012806
SAMEA3136754.snv.bam	0.145518044237	0.128055878929	0.122235157159	0.114086146682	0.126891734575	0.135040745052	0.142025611176	0.142025611176	0.150174621653	0.119906868452	0.131548311991	0.0977881257276	0.131548311991	0.126891734575	0.117578579744	0.121071012806	0.121071012806	0.14318975553	0.124563445867	0.139697322468	0.136204889406	0.140861466822	0.0989522700815	0.0954598370198	0.111757857974	0.0	0.108265424913	0.136204889406	0.136204889406	0.108265424913
SAMEA3136760.snv.bam	0.175785797439	0.153667054715	0.152502910361	0.093131548312	0.14318975553	0.157159487776	0.175785797439	0.172293364377	0.166472642608	0.149010477299	0.159487776484	0.0919674039581	0.165308498254	0.154831199069	0.151338766007	0.140861466822	0.150174621653	0.183934807916	0.161816065192	0.161816065192	0.174621653085	0.168800931315	0.117578579744	0.112922002328	0.123399301513	0.108265424913	0.0	0.149010477299	0.149010477299	0.133876600698
V1.FI11.snv.bam	0.187427240978	0.136204889406	0.171129220023	0.157159487776	0.197904540163	0.186263096624	0.165308498254	0.168800931315	0.162980209546	0.150174621653	0.162980209546	0.130384167637	0.155995343423	0.152502910361	0.153667054715	0.149010477299	0.145518044237	0.175785797439	0.155995343423	0.178114086147	0.188591385332	0.196740395809	0.131548311991	0.135040745052	0.155995343423	0.136204889406	0.149010477299	0.0	0.0	0.140861466822
V1.FI12.snv.bam	0.187427240978	0.136204889406	0.171129220023	0.157159487776	0.197904540163	0.187427240978	0.165308498254	0.169965075669	0.1641443539	0.150174621653	0.162980209546	0.130384167637	0.155995343423	0.153667054715	0.153667054715	0.150174621653	0.146682188591	0.176949941793	0.157159487776	0.178114086147	0.188591385332	0.196740395809	0.131548311991	0.135040745052	0.157159487776	0.136204889406	0.149010477299	0.0	0.0	0.140861466822
V1.FI29.snv.bam	0.139697322468	0.130384167637	0.128055878929	0.121071012806	0.151338766007	0.152502910361	0.14318975553	0.144353899884	0.14318975553	0.130384167637	0.136204889406	0.0873108265425	0.144353899884	0.129220023283	0.131548311991	0.11059371362	0.117578579744	0.162980209546	0.129220023283	0.138533178114	0.100116414435	0.0989522700815	0.100116414435	0.101280558789	0.121071012806	0.108265424913	0.133876600698	0.140861466822	0.140861466822	0.0
