	158742018-stool1.snv.bam	159207311-stool1.snv.bam	159207311-stool3.snv.bam	764649650-stool1.snv.bam	764649650-stool2.snv.bam	CCIS20795251ST-4-0.snv.bam	CCIS44757994ST-4-0.snv.bam	CCIS74726977ST-3-0.snv.bam	MH0206.snv.bam	MH0257.snv.bam	MH0328.snv.bam	MH0338.snv.bam	MH0375.snv.bam	MH0391.snv.bam	MH0407.snv.bam	MH0419.snv.bam	MH0437.snv.bam	MH0445.snv.bam	MH0448.snv.bam	MH0453.snv.bam	MMRS33294861ST-27-0-0.snv.bam	MMRS93621581ST-27-0-0.snv.bam	NG-5636_628.snv.bam	V1.FI14.snv.bam	V1.UC58-4.snv.bam
158742018-stool1.snv.bam	0.0	0.066953576539	0.067013333069	0.11312052207	0.112229997798	0.243150177395	0.238421522397	0.242915885973	0.0804533925512	0.22963884951	0.220888680669	0.1406903341	0.164484207536	0.16248565527	0.272361562022	0.136109773797	0.170201024767	0.167482230559	0.276552676568	0.270541129627	0.257501276765	0.162172136736	0.17332589872	0.22409360619	0.190870541139
159207311-stool1.snv.bam	0.066953576539	0.0	0.00111137965857	0.0645851086568	0.0640204433963	0.24612099055	0.235592003218	0.239966554946	0.0492490024011	0.232980632607	0.197849880339	0.120633422162	0.144713030634	0.129215965935	0.257961898768	0.0994811508534	0.156337519208	0.170165679089	0.273544158212	0.256136132444	0.245294506622	0.159169988048	0.157757876931	0.192010373533	0.170921011277
159207311-stool3.snv.bam	0.067013333069	0.00111137965857	0.0	0.0641989089347	0.0636615510447	0.246246246246	0.235857210892	0.240342850168	0.0490953625142	0.233614789639	0.198500302823	0.120790721802	0.141601301806	0.129721640607	0.258903532935	0.09972134745	0.15615101245	0.171129055427	0.27424854275	0.256652690835	0.245668693009	0.159276442551	0.15800528651	0.192407539746	0.170945849876
764649650-stool1.snv.bam	0.11312052207	0.0645851086568	0.0641989089347	0.0	0.000984683293412	0.257713727597	0.24946450387	0.248243448481	0.0771831603378	0.253869907407	0.191763600914	0.148786552636	0.144298208137	0.134875097572	0.280817789441	0.0846324035279	0.17292242831	0.153282408652	0.285365620001	0.262668149681	0.266748747588	0.148220239206	0.187748555671	0.218031603075	0.167290757265
764649650-stool2.snv.bam	0.112229997798	0.0640204433963	0.0636615510447	0.000984683293412	0.0	0.257866931061	0.252492706763	0.251307795006	0.0776876602719	0.255606538419	0.194737900867	0.149060474186	0.14450203201	0.134975848015	0.280743602186	0.0876931335396	0.172953029195	0.153460563381	0.288242848458	0.261843969687	0.26932186257	0.150319492135	0.188729539185	0.221022944835	0.170600803185
CCIS20795251ST-4-0.snv.bam	0.243150177395	0.24612099055	0.246246246246	0.257713727597	0.257866931061	0.0	0.218736823295	0.24549057832	0.221541385565	0.21998854642	0.284021326482	0.225710744442	0.234906315578	0.242151511438	0.229088113722	0.247395230022	0.250345154374	0.265048245985	0.243706388789	0.211130484007	0.266693205945	0.265940531086	0.191622103387	0.190398989906	0.226951883931
CCIS44757994ST-4-0.snv.bam	0.238421522397	0.235592003218	0.235857210892	0.24946450387	0.252492706763	0.218736823295	0.0	0.216430228653	0.215124987199	0.0650367088913	0.262833504493	0.218134984385	0.230324345954	0.222786574994	0.241619916231	0.231040826369	0.236893488044	0.250900536341	0.205824135277	0.219022123246	0.245411069416	0.231071685331	0.176568620277	0.194828402641	0.21695800291
CCIS74726977ST-3-0.snv.bam	0.242915885973	0.239966554946	0.240342850168	0.248243448481	0.251307795006	0.24549057832	0.216430228653	0.0	0.213249002518	0.24911844009	0.257903948385	0.228051393809	0.245976371029	0.248254187362	0.251706958256	0.234869977931	0.249814439493	0.263879590338	0.270200084555	0.251804799342	0.228443311453	0.244530109452	0.202471282777	0.216674331749	0.223825758836
MH0206.snv.bam	0.0804533925512	0.0492490024011	0.0490953625142	0.0771831603378	0.0776876602719	0.221541385565	0.215124987199	0.213249002518	0.0	0.234092537591	0.186770068262	0.126693406808	0.125594236544	0.130918578301	0.254474259712	0.0829244931772	0.134455522017	0.142183665054	0.260229520871	0.237159553473	0.231878309826	0.149342812299	0.156104813176	0.194147799509	0.149737988877
MH0257.snv.bam	0.22963884951	0.232980632607	0.233614789639	0.253869907407	0.255606538419	0.21998854642	0.0650367088913	0.24911844009	0.234092537591	0.0	0.287724057914	0.226010195513	0.238324555334	0.234361937682	0.249674036894	0.24317430258	0.255822479692	0.263587272259	0.226396151282	0.238467336435	0.258002765577	0.240288270415	0.198600809131	0.204062782248	0.2202009688
MH0328.snv.bam	0.220888680669	0.197849880339	0.198500302823	0.191763600914	0.194737900867	0.284021326482	0.262833504493	0.257903948385	0.186770068262	0.287724057914	0.0	0.205659208224	0.20303400187	0.212028556398	0.299945297002	0.197539903335	0.214819130583	0.211899390663	0.274556385292	0.292133294126	0.302303370105	0.208300550453	0.210608911451	0.209356390209	0.21694455257
MH0338.snv.bam	0.1406903341	0.120633422162	0.120790721802	0.148786552636	0.149060474186	0.225710744442	0.218134984385	0.228051393809	0.126693406808	0.226010195513	0.205659208224	0.0	0.171931517542	0.124594440338	0.250317304298	0.132159506877	0.155681181203	0.158230869004	0.262554436571	0.241601148043	0.233797929899	0.178946586086	0.18882604682	0.182973198634	0.15920401653
MH0375.snv.bam	0.164484207536	0.144713030634	0.141601301806	0.144298208137	0.14450203201	0.234906315578	0.230324345954	0.245976371029	0.125594236544	0.238324555334	0.20303400187	0.171931517542	0.0	0.140987149758	0.247715578434	0.144616526365	0.184671565848	0.164379189714	0.238480600057	0.247174323842	0.273306735611	0.183196886973	0.189438980908	0.21037551716	0.165763669369
MH0391.snv.bam	0.16248565527	0.129215965935	0.129721640607	0.134875097572	0.134975848015	0.242151511438	0.222786574994	0.248254187362	0.130918578301	0.234361937682	0.212028556398	0.124594440338	0.140987149758	0.0	0.24936800618	0.144599869188	0.165402881848	0.147052057523	0.257583951065	0.240744072529	0.264300057555	0.172759294356	0.172676470624	0.173141718694	0.157358127491
MH0407.snv.bam	0.272361562022	0.257961898768	0.258903532935	0.280817789441	0.280743602186	0.229088113722	0.241619916231	0.251706958256	0.254474259712	0.249674036894	0.299945297002	0.250317304298	0.247715578434	0.24936800618	0.0	0.275319016355	0.303844951098	0.2949668535	0.235379786637	0.250415332613	0.26448961995	0.286279490923	0.208540816453	0.199209790605	0.208446842705
MH0419.snv.bam	0.136109773797	0.0994811508534	0.09972134745	0.0846324035279	0.0876931335396	0.247395230022	0.231040826369	0.234869977931	0.0829244931772	0.24317430258	0.197539903335	0.132159506877	0.144616526365	0.144599869188	0.275319016355	0.0	0.16182560328	0.124011951398	0.294802898107	0.262014586644	0.249644501982	0.140397082155	0.186794292098	0.210379962455	0.142906140571
MH0437.snv.bam	0.170201024767	0.156337519208	0.15615101245	0.17292242831	0.172953029195	0.250345154374	0.236893488044	0.249814439493	0.134455522017	0.255822479692	0.214819130583	0.155681181203	0.184671565848	0.165402881848	0.303844951098	0.16182560328	0.0	0.176017301959	0.312778715274	0.270938736352	0.286009452069	0.180462354395	0.205764404333	0.221941040141	0.188755212838
MH0445.snv.bam	0.167482230559	0.170165679089	0.171129055427	0.153282408652	0.153460563381	0.265048245985	0.250900536341	0.263879590338	0.142183665054	0.263587272259	0.211899390663	0.158230869004	0.164379189714	0.147052057523	0.2949668535	0.124011951398	0.176017301959	0.0	0.303474850314	0.282080685225	0.27358022012	0.143034746764	0.217531211187	0.23674099607	0.168845289583
MH0448.snv.bam	0.276552676568	0.273544158212	0.27424854275	0.285365620001	0.288242848458	0.243706388789	0.205824135277	0.270200084555	0.260229520871	0.226396151282	0.274556385292	0.262554436571	0.238480600057	0.257583951065	0.235379786637	0.294802898107	0.312778715274	0.303474850314	0.0	0.23268806625	0.265685799165	0.281708062336	0.185746133754	0.195916853117	0.228678943104
MH0453.snv.bam	0.270541129627	0.256136132444	0.256652690835	0.262668149681	0.261843969687	0.211130484007	0.219022123246	0.251804799342	0.237159553473	0.238467336435	0.292133294126	0.241601148043	0.247174323842	0.240744072529	0.250415332613	0.262014586644	0.270938736352	0.282080685225	0.23268806625	0.0	0.264951391973	0.273300933376	0.229899186048	0.218863426093	0.249299701601
MMRS33294861ST-27-0-0.snv.bam	0.257501276765	0.245294506622	0.245668693009	0.266748747588	0.26932186257	0.266693205945	0.245411069416	0.228443311453	0.231878309826	0.258002765577	0.302303370105	0.233797929899	0.273306735611	0.264300057555	0.26448961995	0.249644501982	0.286009452069	0.27358022012	0.265685799165	0.264951391973	0.0	0.271461720049	0.201667666767	0.235996259477	0.251924791787
MMRS93621581ST-27-0-0.snv.bam	0.162172136736	0.159169988048	0.159276442551	0.148220239206	0.150319492135	0.265940531086	0.231071685331	0.244530109452	0.149342812299	0.240288270415	0.208300550453	0.178946586086	0.183196886973	0.172759294356	0.286279490923	0.140397082155	0.180462354395	0.143034746764	0.281708062336	0.273300933376	0.271461720049	0.0	0.193299935504	0.220435565249	0.19793676312
NG-5636_628.snv.bam	0.17332589872	0.157757876931	0.15800528651	0.187748555671	0.188729539185	0.191622103387	0.176568620277	0.202471282777	0.156104813176	0.198600809131	0.210608911451	0.18882604682	0.189438980908	0.172676470624	0.208540816453	0.186794292098	0.205764404333	0.217531211187	0.185746133754	0.229899186048	0.201667666767	0.193299935504	0.0	0.133068716014	0.182970429741
V1.FI14.snv.bam	0.22409360619	0.192010373533	0.192407539746	0.218031603075	0.221022944835	0.190398989906	0.194828402641	0.216674331749	0.194147799509	0.204062782248	0.209356390209	0.182973198634	0.21037551716	0.173141718694	0.199209790605	0.210379962455	0.221941040141	0.23674099607	0.195916853117	0.218863426093	0.235996259477	0.220435565249	0.133068716014	0.0	0.169691822468
V1.UC58-4.snv.bam	0.190870541139	0.170921011277	0.170945849876	0.167290757265	0.170600803185	0.226951883931	0.21695800291	0.223825758836	0.149737988877	0.2202009688	0.21694455257	0.15920401653	0.165763669369	0.157358127491	0.208446842705	0.142906140571	0.188755212838	0.168845289583	0.228678943104	0.249299701601	0.251924791787	0.19793676312	0.182970429741	0.169691822468	0.0
