	147406386-supragingivalplaque3.snv.bam	158114885-supragingivalplaque2.snv.bam	158479027-supragingivalplaque1.snv.bam	158479027-supragingivalplaque2.snv.bam	158499257-supragingivalplaque1.snv.bam	158499257-supragingivalplaque2.snv.bam	159005010-supragingivalplaque2.snv.bam	159268001-supragingivalplaque1.snv.bam	159268001-supragingivalplaque2.snv.bam	159369152-supragingivalplaque1.snv.bam	159510762-supragingivalplaque2.snv.bam	159510762-tonguedorsum3.snv.bam	159551223-supragingivalplaque1.snv.bam	159551223-supragingivalplaque2.snv.bam	159591683-supragingivalplaque1.snv.bam	159591683-supragingivalplaque2.snv.bam	159611913-supragingivalplaque2.snv.bam	159915365-supragingivalplaque1.snv.bam	160158126-supragingivalplaque1.snv.bam	160158126-supragingivalplaque2.snv.bam	160218816-buccalmucosa1.snv.bam	160259276-supragingivalplaque1.snv.bam	160319967-supragingivalplaque3.snv.bam	160421117-supragingivalplaque2.snv.bam	246515023-supragingivalplaque2.snv.bam	508703490-supragingivalplaque2.snv.bam	550534656-supragingivalplaque3.snv.bam	604812005-supragingivalplaque2.snv.bam	650853796-supragingivalplaque1.snv.bam	706846339-supragingivalplaque1.snv.bam	706846339-supragingivalplaque2.snv.bam	737052003-supragingivalplaque2.snv.bam	763496533-supragingivalplaque2.snv.bam	763840445-supragingivalplaque2.snv.bam	763901136-supragingivalplaque1.snv.bam	763901136-supragingivalplaque2.snv.bam	763901136-supragingivalplaque3.snv.bam	763961826-subgingivalplaque2.snv.bam	763961826-supragingivalplaque2.snv.bam	764285508-supragingivalplaque2.snv.bam	764325968-supragingivalplaque2.snv.bam	764366428-subgingivalplaque3.snv.bam	764508039-supragingivalplaque3.snv.bam	765013792-supragingivalplaque1.snv.bam	765013792-supragingivalplaque2.snv.bam	765013792-supragingivalplaque3.snv.bam	765094712-supragingivalplaque2.snv.bam	765094712-supragingivalplaque3.snv.bam	765155402-supragingivalplaque3.snv.bam	765701615-supragingivalplaque2.snv.bam	809635352-supragingivalplaque1.snv.bam	809635352-supragingivalplaque2.snv.bam	861967750-supragingivalplaque1.snv.bam
147406386-supragingivalplaque3.snv.bam	0.0	0.221345782379	0.197793544588	0.197241584001	0.164622160751	0.167897095969	0.224244585777	0.211787226667	0.197218478808	0.188885368562	0.211970875263	0.210065150263	0.21867761021	0.224292359659	0.215689062302	0.205482178092	0.210866480848	0.201874870254	0.197662801006	0.19808276233	0.211396405786	0.218458405336	0.207678844335	0.200096776795	0.202625651742	0.149780550969	0.184952731315	0.167663272023	0.213429876233	0.202866717728	0.20367817029	0.208147558611	0.189241679295	0.198273001417	0.212690207114	0.209042640877	0.205488528291	0.183885177977	0.18653172806	0.154094645241	0.181983684409	0.184629828553	0.216220992508	0.195076461641	0.187036237804	0.194299201622	0.18324987648	0.212083049966	0.191882083398	0.189215863966	0.194264438667	0.197255122037	0.226167937178
158114885-supragingivalplaque2.snv.bam	0.221345782379	0.0	0.255372854014	0.254836889819	0.219603819107	0.219897670987	0.144186001663	0.235559620687	0.222937212217	0.205243492529	0.246415639273	0.246958814423	0.248536853968	0.250527061882	0.239372912917	0.232901330077	0.266989295038	0.241928840979	0.199547496383	0.200160498948	0.267257734553	0.282727131138	0.238320314493	0.271789892669	0.230388659305	0.229952489124	0.225440726788	0.216120358481	0.244995717416	0.274058060726	0.279296801806	0.174444521874	0.2323384297	0.227236914858	0.208489121416	0.20479853253	0.201126732714	0.24206764152	0.241324395278	0.181416099358	0.238033565031	0.144319783241	0.220095467713	0.238928751574	0.224439130067	0.2151391779	0.23124345463	0.253848419294	0.242848532749	0.262023792233	0.254838587458	0.253309846503	0.223925976944
158479027-supragingivalplaque1.snv.bam	0.197793544588	0.255372854014	0.0	0.000626968512848	0.225932682068	0.228560798569	0.242363304559	0.224164546338	0.204671387396	0.196207718111	0.228606749771	0.224773522187	0.240965833915	0.241750002367	0.243880888742	0.235607293398	0.219223821694	0.189883749001	0.212507482338	0.212794379797	0.219749481643	0.245192103316	0.204197857411	0.220533485583	0.213111618088	0.183648982082	0.227481253629	0.225036919324	0.241551743953	0.218179296328	0.220019252069	0.223312229154	0.20614878684	0.0773815992674	0.237002448447	0.231705761736	0.230117944465	0.185484227496	0.18517956379	0.194186990274	0.221605936872	0.212830384097	0.222630475674	0.183579437983	0.190254128353	0.211903123089	0.204170086781	0.229556979789	0.192587976117	0.221079222106	0.00054059741912	0.000782342181395	0.216269847796
158479027-supragingivalplaque2.snv.bam	0.197241584001	0.254836889819	0.000626968512848	0.0	0.225449156736	0.228079753409	0.241999363753	0.223667626519	0.204193338082	0.195767006353	0.228208164386	0.224378723428	0.240605321048	0.241391542717	0.24339672201	0.235032439638	0.218660482648	0.189765052073	0.211852021043	0.212137014747	0.219185087054	0.244554113598	0.203842698895	0.22004107707	0.212862230194	0.183415637457	0.227505400028	0.224508972609	0.240983655458	0.219796467673	0.221616611413	0.222730107264	0.205728180206	0.0770621704036	0.236568167555	0.231276939265	0.229691477674	0.186974491726	0.186662737468	0.193723758749	0.221240068196	0.212417232622	0.222333150505	0.183396680103	0.190142622214	0.211748491462	0.203784070983	0.229206999976	0.192016466009	0.220573618204	0.000275593981057	0.000517364029026	0.215812572458
158499257-supragingivalplaque1.snv.bam	0.164622160751	0.219603819107	0.225932682068	0.225449156736	0.0	0.00058149010325	0.232682289546	0.230346098792	0.21509452427	0.210389815335	0.238629843531	0.235025584475	0.247052739486	0.250963498266	0.246677367344	0.235122822485	0.231771774221	0.239058834774	0.169062873252	0.169479105167	0.232264437461	0.247439255133	0.222923354306	0.216504343237	0.208367682603	0.180568839909	0.211406441817	0.200564499007	0.233839316062	0.158647476284	0.161047125675	0.193039874116	0.211930393465	0.20831598192	0.21930068066	0.217251283496	0.213979869648	0.200190210293	0.198739953249	0.111395003494	0.199418973283	0.162571330185	0.242253064028	0.227520393986	0.222905175058	0.229792758175	0.168905301042	0.172624730745	0.197557963593	0.1907186729	0.221205209294	0.223944905731	0.189149518581
158499257-supragingivalplaque2.snv.bam	0.167897095969	0.219897670987	0.228560798569	0.228079753409	0.00058149010325	0.0	0.234647039271	0.232344365102	0.217435837001	0.214417910729	0.239046174173	0.235498343767	0.25313276973	0.257016353009	0.246427598939	0.235092439154	0.235973177497	0.240936229513	0.170086288703	0.170660114046	0.236457894556	0.249705897086	0.22527324059	0.218926101215	0.21016737415	0.183677946167	0.214020317465	0.200428178426	0.233922745392	0.160040939701	0.162401168238	0.192168125382	0.214492511137	0.211009511658	0.221301866059	0.219752781671	0.216096513793	0.203509896508	0.201540328103	0.114117891161	0.202589528393	0.166247429365	0.24303680702	0.22805029316	0.223575689158	0.230375634983	0.171599763203	0.17448226641	0.19881156982	0.192936458678	0.223925471222	0.226568453879	0.190446650486
159005010-supragingivalplaque2.snv.bam	0.224244585777	0.144186001663	0.242363304559	0.241999363753	0.232682289546	0.234647039271	0.0	0.210352831485	0.194542518916	0.183696916447	0.231105680277	0.233600377237	0.232925217732	0.231725129411	0.22833737022	0.229196939841	0.247968927965	0.14372366667	0.212462770514	0.212922043945	0.248292939871	0.25755392095	0.214446872177	0.248942994989	0.187558907844	0.214656121289	0.232611341208	0.219110846913	0.225983450417	0.236753224388	0.238399191411	0.185663270557	0.228947718288	0.225766785013	0.146969861946	0.142475783617	0.140848396501	0.210381836071	0.211932922178	0.188378591628	0.200852762899	0.214428046191	0.192631571498	0.213859346823	0.199162114257	0.188581876714	0.227964489768	0.251295072405	0.20522465172	0.233688305775	0.241833535705	0.240437749139	0.198395520637
159268001-supragingivalplaque1.snv.bam	0.211787226667	0.235559620687	0.224164546338	0.223667626519	0.230346098792	0.232344365102	0.210352831485	0.0	0.00016028473171	0.20788423573	0.202048832022	0.204312467842	0.247015326743	0.248461767391	0.204022398642	0.201897779118	0.271518212179	0.208352191381	0.210341705738	0.212657755351	0.271194363987	0.228533173	0.199937786761	0.184461858527	0.16577041838	0.206064117117	0.25471600067	0.221009408113	0.265456027207	0.23638077016	0.236094759778	0.231665731338	0.202145891065	0.215294574256	0.22507421704	0.221628500784	0.218128975387	0.221392380567	0.221680182153	0.188037133028	0.219567612641	0.217108983799	0.250928813687	0.207615341399	0.213839209861	0.235676937364	0.211681681305	0.219338097114	0.221045448028	0.209680825594	0.22125309512	0.224139939635	0.254606005109
159268001-supragingivalplaque2.snv.bam	0.197218478808	0.222937212217	0.204671387396	0.204193338082	0.21509452427	0.217435837001	0.194542518916	0.00016028473171	0.0	0.190080455693	0.185566476878	0.187754950147	0.238600444535	0.240470604976	0.200413602221	0.197974101921	0.256283022886	0.194429527141	0.192222861267	0.194641524443	0.256326858243	0.215533570414	0.189147126674	0.182116312977	0.152762049999	0.191078911575	0.239729225023	0.209333287258	0.256382333852	0.225812724038	0.225624488212	0.217942732649	0.193642478451	0.196966392883	0.216124849049	0.211940072639	0.208271377527	0.204921470512	0.205945786913	0.164156510336	0.200871425036	0.200445434298	0.234638678842	0.191754241679	0.196535303803	0.219120982479	0.193568922287	0.2032184368	0.205311358945	0.201413696383	0.201508633757	0.204668643469	0.238430512981
159369152-supragingivalplaque1.snv.bam	0.188885368562	0.205243492529	0.196207718111	0.195767006353	0.210389815335	0.214417910729	0.183696916447	0.20788423573	0.190080455693	0.0	0.204794677767	0.203289559082	0.211290922176	0.21994352037	0.192390135903	0.18403132449	0.211795711223	0.186335421167	0.204969014417	0.206590003921	0.212488146708	0.216458930638	0.188657418664	0.189259524021	0.180044247549	0.19879364357	0.219695666456	0.200587332513	0.203288865869	0.206352315761	0.20745238526	0.190559643923	0.175454827583	0.164250001946	0.194735363321	0.191283122483	0.189526770219	0.176540719939	0.176905751008	0.179767840346	0.205236068047	0.188915059673	0.175086933849	0.186712873069	0.16295626379	0.177815189476	0.183520187878	0.218795726735	0.150503576971	0.211283084833	0.195286775236	0.19617483693	0.230696371295
159510762-supragingivalplaque2.snv.bam	0.211970875263	0.246415639273	0.228606749771	0.228208164386	0.238629843531	0.239046174173	0.231105680277	0.202048832022	0.185566476878	0.204794677767	0.0	0.000233526264454	0.239977715616	0.243822355702	0.234664291992	0.216872117303	0.248301726798	0.178962133952	0.225033786589	0.227367015629	0.248792033711	0.220367360104	0.207965412742	0.233082811379	0.191839684004	0.189174907946	0.226484964466	0.208596340744	0.240469201162	0.210253074531	0.212296011438	0.2280229627	0.222329825595	0.202849193609	0.207211248538	0.20545783746	0.208088944252	0.206433874097	0.209504667297	0.196201324168	0.215324958858	0.193467311674	0.202048767341	0.211822283729	0.208794719586	0.202493344128	0.195042591128	0.194929300472	0.190346382988	0.212308128636	0.225840865728	0.228799382034	0.249580908884
159510762-tonguedorsum3.snv.bam	0.210065150263	0.246958814423	0.224773522187	0.224378723428	0.235025584475	0.235498343767	0.233600377237	0.204312467842	0.187754950147	0.203289559082	0.000233526264454	0.0	0.240221014274	0.244386973838	0.233066820625	0.214977962727	0.248754043677	0.178112529259	0.225263801575	0.227761044867	0.249249436761	0.220544480519	0.203670301202	0.231518679167	0.189689538566	0.184968562288	0.228626255566	0.208776344797	0.238897001912	0.208227602603	0.210312481868	0.229615979616	0.22267707412	0.199401862006	0.205322969386	0.203527426798	0.206182115782	0.202279402279	0.205573994947	0.197981558686	0.20907038907	0.190552697117	0.198011577265	0.207706862401	0.20426100375	0.197734145407	0.19299009721	0.192862530683	0.186134646367	0.211716606365	0.221955088138	0.22496814035	0.250279916711
159551223-supragingivalplaque1.snv.bam	0.21867761021	0.248536853968	0.240965833915	0.240605321048	0.247052739486	0.25313276973	0.232925217732	0.247015326743	0.238600444535	0.211290922176	0.239977715616	0.240221014274	0.0	0.0144899742531	0.192778317639	0.178048876217	0.244615212598	0.205494585762	0.256194857352	0.257363297814	0.244995600075	0.278681363002	0.247265246718	0.229478869653	0.20711926687	0.245858786587	0.243539514734	0.227816366559	0.257988130043	0.264202076755	0.265705146134	0.23314407595	0.186569367553	0.210183496091	0.223384695418	0.221957980937	0.222478389417	0.234817059174	0.228363524567	0.224322278914	0.23672599337	0.21794007219	0.225268990664	0.233790586622	0.228000592766	0.232905571885	0.22536567388	0.238902293013	0.217782834927	0.228814551654	0.240214374467	0.239093269139	0.23705161595
159551223-supragingivalplaque2.snv.bam	0.224292359659	0.250527061882	0.241750002367	0.241391542717	0.250963498266	0.257016353009	0.231725129411	0.248461767391	0.240470604976	0.21994352037	0.243822355702	0.244386973838	0.0144899742531	0.0	0.191536001867	0.175826721009	0.249601051916	0.204042558761	0.259460362159	0.260034184	0.249702699489	0.279701795751	0.252150993838	0.231922499629	0.211402981736	0.25245171412	0.245223137556	0.235681489561	0.259673097138	0.271262317043	0.272712280683	0.234471972801	0.190668016852	0.216273961217	0.226987967607	0.225620294616	0.226208205777	0.237325463426	0.23069391384	0.22744649625	0.23881347104	0.22144590785	0.224691558194	0.23552234612	0.231458276148	0.235508979704	0.23269761066	0.244488948724	0.221158271967	0.226486509965	0.24121942484	0.239848252338	0.235994137144
159591683-supragingivalplaque1.snv.bam	0.215689062302	0.239372912917	0.243880888742	0.24339672201	0.246677367344	0.246427598939	0.22833737022	0.204022398642	0.200413602221	0.192390135903	0.234664291992	0.233066820625	0.192778317639	0.191536001867	0.0	0.000247190853974	0.24545399885	0.214292910283	0.242206615054	0.244870255151	0.24499058779	0.238792207319	0.220607526241	0.124056652403	0.18967701029	0.224282470535	0.244704950113	0.227036781429	0.22561075931	0.250384154174	0.251958304355	0.220987297166	0.144226175398	0.225021369359	0.226986989241	0.223477863844	0.221773939881	0.214973660568	0.217550202652	0.221063013638	0.236481290055	0.229683210662	0.192227937103	0.235344173116	0.221601562069	0.21008151853	0.240415273514	0.257765875695	0.21287596893	0.231878308653	0.245350874496	0.244003401356	0.272738569853
159591683-supragingivalplaque2.snv.bam	0.205482178092	0.232901330077	0.235607293398	0.235032439638	0.235122822485	0.235092439154	0.229196939841	0.201897779118	0.197974101921	0.18403132449	0.216872117303	0.214977962727	0.178048876217	0.175826721009	0.000247190853974	0.0	0.243452364022	0.20401555794	0.236333983712	0.238179379387	0.243031462391	0.225576660045	0.210416990115	0.120674823823	0.184158098237	0.215787951377	0.233735787129	0.216176084059	0.216081620248	0.237528114113	0.239303501032	0.210644323814	0.136604881187	0.214921203034	0.223005902446	0.220917099616	0.219112395465	0.202656621306	0.204752270946	0.214395226304	0.227908312448	0.213845424372	0.186968158435	0.230728157079	0.215563276354	0.203763949026	0.233058036812	0.250723340352	0.204549148297	0.216718466718	0.237036193177	0.235696627608	0.266092587682
159611913-supragingivalplaque2.snv.bam	0.210866480848	0.266989295038	0.219223821694	0.218660482648	0.231771774221	0.235973177497	0.247968927965	0.271518212179	0.256283022886	0.211795711223	0.248301726798	0.248754043677	0.244615212598	0.249601051916	0.24545399885	0.243452364022	0.0	0.205330177632	0.243977105866	0.244570770328	0.00103473722299	0.264761075645	0.221791037069	0.235789777743	0.218835966163	0.225615820293	0.206604019726	0.198495049147	0.208877858137	0.223341496399	0.223255653552	0.211769077559	0.219680548422	0.211428360953	0.230270972014	0.22684657992	0.225239044137	0.241971004611	0.235111818309	0.20790999374	0.23505871954	0.2161488032	0.209663952565	0.214687833808	0.203465366615	0.203341804748	0.211461306972	0.227660272494	0.179162998717	0.235496574723	0.218625871769	0.217259540266	0.23801626332
159915365-supragingivalplaque1.snv.bam	0.201874870254	0.241928840979	0.189883749001	0.189765052073	0.239058834774	0.240936229513	0.14372366667	0.208352191381	0.194429527141	0.186335421167	0.178962133952	0.178112529259	0.205494585762	0.204042558761	0.214292910283	0.20401555794	0.205330177632	0.0	0.222431728823	0.223187810813	0.205975892645	0.236838126952	0.189207500983	0.210770458971	0.171825804473	0.187806875557	0.238526121475	0.218554859981	0.220215874511	0.224616050348	0.226447401644	0.208662234043	0.210411466096	0.180341224255	0.146121708898	0.13959811799	0.137954796938	0.193717047384	0.193302989988	0.200610921877	0.204223875587	0.181888635852	0.129011975631	0.177390010553	0.160467759919	0.138792638916	0.197172074532	0.214799302647	0.18009061615	0.206954485573	0.191087816124	0.190163970031	0.214644202077
160158126-supragingivalplaque1.snv.bam	0.197662801006	0.199547496383	0.212507482338	0.211852021043	0.169062873252	0.170086288703	0.212462770514	0.210341705738	0.192222861267	0.204969014417	0.225033786589	0.225263801575	0.256194857352	0.259460362159	0.242206615054	0.236333983712	0.243977105866	0.222431728823	0.0	0.000552502818754	0.24427581985	0.239662261002	0.243332635826	0.236867893975	0.223409518431	0.193916299379	0.209636198636	0.226947554488	0.229527727526	0.240775447628	0.244449840962	0.206528925935	0.222679048305	0.209347558708	0.237324020665	0.231919073144	0.228184259864	0.21045305922	0.217496512584	0.108126594443	0.213851040671	0.197607410245	0.212349207995	0.239604369928	0.224609025476	0.215013064699	0.21546913177	0.223613947627	0.223197060345	0.212593512438	0.209498986574	0.212251253241	0.255373012891
160158126-supragingivalplaque2.snv.bam	0.19808276233	0.200160498948	0.212794379797	0.212137014747	0.169479105167	0.170660114046	0.212922043945	0.212657755351	0.194641524443	0.206590003921	0.227367015629	0.227761044867	0.257363297814	0.260034184	0.244870255151	0.238179379387	0.244570770328	0.223187810813	0.000552502818754	0.0	0.244833396116	0.24183893202	0.24407542901	0.237255725913	0.225816095145	0.194323357112	0.209846916936	0.227242958073	0.232263006211	0.239293404534	0.242990236347	0.206924828985	0.225206232338	0.210741793893	0.237949413567	0.232541065656	0.228873471891	0.211141171042	0.218167968013	0.108299391477	0.213583184359	0.198378760332	0.212978458953	0.240346019452	0.225475781531	0.215860434974	0.216368448986	0.224239538208	0.223736976416	0.213071767773	0.209781509687	0.212574437317	0.255760194984
160218816-buccalmucosa1.snv.bam	0.211396405786	0.267257734553	0.219749481643	0.219185087054	0.232264437461	0.236457894556	0.248292939871	0.271194363987	0.256326858243	0.212488146708	0.248792033711	0.249249436761	0.244995600075	0.249702699489	0.24499058779	0.243031462391	0.00103473722299	0.205975892645	0.24427581985	0.244833396116	0.0	0.265113269079	0.221664164196	0.235369815976	0.218900683713	0.22615227408	0.206771068636	0.199010467069	0.209307994021	0.224008270278	0.223915719445	0.212198492415	0.21995105127	0.211889627698	0.230735034316	0.227316336237	0.22570976307	0.242530432865	0.235646078012	0.208206386181	0.235676021513	0.216692557321	0.210090009513	0.215266709353	0.204019303619	0.203840619301	0.21182839267	0.228136850998	0.179581720627	0.235998350849	0.219154723985	0.217734898404	0.238222152829
160259276-supragingivalplaque1.snv.bam	0.218458405336	0.282727131138	0.245192103316	0.244554113598	0.247439255133	0.249705897086	0.25755392095	0.228533173	0.215533570414	0.216458930638	0.220367360104	0.220544480519	0.278681363002	0.279701795751	0.238792207319	0.225576660045	0.264761075645	0.236838126952	0.239662261002	0.24183893202	0.265113269079	0.0	0.258573058049	0.231234294807	0.255470312832	0.206670508928	0.233058455699	0.245202200286	0.25242302699	0.259624218936	0.261157495358	0.219355548555	0.237332411409	0.238275422846	0.252162263631	0.248978582489	0.247406736181	0.211167735518	0.207993763629	0.21554731523	0.207314677616	0.23280861839	0.245889881915	0.252262748412	0.244788417531	0.243734201591	0.22780390121	0.228400114991	0.238493683875	0.256133012593	0.242339265025	0.245041219627	0.253783757371
160319967-supragingivalplaque3.snv.bam	0.207678844335	0.238320314493	0.204197857411	0.203842698895	0.222923354306	0.22527324059	0.214446872177	0.199937786761	0.189147126674	0.188657418664	0.207965412742	0.203670301202	0.247265246718	0.252150993838	0.220607526241	0.210416990115	0.221791037069	0.189207500983	0.243332635826	0.24407542901	0.221664164196	0.258573058049	0.0	0.192075430993	0.183767818239	0.21422790224	0.25	0.219472460808	0.236691174969	0.2248026022	0.226970217936	0.240347678094	0.207621906721	0.189390227761	0.2108660305	0.206622128458	0.202957702788	0.208175784393	0.213993227081	0.219156212664	0.208524267061	0.182684777288	0.208120881998	0.0960029275767	0.129721546877	0.189281352472	0.207063148411	0.234350448055	0.215044605133	0.219666079201	0.205261370429	0.204041451508	0.250394723844
160421117-supragingivalplaque2.snv.bam	0.200096776795	0.271789892669	0.220533485583	0.22004107707	0.216504343237	0.218926101215	0.248942994989	0.184461858527	0.182116312977	0.189259524021	0.233082811379	0.231518679167	0.229478869653	0.231922499629	0.124056652403	0.120674823823	0.235789777743	0.210770458971	0.236867893975	0.237255725913	0.235369815976	0.231234294807	0.192075430993	0.0	0.190425832431	0.228740260524	0.251585935973	0.23601990567	0.234019402286	0.226565579692	0.228381547553	0.242602882365	0.144251538263	0.20258138306	0.213341956869	0.209779242985	0.206102620947	0.202618797277	0.205785023779	0.209149898555	0.213314072151	0.202508073117	0.225791592724	0.215875765651	0.218728549641	0.235294979945	0.221296586769	0.230494728208	0.207039378204	0.241187660578	0.217747139146	0.220593419652	0.252964138487
246515023-supragingivalplaque2.snv.bam	0.202625651742	0.230388659305	0.213111618088	0.212862230194	0.208367682603	0.21016737415	0.187558907844	0.16577041838	0.152762049999	0.180044247549	0.191839684004	0.189689538566	0.20711926687	0.211402981736	0.18967701029	0.184158098237	0.218835966163	0.171825804473	0.223409518431	0.225816095145	0.218900683713	0.255470312832	0.183767818239	0.190425832431	0.0	0.204834222581	0.221914794344	0.203292476945	0.227688890073	0.191491603808	0.191657333218	0.21527861083	0.202073070175	0.187866918934	0.198713737246	0.196914580709	0.193320805679	0.204734782185	0.202090862004	0.181616129614	0.212016265078	0.181167153443	0.182429230597	0.198768166573	0.176271456536	0.182056364719	0.18115384637	0.20378841866	0.154302515539	0.203405773629	0.214403485407	0.213115166444	0.228735144813
508703490-supragingivalplaque2.snv.bam	0.149780550969	0.229952489124	0.183648982082	0.183415637457	0.180568839909	0.183677946167	0.214656121289	0.206064117117	0.191078911575	0.19879364357	0.189174907946	0.184968562288	0.245858786587	0.25245171412	0.224282470535	0.215787951377	0.225615820293	0.187806875557	0.193916299379	0.194323357112	0.22615227408	0.206670508928	0.21422790224	0.228740260524	0.204834222581	0.0	0.179406950996	0.190725636025	0.219882048742	0.193558636128	0.197810940232	0.203345723911	0.214877690751	0.178116480361	0.202906980805	0.199092226279	0.197552094794	0.166487009785	0.171645481922	0.168673311972	0.173415603078	0.184700984927	0.204453054375	0.179162474107	0.179392220008	0.192048979863	0.179766986722	0.193364228549	0.191854849695	0.185268547392	0.182359366573	0.183340883907	0.206127169719
550534656-supragingivalplaque3.snv.bam	0.184952731315	0.225440726788	0.227481253629	0.227505400028	0.211406441817	0.214020317465	0.232611341208	0.25471600067	0.239729225023	0.219695666456	0.226484964466	0.228626255566	0.243539514734	0.245223137556	0.244704950113	0.233735787129	0.206604019726	0.238526121475	0.209636198636	0.209846916936	0.206771068636	0.233058455699	0.25	0.251585935973	0.221914794344	0.179406950996	0.0	0.12134270641	0.229708296625	0.202012712942	0.202989866755	0.222958057395	0.18146913938	0.224890250273	0.239554589395	0.237791932059	0.237767889508	0.235454545455	0.233991942568	0.190543831169	0.238753985774	0.187082405345	0.258459375532	0.221059916533	0.224196472665	0.248525752057	0.23237237693	0.251354339627	0.215661492101	0.212998648414	0.226860441146	0.225897043223	0.243176248782
604812005-supragingivalplaque2.snv.bam	0.167663272023	0.216120358481	0.225036919324	0.224508972609	0.200564499007	0.200428178426	0.219110846913	0.221009408113	0.209333287258	0.200587332513	0.208596340744	0.208776344797	0.227816366559	0.235681489561	0.227036781429	0.216176084059	0.198495049147	0.218554859981	0.226947554488	0.227242958073	0.199010467069	0.245202200286	0.219472460808	0.23601990567	0.203292476945	0.190725636025	0.12134270641	0.0	0.220078685663	0.193358241972	0.193583562093	0.192917532536	0.184669640679	0.212537646414	0.221742493723	0.220252045881	0.218243722226	0.235014252464	0.235280982783	0.190485015916	0.255192950508	0.18872659273	0.25176141408	0.192640999951	0.206016216031	0.240926542087	0.21808122965	0.23429780158	0.190932965785	0.219169184197	0.224248450899	0.222844246691	0.233861152517
650853796-supragingivalplaque1.snv.bam	0.213429876233	0.244995717416	0.241551743953	0.240983655458	0.233839316062	0.233922745392	0.225983450417	0.265456027207	0.256382333852	0.203288865869	0.240469201162	0.238897001912	0.257988130043	0.259673097138	0.22561075931	0.216081620248	0.208877858137	0.220215874511	0.229527727526	0.232263006211	0.209307994021	0.25242302699	0.236691174969	0.234019402286	0.227688890073	0.219882048742	0.229708296625	0.220078685663	0.0	0.227642510072	0.229330936007	0.207983172466	0.214004469731	0.229395426426	0.246456381052	0.241310620961	0.239745553033	0.227105793083	0.225206810614	0.212468938108	0.223272232705	0.22700876587	0.230202522198	0.228929824865	0.222442312117	0.224225313481	0.247162896491	0.263079190079	0.204143463856	0.25519972222	0.236916221712	0.239479239027	0.266095068713
706846339-supragingivalplaque1.snv.bam	0.202866717728	0.274058060726	0.218179296328	0.219796467673	0.158647476284	0.160040939701	0.236753224388	0.23638077016	0.225812724038	0.206352315761	0.210253074531	0.208227602603	0.264202076755	0.271262317043	0.250384154174	0.237528114113	0.223341496399	0.224616050348	0.240775447628	0.239293404534	0.224008270278	0.259624218936	0.2248026022	0.226565579692	0.191491603808	0.193558636128	0.202012712942	0.193358241972	0.227642510072	0.0	0.000201766201042	0.225438380101	0.23708954732	0.206172974181	0.212949337119	0.209355315498	0.207705174085	0.218364635086	0.219796638378	0.206707121822	0.231357518956	0.176249545478	0.25754755068	0.197464923998	0.20822170355	0.241935421849	0.192022316086	0.19211371291	0.177923359416	0.216758104219	0.21344298155	0.218137987007	0.218488813459
706846339-supragingivalplaque2.snv.bam	0.20367817029	0.279296801806	0.220019252069	0.221616611413	0.161047125675	0.162401168238	0.238399191411	0.236094759778	0.225624488212	0.20745238526	0.212296011438	0.210312481868	0.265705146134	0.272712280683	0.251958304355	0.239303501032	0.223255653552	0.226447401644	0.244449840962	0.242990236347	0.223915719445	0.261157495358	0.226970217936	0.228381547553	0.191657333218	0.197810940232	0.202989866755	0.193583562093	0.229330936007	0.000201766201042	0.0	0.227397024754	0.238901068162	0.209060551323	0.214884701983	0.211372089918	0.209742859873	0.216931728616	0.21955811129	0.210703409769	0.232016693654	0.18299743929	0.259008183693	0.199634023733	0.210145178855	0.243683457191	0.194217260623	0.194222783275	0.178185039409	0.216627504388	0.215341692706	0.220023299662	0.222303766054
737052003-supragingivalplaque2.snv.bam	0.208147558611	0.174444521874	0.223312229154	0.222730107264	0.193039874116	0.192168125382	0.185663270557	0.231665731338	0.217942732649	0.190559643923	0.2280229627	0.229615979616	0.23314407595	0.234471972801	0.220987297166	0.210644323814	0.211769077559	0.208662234043	0.206528925935	0.206924828985	0.212198492415	0.219355548555	0.240347678094	0.242602882365	0.21527861083	0.203345723911	0.222958057395	0.192917532536	0.207983172466	0.225438380101	0.227397024754	0.0	0.217357224886	0.206522475083	0.175662603871	0.169164882227	0.169140633743	0.210660415817	0.207296313131	0.187024456522	0.217225950783	0.183445190157	0.200309087427	0.222529545495	0.209330779202	0.202545815519	0.216020566342	0.224552258756	0.202360474727	0.218708734201	0.221488544273	0.221007971917	0.227769739231
763496533-supragingivalplaque2.snv.bam	0.189241679295	0.2323384297	0.20614878684	0.205728180206	0.211930393465	0.214492511137	0.228947718288	0.202145891065	0.193642478451	0.175454827583	0.222329825595	0.22267707412	0.186569367553	0.190668016852	0.144226175398	0.136604881187	0.219680548422	0.210411466096	0.222679048305	0.225206232338	0.21995105127	0.237332411409	0.207621906721	0.144251538263	0.202073070175	0.214877690751	0.18146913938	0.184669640679	0.214004469731	0.23708954732	0.238901068162	0.217357224886	0.0	0.192815392715	0.206879692797	0.203104672831	0.199313856544	0.195404118585	0.197150335971	0.200245284284	0.228853588219	0.19316674038	0.225250439026	0.201490234759	0.208966429308	0.236118077877	0.208992817537	0.22389038035	0.191861126976	0.213955801224	0.205290899847	0.204054862986	0.247753918049
763840445-supragingivalplaque2.snv.bam	0.198273001417	0.227236914858	0.0773815992674	0.0770621704036	0.20831598192	0.211009511658	0.225766785013	0.215294574256	0.196966392883	0.164250001946	0.202849193609	0.199401862006	0.210183496091	0.216273961217	0.225021369359	0.214921203034	0.211428360953	0.180341224255	0.209347558708	0.210741793893	0.211889627698	0.238275422846	0.189390227761	0.20258138306	0.187866918934	0.178116480361	0.224890250273	0.212537646414	0.229395426426	0.206172974181	0.209060551323	0.206522475083	0.192815392715	0.0	0.217684058481	0.213590394186	0.211312008066	0.181324945351	0.183360873322	0.182649643783	0.209969580018	0.184591971834	0.205617300218	0.177092767525	0.165844355934	0.191528269193	0.167166428297	0.197794614207	0.179368748303	0.212468977096	0.0778238935252	0.0773643466003	0.214140182393
763901136-supragingivalplaque1.snv.bam	0.212690207114	0.208489121416	0.237002448447	0.236568167555	0.21930068066	0.221301866059	0.146969861946	0.22507421704	0.216124849049	0.194735363321	0.207211248538	0.205322969386	0.223384695418	0.226987967607	0.226986989241	0.223005902446	0.230270972014	0.146121708898	0.237324020665	0.237949413567	0.230735034316	0.252162263631	0.2108660305	0.213341956869	0.198713737246	0.202906980805	0.239554589395	0.221742493723	0.246456381052	0.212949337119	0.214884701983	0.175662603871	0.206879692797	0.217684058481	0.0	0.000179333936828	0.000301862114781	0.194121443679	0.200210379952	0.205512783467	0.179387752826	0.188127126792	0.206775231271	0.216291736067	0.206428703428	0.205173284052	0.213910779724	0.224913193407	0.193498257549	0.237518475511	0.236326885871	0.23496146911	0.217272188782
763901136-supragingivalplaque2.snv.bam	0.209042640877	0.20479853253	0.231705761736	0.231276939265	0.217251283496	0.219752781671	0.142475783617	0.221628500784	0.211940072639	0.191283122483	0.20545783746	0.203527426798	0.221957980937	0.225620294616	0.223477863844	0.220917099616	0.22684657992	0.13959811799	0.231919073144	0.232541065656	0.227316336237	0.248978582489	0.206622128458	0.209779242985	0.196914580709	0.199092226279	0.237791932059	0.220252045881	0.241310620961	0.209355315498	0.211372089918	0.169164882227	0.203104672831	0.213590394186	0.000179333936828	0.0	0.0001229131485	0.189557210031	0.196311311044	0.203715861345	0.178975095785	0.186147186147	0.200982016912	0.21079931776	0.200816248212	0.199545549898	0.213477821185	0.225447499603	0.191570145105	0.233908360359	0.230989415038	0.229639892407	0.21566073396
763901136-supragingivalplaque3.snv.bam	0.205488528291	0.201126732714	0.230117944465	0.229691477674	0.213979869648	0.216096513793	0.140848396501	0.218128975387	0.208271377527	0.189526770219	0.208088944252	0.206182115782	0.222478389417	0.226208205777	0.221773939881	0.219112395465	0.225239044137	0.137954796938	0.228184259864	0.228873471891	0.22570976307	0.247406736181	0.202957702788	0.206102620947	0.193320805679	0.197552094794	0.237767889508	0.218243722226	0.239745553033	0.207705174085	0.209742859873	0.169140633743	0.199313856544	0.211312008066	0.000301862114781	0.0001229131485	0.0	0.188343398234	0.194771799327	0.195699844123	0.172959306113	0.182188017263	0.199412665003	0.207284894685	0.19771267502	0.197680580162	0.208228093642	0.219675619343	0.196013118138	0.229940914641	0.229390368672	0.228047867663	0.214170539029
763961826-subgingivalplaque2.snv.bam	0.183885177977	0.24206764152	0.185484227496	0.186974491726	0.200190210293	0.203509896508	0.210381836071	0.221392380567	0.204921470512	0.176540719939	0.206433874097	0.202279402279	0.234817059174	0.237325463426	0.214973660568	0.202656621306	0.241971004611	0.193717047384	0.21045305922	0.211141171042	0.242530432865	0.211167735518	0.208175784393	0.202618797277	0.204734782185	0.166487009785	0.235454545455	0.235014252464	0.227105793083	0.218364635086	0.216931728616	0.210660415817	0.195404118585	0.181324945351	0.194121443679	0.189557210031	0.188343398234	0.0	0.000218980559601	0.18705571686	0.108170000223	0.202805077805	0.202472781693	0.208100663756	0.205767740297	0.213175236374	0.190095670742	0.203288334706	0.211546373094	0.198183218518	0.182011302996	0.187342028766	0.192927691615
763961826-supragingivalplaque2.snv.bam	0.18653172806	0.241324395278	0.18517956379	0.186662737468	0.198739953249	0.201540328103	0.211932922178	0.221680182153	0.205945786913	0.176905751008	0.209504667297	0.205573994947	0.228363524567	0.23069391384	0.217550202652	0.204752270946	0.235111818309	0.193302989988	0.217496512584	0.218167968013	0.235646078012	0.207993763629	0.213993227081	0.205785023779	0.202090862004	0.171645481922	0.233991942568	0.235280982783	0.225206810614	0.219796638378	0.21955811129	0.207296313131	0.197150335971	0.183360873322	0.200210379952	0.196311311044	0.194771799327	0.000218980559601	0.0	0.186939967532	0.109470473935	0.203494966549	0.199603909046	0.208981021058	0.2067160505	0.213984006737	0.18952970754	0.202238302221	0.208152708529	0.204925002496	0.18186101628	0.186954292645	0.190319942708
764285508-supragingivalplaque2.snv.bam	0.154094645241	0.181416099358	0.194186990274	0.193723758749	0.111395003494	0.114117891161	0.188378591628	0.188037133028	0.164156510336	0.179767840346	0.196201324168	0.197981558686	0.224322278914	0.22744649625	0.221063013638	0.214395226304	0.20790999374	0.200610921877	0.108126594443	0.108299391477	0.208206386181	0.21554731523	0.219156212664	0.209149898555	0.181616129614	0.168673311972	0.190543831169	0.190485015916	0.212468938108	0.206707121822	0.210703409769	0.187024456522	0.200245284284	0.182649643783	0.205512783467	0.203715861345	0.195699844123	0.18705571686	0.186939967532	0.0	0.165472038669	0.195966409692	0.204187376098	0.206134168495	0.195079752702	0.194341081078	0.160745211269	0.176838477706	0.173533301692	0.181391391839	0.189154220404	0.192357779621	0.206723439329
764325968-supragingivalplaque2.snv.bam	0.181983684409	0.238033565031	0.221605936872	0.221240068196	0.199418973283	0.202589528393	0.200852762899	0.219567612641	0.200871425036	0.205236068047	0.215324958858	0.20907038907	0.23672599337	0.23881347104	0.236481290055	0.227908312448	0.23505871954	0.204223875587	0.213851040671	0.213583184359	0.235676021513	0.207314677616	0.208524267061	0.213314072151	0.212016265078	0.173415603078	0.238753985774	0.255192950508	0.223272232705	0.231357518956	0.232016693654	0.217225950783	0.228853588219	0.209969580018	0.179387752826	0.178975095785	0.172959306113	0.108170000223	0.109470473935	0.165472038669	0.0	0.194670688788	0.230635878175	0.19982800828	0.198488377015	0.215675079741	0.205312906595	0.20657685058	0.225711879183	0.224870235699	0.216508307301	0.219676193727	0.210959616953
764366428-subgingivalplaque3.snv.bam	0.184629828553	0.144319783241	0.212830384097	0.212417232622	0.162571330185	0.166247429365	0.214428046191	0.217108983799	0.200445434298	0.188915059673	0.193467311674	0.190552697117	0.21794007219	0.22144590785	0.229683210662	0.213845424372	0.2161488032	0.181888635852	0.197607410245	0.198378760332	0.216692557321	0.23280861839	0.182684777288	0.202508073117	0.181167153443	0.184700984927	0.187082405345	0.18872659273	0.22700876587	0.176249545478	0.18299743929	0.183445190157	0.19316674038	0.184591971834	0.188127126792	0.186147186147	0.182188017263	0.202805077805	0.203494966549	0.195966409692	0.194670688788	0.0	0.224184893291	0.197291005638	0.198133144947	0.218325748371	0.18416189543	0.185058773225	0.185460927992	0.207472458671	0.209751229023	0.212867151838	0.215303857135
764508039-supragingivalplaque3.snv.bam	0.216220992508	0.220095467713	0.222630475674	0.222333150505	0.242253064028	0.24303680702	0.192631571498	0.250928813687	0.234638678842	0.175086933849	0.202048767341	0.198011577265	0.225268990664	0.224691558194	0.192227937103	0.186968158435	0.209663952565	0.129011975631	0.212349207995	0.212978458953	0.210090009513	0.245889881915	0.208120881998	0.225791592724	0.182429230597	0.204453054375	0.258459375532	0.25176141408	0.230202522198	0.25754755068	0.259008183693	0.200309087427	0.225250439026	0.205617300218	0.206775231271	0.200982016912	0.199412665003	0.202472781693	0.199603909046	0.204187376098	0.230635878175	0.224184893291	0.0	0.189706469751	0.136548653647	0.0527335585322	0.216914552115	0.240214331361	0.202611094744	0.217292244945	0.223923929134	0.222690012738	0.2332200464
765013792-supragingivalplaque1.snv.bam	0.195076461641	0.238928751574	0.183579437983	0.183396680103	0.227520393986	0.22805029316	0.213859346823	0.207615341399	0.191754241679	0.186712873069	0.211822283729	0.207706862401	0.233790586622	0.23552234612	0.235344173116	0.230728157079	0.214687833808	0.177390010553	0.239604369928	0.240346019452	0.215266709353	0.252262748412	0.0960029275767	0.215875765651	0.198768166573	0.179162474107	0.221059916533	0.192640999951	0.228929824865	0.197464923998	0.199634023733	0.222529545495	0.201490234759	0.177092767525	0.216291736067	0.21079931776	0.207284894685	0.208100663756	0.208981021058	0.206134168495	0.19982800828	0.197291005638	0.189706469751	0.0	0.0608855933229	0.159527237341	0.199160510446	0.225775476409	0.201987888481	0.198579060817	0.182586119697	0.18155068008	0.22176761194
765013792-supragingivalplaque2.snv.bam	0.187036237804	0.224439130067	0.190254128353	0.190142622214	0.222905175058	0.223575689158	0.199162114257	0.213839209861	0.196535303803	0.16295626379	0.208794719586	0.20426100375	0.228000592766	0.231458276148	0.221601562069	0.215563276354	0.203465366615	0.160467759919	0.224609025476	0.225475781531	0.204019303619	0.244788417531	0.129721546877	0.218728549641	0.176271456536	0.179392220008	0.224196472665	0.206016216031	0.222442312117	0.20822170355	0.210145178855	0.209330779202	0.208966429308	0.165844355934	0.206428703428	0.200816248212	0.19771267502	0.205767740297	0.2067160505	0.195079752702	0.198488377015	0.198133144947	0.136548653647	0.0608855933229	0.0	0.0988344753861	0.182601845073	0.218639323445	0.194843229271	0.199766019402	0.190058015284	0.188977833777	0.21688006709
765013792-supragingivalplaque3.snv.bam	0.194299201622	0.2151391779	0.211903123089	0.211748491462	0.229792758175	0.230375634983	0.188581876714	0.235676937364	0.219120982479	0.177815189476	0.202493344128	0.197734145407	0.232905571885	0.235508979704	0.21008151853	0.203763949026	0.203341804748	0.138792638916	0.215013064699	0.215860434974	0.203840619301	0.243734201591	0.189281352472	0.235294979945	0.182056364719	0.192048979863	0.248525752057	0.240926542087	0.224225313481	0.241935421849	0.243683457191	0.202545815519	0.236118077877	0.191528269193	0.205173284052	0.199545549898	0.197680580162	0.213175236374	0.213984006737	0.194341081078	0.215675079741	0.218325748371	0.0527335585322	0.159527237341	0.0988344753861	0.0	0.200574112932	0.230462118183	0.204445748273	0.208528175124	0.213055749237	0.211837856748	0.221397173647
