	CCIS11015875ST-4-0.snv.bam	MH0189.snv.bam	MH0276.snv.bam	MH0318.snv.bam	MH0354.snv.bam	MH0357.snv.bam	MH0366.snv.bam	MH0390.snv.bam	MH0399.snv.bam	MH0407.snv.bam	MH0417.snv.bam	MH0428.snv.bam	MH0437.snv.bam	MH0440.snv.bam	MH0442.snv.bam	MH0447.snv.bam	MH0454.snv.bam	MMRS44587603ST-27-0-0.snv.bam	O2.UC29-1.snv.bam	T2D-11A.snv.bam	T2D-15A.snv.bam	V1.CD6-0-PT.snv.bam
CCIS11015875ST-4-0.snv.bam	0.0	0.105335157319	0.151846785226	0.117647058824	0.12585499316	0.128590971272	0.121751025992	0.143638850889	0.145006839945	0.127222982216	0.129958960328	0.102599179207	0.128590971272	0.134062927497	0.153214774282	0.109439124487	0.121751025992	0.11901504788	0.145006839945	0.149110807114	0.121751025992	0.127222982216
MH0189.snv.bam	0.105335157319	0.0	0.147742818057	0.106703146375	0.142270861833	0.117647058824	0.128590971272	0.146374829001	0.164158686731	0.113543091655	0.140902872777	0.124487004104	0.147742818057	0.136798905609	0.15731874145	0.147742818057	0.116279069767	0.11901504788	0.165526675787	0.153214774282	0.145006839945	0.127222982216
MH0276.snv.bam	0.151846785226	0.147742818057	0.0	0.140902872777	0.155950752394	0.15047879617	0.149110807114	0.168262653899	0.176470588235	0.146374829001	0.170998632011	0.121751025992	0.161422708618	0.165526675787	0.190150478796	0.154582763338	0.140902872777	0.140902872777	0.169630642955	0.177838577291	0.158686730506	0.155950752394
MH0318.snv.bam	0.117647058824	0.106703146375	0.140902872777	0.0	0.134062927497	0.0341997264022	0.124487004104	0.149110807114	0.151846785226	0.00410396716826	0.13269493844	0.114911080711	0.12585499316	0.136798905609	0.15047879617	0.127222982216	0.0506155950752	0.0109439124487	0.151846785226	0.149110807114	0.123119015048	0.120383036936
MH0354.snv.bam	0.12585499316	0.142270861833	0.155950752394	0.134062927497	0.0	0.138166894665	0.15047879617	0.164158686731	0.173734610123	0.142270861833	0.160054719562	0.134062927497	0.165526675787	0.168262653899	0.180574555404	0.154582763338	0.135430916553	0.134062927497	0.164158686731	0.160054719562	0.15731874145	0.162790697674
MH0357.snv.bam	0.128590971272	0.117647058824	0.15047879617	0.0341997264022	0.138166894665	0.0	0.135430916553	0.151846785226	0.158686730506	0.0355677154583	0.135430916553	0.131326949384	0.128590971272	0.140902872777	0.158686730506	0.134062927497	0.0574555403557	0.0424076607387	0.158686730506	0.151846785226	0.124487004104	0.139534883721
MH0366.snv.bam	0.121751025992	0.128590971272	0.149110807114	0.124487004104	0.15047879617	0.135430916553	0.0	0.146374829001	0.15731874145	0.135430916553	0.140902872777	0.127222982216	0.146374829001	0.145006839945	0.15731874145	0.138166894665	0.127222982216	0.124487004104	0.15731874145	0.154582763338	0.143638850889	0.138166894665
MH0390.snv.bam	0.143638850889	0.146374829001	0.168262653899	0.149110807114	0.164158686731	0.151846785226	0.146374829001	0.0	0.172366621067	0.15731874145	0.169630642955	0.158686730506	0.161422708618	0.149110807114	0.195622435021	0.168262653899	0.140902872777	0.145006839945	0.165526675787	0.180574555404	0.161422708618	0.154582763338
MH0399.snv.bam	0.145006839945	0.164158686731	0.176470588235	0.151846785226	0.173734610123	0.158686730506	0.15731874145	0.172366621067	0.0	0.160054719562	0.128590971272	0.153214774282	0.15731874145	0.113543091655	0.154582763338	0.147742818057	0.15047879617	0.15047879617	0.142270861833	0.136798905609	0.136798905609	0.165526675787
MH0407.snv.bam	0.127222982216	0.113543091655	0.146374829001	0.00410396716826	0.142270861833	0.0355677154583	0.135430916553	0.15731874145	0.160054719562	0.0	0.139534883721	0.120383036936	0.13269493844	0.143638850889	0.158686730506	0.134062927497	0.0560875512996	0.0123119015048	0.161422708618	0.15731874145	0.13269493844	0.128590971272
MH0417.snv.bam	0.129958960328	0.140902872777	0.170998632011	0.13269493844	0.160054719562	0.135430916553	0.140902872777	0.169630642955	0.128590971272	0.139534883721	0.0	0.140902872777	0.154582763338	0.114911080711	0.0164158686731	0.140902872777	0.136798905609	0.134062927497	0.135430916553	0.10123119015	0.110807113543	0.149110807114
MH0428.snv.bam	0.102599179207	0.124487004104	0.121751025992	0.114911080711	0.134062927497	0.131326949384	0.127222982216	0.158686730506	0.153214774282	0.120383036936	0.140902872777	0.0	0.135430916553	0.136798905609	0.158686730506	0.112175102599	0.113543091655	0.114911080711	0.15047879617	0.140902872777	0.135430916553	0.128590971272
MH0437.snv.bam	0.128590971272	0.147742818057	0.161422708618	0.12585499316	0.165526675787	0.128590971272	0.146374829001	0.161422708618	0.15731874145	0.13269493844	0.154582763338	0.135430916553	0.0	0.143638850889	0.180574555404	0.145006839945	0.120383036936	0.124487004104	0.164158686731	0.160054719562	0.134062927497	0.145006839945
MH0440.snv.bam	0.134062927497	0.136798905609	0.165526675787	0.136798905609	0.168262653899	0.140902872777	0.145006839945	0.149110807114	0.113543091655	0.143638850889	0.114911080711	0.136798905609	0.143638850889	0.0	0.123119015048	0.138166894665	0.128590971272	0.135430916553	0.112175102599	0.117647058824	0.108071135431	0.145006839945
MH0442.snv.bam	0.153214774282	0.15731874145	0.190150478796	0.15047879617	0.180574555404	0.158686730506	0.15731874145	0.195622435021	0.154582763338	0.158686730506	0.0164158686731	0.158686730506	0.180574555404	0.123119015048	0.0	0.168262653899	0.155950752394	0.153214774282	0.151846785226	0.113543091655	0.131326949384	0.172366621067
MH0447.snv.bam	0.109439124487	0.147742818057	0.154582763338	0.127222982216	0.154582763338	0.134062927497	0.138166894665	0.168262653899	0.147742818057	0.134062927497	0.140902872777	0.112175102599	0.145006839945	0.138166894665	0.168262653899	0.0	0.127222982216	0.12585499316	0.153214774282	0.145006839945	0.120383036936	0.146374829001
MH0454.snv.bam	0.121751025992	0.116279069767	0.140902872777	0.0506155950752	0.135430916553	0.0574555403557	0.127222982216	0.140902872777	0.15047879617	0.0560875512996	0.136798905609	0.113543091655	0.120383036936	0.128590971272	0.155950752394	0.127222982216	0.0	0.0478796169631	0.143638850889	0.145006839945	0.117647058824	0.131326949384
MMRS44587603ST-27-0-0.snv.bam	0.11901504788	0.11901504788	0.140902872777	0.0109439124487	0.134062927497	0.0424076607387	0.124487004104	0.145006839945	0.15047879617	0.0123119015048	0.134062927497	0.114911080711	0.124487004104	0.135430916553	0.153214774282	0.12585499316	0.0478796169631	0.0	0.153214774282	0.147742818057	0.123119015048	0.120383036936
O2.UC29-1.snv.bam	0.145006839945	0.165526675787	0.169630642955	0.151846785226	0.164158686731	0.158686730506	0.15731874145	0.165526675787	0.142270861833	0.161422708618	0.135430916553	0.15047879617	0.164158686731	0.112175102599	0.151846785226	0.153214774282	0.143638850889	0.153214774282	0.0	0.136798905609	0.131326949384	0.166894664843
T2D-11A.snv.bam	0.149110807114	0.153214774282	0.177838577291	0.149110807114	0.160054719562	0.151846785226	0.154582763338	0.180574555404	0.136798905609	0.15731874145	0.10123119015	0.140902872777	0.160054719562	0.117647058824	0.113543091655	0.145006839945	0.145006839945	0.147742818057	0.136798905609	0.0	0.123119015048	0.155950752394
T2D-15A.snv.bam	0.121751025992	0.145006839945	0.158686730506	0.123119015048	0.15731874145	0.124487004104	0.143638850889	0.161422708618	0.136798905609	0.13269493844	0.110807113543	0.135430916553	0.134062927497	0.108071135431	0.131326949384	0.120383036936	0.117647058824	0.123119015048	0.131326949384	0.123119015048	0.0	0.140902872777
V1.CD6-0-PT.snv.bam	0.127222982216	0.127222982216	0.155950752394	0.120383036936	0.162790697674	0.139534883721	0.138166894665	0.154582763338	0.165526675787	0.128590971272	0.149110807114	0.128590971272	0.145006839945	0.145006839945	0.172366621067	0.146374829001	0.131326949384	0.120383036936	0.166894664843	0.155950752394	0.140902872777	0.0
