	158256496-stool2.snv.bam	158357646-stool2.snv.bam	158458797-stool1.snv.bam	158499257-stool1.snv.bam	158822939-stool1.snv.bam	159227541-stool2.snv.bam	604812005-stool3.snv.bam	706846339-stool1.snv.bam	763496533-stool2.snv.bam	763597684-stool2.snv.bam	764224817-stool1.snv.bam	764487809-stool1.snv.bam	764487809-stool2.snv.bam	764649650-stool2.snv.bam	765701615-stool2.snv.bam	CCIS11015875ST-4-0.snv.bam	CCIS11362406ST-4-0.snv.bam	MH0222.snv.bam	MH0238.snv.bam	MH0253.snv.bam	MH0280.snv.bam	MH0329.snv.bam	MH0394.snv.bam	MH0440.snv.bam	MH0442.snv.bam	MH0454.snv.bam	MMRS66868025ST-27-0-0.snv.bam	MMRS77018926ST-27-0-0.snv.bam	O2.UC13-1.snv.bam	O2.UC40-1.snv.bam	SAMEA3136683.snv.bam	V1.FI04.snv.bam	V1.FI16.snv.bam	V1.UC43-0.snv.bam
158256496-stool2.snv.bam	0.0	0.0981481481481	0.103703703704	0.116666666667	0.0888888888889	0.0796296296296	0.103703703704	0.124074074074	0.116666666667	0.0833333333333	0.0981481481481	0.109259259259	0.112962962963	0.109259259259	0.103703703704	0.114814814815	0.105555555556	0.118518518519	0.112962962963	0.0925925925926	0.0925925925926	0.0962962962963	0.116666666667	0.105555555556	0.103703703704	0.105555555556	0.101851851852	0.0962962962963	0.111111111111	0.109259259259	0.124074074074	0.0925925925926	0.101851851852	0.0925925925926
158357646-stool2.snv.bam	0.0981481481481	0.0	0.109259259259	0.12037037037	0.1	0.0944444444444	0.0851851851852	0.12962962963	0.0759259259259	0.111111111111	0.124074074074	0.12962962963	0.131481481481	0.112962962963	0.105555555556	0.140740740741	0.116666666667	0.0925925925926	0.116666666667	0.0962962962963	0.0851851851852	0.105555555556	0.112962962963	0.103703703704	0.101851851852	0.112962962963	0.111111111111	0.0648148148148	0.0981481481481	0.0925925925926	0.114814814815	0.0981481481481	0.111111111111	0.0740740740741
158458797-stool1.snv.bam	0.103703703704	0.109259259259	0.0	0.112962962963	0.124074074074	0.0759259259259	0.0851851851852	0.142592592593	0.0777777777778	0.101851851852	0.0944444444444	0.1	0.101851851852	0.0296296296296	0.087037037037	0.127777777778	0.109259259259	0.111111111111	0.0777777777778	0.0925925925926	0.101851851852	0.0444444444444	0.122222222222	0.12037037037	0.087037037037	0.0981481481481	0.0481481481481	0.062962962963	0.12037037037	0.114814814815	0.116666666667	0.101851851852	0.0907407407407	0.0777777777778
158499257-stool1.snv.bam	0.116666666667	0.12037037037	0.112962962963	0.0	0.114814814815	0.0888888888889	0.1	0.138888888889	0.118518518519	0.111111111111	0.109259259259	0.101851851852	0.103703703704	0.127777777778	0.12962962963	0.137037037037	0.12037037037	0.12037037037	0.103703703704	0.112962962963	0.1	0.133333333333	0.12962962963	0.116666666667	0.131481481481	0.105555555556	0.112962962963	0.0925925925926	0.122222222222	0.124074074074	0.127777777778	0.107407407407	0.131481481481	0.0888888888889
158822939-stool1.snv.bam	0.0888888888889	0.1	0.124074074074	0.114814814815	0.0	0.0944444444444	0.109259259259	0.125925925926	0.133333333333	0.0962962962963	0.118518518519	0.116666666667	0.116666666667	0.124074074074	0.127777777778	0.12962962963	0.109259259259	0.133333333333	0.12037037037	0.0703703703704	0.0925925925926	0.116666666667	0.124074074074	0.116666666667	0.12962962963	0.111111111111	0.122222222222	0.0981481481481	0.0962962962963	0.125925925926	0.133333333333	0.103703703704	0.122222222222	0.087037037037
159227541-stool2.snv.bam	0.0796296296296	0.0944444444444	0.0759259259259	0.0888888888889	0.0944444444444	0.0	0.0777777777778	0.114814814815	0.1	0.0703703703704	0.0981481481481	0.0888888888889	0.0907407407407	0.0796296296296	0.101851851852	0.118518518519	0.087037037037	0.107407407407	0.0962962962963	0.0851851851852	0.0796296296296	0.0703703703704	0.107407407407	0.101851851852	0.107407407407	0.0796296296296	0.0722222222222	0.0648148148148	0.0962962962963	0.103703703704	0.103703703704	0.0796296296296	0.101851851852	0.0740740740741
604812005-stool3.snv.bam	0.103703703704	0.0851851851852	0.0851851851852	0.1	0.109259259259	0.0777777777778	0.0	0.127777777778	0.0907407407407	0.0925925925926	0.105555555556	0.109259259259	0.111111111111	0.0962962962963	0.0796296296296	0.124074074074	0.1	0.1	0.0833333333333	0.101851851852	0.087037037037	0.0925925925926	0.109259259259	0.1	0.0851851851852	0.0981481481481	0.087037037037	0.0666666666667	0.111111111111	0.0925925925926	0.111111111111	0.103703703704	0.0925925925926	0.0740740740741
706846339-stool1.snv.bam	0.124074074074	0.12962962963	0.142592592593	0.138888888889	0.125925925926	0.114814814815	0.127777777778	0.0	0.148148148148	0.12037037037	0.133333333333	0.138888888889	0.138888888889	0.146296296296	0.131481481481	0.155555555556	0.135185185185	0.146296296296	0.127777777778	0.137037037037	0.116666666667	0.140740740741	0.153703703704	0.137037037037	0.131481481481	0.12962962963	0.140740740741	0.131481481481	0.116666666667	0.142592592593	0.155555555556	0.137037037037	0.133333333333	0.114814814815
763496533-stool2.snv.bam	0.116666666667	0.0759259259259	0.0777777777778	0.118518518519	0.133333333333	0.1	0.0907407407407	0.148148148148	0.0	0.112962962963	0.112962962963	0.12037037037	0.122222222222	0.0944444444444	0.0888888888889	0.138888888889	0.137037037037	0.0962962962963	0.0833333333333	0.0888888888889	0.109259259259	0.103703703704	0.138888888889	0.12962962963	0.0888888888889	0.122222222222	0.0907407407407	0.0666666666667	0.12962962963	0.116666666667	0.135185185185	0.114814814815	0.1	0.0925925925926
763597684-stool2.snv.bam	0.0833333333333	0.111111111111	0.101851851852	0.111111111111	0.0962962962963	0.0703703703704	0.0925925925926	0.12037037037	0.112962962963	0.0	0.109259259259	0.111111111111	0.111111111111	0.109259259259	0.116666666667	0.112962962963	0.105555555556	0.131481481481	0.109259259259	0.101851851852	0.0944444444444	0.103703703704	0.111111111111	0.1	0.118518518519	0.087037037037	0.1	0.0925925925926	0.0925925925926	0.103703703704	0.112962962963	0.0962962962963	0.118518518519	0.0833333333333
764224817-stool1.snv.bam	0.0981481481481	0.124074074074	0.0944444444444	0.109259259259	0.118518518519	0.0981481481481	0.105555555556	0.133333333333	0.112962962963	0.109259259259	0.0	0.101851851852	0.101851851852	0.103703703704	0.109259259259	0.135185185185	0.116666666667	0.0981481481481	0.0851851851852	0.0981481481481	0.101851851852	0.114814814815	0.12962962963	0.122222222222	0.105555555556	0.112962962963	0.0907407407407	0.101851851852	0.111111111111	0.12962962963	0.12962962963	0.109259259259	0.111111111111	0.0833333333333
764487809-stool1.snv.bam	0.109259259259	0.12962962963	0.1	0.101851851852	0.116666666667	0.0888888888889	0.109259259259	0.138888888889	0.12037037037	0.111111111111	0.101851851852	0.0	0.0	0.112962962963	0.12962962963	0.135185185185	0.118518518519	0.131481481481	0.0981481481481	0.114814814815	0.112962962963	0.116666666667	0.131481481481	0.116666666667	0.131481481481	0.112962962963	0.105555555556	0.0962962962963	0.12037037037	0.12037037037	0.12962962963	0.0962962962963	0.12962962963	0.0962962962963
764487809-stool2.snv.bam	0.112962962963	0.131481481481	0.101851851852	0.103703703704	0.116666666667	0.0907407407407	0.111111111111	0.138888888889	0.122222222222	0.111111111111	0.101851851852	0.0	0.0	0.114814814815	0.131481481481	0.135185185185	0.12037037037	0.133333333333	0.1	0.116666666667	0.114814814815	0.118518518519	0.133333333333	0.118518518519	0.133333333333	0.114814814815	0.107407407407	0.0981481481481	0.122222222222	0.122222222222	0.131481481481	0.1	0.131481481481	0.0962962962963
764649650-stool2.snv.bam	0.109259259259	0.112962962963	0.0296296296296	0.127777777778	0.124074074074	0.0796296296296	0.0962962962963	0.146296296296	0.0944444444444	0.109259259259	0.103703703704	0.112962962963	0.114814814815	0.0	0.1	0.144444444444	0.124074074074	0.114814814815	0.0944444444444	0.103703703704	0.112962962963	0.0351851851852	0.127777777778	0.135185185185	0.0962962962963	0.105555555556	0.0462962962963	0.0777777777778	0.127777777778	0.12037037037	0.124074074074	0.111111111111	0.103703703704	0.087037037037
765701615-stool2.snv.bam	0.103703703704	0.105555555556	0.087037037037	0.12962962963	0.127777777778	0.101851851852	0.0796296296296	0.131481481481	0.0888888888889	0.116666666667	0.109259259259	0.12962962963	0.131481481481	0.1	0.0	0.135185185185	0.112962962963	0.107407407407	0.0685185185185	0.0925925925926	0.109259259259	0.0888888888889	0.133333333333	0.124074074074	0.0259259259259	0.12037037037	0.0944444444444	0.1	0.124074074074	0.111111111111	0.133333333333	0.116666666667	0.0203703703704	0.0944444444444
CCIS11015875ST-4-0.snv.bam	0.114814814815	0.140740740741	0.127777777778	0.137037037037	0.12962962963	0.118518518519	0.124074074074	0.155555555556	0.138888888889	0.112962962963	0.135185185185	0.135185185185	0.135185185185	0.144444444444	0.135185185185	0.0	0.12962962963	0.166666666667	0.111111111111	0.127777777778	0.124074074074	0.140740740741	0.153703703704	0.148148148148	0.131481481481	0.114814814815	0.135185185185	0.131481481481	0.15	0.146296296296	0.159259259259	0.133333333333	0.131481481481	0.12037037037
CCIS11362406ST-4-0.snv.bam	0.105555555556	0.116666666667	0.109259259259	0.12037037037	0.109259259259	0.087037037037	0.1	0.135185185185	0.137037037037	0.105555555556	0.116666666667	0.118518518519	0.12037037037	0.124074074074	0.112962962963	0.12962962963	0.0	0.131481481481	0.105555555556	0.118518518519	0.1	0.114814814815	0.144444444444	0.12962962963	0.116666666667	0.101851851852	0.103703703704	0.109259259259	0.114814814815	0.133333333333	0.144444444444	0.114814814815	0.114814814815	0.0944444444444
MH0222.snv.bam	0.118518518519	0.0925925925926	0.111111111111	0.12037037037	0.133333333333	0.107407407407	0.1	0.146296296296	0.0962962962963	0.131481481481	0.0981481481481	0.131481481481	0.133333333333	0.114814814815	0.107407407407	0.166666666667	0.131481481481	0.0	0.118518518519	0.109259259259	0.103703703704	0.125925925926	0.140740740741	0.131481481481	0.101851851852	0.118518518519	0.112962962963	0.0740740740741	0.122222222222	0.118518518519	0.135185185185	0.127777777778	0.12037037037	0.0888888888889
MH0238.snv.bam	0.112962962963	0.116666666667	0.0777777777778	0.103703703704	0.12037037037	0.0962962962963	0.0833333333333	0.127777777778	0.0833333333333	0.109259259259	0.0851851851852	0.0981481481481	0.1	0.0944444444444	0.0685185185185	0.111111111111	0.105555555556	0.118518518519	0.0	0.0944444444444	0.112962962963	0.0981481481481	0.140740740741	0.125925925926	0.0611111111111	0.105555555556	0.0814814814815	0.0907407407407	0.127777777778	0.131481481481	0.138888888889	0.105555555556	0.0648148148148	0.0925925925926
MH0253.snv.bam	0.0925925925926	0.0962962962963	0.0925925925926	0.112962962963	0.0703703703704	0.0851851851852	0.101851851852	0.137037037037	0.0888888888889	0.101851851852	0.0981481481481	0.114814814815	0.116666666667	0.103703703704	0.0925925925926	0.127777777778	0.118518518519	0.109259259259	0.0944444444444	0.0	0.0925925925926	0.101851851852	0.127777777778	0.112962962963	0.0925925925926	0.109259259259	0.1	0.0907407407407	0.1	0.112962962963	0.127777777778	0.0944444444444	0.0981481481481	0.0833333333333
MH0280.snv.bam	0.0925925925926	0.0851851851852	0.101851851852	0.1	0.0925925925926	0.0796296296296	0.087037037037	0.116666666667	0.109259259259	0.0944444444444	0.101851851852	0.112962962963	0.114814814815	0.112962962963	0.109259259259	0.124074074074	0.1	0.103703703704	0.112962962963	0.0925925925926	0.0	0.0962962962963	0.109259259259	0.101851851852	0.114814814815	0.0981481481481	0.0962962962963	0.0740740740741	0.0888888888889	0.107407407407	0.112962962963	0.0944444444444	0.111111111111	0.0740740740741
MH0329.snv.bam	0.0962962962963	0.105555555556	0.0444444444444	0.133333333333	0.116666666667	0.0703703703704	0.0925925925926	0.140740740741	0.103703703704	0.103703703704	0.114814814815	0.116666666667	0.118518518519	0.0351851851852	0.0888888888889	0.140740740741	0.114814814815	0.125925925926	0.0981481481481	0.101851851852	0.0962962962963	0.0	0.105555555556	0.116666666667	0.0851851851852	0.101851851852	0.0574074074074	0.0851851851852	0.116666666667	0.101851851852	0.105555555556	0.0981481481481	0.0925925925926	0.0907407407407
MH0394.snv.bam	0.116666666667	0.112962962963	0.122222222222	0.12962962963	0.124074074074	0.107407407407	0.109259259259	0.153703703704	0.138888888889	0.111111111111	0.12962962963	0.131481481481	0.133333333333	0.127777777778	0.133333333333	0.153703703704	0.144444444444	0.140740740741	0.140740740741	0.127777777778	0.109259259259	0.105555555556	0.0	0.0148148148148	0.131481481481	0.107407407407	0.127777777778	0.112962962963	0.122222222222	0.0296296296296	0.00555555555556	0.109259259259	0.138888888889	0.111111111111
MH0440.snv.bam	0.105555555556	0.103703703704	0.12037037037	0.116666666667	0.116666666667	0.101851851852	0.1	0.137037037037	0.12962962963	0.1	0.122222222222	0.116666666667	0.118518518519	0.135185185185	0.124074074074	0.148148148148	0.12962962963	0.131481481481	0.125925925926	0.112962962963	0.101851851852	0.116666666667	0.0148148148148	0.0	0.122222222222	0.114814814815	0.118518518519	0.109259259259	0.107407407407	0.0203703703704	0.0166666666667	0.105555555556	0.125925925926	0.1
MH0442.snv.bam	0.103703703704	0.101851851852	0.087037037037	0.131481481481	0.12962962963	0.107407407407	0.0851851851852	0.131481481481	0.0888888888889	0.118518518519	0.105555555556	0.131481481481	0.133333333333	0.0962962962963	0.0259259259259	0.131481481481	0.116666666667	0.101851851852	0.0611111111111	0.0925925925926	0.114814814815	0.0851851851852	0.131481481481	0.122222222222	0.0	0.107407407407	0.0907407407407	0.0962962962963	0.125925925926	0.105555555556	0.131481481481	0.114814814815	0.0296296296296	0.0888888888889
MH0454.snv.bam	0.105555555556	0.112962962963	0.0981481481481	0.105555555556	0.111111111111	0.0796296296296	0.0981481481481	0.12962962963	0.122222222222	0.087037037037	0.112962962963	0.112962962963	0.114814814815	0.105555555556	0.12037037037	0.114814814815	0.101851851852	0.118518518519	0.105555555556	0.109259259259	0.0981481481481	0.101851851852	0.107407407407	0.114814814815	0.107407407407	0.0	0.107407407407	0.0907407407407	0.112962962963	0.114814814815	0.111111111111	0.101851851852	0.122222222222	0.0777777777778
MMRS66868025ST-27-0-0.snv.bam	0.101851851852	0.111111111111	0.0481481481481	0.112962962963	0.122222222222	0.0722222222222	0.087037037037	0.140740740741	0.0907407407407	0.1	0.0907407407407	0.105555555556	0.107407407407	0.0462962962963	0.0944444444444	0.135185185185	0.103703703704	0.112962962963	0.0814814814815	0.1	0.0962962962963	0.0574074074074	0.127777777778	0.118518518519	0.0907407407407	0.107407407407	0.0	0.087037037037	0.127777777778	0.107407407407	0.124074074074	0.1	0.0907407407407	0.0777777777778
MMRS77018926ST-27-0-0.snv.bam	0.0962962962963	0.0648148148148	0.062962962963	0.0925925925926	0.0981481481481	0.0648148148148	0.0666666666667	0.131481481481	0.0666666666667	0.0925925925926	0.101851851852	0.0962962962963	0.0981481481481	0.0777777777778	0.1	0.131481481481	0.109259259259	0.0740740740741	0.0907407407407	0.0907407407407	0.0740740740741	0.0851851851852	0.112962962963	0.109259259259	0.0962962962963	0.0907407407407	0.087037037037	0.0	0.1	0.0962962962963	0.107407407407	0.0925925925926	0.105555555556	0.062962962963
O2.UC13-1.snv.bam	0.111111111111	0.0981481481481	0.12037037037	0.122222222222	0.0962962962963	0.0962962962963	0.111111111111	0.116666666667	0.12962962963	0.0925925925926	0.111111111111	0.12037037037	0.122222222222	0.127777777778	0.124074074074	0.15	0.114814814815	0.122222222222	0.127777777778	0.1	0.0888888888889	0.116666666667	0.122222222222	0.107407407407	0.125925925926	0.112962962963	0.127777777778	0.1	0.0	0.116666666667	0.124074074074	0.12037037037	0.135185185185	0.0962962962963
O2.UC40-1.snv.bam	0.109259259259	0.0925925925926	0.114814814815	0.124074074074	0.125925925926	0.103703703704	0.0925925925926	0.142592592593	0.116666666667	0.103703703704	0.12962962963	0.12037037037	0.122222222222	0.12037037037	0.111111111111	0.146296296296	0.133333333333	0.118518518519	0.131481481481	0.112962962963	0.107407407407	0.101851851852	0.0296296296296	0.0203703703704	0.105555555556	0.114814814815	0.107407407407	0.0962962962963	0.116666666667	0.0	0.0296296296296	0.105555555556	0.124074074074	0.0944444444444
SAMEA3136683.snv.bam	0.124074074074	0.114814814815	0.116666666667	0.127777777778	0.133333333333	0.103703703704	0.111111111111	0.155555555556	0.135185185185	0.112962962963	0.12962962963	0.12962962963	0.131481481481	0.124074074074	0.133333333333	0.159259259259	0.144444444444	0.135185185185	0.138888888889	0.127777777778	0.112962962963	0.105555555556	0.00555555555556	0.0166666666667	0.131481481481	0.111111111111	0.124074074074	0.107407407407	0.124074074074	0.0296296296296	0.0	0.112962962963	0.135185185185	0.109259259259
V1.FI04.snv.bam	0.0925925925926	0.0981481481481	0.101851851852	0.107407407407	0.103703703704	0.0796296296296	0.103703703704	0.137037037037	0.114814814815	0.0962962962963	0.109259259259	0.0962962962963	0.1	0.111111111111	0.116666666667	0.133333333333	0.114814814815	0.127777777778	0.105555555556	0.0944444444444	0.0944444444444	0.0981481481481	0.109259259259	0.105555555556	0.114814814815	0.101851851852	0.1	0.0925925925926	0.12037037037	0.105555555556	0.112962962963	0.0	0.111111111111	0.0814814814815
V1.FI16.snv.bam	0.101851851852	0.111111111111	0.0907407407407	0.131481481481	0.122222222222	0.101851851852	0.0925925925926	0.133333333333	0.1	0.118518518519	0.111111111111	0.12962962963	0.131481481481	0.103703703704	0.0203703703704	0.131481481481	0.114814814815	0.12037037037	0.0648148148148	0.0981481481481	0.111111111111	0.0925925925926	0.138888888889	0.125925925926	0.0296296296296	0.122222222222	0.0907407407407	0.105555555556	0.135185185185	0.124074074074	0.135185185185	0.111111111111	0.0	0.0962962962963
V1.UC43-0.snv.bam	0.0925925925926	0.0740740740741	0.0777777777778	0.0888888888889	0.087037037037	0.0740740740741	0.0740740740741	0.114814814815	0.0925925925926	0.0833333333333	0.0833333333333	0.0962962962963	0.0962962962963	0.087037037037	0.0944444444444	0.12037037037	0.0944444444444	0.0888888888889	0.0925925925926	0.0833333333333	0.0740740740741	0.0907407407407	0.111111111111	0.1	0.0888888888889	0.0777777777778	0.0777777777778	0.062962962963	0.0962962962963	0.0944444444444	0.109259259259	0.0814814814815	0.0962962962963	0.0
