	765074482-stool2.snv.bam	809635352-stool2.snv.bam	BGI089A.snv.bam	BYQ_AAAQ.snv.bam	BYQ_AAAZ.snv.bam	CCIS09568613ST-4-0.snv.bam	CCIS48725289ST-4-0.snv.bam	CCIS62605362ST-3-0.snv.bam	CCIS90164298ST-4-0.snv.bam	CCMD90311071ST-21-0.snv.bam	MH0192.snv.bam	MH0227.snv.bam	MH0289.snv.bam	MH0292.snv.bam	MH0336.snv.bam	MH0446.snv.bam	MH0456.snv.bam	MMRS25211151ST-27-0-0.snv.bam	MMRS94549160ST-27-0-0.snv.bam	N009A.snv.bam	N046A.snv.bam	NG-5636_121.snv.bam	NG-5636_155.snv.bam	NG-5636_268.snv.bam	NG-5636_384.snv.bam	NG-5636_462.snv.bam	O2.UC37-1.snv.bam	SAMEA3136629.snv.bam	SAMEA3136642.snv.bam	SAMEA3136691.snv.bam	SAMEA3136719.snv.bam	SAMEA3136727.snv.bam	SZEY-37A.snv.bam	SZEY-69A.snv.bam	T2D-103A.snv.bam	T2D-6A.snv.bam
765074482-stool2.snv.bam	0.0	0.258485639687	0.248041775457	0.182767624021	0.182767624021	0.172323759791	0.248041775457	0.266318537859	0.268929503916	0.227154046997	0.266318537859	0.263707571802	0.261096605744	0.172323759791	0.261096605744	0.253263707572	0.253263707572	0.156657963446	0.138381201044	0.258485639687	0.274151436031	0.237597911227	0.258485639687	0.240208877285	0.22454308094	0.266318537859	0.279373368146	0.268929503916	0.266318537859	0.20365535248	0.281984334204	0.146214099217	0.253263707572	0.268929503916	0.284595300261	0.263707571802
809635352-stool2.snv.bam	0.258485639687	0.0	0.190600522193	0.268929503916	0.268929503916	0.253263707572	0.140992167102	0.107049608355	0.0913838120104	0.195822454308	0.0913838120104	0.130548302872	0.107049608355	0.268929503916	0.13315926893	0.219321148825	0.195822454308	0.237597911227	0.255874673629	0.227154046997	0.240208877285	0.187989556136	0.023498694517	0.195822454308	0.127937336815	0.0913838120104	0.0939947780679	0.0913838120104	0.114882506527	0.274151436031	0.0966057441253	0.258485639687	0.174934725849	0.193211488251	0.208877284595	0.156657963446
BGI089A.snv.bam	0.248041775457	0.190600522193	0.0	0.276762402089	0.276762402089	0.245430809399	0.232375979112	0.198433420366	0.195822454308	0.156657963446	0.195822454308	0.221932114883	0.206266318538	0.253263707572	0.221932114883	0.232375979112	0.22454308094	0.22454308094	0.248041775457	0.159268929504	0.20365535248	0.201044386423	0.187989556136	0.211488250653	0.20365535248	0.193211488251	0.187989556136	0.195822454308	0.20365535248	0.258485639687	0.190600522193	0.23498694517	0.190600522193	0.159268929504	0.198433420366	0.227154046997
BYQ_AAAQ.snv.bam	0.182767624021	0.268929503916	0.276762402089	0.0	0.0	0.182767624021	0.279373368146	0.279373368146	0.281984334204	0.237597911227	0.279373368146	0.287206266319	0.271540469974	0.211488250653	0.284595300261	0.287206266319	0.279373368146	0.159268929504	0.140992167102	0.258485639687	0.258485639687	0.261096605744	0.268929503916	0.271540469974	0.258485639687	0.279373368146	0.279373368146	0.281984334204	0.274151436031	0.20365535248	0.281984334204	0.169712793734	0.284595300261	0.289817232376	0.305483028721	0.279373368146
BYQ_AAAZ.snv.bam	0.182767624021	0.268929503916	0.276762402089	0.0	0.0	0.182767624021	0.279373368146	0.279373368146	0.281984334204	0.237597911227	0.279373368146	0.287206266319	0.271540469974	0.211488250653	0.284595300261	0.287206266319	0.279373368146	0.159268929504	0.140992167102	0.258485639687	0.258485639687	0.261096605744	0.268929503916	0.271540469974	0.258485639687	0.279373368146	0.279373368146	0.281984334204	0.274151436031	0.20365535248	0.281984334204	0.169712793734	0.284595300261	0.289817232376	0.305483028721	0.279373368146
CCIS09568613ST-4-0.snv.bam	0.172323759791	0.253263707572	0.245430809399	0.182767624021	0.182767624021	0.0	0.253263707572	0.289817232376	0.281984334204	0.232375979112	0.281984334204	0.248041775457	0.271540469974	0.21409921671	0.248041775457	0.250652741514	0.245430809399	0.180156657963	0.164490861619	0.240208877285	0.248041775457	0.216710182768	0.258485639687	0.219321148825	0.219321148825	0.279373368146	0.258485639687	0.281984334204	0.279373368146	0.195822454308	0.261096605744	0.211488250653	0.258485639687	0.271540469974	0.284595300261	0.263707571802
CCIS48725289ST-4-0.snv.bam	0.248041775457	0.140992167102	0.232375979112	0.279373368146	0.279373368146	0.253263707572	0.0	0.185378590078	0.180156657963	0.180156657963	0.180156657963	0.0783289817232	0.180156657963	0.237597911227	0.0783289817232	0.229765013055	0.201044386423	0.23498694517	0.263707571802	0.258485639687	0.268929503916	0.20365535248	0.159268929504	0.22454308094	0.109660574413	0.180156657963	0.219321148825	0.180156657963	0.198433420366	0.284595300261	0.221932114883	0.258485639687	0.211488250653	0.242819843342	0.245430809399	0.114882506527
CCIS62605362ST-3-0.snv.bam	0.266318537859	0.107049608355	0.198433420366	0.279373368146	0.279373368146	0.289817232376	0.185378590078	0.0	0.0156657963446	0.201044386423	0.0156657963446	0.182767624021	0.0313315926893	0.268929503916	0.182767624021	0.258485639687	0.253263707572	0.21409921671	0.237597911227	0.271540469974	0.284595300261	0.219321148825	0.114882506527	0.237597911227	0.177545691906	0.0156657963446	0.104438642298	0.0156657963446	0.0391644908616	0.284595300261	0.107049608355	0.248041775457	0.208877284595	0.208877284595	0.22454308094	0.195822454308
CCIS90164298ST-4-0.snv.bam	0.268929503916	0.0913838120104	0.195822454308	0.281984334204	0.281984334204	0.281984334204	0.180156657963	0.0156657963446	0.0	0.198433420366	0.0	0.172323759791	0.0156657963446	0.276762402089	0.172323759791	0.245430809399	0.240208877285	0.221932114883	0.250652741514	0.258485639687	0.271540469974	0.206266318538	0.0992167101828	0.22454308094	0.167101827676	0.0	0.0913838120104	0.0	0.023498694517	0.297650130548	0.0939947780679	0.255874673629	0.193211488251	0.206266318538	0.221932114883	0.185378590078
CCMD90311071ST-21-0.snv.bam	0.227154046997	0.195822454308	0.156657963446	0.237597911227	0.237597911227	0.232375979112	0.180156657963	0.201044386423	0.198433420366	0.0	0.198433420366	0.159268929504	0.198433420366	0.242819843342	0.161879895561	0.148825065274	0.195822454308	0.198433420366	0.22454308094	0.206266318538	0.229765013055	0.164490861619	0.182767624021	0.177545691906	0.185378590078	0.195822454308	0.193211488251	0.198433420366	0.21409921671	0.216710182768	0.195822454308	0.216710182768	0.206266318538	0.161879895561	0.185378590078	0.201044386423
MH0192.snv.bam	0.266318537859	0.0913838120104	0.195822454308	0.279373368146	0.279373368146	0.281984334204	0.180156657963	0.0156657963446	0.0	0.198433420366	0.0	0.172323759791	0.0156657963446	0.276762402089	0.172323759791	0.245430809399	0.240208877285	0.221932114883	0.248041775457	0.258485639687	0.271540469974	0.206266318538	0.0992167101828	0.22454308094	0.167101827676	0.0	0.088772845953	0.0	0.023498694517	0.297650130548	0.0913838120104	0.253263707572	0.193211488251	0.206266318538	0.221932114883	0.185378590078
MH0227.snv.bam	0.263707571802	0.130548302872	0.221932114883	0.287206266319	0.287206266319	0.248041775457	0.0783289817232	0.182767624021	0.172323759791	0.159268929504	0.172323759791	0.0	0.172323759791	0.292428198433	0.0	0.167101827676	0.190600522193	0.253263707572	0.268929503916	0.23498694517	0.240208877285	0.167101827676	0.127937336815	0.187989556136	0.0313315926893	0.172323759791	0.187989556136	0.172323759791	0.190600522193	0.279373368146	0.190600522193	0.263707571802	0.177545691906	0.21409921671	0.201044386423	0.0731070496084
MH0289.snv.bam	0.261096605744	0.107049608355	0.206266318538	0.271540469974	0.271540469974	0.271540469974	0.180156657963	0.0313315926893	0.0156657963446	0.198433420366	0.0156657963446	0.172323759791	0.0	0.266318537859	0.172323759791	0.255874673629	0.23498694517	0.211488250653	0.237597911227	0.255874673629	0.271540469974	0.201044386423	0.114882506527	0.219321148825	0.167101827676	0.0156657963446	0.107049608355	0.0156657963446	0.0391644908616	0.289817232376	0.109660574413	0.245430809399	0.193211488251	0.216710182768	0.232375979112	0.185378590078
MH0292.snv.bam	0.172323759791	0.268929503916	0.253263707572	0.211488250653	0.211488250653	0.21409921671	0.237597911227	0.268929503916	0.276762402089	0.242819843342	0.276762402089	0.292428198433	0.266318537859	0.0	0.292428198433	0.284595300261	0.271540469974	0.159268929504	0.161879895561	0.253263707572	0.263707571802	0.255874673629	0.274151436031	0.268929503916	0.261096605744	0.271540469974	0.295039164491	0.276762402089	0.263707571802	0.22454308094	0.297650130548	0.206266318538	0.289817232376	0.261096605744	0.279373368146	0.274151436031
MH0336.snv.bam	0.261096605744	0.13315926893	0.221932114883	0.284595300261	0.284595300261	0.248041775457	0.0783289817232	0.182767624021	0.172323759791	0.161879895561	0.172323759791	0.0	0.172323759791	0.292428198433	0.0	0.169712793734	0.190600522193	0.253263707572	0.266318537859	0.23498694517	0.240208877285	0.164490861619	0.130548302872	0.185378590078	0.0313315926893	0.172323759791	0.187989556136	0.172323759791	0.190600522193	0.279373368146	0.190600522193	0.261096605744	0.177545691906	0.216710182768	0.201044386423	0.0731070496084
MH0446.snv.bam	0.253263707572	0.219321148825	0.232375979112	0.287206266319	0.287206266319	0.250652741514	0.229765013055	0.258485639687	0.245430809399	0.148825065274	0.245430809399	0.167101827676	0.255874673629	0.284595300261	0.169712793734	0.0	0.237597911227	0.237597911227	0.250652741514	0.232375979112	0.253263707572	0.195822454308	0.211488250653	0.216710182768	0.177545691906	0.242819843342	0.23498694517	0.245430809399	0.258485639687	0.253263707572	0.237597911227	0.266318537859	0.255874673629	0.177545691906	0.198433420366	0.240208877285
MH0456.snv.bam	0.253263707572	0.195822454308	0.22454308094	0.279373368146	0.279373368146	0.245430809399	0.201044386423	0.253263707572	0.240208877285	0.195822454308	0.240208877285	0.190600522193	0.23498694517	0.271540469974	0.190600522193	0.237597911227	0.0	0.232375979112	0.266318537859	0.211488250653	0.221932114883	0.0757180156658	0.206266318538	0.065274151436	0.177545691906	0.237597911227	0.227154046997	0.240208877285	0.248041775457	0.276762402089	0.229765013055	0.253263707572	0.172323759791	0.240208877285	0.242819843342	0.180156657963
MMRS25211151ST-27-0-0.snv.bam	0.156657963446	0.237597911227	0.22454308094	0.159268929504	0.159268929504	0.180156657963	0.23498694517	0.21409921671	0.221932114883	0.198433420366	0.221932114883	0.253263707572	0.211488250653	0.159268929504	0.253263707572	0.237597911227	0.232375979112	0.0	0.120104438642	0.219321148825	0.240208877285	0.219321148825	0.237597911227	0.221932114883	0.219321148825	0.219321148825	0.255874673629	0.221932114883	0.219321148825	0.161879895561	0.258485639687	0.130548302872	0.245430809399	0.229765013055	0.253263707572	0.237597911227
MMRS94549160ST-27-0-0.snv.bam	0.138381201044	0.255874673629	0.248041775457	0.140992167102	0.140992167102	0.164490861619	0.263707571802	0.237597911227	0.250652741514	0.22454308094	0.248041775457	0.268929503916	0.237597911227	0.161879895561	0.266318537859	0.250652741514	0.266318537859	0.120104438642	0.0	0.250652741514	0.253263707572	0.240208877285	0.261096605744	0.253263707572	0.23498694517	0.245430809399	0.271540469974	0.250652741514	0.242819843342	0.185378590078	0.274151436031	0.0913838120104	0.271540469974	0.240208877285	0.266318537859	0.261096605744
N009A.snv.bam	0.258485639687	0.227154046997	0.159268929504	0.258485639687	0.258485639687	0.240208877285	0.258485639687	0.271540469974	0.258485639687	0.206266318538	0.258485639687	0.23498694517	0.255874673629	0.253263707572	0.23498694517	0.232375979112	0.211488250653	0.219321148825	0.250652741514	0.0	0.0704960835509	0.190600522193	0.211488250653	0.201044386423	0.216710182768	0.255874673629	0.242819843342	0.258485639687	0.266318537859	0.274151436031	0.245430809399	0.261096605744	0.193211488251	0.21409921671	0.248041775457	0.237597911227
N046A.snv.bam	0.274151436031	0.240208877285	0.20365535248	0.258485639687	0.258485639687	0.248041775457	0.268929503916	0.284595300261	0.271540469974	0.229765013055	0.271540469974	0.240208877285	0.271540469974	0.263707571802	0.240208877285	0.253263707572	0.221932114883	0.240208877285	0.253263707572	0.0704960835509	0.0	0.198433420366	0.22454308094	0.21409921671	0.221932114883	0.268929503916	0.255874673629	0.271540469974	0.279373368146	0.268929503916	0.258485639687	0.276762402089	0.219321148825	0.237597911227	0.295039164491	0.23498694517
NG-5636_121.snv.bam	0.237597911227	0.187989556136	0.201044386423	0.261096605744	0.261096605744	0.216710182768	0.20365535248	0.219321148825	0.206266318538	0.164490861619	0.206266318538	0.167101827676	0.201044386423	0.255874673629	0.164490861619	0.195822454308	0.0757180156658	0.219321148825	0.240208877285	0.190600522193	0.198433420366	0.0	0.182767624021	0.0104438642298	0.151436031332	0.20365535248	0.21409921671	0.206266318538	0.21409921671	0.261096605744	0.216710182768	0.240208877285	0.156657963446	0.232375979112	0.22454308094	0.193211488251
NG-5636_155.snv.bam	0.258485639687	0.023498694517	0.187989556136	0.268929503916	0.268929503916	0.258485639687	0.159268929504	0.114882506527	0.0992167101828	0.182767624021	0.0992167101828	0.127937336815	0.114882506527	0.274151436031	0.130548302872	0.211488250653	0.206266318538	0.237597911227	0.261096605744	0.211488250653	0.22454308094	0.182767624021	0.0	0.190600522193	0.125326370757	0.0992167101828	0.0731070496084	0.0992167101828	0.1227154047	0.279373368146	0.0757180156658	0.263707571802	0.172323759791	0.190600522193	0.20365535248	0.154046997389
NG-5636_268.snv.bam	0.240208877285	0.195822454308	0.211488250653	0.271540469974	0.271540469974	0.219321148825	0.22454308094	0.237597911227	0.22454308094	0.177545691906	0.22454308094	0.187989556136	0.219321148825	0.268929503916	0.185378590078	0.216710182768	0.065274151436	0.221932114883	0.253263707572	0.201044386423	0.21409921671	0.0104438642298	0.190600522193	0.0	0.172323759791	0.221932114883	0.221932114883	0.22454308094	0.232375979112	0.271540469974	0.22454308094	0.250652741514	0.169712793734	0.240208877285	0.232375979112	0.211488250653
NG-5636_384.snv.bam	0.22454308094	0.127937336815	0.20365535248	0.258485639687	0.258485639687	0.219321148825	0.109660574413	0.177545691906	0.167101827676	0.185378590078	0.167101827676	0.0313315926893	0.167101827676	0.261096605744	0.0313315926893	0.177545691906	0.177545691906	0.219321148825	0.23498694517	0.216710182768	0.221932114883	0.151436031332	0.125326370757	0.172323759791	0.0	0.167101827676	0.185378590078	0.167101827676	0.164490861619	0.245430809399	0.187989556136	0.229765013055	0.159268929504	0.219321148825	0.20365535248	0.0731070496084
NG-5636_462.snv.bam	0.266318537859	0.0913838120104	0.193211488251	0.279373368146	0.279373368146	0.279373368146	0.180156657963	0.0156657963446	0.0	0.195822454308	0.0	0.172323759791	0.0156657963446	0.271540469974	0.172323759791	0.242819843342	0.237597911227	0.219321148825	0.245430809399	0.255874673629	0.268929503916	0.20365535248	0.0992167101828	0.221932114883	0.167101827676	0.0	0.088772845953	0.0	0.0208877284595	0.292428198433	0.0913838120104	0.250652741514	0.193211488251	0.20365535248	0.219321148825	0.185378590078
O2.UC37-1.snv.bam	0.279373368146	0.0939947780679	0.187989556136	0.279373368146	0.279373368146	0.258485639687	0.219321148825	0.104438642298	0.0913838120104	0.193211488251	0.088772845953	0.187989556136	0.107049608355	0.295039164491	0.187989556136	0.23498694517	0.227154046997	0.255874673629	0.271540469974	0.242819843342	0.255874673629	0.21409921671	0.0731070496084	0.221932114883	0.185378590078	0.088772845953	0.0	0.0913838120104	0.114882506527	0.284595300261	0.00261096605744	0.274151436031	0.219321148825	0.193211488251	0.208877284595	0.20365535248
SAMEA3136629.snv.bam	0.268929503916	0.0913838120104	0.195822454308	0.281984334204	0.281984334204	0.281984334204	0.180156657963	0.0156657963446	0.0	0.198433420366	0.0	0.172323759791	0.0156657963446	0.276762402089	0.172323759791	0.245430809399	0.240208877285	0.221932114883	0.250652741514	0.258485639687	0.271540469974	0.206266318538	0.0992167101828	0.22454308094	0.167101827676	0.0	0.0913838120104	0.0	0.023498694517	0.297650130548	0.0939947780679	0.255874673629	0.193211488251	0.206266318538	0.221932114883	0.185378590078
SAMEA3136642.snv.bam	0.266318537859	0.114882506527	0.20365535248	0.274151436031	0.274151436031	0.279373368146	0.198433420366	0.0391644908616	0.023498694517	0.21409921671	0.023498694517	0.190600522193	0.0391644908616	0.263707571802	0.190600522193	0.258485639687	0.248041775457	0.219321148825	0.242819843342	0.266318537859	0.279373368146	0.21409921671	0.1227154047	0.232375979112	0.164490861619	0.0208877284595	0.114882506527	0.023498694517	0.0	0.289817232376	0.117493472585	0.248041775457	0.206266318538	0.219321148825	0.23498694517	0.182767624021
SAMEA3136691.snv.bam	0.20365535248	0.274151436031	0.258485639687	0.20365535248	0.20365535248	0.195822454308	0.284595300261	0.284595300261	0.297650130548	0.216710182768	0.297650130548	0.279373368146	0.289817232376	0.22454308094	0.279373368146	0.253263707572	0.276762402089	0.161879895561	0.185378590078	0.274151436031	0.268929503916	0.261096605744	0.279373368146	0.271540469974	0.245430809399	0.292428198433	0.284595300261	0.297650130548	0.289817232376	0.0	0.287206266319	0.195822454308	0.279373368146	0.279373368146	0.295039164491	0.266318537859
SAMEA3136719.snv.bam	0.281984334204	0.0966057441253	0.190600522193	0.281984334204	0.281984334204	0.261096605744	0.221932114883	0.107049608355	0.0939947780679	0.195822454308	0.0913838120104	0.190600522193	0.109660574413	0.297650130548	0.190600522193	0.237597911227	0.229765013055	0.258485639687	0.274151436031	0.245430809399	0.258485639687	0.216710182768	0.0757180156658	0.22454308094	0.187989556136	0.0913838120104	0.00261096605744	0.0939947780679	0.117493472585	0.287206266319	0.0	0.276762402089	0.221932114883	0.195822454308	0.211488250653	0.206266318538
SAMEA3136727.snv.bam	0.146214099217	0.258485639687	0.23498694517	0.169712793734	0.169712793734	0.211488250653	0.258485639687	0.248041775457	0.255874673629	0.216710182768	0.253263707572	0.263707571802	0.245430809399	0.206266318538	0.261096605744	0.266318537859	0.253263707572	0.130548302872	0.0913838120104	0.261096605744	0.276762402089	0.240208877285	0.263707571802	0.250652741514	0.229765013055	0.250652741514	0.274151436031	0.255874673629	0.248041775457	0.195822454308	0.276762402089	0.0	0.253263707572	0.245430809399	0.268929503916	0.250652741514
SZEY-37A.snv.bam	0.253263707572	0.174934725849	0.190600522193	0.284595300261	0.284595300261	0.258485639687	0.211488250653	0.208877284595	0.193211488251	0.206266318538	0.193211488251	0.177545691906	0.193211488251	0.289817232376	0.177545691906	0.255874673629	0.172323759791	0.245430809399	0.271540469974	0.193211488251	0.219321148825	0.156657963446	0.172323759791	0.169712793734	0.159268929504	0.193211488251	0.219321148825	0.193211488251	0.206266318538	0.279373368146	0.221932114883	0.253263707572	0.0	0.245430809399	0.242819843342	0.174934725849
SZEY-69A.snv.bam	0.268929503916	0.193211488251	0.159268929504	0.289817232376	0.289817232376	0.271540469974	0.242819843342	0.208877284595	0.206266318538	0.161879895561	0.206266318538	0.21409921671	0.216710182768	0.261096605744	0.216710182768	0.177545691906	0.240208877285	0.229765013055	0.240208877285	0.21409921671	0.237597911227	0.232375979112	0.190600522193	0.240208877285	0.219321148825	0.20365535248	0.193211488251	0.206266318538	0.219321148825	0.279373368146	0.195822454308	0.245430809399	0.245430809399	0.0	0.0913838120104	0.237597911227
T2D-103A.snv.bam	0.284595300261	0.208877284595	0.198433420366	0.305483028721	0.305483028721	0.284595300261	0.245430809399	0.22454308094	0.221932114883	0.185378590078	0.221932114883	0.201044386423	0.232375979112	0.279373368146	0.201044386423	0.198433420366	0.242819843342	0.253263707572	0.266318537859	0.248041775457	0.295039164491	0.22454308094	0.20365535248	0.232375979112	0.20365535248	0.219321148825	0.208877284595	0.221932114883	0.23498694517	0.295039164491	0.211488250653	0.268929503916	0.242819843342	0.0913838120104	0.0	0.229765013055
T2D-6A.snv.bam	0.263707571802	0.156657963446	0.227154046997	0.279373368146	0.279373368146	0.263707571802	0.114882506527	0.195822454308	0.185378590078	0.201044386423	0.185378590078	0.0731070496084	0.185378590078	0.274151436031	0.0731070496084	0.240208877285	0.180156657963	0.237597911227	0.261096605744	0.237597911227	0.23498694517	0.193211488251	0.154046997389	0.211488250653	0.0731070496084	0.185378590078	0.20365535248	0.185378590078	0.182767624021	0.266318537859	0.206266318538	0.250652741514	0.174934725849	0.237597911227	0.229765013055	0.0
