	158499257-stool1.snv.bam	158499257-stool2.snv.bam	158944319-stool2.snv.bam	158944319-stool3.snv.bam	159207311-stool2.snv.bam	159207311-stool3.snv.bam	682102541-stool3.snv.bam	763921366-stool3.snv.bam	764062976-stool1.snv.bam	764649650-stool2.snv.bam	BYQ_AAAE.snv.bam	BYQ_AAAM.snv.bam	BYQ_AAAP.snv.bam	BYQ_AAAY.snv.bam	CCIS00146684ST-4-0.snv.bam	CCIS03857607ST-4-0.snv.bam	CCIS07539127ST-4-0.snv.bam	CCIS21278152ST-4-0.snv.bam	CCIS25399172ST-4-0.snv.bam	CCIS33816588ST-4-0.snv.bam	CCIS94417875ST-3-0.snv.bam	CCIS98832363ST-4-0.snv.bam	CCMD42428553ST-21-0.snv.bam	M4.6-V3.metaG.snv.bam	MH0189.snv.bam	MH0206.snv.bam	MH0252.snv.bam	MH0257.snv.bam	MH0280.snv.bam	MH0308.snv.bam	MH0328.snv.bam	MH0329.snv.bam	MH0336.snv.bam	MH0343.snv.bam	MH0357.snv.bam	MH0361.snv.bam	MH0362.snv.bam	MH0373.snv.bam	MH0376.snv.bam	MH0395.snv.bam	MH0417.snv.bam	MH0422.snv.bam	MH0426.snv.bam	MH0428.snv.bam	MH0440.snv.bam	MH0448.snv.bam	MMRS21365932ST-27-0-0.snv.bam	MMRS34569532ST-27-0-0.snv.bam	MMRS38954404ST-27-0-0.snv.bam	MMRS84159866ST-27-0-0.snv.bam	MMRS86168210ST-27-0-0.snv.bam	MMRS94549160ST-27-0-0.snv.bam	MMRS95277876ST-27-0-0.snv.bam	NG-5636_278.snv.bam	O2.UC1-1.snv.bam	O2.UC12-1.snv.bam	O2.UC28-0.snv.bam	O2.UC29-1.snv.bam	O2.UC40-1.snv.bam	SZEY-97A.snv.bam	T2D-11A.snv.bam	V1.FI14.snv.bam	V1.FI17.snv.bam	V1.UC26-4.snv.bam	V1.UC52-1.snv.bam
158499257-stool1.snv.bam	0.0	0.00390625	0.111328125	0.1064453125	0.1142578125	0.11328125	0.1259765625	0.1279296875	0.150390625	0.125	0.1015625	0.134765625	0.1044921875	0.099609375	0.09765625	0.1181640625	0.13671875	0.1298828125	0.1328125	0.0908203125	0.0693359375	0.1171875	0.1220703125	0.12109375	0.119140625	0.1162109375	0.0869140625	0.1484375	0.130859375	0.1142578125	0.1064453125	0.1650390625	0.1328125	0.1083984375	0.111328125	0.123046875	0.12109375	0.0986328125	0.1123046875	0.119140625	0.1572265625	0.1328125	0.1142578125	0.1171875	0.109375	0.1064453125	0.1513671875	0.11328125	0.08203125	0.1201171875	0.1318359375	0.1337890625	0.138671875	0.12109375	0.0947265625	0.158203125	0.119140625	0.1162109375	0.1201171875	0.111328125	0.1103515625	0.087890625	0.1171875	0.130859375	0.1611328125
158499257-stool2.snv.bam	0.00390625	0.0	0.0810546875	0.078125	0.072265625	0.0712890625	0.0830078125	0.087890625	0.1064453125	0.083984375	0.0654296875	0.09375	0.068359375	0.0634765625	0.064453125	0.08203125	0.09375	0.0810546875	0.0927734375	0.046875	0.03515625	0.0712890625	0.0771484375	0.0791015625	0.0859375	0.068359375	0.0439453125	0.109375	0.0927734375	0.072265625	0.068359375	0.119140625	0.0888671875	0.0751953125	0.0654296875	0.0849609375	0.0771484375	0.0556640625	0.076171875	0.0849609375	0.1162109375	0.091796875	0.08203125	0.08203125	0.0712890625	0.0654296875	0.109375	0.076171875	0.052734375	0.08203125	0.087890625	0.091796875	0.1005859375	0.08203125	0.05078125	0.11328125	0.078125	0.072265625	0.0830078125	0.0703125	0.078125	0.044921875	0.0732421875	0.09765625	0.1240234375
158944319-stool2.snv.bam	0.111328125	0.0810546875	0.0	0.0	0.10546875	0.1044921875	0.12109375	0.125	0.1416015625	0.1171875	0.1162109375	0.12109375	0.1171875	0.1142578125	0.107421875	0.1220703125	0.14453125	0.1181640625	0.1181640625	0.0869140625	0.078125	0.111328125	0.123046875	0.12890625	0.123046875	0.103515625	0.09375	0.1533203125	0.1181640625	0.11328125	0.103515625	0.166015625	0.1337890625	0.1240234375	0.1142578125	0.1220703125	0.1181640625	0.0986328125	0.1142578125	0.1259765625	0.146484375	0.140625	0.1171875	0.1083984375	0.1064453125	0.1171875	0.1494140625	0.115234375	0.1064453125	0.103515625	0.1279296875	0.146484375	0.1455078125	0.1181640625	0.10546875	0.1572265625	0.1083984375	0.11328125	0.1181640625	0.119140625	0.1142578125	0.09765625	0.103515625	0.1142578125	0.1591796875
158944319-stool3.snv.bam	0.1064453125	0.078125	0.0	0.0	0.103515625	0.1025390625	0.1162109375	0.12109375	0.1376953125	0.115234375	0.111328125	0.1201171875	0.1123046875	0.109375	0.10546875	0.1181640625	0.142578125	0.115234375	0.1142578125	0.0849609375	0.0751953125	0.1064453125	0.1181640625	0.1259765625	0.12109375	0.099609375	0.08984375	0.1484375	0.115234375	0.1083984375	0.099609375	0.1630859375	0.1298828125	0.1220703125	0.109375	0.119140625	0.1123046875	0.0966796875	0.107421875	0.1240234375	0.1416015625	0.1337890625	0.1123046875	0.1044921875	0.1015625	0.1123046875	0.1474609375	0.1123046875	0.1015625	0.099609375	0.1220703125	0.1435546875	0.1416015625	0.11328125	0.1015625	0.1533203125	0.1025390625	0.1103515625	0.1162109375	0.115234375	0.111328125	0.09375	0.1025390625	0.1103515625	0.154296875
159207311-stool2.snv.bam	0.1142578125	0.072265625	0.10546875	0.103515625	0.0	0.0	0.1171875	0.1259765625	0.140625	0.1162109375	0.10546875	0.12109375	0.1083984375	0.103515625	0.1025390625	0.107421875	0.1259765625	0.11328125	0.109375	0.0771484375	0.07421875	0.10546875	0.119140625	0.1123046875	0.1044921875	0.1044921875	0.083984375	0.1474609375	0.1123046875	0.0986328125	0.1015625	0.15625	0.1298828125	0.1240234375	0.1025390625	0.1103515625	0.1083984375	0.0927734375	0.1005859375	0.1181640625	0.1474609375	0.1220703125	0.1162109375	0.11328125	0.0986328125	0.107421875	0.1376953125	0.095703125	0.0908203125	0.1025390625	0.115234375	0.12890625	0.140625	0.11328125	0.0830078125	0.1328125	0.1005859375	0.1103515625	0.1279296875	0.103515625	0.1171875	0.0859375	0.103515625	0.125	0.154296875
159207311-stool3.snv.bam	0.11328125	0.0712890625	0.1044921875	0.1025390625	0.0	0.0	0.1162109375	0.1259765625	0.1396484375	0.1162109375	0.10546875	0.12109375	0.1083984375	0.103515625	0.1025390625	0.1064453125	0.1259765625	0.1123046875	0.109375	0.0771484375	0.0732421875	0.1044921875	0.1181640625	0.111328125	0.103515625	0.1044921875	0.083984375	0.146484375	0.1123046875	0.09765625	0.1015625	0.1552734375	0.1298828125	0.123046875	0.1015625	0.109375	0.107421875	0.091796875	0.1005859375	0.1181640625	0.1455078125	0.1220703125	0.1162109375	0.11328125	0.0986328125	0.107421875	0.13671875	0.095703125	0.08984375	0.1025390625	0.1142578125	0.12890625	0.1396484375	0.1123046875	0.0830078125	0.1318359375	0.1005859375	0.1103515625	0.1279296875	0.1025390625	0.1171875	0.0859375	0.103515625	0.125	0.1533203125
682102541-stool3.snv.bam	0.1259765625	0.0830078125	0.12109375	0.1162109375	0.1171875	0.1162109375	0.0	0.1435546875	0.154296875	0.1357421875	0.1259765625	0.1318359375	0.1298828125	0.125	0.10546875	0.1259765625	0.1318359375	0.130859375	0.125	0.0888671875	0.0830078125	0.12109375	0.1259765625	0.1328125	0.1376953125	0.11328125	0.09375	0.16015625	0.119140625	0.11328125	0.1220703125	0.1591796875	0.1357421875	0.1279296875	0.1201171875	0.134765625	0.107421875	0.10546875	0.1171875	0.1416015625	0.1572265625	0.146484375	0.1279296875	0.109375	0.119140625	0.125	0.1611328125	0.134765625	0.1181640625	0.125	0.138671875	0.15625	0.154296875	0.130859375	0.099609375	0.16015625	0.115234375	0.1162109375	0.1259765625	0.1240234375	0.1318359375	0.095703125	0.1123046875	0.1328125	0.17578125
763921366-stool3.snv.bam	0.1279296875	0.087890625	0.125	0.12109375	0.1259765625	0.1259765625	0.1435546875	0.0	0.15234375	0.1484375	0.130859375	0.1259765625	0.134765625	0.12890625	0.1259765625	0.1171875	0.16015625	0.134765625	0.14453125	0.1103515625	0.091796875	0.125	0.140625	0.12109375	0.1328125	0.130859375	0.1044921875	0.1533203125	0.1337890625	0.1044921875	0.1181640625	0.158203125	0.1328125	0.138671875	0.1142578125	0.1181640625	0.123046875	0.1162109375	0.130859375	0.142578125	0.1455078125	0.1484375	0.1337890625	0.130859375	0.126953125	0.1240234375	0.1630859375	0.1220703125	0.1201171875	0.125	0.115234375	0.1416015625	0.142578125	0.1220703125	0.1025390625	0.1396484375	0.119140625	0.130859375	0.1298828125	0.1064453125	0.1298828125	0.115234375	0.111328125	0.140625	0.162109375
764062976-stool1.snv.bam	0.150390625	0.1064453125	0.1416015625	0.1376953125	0.140625	0.1396484375	0.154296875	0.15234375	0.0	0.158203125	0.1435546875	0.16796875	0.1455078125	0.142578125	0.138671875	0.1328125	0.1650390625	0.1376953125	0.158203125	0.119140625	0.1044921875	0.1298828125	0.1533203125	0.1328125	0.12890625	0.13671875	0.1162109375	0.162109375	0.1513671875	0.1220703125	0.1494140625	0.1650390625	0.1630859375	0.1533203125	0.1220703125	0.134765625	0.15234375	0.130859375	0.14453125	0.15234375	0.16015625	0.150390625	0.14453125	0.154296875	0.140625	0.15625	0.1572265625	0.150390625	0.138671875	0.158203125	0.140625	0.15234375	0.1474609375	0.1318359375	0.1181640625	0.1591796875	0.140625	0.142578125	0.1591796875	0.12109375	0.1435546875	0.140625	0.1328125	0.158203125	0.154296875
764649650-stool2.snv.bam	0.125	0.083984375	0.1171875	0.115234375	0.1162109375	0.1162109375	0.1357421875	0.1484375	0.158203125	0.0	0.12890625	0.134765625	0.130859375	0.126953125	0.1103515625	0.1298828125	0.15234375	0.1220703125	0.1357421875	0.0986328125	0.095703125	0.126953125	0.138671875	0.1376953125	0.1318359375	0.1123046875	0.0947265625	0.162109375	0.1298828125	0.126953125	0.1201171875	0.173828125	0.1328125	0.1376953125	0.1220703125	0.140625	0.1240234375	0.09765625	0.134765625	0.1328125	0.166015625	0.1279296875	0.1259765625	0.125	0.1103515625	0.1181640625	0.1650390625	0.12109375	0.1123046875	0.1220703125	0.1328125	0.1572265625	0.16015625	0.1259765625	0.0927734375	0.1572265625	0.1123046875	0.1298828125	0.1240234375	0.115234375	0.134765625	0.109375	0.1123046875	0.1376953125	0.1767578125
BYQ_AAAE.snv.bam	0.1015625	0.0654296875	0.1162109375	0.111328125	0.10546875	0.10546875	0.1259765625	0.130859375	0.1435546875	0.12890625	0.0	0.1220703125	0.0	0.0	0.103515625	0.1240234375	0.130859375	0.123046875	0.1357421875	0.083984375	0.0732421875	0.1220703125	0.1201171875	0.1259765625	0.126953125	0.1123046875	0.0791015625	0.154296875	0.1201171875	0.1064453125	0.107421875	0.1689453125	0.1240234375	0.1162109375	0.1181640625	0.12890625	0.1123046875	0.0888671875	0.099609375	0.109375	0.1533203125	0.12109375	0.1181640625	0.1181640625	0.095703125	0.09375	0.1572265625	0.111328125	0.095703125	0.115234375	0.1318359375	0.138671875	0.1396484375	0.12109375	0.0908203125	0.15234375	0.1083984375	0.1123046875	0.1142578125	0.109375	0.1162109375	0.08984375	0.109375	0.12890625	0.1689453125
BYQ_AAAM.snv.bam	0.134765625	0.09375	0.12109375	0.1201171875	0.12109375	0.12109375	0.1318359375	0.1259765625	0.16796875	0.134765625	0.1220703125	0.0	0.126953125	0.12109375	0.1259765625	0.1337890625	0.1474609375	0.119140625	0.1220703125	0.09765625	0.08203125	0.1328125	0.1259765625	0.13671875	0.1328125	0.1259765625	0.107421875	0.1650390625	0.130859375	0.1162109375	0.1240234375	0.1669921875	0.140625	0.1240234375	0.1279296875	0.1298828125	0.134765625	0.1025390625	0.123046875	0.134765625	0.1611328125	0.134765625	0.12890625	0.142578125	0.1181640625	0.1162109375	0.1591796875	0.1279296875	0.1162109375	0.123046875	0.1376953125	0.1396484375	0.146484375	0.1318359375	0.1005859375	0.1611328125	0.1181640625	0.12890625	0.1318359375	0.1142578125	0.125	0.10546875	0.1240234375	0.1484375	0.16796875
BYQ_AAAP.snv.bam	0.1044921875	0.068359375	0.1171875	0.1123046875	0.1083984375	0.1083984375	0.1298828125	0.134765625	0.1455078125	0.130859375	0.0	0.126953125	0.0	0.0	0.1064453125	0.1279296875	0.134765625	0.125	0.1396484375	0.087890625	0.0771484375	0.125	0.1220703125	0.1279296875	0.1298828125	0.1142578125	0.08203125	0.1572265625	0.1220703125	0.1083984375	0.1103515625	0.1708984375	0.1279296875	0.119140625	0.12109375	0.1318359375	0.1162109375	0.091796875	0.103515625	0.11328125	0.15625	0.1240234375	0.1220703125	0.12109375	0.099609375	0.0966796875	0.16015625	0.1142578125	0.0966796875	0.1181640625	0.134765625	0.140625	0.142578125	0.125	0.09375	0.1552734375	0.109375	0.1162109375	0.1201171875	0.1123046875	0.1201171875	0.0927734375	0.11328125	0.1318359375	0.1708984375
BYQ_AAAY.snv.bam	0.099609375	0.0634765625	0.1142578125	0.109375	0.103515625	0.103515625	0.125	0.12890625	0.142578125	0.126953125	0.0	0.12109375	0.0	0.0	0.1005859375	0.123046875	0.1298828125	0.12109375	0.1337890625	0.0830078125	0.0732421875	0.1201171875	0.119140625	0.1240234375	0.125	0.109375	0.0771484375	0.1533203125	0.1162109375	0.1044921875	0.10546875	0.1650390625	0.12109375	0.115234375	0.1162109375	0.126953125	0.111328125	0.0869140625	0.09765625	0.1083984375	0.1513671875	0.1181640625	0.1171875	0.115234375	0.09375	0.0908203125	0.1552734375	0.109375	0.0927734375	0.1123046875	0.1298828125	0.1376953125	0.1376953125	0.1201171875	0.0888671875	0.1513671875	0.10546875	0.111328125	0.1142578125	0.107421875	0.115234375	0.087890625	0.1083984375	0.12890625	0.1689453125
CCIS00146684ST-4-0.snv.bam	0.09765625	0.064453125	0.107421875	0.10546875	0.1025390625	0.1025390625	0.10546875	0.1259765625	0.138671875	0.1103515625	0.103515625	0.1259765625	0.1064453125	0.1005859375	0.0	0.1123046875	0.1181640625	0.103515625	0.11328125	0.064453125	0.0576171875	0.0869140625	0.1123046875	0.111328125	0.1123046875	0.0830078125	0.0654296875	0.1435546875	0.107421875	0.091796875	0.09765625	0.1494140625	0.115234375	0.109375	0.099609375	0.1201171875	0.10546875	0.0771484375	0.095703125	0.1083984375	0.1376953125	0.109375	0.1123046875	0.1142578125	0.09765625	0.08984375	0.138671875	0.11328125	0.08203125	0.1064453125	0.1142578125	0.1240234375	0.125	0.11328125	0.078125	0.142578125	0.0859375	0.0615234375	0.1064453125	0.1025390625	0.109375	0.0732421875	0.0966796875	0.1220703125	0.1484375
CCIS03857607ST-4-0.snv.bam	0.1181640625	0.08203125	0.1220703125	0.1181640625	0.107421875	0.1064453125	0.1259765625	0.1171875	0.1328125	0.1298828125	0.1240234375	0.1337890625	0.1279296875	0.123046875	0.1123046875	0.0	0.130859375	0.12890625	0.1279296875	0.0888671875	0.078125	0.107421875	0.12109375	0.08984375	0.0927734375	0.11328125	0.0888671875	0.0986328125	0.1162109375	0.0751953125	0.115234375	0.11328125	0.13671875	0.119140625	0.0732421875	0.0859375	0.1142578125	0.0947265625	0.1044921875	0.123046875	0.107421875	0.12890625	0.1162109375	0.126953125	0.1142578125	0.1142578125	0.0986328125	0.1103515625	0.1123046875	0.1162109375	0.080078125	0.09765625	0.1044921875	0.0869140625	0.09375	0.1005859375	0.109375	0.126953125	0.1171875	0.0849609375	0.130859375	0.091796875	0.11328125	0.140625	0.134765625
CCIS07539127ST-4-0.snv.bam	0.13671875	0.09375	0.14453125	0.142578125	0.1259765625	0.1259765625	0.1318359375	0.16015625	0.1650390625	0.15234375	0.130859375	0.1474609375	0.134765625	0.1298828125	0.1181640625	0.130859375	0.0	0.1376953125	0.1396484375	0.1044921875	0.0830078125	0.1318359375	0.138671875	0.138671875	0.1357421875	0.1328125	0.1005859375	0.1728515625	0.1416015625	0.123046875	0.125	0.17578125	0.12890625	0.130859375	0.1328125	0.140625	0.1298828125	0.1201171875	0.109375	0.126953125	0.1748046875	0.15234375	0.138671875	0.14453125	0.1279296875	0.1201171875	0.1611328125	0.12890625	0.1181640625	0.1220703125	0.1396484375	0.150390625	0.1669921875	0.126953125	0.1123046875	0.166015625	0.111328125	0.12890625	0.1298828125	0.1337890625	0.1376953125	0.1064453125	0.12890625	0.1630859375	0.17578125
CCIS21278152ST-4-0.snv.bam	0.1298828125	0.0810546875	0.1181640625	0.115234375	0.11328125	0.1123046875	0.130859375	0.134765625	0.1376953125	0.1220703125	0.123046875	0.119140625	0.125	0.12109375	0.103515625	0.12890625	0.1376953125	0.0	0.1162109375	0.095703125	0.0732421875	0.1025390625	0.1279296875	0.1181640625	0.115234375	0.0986328125	0.0751953125	0.1611328125	0.1123046875	0.1142578125	0.109375	0.1611328125	0.1298828125	0.115234375	0.1123046875	0.1201171875	0.1201171875	0.095703125	0.119140625	0.115234375	0.1484375	0.1396484375	0.1279296875	0.1279296875	0.09765625	0.1162109375	0.1572265625	0.12109375	0.1162109375	0.126953125	0.1201171875	0.140625	0.1494140625	0.12109375	0.0986328125	0.1474609375	0.111328125	0.12109375	0.1357421875	0.1044921875	0.130859375	0.09375	0.109375	0.140625	0.1669921875
CCIS25399172ST-4-0.snv.bam	0.1328125	0.0927734375	0.1181640625	0.1142578125	0.109375	0.109375	0.125	0.14453125	0.158203125	0.1357421875	0.1357421875	0.1220703125	0.1396484375	0.1337890625	0.11328125	0.1279296875	0.1396484375	0.1162109375	0.0	0.0947265625	0.0869140625	0.115234375	0.13671875	0.1259765625	0.1279296875	0.1083984375	0.091796875	0.1552734375	0.1103515625	0.115234375	0.12109375	0.16796875	0.1416015625	0.109375	0.123046875	0.1201171875	0.1318359375	0.1103515625	0.1318359375	0.1337890625	0.1572265625	0.1455078125	0.123046875	0.130859375	0.1220703125	0.115234375	0.1630859375	0.1337890625	0.107421875	0.130859375	0.12890625	0.1396484375	0.1650390625	0.1240234375	0.10546875	0.162109375	0.11328125	0.1220703125	0.1298828125	0.1171875	0.1240234375	0.1025390625	0.123046875	0.1455078125	0.1572265625
CCIS33816588ST-4-0.snv.bam	0.0908203125	0.046875	0.0869140625	0.0849609375	0.0771484375	0.0771484375	0.0888671875	0.1103515625	0.119140625	0.0986328125	0.083984375	0.09765625	0.087890625	0.0830078125	0.064453125	0.0888671875	0.1044921875	0.095703125	0.0947265625	0.0	0.0517578125	0.0751953125	0.0869140625	0.1005859375	0.0927734375	0.07421875	0.0546875	0.1279296875	0.0966796875	0.0849609375	0.0869140625	0.1357421875	0.1005859375	0.0947265625	0.0830078125	0.0986328125	0.099609375	0.06640625	0.0859375	0.095703125	0.1298828125	0.1005859375	0.091796875	0.0712890625	0.0732421875	0.0712890625	0.1201171875	0.09375	0.0712890625	0.076171875	0.099609375	0.111328125	0.111328125	0.0947265625	0.0615234375	0.125	0.08203125	0.083984375	0.091796875	0.0859375	0.095703125	0.0595703125	0.0771484375	0.076171875	0.1318359375
CCIS94417875ST-3-0.snv.bam	0.0693359375	0.03515625	0.078125	0.0751953125	0.07421875	0.0732421875	0.0830078125	0.091796875	0.1044921875	0.095703125	0.0732421875	0.08203125	0.0771484375	0.0732421875	0.0576171875	0.078125	0.0830078125	0.0732421875	0.0869140625	0.0517578125	0.0	0.06640625	0.06640625	0.0830078125	0.080078125	0.0576171875	0.0419921875	0.109375	0.0810546875	0.0751953125	0.060546875	0.1162109375	0.087890625	0.0693359375	0.0673828125	0.0830078125	0.0654296875	0.0625	0.07421875	0.068359375	0.0966796875	0.09375	0.0703125	0.0830078125	0.0595703125	0.0625	0.1064453125	0.06640625	0.06640625	0.0712890625	0.072265625	0.0859375	0.087890625	0.076171875	0.060546875	0.1123046875	0.060546875	0.0703125	0.0810546875	0.072265625	0.0810546875	0.0400390625	0.07421875	0.091796875	0.1064453125
CCIS98832363ST-4-0.snv.bam	0.1171875	0.0712890625	0.111328125	0.1064453125	0.10546875	0.1044921875	0.12109375	0.125	0.1298828125	0.126953125	0.1220703125	0.1328125	0.125	0.1201171875	0.0869140625	0.107421875	0.1318359375	0.1025390625	0.115234375	0.0751953125	0.06640625	0.0	0.1142578125	0.11328125	0.109375	0.1083984375	0.0751953125	0.14453125	0.1171875	0.1025390625	0.1025390625	0.16015625	0.1259765625	0.1181640625	0.1083984375	0.115234375	0.1201171875	0.083984375	0.0986328125	0.1259765625	0.14453125	0.1357421875	0.1181640625	0.1220703125	0.0908203125	0.0986328125	0.1396484375	0.119140625	0.1044921875	0.126953125	0.1103515625	0.1337890625	0.14453125	0.103515625	0.091796875	0.1474609375	0.1015625	0.111328125	0.109375	0.1044921875	0.130859375	0.0771484375	0.0966796875	0.138671875	0.1494140625
CCMD42428553ST-21-0.snv.bam	0.1220703125	0.0771484375	0.123046875	0.1181640625	0.119140625	0.1181640625	0.1259765625	0.140625	0.1533203125	0.138671875	0.1201171875	0.1259765625	0.1220703125	0.119140625	0.1123046875	0.12109375	0.138671875	0.1279296875	0.13671875	0.0869140625	0.06640625	0.1142578125	0.0	0.1318359375	0.1298828125	0.1083984375	0.083984375	0.1533203125	0.1201171875	0.1123046875	0.1181640625	0.1669921875	0.1279296875	0.1220703125	0.12109375	0.130859375	0.1162109375	0.0947265625	0.1142578125	0.1171875	0.154296875	0.14453125	0.126953125	0.1357421875	0.10546875	0.103515625	0.158203125	0.123046875	0.11328125	0.1162109375	0.12890625	0.138671875	0.1455078125	0.1240234375	0.095703125	0.1552734375	0.115234375	0.1259765625	0.130859375	0.1162109375	0.1416015625	0.0888671875	0.1171875	0.140625	0.1689453125
M4.6-V3.metaG.snv.bam	0.12109375	0.0791015625	0.12890625	0.1259765625	0.1123046875	0.111328125	0.1328125	0.12109375	0.1328125	0.1376953125	0.1259765625	0.13671875	0.1279296875	0.1240234375	0.111328125	0.08984375	0.138671875	0.1181640625	0.1259765625	0.1005859375	0.0830078125	0.11328125	0.1318359375	0.0	0.091796875	0.11328125	0.09375	0.1181640625	0.1123046875	0.083984375	0.126953125	0.123046875	0.12890625	0.115234375	0.0751953125	0.09375	0.12890625	0.1044921875	0.107421875	0.125	0.1201171875	0.1357421875	0.119140625	0.125	0.125	0.1142578125	0.115234375	0.1142578125	0.1103515625	0.130859375	0.095703125	0.1025390625	0.1123046875	0.0947265625	0.0986328125	0.11328125	0.109375	0.1318359375	0.119140625	0.0830078125	0.1279296875	0.099609375	0.111328125	0.1376953125	0.12109375
MH0189.snv.bam	0.119140625	0.0859375	0.123046875	0.12109375	0.1044921875	0.103515625	0.1376953125	0.1328125	0.12890625	0.1318359375	0.126953125	0.1328125	0.1298828125	0.125	0.1123046875	0.0927734375	0.1357421875	0.115234375	0.1279296875	0.0927734375	0.080078125	0.109375	0.1298828125	0.091796875	0.0	0.1162109375	0.0908203125	0.1279296875	0.1123046875	0.08203125	0.1171875	0.1298828125	0.125	0.11328125	0.078125	0.09765625	0.1142578125	0.10546875	0.1162109375	0.1220703125	0.1220703125	0.13671875	0.119140625	0.1220703125	0.123046875	0.1083984375	0.1201171875	0.1044921875	0.107421875	0.123046875	0.095703125	0.0908203125	0.1103515625	0.09375	0.0966796875	0.123046875	0.115234375	0.12890625	0.1279296875	0.0830078125	0.1318359375	0.091796875	0.1201171875	0.1328125	0.1396484375
MH0206.snv.bam	0.1162109375	0.068359375	0.103515625	0.099609375	0.1044921875	0.1044921875	0.11328125	0.130859375	0.13671875	0.1123046875	0.1123046875	0.1259765625	0.1142578125	0.109375	0.0830078125	0.11328125	0.1328125	0.0986328125	0.1083984375	0.07421875	0.0576171875	0.1083984375	0.1083984375	0.11328125	0.1162109375	0.0	0.0595703125	0.1474609375	0.087890625	0.1044921875	0.10546875	0.1640625	0.12109375	0.10546875	0.109375	0.12109375	0.1103515625	0.0908203125	0.1064453125	0.1123046875	0.1474609375	0.11328125	0.099609375	0.1083984375	0.091796875	0.0908203125	0.1513671875	0.1181640625	0.10546875	0.103515625	0.119140625	0.13671875	0.138671875	0.1171875	0.076171875	0.1513671875	0.09765625	0.111328125	0.119140625	0.111328125	0.12109375	0.08203125	0.0966796875	0.1259765625	0.162109375
MH0252.snv.bam	0.0869140625	0.0439453125	0.09375	0.08984375	0.083984375	0.083984375	0.09375	0.1044921875	0.1162109375	0.0947265625	0.0791015625	0.107421875	0.08203125	0.0771484375	0.0654296875	0.0888671875	0.1005859375	0.0751953125	0.091796875	0.0546875	0.0419921875	0.0751953125	0.083984375	0.09375	0.0908203125	0.0595703125	0.0	0.1201171875	0.08203125	0.080078125	0.0791015625	0.13671875	0.095703125	0.095703125	0.0849609375	0.103515625	0.08203125	0.048828125	0.0869140625	0.09375	0.12109375	0.091796875	0.0849609375	0.0908203125	0.0693359375	0.0771484375	0.126953125	0.0908203125	0.0791015625	0.0830078125	0.091796875	0.1142578125	0.1201171875	0.0947265625	0.0615234375	0.1240234375	0.076171875	0.0849609375	0.0859375	0.0859375	0.099609375	0.046875	0.072265625	0.107421875	0.1376953125
MH0257.snv.bam	0.1484375	0.109375	0.1533203125	0.1484375	0.1474609375	0.146484375	0.16015625	0.1533203125	0.162109375	0.162109375	0.154296875	0.1650390625	0.1572265625	0.1533203125	0.1435546875	0.0986328125	0.1728515625	0.1611328125	0.1552734375	0.1279296875	0.109375	0.14453125	0.1533203125	0.1181640625	0.1279296875	0.1474609375	0.1201171875	0.0	0.1474609375	0.1015625	0.1494140625	0.1474609375	0.1640625	0.142578125	0.109375	0.10546875	0.150390625	0.1357421875	0.140625	0.150390625	0.13671875	0.1708984375	0.1474609375	0.162109375	0.1494140625	0.1416015625	0.1328125	0.14453125	0.1455078125	0.154296875	0.1201171875	0.126953125	0.13671875	0.109375	0.134765625	0.1357421875	0.1416015625	0.16015625	0.150390625	0.1123046875	0.154296875	0.1328125	0.146484375	0.173828125	0.162109375
MH0280.snv.bam	0.130859375	0.0927734375	0.1181640625	0.115234375	0.1123046875	0.1123046875	0.119140625	0.1337890625	0.1513671875	0.1298828125	0.1201171875	0.130859375	0.1220703125	0.1162109375	0.107421875	0.1162109375	0.1416015625	0.1123046875	0.1103515625	0.0966796875	0.0810546875	0.1171875	0.1201171875	0.1123046875	0.1123046875	0.087890625	0.08203125	0.1474609375	0.0	0.1142578125	0.107421875	0.1591796875	0.1171875	0.1201171875	0.11328125	0.1259765625	0.119140625	0.10546875	0.111328125	0.111328125	0.1455078125	0.1318359375	0.12109375	0.123046875	0.1171875	0.1103515625	0.15625	0.125	0.1171875	0.1220703125	0.12109375	0.1279296875	0.1484375	0.1142578125	0.103515625	0.1494140625	0.103515625	0.1201171875	0.1162109375	0.111328125	0.123046875	0.0908203125	0.0966796875	0.1376953125	0.16015625
MH0308.snv.bam	0.1142578125	0.072265625	0.11328125	0.1083984375	0.0986328125	0.09765625	0.11328125	0.1044921875	0.1220703125	0.126953125	0.1064453125	0.1162109375	0.1083984375	0.1044921875	0.091796875	0.0751953125	0.123046875	0.1142578125	0.115234375	0.0849609375	0.0751953125	0.1025390625	0.1123046875	0.083984375	0.08203125	0.1044921875	0.080078125	0.1015625	0.1142578125	0.0	0.1083984375	0.1044921875	0.115234375	0.111328125	0.0712890625	0.0888671875	0.11328125	0.0888671875	0.09765625	0.1083984375	0.107421875	0.1220703125	0.107421875	0.1171875	0.107421875	0.099609375	0.099609375	0.095703125	0.1015625	0.1083984375	0.0830078125	0.0888671875	0.103515625	0.0869140625	0.087890625	0.0966796875	0.1015625	0.1083984375	0.109375	0.0693359375	0.1181640625	0.0869140625	0.1083984375	0.1279296875	0.1259765625
MH0328.snv.bam	0.1064453125	0.068359375	0.103515625	0.099609375	0.1015625	0.1015625	0.1220703125	0.1181640625	0.1494140625	0.1201171875	0.107421875	0.1240234375	0.1103515625	0.10546875	0.09765625	0.115234375	0.125	0.109375	0.12109375	0.0869140625	0.060546875	0.1025390625	0.1181640625	0.126953125	0.1171875	0.10546875	0.0791015625	0.1494140625	0.107421875	0.1083984375	0.0	0.1669921875	0.1162109375	0.11328125	0.115234375	0.123046875	0.103515625	0.0986328125	0.10546875	0.1201171875	0.1474609375	0.12890625	0.1123046875	0.1201171875	0.1025390625	0.0986328125	0.15625	0.099609375	0.0986328125	0.09375	0.125	0.130859375	0.1396484375	0.1181640625	0.1005859375	0.1455078125	0.0888671875	0.1142578125	0.115234375	0.1083984375	0.1220703125	0.087890625	0.1025390625	0.13671875	0.1591796875
MH0329.snv.bam	0.1650390625	0.119140625	0.166015625	0.1630859375	0.15625	0.1552734375	0.1591796875	0.158203125	0.1650390625	0.173828125	0.1689453125	0.1669921875	0.1708984375	0.1650390625	0.1494140625	0.11328125	0.17578125	0.1611328125	0.16796875	0.1357421875	0.1162109375	0.16015625	0.1669921875	0.123046875	0.1298828125	0.1640625	0.13671875	0.1474609375	0.1591796875	0.1044921875	0.1669921875	0.0	0.169921875	0.1591796875	0.1025390625	0.1220703125	0.1572265625	0.1376953125	0.1611328125	0.16796875	0.1396484375	0.171875	0.1611328125	0.16796875	0.16796875	0.1552734375	0.14453125	0.1474609375	0.1572265625	0.171875	0.125	0.140625	0.1455078125	0.1240234375	0.13671875	0.1328125	0.1416015625	0.1689453125	0.1748046875	0.1201171875	0.169921875	0.1396484375	0.1552734375	0.1787109375	0.171875
MH0336.snv.bam	0.1328125	0.0888671875	0.1337890625	0.1298828125	0.1298828125	0.1298828125	0.1357421875	0.1328125	0.1630859375	0.1328125	0.1240234375	0.140625	0.1279296875	0.12109375	0.115234375	0.13671875	0.12890625	0.1298828125	0.1416015625	0.1005859375	0.087890625	0.1259765625	0.1279296875	0.12890625	0.125	0.12109375	0.095703125	0.1640625	0.1171875	0.115234375	0.1162109375	0.169921875	0.0	0.12890625	0.1201171875	0.130859375	0.1083984375	0.107421875	0.12109375	0.1318359375	0.154296875	0.142578125	0.1220703125	0.1279296875	0.11328125	0.1015625	0.1552734375	0.123046875	0.1123046875	0.111328125	0.1279296875	0.1357421875	0.15625	0.1318359375	0.109375	0.158203125	0.1103515625	0.1318359375	0.1201171875	0.1181640625	0.1181640625	0.1005859375	0.119140625	0.1494140625	0.1669921875
MH0343.snv.bam	0.1083984375	0.0751953125	0.1240234375	0.1220703125	0.1240234375	0.123046875	0.1279296875	0.138671875	0.1533203125	0.1376953125	0.1162109375	0.1240234375	0.119140625	0.115234375	0.109375	0.119140625	0.130859375	0.115234375	0.109375	0.0947265625	0.0693359375	0.1181640625	0.1220703125	0.115234375	0.11328125	0.10546875	0.095703125	0.142578125	0.1201171875	0.111328125	0.11328125	0.1591796875	0.12890625	0.0	0.1240234375	0.1259765625	0.111328125	0.1064453125	0.1142578125	0.12890625	0.1494140625	0.1376953125	0.126953125	0.125	0.1181640625	0.1064453125	0.1484375	0.125	0.0986328125	0.12109375	0.125	0.125	0.1474609375	0.1142578125	0.107421875	0.15234375	0.11328125	0.1298828125	0.11328125	0.111328125	0.123046875	0.0908203125	0.125	0.134765625	0.1640625
MH0357.snv.bam	0.111328125	0.0654296875	0.1142578125	0.109375	0.1025390625	0.1015625	0.1201171875	0.1142578125	0.1220703125	0.1220703125	0.1181640625	0.1279296875	0.12109375	0.1162109375	0.099609375	0.0732421875	0.1328125	0.1123046875	0.123046875	0.0830078125	0.0673828125	0.1083984375	0.12109375	0.0751953125	0.078125	0.109375	0.0849609375	0.109375	0.11328125	0.0712890625	0.115234375	0.1025390625	0.1201171875	0.1240234375	0.0	0.080078125	0.107421875	0.0966796875	0.10546875	0.123046875	0.10546875	0.125	0.1162109375	0.1162109375	0.1142578125	0.09375	0.103515625	0.1015625	0.099609375	0.11328125	0.0908203125	0.095703125	0.1015625	0.08203125	0.08984375	0.10546875	0.1005859375	0.123046875	0.115234375	0.0732421875	0.119140625	0.0869140625	0.1103515625	0.126953125	0.125
MH0361.snv.bam	0.123046875	0.0849609375	0.1220703125	0.119140625	0.1103515625	0.109375	0.134765625	0.1181640625	0.134765625	0.140625	0.12890625	0.1298828125	0.1318359375	0.126953125	0.1201171875	0.0859375	0.140625	0.1201171875	0.1201171875	0.0986328125	0.0830078125	0.115234375	0.130859375	0.09375	0.09765625	0.12109375	0.103515625	0.10546875	0.1259765625	0.0888671875	0.123046875	0.1220703125	0.130859375	0.1259765625	0.080078125	0.0	0.12109375	0.10546875	0.1162109375	0.1318359375	0.115234375	0.142578125	0.1240234375	0.1298828125	0.1259765625	0.115234375	0.1181640625	0.1171875	0.115234375	0.1337890625	0.0908203125	0.10546875	0.1103515625	0.09765625	0.1025390625	0.1103515625	0.115234375	0.1279296875	0.126953125	0.0849609375	0.1298828125	0.107421875	0.1181640625	0.1416015625	0.1396484375
MH0362.snv.bam	0.12109375	0.0771484375	0.1181640625	0.1123046875	0.1083984375	0.107421875	0.107421875	0.123046875	0.15234375	0.1240234375	0.1123046875	0.134765625	0.1162109375	0.111328125	0.10546875	0.1142578125	0.1298828125	0.1201171875	0.1318359375	0.099609375	0.0654296875	0.1201171875	0.1162109375	0.12890625	0.1142578125	0.1103515625	0.08203125	0.150390625	0.119140625	0.11328125	0.103515625	0.1572265625	0.1083984375	0.111328125	0.107421875	0.12109375	0.0	0.0888671875	0.1083984375	0.1201171875	0.142578125	0.13671875	0.119140625	0.119140625	0.1083984375	0.091796875	0.1572265625	0.1064453125	0.10546875	0.099609375	0.1201171875	0.1328125	0.1416015625	0.109375	0.091796875	0.1416015625	0.1064453125	0.1123046875	0.119140625	0.107421875	0.1181640625	0.083984375	0.1142578125	0.1376953125	0.1669921875
MH0373.snv.bam	0.0986328125	0.0556640625	0.0986328125	0.0966796875	0.0927734375	0.091796875	0.10546875	0.1162109375	0.130859375	0.09765625	0.0888671875	0.1025390625	0.091796875	0.0869140625	0.0771484375	0.0947265625	0.1201171875	0.095703125	0.1103515625	0.06640625	0.0625	0.083984375	0.0947265625	0.1044921875	0.10546875	0.0908203125	0.048828125	0.1357421875	0.10546875	0.0888671875	0.0986328125	0.1376953125	0.107421875	0.1064453125	0.0966796875	0.10546875	0.0888671875	0.0	0.091796875	0.0927734375	0.1416015625	0.1015625	0.0966796875	0.1044921875	0.091796875	0.078125	0.12890625	0.107421875	0.0869140625	0.09375	0.103515625	0.1181640625	0.12890625	0.1015625	0.0703125	0.12890625	0.0908203125	0.09375	0.10546875	0.0966796875	0.109375	0.0625	0.0966796875	0.1103515625	0.1484375
MH0376.snv.bam	0.1123046875	0.076171875	0.1142578125	0.107421875	0.1005859375	0.1005859375	0.1171875	0.130859375	0.14453125	0.134765625	0.099609375	0.123046875	0.103515625	0.09765625	0.095703125	0.1044921875	0.109375	0.119140625	0.1318359375	0.0859375	0.07421875	0.0986328125	0.1142578125	0.107421875	0.1162109375	0.1064453125	0.0869140625	0.140625	0.111328125	0.09765625	0.10546875	0.1611328125	0.12109375	0.1142578125	0.10546875	0.1162109375	0.1083984375	0.091796875	0.0	0.10546875	0.142578125	0.1328125	0.1123046875	0.11328125	0.1044921875	0.09765625	0.1474609375	0.115234375	0.09765625	0.1083984375	0.123046875	0.1328125	0.140625	0.11328125	0.0947265625	0.1435546875	0.099609375	0.1123046875	0.1103515625	0.1015625	0.130859375	0.08203125	0.109375	0.140625	0.158203125
MH0395.snv.bam	0.119140625	0.0849609375	0.1259765625	0.1240234375	0.1181640625	0.1181640625	0.1416015625	0.142578125	0.15234375	0.1328125	0.109375	0.134765625	0.11328125	0.1083984375	0.1083984375	0.123046875	0.126953125	0.115234375	0.1337890625	0.095703125	0.068359375	0.1259765625	0.1171875	0.125	0.1220703125	0.1123046875	0.09375	0.150390625	0.111328125	0.1083984375	0.1201171875	0.16796875	0.1318359375	0.12890625	0.123046875	0.1318359375	0.1201171875	0.0927734375	0.10546875	0.0	0.1484375	0.140625	0.1142578125	0.1279296875	0.09765625	0.1064453125	0.154296875	0.115234375	0.1162109375	0.1171875	0.1220703125	0.1328125	0.138671875	0.1220703125	0.1005859375	0.1552734375	0.107421875	0.1181640625	0.1240234375	0.1142578125	0.1328125	0.1064453125	0.12109375	0.1416015625	0.162109375
MH0417.snv.bam	0.1572265625	0.1162109375	0.146484375	0.1416015625	0.1474609375	0.1455078125	0.1572265625	0.1455078125	0.16015625	0.166015625	0.1533203125	0.1611328125	0.15625	0.1513671875	0.1376953125	0.107421875	0.1748046875	0.1484375	0.1572265625	0.1298828125	0.0966796875	0.14453125	0.154296875	0.1201171875	0.1220703125	0.1474609375	0.12109375	0.13671875	0.1455078125	0.107421875	0.1474609375	0.1396484375	0.154296875	0.1494140625	0.10546875	0.115234375	0.142578125	0.1416015625	0.142578125	0.1484375	0.0	0.1640625	0.1474609375	0.150390625	0.1455078125	0.14453125	0.1484375	0.1435546875	0.1455078125	0.150390625	0.1162109375	0.126953125	0.1328125	0.1162109375	0.1337890625	0.138671875	0.130859375	0.1630859375	0.1533203125	0.1083984375	0.1572265625	0.12890625	0.142578125	0.169921875	0.162109375
MH0422.snv.bam	0.1328125	0.091796875	0.140625	0.1337890625	0.1220703125	0.1220703125	0.146484375	0.1484375	0.150390625	0.1279296875	0.12109375	0.134765625	0.1240234375	0.1181640625	0.109375	0.12890625	0.15234375	0.1396484375	0.1455078125	0.1005859375	0.09375	0.1357421875	0.14453125	0.1357421875	0.13671875	0.11328125	0.091796875	0.1708984375	0.1318359375	0.1220703125	0.12890625	0.171875	0.142578125	0.1376953125	0.125	0.142578125	0.13671875	0.1015625	0.1328125	0.140625	0.1640625	0.0	0.138671875	0.134765625	0.1259765625	0.134765625	0.162109375	0.1337890625	0.1005859375	0.119140625	0.1435546875	0.1494140625	0.154296875	0.1328125	0.0888671875	0.1611328125	0.1162109375	0.1337890625	0.134765625	0.115234375	0.146484375	0.1064453125	0.12109375	0.1474609375	0.1796875
MH0426.snv.bam	0.1142578125	0.08203125	0.1171875	0.1123046875	0.1162109375	0.1162109375	0.1279296875	0.1337890625	0.14453125	0.1259765625	0.1181640625	0.12890625	0.1220703125	0.1171875	0.1123046875	0.1162109375	0.138671875	0.1279296875	0.123046875	0.091796875	0.0703125	0.1181640625	0.126953125	0.119140625	0.119140625	0.099609375	0.0849609375	0.1474609375	0.12109375	0.107421875	0.1123046875	0.1611328125	0.1220703125	0.126953125	0.1162109375	0.1240234375	0.119140625	0.0966796875	0.1123046875	0.1142578125	0.1474609375	0.138671875	0.0	0.1171875	0.1103515625	0.1044921875	0.1533203125	0.11328125	0.1025390625	0.11328125	0.1318359375	0.1328125	0.142578125	0.1259765625	0.0966796875	0.1533203125	0.10546875	0.12109375	0.138671875	0.123046875	0.125	0.095703125	0.1025390625	0.130859375	0.1533203125
MH0428.snv.bam	0.1171875	0.08203125	0.1083984375	0.1044921875	0.11328125	0.11328125	0.109375	0.130859375	0.154296875	0.125	0.1181640625	0.142578125	0.12109375	0.115234375	0.1142578125	0.126953125	0.14453125	0.1279296875	0.130859375	0.0712890625	0.0830078125	0.1220703125	0.1357421875	0.125	0.1220703125	0.1083984375	0.0908203125	0.162109375	0.123046875	0.1171875	0.1201171875	0.16796875	0.1279296875	0.125	0.1162109375	0.1298828125	0.119140625	0.1044921875	0.11328125	0.1279296875	0.150390625	0.134765625	0.1171875	0.0	0.1103515625	0.1181640625	0.1591796875	0.1142578125	0.103515625	0.1025390625	0.1396484375	0.1435546875	0.14453125	0.130859375	0.0908203125	0.162109375	0.109375	0.1201171875	0.1220703125	0.119140625	0.1201171875	0.1044921875	0.103515625	0.0478515625	0.1640625
MH0440.snv.bam	0.109375	0.0712890625	0.1064453125	0.1015625	0.0986328125	0.0986328125	0.119140625	0.126953125	0.140625	0.1103515625	0.095703125	0.1181640625	0.099609375	0.09375	0.09765625	0.1142578125	0.1279296875	0.09765625	0.1220703125	0.0732421875	0.0595703125	0.0908203125	0.10546875	0.125	0.123046875	0.091796875	0.0693359375	0.1494140625	0.1171875	0.107421875	0.1025390625	0.16796875	0.11328125	0.1181640625	0.1142578125	0.1259765625	0.1083984375	0.091796875	0.1044921875	0.09765625	0.1455078125	0.1259765625	0.1103515625	0.1103515625	0.0	0.1005859375	0.1494140625	0.1005859375	0.0947265625	0.109375	0.1171875	0.1259765625	0.1357421875	0.1103515625	0.080078125	0.1494140625	0.0947265625	0.1123046875	0.1025390625	0.1025390625	0.10546875	0.08203125	0.1083984375	0.1220703125	0.15625
MH0448.snv.bam	0.1064453125	0.0654296875	0.1171875	0.1123046875	0.107421875	0.107421875	0.125	0.1240234375	0.15625	0.1181640625	0.09375	0.1162109375	0.0966796875	0.0908203125	0.08984375	0.1142578125	0.1201171875	0.1162109375	0.115234375	0.0712890625	0.0625	0.0986328125	0.103515625	0.1142578125	0.1083984375	0.0908203125	0.0771484375	0.1416015625	0.1103515625	0.099609375	0.0986328125	0.1552734375	0.1015625	0.1064453125	0.09375	0.115234375	0.091796875	0.078125	0.09765625	0.1064453125	0.14453125	0.134765625	0.1044921875	0.1181640625	0.1005859375	0.0	0.1484375	0.111328125	0.0859375	0.0966796875	0.1044921875	0.126953125	0.130859375	0.111328125	0.0849609375	0.1455078125	0.1025390625	0.1083984375	0.1142578125	0.10546875	0.109375	0.0791015625	0.09375	0.130859375	0.1572265625
MMRS21365932ST-27-0-0.snv.bam	0.1513671875	0.109375	0.1494140625	0.1474609375	0.1376953125	0.13671875	0.1611328125	0.1630859375	0.1572265625	0.1650390625	0.1572265625	0.1591796875	0.16015625	0.1552734375	0.138671875	0.0986328125	0.1611328125	0.1572265625	0.1630859375	0.1201171875	0.1064453125	0.1396484375	0.158203125	0.115234375	0.1201171875	0.1513671875	0.126953125	0.1328125	0.15625	0.099609375	0.15625	0.14453125	0.1552734375	0.1484375	0.103515625	0.1181640625	0.1572265625	0.12890625	0.1474609375	0.154296875	0.1484375	0.162109375	0.1533203125	0.1591796875	0.1494140625	0.1484375	0.0	0.142578125	0.1474609375	0.154296875	0.1298828125	0.125	0.1376953125	0.123046875	0.1328125	0.1416015625	0.1357421875	0.1513671875	0.150390625	0.103515625	0.154296875	0.1318359375	0.1455078125	0.1689453125	0.162109375
MMRS34569532ST-27-0-0.snv.bam	0.11328125	0.076171875	0.115234375	0.1123046875	0.095703125	0.095703125	0.134765625	0.1220703125	0.150390625	0.12109375	0.111328125	0.1279296875	0.1142578125	0.109375	0.11328125	0.1103515625	0.12890625	0.12109375	0.1337890625	0.09375	0.06640625	0.119140625	0.123046875	0.1142578125	0.1044921875	0.1181640625	0.0908203125	0.14453125	0.125	0.095703125	0.099609375	0.1474609375	0.123046875	0.125	0.1015625	0.1171875	0.1064453125	0.107421875	0.115234375	0.115234375	0.1435546875	0.1337890625	0.11328125	0.1142578125	0.1005859375	0.111328125	0.142578125	0.0	0.1044921875	0.1005859375	0.119140625	0.123046875	0.13671875	0.109375	0.0908203125	0.142578125	0.09765625	0.126953125	0.1298828125	0.1025390625	0.125	0.09375	0.1142578125	0.1337890625	0.1552734375
