	158499257-stool1.snv.bam	823052294-stool1.snv.bam	CCIS07277498ST-4-0.snv.bam	CCIS16383318ST-4-0.snv.bam	CCIS29688262ST-20-0.snv.bam	CCIS77252613ST-4-0.snv.bam	CCIS88317640ST-4-0.snv.bam	CCMD14479708ST-21-0.snv.bam	CCMD48236717ST-21-0.snv.bam	M4.1-V3.metaG.snv.bam	M4.1-V3.metaT.snv.bam	M4.2-V2.metaG.snv.bam	M4.2-V3.metaT.snv.bam	M4.3-V1.metaG.snv.bam	M4.4-V1.metaG.snv.bam	M4.5-V3.metaT.snv.bam	M4.6-V2.metaT.snv.bam	MH0220.snv.bam	MH0245.snv.bam	MH0246.snv.bam	MH0318.snv.bam	MH0330.snv.bam	MH0348.snv.bam	MH0450.snv.bam	MMRS64281551ST-27-0-0.snv.bam	NG-5636_395.snv.bam	NG-5636_457.snv.bam	NG-5636_479.snv.bam	NG-5636_59.snv.bam	O2.UC12-1.snv.bam	O2.UC17-1.snv.bam	O2.UC24-1.snv.bam	O2.UC50-0.snv.bam	O2.UC50-2.snv.bam	O2.UC53-0.snv.bam	SAMEA3136637.snv.bam	SAMEA3136673.snv.bam	SAMEA3136696.snv.bam	SAMEA3136698.snv.bam	SAMEA3136708.snv.bam	SAMEA3136747.snv.bam	SAMEA3136750.snv.bam	SAMEA3136759.snv.bam	V1.CD44-0.snv.bam	V1.CD6-0-PN.snv.bam	V1.CD6-0-PT.snv.bam	V1.FI12.snv.bam	V1.FI20.snv.bam	V1.FI30.snv.bam	V1.UC11-5.snv.bam	V1.UC35-4.snv.bam	V1.UC41-0.snv.bam	V1.UC53-0.snv.bam	V1.UC58-0.snv.bam
158499257-stool1.snv.bam	0.0	0.0253179096886	0.193474644612	0.225989108078	0.0491306676735	0.239946088431	0.261314698197	0.177870502028	0.185973474058	0.191349090632	0.192009758688	0.191078030815	0.183022545312	0.191129700892	0.18420656165	0.191833375522	0.188478224721	0.171490907265	0.171125202362	0.029041442299	0.188553552863	0.179971112138	0.0523666614617	0.234042522242	0.194640675211	0.168582138834	0.0422671943874	0.182330460702	0.187672688666	0.218187703592	0.231454131103	0.266717859991	0.215665524003	0.212626397824	0.214153304899	0.029967655518	0.183091290562	0.216812408188	0.198394790646	0.193231739268	0.195024956047	0.199165056162	0.210345214697	0.227771605208	0.252947550605	0.258423394016	0.205388566195	0.179087976897	0.187220348584	0.0304223153757	0.0247283586375	0.199872435092	0.190032245525	0.19603144764
823052294-stool1.snv.bam	0.0253179096886	0.0	0.180302011259	0.211870523428	0.0535174703559	0.227984382753	0.255189146045	0.167372308984	0.172636307032	0.181548402711	0.182167919799	0.18127308541	0.175524927421	0.181239263064	0.174032252984	0.181722680721	0.17889495555	0.159682632922	0.160995301304	0.0310718899996	0.175215100157	0.168349613296	0.051136430469	0.225206297279	0.183746652008	0.158180834777	0.0358451340365	0.17266727027	0.178038425812	0.20461877647	0.216330371184	0.251856691117	0.204725244468	0.201553035465	0.203189190036	0.0337799402183	0.172941767729	0.198721584965	0.189367528534	0.18067831285	0.185138237355	0.186159427288	0.197439518393	0.217342225244	0.239824249223	0.242471056245	0.190038018645	0.169092175884	0.178581491924	0.0220793913024	0.0335716712715	0.187412133819	0.176745149201	0.183656038593
CCIS07277498ST-4-0.snv.bam	0.193474644612	0.180302011259	0.0	0.203171162957	0.196986577806	0.223779486897	0.222649847593	0.0626077113966	0.0949937252218	0.0848327438845	0.0851243226049	0.0845607493786	0.0832585030703	0.085425492382	0.081758371652	0.0855807128623	0.0870815389406	0.0812518977202	0.0723545663945	0.1863172226	0.0910391363273	0.0717316264984	0.185492806222	0.220461247537	0.134789281609	0.116415747995	0.183678500986	0.100196728559	0.0845701506323	0.180748592725	0.209536741123	0.265288417154	0.175024680587	0.171660832519	0.176934624189	0.193491467882	0.0780232454973	0.181330422633	0.110238192831	0.0589749204184	0.11842762221	0.0980072541717	0.201818678302	0.201523275816	0.210251623104	0.239361596497	0.133186724063	0.107191097653	0.0877290206395	0.186656580135	0.192148525367	0.093481406352	0.0872994663313	0.166816516817
CCIS16383318ST-4-0.snv.bam	0.225989108078	0.211870523428	0.203171162957	0.0	0.231990623339	0.153466124533	0.211221629422	0.205672504225	0.21244842847	0.218207548459	0.218649088916	0.217935553953	0.217456978011	0.219468584482	0.213063855876	0.217090063644	0.21061288126	0.202982070199	0.204488826219	0.218979461028	0.206725390372	0.210820594502	0.229940682875	0.231518095842	0.236984739824	0.209875913749	0.221200965822	0.21152238475	0.199402350532	0.155323956305	0.18224356808	0.15603885521	0.169805213161	0.168448195106	0.169089107995	0.223914551307	0.210934055459	0.162920586243	0.226386767987	0.20197382181	0.222606159733	0.213230761608	0.151543457422	0.191264334129	0.128529557604	0.184385196161	0.178950462989	0.187046776668	0.202869896752	0.217184103746	0.22752048513	0.221511484812	0.218518907437	0.151128929468
CCIS29688262ST-20-0.snv.bam	0.0491306676735	0.0535174703559	0.196986577806	0.231990623339	0.0	0.241157792063	0.256947996127	0.177900907737	0.192883013399	0.194783278218	0.195454719196	0.194512218401	0.186688924061	0.194586715284	0.18775920508	0.195361856692	0.191452197414	0.171717456711	0.178299439428	0.0363686280894	0.195767349652	0.176582486245	0.0508967170855	0.241274889502	0.201988078849	0.165371044237	0.0390971804065	0.179208647343	0.194748871699	0.227569260525	0.241873074963	0.273728502713	0.226114780066	0.223144418588	0.224611039892	0.0337113545177	0.179768711016	0.218822783077	0.205688045842	0.196618869579	0.191822137303	0.202718587301	0.210508267124	0.22381896334	0.260237098558	0.259777139777	0.212814228211	0.19296605491	0.187277106896	0.0480917298912	0.045766155411	0.206777919292	0.197086656331	0.203255564459
CCIS77252613ST-4-0.snv.bam	0.239946088431	0.227984382753	0.223779486897	0.153466124533	0.241157792063	0.0	0.233518056786	0.208447153173	0.228493861394	0.228847878707	0.228789325257	0.228572080082	0.228046042698	0.230718965233	0.227236222253	0.230198266547	0.222380900299	0.220890487565	0.219021705465	0.224688119663	0.229817095088	0.216707038255	0.224240102064	0.23643051652	0.249470718546	0.210447241892	0.227483965069	0.217654868754	0.212962424111	0.212393964357	0.230751247442	0.152550097687	0.213756793375	0.210569636751	0.212194247245	0.237572332622	0.219076812045	0.150346559948	0.240574667137	0.234481401427	0.221468615841	0.206197190109	0.196142407847	0.199697201291	0.131456852664	0.157313759637	0.211022614442	0.219173525199	0.221849747201	0.234116560657	0.242192973484	0.243925039897	0.229137099975	0.193096173159
CCIS88317640ST-4-0.snv.bam	0.261314698197	0.255189146045	0.222649847593	0.211221629422	0.256947996127	0.233518056786	0.0	0.220276008465	0.23409200541	0.233421624055	0.234448027908	0.233437065742	0.225362203628	0.233859458764	0.231049877477	0.233662427179	0.226653498954	0.221701330775	0.214105049719	0.240608228338	0.237506298151	0.225493035337	0.249029759031	0.192015228992	0.229029741976	0.231865983409	0.246090020759	0.235669182902	0.219445241121	0.247883590935	0.266352936889	0.243602156469	0.248164759262	0.244795244427	0.24823177719	0.251552947809	0.229560554014	0.204988902618	0.238296381081	0.22300431622	0.225920941909	0.241987250482	0.249010478852	0.221972790332	0.23528862784	0.232324450728	0.255312748934	0.2217255756	0.216857337266	0.253987966072	0.260687561499	0.240065927221	0.222591597537	0.239906091852
CCMD14479708ST-21-0.snv.bam	0.177870502028	0.167372308984	0.0626077113966	0.205672504225	0.177900907737	0.208447153173	0.220276008465	0.0	0.0994199547693	0.0907283576545	0.0908724015922	0.0904481501706	0.0894942387875	0.0895998781831	0.0822464269071	0.0916943752938	0.089289646528	0.0915926133227	0.0761375134954	0.168150191014	0.0781100375454	0.0666105945421	0.169065061922	0.217900568048	0.157288396365	0.115000594481	0.165659777424	0.104780064779	0.088898288579	0.178588184644	0.217380467983	0.253032483881	0.176482810208	0.173096406633	0.178512097483	0.174041609462	0.0607703330887	0.160373910636	0.10939676417	0.0891996634815	0.0916577710827	0.0920819405027	0.191659664761	0.196128613083	0.195588031121	0.231221632595	0.141081693192	0.0836333172367	0.0646469041638	0.170617576136	0.172867952885	0.0892326598331	0.0845927259272	0.164350912779
CCMD48236717ST-21-0.snv.bam	0.185973474058	0.172636307032	0.0949937252218	0.21244842847	0.192883013399	0.228493861394	0.23409200541	0.0994199547693	0.0	0.0707408023254	0.0709583586243	0.0705345807372	0.0700987928221	0.0712093823571	0.0708125037317	0.0728094257607	0.0729626343054	0.123749888247	0.061631383005	0.178549182133	0.0667871572354	0.115825218412	0.17593027505	0.22500663064	0.171517763106	0.116042681659	0.176014386872	0.13072552932	0.086027352434	0.206966657388	0.227779261826	0.260249215221	0.210548111639	0.205506645852	0.212365262332	0.185819892473	0.0708027437894	0.178294176959	0.0867827576363	0.117199064373	0.120091830115	0.106202881663	0.209467283223	0.20687840932	0.231397186833	0.247344577056	0.181375692408	0.113640879965	0.130064781243	0.180755093723	0.187982764073	0.103496961417	0.0850795407451	0.184752449665
M4.1-V3.metaG.snv.bam	0.191349090632	0.181548402711	0.0848327438845	0.218207548459	0.194783278218	0.228847878707	0.233421624055	0.0907283576545	0.0707408023254	0.0	0.000330778010079	0.000271059816868	0.000823894877668	0.00187752744079	0.00189999439116	0.00187949617428	0.0143721466263	0.112712060133	0.061816505964	0.181970635674	0.0981803316159	0.0911478308888	0.177888913678	0.230594096152	0.151977063738	0.124970357925	0.177942315137	0.11544482627	0.0689172177985	0.202653236636	0.236524413137	0.26531233852	0.192191154975	0.184862923257	0.193694826045	0.187741126543	0.0692624521073	0.178258925072	0.120206489676	0.0916028661739	0.0889924679919	0.121849435141	0.206488519156	0.2029256553	0.223270477391	0.248056831894	0.174656565657	0.11884127657	0.117798999792	0.182672998098	0.186442472391	0.115666757466	0.10061017326	0.186670774286
M4.1-V3.metaT.snv.bam	0.192009758688	0.182167919799	0.0851243226049	0.218649088916	0.195454719196	0.228789325257	0.234448027908	0.0908724015922	0.0709583586243	0.000330778010079	0.0	0.000123487916192	0.000669877184085	0.0018389469609	0.00186077983591	0.00193384963184	0.0141149472711	0.113366028102	0.0600607102398	0.182894497564	0.0984575625295	0.0913881069669	0.178497714875	0.231498728739	0.152742742938	0.125292661275	0.178541801088	0.115712207981	0.0689435693306	0.203373719754	0.237401263412	0.263803737864	0.192858491192	0.185499885191	0.194342470749	0.188389822724	0.0693818601964	0.178437919904	0.120902790785	0.0901989756698	0.0891243857124	0.120604687292	0.207240619489	0.202949515525	0.223587157612	0.246711735826	0.1752643339	0.11912625647	0.118088582138	0.18329407567	0.187079919444	0.116117090735	0.101089371735	0.187355703385
M4.2-V2.metaG.snv.bam	0.191078030815	0.18127308541	0.0845607493786	0.217935553953	0.194512218401	0.228572080082	0.233437065742	0.0904481501706	0.0705345807372	0.000271059816868	0.000123487916192	0.0	0.000604478123809	0.00186208575404	0.00185091704526	0.00186369856213	0.0141001521204	0.112825755739	0.0616081362342	0.181986349701	0.0980682178615	0.0908676234049	0.177609698079	0.230310360876	0.151992805528	0.1246945593	0.177667477483	0.115173766453	0.0687106412677	0.202381710279	0.236251948865	0.265010700253	0.191919160469	0.184587605956	0.193422831539	0.187467243187	0.0690555194101	0.17811689553	0.120387376858	0.0913313398169	0.0887181083164	0.121578375324	0.206212720531	0.202596309135	0.222991755106	0.248075510832	0.174369735087	0.118570216753	0.117518293718	0.182399589409	0.186170477885	0.11539569765	0.100625508635	0.186379172043
M4.2-V3.metaT.snv.bam	0.183022545312	0.175524927421	0.0832585030703	0.217456978011	0.186688924061	0.228046042698	0.225362203628	0.0894942387875	0.0700987928221	0.000823894877668	0.000669877184085	0.000604478123809	0.0	0.00242026127158	0.00255526439251	0.00250286717637	0.014105154481	0.105714949319	0.0605900187718	0.175000457044	0.0974437758427	0.0837862149823	0.169668162183	0.225445057597	0.151321972878	0.120269104063	0.172027990634	0.112178759797	0.066325634178	0.199019090121	0.235056117512	0.263415850652	0.191548188268	0.183734847113	0.192751066488	0.182127283504	0.0685231466835	0.179404306006	0.117569399263	0.0831394834567	0.0858058489895	0.117149653768	0.206000604225	0.196546284208	0.220218144549	0.249298954228	0.17337958349	0.115792533243	0.11646286642	0.175569272981	0.179528183561	0.108380345547	0.0981558418658	0.186712734006
M4.3-V1.metaG.snv.bam	0.191129700892	0.181239263064	0.085425492382	0.219468584482	0.194586715284	0.230718965233	0.233859458764	0.0895998781831	0.0712093823571	0.00187752744079	0.0018389469609	0.00186208575404	0.00242026127158	0.0	0.000182287284761	5.77067343757e-05	0.0151585859541	0.110403250861	0.0604605500909	0.18195851203	0.0937296717568	0.0914873133161	0.17754268374	0.232535361392	0.151499537073	0.1241617485	0.177602030853	0.114567687271	0.0676346704993	0.204267703389	0.236285742388	0.267361392917	0.193559352107	0.186343524108	0.195234201344	0.187487838101	0.0694781436549	0.178492939244	0.117548029313	0.0922533540169	0.0878725188807	0.122568330689	0.207795950042	0.204029528478	0.225111866078	0.250863616737	0.176106014271	0.11799356955	0.116911498294	0.182375850645	0.186179653311	0.116524643869	0.099892090273	0.187906062487
M4.4-V1.metaG.snv.bam	0.18420656165	0.174032252984	0.081758371652	0.213063855876	0.18775920508	0.227236222253	0.231049877477	0.0822464269071	0.0708125037317	0.00189999439116	0.00186077983591	0.00185091704526	0.00255526439251	0.000182287284761	0.0	0.000145761153531	0.0141631424121	0.103518494512	0.0562768528464	0.174370918936	0.0901931599167	0.0878414552807	0.17197808085	0.226981198383	0.145626208911	0.115812544769	0.170336234852	0.107946323406	0.0636276702648	0.200381377054	0.232041295635	0.262708461775	0.188455125804	0.181032648447	0.190162640541	0.180442176871	0.0690476190476	0.171559036844	0.114632034632	0.0887256555855	0.080642932476	0.116286581023	0.204704063044	0.197983870968	0.220221967758	0.246675789874	0.171585524757	0.111438786435	0.110094813263	0.175242513478	0.179158447067	0.113474881633	0.0929732875917	0.18231486511
M4.5-V3.metaT.snv.bam	0.191833375522	0.181722680721	0.0855807128623	0.217090063644	0.195361856692	0.230198266547	0.233662427179	0.0916943752938	0.0728094257607	0.00187949617428	0.00193384963184	0.00186369856213	0.00250286717637	5.77067343757e-05	0.000145761153531	0.0	0.0155112267918	0.10568912476	0.0636194921342	0.182464244336	0.0994660958893	0.0847882531486	0.179445418384	0.230675997465	0.14783674779	0.124886302306	0.177999535855	0.115279684283	0.0673788147718	0.199947395261	0.233206987222	0.26647140613	0.18914541447	0.181541095627	0.190697245823	0.188114232859	0.0711762905139	0.183156418868	0.113404493719	0.0907897591877	0.0897506620837	0.116683936929	0.205297812619	0.203996781116	0.222458606791	0.251879031182	0.175495260108	0.115238432642	0.11954391715	0.182882241411	0.186771329241	0.11550869839	0.10215727621	0.184766683083
M4.6-V2.metaT.snv.bam	0.188478224721	0.17889495555	0.0870815389406	0.21061288126	0.191452197414	0.222380900299	0.226653498954	0.089289646528	0.0729626343054	0.0143721466263	0.0141149472711	0.0141001521204	0.014105154481	0.0151585859541	0.0141631424121	0.0155112267918	0.0	0.111741917084	0.0612040924425	0.179670582093	0.0929668327568	0.0930003493849	0.174036576416	0.230485935324	0.153062276053	0.120315087724	0.175360305944	0.111946746356	0.0693952927869	0.19902342661	0.233684682187	0.259243736188	0.192116977549	0.185214323503	0.194020885906	0.185123125008	0.0700666434309	0.174491024271	0.117254975139	0.0945981587419	0.0886484704796	0.119230622963	0.203548470059	0.202335886888	0.215219333955	0.244735863701	0.171022552574	0.116280114317	0.117273483402	0.179868008292	0.183936957975	0.115815120516	0.10000155723	0.182355964525
MH0220.snv.bam	0.171490907265	0.159682632922	0.0812518977202	0.202982070199	0.171717456711	0.220890487565	0.221701330775	0.0915926133227	0.123749888247	0.112712060133	0.113366028102	0.112825755739	0.105714949319	0.110403250861	0.103518494512	0.10568912476	0.111741917084	0.0	0.0919810109052	0.164270258923	0.106901293254	0.0989276292767	0.15909504711	0.216369047619	0.105679682237	0.108578248502	0.159452466139	0.104380826405	0.109604139971	0.180495128555	0.205579582641	0.261412145068	0.186255029003	0.183124371812	0.186354725205	0.168976782543	0.110030552044	0.16993094563	0.100061576355	0.0902673231972	0.120794790443	0.100404206247	0.204767588355	0.198545258621	0.211068552836	0.232637145321	0.145899347278	0.113299228653	0.120928843812	0.163825105647	0.171737475521	0.125515448315	0.0872930807063	0.165368685497
MH0245.snv.bam	0.171125202362	0.160995301304	0.0723545663945	0.204488826219	0.178299439428	0.219021705465	0.214105049719	0.0761375134954	0.061631383005	0.061816505964	0.0600607102398	0.0616081362342	0.0605900187718	0.0604605500909	0.0562768528464	0.0636194921342	0.0612040924425	0.0919810109052	0.0	0.165191705439	0.0696161460078	0.0963101587933	0.165478412436	0.211369332422	0.136223517081	0.0997848781929	0.162794750962	0.087703851643	0.0545434934826	0.192228095586	0.212929045187	0.255231992065	0.188793695752	0.183871225192	0.190663344134	0.170995471134	0.0740431217416	0.174104319769	0.0776203902614	0.0861735563557	0.0905082579136	0.106323372263	0.194681912746	0.19457822187	0.219425488913	0.241076054937	0.149226313332	0.093010681634	0.0998769200366	0.165633981447	0.17328425722	0.108577504838	0.0984342730227	0.17054247769
MH0246.snv.bam	0.029041442299	0.0310718899996	0.1863172226	0.218979461028	0.0363686280894	0.224688119663	0.240608228338	0.168150191014	0.178549182133	0.181970635674	0.182894497564	0.181986349701	0.175000457044	0.18195851203	0.174370918936	0.182464244336	0.179670582093	0.164270258923	0.165191705439	0.0	0.186586658981	0.169786305648	0.0334055315541	0.221381013094	0.188621296145	0.157180043176	0.0163792316817	0.171525799304	0.178718660609	0.214999043131	0.227349457297	0.251972291744	0.211126239828	0.207872212084	0.209573873314	0.0234133478814	0.170215566145	0.196490101335	0.194312354312	0.187746956344	0.183349329408	0.192079737389	0.199996962511	0.210709667657	0.248370653408	0.243844304721	0.200238038182	0.173389527831	0.181388075318	0.0240203946034	0.0236152060716	0.194644548198	0.180482513995	0.189750874126
MH0318.snv.bam	0.188553552863	0.175215100157	0.0910391363273	0.206725390372	0.195767349652	0.229817095088	0.237506298151	0.0781100375454	0.0667871572354	0.0981803316159	0.0984575625295	0.0980682178615	0.0974437758427	0.0937296717568	0.0901931599167	0.0994660958893	0.0929668327568	0.106901293254	0.0696161460078	0.186586658981	0.0	0.0978675609964	0.185516872455	0.226268663137	0.175991014607	0.11438505605	0.183921341841	0.117101566651	0.0838835383021	0.192408013103	0.218834852616	0.262935027453	0.197760727701	0.190996996988	0.199720579396	0.19206221586	0.0670221477821	0.16968972061	0.0506742022987	0.110175570004	0.112768654286	0.0889409318594	0.205320256446	0.19985287194	0.229483218323	0.241047438211	0.145866709109	0.101548060694	0.0981928042159	0.186690348253	0.194033413477	0.0945173869442	0.0914970600247	0.182147442242
MH0330.snv.bam	0.179971112138	0.168349613296	0.0717316264984	0.210820594502	0.176582486245	0.216707038255	0.225493035337	0.0666105945421	0.115825218412	0.0911478308888	0.0913881069669	0.0908676234049	0.0837862149823	0.0914873133161	0.0878414552807	0.0847882531486	0.0930003493849	0.0989276292767	0.0963101587933	0.169786305648	0.0978675609964	0.0	0.171381769009	0.227425038471	0.135782296604	0.143800173139	0.167887098922	0.131842522027	0.0980059689564	0.182312955019	0.207452051933	0.275991911454	0.182194003654	0.176892128831	0.184280659748	0.176260933396	0.0785269506835	0.178578305005	0.111841572032	0.0787539435225	0.107698572684	0.10118902452	0.19354505062	0.17901040839	0.222329326791	0.247840508937	0.138763224951	0.107076507951	0.0921369915041	0.170656783514	0.180026841636	0.09644815876	0.098606728264	0.170805887423
MH0348.snv.bam	0.0523666614617	0.051136430469	0.185492806222	0.229940682875	0.0508967170855	0.224240102064	0.249029759031	0.169065061922	0.17593027505	0.177888913678	0.178497714875	0.177609698079	0.169668162183	0.17754268374	0.17197808085	0.179445418384	0.174036576416	0.15909504711	0.165478412436	0.0334055315541	0.185516872455	0.171381769009	0.0	0.219418355578	0.190280371002	0.15203454027	0.0418787586719	0.160032473166	0.174322661416	0.218624455138	0.233787033895	0.261447136745	0.218708486625	0.215867949898	0.217303176422	0.0345863345338	0.167557751342	0.204118858412	0.19557076018	0.179836873093	0.183938624511	0.182573601178	0.21877419124	0.225066481334	0.244404582812	0.25916375269	0.203061437208	0.174292179493	0.182276751681	0.0397281669078	0.0417188400183	0.193518658703	0.179535440996	0.196860344138
MH0450.snv.bam	0.234042522242	0.225206297279	0.220461247537	0.231518095842	0.241274889502	0.23643051652	0.192015228992	0.217900568048	0.22500663064	0.230594096152	0.231498728739	0.230310360876	0.225445057597	0.232535361392	0.226981198383	0.230675997465	0.230485935324	0.216369047619	0.211369332422	0.221381013094	0.226268663137	0.227425038471	0.219418355578	0.0	0.220679638727	0.220541363399	0.224461244352	0.224858684481	0.221573771574	0.207319326178	0.201318930767	0.25188559606	0.212835868528	0.205502549127	0.213109078899	0.225463203463	0.232920749527	0.228495751951	0.231613756614	0.212889738612	0.233823284852	0.231797762183	0.219572610988	0.204387270259	0.22998122883	0.248313426752	0.203283239785	0.206927429889	0.224069206729	0.228902605763	0.234661564987	0.234076215353	0.23111604196	0.19817168647
MMRS64281551ST-27-0-0.snv.bam	0.194640675211	0.183746652008	0.134789281609	0.236984739824	0.201988078849	0.249470718546	0.229029741976	0.157288396365	0.171517763106	0.151977063738	0.152742742938	0.151992805528	0.151321972878	0.151499537073	0.145626208911	0.14783674779	0.153062276053	0.105679682237	0.136223517081	0.188621296145	0.175991014607	0.135782296604	0.190280371002	0.220679638727	0.0	0.148185164923	0.186484837462	0.150347695854	0.155661611514	0.21577757676	0.209494260294	0.290324496945	0.200537884684	0.197192115583	0.200633536106	0.194747391614	0.161489590756	0.21259502916	0.156699958715	0.145361366746	0.159411383014	0.164044973056	0.210522928444	0.218431287467	0.241323555539	0.269151677349	0.180597321278	0.169864817821	0.150386345874	0.189185000565	0.195135256032	0.184102312674	0.144000385352	0.178541421995
NG-5636_395.snv.bam	0.168582138834	0.158180834777	0.116415747995	0.209875913749	0.165371044237	0.210447241892	0.231865983409	0.115000594481	0.116042681659	0.124970357925	0.125292661275	0.1246945593	0.120269104063	0.1241617485	0.115812544769	0.124886302306	0.120315087724	0.108578248502	0.0997848781929	0.157180043176	0.11438505605	0.143800173139	0.15203454027	0.220541363399	0.148185164923	0.0	0.154865524546	0.0583813913359	0.128360402003	0.194294722148	0.214758848992	0.256284826454	0.181009391477	0.178023019675	0.18125876637	0.164919003258	0.112942963469	0.183561142827	0.121340821341	0.126841562526	0.115689734682	0.120821087691	0.201137765802	0.2008652252	0.211337283788	0.24148921483	0.166543132964	0.126662394963	0.143078026735	0.164821412176	0.167266492881	0.13529782003	0.141085424902	0.169219804586
NG-5636_457.snv.bam	0.0422671943874	0.0358451340365	0.183678500986	0.221200965822	0.0390971804065	0.227483965069	0.246090020759	0.165659777424	0.176014386872	0.177942315137	0.178541801088	0.177667477483	0.172027990634	0.177602030853	0.170336234852	0.177999535855	0.175360305944	0.159452466139	0.162794750962	0.0163792316817	0.183921341841	0.167887098922	0.0418787586719	0.224461244352	0.186484837462	0.154865524546	0.0	0.169076655052	0.176177371204	0.213759738581	0.225844948704	0.257211003632	0.213428666604	0.210243479889	0.211895297583	0.0193321616872	0.167773892774	0.201052287294	0.190305206463	0.185095373622	0.179930413142	0.192989469454	0.202606565586	0.213662790698	0.247261446869	0.248163090128	0.196910169838	0.172659815461	0.175115792408	0.0269534415769	0.0351851281525	0.193626592259	0.178501410209	0.192492211838
NG-5636_479.snv.bam	0.182330460702	0.17266727027	0.100196728559	0.21152238475	0.179208647343	0.217654868754	0.235669182902	0.104780064779	0.13072552932	0.11544482627	0.115712207981	0.115173766453	0.112178759797	0.114567687271	0.107946323406	0.115279684283	0.111946746356	0.104380826405	0.087703851643	0.171525799304	0.117101566651	0.131842522027	0.160032473166	0.224858684481	0.150347695854	0.0583813913359	0.169076655052	0.0	0.101466462396	0.205125460253	0.220649067666	0.255920958294	0.198329650513	0.195170688015	0.19854156934	0.17890625	0.117385057471	0.194395595179	0.127522123894	0.12070976998	0.114924835142	0.123394340748	0.204410042077	0.200443632568	0.221681618081	0.252032217176	0.167222222222	0.130853494974	0.12119955337	0.177319637805	0.184565077755	0.13776856288	0.13344627959	0.184473197782
NG-5636_59.snv.bam	0.187672688666	0.178038425812	0.0845701506323	0.199402350532	0.194748871699	0.212962424111	0.219445241121	0.088898288579	0.086027352434	0.0689172177985	0.0689435693306	0.0687106412677	0.066325634178	0.0676346704993	0.0636276702648	0.0673788147718	0.0693952927869	0.109604139971	0.0545434934826	0.178718660609	0.0838835383021	0.0980059689564	0.174322661416	0.221573771574	0.155661611514	0.128360402003	0.176177371204	0.101466462396	0.0	0.181111309235	0.202330676559	0.244655933834	0.188345729649	0.183023742639	0.190166018773	0.184260232521	0.0879712400438	0.173013908115	0.104520627127	0.0982489500176	0.0991877959207	0.119218870365	0.182176725689	0.186428590587	0.209227015195	0.242950167411	0.14434692003	0.111753440149	0.112116217698	0.17918934846	0.186437614504	0.127470473796	0.104110867403	0.162888007055
O2.UC12-1.snv.bam	0.218187703592	0.20461877647	0.180748592725	0.155323956305	0.227569260525	0.212393964357	0.247883590935	0.178588184644	0.206966657388	0.202653236636	0.203373719754	0.202381710279	0.199019090121	0.204267703389	0.200381377054	0.199947395261	0.19902342661	0.180495128555	0.192228095586	0.214999043131	0.192408013103	0.182312955019	0.218624455138	0.207319326178	0.21577757676	0.194294722148	0.213759738581	0.205125460253	0.181111309235	0.0	0.117152567994	0.253501412848	0.101059288232	0.0994844531377	0.102587077199	0.217190139491	0.192070979498	0.218617950833	0.215203374516	0.182443816099	0.20615534659	0.193753700615	0.102900732466	0.21504176424	0.141516608055	0.259655135865	0.106440865808	0.157684932284	0.184190700008	0.208366648944	0.21983087272	0.202959350815	0.205578027768	0.0912040748665
O2.UC17-1.snv.bam	0.231454131103	0.216330371184	0.209536741123	0.18224356808	0.241873074963	0.230751247442	0.266352936889	0.217380467983	0.227779261826	0.236524413137	0.237401263412	0.236251948865	0.235056117512	0.236285742388	0.232041295635	0.233206987222	0.233684682187	0.205579582641	0.212929045187	0.227349457297	0.218834852616	0.207452051933	0.233787033895	0.201318930767	0.209494260294	0.214758848992	0.225844948704	0.220649067666	0.202330676559	0.117152567994	0.0	0.256346865389	0.108436970058	0.109273020396	0.108136579546	0.228547060576	0.231802031124	0.236421596622	0.232666661524	0.211297837733	0.239022204371	0.217958954794	0.105156150099	0.223720966125	0.167459332741	0.255555554212	0.0786039835317	0.197019875521	0.221553486609	0.223381353177	0.235624282163	0.231735687499	0.232138895556	0.0918289838113
O2.UC24-1.snv.bam	0.266717859991	0.251856691117	0.265288417154	0.15603885521	0.273728502713	0.152550097687	0.243602156469	0.253032483881	0.260249215221	0.26531233852	0.263803737864	0.265010700253	0.263415850652	0.267361392917	0.262708461775	0.26647140613	0.259243736188	0.261412145068	0.255231992065	0.251972291744	0.262935027453	0.275991911454	0.261447136745	0.25188559606	0.290324496945	0.256284826454	0.257211003632	0.255920958294	0.244655933834	0.253501412848	0.256346865389	0.0	0.243691772376	0.241318850561	0.242378609636	0.262597352677	0.263874573545	0.16437064115	0.283712754062	0.262361572665	0.269697971678	0.254343761031	0.226333854559	0.21104678238	0.179783256226	0.130625203931	0.251543493395	0.23786870396	0.258493669642	0.258916215946	0.269103797764	0.268127252578	0.268861625818	0.23227809531
O2.UC50-0.snv.bam	0.215665524003	0.204725244468	0.175024680587	0.169805213161	0.226114780066	0.213756793375	0.248164759262	0.176482810208	0.210548111639	0.192191154975	0.192858491192	0.191919160469	0.191548188268	0.193559352107	0.188455125804	0.18914541447	0.192116977549	0.186255029003	0.188793695752	0.211126239828	0.197760727701	0.182194003654	0.218708486625	0.212835868528	0.200537884684	0.181009391477	0.213428666604	0.198329650513	0.188345729649	0.101059288232	0.108436970058	0.243691772376	0.0	0.00106645990561	0.000527326396054	0.216169333271	0.193887248238	0.222885582947	0.220426576936	0.17302683795	0.200966667267	0.210093174523	0.09067912425	0.220808208553	0.159276812981	0.262955279882	0.122392098332	0.162287753258	0.187670261235	0.210569745848	0.218129658124	0.200116914852	0.207337025097	0.0692613878246
O2.UC50-2.snv.bam	0.212626397824	0.201553035465	0.171660832519	0.168448195106	0.223144418588	0.210569636751	0.244795244427	0.173096406633	0.205506645852	0.184862923257	0.185499885191	0.184587605956	0.183734847113	0.186343524108	0.181032648447	0.181541095627	0.185214323503	0.183124371812	0.183871225192	0.207872212084	0.190996996988	0.176892128831	0.215867949898	0.205502549127	0.197192115583	0.178023019675	0.210243479889	0.195170688015	0.183023742639	0.0994844531377	0.109273020396	0.241318850561	0.00106645990561	0.0	0.000961324148663	0.213029217174	0.190754640054	0.220930759351	0.214117753416	0.169644421613	0.194145833501	0.207335688146	0.0910796031301	0.216526455026	0.156945790739	0.261910778063	0.122864631964	0.1589462565	0.182548673203	0.207601520806	0.215035571341	0.197196603234	0.204709570257	0.069360538577
O2.UC53-0.snv.bam	0.214153304899	0.203189190036	0.176934624189	0.169089107995	0.224611039892	0.212194247245	0.24823177719	0.178512097483	0.212365262332	0.193694826045	0.194342470749	0.193422831539	0.192751066488	0.195234201344	0.190162640541	0.190697245823	0.194020885906	0.186354725205	0.190663344134	0.209573873314	0.199720579396	0.184280659748	0.217303176422	0.213109078899	0.200633536106	0.18125876637	0.211895297583	0.19854156934	0.190166018773	0.102587077199	0.108136579546	0.242378609636	0.000527326396054	0.000961324148663	0.0	0.214641306999	0.195797191841	0.224198394453	0.222387407135	0.174851239254	0.202806017009	0.211996532113	0.0904555851732	0.2206037944	0.15807761237	0.263041683197	0.123848814401	0.164191110848	0.189641595882	0.209241208829	0.216529820532	0.202053113165	0.209309781212	0.0691080287442
SAMEA3136637.snv.bam	0.029967655518	0.0337799402183	0.193491467882	0.223914551307	0.0337113545177	0.237572332622	0.251552947809	0.174041609462	0.185819892473	0.187741126543	0.188389822724	0.187467243187	0.182127283504	0.187487838101	0.180442176871	0.188114232859	0.185123125008	0.168976782543	0.170995471134	0.0234133478814	0.19206221586	0.176260933396	0.0345863345338	0.225463203463	0.194747391614	0.164919003258	0.0193321616872	0.17890625	0.184260232521	0.217190139491	0.228547060576	0.262597352677	0.216169333271	0.213029217174	0.214641306999	0.0	0.179384436702	0.204927220724	0.202146690519	0.189668954931	0.191600253517	0.202744802034	0.205424210231	0.220005285412	0.24962603102	0.252400378264	0.205739379085	0.175532524435	0.183478685241	0.0216237611526	0.0246279624893	0.199898722147	0.190054448782	0.194361370717
SAMEA3136673.snv.bam	0.183091290562	0.172941767729	0.0780232454973	0.210934055459	0.179768711016	0.219076812045	0.229560554014	0.0607703330887	0.0708027437894	0.0692624521073	0.0693818601964	0.0690555194101	0.0685231466835	0.0694781436549	0.0690476190476	0.0711762905139	0.0700666434309	0.110030552044	0.0740431217416	0.170215566145	0.0670221477821	0.0785269506835	0.167557751342	0.232920749527	0.161489590756	0.112942963469	0.167773892774	0.117385057471	0.0879712400438	0.192070979498	0.231802031124	0.263874573545	0.193887248238	0.190754640054	0.195797191841	0.179384436702	0.0	0.166022244893	0.0906453522795	0.0882827455812	0.103060868385	0.101423708512	0.201326100704	0.199362334032	0.223946372528	0.245780884441	0.154906731549	0.083000116221	0.0948169327274	0.174313213357	0.1781391207	0.0710560298103	0.107827786601	0.181478045764
SAMEA3136696.snv.bam	0.216812408188	0.198721584965	0.181330422633	0.162920586243	0.218822783077	0.150346559948	0.204988902618	0.160373910636	0.178294176959	0.178258925072	0.178437919904	0.17811689553	0.179404306006	0.178492939244	0.171559036844	0.183156418868	0.174491024271	0.16993094563	0.174104319769	0.196490101335	0.16968972061	0.178578305005	0.204118858412	0.228495751951	0.21259502916	0.183561142827	0.201052287294	0.194395595179	0.173013908115	0.218617950833	0.236421596622	0.16437064115	0.222885582947	0.220930759351	0.224198394453	0.204927220724	0.166022244893	0.0	0.190236540947	0.178765970947	0.176421961569	0.175835109343	0.207636979218	0.201673998474	0.179086516984	0.152817003805	0.215894336473	0.162240630584	0.188135461333	0.200278507146	0.212532863773	0.184635689024	0.172641514514	0.200216679484
SAMEA3136698.snv.bam	0.198394790646	0.189367528534	0.110238192831	0.226386767987	0.205688045842	0.240574667137	0.238296381081	0.10939676417	0.0867827576363	0.120206489676	0.120902790785	0.120387376858	0.117569399263	0.117548029313	0.114632034632	0.113404493719	0.117254975139	0.100061576355	0.0776203902614	0.194312354312	0.0506742022987	0.111841572032	0.19557076018	0.231613756614	0.156699958715	0.121340821341	0.190305206463	0.127522123894	0.104520627127	0.215203374516	0.232666661524	0.283712754062	0.220426576936	0.214117753416	0.222387407135	0.202146690519	0.0906453522795	0.190236540947	0.0	0.12244751478	0.130861190415	0.0969568418165	0.226232093648	0.209983940043	0.250988328001	0.23946009141	0.170335626433	0.108153511637	0.122048452716	0.196898983953	0.206035071222	0.113573004053	0.114182544518	0.20225826972
SAMEA3136708.snv.bam	0.193231739268	0.18067831285	0.0589749204184	0.20197382181	0.196618869579	0.234481401427	0.22300431622	0.0891996634815	0.117199064373	0.0916028661739	0.0901989756698	0.0913313398169	0.0831394834567	0.0922533540169	0.0887256555855	0.0907897591877	0.0945981587419	0.0902673231972	0.0861735563557	0.187746956344	0.110175570004	0.0787539435225	0.179836873093	0.212889738612	0.145361366746	0.126841562526	0.185095373622	0.12070976998	0.0982489500176	0.182443816099	0.211297837733	0.262361572665	0.17302683795	0.169644421613	0.174851239254	0.189668954931	0.0882827455812	0.178765970947	0.12244751478	0.0	0.120407938266	0.113370001537	0.192302837874	0.198632309725	0.211891474769	0.240374718081	0.149308052019	0.107038055823	0.115834647933	0.184588680727	0.186494164864	0.0709767460899	0.109125322031	0.172096993256
SAMEA3136747.snv.bam	0.195024956047	0.185138237355	0.11842762221	0.222606159733	0.191822137303	0.221468615841	0.225920941909	0.0916577710827	0.120091830115	0.0889924679919	0.0891243857124	0.0887181083164	0.0858058489895	0.0878725188807	0.080642932476	0.0897506620837	0.0886484704796	0.120794790443	0.0905082579136	0.183349329408	0.112768654286	0.107698572684	0.183938624511	0.233823284852	0.159411383014	0.115689734682	0.179930413142	0.114924835142	0.0991877959207	0.20615534659	0.239022204371	0.269697971678	0.200966667267	0.194145833501	0.202806017009	0.191600253517	0.103060868385	0.176421961569	0.130861190415	0.120407938266	0.0	0.11616632047	0.210266116232	0.207812721333	0.229227843021	0.254541587019	0.174789272809	0.116713863658	0.115273808438	0.186436123946	0.190258794676	0.14469514471	0.112248667796	0.190708526055
SAMEA3136750.snv.bam	0.199165056162	0.186159427288	0.0980072541717	0.213230761608	0.202718587301	0.206197190109	0.241987250482	0.0920819405027	0.106202881663	0.121849435141	0.120604687292	0.121578375324	0.117149653768	0.122568330689	0.116286581023	0.116683936929	0.119230622963	0.100404206247	0.106323372263	0.192079737389	0.0889409318594	0.10118902452	0.182573601178	0.231797762183	0.164044973056	0.120821087691	0.192989469454	0.123394340748	0.119218870365	0.193753700615	0.217958954794	0.254343761031	0.210093174523	0.207335688146	0.211996532113	0.202744802034	0.101423708512	0.175835109343	0.0969568418165	0.113370001537	0.11616632047	0.0	0.206533502128	0.201237173409	0.219274211007	0.233213314258	0.151395426208	0.123538061303	0.131312202789	0.197650670684	0.20479095012	0.106521290523	0.101877858884	0.188596201617
SAMEA3136759.snv.bam	0.210345214697	0.197439518393	0.201818678302	0.151543457422	0.210508267124	0.196142407847	0.249010478852	0.191659664761	0.209467283223	0.206488519156	0.207240619489	0.206212720531	0.206000604225	0.207795950042	0.204704063044	0.205297812619	0.203548470059	0.204767588355	0.194681912746	0.199996962511	0.205320256446	0.19354505062	0.21877419124	0.219572610988	0.210522928444	0.201137765802	0.202606565586	0.204410042077	0.182176725689	0.102900732466	0.105156150099	0.226333854559	0.09067912425	0.0910796031301	0.0904555851732	0.205424210231	0.201326100704	0.207636979218	0.226232093648	0.192302837874	0.210266116232	0.206533502128	0.0	0.208404162561	0.152596435698	0.248282027046	0.11635923082	0.171019846533	0.19716375763	0.202125154454	0.207487452787	0.214789898706	0.219402543113	0.0567824578391
V1.CD44-0.snv.bam	0.227771605208	0.217342225244	0.201523275816	0.191264334129	0.22381896334	0.199697201291	0.221972790332	0.196128613083	0.20687840932	0.2029256553	0.202949515525	0.202596309135	0.196546284208	0.204029528478	0.197983870968	0.203996781116	0.202335886888	0.198545258621	0.19457822187	0.210709667657	0.19985287194	0.17901040839	0.225066481334	0.204387270259	0.218431287467	0.2008652252	0.213662790698	0.200443632568	0.186428590587	0.21504176424	0.223720966125	0.21104678238	0.220808208553	0.216526455026	0.2206037944	0.220005285412	0.199362334032	0.201673998474	0.209983940043	0.198632309725	0.207812721333	0.201237173409	0.208404162561	0.0	0.212084143991	0.21094974241	0.208312105774	0.204862701618	0.2004475937	0.216028184778	0.230251558783	0.204966709346	0.218195331425	0.19294800885
V1.CD6-0-PN.snv.bam	0.252947550605	0.239824249223	0.210251623104	0.128529557604	0.260237098558	0.131456852664	0.23528862784	0.195588031121	0.231397186833	0.223270477391	0.223587157612	0.222991755106	0.220218144549	0.225111866078	0.220221967758	0.222458606791	0.215219333955	0.211068552836	0.219425488913	0.248370653408	0.229483218323	0.222329326791	0.244404582812	0.22998122883	0.241323555539	0.211337283788	0.247261446869	0.221681618081	0.209227015195	0.141516608055	0.167459332741	0.179783256226	0.159276812981	0.156945790739	0.15807761237	0.24962603102	0.223946372528	0.179086516984	0.250988328001	0.211891474769	0.229227843021	0.219274211007	0.152596435698	0.212084143991	0.0	0.176268687822	0.171072278342	0.192878025964	0.219015599807	0.243162791167	0.250187558132	0.238830495145	0.231159607181	0.150470670939
V1.CD6-0-PT.snv.bam	0.258423394016	0.242471056245	0.239361596497	0.184385196161	0.259777139777	0.157313759637	0.232324450728	0.231221632595	0.247344577056	0.248056831894	0.246711735826	0.248075510832	0.249298954228	0.250863616737	0.246675789874	0.251879031182	0.244735863701	0.232637145321	0.241076054937	0.243844304721	0.241047438211	0.247840508937	0.25916375269	0.248313426752	0.269151677349	0.24148921483	0.248163090128	0.252032217176	0.242950167411	0.259655135865	0.255555554212	0.130625203931	0.262955279882	0.261910778063	0.263041683197	0.252400378264	0.245780884441	0.152817003805	0.23946009141	0.240374718081	0.254541587019	0.233213314258	0.248282027046	0.21094974241	0.176268687822	0.0	0.251596464847	0.222931701792	0.25043705661	0.25114801716	0.258878525597	0.2537171263	0.239684881751	0.252234208445
V1.FI12.snv.bam	0.205388566195	0.190038018645	0.133186724063	0.178950462989	0.212814228211	0.211022614442	0.255312748934	0.141081693192	0.181375692408	0.174656565657	0.1752643339	0.174369735087	0.17337958349	0.176106014271	0.171585524757	0.175495260108	0.171022552574	0.145899347278	0.149226313332	0.200238038182	0.145866709109	0.138763224951	0.203061437208	0.203283239785	0.180597321278	0.166543132964	0.196910169838	0.167222222222	0.14434692003	0.106440865808	0.0786039835317	0.251543493395	0.122392098332	0.122864631964	0.123848814401	0.205739379085	0.154906731549	0.215894336473	0.170335626433	0.149308052019	0.174789272809	0.151395426208	0.11635923082	0.208312105774	0.171072278342	0.251596464847	0.0	0.143543556904	0.145001394401	0.196670923368	0.207883152044	0.174650966397	0.167674918528	0.100031867431
