	763901136-stool1.snv.bam	765519544-stool3.snv.bam	CCMD13071240ST-21-0.snv.bam	CCMD95433940ST-21-0.snv.bam	MH0188.snv.bam	MH0389.snv.bam	MH0452.snv.bam	MMRS51737257ST-27-0-0.snv.bam	MMRS54246132ST-27-0-0.snv.bam	SAMEA3136623.snv.bam	SAMEA3136638.snv.bam	SAMEA3136652.snv.bam	SAMEA3136715.snv.bam	SAMEA3136742.snv.bam	T2D-187A.snv.bam	V1.CD36-0.snv.bam	V1.CD48-0.snv.bam	alien-11-600-0.snv.bam	alien-11-630-0.snv.bam	alien-11-637-0.snv.bam	scavenger-11-0-0.snv.bam
763901136-stool1.snv.bam	0.0	0.102106969206	0.149108589951	0.128038897893	0.132901134522	0.129659643436	0.14262560778	0.155591572123	0.105348460292	0.145867098865	0.106969205835	0.149108589951	0.111831442464	0.149108589951	0.144246353323	0.124797406807	0.131280388979	0.139384116694	0.137763371151	0.141004862237	0.128038897893
765519544-stool3.snv.bam	0.102106969206	0.0	0.118314424635	0.102106969206	0.102106969206	0.102106969206	0.113452188006	0.119935170178	0.0988654781199	0.113452188006	0.0940032414911	0.108589951378	0.095623987034	0.129659643436	0.108589951378	0.097244732577	0.103727714749	0.121555915721	0.121555915721	0.123176661264	0.105348460292
CCMD13071240ST-21-0.snv.bam	0.149108589951	0.118314424635	0.0	0.136142625608	0.149108589951	0.134521880065	0.155591572123	0.173419773096	0.132901134522	0.155591572123	0.141004862237	0.157212317666	0.147487844408	0.134521880065	0.121555915721	0.132901134522	0.147487844408	0.157212317666	0.157212317666	0.160453808752	0.149108589951
CCMD95433940ST-21-0.snv.bam	0.128038897893	0.102106969206	0.136142625608	0.0	0.121555915721	0.124797406807	0.139384116694	0.144246353323	0.108589951378	0.116693679092	0.108589951378	0.12641815235	0.105348460292	0.136142625608	0.124797406807	0.0794165316045	0.118314424635	0.144246353323	0.141004862237	0.144246353323	0.119935170178
MH0188.snv.bam	0.132901134522	0.102106969206	0.149108589951	0.121555915721	0.0	0.0437601296596	0.132901134522	0.128038897893	0.128038897893	0.134521880065	0.128038897893	0.129659643436	0.106969205835	0.141004862237	0.128038897893	0.12641815235	0.139384116694	0.12641815235	0.124797406807	0.128038897893	0.0713128038898
MH0389.snv.bam	0.129659643436	0.102106969206	0.134521880065	0.124797406807	0.0437601296596	0.0	0.12641815235	0.132901134522	0.108589951378	0.116693679092	0.128038897893	0.124797406807	0.103727714749	0.129659643436	0.111831442464	0.12641815235	0.137763371151	0.119935170178	0.119935170178	0.123176661264	0.0696920583468
MH0452.snv.bam	0.14262560778	0.113452188006	0.155591572123	0.139384116694	0.132901134522	0.12641815235	0.0	0.163695299838	0.136142625608	0.136142625608	0.139384116694	0.155591572123	0.118314424635	0.168557536467	0.129659643436	0.132901134522	0.145867098865	0.136142625608	0.134521880065	0.136142625608	0.132901134522
MMRS51737257ST-27-0-0.snv.bam	0.155591572123	0.119935170178	0.173419773096	0.144246353323	0.128038897893	0.132901134522	0.163695299838	0.0	0.131280388979	0.145867098865	0.141004862237	0.15397082658	0.123176661264	0.176661264182	0.139384116694	0.141004862237	0.132901134522	0.155591572123	0.155591572123	0.157212317666	0.136142625608
MMRS54246132ST-27-0-0.snv.bam	0.105348460292	0.0988654781199	0.132901134522	0.108589951378	0.128038897893	0.108589951378	0.136142625608	0.131280388979	0.0	0.0810372771475	0.0940032414911	0.110210696921	0.0826580226904	0.144246353323	0.121555915721	0.097244732577	0.121555915721	0.103727714749	0.103727714749	0.106969205835	0.110210696921
SAMEA3136623.snv.bam	0.145867098865	0.113452188006	0.155591572123	0.116693679092	0.134521880065	0.116693679092	0.136142625608	0.145867098865	0.0810372771475	0.0	0.128038897893	0.123176661264	0.111831442464	0.162074554295	0.132901134522	0.103727714749	0.132901134522	0.116693679092	0.116693679092	0.119935170178	0.128038897893
SAMEA3136638.snv.bam	0.106969205835	0.0940032414911	0.141004862237	0.108589951378	0.128038897893	0.128038897893	0.139384116694	0.141004862237	0.0940032414911	0.128038897893	0.0	0.118314424635	0.0940032414911	0.178282009724	0.119935170178	0.0713128038898	0.0356564019449	0.149108589951	0.145867098865	0.149108589951	0.132901134522
SAMEA3136652.snv.bam	0.149108589951	0.108589951378	0.157212317666	0.12641815235	0.129659643436	0.124797406807	0.155591572123	0.15397082658	0.110210696921	0.123176661264	0.118314424635	0.0	0.0988654781199	0.163695299838	0.12641815235	0.106969205835	0.139384116694	0.144246353323	0.141004862237	0.145867098865	0.118314424635
SAMEA3136715.snv.bam	0.111831442464	0.095623987034	0.147487844408	0.105348460292	0.106969205835	0.103727714749	0.118314424635	0.123176661264	0.0826580226904	0.111831442464	0.0940032414911	0.0988654781199	0.0	0.119935170178	0.106969205835	0.103727714749	0.119935170178	0.121555915721	0.119935170178	0.123176661264	0.113452188006
SAMEA3136742.snv.bam	0.149108589951	0.129659643436	0.134521880065	0.136142625608	0.141004862237	0.129659643436	0.168557536467	0.176661264182	0.144246353323	0.162074554295	0.178282009724	0.163695299838	0.119935170178	0.0	0.144246353323	0.158833063209	0.188006482982	0.152350081037	0.150729335494	0.15397082658	0.132901134522
T2D-187A.snv.bam	0.144246353323	0.108589951378	0.121555915721	0.124797406807	0.128038897893	0.111831442464	0.129659643436	0.139384116694	0.121555915721	0.132901134522	0.119935170178	0.12641815235	0.106969205835	0.144246353323	0.0	0.121555915721	0.12641815235	0.136142625608	0.136142625608	0.137763371151	0.132901134522
V1.CD36-0.snv.bam	0.124797406807	0.097244732577	0.132901134522	0.0794165316045	0.12641815235	0.12641815235	0.132901134522	0.141004862237	0.097244732577	0.103727714749	0.0713128038898	0.106969205835	0.103727714749	0.158833063209	0.121555915721	0.0	0.0891410048622	0.134521880065	0.131280388979	0.134521880065	0.12641815235
V1.CD48-0.snv.bam	0.131280388979	0.103727714749	0.147487844408	0.118314424635	0.139384116694	0.137763371151	0.145867098865	0.132901134522	0.121555915721	0.132901134522	0.0356564019449	0.139384116694	0.119935170178	0.188006482982	0.12641815235	0.0891410048622	0.0	0.158833063209	0.155591572123	0.158833063209	0.139384116694
alien-11-600-0.snv.bam	0.139384116694	0.121555915721	0.157212317666	0.144246353323	0.12641815235	0.119935170178	0.136142625608	0.155591572123	0.103727714749	0.116693679092	0.149108589951	0.144246353323	0.121555915721	0.152350081037	0.136142625608	0.134521880065	0.158833063209	0.0	0.0	0.0	0.123176661264
alien-11-630-0.snv.bam	0.137763371151	0.121555915721	0.157212317666	0.141004862237	0.124797406807	0.119935170178	0.134521880065	0.155591572123	0.103727714749	0.116693679092	0.145867098865	0.141004862237	0.119935170178	0.150729335494	0.136142625608	0.131280388979	0.155591572123	0.0	0.0	0.0	0.121555915721
alien-11-637-0.snv.bam	0.141004862237	0.123176661264	0.160453808752	0.144246353323	0.128038897893	0.123176661264	0.136142625608	0.157212317666	0.106969205835	0.119935170178	0.149108589951	0.145867098865	0.123176661264	0.15397082658	0.137763371151	0.134521880065	0.158833063209	0.0	0.0	0.0	0.124797406807
scavenger-11-0-0.snv.bam	0.128038897893	0.105348460292	0.149108589951	0.119935170178	0.0713128038898	0.0696920583468	0.132901134522	0.136142625608	0.110210696921	0.128038897893	0.132901134522	0.118314424635	0.113452188006	0.132901134522	0.132901134522	0.12641815235	0.139384116694	0.123176661264	0.121555915721	0.124797406807	0.0
