	147406386-tonguedorsum3.snv.bam	158337416-tonguedorsum1.snv.bam	158337416-tonguedorsum2.snv.bam	158479027-tonguedorsum1.snv.bam	158479027-tonguedorsum2.snv.bam	159227541-tonguedorsum3.snv.bam	159268001-tonguedorsum1.snv.bam	159470302-tonguedorsum1.snv.bam	159510762-supragingivalplaque3.snv.bam	159510762-tonguedorsum2.snv.bam	159551223-tonguedorsum1.snv.bam	159551223-tonguedorsum2.snv.bam	159571453-supragingivalplaque1.snv.bam	159571453-supragingivalplaque2.snv.bam	159571453-tonguedorsum1.snv.bam	159571453-tonguedorsum2.snv.bam	159611913-tonguedorsum1.snv.bam	160178356-tonguedorsum2.snv.bam	160319967-tonguedorsum2.snv.bam	160400887-tonguedorsum1.snv.bam	160421117-tonguedorsum1.snv.bam	160421117-tonguedorsum2.snv.bam	160502038-tonguedorsum3.snv.bam	160582958-tonguedorsum2.snv.bam	160582958-tonguedorsum3.snv.bam	160603188-tonguedorsum3.snv.bam	160906640-tonguedorsum1.snv.bam	234447334-tonguedorsum2.snv.bam	246515023-tonguedorsum1.snv.bam	246515023-tonguedorsum2.snv.bam	370027359-tonguedorsum3.snv.bam	404239096-supragingivalplaque2.snv.bam	404239096-tonguedorsum1.snv.bam	508703490-tonguedorsum1.snv.bam	508703490-tonguedorsum2.snv.bam	550534656-tonguedorsum2.snv.bam	550534656-tonguedorsum3.snv.bam	638754422-tonguedorsum1.snv.bam	638754422-tonguedorsum3.snv.bam	675950834-tonguedorsum1.snv.bam	675950834-tonguedorsum2.snv.bam	706846339-supragingivalplaque2.snv.bam	737052003-tonguedorsum2.snv.bam	763395383-anteriornares3.snv.bam	763536994-tonguedorsum1.snv.bam	763536994-tonguedorsum2.snv.bam	763536994-tonguedorsum3.snv.bam	763577454-tonguedorsum1.snv.bam	763577454-tonguedorsum2.snv.bam	763759525-tonguedorsum2.snv.bam	763840445-tonguedorsum1.snv.bam	763840445-tonguedorsum2.snv.bam	763982056-tonguedorsum1.snv.bam	763982056-tonguedorsum3.snv.bam	764062976-tonguedorsum2.snv.bam	764083206-tonguedorsum1.snv.bam	764224817-tonguedorsum1.snv.bam	764325968-tonguedorsum1.snv.bam	764325968-tonguedorsum2.snv.bam	764588959-tonguedorsum2.snv.bam	765013792-tonguedorsum1.snv.bam	765034022-tonguedorsum1.snv.bam	765074482-tonguedorsum1.snv.bam	765094712-tonguedorsum2.snv.bam	765195863-palatinetonsils3.snv.bam	765195863-tonguedorsum3.snv.bam	765620695-tonguedorsum1.snv.bam	765701615-tonguedorsum1.snv.bam	765701615-tonguedorsum2.snv.bam	857980665-tonguedorsum2.snv.bam	857980665-tonguedorsum3.snv.bam
147406386-tonguedorsum3.snv.bam	0.0	0.185585585586	0.181981981982	0.115315315315	0.138738738739	0.162162162162	0.145945945946	0.151351351351	0.120720720721	0.12972972973	0.194594594595	0.12972972973	0.264864864865	0.124324324324	0.108108108108	0.118918918919	0.16036036036	0.163963963964	0.178378378378	0.176576576577	0.174774774775	0.158558558559	0.176576576577	0.118918918919	0.106306306306	0.167567567568	0.181981981982	0.158558558559	0.100900900901	0.100900900901	0.153153153153	0.138738738739	0.156756756757	0.162162162162	0.169369369369	0.147747747748	0.138738738739	0.115315315315	0.142342342342	0.0954954954955	0.171171171171	0.201801801802	0.16036036036	0.176576576577	0.194594594595	0.196396396396	0.196396396396	0.174774774775	0.172972972973	0.126126126126	0.133333333333	0.0900900900901	0.178378378378	0.172972972973	0.127927927928	0.0900900900901	0.172972972973	0.138738738739	0.0936936936937	0.144144144144	0.147747747748	0.144144144144	0.127927927928	0.136936936937	0.138738738739	0.136936936937	0.111711711712	0.115315315315	0.0972972972973	0.14954954955	0.12972972973
158337416-tonguedorsum1.snv.bam	0.185585585586	0.0	0.0	0.144144144144	0.154954954955	0.189189189189	0.176576576577	0.172972972973	0.163963963964	0.176576576577	0.207207207207	0.16036036036	0.281081081081	0.133333333333	0.124324324324	0.135135135135	0.2	0.16036036036	0.176576576577	0.187387387387	0.207207207207	0.194594594595	0.216216216216	0.145945945946	0.133333333333	0.167567567568	0.210810810811	0.214414414414	0.117117117117	0.120720720721	0.158558558559	0.162162162162	0.172972972973	0.216216216216	0.223423423423	0.210810810811	0.194594594595	0.158558558559	0.174774774775	0.100900900901	0.181981981982	0.207207207207	0.196396396396	0.185585585586	0.163963963964	0.165765765766	0.165765765766	0.142342342342	0.147747747748	0.154954954955	0.153153153153	0.100900900901	0.236036036036	0.232432432432	0.21981981982	0.122522522523	0.167567567568	0.144144144144	0.108108108108	0.167567567568	0.106306306306	0.183783783784	0.162162162162	0.18018018018	0.201801801802	0.198198198198	0.181981981982	0.126126126126	0.144144144144	0.106306306306	0.104504504505
158337416-tonguedorsum2.snv.bam	0.181981981982	0.0	0.0	0.140540540541	0.151351351351	0.181981981982	0.172972972973	0.169369369369	0.16036036036	0.172972972973	0.203603603604	0.162162162162	0.281081081081	0.131531531532	0.120720720721	0.135135135135	0.196396396396	0.156756756757	0.172972972973	0.183783783784	0.203603603604	0.190990990991	0.212612612613	0.142342342342	0.12972972973	0.163963963964	0.205405405405	0.210810810811	0.113513513514	0.117117117117	0.154954954955	0.158558558559	0.169369369369	0.212612612613	0.21981981982	0.207207207207	0.190990990991	0.154954954955	0.171171171171	0.0990990990991	0.18018018018	0.205405405405	0.194594594595	0.181981981982	0.16036036036	0.162162162162	0.162162162162	0.138738738739	0.144144144144	0.151351351351	0.153153153153	0.0990990990991	0.232432432432	0.228828828829	0.216216216216	0.120720720721	0.169369369369	0.140540540541	0.106306306306	0.163963963964	0.104504504505	0.18018018018	0.158558558559	0.176576576577	0.198198198198	0.194594594595	0.178378378378	0.124324324324	0.140540540541	0.102702702703	0.106306306306
158479027-tonguedorsum1.snv.bam	0.115315315315	0.144144144144	0.140540540541	0.0	0.0216216216216	0.113513513514	0.0198198198198	0.0288288288288	0.0972972972973	0.113513513514	0.178378378378	0.0792792792793	0.209009009009	0.100900900901	0.0666666666667	0.0972972972973	0.118918918919	0.135135135135	0.16036036036	0.115315315315	0.163963963964	0.144144144144	0.158558558559	0.117117117117	0.108108108108	0.12972972973	0.133333333333	0.14954954955	0.0576576576577	0.0612612612613	0.106306306306	0.12972972973	0.145945945946	0.147747747748	0.156756756757	0.0900900900901	0.0774774774775	0.0108108108108	0.0486486486486	0.0702702702703	0.131531531532	0.169369369369	0.126126126126	0.12972972973	0.131531531532	0.133333333333	0.133333333333	0.140540540541	0.144144144144	0.0594594594595	0.0864864864865	0.0378378378378	0.153153153153	0.153153153153	0.117117117117	0.0144144144144	0.136936936937	0.115315315315	0.0594594594595	0.117117117117	0.0990990990991	0.0810810810811	0.0990990990991	0.138738738739	0.142342342342	0.136936936937	0.0990990990991	0.0756756756757	0.0828828828829	0.104504504505	0.0810810810811
158479027-tonguedorsum2.snv.bam	0.138738738739	0.154954954955	0.151351351351	0.0216216216216	0.0	0.117117117117	0.111711711712	0.126126126126	0.102702702703	0.111711711712	0.185585585586	0.0972972972973	0.245045045045	0.124324324324	0.0846846846847	0.115315315315	0.0468468468468	0.142342342342	0.176576576577	0.0954954954955	0.156756756757	0.133333333333	0.171171171171	0.133333333333	0.120720720721	0.138738738739	0.120720720721	0.142342342342	0.0828828828829	0.0882882882883	0.131531531532	0.142342342342	0.162162162162	0.174774774775	0.183783783784	0.154954954955	0.138738738739	0.0954954954955	0.126126126126	0.0900900900901	0.162162162162	0.181981981982	0.153153153153	0.153153153153	0.147747747748	0.14954954955	0.14954954955	0.145945945946	0.14954954955	0.102702702703	0.120720720721	0.0666666666667	0.185585585586	0.18018018018	0.169369369369	0.0576576576577	0.156756756757	0.133333333333	0.0774774774775	0.126126126126	0.133333333333	0.104504504505	0.124324324324	0.167567567568	0.153153153153	0.14954954955	0.138738738739	0.0828828828829	0.106306306306	0.127927927928	0.0990990990991
159227541-tonguedorsum3.snv.bam	0.162162162162	0.189189189189	0.181981981982	0.113513513514	0.117117117117	0.0	0.151351351351	0.147747747748	0.153153153153	0.167567567568	0.23963963964	0.136936936937	0.272072072072	0.135135135135	0.0954954954955	0.124324324324	0.144144144144	0.169369369369	0.203603603604	0.0720720720721	0.203603603604	0.185585585586	0.2	0.122522522523	0.120720720721	0.183783783784	0.0684684684685	0.189189189189	0.113513513514	0.117117117117	0.142342342342	0.185585585586	0.207207207207	0.203603603604	0.212612612613	0.18018018018	0.162162162162	0.127927927928	0.147747747748	0.0954954954955	0.140540540541	0.2	0.156756756757	0.171171171171	0.151351351351	0.153153153153	0.153153153153	0.192792792793	0.194594594595	0.131531531532	0.140540540541	0.10990990991	0.2	0.194594594595	0.167567567568	0.0954954954955	0.145945945946	0.16036036036	0.10990990991	0.14954954955	0.151351351351	0.165765765766	0.153153153153	0.185585585586	0.181981981982	0.178378378378	0.16036036036	0.100900900901	0.12972972973	0.154954954955	0.133333333333
159268001-tonguedorsum1.snv.bam	0.145945945946	0.176576576577	0.172972972973	0.0198198198198	0.111711711712	0.151351351351	0.0	0.0342342342342	0.127927927928	0.142342342342	0.21981981982	0.127927927928	0.241441441441	0.136936936937	0.0918918918919	0.126126126126	0.156756756757	0.171171171171	0.190990990991	0.16036036036	0.194594594595	0.172972972973	0.189189189189	0.138738738739	0.127927927928	0.140540540541	0.162162162162	0.18018018018	0.0990990990991	0.0990990990991	0.133333333333	0.162162162162	0.18018018018	0.145945945946	0.156756756757	0.0936936936937	0.0810810810811	0.0108108108108	0.0666666666667	0.0990990990991	0.162162162162	0.196396396396	0.156756756757	0.153153153153	0.162162162162	0.163963963964	0.163963963964	0.174774774775	0.18018018018	0.0666666666667	0.120720720721	0.0738738738739	0.181981981982	0.178378378378	0.138738738739	0.0324324324324	0.171171171171	0.131531531532	0.0918918918919	0.154954954955	0.133333333333	0.124324324324	0.12972972973	0.162162162162	0.167567567568	0.165765765766	0.117117117117	0.102702702703	0.111711711712	0.133333333333	0.106306306306
159470302-tonguedorsum1.snv.bam	0.151351351351	0.172972972973	0.169369369369	0.0288288288288	0.126126126126	0.147747747748	0.0342342342342	0.0	0.135135135135	0.14954954955	0.225225225225	0.131531531532	0.266666666667	0.136936936937	0.0972972972973	0.124324324324	0.151351351351	0.174774774775	0.190990990991	0.169369369369	0.196396396396	0.174774774775	0.198198198198	0.142342342342	0.131531531532	0.163963963964	0.167567567568	0.18018018018	0.106306306306	0.106306306306	0.135135135135	0.163963963964	0.183783783784	0.167567567568	0.18018018018	0.118918918919	0.106306306306	0.0234234234234	0.0702702702703	0.106306306306	0.172972972973	0.212612612613	0.138738738739	0.154954954955	0.154954954955	0.156756756757	0.156756756757	0.172972972973	0.178378378378	0.0936936936937	0.0936936936937	0.0702702702703	0.189189189189	0.185585585586	0.124324324324	0.0504504504505	0.171171171171	0.126126126126	0.0882882882883	0.154954954955	0.138738738739	0.140540540541	0.102702702703	0.136936936937	0.167567567568	0.163963963964	0.122522522523	0.10990990991	0.120720720721	0.131531531532	0.108108108108
159510762-supragingivalplaque3.snv.bam	0.120720720721	0.163963963964	0.16036036036	0.0972972972973	0.102702702703	0.153153153153	0.127927927928	0.135135135135	0.0	0.0	0.126126126126	0.0846846846847	0.25045045045	0.122522522523	0.0810810810811	0.115315315315	0.147747747748	0.16036036036	0.181981981982	0.0954954954955	0.117117117117	0.0972972972973	0.147747747748	0.142342342342	0.124324324324	0.144144144144	0.165765765766	0.104504504505	0.0900900900901	0.0954954954955	0.138738738739	0.0684684684685	0.0900900900901	0.185585585586	0.192792792793	0.169369369369	0.156756756757	0.10990990991	0.131531531532	0.0684684684685	0.171171171171	0.192792792793	0.162162162162	0.158558558559	0.145945945946	0.147747747748	0.147747747748	0.106306306306	0.106306306306	0.124324324324	0.135135135135	0.0774774774775	0.192792792793	0.187387387387	0.162162162162	0.0810810810811	0.163963963964	0.140540540541	0.0954954954955	0.136936936937	0.118918918919	0.122522522523	0.136936936937	0.18018018018	0.185585585586	0.181981981982	0.147747747748	0.108108108108	0.120720720721	0.120720720721	0.104504504505
159510762-tonguedorsum2.snv.bam	0.12972972973	0.176576576577	0.172972972973	0.113513513514	0.111711711712	0.167567567568	0.142342342342	0.14954954955	0.0	0.0	0.127927927928	0.0810810810811	0.261261261261	0.140540540541	0.0918918918919	0.126126126126	0.153153153153	0.165765765766	0.190990990991	0.108108108108	0.131531531532	0.10990990991	0.16036036036	0.151351351351	0.131531531532	0.153153153153	0.181981981982	0.117117117117	0.106306306306	0.106306306306	0.151351351351	0.0756756756757	0.0972972972973	0.192792792793	0.2	0.18018018018	0.167567567568	0.120720720721	0.142342342342	0.0720720720721	0.172972972973	0.2	0.172972972973	0.169369369369	0.165765765766	0.167567567568	0.167567567568	0.111711711712	0.113513513514	0.133333333333	0.151351351351	0.0864864864865	0.203603603604	0.198198198198	0.172972972973	0.0900900900901	0.171171171171	0.151351351351	0.104504504505	0.138738738739	0.12972972973	0.135135135135	0.151351351351	0.189189189189	0.192792792793	0.189189189189	0.156756756757	0.120720720721	0.131531531532	0.138738738739	0.118918918919
159551223-tonguedorsum1.snv.bam	0.194594594595	0.207207207207	0.203603603604	0.178378378378	0.185585585586	0.23963963964	0.21981981982	0.225225225225	0.126126126126	0.127927927928	0.0	0.0252252252252	0.279279279279	0.187387387387	0.163963963964	0.174774774775	0.225225225225	0.237837837838	0.162162162162	0.135135135135	0.115315315315	0.10990990991	0.153153153153	0.192792792793	0.178378378378	0.147747747748	0.223423423423	0.127927927928	0.165765765766	0.165765765766	0.212612612613	0.0702702702703	0.0738738738739	0.245045045045	0.252252252252	0.227027027027	0.218018018018	0.171171171171	0.176576576577	0.0684684684685	0.189189189189	0.236036036036	0.234234234234	0.230630630631	0.227027027027	0.227027027027	0.227027027027	0.0864864864865	0.0864864864865	0.178378378378	0.209009009009	0.0972972972973	0.245045045045	0.23963963964	0.234234234234	0.163963963964	0.194594594595	0.21981981982	0.158558558559	0.216216216216	0.176576576577	0.2	0.228828828829	0.252252252252	0.23963963964	0.23963963964	0.227027027027	0.169369369369	0.171171171171	0.12972972973	0.115315315315
159551223-tonguedorsum2.snv.bam	0.12972972973	0.16036036036	0.162162162162	0.0792792792793	0.0972972972973	0.136936936937	0.127927927928	0.131531531532	0.0846846846847	0.0810810810811	0.0252252252252	0.0	0.248648648649	0.118918918919	0.0900900900901	0.111711711712	0.133333333333	0.158558558559	0.178378378378	0.12972972973	0.162162162162	0.144144144144	0.12972972973	0.133333333333	0.117117117117	0.14954954955	0.151351351351	0.14954954955	0.0666666666667	0.0648648648649	0.135135135135	0.113513513514	0.133333333333	0.176576576577	0.185585585586	0.162162162162	0.147747747748	0.102702702703	0.115315315315	0.0666666666667	0.162162162162	0.190990990991	0.156756756757	0.145945945946	0.167567567568	0.169369369369	0.169369369369	0.117117117117	0.0990990990991	0.115315315315	0.131531531532	0.0702702702703	0.183783783784	0.18018018018	0.151351351351	0.0702702702703	0.153153153153	0.136936936937	0.0774774774775	0.131531531532	0.126126126126	0.115315315315	0.135135135135	0.176576576577	0.169369369369	0.169369369369	0.126126126126	0.100900900901	0.0972972972973	0.122522522523	0.0900900900901
159571453-supragingivalplaque1.snv.bam	0.264864864865	0.281081081081	0.281081081081	0.209009009009	0.245045045045	0.272072072072	0.241441441441	0.266666666667	0.25045045045	0.261261261261	0.279279279279	0.248648648649	0.0	0.246846846847	0.210810810811	0.228828828829	0.281081081081	0.277477477477	0.291891891892	0.272072072072	0.302702702703	0.277477477477	0.277477477477	0.263063063063	0.246846846847	0.254054054054	0.266666666667	0.300900900901	0.21981981982	0.210810810811	0.261261261261	0.266666666667	0.286486486486	0.266666666667	0.275675675676	0.275675675676	0.257657657658	0.234234234234	0.255855855856	0.210810810811	0.275675675676	0.0504504504505	0.259459459459	0.277477477477	0.29009009009	0.291891891892	0.291891891892	0.275675675676	0.277477477477	0.221621621622	0.257657657658	0.207207207207	0.291891891892	0.288288288288	0.266666666667	0.205405405405	0.264864864865	0.268468468468	0.223423423423	0.259459459459	0.232432432432	0.221621621622	0.261261261261	0.299099099099	0.291891891892	0.29009009009	0.261261261261	0.221621621622	0.243243243243	0.228828828829	0.205405405405
159571453-supragingivalplaque2.snv.bam	0.124324324324	0.133333333333	0.131531531532	0.100900900901	0.124324324324	0.135135135135	0.136936936937	0.136936936937	0.122522522523	0.140540540541	0.187387387387	0.118918918919	0.246846846847	0.0	0.0	0.0	0.171171171171	0.154954954955	0.172972972973	0.147747747748	0.189189189189	0.171171171171	0.181981981982	0.131531531532	0.120720720721	0.154954954955	0.172972972973	0.176576576577	0.0540540540541	0.0432432432432	0.113513513514	0.16036036036	0.176576576577	0.162162162162	0.167567567568	0.151351351351	0.140540540541	0.10990990991	0.133333333333	0.0954954954955	0.158558558559	0.178378378378	0.16036036036	0.156756756757	0.156756756757	0.158558558559	0.158558558559	0.147747747748	0.14954954955	0.106306306306	0.115315315315	0.0648648648649	0.187387387387	0.183783783784	0.156756756757	0.0594594594595	0.144144144144	0.133333333333	0.0738738738739	0.115315315315	0.135135135135	0.127927927928	0.131531531532	0.144144144144	0.158558558559	0.158558558559	0.127927927928	0.0738738738739	0.0720720720721	0.124324324324	0.0990990990991
159571453-tonguedorsum1.snv.bam	0.108108108108	0.124324324324	0.120720720721	0.0666666666667	0.0846846846847	0.0954954954955	0.0918918918919	0.0972972972973	0.0810810810811	0.0918918918919	0.163963963964	0.0900900900901	0.210810810811	0.0	0.0	0.00540540540541	0.122522522523	0.118918918919	0.151351351351	0.0936936936937	0.133333333333	0.10990990991	0.16036036036	0.102702702703	0.0882882882883	0.10990990991	0.118918918919	0.122522522523	0.0468468468468	0.0432432432432	0.0810810810811	0.111711711712	0.131531531532	0.0882882882883	0.0936936936937	0.104504504505	0.0936936936937	0.0612612612613	0.0738738738739	0.0594594594595	0.120720720721	0.151351351351	0.126126126126	0.127927927928	0.126126126126	0.127927927928	0.127927927928	0.118918918919	0.118918918919	0.0846846846847	0.0954954954955	0.0504504504505	0.156756756757	0.153153153153	0.122522522523	0.0432432432432	0.0972972972973	0.10990990991	0.0486486486486	0.102702702703	0.0972972972973	0.0918918918919	0.100900900901	0.133333333333	0.142342342342	0.138738738739	0.0900900900901	0.0594594594595	0.0720720720721	0.0972972972973	0.0738738738739
159571453-tonguedorsum2.snv.bam	0.118918918919	0.135135135135	0.135135135135	0.0972972972973	0.115315315315	0.124324324324	0.126126126126	0.124324324324	0.115315315315	0.126126126126	0.174774774775	0.111711711712	0.228828828829	0.0	0.00540540540541	0.0	0.162162162162	0.142342342342	0.158558558559	0.126126126126	0.169369369369	0.14954954955	0.174774774775	0.111711711712	0.100900900901	0.138738738739	0.154954954955	0.16036036036	0.0522522522523	0.045045045045	0.0972972972973	0.136936936937	0.151351351351	0.133333333333	0.138738738739	0.142342342342	0.133333333333	0.0972972972973	0.113513513514	0.0774774774775	0.140540540541	0.162162162162	0.147747747748	0.14954954955	0.153153153153	0.154954954955	0.154954954955	0.145945945946	0.135135135135	0.100900900901	0.106306306306	0.0684684684685	0.162162162162	0.158558558559	0.144144144144	0.0630630630631	0.127927927928	0.126126126126	0.0630630630631	0.106306306306	0.135135135135	0.115315315315	0.115315315315	0.145945945946	0.153153153153	0.151351351351	0.118918918919	0.0702702702703	0.0774774774775	0.113513513514	0.0900900900901
159611913-tonguedorsum1.snv.bam	0.16036036036	0.2	0.196396396396	0.118918918919	0.0468468468468	0.144144144144	0.156756756757	0.151351351351	0.147747747748	0.153153153153	0.225225225225	0.133333333333	0.281081081081	0.171171171171	0.122522522523	0.162162162162	0.0	0.169369369369	0.214414414414	0.133333333333	0.178378378378	0.154954954955	0.207207207207	0.174774774775	0.156756756757	0.185585585586	0.147747747748	0.165765765766	0.135135135135	0.12972972973	0.167567567568	0.171171171171	0.196396396396	0.196396396396	0.205405405405	0.190990990991	0.174774774775	0.138738738739	0.16036036036	0.113513513514	0.18018018018	0.207207207207	0.158558558559	0.189189189189	0.172972972973	0.174774774775	0.174774774775	0.178378378378	0.176576576577	0.144144144144	0.145945945946	0.10990990991	0.201801801802	0.196396396396	0.190990990991	0.111711711712	0.190990990991	0.145945945946	0.100900900901	0.153153153153	0.169369369369	0.135135135135	0.140540540541	0.181981981982	0.174774774775	0.171171171171	0.163963963964	0.12972972973	0.147747747748	0.162162162162	0.144144144144
160178356-tonguedorsum2.snv.bam	0.163963963964	0.16036036036	0.156756756757	0.135135135135	0.142342342342	0.169369369369	0.171171171171	0.174774774775	0.16036036036	0.165765765766	0.237837837838	0.158558558559	0.277477477477	0.154954954955	0.118918918919	0.142342342342	0.169369369369	0.0	0.178378378378	0.183783783784	0.225225225225	0.205405405405	0.201801801802	0.156756756757	0.144144144144	0.190990990991	0.190990990991	0.212612612613	0.126126126126	0.127927927928	0.142342342342	0.185585585586	0.209009009009	0.198198198198	0.205405405405	0.201801801802	0.187387387387	0.140540540541	0.163963963964	0.120720720721	0.176576576577	0.203603603604	0.181981981982	0.169369369369	0.187387387387	0.189189189189	0.189189189189	0.194594594595	0.194594594595	0.156756756757	0.145945945946	0.108108108108	0.236036036036	0.232432432432	0.196396396396	0.117117117117	0.169369369369	0.151351351351	0.0918918918919	0.147747747748	0.154954954955	0.163963963964	0.144144144144	0.172972972973	0.205405405405	0.201801801802	0.16036036036	0.113513513514	0.147747747748	0.147747747748	0.12972972973
160319967-tonguedorsum2.snv.bam	0.178378378378	0.176576576577	0.172972972973	0.16036036036	0.176576576577	0.203603603604	0.190990990991	0.190990990991	0.181981981982	0.190990990991	0.162162162162	0.178378378378	0.291891891892	0.172972972973	0.151351351351	0.158558558559	0.214414414414	0.178378378378	0.0	0.209009009009	0.214414414414	0.198198198198	0.203603603604	0.0954954954955	0.0864864864865	0.216216216216	0.227027027027	0.227027027027	0.154954954955	0.154954954955	0.163963963964	0.178378378378	0.189189189189	0.232432432432	0.241441441441	0.225225225225	0.209009009009	0.158558558559	0.154954954955	0.10990990991	0.192792792793	0.241441441441	0.198198198198	0.207207207207	0.158558558559	0.158558558559	0.158558558559	0.169369369369	0.176576576577	0.167567567568	0.138738738739	0.106306306306	0.248648648649	0.245045045045	0.232432432432	0.144144144144	0.172972972973	0.133333333333	0.100900900901	0.171171171171	0.163963963964	0.189189189189	0.151351351351	0.178378378378	0.210810810811	0.209009009009	0.192792792793	0.127927927928	0.156756756757	0.0990990990991	0.0846846846847
160400887-tonguedorsum1.snv.bam	0.176576576577	0.187387387387	0.183783783784	0.115315315315	0.0954954954955	0.0720720720721	0.16036036036	0.169369369369	0.0954954954955	0.108108108108	0.135135135135	0.12972972973	0.272072072072	0.147747747748	0.0936936936937	0.126126126126	0.133333333333	0.183783783784	0.209009009009	0.0	0.171171171171	0.153153153153	0.187387387387	0.136936936937	0.127927927928	0.163963963964	0.0792792792793	0.156756756757	0.111711711712	0.111711711712	0.156756756757	0.118918918919	0.138738738739	0.194594594595	0.203603603604	0.192792792793	0.174774774775	0.131531531532	0.142342342342	0.0828828828829	0.169369369369	0.203603603604	0.181981981982	0.174774774775	0.176576576577	0.178378378378	0.178378378378	0.127927927928	0.122522522523	0.142342342342	0.165765765766	0.102702702703	0.216216216216	0.210810810811	0.198198198198	0.115315315315	0.163963963964	0.171171171171	0.115315315315	0.162162162162	0.145945945946	0.167567567568	0.178378378378	0.207207207207	0.183783783784	0.181981981982	0.167567567568	0.118918918919	0.133333333333	0.140540540541	0.122522522523
160421117-tonguedorsum1.snv.bam	0.174774774775	0.207207207207	0.203603603604	0.163963963964	0.156756756757	0.203603603604	0.194594594595	0.196396396396	0.117117117117	0.131531531532	0.115315315315	0.162162162162	0.302702702703	0.189189189189	0.133333333333	0.169369369369	0.178378378378	0.225225225225	0.214414414414	0.171171171171	0.0	0.0	0.18018018018	0.154954954955	0.140540540541	0.162162162162	0.201801801802	0.0162162162162	0.158558558559	0.158558558559	0.187387387387	0.0738738738739	0.0810810810811	0.214414414414	0.221621621622	0.198198198198	0.189189189189	0.167567567568	0.169369369369	0.0666666666667	0.172972972973	0.228828828829	0.198198198198	0.198198198198	0.135135135135	0.135135135135	0.135135135135	0.0864864864865	0.0882882882883	0.162162162162	0.192792792793	0.147747747748	0.212612612613	0.207207207207	0.203603603604	0.156756756757	0.176576576577	0.174774774775	0.135135135135	0.196396396396	0.209009009009	0.18018018018	0.183783783784	0.198198198198	0.198198198198	0.198198198198	0.201801801802	0.165765765766	0.162162162162	0.185585585586	0.171171171171
160421117-tonguedorsum2.snv.bam	0.158558558559	0.194594594595	0.190990990991	0.144144144144	0.133333333333	0.185585585586	0.172972972973	0.174774774775	0.0972972972973	0.10990990991	0.10990990991	0.144144144144	0.277477477477	0.171171171171	0.10990990991	0.14954954955	0.154954954955	0.205405405405	0.198198198198	0.153153153153	0.0	0.0	0.158558558559	0.144144144144	0.12972972973	0.142342342342	0.176576576577	0.00900900900901	0.135135135135	0.135135135135	0.167567567568	0.0684684684685	0.0756756756757	0.194594594595	0.201801801802	0.183783783784	0.174774774775	0.147747747748	0.147747747748	0.0576576576577	0.162162162162	0.207207207207	0.171171171171	0.178378378378	0.122522522523	0.122522522523	0.122522522523	0.0810810810811	0.0846846846847	0.144144144144	0.172972972973	0.127927927928	0.194594594595	0.189189189189	0.187387387387	0.136936936937	0.165765765766	0.158558558559	0.117117117117	0.176576576577	0.183783783784	0.158558558559	0.163963963964	0.181981981982	0.183783783784	0.183783783784	0.176576576577	0.151351351351	0.145945945946	0.167567567568	0.153153153153
160502038-tonguedorsum3.snv.bam	0.176576576577	0.216216216216	0.212612612613	0.158558558559	0.171171171171	0.2	0.189189189189	0.198198198198	0.147747747748	0.16036036036	0.153153153153	0.12972972973	0.277477477477	0.181981981982	0.16036036036	0.174774774775	0.207207207207	0.201801801802	0.203603603604	0.187387387387	0.18018018018	0.158558558559	0.0	0.16036036036	0.144144144144	0.108108108108	0.162162162162	0.167567567568	0.136936936937	0.131531531532	0.172972972973	0.140540540541	0.158558558559	0.225225225225	0.232432432432	0.210810810811	0.198198198198	0.172972972973	0.196396396396	0.102702702703	0.203603603604	0.218018018018	0.165765765766	0.171171171171	0.196396396396	0.198198198198	0.198198198198	0.140540540541	0.140540540541	0.151351351351	0.167567567568	0.10990990991	0.216216216216	0.210810810811	0.209009009009	0.131531531532	0.205405405405	0.181981981982	0.118918918919	0.181981981982	0.18018018018	0.172972972973	0.18018018018	0.207207207207	0.192792792793	0.192792792793	0.2	0.136936936937	0.14954954955	0.176576576577	0.14954954955
160582958-tonguedorsum2.snv.bam	0.118918918919	0.145945945946	0.142342342342	0.117117117117	0.133333333333	0.122522522523	0.138738738739	0.142342342342	0.142342342342	0.151351351351	0.192792792793	0.133333333333	0.263063063063	0.131531531532	0.102702702703	0.111711711712	0.174774774775	0.156756756757	0.0954954954955	0.136936936937	0.154954954955	0.144144144144	0.16036036036	0.0	0.0	0.174774774775	0.151351351351	0.165765765766	0.10990990991	0.104504504505	0.117117117117	0.135135135135	0.145945945946	0.183783783784	0.192792792793	0.174774774775	0.156756756757	0.120720720721	0.12972972973	0.0576576576577	0.136936936937	0.185585585586	0.153153153153	0.16036036036	0.117117117117	0.117117117117	0.117117117117	0.135135135135	0.138738738739	0.120720720721	0.108108108108	0.0828828828829	0.2	0.196396396396	0.181981981982	0.0972972972973	0.117117117117	0.100900900901	0.0666666666667	0.12972972973	0.145945945946	0.145945945946	0.113513513514	0.138738738739	0.154954954955	0.151351351351	0.133333333333	0.0828828828829	0.106306306306	0.10990990991	0.0864864864865
160582958-tonguedorsum3.snv.bam	0.106306306306	0.133333333333	0.12972972973	0.108108108108	0.120720720721	0.120720720721	0.127927927928	0.131531531532	0.124324324324	0.131531531532	0.178378378378	0.117117117117	0.246846846847	0.120720720721	0.0882882882883	0.100900900901	0.156756756757	0.144144144144	0.0864864864865	0.127927927928	0.140540540541	0.12972972973	0.144144144144	0.0	0.0	0.158558558559	0.144144144144	0.151351351351	0.0918918918919	0.0882882882883	0.104504504505	0.118918918919	0.12972972973	0.171171171171	0.176576576577	0.162162162162	0.145945945946	0.10990990991	0.113513513514	0.0522522522523	0.126126126126	0.174774774775	0.136936936937	0.147747747748	0.102702702703	0.102702702703	0.102702702703	0.118918918919	0.122522522523	0.113513513514	0.0954954954955	0.0756756756757	0.183783783784	0.18018018018	0.163963963964	0.0864864864865	0.106306306306	0.0828828828829	0.0576576576577	0.115315315315	0.127927927928	0.127927927928	0.0990990990991	0.124324324324	0.138738738739	0.135135135135	0.124324324324	0.0774774774775	0.0954954954955	0.0954954954955	0.0810810810811
160603188-tonguedorsum3.snv.bam	0.167567567568	0.167567567568	0.163963963964	0.12972972973	0.138738738739	0.183783783784	0.140540540541	0.163963963964	0.144144144144	0.153153153153	0.147747747748	0.14954954955	0.254054054054	0.154954954955	0.10990990991	0.138738738739	0.185585585586	0.190990990991	0.216216216216	0.163963963964	0.162162162162	0.142342342342	0.108108108108	0.174774774775	0.158558558559	0.0	0.135135135135	0.153153153153	0.117117117117	0.118918918919	0.171171171171	0.127927927928	0.144144144144	0.165765765766	0.171171171171	0.172972972973	0.162162162162	0.138738738739	0.171171171171	0.0954954954955	0.185585585586	0.190990990991	0.165765765766	0.196396396396	0.190990990991	0.192792792793	0.192792792793	0.113513513514	0.115315315315	0.127927927928	0.156756756757	0.0882882882883	0.2	0.194594594595	0.192792792793	0.113513513514	0.187387387387	0.163963963964	0.111711711712	0.151351351351	0.144144144144	0.162162162162	0.165765765766	0.187387387387	0.176576576577	0.176576576577	0.190990990991	0.131531531532	0.12972972973	0.138738738739	0.127927927928
160906640-tonguedorsum1.snv.bam	0.181981981982	0.210810810811	0.205405405405	0.133333333333	0.120720720721	0.0684684684685	0.162162162162	0.167567567568	0.165765765766	0.181981981982	0.223423423423	0.151351351351	0.266666666667	0.172972972973	0.118918918919	0.154954954955	0.147747747748	0.190990990991	0.227027027027	0.0792792792793	0.201801801802	0.176576576577	0.162162162162	0.151351351351	0.144144144144	0.135135135135	0.0	0.187387387387	0.120720720721	0.126126126126	0.154954954955	0.194594594595	0.214414414414	0.212612612613	0.221621621622	0.201801801802	0.183783783784	0.142342342342	0.16036036036	0.108108108108	0.14954954955	0.207207207207	0.16036036036	0.183783783784	0.16036036036	0.162162162162	0.162162162162	0.209009009009	0.210810810811	0.14954954955	0.16036036036	0.120720720721	0.207207207207	0.201801801802	0.178378378378	0.124324324324	0.151351351351	0.183783783784	0.12972972973	0.171171171171	0.163963963964	0.178378378378	0.172972972973	0.212612612613	0.194594594595	0.190990990991	0.18018018018	0.12972972973	0.145945945946	0.169369369369	0.14954954955
234447334-tonguedorsum2.snv.bam	0.158558558559	0.214414414414	0.210810810811	0.14954954955	0.142342342342	0.189189189189	0.18018018018	0.18018018018	0.104504504505	0.117117117117	0.127927927928	0.14954954955	0.300900900901	0.176576576577	0.122522522523	0.16036036036	0.165765765766	0.212612612613	0.227027027027	0.156756756757	0.0162162162162	0.00900900900901	0.167567567568	0.165765765766	0.151351351351	0.153153153153	0.187387387387	0.0	0.142342342342	0.144144144144	0.176576576577	0.0828828828829	0.0954954954955	0.203603603604	0.210810810811	0.185585585586	0.176576576577	0.156756756757	0.169369369369	0.0774774774775	0.178378378378	0.225225225225	0.18018018018	0.185585585586	0.145945945946	0.147747747748	0.147747747748	0.0972972972973	0.0936936936937	0.151351351351	0.178378378378	0.133333333333	0.198198198198	0.192792792793	0.189189189189	0.142342342342	0.189189189189	0.171171171171	0.124324324324	0.183783783784	0.2	0.167567567568	0.169369369369	0.185585585586	0.185585585586	0.185585585586	0.185585585586	0.156756756757	0.151351351351	0.185585585586	0.172972972973
246515023-tonguedorsum1.snv.bam	0.100900900901	0.117117117117	0.113513513514	0.0576576576577	0.0828828828829	0.113513513514	0.0990990990991	0.106306306306	0.0900900900901	0.106306306306	0.165765765766	0.0666666666667	0.21981981982	0.0540540540541	0.0468468468468	0.0522522522523	0.135135135135	0.126126126126	0.154954954955	0.111711711712	0.158558558559	0.135135135135	0.136936936937	0.10990990991	0.0918918918919	0.117117117117	0.120720720721	0.142342342342	0.0	0.0	0.0972972972973	0.12972972973	0.147747747748	0.14954954955	0.158558558559	0.133333333333	0.117117117117	0.0828828828829	0.104504504505	0.0720720720721	0.124324324324	0.16036036036	0.127927927928	0.126126126126	0.142342342342	0.144144144144	0.144144144144	0.122522522523	0.118918918919	0.0864864864865	0.102702702703	0.0504504504505	0.162162162162	0.158558558559	0.131531531532	0.0396396396396	0.117117117117	0.10990990991	0.0486486486486	0.0900900900901	0.0882882882883	0.0954954954955	0.113513513514	0.138738738739	0.14954954955	0.144144144144	0.108108108108	0.0702702702703	0.0792792792793	0.0918918918919	0.0720720720721
246515023-tonguedorsum2.snv.bam	0.100900900901	0.120720720721	0.117117117117	0.0612612612613	0.0882882882883	0.117117117117	0.0990990990991	0.106306306306	0.0954954954955	0.106306306306	0.165765765766	0.0648648648649	0.210810810811	0.0432432432432	0.0432432432432	0.045045045045	0.12972972973	0.127927927928	0.154954954955	0.111711711712	0.158558558559	0.135135135135	0.131531531532	0.104504504505	0.0882882882883	0.118918918919	0.126126126126	0.144144144144	0.0	0.0	0.0990990990991	0.127927927928	0.145945945946	0.147747747748	0.156756756757	0.135135135135	0.118918918919	0.0828828828829	0.106306306306	0.0702702702703	0.126126126126	0.154954954955	0.120720720721	0.131531531532	0.140540540541	0.142342342342	0.142342342342	0.115315315315	0.113513513514	0.0882882882883	0.104504504505	0.0540540540541	0.16036036036	0.156756756757	0.133333333333	0.0414414414414	0.126126126126	0.106306306306	0.0558558558559	0.0972972972973	0.0936936936937	0.0990990990991	0.102702702703	0.133333333333	0.147747747748	0.144144144144	0.100900900901	0.0756756756757	0.0828828828829	0.0972972972973	0.0774774774775
370027359-tonguedorsum3.snv.bam	0.153153153153	0.158558558559	0.154954954955	0.106306306306	0.131531531532	0.142342342342	0.133333333333	0.135135135135	0.138738738739	0.151351351351	0.212612612613	0.135135135135	0.261261261261	0.113513513514	0.0810810810811	0.0972972972973	0.167567567568	0.142342342342	0.163963963964	0.156756756757	0.187387387387	0.167567567568	0.172972972973	0.117117117117	0.104504504505	0.171171171171	0.154954954955	0.176576576577	0.0972972972973	0.0990990990991	0.0	0.158558558559	0.172972972973	0.178378378378	0.187387387387	0.167567567568	0.153153153153	0.108108108108	0.133333333333	0.0882882882883	0.156756756757	0.194594594595	0.158558558559	0.0738738738739	0.145945945946	0.147747747748	0.147747747748	0.174774774775	0.176576576577	0.108108108108	0.12972972973	0.0864864864865	0.176576576577	0.172972972973	0.144144144144	0.0810810810811	0.138738738739	0.122522522523	0.0720720720721	0.133333333333	0.115315315315	0.145945945946	0.136936936937	0.165765765766	0.169369369369	0.165765765766	0.133333333333	0.0306306306306	0.102702702703	0.111711711712	0.0954954954955
404239096-supragingivalplaque2.snv.bam	0.138738738739	0.162162162162	0.158558558559	0.12972972973	0.142342342342	0.185585585586	0.162162162162	0.163963963964	0.0684684684685	0.0756756756757	0.0702702702703	0.113513513514	0.266666666667	0.16036036036	0.111711711712	0.136936936937	0.171171171171	0.185585585586	0.178378378378	0.118918918919	0.0738738738739	0.0684684684685	0.140540540541	0.135135135135	0.118918918919	0.127927927928	0.194594594595	0.0828828828829	0.12972972973	0.127927927928	0.158558558559	0.0	0.0	0.187387387387	0.196396396396	0.167567567568	0.16036036036	0.133333333333	0.136936936937	0.0234234234234	0.162162162162	0.201801801802	0.198198198198	0.174774774775	0.178378378378	0.178378378378	0.178378378378	0.0486486486486	0.0504504504505	0.142342342342	0.187387387387	0.106306306306	0.192792792793	0.187387387387	0.178378378378	0.124324324324	0.165765765766	0.158558558559	0.113513513514	0.176576576577	0.147747747748	0.163963963964	0.181981981982	0.194594594595	0.185585585586	0.185585585586	0.158558558559	0.138738738739	0.144144144144	0.12972972973	0.111711711712
404239096-tonguedorsum1.snv.bam	0.156756756757	0.172972972973	0.169369369369	0.145945945946	0.162162162162	0.207207207207	0.18018018018	0.183783783784	0.0900900900901	0.0972972972973	0.0738738738739	0.133333333333	0.286486486486	0.176576576577	0.131531531532	0.151351351351	0.196396396396	0.209009009009	0.189189189189	0.138738738739	0.0810810810811	0.0756756756757	0.158558558559	0.145945945946	0.12972972973	0.144144144144	0.214414414414	0.0954954954955	0.147747747748	0.145945945946	0.172972972973	0.0	0.0	0.207207207207	0.216216216216	0.185585585586	0.178378378378	0.151351351351	0.153153153153	0.036036036036	0.172972972973	0.21981981982	0.223423423423	0.190990990991	0.194594594595	0.194594594595	0.194594594595	0.0612612612613	0.0648648648649	0.158558558559	0.207207207207	0.126126126126	0.209009009009	0.203603603604	0.192792792793	0.144144144144	0.174774774775	0.169369369369	0.12972972973	0.2	0.165765765766	0.185585585586	0.201801801802	0.216216216216	0.205405405405	0.205405405405	0.181981981982	0.153153153153	0.158558558559	0.144144144144	0.133333333333
508703490-tonguedorsum1.snv.bam	0.162162162162	0.216216216216	0.212612612613	0.147747747748	0.174774774775	0.203603603604	0.145945945946	0.167567567568	0.185585585586	0.192792792793	0.245045045045	0.176576576577	0.266666666667	0.162162162162	0.0882882882883	0.133333333333	0.196396396396	0.198198198198	0.232432432432	0.194594594595	0.214414414414	0.194594594595	0.225225225225	0.183783783784	0.171171171171	0.165765765766	0.212612612613	0.203603603604	0.14954954955	0.147747747748	0.178378378378	0.187387387387	0.207207207207	0.0	0.0	0.115315315315	0.113513513514	0.126126126126	0.14954954955	0.151351351351	0.232432432432	0.201801801802	0.203603603604	0.194594594595	0.232432432432	0.234234234234	0.234234234234	0.196396396396	0.192792792793	0.131531531532	0.196396396396	0.136936936937	0.205405405405	0.205405405405	0.117117117117	0.131531531532	0.232432432432	0.181981981982	0.136936936937	0.169369369369	0.178378378378	0.163963963964	0.176576576577	0.153153153153	0.142342342342	0.142342342342	0.118918918919	0.136936936937	0.140540540541	0.172972972973	0.158558558559
