	CCIS07648107ST-4-0.snv.bam	CCIS22275061ST-4-0.snv.bam	CCIS22906510ST-20-0.snv.bam	CCIS22958137ST-20-0.snv.bam	CCIS38765456ST-20-0.snv.bam	CCIS48174381ST-4-0.snv.bam	CCIS59132091ST-4-0.snv.bam	CCIS78100604ST-4-0.snv.bam	CCIS81710917ST-20-0.snv.bam	CCIS82146115ST-4-0.snv.bam	CCIS88007743ST-4-0.snv.bam	CCIS95097901ST-4-0.snv.bam	MMRS44197125ST-27-0-0.snv.bam	MMRS72980899ST-27-0-0.snv.bam	NG-5636_332.snv.bam	NG-5636_354.snv.bam	NG-5636_526.snv.bam	NG-5636_561.snv.bam	O2.UC4-1.snv.bam	O2.UC50-0.snv.bam	SAMEA3136626.snv.bam	SAMEA3136635.snv.bam	SAMEA3136636.snv.bam	SAMEA3136643.snv.bam	SAMEA3136661.snv.bam	SAMEA3136672.snv.bam	SAMEA3136685.snv.bam	SAMEA3136693.snv.bam	SAMEA3136696.snv.bam	SAMEA3136697.snv.bam	SAMEA3136708.snv.bam	SAMEA3136717.snv.bam	SAMEA3136720.snv.bam	SAMEA3136756.snv.bam	V1.CD15-3.snv.bam	V1.CD46-0.snv.bam	V1.CD48-0.snv.bam	V1.CD52-0.snv.bam	V1.FI15.snv.bam	V1.FI29.snv.bam	V1.FI36.snv.bam	daisy-11-0-0.snv.bam
CCIS07648107ST-4-0.snv.bam	0.0	0.0864197530864	0.143209876543	0.0246913580247	0.162962962963	0.19012345679	0.0123456790123	0.0493827160494	0.197530864198	0.0864197530864	0.259259259259	0.0938271604938	0.222222222222	0.195061728395	0.18024691358	0.0888888888889	0.0938271604938	0.0814814814815	0.101234567901	0.165432098765	0.185185185185	0.212345679012	0.21975308642	0.165432098765	0.0814814814815	0.133333333333	0.108641975309	0.172839506173	0.20987654321	0.0567901234568	0.118518518519	0.185185185185	0.0814814814815	0.0543209876543	0.177777777778	0.204938271605	0.0864197530864	0.135802469136	0.0740740740741	0.0864197530864	0.214814814815	0.22962962963
CCIS22275061ST-4-0.snv.bam	0.0864197530864	0.0	0.155555555556	0.0814814814815	0.150617283951	0.182716049383	0.0888888888889	0.106172839506	0.214814814815	0.0691358024691	0.288888888889	0.0938271604938	0.227160493827	0.18024691358	0.172839506173	0.0987654320988	0.103703703704	0.0888888888889	0.0765432098765	0.182716049383	0.158024691358	0.195061728395	0.187654320988	0.153086419753	0.0641975308642	0.130864197531	0.106172839506	0.130864197531	0.234567901235	0.0938271604938	0.123456790123	0.167901234568	0.0888888888889	0.123456790123	0.172839506173	0.202469135802	0.0	0.143209876543	0.140740740741	0.0	0.207407407407	0.222222222222
CCIS22906510ST-20-0.snv.bam	0.143209876543	0.155555555556	0.0	0.143209876543	0.162962962963	0.214814814815	0.133333333333	0.138271604938	0.20987654321	0.143209876543	0.269135802469	0.145679012346	0.224691358025	0.175308641975	0.18024691358	0.135802469136	0.118518518519	0.128395061728	0.143209876543	0.187654320988	0.17037037037	0.212345679012	0.222222222222	0.172839506173	0.148148148148	0.133333333333	0.140740740741	0.182716049383	0.212345679012	0.133333333333	0.172839506173	0.192592592593	0.128395061728	0.153086419753	0.185185185185	0.185185185185	0.155555555556	0.041975308642	0.158024691358	0.155555555556	0.204938271605	0.20987654321
CCIS22958137ST-20-0.snv.bam	0.0246913580247	0.0814814814815	0.143209876543	0.0	0.138271604938	0.175308641975	0.0172839506173	0.0395061728395	0.2	0.0691358024691	0.269135802469	0.079012345679	0.237037037037	0.192592592593	0.162962962963	0.0864197530864	0.0962962962963	0.079012345679	0.083950617284	0.165432098765	0.167901234568	0.195061728395	0.207407407407	0.150617283951	0.0641975308642	0.130864197531	0.106172839506	0.165432098765	0.227160493827	0.0567901234568	0.111111111111	0.167901234568	0.079012345679	0.0691358024691	0.16049382716	0.214814814815	0.0814814814815	0.133333333333	0.0740740740741	0.0814814814815	0.21975308642	0.212345679012
CCIS38765456ST-20-0.snv.bam	0.162962962963	0.150617283951	0.162962962963	0.138271604938	0.0	0.103703703704	0.158024691358	0.128395061728	0.0592592592593	0.135802469136	0.269135802469	0.162962962963	0.227160493827	0.145679012346	0.0962962962963	0.158024691358	0.16049382716	0.150617283951	0.133333333333	0.113580246914	0.135802469136	0.125925925926	0.0765432098765	0.0740740740741	0.138271604938	0.165432098765	0.153086419753	0.083950617284	0.0814814814815	0.158024691358	0.17037037037	0.0913580246914	0.150617283951	0.185185185185	0.0567901234568	0.175308641975	0.150617283951	0.158024691358	0.148148148148	0.150617283951	0.0567901234568	0.116049382716
CCIS48174381ST-4-0.snv.bam	0.19012345679	0.182716049383	0.214814814815	0.175308641975	0.103703703704	0.0	0.182716049383	0.17037037037	0.120987654321	0.172839506173	0.286419753086	0.192592592593	0.241975308642	0.204938271605	0.123456790123	0.187654320988	0.17037037037	0.177777777778	0.155555555556	0.145679012346	0.165432098765	0.116049382716	0.123456790123	0.0987654320988	0.17037037037	0.19012345679	0.165432098765	0.155555555556	0.18024691358	0.182716049383	0.167901234568	0.106172839506	0.177777777778	0.217283950617	0.0938271604938	0.185185185185	0.182716049383	0.20987654321	0.158024691358	0.182716049383	0.143209876543	0.123456790123
CCIS59132091ST-4-0.snv.bam	0.0123456790123	0.0888888888889	0.133333333333	0.0172839506173	0.158024691358	0.182716049383	0.0	0.037037037037	0.195061728395	0.0740740740741	0.271604938272	0.0864197530864	0.22962962963	0.202469135802	0.172839506173	0.0765432098765	0.0888888888889	0.0691358024691	0.0888888888889	0.177777777778	0.175308641975	0.204938271605	0.217283950617	0.16049382716	0.0691358024691	0.120987654321	0.0962962962963	0.175308641975	0.222222222222	0.0444444444444	0.106172839506	0.177777777778	0.0691358024691	0.0567901234568	0.17037037037	0.207407407407	0.0888888888889	0.123456790123	0.0617283950617	0.0888888888889	0.227160493827	0.222222222222
CCIS78100604ST-4-0.snv.bam	0.0493827160494	0.106172839506	0.138271604938	0.0395061728395	0.128395061728	0.17037037037	0.037037037037	0.0	0.202469135802	0.0913580246914	0.286419753086	0.116049382716	0.232098765432	0.185185185185	0.155555555556	0.103703703704	0.111111111111	0.106172839506	0.101234567901	0.175308641975	0.162962962963	0.192592592593	0.204938271605	0.140740740741	0.083950617284	0.138271604938	0.113580246914	0.17037037037	0.217283950617	0.0814814814815	0.130864197531	0.16049382716	0.106172839506	0.0913580246914	0.133333333333	0.21975308642	0.106172839506	0.140740740741	0.0938271604938	0.106172839506	0.19012345679	0.204938271605
CCIS81710917ST-20-0.snv.bam	0.197530864198	0.214814814815	0.20987654321	0.2	0.0592592592593	0.120987654321	0.195061728395	0.202469135802	0.0	0.197530864198	0.296296296296	0.212345679012	0.256790123457	0.2	0.113580246914	0.197530864198	0.185185185185	0.19012345679	0.197530864198	0.128395061728	0.158024691358	0.165432098765	0.0567901234568	0.0864197530864	0.212345679012	0.177777777778	0.167901234568	0.133333333333	0.101234567901	0.195061728395	0.204938271605	0.0987654320988	0.19012345679	0.192592592593	0.0913580246914	0.204938271605	0.214814814815	0.195061728395	0.185185185185	0.214814814815	0.106172839506	0.130864197531
CCIS82146115ST-4-0.snv.bam	0.0864197530864	0.0691358024691	0.143209876543	0.0691358024691	0.135802469136	0.172839506173	0.0740740740741	0.0913580246914	0.197530864198	0.0	0.256790123457	0.0543209876543	0.237037037037	0.187654320988	0.16049382716	0.0765432098765	0.0493827160494	0.0296296296296	0.0246913580247	0.177777777778	0.17037037037	0.204938271605	0.195061728395	0.145679012346	0.0197530864198	0.123456790123	0.101234567901	0.155555555556	0.234567901235	0.0444444444444	0.118518518519	0.162962962963	0.0296296296296	0.123456790123	0.165432098765	0.227160493827	0.0691358024691	0.118518518519	0.123456790123	0.0691358024691	0.217283950617	0.212345679012
CCIS88007743ST-4-0.snv.bam	0.259259259259	0.288888888889	0.269135802469	0.269135802469	0.269135802469	0.286419753086	0.271604938272	0.286419753086	0.296296296296	0.256790123457	0.0	0.23950617284	0.237037037037	0.306172839506	0.281481481481	0.279012345679	0.251851851852	0.259259259259	0.271604938272	0.269135802469	0.286419753086	0.291358024691	0.313580246914	0.271604938272	0.251851851852	0.23950617284	0.261728395062	0.276543209877	0.279012345679	0.232098765432	0.259259259259	0.293827160494	0.261728395062	0.271604938272	0.283950617284	0.269135802469	0.288888888889	0.276543209877	0.259259259259	0.288888888889	0.279012345679	0.293827160494
CCIS95097901ST-4-0.snv.bam	0.0938271604938	0.0938271604938	0.145679012346	0.079012345679	0.162962962963	0.192592592593	0.0864197530864	0.116049382716	0.212345679012	0.0543209876543	0.23950617284	0.0	0.227160493827	0.207407407407	0.153086419753	0.0888888888889	0.0641975308642	0.0469135802469	0.0592592592593	0.172839506173	0.192592592593	0.20987654321	0.202469135802	0.145679012346	0.0592592592593	0.138271604938	0.113580246914	0.18024691358	0.224691358025	0.0567901234568	0.101234567901	0.158024691358	0.0469135802469	0.130864197531	0.18024691358	0.227160493827	0.0938271604938	0.135802469136	0.130864197531	0.0938271604938	0.217283950617	0.227160493827
MMRS44197125ST-27-0-0.snv.bam	0.222222222222	0.227160493827	0.224691358025	0.237037037037	0.227160493827	0.241975308642	0.22962962963	0.232098765432	0.256790123457	0.237037037037	0.237037037037	0.227160493827	0.0	0.281481481481	0.234567901235	0.202469135802	0.2	0.224691358025	0.234567901235	0.23950617284	0.237037037037	0.234567901235	0.259259259259	0.222222222222	0.227160493827	0.234567901235	0.237037037037	0.251851851852	0.249382716049	0.214814814815	0.197530864198	0.23950617284	0.224691358025	0.237037037037	0.23950617284	0.212345679012	0.227160493827	0.227160493827	0.234567901235	0.227160493827	0.241975308642	0.23950617284
MMRS72980899ST-27-0-0.snv.bam	0.195061728395	0.18024691358	0.175308641975	0.192592592593	0.145679012346	0.204938271605	0.202469135802	0.185185185185	0.2	0.187654320988	0.306172839506	0.207407407407	0.281481481481	0.0	0.158024691358	0.217283950617	0.18024691358	0.197530864198	0.187654320988	0.19012345679	0.145679012346	0.207407407407	0.222222222222	0.155555555556	0.195061728395	0.234567901235	0.20987654321	0.113580246914	0.23950617284	0.207407407407	0.23950617284	0.165432098765	0.197530864198	0.237037037037	0.175308641975	0.234567901235	0.18024691358	0.167901234568	0.167901234568	0.18024691358	0.212345679012	0.20987654321
NG-5636_332.snv.bam	0.18024691358	0.172839506173	0.18024691358	0.162962962963	0.0962962962963	0.123456790123	0.172839506173	0.155555555556	0.113580246914	0.16049382716	0.281481481481	0.153086419753	0.234567901235	0.158024691358	0.0	0.17037037037	0.167901234568	0.167901234568	0.16049382716	0.106172839506	0.155555555556	0.162962962963	0.0888888888889	0.0172839506173	0.162962962963	0.187654320988	0.162962962963	0.118518518519	0.145679012346	0.167901234568	0.175308641975	0.0172839506173	0.167901234568	0.20987654321	0.0864197530864	0.214814814815	0.172839506173	0.19012345679	0.143209876543	0.172839506173	0.118518518519	0.138271604938
NG-5636_354.snv.bam	0.0888888888889	0.0987654320988	0.135802469136	0.0864197530864	0.158024691358	0.187654320988	0.0765432098765	0.103703703704	0.197530864198	0.0765432098765	0.279012345679	0.0888888888889	0.202469135802	0.217283950617	0.17037037037	0.0	0.0814814814815	0.0617283950617	0.0814814814815	0.187654320988	0.19012345679	0.21975308642	0.21975308642	0.16049382716	0.0864197530864	0.120987654321	0.0962962962963	0.197530864198	0.232098765432	0.0716049382716	0.118518518519	0.175308641975	0.0617283950617	0.118518518519	0.172839506173	0.212345679012	0.0987654320988	0.120987654321	0.125925925926	0.0987654320988	0.234567901235	0.234567901235
NG-5636_526.snv.bam	0.0938271604938	0.103703703704	0.118518518519	0.0962962962963	0.16049382716	0.17037037037	0.0888888888889	0.111111111111	0.185185185185	0.0493827160494	0.251851851852	0.0641975308642	0.2	0.18024691358	0.167901234568	0.0814814814815	0.0	0.0197530864198	0.041975308642	0.167901234568	0.16049382716	0.192592592593	0.212345679012	0.153086419753	0.0691358024691	0.106172839506	0.083950617284	0.165432098765	0.222222222222	0.0592592592593	0.120987654321	0.17037037037	0.0197530864198	0.130864197531	0.17037037037	0.2	0.103703703704	0.0814814814815	0.140740740741	0.103703703704	0.20987654321	0.20987654321
NG-5636_561.snv.bam	0.0814814814815	0.0888888888889	0.128395061728	0.079012345679	0.150617283951	0.177777777778	0.0691358024691	0.106172839506	0.19012345679	0.0296296296296	0.259259259259	0.0469135802469	0.224691358025	0.197530864198	0.167901234568	0.0617283950617	0.0197530864198	0.0	0.0246913580247	0.172839506173	0.18024691358	0.20987654321	0.217283950617	0.155555555556	0.0493827160494	0.106172839506	0.0814814814815	0.17037037037	0.227160493827	0.0395061728395	0.106172839506	0.172839506173	0.0	0.118518518519	0.17037037037	0.214814814815	0.0888888888889	0.0938271604938	0.123456790123	0.0888888888889	0.217283950617	0.227160493827
O2.UC4-1.snv.bam	0.101234567901	0.0765432098765	0.143209876543	0.083950617284	0.133333333333	0.155555555556	0.0888888888889	0.101234567901	0.197530864198	0.0246913580247	0.271604938272	0.0592592592593	0.234567901235	0.187654320988	0.16049382716	0.0814814814815	0.041975308642	0.0246913580247	0.0	0.165432098765	0.167901234568	0.187654320988	0.2	0.140740740741	0.0444444444444	0.113580246914	0.0888888888889	0.153086419753	0.227160493827	0.0592592592593	0.123456790123	0.155555555556	0.0246913580247	0.138271604938	0.158024691358	0.224691358025	0.0765432098765	0.113580246914	0.138271604938	0.0765432098765	0.195061728395	0.2
O2.UC50-0.snv.bam	0.165432098765	0.182716049383	0.187654320988	0.165432098765	0.113580246914	0.145679012346	0.177777777778	0.175308641975	0.128395061728	0.177777777778	0.269135802469	0.172839506173	0.23950617284	0.19012345679	0.106172839506	0.187654320988	0.167901234568	0.172839506173	0.165432098765	0.0	0.17037037037	0.185185185185	0.145679012346	0.083950617284	0.182716049383	0.19012345679	0.165432098765	0.125925925926	0.133333333333	0.172839506173	0.185185185185	0.0987654320988	0.172839506173	0.2	0.0814814814815	0.217283950617	0.182716049383	0.192592592593	0.153086419753	0.182716049383	0.123456790123	0.172839506173
SAMEA3136626.snv.bam	0.185185185185	0.158024691358	0.17037037037	0.167901234568	0.135802469136	0.165432098765	0.175308641975	0.162962962963	0.158024691358	0.17037037037	0.286419753086	0.192592592593	0.237037037037	0.145679012346	0.155555555556	0.19012345679	0.16049382716	0.18024691358	0.167901234568	0.17037037037	0.0	0.155555555556	0.165432098765	0.138271604938	0.18024691358	0.17037037037	0.167901234568	0.123456790123	0.2	0.18024691358	0.212345679012	0.150617283951	0.18024691358	0.18024691358	0.153086419753	0.175308641975	0.158024691358	0.155555555556	0.111111111111	0.158024691358	0.182716049383	0.158024691358
SAMEA3136635.snv.bam	0.212345679012	0.195061728395	0.212345679012	0.195061728395	0.125925925926	0.116049382716	0.204938271605	0.192592592593	0.165432098765	0.204938271605	0.291358024691	0.20987654321	0.234567901235	0.207407407407	0.162962962963	0.21975308642	0.192592592593	0.20987654321	0.187654320988	0.185185185185	0.155555555556	0.0	0.153086419753	0.148148148148	0.202469135802	0.204938271605	0.197530864198	0.165432098765	0.19012345679	0.204938271605	0.155555555556	0.155555555556	0.20987654321	0.22962962963	0.128395061728	0.187654320988	0.195061728395	0.2	0.187654320988	0.195061728395	0.148148148148	0.0864197530864
SAMEA3136636.snv.bam	0.21975308642	0.187654320988	0.222222222222	0.207407407407	0.0765432098765	0.123456790123	0.217283950617	0.204938271605	0.0567901234568	0.195061728395	0.313580246914	0.202469135802	0.259259259259	0.222222222222	0.0888888888889	0.21975308642	0.212345679012	0.217283950617	0.2	0.145679012346	0.165432098765	0.153086419753	0.0	0.0691358024691	0.2	0.19012345679	0.18024691358	0.145679012346	0.116049382716	0.217283950617	0.214814814815	0.0765432098765	0.217283950617	0.214814814815	0.0987654320988	0.21975308642	0.187654320988	0.222222222222	0.2	0.187654320988	0.0938271604938	0.128395061728
SAMEA3136643.snv.bam	0.165432098765	0.153086419753	0.172839506173	0.150617283951	0.0740740740741	0.0987654320988	0.16049382716	0.140740740741	0.0864197530864	0.145679012346	0.271604938272	0.145679012346	0.222222222222	0.155555555556	0.0172839506173	0.16049382716	0.153086419753	0.155555555556	0.140740740741	0.083950617284	0.138271604938	0.148148148148	0.0691358024691	0.0	0.148148148148	0.17037037037	0.145679012346	0.0938271604938	0.113580246914	0.155555555556	0.167901234568	0.0	0.155555555556	0.195061728395	0.0543209876543	0.207407407407	0.153086419753	0.182716049383	0.138271604938	0.153086419753	0.0938271604938	0.128395061728
SAMEA3136661.snv.bam	0.0814814814815	0.0641975308642	0.148148148148	0.0641975308642	0.138271604938	0.17037037037	0.0691358024691	0.083950617284	0.212345679012	0.0197530864198	0.251851851852	0.0592592592593	0.227160493827	0.195061728395	0.162962962963	0.0864197530864	0.0691358024691	0.0493827160494	0.0444444444444	0.182716049383	0.18024691358	0.202469135802	0.2	0.148148148148	0.0	0.145679012346	0.120987654321	0.162962962963	0.234567901235	0.0395061728395	0.113580246914	0.165432098765	0.0493827160494	0.118518518519	0.165432098765	0.224691358025	0.0641975308642	0.138271604938	0.118518518519	0.0641975308642	0.217283950617	0.214814814815
SAMEA3136672.snv.bam	0.133333333333	0.130864197531	0.133333333333	0.130864197531	0.165432098765	0.19012345679	0.120987654321	0.138271604938	0.177777777778	0.123456790123	0.23950617284	0.138271604938	0.234567901235	0.234567901235	0.187654320988	0.120987654321	0.106172839506	0.106172839506	0.113580246914	0.19012345679	0.17037037037	0.204938271605	0.19012345679	0.17037037037	0.145679012346	0.0	0.0222222222222	0.202469135802	0.207407407407	0.125925925926	0.162962962963	0.18024691358	0.106172839506	0.148148148148	0.185185185185	0.197530864198	0.130864197531	0.113580246914	0.172839506173	0.130864197531	0.202469135802	0.222222222222
SAMEA3136685.snv.bam	0.108641975309	0.106172839506	0.140740740741	0.106172839506	0.153086419753	0.165432098765	0.0962962962963	0.113580246914	0.167901234568	0.101234567901	0.261728395062	0.113580246914	0.237037037037	0.20987654321	0.162962962963	0.0962962962963	0.083950617284	0.0814814814815	0.0888888888889	0.165432098765	0.167901234568	0.197530864198	0.18024691358	0.145679012346	0.120987654321	0.0222222222222	0.0	0.177777777778	0.204938271605	0.101234567901	0.138271604938	0.155555555556	0.0814814814815	0.140740740741	0.16049382716	0.197530864198	0.106172839506	0.120987654321	0.148148148148	0.106172839506	0.2	0.21975308642
SAMEA3136693.snv.bam	0.172839506173	0.130864197531	0.182716049383	0.165432098765	0.083950617284	0.155555555556	0.175308641975	0.17037037037	0.133333333333	0.155555555556	0.276543209877	0.18024691358	0.251851851852	0.113580246914	0.118518518519	0.197530864198	0.165432098765	0.17037037037	0.153086419753	0.125925925926	0.123456790123	0.165432098765	0.145679012346	0.0938271604938	0.162962962963	0.202469135802	0.177777777778	0.0	0.162962962963	0.18024691358	0.202469135802	0.108641975309	0.17037037037	0.202469135802	0.106172839506	0.19012345679	0.130864197531	0.175308641975	0.148148148148	0.130864197531	0.140740740741	0.17037037037
SAMEA3136696.snv.bam	0.20987654321	0.234567901235	0.212345679012	0.227160493827	0.0814814814815	0.18024691358	0.222222222222	0.217283950617	0.101234567901	0.234567901235	0.279012345679	0.224691358025	0.249382716049	0.23950617284	0.145679012346	0.232098765432	0.222222222222	0.227160493827	0.227160493827	0.133333333333	0.2	0.19012345679	0.116049382716	0.113580246914	0.234567901235	0.207407407407	0.204938271605	0.162962962963	0.0	0.222222222222	0.21975308642	0.138271604938	0.227160493827	0.214814814815	0.118518518519	0.207407407407	0.234567901235	0.217283950617	0.214814814815	0.234567901235	0.0567901234568	0.130864197531
SAMEA3136697.snv.bam	0.0567901234568	0.0938271604938	0.133333333333	0.0567901234568	0.158024691358	0.182716049383	0.0444444444444	0.0814814814815	0.195061728395	0.0444444444444	0.232098765432	0.0567901234568	0.214814814815	0.207407407407	0.167901234568	0.0716049382716	0.0592592592593	0.0395061728395	0.0592592592593	0.172839506173	0.18024691358	0.204938271605	0.217283950617	0.155555555556	0.0395061728395	0.125925925926	0.101234567901	0.18024691358	0.222222222222	0.0	0.0962962962963	0.172839506173	0.0395061728395	0.0987654320988	0.17037037037	0.217283950617	0.0938271604938	0.128395061728	0.101234567901	0.0938271604938	0.232098765432	0.222222222222
SAMEA3136708.snv.bam	0.118518518519	0.123456790123	0.172839506173	0.111111111111	0.17037037037	0.167901234568	0.106172839506	0.130864197531	0.204938271605	0.118518518519	0.259259259259	0.101234567901	0.197530864198	0.23950617284	0.175308641975	0.118518518519	0.120987654321	0.106172839506	0.123456790123	0.185185185185	0.212345679012	0.155555555556	0.214814814815	0.167901234568	0.113580246914	0.162962962963	0.138271604938	0.202469135802	0.21975308642	0.0962962962963	0.0	0.18024691358	0.106172839506	0.155555555556	0.172839506173	0.214814814815	0.123456790123	0.155555555556	0.140740740741	0.123456790123	0.222222222222	0.17037037037
SAMEA3136717.snv.bam	0.185185185185	0.167901234568	0.192592592593	0.167901234568	0.0913580246914	0.106172839506	0.177777777778	0.16049382716	0.0987654320988	0.162962962963	0.293827160494	0.158024691358	0.23950617284	0.165432098765	0.0172839506173	0.175308641975	0.17037037037	0.172839506173	0.155555555556	0.0987654320988	0.150617283951	0.155555555556	0.0765432098765	0.0	0.165432098765	0.18024691358	0.155555555556	0.108641975309	0.138271604938	0.172839506173	0.18024691358	0.0	0.172839506173	0.214814814815	0.0716049382716	0.217283950617	0.167901234568	0.197530864198	0.150617283951	0.167901234568	0.111111111111	0.135802469136
SAMEA3136720.snv.bam	0.0814814814815	0.0888888888889	0.128395061728	0.079012345679	0.150617283951	0.177777777778	0.0691358024691	0.106172839506	0.19012345679	0.0296296296296	0.261728395062	0.0469135802469	0.224691358025	0.197530864198	0.167901234568	0.0617283950617	0.0197530864198	0.0	0.0246913580247	0.172839506173	0.18024691358	0.20987654321	0.217283950617	0.155555555556	0.0493827160494	0.106172839506	0.0814814814815	0.17037037037	0.227160493827	0.0395061728395	0.106172839506	0.172839506173	0.0	0.118518518519	0.17037037037	0.214814814815	0.0888888888889	0.0938271604938	0.123456790123	0.0888888888889	0.217283950617	0.227160493827
SAMEA3136756.snv.bam	0.0543209876543	0.123456790123	0.153086419753	0.0691358024691	0.185185185185	0.217283950617	0.0567901234568	0.0913580246914	0.192592592593	0.123456790123	0.271604938272	0.130864197531	0.237037037037	0.237037037037	0.20987654321	0.118518518519	0.130864197531	0.118518518519	0.138271604938	0.2	0.18024691358	0.22962962963	0.214814814815	0.195061728395	0.118518518519	0.148148148148	0.140740740741	0.202469135802	0.214814814815	0.0987654320988	0.155555555556	0.214814814815	0.118518518519	0.0	0.207407407407	0.217283950617	0.123456790123	0.143209876543	0.118518518519	0.123456790123	0.212345679012	0.21975308642
V1.CD15-3.snv.bam	0.177777777778	0.172839506173	0.185185185185	0.16049382716	0.0567901234568	0.0938271604938	0.17037037037	0.133333333333	0.0913580246914	0.165432098765	0.283950617284	0.18024691358	0.23950617284	0.175308641975	0.0864197530864	0.172839506173	0.17037037037	0.17037037037	0.158024691358	0.0814814814815	0.153086419753	0.128395061728	0.0987654320988	0.0543209876543	0.165432098765	0.185185185185	0.16049382716	0.106172839506	0.118518518519	0.17037037037	0.172839506173	0.0716049382716	0.17037037037	0.207407407407	0.0	0.197530864198	0.172839506173	0.185185185185	0.16049382716	0.172839506173	0.0913580246914	0.135802469136
V1.CD46-0.snv.bam	0.204938271605	0.202469135802	0.185185185185	0.214814814815	0.175308641975	0.185185185185	0.207407407407	0.21975308642	0.204938271605	0.227160493827	0.269135802469	0.227160493827	0.212345679012	0.234567901235	0.214814814815	0.212345679012	0.2	0.214814814815	0.224691358025	0.217283950617	0.175308641975	0.187654320988	0.21975308642	0.207407407407	0.224691358025	0.197530864198	0.197530864198	0.19012345679	0.207407407407	0.217283950617	0.214814814815	0.217283950617	0.214814814815	0.217283950617	0.197530864198	0.0	0.202469135802	0.19012345679	0.187654320988	0.202469135802	0.20987654321	0.197530864198
V1.CD48-0.snv.bam	0.0864197530864	0.0	0.155555555556	0.0814814814815	0.150617283951	0.182716049383	0.0888888888889	0.106172839506	0.214814814815	0.0691358024691	0.288888888889	0.0938271604938	0.227160493827	0.18024691358	0.172839506173	0.0987654320988	0.103703703704	0.0888888888889	0.0765432098765	0.182716049383	0.158024691358	0.195061728395	0.187654320988	0.153086419753	0.0641975308642	0.130864197531	0.106172839506	0.130864197531	0.234567901235	0.0938271604938	0.123456790123	0.167901234568	0.0888888888889	0.123456790123	0.172839506173	0.202469135802	0.0	0.143209876543	0.140740740741	0.0	0.207407407407	0.222222222222
V1.CD52-0.snv.bam	0.135802469136	0.143209876543	0.041975308642	0.133333333333	0.158024691358	0.20987654321	0.123456790123	0.140740740741	0.195061728395	0.118518518519	0.276543209877	0.135802469136	0.227160493827	0.167901234568	0.19012345679	0.120987654321	0.0814814814815	0.0938271604938	0.113580246914	0.192592592593	0.155555555556	0.2	0.222222222222	0.182716049383	0.138271604938	0.113580246914	0.120987654321	0.175308641975	0.217283950617	0.128395061728	0.155555555556	0.197530864198	0.0938271604938	0.143209876543	0.185185185185	0.19012345679	0.143209876543	0.0	0.153086419753	0.143209876543	0.207407407407	0.207407407407
V1.FI15.snv.bam	0.0740740740741	0.140740740741	0.158024691358	0.0740740740741	0.148148148148	0.158024691358	0.0617283950617	0.0938271604938	0.185185185185	0.123456790123	0.259259259259	0.130864197531	0.234567901235	0.167901234568	0.143209876543	0.125925925926	0.140740740741	0.123456790123	0.138271604938	0.153086419753	0.111111111111	0.187654320988	0.2	0.138271604938	0.118518518519	0.172839506173	0.148148148148	0.148148148148	0.214814814815	0.101234567901	0.140740740741	0.150617283951	0.123456790123	0.118518518519	0.16049382716	0.187654320988	0.140740740741	0.153086419753	0.0	0.140740740741	0.217283950617	0.204938271605
V1.FI29.snv.bam	0.0864197530864	0.0	0.155555555556	0.0814814814815	0.150617283951	0.182716049383	0.0888888888889	0.106172839506	0.214814814815	0.0691358024691	0.288888888889	0.0938271604938	0.227160493827	0.18024691358	0.172839506173	0.0987654320988	0.103703703704	0.0888888888889	0.0765432098765	0.182716049383	0.158024691358	0.195061728395	0.187654320988	0.153086419753	0.0641975308642	0.130864197531	0.106172839506	0.130864197531	0.234567901235	0.0938271604938	0.123456790123	0.167901234568	0.0888888888889	0.123456790123	0.172839506173	0.202469135802	0.0	0.143209876543	0.140740740741	0.0	0.207407407407	0.222222222222
V1.FI36.snv.bam	0.214814814815	0.207407407407	0.204938271605	0.21975308642	0.0567901234568	0.143209876543	0.227160493827	0.19012345679	0.106172839506	0.217283950617	0.279012345679	0.217283950617	0.241975308642	0.212345679012	0.118518518519	0.234567901235	0.20987654321	0.217283950617	0.195061728395	0.123456790123	0.182716049383	0.148148148148	0.0938271604938	0.0938271604938	0.217283950617	0.202469135802	0.2	0.140740740741	0.0567901234568	0.232098765432	0.222222222222	0.111111111111	0.217283950617	0.212345679012	0.0913580246914	0.20987654321	0.207407407407	0.207407407407	0.217283950617	0.207407407407	0.0	0.138271604938
daisy-11-0-0.snv.bam	0.22962962963	0.222222222222	0.20987654321	0.212345679012	0.116049382716	0.123456790123	0.222222222222	0.204938271605	0.130864197531	0.212345679012	0.293827160494	0.227160493827	0.23950617284	0.20987654321	0.138271604938	0.234567901235	0.20987654321	0.227160493827	0.2	0.172839506173	0.158024691358	0.0864197530864	0.128395061728	0.128395061728	0.214814814815	0.222222222222	0.21975308642	0.17037037037	0.130864197531	0.222222222222	0.17037037037	0.135802469136	0.227160493827	0.21975308642	0.135802469136	0.197530864198	0.222222222222	0.207407407407	0.204938271605	0.222222222222	0.138271604938	0.0
