	160178356-stool1.snv.bam	160178356-stool3.snv.bam	764487809-stool1.snv.bam	765256553-stool3.snv.bam	CCIS21126322ST-4-0.snv.bam	CCIS37250421ST-4-0.snv.bam	CCIS70398272ST-4-0.snv.bam	CCMD26925580ST-21-0.snv.bam	CCMD46222674ST-21-0.snv.bam	CCMD48236717ST-21-0.snv.bam	M1.2-V1.metaG.snv.bam	M1.2-V1.metaT.snv.bam	M1.2-V2.metaT.snv.bam	M1.3-V1.metaG.snv.bam	M1.3-V1.metaT.snv.bam	M1.3-V2.metaG.snv.bam	M1.3-V2.metaT.snv.bam	M1.3-V3.metaG.snv.bam	M1.3-V3.metaT.snv.bam	MH0204.snv.bam	MH0234.snv.bam	MH0243.snv.bam	MH0276.snv.bam	MH0309.snv.bam	MH0350.snv.bam	MH0391.snv.bam	MH0398.snv.bam	MH0413.snv.bam	MH0428.snv.bam	MH0452.snv.bam	MH0455.snv.bam	MMRS18295921ST-27-0-0.snv.bam	MMRS65205033ST-27-0-0.snv.bam	NG-5636_432.snv.bam	NG-5636_458.snv.bam	NG-5636_547.snv.bam	O2.UC15-0.snv.bam	O2.UC16-1.snv.bam	O2.UC2-1.snv.bam	O2.UC27-1.snv.bam	O2.UC31-1.snv.bam	O2.UC35-1.snv.bam	O2.UC44-1.snv.bam	O2.UC44-2.snv.bam	SAMEA3136638.snv.bam	SAMEA3136641.snv.bam	SAMEA3136666.snv.bam	SAMEA3136743.snv.bam	SAMEA3136747.snv.bam	SAMEA3178939.snv.bam	V1.CD15-3.snv.bam	V1.CD45-0.snv.bam	V1.CD55-0.snv.bam	V1.FI16.snv.bam	V1.FI31.snv.bam	V1.FI32.snv.bam	V1.FI37.snv.bam	V1.UC12-4.snv.bam	alien-11-0-0.snv.bam	alien-11-60-0.snv.bam	alien-11-7-0.snv.bam	bugkiller-11-0-0.snv.bam	bugkiller-11-2-0.snv.bam	bugkiller-11-392-1.snv.bam	bugkiller-11-392-2.snv.bam	bugkiller-11-60-0.snv.bam	bugkiller-11-600-0.snv.bam	bugkiller-11-7-0.snv.bam	bugkiller-11-773-0.snv.bam	bugkiller-12-7-0.snv.bam	bugkiller-13-392-1.snv.bam	bugkiller-13-392-2.snv.bam	bugkiller-13-392-3.snv.bam	bugkiller-13-7-0.snv.bam
160178356-stool1.snv.bam	0.0	0.00128876610268	0.166365342808	0.131916363901	0.13828869009	0.136185212144	0.163180131776	0.14580846127	0.164489249048	0.145073570857	0.147429307817	0.167319598516	0.160378232849	0.173168651029	0.173925327293	0.172617161478	0.172189915625	0.172583908837	0.171891715066	0.120635103557	0.145724739818	0.127040204049	0.132097477159	0.141931218783	0.147968457928	0.127650391192	0.130678938519	0.125288549269	0.142753288004	0.16656801327	0.159422293837	0.145716763725	0.118532946872	0.14460518332	0.151642293945	0.135186150609	0.168276466734	0.11021023753	0.149246805513	0.147765738784	0.164307783306	0.137612970302	0.14546445418	0.143960765651	0.144709572595	0.165349000214	0.156883336184	0.130578416691	0.138078864961	0.15949781324	0.166966774141	0.147101164398	0.14143735562	0.142291683452	0.111588761657	0.165903416199	0.14668368489	0.130326055552	0.137774627116	0.137034511592	0.138288263349	0.167058246748	0.1661014374	0.165876758093	0.165979715297	0.167112510734	0.166162713769	0.166425608446	0.164724848778	0.165595453887	0.165972174592	0.166018685461	0.169990769248	0.167328819758
160178356-stool3.snv.bam	0.00128876610268	0.0	0.164801784633	0.129786650056	0.136195287145	0.134056941774	0.16273796354	0.145206093359	0.162629099123	0.143085055204	0.146542917088	0.167362399505	0.160484140557	0.171331574911	0.172407879638	0.170782237644	0.170412672453	0.170748681524	0.170188492063	0.11978569426	0.14418974067	0.126229917193	0.130256671717	0.140213011805	0.146449050039	0.127171519447	0.130274943718	0.122902838163	0.140727973769	0.165573060791	0.158037411604	0.143576858208	0.115867502429	0.142255337011	0.149741911334	0.1341920504	0.166795526319	0.109157294531	0.147653430331	0.14722197127	0.163058101874	0.135715973385	0.144118938301	0.142589249271	0.143945436813	0.163452967693	0.154959498955	0.12849809333	0.13593985275	0.157488862915	0.165301126032	0.145429285026	0.140252137878	0.140608809337	0.109430948098	0.16437553966	0.145288404912	0.128376244964	0.134538442395	0.133833879486	0.135111561138	0.165258461696	0.164317499039	0.164066204264	0.164170099881	0.165306164235	0.164354766307	0.16462005716	0.162927884422	0.163779972179	0.164162490444	0.164209425241	0.167937168731	0.165557294026
764487809-stool1.snv.bam	0.166365342808	0.164801784633	0.0	0.132707835543	0.120593930108	0.133576206686	0.0731828515919	0.133679319269	0.145003700199	0.127738278386	0.154739826221	0.173652238898	0.170630597666	0.152252895567	0.167581400093	0.151695463579	0.15143014737	0.151742629611	0.176604078947	0.119583337019	0.143042603624	0.12559497546	0.112701802656	0.137115489733	0.126645550088	0.113005066118	0.120501568327	0.120202039813	0.122706258172	0.146776644679	0.137125866417	0.12585529201	0.117045399608	0.135378676263	0.140169602075	0.131320273028	0.148487237904	0.118013838426	0.129713294046	0.14440424551	0.151885754428	0.128890212772	0.137047276376	0.136935759469	0.130819478984	0.145974617532	0.136045435931	0.122880068541	0.122116076794	0.0611100617122	0.147229402677	0.128996945862	0.132279604714	0.131641789546	0.117115753859	0.146371809933	0.137586719686	0.103864381581	0.137819712998	0.140021262398	0.139827257494	0.146731605988	0.146458140945	0.146577506247	0.146705629544	0.145592857755	0.146523461188	0.146496084271	0.144301762951	0.145618330248	0.146506764851	0.146428338977	0.144713247035	0.149253358144
765256553-stool3.snv.bam	0.131916363901	0.129786650056	0.132707835543	0.0	0.101382280916	0.110828578667	0.123657446708	0.109904968408	0.127581225852	0.119860644546	0.127025706757	0.134169637145	0.133539754355	0.129663633342	0.140630864155	0.130581054646	0.130248781759	0.129243717561	0.13579047619	0.10340928169	0.115569901194	0.0975923872433	0.106037514611	0.108143859229	0.120555698395	0.0915349890889	0.0955651750238	0.0959240341372	0.114679434362	0.130365936565	0.126525717082	0.104628676277	0.0956087102388	0.112055534615	0.127858850892	0.107425589383	0.131412039192	0.091903575508	0.125712489509	0.123256709109	0.131022226832	0.109087525974	0.11190174618	0.111465856703	0.123219903621	0.129199462826	0.123884782711	0.107456866425	0.0991706224203	0.124024332685	0.130257835989	0.104283164604	0.114254744712	0.108145662462	0.0912408218655	0.129253550458	0.125589870742	0.0800283484318	0.106459861048	0.105292301239	0.105379390097	0.129136004695	0.128958313717	0.129184019803	0.129105412028	0.129486440686	0.128928672961	0.129009909929	0.127638019351	0.127823061858	0.128953775284	0.129001614871	0.133507339861	0.131707122721
CCIS21126322ST-4-0.snv.bam	0.13828869009	0.136195287145	0.120593930108	0.101382280916	0.0	0.107386540248	0.114903137908	0.103508906053	0.119255624581	0.101318606607	0.120042362598	0.122168416372	0.125577238119	0.123935456211	0.122452804273	0.123563747386	0.123249109651	0.123529476355	0.12194746667	0.0921358991729	0.104139835982	0.0866224161022	0.0858877972424	0.0970416912635	0.101072736216	0.0749453649595	0.0970219411005	0.0777350615297	0.106010908884	0.122270860671	0.11365055987	0.100945797766	0.0828856810164	0.0925012715206	0.108387493425	0.102921312249	0.121571809418	0.0782850735562	0.103117380488	0.104049139714	0.116499545139	0.0928286125373	0.105823816684	0.10384097451	0.125263874874	0.117768292853	0.103409232639	0.0915082122815	0.103247465068	0.119517769285	0.121958936314	0.0937882730063	0.101075634032	0.0899552285195	0.0820811182244	0.121025198487	0.109216038294	0.0800593801502	0.100527610545	0.103769568397	0.10384561311	0.12062318976	0.12065354197	0.120751680995	0.120927873922	0.120777221443	0.120551147611	0.120613709692	0.118538334744	0.119271842224	0.120660703739	0.120573909377	0.122080189209	0.120123481094
CCIS37250421ST-4-0.snv.bam	0.136185212144	0.134056941774	0.133576206686	0.110828578667	0.107386540248	0.0	0.127903248622	0.115680608571	0.129300913411	0.12210232995	0.132564388334	0.151811505859	0.151058990555	0.135190271666	0.137348594249	0.134785985136	0.13446620473	0.134752732495	0.138078834261	0.0883015153965	0.12370601677	0.10121687491	0.100120609594	0.118187204598	0.0797200057659	0.0920362530833	0.0827279173121	0.0986695216127	0.118397730378	0.131975387301	0.125645505502	0.112917547351	0.105065900365	0.112756204003	0.0778579628435	0.0960026000806	0.132951729107	0.092318236407	0.0781882114611	0.129269030745	0.132676734485	0.11511168215	0.113540382377	0.11188139977	0.136438903221	0.131537553252	0.129442263463	0.0969103928248	0.11288068685	0.129520126284	0.131693693496	0.117671335914	0.109172511197	0.106149669764	0.0972721229124	0.131361265962	0.0835088291187	0.106978585525	0.115941014262	0.11614256424	0.11621121118	0.130835450304	0.130667182096	0.130889230512	0.130923534707	0.131176897765	0.130617624236	0.130698127451	0.12937219279	0.129504006969	0.130708670217	0.130689907316	0.129763334664	0.130773467124
CCIS70398272ST-4-0.snv.bam	0.163180131776	0.16273796354	0.0731828515919	0.123657446708	0.114903137908	0.127903248622	0.0	0.130841191552	0.143448357812	0.134139154653	0.14665518211	0.161208381356	0.157276255	0.154671967462	0.163318070682	0.154120609282	0.153816777678	0.154155582019	0.167555332869	0.114671236204	0.13986306997	0.111237321882	0.114727777642	0.134224745033	0.132205709834	0.0953983592958	0.117759076892	0.105110202453	0.129313171476	0.145931075727	0.138450686829	0.114058282685	0.11640212246	0.128341171671	0.138354010599	0.123381092353	0.147358504353	0.110684342651	0.134655954868	0.126662771127	0.149091371065	0.108673722701	0.127474322456	0.12709090361	0.147959306371	0.145483967572	0.126703952591	0.117999159981	0.120537381258	0.0565834089772	0.146014449104	0.131564042335	0.134139959785	0.125223712427	0.10591514381	0.145000553357	0.145264046939	0.107822569323	0.126561580522	0.126202400807	0.12737171099	0.144926948195	0.144812135041	0.144954224282	0.14508151561	0.143902784845	0.144821820996	0.144774695478	0.144895086845	0.143836625133	0.144820590963	0.14473582556	0.1461509393	0.147694255869
CCMD26925580ST-21-0.snv.bam	0.14580846127	0.145206093359	0.133679319269	0.109904968408	0.103508906053	0.115680608571	0.130841191552	0.0	0.128719161104	0.117603673959	0.135955472188	0.146750049761	0.14361625467	0.13700031205	0.146052959701	0.137882138834	0.137557945077	0.136555182115	0.140193572976	0.104709829169	0.122967953173	0.104704617861	0.10610099505	0.112572893279	0.117620715552	0.103018532974	0.100552367513	0.0992149786656	0.117235160477	0.131615336201	0.127303682421	0.114770846456	0.101471696487	0.113478826315	0.123512633984	0.104423106327	0.132531852515	0.0931223125281	0.116613862266	0.128460554835	0.131630202309	0.116993585132	0.122719769077	0.121044321428	0.138406288888	0.129045400972	0.129869237362	0.106922731464	0.110785961478	0.136626773277	0.131376387706	0.12207530987	0.116783583439	0.109154591425	0.0949782899422	0.130601224677	0.113801755542	0.094563491792	0.105959446169	0.106210651272	0.107617092764	0.131227096844	0.130257263475	0.130217245319	0.130214679844	0.129768698424	0.130254407454	0.130517641789	0.129422520777	0.129639960553	0.13010757297	0.130110193063	0.137481052132	0.131939097857
CCMD46222674ST-21-0.snv.bam	0.164489249048	0.162629099123	0.145003700199	0.127581225852	0.119255624581	0.129300913411	0.143448357812	0.128719161104	0.0	0.126006737941	0.150002186097	0.164888016124	0.169133646165	0.0883424954531	0.0714616385976	0.0880653355831	0.0878965706064	0.0880865368098	0.0688359798267	0.115113729722	0.135469690279	0.111049337926	0.115047665387	0.1237370506	0.133725372694	0.114382171659	0.112879168297	0.104199274861	0.135282531769	0.00403726437706	0.013760426266	0.119268582341	0.114081381028	0.125745553236	0.139685771002	0.120130738964	0.00261363392494	0.0980771858856	0.128525797803	0.14015935729	0.00316625051902	0.121511789571	0.123778099158	0.123495909382	0.149402145898	0.00297357028455	0.140915602662	0.118491828632	0.121886399599	0.141074294492	0.00248638951601	0.112601881925	0.122330797614	0.12419134456	0.0971794821036	0.0028854389155	0.124669854146	0.10621686403	0.125557096154	0.125126500737	0.126282978845	0.00431551150092	0.00204822170061	0.00182197907022	0.0019604144756	0.0026697579996	0.0019645607992	0.00260379956235	0.0026148901574	0.00307336213309	0.00173266512848	0.00197912199335	0.00236505850681	0.00356321566956
CCMD48236717ST-21-0.snv.bam	0.145073570857	0.143085055204	0.127738278386	0.119860644546	0.101318606607	0.12210232995	0.134139154653	0.117603673959	0.126006737941	0.0	0.130274495072	0.14811883649	0.143230682087	0.140681701217	0.138923273616	0.141597077779	0.141262454555	0.141590165482	0.149055402498	0.103573676593	0.117725012604	0.104039465635	0.104152307614	0.107978888369	0.126019949886	0.101766143781	0.0845801598599	0.0912396669028	0.117046422835	0.128798769482	0.120630892246	0.111834992612	0.0914910497826	0.117950054836	0.121215881333	0.10324688831	0.129684141764	0.0891321349113	0.112394766563	0.12214882279	0.126708512662	0.100367846652	0.11047296072	0.108571983561	0.113992151649	0.125268853807	0.122248640193	0.100826195919	0.10914876258	0.134455476749	0.128611896799	0.11422955293	0.1102082067	0.109299599365	0.088846811467	0.128084663664	0.111464826361	0.0986197788108	0.112802872827	0.114004290821	0.113944435578	0.128265236842	0.127580739189	0.127451753052	0.12766804818	0.127078148323	0.12756349344	0.127807534979	0.126445626562	0.126916690637	0.127407799504	0.127176611801	0.134461452934	0.129371674822
M1.2-V1.metaG.snv.bam	0.147429307817	0.146542917088	0.154739826221	0.127025706757	0.120042362598	0.132564388334	0.14665518211	0.135955472188	0.150002186097	0.130274495072	0.0	0.000500633857878	0.00143748730606	0.161843678187	0.169367801288	0.161334108804	0.160978696968	0.161300726776	0.164363371611	0.122335982611	0.135058397908	0.11292503651	0.107379419681	0.127716160048	0.137106699921	0.117842001065	0.11929083968	0.107778368235	0.131568961162	0.152988464602	0.146838084872	0.126527420845	0.114835315383	0.128801816668	0.138023260331	0.122973764623	0.15407275391	0.101309541165	0.138504047519	0.0728060659957	0.152301482362	0.0697219257022	0.127144897322	0.126863201476	0.139864130765	0.149529509948	0.142918362275	0.12061598978	0.122503743451	0.150906494026	0.150176435283	0.128726270843	0.130077721818	0.123664344386	0.103076533404	0.151878463164	0.135811660889	0.108366597797	0.127524979757	0.127369057905	0.12736990502	0.152675495553	0.151706793595	0.151578749192	0.151716138327	0.151296978016	0.151776482524	0.15199927701	0.147259069086	0.151188356221	0.151585202909	0.151577922155	0.150459661261	0.155378870291
M1.2-V1.metaT.snv.bam	0.167319598516	0.167362399505	0.173652238898	0.134169637145	0.122168416372	0.151811505859	0.161208381356	0.146750049761	0.164888016124	0.14811883649	0.000500633857878	0.0	0.00122801795873	0.166862674363	0.167342657982	0.166905535238	0.166753888413	0.166885822511	0.168997281788	0.138042944417	0.138287208021	0.116727264461	0.112265564135	0.137180086153	0.147500809469	0.129608805434	0.134450456166	0.122321898083	0.148915045595	0.168002680102	0.160792009363	0.133360419544	0.127594686523	0.131090008258	0.147812553052	0.131315346399	0.16996443491	0.116423996829	0.151135372992	0.0679740207197	0.17357215298	0.0745400102207	0.141133556362	0.14098764773	0.159199146256	0.163171253027	0.161222553538	0.135531698583	0.133531362255	0.169016052829	0.164646736188	0.143312789954	0.142701437056	0.132727995731	0.117293088169	0.167374648174	0.152214243427	0.122159481405	0.145164104095	0.147788736453	0.147673954138	0.168309141305	0.167305546249	0.167016426013	0.167369470969	0.166552397227	0.167382117816	0.167696426874	0.163123368201	0.166445810027	0.167097359729	0.167115273787	0.162491535076	0.172691583934
M1.2-V2.metaT.snv.bam	0.160378232849	0.160484140557	0.170630597666	0.133539754355	0.125577238119	0.151058990555	0.157276255	0.14361625467	0.169133646165	0.143230682087	0.00143748730606	0.00122801795873	0.0	0.167442582462	0.169889662787	0.167483505684	0.16736050147	0.167464684129	0.165474938174	0.133605310189	0.144625693443	0.112786849749	0.105342558136	0.136084792221	0.144625448706	0.125462835468	0.130886269128	0.118749685503	0.149070948685	0.172093598015	0.165399968917	0.130736559207	0.125060558774	0.134639503025	0.149006493729	0.13267127231	0.174072759388	0.115002734644	0.152219181877	0.0750768310525	0.177485004479	0.0734621654364	0.134777917381	0.134464059999	0.156546625729	0.16808711125	0.157562700434	0.130441745454	0.132605220805	0.164829648462	0.168966895521	0.142006321252	0.139796222655	0.136947080186	0.111950110419	0.171646860895	0.154866820805	0.116412767828	0.14049837321	0.142437241804	0.142360866101	0.172348586548	0.171487244162	0.171206019842	0.171442642231	0.171088758144	0.171650787329	0.171855279253	0.164829644453	0.170668836815	0.17128329471	0.17130039891	0.162308316477	0.176726772133
M1.3-V1.metaG.snv.bam	0.173168651029	0.171331574911	0.152252895567	0.129663633342	0.123935456211	0.135190271666	0.154671967462	0.13700031205	0.0883424954531	0.140681701217	0.161843678187	0.166862674363	0.167442582462	0.0	0.000506510579621	0.000192229048204	0.000185906330901	0.000158847019433	0.000330922638615	0.126486312135	0.142725714167	0.118260514407	0.10328551495	0.12667425208	0.134176260173	0.120368236067	0.121710065338	0.119758504411	0.137408376454	0.0918454776136	0.0866967318962	0.132923414448	0.118660087719	0.139489766082	0.140441919891	0.12554593622	0.0917468313577	0.108873904553	0.130530484573	0.149352173707	0.0885208972973	0.13549075259	0.128363437635	0.12806006221	0.154123267339	0.0908217073772	0.150769049379	0.122102043503	0.119927237967	0.159852603168	0.0908457287288	0.11582969125	0.132763500988	0.130077095783	0.10802405956	0.0909025856013	0.130430293791	0.117053791049	0.132974169907	0.131017122565	0.132244400799	0.0902843679618	0.0897418442385	0.089939052851	0.089973535018	0.0887849084177	0.0896846995766	0.0897656204473	0.0902660199882	0.0885324298504	0.0897762179103	0.0898468071048	0.091265446401	0.0917263580868
M1.3-V1.metaT.snv.bam	0.173925327293	0.172407879638	0.167581400093	0.140630864155	0.122452804273	0.137348594249	0.163318070682	0.146052959701	0.0714616385976	0.138923273616	0.169367801288	0.167342657982	0.169889662787	0.000506510579621	0.0	0.000516642670488	0.000658376021782	0.000441675376377	0.00082481738746	0.126607365607	0.140977693433	0.109444338752	0.106390899563	0.135216367533	0.142076707683	0.12402943253	0.1269290794	0.118884749047	0.143828314571	0.0749673459018	0.0693726913131	0.130932034256	0.118597392026	0.139621453059	0.140657063899	0.124110497309	0.0748614364332	0.111999093181	0.136736208948	0.158094081986	0.0723113989786	0.144420772542	0.131108737167	0.130835637389	0.160992602105	0.0734194159906	0.156507773548	0.12326408411	0.134576693716	0.168701440022	0.0743921290729	0.112420876169	0.12774698687	0.126776053418	0.10948546644	0.0747644855949	0.141005006072	0.116774093623	0.131839863561	0.130188448156	0.131829827986	0.0738902088273	0.073396600368	0.0736085372819	0.073634094744	0.073652807681	0.073165351415	0.0732800027399	0.0734129533992	0.0716390814087	0.0733992336305	0.0735153554684	0.0806116839494	0.0753358183337
M1.3-V2.metaG.snv.bam	0.172617161478	0.170782237644	0.151695463579	0.130581054646	0.123563747386	0.134785985136	0.154120609282	0.137882138834	0.0880653355831	0.141597077779	0.161334108804	0.166905535238	0.167483505684	0.000192229048204	0.000516642670488	0.0	0.00030489253454	0.000256597540808	0.000375558816266	0.126103393716	0.142184848681	0.11780512277	0.102958805934	0.127575812787	0.133790216341	0.120014544805	0.122706671974	0.119347332483	0.136908814677	0.0915536182875	0.0864778597981	0.132526889574	0.118314966851	0.139135558084	0.139990055369	0.125552988201	0.0914523102354	0.108502525334	0.130142252868	0.148826084215	0.0881976557143	0.134975842375	0.129277601366	0.129017262577	0.1536431157	0.0905292824327	0.150270608068	0.122564951158	0.119577134856	0.159355862169	0.0905566238367	0.115531189726	0.13322715097	0.12969113178	0.1077231244	0.0906143808954	0.130116233991	0.116667969568	0.132529537208	0.13062750087	0.131851532373	0.0899985594482	0.0894443204588	0.0896545827681	0.0896889312833	0.0885038222818	0.0894012153591	0.0894818225831	0.0899746356068	0.0882530508399	0.0894923789707	0.0895626945636	0.0908830697578	0.0914295926133
M1.3-V2.metaT.snv.bam	0.172189915625	0.170412672453	0.15143014737	0.130248781759	0.123249109651	0.13446620473	0.153816777678	0.137557945077	0.0878965706064	0.141262454555	0.160978696968	0.166753888413	0.16736050147	0.000185906330901	0.000658376021782	0.00030489253454	0.0	0.000271639893478	0.000273190947881	0.125784530752	0.143165777564	0.11756465237	0.102680022146	0.127294058375	0.133472178361	0.119629199679	0.122357604975	0.119255227439	0.13660551067	0.0913483876645	0.0862541617891	0.132184084666	0.118012141202	0.138805480352	0.13966468999	0.125518492359	0.0912785013709	0.108277194596	0.129801651626	0.148490528681	0.0880032510139	0.13474492527	0.128964928552	0.12870330526	0.153297218236	0.0903557721164	0.149953117205	0.122242039708	0.119272657155	0.159071924039	0.0903851008928	0.115271596455	0.132950658481	0.129345495321	0.107436414071	0.090443447386	0.129792073244	0.116407486878	0.132200111883	0.130276265997	0.131556178705	0.0898284205472	0.0892886969464	0.0894848877079	0.0895191919025	0.0883349584072	0.0892318472247	0.0893123504393	0.0898011701798	0.0880849473002	0.0893228932057	0.0893931180688	0.0907305907722	0.091254443229
M1.3-V3.metaG.snv.bam	0.172583908837	0.170748681524	0.151742629611	0.129243717561	0.123529476355	0.134752732495	0.154155582019	0.136555182115	0.0880865368098	0.141590165482	0.161300726776	0.166885822511	0.167464684129	0.000158847019433	0.000441675376377	0.000256597540808	0.000271639893478	0.0	0.000355029585799	0.126069031173	0.143481032994	0.117803114225	0.10294573726	0.126183814651	0.133783312998	0.119980634997	0.121301552051	0.119319717069	0.136941110374	0.09157594152	0.0864442159494	0.132493550786	0.118281234814	0.139101826047	0.139983433134	0.125488774642	0.0914748666088	0.108533529432	0.130108827486	0.14881985384	0.0882235212562	0.135039813995	0.12791544507	0.127634206434	0.153609690318	0.0905519572122	0.150270483206	0.12253104135	0.119543402819	0.159390653934	0.0905790339301	0.115497807697	0.133266360457	0.129657749751	0.107689655552	0.0906367041279	0.13008298135	0.116532423598	0.132530310263	0.130594118841	0.131818279732	0.0898795563909	0.0894804617627	0.0895986035968	0.0897112545159	0.0885262323751	0.0894235385917	0.0894544539055	0.0899974000099	0.0882754029511	0.0895147022032	0.0895234944788	0.0908732813081	0.0913083973943
M1.3-V3.metaT.snv.bam	0.171891715066	0.170188492063	0.176604078947	0.13579047619	0.12194746667	0.138078834261	0.167555332869	0.140193572976	0.0688359798267	0.149055402498	0.164363371611	0.168997281788	0.165474938174	0.000330922638615	0.00082481738746	0.000375558816266	0.000273190947881	0.000355029585799	0.0	0.124990120737	0.133654826477	0.105550796813	0.104252840039	0.135070183954	0.141447917403	0.123058974359	0.131693035855	0.121765147749	0.138248886506	0.0727053736981	0.0644736245369	0.128736369098	0.125165672631	0.134337349398	0.149821131608	0.116019020016	0.0721294767907	0.108043154839	0.147240878977	0.15647023737	0.0660713656289	0.14193578095	0.124915217574	0.124328364611	0.160172517252	0.0703884239066	0.155928853755	0.118880587999	0.132862903226	0.175714140932	0.0720774020214	0.105742666582	0.122348235876	0.121629455115	0.105530073135	0.072318700293	0.150156293309	0.115557754315	0.135207864776	0.132565953265	0.134959851004	0.0711568408835	0.0710027240904	0.0711675062767	0.071268834719	0.0713248156179	0.0707782796462	0.0709089866793	0.0704283801874	0.0689599359655	0.0709943405829	0.0711314286184	0.0771949425544	0.0725729453808
MH0204.snv.bam	0.120635103557	0.11978569426	0.119583337019	0.10340928169	0.0921358991729	0.0883015153965	0.114671236204	0.104709829169	0.115113729722	0.103573676593	0.122335982611	0.138042944417	0.133605310189	0.126486312135	0.126607365607	0.126103393716	0.125784530752	0.126069031173	0.124990120737	0.0	0.106241840515	0.0836814450626	0.087354083814	0.100098593843	0.111467010878	0.0760194095821	0.07867132245	0.0831270742352	0.0998365886947	0.116094405535	0.111166893749	0.0952196850944	0.0802727559271	0.109755335444	0.115238333262	0.084740439992	0.116991746389	0.0706407964048	0.111850311913	0.110338170636	0.114678364767	0.0956730772416	0.0954417494388	0.0934040897751	0.118546621107	0.116063512877	0.103101853773	0.0797959741336	0.0938672992578	0.113797861613	0.116567716839	0.104424691707	0.0943446423373	0.0994633154685	0.0774987878742	0.116231644001	0.115359190202	0.0833953143417	0.0985557271009	0.0985402643143	0.0986890601487	0.116738502995	0.116453080872	0.116497833591	0.116663454267	0.117014783081	0.11649351556	0.116576702216	0.116154333765	0.115344732018	0.116587596408	0.116463157571	0.112648179294	0.117111474508
MH0234.snv.bam	0.145724739818	0.14418974067	0.143042603624	0.115569901194	0.104139835982	0.12370601677	0.13986306997	0.122967953173	0.135469690279	0.117725012604	0.135058397908	0.138287208021	0.144625693443	0.142725714167	0.140977693433	0.142184848681	0.143165777564	0.143481032994	0.133654826477	0.106241840515	0.0	0.102642214739	0.11160358437	0.0445681854471	0.119000159246	0.103722895638	0.102113840512	0.0914642604125	0.121261443576	0.136661128359	0.130680633062	0.112112437822	0.102807105979	0.116319532879	0.123752803662	0.109560488092	0.138650968048	0.0952499829198	0.120636258392	0.13264292919	0.139678223619	0.117536955973	0.117549859191	0.114122517202	0.137436355525	0.137296623253	0.130077569129	0.105841227148	0.112308905349	0.144744568417	0.137586186987	0.114981586057	0.117801367228	0.111757522484	0.0947425294784	0.136748522254	0.126237459961	0.0924537489282	0.103541371509	0.101642551916	0.101784725743	0.136305750047	0.136489601806	0.13684862496	0.136847502742	0.136849250591	0.136334205209	0.136313931048	0.136306763511	0.135034770244	0.13645185249	0.136619890943	0.138439888006	0.137685412072
MH0243.snv.bam	0.127040204049	0.126229917193	0.12559497546	0.0975923872433	0.0866224161022	0.10121687491	0.111237321882	0.104704617861	0.111049337926	0.104039465635	0.11292503651	0.116727264461	0.112786849749	0.118260514407	0.109444338752	0.11780512277	0.11756465237	0.117803114225	0.105550796813	0.0836814450626	0.102642214739	0.0	0.0874342945308	0.0918999290156	0.0933680217851	0.0765193086039	0.0812689983993	0.0745342559828	0.0974993665626	0.112355025689	0.107171410574	0.0854044477831	0.080765606166	0.0864033577677	0.0970324324697	0.0851618835968	0.11281612197	0.0654857113715	0.0968329510443	0.111217089918	0.10976300194	0.0934780738245	0.0945113972331	0.092351527033	0.119140411989	0.108388393879	0.115821051805	0.0857370641143	0.0903565623479	0.120171540405	0.112889948161	0.0933038018675	0.0916957309714	0.0885014614126	0.0742029788166	0.112675963927	0.103089337807	0.0684626530589	0.0913422293503	0.0938805953926	0.0954078353961	0.113388390125	0.112578413363	0.112656552556	0.112671556355	0.111983061875	0.112455983338	0.11260558441	0.109746716809	0.111857163709	0.112319826612	0.112458133109	0.109314584646	0.111278700126
MH0276.snv.bam	0.132097477159	0.130256671717	0.112701802656	0.106037514611	0.0858877972424	0.100120609594	0.114727777642	0.10610099505	0.115047665387	0.104152307614	0.107379419681	0.112265564135	0.105342558136	0.10328551495	0.106390899563	0.102958805934	0.102680022146	0.10294573726	0.104252840039	0.087354083814	0.11160358437	0.0874342945308	0.0	0.100110307063	0.102813757453	0.0872833914505	0.0924850916807	0.0805473278285	0.0904599176554	0.116766505897	0.105573083388	0.0946184871507	0.0772745731015	0.0971424081643	0.104362250917	0.0926633642877	0.117715877447	0.0749584061377	0.102114057611	0.097312624455	0.114076732877	0.0870929952539	0.0926962262689	0.0923411152249	0.112311566832	0.114982137572	0.106931350973	0.0918112886714	0.0731315240445	0.125241869261	0.116835211064	0.0866802070615	0.0933294400884	0.0862236489837	0.07566748708	0.116673572016	0.10137655538	0.0757508777407	0.0991497060775	0.101138215829	0.101217998339	0.11638985002	0.116239343219	0.116612332281	0.116734161901	0.115402815457	0.116105013992	0.116347333967	0.113057311746	0.115056459777	0.116328585308	0.116298229941	0.111403645163	0.11865376538
MH0309.snv.bam	0.141931218783	0.140213011805	0.137115489733	0.108143859229	0.0970416912635	0.118187204598	0.134224745033	0.112572893279	0.1237370506	0.107978888369	0.127716160048	0.137180086153	0.136084792221	0.12667425208	0.135216367533	0.127575812787	0.127294058375	0.126183814651	0.135070183954	0.100098593843	0.0445681854471	0.0918999290156	0.100110307063	0.0	0.108643910407	0.0946727674366	0.0905973732641	0.0831784896857	0.103700423683	0.125506691378	0.119006250755	0.104685635992	0.0929662812728	0.106834990057	0.116118652312	0.096049944712	0.126836530681	0.0857402196917	0.113841110769	0.123883970193	0.126389084681	0.105087155659	0.108195233325	0.104614711394	0.134723284837	0.125378039199	0.120324360706	0.0956964979467	0.101855975944	0.136399278055	0.125558801123	0.0993122843513	0.107681100818	0.101585423374	0.0799769712379	0.125244465737	0.115254663204	0.0849840225864	0.100310062695	0.0993209338888	0.0994320719561	0.126202756469	0.12535553305	0.12514751436	0.125260370927	0.126206254706	0.125308741664	0.125669386416	0.125329040481	0.124772672701	0.125063197231	0.125158980928	0.126586229635	0.126951611803
MH0350.snv.bam	0.147968457928	0.146449050039	0.126645550088	0.120555698395	0.101072736216	0.0797200057659	0.132205709834	0.117620715552	0.133725372694	0.126019949886	0.137106699921	0.147500809469	0.144625448706	0.134176260173	0.142076707683	0.133790216341	0.133472178361	0.133783312998	0.141447917403	0.111467010878	0.119000159246	0.0933680217851	0.102813757453	0.108643910407	0.0	0.0979479854749	0.0959547854827	0.0982989692249	0.11462470228	0.135006622166	0.128538844627	0.103143750625	0.099034535124	0.109341428886	0.0474763785983	0.0925463205565	0.136169945461	0.0947207974316	0.0341651148709	0.131718018159	0.132241504255	0.10927993282	0.124977193037	0.123356591737	0.140956040503	0.132936981532	0.131162137384	0.0980220421994	0.10554770335	0.13914129737	0.135806933522	0.113524769449	0.118268500114	0.107855651581	0.100979146397	0.13513293903	0.0591142428014	0.102794695722	0.111431939204	0.115316660459	0.115306785583	0.135410241367	0.135139068428	0.13535014081	0.135301071756	0.133077219172	0.135096445629	0.135177157132	0.132617097901	0.134005984563	0.13506452136	0.135168915729	0.135768708866	0.13658695938
MH0391.snv.bam	0.127650391192	0.127171519447	0.113005066118	0.0915349890889	0.0749453649595	0.0920362530833	0.0953983592958	0.103018532974	0.114382171659	0.101766143781	0.117842001065	0.129608805434	0.125462835468	0.120368236067	0.12402943253	0.120014544805	0.119629199679	0.119980634997	0.123058974359	0.0760194095821	0.103722895638	0.0765193086039	0.0872833914505	0.0946727674366	0.0979479854749	0.0	0.0843086051173	0.0672488040916	0.0980410303599	0.116098861395	0.109734818803	0.0895831313255	0.0837476665481	0.0960355256191	0.106492897533	0.0832541440959	0.115782761868	0.0725643742587	0.102929013427	0.0929223023069	0.113965373142	0.0792234700003	0.0936550127939	0.0917558880079	0.115068840776	0.114617656163	0.0974052815398	0.0807325121859	0.0934679996871	0.105306337224	0.116403480702	0.0897611621113	0.0878294495115	0.0931041556875	0.070708633258	0.115831854673	0.106473517715	0.0751971118828	0.0907292290982	0.0913482796666	0.0914620876743	0.115934396746	0.115847898878	0.115966331694	0.116095297908	0.116313924142	0.115802281953	0.115811274632	0.11542083381	0.114667723183	0.115769811611	0.115816183061	0.110890188094	0.115683222497
MH0398.snv.bam	0.130678938519	0.130274943718	0.120501568327	0.0955651750238	0.0970219411005	0.0827279173121	0.117759076892	0.100552367513	0.112879168297	0.0845801598599	0.11929083968	0.134450456166	0.130886269128	0.121710065338	0.1269290794	0.122706671974	0.122357604975	0.121301552051	0.131693035855	0.07867132245	0.102113840512	0.0812689983993	0.0924850916807	0.0905973732641	0.0959547854827	0.0843086051173	0.0	0.0868088524945	0.105309242894	0.114636058505	0.110512629704	0.099519085807	0.0740224393182	0.106235435829	0.0924822114188	0.0820377130282	0.115586068551	0.0745601892562	0.0868025679822	0.11618055334	0.117143198828	0.0972473314993	0.0914960920507	0.0914342814496	0.106787183037	0.115771405442	0.118283091307	0.081755113847	0.092325155165	0.119787326568	0.114963638248	0.0940840681728	0.100529259692	0.0974410306202	0.0804974455101	0.114510256673	0.0871083039684	0.0821926766943	0.100643934248	0.0985248845646	0.0985681553412	0.115877231152	0.114691661314	0.114544156955	0.11468925191	0.115548329646	0.114752980666	0.115031699372	0.116015613881	0.115445031621	0.114461686646	0.114632096774	0.114349623618	0.116119844281
MH0413.snv.bam	0.125288549269	0.122902838163	0.120202039813	0.0959240341372	0.0777350615297	0.0986695216127	0.105110202453	0.0992149786656	0.104199274861	0.0912396669028	0.107778368235	0.122321898083	0.118749685503	0.119758504411	0.118884749047	0.119347332483	0.119255227439	0.119319717069	0.121765147749	0.0831270742352	0.0914642604125	0.0745342559828	0.0805473278285	0.0831784896857	0.0982989692249	0.0672488040916	0.0868088524945	0.0	0.100377000061	0.105782671303	0.106587584906	0.0849369395878	0.0803478700397	0.0913983980041	0.0971461220651	0.0854166018904	0.107435146532	0.0700506559653	0.098040284441	0.102789039822	0.107626498647	0.0821010157586	0.093596991412	0.0907191905249	0.122719857284	0.105558550042	0.0984870132998	0.0811550133945	0.0867847070299	0.10329689396	0.106577744394	0.0949003127837	0.0920343048035	0.0951346423233	0.0676567577722	0.105968167971	0.090691152574	0.0739147403331	0.0942670644241	0.0939452198333	0.0940585030261	0.106844713363	0.105855913038	0.105707645076	0.105938599211	0.106671961992	0.105741923181	0.106186446603	0.104349561945	0.106450671724	0.105728182212	0.105782422399	0.106628563818	0.107439769662
MH0428.snv.bam	0.142753288004	0.140727973769	0.122706258172	0.114679434362	0.106010908884	0.118397730378	0.129313171476	0.117235160477	0.135282531769	0.117046422835	0.131568961162	0.148915045595	0.149070948685	0.137408376454	0.143828314571	0.136908814677	0.13660551067	0.136941110374	0.138248886506	0.0998365886947	0.121261443576	0.0974993665626	0.0904599176554	0.103700423683	0.11462470228	0.0980410303599	0.105309242894	0.100377000061	0.0	0.137430736775	0.122762856252	0.103475042492	0.0879159947685	0.0659384861118	0.12375896626	0.0988647634519	0.138125442072	0.0899991769061	0.122486679988	0.133500795115	0.138731850842	0.118505633028	0.115331319134	0.113490537384	0.125600419163	0.135472231608	0.115682242945	0.098624336585	0.0630213527224	0.132798251785	0.137275558505	0.114182803686	0.0966608403979	0.053636666288	0.0858767061049	0.136908909649	0.118751981293	0.0844222928272	0.105115595105	0.10707679178	0.107094766406	0.136722347206	0.136539258214	0.136796452709	0.136914331099	0.135732667778	0.136308241612	0.136328675523	0.133108266818	0.135308566488	0.136455988763	0.136326082666	0.13752743371	0.135227187527
MH0452.snv.bam	0.16656801327	0.165573060791	0.146776644679	0.130365936565	0.122270860671	0.131975387301	0.145931075727	0.131615336201	0.00403726437706	0.128798769482	0.152988464602	0.168002680102	0.172093598015	0.0918454776136	0.0749673459018	0.0915536182875	0.0913483876645	0.09157594152	0.0727053736981	0.116094405535	0.136661128359	0.112355025689	0.116766505897	0.125506691378	0.135006622166	0.116098861395	0.114636058505	0.105782671303	0.137430736775	0.0	0.0160719445293	0.122410517904	0.117140920453	0.128799792547	0.142705781493	0.122629016716	0.00256056959275	0.0999723946649	0.130665100744	0.1393348047	0.00361279110652	0.12092593997	0.125140701767	0.124710982005	0.152297379313	0.00426691496247	0.143656805572	0.120912233453	0.124945939023	0.143891750831	0.00275352298421	0.114506788253	0.122701284365	0.126139471057	0.0999471858375	0.00321820794752	0.126852640414	0.108316104932	0.128219833311	0.127944956128	0.129090524086	0.00537324151632	0.00327259270839	0.00311468348386	0.00324273167705	0.00389975302197	0.00314605480202	0.00378672765529	0.00386430615381	0.00427864571268	0.00285148052263	0.00320435574467	0.00255511299104	0.00463369598802
MH0455.snv.bam	0.159422293837	0.158037411604	0.137125866417	0.126525717082	0.11365055987	0.125645505502	0.138450686829	0.127303682421	0.013760426266	0.120630892246	0.146838084872	0.160792009363	0.165399968917	0.0866967318962	0.0693726913131	0.0864778597981	0.0862541617891	0.0864442159494	0.0644736245369	0.111166893749	0.130680633062	0.107171410574	0.105573083388	0.119006250755	0.128538844627	0.109734818803	0.110512629704	0.106587584906	0.122762856252	0.0160719445293	0.0	0.114031743403	0.110044785319	0.116712678378	0.134512005	0.115747439856	0.0154487669502	0.0936649486742	0.123748370295	0.136560391659	0.0166873655529	0.118549317509	0.119062026841	0.118703111905	0.141882798291	0.0165458242757	0.137026146538	0.114527725792	0.113969333912	0.136345578273	0.0152683673104	0.107505363948	0.116236812499	0.119659037469	0.0925259234285	0.0157835544133	0.119180638895	0.0988640670617	0.124140601862	0.122569493487	0.123781501421	0.0174204404245	0.0154675224086	0.015437971707	0.0155675243829	0.0160701216089	0.0152769593968	0.0160324990506	0.0162287165533	0.0152179501999	0.0151184219757	0.0153701218575	0.0147549066815	0.0172131033326
MMRS18295921ST-27-0-0.snv.bam	0.145716763725	0.143576858208	0.12585529201	0.104628676277	0.100945797766	0.112917547351	0.114058282685	0.114770846456	0.119268582341	0.111834992612	0.126527420845	0.133360419544	0.130736559207	0.132923414448	0.130932034256	0.132526889574	0.132184084666	0.132493550786	0.128736369098	0.0952196850944	0.112112437822	0.0854044477831	0.0946184871507	0.104685635992	0.103143750625	0.0895831313255	0.099519085807	0.0849369395878	0.103475042492	0.122410517904	0.114031743403	0.0	0.0894662831114	0.109121165266	0.107766716832	0.0922209287974	0.12298742808	0.0887098477043	0.105484912446	0.125488805821	0.114979566867	0.107314647071	0.110040197209	0.108373704622	0.129127073332	0.119600822673	0.115511292975	0.0925818561638	0.0947864186481	0.127166099997	0.121704756164	0.1103837388	0.108450033043	0.109171116515	0.0878967934297	0.120969086423	0.114711827325	0.077038194965	0.10596706512	0.107419209343	0.10749748039	0.120542494115	0.120622807138	0.120768604569	0.120751661763	0.119830337429	0.12060731375	0.120688025252	0.117841241776	0.119498084378	0.120698595296	0.120710956405	0.114805682197	0.123213969996
MMRS65205033ST-27-0-0.snv.bam	0.118532946872	0.115867502429	0.117045399608	0.0956087102388	0.0828856810164	0.105065900365	0.11640212246	0.101471696487	0.114081381028	0.0914910497826	0.114835315383	0.127594686523	0.125060558774	0.118660087719	0.118597392026	0.118314966851	0.118012141202	0.118281234814	0.125165672631	0.0802727559271	0.102807105979	0.080765606166	0.0772745731015	0.0929662812728	0.099034535124	0.0837476665481	0.0740224393182	0.0803478700397	0.0879159947685	0.117140920453	0.110044785319	0.0894662831114	0.0	0.0929892425582	0.0972046640345	0.0859644688156	0.117600643246	0.0685848472471	0.0947047339747	0.110827850503	0.115629725209	0.0947240959159	0.0880859543126	0.0875915874696	0.113498233105	0.113005035918	0.107651741983	0.0778164837086	0.0839187409905	0.11599273502	0.116701320432	0.0906867109657	0.0929906530307	0.0919123793332	0.0705618308605	0.115971910169	0.0924552401543	0.0729411828397	0.0903454080893	0.0933538255469	0.0934404886756	0.115642819417	0.115493551072	0.115599073675	0.115651185277	0.114629330849	0.115435882833	0.115517545126	0.113868120457	0.114306791738	0.115528239686	0.115509206638	0.119282480584	0.117977285577
