	158458797-stool1.snv.bam	682102541-stool3.snv.bam	763496533-stool1.snv.bam	763496533-stool2.snv.bam	764487809-stool1.snv.bam	764487809-stool2.snv.bam	CCIS81887263ST-4-0.snv.bam	CCIS91228662ST-4-0.snv.bam	DLM022.snv.bam	M1.2-V2.metaG.snv.bam	MH0196.snv.bam	MH0203.snv.bam	MH0222.snv.bam	MH0250.snv.bam	MH0276.snv.bam	MH0280.snv.bam	MH0288.snv.bam	MH0307.snv.bam	MH0330.snv.bam	MH0336.snv.bam	MH0369.snv.bam	MH0372.snv.bam	MH0392.snv.bam	MH0405.snv.bam	MH0408.snv.bam	MH0411.snv.bam	MH0416.snv.bam	MH0417.snv.bam	MH0422.snv.bam	MH0434.snv.bam	MH0437.snv.bam	MMRS90191266ST-27-0-0.snv.bam	NG-5636_126.snv.bam	NG-5636_194.snv.bam	NG-5636_365.snv.bam	NG-5636_458.snv.bam	NG-5636_479.snv.bam	SAMEA3136658.snv.bam	SAMEA3136721.snv.bam	SAMEA3136726.snv.bam	SAMEA3136738.snv.bam	T2D-59A.snv.bam	V1.CD4-0-PN.snv.bam	V1.FI36.snv.bam	V1.UC58-4.snv.bam
158458797-stool1.snv.bam	0.0	0.14028135513	0.161868696626	0.16241686205	0.237671429192	0.234623124158	0.108243240484	0.159551347295	0.184935831913	0.19825632417	0.190157112436	0.165892465733	0.184749471024	0.139537623998	0.189501966724	0.213025182641	0.082118941627	0.172750438118	0.183282178149	0.175317333338	0.143359764017	0.150824353856	0.147618792172	0.146844032758	0.148311873009	0.148198690291	0.14418282726	0.186832259449	0.127447397619	0.197143565931	0.166103899356	0.15672714155	0.176054615781	0.183935964756	0.180973423017	0.15536742783	0.171249082806	0.160368341271	0.139074660665	0.17311296996	0.152362094746	0.207294899678	0.175814155847	0.117650514602	0.192808303429
682102541-stool3.snv.bam	0.14028135513	0.0	0.164411306274	0.164477675237	0.275546798368	0.27261205244	0.109648992382	0.118181495626	0.203092906639	0.140595421976	0.200114607349	0.125152906624	0.191154731876	0.113597211471	0.125484854738	0.245730124607	0.15329144703	0.190109024392	0.181648277752	0.196362975842	0.0863803655978	0.16413177132	0.184855788869	0.120554618028	0.169569808929	0.109994192105	0.158150260099	0.20247818087	0.160125276156	0.219880828808	0.180492595471	0.199416916372	0.166081274402	0.144878294339	0.175370915893	0.20233134099	0.197690377348	0.0434310852502	0.140839520378	0.205587646165	0.141941683498	0.202008266224	0.169343816757	0.115212045453	0.183715690457
763496533-stool1.snv.bam	0.161868696626	0.164411306274	0.0	0.000858760715449	0.229751316271	0.230578323295	0.116256907394	0.144232420428	0.131812126882	0.167228502679	0.150613492175	0.135728770486	0.235981073175	0.154838783883	0.127943292463	0.188699149465	0.144058418945	0.188336596931	0.156191409196	0.166588179205	0.143517193036	0.150957968752	0.140549464211	0.135151256609	0.140433866574	0.132937255088	0.144620312695	0.179830870968	0.0507545238112	0.194926509363	0.173556736349	0.160849752259	0.157064267931	0.153328440354	0.142025105622	0.155007171233	0.171559071101	0.168949464096	0.177899512129	0.241954826582	0.133190487931	0.173650758349	0.152106386484	0.141039103003	0.13934561351
763496533-stool2.snv.bam	0.16241686205	0.164477675237	0.000858760715449	0.0	0.230117034104	0.230945469714	0.116492563885	0.144377071516	0.13159817249	0.167491816201	0.150851025603	0.13591279913	0.235963006443	0.155069566646	0.128121726505	0.188744108913	0.144286731136	0.188435701842	0.156448667939	0.166437497204	0.143471589118	0.15115232636	0.140886917053	0.135336934046	0.140704730388	0.132963352768	0.144871485663	0.179906527558	0.0508401361641	0.195004931513	0.173058586471	0.161364387769	0.157416749082	0.153263249236	0.142288468567	0.155503854342	0.171413700093	0.169038852469	0.178293777389	0.242165301272	0.133222294452	0.173687650332	0.152407639299	0.141362660787	0.139486093908
764487809-stool1.snv.bam	0.237671429192	0.275546798368	0.229751316271	0.230117034104	0.0	0.000171920093795	0.245324282289	0.172619754973	0.268655071235	0.212442712843	0.17929149204	0.241418737037	0.301380505808	0.206403950567	0.21803140148	0.245108971058	0.218946467119	0.196904593387	0.208403274798	0.229844060968	0.218246949764	0.241497155289	0.204355600826	0.164072150072	0.172928012247	0.200441105735	0.211433765635	0.263702507453	0.210304827036	0.215466789673	0.226842716392	0.158228635961	0.181889476356	0.24101961809	0.18657951396	0.153380031796	0.151466284932	0.264893428925	0.175346389685	0.287152232764	0.228417470543	0.294113442231	0.18550138505	0.208194944205	0.214127205647
764487809-stool2.snv.bam	0.234623124158	0.27261205244	0.230578323295	0.230945469714	0.000171920093795	0.0	0.242305871212	0.169291338583	0.265727796053	0.209103078983	0.179282868526	0.238385069924	0.298525298588	0.203233506944	0.214906377588	0.245036820986	0.215812776724	0.193620061688	0.208230680507	0.226765180277	0.215122767857	0.238463794497	0.201049868766	0.160642570281	0.169498549523	0.197222222222	0.208072916667	0.260709114554	0.211055871212	0.2123420888	0.22387048291	0.154627892433	0.178571428571	0.237984391919	0.183266932271	0.149887359199	0.148	0.261904761905	0.17209115565	0.284297212118	0.225296442688	0.291240727645	0.182039650538	0.205125890884	0.210986930989
CCIS81887263ST-4-0.snv.bam	0.108243240484	0.109648992382	0.116256907394	0.116492563885	0.245324282289	0.242305871212	0.0	0.128522579884	0.162380767644	0.159114959115	0.166374715535	0.12769017529	0.189162977865	0.108584162932	0.151222142377	0.20704793316	0.105246008472	0.203938551832	0.144471309571	0.169519372348	0.104848593266	0.174139153178	0.151373658767	0.131072631073	0.136509473188	0.121060973463	0.144414827285	0.185292709749	0.0891702271013	0.182747923433	0.156510653003	0.176982990236	0.184432560903	0.145424794005	0.185158673348	0.18530630401	0.191355788965	0.129530600119	0.139255290958	0.210140044805	0.117305871212	0.188645322787	0.183968670771	0.109802474072	0.162402991657
CCIS91228662ST-4-0.snv.bam	0.159551347295	0.118181495626	0.144232420428	0.144377071516	0.172619754973	0.169291338583	0.128522579884	0.0	0.147962318247	0.124266666667	0.13172310757	0.10140133836	0.236966708373	0.105420214666	0.109435781674	0.194996846216	0.137199871701	0.123601844785	0.133720876586	0.15492672382	0.070527169749	0.159812208727	0.133594771242	0.0	0.125696594427	0.051521265511	0.144968879668	0.184579829517	0.124765703459	0.193432270373	0.148026077275	0.137807536593	0.118577075099	0.113031145257	0.130952380952	0.14375	0.156	0.106719367589	0.14411212968	0.240091764864	0.102362204724	0.194859999722	0.161228246319	0.0987801286523	0.132344958495
DLM022.snv.bam	0.184935831913	0.203092906639	0.131812126882	0.13159817249	0.268655071235	0.265727796053	0.162380767644	0.147962318247	0.0	0.167035644667	0.14659610984	0.135468956556	0.219990082445	0.170344829956	0.151206747624	0.195625986964	0.143990243972	0.186319220035	0.163911047933	0.14501110632	0.166609260289	0.165955278423	0.167676974538	0.146929824561	0.144276059799	0.14849898247	0.144181828027	0.190369239602	0.12756166023	0.202112313973	0.204956267816	0.168625920687	0.195975232198	0.169678566379	0.149502693742	0.177538911604	0.175403648564	0.192053663571	0.200940252024	0.251852800834	0.132915296053	0.21546666839	0.17598465786	0.152588515937	0.115980579624
M1.2-V2.metaG.snv.bam	0.19825632417	0.140595421976	0.167228502679	0.167491816201	0.212442712843	0.209103078983	0.159114959115	0.124266666667	0.167035644667	0.0	0.146866531165	0.107717573981	0.271112785102	0.0958716739514	0.0920749940949	0.200345881473	0.180039178574	0.158476317692	0.100260917116	0.179899475116	0.0920323384609	0.194280997595	0.152533333333	0.126802721088	0.116477192982	0.100818357488	0.185893361582	0.182198594716	0.163220049427	0.124109860286	0.204512203024	0.129980276134	0.19250334672	0.100581112018	0.158164642375	0.134842191518	0.205191256831	0.104149933066	0.159175391236	0.241375844531	0.108701472557	0.224892074002	0.132018442623	0.117022397892	0.14317190873
MH0196.snv.bam	0.190157112436	0.200114607349	0.150613492175	0.150851025603	0.17929149204	0.179282868526	0.166374715535	0.13172310757	0.14659610984	0.146866531165	0.0	0.178350371378	0.257766711339	0.118697609364	0.102969406858	0.0745633883366	0.170875663315	0.163187620493	0.155402077498	0.158775900453	0.162371045523	0.178071016108	0.16386122178	0.122205284553	0.13591685888	0.135910223839	0.15638185654	0.166196833994	0.126712728347	0.184978152971	0.191167738162	0.144448401393	0.172941767068	0.170904257148	0.109122983871	0.14636419284	0.170731707317	0.189006024096	0.166367248879	0.201213391576	0.13225	0.231671301486	0.15119047619	0.131950130184	0.162429137585
MH0203.snv.bam	0.165892465733	0.125152906624	0.135728770486	0.13591279913	0.241418737037	0.238385069924	0.12769017529	0.10140133836	0.135468956556	0.107717573981	0.178350371378	0.0	0.232505026997	0.10483837501	0.124222581201	0.230949798433	0.155676819865	0.178269664102	0.152439632319	0.181050594442	0.070284342093	0.185600180379	0.171626922321	0.103413269677	0.14836884652	0.109720103751	0.176861052656	0.2128951082	0.131756485512	0.213152865583	0.193851526306	0.169070704807	0.168885136554	0.13562612474	0.149845675311	0.18154599753	0.21134257396	0.0826594587318	0.16624965967	0.246119829884	0.125305320221	0.197390063273	0.184087558932	0.0866423921515	0.112171390458
MH0222.snv.bam	0.184749471024	0.191154731876	0.235981073175	0.235963006443	0.301380505808	0.298525298588	0.189162977865	0.236966708373	0.219990082445	0.271112785102	0.257766711339	0.232505026997	0.0	0.228286582968	0.279250194461	0.301969804222	0.15822248944	0.2616922588	0.269583480601	0.229567047217	0.224648652721	0.200551699156	0.237642502189	0.226528652706	0.234003353813	0.237909230898	0.17233225722	0.248687660696	0.22386819651	0.303017574016	0.222906323775	0.262266651837	0.211996355385	0.245914550532	0.220705263395	0.257520068057	0.239478325721	0.21206837339	0.200936656201	0.261598765326	0.230886761826	0.288779156555	0.275997480686	0.203025983702	0.267281196995
MH0250.snv.bam	0.139537623998	0.113597211471	0.154838783883	0.155069566646	0.206403950567	0.203233506944	0.108584162932	0.105420214666	0.170344829956	0.0958716739514	0.118697609364	0.10483837501	0.228286582968	0.0	0.065817931196	0.171335892302	0.151495067992	0.186233431661	0.167845381879	0.172150137605	0.0658487032081	0.150765174303	0.167936427376	0.107511885592	0.152101444329	0.0818398842083	0.135927963659	0.203104674654	0.120034036451	0.164946127244	0.174296933222	0.14109018758	0.172913706545	0.131822391893	0.149972421926	0.146789606873	0.183266932271	0.118011745761	0.131775337826	0.172959763472	0.144894512379	0.185711041998	0.140172402179	0.0905911594374	0.139299700677
MH0276.snv.bam	0.189501966724	0.125484854738	0.127943292463	0.128121726505	0.21803140148	0.214906377588	0.151222142377	0.109435781674	0.151206747624	0.0920749940949	0.102969406858	0.124222581201	0.279250194461	0.065817931196	0.0	0.163938965814	0.178630510573	0.182362936665	0.156267063862	0.166317148237	0.108500611238	0.162347764444	0.18747247705	0.111562539425	0.148392666818	0.101693579677	0.152473269846	0.201878915567	0.139505992729	0.170941647321	0.202543155228	0.125018048999	0.176827579068	0.13576258264	0.122405640403	0.127402155297	0.191285999638	0.137789144491	0.151072779885	0.223145236419	0.141068377236	0.197715275827	0.0805980762017	0.125602978478	0.127727539628
MH0280.snv.bam	0.213025182641	0.245730124607	0.188699149465	0.188744108913	0.245108971058	0.245036820986	0.20704793316	0.194996846216	0.195625986964	0.200345881473	0.0745633883366	0.230949798433	0.301969804222	0.171335892302	0.163938965814	0.0	0.216210929408	0.173302975085	0.206630661175	0.188696421078	0.21476916956	0.215959684667	0.202500386316	0.18094913706	0.190628313178	0.188224301281	0.207184711709	0.123585021255	0.15689135921	0.163617232349	0.223198885342	0.18976434726	0.216107580292	0.191589616312	0.190016732593	0.182425482919	0.213889995928	0.231148996525	0.226810625652	0.151744698274	0.183917269824	0.191011232009	0.179012391334	0.196726739854	0.228992677739
MH0288.snv.bam	0.082118941627	0.15329144703	0.144058418945	0.144286731136	0.218946467119	0.215812776724	0.105246008472	0.137199871701	0.143990243972	0.180039178574	0.170875663315	0.155676819865	0.15822248944	0.151495067992	0.178630510573	0.216210929408	0.0	0.164524907548	0.156960901113	0.138975929206	0.140079618887	0.132177835436	0.164283205034	0.135948873129	0.117874213806	0.137398958355	0.112337467584	0.190324823272	0.132244137314	0.19938454619	0.162544178389	0.152950624968	0.161902232895	0.165478176912	0.162414660438	0.159151325135	0.152129032258	0.165839240769	0.12852707164	0.215190448564	0.122051635904	0.217268196853	0.181076001955	0.102781640476	0.151689230576
MH0307.snv.bam	0.172750438118	0.190109024392	0.188336596931	0.188435701842	0.196904593387	0.193620061688	0.203938551832	0.123601844785	0.186319220035	0.158476317692	0.163187620493	0.178269664102	0.2616922588	0.186233431661	0.182362936665	0.173302975085	0.164524907548	0.0	0.137948104034	0.160901474881	0.13497844137	0.200135277559	0.174708624976	0.115578431437	0.0892135126931	0.13610352887	0.20678409833	0.115364219329	0.17659508071	0.159906573397	0.156382686862	0.161768096123	0.158639533136	0.106483303953	0.133353556809	0.155767748919	0.133213627161	0.168510667505	0.164334593366	0.218906629558	0.129173693242	0.21742068295	0.177287161047	0.139734110506	0.17801074061
MH0330.snv.bam	0.183282178149	0.181648277752	0.156191409196	0.156448667939	0.208403274798	0.208230680507	0.144471309571	0.133720876586	0.163911047933	0.100260917116	0.155402077498	0.152439632319	0.269583480601	0.167845381879	0.156267063862	0.206630661175	0.156960901113	0.137948104034	0.0	0.185315860569	0.132710735782	0.179560434866	0.106531334102	0.128395294118	0.102141929218	0.14164352618	0.174943251159	0.161361995035	0.144605483729	0.157869030595	0.167773604967	0.145553568822	0.162445942804	0.135149969441	0.155154061625	0.159844141114	0.17686746988	0.162445942804	0.167876869471	0.271228143603	0.118499305234	0.242635071129	0.173200842586	0.12269708367	0.148188524652
MH0336.snv.bam	0.175317333338	0.196362975842	0.166588179205	0.166437497204	0.229844060968	0.226765180277	0.169519372348	0.15492672382	0.14501110632	0.179899475116	0.158775900453	0.181050594442	0.229567047217	0.172150137605	0.166317148237	0.188696421078	0.138975929206	0.160901474881	0.185315860569	0.0	0.161339531583	0.14613548414	0.192507652742	0.14329424406	0.12910333887	0.145758573631	0.125720830385	0.167360609047	0.154222823726	0.187623531877	0.175634589164	0.17235690737	0.187056132583	0.120815773581	0.135049966739	0.161167740698	0.175212605698	0.182862912572	0.210383621031	0.221379656336	0.108481137755	0.201136855917	0.166107546908	0.142725549548	0.131938661977
MH0369.snv.bam	0.143359764017	0.0863803655978	0.143517193036	0.143471589118	0.218246949764	0.215122767857	0.104848593266	0.070527169749	0.166609260289	0.0920323384609	0.162371045523	0.070284342093	0.224648652721	0.0658487032081	0.108500611238	0.21476916956	0.140079618887	0.13497844137	0.132710735782	0.161339531583	0.0	0.16247362008	0.156389685962	0.0719265183551	0.117014984617	0.0546424726682	0.148407335907	0.181778789247	0.124020474506	0.166340778467	0.143794624776	0.153268852064	0.161276402453	0.0817547758944	0.154037333171	0.158543434224	0.171314741036	0.0593156181391	0.151205791325	0.231000255581	0.0942401665058	0.178060125849	0.167913609398	0.063480215688	0.13556413101
MH0372.snv.bam	0.150824353856	0.16413177132	0.150957968752	0.15115232636	0.241497155289	0.238463794497	0.174139153178	0.159812208727	0.165955278423	0.194280997595	0.178071016108	0.185600180379	0.200551699156	0.150765174303	0.162347764444	0.215959684667	0.132177835436	0.200135277559	0.179560434866	0.14613548414	0.16247362008	0.0	0.191200016769	0.155046577948	0.175489649066	0.15602791601	0.0172937080194	0.177009943667	0.146814692004	0.223426972186	0.197832932663	0.196920787568	0.109988170341	0.172413800033	0.138081198671	0.190118066074	0.179254353595	0.160884227688	0.197250719745	0.192631084883	0.156614230544	0.248740341119	0.195246041199	0.133310001748	0.119850738304
MH0392.snv.bam	0.147618792172	0.184855788869	0.140549464211	0.140886917053	0.204355600826	0.201049868766	0.151373658767	0.133594771242	0.167676974538	0.152533333333	0.16386122178	0.171626922321	0.237642502189	0.167936427376	0.18747247705	0.202500386316	0.164283205034	0.174708624976	0.106531334102	0.192507652742	0.156389685962	0.191200016769	0.0	0.127248677249	0.148324117687	0.145682485555	0.173371056241	0.153524239007	0.11335195508	0.193791893389	0.12935147899	0.13402885913	0.13465085639	0.183419787096	0.170899470899	0.144874778369	0.168942436412	0.18208168643	0.159350433216	0.228627568924	0.157742782152	0.212974259131	0.173544176707	0.138257252835	0.175405918287
MH0405.snv.bam	0.146844032758	0.120554618028	0.135151256609	0.135336934046	0.164072150072	0.160642570281	0.131072631073	0.0	0.146929824561	0.126802721088	0.122205284553	0.103413269677	0.226528652706	0.107511885592	0.111562539425	0.18094913706	0.135948873129	0.115578431437	0.128395294118	0.14329424406	0.0719265183551	0.155046577948	0.127248677249	0.0	0.123224728488	0.0563263852801	0.146182008368	0.168139906725	0.119304705512	0.188577477808	0.137522638713	0.132390336936	0.120481927711	0.109073429886	0.121457489879	0.131558870899	0.143442622951	0.108870967742	0.146971497332	0.2293146408	0.100401606426	0.190967019732	0.156335382514	0.0963702502244	0.134970850528
MH0408.snv.bam	0.148311873009	0.169569808929	0.140433866574	0.140704730388	0.172928012247	0.169498549523	0.136509473188	0.125696594427	0.144276059799	0.116477192982	0.13591685888	0.14836884652	0.234003353813	0.152101444329	0.148392666818	0.190628313178	0.117874213806	0.0892135126931	0.102141929218	0.12910333887	0.117014984617	0.175489649066	0.148324117687	0.123224728488	0.0	0.114059965201	0.168683669049	0.133618510289	0.121079445011	0.15219381314	0.156946665938	0.117777704929	0.170168504265	0.101467825479	0.127192982456	0.113403730403	0.140562248996	0.150405658415	0.152171079476	0.24458437845	0.0828843762951	0.199315099348	0.116840167688	0.118594370138	0.1519753944
MH0411.snv.bam	0.148198690291	0.109994192105	0.132937255088	0.132963352768	0.200441105735	0.197222222222	0.121060973463	0.051521265511	0.14849898247	0.100818357488	0.135910223839	0.109720103751	0.237909230898	0.0818398842083	0.101693579677	0.188224301281	0.137398958355	0.13610352887	0.14164352618	0.145758573631	0.0546424726682	0.15602791601	0.145682485555	0.0563263852801	0.114059965201	0.0	0.14080753184	0.184511648851	0.101471546387	0.161418947607	0.152576136469	0.146463094104	0.154086309863	0.0902215059785	0.135467947243	0.152018148866	0.156738063365	0.0989681996272	0.167778927928	0.228446822369	0.094658520413	0.179110664963	0.149231951962	0.0993210020064	0.136667509772
MH0416.snv.bam	0.14418282726	0.158150260099	0.144620312695	0.144871485663	0.211433765635	0.208072916667	0.144414827285	0.144968879668	0.144181828027	0.185893361582	0.15638185654	0.176861052656	0.17233225722	0.135927963659	0.152473269846	0.207184711709	0.112337467584	0.20678409833	0.174943251159	0.125720830385	0.148407335907	0.0172937080194	0.173371056241	0.146182008368	0.168683669049	0.14080753184	0.0	0.178757328284	0.13607687131	0.21150389683	0.183243417505	0.179589907955	0.108143153527	0.157961805008	0.134191176471	0.173724063654	0.161281779661	0.154550209205	0.189709124806	0.188495205499	0.13718879668	0.223485613532	0.181610407876	0.129414658947	0.11090598491
MH0417.snv.bam	0.186832259449	0.20247818087	0.179830870968	0.179906527558	0.263702507453	0.260709114554	0.185292709749	0.184579829517	0.190369239602	0.182198594716	0.166196833994	0.2128951082	0.248687660696	0.203104674654	0.201878915567	0.123585021255	0.190324823272	0.115364219329	0.161361995035	0.167360609047	0.181778789247	0.177009943667	0.153524239007	0.168139906725	0.133618510289	0.184511648851	0.178757328284	0.0	0.157558655207	0.14658541516	0.161344400393	0.212843921118	0.16310694103	0.143108928392	0.172220074827	0.203389851465	0.197003093457	0.185841444521	0.224399370564	0.162963262528	0.149089638098	0.187203670169	0.225500311389	0.154237903434	0.197637001346
MH0422.snv.bam	0.127447397619	0.160125276156	0.0507545238112	0.0508401361641	0.210304827036	0.211055871212	0.0891702271013	0.124765703459	0.12756166023	0.163220049427	0.126712728347	0.131756485512	0.22386819651	0.120034036451	0.139505992729	0.15689135921	0.132244137314	0.17659508071	0.144605483729	0.154222823726	0.124020474506	0.146814692004	0.11335195508	0.119304705512	0.121079445011	0.101471546387	0.13607687131	0.157558655207	0.0	0.181441931911	0.139948253912	0.169089346696	0.156879136189	0.141696928208	0.149622754836	0.16683530695	0.16346734275	0.156879136189	0.174137463771	0.207058556703	0.121346819488	0.177524632377	0.164185733555	0.129391901149	0.143231110416
MH0434.snv.bam	0.197143565931	0.219880828808	0.194926509363	0.195004931513	0.215466789673	0.2123420888	0.182747923433	0.193432270373	0.202112313973	0.124109860286	0.184978152971	0.213152865583	0.303017574016	0.164946127244	0.170941647321	0.163617232349	0.19938454619	0.159906573397	0.157869030595	0.187623531877	0.166340778467	0.223426972186	0.193791893389	0.188577477808	0.15219381314	0.161418947607	0.21150389683	0.14658541516	0.181441931911	0.0	0.20655084016	0.162723830783	0.230038473727	0.138216543532	0.226273646814	0.163957459764	0.188999186986	0.203324434933	0.202057653293	0.19665337319	0.14392141972	0.19147670895	0.160716708354	0.186075279869	0.21319491675
MH0437.snv.bam	0.166103899356	0.180492595471	0.173556736349	0.173058586471	0.226842716392	0.22387048291	0.156510653003	0.148026077275	0.204956267816	0.204512203024	0.191167738162	0.193851526306	0.222906323775	0.174296933222	0.202543155228	0.223198885342	0.162544178389	0.156382686862	0.167773604967	0.175634589164	0.143794624776	0.197832932663	0.12935147899	0.137522638713	0.156946665938	0.152576136469	0.183243417505	0.161344400393	0.139948253912	0.20655084016	0.0	0.197386494843	0.171385818745	0.163482820411	0.17462740584	0.187333535943	0.160710765878	0.178669748173	0.170767570282	0.233182905064	0.159273173088	0.243799792877	0.209924880674	0.144053997768	0.20952916187
MMRS90191266ST-27-0-0.snv.bam	0.15672714155	0.199416916372	0.160849752259	0.161364387769	0.158228635961	0.154627892433	0.176982990236	0.137807536593	0.168625920687	0.129980276134	0.144448401393	0.169070704807	0.262266651837	0.14109018758	0.125018048999	0.18976434726	0.152950624968	0.161768096123	0.145553568822	0.17235690737	0.153268852064	0.196920787568	0.13402885913	0.132390336936	0.117777704929	0.146463094104	0.179589907955	0.212843921118	0.169089346696	0.162723830783	0.197386494843	0.0	0.167503924647	0.166358153234	0.180485498108	0.00749894408954	0.186881583147	0.187912087912	0.140899572141	0.223901344497	0.142432770482	0.207237784585	0.062486810172	0.15881536172	0.176603183914
NG-5636_126.snv.bam	0.176054615781	0.166081274402	0.157064267931	0.157416749082	0.181889476356	0.178571428571	0.184432560903	0.118577075099	0.195975232198	0.19250334672	0.172941767068	0.168885136554	0.211996355385	0.172913706545	0.176827579068	0.216107580292	0.161902232895	0.158639533136	0.162445942804	0.187056132583	0.161276402453	0.109988170341	0.13465085639	0.120481927711	0.170168504265	0.154086309863	0.108143153527	0.16310694103	0.156879136189	0.230038473727	0.171385818745	0.167503924647	0.0	0.183786226854	0.112	0.171848143513	0.178137651822	0.154150197628	0.153085558148	0.214660719394	0.162698412698	0.231550915886	0.207068151147	0.131181552594	0.141226095424
NG-5636_194.snv.bam	0.183935964756	0.144878294339	0.153328440354	0.153263249236	0.24101961809	0.237984391919	0.145424794005	0.113031145257	0.169678566379	0.100581112018	0.170904257148	0.13562612474	0.245914550532	0.131822391893	0.13576258264	0.191589616312	0.165478176912	0.106483303953	0.135149969441	0.120815773581	0.0817547758944	0.172413800033	0.183419787096	0.109073429886	0.101467825479	0.0902215059785	0.157961805008	0.143108928392	0.141696928208	0.138216543532	0.163482820411	0.166358153234	0.183786226854	0.0	0.148591284053	0.156931945818	0.182641641236	0.122665778674	0.199402394422	0.236981033757	0.0806043695972	0.191537793616	0.163634337119	0.121548393531	0.147031182008
NG-5636_365.snv.bam	0.180973423017	0.175370915893	0.142025105622	0.142288468567	0.18657951396	0.183266932271	0.185158673348	0.130952380952	0.149502693742	0.158164642375	0.109122983871	0.149845675311	0.220705263395	0.149972421926	0.122405640403	0.190016732593	0.162414660438	0.133353556809	0.155154061625	0.135049966739	0.154037333171	0.138081198671	0.170899470899	0.121457489879	0.127192982456	0.135467947243	0.134191176471	0.172220074827	0.149622754836	0.226273646814	0.17462740584	0.180485498108	0.112	0.148591284053	0.0	0.166882516189	0.142276422764	0.168	0.149751249322	0.238700202994	0.139442231076	0.241072944483	0.171324525745	0.103924336533	0.114261271933
NG-5636_458.snv.bam	0.15536742783	0.20233134099	0.155007171233	0.155503854342	0.153380031796	0.149887359199	0.18530630401	0.14375	0.177538911604	0.134842191518	0.14636419284	0.18154599753	0.257520068057	0.146789606873	0.127402155297	0.182425482919	0.159151325135	0.155767748919	0.159844141114	0.161167740698	0.158543434224	0.190118066074	0.144874778369	0.131558870899	0.113403730403	0.152018148866	0.173724063654	0.203389851465	0.16683530695	0.163957459764	0.187333535943	0.00749894408954	0.171848143513	0.156931945818	0.166882516189	0.0	0.176885106383	0.191289111389	0.146808575357	0.216024224175	0.14423028786	0.200672781265	0.0532982269504	0.164102380477	0.185237898207
NG-5636_479.snv.bam	0.171249082806	0.197690377348	0.171559071101	0.171413700093	0.151466284932	0.148	0.191355788965	0.156	0.175403648564	0.205191256831	0.170731707317	0.21134257396	0.239478325721	0.183266932271	0.191285999638	0.213889995928	0.152129032258	0.133213627161	0.17686746988	0.175212605698	0.171314741036	0.179254353595	0.168942436412	0.143442622951	0.140562248996	0.156738063365	0.161281779661	0.197003093457	0.16346734275	0.188999186986	0.160710765878	0.186881583147	0.178137651822	0.182641641236	0.142276422764	0.176885106383	0.0	0.194331983806	0.167477359872	0.232147311519	0.14859437751	0.255012401961	0.164951989026	0.161226725082	0.195215700477
SAMEA3136658.snv.bam	0.160368341271	0.0434310852502	0.168949464096	0.169038852469	0.264893428925	0.261904761905	0.129530600119	0.106719367589	0.192053663571	0.104149933066	0.189006024096	0.0826594587318	0.21206837339	0.118011745761	0.137789144491	0.231148996525	0.165839240769	0.168510667505	0.162445942804	0.182862912572	0.0593156181391	0.160884227688	0.18208168643	0.108870967742	0.150405658415	0.0989681996272	0.154550209205	0.185841444521	0.156879136189	0.203324434933	0.178669748173	0.187912087912	0.154150197628	0.122665778674	0.168	0.191289111389	0.194331983806	0.0	0.184458107168	0.206523004214	0.122529644269	0.211158792822	0.182101889339	0.0877032917246	0.172598644444
SAMEA3136721.snv.bam	0.139074660665	0.140839520378	0.177899512129	0.178293777389	0.175346389685	0.17209115565	0.139255290958	0.14411212968	0.200940252024	0.159175391236	0.166367248879	0.16624965967	0.200936656201	0.131775337826	0.151072779885	0.226810625652	0.12852707164	0.164334593366	0.167876869471	0.210383621031	0.151205791325	0.197250719745	0.159350433216	0.146971497332	0.152171079476	0.167778927928	0.189709124806	0.224399370564	0.174137463771	0.202057653293	0.170767570282	0.140899572141	0.153085558148	0.199402394422	0.149751249322	0.146808575357	0.167477359872	0.184458107168	0.0	0.210437236703	0.172018817687	0.23163114125	0.148211829401	0.121500973284	0.193165497366
SAMEA3136726.snv.bam	0.17311296996	0.205587646165	0.241954826582	0.242165301272	0.287152232764	0.284297212118	0.210140044805	0.240091764864	0.251852800834	0.241375844531	0.201213391576	0.246119829884	0.261598765326	0.172959763472	0.223145236419	0.151744698274	0.215190448564	0.218906629558	0.271228143603	0.221379656336	0.231000255581	0.192631084883	0.228627568924	0.2293146408	0.24458437845	0.228446822369	0.188495205499	0.162963262528	0.207058556703	0.19665337319	0.233182905064	0.223901344497	0.214660719394	0.236981033757	0.238700202994	0.216024224175	0.232147311519	0.206523004214	0.210437236703	0.0	0.221771069279	0.208164085009	0.22310879712	0.189658683403	0.27303566758
SAMEA3136738.snv.bam	0.152362094746	0.141941683498	0.133190487931	0.133222294452	0.228417470543	0.225296442688	0.117305871212	0.102362204724	0.132915296053	0.108701472557	0.13225	0.125305320221	0.230886761826	0.144894512379	0.141068377236	0.183917269824	0.122051635904	0.129173693242	0.118499305234	0.108481137755	0.0942401665058	0.156614230544	0.157742782152	0.100401606426	0.0828843762951	0.094658520413	0.13718879668	0.149089638098	0.121346819488	0.14392141972	0.159273173088	0.142432770482	0.162698412698	0.0806043695972	0.139442231076	0.14423028786	0.14859437751	0.122529644269	0.172018817687	0.221771069279	0.0	0.203120188394	0.157212182062	0.103106034671	0.136844030504
T2D-59A.snv.bam	0.207294899678	0.202008266224	0.173650758349	0.173687650332	0.294113442231	0.291240727645	0.188645322787	0.194859999722	0.21546666839	0.224892074002	0.231671301486	0.197390063273	0.288779156555	0.185711041998	0.197715275827	0.191011232009	0.217268196853	0.21742068295	0.242635071129	0.201136855917	0.178060125849	0.248740341119	0.212974259131	0.190967019732	0.199315099348	0.179110664963	0.223485613532	0.187203670169	0.177524632377	0.19147670895	0.243799792877	0.207237784585	0.231550915886	0.191537793616	0.241072944483	0.200672781265	0.255012401961	0.211158792822	0.23163114125	0.208164085009	0.203120188394	0.0	0.185865243937	0.198652913386	0.25212746588
V1.CD4-0-PN.snv.bam	0.175814155847	0.169343816757	0.152106386484	0.152407639299	0.18550138505	0.182039650538	0.183968670771	0.161228246319	0.17598465786	0.132018442623	0.15119047619	0.184087558932	0.275997480686	0.140172402179	0.0805980762017	0.179012391334	0.181076001955	0.177287161047	0.173200842586	0.166107546908	0.167913609398	0.195246041199	0.173544176707	0.156335382514	0.116840167688	0.149231951962	0.181610407876	0.225500311389	0.164185733555	0.160716708354	0.209924880674	0.062486810172	0.207068151147	0.163634337119	0.171324525745	0.0532982269504	0.164951989026	0.182101889339	0.148211829401	0.22310879712	0.157212182062	0.185865243937	0.0	0.194115526665	0.195742871074
V1.FI36.snv.bam	0.117650514602	0.115212045453	0.141039103003	0.141362660787	0.208194944205	0.205125890884	0.109802474072	0.0987801286523	0.152588515937	0.117022397892	0.131950130184	0.0866423921515	0.203025983702	0.0905911594374	0.125602978478	0.196726739854	0.102781640476	0.139734110506	0.12269708367	0.142725549548	0.063480215688	0.133310001748	0.138257252835	0.0963702502244	0.118594370138	0.0993210020064	0.129414658947	0.154237903434	0.129391901149	0.186075279869	0.144053997768	0.15881536172	0.131181552594	0.121548393531	0.103924336533	0.164102380477	0.161226725082	0.0877032917246	0.121500973284	0.189658683403	0.103106034671	0.198652913386	0.194115526665	0.0	0.117515903267
V1.UC58-4.snv.bam	0.192808303429	0.183715690457	0.13934561351	0.139486093908	0.214127205647	0.210986930989	0.162402991657	0.132344958495	0.115980579624	0.14317190873	0.162429137585	0.112171390458	0.267281196995	0.139299700677	0.127727539628	0.228992677739	0.151689230576	0.17801074061	0.148188524652	0.131938661977	0.13556413101	0.119850738304	0.175405918287	0.134970850528	0.1519753944	0.136667509772	0.11090598491	0.197637001346	0.143231110416	0.21319491675	0.20952916187	0.176603183914	0.141226095424	0.147031182008	0.114261271933	0.185237898207	0.195215700477	0.172598644444	0.193165497366	0.27303566758	0.136844030504	0.25212746588	0.195742871074	0.117515903267	0.0
