	158256496-stool2.snv.bam	158337416-stool1.snv.bam	158337416-stool2.snv.bam	158802708-stool1.snv.bam	158802708-stool2.snv.bam	158802708-stool3.snv.bam	158984779-stool1.snv.bam	159227541-stool2.snv.bam	159227541-stool3.snv.bam	159288231-stool1.snv.bam	159571453-stool2.snv.bam	159733294-stool1.snv.bam	160400887-stool1.snv.bam	160765029-stool1.snv.bam	682102541-stool3.snv.bam	764062976-stool1.snv.bam	764184357-stool2.snv.bam	765074482-stool1.snv.bam	765074482-stool2.snv.bam	CCIS07539127ST-4-0.snv.bam	CCIS51667829ST-4-0.snv.bam	CCIS53355328ST-4-0.snv.bam	CCIS55230578ST-4-0.snv.bam	CCIS56503244ST-3-0.snv.bam	CCIS88317640ST-4-0.snv.bam	CCIS95409808ST-4-0.snv.bam	DOM013.snv.bam	M1.1-V3.metaG.snv.bam	M1.4-V2.metaG.snv.bam	MH0197.snv.bam	MH0247.snv.bam	MH0313.snv.bam	MH0323.snv.bam	MH0340.snv.bam	MH0406.snv.bam	MH0422.snv.bam	MMRS39582183ST-27-0-0.snv.bam	MMRS81135225ST-27-0-0.snv.bam	MMRS81671217ST-27-0-0.snv.bam	MMRS88581325ST-27-0-0.snv.bam	N009A.snv.bam	N022A.snv.bam	N066A.snv.bam	NG-5636_59.snv.bam	O2.UC29-1.snv.bam	O2.UC3-1.snv.bam	SAMEA3136637.snv.bam	SAMEA3136641.snv.bam	SAMEA3136648.snv.bam	SAMEA3136667.snv.bam	SAMEA3136703.snv.bam	SAMEA3136725.snv.bam	SAMEA3136746.snv.bam	SAMEA3178943.snv.bam	SZEY-103A.snv.bam	T2D-108A.snv.bam	T2D-154A.snv.bam	T2D-178A.snv.bam	T2D-189A.snv.bam	T2D-53A.snv.bam	T2D-70A.snv.bam	T2D-81A.snv.bam	V1.CD4-0-PN.snv.bam	V1.CD50-0.snv.bam	V1.CD55-0.snv.bam	V1.FI14.snv.bam	V1.FI16.snv.bam
158256496-stool2.snv.bam	0.0	0.306978881423	0.306802095679	0.305762912065	0.303691586892	0.304904166694	0.24498322096	0.317429965214	0.319263960275	0.251074988552	0.28411853256	0.335672964936	0.335192296045	0.306188370339	0.326168069727	0.24140260153	0.281431827765	0.237322382483	0.23657994852	0.299856534707	0.288313671724	0.252673471574	0.241390194041	0.296855903668	0.293878399919	0.230288392991	0.309884627055	0.258269051057	0.258360764046	0.255670264524	0.254214709017	0.31629395974	0.285823510583	0.280725919784	0.282756159884	0.258947283177	0.25979396434	0.26018962805	0.200837729155	0.251188815012	0.31819792536	0.287609261636	0.308520450968	0.252903545009	0.241628728899	0.343223466922	0.297155933878	0.273586531746	0.32287886599	0.224939857582	0.252582607662	0.302620897847	0.236752464159	0.301051171442	0.288319618722	0.3058896152	0.310084380082	0.298995506529	0.285334763406	0.303001470292	0.294952031666	0.300019127588	0.262932055525	0.287014237598	0.306232598111	0.263320975653	0.27883431573
158337416-stool1.snv.bam	0.306978881423	0.0	0.00232145209634	0.202679350713	0.198850135475	0.197510903677	0.204448763536	0.156932704687	0.159621267903	0.212498943655	0.266229459428	0.218530903722	0.175100457414	0.198984811485	0.159038209497	0.166973883025	0.212902619768	0.229414986746	0.230055502735	0.171393865129	0.167632710225	0.199178063925	0.26855991659	0.167614299951	0.183417297433	0.202490727491	0.195624998147	0.21533643674	0.160307128417	0.212092249716	0.207707002927	0.182212430427	0.192366469666	0.14843409944	0.122358205742	0.243947347186	0.238676572974	0.193734052169	0.258217333368	0.202825353394	0.18953501318	0.137064164142	0.202917466765	0.18822071592	0.201823894668	0.213717801016	0.160050503157	0.256413094182	0.172104555754	0.22576515473	0.19986090195	0.172324531038	0.212918005072	0.170418787959	0.14496493993	0.163075615553	0.15063016287	0.167983284995	0.211684570628	0.175984904666	0.139308317199	0.198722978472	0.21291803897	0.211905065256	0.195372276268	0.211088167785	0.234997669897
158337416-stool2.snv.bam	0.306802095679	0.00232145209634	0.0	0.208747479326	0.205488378261	0.203979744594	0.204684810106	0.156267421845	0.158551302911	0.212639697104	0.261750731682	0.221433227399	0.176736483813	0.199572253674	0.157120428937	0.170059629943	0.210551620881	0.228890896979	0.229633446059	0.176507144081	0.169548131859	0.202620909333	0.267205774906	0.172055868796	0.187508077156	0.202950692774	0.196139956842	0.212905267484	0.164968759587	0.210066418098	0.202092932735	0.179849402323	0.190515153803	0.147830223726	0.126457629029	0.249126097878	0.235081961968	0.189159703021	0.256859827077	0.20356747343	0.187207756666	0.140093142471	0.200719917819	0.187410808761	0.208288262484	0.218275474153	0.161718968906	0.258084934489	0.1681652652	0.228380254317	0.197428103423	0.170272359459	0.211478288633	0.168820181893	0.150359553546	0.165205039992	0.152961258458	0.170246088089	0.216510803464	0.178544061303	0.147928361219	0.209367617804	0.213364971751	0.206900676191	0.196065915625	0.208232579196	0.237686182407
158802708-stool1.snv.bam	0.305762912065	0.202679350713	0.208747479326	0.0	0.00492343306284	0.00559448663213	0.249509230878	0.193472165534	0.195617516262	0.227052269714	0.291201643345	0.291692776682	0.244954278357	0.225621898686	0.218896493449	0.233899486695	0.232632074716	0.239519712019	0.240465378291	0.241686470753	0.184956931192	0.242100760761	0.281848183915	0.180445581904	0.223652364873	0.259650532134	0.205741456545	0.193998730188	0.197948093877	0.236105740702	0.252548721977	0.165908094236	0.233007604761	0.186048302057	0.203268566115	0.280099363629	0.262320738958	0.25686289719	0.2701499624	0.27687622507	0.177441136627	0.199588233532	0.18071819728	0.247368309077	0.250898787602	0.181463091826	0.17053567383	0.28832622242	0.17990707682	0.27989998347	0.254150937851	0.220212180165	0.260598430884	0.2326922778	0.192630655962	0.205884587894	0.124360762599	0.176387053261	0.11594494294	0.153705007004	0.219614982204	0.212930670382	0.256878146904	0.215681698948	0.177439428633	0.244754432904	0.276404209523
158802708-stool2.snv.bam	0.303691586892	0.198850135475	0.205488378261	0.00492343306284	0.0	0.00975207106098	0.246298958423	0.193444006407	0.195927217256	0.228387774935	0.292246198752	0.289822350434	0.242111922802	0.224016125661	0.214800966368	0.229441800296	0.232728843387	0.237126263318	0.238080035301	0.241553682248	0.184485989792	0.241038386721	0.277880246841	0.17881825221	0.218785831684	0.257486065388	0.198935174442	0.189912747444	0.192561715817	0.235068223052	0.24963676549	0.166577518969	0.229383780952	0.185159787601	0.201680352693	0.276303527017	0.2645263355	0.253768988883	0.267135122193	0.272050748757	0.173906618794	0.196287286262	0.179636997906	0.244897390324	0.2493125223	0.18032018307	0.168038314066	0.287218228529	0.180700420535	0.277648346964	0.250962230269	0.215002288406	0.257397608221	0.225650400486	0.189809214787	0.204439046831	0.121102156167	0.173484867959	0.112550133782	0.149126839073	0.215362154112	0.209164250052	0.254472595277	0.212048976851	0.174710642557	0.241494089772	0.273573130018
158802708-stool3.snv.bam	0.304904166694	0.197510903677	0.203979744594	0.00559448663213	0.00975207106098	0.0	0.245371595082	0.189482456276	0.191689476144	0.215132698974	0.286346904868	0.288280597704	0.237811271037	0.21848454289	0.208167624383	0.22013372525	0.230733528674	0.237528380758	0.238264091465	0.236974944038	0.181107684006	0.234402186887	0.281679602366	0.171381948787	0.223293672944	0.253525666153	0.193095534436	0.195107482113	0.18426329156	0.235632865537	0.247456963157	0.158256096182	0.231385873287	0.185269173473	0.194250384439	0.274076393838	0.257034800957	0.254713660906	0.268802908713	0.2736479923	0.171588916034	0.190759815593	0.180665924877	0.24277262295	0.249416137137	0.173624213836	0.165520483836	0.287147380012	0.178723754821	0.274727059383	0.251846708423	0.2213967139	0.257931809334	0.221610406478	0.188037113934	0.19582875681	0.115403904174	0.171917362419	0.118061477817	0.14453337018	0.214246843026	0.209142891017	0.253820043742	0.210906242017	0.173179926916	0.2404941924	0.28091712472
158984779-stool1.snv.bam	0.24498322096	0.204448763536	0.204684810106	0.249509230878	0.246298958423	0.245371595082	0.0	0.239915155569	0.241928190085	0.229868222805	0.297648569518	0.241428002206	0.209523035382	0.255065279635	0.18675218445	0.0864549434266	0.211217960518	0.234515783707	0.235082007876	0.189134085459	0.190178545732	0.220476699475	0.24280722886	0.234336827605	0.196873467326	0.200496517639	0.25019602584	0.209310808814	0.202926260371	0.188736422781	0.116887074698	0.211161632942	0.0970844433811	0.190989768231	0.21182252501	0.139039003426	0.203683098413	0.161331913613	0.186470906052	0.169304627933	0.221452623692	0.223917978553	0.20311086948	0.102379363013	0.246309585459	0.245592580638	0.214405727715	0.288434004628	0.213326378991	0.200867465801	0.0860892629316	0.191143785714	0.0910360256212	0.197346499391	0.210498294072	0.19164145171	0.208451941118	0.227712740298	0.213130307731	0.217540495592	0.196414716583	0.231627108423	0.214137334599	0.20307389079	0.170622829511	0.0289962445994	0.253359079083
159227541-stool2.snv.bam	0.317429965214	0.156932704687	0.156267421845	0.193472165534	0.193444006407	0.189482456276	0.239915155569	0.0	0.000274465487233	0.214888450535	0.198116592235	0.200834948949	0.187335971661	0.176813040585	0.159133986928	0.18787625922	0.172237357151	0.228278077623	0.22876793636	0.156487776327	0.151327818242	0.189545403165	0.24049971221	0.170501570623	0.170127125327	0.202352280026	0.203597580388	0.242410347494	0.162224712109	0.180691591377	0.242974465148	0.166144200627	0.217309833024	0.137660095993	0.158268356075	0.238773467994	0.233762444774	0.18222681359	0.241682174023	0.194268098439	0.20885668277	0.176845696658	0.198983349344	0.20434873764	0.218536411255	0.177197282422	0.130574537243	0.217854645383	0.139313475323	0.222514561602	0.210083259652	0.163986486014	0.230933596318	0.187165342327	0.153436267823	0.144652995308	0.138968683555	0.158802461344	0.193819892424	0.163369601055	0.207075263887	0.233832189124	0.216802899291	0.200686328667	0.183840605839	0.23511620503	0.213679694614
159227541-stool3.snv.bam	0.319263960275	0.159621267903	0.158551302911	0.195617516262	0.195927217256	0.191689476144	0.241928190085	0.000274465487233	0.0	0.217009035522	0.200370729821	0.200218139979	0.189536418905	0.17612550993	0.161442949638	0.187656957052	0.174774216821	0.227354029195	0.227842492323	0.158960803292	0.153680369877	0.191708102787	0.242522607794	0.170375771353	0.172345305743	0.204496769913	0.202741407529	0.244537477172	0.164337852756	0.183226012737	0.244978783683	0.165631393208	0.219658603774	0.140081743224	0.16089031825	0.240789755182	0.235909215335	0.184461502062	0.243767405079	0.19644215096	0.20797541224	0.1792765439	0.201131357739	0.206675200127	0.218378565446	0.176485223744	0.13277784933	0.219991406749	0.138749664784	0.224600946931	0.212193308395	0.166228617203	0.233044382969	0.189248981098	0.153150366274	0.146834846125	0.141616040035	0.160937517556	0.195860459053	0.165686526114	0.209282472863	0.23575777789	0.219212063998	0.203199276038	0.18605761068	0.237148702361	0.215847773242
159288231-stool1.snv.bam	0.251074988552	0.212498943655	0.212639697104	0.227052269714	0.228387774935	0.215132698974	0.229868222805	0.214888450535	0.217009035522	0.0	0.261459521998	0.285734366322	0.219399679663	0.226181484678	0.213400805426	0.209238535588	0.228580368906	0.190610271491	0.190516159261	0.235172991465	0.179065840181	0.252229437535	0.242001527053	0.193077830938	0.231748215642	0.212316048869	0.233716969447	0.187859971265	0.20090537496	0.265511484457	0.236048188853	0.207779405137	0.250617278175	0.205761599512	0.156395308123	0.253599068386	0.204212416697	0.234319110377	0.228060494512	0.24512575975	0.218268429821	0.221379167133	0.182031034957	0.18982036331	0.23943152134	0.234516369048	0.213903882958	0.263303392153	0.206590301981	0.235861674015	0.222955044151	0.230860731231	0.243349936414	0.218313357791	0.188603026772	0.215131119898	0.178163424642	0.181472529647	0.206587263209	0.185227758768	0.202782116532	0.217510708957	0.240275460979	0.200075519866	0.20549365787	0.213485755574	0.259503590813
159571453-stool2.snv.bam	0.28411853256	0.266229459428	0.261750731682	0.291201643345	0.292246198752	0.286346904868	0.297648569518	0.198116592235	0.200370729821	0.261459521998	0.0	0.275290586705	0.270463071384	0.27215751868	0.242503198994	0.259985784914	0.205135306342	0.256677546951	0.256090594744	0.242952444102	0.247453129523	0.155247557492	0.2142522796	0.253377952045	0.260335433962	0.179760090963	0.277840950373	0.260855678805	0.257813877033	0.217993029788	0.288937209995	0.269067895782	0.295175627194	0.254266842841	0.246632459486	0.28048048965	0.236146678857	0.270869490103	0.196951101573	0.255693495639	0.29337701056	0.204647714643	0.30039084534	0.263099067597	0.216509519248	0.254654145503	0.213611356186	0.0462081035499	0.239629524472	0.219353193077	0.259650858154	0.263561075187	0.308611454429	0.273839591064	0.273182134462	0.215918305678	0.253233830143	0.284582994213	0.291760832149	0.266787176115	0.296432493524	0.341403353351	0.20983946195	0.24989646644	0.253798360405	0.301773379534	0.0848526175799
159733294-stool1.snv.bam	0.335672964936	0.218530903722	0.221433227399	0.291692776682	0.289822350434	0.288280597704	0.241428002206	0.200834948949	0.200218139979	0.285734366322	0.275290586705	0.0	0.212365620062	0.2797494864	0.193077184976	0.204328247339	0.231984969235	0.280660583399	0.281532759858	0.0515618692386	0.233003634288	0.174292545858	0.284683861212	0.248222949938	0.157771921732	0.212821173245	0.276345521335	0.295057195572	0.226648345894	0.191457788452	0.295669447449	0.242964661229	0.236124738728	0.19109192526	0.227281150116	0.223302946123	0.238391030312	0.231175578281	0.272690035602	0.233415702277	0.256541050804	0.230742501904	0.275000428252	0.234190098156	0.218757724974	0.262231715807	0.188865545816	0.266252258843	0.240485090356	0.275583966732	0.263090654537	0.223030763112	0.261853929223	0.235801755819	0.197294219525	0.175375250857	0.241810246236	0.217800712155	0.287137611092	0.238987409839	0.22095881807	0.244301110767	0.241903999543	0.260782542335	0.231820058066	0.236550165923	0.263146668064
160400887-stool1.snv.bam	0.335192296045	0.175100457414	0.176736483813	0.244954278357	0.242111922802	0.237811271037	0.209523035382	0.187335971661	0.189536418905	0.219399679663	0.270463071384	0.212365620062	0.0	0.199855326925	0.173490387758	0.175064020497	0.227194708811	0.26849909005	0.269167841113	0.184823737033	0.141211569382	0.20847126123	0.27825149542	0.213655771483	0.185075027629	0.199260501542	0.213804557886	0.229958835402	0.179053581418	0.227827522397	0.207134290623	0.178779701501	0.198273997788	0.181392775503	0.186974564791	0.202030029049	0.192243784289	0.1825597378	0.235913953496	0.191182031113	0.212759116701	0.186103975585	0.218952593159	0.168902382853	0.21901339986	0.215794270833	0.177368617908	0.271880939134	0.167349988404	0.222514581499	0.225673571127	0.201365749912	0.197742826511	0.168144208945	0.147022544092	0.178857710791	0.197035918245	0.214358942261	0.228438255142	0.15420507775	0.195064967062	0.234061946982	0.214325572125	0.226109941951	0.203580521029	0.195965211663	0.270125487555
160765029-stool1.snv.bam	0.306188370339	0.198984811485	0.199572253674	0.225621898686	0.224016125661	0.21848454289	0.255065279635	0.176813040585	0.17612550993	0.226181484678	0.27215751868	0.2797494864	0.199855326925	0.0	0.214220183486	0.241670608115	0.238788524908	0.263371860733	0.26406870916	0.243321179376	0.192198912199	0.24440004007	0.315059211184	0.214662885149	0.24279884691	0.222097097097	0.232142857143	0.249660063312	0.205795984	0.266347887984	0.267231877914	0.160130718954	0.255484047769	0.190420009438	0.198125633232	0.268761078715	0.268367291655	0.258613337018	0.28113892441	0.26794133054	0.243975903614	0.218284950251	0.209306387226	0.224710640207	0.196173385432	0.216733014862	0.20577421317	0.28235372853	0.114250234462	0.236330786702	0.250905727771	0.210136473141	0.255384615385	0.203721914298	0.203345433751	0.182718331453	0.197861660184	0.214089368683	0.254095352821	0.209230769231	0.231586195571	0.266991386711	0.233059677788	0.275951708782	0.201779743408	0.252976190476	0.289358794995
682102541-stool3.snv.bam	0.326168069727	0.159038209497	0.157120428937	0.218896493449	0.214800966368	0.208167624383	0.18675218445	0.159133986928	0.161442949638	0.213400805426	0.242503198994	0.193077184976	0.173490387758	0.214220183486	0.0	0.147170625552	0.214205735613	0.217875118227	0.218544224429	0.168189401349	0.168157330885	0.188730380553	0.239555261858	0.15666091952	0.182364944981	0.177261553589	0.196052631579	0.18274598885	0.166041603744	0.235455664853	0.198520845783	0.16965408805	0.204218991245	0.173869356615	0.158905472637	0.188777296758	0.226450042175	0.203504354927	0.246625191414	0.186440646171	0.195118343195	0.152283561179	0.193995098039	0.170345154386	0.212123581916	0.166470741902	0.136490633226	0.233188259884	0.174878534248	0.188449801648	0.187986565406	0.198501350476	0.197754491018	0.143558677202	0.133619189227	0.127026570048	0.14509946922	0.187757445138	0.226300079497	0.143862275449	0.175159592107	0.211244029532	0.21108901248	0.180584472155	0.183533204949	0.181432748538	0.241755716127
764062976-stool1.snv.bam	0.24140260153	0.166973883025	0.170059629943	0.233899486695	0.229441800296	0.22013372525	0.0864549434266	0.18787625922	0.187656957052	0.209238535588	0.259985784914	0.204328247339	0.175064020497	0.241670608115	0.147170625552	0.0	0.214381849332	0.207605077968	0.208258911261	0.171211803751	0.155323279706	0.170918953673	0.201764370385	0.232763244503	0.172935956837	0.143324766917	0.266610089276	0.199701693783	0.16109104141	0.18243056575	0.127804939473	0.162646671047	0.140232532273	0.192885081702	0.188114156871	0.117342555029	0.184168707207	0.173013091749	0.168947702826	0.122937619455	0.18320029115	0.200564728462	0.222085062097	0.104644034251	0.214014863122	0.189720360285	0.152565061225	0.257239764788	0.16356275269	0.155003010052	0.140142458412	0.165934384594	0.113812296589	0.195983591728	0.189764883301	0.150576439312	0.152400670192	0.196789476096	0.242233934133	0.174300220915	0.167909743764	0.243266387457	0.194376421492	0.168878515196	0.17608788714	0.107136643644	0.241309910883
764184357-stool2.snv.bam	0.281431827765	0.212902619768	0.210551620881	0.232632074716	0.232728843387	0.230733528674	0.211217960518	0.172237357151	0.174774216821	0.228580368906	0.205135306342	0.231984969235	0.227194708811	0.238788524908	0.214205735613	0.214381849332	0.0	0.227595543253	0.228738968703	0.174344828602	0.195077145077	0.237399845695	0.239487730907	0.195714121537	0.198608477222	0.207596030291	0.234269016698	0.207009053939	0.184379628281	0.174697841855	0.242140602286	0.212258522727	0.205689577912	0.173591054654	0.187272979693	0.286921122754	0.241909546713	0.224763613579	0.248192626277	0.239771948699	0.243335710532	0.210632766081	0.199097191123	0.194424761311	0.260191092766	0.219593587996	0.175933708838	0.212854751367	0.189408855869	0.241869275512	0.166898494692	0.201354051828	0.20706240662	0.202146684277	0.183561750081	0.170178386636	0.178718238764	0.227926791675	0.233316387815	0.213000461077	0.23127599662	0.239566893694	0.247692930577	0.205689753676	0.195337000266	0.200554730983	0.181417619726
765074482-stool1.snv.bam	0.237322382483	0.229414986746	0.228890896979	0.239519712019	0.237126263318	0.237528380758	0.234515783707	0.228278077623	0.227354029195	0.190610271491	0.256677546951	0.280660583399	0.26849909005	0.263371860733	0.217875118227	0.207605077968	0.227595543253	0.0	0.00199679643122	0.261285262166	0.222232848999	0.255461392745	0.209930518986	0.211453728821	0.19961893864	0.202691973883	0.269264674863	0.179509343258	0.230890252788	0.261647601408	0.277439079724	0.21671169426	0.251625309049	0.263336212549	0.200028850523	0.264731359626	0.231522814361	0.209665291251	0.231714222735	0.22330357017	0.19794184757	0.200556472412	0.2220129158	0.217542712971	0.255129397347	0.24500995186	0.193159195624	0.245439727533	0.238556678327	0.183580213365	0.230297961126	0.218846301001	0.226845483728	0.216554206384	0.196563010226	0.231038702505	0.197531710419	0.221441678542	0.217122288511	0.219960647345	0.237376209089	0.197181233058	0.254508903259	0.225105340511	0.224971331377	0.241174275679	0.262222374202
765074482-stool2.snv.bam	0.23657994852	0.230055502735	0.229633446059	0.240465378291	0.238080035301	0.238264091465	0.235082007876	0.22876793636	0.227842492323	0.190516159261	0.256090594744	0.281532759858	0.269167841113	0.26406870916	0.218544224429	0.208258911261	0.228738968703	0.00199679643122	0.0	0.262031406256	0.22326067569	0.255991512271	0.20983352269	0.212155283228	0.200034185665	0.203356892561	0.269785345689	0.180031615905	0.231774265872	0.262486264047	0.277778674997	0.217336398443	0.252509322133	0.264380854026	0.200569726098	0.264952919017	0.231369701436	0.209584331539	0.230601644884	0.224080921196	0.198423558059	0.201092685267	0.222845211479	0.218132601821	0.256231116551	0.245708212298	0.193687813395	0.24498030917	0.239675202281	0.183804312118	0.230959091094	0.21967226139	0.226079830412	0.217455654315	0.197530748841	0.231493560782	0.198258988911	0.222296870233	0.218096040514	0.220673035078	0.238217003435	0.198018632474	0.255279610259	0.225624157419	0.225959395779	0.241742108439	0.261905069705
CCIS07539127ST-4-0.snv.bam	0.299856534707	0.171393865129	0.176507144081	0.241686470753	0.241553682248	0.236974944038	0.189134085459	0.156487776327	0.158960803292	0.235172991465	0.242952444102	0.0515618692386	0.184823737033	0.243321179376	0.168189401349	0.171211803751	0.174344828602	0.261285262166	0.262031406256	0.0	0.175388257869	0.14874900746	0.252305136272	0.227639180124	0.116328449676	0.180940025238	0.234106532404	0.248354881324	0.177564443101	0.191296018744	0.242908824549	0.201177160809	0.189440082537	0.142979318288	0.173923318397	0.191641429033	0.205426882139	0.197918982138	0.22516915493	0.204369923986	0.225584040422	0.206085071186	0.230861647632	0.170864002417	0.206757646476	0.210255376344	0.164182222069	0.229048624564	0.197982472386	0.246684217707	0.217438976316	0.167051595825	0.21541803226	0.215595121961	0.173727372516	0.138773639384	0.198766555825	0.179880538737	0.239486782568	0.194802850748	0.178659608269	0.237398942527	0.192350396484	0.205421356758	0.173054154022	0.180918566257	0.197355369727
CCIS51667829ST-4-0.snv.bam	0.288313671724	0.167632710225	0.169548131859	0.184956931192	0.184485989792	0.181107684006	0.190178545732	0.151327818242	0.153680369877	0.179065840181	0.247453129523	0.233003634288	0.141211569382	0.192198912199	0.168157330885	0.155323279706	0.195077145077	0.222232848999	0.22326067569	0.175388257869	0.0	0.205122729302	0.217579731468	0.204595302953	0.155175413989	0.201484428858	0.187144304401	0.182017425561	0.176499904551	0.206660496416	0.211050872259	0.182070707071	0.18738753077	0.137992879891	0.168544301878	0.226457467567	0.220543998842	0.177103717902	0.224924924223	0.170902364003	0.193178049148	0.194104144985	0.149951293349	0.153830464594	0.215414884872	0.153927050053	0.133651005366	0.225315344993	0.12305931436	0.208560720091	0.185156534714	0.164718993074	0.19492363393	0.190589876864	0.149218086979	0.167221603208	0.161885065685	0.168512764008	0.159076645204	0.11110341217	0.200797469296	0.212513478793	0.205792134955	0.178336814271	0.164588844981	0.181513666072	0.220362058826
CCIS53355328ST-4-0.snv.bam	0.252673471574	0.199178063925	0.202620909333	0.242100760761	0.241038386721	0.234402186887	0.220476699475	0.189545403165	0.191708102787	0.252229437535	0.155247557492	0.174292545858	0.20847126123	0.24440004007	0.188730380553	0.170918953673	0.237399845695	0.255461392745	0.255991512271	0.14874900746	0.205122729302	0.0	0.245197546989	0.202816210246	0.181161171792	0.138326025332	0.233606239741	0.250405256503	0.185276772741	0.161607360229	0.223679793095	0.219613053424	0.226595953571	0.18504661399	0.187757695616	0.184331347159	0.19301070337	0.204074167456	0.190519242276	0.164944376142	0.221676415201	0.160514219116	0.261902932614	0.209447291134	0.142802339121	0.215935897436	0.179287454655	0.132125366255	0.216399714868	0.175275259049	0.219191629606	0.223446936054	0.215187210467	0.218082267305	0.203012604146	0.158053724617	0.1954937322	0.21407455158	0.243263184869	0.216801740852	0.24179946471	0.271112555104	0.114772791469	0.207099821292	0.225407025525	0.238357981649	0.196646931769
CCIS55230578ST-4-0.snv.bam	0.241390194041	0.26855991659	0.267205774906	0.281848183915	0.277880246841	0.281679602366	0.24280722886	0.24049971221	0.242522607794	0.242001527053	0.2142522796	0.284683861212	0.27825149542	0.315059211184	0.239555261858	0.201764370385	0.239487730907	0.209930518986	0.20983352269	0.252305136272	0.217579731468	0.245197546989	0.0	0.2709160635	0.18985401229	0.171988504208	0.269698405299	0.22106348	0.256810231974	0.269603075065	0.245918475779	0.251994825918	0.254352449282	0.262441903296	0.240936215952	0.234075090655	0.227657707965	0.23734600087	0.176761478475	0.200822165462	0.246508317203	0.224807736498	0.294526998781	0.226314335105	0.28090865145	0.27817815016	0.217091060437	0.217501856812	0.271737356748	0.212601807067	0.224452763622	0.225006329946	0.255234507787	0.286935719121	0.22733961455	0.240055340379	0.242719277595	0.241265223556	0.254949983041	0.226677715083	0.273050994705	0.286181828485	0.256281716093	0.196894020112	0.265066586354	0.237944559145	0.210256199125
CCIS56503244ST-3-0.snv.bam	0.296855903668	0.167614299951	0.172055868796	0.180445581904	0.17881825221	0.171381948787	0.234336827605	0.170501570623	0.170375771353	0.193077830938	0.253377952045	0.248222949938	0.213655771483	0.214662885149	0.15666091952	0.232763244503	0.195714121537	0.211453728821	0.212155283228	0.227639180124	0.204595302953	0.202816210246	0.2709160635	0.0	0.196336387963	0.22171318414	0.153228574468	0.163776742984	0.153223734024	0.214334896202	0.231523997159	0.169099564623	0.219252871386	0.182204436974	0.0790659464366	0.244275472782	0.233842059447	0.202873947998	0.281159708056	0.228726763563	0.192891826977	0.109450966737	0.202791163773	0.194162724046	0.195360590459	0.162012406781	0.134201356719	0.260785368449	0.180667589325	0.218921594042	0.220375061151	0.208364729919	0.226821065408	0.151136685394	0.160769778747	0.177979946985	0.106854750579	0.20853489485	0.179811087794	0.140315192971	0.18764511694	0.189241088696	0.205130155146	0.172956531345	0.202225563253	0.225988113066	0.263118633873
CCIS88317640ST-4-0.snv.bam	0.293878399919	0.183417297433	0.187508077156	0.223652364873	0.218785831684	0.223293672944	0.196873467326	0.170127125327	0.172345305743	0.231748215642	0.260335433962	0.157771921732	0.185075027629	0.24279884691	0.182364944981	0.172935956837	0.198608477222	0.19961893864	0.200034185665	0.116328449676	0.155175413989	0.181161171792	0.18985401229	0.196336387963	0.0	0.173449648994	0.233094448767	0.183586315331	0.187496858276	0.228548461521	0.222512008229	0.166102215525	0.188611901145	0.151241140539	0.158436466618	0.199014798285	0.175519965939	0.158432966557	0.194586929959	0.18347163155	0.198989181458	0.177560619667	0.212924005301	0.147024397156	0.217321140512	0.191320512821	0.142938140655	0.238876778831	0.201534319114	0.199578430868	0.215259589721	0.150788931389	0.20178907314	0.194981848168	0.172605920671	0.153174340974	0.172491948764	0.160996893078	0.213428800216	0.169082038889	0.194807264405	0.204853680071	0.19156025347	0.151661441266	0.194425286324	0.186150198434	0.223635621941
CCIS95409808ST-4-0.snv.bam	0.230288392991	0.202490727491	0.202950692774	0.259650532134	0.257486065388	0.253525666153	0.200496517639	0.202352280026	0.204496769913	0.212316048869	0.179760090963	0.212821173245	0.199260501542	0.222097097097	0.177261553589	0.143324766917	0.207596030291	0.202691973883	0.203356892561	0.180940025238	0.201484428858	0.138326025332	0.171988504208	0.22171318414	0.173449648994	0.0	0.22976532567	0.197512236426	0.19106426079	0.221690636113	0.206628373288	0.194837526205	0.189512294455	0.217099165894	0.193963831867	0.156487013657	0.151691205817	0.234937611408	0.15512723005	0.136652921722	0.232437015504	0.159313770535	0.236608863198	0.13826732604	0.155133511209	0.254541925466	0.19599961551	0.164872619239	0.201201979009	0.116116038801	0.172687027213	0.201834990136	0.190034619189	0.202640733713	0.181553644944	0.176501703387	0.214452006631	0.195860119298	0.225890983956	0.217137896825	0.226102156373	0.242459528803	0.142837246979	0.195665409938	0.222105571873	0.209889846743	0.213006414781
DOM013.snv.bam	0.309884627055	0.195624998147	0.196139956842	0.205741456545	0.198935174442	0.193095534436	0.25019602584	0.203597580388	0.202741407529	0.233716969447	0.277840950373	0.276345521335	0.213804557886	0.232142857143	0.196052631579	0.266610089276	0.234269016698	0.269264674863	0.269785345689	0.234106532404	0.187144304401	0.233606239741	0.269698405299	0.153228574468	0.233094448767	0.22976532567	0.0	0.192064023924	0.130404176376	0.269550474699	0.247280255976	0.183800623053	0.24175603437	0.205329123613	0.201114341085	0.281306239947	0.277236677671	0.253655358247	0.275676976356	0.247743338345	0.178674351585	0.208192399142	0.226098376313	0.234147946919	0.251234138643	0.188243589744	0.198257657272	0.267118806193	0.189216676157	0.235443915973	0.237295482295	0.243831080692	0.25	0.145762083903	0.103592592979	0.183530307435	0.195800919729	0.205433894064	0.163951086541	0.135693215339	0.17942561965	0.192478862927	0.255950590926	0.217727544871	0.255077600717	0.245014245014	0.285484915404
M1.1-V3.metaG.snv.bam	0.258269051057	0.21533643674	0.212905267484	0.193998730188	0.189912747444	0.195107482113	0.209310808814	0.242410347494	0.244537477172	0.187859971265	0.260855678805	0.295057195572	0.229958835402	0.249660063312	0.18274598885	0.199701693783	0.207009053939	0.179509343258	0.180031615905	0.248354881324	0.182017425561	0.250405256503	0.22106348	0.163776742984	0.183586315331	0.197512236426	0.192064023924	0.0	0.21668418581	0.274822579524	0.191365083222	0.197533193169	0.224564704828	0.221720381192	0.181917515233	0.238020405152	0.199667566819	0.217238083554	0.217788309109	0.246549844907	0.214799363372	0.175886630814	0.228183501836	0.179886131414	0.236269984791	0.21586328976	0.202766439012	0.25784174855	0.200535314027	0.179253318772	0.198596197622	0.226741796701	0.222612243994	0.21755825358	0.198324692212	0.205108453922	0.189651799832	0.235416310369	0.188390766051	0.174320445636	0.206363155651	0.230769859664	0.242037779667	0.186886164302	0.231058173921	0.191813019908	0.252167720745
M1.4-V2.metaG.snv.bam	0.258360764046	0.160307128417	0.164968759587	0.197948093877	0.192561715817	0.18426329156	0.202926260371	0.162224712109	0.164337852756	0.20090537496	0.257813877033	0.226648345894	0.179053581418	0.205795984	0.166041603744	0.16109104141	0.184379628281	0.230890252788	0.231774265872	0.177564443101	0.176499904551	0.185276772741	0.256810231974	0.153223734024	0.187496858276	0.19106426079	0.130404176376	0.21668418581	0.0	0.221618822806	0.19494974678	0.174131970135	0.209271202855	0.139948620666	0.156250513089	0.216776465649	0.217669243193	0.203803483688	0.207087281716	0.188556349342	0.194754627902	0.186307913671	0.190887438336	0.179361261677	0.210493257506	0.175396216769	0.151258253167	0.245140152274	0.177239249825	0.225379875189	0.207487263001	0.21262345185	0.19288742085	0.116070802745	0.134203305827	0.130421461151	0.156708147338	0.160814432796	0.185038064496	0.164418441424	0.17869606571	0.200221123559	0.201939953798	0.195244869481	0.198039695541	0.198223325312	0.253442577313
MH0197.snv.bam	0.255670264524	0.212092249716	0.210066418098	0.236105740702	0.235068223052	0.235632865537	0.188736422781	0.180691591377	0.183226012737	0.265511484457	0.217993029788	0.191457788452	0.227827522397	0.266347887984	0.235455664853	0.18243056575	0.174697841855	0.261647601408	0.262486264047	0.191296018744	0.206660496416	0.161607360229	0.269603075065	0.214334896202	0.228548461521	0.221690636113	0.269550474699	0.274822579524	0.221618822806	0.0	0.246585245313	0.235873589236	0.186207064994	0.185992771201	0.20249124119	0.250304486647	0.242616460076	0.182832488398	0.26948994892	0.180531655418	0.249844555158	0.194405914697	0.225265479646	0.209066228731	0.213222552877	0.244908425681	0.197774186133	0.242779680374	0.209632666978	0.265247976761	0.178598369546	0.197460196433	0.192848728021	0.228459328186	0.209702158139	0.194817087045	0.19199743936	0.255011435814	0.229107815522	0.228142006398	0.238882865608	0.253987839271	0.227916682281	0.258399528383	0.198068732152	0.201144589669	0.213473262389
MH0247.snv.bam	0.254214709017	0.207707002927	0.202092932735	0.252548721977	0.24963676549	0.247456963157	0.116887074698	0.242974465148	0.244978783683	0.236048188853	0.288937209995	0.295669447449	0.207134290623	0.267231877914	0.198520845783	0.127804939473	0.242140602286	0.277439079724	0.277778674997	0.242908824549	0.211050872259	0.223679793095	0.245918475779	0.231523997159	0.222512008229	0.206628373288	0.247280255976	0.191365083222	0.19494974678	0.246585245313	0.0	0.220540617003	0.161552622632	0.205837023354	0.22102889549	0.16517492128	0.195090998128	0.14054732742	0.174908787466	0.189518521989	0.227134052022	0.209881745856	0.234145666962	0.140183734034	0.264320270188	0.230358333651	0.217646871001	0.297562532035	0.222463091159	0.198215280407	0.148421848738	0.208283368139	0.149685190919	0.229180173645	0.243627278705	0.183376239771	0.205954015375	0.244767384897	0.230528023575	0.229537206187	0.232676244623	0.280362469069	0.211854897848	0.18299224494	0.254824920089	0.088271692076	0.297837688052
MH0313.snv.bam	0.31629395974	0.182212430427	0.179849402323	0.165908094236	0.166577518969	0.158256096182	0.211161632942	0.166144200627	0.165631393208	0.207779405137	0.269067895782	0.242964661229	0.178779701501	0.160130718954	0.16965408805	0.162646671047	0.212258522727	0.21671169426	0.217336398443	0.201177160809	0.182070707071	0.219613053424	0.251994825918	0.169099564623	0.166102215525	0.194837526205	0.183800623053	0.197533193169	0.174131970135	0.235873589236	0.220540617003	0.0	0.205125792082	0.166509037411	0.143577494692	0.243564861848	0.223999389064	0.219491893457	0.273241078127	0.242732192658	0.123028391167	0.147407197536	0.197335423197	0.192852906945	0.229693426603	0.170749721293	0.16076486707	0.274364392761	0.116484964356	0.238787681631	0.212586805556	0.202205084934	0.233226837061	0.178265892344	0.14449508025	0.147771265882	0.138616026843	0.191878559393	0.195644613417	0.126984126984	0.161008467484	0.203672259879	0.206643117812	0.184909859713	0.195610021786	0.202492211838	0.271128960154
MH0323.snv.bam	0.285823510583	0.192366469666	0.190515153803	0.233007604761	0.229383780952	0.231385873287	0.0970844433811	0.217309833024	0.219658603774	0.250617278175	0.295175627194	0.236124738728	0.198273997788	0.255484047769	0.204218991245	0.140232532273	0.205689577912	0.251625309049	0.252509322133	0.189440082537	0.18738753077	0.226595953571	0.254352449282	0.219252871386	0.188611901145	0.189512294455	0.24175603437	0.224564704828	0.209271202855	0.186207064994	0.161552622632	0.205125792082	0.0	0.187017636794	0.206336867641	0.178791168103	0.168327237864	0.151892156616	0.213390056126	0.134894307671	0.215799207179	0.204169684859	0.197685116471	0.133964921618	0.235204154223	0.245456924636	0.214971159938	0.306470619483	0.20808946905	0.241354174375	0.0972978430243	0.160171165437	0.0999944988215	0.197456909861	0.199199077568	0.19210616547	0.197244089585	0.205616096293	0.216400806417	0.194109158815	0.208945555597	0.209092394768	0.180239847705	0.211898313028	0.194291607935	0.102551488915	0.256689468554
MH0340.snv.bam	0.280725919784	0.14843409944	0.147830223726	0.186048302057	0.185159787601	0.185269173473	0.190989768231	0.137660095993	0.140081743224	0.205761599512	0.254266842841	0.19109192526	0.181392775503	0.190420009438	0.173869356615	0.192885081702	0.173591054654	0.263336212549	0.264380854026	0.142979318288	0.137992879891	0.18504661399	0.262441903296	0.182204436974	0.151241140539	0.217099165894	0.205329123613	0.221720381192	0.139948620666	0.185992771201	0.205837023354	0.166509037411	0.187017636794	0.0	0.126682692308	0.215047718047	0.219725169883	0.186387799193	0.218492522379	0.225341184277	0.189112218103	0.184643054686	0.158489258489	0.207691589873	0.213207196568	0.150927638067	0.108485705515	0.2431413435	0.135099353931	0.251410628135	0.182151722197	0.198769712869	0.215386593859	0.139239410985	0.185626733706	0.134907778459	0.155272764074	0.166654298435	0.178166292319	0.174788303261	0.162698356156	0.213094232948	0.179900477837	0.21852292901	0.166905862181	0.17647340222	0.230411949466
MH0406.snv.bam	0.282756159884	0.122358205742	0.126457629029	0.203268566115	0.201680352693	0.194250384439	0.21182252501	0.158268356075	0.16089031825	0.156395308123	0.246632459486	0.227281150116	0.186974564791	0.198125633232	0.158905472637	0.188114156871	0.187272979693	0.200028850523	0.200569726098	0.173923318397	0.168544301878	0.187757695616	0.240936215952	0.0790659464366	0.158436466618	0.193963831867	0.201114341085	0.181917515233	0.156250513089	0.20249124119	0.22102889549	0.143577494692	0.206336867641	0.126682692308	0.0	0.229949174392	0.20337353822	0.178349518928	0.257755031396	0.215147858056	0.164760508309	0.0859146226359	0.173026315789	0.165957567985	0.192895891339	0.161124213836	0.123561929893	0.249229110865	0.172536450962	0.22028685071	0.201856420224	0.1841600755	0.21976976977	0.155268516902	0.156613223534	0.164685284064	0.12407527712	0.170734018495	0.211647018856	0.145130522088	0.147228402183	0.196720633026	0.177823153627	0.168281881249	0.165735026373	0.201114341085	0.230276088369
MH0422.snv.bam	0.258947283177	0.243947347186	0.249126097878	0.280099363629	0.276303527017	0.274076393838	0.139039003426	0.238773467994	0.240789755182	0.253599068386	0.28048048965	0.223302946123	0.202030029049	0.268761078715	0.188777296758	0.117342555029	0.286921122754	0.264731359626	0.264952919017	0.191641429033	0.226457467567	0.184331347159	0.234075090655	0.244275472782	0.199014798285	0.156487013657	0.281306239947	0.238020405152	0.216776465649	0.250304486647	0.16517492128	0.243564861848	0.178791168103	0.215047718047	0.229949174392	0.0	0.156983495314	0.198987045127	0.168839492546	0.161792701869	0.247300611459	0.197777991982	0.262768417489	0.157319763594	0.220031242365	0.25409788595	0.208212895922	0.271526661163	0.236970910802	0.173781206307	0.208302084306	0.237513215168	0.170099693407	0.229113931204	0.226365100527	0.204726263025	0.224435835425	0.233385283722	0.258497655632	0.235472390552	0.232215786092	0.263270933881	0.170770274178	0.196918477674	0.230662512247	0.134273003149	0.313233772333
MMRS39582183ST-27-0-0.snv.bam	0.25979396434	0.238676572974	0.235081961968	0.262320738958	0.2645263355	0.257034800957	0.203683098413	0.233762444774	0.235909215335	0.204212416697	0.236146678857	0.238391030312	0.192243784289	0.268367291655	0.226450042175	0.184168707207	0.241909546713	0.231522814361	0.231369701436	0.205426882139	0.220543998842	0.19301070337	0.227657707965	0.233842059447	0.175519965939	0.151691205817	0.277236677671	0.199667566819	0.217669243193	0.242616460076	0.195090998128	0.223999389064	0.168327237864	0.219725169883	0.20337353822	0.156983495314	0.0	0.186625193009	0.152955041694	0.179623938845	0.261841643225	0.19667413394	0.266802055381	0.147059142276	0.203331140283	0.27348805646	0.210791846045	0.254510577624	0.244603815849	0.198346352798	0.207805764038	0.246804207813	0.201690094802	0.2314784372	0.23051137872	0.197235451473	0.224527710595	0.234499459504	0.263021551211	0.224595694611	0.252506018862	0.269563062729	0.165221164595	0.152056137774	0.269258938436	0.186065570722	0.262376314691
MMRS81135225ST-27-0-0.snv.bam	0.26018962805	0.193734052169	0.189159703021	0.25686289719	0.253768988883	0.254713660906	0.161331913613	0.18222681359	0.184461502062	0.234319110377	0.270869490103	0.231175578281	0.1825597378	0.258613337018	0.203504354927	0.173013091749	0.224763613579	0.209665291251	0.209584331539	0.197918982138	0.177103717902	0.204074167456	0.23734600087	0.202873947998	0.158432966557	0.234937611408	0.253655358247	0.217238083554	0.203803483688	0.182832488398	0.14054732742	0.219491893457	0.151892156616	0.186387799193	0.178349518928	0.198987045127	0.186625193009	0.0	0.219904177836	0.154279428568	0.218148395722	0.18916473151	0.217963209811	0.18927178705	0.251285734104	0.22414707007	0.188344428019	0.283895779891	0.23284258274	0.241818443051	0.176093196927	0.164426642875	0.187752373129	0.219668539118	0.204220458051	0.197867512303	0.179673791591	0.227783898486	0.246263771339	0.181280325918	0.238707389625	0.228997073165	0.184760733404	0.188066300768	0.223256095048	0.155492092941	0.246552480265
