	158802708-lretroauricularcrease3.snv.bam	158802708-rretroauricularcrease3.snv.bam	158944319-rretroauricularcrease3.snv.bam	159207311-lretroauricularcrease3.snv.bam	159490532-rightretroauricularcrease2.snv.bam	159591683-leftretroauricularcrease2.snv.bam	159591683-rightretroauricularcrease2.snv.bam	160178356-lretroauricularcrease2.snv.bam	160178356-rretroauricularcrease3.snv.bam	160319967-lretroauricularcrease2.snv.bam	160319967-rretroauricularcrease2.snv.bam	160400887-leftretroauricularcrease1.snv.bam	160400887-rightretroauricularcrease1.snv.bam	160502038-lretroauricularcrease3.snv.bam	160502038-rretroauricularcrease3.snv.bam	160582958-rretroauricularcrease2.snv.bam	160603188-leftretroauricularcrease1.snv.bam	160603188-lretroauricularcrease2.snv.bam	160603188-lretroauricularcrease3.snv.bam	160603188-rightretroauricularcrease1.snv.bam	160603188-rretroauricularcrease3.snv.bam	686765762-rretroauricularcrease3.snv.bam	764042746-rightretroauricularcrease1.snv.bam
158802708-lretroauricularcrease3.snv.bam	0.0	0.0847012492124	0.186581612573	0.199028986109	0.235940848781	0.198424571847	0.199906196306	0.209662174024	0.211858302883	0.327970942235	0.260174637823	0.161902554084	0.155211407931	0.218588929115	0.187066651648	0.2046320121	0.169082729898	0.154298061974	0.152386941689	0.229078021155	0.120227083994	0.169898684404	0.173400211659
158802708-rretroauricularcrease3.snv.bam	0.0847012492124	0.0	0.150128209183	0.17472653806	0.205561877778	0.171657818299	0.170501918561	0.203997131989	0.214515384926	0.31296179136	0.244048884746	0.145931189974	0.141755191035	0.166838486685	0.193845416563	0.187102444241	0.141030408376	0.16111896497	0.155512084903	0.210933278015	0.143499179659	0.138304831974	0.151671520089
158944319-rretroauricularcrease3.snv.bam	0.186581612573	0.150128209183	0.0	0.179528682442	0.223092096249	0.193484706391	0.182111753606	0.225674831277	0.223560384267	0.315609860846	0.261703628496	0.179234268162	0.179608571192	0.184113792417	0.203521587086	0.197601958971	0.159758909175	0.194296712743	0.190054786783	0.214118196225	0.188852521769	0.183474161846	0.164618442103
159207311-lretroauricularcrease3.snv.bam	0.199028986109	0.17472653806	0.179528682442	0.0	0.172379060266	0.178849026681	0.175588014303	0.19584440066	0.238432273872	0.299802381131	0.236893474768	0.155508995221	0.16036863266	0.171694865415	0.23991955295	0.173164957698	0.158886933767	0.170212146473	0.166747738483	0.20691617931	0.167633889032	0.18390060062	0.166455886042
159490532-rightretroauricularcrease2.snv.bam	0.235940848781	0.205561877778	0.223092096249	0.172379060266	0.0	0.20472962037	0.218724754949	0.225934643492	0.257766204745	0.254742614906	0.210437004979	0.194778280246	0.207501441495	0.174136465675	0.263587968144	0.170198177069	0.182333569852	0.226156632512	0.221350706911	0.19134018807	0.222103010513	0.204896320267	0.192791954802
159591683-leftretroauricularcrease2.snv.bam	0.198424571847	0.171657818299	0.193484706391	0.178849026681	0.20472962037	0.0	0.0792804288127	0.210629686165	0.244300867487	0.29616678613	0.248028305261	0.180265946398	0.193239414165	0.196680405039	0.229524701925	0.202272463345	0.166265397237	0.213064919046	0.207731096658	0.206919092418	0.208880974887	0.189461538486	0.184486101123
159591683-rightretroauricularcrease2.snv.bam	0.199906196306	0.170501918561	0.182111753606	0.175588014303	0.218724754949	0.0792804288127	0.0	0.242982404577	0.247193714734	0.309581488578	0.263552194445	0.198468342551	0.201196433736	0.195920449531	0.221324160558	0.220846506431	0.177385473535	0.221080956611	0.213583653023	0.21101638471	0.212098891564	0.18010378752	0.174514825745
160178356-lretroauricularcrease2.snv.bam	0.209662174024	0.203997131989	0.225674831277	0.19584440066	0.225934643492	0.210629686165	0.242982404577	0.0	0.175671314691	0.321943980351	0.271160780475	0.17254643218	0.174023943284	0.233291517914	0.264443724078	0.17354159233	0.186302806078	0.175494764057	0.175383879203	0.191366346656	0.177120962547	0.207097921205	0.188372131914
160178356-rretroauricularcrease3.snv.bam	0.211858302883	0.214515384926	0.223560384267	0.238432273872	0.257766204745	0.244300867487	0.247193714734	0.175671314691	0.0	0.363401457424	0.308720193631	0.222866826559	0.224945940022	0.248987480209	0.146063935409	0.223939683209	0.227752196626	0.253290516759	0.250416507165	0.242102455477	0.198601029167	0.241518762014	0.216613543544
160319967-lretroauricularcrease2.snv.bam	0.327970942235	0.31296179136	0.315609860846	0.299802381131	0.254742614906	0.29616678613	0.309581488578	0.321943980351	0.363401457424	0.0	0.0747104011316	0.296844957294	0.30241271752	0.29316653358	0.351296174291	0.329859738846	0.304272838473	0.322856389728	0.321089262035	0.332380182028	0.329604607166	0.316262374888	0.310140740412
160319967-rretroauricularcrease2.snv.bam	0.260174637823	0.244048884746	0.261703628496	0.236893474768	0.210437004979	0.248028305261	0.263552194445	0.271160780475	0.308720193631	0.0747104011316	0.0	0.236119848833	0.242513713473	0.244767345287	0.30460634237	0.269988484072	0.233133230609	0.25340368675	0.250835822556	0.287351288521	0.256200493814	0.256116044931	0.252055201164
160400887-leftretroauricularcrease1.snv.bam	0.161902554084	0.145931189974	0.179234268162	0.155508995221	0.194778280246	0.180265946398	0.198468342551	0.17254643218	0.222866826559	0.296844957294	0.236119848833	0.0	0.0315482224644	0.166453538641	0.233428692466	0.175572408789	0.117484186665	0.0962744620044	0.0936264326567	0.198130175468	0.124851121322	0.17443616536	0.15474274918
160400887-rightretroauricularcrease1.snv.bam	0.155211407931	0.141755191035	0.179608571192	0.16036863266	0.207501441495	0.193239414165	0.201196433736	0.174023943284	0.224945940022	0.30241271752	0.242513713473	0.0315482224644	0.0	0.169576809236	0.2352726376	0.18296701267	0.119893179605	0.0812949954344	0.0791290840492	0.206424927235	0.114255855632	0.176839341028	0.153072138972
160502038-lretroauricularcrease3.snv.bam	0.218588929115	0.166838486685	0.184113792417	0.171694865415	0.174136465675	0.196680405039	0.195920449531	0.233291517914	0.248987480209	0.29316653358	0.244767345287	0.166453538641	0.169576809236	0.0	0.230097955149	0.203223625327	0.167704740012	0.204708406363	0.199070420548	0.220999243414	0.206463911255	0.194725179838	0.158577825326
160502038-rretroauricularcrease3.snv.bam	0.187066651648	0.193845416563	0.203521587086	0.23991955295	0.263587968144	0.229524701925	0.221324160558	0.264443724078	0.146063935409	0.351296174291	0.30460634237	0.233428692466	0.2352726376	0.230097955149	0.0	0.252673909341	0.235075076727	0.266655715287	0.262480533323	0.27029578846	0.22483809767	0.242756985928	0.225367580612
160582958-rretroauricularcrease2.snv.bam	0.2046320121	0.187102444241	0.197601958971	0.173164957698	0.170198177069	0.202272463345	0.220846506431	0.17354159233	0.223939683209	0.329859738846	0.269988484072	0.175572408789	0.18296701267	0.203223625327	0.252673909341	0.0	0.163843988405	0.184841902044	0.183860179367	0.143031671328	0.202106311638	0.181010604061	0.176439967918
160603188-leftretroauricularcrease1.snv.bam	0.169082729898	0.141030408376	0.159758909175	0.158886933767	0.182333569852	0.166265397237	0.177385473535	0.186302806078	0.227752196626	0.304272838473	0.233133230609	0.117484186665	0.119893179605	0.167704740012	0.235075076727	0.163843988405	0.0	0.104547342767	0.0971557577692	0.171038542264	0.123080025541	0.154276413456	0.129367193394
160603188-lretroauricularcrease2.snv.bam	0.154298061974	0.16111896497	0.194296712743	0.170212146473	0.226156632512	0.213064919046	0.221080956611	0.175494764057	0.253290516759	0.322856389728	0.25340368675	0.0962744620044	0.0812949954344	0.204708406363	0.266655715287	0.184841902044	0.104547342767	0.0	0.0171063759459	0.195724210055	0.0890902643358	0.178078327071	0.134474489954
160603188-lretroauricularcrease3.snv.bam	0.152386941689	0.155512084903	0.190054786783	0.166747738483	0.221350706911	0.207731096658	0.213583653023	0.175383879203	0.250416507165	0.321089262035	0.250835822556	0.0936264326567	0.0791290840492	0.199070420548	0.262480533323	0.183860179367	0.0971557577692	0.0171063759459	0.0	0.193042557136	0.086742914772	0.17254687646	0.131423250775
160603188-rightretroauricularcrease1.snv.bam	0.229078021155	0.210933278015	0.214118196225	0.20691617931	0.19134018807	0.206919092418	0.21101638471	0.191366346656	0.242102455477	0.332380182028	0.287351288521	0.198130175468	0.206424927235	0.220999243414	0.27029578846	0.143031671328	0.171038542264	0.195724210055	0.193042557136	0.0	0.218782133506	0.180093008103	0.167274128997
160603188-rretroauricularcrease3.snv.bam	0.120227083994	0.143499179659	0.188852521769	0.167633889032	0.222103010513	0.208880974887	0.212098891564	0.177120962547	0.198601029167	0.329604607166	0.256200493814	0.124851121322	0.114255855632	0.206463911255	0.22483809767	0.202106311638	0.123080025541	0.0890902643358	0.086742914772	0.218782133506	0.0	0.165745703766	0.153177839138
686765762-rretroauricularcrease3.snv.bam	0.169898684404	0.138304831974	0.183474161846	0.18390060062	0.204896320267	0.189461538486	0.18010378752	0.207097921205	0.241518762014	0.316262374888	0.256116044931	0.17443616536	0.176839341028	0.194725179838	0.242756985928	0.181010604061	0.154276413456	0.178078327071	0.17254687646	0.180093008103	0.165745703766	0.0	0.15186930549
764042746-rightretroauricularcrease1.snv.bam	0.173400211659	0.151671520089	0.164618442103	0.166455886042	0.192791954802	0.184486101123	0.174514825745	0.188372131914	0.216613543544	0.310140740412	0.252055201164	0.15474274918	0.153072138972	0.158577825326	0.225367580612	0.176439967918	0.129367193394	0.134474489954	0.131423250775	0.167274128997	0.153177839138	0.15186930549	0.0
