	CCIS15704761ST-4-0.snv.bam	CCIS85214191ST-3-0.snv.bam	CCMD88272491ST-21-0.snv.bam	DLM024.snv.bam	HT14A.snv.bam	HT25A.snv.bam	MH0372.snv.bam	MMRS47685461ST-27-0-0.snv.bam	MMRS65945127ST-27-0-0.snv.bam	N046A.snv.bam	SAMEA3136690.snv.bam	SAMEA3136692.snv.bam	T2D-118A.snv.bam	T2D-144A.snv.bam	T2D-177A.snv.bam	T2D-61A.snv.bam	T2D-77A.snv.bam	T2D-8A.snv.bam	V1.CD2-0-PT.snv.bam	V1.CD20-0.snv.bam	V1.CD21-0.snv.bam	V1.CD21-4.snv.bam	V1.CD3-0-PN.snv.bam	V1.CD3-3-PN.snv.bam	V1.CD35-0.snv.bam	V1.CD5-0-PN.snv.bam	V1.CD53-0.snv.bam	V1.FI18.snv.bam	V1.FI23.snv.bam	V1.FI33.snv.bam
CCIS15704761ST-4-0.snv.bam	0.0	0.183601575252	0.283267171004	0.293469502721	0.338345230555	0.29741549877	0.306834116995	0.0603227946773	0.177196995178	0.105542389782	0.0252709199238	0.0603956132259	0.295458366691	0.340337024342	0.333212721751	0.298189798072	0.0902132882589	0.293619091951	0.319634936481	0.0266202715634	0.162209102371	0.248519799478	0.175274549165	0.172578397089	0.314070097795	0.12629204878	0.025496197477	0.0676453733592	0.315119990791	0.314418589539
CCIS85214191ST-3-0.snv.bam	0.183601575252	0.0	0.335117395817	0.349588167566	0.385819871519	0.341559319176	0.345905325786	0.175010330025	0.18277681469	0.169791066488	0.171923925729	0.181741753557	0.351489163293	0.388300959326	0.383739234137	0.351386313836	0.184753618643	0.354747376719	0.364061470552	0.168981741741	0.203656861431	0.302057016702	0.0194849285918	0.0156468209702	0.36223999891	0.1569726559	0.173925652667	0.168920921404	0.368747096284	0.368055456159
CCMD88272491ST-21-0.snv.bam	0.283267171004	0.335117395817	0.0	0.126903865297	0.145637991952	0.112229794855	0.221650544554	0.289590519059	0.353066132676	0.311548013752	0.30290979613	0.278877787777	0.105420696354	0.145142262466	0.133512522258	0.12968076058	0.302599386351	0.16343617536	0.139743445956	0.303186258334	0.302891378379	0.0847974381096	0.316410128665	0.324679107994	0.14615807444	0.323367475772	0.302714733594	0.30649045642	0.0334583677124	0.0322462104912
DLM024.snv.bam	0.293469502721	0.349588167566	0.126903865297	0.0	0.152167853234	0.132443802311	0.241990026482	0.2980809974	0.36003918643	0.32037204723	0.3119704866	0.290449505982	0.144767569433	0.153645895982	0.148096282315	0.129390214586	0.310871542278	0.0555710841222	0.146991471073	0.311735928176	0.309137543918	0.17407870502	0.332941252357	0.337696419538	0.183091206113	0.343692279454	0.31113896136	0.313017844877	0.117471498998	0.118087831069
HT14A.snv.bam	0.338345230555	0.385819871519	0.145637991952	0.152167853234	0.0	0.122110540561	0.249502488362	0.34178930263	0.407483941705	0.361590351203	0.35745327856	0.334634033775	0.145976104498	0.0038151462736	0.0216198501144	0.119186637528	0.355591334898	0.168591466204	0.125036745788	0.358397863049	0.347206980283	0.1952805346	0.367047607085	0.371261475306	0.139965834275	0.385189982345	0.355988343451	0.358600582078	0.124805945152	0.124415661237
HT25A.snv.bam	0.29741549877	0.341559319176	0.112229794855	0.132443802311	0.122110540561	0.0	0.212617970565	0.302672499946	0.363823919803	0.324826508151	0.317072102644	0.294308866101	0.104765522008	0.125516441295	0.121237880545	0.103059000537	0.313996278681	0.155184261574	0.110004861164	0.317560680496	0.301418480429	0.16042595811	0.325272794539	0.331028989051	0.11870278153	0.345932612181	0.316475379904	0.31810677281	0.0979616382443	0.0947427813293
MH0372.snv.bam	0.306834116995	0.345905325786	0.221650544554	0.241990026482	0.249502488362	0.212617970565	0.0	0.310539289298	0.353268091349	0.32678263364	0.317818632446	0.305497308037	0.224154061258	0.251880058044	0.247878114546	0.236997562859	0.312544060474	0.244639844065	0.221768725961	0.317852968179	0.266153629452	0.226318422638	0.335102694479	0.334943147599	0.221026145276	0.334007212753	0.317064831683	0.322461713205	0.224570281276	0.222613761174
MMRS47685461ST-27-0-0.snv.bam	0.0603227946773	0.175010330025	0.289590519059	0.2980809974	0.34178930263	0.302672499946	0.310539289298	0.0	0.177720500793	0.0732476592249	0.0630194924296	0.0228110270053	0.301667520841	0.344458443647	0.33877773754	0.301879735822	0.0810864882712	0.300012105623	0.315965763961	0.0647292194168	0.162441249117	0.252770136717	0.16724486928	0.169204568927	0.322482063252	0.134835406707	0.063584800726	0.0233252756953	0.320207055123	0.319548402311
MMRS65945127ST-27-0-0.snv.bam	0.177196995178	0.18277681469	0.353066132676	0.36003918643	0.407483941705	0.363823919803	0.353268091349	0.177720500793	0.0	0.162711795744	0.166646897596	0.187233654041	0.379176181212	0.409432138594	0.403880018044	0.367056920304	0.165195027921	0.363677326138	0.383342709329	0.166161678028	0.191676397641	0.313791916186	0.180325766313	0.190990248439	0.387141597842	0.164443852306	0.168453576313	0.174470759061	0.384912696928	0.381971956452
N046A.snv.bam	0.105542389782	0.169791066488	0.311548013752	0.32037204723	0.361590351203	0.324826508151	0.32678263364	0.0732476592249	0.162711795744	0.0	0.0930340967637	0.0799161139981	0.331608041296	0.362365037522	0.357326406572	0.323729801627	0.0894340349714	0.322737891874	0.338975023505	0.0937132355342	0.17334666593	0.268632636192	0.158979832964	0.168352375146	0.344830630577	0.131387367006	0.0944790964739	0.064182406315	0.343099920488	0.34356968615
SAMEA3136690.snv.bam	0.0252709199238	0.171923925729	0.30290979613	0.3119704866	0.35745327856	0.317072102644	0.317818632446	0.0630194924296	0.166646897596	0.0930340967637	0.0	0.0699534912785	0.317377577695	0.360099540466	0.355221944631	0.320694941626	0.0824529840154	0.309197354596	0.338743091619	0.0016846072936	0.156030863617	0.268062823308	0.167103144569	0.166056648411	0.331209366038	0.108822567205	0.00422317655962	0.0472581038676	0.334819487397	0.334283628133
SAMEA3136692.snv.bam	0.0603956132259	0.181741753557	0.278877787777	0.290449505982	0.334634033775	0.294308866101	0.305497308037	0.0228110270053	0.187233654041	0.0799161139981	0.0699534912785	0.0	0.293415978935	0.337400523249	0.330156652514	0.291328834725	0.0858672408684	0.292552565172	0.312676569404	0.0709214930758	0.163875961412	0.24238181084	0.172347106204	0.174557719168	0.316778838018	0.139870559396	0.0706334628758	0.0327804174158	0.309994437858	0.309301243826
T2D-118A.snv.bam	0.295458366691	0.351489163293	0.105420696354	0.144767569433	0.145976104498	0.104765522008	0.224154061258	0.301667520841	0.379176181212	0.331608041296	0.317377577695	0.293415978935	0.0	0.150440694763	0.141550856431	0.124008040542	0.315553128691	0.155832571455	0.105253867247	0.318469410972	0.308292879005	0.156689878165	0.329646946484	0.334666642837	0.133597103067	0.351244398431	0.317255508124	0.31858760938	0.0943945732449	0.0913457907681
T2D-144A.snv.bam	0.340337024342	0.388300959326	0.145142262466	0.153645895982	0.0038151462736	0.125516441295	0.251880058044	0.344458443647	0.409432138594	0.362365037522	0.360099540466	0.337400523249	0.150440694763	0.0	0.0204563287881	0.121435735783	0.357582424483	0.173311545222	0.125673121878	0.361122649891	0.349401350389	0.198898856902	0.369695782396	0.374334002678	0.143660053032	0.389621976674	0.358739918352	0.360848783991	0.124301371806	0.12444632109
T2D-177A.snv.bam	0.333212721751	0.383739234137	0.133512522258	0.148096282315	0.0216198501144	0.121237880545	0.247878114546	0.33877773754	0.403880018044	0.357326406572	0.355221944631	0.330156652514	0.141550856431	0.0204563287881	0.0	0.110660146363	0.351899939593	0.170251159335	0.126118348936	0.356309407988	0.343535479448	0.185729459424	0.365171062648	0.368288038211	0.144016533727	0.383845650779	0.351971292557	0.356682141482	0.113474729904	0.113343047096
T2D-61A.snv.bam	0.298189798072	0.351386313836	0.12968076058	0.129390214586	0.119186637528	0.103059000537	0.236997562859	0.301879735822	0.367056920304	0.323729801627	0.320694941626	0.291328834725	0.124008040542	0.121435735783	0.110660146363	0.0	0.316690477347	0.155664506753	0.135041017873	0.320924768327	0.309537251841	0.157460478862	0.333128122309	0.339002373171	0.150097903471	0.347183514151	0.319405864843	0.320114868369	0.122413909702	0.121248818644
T2D-77A.snv.bam	0.0902132882589	0.184753618643	0.302599386351	0.310871542278	0.355591334898	0.313996278681	0.312544060474	0.0810864882712	0.165195027921	0.0894340349714	0.0824529840154	0.0858672408684	0.315553128691	0.357582424483	0.351899939593	0.316690477347	0.0	0.314214853917	0.334448124357	0.080692373911	0.165527142812	0.26251251207	0.173321003789	0.180175555995	0.332852754987	0.142966406922	0.0840293202337	0.0788822160802	0.337407860954	0.335892446688
T2D-8A.snv.bam	0.293619091951	0.354747376719	0.16343617536	0.0555710841222	0.168591466204	0.155184261574	0.244639844065	0.300012105623	0.363677326138	0.322737891874	0.309197354596	0.292552565172	0.155832571455	0.173311545222	0.170251159335	0.155664506753	0.314214853917	0.0	0.143687220894	0.308948925749	0.312896167123	0.200787876884	0.333835234556	0.342765441393	0.175788924841	0.34276761104	0.309449260956	0.314123558401	0.154456597289	0.155293573404
V1.CD2-0-PT.snv.bam	0.319634936481	0.364061470552	0.139743445956	0.146991471073	0.125036745788	0.110004861164	0.221768725961	0.315965763961	0.383342709329	0.338975023505	0.338743091619	0.312676569404	0.105253867247	0.125673121878	0.126118348936	0.135041017873	0.334448124357	0.143687220894	0.0	0.338947503922	0.331363686638	0.188525968081	0.343278307787	0.346748398943	0.117545592012	0.370116523767	0.337902275595	0.335040258089	0.124198216258	0.120910046587
V1.CD20-0.snv.bam	0.0266202715634	0.168981741741	0.303186258334	0.311735928176	0.358397863049	0.317560680496	0.317852968179	0.0647292194168	0.166161678028	0.0937132355342	0.0016846072936	0.0709214930758	0.318469410972	0.361122649891	0.356309407988	0.320924768327	0.080692373911	0.308948925749	0.338947503922	0.0	0.154577369158	0.26813185255	0.166391914137	0.165880495144	0.331799965761	0.108110953717	0.00552804784769	0.0487485037961	0.335630851793	0.335245853765
V1.CD21-0.snv.bam	0.162209102371	0.203656861431	0.302891378379	0.309137543918	0.347206980283	0.301418480429	0.266153629452	0.162441249117	0.191676397641	0.17334666593	0.156030863617	0.163875961412	0.308292879005	0.349401350389	0.343535479448	0.309537251841	0.165527142812	0.312896167123	0.331363686638	0.154577369158	0.0	0.223085073091	0.201117408035	0.20562859596	0.328826531813	0.188237726018	0.157594522068	0.157275107355	0.317923651359	0.317064551328
V1.CD21-4.snv.bam	0.248519799478	0.302057016702	0.0847974381096	0.17407870502	0.1952805346	0.16042595811	0.226318422638	0.252770136717	0.313791916186	0.268632636192	0.268062823308	0.24238181084	0.156689878165	0.198898856902	0.185729459424	0.157460478862	0.26251251207	0.200787876884	0.188525968081	0.26813185255	0.223085073091	0.0	0.284382185568	0.291258518637	0.193884313694	0.288112777733	0.267546026672	0.268140837092	0.111166561514	0.109607676838
V1.CD3-0-PN.snv.bam	0.175274549165	0.0194849285918	0.316410128665	0.332941252357	0.367047607085	0.325272794539	0.335102694479	0.16724486928	0.180325766313	0.158979832964	0.167103144569	0.172347106204	0.329646946484	0.369695782396	0.365171062648	0.333128122309	0.173321003789	0.333835234556	0.343278307787	0.166391914137	0.201117408035	0.284382185568	0.0	0.0250214820641	0.348263601255	0.152803519512	0.168661794598	0.163539480251	0.352002221539	0.35222366869
V1.CD3-3-PN.snv.bam	0.172578397089	0.0156468209702	0.324679107994	0.337696419538	0.371261475306	0.331028989051	0.334943147599	0.169204568927	0.190990248439	0.168352375146	0.166056648411	0.174557719168	0.334666642837	0.374334002678	0.368288038211	0.339002373171	0.180175555995	0.342765441393	0.346748398943	0.165880495144	0.20562859596	0.291258518637	0.0250214820641	0.0	0.346430444624	0.154508519995	0.165047247606	0.167438371314	0.356741108956	0.356410192612
V1.CD35-0.snv.bam	0.314070097795	0.36223999891	0.14615807444	0.183091206113	0.139965834275	0.11870278153	0.221026145276	0.322482063252	0.387141597842	0.344830630577	0.331209366038	0.316778838018	0.133597103067	0.143660053032	0.144016533727	0.150097903471	0.332852754987	0.175788924841	0.117545592012	0.331799965761	0.328826531813	0.193884313694	0.348263601255	0.346430444624	0.0	0.368562824665	0.329977642898	0.336745432379	0.127771268393	0.122571173372
V1.CD5-0-PN.snv.bam	0.12629204878	0.1569726559	0.323367475772	0.343692279454	0.385189982345	0.345932612181	0.334007212753	0.134835406707	0.164443852306	0.131387367006	0.108822567205	0.139870559396	0.351244398431	0.389621976674	0.383845650779	0.347183514151	0.142966406922	0.34276761104	0.370116523767	0.108110953717	0.188237726018	0.288112777733	0.152803519512	0.154508519995	0.368562824665	0.0	0.110919617857	0.122325680316	0.367092236103	0.366812143784
V1.CD53-0.snv.bam	0.025496197477	0.173925652667	0.302714733594	0.31113896136	0.355988343451	0.316475379904	0.317064831683	0.063584800726	0.168453576313	0.0944790964739	0.00422317655962	0.0706334628758	0.317255508124	0.358739918352	0.351971292557	0.319405864843	0.0840293202337	0.309449260956	0.337902275595	0.00552804784769	0.157594522068	0.267546026672	0.168661794598	0.165047247606	0.329977642898	0.110919617857	0.0	0.0502039193296	0.334482241659	0.333782632967
V1.FI18.snv.bam	0.0676453733592	0.168920921404	0.30649045642	0.313017844877	0.358600582078	0.31810677281	0.322461713205	0.0233252756953	0.174470759061	0.064182406315	0.0472581038676	0.0327804174158	0.31858760938	0.360848783991	0.356682141482	0.320114868369	0.0788822160802	0.314123558401	0.335040258089	0.0487485037961	0.157275107355	0.268140837092	0.163539480251	0.167438371314	0.336745432379	0.122325680316	0.0502039193296	0.0	0.335868359773	0.334989310299
V1.FI23.snv.bam	0.315119990791	0.368747096284	0.0334583677124	0.117471498998	0.124805945152	0.0979616382443	0.224570281276	0.320207055123	0.384912696928	0.343099920488	0.334819487397	0.309994437858	0.0943945732449	0.124301371806	0.113474729904	0.122413909702	0.337407860954	0.154456597289	0.124198216258	0.335630851793	0.317923651359	0.111166561514	0.352002221539	0.356741108956	0.127771268393	0.367092236103	0.334482241659	0.335868359773	0.0	0.00225829080461
V1.FI33.snv.bam	0.314418589539	0.368055456159	0.0322462104912	0.118087831069	0.124415661237	0.0947427813293	0.222613761174	0.319548402311	0.381971956452	0.34356968615	0.334283628133	0.309301243826	0.0913457907681	0.12444632109	0.113343047096	0.121248818644	0.335892446688	0.155293573404	0.120910046587	0.335245853765	0.317064551328	0.109607676838	0.35222366869	0.356410192612	0.122571173372	0.366812143784	0.333782632967	0.334989310299	0.00225829080461	0.0
