	158337416-stool1.snv.bam	158337416-stool2.snv.bam	159733294-stool1.snv.bam	160400887-stool1.snv.bam	161412393-stool2.snv.bam	508703490-stool1.snv.bam	550534656-stool1.snv.bam	550534656-stool2.snv.bam	550534656-stool3.snv.bam	638754422-stool2.snv.bam	663835652-stool3.snv.bam	682102541-stool3.snv.bam	706846339-stool2.snv.bam	763496533-stool1.snv.bam	763496533-stool2.snv.bam	763577454-stool1.snv.bam	763577454-stool2.snv.bam	763721271-stool1.snv.bam	763759525-stool1.snv.bam	763759525-stool2.snv.bam	763840445-stool1.snv.bam	764083206-stool1.snv.bam	764366428-stool2.snv.bam	764508039-stool3.snv.bam	764649650-stool2.snv.bam	765013792-stool2.snv.bam	765074482-stool2.snv.bam	765337473-stool2.snv.bam	765620695-stool1.snv.bam	765701615-stool1.snv.bam	765701615-stool2.snv.bam	BGI-34A.snv.bam	BYQ_AAAD.snv.bam	BYQ_AAAG.snv.bam	BYQ_AAAO.snv.bam	BYQ_AAAR.snv.bam	BYQ_AAAX.snv.bam	CCIS16561622ST-4-0.snv.bam	CCIS21278152ST-4-0.snv.bam	CCIS22416007ST-4-0.snv.bam	CCIS41222843ST-4-0.snv.bam	CCIS41548810ST-4-0.snv.bam	CCIS44676181ST-4-0.snv.bam	CCIS46047672ST-4-0.snv.bam	CCIS50471204ST-4-0.snv.bam	CCIS62605362ST-3-0.snv.bam	CCIS81735969ST-20-0.snv.bam	CCIS83870198ST-4-0.snv.bam	CCIS95409808ST-4-0.snv.bam	CCMD14479708ST-21-0.snv.bam	CCMD18872694ST-21-0.snv.bam	CCMD25963797ST-21-0.snv.bam	CCMD64503764ST-21-0.snv.bam	CCMD72895164ST-21-0.snv.bam	ED16A.snv.bam	M1.2-V2.metaG.snv.bam	M1.2-V2.metaT.snv.bam	M1.3-V1.metaG.snv.bam	M2.5-V1.metaG.snv.bam	M2.5-V1.metaT.snv.bam	M2.5-V2.metaG.snv.bam	M4.6-V3.metaG.snv.bam	MH0131.snv.bam	MH0193.snv.bam	MH0195.snv.bam	MH0196.snv.bam	MH0200.snv.bam	MH0203.snv.bam	MH0224.snv.bam	MH0239.snv.bam	MH0243.snv.bam	MH0257.snv.bam	MH0265.snv.bam	MH0268.snv.bam	MH0275.snv.bam	MH0281.snv.bam	MH0288.snv.bam	MH0293.snv.bam	MH0309.snv.bam	MH0310.snv.bam	MH0314.snv.bam	MH0322.snv.bam	MH0326.snv.bam	MH0328.snv.bam	MH0330.snv.bam	MH0340.snv.bam	MH0349.snv.bam	MH0356.snv.bam	MH0359.snv.bam	MH0360.snv.bam	MH0362.snv.bam	MH0374.snv.bam	MH0379.snv.bam	MH0384.snv.bam	MH0389.snv.bam	MH0394.snv.bam	MH0399.snv.bam	MH0406.snv.bam	MH0408.snv.bam	MH0409.snv.bam	MH0412.snv.bam	MH0425.snv.bam	MH0435.snv.bam	MH0440.snv.bam	MH0442.snv.bam	MH0452.snv.bam	MH0456.snv.bam	MMRS11932626ST-27-0-0.snv.bam	MMRS14602194ST-27-0-0.snv.bam	MMRS17963147ST-27-0-0.snv.bam	MMRS20257302ST-27-0-0.snv.bam	MMRS32573774ST-27-0-0.snv.bam	MMRS38954404ST-27-0-0.snv.bam	MMRS40913371ST-27-0-0.snv.bam	MMRS41266697ST-27-0-0.snv.bam	MMRS43563715ST-27-0-0.snv.bam	MMRS47685461ST-27-0-0.snv.bam	MMRS51410669ST-27-0-0.snv.bam	MMRS57276462ST-27-0-0.snv.bam	MMRS61683006ST-27-0-0.snv.bam	MMRS65742083ST-27-0-0.snv.bam	MMRS67247116ST-27-0-0.snv.bam	MMRS68630931ST-27-0-0.snv.bam	MMRS68910755ST-27-0-0.snv.bam	MMRS71762412ST-27-0-0.snv.bam	MMRS77018926ST-27-0-0.snv.bam	MMRS79893829ST-27-0-0.snv.bam	MMRS84159866ST-27-0-0.snv.bam	MMRS88581325ST-27-0-0.snv.bam	MMRS90191266ST-27-0-0.snv.bam	MMRS93508324ST-27-0-0.snv.bam	N074A.snv.bam	NG-5636_187.snv.bam	NG-5636_195.snv.bam	NG-5636_446.snv.bam	O2.CD3-0-PT.snv.bam	O2.UC12-1.snv.bam	O2.UC13-1.snv.bam	O2.UC28-1.snv.bam	O2.UC31-1.snv.bam	O2.UC38-1.snv.bam	O2.UC40-1.snv.bam	O2.UC48-1.snv.bam	O2.UC53-0.snv.bam	SAMEA3136625.snv.bam	SAMEA3136629.snv.bam	SAMEA3136697.snv.bam	SAMEA3136718.snv.bam	SAMEA3136721.snv.bam	SAMEA3136751.snv.bam	SAMEA3136754.snv.bam	SAMEA3136764.snv.bam	SAMEA3178937.snv.bam	T2D-108A.snv.bam	T2D-113A.snv.bam	T2D-11A.snv.bam	T2D-26A.snv.bam	T2D-33A.snv.bam	V1.CD55-0.snv.bam	V1.CD6-0-PT.snv.bam	V1.CD8-0-PN.snv.bam	V1.FI02.snv.bam	V1.FI20.snv.bam	V1.FI31.snv.bam	V1.UC17-2.snv.bam	V1.UC21-4.snv.bam	V1.UC22-1.snv.bam	V1.UC26-4.snv.bam	V1.UC43-0.snv.bam	V1.UC55-4.snv.bam	V1.UC58-4.snv.bam
158337416-stool1.snv.bam	0.0	0.000964782185538	0.163406690304	0.153973065354	0.166660994671	0.165368564461	0.163801212982	0.164113657594	0.165721568056	0.121274582352	0.163453860472	0.11455405445	0.17775695584	0.163873343366	0.141146050388	0.132675687703	0.13747650841	0.160399801836	0.163695727192	0.16352502387	0.162364109636	0.175509193184	0.16451351623	0.165965458915	0.162655073331	0.189219519272	0.0462821686038	0.188958255017	0.169307045315	0.192017295002	0.19038501332	0.14697795127	0.184498966908	0.1350071469	0.184328760276	0.134754708876	0.18440004533	0.129179103554	0.13698584033	0.176496040184	0.118149191499	0.167712040279	0.11795036475	0.165601492197	0.169932815164	0.127621340346	0.159377573046	0.151512991863	0.144920440694	0.156781462494	0.12245255454	0.161407649431	0.171255129538	0.153351325897	0.153041916774	0.153865794943	0.159181612322	0.150964725737	0.158517311129	0.157696046078	0.158506902771	0.175745098264	0.179538492909	0.144839209237	0.144621403908	0.172975353252	0.133084404287	0.167497724533	0.146162474636	0.145048003204	0.128306620259	0.130334514023	0.164749288188	0.16643107542	0.154892140218	0.164421227211	0.126032253531	0.157628044491	0.137077169616	0.176609905064	0.158612140762	0.162475709986	0.175402705713	0.142753909147	0.169987065266	0.162029674875	0.116019075552	0.11815833954	0.163439765878	0.151947020789	0.162926035287	0.139644528026	0.13619200547	0.147448806513	0.110517078216	0.164973372253	0.129763762977	0.170058193843	0.148087707926	0.129904715844	0.146819485151	0.15491997475	0.166820295388	0.123082807565	0.193547921944	0.171822597344	0.12810158277	0.147041535984	0.163379359332	0.171052786898	0.170100903715	0.116108336276	0.109586757696	0.165563585882	0.162493895619	0.160691384162	0.16994185526	0.124767708736	0.105400217926	0.156412575443	0.152711046047	0.177572798577	0.12745672687	0.15362360274	0.155631039418	0.112284651511	0.188867583229	0.162930776466	0.164955725349	0.116445201183	0.154253796052	0.157759671536	0.11645613766	0.18408171195	0.135488166563	0.130212935075	0.164240153502	0.14136294905	0.162967692193	0.121082547974	0.168543263115	0.129046080414	0.176907306556	0.145856065804	0.123950930473	0.17174555297	0.162766696789	0.0910562945326	0.151387233865	0.167285392868	0.121523304861	0.15037150246	0.148737557978	0.151622524257	0.157396109051	0.162322803382	0.16065252734	0.153155202385	0.142256162921	0.187059839958	0.167598085757	0.165265927381	0.176690009828	0.13605747063	0.166276725039	0.183787330022	0.148701559184	0.175930066593	0.129358027541	0.190074590373	0.122028088166
158337416-stool2.snv.bam	0.000964782185538	0.0	0.165923336756	0.158070990008	0.168255254865	0.167936152346	0.16630079528	0.166553394568	0.168215880456	0.123382193242	0.165889890721	0.116966051423	0.181961738005	0.166374749161	0.143008241099	0.133950332629	0.138598752035	0.162903053729	0.166133116242	0.16603537467	0.164887336617	0.178382920011	0.166891955892	0.168471924333	0.165237187321	0.193640249831	0.045488698324	0.193217766904	0.17218433244	0.194659432404	0.192694145821	0.148424206298	0.187381194401	0.137400167943	0.187189556158	0.137194742569	0.187281713944	0.131377913997	0.139566609529	0.179243903553	0.119165947412	0.169192651666	0.120560214599	0.167009175598	0.172368916961	0.130559400667	0.163300599273	0.153825932603	0.147286637654	0.159402667742	0.124795532425	0.163845882048	0.173842178292	0.155910188671	0.154272378027	0.156397795859	0.161650625208	0.15340665129	0.161107855445	0.160613915801	0.161097388448	0.176770804796	0.18249294561	0.147404235821	0.147246958059	0.176922214325	0.13422541202	0.169980886226	0.147675981153	0.147269341452	0.130202452161	0.13267927521	0.167650019077	0.170497671141	0.156832300611	0.166760547058	0.127073791199	0.160336418864	0.136647565353	0.17935051625	0.161247700407	0.163814565525	0.178054145994	0.145237212259	0.171398465473	0.164508119186	0.11857184781	0.117804989459	0.167549234058	0.151673499262	0.164355343201	0.142113676553	0.13867510729	0.148574428331	0.112874608228	0.168681049221	0.132320103304	0.171596643776	0.150036403125	0.132417211293	0.150374777526	0.155064556807	0.169642160506	0.12521046213	0.194506790222	0.17470170213	0.130616213134	0.147047048736	0.165814971034	0.173717707022	0.172783152413	0.118671782264	0.112067337005	0.1664087295	0.164973284842	0.16458963034	0.169671229259	0.127330205379	0.106314622229	0.15723801623	0.155316484238	0.18027000241	0.129859804207	0.158108278057	0.158359092003	0.114866530595	0.192803427841	0.165475036984	0.167467213079	0.118701956208	0.156824634626	0.158649941265	0.118799954145	0.187088514638	0.138080101253	0.132518645507	0.167281610176	0.143942338794	0.165583309079	0.123624312348	0.17116326474	0.131587441079	0.179657543757	0.147867721113	0.124989468046	0.17456000734	0.164833158296	0.0948302965785	0.154012199624	0.168592391813	0.122598265808	0.151410173258	0.151321470638	0.154035084909	0.159461570964	0.165076665322	0.16109269085	0.155199270147	0.144828666277	0.189860799899	0.170316742354	0.167583139265	0.180499709862	0.137169056828	0.170127433383	0.185865707514	0.151454536991	0.177440588669	0.131865295204	0.192811057889	0.124524424369
159733294-stool1.snv.bam	0.163406690304	0.165923336756	0.0	0.168316799842	0.0193407609416	0.00112070977342	0.00116895147879	0.00109298634684	0.00119578841614	0.166353903818	0.000799086283853	0.16177986606	0.122512634762	0.00140979044567	0.113671854803	0.156236460676	0.16081096029	0.0213195852455	0.0011835746971	0.0008835052601	0.00112341935732	0.108630645392	0.00118984474681	0.0010183212832	0.0838841004553	0.117212744762	0.165946148672	0.100990311291	0.0910225257389	0.131345043568	0.129830394849	0.152595648982	0.125188326786	0.148139455994	0.125206507223	0.146895904022	0.125242326982	0.167971126963	0.165926947211	0.114594222451	0.134632986563	0.113563443295	0.146367340387	0.119231484699	0.124522098291	0.13089312048	0.0985307480092	0.167672677604	0.153473199573	0.172565878742	0.147254341096	0.00107146281728	0.131669254717	0.163265622902	0.162870722433	0.147133615355	0.158691600772	0.155249307016	0.120260370634	0.121048273521	0.120384848504	0.129464061246	0.130830300533	0.155908907677	0.155937278193	0.133584320949	0.159044327189	0.015740643748	0.166831475562	0.157959135152	0.160177385525	0.151715003116	0.172012118492	0.131818407846	0.163029458576	0.00174045189923	0.154000600664	0.0992305950728	0.161603840629	0.0972276460042	0.172768608534	0.107371010486	0.0616081874689	0.153366024092	0.092658767164	0.113620833463	0.150935845103	0.151859096591	0.127668337836	0.161332635624	0.170531487989	0.153519523156	0.16957709478	0.159871018849	0.157637316952	0.175649598548	0.151924659124	0.00987262294536	0.15911791536	0.158997459308	0.154252540117	0.15665579831	0.018794838603	0.152197918654	0.160494152796	0.156235828791	0.149880988144	0.162069095298	0.000874005969949	0.110585786058	0.110943132253	0.163406376511	0.155407136333	0.156872637544	0.00104828088921	0.186266448266	0.14603574947	0.153905730435	0.156776340426	0.18593576972	0.1649276402	0.131122776604	0.156863935956	0.126850394292	0.0573497363599	0.153032066032	0.184780116625	0.165678933719	0.000904571993538	0.138796972933	0.154403530386	0.162410545416	0.148340542705	0.10192069746	0.12877175188	0.162664510278	0.117626366056	0.149599280523	0.11871623862	0.14690987066	0.14126635011	0.150862703113	0.126868529426	0.153950766674	0.155003879413	0.13337633439	0.139196170215	0.1423942794	0.168184404129	0.127164889446	0.151767528803	0.16010308094	0.15661176236	0.161382146	0.167077959108	0.181848056309	0.15924197396	0.15146532375	0.147541515499	0.122129469648	0.119662499165	0.119828072526	0.109230844735	0.155756969186	0.11186101222	0.12593698888	0.16456689228	0.124117119815	0.156106238912	0.129100062924	0.15057784827
160400887-stool1.snv.bam	0.153973065354	0.158070990008	0.168316799842	0.0	0.16996452811	0.171377963499	0.171473425944	0.172296095436	0.169566579564	0.114784366471	0.171579229366	0.149729760427	0.191525130469	0.171706447335	0.149257246216	0.140599768518	0.142542193838	0.170900330604	0.171580987573	0.171591580168	0.171315639503	0.181553118372	0.172679449989	0.172960449915	0.17220886596	0.190038658337	0.139178548729	0.200946950937	0.180761727979	0.202843412428	0.199795106422	0.113164240949	0.185919349517	0.140455496528	0.18573354371	0.138922631996	0.186044825676	0.165698918973	0.142969603376	0.183730526272	0.134898857733	0.188826067923	0.151016504524	0.163955129191	0.173850669641	0.141620628206	0.173649782047	0.104470800158	0.166033376711	0.158390750542	0.134543832488	0.169565278789	0.177957429255	0.155527690281	0.120552061845	0.15618276789	0.157297680307	0.150232404257	0.178245388263	0.175549757602	0.178283139959	0.191565173667	0.170462322712	0.154066362684	0.14964032252	0.182486238656	0.146864960278	0.176169393495	0.160281576869	0.0705710593855	0.137519732433	0.147728816869	0.159662284902	0.174425748639	0.0776761170258	0.171502526433	0.129298836396	0.17078458784	0.145728128108	0.184844346792	0.155774352879	0.198685187475	0.178180780721	0.154851165309	0.172975971945	0.185076769733	0.16077744445	0.138674948071	0.168336879872	0.161732350696	0.165952822845	0.146655236206	0.144554563325	0.143104965894	0.153746197825	0.158630356825	0.147978163672	0.178414301208	0.0726974332932	0.147967651851	0.149753336959	0.16373724607	0.172901499312	0.129496389701	0.205645247663	0.169154791393	0.147412842663	0.144509008633	0.171538217186	0.184352269677	0.182354521853	0.103423930094	0.149296482105	0.121925946774	0.167610019812	0.0470955669116	0.156599981852	0.141644654669	0.14436670637	0.06048722932	0.142430492415	0.1898423001	0.115094962354	0.159539137996	0.165838997797	0.133171752334	0.211847682972	0.155794465036	0.171091584173	0.153476576467	0.121489553973	0.143750121929	0.158580563689	0.172370858392	0.165140933579	0.153782300402	0.182635089959	0.141397364188	0.181237478631	0.128568905209	0.184391289659	0.148477266377	0.179251644464	0.145403994289	0.13050025894	0.179984673519	0.195630512569	0.142903564309	0.167705139544	0.194892418021	0.13092720788	0.143900626239	0.158943453977	0.134342744295	0.131654083063	0.14405160781	0.130872664118	0.0907724611711	0.144443477196	0.203040022558	0.186240990023	0.18291732691	0.182468029277	0.152531916427	0.172436548135	0.18197910652	0.150178232324	0.181931462088	0.141817297402	0.20476062118	0.134168140031
161412393-stool2.snv.bam	0.166660994671	0.168255254865	0.0193407609416	0.16996452811	0.0	0.0191288128161	0.0189813630901	0.018852474584	0.0191502928104	0.166813635013	0.0182586432586	0.162593918649	0.124768971282	0.0190948504355	0.115049372673	0.156659985377	0.161162206452	0.0235412627624	0.0189038051043	0.0184794583229	0.0186874138484	0.106712047865	0.018689317954	0.0169246913168	0.080035556891	0.1142529156	0.163880252811	0.0987405707514	0.0887778634995	0.12710953646	0.1248149926	0.153237878106	0.124393709817	0.14467228658	0.124349929107	0.14370699585	0.124405736228	0.157472635875	0.166933693255	0.114320562545	0.131766744228	0.108089603996	0.149658950987	0.114113095961	0.117530294006	0.124077127129	0.0989847588919	0.163242656195	0.145433544008	0.170207947642	0.148343100749	0.0185450061766	0.132758484453	0.153084613037	0.160242242518	0.14697248081	0.155769159369	0.144233762104	0.120634093149	0.115650577244	0.120881327253	0.120767195767	0.129096690979	0.143906899154	0.143829927171	0.113817128642	0.152162262499	0.0182255046976	0.154118910405	0.154701333592	0.159087785602	0.144600963187	0.170195885189	0.137928670438	0.160605510187	0.0194963200187	0.160646541556	0.0967750798845	0.154321550423	0.100554412766	0.171052019446	0.108571404086	0.0632167766852	0.145698882211	0.102127992604	0.11758970876	0.146397730031	0.155255639779	0.125998179074	0.154495361941	0.170899705267	0.142656698087	0.168869982668	0.154137996697	0.150742377621	0.174170535668	0.141364702919	0.0146070548094	0.156297791327	0.148685852402	0.149383442391	0.150033554771	0.0375454762555	0.154340955201	0.154414510669	0.171175908081	0.139075782568	0.160138230443	0.0183387375777	0.104127029573	0.104502896535	0.164186878162	0.155447790664	0.153736421017	0.0186995554428	0.183754494353	0.138295790035	0.158353745178	0.15540582516	0.181971441822	0.158094808488	0.135184986262	0.151953851265	0.138184929522	0.0712734247924	0.153063379124	0.180256284227	0.166244216765	0.0185700303034	0.13329639965	0.144159278544	0.153272304989	0.146501467773	0.114769210674	0.12962826647	0.169203558077	0.118846017611	0.148867864781	0.119140981457	0.147848653183	0.139038046123	0.156872405436	0.120914255236	0.152146079571	0.160865553044	0.11884656476	0.140926808523	0.143037527233	0.167460775663	0.127945748765	0.158575875636	0.151001634334	0.148185652963	0.152871866453	0.160556468218	0.17176059254	0.161503289689	0.148853646465	0.148557117308	0.13465500538	0.119851623108	0.120717750667	0.118520414904	0.150907446186	0.112451696257	0.125682856606	0.159761018314	0.123342773347	0.147408488442	0.132125490146	0.153778046241
508703490-stool1.snv.bam	0.165368564461	0.167936152346	0.00112070977342	0.171377963499	0.0191288128161	0.0	0.00120305387044	0.00146915747034	0.00149208796265	0.169702867832	0.000803784597682	0.164258280931	0.124407200913	0.00137539554441	0.115727740258	0.159817297888	0.164124809529	0.0213530499995	0.00101999330431	0.000845215265293	0.0012128162566	0.109222229407	0.00141096411049	0.00102373630877	0.0804612475175	0.116372403	0.167741037625	0.102891545235	0.0904216146319	0.130239730656	0.12853311306	0.155918452906	0.129977843567	0.151329687716	0.130102216302	0.150433692039	0.130051669386	0.167213311922	0.168893896888	0.116707710315	0.136819570095	0.113562073674	0.151199721459	0.119721533174	0.126208259144	0.133313423632	0.0995795198422	0.172392854717	0.155040437186	0.173101064759	0.149268552681	0.00107695158091	0.133953376698	0.165241115115	0.164537206274	0.15121065711	0.161612731939	0.156896674419	0.12205233871	0.123014665477	0.122221433344	0.129591299803	0.134488469232	0.158794278817	0.159016921492	0.133262076846	0.162376077339	0.0157307093307	0.170003048334	0.160985641287	0.161259312104	0.151594116103	0.172371556534	0.135419754785	0.166360085264	0.00165931863314	0.159074052772	0.101562795593	0.163689608581	0.100484647491	0.173208384652	0.110558649527	0.0618613165761	0.158226955304	0.0946900659262	0.116464349701	0.153125401463	0.157178344276	0.129952608986	0.166161172262	0.172319500645	0.155335930634	0.17427507281	0.163001113759	0.159839529893	0.176821743622	0.155054830418	0.010019596169	0.162272803468	0.162146265551	0.154691742756	0.161201562278	0.0185064106895	0.156307272088	0.16175351384	0.157327300276	0.152932478379	0.164130227536	0.000878915325148	0.110803786247	0.111039971488	0.168358065801	0.159875736382	0.157422276143	0.00105227789228	0.186732210229	0.146297833709	0.158529726318	0.160115541416	0.186466877636	0.169874021687	0.132989842941	0.159615377687	0.128652781128	0.0603245731205	0.15776221082	0.186608976901	0.170284352185	0.000896738737559	0.139286379458	0.155843472326	0.165497541251	0.150440914068	0.102819812444	0.132084891852	0.170056703396	0.119578874682	0.156993856657	0.120557143964	0.150223477811	0.142869128504	0.15552322359	0.131128504566	0.154191948426	0.159967404287	0.131149969532	0.139900472543	0.145570885286	0.168798231072	0.127298780528	0.156980184012	0.161959805375	0.16110234719	0.162667965248	0.16889922357	0.185202400736	0.162384977129	0.153016646575	0.150802515713	0.123090415922	0.121007048661	0.121552273656	0.109977646	0.159952024395	0.114143163739	0.131222360989	0.169520995967	0.127271450801	0.159852733643	0.129364847347	0.155967924683
550534656-stool1.snv.bam	0.163801212982	0.16630079528	0.00116895147879	0.171473425944	0.0189813630901	0.00120305387044	0.0	0.00136994757059	0.00136755233372	0.169210225845	0.000716538525521	0.162609028344	0.123462179114	0.0012575614064	0.114555848464	0.158103825462	0.162470148567	0.0209330822303	0.00118209254297	0.000757224243369	0.00112237229994	0.108742206489	0.00131448522043	0.000934815412742	0.0830975010252	0.115565997931	0.166082802943	0.100922280609	0.0897812064625	0.130477921136	0.129314754817	0.154381101454	0.130201276208	0.149850452413	0.1303234002	0.14896854082	0.130273767207	0.168247340084	0.170285298807	0.116066514726	0.135456216231	0.114458251199	0.149677680073	0.120421673813	0.125308580915	0.132750961711	0.0990615694115	0.170826695058	0.156351121585	0.174020670122	0.152024255794	0.000985778939222	0.134180409472	0.164874786807	0.164297157552	0.149515103967	0.159630177878	0.156684679511	0.121186507721	0.122069178739	0.121336702492	0.130167400604	0.133093642496	0.157225370717	0.157460073379	0.134567726043	0.160853170812	0.0155097228661	0.168377358859	0.1609086387	0.161171427337	0.152562366658	0.173576573611	0.134077701957	0.165837296052	0.00157491182545	0.157259441492	0.101011341768	0.163278075486	0.10166271021	0.174411751832	0.108756288501	0.0608297243269	0.15661119384	0.0931023423282	0.114439879536	0.151561657265	0.155517053951	0.128692095067	0.164198580803	0.173256416607	0.155217960923	0.172441256691	0.161390984125	0.158276167742	0.1778754903	0.153725772806	0.00966317625287	0.162212136969	0.160297593327	0.155627194211	0.159893536818	0.018508318079	0.154762375022	0.162907473148	0.158432534691	0.151309533222	0.162375196845	0.000790318354706	0.112833493592	0.11313641899	0.166566275982	0.158455186525	0.15861179598	0.000920714571112	0.187330674907	0.147917857322	0.157007113222	0.158379315796	0.187097929015	0.167937487808	0.133286386847	0.15815118386	0.127672586174	0.0592246953251	0.156404437207	0.185939613689	0.168461512604	0.000775103161828	0.138538946458	0.157348831599	0.165208436984	0.149046024658	0.103324454222	0.131524138748	0.168445649274	0.118916139429	0.155572517843	0.119718272104	0.14899674327	0.141991076466	0.155397975443	0.130173186218	0.156209965907	0.15830989507	0.13287025911	0.138870292513	0.144485612786	0.168475206357	0.127923309097	0.155320777148	0.161707085206	0.159586524612	0.162717761248	0.168422039768	0.183203298283	0.162299704541	0.153114186113	0.149437249183	0.125820371762	0.120019639958	0.121165417363	0.110519854665	0.158560589764	0.113372893388	0.130176849523	0.167830522092	0.129256667746	0.158074741518	0.13159936179	0.154194874618
550534656-stool2.snv.bam	0.164113657594	0.166553394568	0.00109298634684	0.172296095436	0.018852474584	0.00146915747034	0.00136994757059	0.0	0.000419891889593	0.169608804898	0.000653409045072	0.161833315045	0.122937786485	0.00132660796035	0.114886515233	0.15840716872	0.162805651809	0.02090698015	0.00124770750871	0.000856815452855	0.00105862563184	0.108781354834	0.000370992850142	0.000389237497573	0.082882426693	0.115642696273	0.166398201298	0.100192823934	0.089802229413	0.131178002388	0.129447200849	0.155121430014	0.130055350595	0.150185202202	0.129969031192	0.148685588338	0.130089207688	0.168553186899	0.170448223008	0.116244408591	0.13579761316	0.114490167699	0.149701604578	0.120680918235	0.125349615302	0.133110309163	0.0992355037846	0.171270453399	0.156722373904	0.174114939045	0.152327428521	0.000922298251649	0.134384658236	0.165181412303	0.164840630011	0.149643798415	0.159921863471	0.156990009406	0.121215321814	0.122147358974	0.121355089889	0.130298107128	0.133355394691	0.157621852547	0.157982916729	0.134731895837	0.161108454633	0.0152312609626	0.168765211524	0.161298562846	0.161006993386	0.152392128687	0.173667874742	0.134169518669	0.166439559263	0.00163982897741	0.157457507515	0.101285760674	0.163335043239	0.101946444569	0.174505355014	0.108838602382	0.0609780679741	0.156819401304	0.093249221252	0.114371249162	0.15168319263	0.155885784515	0.129131821045	0.164203654765	0.172738939622	0.155497741874	0.172675074647	0.161750057894	0.158478602888	0.177878318354	0.153943463056	0.00958586572901	0.162755180035	0.160958792916	0.155547020152	0.159846511584	0.0183494310295	0.155177783236	0.163209208211	0.159149288597	0.152046251266	0.162768070647	0.000727188874257	0.113031752354	0.113404147553	0.166905389981	0.158848115576	0.158853537899	0.00089586088315	0.187725660968	0.14818648307	0.157364818384	0.158809467733	0.187473563296	0.168377467949	0.133430173289	0.158523037378	0.127948954434	0.05914298181	0.156702683933	0.186182668448	0.168792860983	0.000754599813919	0.138187900197	0.157654743717	0.165933170443	0.149008719524	0.103189070257	0.131104020713	0.168970068197	0.118590384264	0.155860918393	0.119808728976	0.149220838854	0.142224205495	0.156027729286	0.130353069354	0.15611492384	0.158628724312	0.133041225172	0.138897448665	0.144640596772	0.168477413404	0.127972977406	0.155276759054	0.161789090074	0.159976949668	0.163107161457	0.169062941052	0.183885509063	0.163015491693	0.15363422469	0.149655606112	0.126130320746	0.120487569287	0.121401328369	0.110716239829	0.159105126386	0.113310880933	0.130491333457	0.16804109704	0.129537510935	0.158612276669	0.131639475458	0.154458350391
550534656-stool3.snv.bam	0.165721568056	0.168215880456	0.00119578841614	0.169566579564	0.0191502928104	0.00149208796265	0.00136755233372	0.000419891889593	0.0	0.168455333756	0.000660983444527	0.160499904934	0.123722253895	0.00132609620808	0.115727460409	0.158361333968	0.163067202022	0.0211751632332	0.00119909434818	0.000868114194988	0.00107376878865	0.106319712578	0.000450440907392	0.000441571554786	0.0810128817652	0.113217164533	0.168021083552	0.0975507407443	0.0915280329663	0.129297175103	0.127308926389	0.15330613859	0.125353565295	0.14870533056	0.12523551962	0.147354293477	0.125357908998	0.168947232135	0.169299178753	0.116716121175	0.135449009754	0.11201578918	0.149613648352	0.11854341517	0.126267415099	0.132415761626	0.101016686041	0.170236373207	0.156770990027	0.173092150667	0.14943595764	0.000934866783234	0.131800141564	0.165685322331	0.165068149385	0.149556960649	0.159549948843	0.15762295077	0.121765649275	0.122579508844	0.121907983712	0.132637628554	0.129956228354	0.157668736672	0.158116538419	0.137349258339	0.16088112206	0.0155264350062	0.168708400749	0.159990864177	0.159281503254	0.14812573562	0.172550679899	0.135215784546	0.165250604272	0.00164981513462	0.156619168565	0.0986873778752	0.164053547113	0.10182363468	0.17349722757	0.108640683585	0.0617580609513	0.155384857522	0.0879377028281	0.115046029317	0.151563039953	0.15566386725	0.125723605766	0.163072337182	0.17136706629	0.155451101788	0.173119764529	0.160474008933	0.158500523242	0.176915268427	0.153903224107	0.00958204011015	0.16143749802	0.161053517992	0.152681449867	0.158667662693	0.0186881080641	0.152448516548	0.161877833666	0.157800140084	0.151895514496	0.161333933743	0.000736114171993	0.112276867328	0.112267600166	0.165718540185	0.1575231283	0.156065019192	0.000905514143525	0.185505940938	0.147185828143	0.15601450265	0.157483770822	0.185230067349	0.168620557784	0.128787383174	0.155717226271	0.127979198365	0.0559827870003	0.156527169932	0.183931602637	0.168936845084	0.000760982384764	0.139283388921	0.156268690191	0.164677999408	0.150327924128	0.100495961503	0.133792561829	0.166378238058	0.119098252341	0.153008397718	0.120333229167	0.149091663015	0.143429046203	0.154654833493	0.132442126239	0.155925249267	0.158714438278	0.131812954643	0.136693220387	0.145876105595	0.16878954361	0.1271956463	0.155350619828	0.160581891381	0.158642533269	0.160312870779	0.166513084752	0.182968374507	0.160297928448	0.152198923645	0.149962866397	0.124106751744	0.120711831099	0.121135529411	0.108320643812	0.157773573892	0.113998556231	0.126853690931	0.164143126243	0.127655729406	0.15841883008	0.129807130333	0.154237677398
638754422-stool2.snv.bam	0.121274582352	0.123382193242	0.166353903818	0.114784366471	0.166813635013	0.169702867832	0.169210225845	0.169608804898	0.168455333756	0.0	0.168938713069	0.157838848913	0.181874195251	0.169348537575	0.158798909172	0.154894888546	0.158011342766	0.170433908203	0.169236961683	0.169147312832	0.167805873463	0.171783515748	0.170030553632	0.171617779182	0.17553474138	0.181804063034	0.131302002172	0.185945493425	0.178472998997	0.187925219171	0.186049323065	0.158321559601	0.183069425382	0.148175932208	0.183088261919	0.146929229042	0.183118397909	0.15584099255	0.145798097373	0.170445481438	0.133030776263	0.171703745739	0.135940408944	0.172838248407	0.179757361196	0.137914789988	0.180426551119	0.143840386805	0.150337997132	0.157112009527	0.141431664237	0.165465156933	0.173300361381	0.167401437348	0.135073983862	0.158011929242	0.164016755166	0.166267844319	0.172325943466	0.172065224617	0.17230453434	0.174065579832	0.161446574144	0.161033826363	0.157007316793	0.180057573033	0.156327330388	0.171088688597	0.144086199508	0.135398089654	0.145564575542	0.146131806554	0.158245747954	0.174901662407	0.141265296515	0.169505148935	0.155245048208	0.155314808969	0.166585005886	0.185180083938	0.158355818434	0.18106489328	0.181764178895	0.144782056899	0.185865921943	0.181653693643	0.143828027613	0.145835057446	0.148028479211	0.158320329916	0.159783041252	0.14595824525	0.143922599933	0.152574306127	0.145425187499	0.162693670144	0.152898886481	0.172750546524	0.136994931942	0.152898784961	0.165649735092	0.159395871177	0.176204121597	0.155073830348	0.206050853391	0.160182593815	0.152376584603	0.160298098	0.169014376638	0.180752747305	0.180775183091	0.132358513403	0.138265342775	0.136503322342	0.165180236382	0.143266689724	0.156206341481	0.149415935922	0.14070215083	0.132807979009	0.150824714571	0.189116780295	0.120904493959	0.153268316816	0.173771085632	0.155998882678	0.196302156863	0.158326433663	0.169158847207	0.149321900983	0.137854996968	0.134172027955	0.148248237418	0.169849622026	0.15233363563	0.15658324996	0.180270156626	0.138008952119	0.179286542558	0.132982987187	0.178393470638	0.146602236517	0.179736683784	0.144393301802	0.15647411296	0.176254930612	0.178246478616	0.135041885731	0.166635989976	0.185728306527	0.157461335692	0.16278310669	0.147030373081	0.154191179386	0.145238650017	0.15925471262	0.148758003506	0.139569819235	0.162689933463	0.195712494732	0.185321251266	0.183409207333	0.173569552504	0.153910146947	0.167074134799	0.182792128994	0.146712204562	0.195587702684	0.138270931899	0.194997637895	0.142569848213
663835652-stool3.snv.bam	0.163453860472	0.165889890721	0.000799086283853	0.171579229366	0.0182586432586	0.000803784597682	0.000716538525521	0.000653409045072	0.000660983444527	0.168938713069	0.0	0.162229791759	0.122997261291	0.000837004409811	0.114650860824	0.157954656525	0.162360723616	0.0202311364596	0.00059429846364	0.000203406407783	0.000398828509507	0.10819106877	0.000595959070708	0.000202061022429	0.0825795947902	0.114945919371	0.16580664591	0.100380279218	0.0895446195994	0.130502158698	0.128762541806	0.154442673204	0.12981436389	0.149642443226	0.129936487882	0.148760243531	0.129886854889	0.167897965346	0.170043861814	0.115595597213	0.135117879722	0.113821025009	0.14941915306	0.119990253411	0.124711708318	0.132366348943	0.0985792133133	0.170569541323	0.156064414656	0.173491160333	0.151670384377	0.000265254107578	0.133712660028	0.164561162749	0.164191818634	0.149242006764	0.159213595495	0.156372380625	0.120645250881	0.121456212408	0.120811296652	0.129602356406	0.132781386472	0.157164133663	0.157318479683	0.134038188436	0.16076048173	0.0152050309984	0.168269725937	0.160629420155	0.160974497335	0.152311823337	0.173249856708	0.133895336814	0.165782515119	0.00129378123555	0.157095868433	0.100610882475	0.163100214398	0.101378475492	0.173885981519	0.108140796267	0.0604326176714	0.156439464429	0.0929481322666	0.113933439444	0.151393814187	0.155331097751	0.128452087607	0.164087995782	0.173062257519	0.155054670128	0.172333124281	0.161312482772	0.158205950639	0.17756710366	0.153681611087	0.00927920138595	0.162097220787	0.160301748772	0.155386454169	0.159724737166	0.0179203848941	0.154686415257	0.162801062329	0.15852727947	0.151391937223	0.162072319926	7.37798291849e-05	0.112375620771	0.11274250226	0.166251075938	0.158192894023	0.158299279792	0.000229549543817	0.187066784065	0.147489706168	0.15671050434	0.158154246181	0.18680912625	0.167715822656	0.132771296386	0.157857664506	0.12725929788	0.0586411712149	0.156038246887	0.185569256088	0.168136729401	8.3556149733e-05	0.138105810285	0.156980828254	0.165245521623	0.148566876826	0.102881791483	0.131125992063	0.168304695325	0.11836880958	0.15520204149	0.119177015263	0.148673066468	0.1416482493	0.155374320241	0.12970610119	0.156074736634	0.157955768843	0.132330827068	0.138339632497	0.143987187727	0.167869207531	0.127304781169	0.155086076391	0.161333992095	0.159306857839	0.162429378473	0.168458154501	0.18322663216	0.162364826569	0.152985413313	0.149199204127	0.125602725271	0.119801916544	0.12075343991	0.110199852232	0.158444406471	0.113197406879	0.129798643223	0.167906909904	0.129023293033	0.157943133978	0.131380767829	0.153996656788
682102541-stool3.snv.bam	0.11455405445	0.116966051423	0.16177986606	0.149729760427	0.162593918649	0.164258280931	0.162609028344	0.161833315045	0.160499904934	0.157838848913	0.162229791759	0.0	0.17728095738	0.162506338705	0.11762915796	0.0965144645169	0.101116523608	0.16057297839	0.162334039215	0.162434614646	0.16105161385	0.169322832671	0.162479228384	0.162457220624	0.172304693141	0.181623625841	0.143494665932	0.185106204565	0.165915328583	0.189010988066	0.187264940385	0.143395081166	0.174309379144	0.108741547878	0.17386058273	0.107966382503	0.174163849806	0.0935110984257	0.0888372101384	0.169925505968	0.11956526521	0.167902759336	0.108334983068	0.158409835408	0.172598292247	0.108814025078	0.170901665361	0.155847346457	0.108785011504	0.14820053881	0.0930625906918	0.161583015098	0.178339527913	0.147848211109	0.150542944215	0.128487819942	0.133971446885	0.14393777962	0.166823135812	0.164187856992	0.166876791926	0.174280015312	0.164865067902	0.121141166969	0.122641858943	0.181997708478	0.110342990069	0.167063943963	0.117782410014	0.145311962513	0.114188127727	0.0905168324899	0.146241653345	0.173335549047	0.160802697841	0.163098330779	0.123088642107	0.161150384614	0.129582221952	0.175040268169	0.150065045797	0.16591976608	0.172575094174	0.13403178815	0.172877377555	0.175796176434	0.110133125526	0.0936474762649	0.166285033118	0.111213611736	0.15364326634	0.135364668574	0.11317266662	0.11974821788	0.0725857329154	0.148892131469	0.116820326001	0.166096983554	0.151228748778	0.118804993299	0.129901565602	0.113319756283	0.166851598062	0.12043699325	0.193842722536	0.158731132531	0.115748520226	0.130552741165	0.162304085376	0.178104088157	0.178267035231	0.113699827671	0.125013351974	0.151397560568	0.161235059447	0.165149566705	0.156501336137	0.129160989633	0.116706735105	0.165032762057	0.163933720117	0.164903447602	0.146820975559	0.145056817626	0.161244133087	0.0983398802836	0.211706488853	0.143405445082	0.163849148431	0.0891448272755	0.148716000794	0.157946906953	0.112391530051	0.16595233449	0.106190055844	0.15036179732	0.168931077469	0.102442819981	0.171164883074	0.0933116938751	0.17164446606	0.12655732728	0.172786588782	0.0964458939017	0.114182454993	0.161342145047	0.171148487532	0.108013046341	0.136174310837	0.168924719814	0.114188558609	0.127977843809	0.108966851903	0.141135187333	0.149331149268	0.169699132594	0.166660332959	0.137408352985	0.0946490122523	0.174656487202	0.176868865102	0.171214488067	0.183635314381	0.11930288428	0.161699137291	0.178306730684	0.103384211001	0.17838978396	0.12399529915	0.17869534314	0.102245275448
706846339-stool2.snv.bam	0.17775695584	0.181961738005	0.122512634762	0.191525130469	0.124768971282	0.124407200913	0.123462179114	0.122937786485	0.123722253895	0.181874195251	0.122997261291	0.17728095738	0.0	0.123374088583	0.158309419184	0.170698030198	0.177788355922	0.124447610188	0.123206920011	0.123141529497	0.121744807008	0.130495701534	0.123325759646	0.12426693123	0.140166611533	0.139799642103	0.188904557136	0.143605745417	0.141922307456	0.143135581365	0.142286576542	0.16017143681	0.115547112388	0.161822226722	0.115538669682	0.161066622716	0.11556051272	0.190176732436	0.178346375204	0.0779121144791	0.15273144788	0.116293530023	0.155569335268	0.112466802323	0.0962495772478	0.159276598449	0.0836881377573	0.184268915484	0.173199555863	0.182315058966	0.172750954635	0.120877561711	0.126492300063	0.164317169831	0.173726359659	0.163618229818	0.177472951117	0.156476617997	0.0771161209986	0.0799232527048	0.0771158309854	0.118950556213	0.12696924889	0.178012903867	0.178303076481	0.126282144092	0.178788723715	0.125007502997	0.179826295368	0.166321103856	0.180935819077	0.170970233237	0.181902844532	0.151104727566	0.172969397374	0.123848834005	0.173997097238	0.114904849232	0.174156320399	0.119562834651	0.189778262174	0.121139312507	0.115228421927	0.177563334473	0.153825857632	0.126406121544	0.141158756663	0.174367695636	0.122750943242	0.184854259794	0.180165196429	0.154861071513	0.189219434917	0.190177528707	0.179113460129	0.186124952696	0.174370130334	0.124157717943	0.16916690878	0.17850639924	0.170678738822	0.178550758834	0.129604901641	0.160669106356	0.170977295463	0.181272806154	0.172243566242	0.191559065943	0.123071554908	0.122058484084	0.122923121564	0.176185358816	0.156911595021	0.166868206074	0.122659268417	0.195686391528	0.162491814542	0.163770008457	0.170891861437	0.189961634855	0.176270173559	0.145173658641	0.170685858448	0.123642534479	0.131775895426	0.167471414987	0.202840835848	0.186548901593	0.123563457992	0.164068899322	0.170051141111	0.181577906352	0.172171655928	0.126129182307	0.172493641616	0.1756847324	0.0684482095667	0.173725234002	0.0706360592571	0.167085419945	0.117801572474	0.165244779124	0.10788178152	0.178759503248	0.175408763996	0.118296123274	0.129862822773	0.156566532499	0.176422849367	0.151425278663	0.170909727299	0.174213957099	0.168413305071	0.172544345062	0.175468943558	0.181934325415	0.173478073395	0.168288648599	0.175123125652	0.150506960682	0.0768924387021	0.0723026508804	0.106878791056	0.179613676281	0.052416878607	0.107206111994	0.181572183334	0.145840912026	0.169338364825	0.132759679241	0.174157474487
763496533-stool1.snv.bam	0.163873343366	0.166374749161	0.00140979044567	0.171706447335	0.0190948504355	0.00137539554441	0.0012575614064	0.00132660796035	0.00132609620808	0.169348537575	0.000837004409811	0.162506338705	0.123374088583	0.0	0.114854713291	0.15824931092	0.162594904165	0.0210508609744	0.00119881018521	0.000960285183829	0.00122461803382	0.108827232842	0.00127102538935	0.00100253980888	0.0832778458123	0.115629545678	0.166066714658	0.100929043217	0.0901143504474	0.130951157353	0.129442442377	0.154681104317	0.130174790392	0.149927711137	0.130296914384	0.149082687233	0.130222365689	0.168339853862	0.170395226417	0.116127159544	0.135669753907	0.114427300454	0.149762928296	0.120610374428	0.125284545066	0.132864737631	0.0991338404195	0.170938837656	0.156526885105	0.173956691739	0.152104154619	0.00110691500924	0.134301496413	0.16494801544	0.164392599425	0.14960803034	0.159763402974	0.156757598727	0.121231560736	0.122052334145	0.121218048915	0.130133652065	0.133357829277	0.157376290816	0.157680383357	0.134504389541	0.160871123693	0.0157677906363	0.168448773294	0.160947394284	0.16115569508	0.152589733747	0.173555665233	0.134288584801	0.166129731696	0.00187009365605	0.157309513712	0.101196640077	0.163329457737	0.101860868973	0.174329392882	0.108814423529	0.0610447300162	0.156687578464	0.0934260019082	0.11423481602	0.151628792643	0.155703571569	0.12897717302	0.164314808075	0.173186730192	0.155333875337	0.172652955262	0.161536923025	0.158403721429	0.177808758417	0.153852810424	0.00974204157071	0.162423434246	0.160549287111	0.155531403196	0.159871995729	0.0185444459792	0.154708161652	0.163051754499	0.158801519541	0.1516385457	0.162544183211	0.000910784238996	0.11305713834	0.113350246468	0.166681600787	0.158653267064	0.158619912211	0.00104633479209	0.187320347688	0.148027162925	0.157178519554	0.158566149406	0.187088687434	0.168087127095	0.133295013191	0.158298292761	0.127787424297	0.0592491396989	0.156516199698	0.186076179828	0.168531913931	0.000922563869435	0.138570858995	0.157544820424	0.165566490171	0.149024446242	0.103453561042	0.131541112732	0.168590286014	0.118753728636	0.155470739419	0.11968589825	0.149032142815	0.141873010427	0.155563774907	0.130120478914	0.156267971213	0.158381235706	0.132897288586	0.138896780579	0.144500011074	0.168383014295	0.127946353756	0.155423253812	0.161684003372	0.159694463013	0.16270862842	0.168635123294	0.183435056141	0.162615955158	0.153183593894	0.149572162117	0.12578887895	0.120419297584	0.121209235591	0.110603214156	0.158803814904	0.113493797286	0.130287786937	0.168032524346	0.129489907782	0.158310681171	0.131714205134	0.154313392356
