	158499257-stool1.snv.bam	158944319-stool1.snv.bam	159753524-stool1.snv.bam	159753524-stool2.snv.bam	675950834-stool1.snv.bam	763496533-stool1.snv.bam	763496533-stool2.snv.bam	763721271-stool1.snv.bam	763901136-stool1.snv.bam	763901136-stool2.snv.bam	763961826-stool2.snv.bam	764083206-stool1.snv.bam	765074482-stool2.snv.bam	765074482-stool3.snv.bam	765640925-stool2.snv.bam	BYQ_AAAD.snv.bam	BYQ_AAAH.snv.bam	BYQ_AAAO.snv.bam	BYQ_AAAS.snv.bam	BYQ_AAAX.snv.bam	CCIS28384594ST-4-0.snv.bam	CCIS47745468ST-4-0.snv.bam	CCIS70398272ST-4-0.snv.bam	CCIS77252613ST-4-0.snv.bam	CCIS83870198ST-4-0.snv.bam	CCIS87290971ST-4-0.snv.bam	CCIS94603952ST-4-0.snv.bam	CCIS98832363ST-4-0.snv.bam	CCMD34381688ST-21-0.snv.bam	M2.1-V2.metaT.snv.bam	M4.6-V2.metaT.snv.bam	MH0416.snv.bam	MH0442.snv.bam	MMRS38954404ST-27-0-0.snv.bam	MMRS44587603ST-27-0-0.snv.bam	MMRS51410669ST-27-0-0.snv.bam	MMRS51737257ST-27-0-0.snv.bam	MMRS62666492ST-27-0-0.snv.bam	MMRS64281551ST-27-0-0.snv.bam	MMRS66868025ST-27-0-0.snv.bam	MMRS90191266ST-27-0-0.snv.bam	MMRS92546335ST-27-0-0.snv.bam	MMRS93508324ST-27-0-0.snv.bam	MMRS95479054ST-27-0-0.snv.bam	O2.UC40-1.snv.bam	O2.UC50-2.snv.bam	O2.UC53-0.snv.bam	SAMEA3136654.snv.bam	SAMEA3136664.snv.bam	SAMEA3136670.snv.bam	SAMEA3136689.snv.bam	SAMEA3136746.snv.bam	SZEY-68A.snv.bam	V1.FI16.snv.bam	V1.FI31.snv.bam	V1.UC10-2.snv.bam	bugkiller-11-2-0.snv.bam	peacemaker-11-0-0.snv.bam	peacemaker-11-60-0.snv.bam	peacemaker-11-600-0.snv.bam	peacemaker-11-7-0.snv.bam	peacemaker-11-773-0.snv.bam
158499257-stool1.snv.bam	0.0	0.193049329382	0.177473348578	0.182375955571	0.191898316184	0.179946932421	0.179621863422	0.17570138661	0.164516419177	0.167276162816	0.138732406061	0.16964982879	0.173979525041	0.174994125671	0.17301706913	0.181991928302	0.186760340799	0.182756345545	0.186713726283	0.183369135834	0.173390145682	0.183456649582	0.166579134986	0.155239246813	0.189420953734	0.180812079192	0.173884233242	0.185576163481	0.165005128326	0.171426653682	0.155192357756	0.174861989153	0.171793741237	0.188995951438	0.181883829586	0.184497614822	0.166699480458	0.165963112466	0.179398968855	0.177311342684	0.17607356576	0.177440086015	0.187460561184	0.175527046204	0.159397786182	0.171781111351	0.169945281464	0.181807312897	0.184217969347	0.175997949266	0.169055408425	0.177558403432	0.169625857712	0.153026159036	0.178755132396	0.155107138209	0.205314770682	0.181737232489	0.181951099632	0.180708447251	0.179444212385	0.175191944709
158944319-stool1.snv.bam	0.193049329382	0.0	0.085585101449	0.0716571726484	0.152025042042	0.136600391375	0.134262502261	0.142383682494	0.171722737305	0.178137181703	0.121041362559	0.128956001186	0.149128119714	0.139617085379	0.0905955812171	0.0901456293308	0.160238532504	0.0895045574695	0.159275747775	0.0896391110391	0.123269833702	0.0919069256353	0.113913020393	0.151059263541	0.113035026818	0.116947417847	0.143665363078	0.0871440361859	0.12509679874	0.0722176923438	0.148579022463	0.0832062484626	0.133075292584	0.147141209299	0.149739847436	0.160042633772	0.163107827545	0.11883952913	0.152753779012	0.18245287552	0.154190545675	0.140527430877	0.139227562207	0.104749263518	0.108746002834	0.113634514949	0.129400918815	0.154256876927	0.153523943277	0.10508812375	0.123618821091	0.0835332753376	0.15348622301	0.102135465805	0.106258145518	0.143064173917	0.15313481847	0.154639425293	0.154722723787	0.159648910728	0.154603755764	0.158043277367
159753524-stool1.snv.bam	0.177473348578	0.085585101449	0.0	0.0243971894064	0.124938232604	0.0804055330537	0.0788275689177	0.140394849755	0.153284791395	0.156488972047	0.113733137121	0.108932229677	0.109753192468	0.106063689283	0.0914913200677	0.101035574297	0.137300881605	0.100620317241	0.139552220424	0.0981450222371	0.0957620022719	0.102504974487	0.103442790938	0.130192792498	0.129908638209	0.108336861637	0.13200955068	0.0964416357762	0.104137701316	0.0783849446584	0.119534011565	0.0976271441628	0.0996562460258	0.132402662734	0.111353797584	0.130917077758	0.137934047179	0.0970520286311	0.125007474531	0.162535200966	0.107170434415	0.1317848312	0.114583561577	0.107362355699	0.117321830983	0.0816538781005	0.0740466908709	0.12108990105	0.132844953964	0.0962243132403	0.106400524705	0.082226208965	0.119517606445	0.0988944973844	0.0990959427571	0.117627439419	0.160727889192	0.130245469806	0.132949217637	0.133135807338	0.131650311722	0.128989071914
159753524-stool2.snv.bam	0.182375955571	0.0716571726484	0.0243971894064	0.0	0.119646153026	0.099592061592	0.0977816910033	0.134926005374	0.152749243602	0.157973801258	0.109581547682	0.108926938455	0.115356165233	0.108829600568	0.0850205061862	0.0958828571013	0.136982985083	0.0954525678087	0.13936841771	0.093467973756	0.0967481822584	0.0929090756157	0.0989777139733	0.129416435853	0.122971858087	0.106778947732	0.13295299927	0.0917091979976	0.097746959123	0.0632917654425	0.119764052921	0.0897041544475	0.106964852885	0.133972926393	0.117616749969	0.131396644552	0.136136585348	0.0939893190939	0.129191586802	0.167225505633	0.114454572828	0.129606101755	0.118775596048	0.10170571795	0.109127839922	0.0813151356884	0.0909874583498	0.125778254349	0.128964243567	0.0943211146217	0.108381485552	0.0774704052801	0.12571385625	0.0958624809309	0.0940427922048	0.119881526559	0.153908578614	0.13075631995	0.132462261487	0.132878038259	0.131776379414	0.129744111092
675950834-stool1.snv.bam	0.191898316184	0.152025042042	0.124938232604	0.119646153026	0.0	0.152529812564	0.15246055366	0.15686487268	0.132210779087	0.133848166541	0.154903927105	0.117198254739	0.131429600106	0.129396545403	0.134052554527	0.138862278646	0.14012866995	0.138955069995	0.140059232325	0.137653949864	0.132537771608	0.135414583773	0.140221463919	0.158910842082	0.153954848093	0.117713353714	0.148027858906	0.136363802732	0.133056386363	0.114542010782	0.135410195682	0.136511593686	0.127780867573	0.11292154867	0.13440518918	0.13103697697	0.126181290864	0.128791458802	0.153654608321	0.158136091878	0.137798032025	0.128100376845	0.134502541136	0.132767782086	0.140068753015	0.139386924339	0.141236642712	0.132249602978	0.127084842877	0.140145150195	0.12090110254	0.131876602298	0.13462377052	0.140606673669	0.135348600705	0.135121246802	0.135179419163	0.129612662576	0.132196153194	0.129915327802	0.13118672779	0.124058517623
763496533-stool1.snv.bam	0.179946932421	0.136600391375	0.0804055330537	0.099592061592	0.152529812564	0.0	0.00279407148491	0.165508569976	0.165853556644	0.170204560988	0.14779305805	0.129017413759	0.138112075702	0.144652158021	0.123496609856	0.122090306238	0.154925100226	0.121915343226	0.156974427816	0.118984649169	0.121179057447	0.128716199752	0.132998648075	0.165209592822	0.138955742791	0.136038780276	0.139099694769	0.120925051721	0.144202069589	0.120041423486	0.135674260024	0.133485099836	0.12022143827	0.156988131546	0.130322271641	0.15925122935	0.163208528233	0.131414202838	0.146051965915	0.18431934582	0.127700696001	0.15012545025	0.127502279689	0.123520613824	0.14207094914	0.0973913771484	0.0567770675103	0.137919277729	0.151757397776	0.105727533616	0.131293869972	0.105804530959	0.135106837962	0.125590590898	0.136039350512	0.12969777628	0.173656952172	0.152888818785	0.154030412986	0.157920115737	0.154606316618	0.152364666697
763496533-stool2.snv.bam	0.179621863422	0.134262502261	0.0788275689177	0.0977816910033	0.15246055366	0.00279407148491	0.0	0.163850680143	0.163173879805	0.167529771747	0.145480837378	0.127997638471	0.137374542992	0.143709687454	0.12264322302	0.119684545543	0.156545984264	0.119813834763	0.158391753816	0.116686090669	0.120698833584	0.126184932439	0.131923759467	0.162771687757	0.136590761963	0.135432475804	0.138044244781	0.118513753321	0.142138572651	0.117220742574	0.13402104598	0.132454620434	0.119214081218	0.155896907747	0.128880170515	0.160281606787	0.162527344486	0.130361752149	0.143450388	0.182422898813	0.126571124934	0.149790843135	0.128221603599	0.121686249012	0.139332780249	0.0966901850633	0.0582596194312	0.137457452206	0.151134034656	0.106010050231	0.128802070142	0.104805941179	0.134019191306	0.123186069169	0.133407113837	0.128298086293	0.173276323752	0.1538416334	0.155354486759	0.158971586686	0.155540030121	0.153470468926
763721271-stool1.snv.bam	0.17570138661	0.142383682494	0.140394849755	0.134926005374	0.15686487268	0.165508569976	0.163850680143	0.0	0.150023823494	0.154626838258	0.141168166486	0.13280204806	0.144326579416	0.144078916021	0.12062602022	0.126442681652	0.138293229211	0.126640307154	0.136062184583	0.126808611247	0.137881612842	0.119091300913	0.133974250895	0.147819956207	0.141898886999	0.135664967304	0.156749504894	0.123797342062	0.123031968567	0.1199619515	0.156650973851	0.139025956821	0.156918385985	0.145322762049	0.150730406619	0.151331572194	0.167764124036	0.113494125511	0.157139700344	0.187594495058	0.144155058261	0.140716377656	0.153000223793	0.12909876213	0.143814017746	0.132711101804	0.143222673357	0.13851994236	0.144292640932	0.129249370512	0.126767808249	0.102203376585	0.151136850626	0.126057062867	0.154096042067	0.153129170842	0.172967575415	0.137416874822	0.134899947274	0.14319343816	0.135149403107	0.142717794712
763901136-stool1.snv.bam	0.164516419177	0.171722737305	0.153284791395	0.152749243602	0.132210779087	0.165853556644	0.163173879805	0.150023823494	0.0	0.0143904485159	0.141864063823	0.119322216179	0.118419885904	0.125296929816	0.126264358133	0.161156260663	0.138065386583	0.161714787562	0.136608141064	0.160661053586	0.144652899104	0.144418649666	0.13501884329	0.135435897376	0.172779808896	0.140262558164	0.14166662045	0.159847780858	0.138040289759	0.136514232422	0.143577058018	0.140943036431	0.135959137892	0.147676351638	0.123947561159	0.131618475463	0.155237000175	0.122989521492	0.150829833625	0.166913528472	0.134532125757	0.119286015171	0.141092535747	0.147108700766	0.145132989438	0.135658693145	0.148449653242	0.12959076441	0.130947245739	0.153002127047	0.116653243647	0.139719342951	0.133987680947	0.140174537624	0.143278788024	0.12933031365	0.16487166159	0.129628094358	0.131178567529	0.137394893754	0.131883473293	0.130304766075
763901136-stool2.snv.bam	0.167276162816	0.178137181703	0.156488972047	0.157973801258	0.133848166541	0.170204560988	0.167529771747	0.154626838258	0.0143904485159	0.0	0.148907337443	0.127471841871	0.122936692742	0.131386421496	0.135918669094	0.166902234681	0.142689062921	0.167508456152	0.141067563797	0.166314308431	0.148547654247	0.152761134211	0.138562775102	0.14013348563	0.18109701144	0.146608395795	0.148294253369	0.165054186472	0.144799891739	0.144705643141	0.150260274438	0.152885975186	0.141643203498	0.151786927344	0.13230882967	0.140542393945	0.159488584708	0.127138253025	0.157569596014	0.170151908219	0.142584928726	0.129490318265	0.146387126829	0.153751578089	0.154432975969	0.139847735453	0.153085303224	0.138619651201	0.137339910319	0.157281041105	0.121996322891	0.144867717291	0.136831028477	0.14895606879	0.149100063748	0.136379310809	0.167380340472	0.13425377224	0.136157648201	0.14221562189	0.136866091351	0.134803076078
763961826-stool2.snv.bam	0.138732406061	0.121041362559	0.113733137121	0.109581547682	0.154903927105	0.14779305805	0.145480837378	0.141168166486	0.141864063823	0.148907337443	0.0	0.123726049533	0.13154043891	0.125069353686	0.0855975196002	0.11922571635	0.159504067834	0.119568487325	0.157231858268	0.119207793949	0.119162053315	0.0960013518532	0.117893677003	0.111408418435	0.126812958062	0.128073542287	0.135607886173	0.118549054568	0.10265116046	0.109114683309	0.126369007957	0.105465505227	0.129510247129	0.1522570109	0.132294153388	0.144702387431	0.137952959487	0.119938047923	0.137784173987	0.152167935824	0.131621758291	0.132601928991	0.144482445787	0.110202218295	0.110759909964	0.113315360819	0.129538968598	0.139042112463	0.145014864639	0.116535442931	0.113115667944	0.0950309154617	0.132860253362	0.103044972692	0.131123418228	0.115514031212	0.168778508521	0.151468406667	0.152992851905	0.151539593665	0.151708027189	0.148745122244
764083206-stool1.snv.bam	0.16964982879	0.128956001186	0.108932229677	0.108926938455	0.117198254739	0.129017413759	0.127997638471	0.13280204806	0.119322216179	0.127471841871	0.123726049533	0.0	0.101639265665	0.104231700568	0.0944213414979	0.115484445168	0.114568994035	0.115945621942	0.116386000868	0.114547558448	0.100329190644	0.113681779825	0.104914102408	0.134691467565	0.13392662288	0.0912558105693	0.124770239727	0.116546275472	0.109707732003	0.10871764899	0.12423718502	0.0969619238019	0.107684923735	0.129159728633	0.0866243429036	0.0993482652756	0.136007922513	0.0985585227683	0.123618071201	0.165724227718	0.118206265068	0.0871688324312	0.111027427709	0.113868710099	0.124425962099	0.0931656723407	0.109009744595	0.0809205753345	0.113809878525	0.109692730864	0.112543847403	0.11222157872	0.126955954034	0.118338834581	0.112347577208	0.116408093502	0.137202643814	0.104900592097	0.108828426782	0.109034503931	0.107233852387	0.104419754603
765074482-stool2.snv.bam	0.173979525041	0.149128119714	0.109753192468	0.115356165233	0.131429600106	0.138112075702	0.137374542992	0.144326579416	0.118419885904	0.122936692742	0.13154043891	0.101639265665	0.0	0.0282845177237	0.11866384786	0.143151252558	0.134582096342	0.144082166107	0.134657827211	0.142082782384	0.12813175218	0.137095773478	0.123918108865	0.130995916603	0.164712544469	0.115727660386	0.130921526175	0.140258222099	0.119137470687	0.123178661161	0.130663549646	0.12178205283	0.113197826803	0.125557032917	0.122339444527	0.123279352066	0.15172102677	0.0960562002086	0.132341707508	0.146202014946	0.121989397438	0.106565804291	0.125351207871	0.129180774053	0.13883989387	0.109663704251	0.124859684787	0.118051567768	0.128107234022	0.121696547067	0.114465059171	0.124674035513	0.130468913952	0.13127825122	0.126998202143	0.122348549877	0.147379538402	0.125536961157	0.128924502607	0.128967013916	0.12816204176	0.124874483349
765074482-stool3.snv.bam	0.174994125671	0.139617085379	0.106063689283	0.108829600568	0.129396545403	0.144652158021	0.143709687454	0.144078916021	0.125296929816	0.131386421496	0.125069353686	0.104231700568	0.0282845177237	0.0	0.118278983835	0.137824328733	0.135959347193	0.138764165579	0.136139223094	0.137113866449	0.126008053972	0.12754220042	0.12116889682	0.128055049994	0.161385974743	0.114015609508	0.130976935374	0.136725694122	0.111555885989	0.118874297939	0.122257218843	0.114403936661	0.108851682634	0.11769835284	0.124637904184	0.118480939815	0.152262636873	0.099785147962	0.130954118975	0.151320425898	0.116175325087	0.10882923508	0.118378628158	0.127389594378	0.128485915494	0.112357947145	0.126122087055	0.117646450605	0.131661371773	0.121217863104	0.110760722077	0.125260337521	0.130380455082	0.1231339872	0.124380808785	0.123104442592	0.155548921412	0.127537471246	0.129851580506	0.128502763532	0.12892603935	0.126929508126
765640925-stool2.snv.bam	0.17301706913	0.0905955812171	0.0914913200677	0.0850205061862	0.134052554527	0.123496609856	0.12264322302	0.12062602022	0.126264358133	0.135918669094	0.0855975196002	0.0944213414979	0.11866384786	0.118278983835	0.0	0.0827462376315	0.123762061127	0.0822967997997	0.118534139584	0.0824633580772	0.0936286103882	0.06664780297	0.082456443083	0.122110721288	0.100847658	0.0864586808859	0.12320248625	0.080093767198	0.0920296450818	0.0782704334693	0.122401085621	0.0812318987927	0.104566989084	0.129372271495	0.101965225503	0.123665168648	0.137247262285	0.0945878241719	0.127658956439	0.164160864467	0.122404802483	0.102222979964	0.11630272979	0.0845937320129	0.0995742463398	0.0754824361515	0.0997577392888	0.116866013668	0.123632165879	0.0867044193212	0.105393864042	0.0715192643034	0.120098901579	0.0972882430135	0.11126369574	0.109656596362	0.141621621837	0.11555745615	0.11760652129	0.122835915844	0.118228344571	0.119476206505
BYQ_AAAD.snv.bam	0.181991928302	0.0901456293308	0.101035574297	0.0958828571013	0.138862278646	0.122090306238	0.119684545543	0.126442681652	0.161156260663	0.166902234681	0.11922571635	0.115484445168	0.143151252558	0.137824328733	0.0827462376315	0.0	0.139633358114	0.0037396547452	0.137046802596	0.00338168158392	0.103203863094	0.0730685190607	0.0981802297534	0.132993084763	0.0408864640887	0.0650437481237	0.121972922157	0.00441692779509	0.113656126866	0.0790554380708	0.131219762004	0.109662754459	0.135219711554	0.138595891551	0.138033749841	0.144732335019	0.156185409855	0.12297297125	0.138264159157	0.176350525715	0.148683616593	0.137993675482	0.135649366529	0.0396701373002	0.109224560614	0.0992843219437	0.117903586166	0.134235962789	0.15498863484	0.0953164555643	0.104223967443	0.0838242301605	0.129213446611	0.101074350399	0.126726079692	0.130073611358	0.151622258993	0.137061045638	0.137527814365	0.14468007145	0.138300622534	0.142817376085
BYQ_AAAH.snv.bam	0.186760340799	0.160238532504	0.137300881605	0.136982985083	0.14012866995	0.154925100226	0.156545984264	0.138293229211	0.138065386583	0.142689062921	0.159504067834	0.114568994035	0.134582096342	0.135959347193	0.123762061127	0.139633358114	0.0	0.140107788019	0.0118542590459	0.139036771535	0.131102898963	0.136115157335	0.129406658944	0.148602872604	0.157855047599	0.13276488402	0.142732791674	0.139699691083	0.134463205983	0.124144201341	0.144849778427	0.145479655147	0.133065275266	0.151567227634	0.130376532754	0.133304843044	0.148247399533	0.109544826798	0.140397671831	0.181445105542	0.143216485225	0.13008419411	0.136378521386	0.134807892711	0.148054939169	0.120574339631	0.130092664899	0.127167413875	0.137592098866	0.123652545555	0.137101314921	0.124246558665	0.130412176469	0.14135828859	0.148524598554	0.132810141843	0.162770804826	0.0190778262085	0.0122961775323	0.0300100598222	0.0187345131886	0.0307928317516
BYQ_AAAO.snv.bam	0.182756345545	0.0895045574695	0.100620317241	0.0954525678087	0.138955069995	0.121915343226	0.119813834763	0.126640307154	0.161714787562	0.167508456152	0.119568487325	0.115945621942	0.144082166107	0.138764165579	0.0822967997997	0.0037396547452	0.140107788019	0.0	0.137749734124	0.00362879102326	0.103303280255	0.0731469025037	0.0978315036173	0.134540639699	0.0410956550086	0.065137128221	0.122592205813	0.00434271156947	0.114200129606	0.0789994876159	0.131548101509	0.1097678123	0.135104877837	0.139289898993	0.138342963098	0.144968921681	0.156644552805	0.123244150041	0.139024919331	0.17675126967	0.149288945504	0.138560531667	0.136021337991	0.0395620445462	0.110604651037	0.0988921027896	0.117842407408	0.134167590726	0.155035123946	0.0953255499047	0.104910553221	0.0848321656231	0.129818950496	0.102193720064	0.12693028708	0.130784898784	0.150749821956	0.137384200884	0.138329415558	0.145507926989	0.139020558456	0.14342086977
BYQ_AAAS.snv.bam	0.186713726283	0.159275747775	0.139552220424	0.13936841771	0.140059232325	0.156974427816	0.158391753816	0.136062184583	0.136608141064	0.141067563797	0.157231858268	0.116386000868	0.134657827211	0.136139223094	0.118534139584	0.137046802596	0.0118542590459	0.137749734124	0.0	0.136482130855	0.131321574052	0.132578542261	0.12625458915	0.145553134687	0.1535842301	0.129367419248	0.140247954094	0.137078226934	0.133239223093	0.124004197335	0.144852655336	0.144743932884	0.131421516762	0.152416079944	0.132216893609	0.134082592991	0.146227533211	0.110921129605	0.139676139678	0.180088753961	0.143084903595	0.128228593332	0.136930738578	0.133381022102	0.145636387411	0.120532125927	0.13214030764	0.127975663592	0.138946008644	0.124091535647	0.135616274404	0.124022412855	0.128505234896	0.14189878034	0.14909108637	0.129515629812	0.160482761104	0.0204850057693	0.0131068424487	0.0310584601349	0.0187779470079	0.0319667564788
BYQ_AAAX.snv.bam	0.183369135834	0.0896391110391	0.0981450222371	0.093467973756	0.137653949864	0.118984649169	0.116686090669	0.126808611247	0.160661053586	0.166314308431	0.119207793949	0.114547558448	0.142082782384	0.137113866449	0.0824633580772	0.00338168158392	0.139036771535	0.00362879102326	0.136482130855	0.0	0.102001614438	0.0732476144928	0.0977665825828	0.133306458053	0.0413690583464	0.0638860240723	0.121961601749	0.0041853349041	0.114419925833	0.0787311049942	0.132006885025	0.110235275526	0.134168958132	0.136890822498	0.13558166717	0.144264143248	0.155592366612	0.121910620125	0.137363511011	0.175407039305	0.147408881678	0.138162444705	0.134149347901	0.03938946759	0.109111095048	0.0958767076489	0.11492007599	0.134644229913	0.154029085232	0.0954744423031	0.103209871277	0.0847082211683	0.128083521528	0.101274001737	0.126400486406	0.129867824291	0.149951356052	0.136360003305	0.136998413146	0.144404343906	0.137994366657	0.142281749432
CCIS28384594ST-4-0.snv.bam	0.173390145682	0.123269833702	0.0957620022719	0.0967481822584	0.132537771608	0.121179057447	0.120698833584	0.137881612842	0.144652899104	0.148547654247	0.119162053315	0.100329190644	0.12813175218	0.126008053972	0.0936286103882	0.103203863094	0.131102898963	0.103303280255	0.131321574052	0.102001614438	0.0	0.0969777157985	0.0960122573524	0.124030064677	0.118837009698	0.107101489437	0.132867766692	0.102865101761	0.104657889677	0.108115014504	0.111054479673	0.104742547553	0.118362417313	0.131180806977	0.126822642045	0.120798260328	0.119004080245	0.0921117659709	0.125142098397	0.153398475652	0.125572239652	0.11491997341	0.124711001871	0.102385424779	0.120877383949	0.0903575685123	0.10114738282	0.110301182797	0.128856780294	0.0962167145928	0.110001995328	0.0869336403374	0.123766831934	0.116963833213	0.13316357887	0.11790783823	0.159092262874	0.119311741244	0.123845346997	0.122916758685	0.122205952283	0.119396360667
CCIS47745468ST-4-0.snv.bam	0.183456649582	0.0919069256353	0.102504974487	0.0929090756157	0.135414583773	0.128716199752	0.126184932439	0.119091300913	0.144418649666	0.152761134211	0.0960013518532	0.113681779825	0.137095773478	0.12754220042	0.06664780297	0.0730685190607	0.136115157335	0.0731469025037	0.132578542261	0.0732476144928	0.0969777157985	0.0	0.0942586631277	0.118655504739	0.0736272062556	0.0922020427397	0.125287704387	0.0691508532799	0.0996928959205	0.0820499227089	0.123271328142	0.0946993403931	0.129008148987	0.136016915673	0.1252266083	0.133031507976	0.145431124044	0.109134350042	0.136885412994	0.155617973539	0.132245039518	0.123679946936	0.135828297756	0.0776793286269	0.0946345411631	0.0866179574358	0.111571509418	0.131860339152	0.137693360443	0.0945848009096	0.0854328384207	0.0711120311057	0.12229535008	0.0953866861449	0.119640253629	0.118800061637	0.149511770715	0.127422944613	0.130610771621	0.133454488027	0.131584163262	0.134255040514
CCIS70398272ST-4-0.snv.bam	0.166579134986	0.113913020393	0.103442790938	0.0989777139733	0.140221463919	0.132998648075	0.131923759467	0.133974250895	0.13501884329	0.138562775102	0.117893677003	0.104914102408	0.123918108865	0.12116889682	0.082456443083	0.0981802297534	0.129406658944	0.0978315036173	0.12625458915	0.0977665825828	0.0960122573524	0.0942586631277	0.0	0.128464024296	0.101735394875	0.103032328965	0.127553664939	0.0970409460051	0.106328430096	0.0911729185681	0.11712621377	0.111397971338	0.115624836691	0.140812182108	0.130718690443	0.124661518447	0.137300659607	0.102804261455	0.131092049848	0.153815042589	0.129900076172	0.115606293975	0.13207273804	0.0948657870282	0.103197664414	0.0805294419098	0.103908491607	0.115996061162	0.137957591989	0.0880655694575	0.125262440458	0.0926477853256	0.127922807965	0.100342544008	0.138964298774	0.117844993449	0.151436613699	0.119595100726	0.121022601171	0.124731984216	0.121853068335	0.123867612577
CCIS77252613ST-4-0.snv.bam	0.155239246813	0.151059263541	0.130192792498	0.129416435853	0.158910842082	0.165209592822	0.162771687757	0.147819956207	0.135435897376	0.14013348563	0.111408418435	0.134691467565	0.130995916603	0.128055049994	0.122110721288	0.132993084763	0.148602872604	0.134540639699	0.145553134687	0.133306458053	0.124030064677	0.118655504739	0.128464024296	0.0	0.143138348247	0.136004465672	0.142704296592	0.132341339592	0.0998903113279	0.139243578243	0.122383447385	0.134985328886	0.143704139161	0.14173684244	0.145318561505	0.141213946821	0.139869262579	0.118933442372	0.132975088695	0.155516300459	0.130183036024	0.13509263445	0.137034966165	0.123967072552	0.124824886989	0.12590718333	0.142104555246	0.132754169231	0.143547954338	0.137015110992	0.0952591284311	0.117647921558	0.131141408026	0.125395300069	0.144267125087	0.117269127859	0.158271685192	0.137750511563	0.140826241275	0.141907642262	0.139365026363	0.139885617649
CCIS83870198ST-4-0.snv.bam	0.189420953734	0.113035026818	0.129908638209	0.122971858087	0.153954848093	0.138955742791	0.136590761963	0.141898886999	0.172779808896	0.18109701144	0.126812958062	0.13392662288	0.164712544469	0.161385974743	0.100847658	0.0408864640887	0.157855047599	0.0410956550086	0.1535842301	0.0413690583464	0.118837009698	0.0736272062556	0.101735394875	0.143138348247	0.0	0.0897533032525	0.133673647921	0.0402390054044	0.12856112807	0.104525512198	0.148474967622	0.130049400389	0.154860770028	0.158803232145	0.15081140642	0.161545728356	0.167914726502	0.139974273264	0.157868203396	0.162535565675	0.160023201258	0.155608735399	0.152074781904	0.0594665291256	0.116318521962	0.113818377695	0.127696629643	0.151620938568	0.168089068989	0.114943046744	0.12307628373	0.100486899007	0.142271873901	0.109093805791	0.153922390287	0.145817419549	0.162471349752	0.15321881537	0.154062569616	0.159466216239	0.154782919653	0.15763230348
CCIS87290971ST-4-0.snv.bam	0.180812079192	0.116947417847	0.108336861637	0.106778947732	0.117713353714	0.136038780276	0.135432475804	0.135664967304	0.140262558164	0.146608395795	0.128073542287	0.0912558105693	0.115727660386	0.114015609508	0.0864586808859	0.0650437481237	0.13276488402	0.065137128221	0.129367419248	0.0638860240723	0.107101489437	0.0922020427397	0.103032328965	0.136004465672	0.0897533032525	0.0	0.117609928937	0.0601821115039	0.109116800576	0.104283553903	0.122995509924	0.103243412675	0.114203565546	0.12615113769	0.109185702171	0.125277678127	0.142180019275	0.110191169878	0.124468893223	0.155778105366	0.134147659505	0.112800923591	0.116244025263	0.0712875766549	0.11552074478	0.0969109418644	0.120611407593	0.120438663203	0.126375372457	0.102940357523	0.105398723945	0.101767768317	0.125078654018	0.116036325977	0.118003294208	0.117583453735	0.124681616672	0.125075468852	0.127197981781	0.130250109946	0.125997533397	0.127709555673
CCIS94603952ST-4-0.snv.bam	0.173884233242	0.143665363078	0.13200955068	0.13295299927	0.148027858906	0.139099694769	0.138044244781	0.156749504894	0.14166662045	0.148294253369	0.135607886173	0.124770239727	0.130921526175	0.130976935374	0.12320248625	0.121972922157	0.142732791674	0.122592205813	0.140247954094	0.121961601749	0.132867766692	0.125287704387	0.127553664939	0.142704296592	0.133673647921	0.117609928937	0.0	0.121509334584	0.132401832591	0.128666085004	0.13069567357	0.119766907536	0.132231222784	0.150662807872	0.134383023786	0.14002608334	0.157008068522	0.12882827085	0.142437028474	0.161277418071	0.144862309999	0.133840990913	0.133221097122	0.119677460923	0.138588407907	0.124111256997	0.127792846078	0.126694822034	0.150080511682	0.135674224381	0.123447379471	0.131581289538	0.118585791046	0.123014672201	0.129102376099	0.0785540277321	0.167339384799	0.131049567645	0.13566889082	0.138070840413	0.134530589222	0.132440114324
CCIS98832363ST-4-0.snv.bam	0.185576163481	0.0871440361859	0.0964416357762	0.0917091979976	0.136363802732	0.120925051721	0.118513753321	0.123797342062	0.159847780858	0.165054186472	0.118549054568	0.116546275472	0.140258222099	0.136725694122	0.080093767198	0.00441692779509	0.139699691083	0.00434271156947	0.137078226934	0.0041853349041	0.102865101761	0.0691508532799	0.0970409460051	0.132341339592	0.0402390054044	0.0601821115039	0.121509334584	0.0	0.112714779766	0.0735748374315	0.132884313263	0.109486223273	0.13365663759	0.134593327574	0.132649226583	0.145444173808	0.154875199573	0.122173793409	0.137100710159	0.174789734234	0.147967342823	0.138928103615	0.134722938343	0.0363639085674	0.108978611245	0.0962356622667	0.116870218073	0.136530184618	0.154090590708	0.0952607566645	0.105089742662	0.0791594576652	0.126381025191	0.100227055438	0.12470108608	0.131768010852	0.151066166417	0.13681109332	0.137442621709	0.144992411589	0.13847390784	0.142748080072
CCMD34381688ST-21-0.snv.bam	0.165005128326	0.12509679874	0.104137701316	0.097746959123	0.133056386363	0.144202069589	0.142138572651	0.123031968567	0.138040289759	0.144799891739	0.10265116046	0.109707732003	0.119137470687	0.111555885989	0.0920296450818	0.113656126866	0.134463205983	0.114200129606	0.133239223093	0.114419925833	0.104657889677	0.0996928959205	0.106328430096	0.0998903113279	0.12856112807	0.109116800576	0.132401832591	0.112714779766	0.0	0.100816943874	0.106070441805	0.11031232509	0.120530245984	0.130867686363	0.129207288252	0.127212897111	0.130532264536	0.101851388623	0.122757525731	0.157474763264	0.103787386663	0.117046311798	0.119670194666	0.103597348673	0.102217926415	0.101690766052	0.118351467743	0.116922025608	0.129029140389	0.118962990916	0.103738852681	0.0954499806273	0.133728548043	0.102510088886	0.123357267165	0.110546813414	0.164173480654	0.124466102089	0.126150892005	0.126386800304	0.126294735627	0.123763173082
M2.1-V2.metaT.snv.bam	0.171426653682	0.0722176923438	0.0783849446584	0.0632917654425	0.114542010782	0.120041423486	0.117220742574	0.1199619515	0.136514232422	0.144705643141	0.109114683309	0.10871764899	0.123178661161	0.118874297939	0.0782704334693	0.0790554380708	0.124144201341	0.0789994876159	0.124004197335	0.0787311049942	0.108115014504	0.0820499227089	0.0911729185681	0.139243578243	0.104525512198	0.104283553903	0.128666085004	0.0735748374315	0.100816943874	0.0	0.12803446249	0.088835101143	0.12356041155	0.133561615963	0.12869081221	0.135318673928	0.131710756541	0.0992213141393	0.125191178993	0.16907051341	0.12746812409	0.118112992287	0.124971290821	0.0917799824716	0.102822240109	0.0967543134582	0.110707324118	0.126622470993	0.128685543275	0.0946915559773	0.104219977924	0.071372398753	0.117016240887	0.0952741738582	0.0842481518791	0.126902417236	0.140301353299	0.116799798433	0.117919364641	0.126359467648	0.11926946104	0.118534929202
M4.6-V2.metaT.snv.bam	0.155192357756	0.148579022463	0.119534011565	0.119764052921	0.135410195682	0.135674260024	0.13402104598	0.156650973851	0.143577058018	0.150260274438	0.126369007957	0.12423718502	0.130663549646	0.122257218843	0.122401085621	0.131219762004	0.144849778427	0.131548101509	0.144852655336	0.132006885025	0.111054479673	0.123271328142	0.11712621377	0.122383447385	0.148474967622	0.122995509924	0.13069567357	0.132884313263	0.106070441805	0.12803446249	0.0	0.122477437391	0.110057920056	0.136561343633	0.131567383679	0.138549462037	0.120705295502	0.116935899911	0.130701013732	0.154249485693	0.122839170558	0.119544650992	0.128442199545	0.120482155331	0.116287831224	0.117845833983	0.121651470534	0.126546005456	0.128238380829	0.129788659745	0.118134784239	0.129618846525	0.128836855766	0.117594804283	0.129722862284	0.107535339973	0.15359458178	0.136639406323	0.137581526708	0.137139925439	0.136762078306	0.134143098164
MH0416.snv.bam	0.174861989153	0.0832062484626	0.0976271441628	0.0897041544475	0.136511593686	0.133485099836	0.132454620434	0.139025956821	0.140943036431	0.152885975186	0.105465505227	0.0969619238019	0.12178205283	0.114403936661	0.0812318987927	0.109662754459	0.145479655147	0.1097678123	0.144743932884	0.110235275526	0.104742547553	0.0946993403931	0.111397971338	0.134985328886	0.130049400389	0.103243412675	0.119766907536	0.109486223273	0.11031232509	0.088835101143	0.122477437391	0.0	0.120048135783	0.136457932696	0.119264889496	0.11802029124	0.135771962132	0.104974325482	0.13453911	0.165567565255	0.128862540799	0.105779184828	0.12400038627	0.109294892174	0.10890442958	0.10532859628	0.119690839614	0.10762915833	0.125500580933	0.103102133263	0.104059679571	0.0912279362031	0.132051321601	0.10876514221	0.0934152862027	0.113365109398	0.152226105059	0.136121858711	0.139232057885	0.140708608548	0.138070752489	0.138006028483
MH0442.snv.bam	0.171793741237	0.133075292584	0.0996562460258	0.106964852885	0.127780867573	0.12022143827	0.119214081218	0.156918385985	0.135959137892	0.141643203498	0.129510247129	0.107684923735	0.113197826803	0.108851682634	0.104566989084	0.135219711554	0.133065275266	0.135104877837	0.131421516762	0.134168958132	0.118362417313	0.129008148987	0.115624836691	0.143704139161	0.154860770028	0.114203565546	0.132231222784	0.13365663759	0.120530245984	0.12356041155	0.110057920056	0.120048135783	0.0	0.141817139157	0.11025088108	0.140778838192	0.141757761421	0.11134578941	0.127330114425	0.158067973222	0.123605224821	0.119683450777	0.126345182589	0.122272159653	0.124156450294	0.104892371437	0.111977304273	0.124033395075	0.12972586129	0.114526126345	0.123909156926	0.118343324282	0.125916364127	0.116292497802	0.128147842802	0.121517840896	0.150117348553	0.120495386038	0.125839447584	0.127149384387	0.124842054759	0.121328783361
MMRS38954404ST-27-0-0.snv.bam	0.188995951438	0.147141209299	0.132402662734	0.133972926393	0.11292154867	0.156988131546	0.155896907747	0.145322762049	0.147676351638	0.151786927344	0.1522570109	0.129159728633	0.125557032917	0.11769835284	0.129372271495	0.138595891551	0.151567227634	0.139289898993	0.152416079944	0.136890822498	0.131180806977	0.136016915673	0.140812182108	0.14173684244	0.158803232145	0.12615113769	0.150662807872	0.134593327574	0.130867686363	0.133561615963	0.136561343633	0.136457932696	0.141817139157	0.0	0.137851915492	0.128860048275	0.155545262731	0.129481849295	0.138395255046	0.151095934352	0.120718109745	0.135029676852	0.126580247587	0.132309892495	0.141944902042	0.131680508377	0.135060442786	0.128760566629	0.137639649592	0.12758388771	0.114469031369	0.138351398841	0.132787488322	0.143026797131	0.14951357343	0.137612935741	0.14852079524	0.14253866948	0.14440746883	0.147156157207	0.143040810855	0.141023901762
MMRS44587603ST-27-0-0.snv.bam	0.181883829586	0.149739847436	0.111353797584	0.117616749969	0.13440518918	0.130322271641	0.128880170515	0.150730406619	0.123947561159	0.13230882967	0.132294153388	0.0866243429036	0.122339444527	0.124637904184	0.101965225503	0.138033749841	0.130376532754	0.138342963098	0.132216893609	0.13558166717	0.126822642045	0.1252266083	0.130718690443	0.145318561505	0.15081140642	0.109185702171	0.134383023786	0.132649226583	0.129207288252	0.12869081221	0.131567383679	0.119264889496	0.11025088108	0.137851915492	0.0	0.124761526507	0.147391055223	0.118653546141	0.130856036894	0.167919755732	0.129079834559	0.114680468693	0.116779713787	0.128035841179	0.134355343834	0.115481698348	0.117065124193	0.109535252806	0.133020154302	0.132788083445	0.121127803266	0.126929476788	0.132126621767	0.126387669781	0.129516325196	0.122919136436	0.156462936957	0.123221851181	0.125653273669	0.124901571959	0.125243706765	0.120904477531
MMRS51410669ST-27-0-0.snv.bam	0.184497614822	0.160042633772	0.130917077758	0.131396644552	0.13103697697	0.15925122935	0.160281606787	0.151331572194	0.131618475463	0.140542393945	0.144702387431	0.0993482652756	0.123279352066	0.118480939815	0.123665168648	0.144732335019	0.133304843044	0.144968921681	0.134082592991	0.144264143248	0.120798260328	0.133031507976	0.124661518447	0.141213946821	0.161545728356	0.125277678127	0.14002608334	0.145444173808	0.127212897111	0.135318673928	0.138549462037	0.11802029124	0.140778838192	0.128860048275	0.124761526507	0.0	0.135019420383	0.120371030858	0.144550492294	0.167305344392	0.13075470709	0.0953972516549	0.143550177993	0.139248370704	0.15113563345	0.125418418078	0.134096974373	0.0948087285057	0.130435015744	0.143215869123	0.135142664491	0.141592832303	0.138067288929	0.1483621901	0.134212598322	0.13002359607	0.15712169515	0.122292775921	0.12793141524	0.127452803106	0.128488500977	0.125503800739
MMRS51737257ST-27-0-0.snv.bam	0.166699480458	0.163107827545	0.137934047179	0.136136585348	0.126181290864	0.163208528233	0.162527344486	0.167764124036	0.155237000175	0.159488584708	0.137952959487	0.136007922513	0.15172102677	0.152262636873	0.137247262285	0.156185409855	0.148247399533	0.156644552805	0.146227533211	0.155592366612	0.119004080245	0.145431124044	0.137300659607	0.139869262579	0.167914726502	0.142180019275	0.157008068522	0.154875199573	0.130532264536	0.131710756541	0.120705295502	0.135771962132	0.141757761421	0.155545262731	0.147391055223	0.135019420383	0.0	0.132091185451	0.137857660042	0.145081589398	0.131573496332	0.130742227999	0.152465285959	0.146460251296	0.148003345913	0.138752654546	0.141682709119	0.140330322446	0.124028529291	0.150235934777	0.147790955708	0.14196902405	0.135598186434	0.147674015357	0.147179928544	0.132768001324	0.15059046092	0.139239425824	0.141126539849	0.137761906173	0.138358029452	0.135104835518
MMRS62666492ST-27-0-0.snv.bam	0.165963112466	0.11883952913	0.0970520286311	0.0939893190939	0.128791458802	0.131414202838	0.130361752149	0.113494125511	0.122989521492	0.127138253025	0.119938047923	0.0985585227683	0.0960562002086	0.099785147962	0.0945878241719	0.12297297125	0.109544826798	0.123244150041	0.110921129605	0.121910620125	0.0921117659709	0.109134350042	0.102804261455	0.118933442372	0.139974273264	0.110191169878	0.12882827085	0.122173793409	0.101851388623	0.0992213141393	0.116935899911	0.104974325482	0.11134578941	0.129481849295	0.118653546141	0.120371030858	0.132091185451	0.0	0.120600331365	0.164970690412	0.121393097275	0.113050431045	0.115050071256	0.114017196262	0.123429265606	0.0868160800298	0.103483057351	0.111728994432	0.119763391251	0.101854159359	0.0980406044105	0.0913377854781	0.130523540395	0.115378120191	0.113860999883	0.117962360909	0.149065236386	0.104596821118	0.105760855311	0.105706537847	0.105143447814	0.106137343154
MMRS64281551ST-27-0-0.snv.bam	0.179398968855	0.152753779012	0.125007474531	0.129191586802	0.153654608321	0.146051965915	0.143450388	0.157139700344	0.150829833625	0.157569596014	0.137784173987	0.123618071201	0.132341707508	0.130954118975	0.127658956439	0.138264159157	0.140397671831	0.139024919331	0.139676139678	0.137363511011	0.125142098397	0.136885412994	0.131092049848	0.132975088695	0.157868203396	0.124468893223	0.142437028474	0.137100710159	0.122757525731	0.125191178993	0.130701013732	0.13453911	0.127330114425	0.138395255046	0.130856036894	0.144550492294	0.137857660042	0.120600331365	0.0	0.156588695356	0.134446801839	0.131802192171	0.134805284097	0.126352888625	0.142640336313	0.133643449575	0.133093221201	0.120403879695	0.129438713028	0.132003218288	0.116665047967	0.116976325636	0.147205552006	0.134985509231	0.144472071046	0.131817094928	0.141990746615	0.132827304271	0.134918995135	0.131401889596	0.132862084044	0.127623742857
MMRS66868025ST-27-0-0.snv.bam	0.177311342684	0.18245287552	0.162535200966	0.167225505633	0.158136091878	0.18431934582	0.182422898813	0.187594495058	0.166913528472	0.170151908219	0.152167935824	0.165724227718	0.146202014946	0.151320425898	0.164160864467	0.176350525715	0.181445105542	0.17675126967	0.180088753961	0.175407039305	0.153398475652	0.155617973539	0.153815042589	0.155516300459	0.162535565675	0.155778105366	0.161277418071	0.174789734234	0.157474763264	0.16907051341	0.154249485693	0.165567565255	0.158067973222	0.151095934352	0.167919755732	0.167305344392	0.145081589398	0.164970690412	0.156588695356	0.0	0.155096191648	0.161870808562	0.157858974969	0.168495982736	0.156867023468	0.159686895805	0.164092248766	0.168576172114	0.148097064696	0.157417467348	0.151061463742	0.168413117431	0.154369330473	0.160259423862	0.178062819029	0.15489910905	0.148650259417	0.174423186138	0.174767739256	0.172833861086	0.172643278106	0.169105900059
