	763678604-stool1.snv.bam	763678604-stool2.snv.bam	763721271-stool1.snv.bam	765701615-stool1.snv.bam	823052294-stool1.snv.bam	BYQ_AAAA.snv.bam	BYQ_AAAL.snv.bam	BYQ_AAAU.snv.bam	CCIS00146684ST-4-0.snv.bam	CCIS07648107ST-4-0.snv.bam	CCIS09568613ST-4-0.snv.bam	CCIS22906510ST-20-0.snv.bam	CCIS22958137ST-20-0.snv.bam	CCIS35100175ST-4-0.snv.bam	CCIS40244499ST-3-0.snv.bam	CCIS48507077ST-4-0.snv.bam	CCIS71301801ST-4-0.snv.bam	CCIS74726977ST-3-0.snv.bam	CCIS76563044ST-4-0.snv.bam	CCIS81735969ST-20-0.snv.bam	CCIS90166425ST-4-0.snv.bam	CCMD88272491ST-21-0.snv.bam	M1.1-V1.metaG.snv.bam	M1.1-V2.metaG.snv.bam	M1.1-V2.metaT.snv.bam	M1.1-V3.metaG.snv.bam	M4.6-V2.metaT.snv.bam	MH0108.snv.bam	MH0192.snv.bam	MH0211.snv.bam	MH0220.snv.bam	MH0252.snv.bam	MH0257.snv.bam	MH0286.snv.bam	MH0288.snv.bam	MH0290.snv.bam	MH0299.snv.bam	MH0307.snv.bam	MH0311.snv.bam	MH0319.snv.bam	MH0321.snv.bam	MH0357.snv.bam	MH0365.snv.bam	MH0385.snv.bam	MH0392.snv.bam	MH0398.snv.bam	MH0400.snv.bam	MH0410.snv.bam	MH0413.snv.bam	MH0417.snv.bam	MH0427.snv.bam	MH0429.snv.bam	MH0433.snv.bam	MH0443.snv.bam	MH0457.snv.bam	MH0458.snv.bam	MMRS18295921ST-27-0-0.snv.bam	MMRS25211151ST-27-0-0.snv.bam	MMRS51737257ST-27-0-0.snv.bam	MMRS54246132ST-27-0-0.snv.bam	MMRS54316675ST-27-0-0.snv.bam	MMRS57276462ST-27-0-0.snv.bam	MMRS81135225ST-27-0-0.snv.bam	NOM020.snv.bam	O2.UC16-1.snv.bam	O2.UC17-1.snv.bam	O2.UC18-1.snv.bam	O2.UC38-1.snv.bam	O2.UC43-1.snv.bam	SAMEA3136630.snv.bam	SAMEA3136642.snv.bam	SAMEA3136699.snv.bam	SAMEA3136705.snv.bam	SAMEA3136709.snv.bam	SZEY-97A.snv.bam	T2D-108A.snv.bam	T2D-192A.snv.bam	T2D-52A.snv.bam	T2D-70A.snv.bam	V1.CD32-0.snv.bam	V1.CD32-4.snv.bam	V1.CD44-0.snv.bam	V1.CD44-4.snv.bam	V1.CD49-0.snv.bam	V1.CD50-0.snv.bam	V1.FI30.snv.bam	V1.UC32-0.snv.bam	V1.UC53-0.snv.bam	V1.UC53-4.snv.bam
763678604-stool1.snv.bam	0.0	0.0	0.167664670659	0.118562874251	0.165269461078	0.0323353293413	0.0323353293413	0.0311377245509	0.0299401197605	0.0311377245509	0.037125748503	0.0251497005988	0.0299401197605	0.0191616766467	0.0263473053892	0.0299401197605	0.0239520958084	0.162874251497	0.138922155689	0.0263473053892	0.0347305389222	0.0275449101796	0.0263473053892	0.0263473053892	0.0191616766467	0.0263473053892	0.177245508982	0.022754491018	0.0203592814371	0.0275449101796	0.0287425149701	0.0215568862275	0.037125748503	0.0251497005988	0.0359281437126	0.022754491018	0.0347305389222	0.0287425149701	0.0263473053892	0.136526946108	0.0299401197605	0.119760479042	0.0275449101796	0.0251497005988	0.0299401197605	0.0287425149701	0.138922155689	0.0239520958084	0.0263473053892	0.0239520958084	0.0299401197605	0.0335329341317	0.165269461078	0.0323353293413	0.0251497005988	0.0287425149701	0.158083832335	0.0191616766467	0.120958083832	0.152095808383	0.130538922156	0.148502994012	0.14371257485	0.0251497005988	0.160479041916	0.0335329341317	0.167664670659	0.179640718563	0.134131736527	0.0239520958084	0.0287425149701	0.037125748503	0.0335329341317	0.0203592814371	0.0263473053892	0.140119760479	0.173652694611	0.0263473053892	0.0407185628743	0.148502994012	0.126946107784	0.183233532934	0.177245508982	0.0311377245509	0.0323353293413	0.0251497005988	0.0251497005988	0.116167664671	0.126946107784
763678604-stool2.snv.bam	0.0	0.0	0.17005988024	0.119760479042	0.166467065868	0.0335329341317	0.0335329341317	0.0323353293413	0.0311377245509	0.0323353293413	0.037125748503	0.0263473053892	0.0311377245509	0.0203592814371	0.0275449101796	0.0299401197605	0.0251497005988	0.164071856287	0.140119760479	0.0287425149701	0.0359281437126	0.0287425149701	0.0263473053892	0.0263473053892	0.0191616766467	0.0263473053892	0.178443113772	0.022754491018	0.0215568862275	0.0275449101796	0.0299401197605	0.022754491018	0.0383233532934	0.0263473053892	0.037125748503	0.022754491018	0.0359281437126	0.0299401197605	0.0275449101796	0.137724550898	0.0311377245509	0.119760479042	0.0275449101796	0.0251497005988	0.0311377245509	0.0299401197605	0.140119760479	0.0251497005988	0.0263473053892	0.0251497005988	0.0323353293413	0.0335329341317	0.162874251497	0.0335329341317	0.0263473053892	0.0311377245509	0.159281437126	0.0203592814371	0.120958083832	0.153293413174	0.132934131737	0.149700598802	0.144910179641	0.0251497005988	0.164071856287	0.0347305389222	0.17005988024	0.182035928144	0.135329341317	0.0251497005988	0.0311377245509	0.0383233532934	0.0347305389222	0.0215568862275	0.0263473053892	0.141317365269	0.174850299401	0.0263473053892	0.0419161676647	0.148502994012	0.126946107784	0.185628742515	0.179640718563	0.0323353293413	0.0335329341317	0.0263473053892	0.0263473053892	0.118562874251	0.128143712575
763721271-stool1.snv.bam	0.167664670659	0.17005988024	0.0	0.122155688623	0.134131736527	0.189221556886	0.189221556886	0.186826347305	0.179640718563	0.176047904192	0.167664670659	0.178443113772	0.182035928144	0.179640718563	0.17005988024	0.177245508982	0.177245508982	0.166467065868	0.132934131737	0.180838323353	0.176047904192	0.177245508982	0.178443113772	0.178443113772	0.156886227545	0.178443113772	0.156886227545	0.182035928144	0.173652694611	0.178443113772	0.182035928144	0.176047904192	0.186826347305	0.182035928144	0.179640718563	0.166467065868	0.185628742515	0.183233532934	0.180838323353	0.149700598802	0.182035928144	0.11497005988	0.17125748503	0.177245508982	0.186826347305	0.182035928144	0.118562874251	0.178443113772	0.182035928144	0.178443113772	0.179640718563	0.184431137725	0.150898203593	0.184431137725	0.174850299401	0.185628742515	0.148502994012	0.177245508982	0.126946107784	0.129341317365	0.140119760479	0.146107784431	0.140119760479	0.180838323353	0.154491017964	0.188023952096	0.134131736527	0.152095808383	0.141317365269	0.168862275449	0.182035928144	0.185628742515	0.183233532934	0.166467065868	0.190419161677	0.141317365269	0.146107784431	0.178443113772	0.178443113772	0.130538922156	0.111377245509	0.17245508982	0.168862275449	0.183233532934	0.185628742515	0.177245508982	0.17245508982	0.124550898204	0.134131736527
765701615-stool1.snv.bam	0.118562874251	0.119760479042	0.122155688623	0.0	0.111377245509	0.134131736527	0.134131736527	0.132934131737	0.131736526946	0.129341317365	0.117365269461	0.129341317365	0.134131736527	0.128143712575	0.11497005988	0.124550898204	0.128143712575	0.107784431138	0.0982035928144	0.132934131737	0.130538922156	0.125748502994	0.128143712575	0.128143712575	0.11497005988	0.128143712575	0.125748502994	0.132934131737	0.125748502994	0.130538922156	0.129341317365	0.122155688623	0.14251497006	0.131736526946	0.129341317365	0.118562874251	0.130538922156	0.126946107784	0.129341317365	0.11497005988	0.134131736527	0.0766467065868	0.122155688623	0.120958083832	0.136526946108	0.130538922156	0.0778443113772	0.128143712575	0.134131736527	0.122155688623	0.128143712575	0.132934131737	0.110179640719	0.126946107784	0.126946107784	0.135329341317	0.11377245509	0.123353293413	0.0706586826347	0.0898203592814	0.0850299401198	0.0874251497006	0.102994011976	0.128143712575	0.108982035928	0.134131736527	0.0994011976048	0.108982035928	0.0814371257485	0.120958083832	0.132934131737	0.131736526946	0.131736526946	0.118562874251	0.140119760479	0.104191616766	0.122155688623	0.125748502994	0.129341317365	0.112574850299	0.0850299401198	0.106586826347	0.0982035928144	0.135329341317	0.136526946108	0.129341317365	0.125748502994	0.0646706586826	0.0730538922156
823052294-stool1.snv.bam	0.165269461078	0.166467065868	0.134131736527	0.111377245509	0.0	0.176047904192	0.176047904192	0.174850299401	0.174850299401	0.17005988024	0.162874251497	0.176047904192	0.176047904192	0.17125748503	0.165269461078	0.173652694611	0.176047904192	0.14251497006	0.136526946108	0.173652694611	0.177245508982	0.168862275449	0.17125748503	0.17125748503	0.152095808383	0.17125748503	0.161676646707	0.178443113772	0.167664670659	0.174850299401	0.183233532934	0.162874251497	0.182035928144	0.174850299401	0.173652694611	0.162874251497	0.17245508982	0.177245508982	0.173652694611	0.160479041916	0.182035928144	0.112574850299	0.166467065868	0.168862275449	0.174850299401	0.17245508982	0.0838323353293	0.173652694611	0.178443113772	0.168862275449	0.17245508982	0.179640718563	0.152095808383	0.174850299401	0.176047904192	0.179640718563	0.138922155689	0.162874251497	0.112574850299	0.118562874251	0.141317365269	0.134131736527	0.131736526946	0.17125748503	0.134131736527	0.178443113772	0.135329341317	0.146107784431	0.138922155689	0.164071856287	0.17245508982	0.177245508982	0.179640718563	0.161676646707	0.178443113772	0.149700598802	0.14371257485	0.176047904192	0.176047904192	0.122155688623	0.110179640719	0.156886227545	0.149700598802	0.178443113772	0.179640718563	0.17005988024	0.164071856287	0.122155688623	0.130538922156
BYQ_AAAA.snv.bam	0.0323353293413	0.0335329341317	0.189221556886	0.134131736527	0.176047904192	0.0	0.0	0.0	0.0407185628743	0.0395209580838	0.0443113772455	0.0251497005988	0.0479041916168	0.0239520958084	0.0431137724551	0.0335329341317	0.0347305389222	0.176047904192	0.152095808383	0.0263473053892	0.0431137724551	0.0287425149701	0.0383233532934	0.0383233532934	0.0287425149701	0.0383233532934	0.194011976048	0.0323353293413	0.0335329341317	0.0395209580838	0.0395209580838	0.0299401197605	0.0383233532934	0.0311377245509	0.0359281437126	0.0383233532934	0.0407185628743	0.0395209580838	0.0299401197605	0.148502994012	0.0383233532934	0.132934131737	0.0347305389222	0.0359281437126	0.0311377245509	0.037125748503	0.154491017964	0.0347305389222	0.0335329341317	0.0323353293413	0.0443113772455	0.0407185628743	0.178443113772	0.0335329341317	0.0335329341317	0.0383233532934	0.173652694611	0.0287425149701	0.131736526946	0.164071856287	0.14251497006	0.162874251497	0.154491017964	0.037125748503	0.178443113772	0.0419161676647	0.177245508982	0.197604790419	0.153293413174	0.0323353293413	0.0407185628743	0.0455089820359	0.0467065868263	0.0275449101796	0.0275449101796	0.150898203593	0.190419161677	0.0383233532934	0.051497005988	0.161676646707	0.14251497006	0.2	0.194011976048	0.037125748503	0.0359281437126	0.0359281437126	0.0323353293413	0.134131736527	0.144910179641
BYQ_AAAL.snv.bam	0.0323353293413	0.0335329341317	0.189221556886	0.134131736527	0.176047904192	0.0	0.0	0.0	0.0407185628743	0.0395209580838	0.0443113772455	0.0251497005988	0.0479041916168	0.0239520958084	0.0431137724551	0.0335329341317	0.0347305389222	0.176047904192	0.152095808383	0.0263473053892	0.0431137724551	0.0287425149701	0.0383233532934	0.0383233532934	0.0287425149701	0.0383233532934	0.194011976048	0.0323353293413	0.0335329341317	0.0395209580838	0.0395209580838	0.0299401197605	0.0383233532934	0.0311377245509	0.0359281437126	0.0383233532934	0.0407185628743	0.0395209580838	0.0299401197605	0.148502994012	0.0383233532934	0.132934131737	0.0347305389222	0.0359281437126	0.0311377245509	0.037125748503	0.154491017964	0.0347305389222	0.0335329341317	0.0323353293413	0.0443113772455	0.0407185628743	0.178443113772	0.0335329341317	0.0335329341317	0.0383233532934	0.173652694611	0.0287425149701	0.131736526946	0.164071856287	0.14251497006	0.162874251497	0.154491017964	0.037125748503	0.178443113772	0.0419161676647	0.177245508982	0.197604790419	0.153293413174	0.0323353293413	0.0407185628743	0.0455089820359	0.0467065868263	0.0275449101796	0.0275449101796	0.150898203593	0.190419161677	0.0383233532934	0.051497005988	0.161676646707	0.14251497006	0.2	0.194011976048	0.037125748503	0.0359281437126	0.0359281437126	0.0323353293413	0.134131736527	0.144910179641
BYQ_AAAU.snv.bam	0.0311377245509	0.0323353293413	0.186826347305	0.132934131737	0.174850299401	0.0	0.0	0.0	0.0407185628743	0.0383233532934	0.0443113772455	0.0251497005988	0.0479041916168	0.0239520958084	0.0431137724551	0.0335329341317	0.0347305389222	0.17245508982	0.147305389222	0.0263473053892	0.0431137724551	0.0287425149701	0.0383233532934	0.0383233532934	0.0287425149701	0.0383233532934	0.191616766467	0.0311377245509	0.0335329341317	0.0395209580838	0.0395209580838	0.0287425149701	0.0383233532934	0.0311377245509	0.0359281437126	0.0383233532934	0.0407185628743	0.0383233532934	0.0299401197605	0.146107784431	0.0383233532934	0.132934131737	0.0347305389222	0.0359281437126	0.0311377245509	0.037125748503	0.152095808383	0.0347305389222	0.0335329341317	0.0323353293413	0.0443113772455	0.0407185628743	0.174850299401	0.0335329341317	0.0335329341317	0.0383233532934	0.173652694611	0.0287425149701	0.129341317365	0.162874251497	0.141317365269	0.160479041916	0.153293413174	0.037125748503	0.174850299401	0.0407185628743	0.174850299401	0.196407185629	0.153293413174	0.0323353293413	0.0395209580838	0.0455089820359	0.0455089820359	0.0275449101796	0.0275449101796	0.149700598802	0.186826347305	0.0383233532934	0.051497005988	0.160479041916	0.141317365269	0.19880239521	0.192814371257	0.037125748503	0.0359281437126	0.0359281437126	0.0323353293413	0.134131736527	0.144910179641
CCIS00146684ST-4-0.snv.bam	0.0299401197605	0.0311377245509	0.179640718563	0.131736526946	0.174850299401	0.0407185628743	0.0407185628743	0.0407185628743	0.0	0.0431137724551	0.0407185628743	0.0287425149701	0.0347305389222	0.0251497005988	0.0299401197605	0.0407185628743	0.0275449101796	0.173652694611	0.150898203593	0.0335329341317	0.0275449101796	0.0359281437126	0.0359281437126	0.0359281437126	0.0275449101796	0.0359281437126	0.186826347305	0.0299401197605	0.0311377245509	0.0347305389222	0.0299401197605	0.037125748503	0.0359281437126	0.0359281437126	0.0323353293413	0.0275449101796	0.0455089820359	0.0299401197605	0.0263473053892	0.146107784431	0.0239520958084	0.134131736527	0.0347305389222	0.0395209580838	0.0239520958084	0.0395209580838	0.150898203593	0.0311377245509	0.0359281437126	0.0323353293413	0.0347305389222	0.0311377245509	0.176047904192	0.0455089820359	0.0263473053892	0.0359281437126	0.168862275449	0.0347305389222	0.122155688623	0.160479041916	0.136526946108	0.156886227545	0.150898203593	0.0395209580838	0.17245508982	0.0407185628743	0.178443113772	0.191616766467	0.146107784431	0.0263473053892	0.0407185628743	0.0467065868263	0.0299401197605	0.0191616766467	0.0407185628743	0.14251497006	0.183233532934	0.0287425149701	0.0467065868263	0.158083832335	0.140119760479	0.19880239521	0.191616766467	0.037125748503	0.0359281437126	0.0359281437126	0.0323353293413	0.128143712575	0.140119760479
CCIS07648107ST-4-0.snv.bam	0.0311377245509	0.0323353293413	0.176047904192	0.129341317365	0.17005988024	0.0395209580838	0.0395209580838	0.0383233532934	0.0431137724551	0.0	0.0491017964072	0.0275449101796	0.0323353293413	0.0323353293413	0.0347305389222	0.0419161676647	0.0359281437126	0.167664670659	0.146107784431	0.0299401197605	0.037125748503	0.0347305389222	0.0275449101796	0.0275449101796	0.0191616766467	0.0275449101796	0.183233532934	0.0431137724551	0.0251497005988	0.0287425149701	0.0407185628743	0.0215568862275	0.0395209580838	0.0299401197605	0.0347305389222	0.0323353293413	0.0323353293413	0.0383233532934	0.0263473053892	0.135329341317	0.0431137724551	0.130538922156	0.0311377245509	0.0323353293413	0.0347305389222	0.0311377245509	0.144910179641	0.0263473053892	0.037125748503	0.0239520958084	0.0287425149701	0.0467065868263	0.168862275449	0.0251497005988	0.0395209580838	0.0299401197605	0.161676646707	0.0263473053892	0.128143712575	0.153293413174	0.132934131737	0.147305389222	0.146107784431	0.0263473053892	0.167664670659	0.0335329341317	0.176047904192	0.189221556886	0.14251497006	0.037125748503	0.037125748503	0.0311377245509	0.0431137724551	0.0407185628743	0.0335329341317	0.152095808383	0.182035928144	0.0443113772455	0.0407185628743	0.146107784431	0.126946107784	0.194011976048	0.186826347305	0.0311377245509	0.0323353293413	0.0251497005988	0.0239520958084	0.123353293413	0.135329341317
CCIS09568613ST-4-0.snv.bam	0.037125748503	0.037125748503	0.167664670659	0.117365269461	0.162874251497	0.0443113772455	0.0443113772455	0.0443113772455	0.0407185628743	0.0491017964072	0.0	0.0335329341317	0.0479041916168	0.0311377245509	0.0467065868263	0.0479041916168	0.0395209580838	0.159281437126	0.14371257485	0.0407185628743	0.0395209580838	0.0383233532934	0.0431137724551	0.0431137724551	0.0299401197605	0.0431137724551	0.177245508982	0.0383233532934	0.0359281437126	0.0383233532934	0.0491017964072	0.0419161676647	0.0407185628743	0.0431137724551	0.0407185628743	0.0419161676647	0.0431137724551	0.0419161676647	0.0443113772455	0.138922155689	0.0431137724551	0.120958083832	0.0407185628743	0.0407185628743	0.0359281437126	0.0395209580838	0.135329341317	0.0407185628743	0.0323353293413	0.0419161676647	0.0431137724551	0.0455089820359	0.159281437126	0.0407185628743	0.0383233532934	0.0467065868263	0.164071856287	0.0395209580838	0.119760479042	0.155688622754	0.131736526946	0.148502994012	0.132934131737	0.0407185628743	0.162874251497	0.0455089820359	0.164071856287	0.173652694611	0.135329341317	0.0383233532934	0.0467065868263	0.051497005988	0.0491017964072	0.0395209580838	0.037125748503	0.14371257485	0.17245508982	0.0359281437126	0.051497005988	0.146107784431	0.123353293413	0.177245508982	0.173652694611	0.0443113772455	0.0431137724551	0.0455089820359	0.037125748503	0.118562874251	0.126946107784
CCIS22906510ST-20-0.snv.bam	0.0251497005988	0.0263473053892	0.178443113772	0.129341317365	0.176047904192	0.0251497005988	0.0251497005988	0.0251497005988	0.0287425149701	0.0275449101796	0.0335329341317	0.0	0.0359281437126	0.014371257485	0.0311377245509	0.0239520958084	0.022754491018	0.168862275449	0.153293413174	0.0167664670659	0.0275449101796	0.0203592814371	0.0287425149701	0.0287425149701	0.0179640718563	0.0287425149701	0.190419161677	0.0203592814371	0.0215568862275	0.022754491018	0.022754491018	0.0251497005988	0.0287425149701	0.0191616766467	0.0275449101796	0.0239520958084	0.0359281437126	0.022754491018	0.022754491018	0.138922155689	0.0215568862275	0.132934131737	0.0263473053892	0.0251497005988	0.0215568862275	0.022754491018	0.148502994012	0.0203592814371	0.0215568862275	0.0251497005988	0.0275449101796	0.0239520958084	0.176047904192	0.0311377245509	0.0191616766467	0.0239520958084	0.167664670659	0.0251497005988	0.128143712575	0.159281437126	0.136526946108	0.158083832335	0.153293413174	0.0203592814371	0.173652694611	0.0275449101796	0.174850299401	0.190419161677	0.146107784431	0.0191616766467	0.0263473053892	0.0287425149701	0.0323353293413	0.0263473053892	0.0251497005988	0.147305389222	0.185628742515	0.022754491018	0.0323353293413	0.154491017964	0.134131736527	0.2	0.192814371257	0.022754491018	0.0215568862275	0.0239520958084	0.0155688622754	0.126946107784	0.137724550898
CCIS22958137ST-20-0.snv.bam	0.0299401197605	0.0311377245509	0.182035928144	0.134131736527	0.176047904192	0.0479041916168	0.0479041916168	0.0479041916168	0.0347305389222	0.0323353293413	0.0479041916168	0.0359281437126	0.0	0.0299401197605	0.0323353293413	0.0467065868263	0.0347305389222	0.173652694611	0.153293413174	0.0359281437126	0.0431137724551	0.037125748503	0.0347305389222	0.0347305389222	0.0251497005988	0.0347305389222	0.188023952096	0.037125748503	0.0287425149701	0.0311377245509	0.0443113772455	0.0299401197605	0.0359281437126	0.0335329341317	0.0323353293413	0.0323353293413	0.0383233532934	0.0419161676647	0.0251497005988	0.141317365269	0.0419161676647	0.131736526946	0.037125748503	0.037125748503	0.0275449101796	0.0395209580838	0.146107784431	0.0275449101796	0.0359281437126	0.0347305389222	0.0299401197605	0.0431137724551	0.173652694611	0.0359281437126	0.0407185628743	0.0263473053892	0.166467065868	0.0287425149701	0.129341317365	0.17005988024	0.14371257485	0.156886227545	0.149700598802	0.0299401197605	0.17125748503	0.037125748503	0.185628742515	0.195209580838	0.148502994012	0.0347305389222	0.0359281437126	0.0407185628743	0.037125748503	0.0311377245509	0.0407185628743	0.150898203593	0.183233532934	0.0443113772455	0.0395209580838	0.158083832335	0.138922155689	0.192814371257	0.186826347305	0.0347305389222	0.0359281437126	0.0311377245509	0.0287425149701	0.129341317365	0.141317365269
CCIS35100175ST-4-0.snv.bam	0.0191616766467	0.0203592814371	0.179640718563	0.128143712575	0.17125748503	0.0239520958084	0.0239520958084	0.0239520958084	0.0251497005988	0.0323353293413	0.0311377245509	0.014371257485	0.0299401197605	0.0	0.0263473053892	0.0299401197605	0.0215568862275	0.17005988024	0.149700598802	0.0191616766467	0.0251497005988	0.0167664670659	0.0287425149701	0.0287425149701	0.0179640718563	0.0287425149701	0.189221556886	0.014371257485	0.0167664670659	0.0239520958084	0.0287425149701	0.0203592814371	0.0239520958084	0.0179640718563	0.0251497005988	0.0251497005988	0.0359281437126	0.0191616766467	0.0203592814371	0.137724550898	0.0251497005988	0.124550898204	0.0239520958084	0.0251497005988	0.0191616766467	0.022754491018	0.148502994012	0.0179640718563	0.0167664670659	0.0251497005988	0.0275449101796	0.0251497005988	0.17245508982	0.0287425149701	0.0203592814371	0.0239520958084	0.166467065868	0.0155688622754	0.126946107784	0.160479041916	0.136526946108	0.159281437126	0.150898203593	0.0203592814371	0.17245508982	0.0251497005988	0.176047904192	0.186826347305	0.14251497006	0.0155688622754	0.0239520958084	0.0311377245509	0.0287425149701	0.0215568862275	0.0203592814371	0.144910179641	0.184431137725	0.022754491018	0.0347305389222	0.153293413174	0.132934131737	0.196407185629	0.190419161677	0.022754491018	0.0215568862275	0.0239520958084	0.0155688622754	0.124550898204	0.134131736527
CCIS40244499ST-3-0.snv.bam	0.0263473053892	0.0275449101796	0.17005988024	0.11497005988	0.165269461078	0.0431137724551	0.0431137724551	0.0431137724551	0.0299401197605	0.0347305389222	0.0467065868263	0.0311377245509	0.0323353293413	0.0263473053892	0.0	0.0431137724551	0.0263473053892	0.158083832335	0.137724550898	0.0311377245509	0.0347305389222	0.0287425149701	0.0347305389222	0.0347305389222	0.0263473053892	0.0347305389222	0.177245508982	0.0335329341317	0.0239520958084	0.0275449101796	0.0299401197605	0.0263473053892	0.0431137724551	0.0275449101796	0.0335329341317	0.022754491018	0.0323353293413	0.0275449101796	0.0251497005988	0.130538922156	0.0359281437126	0.120958083832	0.0263473053892	0.0275449101796	0.0347305389222	0.0347305389222	0.131736526946	0.0251497005988	0.0335329341317	0.0263473053892	0.0275449101796	0.0347305389222	0.152095808383	0.037125748503	0.0311377245509	0.0263473053892	0.148502994012	0.0263473053892	0.11377245509	0.152095808383	0.122155688623	0.149700598802	0.140119760479	0.0215568862275	0.160479041916	0.0323353293413	0.165269461078	0.17245508982	0.128143712575	0.0275449101796	0.0275449101796	0.0419161676647	0.0275449101796	0.0323353293413	0.0395209580838	0.137724550898	0.17125748503	0.0311377245509	0.0383233532934	0.146107784431	0.126946107784	0.182035928144	0.174850299401	0.0335329341317	0.0347305389222	0.0299401197605	0.022754491018	0.11377245509	0.122155688623
CCIS48507077ST-4-0.snv.bam	0.0299401197605	0.0299401197605	0.177245508982	0.124550898204	0.173652694611	0.0335329341317	0.0335329341317	0.0335329341317	0.0407185628743	0.0419161676647	0.0479041916168	0.0239520958084	0.0467065868263	0.0299401197605	0.0431137724551	0.0	0.0323353293413	0.165269461078	0.147305389222	0.037125748503	0.0383233532934	0.0383233532934	0.0407185628743	0.0407185628743	0.0311377245509	0.0407185628743	0.180838323353	0.0287425149701	0.0395209580838	0.0347305389222	0.037125748503	0.0347305389222	0.0479041916168	0.037125748503	0.0443113772455	0.037125748503	0.0407185628743	0.0299401197605	0.037125748503	0.136526946108	0.0311377245509	0.130538922156	0.0323353293413	0.0383233532934	0.0431137724551	0.0407185628743	0.144910179641	0.0407185628743	0.0395209580838	0.0395209580838	0.0443113772455	0.0215568862275	0.17005988024	0.0407185628743	0.0287425149701	0.0443113772455	0.165269461078	0.0347305389222	0.125748502994	0.159281437126	0.140119760479	0.155688622754	0.150898203593	0.037125748503	0.168862275449	0.0479041916168	0.168862275449	0.182035928144	0.144910179641	0.0335329341317	0.0431137724551	0.0431137724551	0.037125748503	0.0299401197605	0.0335329341317	0.14371257485	0.178443113772	0.0299401197605	0.0455089820359	0.154491017964	0.134131736527	0.191616766467	0.184431137725	0.0431137724551	0.0419161676647	0.0419161676647	0.0311377245509	0.125748502994	0.135329341317
CCIS71301801ST-4-0.snv.bam	0.0239520958084	0.0251497005988	0.177245508982	0.128143712575	0.176047904192	0.0347305389222	0.0347305389222	0.0347305389222	0.0275449101796	0.0359281437126	0.0395209580838	0.022754491018	0.0347305389222	0.0215568862275	0.0263473053892	0.0323353293413	0.0	0.166467065868	0.149700598802	0.0299401197605	0.0263473053892	0.0299401197605	0.037125748503	0.037125748503	0.0287425149701	0.037125748503	0.185628742515	0.0215568862275	0.0251497005988	0.0287425149701	0.0263473053892	0.0335329341317	0.0323353293413	0.0275449101796	0.0335329341317	0.022754491018	0.0395209580838	0.0215568862275	0.0287425149701	0.144910179641	0.0263473053892	0.129341317365	0.0215568862275	0.0359281437126	0.022754491018	0.0287425149701	0.146107784431	0.0287425149701	0.0251497005988	0.0311377245509	0.0335329341317	0.0299401197605	0.17005988024	0.0347305389222	0.022754491018	0.0323353293413	0.164071856287	0.0263473053892	0.125748502994	0.159281437126	0.135329341317	0.159281437126	0.148502994012	0.0287425149701	0.168862275449	0.0383233532934	0.173652694611	0.188023952096	0.14251497006	0.022754491018	0.0347305389222	0.0383233532934	0.0311377245509	0.0203592814371	0.0299401197605	0.144910179641	0.182035928144	0.0275449101796	0.0383233532934	0.155688622754	0.134131736527	0.196407185629	0.189221556886	0.0287425149701	0.0275449101796	0.0275449101796	0.022754491018	0.123353293413	0.134131736527
CCIS74726977ST-3-0.snv.bam	0.162874251497	0.164071856287	0.166467065868	0.107784431138	0.14251497006	0.176047904192	0.176047904192	0.17245508982	0.173652694611	0.167664670659	0.159281437126	0.168862275449	0.173652694611	0.17005988024	0.158083832335	0.165269461078	0.166467065868	0.0	0.135329341317	0.17005988024	0.17125748503	0.160479041916	0.165269461078	0.165269461078	0.138922155689	0.165269461078	0.150898203593	0.174850299401	0.165269461078	0.167664670659	0.17125748503	0.160479041916	0.179640718563	0.17245508982	0.167664670659	0.155688622754	0.168862275449	0.17245508982	0.17245508982	0.158083832335	0.176047904192	0.112574850299	0.161676646707	0.158083832335	0.174850299401	0.168862275449	0.125748502994	0.167664670659	0.17245508982	0.165269461078	0.166467065868	0.174850299401	0.153293413174	0.17005988024	0.167664670659	0.173652694611	0.130538922156	0.166467065868	0.112574850299	0.126946107784	0.116167664671	0.141317365269	0.118562874251	0.167664670659	0.14371257485	0.17005988024	0.153293413174	0.156886227545	0.125748502994	0.165269461078	0.17125748503	0.168862275449	0.168862275449	0.158083832335	0.178443113772	0.119760479042	0.148502994012	0.168862275449	0.165269461078	0.126946107784	0.107784431138	0.14371257485	0.135329341317	0.17005988024	0.17245508982	0.164071856287	0.165269461078	0.108982035928	0.112574850299
CCIS76563044ST-4-0.snv.bam	0.138922155689	0.140119760479	0.132934131737	0.0982035928144	0.136526946108	0.152095808383	0.152095808383	0.147305389222	0.150898203593	0.146107784431	0.14371257485	0.153293413174	0.153293413174	0.149700598802	0.137724550898	0.147305389222	0.149700598802	0.135329341317	0.0	0.148502994012	0.148502994012	0.14251497006	0.147305389222	0.147305389222	0.128143712575	0.147305389222	0.141317365269	0.152095808383	0.147305389222	0.152095808383	0.150898203593	0.14251497006	0.159281437126	0.154491017964	0.156886227545	0.14371257485	0.150898203593	0.153293413174	0.148502994012	0.146107784431	0.155688622754	0.088622754491	0.137724550898	0.141317365269	0.154491017964	0.147305389222	0.111377245509	0.152095808383	0.153293413174	0.147305389222	0.150898203593	0.155688622754	0.129341317365	0.144910179641	0.149700598802	0.152095808383	0.138922155689	0.141317365269	0.105389221557	0.123353293413	0.117365269461	0.117365269461	0.110179640719	0.148502994012	0.118562874251	0.156886227545	0.123353293413	0.134131736527	0.104191616766	0.14371257485	0.158083832335	0.156886227545	0.153293413174	0.128143712575	0.153293413174	0.106586826347	0.125748502994	0.150898203593	0.152095808383	0.117365269461	0.0994011976048	0.123353293413	0.123353293413	0.156886227545	0.159281437126	0.148502994012	0.147305389222	0.0946107784431	0.0994011976048
CCIS81735969ST-20-0.snv.bam	0.0263473053892	0.0287425149701	0.180838323353	0.132934131737	0.173652694611	0.0263473053892	0.0263473053892	0.0263473053892	0.0335329341317	0.0299401197605	0.0407185628743	0.0167664670659	0.0359281437126	0.0191616766467	0.0311377245509	0.037125748503	0.0299401197605	0.17005988024	0.148502994012	0.0	0.0383233532934	0.0239520958084	0.0299401197605	0.0299401197605	0.022754491018	0.0299401197605	0.191616766467	0.0275449101796	0.0263473053892	0.0299401197605	0.0323353293413	0.0263473053892	0.0275449101796	0.0239520958084	0.0287425149701	0.0311377245509	0.0347305389222	0.0299401197605	0.0239520958084	0.144910179641	0.0299401197605	0.129341317365	0.0275449101796	0.0347305389222	0.0215568862275	0.0275449101796	0.147305389222	0.0239520958084	0.0263473053892	0.0299401197605	0.0263473053892	0.0359281437126	0.17005988024	0.0287425149701	0.0203592814371	0.0239520958084	0.165269461078	0.0287425149701	0.126946107784	0.155688622754	0.135329341317	0.155688622754	0.144910179641	0.0299401197605	0.173652694611	0.0299401197605	0.173652694611	0.190419161677	0.152095808383	0.022754491018	0.0287425149701	0.037125748503	0.0347305389222	0.0251497005988	0.0299401197605	0.146107784431	0.184431137725	0.0311377245509	0.0443113772455	0.154491017964	0.132934131737	0.194011976048	0.188023952096	0.0239520958084	0.0239520958084	0.022754491018	0.0215568862275	0.132934131737	0.144910179641
CCIS90166425ST-4-0.snv.bam	0.0347305389222	0.0359281437126	0.176047904192	0.130538922156	0.177245508982	0.0431137724551	0.0431137724551	0.0431137724551	0.0275449101796	0.037125748503	0.0395209580838	0.0275449101796	0.0431137724551	0.0251497005988	0.0347305389222	0.0383233532934	0.0263473053892	0.17125748503	0.148502994012	0.0383233532934	0.0	0.0407185628743	0.0467065868263	0.0467065868263	0.037125748503	0.0467065868263	0.188023952096	0.0299401197605	0.0347305389222	0.0359281437126	0.037125748503	0.0419161676647	0.0359281437126	0.0407185628743	0.0431137724551	0.0359281437126	0.0538922155689	0.0311377245509	0.0419161676647	0.14371257485	0.0335329341317	0.132934131737	0.0335329341317	0.0467065868263	0.0311377245509	0.0407185628743	0.150898203593	0.0395209580838	0.0359281437126	0.0431137724551	0.0455089820359	0.0359281437126	0.174850299401	0.0491017964072	0.0311377245509	0.0431137724551	0.165269461078	0.0395209580838	0.134131736527	0.158083832335	0.138922155689	0.150898203593	0.150898203593	0.0443113772455	0.17125748503	0.0467065868263	0.173652694611	0.192814371257	0.14371257485	0.0311377245509	0.0479041916168	0.0395209580838	0.0407185628743	0.0263473053892	0.0407185628743	0.14251497006	0.184431137725	0.0335329341317	0.0502994011976	0.154491017964	0.134131736527	0.197604790419	0.190419161677	0.0419161676647	0.0407185628743	0.0443113772455	0.0347305389222	0.124550898204	0.136526946108
CCMD88272491ST-21-0.snv.bam	0.0275449101796	0.0287425149701	0.177245508982	0.125748502994	0.168862275449	0.0287425149701	0.0287425149701	0.0287425149701	0.0359281437126	0.0347305389222	0.0383233532934	0.0203592814371	0.037125748503	0.0167664670659	0.0287425149701	0.0383233532934	0.0299401197605	0.160479041916	0.14251497006	0.0239520958084	0.0407185628743	0.0	0.0299401197605	0.0299401197605	0.0203592814371	0.0299401197605	0.184431137725	0.0299401197605	0.022754491018	0.0275449101796	0.0395209580838	0.0251497005988	0.0347305389222	0.0239520958084	0.0275449101796	0.0251497005988	0.0323353293413	0.0323353293413	0.0251497005988	0.137724550898	0.0311377245509	0.122155688623	0.0251497005988	0.0251497005988	0.0287425149701	0.0251497005988	0.140119760479	0.0251497005988	0.0287425149701	0.0275449101796	0.0263473053892	0.0359281437126	0.167664670659	0.0287425149701	0.022754491018	0.0287425149701	0.160479041916	0.0275449101796	0.119760479042	0.152095808383	0.129341317365	0.152095808383	0.146107784431	0.0251497005988	0.165269461078	0.0275449101796	0.167664670659	0.178443113772	0.137724550898	0.0263473053892	0.022754491018	0.0299401197605	0.0299401197605	0.0335329341317	0.0347305389222	0.146107784431	0.179640718563	0.0287425149701	0.037125748503	0.148502994012	0.126946107784	0.188023952096	0.182035928144	0.0287425149701	0.0275449101796	0.022754491018	0.0203592814371	0.119760479042	0.129341317365
M1.1-V1.metaG.snv.bam	0.0263473053892	0.0263473053892	0.178443113772	0.128143712575	0.17125748503	0.0383233532934	0.0383233532934	0.0383233532934	0.0359281437126	0.0275449101796	0.0431137724551	0.0287425149701	0.0347305389222	0.0287425149701	0.0347305389222	0.0407185628743	0.037125748503	0.165269461078	0.147305389222	0.0299401197605	0.0467065868263	0.0299401197605	0.0	0.0	0.0	0.0	0.183233532934	0.037125748503	0.0239520958084	0.0275449101796	0.0395209580838	0.0275449101796	0.0383233532934	0.0287425149701	0.037125748503	0.0311377245509	0.0311377245509	0.0395209580838	0.0299401197605	0.140119760479	0.0431137724551	0.131736526946	0.0347305389222	0.0263473053892	0.0323353293413	0.0347305389222	0.146107784431	0.0275449101796	0.0335329341317	0.0203592814371	0.0275449101796	0.0419161676647	0.17125748503	0.0287425149701	0.0335329341317	0.0335329341317	0.165269461078	0.0251497005988	0.125748502994	0.159281437126	0.134131736527	0.155688622754	0.149700598802	0.0275449101796	0.17125748503	0.0347305389222	0.177245508982	0.191616766467	0.146107784431	0.0323353293413	0.0311377245509	0.0395209580838	0.0359281437126	0.0335329341317	0.0347305389222	0.148502994012	0.183233532934	0.0383233532934	0.0443113772455	0.150898203593	0.134131736527	0.195209580838	0.188023952096	0.0299401197605	0.0323353293413	0.0215568862275	0.0275449101796	0.126946107784	0.138922155689
M1.1-V2.metaG.snv.bam	0.0263473053892	0.0263473053892	0.178443113772	0.128143712575	0.17125748503	0.0383233532934	0.0383233532934	0.0383233532934	0.0359281437126	0.0275449101796	0.0431137724551	0.0287425149701	0.0347305389222	0.0287425149701	0.0347305389222	0.0407185628743	0.037125748503	0.165269461078	0.147305389222	0.0299401197605	0.0467065868263	0.0299401197605	0.0	0.0	0.0	0.0	0.183233532934	0.037125748503	0.0239520958084	0.0275449101796	0.0395209580838	0.0275449101796	0.0383233532934	0.0287425149701	0.037125748503	0.0311377245509	0.0311377245509	0.0395209580838	0.0299401197605	0.140119760479	0.0431137724551	0.131736526946	0.0347305389222	0.0263473053892	0.0323353293413	0.0347305389222	0.146107784431	0.0275449101796	0.0335329341317	0.0203592814371	0.0275449101796	0.0419161676647	0.17125748503	0.0287425149701	0.0335329341317	0.0335329341317	0.165269461078	0.0251497005988	0.125748502994	0.159281437126	0.134131736527	0.155688622754	0.149700598802	0.0275449101796	0.17125748503	0.0347305389222	0.177245508982	0.191616766467	0.146107784431	0.0323353293413	0.0311377245509	0.0395209580838	0.0359281437126	0.0335329341317	0.0347305389222	0.148502994012	0.183233532934	0.0383233532934	0.0443113772455	0.150898203593	0.134131736527	0.195209580838	0.188023952096	0.0299401197605	0.0323353293413	0.0215568862275	0.0275449101796	0.126946107784	0.138922155689
M1.1-V2.metaT.snv.bam	0.0191616766467	0.0191616766467	0.156886227545	0.11497005988	0.152095808383	0.0287425149701	0.0287425149701	0.0287425149701	0.0275449101796	0.0191616766467	0.0299401197605	0.0179640718563	0.0251497005988	0.0179640718563	0.0263473053892	0.0311377245509	0.0287425149701	0.138922155689	0.128143712575	0.022754491018	0.037125748503	0.0203592814371	0.0	0.0	0.0	0.0	0.164071856287	0.0275449101796	0.014371257485	0.0191616766467	0.0275449101796	0.014371257485	0.0299401197605	0.0191616766467	0.0263473053892	0.0215568862275	0.0251497005988	0.0275449101796	0.022754491018	0.124550898204	0.0335329341317	0.11377245509	0.0239520958084	0.014371257485	0.0251497005988	0.0215568862275	0.128143712575	0.0167664670659	0.0239520958084	0.0131736526946	0.0191616766467	0.0323353293413	0.144910179641	0.0191616766467	0.0263473053892	0.0239520958084	0.14371257485	0.0155688622754	0.110179640719	0.140119760479	0.117365269461	0.138922155689	0.129341317365	0.0167664670659	0.147305389222	0.0203592814371	0.153293413174	0.168862275449	0.125748502994	0.022754491018	0.022754491018	0.0299401197605	0.0263473053892	0.0299401197605	0.0251497005988	0.129341317365	0.161676646707	0.0275449101796	0.0311377245509	0.129341317365	0.11377245509	0.17245508982	0.165269461078	0.0203592814371	0.022754491018	0.0131736526946	0.0179640718563	0.108982035928	0.118562874251
M1.1-V3.metaG.snv.bam	0.0263473053892	0.0263473053892	0.178443113772	0.128143712575	0.17125748503	0.0383233532934	0.0383233532934	0.0383233532934	0.0359281437126	0.0275449101796	0.0431137724551	0.0287425149701	0.0347305389222	0.0287425149701	0.0347305389222	0.0407185628743	0.037125748503	0.165269461078	0.147305389222	0.0299401197605	0.0467065868263	0.0299401197605	0.0	0.0	0.0	0.0	0.183233532934	0.037125748503	0.0239520958084	0.0275449101796	0.0395209580838	0.0275449101796	0.0383233532934	0.0287425149701	0.037125748503	0.0311377245509	0.0311377245509	0.0395209580838	0.0299401197605	0.140119760479	0.0431137724551	0.131736526946	0.0347305389222	0.0263473053892	0.0323353293413	0.0347305389222	0.146107784431	0.0275449101796	0.0335329341317	0.0203592814371	0.0275449101796	0.0419161676647	0.17125748503	0.0287425149701	0.0335329341317	0.0335329341317	0.165269461078	0.0251497005988	0.125748502994	0.159281437126	0.134131736527	0.155688622754	0.149700598802	0.0275449101796	0.17125748503	0.0347305389222	0.177245508982	0.191616766467	0.146107784431	0.0323353293413	0.0311377245509	0.0395209580838	0.0359281437126	0.0335329341317	0.0347305389222	0.148502994012	0.183233532934	0.0383233532934	0.0443113772455	0.150898203593	0.134131736527	0.195209580838	0.188023952096	0.0299401197605	0.0323353293413	0.0215568862275	0.0275449101796	0.126946107784	0.138922155689
M4.6-V2.metaT.snv.bam	0.177245508982	0.178443113772	0.156886227545	0.125748502994	0.161676646707	0.194011976048	0.194011976048	0.191616766467	0.186826347305	0.183233532934	0.177245508982	0.190419161677	0.188023952096	0.189221556886	0.177245508982	0.180838323353	0.185628742515	0.150898203593	0.141317365269	0.191616766467	0.188023952096	0.184431137725	0.183233532934	0.183233532934	0.164071856287	0.183233532934	0.0	0.189221556886	0.183233532934	0.189221556886	0.191616766467	0.178443113772	0.197604790419	0.186826347305	0.191616766467	0.173652694611	0.188023952096	0.191616766467	0.190419161677	0.164071856287	0.196407185629	0.123353293413	0.179640718563	0.179640718563	0.191616766467	0.191616766467	0.123353293413	0.190419161677	0.196407185629	0.179640718563	0.186826347305	0.195209580838	0.162874251497	0.191616766467	0.188023952096	0.192814371257	0.158083832335	0.180838323353	0.136526946108	0.141317365269	0.137724550898	0.147305389222	0.122155688623	0.189221556886	0.156886227545	0.195209580838	0.149700598802	0.149700598802	0.141317365269	0.182035928144	0.190419161677	0.189221556886	0.190419161677	0.174850299401	0.195209580838	0.140119760479	0.138922155689	0.186826347305	0.182035928144	0.14371257485	0.131736526946	0.153293413174	0.146107784431	0.191616766467	0.192814371257	0.183233532934	0.185628742515	0.129341317365	0.129341317365
