	147406386-tonguedorsum3.snv.bam	158155345-tonguedorsum2.snv.bam	158216035-tonguedorsum2.snv.bam	158256496-tonguedorsum2.snv.bam	158337416-tonguedorsum1.snv.bam	158337416-tonguedorsum2.snv.bam	158458797-tonguedorsum1.snv.bam	158458797-tonguedorsum2.snv.bam	158479027-tonguedorsum1.snv.bam	158883629-tonguedorsum1.snv.bam	158883629-tonguedorsum2.snv.bam	158883629-tonguedorsum3.snv.bam	158944319-tonguedorsum2.snv.bam	159005010-tonguedorsum2.snv.bam	159227541-tonguedorsum3.snv.bam	159247771-tonguedorsum2.snv.bam	159268001-tonguedorsum1.snv.bam	159268001-tonguedorsum2.snv.bam	159268001-tonguedorsum3.snv.bam	159470302-tonguedorsum1.snv.bam	159551223-tonguedorsum1.snv.bam	159551223-tonguedorsum2.snv.bam	159571453-tonguedorsum2.snv.bam	159733294-tonguedorsum1.snv.bam	159915365-tonguedorsum1.snv.bam	160178356-tonguedorsum2.snv.bam	160178356-tonguedorsum3.snv.bam	160259276-tonguedorsum1.snv.bam	160319967-tonguedorsum1.snv.bam	160319967-tonguedorsum2.snv.bam	160319967-tonguedorsum3.snv.bam	160380657-tonguedorsum1.snv.bam	160380657-tonguedorsum2.snv.bam	160400887-tonguedorsum1.snv.bam	160421117-tonguedorsum2.snv.bam	160421117-tonguedorsum3.snv.bam	160502038-tonguedorsum1.snv.bam	160502038-tonguedorsum2.snv.bam	160502038-tonguedorsum3.snv.bam	160582958-tonguedorsum1.snv.bam	160582958-tonguedorsum2.snv.bam	160582958-tonguedorsum3.snv.bam	160603188-tonguedorsum1.snv.bam	160603188-tonguedorsum2.snv.bam	160603188-tonguedorsum3.snv.bam	160704339-tonguedorsum1.snv.bam	160947100-tonguedorsum1.snv.bam	234447334-tonguedorsum2.snv.bam	246515023-tonguedorsum1.snv.bam	295137534-tonguedorsum2.snv.bam	338793263-tonguedorsum2.snv.bam	370027359-tonguedorsum3.snv.bam	508703490-tonguedorsum1.snv.bam	508703490-tonguedorsum2.snv.bam	550534656-tonguedorsum2.snv.bam	550534656-tonguedorsum3.snv.bam	604812005-tonguedorsum3.snv.bam	638754422-tonguedorsum1.snv.bam	638754422-tonguedorsum2.snv.bam	638754422-tonguedorsum3.snv.bam	663835652-tonguedorsum2.snv.bam	663835652-tonguedorsum3.snv.bam	675950834-tonguedorsum1.snv.bam	675950834-tonguedorsum2.snv.bam	675950834-tonguedorsum3.snv.bam	682102541-tonguedorsum3.snv.bam	686765762-tonguedorsum3.snv.bam	706846339-tonguedorsum1.snv.bam	737052003-tonguedorsum1.snv.bam	737052003-tonguedorsum2.snv.bam	763395383-tonguedorsum3.snv.bam	763536994-tonguedorsum2.snv.bam	763577454-tonguedorsum1.snv.bam	763577454-tonguedorsum2.snv.bam	763759525-tonguedorsum2.snv.bam	763820215-tonguedorsum1.snv.bam	763820215-tonguedorsum2.snv.bam	763901136-tonguedorsum1.snv.bam	763901136-tonguedorsum2.snv.bam	763901136-tonguedorsum3.snv.bam	763961826-tonguedorsum2.snv.bam	764083206-tonguedorsum1.snv.bam	764143897-tonguedorsum1.snv.bam	764285508-tonguedorsum2.snv.bam	764305738-tonguedorsum1.snv.bam	764305738-tonguedorsum2.snv.bam	764325968-tonguedorsum1.snv.bam	764325968-tonguedorsum2.snv.bam	764366428-throat2.snv.bam	764366428-tonguedorsum2.snv.bam	764366428-tonguedorsum3.snv.bam	764447348-tonguedorsum1.snv.bam	764467579-palatinetonsils3.snv.bam	764467579-tonguedorsum3.snv.bam	764487809-tonguedorsum2.snv.bam	764508039-tonguedorsum3.snv.bam	764588959-tonguedorsum2.snv.bam	764649650-tonguedorsum2.snv.bam	764811490-tonguedorsum1.snv.bam	764811490-tonguedorsum2.snv.bam	764872181-tonguedorsum1.snv.bam	764892411-tonguedorsum2.snv.bam	765013792-tonguedorsum1.snv.bam	765013792-tonguedorsum2.snv.bam	765013792-tonguedorsum3.snv.bam	765034022-tonguedorsum1.snv.bam	765074482-tonguedorsum1.snv.bam	765074482-tonguedorsum3.snv.bam	765094712-tonguedorsum1.snv.bam	765094712-tonguedorsum2.snv.bam	765135172-tonguedorsum1.snv.bam	765155402-tonguedorsum3.snv.bam	765195863-palatinetonsils3.snv.bam	765195863-tonguedorsum3.snv.bam	765216093-tonguedorsum3.snv.bam	765337473-tonguedorsum1.snv.bam	765337473-tonguedorsum2.snv.bam	765620695-tonguedorsum1.snv.bam	765640925-tonguedorsum1.snv.bam	765701615-tonguedorsum2.snv.bam	823052294-tonguedorsum1.snv.bam	823052294-tonguedorsum2.snv.bam	823052294-tonguedorsum3.snv.bam	857980665-tonguedorsum2.snv.bam	857980665-tonguedorsum3.snv.bam	861967750-tonguedorsum1.snv.bam	861967750-tonguedorsum2.snv.bam	863126187-tonguedorsum3.snv.bam	953045535-tonguedorsum2.snv.bam
147406386-tonguedorsum3.snv.bam	0.0	0.183171081269	0.140966685655	0.157946175276	0.138683448884	0.144745530028	0.145979866659	0.151030902063	0.146634488911	0.216156780498	0.201886708951	0.216160858165	0.154429907586	0.168374299924	0.168246728874	0.171945837224	0.1729797588	0.178320097308	0.174765427839	0.139368087383	0.175245368015	0.17492539182	0.135707302537	0.176537158302	0.130284276729	0.147360956848	0.161891102008	0.147347453944	0.15785975788	0.146253572028	0.149042256783	0.174727538009	0.164606571279	0.170669963778	0.161113563364	0.158807122078	0.168175326785	0.162046210655	0.166351859149	0.156920735431	0.159367467993	0.157469949518	0.166854156298	0.16546446845	0.175230516499	0.180483281203	0.139948093964	0.146827148402	0.0905233888874	0.170846828357	0.157852480749	0.163461772836	0.174270705397	0.178239864874	0.163847544732	0.161363381979	0.152693132573	0.175667422379	0.182425546819	0.167772109195	0.187177404046	0.192344415301	0.169176660606	0.156881275858	0.164685044658	0.147683535604	0.166184850334	0.168542279374	0.182002973344	0.147188024174	0.166427085718	0.139854069195	0.193308990417	0.198612719729	0.154991249083	0.164438168541	0.164175273795	0.159334809612	0.163691951128	0.157783479603	0.181422797269	0.144959592992	0.211712488127	0.157240148766	0.176383112115	0.160724088677	0.191970781484	0.159209413064	0.155679521559	0.161973908577	0.156014148912	0.170638920249	0.150917437493	0.158356597036	0.14946288263	0.137682356152	0.171981075762	0.189193766451	0.173871759255	0.169303832912	0.153358865345	0.152280923282	0.139617863805	0.162283572656	0.146324009851	0.209158901428	0.145733309286	0.136438997868	0.224107538144	0.221232126563	0.161467225583	0.140045534557	0.170745608471	0.170100693069	0.149097277001	0.153569574465	0.156819769549	0.15322155246	0.20794644614	0.160270044718	0.154777052445	0.170134850943	0.177965934783	0.197423474134	0.178520541779	0.171322638213	0.171723003838	0.155493700449	0.133078044644
158155345-tonguedorsum2.snv.bam	0.183171081269	0.0	0.161482699558	0.145383427349	0.150895950724	0.150257324351	0.15749808914	0.15749439933	0.153605712274	0.20448065675	0.188618531242	0.205575424299	0.16265910687	0.173359401287	0.153607508376	0.177983546438	0.181146739333	0.204022227918	0.202775312057	0.166839089991	0.159836891314	0.159684895847	0.139741019175	0.159882821305	0.176100369214	0.148586993077	0.156919871775	0.177054780956	0.149916798615	0.15111400719	0.149576093019	0.147933411327	0.142053883724	0.161262132524	0.146421671867	0.148823069584	0.149516464489	0.147428593327	0.148456586861	0.171163013744	0.178297841244	0.174625233606	0.137618183367	0.139732566174	0.140909159286	0.190939814742	0.166347282671	0.144517608109	0.164474111499	0.152955083606	0.147605827018	0.141101986859	0.161553357919	0.161434166852	0.166591208854	0.167520754997	0.145645882779	0.146550623727	0.163370619663	0.145767153534	0.158436844058	0.160931801643	0.154518994785	0.152094792602	0.14960278782	0.127688587334	0.155326624118	0.145820088004	0.181627489062	0.155544636306	0.161608085801	0.144068214923	0.198493364859	0.196061187393	0.159941885602	0.122249514627	0.138514875031	0.164848577173	0.173424763382	0.166215949465	0.186884809296	0.158664421934	0.237593614354	0.161816842936	0.171659061694	0.170074411062	0.183383911519	0.162772408514	0.150405548245	0.144361178102	0.137486972558	0.15380026159	0.151860777442	0.156215727405	0.150803145831	0.144021939851	0.169068540171	0.164671126504	0.167501312581	0.151840809204	0.157627190527	0.175498026679	0.149157353814	0.148650595375	0.142760868506	0.202542366774	0.171042815171	0.168493377091	0.204076686694	0.202393160181	0.169807721519	0.158508536425	0.164007075656	0.160915648411	0.153415235556	0.14176156447	0.151714929483	0.152453413665	0.206755909369	0.144895184074	0.154196091456	0.155720959636	0.16232822623	0.208905281547	0.195177799587	0.161383377059	0.161807141777	0.139353728106	0.143143865486
158216035-tonguedorsum2.snv.bam	0.140966685655	0.161482699558	0.0	0.139580511776	0.146717668872	0.146901734147	0.126107733696	0.123530092047	0.157601093466	0.194250813448	0.181100403601	0.194788784602	0.1690025742	0.14986452362	0.129864264608	0.163103100931	0.157190753185	0.155486571549	0.153911945599	0.136974739839	0.162105621977	0.16011690808	0.130989612587	0.14629132116	0.146711621944	0.14812560653	0.168111514856	0.153228589715	0.138669878756	0.135649469743	0.131172778098	0.165794381454	0.155929992066	0.14256324594	0.149484598468	0.152044377653	0.14374021039	0.14163555498	0.146435650713	0.151615484728	0.156167606986	0.154773135893	0.137258950268	0.144117173477	0.148539082644	0.172726656522	0.157359981024	0.127944266055	0.13500621397	0.141012678584	0.132190050395	0.129147510441	0.149731247317	0.154688932996	0.176088318134	0.1753530907	0.133001196977	0.154549004021	0.170052061192	0.157920222017	0.164313163225	0.171986143644	0.142854529561	0.1352928228	0.139889151985	0.129314839177	0.144698521842	0.142386654955	0.162216904784	0.147061772336	0.155591591303	0.127176849425	0.18196620799	0.186275234526	0.154667383682	0.143040248171	0.146899927392	0.136202725944	0.133966185821	0.124272334958	0.172992561326	0.146112119905	0.205855472101	0.155528067945	0.164209943622	0.145164451947	0.171377946452	0.154353521183	0.139091322738	0.132484215423	0.125140840946	0.159282925133	0.129261666017	0.140456948905	0.132176620252	0.132189627542	0.143616632502	0.158455264788	0.161562409377	0.160535439091	0.161391048173	0.14075360231	0.127796244779	0.144068944897	0.128538583403	0.179001985929	0.156455544413	0.125677125823	0.206738453441	0.206779411321	0.158462400912	0.136841287293	0.1723324503	0.171279721946	0.134617032191	0.11723501741	0.130444518523	0.137785282243	0.193516919794	0.149863995863	0.150353422013	0.160062686938	0.155107472058	0.17968280488	0.17100517783	0.146432913288	0.148478377452	0.154308996031	0.12941451279
158256496-tonguedorsum2.snv.bam	0.157946175276	0.145383427349	0.139580511776	0.0	0.137705935697	0.14372485941	0.131671322228	0.125240420879	0.151280859572	0.216219057244	0.19736073751	0.216470287676	0.146331838298	0.134500523472	0.123354309327	0.167479732203	0.159766862213	0.150501995685	0.150444619715	0.135848376345	0.140952153388	0.138146772568	0.139553028649	0.145752347402	0.146686627236	0.127401926316	0.152992546728	0.175771025906	0.14334887423	0.1457546923	0.134131808272	0.159249410701	0.145928311383	0.145356678649	0.141839984724	0.143151160993	0.154573918467	0.144630503808	0.152388033698	0.169284353867	0.174358591851	0.173135083488	0.145525795829	0.142992998617	0.148752784705	0.179201049032	0.164895690747	0.146228798359	0.121442148376	0.150094648631	0.129421477146	0.119218091786	0.158211387455	0.166463711841	0.156355897148	0.151462855946	0.12684818546	0.145072270196	0.161491848246	0.138447780407	0.146634804955	0.155835772749	0.116853263968	0.116126978045	0.117758660198	0.103628055606	0.138821994239	0.140821591479	0.170988170316	0.143772532934	0.145780881986	0.12514278268	0.155431356395	0.159303203699	0.159926824376	0.111250139235	0.115561134483	0.145879581213	0.151071482351	0.147233283726	0.191643567995	0.116232950645	0.211962876881	0.156423669594	0.157026738376	0.143635244766	0.143458165308	0.131936770522	0.104442206934	0.108894108932	0.104402286121	0.144354011848	0.120136779922	0.135889045322	0.150578650406	0.129908739224	0.143783087569	0.150752965223	0.149534523702	0.13466150842	0.152677610092	0.140105076453	0.134307024288	0.127130482938	0.131475614177	0.194083676308	0.149764620147	0.150416987931	0.197383519696	0.20058609438	0.142886696676	0.135634606278	0.170297344017	0.168276411429	0.132176493493	0.122950676068	0.134477409773	0.148240519364	0.191407483198	0.125865569866	0.121433046401	0.129588905452	0.13732455611	0.180975424807	0.16163082827	0.14700706021	0.148804903433	0.13584520711	0.111843730533
158337416-tonguedorsum1.snv.bam	0.138683448884	0.150895950724	0.146717668872	0.137705935697	0.0	0.00956642143898	0.132302202153	0.150385525738	0.145561279917	0.203132335133	0.186028717585	0.202820705828	0.142672776723	0.144302927496	0.137684219263	0.149993415084	0.169146874767	0.151154134817	0.147403535955	0.132418192412	0.157958920175	0.159018621014	0.131009142945	0.169646887287	0.117948260208	0.144421236318	0.159528720085	0.174462606364	0.157228340089	0.151597093854	0.147202700208	0.170696196648	0.153719771164	0.162734911802	0.143815374891	0.143091217798	0.13721485479	0.13696937324	0.14072973746	0.149977476243	0.154900167002	0.152161072946	0.161020054977	0.162421209452	0.169396981871	0.185590496132	0.148451840536	0.140346617457	0.138473274415	0.157526000612	0.146761571015	0.134027025653	0.147104364263	0.150214480233	0.162051607018	0.158381832619	0.139618862365	0.164737874033	0.173406443614	0.165473250813	0.166325714848	0.172664944591	0.152996078407	0.149274784821	0.151457732783	0.140470467329	0.151749437861	0.15885181309	0.180016701068	0.150679656974	0.169225735984	0.135938896784	0.199190857073	0.200595653037	0.153550060577	0.137298420241	0.144909090332	0.15084039402	0.153259600222	0.155098384531	0.198835743482	0.153669999153	0.218877871178	0.146345583786	0.162346453668	0.150650172556	0.180414359842	0.160021562455	0.147853410102	0.145060705032	0.134318304856	0.157934721165	0.13540983684	0.136730661352	0.155507630236	0.128657523794	0.149291536281	0.157837860297	0.178711795943	0.172091135795	0.145184883027	0.151911629857	0.142456169544	0.149725238991	0.141418766575	0.187850714785	0.142546978467	0.143685680067	0.19785133142	0.196831424977	0.159160252205	0.155069960313	0.162457679675	0.160819730497	0.157446148193	0.125125500907	0.128857956795	0.164285997124	0.195663022725	0.150001308821	0.159577421105	0.166630076678	0.177041191212	0.189892758236	0.16740297863	0.178701940603	0.182127944535	0.143962304441	0.145162086633
158337416-tonguedorsum2.snv.bam	0.144745530028	0.150257324351	0.146901734147	0.14372485941	0.00956642143898	0.0	0.134949129625	0.151467888263	0.147423879252	0.202479029717	0.187800544524	0.20207469489	0.142256050559	0.14748437645	0.14149484601	0.145939485319	0.173282149287	0.151171501893	0.146890731184	0.136840547054	0.158689238242	0.159012872314	0.132571345076	0.171493161449	0.121212862082	0.150385181637	0.163404855108	0.178360796895	0.154911311059	0.150206266699	0.144083316437	0.174863237091	0.151431921068	0.16141560509	0.144607957072	0.145678009016	0.142356651502	0.142439515974	0.146279423417	0.152247253808	0.155035626607	0.153637830149	0.164644804952	0.16604831053	0.172892716	0.186870564664	0.149212234363	0.141988588621	0.142603790459	0.163575711497	0.154373143779	0.13509789798	0.152402680078	0.156513151721	0.165980212247	0.163100758898	0.14223883005	0.166290413339	0.174118214706	0.168909445605	0.168608948618	0.175386616046	0.155890815735	0.151574592192	0.153667143062	0.143537194532	0.15021375226	0.166028592117	0.184371514381	0.152456690547	0.172143978819	0.1349108584	0.200992460814	0.203008231622	0.153135942867	0.142420517993	0.15125078644	0.154366793347	0.155312706303	0.157164689736	0.198727147234	0.160798255999	0.219408909664	0.144649980956	0.165466889318	0.154785063578	0.183614270465	0.164217454507	0.153124247769	0.149867856833	0.138110066237	0.156374789052	0.135535586846	0.134792196988	0.15830776051	0.133963663491	0.150381125426	0.159277427435	0.180727926986	0.17418972548	0.149546798766	0.156147822555	0.148453861948	0.150640127721	0.142788893028	0.188691017316	0.145133832483	0.142022363532	0.194988942303	0.19397979061	0.165730390399	0.158801545493	0.159813687506	0.158620062858	0.164296554665	0.128466491563	0.132649927211	0.165450523953	0.196069279594	0.15156382509	0.161626684727	0.169078185189	0.176726805033	0.193146084824	0.170463211001	0.183602640904	0.184197487171	0.144409295167	0.149373109728
158458797-tonguedorsum1.snv.bam	0.145979866659	0.15749808914	0.126107733696	0.131671322228	0.132302202153	0.134949129625	0.0	0.100432664937	0.153801604903	0.18961808456	0.177279720377	0.189691447048	0.152003695037	0.138119087782	0.141839242944	0.160988576721	0.137210339739	0.146544211517	0.144071852838	0.114580846973	0.146772506301	0.145785614233	0.127437483616	0.158396259627	0.126470677702	0.145953408584	0.159956156262	0.155962909399	0.149247307175	0.146422359283	0.130435114065	0.154610775571	0.136520901629	0.158774727608	0.165044220671	0.165416698411	0.1496586397	0.144723694396	0.150553136647	0.17182630113	0.174782106455	0.173000533966	0.147986699764	0.145674974498	0.145395571577	0.193649556499	0.128151044876	0.121047506935	0.12867636599	0.150127330816	0.150862468514	0.128034563483	0.136500810428	0.150141856958	0.162614724064	0.159885059425	0.132979693613	0.156017085076	0.163357791352	0.155689237756	0.169876500276	0.179068177612	0.157778859298	0.148148846583	0.150144902957	0.131385147511	0.115070513219	0.149561388702	0.157156577352	0.13516348327	0.149498216739	0.142590885873	0.173440466222	0.179057049864	0.1622885621	0.123242736408	0.123315305607	0.159960192149	0.161276762759	0.153418592871	0.187967154926	0.137490988011	0.217240324096	0.117217079081	0.15352149701	0.133603822081	0.175242889415	0.165346108401	0.12744610222	0.121606038131	0.112465599719	0.135415574327	0.114179166751	0.117008628467	0.151244652143	0.12102121997	0.134703437884	0.153803107241	0.177421303363	0.171237094764	0.164659152824	0.119580097908	0.127256586633	0.135337550576	0.13427150738	0.220770784629	0.160652404923	0.132347814237	0.205017511957	0.203401508131	0.166663514393	0.145969483904	0.165780820737	0.16721854303	0.13373956385	0.123233338268	0.125796100555	0.127050027084	0.212058392135	0.140929299654	0.138117421042	0.150496124366	0.15132902724	0.191985946831	0.172797848063	0.148066859475	0.136272233044	0.137130435008	0.121108671488
158458797-tonguedorsum2.snv.bam	0.151030902063	0.15749439933	0.123530092047	0.125240420879	0.150385525738	0.151467888263	0.100432664937	0.0	0.132754293594	0.201546661537	0.185689937621	0.201382670347	0.152449175696	0.140515554255	0.128928553236	0.170866525926	0.13805714109	0.150877865828	0.1502690414	0.124849021497	0.149662775284	0.14916586362	0.140849932546	0.146018594229	0.14527698762	0.145746483342	0.16017010404	0.175214950434	0.153202343377	0.148770123477	0.12582539283	0.171234759203	0.15007838323	0.126841127331	0.146266253648	0.148021134801	0.149477289194	0.145462086437	0.152022944098	0.161845885614	0.166879179863	0.164170907617	0.14050198626	0.148284373397	0.135116345812	0.171446873858	0.144435888088	0.123039308635	0.137825237584	0.149658669185	0.149531793439	0.122547399398	0.142324317332	0.147627824452	0.176229426247	0.171703999099	0.129543595618	0.160189548409	0.178041294196	0.157176485375	0.144913467955	0.147806863576	0.143894336901	0.139631201329	0.139794061002	0.132155385786	0.137184534104	0.145266814306	0.155192012571	0.149137548271	0.140628838372	0.129174431025	0.175469243775	0.180109009372	0.151688242867	0.123670540819	0.128370761675	0.146369162721	0.147377904802	0.140145112552	0.185242861121	0.140913280713	0.22377632231	0.152200976333	0.158585725098	0.130854329227	0.173731306113	0.152130092017	0.129242046236	0.119738779745	0.1113770761	0.149725535537	0.134481923607	0.147382728138	0.13844323091	0.124133474751	0.144229096426	0.161734945272	0.166989733206	0.155332283585	0.165180628155	0.130476113393	0.137032551382	0.141513264207	0.138310094825	0.19153980948	0.152695176408	0.136315874269	0.203140843034	0.202667280459	0.153373720669	0.127348859443	0.181556010753	0.179977576385	0.137712701686	0.124180347326	0.125760747374	0.150777020902	0.206698930727	0.130021221519	0.143178910629	0.152862826608	0.15546268631	0.18765495963	0.169854348233	0.149559063764	0.152110113094	0.149654716546	0.126686438947
158479027-tonguedorsum1.snv.bam	0.146634488911	0.153605712274	0.157601093466	0.151280859572	0.145561279917	0.147423879252	0.153801604903	0.132754293594	0.0	0.222491826873	0.20520730577	0.222476295765	0.164379400476	0.16193514448	0.151997432259	0.169290414465	0.188538092783	0.178194179595	0.176400732636	0.143864001079	0.153022732384	0.154564061561	0.163110867995	0.141790666304	0.172458169286	0.151929111633	0.160704080273	0.172759911369	0.158668961459	0.155524860664	0.15068247148	0.164111030415	0.170784752023	0.140169344883	0.14089276215	0.139910375367	0.159611373139	0.164631785466	0.165597865255	0.169760682591	0.173968900963	0.172635854205	0.154568767034	0.159308693706	0.157632977118	0.179040374576	0.171388918991	0.120316762733	0.165946632859	0.173255406983	0.136240682098	0.142934503915	0.181906443115	0.188796921926	0.177431452788	0.17402868843	0.146761985295	0.171902440994	0.188421772845	0.167104940659	0.147572167054	0.143554480096	0.154061227686	0.152466583259	0.150635773714	0.140929125221	0.168803925861	0.153244543365	0.171906487284	0.169730244492	0.15762197896	0.12880997529	0.191235710902	0.190769825661	0.143636380938	0.137680359409	0.144813511077	0.136095911371	0.135394373653	0.138147068257	0.176890636584	0.159467227076	0.226348620853	0.178261279037	0.158778034384	0.159251350546	0.18528758007	0.156446524489	0.159081481444	0.157557117534	0.146782388788	0.167765648533	0.151881294497	0.157830660641	0.142128648974	0.120975386959	0.170650988602	0.190503511145	0.176452875746	0.159707015411	0.162660644916	0.154175223464	0.160434723917	0.157340164939	0.141170663478	0.179020123693	0.144363063931	0.154829550281	0.207699392495	0.207874310947	0.162970247218	0.141707433031	0.172113342669	0.170143646613	0.157093660068	0.131452344012	0.127717308439	0.157646337162	0.192239014346	0.153549273506	0.163874400695	0.173105031621	0.168922286469	0.211126212847	0.195771325154	0.151325498217	0.166231036178	0.153854470163	0.145704612212
158883629-tonguedorsum1.snv.bam	0.216156780498	0.20448065675	0.194250813448	0.216219057244	0.203132335133	0.202479029717	0.18961808456	0.201546661537	0.222491826873	0.0	0.00375141047121	0.00254415593102	0.205189037257	0.231359383354	0.217401111525	0.223605410045	0.225209483668	0.24311928867	0.244367601514	0.216928020889	0.215007515751	0.216247631262	0.21116069672	0.21295956761	0.198610931933	0.2175968361	0.21846670862	0.241247990346	0.206422491042	0.202540937945	0.200683817763	0.201830846178	0.195118755217	0.218849248572	0.215735488074	0.214246218713	0.20668300604	0.204196675125	0.208047301113	0.2135450677	0.216940795904	0.214640673869	0.216497242863	0.225080896637	0.220733666865	0.227353955365	0.202641529779	0.1986816655	0.205704810215	0.183660802902	0.20253206651	0.198211987402	0.180638220987	0.190196706999	0.222702556072	0.221937096418	0.205650675561	0.217613288647	0.218403286683	0.22651577053	0.209752354066	0.211672229174	0.205399690778	0.196442393487	0.195504863295	0.210851993261	0.182847233515	0.21252388352	0.182925391165	0.204700278019	0.197082340415	0.192384258779	0.203989631504	0.212767118853	0.218607193484	0.197984146329	0.198166626201	0.223615569681	0.222718951066	0.223232028812	0.199726945602	0.222997510955	0.211573928072	0.199772742371	0.20955811308	0.202401193168	0.229214323174	0.221690851814	0.201341996401	0.197279285135	0.191429071101	0.206423166793	0.20675175023	0.208677218728	0.223814259067	0.193912506546	0.188784434081	0.189175741108	0.234485903723	0.2305766656	0.223297331827	0.197614145968	0.204012052783	0.222554625472	0.217291199724	0.208951814912	0.219588199612	0.20324874674	0.209212986612	0.207758696857	0.211938909741	0.217283567657	0.221070234622	0.22081310098	0.202807477615	0.212045807082	0.204731778332	0.213175054012	0.226079856335	0.207649036117	0.208661961713	0.218947631281	0.222708082599	0.219022587616	0.221622077658	0.219604121996	0.214769195243	0.207960816962	0.206093858498
158883629-tonguedorsum2.snv.bam	0.201886708951	0.188618531242	0.181100403601	0.19736073751	0.186028717585	0.187800544524	0.177279720377	0.185689937621	0.20520730577	0.00375141047121	0.0	0.00199484263252	0.188007085237	0.210298524056	0.203421278058	0.214015100403	0.212373646444	0.229153541673	0.230329615872	0.196724362246	0.198825830167	0.200795674835	0.196503280367	0.195703002082	0.181116585772	0.198633573215	0.201166876801	0.225723176579	0.190128661472	0.186167550314	0.186547249302	0.18736362999	0.182660099535	0.203461715642	0.200580536414	0.196782301101	0.190443671582	0.187525663448	0.191674321478	0.202276800932	0.206256356575	0.203571538902	0.198430529853	0.209971336952	0.205067142956	0.210580569023	0.189291965795	0.18442913725	0.190698191357	0.169567335592	0.181725409927	0.183786414121	0.170489710267	0.178865082798	0.207203406917	0.206323707055	0.186040765026	0.206984639259	0.212560849123	0.210075451702	0.190884700664	0.191543892274	0.184766682388	0.17682820661	0.173975511227	0.192706723075	0.165843624392	0.194912672946	0.174068347059	0.183401470758	0.179882886303	0.171367795705	0.203427896499	0.207412015577	0.207786305445	0.18097353758	0.178590013271	0.204026298797	0.203330820925	0.203124494953	0.190850238929	0.20269174018	0.205904374008	0.188115546711	0.191116199323	0.185282544418	0.207823648996	0.205213419359	0.186244468454	0.18070439068	0.176127288056	0.185937858374	0.188637699797	0.189865573855	0.203343921632	0.178953790005	0.173825563878	0.181555537689	0.219837165463	0.214341140712	0.203750521427	0.186921061283	0.192269876361	0.20814007986	0.20289694084	0.190870884531	0.203862188363	0.18707633552	0.197227647301	0.199308993903	0.195628434754	0.19909894456	0.205094155191	0.205549720881	0.18669041614	0.195371810068	0.187671893575	0.199913820569	0.219849685705	0.190466837236	0.191220244131	0.20076163504	0.203268408502	0.210519201639	0.214093809759	0.207010740295	0.202645773683	0.194728557442	0.185073554011
158883629-tonguedorsum3.snv.bam	0.216160858165	0.205575424299	0.194788784602	0.216470287676	0.202820705828	0.20207469489	0.189691447048	0.201382670347	0.222476295765	0.00254415593102	0.00199484263252	0.0	0.20457053401	0.231504320925	0.216976524634	0.223278706633	0.224789160074	0.242936944983	0.244188642432	0.21675337873	0.21394263063	0.215702142144	0.211647941065	0.21091874111	0.19835556036	0.217524062843	0.21867203143	0.239397018131	0.206182699493	0.202340164313	0.200436547437	0.2026842451	0.195947940993	0.218588549552	0.21690991562	0.214255452087	0.205743272842	0.202739655904	0.207003919338	0.215626538532	0.219035657915	0.216680563839	0.215275870997	0.2239310126	0.219501554367	0.225098950715	0.203917393017	0.19837333915	0.205085899907	0.182483303681	0.201767702694	0.19760698848	0.181825825058	0.190939234696	0.223262622897	0.222411818954	0.20520037095	0.218511424778	0.219680822789	0.226483209551	0.209835884273	0.212406402938	0.203926454007	0.195845236068	0.194176706971	0.210273924713	0.182573404261	0.212089266219	0.183504933845	0.205255219164	0.195763287547	0.19346914033	0.203656265174	0.214161536792	0.219063449183	0.197893517869	0.198033194848	0.223103899295	0.222189142924	0.222683619463	0.2017513352	0.223208624827	0.210442230387	0.200035602938	0.209571323086	0.200615976373	0.22801855688	0.22073811329	0.201439014671	0.19638215435	0.191349968028	0.206457211657	0.205251669671	0.207597524086	0.223336727841	0.193589594962	0.190248875222	0.190920453992	0.233170920092	0.230831185508	0.222514366217	0.197851917279	0.203941274685	0.221187565703	0.216907209353	0.207292067701	0.21960911046	0.204757007158	0.209434203949	0.209469808431	0.213456252378	0.217059269951	0.221054742034	0.220796852673	0.201641487637	0.210486823645	0.20419972652	0.213171021484	0.225329664595	0.206925048063	0.209332887676	0.219230586378	0.22285288144	0.220107639821	0.222861388559	0.220201335337	0.214961599758	0.208162830523	0.204527809923
158944319-tonguedorsum2.snv.bam	0.154429907586	0.16265910687	0.1690025742	0.146331838298	0.142672776723	0.142256050559	0.152003695037	0.152449175696	0.164379400476	0.205189037257	0.188007085237	0.20457053401	0.0	0.14344213462	0.170990381395	0.194165084654	0.160101195382	0.160918482997	0.160631910577	0.137456331358	0.168770703488	0.170396353335	0.131619134002	0.179316658371	0.133047191847	0.1575159268	0.16252771547	0.17737533334	0.169923331094	0.167963552272	0.158376530249	0.18009572604	0.147333198713	0.162480283688	0.164556123397	0.16332724287	0.172100944406	0.168541862283	0.16900767015	0.181603559839	0.183297590913	0.183279328853	0.16087652302	0.169370518303	0.171195377784	0.1961417432	0.153525909823	0.169018360526	0.157302694963	0.185261111204	0.14120764463	0.132489068445	0.18799552585	0.189641067799	0.148267932359	0.144919599292	0.149933952199	0.173511467428	0.18540220937	0.167109444049	0.164305343272	0.162264688168	0.159355998397	0.157945369019	0.147957439871	0.158040505644	0.137482330041	0.146851634696	0.195194133611	0.135508172054	0.146634513836	0.153146112707	0.185377546704	0.190387354544	0.154012379592	0.159798372304	0.169391701035	0.151237155901	0.157661084572	0.153543978605	0.191748956721	0.144426814306	0.205047843256	0.14536849127	0.153720171625	0.142401409886	0.178693795591	0.166504220242	0.149825464238	0.146153117105	0.141534492862	0.162476715639	0.136261615545	0.135758220245	0.165720689492	0.138499136014	0.166553146705	0.159466664476	0.17969743925	0.160443004869	0.181656339127	0.163335897845	0.171174589397	0.165119327474	0.17115395778	0.170858317828	0.168702103432	0.146821129221	0.217634084098	0.219694961397	0.160107115781	0.162119215593	0.168990006971	0.16888681936	0.160145197057	0.145109148682	0.146253359172	0.172053770947	0.202285138102	0.151022847994	0.172333674071	0.178023802478	0.181818753949	0.197640321805	0.176744680268	0.172250559235	0.165870292403	0.151486748755	0.147336307956
159005010-tonguedorsum2.snv.bam	0.168374299924	0.173359401287	0.14986452362	0.134500523472	0.144302927496	0.14748437645	0.138119087782	0.140515554255	0.16193514448	0.231359383354	0.210298524056	0.231504320925	0.14344213462	0.0	0.152714542734	0.171016325083	0.129627654411	0.16227517075	0.1595806671	0.131734466622	0.160426564396	0.159389097919	0.128389258148	0.169488191744	0.154501168752	0.170082758159	0.185073964102	0.187388214313	0.18284886061	0.178197955737	0.164421538413	0.175952068743	0.152705246676	0.168080908263	0.150813542159	0.153433512851	0.166294123057	0.169046351158	0.16940466967	0.178303265467	0.18081523065	0.179497186727	0.166425041336	0.162564294809	0.157235160581	0.211843154702	0.146298499089	0.149651913319	0.157151942485	0.160702819188	0.152799995911	0.134407187466	0.166323774368	0.175959018186	0.158075825737	0.155951122294	0.144782006821	0.175999852146	0.191854289807	0.168943562908	0.169050871755	0.171993931842	0.159427369657	0.142807143933	0.144039564306	0.153970561529	0.132943205361	0.159716401494	0.180642264523	0.137955503737	0.1606339	0.144249099762	0.181259523501	0.182883441258	0.151033412401	0.146094771433	0.147263385786	0.169564982181	0.172067537569	0.167232824242	0.204325007186	0.151888169592	0.218051306392	0.172809378802	0.191758111596	0.163357304571	0.182743352085	0.155624565285	0.152581132523	0.148444118568	0.143615193852	0.162389614628	0.134144544119	0.137603451074	0.14466986061	0.135695368836	0.14659477973	0.159106214107	0.189362415297	0.165249425801	0.152696168068	0.154386216382	0.149290675814	0.139227831958	0.154759549923	0.183288704579	0.166737428214	0.138131881905	0.210684741006	0.21325504642	0.149814255832	0.149634564765	0.179991929588	0.179557681871	0.13818953119	0.132335285203	0.120119807653	0.166497086011	0.231124188962	0.142684339141	0.168558548883	0.177592798593	0.180791736181	0.198865389793	0.182703896157	0.164326403469	0.160318052836	0.148821285019	0.159118086
159227541-tonguedorsum3.snv.bam	0.168246728874	0.153607508376	0.129864264608	0.123354309327	0.137684219263	0.14149484601	0.141839242944	0.128928553236	0.151997432259	0.217401111525	0.203421278058	0.216976524634	0.170990381395	0.152714542734	0.0	0.167178829207	0.157119370942	0.175438606374	0.17445735709	0.153040458617	0.155319444489	0.152405646332	0.142956242543	0.163455402461	0.162441434118	0.137945448499	0.16293931019	0.179296473477	0.140084368681	0.138454102758	0.124204482877	0.154806566722	0.163423664465	0.145397084948	0.159455096625	0.160740273883	0.141707645581	0.137979538591	0.140929445901	0.162512710015	0.167665142656	0.165755397412	0.136766005152	0.133860557076	0.142073187362	0.181744353457	0.166443475914	0.140799320996	0.137832499338	0.154626833846	0.143542223406	0.130921406424	0.157540556075	0.16341957643	0.169903367496	0.165967323585	0.124405264401	0.143383931132	0.163313867279	0.144182510298	0.166269725484	0.180505563953	0.12415270926	0.11693461075	0.127698892293	0.117267868937	0.153415871981	0.141054948826	0.177174431926	0.161633146568	0.158401653339	0.139210952893	0.179446243253	0.183299899348	0.171439340238	0.115274386372	0.13110965838	0.149840450923	0.158983916802	0.15548009925	0.191062254917	0.133668951977	0.215142450831	0.165905180445	0.163228113868	0.156297942301	0.160853465163	0.139729965153	0.126217340144	0.123476159425	0.116934200672	0.165625331163	0.137633749572	0.150985796116	0.154161271715	0.137740050769	0.175330126951	0.16027444243	0.167418469927	0.161086921711	0.174906636221	0.15786374285	0.143417455039	0.136525650796	0.133148398249	0.201909595116	0.148918271307	0.156635004276	0.213234176778	0.213815655419	0.163632454797	0.143146220282	0.160657280201	0.159417050581	0.142233631218	0.131618810135	0.136446782949	0.14275911961	0.209225625578	0.129317901049	0.146201048774	0.15773479975	0.168201594239	0.20341900532	0.185397592884	0.150679294873	0.155779053124	0.143580703141	0.120199126971
159247771-tonguedorsum2.snv.bam	0.171945837224	0.177983546438	0.163103100931	0.167479732203	0.149993415084	0.145939485319	0.160988576721	0.170866525926	0.169290414465	0.223605410045	0.214015100403	0.223278706633	0.194165084654	0.171016325083	0.167178829207	0.0	0.191880343662	0.186749944412	0.183514775268	0.175958034075	0.193653122883	0.190663408023	0.18080732679	0.163218578116	0.181701819017	0.17922950484	0.18284133852	0.192789292941	0.183374962978	0.186641165193	0.175497920669	0.186379107888	0.199677783159	0.194018899752	0.176842509172	0.179268582195	0.168396552344	0.168741355372	0.170158496388	0.180324942288	0.179573274689	0.17907192757	0.174653589859	0.166044224854	0.170986548355	0.215269082403	0.193317029903	0.166170933687	0.170479280782	0.160982892835	0.181702335373	0.169221682351	0.175413620781	0.184091195069	0.187010626798	0.184345491523	0.16687028384	0.19234798895	0.203839073486	0.186824576652	0.172496230367	0.170420508775	0.177745378087	0.171296063462	0.174877566834	0.150351171618	0.151766185817	0.187471613738	0.213282598668	0.190732936716	0.18904030676	0.165232478301	0.200100343496	0.201489287414	0.196090296131	0.163536492758	0.162866288157	0.189089945277	0.190830686664	0.186194721823	0.204016065393	0.175528576972	0.220053842933	0.18172014376	0.170572092889	0.212136763965	0.192754795104	0.1754952095	0.179712355021	0.186188252748	0.177882694764	0.172230243484	0.157345107977	0.157399135137	0.167558910534	0.16404283567	0.183072354189	0.178756442151	0.186335831668	0.181209632461	0.15753332324	0.184205858792	0.164202117457	0.171455008173	0.162633734135	0.2133840544	0.159295815186	0.131360479906	0.225022484125	0.219537650827	0.177086413425	0.177834463296	0.176517742486	0.175783006077	0.173526482931	0.161811558273	0.157174666723	0.184858701701	0.235467932017	0.161283198442	0.181169412139	0.192972777289	0.196798935748	0.233546617846	0.223827106517	0.202060584813	0.197542697487	0.171166237937	0.177132194033
159268001-tonguedorsum1.snv.bam	0.1729797588	0.181146739333	0.157190753185	0.159766862213	0.169146874767	0.173282149287	0.137210339739	0.13805714109	0.188538092783	0.225209483668	0.212373646444	0.224789160074	0.160101195382	0.129627654411	0.157119370942	0.191880343662	0.0	0.150435003198	0.150906077853	0.133888825709	0.169923206047	0.172277742922	0.144705869302	0.178593992635	0.133183928106	0.180292923682	0.192381644363	0.190644670985	0.196792799003	0.187202055502	0.175051861985	0.179658658643	0.167979406276	0.147191277198	0.187698366732	0.181843742263	0.190960602694	0.180940196837	0.188413510608	0.176711758281	0.179941407789	0.178625405005	0.165032851257	0.163763618141	0.156522513274	0.210428982267	0.164799238695	0.165022450545	0.161957851711	0.171017928864	0.161820480862	0.163063354929	0.180844307384	0.188943124956	0.144213466131	0.143734876555	0.168469263152	0.168584104499	0.178038677221	0.172385998059	0.18475490366	0.190377148431	0.169737408142	0.161470075126	0.166725795072	0.168606683484	0.145971888661	0.157770278349	0.178177607926	0.148549328896	0.168793008663	0.149834042209	0.175734808711	0.179085095204	0.15118100206	0.168582905146	0.167261209471	0.178633820781	0.179794146573	0.169968475403	0.199889403095	0.165359610558	0.180480451772	0.166449600781	0.186881200911	0.153412211555	0.194332471186	0.189585231793	0.161508668106	0.154881380493	0.149016218299	0.186228309867	0.15585329497	0.162524746834	0.173195477595	0.144437775299	0.165413907206	0.165055686814	0.190744291121	0.17080779388	0.189589713159	0.167105767777	0.160615121135	0.151902257698	0.169684923944	0.216021208695	0.173359046021	0.14723296778	0.19313947178	0.190325916416	0.167635345412	0.16529921294	0.182281571927	0.181216476313	0.17318459436	0.159955994942	0.147976763645	0.157692386355	0.214531219287	0.173893153907	0.178963232142	0.182453783347	0.185469049477	0.180508197627	0.17156040521	0.176578023063	0.162832791746	0.162126004655	0.16175097654
159268001-tonguedorsum2.snv.bam	0.178320097308	0.204022227918	0.155486571549	0.150501995685	0.151154134817	0.151171501893	0.146544211517	0.150877865828	0.178194179595	0.24311928867	0.229153541673	0.242936944983	0.160918482997	0.16227517075	0.175438606374	0.186749944412	0.150435003198	0.0	0.00590813296735	0.126084793304	0.149567439299	0.151945008815	0.159554742451	0.171144737484	0.132403570626	0.185513055282	0.20348211506	0.196998661672	0.186426068274	0.186762688375	0.173980075848	0.182259966559	0.17616766261	0.164322555034	0.165281345046	0.163342219566	0.176348605992	0.171228235977	0.17761890997	0.188100236006	0.193788446913	0.191178834385	0.191296407135	0.183787118126	0.193053138211	0.20417647125	0.182313740264	0.16709862256	0.164983417562	0.185109767562	0.165428641503	0.150359297865	0.1794047182	0.184386004037	0.177597135001	0.174775088972	0.152219895212	0.178666989377	0.19055144026	0.183603175864	0.18060553546	0.181667970029	0.172496664253	0.178768851136	0.1723872197	0.174484414927	0.136217614631	0.172684612266	0.190735038839	0.154685496883	0.187553128665	0.157617582122	0.196560207983	0.197008166861	0.179808340841	0.177756527233	0.174735858366	0.156241480534	0.155609904064	0.152060019179	0.221558321021	0.154761417269	0.244299024481	0.169945805553	0.180445648714	0.153311299806	0.175630614586	0.176608808904	0.160137626497	0.1550676482	0.144867062143	0.173982791704	0.140787976428	0.145957654936	0.183957928278	0.151772820453	0.135140075896	0.176042195082	0.176594064075	0.1688632697	0.172279112345	0.166928968358	0.148122771334	0.160827762164	0.168433139426	0.199743184694	0.176386513567	0.146900081147	0.200529109332	0.202848643355	0.180856838285	0.167025469763	0.190056049884	0.191407194992	0.180992131791	0.157670511677	0.161379118243	0.183461036547	0.210772501177	0.169823926541	0.165052531502	0.160472117168	0.149091953919	0.202089300819	0.189946991759	0.197936345883	0.198867155772	0.171014388617	0.167598983662
