	763536994-stool2.snv.bam	BYQ_AAAB.snv.bam	BYQ_AAAD.snv.bam	BYQ_AAAX.snv.bam	BYQ_AABB.snv.bam	CCIS02124300ST-4-0.snv.bam	CCIS07648107ST-4-0.snv.bam	CCIS11354283ST-4-0.snv.bam	CCIS22275061ST-4-0.snv.bam	CCIS22416007ST-4-0.snv.bam	CCIS23164343ST-4-0.snv.bam	CCIS27927933ST-4-0.snv.bam	CCIS29688262ST-20-0.snv.bam	CCIS36699628ST-4-0.snv.bam	CCIS41288781ST-4-0.snv.bam	CCIS44743950ST-4-0.snv.bam	CCIS50369211ST-20-0.snv.bam	CCIS52370277ST-4-0.snv.bam	CCIS59132091ST-4-0.snv.bam	CCIS78100604ST-4-0.snv.bam	CCIS80834637ST-4-0.snv.bam	CCIS81735969ST-20-0.snv.bam	CCIS82146115ST-4-0.snv.bam	CCIS95097901ST-4-0.snv.bam	CCIS98832363ST-4-0.snv.bam	M1.3-V2.metaT.snv.bam	M4.1-V3.metaT.snv.bam	M4.2-V3.metaT.snv.bam	MH0131.snv.bam	MMRS77321055ST-27-0-0.snv.bam	MMRS78791111ST-27-0-0.snv.bam	NG-5636_144.snv.bam	NG-5636_243.snv.bam	NG-5636_248.snv.bam	NG-5636_269.snv.bam	NG-5636_317.snv.bam	NG-5636_332.snv.bam	NG-5636_354.snv.bam	NG-5636_356.snv.bam	NG-5636_372.snv.bam	NG-5636_421.snv.bam	NG-5636_441.snv.bam	NG-5636_457.snv.bam	NG-5636_472.snv.bam	NG-5636_478.snv.bam	NG-5636_614.snv.bam	O2.CD1-0-PT.snv.bam	O2.CD2-0-PT.snv.bam	O2.UC22-1.snv.bam	O2.UC35-1.snv.bam	O2.UC36-0.snv.bam	O2.UC36-1.snv.bam	O2.UC38-1.snv.bam	O2.UC46-1.snv.bam	O2.UC48-0.snv.bam	O2.UC48-1.snv.bam	O2.UC50-0.snv.bam	O2.UC50-2.snv.bam	O2.UC6-0.snv.bam	O2.UC6-1.snv.bam	O2.UC6-2.snv.bam	O2.UC8-0.snv.bam	SAMEA3136623.snv.bam	SAMEA3136628.snv.bam	SAMEA3136630.snv.bam	SAMEA3136631.snv.bam	SAMEA3136633.snv.bam	SAMEA3136636.snv.bam	SAMEA3136637.snv.bam	SAMEA3136638.snv.bam	SAMEA3136639.snv.bam	SAMEA3136643.snv.bam	SAMEA3136648.snv.bam	SAMEA3136649.snv.bam	SAMEA3136661.snv.bam	SAMEA3136663.snv.bam	SAMEA3136670.snv.bam	SAMEA3136672.snv.bam	SAMEA3136676.snv.bam	SAMEA3136679.snv.bam	SAMEA3136680.snv.bam	SAMEA3136686.snv.bam	SAMEA3136687.snv.bam	SAMEA3136688.snv.bam	SAMEA3136691.snv.bam	SAMEA3136693.snv.bam	SAMEA3136694.snv.bam	SAMEA3136696.snv.bam	SAMEA3136704.snv.bam	SAMEA3136706.snv.bam	SAMEA3136708.snv.bam	SAMEA3136710.snv.bam	SAMEA3136714.snv.bam	SAMEA3136733.snv.bam	SAMEA3136741.snv.bam	SAMEA3136742.snv.bam	SAMEA3136746.snv.bam	SAMEA3136747.snv.bam	SAMEA3136750.snv.bam	SAMEA3136758.snv.bam	SAMEA3136766.snv.bam	SAMEA3178936.snv.bam	V1.CD2-0-PN.snv.bam	V1.CD36-0.snv.bam	V1.CD41-0.snv.bam	V1.CD45-0.snv.bam	V1.CD5-0-PN.snv.bam	V1.CD52-0.snv.bam	V1.FI19.snv.bam	V1.FI20.snv.bam	V1.FI26.snv.bam	V1.FI29.snv.bam	V1.UC4-5.snv.bam	V1.UC47-4.snv.bam	V1.UC5-3.snv.bam	V1.UC54-0.snv.bam	V1.UC55-0.snv.bam	V1.UC60-0.snv.bam	bugkiller-11-7-0.snv.bam	halbarad-11-392-0.snv.bam	peacemaker-11-0-0.snv.bam	peacemaker-11-2-0.snv.bam	peacemaker-11-7-0.snv.bam	scavenger-11-0-0.snv.bam	scavenger-11-60-0.snv.bam	scavenger-11-7-0.snv.bam
763536994-stool2.snv.bam	0.0	0.0671641791045	0.089552238806	0.0820895522388	0.106343283582	0.0858208955224	0.108208955224	0.0970149253731	0.139925373134	0.117537313433	0.111940298507	0.121268656716	0.119402985075	0.132462686567	0.106343283582	0.272388059701	0.125	0.111940298507	0.147388059701	0.121268656716	0.102611940299	0.126865671642	0.123134328358	0.10447761194	0.108208955224	0.0876865671642	0.0839552238806	0.119402985075	0.0652985074627	0.108208955224	0.130597014925	0.125	0.102611940299	0.102611940299	0.111940298507	0.115671641791	0.106343283582	0.110074626866	0.108208955224	0.108208955224	0.0932835820896	0.111940298507	0.126865671642	0.108208955224	0.119402985075	0.10447761194	0.130597014925	0.139925373134	0.0839552238806	0.0727611940299	0.117537313433	0.110074626866	0.0820895522388	0.113805970149	0.102611940299	0.102611940299	0.0839552238806	0.0764925373134	0.125	0.125	0.125	0.108208955224	0.102611940299	0.0783582089552	0.119402985075	0.113805970149	0.0988805970149	0.279850746269	0.106343283582	0.0988805970149	0.123134328358	0.0988805970149	0.0951492537313	0.115671641791	0.119402985075	0.108208955224	0.111940298507	0.0914179104478	0.117537313433	0.100746268657	0.115671641791	0.0559701492537	0.106343283582	0.106343283582	0.117537313433	0.108208955224	0.110074626866	0.089552238806	0.0914179104478	0.138059701493	0.119402985075	0.106343283582	0.080223880597	0.139925373134	0.117537313433	0.110074626866	0.0970149253731	0.121268656716	0.117537313433	0.0951492537313	0.0820895522388	0.134328358209	0.126865671642	0.0858208955224	0.0839552238806	0.0839552238806	0.0914179104478	0.108208955224	0.0988805970149	0.0951492537313	0.10447761194	0.106343283582	0.113805970149	0.123134328358	0.10447761194	0.115671641791	0.102611940299	0.111940298507	0.0970149253731	0.111940298507	0.0988805970149	0.10447761194	0.0970149253731	0.080223880597	0.0783582089552	0.0764925373134
BYQ_AAAB.snv.bam	0.0671641791045	0.0	0.0578358208955	0.0541044776119	0.0690298507463	0.0503731343284	0.0634328358209	0.0559701492537	0.0876865671642	0.089552238806	0.0597014925373	0.0764925373134	0.0615671641791	0.0839552238806	0.0485074626866	0.227611940299	0.0858208955224	0.0634328358209	0.0858208955224	0.0746268656716	0.0578358208955	0.0783582089552	0.0615671641791	0.0690298507463	0.0746268656716	0.0503731343284	0.0503731343284	0.0876865671642	0.080223880597	0.0541044776119	0.0634328358209	0.0671641791045	0.0671641791045	0.0522388059701	0.0466417910448	0.0876865671642	0.0373134328358	0.0559701492537	0.044776119403	0.0708955223881	0.0727611940299	0.0652985074627	0.0783582089552	0.0708955223881	0.0559701492537	0.0671641791045	0.0522388059701	0.0876865671642	0.0242537313433	0.0429104477612	0.0951492537313	0.0820895522388	0.0578358208955	0.0634328358209	0.0485074626866	0.0485074626866	0.0317164179104	0.0186567164179	0.0615671641791	0.0615671641791	0.0634328358209	0.0764925373134	0.0578358208955	0.0559701492537	0.080223880597	0.0559701492537	0.0559701492537	0.236940298507	0.0634328358209	0.0485074626866	0.0597014925373	0.035447761194	0.035447761194	0.0690298507463	0.0485074626866	0.0578358208955	0.0541044776119	0.0652985074627	0.080223880597	0.0429104477612	0.0541044776119	0.0205223880597	0.0671641791045	0.0503731343284	0.044776119403	0.0652985074627	0.0876865671642	0.0298507462687	0.0708955223881	0.0727611940299	0.0839552238806	0.0391791044776	0.0186567164179	0.111940298507	0.0690298507463	0.0783582089552	0.044776119403	0.0485074626866	0.0410447761194	0.0615671641791	0.0522388059701	0.080223880597	0.0839552238806	0.0429104477612	0.0522388059701	0.0503731343284	0.0522388059701	0.0671641791045	0.0615671641791	0.0466417910448	0.0541044776119	0.0951492537313	0.0597014925373	0.080223880597	0.0559701492537	0.0634328358209	0.0485074626866	0.0671641791045	0.0559701492537	0.0652985074627	0.0727611940299	0.0783582089552	0.0708955223881	0.0429104477612	0.0541044776119	0.0541044776119
BYQ_AAAD.snv.bam	0.089552238806	0.0578358208955	0.0	0.00186567164179	0.10447761194	0.0690298507463	0.0932835820896	0.0988805970149	0.121268656716	0.111940298507	0.100746268657	0.102611940299	0.0914179104478	0.106343283582	0.0858208955224	0.259328358209	0.106343283582	0.100746268657	0.115671641791	0.0820895522388	0.0932835820896	0.108208955224	0.110074626866	0.0951492537313	0.0858208955224	0.0690298507463	0.0690298507463	0.089552238806	0.0932835820896	0.106343283582	0.108208955224	0.0783582089552	0.0820895522388	0.0858208955224	0.102611940299	0.115671641791	0.0951492537313	0.100746268657	0.0764925373134	0.0970149253731	0.102611940299	0.0988805970149	0.102611940299	0.0876865671642	0.102611940299	0.089552238806	0.113805970149	0.125	0.0671641791045	0.0578358208955	0.0932835820896	0.0914179104478	0.0652985074627	0.0783582089552	0.0970149253731	0.0970149253731	0.0820895522388	0.0541044776119	0.110074626866	0.110074626866	0.110074626866	0.080223880597	0.0746268656716	0.0932835820896	0.0932835820896	0.0597014925373	0.0951492537313	0.266791044776	0.0914179104478	0.0671641791045	0.106343283582	0.0764925373134	0.0708955223881	0.113805970149	0.100746268657	0.0727611940299	0.0708955223881	0.0708955223881	0.0839552238806	0.10447761194	0.110074626866	0.0373134328358	0.0932835820896	0.0876865671642	0.0970149253731	0.0932835820896	0.0932835820896	0.0541044776119	0.0783582089552	0.102611940299	0.0876865671642	0.080223880597	0.044776119403	0.132462686567	0.0932835820896	0.0858208955224	0.0615671641791	0.0951492537313	0.0932835820896	0.0727611940299	0.0820895522388	0.0970149253731	0.115671641791	0.0615671641791	0.0914179104478	0.0746268656716	0.0783582089552	0.0746268656716	0.0559701492537	0.0876865671642	0.0652985074627	0.111940298507	0.0597014925373	0.0876865671642	0.089552238806	0.080223880597	0.0970149253731	0.113805970149	0.0746268656716	0.0764925373134	0.10447761194	0.108208955224	0.100746268657	0.0690298507463	0.0858208955224	0.0839552238806
BYQ_AAAX.snv.bam	0.0820895522388	0.0541044776119	0.00186567164179	0.0	0.0970149253731	0.0652985074627	0.0858208955224	0.089552238806	0.113805970149	0.108208955224	0.0914179104478	0.102611940299	0.0876865671642	0.108208955224	0.0839552238806	0.257462686567	0.106343283582	0.0932835820896	0.123134328358	0.0820895522388	0.0858208955224	0.0970149253731	0.106343283582	0.0820895522388	0.0858208955224	0.0634328358209	0.0615671641791	0.0951492537313	0.0951492537313	0.0988805970149	0.100746268657	0.0690298507463	0.0727611940299	0.0783582089552	0.0970149253731	0.0988805970149	0.089552238806	0.0914179104478	0.0727611940299	0.0914179104478	0.0914179104478	0.089552238806	0.100746268657	0.0746268656716	0.100746268657	0.0858208955224	0.108208955224	0.123134328358	0.0634328358209	0.0559701492537	0.089552238806	0.0914179104478	0.0634328358209	0.0727611940299	0.0914179104478	0.0914179104478	0.0783582089552	0.0485074626866	0.102611940299	0.102611940299	0.102611940299	0.0764925373134	0.0671641791045	0.0839552238806	0.0820895522388	0.0541044776119	0.0876865671642	0.263059701493	0.0932835820896	0.0541044776119	0.100746268657	0.0764925373134	0.0652985074627	0.110074626866	0.102611940299	0.0746268656716	0.0671641791045	0.0671641791045	0.0746268656716	0.100746268657	0.102611940299	0.0335820895522	0.089552238806	0.0820895522388	0.0932835820896	0.0914179104478	0.0932835820896	0.0466417910448	0.0634328358209	0.0932835820896	0.080223880597	0.0690298507463	0.0429104477612	0.125	0.0951492537313	0.0839552238806	0.0541044776119	0.0951492537313	0.0876865671642	0.0671641791045	0.0746268656716	0.0932835820896	0.108208955224	0.0578358208955	0.0820895522388	0.0727611940299	0.0727611940299	0.0690298507463	0.0429104477612	0.0783582089552	0.0634328358209	0.106343283582	0.044776119403	0.0876865671642	0.0839552238806	0.0727611940299	0.0914179104478	0.106343283582	0.0708955223881	0.0727611940299	0.0970149253731	0.100746268657	0.0932835820896	0.0671641791045	0.080223880597	0.0764925373134
BYQ_AABB.snv.bam	0.106343283582	0.0690298507463	0.10447761194	0.0970149253731	0.0	0.0970149253731	0.123134328358	0.115671641791	0.110074626866	0.132462686567	0.106343283582	0.143656716418	0.100746268657	0.125	0.113805970149	0.277985074627	0.136194029851	0.115671641791	0.158582089552	0.128731343284	0.111940298507	0.126865671642	0.111940298507	0.125	0.111940298507	0.0783582089552	0.0746268656716	0.132462686567	0.10447761194	0.0988805970149	0.126865671642	0.0951492537313	0.110074626866	0.111940298507	0.0970149253731	0.125	0.0932835820896	0.100746268657	0.117537313433	0.108208955224	0.100746268657	0.108208955224	0.143656716418	0.119402985075	0.126865671642	0.123134328358	0.117537313433	0.14552238806	0.0951492537313	0.0820895522388	0.121268656716	0.108208955224	0.100746268657	0.126865671642	0.100746268657	0.100746268657	0.0839552238806	0.080223880597	0.115671641791	0.115671641791	0.117537313433	0.141791044776	0.121268656716	0.10447761194	0.123134328358	0.0951492537313	0.110074626866	0.291044776119	0.126865671642	0.100746268657	0.113805970149	0.113805970149	0.117537313433	0.126865671642	0.10447761194	0.113805970149	0.126865671642	0.0988805970149	0.10447761194	0.113805970149	0.125	0.0783582089552	0.0970149253731	0.106343283582	0.0988805970149	0.10447761194	0.130597014925	0.0988805970149	0.110074626866	0.143656716418	0.125	0.106343283582	0.100746268657	0.160447761194	0.0858208955224	0.106343283582	0.113805970149	0.102611940299	0.100746268657	0.100746268657	0.102611940299	0.141791044776	0.139925373134	0.080223880597	0.115671641791	0.0988805970149	0.0951492537313	0.10447761194	0.117537313433	0.110074626866	0.10447761194	0.126865671642	0.0970149253731	0.111940298507	0.117537313433	0.126865671642	0.100746268657	0.117537313433	0.110074626866	0.111940298507	0.0	0.00186567164179	0.0	0.0746268656716	0.0858208955224	0.0932835820896
CCIS02124300ST-4-0.snv.bam	0.0858208955224	0.0503731343284	0.0690298507463	0.0652985074627	0.0970149253731	0.0	0.0914179104478	0.0839552238806	0.117537313433	0.0970149253731	0.0671641791045	0.0727611940299	0.0876865671642	0.113805970149	0.0690298507463	0.238805970149	0.100746268657	0.0652985074627	0.10447761194	0.106343283582	0.0671641791045	0.106343283582	0.0708955223881	0.0410447761194	0.089552238806	0.0522388059701	0.0764925373134	0.0951492537313	0.0970149253731	0.080223880597	0.100746268657	0.0858208955224	0.0522388059701	0.0727611940299	0.0652985074627	0.110074626866	0.0690298507463	0.0615671641791	0.089552238806	0.0932835820896	0.113805970149	0.0970149253731	0.100746268657	0.0970149253731	0.0988805970149	0.0783582089552	0.0839552238806	0.102611940299	0.0671641791045	0.0634328358209	0.0932835820896	0.0914179104478	0.080223880597	0.0951492537313	0.0671641791045	0.0671641791045	0.0466417910448	0.0391791044776	0.0951492537313	0.0951492537313	0.0970149253731	0.100746268657	0.0839552238806	0.0746268656716	0.102611940299	0.0970149253731	0.0839552238806	0.251865671642	0.0708955223881	0.0597014925373	0.0746268656716	0.0783582089552	0.0764925373134	0.117537313433	0.0783582089552	0.089552238806	0.0820895522388	0.0708955223881	0.0951492537313	0.0783582089552	0.0764925373134	0.044776119403	0.0988805970149	0.0541044776119	0.0708955223881	0.0932835820896	0.106343283582	0.0671641791045	0.0988805970149	0.102611940299	0.0988805970149	0.089552238806	0.0634328358209	0.102611940299	0.0988805970149	0.0988805970149	0.0820895522388	0.0914179104478	0.0727611940299	0.0858208955224	0.0764925373134	0.0988805970149	0.0914179104478	0.0615671641791	0.0764925373134	0.0820895522388	0.0932835820896	0.0839552238806	0.0764925373134	0.0578358208955	0.0783582089552	0.110074626866	0.080223880597	0.0951492537313	0.080223880597	0.0988805970149	0.0652985074627	0.0708955223881	0.0764925373134	0.102611940299	0.100746268657	0.10447761194	0.0988805970149	0.0727611940299	0.089552238806	0.0858208955224
CCIS07648107ST-4-0.snv.bam	0.108208955224	0.0634328358209	0.0932835820896	0.0858208955224	0.123134328358	0.0914179104478	0.0	0.0876865671642	0.138059701493	0.108208955224	0.0876865671642	0.108208955224	0.089552238806	0.123134328358	0.0708955223881	0.263059701493	0.115671641791	0.0988805970149	0.141791044776	0.117537313433	0.0970149253731	0.0970149253731	0.106343283582	0.106343283582	0.108208955224	0.0839552238806	0.102611940299	0.106343283582	0.106343283582	0.111940298507	0.10447761194	0.100746268657	0.117537313433	0.0988805970149	0.0951492537313	0.123134328358	0.102611940299	0.089552238806	0.0820895522388	0.128731343284	0.113805970149	0.128731343284	0.123134328358	0.117537313433	0.106343283582	0.110074626866	0.121268656716	0.128731343284	0.0839552238806	0.0876865671642	0.123134328358	0.110074626866	0.102611940299	0.121268656716	0.0970149253731	0.0970149253731	0.0634328358209	0.0522388059701	0.125	0.125	0.126865671642	0.10447761194	0.115671641791	0.100746268657	0.132462686567	0.0914179104478	0.089552238806	0.263059701493	0.0708955223881	0.10447761194	0.102611940299	0.0914179104478	0.0932835820896	0.121268656716	0.119402985075	0.102611940299	0.0914179104478	0.0839552238806	0.136194029851	0.102611940299	0.125	0.0578358208955	0.121268656716	0.0783582089552	0.115671641791	0.106343283582	0.113805970149	0.080223880597	0.102611940299	0.126865671642	0.115671641791	0.0820895522388	0.0727611940299	0.134328358209	0.117537313433	0.100746268657	0.0690298507463	0.115671641791	0.111940298507	0.089552238806	0.0914179104478	0.113805970149	0.0970149253731	0.0746268656716	0.0951492537313	0.100746268657	0.102611940299	0.0820895522388	0.0764925373134	0.0727611940299	0.0746268656716	0.113805970149	0.0820895522388	0.119402985075	0.10447761194	0.121268656716	0.0970149253731	0.10447761194	0.0932835820896	0.110074626866	0.119402985075	0.125	0.119402985075	0.102611940299	0.111940298507	0.110074626866
CCIS11354283ST-4-0.snv.bam	0.0970149253731	0.0559701492537	0.0988805970149	0.089552238806	0.115671641791	0.0839552238806	0.0876865671642	0.0	0.130597014925	0.115671641791	0.0932835820896	0.111940298507	0.080223880597	0.115671641791	0.0858208955224	0.274253731343	0.108208955224	0.0914179104478	0.136194029851	0.089552238806	0.0970149253731	0.117537313433	0.0858208955224	0.0970149253731	0.110074626866	0.0671641791045	0.089552238806	0.117537313433	0.115671641791	0.0932835820896	0.10447761194	0.089552238806	0.0988805970149	0.0932835820896	0.080223880597	0.123134328358	0.0858208955224	0.0839552238806	0.102611940299	0.106343283582	0.115671641791	0.0970149253731	0.106343283582	0.0988805970149	0.115671641791	0.0914179104478	0.0988805970149	0.126865671642	0.0858208955224	0.0839552238806	0.121268656716	0.110074626866	0.080223880597	0.123134328358	0.0858208955224	0.0858208955224	0.0485074626866	0.0708955223881	0.106343283582	0.106343283582	0.108208955224	0.117537313433	0.115671641791	0.110074626866	0.115671641791	0.0783582089552	0.0970149253731	0.289179104478	0.0988805970149	0.0914179104478	0.0858208955224	0.0932835820896	0.102611940299	0.108208955224	0.102611940299	0.0932835820896	0.111940298507	0.080223880597	0.108208955224	0.106343283582	0.108208955224	0.0541044776119	0.100746268657	0.0914179104478	0.0988805970149	0.0858208955224	0.126865671642	0.089552238806	0.111940298507	0.132462686567	0.119402985075	0.108208955224	0.0634328358209	0.141791044776	0.123134328358	0.117537313433	0.0932835820896	0.0988805970149	0.0951492537313	0.10447761194	0.0764925373134	0.0839552238806	0.0839552238806	0.0764925373134	0.0858208955224	0.0746268656716	0.0839552238806	0.0970149253731	0.0783582089552	0.0671641791045	0.080223880597	0.132462686567	0.0820895522388	0.106343283582	0.0970149253731	0.123134328358	0.0858208955224	0.0988805970149	0.0932835820896	0.115671641791	0.111940298507	0.117537313433	0.110074626866	0.0876865671642	0.0970149253731	0.0951492537313
CCIS22275061ST-4-0.snv.bam	0.139925373134	0.0876865671642	0.121268656716	0.113805970149	0.110074626866	0.117537313433	0.138059701493	0.130597014925	0.0	0.123134328358	0.119402985075	0.143656716418	0.10447761194	0.15671641791	0.111940298507	0.305970149254	0.110074626866	0.128731343284	0.139925373134	0.139925373134	0.125	0.125	0.130597014925	0.125	0.108208955224	0.115671641791	0.117537313433	0.117537313433	0.130597014925	0.126865671642	0.119402985075	0.119402985075	0.138059701493	0.0914179104478	0.125	0.136194029851	0.111940298507	0.108208955224	0.130597014925	0.102611940299	0.102611940299	0.132462686567	0.115671641791	0.130597014925	0.121268656716	0.126865671642	0.130597014925	0.138059701493	0.111940298507	0.0820895522388	0.0988805970149	0.106343283582	0.110074626866	0.130597014925	0.128731343284	0.128731343284	0.106343283582	0.0839552238806	0.119402985075	0.119402985075	0.121268656716	0.132462686567	0.123134328358	0.139925373134	0.111940298507	0.111940298507	0.110074626866	0.311567164179	0.123134328358	0.106343283582	0.136194029851	0.121268656716	0.126865671642	0.113805970149	0.126865671642	0.117537313433	0.126865671642	0.110074626866	0.130597014925	0.113805970149	0.134328358209	0.0727611940299	0.117537313433	0.111940298507	0.123134328358	0.0914179104478	0.149253731343	0.0876865671642	0.134328358209	0.139925373134	0.10447761194	0.113805970149	0.0839552238806	0.175373134328	0.108208955224	0.134328358209	0.108208955224	0.121268656716	0.119402985075	0.0914179104478	0.111940298507	0.125	0.119402985075	0.100746268657	0.123134328358	0.115671641791	0.123134328358	0.117537313433	0.123134328358	0.119402985075	0.0970149253731	0.128731343284	0.117537313433	0.100746268657	0.0951492537313	0.130597014925	0.128731343284	0.134328358209	0.089552238806	0.136194029851	0.110074626866	0.113805970149	0.0988805970149	0.108208955224	0.115671641791	0.115671641791
CCIS22416007ST-4-0.snv.bam	0.117537313433	0.089552238806	0.111940298507	0.108208955224	0.132462686567	0.0970149253731	0.108208955224	0.115671641791	0.123134328358	0.0	0.113805970149	0.0876865671642	0.10447761194	0.134328358209	0.110074626866	0.291044776119	0.123134328358	0.117537313433	0.158582089552	0.125	0.119402985075	0.119402985075	0.128731343284	0.128731343284	0.0466417910448	0.0914179104478	0.0951492537313	0.117537313433	0.110074626866	0.130597014925	0.132462686567	0.121268656716	0.132462686567	0.100746268657	0.119402985075	0.141791044776	0.121268656716	0.115671641791	0.111940298507	0.108208955224	0.106343283582	0.132462686567	0.113805970149	0.0988805970149	0.113805970149	0.108208955224	0.132462686567	0.134328358209	0.108208955224	0.0858208955224	0.0783582089552	0.0652985074627	0.0988805970149	0.132462686567	0.119402985075	0.119402985075	0.080223880597	0.0820895522388	0.139925373134	0.139925373134	0.141791044776	0.132462686567	0.125	0.126865671642	0.125	0.121268656716	0.108208955224	0.291044776119	0.102611940299	0.111940298507	0.117537313433	0.121268656716	0.128731343284	0.121268656716	0.134328358209	0.110074626866	0.117537313433	0.117537313433	0.136194029851	0.111940298507	0.134328358209	0.0597014925373	0.121268656716	0.102611940299	0.130597014925	0.0988805970149	0.125	0.0820895522388	0.126865671642	0.14552238806	0.111940298507	0.100746268657	0.0839552238806	0.152985074627	0.115671641791	0.138059701493	0.0970149253731	0.132462686567	0.130597014925	0.0970149253731	0.080223880597	0.0988805970149	0.115671641791	0.0652985074627	0.100746268657	0.10447761194	0.125	0.117537313433	0.125	0.0914179104478	0.0970149253731	0.0578358208955	0.117537313433	0.0746268656716	0.106343283582	0.132462686567	0.119402985075	0.119402985075	0.0839552238806	0.125	0.123134328358	0.130597014925	0.121268656716	0.0988805970149	0.108208955224	0.100746268657
CCIS23164343ST-4-0.snv.bam	0.111940298507	0.0597014925373	0.100746268657	0.0914179104478	0.106343283582	0.0671641791045	0.0876865671642	0.0932835820896	0.119402985075	0.113805970149	0.0	0.0839552238806	0.100746268657	0.113805970149	0.0764925373134	0.263059701493	0.117537313433	0.0279850746269	0.102611940299	0.110074626866	0.0783582089552	0.132462686567	0.035447761194	0.0839552238806	0.113805970149	0.0783582089552	0.0951492537313	0.106343283582	0.106343283582	0.035447761194	0.0876865671642	0.0988805970149	0.0914179104478	0.100746268657	0.0279850746269	0.128731343284	0.035447761194	0.035447761194	0.0970149253731	0.113805970149	0.0951492537313	0.0783582089552	0.10447761194	0.110074626866	0.123134328358	0.0876865671642	0.0559701492537	0.10447761194	0.0839552238806	0.0746268656716	0.102611940299	0.111940298507	0.100746268657	0.10447761194	0.080223880597	0.080223880597	0.0541044776119	0.0335820895522	0.0522388059701	0.0522388059701	0.0541044776119	0.111940298507	0.0970149253731	0.0690298507463	0.110074626866	0.102611940299	0.0615671641791	0.272388059701	0.0988805970149	0.0634328358209	0.0373134328358	0.0876865671642	0.0820895522388	0.108208955224	0.0485074626866	0.0951492537313	0.0970149253731	0.100746268657	0.117537313433	0.0578358208955	0.044776119403	0.0541044776119	0.0858208955224	0.0727611940299	0.0410447761194	0.100746268657	0.130597014925	0.0839552238806	0.111940298507	0.113805970149	0.106343283582	0.0988805970149	0.0671641791045	0.138059701493	0.10447761194	0.117537313433	0.089552238806	0.0652985074627	0.0391791044776	0.108208955224	0.0820895522388	0.115671641791	0.10447761194	0.0690298507463	0.0690298507463	0.0783582089552	0.0970149253731	0.102611940299	0.0932835820896	0.0708955223881	0.0876865671642	0.119402985075	0.0914179104478	0.108208955224	0.100746268657	0.10447761194	0.080223880597	0.0186567164179	0.0914179104478	0.0970149253731	0.10447761194	0.110074626866	0.102611940299	0.0914179104478	0.0970149253731	0.0951492537313
CCIS27927933ST-4-0.snv.bam	0.121268656716	0.0764925373134	0.102611940299	0.102611940299	0.143656716418	0.0727611940299	0.108208955224	0.111940298507	0.143656716418	0.0876865671642	0.0839552238806	0.0	0.106343283582	0.132462686567	0.108208955224	0.272388059701	0.110074626866	0.0914179104478	0.14552238806	0.111940298507	0.0951492537313	0.126865671642	0.100746268657	0.0970149253731	0.0615671641791	0.100746268657	0.0970149253731	0.102611940299	0.113805970149	0.0951492537313	0.117537313433	0.121268656716	0.0914179104478	0.100746268657	0.0820895522388	0.139925373134	0.089552238806	0.0876865671642	0.100746268657	0.102611940299	0.141791044776	0.128731343284	0.117537313433	0.106343283582	0.106343283582	0.117537313433	0.108208955224	0.110074626866	0.10447761194	0.089552238806	0.121268656716	0.106343283582	0.0951492537313	0.134328358209	0.0951492537313	0.0951492537313	0.080223880597	0.0634328358209	0.108208955224	0.108208955224	0.110074626866	0.128731343284	0.126865671642	0.0932835820896	0.141791044776	0.123134328358	0.10447761194	0.28171641791	0.0970149253731	0.0820895522388	0.0858208955224	0.0970149253731	0.0951492537313	0.126865671642	0.100746268657	0.102611940299	0.110074626866	0.108208955224	0.134328358209	0.0951492537313	0.110074626866	0.0634328358209	0.119402985075	0.0951492537313	0.0970149253731	0.0932835820896	0.119402985075	0.089552238806	0.125	0.151119402985	0.113805970149	0.113805970149	0.0876865671642	0.143656716418	0.102611940299	0.139925373134	0.100746268657	0.121268656716	0.0988805970149	0.117537313433	0.0932835820896	0.111940298507	0.123134328358	0.0914179104478	0.111940298507	0.106343283582	0.123134328358	0.0970149253731	0.119402985075	0.0783582089552	0.089552238806	0.0932835820896	0.119402985075	0.121268656716	0.102611940299	0.134328358209	0.0951492537313	0.0970149253731	0.0783582089552	0.0988805970149	0.138059701493	0.143656716418	0.138059701493	0.100746268657	0.111940298507	0.110074626866
CCIS29688262ST-20-0.snv.bam	0.119402985075	0.0615671641791	0.0914179104478	0.0876865671642	0.100746268657	0.0876865671642	0.089552238806	0.080223880597	0.10447761194	0.10447761194	0.100746268657	0.106343283582	0.0	0.113805970149	0.0876865671642	0.276119402985	0.100746268657	0.10447761194	0.113805970149	0.0970149253731	0.110074626866	0.125	0.0970149253731	0.126865671642	0.0970149253731	0.0708955223881	0.089552238806	0.119402985075	0.108208955224	0.110074626866	0.115671641791	0.0876865671642	0.123134328358	0.100746268657	0.0970149253731	0.128731343284	0.102611940299	0.0914179104478	0.102611940299	0.0914179104478	0.128731343284	0.121268656716	0.113805970149	0.106343283582	0.111940298507	0.10447761194	0.117537313433	0.117537313433	0.102611940299	0.0858208955224	0.110074626866	0.108208955224	0.0876865671642	0.121268656716	0.106343283582	0.106343283582	0.0615671641791	0.0597014925373	0.121268656716	0.121268656716	0.123134328358	0.0970149253731	0.117537313433	0.123134328358	0.126865671642	0.0876865671642	0.119402985075	0.289179104478	0.0839552238806	0.10447761194	0.102611940299	0.0932835820896	0.102611940299	0.117537313433	0.110074626866	0.0932835820896	0.110074626866	0.0839552238806	0.123134328358	0.121268656716	0.113805970149	0.0690298507463	0.0876865671642	0.100746268657	0.100746268657	0.0914179104478	0.119402985075	0.0876865671642	0.119402985075	0.136194029851	0.10447761194	0.0820895522388	0.0708955223881	0.149253731343	0.0970149253731	0.106343283582	0.080223880597	0.102611940299	0.0970149253731	0.0783582089552	0.100746268657	0.115671641791	0.110074626866	0.0914179104478	0.106343283582	0.0951492537313	0.113805970149	0.0914179104478	0.0858208955224	0.0858208955224	0.0615671641791	0.121268656716	0.0858208955224	0.119402985075	0.111940298507	0.123134328358	0.106343283582	0.110074626866	0.0820895522388	0.130597014925	0.0988805970149	0.102611940299	0.100746268657	0.0876865671642	0.0988805970149	0.102611940299
CCIS36699628ST-4-0.snv.bam	0.132462686567	0.0839552238806	0.106343283582	0.108208955224	0.125	0.113805970149	0.123134328358	0.115671641791	0.15671641791	0.134328358209	0.113805970149	0.132462686567	0.113805970149	0.0	0.0951492537313	0.279850746269	0.152985074627	0.108208955224	0.154850746269	0.123134328358	0.119402985075	0.10447761194	0.125	0.136194029851	0.119402985075	0.0988805970149	0.0932835820896	0.121268656716	0.136194029851	0.119402985075	0.128731343284	0.089552238806	0.115671641791	0.110074626866	0.108208955224	0.139925373134	0.110074626866	0.110074626866	0.10447761194	0.134328358209	0.128731343284	0.139925373134	0.10447761194	0.102611940299	0.113805970149	0.113805970149	0.128731343284	0.123134328358	0.110074626866	0.100746268657	0.128731343284	0.121268656716	0.110074626866	0.14552238806	0.123134328358	0.123134328358	0.100746268657	0.0820895522388	0.126865671642	0.126865671642	0.126865671642	0.139925373134	0.138059701493	0.121268656716	0.136194029851	0.113805970149	0.119402985075	0.287313432836	0.111940298507	0.108208955224	0.117537313433	0.121268656716	0.119402985075	0.138059701493	0.128731343284	0.100746268657	0.108208955224	0.110074626866	0.130597014925	0.125	0.136194029851	0.0746268656716	0.125	0.125	0.126865671642	0.111940298507	0.115671641791	0.0932835820896	0.136194029851	0.154850746269	0.130597014925	0.10447761194	0.0876865671642	0.158582089552	0.128731343284	0.138059701493	0.110074626866	0.123134328358	0.123134328358	0.113805970149	0.106343283582	0.136194029851	0.119402985075	0.0951492537313	0.100746268657	0.110074626866	0.113805970149	0.128731343284	0.125	0.102611940299	0.0988805970149	0.139925373134	0.125	0.119402985075	0.125	0.14552238806	0.123134328358	0.121268656716	0.110074626866	0.110074626866	0.125	0.130597014925	0.125	0.111940298507	0.119402985075	0.117537313433
CCIS41288781ST-4-0.snv.bam	0.106343283582	0.0485074626866	0.0858208955224	0.0839552238806	0.113805970149	0.0690298507463	0.0708955223881	0.0858208955224	0.111940298507	0.110074626866	0.0764925373134	0.108208955224	0.0876865671642	0.0951492537313	0.0	0.251865671642	0.102611940299	0.0727611940299	0.10447761194	0.089552238806	0.102611940299	0.100746268657	0.0820895522388	0.102611940299	0.10447761194	0.0559701492537	0.080223880597	0.10447761194	0.100746268657	0.0914179104478	0.0820895522388	0.080223880597	0.108208955224	0.0820895522388	0.0783582089552	0.0988805970149	0.0839552238806	0.0690298507463	0.0914179104478	0.089552238806	0.0988805970149	0.110074626866	0.115671641791	0.111940298507	0.102611940299	0.080223880597	0.10447761194	0.128731343284	0.0708955223881	0.0727611940299	0.126865671642	0.123134328358	0.0746268656716	0.111940298507	0.102611940299	0.102611940299	0.0615671641791	0.0559701492537	0.111940298507	0.111940298507	0.113805970149	0.106343283582	0.102611940299	0.0970149253731	0.113805970149	0.100746268657	0.080223880597	0.257462686567	0.0820895522388	0.0839552238806	0.0839552238806	0.0783582089552	0.080223880597	0.100746268657	0.0988805970149	0.0876865671642	0.0914179104478	0.0652985074627	0.110074626866	0.0839552238806	0.102611940299	0.0522388059701	0.102611940299	0.0708955223881	0.0951492537313	0.0839552238806	0.110074626866	0.0727611940299	0.106343283582	0.121268656716	0.113805970149	0.0914179104478	0.0541044776119	0.136194029851	0.0932835820896	0.0951492537313	0.0783582089552	0.0876865671642	0.0876865671642	0.0951492537313	0.0746268656716	0.0914179104478	0.0988805970149	0.0746268656716	0.0914179104478	0.0876865671642	0.100746268657	0.0858208955224	0.0820895522388	0.0746268656716	0.080223880597	0.126865671642	0.089552238806	0.115671641791	0.0970149253731	0.111940298507	0.102611940299	0.080223880597	0.080223880597	0.0970149253731	0.111940298507	0.115671641791	0.108208955224	0.0876865671642	0.0951492537313	0.0914179104478
CCIS44743950ST-4-0.snv.bam	0.272388059701	0.227611940299	0.259328358209	0.257462686567	0.277985074627	0.238805970149	0.263059701493	0.274253731343	0.305970149254	0.291044776119	0.263059701493	0.272388059701	0.276119402985	0.279850746269	0.251865671642	0.0	0.289179104478	0.268656716418	0.248134328358	0.291044776119	0.266791044776	0.285447761194	0.264925373134	0.259328358209	0.266791044776	0.223880597015	0.257462686567	0.244402985075	0.261194029851	0.25	0.261194029851	0.272388059701	0.253731343284	0.266791044776	0.257462686567	0.266791044776	0.257462686567	0.261194029851	0.251865671642	0.25	0.274253731343	0.261194029851	0.272388059701	0.25	0.263059701493	0.263059701493	0.263059701493	0.264925373134	0.238805970149	0.248134328358	0.274253731343	0.277985074627	0.255597014925	0.285447761194	0.261194029851	0.261194029851	0.235074626866	0.233208955224	0.266791044776	0.266791044776	0.266791044776	0.261194029851	0.27052238806	0.264925373134	0.28171641791	0.272388059701	0.274253731343	0.0671641791045	0.264925373134	0.248134328358	0.264925373134	0.259328358209	0.244402985075	0.272388059701	0.253731343284	0.268656716418	0.236940298507	0.285447761194	0.279850746269	0.257462686567	0.27052238806	0.233208955224	0.272388059701	0.266791044776	0.251865671642	0.244402985075	0.27052238806	0.240671641791	0.264925373134	0.298507462687	0.27052238806	0.272388059701	0.246268656716	0.184701492537	0.263059701493	0.259328358209	0.248134328358	0.253731343284	0.255597014925	0.276119402985	0.27052238806	0.277985074627	0.28171641791	0.238805970149	0.257462686567	0.27052238806	0.261194029851	0.283582089552	0.274253731343	0.263059701493	0.259328358209	0.291044776119	0.277985074627	0.28171641791	0.257462686567	0.283582089552	0.261194029851	0.272388059701	0.251865671642	0.274253731343	0.263059701493	0.274253731343	0.255597014925	0.22947761194	0.253731343284	0.248134328358
CCIS50369211ST-20-0.snv.bam	0.125	0.0858208955224	0.106343283582	0.106343283582	0.136194029851	0.100746268657	0.115671641791	0.108208955224	0.110074626866	0.123134328358	0.117537313433	0.110074626866	0.100746268657	0.152985074627	0.102611940299	0.289179104478	0.0	0.117537313433	0.141791044776	0.113805970149	0.130597014925	0.130597014925	0.128731343284	0.136194029851	0.115671641791	0.0783582089552	0.0970149253731	0.113805970149	0.113805970149	0.132462686567	0.113805970149	0.106343283582	0.138059701493	0.0988805970149	0.110074626866	0.134328358209	0.121268656716	0.110074626866	0.115671641791	0.100746268657	0.119402985075	0.123134328358	0.130597014925	0.121268656716	0.130597014925	0.0970149253731	0.139925373134	0.152985074627	0.106343283582	0.0876865671642	0.136194029851	0.126865671642	0.0914179104478	0.136194029851	0.130597014925	0.130597014925	0.089552238806	0.0876865671642	0.143656716418	0.143656716418	0.14552238806	0.139925373134	0.126865671642	0.117537313433	0.100746268657	0.121268656716	0.123134328358	0.287313432836	0.100746268657	0.108208955224	0.125	0.111940298507	0.106343283582	0.0764925373134	0.132462686567	0.102611940299	0.123134328358	0.0876865671642	0.132462686567	0.130597014925	0.138059701493	0.0541044776119	0.128731343284	0.0970149253731	0.128731343284	0.0932835820896	0.125	0.0839552238806	0.136194029851	0.152985074627	0.123134328358	0.132462686567	0.0858208955224	0.151119402985	0.0970149253731	0.130597014925	0.117537313433	0.113805970149	0.126865671642	0.115671641791	0.102611940299	0.0727611940299	0.115671641791	0.0970149253731	0.089552238806	0.080223880597	0.125	0.0839552238806	0.0951492537313	0.102611940299	0.0988805970149	0.121268656716	0.110074626866	0.111940298507	0.111940298507	0.136194029851	0.130597014925	0.121268656716	0.0914179104478	0.111940298507	0.130597014925	0.139925373134	0.126865671642	0.089552238806	0.100746268657	0.0988805970149
CCIS52370277ST-4-0.snv.bam	0.111940298507	0.0634328358209	0.100746268657	0.0932835820896	0.115671641791	0.0652985074627	0.0988805970149	0.0914179104478	0.128731343284	0.117537313433	0.0279850746269	0.0914179104478	0.10447761194	0.108208955224	0.0727611940299	0.268656716418	0.117537313433	0.0	0.123134328358	0.123134328358	0.0764925373134	0.128731343284	0.0317164179104	0.0858208955224	0.119402985075	0.080223880597	0.0876865671642	0.115671641791	0.117537313433	0.035447761194	0.10447761194	0.0876865671642	0.0914179104478	0.102611940299	0.0205223880597	0.121268656716	0.0335820895522	0.0279850746269	0.0988805970149	0.117537313433	0.10447761194	0.0820895522388	0.115671641791	0.111940298507	0.121268656716	0.089552238806	0.0597014925373	0.119402985075	0.089552238806	0.0820895522388	0.126865671642	0.115671641791	0.0932835820896	0.0970149253731	0.0820895522388	0.0820895522388	0.0559701492537	0.0410447761194	0.0485074626866	0.0485074626866	0.0503731343284	0.119402985075	0.089552238806	0.0746268656716	0.108208955224	0.108208955224	0.0727611940299	0.277985074627	0.0988805970149	0.0671641791045	0.0298507462687	0.0932835820896	0.0951492537313	0.115671641791	0.0541044776119	0.10447761194	0.106343283582	0.0858208955224	0.111940298507	0.0708955223881	0.0615671641791	0.0634328358209	0.102611940299	0.0783582089552	0.0503731343284	0.0988805970149	0.130597014925	0.089552238806	0.123134328358	0.110074626866	0.117537313433	0.102611940299	0.0820895522388	0.141791044776	0.102611940299	0.121268656716	0.0951492537313	0.0727611940299	0.0466417910448	0.110074626866	0.0876865671642	0.110074626866	0.102611940299	0.0727611940299	0.0839552238806	0.089552238806	0.108208955224	0.108208955224	0.089552238806	0.0597014925373	0.102611940299	0.132462686567	0.0951492537313	0.113805970149	0.100746268657	0.0970149253731	0.0820895522388	0.0186567164179	0.100746268657	0.106343283582	0.110074626866	0.113805970149	0.108208955224	0.0970149253731	0.0988805970149	0.100746268657
CCIS59132091ST-4-0.snv.bam	0.147388059701	0.0858208955224	0.115671641791	0.123134328358	0.158582089552	0.10447761194	0.141791044776	0.136194029851	0.139925373134	0.158582089552	0.102611940299	0.14552238806	0.113805970149	0.154850746269	0.10447761194	0.248134328358	0.141791044776	0.123134328358	0.0	0.136194029851	0.134328358209	0.151119402985	0.10447761194	0.14552238806	0.126865671642	0.0970149253731	0.126865671642	0.115671641791	0.139925373134	0.126865671642	0.132462686567	0.143656716418	0.139925373134	0.126865671642	0.117537313433	0.143656716418	0.113805970149	0.121268656716	0.132462686567	0.126865671642	0.152985074627	0.113805970149	0.132462686567	0.130597014925	0.139925373134	0.139925373134	0.126865671642	0.128731343284	0.113805970149	0.117537313433	0.108208955224	0.134328358209	0.10447761194	0.151119402985	0.128731343284	0.130597014925	0.100746268657	0.0970149253731	0.126865671642	0.126865671642	0.130597014925	0.117537313433	0.126865671642	0.139925373134	0.132462686567	0.136194029851	0.126865671642	0.264925373134	0.108208955224	0.100746268657	0.128731343284	0.110074626866	0.0932835820896	0.119402985075	0.106343283582	0.106343283582	0.115671641791	0.126865671642	0.151119402985	0.130597014925	0.111940298507	0.0914179104478	0.136194029851	0.113805970149	0.102611940299	0.0988805970149	0.141791044776	0.102611940299	0.113805970149	0.164179104478	0.147388059701	0.143656716418	0.110074626866	0.167910447761	0.115671641791	0.132462686567	0.130597014925	0.0988805970149	0.0951492537313	0.134328358209	0.139925373134	0.149253731343	0.154850746269	0.117537313433	0.132462686567	0.125	0.139925373134	0.14552238806	0.125	0.125	0.100746268657	0.15671641791	0.138059701493	0.134328358209	0.126865671642	0.149253731343	0.130597014925	0.130597014925	0.106343283582	0.154850746269	0.147388059701	0.158582089552	0.141791044776	0.0970149253731	0.108208955224	0.108208955224
