	BYQ_AAAB.snv.bam	CCIS07648107ST-4-0.snv.bam	CCIS20795251ST-4-0.snv.bam	CCIS23164343ST-4-0.snv.bam	CCIS78100604ST-4-0.snv.bam	CCIS95409808ST-4-0.snv.bam	CCIS96387239ST-4-0.snv.bam	M3.3-V3.metaG.snv.bam	M3.3-V3.metaT.snv.bam	MMRS40913371ST-27-0-0.snv.bam	SAMEA3136634.snv.bam	SAMEA3136635.snv.bam	SAMEA3136639.snv.bam	SAMEA3136651.snv.bam	SAMEA3136652.snv.bam	SAMEA3136662.snv.bam	SAMEA3136669.snv.bam	SAMEA3136698.snv.bam	SAMEA3136712.snv.bam	SAMEA3136720.snv.bam	V1.FI37.snv.bam
BYQ_AAAB.snv.bam	0.0	0.144593100666	0.137261638513	0.156574718416	0.158615761614	0.143723680294	0.113726705754	0.148976095601	0.162417079576	0.100225463355	0.108168644036	0.160161702698	0.130057836974	0.118059040495	0.0810825338967	0.124698914087	0.148272164394	0.145386705646	0.136163867096	0.146864899218	0.12066529351
CCIS07648107ST-4-0.snv.bam	0.144593100666	0.0	0.103158604743	0.152200766224	0.11260473101	0.107673127054	0.155791848599	0.127009460234	0.136704608832	0.138516715097	0.148241746424	0.143552978012	0.131258656328	0.156112161744	0.153091861839	0.149227822952	0.145901123784	0.153435461776	0.138488040103	0.162314711987	0.155310970238
CCIS20795251ST-4-0.snv.bam	0.137261638513	0.103158604743	0.0	0.148131432582	0.125510976212	0.11628365956	0.15170548753	0.136267255024	0.144684399688	0.123711293252	0.142759691725	0.149385676535	0.139527084623	0.172492371994	0.129746059973	0.156303825247	0.14741644184	0.149699580134	0.123201986245	0.164033499905	0.143402600729
CCIS23164343ST-4-0.snv.bam	0.156574718416	0.152200766224	0.148131432582	0.0	0.146429114227	0.126934010745	0.159086150082	0.174704746012	0.180511875368	0.139075907223	0.166442794088	0.113907820777	0.163418820841	0.164488005002	0.162564553994	0.141393193818	0.104550969428	0.145360647075	0.147604702881	0.147885575312	0.152577947735
CCIS78100604ST-4-0.snv.bam	0.158615761614	0.11260473101	0.125510976212	0.146429114227	0.0	0.0669778200068	0.188259967518	0.129558969376	0.13797725682	0.14765774426	0.164061858367	0.147305169433	0.151486967542	0.173091103564	0.164015874523	0.167814229091	0.13727472861	0.131100579034	0.142359958173	0.203878632873	0.16499227531
CCIS95409808ST-4-0.snv.bam	0.143723680294	0.107673127054	0.11628365956	0.126934010745	0.0669778200068	0.0	0.157247945156	0.125611787727	0.137906980662	0.117929972972	0.140017993793	0.137446102302	0.143650555693	0.147748095175	0.141092963886	0.142232626611	0.126578275782	0.118898674393	0.128488126165	0.190439064771	0.15354185802
CCIS96387239ST-4-0.snv.bam	0.113726705754	0.155791848599	0.15170548753	0.159086150082	0.188259967518	0.157247945156	0.0	0.155280543642	0.171120865174	0.108429748521	0.129964129544	0.164637477212	0.156057977572	0.131144431171	0.115256987775	0.152924026824	0.152479335714	0.166301710984	0.132173335902	0.138118956978	0.128899425474
M3.3-V3.metaG.snv.bam	0.148976095601	0.127009460234	0.136267255024	0.174704746012	0.129558969376	0.125611787727	0.155280543642	0.0	0.0332684204229	0.131394507297	0.138751760293	0.152024250398	0.143617667219	0.164780886632	0.145735639437	0.163939473448	0.145982072952	0.150495967928	0.136389242011	0.173314337727	0.149474454748
M3.3-V3.metaT.snv.bam	0.162417079576	0.136704608832	0.144684399688	0.180511875368	0.13797725682	0.137906980662	0.171120865174	0.0332684204229	0.0	0.148125794377	0.1507616161	0.160425500339	0.154789274065	0.182451780259	0.159426072534	0.179901605737	0.155867053566	0.170565151156	0.142783911742	0.172089888483	0.159911359346
MMRS40913371ST-27-0-0.snv.bam	0.100225463355	0.138516715097	0.123711293252	0.139075907223	0.14765774426	0.117929972972	0.108429748521	0.131394507297	0.148125794377	0.0	0.0955541849767	0.138294319759	0.129915820331	0.109969979911	0.102889976409	0.121168374913	0.125874012063	0.126273178376	0.0956359853933	0.126198376806	0.12278466251
SAMEA3136634.snv.bam	0.108168644036	0.148241746424	0.142759691725	0.166442794088	0.164061858367	0.140017993793	0.129964129544	0.138751760293	0.1507616161	0.0955541849767	0.0	0.143260632864	0.114922652503	0.134841282991	0.100710362381	0.133316182446	0.137769922692	0.125543407327	0.124290255468	0.13110382122	0.127430182259
SAMEA3136635.snv.bam	0.160161702698	0.143552978012	0.149385676535	0.113907820777	0.147305169433	0.137446102302	0.164637477212	0.152024250398	0.160425500339	0.138294319759	0.143260632864	0.0	0.117441856208	0.150636787069	0.157767818377	0.119949511369	0.0155672921867	0.115079174854	0.111880303227	0.154289931137	0.148190490746
SAMEA3136639.snv.bam	0.130057836974	0.131258656328	0.139527084623	0.163418820841	0.151486967542	0.143650555693	0.156057977572	0.143617667219	0.154789274065	0.129915820331	0.114922652503	0.117441856208	0.0	0.127259485558	0.118773047109	0.139078128631	0.106153099061	0.116698408794	0.0517134839408	0.16762833337	0.133478680134
SAMEA3136651.snv.bam	0.118059040495	0.156112161744	0.172492371994	0.164488005002	0.173091103564	0.147748095175	0.131144431171	0.164780886632	0.182451780259	0.109969979911	0.134841282991	0.150636787069	0.127259485558	0.0	0.104806835581	0.127845605171	0.131386306281	0.135289193523	0.115107278108	0.162238194491	0.132718131441
SAMEA3136652.snv.bam	0.0810825338967	0.153091861839	0.129746059973	0.162564553994	0.164015874523	0.141092963886	0.115256987775	0.145735639437	0.159426072534	0.102889976409	0.100710362381	0.157767818377	0.118773047109	0.104806835581	0.0	0.112665302019	0.146833586399	0.137958942092	0.114457805406	0.153955270203	0.116267960744
SAMEA3136662.snv.bam	0.124698914087	0.149227822952	0.156303825247	0.141393193818	0.167814229091	0.142232626611	0.152924026824	0.163939473448	0.179901605737	0.121168374913	0.133316182446	0.119949511369	0.139078128631	0.127845605171	0.112665302019	0.0	0.115193593487	0.0959360128209	0.134184283533	0.185976785018	0.137252036621
SAMEA3136669.snv.bam	0.148272164394	0.145901123784	0.14741644184	0.104550969428	0.13727472861	0.126578275782	0.152479335714	0.145982072952	0.155867053566	0.125874012063	0.137769922692	0.0155672921867	0.106153099061	0.131386306281	0.146833586399	0.115193593487	0.0	0.103953059935	0.0960840359251	0.156037492166	0.142945559891
SAMEA3136698.snv.bam	0.145386705646	0.153435461776	0.149699580134	0.145360647075	0.131100579034	0.118898674393	0.166301710984	0.150495967928	0.170565151156	0.126273178376	0.125543407327	0.115079174854	0.116698408794	0.135289193523	0.137958942092	0.0959360128209	0.103953059935	0.0	0.104570149504	0.190122834413	0.139543441718
SAMEA3136712.snv.bam	0.136163867096	0.138488040103	0.123201986245	0.147604702881	0.142359958173	0.128488126165	0.132173335902	0.136389242011	0.142783911742	0.0956359853933	0.124290255468	0.111880303227	0.0517134839408	0.115107278108	0.114457805406	0.134184283533	0.0960840359251	0.104570149504	0.0	0.149205001845	0.133567217745
SAMEA3136720.snv.bam	0.146864899218	0.162314711987	0.164033499905	0.147885575312	0.203878632873	0.190439064771	0.138118956978	0.173314337727	0.172089888483	0.126198376806	0.13110382122	0.154289931137	0.16762833337	0.162238194491	0.153955270203	0.185976785018	0.156037492166	0.190122834413	0.149205001845	0.0	0.150083953372
V1.FI37.snv.bam	0.12066529351	0.155310970238	0.143402600729	0.152577947735	0.16499227531	0.15354185802	0.128899425474	0.149474454748	0.159911359346	0.12278466251	0.127430182259	0.148190490746	0.133478680134	0.132718131441	0.116267960744	0.137252036621	0.142945559891	0.139543441718	0.133567217745	0.150083953372	0.0
