	CCIS15704761ST-4-0.snv.bam	MH0221.snv.bam	MMRS65945127ST-27-0-0.snv.bam	SAMEA3136692.snv.bam	SAMEA3136744.snv.bam	SZEY-10A.snv.bam	T2D-177A.snv.bam	V1.CD18-3.snv.bam	V1.CD3-0-PN.snv.bam	V1.CD3-0-PT.snv.bam	V1.CD3-3-PN.snv.bam	V1.CD35-0.snv.bam	V1.CD35-1.snv.bam	V1.CD37-4.snv.bam	V1.CD44-0.snv.bam	V1.CD44-4.snv.bam	V1.CD53-0.snv.bam	V1.CD54-0.snv.bam	V1.FI24.snv.bam	V1.FI33.snv.bam	V1.FI34.snv.bam	alien-11-392-1.snv.bam	alien-11-392-3.snv.bam	alien-13-392-1.snv.bam
CCIS15704761ST-4-0.snv.bam	0.0	0.484403791111	0.432945888872	0.463394727839	0.0680588521328	0.501383269947	0.0574754525582	0.473862440872	0.473076548731	0.13713404332	0.0768754962419	0.0364402911896	0.019752256148	0.488413551266	0.475916536012	0.474744379209	0.090807885	0.0618631193114	0.06756107915	0.473798392249	0.472549115557	0.296807354626	0.279334017283	0.289744266068
MH0221.snv.bam	0.484403791111	0.0	0.0825800817086	0.0579592966201	0.434103538978	0.0638152285378	0.469406490411	0.0513168642762	0.0825832990008	0.46357018624	0.441590437221	0.507418366491	0.481670169202	0.0366991700243	0.0448799267974	0.0491523057342	0.43266464363	0.456629116457	0.478871327674	0.0474222852227	0.0487289940548	0.203999656799	0.23239759453	0.216668370052
MMRS65945127ST-27-0-0.snv.bam	0.432945888872	0.0825800817086	0.0	0.0437340013406	0.390964529698	0.119388305377	0.426450127119	0.0916228614865	0.091857006557	0.427595472973	0.404441933685	0.463105007913	0.437465407212	0.0966896771537	0.0452084568786	0.0427892016744	0.390531607037	0.417013862849	0.435933956146	0.083965849842	0.0415136816324	0.177624395662	0.20876602176	0.192546772644
SAMEA3136692.snv.bam	0.463394727839	0.0579592966201	0.0437340013406	0.0	0.422579064635	0.093849397042	0.461237161303	0.0769835370597	0.104728799155	0.455119949033	0.438218414374	0.504155027103	0.477468521066	0.0722863745739	0.0195779279457	0.0137921457276	0.423414678862	0.452292630624	0.471082302945	0.0674696462785	0.0192476473455	0.207101169201	0.240560031133	0.225409359107
SAMEA3136744.snv.bam	0.0680588521328	0.434103538978	0.390964529698	0.422579064635	0.0	0.452845652102	0.0512752675177	0.436087888338	0.425938326625	0.11268994728	0.0785982747795	0.0825607209078	0.0680220289251	0.439656409947	0.428212476224	0.428894562842	0.0610702238355	0.0752616828755	0.0612602038755	0.426169499789	0.424497620677	0.243183372539	0.236454243456	0.241329737487
SZEY-10A.snv.bam	0.501383269947	0.0638152285378	0.119388305377	0.093849397042	0.452845652102	0.0	0.483623999893	0.0836330079182	0.0959854650143	0.47967732842	0.464353851398	0.524562536695	0.501339279932	0.0776330277178	0.0881929688741	0.0880278760869	0.448884899344	0.473380771559	0.494317484171	0.0626541322836	0.0858546099962	0.236033602099	0.26511584	0.248615689244
T2D-177A.snv.bam	0.0574754525582	0.469406490411	0.426450127119	0.461237161303	0.0512752675177	0.483623999893	0.0	0.46741864027	0.455700231411	0.0945666701304	0.0644888732157	0.0617880573157	0.0466198377202	0.472727678541	0.460691358192	0.465455988112	0.0649877481511	0.0405376795047	0.0375424275814	0.4572225444	0.456367112439	0.279945131895	0.272626375509	0.277021014771
V1.CD18-3.snv.bam	0.473862440872	0.0513168642762	0.0916228614865	0.0769835370597	0.436087888338	0.0836330079182	0.46741864027	0.0	0.0850557458465	0.461813196778	0.433804297278	0.491061679153	0.471924489651	0.0674564788497	0.0649747892177	0.0704725916599	0.432398213323	0.444558011699	0.477474881255	0.0644030721542	0.0671493878006	0.218913447144	0.249896389908	0.231392189107
V1.CD3-0-PN.snv.bam	0.473076548731	0.0825832990008	0.091857006557	0.104728799155	0.425938326625	0.0959854650143	0.455700231411	0.0850557458465	0.0	0.453720318738	0.424814988755	0.482080374086	0.467833107311	0.0873631013378	0.0957332955189	0.102644655332	0.417560601083	0.442676538288	0.465651950557	0.0614198043735	0.095624786332	0.21089403474	0.241128129626	0.221948160711
V1.CD3-0-PT.snv.bam	0.13713404332	0.46357018624	0.427595472973	0.455119949033	0.11268994728	0.47967732842	0.0945666701304	0.461813196778	0.453720318738	0.0	0.127541142863	0.132082552096	0.124485828242	0.466213049439	0.453952412452	0.4587686994	0.123641704796	0.106427174112	0.10304489915	0.453679721333	0.44993505928	0.297222722906	0.29355662997	0.292521776539
V1.CD3-3-PN.snv.bam	0.0768754962419	0.441590437221	0.404441933685	0.438218414374	0.0785982747795	0.464353851398	0.0644888732157	0.433804297278	0.424814988755	0.127541142863	0.0	0.081531807807	0.0697371869326	0.447803447532	0.437180243644	0.444555018249	0.0865113725955	0.0339197957141	0.0805983582974	0.438077471711	0.436829721768	0.275996147225	0.267032388132	0.268266228311
V1.CD35-0.snv.bam	0.0364402911896	0.507418366491	0.463105007913	0.504155027103	0.0825607209078	0.524562536695	0.0617880573157	0.491061679153	0.482080374086	0.132082552096	0.081531807807	0.0	0.0227464443632	0.513502823473	0.499819650521	0.506478451442	0.0899910925333	0.0691686405258	0.0661622501739	0.4848289048	0.498818847625	0.313746196093	0.306251445719	0.308477912563
V1.CD35-1.snv.bam	0.019752256148	0.481670169202	0.437465407212	0.477468521066	0.0680220289251	0.501339279932	0.0466198377202	0.471924489651	0.467833107311	0.124485828242	0.0697371869326	0.0227464443632	0.0	0.486976845284	0.473936076776	0.481227955216	0.0822964562676	0.0539719115699	0.0565974744306	0.475386531499	0.472822430821	0.294203227475	0.287703909885	0.292748715579
V1.CD37-4.snv.bam	0.488413551266	0.0366991700243	0.0966896771537	0.0722863745739	0.439656409947	0.0776330277178	0.472727678541	0.0674564788497	0.0873631013378	0.466213049439	0.447803447532	0.513502823473	0.486976845284	0.0	0.0591626020266	0.0591390792741	0.437776963461	0.46109427312	0.480873664982	0.0501095027679	0.0624670383154	0.200828522185	0.233619778715	0.216667212348
V1.CD44-0.snv.bam	0.475916536012	0.0448799267974	0.0452084568786	0.0195779279457	0.428212476224	0.0881929688741	0.460691358192	0.0649747892177	0.0957332955189	0.453952412452	0.437180243644	0.499819650521	0.473936076776	0.0591626020266	0.0	0.0102569136724	0.425603904365	0.449341511635	0.469079271229	0.0600533557445	0.00811382286777	0.210821246835	0.245016952607	0.227568653862
V1.CD44-4.snv.bam	0.474744379209	0.0491523057342	0.0427892016744	0.0137921457276	0.428894562842	0.0880278760869	0.465455988112	0.0704725916599	0.102644655332	0.4587686994	0.444555018249	0.506478451442	0.481227955216	0.0591390792741	0.0102569136724	0.0	0.426777032588	0.453122774631	0.474790044946	0.0607290623769	0.00940171257554	0.208962735841	0.243891663225	0.228896515282
V1.CD53-0.snv.bam	0.090807885	0.43266464363	0.390531607037	0.423414678862	0.0610702238355	0.448884899344	0.0649877481511	0.432398213323	0.417560601083	0.123641704796	0.0865113725955	0.0899910925333	0.0822964562676	0.437776963461	0.425603904365	0.426777032588	0.0	0.0854840210595	0.0538063260854	0.424138038107	0.421831471488	0.241475070692	0.228256170164	0.236124071817
V1.CD54-0.snv.bam	0.0618631193114	0.456629116457	0.417013862849	0.452292630624	0.0752616828755	0.473380771559	0.0405376795047	0.444558011699	0.442676538288	0.106427174112	0.0339197957141	0.0691686405258	0.0539719115699	0.46109427312	0.449341511635	0.453122774631	0.0854840210595	0.0	0.0613124967842	0.448263559832	0.444540251942	0.285836732745	0.280370750482	0.280893620043
V1.FI24.snv.bam	0.06756107915	0.478871327674	0.435933956146	0.471082302945	0.0612602038755	0.494317484171	0.0375424275814	0.477474881255	0.465651950557	0.10304489915	0.0805983582974	0.0661622501739	0.0565974744306	0.480873664982	0.469079271229	0.474790044946	0.0538063260854	0.0613124967842	0.0	0.4688872198	0.465040152232	0.278232087716	0.269461693049	0.276797435095
V1.FI33.snv.bam	0.473798392249	0.0474222852227	0.083965849842	0.0674696462785	0.426169499789	0.0626541322836	0.4572225444	0.0644030721542	0.0614198043735	0.453679721333	0.438077471711	0.4848289048	0.475386531499	0.0501095027679	0.0600533557445	0.0607290623769	0.424138038107	0.448263559832	0.4688872198	0.0	0.057752635447	0.204879766917	0.233580441149	0.21725853857
V1.FI34.snv.bam	0.472549115557	0.0487289940548	0.0415136816324	0.0192476473455	0.424497620677	0.0858546099962	0.456367112439	0.0671493878006	0.095624786332	0.44993505928	0.436829721768	0.498818847625	0.472822430821	0.0624670383154	0.00811382286777	0.00940171257554	0.421831471488	0.444540251942	0.465040152232	0.057752635447	0.0	0.206938899716	0.240906376945	0.223458078199
alien-11-392-1.snv.bam	0.296807354626	0.203999656799	0.177624395662	0.207101169201	0.243183372539	0.236033602099	0.279945131895	0.218913447144	0.21089403474	0.297222722906	0.275996147225	0.313746196093	0.294203227475	0.200828522185	0.210821246835	0.208962735841	0.241475070692	0.285836732745	0.278232087716	0.204879766917	0.206938899716	0.0	0.0923835728684	0.0735011902993
alien-11-392-3.snv.bam	0.279334017283	0.23239759453	0.20876602176	0.240560031133	0.236454243456	0.26511584	0.272626375509	0.249896389908	0.241128129626	0.29355662997	0.267032388132	0.306251445719	0.287703909885	0.233619778715	0.245016952607	0.243891663225	0.228256170164	0.280370750482	0.269461693049	0.233580441149	0.240906376945	0.0923835728684	0.0	0.066053393965
alien-13-392-1.snv.bam	0.289744266068	0.216668370052	0.192546772644	0.225409359107	0.241329737487	0.248615689244	0.277021014771	0.231392189107	0.221948160711	0.292521776539	0.268266228311	0.308477912563	0.292748715579	0.216667212348	0.227568653862	0.228896515282	0.236124071817	0.280893620043	0.276797435095	0.21725853857	0.223458078199	0.0735011902993	0.066053393965	0.0
