	159369152-stool1.snv.bam	159490532-stool2.snv.bam	159814214-stool2.snv.bam	160603188-stool2.snv.bam	508703490-stool1.snv.bam	550534656-stool1.snv.bam	737052003-stool1.snv.bam	737052003-stool2.snv.bam	763496533-stool1.snv.bam	763536994-stool2.snv.bam	763577454-stool2.snv.bam	763721271-stool1.snv.bam	763759525-stool1.snv.bam	763860675-stool1.snv.bam	764285508-stool1.snv.bam	764305738-stool1.snv.bam	764305738-stool2.snv.bam	765094712-stool2.snv.bam	BYQ_AAAD.snv.bam	BYQ_AAAG.snv.bam	BYQ_AAAH.snv.bam	BYQ_AAAO.snv.bam	BYQ_AAAR.snv.bam	BYQ_AAAS.snv.bam	BYQ_AAAX.snv.bam	BYQ_AABA.snv.bam	BYQ_AABB.snv.bam	CCIS02856720ST-4-0.snv.bam	CCIS07648107ST-4-0.snv.bam	CCIS21126322ST-4-0.snv.bam	CCIS32452666ST-4-0.snv.bam	CCIS45793747ST-4-0.snv.bam	CCIS50003399ST-4-0.snv.bam	CCIS50471204ST-4-0.snv.bam	CCIS59903910ST-4-0.snv.bam	CCIS76845094ST-20-0.snv.bam	CCIS82146115ST-4-0.snv.bam	CCMD26709089ST-21-0.snv.bam	CCMD90311071ST-21-0.snv.bam	CCMD95433940ST-21-0.snv.bam	M1.2-V2.metaG.snv.bam	M1.2-V2.metaT.snv.bam	M1.2-V3.metaG.snv.bam	M1.3-V2.metaT.snv.bam	M4.2-V3.metaT.snv.bam	M4.4-V3.metaT.snv.bam	M4.5-V3.metaT.snv.bam	MH0199.snv.bam	MH0204.snv.bam	MH0205.snv.bam	MH0211.snv.bam	MH0267.snv.bam	MH0287.snv.bam	MH0289.snv.bam	MH0292.snv.bam	MH0342.snv.bam	MH0345.snv.bam	MH0387.snv.bam	MH0405.snv.bam	MH0408.snv.bam	MH0411.snv.bam	MH0413.snv.bam	MH0420.snv.bam	MH0458.snv.bam	MMRS11932626ST-27-0-0.snv.bam	MMRS17603756ST-27-0-0.snv.bam	MMRS39415781ST-27-0-0.snv.bam	MMRS54246132ST-27-0-0.snv.bam	MMRS59699117ST-27-0-0.snv.bam	MMRS73787048ST-27-0-0.snv.bam	MMRS90191266ST-27-0-0.snv.bam	MMRS99045180ST-27-0-0.snv.bam	NG-5636_268.snv.bam	NG-5636_457.snv.bam	NG-5636_472.snv.bam	NG-5636_483.snv.bam	NLM022.snv.bam	O2.UC22-1.snv.bam	O2.UC30-1.snv.bam	O2.UC37-1.snv.bam	O2.UC5-1.snv.bam	SAMEA3136636.snv.bam	SAMEA3136704.snv.bam	V1.CD1-0-PT.snv.bam	V1.CD25-4.snv.bam	V1.CD36-0.snv.bam	V1.CD41-0.snv.bam	V1.CD42-0.snv.bam	V1.CD51-0.snv.bam	V1.CD52-0.snv.bam	V1.FI21.snv.bam	V1.FI30.snv.bam	V1.UC34-0.snv.bam	V1.UC38-4.snv.bam	alien-11-2-0.snv.bam	alien-11-60-0.snv.bam	alien-11-7-0.snv.bam	alien-13-7-0.snv.bam	daisy-11-60-0.snv.bam	peacemaker-11-0-0.snv.bam	peacemaker-11-2-0.snv.bam	peacemaker-11-392-1.snv.bam	peacemaker-11-60-0.snv.bam	peacemaker-11-7-0.snv.bam	peacemaker-12-7-0.snv.bam	peacemaker-13-392-1.snv.bam	peacemaker-13-7-0.snv.bam
159369152-stool1.snv.bam	0.0	0.207123437529	0.178607941422	0.201281828947	0.1310624234	0.167352288768	0.137750108799	0.131822942474	0.139897579143	0.114475210711	0.124564393939	0.139932776274	0.144707992824	0.14506866417	0.128873054411	0.185090867643	0.18555849306	0.173478388709	0.183869477271	0.217550965316	0.226675028661	0.182683174476	0.216554466273	0.228701298701	0.18393075171	0.221044072903	0.227273998641	0.185153389241	0.135593220339	0.206367951498	0.1226095671	0.14606741573	0.214525139665	0.15093267683	0.184704381708	0.090367965368	0.145345840084	0.150948800978	0.128870800576	0.189968940347	0.197674418605	0.215827338129	0.221590909091	0.142424242424	0.191082802548	0.213496932515	0.217508682786	0.168869206658	0.167506598787	0.162839592386	0.163541566458	0.106075290541	0.125587766339	0.20061584458	0.198913805905	0.228831168831	0.15786814027	0.178945530726	0.197130848667	0.186043247294	0.17942995959	0.148690467861	0.1850847041	0.0969816814581	0.119111516083	0.19657863339	0.112374334713	0.156840175837	0.148571428571	0.187441921426	0.191854990584	0.150827020523	0.162234636872	0.224719101124	0.164155521697	0.128491620112	0.183915496706	0.198220998406	0.159803921569	0.190130353818	0.258553836505	0.179640718563	0.134078212291	0.173577141601	0.21794951376	0.202567448474	0.0909983843725	0.197228147438	0.189774843406	0.145278293646	0.231170548579	0.269144230182	0.14585813484	0.194769330734	0.178041022523	0.177619047619	0.171597633136	0.170731707317	0.142433449074	0.182642397216	0.178653027642	0.190196011841	0.181825566966	0.182096840116	0.180815960394	0.190358278327	0.175781074286
159490532-stool2.snv.bam	0.207123437529	0.0	0.159808079026	0.189796538824	0.192194630671	0.155239978874	0.169794937672	0.167794425816	0.189537566579	0.188765525016	0.191390996772	0.170967830882	0.201779184346	0.144435232889	0.136000276937	0.178772018697	0.173615138671	0.156394348392	0.171774750302	0.216283354575	0.156483444865	0.174032326309	0.20878727711	0.1596841576	0.173553578061	0.217698616364	0.156909913126	0.115917128526	0.129766017593	0.20129182828	0.155415583949	0.190363660992	0.219120899913	0.183731312816	0.189780196985	0.1827859853	0.239500103949	0.200527392737	0.190414218388	0.205985888542	0.219736212277	0.235697843267	0.237180968309	0.142175241798	0.202855649404	0.19415708527	0.188527777091	0.162420511516	0.198596436511	0.178529118494	0.205838411835	0.179161733769	0.191433119617	0.184697396009	0.186497007548	0.23932130604	0.195717745167	0.172942228509	0.224078444271	0.179487692805	0.194965241225	0.159214999119	0.178825255126	0.214566586806	0.210368395392	0.17817722412	0.173618586014	0.253641977233	0.187810722468	0.141098860504	0.102060460586	0.135495625825	0.156194973987	0.190363660992	0.15810518723	0.168147213026	0.164158912428	0.186371367085	0.181170916273	0.195787566579	0.249707214606	0.184841606496	0.156101950731	0.17844312577	0.145444894848	0.195977529471	0.180539638198	0.188006268203	0.194693290485	0.156005712394	0.23560605978	0.254421048243	0.139373623974	0.199693706627	0.223931125564	0.227368229355	0.212146419035	0.218311235279	0.192900465281	0.187624298812	0.183412513448	0.172889896873	0.186235956154	0.187817128309	0.185913378012	0.173051261879	0.180633582869
159814214-stool2.snv.bam	0.178607941422	0.159808079026	0.0	0.177402044641	0.172559034621	0.179673012616	0.174657732897	0.176168227488	0.181428350846	0.178619936741	0.163568342425	0.157706094403	0.16192346037	0.148449211263	0.17103878016	0.117949582548	0.11788711976	0.159331560575	0.160936046551	0.187864647466	0.181571646936	0.16073043492	0.181298917081	0.18492550696	0.161519261533	0.190363951856	0.182695785151	0.154313953808	0.133082699706	0.135600206876	0.13044340024	0.172322227136	0.134084508006	0.153795884906	0.148509670005	0.192536823991	0.17570821861	0.16005622733	0.139675527431	0.142189892247	0.170527782837	0.152297248775	0.172354730358	0.189987244264	0.147106681588	0.216466624789	0.204229343654	0.143772903628	0.170418375972	0.160466913556	0.159317537361	0.176830133745	0.162220726498	0.187171106657	0.175719796007	0.172673741337	0.19049296967	0.134273205644	0.180884021126	0.128791371257	0.178782607457	0.144268234114	0.139151249374	0.129234918456	0.17053947581	0.127689106015	0.13670701263	0.13883472868	0.178979418165	0.178190012741	0.176778505312	0.146859313287	0.136881401085	0.15305405671	0.162160387118	0.170025308369	0.157993811357	0.184290759271	0.15055829958	0.146406254886	0.227696381338	0.159490181396	0.177836169356	0.103560784634	0.166724015829	0.164284103644	0.194437772084	0.165688261646	0.145287108881	0.14959235363	0.186979395025	0.193810218147	0.154966013873	0.157817133913	0.190067121032	0.189019110574	0.176941112615	0.182402258066	0.173705039	0.136646453207	0.132044044252	0.133753733835	0.135960224824	0.1368579149	0.134660366121	0.133620106554	0.1292635754
160603188-stool2.snv.bam	0.201281828947	0.189796538824	0.177402044641	0.0	0.182763714234	0.169255836173	0.18608052228	0.18445580551	0.175791064143	0.191063507729	0.199541125203	0.205963624842	0.17731422258	0.163775287773	0.196636099443	0.217389900087	0.21301596039	0.178733412298	0.173446592892	0.22710076032	0.24525488811	0.175998977073	0.219360640593	0.247437104101	0.174472925059	0.228049287006	0.245908392627	0.188839632704	0.158529168372	0.233526136845	0.166746257794	0.193981544552	0.20411027355	0.198119995069	0.231949347197	0.202053779054	0.244802059859	0.209567480079	0.188445509768	0.184479535683	0.126138179975	0.139045990948	0.145886469693	0.176043692157	0.222231525816	0.180955396275	0.176280560601	0.180970332523	0.23332724715	0.18088443257	0.214695519632	0.195992031493	0.169922331997	0.20281981302	0.189199465635	0.246927233377	0.157003130581	0.216200603538	0.190848025713	0.214205390405	0.236851095156	0.193433379909	0.213052293589	0.206111078227	0.186244158155	0.222380310216	0.180621392012	0.256041408083	0.192308392074	0.197432730337	0.175553785294	0.180338016671	0.166643152858	0.219449970932	0.142633771293	0.181528236252	0.196961549522	0.175357212224	0.19171097602	0.205310084931	0.259482441505	0.208179931704	0.185393970479	0.199750927686	0.17931927237	0.211742304098	0.225084256391	0.0948245216028	0.204956549577	0.168439051073	0.198607092367	0.150198703018	0.182039182152	0.1500792825	0.240898514748	0.241599932311	0.226820393381	0.233693738635	0.182894754444	0.222101298487	0.217502707131	0.208545294248	0.22067360862	0.221973769119	0.220282864153	0.20812261367	0.214878517782
508703490-stool1.snv.bam	0.1310624234	0.192194630671	0.172559034621	0.182763714234	0.0	0.151184087789	0.152335658821	0.154221573209	0.136178177576	0.110659637563	0.125379327286	0.135233960352	0.146119370351	0.112301774131	0.158760805642	0.181205761745	0.176073224331	0.158360564723	0.156768108658	0.187770907399	0.199553531412	0.158710139419	0.185623135994	0.202059058704	0.155687101497	0.188318088818	0.200156004141	0.163417550559	0.13180709626	0.154106474582	0.0884273491288	0.148011575942	0.199637915403	0.158628266448	0.158631032268	0.138521901417	0.130106170005	0.102347664702	0.114164399523	0.175074777456	0.151950865941	0.159677890883	0.177917422525	0.138655517763	0.155115698345	0.172920340976	0.169732923053	0.176024537656	0.141015593065	0.114305258308	0.127080973145	0.13672813124	0.126677427692	0.174882861924	0.205684292297	0.184948295904	0.198243235858	0.141737634504	0.159222548935	0.159308612722	0.163422473198	0.115757980741	0.125447462842	0.12663792531	0.132821918552	0.191003819518	0.141428911655	0.154754855562	0.110453346409	0.185170252604	0.143147058381	0.125125578866	0.135817690684	0.142008751084	0.115277456886	0.114113270858	0.147250611625	0.182045863491	0.121848795074	0.164970312407	0.221051461787	0.139747282782	0.135592971583	0.147575040946	0.214317482611	0.131556275583	0.155657735001	0.190603431967	0.163863741076	0.13276926948	0.205157257881	0.212713324208	0.119411607805	0.195872043262	0.126832232628	0.13897128441	0.126302870685	0.135255153891	0.0815219198791	0.145536484024	0.141560377652	0.164287275626	0.144633850723	0.145534410413	0.143618572204	0.164450453721	0.13761585227
550534656-stool1.snv.bam	0.167352288768	0.155239978874	0.179673012616	0.169255836173	0.151184087789	0.0	0.174171107143	0.175953200916	0.120919799499	0.163392689773	0.167298448433	0.171985857237	0.159728123554	0.165380116959	0.161999998924	0.178243385938	0.172930382074	0.143839598997	0.173664171543	0.245572610009	0.17246470144	0.172963684072	0.23856328087	0.175489427983	0.172908825365	0.246605027425	0.1666676762	0.176433313977	0.161605162331	0.200337371422	0.172770774977	0.177824561404	0.208681704261	0.183635699418	0.189607900408	0.193123158774	0.206595552221	0.17222362069	0.167742365223	0.200795703814	0.185233918129	0.204866180049	0.204181966544	0.163484292126	0.170714367618	0.212997903564	0.211500206502	0.133555443961	0.198016424121	0.183361417432	0.199576151974	0.13285290141	0.133417917412	0.200563324242	0.181081166999	0.21733773562	0.190845739955	0.206574561404	0.156604115183	0.185263082921	0.217626390462	0.157989872249	0.201125242502	0.203531626998	0.17235027313	0.189426096338	0.155873159911	0.221879936205	0.17613624705	0.169164612314	0.167112825166	0.169579522595	0.149481704261	0.155858035894	0.15716078074	0.161605162331	0.171859617659	0.178711273619	0.151810785514	0.201253132832	0.261521166776	0.172511032182	0.126395989975	0.189654894813	0.235464773044	0.190679933279	0.169462489387	0.182076167922	0.200508544087	0.172288468423	0.208338243308	0.194203973553	0.132587501753	0.206136849109	0.182553178971	0.182471529701	0.174367055363	0.169495614035	0.174494712616	0.210435148635	0.205712053578	0.20093933923	0.209316723339	0.210404740707	0.20848774375	0.201105314664	0.203656349099
737052003-stool1.snv.bam	0.137750108799	0.169794937672	0.174657732897	0.18608052228	0.152335658821	0.174171107143	0.0	0.0142766885315	0.127063253723	0.120463397263	0.146918168915	0.150017145123	0.109652696692	0.125713930833	0.107941003232	0.160575648122	0.155317112395	0.156011678768	0.149929894862	0.176862433512	0.208237691514	0.15024323018	0.169532210761	0.211060792595	0.150810175098	0.180336134945	0.209335838094	0.152835474876	0.132506429042	0.184153664202	0.144590205761	0.133014920282	0.202177134698	0.158170336756	0.152875369194	0.128462120872	0.187861113594	0.152025798856	0.146591958325	0.201314677933	0.219068844241	0.230004819347	0.236957419464	0.142767055431	0.174155940599	0.205605041764	0.200785622833	0.1713875074	0.151584558212	0.143630288537	0.188246772613	0.137965301139	0.132892198735	0.21383639123	0.236764373512	0.185961137677	0.180478050523	0.168054230663	0.190141089467	0.151819797708	0.139716053764	0.13774524289	0.171793516504	0.170457598645	0.112572250593	0.145735591274	0.129707527625	0.200339488628	0.185285760689	0.152408011096	0.148594277123	0.147285639426	0.168643511385	0.195678547193	0.156283579718	0.14213452582	0.148358248748	0.198960967258	0.138957950792	0.158451862534	0.194480176937	0.179939714988	0.156540094926	0.142641008911	0.205450132414	0.184100110691	0.161513731786	0.191851436682	0.158098327181	0.133597930326	0.20163920629	0.239107037605	0.161099517022	0.198369740452	0.21364561572	0.212156520059	0.201570917341	0.202545330363	0.13264103351	0.175117234333	0.174942304351	0.155888239369	0.174659984989	0.174531724265	0.175382159933	0.155741192386	0.171622264421
737052003-stool2.snv.bam	0.131822942474	0.167794425816	0.176168227488	0.18445580551	0.154221573209	0.175953200916	0.0142766885315	0.0	0.126648001124	0.119662874844	0.146359809735	0.152353224125	0.111089157809	0.125548704433	0.100510535852	0.15880329364	0.153505258529	0.153856572749	0.150657918336	0.16818989382	0.207933919148	0.151212752621	0.165412170996	0.210778359761	0.151543116339	0.171483480257	0.209038450301	0.154303566102	0.132944032171	0.192395054262	0.144680464705	0.1325035887	0.207055238807	0.156571962637	0.156302184468	0.129848604582	0.183264397355	0.151746977665	0.148665192023	0.20216293496	0.220174517963	0.231983033913	0.238466006192	0.141799999483	0.179887483529	0.201795158231	0.19788204246	0.172358832184	0.150246445145	0.143831654964	0.18858478659	0.141182934862	0.136721403667	0.213985203883	0.234932884626	0.190862249587	0.177929625214	0.169063372594	0.19509062844	0.156500972632	0.135699968425	0.140114958423	0.173200299018	0.172742257645	0.109173487305	0.1517144697	0.129637361089	0.21145604315	0.184690720848	0.153145741725	0.146390778308	0.150977932985	0.169335750507	0.195314390755	0.156266391822	0.144493535739	0.152824227044	0.200113593499	0.143003869164	0.15554900087	0.195184257178	0.180897438097	0.16123831971	0.142457424992	0.202558488001	0.190835522908	0.161215660769	0.189582013397	0.155193490458	0.132276065698	0.203341128791	0.243652984349	0.161695302956	0.202689974214	0.216868895458	0.215292603722	0.205261288479	0.206183441702	0.131768000099	0.17802494031	0.177675273944	0.155735154019	0.177391377378	0.176893450697	0.17811758682	0.155770452501	0.174089502778
763496533-stool1.snv.bam	0.139897579143	0.189537566579	0.181428350846	0.175791064143	0.136178177576	0.120919799499	0.127063253723	0.126648001124	0.0	0.131757407681	0.123531073446	0.125166528697	0.120730942	0.127545003104	0.115066475958	0.156516288748	0.151235075036	0.133857212476	0.172526159139	0.188796052546	0.174535100074	0.17237213941	0.181668094524	0.176502238292	0.171940125758	0.191858231346	0.174178002502	0.17454123973	0.123829588015	0.167894067337	0.156376426445	0.11708566108	0.185787037037	0.161436754551	0.122798616625	0.136059253247	0.161436511343	0.133675011343	0.145863351787	0.183763136778	0.196772639692	0.214583333333	0.214924670433	0.130555555556	0.139504219409	0.202693089431	0.19963835866	0.162747617301	0.180853296157	0.134388631687	0.156658898361	0.124865868497	0.111595573314	0.17206605707	0.214884327595	0.193676825069	0.173982613876	0.161516203704	0.135156047656	0.14635226629	0.1611499264	0.148089210551	0.156414349528	0.169840154456	0.117022271267	0.164865291701	0.117565911987	0.186924957335	0.170691287879	0.167078809519	0.179775280899	0.167150904195	0.178231481481	0.184590316574	0.146808361392	0.145484171322	0.137944357231	0.191640214601	0.102639304309	0.150416666667	0.211694504372	0.125248015873	0.144675925926	0.145066527852	0.222155349794	0.174105421069	0.141794264522	0.198365042538	0.15039983165	0.110298251123	0.19081395794	0.218007761812	0.148850721921	0.193879198966	0.177238820429	0.176846590909	0.164950980392	0.163888888889	0.124914992676	0.17635110994	0.172385951503	0.150481959923	0.174993838415	0.176067161389	0.174487353207	0.150643324929	0.169079175763
763536994-stool2.snv.bam	0.114475210711	0.188765525016	0.178619936741	0.191063507729	0.110659637563	0.163392689773	0.120463397263	0.119662874844	0.131757407681	0.0	0.17753431275	0.160801423946	0.118251498614	0.13073685838	0.143922118805	0.199738081779	0.194583136285	0.1375015265	0.128437525505	0.214443395764	0.213926622234	0.127920997059	0.207595381081	0.215380025336	0.12695758567	0.217996044958	0.21369091628	0.184029901906	0.144526649915	0.195268768192	0.13463550614	0.149415069058	0.201264983438	0.166519564662	0.176482453904	0.111230492372	0.204253598689	0.175795087854	0.101900367254	0.187741261492	0.189852882161	0.191008695145	0.214003682573	0.116074973517	0.194657029478	0.224672731782	0.22182315328	0.195457622345	0.201851757891	0.155902166279	0.203806665033	0.123635323763	0.146514723671	0.215527689006	0.259944716841	0.187272957985	0.172676675479	0.193487994802	0.211983289753	0.172297604265	0.176314974042	0.134861206302	0.1769032707	0.138536125376	0.146917106389	0.186933025352	0.13668574575	0.183208498712	0.163120511594	0.188204573117	0.127344359025	0.154576846301	0.165322318149	0.188700783344	0.133185036239	0.102595045422	0.164114245696	0.208530466337	0.13452674729	0.176454377378	0.218212306268	0.195259982226	0.148566119802	0.17666446268	0.244520454819	0.154496029949	0.127687711448	0.201034535883	0.17609280713	0.166582918811	0.201923930794	0.210834404151	0.137819563758	0.228516027623	0.192919357649	0.197585804054	0.184658554078	0.197670599291	0.155890890984	0.174421483959	0.170277098879	0.17083933639	0.173256787878	0.174324018978	0.172663034067	0.170625580904	0.166587095479
763577454-stool2.snv.bam	0.124564393939	0.191390996772	0.163568342425	0.199541125203	0.125379327286	0.167298448433	0.146918168915	0.146359809735	0.123531073446	0.17753431275	0.0	0.132334973443	0.155247491861	0.127392676768	0.111236513354	0.142269071573	0.141540932757	0.191389632273	0.186478151129	0.174862544693	0.15236674914	0.18579055388	0.172051260905	0.155179541075	0.185930926527	0.176332836374	0.152438006468	0.158608006456	0.116925505051	0.144227262762	0.101794593173	0.128289141414	0.192096672944	0.138394565206	0.134945862481	0.153791173502	0.122826207392	0.123972704567	0.147109128616	0.157395656987	0.185633528265	0.178009592326	0.204247619048	0.135893997446	0.147247311828	0.198909465021	0.191849647187	0.140149586897	0.161318919981	0.102664521866	0.133856669372	0.14893112447	0.12822432297	0.174169745339	0.165828376386	0.17740682689	0.181912639346	0.130251883239	0.135177524923	0.16002867005	0.164023342822	0.120122421277	0.135601329012	0.124083010624	0.113661375547	0.160067026086	0.13605661882	0.175533724057	0.182909441233	0.171919578849	0.175882539683	0.145933831318	0.155586942875	0.163768939394	0.163179250128	0.180359848485	0.164693341528	0.169260662832	0.127292089249	0.164915254237	0.219799148442	0.132868686869	0.145329566855	0.136122269378	0.190663318686	0.175735359255	0.142405975724	0.195179684036	0.164144838213	0.122561889625	0.185696253885	0.227352850833	0.152157850111	0.206016894087	0.166300994848	0.166512524085	0.153115079365	0.157811860941	0.091494973545	0.166765852099	0.162693271903	0.152928923463	0.165932823843	0.166949204178	0.164911809288	0.153093023468	0.159180477039
763721271-stool1.snv.bam	0.139932776274	0.170967830882	0.157706094403	0.205963624842	0.135233960352	0.171985857237	0.150017145123	0.152353224125	0.125166528697	0.160801423946	0.132334973443	0.0	0.160531909806	0.127521241611	0.13830944078	0.166380401686	0.166002463071	0.159563719152	0.185121024018	0.203500811796	0.179963774514	0.185795385206	0.207280955704	0.182021516483	0.18657153284	0.206438841207	0.179726665548	0.192542075274	0.141500110763	0.153404218148	0.123466169641	0.141814870941	0.185839998085	0.148916442222	0.118096299156	0.152577469283	0.187767732681	0.172234691989	0.140839977029	0.190189439443	0.203852438982	0.2381215196	0.230943079935	0.132589145338	0.126494387347	0.206985078341	0.20700787644	0.173374802211	0.191188284616	0.160872226532	0.175529927883	0.144585908112	0.14241812645	0.187819304649	0.215630981175	0.177324460183	0.168905891755	0.148774872035	0.171171772753	0.140034822123	0.179307677017	0.150955743867	0.155201828734	0.155340437781	0.149534734875	0.177475122687	0.131054132889	0.184775597596	0.195120027878	0.162680962923	0.206817067087	0.169791695152	0.168036993247	0.212668693138	0.187456329466	0.131129159875	0.149584060356	0.219311708583	0.115214277844	0.196201742783	0.243066753094	0.156033017853	0.138216585083	0.16014091973	0.211146565156	0.144253802029	0.172053565473	0.174998932849	0.195076201657	0.16647225264	0.22835352844	0.223757407251	0.151924390092	0.18028420827	0.163742782896	0.168951740255	0.159774492563	0.163997679326	0.159691728018	0.152847210432	0.148761091339	0.175907156863	0.151643793204	0.152646809772	0.151122836989	0.176073132298	0.145288243825
763759525-stool1.snv.bam	0.144707992824	0.201779184346	0.16192346037	0.17731422258	0.146119370351	0.159728123554	0.109652696692	0.111089157809	0.120730942	0.118251498614	0.155247491861	0.160531909806	0.0	0.109177684761	0.141539417744	0.173366368199	0.172781003008	0.166562363102	0.140777222651	0.183770721553	0.214550781321	0.142047112737	0.181093423388	0.21798358842	0.13943259585	0.187364205795	0.216321021107	0.186358428614	0.0984652182579	0.139125300448	0.161247250348	0.138927646004	0.192152199762	0.189554404563	0.144410145543	0.15280538511	0.167065552596	0.154948657941	0.144760303655	0.190014301174	0.196633825944	0.210394802599	0.215316760225	0.16355448007	0.163624070318	0.219784482759	0.211831926055	0.168318317277	0.205618104555	0.121740056297	0.154265512735	0.0899311915637	0.0695360555603	0.218187967612	0.245594339557	0.146666300024	0.179764718425	0.161297314705	0.156620339959	0.145610482898	0.166627631676	0.146547373237	0.156213188717	0.187249732599	0.104814367398	0.154685757729	0.132763866013	0.188150711318	0.176267748479	0.177094277687	0.156934977279	0.164621356124	0.161347602061	0.18517042057	0.15757655829	0.121586605541	0.143912089601	0.181017404498	0.117894578682	0.184297793632	0.200813863963	0.172626649638	0.120887831946	0.132786155777	0.22977459227	0.174570518077	0.158326716145	0.204074054084	0.184280378097	0.132859401117	0.174079654682	0.185178041036	0.152341233386	0.198452609013	0.213746646632	0.211339049726	0.201009251472	0.199784482759	0.146799823366	0.187981355001	0.183576224089	0.18436533838	0.186928891158	0.187753491462	0.185813644551	0.183928082609	0.180690508081
763860675-stool1.snv.bam	0.14506866417	0.144435232889	0.148449211263	0.163775287773	0.112301774131	0.165380116959	0.125713930833	0.125548704433	0.127545003104	0.13073685838	0.127392676768	0.127521241611	0.109177684761	0.0	0.108467028777	0.156504311978	0.151413674084	0.138965663694	0.159210246726	0.189183491697	0.196752102527	0.161583147046	0.181705981425	0.199685425685	0.160296727643	0.192676599284	0.197752034817	0.170436607264	0.0725967540574	0.156035394637	0.0797443620451	0.0889509621353	0.208504034761	0.177127586824	0.133857525275	0.165242630385	0.161771763214	0.121836448402	0.156355460652	0.195295643439	0.185594315245	0.200119904077	0.203787878788	0.113005050505	0.13262561925	0.195637355147	0.188168306039	0.112153027496	0.182145462048	0.11771234223	0.142485325032	0.1345593455	0.112605017069	0.194278220436	0.225915868501	0.188386724387	0.156319322936	0.117058504035	0.165833995303	0.122294023209	0.149645772232	0.146071868632	0.123107405134	0.156623106181	0.123416709806	0.176819846403	0.132507063539	0.196828164061	0.158222222222	0.182811197557	0.145396379526	0.144947007901	0.0830291744258	0.184956304619	0.107855087185	0.094506866417	0.143262313084	0.162877990906	0.125271093286	0.162135319677	0.220263218002	0.136127744511	0.127498448169	0.0893437461947	0.222170494517	0.138726714834	0.18090358554	0.164298742052	0.161407369787	0.112667828301	0.174091251708	0.235318171406	0.127484453896	0.20445094217	0.205785927191	0.215148629149	0.205259697567	0.205081300813	0.102218802609	0.153297527927	0.148725812863	0.150655353865	0.152229043067	0.153444431486	0.1511449486	0.150817620351	0.145261186139
764285508-stool1.snv.bam	0.128873054411	0.136000276937	0.17103878016	0.196636099443	0.158760805642	0.161999998924	0.107941003232	0.100510535852	0.115066475958	0.143922118805	0.111236513354	0.13830944078	0.141539417744	0.108467028777	0.0	0.147993699451	0.148761353067	0.134993193003	0.17384756934	0.162609649575	0.154400658892	0.172705093059	0.153854103878	0.156835677208	0.174217613873	0.164055436394	0.154170402786	0.16591501105	0.0883474975354	0.160840998275	0.133582106486	0.13135964206	0.199993724635	0.16161511332	0.137213805703	0.159374782507	0.175713226953	0.136413265414	0.168788117987	0.197881640954	0.210994775958	0.231621670178	0.229372149346	0.0976706611842	0.198718808437	0.1855026486	0.180084362498	0.154248990889	0.144000594696	0.148580622048	0.147300436487	0.127895122028	0.130578302949	0.185986990478	0.217252064456	0.213371681187	0.131763857365	0.142786383365	0.171654985488	0.127519565293	0.131769341959	0.122310899438	0.148934467776	0.158547043562	0.116449432382	0.142945716673	0.129898612646	0.208507971411	0.165191882074	0.136982471256	0.148539505902	0.14442367902	0.157162333804	0.182116594605	0.148026199926	0.145961454017	0.15645862508	0.181926606125	0.11713493344	0.120884377192	0.215200221091	0.151973068312	0.123580281163	0.137447818624	0.210949827054	0.174537265343	0.131443630836	0.187729197315	0.120530841839	0.122910508092	0.205765364815	0.243284058228	0.116509758146	0.199979096509	0.211757790899	0.215675962388	0.200207704157	0.206260704855	0.117167152784	0.177607644003	0.173529085367	0.119969278292	0.176376173487	0.177864217241	0.175464603576	0.120130643298	0.170629204226
764305738-stool1.snv.bam	0.185090867643	0.178772018697	0.117949582548	0.217389900087	0.181205761745	0.178243385938	0.160575648122	0.15880329364	0.156516288748	0.199738081779	0.142269071573	0.166380401686	0.173366368199	0.156504311978	0.147993699451	0.0	0.000724765839643	0.156577204928	0.213279789345	0.156158902141	0.181388228315	0.213442710571	0.1479130427	0.182588437854	0.214106574129	0.158958577901	0.180297393566	0.163978530476	0.146804861281	0.15125470042	0.162150869275	0.157157906749	0.11976829075	0.162084674931	0.101035990865	0.194468769337	0.150907583233	0.134322931723	0.134927885833	0.150854733406	0.191331337113	0.186232453877	0.192657182602	0.164960067654	0.159046245746	0.197137283886	0.189175167929	0.151654694274	0.168506778764	0.15725877429	0.144167385552	0.182488716892	0.161372778084	0.183544070565	0.170361824916	0.148569268892	0.174023321651	0.106261346306	0.168597375254	0.124251457549	0.130292746737	0.164636204335	0.12348695949	0.147043724108	0.14399839782	0.129177837728	0.123653055235	0.175015971682	0.216654916523	0.173879090034	0.208368531693	0.178004386008	0.1676181406	0.151722303548	0.169528353844	0.190677459822	0.127401375628	0.209004877369	0.147324153242	0.118471994454	0.185817547075	0.155704121042	0.200729251711	0.111969592265	0.178407326612	0.184695771229	0.198477402957	0.204384486424	0.117714418697	0.152880384476	0.179320612186	0.228755011779	0.183473576518	0.147609987899	0.21321897142	0.211600145843	0.206813484324	0.207019953546	0.136873329786	0.155087265175	0.15065768108	0.117333584007	0.153802252622	0.156199213969	0.152604409389	0.117759499277	0.147262466035
764305738-stool2.snv.bam	0.18555849306	0.173615138671	0.11788711976	0.21301596039	0.176073224331	0.172930382074	0.155317112395	0.153505258529	0.151235075036	0.194583136285	0.141540932757	0.166002463071	0.172781003008	0.151413674084	0.148761353067	0.000724765839643	0.0	0.151296331529	0.20831569016	0.151075213004	0.175879551908	0.2090763797	0.142857942209	0.1774407945	0.209147093854	0.153739540433	0.174777418614	0.158557732499	0.146232650364	0.150576865105	0.156530347757	0.151850627892	0.11971738416	0.162270172722	0.0954832183826	0.189283713485	0.151197403116	0.128766743798	0.129760028471	0.151113752439	0.191689466484	0.185504201681	0.193014705882	0.159636809269	0.152866242038	0.191591483219	0.183925417078	0.15241517437	0.163692815385	0.151830719563	0.144841493837	0.182354678701	0.160798403575	0.178469771891	0.171126796563	0.14815264949	0.174761974153	0.100897551758	0.16344698406	0.119168452683	0.125415604273	0.164543826105	0.118275959745	0.147923085485	0.138496262778	0.123592906261	0.123775524403	0.175278104644	0.21731092437	0.172806954773	0.203320593774	0.172814222203	0.167985540585	0.146232650364	0.164319833232	0.18555849306	0.122180372149	0.204795555566	0.142168003565	0.112827253807	0.180165358223	0.149876717154	0.195695037792	0.106702346991	0.179193899782	0.180149965243	0.199023300469	0.205901658831	0.112065445782	0.148468944028	0.174599823595	0.224187164068	0.179213376378	0.147296321629	0.20780085545	0.206358543417	0.201357466063	0.201398852224	0.13123692501	0.149823034772	0.14542774662	0.112148032873	0.148354887719	0.150844482353	0.147460718856	0.112310299359	0.141716601039
765094712-stool2.snv.bam	0.173478388709	0.156394348392	0.159331560575	0.178733412298	0.158360564723	0.143839598997	0.156011678768	0.153856572749	0.133857212476	0.1375015265	0.191389632273	0.159563719152	0.166562363102	0.138965663694	0.134993193003	0.156577204928	0.151296331529	0.0	0.162334560899	0.172190302059	0.186032333245	0.161638324725	0.165910834142	0.187928175294	0.161772267436	0.175030891748	0.18580207714	0.178815488478	0.135127143702	0.198285752631	0.144199072997	0.162305204352	0.163625730994	0.194831004064	0.156192866137	0.15933299157	0.217153083178	0.178180371967	0.134422800853	0.183736563893	0.196836020688	0.20037593985	0.21498661909	0.0967191991278	0.196535642905	0.200320924262	0.19969927484	0.173919644591	0.202718962608	0.1677828812	0.193535983713	0.157132185785	0.152487029072	0.172777951777	0.226181883282	0.182375489343	0.140577538183	0.161577119883	0.212994741613	0.157524293581	0.161774449665	0.159386766238	0.167624000721	0.181074595307	0.178930465531	0.200960556625	0.151146721552	0.219981256274	0.176435406699	0.151365956424	0.157364971417	0.156663641037	0.156070175439	0.151132019994	0.146869277571	0.112025874743	0.154925192086	0.168477706964	0.136599558051	0.161588693957	0.218289051151	0.172932330827	0.122514619883	0.167349666253	0.222998158978	0.162666371062	0.175563730322	0.181070820346	0.161235158604	0.164702469988	0.23587759618	0.225633689811	0.128673542862	0.21719876241	0.200832731678	0.204629277222	0.188544891641	0.200318979266	0.14757581139	0.16512067361	0.161039576711	0.183876209436	0.163901976817	0.165206865448	0.163437158275	0.184037574442	0.158154509228
BYQ_AAAD.snv.bam	0.183869477271	0.171774750302	0.160936046551	0.173446592892	0.156768108658	0.173664171543	0.149929894862	0.150657918336	0.172526159139	0.128437525505	0.186478151129	0.185121024018	0.140777222651	0.159210246726	0.17384756934	0.213279789345	0.20831569016	0.162334560899	0.0	0.228960176469	0.223754362466	0.00977889233112	0.221867284309	0.226704824368	0.00725726213385	0.230375438258	0.225251153654	0.173431633165	0.140075021983	0.192658258817	0.157943403966	0.167473823176	0.221631395048	0.112081732102	0.211552954303	0.171406192679	0.240377366821	0.191139043147	0.174619837235	0.228987576777	0.227558707898	0.243662914054	0.249705869392	0.126282221403	0.222471703099	0.215579434706	0.203416288059	0.159290165071	0.182165214176	0.159187797507	0.214285750945	0.162467131379	0.160616712382	0.241287470884	0.26262767605	0.166505971721	0.214136344048	0.205567119266	0.203581269798	0.171685874871	0.218484031717	0.151007411303	0.209630099597	0.177627906606	0.174120085553	0.186146778871	0.15664649012	0.2244995372	0.134292713111	0.174645357391	0.120598976576	0.145755663556	0.142253704048	0.17755371348	0.111552853447	0.147082381685	0.174446190602	0.141820578835	0.154093355238	0.1976021271	0.236473453679	0.198118496342	0.141143107429	0.159649737222	0.235130208099	0.187668547806	0.197253497174	0.183178342489	0.197248591746	0.15497475646	0.183399660442	0.197698230918	0.147352517758	0.219051008963	0.148112719824	0.149035320389	0.136721755006	0.146433762112	0.18418339475	0.205131563323	0.200841196858	0.175702167727	0.204349605613	0.205143832133	0.203387274634	0.175863532733	0.198634284674
BYQ_AAAG.snv.bam	0.217550965316	0.216283354575	0.187864647466	0.22710076032	0.187770907399	0.245572610009	0.176862433512	0.16818989382	0.188796052546	0.214443395764	0.174862544693	0.203500811796	0.183770721553	0.189183491697	0.162609649575	0.156158902141	0.151075213004	0.172190302059	0.228960176469	0.0	0.168492533183	0.230026742268	0.00210148741518	0.170170820171	0.230126729635	0.00347370143348	0.167363865402	0.190415905641	0.180639011257	0.178554795105	0.172263562166	0.190803039127	0.20785028535	0.233023812388	0.155784652132	0.217323761926	0.161377637534	0.117957498458	0.167721235401	0.183518692783	0.22095475477	0.20875123268	0.215961426978	0.16905409702	0.155817164361	0.184996696887	0.189070534342	0.229560745364	0.161656915291	0.15645188	0.127667579339	0.213416737076	0.196493202235	0.173303811287	0.209105589934	0.170786965389	0.250975315452	0.145869014307	0.151187549938	0.13508218127	0.0821240899786	0.176728489331	0.163249143285	0.187625103666	0.144648026152	0.158543178462	0.189632705981	0.225908947448	0.261750168852	0.210281616695	0.211035066513	0.190649227554	0.233933498434	0.128085681996	0.208542124375	0.211964373138	0.160613342188	0.232736725495	0.142025658526	0.117665100165	0.162064109259	0.131030067637	0.238088380588	0.144907553943	0.183212592101	0.168119652624	0.225020342271	0.257856164965	0.116907524408	0.166646173215	0.190539060377	0.179344267758	0.220790513444	0.233939103707	0.205978058139	0.203917376645	0.193690218102	0.205620224711	0.135634261729	0.192457046165	0.188435298012	0.1339081296	0.191503058196	0.191666654323	0.190995045965	0.13324580771	0.185091381241
BYQ_AAAH.snv.bam	0.226675028661	0.156483444865	0.181571646936	0.24525488811	0.199553531412	0.17246470144	0.208237691514	0.207933919148	0.174535100074	0.213926622234	0.15236674914	0.179963774514	0.214550781321	0.196752102527	0.154400658892	0.181388228315	0.175879551908	0.186032333245	0.223754362466	0.168492533183	0.0	0.222480651179	0.165502689574	0.00141386379265	0.222010973865	0.169552177984	0.00181976121886	0.160831462111	0.17005271357	0.167496172404	0.155465905773	0.210592274206	0.165444341985	0.190705139804	0.128808991267	0.225063455487	0.168184505177	0.173583143806	0.187202531254	0.128656468883	0.187222976027	0.195580298654	0.182817729533	0.171750757289	0.17257969206	0.191531623767	0.191018170742	0.20423074259	0.194848755079	0.197056225338	0.158683115183	0.187449740613	0.191621929944	0.0738974364061	0.159255576677	0.17825129329	0.199395483698	0.156706728442	0.15200271916	0.152489914949	0.165255893551	0.171381975094	0.163406161914	0.188068755294	0.184691915718	0.154270612479	0.174794349617	0.206071504184	0.217941910596	0.190712465335	0.196739088941	0.189097009114	0.225595982252	0.128366360585	0.210767932973	0.197099700046	0.186698480894	0.204777943222	0.154592321722	0.169875941214	0.219387905638	0.15534191617	0.173341646992	0.185834233336	0.133971031987	0.14653138835	0.165664763104	0.257780351186	0.168737388053	0.174034526257	0.233803668748	0.174458918425	0.167982640348	0.206925066905	0.133951896781	0.141511930319	0.133939772335	0.138178372726	0.189101770927	0.182166955186	0.177841094962	0.180733857127	0.181084722793	0.182640420008	0.180839285104	0.180901751352	0.174575169066
BYQ_AAAO.snv.bam	0.182683174476	0.174032326309	0.16073043492	0.175998977073	0.158710139419	0.172963684072	0.15024323018	0.151212752621	0.17237213941	0.127920997059	0.18579055388	0.185795385206	0.142047112737	0.161583147046	0.172705093059	0.213442710571	0.2090763797	0.161638324725	0.00977889233112	0.230026742268	0.222480651179	0.0	0.222609520372	0.225194559605	0.00992318980119	0.231442004057	0.223977442367	0.174258358	0.142132448225	0.193150877265	0.16170625903	0.168618421185	0.221676106155	0.11659372874	0.211530992169	0.171693215619	0.240354222485	0.193029295816	0.173173816166	0.229396014444	0.228148502504	0.244266780396	0.250023622823	0.12881411459	0.221313799423	0.215758196809	0.204316585383	0.160341326769	0.182617690985	0.162292891624	0.215705135424	0.160942526969	0.161116374526	0.242056263067	0.263648395917	0.167529150519	0.214289032759	0.205403426573	0.203383323337	0.17174355233	0.219749522689	0.149726149704	0.208751910564	0.179225043517	0.17497827219	0.184317542541	0.157440574725	0.222642930914	0.135045807579	0.177168968566	0.123508128642	0.146829377494	0.143038201559	0.178516346609	0.112444723126	0.147853885597	0.177494765113	0.141806478405	0.151668561973	0.197641566624	0.235499676993	0.199459988468	0.140477296225	0.161239796798	0.237550108995	0.186118901368	0.195804567442	0.18273570158	0.19728803127	0.155749942895	0.184925854699	0.19784482827	0.146425188516	0.220596724264	0.150921297676	0.15174815127	0.139613738015	0.149106290244	0.185920434567	0.202442969639	0.198244039113	0.175263518155	0.201835990057	0.202630216577	0.20053695874	0.175689433425	0.196092426246
BYQ_AAAR.snv.bam	0.216554466273	0.20878727711	0.181298917081	0.219360640593	0.185623135994	0.23856328087	0.169532210761	0.165412170996	0.181668094524	0.207595381081	0.172051260905	0.207280955704	0.181093423388	0.181705981425	0.153854103878	0.1479130427	0.142857942209	0.165910834142	0.221867284309	0.00210148741518	0.165502689574	0.222609520372	0.0	0.167261926803	0.223053609562	0.00309910215128	0.164354104125	0.183093722563	0.173062856327	0.176162965642	0.170012535034	0.184579544643	0.200641729176	0.225596244162	0.153343345112	0.214834700876	0.164680844391	0.114650717539	0.165469521806	0.181590913614	0.219329410925	0.203153818774	0.211852271916	0.160806050177	0.158332006158	0.180483832158	0.180673659601	0.221567599008	0.151920768338	0.154021881927	0.128152468797	0.210327816354	0.189337862594	0.170497488648	0.207110895042	0.168023881611	0.244584138999	0.143035309928	0.14802264393	0.125868662461	0.0720955108117	0.173738358107	0.160539393811	0.179264106494	0.142017962759	0.14985322661	0.182478509336	0.218659258508	0.254832369117	0.202042683703	0.203553825128	0.185785085253	0.226700564165	0.124509011728	0.201524509836	0.20519082991	0.151580658871	0.225801091498	0.140454461265	0.10892798153	0.153498818525	0.127626263857	0.231150203752	0.136632171812	0.179436703046	0.163688405255	0.217778848471	0.252192828105	0.108157565505	0.159990716366	0.182804749531	0.175395200216	0.212707210889	0.225531324222	0.203607897428	0.201593683678	0.191099317749	0.200692597952	0.132803442684	0.191767248648	0.18788658407	0.123314904806	0.190797091392	0.191381957928	0.189742400449	0.122641357122	0.184267431783
