	CCIS02856720ST-4-0.snv.bam	CCIS07539127ST-4-0.snv.bam	CCIS07648107ST-4-0.snv.bam	CCIS16561622ST-4-0.snv.bam	CCIS22275061ST-4-0.snv.bam	CCIS29688262ST-20-0.snv.bam	CCIS41222843ST-4-0.snv.bam	CCIS44676181ST-4-0.snv.bam	CCIS50471204ST-4-0.snv.bam	CCIS63448910ST-4-0.snv.bam	CCIS72607085ST-4-0.snv.bam	CCIS80834637ST-4-0.snv.bam	CCIS88317640ST-4-0.snv.bam	CCIS93040568ST-20-0.snv.bam	CCIS95097901ST-4-0.snv.bam	M3.5-V1.metaT.snv.bam	MMRS35808664ST-27-0-0.snv.bam	NG-5636_312.snv.bam	NG-5636_317.snv.bam	NG-5636_349.snv.bam	NG-5636_367.snv.bam	NG-5636_381.snv.bam	NG-5636_384.snv.bam	NG-5636_457.snv.bam	NG-5636_472.snv.bam	NG-5636_551.snv.bam	O2.UC17-1.snv.bam	SAMEA3136623.snv.bam	SAMEA3136631.snv.bam	SAMEA3136635.snv.bam	SAMEA3136636.snv.bam	SAMEA3136638.snv.bam	SAMEA3136646.snv.bam	SAMEA3136648.snv.bam	SAMEA3136649.snv.bam	SAMEA3136656.snv.bam	SAMEA3136660.snv.bam	SAMEA3136661.snv.bam	SAMEA3136696.snv.bam	SAMEA3136711.snv.bam	SAMEA3136714.snv.bam	SAMEA3136716.snv.bam	SAMEA3136733.snv.bam	SAMEA3136739.snv.bam	V1.CD3-0-PT.snv.bam	V1.CD32-4.snv.bam	V1.CD8-0-PN.snv.bam	V1.FI30.snv.bam	V1.UC31-4.snv.bam	V1.UC38-4.snv.bam	V1.UC47-4.snv.bam	alien-11-0-0.snv.bam	alien-11-376-0.snv.bam	alien-11-637-0.snv.bam	halbarad-11-0-0.snv.bam	halbarad-11-2-0.snv.bam	peacemaker-11-60-0.snv.bam	scavenger-11-392-0.snv.bam	scavenger-11-60-0.snv.bam
CCIS02856720ST-4-0.snv.bam	0.0	0.0904847692969	0.0702227493332	0.0189278627964	0.0255262968438	0.0714027782406	0.0699288185535	0.0644273019239	0.0693808325885	0.0117851060227	0.0685156184104	0.085559969784	0.112351107111	0.0627622019974	0.0695614412953	0.0870177090092	0.0103020508431	0.0929744555508	0.124960063799	0.0875532555847	0.0745457389755	0.085114849581	0.0728052706148	0.0752027135775	0.0851400014628	0.0806525785124	0.0112572593792	0.0775557293551	0.0593403833311	0.0803624915418	0.0730498562822	0.0787518755755	0.0645937880756	0.0620894125822	0.0703170370778	0.0732179336485	0.0760987927398	0.0622582997546	0.0666639135798	0.0994547898115	0.0804084935511	0.0773180244714	0.0806926048882	0.0826066846578	0.0535230709727	0.0842055413779	0.0507730564826	0.0703710227397	0.063587510689	0.0838805243732	0.0709241937305	0.0755439456902	0.0971374727509	0.0675893051031	0.0780243897121	0.0757236500357	0.0764132426026	0.105404195922	0.063604887378
CCIS07539127ST-4-0.snv.bam	0.0904847692969	0.0	0.0465450380291	0.0815795786779	0.0872036402887	0.0364137288072	0.0384931853199	0.0517453370904	0.0504056743943	0.0979806237243	0.0798091014023	0.0422314054179	0.0491264757346	0.0597866142947	0.0659488834588	0.0638584540649	0.0948791346575	0.0442172442438	0.0881987650015	0.0358638898278	0.0347717749635	0.0356376055199	0.0547214183152	0.0323476234346	0.0353652892584	0.035742076633	0.0905211634432	0.0723505757014	0.0901414211062	0.0699854105364	0.0561259441911	0.014262486393	0.0666265529837	0.07113959361	0.0551729282946	0.0694076764491	0.0744299984048	0.0418209684113	0.0685928406753	0.0796173187482	0.0721830103709	0.0635637255555	0.0359500171713	0.0622395934956	0.0733945547081	0.0385212255868	0.0693718618355	0.0532958185159	0.0693676713843	0.0402217336108	0.0519348494562	0.0123136178447	0.0728199966306	0.0538702224008	0.0223463629136	0.0215943876791	0.0253090357384	0.0605059584863	0.0596846486583
CCIS07648107ST-4-0.snv.bam	0.0702227493332	0.0465450380291	0.0	0.0597958806878	0.0603509270842	0.022661904269	0.0260182565869	0.025519910169	0.0317185636827	0.0782676449947	0.0483997969097	0.0415814788698	0.0701242149393	0.036692873024	0.0388604132118	0.0462416875828	0.0750975519299	0.0422465515461	0.0846083102925	0.0438721116361	0.0335792165069	0.0404382911264	0.0394865325966	0.0414698804777	0.0406544692149	0.0371342813186	0.0730926652857	0.0504495660017	0.0623784966515	0.0604312341151	0.0434131824796	0.0340996566156	0.0450872417685	0.0425571402198	0.0326209157577	0.0474197722162	0.0557622772586	0.0313359109964	0.0456458990835	0.0607081925868	0.0371191450792	0.0618427314978	0.0319155142876	0.0481189829369	0.0506649049082	0.0317230496092	0.0511487737122	0.0191681495486	0.0470108481569	0.0272264639555	0.0331891483835	0.0340930697584	0.0576882213481	0.0307846215596	0.0296358943307	0.0295808664108	0.0284942584352	0.0554673977657	0.0310446645067
CCIS16561622ST-4-0.snv.bam	0.0189278627964	0.0815795786779	0.0597958806878	0.0	0.0256470093089	0.0610462594072	0.0604425632497	0.0564832259265	0.0602598158157	0.0219450537265	0.0635335034792	0.0776934906322	0.103114019037	0.0556434097628	0.0601415747881	0.0756180562458	0.0200947587685	0.0817787410822	0.113751556401	0.0767452249747	0.062588050856	0.0745685662339	0.0639778689836	0.064430943498	0.0744247244934	0.0707308139006	0.0211121264981	0.0669611699914	0.0554808924844	0.0696038258592	0.064510425038	0.0700099724377	0.0561161752327	0.0575741305962	0.0604301183953	0.0648564108207	0.0673469561844	0.0526367827266	0.0558520630494	0.0876375614126	0.0704849776356	0.0725066535481	0.0697328314142	0.0744695533205	0.0495965251701	0.0734168770812	0.0439655242405	0.0597599286706	0.0567948643933	0.0722010581282	0.0637738238778	0.0682995827051	0.0857160460913	0.0597205585777	0.0683133897311	0.066787300664	0.0667095817649	0.0926109491831	0.0549082446385
CCIS22275061ST-4-0.snv.bam	0.0255262968438	0.0872036402887	0.0603509270842	0.0256470093089	0.0	0.0606647218678	0.0595354003345	0.0517537941961	0.0593265438251	0.0273040778488	0.0479673737521	0.083658629801	0.109113164401	0.0483400172546	0.0564297154591	0.082345165341	0.0269518460147	0.0885703849429	0.120006771333	0.0854635352101	0.0698594544639	0.0827001158791	0.0584266489253	0.0716589534799	0.0824575083815	0.0782689818429	0.0268905046346	0.070270540019	0.0399884024536	0.0773691760229	0.0587303681891	0.0743253404155	0.0526760124922	0.0444441047195	0.0596981740997	0.0592453075529	0.0662327912503	0.0566223211423	0.0607393453916	0.0926088762289	0.0672746473017	0.0744317795957	0.0768049960374	0.079160221923	0.037209426822	0.0800864022997	0.0429093411104	0.05420631026	0.0483355593807	0.0749149667136	0.0595744351541	0.0729309618866	0.09121692446	0.0516989030647	0.0728850265973	0.0710296841702	0.0724637385993	0.0991752748915	0.0513547571318
CCIS29688262ST-20-0.snv.bam	0.0714027782406	0.0364137288072	0.022661904269	0.0610462594072	0.0606647218678	0.0	0.0134149603271	0.019679251863	0.0217139522705	0.0787743455785	0.053172039809	0.0423214904844	0.062722214897	0.034319053957	0.0412246924288	0.0541845374613	0.0761367710415	0.0486492174197	0.0902431681742	0.0477506691272	0.0291475769819	0.0437116600746	0.0394076126101	0.0298240396014	0.0435761630923	0.0399360929403	0.0729309291671	0.054916177579	0.0633248436429	0.0600323430953	0.0389815190926	0.0256769945429	0.0450240979919	0.0455954682058	0.0346000002301	0.0466744459385	0.0547343756617	0.0228603823336	0.0475061100362	0.0667415646498	0.0426573674305	0.059837768672	0.034457491789	0.0505456961078	0.050707556904	0.0430898558522	0.0409375209046	0.0274846822531	0.0427152644846	0.0315537160882	0.0317838439411	0.0235481427821	0.0636252839244	0.0304685322489	0.0245993918265	0.0236188930709	0.0258012274354	0.0623439672154	0.0378723399021
CCIS41222843ST-4-0.snv.bam	0.0699288185535	0.0384931853199	0.0260182565869	0.0604425632497	0.0595354003345	0.0134149603271	0.0	0.0211098467371	0.0206023682387	0.0771519157237	0.0514165032297	0.044094824725	0.0615028875576	0.0334561324387	0.0417847859817	0.0534328102945	0.07401043893	0.0480494378114	0.091402810843	0.0490749162983	0.0301795347696	0.0453899561031	0.0416057916763	0.0324182260726	0.0454949318946	0.0419200719375	0.0714815212962	0.051500608643	0.0615431285403	0.0565470262989	0.0398826817969	0.0282923754516	0.0435102342643	0.0427188911785	0.0355827294063	0.0450203212543	0.0546591590293	0.023075560387	0.0431284670931	0.0692638715159	0.0449790997048	0.0582101327763	0.0365029599906	0.0493463303912	0.048872087502	0.0450482503787	0.0392206789646	0.0302447817672	0.040300184102	0.0364991921523	0.0356877223405	0.024987861808	0.0659029524605	0.0317267151456	0.0273197493776	0.0248590425976	0.0278359271589	0.0634983355966	0.041430578632
CCIS44676181ST-4-0.snv.bam	0.0644273019239	0.0517453370904	0.025519910169	0.0564832259265	0.0517537941961	0.019679251863	0.0211098467371	0.0	0.0231237976886	0.0719379756375	0.0447478353709	0.0512080956543	0.0741247626007	0.0365475568147	0.0387644142621	0.0623975647876	0.0698828455912	0.0558423635595	0.0997033174633	0.0561414591347	0.0388015246626	0.0527851573314	0.0432105622525	0.042848432509	0.0526730984293	0.0482445114915	0.0671543373978	0.0555374404082	0.0523538621597	0.064243622529	0.0389037865863	0.0405069944358	0.0412616030508	0.0347889982824	0.0376708692622	0.0456476082575	0.055181748337	0.0302336639683	0.0489640742959	0.0737518399959	0.0434022667998	0.0659116288214	0.0435076597248	0.0554891613666	0.0396256103604	0.0496375926791	0.0396409542299	0.027239489539	0.0343266116751	0.0414056849527	0.0362534402463	0.0380773606787	0.0723388453459	0.0280061641918	0.0384221781295	0.0368755141701	0.0391075831178	0.0727951044274	0.0353258654346
CCIS50471204ST-4-0.snv.bam	0.0693808325885	0.0504056743943	0.0317185636827	0.0602598158157	0.0593265438251	0.0217139522705	0.0206023682387	0.0231237976886	0.0	0.0777722546085	0.0522419222123	0.0491366169037	0.0633163882997	0.0368814244089	0.0435754126247	0.0594469344461	0.0751730336501	0.0539084999952	0.0988620487808	0.0564463726916	0.0399212516036	0.0532636594334	0.0447591131352	0.0393142617412	0.0529220923625	0.0490043812901	0.0725127642395	0.0518689510221	0.060976809471	0.0580750623864	0.0409251914719	0.0393393698689	0.0470357125946	0.0438722840771	0.038093135411	0.0442892380711	0.0561797266591	0.0298278072199	0.0469088269522	0.0725745729536	0.0459299382074	0.0652557848889	0.0430970364785	0.0545962502976	0.0477498359024	0.0544546144448	0.0342577073467	0.0335051773417	0.0353544145221	0.043414069206	0.041033428262	0.0364605110388	0.0717773520547	0.0339394486668	0.0370518692917	0.0345946170268	0.036721430407	0.070058991784	0.0430691465959
CCIS63448910ST-4-0.snv.bam	0.0117851060227	0.0979806237243	0.0782676449947	0.0219450537265	0.0273040778488	0.0787743455785	0.0771519157237	0.0719379756375	0.0777722546085	0.0	0.0728417313389	0.0945741892175	0.120255446923	0.0692184034582	0.0769745306278	0.0944627981765	0.00132813035363	0.102195258125	0.131472467671	0.0959445666262	0.0820799072991	0.0932644844879	0.0804888428518	0.0831216293881	0.0931708158039	0.0884168317092	0.00265751353212	0.0829143666258	0.0570738505757	0.0868606250823	0.079697093052	0.0865993744238	0.0711133592255	0.0692158742175	0.0788158411267	0.0803406867193	0.0801696881375	0.0697169474201	0.0749650635156	0.105998740291	0.0879147948352	0.0794800579328	0.0886987289308	0.089976013201	0.0554276656815	0.0921423389779	0.0558340976697	0.0785203769778	0.0713853364152	0.0924043122958	0.0792317246008	0.0824642924147	0.105392549301	0.0745009134613	0.0864466012434	0.0833386068008	0.0847545904049	0.11413843259	0.0711736155422
CCIS72607085ST-4-0.snv.bam	0.0685156184104	0.0798091014023	0.0483997969097	0.0635335034792	0.0479673737521	0.053172039809	0.0514165032297	0.0447478353709	0.0522419222123	0.0728417313389	0.0	0.0753309794254	0.100439715314	0.0454652530065	0.0481974187762	0.0659715416967	0.073225635339	0.0735569030876	0.0870647180691	0.0763140883613	0.0605422417481	0.0731271096678	0.0557506131897	0.0701958600748	0.0728998245976	0.0695502998989	0.0718922966754	0.0613064177514	0.0424705071133	0.0709914114324	0.0499157635781	0.067128709604	0.0518627212358	0.0320740221307	0.0474295477632	0.050566042778	0.0650040459624	0.0545679965008	0.0561873593983	0.0640982776235	0.039400532031	0.0805552918063	0.0651951019389	0.0687160173181	0.0396894933361	0.069708120957	0.0601773009429	0.0412359676516	0.0457232420904	0.0637084131108	0.0547791496323	0.0655075730011	0.0619534586237	0.0394105985157	0.0605021607198	0.0622414573349	0.0594635176154	0.0667119256472	0.047092396299
CCIS80834637ST-4-0.snv.bam	0.085559969784	0.0422314054179	0.0415814788698	0.0776934906322	0.083658629801	0.0423214904844	0.044094824725	0.0512080956543	0.0491366169037	0.0945741892175	0.0753309794254	0.0	0.0659433216483	0.0569458663401	0.0558364699833	0.0567593563876	0.0911947823554	0.0469487937267	0.0973375996059	0.0208967126626	0.0468065689887	0.0186227663969	0.052003970063	0.0392944133734	0.018451887214	0.0180116068888	0.0877161005042	0.0627033757084	0.0881834432609	0.0643378274536	0.0656245079502	0.0332736119661	0.0711146200424	0.0688483152402	0.0393799859252	0.0648770250965	0.0738555073108	0.0449125414804	0.0610380537106	0.0792268483406	0.0678384279132	0.0700959673968	0.0269148500143	0.052585803976	0.0745574752273	0.0354160544286	0.0661285405378	0.0469245132188	0.0650577846515	0.0404981639611	0.0494647329764	0.0346508958582	0.0698829804106	0.0536629378743	0.0364041474359	0.0381978304367	0.0367329424343	0.0591298325134	0.0515330135531
CCIS88317640ST-4-0.snv.bam	0.112351107111	0.0491264757346	0.0701242149393	0.103114019037	0.109113164401	0.062722214897	0.0615028875576	0.0741247626007	0.0633163882997	0.120255446923	0.100439715314	0.0659433216483	0.0	0.0818502577226	0.0866875548013	0.0772364354714	0.117395954738	0.0599394103338	0.109283501804	0.0652575708099	0.0607793883174	0.0661331401353	0.0778480980343	0.057844854927	0.0658200062533	0.062815063728	0.113527400015	0.0883314994741	0.113277726799	0.0841577374423	0.0757939657211	0.0458559898927	0.0859713205662	0.0963699944405	0.0760591028856	0.0866865063762	0.0952668352055	0.064943707217	0.0852334162125	0.0964626023603	0.0901183332689	0.089123935508	0.0627141386654	0.0805332567496	0.0976692659427	0.0636369383478	0.0847688592015	0.074369872944	0.0837330273763	0.0605662046636	0.072138098676	0.0455730908423	0.0901248874884	0.0774703781408	0.0513527575196	0.0467806315994	0.0504541462144	0.0814858914521	0.0808218976635
CCIS93040568ST-20-0.snv.bam	0.0627622019974	0.0597866142947	0.036692873024	0.0556434097628	0.0483400172546	0.034319053957	0.0334561324387	0.0365475568147	0.0368814244089	0.0692184034582	0.0454652530065	0.0569458663401	0.0818502577226	0.0	0.0402608532952	0.049484995814	0.0657913230729	0.0563281901235	0.0975990604829	0.063766639747	0.0446377183971	0.0592679676467	0.0515732675035	0.0451550387302	0.0596937111686	0.0542382648553	0.0653892619235	0.0522628139193	0.0551643715556	0.0542920123088	0.0428804434236	0.0480227837184	0.048684886395	0.0405614250561	0.0336743588899	0.0416173373766	0.0610342305148	0.0327167833859	0.0398132662579	0.0728867035216	0.0451264935744	0.0679356803901	0.0473014082951	0.0581632873834	0.0482047107953	0.0572837838675	0.040084854507	0.0338401077076	0.0391509795696	0.0478561884122	0.0443167804747	0.0454794808299	0.0684433949799	0.036172600104	0.0443986837829	0.0438815130228	0.0439256817588	0.068514119658	0.0433842275662
CCIS95097901ST-4-0.snv.bam	0.0695614412953	0.0659488834588	0.0388604132118	0.0601415747881	0.0564297154591	0.0412246924288	0.0417847859817	0.0387644142621	0.0435754126247	0.0769745306278	0.0481974187762	0.0558364699833	0.0866875548013	0.0402608532952	0.0	0.052686385458	0.0739246236611	0.0607524720017	0.0943331242211	0.0593884870826	0.0386077756489	0.056181570049	0.0509585348758	0.056548977893	0.0560183024435	0.0509376516451	0.0713679680309	0.0375430951365	0.0580067165506	0.0526123321708	0.0489627433944	0.0543208048779	0.0524005813625	0.0348833204029	0.0363719071579	0.0325392765781	0.0359134592007	0.0384491967987	0.0415356809498	0.0712270799053	0.0415380080613	0.068456210254	0.0434184050421	0.0512336685447	0.0389214346516	0.0547866110038	0.050997332723	0.0298628233129	0.0468049195627	0.0487998904714	0.0460082866868	0.0520597937229	0.0661422604868	0.0325611337289	0.048431610634	0.0478556465917	0.0495921425548	0.0704159644556	0.042278360598
M3.5-V1.metaT.snv.bam	0.0870177090092	0.0638584540649	0.0462416875828	0.0756180562458	0.082345165341	0.0541845374613	0.0534328102945	0.0623975647876	0.0594469344461	0.0944627981765	0.0659715416967	0.0567593563876	0.0772364354714	0.049484995814	0.052686385458	0.0	0.0912201143212	0.0500334308161	0.0774466997643	0.0604862675389	0.0469286869319	0.0566709064921	0.0599405840695	0.0592872628733	0.0568036125569	0.0521768542339	0.090507151052	0.0410258102541	0.0882725349201	0.0386949963684	0.0681138942327	0.0523235548233	0.0666974514527	0.0689510079089	0.0434896328236	0.0548272574017	0.0676889139045	0.0518261995701	0.0388018262238	0.0626006177809	0.050603523403	0.0695130708848	0.0426024616702	0.0517612120912	0.0741027904314	0.0459047781606	0.067310512833	0.0493243239066	0.0726558821312	0.0517587334164	0.0499115868333	0.0495839699934	0.0537194634508	0.0532362627774	0.0451155600654	0.0448271566842	0.0433011420807	0.0520273281966	0.0561564713515
MMRS35808664ST-27-0-0.snv.bam	0.0103020508431	0.0948791346575	0.0750975519299	0.0200947587685	0.0269518460147	0.0761367710415	0.07401043893	0.0698828455912	0.0751730336501	0.00132813035363	0.073225635339	0.0911947823554	0.117395954738	0.0657913230729	0.0739246236611	0.0912201143212	0.0	0.098942602151	0.128503936828	0.0926250507875	0.0786580650901	0.0897596394803	0.0771109328026	0.0797891257726	0.0898724779607	0.0849385939025	0.00277702252506	0.079632756935	0.0545543871196	0.0835152836857	0.0767377195966	0.0834522950582	0.0680297523762	0.0672909343127	0.0753666524675	0.0772046635873	0.0771897804299	0.0665574798815	0.0714561976031	0.103395389167	0.0851748468437	0.0763098960005	0.0854987613107	0.0864759221178	0.0533517068175	0.0888662613893	0.0535391552542	0.0754082066515	0.0692082240862	0.0891357112248	0.0759965133171	0.0789893513391	0.102199721129	0.0712480788436	0.0831301147136	0.080008873758	0.0811301990808	0.110713219202	0.0683552527062
NG-5636_312.snv.bam	0.0929744555508	0.0442172442438	0.0422465515461	0.0817787410822	0.0885703849429	0.0486492174197	0.0480494378114	0.0558423635595	0.0539084999952	0.102195258125	0.0735569030876	0.0469487937267	0.0599394103338	0.0563281901235	0.0607524720017	0.0500334308161	0.098942602151	0.0	0.0764810256307	0.0429731091596	0.0432840342031	0.0410346722518	0.0574454435301	0.0491917909445	0.0408764457712	0.0377856875128	0.0959369321419	0.0618638996887	0.0938206715814	0.0601510479741	0.0672293818412	0.0351912473708	0.0718745365018	0.0697101992809	0.0492551135529	0.0640287654009	0.0750232084309	0.0480026669926	0.0596298982364	0.0660903366521	0.058646556105	0.0775558494177	0.0335745222625	0.0505691467416	0.0777634798398	0.0402431521879	0.0728668453791	0.050150320667	0.0694621069003	0.0401536202576	0.0550011875915	0.0380543817259	0.0570401632242	0.0543783719126	0.0320943170322	0.0318653157604	0.0312704660319	0.045683264847	0.05695713957
NG-5636_317.snv.bam	0.124960063799	0.0881987650015	0.0846083102925	0.113751556401	0.120006771333	0.0902431681742	0.091402810843	0.0997033174633	0.0988620487808	0.131472467671	0.0870647180691	0.0973375996059	0.109283501804	0.0975990604829	0.0943331242211	0.0774466997643	0.128503936828	0.0764810256307	0.0	0.0921094600603	0.0737938352848	0.0888523367996	0.0923685263517	0.0926022288864	0.0894207473718	0.0810146048802	0.125990775132	0.0917012931052	0.126180355455	0.0955315075225	0.102125347178	0.0762843684472	0.0975321292258	0.103118792462	0.0889680210608	0.0972495704237	0.091632288405	0.0886661761628	0.0912458408675	0.027690741089	0.0631063832735	0.106243429682	0.0819960290904	0.0825812471661	0.109068935358	0.0792287407595	0.111792201441	0.0923416718488	0.116715013901	0.0842222716881	0.0907189865175	0.0774128499588	0.030910985293	0.089506495201	0.0671778901209	0.073755187855	0.0718805495847	0.0349801867798	0.0934630328307
NG-5636_349.snv.bam	0.0875532555847	0.0358638898278	0.0438721116361	0.0767452249747	0.0854635352101	0.0477506691272	0.0490749162983	0.0561414591347	0.0564463726916	0.0959445666262	0.0763140883613	0.0208967126626	0.0652575708099	0.063766639747	0.0593884870826	0.0604862675389	0.0926250507875	0.0429731091596	0.0921094600603	0.0	0.0468038102111	0.00638948524869	0.050664218325	0.0467739894	0.00651657897512	0.00790273670943	0.0905257452631	0.0668776502275	0.0892080779124	0.0697225763429	0.0684982215886	0.0299584413306	0.0747497217001	0.0708919668689	0.0444216562961	0.0744017322228	0.0762461791309	0.050926666327	0.0677921527282	0.0805896523981	0.0726555415548	0.0742826718296	0.0216790893608	0.055169867466	0.0756252904931	0.0278706541405	0.0732478626558	0.0494888189727	0.073963609081	0.0382422785315	0.0509008535204	0.0324409445704	0.0701356239271	0.0562576169203	0.0359129245656	0.0347478269383	0.0359571926517	0.054248303194	0.0544081103803
NG-5636_367.snv.bam	0.0745457389755	0.0347717749635	0.0335792165069	0.062588050856	0.0698594544639	0.0291475769819	0.0301795347696	0.0388015246626	0.0399212516036	0.0820799072991	0.0605422417481	0.0468065689887	0.0607793883174	0.0446377183971	0.0386077756489	0.0469286869319	0.0786580650901	0.0432840342031	0.0737938352848	0.0468038102111	0.0	0.0427927303355	0.0465709528267	0.0367721567826	0.0432097245438	0.0388088487457	0.076958759989	0.0410042608758	0.0754525840794	0.0508458741677	0.048752595141	0.025113851899	0.0490101832178	0.0505904451901	0.0412884609738	0.0442150922696	0.0423843806616	0.0237279185951	0.0466279022322	0.06172628767	0.0460463653569	0.0609869130939	0.0307096139909	0.045342071808	0.0527372153252	0.0421938217472	0.0546636662184	0.0380971805112	0.0568861478755	0.0401199199663	0.0446151435206	0.0207796631043	0.0550181586711	0.0373118952608	0.0221318427225	0.0209254626244	0.0249273011435	0.0527398939269	0.0466364676149
NG-5636_381.snv.bam	0.085114849581	0.0356376055199	0.0404382911264	0.0745685662339	0.0827001158791	0.0437116600746	0.0453899561031	0.0527851573314	0.0532636594334	0.0932644844879	0.0731271096678	0.0186227663969	0.0661331401353	0.0592679676467	0.056181570049	0.0566709064921	0.0897596394803	0.0410346722518	0.0888523367996	0.00638948524869	0.0427927303355	0.0	0.0485570851035	0.0442667736481	0.0026057235596	0.00395339142423	0.0881112946906	0.0638672897353	0.0862787950184	0.071323584684	0.0699523922278	0.0262915148086	0.0712456817136	0.0680773750866	0.040165517213	0.0722399210727	0.0731947867629	0.047657869028	0.0653346570321	0.0785906433902	0.0699568315079	0.0708254124489	0.0180347267153	0.0529821911485	0.0751387000441	0.0241950825691	0.0692775565835	0.0460534980254	0.0724362817141	0.0355712222489	0.0489036190866	0.0272690609977	0.0668253805634	0.0539413462746	0.0318985050922	0.030197390307	0.0314855344652	0.0499538155133	0.0516043557129
NG-5636_384.snv.bam	0.0728052706148	0.0547214183152	0.0394865325966	0.0639778689836	0.0584266489253	0.0394076126101	0.0416057916763	0.0432105622525	0.0447591131352	0.0804888428518	0.0557506131897	0.052003970063	0.0778480980343	0.0515732675035	0.0509585348758	0.0599405840695	0.0771109328026	0.0574454435301	0.0923685263517	0.050664218325	0.0465709528267	0.0485570851035	0.0	0.0502319200036	0.0488066244926	0.0451653963949	0.0763026690139	0.0625323584871	0.0694504129672	0.0640333219788	0.0493890405897	0.0457187916266	0.0549277259755	0.0517559962947	0.0443385580604	0.0514664964235	0.0679354254642	0.0435218663221	0.0545084551146	0.0684379099789	0.054302058173	0.0741866487649	0.0458275562114	0.0555106231625	0.0546697970601	0.0513413558928	0.0561691811449	0.0392351863906	0.0527853309799	0.0425336253438	0.0403502416803	0.0443557025143	0.066784810793	0.0402567644315	0.0429214088533	0.0400566206309	0.0428517882437	0.0672351679691	0.0441809184819
NG-5636_457.snv.bam	0.0752027135775	0.0323476234346	0.0414698804777	0.064430943498	0.0716589534799	0.0298240396014	0.0324182260726	0.042848432509	0.0393142617412	0.0831216293881	0.0701958600748	0.0392944133734	0.057844854927	0.0451550387302	0.056548977893	0.0592872628733	0.0797891257726	0.0491917909445	0.0926022288864	0.0467739894	0.0367721567826	0.0442667736481	0.0502319200036	0.0	0.0438435754601	0.0412144290949	0.0757467241682	0.0627601330607	0.0808764813032	0.0637298777946	0.0499336108953	0.0260451083973	0.0583141913608	0.0623672685467	0.0437931621859	0.0563178405312	0.0697058407649	0.0288480016059	0.0553972301126	0.074397287771	0.0618117050372	0.0687678047952	0.0385759283335	0.0555165182955	0.0663349452724	0.0471853397872	0.0515401034266	0.0449043959846	0.0533883817097	0.0387080517746	0.0474631340156	0.0241825492902	0.0678291294716	0.0441765036178	0.0284320460088	0.0279942532501	0.0289966802999	0.0653191780898	0.0512580286427
NG-5636_472.snv.bam	0.0851400014628	0.0353652892584	0.0406544692149	0.0744247244934	0.0824575083815	0.0435761630923	0.0454949318946	0.0526730984293	0.0529220923625	0.0931708158039	0.0728998245976	0.018451887214	0.0658200062533	0.0596937111686	0.0560183024435	0.0568036125569	0.0898724779607	0.0408764457712	0.0894207473718	0.00651657897512	0.0432097245438	0.0026057235596	0.0488066244926	0.0438435754601	0.0	0.00419108605031	0.0878255427085	0.0636527415044	0.0859354353386	0.0709584414774	0.0691672256858	0.0263379886615	0.0709023220337	0.0676043166686	0.0398302919281	0.0721594358585	0.072851427083	0.0473597494815	0.0651790095907	0.0786863636486	0.0695448128437	0.0709697052921	0.0179190236293	0.052684184407	0.0747993364483	0.0252432809127	0.069421468447	0.0458287546608	0.0724225917628	0.0356925552972	0.048960081662	0.0275330821162	0.0669320018242	0.0534348173732	0.0321561818954	0.0305270099413	0.0315414755983	0.0505667979311	0.051258475962
NG-5636_551.snv.bam	0.0806525785124	0.035742076633	0.0371342813186	0.0707308139006	0.0782689818429	0.0399360929403	0.0419200719375	0.0482445114915	0.0490043812901	0.0884168317092	0.0695502998989	0.0180116068888	0.062815063728	0.0542382648553	0.0509376516451	0.0521768542339	0.0849385939025	0.0377856875128	0.0810146048802	0.00790273670943	0.0388088487457	0.00395339142423	0.0451653963949	0.0412144290949	0.00419108605031	0.0	0.0816755716134	0.0582231235821	0.081469740919	0.0649965823011	0.0647118213635	0.0248437103801	0.0662854897047	0.0636658435411	0.0373928532435	0.0663268581908	0.0670177174678	0.0433697624455	0.0591010549555	0.0698449653873	0.0638610967385	0.0670190225955	0.016383046615	0.0451415672221	0.0691808501543	0.0247063087171	0.0648879758114	0.0423971491303	0.0671229103046	0.0327676493556	0.0448094613208	0.0266671950153	0.0608358061271	0.0487717221501	0.0311644388623	0.027539507233	0.0286300670224	0.0468336742829	0.0471285018888
O2.UC17-1.snv.bam	0.0112572593792	0.0905211634432	0.0730926652857	0.0211121264981	0.0268905046346	0.0729309291671	0.0714815212962	0.0671543373978	0.0725127642395	0.00265751353212	0.0718922966754	0.0877161005042	0.113527400015	0.0653892619235	0.0713679680309	0.090507151052	0.00277702252506	0.0959369321419	0.125990775132	0.0905257452631	0.076958759989	0.0881112946906	0.0763026690139	0.0757467241682	0.0878255427085	0.0816755716134	0.0	0.0783397771001	0.0538695363925	0.0808476781781	0.0728243253433	0.081152217219	0.0661553970242	0.0653089618758	0.0738919149547	0.0744832573148	0.0743477617339	0.0649668733297	0.0705028946835	0.100445220234	0.0829903181759	0.0738118248972	0.0831624730623	0.0845623628031	0.0522459473468	0.0868060796533	0.0522172861776	0.0736077120984	0.0663946318385	0.0849308100755	0.0735579461309	0.0778244324735	0.100868156363	0.0699227435174	0.0797040277567	0.0793009795701	0.0806942411113	0.109168852014	0.0670035255337
SAMEA3136623.snv.bam	0.0775557293551	0.0723505757014	0.0504495660017	0.0669611699914	0.070270540019	0.054916177579	0.051500608643	0.0555374404082	0.0518689510221	0.0829143666258	0.0613064177514	0.0627033757084	0.0883314994741	0.0522628139193	0.0375430951365	0.0410258102541	0.079632756935	0.0618638996887	0.0917012931052	0.0668776502275	0.0410042608758	0.0638672897353	0.0625323584871	0.0627601330607	0.0636527415044	0.0582231235821	0.0783397771001	0.0	0.0752845051024	0.0332327561548	0.0644043300852	0.0604252715699	0.0605381826188	0.056280429654	0.042603706672	0.0387334717942	0.0405871743274	0.0471899737228	0.0365271557632	0.072582422812	0.0475946756637	0.068021596701	0.0505662118205	0.0436044692486	0.0536902682481	0.0609243738948	0.0536523368087	0.0488124387369	0.0628521076939	0.0618461610216	0.057369518401	0.0558714966355	0.0664197678037	0.0483149051196	0.0534862701437	0.0515032463142	0.0541549545428	0.0684421072131	0.0557671407312
SAMEA3136631.snv.bam	0.0593403833311	0.0901414211062	0.0623784966515	0.0554808924844	0.0399884024536	0.0633248436429	0.0615431285403	0.0523538621597	0.060976809471	0.0570738505757	0.0424705071133	0.0881834432609	0.113277726799	0.0551643715556	0.0580067165506	0.0882725349201	0.0545543871196	0.0938206715814	0.126180355455	0.0892080779124	0.0754525840794	0.0862787950184	0.0694504129672	0.0808764813032	0.0859354353386	0.081469740919	0.0538695363925	0.0752845051024	0.0	0.0855495240466	0.0536700799825	0.0790556450463	0.0515619433968	0.0339034176923	0.0673176588857	0.0622946698199	0.0661472982844	0.0656764101629	0.0692398439232	0.0983783821416	0.0705771682158	0.0727333361094	0.0801562177798	0.0841906854616	0.0331717769121	0.0817795282796	0.061496560041	0.0535085233039	0.0511443033495	0.0764627422371	0.0637552990612	0.0759675425853	0.098070211483	0.0502833259242	0.0765420977934	0.0761860263179	0.0778761888045	0.104654636504	0.0520734311157
SAMEA3136635.snv.bam	0.0803624915418	0.0699854105364	0.0604312341151	0.0696038258592	0.0773691760229	0.0600323430953	0.0565470262989	0.064243622529	0.0580750623864	0.0868606250823	0.0709914114324	0.0643378274536	0.0841577374423	0.0542920123088	0.0526123321708	0.0386949963684	0.0835152836857	0.0601510479741	0.0955315075225	0.0697225763429	0.0508458741677	0.071323584684	0.0640333219788	0.0637298777946	0.0709584414774	0.0649965823011	0.0808476781781	0.0332327561548	0.0855495240466	0.0	0.0622255231423	0.0644806521898	0.0683591537702	0.0702403819216	0.0482791687162	0.0457346743899	0.0634779401731	0.0534687454245	0.0321261056775	0.0760833991337	0.0567280296382	0.0743416857646	0.0583070636724	0.0526850837066	0.0629548524783	0.0683050419292	0.0588288706354	0.0596974055198	0.065794826142	0.0665281749651	0.0615371665439	0.0609197462001	0.0672354801853	0.0601398434457	0.0582344446733	0.0570344083899	0.0590804329595	0.0694199539834	0.0641911825642
SAMEA3136636.snv.bam	0.0730498562822	0.0561259441911	0.0434131824796	0.064510425038	0.0587303681891	0.0389815190926	0.0398826817969	0.0389037865863	0.0409251914719	0.079697093052	0.0499157635781	0.0656245079502	0.0757939657211	0.0428804434236	0.0489627433944	0.0681138942327	0.0767377195966	0.0672293818412	0.102125347178	0.0684982215886	0.048752595141	0.0699523922278	0.0493890405897	0.0499336108953	0.0691672256858	0.0647118213635	0.0728243253433	0.0644043300852	0.0536700799825	0.0622255231423	0.0	0.0518023037074	0.03617143129	0.0453509700636	0.0468567507567	0.0455880711527	0.0641307817863	0.0398315632187	0.0541611818353	0.077669284726	0.0522805131714	0.0710963724068	0.0584164707179	0.0654565449809	0.0478504985253	0.0648734772741	0.0524807375343	0.040924334157	0.0425685711574	0.050335492844	0.0454598076898	0.0505987763006	0.0755919675296	0.037376003752	0.0491990587899	0.046989817131	0.0501594684274	0.0798854811204	0.046813853296
SAMEA3136638.snv.bam	0.0787518755755	0.014262486393	0.0340996566156	0.0700099724377	0.0743253404155	0.0256769945429	0.0282923754516	0.0405069944358	0.0393393698689	0.0865993744238	0.067128709604	0.0332736119661	0.0458559898927	0.0480227837184	0.0543208048779	0.0523235548233	0.0834522950582	0.0351912473708	0.0762843684472	0.0299584413306	0.025113851899	0.0262915148086	0.0457187916266	0.0260451083973	0.0263379886615	0.0248437103801	0.081152217219	0.0604252715699	0.0790556450463	0.0644806521898	0.0518023037074	0.0	0.0552888862211	0.059849079157	0.0427940322448	0.0602745314697	0.064184899705	0.0309450686512	0.0572492975394	0.0683029821526	0.0602485501253	0.0536509920098	0.0260045712159	0.05051538492	0.0658694667553	0.0281686674623	0.057334129605	0.0411708748205	0.0613939691048	0.0307721277472	0.0391798117746	0.00704860181122	0.0597437966461	0.0419964422005	0.013123057465	0.0112212847487	0.0151150128123	0.0477512345007	0.0474099504215
SAMEA3136646.snv.bam	0.0645937880756	0.0666265529837	0.0450872417685	0.0561161752327	0.0526760124922	0.0450240979919	0.0435102342643	0.0412616030508	0.0470357125946	0.0711133592255	0.0518627212358	0.0711146200424	0.0859713205662	0.048684886395	0.0524005813625	0.0666974514527	0.0680297523762	0.0718745365018	0.0975321292258	0.0747497217001	0.0490101832178	0.0712456817136	0.0549277259755	0.0583141913608	0.0709023220337	0.0662854897047	0.0661553970242	0.0605381826188	0.0515619433968	0.0683591537702	0.03617143129	0.0552888862211	0.0	0.048515121591	0.0496288396867	0.0513598369849	0.0606697137641	0.0428293047384	0.0530830387831	0.0767115415812	0.0529432185118	0.0688266023594	0.0615569893834	0.066527820657	0.0473559619324	0.063839368378	0.0519118904292	0.042772861069	0.0497930712826	0.0578815561661	0.0482079339543	0.0523175028017	0.0719941307585	0.0448543448941	0.0530442868941	0.0517738038942	0.0529126084478	0.0780875633426	0.0455492712159
SAMEA3136648.snv.bam	0.0620894125822	0.07113959361	0.0425571402198	0.0575741305962	0.0444441047195	0.0455954682058	0.0427188911785	0.0347889982824	0.0438722840771	0.0692158742175	0.0320740221307	0.0688483152402	0.0963699944405	0.0405614250561	0.0348833204029	0.0689510079089	0.0672909343127	0.0697101992809	0.103118792462	0.0708919668689	0.0505904451901	0.0680773750866	0.0517559962947	0.0623672685467	0.0676043166686	0.0636658435411	0.0653089618758	0.056280429654	0.0339034176923	0.0702403819216	0.0453509700636	0.059849079157	0.048515121591	0.0	0.0485734447086	0.0435597333544	0.0498063628333	0.0464637092885	0.0551812140795	0.0778408483389	0.0470166431537	0.0727868385351	0.0554934719174	0.0630073647866	0.0269496414762	0.065137672728	0.0522498671463	0.0335886086959	0.0379163726741	0.0575016401972	0.0508242568634	0.0581540090265	0.0784538900276	0.0302021873431	0.0554526065308	0.0549097345479	0.0560863828562	0.0835248165986	0.0406751839756
SAMEA3136649.snv.bam	0.0703170370778	0.0551729282946	0.0326209157577	0.0604301183953	0.0596981740997	0.0346000002301	0.0355827294063	0.0376708692622	0.038093135411	0.0788158411267	0.0474295477632	0.0393799859252	0.0760591028856	0.0336743588899	0.0363719071579	0.0434896328236	0.0753666524675	0.0492551135529	0.0889680210608	0.0444216562961	0.0412884609738	0.040165517213	0.0443385580604	0.0437931621859	0.0398302919281	0.0373928532435	0.0738919149547	0.042603706672	0.0673176588857	0.0482791687162	0.0468567507567	0.0427940322448	0.0496288396867	0.0485734447086	0.0	0.0442044600179	0.0596260925439	0.0342829148137	0.0346212972386	0.0683314664243	0.0444136552341	0.070912506666	0.0330997497728	0.0502143002341	0.056216248659	0.0467114630887	0.0465971252846	0.0307700901201	0.0499078694138	0.0384880686692	0.039249372697	0.0424632541044	0.0559301614314	0.0383991635187	0.0411024236465	0.0395911190599	0.0369238991447	0.0552392953142	0.03798545305
SAMEA3136656.snv.bam	0.0732179336485	0.0694076764491	0.0474197722162	0.0648564108207	0.0592453075529	0.0466744459385	0.0450203212543	0.0456476082575	0.0442892380711	0.0803406867193	0.050566042778	0.0648770250965	0.0866865063762	0.0416173373766	0.0325392765781	0.0548272574017	0.0772046635873	0.0640287654009	0.0972495704237	0.0744017322228	0.0442150922696	0.0722399210727	0.0514664964235	0.0563178405312	0.0721594358585	0.0663268581908	0.0744832573148	0.0387334717942	0.0622946698199	0.0457346743899	0.0455880711527	0.0602745314697	0.0513598369849	0.0435597333544	0.0442044600179	0.0	0.0457332453953	0.041826668133	0.0408037330012	0.0729542984011	0.0433237605376	0.0722090318978	0.0569581285706	0.0589958655486	0.040097678505	0.0686184246365	0.0506602761842	0.0402856765349	0.0464863356437	0.0554765272916	0.0498622249145	0.0574353043346	0.0705056871473	0.0399931016086	0.0539089509284	0.0525596610119	0.0538867560506	0.0765225895791	0.0501977697493
SAMEA3136660.snv.bam	0.0760987927398	0.0744299984048	0.0557622772586	0.0673469561844	0.0662327912503	0.0547343756617	0.0546591590293	0.055181748337	0.0561797266591	0.0801696881375	0.0650040459624	0.0738555073108	0.0952668352055	0.0610342305148	0.0359134592007	0.0676889139045	0.0771897804299	0.0750232084309	0.091632288405	0.0762461791309	0.0423843806616	0.0731947867629	0.0679354254642	0.0697058407649	0.072851427083	0.0670177174678	0.0743477617339	0.0405871743274	0.0661472982844	0.0634779401731	0.0641307817863	0.064184899705	0.0606697137641	0.0498063628333	0.0596260925439	0.0457332453953	0.0	0.0494273756467	0.0567929886187	0.0732100597646	0.054777525355	0.0697572203203	0.0606398928008	0.0610256697772	0.041856384049	0.0703078647861	0.0612004011828	0.0496305617509	0.0664164907741	0.0665008207139	0.0623018797956	0.0594847966851	0.0737179403481	0.0469269819526	0.0572835529373	0.0552076936208	0.0602955376428	0.0801962185623	0.0619451376594
SAMEA3136661.snv.bam	0.0622582997546	0.0418209684113	0.0313359109964	0.0526367827266	0.0566223211423	0.0228603823336	0.023075560387	0.0302336639683	0.0298278072199	0.0697169474201	0.0545679965008	0.0449125414804	0.064943707217	0.0327167833859	0.0384491967987	0.0518261995701	0.0665574798815	0.0480026669926	0.0886661761628	0.050926666327	0.0237279185951	0.047657869028	0.0435218663221	0.0288480016059	0.0473597494815	0.0433697624455	0.0649668733297	0.0471899737228	0.0656764101629	0.0534687454245	0.0398315632187	0.0309450686512	0.0428293047384	0.0464637092885	0.0342829148137	0.041826668133	0.0494273756467	0.0	0.0420628830579	0.0663694925101	0.0457677542404	0.0625513745851	0.0359346579768	0.047679939136	0.0499181209247	0.0463051274224	0.0381000291906	0.0301329636352	0.0424783167905	0.0383628722737	0.0393258862875	0.0283778963126	0.0615582952556	0.0334592609852	0.0290985923818	0.026898456215	0.0283492789386	0.062763722317	0.0417594734249
SAMEA3136696.snv.bam	0.0666639135798	0.0685928406753	0.0456458990835	0.0558520630494	0.0607393453916	0.0475061100362	0.0431284670931	0.0489640742959	0.0469088269522	0.0749650635156	0.0561873593983	0.0610380537106	0.0852334162125	0.0398132662579	0.0415356809498	0.0388018262238	0.0714561976031	0.0596298982364	0.0912458408675	0.0677921527282	0.0466279022322	0.0653346570321	0.0545084551146	0.0553972301126	0.0651790095907	0.0591010549555	0.0705028946835	0.0365271557632	0.0692398439232	0.0321261056775	0.0541611818353	0.0572492975394	0.0530830387831	0.0551812140795	0.0346212972386	0.0408037330012	0.0567929886187	0.0420628830579	0.0	0.0694250286323	0.044497195726	0.0685501096904	0.0538795414525	0.0475543427296	0.0541155683538	0.0612186131851	0.0476915449319	0.0436769713873	0.0538691360111	0.0579529610947	0.0494591119539	0.0543663910878	0.0598399421448	0.0423297949193	0.051112207965	0.0501285685647	0.0495068936539	0.0647786339566	0.0459676374031
SAMEA3136711.snv.bam	0.0994547898115	0.0796173187482	0.0607081925868	0.0876375614126	0.0926088762289	0.0667415646498	0.0692638715159	0.0737518399959	0.0725745729536	0.105998740291	0.0640982776235	0.0792268483406	0.0964626023603	0.0728867035216	0.0712270799053	0.0626006177809	0.103395389167	0.0660903366521	0.027690741089	0.0805896523981	0.06172628767	0.0785906433902	0.0684379099789	0.074397287771	0.0786863636486	0.0698449653873	0.100445220234	0.072582422812	0.0983783821416	0.0760833991337	0.077669284726	0.0683029821526	0.0767115415812	0.0778408483389	0.0683314664243	0.0729542984011	0.0732100597646	0.0663694925101	0.0694250286323	0.0	0.0407244949777	0.0901478906011	0.0697457672655	0.0675396001876	0.0822858516371	0.0701482492816	0.0863861672297	0.0686171099178	0.0878416239235	0.0675387084714	0.0685529954205	0.0681744067116	0.0216533064953	0.0660043165525	0.0583661839812	0.0637435376821	0.0599092605379	0.0334000440111	0.0696628167411
