	158155345-tonguedorsum2.snv.bam	158256496-tonguedorsum2.snv.bam	158458797-tonguedorsum1.snv.bam	158458797-tonguedorsum2.snv.bam	158883629-tonguedorsum1.snv.bam	158883629-tonguedorsum2.snv.bam	158944319-tonguedorsum3.snv.bam	159207311-tonguedorsum3.snv.bam	159247771-tonguedorsum2.snv.bam	159268001-tonguedorsum3.snv.bam	159470302-tonguedorsum1.snv.bam	159611913-tonguedorsum2.snv.bam	159733294-tonguedorsum1.snv.bam	160178356-tonguedorsum2.snv.bam	160178356-tonguedorsum3.snv.bam	160259276-tonguedorsum1.snv.bam	160319967-tonguedorsum3.snv.bam	160380657-tonguedorsum3.snv.bam	160421117-tonguedorsum2.snv.bam	160421117-tonguedorsum3.snv.bam	160502038-tonguedorsum1.snv.bam	160502038-tonguedorsum2.snv.bam	160502038-tonguedorsum3.snv.bam	160603188-tonguedorsum2.snv.bam	160603188-tonguedorsum3.snv.bam	160947100-tonguedorsum1.snv.bam	295137534-tonguedorsum2.snv.bam	370027359-tonguedorsum3.snv.bam	550534656-tonguedorsum3.snv.bam	604812005-tonguedorsum3.snv.bam	638754422-tonguedorsum3.snv.bam	675950834-tonguedorsum3.snv.bam	682102541-tonguedorsum3.snv.bam	686765762-tonguedorsum3.snv.bam	737052003-tonguedorsum1.snv.bam	737052003-tonguedorsum2.snv.bam	763759525-tonguedorsum2.snv.bam	763901136-tonguedorsum1.snv.bam	763961826-tonguedorsum2.snv.bam	763982056-tonguedorsum2.snv.bam	763982056-tonguedorsum3.snv.bam	764083206-tonguedorsum1.snv.bam	764285508-tonguedorsum2.snv.bam	764305738-tonguedorsum1.snv.bam	764325968-tonguedorsum1.snv.bam	764325968-tonguedorsum2.snv.bam	764366428-tonguedorsum2.snv.bam	764366428-tonguedorsum3.snv.bam	764467579-palatinetonsils3.snv.bam	764467579-tonguedorsum3.snv.bam	764811490-tonguedorsum1.snv.bam	764811490-tonguedorsum2.snv.bam	764872181-tonguedorsum1.snv.bam	764892411-tonguedorsum2.snv.bam	765013792-tonguedorsum2.snv.bam	765013792-tonguedorsum3.snv.bam	765034022-tonguedorsum1.snv.bam	765074482-tonguedorsum1.snv.bam	765074482-tonguedorsum3.snv.bam	765155402-tonguedorsum3.snv.bam	765195863-palatinetonsils3.snv.bam	765195863-tonguedorsum3.snv.bam	765216093-tonguedorsum3.snv.bam	765640925-tonguedorsum1.snv.bam	823052294-tonguedorsum1.snv.bam	823052294-tonguedorsum2.snv.bam	823052294-tonguedorsum3.snv.bam	857980665-tonguedorsum2.snv.bam	857980665-tonguedorsum3.snv.bam	863126187-tonguedorsum3.snv.bam
158155345-tonguedorsum2.snv.bam	0.0	0.0727536846581	0.116772752307	0.118597356903	0.0926925789911	0.133366338854	0.232752101427	0.165422330513	0.143398789137	0.208880267761	0.224137819334	0.104977261562	0.242036557843	0.18997607765	0.192613248708	0.158299895063	0.194314353906	0.2278079464	0.210784497636	0.210401469865	0.127584266112	0.133926209719	0.134460829294	0.241421376205	0.245848983174	0.169002159626	0.224182435267	0.160132714197	0.217461626228	0.227788994932	0.240348506227	0.232452939198	0.1685295606	0.210727066627	0.11451747397	0.217754587024	0.123307165611	0.182699730123	0.107000031831	0.177114784005	0.172566755784	0.1792245729	0.0992636563433	0.12240209428	0.126054389167	0.180068887118	0.152590720768	0.171310990816	0.187798036778	0.218768193076	0.212411116696	0.222881355384	0.110282733291	0.161610503149	0.0884019530809	0.0866368965358	0.146540362531	0.130679201162	0.122852714155	0.14782906326	0.173881186004	0.199942081402	0.20516233436	0.140379881757	0.135085708609	0.175416034867	0.130881374841	0.120344665296	0.12072859226	0.137551587193
158256496-tonguedorsum2.snv.bam	0.0727536846581	0.0	0.114868228323	0.122193825194	0.118865159832	0.120427720267	0.207439908578	0.144577854814	0.139710636935	0.192489655962	0.189216311821	0.104773619342	0.219335006318	0.15132388096	0.153855931911	0.141757527086	0.165559866567	0.203249615176	0.179032436268	0.17784473096	0.142165053012	0.150769589324	0.150841343707	0.215094465499	0.22078339637	0.138897172252	0.199445282802	0.13784912951	0.194149202598	0.192823414509	0.213481506281	0.203995638698	0.144638059212	0.184855528751	0.116028406644	0.196333892142	0.128828564775	0.153884933147	0.114408390668	0.147910310043	0.146219729832	0.135595890049	0.115952769318	0.141365695684	0.123146290209	0.15344559498	0.129910500208	0.147889019329	0.164516207393	0.1843523305	0.183535188826	0.190140989202	0.133424645686	0.141965813935	0.120229111392	0.108119939054	0.124426724253	0.115315503837	0.131063385766	0.118769976145	0.138146994557	0.171313562341	0.178922224991	0.121677193726	0.140047001929	0.144790818664	0.118766441229	0.134389010052	0.129099358479	0.128398870117
158458797-tonguedorsum1.snv.bam	0.116772752307	0.114868228323	0.0	0.0272755600551	0.125938521634	0.140834146608	0.213159999672	0.144911866904	0.0989912349452	0.204848219861	0.211701279251	0.102727165545	0.238179862741	0.176210308391	0.177663905058	0.142527312162	0.178117031319	0.218847133282	0.196336743841	0.193672640161	0.135740785627	0.143486166236	0.141999750219	0.219081453496	0.224895345394	0.176380244867	0.210897941081	0.156696801795	0.213800232679	0.22128828368	0.242098420228	0.220874228399	0.160061419195	0.208902384889	0.118289646022	0.213327237297	0.136130082814	0.178578647612	0.107289338029	0.181189051833	0.179169119169	0.164546331019	0.133996023908	0.115029477309	0.128508997956	0.172651497969	0.139703430961	0.155423434769	0.179343623711	0.203670114634	0.218969644063	0.223571277845	0.13225459772	0.151122266484	0.12580874201	0.113188642016	0.145698697314	0.140146876663	0.137947596266	0.130334700787	0.156676602105	0.18184261136	0.194802770409	0.14198580003	0.139423285462	0.159792631331	0.121953814473	0.135476106374	0.128650050645	0.105416873319
158458797-tonguedorsum2.snv.bam	0.118597356903	0.122193825194	0.0272755600551	0.0	0.1329133274	0.150283890289	0.227109939657	0.158860117288	0.108325498859	0.213156055121	0.225197078401	0.108835777668	0.247101124446	0.186643885115	0.188827732005	0.150841199638	0.184788323941	0.228353993341	0.210550480348	0.20944871758	0.138474869637	0.147167562155	0.144405815697	0.235735235972	0.240306030187	0.180766301265	0.221301626246	0.170348198911	0.22415353631	0.23352420358	0.251157844043	0.23080815299	0.170194013802	0.22175584682	0.121668931617	0.220929334819	0.133381443448	0.185562404614	0.105735630378	0.191547399821	0.189823343829	0.179350068788	0.13510503786	0.121692602402	0.139072781595	0.179043468226	0.150111240521	0.166785692727	0.179408722141	0.208481502291	0.228124374355	0.224567593025	0.135510155197	0.153504017228	0.124774854756	0.111950070751	0.156263557977	0.149489873329	0.146772586871	0.140997381667	0.16459217071	0.193542165538	0.200450194959	0.151833727039	0.142257293198	0.169235709955	0.131441132684	0.1400130203	0.133649797413	0.116914204622
158883629-tonguedorsum1.snv.bam	0.0926925789911	0.118865159832	0.125938521634	0.1329133274	0.0	0.0969684222785	0.225221289042	0.158226093466	0.150428688905	0.20813539405	0.216971759235	0.0972732956605	0.228916360475	0.182332670223	0.184527877888	0.13472315853	0.190965572573	0.22061412927	0.21018703951	0.208388149798	0.120235698394	0.124066267292	0.123441205212	0.228789304304	0.233050336352	0.172481511108	0.216534017997	0.146901536833	0.214361378063	0.223420774478	0.240801144965	0.225438478785	0.170421053727	0.213680537885	0.110024593704	0.213926992574	0.118428089575	0.181691509749	0.115802932935	0.176522219739	0.172515066991	0.175111790624	0.111670021342	0.100802296336	0.122336234816	0.182186207884	0.149699216534	0.166179740737	0.172582544602	0.211429841478	0.21005708637	0.213651326392	0.0560097391903	0.167462367789	0.105923952969	0.107871791235	0.139531951943	0.138175151189	0.130580936824	0.157608558182	0.185364159629	0.196524696287	0.199513947923	0.121157986883	0.113178252608	0.16417075722	0.122703223873	0.115610126127	0.114624409926	0.142283460501
158883629-tonguedorsum2.snv.bam	0.133366338854	0.120427720267	0.140834146608	0.150283890289	0.0969684222785	0.0	0.1937445216	0.12638839809	0.157302802714	0.158308483679	0.177958422107	0.111930797989	0.202898255768	0.144977563335	0.149753297318	0.148088688247	0.157138611964	0.186673340876	0.180669304559	0.179739584332	0.158026285733	0.166629994984	0.167132386513	0.205222795302	0.210090568369	0.145428345197	0.178919392112	0.118144414965	0.155781803132	0.190666782089	0.217774437591	0.190750738599	0.134058464279	0.182788819109	0.13783163074	0.151360466064	0.144649270582	0.139888173511	0.136013928054	0.158565769085	0.152486742512	0.14401918317	0.149324541686	0.134888141592	0.100953457987	0.14963764151	0.1079889947	0.127353664265	0.157690210107	0.170385025382	0.179832108229	0.185739618974	0.124313392448	0.116205335147	0.14460280585	0.133224592135	0.12140112022	0.14833047727	0.16435701728	0.131533863479	0.152917874847	0.1597010123	0.16954846044	0.108353977603	0.14298181284	0.132882135525	0.137044039378	0.12582836395	0.122227204713	0.146196306942
158944319-tonguedorsum3.snv.bam	0.232752101427	0.207439908578	0.213159999672	0.227109939657	0.225221289042	0.1937445216	0.0	0.175745767917	0.212952990818	0.137144722068	0.149063229354	0.223031051713	0.153518672678	0.1559832101	0.151120544379	0.180069454485	0.139146719309	0.135526745022	0.173203987429	0.1786714011	0.246835273852	0.255352405356	0.254996290125	0.0854186289713	0.0855520691815	0.182785897394	0.123342312522	0.181204356746	0.130484674087	0.155806557229	0.178356897692	0.145226309651	0.171757308332	0.112866038133	0.209298609209	0.127336115532	0.23698913122	0.158075195587	0.223312831971	0.161473181239	0.172971384697	0.144163719866	0.241621477266	0.238803500822	0.184274383001	0.152155942412	0.17924721232	0.161944137641	0.167189101845	0.162770106956	0.135103779552	0.146590473288	0.222728571099	0.193501405563	0.228583367219	0.223590869987	0.193418784116	0.229008898779	0.242880737436	0.195006247281	0.178467026345	0.151915234444	0.0985334774456	0.186647292581	0.213573554134	0.176552126594	0.218607996606	0.220669071814	0.216021561206	0.202255596568
159207311-tonguedorsum3.snv.bam	0.165422330513	0.144577854814	0.144911866904	0.158860117288	0.158226093466	0.12638839809	0.175745767917	0.0	0.165252992698	0.165663092207	0.144339757617	0.146062000904	0.1654923911	0.101983738533	0.104538578181	0.159551913625	0.117620271832	0.118744831355	0.152440709931	0.157458949205	0.170179064209	0.178948904143	0.179109648952	0.178195387878	0.181194352239	0.143100882214	0.13646139745	0.107614188595	0.131875919488	0.16218185418	0.185129124762	0.131492080509	0.113798254425	0.165089719156	0.153020462296	0.168587045197	0.163891284339	0.0967225787585	0.141458728887	0.140587358709	0.144040518536	0.13202016487	0.163226710719	0.174055702624	0.123616307372	0.138044151328	0.0757496082744	0.075511753521	0.142498379534	0.116538717292	0.167420092928	0.171177926187	0.166288389232	0.120292681504	0.176967664593	0.167574074968	0.123030960751	0.154914574132	0.171465587941	0.129052987987	0.0965312252264	0.0946693299749	0.158850027018	0.12591781584	0.16058123345	0.124938828201	0.150337134518	0.165561120745	0.160228380715	0.144125155812
159247771-tonguedorsum2.snv.bam	0.143398789137	0.139710636935	0.0989912349452	0.108325498859	0.150428688905	0.157302802714	0.212952990818	0.165252992698	0.0	0.191669318582	0.201639616475	0.149209362806	0.21968654665	0.177814606105	0.180475848686	0.13339687686	0.177147288893	0.20530045421	0.207187513615	0.203526574777	0.174778262983	0.182276022259	0.181471699902	0.216638465712	0.221070343907	0.183858930342	0.201186270187	0.15763755543	0.205528131486	0.209860085881	0.230671236649	0.205674524303	0.170625684405	0.200467094703	0.116053669483	0.210752193993	0.138764727424	0.176616354114	0.115939919254	0.180039428324	0.175685259414	0.175042108893	0.159698447975	0.152054683289	0.154481999668	0.177563642308	0.158536040553	0.169727657617	0.184685579279	0.204569465309	0.208465994406	0.212920547469	0.15173843878	0.138201300619	0.129914234883	0.122570805167	0.164368520251	0.177034383491	0.170844306965	0.119637448375	0.14694978986	0.174982525809	0.19122564723	0.160048521611	0.155431068835	0.174899164233	0.148487599751	0.167000925628	0.164221757925	0.0434642478067
159268001-tonguedorsum3.snv.bam	0.208880267761	0.192489655962	0.204848219861	0.213156055121	0.20813539405	0.158308483679	0.137144722068	0.165663092207	0.191669318582	0.0	0.154761610876	0.206528427582	0.158432874477	0.150993040866	0.148749565587	0.195044971205	0.14933031885	0.136875323997	0.175815675116	0.181527338362	0.232644273557	0.238348873653	0.237949883205	0.1330851411	0.135694169664	0.162748075246	0.139841522138	0.16835003079	0.123140613319	0.154305413685	0.191279501972	0.144144011624	0.162053452494	0.154640718187	0.188976692704	0.100641501759	0.210017180013	0.158269118911	0.194348473845	0.172934486057	0.183234156466	0.14548668183	0.217189414835	0.211208165855	0.181715268414	0.168902329182	0.160173716046	0.150587662512	0.185377555982	0.166343447618	0.162062749749	0.166814961583	0.204115361182	0.158931843721	0.205154088253	0.20471553849	0.178406396991	0.210322896763	0.226864264085	0.183854391622	0.172820998812	0.145689151641	0.150558738227	0.185645116144	0.202071518183	0.160344710688	0.207270884121	0.208689136684	0.207707185112	0.18798884107
159470302-tonguedorsum1.snv.bam	0.224137819334	0.189216311821	0.211701279251	0.225197078401	0.216971759235	0.177958422107	0.149063229354	0.144339757617	0.201639616475	0.154761610876	0.0	0.212480070042	0.135266479613	0.101322282428	0.0982060091582	0.192057328286	0.13764535416	0.117687199406	0.116993158302	0.127752604305	0.223287067036	0.231679645836	0.232097695284	0.149444426365	0.14885652105	0.120123796587	0.119795113314	0.155469900052	0.116942412804	0.112652521412	0.107382317396	0.105495563013	0.142010591964	0.127076189802	0.203183001843	0.13060716554	0.218324936643	0.120018128349	0.213417082014	0.128397519159	0.138364938514	0.134559328897	0.230333300263	0.232692117824	0.181221648196	0.161913292438	0.145920042542	0.131940480061	0.166751876802	0.12464800995	0.135192742737	0.139988513406	0.214875731285	0.164401608449	0.220001263964	0.219187488122	0.124950633534	0.201724536895	0.231712381368	0.172176411233	0.143450418555	0.123348445051	0.128122971489	0.17718548934	0.205218435326	0.155512014365	0.210818787699	0.222128917124	0.217019248499	0.182504472121
159611913-tonguedorsum2.snv.bam	0.104977261562	0.104773619342	0.102727165545	0.108835777668	0.0972732956605	0.111930797989	0.223031051713	0.146062000904	0.149209362806	0.206528427582	0.212480070042	0.0	0.236748932887	0.172608875386	0.176751850811	0.144862039594	0.176605352376	0.218466840504	0.202169884978	0.20176522984	0.114572749025	0.120637842094	0.120079429899	0.233925673383	0.238530019998	0.15466861608	0.215513243426	0.147405903025	0.208633213768	0.222743204401	0.23342064137	0.220515888245	0.15120282079	0.210454551445	0.110776039531	0.206225529697	0.114416751965	0.169753483955	0.108338427361	0.164471262215	0.157634524167	0.157223140682	0.12341938448	0.111776588794	0.116828572197	0.169722867745	0.129629144475	0.153871756111	0.163607577792	0.193951781307	0.206996778016	0.207769819196	0.105854958888	0.150059149639	0.113873220231	0.0980734881436	0.130184206116	0.11984518051	0.119617910205	0.143773438518	0.171887643385	0.189094256275	0.196255326375	0.125913844602	0.11291858301	0.149090165412	0.110429264233	0.124414371996	0.117733357423	0.140208580616
159733294-tonguedorsum1.snv.bam	0.242036557843	0.219335006318	0.238179862741	0.247101124446	0.228916360475	0.202898255768	0.153518672678	0.1654923911	0.21968654665	0.158432874477	0.135266479613	0.236748932887	0.0	0.153706058047	0.152064751136	0.209374491999	0.11925308953	0.087427177046	0.154510062822	0.160639878721	0.256139663014	0.263216732252	0.261951556715	0.15433951302	0.154452264575	0.182712194969	0.0933735013163	0.165872202493	0.115468365872	0.139515917795	0.169188183375	0.112602615388	0.168522571665	0.139846663683	0.222010496903	0.154174077202	0.242023255458	0.136822259637	0.234733073075	0.16973935705	0.179841466022	0.173163427643	0.236506310873	0.241654777393	0.208283208942	0.197921874176	0.165405935278	0.145949916224	0.183586106008	0.145225863877	0.125113750267	0.135865564611	0.229361991265	0.190512580502	0.236675440246	0.238866551631	0.191478450985	0.224583384532	0.250317506056	0.191853483653	0.159284990412	0.124870343813	0.15546802196	0.190181007017	0.224139352073	0.18149730588	0.232166950879	0.239820171861	0.237207568475	0.205511997101
160178356-tonguedorsum2.snv.bam	0.18997607765	0.15132388096	0.176210308391	0.186643885115	0.182332670223	0.144977563335	0.1559832101	0.101983738533	0.177814606105	0.150993040866	0.101322282428	0.172608875386	0.153706058047	0.0	0.0203480383961	0.166047607374	0.109554817799	0.114874522397	0.113542805358	0.116321310888	0.19440877465	0.203576091778	0.203041102385	0.154129617466	0.157036346319	0.128078756479	0.125475079932	0.118167115411	0.116821147751	0.119665080969	0.152870259515	0.107706578205	0.115729599147	0.121362501234	0.1669892367	0.144120282459	0.181042144748	0.0803854691138	0.168103167868	0.124603213025	0.133796384485	0.106642616658	0.185843215275	0.203118035088	0.156367116004	0.134651808493	0.100764234011	0.0881993790047	0.148592751824	0.104437463911	0.142408838383	0.142703394323	0.18236817911	0.137389595193	0.189797715372	0.184422241885	0.121077486414	0.156233176809	0.182717733367	0.133936750439	0.112727890141	0.0927168747174	0.124917456711	0.137101003851	0.169547369358	0.116846836713	0.169282592518	0.182815550768	0.177194413734	0.159149053009
160178356-tonguedorsum3.snv.bam	0.192613248708	0.153855931911	0.177663905058	0.188827732005	0.184527877888	0.149753297318	0.151120544379	0.104538578181	0.180475848686	0.148749565587	0.0982060091582	0.176751850811	0.152064751136	0.0203480383961	0.0	0.168254099794	0.111695635709	0.111068755391	0.109070724227	0.112476075299	0.196201031373	0.205406279762	0.205266201696	0.148705429166	0.151868770699	0.130340886828	0.122763683781	0.122260121666	0.119012601161	0.114805775538	0.150209197606	0.106264560274	0.119910126618	0.118870211352	0.171864383287	0.145340260057	0.184781982236	0.0851133120967	0.172084621236	0.122484148647	0.132767911524	0.104820225694	0.189174730513	0.204761121737	0.158813181071	0.136291534103	0.106792197724	0.0933894553778	0.148236667801	0.10654818272	0.137615918088	0.139560212485	0.185558440993	0.140612883544	0.192578917876	0.18752869954	0.122895399538	0.159327143917	0.184746606534	0.135665974195	0.115094246942	0.0947395272993	0.121519288097	0.140607757776	0.169159129654	0.116980394474	0.170595536527	0.185256199437	0.180250982811	0.161018577349
160259276-tonguedorsum1.snv.bam	0.158299895063	0.141757527086	0.142527312162	0.150841199638	0.13472315853	0.148088688247	0.180069454485	0.159551913625	0.13339687686	0.195044971205	0.192057328286	0.144862039594	0.209374491999	0.166047607374	0.168254099794	0.0	0.176414468283	0.19312317851	0.190074630499	0.183731304196	0.172021886364	0.180215870473	0.181126570513	0.196166594436	0.20068063984	0.177471927495	0.197788597461	0.133618278829	0.190968682814	0.194524066054	0.22584315487	0.203187403355	0.147089387989	0.171609414159	0.12913835569	0.197413654846	0.147083364631	0.168171578989	0.144126724863	0.168319217857	0.169372136344	0.163717400909	0.145993768928	0.162118390671	0.151623079868	0.134589382426	0.151345835128	0.162785300594	0.123951271061	0.180266782558	0.179261201688	0.181994556149	0.128852052615	0.165496952892	0.155833312356	0.14772591933	0.155079177261	0.169543462967	0.178569895334	0.157268740255	0.171403821349	0.179167960614	0.164638965026	0.146386141852	0.151110782397	0.161390063127	0.14291786672	0.119065024473	0.124038731737	0.140500704727
160319967-tonguedorsum3.snv.bam	0.194314353906	0.165559866567	0.178117031319	0.184788323941	0.190965572573	0.157138611964	0.139146719309	0.117620271832	0.177147288893	0.14933031885	0.13764535416	0.176605352376	0.11925308953	0.109554817799	0.111695635709	0.176414468283	0.0	0.113424254338	0.139816251949	0.137596145503	0.209890400274	0.218609093322	0.218311314275	0.158959748789	0.161076852149	0.153906451422	0.11526385597	0.140192593586	0.128985113597	0.141454355169	0.166608064154	0.130592772476	0.132966821111	0.139087326465	0.173942543197	0.151648064677	0.192091929473	0.114499718516	0.174601933189	0.127571183895	0.138671195657	0.1195937022	0.195522363014	0.19837425928	0.161620113296	0.145806249543	0.11116762271	0.0987355782987	0.163211626681	0.130015686087	0.134631526137	0.137151793845	0.191004670066	0.140862270068	0.183346503934	0.180525004166	0.153451368122	0.183662509069	0.203909653288	0.146661819722	0.127341818493	0.101026768499	0.119070203155	0.136633996271	0.181723699	0.121265991133	0.173307440525	0.188489047601	0.184953557143	0.161705055454
160380657-tonguedorsum3.snv.bam	0.2278079464	0.203249615176	0.218847133282	0.228353993341	0.22061412927	0.186673340876	0.135526745022	0.118744831355	0.20530045421	0.136875323997	0.117687199406	0.218466840504	0.087427177046	0.114874522397	0.111068755391	0.19312317851	0.113424254338	0.0	0.1530334446	0.158721030679	0.241146772002	0.248438700441	0.248746404649	0.127567283554	0.123756580781	0.16890912648	0.0631539160444	0.150952970868	0.0852587640206	0.12094376917	0.154425940044	0.060646248628	0.142554618798	0.124364170992	0.204587233878	0.135167702178	0.219543598325	0.0944898005554	0.219090716034	0.153029739568	0.165926869854	0.13509636025	0.224261046019	0.23430321454	0.195420681112	0.167181065929	0.130217471498	0.100400443644	0.16399965761	0.113506271881	0.123051797365	0.130928335672	0.214905683684	0.170377968211	0.225475439007	0.227329177264	0.177728340022	0.217421039725	0.231652783701	0.176323360345	0.128815077319	0.0717969046974	0.133568113205	0.17361815522	0.204952068757	0.153445839048	0.211568062511	0.22442095816	0.222891059892	0.187509478667
160421117-tonguedorsum2.snv.bam	0.210784497636	0.179032436268	0.196336743841	0.210550480348	0.21018703951	0.180669304559	0.173203987429	0.152440709931	0.207187513615	0.175815675116	0.116993158302	0.202169884978	0.154510062822	0.113542805358	0.109070724227	0.190074630499	0.139816251949	0.1530334446	0.0	0.0333885507799	0.222706786086	0.232122887378	0.231550151379	0.171083020591	0.171351221028	0.15409505892	0.15752662934	0.163329510761	0.146216027453	0.0942942568521	0.12962585713	0.146823790339	0.163765845666	0.123539233174	0.198112250562	0.16231467839	0.212228924489	0.140992435165	0.203746143018	0.13182364249	0.14471526737	0.125485514349	0.215234650356	0.221599692581	0.179773687835	0.161356308512	0.155765876368	0.144222379734	0.160449192157	0.132073157047	0.110572895105	0.111256605652	0.220692424882	0.156748745832	0.218363923902	0.213166128475	0.150065640928	0.19314725492	0.222855659633	0.172234330516	0.163667865924	0.14056320827	0.138348299095	0.175867293927	0.19650819694	0.147605902431	0.197291767122	0.198507130673	0.197742134627	0.188132707566
160421117-tonguedorsum3.snv.bam	0.210401469865	0.17784473096	0.193672640161	0.20944871758	0.208388149798	0.179739584332	0.1786714011	0.157458949205	0.203526574777	0.181527338362	0.127752604305	0.20176522984	0.160639878721	0.116321310888	0.112476075299	0.183731304196	0.137596145503	0.158721030679	0.0333885507799	0.0	0.224234753974	0.234259563159	0.233432544975	0.175720762249	0.176914825499	0.159752964357	0.164543211594	0.165244229229	0.149806878588	0.100515292895	0.135461295698	0.153054829459	0.159280109544	0.12727345201	0.1960381591	0.169243165361	0.209107721822	0.138612278915	0.201077821481	0.137010408987	0.150945582614	0.126058309684	0.215491292865	0.219499326651	0.177035039174	0.160136107599	0.156914168243	0.145915373512	0.160043945962	0.13439888586	0.109058728901	0.105522851113	0.218366708295	0.15508926738	0.213777495542	0.209885490775	0.156132150457	0.193774677388	0.224756371758	0.171698387787	0.165602470451	0.143319986722	0.138079648385	0.174580557904	0.19807741074	0.149480043811	0.194418152743	0.19419140888	0.193828670114	0.183764052405
160502038-tonguedorsum1.snv.bam	0.127584266112	0.142165053012	0.135740785627	0.138474869637	0.120235698394	0.158026285733	0.246835273852	0.170179064209	0.174778262983	0.232644273557	0.223287067036	0.114572749025	0.256139663014	0.19440877465	0.196201031373	0.172021886364	0.209890400274	0.241146772002	0.222706786086	0.224234753974	0.0	0.0129428030011	0.0129391437606	0.256647544994	0.261511829027	0.180521303229	0.238287308626	0.170622662444	0.237569314384	0.240554791071	0.25273938206	0.244633232778	0.18453413686	0.233460162024	0.154731527866	0.23326257263	0.138220053229	0.197531317306	0.12762133953	0.201351370668	0.198159502387	0.192531768281	0.107080687657	0.13564921918	0.150223119556	0.19542573079	0.161993085038	0.181685098153	0.209233685266	0.230797386263	0.240378825743	0.240731971917	0.145098956029	0.180074655129	0.133447658589	0.132331455643	0.149249710441	0.11579865625	0.0991628027437	0.168653092417	0.197000425555	0.218096548604	0.209927842519	0.154208178314	0.12839016304	0.180128811817	0.123430867522	0.146001287543	0.138970411246	0.172774771517
160502038-tonguedorsum2.snv.bam	0.133926209719	0.150769589324	0.143486166236	0.147167562155	0.124066267292	0.166629994984	0.255352405356	0.178948904143	0.182276022259	0.238348873653	0.231679645836	0.120637842094	0.263216732252	0.203576091778	0.205406279762	0.180215870473	0.218609093322	0.248438700441	0.232122887378	0.234259563159	0.0129428030011	0.0	0.00671276852729	0.264815024459	0.26947119195	0.189177029359	0.246589490147	0.179903810853	0.245651591034	0.249674400652	0.259547267419	0.253478103846	0.194264182955	0.24300976343	0.160997769497	0.239070637275	0.143730301292	0.206856190547	0.136489705116	0.209641253367	0.205651396353	0.201946183451	0.110314114265	0.142366983937	0.159778738514	0.205632944171	0.171535438259	0.191320719866	0.219458624095	0.239774592585	0.249047693945	0.249691371927	0.150135041904	0.188496945987	0.139409252595	0.137707091567	0.157321229527	0.122720415106	0.101065704703	0.177188109423	0.20381027294	0.226301944367	0.220979633455	0.164496515027	0.134482322718	0.190877104058	0.132701996871	0.15385360549	0.147507512133	0.18093760951
160502038-tonguedorsum3.snv.bam	0.134460829294	0.150841343707	0.141999750219	0.144405815697	0.123441205212	0.167132386513	0.254996290125	0.179109648952	0.181471699902	0.237949883205	0.232097695284	0.120079429899	0.261951556715	0.203041102385	0.205266201696	0.181126570513	0.218311314275	0.248746404649	0.231550151379	0.233432544975	0.0129391437606	0.00671276852729	0.0	0.264349536118	0.269077711429	0.19013222652	0.24655237498	0.180308652102	0.245795173147	0.249387949334	0.259219211473	0.253981130392	0.194218468126	0.243554896231	0.160275076598	0.239418849986	0.142524733349	0.206886910665	0.136054255389	0.209197257939	0.205027679485	0.202594834804	0.109269231668	0.141095961813	0.160337143458	0.206633912687	0.171906506939	0.19162011117	0.220760292147	0.241054910331	0.249128977922	0.249057980938	0.149417389536	0.188719671326	0.135985202594	0.136214808011	0.156442339232	0.120594468617	0.0998416817956	0.176588294249	0.203804709748	0.226432433647	0.221398899405	0.163891738401	0.133552850972	0.190727111777	0.133565673913	0.156130468255	0.149741399419	0.181076217026
160603188-tonguedorsum2.snv.bam	0.241421376205	0.215094465499	0.219081453496	0.235735235972	0.228789304304	0.205222795302	0.0854186289713	0.178195387878	0.216638465712	0.1330851411	0.149444426365	0.233925673383	0.15433951302	0.154129617466	0.148705429166	0.196166594436	0.158959748789	0.127567283554	0.171083020591	0.175720762249	0.256647544994	0.264815024459	0.264349536118	0.0	0.00763507155631	0.186354328591	0.147611294542	0.189286122629	0.155765899834	0.134016210591	0.16624800371	0.138016445187	0.179613806698	0.126042243258	0.218391264973	0.158501948754	0.240251312144	0.170769093223	0.225905823808	0.163512681951	0.174392396711	0.153654094847	0.243466786109	0.244087887247	0.20160907602	0.174411357767	0.18598838872	0.170630849078	0.185913595995	0.171151781813	0.146912976783	0.156624413945	0.228813018317	0.206328663616	0.233511123561	0.233635964703	0.20036519231	0.226490615404	0.244624261344	0.198936615049	0.184718754881	0.160505955456	0.136673779095	0.201700290181	0.226963369091	0.173985077654	0.225016115824	0.229482340326	0.227080163578	0.208547859777
160603188-tonguedorsum3.snv.bam	0.245848983174	0.22078339637	0.224895345394	0.240306030187	0.233050336352	0.210090568369	0.0855520691815	0.181194352239	0.221070343907	0.135694169664	0.14885652105	0.238530019998	0.154452264575	0.157036346319	0.151868770699	0.20068063984	0.161076852149	0.123756580781	0.171351221028	0.176914825499	0.261511829027	0.26947119195	0.269077711429	0.00763507155631	0.0	0.188988874489	0.147271023684	0.192995282834	0.155232460149	0.134126189887	0.161868222988	0.136160338433	0.187437677501	0.125134466514	0.225341181234	0.158762132375	0.245877066488	0.17565723229	0.230878388479	0.166366878457	0.174485822363	0.157236557002	0.249832959863	0.24840686623	0.205806769187	0.178526411826	0.191035541855	0.173879878586	0.185378924197	0.169550476297	0.145484860203	0.15745257008	0.233448353386	0.209914671355	0.238562431526	0.238070698705	0.204520395743	0.232695553055	0.249773407376	0.203470344243	0.189000236868	0.161557270932	0.135964696733	0.206724297578	0.230154822859	0.177842970143	0.22860374263	0.23441777922	0.232359433785	0.212603316095
160947100-tonguedorsum1.snv.bam	0.169002159626	0.138897172252	0.176380244867	0.180766301265	0.172481511108	0.145428345197	0.182785897394	0.143100882214	0.183858930342	0.162748075246	0.120123796587	0.15466861608	0.182712194969	0.128078756479	0.130340886828	0.177471927495	0.153906451422	0.16890912648	0.15409505892	0.159752964357	0.180521303229	0.189177029359	0.19013222652	0.186354328591	0.188988874489	0.0	0.172399955108	0.126120656599	0.167425580191	0.16060138719	0.162964824055	0.164751306735	0.141161366955	0.164548354521	0.156447864041	0.162325399577	0.176776634685	0.142264150793	0.160570013394	0.135422768827	0.13521273017	0.137169129514	0.173327586213	0.189034873876	0.1463222536	0.142135046415	0.132878428275	0.138236649093	0.171273151428	0.157367838984	0.171293248006	0.169818996982	0.172344321406	0.150933199095	0.174199401878	0.166817998321	0.0976482265124	0.156396497273	0.185120008463	0.152022248344	0.145333538182	0.152318387724	0.154213322258	0.156818814824	0.164664930983	0.129608429028	0.161523858405	0.181250722815	0.174157495205	0.166616349111
295137534-tonguedorsum2.snv.bam	0.224182435267	0.199445282802	0.210897941081	0.221301626246	0.216534017997	0.178919392112	0.123342312522	0.13646139745	0.201186270187	0.139841522138	0.119795113314	0.215513243426	0.0933735013163	0.125475079932	0.122763683781	0.197788597461	0.11526385597	0.0631539160444	0.15752662934	0.164543211594	0.238287308626	0.246589490147	0.24655237498	0.147611294542	0.147271023684	0.172399955108	0.0	0.157004479997	0.0908438955676	0.140513762011	0.159998522524	0.0783804028099	0.139732247649	0.133688367105	0.211002383471	0.132502114387	0.226858296804	0.102953724383	0.217461564385	0.1601258085	0.173886082302	0.145695994883	0.232458857595	0.233558722481	0.190374730181	0.172927101623	0.14077044527	0.115034039942	0.158328198606	0.117822420253	0.119026976806	0.125823758958	0.215519533042	0.17148029388	0.218702336267	0.220230197111	0.176406451185	0.221100273216	0.232138094715	0.175156167155	0.138194321817	0.0917970770606	0.121879068332	0.1734103308	0.203271052416	0.166768471854	0.208814526991	0.224979792652	0.220082667595	0.186126306003
370027359-tonguedorsum3.snv.bam	0.160132714197	0.13784912951	0.156696801795	0.170348198911	0.146901536833	0.118144414965	0.181204356746	0.107614188595	0.15763755543	0.16835003079	0.155469900052	0.147405903025	0.165872202493	0.118167115411	0.122260121666	0.133618278829	0.140192593586	0.150952970868	0.163329510761	0.165244229229	0.170622662444	0.179903810853	0.180308652102	0.189286122629	0.192995282834	0.126120656599	0.157004479997	0.0	0.144671963224	0.168028637483	0.193733524445	0.154433725046	0.123529936285	0.163283200383	0.131035462613	0.170631759762	0.154407936621	0.107892593463	0.138047466987	0.145375757527	0.147110343276	0.140760915071	0.155959878764	0.173356773347	0.125885281161	0.131281669429	0.093022066004	0.107506566074	0.148761400146	0.145832672016	0.170299779566	0.171825962357	0.141926151238	0.138110469318	0.163376576164	0.155789996631	0.12001260695	0.147913016634	0.16750410796	0.118899687699	0.131268135189	0.135660389862	0.156281005946	0.117332016252	0.136128297676	0.122401163738	0.132869997295	0.166118262504	0.160090454186	0.139087610342
550534656-tonguedorsum3.snv.bam	0.217461626228	0.194149202598	0.213800232679	0.22415353631	0.214361378063	0.155781803132	0.130484674087	0.131875919488	0.205528131486	0.123140613319	0.116942412804	0.208633213768	0.115468365872	0.116821147751	0.119012601161	0.190968682814	0.128985113597	0.0852587640206	0.146216027453	0.149806878588	0.237569314384	0.245651591034	0.245795173147	0.155765899834	0.155232460149	0.167425580191	0.0908438955676	0.144671963224	0.0	0.135699722076	0.157546407601	0.0916454574957	0.138020860732	0.117770780376	0.20116167181	0.0811973321212	0.215672757778	0.107149384019	0.209910778502	0.15804838668	0.168112706803	0.138461404126	0.225078528831	0.223047497166	0.180068092849	0.161978224719	0.132940504542	0.112925112463	0.170593062589	0.122977163582	0.1264776596	0.134913178201	0.209296170866	0.140629096844	0.217828735848	0.220108697146	0.17158083539	0.208458142109	0.229405532794	0.175772138475	0.133330021608	0.0969806104225	0.124437479739	0.168001662175	0.203562791172	0.161523776966	0.20796463412	0.219668517518	0.216920110259	0.189681178538
604812005-tonguedorsum3.snv.bam	0.227788994932	0.192823414509	0.22128828368	0.23352420358	0.223420774478	0.190666782089	0.155806557229	0.16218185418	0.209860085881	0.154305413685	0.112652521412	0.222743204401	0.139515917795	0.119665080969	0.114805775538	0.194524066054	0.141454355169	0.12094376917	0.0942942568521	0.100515292895	0.240554791071	0.249674400652	0.249387949334	0.134016210591	0.134126189887	0.16060138719	0.140513762011	0.168028637483	0.135699722076	0.0	0.0940212301076	0.12785181197	0.163802420911	0.105964641381	0.207961309564	0.158764303684	0.224646795066	0.143390669897	0.212332436982	0.127678591343	0.149529622472	0.114074871619	0.22939094344	0.235899746366	0.192211924178	0.159683270576	0.165261600005	0.150705507943	0.171202626238	0.137666326318	0.088888893089	0.0955093653502	0.222487972151	0.176521182923	0.22400270931	0.226222536106	0.18014151162	0.204802297443	0.233816184263	0.184678563004	0.166795832146	0.142829799297	0.13708480489	0.179679217602	0.205686015351	0.141256349848	0.209743418597	0.22173844714	0.218635322881	0.198944505542
638754422-tonguedorsum3.snv.bam	0.240348506227	0.213481506281	0.242098420228	0.251157844043	0.240801144965	0.217774437591	0.178356897692	0.185129124762	0.230671236649	0.191279501972	0.107382317396	0.23342064137	0.169188183375	0.152870259515	0.150209197606	0.22584315487	0.166608064154	0.154425940044	0.12962585713	0.135461295698	0.25273938206	0.259547267419	0.259219211473	0.16624800371	0.161868222988	0.162964824055	0.159998522524	0.193733524445	0.157546407601	0.0940212301076	0.0	0.139164100899	0.187670371295	0.131857872633	0.223578347314	0.169219891653	0.242228362467	0.179459308453	0.226852565668	0.127834124697	0.148188628118	0.149761014272	0.247386833256	0.258556825087	0.211159777413	0.186647620989	0.190927670945	0.179004157963	0.202531977624	0.170382366613	0.121256154311	0.128525814128	0.240904625793	0.204953324567	0.231201077183	0.239374606702	0.17398858524	0.216722305069	0.243607343775	0.206403475255	0.188456951193	0.165042893947	0.145071120821	0.210059892477	0.226867259438	0.176235296744	0.229553511821	0.247628287277	0.246610082303	0.218075744768
675950834-tonguedorsum3.snv.bam	0.232452939198	0.203995638698	0.220874228399	0.23080815299	0.225438478785	0.190750738599	0.145226309651	0.131492080509	0.205674524303	0.144144011624	0.105495563013	0.220515888245	0.112602615388	0.107706578205	0.106264560274	0.203187403355	0.130592772476	0.060646248628	0.146823790339	0.153054829459	0.244633232778	0.253478103846	0.253981130392	0.138016445187	0.136160338433	0.164751306735	0.0783804028099	0.154433725046	0.0916454574957	0.12785181197	0.139164100899	0.0	0.137343142956	0.134724339831	0.199612687942	0.14036746146	0.226396382444	0.081275090583	0.21766540925	0.160199493834	0.174788275521	0.142152223273	0.234457734537	0.236369782241	0.194627846428	0.165835585374	0.13710842905	0.10360584649	0.170163990794	0.105648998961	0.141009766074	0.142708142495	0.221039927426	0.175781054617	0.228901269837	0.228009447245	0.174779550568	0.20834027565	0.235423234429	0.174008971825	0.132311344291	0.0765666559803	0.140456256132	0.18034847818	0.208436762174	0.160577854061	0.211788687176	0.231731462722	0.224886865953	0.184299862904
682102541-tonguedorsum3.snv.bam	0.1685295606	0.144638059212	0.160061419195	0.170194013802	0.170421053727	0.134058464279	0.171757308332	0.113798254425	0.170625684405	0.162053452494	0.142010591964	0.15120282079	0.168522571665	0.115729599147	0.119910126618	0.147089387989	0.132966821111	0.142554618798	0.163765845666	0.159280109544	0.18453413686	0.194264182955	0.194218468126	0.179613806698	0.187437677501	0.141161366955	0.139732247649	0.123529936285	0.138020860732	0.163802420911	0.187670371295	0.137343142956	0.0	0.156858067703	0.153692966165	0.165571374739	0.173316980063	0.104918801874	0.154208404272	0.148961864269	0.152241404439	0.133676995834	0.184862559507	0.181006572927	0.132969737447	0.13507596947	0.101960120242	0.106213751648	0.147388014139	0.131725751437	0.164229664834	0.166631843118	0.17783176826	0.130128627576	0.159062365262	0.159610940163	0.133473303431	0.164097091438	0.187751042456	0.137012537148	0.117381912783	0.121801705877	0.147354726694	0.12657419375	0.170100002898	0.135028218683	0.15116670125	0.162043777391	0.15456798427	0.153246306696
686765762-tonguedorsum3.snv.bam	0.210727066627	0.184855528751	0.208902384889	0.22175584682	0.213680537885	0.182788819109	0.112866038133	0.165089719156	0.200467094703	0.154640718187	0.127076189802	0.210454551445	0.139846663683	0.121362501234	0.118870211352	0.171609414159	0.139087326465	0.124364170992	0.123539233174	0.12727345201	0.233460162024	0.24300976343	0.243554896231	0.126042243258	0.125134466514	0.164548354521	0.133688367105	0.163283200383	0.117770780376	0.105964641381	0.131857872633	0.134724339831	0.156858067703	0.0	0.20904710707	0.140036453431	0.211934209454	0.140287620084	0.204329991965	0.126391383785	0.141573968162	0.122563709784	0.220550151073	0.224397923442	0.18233037694	0.156923114645	0.162628234583	0.148217982058	0.177102045101	0.149409491692	0.102663045206	0.114192326946	0.20912584851	0.179378357012	0.218089850506	0.219497641288	0.172408409715	0.200699424567	0.227049771072	0.179699618625	0.162097912504	0.134166832213	0.123042222488	0.171100899148	0.204789184325	0.149691080127	0.209175758798	0.201799303823	0.201668686988	0.192600474808
737052003-tonguedorsum1.snv.bam	0.11451747397	0.116028406644	0.118289646022	0.121668931617	0.110024593704	0.13783163074	0.209298609209	0.153020462296	0.116053669483	0.188976692704	0.203183001843	0.110776039531	0.222010496903	0.1669892367	0.171864383287	0.12913835569	0.173942543197	0.204587233878	0.198112250562	0.1960381591	0.154731527866	0.160997769497	0.160275076598	0.218391264973	0.225341181234	0.156447864041	0.211002383471	0.131035462613	0.20116167181	0.207961309564	0.223578347314	0.199612687942	0.153692966165	0.20904710707	0.0	0.203094948501	0.110069536629	0.159338268646	0.0967245006699	0.167433548412	0.174158402251	0.167003242075	0.111568750449	0.132694722178	0.139584374795	0.161968307415	0.140161850236	0.150213971474	0.173379698361	0.197369737414	0.209359210582	0.207054632986	0.113624507394	0.161765419146	0.111589507252	0.106314695784	0.143393545614	0.141415339152	0.133571867503	0.15156436851	0.163706398807	0.179508512361	0.186486178312	0.127676585079	0.109014427482	0.155962910889	0.112878686156	0.143038785615	0.139227919922	0.121843689705
