	158256496-stool2.snv.bam	158337416-stool1.snv.bam	158337416-stool2.snv.bam	158458797-stool1.snv.bam	158479027-stool1.snv.bam	158479027-stool2.snv.bam	158499257-stool1.snv.bam	158499257-stool2.snv.bam	158822939-stool1.snv.bam	158944319-stool1.snv.bam	158944319-stool3.snv.bam	159005010-stool2.snv.bam	159207311-stool2.snv.bam	159207311-stool3.snv.bam	159227541-stool1.snv.bam	159227541-stool2.snv.bam	159227541-stool3.snv.bam	159288231-stool1.snv.bam	159510762-stool1.snv.bam	159510762-stool2.snv.bam	159551223-stool1.snv.bam	159551223-stool2.snv.bam	159611913-stool1.snv.bam	159632143-stool1.snv.bam	159713063-stool2.snv.bam	159753524-stool2.snv.bam	159753524-stool3.snv.bam	160158126-stool1.snv.bam	160158126-stool2.snv.bam	160218816-stool1.snv.bam	160421117-stool3.snv.bam	160582958-stool1.snv.bam	160582958-stool2.snv.bam	160582958-stool3.snv.bam	160603188-stool1.snv.bam	160603188-stool3.snv.bam	160643649-stool1.snv.bam	160704339-stool1.snv.bam	160947100-stool1.snv.bam	161554003-stool2.snv.bam	404239096-stool1.snv.bam	508703490-stool1.snv.bam	508703490-stool2.snv.bam	508703490-stool3.snv.bam	604812005-stool1.snv.bam	604812005-stool2.snv.bam	604812005-stool3.snv.bam	675950834-stool1.snv.bam	706846339-stool1.snv.bam	706846339-stool2.snv.bam	763395383-stool3.snv.bam	763435843-stool2.snv.bam	763536994-stool1.snv.bam	763536994-stool3.snv.bam	763557224-stool3.snv.bam	763577454-stool1.snv.bam	763577454-stool2.snv.bam	763597684-stool2.snv.bam	763678604-stool1.snv.bam	763678604-stool2.snv.bam	763840445-stool1.snv.bam	763840445-stool2.snv.bam	763901136-stool1.snv.bam	763901136-stool2.snv.bam	763921366-stool3.snv.bam	763961826-stool1.snv.bam	763961826-stool2.snv.bam	764083206-stool1.snv.bam	764184357-stool2.snv.bam	764224817-stool1.snv.bam	764305738-stool1.snv.bam	764305738-stool2.snv.bam	764325968-stool1.snv.bam	764325968-stool2.snv.bam	764508039-stool1.snv.bam	764588959-stool1.snv.bam	764649650-stool1.snv.bam	764649650-stool2.snv.bam	764669880-stool2.snv.bam	765074482-stool1.snv.bam	765074482-stool2.snv.bam	765074482-stool3.snv.bam	765135172-stool1.snv.bam	765135172-stool3.snv.bam	765377934-stool3.snv.bam	823052294-stool3.snv.bam	857980665-stool3.snv.bam	861967750-stool1.snv.bam	BGI-17A.snv.bam	BYQ_AAAF.snv.bam	BYQ_AAAH.snv.bam	BYQ_AAAJ.snv.bam	BYQ_AAAN.snv.bam	BYQ_AAAQ.snv.bam	BYQ_AAAS.snv.bam	BYQ_AAAZ.snv.bam	CCIS41288781ST-4-0.snv.bam	CCIS50148151ST-4-0.snv.bam	CCIS50471204ST-4-0.snv.bam	CCIS71301801ST-4-0.snv.bam	CCIS91228662ST-4-0.snv.bam	CCMD13071240ST-21-0.snv.bam	CCMD14479708ST-21-0.snv.bam	CCMD23101338ST-21-0.snv.bam	CCMD46947453ST-21-0.snv.bam	CCMD60079086ST-21-0.snv.bam	CCMD95433940ST-21-0.snv.bam	M1.3-V1.metaG.snv.bam	M1.3-V3.metaG.snv.bam	M2.1-V1.metaG.snv.bam	M2.1-V1.metaT.snv.bam	M2.1-V2.metaG.snv.bam	M2.1-V2.metaT.snv.bam	M2.3-V1.metaG.snv.bam	M2.3-V3.metaG.snv.bam	M4.3-V1.metaT.snv.bam	M4.4-V3.metaT.snv.bam	MH0187.snv.bam	MH0197.snv.bam	MH0217.snv.bam	MH0238.snv.bam	MH0246.snv.bam	MH0260.snv.bam	MH0268.snv.bam	MH0272.snv.bam	MH0274.snv.bam	MH0310.snv.bam	MH0315.snv.bam	MH0339.snv.bam	MH0379.snv.bam	MH0388.snv.bam	MH0411.snv.bam	MH0417.snv.bam	MH0419.snv.bam	MH0433.snv.bam	MH0438.snv.bam	MH0446.snv.bam	MH0453.snv.bam	MH0462.snv.bam	MMRS17963147ST-27-0-0.snv.bam	MMRS18295921ST-27-0-0.snv.bam	MMRS21365932ST-27-0-0.snv.bam	MMRS25211151ST-27-0-0.snv.bam	MMRS25641480ST-27-0-0.snv.bam	MMRS31306426ST-27-0-0.snv.bam	MMRS38861560ST-27-0-0.snv.bam	MMRS40913371ST-27-0-0.snv.bam	MMRS42780924ST-27-0-0.snv.bam	MMRS43563715ST-27-0-0.snv.bam	MMRS44587603ST-27-0-0.snv.bam	MMRS56137463ST-27-0-0.snv.bam	MMRS61683006ST-27-0-0.snv.bam	MMRS64281211ST-27-0-0.snv.bam	MMRS65862658ST-27-0-0.snv.bam	MMRS67247116ST-27-0-0.snv.bam	MMRS68910755ST-27-0-0.snv.bam	MMRS77018926ST-27-0-0.snv.bam	MMRS77321055ST-27-0-0.snv.bam	MMRS78791111ST-27-0-0.snv.bam	MMRS80093644ST-27-0-0.snv.bam	MMRS84954772ST-27-0-0.snv.bam	MMRS85382779ST-27-0-0.snv.bam	MMRS92544445ST-27-0-0.snv.bam	MMRS93508324ST-27-0-0.snv.bam	MMRS97052561ST-27-0-0.snv.bam	MMRS97307143ST-27-0-0.snv.bam	NG-5636_317.snv.bam	O2.UC48-1.snv.bam	SAMEA3136654.snv.bam	SAMEA3136727.snv.bam	SAMEA3136740.snv.bam	SAMEA3136762.snv.bam	SAMEA3178943.snv.bam	T2D-123A.snv.bam	T2D-173A.snv.bam	T2D-206A.snv.bam	T2D-25A.snv.bam	V1.CD44-0.snv.bam	V1.CD44-4.snv.bam	V1.CD55-0.snv.bam	V1.FI06.snv.bam	V1.FI14.snv.bam	V1.FI25.snv.bam	V1.FI34.snv.bam	peacemaker-11-0-0.snv.bam	peacemaker-11-2-0.snv.bam	peacemaker-11-392-1.snv.bam	peacemaker-11-392-3.snv.bam	peacemaker-11-60-0.snv.bam	peacemaker-11-600-0.snv.bam	peacemaker-11-7-0.snv.bam	peacemaker-13-392-1.snv.bam
158256496-stool2.snv.bam	0.0	0.34	0.34	0.176	0.044	0.044	0.204	0.228	0.156	0.316	0.324	0.208	0.092	0.136	0.192	0.18	0.204	0.352	0.072	0.072	0.336	0.328	0.164	0.164	0.236	0.208	0.208	0.176	0.172	0.272	0.292	0.224	0.26	0.26	0.22	0.236	0.212	0.06	0.2	0.22	0.308	0.04	0.04	0.04	0.312	0.308	0.316	0.236	0.148	0.156	0.044	0.12	0.32	0.272	0.052	0.252	0.248	0.232	0.272	0.276	0.184	0.184	0.036	0.04	0.176	0.176	0.176	0.12	0.188	0.156	0.316	0.312	0.156	0.156	0.172	0.164	0.236	0.236	0.192	0.208	0.208	0.208	0.208	0.208	0.228	0.172	0.16	0.168	0.088	0.188	0.232	0.224	0.164	0.188	0.232	0.188	0.252	0.188	0.052	0.276	0.104	0.32	0.204	0.052	0.156	0.184	0.208	0.224	0.224	0.2	0.176	0.208	0.184	0.18	0.18	0.236	0.224	0.168	0.268	0.16	0.156	0.052	0.092	0.04	0.16	0.168	0.168	0.168	0.208	0.056	0.06	0.044	0.164	0.144	0.244	0.048	0.064	0.132	0.1	0.056	0.112	0.188	0.04	0.184	0.308	0.208	0.184	0.2	0.204	0.144	0.14	0.24	0.248	0.224	0.152	0.072	0.056	0.112	0.2	0.196	0.2	0.184	0.032	0.056	0.216	0.132	0.144	0.232	0.156	0.2	0.196	0.2	0.188	0.22	0.068	0.08	0.132	0.276	0.208	0.376	0.16	0.148	0.208	0.2	0.232	0.228	0.232	0.224	0.232	0.232	0.232	0.228
158337416-stool1.snv.bam	0.34	0.0	0.0	0.336	0.372	0.376	0.192	0.2	0.368	0.024	0.036	0.324	0.12	0.048	0.184	0.24	0.18	0.172	0.344	0.344	0.004	0.004	0.3	0.116	0.28	0.324	0.324	0.28	0.272	0.08	0.14	0.08	0.088	0.088	0.304	0.28	0.312	0.352	0.188	0.304	0.032	0.38	0.368	0.364	0.164	0.164	0.168	0.204	0.288	0.288	0.344	0.332	0.26	0.248	0.356	0.2	0.196	0.34	0.064	0.044	0.396	0.396	0.364	0.368	0.34	0.34	0.34	0.288	0.384	0.292	0.032	0.032	0.368	0.364	0.336	0.26	0.352	0.352	0.38	0.316	0.316	0.324	0.324	0.324	0.188	0.276	0.292	0.28	0.284	0.368	0.34	0.176	0.228	0.368	0.348	0.368	0.424	0.308	0.22	0.096	0.32	0.092	0.32	0.36	0.26	0.396	0.324	0.276	0.276	0.304	0.276	0.316	0.288	0.392	0.392	0.212	0.212	0.388	0.076	0.356	0.364	0.384	0.236	0.368	0.36	0.344	0.364	0.38	0.148	0.34	0.352	0.348	0.28	0.388	0.28	0.376	0.364	0.288	0.4	0.36	0.14	0.368	0.356	0.396	0.324	0.324	0.352	0.364	0.324	0.272	0.356	0.308	0.24	0.064	0.264	0.284	0.34	0.34	0.096	0.312	0.096	0.396	0.348	0.34	0.232	0.176	0.388	0.284	0.292	0.324	0.312	0.32	0.368	0.1	0.212	0.348	0.028	0.2	0.116	0.064	0.332	0.312	0.212	0.216	0.348	0.336	0.348	0.34	0.348	0.348	0.348	0.348
158337416-stool2.snv.bam	0.34	0.0	0.0	0.336	0.372	0.376	0.192	0.2	0.368	0.024	0.036	0.324	0.12	0.048	0.184	0.24	0.18	0.172	0.344	0.344	0.004	0.004	0.3	0.116	0.28	0.324	0.324	0.28	0.272	0.08	0.14	0.08	0.088	0.088	0.304	0.28	0.312	0.352	0.188	0.304	0.032	0.38	0.368	0.364	0.164	0.164	0.168	0.204	0.288	0.288	0.344	0.332	0.26	0.248	0.356	0.2	0.196	0.34	0.064	0.044	0.396	0.396	0.364	0.368	0.34	0.34	0.34	0.288	0.384	0.292	0.032	0.032	0.368	0.364	0.336	0.26	0.352	0.352	0.38	0.316	0.316	0.324	0.324	0.324	0.188	0.276	0.292	0.28	0.284	0.368	0.34	0.176	0.228	0.368	0.348	0.368	0.424	0.308	0.22	0.096	0.32	0.092	0.32	0.36	0.26	0.396	0.324	0.276	0.276	0.304	0.276	0.316	0.288	0.392	0.392	0.212	0.212	0.388	0.076	0.356	0.364	0.384	0.236	0.368	0.36	0.344	0.364	0.38	0.148	0.34	0.352	0.348	0.28	0.388	0.28	0.376	0.364	0.288	0.4	0.36	0.136	0.368	0.356	0.396	0.324	0.324	0.352	0.364	0.324	0.272	0.356	0.308	0.24	0.064	0.264	0.284	0.34	0.34	0.096	0.312	0.096	0.396	0.348	0.34	0.232	0.176	0.388	0.284	0.292	0.324	0.312	0.32	0.368	0.1	0.208	0.348	0.028	0.2	0.112	0.064	0.332	0.312	0.212	0.216	0.348	0.336	0.348	0.34	0.348	0.348	0.348	0.348
158458797-stool1.snv.bam	0.176	0.336	0.336	0.0	0.168	0.172	0.184	0.2	0.064	0.312	0.32	0.096	0.164	0.188	0.196	0.18	0.212	0.352	0.192	0.192	0.332	0.324	0.196	0.188	0.116	0.096	0.096	0.22	0.22	0.272	0.276	0.244	0.26	0.26	0.124	0.116	0.108	0.156	0.284	0.124	0.304	0.176	0.168	0.168	0.312	0.308	0.316	0.196	0.252	0.26	0.148	0.232	0.312	0.284	0.164	0.22	0.216	0.12	0.28	0.28	0.1	0.1	0.164	0.164	0.0	0.216	0.216	0.168	0.112	0.212	0.312	0.308	0.064	0.06	0.072	0.236	0.124	0.124	0.06	0.096	0.096	0.096	0.096	0.096	0.204	0.22	0.068	0.244	0.224	0.088	0.12	0.272	0.248	0.088	0.12	0.088	0.136	0.124	0.156	0.272	0.176	0.256	0.096	0.16	0.208	0.1	0.096	0.136	0.136	0.096	0.096	0.096	0.084	0.096	0.096	0.252	0.244	0.084	0.256	0.124	0.064	0.176	0.144	0.164	0.088	0.008	0.092	0.084	0.272	0.176	0.184	0.152	0.2	0.188	0.124	0.168	0.192	0.172	0.252	0.188	0.08	0.088	0.164	0.1	0.204	0.096	0.128	0.096	0.096	0.224	0.064	0.128	0.256	0.244	0.248	0.14	0.136	0.192	0.16	0.116	0.216	0.1	0.144	0.172	0.26	0.144	0.188	0.136	0.092	0.12	0.116	0.096	0.088	0.248	0.18	0.156	0.196	0.304	0.188	0.372	0.16	0.188	0.216	0.276	0.12	0.116	0.12	0.112	0.12	0.12	0.12	0.12
158479027-stool1.snv.bam	0.044	0.372	0.372	0.168	0.0	0.0	0.208	0.236	0.148	0.348	0.36	0.2	0.072	0.152	0.216	0.16	0.232	0.384	0.036	0.036	0.368	0.36	0.124	0.128	0.236	0.2	0.2	0.192	0.192	0.304	0.324	0.256	0.292	0.296	0.228	0.236	0.204	0.044	0.24	0.228	0.34	0.004	0.004	0.004	0.352	0.348	0.356	0.256	0.124	0.132	0.02	0.08	0.352	0.304	0.016	0.272	0.268	0.224	0.304	0.312	0.176	0.176	0.004	0.004	0.168	0.136	0.136	0.084	0.18	0.172	0.348	0.344	0.148	0.148	0.164	0.204	0.228	0.228	0.184	0.2	0.2	0.2	0.2	0.2	0.252	0.204	0.156	0.208	0.092	0.18	0.224	0.264	0.204	0.18	0.224	0.18	0.26	0.196	0.064	0.316	0.064	0.304	0.196	0.016	0.172	0.176	0.2	0.232	0.232	0.188	0.164	0.196	0.18	0.172	0.172	0.22	0.208	0.16	0.284	0.136	0.148	0.016	0.116	0.004	0.152	0.16	0.16	0.16	0.236	0.024	0.024	0.012	0.184	0.104	0.244	0.012	0.028	0.096	0.08	0.024	0.12	0.18	0.004	0.176	0.3	0.2	0.192	0.192	0.196	0.18	0.132	0.24	0.288	0.26	0.192	0.064	0.04	0.092	0.22	0.204	0.232	0.176	0.02	0.024	0.256	0.156	0.104	0.24	0.168	0.2	0.204	0.192	0.18	0.248	0.092	0.048	0.168	0.312	0.236	0.408	0.136	0.156	0.248	0.24	0.224	0.22	0.224	0.216	0.224	0.224	0.224	0.22
158479027-stool2.snv.bam	0.044	0.376	0.376	0.172	0.0	0.0	0.212	0.24	0.152	0.352	0.364	0.204	0.076	0.156	0.22	0.164	0.236	0.388	0.036	0.036	0.372	0.364	0.128	0.124	0.24	0.204	0.204	0.196	0.196	0.308	0.328	0.26	0.296	0.3	0.232	0.24	0.208	0.048	0.244	0.232	0.344	0.004	0.004	0.004	0.356	0.352	0.36	0.26	0.128	0.136	0.02	0.084	0.356	0.308	0.016	0.276	0.272	0.228	0.304	0.316	0.18	0.18	0.004	0.004	0.172	0.14	0.14	0.084	0.184	0.176	0.352	0.348	0.152	0.152	0.168	0.208	0.232	0.232	0.188	0.204	0.204	0.204	0.204	0.204	0.256	0.208	0.16	0.212	0.092	0.184	0.228	0.268	0.208	0.184	0.228	0.184	0.264	0.2	0.068	0.32	0.068	0.308	0.2	0.02	0.176	0.18	0.204	0.236	0.236	0.192	0.168	0.204	0.18	0.176	0.176	0.224	0.212	0.164	0.288	0.14	0.152	0.016	0.12	0.004	0.156	0.164	0.164	0.164	0.244	0.024	0.024	0.012	0.188	0.108	0.248	0.012	0.028	0.096	0.08	0.024	0.132	0.184	0.004	0.18	0.304	0.204	0.196	0.196	0.2	0.184	0.136	0.244	0.292	0.264	0.196	0.068	0.044	0.092	0.224	0.208	0.236	0.18	0.02	0.024	0.26	0.164	0.108	0.244	0.172	0.204	0.208	0.196	0.184	0.248	0.096	0.048	0.172	0.316	0.24	0.412	0.14	0.16	0.252	0.244	0.228	0.224	0.228	0.22	0.228	0.228	0.228	0.224
158499257-stool1.snv.bam	0.204	0.192	0.192	0.184	0.208	0.212	0.0	0.0	0.204	0.164	0.168	0.188	0.088	0.08	0.048	0.06	0.064	0.204	0.168	0.164	0.188	0.18	0.196	0.048	0.144	0.188	0.188	0.136	0.136	0.108	0.124	0.096	0.116	0.116	0.16	0.144	0.176	0.168	0.18	0.16	0.152	0.208	0.2	0.2	0.176	0.172	0.18	0.036	0.16	0.168	0.14	0.232	0.156	0.124	0.188	0.076	0.072	0.188	0.104	0.108	0.24	0.24	0.196	0.196	0.184	0.236	0.236	0.14	0.224	0.108	0.16	0.156	0.204	0.196	0.176	0.136	0.216	0.216	0.228	0.188	0.188	0.188	0.188	0.188	0.092	0.152	0.096	0.164	0.104	0.212	0.212	0.148	0.156	0.212	0.212	0.212	0.276	0.156	0.12	0.128	0.204	0.132	0.18	0.18	0.092	0.24	0.188	0.172	0.172	0.164	0.148	0.172	0.152	0.236	0.236	0.152	0.14	0.224	0.132	0.212	0.204	0.204	0.104	0.196	0.204	0.192	0.216	0.22	0.14	0.16	0.176	0.184	0.116	0.204	0.144	0.188	0.184	0.132	0.228	0.18	0.048	0.212	0.192	0.24	0.284	0.188	0.196	0.256	0.188	0.092	0.192	0.176	0.136	0.076	0.152	0.108	0.16	0.168	0.056	0.176	0.08	0.24	0.176	0.164	0.18	0.064	0.22	0.18	0.148	0.172	0.176	0.184	0.212	0.144	0.104	0.168	0.1	0.132	0.056	0.228	0.164	0.156	0.084	0.18	0.212	0.204	0.212	0.204	0.212	0.212	0.212	0.212
158499257-stool2.snv.bam	0.228	0.2	0.2	0.2	0.236	0.24	0.0	0.0	0.224	0.168	0.176	0.196	0.096	0.088	0.052	0.064	0.068	0.212	0.192	0.192	0.196	0.188	0.224	0.06	0.152	0.196	0.196	0.152	0.152	0.116	0.136	0.108	0.124	0.124	0.168	0.152	0.184	0.192	0.2	0.168	0.16	0.236	0.228	0.224	0.184	0.18	0.188	0.032	0.184	0.192	0.156	0.26	0.168	0.136	0.212	0.076	0.072	0.204	0.112	0.116	0.26	0.26	0.224	0.224	0.2	0.26	0.26	0.156	0.24	0.124	0.168	0.164	0.224	0.22	0.196	0.164	0.224	0.224	0.248	0.196	0.196	0.196	0.196	0.196	0.096	0.172	0.108	0.184	0.116	0.232	0.22	0.16	0.196	0.232	0.22	0.232	0.296	0.18	0.136	0.136	0.236	0.136	0.192	0.212	0.108	0.26	0.196	0.18	0.18	0.18	0.148	0.188	0.16	0.256	0.256	0.172	0.16	0.244	0.14	0.228	0.224	0.236	0.12	0.224	0.224	0.204	0.232	0.24	0.16	0.188	0.204	0.208	0.136	0.248	0.152	0.212	0.212	0.148	0.256	0.204	0.056	0.232	0.216	0.26	0.308	0.196	0.216	0.272	0.196	0.128	0.212	0.184	0.144	0.084	0.172	0.132	0.184	0.192	0.064	0.184	0.088	0.26	0.2	0.188	0.2	0.068	0.248	0.188	0.16	0.18	0.184	0.192	0.232	0.16	0.124	0.192	0.108	0.156	0.052	0.236	0.184	0.168	0.092	0.2	0.22	0.212	0.22	0.212	0.22	0.22	0.22	0.22
158822939-stool1.snv.bam	0.156	0.368	0.368	0.064	0.148	0.152	0.204	0.224	0.0	0.344	0.352	0.108	0.156	0.188	0.22	0.192	0.236	0.38	0.168	0.168	0.364	0.356	0.184	0.196	0.144	0.108	0.108	0.204	0.204	0.3	0.304	0.26	0.292	0.292	0.136	0.144	0.12	0.136	0.268	0.136	0.336	0.156	0.148	0.144	0.34	0.336	0.344	0.224	0.248	0.256	0.128	0.204	0.34	0.3	0.14	0.248	0.244	0.132	0.308	0.308	0.036	0.036	0.144	0.144	0.064	0.204	0.204	0.18	0.048	0.196	0.344	0.34	0.0	0.0	0.048	0.22	0.136	0.136	0.088	0.108	0.108	0.108	0.108	0.108	0.232	0.204	0.048	0.228	0.216	0.056	0.132	0.284	0.232	0.056	0.132	0.056	0.144	0.072	0.152	0.304	0.176	0.288	0.108	0.14	0.192	0.036	0.108	0.148	0.148	0.108	0.108	0.108	0.096	0.032	0.032	0.212	0.204	0.02	0.284	0.076	0.0	0.156	0.128	0.144	0.032	0.052	0.044	0.02	0.244	0.152	0.164	0.128	0.176	0.124	0.152	0.148	0.172	0.204	0.232	0.164	0.044	0.056	0.136	0.036	0.16	0.108	0.064	0.092	0.108	0.208	0.012	0.14	0.284	0.272	0.232	0.096	0.116	0.204	0.188	0.112	0.236	0.036	0.132	0.148	0.22	0.116	0.124	0.148	0.136	0.132	0.112	0.108	0.056	0.26	0.168	0.152	0.204	0.276	0.216	0.404	0.2	0.176	0.244	0.264	0.132	0.128	0.132	0.124	0.132	0.132	0.132	0.132
158944319-stool1.snv.bam	0.316	0.024	0.024	0.312	0.348	0.352	0.164	0.168	0.344	0.0	0.0	0.3	0.08	0.036	0.156	0.22	0.148	0.172	0.32	0.32	0.02	0.02	0.284	0.084	0.256	0.3	0.3	0.256	0.252	0.068	0.144	0.076	0.08	0.08	0.28	0.256	0.288	0.328	0.184	0.28	0.032	0.356	0.344	0.34	0.172	0.172	0.172	0.172	0.264	0.264	0.308	0.316	0.232	0.212	0.332	0.172	0.168	0.316	0.044	0.032	0.372	0.372	0.34	0.344	0.316	0.32	0.32	0.264	0.36	0.272	0.032	0.032	0.344	0.34	0.312	0.228	0.328	0.328	0.356	0.292	0.292	0.3	0.3	0.3	0.168	0.252	0.236	0.252	0.248	0.344	0.316	0.16	0.224	0.344	0.324	0.344	0.4	0.288	0.156	0.096	0.296	0.084	0.296	0.336	0.24	0.372	0.3	0.252	0.252	0.28	0.252	0.292	0.264	0.368	0.368	0.2	0.2	0.364	0.06	0.34	0.34	0.36	0.208	0.344	0.336	0.32	0.34	0.356	0.12	0.316	0.328	0.324	0.264	0.364	0.252	0.352	0.34	0.264	0.376	0.336	0.108	0.344	0.332	0.372	0.32	0.3	0.328	0.344	0.3	0.252	0.332	0.284	0.22	0.044	0.24	0.252	0.316	0.316	0.076	0.288	0.092	0.372	0.324	0.316	0.216	0.156	0.364	0.26	0.236	0.288	0.288	0.296	0.344	0.08	0.192	0.324	0.016	0.176	0.088	0.08	0.308	0.28	0.188	0.192	0.324	0.312	0.324	0.316	0.324	0.324	0.324	0.324
158944319-stool3.snv.bam	0.324	0.036	0.036	0.32	0.36	0.364	0.168	0.176	0.352	0.0	0.0	0.308	0.1	0.04	0.164	0.228	0.16	0.184	0.328	0.328	0.032	0.024	0.28	0.108	0.264	0.308	0.308	0.252	0.248	0.068	0.144	0.084	0.084	0.084	0.288	0.264	0.296	0.336	0.172	0.288	0.036	0.364	0.352	0.348	0.172	0.172	0.172	0.18	0.264	0.264	0.328	0.316	0.236	0.216	0.34	0.18	0.176	0.324	0.06	0.044	0.38	0.38	0.348	0.352	0.324	0.324	0.324	0.272	0.368	0.268	0.044	0.04	0.352	0.348	0.32	0.224	0.336	0.336	0.364	0.3	0.3	0.308	0.308	0.308	0.176	0.248	0.264	0.248	0.256	0.352	0.324	0.152	0.212	0.352	0.332	0.352	0.408	0.292	0.188	0.104	0.304	0.084	0.304	0.344	0.248	0.38	0.308	0.26	0.26	0.288	0.26	0.3	0.272	0.376	0.376	0.2	0.2	0.372	0.072	0.348	0.348	0.368	0.22	0.352	0.344	0.328	0.348	0.364	0.14	0.324	0.336	0.332	0.26	0.372	0.26	0.36	0.348	0.272	0.384	0.344	0.12	0.352	0.34	0.38	0.332	0.308	0.336	0.348	0.308	0.26	0.34	0.292	0.216	0.056	0.248	0.256	0.324	0.324	0.08	0.296	0.092	0.38	0.332	0.324	0.208	0.16	0.372	0.268	0.264	0.296	0.296	0.304	0.352	0.072	0.204	0.332	0.02	0.176	0.096	0.084	0.316	0.292	0.196	0.188	0.332	0.32	0.332	0.324	0.332	0.332	0.332	0.332
159005010-stool2.snv.bam	0.208	0.324	0.324	0.096	0.2	0.204	0.188	0.196	0.108	0.3	0.308	0.0	0.156	0.176	0.16	0.132	0.18	0.336	0.216	0.216	0.32	0.312	0.2	0.2	0.044	0.008	0.008	0.264	0.264	0.256	0.26	0.232	0.248	0.248	0.036	0.044	0.02	0.196	0.32	0.036	0.292	0.208	0.196	0.192	0.296	0.292	0.3	0.188	0.28	0.288	0.18	0.244	0.304	0.28	0.188	0.212	0.208	0.032	0.264	0.264	0.08	0.08	0.192	0.192	0.092	0.212	0.212	0.132	0.092	0.256	0.3	0.296	0.108	0.108	0.076	0.28	0.036	0.036	0.064	0.008	0.008	0.008	0.008	0.008	0.192	0.264	0.076	0.288	0.268	0.052	0.032	0.252	0.284	0.052	0.032	0.052	0.156	0.1	0.18	0.268	0.212	0.244	0.008	0.2	0.252	0.072	0.008	0.048	0.048	0.008	0.004	0.008	0.004	0.076	0.076	0.292	0.288	0.124	0.236	0.096	0.108	0.208	0.176	0.192	0.06	0.084	0.064	0.12	0.292	0.204	0.212	0.176	0.252	0.176	0.052	0.196	0.224	0.168	0.284	0.216	0.056	0.052	0.184	0.072	0.204	0.008	0.116	0.104	0.008	0.268	0.096	0.088	0.248	0.228	0.288	0.176	0.172	0.256	0.136	0.028	0.208	0.072	0.168	0.192	0.276	0.164	0.176	0.048	0.096	0.032	0.028	0.008	0.052	0.292	0.216	0.172	0.192	0.332	0.18	0.36	0.172	0.204	0.208	0.324	0.032	0.028	0.032	0.024	0.032	0.032	0.032	0.032
159207311-stool2.snv.bam	0.092	0.12	0.12	0.164	0.072	0.076	0.088	0.096	0.156	0.08	0.1	0.156	0.0	0.0	0.108	0.096	0.116	0.164	0.068	0.064	0.112	0.108	0.048	0.024	0.152	0.156	0.156	0.148	0.148	0.08	0.144	0.068	0.048	0.052	0.172	0.152	0.152	0.076	0.1	0.172	0.084	0.068	0.06	0.06	0.14	0.14	0.144	0.132	0.056	0.056	0.064	0.04	0.192	0.156	0.06	0.152	0.148	0.168	0.032	0.04	0.172	0.176	0.06	0.06	0.168	0.076	0.076	0.06	0.172	0.116	0.088	0.084	0.148	0.152	0.144	0.144	0.184	0.184	0.176	0.144	0.148	0.14	0.156	0.156	0.148	0.152	0.132	0.156	0.092	0.164	0.176	0.112	0.068	0.164	0.18	0.164	0.256	0.176	0.012	0.128	0.052	0.032	0.156	0.06	0.112	0.176	0.156	0.18	0.18	0.132	0.112	0.152	0.112	0.172	0.172	0.092	0.088	0.168	0.04	0.132	0.148	0.08	0.072	0.06	0.152	0.164	0.148	0.168	0.056	0.06	0.06	0.056	0.136	0.108	0.156	0.068	0.084	0.076	0.132	0.08	0.068	0.164	0.052	0.176	0.224	0.156	0.176	0.164	0.152	0.116	0.144	0.188	0.172	0.036	0.124	0.08	0.068	0.104	0.072	0.156	0.028	0.168	0.068	0.064	0.124	0.084	0.112	0.188	0.128	0.148	0.156	0.152	0.164	0.056	0.048	0.076	0.036	0.132	0.084	0.156	0.124	0.12	0.112	0.144	0.18	0.172	0.18	0.172	0.18	0.18	0.18	0.176
159207311-stool3.snv.bam	0.136	0.048	0.048	0.188	0.152	0.156	0.08	0.088	0.188	0.036	0.04	0.176	0.0	0.0	0.08	0.064	0.088	0.12	0.132	0.132	0.044	0.036	0.112	0.028	0.148	0.176	0.176	0.152	0.152	0.016	0.1	0.036	0.032	0.032	0.172	0.148	0.164	0.14	0.088	0.172	0.012	0.156	0.148	0.144	0.1	0.1	0.104	0.1	0.108	0.112	0.092	0.12	0.188	0.156	0.144	0.12	0.116	0.188	0.004	0.004	0.216	0.216	0.144	0.148	0.192	0.144	0.144	0.108	0.208	0.128	0.02	0.016	0.196	0.184	0.172	0.128	0.204	0.204	0.216	0.172	0.176	0.176	0.176	0.176	0.112	0.152	0.092	0.156	0.064	0.196	0.196	0.092	0.06	0.196	0.196	0.196	0.276	0.144	0.012	0.06	0.12	0.028	0.168	0.14	0.12	0.216	0.176	0.18	0.18	0.128	0.112	0.156	0.128	0.208	0.212	0.092	0.092	0.212	0.012	0.176	0.188	0.152	0.068	0.144	0.2	0.2	0.192	0.212	0.048	0.132	0.144	0.128	0.132	0.16	0.148	0.152	0.156	0.108	0.2	0.144	0.044	0.196	0.136	0.216	0.228	0.176	0.192	0.196	0.176	0.076	0.184	0.196	0.14	0.0	0.128	0.096	0.14	0.152	0.032	0.168	0.016	0.204	0.14	0.128	0.112	0.068	0.172	0.188	0.092	0.172	0.168	0.172	0.196	0.048	0.064	0.136	0.02	0.1	0.052	0.084	0.144	0.084	0.092	0.136	0.2	0.196	0.2	0.192	0.2	0.2	0.2	0.2
159227541-stool1.snv.bam	0.192	0.184	0.184	0.196	0.216	0.22	0.048	0.052	0.22	0.156	0.164	0.16	0.108	0.08	0.0	0.004	0.0	0.192	0.18	0.18	0.18	0.172	0.22	0.08	0.132	0.16	0.16	0.152	0.152	0.108	0.112	0.088	0.104	0.104	0.132	0.132	0.148	0.204	0.172	0.132	0.152	0.224	0.216	0.212	0.184	0.18	0.188	0.076	0.196	0.204	0.156	0.248	0.164	0.132	0.204	0.088	0.084	0.18	0.12	0.124	0.232	0.232	0.208	0.212	0.192	0.244	0.244	0.136	0.228	0.132	0.16	0.156	0.22	0.212	0.188	0.116	0.184	0.188	0.216	0.16	0.16	0.16	0.16	0.16	0.064	0.152	0.14	0.132	0.144	0.2	0.18	0.084	0.176	0.204	0.184	0.204	0.268	0.16	0.144	0.136	0.244	0.168	0.156	0.212	0.132	0.232	0.16	0.136	0.136	0.136	0.124	0.152	0.14	0.228	0.228	0.196	0.184	0.232	0.136	0.196	0.22	0.224	0.124	0.212	0.216	0.196	0.204	0.232	0.144	0.18	0.192	0.196	0.136	0.228	0.132	0.22	0.204	0.14	0.244	0.192	0.052	0.204	0.204	0.232	0.28	0.16	0.188	0.24	0.16	0.096	0.204	0.172	0.088	0.08	0.12	0.12	0.192	0.184	0.056	0.148	0.072	0.224	0.188	0.172	0.132	0.068	0.22	0.144	0.112	0.152	0.148	0.152	0.204	0.168	0.136	0.188	0.092	0.216	0.064	0.224	0.144	0.164	0.036	0.16	0.184	0.172	0.184	0.176	0.184	0.184	0.184	0.184
159227541-stool2.snv.bam	0.18	0.24	0.24	0.18	0.16	0.164	0.06	0.064	0.192	0.22	0.228	0.132	0.096	0.064	0.004	0.0	0.02	0.244	0.14	0.14	0.236	0.228	0.172	0.036	0.16	0.132	0.132	0.232	0.232	0.164	0.184	0.104	0.12	0.112	0.104	0.16	0.136	0.18	0.256	0.104	0.2	0.168	0.16	0.156	0.232	0.228	0.236	0.116	0.18	0.188	0.14	0.184	0.2	0.148	0.144	0.148	0.144	0.148	0.124	0.144	0.204	0.204	0.156	0.156	0.176	0.184	0.184	0.096	0.184	0.2	0.208	0.204	0.192	0.192	0.16	0.228	0.16	0.16	0.188	0.132	0.132	0.132	0.132	0.132	0.152	0.24	0.14	0.24	0.164	0.176	0.156	0.192	0.244	0.176	0.156	0.176	0.24	0.16	0.136	0.184	0.184	0.18	0.132	0.164	0.176	0.204	0.132	0.116	0.116	0.128	0.096	0.132	0.12	0.2	0.2	0.208	0.196	0.208	0.188	0.156	0.192	0.176	0.128	0.156	0.188	0.168	0.18	0.204	0.14	0.132	0.136	0.144	0.212	0.164	0.168	0.156	0.144	0.128	0.188	0.14	0.052	0.176	0.148	0.204	0.324	0.132	0.176	0.212	0.132	0.184	0.18	0.144	0.192	0.116	0.18	0.128	0.16	0.16	0.088	0.12	0.092	0.2	0.156	0.124	0.24	0.064	0.168	0.124	0.108	0.132	0.12	0.128	0.176	0.164	0.12	0.128	0.084	0.276	0.112	0.276	0.108	0.18	0.1	0.256	0.156	0.148	0.156	0.148	0.156	0.156	0.156	0.156
159227541-stool3.snv.bam	0.204	0.18	0.18	0.212	0.232	0.236	0.064	0.068	0.236	0.148	0.16	0.18	0.116	0.088	0.0	0.02	0.0	0.212	0.2	0.2	0.176	0.168	0.24	0.092	0.144	0.18	0.18	0.136	0.132	0.124	0.112	0.096	0.116	0.112	0.152	0.144	0.168	0.216	0.16	0.156	0.168	0.24	0.232	0.228	0.188	0.184	0.192	0.092	0.216	0.224	0.156	0.272	0.164	0.132	0.224	0.076	0.072	0.2	0.124	0.136	0.252	0.252	0.224	0.228	0.212	0.264	0.264	0.152	0.256	0.136	0.176	0.172	0.236	0.236	0.204	0.104	0.208	0.208	0.236	0.18	0.18	0.18	0.18	0.18	0.048	0.132	0.132	0.116	0.14	0.224	0.204	0.084	0.172	0.224	0.204	0.224	0.284	0.152	0.16	0.152	0.26	0.176	0.176	0.224	0.148	0.252	0.18	0.14	0.14	0.16	0.132	0.168	0.156	0.248	0.248	0.204	0.192	0.256	0.16	0.216	0.236	0.24	0.108	0.228	0.236	0.212	0.224	0.252	0.152	0.204	0.212	0.212	0.128	0.24	0.144	0.236	0.228	0.152	0.26	0.212	0.06	0.224	0.22	0.252	0.288	0.18	0.208	0.26	0.18	0.104	0.224	0.18	0.08	0.088	0.108	0.116	0.212	0.204	0.064	0.168	0.084	0.252	0.204	0.192	0.12	0.076	0.244	0.148	0.124	0.172	0.168	0.176	0.224	0.16	0.14	0.204	0.076	0.224	0.072	0.224	0.176	0.168	0.04	0.152	0.204	0.2	0.204	0.196	0.204	0.204	0.204	0.204
159288231-stool1.snv.bam	0.352	0.172	0.172	0.352	0.384	0.388	0.204	0.212	0.38	0.172	0.184	0.336	0.164	0.12	0.192	0.244	0.212	0.0	0.348	0.348	0.168	0.168	0.312	0.172	0.3	0.336	0.336	0.324	0.32	0.148	0.208	0.168	0.184	0.184	0.308	0.3	0.324	0.364	0.24	0.308	0.14	0.392	0.38	0.376	0.212	0.212	0.216	0.22	0.3	0.3	0.356	0.344	0.184	0.196	0.368	0.244	0.24	0.352	0.16	0.144	0.408	0.408	0.376	0.38	0.352	0.352	0.352	0.3	0.396	0.296	0.14	0.14	0.38	0.376	0.348	0.304	0.324	0.324	0.392	0.332	0.332	0.336	0.336	0.336	0.236	0.32	0.308	0.324	0.328	0.38	0.32	0.224	0.248	0.38	0.32	0.38	0.444	0.352	0.236	0.204	0.364	0.192	0.336	0.372	0.292	0.408	0.336	0.316	0.32	0.32	0.292	0.336	0.296	0.404	0.404	0.244	0.236	0.36	0.18	0.376	0.38	0.396	0.232	0.38	0.38	0.356	0.38	0.356	0.232	0.348	0.36	0.36	0.304	0.4	0.3	0.388	0.368	0.308	0.412	0.364	0.176	0.38	0.368	0.408	0.424	0.336	0.364	0.376	0.336	0.276	0.368	0.332	0.268	0.144	0.308	0.292	0.352	0.344	0.164	0.324	0.116	0.408	0.36	0.344	0.276	0.196	0.4	0.328	0.312	0.336	0.324	0.332	0.38	0.228	0.244	0.36	0.132	0.284	0.176	0.216	0.344	0.252	0.216	0.316	0.32	0.308	0.32	0.316	0.32	0.32	0.32	0.32
159510762-stool1.snv.bam	0.072	0.344	0.344	0.192	0.036	0.036	0.168	0.192	0.168	0.32	0.328	0.216	0.068	0.132	0.18	0.14	0.2	0.348	0.0	0.0	0.34	0.332	0.144	0.096	0.252	0.216	0.216	0.16	0.16	0.268	0.296	0.228	0.26	0.26	0.204	0.252	0.204	0.064	0.204	0.204	0.304	0.032	0.032	0.028	0.32	0.316	0.324	0.212	0.104	0.112	0.032	0.084	0.32	0.272	0.036	0.236	0.232	0.24	0.268	0.272	0.192	0.192	0.032	0.032	0.188	0.148	0.148	0.088	0.196	0.132	0.312	0.308	0.168	0.168	0.184	0.172	0.244	0.244	0.2	0.216	0.216	0.216	0.216	0.216	0.228	0.172	0.172	0.184	0.064	0.196	0.24	0.224	0.192	0.196	0.24	0.196	0.252	0.18	0.076	0.276	0.088	0.28	0.216	0.04	0.14	0.192	0.216	0.216	0.216	0.212	0.188	0.216	0.204	0.188	0.188	0.196	0.188	0.184	0.28	0.156	0.168	0.036	0.12	0.032	0.176	0.18	0.18	0.18	0.208	0.012	0.012	0.036	0.152	0.116	0.252	0.04	0.016	0.124	0.068	0.008	0.108	0.196	0.028	0.192	0.316	0.216	0.168	0.208	0.216	0.144	0.156	0.232	0.256	0.232	0.16	0.06	0.06	0.08	0.204	0.204	0.196	0.192	0.044	0.008	0.216	0.14	0.116	0.224	0.172	0.208	0.204	0.212	0.196	0.224	0.08	0.076	0.136	0.28	0.208	0.38	0.116	0.18	0.208	0.208	0.24	0.232	0.24	0.232	0.24	0.24	0.24	0.24
159510762-stool2.snv.bam	0.072	0.344	0.344	0.192	0.036	0.036	0.164	0.192	0.168	0.32	0.328	0.216	0.064	0.132	0.18	0.14	0.2	0.348	0.0	0.0	0.34	0.332	0.144	0.1	0.252	0.216	0.216	0.16	0.16	0.268	0.296	0.228	0.26	0.264	0.204	0.252	0.204	0.064	0.204	0.204	0.304	0.032	0.032	0.028	0.32	0.316	0.324	0.212	0.104	0.112	0.032	0.084	0.32	0.272	0.036	0.236	0.232	0.24	0.268	0.276	0.192	0.192	0.032	0.032	0.188	0.148	0.148	0.088	0.196	0.132	0.312	0.308	0.168	0.168	0.184	0.172	0.244	0.244	0.2	0.216	0.216	0.216	0.216	0.216	0.228	0.172	0.172	0.184	0.064	0.196	0.24	0.224	0.192	0.196	0.24	0.196	0.252	0.18	0.076	0.276	0.088	0.28	0.216	0.04	0.14	0.192	0.216	0.216	0.216	0.212	0.188	0.216	0.204	0.188	0.188	0.196	0.188	0.184	0.28	0.156	0.168	0.036	0.12	0.032	0.176	0.18	0.18	0.18	0.208	0.012	0.012	0.036	0.152	0.116	0.252	0.04	0.016	0.124	0.068	0.008	0.108	0.196	0.028	0.192	0.316	0.216	0.168	0.208	0.216	0.144	0.156	0.232	0.256	0.232	0.16	0.06	0.06	0.08	0.204	0.204	0.196	0.192	0.044	0.008	0.216	0.14	0.116	0.224	0.172	0.208	0.204	0.212	0.196	0.224	0.076	0.076	0.136	0.28	0.204	0.38	0.116	0.18	0.208	0.208	0.24	0.232	0.24	0.232	0.24	0.24	0.24	0.24
159551223-stool1.snv.bam	0.336	0.004	0.004	0.332	0.368	0.372	0.188	0.196	0.364	0.02	0.032	0.32	0.112	0.044	0.18	0.236	0.176	0.168	0.34	0.34	0.0	0.0	0.296	0.112	0.276	0.32	0.32	0.276	0.272	0.076	0.136	0.076	0.084	0.084	0.3	0.276	0.308	0.348	0.184	0.3	0.028	0.376	0.364	0.36	0.16	0.16	0.164	0.204	0.284	0.284	0.336	0.328	0.256	0.244	0.352	0.196	0.192	0.336	0.06	0.04	0.392	0.392	0.36	0.364	0.336	0.336	0.336	0.284	0.38	0.288	0.028	0.028	0.364	0.36	0.332	0.256	0.348	0.348	0.376	0.312	0.312	0.32	0.32	0.32	0.184	0.272	0.288	0.276	0.28	0.364	0.336	0.172	0.224	0.364	0.344	0.364	0.42	0.304	0.216	0.092	0.316	0.088	0.316	0.356	0.26	0.392	0.32	0.272	0.272	0.3	0.272	0.312	0.284	0.388	0.388	0.208	0.208	0.384	0.072	0.36	0.36	0.38	0.232	0.364	0.356	0.34	0.36	0.376	0.144	0.336	0.348	0.344	0.28	0.384	0.276	0.372	0.36	0.284	0.396	0.356	0.136	0.364	0.352	0.392	0.32	0.32	0.348	0.36	0.32	0.268	0.352	0.304	0.236	0.056	0.26	0.276	0.336	0.336	0.092	0.308	0.092	0.392	0.344	0.336	0.228	0.172	0.384	0.28	0.284	0.32	0.308	0.316	0.364	0.096	0.208	0.344	0.024	0.196	0.112	0.056	0.328	0.308	0.208	0.212	0.344	0.332	0.344	0.336	0.344	0.344	0.344	0.344
159551223-stool2.snv.bam	0.328	0.004	0.004	0.324	0.36	0.364	0.18	0.188	0.356	0.02	0.024	0.312	0.108	0.036	0.172	0.228	0.168	0.168	0.332	0.332	0.0	0.0	0.288	0.104	0.268	0.312	0.312	0.268	0.264	0.068	0.128	0.076	0.076	0.076	0.292	0.268	0.3	0.34	0.176	0.292	0.028	0.368	0.356	0.352	0.152	0.152	0.156	0.196	0.276	0.276	0.332	0.32	0.256	0.236	0.344	0.188	0.184	0.328	0.052	0.036	0.384	0.384	0.352	0.356	0.328	0.328	0.328	0.276	0.372	0.28	0.028	0.028	0.356	0.352	0.324	0.248	0.34	0.34	0.368	0.304	0.304	0.312	0.312	0.312	0.176	0.264	0.28	0.268	0.272	0.356	0.328	0.164	0.216	0.356	0.336	0.356	0.412	0.296	0.208	0.092	0.308	0.08	0.308	0.348	0.252	0.384	0.312	0.264	0.264	0.292	0.264	0.304	0.276	0.38	0.38	0.2	0.2	0.376	0.064	0.352	0.352	0.372	0.224	0.356	0.348	0.332	0.352	0.368	0.136	0.328	0.34	0.336	0.272	0.376	0.268	0.364	0.352	0.276	0.388	0.348	0.124	0.356	0.344	0.384	0.32	0.312	0.34	0.352	0.312	0.26	0.344	0.296	0.228	0.052	0.252	0.264	0.328	0.328	0.084	0.3	0.084	0.384	0.336	0.328	0.22	0.164	0.376	0.272	0.276	0.312	0.3	0.308	0.356	0.088	0.2	0.336	0.016	0.188	0.104	0.06	0.32	0.3	0.2	0.204	0.336	0.324	0.336	0.328	0.336	0.336	0.336	0.336
159611913-stool1.snv.bam	0.164	0.3	0.3	0.196	0.124	0.128	0.196	0.224	0.184	0.284	0.28	0.2	0.048	0.112	0.22	0.172	0.24	0.312	0.144	0.144	0.296	0.288	0.0	0.132	0.236	0.2	0.2	0.212	0.212	0.236	0.272	0.244	0.284	0.288	0.228	0.236	0.204	0.136	0.196	0.228	0.268	0.124	0.112	0.112	0.256	0.256	0.26	0.228	0.164	0.164	0.128	0.104	0.344	0.304	0.116	0.228	0.228	0.224	0.252	0.26	0.208	0.208	0.112	0.112	0.2	0.104	0.104	0.128	0.212	0.192	0.276	0.272	0.184	0.184	0.16	0.232	0.228	0.228	0.208	0.2	0.2	0.2	0.2	0.2	0.236	0.224	0.152	0.232	0.204	0.18	0.224	0.244	0.164	0.18	0.224	0.18	0.284	0.216	0.068	0.284	0.128	0.244	0.196	0.108	0.196	0.208	0.2	0.232	0.232	0.192	0.156	0.2	0.172	0.204	0.204	0.184	0.18	0.2	0.24	0.168	0.184	0.136	0.12	0.112	0.18	0.188	0.192	0.2	0.268	0.124	0.132	0.1	0.208	0.152	0.244	0.12	0.148	0.16	0.2	0.144	0.124	0.18	0.108	0.208	0.332	0.2	0.224	0.204	0.196	0.216	0.168	0.228	0.252	0.22	0.232	0.124	0.124	0.196	0.22	0.22	0.156	0.208	0.116	0.124	0.216	0.184	0.152	0.24	0.192	0.192	0.22	0.196	0.18	0.228	0.16	0.104	0.116	0.288	0.22	0.336	0.176	0.128	0.224	0.268	0.224	0.22	0.224	0.216	0.224	0.224	0.224	0.22
159632143-stool1.snv.bam	0.164	0.116	0.116	0.188	0.128	0.124	0.048	0.06	0.196	0.084	0.108	0.2	0.024	0.028	0.08	0.036	0.092	0.172	0.096	0.1	0.112	0.104	0.132	0.0	0.16	0.2	0.2	0.144	0.148	0.072	0.152	0.052	0.048	0.052	0.176	0.16	0.184	0.148	0.144	0.176	0.076	0.128	0.124	0.124	0.16	0.16	0.164	0.088	0.1	0.108	0.076	0.152	0.188	0.16	0.12	0.112	0.112	0.212	0.032	0.032	0.232	0.228	0.124	0.124	0.192	0.168	0.176	0.1	0.216	0.116	0.084	0.08	0.204	0.2	0.188	0.144	0.228	0.228	0.224	0.196	0.2	0.196	0.2	0.2	0.12	0.16	0.108	0.16	0.028	0.204	0.22	0.136	0.112	0.204	0.224	0.204	0.268	0.148	0.044	0.092	0.132	0.052	0.196	0.128	0.088	0.232	0.2	0.188	0.188	0.16	0.148	0.18	0.16	0.228	0.228	0.104	0.1	0.216	0.064	0.188	0.208	0.144	0.088	0.124	0.208	0.196	0.208	0.22	0.068	0.092	0.1	0.12	0.116	0.14	0.164	0.128	0.116	0.088	0.16	0.116	0.056	0.204	0.116	0.232	0.236	0.2	0.192	0.22	0.2	0.076	0.192	0.204	0.16	0.036	0.136	0.08	0.14	0.1	0.04	0.192	0.056	0.228	0.128	0.092	0.148	0.072	0.168	0.192	0.12	0.196	0.192	0.196	0.204	0.068	0.072	0.112	0.064	0.144	0.072	0.152	0.116	0.116	0.092	0.148	0.224	0.216	0.224	0.216	0.224	0.224	0.224	0.216
159713063-stool2.snv.bam	0.236	0.28	0.28	0.116	0.236	0.24	0.144	0.152	0.144	0.256	0.264	0.044	0.152	0.148	0.132	0.16	0.144	0.3	0.252	0.252	0.276	0.268	0.236	0.16	0.0	0.044	0.044	0.22	0.22	0.212	0.216	0.196	0.212	0.212	0.064	0.0	0.056	0.224	0.276	0.064	0.248	0.244	0.232	0.228	0.252	0.248	0.256	0.144	0.244	0.252	0.208	0.28	0.26	0.236	0.224	0.168	0.164	0.068	0.22	0.22	0.116	0.116	0.228	0.228	0.112	0.248	0.248	0.168	0.128	0.212	0.256	0.252	0.144	0.14	0.12	0.236	0.072	0.072	0.108	0.044	0.044	0.044	0.044	0.044	0.148	0.22	0.096	0.244	0.264	0.088	0.068	0.208	0.24	0.088	0.068	0.088	0.184	0.128	0.2	0.224	0.248	0.208	0.04	0.236	0.208	0.116	0.044	0.076	0.076	0.04	0.044	0.044	0.044	0.112	0.112	0.26	0.252	0.16	0.2	0.132	0.144	0.244	0.18	0.228	0.104	0.12	0.096	0.156	0.244	0.24	0.248	0.212	0.208	0.212	0.008	0.232	0.26	0.148	0.312	0.252	0.048	0.088	0.22	0.116	0.168	0.044	0.144	0.14	0.044	0.224	0.132	0.124	0.204	0.184	0.244	0.184	0.208	0.244	0.092	0.056	0.168	0.116	0.204	0.228	0.232	0.132	0.212	0.076	0.132	0.068	0.056	0.044	0.088	0.252	0.188	0.208	0.176	0.288	0.136	0.316	0.2	0.228	0.164	0.28	0.068	0.064	0.068	0.06	0.068	0.068	0.068	0.068
159753524-stool2.snv.bam	0.208	0.324	0.324	0.096	0.2	0.204	0.188	0.196	0.108	0.3	0.308	0.008	0.156	0.176	0.16	0.132	0.18	0.336	0.216	0.216	0.32	0.312	0.2	0.2	0.044	0.0	0.0	0.264	0.264	0.256	0.26	0.232	0.248	0.248	0.028	0.044	0.012	0.196	0.32	0.028	0.292	0.208	0.196	0.192	0.296	0.292	0.3	0.188	0.28	0.288	0.18	0.244	0.304	0.28	0.188	0.212	0.208	0.032	0.264	0.264	0.08	0.08	0.192	0.192	0.092	0.212	0.212	0.132	0.092	0.256	0.3	0.296	0.108	0.108	0.084	0.28	0.028	0.028	0.072	0.0	0.0	0.0	0.0	0.0	0.192	0.264	0.084	0.288	0.268	0.052	0.032	0.252	0.284	0.052	0.032	0.052	0.156	0.1	0.18	0.268	0.212	0.244	0.0	0.2	0.252	0.08	0.0	0.048	0.048	0.0	0.0	0.0	0.0	0.076	0.076	0.296	0.284	0.124	0.236	0.096	0.108	0.208	0.176	0.192	0.068	0.084	0.064	0.12	0.292	0.204	0.212	0.176	0.252	0.176	0.052	0.196	0.224	0.168	0.284	0.216	0.056	0.052	0.184	0.08	0.204	0.0	0.116	0.104	0.0	0.268	0.096	0.088	0.248	0.228	0.288	0.176	0.172	0.256	0.136	0.028	0.208	0.08	0.168	0.192	0.276	0.164	0.176	0.04	0.096	0.024	0.028	0.0	0.052	0.292	0.216	0.172	0.192	0.332	0.18	0.36	0.172	0.204	0.208	0.324	0.032	0.028	0.032	0.024	0.032	0.032	0.032	0.032
159753524-stool3.snv.bam	0.208	0.324	0.324	0.096	0.2	0.204	0.188	0.196	0.108	0.3	0.308	0.008	0.156	0.176	0.16	0.132	0.18	0.336	0.216	0.216	0.32	0.312	0.2	0.2	0.044	0.0	0.0	0.264	0.264	0.256	0.26	0.232	0.248	0.248	0.028	0.044	0.012	0.196	0.32	0.028	0.292	0.208	0.196	0.192	0.296	0.292	0.3	0.188	0.28	0.288	0.18	0.244	0.304	0.28	0.188	0.212	0.208	0.032	0.264	0.264	0.08	0.08	0.192	0.192	0.092	0.212	0.212	0.132	0.092	0.256	0.3	0.296	0.108	0.108	0.084	0.28	0.028	0.028	0.072	0.0	0.0	0.0	0.0	0.0	0.192	0.264	0.084	0.288	0.268	0.052	0.032	0.252	0.284	0.052	0.032	0.052	0.156	0.1	0.18	0.268	0.212	0.244	0.0	0.2	0.252	0.08	0.0	0.048	0.048	0.0	0.0	0.0	0.0	0.076	0.076	0.296	0.284	0.124	0.236	0.096	0.108	0.208	0.176	0.192	0.068	0.084	0.064	0.12	0.292	0.204	0.212	0.176	0.252	0.176	0.052	0.196	0.224	0.168	0.284	0.216	0.052	0.052	0.184	0.08	0.204	0.0	0.116	0.104	0.0	0.268	0.096	0.088	0.248	0.228	0.288	0.176	0.172	0.256	0.136	0.028	0.208	0.08	0.168	0.192	0.276	0.164	0.176	0.04	0.096	0.024	0.028	0.0	0.052	0.292	0.216	0.172	0.192	0.332	0.18	0.36	0.172	0.204	0.208	0.324	0.032	0.028	0.032	0.024	0.032	0.032	0.032	0.032
160158126-stool1.snv.bam	0.176	0.28	0.28	0.22	0.192	0.196	0.136	0.152	0.204	0.256	0.252	0.264	0.148	0.152	0.152	0.232	0.136	0.324	0.16	0.16	0.276	0.268	0.212	0.144	0.22	0.264	0.264	0.0	0.0	0.244	0.224	0.208	0.24	0.244	0.244	0.22	0.252	0.164	0.084	0.244	0.28	0.192	0.188	0.184	0.26	0.256	0.264	0.148	0.188	0.196	0.156	0.24	0.26	0.22	0.188	0.092	0.092	0.288	0.244	0.252	0.24	0.24	0.184	0.184	0.22	0.28	0.28	0.236	0.244	0.024	0.288	0.284	0.204	0.2	0.212	0.036	0.292	0.292	0.256	0.264	0.264	0.264	0.264	0.264	0.088	0.02	0.18	0.048	0.124	0.244	0.288	0.112	0.104	0.244	0.288	0.244	0.284	0.18	0.176	0.232	0.228	0.252	0.26	0.176	0.04	0.24	0.264	0.224	0.224	0.256	0.244	0.264	0.24	0.236	0.236	0.192	0.18	0.224	0.268	0.228	0.204	0.192	0.076	0.184	0.216	0.224	0.22	0.22	0.2	0.164	0.172	0.184	0.024	0.248	0.22	0.188	0.184	0.216	0.212	0.168	0.112	0.244	0.18	0.24	0.268	0.264	0.196	0.264	0.264	0.056	0.192	0.24	0.132	0.2	0.036	0.1	0.164	0.192	0.18	0.236	0.184	0.24	0.172	0.164	0.1	0.132	0.248	0.224	0.236	0.264	0.236	0.256	0.244	0.188	0.088	0.22	0.12	0.24	0.152	0.328	0.236	0.204	0.12	0.08	0.288	0.284	0.288	0.28	0.288	0.288	0.288	0.288
160158126-stool2.snv.bam	0.172	0.272	0.272	0.22	0.192	0.196	0.136	0.152	0.204	0.252	0.248	0.264	0.148	0.152	0.152	0.232	0.132	0.32	0.16	0.16	0.272	0.264	0.212	0.148	0.22	0.264	0.264	0.0	0.0	0.24	0.22	0.204	0.236	0.24	0.244	0.22	0.252	0.164	0.08	0.244	0.276	0.192	0.188	0.184	0.256	0.252	0.26	0.148	0.188	0.196	0.16	0.24	0.256	0.216	0.188	0.092	0.092	0.288	0.24	0.248	0.24	0.24	0.184	0.184	0.22	0.28	0.28	0.236	0.244	0.024	0.284	0.28	0.204	0.2	0.212	0.032	0.292	0.292	0.256	0.264	0.264	0.264	0.264	0.264	0.084	0.016	0.176	0.044	0.124	0.244	0.288	0.108	0.1	0.244	0.288	0.244	0.284	0.18	0.176	0.228	0.228	0.252	0.26	0.176	0.04	0.24	0.264	0.224	0.224	0.256	0.244	0.264	0.24	0.236	0.236	0.192	0.18	0.224	0.264	0.224	0.204	0.192	0.072	0.184	0.216	0.224	0.22	0.22	0.196	0.164	0.172	0.184	0.024	0.248	0.22	0.188	0.184	0.216	0.212	0.168	0.112	0.244	0.18	0.24	0.268	0.264	0.196	0.264	0.264	0.048	0.192	0.24	0.128	0.196	0.032	0.104	0.164	0.192	0.176	0.236	0.18	0.24	0.172	0.164	0.096	0.132	0.248	0.224	0.236	0.264	0.236	0.256	0.244	0.184	0.088	0.22	0.12	0.236	0.148	0.324	0.236	0.2	0.116	0.076	0.288	0.284	0.288	0.28	0.288	0.288	0.288	0.288
160218816-stool1.snv.bam	0.272	0.08	0.08	0.272	0.304	0.308	0.108	0.116	0.3	0.068	0.068	0.256	0.08	0.016	0.108	0.164	0.124	0.148	0.268	0.268	0.076	0.068	0.236	0.072	0.212	0.256	0.256	0.244	0.24	0.0	0.124	0.076	0.084	0.084	0.228	0.212	0.244	0.284	0.164	0.228	0.04	0.312	0.3	0.296	0.128	0.128	0.132	0.124	0.208	0.208	0.276	0.268	0.216	0.188	0.288	0.164	0.16	0.272	0.032	0.036	0.328	0.328	0.296	0.3	0.272	0.276	0.276	0.22	0.316	0.216	0.048	0.044	0.3	0.296	0.268	0.216	0.284	0.284	0.312	0.256	0.256	0.256	0.256	0.256	0.152	0.24	0.224	0.236	0.24	0.3	0.272	0.144	0.172	0.3	0.28	0.3	0.364	0.272	0.164	0.112	0.252	0.084	0.252	0.292	0.204	0.328	0.256	0.24	0.24	0.244	0.208	0.248	0.22	0.324	0.324	0.16	0.16	0.32	0.06	0.296	0.3	0.316	0.168	0.3	0.292	0.276	0.3	0.316	0.12	0.268	0.28	0.28	0.224	0.32	0.212	0.308	0.288	0.22	0.332	0.284	0.064	0.3	0.292	0.328	0.348	0.256	0.284	0.3	0.256	0.196	0.288	0.252	0.188	0.028	0.228	0.216	0.272	0.264	0.064	0.244	0.028	0.328	0.28	0.264	0.2	0.1	0.32	0.248	0.232	0.248	0.244	0.252	0.3	0.112	0.16	0.28	0.032	0.14	0.044	0.116	0.264	0.252	0.136	0.204	0.28	0.272	0.28	0.272	0.28	0.28	0.28	0.28
160421117-stool3.snv.bam	0.292	0.14	0.14	0.276	0.324	0.328	0.124	0.136	0.304	0.144	0.144	0.26	0.144	0.1	0.112	0.184	0.112	0.208	0.296	0.296	0.136	0.128	0.272	0.152	0.216	0.26	0.26	0.224	0.22	0.124	0.0	0.16	0.176	0.176	0.24	0.216	0.248	0.296	0.168	0.24	0.156	0.332	0.324	0.32	0.152	0.152	0.156	0.152	0.26	0.26	0.288	0.304	0.196	0.172	0.308	0.144	0.14	0.244	0.148	0.148	0.332	0.332	0.316	0.32	0.276	0.312	0.312	0.244	0.328	0.236	0.164	0.16	0.304	0.296	0.272	0.188	0.288	0.288	0.316	0.26	0.26	0.26	0.26	0.26	0.136	0.22	0.228	0.208	0.24	0.304	0.28	0.136	0.208	0.304	0.284	0.304	0.36	0.244	0.208	0.188	0.312	0.192	0.256	0.304	0.204	0.332	0.26	0.212	0.212	0.252	0.212	0.26	0.224	0.328	0.324	0.176	0.184	0.324	0.16	0.3	0.304	0.332	0.204	0.32	0.304	0.276	0.304	0.32	0.22	0.296	0.308	0.3	0.228	0.34	0.212	0.328	0.316	0.236	0.352	0.308	0.124	0.304	0.312	0.332	0.32	0.26	0.288	0.328	0.26	0.2	0.288	0.244	0.168	0.128	0.192	0.22	0.284	0.292	0.128	0.248	0.088	0.332	0.296	0.288	0.18	0.136	0.34	0.22	0.232	0.268	0.248	0.256	0.304	0.172	0.172	0.296	0.064	0.18	0.084	0.188	0.28	0.28	0.14	0.216	0.284	0.276	0.284	0.276	0.284	0.284	0.284	0.284
