	158155345-tonguedorsum2.snv.bam	158216035-tonguedorsum2.snv.bam	158256496-tonguedorsum2.snv.bam	158337416-tonguedorsum1.snv.bam	158337416-tonguedorsum2.snv.bam	158458797-tonguedorsum1.snv.bam	158458797-tonguedorsum2.snv.bam	158479027-tonguedorsum1.snv.bam	158499257-tonguedorsum1.snv.bam	158499257-tonguedorsum2.snv.bam	158802708-tonguedorsum1.snv.bam	158802708-tonguedorsum3.snv.bam	158883629-tonguedorsum1.snv.bam	158883629-tonguedorsum2.snv.bam	158883629-tonguedorsum3.snv.bam	158944319-tonguedorsum3.snv.bam	159207311-tonguedorsum1.snv.bam	159207311-tonguedorsum2.snv.bam	159207311-tonguedorsum3.snv.bam	159227541-tonguedorsum2.snv.bam	159247771-tonguedorsum2.snv.bam	159268001-tonguedorsum2.snv.bam	159268001-tonguedorsum3.snv.bam	159470302-tonguedorsum1.snv.bam	159490532-tonguedorsum1.snv.bam	159510762-supragingivalplaque3.snv.bam	159551223-tonguedorsum1.snv.bam	159551223-tonguedorsum2.snv.bam	159571453-tonguedorsum1.snv.bam	159571453-tonguedorsum2.snv.bam	159591683-tonguedorsum1.snv.bam	159591683-tonguedorsum2.snv.bam	159611913-buccalmucosa1.snv.bam	159632143-tonguedorsum1.snv.bam	159713063-tonguedorsum2.snv.bam	159733294-tonguedorsum1.snv.bam	159753524-buccalmucosa2.snv.bam	159753524-buccalmucosa3.snv.bam	159753524-tonguedorsum1.snv.bam	159753524-tonguedorsum3.snv.bam	159814214-tonguedorsum2.snv.bam	159915365-tonguedorsum1.snv.bam	160178356-buccalmucosa2.snv.bam	160178356-buccalmucosa3.snv.bam	160178356-tonguedorsum1.snv.bam	160178356-tonguedorsum2.snv.bam	160178356-tonguedorsum3.snv.bam	160319967-tonguedorsum1.snv.bam	160319967-tonguedorsum2.snv.bam	160319967-tonguedorsum3.snv.bam	160380657-buccalmucosa2.snv.bam	160380657-buccalmucosa3.snv.bam	160380657-tonguedorsum2.snv.bam	160380657-tonguedorsum3.snv.bam	160421117-tonguedorsum2.snv.bam	160421117-tonguedorsum3.snv.bam	160502038-tonguedorsum1.snv.bam	160502038-tonguedorsum2.snv.bam	160502038-tonguedorsum3.snv.bam	160582958-tonguedorsum1.snv.bam	160582958-tonguedorsum2.snv.bam	160582958-tonguedorsum3.snv.bam	160603188-tonguedorsum1.snv.bam	160603188-tonguedorsum2.snv.bam	160603188-tonguedorsum3.snv.bam	160643649-tonguedorsum1.snv.bam	160906640-tonguedorsum1.snv.bam	160947100-tonguedorsum1.snv.bam	178713055-tonguedorsum2.snv.bam	234447334-buccalmucosa2.snv.bam	234447334-tonguedorsum2.snv.bam	275382046-buccalmucosa3.snv.bam	295137534-tonguedorsum2.snv.bam	338793263-buccalmucosa1.snv.bam	338793263-tonguedorsum2.snv.bam	370027359-tonguedorsum3.snv.bam	375450439-tonguedorsum3.snv.bam	508703490-tonguedorsum1.snv.bam	508703490-tonguedorsum2.snv.bam	550534656-buccalmucosa3.snv.bam	550534656-tonguedorsum2.snv.bam	550534656-tonguedorsum3.snv.bam	604812005-tonguedorsum1.snv.bam	604812005-tonguedorsum3.snv.bam	638754422-tonguedorsum3.snv.bam	663835652-tonguedorsum2.snv.bam	675950834-tonguedorsum2.snv.bam	675950834-tonguedorsum3.snv.bam	682102541-tonguedorsum3.snv.bam	686765762-tonguedorsum3.snv.bam	706846339-tonguedorsum1.snv.bam	739574095-tonguedorsum2.snv.bam	763395383-buccalmucosa3.snv.bam	763395383-tonguedorsum3.snv.bam	763435843-tonguedorsum1.snv.bam	763496533-buccalmucosa1.snv.bam	763536994-buccalmucosa3.snv.bam	763557224-tonguedorsum3.snv.bam	763719065-supragingivalplaque3.snv.bam	763759525-tonguedorsum2.snv.bam	763820215-tonguedorsum1.snv.bam	763820215-tonguedorsum2.snv.bam	763840445-tonguedorsum2.snv.bam	763860675-tonguedorsum1.snv.bam	763901136-tonguedorsum2.snv.bam	763901136-tonguedorsum3.snv.bam	763961826-tonguedorsum2.snv.bam	763982056-buccalmucosa3.snv.bam	763982056-tonguedorsum2.snv.bam	763982056-tonguedorsum3.snv.bam	764042746-tonguedorsum1.snv.bam	764042746-tonguedorsum2.snv.bam	764062976-tonguedorsum2.snv.bam	764083206-tonguedorsum1.snv.bam	764143897-buccalmucosa2.snv.bam	764143897-tonguedorsum2.snv.bam	764285508-tonguedorsum1.snv.bam	764285508-tonguedorsum2.snv.bam	764305738-buccalmucosa1.snv.bam	764305738-tonguedorsum2.snv.bam	764325968-tonguedorsum1.snv.bam	764366428-buccalmucosa3.snv.bam	764366428-tonguedorsum2.snv.bam	764366428-tonguedorsum3.snv.bam	764447348-tonguedorsum1.snv.bam	764447348-tonguedorsum2.snv.bam	764467579-buccalmucosa3.snv.bam	764467579-tonguedorsum3.snv.bam	764487809-tonguedorsum1.snv.bam	764487809-tonguedorsum2.snv.bam	764508039-tonguedorsum1.snv.bam	764588959-tonguedorsum1.snv.bam	764588959-tonguedorsum2.snv.bam	764649650-tonguedorsum2.snv.bam	764811490-tonguedorsum1.snv.bam	764811490-tonguedorsum2.snv.bam	764872181-buccalmucosa1.snv.bam	764872181-tonguedorsum1.snv.bam	764892411-tonguedorsum2.snv.bam	765013792-tonguedorsum2.snv.bam	765013792-tonguedorsum3.snv.bam	765034022-tonguedorsum1.snv.bam	765135172-buccalmucosa3.snv.bam	765135172-tonguedorsum2.snv.bam	765155402-tonguedorsum3.snv.bam	765216093-buccalmucosa3.snv.bam	765216093-tonguedorsum3.snv.bam	765337473-tonguedorsum2.snv.bam	765337473-tonguedorsum3.snv.bam	765560005-tonguedorsum1.snv.bam	765620695-buccalmucosa1.snv.bam	765620695-buccalmucosa2.snv.bam	765620695-tonguedorsum1.snv.bam	765640925-tonguedorsum1.snv.bam	823052294-tonguedorsum2.snv.bam	823052294-tonguedorsum3.snv.bam	861967750-tonguedorsum2.snv.bam	937415040-tonguedorsum1.snv.bam	953045535-tonguedorsum2.snv.bam
158155345-tonguedorsum2.snv.bam	0.0	0.111111111111	0.0156862745098	0.103267973856	0.100653594771	0.142483660131	0.0954248366013	0.105882352941	0.120261437908	0.120261437908	0.0954248366013	0.108496732026	0.109803921569	0.121568627451	0.104575163399	0.117647058824	0.124183006536	0.116339869281	0.125490196078	0.0967320261438	0.141176470588	0.121568627451	0.145098039216	0.0967320261438	0.129411764706	0.138562091503	0.124183006536	0.142483660131	0.100653594771	0.120261437908	0.122875816993	0.0941176470588	0.175163398693	0.129411764706	0.113725490196	0.130718954248	0.17385620915	0.180392156863	0.150326797386	0.137254901961	0.141176470588	0.142483660131	0.18431372549	0.181699346405	0.125490196078	0.109803921569	0.116339869281	0.130718954248	0.152941176471	0.16862745098	0.164705882353	0.167320261438	0.117647058824	0.132026143791	0.0980392156863	0.152941176471	0.141176470588	0.142483660131	0.0967320261438	0.118954248366	0.105882352941	0.133333333333	0.112418300654	0.146405228758	0.147712418301	0.108496732026	0.100653594771	0.125490196078	0.126797385621	0.167320261438	0.112418300654	0.171241830065	0.101960784314	0.142483660131	0.135947712418	0.137254901961	0.124183006536	0.100653594771	0.0928104575163	0.137254901961	0.115032679739	0.100653594771	0.0875816993464	0.0941176470588	0.116339869281	0.078431372549	0.120261437908	0.133333333333	0.128104575163	0.108496732026	0.125490196078	0.120261437908	0.159477124183	0.0862745098039	0.137254901961	0.175163398693	0.188235294118	0.129411764706	0.172549019608	0.104575163399	0.120261437908	0.116339869281	0.112418300654	0.152941176471	0.113725490196	0.109803921569	0.142483660131	0.16862745098	0.139869281046	0.112418300654	0.0954248366013	0.0993464052288	0.105882352941	0.0888888888889	0.162091503268	0.141176470588	0.120261437908	0.112418300654	0.142483660131	0.124183006536	0.0980392156863	0.155555555556	0.115032679739	0.0980392156863	0.142483660131	0.135947712418	0.175163398693	0.101960784314	0.113725490196	0.0967320261438	0.111111111111	0.109803921569	0.122875816993	0.134640522876	0.147712418301	0.101960784314	0.176470588235	0.120261437908	0.0849673202614	0.125490196078	0.124183006536	0.0888888888889	0.159477124183	0.162091503268	0.105882352941	0.160784313725	0.081045751634	0.134640522876	0.101960784314	0.128104575163	0.159477124183	0.171241830065	0.121568627451	0.115032679739	0.0993464052288	0.126797385621	0.111111111111	0.0888888888889	0.112418300654
158216035-tonguedorsum2.snv.bam	0.111111111111	0.0	0.0849673202614	0.0875816993464	0.108496732026	0.109803921569	0.0588235294118	0.0509803921569	0.0823529411765	0.0967320261438	0.0941176470588	0.104575163399	0.0718954248366	0.0954248366013	0.078431372549	0.121568627451	0.0915032679739	0.0823529411765	0.0849673202614	0.0692810457516	0.0993464052288	0.0875816993464	0.0993464052288	0.0823529411765	0.0954248366013	0.081045751634	0.0941176470588	0.103267973856	0.0666666666667	0.081045751634	0.0980392156863	0.0692810457516	0.138562091503	0.0653594771242	0.104575163399	0.101960784314	0.138562091503	0.146405228758	0.126797385621	0.125490196078	0.132026143791	0.111111111111	0.150326797386	0.145098039216	0.0797385620915	0.0627450980392	0.0666666666667	0.121568627451	0.135947712418	0.146405228758	0.130718954248	0.137254901961	0.0705882352941	0.083660130719	0.0588235294118	0.116339869281	0.130718954248	0.138562091503	0.0849673202614	0.0993464052288	0.0888888888889	0.0849673202614	0.0875816993464	0.116339869281	0.116339869281	0.040522875817	0.0562091503268	0.0928104575163	0.0797385620915	0.139869281046	0.0745098039216	0.143790849673	0.0679738562092	0.112418300654	0.0967320261438	0.115032679739	0.0928104575163	0.0522875816993	0.0575163398693	0.107189542484	0.0875816993464	0.0640522875817	0.0496732026144	0.040522875817	0.0954248366013	0.0562091503268	0.0797385620915	0.0849673202614	0.0679738562092	0.081045751634	0.0875816993464	0.083660130719	0.130718954248	0.0588235294118	0.113725490196	0.152941176471	0.156862745098	0.124183006536	0.143790849673	0.0745098039216	0.0666666666667	0.0679738562092	0.0640522875817	0.134640522876	0.0718954248366	0.0718954248366	0.117647058824	0.135947712418	0.121568627451	0.100653594771	0.0745098039216	0.0941176470588	0.0875816993464	0.0418300653595	0.126797385621	0.0928104575163	0.083660130719	0.0732026143791	0.120261437908	0.108496732026	0.0823529411765	0.128104575163	0.078431372549	0.0575163398693	0.0954248366013	0.0980392156863	0.141176470588	0.0588235294118	0.083660130719	0.0562091503268	0.0588235294118	0.0875816993464	0.0928104575163	0.126797385621	0.0915032679739	0.0588235294118	0.147712418301	0.113725490196	0.0535947712418	0.0888888888889	0.0862745098039	0.0627450980392	0.129411764706	0.126797385621	0.0692810457516	0.124183006536	0.0745098039216	0.0875816993464	0.0718954248366	0.0875816993464	0.130718954248	0.132026143791	0.0862745098039	0.113725490196	0.0483660130719	0.0849673202614	0.0954248366013	0.0549019607843	0.0679738562092
158256496-tonguedorsum2.snv.bam	0.0156862745098	0.0849673202614	0.0	0.0888888888889	0.0928104575163	0.118954248366	0.0718954248366	0.0862745098039	0.0941176470588	0.101960784314	0.0705882352941	0.0823529411765	0.0928104575163	0.105882352941	0.0915032679739	0.109803921569	0.113725490196	0.0967320261438	0.107189542484	0.0745098039216	0.117647058824	0.0954248366013	0.121568627451	0.078431372549	0.103267973856	0.108496732026	0.0993464052288	0.115032679739	0.0901960784314	0.0993464052288	0.111111111111	0.0732026143791	0.159477124183	0.100653594771	0.105882352941	0.107189542484	0.156862745098	0.162091503268	0.130718954248	0.116339869281	0.130718954248	0.126797385621	0.167320261438	0.166013071895	0.100653594771	0.0862745098039	0.0928104575163	0.117647058824	0.138562091503	0.151633986928	0.150326797386	0.154248366013	0.0888888888889	0.103267973856	0.0679738562092	0.116339869281	0.125490196078	0.126797385621	0.078431372549	0.112418300654	0.104575163399	0.112418300654	0.100653594771	0.129411764706	0.126797385621	0.0705882352941	0.0692810457516	0.105882352941	0.101960784314	0.154248366013	0.0915032679739	0.154248366013	0.0732026143791	0.129411764706	0.112418300654	0.126797385621	0.0993464052288	0.0732026143791	0.0666666666667	0.124183006536	0.0967320261438	0.0718954248366	0.0627450980392	0.0666666666667	0.0875816993464	0.0509803921569	0.0901960784314	0.104575163399	0.0954248366013	0.0875816993464	0.104575163399	0.0901960784314	0.146405228758	0.0732026143791	0.122875816993	0.159477124183	0.17385620915	0.112418300654	0.158169934641	0.083660130719	0.101960784314	0.0901960784314	0.0771241830065	0.133333333333	0.0875816993464	0.0849673202614	0.121568627451	0.152941176471	0.122875816993	0.0888888888889	0.0705882352941	0.0915032679739	0.081045751634	0.0640522875817	0.147712418301	0.121568627451	0.100653594771	0.0901960784314	0.132026143791	0.0941176470588	0.0823529411765	0.139869281046	0.0888888888889	0.0745098039216	0.118954248366	0.117647058824	0.159477124183	0.0732026143791	0.0941176470588	0.0849673202614	0.0823529411765	0.100653594771	0.0993464052288	0.112418300654	0.115032679739	0.0732026143791	0.160784313725	0.104575163399	0.0601307189542	0.104575163399	0.103267973856	0.0666666666667	0.143790849673	0.145098039216	0.083660130719	0.142483660131	0.0653594771242	0.101960784314	0.0732026143791	0.107189542484	0.146405228758	0.152941176471	0.0993464052288	0.0941176470588	0.078431372549	0.104575163399	0.0915032679739	0.0718954248366	0.0967320261438
158337416-tonguedorsum1.snv.bam	0.103267973856	0.0875816993464	0.0888888888889	0.0	0.00130718954248	0.122875816993	0.078431372549	0.0758169934641	0.0888888888889	0.103267973856	0.0980392156863	0.108496732026	0.0862745098039	0.0941176470588	0.0849673202614	0.121568627451	0.0901960784314	0.0797385620915	0.0823529411765	0.083660130719	0.100653594771	0.081045751634	0.109803921569	0.081045751634	0.0967320261438	0.0849673202614	0.0470588235294	0.0849673202614	0.0352941176471	0.0758169934641	0.0980392156863	0.0771241830065	0.132026143791	0.0915032679739	0.0692810457516	0.0941176470588	0.133333333333	0.138562091503	0.134640522876	0.143790849673	0.121568627451	0.0797385620915	0.137254901961	0.134640522876	0.0993464052288	0.0797385620915	0.0849673202614	0.115032679739	0.125490196078	0.141176470588	0.132026143791	0.137254901961	0.109803921569	0.121568627451	0.0732026143791	0.116339869281	0.121568627451	0.121568627451	0.0875816993464	0.118954248366	0.0862745098039	0.115032679739	0.0562091503268	0.081045751634	0.0758169934641	0.0692810457516	0.0653594771242	0.0732026143791	0.0980392156863	0.139869281046	0.081045751634	0.133333333333	0.0771241830065	0.112418300654	0.108496732026	0.107189542484	0.083660130719	0.0601307189542	0.0588235294118	0.116339869281	0.0745098039216	0.0718954248366	0.0653594771242	0.0601307189542	0.0862745098039	0.0562091503268	0.0849673202614	0.0993464052288	0.0588235294118	0.0797385620915	0.0941176470588	0.104575163399	0.126797385621	0.0653594771242	0.116339869281	0.138562091503	0.146405228758	0.124183006536	0.133333333333	0.0745098039216	0.078431372549	0.0797385620915	0.0771241830065	0.104575163399	0.0928104575163	0.0915032679739	0.115032679739	0.125490196078	0.124183006536	0.105882352941	0.0732026143791	0.0967320261438	0.0849673202614	0.0549019607843	0.124183006536	0.105882352941	0.104575163399	0.0823529411765	0.108496732026	0.118954248366	0.0888888888889	0.115032679739	0.0771241830065	0.0653594771242	0.115032679739	0.111111111111	0.135947712418	0.0653594771242	0.108496732026	0.0823529411765	0.0692810457516	0.0980392156863	0.100653594771	0.0875816993464	0.101960784314	0.078431372549	0.133333333333	0.118954248366	0.0718954248366	0.0888888888889	0.0901960784314	0.0614379084967	0.115032679739	0.122875816993	0.081045751634	0.117647058824	0.0666666666667	0.0915032679739	0.0705882352941	0.081045751634	0.124183006536	0.126797385621	0.0562091503268	0.0901960784314	0.0614379084967	0.0967320261438	0.078431372549	0.0627450980392	0.0718954248366
158337416-tonguedorsum2.snv.bam	0.100653594771	0.108496732026	0.0928104575163	0.00130718954248	0.0	0.133333333333	0.0849673202614	0.0967320261438	0.104575163399	0.121568627451	0.0993464052288	0.0980392156863	0.107189542484	0.118954248366	0.101960784314	0.130718954248	0.117647058824	0.104575163399	0.111111111111	0.0993464052288	0.126797385621	0.108496732026	0.137254901961	0.0797385620915	0.111111111111	0.104575163399	0.078431372549	0.121568627451	0.0745098039216	0.105882352941	0.128104575163	0.0928104575163	0.159477124183	0.0967320261438	0.0692810457516	0.108496732026	0.156862745098	0.16339869281	0.142483660131	0.145098039216	0.139869281046	0.105882352941	0.167320261438	0.16339869281	0.130718954248	0.107189542484	0.112418300654	0.108496732026	0.133333333333	0.151633986928	0.145098039216	0.147712418301	0.116339869281	0.125490196078	0.0954248366013	0.141176470588	0.133333333333	0.138562091503	0.0993464052288	0.132026143791	0.100653594771	0.126797385621	0.0901960784314	0.109803921569	0.105882352941	0.0849673202614	0.0823529411765	0.124183006536	0.124183006536	0.151633986928	0.101960784314	0.160784313725	0.104575163399	0.126797385621	0.132026143791	0.126797385621	0.0980392156863	0.0849673202614	0.078431372549	0.128104575163	0.0915032679739	0.0862745098039	0.081045751634	0.081045751634	0.103267973856	0.0535947712418	0.105882352941	0.118954248366	0.0980392156863	0.0941176470588	0.100653594771	0.116339869281	0.146405228758	0.0797385620915	0.133333333333	0.166013071895	0.169934640523	0.130718954248	0.156862745098	0.0901960784314	0.103267973856	0.103267973856	0.101960784314	0.138562091503	0.101960784314	0.101960784314	0.139869281046	0.151633986928	0.149019607843	0.129411764706	0.0928104575163	0.104575163399	0.0954248366013	0.0745098039216	0.145098039216	0.115032679739	0.0901960784314	0.0875816993464	0.133333333333	0.133333333333	0.0967320261438	0.137254901961	0.0954248366013	0.0823529411765	0.130718954248	0.120261437908	0.158169934641	0.083660130719	0.109803921569	0.0915032679739	0.0901960784314	0.121568627451	0.118954248366	0.116339869281	0.109803921569	0.0797385620915	0.159477124183	0.134640522876	0.0862745098039	0.0967320261438	0.101960784314	0.083660130719	0.142483660131	0.155555555556	0.109803921569	0.145098039216	0.0849673202614	0.107189542484	0.0875816993464	0.100653594771	0.142483660131	0.152941176471	0.0901960784314	0.0888888888889	0.0862745098039	0.113725490196	0.0849673202614	0.0823529411765	0.0771241830065
158458797-tonguedorsum1.snv.bam	0.142483660131	0.109803921569	0.118954248366	0.122875816993	0.133333333333	0.0	0.0718954248366	0.0666666666667	0.0901960784314	0.112418300654	0.113725490196	0.115032679739	0.104575163399	0.125490196078	0.109803921569	0.125490196078	0.121568627451	0.107189542484	0.113725490196	0.083660130719	0.121568627451	0.120261437908	0.133333333333	0.103267973856	0.104575163399	0.128104575163	0.126797385621	0.139869281046	0.0941176470588	0.104575163399	0.116339869281	0.0862745098039	0.171241830065	0.109803921569	0.145098039216	0.138562091503	0.171241830065	0.177777777778	0.138562091503	0.116339869281	0.155555555556	0.111111111111	0.181699346405	0.180392156863	0.107189542484	0.0967320261438	0.104575163399	0.143790849673	0.150326797386	0.169934640523	0.169934640523	0.17385620915	0.113725490196	0.125490196078	0.0888888888889	0.132026143791	0.149019607843	0.149019607843	0.108496732026	0.118954248366	0.129411764706	0.0849673202614	0.107189542484	0.132026143791	0.129411764706	0.0718954248366	0.0941176470588	0.138562091503	0.104575163399	0.172549019608	0.103267973856	0.171241830065	0.108496732026	0.141176470588	0.129411764706	0.129411764706	0.112418300654	0.0928104575163	0.107189542484	0.145098039216	0.0980392156863	0.109803921569	0.0797385620915	0.0888888888889	0.111111111111	0.081045751634	0.126797385621	0.138562091503	0.104575163399	0.103267973856	0.132026143791	0.141176470588	0.16339869281	0.081045751634	0.107189542484	0.176470588235	0.185620915033	0.151633986928	0.175163398693	0.0941176470588	0.112418300654	0.0888888888889	0.113725490196	0.117647058824	0.0954248366013	0.0980392156863	0.145098039216	0.164705882353	0.133333333333	0.109803921569	0.0980392156863	0.130718954248	0.111111111111	0.0849673202614	0.162091503268	0.122875816993	0.126797385621	0.120261437908	0.143790849673	0.115032679739	0.0954248366013	0.155555555556	0.105882352941	0.0758169934641	0.107189542484	0.113725490196	0.160784313725	0.100653594771	0.118954248366	0.100653594771	0.0967320261438	0.134640522876	0.126797385621	0.152941176471	0.125490196078	0.0849673202614	0.171241830065	0.143790849673	0.0771241830065	0.107189542484	0.111111111111	0.083660130719	0.158169934641	0.154248366013	0.121568627451	0.158169934641	0.0954248366013	0.118954248366	0.105882352941	0.109803921569	0.159477124183	0.166013071895	0.109803921569	0.150326797386	0.101960784314	0.124183006536	0.0954248366013	0.103267973856	0.101960784314
158458797-tonguedorsum2.snv.bam	0.0954248366013	0.0588235294118	0.0718954248366	0.078431372549	0.0849673202614	0.0718954248366	0.0	0.0392156862745	0.0614379084967	0.078431372549	0.078431372549	0.083660130719	0.0522875816993	0.078431372549	0.0640522875817	0.109803921569	0.0849673202614	0.0640522875817	0.0705882352941	0.0522875816993	0.083660130719	0.0522875816993	0.083660130719	0.0575163398693	0.081045751634	0.0823529411765	0.0732026143791	0.0915032679739	0.0549019607843	0.0705882352941	0.0901960784314	0.0575163398693	0.125490196078	0.0679738562092	0.0823529411765	0.0980392156863	0.126797385621	0.133333333333	0.112418300654	0.0993464052288	0.116339869281	0.081045751634	0.135947712418	0.134640522876	0.0692810457516	0.0509803921569	0.0562091503268	0.0967320261438	0.115032679739	0.135947712418	0.117647058824	0.120261437908	0.0888888888889	0.107189542484	0.0483660130719	0.0928104575163	0.104575163399	0.107189542484	0.0601307189542	0.0928104575163	0.0901960784314	0.0758169934641	0.0640522875817	0.0941176470588	0.0915032679739	0.0496732026144	0.0444444444444	0.0901960784314	0.0758169934641	0.122875816993	0.0614379084967	0.124183006536	0.0627450980392	0.0980392156863	0.083660130719	0.0941176470588	0.0849673202614	0.0509803921569	0.0457516339869	0.103267973856	0.0601307189542	0.0562091503268	0.043137254902	0.0418300653595	0.0640522875817	0.037908496732	0.0849673202614	0.0928104575163	0.0653594771242	0.0666666666667	0.083660130719	0.0797385620915	0.111111111111	0.0457516339869	0.0967320261438	0.129411764706	0.137254901961	0.111111111111	0.129411764706	0.0562091503268	0.0562091503268	0.043137254902	0.0627450980392	0.101960784314	0.0705882352941	0.0745098039216	0.111111111111	0.120261437908	0.118954248366	0.0915032679739	0.0562091503268	0.0862745098039	0.0745098039216	0.0444444444444	0.115032679739	0.0980392156863	0.0980392156863	0.0862745098039	0.101960784314	0.0941176470588	0.0653594771242	0.113725490196	0.0562091503268	0.037908496732	0.0745098039216	0.0732026143791	0.122875816993	0.0549019607843	0.0771241830065	0.0588235294118	0.0692810457516	0.0980392156863	0.083660130719	0.107189542484	0.101960784314	0.0549019607843	0.125490196078	0.118954248366	0.0509803921569	0.0666666666667	0.0627450980392	0.0457516339869	0.113725490196	0.128104575163	0.0758169934641	0.112418300654	0.0535947712418	0.0653594771242	0.0470588235294	0.0601307189542	0.111111111111	0.117647058824	0.0627450980392	0.0954248366013	0.0470588235294	0.0732026143791	0.0718954248366	0.0509803921569	0.0640522875817
158479027-tonguedorsum1.snv.bam	0.105882352941	0.0509803921569	0.0862745098039	0.0758169934641	0.0967320261438	0.0666666666667	0.0392156862745	0.0	0.0509803921569	0.0732026143791	0.0771241830065	0.0758169934641	0.0339869281046	0.0549019607843	0.040522875817	0.0980392156863	0.0745098039216	0.0601307189542	0.0549019607843	0.0483660130719	0.0797385620915	0.0679738562092	0.0980392156863	0.0627450980392	0.0771241830065	0.0692810457516	0.0601307189542	0.0732026143791	0.0352941176471	0.0522875816993	0.0614379084967	0.040522875817	0.112418300654	0.0522875816993	0.0823529411765	0.078431372549	0.112418300654	0.117647058824	0.107189542484	0.0928104575163	0.108496732026	0.0640522875817	0.120261437908	0.118954248366	0.0601307189542	0.0418300653595	0.0483660130719	0.083660130719	0.109803921569	0.122875816993	0.115032679739	0.117647058824	0.0640522875817	0.0823529411765	0.0549019607843	0.0915032679739	0.0928104575163	0.0941176470588	0.0692810457516	0.078431372549	0.0862745098039	0.0509803921569	0.0614379084967	0.0849673202614	0.083660130719	0.0300653594771	0.0483660130719	0.0705882352941	0.0666666666667	0.113725490196	0.0549019607843	0.112418300654	0.0483660130719	0.0875816993464	0.083660130719	0.0718954248366	0.0771241830065	0.0352941176471	0.0339869281046	0.0915032679739	0.0522875816993	0.0470588235294	0.0366013071895	0.037908496732	0.0666666666667	0.040522875817	0.0679738562092	0.0771241830065	0.0470588235294	0.0679738562092	0.0797385620915	0.0888888888889	0.104575163399	0.0444444444444	0.078431372549	0.121568627451	0.126797385621	0.105882352941	0.120261437908	0.0535947712418	0.0562091503268	0.0483660130719	0.0522875816993	0.0823529411765	0.0679738562092	0.0679738562092	0.0993464052288	0.107189542484	0.0915032679739	0.0758169934641	0.0522875816993	0.0862745098039	0.0666666666667	0.0313725490196	0.105882352941	0.0849673202614	0.0875816993464	0.0745098039216	0.0954248366013	0.0797385620915	0.0705882352941	0.101960784314	0.0535947712418	0.0300653594771	0.0758169934641	0.0797385620915	0.113725490196	0.043137254902	0.0718954248366	0.0470588235294	0.0444444444444	0.0679738562092	0.0666666666667	0.107189542484	0.0745098039216	0.0444444444444	0.112418300654	0.0823529411765	0.0418300653595	0.0614379084967	0.0653594771242	0.0352941176471	0.0993464052288	0.0849673202614	0.0640522875817	0.104575163399	0.0392156862745	0.0666666666667	0.0535947712418	0.0666666666667	0.107189542484	0.109803921569	0.0627450980392	0.0980392156863	0.0366013071895	0.0705882352941	0.0718954248366	0.037908496732	0.0535947712418
158499257-tonguedorsum1.snv.bam	0.120261437908	0.0823529411765	0.0941176470588	0.0888888888889	0.104575163399	0.0901960784314	0.0614379084967	0.0509803921569	0.0	0.0143790849673	0.0954248366013	0.0941176470588	0.0823529411765	0.0967320261438	0.0823529411765	0.121568627451	0.0967320261438	0.0888888888889	0.0888888888889	0.0549019607843	0.0980392156863	0.083660130719	0.112418300654	0.0653594771242	0.0980392156863	0.0823529411765	0.081045751634	0.0849673202614	0.0627450980392	0.0705882352941	0.081045751634	0.0509803921569	0.128104575163	0.0745098039216	0.105882352941	0.103267973856	0.133333333333	0.139869281046	0.116339869281	0.122875816993	0.118954248366	0.0823529411765	0.143790849673	0.137254901961	0.0928104575163	0.0745098039216	0.0797385620915	0.117647058824	0.120261437908	0.135947712418	0.128104575163	0.135947712418	0.0692810457516	0.081045751634	0.0575163398693	0.103267973856	0.100653594771	0.107189542484	0.0732026143791	0.0967320261438	0.0941176470588	0.0980392156863	0.0771241830065	0.101960784314	0.0954248366013	0.0535947712418	0.0575163398693	0.101960784314	0.0849673202614	0.135947712418	0.0601307189542	0.134640522876	0.0509803921569	0.107189542484	0.0954248366013	0.0993464052288	0.0862745098039	0.0732026143791	0.0653594771242	0.113725490196	0.0627450980392	0.0575163398693	0.0509803921569	0.0339869281046	0.078431372549	0.0549019607843	0.0915032679739	0.0980392156863	0.0666666666667	0.0849673202614	0.0862745098039	0.0993464052288	0.124183006536	0.0549019607843	0.101960784314	0.137254901961	0.147712418301	0.118954248366	0.137254901961	0.0627450980392	0.0745098039216	0.0666666666667	0.0705882352941	0.120261437908	0.0849673202614	0.083660130719	0.121568627451	0.126797385621	0.124183006536	0.101960784314	0.0653594771242	0.0875816993464	0.0823529411765	0.0509803921569	0.124183006536	0.107189542484	0.108496732026	0.0954248366013	0.115032679739	0.0967320261438	0.0666666666667	0.120261437908	0.0666666666667	0.0470588235294	0.0941176470588	0.0954248366013	0.128104575163	0.0640522875817	0.0980392156863	0.0705882352941	0.0732026143791	0.112418300654	0.104575163399	0.109803921569	0.100653594771	0.0666666666667	0.134640522876	0.115032679739	0.0640522875817	0.0901960784314	0.0849673202614	0.0509803921569	0.116339869281	0.112418300654	0.0679738562092	0.117647058824	0.0588235294118	0.0718954248366	0.0509803921569	0.0849673202614	0.125490196078	0.124183006536	0.0718954248366	0.108496732026	0.0535947712418	0.083660130719	0.083660130719	0.0627450980392	0.0705882352941
158499257-tonguedorsum2.snv.bam	0.120261437908	0.0967320261438	0.101960784314	0.103267973856	0.121568627451	0.112418300654	0.078431372549	0.0732026143791	0.0143790849673	0.0	0.107189542484	0.101960784314	0.0954248366013	0.105882352941	0.0980392156863	0.128104575163	0.100653594771	0.0954248366013	0.0993464052288	0.0718954248366	0.105882352941	0.0941176470588	0.121568627451	0.081045751634	0.115032679739	0.103267973856	0.104575163399	0.109803921569	0.0745098039216	0.100653594771	0.103267973856	0.0862745098039	0.147712418301	0.100653594771	0.125490196078	0.111111111111	0.146405228758	0.151633986928	0.126797385621	0.130718954248	0.117647058824	0.0993464052288	0.156862745098	0.155555555556	0.107189542484	0.083660130719	0.0901960784314	0.128104575163	0.128104575163	0.145098039216	0.147712418301	0.150326797386	0.0941176470588	0.105882352941	0.0640522875817	0.113725490196	0.103267973856	0.103267973856	0.0758169934641	0.113725490196	0.125490196078	0.117647058824	0.0954248366013	0.121568627451	0.117647058824	0.0797385620915	0.0732026143791	0.118954248366	0.100653594771	0.151633986928	0.0758169934641	0.149019607843	0.0758169934641	0.129411764706	0.105882352941	0.126797385621	0.0980392156863	0.081045751634	0.083660130719	0.132026143791	0.0823529411765	0.0823529411765	0.0679738562092	0.0653594771242	0.081045751634	0.0535947712418	0.105882352941	0.107189542484	0.0745098039216	0.105882352941	0.103267973856	0.111111111111	0.143790849673	0.0797385620915	0.101960784314	0.149019607843	0.160784313725	0.134640522876	0.151633986928	0.0797385620915	0.0980392156863	0.0771241830065	0.0901960784314	0.129411764706	0.107189542484	0.103267973856	0.134640522876	0.146405228758	0.132026143791	0.107189542484	0.0915032679739	0.115032679739	0.0901960784314	0.0679738562092	0.138562091503	0.132026143791	0.126797385621	0.118954248366	0.126797385621	0.113725490196	0.0745098039216	0.135947712418	0.0875816993464	0.0627450980392	0.111111111111	0.112418300654	0.145098039216	0.0771241830065	0.105882352941	0.0823529411765	0.0862745098039	0.108496732026	0.112418300654	0.117647058824	0.128104575163	0.0823529411765	0.149019607843	0.130718954248	0.0705882352941	0.0980392156863	0.0980392156863	0.0692810457516	0.135947712418	0.128104575163	0.078431372549	0.138562091503	0.0732026143791	0.0954248366013	0.0705882352941	0.111111111111	0.138562091503	0.143790849673	0.0993464052288	0.120261437908	0.0823529411765	0.100653594771	0.0980392156863	0.0692810457516	0.0901960784314
158802708-tonguedorsum1.snv.bam	0.0954248366013	0.0941176470588	0.0705882352941	0.0980392156863	0.0993464052288	0.113725490196	0.078431372549	0.0771241830065	0.0954248366013	0.107189542484	0.0	0.00261437908497	0.0849673202614	0.0967320261438	0.081045751634	0.0928104575163	0.107189542484	0.0993464052288	0.100653594771	0.0588235294118	0.115032679739	0.111111111111	0.120261437908	0.0653594771242	0.104575163399	0.116339869281	0.101960784314	0.100653594771	0.0732026143791	0.0954248366013	0.0718954248366	0.0562091503268	0.159477124183	0.083660130719	0.117647058824	0.128104575163	0.152941176471	0.156862745098	0.141176470588	0.108496732026	0.118954248366	0.108496732026	0.167320261438	0.167320261438	0.0980392156863	0.083660130719	0.0915032679739	0.112418300654	0.141176470588	0.156862745098	0.151633986928	0.155555555556	0.103267973856	0.120261437908	0.0692810457516	0.121568627451	0.132026143791	0.133333333333	0.0967320261438	0.122875816993	0.0967320261438	0.0993464052288	0.081045751634	0.112418300654	0.109803921569	0.0614379084967	0.0888888888889	0.112418300654	0.0954248366013	0.155555555556	0.0954248366013	0.151633986928	0.0745098039216	0.128104575163	0.122875816993	0.108496732026	0.0941176470588	0.0718954248366	0.0732026143791	0.128104575163	0.0954248366013	0.078431372549	0.0483660130719	0.0588235294118	0.0849673202614	0.0549019607843	0.0967320261438	0.109803921569	0.0928104575163	0.0718954248366	0.117647058824	0.0849673202614	0.149019607843	0.0601307189542	0.105882352941	0.156862745098	0.169934640523	0.101960784314	0.160784313725	0.0862745098039	0.0915032679739	0.0915032679739	0.0875816993464	0.113725490196	0.0758169934641	0.0745098039216	0.135947712418	0.162091503268	0.113725490196	0.0967320261438	0.0705882352941	0.101960784314	0.0732026143791	0.0614379084967	0.149019607843	0.135947712418	0.124183006536	0.113725490196	0.130718954248	0.0732026143791	0.0875816993464	0.135947712418	0.0928104575163	0.0549019607843	0.121568627451	0.117647058824	0.156862745098	0.0797385620915	0.0732026143791	0.0588235294118	0.0692810457516	0.117647058824	0.124183006536	0.109803921569	0.118954248366	0.0692810457516	0.159477124183	0.0849673202614	0.0509803921569	0.0849673202614	0.0901960784314	0.0653594771242	0.145098039216	0.139869281046	0.0928104575163	0.146405228758	0.0718954248366	0.100653594771	0.0849673202614	0.103267973856	0.145098039216	0.152941176471	0.0954248366013	0.104575163399	0.0797385620915	0.104575163399	0.0849673202614	0.0705882352941	0.0849673202614
158802708-tonguedorsum3.snv.bam	0.108496732026	0.104575163399	0.0823529411765	0.108496732026	0.0980392156863	0.115032679739	0.083660130719	0.0758169934641	0.0941176470588	0.101960784314	0.00261437908497	0.0	0.0928104575163	0.107189542484	0.0862745098039	0.112418300654	0.120261437908	0.111111111111	0.116339869281	0.0745098039216	0.117647058824	0.121568627451	0.125490196078	0.0705882352941	0.112418300654	0.111111111111	0.108496732026	0.109803921569	0.083660130719	0.0954248366013	0.083660130719	0.0718954248366	0.164705882353	0.0901960784314	0.116339869281	0.133333333333	0.156862745098	0.162091503268	0.142483660131	0.113725490196	0.126797385621	0.104575163399	0.172549019608	0.169934640523	0.111111111111	0.0941176470588	0.101960784314	0.112418300654	0.137254901961	0.155555555556	0.149019607843	0.154248366013	0.107189542484	0.122875816993	0.0705882352941	0.128104575163	0.137254901961	0.138562091503	0.100653594771	0.125490196078	0.108496732026	0.107189542484	0.0928104575163	0.115032679739	0.113725490196	0.0758169934641	0.0928104575163	0.122875816993	0.101960784314	0.156862745098	0.101960784314	0.159477124183	0.0823529411765	0.135947712418	0.126797385621	0.113725490196	0.101960784314	0.0823529411765	0.078431372549	0.129411764706	0.0993464052288	0.0875816993464	0.0588235294118	0.0679738562092	0.0915032679739	0.0562091503268	0.0967320261438	0.112418300654	0.0967320261438	0.0875816993464	0.107189542484	0.0993464052288	0.155555555556	0.0692810457516	0.105882352941	0.158169934641	0.175163398693	0.121568627451	0.16339869281	0.0888888888889	0.0967320261438	0.104575163399	0.0954248366013	0.118954248366	0.0941176470588	0.0875816993464	0.135947712418	0.16339869281	0.115032679739	0.0967320261438	0.0823529411765	0.116339869281	0.083660130719	0.0692810457516	0.154248366013	0.132026143791	0.121568627451	0.115032679739	0.138562091503	0.0901960784314	0.0928104575163	0.142483660131	0.0954248366013	0.0653594771242	0.121568627451	0.115032679739	0.16339869281	0.078431372549	0.0862745098039	0.0745098039216	0.0771241830065	0.118954248366	0.129411764706	0.111111111111	0.124183006536	0.0745098039216	0.16862745098	0.105882352941	0.0666666666667	0.0967320261438	0.0980392156863	0.0692810457516	0.150326797386	0.135947712418	0.105882352941	0.152941176471	0.0823529411765	0.0980392156863	0.0875816993464	0.107189542484	0.150326797386	0.156862745098	0.103267973856	0.103267973856	0.0862745098039	0.111111111111	0.0862745098039	0.083660130719	0.0941176470588
158883629-tonguedorsum1.snv.bam	0.109803921569	0.0718954248366	0.0928104575163	0.0862745098039	0.107189542484	0.104575163399	0.0522875816993	0.0339869281046	0.0823529411765	0.0954248366013	0.0849673202614	0.0928104575163	0.0	0.00915032679739	0.00915032679739	0.0980392156863	0.0901960784314	0.0771241830065	0.0771241830065	0.0640522875817	0.0928104575163	0.083660130719	0.101960784314	0.0732026143791	0.0862745098039	0.078431372549	0.0666666666667	0.0797385620915	0.0496732026144	0.0640522875817	0.0941176470588	0.0496732026144	0.124183006536	0.0705882352941	0.0993464052288	0.100653594771	0.121568627451	0.130718954248	0.121568627451	0.104575163399	0.130718954248	0.103267973856	0.135947712418	0.130718954248	0.0758169934641	0.0627450980392	0.0653594771242	0.103267973856	0.121568627451	0.137254901961	0.120261437908	0.125490196078	0.083660130719	0.108496732026	0.0535947712418	0.105882352941	0.116339869281	0.117647058824	0.083660130719	0.0967320261438	0.0875816993464	0.0575163398693	0.0771241830065	0.105882352941	0.100653594771	0.0483660130719	0.0575163398693	0.0797385620915	0.083660130719	0.126797385621	0.081045751634	0.118954248366	0.0653594771242	0.104575163399	0.0888888888889	0.083660130719	0.081045751634	0.0457516339869	0.0509803921569	0.0993464052288	0.0692810457516	0.0470588235294	0.0444444444444	0.0509803921569	0.0888888888889	0.0483660130719	0.0797385620915	0.0875816993464	0.0745098039216	0.0954248366013	0.0862745098039	0.0823529411765	0.111111111111	0.0392156862745	0.104575163399	0.138562091503	0.139869281046	0.116339869281	0.128104575163	0.0627450980392	0.0562091503268	0.0640522875817	0.0718954248366	0.112418300654	0.0823529411765	0.081045751634	0.0941176470588	0.118954248366	0.0928104575163	0.0692810457516	0.0640522875817	0.0915032679739	0.083660130719	0.0418300653595	0.116339869281	0.111111111111	0.116339869281	0.103267973856	0.107189542484	0.0941176470588	0.0718954248366	0.115032679739	0.0627450980392	0.040522875817	0.0901960784314	0.0888888888889	0.122875816993	0.0444444444444	0.0875816993464	0.0705882352941	0.0588235294118	0.0993464052288	0.0888888888889	0.124183006536	0.109803921569	0.0692810457516	0.124183006536	0.0888888888889	0.0614379084967	0.0718954248366	0.0679738562092	0.0535947712418	0.111111111111	0.0993464052288	0.0901960784314	0.111111111111	0.0535947712418	0.0771241830065	0.0549019607843	0.081045751634	0.116339869281	0.117647058824	0.0875816993464	0.0980392156863	0.043137254902	0.0705882352941	0.0758169934641	0.0588235294118	0.0549019607843
158883629-tonguedorsum2.snv.bam	0.121568627451	0.0954248366013	0.105882352941	0.0941176470588	0.118954248366	0.125490196078	0.078431372549	0.0549019607843	0.0967320261438	0.105882352941	0.0967320261438	0.107189542484	0.00915032679739	0.0	0.00261437908497	0.109803921569	0.0915032679739	0.0849673202614	0.0823529411765	0.078431372549	0.118954248366	0.0993464052288	0.122875816993	0.0993464052288	0.0915032679739	0.0941176470588	0.083660130719	0.0993464052288	0.0705882352941	0.0980392156863	0.107189542484	0.0666666666667	0.145098039216	0.0928104575163	0.118954248366	0.124183006536	0.142483660131	0.146405228758	0.126797385621	0.128104575163	0.151633986928	0.113725490196	0.152941176471	0.152941176471	0.0993464052288	0.0797385620915	0.0862745098039	0.115032679739	0.137254901961	0.156862745098	0.141176470588	0.145098039216	0.120261437908	0.139869281046	0.0771241830065	0.118954248366	0.132026143791	0.133333333333	0.101960784314	0.126797385621	0.0915032679739	0.0718954248366	0.083660130719	0.116339869281	0.115032679739	0.0745098039216	0.083660130719	0.083660130719	0.109803921569	0.142483660131	0.0888888888889	0.137254901961	0.083660130719	0.120261437908	0.125490196078	0.0954248366013	0.0915032679739	0.0627450980392	0.0653594771242	0.118954248366	0.0849673202614	0.0745098039216	0.0666666666667	0.0705882352941	0.104575163399	0.0679738562092	0.0954248366013	0.105882352941	0.104575163399	0.0993464052288	0.112418300654	0.0967320261438	0.128104575163	0.0575163398693	0.120261437908	0.147712418301	0.155555555556	0.130718954248	0.146405228758	0.083660130719	0.0718954248366	0.0915032679739	0.0862745098039	0.116339869281	0.0928104575163	0.0954248366013	0.121568627451	0.139869281046	0.0928104575163	0.0732026143791	0.0758169934641	0.108496732026	0.108496732026	0.0640522875817	0.134640522876	0.137254901961	0.130718954248	0.120261437908	0.125490196078	0.113725490196	0.0875816993464	0.129411764706	0.0875816993464	0.0627450980392	0.120261437908	0.118954248366	0.142483660131	0.0627450980392	0.111111111111	0.0771241830065	0.0666666666667	0.113725490196	0.115032679739	0.138562091503	0.126797385621	0.0954248366013	0.141176470588	0.0901960784314	0.0862745098039	0.0941176470588	0.0915032679739	0.0692810457516	0.126797385621	0.115032679739	0.0980392156863	0.130718954248	0.0614379084967	0.101960784314	0.0849673202614	0.101960784314	0.133333333333	0.138562091503	0.0993464052288	0.112418300654	0.0549019607843	0.0980392156863	0.104575163399	0.0718954248366	0.0718954248366
