	DLM010.snv.bam	DLM013.snv.bam	ED19A.snv.bam	HT25A.snv.bam	M2.4-V2.metaG.snv.bam	MH0204.snv.bam	MH0277.snv.bam	MMRS35808664ST-27-0-0.snv.bam	MMRS47662059ST-27-0-0.snv.bam	MMRS92544445ST-27-0-0.snv.bam	N005A.snv.bam	N022A.snv.bam	N026A.snv.bam	N083A.snv.bam	SAMEA3136668.snv.bam	SAMEA3136702.snv.bam	SAMEA3136765.snv.bam	SZEY-22A.snv.bam	SZEY-69A.snv.bam	SZEY-73A.snv.bam	SZEY-81A.snv.bam	SZEY-95A.snv.bam	T2D-127A.snv.bam	T2D-135A.snv.bam	T2D-177A.snv.bam	T2D-192A.snv.bam	T2D-20A.snv.bam	T2D-42A.snv.bam	T2D-45A.snv.bam	T2D-46A.snv.bam	T2D-57A.snv.bam	T2D-62A.snv.bam	T2D-6A.snv.bam	T2D-77A.snv.bam	V1.CD3-0-PT.snv.bam
DLM010.snv.bam	0.0	0.0914268018425	0.094418953738	0.0825513563575	0.0950103576432	0.0939411003737	0.0982355438534	0.0889307671158	0.101898249837	0.0824353096754	0.092835454461	0.0920907836293	0.0913643301184	0.00310096023501	0.0888200830639	0.0787566628685	0.0740770872458	0.0918442208048	0.0884327064409	0.0872737236198	0.129227211992	0.0822228342937	0.0994087923463	0.0885432688983	0.107027931671	0.096731724428	0.0711833920322	0.0900650950863	0.115500758906	0.109187988051	0.0898694312847	0.0864090292473	0.0886035592221	0.117745824418	0.0826835897696
DLM013.snv.bam	0.0914268018425	0.0	0.0885566941618	0.0766829645043	0.0968120048908	0.0895426147729	0.102038946134	0.083938359693	0.0845624067241	0.0894831162513	0.0822136327919	0.0807350113212	0.0826536346052	0.08576585058	0.0887462810887	0.0807331817808	0.0911085603867	0.0805310736095	0.0728047888496	0.080472200223	0.10722304787	0.0892728876056	0.0913292096898	0.0868338278815	0.0939911689961	0.0924700732114	0.0794718175025	0.0839463757532	0.0991186717831	0.11541265198	0.0780107792282	0.075463965199	0.0895047829372	0.10938222465	0.0873442203314
ED19A.snv.bam	0.094418953738	0.0885566941618	0.0	0.0737269443087	0.100646896897	0.0905717325542	0.0928667276096	0.0736837632687	0.0839903969371	0.0884529397034	0.0795452148954	0.0804928834702	0.0820536406611	0.0886558239661	0.0923933169723	0.0878001346341	0.0908210043163	0.0865283011659	0.0778781491923	0.0746286354059	0.122031282303	0.0900517597824	0.0959318679115	0.0880597077623	0.100402323658	0.0784771100513	0.0800571797791	0.0860816707082	0.0872316398113	0.111566773096	0.0870078027812	0.0857170147528	0.0763359653498	0.103078070462	0.0786427817277
HT25A.snv.bam	0.0825513563575	0.0766829645043	0.0737269443087	0.0	0.0879160749097	0.0808107135341	0.0934324628858	0.0717178315253	0.0776515549031	0.0726973844049	0.0614715656593	0.0720251146433	0.0728670088906	0.0764052534574	0.0866327321822	0.0758353732535	0.0819669493503	0.0868290058057	0.0791289568972	0.0605050255171	0.109197398303	0.0683794386296	0.0835519527645	0.0776983781336	0.0926608585266	0.0651166348334	0.0728685959209	0.0690922311776	0.0764068377852	0.0981877685964	0.0861609192863	0.0712174112468	0.0704525307445	0.0935149454322	0.0693146092164
M2.4-V2.metaG.snv.bam	0.0950103576432	0.0968120048908	0.100646896897	0.0879160749097	0.0	0.0983548695145	0.0958785705766	0.0899778898778	0.104643325035	0.0963526277392	0.097415918684	0.0890903386478	0.0898612214273	0.0871846362294	0.111131620368	0.0754770046996	0.0978166203239	0.0767807696356	0.0807249871462	0.0861484657348	0.129093591421	0.0956373580923	0.109021845481	0.10489723737	0.0830212130502	0.102047444662	0.0982460180148	0.0810494047053	0.110272947781	0.117765769664	0.0793799290932	0.0772790636891	0.0940789387687	0.122201345783	0.0906283845382
MH0204.snv.bam	0.0939411003737	0.0895426147729	0.0905717325542	0.0808107135341	0.0983548695145	0.0	0.0991996897557	0.0833902567444	0.0894092792978	0.0897325384909	0.0930391516565	0.0919092009692	0.0931777262154	0.087569501884	0.0865935005493	0.0908846539746	0.103969286686	0.0799071306707	0.0757722138241	0.0883467137367	0.117803351564	0.0889936935308	0.0917204913309	0.0920961855861	0.0928483605405	0.0944605508744	0.0856469738145	0.0960186277636	0.109384858185	0.118547377365	0.0785069075982	0.087734657325	0.0918534091157	0.121503392118	0.0897193359461
MH0277.snv.bam	0.0982355438534	0.102038946134	0.0928667276096	0.0934324628858	0.0958785705766	0.0991996897557	0.0	0.0897211157824	0.0963789781137	0.101775335781	0.101233446334	0.0846155778057	0.0839332279924	0.0969906162467	0.101389676939	0.0994484605632	0.110656110464	0.0892645390397	0.0971547421001	0.0950667753148	0.142150188255	0.0948370162378	0.0841189099039	0.100587201387	0.121121341191	0.105920878833	0.0900345673828	0.10377430136	0.114228485467	0.126330186896	0.0922119010703	0.0909480698868	0.084118960862	0.131335190095	0.099023444989
MMRS35808664ST-27-0-0.snv.bam	0.0889307671158	0.083938359693	0.0736837632687	0.0717178315253	0.0899778898778	0.0833902567444	0.0897211157824	0.0	0.0804386911114	0.0792362715574	0.0745794823671	0.0788787458305	0.0801121335221	0.0819308094205	0.0811815157695	0.0810492724704	0.0841166761165	0.0874041873946	0.07488446933	0.0684120624356	0.119097780968	0.0805816125675	0.0960985612903	0.0866744697651	0.093159016074	0.0766985304291	0.0802075990004	0.0766941012264	0.0904460263257	0.107578948968	0.0856826594918	0.0803079756936	0.0731791012238	0.0988945830977	0.0753616068982
MMRS47662059ST-27-0-0.snv.bam	0.101898249837	0.0845624067241	0.0839903969371	0.0776515549031	0.104643325035	0.0894092792978	0.0963789781137	0.0804386911114	0.0	0.0856373789994	0.0944983082377	0.0768063323159	0.0768354500281	0.0939888311688	0.0797977004435	0.0776032534226	0.0980855487228	0.0928252043016	0.0816268489569	0.0935292241667	0.12438329942	0.0858566353682	0.0977581832611	0.0940126391152	0.0907237922632	0.0988527201152	0.0901856713608	0.0919398966209	0.107046842574	0.119647371385	0.0938785061726	0.0847335330183	0.0845873081912	0.120127364562	0.087717101799
MMRS92544445ST-27-0-0.snv.bam	0.0824353096754	0.0894831162513	0.0884529397034	0.0726973844049	0.0963526277392	0.0897325384909	0.101775335781	0.0792362715574	0.0856373789994	0.0	0.0816763303817	0.0912127859386	0.0925551240848	0.0760287763654	0.0881572644097	0.0808586181275	0.0899919224589	0.0995528310496	0.0771487141793	0.0787629498423	0.12831165922	0.0810089524486	0.094410903859	0.0844310899866	0.106738191212	0.0828448610086	0.0809007234355	0.085311016332	0.0934023284785	0.104776846889	0.0967509408489	0.0862388944869	0.0843426156137	0.106791791193	0.0870861283622
N005A.snv.bam	0.092835454461	0.0822136327919	0.0795452148954	0.0614715656593	0.097415918684	0.0930391516565	0.101233446334	0.0745794823671	0.0944983082377	0.0816763303817	0.0	0.0824885078556	0.0843998710038	0.0862117389922	0.0957446488949	0.0819938991561	0.0809429127784	0.0943451535583	0.084954312492	0.0543440326881	0.118092532277	0.0811157899752	0.0872301727929	0.0870444467605	0.102631249624	0.0547827527698	0.072139700838	0.071748330501	0.0667500972555	0.0940819040891	0.0928444572333	0.0767321039877	0.0789748709992	0.0829941715369	0.0760107808804
N022A.snv.bam	0.0920907836293	0.0807350113212	0.0804928834702	0.0720251146433	0.0890903386478	0.0919092009692	0.0846155778057	0.0788787458305	0.0768063323159	0.0912127859386	0.0824885078556	0.0	0.008961777956	0.0849329164078	0.0863087305519	0.0903947324239	0.0978835536988	0.0866020965229	0.0879822277803	0.0784848405616	0.12068247421	0.0928164529674	0.0810829308214	0.0864573264107	0.0962691337033	0.0840853524964	0.0749544650146	0.0772135298927	0.0889217575831	0.111490294811	0.0872574705638	0.076001238084	0.0813527871359	0.10544933119	0.0799797408401
N026A.snv.bam	0.0913643301184	0.0826536346052	0.0820536406611	0.0728670088906	0.0898612214273	0.0931777262154	0.0839332279924	0.0801121335221	0.0768354500281	0.0925551240848	0.0843998710038	0.008961777956	0.0	0.0839969092889	0.086975318349	0.0916219506504	0.0991329552397	0.0870352043679	0.0890726693054	0.0804149714955	0.122225674424	0.0932405739358	0.0829665051532	0.0871318127032	0.0968056056343	0.0855228990892	0.074542433758	0.0785050741169	0.0903521467427	0.110837815685	0.0882212657123	0.0774090145149	0.0814197013885	0.105961742138	0.0812489610907
N083A.snv.bam	0.00310096023501	0.08576585058	0.0886558239661	0.0764052534574	0.0871846362294	0.087569501884	0.0969906162467	0.0819308094205	0.0939888311688	0.0760287763654	0.0862117389922	0.0849329164078	0.0839969092889	0.0	0.0829774760512	0.0707128695707	0.067778012172	0.084579894355	0.080254326789	0.0813044105757	0.121698306541	0.0769866131041	0.0972568828514	0.0830205115049	0.0985031113587	0.0903700498891	0.0657924353416	0.0837038127453	0.108820316281	0.103800366833	0.0822625688297	0.0792418702406	0.083695340877	0.11099871161	0.0768670878644
SAMEA3136668.snv.bam	0.0888200830639	0.0887462810887	0.0923933169723	0.0866327321822	0.111131620368	0.0865935005493	0.101389676939	0.0811815157695	0.0797977004435	0.0881572644097	0.0957446488949	0.0863087305519	0.086975318349	0.0829774760512	0.0	0.086210204313	0.0959353139245	0.0932164473262	0.0829173759423	0.0927284538491	0.125915151213	0.0961349593645	0.10558263921	0.0819396222377	0.107855043715	0.0987840825533	0.0908958408454	0.0978669639872	0.114715786629	0.121022393026	0.0936993483248	0.0888532323587	0.0864988071697	0.119642424647	0.0858856252061
SAMEA3136702.snv.bam	0.0787566628685	0.0807331817808	0.0878001346341	0.0758353732535	0.0754770046996	0.0908846539746	0.0994484605632	0.0810492724704	0.0776032534226	0.0808586181275	0.0819938991561	0.0903947324239	0.0916219506504	0.0707128695707	0.086210204313	0.0	0.0451397944959	0.074715288914	0.0626842484891	0.074974964808	0.109241393787	0.0650719729525	0.0948186106687	0.0889133306624	0.080648249457	0.0860161180282	0.0832821922038	0.0786584890939	0.10037931897	0.107711066212	0.0719931862419	0.0629904585511	0.0792271226069	0.104221609824	0.0766626564078
SAMEA3136765.snv.bam	0.0740770872458	0.0911085603867	0.0908210043163	0.0819669493503	0.0978166203239	0.103969286686	0.110656110464	0.0841166761165	0.0980855487228	0.0899919224589	0.0809429127784	0.0978835536988	0.0991329552397	0.067778012172	0.0959353139245	0.0451397944959	0.0	0.0931147457537	0.0850739733808	0.0729571252117	0.0979566154785	0.0847267737905	0.102914725171	0.0926475881944	0.104112969389	0.0836250311477	0.0804556725305	0.0873983809795	0.0938923675319	0.106097017128	0.0897854978781	0.0797012779046	0.0915521539649	0.0847625651409	0.0825763348569
SZEY-22A.snv.bam	0.0918442208048	0.0805310736095	0.0865283011659	0.0868290058057	0.0767807696356	0.0799071306707	0.0892645390397	0.0874041873946	0.0928252043016	0.0995528310496	0.0943451535583	0.0866020965229	0.0870352043679	0.084579894355	0.0932164473262	0.074715288914	0.0931147457537	0.0	0.0902185792622	0.0872130611143	0.12349010873	0.085525462791	0.103553684608	0.100031769297	0.048438470642	0.0959752856883	0.0883419752163	0.0969547533664	0.106648558129	0.11370566859	0.00448654648479	0.0694840020066	0.0880880589283	0.115802772628	0.0828050204572
SZEY-69A.snv.bam	0.0884327064409	0.0728047888496	0.0778781491923	0.0791289568972	0.0807249871462	0.0757722138241	0.0971547421001	0.07488446933	0.0816268489569	0.0771487141793	0.084954312492	0.0879822277803	0.0890726693054	0.080254326789	0.0829173759423	0.0626842484891	0.0850739733808	0.0902185792622	0.0	0.0799918228399	0.121316651758	0.0773523195004	0.0936607970234	0.081786380264	0.098307594167	0.0923460417574	0.081446236289	0.0806140431505	0.102393136639	0.109310397244	0.0896247914292	0.0795592138389	0.0741006584673	0.110103620081	0.0875044590432
SZEY-73A.snv.bam	0.0872737236198	0.080472200223	0.0746286354059	0.0605050255171	0.0861484657348	0.0883467137367	0.0950667753148	0.0684120624356	0.0935292241667	0.0787629498423	0.0543440326881	0.0784848405616	0.0804149714955	0.0813044105757	0.0927284538491	0.074974964808	0.0729571252117	0.0872130611143	0.0799918228399	0.0	0.111624679725	0.0749794019349	0.0827046679706	0.0848588704353	0.0992436810174	0.0593366294374	0.0667739908904	0.0687139290002	0.0722045662682	0.0981574558266	0.0856233164589	0.0741539173226	0.0774927794397	0.0825036895003	0.0654714668887
SZEY-81A.snv.bam	0.129227211992	0.10722304787	0.122031282303	0.109197398303	0.129093591421	0.117803351564	0.142150188255	0.119097780968	0.12438329942	0.12831165922	0.118092532277	0.12068247421	0.122225674424	0.121698306541	0.125915151213	0.109241393787	0.0979566154785	0.12349010873	0.121316651758	0.111624679725	0.0	0.12313258053	0.136533090863	0.129011259082	0.123633718335	0.114389018431	0.125176324425	0.110575310658	0.120539869278	0.138492480119	0.121553364193	0.113256768578	0.124871022459	0.0982366937389	0.119314097232
SZEY-95A.snv.bam	0.0822228342937	0.0892728876056	0.0900517597824	0.0683794386296	0.0956373580923	0.0889936935308	0.0948370162378	0.0805816125675	0.0858566353682	0.0810089524486	0.0811157899752	0.0928164529674	0.0932405739358	0.0769866131041	0.0961349593645	0.0650719729525	0.0847267737905	0.085525462791	0.0773523195004	0.0749794019349	0.12313258053	0.0	0.0924475862646	0.0851397726097	0.0974044074719	0.084785633164	0.0823559089368	0.0838236107526	0.0986140623727	0.117464782222	0.084085115778	0.0744692457779	0.0828604300908	0.107460783566	0.0872641454684
T2D-127A.snv.bam	0.0994087923463	0.0913292096898	0.0959318679115	0.0835519527645	0.109021845481	0.0917204913309	0.0841189099039	0.0960985612903	0.0977581832611	0.094410903859	0.0872301727929	0.0810829308214	0.0829665051532	0.0972568828514	0.10558263921	0.0948186106687	0.102914725171	0.103553684608	0.0936607970234	0.0827046679706	0.136533090863	0.0924475862646	0.0	0.0850632610918	0.12403914325	0.0919051945249	0.0521871052712	0.100590203013	0.0952442887195	0.116678605772	0.101940773579	0.0891499301848	0.0852592017089	0.118250621718	0.0983524957739
T2D-135A.snv.bam	0.0885432688983	0.0868338278815	0.0880597077623	0.0776983781336	0.10489723737	0.0920961855861	0.100587201387	0.0866744697651	0.0940126391152	0.0844310899866	0.0870444467605	0.0864573264107	0.0871318127032	0.0830205115049	0.0819396222377	0.0889133306624	0.0926475881944	0.100031769297	0.081786380264	0.0848588704353	0.129011259082	0.0851397726097	0.0850632610918	0.0	0.113301348491	0.0887039116857	0.0828953519694	0.0946115650451	0.098067138366	0.123983293794	0.100279845681	0.0791412032514	0.0838136426593	0.112781802257	0.0857008234262
T2D-177A.snv.bam	0.107027931671	0.0939911689961	0.100402323658	0.0926608585266	0.0830212130502	0.0928483605405	0.121121341191	0.093159016074	0.0907237922632	0.106738191212	0.102631249624	0.0962691337033	0.0968056056343	0.0985031113587	0.107855043715	0.080648249457	0.104112969389	0.048438470642	0.098307594167	0.0992436810174	0.123633718335	0.0974044074719	0.12403914325	0.113301348491	0.0	0.107923178936	0.110559830114	0.0985446415385	0.119895557528	0.128264517752	0.0516721052977	0.0850626911932	0.10083399245	0.129797806733	0.096033656219
T2D-192A.snv.bam	0.096731724428	0.0924700732114	0.0784771100513	0.0651166348334	0.102047444662	0.0944605508744	0.105920878833	0.0766985304291	0.0988527201152	0.0828448610086	0.0547827527698	0.0840853524964	0.0855228990892	0.0903700498891	0.0987840825533	0.0860161180282	0.0836250311477	0.0959752856883	0.0923460417574	0.0593366294374	0.114389018431	0.084785633164	0.0919051945249	0.0887039116857	0.107923178936	0.0	0.0753737322607	0.0723416043996	0.0595640615937	0.0889282563487	0.0939696457005	0.0847091079871	0.0833096607276	0.0715589615491	0.0808644416022
T2D-20A.snv.bam	0.0711833920322	0.0794718175025	0.0800571797791	0.0728685959209	0.0982460180148	0.0856469738145	0.0900345673828	0.0802075990004	0.0901856713608	0.0809007234355	0.072139700838	0.0749544650146	0.074542433758	0.0657924353416	0.0908958408454	0.0832821922038	0.0804556725305	0.0883419752163	0.081446236289	0.0667739908904	0.125176324425	0.0823559089368	0.0521871052712	0.0828953519694	0.110559830114	0.0753737322607	0.0	0.0790716306512	0.0881945216339	0.105653082822	0.086137165045	0.0840574494494	0.0798285879968	0.098589530763	0.0743860455081
T2D-42A.snv.bam	0.0900650950863	0.0839463757532	0.0860816707082	0.0690922311776	0.0810494047053	0.0960186277636	0.10377430136	0.0766941012264	0.0919398966209	0.085311016332	0.071748330501	0.0772135298927	0.0785050741169	0.0837038127453	0.0978669639872	0.0786584890939	0.0873983809795	0.0969547533664	0.0806140431505	0.0687139290002	0.110575310658	0.0838236107526	0.100590203013	0.0946115650451	0.0985446415385	0.0723416043996	0.0790716306512	0.0	0.0890346235859	0.110093953251	0.0961493327766	0.0848838634245	0.0874933549746	0.0875891192745	0.0707061454776
T2D-45A.snv.bam	0.115500758906	0.0991186717831	0.0872316398113	0.0764068377852	0.110272947781	0.109384858185	0.114228485467	0.0904460263257	0.107046842574	0.0934023284785	0.0667500972555	0.0889217575831	0.0903521467427	0.108820316281	0.114715786629	0.10037931897	0.0938923675319	0.106648558129	0.102393136639	0.0722045662682	0.120539869278	0.0986140623727	0.0952442887195	0.098067138366	0.119895557528	0.0595640615937	0.0881945216339	0.0890346235859	0.0	0.0914602617036	0.105199820486	0.0935068207101	0.0929907200671	0.0821661227301	0.0927183308705
T2D-46A.snv.bam	0.109187988051	0.11541265198	0.111566773096	0.0981877685964	0.117765769664	0.118547377365	0.126330186896	0.107578948968	0.119647371385	0.104776846889	0.0940819040891	0.111490294811	0.110837815685	0.103800366833	0.121022393026	0.107711066212	0.106097017128	0.11370566859	0.109310397244	0.0981574558266	0.138492480119	0.117464782222	0.116678605772	0.123983293794	0.128264517752	0.0889282563487	0.105653082822	0.110093953251	0.0914602617036	0.0	0.112924879879	0.103394145959	0.1078550552	0.116471984238	0.109884980721
T2D-57A.snv.bam	0.0898694312847	0.0780107792282	0.0870078027812	0.0861609192863	0.0793799290932	0.0785069075982	0.0922119010703	0.0856826594918	0.0938785061726	0.0967509408489	0.0928444572333	0.0872574705638	0.0882212657123	0.0822625688297	0.0936993483248	0.0719931862419	0.0897854978781	0.00448654648479	0.0896247914292	0.0856233164589	0.121553364193	0.084085115778	0.101940773579	0.100279845681	0.0516721052977	0.0939696457005	0.086137165045	0.0961493327766	0.105199820486	0.112924879879	0.0	0.0688158604119	0.0887298653023	0.113474188898	0.0804276090577
T2D-62A.snv.bam	0.0864090292473	0.075463965199	0.0857170147528	0.0712174112468	0.0772790636891	0.087734657325	0.0909480698868	0.0803079756936	0.0847335330183	0.0862388944869	0.0767321039877	0.076001238084	0.0774090145149	0.0792418702406	0.0888532323587	0.0629904585511	0.0797012779046	0.0694840020066	0.0795592138389	0.0741539173226	0.113256768578	0.0744692457779	0.0891499301848	0.0791412032514	0.0850626911932	0.0847091079871	0.0840574494494	0.0848838634245	0.0935068207101	0.103394145959	0.0688158604119	0.0	0.0789130108998	0.108036844599	0.0764807712919
T2D-6A.snv.bam	0.0886035592221	0.0895047829372	0.0763359653498	0.0704525307445	0.0940789387687	0.0918534091157	0.084118960862	0.0731791012238	0.0845873081912	0.0843426156137	0.0789748709992	0.0813527871359	0.0814197013885	0.083695340877	0.0864988071697	0.0792271226069	0.0915521539649	0.0880880589283	0.0741006584673	0.0774927794397	0.124871022459	0.0828604300908	0.0852592017089	0.0838136426593	0.10083399245	0.0833096607276	0.0798285879968	0.0874933549746	0.0929907200671	0.1078550552	0.0887298653023	0.0789130108998	0.0	0.105796774363	0.086351052831
T2D-77A.snv.bam	0.117745824418	0.10938222465	0.103078070462	0.0935149454322	0.122201345783	0.121503392118	0.131335190095	0.0988945830977	0.120127364562	0.106791791193	0.0829941715369	0.10544933119	0.105961742138	0.11099871161	0.119642424647	0.104221609824	0.0847625651409	0.115802772628	0.110103620081	0.0825036895003	0.0982366937389	0.107460783566	0.118250621718	0.112781802257	0.129797806733	0.0715589615491	0.098589530763	0.0875891192745	0.0821661227301	0.116471984238	0.113474188898	0.108036844599	0.105796774363	0.0	0.100413522278
V1.CD3-0-PT.snv.bam	0.0826835897696	0.0873442203314	0.0786427817277	0.0693146092164	0.0906283845382	0.0897193359461	0.099023444989	0.0753616068982	0.087717101799	0.0870861283622	0.0760107808804	0.0799797408401	0.0812489610907	0.0768670878644	0.0858856252061	0.0766626564078	0.0825763348569	0.0828050204572	0.0875044590432	0.0654714668887	0.119314097232	0.0872641454684	0.0983524957739	0.0857008234262	0.096033656219	0.0808644416022	0.0743860455081	0.0707061454776	0.0927183308705	0.109884980721	0.0804276090577	0.0764807712919	0.086351052831	0.100413522278	0.0
