	158458797-posteriorfornix1.snv.bam	159005010-posteriorfornix2.snv.bam	159227541-posteriorfornix2.snv.bam	159227541-posteriorfornix3.snv.bam	160319967-posteriorfornix2.snv.bam	246515023-posteriorfornix1.snv.bam	246515023-posteriorfornix2.snv.bam	338793263-posteriorfornix1.snv.bam	338793263-posteriorfornix2.snv.bam	375450439-posteriorfornix3.snv.bam	375450439-vaginalintroitus3.snv.bam	508703490-posteriorfornix1.snv.bam	508703490-posteriorfornix2.snv.bam	638754422-posteriorfornix2.snv.bam	663835652-posteriorfornix3.snv.bam	675950834-posteriorfornix2.snv.bam	706846339-posteriorfornix1.snv.bam	763820215-posteriorfornix1.snv.bam	763820215-posteriorfornix2.snv.bam	764143897-posteriorfornix1.snv.bam	764143897-posteriorfornix2.snv.bam	764588959-anteriornares1.snv.bam	764588959-posteriorfornix1.snv.bam	764649650-posteriorfornix2.snv.bam	764811490-posteriorfornix1.snv.bam	764811490-posteriorfornix2.snv.bam	765013792-posteriorfornix3.snv.bam	765195863-posteriorfornix3.snv.bam	765377934-posteriorfornix3.snv.bam	809635352-posteriorfornix2.snv.bam	857980665-posteriorfornix2.snv.bam	857980665-posteriorfornix3.snv.bam
158458797-posteriorfornix1.snv.bam	0.0	0.251586415787	0.226398104006	0.274597800458	0.341618034693	0.289434348629	0.22868882749	0.252007813549	0.24747430832	0.297370077885	0.297281933203	0.216249739894	0.222676931131	0.272888557904	0.30446842733	0.19331199125	0.256534655636	0.376125741416	0.376280550975	0.275664454358	0.27749171992	0.301552794626	0.272029205036	0.342079017863	0.25422769404	0.157852370043	0.269284418365	0.248858775261	0.277727312669	0.158810800722	0.341022482992	0.36552957388
159005010-posteriorfornix2.snv.bam	0.251586415787	0.0	0.260679009871	0.254541480384	0.308883976126	0.292874564519	0.263383204233	0.23543720248	0.228014161903	0.28364978903	0.283597840763	0.208388028952	0.2177928111	0.300771208226	0.331593598919	0.214734122334	0.281704413031	0.3501496483	0.347752743347	0.215559352224	0.215704969149	0.380033643892	0.346648044693	0.294486745629	0.279416377839	0.223140495868	0.254426574421	0.286802543145	0.292453516666	0.212588605961	0.272479564033	0.304347826087
159227541-posteriorfornix2.snv.bam	0.226398104006	0.260679009871	0.0	0.265601175664	0.353915494903	0.270063691509	0.292243796482	0.236024832354	0.232484832384	0.308914215824	0.308794148672	0.254812981007	0.261061109759	0.332394794539	0.334472249079	0.233219828185	0.197678393447	0.388778197163	0.391200569403	0.314634944869	0.316593993453	0.361890172095	0.335811040422	0.362061648419	0.287052932591	0.211472760436	0.276310667352	0.277601362576	0.311421820545	0.233297783723	0.355233477798	0.377858016211
159227541-posteriorfornix3.snv.bam	0.274597800458	0.254541480384	0.265601175664	0.0	0.396669111131	0.261693189499	0.225137043805	0.299544469108	0.297354493895	0.205150296292	0.205098997378	0.246200831561	0.252487562332	0.289296288234	0.299905522843	0.224305985349	0.30867641835	0.268309202156	0.268221275942	0.244131648187	0.246125910752	0.363525065581	0.350504799901	0.300867743428	0.288279086227	0.227120251384	0.257436217482	0.315836737019	0.303848759637	0.254996569648	0.223769411995	0.242470838005
160319967-posteriorfornix2.snv.bam	0.341618034693	0.308883976126	0.353915494903	0.396669111131	0.0	0.346897649849	0.351519478997	0.390848097859	0.385347562152	0.403409673835	0.403358882832	0.326440239867	0.331577146986	0.279069486227	0.395767844108	0.336749304332	0.333361178991	0.456654266029	0.459122212642	0.348570308339	0.347825635967	0.342291984859	0.328021724636	0.332600838119	0.433932992582	0.323256221357	0.361655649945	0.374662342639	0.291302836725	0.309287160978	0.402541077314	0.424921942522
246515023-posteriorfornix1.snv.bam	0.289434348629	0.292874564519	0.270063691509	0.261693189499	0.346897649849	0.0	0.164743554279	0.290205185581	0.277714779826	0.323890525313	0.323772835728	0.261832972253	0.272679553137	0.269489709938	0.277677074125	0.249205147673	0.354247709486	0.359041975361	0.356643543416	0.306663281273	0.308316357525	0.322095471905	0.302000483673	0.277258357096	0.323481953545	0.255154438661	0.254241484932	0.338071024436	0.294114477022	0.266308251438	0.277473393849	0.301459725615
246515023-posteriorfornix2.snv.bam	0.22868882749	0.263383204233	0.292243796482	0.225137043805	0.351519478997	0.164743554279	0.0	0.286444875199	0.276217550768	0.273591212657	0.273540671855	0.217710393548	0.226618567191	0.217547810732	0.330045802625	0.202836933578	0.326730482753	0.251906674516	0.249418255306	0.206132544297	0.207976007677	0.308438588802	0.279671533404	0.227318872715	0.360390691831	0.235976204538	0.220978122628	0.276510564426	0.301860237965	0.238907803352	0.214950572074	0.246359118587
338793263-posteriorfornix1.snv.bam	0.252007813549	0.23543720248	0.236024832354	0.299544469108	0.390848097859	0.290205185581	0.286444875199	0.0	0.0368193056657	0.25274320659	0.252582967386	0.244988352761	0.249403100524	0.33181368041	0.304047651692	0.278078655264	0.200016498059	0.338486518014	0.335941534779	0.268214027319	0.269933504013	0.360786195711	0.329701573854	0.363274380201	0.296318886538	0.226560319083	0.28508182426	0.27662210438	0.253995407159	0.294767361337	0.261803212277	0.279298186316
338793263-posteriorfornix2.snv.bam	0.24747430832	0.228014161903	0.232484832384	0.297354493895	0.385347562152	0.277714779826	0.276217550768	0.0368193056657	0.0	0.256899808185	0.256743942756	0.238650167013	0.244900086566	0.324449996268	0.296886421002	0.273429898193	0.219269078274	0.371191235278	0.368842362317	0.264002732591	0.26363820666	0.361281735516	0.333164423332	0.371669913734	0.282903302978	0.222151435684	0.296899981079	0.270836424515	0.261196442981	0.292719516096	0.296914990485	0.314401519903
375450439-posteriorfornix3.snv.bam	0.297370077885	0.28364978903	0.308914215824	0.205150296292	0.403409673835	0.323890525313	0.273591212657	0.25274320659	0.256899808185	0.0	0.000154713714203	0.242655141844	0.248904503722	0.332604166667	0.317895523853	0.305831838471	0.301661493743	0.276694468367	0.279119762759	0.144028739592	0.146347412841	0.405426670993	0.383537137681	0.350788751715	0.328323966022	0.295017873101	0.247936035949	0.289026826953	0.319462920615	0.320264013029	0.20965959328	0.22149668325
375450439-vaginalintroitus3.snv.bam	0.297281933203	0.283597840763	0.308794148672	0.205098997378	0.403358882832	0.323772835728	0.273540671855	0.252582967386	0.256743942756	0.000154713714203	0.0	0.242565674992	0.24881635904	0.332514699814	0.317740810139	0.305779492641	0.301571577309	0.276643802774	0.279069097165	0.143977948589	0.146296747247	0.405337649249	0.383439891103	0.350738086121	0.328235603699	0.294921930096	0.248053145782	0.288938464629	0.31934523103	0.320213472228	0.209605164725	0.221445639555
508703490-posteriorfornix1.snv.bam	0.216249739894	0.208388028952	0.254812981007	0.246200831561	0.326440239867	0.261832972253	0.217710393548	0.244988352761	0.238650167013	0.242655141844	0.242565674992	0.0	0.000227759117208	0.263450489272	0.2652171482	0.211613383516	0.234795913046	0.360977862777	0.363516394443	0.221630370329	0.223723882982	0.335949827445	0.301002605697	0.33857323569	0.275666029999	0.187444592199	0.248247023206	0.24313876215	0.29904467436	0.204908898848	0.269711437365	0.295613493087
508703490-posteriorfornix2.snv.bam	0.222676931131	0.2177928111	0.261061109759	0.252487562332	0.331577146986	0.272679553137	0.226618567191	0.249403100524	0.244900086566	0.248904503722	0.24881635904	0.000227759117208	0.0	0.270033904611	0.270993579692	0.212996820467	0.238813488009	0.362886488989	0.365377251725	0.230563716008	0.232604156014	0.3407993751	0.306870001045	0.348211028657	0.281441772205	0.193083710125	0.255384614668	0.246963299781	0.306857423211	0.209315192489	0.275855938537	0.300989275693
638754422-posteriorfornix2.snv.bam	0.272888557904	0.300771208226	0.332394794539	0.289296288234	0.279069486227	0.269489709938	0.217547810732	0.33181368041	0.324449996268	0.332604166667	0.332514699814	0.263450489272	0.270033904611	0.0	0.287532451048	0.252505104609	0.31637655062	0.308400653281	0.310727062958	0.289550709105	0.29116189939	0.239227174826	0.207923497268	0.298315232526	0.338193247867	0.207084468665	0.280156499585	0.295688296611	0.31412400317	0.279936272981	0.288770053476	0.305555555556
663835652-posteriorfornix3.snv.bam	0.30446842733	0.331593598919	0.334472249079	0.299905522843	0.395767844108	0.277677074125	0.330045802625	0.304047651692	0.296886421002	0.317895523853	0.317740810139	0.2652171482	0.270993579692	0.287532451048	0.0	0.289386761692	0.321557928215	0.384916797083	0.38244912148	0.304875891451	0.306668840607	0.310910867724	0.295959185922	0.370207380932	0.306081535596	0.230713603437	0.314198139702	0.33074633164	0.267078657982	0.288191112325	0.312806868758	0.313254202791
675950834-posteriorfornix2.snv.bam	0.19331199125	0.214734122334	0.233219828185	0.224305985349	0.336749304332	0.249205147673	0.202836933578	0.278078655264	0.273429898193	0.305831838471	0.305779492641	0.211613383516	0.212996820467	0.252505104609	0.289386761692	0.0	0.258821393569	0.337121326927	0.336350264222	0.28192592468	0.283821949132	0.337590995579	0.30079033876	0.294538769378	0.249530528983	0.183739938689	0.225407629785	0.298692476447	0.305312947073	0.183006865051	0.284028637722	0.315885837673
706846339-posteriorfornix1.snv.bam	0.256534655636	0.281704413031	0.197678393447	0.30867641835	0.333361178991	0.354247709486	0.326730482753	0.200016498059	0.219269078274	0.301661493743	0.301571577309	0.234795913046	0.238813488009	0.31637655062	0.321557928215	0.258821393569	0.0	0.400483572831	0.403021929379	0.341327151444	0.343129875391	0.337545168145	0.305887799564	0.388028679146	0.292287115712	0.213752350255	0.316202599322	0.241842780529	0.303302090332	0.253731078275	0.338762386675	0.351948374286
763820215-posteriorfornix1.snv.bam	0.376125741416	0.3501496483	0.388778197163	0.268309202156	0.456654266029	0.359041975361	0.251906674516	0.338486518014	0.371191235278	0.276694468367	0.276643802774	0.360977862777	0.362886488989	0.308400653281	0.384916797083	0.337121326927	0.400483572831	0.0	0.000368180862974	0.243843114754	0.245658254569	0.431591826441	0.419913290123	0.299521278266	0.420809107958	0.349378367125	0.239965397015	0.381102116028	0.362449931123	0.404698222822	0.141110538844	0.147286559679
763820215-posteriorfornix2.snv.bam	0.376280550975	0.347752743347	0.391200569403	0.268221275942	0.459122212642	0.356643543416	0.249418255306	0.335941534779	0.368842362317	0.279119762759	0.279069097165	0.363516394443	0.365377251725	0.310727062958	0.38244912148	0.336350264222	0.403021929379	0.000368180862974	0.0	0.24626059423	0.248010105665	0.434018363146	0.422564628594	0.298784878761	0.420841332831	0.352059702235	0.24090376894	0.378614104206	0.36486040078	0.407245943981	0.14380532651	0.149802500668
764143897-posteriorfornix1.snv.bam	0.275664454358	0.215559352224	0.314634944869	0.244131648187	0.348570308339	0.306663281273	0.206132544297	0.268214027319	0.264002732591	0.144028739592	0.143977948589	0.221630370329	0.230563716008	0.289550709105	0.304875891451	0.28192592468	0.341327151444	0.243843114754	0.24626059423	0.0	0.000517149149996	0.38254720477	0.358321566945	0.308359702237	0.364121560614	0.267368094815	0.246881400478	0.320648094796	0.281510690026	0.312130439409	0.224389184343	0.247864860322
764143897-posteriorfornix2.snv.bam	0.27749171992	0.215704969149	0.316593993453	0.246125910752	0.347825635967	0.308316357525	0.207976007677	0.269933504013	0.26363820666	0.146347412841	0.146296747247	0.223723882982	0.232604156014	0.29116189939	0.306668840607	0.283821949132	0.343129875391	0.245658254569	0.248010105665	0.000517149149996	0.0	0.383952876657	0.359922130968	0.309913588469	0.365705181048	0.269317690909	0.248878032144	0.322192540889	0.283494564169	0.313946403505	0.22654691365	0.249841017026
764588959-anteriornares1.snv.bam	0.301552794626	0.380033643892	0.361890172095	0.363525065581	0.342291984859	0.322095471905	0.308438588802	0.360786195711	0.361281735516	0.405426670993	0.405337649249	0.335949827445	0.3407993751	0.239227174826	0.310910867724	0.337590995579	0.337545168145	0.431591826441	0.434018363146	0.38254720477	0.383952876657	0.0	0.000435176433524	0.344003517776	0.336415780494	0.26822002278	0.368943077697	0.324319503627	0.322230724224	0.293510438846	0.361123382159	0.35944760032
764588959-posteriorfornix1.snv.bam	0.272029205036	0.346648044693	0.335811040422	0.350504799901	0.328021724636	0.302000483673	0.279671533404	0.329701573854	0.333164423332	0.383537137681	0.383439891103	0.301002605697	0.306870001045	0.207923497268	0.295959185922	0.30079033876	0.305887799564	0.419913290123	0.422564628594	0.358321566945	0.359922130968	0.000435176433524	0.0	0.338147138965	0.322906357533	0.233431952663	0.34143405682	0.30457889017	0.297106183129	0.263364152202	0.33553008596	0.343681318681
764649650-posteriorfornix2.snv.bam	0.342079017863	0.294486745629	0.362061648419	0.300867743428	0.332600838119	0.277258357096	0.227318872715	0.363274380201	0.371669913734	0.350788751715	0.350738086121	0.33857323569	0.348211028657	0.298315232526	0.370207380932	0.294538769378	0.388028679146	0.299521278266	0.298784878761	0.308359702237	0.309913588469	0.344003517776	0.338147138965	0.0	0.35869140624	0.301149940263	0.271710059555	0.287029897382	0.355272864449	0.370272367773	0.305924940898	0.324258797451
764811490-posteriorfornix1.snv.bam	0.25422769404	0.279416377839	0.287052932591	0.288279086227	0.433932992582	0.323481953545	0.360390691831	0.296318886538	0.282903302978	0.328323966022	0.328235603699	0.275666029999	0.281441772205	0.338193247867	0.306081535596	0.249530528983	0.292287115712	0.420809107958	0.420841332831	0.364121560614	0.365705181048	0.336415780494	0.322906357533	0.35869140624	0.0	0.217711122895	0.338462461926	0.250070512953	0.337324570533	0.229758544057	0.383121513915	0.396642616539
764811490-posteriorfornix2.snv.bam	0.157852370043	0.223140495868	0.211472760436	0.227120251384	0.323256221357	0.255154438661	0.235976204538	0.226560319083	0.222151435684	0.295017873101	0.294921930096	0.187444592199	0.193083710125	0.207084468665	0.230713603437	0.183739938689	0.213752350255	0.349378367125	0.352059702235	0.267368094815	0.269317690909	0.26822002278	0.233431952663	0.301149940263	0.217711122895	0.0	0.271443073465	0.217750234242	0.27745043089	0.158165645544	0.316860465116	0.338753387534
765013792-posteriorfornix3.snv.bam	0.269284418365	0.254426574421	0.276310667352	0.257436217482	0.361655649945	0.254241484932	0.220978122628	0.28508182426	0.296899981079	0.247936035949	0.248053145782	0.248247023206	0.255384614668	0.280156499585	0.314198139702	0.225407629785	0.316202599322	0.239965397015	0.24090376894	0.246881400478	0.248878032144	0.368943077697	0.34143405682	0.271710059555	0.338462461926	0.271443073465	0.0	0.269865123795	0.335330853239	0.292369312828	0.179593509689	0.205149368187
765195863-posteriorfornix3.snv.bam	0.248858775261	0.286802543145	0.277601362576	0.315836737019	0.374662342639	0.338071024436	0.276510564426	0.27662210438	0.270836424515	0.289026826953	0.288938464629	0.24313876215	0.246963299781	0.295688296611	0.33074633164	0.298692476447	0.241842780529	0.381102116028	0.378614104206	0.320648094796	0.322192540889	0.324319503627	0.30457889017	0.287029897382	0.250070512953	0.217750234242	0.269865123795	0.0	0.332879319177	0.271621726415	0.327090393625	0.346613406551
765377934-posteriorfornix3.snv.bam	0.277727312669	0.292453516666	0.311421820545	0.303848759637	0.291302836725	0.294114477022	0.301860237965	0.253995407159	0.261196442981	0.319462920615	0.31934523103	0.29904467436	0.306857423211	0.31412400317	0.267078657982	0.305312947073	0.303302090332	0.362449931123	0.36486040078	0.281510690026	0.283494564169	0.322230724224	0.297106183129	0.355272864449	0.337324570533	0.27745043089	0.335330853239	0.332879319177	0.0	0.269572198949	0.314901386476	0.327720049821
809635352-posteriorfornix2.snv.bam	0.158810800722	0.212588605961	0.233297783723	0.254996569648	0.309287160978	0.266308251438	0.238907803352	0.294767361337	0.292719516096	0.320264013029	0.320213472228	0.204908898848	0.209315192489	0.279936272981	0.288191112325	0.183006865051	0.253731078275	0.404698222822	0.407245943981	0.312130439409	0.313946403505	0.293510438846	0.263364152202	0.370272367773	0.229758544057	0.158165645544	0.292369312828	0.271621726415	0.269572198949	0.0	0.310273742125	0.333266668609
857980665-posteriorfornix2.snv.bam	0.341022482992	0.272479564033	0.355233477798	0.223769411995	0.402541077314	0.277473393849	0.214950572074	0.261803212277	0.296914990485	0.20965959328	0.209605164725	0.269711437365	0.275855938537	0.288770053476	0.312806868758	0.284028637722	0.338762386675	0.141110538844	0.14380532651	0.224389184343	0.22654691365	0.361123382159	0.33553008596	0.305924940898	0.383121513915	0.316860465116	0.179593509689	0.327090393625	0.314901386476	0.310273742125	0.0	0.0
857980665-posteriorfornix3.snv.bam	0.36552957388	0.304347826087	0.377858016211	0.242470838005	0.424921942522	0.301459725615	0.246359118587	0.279298186316	0.314401519903	0.22149668325	0.221445639555	0.295613493087	0.300989275693	0.305555555556	0.313254202791	0.315885837673	0.351948374286	0.147286559679	0.149802500668	0.247864860322	0.249841017026	0.35944760032	0.343681318681	0.324258797451	0.396642616539	0.338753387534	0.205149368187	0.346613406551	0.327720049821	0.333266668609	0.0	0.0
