	158337416-stool1.snv.bam	159247771-stool1.snv.bam	160178356-stool2.snv.bam	160178356-stool3.snv.bam	160765029-stool1.snv.bam	178713055-stool2.snv.bam	604812005-stool1.snv.bam	604812005-stool2.snv.bam	604812005-stool3.snv.bam	764325968-stool1.snv.bam	764325968-stool2.snv.bam	765155402-stool3.snv.bam	765377934-stool3.snv.bam	765701615-stool2.snv.bam	CCIS13047523ST-4-0.snv.bam	CCIS36797902ST-4-0.snv.bam	CCIS45793747ST-4-0.snv.bam	CCIS87252800ST-4-0.snv.bam	CCMD12232071ST-21-0.snv.bam	CCMD64776337ST-21-0.snv.bam	DLM013.snv.bam	DLM028.snv.bam	DOF003.snv.bam	M3.5-V1.metaT.snv.bam	MH0176.snv.bam	MH0230.snv.bam	MH0325.snv.bam	MH0358.snv.bam	MH0388.snv.bam	MH0395.snv.bam	MH0397.snv.bam	MH0456.snv.bam	MMRS38954404ST-27-0-0.snv.bam	MMRS61683006ST-27-0-0.snv.bam	MMRS84085284ST-27-0-0.snv.bam	N001A.snv.bam	N020A.snv.bam	N047A.snv.bam	NLF015.snv.bam	NLM010.snv.bam	T2D-110A.snv.bam	T2D-113A.snv.bam	T2D-134A.snv.bam	T2D-15A.snv.bam	T2D-54A.snv.bam	T2D-70A.snv.bam	T2D-91A.snv.bam	T2D-97A.snv.bam	V1.CD35-0.snv.bam	V1.FI14.snv.bam	V1.FI25.snv.bam	V1.UC62-0.snv.bam
158337416-stool1.snv.bam	0.0	0.286107414806	0.244731053457	0.247009383726	0.217268776744	0.244672700582	0.152081410324	0.152788727851	0.153741458796	0.149355263265	0.147387570101	0.1746353626	0.263893292859	0.238124273543	0.298380643152	0.277895560606	0.240629193525	0.226718772872	0.274304502958	0.208886108497	0.251374116524	0.281892413197	0.250701438719	0.234658156678	0.245949401367	0.259377015876	0.23715209506	0.246889384918	0.276879489616	0.258038996377	0.23945017467	0.238029741006	0.23448879366	0.295535395572	0.205017428284	0.241204285817	0.292132712361	0.248534957886	0.237857214026	0.150350956503	0.20077036174	0.148529490595	0.300624462061	0.373457883936	0.244972021949	0.262720990313	0.291100789763	0.108116712227	0.27252627615	0.238738137303	0.235397309306	0.284404942626
159247771-stool1.snv.bam	0.286107414806	0.0	0.0824247857791	0.0838781195334	0.17631220856	0.0452753944249	0.15533948719	0.154832817246	0.149214041065	0.152765103728	0.142921796204	0.109244161513	0.0653789381286	0.060848132736	0.134884031657	0.000981914841284	0.0456535391181	0.0589601183357	0.0141721780092	0.09290315718	0.188432329109	0.0933804183308	0.152789604928	0.0613337770898	0.0466210680158	0.0612355601585	0.0621085314805	0.0472358930742	0.0039391214531	0.07833704225	0.0638729602524	0.108772881658	0.161956288758	0.0684922792062	0.105963062924	0.16313583029	0.108866256968	0.0382162125731	0.111350199168	0.149338135708	0.106565963313	0.151568062261	0.133600133597	0.229253306894	0.045477584017	0.140156056187	0.161108048894	0.235732816523	0.0220610151163	0.0663318826424	0.0577790046768	0.00304769310589
160178356-stool2.snv.bam	0.244731053457	0.0824247857791	0.0	0.0	0.203586904623	0.0470759230691	0.13229052238	0.132172956504	0.125906739174	0.129821266044	0.115028882794	0.118781240237	0.0573690938437	0.0726666666667	0.163019874862	0.0769230769231	0.0424800068794	0.06832547907	0.0708769388506	0.104463887459	0.128102116428	0.107882286502	0.110272255005	0.0732416198411	0.0488498165269	0.0534930723203	0.0740614152089	0.0495488660112	0.0743923400166	0.0883207827652	0.0758247861827	0.0962636457144	0.153715564604	0.125509632615	0.102649006623	0.103023775762	0.12571787509	0.0452469044981	0.0845373136789	0.126077257862	0.0861518682653	0.128697271314	0.125205674556	0.225024379635	0.0476251768714	0.097172299857	0.107337974442	0.203173257603	0.0887518367972	0.0781437944476	0.0696352263903	0.0819638279495
160178356-stool3.snv.bam	0.247009383726	0.0838781195334	0.0	0.0	0.202048484516	0.0479059771283	0.132104209173	0.131755580193	0.125604053394	0.129591414312	0.114522914429	0.118338900819	0.0583806395789	0.0714164546226	0.160717298787	0.0779220779221	0.0431252728066	0.0669911526083	0.0721490890351	0.103783500655	0.127156091644	0.104039551297	0.109697710383	0.0719921104536	0.0494592591357	0.0544386569321	0.0725520521047	0.0501077375894	0.0748971061865	0.0865268434354	0.0744946853612	0.0953905085347	0.152857105953	0.125197466621	0.104575395487	0.102282197119	0.122853489222	0.0460447088596	0.0814964965464	0.125491180154	0.085146964665	0.128447601035	0.124221538695	0.225008443824	0.0484649155065	0.0969919538596	0.10668879904	0.207564131941	0.0877245857353	0.0769998716222	0.0683441598531	0.0829918080732
160765029-stool1.snv.bam	0.217268776744	0.17631220856	0.203586904623	0.202048484516	0.0	0.206096758108	0.15226472753	0.152574874056	0.153677533703	0.149671920348	0.147160466283	0.168023638837	0.181276888777	0.203242025903	0.211359196917	0.169386840429	0.202647515969	0.202004255101	0.182311127899	0.199793937024	0.19650589977	0.125242617163	0.15975338248	0.202245163148	0.206914443614	0.179578008468	0.202533911103	0.207141194836	0.169922497988	0.215257579089	0.204607788381	0.172596683388	0.210875789538	0.164100424224	0.267259230105	0.170287997541	0.138248608649	0.204135851432	0.163453834369	0.148866230149	0.180486070857	0.149714026257	0.175064844911	0.327517309231	0.206543926718	0.185396074915	0.20023657104	0.187375509516	0.18013644964	0.207586860826	0.203576780543	0.178136628267
178713055-stool2.snv.bam	0.244672700582	0.0452753944249	0.0470759230691	0.0479059771283	0.206096758108	0.0	0.129942650611	0.129636309621	0.123447272808	0.127392238618	0.116777198066	0.0775922529176	0.0301875911702	0.0252133489665	0.15780585623	0.0385094177434	0.000132557801857	0.023146265301	0.0510379869055	0.0574456608919	0.156514253882	0.100353682764	0.132552277431	0.0254297128384	0.00186633365539	0.0262441217494	0.0270779323374	0.00265705897397	0.0387300862496	0.0426606329939	0.0289682390817	0.0739774742998	0.152641204054	0.0800579383229	0.0684355090955	0.131485984276	0.118227103532	0.00816441172567	0.0766917160998	0.123605401237	0.0812231939368	0.126043221386	0.143390425362	0.20641452687	0.000641693999972	0.118934301064	0.125104310329	0.210195475469	0.0664102271452	0.0310437272514	0.0226517435188	0.044789319066
604812005-stool1.snv.bam	0.152081410324	0.15533948719	0.13229052238	0.132104209173	0.15226472753	0.129942650611	0.0	0.00293898399945	0.00139369317401	0.0148419589822	0.0159563312077	0.0429660688003	0.149943497825	0.113638847198	0.153930681121	0.139634716334	0.125794701168	0.112240448735	0.15212780848	0.0783507543531	0.15855158194	0.161985196817	0.13925859527	0.114748314871	0.130764590997	0.14591256002	0.11713853879	0.131843956174	0.146436743485	0.134937011929	0.118857854854	0.126824307636	0.157291964108	0.176087673634	0.184755319927	0.135129547687	0.179411236809	0.12811363204	0.134714765749	0.0175769559701	0.0946010652353	0.0154763198118	0.1729622309	0.281637626694	0.130491904413	0.149517428553	0.206449021354	0.108293283712	0.144538626275	0.121513913373	0.11275239074	0.154727921041
604812005-stool2.snv.bam	0.152788727851	0.154832817246	0.132172956504	0.131755580193	0.152574874056	0.129636309621	0.00293898399945	0.0	0.00218880810855	0.0154012206407	0.017056546377	0.0430584249848	0.149734887165	0.113294036394	0.153681088643	0.1393381953	0.12548606835	0.11176911319	0.152062795414	0.0781812908593	0.158083416635	0.160728491446	0.138621836998	0.114436572402	0.129886999287	0.145527891595	0.115160999704	0.130123438744	0.144719166083	0.133397904812	0.117806536028	0.125415417207	0.157392607992	0.176431344121	0.184741641055	0.135405339184	0.179239095834	0.127530204517	0.133699573471	0.0171264409518	0.094061641853	0.0158754506176	0.172761634661	0.281938257425	0.129758020669	0.149497162764	0.207391587047	0.108763960663	0.143245984427	0.121206812231	0.11244604975	0.153070618607
604812005-stool3.snv.bam	0.153741458796	0.149214041065	0.125906739174	0.125604053394	0.153677533703	0.123447272808	0.00139369317401	0.00218880810855	0.0	0.0141542440476	0.0153712247489	0.0420719333567	0.143853407019	0.107005296103	0.152976425492	0.13308256865	0.119197742858	0.107691191879	0.146081179956	0.0761589740927	0.154470949731	0.155903259296	0.134854085093	0.107943142876	0.124742142374	0.1398463942	0.110670678383	0.125716869336	0.140055803171	0.128531654765	0.112493536248	0.125513546843	0.15672459212	0.170203789437	0.178685224578	0.130138699641	0.173721382229	0.121595334204	0.133009532783	0.0169657433991	0.0928711334331	0.0148232311411	0.172213088512	0.273658944974	0.12400340949	0.144609561353	0.201663928311	0.109291979269	0.138246290485	0.114896326866	0.106041596147	0.148675940774
764325968-stool1.snv.bam	0.149355263265	0.152765103728	0.129821266044	0.129591414312	0.149671920348	0.127392238618	0.0148419589822	0.0154012206407	0.0141542440476	0.0	0.00284405896088	0.0398952503565	0.147360539977	0.111286145371	0.151388396073	0.137045619184	0.123225208786	0.10952596018	0.150090519409	0.0759260553244	0.152620824079	0.159267761943	0.136016066362	0.112152933397	0.128312262905	0.143369482059	0.114248966425	0.12908167541	0.143475991192	0.132060081152	0.116149245964	0.124027436001	0.154927489338	0.174620217165	0.177326075554	0.13220471119	0.176980028196	0.125448092255	0.132410253747	0.00443578912334	0.0922409018021	0.00748529631201	0.1755073858	0.285597176663	0.12794149242	0.147123479614	0.205301150901	0.104914862219	0.141674029114	0.118957172814	0.115152473797	0.151724542964
764325968-stool2.snv.bam	0.147387570101	0.142921796204	0.115028882794	0.114522914429	0.147160466283	0.116777198066	0.0159563312077	0.017056546377	0.0153712247489	0.00284405896088	0.0	0.0415882150497	0.133282237551	0.100063544816	0.151253176291	0.126343885507	0.11239975826	0.100649946748	0.139989957001	0.0737403362671	0.142151539616	0.145345592473	0.126091785061	0.100869900776	0.117670020235	0.129074024222	0.103644899148	0.11896928671	0.133532540544	0.121462176227	0.105515430726	0.1169851378	0.151894227384	0.164830657759	0.167838617496	0.120764971117	0.162523780306	0.11489218913	0.120616755854	0.00522795878114	0.0864727515328	0.00861868918289	0.173197630661	0.267734713997	0.11734326576	0.133100129141	0.191534184238	0.105904790946	0.131807633626	0.108056107121	0.104237776579	0.142533472778
765155402-stool3.snv.bam	0.1746353626	0.109244161513	0.118781240237	0.118338900819	0.168023638837	0.0775922529176	0.0429660688003	0.0430584249848	0.0420719333567	0.0398952503565	0.0415882150497	0.0	0.10371761927	0.060296322601	0.153768719865	0.0911420353265	0.0754613985805	0.0660069500835	0.11543091271	0.0314253332577	0.142410008617	0.146864491228	0.125508021222	0.0607980165067	0.0789238327035	0.0995069694401	0.0643102510334	0.0800323823689	0.100965348318	0.0816595973636	0.0664216929928	0.0848939875316	0.154631255062	0.125760357178	0.148609186068	0.119543550386	0.165243024863	0.0808424500757	0.12288879918	0.0433094585152	0.0795859384839	0.0397408638835	0.162510258535	0.24828438731	0.0781641563613	0.13102345916	0.186718495016	0.132747882207	0.105528781359	0.0676461766783	0.0648477555268	0.108681447923
765377934-stool3.snv.bam	0.263893292859	0.0653789381286	0.0573690938437	0.0583806395789	0.181276888777	0.0301875911702	0.149943497825	0.149734887165	0.143853407019	0.147360539977	0.133282237551	0.10371761927	0.0	0.0555942999336	0.179174599184	0.0594129571969	0.0304528595298	0.0536951120168	0.0715563314019	0.0876905389837	0.13849700765	0.0856077017805	0.117646774431	0.0560555087903	0.0318659012991	0.00412623588027	0.0569178065925	0.0320773399876	0.0592080039335	0.070803697392	0.0585436638148	0.0492034718219	0.170372269034	0.0728308712753	0.0898916637232	0.116176955934	0.108574945222	0.0283585725992	0.0691554497069	0.143877130027	0.101326472335	0.146243735354	0.133457918486	0.22706926608	0.0307368449725	0.116751306877	0.115190501007	0.228208095094	0.0862766668294	0.0611728775002	0.0527468944914	0.0645570051723
765701615-stool2.snv.bam	0.238124273543	0.060848132736	0.0726666666667	0.0714164546226	0.203242025903	0.0252133489665	0.113638847198	0.113294036394	0.107005296103	0.111286145371	0.100063544816	0.060296322601	0.0555942999336	0.0	0.142894759561	0.0438731790917	0.0229248096355	0.00319849577798	0.0669467545757	0.0405556518223	0.16353275982	0.0861940105134	0.139041644221	0.0003653683043	0.0265049813588	0.05135023215	0.00246869602766	0.0276742810418	0.0520367719062	0.0177192554401	0.00404457250602	0.0772779169487	0.148965574815	0.0653957853289	0.0902658400263	0.148439804538	0.104320763839	0.0333660402098	0.0616777815549	0.104629358875	0.0670062002747	0.110150910694	0.142443179451	0.206916604471	0.0257680953068	0.124828657715	0.131406438604	0.200183240417	0.0646071735154	0.00755038572648	0.00799824532086	0.0601095494871
CCIS13047523ST-4-0.snv.bam	0.298380643152	0.134884031657	0.163019874862	0.160717298787	0.211359196917	0.15780585623	0.153930681121	0.153681088643	0.152976425492	0.151388396073	0.151253176291	0.153768719865	0.179174599184	0.142894759561	0.0	0.121809085224	0.153615569467	0.147436077854	0.141643278236	0.122020776159	0.195945483268	0.156972122306	0.205631636322	0.144837735991	0.158609913719	0.175007907086	0.146347685682	0.159847719332	0.134188721959	0.166363624542	0.148802764423	0.152080556651	0.0980314254755	0.158079003688	0.204927457764	0.17816861472	0.136318895009	0.160773601399	0.137965166306	0.15216065901	0.129001115534	0.150987859764	0.13602940951	0.267649096424	0.157914653548	0.195704683211	0.20122550515	0.249538875776	0.12858214738	0.151156583184	0.142316273445	0.136819374977
CCIS36797902ST-4-0.snv.bam	0.277895560606	0.000981914841284	0.0769230769231	0.0779220779221	0.169386840429	0.0385094177434	0.139634716334	0.1393381953	0.13308256865	0.137045619184	0.126343885507	0.0911420353265	0.0594129571969	0.0438731790917	0.121809085224	0.0	0.0387486669037	0.0471335250514	0.0135488575751	0.074934233914	0.183654072109	0.0826666197727	0.147564079543	0.0445872665194	0.0400905791714	0.0549786266364	0.0459507993446	0.0410824501822	0.00359733586118	0.0626273379197	0.0478718023473	0.0945867589277	0.149963434316	0.0570235745074	0.101092896175	0.160229468925	0.0938430059524	0.0314865369673	0.0957062103488	0.133296792091	0.0918377604192	0.135881275926	0.127862558897	0.218144967275	0.0390783883489	0.134750366855	0.156355191404	0.22577054354	0.0120573154445	0.0499793568266	0.0413657216966	0.00256925871528
CCIS45793747ST-4-0.snv.bam	0.240629193525	0.0456535391181	0.0424800068794	0.0431252728066	0.202647515969	0.000132557801857	0.125794701168	0.12548606835	0.119197742858	0.123225208786	0.11239975826	0.0754613985805	0.0304528595298	0.0229248096355	0.153615569467	0.0387486669037	0.0	0.0208304390594	0.0512067945459	0.0552380952381	0.152549208333	0.096070911484	0.128639585488	0.0231253955217	0.00167034572438	0.0264804772593	0.0248261708305	0.00268439189865	0.0389674145223	0.0404932766448	0.0267306195204	0.0718994161607	0.148898915443	0.0782094078224	0.0690745498015	0.127302478464	0.114101764669	0.00826491814431	0.0720388911316	0.119335504092	0.0768609869706	0.121866099156	0.139004353689	0.206786268606	0.000685920734878	0.11481705452	0.120992337795	0.208917173557	0.0639495152964	0.0288160798025	0.0203668683798	0.0451647635557
CCIS87252800ST-4-0.snv.bam	0.226718772872	0.0589601183357	0.06832547907	0.0669911526083	0.202004255101	0.023146265301	0.112240448735	0.11176911319	0.107691191879	0.10952596018	0.100649946748	0.0660069500835	0.0536951120168	0.00319849577798	0.147436077854	0.0471335250514	0.0208304390594	0.0	0.0624985896456	0.0434962806763	0.162091967004	0.0869613490371	0.13754656204	0.00324926789458	0.0244443883083	0.0494096136802	0.00513297447946	0.0255548890426	0.0499314149193	0.0207149062495	0.00723124708275	0.080532484761	0.147418631123	0.0689624491935	0.0829367513492	0.147305039066	0.105176670805	0.031339924842	0.0621805863143	0.102714379533	0.0626168906116	0.107961503784	0.142402422445	0.208571535734	0.0237037993114	0.123846717084	0.130013949971	0.195210858874	0.0675797517523	0.0101807686042	0.010869779225	0.0583529969877
CCMD12232071ST-21-0.snv.bam	0.274304502958	0.0141721780092	0.0708769388506	0.0721490890351	0.182311127899	0.0510379869055	0.15212780848	0.152062795414	0.146081179956	0.150090519409	0.139989957001	0.11543091271	0.0715563314019	0.0669467545757	0.141643278236	0.0135488575751	0.0512067945459	0.0624985896456	0.0	0.099538963646	0.189040898276	0.0996685114644	0.151157047523	0.0674880280987	0.0528431580817	0.0673347888933	0.0684237270175	0.0535464531658	0.0169523841128	0.0853793185816	0.0700360702467	0.11625670986	0.161267624203	0.079316967096	0.109249294448	0.163359170814	0.110688291988	0.0441389352615	0.112767624455	0.146643118192	0.0974509979021	0.147872661966	0.13452659791	0.235512730344	0.0515969252837	0.134889241311	0.16121968965	0.219604372423	0.0199537689522	0.0650802699365	0.0636396177132	0.0158056185018
CCMD64776337ST-21-0.snv.bam	0.208886108497	0.09290315718	0.104463887459	0.103783500655	0.199793937024	0.0574456608919	0.0783507543531	0.0781812908593	0.0761589740927	0.0759260553244	0.0737403362671	0.0314253332577	0.0876905389837	0.0405556518223	0.122020776159	0.074934233914	0.0552380952381	0.0434962806763	0.099538963646	0.0	0.180677062205	0.121309310186	0.17030963627	0.0408896350267	0.0587308672524	0.0835325653861	0.0447644141866	0.0597708371927	0.0846553144855	0.0608074171729	0.046664125442	0.0670043191559	0.131273524117	0.10349314029	0.124553188559	0.160782201416	0.139167164253	0.0655577914823	0.0952178122573	0.0762712762776	0.0542688345032	0.0761533206844	0.136288948989	0.230032052619	0.0579976473002	0.157249096065	0.161814522491	0.172389295785	0.0893036778777	0.0487940945661	0.0452913289062	0.0923867378875
DLM013.snv.bam	0.251374116524	0.188432329109	0.128102116428	0.127156091644	0.19650589977	0.156514253882	0.15855158194	0.158083416635	0.154470949731	0.152620824079	0.142151539616	0.142410008617	0.13849700765	0.16353275982	0.195945483268	0.183654072109	0.152549208333	0.162091967004	0.189040898276	0.180677062205	0.0	0.149415477375	0.0691790032108	0.159566766935	0.157137182609	0.135497662849	0.161933471592	0.156412265255	0.179825215169	0.179490240059	0.164254533095	0.162458304753	0.182052822992	0.180215197189	0.216549885789	0.0225079224097	0.127888595981	0.159805169267	0.101137498841	0.153486157243	0.171990511403	0.154149557839	0.126246289966	0.259982730703	0.157090613716	0.0913133401661	0.110229532591	0.249828039583	0.204890294295	0.16817035894	0.159331258498	0.186437839607
DLM028.snv.bam	0.281892413197	0.0933804183308	0.107882286502	0.104039551297	0.125242617163	0.100353682764	0.161985196817	0.160728491446	0.155903259296	0.159267761943	0.145345592473	0.146864491228	0.0856077017805	0.0861940105134	0.156972122306	0.0826666197727	0.096070911484	0.0869613490371	0.0996685114644	0.121309310186	0.149415477375	0.0	0.116263530011	0.0843144178188	0.100779442887	0.0832230692494	0.0857839814265	0.100672483718	0.0847577784346	0.095146244435	0.0882471378421	0.108578587661	0.165627924956	0.0404881227949	0.160720570218	0.140671811894	0.0303263452518	0.107497454583	0.051212954793	0.152905928103	0.0997206100716	0.158001561665	0.0922114661216	0.236583304798	0.10029489865	0.115834816439	0.118948087531	0.256277993097	0.0967619050535	0.0916793281443	0.0828203890382	0.0912356140051
DOF003.snv.bam	0.250701438719	0.152789604928	0.110272255005	0.109697710383	0.15975338248	0.132552277431	0.13925859527	0.138621836998	0.134854085093	0.136016066362	0.126091785061	0.125508021222	0.117646774431	0.139041644221	0.205631636322	0.147564079543	0.128639585488	0.13754656204	0.151157047523	0.17030963627	0.0691790032108	0.116263530011	0.0	0.140118171534	0.133137404099	0.115771532202	0.138036169848	0.133374353013	0.144837131125	0.151683753283	0.139964129824	0.155398921106	0.200137069768	0.136716276652	0.186833438891	0.0551125251661	0.137150013336	0.135717179305	0.116139152213	0.132262592011	0.156234260336	0.133915932989	0.103153703185	0.264446384575	0.132869929126	0.0364932012982	0.0879243013461	0.22191356148	0.168457094361	0.142304546508	0.135207423154	0.151425888454
M3.5-V1.metaT.snv.bam	0.234658156678	0.0613337770898	0.0732416198411	0.0719921104536	0.202245163148	0.0254297128384	0.114748314871	0.114436572402	0.107943142876	0.112152933397	0.100869900776	0.0607980165067	0.0560555087903	0.0003653683043	0.144837735991	0.0445872665194	0.0231253955217	0.00324926789458	0.0674880280987	0.0408896350267	0.159566766935	0.0843144178188	0.140118171534	0.0	0.026731105677	0.0517651490861	0.00251318594791	0.0278836613126	0.0524655521278	0.0178370258554	0.00443682303778	0.0779575058076	0.146294404411	0.0660993271603	0.0913767978377	0.144727080146	0.105147410135	0.0335295162436	0.0620524040734	0.105460498585	0.0650885420749	0.111009120121	0.137944875412	0.202595855601	0.0259886512166	0.125618811536	0.132741930171	0.20237289111	0.0676554720744	0.00765255227487	0.00808452024836	0.0607311166949
MH0176.snv.bam	0.245949401367	0.0466210680158	0.0488498165269	0.0494592591357	0.206914443614	0.00186633365539	0.130764590997	0.129886999287	0.124742142374	0.128312262905	0.117670020235	0.0789238327035	0.0318659012991	0.0265049813588	0.158609913719	0.0400905791714	0.00167034572438	0.0244443883083	0.0528431580817	0.0587308672524	0.157137182609	0.100779442887	0.133137404099	0.026731105677	0.0	0.0274665212107	0.0266206665933	0.00282999658458	0.0392946738825	0.0425371809478	0.0291918850167	0.0736259545901	0.153813583056	0.0813097950858	0.070110390509	0.133119780271	0.119117342965	0.00954257595533	0.0766706046057	0.123590142633	0.0823840221878	0.126818587572	0.144858558607	0.207629170967	0.00177944957338	0.120290130548	0.12629290168	0.211684806946	0.0667016587319	0.0317803841674	0.0237758845013	0.0457179651309
MH0230.snv.bam	0.259377015876	0.0612355601585	0.0534930723203	0.0544386569321	0.179578008468	0.0262441217494	0.14591256002	0.145527891595	0.1398463942	0.143369482059	0.129074024222	0.0995069694401	0.00412623588027	0.05135023215	0.175007907086	0.0549786266364	0.0264804772593	0.0494096136802	0.0673347888933	0.0835325653861	0.135497662849	0.0832230692494	0.115771532202	0.0517651490861	0.0274665212107	0.0	0.0523311757369	0.0270648350524	0.0538509428864	0.0659052582096	0.0537390627323	0.047090956686	0.166295335014	0.0708481536488	0.0858417615603	0.114442560147	0.106269640848	0.0242895212768	0.0671142070836	0.139582695283	0.0971443805214	0.142175498643	0.131431921414	0.221782136139	0.0267947384644	0.114675870678	0.113287421112	0.223470364217	0.0816613873981	0.0565285191145	0.0485228472031	0.060130001922
MH0325.snv.bam	0.23715209506	0.0621085314805	0.0740614152089	0.0725520521047	0.202533911103	0.0270779323374	0.11713853879	0.115160999704	0.110670678383	0.114248966425	0.103644899148	0.0643102510334	0.0569178065925	0.00246869602766	0.146347685682	0.0459507993446	0.0248261708305	0.00513297447946	0.0684237270175	0.0447644141866	0.161933471592	0.0857839814265	0.138036169848	0.00251318594791	0.0266206665933	0.0523311757369	0.0	0.0273005189776	0.0518118297115	0.0176326052132	0.00508404587102	0.0790267268405	0.150547725309	0.0670184164815	0.0915853533183	0.149507234471	0.105418407111	0.0348823095385	0.0616232623207	0.1063897853	0.0682668077772	0.112689397336	0.142736539941	0.208788809564	0.027352158637	0.12588319574	0.132174543377	0.202685366151	0.0670970977652	0.00890815295987	0.0100332752626	0.0600234028794
MH0358.snv.bam	0.246889384918	0.0472358930742	0.0495488660112	0.0501077375894	0.207141194836	0.00265705897397	0.131843956174	0.130123438744	0.125716869336	0.12908167541	0.11896928671	0.0800323823689	0.0320773399876	0.0276742810418	0.159847719332	0.0410824501822	0.00268439189865	0.0255548890426	0.0535464531658	0.0597708371927	0.156412265255	0.100672483718	0.133374353013	0.0278836613126	0.00282999658458	0.0270648350524	0.0273005189776	0.0	0.0378002467125	0.0428576676115	0.0295212213636	0.0740927405752	0.15504220869	0.0825176964047	0.071105471337	0.133720047275	0.120314961033	0.0101564116204	0.0778363403031	0.124110711675	0.08288463296	0.127614078863	0.145605102866	0.20862934365	0.00278909687843	0.121326209761	0.127056447825	0.21204029296	0.0668296129085	0.0329761430209	0.024922940543	0.0448720420217
MH0388.snv.bam	0.276879489616	0.0039391214531	0.0743923400166	0.0748971061865	0.169922497988	0.0387300862496	0.146436743485	0.144719166083	0.140055803171	0.143475991192	0.133532540544	0.100965348318	0.0592080039335	0.0520367719062	0.134188721959	0.00359733586118	0.0389674145223	0.0499314149193	0.0169523841128	0.0846553144855	0.179825215169	0.0847577784346	0.144837131125	0.0524655521278	0.0392946738825	0.0538509428864	0.0518118297115	0.0378002467125	0.0	0.0675700435846	0.053947304563	0.0998220613415	0.154094977907	0.0647217577365	0.100768124816	0.156335231432	0.0983136166143	0.0313404235786	0.0986012040925	0.139030914649	0.0955662002882	0.142379197541	0.12801232211	0.222950962785	0.0386923668852	0.132080302766	0.154497737501	0.229334367423	0.0208096849678	0.0574056196883	0.0489869433173	0.00361113810429
MH0395.snv.bam	0.258038996377	0.07833704225	0.0883207827652	0.0865268434354	0.215257579089	0.0426606329939	0.134937011929	0.133397904812	0.128531654765	0.132060081152	0.121462176227	0.0816595973636	0.070803697392	0.0177192554401	0.166363624542	0.0626273379197	0.0404932766448	0.0207149062495	0.0853793185816	0.0608074171729	0.179490240059	0.095146244435	0.151683753283	0.0178370258554	0.0425371809478	0.0659052582096	0.0176326052132	0.0428576676115	0.0675700435846	0.0	0.0200163010647	0.0937890728219	0.155500448165	0.0704492518428	0.107581110611	0.163726225067	0.120645854957	0.0504861046972	0.0735139594867	0.12454122788	0.0824293631039	0.130913947066	0.146078637676	0.210971125318	0.0424423809134	0.139237406714	0.145898178451	0.222056772518	0.0840254544533	0.0243075983065	0.0251717027594	0.07661653827
MH0397.snv.bam	0.23945017467	0.0638729602524	0.0758247861827	0.0744946853612	0.204607788381	0.0289682390817	0.118857854854	0.117806536028	0.112493536248	0.116149245964	0.105515430726	0.0664216929928	0.0585436638148	0.00404457250602	0.148802764423	0.0478718023473	0.0267306195204	0.00723124708275	0.0700360702467	0.046664125442	0.164254533095	0.0882471378421	0.139964129824	0.00443682303778	0.0291918850167	0.0537390627323	0.00508404587102	0.0295212213636	0.053947304563	0.0200163010647	0.0	0.0814646338802	0.152057409785	0.0685444653314	0.0930614562326	0.151248611306	0.106952488921	0.0365553544318	0.0643964882161	0.108966699551	0.0699736218248	0.115127541122	0.144930276375	0.210695898764	0.0292526587083	0.127854193192	0.133730297703	0.205014551211	0.0692014829184	0.010865175252	0.0117712590822	0.0623999026382
MH0456.snv.bam	0.238029741006	0.108772881658	0.0962636457144	0.0953905085347	0.172596683388	0.0739774742998	0.126824307636	0.125415417207	0.125513546843	0.124027436001	0.1169851378	0.0848939875316	0.0492034718219	0.0772779169487	0.152080556651	0.0945867589277	0.0718994161607	0.080532484761	0.11625670986	0.0670043191559	0.162458304753	0.108578587661	0.155398921106	0.0779575058076	0.0736259545901	0.047090956686	0.0790267268405	0.0740927405752	0.0998220613415	0.0937890728219	0.0814646338802	0.0	0.151664183296	0.0973065055152	0.136454465365	0.138510014316	0.13293104655	0.0715876636331	0.0910369980433	0.121839052597	0.0830702744313	0.124283406318	0.126897538673	0.247247394721	0.07394145415	0.153659666244	0.155060056941	0.206092924798	0.104084485314	0.0848731305885	0.0815493317235	0.107345125629
MMRS38954404ST-27-0-0.snv.bam	0.23448879366	0.161956288758	0.153715564604	0.152857105953	0.210875789538	0.152641204054	0.157291964108	0.157392607992	0.15672459212	0.154927489338	0.151894227384	0.154631255062	0.170372269034	0.148965574815	0.0980314254755	0.149963434316	0.148898915443	0.147418631123	0.161267624203	0.131273524117	0.182052822992	0.165627924956	0.200137069768	0.146294404411	0.153813583056	0.166295335014	0.150547725309	0.15504220869	0.154094977907	0.155500448165	0.152057409785	0.151664183296	0.0	0.171475347449	0.203406673379	0.165695604251	0.148246104964	0.15773502355	0.129642766691	0.156619206485	0.120806469222	0.155008652474	0.159997239817	0.253385285033	0.152981063234	0.182624338228	0.197773722759	0.209355842918	0.164237859772	0.154228579553	0.150968250053	0.161149391402
MMRS61683006ST-27-0-0.snv.bam	0.295535395572	0.0684922792062	0.125509632615	0.125197466621	0.164100424224	0.0800579383229	0.176087673634	0.176431344121	0.170203789437	0.174620217165	0.164830657759	0.125760357178	0.0728308712753	0.0653957853289	0.158079003688	0.0570235745074	0.0782094078224	0.0689624491935	0.079316967096	0.10349314029	0.180215197189	0.0404881227949	0.136716276652	0.0660993271603	0.0813097950858	0.0708481536488	0.0670184164815	0.0825176964047	0.0647217577365	0.0704492518428	0.0685444653314	0.0973065055152	0.171475347449	0.0	0.139613001553	0.168112729529	0.0639301715296	0.0883372826587	0.0855537465419	0.169034668089	0.114829811592	0.172977646549	0.106087929405	0.228695271463	0.0805451372317	0.134209677921	0.135194705881	0.266394258516	0.0748720724844	0.0709416931802	0.0627132474174	0.0678360209241
MMRS84085284ST-27-0-0.snv.bam	0.205017428284	0.105963062924	0.102649006623	0.104575395487	0.267259230105	0.0684355090955	0.184755319927	0.184741641055	0.178685224578	0.177326075554	0.167838617496	0.148609186068	0.0898916637232	0.0902658400263	0.204927457764	0.101092896175	0.0690745498015	0.0829367513492	0.109249294448	0.124553188559	0.216549885789	0.160720570218	0.186833438891	0.0913767978377	0.070110390509	0.0858417615603	0.0915853533183	0.071105471337	0.100768124816	0.107581110611	0.0930614562326	0.136454465365	0.203406673379	0.139613001553	0.0	0.190255228493	0.179257585033	0.0718062419311	0.137606585876	0.173545230055	0.144345900747	0.175748734899	0.202800020002	0.262818306711	0.0690715630858	0.174206688446	0.181244586093	0.224796872108	0.128710973416	0.0938956476697	0.0872085631006	0.105339815425
N001A.snv.bam	0.241204285817	0.16313583029	0.103023775762	0.102282197119	0.170287997541	0.131485984276	0.135129547687	0.135405339184	0.130138699641	0.13220471119	0.120764971117	0.119543550386	0.116176955934	0.148439804538	0.17816861472	0.160229468925	0.127302478464	0.147305039066	0.163359170814	0.160782201416	0.0225079224097	0.140671811894	0.0551125251661	0.144727080146	0.133119780271	0.114442560147	0.149507234471	0.133720047275	0.156335231432	0.163726225067	0.151248611306	0.138510014316	0.165695604251	0.168112729529	0.190255228493	0.0	0.122499324794	0.134529948772	0.0971537750064	0.132434859977	0.15438232007	0.131019087507	0.11295065153	0.260699489763	0.131864510279	0.0782988095432	0.101050563915	0.217616171175	0.177922295066	0.154011539844	0.144684770209	0.162713539114
N020A.snv.bam	0.292132712361	0.108866256968	0.12571787509	0.122853489222	0.138248608649	0.118227103532	0.179411236809	0.179239095834	0.173721382229	0.176980028196	0.162523780306	0.165243024863	0.108574945222	0.104320763839	0.136318895009	0.0938430059524	0.114101764669	0.105176670805	0.110688291988	0.139167164253	0.127888595981	0.0303263452518	0.137150013336	0.105147410135	0.119117342965	0.106269640848	0.105418407111	0.120314961033	0.0983136166143	0.120645854957	0.106952488921	0.13293104655	0.148246104964	0.0639301715296	0.179257585033	0.122499324794	0.0	0.1262412943	0.0369089112409	0.171228364242	0.117850417496	0.175724881422	0.111450920818	0.241645402969	0.11860516877	0.137561981263	0.124463118964	0.261528597762	0.112654732593	0.109641469643	0.100925491828	0.108153362339
N047A.snv.bam	0.248534957886	0.0382162125731	0.0452469044981	0.0460447088596	0.204135851432	0.00816441172567	0.12811363204	0.127530204517	0.121595334204	0.125448092255	0.11489218913	0.0808424500757	0.0283585725992	0.0333660402098	0.160773601399	0.0314865369673	0.00826491814431	0.031339924842	0.0441389352615	0.0655577914823	0.159805169267	0.107497454583	0.135717179305	0.0335295162436	0.00954257595533	0.0242895212768	0.0348823095385	0.0101564116204	0.0313404235786	0.0504861046972	0.0365553544318	0.0715876636331	0.15773502355	0.0883372826587	0.0718062419311	0.134529948772	0.1262412943	0.0	0.0826419174085	0.121564212133	0.0893353245271	0.124439225318	0.151706522194	0.216467459863	0.00835255514641	0.123448565929	0.133104515954	0.20201775269	0.0591845170246	0.0391357284854	0.0305690120765	0.0375617657397
NLF015.snv.bam	0.237857214026	0.111350199168	0.0845373136789	0.0814964965464	0.163453834369	0.0766917160998	0.134714765749	0.133699573471	0.133009532783	0.132410253747	0.120616755854	0.12288879918	0.0691554497069	0.0616777815549	0.137965166306	0.0957062103488	0.0720388911316	0.0621805863143	0.112767624455	0.0952178122573	0.101137498841	0.051212954793	0.116139152213	0.0620524040734	0.0766706046057	0.0671142070836	0.0616232623207	0.0778363403031	0.0986012040925	0.0735139594867	0.0643964882161	0.0910369980433	0.129642766691	0.0855537465419	0.137606585876	0.0971537750064	0.0369089112409	0.0826419174085	0.0	0.124641116041	0.0803682085456	0.130831201597	0.118134281654	0.226626783478	0.0769832619551	0.115029708625	0.0917130358704	0.208199041438	0.115450164024	0.0670610246976	0.0581340564241	0.109494622253
NLM010.snv.bam	0.150350956503	0.149338135708	0.126077257862	0.125491180154	0.148866230149	0.123605401237	0.0175769559701	0.0171264409518	0.0169657433991	0.00443578912334	0.00522795878114	0.0433094585152	0.143877130027	0.104629358875	0.15216065901	0.133296792091	0.119335504092	0.102714379533	0.146643118192	0.0762712762776	0.153486157243	0.152905928103	0.132262592011	0.105460498585	0.123590142633	0.139582695283	0.1063897853	0.124110711675	0.139030914649	0.12454122788	0.108966699551	0.121839052597	0.156619206485	0.169034668089	0.173545230055	0.132434859977	0.171228364242	0.121564212133	0.124641116041	0.0	0.0927218135521	0.00963845241018	0.176240616624	0.283799713495	0.12398441878	0.1421849652	0.20005984154	0.108296793737	0.137397278886	0.112100982208	0.108630930235	0.147796798803
T2D-110A.snv.bam	0.20077036174	0.106565963313	0.0861518682653	0.085146964665	0.180486070857	0.0812231939368	0.0946010652353	0.094061641853	0.0928711334331	0.0922409018021	0.0864727515328	0.0795859384839	0.101326472335	0.0670062002747	0.129001115534	0.0918377604192	0.0768609869706	0.0626168906116	0.0974509979021	0.0542688345032	0.171990511403	0.0997206100716	0.156234260336	0.0650885420749	0.0823840221878	0.0971443805214	0.0682668077772	0.08288463296	0.0955662002882	0.0824293631039	0.0699736218248	0.0830702744313	0.120806469222	0.114829811592	0.144345900747	0.15438232007	0.117850417496	0.0893353245271	0.0803682085456	0.0927218135521	0.0	0.0917604081967	0.121683844685	0.222875648824	0.0817751803451	0.142459225549	0.160420278677	0.171374476871	0.10015005161	0.0716888803185	0.0690688619511	0.105779920735
T2D-113A.snv.bam	0.148529490595	0.151568062261	0.128697271314	0.128447601035	0.149714026257	0.126043221386	0.0154763198118	0.0158754506176	0.0148232311411	0.00748529631201	0.00861868918289	0.0397408638835	0.146243735354	0.110150910694	0.150987859764	0.135881275926	0.121866099156	0.107961503784	0.147872661966	0.0761533206844	0.154149557839	0.158001561665	0.133915932989	0.111009120121	0.126818587572	0.142175498643	0.112689397336	0.127614078863	0.142379197541	0.130913947066	0.115127541122	0.124283406318	0.155008652474	0.172977646549	0.175748734899	0.131019087507	0.175724881422	0.124439225318	0.130831201597	0.00963845241018	0.0917604081967	0.0	0.174556034434	0.283658377724	0.126592475189	0.144925166573	0.204236770482	0.101992138103	0.140030471539	0.115432855313	0.113803456565	0.150925571565
T2D-134A.snv.bam	0.300624462061	0.133600133597	0.125205674556	0.124221538695	0.175064844911	0.143390425362	0.1729622309	0.172761634661	0.172213088512	0.1755073858	0.173197630661	0.162510258535	0.133457918486	0.142443179451	0.13602940951	0.127862558897	0.139004353689	0.142402422445	0.13452659791	0.136288948989	0.126246289966	0.0922114661216	0.103153703185	0.137944875412	0.144858558607	0.131431921414	0.142736539941	0.145605102866	0.12801232211	0.146078637676	0.144930276375	0.126897538673	0.159997239817	0.106087929405	0.202800020002	0.11295065153	0.111450920818	0.151706522194	0.118134281654	0.176240616624	0.121683844685	0.174556034434	0.0	0.249440183532	0.143833222449	0.108223583311	0.0942389795237	0.292425616521	0.142759758833	0.147356830092	0.133180041989	0.135108811012
T2D-15A.snv.bam	0.373457883936	0.229253306894	0.225024379635	0.225008443824	0.327517309231	0.20641452687	0.281637626694	0.281938257425	0.273658944974	0.285597176663	0.267734713997	0.24828438731	0.22706926608	0.206916604471	0.267649096424	0.218144967275	0.206786268606	0.208571535734	0.235512730344	0.230032052619	0.259982730703	0.236583304798	0.264446384575	0.202595855601	0.207629170967	0.221782136139	0.208788809564	0.20862934365	0.222950962785	0.210971125318	0.210695898764	0.247247394721	0.253385285033	0.228695271463	0.262818306711	0.260699489763	0.241645402969	0.216467459863	0.226626783478	0.283799713495	0.222875648824	0.283658377724	0.249440183532	0.0	0.206678676395	0.231071306062	0.257683730045	0.351044939293	0.247819165071	0.21007874944	0.206501352017	0.228523161617
T2D-54A.snv.bam	0.244972021949	0.045477584017	0.0476251768714	0.0484649155065	0.206543926718	0.000641693999972	0.130491904413	0.129758020669	0.12400340949	0.12794149242	0.11734326576	0.0781641563613	0.0307368449725	0.0257680953068	0.157914653548	0.0390783883489	0.000685920734878	0.0237037993114	0.0515969252837	0.0579976473002	0.157090613716	0.10029489865	0.132869929126	0.0259886512166	0.00177944957338	0.0267947384644	0.027352158637	0.00278909687843	0.0386923668852	0.0424423809134	0.0292526587083	0.07394145415	0.152981063234	0.0805451372317	0.0690715630858	0.131864510279	0.11860516877	0.00835255514641	0.0769832619551	0.12398441878	0.0817751803451	0.126592475189	0.143833222449	0.206678676395	0.0	0.118942756101	0.125390600968	0.210830020081	0.0665993066029	0.0315943439664	0.0230462943508	0.0448442096301
T2D-70A.snv.bam	0.262720990313	0.140156056187	0.097172299857	0.0969919538596	0.185396074915	0.118934301064	0.149517428553	0.149497162764	0.144609561353	0.147123479614	0.133100129141	0.13102345916	0.116751306877	0.124828657715	0.195704683211	0.134750366855	0.11481705452	0.123846717084	0.134889241311	0.157249096065	0.0913133401661	0.115834816439	0.0364932012982	0.125618811536	0.120290130548	0.114675870678	0.12588319574	0.121326209761	0.132080302766	0.139237406714	0.127854193192	0.153659666244	0.182624338228	0.134209677921	0.174206688446	0.0782988095432	0.137561981263	0.123448565929	0.115029708625	0.1421849652	0.142459225549	0.144925166573	0.108223583311	0.231071306062	0.118942756101	0.0	0.0938770143359	0.229655318969	0.157121040819	0.125172246725	0.12144533035	0.139310431547
T2D-91A.snv.bam	0.291100789763	0.161108048894	0.107337974442	0.10668879904	0.20023657104	0.125104310329	0.206449021354	0.207391587047	0.201663928311	0.205301150901	0.191534184238	0.186718495016	0.115190501007	0.131406438604	0.20122550515	0.156355191404	0.120992337795	0.130013949971	0.16121968965	0.161814522491	0.110229532591	0.118948087531	0.0879243013461	0.132741930171	0.12629290168	0.113287421112	0.132174543377	0.127056447825	0.154497737501	0.145898178451	0.133730297703	0.155060056941	0.197773722759	0.135194705881	0.181244586093	0.101050563915	0.124463118964	0.133104515954	0.0917130358704	0.20005984154	0.160420278677	0.204236770482	0.0942389795237	0.257683730045	0.125390600968	0.0938770143359	0.0	0.271886807399	0.178553413063	0.136887514308	0.127845342127	0.160834212778
T2D-97A.snv.bam	0.108116712227	0.235732816523	0.203173257603	0.207564131941	0.187375509516	0.210195475469	0.108293283712	0.108763960663	0.109291979269	0.104914862219	0.105904790946	0.132747882207	0.228208095094	0.200183240417	0.249538875776	0.22577054354	0.208917173557	0.195210858874	0.219604372423	0.172389295785	0.249828039583	0.256277993097	0.22191356148	0.20237289111	0.211684806946	0.223470364217	0.202685366151	0.21204029296	0.229334367423	0.222056772518	0.205014551211	0.206092924798	0.209355842918	0.266394258516	0.224796872108	0.217616171175	0.261528597762	0.20201775269	0.208199041438	0.108296793737	0.171374476871	0.101992138103	0.292425616521	0.351044939293	0.210830020081	0.229655318969	0.271886807399	0.0	0.22238843964	0.200422264836	0.207179509088	0.233854696487
