	BGI-06A.snv.bam	BGI-33A.snv.bam	DLF014.snv.bam	DLM027.snv.bam	ED14A.snv.bam	ED15A.snv.bam	ED50A.snv.bam	MH0439.snv.bam	O2.UC44-1.snv.bam	O2.UC44-2.snv.bam	SZEY-10A.snv.bam	SZEY-74A.snv.bam	T2D-110A.snv.bam	T2D-121A.snv.bam	T2D-146A.snv.bam	T2D-155A.snv.bam	T2D-20A.snv.bam	T2D-35A.snv.bam	T2D-48A.snv.bam	T2D-68A.snv.bam	T2D-97A.snv.bam
BGI-06A.snv.bam	0.0	0.28927680798	0.0473815461347	0.0473815461347	0.0324189526185	0.0399002493766	0.0473815461347	0.0523690773067	0.261845386534	0.25187032419	0.294264339152	0.199501246883	0.226932668329	0.0423940149626	0.0324189526185	0.214463840399	0.281795511222	0.197007481297	0.072319201995	0.0473815461347	0.0423940149626
BGI-33A.snv.bam	0.28927680798	0.0	0.291770573566	0.28927680798	0.281795511222	0.28927680798	0.291770573566	0.254364089776	0.299251870324	0.294264339152	0.164588528678	0.167082294264	0.26433915212	0.291770573566	0.286783042394	0.209476309227	0.269326683292	0.236907730673	0.296758104738	0.286783042394	0.284289276808
DLF014.snv.bam	0.0473815461347	0.291770573566	0.0	0.0199501246883	0.0199501246883	0.0224438902743	0.0249376558603	0.0324189526185	0.269326683292	0.26433915212	0.306733167082	0.204488778055	0.234413965087	0.0199501246883	0.0199501246883	0.221945137157	0.28927680798	0.206982543641	0.0448877805486	0.0299251870324	0.0299251870324
DLM027.snv.bam	0.0473815461347	0.28927680798	0.0199501246883	0.0	0.0199501246883	0.0274314214464	0.0199501246883	0.0349127182045	0.274314214464	0.26433915212	0.306733167082	0.204488778055	0.234413965087	0.0249376558603	0.0199501246883	0.221945137157	0.286783042394	0.204488778055	0.0498753117207	0.0299251870324	0.0299251870324
ED14A.snv.bam	0.0324189526185	0.281795511222	0.0199501246883	0.0199501246883	0.0	0.0174563591022	0.0174563591022	0.0224438902743	0.254364089776	0.244389027431	0.291770573566	0.192019950125	0.219451371571	0.0124688279302	0.00498753117207	0.211970074813	0.27680798005	0.194513715711	0.0423940149626	0.0174563591022	0.0199501246883
ED15A.snv.bam	0.0399002493766	0.28927680798	0.0224438902743	0.0274314214464	0.0174563591022	0.0	0.0324189526185	0.0274314214464	0.266832917706	0.256857855362	0.304239401496	0.204488778055	0.226932668329	0.0174563591022	0.0174563591022	0.219451371571	0.286783042394	0.201995012469	0.0423940149626	0.0274314214464	0.0224438902743
ED50A.snv.bam	0.0473815461347	0.291770573566	0.0249376558603	0.0199501246883	0.0174563591022	0.0324189526185	0.0	0.0324189526185	0.271820448878	0.26433915212	0.306733167082	0.204488778055	0.234413965087	0.0299251870324	0.0199501246883	0.221945137157	0.28927680798	0.206982543641	0.0399002493766	0.0299251870324	0.0349127182045
MH0439.snv.bam	0.0523690773067	0.254364089776	0.0324189526185	0.0349127182045	0.0224438902743	0.0274314214464	0.0324189526185	0.0	0.236907730673	0.226932668329	0.271820448878	0.184538653367	0.199501246883	0.0299251870324	0.0249376558603	0.197007481297	0.244389027431	0.179551122195	0.0349127182045	0.0249376558603	0.0299251870324
O2.UC44-1.snv.bam	0.261845386534	0.299251870324	0.269326683292	0.274314214464	0.254364089776	0.266832917706	0.271820448878	0.236907730673	0.0	0.0	0.309226932668	0.214463840399	0.246882793017	0.269326683292	0.26433915212	0.206982543641	0.28927680798	0.224438902743	0.279301745636	0.26433915212	0.26433915212
O2.UC44-2.snv.bam	0.25187032419	0.294264339152	0.26433915212	0.26433915212	0.244389027431	0.256857855362	0.26433915212	0.226932668329	0.0	0.0	0.296758104738	0.204488778055	0.244389027431	0.259351620948	0.254364089776	0.194513715711	0.284289276808	0.211970074813	0.269326683292	0.254364089776	0.249376558603
SZEY-10A.snv.bam	0.294264339152	0.164588528678	0.306733167082	0.306733167082	0.291770573566	0.304239401496	0.306733167082	0.271820448878	0.309226932668	0.296758104738	0.0	0.154613466334	0.254364089776	0.306733167082	0.30174563591	0.244389027431	0.259351620948	0.26433915212	0.31421446384	0.30174563591	0.299251870324
SZEY-74A.snv.bam	0.199501246883	0.167082294264	0.204488778055	0.204488778055	0.192019950125	0.204488778055	0.204488778055	0.184538653367	0.214463840399	0.204488778055	0.154613466334	0.0	0.16957605985	0.206982543641	0.201995012469	0.164588528678	0.177057356608	0.159600997506	0.211970074813	0.201995012469	0.197007481297
T2D-110A.snv.bam	0.226932668329	0.26433915212	0.234413965087	0.234413965087	0.219451371571	0.226932668329	0.234413965087	0.199501246883	0.246882793017	0.244389027431	0.254364089776	0.16957605985	0.0	0.234413965087	0.229426433915	0.192019950125	0.25187032419	0.189526184539	0.239401496259	0.229426433915	0.231920199501
T2D-121A.snv.bam	0.0423940149626	0.291770573566	0.0199501246883	0.0249376558603	0.0124688279302	0.0174563591022	0.0299251870324	0.0299251870324	0.269326683292	0.259351620948	0.306733167082	0.206982543641	0.234413965087	0.0	0.0149625935162	0.221945137157	0.28927680798	0.204488778055	0.0448877805486	0.0199501246883	0.0249376558603
T2D-146A.snv.bam	0.0324189526185	0.286783042394	0.0199501246883	0.0199501246883	0.00498753117207	0.0174563591022	0.0199501246883	0.0249376558603	0.26433915212	0.254364089776	0.30174563591	0.201995012469	0.229426433915	0.0149625935162	0.0	0.216957605985	0.284289276808	0.199501246883	0.0448877805486	0.0199501246883	0.0199501246883
T2D-155A.snv.bam	0.214463840399	0.209476309227	0.221945137157	0.221945137157	0.211970074813	0.219451371571	0.221945137157	0.197007481297	0.206982543641	0.194513715711	0.244389027431	0.164588528678	0.192019950125	0.221945137157	0.216957605985	0.0	0.254364089776	0.164588528678	0.226932668329	0.216957605985	0.221945137157
T2D-20A.snv.bam	0.281795511222	0.269326683292	0.28927680798	0.286783042394	0.27680798005	0.286783042394	0.28927680798	0.244389027431	0.28927680798	0.284289276808	0.259351620948	0.177057356608	0.25187032419	0.28927680798	0.284289276808	0.254364089776	0.0	0.234413965087	0.294264339152	0.284289276808	0.286783042394
T2D-35A.snv.bam	0.197007481297	0.236907730673	0.206982543641	0.204488778055	0.194513715711	0.201995012469	0.206982543641	0.179551122195	0.224438902743	0.211970074813	0.26433915212	0.159600997506	0.189526184539	0.204488778055	0.199501246883	0.164588528678	0.234413965087	0.0	0.204488778055	0.199501246883	0.201995012469
T2D-48A.snv.bam	0.072319201995	0.296758104738	0.0448877805486	0.0498753117207	0.0423940149626	0.0423940149626	0.0399002493766	0.0349127182045	0.279301745636	0.269326683292	0.31421446384	0.211970074813	0.239401496259	0.0448877805486	0.0448877805486	0.226932668329	0.294264339152	0.204488778055	0.0	0.0498753117207	0.0548628428928
T2D-68A.snv.bam	0.0473815461347	0.286783042394	0.0299251870324	0.0299251870324	0.0174563591022	0.0274314214464	0.0299251870324	0.0249376558603	0.26433915212	0.254364089776	0.30174563591	0.201995012469	0.229426433915	0.0199501246883	0.0199501246883	0.216957605985	0.284289276808	0.199501246883	0.0498753117207	0.0	0.0299251870324
T2D-97A.snv.bam	0.0423940149626	0.284289276808	0.0299251870324	0.0299251870324	0.0199501246883	0.0224438902743	0.0349127182045	0.0299251870324	0.26433915212	0.249376558603	0.299251870324	0.197007481297	0.231920199501	0.0249376558603	0.0199501246883	0.221945137157	0.286783042394	0.201995012469	0.0548628428928	0.0299251870324	0.0
