	158499257-stool1.snv.bam	158802708-stool1.snv.bam	160380657-stool1.snv.bam	763860675-stool1.snv.bam	764143897-stool1.snv.bam	CCIS02124300ST-4-0.snv.bam	CCIS11362406ST-4-0.snv.bam	CCIS22906510ST-20-0.snv.bam	CCIS48174381ST-4-0.snv.bam	CCIS50369211ST-20-0.snv.bam	CCIS50471204ST-4-0.snv.bam	CCIS59132091ST-4-0.snv.bam	CCIS74726977ST-3-0.snv.bam	CCIS76845094ST-20-0.snv.bam	CCIS78100604ST-4-0.snv.bam	CCIS81735969ST-20-0.snv.bam	CCIS82146115ST-4-0.snv.bam	CCMD25963797ST-21-0.snv.bam	CCMD26709089ST-21-0.snv.bam	M4.1-V3.metaT.snv.bam	NG-5636_312.snv.bam	NG-5636_317.snv.bam	NG-5636_372.snv.bam	O2.UC11-1.snv.bam	O2.UC18-1.snv.bam	O2.UC20-1.snv.bam	O2.UC36-0.snv.bam	O2.UC46-1.snv.bam	O2.UC7-0.snv.bam	O2.UC8-1.snv.bam	SAMEA3136646.snv.bam	SAMEA3136655.snv.bam	SAMEA3136656.snv.bam	SAMEA3136662.snv.bam	SAMEA3136674.snv.bam	SAMEA3136688.snv.bam	SAMEA3136693.snv.bam	SAMEA3136708.snv.bam	SAMEA3136714.snv.bam	SAMEA3136719.snv.bam	SAMEA3136733.snv.bam	SAMEA3136737.snv.bam	SAMEA3136747.snv.bam	SAMEA3136766.snv.bam	SAMEA3178940.snv.bam	V1.CD1-0-PT.snv.bam	V1.CD15-3.snv.bam	V1.CD41-0.snv.bam	V1.FI08.snv.bam	V1.FI29.snv.bam	V1.FI33.snv.bam	V1.FI36.snv.bam	V1.FI37.snv.bam	V1.UC38-0.snv.bam	V1.UC4-5.snv.bam	V1.UC53-0.snv.bam	V1.UC54-0.snv.bam	peacemaker-11-0-0.snv.bam	peacemaker-11-2-0.snv.bam	scavenger-11-7-0.snv.bam
158499257-stool1.snv.bam	0.0	0.086383601757	0.11859443631	0.11420204978	0.133235724744	0.121522693997	0.0878477306003	0.11859443631	0.0966325036603	0.0893118594436	0.115666178624	0.11420204978	0.128843338214	0.11420204978	0.115666178624	0.115666178624	0.130307467057	0.115666178624	0.117130307467	0.0658857979502	0.112737920937	0.137628111274	0.0453879941435	0.0966325036603	0.125915080527	0.108345534407	0.0629575402635	0.124450951684	0.158125915081	0.111273792094	0.11420204978	0.1317715959	0.115666178624	0.106881405564	0.11859443631	0.143484626647	0.11420204978	0.103953147877	0.111273792094	0.090775988287	0.117130307467	0.14494875549	0.0893118594436	0.0966325036603	0.139092240117	0.10980966325	0.10102489019	0.10102489019	0.128843338214	0.10541727672	0.171303074671	0.158125915081	0.162518301611	0.133235724744	0.0629575402635	0.146412884334	0.125915080527	0.090775988287	0.099560761347	0.11859443631
158802708-stool1.snv.bam	0.086383601757	0.0	0.10102489019	0.11420204978	0.12298682284	0.0966325036603	0.0966325036603	0.10102489019	0.0761346998536	0.0878477306003	0.10541727672	0.095168374817	0.115666178624	0.103953147877	0.095168374817	0.111273792094	0.124450951684	0.106881405564	0.11420204978	0.0541727672035	0.115666178624	0.12737920937	0.0790629575403	0.10980966325	0.11420204978	0.103953147877	0.0688140556369	0.0717423133236	0.147877013177	0.0790629575403	0.099560761347	0.130307467057	0.086383601757	0.11859443631	0.11420204978	0.12298682284	0.121522693997	0.10102489019	0.0922401171303	0.086383601757	0.0980966325037	0.133235724744	0.099560761347	0.0717423133236	0.112737920937	0.0937042459736	0.0922401171303	0.0717423133236	0.120058565154	0.0922401171303	0.156661786237	0.146412884334	0.152269399707	0.106881405564	0.0658857979502	0.124450951684	0.0717423133236	0.0937042459736	0.10541727672	0.111273792094
160380657-stool1.snv.bam	0.11859443631	0.10102489019	0.0	0.1317715959	0.120058565154	0.0878477306003	0.0980966325037	0.0761346998536	0.0937042459736	0.0761346998536	0.11859443631	0.11859443631	0.111273792094	0.0893118594436	0.10541727672	0.103953147877	0.117130307467	0.12298682284	0.106881405564	0.0644216691069	0.130307467057	0.120058565154	0.099560761347	0.121522693997	0.0893118594436	0.0980966325037	0.0746705710102	0.120058565154	0.142020497804	0.111273792094	0.0937042459736	0.11859443631	0.10541727672	0.125915080527	0.11859443631	0.121522693997	0.112737920937	0.0966325036603	0.0834553440703	0.090775988287	0.0746705710102	0.125915080527	0.0980966325037	0.10980966325	0.103953147877	0.121522693997	0.095168374817	0.128843338214	0.115666178624	0.12298682284	0.14934114202	0.137628111274	0.147877013177	0.0717423133236	0.0702781844802	0.111273792094	0.121522693997	0.0849194729136	0.0893118594436	0.111273792094
763860675-stool1.snv.bam	0.11420204978	0.11420204978	0.1317715959	0.0	0.12298682284	0.099560761347	0.103953147877	0.11859443631	0.0922401171303	0.0688140556369	0.124450951684	0.095168374817	0.11859443631	0.102489019034	0.12737920937	0.0688140556369	0.095168374817	0.128843338214	0.117130307467	0.0761346998536	0.0292825768668	0.11859443631	0.106881405564	0.12298682284	0.134699853587	0.108345534407	0.0819912152269	0.124450951684	0.139092240117	0.11420204978	0.111273792094	0.133235724744	0.103953147877	0.115666178624	0.120058565154	0.128843338214	0.128843338214	0.0673499267936	0.11859443631	0.10980966325	0.11420204978	0.130307467057	0.111273792094	0.106881405564	0.11859443631	0.0980966325037	0.121522693997	0.108345534407	0.0922401171303	0.0966325036603	0.14934114202	0.139092240117	0.143484626647	0.1317715959	0.0805270863836	0.133235724744	0.124450951684	0.0893118594436	0.111273792094	0.120058565154
764143897-stool1.snv.bam	0.133235724744	0.12298682284	0.120058565154	0.12298682284	0.0	0.0966325036603	0.0937042459736	0.115666178624	0.106881405564	0.0849194729136	0.1317715959	0.134699853587	0.0937042459736	0.117130307467	0.12737920937	0.108345534407	0.108345534407	0.11859443631	0.0673499267936	0.0732064421669	0.128843338214	0.120058565154	0.11420204978	0.11859443631	0.115666178624	0.0922401171303	0.0819912152269	0.115666178624	0.142020497804	0.10541727672	0.0937042459736	0.0556368960469	0.106881405564	0.11859443631	0.11859443631	0.124450951684	0.125915080527	0.0893118594436	0.112737920937	0.112737920937	0.108345534407	0.133235724744	0.10541727672	0.10541727672	0.0702781844802	0.117130307467	0.11420204978	0.125915080527	0.117130307467	0.130307467057	0.150805270864	0.13616398243	0.146412884334	0.11420204978	0.0834553440703	0.130307467057	0.115666178624	0.0922401171303	0.106881405564	0.12298682284
CCIS02124300ST-4-0.snv.bam	0.121522693997	0.0966325036603	0.0878477306003	0.099560761347	0.0966325036603	0.0	0.0849194729136	0.0834553440703	0.0834553440703	0.0644216691069	0.0980966325037	0.099560761347	0.0966325036603	0.10541727672	0.102489019034	0.0980966325037	0.099560761347	0.0922401171303	0.099560761347	0.0541727672035	0.099560761347	0.095168374817	0.108345534407	0.099560761347	0.0966325036603	0.0732064421669	0.0527086383602	0.095168374817	0.11420204978	0.0775988286969	0.0805270863836	0.108345534407	0.0922401171303	0.102489019034	0.0878477306003	0.111273792094	0.0893118594436	0.0658857979502	0.0878477306003	0.0893118594436	0.0761346998536	0.106881405564	0.0849194729136	0.086383601757	0.0805270863836	0.10102489019	0.0819912152269	0.103953147877	0.0805270863836	0.103953147877	0.12298682284	0.111273792094	0.11859443631	0.0980966325037	0.0673499267936	0.0893118594436	0.095168374817	0.0658857979502	0.0834553440703	0.099560761347
CCIS11362406ST-4-0.snv.bam	0.0878477306003	0.0966325036603	0.0980966325037	0.103953147877	0.0937042459736	0.0849194729136	0.0	0.0805270863836	0.0658857979502	0.0541727672035	0.103953147877	0.0966325036603	0.102489019034	0.0878477306003	0.0966325036603	0.0805270863836	0.0980966325037	0.0922401171303	0.0937042459736	0.0409956076135	0.106881405564	0.106881405564	0.102489019034	0.0556368960469	0.0834553440703	0.086383601757	0.0600292825769	0.0893118594436	0.125915080527	0.0702781844802	0.0849194729136	0.099560761347	0.090775988287	0.0571010248902	0.10102489019	0.10980966325	0.10102489019	0.0673499267936	0.090775988287	0.0409956076135	0.0644216691069	0.11859443631	0.0775988286969	0.0658857979502	0.095168374817	0.099560761347	0.0922401171303	0.0980966325037	0.0980966325037	0.103953147877	0.137628111274	0.12298682284	0.133235724744	0.102489019034	0.0468521229868	0.11420204978	0.0893118594436	0.0614934114202	0.0629575402635	0.112737920937
CCIS22906510ST-20-0.snv.bam	0.11859443631	0.10102489019	0.0761346998536	0.11859443631	0.115666178624	0.0834553440703	0.0805270863836	0.0	0.0746705710102	0.0746705710102	0.120058565154	0.117130307467	0.0980966325037	0.11859443631	0.10541727672	0.0980966325037	0.108345534407	0.0966325036603	0.0980966325037	0.0600292825769	0.120058565154	0.102489019034	0.099560761347	0.115666178624	0.0937042459736	0.090775988287	0.0688140556369	0.10980966325	0.12737920937	0.0937042459736	0.0761346998536	0.115666178624	0.090775988287	0.117130307467	0.108345534407	0.115666178624	0.0893118594436	0.0878477306003	0.086383601757	0.0746705710102	0.0746705710102	0.115666178624	0.102489019034	0.0966325036603	0.099560761347	0.108345534407	0.0893118594436	0.120058565154	0.111273792094	0.11420204978	0.142020497804	0.130307467057	0.133235724744	0.102489019034	0.0644216691069	0.111273792094	0.10980966325	0.0761346998536	0.0819912152269	0.108345534407
CCIS48174381ST-4-0.snv.bam	0.0966325036603	0.0761346998536	0.0937042459736	0.0922401171303	0.106881405564	0.0834553440703	0.0658857979502	0.0746705710102	0.0	0.0556368960469	0.0702781844802	0.0878477306003	0.0966325036603	0.095168374817	0.0980966325037	0.0937042459736	0.0922401171303	0.0834553440703	0.099560761347	0.0336749633968	0.0893118594436	0.102489019034	0.0849194729136	0.0775988286969	0.0834553440703	0.0849194729136	0.0629575402635	0.0819912152269	0.128843338214	0.0571010248902	0.0819912152269	0.112737920937	0.0937042459736	0.0937042459736	0.099560761347	0.11859443631	0.0819912152269	0.0527086383602	0.0849194729136	0.0805270863836	0.086383601757	0.117130307467	0.0878477306003	0.0278184480234	0.0937042459736	0.0761346998536	0.090775988287	0.0644216691069	0.095168374817	0.0541727672035	0.14055636896	0.117130307467	0.133235724744	0.103953147877	0.0439238653001	0.108345534407	0.0849194729136	0.0629575402635	0.0702781844802	0.102489019034
CCIS50369211ST-20-0.snv.bam	0.0893118594436	0.0878477306003	0.0761346998536	0.0688140556369	0.0849194729136	0.0644216691069	0.0541727672035	0.0746705710102	0.0556368960469	0.0	0.0922401171303	0.0980966325037	0.0893118594436	0.0644216691069	0.0805270863836	0.0702781844802	0.0746705710102	0.0849194729136	0.0849194729136	0.0468521229868	0.0732064421669	0.0878477306003	0.0819912152269	0.0805270863836	0.0849194729136	0.0717423133236	0.0439238653001	0.0732064421669	0.112737920937	0.0614934114202	0.0512445095168	0.103953147877	0.0614934114202	0.0834553440703	0.086383601757	0.10541727672	0.0849194729136	0.0512445095168	0.0629575402635	0.0717423133236	0.0717423133236	0.10980966325	0.086383601757	0.0717423133236	0.0790629575403	0.0878477306003	0.0790629575403	0.0937042459736	0.0717423133236	0.086383601757	0.128843338214	0.099560761347	0.115666178624	0.0878477306003	0.0453879941435	0.0922401171303	0.0717423133236	0.0424597364568	0.0527086383602	0.0790629575403
CCIS50471204ST-4-0.snv.bam	0.115666178624	0.10541727672	0.11859443631	0.124450951684	0.1317715959	0.0980966325037	0.103953147877	0.120058565154	0.0702781844802	0.0922401171303	0.0	0.11420204978	0.125915080527	0.12298682284	0.13616398243	0.11859443631	0.133235724744	0.111273792094	0.121522693997	0.0644216691069	0.12737920937	0.134699853587	0.108345534407	0.115666178624	0.11859443631	0.115666178624	0.0775988286969	0.120058565154	0.155197657394	0.103953147877	0.11420204978	0.137628111274	0.10541727672	0.12298682284	0.124450951684	0.143484626647	0.128843338214	0.108345534407	0.102489019034	0.10541727672	0.106881405564	0.133235724744	0.10541727672	0.0717423133236	0.112737920937	0.0980966325037	0.11859443631	0.102489019034	0.128843338214	0.0922401171303	0.168374816984	0.153733528551	0.161054172767	0.128843338214	0.0585651537335	0.12737920937	0.121522693997	0.0746705710102	0.0819912152269	0.111273792094
CCIS59132091ST-4-0.snv.bam	0.11420204978	0.095168374817	0.11859443631	0.095168374817	0.134699853587	0.099560761347	0.0966325036603	0.117130307467	0.0878477306003	0.0980966325037	0.11420204978	0.0	0.112737920937	0.125915080527	0.124450951684	0.108345534407	0.137628111274	0.125915080527	0.128843338214	0.0658857979502	0.102489019034	0.130307467057	0.112737920937	0.10980966325	0.12737920937	0.12298682284	0.0761346998536	0.0966325036603	0.161054172767	0.10541727672	0.117130307467	0.128843338214	0.121522693997	0.12298682284	0.13616398243	0.14494875549	0.13616398243	0.0966325036603	0.106881405564	0.0702781844802	0.103953147877	0.152269399707	0.0937042459736	0.0980966325037	0.128843338214	0.111273792094	0.10980966325	0.090775988287	0.115666178624	0.0937042459736	0.165446559297	0.156661786237	0.166910688141	0.125915080527	0.0732064421669	0.11859443631	0.0980966325037	0.0980966325037	0.115666178624	0.125915080527
CCIS74726977ST-3-0.snv.bam	0.128843338214	0.115666178624	0.111273792094	0.11859443631	0.0937042459736	0.0966325036603	0.102489019034	0.0980966325037	0.0966325036603	0.0893118594436	0.125915080527	0.112737920937	0.0	0.12737920937	0.115666178624	0.106881405564	0.117130307467	0.11420204978	0.0893118594436	0.0629575402635	0.128843338214	0.0893118594436	0.10541727672	0.12298682284	0.120058565154	0.0893118594436	0.0732064421669	0.10541727672	0.1317715959	0.11420204978	0.10541727672	0.0893118594436	0.10102489019	0.128843338214	0.099560761347	0.115666178624	0.11420204978	0.0937042459736	0.0922401171303	0.10102489019	0.0966325036603	0.11859443631	0.10541727672	0.106881405564	0.0937042459736	0.10541727672	0.0937042459736	0.11859443631	0.108345534407	0.120058565154	0.150805270864	0.1317715959	0.139092240117	0.121522693997	0.0688140556369	0.12298682284	0.10541727672	0.0805270863836	0.099560761347	0.12737920937
CCIS76845094ST-20-0.snv.bam	0.11420204978	0.103953147877	0.0893118594436	0.102489019034	0.117130307467	0.10541727672	0.0878477306003	0.11859443631	0.095168374817	0.0644216691069	0.12298682284	0.125915080527	0.12737920937	0.0	0.128843338214	0.11420204978	0.10980966325	0.130307467057	0.11859443631	0.0688140556369	0.10980966325	0.11859443631	0.108345534407	0.108345534407	0.1317715959	0.0980966325037	0.0805270863836	0.120058565154	0.14494875549	0.112737920937	0.106881405564	0.134699853587	0.112737920937	0.115666178624	0.1317715959	0.13616398243	0.12737920937	0.103953147877	0.10102489019	0.102489019034	0.0922401171303	0.13616398243	0.125915080527	0.106881405564	0.117130307467	0.102489019034	0.124450951684	0.11859443631	0.115666178624	0.120058565154	0.147877013177	0.142020497804	0.146412884334	0.0614934114202	0.0717423133236	0.134699853587	0.121522693997	0.0878477306003	0.103953147877	0.111273792094
CCIS78100604ST-4-0.snv.bam	0.115666178624	0.095168374817	0.10541727672	0.12737920937	0.12737920937	0.102489019034	0.0966325036603	0.10541727672	0.0980966325037	0.0805270863836	0.13616398243	0.124450951684	0.115666178624	0.128843338214	0.0	0.121522693997	0.11420204978	0.117130307467	0.112737920937	0.0834553440703	0.1317715959	0.121522693997	0.115666178624	0.120058565154	0.12737920937	0.108345534407	0.090775988287	0.103953147877	0.143484626647	0.103953147877	0.0966325036603	0.124450951684	0.10102489019	0.120058565154	0.108345534407	0.128843338214	0.120058565154	0.0980966325037	0.0980966325037	0.103953147877	0.095168374817	0.128843338214	0.115666178624	0.111273792094	0.12298682284	0.117130307467	0.0849194729136	0.124450951684	0.12298682284	0.117130307467	0.161054172767	0.146412884334	0.147877013177	0.117130307467	0.0849194729136	0.120058565154	0.103953147877	0.0878477306003	0.10102489019	0.121522693997
CCIS81735969ST-20-0.snv.bam	0.115666178624	0.111273792094	0.103953147877	0.0688140556369	0.108345534407	0.0980966325037	0.0805270863836	0.0980966325037	0.0937042459736	0.0702781844802	0.11859443631	0.108345534407	0.106881405564	0.11420204978	0.121522693997	0.0	0.102489019034	0.106881405564	0.095168374817	0.0527086383602	0.0732064421669	0.124450951684	0.099560761347	0.102489019034	0.12298682284	0.102489019034	0.0600292825769	0.0980966325037	0.146412884334	0.10541727672	0.090775988287	0.111273792094	0.0878477306003	0.106881405564	0.108345534407	0.125915080527	0.10980966325	0.0673499267936	0.0922401171303	0.0922401171303	0.10541727672	0.133235724744	0.10980966325	0.103953147877	0.099560761347	0.117130307467	0.102489019034	0.130307467057	0.099560761347	0.12737920937	0.158125915081	0.125915080527	0.150805270864	0.121522693997	0.0834553440703	0.12298682284	0.0980966325037	0.086383601757	0.102489019034	0.130307467057
CCIS82146115ST-4-0.snv.bam	0.130307467057	0.124450951684	0.117130307467	0.095168374817	0.108345534407	0.099560761347	0.0980966325037	0.108345534407	0.0922401171303	0.0746705710102	0.133235724744	0.137628111274	0.117130307467	0.10980966325	0.11420204978	0.102489019034	0.0	0.12298682284	0.099560761347	0.0585651537335	0.11420204978	0.117130307467	0.115666178624	0.106881405564	0.11420204978	0.0834553440703	0.0717423133236	0.0980966325037	0.137628111274	0.0878477306003	0.0893118594436	0.12298682284	0.103953147877	0.10102489019	0.111273792094	0.125915080527	0.12298682284	0.0556368960469	0.086383601757	0.115666178624	0.106881405564	0.125915080527	0.115666178624	0.103953147877	0.103953147877	0.11420204978	0.095168374817	0.128843338214	0.0937042459736	0.125915080527	0.14055636896	0.11859443631	0.142020497804	0.125915080527	0.0790629575403	0.099560761347	0.099560761347	0.0819912152269	0.0922401171303	0.12298682284
CCMD25963797ST-21-0.snv.bam	0.115666178624	0.106881405564	0.12298682284	0.128843338214	0.11859443631	0.0922401171303	0.0922401171303	0.0966325036603	0.0834553440703	0.0849194729136	0.111273792094	0.125915080527	0.11420204978	0.130307467057	0.117130307467	0.106881405564	0.12298682284	0.0	0.115666178624	0.0717423133236	0.128843338214	0.124450951684	0.120058565154	0.0937042459736	0.124450951684	0.10541727672	0.0878477306003	0.103953147877	0.14494875549	0.0966325036603	0.0761346998536	0.115666178624	0.10541727672	0.108345534407	0.108345534407	0.11859443631	0.0893118594436	0.086383601757	0.102489019034	0.095168374817	0.10541727672	0.124450951684	0.0922401171303	0.0966325036603	0.10980966325	0.10102489019	0.095168374817	0.108345534407	0.111273792094	0.120058565154	0.156661786237	0.13616398243	0.150805270864	0.111273792094	0.0717423133236	0.12737920937	0.103953147877	0.0849194729136	0.0849194729136	0.124450951684
CCMD26709089ST-21-0.snv.bam	0.117130307467	0.11420204978	0.106881405564	0.117130307467	0.0673499267936	0.099560761347	0.0937042459736	0.0980966325037	0.099560761347	0.0849194729136	0.121522693997	0.128843338214	0.0893118594436	0.11859443631	0.112737920937	0.095168374817	0.099560761347	0.115666178624	0.0	0.0658857979502	0.12298682284	0.106881405564	0.0966325036603	0.112737920937	0.112737920937	0.0834553440703	0.0746705710102	0.112737920937	0.125915080527	0.099560761347	0.090775988287	0.0761346998536	0.10102489019	0.112737920937	0.106881405564	0.108345534407	0.11420204978	0.0834553440703	0.099560761347	0.102489019034	0.102489019034	0.128843338214	0.106881405564	0.103953147877	0.0746705710102	0.108345534407	0.0937042459736	0.120058565154	0.108345534407	0.125915080527	0.142020497804	0.130307467057	0.130307467057	0.117130307467	0.0790629575403	0.111273792094	0.112737920937	0.086383601757	0.095168374817	0.124450951684
M4.1-V3.metaT.snv.bam	0.0658857979502	0.0541727672035	0.0644216691069	0.0761346998536	0.0732064421669	0.0541727672035	0.0409956076135	0.0600292825769	0.0336749633968	0.0468521229868	0.0644216691069	0.0658857979502	0.0629575402635	0.0688140556369	0.0834553440703	0.0527086383602	0.0585651537335	0.0717423133236	0.0658857979502	0.0	0.0834553440703	0.0834553440703	0.0702781844802	0.0483162518302	0.0614934114202	0.0512445095168	0.0204978038067	0.0483162518302	0.10102489019	0.0483162518302	0.0571010248902	0.0805270863836	0.0614934114202	0.0600292825769	0.0790629575403	0.0849194729136	0.0702781844802	0.0497803806735	0.0366032210835	0.0409956076135	0.0541727672035	0.086383601757	0.0541727672035	0.0439238653001	0.0614934114202	0.0761346998536	0.0600292825769	0.0673499267936	0.0732064421669	0.0629575402635	0.111273792094	0.0761346998536	0.103953147877	0.0658857979502	0.0380673499268	0.0775988286969	0.0468521229868	0.0453879941435	0.0541727672035	0.0849194729136
NG-5636_312.snv.bam	0.112737920937	0.115666178624	0.130307467057	0.0292825768668	0.128843338214	0.099560761347	0.106881405564	0.120058565154	0.0893118594436	0.0732064421669	0.12737920937	0.102489019034	0.128843338214	0.10980966325	0.1317715959	0.0732064421669	0.11420204978	0.128843338214	0.12298682284	0.0834553440703	0.0	0.12737920937	0.10541727672	0.12737920937	0.1317715959	0.111273792094	0.0834553440703	0.130307467057	0.147877013177	0.12298682284	0.115666178624	0.130307467057	0.10980966325	0.1317715959	0.115666178624	0.139092240117	0.139092240117	0.0790629575403	0.124450951684	0.11420204978	0.12737920937	0.14055636896	0.11420204978	0.108345534407	0.125915080527	0.108345534407	0.11859443631	0.11420204978	0.108345534407	0.106881405564	0.156661786237	0.13616398243	0.152269399707	0.134699853587	0.0819912152269	0.14055636896	0.130307467057	0.0922401171303	0.11420204978	0.125915080527
NG-5636_317.snv.bam	0.137628111274	0.12737920937	0.120058565154	0.11859443631	0.120058565154	0.095168374817	0.106881405564	0.102489019034	0.102489019034	0.0878477306003	0.134699853587	0.130307467057	0.0893118594436	0.11859443631	0.121522693997	0.124450951684	0.117130307467	0.124450951684	0.106881405564	0.0834553440703	0.12737920937	0.0	0.121522693997	0.12737920937	0.124450951684	0.0351390922401	0.090775988287	0.133235724744	0.00439238653001	0.115666178624	0.117130307467	0.112737920937	0.112737920937	0.1317715959	0.111273792094	0.0658857979502	0.11859443631	0.102489019034	0.112737920937	0.115666178624	0.0980966325037	0.0644216691069	0.10980966325	0.117130307467	0.103953147877	0.115666178624	0.108345534407	0.134699853587	0.121522693997	0.12737920937	0.0805270863836	0.130307467057	0.00585651537335	0.133235724744	0.0834553440703	0.137628111274	0.1317715959	0.086383601757	0.108345534407	0.1317715959
NG-5636_372.snv.bam	0.0453879941435	0.0790629575403	0.099560761347	0.106881405564	0.11420204978	0.108345534407	0.102489019034	0.099560761347	0.0849194729136	0.0819912152269	0.108345534407	0.112737920937	0.10541727672	0.108345534407	0.115666178624	0.099560761347	0.115666178624	0.120058565154	0.0966325036603	0.0702781844802	0.10541727672	0.121522693997	0.0	0.111273792094	0.099560761347	0.0922401171303	0.0366032210835	0.10980966325	0.14494875549	0.099560761347	0.099560761347	0.111273792094	0.090775988287	0.120058565154	0.10102489019	0.125915080527	0.10980966325	0.0980966325037	0.090775988287	0.10541727672	0.10541727672	0.12737920937	0.0966325036603	0.0819912152269	0.115666178624	0.0966325036603	0.095168374817	0.090775988287	0.117130307467	0.095168374817	0.155197657394	0.139092240117	0.147877013177	0.11859443631	0.0527086383602	0.128843338214	0.111273792094	0.0717423133236	0.086383601757	0.103953147877
O2.UC11-1.snv.bam	0.0966325036603	0.10980966325	0.121522693997	0.12298682284	0.11859443631	0.099560761347	0.0556368960469	0.115666178624	0.0775988286969	0.0805270863836	0.115666178624	0.10980966325	0.12298682284	0.108345534407	0.120058565154	0.102489019034	0.106881405564	0.0937042459736	0.112737920937	0.0483162518302	0.12737920937	0.12737920937	0.111273792094	0.0	0.125915080527	0.099560761347	0.0790629575403	0.102489019034	0.142020497804	0.090775988287	0.103953147877	0.115666178624	0.112737920937	0.0204978038067	0.11420204978	0.133235724744	0.10102489019	0.0805270863836	0.0893118594436	0.0688140556369	0.0966325036603	0.13616398243	0.0834553440703	0.0893118594436	0.11420204978	0.112737920937	0.103953147877	0.106881405564	0.106881405564	0.117130307467	0.161054172767	0.139092240117	0.150805270864	0.12737920937	0.0673499267936	0.134699853587	0.10102489019	0.086383601757	0.0893118594436	0.12737920937
O2.UC18-1.snv.bam	0.125915080527	0.11420204978	0.0893118594436	0.134699853587	0.115666178624	0.0966325036603	0.0834553440703	0.0937042459736	0.0834553440703	0.0849194729136	0.11859443631	0.12737920937	0.120058565154	0.1317715959	0.12737920937	0.12298682284	0.11420204978	0.124450951684	0.112737920937	0.0614934114202	0.1317715959	0.124450951684	0.099560761347	0.125915080527	0.0	0.10102489019	0.0761346998536	0.10980966325	0.14934114202	0.0922401171303	0.106881405564	0.121522693997	0.095168374817	0.130307467057	0.10541727672	0.128843338214	0.12298682284	0.0849194729136	0.0980966325037	0.10541727672	0.0966325036603	0.128843338214	0.0893118594436	0.090775988287	0.11420204978	0.12737920937	0.10541727672	0.12737920937	0.117130307467	0.10980966325	0.147877013177	0.12737920937	0.153733528551	0.115666178624	0.0673499267936	0.12737920937	0.111273792094	0.0658857979502	0.0717423133236	0.134699853587
O2.UC20-1.snv.bam	0.108345534407	0.103953147877	0.0980966325037	0.108345534407	0.0922401171303	0.0732064421669	0.086383601757	0.090775988287	0.0849194729136	0.0717423133236	0.115666178624	0.12298682284	0.0893118594436	0.0980966325037	0.108345534407	0.102489019034	0.0834553440703	0.10541727672	0.0834553440703	0.0512445095168	0.111273792094	0.0351390922401	0.0922401171303	0.099560761347	0.10102489019	0.0	0.0614934114202	0.099560761347	0.0541727672035	0.0893118594436	0.0922401171303	0.099560761347	0.090775988287	0.102489019034	0.090775988287	0.0688140556369	0.102489019034	0.0761346998536	0.086383601757	0.0878477306003	0.0893118594436	0.0556368960469	0.10102489019	0.095168374817	0.0834553440703	0.0966325036603	0.0966325036603	0.11420204978	0.106881405564	0.11420204978	0.0717423133236	0.106881405564	0.0556368960469	0.108345534407	0.0541727672035	0.11420204978	0.10102489019	0.0644216691069	0.0805270863836	0.10980966325
O2.UC36-0.snv.bam	0.0629575402635	0.0688140556369	0.0746705710102	0.0819912152269	0.0819912152269	0.0527086383602	0.0600292825769	0.0688140556369	0.0629575402635	0.0439238653001	0.0775988286969	0.0761346998536	0.0732064421669	0.0805270863836	0.090775988287	0.0600292825769	0.0717423133236	0.0878477306003	0.0746705710102	0.0204978038067	0.0834553440703	0.090775988287	0.0366032210835	0.0790629575403	0.0761346998536	0.0614934114202	0.0	0.0644216691069	0.117130307467	0.0658857979502	0.0614934114202	0.0849194729136	0.0497803806735	0.0834553440703	0.0732064421669	0.10102489019	0.095168374817	0.0600292825769	0.0527086383602	0.0614934114202	0.0717423133236	0.0966325036603	0.0732064421669	0.0644216691069	0.0834553440703	0.086383601757	0.0629575402635	0.0819912152269	0.0746705710102	0.0775988286969	0.12298682284	0.0966325036603	0.121522693997	0.0922401171303	0.0351390922401	0.0966325036603	0.0673499267936	0.0483162518302	0.0556368960469	0.0849194729136
O2.UC46-1.snv.bam	0.124450951684	0.0717423133236	0.120058565154	0.124450951684	0.115666178624	0.095168374817	0.0893118594436	0.10980966325	0.0819912152269	0.0732064421669	0.120058565154	0.0966325036603	0.10541727672	0.120058565154	0.103953147877	0.0980966325037	0.0980966325037	0.103953147877	0.112737920937	0.0483162518302	0.130307467057	0.133235724744	0.10980966325	0.102489019034	0.10980966325	0.099560761347	0.0644216691069	0.0	0.153733528551	0.0614934114202	0.0893118594436	0.125915080527	0.0732064421669	0.112737920937	0.10541727672	0.128843338214	0.121522693997	0.0805270863836	0.0790629575403	0.0937042459736	0.0980966325037	0.1317715959	0.10541727672	0.0819912152269	0.10980966325	0.115666178624	0.10102489019	0.0937042459736	0.11859443631	0.10980966325	0.159590043924	0.13616398243	0.159590043924	0.112737920937	0.0673499267936	0.125915080527	0.0	0.0849194729136	0.0980966325037	0.133235724744
O2.UC7-0.snv.bam	0.158125915081	0.147877013177	0.142020497804	0.139092240117	0.142020497804	0.11420204978	0.125915080527	0.12737920937	0.128843338214	0.112737920937	0.155197657394	0.161054172767	0.1317715959	0.14494875549	0.143484626647	0.146412884334	0.137628111274	0.14494875549	0.125915080527	0.10102489019	0.147877013177	0.00439238653001	0.14494875549	0.142020497804	0.14934114202	0.0541727672035	0.117130307467	0.153733528551	0.0	0.137628111274	0.14055636896	0.133235724744	0.137628111274	0.147877013177	0.133235724744	0.0790629575403	0.14055636896	0.125915080527	0.13616398243	0.13616398243	0.134699853587	0.0717423133236	0.143484626647	0.142020497804	0.120058565154	0.13616398243	0.13616398243	0.153733528551	0.14494875549	0.147877013177	0.0834553440703	0.156661786237	0.0	0.155197657394	0.10980966325	0.158125915081	0.155197657394	0.10980966325	0.1317715959	0.155197657394
O2.UC8-1.snv.bam	0.111273792094	0.0790629575403	0.111273792094	0.11420204978	0.10541727672	0.0775988286969	0.0702781844802	0.0937042459736	0.0571010248902	0.0614934114202	0.103953147877	0.10541727672	0.11420204978	0.112737920937	0.103953147877	0.10541727672	0.0878477306003	0.0966325036603	0.099560761347	0.0483162518302	0.12298682284	0.115666178624	0.099560761347	0.090775988287	0.0922401171303	0.0893118594436	0.0658857979502	0.0614934114202	0.137628111274	0.0	0.0819912152269	0.124450951684	0.086383601757	0.0937042459736	0.0966325036603	0.11859443631	0.095168374817	0.0673499267936	0.0878477306003	0.086383601757	0.0746705710102	0.125915080527	0.0922401171303	0.0527086383602	0.0966325036603	0.10102489019	0.095168374817	0.0688140556369	0.0966325036603	0.0717423133236	0.14934114202	0.125915080527	0.143484626647	0.10980966325	0.0600292825769	0.108345534407	0.0629575402635	0.0761346998536	0.0878477306003	0.111273792094
SAMEA3136646.snv.bam	0.11420204978	0.099560761347	0.0937042459736	0.111273792094	0.0937042459736	0.0805270863836	0.0849194729136	0.0761346998536	0.0819912152269	0.0512445095168	0.11420204978	0.117130307467	0.10541727672	0.106881405564	0.0966325036603	0.090775988287	0.0893118594436	0.0761346998536	0.090775988287	0.0571010248902	0.115666178624	0.117130307467	0.099560761347	0.103953147877	0.106881405564	0.0922401171303	0.0614934114202	0.0893118594436	0.14055636896	0.0819912152269	0.0	0.112737920937	0.0761346998536	0.108345534407	0.0980966325037	0.12298682284	0.0893118594436	0.0819912152269	0.0790629575403	0.0937042459736	0.086383601757	0.125915080527	0.0937042459736	0.0922401171303	0.090775988287	0.102489019034	0.0732064421669	0.10980966325	0.102489019034	0.106881405564	0.147877013177	0.117130307467	0.14494875549	0.0966325036603	0.0497803806735	0.10102489019	0.0893118594436	0.0571010248902	0.0614934114202	0.0629575402635
SAMEA3136655.snv.bam	0.1317715959	0.130307467057	0.11859443631	0.133235724744	0.0556368960469	0.108345534407	0.099560761347	0.115666178624	0.112737920937	0.103953147877	0.137628111274	0.128843338214	0.0893118594436	0.134699853587	0.124450951684	0.111273792094	0.12298682284	0.115666178624	0.0761346998536	0.0805270863836	0.130307467057	0.112737920937	0.111273792094	0.115666178624	0.121522693997	0.099560761347	0.0849194729136	0.125915080527	0.133235724744	0.124450951684	0.112737920937	0.0	0.120058565154	0.124450951684	0.112737920937	0.115666178624	0.128843338214	0.095168374817	0.111273792094	0.11420204978	0.117130307467	0.124450951684	0.115666178624	0.120058565154	0.0790629575403	0.124450951684	0.106881405564	0.133235724744	0.120058565154	0.13616398243	0.150805270864	0.139092240117	0.14055636896	0.12737920937	0.0849194729136	0.133235724744	0.125915080527	0.0966325036603	0.106881405564	0.134699853587
SAMEA3136656.snv.bam	0.115666178624	0.086383601757	0.10541727672	0.103953147877	0.106881405564	0.0922401171303	0.090775988287	0.090775988287	0.0937042459736	0.0614934114202	0.10541727672	0.121522693997	0.10102489019	0.112737920937	0.10102489019	0.0878477306003	0.103953147877	0.10541727672	0.10102489019	0.0614934114202	0.10980966325	0.112737920937	0.090775988287	0.112737920937	0.095168374817	0.090775988287	0.0497803806735	0.0732064421669	0.137628111274	0.086383601757	0.0761346998536	0.120058565154	0.0	0.117130307467	0.0980966325037	0.121522693997	0.10980966325	0.086383601757	0.0746705710102	0.0937042459736	0.099560761347	0.134699853587	0.108345534407	0.095168374817	0.10541727672	0.111273792094	0.0980966325037	0.103953147877	0.103953147877	0.106881405564	0.152269399707	0.128843338214	0.142020497804	0.112737920937	0.0512445095168	0.11859443631	0.0761346998536	0.0600292825769	0.0702781844802	0.0966325036603
SAMEA3136662.snv.bam	0.106881405564	0.11859443631	0.125915080527	0.115666178624	0.11859443631	0.102489019034	0.0571010248902	0.117130307467	0.0937042459736	0.0834553440703	0.12298682284	0.12298682284	0.128843338214	0.115666178624	0.120058565154	0.106881405564	0.10102489019	0.108345534407	0.112737920937	0.0600292825769	0.1317715959	0.1317715959	0.120058565154	0.0204978038067	0.130307467057	0.102489019034	0.0834553440703	0.112737920937	0.147877013177	0.0937042459736	0.108345534407	0.124450951684	0.117130307467	0.0	0.121522693997	0.13616398243	0.10980966325	0.0805270863836	0.10102489019	0.0732064421669	0.10541727672	0.142020497804	0.0937042459736	0.102489019034	0.115666178624	0.120058565154	0.11859443631	0.115666178624	0.10102489019	0.125915080527	0.163982430454	0.152269399707	0.156661786237	0.1317715959	0.0834553440703	0.14494875549	0.112737920937	0.0922401171303	0.0980966325037	0.128843338214
SAMEA3136674.snv.bam	0.11859443631	0.11420204978	0.11859443631	0.120058565154	0.11859443631	0.0878477306003	0.10102489019	0.108345534407	0.099560761347	0.086383601757	0.124450951684	0.13616398243	0.099560761347	0.1317715959	0.108345534407	0.108345534407	0.111273792094	0.108345534407	0.106881405564	0.0790629575403	0.115666178624	0.111273792094	0.10102489019	0.11420204978	0.10541727672	0.090775988287	0.0732064421669	0.10541727672	0.133235724744	0.0966325036603	0.0980966325037	0.112737920937	0.0980966325037	0.121522693997	0.0	0.11420204978	0.125915080527	0.0922401171303	0.0966325036603	0.11420204978	0.102489019034	0.125915080527	0.0980966325037	0.106881405564	0.10541727672	0.120058565154	0.0966325036603	0.121522693997	0.115666178624	0.115666178624	0.137628111274	0.11859443631	0.137628111274	0.12737920937	0.0688140556369	0.128843338214	0.108345534407	0.0878477306003	0.0980966325037	0.106881405564
SAMEA3136688.snv.bam	0.143484626647	0.12298682284	0.121522693997	0.128843338214	0.124450951684	0.111273792094	0.10980966325	0.115666178624	0.11859443631	0.10541727672	0.143484626647	0.14494875549	0.115666178624	0.13616398243	0.128843338214	0.125915080527	0.125915080527	0.11859443631	0.108345534407	0.0849194729136	0.139092240117	0.0658857979502	0.125915080527	0.133235724744	0.128843338214	0.0688140556369	0.10102489019	0.128843338214	0.0790629575403	0.11859443631	0.12298682284	0.115666178624	0.121522693997	0.13616398243	0.11420204978	0.0	0.125915080527	0.108345534407	0.121522693997	0.117130307467	0.115666178624	0.0878477306003	0.124450951684	0.124450951684	0.108345534407	0.12737920937	0.108345534407	0.13616398243	0.12737920937	0.13616398243	0.0878477306003	0.139092240117	0.0819912152269	0.128843338214	0.0922401171303	0.12737920937	0.130307467057	0.10102489019	0.120058565154	0.139092240117
SAMEA3136693.snv.bam	0.11420204978	0.121522693997	0.112737920937	0.128843338214	0.125915080527	0.0893118594436	0.10102489019	0.0893118594436	0.0819912152269	0.0849194729136	0.128843338214	0.13616398243	0.11420204978	0.12737920937	0.120058565154	0.10980966325	0.12298682284	0.0893118594436	0.11420204978	0.0702781844802	0.139092240117	0.11859443631	0.10980966325	0.10102489019	0.12298682284	0.102489019034	0.095168374817	0.121522693997	0.14055636896	0.095168374817	0.0893118594436	0.128843338214	0.10980966325	0.10980966325	0.125915080527	0.125915080527	0.0	0.0761346998536	0.106881405564	0.10541727672	0.099560761347	0.133235724744	0.103953147877	0.0980966325037	0.106881405564	0.106881405564	0.103953147877	0.121522693997	0.099560761347	0.117130307467	0.163982430454	0.14494875549	0.146412884334	0.133235724744	0.0834553440703	0.115666178624	0.121522693997	0.0849194729136	0.0980966325037	0.120058565154
SAMEA3136708.snv.bam	0.103953147877	0.10102489019	0.0966325036603	0.0673499267936	0.0893118594436	0.0658857979502	0.0673499267936	0.0878477306003	0.0527086383602	0.0512445095168	0.108345534407	0.0966325036603	0.0937042459736	0.103953147877	0.0980966325037	0.0673499267936	0.0556368960469	0.086383601757	0.0834553440703	0.0497803806735	0.0790629575403	0.102489019034	0.0980966325037	0.0805270863836	0.0849194729136	0.0761346998536	0.0600292825769	0.0805270863836	0.125915080527	0.0673499267936	0.0819912152269	0.095168374817	0.086383601757	0.0805270863836	0.0922401171303	0.108345534407	0.0761346998536	0.0	0.0775988286969	0.0717423133236	0.0805270863836	0.108345534407	0.0805270863836	0.0790629575403	0.0819912152269	0.095168374817	0.0805270863836	0.103953147877	0.0527086383602	0.102489019034	0.130307467057	0.102489019034	0.128843338214	0.106881405564	0.0614934114202	0.0893118594436	0.0819912152269	0.0614934114202	0.0644216691069	0.111273792094
SAMEA3136714.snv.bam	0.111273792094	0.0922401171303	0.0834553440703	0.11859443631	0.112737920937	0.0878477306003	0.090775988287	0.086383601757	0.0849194729136	0.0629575402635	0.102489019034	0.106881405564	0.0922401171303	0.10102489019	0.0980966325037	0.0922401171303	0.086383601757	0.102489019034	0.099560761347	0.0366032210835	0.124450951684	0.112737920937	0.090775988287	0.0893118594436	0.0980966325037	0.086383601757	0.0527086383602	0.0790629575403	0.13616398243	0.0878477306003	0.0790629575403	0.111273792094	0.0746705710102	0.10102489019	0.0966325036603	0.121522693997	0.106881405564	0.0775988286969	0.0	0.0893118594436	0.0673499267936	0.11420204978	0.0966325036603	0.0834553440703	0.0937042459736	0.11420204978	0.0805270863836	0.10541727672	0.10541727672	0.10980966325	0.152269399707	0.124450951684	0.14055636896	0.0966325036603	0.0497803806735	0.106881405564	0.0790629575403	0.0717423133236	0.0673499267936	0.112737920937
SAMEA3136719.snv.bam	0.090775988287	0.086383601757	0.090775988287	0.10980966325	0.112737920937	0.0893118594436	0.0409956076135	0.0746705710102	0.0805270863836	0.0717423133236	0.10541727672	0.0702781844802	0.10102489019	0.102489019034	0.103953147877	0.0922401171303	0.115666178624	0.095168374817	0.102489019034	0.0409956076135	0.11420204978	0.115666178624	0.10541727672	0.0688140556369	0.10541727672	0.0878477306003	0.0614934114202	0.0937042459736	0.13616398243	0.086383601757	0.0937042459736	0.11420204978	0.0937042459736	0.0732064421669	0.11420204978	0.117130307467	0.10541727672	0.0717423133236	0.0893118594436	0.0	0.0849194729136	0.121522693997	0.086383601757	0.0849194729136	0.106881405564	0.102489019034	0.099560761347	0.0980966325037	0.10980966325	0.112737920937	0.147877013177	0.1317715959	0.142020497804	0.0966325036603	0.0629575402635	0.115666178624	0.090775988287	0.0805270863836	0.0819912152269	0.115666178624
SAMEA3136733.snv.bam	0.117130307467	0.0980966325037	0.0746705710102	0.11420204978	0.108345534407	0.0761346998536	0.0644216691069	0.0746705710102	0.086383601757	0.0717423133236	0.106881405564	0.103953147877	0.0966325036603	0.0922401171303	0.095168374817	0.10541727672	0.106881405564	0.10541727672	0.102489019034	0.0541727672035	0.12737920937	0.0980966325037	0.10541727672	0.0966325036603	0.0966325036603	0.0893118594436	0.0717423133236	0.0980966325037	0.134699853587	0.0746705710102	0.086383601757	0.117130307467	0.099560761347	0.10541727672	0.102489019034	0.115666178624	0.099560761347	0.0805270863836	0.0673499267936	0.0849194729136	0.0	0.12298682284	0.0966325036603	0.0937042459736	0.0937042459736	0.102489019034	0.0878477306003	0.112737920937	0.102489019034	0.102489019034	0.143484626647	0.12298682284	0.14055636896	0.0922401171303	0.0556368960469	0.106881405564	0.0980966325037	0.0746705710102	0.086383601757	0.10541727672
SAMEA3136737.snv.bam	0.14494875549	0.133235724744	0.125915080527	0.130307467057	0.133235724744	0.106881405564	0.11859443631	0.115666178624	0.117130307467	0.10980966325	0.133235724744	0.152269399707	0.11859443631	0.13616398243	0.128843338214	0.133235724744	0.125915080527	0.124450951684	0.128843338214	0.086383601757	0.14055636896	0.0644216691069	0.12737920937	0.13616398243	0.128843338214	0.0556368960469	0.0966325036603	0.1317715959	0.0717423133236	0.125915080527	0.125915080527	0.124450951684	0.134699853587	0.142020497804	0.125915080527	0.0878477306003	0.133235724744	0.108345534407	0.11420204978	0.121522693997	0.12298682284	0.0	0.121522693997	0.128843338214	0.11859443631	0.125915080527	0.12298682284	0.14055636896	0.130307467057	0.142020497804	0.0937042459736	0.14934114202	0.0746705710102	0.139092240117	0.0937042459736	0.146412884334	0.133235724744	0.10102489019	0.112737920937	0.143484626647
