	764083206-stool1.snv.bam	CCIS09568613ST-4-0.snv.bam	CCIS11362406ST-4-0.snv.bam	CCIS71301801ST-4-0.snv.bam	CCIS74239020ST-4-0.snv.bam	CCIS81887263ST-4-0.snv.bam	CCMD46222674ST-21-0.snv.bam	MH0247.snv.bam	MH0290.snv.bam	MH0293.snv.bam	MH0316.snv.bam	MH0334.snv.bam	MH0345.snv.bam	MH0396.snv.bam	MH0447.snv.bam	MH0458.snv.bam	MMRS67096717ST-27-0-0.snv.bam	MMRS67247116ST-27-0-0.snv.bam	MMRS72802364ST-27-0-0.snv.bam	MMRS81671217ST-27-0-0.snv.bam	MMRS84085284ST-27-0-0.snv.bam	MMRS97327636ST-27-0-0.snv.bam	NG-5636_144.snv.bam	NG-5636_248.snv.bam	NG-5636_462.snv.bam	NG-5636_479.snv.bam	NG-5636_487.snv.bam	O2.UC13-1.snv.bam	SAMEA3136658.snv.bam	SAMEA3136676.snv.bam	SAMEA3136696.snv.bam	SAMEA3136705.snv.bam	SAMEA3136714.snv.bam	SAMEA3136718.snv.bam	SAMEA3136721.snv.bam	SAMEA3136723.snv.bam	SAMEA3136724.snv.bam	SAMEA3136732.snv.bam	SAMEA3136752.snv.bam	SAMEA3136760.snv.bam	T2D-19A.snv.bam	T2D-47A.snv.bam	T2D-6A.snv.bam	V1.FI27.snv.bam	V1.UC53-0.snv.bam
764083206-stool1.snv.bam	0.0	0.187257434831	0.181755096266	0.169079952034	0.177962619425	0.186635088117	0.176643175013	0.174204958224	0.119482462565	0.138463688606	0.135589978118	0.116221665954	0.1289169695	0.115768033957	0.140179526901	0.162103431719	0.142962075756	0.185789022338	0.109929329603	0.122053656009	0.178848569869	0.114532912578	0.15592320748	0.17057335475	0.163975506055	0.176829866468	0.142096485514	0.15406396502	0.134491963564	0.141590516502	0.11511590445	0.146284265405	0.152511466753	0.137383461129	0.140760775396	0.113932418344	0.177200121603	0.142172013486	0.144247107648	0.149966669869	0.164091537547	0.170766793693	0.207587416225	0.150446129109	0.181718100345
CCIS09568613ST-4-0.snv.bam	0.187257434831	0.0	0.144695683482	0.13231856906	0.136527634022	0.140156711829	0.158327233737	0.183087399349	0.171868588857	0.153709520885	0.161550315819	0.166670656802	0.16315571281	0.154507559935	0.178372439145	0.112399023452	0.17479382981	0.137381632167	0.173164920959	0.16833407295	0.114277920647	0.178861267939	0.141097602791	0.208094728051	0.124233417146	0.139248527067	0.149476079172	0.162646051783	0.156472418326	0.17599136292	0.160644567217	0.157162825059	0.143952862957	0.154105332832	0.181988448577	0.157957600803	0.161697129601	0.184500886525	0.169928782506	0.173686456064	0.181784697185	0.18813846321	0.198115467064	0.148306132286	0.142909096606
CCIS11362406ST-4-0.snv.bam	0.181755096266	0.144695683482	0.0	0.158432930661	0.148035453173	0.185657812103	0.188253603815	0.184057524354	0.192120281831	0.196301719227	0.1869824888	0.18257403155	0.191599687862	0.183376830108	0.175658395668	0.151591626175	0.198776720787	0.174605495016	0.199591478188	0.169039547631	0.135423621659	0.209948395599	0.180988787818	0.148198705541	0.160056979812	0.150002703119	0.213570127494	0.176557563605	0.179370016161	0.188173516469	0.172813105137	0.172388877801	0.186458291252	0.175442508905	0.181955365801	0.188184716642	0.201945947262	0.211249868052	0.190104927842	0.200943496134	0.128817693462	0.149725557744	0.160315285709	0.168402120774	0.105160178078
CCIS71301801ST-4-0.snv.bam	0.169079952034	0.13231856906	0.158432930661	0.0	0.0881675667803	0.0973005840351	0.15401971903	0.167473262044	0.1623008933	0.165946960134	0.171276280097	0.15218202184	0.177765678252	0.162815232635	0.178465528546	0.0666013263974	0.186150195902	0.108815361057	0.18132133011	0.151558280373	0.0976569896453	0.164446324805	0.144443268849	0.181225738268	0.0817855979146	0.0968514353101	0.16740476662	0.111069906326	0.171210794514	0.175508661226	0.152269323969	0.154398103658	0.145754204356	0.161485333528	0.17825301458	0.161620760192	0.159831445151	0.173341021206	0.186110577231	0.1726946186	0.172797856177	0.168599303215	0.166153029244	0.126567413083	0.121790490559
CCIS74239020ST-4-0.snv.bam	0.177962619425	0.136527634022	0.148035453173	0.0881675667803	0.0	0.100560252126	0.154701122779	0.163177247188	0.166536243964	0.172243697914	0.169837626623	0.1577340554	0.176117504552	0.168127043919	0.176730335635	0.0781115759615	0.191709766734	0.11851917486	0.179233200945	0.166746000048	0.102586695478	0.178911737487	0.148771459999	0.190626498532	0.0971878771552	0.110859699029	0.172975845417	0.13378117176	0.175563569326	0.162677865058	0.155327995842	0.154731137774	0.149533396862	0.161650220962	0.1825766381	0.170512107923	0.17022488568	0.17983889918	0.180761212154	0.173356966317	0.173452574251	0.163241440823	0.173314485447	0.139533954827	0.137300609206
CCIS81887263ST-4-0.snv.bam	0.186635088117	0.140156711829	0.185657812103	0.0973005840351	0.100560252126	0.0	0.152304541744	0.188802643267	0.166929368922	0.177117872214	0.176070265515	0.159410062704	0.186550546388	0.165728585988	0.187192025058	0.0819423931025	0.196417834503	0.0336506281518	0.19096016335	0.172928527733	0.095976044929	0.182739855167	0.156709610976	0.21177255598	0.054819757571	0.0998432076357	0.178730520002	0.140159366807	0.184105933582	0.17223425695	0.16902211157	0.159435045097	0.156617262475	0.174193876437	0.197578178373	0.177874735953	0.16485387716	0.194497156898	0.186350158968	0.171905476369	0.190959575372	0.17975464696	0.154061851672	0.137862571284	0.157455604915
CCMD46222674ST-21-0.snv.bam	0.176643175013	0.158327233737	0.188253603815	0.15401971903	0.154701122779	0.152304541744	0.0	0.142852354119	0.143813097356	0.161327145138	0.169496351556	0.155165450279	0.185450415113	0.188066857867	0.170161298755	0.155542115176	0.165961413059	0.155846217749	0.166357691843	0.164261296736	0.13547537046	0.149956551453	0.140129631735	0.192706790037	0.124959673241	0.138320331287	0.166650870468	0.176545248312	0.147193848077	0.17509254164	0.142333338608	0.17817857668	0.152548955897	0.136891187294	0.152994510117	0.150296198644	0.158573129872	0.163802016305	0.151517992533	0.170223253609	0.187961005581	0.179589056485	0.187525887123	0.159969514535	0.184931143402
MH0247.snv.bam	0.174204958224	0.183087399349	0.184057524354	0.167473262044	0.163177247188	0.188802643267	0.142852354119	0.0	0.135895489507	0.154081246147	0.136595074612	0.170086525174	0.17631204129	0.182376680537	0.139345951965	0.166655180836	0.160959352639	0.202406180382	0.154877493569	0.171005784446	0.175115391548	0.139292282397	0.116949791253	0.173052141589	0.170914841929	0.186373069102	0.181392398219	0.179577723813	0.153074176685	0.157583235059	0.136937866809	0.182576707902	0.14093559524	0.130823501129	0.138114355455	0.143774354777	0.140156304389	0.118529088854	0.143109834196	0.173984761073	0.173891777445	0.186099772634	0.215481310853	0.173388452815	0.18521552234
MH0290.snv.bam	0.119482462565	0.171868588857	0.192120281831	0.1623008933	0.166536243964	0.166929368922	0.143813097356	0.135895489507	0.0	0.110735105306	0.115572809128	0.0832341704544	0.127748523138	0.106870482398	0.12097981667	0.155432866017	0.106267310522	0.17816722635	0.103581250689	0.139030868978	0.177843107242	0.0834551449548	0.108534350477	0.178466614817	0.155222943355	0.171762572254	0.125370125424	0.155276540501	0.103716857379	0.110467861882	0.0785952937196	0.140321325464	0.126293422989	0.105931418067	0.106917952734	0.108690238005	0.137170323819	0.102809872585	0.123883904972	0.122875993381	0.174116008041	0.177552566347	0.206308904485	0.130895341008	0.183124349135
MH0293.snv.bam	0.138463688606	0.153709520885	0.196301719227	0.165946960134	0.172243697914	0.177117872214	0.161327145138	0.154081246147	0.110735105306	0.0	0.094103601242	0.119515633934	0.0894692458252	0.111194446274	0.0925359863334	0.158480912335	0.130460530903	0.178332763338	0.113948425562	0.143184448846	0.176036394309	0.12248043925	0.110378024212	0.184530503696	0.167309787163	0.172938092505	0.1237867213	0.131994026786	0.100948020619	0.104120408488	0.0987671519862	0.135086093261	0.0808479936984	0.0807211175474	0.145347137231	0.0710556950053	0.117106673536	0.110012563849	0.0552541604877	0.114840818048	0.189716797853	0.17996018937	0.210485476261	0.143288752927	0.187385886672
MH0316.snv.bam	0.135589978118	0.161550315819	0.1869824888	0.171276280097	0.169837626623	0.176070265515	0.169496351556	0.136595074612	0.115572809128	0.094103601242	0.0	0.112294687143	0.108065001959	0.116156998018	0.0818168891437	0.161798858086	0.127396604667	0.177053068131	0.0796499679562	0.122891171407	0.17078867825	0.0884278677059	0.116155665939	0.19283855867	0.166363260859	0.17219621869	0.123235277941	0.132907142744	0.12769560922	0.0841541934357	0.0906048703641	0.134234389009	0.0983092489501	0.0739620487389	0.116515680824	0.0911797175964	0.0953545137095	0.0864319820336	0.071849518568	0.133428399194	0.191625416343	0.185786705725	0.217891900769	0.154338612962	0.165247871664
MH0334.snv.bam	0.116221665954	0.166670656802	0.18257403155	0.15218202184	0.1577340554	0.159410062704	0.155165450279	0.170086525174	0.0832341704544	0.119515633934	0.112294687143	0.0	0.131224531283	0.107603640432	0.117747704374	0.145298320528	0.105890994829	0.159679718624	0.11314473704	0.117517548283	0.164089718109	0.0962024174224	0.112210750666	0.172728719248	0.140831666364	0.163291330036	0.142412431119	0.11651419261	0.0941420355523	0.109285712343	0.09043020832	0.119646199144	0.127671913266	0.112034016136	0.119074803573	0.102621673588	0.143750230277	0.100953730525	0.119646199144	0.103247985261	0.175855437	0.171126133364	0.204207031116	0.126494870216	0.167343213022
MH0345.snv.bam	0.1289169695	0.16315571281	0.191599687862	0.177765678252	0.176117504552	0.186550546388	0.185450415113	0.17631204129	0.127748523138	0.0894692458252	0.108065001959	0.131224531283	0.0	0.122363182595	0.118788946363	0.168221690943	0.116611641172	0.19203042328	0.13052572771	0.166277647758	0.175011197686	0.14056495043	0.133127041259	0.192016083208	0.176944754025	0.180217436688	0.140045454027	0.141844691935	0.14015764038	0.123599054285	0.121064068124	0.148878733037	0.0935649530853	0.123800018136	0.141201137265	0.103901492575	0.160385435812	0.136145618871	0.107037728853	0.135640330603	0.175795237899	0.181548962485	0.209295887874	0.160696719634	0.182379070688
MH0396.snv.bam	0.115768033957	0.154507559935	0.183376830108	0.162815232635	0.168127043919	0.165728585988	0.188066857867	0.182376680537	0.106870482398	0.111194446274	0.116156998018	0.107603640432	0.122363182595	0.0	0.142621372872	0.148771474543	0.142902101815	0.164647306962	0.126156281044	0.147812980604	0.173939998071	0.132041848293	0.111095418589	0.19800101743	0.153467735863	0.164004087566	0.129140108176	0.145456959991	0.132624031624	0.101349127628	0.114336303728	0.127670812051	0.122242859154	0.124252521991	0.158464888637	0.119398515429	0.137168664762	0.150845917536	0.127670812051	0.113295820545	0.19175702856	0.19634603129	0.222261724589	0.13774830901	0.160395834403
MH0447.snv.bam	0.140179526901	0.178372439145	0.175658395668	0.178465528546	0.176730335635	0.187192025058	0.170161298755	0.139345951965	0.12097981667	0.0925359863334	0.0818168891437	0.117747704374	0.118788946363	0.142621372872	0.0	0.175934964658	0.1386309968	0.184746378214	0.110572917079	0.14985889043	0.171962475793	0.117922798668	0.137516553313	0.180046779213	0.170469372788	0.186191533995	0.143639929487	0.148739611584	0.130683263984	0.106058047259	0.103859109467	0.151537671218	0.104801130888	0.106055119287	0.119078280124	0.103119024765	0.129210422433	0.10555234627	0.0730019511726	0.152611164172	0.193802900119	0.19215190196	0.219908979656	0.159161994752	0.193095094225
MH0458.snv.bam	0.162103431719	0.112399023452	0.151591626175	0.0666013263974	0.0781115759615	0.0819423931025	0.155542115176	0.166655180836	0.155432866017	0.158480912335	0.161798858086	0.145298320528	0.168221690943	0.148771474543	0.175934964658	0.0	0.171882759449	0.088491294092	0.174577945909	0.154335187973	0.102465625022	0.168595708677	0.137539537112	0.182224166842	0.0685027179417	0.080661492598	0.137306978338	0.122148977149	0.163121097502	0.158289392712	0.15038370058	0.145939525926	0.143728887053	0.156236320919	0.179964616334	0.156719660937	0.14506097336	0.168682797148	0.168623835945	0.149321125348	0.167676163504	0.156868523374	0.160902584794	0.111504927341	0.132382171898
MMRS67096717ST-27-0-0.snv.bam	0.142962075756	0.17479382981	0.198776720787	0.186150195902	0.191709766734	0.196417834503	0.165961413059	0.160959352639	0.106267310522	0.130460530903	0.127396604667	0.105890994829	0.116611641172	0.142902101815	0.1386309968	0.171882759449	0.0	0.188244199262	0.1341849649	0.147032595165	0.189013890675	0.119191788313	0.124271544877	0.194637520727	0.178605375008	0.184337209412	0.154710866098	0.156013605304	0.119139740965	0.138247144105	0.112260877108	0.162391394179	0.143714618484	0.121943844142	0.14000644112	0.117857902484	0.130158011784	0.142609574886	0.11557348466	0.139263009218	0.1960746927	0.198716867515	0.217597551142	0.146194293618	0.178323671716
MMRS67247116ST-27-0-0.snv.bam	0.185789022338	0.137381632167	0.174605495016	0.108815361057	0.11851917486	0.0336506281518	0.155846217749	0.202406180382	0.17816722635	0.178332763338	0.177053068131	0.159679718624	0.19203042328	0.164647306962	0.184746378214	0.088491294092	0.188244199262	0.0	0.188669041026	0.168084639621	0.103792564796	0.178201787682	0.156473292878	0.2064113725	0.0678920014094	0.112805010962	0.177808801535	0.145317692905	0.180695620136	0.175598087236	0.167867693466	0.146068576389	0.17032913968	0.170786298131	0.200889580398	0.170795425545	0.161677273635	0.195802951389	0.181355034722	0.1600648543	0.192334951736	0.186906463219	0.154232105438	0.144494263093	0.153882663301
MMRS72802364ST-27-0-0.snv.bam	0.109929329603	0.173164920959	0.199591478188	0.18132133011	0.179233200945	0.19096016335	0.166357691843	0.154877493569	0.103581250689	0.113948425562	0.0796499679562	0.11314473704	0.13052572771	0.126156281044	0.110572917079	0.174577945909	0.1341849649	0.188669041026	0.0	0.121721709518	0.18752758366	0.0793293517912	0.125540804349	0.195861278914	0.172302359619	0.186371099015	0.106809180685	0.150814705377	0.114357616032	0.121495172532	0.0957139939842	0.143607789285	0.116109260973	0.0968106980017	0.104756367966	0.0992916784127	0.126038783812	0.100367422793	0.105794832226	0.137604373568	0.192704346401	0.181442273651	0.222053194766	0.138129930713	0.190121632466
MMRS81671217ST-27-0-0.snv.bam	0.122053656009	0.16833407295	0.169039547631	0.151558280373	0.166746000048	0.172928527733	0.164261296736	0.171005784446	0.139030868978	0.143184448846	0.122891171407	0.117517548283	0.166277647758	0.147812980604	0.14985889043	0.154335187973	0.147032595165	0.168084639621	0.121721709518	0.0	0.15394204796	0.131944713133	0.127217899494	0.189757556956	0.156224257962	0.15016820796	0.155437748093	0.128891280927	0.118857148678	0.151800539063	0.107218743866	0.134695655842	0.14015078617	0.111360913481	0.146513021222	0.109636629045	0.154525227114	0.142669823503	0.136049953092	0.160885648146	0.185304500441	0.170682996051	0.205523301922	0.149418342675	0.161969957526
MMRS84085284ST-27-0-0.snv.bam	0.178848569869	0.114277920647	0.135423621659	0.0976569896453	0.102586695478	0.095976044929	0.13547537046	0.175115391548	0.177843107242	0.176036394309	0.17078867825	0.164089718109	0.175011197686	0.173939998071	0.171962475793	0.102465625022	0.189013890675	0.103792564796	0.18752758366	0.15394204796	0.0	0.177166202422	0.154666122362	0.197676055466	0.0823200446116	0.107561010588	0.177108325887	0.143114933019	0.18268444251	0.184729391179	0.159696694912	0.153646895235	0.147628932062	0.155542883736	0.172192690076	0.176651309297	0.165428218014	0.189120474709	0.185451733353	0.181062297224	0.177984128238	0.166894001672	0.170999387154	0.147957137927	0.132650727356
MMRS97327636ST-27-0-0.snv.bam	0.114532912578	0.178861267939	0.209948395599	0.164446324805	0.178911737487	0.182739855167	0.149956551453	0.139292282397	0.0834551449548	0.12248043925	0.0884278677059	0.0962024174224	0.14056495043	0.132041848293	0.117922798668	0.168595708677	0.119191788313	0.178201787682	0.0793293517912	0.131944713133	0.177166202422	0.0	0.123543526109	0.185084221368	0.168693038252	0.182386042083	0.121156582241	0.144600852365	0.108549920551	0.121147802434	0.0980977548881	0.151407803404	0.121747787699	0.0993658424462	0.0916207565571	0.0962271969363	0.122614351411	0.0992932200707	0.115719397607	0.11832646428	0.193177655358	0.186990050911	0.216707367676	0.144474908325	0.174024383489
NG-5636_144.snv.bam	0.15592320748	0.141097602791	0.180988787818	0.144443268849	0.148771459999	0.156709610976	0.140129631735	0.116949791253	0.108534350477	0.110378024212	0.116155665939	0.112210750666	0.133127041259	0.111095418589	0.137516553313	0.137539537112	0.124271544877	0.156473292878	0.125540804349	0.127217899494	0.154666122362	0.123543526109	0.0	0.186216281114	0.148369856966	0.150625548914	0.138911561617	0.132799536926	0.118496777916	0.128540541186	0.0964433780174	0.116687682014	0.0994195386913	0.0922826040269	0.120580304764	0.115756783742	0.128964463042	0.0876485485409	0.108476640784	0.1282905196	0.179023247716	0.180997826506	0.209995772293	0.122234625437	0.170508106607
NG-5636_248.snv.bam	0.17057335475	0.208094728051	0.148198705541	0.181225738268	0.190626498532	0.21177255598	0.192706790037	0.173052141589	0.178466614817	0.184530503696	0.19283855867	0.172728719248	0.192016083208	0.19800101743	0.180046779213	0.182224166842	0.194637520727	0.2064113725	0.195861278914	0.189757556956	0.197676055466	0.185084221368	0.186216281114	0.0	0.180653633749	0.187823109106	0.195017833667	0.190261788454	0.180296013182	0.19078705193	0.155866877717	0.209244196171	0.191407117105	0.171386954939	0.176585645872	0.169821296956	0.211122826365	0.189160644401	0.188793125834	0.177668331668	0.0822347660723	0.150346406737	0.188606877331	0.169779372303	0.144815841661
NG-5636_462.snv.bam	0.163975506055	0.124233417146	0.160056979812	0.0817855979146	0.0971878771552	0.054819757571	0.124959673241	0.170914841929	0.155222943355	0.167309787163	0.166363260859	0.140831666364	0.176944754025	0.153467735863	0.170469372788	0.0685027179417	0.178605375008	0.0678920014094	0.172302359619	0.156224257962	0.0823200446116	0.168693038252	0.148369856966	0.180653633749	0.0	0.0884241213546	0.15793597581	0.127449519766	0.168244292923	0.162467900988	0.151642154265	0.143157894737	0.148629626982	0.160131499172	0.188140009174	0.162843780838	0.154711460856	0.176705263158	0.172631578947	0.153232758621	0.164781026303	0.146563803087	0.141769747937	0.11264175304	0.138503023901
NG-5636_479.snv.bam	0.176829866468	0.139248527067	0.150002703119	0.0968514353101	0.110859699029	0.0998432076357	0.138320331287	0.186373069102	0.171762572254	0.172938092505	0.17219621869	0.163291330036	0.180217436688	0.164004087566	0.186191533995	0.080661492598	0.184337209412	0.112805010962	0.186371099015	0.15016820796	0.107561010588	0.182386042083	0.150625548914	0.187823109106	0.0884241213546	0.0	0.170117983631	0.142019065779	0.166059500261	0.165684673861	0.154366245106	0.155451139693	0.147030771539	0.158672294065	0.180839714214	0.171022198686	0.161727979177	0.185614088171	0.179339061146	0.174526095834	0.18074725811	0.172042609552	0.17946952802	0.138055742873	0.149545750011
NG-5636_487.snv.bam	0.142096485514	0.149476079172	0.213570127494	0.16740476662	0.172975845417	0.178730520002	0.166650870468	0.181392398219	0.125370125424	0.1237867213	0.123235277941	0.142412431119	0.140045454027	0.129140108176	0.143639929487	0.137306978338	0.154710866098	0.177808801535	0.106809180685	0.155437748093	0.177108325887	0.121156582241	0.138911561617	0.195017833667	0.15793597581	0.170117983631	0.0	0.158995939265	0.12322442155	0.134123287368	0.128257159667	0.172470116948	0.129463684174	0.114287643638	0.14109319471	0.127113221854	0.137191721011	0.136190799251	0.131958389869	0.141896255128	0.196614577597	0.197455144901	0.208419972581	0.174598893972	0.200698617616
O2.UC13-1.snv.bam	0.15406396502	0.162646051783	0.176557563605	0.111069906326	0.13378117176	0.140159366807	0.176545248312	0.179577723813	0.155276540501	0.131994026786	0.132907142744	0.11651419261	0.141844691935	0.145456959991	0.148739611584	0.122148977149	0.156013605304	0.145317692905	0.150814705377	0.128891280927	0.143114933019	0.144600852365	0.132799536926	0.190261788454	0.127449519766	0.142019065779	0.158995939265	0.0	0.144895760454	0.153736113556	0.133631306948	0.135706472334	0.138024264321	0.145721962599	0.14355756783	0.12083465724	0.151080770673	0.140174710301	0.137924214269	0.121888468688	0.179741661965	0.158087416175	0.187283215188	0.126930332032	0.140869609071
SAMEA3136658.snv.bam	0.134491963564	0.156472418326	0.179370016161	0.171210794514	0.175563569326	0.184105933582	0.147193848077	0.153074176685	0.103716857379	0.100948020619	0.12769560922	0.0941420355523	0.14015764038	0.132624031624	0.130683263984	0.163121097502	0.119139740965	0.180695620136	0.114357616032	0.118857148678	0.18268444251	0.108549920551	0.118496777916	0.180296013182	0.168244292923	0.166059500261	0.12322442155	0.144895760454	0.0	0.130098770552	0.100419192189	0.139433420639	0.122016206335	0.102463475814	0.122249107791	0.0821297589219	0.140672806597	0.121380120449	0.112391637978	0.131266725579	0.190785032073	0.184486935598	0.213257338115	0.142452923915	0.18016536977
SAMEA3136676.snv.bam	0.141590516502	0.17599136292	0.188173516469	0.175508661226	0.162677865058	0.17223425695	0.17509254164	0.157583235059	0.110467861882	0.104120408488	0.0841541934357	0.109285712343	0.123599054285	0.101349127628	0.106058047259	0.158289392712	0.138247144105	0.175598087236	0.121495172532	0.151800539063	0.184729391179	0.121147802434	0.128540541186	0.19078705193	0.162467900988	0.165684673861	0.134123287368	0.153736113556	0.130098770552	0.0	0.101325900935	0.133981360659	0.115429260731	0.108371862483	0.129615856308	0.105983481052	0.13629529529	0.113682126697	0.0915832331982	0.128904117032	0.199644527042	0.199555101974	0.223998419205	0.150928756411	0.181010787636
SAMEA3136696.snv.bam	0.11511590445	0.160644567217	0.172813105137	0.152269323969	0.155327995842	0.16902211157	0.142333338608	0.136937866809	0.0785952937196	0.0987671519862	0.0906048703641	0.09043020832	0.121064068124	0.114336303728	0.103859109467	0.15038370058	0.112260877108	0.167867693466	0.0957139939842	0.107218743866	0.159696694912	0.0980977548881	0.0964433780174	0.155866877717	0.151642154265	0.154366245106	0.128257159667	0.133631306948	0.100419192189	0.101325900935	0.0	0.127745964864	0.117169245394	0.0864590595608	0.110817590255	0.085361894567	0.127530297457	0.0911690431774	0.0956384671342	0.127801551344	0.172315703311	0.160436962091	0.197465931482	0.132424450651	0.163798334643
SAMEA3136705.snv.bam	0.146284265405	0.157162825059	0.172388877801	0.154398103658	0.154731137774	0.159435045097	0.17817857668	0.182576707902	0.140321325464	0.135086093261	0.134234389009	0.119646199144	0.148878733037	0.127670812051	0.151537671218	0.145939525926	0.162391394179	0.146068576389	0.143607789285	0.134695655842	0.153646895235	0.151407803404	0.116687682014	0.209244196171	0.143157894737	0.155451139693	0.172470116948	0.135706472334	0.139433420639	0.133981360659	0.127745964864	0.0	0.13845745734	0.149454285546	0.160928017406	0.136911100647	0.16685515873	0.142991718427	0.126293995859	0.148516949153	0.184569050357	0.189987916412	0.213216672023	0.131597723822	0.175969109814
SAMEA3136714.snv.bam	0.152511466753	0.143952862957	0.186458291252	0.145754204356	0.149533396862	0.156617262475	0.152548955897	0.14093559524	0.126293422989	0.0808479936984	0.0983092489501	0.127671913266	0.0935649530853	0.122242859154	0.104801130888	0.143728887053	0.143714618484	0.17032913968	0.116109260973	0.14015078617	0.147628932062	0.121747787699	0.0994195386913	0.191407117105	0.148629626982	0.147030771539	0.129463684174	0.138024264321	0.122016206335	0.115429260731	0.117169245394	0.13845745734	0.0	0.0970085478872	0.131925697923	0.105010091561	0.105838191155	0.115612828	0.092432352737	0.14193290066	0.18480561955	0.170889546631	0.220047267997	0.145991140209	0.165039584372
SAMEA3136718.snv.bam	0.137383461129	0.154105332832	0.175442508905	0.161485333528	0.161650220962	0.174193876437	0.136891187294	0.130823501129	0.105931418067	0.0807211175474	0.0739620487389	0.112034016136	0.123800018136	0.124252521991	0.106055119287	0.156236320919	0.121943844142	0.170786298131	0.0968106980017	0.111360913481	0.155542883736	0.0993658424462	0.0922826040269	0.171386954939	0.160131499172	0.158672294065	0.114287643638	0.145721962599	0.102463475814	0.108371862483	0.0864590595608	0.149454285546	0.0970085478872	0.0	0.113924122942	0.09035946408	0.10540587524	0.103781991213	0.090638943125	0.134656626205	0.186284816659	0.181380770681	0.2000257302	0.148567282942	0.165250291113
SAMEA3136721.snv.bam	0.140760775396	0.181988448577	0.181955365801	0.17825301458	0.1825766381	0.197578178373	0.152994510117	0.138114355455	0.106917952734	0.145347137231	0.116515680824	0.119074803573	0.141201137265	0.158464888637	0.119078280124	0.179964616334	0.14000644112	0.200889580398	0.104756367966	0.146513021222	0.172192690076	0.0916207565571	0.120580304764	0.176585645872	0.188140009174	0.180839714214	0.14109319471	0.14355756783	0.122249107791	0.129615856308	0.110817590255	0.160928017406	0.131925697923	0.113924122942	0.0	0.111352413496	0.151416876525	0.100127877643	0.131097266268	0.148295110398	0.191433325445	0.187312070846	0.217571467907	0.142605129699	0.187622431703
SAMEA3136723.snv.bam	0.113932418344	0.157957600803	0.188184716642	0.161620760192	0.170512107923	0.177874735953	0.150296198644	0.143774354777	0.108690238005	0.0710556950053	0.0911797175964	0.102621673588	0.103901492575	0.119398515429	0.103119024765	0.156719660937	0.117857902484	0.170795425545	0.0992916784127	0.109636629045	0.176651309297	0.0962271969363	0.115756783742	0.169821296956	0.162843780838	0.171022198686	0.127113221854	0.12083465724	0.0821297589219	0.105983481052	0.085361894567	0.136911100647	0.105010091561	0.09035946408	0.111352413496	0.0	0.122638339501	0.104723600647	0.0726869627161	0.111284645437	0.176027028827	0.164863833693	0.204083780013	0.132110050358	0.168007271293
SAMEA3136724.snv.bam	0.177200121603	0.161697129601	0.201945947262	0.159831445151	0.17022488568	0.16485387716	0.158573129872	0.140156304389	0.137170323819	0.117106673536	0.0953545137095	0.143750230277	0.160385435812	0.137168664762	0.129210422433	0.14506097336	0.130158011784	0.161677273635	0.126038783812	0.154525227114	0.165428218014	0.122614351411	0.128964463042	0.211122826365	0.154711460856	0.161727979177	0.137191721011	0.151080770673	0.140672806597	0.13629529529	0.127530297457	0.16685515873	0.105838191155	0.10540587524	0.151416876525	0.122638339501	0.0	0.143907242063	0.121021825397	0.145395471621	0.203864102459	0.201772451322	0.225382545073	0.144050165786	0.176964496735
SAMEA3136732.snv.bam	0.142172013486	0.184500886525	0.211249868052	0.173341021206	0.17983889918	0.194497156898	0.163802016305	0.118529088854	0.102809872585	0.110012563849	0.0864319820336	0.100953730525	0.136145618871	0.150845917536	0.10555234627	0.168682797148	0.142609574886	0.195802951389	0.100367422793	0.142669823503	0.189120474709	0.0992932200707	0.0876485485409	0.189160644401	0.176705263158	0.185614088171	0.136190799251	0.140174710301	0.121380120449	0.113682126697	0.0911690431774	0.142991718427	0.115612828	0.103781991213	0.100127877643	0.104723600647	0.143907242063	0.0	0.0870910973085	0.116705508475	0.193321495903	0.188007156821	0.217298950504	0.137816473822	0.192949346968
SAMEA3136752.snv.bam	0.144247107648	0.169928782506	0.190104927842	0.186110577231	0.180761212154	0.186350158968	0.151517992533	0.143109834196	0.123883904972	0.0552541604877	0.071849518568	0.119646199144	0.107037728853	0.127670812051	0.0730019511726	0.168623835945	0.11557348466	0.181355034722	0.105794832226	0.136049953092	0.185451733353	0.115719397607	0.108476640784	0.188793125834	0.172631578947	0.179339061146	0.131958389869	0.137924214269	0.112391637978	0.0915832331982	0.0956384671342	0.126293995859	0.092432352737	0.090638943125	0.131097266268	0.0726869627161	0.121021825397	0.0870910973085	0.0	0.125211864407	0.195394666635	0.189764919897	0.215326376664	0.149211360186	0.186682514056
SAMEA3136760.snv.bam	0.149966669869	0.173686456064	0.200943496134	0.1726946186	0.173356966317	0.171905476369	0.170223253609	0.173984761073	0.122875993381	0.114840818048	0.133428399194	0.103247985261	0.135640330603	0.113295820545	0.152611164172	0.149321125348	0.139263009218	0.1600648543	0.137604373568	0.160885648146	0.181062297224	0.11832646428	0.1282905196	0.177668331668	0.153232758621	0.174526095834	0.141896255128	0.121888468688	0.131266725579	0.128904117032	0.127801551344	0.148516949153	0.14193290066	0.134656626205	0.148295110398	0.111284645437	0.145395471621	0.116705508475	0.125211864407	0.0	0.179503714279	0.194606860266	0.211586830537	0.119307659026	0.176893684962
T2D-19A.snv.bam	0.164091537547	0.181784697185	0.128817693462	0.172797856177	0.173452574251	0.190959575372	0.187961005581	0.173891777445	0.174116008041	0.189716797853	0.191625416343	0.175855437	0.175795237899	0.19175702856	0.193802900119	0.167676163504	0.1960746927	0.192334951736	0.192704346401	0.185304500441	0.177984128238	0.193177655358	0.179023247716	0.0822347660723	0.164781026303	0.18074725811	0.196614577597	0.179741661965	0.190785032073	0.199644527042	0.172315703311	0.184569050357	0.18480561955	0.186284816659	0.191433325445	0.176027028827	0.203864102459	0.193321495903	0.195394666635	0.179503714279	0.0	0.145217467804	0.155897736323	0.157264231632	0.148619788762
T2D-47A.snv.bam	0.170766793693	0.18813846321	0.149725557744	0.168599303215	0.163241440823	0.17975464696	0.179589056485	0.186099772634	0.177552566347	0.17996018937	0.185786705725	0.171126133364	0.181548962485	0.19634603129	0.19215190196	0.156868523374	0.198716867515	0.186906463219	0.181442273651	0.170682996051	0.166894001672	0.186990050911	0.180997826506	0.150346406737	0.146563803087	0.172042609552	0.197455144901	0.158087416175	0.184486935598	0.199555101974	0.160436962091	0.189987916412	0.170889546631	0.181380770681	0.187312070846	0.164863833693	0.201772451322	0.188007156821	0.189764919897	0.194606860266	0.145217467804	0.0	0.187592930881	0.15558396197	0.150644383096
T2D-6A.snv.bam	0.207587416225	0.198115467064	0.160315285709	0.166153029244	0.173314485447	0.154061851672	0.187525887123	0.215481310853	0.206308904485	0.210485476261	0.217891900769	0.204207031116	0.209295887874	0.222261724589	0.219908979656	0.160902584794	0.217597551142	0.154232105438	0.222053194766	0.205523301922	0.170999387154	0.216707367676	0.209995772293	0.188606877331	0.141769747937	0.17946952802	0.208419972581	0.187283215188	0.213257338115	0.223998419205	0.197465931482	0.213216672023	0.220047267997	0.2000257302	0.217571467907	0.204083780013	0.225382545073	0.217298950504	0.215326376664	0.211586830537	0.155897736323	0.187592930881	0.0	0.1818514464	0.194780328032
V1.FI27.snv.bam	0.150446129109	0.148306132286	0.168402120774	0.126567413083	0.139533954827	0.137862571284	0.159969514535	0.173388452815	0.130895341008	0.143288752927	0.154338612962	0.126494870216	0.160696719634	0.13774830901	0.159161994752	0.111504927341	0.146194293618	0.144494263093	0.138129930713	0.149418342675	0.147957137927	0.144474908325	0.122234625437	0.169779372303	0.11264175304	0.138055742873	0.174598893972	0.126930332032	0.142452923915	0.150928756411	0.132424450651	0.131597723822	0.145991140209	0.148567282942	0.142605129699	0.132110050358	0.144050165786	0.137816473822	0.149211360186	0.119307659026	0.157264231632	0.15558396197	0.1818514464	0.0	0.158775384354
V1.UC53-0.snv.bam	0.181718100345	0.142909096606	0.105160178078	0.121790490559	0.137300609206	0.157455604915	0.184931143402	0.18521552234	0.183124349135	0.187385886672	0.165247871664	0.167343213022	0.182379070688	0.160395834403	0.193095094225	0.132382171898	0.178323671716	0.153882663301	0.190121632466	0.161969957526	0.132650727356	0.174024383489	0.170508106607	0.144815841661	0.138503023901	0.149545750011	0.200698617616	0.140869609071	0.18016536977	0.181010787636	0.163798334643	0.175969109814	0.165039584372	0.165250291113	0.187622431703	0.168007271293	0.176964496735	0.192949346968	0.186682514056	0.176893684962	0.148619788762	0.150644383096	0.194780328032	0.158775384354	0.0
