	159490532-stool1.snv.bam	159490532-stool2.snv.bam	159814214-stool1.snv.bam	159814214-stool2.snv.bam	160097436-stool2.snv.bam	160158126-stool1.snv.bam	160158126-stool2.snv.bam	160218816-stool1.snv.bam	375450439-stool3.snv.bam	763840445-stool1.snv.bam	763840445-stool2.snv.bam	765135172-stool1.snv.bam	765135172-stool3.snv.bam	765195863-stool3.snv.bam	765560005-stool1.snv.bam	765620695-stool1.snv.bam	866653606-stool1.snv.bam	DLM020.snv.bam	DOF006.snv.bam	MH0229.snv.bam	MH0247.snv.bam	MH0271.snv.bam	MMRS42780924ST-27-0-0.snv.bam	MMRS44203591ST-27-0-0.snv.bam	MMRS61683006ST-27-0-0.snv.bam	O2.UC7-0.snv.bam	T2D-113A.snv.bam	V1.FI22.snv.bam	V1.FI24.snv.bam	V1.UC35-0.snv.bam	bugkiller-11-0-0.snv.bam	bugkiller-11-7-0.snv.bam	bugkiller-11-773-0.snv.bam	bugkiller-12-7-0.snv.bam
159490532-stool1.snv.bam	0.0	0.103878748716	0.251951111339	0.2525914697	0.183387134459	0.190901277562	0.164891275355	0.178682649362	0.167207627226	0.228701460529	0.228871896585	0.19201268052	0.191778836798	0.230361016804	0.232716440446	0.219699812243	0.229278490964	0.237514577481	0.286117606445	0.169274799028	0.222533939538	0.195405560265	0.238594195271	0.233170192033	0.239799215684	0.178027335937	0.198621636027	0.205338222809	0.228683825774	0.171568834923	0.222569673418	0.220849945785	0.208215032996	0.222697244023
159490532-stool2.snv.bam	0.103878748716	0.0	0.224882493864	0.22109077465	0.171793700832	0.174307623947	0.129251962521	0.166885020418	0.233294810576	0.213252321089	0.213556840264	0.184662388734	0.191578012383	0.215317754273	0.211245453343	0.203910540778	0.212961922664	0.208257431789	0.240134513751	0.14781676693	0.212969517486	0.196698578613	0.184607569353	0.185274876855	0.183582971006	0.163534818971	0.19597188036	0.203175279087	0.213275746786	0.182031136387	0.210652641684	0.207223020597	0.19814446012	0.2100238374
159814214-stool1.snv.bam	0.251951111339	0.224882493864	0.0	0.00354221226745	0.152343877231	0.153367863294	0.174326292033	0.143853561738	0.28047333226	0.144038699638	0.144072928136	0.228471430127	0.234473227425	0.146630393523	0.222162920903	0.141900488933	0.144752851258	0.171641183071	0.218077825399	0.143049093797	0.165107216085	0.170106352774	0.102671406944	0.0768598229571	0.099086315018	0.139706331763	0.119004110409	0.167406427406	0.144704845375	0.223207330083	0.147436044462	0.144033538605	0.144790865467	0.143390145921
159814214-stool2.snv.bam	0.2525914697	0.22109077465	0.00354221226745	0.0	0.149013190787	0.14967600332	0.171108818049	0.140264221106	0.277035430739	0.140503783413	0.140585300857	0.224369983653	0.230294658217	0.143097117361	0.217874600767	0.138557609386	0.14120651485	0.16773210341	0.214008515049	0.13949522995	0.16364241063	0.166371237837	0.0998904874671	0.0740803484978	0.0961007621176	0.140230977665	0.115644844267	0.163717499263	0.141265996299	0.218774261487	0.143708697304	0.140467959557	0.141398697469	0.139742073007
160097436-stool2.snv.bam	0.183387134459	0.171793700832	0.152343877231	0.149013190787	0.0	0.0812125503053	0.112937102666	0.0698846153528	0.210095821139	0.0921289001483	0.0921072381344	0.193833818084	0.201909985214	0.0935741546919	0.190638326108	0.085668866841	0.0918299122931	0.107970010785	0.182886251788	0.0716816023635	0.154859808564	0.0997268318872	0.116689654115	0.112512324369	0.119552979552	0.1379667029	0.115217813947	0.107984596102	0.0923966288071	0.178372272768	0.0905984909163	0.08964506759	0.0896207725202	0.0883919818
160158126-stool1.snv.bam	0.190901277562	0.174307623947	0.153367863294	0.14967600332	0.0812125503053	0.0	0.0722408245475	0.0440475702842	0.2242634047	0.0640831962734	0.0643315031907	0.202181291863	0.213257708132	0.0653818835376	0.178658736104	0.0566239854427	0.0632760979511	0.0809807830476	0.155402290638	0.042024308006	0.171617611578	0.0925707332197	0.133486194216	0.123993712024	0.133738434183	0.139792991708	0.122809106474	0.111339726961	0.0645803756098	0.193417807418	0.0574183151851	0.0592453423653	0.0595486671901	0.058586798658
160158126-stool2.snv.bam	0.164891275355	0.129251962521	0.174326292033	0.171108818049	0.112937102666	0.0722408245475	0.0	0.0890052664298	0.240999029635	0.135253108572	0.135474333946	0.210729724735	0.217134933491	0.135881289541	0.170541557194	0.127670173491	0.13250646728	0.140233187716	0.175871684565	0.0782700801546	0.186443125949	0.149295337799	0.15556130161	0.149845309404	0.156259919228	0.127858808265	0.140045446537	0.144934611615	0.135753329317	0.198500766909	0.130385907818	0.130351277162	0.119880781001	0.130436519623
160218816-stool1.snv.bam	0.178682649362	0.166885020418	0.143853561738	0.140264221106	0.0698846153528	0.0440475702842	0.0890052664298	0.0	0.221755017083	0.0681586699773	0.0682875068841	0.188503735428	0.197358486292	0.0694387859544	0.16716191222	0.0606518301463	0.0682466284971	0.0939150982489	0.179750429177	0.0351693149478	0.158229009633	0.0992656764016	0.130828006028	0.118477672376	0.127294007505	0.111168051794	0.117572180975	0.0972447387694	0.0683509973302	0.177841031143	0.0560045026017	0.0598806580482	0.0523447792974	0.0598703619672
375450439-stool3.snv.bam	0.167207627226	0.233294810576	0.28047333226	0.277035430739	0.210095821139	0.2242634047	0.240999029635	0.221755017083	0.0	0.21435658374	0.214301695802	0.236385145665	0.237851969076	0.215259362728	0.267371085887	0.21084549529	0.214182107896	0.215107207733	0.276072298461	0.224318181345	0.24481514597	0.206662447161	0.253902490497	0.24627609976	0.249818993929	0.228382167334	0.218157037524	0.220803229097	0.214244990768	0.190388674694	0.215111413475	0.212282097558	0.212274435576	0.208831637803
763840445-stool1.snv.bam	0.228701460529	0.213252321089	0.144038699638	0.140503783413	0.0921289001483	0.0640831962734	0.135253108572	0.0681586699773	0.21435658374	0.0	0.000583441108483	0.202401542185	0.207569912175	0.00329446347561	0.189168752712	0.0136948198872	0.00791994319669	0.0599930976549	0.159153356862	0.0681619864139	0.182881483338	0.0698924104925	0.136556643483	0.118472737518	0.132305370772	0.171559431764	0.128548074974	0.0932955198833	0.0014051308484	0.190171656034	0.0219448469733	0.0155818894829	0.0437975080179	0.0137040578204
763840445-stool2.snv.bam	0.228871896585	0.213556840264	0.144072928136	0.140585300857	0.0921072381344	0.0643315031907	0.135474333946	0.0682875068841	0.214301695802	0.000583441108483	0.0	0.202613753495	0.207811564661	0.0030051721872	0.189433716133	0.0135584710718	0.00768962296247	0.0598738196134	0.159435895858	0.0680544334483	0.183084010188	0.0697957703105	0.136545439066	0.11853361933	0.132341837875	0.171643276912	0.128455558551	0.0932141912418	0.0011617469293	0.190212792018	0.0218229595431	0.015513941916	0.0436796052042	0.0135854793458
765135172-stool1.snv.bam	0.19201268052	0.184662388734	0.228471430127	0.224369983653	0.193833818084	0.202181291863	0.210729724735	0.188503735428	0.236385145665	0.202401542185	0.202613753495	0.0	0.0240341849484	0.204595152965	0.207964619007	0.197107259251	0.205240116321	0.216738253604	0.258737043169	0.192584104794	0.160564903301	0.16579018822	0.204077753217	0.188083677901	0.200811670939	0.203832613386	0.17798935152	0.121985092619	0.20258870396	0.0825493627501	0.203965868001	0.194771886429	0.191161418327	0.200685363901
765135172-stool3.snv.bam	0.191778836798	0.191578012383	0.234473227425	0.230294658217	0.201909985214	0.213257708132	0.217134933491	0.197358486292	0.237851969076	0.207569912175	0.207811564661	0.0240341849484	0.0	0.209614706019	0.211397868117	0.203000808514	0.210352023034	0.225066816701	0.27576017765	0.202831780193	0.168983740233	0.184924749375	0.211808735174	0.196251683334	0.213084023569	0.210166111651	0.180159941046	0.121075066306	0.207780754838	0.0647124705901	0.210879143423	0.200329723467	0.199762108942	0.205658304171
765195863-stool3.snv.bam	0.230361016804	0.215317754273	0.146630393523	0.143097117361	0.0935741546919	0.0653818835376	0.135881289541	0.0694387859544	0.215259362728	0.00329446347561	0.0030051721872	0.204595152965	0.209614706019	0.0	0.19144921022	0.0159622036806	0.00988519035891	0.061894896566	0.160636522605	0.0699285582061	0.184270215591	0.0718818862636	0.138816262479	0.12084015557	0.134681324632	0.173998581919	0.13104750697	0.0951152016891	0.0035519634901	0.191884863823	0.0227449173317	0.0177463491714	0.0461850935966	0.0161053258379
765560005-stool1.snv.bam	0.232716440446	0.211245453343	0.222162920903	0.217874600767	0.190638326108	0.178658736104	0.170541557194	0.16716191222	0.267371085887	0.189168752712	0.189433716133	0.207964619007	0.211397868117	0.19144921022	0.0	0.1827253589	0.191713063121	0.195022268115	0.246664016962	0.164606319532	0.198053517545	0.186118652039	0.203184385477	0.194658158977	0.202654494861	0.168946192235	0.173451639928	0.165562989709	0.188718551074	0.20225705322	0.175561274366	0.180462675084	0.155258604243	0.182186789546
765620695-stool1.snv.bam	0.219699812243	0.203910540778	0.141900488933	0.138557609386	0.085668866841	0.0566239854427	0.127670173491	0.0606518301463	0.21084549529	0.0136948198872	0.0135584710718	0.197107259251	0.203000808514	0.0159622036806	0.1827253589	0.0	0.0167438409144	0.0589413418775	0.157894408933	0.0593322021321	0.175779824119	0.0700290223163	0.131773776879	0.11482232132	0.12888640163	0.164591165254	0.12390126894	0.095288580323	0.0137486041277	0.18509859006	0.024323613863	0.0156809629612	0.0403037275676	0.0157148750717
866653606-stool1.snv.bam	0.229278490964	0.212961922664	0.144752851258	0.14120651485	0.0918299122931	0.0632760979511	0.13250646728	0.0682466284971	0.214182107896	0.00791994319669	0.00768962296247	0.205240116321	0.210352023034	0.00988519035891	0.191713063121	0.0167438409144	0.0	0.0600387912881	0.156586867972	0.0688814436497	0.180174009028	0.0730116272319	0.135601246843	0.118552301332	0.132211458739	0.171356546886	0.128327892108	0.0965571704738	0.00815152565992	0.192665859837	0.0275916473883	0.0201618936151	0.0462613892729	0.0190426518342
DLM020.snv.bam	0.237514577481	0.208257431789	0.171641183071	0.16773210341	0.107970010785	0.0809807830476	0.140233187716	0.0939150982489	0.215107207733	0.0599930976549	0.0598738196134	0.216738253604	0.225066816701	0.061894896566	0.195022268115	0.0589413418775	0.0600387912881	0.0	0.145301352905	0.0926232443533	0.179729519604	0.0987357659856	0.130510049908	0.132587707229	0.130835510395	0.175631453717	0.135585806524	0.120935586059	0.0603727474734	0.191100632837	0.0689963904658	0.0654388109098	0.0771068047734	0.0649399896297
DOF006.snv.bam	0.286117606445	0.240134513751	0.218077825399	0.214008515049	0.182886251788	0.155402290638	0.175871684565	0.179750429177	0.276072298461	0.159153356862	0.159435895858	0.258737043169	0.27576017765	0.160636522605	0.246664016962	0.157894408933	0.156586867972	0.145301352905	0.0	0.170510504012	0.235631695993	0.155446707942	0.163853044476	0.183233801242	0.166533284234	0.231262896973	0.201606078782	0.212793391291	0.159796911823	0.266552327187	0.166204766667	0.161321631642	0.169851079252	0.161028528108
MH0229.snv.bam	0.169274799028	0.14781676693	0.143049093797	0.13949522995	0.0716816023635	0.042024308006	0.0782700801546	0.0351693149478	0.224318181345	0.0681619864139	0.0680544334483	0.192584104794	0.202831780193	0.0699285582061	0.164606319532	0.0593322021321	0.0688814436497	0.0926232443533	0.170510504012	0.0	0.163909360392	0.0892191099808	0.122956133047	0.115769691387	0.125038605324	0.123690129865	0.117209059129	0.102974074916	0.0680150737302	0.185569848884	0.0622698470603	0.0647849424457	0.0627915484209	0.0636969349992
MH0247.snv.bam	0.222533939538	0.212969517486	0.165107216085	0.16364241063	0.154859808564	0.171617611578	0.186443125949	0.158229009633	0.24481514597	0.182881483338	0.183084010188	0.160564903301	0.168983740233	0.184270215591	0.198053517545	0.175779824119	0.180174009028	0.179729519604	0.235631695993	0.163909360392	0.0	0.165909593569	0.153283468995	0.148121019641	0.151717708546	0.153826390804	0.132115189624	0.117563832414	0.183099826957	0.149941830402	0.1713285416	0.174124366175	0.161050158669	0.175326588291
MH0271.snv.bam	0.195405560265	0.196698578613	0.170106352774	0.166371237837	0.0997268318872	0.0925707332197	0.149295337799	0.0992656764016	0.206662447161	0.0698924104925	0.0697957703105	0.16579018822	0.184924749375	0.0718818862636	0.186118652039	0.0700290223163	0.0730116272319	0.0987357659856	0.155446707942	0.0892191099808	0.165909593569	0.0	0.149126456966	0.133817370218	0.144215738007	0.182402914074	0.12357265119	0.0951236519603	0.0704231999855	0.172193378224	0.0822138327603	0.0732359723109	0.0927444914238	0.0763828837164
MMRS42780924ST-27-0-0.snv.bam	0.238594195271	0.184607569353	0.102671406944	0.0998904874671	0.116689654115	0.133486194216	0.15556130161	0.130828006028	0.253902490497	0.136556643483	0.136545439066	0.204077753217	0.211808735174	0.138816262479	0.203184385477	0.131773776879	0.135601246843	0.130510049908	0.163853044476	0.122956133047	0.153283468995	0.149126456966	0.0	0.0368912058182	0.0352104131784	0.140624826083	0.121277195476	0.15301310827	0.136594506434	0.19749188005	0.133187305877	0.133424612733	0.12875888123	0.134833378108
MMRS44203591ST-27-0-0.snv.bam	0.233170192033	0.185274876855	0.0768598229571	0.0740803484978	0.112512324369	0.123993712024	0.149845309404	0.118477672376	0.24627609976	0.118472737518	0.11853361933	0.188083677901	0.196251683334	0.12084015557	0.194658158977	0.11482232132	0.118552301332	0.132587707229	0.183233801242	0.115769691387	0.148121019641	0.133817370218	0.0368912058182	0.0	0.0324453118155	0.129608099797	0.112813400115	0.135918717526	0.118727599465	0.18137832038	0.120396480097	0.115748493005	0.117072394369	0.119264740296
MMRS61683006ST-27-0-0.snv.bam	0.239799215684	0.183582971006	0.099086315018	0.0961007621176	0.119552979552	0.133738434183	0.156259919228	0.127294007505	0.249818993929	0.132305370772	0.132341837875	0.200811670939	0.213084023569	0.134681324632	0.202654494861	0.12888640163	0.132211458739	0.130835510395	0.166533284234	0.125038605324	0.151717708546	0.144215738007	0.0352104131784	0.0324453118155	0.0	0.140993961388	0.12680350447	0.151141651282	0.132542355936	0.196257244969	0.133105703723	0.130342042429	0.125749078824	0.130880451961
O2.UC7-0.snv.bam	0.178027335937	0.163534818971	0.139706331763	0.140230977665	0.1379667029	0.139792991708	0.127858808265	0.111168051794	0.228382167334	0.171559431764	0.171643276912	0.203832613386	0.210166111651	0.173998581919	0.168946192235	0.164591165254	0.171356546886	0.175631453717	0.231262896973	0.123690129865	0.153826390804	0.182402914074	0.140624826083	0.129608099797	0.140993961388	0.0	0.138810241454	0.156102579386	0.171152284264	0.186899907035	0.154583308304	0.158483963345	0.12768613088	0.161063072816
T2D-113A.snv.bam	0.198621636027	0.19597188036	0.119004110409	0.115644844267	0.115217813947	0.122809106474	0.140045446537	0.117572180975	0.218157037524	0.128548074974	0.128455558551	0.17798935152	0.180159941046	0.13104750697	0.173451639928	0.12390126894	0.128327892108	0.135585806524	0.201606078782	0.117209059129	0.132115189624	0.12357265119	0.121277195476	0.112813400115	0.12680350447	0.138810241454	0.0	0.110981528884	0.128584100675	0.157736659007	0.125244596324	0.122318695498	0.119915360199	0.123814516846
V1.FI22.snv.bam	0.205338222809	0.203175279087	0.167406427406	0.163717499263	0.107984596102	0.111339726961	0.144934611615	0.0972447387694	0.220803229097	0.0932955198833	0.0932141912418	0.121985092619	0.121075066306	0.0951152016891	0.165562989709	0.095288580323	0.0965571704738	0.120935586059	0.212793391291	0.102974074916	0.117563832414	0.0951236519603	0.15301310827	0.135918717526	0.151141651282	0.156102579386	0.110981528884	0.0	0.0933820913024	0.10647686225	0.0944228101348	0.091593627239	0.0905686533897	0.095788436114
V1.FI24.snv.bam	0.228683825774	0.213275746786	0.144704845375	0.141265996299	0.0923966288071	0.0645803756098	0.135753329317	0.0683509973302	0.214244990768	0.0014051308484	0.0011617469293	0.20258870396	0.207780754838	0.0035519634901	0.188718551074	0.0137486041277	0.00815152565992	0.0603727474734	0.159796911823	0.0680150737302	0.183099826957	0.0704231999855	0.136594506434	0.118727599465	0.132542355936	0.171152284264	0.128584100675	0.0933820913024	0.0	0.189900337256	0.0214965609057	0.0152449303954	0.0434307325733	0.0134299763
V1.UC35-0.snv.bam	0.171568834923	0.182031136387	0.223207330083	0.218774261487	0.178372272768	0.193417807418	0.198500766909	0.177841031143	0.190388674694	0.190171656034	0.190212792018	0.0825493627501	0.0647124705901	0.191884863823	0.20225705322	0.18509859006	0.192665859837	0.191100632837	0.266552327187	0.185569848884	0.149941830402	0.172193378224	0.19749188005	0.18137832038	0.196257244969	0.186899907035	0.157736659007	0.10647686225	0.189900337256	0.0	0.190027798725	0.183240831373	0.179414202813	0.185387568348
bugkiller-11-0-0.snv.bam	0.222569673418	0.210652641684	0.147436044462	0.143708697304	0.0905984909163	0.0574183151851	0.130385907818	0.0560045026017	0.215111413475	0.0219448469733	0.0218229595431	0.203965868001	0.210879143423	0.0227449173317	0.175561274366	0.024323613863	0.0275916473883	0.0689963904658	0.166204766667	0.0622698470603	0.1713285416	0.0822138327603	0.133187305877	0.120396480097	0.133105703723	0.154583308304	0.125244596324	0.0944228101348	0.0214965609057	0.190027798725	0.0	0.0150960795897	0.0274711236796	0.0153945550548
bugkiller-11-7-0.snv.bam	0.220849945785	0.207223020597	0.144033538605	0.140467959557	0.08964506759	0.0592453423653	0.130351277162	0.0598806580482	0.212282097558	0.0155818894829	0.015513941916	0.194771886429	0.200329723467	0.0177463491714	0.180462675084	0.0156809629612	0.0201618936151	0.0654388109098	0.161321631642	0.0647849424457	0.174124366175	0.0732359723109	0.133424612733	0.115748493005	0.130342042429	0.158483963345	0.122318695498	0.091593627239	0.0152449303954	0.183240831373	0.0150960795897	0.0	0.0320507019034	0.0112071786373
bugkiller-11-773-0.snv.bam	0.208215032996	0.19814446012	0.144790865467	0.141398697469	0.0896207725202	0.0595486671901	0.119880781001	0.0523447792974	0.212274435576	0.0437975080179	0.0436796052042	0.191161418327	0.199762108942	0.0461850935966	0.155258604243	0.0403037275676	0.0462613892729	0.0771068047734	0.169851079252	0.0627915484209	0.161050158669	0.0927444914238	0.12875888123	0.117072394369	0.125749078824	0.12768613088	0.119915360199	0.0905686533897	0.0434307325733	0.179414202813	0.0274711236796	0.0320507019034	0.0	0.0336403382149
bugkiller-12-7-0.snv.bam	0.222697244023	0.2100238374	0.143390145921	0.139742073007	0.0883919818	0.058586798658	0.130436519623	0.0598703619672	0.208831637803	0.0137040578204	0.0135854793458	0.200685363901	0.205658304171	0.0161053258379	0.182186789546	0.0157148750717	0.0190426518342	0.0649399896297	0.161028528108	0.0636969349992	0.175326588291	0.0763828837164	0.134833378108	0.119264740296	0.130880451961	0.161063072816	0.123814516846	0.095788436114	0.0134299763	0.185387568348	0.0153945550548	0.0112071786373	0.0336403382149	0.0
