	763536994-stool2.snv.bam	BYQ_AAAB.snv.bam	BYQ_AAAD.snv.bam	BYQ_AAAX.snv.bam	BYQ_AABB.snv.bam	CCIS02124300ST-4-0.snv.bam	CCIS07648107ST-4-0.snv.bam	CCIS11354283ST-4-0.snv.bam	CCIS22275061ST-4-0.snv.bam	CCIS22416007ST-4-0.snv.bam	CCIS23164343ST-4-0.snv.bam	CCIS27927933ST-4-0.snv.bam	CCIS29688262ST-20-0.snv.bam	CCIS36699628ST-4-0.snv.bam	CCIS41288781ST-4-0.snv.bam	CCIS44743950ST-4-0.snv.bam	CCIS50369211ST-20-0.snv.bam	CCIS52370277ST-4-0.snv.bam	CCIS59132091ST-4-0.snv.bam	CCIS78100604ST-4-0.snv.bam	CCIS80834637ST-4-0.snv.bam	CCIS81735969ST-20-0.snv.bam	CCIS82146115ST-4-0.snv.bam	CCIS95097901ST-4-0.snv.bam	CCIS98832363ST-4-0.snv.bam	M1.3-V2.metaT.snv.bam	M4.1-V3.metaT.snv.bam	M4.2-V3.metaT.snv.bam	MH0131.snv.bam	MMRS77321055ST-27-0-0.snv.bam	MMRS78791111ST-27-0-0.snv.bam	NG-5636_144.snv.bam	NG-5636_243.snv.bam	NG-5636_248.snv.bam	NG-5636_269.snv.bam	NG-5636_317.snv.bam	NG-5636_332.snv.bam	NG-5636_354.snv.bam	NG-5636_356.snv.bam	NG-5636_372.snv.bam	NG-5636_421.snv.bam	NG-5636_441.snv.bam	NG-5636_457.snv.bam	NG-5636_472.snv.bam	NG-5636_478.snv.bam	NG-5636_614.snv.bam	O2.CD1-0-PT.snv.bam	O2.CD2-0-PT.snv.bam	O2.UC22-1.snv.bam	O2.UC35-1.snv.bam	O2.UC36-0.snv.bam	O2.UC36-1.snv.bam	O2.UC38-1.snv.bam	O2.UC46-1.snv.bam	O2.UC48-0.snv.bam	O2.UC48-1.snv.bam	O2.UC50-0.snv.bam	O2.UC50-2.snv.bam	O2.UC6-0.snv.bam	O2.UC6-1.snv.bam	O2.UC6-2.snv.bam	O2.UC8-0.snv.bam	SAMEA3136623.snv.bam	SAMEA3136628.snv.bam	SAMEA3136630.snv.bam	SAMEA3136631.snv.bam	SAMEA3136633.snv.bam	SAMEA3136636.snv.bam	SAMEA3136637.snv.bam	SAMEA3136638.snv.bam	SAMEA3136639.snv.bam	SAMEA3136643.snv.bam	SAMEA3136648.snv.bam	SAMEA3136649.snv.bam	SAMEA3136661.snv.bam	SAMEA3136663.snv.bam	SAMEA3136670.snv.bam	SAMEA3136672.snv.bam	SAMEA3136676.snv.bam	SAMEA3136679.snv.bam	SAMEA3136680.snv.bam	SAMEA3136686.snv.bam	SAMEA3136687.snv.bam	SAMEA3136688.snv.bam	SAMEA3136691.snv.bam	SAMEA3136693.snv.bam	SAMEA3136694.snv.bam	SAMEA3136696.snv.bam	SAMEA3136704.snv.bam	SAMEA3136706.snv.bam	SAMEA3136708.snv.bam	SAMEA3136710.snv.bam	SAMEA3136714.snv.bam	SAMEA3136733.snv.bam	SAMEA3136741.snv.bam	SAMEA3136742.snv.bam	SAMEA3136746.snv.bam	SAMEA3136747.snv.bam	SAMEA3136750.snv.bam	SAMEA3136758.snv.bam	SAMEA3136766.snv.bam	SAMEA3178936.snv.bam	V1.CD2-0-PN.snv.bam	V1.CD36-0.snv.bam	V1.CD41-0.snv.bam	V1.CD45-0.snv.bam	V1.CD5-0-PN.snv.bam	V1.CD52-0.snv.bam	V1.FI19.snv.bam	V1.FI20.snv.bam	V1.FI26.snv.bam	V1.FI29.snv.bam	V1.UC4-5.snv.bam	V1.UC47-4.snv.bam	V1.UC5-3.snv.bam	V1.UC54-0.snv.bam	V1.UC55-0.snv.bam	V1.UC60-0.snv.bam	bugkiller-11-7-0.snv.bam	halbarad-11-392-0.snv.bam	peacemaker-11-0-0.snv.bam	peacemaker-11-2-0.snv.bam	peacemaker-11-7-0.snv.bam	scavenger-11-0-0.snv.bam	scavenger-11-60-0.snv.bam	scavenger-11-7-0.snv.bam
763536994-stool2.snv.bam	0.0	0.114314865788	0.123812954581	0.118932174761	0.117008535259	0.116586068179	0.117117619477	0.106433748773	0.15052188504	0.128928784003	0.136854245357	0.131695470527	0.132278325169	0.145667562892	0.124344429427	0.324174333715	0.136592315347	0.123938722492	0.179858705636	0.133682403242	0.114521216482	0.140482456655	0.143010407967	0.113989970449	0.124825125634	0.124382851321	0.116481288659	0.150869140273	0.085111550651	0.123514107039	0.143818710062	0.13483120184	0.12463499928	0.123368039636	0.12681479551	0.12470172364	0.127470763354	0.121573879426	0.123048519645	0.127978449223	0.107620308457	0.126777365936	0.157549140939	0.140538606961	0.131658703138	0.127909612675	0.14177594521	0.154114349769	0.0977897990648	0.114085368005	0.144650104238	0.123714958916	0.102947287602	0.124099028088	0.113278933493	0.113101322895	0.125140946508	0.120783672456	0.13466626368	0.134381738106	0.134801042322	0.127909386431	0.130970397684	0.0979140774391	0.130461400173	0.120087219109	0.113156400307	0.327583126364	0.127382570566	0.130480305243	0.133031498474	0.118087730314	0.128784883063	0.127660069855	0.132931895933	0.127436841018	0.158286030739	0.102129598216	0.12729169722	0.1137740026	0.131728305683	0.118026265301	0.11690544045	0.120279163015	0.130594714574	0.131995191936	0.1211496391	0.143873555729	0.11114082613	0.150624528353	0.135435580996	0.120080008709	0.121957526578	0.16236929912	0.142186953662	0.124751612931	0.113362399121	0.134611391036	0.138542076141	0.111101447051	0.0961427660515	0.141342974679	0.134864350845	0.13608519475	0.104528866106	0.110970721222	0.0990327271439	0.117303459097	0.109462749944	0.107000183795	0.132265263177	0.116482106048	0.124417414922	0.137421398757	0.114542821196	0.127740431868	0.113357913568	0.126619000809	0.114137426815	0.125145847367	0.116142974265	0.118029692677	0.116251676878	0.105971926042	0.0963478597258	0.0995473753524
BYQ_AAAB.snv.bam	0.114314865788	0.0	0.109313696365	0.105761898259	0.109656149731	0.0936667976478	0.0985680229226	0.0951799386272	0.124800891456	0.124898686386	0.107693247667	0.106729224637	0.104811264278	0.123197552055	0.0879046028726	0.298326355828	0.122572684594	0.0967792298428	0.139011291711	0.115154082438	0.089334877775	0.119527289084	0.105601115215	0.0997611005767	0.11434436374	0.104433339277	0.111546806875	0.142194711704	0.128928265506	0.0917051293294	0.104081122211	0.101829408305	0.107182806936	0.0954513554179	0.083023043881	0.125719772884	0.0733371587137	0.0876115264373	0.080413294611	0.113454411468	0.111459095266	0.107104609712	0.12674357886	0.125407296659	0.0966216441207	0.106541054869	0.0908557127375	0.126211122679	0.0595423885499	0.106450027806	0.138892939951	0.115964360102	0.10525259009	0.0991036868906	0.0822557813949	0.082082590148	0.0909303015996	0.0706333307442	0.0982062779795	0.0976780337936	0.0997820422383	0.116508070129	0.104495004553	0.0882750945789	0.118481844381	0.0922896136572	0.0917100591595	0.3048274776	0.115704680625	0.0969922400092	0.0948791986696	0.0767402169795	0.0702415086631	0.110951949391	0.083947979055	0.103120824073	0.122873154472	0.10171706792	0.119334921193	0.0768390262576	0.0946804401602	0.0973727578953	0.103698372695	0.08812716681	0.080886363463	0.110053745113	0.121913798778	0.110504326577	0.114451122745	0.110222359778	0.125450851004	0.0760615453427	0.0870873919998	0.15205510745	0.116715472067	0.116568624025	0.0836944366035	0.08873744535	0.0851158875545	0.0998617256633	0.0881366918238	0.120412640324	0.118776762017	0.105169574007	0.0976162008227	0.0866663446569	0.0842503071396	0.106331795789	0.0966842131618	0.0835361892761	0.102948875094	0.128568488643	0.0956007007565	0.113012925997	0.0921990307007	0.101784017924	0.0819160250703	0.101005161734	0.0935030288558	0.10169735549	0.113162046638	0.11439809785	0.114267740378	0.0837984524385	0.096232179109	0.0925745786738
BYQ_AAAD.snv.bam	0.123812954581	0.109313696365	0.0	0.0189095175872	0.134916113411	0.109856529018	0.117651833055	0.12495704071	0.145787951518	0.136235903815	0.132163884262	0.131124738884	0.117159159786	0.137086278007	0.121201591399	0.320601116419	0.134390019083	0.12562017317	0.160099394452	0.111250635715	0.117522098398	0.140174411591	0.140124315624	0.123002254748	0.114191512369	0.113146876721	0.12025982316	0.130926523739	0.124523950679	0.134164781526	0.139787903522	0.11110890554	0.111964726461	0.118649963793	0.129126818082	0.138263971837	0.125684360076	0.129105262533	0.109016062187	0.129835134458	0.125692335392	0.13022299143	0.144867467939	0.132159783026	0.132299778205	0.124209969456	0.140180238346	0.157217817931	0.0998642714144	0.114038954354	0.130443316548	0.120071888488	0.0958643885103	0.110608821172	0.123737221699	0.123587609889	0.132955760598	0.108418256081	0.133109141044	0.132726514451	0.133254277012	0.104949286848	0.120876970588	0.128487249712	0.121731756903	0.0870388728784	0.118640798987	0.322912369103	0.128062258984	0.100595539073	0.130810486778	0.105016126709	0.115513732459	0.140693274421	0.129179055852	0.104381501467	0.132304527939	0.0997899025441	0.117251752908	0.131627959507	0.13745176169	0.105049477479	0.121014619812	0.114724649234	0.12469610993	0.125065070587	0.122483547047	0.12028272235	0.111763537788	0.126155933573	0.122597010931	0.107678023256	0.105078449484	0.167746031839	0.125082397585	0.116752649936	0.091010768574	0.124624042154	0.124593194244	0.0986842401102	0.111120285937	0.124668620152	0.140821591802	0.123283487701	0.119191761244	0.115461106693	0.103562459981	0.107608438688	0.0831345236	0.110746771408	0.103289843413	0.13810890145	0.0862096870608	0.118019373552	0.115206848527	0.111939132292	0.123498228788	0.139484103793	0.108508315305	0.106167330768	0.13429793012	0.134910342197	0.134825943294	0.111594022583	0.118589533515	0.116230208439
BYQ_AAAX.snv.bam	0.118932174761	0.105761898259	0.0189095175872	0.0	0.128947418312	0.104547431562	0.113088676939	0.118437240665	0.141293399947	0.133937453242	0.126841339214	0.12867924579	0.114225365619	0.136031816677	0.118498406259	0.317842878289	0.131978587315	0.121106914875	0.164940054233	0.108991927918	0.112086829803	0.134264219325	0.137819104972	0.115300096721	0.113150531916	0.111553337143	0.113669941856	0.131419018511	0.123291652242	0.127850424069	0.13359173442	0.104034190959	0.105928932485	0.112974167165	0.123130632783	0.13030401224	0.118984879443	0.123422833549	0.1060887494	0.127739576459	0.119266244933	0.121917573883	0.142332773472	0.126828929754	0.129633991062	0.120280777499	0.135246933328	0.153213163863	0.0949366129122	0.110270349513	0.129815298616	0.118316557448	0.0968400151016	0.107059807195	0.119689608328	0.119619953874	0.128214699886	0.10211443635	0.126657618353	0.126301744034	0.127194830542	0.104544599116	0.116952528999	0.12210173502	0.116092986011	0.0833693673679	0.113873072692	0.319530482382	0.125605910022	0.0950762482088	0.126179140021	0.102488872376	0.110810514192	0.136201277537	0.123958594102	0.102174132279	0.130403916385	0.0971753798195	0.108966631603	0.126352694812	0.132548743848	0.102006626784	0.11548566756	0.111491635906	0.119203675282	0.124499812725	0.12006852108	0.117225842066	0.105556843725	0.120120939402	0.114698698561	0.101519350079	0.0991868425999	0.162091029497	0.124360001108	0.114696375251	0.0862034488038	0.11945939642	0.121903458922	0.0945844583994	0.105490795437	0.122409576046	0.136706744588	0.118204949092	0.111297233232	0.109392128288	0.0981312266873	0.104175812894	0.0773689002755	0.104874363329	0.103413489324	0.133937501187	0.0804825743176	0.114454963187	0.10998527431	0.107988501734	0.119315997588	0.133942948641	0.104533570921	0.103183429532	0.128329516559	0.128548256618	0.129192451498	0.108674904118	0.114186635588	0.112300116629
BYQ_AABB.snv.bam	0.117008535259	0.109656149731	0.134916113411	0.128947418312	0.0	0.129815273013	0.127757487029	0.122115248637	0.118572838244	0.137620712888	0.128617441598	0.146669644716	0.110578467392	0.135290174568	0.123977036561	0.314956616365	0.138990726825	0.122987863441	0.181783827321	0.133172894354	0.119479097397	0.133254873494	0.12818130546	0.12902694293	0.121190577667	0.11395261041	0.105388274514	0.158764477408	0.118633652216	0.112035292301	0.131885377687	0.101495757002	0.125103968905	0.124138420809	0.108115795539	0.129187031795	0.1099326141	0.111163942702	0.124067629676	0.121767995736	0.10900380023	0.116857332017	0.1576119057	0.140910905374	0.130097063178	0.14086801279	0.124079161428	0.151180523689	0.107229462842	0.120401369578	0.143477974034	0.118894725541	0.116640588616	0.131438227665	0.107846727668	0.107776943019	0.120414628231	0.118513984007	0.119789425325	0.11969181979	0.121678727271	0.154094047694	0.140857971731	0.115305183733	0.130789696287	0.101514559409	0.116490557204	0.326278039866	0.143554932027	0.124845894101	0.119695042416	0.125733063911	0.138333817856	0.130969927488	0.1130707851	0.121518017785	0.166495051377	0.103672310758	0.109835553685	0.121659408919	0.131251751452	0.131456025395	0.101459543149	0.115767763354	0.110738490648	0.124802655929	0.129294442319	0.143711191754	0.12750302282	0.150811838099	0.13233142441	0.113973309907	0.130653957492	0.175587827314	0.102133100467	0.115020327593	0.123518321194	0.109946647258	0.119337018301	0.109093688943	0.109339005252	0.14242580896	0.146039455579	0.123944206633	0.127641712404	0.12100015933	0.1018764439	0.113286861141	0.122513700634	0.115708395617	0.119949112744	0.132304609955	0.104695852841	0.123778577518	0.120670509377	0.135093118375	0.108029226167	0.127311230676	0.118839477247	0.118514291416	0.0195015403063	0.0180523021211	0.018762651477	0.104088242608	0.0991360208438	0.105734395292
CCIS02124300ST-4-0.snv.bam	0.116586068179	0.0936667976478	0.109856529018	0.104547431562	0.129815273013	0.0	0.111794125241	0.107837452326	0.142327590513	0.120625722881	0.100817017711	0.0955814102726	0.110622231537	0.142381756301	0.0985503007036	0.297942242275	0.12354690966	0.0873992244713	0.14958116064	0.130229338753	0.0880607674839	0.133709338212	0.096576716148	0.0727011728207	0.119925754717	0.0875277915389	0.124503671473	0.13413472062	0.128728405051	0.101117226695	0.124187836105	0.110686151993	0.0834381751934	0.107081657565	0.0860382541787	0.131491109369	0.0920034920292	0.0834401483587	0.116553827368	0.119682827313	0.13838297584	0.120585971108	0.138333085256	0.136839574306	0.123024309184	0.110995845848	0.10489182313	0.129661757408	0.0886352273383	0.117587328388	0.135069428249	0.118161051527	0.112896379081	0.122313391165	0.087250209584	0.0869830888253	0.0993910868039	0.0919678672097	0.113485517212	0.113113607111	0.115727828499	0.12410684231	0.126304078293	0.104062622366	0.129138753021	0.116286560724	0.106601517749	0.303527462842	0.105153663037	0.0964329048305	0.0936557607183	0.105661027243	0.108310967755	0.138148477954	0.0986932435227	0.115553614834	0.136503158659	0.0961293774333	0.12337227413	0.0989057238981	0.105895300535	0.107605423524	0.123422705217	0.0761922300393	0.0949357912126	0.128011832967	0.128855416293	0.126458348894	0.124804872419	0.12953112287	0.124531115077	0.115489682036	0.112601966687	0.137532288674	0.130249782135	0.129817696693	0.108034080601	0.113074694871	0.100628483708	0.114784146744	0.100192863975	0.120683494159	0.112367687907	0.112865241983	0.11159359718	0.106829666153	0.111075794219	0.110494641716	0.0983701927899	0.080503840028	0.115603819009	0.134767689491	0.106088397343	0.122967792154	0.104793670509	0.126016078791	0.0872828000198	0.0947309720705	0.106085948505	0.119976048247	0.130755087137	0.132234335487	0.132200461525	0.110059552534	0.118309776209	0.114684077807
CCIS07648107ST-4-0.snv.bam	0.117117619477	0.0985680229226	0.117651833055	0.113088676939	0.127757487029	0.111794125241	0.0	0.0892258161126	0.142981012773	0.108765443589	0.108868764765	0.108538994754	0.0901921482302	0.129914608321	0.0774742867717	0.296599594777	0.116731125649	0.100189035917	0.161674699418	0.119075745146	0.0973887354047	0.105986476945	0.120720045668	0.105907624111	0.117567178023	0.114342485534	0.129969784135	0.127832887834	0.118977400943	0.119359153072	0.10796624809	0.103778215827	0.128388198255	0.109308022895	0.100228912478	0.123364485981	0.110517851074	0.0926461143224	0.0861010746711	0.13975143368	0.118735802396	0.135474142816	0.142478425579	0.1380114541	0.108494920103	0.122887426901	0.125058592305	0.132491578935	0.0919525231717	0.122140517592	0.138372400798	0.114625321636	0.11583554925	0.119219276132	0.0974360691056	0.0973664146516	0.100794718219	0.0842433546928	0.125681437193	0.125325562874	0.12751211555	0.112960634442	0.132908353118	0.111324826846	0.135553479821	0.0916147965032	0.092782439417	0.291245265913	0.0976766335091	0.125446995468	0.103203211725	0.10189012706	0.117749765806	0.125619091144	0.123506093141	0.112384752474	0.136200519828	0.0860482335017	0.13656923424	0.105666346934	0.129339999619	0.110497086297	0.121536140321	0.0850794921302	0.119861854071	0.12520801582	0.113077531228	0.129189952662	0.117944755979	0.128354539973	0.128026499972	0.0854600138988	0.111111681805	0.144411088439	0.132163300886	0.105799346766	0.0789235111722	0.119729894226	0.125397134774	0.0952838488448	0.0961731196405	0.11382588335	0.0975836336207	0.106225479228	0.104128722115	0.116960094683	0.103379021421	0.0887104784831	0.0770735625447	0.0750747697646	0.0934913819015	0.113920446697	0.0867783331645	0.126660859901	0.104445652366	0.123379945188	0.0979297928683	0.107181692616	0.09924188617	0.11162207582	0.133630771202	0.132571825479	0.135583352624	0.11768470862	0.121542375087	0.11667494466
CCIS11354283ST-4-0.snv.bam	0.106433748773	0.0951799386272	0.12495704071	0.118437240665	0.122115248637	0.107837452326	0.0892258161126	0.0	0.137073637708	0.1182299093	0.115088774177	0.114300921721	0.091268424291	0.122868659007	0.0935226657281	0.312782335348	0.11035468232	0.0945172842878	0.158906078929	0.0926387110879	0.0992450123143	0.124262294645	0.10194852872	0.0986563634976	0.120063121298	0.0953353059939	0.114998250909	0.144680413175	0.131118523744	0.101727070604	0.110072168501	0.094471226375	0.111625912681	0.104855664548	0.0854460975206	0.125311309149	0.0940308807131	0.0887248986664	0.109623015873	0.115662161335	0.122610025521	0.104350601323	0.124612595684	0.120363391563	0.12008255668	0.104539742464	0.104494771509	0.132932449393	0.095457656153	0.122964552967	0.138034812331	0.11621655665	0.0933166368089	0.12561881343	0.0876151896244	0.0875447466293	0.0894799241434	0.10433907245	0.109041435841	0.108917971795	0.110851426113	0.129248501763	0.133946561265	0.120867233196	0.120612941404	0.0798412233699	0.101995004415	0.324301841277	0.119952690085	0.113498372499	0.0881497248933	0.105775831328	0.126645103559	0.114187333581	0.108009153858	0.104768155331	0.150591107248	0.0841012776629	0.112327372448	0.111620789194	0.115078848278	0.10605103043	0.102973416782	0.100266904435	0.103802298641	0.102422925022	0.12724844467	0.13546760515	0.127755037763	0.136307434567	0.130459034086	0.114343023781	0.100554140973	0.156355773302	0.139598152821	0.125774219312	0.103399741035	0.104835759568	0.111086366269	0.111897354832	0.0826122189368	0.0857419116191	0.0864535287763	0.118618360293	0.0996919697647	0.0945723769146	0.0864975380454	0.103339577637	0.0806659811266	0.0708148815953	0.0999458024976	0.134869282049	0.0883521730495	0.115395479864	0.0992537544687	0.127534475501	0.0881665435833	0.103160467946	0.101382189635	0.117665144474	0.127149481997	0.126678012933	0.127694101783	0.10751178949	0.107744932813	0.102675545774
CCIS22275061ST-4-0.snv.bam	0.15052188504	0.124800891456	0.145787951518	0.141293399947	0.118572838244	0.142327590513	0.142981012773	0.137073637708	0.0	0.127456002822	0.140478754018	0.148495516424	0.116829421126	0.164633752818	0.124571906001	0.352957978877	0.115404605016	0.135373876157	0.166594208724	0.146457251057	0.130877280443	0.138758566777	0.144197525388	0.131217294378	0.117188032602	0.144982698922	0.145977897075	0.146854771101	0.148585614398	0.13672739048	0.12745067511	0.12655343999	0.156026862032	0.105733305802	0.134849099917	0.140751247679	0.128588504916	0.115083318676	0.141354402256	0.114753685978	0.109819151938	0.143890978341	0.141508390511	0.156662998981	0.126859053047	0.145208290749	0.136949468436	0.146744029391	0.119008175478	0.119653464669	0.121543160597	0.112128353424	0.125489821132	0.133651419556	0.134341190962	0.134617668687	0.137930185089	0.122027152736	0.12451118168	0.124225110705	0.126405900449	0.14398951274	0.144535464835	0.153193677869	0.118003865276	0.117156755701	0.11449102035	0.353625219135	0.144102592507	0.131095704199	0.141172070409	0.134691847639	0.141338383616	0.118304735642	0.134019761095	0.125270208752	0.161736148684	0.11412918437	0.138729189646	0.122142455462	0.14200521815	0.128110252957	0.121589954795	0.119518402704	0.132278101245	0.10711684367	0.15288255365	0.137857520975	0.148280256984	0.146768718415	0.11313603112	0.122720848216	0.119125342353	0.194591115162	0.120726246221	0.146145507018	0.119862073639	0.129517888066	0.134167928739	0.0975525793018	0.117312571491	0.129256127753	0.124789920265	0.14471237602	0.138576380474	0.13379178784	0.128414680456	0.124880695399	0.127952768887	0.126071260062	0.115347278612	0.133341097185	0.123480210505	0.112470141588	0.101078740741	0.138030672796	0.134474933883	0.141702284634	0.0983136174796	0.143358664802	0.124259207554	0.123555184976	0.115381965807	0.127224120092	0.131952892406	0.129491828339
CCIS22416007ST-4-0.snv.bam	0.128928784003	0.124898686386	0.136235903815	0.133937453242	0.137620712888	0.120625722881	0.108765443589	0.1182299093	0.127456002822	0.0	0.134084457381	0.0879707310405	0.108456039267	0.14159075325	0.118193175707	0.328153906476	0.124250423676	0.119542530684	0.182816449436	0.126804007247	0.120050822698	0.127459775265	0.143849085887	0.126505400325	0.0583410537266	0.122415838932	0.124568442663	0.139890612758	0.123888303431	0.138915032523	0.136905123628	0.123363653504	0.144934508068	0.109991775688	0.124391305689	0.142484695788	0.129317433219	0.119494643727	0.117935015488	0.118878485356	0.111426108405	0.139478068306	0.140827254223	0.119098715112	0.116728760761	0.121552852902	0.136255548458	0.138294292851	0.116129182846	0.11791929545	0.0907795020626	0.0719369150532	0.111189863208	0.134177001342	0.119861972965	0.119688670087	0.116682404159	0.112752893611	0.140763244321	0.140282526057	0.14241326917	0.14334655684	0.140557855739	0.132740954146	0.128270966807	0.121835061889	0.111887135	0.322093039359	0.126792737411	0.134297345217	0.118323014837	0.131147262619	0.149806678654	0.125928509815	0.139276047816	0.120184211584	0.156890042353	0.119700478157	0.137886531922	0.115782002973	0.138571666474	0.114081760531	0.122212717896	0.110158939699	0.134782219191	0.116616124362	0.123620603121	0.133609853994	0.139799688596	0.147682499827	0.125351753437	0.103856623468	0.120632202849	0.165482293691	0.130769820927	0.145345829483	0.106464871449	0.137203898992	0.144313970364	0.103856092918	0.0861961047255	0.0993885145275	0.116681128465	0.108261235699	0.110055614519	0.119707889251	0.126136600239	0.117297471587	0.125714861965	0.0943390112837	0.115074648308	0.0590253799107	0.121947628913	0.0875652528448	0.107456214366	0.135661711128	0.120315745782	0.122526430383	0.0887898181207	0.127258028892	0.136573924109	0.140380565157	0.138075354318	0.118679847643	0.119776990739	0.110827413678
CCIS23164343ST-4-0.snv.bam	0.136854245357	0.107693247667	0.132163884262	0.126841339214	0.128617441598	0.100817017711	0.108868764765	0.115088774177	0.140478754018	0.134084457381	0.0	0.106704140439	0.117501954108	0.133225917446	0.0961778829128	0.311218690267	0.137206091826	0.0500059828531	0.146730952614	0.132224641886	0.0984328194377	0.151183339727	0.0536136433975	0.107923442713	0.129947791809	0.113006202744	0.136173119863	0.139411240618	0.129229658032	0.0537923600689	0.109425841461	0.118820535848	0.119705073562	0.126987233262	0.0483936310555	0.144433624242	0.0637698681582	0.0571905431302	0.122037077884	0.140304458865	0.113146907285	0.0992160589542	0.125916858906	0.144129048412	0.141362128355	0.115165232199	0.0785666544503	0.130042359065	0.105172145773	0.125361370603	0.131209552333	0.129874750409	0.126387849484	0.12528762179	0.0998128895712	0.0997401624385	0.102123016983	0.0778557055913	0.0734744020045	0.0732468242429	0.0760671140731	0.134157166191	0.123440190446	0.0957429707336	0.127602985762	0.121269184446	0.0791026313335	0.317670902324	0.127740358141	0.0882321191779	0.0603052165695	0.110164765549	0.110221908864	0.128619499601	0.0676212059486	0.111810493633	0.147660149401	0.120432636023	0.133155112384	0.0812225286427	0.0678705631118	0.121011105464	0.10654767863	0.0963729256508	0.0631029557144	0.131293517428	0.143263413191	0.147149830839	0.123883671393	0.134237680798	0.121766522195	0.121982006921	0.123014614382	0.16916331644	0.122289943158	0.144582009427	0.113143437309	0.0829943294575	0.0676472901028	0.128761151061	0.0976622547866	0.136190152113	0.125720734582	0.121000412783	0.103941119588	0.101629623029	0.116004471002	0.125740188854	0.115167313835	0.092756424799	0.113398773775	0.136333977426	0.111775475778	0.130815729867	0.120898892493	0.125986759962	0.100250196448	0.0403066342607	0.111711652199	0.114857453937	0.123152613419	0.124121756117	0.122092740507	0.11330463109	0.121980580177	0.11358922582
CCIS27927933ST-4-0.snv.bam	0.131695470527	0.106729224637	0.131124738884	0.12867924579	0.146669644716	0.0955814102726	0.108538994754	0.114300921721	0.148495516424	0.0879707310405	0.106704140439	0.0	0.109478642971	0.139586969988	0.115999425075	0.308110209222	0.11135212048	0.0928648634615	0.168585798499	0.113275052892	0.0963447449585	0.131438561928	0.115944753993	0.0978238189711	0.073840738429	0.124436913027	0.127518525958	0.122040430895	0.127682888665	0.10190749047	0.121751217502	0.122951917168	0.10144757995	0.11015489461	0.086343013049	0.140510576606	0.097147159798	0.0909574927432	0.105619844919	0.113272422839	0.14719412793	0.135779883583	0.137650903545	0.1273158622	0.108892696631	0.131285118756	0.112202965021	0.113663849112	0.111741282804	0.126529666196	0.136096683882	0.112416116836	0.106725431029	0.136129983458	0.0958768135214	0.0958070288721	0.116808842245	0.0973747101038	0.109092936902	0.108865786116	0.110989050173	0.139376916603	0.141071457479	0.0993950875173	0.145539581952	0.123622764175	0.108227852365	0.312599619772	0.117442351525	0.102454756108	0.0867356838472	0.106663268368	0.11868751458	0.131272904593	0.104817451328	0.111765823001	0.151385853632	0.109767986309	0.134944832666	0.0981631051156	0.115789322527	0.117916229961	0.119955175925	0.102399102787	0.100379058537	0.110389183466	0.117693373779	0.142166638102	0.138165079782	0.153076498239	0.128154252949	0.117666687427	0.123159633392	0.155815342174	0.117641416757	0.147328712688	0.110678795782	0.125722102488	0.116025666032	0.123697343705	0.0971558833115	0.112230507258	0.124697442463	0.126849569994	0.120740016795	0.11533621141	0.124194025026	0.10402835264	0.119996586827	0.0809383974579	0.107863934327	0.0937797600386	0.124011557543	0.129464512658	0.1039407674	0.137248684808	0.0964985207778	0.0995115267756	0.0830642584922	0.101791934273	0.151592152018	0.152048709596	0.155560231328	0.114704326894	0.122095146503	0.116811286825
CCIS29688262ST-20-0.snv.bam	0.132278325169	0.104811264278	0.117159159786	0.114225365619	0.110578467392	0.110622231537	0.0901921482302	0.091268424291	0.116829421126	0.108456039267	0.117501954108	0.109478642971	0.0	0.129109055298	0.101358590459	0.316695853879	0.112498042457	0.110508203146	0.147059774963	0.107489164025	0.113625442151	0.131814798936	0.114951609843	0.126959949869	0.107317673361	0.0968095544486	0.12520975623	0.142897991811	0.120122872869	0.120478528807	0.12203046359	0.098583450936	0.139284065013	0.11696284382	0.106678081199	0.135116097172	0.113476374094	0.100527452761	0.111951426797	0.109878453042	0.132223076658	0.131483455029	0.136073199682	0.131812074358	0.119625443061	0.123841474143	0.123630280489	0.126748556506	0.110550441771	0.128468516499	0.136002976911	0.114098043384	0.107718678073	0.126849582539	0.11119311564	0.11092160454	0.103111300753	0.098738346771	0.124805479024	0.124446241054	0.126986663942	0.110067009865	0.138660653359	0.131148770597	0.1380402587	0.0973615248707	0.118939566744	0.32099184331	0.112937322033	0.1253064482	0.106929615129	0.103225341441	0.123570113443	0.124041837911	0.117045948715	0.102656174295	0.153077713724	0.0930263824351	0.128142364955	0.123693302852	0.118200014406	0.125739042385	0.0961974570912	0.109070657024	0.112892304756	0.115873561455	0.120124099059	0.136026827827	0.132607698485	0.144164870932	0.113811509662	0.0926322181487	0.116786520789	0.166451101516	0.112142632929	0.118140666863	0.0934304803234	0.110497016565	0.116546899247	0.085382522352	0.10471265755	0.122404305073	0.117669016649	0.12512627042	0.117889744752	0.11529537542	0.118881888036	0.102994089603	0.0957500217072	0.0929750918543	0.0812573186091	0.124940734889	0.0957729502241	0.128836595184	0.113682819709	0.132608834409	0.11139340078	0.115751879418	0.0914828127077	0.132111288812	0.114566442918	0.11383352675	0.117575889761	0.112268319888	0.114497957411	0.112942061348
CCIS36699628ST-4-0.snv.bam	0.145667562892	0.123197552055	0.137086278007	0.136031816677	0.135290174568	0.142381756301	0.129914608321	0.122868659007	0.164633752818	0.14159075325	0.133225917446	0.139586969988	0.129109055298	0.0	0.107745777054	0.322541429995	0.158613053658	0.115091511452	0.178077565162	0.13111423377	0.127208878187	0.122904912859	0.140344172157	0.139830403595	0.133055921131	0.13468331786	0.125417042155	0.150365889533	0.155486698352	0.130426074885	0.138350684313	0.100402858362	0.13445494192	0.126775257126	0.120348365442	0.145980623065	0.12692564579	0.119238264063	0.115197528659	0.150475678806	0.138768082969	0.153389867747	0.133639022051	0.127011629301	0.122250839504	0.134914775513	0.136764591492	0.132902189566	0.121861246843	0.137864617822	0.152156057815	0.134312203035	0.130000763656	0.151315722532	0.130246806885	0.130132429722	0.136482449133	0.125221723013	0.133263285915	0.132893492949	0.132849157069	0.155661283455	0.157159159924	0.126629679909	0.145225006601	0.120662303832	0.127451287949	0.324331447587	0.136761242751	0.134980345404	0.123714350632	0.13588560064	0.143343118685	0.147243562895	0.139404585923	0.115868037614	0.146968423454	0.116532731388	0.140237438768	0.133943818522	0.147320633833	0.130598799202	0.13072679305	0.136270650764	0.136389258734	0.133109705174	0.121989856733	0.141370153807	0.152124739922	0.161933088013	0.147248127716	0.115675438925	0.124124403114	0.174602932677	0.148786935596	0.150565219463	0.124949838858	0.133203420127	0.137961021821	0.124885344378	0.113378211261	0.141674074312	0.126771563021	0.138977007215	0.119153600306	0.131540318606	0.119620265667	0.138902697768	0.130452498291	0.111177126419	0.121102165734	0.14809527155	0.134755226595	0.12976934293	0.13026951907	0.153649669178	0.130436046896	0.129779073785	0.123899324632	0.120105385518	0.142006051718	0.142764976749	0.14530337098	0.135530660877	0.134135490998	0.129368100751
CCIS41288781ST-4-0.snv.bam	0.124344429427	0.0879046028726	0.121201591399	0.118498406259	0.123977036561	0.0985503007036	0.0774742867717	0.0935226657281	0.124571906001	0.118193175707	0.0961778829128	0.115999425075	0.101358590459	0.107745777054	0.0	0.296533748366	0.109608789423	0.079501712408	0.133323995287	0.0979288141376	0.110520769209	0.116191019701	0.0966705619494	0.109216735781	0.115998090951	0.0909023627573	0.115163972667	0.138175002044	0.119478854807	0.105360609581	0.0916408164178	0.091071607539	0.127121563696	0.0968026719799	0.0891611775238	0.10635833713	0.0984761546678	0.0782655836264	0.103343322081	0.106324804062	0.108680378977	0.123565687866	0.130799793309	0.139809093637	0.110773136927	0.098121399377	0.113682907032	0.140824471878	0.0810731605168	0.113876041166	0.143578715992	0.13273140869	0.0933718607694	0.119860358982	0.109960785668	0.109812918006	0.100909988826	0.0931292726834	0.120344733415	0.119984391696	0.122113854525	0.125378153462	0.126226002467	0.112472531417	0.123176394276	0.10781890782	0.089178535145	0.297270462858	0.103221695695	0.104657512069	0.0915864175902	0.0958084770278	0.106604562047	0.110350137955	0.110172329525	0.0999654447891	0.136804039354	0.0747362791193	0.120660153864	0.0936441313663	0.114435961743	0.112272420843	0.110253199223	0.0840803693012	0.105458594663	0.108729577586	0.117035162172	0.123221977079	0.119442157828	0.130573217058	0.124567476487	0.102284716101	0.09902211539	0.153854503888	0.108982920501	0.107599031855	0.0902481900079	0.0995182507338	0.112204723484	0.105426128988	0.0859138162049	0.0984924352562	0.106772960336	0.1179634171	0.107738114049	0.108170883374	0.108853169146	0.100842519418	0.0891242045482	0.0823142548476	0.102048925293	0.134954496932	0.0967328399613	0.129086880008	0.104058345347	0.12183479289	0.11024861437	0.0886548842713	0.0925735468682	0.108442613604	0.129537709473	0.128373645325	0.126076788068	0.106791691749	0.111189795868	0.103799708456
CCIS44743950ST-4-0.snv.bam	0.324174333715	0.298326355828	0.320601116419	0.317842878289	0.314956616365	0.297942242275	0.296599594777	0.312782335348	0.352957978877	0.328153906476	0.311218690267	0.308110209222	0.316695853879	0.322541429995	0.296533748366	0.0	0.32500368574	0.306727715276	0.313770131468	0.332480811549	0.302861635014	0.323328369807	0.310705681837	0.291753743605	0.307435505565	0.300188193604	0.310322615934	0.318817291902	0.325961049653	0.301460586793	0.303958013544	0.313623180845	0.309200383338	0.320016800948	0.30036827085	0.30301445621	0.300881553398	0.305615631651	0.291626144721	0.301050802457	0.318197048645	0.308494360188	0.327519250548	0.298884985792	0.299554083694	0.336065364642	0.299480000966	0.306846357911	0.283355838622	0.312924399944	0.338905811174	0.319497558743	0.319510374421	0.325256383447	0.294782868259	0.294368298082	0.303532060555	0.302258803391	0.304904246148	0.304545883874	0.303946467502	0.321916057636	0.320478005285	0.30822783584	0.323145258905	0.308101556003	0.309798110579	0.0833607234746	0.31455184475	0.320913894974	0.3004095255	0.304195880959	0.299993740427	0.31027480599	0.298636453012	0.309918001455	0.308915614577	0.323351445196	0.316535456149	0.297384488112	0.313391502295	0.315613116064	0.308751798529	0.308133807525	0.296729711017	0.311719722532	0.306250516607	0.313705133333	0.314550964388	0.340850244364	0.316742742881	0.31329365251	0.311997419302	0.228114367107	0.311290585546	0.309103991916	0.292146011586	0.295923907995	0.304003168071	0.317485082012	0.305989743847	0.313391103824	0.318799382275	0.308775717852	0.304555527765	0.313229319056	0.296904971573	0.321561649557	0.309241977811	0.300382059915	0.314749497024	0.32909579421	0.314763702944	0.328187414249	0.293394791304	0.324940258576	0.294944447628	0.314222192506	0.299538257319	0.313899967729	0.312717634587	0.316111170658	0.312862617695	0.301307258542	0.305443810727	0.290305343443
CCIS50369211ST-20-0.snv.bam	0.136592315347	0.122572684594	0.134390019083	0.131978587315	0.138990726825	0.12354690966	0.116731125649	0.11035468232	0.115404605016	0.124250423676	0.137206091826	0.11135212048	0.112498042457	0.158613053658	0.109608789423	0.32500368574	0.0	0.118735285682	0.16663271083	0.114753529366	0.130842980519	0.137467748057	0.141373093045	0.136096028862	0.124574539339	0.109416228923	0.124429538344	0.139703462634	0.127254280932	0.140640582454	0.118514278272	0.109534177949	0.149048628796	0.109686367394	0.114954571765	0.13442608481	0.127795313609	0.113476492214	0.12205601226	0.109592438501	0.125032662907	0.129784637458	0.152760603128	0.144366355419	0.13345055535	0.108095351147	0.143940060696	0.15696500224	0.114683326785	0.123868234346	0.152420549752	0.132837957727	0.10369553159	0.136971213225	0.13066548352	0.130595829066	0.116564096471	0.120307922151	0.143739419517	0.143586131721	0.145499731074	0.151116941661	0.142957865166	0.128698112009	0.10465295248	0.121485464279	0.125533750424	0.317318518168	0.122221466064	0.130238357918	0.125009015956	0.12289961962	0.131711222807	0.0828707403502	0.136606324306	0.111137071488	0.158588835907	0.0881590917826	0.133483752344	0.133889086799	0.141514698911	0.10517321476	0.129032550178	0.103821372089	0.134242581805	0.110682059726	0.125408868486	0.132033711365	0.148256399128	0.154063186638	0.127073582148	0.136758692542	0.119613126272	0.161759417457	0.111621910833	0.137503659186	0.124497032941	0.120002635611	0.141222462309	0.121755025275	0.106232930304	0.0740068978845	0.116611660074	0.136791548579	0.103030097607	0.104006578964	0.125780473374	0.0920963989161	0.0957153553076	0.104335025215	0.117026599632	0.123631571133	0.114697471309	0.119855579846	0.112698191872	0.138529607294	0.130744441412	0.12355722537	0.0967641373278	0.117549073627	0.143078273981	0.146400995646	0.142419323044	0.105187462174	0.110274125436	0.107676168301
CCIS52370277ST-4-0.snv.bam	0.123938722492	0.0967792298428	0.12562017317	0.121106914875	0.122987863441	0.0873992244713	0.100189035917	0.0945172842878	0.135373876157	0.119542530684	0.0500059828531	0.0928648634615	0.110508203146	0.115091511452	0.079501712408	0.306727715276	0.118735285682	0.0	0.148109542109	0.125984426525	0.0783023614535	0.1336703	0.0476560250068	0.0889086145487	0.129840838017	0.0994435695937	0.116937013758	0.138521894104	0.133362331062	0.0391905184846	0.109442349138	0.09356137279	0.102489116735	0.114097915	0.0240380137055	0.123106060606	0.040051969665	0.0294596354167	0.105041326195	0.129214962927	0.110360716947	0.0877386920039	0.124334714936	0.133822264425	0.124972905677	0.100801477378	0.0635779962084	0.124671958737	0.0983963479251	0.119939067441	0.14539610709	0.121881811438	0.105710295709	0.100207490019	0.0834862443383	0.0834269238141	0.0919317869362	0.0711122715215	0.0496784708307	0.0493222316735	0.0516946955294	0.130722313957	0.10400913976	0.0850210751104	0.113074393205	0.109840323111	0.0763418458592	0.311637465904	0.117782902714	0.0877023033209	0.03062688009	0.104633943472	0.117617120816	0.122376164886	0.0567048067453	0.116176866634	0.146495548623	0.0885622190011	0.115475771775	0.0740314528258	0.0688336859279	0.115694066243	0.104240777339	0.0856730594849	0.0527013923241	0.117641468946	0.128330706539	0.136623660116	0.135630239287	0.112782244578	0.129241630785	0.107864618971	0.118377995815	0.154792163391	0.119264844564	0.129059344978	0.103015979702	0.0767791866709	0.0670819925709	0.118458771087	0.0910335219045	0.111551367629	0.105182331926	0.109084006671	0.096037450544	0.0915008854445	0.110418063292	0.115182435836	0.0912263402386	0.0623719488667	0.122433627998	0.134410651634	0.101140050058	0.123652614869	0.103244253309	0.100130250966	0.0838433770058	0.0199568659927	0.107417235019	0.107745366416	0.122247915208	0.124363369882	0.123935663046	0.107526170944	0.108539408005	0.106460128609
CCIS59132091ST-4-0.snv.bam	0.179858705636	0.139011291711	0.160099394452	0.164940054233	0.181783827321	0.14958116064	0.161674699418	0.158906078929	0.166594208724	0.182816449436	0.146730952614	0.168585798499	0.147059774963	0.178077565162	0.133323995287	0.313770131468	0.16663271083	0.148109542109	0.0	0.161411934635	0.160156674282	0.178743904232	0.138705873938	0.171667401111	0.160996737498	0.149437203469	0.174755966521	0.170135318518	0.177084398081	0.154184237659	0.16417877813	0.168856893402	0.176612853928	0.161292968852	0.141652895947	0.173904460689	0.145756064362	0.144579573149	0.156127013796	0.156859899684	0.181603335481	0.148740599341	0.175259268304	0.170970773165	0.165936843383	0.174854963909	0.148007494529	0.158344714001	0.139062975085	0.174075630418	0.145563751551	0.162080136481	0.136974323311	0.172640680948	0.155485007615	0.155230685473	0.154703490381	0.149533433611	0.15470435359	0.154463534481	0.157621333037	0.150884560138	0.171577699696	0.16874728022	0.159898278006	0.155995266374	0.154075060461	0.334969721439	0.147635167901	0.146708565699	0.15354264596	0.141262015405	0.13433758496	0.145145617582	0.137712244476	0.136852625723	0.172933595729	0.149776292507	0.181012907404	0.159304633525	0.144398356838	0.158821629586	0.160623737291	0.145282186725	0.133372923871	0.134661197777	0.164555101193	0.171757177178	0.146206638194	0.190893430436	0.174930588766	0.166754239968	0.16173684015	0.207142332673	0.150124108674	0.164059723652	0.158274345519	0.132645042549	0.128963951035	0.159639028534	0.16166111542	0.173812543875	0.180028692675	0.172256480149	0.166248621386	0.16178668406	0.163085751795	0.173825612131	0.143092151913	0.149344564636	0.132031805519	0.181249922706	0.159463143719	0.16482628169	0.151231751521	0.174501391467	0.155674235474	0.15337653574	0.142268565812	0.18230265721	0.179622462717	0.183180985847	0.178439726284	0.141658758528	0.141921499665	0.144683629316
