	147406386-subgingivalplaque2.snv.bam	147406386-supragingivalplaque3.snv.bam	158114885-supragingivalplaque2.snv.bam	158256496-supragingivalplaque2.snv.bam	158337416-supragingivalplaque1.snv.bam	158337416-supragingivalplaque2.snv.bam	158479027-supragingivalplaque2.snv.bam	158499257-supragingivalplaque1.snv.bam	158499257-supragingivalplaque2.snv.bam	158944319-supragingivalplaque2.snv.bam	158944319-supragingivalplaque3.snv.bam	159005010-supragingivalplaque2.snv.bam	159207311-supragingivalplaque2.snv.bam	159207311-supragingivalplaque3.snv.bam	159247771-supragingivalplaque2.snv.bam	159268001-supragingivalplaque1.snv.bam	159268001-supragingivalplaque2.snv.bam	159268001-supragingivalplaque3.snv.bam	159369152-supragingivalplaque1.snv.bam	159369152-supragingivalplaque2.snv.bam	159551223-supragingivalplaque1.snv.bam	159571453-supragingivalplaque1.snv.bam	159571453-supragingivalplaque2.snv.bam	159591683-supragingivalplaque1.snv.bam	159611913-supragingivalplaque2.snv.bam	159713063-supragingivalplaque2.snv.bam	159814214-stool2.snv.bam	159814214-supragingivalplaque1.snv.bam	160178356-supragingivalplaque1.snv.bam	160178356-supragingivalplaque3.snv.bam	160259276-supragingivalplaque1.snv.bam	160319967-supragingivalplaque1.snv.bam	160319967-supragingivalplaque3.snv.bam	160380657-supragingivalplaque1.snv.bam	160380657-supragingivalplaque2.snv.bam	160421117-supragingivalplaque1.snv.bam	160502038-supragingivalplaque3.snv.bam	160542498-supragingivalplaque1.snv.bam	160582958-supragingivalplaque1.snv.bam	160582958-supragingivalplaque2.snv.bam	160582958-supragingivalplaque3.snv.bam	160704339-supragingivalplaque1.snv.bam	178713055-supragingivalplaque2.snv.bam	246515023-supragingivalplaque2.snv.bam	275382046-supragingivalplaque2.snv.bam	338793263-supragingivalplaque2.snv.bam	404239096-supragingivalplaque2.snv.bam	508703490-supragingivalplaque1.snv.bam	508703490-supragingivalplaque2.snv.bam	517810313-supragingivalplaque2.snv.bam	533247696-supragingivalplaque1.snv.bam	550534656-supragingivalplaque3.snv.bam	604812005-supragingivalplaque1.snv.bam	604812005-supragingivalplaque2.snv.bam	604812005-supragingivalplaque3.snv.bam	663835652-supragingivalplaque3.snv.bam	675950834-supragingivalplaque3.snv.bam	686765762-supragingivalplaque3.snv.bam	737052003-supragingivalplaque1.snv.bam	763395383-supragingivalplaque3.snv.bam	763496533-buccalmucosa2.snv.bam	763496533-subgingivalplaque1.snv.bam	763496533-supragingivalplaque1.snv.bam	763496533-supragingivalplaque2.snv.bam	763577454-attachedkeratinizedgingiva2.snv.bam	763719065-subgingivalplaque3.snv.bam	763719065-supragingivalplaque3.snv.bam	763759525-supragingivalplaque2.snv.bam	763820215-buccalmucosa2.snv.bam	763901136-supragingivalplaque1.snv.bam	763901136-supragingivalplaque2.snv.bam	763901136-supragingivalplaque3.snv.bam	763961826-subgingivalplaque1.snv.bam	763961826-supragingivalplaque1.snv.bam	763961826-supragingivalplaque2.snv.bam	763982056-supragingivalplaque1.snv.bam	763982056-supragingivalplaque2.snv.bam	764083206-supragingivalplaque1.snv.bam	764143897-buccalmucosa2.snv.bam	764143897-supragingivalplaque1.snv.bam	764143897-supragingivalplaque2.snv.bam	764285508-supragingivalplaque1.snv.bam	764285508-supragingivalplaque2.snv.bam	764305738-supragingivalplaque1.snv.bam	764305738-supragingivalplaque2.snv.bam	764366428-subgingivalplaque2.snv.bam	764366428-supragingivalplaque2.snv.bam	764366428-supragingivalplaque3.snv.bam	764508039-buccalmucosa1.snv.bam	764508039-supragingivalplaque1.snv.bam	764508039-supragingivalplaque3.snv.bam	764588959-supragingivalplaque2.snv.bam	764649650-supragingivalplaque1.snv.bam	764811490-supragingivalplaque1.snv.bam	764872181-supragingivalplaque1.snv.bam	765013792-buccalmucosa2.snv.bam	765013792-supragingivalplaque1.snv.bam	765013792-supragingivalplaque3.snv.bam	765034022-supragingivalplaque1.snv.bam	765094712-supragingivalplaque1.snv.bam	765094712-supragingivalplaque2.snv.bam	765094712-supragingivalplaque3.snv.bam	765155402-keratinizedgingiva3.snv.bam	765155402-supragingivalplaque3.snv.bam	765195863-supragingivalplaque3.snv.bam	765377934-buccalmucosa3.snv.bam	765620695-supragingivalplaque1.snv.bam	809635352-supragingivalplaque1.snv.bam	823052294-buccalmucosa3.snv.bam	823052294-supragingivalplaque2.snv.bam	823052294-supragingivalplaque3.snv.bam	861967750-supragingivalplaque2.snv.bam	ED19A.snv.bam
147406386-subgingivalplaque2.snv.bam	0.0	0.0034965034965	0.0576923076923	0.0926573426573	0.0944055944056	0.0979020979021	0.120629370629	0.0996503496503	0.118881118881	0.101398601399	0.0839160839161	0.0961538461538	0.104895104895	0.0926573426573	0.162587412587	0.0821678321678	0.0769230769231	0.0944055944056	0.0821678321678	0.11013986014	0.0944055944056	0.0576923076923	0.0559440559441	0.0734265734266	0.0856643356643	0.0576923076923	0.129370629371	0.0699300699301	0.0664335664336	0.0891608391608	0.0839160839161	0.0996503496503	0.0611888111888	0.0926573426573	0.0821678321678	0.106643356643	0.0891608391608	0.0944055944056	0.0909090909091	0.11013986014	0.181818181818	0.0874125874126	0.125874125874	0.0909090909091	0.134615384615	0.0576923076923	0.0804195804196	0.111888111888	0.0839160839161	0.0909090909091	0.0961538461538	0.0629370629371	0.0804195804196	0.0979020979021	0.0891608391608	0.124125874126	0.122377622378	0.0821678321678	0.0699300699301	0.111888111888	0.0839160839161	0.0961538461538	0.11013986014	0.0839160839161	0.0699300699301	0.0716783216783	0.0821678321678	0.0839160839161	0.0664335664336	0.0734265734266	0.0804195804196	0.0786713286713	0.0681818181818	0.0664335664336	0.0891608391608	0.0979020979021	0.0926573426573	0.0891608391608	0.0961538461538	0.115384615385	0.0979020979021	0.103146853147	0.111888111888	0.0734265734266	0.120629370629	0.0856643356643	0.0961538461538	0.0979020979021	0.0611888111888	0.152097902098	0.157342657343	0.0699300699301	0.127622377622	0.0594405594406	0.0874125874126	0.0979020979021	0.0262237762238	0.0611888111888	0.0839160839161	0.0594405594406	0.0734265734266	0.0611888111888	0.0804195804196	0.034965034965	0.0839160839161	0.0996503496503	0.0926573426573	0.0699300699301	0.0611888111888	0.0611888111888	0.0594405594406	0.0769230769231	0.0926573426573
147406386-supragingivalplaque3.snv.bam	0.0034965034965	0.0	0.013986013986	0.0314685314685	0.041958041958	0.0524475524476	0.0576923076923	0.034965034965	0.0541958041958	0.0314685314685	0.0244755244755	0.0384615384615	0.041958041958	0.0262237762238	0.108391608392	0.027972027972	0.027972027972	0.0367132867133	0.0297202797203	0.0506993006993	0.0332167832168	0.00524475524476	0.0034965034965	0.0174825174825	0.027972027972	0.00699300699301	0.0856643356643	0.0227272727273	0.0192307692308	0.0192307692308	0.027972027972	0.0506993006993	0.0192307692308	0.0384615384615	0.0314685314685	0.0472027972028	0.0262237762238	0.0314685314685	0.0367132867133	0.048951048951	0.132867132867	0.048951048951	0.0646853146853	0.0174825174825	0.0629370629371	0.0262237762238	0.013986013986	0.0454545454545	0.020979020979	0.0227272727273	0.034965034965	0.0174825174825	0.020979020979	0.0472027972028	0.041958041958	0.0664335664336	0.0734265734266	0.034965034965	0.0192307692308	0.0524475524476	0.0157342657343	0.0297202797203	0.0384615384615	0.0174825174825	0.013986013986	0.013986013986	0.013986013986	0.0227272727273	0.0244755244755	0.020979020979	0.0244755244755	0.0262237762238	0.013986013986	0.00874125874126	0.027972027972	0.0297202797203	0.0157342657343	0.0437062937063	0.0384615384615	0.0559440559441	0.0384615384615	0.0576923076923	0.0629370629371	0.0174825174825	0.041958041958	0.0192307692308	0.0244755244755	0.0297202797203	0.0192307692308	0.0874125874126	0.0926573426573	0.0122377622378	0.0751748251748	0.020979020979	0.0402097902098	0.0367132867133	0.00524475524476	0.0192307692308	0.0262237762238	0.013986013986	0.0192307692308	0.013986013986	0.0437062937063	0.013986013986	0.0297202797203	0.0367132867133	0.0367132867133	0.0174825174825	0.0034965034965	0.00874125874126	0.00699300699301	0.0244755244755	0.034965034965
158114885-supragingivalplaque2.snv.bam	0.0576923076923	0.013986013986	0.0	0.034965034965	0.0122377622378	0.013986013986	0.0576923076923	0.0384615384615	0.0611888111888	0.0454545454545	0.0227272727273	0.0244755244755	0.013986013986	0.0244755244755	0.103146853147	0.0122377622378	0.0122377622378	0.0104895104895	0.0314685314685	0.0541958041958	0.0262237762238	0.0122377622378	0.0122377622378	0.0367132867133	0.034965034965	0.0122377622378	0.0716783216783	0.0104895104895	0.020979020979	0.0297202797203	0.0384615384615	0.0506993006993	0.027972027972	0.0472027972028	0.0384615384615	0.0402097902098	0.0437062937063	0.041958041958	0.0367132867133	0.0629370629371	0.138111888112	0.0454545454545	0.0646853146853	0.0157342657343	0.0856643356643	0.034965034965	0.027972027972	0.0437062937063	0.0192307692308	0.0332167832168	0.0314685314685	0.0314685314685	0.020979020979	0.0297202797203	0.0332167832168	0.0541958041958	0.0506993006993	0.0297202797203	0.020979020979	0.0332167832168	0.0244755244755	0.041958041958	0.0472027972028	0.0227272727273	0.013986013986	0.0104895104895	0.0244755244755	0.0122377622378	0.041958041958	0.0122377622378	0.0174825174825	0.013986013986	0.027972027972	0.0192307692308	0.0472027972028	0.034965034965	0.034965034965	0.0472027972028	0.0367132867133	0.0664335664336	0.0384615384615	0.0541958041958	0.0454545454545	0.0157342657343	0.0297202797203	0.0262237762238	0.034965034965	0.0314685314685	0.0244755244755	0.0769230769231	0.0979020979021	0.0227272727273	0.0839160839161	0.0174825174825	0.0402097902098	0.0297202797203	0.0262237762238	0.0244755244755	0.0262237762238	0.027972027972	0.0227272727273	0.0262237762238	0.0611888111888	0.0297202797203	0.0332167832168	0.0437062937063	0.0402097902098	0.020979020979	0.0157342657343	0.0157342657343	0.013986013986	0.0244755244755	0.034965034965
158256496-supragingivalplaque2.snv.bam	0.0926573426573	0.0314685314685	0.034965034965	0.0	0.048951048951	0.0437062937063	0.0716783216783	0.0314685314685	0.0611888111888	0.0472027972028	0.0384615384615	0.0174825174825	0.0541958041958	0.0384615384615	0.124125874126	0.0367132867133	0.041958041958	0.0454545454545	0.0297202797203	0.0384615384615	0.020979020979	0.0034965034965	0.00699300699301	0.0192307692308	0.0297202797203	0.0157342657343	0.0874125874126	0.0104895104895	0.0174825174825	0.027972027972	0.0332167832168	0.0402097902098	0.0244755244755	0.027972027972	0.0262237762238	0.0472027972028	0.0524475524476	0.0367132867133	0.0174825174825	0.0437062937063	0.122377622378	0.0227272727273	0.0384615384615	0.020979020979	0.0629370629371	0.0192307692308	0.027972027972	0.0559440559441	0.0314685314685	0.027972027972	0.0472027972028	0.0122377622378	0.027972027972	0.0506993006993	0.0332167832168	0.0314685314685	0.0367132867133	0.0262237762238	0.00874125874126	0.0437062937063	0.0297202797203	0.0367132867133	0.048951048951	0.0314685314685	0.0314685314685	0.041958041958	0.0367132867133	0.0314685314685	0.034965034965	0.0384615384615	0.0332167832168	0.0437062937063	0.0174825174825	0.0122377622378	0.048951048951	0.034965034965	0.0262237762238	0.0244755244755	0.0611888111888	0.0874125874126	0.0559440559441	0.034965034965	0.041958041958	0.0367132867133	0.0506993006993	0.0227272727273	0.0384615384615	0.0332167832168	0.0297202797203	0.0699300699301	0.0699300699301	0.013986013986	0.0559440559441	0.0367132867133	0.034965034965	0.034965034965	0.0192307692308	0.0262237762238	0.0437062937063	0.0192307692308	0.027972027972	0.0174825174825	0.0804195804196	0.020979020979	0.0244755244755	0.0576923076923	0.0297202797203	0.0227272727273	0.0192307692308	0.0104895104895	0.013986013986	0.0314685314685	0.0437062937063
158337416-supragingivalplaque1.snv.bam	0.0944055944056	0.041958041958	0.0122377622378	0.048951048951	0.0	0.0	0.0699300699301	0.0437062937063	0.0646853146853	0.0786713286713	0.0472027972028	0.0472027972028	0.0157342657343	0.0314685314685	0.101398601399	0.0244755244755	0.0314685314685	0.0227272727273	0.0559440559441	0.0699300699301	0.0506993006993	0.0262237762238	0.0157342657343	0.048951048951	0.0594405594406	0.0227272727273	0.0751748251748	0.0157342657343	0.0297202797203	0.041958041958	0.048951048951	0.0629370629371	0.0454545454545	0.0629370629371	0.0594405594406	0.0699300699301	0.0681818181818	0.0629370629371	0.0681818181818	0.103146853147	0.136363636364	0.0681818181818	0.0699300699301	0.0332167832168	0.0979020979021	0.0524475524476	0.0437062937063	0.0664335664336	0.0437062937063	0.048951048951	0.0332167832168	0.0454545454545	0.0384615384615	0.0506993006993	0.0541958041958	0.0699300699301	0.0821678321678	0.0646853146853	0.0437062937063	0.048951048951	0.0437062937063	0.0541958041958	0.0576923076923	0.0384615384615	0.0174825174825	0.0244755244755	0.0384615384615	0.027972027972	0.0629370629371	0.0262237762238	0.0332167832168	0.027972027972	0.034965034965	0.0384615384615	0.0611888111888	0.0559440559441	0.0506993006993	0.0524475524476	0.0576923076923	0.0839160839161	0.0576923076923	0.0594405594406	0.0804195804196	0.0332167832168	0.0576923076923	0.0367132867133	0.048951048951	0.041958041958	0.0472027972028	0.0699300699301	0.0926573426573	0.0227272727273	0.0821678321678	0.0472027972028	0.0524475524476	0.0384615384615	0.048951048951	0.0332167832168	0.0629370629371	0.0314685314685	0.0262237762238	0.0367132867133	0.108391608392	0.041958041958	0.0541958041958	0.0716783216783	0.0629370629371	0.0402097902098	0.0437062937063	0.0454545454545	0.0384615384615	0.0262237762238	0.0541958041958
158337416-supragingivalplaque2.snv.bam	0.0979020979021	0.0524475524476	0.013986013986	0.0437062937063	0.0	0.0	0.0926573426573	0.0472027972028	0.0856643356643	0.0716783216783	0.0437062937063	0.048951048951	0.0157342657343	0.0314685314685	0.117132867133	0.0402097902098	0.0472027972028	0.034965034965	0.0524475524476	0.0699300699301	0.0594405594406	0.0262237762238	0.020979020979	0.0454545454545	0.0559440559441	0.0262237762238	0.106643356643	0.0157342657343	0.027972027972	0.0541958041958	0.0454545454545	0.0576923076923	0.0524475524476	0.0699300699301	0.0664335664336	0.0664335664336	0.0716783216783	0.0541958041958	0.0716783216783	0.0996503496503	0.143356643357	0.0664335664336	0.0909090909091	0.0262237762238	0.0856643356643	0.0472027972028	0.0559440559441	0.0821678321678	0.0541958041958	0.0367132867133	0.0559440559441	0.0402097902098	0.0384615384615	0.0629370629371	0.0594405594406	0.0734265734266	0.0751748251748	0.0664335664336	0.0367132867133	0.0559440559441	0.0384615384615	0.0699300699301	0.0751748251748	0.0402097902098	0.0227272727273	0.0384615384615	0.0472027972028	0.041958041958	0.0699300699301	0.0454545454545	0.0454545454545	0.048951048951	0.0314685314685	0.027972027972	0.0664335664336	0.0506993006993	0.0454545454545	0.0699300699301	0.0734265734266	0.106643356643	0.0734265734266	0.0716783216783	0.0891608391608	0.027972027972	0.0611888111888	0.034965034965	0.0524475524476	0.041958041958	0.0454545454545	0.0961538461538	0.120629370629	0.0402097902098	0.101398601399	0.0402097902098	0.0594405594406	0.0541958041958	0.0541958041958	0.0402097902098	0.0751748251748	0.0244755244755	0.0227272727273	0.0262237762238	0.108391608392	0.0541958041958	0.0437062937063	0.0804195804196	0.0681818181818	0.0384615384615	0.0367132867133	0.0384615384615	0.0332167832168	0.020979020979	0.048951048951
158479027-supragingivalplaque2.snv.bam	0.120629370629	0.0576923076923	0.0576923076923	0.0716783216783	0.0699300699301	0.0926573426573	0.0	0.041958041958	0.0576923076923	0.104895104895	0.0804195804196	0.048951048951	0.0839160839161	0.0891608391608	0.167832167832	0.048951048951	0.048951048951	0.0559440559441	0.0699300699301	0.0786713286713	0.0629370629371	0.0332167832168	0.0314685314685	0.0524475524476	0.0909090909091	0.0472027972028	0.0751748251748	0.0576923076923	0.041958041958	0.027972027972	0.0402097902098	0.0437062937063	0.027972027972	0.0734265734266	0.0594405594406	0.0909090909091	0.0734265734266	0.048951048951	0.0769230769231	0.115384615385	0.129370629371	0.0944055944056	0.0996503496503	0.0506993006993	0.0909090909091	0.0786713286713	0.041958041958	0.0909090909091	0.0506993006993	0.0594405594406	0.0559440559441	0.0541958041958	0.041958041958	0.0541958041958	0.0437062937063	0.0716783216783	0.104895104895	0.0506993006993	0.041958041958	0.0979020979021	0.0506993006993	0.0646853146853	0.0681818181818	0.0559440559441	0.0367132867133	0.0297202797203	0.041958041958	0.0629370629371	0.0611888111888	0.041958041958	0.048951048951	0.0454545454545	0.0699300699301	0.0681818181818	0.0996503496503	0.0629370629371	0.0454545454545	0.0699300699301	0.0699300699301	0.103146853147	0.0734265734266	0.0856643356643	0.0979020979021	0.0611888111888	0.103146853147	0.0454545454545	0.048951048951	0.0541958041958	0.0541958041958	0.106643356643	0.108391608392	0.0437062937063	0.106643356643	0.0454545454545	0.0454545454545	0.0699300699301	0.0646853146853	0.0472027972028	0.0839160839161	0.0524475524476	0.048951048951	0.0559440559441	0.136363636364	0.0664335664336	0.0646853146853	0.0786713286713	0.0594405594406	0.048951048951	0.0506993006993	0.0454545454545	0.0472027972028	0.0681818181818	0.0506993006993
158499257-supragingivalplaque1.snv.bam	0.0996503496503	0.034965034965	0.0384615384615	0.0314685314685	0.0437062937063	0.0472027972028	0.041958041958	0.0	0.0034965034965	0.0716783216783	0.0559440559441	0.0437062937063	0.0716783216783	0.0506993006993	0.106643356643	0.0297202797203	0.0314685314685	0.034965034965	0.0506993006993	0.0646853146853	0.0122377622378	0.0104895104895	0.00699300699301	0.027972027972	0.0541958041958	0.0297202797203	0.0594405594406	0.0454545454545	0.0262237762238	0.013986013986	0.0332167832168	0.0437062937063	0.034965034965	0.0524475524476	0.0472027972028	0.0559440559441	0.041958041958	0.0437062937063	0.048951048951	0.0821678321678	0.138111888112	0.0664335664336	0.041958041958	0.013986013986	0.0716783216783	0.048951048951	0.0244755244755	0.0402097902098	0.0227272727273	0.0262237762238	0.0262237762238	0.0227272727273	0.0174825174825	0.0314685314685	0.0332167832168	0.0559440559441	0.0769230769231	0.041958041958	0.027972027972	0.0576923076923	0.027972027972	0.041958041958	0.0472027972028	0.020979020979	0.0244755244755	0.0367132867133	0.0332167832168	0.0332167832168	0.0541958041958	0.0314685314685	0.0297202797203	0.0314685314685	0.034965034965	0.0262237762238	0.0646853146853	0.0437062937063	0.0314685314685	0.0576923076923	0.0384615384615	0.0646853146853	0.0402097902098	0.0664335664336	0.0646853146853	0.0437062937063	0.0751748251748	0.0174825174825	0.0192307692308	0.0122377622378	0.0227272727273	0.0681818181818	0.0664335664336	0.0262237762238	0.0874125874126	0.0332167832168	0.0506993006993	0.0454545454545	0.041958041958	0.0262237762238	0.0576923076923	0.020979020979	0.0227272727273	0.0174825174825	0.0891608391608	0.0314685314685	0.034965034965	0.0734265734266	0.0437062937063	0.0122377622378	0.0244755244755	0.0297202797203	0.0262237762238	0.027972027972	0.0506993006993
158499257-supragingivalplaque2.snv.bam	0.118881118881	0.0541958041958	0.0611888111888	0.0611888111888	0.0646853146853	0.0856643356643	0.0576923076923	0.0034965034965	0.0	0.0926573426573	0.0804195804196	0.0681818181818	0.0926573426573	0.0804195804196	0.127622377622	0.0506993006993	0.0541958041958	0.0454545454545	0.0664335664336	0.0874125874126	0.0244755244755	0.0227272727273	0.0244755244755	0.041958041958	0.0874125874126	0.0454545454545	0.0734265734266	0.0664335664336	0.0472027972028	0.0367132867133	0.0437062937063	0.0472027972028	0.0402097902098	0.0734265734266	0.0646853146853	0.0856643356643	0.0646853146853	0.048951048951	0.0611888111888	0.0926573426573	0.148601398601	0.0891608391608	0.0524475524476	0.0314685314685	0.0786713286713	0.0734265734266	0.034965034965	0.0594405594406	0.034965034965	0.048951048951	0.0367132867133	0.0454545454545	0.0332167832168	0.041958041958	0.041958041958	0.0751748251748	0.106643356643	0.0576923076923	0.0472027972028	0.0856643356643	0.0437062937063	0.0524475524476	0.0594405594406	0.0402097902098	0.0402097902098	0.0559440559441	0.048951048951	0.0506993006993	0.0734265734266	0.0402097902098	0.041958041958	0.0402097902098	0.0541958041958	0.0506993006993	0.0891608391608	0.0559440559441	0.0541958041958	0.0769230769231	0.0559440559441	0.0786713286713	0.0559440559441	0.0891608391608	0.0821678321678	0.0646853146853	0.0839160839161	0.027972027972	0.0367132867133	0.0367132867133	0.0454545454545	0.0751748251748	0.0804195804196	0.0402097902098	0.108391608392	0.0559440559441	0.0576923076923	0.0629370629371	0.0576923076923	0.0454545454545	0.0699300699301	0.0384615384615	0.0384615384615	0.0437062937063	0.127622377622	0.0559440559441	0.0524475524476	0.0856643356643	0.0681818181818	0.0367132867133	0.0524475524476	0.0524475524476	0.0541958041958	0.048951048951	0.0734265734266
158944319-supragingivalplaque2.snv.bam	0.101398601399	0.0314685314685	0.0454545454545	0.0472027972028	0.0786713286713	0.0716783216783	0.104895104895	0.0716783216783	0.0926573426573	0.0	0.0034965034965	0.0472027972028	0.0629370629371	0.0506993006993	0.129370629371	0.0734265734266	0.0839160839161	0.0821678321678	0.0541958041958	0.0541958041958	0.0734265734266	0.0524475524476	0.0437062937063	0.0314685314685	0.0472027972028	0.0367132867133	0.132867132867	0.048951048951	0.0472027972028	0.0541958041958	0.041958041958	0.0821678321678	0.0629370629371	0.0681818181818	0.0699300699301	0.0961538461538	0.0769230769231	0.0594405594406	0.0681818181818	0.0856643356643	0.146853146853	0.0646853146853	0.101398601399	0.0594405594406	0.108391608392	0.0646853146853	0.0611888111888	0.0891608391608	0.0629370629371	0.0594405594406	0.0611888111888	0.0437062937063	0.0611888111888	0.0804195804196	0.0734265734266	0.11013986014	0.0839160839161	0.0506993006993	0.0367132867133	0.0472027972028	0.0611888111888	0.0681818181818	0.0961538461538	0.0629370629371	0.0594405594406	0.0541958041958	0.0664335664336	0.0559440559441	0.0611888111888	0.048951048951	0.0559440559441	0.0611888111888	0.041958041958	0.0367132867133	0.0664335664336	0.0437062937063	0.0472027972028	0.0926573426573	0.0751748251748	0.101398601399	0.0769230769231	0.0821678321678	0.0944055944056	0.048951048951	0.0891608391608	0.0454545454545	0.0611888111888	0.0541958041958	0.0437062937063	0.108391608392	0.113636363636	0.0611888111888	0.0944055944056	0.048951048951	0.0821678321678	0.0716783216783	0.034965034965	0.0559440559441	0.0611888111888	0.027972027972	0.041958041958	0.0297202797203	0.120629370629	0.0524475524476	0.0611888111888	0.0699300699301	0.0472027972028	0.0524475524476	0.0367132867133	0.034965034965	0.034965034965	0.0681818181818	0.0629370629371
158944319-supragingivalplaque3.snv.bam	0.0839160839161	0.0244755244755	0.0227272727273	0.0384615384615	0.0472027972028	0.0437062937063	0.0804195804196	0.0559440559441	0.0804195804196	0.0034965034965	0.0	0.0314685314685	0.0332167832168	0.0367132867133	0.118881118881	0.0541958041958	0.0646853146853	0.0594405594406	0.0314685314685	0.0244755244755	0.0559440559441	0.0262237762238	0.0174825174825	0.0227272727273	0.0367132867133	0.027972027972	0.111888111888	0.0297202797203	0.027972027972	0.0384615384615	0.027972027972	0.0611888111888	0.0454545454545	0.0472027972028	0.048951048951	0.0646853146853	0.0629370629371	0.0524475524476	0.0611888111888	0.0821678321678	0.138111888112	0.0541958041958	0.0839160839161	0.0297202797203	0.0944055944056	0.0541958041958	0.0402097902098	0.0716783216783	0.0454545454545	0.0506993006993	0.0541958041958	0.0367132867133	0.0454545454545	0.0751748251748	0.0506993006993	0.0769230769231	0.0664335664336	0.048951048951	0.0244755244755	0.0367132867133	0.0367132867133	0.0594405594406	0.0786713286713	0.0472027972028	0.0367132867133	0.0402097902098	0.0402097902098	0.0384615384615	0.048951048951	0.0332167832168	0.0454545454545	0.041958041958	0.0332167832168	0.0332167832168	0.0611888111888	0.020979020979	0.020979020979	0.0769230769231	0.0664335664336	0.0926573426573	0.0681818181818	0.0804195804196	0.0821678321678	0.0192307692308	0.0437062937063	0.0227272727273	0.0332167832168	0.0367132867133	0.041958041958	0.0856643356643	0.0909090909091	0.0437062937063	0.0839160839161	0.0227272727273	0.0681818181818	0.0541958041958	0.0297202797203	0.0454545454545	0.0384615384615	0.0192307692308	0.0262237762238	0.020979020979	0.0926573426573	0.041958041958	0.0454545454545	0.0576923076923	0.0472027972028	0.0332167832168	0.0244755244755	0.027972027972	0.027972027972	0.034965034965	0.034965034965
159005010-supragingivalplaque2.snv.bam	0.0961538461538	0.0384615384615	0.0244755244755	0.0174825174825	0.0472027972028	0.048951048951	0.048951048951	0.0437062937063	0.0681818181818	0.0472027972028	0.0314685314685	0.0	0.048951048951	0.0524475524476	0.148601398601	0.041958041958	0.0472027972028	0.0576923076923	0.0384615384615	0.0472027972028	0.034965034965	0.013986013986	0.0174825174825	0.027972027972	0.027972027972	0.0157342657343	0.0839160839161	0.0174825174825	0.00699300699301	0.0262237762238	0.027972027972	0.0402097902098	0.0262237762238	0.048951048951	0.0367132867133	0.0297202797203	0.0454545454545	0.0437062937063	0.0384615384615	0.0541958041958	0.136363636364	0.0314685314685	0.0646853146853	0.0227272727273	0.0716783216783	0.0314685314685	0.0262237762238	0.0699300699301	0.0402097902098	0.020979020979	0.0559440559441	0.013986013986	0.034965034965	0.0541958041958	0.048951048951	0.0524475524476	0.0384615384615	0.0297202797203	0.0034965034965	0.0367132867133	0.0192307692308	0.0472027972028	0.0594405594406	0.034965034965	0.0262237762238	0.0227272727273	0.0332167832168	0.0454545454545	0.0297202797203	0.0402097902098	0.0367132867133	0.0402097902098	0.0262237762238	0.013986013986	0.0716783216783	0.041958041958	0.0122377622378	0.041958041958	0.0594405594406	0.0909090909091	0.0611888111888	0.0559440559441	0.0541958041958	0.0332167832168	0.0699300699301	0.0174825174825	0.0262237762238	0.0174825174825	0.027972027972	0.101398601399	0.103146853147	0.0332167832168	0.0769230769231	0.0157342657343	0.0454545454545	0.0454545454545	0.0314685314685	0.041958041958	0.0454545454545	0.020979020979	0.0332167832168	0.0192307692308	0.104895104895	0.0367132867133	0.027972027972	0.0646853146853	0.020979020979	0.0122377622378	0.0262237762238	0.00874125874126	0.00874125874126	0.0384615384615	0.0332167832168
159207311-supragingivalplaque2.snv.bam	0.104895104895	0.041958041958	0.013986013986	0.0541958041958	0.0157342657343	0.0157342657343	0.0839160839161	0.0716783216783	0.0926573426573	0.0629370629371	0.0332167832168	0.048951048951	0.0	0.0034965034965	0.108391608392	0.0297202797203	0.0297202797203	0.027972027972	0.0629370629371	0.0769230769231	0.0646853146853	0.041958041958	0.027972027972	0.0524475524476	0.0524475524476	0.0314685314685	0.111888111888	0.0227272727273	0.0384615384615	0.048951048951	0.0437062937063	0.0839160839161	0.0611888111888	0.0594405594406	0.0629370629371	0.0629370629371	0.0699300699301	0.0629370629371	0.0629370629371	0.0856643356643	0.146853146853	0.0681818181818	0.0839160839161	0.0314685314685	0.104895104895	0.0576923076923	0.0559440559441	0.0769230769231	0.0541958041958	0.0594405594406	0.0629370629371	0.0506993006993	0.0506993006993	0.0664335664336	0.0646853146853	0.0891608391608	0.0646853146853	0.0646853146853	0.0384615384615	0.0524475524476	0.0402097902098	0.0576923076923	0.0611888111888	0.041958041958	0.0332167832168	0.0367132867133	0.0541958041958	0.0314685314685	0.0681818181818	0.034965034965	0.0384615384615	0.041958041958	0.0437062937063	0.0367132867133	0.0611888111888	0.0437062937063	0.0472027972028	0.0699300699301	0.0594405594406	0.0821678321678	0.0664335664336	0.0804195804196	0.0839160839161	0.0244755244755	0.0751748251748	0.0402097902098	0.0437062937063	0.0437062937063	0.0506993006993	0.0979020979021	0.113636363636	0.0367132867133	0.108391608392	0.041958041958	0.0716783216783	0.048951048951	0.0437062937063	0.0472027972028	0.0646853146853	0.0437062937063	0.0367132867133	0.0367132867133	0.106643356643	0.0524475524476	0.0541958041958	0.0611888111888	0.0559440559441	0.0314685314685	0.034965034965	0.0367132867133	0.034965034965	0.034965034965	0.0646853146853
159207311-supragingivalplaque3.snv.bam	0.0926573426573	0.0262237762238	0.0244755244755	0.0384615384615	0.0314685314685	0.0314685314685	0.0891608391608	0.0506993006993	0.0804195804196	0.0506993006993	0.0367132867133	0.0524475524476	0.0034965034965	0.0	0.0769230769231	0.0384615384615	0.0367132867133	0.0454545454545	0.034965034965	0.0472027972028	0.0314685314685	0.0332167832168	0.020979020979	0.0367132867133	0.0402097902098	0.027972027972	0.118881118881	0.0314685314685	0.0384615384615	0.0314685314685	0.0402097902098	0.0734265734266	0.0472027972028	0.0384615384615	0.0524475524476	0.0611888111888	0.0681818181818	0.0454545454545	0.0594405594406	0.0821678321678	0.152097902098	0.0576923076923	0.0734265734266	0.0314685314685	0.0979020979021	0.0402097902098	0.041958041958	0.0646853146853	0.0454545454545	0.0559440559441	0.0454545454545	0.0367132867133	0.0472027972028	0.0594405594406	0.0454545454545	0.0769230769231	0.0769230769231	0.0611888111888	0.041958041958	0.0576923076923	0.041958041958	0.0576923076923	0.0629370629371	0.0402097902098	0.0314685314685	0.0472027972028	0.041958041958	0.0297202797203	0.0646853146853	0.0367132867133	0.0384615384615	0.0454545454545	0.0472027972028	0.0332167832168	0.0611888111888	0.020979020979	0.0384615384615	0.0804195804196	0.0506993006993	0.0821678321678	0.0611888111888	0.0769230769231	0.0751748251748	0.0104895104895	0.0786713286713	0.0314685314685	0.0402097902098	0.041958041958	0.0332167832168	0.0804195804196	0.0856643356643	0.027972027972	0.0891608391608	0.0297202797203	0.0716783216783	0.0559440559441	0.0157342657343	0.034965034965	0.0541958041958	0.0104895104895	0.0244755244755	0.0157342657343	0.0926573426573	0.0472027972028	0.0472027972028	0.0629370629371	0.0541958041958	0.034965034965	0.0227272727273	0.0332167832168	0.0297202797203	0.034965034965	0.041958041958
159247771-supragingivalplaque2.snv.bam	0.162587412587	0.108391608392	0.103146853147	0.124125874126	0.101398601399	0.117132867133	0.167832167832	0.106643356643	0.127622377622	0.129370629371	0.118881118881	0.148601398601	0.108391608392	0.0769230769231	0.0	0.104895104895	0.103146853147	0.101398601399	0.127622377622	0.134615384615	0.0909090909091	0.0839160839161	0.0891608391608	0.111888111888	0.11013986014	0.106643356643	0.145104895105	0.111888111888	0.111888111888	0.11013986014	0.108391608392	0.155594405594	0.132867132867	0.136363636364	0.146853146853	0.15034965035	0.131118881119	0.136363636364	0.134615384615	0.162587412587	0.208041958042	0.136363636364	0.118881118881	0.0961538461538	0.176573426573	0.138111888112	0.122377622378	0.146853146853	0.124125874126	0.120629370629	0.104895104895	0.0979020979021	0.0961538461538	0.122377622378	0.0926573426573	0.15034965035	0.159090909091	0.13986013986	0.115384615385	0.155594405594	0.120629370629	0.122377622378	0.143356643357	0.118881118881	0.103146853147	0.101398601399	0.0979020979021	0.117132867133	0.131118881119	0.0909090909091	0.0996503496503	0.0979020979021	0.103146853147	0.103146853147	0.153846153846	0.0909090909091	0.127622377622	0.124125874126	0.0891608391608	0.125874125874	0.103146853147	0.134615384615	0.153846153846	0.0769230769231	0.153846153846	0.0839160839161	0.0996503496503	0.104895104895	0.125874125874	0.117132867133	0.138111888112	0.111888111888	0.143356643357	0.141608391608	0.132867132867	0.136363636364	0.111888111888	0.124125874126	0.15034965035	0.0996503496503	0.106643356643	0.0944055944056	0.178321678322	0.11013986014	0.120629370629	0.153846153846	0.131118881119	0.11013986014	0.129370629371	0.113636363636	0.118881118881	0.120629370629	0.15034965035
159268001-supragingivalplaque1.snv.bam	0.0821678321678	0.027972027972	0.0122377622378	0.0367132867133	0.0244755244755	0.0402097902098	0.048951048951	0.0297202797203	0.0506993006993	0.0734265734266	0.0541958041958	0.041958041958	0.0297202797203	0.0384615384615	0.104895104895	0.0	0.0	0.0034965034965	0.0472027972028	0.0559440559441	0.0367132867133	0.0157342657343	0.0104895104895	0.0244755244755	0.0611888111888	0.0174825174825	0.0856643356643	0.0244755244755	0.0297202797203	0.0314685314685	0.0367132867133	0.048951048951	0.0244755244755	0.0524475524476	0.0437062937063	0.0594405594406	0.034965034965	0.0454545454545	0.0559440559441	0.0734265734266	0.141608391608	0.0716783216783	0.0646853146853	0.00874125874126	0.0769230769231	0.0384615384615	0.0332167832168	0.0576923076923	0.027972027972	0.034965034965	0.0297202797203	0.0402097902098	0.0157342657343	0.0332167832168	0.0262237762238	0.0629370629371	0.0804195804196	0.048951048951	0.0244755244755	0.0541958041958	0.0192307692308	0.0244755244755	0.0332167832168	0.0157342657343	0.0227272727273	0.0122377622378	0.0297202797203	0.013986013986	0.0454545454545	0.00874125874126	0.013986013986	0.00874125874126	0.034965034965	0.0244755244755	0.0472027972028	0.0332167832168	0.0384615384615	0.0402097902098	0.0402097902098	0.0734265734266	0.0454545454545	0.0629370629371	0.0576923076923	0.0262237762238	0.0506993006993	0.0314685314685	0.041958041958	0.0402097902098	0.027972027972	0.0751748251748	0.0856643356643	0.0192307692308	0.0821678321678	0.034965034965	0.0472027972028	0.0244755244755	0.0262237762238	0.020979020979	0.0506993006993	0.0262237762238	0.0227272727273	0.027972027972	0.0874125874126	0.0332167832168	0.0402097902098	0.0524475524476	0.0524475524476	0.0244755244755	0.0244755244755	0.0244755244755	0.0244755244755	0.027972027972	0.034965034965
159268001-supragingivalplaque2.snv.bam	0.0769230769231	0.027972027972	0.0122377622378	0.041958041958	0.0314685314685	0.0472027972028	0.048951048951	0.0314685314685	0.0541958041958	0.0839160839161	0.0646853146853	0.0472027972028	0.0297202797203	0.0367132867133	0.103146853147	0.0	0.0	0.00524475524476	0.0559440559441	0.0646853146853	0.0454545454545	0.0174825174825	0.013986013986	0.0297202797203	0.0681818181818	0.0192307692308	0.0856643356643	0.0244755244755	0.0297202797203	0.0314685314685	0.0384615384615	0.048951048951	0.0244755244755	0.0541958041958	0.0454545454545	0.0594405594406	0.0472027972028	0.0506993006993	0.0594405594406	0.0804195804196	0.134615384615	0.0769230769231	0.0646853146853	0.0122377622378	0.0821678321678	0.0402097902098	0.034965034965	0.0611888111888	0.0297202797203	0.0437062937063	0.0314685314685	0.0472027972028	0.0227272727273	0.0384615384615	0.0332167832168	0.0681818181818	0.0786713286713	0.0524475524476	0.0297202797203	0.0646853146853	0.0262237762238	0.0262237762238	0.0367132867133	0.0192307692308	0.0227272727273	0.0227272727273	0.0367132867133	0.020979020979	0.0541958041958	0.013986013986	0.020979020979	0.0122377622378	0.041958041958	0.0314685314685	0.0472027972028	0.0332167832168	0.0454545454545	0.0402097902098	0.0506993006993	0.0769230769231	0.0472027972028	0.0646853146853	0.0734265734266	0.0332167832168	0.0524475524476	0.034965034965	0.0454545454545	0.041958041958	0.0314685314685	0.0716783216783	0.0839160839161	0.0227272727273	0.0874125874126	0.0384615384615	0.0437062937063	0.0297202797203	0.0314685314685	0.0192307692308	0.048951048951	0.0297202797203	0.020979020979	0.0332167832168	0.0909090909091	0.034965034965	0.0472027972028	0.0524475524476	0.0594405594406	0.0297202797203	0.0227272727273	0.027972027972	0.0297202797203	0.0297202797203	0.0454545454545
159268001-supragingivalplaque3.snv.bam	0.0944055944056	0.0367132867133	0.0104895104895	0.0454545454545	0.0227272727273	0.034965034965	0.0559440559441	0.034965034965	0.0454545454545	0.0821678321678	0.0594405594406	0.0576923076923	0.027972027972	0.0454545454545	0.101398601399	0.0034965034965	0.00524475524476	0.0	0.0524475524476	0.0664335664336	0.0384615384615	0.020979020979	0.0157342657343	0.0332167832168	0.0769230769231	0.0262237762238	0.0751748251748	0.0244755244755	0.0332167832168	0.0384615384615	0.0454545454545	0.0594405594406	0.0314685314685	0.0541958041958	0.0454545454545	0.0611888111888	0.0506993006993	0.041958041958	0.0611888111888	0.0891608391608	0.132867132867	0.0734265734266	0.0559440559441	0.00699300699301	0.0874125874126	0.0524475524476	0.0367132867133	0.0611888111888	0.0384615384615	0.0384615384615	0.0332167832168	0.0384615384615	0.020979020979	0.0332167832168	0.0244755244755	0.0559440559441	0.0821678321678	0.0541958041958	0.0314685314685	0.0559440559441	0.0262237762238	0.0384615384615	0.0384615384615	0.0244755244755	0.0192307692308	0.020979020979	0.0332167832168	0.0034965034965	0.0524475524476	0.0192307692308	0.027972027972	0.0192307692308	0.048951048951	0.0402097902098	0.0576923076923	0.0367132867133	0.0472027972028	0.0506993006993	0.041958041958	0.0699300699301	0.0402097902098	0.0576923076923	0.0611888111888	0.034965034965	0.0559440559441	0.034965034965	0.048951048951	0.0454545454545	0.041958041958	0.0576923076923	0.0681818181818	0.0262237762238	0.0769230769231	0.041958041958	0.041958041958	0.0454545454545	0.0367132867133	0.027972027972	0.0524475524476	0.0384615384615	0.0244755244755	0.0314685314685	0.106643356643	0.0541958041958	0.0437062937063	0.0629370629371	0.0646853146853	0.034965034965	0.0332167832168	0.0314685314685	0.0367132867133	0.0244755244755	0.0402097902098
159369152-supragingivalplaque1.snv.bam	0.0821678321678	0.0297202797203	0.0314685314685	0.0297202797203	0.0559440559441	0.0524475524476	0.0699300699301	0.0506993006993	0.0664335664336	0.0541958041958	0.0314685314685	0.0384615384615	0.0629370629371	0.034965034965	0.127622377622	0.0472027972028	0.0559440559441	0.0524475524476	0.0	0.00174825174825	0.0314685314685	0.0262237762238	0.0174825174825	0.027972027972	0.0367132867133	0.0332167832168	0.0926573426573	0.0314685314685	0.020979020979	0.0262237762238	0.034965034965	0.0541958041958	0.0244755244755	0.0367132867133	0.0314685314685	0.0629370629371	0.0576923076923	0.048951048951	0.0541958041958	0.0839160839161	0.145104895105	0.0524475524476	0.0594405594406	0.0262237762238	0.0839160839161	0.0297202797203	0.027972027972	0.0681818181818	0.0437062937063	0.0454545454545	0.0664335664336	0.0297202797203	0.0262237762238	0.0541958041958	0.0402097902098	0.048951048951	0.0839160839161	0.0454545454545	0.020979020979	0.0472027972028	0.0472027972028	0.0594405594406	0.0611888111888	0.048951048951	0.0244755244755	0.0332167832168	0.0332167832168	0.0314685314685	0.0437062937063	0.048951048951	0.048951048951	0.0541958041958	0.041958041958	0.0367132867133	0.0769230769231	0.0244755244755	0.0174825174825	0.0751748251748	0.0611888111888	0.0961538461538	0.0594405594406	0.0524475524476	0.0646853146853	0.0192307692308	0.0559440559441	0.0314685314685	0.034965034965	0.034965034965	0.0227272727273	0.0541958041958	0.0594405594406	0.0332167832168	0.0681818181818	0.020979020979	0.048951048951	0.0506993006993	0.020979020979	0.0297202797203	0.034965034965	0.0244755244755	0.0332167832168	0.027972027972	0.0996503496503	0.0402097902098	0.0297202797203	0.0716783216783	0.048951048951	0.0262237762238	0.0174825174825	0.0227272727273	0.0174825174825	0.0227272727273	0.0297202797203
