	103092734-supragingivalplaque3.snv.bam	147406386-subgingivalplaque2.snv.bam	147406386-supragingivalplaque2.snv.bam	147406386-supragingivalplaque3.snv.bam	158114885-supragingivalplaque2.snv.bam	158802708-supragingivalplaque3.snv.bam	158883629-supragingivalplaque1.snv.bam	159166850-supragingivalplaque2.snv.bam	159207311-supragingivalplaque3.snv.bam	159268001-supragingivalplaque1.snv.bam	159268001-supragingivalplaque3.snv.bam	159814214-supragingivalplaque1.snv.bam	160158126-supragingivalplaque1.snv.bam	160178356-supragingivalplaque3.snv.bam	160218816-buccalmucosa1.snv.bam	160259276-supragingivalplaque1.snv.bam	160319967-supragingivalplaque2.snv.bam	160319967-supragingivalplaque3.snv.bam	160582958-supragingivalplaque1.snv.bam	160582958-supragingivalplaque2.snv.bam	160582958-supragingivalplaque3.snv.bam	275382046-supragingivalplaque2.snv.bam	404239096-supragingivalplaque2.snv.bam	517810313-supragingivalplaque2.snv.bam	533247696-supragingivalplaque1.snv.bam	604812005-supragingivalplaque3.snv.bam	638754422-supragingivalplaque3.snv.bam	650853796-supragingivalplaque1.snv.bam	682102541-supragingivalplaque3.snv.bam	686765762-supragingivalplaque3.snv.bam	737052003-supragingivalplaque2.snv.bam	763496533-supragingivalplaque1.snv.bam	763496533-supragingivalplaque2.snv.bam	763557224-supragingivalplaque3.snv.bam	763921366-supragingivalplaque3.snv.bam	763982056-supragingivalplaque3.snv.bam	764062976-supragingivalplaque2.snv.bam	764062976-supragingivalplaque3.snv.bam	764305738-supragingivalplaque1.snv.bam	764305738-supragingivalplaque2.snv.bam	764508039-supragingivalplaque1.snv.bam	764588959-supragingivalplaque2.snv.bam	765013792-supragingivalplaque1.snv.bam	765013792-supragingivalplaque2.snv.bam	765013792-supragingivalplaque3.snv.bam	765094712-supragingivalplaque1.snv.bam	765094712-supragingivalplaque3.snv.bam	765155402-subgingivalplaque3.snv.bam	765640925-supragingivalplaque1.snv.bam
103092734-supragingivalplaque3.snv.bam	0.0	0.15375968757	0.151097941386	0.160220994475	0.230814827549	0.203619909502	0.26655338431	0.126323425586	0.0997845269306	0.231527093596	0.221719457014	0.150943396226	0.202764976959	0.216246919957	0.216482442289	0.0905354020321	0.241022727273	0.240781501108	0.134023591859	0.164527411294	0.162327872279	0.225961538462	0.202898550725	0.16762175518	0.150765040055	0.217208288337	0.170506912442	0.262338208987	0.226244343891	0.157985260159	0.133838732351	0.209178321678	0.21198156682	0.190045248869	0.203677920872	0.167472519173	0.181038162725	0.180995475113	0.24888623378	0.249003471347	0.241718426501	0.158603086205	0.182365961633	0.178082191781	0.177272727273	0.191176470588	0.180995475113	0.171945701357	0.136265866334
147406386-subgingivalplaque2.snv.bam	0.15375968757	0.0	0.00206574637113	0.00052635380022	0.185730875098	0.167851900624	0.23868631192	0.12554999128	0.144600623319	0.231851518587	0.230934147097	0.000449386970943	0.193217785133	0.170607348536	0.183003819733	0.126507188232	0.223006575038	0.222765348873	0.146126000596	0.145698142934	0.147246946611	0.192482915906	0.140556860086	0.140652137453	0.161126945988	0.162385911009	0.152241688979	0.253453351559	0.207820178163	0.148184436451	0.13821182211	0.245707623989	0.249015882527	0.19010369727	0.185385439158	0.140502901446	0.163118318754	0.163075631142	0.185667822819	0.185819971385	0.222712910912	0.221626884277	0.145168365756	0.137167646038	0.141089611283	0.186453169159	0.181160391441	0.135911522663	0.190976986827
147406386-supragingivalplaque2.snv.bam	0.151097941386	0.00206574637113	0.0	0.00198449814259	0.183358945554	0.162725163613	0.234930735451	0.122917933186	0.141803524313	0.229757664218	0.225640026528	0.00170234200858	0.190200300579	0.166609664453	0.184555491153	0.123912187015	0.218376876689	0.218134549035	0.142023341069	0.141891913837	0.143447757531	0.194463434811	0.13603129229	0.136555592288	0.156981175516	0.160055275984	0.148138066707	0.251526992499	0.205801309913	0.144422550242	0.134338867481	0.241662237087	0.244929625707	0.185875269322	0.18593354438	0.136405677936	0.15903379877	0.158990917124	0.183374696693	0.18358618787	0.218609401429	0.21678221767	0.140958395296	0.133017533985	0.13697635803	0.180496580474	0.175640026528	0.132972413663	0.188656195138
147406386-supragingivalplaque3.snv.bam	0.160220994475	0.00052635380022	0.00198449814259	0.0	0.182486612642	0.187845303867	0.243177538093	0.109274714487	0.143443904976	0.238095238095	0.232044198895	0.0	0.207865168539	0.158767294699	0.189818091932	0.121711763676	0.216805555556	0.216510723576	0.14791630458	0.14966500761	0.151091544167	0.184971098266	0.145348837209	0.143891756325	0.155581327458	0.174574405318	0.155555555556	0.254015161249	0.209944751381	0.144099503872	0.130968866159	0.248725031874	0.252808988764	0.204419889503	0.193440997308	0.143709539985	0.165797977692	0.165745856354	0.176774267042	0.176960039601	0.238307823129	0.243377248902	0.147041332144	0.139664804469	0.14364640884	0.183908045977	0.17679558011	0.14364640884	0.200228714756
158114885-supragingivalplaque2.snv.bam	0.230814827549	0.185730875098	0.183358945554	0.182486612642	0.0	0.235202596642	0.16469166487	0.167326993505	0.19439331986	0.22157524068	0.217103049131	0.184009796643	0.221289280452	0.212615470162	0.101648754872	0.185528831727	0.2365671539	0.236209377618	0.168230440008	0.178839708938	0.174263051848	0.0915869081168	0.193139004145	0.181104894809	0.184002822183	0.210402186525	0.207280063862	0.086094213006	0.194478614742	0.208163446783	0.179082760805	0.231813657396	0.230321538516	0.194478614742	0.235144585272	0.171905885046	0.212535474641	0.212578162253	0.136049039726	0.136456470616	0.207997527264	0.26258396339	0.196044196582	0.191688465105	0.1908171539	0.244998891461	0.23972748352	0.176516185015	0.177708976769
158802708-supragingivalplaque3.snv.bam	0.203619909502	0.167851900624	0.162725163613	0.187845303867	0.235202596642	0.0	0.257207589918	0.194424019919	0.185565713867	0.241379310345	0.244343891403	0.165094339623	0.198156682028	0.212220874166	0.226097826904	0.158431223076	0.250113636364	0.249755860082	0.21112286649	0.198335957973	0.203823283669	0.235576923077	0.149758454106	0.190246189569	0.163855120467	0.201979043591	0.170506912442	0.284962643376	0.248868778281	0.167417855421	0.184234765908	0.27736013986	0.281105990783	0.194570135747	0.217252581506	0.190096953562	0.176513275847	0.176470588235	0.244361346902	0.244304550359	0.256211180124	0.226476389372	0.182365961633	0.182648401826	0.181818181818	0.176470588235	0.16742081448	0.230769230769	0.258893238961
158883629-supragingivalplaque1.snv.bam	0.26655338431	0.23868631192	0.234930735451	0.243177538093	0.16469166487	0.257207589918	0.0	0.224318942109	0.243287670922	0.17722681359	0.178617955253	0.239231337768	0.204963924964	0.243371441368	0.140183695789	0.215638474921	0.240372030161	0.240349019559	0.20116367891	0.194410441737	0.198022772692	0.169426942694	0.230666666667	0.191994542697	0.228601325022	0.20311061722	0.190678210678	0.146016346907	0.225346927216	0.250580305306	0.231636132252	0.220763893427	0.224877344877	0.159926366468	0.215516415049	0.182494630746	0.238560085069	0.238516001133	0.164617290139	0.164838738255	0.109117434853	0.262544931704	0.18873787455	0.184162378502	0.183297766396	0.238794031687	0.233843103937	0.18329085245	0.193835139019
159166850-supragingivalplaque2.snv.bam	0.126323425586	0.12554999128	0.122917933186	0.109274714487	0.167326993505	0.194424019919	0.224318942109	0.0	0.0924976744914	0.213879076742	0.201222100261	0.12114303673	0.169631863674	0.170407908676	0.150367361208	0.0831248878822	0.220900898685	0.220543122403	0.149701827696	0.16267548843	0.162010404186	0.167831805366	0.182017207159	0.158632054581	0.0781041917864	0.205569696732	0.17793776668	0.200435456528	0.15541006385	0.126115975401	0.0990980109347	0.217395291973	0.220312135783	0.163527774782	0.178491393365	0.166175126267	0.153499439505	0.153456751893	0.17698558178	0.17704443371	0.206380046625	0.175419939932	0.172748427036	0.168684235599	0.167917489074	0.169820822306	0.161282569007	0.145268115888	0.181162823308
159207311-supragingivalplaque3.snv.bam	0.0997845269306	0.144600623319	0.141803524313	0.143443904976	0.19439331986	0.185565713867	0.243287670922	0.0924976744914	0.0	0.221331173616	0.212353973955	0.141395503777	0.198145557286	0.198389420489	0.173240333256	0.0365524688014	0.231614673836	0.231373447671	0.146334140193	0.153938610052	0.153490416948	0.192071378849	0.193020426299	0.149417987643	0.119672354435	0.210837166986	0.179401973475	0.226164640304	0.190360958172	0.163583245252	0.0859972635549	0.227042995515	0.230093217714	0.171877931061	0.176559196415	0.158318525392	0.1809339427	0.180891255088	0.212464726091	0.212581963658	0.217226775506	0.16762733362	0.163566743757	0.159712179792	0.158986215338	0.181153079627	0.180792887982	0.162580218299	0.172406079064
159268001-supragingivalplaque1.snv.bam	0.231527093596	0.231851518587	0.229757664218	0.238095238095	0.22157524068	0.241379310345	0.17722681359	0.213879076742	0.221331173616	0.0	0.0	0.229591836735	0.236180904523	0.24065395865	0.171465617229	0.197138591322	0.178341584158	0.178356780972	0.174523571016	0.180493318425	0.182240182031	0.146596858639	0.216931216931	0.182484767954	0.233339202447	0.201213606448	0.180904522613	0.246190858059	0.221674876847	0.19038790495	0.222064316281	0.197139067829	0.201005025126	0.167487684729	0.236516357206	0.182290517854	0.216795241193	0.216748768473	0.236472205249	0.236705653016	0.190905743741	0.167740305671	0.175131578947	0.174129353234	0.173267326733	0.178010471204	0.187192118227	0.177339901478	0.153920525823
159268001-supragingivalplaque3.snv.bam	0.221719457014	0.230934147097	0.225640026528	0.232044198895	0.217103049131	0.244343891403	0.178617955253	0.201222100261	0.212353973955	0.0	0.0	0.231132075472	0.230414746544	0.238934894579	0.168715692909	0.18560694135	0.168295454545	0.168309407983	0.172112350464	0.179817119531	0.181366449738	0.149038461538	0.217391304348	0.181196415813	0.224020070608	0.202967028296	0.170506912442	0.239713774597	0.221719457014	0.17946778764	0.211845007607	0.195541958042	0.198156682028	0.158371040724	0.235352129017	0.18098879417	0.21271237087	0.212669683258	0.226261799391	0.226476233313	0.183747412008	0.172177746838	0.173020167241	0.173515981735	0.172727272727	0.171568627451	0.176470588235	0.16742081448	0.150417937346
159814214-supragingivalplaque1.snv.bam	0.150943396226	0.000449386970943	0.00170234200858	0.0	0.184009796643	0.165094339623	0.239231337768	0.12114303673	0.141395503777	0.229591836735	0.231132075472	0.0	0.1875	0.163608230661	0.181046974855	0.122782213328	0.222867298578	0.222615783145	0.138832178525	0.134275851306	0.135902171156	0.190954773869	0.131313131313	0.127567961768	0.158806070456	0.157488313373	0.149038461538	0.254607283896	0.207547169811	0.149848441051	0.13498374204	0.246536638717	0.25	0.188679245283	0.184022738268	0.132129371402	0.160421858313	0.160377358491	0.188661048748	0.188819656451	0.222402597403	0.217223028544	0.135392829901	0.128571428571	0.132075471698	0.182741116751	0.179245283019	0.132075471698	0.1894715194
160158126-supragingivalplaque1.snv.bam	0.202764976959	0.193217785133	0.190200300579	0.207865168539	0.221289280452	0.198156682028	0.204963924964	0.169631863674	0.198145557286	0.236180904523	0.230414746544	0.1875	0.0	0.239115513388	0.214772429249	0.161302327708	0.25474537037	0.254491197879	0.210267923995	0.205718751762	0.209828186829	0.225490196078	0.205882352941	0.198361326704	0.209811196255	0.237172432438	0.183098591549	0.235130211124	0.235023041475	0.215880018336	0.188974932454	0.268607549858	0.272300469484	0.198156682028	0.244180550632	0.184384455011	0.147508912268	0.147465437788	0.165975856642	0.165779777014	0.202146375792	0.184568120052	0.184958842604	0.186046511628	0.185185185185	0.19	0.184331797235	0.235023041475	0.254320633136
160178356-supragingivalplaque3.snv.bam	0.216246919957	0.170607348536	0.166609664453	0.158767294699	0.212615470162	0.212220874166	0.243371441368	0.170407908676	0.198389420489	0.24065395865	0.238934894579	0.163608230661	0.239115513388	0.0	0.207199902475	0.180540592422	0.222261581602	0.221903805321	0.204962832796	0.199704682621	0.20175464264	0.235182137785	0.116879097198	0.194226781055	0.167657044002	0.193633983561	0.183320320908	0.262929952518	0.24417108899	0.186813019353	0.176224393172	0.263661167279	0.267217631485	0.207858502962	0.185511379474	0.194019159411	0.198681006147	0.198638318535	0.247826776169	0.247745827858	0.231338894317	0.248166886716	0.200326551073	0.195797765838	0.194907775993	0.1909268667	0.198678409699	0.180724177412	0.217497795697
160218816-buccalmucosa1.snv.bam	0.216482442289	0.183003819733	0.184555491153	0.189818091932	0.101648754872	0.226097826904	0.140183695789	0.150367361208	0.173240333256	0.171465617229	0.168715692909	0.181046974855	0.214772429249	0.207199902475	0.0	0.14923869373	0.183832599015	0.183452353691	0.190474505483	0.205006434343	0.20072758155	0.105464320626	0.210401784595	0.207390730865	0.171067302866	0.203184242053	0.186413470569	0.120526963034	0.173523385217	0.196322092522	0.166038739823	0.212790235581	0.214772429249	0.153982442289	0.197190035977	0.197616782992	0.216527797877	0.216482442289	0.154373197194	0.154806092514	0.188142448131	0.250382836766	0.202557536525	0.198516251812	0.198516251812	0.237259525753	0.226097826904	0.153982442289	0.159513279452
160259276-supragingivalplaque1.snv.bam	0.0905354020321	0.126507188232	0.123912187015	0.121711763676	0.185528831727	0.158431223076	0.215638474921	0.0831248878822	0.0365524688014	0.197138591322	0.18560694135	0.122782213328	0.161302327708	0.180540592422	0.14923869373	0.0	0.209340132843	0.209098906678	0.130971693095	0.143809837996	0.142758405523	0.163604948199	0.178756268655	0.140460646073	0.10690584915	0.191366773969	0.156819489518	0.217052213165	0.162982506961	0.148573222778	0.0582731222054	0.218307066447	0.221236515434	0.144931353961	0.158489234446	0.149410636137	0.153975420817	0.153932733205	0.194625255722	0.194742493289	0.193553350295	0.149639891808	0.135776378574	0.132556297833	0.131953769207	0.161858500188	0.153932733205	0.144931353961	0.145492362813
160319967-supragingivalplaque2.snv.bam	0.241022727273	0.223006575038	0.218376876689	0.216805555556	0.2365671539	0.250113636364	0.240372030161	0.220900898685	0.231614673836	0.178341584158	0.168295454545	0.222867298578	0.25474537037	0.222261581602	0.183832599015	0.209340132843	0.0	0.00035777628169	0.239370398318	0.246600924773	0.24772700625	0.193357487923	0.208859223301	0.245770035885	0.227664536723	0.212994178202	0.184447004608	0.2681897463	0.250113636364	0.192253026974	0.212458251608	0.214813839129	0.217708333333	0.181931818182	0.213691724942	0.236529212442	0.227429245283	0.227386363636	0.250131171207	0.249996416419	0.213886962552	0.232164918415	0.249067210279	0.243233944954	0.242123287671	0.216871921182	0.209204545455	0.168295454545	0.215145873133
160319967-supragingivalplaque3.snv.bam	0.240781501108	0.222765348873	0.218134549035	0.216510723576	0.236209377618	0.249755860082	0.240349019559	0.220543122403	0.231373447671	0.178356780972	0.168309407983	0.222615783145	0.254491197879	0.221903805321	0.183452353691	0.209098906678	0.00035777628169	0.0	0.239110252454	0.246359698608	0.247485780085	0.192977242599	0.208717183337	0.245637034828	0.227306760441	0.212752952037	0.184194003419	0.267831970019	0.24986408519	0.191895250692	0.212217025443	0.214563148452	0.217454160842	0.181682267008	0.213558723885	0.236396211385	0.22717969411	0.227136812463	0.249773394925	0.249638640137	0.21362045159	0.231915367241	0.248929838296	0.243099723704	0.241989679304	0.216601471635	0.208954994281	0.167937678264	0.214903545479
160582958-supragingivalplaque1.snv.bam	0.134023591859	0.146126000596	0.142023341069	0.14791630458	0.168230440008	0.21112286649	0.20116367891	0.149701827696	0.146334140193	0.174523571016	0.172112350464	0.138832178525	0.210267923995	0.204962832796	0.190474505483	0.130971693095	0.239370398318	0.239110252454	0.0	0.0275046282747	0.0218720873207	0.181140470343	0.147086102262	0.0426094611174	0.169808600212	0.15678312508	0.177225869484	0.246337248307	0.186204905446	0.158159114784	0.141527860579	0.20800997642	0.209974279309	0.187879301995	0.207767625054	0.0485461383981	0.153902271203	0.153856251875	0.203542679914	0.203773850142	0.192149851018	0.209507069566	0.0490796352955	0.0477477040898	0.0477477040898	0.19093678857	0.186721901602	0.176258525744	0.128999927433
160582958-supragingivalplaque2.snv.bam	0.164527411294	0.145698142934	0.141891913837	0.14966500761	0.178839708938	0.198335957973	0.194410441737	0.16267548843	0.153938610052	0.180493318425	0.179817119531	0.134275851306	0.205718751762	0.199704682621	0.205006434343	0.143809837996	0.246600924773	0.246359698608	0.0275046282747	0.0	0.0121622504518	0.198410598321	0.132236819258	0.0159403063854	0.177321407737	0.153715179373	0.173822969408	0.264798850694	0.207457830943	0.180264075788	0.157127764982	0.230246737309	0.23334125087	0.188715684757	0.197904816794	0.0327102126176	0.140654185678	0.140611498065	0.206392492464	0.206606926386	0.194971156217	0.217868043442	0.0323705224828	0.0315113060358	0.0313680728265	0.184258468069	0.183659400389	0.184034016244	0.161491440974
160582958-supragingivalplaque3.snv.bam	0.162327872279	0.147246946611	0.143447757531	0.151091544167	0.174263051848	0.203823283669	0.198022772692	0.162010404186	0.153490416948	0.182240182031	0.181366449738	0.135902171156	0.209828186829	0.20175464264	0.20072758155	0.142758405523	0.24772700625	0.247485780085	0.0218720873207	0.0121622504518	0.0	0.194123899437	0.138697227548	0.0273860181112	0.175925221978	0.150709729667	0.177828983817	0.260222193604	0.20768962219	0.175700054723	0.152277859839	0.229627312363	0.232713262445	0.189732306079	0.203457346837	0.044528314102	0.147482852437	0.147440164825	0.202589148392	0.202803582314	0.199239673328	0.218242706147	0.0439522258826	0.0428285869835	0.0426339115881	0.192317305119	0.191098326898	0.179771714214	0.149993703286
275382046-supragingivalplaque2.snv.bam	0.225961538462	0.192482915906	0.194463434811	0.184971098266	0.0915869081168	0.235576923077	0.169426942694	0.167831805366	0.192071378849	0.146596858639	0.149038461538	0.190954773869	0.225490196078	0.235182137785	0.105464320626	0.163604948199	0.193357487923	0.192977242599	0.181140470343	0.198410598321	0.194123899437	0.0	0.226804123711	0.202136576417	0.202986854453	0.212112733924	0.191176470588	0.134503577818	0.192307692308	0.192895442009	0.186689466428	0.21265328874	0.210784313725	0.144230769231	0.240322978304	0.192362628545	0.230723875181	0.230769230769	0.149119042746	0.149551938066	0.162617839014	0.2358234714	0.198150078166	0.193236714976	0.193236714976	0.192708333333	0.197115384615	0.158653846154	0.139959322243
404239096-supragingivalplaque2.snv.bam	0.202898550725	0.140556860086	0.13603129229	0.145348837209	0.193139004145	0.149758454106	0.230666666667	0.182017207159	0.193020426299	0.216931216931	0.217391304348	0.131313131313	0.205882352941	0.116879097198	0.210401784595	0.178756268655	0.208859223301	0.208717183337	0.147086102262	0.132236819258	0.138697227548	0.226804123711	0.0	0.120987477752	0.165817884783	0.140746180338	0.160194174757	0.26075721829	0.217391304348	0.167214245485	0.18070169044	0.233103061987	0.23645320197	0.193236714976	0.188467731946	0.125659066364	0.144973110929	0.144927536232	0.21742247156	0.217266722764	0.221833578792	0.232131797349	0.134459282535	0.131707317073	0.131067961165	0.166666666667	0.164251207729	0.193236714976	0.223078814459
517810313-supragingivalplaque2.snv.bam	0.16762175518	0.140652137453	0.136555592288	0.143891756325	0.181104894809	0.190246189569	0.191994542697	0.158632054581	0.149417987643	0.182484767954	0.181196415813	0.127567961768	0.198361326704	0.194226781055	0.207390730865	0.140460646073	0.245770035885	0.245637034828	0.0426094611174	0.0159403063854	0.0273860181112	0.202136576417	0.120987477752	0.0	0.17522830463	0.159462511192	0.170711557119	0.267064036565	0.203820850202	0.186696366469	0.158930087206	0.232107448473	0.235227686151	0.185721302691	0.190021395509	0.0183521929051	0.131465347769	0.131422660157	0.20836319258	0.208577626502	0.19362377865	0.217627556317	0.0190220732907	0.0184676159577	0.0183836722488	0.176688273994	0.176671528935	0.185721302691	0.177504203298
533247696-supragingivalplaque1.snv.bam	0.150765040055	0.161126945988	0.156981175516	0.155581327458	0.184002822183	0.163855120467	0.228601325022	0.0781041917864	0.119672354435	0.233339202447	0.224020070608	0.158806070456	0.209811196255	0.167657044002	0.171067302866	0.10690584915	0.227664536723	0.227306760441	0.169808600212	0.177321407737	0.175925221978	0.202986854453	0.165817884783	0.17522830463	0.0	0.181159880168	0.184598679409	0.217615233391	0.204543867518	0.126738390385	0.0966500979134	0.237953607069	0.237597386919	0.175954496815	0.165213871503	0.181182404412	0.177748675184	0.177705987572	0.22432344463	0.224440682197	0.231120673816	0.202880216198	0.186212144255	0.181840562014	0.181014014005	0.179957891265	0.169262723945	0.186247994573	0.216562619664
604812005-supragingivalplaque3.snv.bam	0.217208288337	0.162385911009	0.160055275984	0.174574405318	0.210402186525	0.201979043591	0.20311061722	0.205569696732	0.210837166986	0.201213606448	0.202967028296	0.157488313373	0.237172432438	0.193633983561	0.203184242053	0.191366773969	0.212994178202	0.212752952037	0.15678312508	0.153715179373	0.150709729667	0.212112733924	0.140746180338	0.159462511192	0.181159880168	0.0	0.171746055801	0.264884662293	0.241886050543	0.164127614521	0.176794060364	0.236266905243	0.241024413589	0.184653061811	0.189315150402	0.165610925284	0.20140561666	0.201362929048	0.239079737075	0.238797235091	0.226883825338	0.233495171393	0.166994810866	0.165511039675	0.164758716768	0.203237196407	0.197646784385	0.193053809281	0.206646414324
638754422-supragingivalplaque3.snv.bam	0.170506912442	0.152241688979	0.148138066707	0.155555555556	0.207280063862	0.170506912442	0.190678210678	0.17793776668	0.179401973475	0.180904522613	0.170506912442	0.149038461538	0.183098591549	0.183320320908	0.186413470569	0.156819489518	0.184447004608	0.184194003419	0.177225869484	0.173822969408	0.177828983817	0.191176470588	0.160194174757	0.170711557119	0.184598679409	0.171746055801	0.0	0.253349051549	0.244239631336	0.146622541714	0.18224413834	0.180644586895	0.183098591549	0.0921658986175	0.179782583008	0.170559570218	0.152117207199	0.152073732719	0.198174459288	0.198037841531	0.176645658263	0.198393004845	0.170740833125	0.167441860465	0.162037037037	0.135	0.129032258065	0.133640552995	0.18547519531
650853796-supragingivalplaque1.snv.bam	0.262338208987	0.253453351559	0.251526992499	0.254015161249	0.086094213006	0.284962643376	0.146016346907	0.200435456528	0.226164640304	0.246190858059	0.239713774597	0.254607283896	0.235130211124	0.262929952518	0.120526963034	0.217052213165	0.2681897463	0.267831970019	0.246337248307	0.264798850694	0.260222193604	0.134503577818	0.26075721829	0.267064036565	0.217615233391	0.264884662293	0.253349051549	0.0	0.226139113964	0.249372459332	0.226967176818	0.263618067979	0.26256564141	0.226139113964	0.266805084494	0.257865026802	0.298494616397	0.298537304009	0.149502338033	0.149909768922	0.198352512559	0.312344010124	0.284815085965	0.278432621854	0.277167019027	0.298905608755	0.289487530254	0.208039566453	0.227557464486
682102541-supragingivalplaque3.snv.bam	0.226244343891	0.207820178163	0.205801309913	0.209944751381	0.194478614742	0.248868778281	0.225346927216	0.15541006385	0.190360958172	0.221674876847	0.221719457014	0.207547169811	0.235023041475	0.24417108899	0.173523385217	0.162982506961	0.250113636364	0.24986408519	0.186204905446	0.207457830943	0.20768962219	0.192307692308	0.217391304348	0.203820850202	0.204543867518	0.241886050543	0.244239631336	0.226139113964	0.0	0.233474211553	0.195784988911	0.181905594406	0.184331797235	0.217194570136	0.248926789651	0.203671614196	0.217237257748	0.217194570136	0.203695750639	0.203677764814	0.25138026225	0.221951502494	0.205730447614	0.205479452055	0.204545454545	0.210784313725	0.217194570136	0.20814479638	0.217978339907
686765762-supragingivalplaque3.snv.bam	0.157985260159	0.148184436451	0.144422550242	0.144099503872	0.208163446783	0.167417855421	0.250580305306	0.126115975401	0.163583245252	0.19038790495	0.17946778764	0.149848441051	0.215880018336	0.186813019353	0.196322092522	0.148573222778	0.192253026974	0.191895250692	0.158159114784	0.180264075788	0.175700054723	0.192895442009	0.167214245485	0.186696366469	0.126738390385	0.164127614521	0.146622541714	0.249372459332	0.233474211553	0.0	0.132493402742	0.226093508952	0.227155621068	0.178956758844	0.198119348677	0.18884955537	0.166774086041	0.166731398429	0.224660195897	0.224777433464	0.226246142846	0.20003887236	0.192790605139	0.191008555755	0.190140335047	0.164590299202	0.156454393834	0.175285720213	0.198370303536
737052003-supragingivalplaque2.snv.bam	0.133838732351	0.13821182211	0.134338867481	0.130968866159	0.179082760805	0.184234765908	0.231636132252	0.0990980109347	0.0859972635549	0.222064316281	0.211845007607	0.13498374204	0.188974932454	0.176224393172	0.166038739823	0.0582731222054	0.212458251608	0.212217025443	0.141527860579	0.157127764982	0.152277859839	0.186689466428	0.18070169044	0.158930087206	0.0966500979134	0.176794060364	0.18224413834	0.226967176818	0.195784988911	0.132493402742	0.0	0.239731684684	0.242957326549	0.173302268636	0.16601518573	0.167949700925	0.167434789742	0.16739210213	0.212032098822	0.212149336388	0.211775746628	0.187481043931	0.160166021365	0.157585011619	0.156868716112	0.197679572277	0.187941022976	0.161066208816	0.174599808139
763496533-supragingivalplaque1.snv.bam	0.209178321678	0.245707623989	0.241662237087	0.248725031874	0.231813657396	0.27736013986	0.220763893427	0.217395291973	0.227042995515	0.197139067829	0.195541958042	0.246536638717	0.268607549858	0.263661167279	0.212790235581	0.218307066447	0.214813839129	0.214563148452	0.20800997642	0.230246737309	0.229627312363	0.21265328874	0.233103061987	0.232107448473	0.237953607069	0.236266905243	0.180644586895	0.263618067979	0.181905594406	0.226093508952	0.239731684684	0.0	8.90313390315e-05	0.163723776224	0.241054778555	0.231912305717	0.245584839689	0.245541958042	0.25010494743	0.249970192643	0.204150218713	0.204865967366	0.244345289008	0.243207480593	0.242096944152	0.216843501326	0.218269230769	0.190996503497	0.21031915495
763496533-supragingivalplaque2.snv.bam	0.21198156682	0.249015882527	0.244929625707	0.252808988764	0.230321538516	0.281105990783	0.224877344877	0.220312135783	0.230093217714	0.201005025126	0.198156682028	0.25	0.272300469484	0.267217631485	0.214772429249	0.221236515434	0.217708333333	0.217454160842	0.209974279309	0.23334125087	0.232713262445	0.210784313725	0.23645320197	0.235227686151	0.237597386919	0.241024413589	0.183098591549	0.26256564141	0.184331797235	0.227155621068	0.242957326549	8.90313390315e-05	0.0	0.165898617512	0.244298712041	0.23507569925	0.244283105817	0.244239631336	0.253473998458	0.253337380701	0.207072484166	0.203001299775	0.246570217012	0.246511627907	0.24537037037	0.218905472637	0.221198156682	0.193548387097	0.213151222986
763557224-supragingivalplaque3.snv.bam	0.190045248869	0.19010369727	0.185875269322	0.204419889503	0.194478614742	0.194570135747	0.159926366468	0.163527774782	0.171877931061	0.167487684729	0.158371040724	0.188679245283	0.198156682028	0.207858502962	0.153982442289	0.144931353961	0.181931818182	0.181682267008	0.187879301995	0.188715684757	0.189732306079	0.144230769231	0.193236714976	0.185721302691	0.175954496815	0.184653061811	0.0921658986175	0.226139113964	0.217194570136	0.178956758844	0.173302268636	0.163723776224	0.165898617512	0.0	0.149379278339	0.185572066685	0.17198838897	0.171945701357	0.212687138758	0.212360445342	0.135438233264	0.176702633716	0.182365961633	0.178082191781	0.177272727273	0.137254901961	0.135746606335	0.135746606335	0.181986368915
763921366-supragingivalplaque3.snv.bam	0.203677920872	0.185385439158	0.18593354438	0.193440997308	0.235144585272	0.217252581506	0.215516415049	0.178491393365	0.176559196415	0.236516357206	0.235352129017	0.184022738268	0.244180550632	0.185511379474	0.197190035977	0.158489234446	0.213691724942	0.213558723885	0.207767625054	0.197904816794	0.203457346837	0.240322978304	0.188467731946	0.190021395509	0.165213871503	0.189315150402	0.179782583008	0.266805084494	0.248926789651	0.198119348677	0.16601518573	0.241054778555	0.244298712041	0.149379278339	0.0	0.199088715948	0.21277038224	0.212727694628	0.280502430555	0.280368285517	0.217501902285	0.217484626987	0.187098767768	0.182706942981	0.181876456876	0.201043237808	0.194628147117	0.203677920872	0.222918769847
763982056-supragingivalplaque3.snv.bam	0.167472519173	0.140502901446	0.136405677936	0.143709539985	0.171905885046	0.190096953562	0.182494630746	0.166175126267	0.158318525392	0.182290517854	0.18098879417	0.132129371402	0.184384455011	0.194019159411	0.197616782992	0.149410636137	0.236529212442	0.236396211385	0.0485461383981	0.0327102126176	0.044528314102	0.192362628545	0.125659066364	0.0183521929051	0.181182404412	0.165610925284	0.170559570218	0.257865026802	0.203671614196	0.18884955537	0.167949700925	0.231912305717	0.23507569925	0.185572066685	0.199088715948	0.0	0.140365885518	0.140323197906	0.199164182818	0.19937861674	0.183771446426	0.21747832031	0.0188378080087	0.0183170170652	0.0182337578967	0.176526601653	0.176522292929	0.19462184044	0.186445198036
764062976-supragingivalplaque2.snv.bam	0.181038162725	0.163118318754	0.15903379877	0.165797977692	0.212535474641	0.176513275847	0.238560085069	0.153499439505	0.1809339427	0.216795241193	0.21271237087	0.160421858313	0.147508912268	0.198681006147	0.216527797877	0.153975420817	0.227429245283	0.22717969411	0.153902271203	0.140654185678	0.147482852437	0.230723875181	0.144973110929	0.131465347769	0.177748675184	0.20140561666	0.152117207199	0.298494616397	0.217237257748	0.166774086041	0.167434789742	0.245584839689	0.244283105817	0.17198838897	0.21277038224	0.140365885518	0.0	4.2687612055e-05	0.239937533274	0.239745002599	0.207947576077	0.176745321328	0.121662382017	0.123330748686	0.122770154374	0.137301146874	0.135789293947	0.190087936481	0.227012230544
764062976-supragingivalplaque3.snv.bam	0.180995475113	0.163075631142	0.158990917124	0.165745856354	0.212578162253	0.176470588235	0.238516001133	0.153456751893	0.180891255088	0.216748768473	0.212669683258	0.160377358491	0.147465437788	0.198638318535	0.216482442289	0.153932733205	0.227386363636	0.227136812463	0.153856251875	0.140611498065	0.147440164825	0.230769230769	0.144927536232	0.131422660157	0.177705987572	0.201362929048	0.152073732719	0.298537304009	0.217194570136	0.166731398429	0.16739210213	0.245541958042	0.244239631336	0.171945701357	0.212727694628	0.140323197906	4.2687612055e-05	0.0	0.239894845662	0.239702314987	0.20790200138	0.176702633716	0.121618298082	0.123287671233	0.122727272727	0.137254901961	0.135746606335	0.190045248869	0.226969348898
764305738-supragingivalplaque1.snv.bam	0.24888623378	0.185667822819	0.183374696693	0.176774267042	0.136049039726	0.244361346902	0.164617290139	0.17698558178	0.212464726091	0.236472205249	0.226261799391	0.188661048748	0.165975856642	0.247826776169	0.154373197194	0.194625255722	0.250131171207	0.249773394925	0.203542679914	0.206392492464	0.202589148392	0.149119042746	0.21742247156	0.20836319258	0.22432344463	0.239079737075	0.198174459288	0.149502338033	0.203695750639	0.224660195897	0.212032098822	0.25010494743	0.253473998458	0.212687138758	0.280502430555	0.199164182818	0.239937533274	0.239894845662	0.0	0.000559113163176	0.183766048073	0.280792487406	0.210421371285	0.210063277011	0.209108443934	0.254920870909	0.24888623378	0.176546429372	0.186692526644
764305738-supragingivalplaque2.snv.bam	0.249003471347	0.185819971385	0.18358618787	0.176960039601	0.136456470616	0.244304550359	0.164838738255	0.17704443371	0.212581963658	0.236705653016	0.226476233313	0.188819656451	0.165779777014	0.247745827858	0.154806092514	0.194742493289	0.249996416419	0.249638640137	0.203773850142	0.206606926386	0.202803582314	0.149551938066	0.217266722764	0.208577626502	0.224440682197	0.238797235091	0.198037841531	0.149909768922	0.203677764814	0.224777433464	0.212149336388	0.249970192643	0.253337380701	0.212360445342	0.280368285517	0.19937861674	0.239745002599	0.239702314987	0.000559113163176	0.0	0.183622830424	0.280658342368	0.210642819401	0.210279669234	0.209323852556	0.254775547118	0.248752088743	0.176605281302	0.186879551131
764508039-supragingivalplaque1.snv.bam	0.241718426501	0.222712910912	0.218609401429	0.238307823129	0.207997527264	0.256211180124	0.109117434853	0.206380046625	0.217226775506	0.190905743741	0.183747412008	0.222402597403	0.202146375792	0.231338894317	0.188142448131	0.193553350295	0.213886962552	0.21362045159	0.192149851018	0.194971156217	0.199239673328	0.162617839014	0.221833578792	0.19362377865	0.231120673816	0.226883825338	0.176645658263	0.198352512559	0.25138026225	0.226246142846	0.211775746628	0.204150218713	0.207072484166	0.135438233264	0.217501902285	0.183771446426	0.207947576077	0.20790200138	0.183766048073	0.183622830424	0.0	0.246797083754	0.189363333707	0.180662020906	0.184639389736	0.207438934123	0.20790200138	0.168909592823	0.193711867017
764588959-supragingivalplaque2.snv.bam	0.158603086205	0.221626884277	0.21678221767	0.243377248902	0.26258396339	0.226476389372	0.262544931704	0.175419939932	0.16762733362	0.167740305671	0.172177746838	0.217223028544	0.184568120052	0.248166886716	0.250382836766	0.149639891808	0.232164918415	0.231915367241	0.209507069566	0.217868043442	0.218242706147	0.2358234714	0.232131797349	0.217627556317	0.202880216198	0.233495171393	0.198393004845	0.312344010124	0.221951502494	0.20003887236	0.187481043931	0.204865967366	0.203001299775	0.176702633716	0.217484626987	0.21747832031	0.176745321328	0.176702633716	0.280792487406	0.280658342368	0.246797083754	0.0	0.210642980564	0.210279826718	0.209324009324	0.117898441428	0.122403991182	0.23100127625	0.213566085494
765013792-supragingivalplaque1.snv.bam	0.182365961633	0.145168365756	0.140958395296	0.147041332144	0.196044196582	0.182365961633	0.18873787455	0.172748427036	0.163566743757	0.175131578947	0.173020167241	0.135392829901	0.184958842604	0.200326551073	0.202557536525	0.135776378574	0.249067210279	0.248929838296	0.0490796352955	0.0323705224828	0.0439522258826	0.198150078166	0.134459282535	0.0190220732907	0.186212144255	0.166994810866	0.170740833125	0.284815085965	0.205730447614	0.192790605139	0.160166021365	0.244345289008	0.246570217012	0.182365961633	0.187098767768	0.0188378080087	0.121662382017	0.121618298082	0.210421371285	0.210642819401	0.189363333707	0.210642980564	0.0	0.000124131082423	0.000123548307388	0.172722415175	0.173020167241	0.191711756026	0.173863063945
765013792-supragingivalplaque2.snv.bam	0.178082191781	0.137167646038	0.133017533985	0.139664804469	0.191688465105	0.182648401826	0.184162378502	0.168684235599	0.159712179792	0.174129353234	0.173515981735	0.128571428571	0.186046511628	0.195797765838	0.198516251812	0.132556297833	0.243233944954	0.243099723704	0.0477477040898	0.0315113060358	0.0428285869835	0.193236714976	0.131707317073	0.0184676159577	0.181840562014	0.165511039675	0.167441860465	0.278432621854	0.205479452055	0.191008555755	0.157585011619	0.243207480593	0.246511627907	0.178082191781	0.182706942981	0.0183170170652	0.123330748686	0.123287671233	0.210063277011	0.210279669234	0.180662020906	0.210279826718	0.000124131082423	0.0	0.0	0.168316831683	0.168949771689	0.187214611872	0.169754664361
765013792-supragingivalplaque3.snv.bam	0.177272727273	0.141089611283	0.13697635803	0.14364640884	0.1908171539	0.181818181818	0.183297766396	0.167917489074	0.158986215338	0.173267326733	0.172727272727	0.132075471698	0.185185185185	0.194907775993	0.198516251812	0.131953769207	0.242123287671	0.241989679304	0.0477477040898	0.0313680728265	0.0426339115881	0.193236714976	0.131067961165	0.0183836722488	0.181014014005	0.164758716768	0.162037037037	0.277167019027	0.204545454545	0.190140335047	0.156868716112	0.242096944152	0.24537037037	0.177272727273	0.181876456876	0.0182337578967	0.122770154374	0.122727272727	0.209108443934	0.209323852556	0.184639389736	0.209324009324	0.000123548307388	0.0	0.0	0.167487684729	0.168181818182	0.186363636364	0.168979528907
765094712-supragingivalplaque1.snv.bam	0.191176470588	0.186453169159	0.180496580474	0.183908045977	0.244998891461	0.176470588235	0.238794031687	0.169820822306	0.181153079627	0.178010471204	0.171568627451	0.182741116751	0.19	0.1909268667	0.237259525753	0.161858500188	0.216871921182	0.216601471635	0.19093678857	0.184258468069	0.192317305119	0.192708333333	0.166666666667	0.176688273994	0.179957891265	0.203237196407	0.135	0.298905608755	0.210784313725	0.164590299202	0.197679572277	0.216843501326	0.218905472637	0.137254901961	0.201043237808	0.176526601653	0.137301146874	0.137254901961	0.254920870909	0.254775547118	0.207438934123	0.117898441428	0.172722415175	0.168316831683	0.167487684729	0.0	0.0	0.200980392157	0.241050525899
765094712-supragingivalplaque3.snv.bam	0.180995475113	0.181160391441	0.175640026528	0.17679558011	0.23972748352	0.16742081448	0.233843103937	0.161282569007	0.180792887982	0.187192118227	0.176470588235	0.179245283019	0.184331797235	0.198678409699	0.226097826904	0.153932733205	0.209204545455	0.208954994281	0.186721901602	0.183659400389	0.191098326898	0.197115384615	0.164251207729	0.176671528935	0.169262723945	0.197646784385	0.129032258065	0.289487530254	0.217194570136	0.156454393834	0.187941022976	0.218269230769	0.221198156682	0.135746606335	0.194628147117	0.176522292929	0.135789293947	0.135746606335	0.24888623378	0.248752088743	0.20790200138	0.122403991182	0.173020167241	0.168949771689	0.168181818182	0.0	0.0	0.199095022624	0.236060257989
765155402-subgingivalplaque3.snv.bam	0.171945701357	0.135911522663	0.132972413663	0.14364640884	0.176516185015	0.230769230769	0.18329085245	0.145268115888	0.162580218299	0.177339901478	0.16742081448	0.132075471698	0.235023041475	0.180724177412	0.153982442289	0.144931353961	0.168295454545	0.167937678264	0.176258525744	0.184034016244	0.179771714214	0.158653846154	0.193236714976	0.185721302691	0.186247994573	0.193053809281	0.133640552995	0.208039566453	0.20814479638	0.175285720213	0.161066208816	0.190996503497	0.193548387097	0.135746606335	0.203677920872	0.19462184044	0.190087936481	0.190045248869	0.176546429372	0.176605281302	0.168909592823	0.23100127625	0.191711756026	0.187214611872	0.186363636364	0.200980392157	0.199095022624	0.0	0.14577911476
765640925-supragingivalplaque1.snv.bam	0.136265866334	0.190976986827	0.188656195138	0.200228714756	0.177708976769	0.258893238961	0.193835139019	0.181162823308	0.172406079064	0.153920525823	0.150417937346	0.1894715194	0.254320633136	0.217497795697	0.159513279452	0.145492362813	0.215145873133	0.214903545479	0.128999927433	0.161491440974	0.149993703286	0.139959322243	0.223078814459	0.177504203298	0.216562619664	0.206646414324	0.18547519531	0.227557464486	0.217978339907	0.198370303536	0.174599808139	0.21031915495	0.213151222986	0.181986368915	0.222918769847	0.186445198036	0.227012230544	0.226969348898	0.186692526644	0.186879551131	0.193711867017	0.213566085494	0.173863063945	0.169754664361	0.168979528907	0.241050525899	0.236060257989	0.14577911476	0.0
