	763921366-stool3.snv.bam	764143897-stool1.snv.bam	765074482-stool2.snv.bam	765074482-stool3.snv.bam	CCIS22958137ST-20-0.snv.bam	CCIS87290971ST-4-0.snv.bam	CCMD12232071ST-21-0.snv.bam	CCMD51864103ST-21-0.snv.bam	CCMD72895164ST-21-0.snv.bam	DOM019.snv.bam	MH0131.snv.bam	MH0161.snv.bam	MH0187.snv.bam	MH0200.snv.bam	MH0212.snv.bam	MH0222.snv.bam	MH0233.snv.bam	MH0268.snv.bam	MH0276.snv.bam	MH0326.snv.bam	MH0371.snv.bam	MH0377.snv.bam	MH0379.snv.bam	MH0396.snv.bam	MH0403.snv.bam	MH0408.snv.bam	MMRS25211151ST-27-0-0.snv.bam	MMRS25641480ST-27-0-0.snv.bam	MMRS51307502ST-27-0-0.snv.bam	MMRS51737257ST-27-0-0.snv.bam	MMRS85382779ST-27-0-0.snv.bam	MMRS97052561ST-27-0-0.snv.bam	NLM031.snv.bam	O2.UC28-1.snv.bam	O2.UC50-0.snv.bam	O2.UC7-0.snv.bam	SAMEA3136642.snv.bam	SAMEA3136644.snv.bam	SAMEA3136669.snv.bam	SAMEA3136697.snv.bam	SAMEA3136736.snv.bam	SZEY-44A.snv.bam	T2D-68A.snv.bam	T2D-87A.snv.bam	V1.CD6-4.snv.bam	V1.UC15-3.snv.bam	scavenger-11-0-0.snv.bam	scavenger-11-60-0.snv.bam	scavenger-11-7-0.snv.bam
763921366-stool3.snv.bam	0.0	0.168842061474	0.130042392537	0.130425269523	0.174515095261	0.155507469261	0.157272476182	0.15278218515	0.0899804685507	0.147915621058	0.15589043983	0.149053328713	0.173184133985	0.168039109389	0.247088789097	0.168825930507	0.128950224606	0.140097195721	0.200277011794	0.138316745876	0.1442742017	0.136518003008	0.150158259003	0.16688032639	0.234369061906	0.144919019733	0.130758837987	0.155909462696	0.123751644907	0.131994727892	0.138688779458	0.154666436283	0.201269343795	0.17126768084	0.130539995134	0.158380768143	0.15018695615	0.166205637617	0.148087373345	0.171031539155	0.114554590253	0.13938471535	0.158605799757	0.189278510495	0.0907809688146	0.16469485455	0.248983430523	0.242710363873	0.226663567255
764143897-stool1.snv.bam	0.168842061474	0.0	0.119698616485	0.109687431145	0.17153323491	0.186132096537	0.140653615856	0.131266751863	0.10771145331	0.0964612323928	0.167098628556	0.166007878077	0.179141487082	0.100134304422	0.235712786473	0.177282004181	0.110250765892	0.0894701046327	0.180724336991	0.155197200158	0.187552776816	0.117031787334	0.0924502035975	0.129135069156	0.175463177933	0.0912330848592	0.12029436043	0.126834719523	0.145019277982	0.15400023825	0.105500953327	0.13539575478	0.215676873944	0.109553612493	0.189656369945	0.183784110504	0.0952616064098	0.113221893411	0.0877817965601	0.107221665011	0.139175267102	0.158049452102	0.148224853659	0.189129253769	0.11784180446	0.111091816452	0.200777673334	0.191726681067	0.191830303319
765074482-stool2.snv.bam	0.130042392537	0.119698616485	0.0	0.00648309467242	0.144243441032	0.154183047151	0.157112868184	0.111493463597	0.127575282227	0.139218913142	0.141828739573	0.184651472429	0.181632700918	0.12367905868	0.237957506638	0.206756655405	0.15411297224	0.130181622945	0.159128856884	0.11986513988	0.206479851501	0.162405529029	0.122171079929	0.15175112281	0.198686304311	0.119077239852	0.115165657017	0.105395588824	0.11085895245	0.138739609037	0.103524922099	0.148250311031	0.216109093228	0.154548580929	0.147826838682	0.17308079026	0.150136339001	0.148699049098	0.130641249964	0.126349266369	0.143865572875	0.170014476934	0.206204276766	0.205340132672	0.115714012491	0.151213190527	0.210277895684	0.203069195006	0.19766393956
765074482-stool3.snv.bam	0.130425269523	0.109687431145	0.00648309467242	0.0	0.134791802047	0.143407743847	0.15289388796	0.101298701299	0.119067982456	0.133841343558	0.148137212015	0.182912971398	0.176295518207	0.117032337651	0.232904346051	0.205393885949	0.149457547594	0.124911452184	0.156887903763	0.121369989586	0.199826398029	0.158989777506	0.112527829727	0.144583893768	0.19401347549	0.111662886019	0.118251928021	0.106486450672	0.10908556307	0.1389294783	0.09613997114	0.142677121121	0.217350423757	0.151937392119	0.151363246201	0.170811443582	0.14545552677	0.143592529761	0.123324246086	0.124837662338	0.141692813387	0.165206185567	0.198664373157	0.198551298479	0.118476398108	0.147265839309	0.210558960193	0.201237791316	0.199614271938
CCIS22958137ST-20-0.snv.bam	0.174515095261	0.17153323491	0.144243441032	0.134791802047	0.0	0.0738734229823	0.151431681498	0.153276878784	0.116492683996	0.147476547992	0.180722232332	0.139457200579	0.189778228581	0.127766608484	0.270307230726	0.219959427367	0.166150472464	0.186032238745	0.207394360595	0.153644360617	0.188274379896	0.167825883093	0.111284577106	0.184014212679	0.185301458191	0.146491445846	0.148942305753	0.165653516311	0.129880011352	0.180124397701	0.1323202536	0.164307864931	0.227359685329	0.171340740137	0.155522538521	0.139211891917	0.175878657781	0.129384598124	0.156006176301	0.162486422855	0.11710370492	0.16233679845	0.220623833672	0.192001911144	0.149419953651	0.168603933175	0.229734658638	0.229680485116	0.227406894449
CCIS87290971ST-4-0.snv.bam	0.155507469261	0.186132096537	0.154183047151	0.143407743847	0.0738734229823	0.0	0.157328948457	0.112022900763	0.116223070315	0.170765465166	0.166027238971	0.131301923986	0.162703902715	0.124832189416	0.273463770825	0.216612971082	0.166030191471	0.175867453158	0.192359839235	0.136534039305	0.183772804192	0.165214098822	0.127763594309	0.180052765507	0.190039689046	0.149801042755	0.128526448363	0.163448489594	0.116057613306	0.169805304125	0.133775115149	0.142470354556	0.225674610934	0.167517308862	0.143828884207	0.121306900503	0.175560490694	0.125859215493	0.133445564461	0.145260814249	0.0920762444865	0.164793771044	0.240984800656	0.194878383542	0.141163079596	0.164469038519	0.220888826869	0.2207668566	0.217382904905
CCMD12232071ST-21-0.snv.bam	0.157272476182	0.140653615856	0.157112868184	0.15289388796	0.151431681498	0.157328948457	0.0	0.149659514766	0.0989340077322	0.107074367955	0.154149636988	0.130065889781	0.154224843322	0.138445689016	0.239266988618	0.193250544662	0.104521035621	0.121101685161	0.175915406204	0.135139120001	0.116889342209	0.106113141972	0.128574338157	0.140909384089	0.201551889126	0.120814121785	0.119611229639	0.122985273169	0.118936806252	0.156575099115	0.122751560336	0.123593358545	0.201277974178	0.140315551488	0.121816658335	0.14470947374	0.133983728391	0.145996183838	0.124715759949	0.144587525237	0.116175647986	0.14065529242	0.167945267646	0.174144717953	0.103406620042	0.0997509353259	0.229486230855	0.221969291968	0.207489257213
CCMD51864103ST-21-0.snv.bam	0.15278218515	0.131266751863	0.111493463597	0.101298701299	0.153276878784	0.112022900763	0.149659514766	0.0	0.117655555556	0.145752585185	0.16372232968	0.177482150713	0.168237320768	0.113338242842	0.246155031403	0.175975573429	0.133338341346	0.104403409091	0.146502303809	0.136028249387	0.181810566648	0.134369830057	0.0959793442475	0.154432887072	0.201466312208	0.10236092671	0.0984455958549	0.16371120108	0.12015037594	0.134597893984	0.0948118377786	0.0971299953413	0.230435759276	0.157135500768	0.15320649677	0.158035507749	0.135796440972	0.135578336557	0.103927080671	0.0554276315789	0.142795797868	0.154656222802	0.192767735436	0.198806557985	0.135790637526	0.133593967092	0.209051480701	0.199135474998	0.198509155728
CCMD72895164ST-21-0.snv.bam	0.0899804685507	0.10771145331	0.127575282227	0.119067982456	0.116492683996	0.116223070315	0.0989340077322	0.117655555556	0.0	0.0809880754193	0.115133477633	0.106970544459	0.118203341546	0.11225438656	0.208501294805	0.13773022343	0.0801710273016	0.106994011735	0.167187683551	0.101935796878	0.137325837895	0.082671544583	0.092335412098	0.127330119376	0.162636376179	0.0988565844616	0.0979441512753	0.12654957265	0.119015749027	0.123355775198	0.0811328028621	0.107248941604	0.169025132942	0.127761004284	0.117243510965	0.119342186265	0.123116134752	0.12506896279	0.0741900878354	0.133822222222	0.0766648502925	0.0965057319224	0.139513495616	0.135447117213	0.0755023151452	0.0988963534486	0.209893257105	0.201868030665	0.194929406303
DOM019.snv.bam	0.147915621058	0.0964612323928	0.139218913142	0.133841343558	0.147476547992	0.170765465166	0.107074367955	0.145752585185	0.0809880754193	0.0	0.160645867405	0.15687949411	0.168335672814	0.12267494653	0.236096930571	0.172991535348	0.106752523754	0.102617149192	0.192426319252	0.144106098113	0.165699528673	0.120854292144	0.110932722651	0.159086183945	0.178038697116	0.117540481259	0.108652426681	0.136084871946	0.127590179479	0.150990076933	0.124390865724	0.136834304334	0.185886819784	0.122076486256	0.151095767634	0.158624612192	0.115218439506	0.130704358486	0.10067607871	0.125503860695	0.123363653812	0.13961533385	0.117986887378	0.152621894243	0.106553011784	0.122120237283	0.222022376359	0.213905109168	0.21231591668
MH0131.snv.bam	0.15589043983	0.167098628556	0.141828739573	0.148137212015	0.180722232332	0.166027238971	0.154149636988	0.16372232968	0.115133477633	0.160645867405	0.0	0.168502419475	0.154489007724	0.132656789121	0.228960483779	0.193472563473	0.140833588926	0.150219616377	0.142684181013	0.113989630763	0.201851279394	0.14042742476	0.140945545682	0.141723785474	0.119364619396	0.137418716593	0.103954678363	0.126896367521	0.129979741019	0.163872851744	0.11485583036	0.154073033821	0.180701567564	0.163627380918	0.17056893919	0.184235348342	0.149930002947	0.158135305028	0.135072141355	0.158085845154	0.153521329234	0.136495503336	0.233982594845	0.17700060965	0.110878614765	0.140403695668	0.236775223319	0.229428557244	0.225032405886
MH0161.snv.bam	0.149053328713	0.166007878077	0.184651472429	0.182912971398	0.139457200579	0.131301923986	0.130065889781	0.177482150713	0.106970544459	0.15687949411	0.168502419475	0.0	0.131467637222	0.149816306536	0.26734576616	0.172241092587	0.147660133731	0.17511472647	0.225910639605	0.117023681937	0.178708415153	0.148587254774	0.135667127128	0.173173076181	0.192208359213	0.142307063675	0.139569963592	0.167613026781	0.112772342481	0.183613403565	0.107259320476	0.161448209747	0.233166613537	0.135784404928	0.141584909352	0.0793995078611	0.133244101837	0.136273281877	0.149857319654	0.176724471175	0.10540128482	0.143199548421	0.220240402833	0.210406498152	0.12049368882	0.152586257001	0.224411130652	0.224068443808	0.215260512489
MH0187.snv.bam	0.173184133985	0.179141487082	0.181632700918	0.176295518207	0.189778228581	0.162703902715	0.154224843322	0.168237320768	0.118203341546	0.168335672814	0.154489007724	0.131467637222	0.0	0.173118949092	0.27226543175	0.158938466025	0.149362340934	0.157920979056	0.193092639055	0.0949279307294	0.199330143055	0.151253455414	0.161726788004	0.180476557014	0.170125314186	0.165217664903	0.14635675242	0.127740947303	0.129465821416	0.184486358415	0.131103697761	0.15549658252	0.236484825421	0.183120378908	0.158503028446	0.165833611854	0.168482792602	0.186285541017	0.150876320852	0.160646881492	0.158661440861	0.154720965309	0.232004736105	0.215983533001	0.132610440576	0.171861375236	0.141954817525	0.141037829273	0.136112439556
MH0200.snv.bam	0.168039109389	0.100134304422	0.12367905868	0.117032337651	0.127766608484	0.124832189416	0.138445689016	0.113338242842	0.11225438656	0.12267494653	0.132656789121	0.149816306536	0.173118949092	0.0	0.249569309453	0.175658074195	0.112525925123	0.105341018135	0.178441849382	0.125591706274	0.178032768844	0.115381188146	0.0780239862477	0.141165822367	0.143125879686	0.0941580026181	0.111877698476	0.145218807882	0.110861733605	0.123040698737	0.0875126283756	0.133819849131	0.218602822523	0.106646157689	0.173073064294	0.165445710995	0.10040203214	0.093100979924	0.109013123409	0.0918939041672	0.132245035703	0.140695717639	0.171366592532	0.176874501243	0.104394825696	0.109771247286	0.226945016677	0.219691108112	0.218918376138
MH0212.snv.bam	0.247088789097	0.235712786473	0.237957506638	0.232904346051	0.270307230726	0.273463770825	0.239266988618	0.246155031403	0.208501294805	0.236096930571	0.228960483779	0.26734576616	0.27226543175	0.249569309453	0.0	0.219096424272	0.223720598109	0.227218661579	0.223442254787	0.250563406585	0.274613847866	0.232588858774	0.25726567684	0.211404246921	0.231410557143	0.252192835713	0.243702571424	0.251687391461	0.251571827108	0.258727945445	0.229581044034	0.240111976107	0.168641256929	0.255619436701	0.231882366084	0.270902767089	0.22527451616	0.228879763373	0.265865959944	0.23820477694	0.258342765556	0.208564672418	0.266748988455	0.170163724086	0.237922935428	0.237755285715	0.325037033312	0.318588997724	0.322395417334
MH0222.snv.bam	0.168825930507	0.177282004181	0.206756655405	0.205393885949	0.219959427367	0.216612971082	0.193250544662	0.175975573429	0.13773022343	0.172991535348	0.193472563473	0.172241092587	0.158938466025	0.175658074195	0.219096424272	0.0	0.15467643322	0.108417058283	0.135316125404	0.142317541411	0.202300214009	0.164227517763	0.182052570663	0.136042024014	0.195463920186	0.172822191803	0.15288829944	0.196676290644	0.179330250172	0.18617363868	0.147497106481	0.17619794171	0.217128402593	0.18161204107	0.181303796241	0.209493498687	0.138461824124	0.167295125389	0.179046620339	0.145482417258	0.190338815318	0.163352439741	0.19404733515	0.184298692719	0.17672975173	0.160391856548	0.253513941278	0.251916567105	0.249150877579
MH0233.snv.bam	0.128950224606	0.110250765892	0.15411297224	0.149457547594	0.166150472464	0.166030191471	0.104521035621	0.133338341346	0.0801710273016	0.106752523754	0.140833588926	0.147660133731	0.149362340934	0.112525925123	0.223720598109	0.15467643322	0.0	0.084332659528	0.170518441069	0.14237069256	0.149660798117	0.0133333191888	0.107784685889	0.135257757804	0.189593633704	0.12673045935	0.108605634057	0.14153448548	0.127659936703	0.139160772381	0.116807559529	0.109168800013	0.195748533354	0.139354911598	0.144801000598	0.172202991482	0.117622907396	0.133249164566	0.0957917082917	0.11550867752	0.128575386409	0.112073176608	0.128194009792	0.166583892871	0.0785825990141	0.078315208032	0.206195337464	0.19781340221	0.190004536157
MH0268.snv.bam	0.140097195721	0.0894701046327	0.130181622945	0.124911452184	0.186032238745	0.175867453158	0.121101685161	0.104403409091	0.106994011735	0.102617149192	0.150219616377	0.17511472647	0.157920979056	0.105341018135	0.227218661579	0.108417058283	0.084332659528	0.0	0.12359207173	0.143247239049	0.14665868031	0.0964092634567	0.100923608555	0.104078149217	0.172813609554	0.123626965888	0.104403409091	0.142658569501	0.134395078606	0.125383083352	0.112947155147	0.0990879700832	0.202022200024	0.11630895331	0.153410196501	0.178623062688	0.0924848882526	0.118721670486	0.0888877961417	0.079351076555	0.132454287527	0.133715747554	0.134890564805	0.169609364006	0.109207323667	0.0995916058173	0.217750202233	0.209986692745	0.211527035056
MH0276.snv.bam	0.200277011794	0.180724336991	0.159128856884	0.156887903763	0.207394360595	0.192359839235	0.175915406204	0.146502303809	0.167187683551	0.192426319252	0.142684181013	0.225910639605	0.193092639055	0.178441849382	0.223442254787	0.135316125404	0.170518441069	0.12359207173	0.0	0.17579027454	0.204150732113	0.16629267421	0.169917386658	0.0773566789457	0.209597568992	0.158037472849	0.133780572591	0.161963876661	0.177380298599	0.194662066729	0.148871426525	0.146692687891	0.226171968035	0.203375128031	0.206953100818	0.234083324083	0.175846348017	0.191790316094	0.145734624205	0.135999435243	0.215076387591	0.147374847375	0.221401833889	0.190802313173	0.178552864894	0.159189142083	0.236757050076	0.22759591409	0.225114154367
MH0326.snv.bam	0.138316745876	0.155197200158	0.11986513988	0.121369989586	0.153644360617	0.136534039305	0.135139120001	0.136028249387	0.101935796878	0.144106098113	0.113989630763	0.117023681937	0.0949279307294	0.125591706274	0.250563406585	0.142317541411	0.14237069256	0.143247239049	0.17579027454	0.0	0.177363176195	0.14673931993	0.135081154916	0.164703501244	0.121064285232	0.129941552273	0.0990056822551	0.0986168482352	0.0490180489528	0.146647328527	0.0826155555116	0.150914958937	0.200931453974	0.161727977111	0.150241978058	0.163958267376	0.130586520783	0.135238946587	0.126629163095	0.133642753204	0.120926003707	0.13767269487	0.215674582664	0.195584317686	0.0985855355258	0.147024764479	0.193301137624	0.188874738747	0.176262459964
MH0371.snv.bam	0.1442742017	0.187552776816	0.206479851501	0.199826398029	0.188274379896	0.183772804192	0.116889342209	0.181810566648	0.137325837895	0.165699528673	0.201851279394	0.178708415153	0.199330143055	0.178032768844	0.274613847866	0.202300214009	0.149660798117	0.14665868031	0.204150732113	0.177363176195	0.0	0.155310712468	0.134569302415	0.15658884655	0.250585174124	0.158997951668	0.147970514863	0.178458243144	0.158242187593	0.154875873612	0.157128125755	0.131741738	0.250751270589	0.194869635617	0.15903520777	0.197115233865	0.161735755877	0.192168403905	0.157768339759	0.187092109547	0.148783513635	0.176921628834	0.168478318825	0.209755944482	0.156139644389	0.145223630162	0.274946665795	0.26907427054	0.26278078908
MH0377.snv.bam	0.136518003008	0.117031787334	0.162405529029	0.158989777506	0.167825883093	0.165214098822	0.106113141972	0.134369830057	0.082671544583	0.120854292144	0.14042742476	0.148587254774	0.151253455414	0.115381188146	0.232588858774	0.164227517763	0.0133333191888	0.0964092634567	0.16629267421	0.14673931993	0.155310712468	0.0	0.114816795032	0.126447519468	0.199245572965	0.131478407623	0.115383736051	0.145320193235	0.129366321739	0.136129699184	0.122151881235	0.113015665232	0.205145958505	0.152418004679	0.146546336562	0.170278189203	0.122232877058	0.145054603757	0.0902240970748	0.126871326839	0.134326913743	0.115219374651	0.142410954931	0.174539581401	0.0826500849891	0.0660975036426	0.205965144624	0.198049426545	0.188911597341
MH0379.snv.bam	0.150158259003	0.0924502035975	0.122171079929	0.112527829727	0.111284577106	0.127763594309	0.128574338157	0.0959793442475	0.092335412098	0.110932722651	0.140945545682	0.135667127128	0.161726788004	0.0780239862477	0.25726567684	0.182052570663	0.107784685889	0.100923608555	0.169917386658	0.135081154916	0.134569302415	0.114816795032	0.0	0.138617389041	0.179523188021	0.0749426450742	0.0774452033391	0.130195941703	0.112781605825	0.150318329238	0.0800780075188	0.100845267775	0.220458669405	0.110559711663	0.165428128054	0.147870446412	0.119440508322	0.103973253636	0.0877360636255	0.116962634736	0.106751360482	0.126155418308	0.17399065785	0.18988562748	0.107336498539	0.108539033211	0.226580708234	0.218937924835	0.217553482275
MH0396.snv.bam	0.16688032639	0.129135069156	0.15175112281	0.144583893768	0.184014212679	0.180052765507	0.140909384089	0.154432887072	0.127330119376	0.159086183945	0.141723785474	0.173173076181	0.180476557014	0.141165822367	0.211404246921	0.136042024014	0.135257757804	0.104078149217	0.0773566789457	0.164703501244	0.15658884655	0.126447519468	0.138617389041	0.0	0.187951132657	0.1445750448	0.137108982495	0.1521782744	0.159276617506	0.153811450806	0.13225465266	0.135855718305	0.203694223296	0.175686351385	0.170203131538	0.205680526493	0.117470882972	0.153467499444	0.125806503248	0.148913275233	0.168490539647	0.118118522891	0.189779688319	0.165711095508	0.136350987514	0.0957814847094	0.220763269122	0.211865881033	0.20954015234
MH0403.snv.bam	0.234369061906	0.175463177933	0.198686304311	0.19401347549	0.185301458191	0.190039689046	0.201551889126	0.201466312208	0.162636376179	0.178038697116	0.119364619396	0.192208359213	0.170125314186	0.143125879686	0.231410557143	0.195463920186	0.189593633704	0.172813609554	0.209597568992	0.121064285232	0.250585174124	0.199245572965	0.179523188021	0.187951132657	0.0	0.19737942848	0.171138803262	0.170985600262	0.125064231825	0.20775054557	0.160783393558	0.211303291747	0.18845921347	0.168274047098	0.236507671861	0.218144401605	0.170059011682	0.139753373729	0.173394594041	0.170364852745	0.202766509408	0.158789779501	0.240406916149	0.173948772921	0.172561858685	0.191768185064	0.242629002149	0.240073336472	0.240255144118
MH0408.snv.bam	0.144919019733	0.0912330848592	0.119077239852	0.111662886019	0.146491445846	0.149801042755	0.120814121785	0.10236092671	0.0988565844616	0.117540481259	0.137418716593	0.142307063675	0.165217664903	0.0941580026181	0.252192835713	0.172822191803	0.12673045935	0.123626965888	0.158037472849	0.129941552273	0.158997951668	0.131478407623	0.0749426450742	0.1445750448	0.19737942848	0.0	0.0805106775202	0.126399696219	0.12849536753	0.13642931461	0.0763397506986	0.123405867161	0.234866519371	0.122978080007	0.165614661691	0.165507179057	0.123191389647	0.131365739857	0.0909984265247	0.107766695132	0.126979056488	0.127584818857	0.181539867821	0.198007963516	0.102199398293	0.114253320041	0.222861034481	0.214252252873	0.202369624307
MMRS25211151ST-27-0-0.snv.bam	0.130758837987	0.12029436043	0.115165657017	0.118251928021	0.148942305753	0.128526448363	0.119611229639	0.0984455958549	0.0979441512753	0.108652426681	0.103954678363	0.139569963592	0.14635675242	0.111877698476	0.243702571424	0.15288829944	0.108605634057	0.104403409091	0.133780572591	0.0990056822551	0.147970514863	0.115383736051	0.0774452033391	0.137108982495	0.171138803262	0.0805106775202	0.0	0.104714209402	0.0933690157597	0.128774673633	0.0884267631103	0.0981170047392	0.19488840438	0.12054848472	0.133969339024	0.146367643691	0.0990800865801	0.1304447863	0.0670582614317	0.0988636363636	0.117740344487	0.116881998277	0.177971175207	0.183870407903	0.073339842233	0.109084003421	0.183507540885	0.170798094683	0.168638107417
MMRS25641480ST-27-0-0.snv.bam	0.155909462696	0.126834719523	0.105395588824	0.106486450672	0.165653516311	0.163448489594	0.122985273169	0.16371120108	0.12654957265	0.136084871946	0.126896367521	0.167613026781	0.127740947303	0.145218807882	0.251687391461	0.196676290644	0.14153448548	0.142658569501	0.161963876661	0.0986168482352	0.178458243144	0.145320193235	0.130195941703	0.1521782744	0.170985600262	0.126399696219	0.104714209402	0.0	0.103388471178	0.16395486926	0.133712749314	0.155429678531	0.220701866984	0.156230305168	0.143348019131	0.15825244518	0.150540917962	0.168149822291	0.13064776329	0.169138832659	0.132071231591	0.162266292735	0.208547705236	0.204562434053	0.0919764682618	0.136160289659	0.163689073252	0.157252866006	0.147592592593
MMRS51307502ST-27-0-0.snv.bam	0.123751644907	0.145019277982	0.11085895245	0.10908556307	0.129880011352	0.116057613306	0.118936806252	0.12015037594	0.119015749027	0.127590179479	0.129979741019	0.112772342481	0.129465821416	0.110861733605	0.251571827108	0.179330250172	0.127659936703	0.134395078606	0.177380298599	0.0490180489528	0.158242187593	0.129366321739	0.112781605825	0.159276617506	0.125064231825	0.12849536753	0.0933690157597	0.103388471178	0.0	0.143089938026	0.0972965655135	0.138346445592	0.21645864656	0.147035211655	0.152344605293	0.143693074723	0.119109474681	0.118479841606	0.1243607073	0.125563909774	0.125083645378	0.133012107734	0.197652620565	0.198259388501	0.0931544626179	0.122496644816	0.181767402095	0.174647730437	0.16549986519
MMRS51737257ST-27-0-0.snv.bam	0.131994727892	0.15400023825	0.138739609037	0.1389294783	0.180124397701	0.169805304125	0.156575099115	0.134597893984	0.123355775198	0.150990076933	0.163872851744	0.183613403565	0.184486358415	0.123040698737	0.258727945445	0.18617363868	0.139160772381	0.125383083352	0.194662066729	0.146647328527	0.154875873612	0.136129699184	0.150318329238	0.153811450806	0.20775054557	0.13642931461	0.128774673633	0.16395486926	0.143089938026	0.0	0.130617133556	0.153864130252	0.220014218649	0.167388240462	0.156258912833	0.190461529855	0.137606540675	0.154912625579	0.131366325528	0.1249313603	0.154592265245	0.15984094305	0.134944080627	0.193829372908	0.118755202193	0.142575851551	0.250094922659	0.243605433044	0.237818852728
MMRS85382779ST-27-0-0.snv.bam	0.138688779458	0.105500953327	0.103524922099	0.09613997114	0.1323202536	0.133775115149	0.122751560336	0.0948118377786	0.0811328028621	0.124390865724	0.11485583036	0.107259320476	0.131103697761	0.0875126283756	0.229581044034	0.147497106481	0.116807559529	0.112947155147	0.148871426525	0.0826155555116	0.157128125755	0.122151881235	0.0800780075188	0.13225465266	0.160783393558	0.0763397506986	0.0884267631103	0.133712749314	0.0972965655135	0.130617133556	0.0	0.118093875192	0.219471652666	0.120734138388	0.166848796689	0.1588598592	0.117901178328	0.0997660654991	0.0989702992222	0.0995774263904	0.123860086116	0.102296350012	0.182725420898	0.183324422374	0.107056394994	0.114911883591	0.219279735863	0.211715213004	0.206783517697
MMRS97052561ST-27-0-0.snv.bam	0.154666436283	0.13539575478	0.148250311031	0.142677121121	0.164307864931	0.142470354556	0.123593358545	0.0971299953413	0.107248941604	0.136834304334	0.154073033821	0.161448209747	0.15549658252	0.133819849131	0.240111976107	0.17619794171	0.109168800013	0.0990879700832	0.146692687891	0.150914958937	0.131741738	0.113015665232	0.100845267775	0.135855718305	0.211303291747	0.123405867161	0.0981170047392	0.155429678531	0.138346445592	0.153864130252	0.118093875192	0.0	0.216316979357	0.130504431744	0.138473318167	0.16533147401	0.1146762892	0.144401288415	0.0773188874564	0.101185581328	0.133076473636	0.137549596918	0.179417273184	0.183405314693	0.126220032419	0.103827075779	0.209910994825	0.200018455966	0.197994431756
NLM031.snv.bam	0.201269343795	0.215676873944	0.216109093228	0.217350423757	0.227359685329	0.225674610934	0.201277974178	0.230435759276	0.169025132942	0.185886819784	0.180701567564	0.233166613537	0.236484825421	0.218602822523	0.168641256929	0.217128402593	0.195748533354	0.202022200024	0.226171968035	0.200931453974	0.250751270589	0.205145958505	0.220458669405	0.203694223296	0.18845921347	0.234866519371	0.19488840438	0.220701866984	0.21645864656	0.220014218649	0.219471652666	0.216316979357	0.0	0.215989819962	0.186424868164	0.228676114945	0.201981800455	0.203286472025	0.22499019423	0.209984150162	0.190186119397	0.180283734204	0.227823842457	0.0474608729269	0.190952774877	0.215092032152	0.294951893458	0.287375945999	0.286701541308
O2.UC28-1.snv.bam	0.17126768084	0.109553612493	0.154548580929	0.151937392119	0.171340740137	0.167517308862	0.140315551488	0.157135500768	0.127761004284	0.122076486256	0.163627380918	0.135784404928	0.183120378908	0.106646157689	0.255619436701	0.18161204107	0.139354911598	0.11630895331	0.203375128031	0.161727977111	0.194869635617	0.152418004679	0.110559711663	0.175686351385	0.168274047098	0.122978080007	0.12054848472	0.156230305168	0.147035211655	0.167388240462	0.120734138388	0.130504431744	0.215989819962	0.0	0.159516110535	0.122665910261	0.107702997285	0.0932794600221	0.115706056305	0.129381932933	0.123689498801	0.152398225315	0.177662303518	0.192960766615	0.117830453904	0.133202291572	0.248922797736	0.238878129652	0.241527086681
O2.UC50-0.snv.bam	0.130539995134	0.189656369945	0.147826838682	0.151363246201	0.155522538521	0.143828884207	0.121816658335	0.15320649677	0.117243510965	0.151095767634	0.17056893919	0.141584909352	0.158503028446	0.173073064294	0.231882366084	0.181303796241	0.144801000598	0.153410196501	0.206953100818	0.150241978058	0.15903520777	0.146546336562	0.165428128054	0.170203131538	0.236507671861	0.165614661691	0.133969339024	0.143348019131	0.152344605293	0.156258912833	0.166848796689	0.138473318167	0.186424868164	0.159516110535	0.0	0.0966380805255	0.137835633619	0.180981919973	0.169349040027	0.161232280389	0.0731884874946	0.160057504356	0.208671940868	0.178127290783	0.117817575839	0.129170246194	0.224371477101	0.225122208654	0.210985497489
O2.UC7-0.snv.bam	0.158380768143	0.183784110504	0.17308079026	0.170811443582	0.139211891917	0.121306900503	0.14470947374	0.158035507749	0.119342186265	0.158624612192	0.184235348342	0.0793995078611	0.165833611854	0.165445710995	0.270902767089	0.209493498687	0.172202991482	0.178623062688	0.234083324083	0.163958267376	0.197115233865	0.170278189203	0.147870446412	0.205680526493	0.218144401605	0.165507179057	0.146367643691	0.15825244518	0.143693074723	0.190461529855	0.1588598592	0.16533147401	0.228676114945	0.122665910261	0.0966380805255	0.0	0.150390324565	0.164095544768	0.163433803775	0.183639833449	0.0951468368248	0.182977108428	0.228551126056	0.210268037228	0.141058488913	0.172215155467	0.240741091271	0.241322697818	0.23904316784
SAMEA3136642.snv.bam	0.15018695615	0.0952616064098	0.150136339001	0.14545552677	0.175878657781	0.175560490694	0.133983728391	0.135796440972	0.123116134752	0.115218439506	0.149930002947	0.133244101837	0.168482792602	0.10040203214	0.22527451616	0.138461824124	0.117622907396	0.0924848882526	0.175846348017	0.130586520783	0.161735755877	0.122232877058	0.119440508322	0.117470882972	0.170059011682	0.123191389647	0.0990800865801	0.150540917962	0.119109474681	0.137606540675	0.117901178328	0.1146762892	0.201981800455	0.107702997285	0.137835633619	0.150390324565	0.0	0.109277308005	0.0991359523336	0.0897856517935	0.132249722764	0.133799913194	0.150336916682	0.170097536622	0.107034336746	0.104912376504	0.218214260773	0.209563457436	0.209298871064
SAMEA3136644.snv.bam	0.166205637617	0.113221893411	0.148699049098	0.143592529761	0.129384598124	0.125859215493	0.145996183838	0.135578336557	0.12506896279	0.130704358486	0.158135305028	0.136273281877	0.186285541017	0.093100979924	0.228879763373	0.167295125389	0.133249164566	0.118721670486	0.191790316094	0.135238946587	0.192168403905	0.145054603757	0.103973253636	0.153467499444	0.139753373729	0.131365739857	0.1304447863	0.168149822291	0.118479841606	0.154912625579	0.0997660654991	0.144401288415	0.203286472025	0.0932794600221	0.180981919973	0.164095544768	0.109277308005	0.0	0.13344379104	0.113386098351	0.132183149625	0.134996825286	0.180735616907	0.18283897736	0.128415743179	0.133189718507	0.246340327512	0.242236370773	0.240753670406
SAMEA3136669.snv.bam	0.148087373345	0.0877817965601	0.130641249964	0.123324246086	0.156006176301	0.133445564461	0.124715759949	0.103927080671	0.0741900878354	0.10067607871	0.135072141355	0.149857319654	0.150876320852	0.109013123409	0.265865959944	0.179046620339	0.0957917082917	0.0888877961417	0.145734624205	0.126629163095	0.157768339759	0.0902240970748	0.0877360636255	0.125806503248	0.173394594041	0.0909984265247	0.0670582614317	0.13064776329	0.1243607073	0.131366325528	0.0989702992222	0.0773188874564	0.22499019423	0.115706056305	0.169349040027	0.163433803775	0.0991359523336	0.13344379104	0.0	0.0939955446108	0.120303624516	0.129699520702	0.156503728953	0.19344577289	0.0910160055993	0.086070223914	0.173400113908	0.160036173091	0.157936595526
SAMEA3136697.snv.bam	0.171031539155	0.107221665011	0.126349266369	0.124837662338	0.162486422855	0.145260814249	0.144587525237	0.0554276315789	0.133822222222	0.125503860695	0.158085845154	0.176724471175	0.160646881492	0.0918939041672	0.23820477694	0.145482417258	0.11550867752	0.079351076555	0.135999435243	0.133642753204	0.187092109547	0.126871326839	0.116962634736	0.148913275233	0.170364852745	0.107766695132	0.0988636363636	0.169138832659	0.125563909774	0.1249313603	0.0995774263904	0.101185581328	0.209984150162	0.129381932933	0.161232280389	0.183639833449	0.0897856517935	0.113386098351	0.0939955446108	0.0	0.164125162948	0.146986510009	0.151322647021	0.177673294198	0.127917886883	0.120769291768	0.191136737367	0.180733618234	0.179893158921
SAMEA3136736.snv.bam	0.114554590253	0.139175267102	0.143865572875	0.141692813387	0.11710370492	0.0920762444865	0.116175647986	0.142795797868	0.0766648502925	0.123363653812	0.153521329234	0.10540128482	0.158661440861	0.132245035703	0.258342765556	0.190338815318	0.128575386409	0.132454287527	0.215076387591	0.120926003707	0.148783513635	0.134326913743	0.106751360482	0.168490539647	0.202766509408	0.126979056488	0.117740344487	0.132071231591	0.125083645378	0.154592265245	0.123860086116	0.133076473636	0.190186119397	0.123689498801	0.0731884874946	0.0951468368248	0.132249722764	0.132183149625	0.120303624516	0.164125162948	0.0	0.132135113546	0.196824648645	0.173608716912	0.102582350366	0.118913374042	0.226134383254	0.225002343038	0.211210097566
SZEY-44A.snv.bam	0.13938471535	0.158049452102	0.170014476934	0.165206185567	0.16233679845	0.164793771044	0.14065529242	0.154656222802	0.0965057319224	0.13961533385	0.136495503336	0.143199548421	0.154720965309	0.140695717639	0.208564672418	0.163352439741	0.112073176608	0.133715747554	0.147374847375	0.13767269487	0.176921628834	0.115219374651	0.126155418308	0.118118522891	0.158789779501	0.127584818857	0.116881998277	0.162266292735	0.133012107734	0.15984094305	0.102296350012	0.137549596918	0.180283734204	0.152398225315	0.160057504356	0.182977108428	0.133799913194	0.134996825286	0.129699520702	0.146986510009	0.132135113546	0.0	0.175696275851	0.145572235422	0.114314915527	0.127450093801	0.233666477322	0.223554000194	0.214133763094
T2D-68A.snv.bam	0.158605799757	0.148224853659	0.206204276766	0.198664373157	0.220623833672	0.240984800656	0.167945267646	0.192767735436	0.139513495616	0.117986887378	0.233982594845	0.220240402833	0.232004736105	0.171366592532	0.266748988455	0.19404733515	0.128194009792	0.134890564805	0.221401833889	0.215674582664	0.168478318825	0.142410954931	0.17399065785	0.189779688319	0.240406916149	0.181539867821	0.177971175207	0.208547705236	0.197652620565	0.134944080627	0.182725420898	0.179417273184	0.227823842457	0.177662303518	0.208671940868	0.228551126056	0.150336916682	0.180735616907	0.156503728953	0.151322647021	0.196824648645	0.175696275851	0.0	0.191364435625	0.164041159154	0.175135780433	0.284372398435	0.278700559804	0.27416371916
T2D-87A.snv.bam	0.189278510495	0.189129253769	0.205340132672	0.198551298479	0.192001911144	0.194878383542	0.174144717953	0.198806557985	0.135447117213	0.152621894243	0.17700060965	0.210406498152	0.215983533001	0.176874501243	0.170163724086	0.184298692719	0.166583892871	0.169609364006	0.190802313173	0.195584317686	0.209755944482	0.174539581401	0.18988562748	0.165711095508	0.173948772921	0.198007963516	0.183870407903	0.204562434053	0.198259388501	0.193829372908	0.183324422374	0.183405314693	0.0474608729269	0.192960766615	0.178127290783	0.210268037228	0.170097536622	0.18283897736	0.19344577289	0.177673294198	0.173608716912	0.145572235422	0.191364435625	0.0	0.185805137712	0.184090768405	0.280156603622	0.271432525828	0.270007952574
V1.CD6-4.snv.bam	0.0907809688146	0.11784180446	0.115714012491	0.118476398108	0.149419953651	0.141163079596	0.103406620042	0.135790637526	0.0755023151452	0.106553011784	0.110878614765	0.12049368882	0.132610440576	0.104394825696	0.237922935428	0.17672975173	0.0785825990141	0.109207323667	0.178552864894	0.0985855355258	0.156139644389	0.0826500849891	0.107336498539	0.136350987514	0.172561858685	0.102199398293	0.073339842233	0.0919764682618	0.0931544626179	0.118755202193	0.107056394994	0.126220032419	0.190952774877	0.117830453904	0.117817575839	0.141058488913	0.107034336746	0.128415743179	0.0910160055993	0.127917886883	0.102582350366	0.114314915527	0.164041159154	0.185805137712	0.0	0.0984788826715	0.187293242177	0.180242312477	0.164433670418
V1.UC15-3.snv.bam	0.16469485455	0.111091816452	0.151213190527	0.147265839309	0.168603933175	0.164469038519	0.0997509353259	0.133593967092	0.0988963534486	0.122120237283	0.140403695668	0.152586257001	0.171861375236	0.109771247286	0.237755285715	0.160391856548	0.078315208032	0.0995916058173	0.159189142083	0.147024764479	0.145223630162	0.0660975036426	0.108539033211	0.0957814847094	0.191768185064	0.114253320041	0.109084003421	0.136160289659	0.122496644816	0.142575851551	0.114911883591	0.103827075779	0.215092032152	0.133202291572	0.129170246194	0.172215155467	0.104912376504	0.133189718507	0.086070223914	0.120769291768	0.118913374042	0.127450093801	0.175135780433	0.184090768405	0.0984788826715	0.0	0.196291083626	0.187193066504	0.182171235233
scavenger-11-0-0.snv.bam	0.248983430523	0.200777673334	0.210277895684	0.210558960193	0.229734658638	0.220888826869	0.229486230855	0.209051480701	0.209893257105	0.222022376359	0.236775223319	0.224411130652	0.141954817525	0.226945016677	0.325037033312	0.253513941278	0.206195337464	0.217750202233	0.236757050076	0.193301137624	0.274946665795	0.205965144624	0.226580708234	0.220763269122	0.242629002149	0.222861034481	0.183507540885	0.163689073252	0.181767402095	0.250094922659	0.219279735863	0.209910994825	0.294951893458	0.248922797736	0.224371477101	0.240741091271	0.218214260773	0.246340327512	0.173400113908	0.191136737367	0.226134383254	0.233666477322	0.284372398435	0.280156603622	0.187293242177	0.196291083626	0.0	0.0050599917139	0.00574917565699
scavenger-11-60-0.snv.bam	0.242710363873	0.191726681067	0.203069195006	0.201237791316	0.229680485116	0.2207668566	0.221969291968	0.199135474998	0.201868030665	0.213905109168	0.229428557244	0.224068443808	0.141037829273	0.219691108112	0.318588997724	0.251916567105	0.19781340221	0.209986692745	0.22759591409	0.188874738747	0.26907427054	0.198049426545	0.218937924835	0.211865881033	0.240073336472	0.214252252873	0.170798094683	0.157252866006	0.174647730437	0.243605433044	0.211715213004	0.200018455966	0.287375945999	0.238878129652	0.225122208654	0.241322697818	0.209563457436	0.242236370773	0.160036173091	0.180733618234	0.225002343038	0.223554000194	0.278700559804	0.271432525828	0.180242312477	0.187193066504	0.0050599917139	0.0	0.000364103023249
scavenger-11-7-0.snv.bam	0.226663567255	0.191830303319	0.19766393956	0.199614271938	0.227406894449	0.217382904905	0.207489257213	0.198509155728	0.194929406303	0.21231591668	0.225032405886	0.215260512489	0.136112439556	0.218918376138	0.322395417334	0.249150877579	0.190004536157	0.211527035056	0.225114154367	0.176262459964	0.26278078908	0.188911597341	0.217553482275	0.20954015234	0.240255144118	0.202369624307	0.168638107417	0.147592592593	0.16549986519	0.237818852728	0.206783517697	0.197994431756	0.286701541308	0.241527086681	0.210985497489	0.23904316784	0.209298871064	0.240753670406	0.157936595526	0.179893158921	0.211210097566	0.214133763094	0.27416371916	0.270007952574	0.164433670418	0.182171235233	0.00574917565699	0.000364103023249	0.0
