	158216035-tonguedorsum2.snv.bam	158337416-supragingivalplaque2.snv.bam	158337416-tonguedorsum2.snv.bam	158479027-tonguedorsum1.snv.bam	158479027-tonguedorsum2.snv.bam	158499257-tonguedorsum1.snv.bam	158499257-tonguedorsum2.snv.bam	158883629-tonguedorsum2.snv.bam	158944319-tonguedorsum1.snv.bam	158944319-tonguedorsum3.snv.bam	159227541-tonguedorsum2.snv.bam	159268001-buccalmucosa3.snv.bam	159268001-supragingivalplaque1.snv.bam	159268001-supragingivalplaque2.snv.bam	159268001-tonguedorsum1.snv.bam	159268001-tonguedorsum2.snv.bam	159268001-tonguedorsum3.snv.bam	159369152-tonguedorsum1.snv.bam	159369152-tonguedorsum2.snv.bam	159470302-tonguedorsum1.snv.bam	159490532-tonguedorsum1.snv.bam	159510762-supragingivalplaque3.snv.bam	159510762-tonguedorsum2.snv.bam	159551223-supragingivalplaque1.snv.bam	159551223-supragingivalplaque2.snv.bam	159571453-supragingivalplaque2.snv.bam	159571453-tonguedorsum2.snv.bam	159713063-tonguedorsum2.snv.bam	159733294-tonguedorsum1.snv.bam	159814214-tonguedorsum1.snv.bam	159814214-tonguedorsum2.snv.bam	159915365-tonguedorsum1.snv.bam	160158126-tonguedorsum1.snv.bam	160158126-tonguedorsum2.snv.bam	160178356-tonguedorsum1.snv.bam	160178356-tonguedorsum3.snv.bam	160218816-tonguedorsum1.snv.bam	160259276-supragingivalplaque1.snv.bam	160319967-supragingivalplaque3.snv.bam	160319967-tonguedorsum1.snv.bam	160319967-tonguedorsum3.snv.bam	160380657-tonguedorsum2.snv.bam	160380657-tonguedorsum3.snv.bam	160400887-supragingivalplaque1.snv.bam	160421117-tonguedorsum2.snv.bam	160421117-tonguedorsum3.snv.bam	160502038-tonguedorsum1.snv.bam	160502038-tonguedorsum2.snv.bam	160502038-tonguedorsum3.snv.bam	160542498-supragingivalplaque1.snv.bam	160603188-buccalmucosa2.snv.bam	160603188-tonguedorsum2.snv.bam	160603188-tonguedorsum3.snv.bam	160906640-tonguedorsum1.snv.bam	160947100-tonguedorsum1.snv.bam	234447334-tonguedorsum2.snv.bam	295137534-tonguedorsum2.snv.bam	338793263-tonguedorsum1.snv.bam	338793263-tonguedorsum2.snv.bam	370425937-supragingivalplaque2.snv.bam	370425937-tonguedorsum1.snv.bam	370425937-tonguedorsum2.snv.bam	604812005-tonguedorsum3.snv.bam	675950834-supragingivalplaque3.snv.bam	675950834-tonguedorsum1.snv.bam	675950834-tonguedorsum3.snv.bam	682102541-tonguedorsum3.snv.bam	686765762-tonguedorsum3.snv.bam	706846339-supragingivalplaque2.snv.bam	706846339-tonguedorsum1.snv.bam	763395383-anteriornares3.snv.bam	763395383-buccalmucosa3.snv.bam	763395383-supragingivalplaque3.snv.bam	763395383-tonguedorsum3.snv.bam	763435843-tonguedorsum1.snv.bam	763435843-tonguedorsum2.snv.bam	763496533-palatinetonsils1.snv.bam	763496533-palatinetonsils2.snv.bam	763496533-throat1.snv.bam	763496533-tonguedorsum2.snv.bam	763820215-tonguedorsum2.snv.bam	763840445-tonguedorsum2.snv.bam	763860675-tonguedorsum1.snv.bam	763860675-tonguedorsum2.snv.bam	764083206-buccalmucosa2.snv.bam	764083206-supragingivalplaque1.snv.bam	764083206-supragingivalplaque2.snv.bam	764083206-tonguedorsum1.snv.bam	764083206-tonguedorsum2.snv.bam	764224817-tonguedorsum1.snv.bam	764224817-tonguedorsum2.snv.bam	764447348-tonguedorsum1.snv.bam	764447348-tonguedorsum2.snv.bam	764487809-tonguedorsum2.snv.bam	764508039-tonguedorsum3.snv.bam	764649650-tonguedorsum1.snv.bam	764649650-tonguedorsum2.snv.bam	764811490-supragingivalplaque1.snv.bam	765013792-supragingivalplaque1.snv.bam	765013792-supragingivalplaque3.snv.bam	765013792-tonguedorsum3.snv.bam	765135172-tonguedorsum2.snv.bam	765195863-supragingivalplaque3.snv.bam	765337473-tonguedorsum1.snv.bam	765337473-tonguedorsum2.snv.bam	765377934-saliva3.snv.bam	765701615-supragingivalplaque2.snv.bam	765701615-tonguedorsum1.snv.bam	765701615-tonguedorsum2.snv.bam	809635352-supragingivalplaque1.snv.bam	809635352-tonguedorsum1.snv.bam	861967750-supragingivalplaque1.snv.bam	861967750-supragingivalplaque2.snv.bam	937415040-tonguedorsum1.snv.bam	953045535-tonguedorsum2.snv.bam
158216035-tonguedorsum2.snv.bam	0.0	0.156785868536	0.114716978479	0.123489953881	0.126492213773	0.120828063967	0.110991970172	0.121856126391	0.111867161833	0.112873346067	0.114177281097	0.105234732509	0.146270158214	0.146580769836	0.112220152687	0.119022295671	0.0962987668586	0.126788871905	0.129298938972	0.112599862794	0.109742933734	0.129029086968	0.128355748895	0.150421326901	0.155689327705	0.127903181508	0.139543887594	0.108533380228	0.113407154458	0.110012306411	0.110514551385	0.144950088426	0.160153161633	0.1637587932	0.102936481646	0.0996315541499	0.119209463686	0.156897640454	0.15508951911	0.110126730323	0.100294305084	0.105058071225	0.122855260494	0.156904441896	0.0972097507614	0.100591723363	0.123947456532	0.122011612333	0.134788114706	0.146166585281	0.118949316213	0.109366346149	0.11576782998	0.115226806495	0.11292836912	0.112372136814	0.127674989645	0.130337322454	0.126892630739	0.140519537638	0.114358882463	0.125149377668	0.113564951973	0.147102447133	0.111916211456	0.100599848269	0.105559434488	0.131083227901	0.154322720113	0.114849929719	0.11176956487	0.110343223613	0.123279568308	0.11792677531	0.121080091006	0.113767566097	0.125547500693	0.113008773672	0.127728933276	0.11155210487	0.12390968418	0.0973319557894	0.103392418233	0.110665217128	0.134164646071	0.12870780421	0.135884216759	0.104482713228	0.102852163154	0.099361078175	0.0965177555492	0.107913997182	0.111342638962	0.120145728362	0.122871288746	0.101721758333	0.10850796397	0.131961105976	0.1477696762	0.156030084413	0.110199765815	0.115041927902	0.147406587439	0.121638714785	0.114247839488	0.132210742033	0.139901728727	0.109344079374	0.117820451621	0.136564978911	0.105539313146	0.143321354345	0.147140534221	0.104912621501	0.113272468528
158337416-supragingivalplaque2.snv.bam	0.156785868536	0.0	0.156514624798	0.157638772595	0.160754735777	0.154539326096	0.148466535434	0.15772712091	0.1567705673	0.155424967253	0.153442290803	0.142602588086	0.150509721685	0.149938042733	0.149169766839	0.144428515887	0.139512416781	0.159688365852	0.16379236774	0.153174338319	0.148652815693	0.151187423841	0.155649351854	0.141783830121	0.143670647157	0.138971846661	0.167277715288	0.156369519202	0.157681682695	0.1525328915	0.152580831488	0.170434462738	0.185352855832	0.18186112851	0.151175871657	0.146673964297	0.160846439622	0.13025261286	0.138784956027	0.147971179035	0.147610354788	0.154519334443	0.16402374936	0.147494903329	0.150246626731	0.153043238693	0.149623110935	0.153070691373	0.156548391474	0.139885505696	0.142051033072	0.150060427668	0.155234031952	0.15281146625	0.158436707099	0.154159658997	0.156034650873	0.164965254116	0.167174623622	0.112025359445	0.144548955927	0.142747435433	0.153138811555	0.132645893846	0.152889200976	0.156904495833	0.146563497506	0.156643112214	0.132657541989	0.156245373057	0.148755311445	0.136781102384	0.130161644138	0.140231156419	0.157094225306	0.156010247649	0.159573606463	0.151026708952	0.166664858005	0.146555130831	0.168318407226	0.149267017524	0.148120668799	0.15172495447	0.152107192994	0.144014491523	0.147797372873	0.145926119567	0.143859746348	0.141782421487	0.143346818721	0.159747783439	0.146772490279	0.14871840072	0.161894385604	0.153559666095	0.154591040381	0.12848761438	0.129980261054	0.1270559561	0.143284132332	0.165166147179	0.151343170601	0.158144074539	0.14939535334	0.156604801136	0.137386416814	0.148468392864	0.156255920622	0.125341794138	0.154682328576	0.146002873323	0.149550078821	0.155527566665	0.15204625231
158337416-tonguedorsum2.snv.bam	0.114716978479	0.156514624798	0.0	0.115723726187	0.119165936848	0.123289401056	0.117838957934	0.113980148996	0.117914862644	0.135177289954	0.129155458504	0.117933220289	0.1656698177	0.165150405876	0.131684600683	0.115252583215	0.110218673699	0.146111368038	0.151083161562	0.116978339634	0.119376045243	0.117836049201	0.10979097232	0.16147756956	0.168761975717	0.152122410157	0.145352134139	0.118942024643	0.132836389422	0.108981493423	0.10880558912	0.165102846526	0.167230060057	0.170539736592	0.104215793084	0.115536476176	0.120655546629	0.171119355814	0.161983324087	0.123554036768	0.124486158086	0.124060724212	0.138792512324	0.159662924202	0.11974048742	0.12514629137	0.142458548039	0.143408902019	0.15577547	0.155797614544	0.12544365274	0.12564096131	0.126707494011	0.125793602422	0.132579147034	0.135676942417	0.146699674877	0.152366312147	0.15065608401	0.151145486518	0.13251418507	0.141890773001	0.142710835006	0.161493742114	0.129185986932	0.126889266177	0.116997669854	0.141056080021	0.156513688874	0.138617145361	0.112574531438	0.115796169803	0.130979122335	0.128597524046	0.137777167108	0.137831888453	0.147696070597	0.136077878986	0.146901560269	0.124459524446	0.138144944862	0.0875727294458	0.104607430438	0.110175967419	0.146620315217	0.144707554681	0.148268130843	0.124648839633	0.12600807632	0.112966557814	0.111075835873	0.0796066326369	0.12500072624	0.127662043784	0.128125888845	0.117527542074	0.11945402094	0.132794124627	0.15231808213	0.164690447435	0.117551122809	0.140337063533	0.148254554949	0.0638567391466	0.0615132778708	0.149805198555	0.148342962335	0.119667955934	0.127444361831	0.154328363977	0.111260941635	0.14619485135	0.151690150304	0.134712236775	0.132683758663
158479027-tonguedorsum1.snv.bam	0.123489953881	0.157638772595	0.115723726187	0.0	0.00951053645034	0.129227132836	0.119322258723	0.127348204893	0.125959779285	0.1383327002	0.13173990461	0.126116792379	0.170482620604	0.172319257318	0.127890954548	0.130147378664	0.11673234503	0.146033901952	0.148451625102	0.123406420445	0.11453335077	0.145484668393	0.1430147728	0.1641489919	0.171755050773	0.142746462937	0.135458624686	0.133580117276	0.0640019355039	0.040897306836	0.04975200117	0.172569248506	0.177203483394	0.183321052061	0.12746986408	0.122988043728	0.113534616796	0.168190451983	0.16571420355	0.112685370476	0.123160808731	0.113026518496	0.12560980757	0.171569274019	0.131341595647	0.135912873772	0.144746029133	0.149277157458	0.154328130621	0.157545202289	0.127459339087	0.123705789352	0.126049704008	0.128158352852	0.136570018017	0.133764417324	0.147075418186	0.153046982952	0.159581405176	0.156555546042	0.132552925517	0.144245191965	0.14891907206	0.158794666328	0.145988929814	0.134645838825	0.123796989505	0.155298088677	0.162722553608	0.143401852163	0.125568851571	0.119273666077	0.13529383413	0.127401588375	0.142428672432	0.137185421369	0.154041356728	0.142232961841	0.154666754499	0.11716975414	0.121389522662	0.114769837997	0.121909256488	0.130215254215	0.139024658361	0.144622610068	0.146669588466	0.120688701391	0.125932878533	0.0956316809851	0.104715724681	0.109091311076	0.127882259306	0.105860584849	0.126691065054	0.0732690839502	0.0625782125683	0.132495848265	0.160204365939	0.173068642812	0.112276565158	0.135775205642	0.148937326303	0.121220591981	0.111284430569	0.152203092673	0.146157620323	0.132742215461	0.144252042659	0.15826261009	0.118802074151	0.152578191689	0.153617648281	0.14519560166	0.118876058875
158479027-tonguedorsum2.snv.bam	0.126492213773	0.160754735777	0.119165936848	0.00951053645034	0.0	0.1326033947	0.123697026031	0.129036447436	0.131568891662	0.143412658706	0.135896690313	0.131612228419	0.175843976683	0.177651167821	0.133998973152	0.135551844931	0.1212212659	0.150034357997	0.152450174795	0.126709393952	0.120771203747	0.150047792142	0.147361424702	0.171474906603	0.178059983815	0.146869152733	0.139884634692	0.135680355295	0.0654408508647	0.0427763955334	0.0523682664663	0.178383193358	0.181282375723	0.187215325006	0.130074615987	0.124841986414	0.11675491144	0.172712642908	0.172813569547	0.115940401922	0.127472076012	0.117030351433	0.130648776024	0.178260208012	0.134884108947	0.139683299214	0.148987761327	0.154375569849	0.158051759549	0.162661310827	0.13187585713	0.128636915584	0.130727937784	0.133917314783	0.140298040319	0.137355056419	0.151240666041	0.157691018646	0.164528257196	0.162515826048	0.139039373846	0.15032665143	0.155036963146	0.165431542964	0.152057899419	0.140735459846	0.127807298049	0.159153613472	0.16983658748	0.147484513056	0.126797291743	0.123231793972	0.140752414615	0.130034619309	0.147343854708	0.141732505965	0.156186328518	0.14489275919	0.157490877813	0.118933390762	0.124235954081	0.120338295968	0.125227688191	0.132487234777	0.143811149317	0.148696184195	0.151046399512	0.126825334467	0.131413398918	0.100680874945	0.109435235194	0.112757860766	0.132366858619	0.109978938056	0.13090763053	0.0762098828238	0.0668335032705	0.138649467134	0.167135375261	0.1806645116	0.115175265409	0.139511409066	0.150979698919	0.125208653355	0.115493782858	0.155279752028	0.150479063375	0.137913644802	0.148080790712	0.162573385629	0.124490523935	0.157217840865	0.158488284317	0.151290303948	0.123912653291
158499257-tonguedorsum1.snv.bam	0.120828063967	0.154539326096	0.123289401056	0.129227132836	0.1326033947	0.0	0.0465029112749	0.132532455449	0.107982035667	0.105224156011	0.111601727934	0.106510730049	0.156103218497	0.155687711334	0.114925130074	0.109115065247	0.10516170079	0.12338732192	0.125501603997	0.117718551043	0.112017913875	0.120614436813	0.122162385774	0.141950512029	0.147086708205	0.129384494768	0.127099466743	0.122178418587	0.123257573849	0.118380361835	0.119908506595	0.139329391529	0.144355882361	0.151867049687	0.113221524534	0.11254057614	0.115376765773	0.159416337624	0.146811594285	0.120541022325	0.114902782028	0.121901227686	0.138983317865	0.140471087983	0.107972955414	0.111213054069	0.121202555936	0.121818221494	0.131389614345	0.130188944601	0.126181922413	0.1158213538	0.119937269825	0.110056678994	0.108075148892	0.12437778672	0.13486966187	0.123679048868	0.122107656299	0.146442244481	0.115555466472	0.130243341035	0.114899586991	0.142263479137	0.111909723499	0.11116264912	0.104619148358	0.111055256351	0.136686664559	0.115588452042	0.110809143622	0.108888053813	0.138977474306	0.112183612936	0.118436867306	0.121973369052	0.127160170677	0.116950023314	0.128727400266	0.11661917235	0.125649690521	0.114377921542	0.116807893659	0.122028393446	0.116447217007	0.120260999926	0.119005366773	0.112641124539	0.110665623108	0.113236057539	0.113778054477	0.124011565371	0.104291396213	0.132606041075	0.120333279553	0.124699303648	0.12352507607	0.129611023008	0.131814947202	0.140526903419	0.114984262763	0.136357503004	0.141739282123	0.128531092206	0.11872215554	0.131461486639	0.134192577318	0.114345276361	0.124980553688	0.135834004691	0.108783781426	0.130960480652	0.13339426851	0.119838381819	0.11829463315
158499257-tonguedorsum2.snv.bam	0.110991970172	0.148466535434	0.117838957934	0.119322258723	0.123697026031	0.0465029112749	0.0	0.124308748363	0.109971695218	0.100539176285	0.109552793468	0.10068328752	0.147977802398	0.145883181778	0.110519215007	0.101316346155	0.0983852097553	0.122751546992	0.124639359334	0.105175766591	0.107410990289	0.119712722859	0.121917984809	0.138358563528	0.144206466677	0.129444646412	0.123162007153	0.118308164029	0.113103912086	0.103508265211	0.103870219396	0.132809994357	0.141477634224	0.149154298678	0.104527084253	0.103979892381	0.108909794284	0.154069541978	0.142066064469	0.118449439421	0.110598395669	0.113469512387	0.12385454484	0.139079378493	0.105651171507	0.108976244488	0.112835438206	0.116368254493	0.127019662378	0.129764165337	0.119579778201	0.105645879839	0.11295302854	0.100302668271	0.100172413134	0.12058480514	0.133906361287	0.129234501171	0.123425399045	0.139118209739	0.118695936704	0.130502166483	0.112092075007	0.136256510666	0.104902873004	0.104503636369	0.100424198778	0.111572565854	0.132612839286	0.108965106692	0.101882586308	0.104521389441	0.128283909822	0.113135535046	0.115605520622	0.117933356127	0.122753228127	0.111713367053	0.125137174833	0.108660422985	0.114097156292	0.108734428541	0.107967881007	0.113759698853	0.120232114705	0.123213005916	0.124227665059	0.105065686226	0.101947815193	0.109350368496	0.109338713221	0.118755719	0.104342515076	0.125317922422	0.121092575364	0.115466959015	0.114219650018	0.123954093677	0.130857770389	0.134995409151	0.108572470534	0.128962981029	0.143725572494	0.128181017442	0.114007736276	0.125187492554	0.13300688221	0.107781253342	0.117573281729	0.131430650893	0.102831086342	0.13033454917	0.132959038429	0.114755513954	0.110816397201
158883629-tonguedorsum2.snv.bam	0.121856126391	0.15772712091	0.113980148996	0.127348204893	0.129036447436	0.132532455449	0.124308748363	0.0	0.112982248845	0.123897242397	0.119863287146	0.110158346868	0.162141397537	0.1626182129	0.120068555996	0.104513057609	0.103328079267	0.135184594257	0.139315022256	0.0660759653376	0.110072700509	0.136036493793	0.136467744268	0.171801659811	0.176960405131	0.137023598697	0.135185185317	0.107427550351	0.133444647462	0.116943010256	0.116304780902	0.154076532986	0.162839532983	0.167288869843	0.111979750946	0.110388388399	0.0739950252262	0.154943319697	0.165428728505	0.125654031425	0.113044555074	0.12565970972	0.137971603728	0.162302442956	0.119166018382	0.123311359857	0.137297867647	0.136809720111	0.144984431143	0.149915887432	0.123599770557	0.108675323629	0.105390906491	0.101265949489	0.109544649354	0.132278786503	0.146391306962	0.149230131978	0.142952572974	0.150027293134	0.129670638209	0.143177342578	0.133023714827	0.157261373244	0.130189878649	0.115831378379	0.10893665382	0.144674520709	0.168913218453	0.129317158644	0.118002041577	0.100179059072	0.138230306769	0.124398823043	0.125326142488	0.13374892496	0.151014442334	0.144708485621	0.151598798474	0.130986876233	0.134904815572	0.103574356651	0.0828591092757	0.0758305892121	0.152978608338	0.144011707886	0.151294752058	0.114552379017	0.112950643562	0.114307706768	0.116424706074	0.121151207748	0.117972094299	0.122284799308	0.122258394735	0.122807055678	0.125498759564	0.131233513577	0.14697471773	0.168761346657	0.119287238189	0.139847075684	0.149678801004	0.114195660418	0.108751520763	0.143811947439	0.150152638331	0.0967129354784	0.103054659278	0.158738163498	0.0747963597569	0.149075835377	0.153248229154	0.138038203442	0.121084625009
158944319-tonguedorsum1.snv.bam	0.111867161833	0.1567705673	0.117914862644	0.125959779285	0.131568891662	0.107982035667	0.109971695218	0.112982248845	0.0	0.102918769731	0.116791240378	0.109948707307	0.162672369834	0.161927251594	0.116379521011	0.109728790252	0.101165817786	0.12610092477	0.12473628289	0.115079611139	0.104719462178	0.122172275984	0.124213125879	0.150940029392	0.160755572958	0.140689335589	0.129434891996	0.114138358338	0.124835886373	0.114225120549	0.113977001296	0.141664132365	0.150413467551	0.159102248752	0.10871065744	0.105951465282	0.110017268686	0.167217686607	0.158498216592	0.127472970539	0.114851363338	0.115948726502	0.130855043701	0.150316498864	0.108903042498	0.114335790732	0.133217504479	0.130816604721	0.140254110875	0.144323352779	0.117098642806	0.109458765442	0.111968328151	0.107670373136	0.118517215693	0.122327655251	0.148184273611	0.120857667907	0.123975592353	0.147212128311	0.125642996583	0.138484569257	0.120013980685	0.153549658389	0.111950298085	0.105905250988	0.0938505153603	0.132306080165	0.161176254747	0.123847949097	0.0993280107857	0.102585583859	0.12331184277	0.123117395267	0.121126254544	0.117653294806	0.14115687163	0.128424573677	0.138657468883	0.121950669523	0.133392988487	0.102123393566	0.110784409308	0.113399748758	0.135218584259	0.132848181226	0.135711654703	0.106907578114	0.105599496811	0.111857086796	0.110136253787	0.122022646176	0.110947305578	0.126928515324	0.13020443494	0.118839765182	0.12404100162	0.120936026578	0.149561167185	0.159599857027	0.113234575039	0.129245924848	0.137516363925	0.123718613217	0.114901834547	0.14018300648	0.135989437566	0.106954483101	0.117896553613	0.146841804289	0.110139121209	0.147305267643	0.148683780977	0.113580002428	0.122422618815
158944319-tonguedorsum3.snv.bam	0.112873346067	0.155424967253	0.135177289954	0.1383327002	0.143412658706	0.105224156011	0.100539176285	0.123897242397	0.102918769731	0.0	0.0964879708741	0.103373758319	0.155955016927	0.156102852494	0.105360268113	0.114398037344	0.0977047131956	0.108014809891	0.110513835375	0.110621824978	0.0968488616585	0.122105578811	0.125730871118	0.147992384832	0.156112946467	0.133168380022	0.125853979093	0.108999403391	0.120950821308	0.124315645415	0.123312662539	0.13947795521	0.147245564139	0.152180434691	0.101420323732	0.0974220328282	0.115562182097	0.162822533479	0.156972048295	0.118737875862	0.10539449312	0.105491607648	0.125050781429	0.154169859085	0.0990446652493	0.102429389317	0.122908949899	0.116553719167	0.13295965185	0.143469430376	0.107483935876	0.100018282458	0.108260384169	0.10599622078	0.114503843892	0.109509128028	0.130784493963	0.122349521443	0.116053300464	0.142027422371	0.11320896716	0.125179960342	0.102346255112	0.15449225411	0.101773597009	0.100047671537	0.0923257596694	0.131397157868	0.148949944048	0.117309452951	0.108443945734	0.102461791747	0.13000660658	0.116874823841	0.109807365145	0.10442793061	0.11683713705	0.105646154272	0.11889104266	0.109696407745	0.11120897659	0.107518235106	0.101979636432	0.110892892961	0.13384214667	0.128013486567	0.134857067061	0.0976337983427	0.0957023541605	0.10032283709	0.0976237635076	0.129566031307	0.109175000008	0.12568338446	0.128081999896	0.11587199243	0.117207979069	0.126752051808	0.145228707349	0.149896607444	0.10255958927	0.118823726053	0.149323281378	0.141227226483	0.130893716121	0.126140423703	0.136216354426	0.11205512205	0.115478629516	0.139375024308	0.100783598257	0.139068866621	0.139566422714	0.116547429943	0.104952420498
159227541-tonguedorsum2.snv.bam	0.114177281097	0.153442290803	0.129155458504	0.13173990461	0.135896690313	0.111601727934	0.109552793468	0.119863287146	0.116791240378	0.0964879708741	0.0	0.0999474729294	0.157356034469	0.154454390244	0.106026021611	0.101916152042	0.0954594242639	0.114900579558	0.114819434488	0.115803350563	0.10248646895	0.118442460654	0.118254374875	0.143368822193	0.155619863926	0.12408012624	0.13120652287	0.118010476606	0.114401151799	0.112524731503	0.111460276663	0.131657797446	0.149692609849	0.154768913798	0.104631996304	0.0969414083406	0.122403565546	0.156635545011	0.141669699877	0.118856693508	0.108966743816	0.101642582621	0.122986556181	0.148605811023	0.106350695728	0.108079867331	0.114506496686	0.0993014965312	0.102730788437	0.143327901168	0.115233898935	0.105752616792	0.116080869041	0.110355369693	0.117347867536	0.111381642903	0.123195478411	0.0923844926233	0.0836320166925	0.138958013571	0.114072730049	0.131621450863	0.103213944356	0.149953523202	0.109294969254	0.104263090988	0.106367005075	0.134919212368	0.147900031412	0.114479278045	0.11647301975	0.111124920691	0.131577466721	0.116677848689	0.0804462460326	0.106014053137	0.13323499045	0.123951070804	0.135505979538	0.115071573	0.102522295429	0.103103593477	0.101478806693	0.10667351829	0.129787915211	0.124020632839	0.129814362431	0.104154208732	0.0998336973114	0.100180319742	0.100901600112	0.114331238223	0.108635887681	0.11542484979	0.128822105663	0.108804519693	0.110234646321	0.129041453184	0.14246630644	0.147060530309	0.0940695485757	0.118864585044	0.14532654178	0.128185446766	0.120370300546	0.127331584066	0.138792860055	0.108648925159	0.116272601077	0.140370212745	0.104097704971	0.144062694105	0.145604773963	0.11836573852	0.0991837680095
159268001-buccalmucosa3.snv.bam	0.105234732509	0.142602588086	0.117933220289	0.126116792379	0.131612228419	0.106510730049	0.10068328752	0.110158346868	0.109948707307	0.103373758319	0.0999474729294	0.0	0.152180594785	0.14973566899	0.0626863653068	0.064360917929	0.0460658948603	0.129711545234	0.127875489763	0.103180261999	0.0961141085458	0.120588365451	0.121414769846	0.144821610452	0.152642457512	0.128697203746	0.136742583268	0.102820822195	0.117958560931	0.104723952251	0.105020292272	0.136919241082	0.158612624379	0.165484512273	0.0978917692836	0.0903134163674	0.109276896188	0.151635472486	0.143765643155	0.107842922438	0.0964093976147	0.102257542618	0.123125926349	0.149247839244	0.100593522669	0.100393870271	0.125165048859	0.11995878353	0.137137495316	0.141285919384	0.107557169769	0.0978304749816	0.10616661329	0.101380952252	0.106957986104	0.11628269179	0.1221697679	0.123992231145	0.117950930878	0.140255588351	0.114023645751	0.125968811272	0.105919511906	0.146450707978	0.116102303531	0.103356012986	0.0900046720853	0.133815436046	0.147604308872	0.108635840625	0.110849553382	0.0998619480217	0.125596958451	0.114438393381	0.113167423759	0.116022483151	0.125541614821	0.114396554558	0.125138382461	0.111697366984	0.113601762076	0.096425780035	0.0878697836854	0.0933596972479	0.129942614762	0.121541666641	0.131976821858	0.0907171379541	0.0866610352006	0.0984060243716	0.0959411237261	0.114932663297	0.101889768452	0.11547666947	0.116574310097	0.105240502674	0.106729160746	0.127444217719	0.137872908224	0.147375601305	0.099823280061	0.126589347489	0.140627582342	0.119893462845	0.112022534632	0.12067026632	0.134602218901	0.0925406130803	0.101495379871	0.132077480016	0.102198323762	0.135820805488	0.140742655204	0.118265868733	0.106267253799
159268001-supragingivalplaque1.snv.bam	0.146270158214	0.150509721685	0.1656698177	0.170482620604	0.175843976683	0.156103218497	0.147977802398	0.162141397537	0.162672369834	0.155955016927	0.157356034469	0.152180594785	0.0	0.00387438590338	0.158489209647	0.155229272376	0.148900966031	0.168187628189	0.171723399614	0.166723521321	0.160802126253	0.162081798319	0.166248447562	0.15465714153	0.159159276335	0.153145541006	0.183319887283	0.15493656752	0.169030665432	0.160168613963	0.161354326416	0.178034412026	0.175434116709	0.175629676688	0.150572094414	0.152756087616	0.163950877919	0.147797124272	0.129074144162	0.156607053312	0.155382761519	0.158287067401	0.166838487524	0.127174399373	0.156432735227	0.158894600814	0.166946824724	0.168484103474	0.17848006223	0.126434201551	0.163487291528	0.16099702327	0.161353344416	0.153801241162	0.16622414431	0.163334837432	0.154580938892	0.178535700289	0.172952501117	0.13061011347	0.15032621594	0.152162927388	0.159993972566	0.147931877317	0.163910424655	0.162327992043	0.158000699588	0.16387722312	0.13894543583	0.1561848135	0.149361275725	0.139610410647	0.137850134684	0.143348282212	0.159412125191	0.167172570127	0.163642598952	0.157496642701	0.164408047407	0.154546646011	0.166339049606	0.154754829689	0.160949423988	0.164075510079	0.156550255881	0.149460995772	0.147517157426	0.152014433995	0.149949922417	0.154413133836	0.151487197298	0.159443668527	0.153240455231	0.153086022296	0.155131286767	0.162436467642	0.165926134716	0.116084565756	0.143648809786	0.127477551884	0.145353848199	0.158517357923	0.15096531938	0.171184626829	0.161944120392	0.169014691013	0.152811650166	0.159289209681	0.173272083819	0.135000022457	0.157426708743	0.121616755295	0.129854720734	0.152944940697	0.165569991314
159268001-supragingivalplaque2.snv.bam	0.146580769836	0.149938042733	0.165150405876	0.172319257318	0.177651167821	0.155687711334	0.145883181778	0.1626182129	0.161927251594	0.156102852494	0.154454390244	0.14973566899	0.00387438590338	0.0	0.157516535047	0.153150433368	0.146921170818	0.168115715325	0.171033568565	0.165277762437	0.160734912904	0.160458406904	0.164639405165	0.153506360374	0.158846531079	0.15155847211	0.182189394393	0.153791385668	0.171101437247	0.161047998815	0.162072988511	0.176366290128	0.175269016834	0.176309865713	0.149576887549	0.15114521071	0.163495349733	0.147987918523	0.12717229559	0.154586770688	0.154121068758	0.158039336359	0.165984579278	0.128804074764	0.154495236399	0.157018684583	0.165517274636	0.166981220979	0.176678967238	0.128838369025	0.164525420067	0.161509127981	0.16084981993	0.152841669153	0.165835708593	0.162415684155	0.154487035902	0.177444105962	0.17056960078	0.132174290764	0.150349006382	0.153874857131	0.158635901661	0.147463938265	0.16289496024	0.16049611934	0.156630449033	0.164659617573	0.138530994853	0.154829338778	0.149147076816	0.139774451239	0.137649823883	0.14145680872	0.158000939045	0.165801733447	0.16434867883	0.157580965138	0.163921964856	0.154498869829	0.163926282308	0.153908642168	0.160106947995	0.16299527864	0.157692865626	0.149866944905	0.148720619765	0.148998248898	0.147138224303	0.15514346204	0.151612770043	0.158885944619	0.152698525276	0.152478200922	0.156275816723	0.162824680195	0.167655019945	0.118584013807	0.143434697755	0.127646058723	0.145352810258	0.15734591267	0.151161146697	0.170609332625	0.161713681676	0.167436362194	0.151490805273	0.157977449427	0.171803602814	0.13376829719	0.155524680484	0.122829238981	0.131068914734	0.152032336006	0.164858819102
159268001-tonguedorsum1.snv.bam	0.112220152687	0.149169766839	0.131684600683	0.127890954548	0.133998973152	0.114925130074	0.110519215007	0.120068555996	0.116379521011	0.105360268113	0.106026021611	0.0626863653068	0.158489209647	0.157516535047	0.0	0.0929378041783	0.0638327147701	0.127337981151	0.125460518493	0.108766107609	0.0994287034402	0.131472660901	0.13204640956	0.14797528904	0.156559928943	0.131884485185	0.133913427144	0.113595881638	0.117484662627	0.109846058415	0.110948172133	0.143833222924	0.157331955493	0.165420662101	0.105927477868	0.0996918646644	0.115920735623	0.152594003074	0.150182091375	0.109822060819	0.0983923373047	0.102741821758	0.12289473974	0.146092349606	0.108993747794	0.111738774338	0.12686341338	0.117101504359	0.133737296629	0.145002573269	0.114890800479	0.0982685091799	0.10607197908	0.105022327673	0.116868099162	0.112919047867	0.123934726644	0.123127000425	0.11829294495	0.144851232846	0.117810098798	0.130587042928	0.112080251754	0.140915984845	0.115661545299	0.108523769043	0.098073103506	0.139842946594	0.148745538049	0.11597708333	0.118307950359	0.107238666353	0.121396330986	0.119182667643	0.110807932276	0.106351765055	0.128789887806	0.11558424321	0.131168951266	0.115116728904	0.123078995026	0.10605433597	0.0973140914819	0.104760849665	0.132728328431	0.129552070924	0.137078952901	0.0795112647853	0.0831443141622	0.0999513321739	0.0995559997481	0.118852482639	0.103029033109	0.1211341317	0.117376412622	0.105577887704	0.109697439963	0.130848464614	0.144036489383	0.154592614883	0.108214610167	0.127764600828	0.148833925822	0.125521889346	0.117182490649	0.132684397168	0.138119573117	0.107072033461	0.111382026124	0.136960139343	0.106894947113	0.13519280329	0.139602615839	0.119504235964	0.107677208383
159268001-tonguedorsum2.snv.bam	0.119022295671	0.144428515887	0.115252583215	0.130147378664	0.135551844931	0.109115065247	0.101316346155	0.104513057609	0.109728790252	0.114398037344	0.101916152042	0.064360917929	0.155229272376	0.153150433368	0.0929378041783	0.0	0.0741163350857	0.13590598616	0.134525559243	0.0983463856796	0.100333676231	0.127732262967	0.126929457262	0.148859811631	0.15739143452	0.128876272587	0.133343108464	0.111002609631	0.127669836397	0.109948364979	0.10917290779	0.143482962585	0.165950639052	0.172220745753	0.0949167874142	0.0900553326137	0.102136389628	0.156821980502	0.1458339182	0.122068277319	0.107394976516	0.112470371399	0.132873978978	0.152241836204	0.110443794442	0.113899903772	0.130603162712	0.129162067225	0.142064955574	0.144801583851	0.12045407412	0.103694626804	0.104291793943	0.103010052332	0.108742096283	0.117488492313	0.132817763873	0.130348523655	0.127369016865	0.14612651818	0.121466191849	0.13485116208	0.113749742687	0.15323748304	0.114832536919	0.104379442677	0.0888575893429	0.13193839094	0.148038171047	0.118688221641	0.105129744243	0.0941688456744	0.133046878454	0.120169114003	0.118996068086	0.115513869724	0.138408071641	0.126338022374	0.139910047209	0.12136637582	0.120841234058	0.101443016889	0.0866286328205	0.0873921183351	0.139524384702	0.132388830856	0.140688813183	0.0994394673512	0.0972043793751	0.105969671314	0.106755017923	0.119216120612	0.117516559385	0.115376549262	0.135972491622	0.115093977702	0.118573120642	0.126322351185	0.14230845329	0.150516640118	0.101779653144	0.131217371944	0.145735028552	0.123560729807	0.113319632339	0.129710884008	0.142164796632	0.0947075124657	0.101730445181	0.144696082735	0.10389085324	0.13869674544	0.145163988451	0.117163097195	0.110724046009
159268001-tonguedorsum3.snv.bam	0.0962987668586	0.139512416781	0.110218673699	0.11673234503	0.1212212659	0.10516170079	0.0983852097553	0.103328079267	0.101165817786	0.0977047131956	0.0954594242639	0.0460658948603	0.148900966031	0.146921170818	0.0638327147701	0.0741163350857	0.0	0.123425728332	0.123666814969	0.0947781095364	0.0957895610804	0.119837092686	0.119602096562	0.149398698304	0.15649193672	0.126233493492	0.130478279877	0.0989177845633	0.112526798579	0.100169217863	0.0988001852879	0.137819127348	0.156964039997	0.162177566333	0.0931874064796	0.0844952765227	0.102981041481	0.150747763283	0.145346492752	0.100205120117	0.0876770902624	0.0951538602746	0.119375892133	0.146797695647	0.100543216334	0.101047494869	0.117810053531	0.117775255468	0.132380410313	0.138483915441	0.104383675843	0.0904739081573	0.0987369526608	0.0975197805848	0.102411366407	0.107496885846	0.121631233496	0.118339866992	0.114945210841	0.137398138221	0.110620442021	0.124068242926	0.105461093205	0.140125829194	0.105407272522	0.0957707614087	0.0844871345317	0.127945105441	0.146613201499	0.110483191746	0.104093172398	0.0951670572178	0.119019986065	0.108439122577	0.10633453035	0.105837972988	0.116746965603	0.10847276878	0.117585425372	0.108352635241	0.110173522084	0.090220172779	0.0838635482367	0.090308250985	0.121958417988	0.12020591036	0.125623728732	0.0863435815096	0.0871702920991	0.0918415954962	0.0906376596006	0.106686808751	0.0963639793315	0.109790341129	0.115386376976	0.101195648201	0.102299955016	0.12130535128	0.140324217012	0.143669603637	0.0932461365073	0.123532367606	0.13836492531	0.111369477081	0.10434683632	0.115675416535	0.134211322749	0.0929981388903	0.0991151223274	0.131855888803	0.0975399178882	0.134330484913	0.139147578135	0.113521877941	0.101850181033
159369152-tonguedorsum1.snv.bam	0.126788871905	0.159688365852	0.146111368038	0.146033901952	0.150034357997	0.12338732192	0.122751546992	0.135184594257	0.12610092477	0.108014809891	0.114900579558	0.129711545234	0.168187628189	0.168115715325	0.127337981151	0.13590598616	0.123425728332	0.0	0.0331139167483	0.132939252701	0.120443546701	0.112604292021	0.113680579374	0.154773033135	0.160746332145	0.13628004941	0.139659142835	0.133617859803	0.130410035175	0.133796229477	0.133428440711	0.125309508624	0.107440672708	0.105442721794	0.116927136212	0.111798241609	0.141537342303	0.167398523214	0.164610688179	0.122728411439	0.112887708757	0.120746920129	0.14668555189	0.161948382433	0.110285265808	0.113713850144	0.1321367084	0.125988195419	0.137399506212	0.145177662581	0.134828413493	0.122378137544	0.126975100248	0.123573158156	0.135628205588	0.114960628445	0.141435105283	0.132409564069	0.125867046679	0.153017948148	0.123930385832	0.138922974939	0.123599408735	0.160195299335	0.110541484844	0.114611111604	0.119874483446	0.139772786108	0.158518800211	0.111177068844	0.127689216704	0.122179416849	0.144990302473	0.126356723003	0.11685540279	0.106021619448	0.136643442276	0.127712290282	0.140952726577	0.127394051654	0.133114962072	0.123139987266	0.126837162234	0.133165690512	0.13983356	0.129498257982	0.14023316539	0.121832098924	0.117909674476	0.106989701635	0.109568516741	0.142353785858	0.126364635153	0.135128666732	0.137950781622	0.132844474664	0.13565460758	0.137536062892	0.149832966561	0.159299592766	0.114668870703	0.137040289737	0.161242974021	0.150895122086	0.140108892547	0.144276722069	0.141489154012	0.129871124322	0.134555396458	0.147622231727	0.127288680938	0.151183158878	0.15247998336	0.132921542658	0.127335232293
159369152-tonguedorsum2.snv.bam	0.129298938972	0.16379236774	0.151083161562	0.148451625102	0.152450174795	0.125501603997	0.124639359334	0.139315022256	0.12473628289	0.110513835375	0.114819434488	0.127875489763	0.171723399614	0.171033568565	0.125460518493	0.134525559243	0.123666814969	0.0331139167483	0.0	0.137223666018	0.119791676318	0.11194182236	0.112424246667	0.157897262922	0.166222055291	0.13630131235	0.140122855067	0.136596247124	0.133942401081	0.136945652248	0.136377671247	0.114374609427	0.129127209765	0.129816146509	0.120493489504	0.113318990624	0.143466044295	0.168863290224	0.16366689018	0.12553100992	0.113638658214	0.12065387644	0.146622516028	0.165361626076	0.109343516664	0.111939932502	0.132665567004	0.125420597444	0.13417330004	0.146786065127	0.136984071681	0.124686085529	0.130358058169	0.123988647359	0.136168121024	0.113664722226	0.143461117188	0.129685301504	0.124338807484	0.15182099588	0.127359081844	0.143992658583	0.125100482495	0.160685369345	0.115510922174	0.116076742548	0.122985943165	0.141828169452	0.16086983843	0.100387802248	0.129683152225	0.12285009363	0.148982016662	0.131320669386	0.116831665619	0.104469662807	0.137551803218	0.130796169269	0.142388474548	0.129092483326	0.134114356934	0.125092236227	0.130139082573	0.139064066776	0.142458007428	0.133470981986	0.141116708499	0.121542948475	0.11771577733	0.106730465653	0.110903945057	0.146351027335	0.128988551019	0.13616906498	0.140454304624	0.133585288654	0.139063026952	0.141925037644	0.15242095269	0.162074592246	0.116186960782	0.140534045678	0.16727922924	0.155429855896	0.145340547435	0.142704037082	0.146908886518	0.130453519577	0.134983840944	0.148074252453	0.132787309144	0.15742326274	0.160242569846	0.132002351326	0.129784925555
159470302-tonguedorsum1.snv.bam	0.112599862794	0.153174338319	0.116978339634	0.123406420445	0.126709393952	0.117718551043	0.105175766591	0.0660759653376	0.115079611139	0.110621824978	0.115803350563	0.103180261999	0.166723521321	0.165277762437	0.108766107609	0.0983463856796	0.0947781095364	0.132939252701	0.137223666018	0.0	0.101095504177	0.12586906591	0.125841498825	0.159503980235	0.163337519458	0.140666335176	0.126446503629	0.0994952197192	0.110967489285	0.111114979861	0.111869864927	0.144947511645	0.144026638393	0.151981719373	0.105295034257	0.103682164429	0.0621275116561	0.163840459134	0.159576874467	0.122336541825	0.108652811446	0.113742003698	0.13012192003	0.164180821228	0.112180126449	0.118614616191	0.120834478039	0.129667856637	0.141475008452	0.153315104305	0.113898030218	0.0892865846123	0.0797150104639	0.0989064966683	0.0972319559585	0.122041216399	0.140852713879	0.140602335458	0.133838177637	0.153203950332	0.127517987881	0.137572117694	0.125363786811	0.156032211821	0.113126605935	0.0989640384189	0.0897966752839	0.138080563609	0.155806894978	0.120968286271	0.112303097442	0.0968251215367	0.137944004325	0.131071770274	0.119909982892	0.12028557692	0.134524478993	0.12933397237	0.136661056201	0.118363013327	0.1278015369	0.0989824487125	0.075802437379	0.0705906213546	0.142014850357	0.134618286821	0.141031111271	0.107365255776	0.105532197143	0.11259094476	0.112984380227	0.10988689097	0.112382297302	0.12938541679	0.120523976144	0.112765977503	0.115077786371	0.138843441784	0.148610498636	0.153084550753	0.112751147407	0.138158811516	0.147481549295	0.119564585899	0.112204841334	0.1358431402	0.140855616089	0.097128680836	0.103120458848	0.153828888658	0.0660634261481	0.145653607364	0.144985972141	0.125546270109	0.110084237867
