	103092734-palatinetonsils3.snv.bam	147406386-tonguedorsum3.snv.bam	158155345-tonguedorsum2.snv.bam	158256496-tonguedorsum2.snv.bam	158337416-tonguedorsum1.snv.bam	158458797-tonguedorsum1.snv.bam	158479027-tonguedorsum2.snv.bam	158499257-tonguedorsum2.snv.bam	158883629-tonguedorsum1.snv.bam	158883629-tonguedorsum3.snv.bam	158944319-tonguedorsum1.snv.bam	158944319-tonguedorsum3.snv.bam	159005010-tonguedorsum2.snv.bam	159207311-tonguedorsum2.snv.bam	159207311-tonguedorsum3.snv.bam	159227541-tonguedorsum2.snv.bam	159227541-tonguedorsum3.snv.bam	159247771-tonguedorsum2.snv.bam	159268001-tonguedorsum1.snv.bam	159268001-tonguedorsum2.snv.bam	159510762-tonguedorsum2.snv.bam	159551223-tonguedorsum1.snv.bam	159551223-tonguedorsum2.snv.bam	159571453-tonguedorsum1.snv.bam	159591683-tonguedorsum1.snv.bam	159611913-tonguedorsum1.snv.bam	159611913-tonguedorsum2.snv.bam	159632143-tonguedorsum1.snv.bam	159733294-tonguedorsum1.snv.bam	160178356-tonguedorsum2.snv.bam	160259276-tonguedorsum1.snv.bam	160319967-tonguedorsum2.snv.bam	160380657-tonguedorsum1.snv.bam	160400887-tonguedorsum1.snv.bam	160421117-tonguedorsum1.snv.bam	160421117-tonguedorsum2.snv.bam	160502038-tonguedorsum3.snv.bam	160582958-tonguedorsum1.snv.bam	160582958-tonguedorsum2.snv.bam	160582958-tonguedorsum3.snv.bam	160603188-tonguedorsum1.snv.bam	160603188-tonguedorsum2.snv.bam	160603188-tonguedorsum3.snv.bam	160643649-tonguedorsum1.snv.bam	160704339-tonguedorsum1.snv.bam	160765029-tonguedorsum1.snv.bam	160906640-tonguedorsum1.snv.bam	234447334-tonguedorsum2.snv.bam	246515023-tonguedorsum1.snv.bam	246515023-tonguedorsum2.snv.bam	370027359-palatinetonsils2.snv.bam	370027359-tonguedorsum3.snv.bam	375450439-tonguedorsum3.snv.bam	404239096-tonguedorsum1.snv.bam	508703490-tonguedorsum1.snv.bam	508703490-tonguedorsum2.snv.bam	550534656-tonguedorsum1.snv.bam	550534656-tonguedorsum2.snv.bam	550534656-tonguedorsum3.snv.bam	604812005-tonguedorsum3.snv.bam	638754422-tonguedorsum1.snv.bam	638754422-tonguedorsum2.snv.bam	638754422-tonguedorsum3.snv.bam	663835652-tonguedorsum2.snv.bam	663835652-tonguedorsum3.snv.bam	675950834-tonguedorsum1.snv.bam	675950834-tonguedorsum2.snv.bam	675950834-tonguedorsum3.snv.bam	682102541-tonguedorsum3.snv.bam	686765762-tonguedorsum3.snv.bam	706846339-tonguedorsum1.snv.bam	737052003-tonguedorsum1.snv.bam	737052003-tonguedorsum2.snv.bam	763395383-anteriornares3.snv.bam	763395383-palatinetonsils3.snv.bam	763395383-tonguedorsum3.snv.bam	763496533-palatinetonsils2.snv.bam	763496533-throat2.snv.bam	763496533-tonguedorsum2.snv.bam	763536994-tonguedorsum1.snv.bam	763536994-tonguedorsum2.snv.bam	763536994-tonguedorsum3.snv.bam	763577454-tonguedorsum1.snv.bam	763577454-tonguedorsum2.snv.bam	763759525-tonguedorsum2.snv.bam	763901136-tonguedorsum1.snv.bam	763901136-tonguedorsum2.snv.bam	763901136-tonguedorsum3.snv.bam	763961826-palatinetonsils2.snv.bam	763961826-saliva1.snv.bam	763961826-throat1.snv.bam	763961826-throat2.snv.bam	763961826-tonguedorsum1.snv.bam	763961826-tonguedorsum2.snv.bam	763982056-tonguedorsum1.snv.bam	763982056-tonguedorsum2.snv.bam	763982056-tonguedorsum3.snv.bam	764042746-tonguedorsum1.snv.bam	764042746-tonguedorsum2.snv.bam	764062976-tonguedorsum2.snv.bam	764083206-tonguedorsum1.snv.bam	764143897-tonguedorsum1.snv.bam	764143897-tonguedorsum2.snv.bam	764224817-tonguedorsum1.snv.bam	764285508-tonguedorsum1.snv.bam	764285508-tonguedorsum2.snv.bam	764305738-tonguedorsum1.snv.bam	764325968-tonguedorsum1.snv.bam	764325968-tonguedorsum2.snv.bam	764366428-throat2.snv.bam	764366428-tonguedorsum2.snv.bam	764447348-tonguedorsum1.snv.bam	764467579-palatinetonsils3.snv.bam	764467579-tonguedorsum3.snv.bam	764588959-tonguedorsum1.snv.bam	764588959-tonguedorsum2.snv.bam	764811490-tonguedorsum1.snv.bam	764811490-tonguedorsum2.snv.bam	764872181-tonguedorsum1.snv.bam	764892411-tonguedorsum2.snv.bam	765013792-tonguedorsum1.snv.bam	765013792-tonguedorsum2.snv.bam	765013792-tonguedorsum3.snv.bam	765034022-tonguedorsum1.snv.bam	765074482-tonguedorsum1.snv.bam	765074482-tonguedorsum3.snv.bam	765094712-tonguedorsum1.snv.bam	765094712-tonguedorsum2.snv.bam	765135172-tonguedorsum1.snv.bam	765155402-tonguedorsum3.snv.bam	765195863-palatinetonsils3.snv.bam	765195863-tonguedorsum3.snv.bam	765216093-tonguedorsum3.snv.bam	765337473-tonguedorsum3.snv.bam	765377934-palatinetonsils3.snv.bam	765377934-saliva3.snv.bam	765377934-tonguedorsum3.snv.bam	765560005-tonguedorsum1.snv.bam	765620695-tonguedorsum1.snv.bam	765640925-tonguedorsum1.snv.bam	765701615-tonguedorsum2.snv.bam	823052294-tonguedorsum1.snv.bam	823052294-tonguedorsum3.snv.bam	857980665-tonguedorsum2.snv.bam	857980665-tonguedorsum3.snv.bam	861967750-tonguedorsum1.snv.bam	861967750-tonguedorsum2.snv.bam	863126187-tonguedorsum3.snv.bam	NLM027.snv.bam	SAMEA3136681.snv.bam	V1.FI37.snv.bam
103092734-palatinetonsils3.snv.bam	0.0	0.0469135802469	0.0456790123457	0.037037037037	0.0592592592593	0.0493827160494	0.0345679012346	0.0469135802469	0.083950617284	0.0444444444444	0.0691358024691	0.0728395061728	0.0617283950617	0.0530864197531	0.0506172839506	0.0728395061728	0.0271604938272	0.1	0.0432098765432	0.0481481481481	0.0506172839506	0.0506172839506	0.062962962963	0.0320987654321	0.0679012345679	0.062962962963	0.0506172839506	0.062962962963	0.0320987654321	0.0432098765432	0.0975308641975	0.0444444444444	0.0950617283951	0.0358024691358	0.062962962963	0.0530864197531	0.107407407407	0.0296296296296	0.0333333333333	0.0271604938272	0.041975308642	0.0345679012346	0.0481481481481	0.0950617283951	0.0345679012346	0.0481481481481	0.0296296296296	0.0938271604938	0.0271604938272	0.0283950617284	0.0246913580247	0.0197530864198	0.041975308642	0.0358024691358	0.0493827160494	0.0641975308642	0.0259259259259	0.0259259259259	0.0271604938272	0.037037037037	0.0259259259259	0.0246913580247	0.0432098765432	0.123456790123	0.116049382716	0.0246913580247	0.0259259259259	0.0246913580247	0.0185185185185	0.0962962962963	0.0444444444444	0.0333333333333	0.0234567901235	0.0	0.0592592592593	0.0345679012346	0.0604938271605	0.0493827160494	0.0654320987654	0.0407407407407	0.0481481481481	0.0358024691358	0.0259259259259	0.0246913580247	0.0555555555556	0.0395061728395	0.0827160493827	0.0506172839506	0.0592592592593	0.0407407407407	0.0530864197531	0.0654320987654	0.041975308642	0.0271604938272	0.0506172839506	0.0456790123457	0.0444444444444	0.058024691358	0.0555555555556	0.0308641975309	0.0358024691358	0.0358024691358	0.0679012345679	0.0530864197531	0.0975308641975	0.0395061728395	0.0469135802469	0.0432098765432	0.0518518518519	0.0753086419753	0.0530864197531	0.0666666666667	0.0246913580247	0.0320987654321	0.0320987654321	0.0320987654321	0.0444444444444	0.0555555555556	0.0814814814815	0.0296296296296	0.083950617284	0.0555555555556	0.0308641975309	0.0283950617284	0.0617283950617	0.0382716049383	0.058024691358	0.0493827160494	0.0234567901235	0.0296296296296	0.0592592592593	0.037037037037	0.0271604938272	0.0777777777778	0.0555555555556	0.0493827160494	0.0407407407407	0.0456790123457	0.0530864197531	0.0543209876543	0.0506172839506	0.0444444444444	0.0308641975309	0.0456790123457	0.0469135802469	0.0246913580247	0.0382716049383	0.0222222222222	0.0506172839506	0.0876543209877	0.0567901234568
147406386-tonguedorsum3.snv.bam	0.0469135802469	0.0	0.020987654321	0.0296296296296	0.037037037037	0.041975308642	0.0333333333333	0.0246913580247	0.0703703703704	0.0296296296296	0.0567901234568	0.058024691358	0.0308641975309	0.037037037037	0.0382716049383	0.0728395061728	0.0148148148148	0.0802469135802	0.0234567901235	0.0358024691358	0.0506172839506	0.0382716049383	0.0518518518519	0.0185185185185	0.0320987654321	0.0567901234568	0.0358024691358	0.0530864197531	0.0222222222222	0.0358024691358	0.079012345679	0.0382716049383	0.0617283950617	0.0197530864198	0.0333333333333	0.0308641975309	0.0962962962963	0.0172839506173	0.0172839506173	0.0172839506173	0.00864197530864	0.0185185185185	0.0172839506173	0.0962962962963	0.0259259259259	0.0333333333333	0.00987654320988	0.079012345679	0.0111111111111	0.0185185185185	0.0135802469136	0.0197530864198	0.0148148148148	0.00740740740741	0.041975308642	0.0530864197531	0.016049382716	0.0222222222222	0.0234567901235	0.0271604938272	0.0111111111111	0.0197530864198	0.0283950617284	0.107407407407	0.0975308641975	0.0123456790123	0.0148148148148	0.0185185185185	0.0111111111111	0.0740740740741	0.0320987654321	0.0283950617284	0.0123456790123	0.0506172839506	0.0444444444444	0.016049382716	0.0975308641975	0.1	0.108641975309	0.0333333333333	0.0407407407407	0.0234567901235	0.016049382716	0.0148148148148	0.0185185185185	0.0222222222222	0.0555555555556	0.0358024691358	0.0358024691358	0.0148148148148	0.0197530864198	0.0320987654321	0.0222222222222	0.0172839506173	0.037037037037	0.0271604938272	0.0197530864198	0.0555555555556	0.0555555555556	0.0234567901235	0.0358024691358	0.0283950617284	0.0543209876543	0.0543209876543	0.0777777777778	0.020987654321	0.0259259259259	0.0358024691358	0.0259259259259	0.0567901234568	0.0320987654321	0.0592592592593	0.0185185185185	0.0234567901235	0.0185185185185	0.0148148148148	0.0246913580247	0.016049382716	0.0679012345679	0.0148148148148	0.058024691358	0.0530864197531	0.0333333333333	0.0246913580247	0.0469135802469	0.0148148148148	0.079012345679	0.0481481481481	0.020987654321	0.00864197530864	0.0395061728395	0.0308641975309	0.00987654320988	0.0530864197531	0.0382716049383	0.0345679012346	0.0283950617284	0.0234567901235	0.0345679012346	0.0320987654321	0.0308641975309	0.0037037037037	0.00246913580247	0.016049382716	0.0222222222222	0.0296296296296	0.0333333333333	0.0197530864198	0.0469135802469	0.0740740740741	0.0691358024691
158155345-tonguedorsum2.snv.bam	0.0456790123457	0.020987654321	0.0	0.00617283950617	0.0333333333333	0.0271604938272	0.0283950617284	0.0308641975309	0.062962962963	0.0148148148148	0.037037037037	0.0493827160494	0.0308641975309	0.0407407407407	0.0382716049383	0.0617283950617	0.0185185185185	0.0740740740741	0.0148148148148	0.0234567901235	0.0407407407407	0.0320987654321	0.0432098765432	0.0148148148148	0.037037037037	0.0333333333333	0.0283950617284	0.0469135802469	0.020987654321	0.0246913580247	0.0654320987654	0.0234567901235	0.0691358024691	0.0111111111111	0.0296296296296	0.0246913580247	0.0777777777778	0.016049382716	0.016049382716	0.0123456790123	0.0111111111111	0.0185185185185	0.0222222222222	0.0765432098765	0.0172839506173	0.0222222222222	0.0123456790123	0.0641975308642	0.0123456790123	0.0148148148148	0.0172839506173	0.0148148148148	0.0148148148148	0.0148148148148	0.0234567901235	0.0395061728395	0.0123456790123	0.0135802469136	0.0135802469136	0.0283950617284	0.00617283950617	0.00617283950617	0.0222222222222	0.107407407407	0.0938271604938	0.0111111111111	0.00864197530864	0.0135802469136	0.00617283950617	0.0679012345679	0.0271604938272	0.0271604938272	0.0197530864198	0.0444444444444	0.0518518518519	0.00987654320988	0.0765432098765	0.0679012345679	0.0814814814815	0.0259259259259	0.0395061728395	0.0283950617284	0.0197530864198	0.0135802469136	0.0222222222222	0.0123456790123	0.0469135802469	0.0296296296296	0.0345679012346	0.0148148148148	0.0271604938272	0.0358024691358	0.0246913580247	0.0123456790123	0.0234567901235	0.0234567901235	0.0222222222222	0.0444444444444	0.0481481481481	0.0135802469136	0.0197530864198	0.0185185185185	0.0506172839506	0.0456790123457	0.0604938271605	0.0345679012346	0.0111111111111	0.0185185185185	0.0234567901235	0.0493827160494	0.0308641975309	0.0518518518519	0.0135802469136	0.0259259259259	0.0172839506173	0.0135802469136	0.0185185185185	0.0234567901235	0.0567901234568	0.0135802469136	0.0641975308642	0.037037037037	0.0172839506173	0.0148148148148	0.0432098765432	0.0197530864198	0.0827160493827	0.0481481481481	0.0197530864198	0.0135802469136	0.0345679012346	0.0222222222222	0.0123456790123	0.0444444444444	0.0358024691358	0.0382716049383	0.0259259259259	0.0271604938272	0.0382716049383	0.0333333333333	0.0259259259259	0.016049382716	0.00740740740741	0.016049382716	0.0222222222222	0.0296296296296	0.0308641975309	0.016049382716	0.0308641975309	0.0716049382716	0.0395061728395
158256496-tonguedorsum2.snv.bam	0.037037037037	0.0296296296296	0.00617283950617	0.0	0.0382716049383	0.0395061728395	0.0296296296296	0.0296296296296	0.0691358024691	0.016049382716	0.0395061728395	0.0530864197531	0.0407407407407	0.0407407407407	0.0456790123457	0.0481481481481	0.0222222222222	0.0802469135802	0.020987654321	0.0308641975309	0.0444444444444	0.0382716049383	0.0530864197531	0.0185185185185	0.0407407407407	0.041975308642	0.041975308642	0.0506172839506	0.0271604938272	0.0345679012346	0.0641975308642	0.0296296296296	0.0740740740741	0.016049382716	0.0345679012346	0.037037037037	0.0876543209877	0.0135802469136	0.0135802469136	0.0172839506173	0.0172839506173	0.0148148148148	0.020987654321	0.0814814814815	0.0259259259259	0.0320987654321	0.0197530864198	0.0777777777778	0.0123456790123	0.0222222222222	0.0234567901235	0.016049382716	0.0271604938272	0.0197530864198	0.0382716049383	0.0617283950617	0.0135802469136	0.0135802469136	0.0197530864198	0.0259259259259	0.0148148148148	0.00987654320988	0.0320987654321	0.114814814815	0.103703703704	0.0135802469136	0.0123456790123	0.016049382716	0.00987654320988	0.0691358024691	0.0308641975309	0.0320987654321	0.0222222222222	0.041975308642	0.0518518518519	0.0172839506173	0.0888888888889	0.0765432098765	0.0938271604938	0.0296296296296	0.0469135802469	0.0246913580247	0.0222222222222	0.016049382716	0.0246913580247	0.0185185185185	0.0493827160494	0.0333333333333	0.041975308642	0.0234567901235	0.0271604938272	0.0358024691358	0.0271604938272	0.0148148148148	0.0333333333333	0.0358024691358	0.0271604938272	0.0320987654321	0.0358024691358	0.0222222222222	0.0259259259259	0.0222222222222	0.0543209876543	0.0493827160494	0.0740740740741	0.0444444444444	0.016049382716	0.0259259259259	0.0333333333333	0.0530864197531	0.0345679012346	0.0469135802469	0.0123456790123	0.0296296296296	0.016049382716	0.016049382716	0.020987654321	0.0308641975309	0.0592592592593	0.016049382716	0.0654320987654	0.0469135802469	0.0296296296296	0.0185185185185	0.0320987654321	0.0246913580247	0.0728395061728	0.0493827160494	0.0197530864198	0.0246913580247	0.0407407407407	0.0185185185185	0.020987654321	0.0641975308642	0.0407407407407	0.0296296296296	0.0246913580247	0.0333333333333	0.0432098765432	0.0358024691358	0.0345679012346	0.0222222222222	0.016049382716	0.0148148148148	0.0185185185185	0.0333333333333	0.0382716049383	0.0185185185185	0.0320987654321	0.0827160493827	0.0506172839506
158337416-tonguedorsum1.snv.bam	0.0592592592593	0.037037037037	0.0333333333333	0.0382716049383	0.0	0.0518518518519	0.0308641975309	0.0432098765432	0.0950617283951	0.0444444444444	0.058024691358	0.0654320987654	0.0530864197531	0.0691358024691	0.0666666666667	0.0716049382716	0.041975308642	0.1	0.0358024691358	0.0456790123457	0.0604938271605	0.0506172839506	0.0641975308642	0.0358024691358	0.0481481481481	0.0641975308642	0.0518518518519	0.0567901234568	0.0444444444444	0.0407407407407	0.0851851851852	0.0506172839506	0.0827160493827	0.0320987654321	0.037037037037	0.0148148148148	0.0950617283951	0.0444444444444	0.0358024691358	0.0296296296296	0.0407407407407	0.0395061728395	0.0382716049383	0.0938271604938	0.0432098765432	0.0493827160494	0.0345679012346	0.0753086419753	0.0283950617284	0.0358024691358	0.0296296296296	0.0345679012346	0.0432098765432	0.0345679012346	0.0481481481481	0.0666666666667	0.0296296296296	0.0320987654321	0.0308641975309	0.0345679012346	0.0197530864198	0.0271604938272	0.041975308642	0.125925925926	0.116049382716	0.0333333333333	0.0333333333333	0.037037037037	0.0345679012346	0.083950617284	0.0395061728395	0.0333333333333	0.037037037037	0.0666666666667	0.0654320987654	0.0382716049383	0.10987654321	0.1	0.114814814815	0.0506172839506	0.0604938271605	0.041975308642	0.0493827160494	0.0382716049383	0.0246913580247	0.0308641975309	0.0506172839506	0.0444444444444	0.0444444444444	0.0382716049383	0.041975308642	0.0407407407407	0.0469135802469	0.0296296296296	0.0604938271605	0.0469135802469	0.0407407407407	0.0679012345679	0.0691358024691	0.0382716049383	0.0308641975309	0.0320987654321	0.0543209876543	0.0506172839506	0.0987654320988	0.0592592592593	0.041975308642	0.0308641975309	0.0308641975309	0.0654320987654	0.0456790123457	0.0703703703704	0.0358024691358	0.0481481481481	0.0345679012346	0.0333333333333	0.0320987654321	0.0345679012346	0.0716049382716	0.0320987654321	0.0530864197531	0.0679012345679	0.0456790123457	0.037037037037	0.0567901234568	0.0271604938272	0.0864197530864	0.0506172839506	0.0283950617284	0.0345679012346	0.0518518518519	0.0308641975309	0.0432098765432	0.0753086419753	0.0666666666667	0.0617283950617	0.0567901234568	0.0493827160494	0.0716049382716	0.0444444444444	0.0320987654321	0.0234567901235	0.0259259259259	0.041975308642	0.0456790123457	0.0481481481481	0.0530864197531	0.0481481481481	0.058024691358	0.0938271604938	0.0617283950617
158458797-tonguedorsum1.snv.bam	0.0493827160494	0.041975308642	0.0271604938272	0.0395061728395	0.0518518518519	0.0	0.041975308642	0.0456790123457	0.0888888888889	0.0333333333333	0.0555555555556	0.0617283950617	0.0617283950617	0.0654320987654	0.0592592592593	0.0691358024691	0.0197530864198	0.104938271605	0.0444444444444	0.0432098765432	0.062962962963	0.0444444444444	0.0567901234568	0.0333333333333	0.0592592592593	0.0728395061728	0.0567901234568	0.062962962963	0.0246913580247	0.0493827160494	0.0827160493827	0.037037037037	0.0740740740741	0.0308641975309	0.058024691358	0.0518518518519	0.0975308641975	0.0283950617284	0.0333333333333	0.0259259259259	0.0296296296296	0.0333333333333	0.0395061728395	0.0975308641975	0.0320987654321	0.0518518518519	0.0283950617284	0.079012345679	0.0234567901235	0.0283950617284	0.0296296296296	0.0296296296296	0.037037037037	0.0395061728395	0.0444444444444	0.0617283950617	0.0222222222222	0.0320987654321	0.0283950617284	0.0333333333333	0.0234567901235	0.020987654321	0.0308641975309	0.133333333333	0.11975308642	0.0246913580247	0.0234567901235	0.0259259259259	0.0222222222222	0.0864197530864	0.0382716049383	0.0345679012346	0.0345679012346	0.0654320987654	0.0765432098765	0.041975308642	0.0962962962963	0.0888888888889	0.111111111111	0.0345679012346	0.0456790123457	0.0234567901235	0.0358024691358	0.0308641975309	0.0432098765432	0.041975308642	0.0802469135802	0.0518518518519	0.0543209876543	0.037037037037	0.0506172839506	0.0604938271605	0.0432098765432	0.0246913580247	0.0444444444444	0.0432098765432	0.0345679012346	0.058024691358	0.0506172839506	0.0345679012346	0.0407407407407	0.0382716049383	0.0716049382716	0.0506172839506	0.0864197530864	0.0493827160494	0.037037037037	0.041975308642	0.0481481481481	0.0654320987654	0.041975308642	0.0604938271605	0.0296296296296	0.037037037037	0.0382716049383	0.0320987654321	0.0432098765432	0.0543209876543	0.0530864197531	0.0246913580247	0.0728395061728	0.0481481481481	0.0308641975309	0.0271604938272	0.0666666666667	0.0345679012346	0.0901234567901	0.0592592592593	0.0308641975309	0.0234567901235	0.0654320987654	0.0481481481481	0.0358024691358	0.0518518518519	0.0481481481481	0.0518518518519	0.0382716049383	0.0382716049383	0.0456790123457	0.0518518518519	0.0456790123457	0.0259259259259	0.0296296296296	0.0407407407407	0.0432098765432	0.0333333333333	0.0333333333333	0.0283950617284	0.041975308642	0.0691358024691	0.079012345679
158479027-tonguedorsum2.snv.bam	0.0345679012346	0.0333333333333	0.0283950617284	0.0296296296296	0.0308641975309	0.041975308642	0.0	0.0345679012346	0.0753086419753	0.0320987654321	0.0481481481481	0.0567901234568	0.0456790123457	0.062962962963	0.0481481481481	0.0654320987654	0.0345679012346	0.0888888888889	0.020987654321	0.0333333333333	0.0506172839506	0.0481481481481	0.0567901234568	0.0148148148148	0.0469135802469	0.0543209876543	0.0358024691358	0.0604938271605	0.0308641975309	0.0222222222222	0.0851851851852	0.0333333333333	0.079012345679	0.0222222222222	0.0308641975309	0.0197530864198	0.0975308641975	0.0234567901235	0.0222222222222	0.0259259259259	0.0259259259259	0.0185185185185	0.0197530864198	0.0851851851852	0.0246913580247	0.0407407407407	0.0135802469136	0.0740740740741	0.0148148148148	0.0172839506173	0.0246913580247	0.0135802469136	0.0333333333333	0.0283950617284	0.0481481481481	0.0679012345679	0.0222222222222	0.0185185185185	0.0172839506173	0.00740740740741	0.0148148148148	0.0172839506173	0.0320987654321	0.113580246914	0.1	0.0123456790123	0.0123456790123	0.0185185185185	0.0148148148148	0.0814814814815	0.0333333333333	0.0234567901235	0.0148148148148	0.041975308642	0.0444444444444	0.0185185185185	0.0864197530864	0.0814814814815	0.0925925925926	0.0246913580247	0.0456790123457	0.0271604938272	0.0222222222222	0.020987654321	0.0234567901235	0.0259259259259	0.0530864197531	0.0395061728395	0.0296296296296	0.020987654321	0.0296296296296	0.0407407407407	0.0259259259259	0.0197530864198	0.0432098765432	0.0395061728395	0.0296296296296	0.058024691358	0.0469135802469	0.0259259259259	0.0296296296296	0.0111111111111	0.041975308642	0.0493827160494	0.0913580246914	0.0407407407407	0.0271604938272	0.0259259259259	0.0296296296296	0.0395061728395	0.0308641975309	0.0518518518519	0.016049382716	0.0333333333333	0.0246913580247	0.0283950617284	0.0283950617284	0.041975308642	0.0592592592593	0.0135802469136	0.041975308642	0.041975308642	0.0283950617284	0.0234567901235	0.0456790123457	0.020987654321	0.062962962963	0.0382716049383	0.0197530864198	0.0234567901235	0.0469135802469	0.0271604938272	0.0259259259259	0.0666666666667	0.0481481481481	0.0456790123457	0.0382716049383	0.0382716049383	0.0493827160494	0.041975308642	0.0382716049383	0.0222222222222	0.0222222222222	0.0345679012346	0.0333333333333	0.0296296296296	0.037037037037	0.0259259259259	0.0518518518519	0.0716049382716	0.0481481481481
158499257-tonguedorsum2.snv.bam	0.0469135802469	0.0246913580247	0.0308641975309	0.0296296296296	0.0432098765432	0.0456790123457	0.0345679012346	0.0	0.0753086419753	0.0358024691358	0.0308641975309	0.0456790123457	0.0333333333333	0.0432098765432	0.0456790123457	0.0444444444444	0.020987654321	0.0691358024691	0.0259259259259	0.0308641975309	0.0481481481481	0.0407407407407	0.0617283950617	0.0172839506173	0.0358024691358	0.041975308642	0.0345679012346	0.0456790123457	0.0259259259259	0.0395061728395	0.0728395061728	0.0283950617284	0.0851851851852	0.0222222222222	0.0308641975309	0.0271604938272	0.0765432098765	0.0259259259259	0.020987654321	0.020987654321	0.0185185185185	0.0197530864198	0.0259259259259	0.0876543209877	0.0234567901235	0.0345679012346	0.0172839506173	0.0617283950617	0.020987654321	0.0234567901235	0.0271604938272	0.0234567901235	0.0246913580247	0.0197530864198	0.0444444444444	0.0543209876543	0.0197530864198	0.020987654321	0.0222222222222	0.0320987654321	0.016049382716	0.0185185185185	0.0345679012346	0.106172839506	0.0962962962963	0.0172839506173	0.0271604938272	0.0222222222222	0.0185185185185	0.0691358024691	0.016049382716	0.0333333333333	0.0259259259259	0.0543209876543	0.062962962963	0.0271604938272	0.079012345679	0.079012345679	0.0925925925926	0.0185185185185	0.0320987654321	0.0135802469136	0.0283950617284	0.0246913580247	0.0234567901235	0.0222222222222	0.0481481481481	0.0333333333333	0.0469135802469	0.0271604938272	0.0444444444444	0.0469135802469	0.0358024691358	0.0197530864198	0.041975308642	0.0456790123457	0.037037037037	0.0567901234568	0.0506172839506	0.0271604938272	0.0358024691358	0.0296296296296	0.0493827160494	0.0617283950617	0.0802469135802	0.0395061728395	0.0382716049383	0.0345679012346	0.0246913580247	0.0703703703704	0.0432098765432	0.0654320987654	0.020987654321	0.0259259259259	0.020987654321	0.0222222222222	0.0259259259259	0.0246913580247	0.0592592592593	0.0172839506173	0.0604938271605	0.0493827160494	0.0296296296296	0.0197530864198	0.0469135802469	0.0148148148148	0.0728395061728	0.0518518518519	0.0197530864198	0.0123456790123	0.0456790123457	0.0308641975309	0.0197530864198	0.0592592592593	0.037037037037	0.0358024691358	0.0283950617284	0.0234567901235	0.0382716049383	0.0283950617284	0.0395061728395	0.00864197530864	0.00987654320988	0.0308641975309	0.0320987654321	0.037037037037	0.0320987654321	0.0234567901235	0.0444444444444	0.0691358024691	0.0691358024691
158883629-tonguedorsum1.snv.bam	0.083950617284	0.0703703703704	0.062962962963	0.0691358024691	0.0950617283951	0.0888888888889	0.0753086419753	0.0753086419753	0.0	0.0296296296296	0.083950617284	0.0987654320988	0.0802469135802	0.0938271604938	0.0888888888889	0.0938271604938	0.0555555555556	0.122222222222	0.0740740740741	0.0654320987654	0.0925925925926	0.0728395061728	0.083950617284	0.0666666666667	0.0864197530864	0.102469135802	0.0827160493827	0.0987654320988	0.0765432098765	0.0666666666667	0.108641975309	0.0493827160494	0.107407407407	0.0703703703704	0.0888888888889	0.079012345679	0.127160493827	0.0604938271605	0.0617283950617	0.0506172839506	0.0543209876543	0.0679012345679	0.079012345679	0.130864197531	0.0679012345679	0.0802469135802	0.0506172839506	0.112345679012	0.0555555555556	0.0567901234568	0.0592592592593	0.0592592592593	0.0679012345679	0.0691358024691	0.0802469135802	0.0987654320988	0.0493827160494	0.0604938271605	0.0518518518519	0.0555555555556	0.058024691358	0.0530864197531	0.0666666666667	0.138271604938	0.128395061728	0.0567901234568	0.058024691358	0.0703703703704	0.0506172839506	0.125925925926	0.0679012345679	0.0716049382716	0.058024691358	0.0962962962963	0.0938271604938	0.0641975308642	0.122222222222	0.116049382716	0.124691358025	0.0703703703704	0.0950617283951	0.0666666666667	0.0679012345679	0.0617283950617	0.0765432098765	0.0679012345679	0.112345679012	0.0802469135802	0.0851851851852	0.0604938271605	0.0753086419753	0.0851851851852	0.0654320987654	0.0617283950617	0.0728395061728	0.0666666666667	0.0703703703704	0.0864197530864	0.0950617283951	0.0716049382716	0.0703703703704	0.0679012345679	0.0975308641975	0.0654320987654	0.106172839506	0.0864197530864	0.0666666666667	0.0814814814815	0.079012345679	0.113580246914	0.0814814814815	0.103703703704	0.0617283950617	0.0679012345679	0.0604938271605	0.0592592592593	0.0827160493827	0.083950617284	0.106172839506	0.0604938271605	0.108641975309	0.0888888888889	0.0691358024691	0.062962962963	0.0864197530864	0.0654320987654	0.11975308642	0.0975308641975	0.0691358024691	0.0567901234568	0.0765432098765	0.0740740740741	0.062962962963	0.0938271604938	0.0691358024691	0.0753086419753	0.058024691358	0.0765432098765	0.0901234567901	0.0851851851852	0.0703703703704	0.0691358024691	0.0567901234568	0.0691358024691	0.0765432098765	0.0703703703704	0.0728395061728	0.0592592592593	0.062962962963	0.104938271605	0.117283950617
158883629-tonguedorsum3.snv.bam	0.0444444444444	0.0296296296296	0.0148148148148	0.016049382716	0.0444444444444	0.0333333333333	0.0320987654321	0.0358024691358	0.0296296296296	0.0	0.0407407407407	0.0444444444444	0.0246913580247	0.0444444444444	0.0308641975309	0.0518518518519	0.0172839506173	0.0851851851852	0.0197530864198	0.0222222222222	0.0469135802469	0.0333333333333	0.0518518518519	0.0148148148148	0.0395061728395	0.0469135802469	0.0320987654321	0.0432098765432	0.0259259259259	0.0283950617284	0.0604938271605	0.016049382716	0.0567901234568	0.0283950617284	0.0382716049383	0.0456790123457	0.0753086419753	0.016049382716	0.0246913580247	0.020987654321	0.0185185185185	0.0234567901235	0.0259259259259	0.0938271604938	0.0308641975309	0.0358024691358	0.0135802469136	0.0703703703704	0.0148148148148	0.016049382716	0.0259259259259	0.0197530864198	0.0296296296296	0.0246913580247	0.0407407407407	0.0555555555556	0.0172839506173	0.0246913580247	0.020987654321	0.0259259259259	0.0148148148148	0.0148148148148	0.0296296296296	0.0962962962963	0.0876543209877	0.0111111111111	0.0135802469136	0.0172839506173	0.00987654320988	0.0814814814815	0.0246913580247	0.0246913580247	0.0259259259259	0.0592592592593	0.0493827160494	0.0197530864198	0.0814814814815	0.0802469135802	0.083950617284	0.0296296296296	0.0345679012346	0.0197530864198	0.0172839506173	0.016049382716	0.0320987654321	0.0234567901235	0.0592592592593	0.0382716049383	0.0456790123457	0.0197530864198	0.037037037037	0.0444444444444	0.0283950617284	0.020987654321	0.0271604938272	0.0283950617284	0.0246913580247	0.0358024691358	0.0382716049383	0.0246913580247	0.0259259259259	0.0259259259259	0.0555555555556	0.0469135802469	0.0691358024691	0.0382716049383	0.0148148148148	0.0320987654321	0.0308641975309	0.0691358024691	0.0395061728395	0.0481481481481	0.0259259259259	0.0308641975309	0.0271604938272	0.0222222222222	0.0320987654321	0.0345679012346	0.0481481481481	0.0123456790123	0.062962962963	0.0345679012346	0.0111111111111	0.020987654321	0.0518518518519	0.0222222222222	0.0777777777778	0.0493827160494	0.0296296296296	0.0185185185185	0.0320987654321	0.0222222222222	0.020987654321	0.0456790123457	0.0358024691358	0.0456790123457	0.0296296296296	0.0296296296296	0.0407407407407	0.0345679012346	0.0382716049383	0.0197530864198	0.0135802469136	0.016049382716	0.0172839506173	0.0345679012346	0.0308641975309	0.0197530864198	0.0246913580247	0.0740740740741	0.0543209876543
158944319-tonguedorsum1.snv.bam	0.0691358024691	0.0567901234568	0.037037037037	0.0395061728395	0.058024691358	0.0555555555556	0.0481481481481	0.0308641975309	0.083950617284	0.0407407407407	0.0	0.0271604938272	0.0555555555556	0.0728395061728	0.0703703703704	0.0654320987654	0.0320987654321	0.112345679012	0.020987654321	0.0123456790123	0.062962962963	0.0530864197531	0.0679012345679	0.037037037037	0.0604938271605	0.0555555555556	0.0493827160494	0.0691358024691	0.041975308642	0.0481481481481	0.0962962962963	0.0382716049383	0.0753086419753	0.0407407407407	0.0604938271605	0.058024691358	0.104938271605	0.037037037037	0.041975308642	0.0320987654321	0.0395061728395	0.0432098765432	0.0456790123457	0.104938271605	0.0518518518519	0.0518518518519	0.0432098765432	0.0901234567901	0.0358024691358	0.0382716049383	0.0469135802469	0.0395061728395	0.0382716049383	0.0481481481481	0.058024691358	0.0765432098765	0.0320987654321	0.0320987654321	0.0320987654321	0.0432098765432	0.0358024691358	0.0185185185185	0.0543209876543	0.114814814815	0.107407407407	0.0308641975309	0.0395061728395	0.0432098765432	0.0283950617284	0.0753086419753	0.0358024691358	0.0543209876543	0.0444444444444	0.0765432098765	0.0814814814815	0.0469135802469	0.117283950617	0.114814814815	0.127160493827	0.0432098765432	0.058024691358	0.0395061728395	0.0456790123457	0.0358024691358	0.0604938271605	0.0296296296296	0.0728395061728	0.0493827160494	0.0679012345679	0.0481481481481	0.0679012345679	0.0679012345679	0.0567901234568	0.0345679012346	0.0518518518519	0.0530864197531	0.0543209876543	0.0716049382716	0.0753086419753	0.0506172839506	0.0481481481481	0.0456790123457	0.0827160493827	0.0530864197531	0.102469135802	0.0654320987654	0.0432098765432	0.0456790123457	0.0506172839506	0.0901234567901	0.0716049382716	0.0851851851852	0.0382716049383	0.0493827160494	0.0481481481481	0.0407407407407	0.0481481481481	0.0567901234568	0.0679012345679	0.0382716049383	0.0851851851852	0.0654320987654	0.0358024691358	0.0296296296296	0.0716049382716	0.0444444444444	0.102469135802	0.0716049382716	0.0345679012346	0.0345679012346	0.058024691358	0.0543209876543	0.0432098765432	0.0728395061728	0.0518518518519	0.0543209876543	0.0432098765432	0.0506172839506	0.0703703703704	0.0555555555556	0.037037037037	0.0395061728395	0.0345679012346	0.0469135802469	0.0530864197531	0.0518518518519	0.0481481481481	0.0395061728395	0.0506172839506	0.0888888888889	0.0703703703704
158944319-tonguedorsum3.snv.bam	0.0728395061728	0.058024691358	0.0493827160494	0.0530864197531	0.0654320987654	0.0617283950617	0.0567901234568	0.0456790123457	0.0987654320988	0.0444444444444	0.0271604938272	0.0	0.0567901234568	0.0679012345679	0.0666666666667	0.0728395061728	0.0345679012346	0.113580246914	0.0407407407407	0.037037037037	0.0604938271605	0.0530864197531	0.0703703703704	0.0407407407407	0.0592592592593	0.0728395061728	0.0518518518519	0.0641975308642	0.0456790123457	0.0617283950617	0.0962962962963	0.0481481481481	0.0864197530864	0.0493827160494	0.0703703703704	0.0654320987654	0.0950617283951	0.0407407407407	0.0382716049383	0.0395061728395	0.0407407407407	0.0444444444444	0.0506172839506	0.111111111111	0.0506172839506	0.058024691358	0.0530864197531	0.0913580246914	0.0395061728395	0.041975308642	0.0493827160494	0.0407407407407	0.0530864197531	0.0543209876543	0.062962962963	0.0901234567901	0.0358024691358	0.0382716049383	0.0345679012346	0.0481481481481	0.041975308642	0.0358024691358	0.0530864197531	0.113580246914	0.106172839506	0.041975308642	0.0444444444444	0.0543209876543	0.0395061728395	0.079012345679	0.0469135802469	0.0530864197531	0.0407407407407	0.0876543209877	0.0851851851852	0.0469135802469	0.111111111111	0.10987654321	0.120987654321	0.0493827160494	0.0567901234568	0.0469135802469	0.0555555555556	0.0320987654321	0.0604938271605	0.0395061728395	0.0691358024691	0.0530864197531	0.0740740740741	0.0555555555556	0.0716049382716	0.0691358024691	0.0617283950617	0.0493827160494	0.0543209876543	0.0543209876543	0.0567901234568	0.0851851851852	0.083950617284	0.0469135802469	0.0518518518519	0.0506172839506	0.0888888888889	0.0604938271605	0.104938271605	0.0617283950617	0.0481481481481	0.058024691358	0.0592592592593	0.104938271605	0.0753086419753	0.0901234567901	0.0493827160494	0.0530864197531	0.0481481481481	0.0456790123457	0.0592592592593	0.0617283950617	0.0765432098765	0.0432098765432	0.0913580246914	0.0691358024691	0.0345679012346	0.0382716049383	0.0753086419753	0.0456790123457	0.0975308641975	0.0765432098765	0.0469135802469	0.0395061728395	0.0604938271605	0.0604938271605	0.0469135802469	0.0814814814815	0.0641975308642	0.0641975308642	0.058024691358	0.0530864197531	0.079012345679	0.0567901234568	0.0555555555556	0.0481481481481	0.0432098765432	0.058024691358	0.0604938271605	0.0592592592593	0.0592592592593	0.0469135802469	0.0592592592593	0.0913580246914	0.0777777777778
159005010-tonguedorsum2.snv.bam	0.0617283950617	0.0308641975309	0.0308641975309	0.0407407407407	0.0530864197531	0.0617283950617	0.0456790123457	0.0333333333333	0.0802469135802	0.0246913580247	0.0555555555556	0.0567901234568	0.0	0.0592592592593	0.0358024691358	0.0469135802469	0.0172839506173	0.0679012345679	0.0283950617284	0.0345679012346	0.0567901234568	0.0407407407407	0.0592592592593	0.0222222222222	0.0456790123457	0.0456790123457	0.0432098765432	0.0456790123457	0.0358024691358	0.0444444444444	0.0716049382716	0.0271604938272	0.0679012345679	0.0308641975309	0.041975308642	0.0444444444444	0.0975308641975	0.0222222222222	0.0234567901235	0.0246913580247	0.0259259259259	0.0271604938272	0.0271604938272	0.0901234567901	0.041975308642	0.0345679012346	0.0172839506173	0.0716049382716	0.0246913580247	0.0234567901235	0.0259259259259	0.0259259259259	0.0345679012346	0.0283950617284	0.0493827160494	0.0641975308642	0.0185185185185	0.020987654321	0.0234567901235	0.0395061728395	0.0246913580247	0.0234567901235	0.037037037037	0.1	0.0925925925926	0.0222222222222	0.020987654321	0.0333333333333	0.0197530864198	0.079012345679	0.0222222222222	0.037037037037	0.0271604938272	0.0740740740741	0.0518518518519	0.0283950617284	0.102469135802	0.106172839506	0.114814814815	0.0456790123457	0.0407407407407	0.0283950617284	0.0246913580247	0.0185185185185	0.0345679012346	0.0345679012346	0.0716049382716	0.0456790123457	0.0604938271605	0.0333333333333	0.0432098765432	0.0543209876543	0.0432098765432	0.0320987654321	0.0444444444444	0.0444444444444	0.0296296296296	0.062962962963	0.058024691358	0.0283950617284	0.0407407407407	0.0395061728395	0.0740740740741	0.0530864197531	0.0814814814815	0.0493827160494	0.0407407407407	0.0358024691358	0.0296296296296	0.0765432098765	0.0518518518519	0.0654320987654	0.0296296296296	0.0333333333333	0.0345679012346	0.0222222222222	0.0358024691358	0.0382716049383	0.0641975308642	0.020987654321	0.0814814814815	0.0555555555556	0.0320987654321	0.0246913580247	0.0444444444444	0.0296296296296	0.0888888888889	0.0617283950617	0.0395061728395	0.0271604938272	0.0456790123457	0.0395061728395	0.0197530864198	0.0654320987654	0.0493827160494	0.041975308642	0.0320987654321	0.0395061728395	0.0506172839506	0.0469135802469	0.0481481481481	0.0271604938272	0.020987654321	0.0345679012346	0.0407407407407	0.0432098765432	0.0395061728395	0.0259259259259	0.0456790123457	0.0827160493827	0.0679012345679
159207311-tonguedorsum2.snv.bam	0.0530864197531	0.037037037037	0.0407407407407	0.0407407407407	0.0691358024691	0.0654320987654	0.062962962963	0.0432098765432	0.0938271604938	0.0444444444444	0.0728395061728	0.0679012345679	0.0592592592593	0.0	0.020987654321	0.0728395061728	0.0444444444444	0.108641975309	0.0555555555556	0.0543209876543	0.0641975308642	0.0641975308642	0.0666666666667	0.0506172839506	0.0604938271605	0.0777777777778	0.058024691358	0.062962962963	0.0407407407407	0.0604938271605	0.0938271604938	0.0543209876543	0.0888888888889	0.0444444444444	0.0691358024691	0.0641975308642	0.101234567901	0.037037037037	0.0395061728395	0.037037037037	0.0407407407407	0.0469135802469	0.0530864197531	0.102469135802	0.0555555555556	0.062962962963	0.0333333333333	0.0987654320988	0.0345679012346	0.041975308642	0.0382716049383	0.041975308642	0.0444444444444	0.037037037037	0.0617283950617	0.0851851851852	0.037037037037	0.041975308642	0.0444444444444	0.0555555555556	0.0395061728395	0.041975308642	0.0506172839506	0.133333333333	0.122222222222	0.0407407407407	0.0481481481481	0.0493827160494	0.0382716049383	0.0864197530864	0.0567901234568	0.0567901234568	0.0543209876543	0.0555555555556	0.0753086419753	0.0432098765432	0.103703703704	0.0975308641975	0.111111111111	0.0481481481481	0.0567901234568	0.0444444444444	0.0530864197531	0.0432098765432	0.0592592592593	0.0518518518519	0.079012345679	0.0679012345679	0.0654320987654	0.0518518518519	0.0592592592593	0.0691358024691	0.0592592592593	0.0456790123457	0.0333333333333	0.0358024691358	0.0395061728395	0.0666666666667	0.0666666666667	0.041975308642	0.058024691358	0.0469135802469	0.0777777777778	0.0567901234568	0.0925925925926	0.0543209876543	0.0530864197531	0.0555555555556	0.0543209876543	0.103703703704	0.0777777777778	0.0901234567901	0.037037037037	0.0444444444444	0.0345679012346	0.0271604938272	0.0530864197531	0.0555555555556	0.0827160493827	0.0382716049383	0.0864197530864	0.0814814814815	0.0567901234568	0.0481481481481	0.0666666666667	0.0432098765432	0.0851851851852	0.062962962963	0.0456790123457	0.0395061728395	0.0555555555556	0.0543209876543	0.0283950617284	0.0765432098765	0.0604938271605	0.0567901234568	0.0506172839506	0.0382716049383	0.0604938271605	0.0604938271605	0.0518518518519	0.0407407407407	0.0333333333333	0.0432098765432	0.0518518518519	0.058024691358	0.0506172839506	0.037037037037	0.058024691358	0.0925925925926	0.083950617284
