	158256496-stool2.snv.bam	158802708-stool1.snv.bam	158924089-stool2.snv.bam	159571453-stool1.snv.bam	159571453-stool2.snv.bam	160421117-stool1.snv.bam	160421117-stool2.snv.bam	160421117-stool3.snv.bam	160582958-stool1.snv.bam	160582958-stool2.snv.bam	160582958-stool3.snv.bam	638754422-stool2.snv.bam	763536994-stool2.snv.bam	764669880-stool2.snv.bam	765701615-stool1.snv.bam	CCIS14449628ST-4-0.snv.bam	CCIS33816588ST-4-0.snv.bam	CCMD11006829ST-21-0.snv.bam	CCMD60079086ST-21-0.snv.bam	MH0196.snv.bam	MH0381.snv.bam	MH0399.snv.bam	MMRS43939546ST-27-0-0.snv.bam	MMRS55294627ST-27-0-0.snv.bam	MMRS61683006ST-27-0-0.snv.bam	MMRS81135225ST-27-0-0.snv.bam	MMRS84954772ST-27-0-0.snv.bam	MMRS97052561ST-27-0-0.snv.bam	N043A.snv.bam	O2.CD3-0-PT.snv.bam	O2.UC41-1.snv.bam	O2.UC7-0.snv.bam	O2.UC7-1.snv.bam	SAMEA3136762.snv.bam	T2D-105A.snv.bam	T2D-132A.snv.bam	T2D-29A.snv.bam	T2D-8A.snv.bam	V1.FI18.snv.bam	V1.FI20.snv.bam	V1.UC26-4.snv.bam	V1.UC48-0.snv.bam	V1.UC49-1.snv.bam
158256496-stool2.snv.bam	0.0	0.313190307372	0.215692998659	0.344483700802	0.347909293846	0.281013891087	0.280667139596	0.280760119606	0.255800442456	0.256455145175	0.246319452716	0.23066113278	0.254149226822	0.227009064819	0.2427155137	0.264386249806	0.248454442948	0.261780204991	0.276871847421	0.254386098462	0.264964851079	0.240041486782	0.26030451756	0.303660682881	0.28966070598	0.2568964333	0.27759879929	0.322697842619	0.276601281752	0.238031097504	0.274119603779	0.301308452614	0.291475374935	0.277157144245	0.276620540009	0.277234833827	0.276430737923	0.278797011713	0.247026913143	0.235964615343	0.248424710461	0.276813755191	0.280681580064
158802708-stool1.snv.bam	0.313190307372	0.0	0.281355985695	0.257853424613	0.257497657748	0.309398859385	0.307551952405	0.308596586783	0.309992444431	0.312605981449	0.31704757559	0.32139333877	0.31033426846	0.31726739561	0.338628391494	0.324519633146	0.299400710317	0.326002955141	0.303675564243	0.313989409459	0.30650598772	0.305115410276	0.31653760538	0.348310489655	0.312464184736	0.33928871978	0.304418049271	0.351461071912	0.304284521211	0.310196752567	0.344658372919	0.385173109409	0.383495383753	0.303966957153	0.304493268819	0.305220151334	0.303794829898	0.305205047633	0.308072531072	0.307820512916	0.331564394079	0.368095325433	0.368340915579
158924089-stool2.snv.bam	0.215692998659	0.281355985695	0.0	0.289946789195	0.289082193439	0.191242108091	0.190551127461	0.189931194223	0.149552320285	0.147832958648	0.143017970771	0.122147254947	0.149854555653	0.183718503661	0.118152100046	0.188881640936	0.182154516918	0.195060207991	0.186293149592	0.153993955496	0.186171343537	0.129267505905	0.151781456502	0.298818752307	0.199060980246	0.147817460317	0.186688466517	0.326778852688	0.185822093977	0.127184954442	0.234114919823	0.275249372113	0.263467423926	0.186235438381	0.186269936456	0.186236621405	0.185490326317	0.18752581231	0.118299510498	0.127381447928	0.209124336418	0.265916316141	0.262273588984
159571453-stool1.snv.bam	0.344483700802	0.257853424613	0.289946789195	0.0	0.00230224634561	0.311802237237	0.311024971637	0.312052049134	0.292377288775	0.295231320843	0.295335733163	0.311682004877	0.29291940316	0.258077645587	0.30705340965	0.283082429266	0.278383336894	0.291800816418	0.307294122154	0.259029398501	0.314344012982	0.275396459187	0.299096867061	0.313931403472	0.244575050336	0.312677707933	0.307943739144	0.32768908061	0.30745195152	0.276431437784	0.291837000898	0.335925562216	0.335980953977	0.307500228406	0.307532527458	0.307412533118	0.306770769956	0.309275045037	0.281364707903	0.27445295263	0.311838171459	0.33044429584	0.329460341036
159571453-stool2.snv.bam	0.347909293846	0.257497657748	0.289082193439	0.00230224634561	0.0	0.310487485705	0.309856970803	0.310879750905	0.291376953924	0.294290285128	0.294455652926	0.310855124977	0.292193863664	0.257569800231	0.305861784011	0.28163673088	0.277541009299	0.29058338792	0.306228900328	0.258353844579	0.313147659892	0.274436415458	0.298139657513	0.313058393577	0.243895604451	0.311697267118	0.306788630496	0.327003515192	0.306861624846	0.275934939596	0.291577896812	0.334606880405	0.335585758225	0.306346975452	0.306244591818	0.307073858381	0.305202159087	0.307674832648	0.280130883154	0.27316053871	0.310790210277	0.329894791197	0.328607172592
160421117-stool1.snv.bam	0.281013891087	0.309398859385	0.191242108091	0.311802237237	0.310487485705	0.0	0.00244378390476	0.00260828699813	0.179495910032	0.177353810311	0.169860175277	0.202321270898	0.179165302307	0.178209407531	0.114074843175	0.228883978904	0.185720888106	0.231917086623	0.00649997477506	0.208680300265	0.00665389352179	0.18507460403	0.181203182696	0.245798919758	0.152398123423	0.194403309182	0.00688536742584	0.276880149229	0.00705710838155	0.192860879523	0.236969871073	0.292359980771	0.287226136855	0.00644371238167	0.00662118035084	0.00746388143558	0.00672968708133	0.0065008221276	0.201327599862	0.189657988898	0.239116430982	0.281018270502	0.280036084177
160421117-stool2.snv.bam	0.280667139596	0.307551952405	0.190551127461	0.311024971637	0.309856970803	0.00244378390476	0.0	0.00102278010228	0.179062072381	0.175509065551	0.168318965517	0.201630020697	0.178209437621	0.177602816946	0.114079821271	0.227083333333	0.183864392233	0.230065359477	0.0049144678792	0.207483381333	0.00645015316068	0.184484451718	0.179358437936	0.244731738849	0.151252980609	0.193017206883	0.00529986052998	0.27598895859	0.00664872087466	0.192406766628	0.237043061767	0.293088481171	0.287420945621	0.00485820548582	0.00588823268676	0.00729886063319	0.00577057182706	0.00542810707171	0.200194760995	0.189568848807	0.23927066954	0.280511281396	0.280243850493
160421117-stool3.snv.bam	0.280760119606	0.308596586783	0.189931194223	0.312052049134	0.310879750905	0.00260828699813	0.00102278010228	0.0	0.179155443063	0.17560204556	0.168055555556	0.201025650637	0.178303202272	0.177455324321	0.113475451211	0.227182539683	0.183957372242	0.230158730159	0.00498885188665	0.206879011272	0.00635268727374	0.183869794508	0.179451417945	0.244128420599	0.1511600006	0.193110577564	0.00520688052069	0.275423986839	0.00655574086537	0.191799857198	0.236949691085	0.29299471652	0.287078312238	0.00476522547653	0.00579525267747	0.00762429066573	0.00567759181776	0.00575490445733	0.200289323643	0.188964478747	0.239171018319	0.280412515964	0.279899701034
160582958-stool1.snv.bam	0.255800442456	0.309992444431	0.149552320285	0.292377288775	0.291376953924	0.179495910032	0.179062072381	0.179155443063	0.0	0.00348784268952	0.00368011497881	0.120724517353	0.00310835766094	0.215478156355	0.141997558347	0.159363162995	0.111318051696	0.158579915162	0.175593827941	0.210330397893	0.179258038829	0.152723444647	0.00735338890801	0.269279705143	0.196496788203	0.129445898686	0.175280559776	0.29464508947	0.175714719454	0.159054708563	0.237490269284	0.276139598663	0.266169932769	0.175537329151	0.175434515334	0.176205420761	0.174425899731	0.176371757638	0.159392061371	0.157899759065	0.216387580138	0.267307194379	0.262164211292
160582958-stool2.snv.bam	0.256455145175	0.312605981449	0.147832958648	0.295231320843	0.294290285128	0.177353810311	0.175509065551	0.17560204556	0.00348784268952	0.0	0.000775862068966	0.118477998382	0.00189438839476	0.213791760746	0.139761883282	0.156607142857	0.10944319279	0.155798319328	0.172055332593	0.207678639352	0.177268866611	0.150640480087	0.00451882845188	0.267545787546	0.192870832771	0.12668667467	0.171743375174	0.292913898057	0.173371175547	0.158495084308	0.236146703223	0.275985808878	0.265893779688	0.1719990702	0.172740538751	0.17385982371	0.171830543933	0.173197097021	0.157698307094	0.156709713521	0.216609981946	0.267237207322	0.262308747248
160582958-stool3.snv.bam	0.246319452716	0.31704757559	0.143017970771	0.295335733163	0.294455652926	0.169860175277	0.168318965517	0.168055555556	0.00368011497881	0.000775862068966	0.0	0.113087248333	0.00203017337471	0.20280301829	0.135112788911	0.160273972603	0.104210875332	0.160606060606	0.164049964814	0.201099977609	0.169399554694	0.142195231669	0.00474137931034	0.262372051624	0.18584538376	0.12195423624	0.16408045977	0.288854497561	0.165038984005	0.149749267523	0.22676586739	0.267081029148	0.256263127224	0.164343869732	0.165107710179	0.166260766667	0.164170258621	0.165545061	0.152517835509	0.148593196257	0.207449660431	0.257102622236	0.252062908119
638754422-stool2.snv.bam	0.23066113278	0.32139333877	0.122147254947	0.311682004877	0.310855124977	0.202321270898	0.201630020697	0.201025650637	0.120724517353	0.118477998382	0.113087248333	0.0	0.120330190469	0.209319570886	0.131348850192	0.183733221488	0.143569726737	0.189732107619	0.197137378452	0.165930470144	0.203537660872	0.125773423123	0.122327370767	0.271926996701	0.209926237011	0.143648973103	0.197166980251	0.301253928665	0.198012535763	0.12517275276	0.228370590162	0.271976910786	0.260707076714	0.197422675276	0.197800309009	0.198693426378	0.196890314191	0.198727523967	0.157652711739	0.123644517219	0.229790632581	0.266177239828	0.258205288951
763536994-stool2.snv.bam	0.254149226822	0.31033426846	0.149854555653	0.29291940316	0.292193863664	0.179165302307	0.178209437621	0.178303202272	0.00310835766094	0.00189438839476	0.00203017337471	0.120330190469	0.0	0.211486054928	0.14128991961	0.157259432619	0.10676386491	0.153500478418	0.174726559238	0.206106505392	0.179431458992	0.148268779945	0.00577624493485	0.265821499657	0.195717717645	0.128486235433	0.174411969267	0.291516962901	0.175557105259	0.155395647611	0.230242311063	0.269500116547	0.259323965772	0.174669822056	0.174921146634	0.175725307091	0.174003472535	0.175889318392	0.158654538462	0.15387967231	0.214706510773	0.260774393195	0.255458757052
764669880-stool2.snv.bam	0.227009064819	0.31726739561	0.183718503661	0.258077645587	0.257569800231	0.178209407531	0.177602816946	0.177455324321	0.215478156355	0.213791760746	0.20280301829	0.209319570886	0.211486054928	0.0	0.181880132971	0.24744370682	0.200503809759	0.249448119189	0.173212954807	0.165469154149	0.181341528878	0.195482857382	0.217862557206	0.266133280538	0.209084367083	0.240735597143	0.173620516061	0.291567746718	0.173892675606	0.198528350315	0.201086997024	0.255679809316	0.249583238525	0.173153456081	0.173305464227	0.174063760279	0.172385265324	0.174425832833	0.182345702604	0.196413266674	0.225959146734	0.246643139875	0.242136648336
765701615-stool1.snv.bam	0.2427155137	0.338628391494	0.118152100046	0.30705340965	0.305861784011	0.114074843175	0.114079821271	0.113475451211	0.141997558347	0.139761883282	0.135112788911	0.131348850192	0.14128991961	0.181880132971	0.0	0.161794291398	0.155841703044	0.16895789493	0.109928738244	0.153922074555	0.111537357014	0.138254284132	0.143611255667	0.240548902455	0.180691937166	0.139199837861	0.110314130895	0.271870204816	0.110399308386	0.137012831151	0.232094388148	0.287464952683	0.277878612648	0.109872475851	0.109649338958	0.110887956549	0.109498065277	0.110509346512	0.162407686958	0.134558019364	0.225571124814	0.275709524511	0.275154308152
CCIS14449628ST-4-0.snv.bam	0.264386249806	0.324519633146	0.188881640936	0.283082429266	0.28163673088	0.228883978904	0.227083333333	0.227182539683	0.159363162995	0.156607142857	0.160273972603	0.183733221488	0.157259432619	0.24744370682	0.161794291398	0.0	0.183379120879	0.000248015873018	0.223216107872	0.158728548237	0.217154780535	0.237441724942	0.160714285714	0.265700483092	0.218822004608	0.215566944266	0.22380952381	0.294333393401	0.224802281052	0.23606201823	0.270228001043	0.33935410444	0.330713308125	0.223090277778	0.224305993367	0.225100436905	0.223493303571	0.224439461883	0.180247817477	0.232869251967	0.259227614491	0.327626801679	0.327721067768
CCIS33816588ST-4-0.snv.bam	0.248454442948	0.299400710317	0.182154516918	0.278383336894	0.277541009299	0.185720888106	0.183864392233	0.183957372242	0.111318051696	0.10944319279	0.104210875332	0.143569726737	0.10676386491	0.200503809759	0.155841703044	0.183379120879	0.0	0.180995475113	0.180410659275	0.149088359339	0.186027301159	0.0989088925259	0.113292565175	0.24038254355	0.226330761963	0.101463662388	0.180098701856	0.267275355809	0.18214491227	0.100152942021	0.245400390712	0.292850463211	0.282767155945	0.180354396882	0.181095865433	0.182773030448	0.180185870615	0.181587530117	0.114684093984	0.0981194335082	0.247986318614	0.279766741985	0.279994247589
CCMD11006829ST-21-0.snv.bam	0.261780204991	0.326002955141	0.195060207991	0.291800816418	0.29058338792	0.231917086623	0.230065359477	0.230158730159	0.158579915162	0.155798319328	0.160606060606	0.189732107619	0.153500478418	0.249448119189	0.16895789493	0.000248015873018	0.180995475113	0.0	0.226425617866	0.161996616829	0.221260750996	0.23985499306	0.159663865546	0.258874458874	0.222756844673	0.215491259795	0.226984126984	0.285309276347	0.227918486742	0.238526240313	0.279866539715	0.336609100912	0.328417400149	0.226307189542	0.227574971293	0.228409188049	0.22689659197	0.227973831138	0.184076235082	0.235678997183	0.267275392275	0.325503301177	0.32583505773
CCMD60079086ST-21-0.snv.bam	0.276871847421	0.303675564243	0.186293149592	0.307294122154	0.306228900328	0.00649997477506	0.0049144678792	0.00498885188665	0.175593827941	0.172055332593	0.164049964814	0.197137378452	0.174726559238	0.173212954807	0.109928738244	0.223216107872	0.180410659275	0.226425617866	0.0	0.203332298305	0.00183564068902	0.180262711959	0.175904704978	0.239971065349	0.146850851557	0.189548962442	0.00089773147753	0.27153087027	0.00190503260437	0.188238242076	0.232622436374	0.28864920335	0.2827861049	0.000456076433364	0.00148610363431	0.00314777760584	0.0013684427746	0.00125958251903	0.196682241094	0.18541776578	0.234369659808	0.275653836196	0.275407898413
MH0196.snv.bam	0.254386098462	0.313989409459	0.153993955496	0.259029398501	0.258353844579	0.208680300265	0.207483381333	0.206879011272	0.210330397893	0.207678639352	0.201099977609	0.165930470144	0.206106505392	0.165469154149	0.153922074555	0.158728548237	0.149088359339	0.161996616829	0.203332298305	0.0	0.201282878914	0.182095209755	0.211528011737	0.233496895262	0.190674995136	0.225321946961	0.203717690956	0.264696182955	0.204648141259	0.17613795964	0.221384980352	0.298740845684	0.282986099996	0.203276035912	0.20376392262	0.204086662259	0.203107509645	0.204605478555	0.160223314002	0.178462945975	0.236678120086	0.288570007685	0.285271050432
MH0381.snv.bam	0.264964851079	0.30650598772	0.186171343537	0.314344012982	0.313147659892	0.00665389352179	0.00645015316068	0.00635268727374	0.179258038829	0.177268866611	0.169399554694	0.203537660872	0.179431458992	0.181341528878	0.111537357014	0.217154780535	0.186027301159	0.221260750996	0.00183564068902	0.201282878914	0.0	0.185476354003	0.176917989418	0.244236583522	0.150672941314	0.200038458849	0.0020641882484	0.277054944361	0.00258406311038	0.193999802564	0.227222029198	0.290311428035	0.283969499068	0.00160122528543	0.0023023848576	0.00258245607765	0.00255760930103	0.00210665497009	0.207427554355	0.191119336987	0.226762231479	0.274662046053	0.275333189862
MH0399.snv.bam	0.240041486782	0.305115410276	0.129267505905	0.275396459187	0.274436415458	0.18507460403	0.184484451718	0.183869794508	0.152723444647	0.150640480087	0.142195231669	0.125773423123	0.148268779945	0.195482857382	0.138254284132	0.237441724942	0.0989088925259	0.23985499306	0.180262711959	0.182095209755	0.185476354003	0.0	0.154555373704	0.277839671849	0.218099185189	0.057230518769	0.179945444626	0.306753136037	0.181312304717	0.004615341644	0.216400334407	0.259329934761	0.249017203492	0.180205491908	0.180844572575	0.182278446509	0.180601472995	0.181207685393	0.104376703448	0.00250583486879	0.208967083967	0.249640696243	0.245503499451
MMRS43939546ST-27-0-0.snv.bam	0.26030451756	0.31653760538	0.151781456502	0.299096867061	0.298139657513	0.181203182696	0.179358437936	0.179451417945	0.00735338890801	0.00451882845188	0.00474137931034	0.122327370767	0.00577624493485	0.217862557206	0.143611255667	0.160714285714	0.113292565175	0.159663865546	0.175904704978	0.211528011737	0.176917989418	0.154555373704	0.0	0.271708683473	0.196720205156	0.130552220888	0.175592747559	0.296812203142	0.177220547932	0.162360630527	0.240684518349	0.279867665418	0.269946643124	0.175848442585	0.176589911136	0.177709196095	0.175679916318	0.177062643239	0.161613200711	0.160559085906	0.220735542484	0.271326096211	0.266379543708
MMRS55294627ST-27-0-0.snv.bam	0.303660682881	0.348310489655	0.298818752307	0.313931403472	0.313058393577	0.245798919758	0.244731738849	0.244128420599	0.269279705143	0.267545787546	0.262372051624	0.271926996701	0.265821499657	0.266133280538	0.240548902455	0.265700483092	0.24038254355	0.258874458874	0.239971065349	0.233496895262	0.244236583522	0.277839671849	0.271708683473	0.0	0.248726289523	0.272943722944	0.239980607628	0.000762049685611	0.240308108181	0.278802308802	0.264731570314	0.316652162092	0.315568614211	0.239477842419	0.240519939637	0.241248218384	0.24041424262	0.241867895919	0.281123552987	0.277087209316	0.294008024496	0.305766627268	0.308891326566
MMRS61683006ST-27-0-0.snv.bam	0.28966070598	0.312464184736	0.199060980246	0.244575050336	0.243895604451	0.152398123423	0.151252980609	0.1511600006	0.196496788203	0.192870832771	0.18584538376	0.209926237011	0.195717717645	0.209084367083	0.180691937166	0.218822004608	0.226330761963	0.222756844673	0.146850851557	0.190674995136	0.150672941314	0.218099185189	0.196720205156	0.248726289523	0.0	0.235662006738	0.147068880191	0.267017753924	0.147999330494	0.225453609654	0.190774401501	0.258803402024	0.251662336365	0.146627225147	0.147368693698	0.14892841028	0.14645869888	0.14821296295	0.226362685955	0.222254566832	0.202870650252	0.24857274887	0.249341766565
MMRS81135225ST-27-0-0.snv.bam	0.2568964333	0.33928871978	0.147817460317	0.312677707933	0.311697267118	0.194403309182	0.193017206883	0.193110577564	0.129445898686	0.12668667467	0.12195423624	0.143648973103	0.128486235433	0.240735597143	0.139199837861	0.215566944266	0.101463662388	0.215491259795	0.189548962442	0.225321946961	0.200038458849	0.057230518769	0.130552220888	0.272943722944	0.235662006738	0.0	0.189235694278	0.297872599549	0.190308291149	0.0577554791255	0.271135467693	0.30207183968	0.29221147235	0.189492463652	0.189636807522	0.191321019448	0.189323229292	0.190769357225	0.0808020239135	0.0562446494688	0.24006961507	0.29497926685	0.290695727924
MMRS84954772ST-27-0-0.snv.bam	0.27759879929	0.304418049271	0.186688466517	0.307943739144	0.306788630496	0.00688536742584	0.00529986052998	0.00520688052069	0.175280559776	0.171743375174	0.16408045977	0.197166980251	0.174411969267	0.173620516061	0.110314130895	0.22380952381	0.180098701856	0.226984126984	0.00089773147753	0.203717690956	0.0020641882484	0.179945444626	0.175592747559	0.239980607628	0.147068880191	0.189235694278	0.0	0.271327941641	0.00246462045625	0.187924973911	0.232841381094	0.288869071888	0.283015659277	0.00067410506741	0.00170413226835	0.00353317025662	0.00158647140865	0.00164659446666	0.197074193619	0.185105808361	0.234786364607	0.276066836952	0.275819071732
MMRS97052561ST-27-0-0.snv.bam	0.322697842619	0.351461071912	0.326778852688	0.32768908061	0.327003515192	0.276880149229	0.27598895859	0.275423986839	0.29464508947	0.292913898057	0.288854497561	0.301253928665	0.291516962901	0.291567746718	0.271870204816	0.294333393401	0.267275355809	0.285309276347	0.27153087027	0.264696182955	0.277054944361	0.306753136037	0.296812203142	0.000762049685611	0.267017753924	0.297872599549	0.271327941641	0.0	0.271846490888	0.307612552267	0.29040859104	0.334609747397	0.334554377328	0.271068996255	0.27204485848	0.272726848323	0.271945879494	0.27344092359	0.305845917433	0.305884386039	0.314654940309	0.325585729711	0.328411372543
N043A.snv.bam	0.276601281752	0.304284521211	0.185822093977	0.30745195152	0.306861624846	0.00705710838155	0.00664872087466	0.00655574086537	0.175714719454	0.173371175547	0.165038984005	0.198012535763	0.175557105259	0.173892675606	0.110399308386	0.224802281052	0.18214491227	0.227918486742	0.00190503260437	0.204648141259	0.00258406311038	0.181312304717	0.177220547932	0.240308108181	0.147999330494	0.190308291149	0.00246462045625	0.271846490888	0.0	0.187496970542	0.232095068583	0.289338550838	0.282555106614	0.00202296541209	0.00222909639164	0.00214627263541	0.00237745169754	0.00250680691857	0.197444761724	0.186525522456	0.23465727098	0.27668481157	0.276434311949
O2.CD3-0-PT.snv.bam	0.238031097504	0.310196752567	0.127184954442	0.276431437784	0.275934939596	0.192860879523	0.192406766628	0.191799857198	0.159054708563	0.158495084308	0.149749267523	0.12517275276	0.155395647611	0.198528350315	0.137012831151	0.23606201823	0.100152942021	0.238526240313	0.188238242076	0.17613795964	0.193999802564	0.004615341644	0.162360630527	0.278802308802	0.225453609654	0.0577554791255	0.187924973911	0.307612552267	0.187496970542	0.0	0.216680554415	0.265435122846	0.252996793847	0.188181743286	0.188071439842	0.187821188143	0.188012508925	0.189453106393	0.10382137028	0.00407147885893	0.210606959136	0.256305463996	0.252440722218
O2.UC41-1.snv.bam	0.274119603779	0.344658372919	0.234114919823	0.291837000898	0.291577896812	0.236969871073	0.237043061767	0.236949691085	0.237490269284	0.236146703223	0.22676586739	0.228370590162	0.230242311063	0.201086997024	0.232094388148	0.270228001043	0.245400390712	0.279866539715	0.232622436374	0.221384980352	0.227222029198	0.216400334407	0.240684518349	0.264731570314	0.190774401501	0.271135467693	0.232841381094	0.29040859104	0.232095068583	0.216680554415	0.0	0.134067602465	0.134648884371	0.232397870357	0.23208260688	0.231308484687	0.231463451874	0.229926966367	0.256720853722	0.215679276444	0.106133577166	0.127991871184	0.131663673292
O2.UC7-0.snv.bam	0.301308452614	0.385173109409	0.275249372113	0.335925562216	0.334606880405	0.292359980771	0.293088481171	0.29299471652	0.276139598663	0.275985808878	0.267081029148	0.271976910786	0.269500116547	0.255679809316	0.287464952683	0.33935410444	0.292850463211	0.336609100912	0.28864920335	0.298740845684	0.290311428035	0.259329934761	0.279867665418	0.316652162092	0.258803402024	0.30207183968	0.288869071888	0.334609747397	0.289338550838	0.265435122846	0.134067602465	0.0	0.00243248233014	0.288423689797	0.288198669892	0.289337824453	0.287362977186	0.28975393939	0.279768675727	0.262128292467	0.0930464648811	0.00377211343697	0.00249222064165
O2.UC7-1.snv.bam	0.291475374935	0.383495383753	0.263467423926	0.335980953977	0.335585758225	0.287226136855	0.287420945621	0.287078312238	0.266169932769	0.265893779688	0.256263127224	0.260707076714	0.259323965772	0.249583238525	0.277878612648	0.330713308125	0.282767155945	0.328417400149	0.2827861049	0.282986099996	0.283969499068	0.249017203492	0.269946643124	0.315568614211	0.251662336365	0.29221147235	0.283015659277	0.334554377328	0.282555106614	0.252996793847	0.134648884371	0.00243248233014	0.0	0.28255065683	0.282315946492	0.282233601342	0.281785850173	0.284119265234	0.268833032351	0.251673335136	0.0769536419475	0.00444024421401	0.003187995688
SAMEA3136762.snv.bam	0.277157144245	0.303966957153	0.186235438381	0.307500228406	0.306346975452	0.00644371238167	0.00485820548582	0.00476522547653	0.175537329151	0.1719990702	0.164343869732	0.197422675276	0.174669822056	0.173153456081	0.109872475851	0.223090277778	0.180354396882	0.226307189542	0.000456076433364	0.203276035912	0.00160122528543	0.180205491908	0.175848442585	0.239477842419	0.146627225147	0.189492463652	0.00067410506741	0.271068996255	0.00202296541209	0.188181743286	0.232397870357	0.288423689797	0.28255065683	0.0	0.00126247722419	0.00309151521245	0.00114481636448	0.00120308372904	0.196506817733	0.185361503386	0.234313021309	0.275597701149	0.275352011752
T2D-105A.snv.bam	0.276620540009	0.304493268819	0.186269936456	0.307532527458	0.306244591818	0.00662118035084	0.00588823268676	0.00579525267747	0.175434515334	0.172740538751	0.165107710179	0.197800309009	0.174921146634	0.173305464227	0.109649338958	0.224305993367	0.181095865433	0.227574971293	0.00148610363431	0.20376392262	0.0023023848576	0.180844572575	0.176589911136	0.240519939637	0.147368693698	0.189636807522	0.00170413226835	0.27204485848	0.00222909639164	0.188071439842	0.23208260688	0.288198669892	0.282315946492	0.00126247722419	0.0	0.00329764619201	0.00108228130606	0.00176316321458	0.196520894708	0.185357142986	0.235141123171	0.276115945252	0.276136131149
T2D-132A.snv.bam	0.277234833827	0.305220151334	0.186236621405	0.307412533118	0.307073858381	0.00746388143558	0.00729886063319	0.00762429066573	0.176205420761	0.17385982371	0.166260766667	0.198693426378	0.175725307091	0.174063760279	0.110887956549	0.225100436905	0.182773030448	0.228409188049	0.00314777760584	0.204086662259	0.00258245607765	0.182278446509	0.177709196095	0.241248218384	0.14892841028	0.191321019448	0.00353317025662	0.272726848323	0.00214627263541	0.187821188143	0.231308484687	0.289337824453	0.282233601342	0.00309151521245	0.00329764619201	0.0	0.0034460014979	0.00313756424796	0.198083571275	0.187534013398	0.234967473519	0.276792978906	0.276099522793
T2D-29A.snv.bam	0.276430737923	0.303794829898	0.185490326317	0.306770769956	0.305202159087	0.00672968708133	0.00577057182706	0.00567759181776	0.174425899731	0.171830543933	0.164170258621	0.196890314191	0.174003472535	0.172385265324	0.109498065277	0.223493303571	0.180185870615	0.22689659197	0.0013684427746	0.203107509645	0.00255760930103	0.180601472995	0.175679916318	0.24041424262	0.14645869888	0.189323229292	0.00158647140865	0.271945879494	0.00237745169754	0.188012508925	0.231463451874	0.287362977186	0.281785850173	0.00114481636448	0.00108228130606	0.0034460014979	0.0	0.00169911547507	0.195460718442	0.185170005588	0.234412672529	0.275418688804	0.275173791496
T2D-8A.snv.bam	0.278797011713	0.305205047633	0.18752581231	0.309275045037	0.307674832648	0.0065008221276	0.00542810707171	0.00575490445733	0.176371757638	0.173197097021	0.165545061	0.198727523967	0.175889318392	0.174425832833	0.110509346512	0.224439461883	0.181587530117	0.227973831138	0.00125958251903	0.204605478555	0.00210665497009	0.181207685393	0.177062643239	0.241867895919	0.14821296295	0.190769357225	0.00164659446666	0.27344092359	0.00250680691857	0.189453106393	0.229926966367	0.28975393939	0.284119265234	0.00120308372904	0.00176316321458	0.00313756424796	0.00169911547507	0.0	0.197446000852	0.18627954043	0.236143056731	0.277411880047	0.277157035679
V1.FI18.snv.bam	0.247026913143	0.308072531072	0.118299510498	0.281364707903	0.280130883154	0.201327599862	0.200194760995	0.200289323643	0.159392061371	0.157698307094	0.152517835509	0.157652711739	0.158654538462	0.182345702604	0.162407686958	0.180247817477	0.114684093984	0.184076235082	0.196682241094	0.160223314002	0.207427554355	0.104376703448	0.161613200711	0.281123552987	0.226362685955	0.0808020239135	0.197074193619	0.305845917433	0.197444761724	0.10382137028	0.256720853722	0.279768675727	0.268833032351	0.196506817733	0.196520894708	0.198083571275	0.195460718442	0.197446000852	0.0	0.102589944729	0.225104406317	0.271241777733	0.267607879373
V1.FI20.snv.bam	0.235964615343	0.307820512916	0.127381447928	0.27445295263	0.27316053871	0.189657988898	0.189568848807	0.188964478747	0.157899759065	0.156709713521	0.148593196257	0.123644517219	0.15387967231	0.196413266674	0.134558019364	0.232869251967	0.0981194335082	0.235678997183	0.18541776578	0.178462945975	0.191119336987	0.00250583486879	0.160559085906	0.277087209316	0.222254566832	0.0562446494688	0.185105808361	0.305884386039	0.186525522456	0.00407147885893	0.215679276444	0.262128292467	0.251673335136	0.185361503386	0.185357142986	0.187534013398	0.185170005588	0.18627954043	0.102589944729	0.0	0.208101965985	0.253536276445	0.249762805667
V1.UC26-4.snv.bam	0.248424710461	0.331564394079	0.209124336418	0.311838171459	0.310790210277	0.239116430982	0.23927066954	0.239171018319	0.216387580138	0.216609981946	0.207449660431	0.229790632581	0.214706510773	0.225959146734	0.225571124814	0.259227614491	0.247986318614	0.267275392275	0.234369659808	0.236678120086	0.226762231479	0.208967083967	0.220735542484	0.294008024496	0.202870650252	0.24006961507	0.234786364607	0.314654940309	0.23465727098	0.210606959136	0.106133577166	0.0930464648811	0.0769536419475	0.234313021309	0.235141123171	0.234967473519	0.234412672529	0.236143056731	0.225104406317	0.208101965985	0.0	0.0723765386461	0.0717121990658
V1.UC48-0.snv.bam	0.276813755191	0.368095325433	0.265916316141	0.33044429584	0.329894791197	0.281018270502	0.280511281396	0.280412515964	0.267307194379	0.267237207322	0.257102622236	0.266177239828	0.260774393195	0.246643139875	0.275709524511	0.327626801679	0.279766741985	0.325503301177	0.275653836196	0.288570007685	0.274662046053	0.249640696243	0.271326096211	0.305766627268	0.24857274887	0.29497926685	0.276066836952	0.325585729711	0.27668481157	0.256305463996	0.127991871184	0.00377211343697	0.00444024421401	0.275597701149	0.276115945252	0.276792978906	0.275418688804	0.277411880047	0.271241777733	0.253536276445	0.0723765386461	0.0	0.0036620226956
V1.UC49-1.snv.bam	0.280681580064	0.368340915579	0.262273588984	0.329460341036	0.328607172592	0.280036084177	0.280243850493	0.279899701034	0.262164211292	0.262308747248	0.252062908119	0.258205288951	0.255458757052	0.242136648336	0.275154308152	0.327721067768	0.279994247589	0.32583505773	0.275407898413	0.285271050432	0.275333189862	0.245503499451	0.266379543708	0.308891326566	0.249341766565	0.290695727924	0.275819071732	0.328411372543	0.276434311949	0.252440722218	0.131663673292	0.00249222064165	0.003187995688	0.275352011752	0.276136131149	0.276099522793	0.275173791496	0.277157035679	0.267607879373	0.249762805667	0.0717121990658	0.0036620226956	0.0
