	158479027-supragingivalplaque1.snv.bam	158499257-supragingivalplaque2.snv.bam	159369152-supragingivalplaque1.snv.bam	159510762-tonguedorsum3.snv.bam	160158126-supragingivalplaque1.snv.bam	160158126-supragingivalplaque2.snv.bam	160421117-supragingivalplaque3.snv.bam	160582958-supragingivalplaque1.snv.bam	370027359-subgingivalplaque2.snv.bam	404239096-supragingivalplaque2.snv.bam	533247696-supragingivalplaque1.snv.bam	650853796-supragingivalplaque1.snv.bam	706846339-supragingivalplaque2.snv.bam	763840445-supragingivalplaque1.snv.bam	763840445-supragingivalplaque2.snv.bam	763901136-supragingivalplaque2.snv.bam	764508039-supragingivalplaque3.snv.bam	765074482-supragingivalplaque1.snv.bam	765701615-supragingivalplaque1.snv.bam	765701615-supragingivalplaque2.snv.bam
158479027-supragingivalplaque1.snv.bam	0.0	0.169222080288	0.153791494621	0.157200114842	0.183502793574	0.18100937262	0.169390371392	0.154684007469	0.104327036391	0.163502227195	0.123487236001	0.162586347856	0.143605688274	0.158573452081	0.159198911784	0.140824214224	0.147614307863	0.154280173738	0.156823763686	0.157342801025
158499257-supragingivalplaque2.snv.bam	0.169222080288	0.0	0.134633084913	0.150804285613	0.161235776809	0.159206925073	0.156150836909	0.0865962214815	0.172902990936	0.138734744798	0.172134533857	0.179564708132	0.138475013476	0.202956020749	0.204209809894	0.176850968126	0.155820214602	0.139242649332	0.132048687661	0.130903769766
159369152-supragingivalplaque1.snv.bam	0.153791494621	0.134633084913	0.0	0.162550607434	0.141662245135	0.140927457299	0.149849041948	0.151180049509	0.173251006405	0.14487622576	0.168034379521	0.173763769355	0.136926248811	0.202369450995	0.203341029124	0.17078656205	0.160941369751	0.130875622793	0.132626022079	0.130072573051
159510762-tonguedorsum3.snv.bam	0.157200114842	0.150804285613	0.162550607434	0.0	0.188645119397	0.186261354231	0.164269625583	0.148472653417	0.172620742027	0.163166473899	0.169978506199	0.161994528429	0.161755689004	0.19500859224	0.196786615423	0.163048703389	0.116447541194	0.167161176773	0.160430038842	0.157376884345
160158126-supragingivalplaque1.snv.bam	0.183502793574	0.161235776809	0.141662245135	0.188645119397	0.0	0.019842826411	0.172000130968	0.178695998261	0.192688576184	0.173811030973	0.17769558168	0.181551892267	0.155796940185	0.191258197467	0.18852244098	0.189418005631	0.172157911496	0.176352117783	0.142776979404	0.140506602136
160158126-supragingivalplaque2.snv.bam	0.18100937262	0.159206925073	0.140927457299	0.186261354231	0.019842826411	0.0	0.171793940232	0.177484149913	0.191999126999	0.17406536648	0.177370123454	0.182130027329	0.152253037438	0.188836988954	0.186816123285	0.183379224503	0.168563153378	0.172356493342	0.139562293512	0.13848442375
160421117-supragingivalplaque3.snv.bam	0.169390371392	0.156150836909	0.149849041948	0.164269625583	0.172000130968	0.171793940232	0.0	0.154781335305	0.161621102512	0.0666965087332	0.159056769042	0.16993893119	0.148847614209	0.208062835603	0.207741701115	0.152117714923	0.159751276467	0.154633241303	0.148852407439	0.155765494734
160582958-supragingivalplaque1.snv.bam	0.154684007469	0.0865962214815	0.151180049509	0.148472653417	0.178695998261	0.177484149913	0.154781335305	0.0	0.168830234574	0.148240666656	0.162026528154	0.191593995371	0.146387555138	0.203379447876	0.20444968341	0.162670119757	0.174077498504	0.151950945567	0.146403423749	0.151801637066
370027359-subgingivalplaque2.snv.bam	0.104327036391	0.172902990936	0.173251006405	0.172620742027	0.192688576184	0.191999126999	0.161621102512	0.168830234574	0.0	0.162014573784	0.113006115935	0.154493373583	0.162908980954	0.161756317405	0.162043386459	0.14659592111	0.148285224796	0.163680450488	0.16142690909	0.163481352745
404239096-supragingivalplaque2.snv.bam	0.163502227195	0.138734744798	0.14487622576	0.163166473899	0.173811030973	0.17406536648	0.0666965087332	0.148240666656	0.162014573784	0.0	0.159384034826	0.167469045521	0.140670858284	0.201651954139	0.201441202396	0.151667352399	0.157663288853	0.14709456611	0.155276729589	0.156306068952
533247696-supragingivalplaque1.snv.bam	0.123487236001	0.172134533857	0.168034379521	0.169978506199	0.17769558168	0.177370123454	0.159056769042	0.162026528154	0.113006115935	0.159384034826	0.0	0.158409983049	0.16113455545	0.158017584885	0.157960277638	0.127984204294	0.144164842546	0.173743727439	0.170752723634	0.172690928447
650853796-supragingivalplaque1.snv.bam	0.162586347856	0.179564708132	0.173763769355	0.161994528429	0.181551892267	0.182130027329	0.16993893119	0.191593995371	0.154493373583	0.167469045521	0.158409983049	0.0	0.160645800362	0.181578051648	0.18017903679	0.165827611611	0.157737100831	0.169333514819	0.168284035186	0.163713306793
706846339-supragingivalplaque2.snv.bam	0.143605688274	0.138475013476	0.136926248811	0.161755689004	0.155796940185	0.152253037438	0.148847614209	0.146387555138	0.162908980954	0.140670858284	0.16113455545	0.160645800362	0.0	0.187760728889	0.187573766226	0.155162260491	0.141892576186	0.142298099797	0.135517039534	0.134093918112
763840445-supragingivalplaque1.snv.bam	0.158573452081	0.202956020749	0.202369450995	0.19500859224	0.191258197467	0.188836988954	0.208062835603	0.203379447876	0.161756317405	0.201651954139	0.158017584885	0.181578051648	0.187760728889	0.0	0.00238847095354	0.179800244194	0.179260676066	0.205694654835	0.205267934731	0.19761334075
763840445-supragingivalplaque2.snv.bam	0.159198911784	0.204209809894	0.203341029124	0.196786615423	0.18852244098	0.186816123285	0.207741701115	0.20444968341	0.162043386459	0.201441202396	0.157960277638	0.18017903679	0.187573766226	0.00238847095354	0.0	0.180202279809	0.178134067561	0.206506487915	0.205576603841	0.198104232036
763901136-supragingivalplaque2.snv.bam	0.140824214224	0.176850968126	0.17078656205	0.163048703389	0.189418005631	0.183379224503	0.152117714923	0.162670119757	0.14659592111	0.151667352399	0.127984204294	0.165827611611	0.155162260491	0.179800244194	0.180202279809	0.0	0.152856735153	0.167366601841	0.161150577178	0.161586567343
764508039-supragingivalplaque3.snv.bam	0.147614307863	0.155820214602	0.160941369751	0.116447541194	0.172157911496	0.168563153378	0.159751276467	0.174077498504	0.148285224796	0.157663288853	0.144164842546	0.157737100831	0.141892576186	0.179260676066	0.178134067561	0.152856735153	0.0	0.16491912557	0.15159726266	0.147250716216
765074482-supragingivalplaque1.snv.bam	0.154280173738	0.139242649332	0.130875622793	0.167161176773	0.176352117783	0.172356493342	0.154633241303	0.151950945567	0.163680450488	0.14709456611	0.173743727439	0.169333514819	0.142298099797	0.205694654835	0.206506487915	0.167366601841	0.16491912557	0.0	0.127156013985	0.127244776225
765701615-supragingivalplaque1.snv.bam	0.156823763686	0.132048687661	0.132626022079	0.160430038842	0.142776979404	0.139562293512	0.148852407439	0.146403423749	0.16142690909	0.155276729589	0.170752723634	0.168284035186	0.135517039534	0.205267934731	0.205576603841	0.161150577178	0.15159726266	0.127156013985	0.0	0.0402689869565
765701615-supragingivalplaque2.snv.bam	0.157342801025	0.130903769766	0.130072573051	0.157376884345	0.140506602136	0.13848442375	0.155765494734	0.151801637066	0.163481352745	0.156306068952	0.172690928447	0.163713306793	0.134093918112	0.19761334075	0.198104232036	0.161586567343	0.147250716216	0.127244776225	0.0402689869565	0.0
