	159733294-stool1.snv.bam	160097436-stool2.snv.bam	765094712-stool3.snv.bam	CCIS14449628ST-4-0.snv.bam	DLM015.snv.bam	DOF006.snv.bam	ED50A.snv.bam	MMRS81194191ST-27-0-0.snv.bam	N029A.snv.bam	N042A.snv.bam	N085A.snv.bam	NOM025.snv.bam	O2.UC7-0.snv.bam	O2.UC7-1.snv.bam	SZEY-35A.snv.bam	SZEY-79A.snv.bam	T2D-144A.snv.bam	T2D-148A.snv.bam	T2D-14A.snv.bam	T2D-22A.snv.bam	T2D-47A.snv.bam	T2D-78A.snv.bam	V1.CD12-3.snv.bam	V1.CD20-0.snv.bam	V1.UC39-4.snv.bam	V1.UC48-0.snv.bam	V1.UC49-0.snv.bam	V1.UC49-1.snv.bam	scavenger-11-0-0.snv.bam	scavenger-11-7-0.snv.bam	scavenger-12-7-0.snv.bam	scavenger-13-7-0.snv.bam
159733294-stool1.snv.bam	0.0	0.202856981017	0.249469247063	0.270160783748	0.275393111696	0.237473942332	0.235834696893	0.248049933404	0.238708742199	0.239161376874	0.00315521875408	0.236765454666	0.262369819526	0.26370012317	0.232304111269	0.236919841374	0.27437468787	0.231165357725	0.221395186712	0.252277106854	0.00690673344816	0.252794878254	0.257094675318	0.24952647031	0.170707416061	0.264043535527	0.26542834881	0.27279044215	0.282175573764	0.28490197273	0.293754428858	0.276300037543
160097436-stool2.snv.bam	0.202856981017	0.0	0.235914018231	0.24391638746	0.228362425722	0.264672505337	0.261941687345	0.193833026293	0.266428648707	0.208542076768	0.203005925898	0.263245851304	0.229803126104	0.231155168571	0.25938077918	0.263740496331	0.226540483956	0.249653300286	0.25940258619	0.223732631571	0.207815548696	0.1961352657	0.238221134105	0.249855660556	0.194306867505	0.231759791809	0.233326949685	0.235381054131	0.205592276193	0.209729786343	0.2125	0.205128205128
765094712-stool3.snv.bam	0.249469247063	0.235914018231	0.0	0.208532725123	0.227604452013	0.296383715067	0.29417293902	0.183608545822	0.295531626408	0.02847786019	0.249828107565	0.295113815299	0.199017589021	0.200234085078	0.291918734985	0.295253918559	0.226264903187	0.284340029161	0.295165482926	0.196499089439	0.253661903735	0.190217624168	0.294178654247	0.286033640677	0.282249488985	0.20082027828	0.204490569957	0.194008125611	0.230538970535	0.23682379961	0.240223097113	0.242008797654
CCIS14449628ST-4-0.snv.bam	0.270160783748	0.24391638746	0.208532725123	0.0	0.201665217268	0.288225541887	0.285950869001	0.23179616996	0.28737482918	0.181326861928	0.269684656528	0.286897734423	0.203704401312	0.204262451956	0.283882477655	0.287444011402	0.200364885237	0.274436752763	0.28314042861	0.218032469711	0.27478502185	0.169144910123	0.268673185633	0.261054868052	0.28340156373	0.205869102878	0.210542825331	0.201362039634	0.226198399876	0.232729386319	0.23447135794	0.229873459376
DLM015.snv.bam	0.275393111696	0.228362425722	0.227604452013	0.201665217268	0.0	0.260485997972	0.259831136517	0.233729060983	0.259742969654	0.201932247768	0.275866370852	0.260430453295	0.203111340338	0.204016527972	0.257671485563	0.261100051355	0.00306098465121	0.24901863141	0.260644505155	0.234639794291	0.279124521589	0.0980325751728	0.208205148196	0.212949689008	0.280300779839	0.204029438276	0.206329609196	0.197818859649	0.194657296038	0.195632078	0.197056178043	0.194002192982
DOF006.snv.bam	0.237473942332	0.264672505337	0.296383715067	0.288225541887	0.260485997972	0.0	0.00269018618415	0.271751280813	0.00267513525382	0.285342758052	0.237684927477	0.00258493751565	0.293938992813	0.294210956562	0.00362554633544	0.00265059454814	0.26011526967	0.00392079341647	0.0857787846701	0.28393348028	0.241026603517	0.254494167437	0.254142212769	0.246960182032	0.292347584123	0.29178359412	0.29220454568	0.302631599605	0.276110169067	0.279108843285	0.287594252213	0.282544133314
ED50A.snv.bam	0.235834696893	0.261941687345	0.29417293902	0.285950869001	0.259831136517	0.00269018618415	0.0	0.269061094629	0.00071957028479	0.283812610073	0.236294144541	0.00187637305486	0.2919593025	0.292670239939	0.00142885234252	0.00188915230081	0.258635945014	0.00160590397745	0.0847359958843	0.282033148181	0.240163046179	0.251644331891	0.25343961594	0.245962048089	0.291658077194	0.290561618573	0.291010930297	0.301003846154	0.273857603575	0.276710032392	0.285306490385	0.280153846154
MMRS81194191ST-27-0-0.snv.bam	0.248049933404	0.193833026293	0.183608545822	0.23179616996	0.233729060983	0.271751280813	0.269061094629	0.0	0.273484003919	0.173652448113	0.248070856886	0.270684942432	0.204860273727	0.205670728508	0.267147776426	0.270290289827	0.232407606853	0.258649892049	0.27046375718	0.179838261594	0.252246313629	0.223286521435	0.280590693091	0.284644082763	0.260468559641	0.207033591889	0.211463472178	0.208599028749	0.115054383569	0.121528702779	0.125275744221	0.124282362082
N029A.snv.bam	0.238708742199	0.266428648707	0.295531626408	0.28737482918	0.259742969654	0.00267513525382	0.00071957028479	0.273484003919	0.0	0.284453070908	0.239227232232	0.00237348099451	0.29321100421	0.293952851973	0.00168126804607	0.00209403295837	0.258286035554	0.00154954335282	0.0840216695677	0.282594169464	0.242657363428	0.251429413498	0.248975761022	0.237239780097	0.296216385641	0.29175727734	0.292245803032	0.302745145371	0.270767254261	0.273346153188	0.282218733647	0.279764957265
N042A.snv.bam	0.239161376874	0.208542076768	0.02847786019	0.181326861928	0.201932247768	0.285342758052	0.283812610073	0.173652448113	0.284453070908	0.0	0.239093774072	0.284199175337	0.181029235337	0.182536884261	0.281941149645	0.284630178525	0.199894053909	0.27241938849	0.284205757063	0.17794585523	0.242615915448	0.162224439996	0.298780808627	0.283364693884	0.270913736622	0.182737709287	0.186446484336	0.178835459194	0.219035132929	0.226638694267	0.229788783011	0.231315930988
N085A.snv.bam	0.00315521875408	0.203005925898	0.249828107565	0.269684656528	0.275866370852	0.237684927477	0.236294144541	0.248070856886	0.239227232232	0.239093774072	0.0	0.236849505293	0.262895788826	0.264226092469	0.233482112569	0.237822748469	0.274105318663	0.231986995138	0.221743180462	0.252386763146	0.00663323309435	0.252527678094	0.257654875153	0.250946804661	0.169717139429	0.264844569385	0.265958124079	0.273378417842	0.282798031658	0.285514999444	0.294386612657	0.277451891361
NOM025.snv.bam	0.236765454666	0.263245851304	0.295113815299	0.286897734423	0.260430453295	0.00258493751565	0.00187637305486	0.270684942432	0.00237348099451	0.284199175337	0.236849505293	0.0	0.292939696534	0.293343950922	0.00301987671347	0.00244411285005	0.259956762513	0.00325981468717	0.0857390876311	0.282708837542	0.240695157346	0.25340851222	0.253075291692	0.246427945572	0.292104347337	0.291721717722	0.291013504493	0.301536071701	0.274805717363	0.27764378082	0.286269418451	0.281139884494
O2.UC7-0.snv.bam	0.262369819526	0.229803126104	0.199017589021	0.203704401312	0.203111340338	0.293938992813	0.2919593025	0.204860273727	0.29321100421	0.181029235337	0.262895788826	0.292939696534	0.0	0.00257375298678	0.28962932869	0.293000527143	0.201916148834	0.278287061222	0.293070589759	0.22467795646	0.266717589915	0.198464314854	0.283602341692	0.268978347981	0.291748330519	0.00196712770583	0.003267083392	0.00140244176185	0.277494098869	0.28039965438	0.28520516306	0.276050086974
O2.UC7-1.snv.bam	0.26370012317	0.231155168571	0.200234085078	0.204262451956	0.204016527972	0.294210956562	0.292670239939	0.205670728508	0.293952851973	0.182536884261	0.264226092469	0.293343950922	0.00257375298678	0.0	0.290342969314	0.293669930824	0.202316285963	0.279028908986	0.293420776838	0.226480789508	0.268089514298	0.199236691332	0.2836099141	0.269725667328	0.291449762116	0.00346383691864	0.00317740293463	0.00257697985373	0.277291381159	0.280200008151	0.284999277886	0.276239260555
SZEY-35A.snv.bam	0.232304111269	0.25938077918	0.291918734985	0.283882477655	0.257671485563	0.00362554633544	0.00142885234252	0.267147776426	0.00168126804607	0.281941149645	0.233482112569	0.00301987671347	0.28962932869	0.290342969314	0.0	0.00265247641283	0.256471749605	0.00206853997484	0.0819809158484	0.279949994787	0.237407238512	0.24949301185	0.250706007209	0.243097057185	0.293013698295	0.288217417062	0.288632126095	0.298478791663	0.271636255099	0.27453331442	0.283095194822	0.277386645299
SZEY-79A.snv.bam	0.236919841374	0.263740496331	0.295253918559	0.287444011402	0.261100051355	0.00265059454814	0.00188915230081	0.270290289827	0.00209403295837	0.284630178525	0.237822748469	0.00244411285005	0.293000527143	0.293669930824	0.00265247641283	0.0	0.260335703375	0.00258510973403	0.0856170848141	0.283543794204	0.241049805861	0.253480153408	0.25427571622	0.246364486492	0.292588735219	0.291342754928	0.291826709504	0.301714490489	0.27521470978	0.278046576381	0.286684801374	0.281143014385
T2D-144A.snv.bam	0.27437468787	0.226540483956	0.226264903187	0.200364885237	0.00306098465121	0.26011526967	0.258635945014	0.232407606853	0.258286035554	0.199894053909	0.274105318663	0.259956762513	0.201916148834	0.202316285963	0.256471749605	0.260335703375	0.0	0.247063837675	0.259067901462	0.233163013161	0.277952984048	0.0957447132511	0.207873039996	0.213183162761	0.28009512116	0.203862975343	0.207701071711	0.197263540143	0.194036665691	0.19431062387	0.196425850346	0.193140070755
T2D-148A.snv.bam	0.231165357725	0.249653300286	0.284340029161	0.274436752763	0.24901863141	0.00392079341647	0.00160590397745	0.258649892049	0.00154954335282	0.27241938849	0.231986995138	0.00325981468717	0.278287061222	0.279028908986	0.00206853997484	0.00258510973403	0.247063837675	0.0	0.077370675461	0.271984902188	0.235754558169	0.242068756232	0.241143405206	0.237564024246	0.285297277201	0.276774112357	0.277020974098	0.286946996518	0.26318211871	0.266327348541	0.274970743542	0.270858601979
T2D-14A.snv.bam	0.221395186712	0.25940258619	0.295165482926	0.28314042861	0.260644505155	0.0857787846701	0.0847359958843	0.27046375718	0.0840216695677	0.284205757063	0.221743180462	0.0857390876311	0.293070589759	0.293420776838	0.0819809158484	0.0856170848141	0.259067901462	0.077370675461	0.0	0.267111061927	0.224961260645	0.261211609126	0.222962414485	0.231613758996	0.291169632371	0.295479412628	0.296004674839	0.301155143278	0.274985987562	0.277821319651	0.282546255371	0.277222102342
T2D-22A.snv.bam	0.252277106854	0.223732631571	0.196499089439	0.218032469711	0.234639794291	0.28393348028	0.282033148181	0.179838261594	0.282594169464	0.17794585523	0.252386763146	0.282708837542	0.22467795646	0.226480789508	0.279949994787	0.283543794204	0.233163013161	0.271984902188	0.267111061927	0.0	0.255967985419	0.244969814792	0.270153887156	0.270590242582	0.309143493153	0.227468548472	0.227378708214	0.224074510695	0.210992261826	0.213787705411	0.220443841216	0.221837629534
T2D-47A.snv.bam	0.00690673344816	0.207815548696	0.253661903735	0.27478502185	0.279124521589	0.241026603517	0.240163046179	0.252246313629	0.242657363428	0.242615915448	0.00663323309435	0.240695157346	0.266717589915	0.268089514298	0.237407238512	0.241049805861	0.277952984048	0.235754558169	0.224961260645	0.255967985419	0.0	0.256847178325	0.261437381789	0.254247246769	0.173586728729	0.268443965003	0.269082730347	0.277455425297	0.28671345645	0.289413187159	0.298308962488	0.281703330355
T2D-78A.snv.bam	0.252794878254	0.1961352657	0.190217624168	0.169144910123	0.0980325751728	0.254494167437	0.251644331891	0.223286521435	0.251429413498	0.162224439996	0.252527678094	0.25340851222	0.198464314854	0.199236691332	0.24949301185	0.253480153408	0.0957447132511	0.242068756232	0.261211609126	0.244969814792	0.256847178325	0.0	0.190001797419	0.197901217226	0.254379264038	0.200331908316	0.203616153721	0.193306553951	0.181391420833	0.181843762091	0.183778868885	0.175493599074
V1.CD12-3.snv.bam	0.257094675318	0.238221134105	0.294178654247	0.268673185633	0.208205148196	0.254142212769	0.25343961594	0.280590693091	0.248975761022	0.298780808627	0.257654875153	0.253075291692	0.283602341692	0.2836099141	0.250706007209	0.25427571622	0.207873039996	0.241143405206	0.222962414485	0.270153887156	0.261437381789	0.190001797419	0.0	0.053854867745	0.261357779871	0.285990197237	0.284953102453	0.28322407751	0.227705045966	0.226314231671	0.233475693187	0.226608431251
V1.CD20-0.snv.bam	0.24952647031	0.249855660556	0.286033640677	0.261054868052	0.212949689008	0.246960182032	0.245962048089	0.284644082763	0.237239780097	0.283364693884	0.250946804661	0.246427945572	0.268978347981	0.269725667328	0.243097057185	0.246364486492	0.213183162761	0.237564024246	0.231613758996	0.270590242582	0.254247246769	0.197901217226	0.053854867745	0.0	0.283635249265	0.266705243169	0.26682884219	0.267769841985	0.224296693391	0.223355519757	0.229945508517	0.22325832228
V1.UC39-4.snv.bam	0.170707416061	0.194306867505	0.282249488985	0.28340156373	0.280300779839	0.292347584123	0.291658077194	0.260468559641	0.296216385641	0.270913736622	0.169717139429	0.292104347337	0.291748330519	0.291449762116	0.293013698295	0.292588735219	0.28009512116	0.285297277201	0.291169632371	0.309143493153	0.173586728729	0.254379264038	0.261357779871	0.283635249265	0.0	0.293817194875	0.292492391658	0.305050718558	0.279969881839	0.283956292813	0.275723394588	0.279614874764
V1.UC48-0.snv.bam	0.264043535527	0.231759791809	0.20082027828	0.205869102878	0.204029438276	0.29178359412	0.290561618573	0.207033591889	0.29175727734	0.182737709287	0.264844569385	0.291721717722	0.00196712770583	0.00346383691864	0.288217417062	0.291342754928	0.203862975343	0.276774112357	0.295479412628	0.227468548472	0.268443965003	0.200331908316	0.285990197237	0.266705243169	0.293817194875	0.0	0.00338877575143	0.0016668771761	0.279981421269	0.282860194522	0.28776174175	0.278170029373
V1.UC49-0.snv.bam	0.26542834881	0.233326949685	0.204490569957	0.210542825331	0.206329609196	0.29220454568	0.291010930297	0.211463472178	0.292245803032	0.186446484336	0.265958124079	0.291013504493	0.003267083392	0.00317740293463	0.288632126095	0.291826709504	0.207701071711	0.277020974098	0.296004674839	0.227378708214	0.269082730347	0.203616153721	0.284953102453	0.26682884219	0.292492391658	0.00338877575143	0.0	0.00325137261113	0.276126158877	0.279881133453	0.283969030085	0.275866684336
V1.UC49-1.snv.bam	0.27279044215	0.235381054131	0.194008125611	0.201362039634	0.197818859649	0.302631599605	0.301003846154	0.208599028749	0.302745145371	0.178835459194	0.273378417842	0.301536071701	0.00140244176185	0.00257697985373	0.298478791663	0.301714490489	0.197263540143	0.286946996518	0.301155143278	0.224074510695	0.277455425297	0.193306553951	0.28322407751	0.267769841985	0.305050718558	0.0016668771761	0.00325137261113	0.0	0.269167116378	0.272368614719	0.277186639118	0.27229776848
scavenger-11-0-0.snv.bam	0.282175573764	0.205592276193	0.230538970535	0.226198399876	0.194657296038	0.276110169067	0.273857603575	0.115054383569	0.270767254261	0.219035132929	0.282798031658	0.274805717363	0.277494098869	0.277291381159	0.271636255099	0.27521470978	0.194036665691	0.26318211871	0.274985987562	0.210992261826	0.28671345645	0.181391420833	0.227705045966	0.224296693391	0.279969881839	0.279981421269	0.276126158877	0.269167116378	0.0	0.00399558848191	0.00405480629371	0.0041701869606
scavenger-11-7-0.snv.bam	0.28490197273	0.209729786343	0.23682379961	0.232729386319	0.195632078	0.279108843285	0.276710032392	0.121528702779	0.273346153188	0.226638694267	0.285514999444	0.27764378082	0.28039965438	0.280200008151	0.27453331442	0.278046576381	0.19431062387	0.266327348541	0.277821319651	0.213787705411	0.289413187159	0.181843762091	0.226314231671	0.223355519757	0.283956292813	0.282860194522	0.279881133453	0.272368614719	0.00399558848191	0.0	5.07305194805e-05	5.1948051948e-05
scavenger-12-7-0.snv.bam	0.293754428858	0.2125	0.240223097113	0.23447135794	0.197056178043	0.287594252213	0.285306490385	0.125275744221	0.282218733647	0.229788783011	0.294386612657	0.286269418451	0.28520516306	0.284999277886	0.283095194822	0.286684801374	0.196425850346	0.274970743542	0.282546255371	0.220443841216	0.298308962488	0.183778868885	0.233475693187	0.229945508517	0.275723394588	0.28776174175	0.283969030085	0.277186639118	0.00405480629371	5.07305194805e-05	0.0	0.0
scavenger-13-7-0.snv.bam	0.276300037543	0.205128205128	0.242008797654	0.229873459376	0.194002192982	0.282544133314	0.280153846154	0.124282362082	0.279764957265	0.231315930988	0.277451891361	0.281139884494	0.276050086974	0.276239260555	0.277386645299	0.281143014385	0.193140070755	0.270858601979	0.277222102342	0.221837629534	0.281703330355	0.175493599074	0.226608431251	0.22325832228	0.279614874764	0.278170029373	0.275866684336	0.27229776848	0.0041701869606	5.1948051948e-05	0.0	0.0
