	158337416-tonguedorsum1.snv.bam	158337416-tonguedorsum2.snv.bam	158479027-tonguedorsum1.snv.bam	158883629-tonguedorsum3.snv.bam	158944319-tonguedorsum1.snv.bam	159268001-tonguedorsum1.snv.bam	159470302-tonguedorsum1.snv.bam	159490532-tonguedorsum1.snv.bam	159510762-tonguedorsum2.snv.bam	159571453-tonguedorsum2.snv.bam	159733294-tonguedorsum1.snv.bam	159814214-tonguedorsum2.snv.bam	160218816-tonguedorsum1.snv.bam	160319967-tonguedorsum1.snv.bam	160380657-tonguedorsum1.snv.bam	160906640-tonguedorsum1.snv.bam	160947100-tonguedorsum1.snv.bam	234447334-tonguedorsum2.snv.bam	295137534-tonguedorsum2.snv.bam	604812005-tonguedorsum3.snv.bam	675950834-tonguedorsum1.snv.bam	763435843-tonguedorsum2.snv.bam	763860675-tonguedorsum2.snv.bam	764083206-tonguedorsum1.snv.bam	764083206-tonguedorsum2.snv.bam	764224817-tonguedorsum1.snv.bam	764224817-tonguedorsum2.snv.bam	765013792-tonguedorsum1.snv.bam	765337473-tonguedorsum1.snv.bam	765701615-tonguedorsum1.snv.bam	765701615-tonguedorsum2.snv.bam	937415040-tonguedorsum1.snv.bam	953045535-tonguedorsum2.snv.bam
158337416-tonguedorsum1.snv.bam	0.0	0.00036838790932	0.17825191049	0.280902027027	0.156188232831	0.00743126186838	0.213980247572	0.208824975959	0.192279075092	0.178706379583	0.202326409743	0.0999490856193	0.175198958333	0.204900522317	0.209725862246	0.159060983405	0.166115068431	0.185454260652	0.172947064042	0.209508835574	0.194604865856	0.153826726343	0.207921721681	0.173165962746	0.171897464535	0.200305434519	0.198458994709	0.190098770421	0.190892239963	0.197152606784	0.201867151298	0.185716790429	0.187675591014
158337416-tonguedorsum2.snv.bam	0.00036838790932	0.0	0.180057345356	0.27868852459	0.155033840948	0.00500316259239	0.218652787748	0.205900668412	0.197893772894	0.175620102686	0.206847745501	0.10101010101	0.179292929293	0.206953769423	0.209532978079	0.159698996656	0.166790039534	0.187341772152	0.172187807822	0.206755224426	0.195843926079	0.15873827792	0.210031410789	0.174790755904	0.173491620457	0.199819079752	0.198227848101	0.187062099752	0.189906772736	0.193974607908	0.199179694231	0.187583333333	0.18465855024
158479027-tonguedorsum1.snv.bam	0.17825191049	0.180057345356	0.0	0.278558281396	0.165836538662	0.182999806355	0.176696281961	0.192104833092	0.150589250045	0.186772288776	0.189684173346	0.206433775075	0.160390622167	0.165857335411	0.176459732404	0.151045043955	0.156892882112	0.163673496559	0.156047260053	0.175678036874	0.18343687894	0.213289215004	0.179862530896	0.167610934191	0.167950451338	0.195734027107	0.191356464008	0.168396690061	0.192861714239	0.176450688571	0.180788701906	0.173516136281	0.126999743543
158883629-tonguedorsum3.snv.bam	0.280902027027	0.27868852459	0.278558281396	0.0	0.263926325247	0.284792438051	0.277396825397	0.297316373073	0.275167144222	0.29288044558	0.288216788217	0.30563002681	0.286863270777	0.277543752544	0.288081214892	0.279678929766	0.279750396662	0.270777479893	0.254093415177	0.308634775814	0.295693321126	0.280835603996	0.300486674481	0.283309770152	0.282755278081	0.280760452329	0.282603515043	0.263118654607	0.277863460993	0.280604648173	0.275479417958	0.26534040672	0.280746481812
158944319-tonguedorsum1.snv.bam	0.156188232831	0.155033840948	0.165836538662	0.263926325247	0.0	0.160684093142	0.218214581118	0.214160610347	0.15899543379	0.200562333853	0.197116451427	0.170208333333	0.149833748961	0.20912593154	0.172554869594	0.17608667989	0.178026430452	0.174771404821	0.182177284738	0.199935869884	0.182329384317	0.191284013605	0.200139082309	0.172584146041	0.17240768659	0.204952670723	0.201236111111	0.183429510692	0.190794985216	0.16003211859	0.161568794014	0.150905349794	0.146009017269
159268001-tonguedorsum1.snv.bam	0.00743126186838	0.00500316259239	0.182999806355	0.284792438051	0.160684093142	0.0	0.223016059524	0.212806245173	0.200126574731	0.183008054879	0.211285786947	0.107244030685	0.184315786096	0.213864877327	0.213938471763	0.164198237119	0.171024161624	0.194755511639	0.177560893197	0.213629983573	0.195734044684	0.161457732676	0.216922630555	0.182719943811	0.181473395292	0.204541744511	0.202781072174	0.189131823159	0.195156782743	0.201561735924	0.206167168576	0.190021953286	0.18740617381
159470302-tonguedorsum1.snv.bam	0.213980247572	0.218652787748	0.176696281961	0.277396825397	0.218214581118	0.223016059524	0.0	0.172675478237	0.184256033037	0.213033478105	0.117263081897	0.205504479019	0.145737801293	0.129298222103	0.211877386013	0.194243868157	0.199189008856	0.133722300802	0.15132962545	0.20075430378	0.189982182247	0.182046657047	0.128879625176	0.15637781132	0.156027459988	0.197929903669	0.196071035675	0.128385181506	0.116359769812	0.177395027767	0.171449126035	0.181068808942	0.180467528581
159490532-tonguedorsum1.snv.bam	0.208824975959	0.205900668412	0.192104833092	0.297316373073	0.214160610347	0.212806245173	0.172675478237	0.0	0.200012654518	0.201551972968	0.16888221279	0.220204876823	0.170814930758	0.139646309593	0.211684651148	0.161090729011	0.177603364722	0.163020327768	0.17880133393	0.16916816509	0.205101077571	0.224411557872	0.181208932343	0.190248725311	0.190189814835	0.188437644822	0.189465649783	0.159180757778	0.16158388304	0.171406056295	0.16420552987	0.153408745034	0.171859195
159510762-tonguedorsum2.snv.bam	0.192279075092	0.197893772894	0.150589250045	0.275167144222	0.15899543379	0.200126574731	0.184256033037	0.200012654518	0.0	0.185768156734	0.204390681004	0.149954586739	0.163134057971	0.196295147505	0.0600282715986	0.178143059447	0.182419188601	0.161293260474	0.169440318287	0.137961573915	0.120098267862	0.168784530387	0.193869799592	0.174924179763	0.175400828111	0.135736875395	0.13752276867	0.179057422726	0.180620531761	0.166860810803	0.176062970759	0.191554357592	0.150239471888
159571453-tonguedorsum2.snv.bam	0.178706379583	0.175620102686	0.186772288776	0.29288044558	0.200562333853	0.183008054879	0.213033478105	0.201551972968	0.185768156734	0.0	0.221253123076	0.190754948902	0.194196673752	0.201770192645	0.195093042384	0.215241878188	0.210776451377	0.202201157014	0.167971772689	0.20068502913	0.216025388304	0.199468734606	0.217146616529	0.201788181656	0.200335900713	0.19314648488	0.193572899127	0.182562662672	0.200654272166	0.190071229891	0.189444224318	0.207017519211	0.216681785654
159733294-tonguedorsum1.snv.bam	0.202326409743	0.206847745501	0.189684173346	0.288216788217	0.197116451427	0.211285786947	0.117263081897	0.16888221279	0.204390681004	0.221253123076	0.0	0.201341390531	0.117514573397	0.123569993909	0.210380394147	0.185315587224	0.182867662635	0.0760342652235	0.154899406544	0.192629687239	0.190165672081	0.17072862336	0.0446727762904	0.18869679396	0.187763181536	0.196303624519	0.196891486081	0.127250330716	0.0686271569065	0.142760520426	0.150862357594	0.16985261961	0.193709767157
159814214-tonguedorsum2.snv.bam	0.0999490856193	0.10101010101	0.206433775075	0.30563002681	0.170208333333	0.107244030685	0.205504479019	0.220204876823	0.149954586739	0.190754948902	0.201341390531	0.0	0.15671641791	0.208816858817	0.166811521934	0.205147521441	0.192620716752	0.182044887781	0.167168083407	0.171581262324	0.170988730871	0.109584393554	0.191971240479	0.166946851157	0.166916889618	0.147733294792	0.145663618731	0.21659748504	0.147609547007	0.182899585218	0.194228830504	0.204515599343	0.203748974962
160218816-tonguedorsum1.snv.bam	0.175198958333	0.179292929293	0.160390622167	0.286863270777	0.149833748961	0.184315786096	0.145737801293	0.170814930758	0.163134057971	0.194196673752	0.117514573397	0.15671641791	0.0	0.127667797888	0.178657572125	0.179949626326	0.170413188297	0.0995024875622	0.164331644453	0.176884485924	0.16946297824	0.167681895093	0.119534587277	0.156828014607	0.158425685014	0.191488850442	0.189524599226	0.153777143886	0.108706133127	0.172027093636	0.162213178176	0.179443079443	0.166767617912
160319967-tonguedorsum1.snv.bam	0.204900522317	0.206953769423	0.165857335411	0.277543752544	0.20912593154	0.213864877327	0.129298222103	0.139646309593	0.196295147505	0.201770192645	0.123569993909	0.208816858817	0.127667797888	0.0	0.20279110408	0.206995268782	0.204976502715	0.0911264411264	0.157471604056	0.20405858626	0.172581387094	0.195626887732	0.120387360461	0.205748889826	0.205426491584	0.1794574153	0.179796929797	0.139701927386	0.125362150711	0.1829443651	0.168665404289	0.182091735126	0.196166285105
160380657-tonguedorsum1.snv.bam	0.209725862246	0.209532978079	0.176459732404	0.288081214892	0.172554869594	0.213938471763	0.211877386013	0.211684651148	0.0600282715986	0.195093042384	0.210380394147	0.166811521934	0.178657572125	0.20279110408	0.0	0.197454859777	0.195811406837	0.194078470085	0.171597337207	0.143560746961	0.100759925243	0.188193962096	0.210790402936	0.185725520244	0.186502406092	0.150555918196	0.152653368581	0.193834350503	0.192116184871	0.178994568282	0.181093016983	0.2037088169	0.170312409774
160906640-tonguedorsum1.snv.bam	0.159060983405	0.159698996656	0.151045043955	0.279678929766	0.17608667989	0.164198237119	0.194243868157	0.161090729011	0.178143059447	0.215241878188	0.185315587224	0.205147521441	0.179949626326	0.206995268782	0.197454859777	0.0	0.049552277965	0.175444551144	0.187781309046	0.179218209616	0.204269225682	0.199747756269	0.165940453058	0.183067434881	0.18202771181	0.20245621864	0.200664573146	0.182729960005	0.180749420511	0.18314448986	0.196005313949	0.159087477138	0.16075210729
160947100-tonguedorsum1.snv.bam	0.166115068431	0.166790039534	0.156892882112	0.279750396662	0.178026430452	0.171024161624	0.199189008856	0.177603364722	0.182419188601	0.210776451377	0.182867662635	0.192620716752	0.170413188297	0.204976502715	0.195811406837	0.049552277965	0.0	0.173317439384	0.178167994125	0.185333030257	0.199639284933	0.181500798779	0.15846377907	0.184521079872	0.183948789458	0.197092280412	0.195216329025	0.180245339252	0.175759949557	0.185885514029	0.190407574446	0.17528584569	0.168126496031
234447334-tonguedorsum2.snv.bam	0.185454260652	0.187341772152	0.163673496559	0.270777479893	0.174771404821	0.194755511639	0.133722300802	0.163020327768	0.161293260474	0.202201157014	0.0760342652235	0.182044887781	0.0995024875622	0.0911264411264	0.194078470085	0.175444551144	0.173317439384	0.0	0.159772749279	0.184887944233	0.161606260316	0.165143824027	0.0750558175931	0.181783365994	0.182015351421	0.177217324276	0.177086788281	0.124308927826	0.0716631135572	0.185288388125	0.173208662734	0.165106732348	0.174648570639
295137534-tonguedorsum2.snv.bam	0.172947064042	0.172187807822	0.156047260053	0.254093415177	0.182177284738	0.177560893197	0.15132962545	0.17880133393	0.169440318287	0.167971772689	0.154899406544	0.167168083407	0.164331644453	0.157471604056	0.171597337207	0.187781309046	0.178167994125	0.159772749279	0.0	0.163439584451	0.177805174712	0.158130765973	0.15487000151	0.155043924688	0.154927327899	0.182021215296	0.18239852537	0.166806950421	0.157445904257	0.160612629158	0.170610034377	0.174791207775	0.164681710006
604812005-tonguedorsum3.snv.bam	0.209508835574	0.206755224426	0.175678036874	0.308634775814	0.199935869884	0.213629983573	0.20075430378	0.16916816509	0.137961573915	0.20068502913	0.192629687239	0.171581262324	0.176884485924	0.20405858626	0.143560746961	0.179218209616	0.185333030257	0.184887944233	0.163439584451	0.0	0.17667615721	0.199355039029	0.19470949775	0.154427679752	0.154489490852	0.155599015948	0.154763704025	0.179627553269	0.165240536809	0.151030683446	0.156277525572	0.160368016756	0.150118050381
675950834-tonguedorsum1.snv.bam	0.194604865856	0.195843926079	0.18343687894	0.295693321126	0.182329384317	0.195734044684	0.189982182247	0.205101077571	0.120098267862	0.216025388304	0.190165672081	0.170988730871	0.16946297824	0.172581387094	0.100759925243	0.204269225682	0.199639284933	0.161606260316	0.177805174712	0.17667615721	0.0	0.201315434658	0.181190993755	0.20267929041	0.202122148384	0.14675845315	0.147780971885	0.171467454658	0.160485000425	0.204090493318	0.193722307371	0.193519687168	0.178541100905
763435843-tonguedorsum2.snv.bam	0.153826726343	0.15873827792	0.213289215004	0.280835603996	0.191284013605	0.161457732676	0.182046657047	0.224411557872	0.168784530387	0.199468734606	0.17072862336	0.109584393554	0.167681895093	0.195626887732	0.188193962096	0.199747756269	0.181500798779	0.165143824027	0.158130765973	0.199355039029	0.201315434658	0.0	0.155429201368	0.190607760968	0.190004202005	0.183443903877	0.184139100933	0.210927721623	0.127362573629	0.201598857405	0.205888588254	0.213819095477	0.232577672327
763860675-tonguedorsum2.snv.bam	0.207921721681	0.210031410789	0.179862530896	0.300486674481	0.200139082309	0.216922630555	0.128879625176	0.181208932343	0.193869799592	0.217146616529	0.0446727762904	0.191971240479	0.119534587277	0.120387360461	0.210790402936	0.165940453058	0.15846377907	0.0750558175931	0.15487000151	0.19470949775	0.181190993755	0.155429201368	0.0	0.203819285863	0.203574512222	0.191911494247	0.189953551148	0.146760862676	0.0797531429487	0.152035050347	0.162582424544	0.189471407653	0.206142705796
764083206-tonguedorsum1.snv.bam	0.173165962746	0.174790755904	0.167610934191	0.283309770152	0.172584146041	0.182719943811	0.15637781132	0.190248725311	0.174924179763	0.201788181656	0.18869679396	0.166946851157	0.156828014607	0.205748889826	0.185725520244	0.183067434881	0.184521079872	0.181783365994	0.155043924688	0.154427679752	0.20267929041	0.190607760968	0.203819285863	0.0	0.00336480944049	0.187522068458	0.182247466458	0.186266214306	0.176982777513	0.184811686134	0.192267744521	0.169949425468	0.159876530763
764083206-tonguedorsum2.snv.bam	0.171897464535	0.173491620457	0.167950451338	0.282755278081	0.17240768659	0.181473395292	0.156027459988	0.190189814835	0.175400828111	0.200335900713	0.187763181536	0.166916889618	0.158425685014	0.205426491584	0.186502406092	0.18202771181	0.183948789458	0.182015351421	0.154927327899	0.154489490852	0.202122148384	0.190004202005	0.203574512222	0.00336480944049	0.0	0.187686939553	0.182414768085	0.185343301188	0.177018289998	0.183059297222	0.190731897366	0.169391809509	0.159959896666
764224817-tonguedorsum1.snv.bam	0.200305434519	0.199819079752	0.195734027107	0.280760452329	0.204952670723	0.204541744511	0.197929903669	0.188437644822	0.135736875395	0.19314648488	0.196303624519	0.147733294792	0.191488850442	0.1794574153	0.150555918196	0.20245621864	0.197092280412	0.177217324276	0.182021215296	0.155599015948	0.14675845315	0.183443903877	0.191911494247	0.187522068458	0.187686939553	0.0	0.00069695363813	0.175407614297	0.148568668301	0.175492324594	0.19072277487	0.161231677137	0.192088530434
764224817-tonguedorsum2.snv.bam	0.198458994709	0.198227848101	0.191356464008	0.282603515043	0.201236111111	0.202781072174	0.196071035675	0.189465649783	0.13752276867	0.193572899127	0.196891486081	0.145663618731	0.189524599226	0.179796929797	0.152653368581	0.200664573146	0.195216329025	0.177086788281	0.18239852537	0.154763704025	0.147780971885	0.184139100933	0.189953551148	0.182247466458	0.182414768085	0.00069695363813	0.0	0.172595273874	0.148450793097	0.173773708216	0.188771361007	0.158018609743	0.189775155583
765013792-tonguedorsum1.snv.bam	0.190098770421	0.187062099752	0.168396690061	0.263118654607	0.183429510692	0.189131823159	0.128385181506	0.159180757778	0.179057422726	0.182562662672	0.127250330716	0.21659748504	0.153777143886	0.139701927386	0.193834350503	0.182729960005	0.180245339252	0.124308927826	0.166806950421	0.179627553269	0.171467454658	0.210927721623	0.146760862676	0.186266214306	0.185343301188	0.175407614297	0.172595273874	0.0	0.137413993206	0.168337831955	0.152687414898	0.169639454959	0.137802014307
765337473-tonguedorsum1.snv.bam	0.190892239963	0.189906772736	0.192861714239	0.277863460993	0.190794985216	0.195156782743	0.116359769812	0.16158388304	0.180620531761	0.200654272166	0.0686271569065	0.147609547007	0.108706133127	0.125362150711	0.192116184871	0.180749420511	0.175759949557	0.0716631135572	0.157445904257	0.165240536809	0.160485000425	0.127362573629	0.0797531429487	0.176982777513	0.177018289998	0.148568668301	0.148450793097	0.137413993206	0.0	0.161794880505	0.152708637146	0.172449148107	0.199408448766
765701615-tonguedorsum1.snv.bam	0.197152606784	0.193974607908	0.176450688571	0.280604648173	0.16003211859	0.201561735924	0.177395027767	0.171406056295	0.166860810803	0.190071229891	0.142760520426	0.182899585218	0.172027093636	0.1829443651	0.178994568282	0.18314448986	0.185885514029	0.185288388125	0.160612629158	0.151030683446	0.204090493318	0.201598857405	0.152035050347	0.184811686134	0.183059297222	0.175492324594	0.173773708216	0.168337831955	0.161794880505	0.0	0.0319929610826	0.159659891744	0.159528791212
765701615-tonguedorsum2.snv.bam	0.201867151298	0.199179694231	0.180788701906	0.275479417958	0.161568794014	0.206167168576	0.171449126035	0.16420552987	0.176062970759	0.189444224318	0.150862357594	0.194228830504	0.162213178176	0.168665404289	0.181093016983	0.196005313949	0.190407574446	0.173208662734	0.170610034377	0.156277525572	0.193722307371	0.205888588254	0.162582424544	0.192267744521	0.190731897366	0.19072277487	0.188771361007	0.152687414898	0.152708637146	0.0319929610826	0.0	0.163892637434	0.16230440131
937415040-tonguedorsum1.snv.bam	0.185716790429	0.187583333333	0.173516136281	0.26534040672	0.150905349794	0.190021953286	0.181068808942	0.153408745034	0.191554357592	0.207017519211	0.16985261961	0.204515599343	0.179443079443	0.182091735126	0.2037088169	0.159087477138	0.17528584569	0.165106732348	0.174791207775	0.160368016756	0.193519687168	0.213819095477	0.189471407653	0.169949425468	0.169391809509	0.161231677137	0.158018609743	0.169639454959	0.172449148107	0.159659891744	0.163892637434	0.0	0.167687777574
953045535-tonguedorsum2.snv.bam	0.187675591014	0.18465855024	0.126999743543	0.280746481812	0.146009017269	0.18740617381	0.180467528581	0.171859195	0.150239471888	0.216681785654	0.193709767157	0.203748974962	0.166767617912	0.196166285105	0.170312409774	0.16075210729	0.168126496031	0.174648570639	0.164681710006	0.150118050381	0.178541100905	0.232577672327	0.206142705796	0.159876530763	0.159959896666	0.192088530434	0.189775155583	0.137802014307	0.199408448766	0.159528791212	0.16230440131	0.167687777574	0.0
