	158499257-stool2.snv.bam	158984779-stool1.snv.bam	159369152-stool1.snv.bam	159490532-stool1.snv.bam	159490532-stool2.snv.bam	159551223-stool1.snv.bam	159551223-stool2.snv.bam	159571453-stool1.snv.bam	159571453-stool2.snv.bam	159591683-stool1.snv.bam	159591683-stool2.snv.bam	159632143-stool1.snv.bam	159733294-stool1.snv.bam	160421117-stool1.snv.bam	160421117-stool2.snv.bam	160421117-stool3.snv.bam	246515023-stool1.snv.bam	246515023-stool2.snv.bam	246515023-stool3.snv.bam	375450439-stool3.snv.bam	404239096-stool1.snv.bam	517810313-stool2.snv.bam	604812005-stool3.snv.bam	706846339-stool1.snv.bam	763496533-stool2.snv.bam	763536994-stool2.snv.bam	763860675-stool2.snv.bam	764042746-stool2.snv.bam	764083206-stool1.snv.bam	764325968-stool1.snv.bam	764588959-stool1.snv.bam	764588959-stool2.snv.bam	765074482-stool1.snv.bam	765074482-stool3.snv.bam	840279516-stool1.snv.bam	BGI003A.snv.bam	CCIS64773582ST-4-0.snv.bam	CCMD63399960ST-21-0.snv.bam	CCMD64503764ST-21-0.snv.bam	CCMD93344354ST-21-0.snv.bam	M4.2-V2.metaG.snv.bam	M4.2-V2.metaT.snv.bam	MH0119.snv.bam	MH0187.snv.bam	MH0220.snv.bam	MH0227.snv.bam	MH0236.snv.bam	MH0246.snv.bam	MH0266.snv.bam	MH0274.snv.bam	MH0287.snv.bam	MH0289.snv.bam	MH0327.snv.bam	MH0341.snv.bam	MH0395.snv.bam	MH0406.snv.bam	MH0424.snv.bam	MH0431.snv.bam	MH0441.snv.bam	MH0450.snv.bam	MH0462.snv.bam	MMRS16644320ST-27-0-0.snv.bam	MMRS57569834ST-27-0-0.snv.bam	N046A.snv.bam	O2.CD2-0-PT.snv.bam	O2.UC15-0.snv.bam	O2.UC19-1.snv.bam	O2.UC35-1.snv.bam	SZEY-48A.snv.bam	SZEY-74A.snv.bam	V1.CD1-0-PT.snv.bam	V1.CD15-3.snv.bam	V1.CD25-4.snv.bam	V1.CD36-0.snv.bam	V1.CD37-4.snv.bam	V1.CD43-0.snv.bam	V1.CD44-0.snv.bam	V1.CD44-4.snv.bam	V1.CD45-0.snv.bam	V1.CD51-0.snv.bam	V1.CD53-0.snv.bam	V1.FI07.snv.bam	V1.FI11.snv.bam	V1.FI13.snv.bam	V1.FI15.snv.bam	V1.FI16.snv.bam	V1.FI18.snv.bam	V1.FI19.snv.bam	V1.FI20.snv.bam	V1.FI27.snv.bam	V1.FI29.snv.bam	V1.UC25-1.snv.bam	V1.UC47-4.snv.bam	bugkiller-11-0-0.snv.bam	bugkiller-11-2-0.snv.bam	bugkiller-11-60-0.snv.bam	bugkiller-11-7-0.snv.bam	bugkiller-11-773-0.snv.bam	bugkiller-12-7-0.snv.bam	bugkiller-13-7-0.snv.bam	halbarad-11-7-0.snv.bam	halbarad-12-7-0.snv.bam	halbarad-13-7-0.snv.bam	peacemaker-11-0-0.snv.bam	peacemaker-11-7-0.snv.bam
158499257-stool2.snv.bam	0.0	0.122903986156	0.27945052891	0.14786501154	0.152595704015	0.154856010238	0.15314703093	0.120201271837	0.115907152025	0.122701090091	0.121856765522	0.113943049136	0.115835566584	0.169052078968	0.1524983145	0.154278780226	0.132274646558	0.138691681777	0.136494079043	0.31960263502	0.119975629375	0.310508197926	0.137800045186	0.117654285199	0.112247994755	0.124352986955	0.12199001525	0.113843411016	0.136582434373	0.11194258092	0.165492931801	0.155585580572	0.0970872440695	0.109441751656	0.292159894445	0.130488980485	0.203205525388	0.111884618405	0.112615459037	0.119354382406	0.142186430683	0.133509964223	0.101823929477	0.134555671407	0.107683592766	0.116673329662	0.105392856226	0.146799762191	0.119130251754	0.152072932452	0.110700562839	0.120539316143	0.122147455415	0.127885850607	0.138751205625	0.120184318078	0.119076643815	0.110515095011	0.143275834251	0.130665358137	0.113328876181	0.106751069304	0.11276633062	0.115251820248	0.134013195514	0.145536362342	0.109706440772	0.12245143814	0.11334378528	0.143517356648	0.117180850626	0.151136451997	0.100669009642	0.106436695744	0.115408013789	0.131603729135	0.264745542192	0.242607077113	0.119381591251	0.112040941594	0.161489166171	0.121903717627	0.111977268994	0.111826943029	0.104796922994	0.122785724671	0.0976895063711	0.120604248698	0.128529915852	0.113171992794	0.108443085078	0.104376516201	0.113619060635	0.112481555127	0.111572711709	0.117424795383	0.116377786253	0.110515721817	0.116571596185	0.111421835259	0.11577924612	0.117062868034	0.110836310202	0.112888758438	0.112512883009
158984779-stool1.snv.bam	0.122903986156	0.0	0.313347214209	0.129779520439	0.135360482043	0.14137177563	0.139542857671	0.0316050735481	0.0427497153205	0.0244070707513	0.0237492032283	0.0821348973581	0.00325744753758	0.110364895574	0.0934182590234	0.0953389830508	0.0932971286579	0.10211007655	0.0962153518124	0.332632998956	0.161355054454	0.323720349563	0.113928336399	0.155210032953	0.149335521104	0.00754940492262	0.0282314668858	0.083650730445	0.0973748473748	0.130798695072	0.158462798925	0.143867924528	0.0494818722944	0.0557840804742	0.334034028211	0.0959436349956	0.128051818635	0.109265247137	0.0814590400117	0.0923003728589	0.100871215206	0.0976613341681	0.0651037131237	0.169367072672	0.0542605572296	0.158536963765	0.0557375046812	0.105723588969	0.0290526080849	0.134730944541	0.0485765488991	0.0260357473246	0.0256853444373	0.143890447541	0.109985484093	0.0261031997995	0.0262610976594	0.0574687791783	0.117148200095	0.139928230306	0.0806246538066	0.156871501929	0.0675561030508	0.101471669713	0.173705942635	0.119734134268	0.0561842891063	0.0279784011841	0.101098112655	0.113191462695	0.151203366697	0.130908159207	0.123978048772	0.0393695830485	0.138064814365	0.176242742791	0.279835951296	0.25653577192	0.159349572371	0.0793265821302	0.170534691365	0.027378902663	0.0798196309554	0.0793846585877	0.146673800436	0.164657312792	0.152277994529	0.157734482969	0.0522034404824	0.0692836021878	0.0771021232978	0.117846577151	0.0970680454137	0.117733574879	0.114511839978	0.12839342207	0.126101685189	0.112447618192	0.12789968673	0.117056207338	0.0251785687623	0.0217905738513	0.0239651416122	0.0745866535281	0.0794065465118
159369152-stool1.snv.bam	0.27945052891	0.313347214209	0.0	0.251502921773	0.252023024279	0.258757101331	0.257068994193	0.309793066914	0.30708918395	0.310842905123	0.310551550946	0.306917691828	0.320771445987	0.238365961093	0.241369248087	0.240806615807	0.305594460945	0.312714781485	0.307620373068	0.214686222422	0.310945692339	0.217663952153	0.263848896034	0.322401907664	0.314358850502	0.318273764016	0.310738721918	0.302584871025	0.334909713721	0.316975884858	0.348420705077	0.36785941534	0.315841370303	0.315150313613	0.0503114147938	0.272402034644	0.176718507274	0.314114721592	0.284975320953	0.303515811034	0.328947940913	0.363573864854	0.304847164141	0.311991087726	0.323956086784	0.312194405459	0.314249731746	0.328648876231	0.310807677772	0.257998834522	0.319993881244	0.308756218902	0.311853038062	0.302524333231	0.312254482129	0.308315958218	0.312991152745	0.313418386512	0.263932125329	0.247714456596	0.295991863934	0.320882115957	0.304325486283	0.323490945179	0.32418954728	0.264475470439	0.315062012369	0.311252127896	0.325812043953	0.259723718547	0.31792459965	0.256201591625	0.288602642051	0.303967138159	0.33014033183	0.318794063175	0.244998043922	0.25102831656	0.315847705162	0.303522119534	0.34114256057	0.310811653665	0.302394739219	0.303859177646	0.30706008749	0.313150401182	0.326861358938	0.316701528344	0.325392545725	0.309702947464	0.300777525251	0.285870529969	0.306318287207	0.311281537065	0.310172308327	0.311379428344	0.307261871602	0.309948231399	0.310514998672	0.308643904616	0.308527756205	0.315345337881	0.310191016751	0.301442202643	0.303709297523
159490532-stool1.snv.bam	0.14786501154	0.129779520439	0.251502921773	0.0	0.00154383711983	0.0117251790799	0.0116855179209	0.124319473256	0.122489472207	0.125527503401	0.124890140332	0.125502863306	0.124582925778	0.173858978747	0.159521546209	0.161298456259	0.123056277186	0.126661851646	0.12429610598	0.297361087751	0.167480642071	0.290725398403	0.00115425911615	0.168647253744	0.165803468638	0.135445384987	0.124636352821	0.125051565395	0.132725443617	0.173097484909	0.195823005436	0.185011080501	0.120273673884	0.12853426661	0.287597405304	0.021998876408	0.160101526731	0.166131991005	0.102370611458	0.114519527894	0.143487315778	0.144057706342	0.106947517918	0.193669961578	0.134693421698	0.189339199791	0.127101930708	0.141610718847	0.12351893515	0.00826827438921	0.130499494729	0.122703150972	0.12452181056	0.148431861884	0.152192408738	0.122497693191	0.123902906073	0.129909920455	0.00183050836223	0.194856785823	0.11587294375	0.175947281279	0.106948424843	0.126278057123	0.190171609611	0.00163913585572	0.128919231498	0.124945436076	0.126333678692	0.00191290211362	0.187605074326	0.00214096374046	0.153239906707	0.116906531149	0.193314241885	0.195633021351	0.249302732634	0.228788489412	0.190772974323	0.122642373925	0.205045533358	0.124836203504	0.123392668517	0.123083561528	0.159562058815	0.196423559016	0.17438165833	0.189483369125	0.13582586165	0.136344811357	0.121417320041	0.154659260639	0.137666433483	0.153009349059	0.150940151369	0.161520444293	0.161491905587	0.152007482985	0.164068766635	0.146690918949	0.122640406375	0.121797646996	0.124748773534	0.123531433397	0.12342057818
159490532-stool2.snv.bam	0.152595704015	0.135360482043	0.252023024279	0.00154383711983	0.0	0.0118132443992	0.0117388577455	0.129872968492	0.127821413079	0.130700772767	0.12985556491	0.130311951337	0.130764794609	0.178962162937	0.165051414514	0.166801830836	0.126311693435	0.129702408441	0.128036863521	0.297387618967	0.172476898495	0.290811635788	0.00180034528997	0.17420558231	0.170864845493	0.140567969896	0.129981426779	0.130710684247	0.136949101921	0.1775832983	0.200476839177	0.190673648506	0.126233022316	0.134068349292	0.287715275117	0.021878471358	0.161333928809	0.171300637586	0.108257074529	0.119109540386	0.147591736822	0.149925494439	0.113183394862	0.198454773603	0.140280760678	0.193731892609	0.132341303163	0.145089775628	0.129648038213	0.00851624512875	0.136339399547	0.128301892102	0.130133534621	0.153176171213	0.157589998146	0.127820225835	0.129579655947	0.135570583751	0.00191072797881	0.200037375211	0.121105286082	0.180915450443	0.112797210437	0.131616038767	0.194976832528	0.00211635699477	0.134013011572	0.130558389873	0.131718721923	0.00217587164429	0.192350633129	0.00220983868171	0.158037557445	0.122819459321	0.198221628172	0.200293639886	0.249800171376	0.229304106729	0.195468334545	0.128274513274	0.21230913133	0.129878174673	0.128397607364	0.128113853267	0.164346088875	0.20048384458	0.178932085822	0.193974272588	0.140835392143	0.141423003046	0.127147020078	0.159552419102	0.142348054863	0.158315718344	0.156191634257	0.166695178343	0.166645535898	0.1572938338	0.169180066957	0.152203213544	0.128222700592	0.127835220941	0.130473286023	0.129363739625	0.129133790496
159551223-stool1.snv.bam	0.154856010238	0.14137177563	0.258757101331	0.0117251790799	0.0118132443992	0.0	0.00111010343988	0.135819633819	0.133676869974	0.136679843462	0.135825252635	0.136632566111	0.137232826846	0.184893591158	0.168882312314	0.170624697404	0.13246783672	0.135806619216	0.134000868964	0.303342573293	0.174157056517	0.294710116974	0.0121797549251	0.176086839929	0.173148528437	0.146671304763	0.1360634916	0.136908508787	0.14322266601	0.17551315619	0.194049150293	0.183458717583	0.128027022361	0.135836903973	0.293664402376	0.0330347928476	0.165510482337	0.172493791768	0.114140749624	0.124830736584	0.153663806571	0.158739321403	0.119230732655	0.1919809659	0.142319939872	0.191778675317	0.134352631574	0.151236008484	0.135781600944	0.0181415554538	0.13831054248	0.134505879544	0.136440155042	0.154040466138	0.155210259189	0.13373940764	0.135515692953	0.137369441437	0.0127558471703	0.204518927988	0.127467915288	0.178757419083	0.118618533618	0.125055714494	0.196740702719	0.0123785046748	0.135998828491	0.136362505914	0.125122731893	0.0127559774548	0.190145123429	0.012331540908	0.16447706908	0.128674621989	0.200614441223	0.193969114126	0.255793812587	0.235670646362	0.193538740965	0.134096656449	0.205508197575	0.136002661375	0.134404005704	0.134301344119	0.162268487559	0.198670911621	0.180885840354	0.19196009073	0.138155367762	0.146019032164	0.132904790067	0.166172690419	0.147072754573	0.158853674882	0.157137468707	0.166125407981	0.167554894072	0.157925534257	0.169914574572	0.154476829523	0.134136651997	0.134102476401	0.136786917401	0.135181682908	0.13492501761
159551223-stool2.snv.bam	0.15314703093	0.139542857671	0.257068994193	0.0116855179209	0.0117388577455	0.00111010343988	0.0	0.133946903444	0.131915111584	0.134983020461	0.134163198007	0.13485774314	0.135325465119	0.183401827397	0.167156211063	0.168905882889	0.132834517233	0.136155202027	0.134266535355	0.302123243232	0.172545194123	0.29340614456	0.0121711262052	0.174272585834	0.171218272867	0.144750883443	0.134347236097	0.13518146744	0.143147616145	0.173891196282	0.192536032888	0.181540881659	0.126227601439	0.134058648234	0.292492161443	0.0331700951278	0.163823166056	0.170693855376	0.112205953381	0.124155993095	0.153545544753	0.158752376198	0.11732692289	0.190058384667	0.140456557607	0.190284986183	0.132690453185	0.151343492741	0.133925814758	0.0183584160787	0.136477922444	0.132722715515	0.134746788806	0.15231928489	0.153480586259	0.132078510905	0.133789839111	0.135695194882	0.0127900826278	0.202719697154	0.125567750508	0.177019668429	0.116625239344	0.123249797337	0.195197014117	0.0125136705039	0.134092398733	0.134621160328	0.123271072346	0.0128120727986	0.188488393845	0.0124084893514	0.162549248096	0.126929230266	0.198623856805	0.192242753163	0.254411005743	0.234158885534	0.191825903797	0.132404210043	0.203836542155	0.134211105527	0.132700501219	0.132443381016	0.160572532643	0.196961549263	0.179317062542	0.190314329013	0.136604459374	0.144222384181	0.131158865303	0.164210966943	0.145459008983	0.156991691536	0.155264222063	0.16426692211	0.165707041379	0.156007597439	0.168076669173	0.15249552217	0.132297617402	0.132172639405	0.1350027318	0.133410385062	0.133182987891
159571453-stool1.snv.bam	0.120201271837	0.0316050735481	0.309793066914	0.124319473256	0.129872968492	0.135819633819	0.133946903444	0.0	0.0144179490274	0.0101974747882	0.00955475047543	0.083608185128	0.0291534527647	0.111152313687	0.0950346031818	0.0969318052716	0.0918963447011	0.0965322174573	0.093295459995	0.327826666545	0.156511285377	0.319627202614	0.109306756038	0.152501064993	0.145190123681	0.0321704184224	0.00984763108268	0.0854246636445	0.100754738903	0.135592684646	0.15617533119	0.147723491946	0.0411435111108	0.0440089718119	0.328842111472	0.0924445311256	0.121565670236	0.10486644834	0.0723644088343	0.0881869887561	0.101922836035	0.103737609359	0.0692449010129	0.169455288082	0.0418058312265	0.163400139837	0.043510259135	0.108863599367	0.0100476761074	0.128643194635	0.0389578064943	0.00796063531353	0.00933479175275	0.144467412518	0.103073135742	0.0079297251869	0.00800539353593	0.045180274389	0.116592299636	0.141239532345	0.0655187232515	0.156105668095	0.0679758043839	0.105889637859	0.165720950339	0.116772230305	0.0445433873193	0.00993020279472	0.105808600627	0.108187252475	0.154803255598	0.127527836404	0.124762678705	0.0228524117856	0.137246099884	0.175982121923	0.275747748428	0.25299819635	0.164418090818	0.0813172394416	0.169616104554	0.00956303900693	0.081887335108	0.0812270342262	0.1480747297	0.169919858923	0.14929925559	0.162321991785	0.038077972969	0.0547562439682	0.0793348952416	0.118397418571	0.0986704728934	0.123607476338	0.118964067126	0.132822157496	0.130755953234	0.118450005468	0.132976837487	0.119044116105	0.0156143209161	0.0137378452772	0.0132778830617	0.0789143187897	0.081419647239
159571453-stool2.snv.bam	0.115907152025	0.0427497153205	0.30708918395	0.122489472207	0.127821413079	0.133676869974	0.131915111584	0.0144179490274	0.0	0.0212061971466	0.0204833674041	0.0854307427204	0.0380520845126	0.122131149053	0.106147303148	0.108021208173	0.103236172408	0.10820422128	0.104874681555	0.319951365233	0.150809023315	0.311576504836	0.108412868339	0.14601535008	0.141366029466	0.0436187513694	0.020980887715	0.0864013393386	0.109138450972	0.146707712268	0.154321309825	0.148367260821	0.0344318518822	0.0334220432365	0.323751137925	0.102823256544	0.120408672037	0.109257671526	0.0763342412734	0.0913434983165	0.11046082036	0.113783571813	0.0792102304284	0.168168328812	0.0343130119507	0.164106110809	0.0336775638808	0.117045252563	0.0209987949866	0.126813943488	0.0314492718586	0.0185803981879	0.0202732493974	0.144984109787	0.114561318741	0.0189372081576	0.0190484283236	0.0349049447397	0.115772307812	0.142048113553	0.0670264511001	0.149923461597	0.0792355136193	0.104371009638	0.157039688749	0.113410078368	0.0340063662324	0.020503188511	0.103898005856	0.107647911587	0.155215187981	0.125545514296	0.127596046524	0.0138425752942	0.129876690454	0.17330551189	0.272490886198	0.24929616143	0.164259446602	0.0828804670009	0.169959869581	0.0203318018487	0.0833684640964	0.0829379484127	0.14807923227	0.17001494382	0.144538606022	0.162675641639	0.0491808523568	0.0648788249127	0.0806935185881	0.121356254768	0.0998810681842	0.126609946879	0.122405120158	0.135621673129	0.13336146661	0.123443695563	0.136911206453	0.121558095614	0.0263339253498	0.0248510993656	0.0231556846552	0.0804248969384	0.0827782705854
159591683-stool1.snv.bam	0.122701090091	0.0244070707513	0.310842905123	0.125527503401	0.130700772767	0.136679843462	0.134983020461	0.0101974747882	0.0212061971466	0.0	0.00209709936955	0.0841626517124	0.0224565477283	0.10784350385	0.0919259369062	0.093829656116	0.0892197706837	0.0936890531593	0.0905147008219	0.330110266915	0.158656744128	0.321758571947	0.112095003978	0.154831521487	0.147181222541	0.0247183735153	0.00642638994195	0.0858020247478	0.100071477252	0.132650471036	0.157200663136	0.148885032004	0.0423568558978	0.0465817242108	0.33095129521	0.0916165082939	0.121710970814	0.105339612085	0.0718983222572	0.0891389002921	0.104052692655	0.103705553353	0.0673908544077	0.17088332299	0.0439580098969	0.163584385499	0.0456769121537	0.108001224774	0.00636616787807	0.130050782618	0.0412943783106	0.00441738615021	0.0053387934564	0.145401878578	0.100750161453	0.00389067575596	0.00385445733579	0.0477607880313	0.117257915208	0.14184162678	0.066290792646	0.15863168047	0.0650514280194	0.107016086679	0.168553595849	0.117913696401	0.0468468067214	0.00621821092373	0.10714198425	0.11079811917	0.154859553023	0.128231720438	0.123668538939	0.0252407104843	0.139713352024	0.177395588345	0.277432850109	0.254261551031	0.164507558331	0.0816693076216	0.170239871428	0.00595646220783	0.0820994762962	0.081768749365	0.148190483409	0.170211989805	0.151555800124	0.163046548746	0.0382283209416	0.0555896619158	0.0799693199502	0.117524903695	0.0998542871882	0.12388301359	0.119240742962	0.133034706366	0.131032058605	0.118728986936	0.133251808954	0.119581414873	0.0121205192884	0.0103360019717	0.00991470119029	0.0795277898052	0.0820540719475
159591683-stool2.snv.bam	0.121856765522	0.0237492032283	0.310551550946	0.124890140332	0.12985556491	0.135825252635	0.134163198007	0.00955475047543	0.0204833674041	0.00209709936955	0.0	0.0835481694222	0.0216936969744	0.107281007256	0.0913449220957	0.0932498593659	0.0885698683883	0.0931165527846	0.0898440540154	0.329634943842	0.158198969977	0.321495694863	0.111455079668	0.15427377861	0.146920451245	0.024198563255	0.00580503856412	0.0855846922409	0.0995512579289	0.132290115389	0.156740255448	0.148187615522	0.0427081332109	0.0459312292302	0.330824980025	0.0908820270183	0.121165871622	0.104658523345	0.0712340046518	0.0884854463507	0.103331333692	0.103368781846	0.0674172350538	0.170268257494	0.043472335163	0.163032629207	0.045223995043	0.10734066183	0.006217100169	0.129213020166	0.0404451512458	0.0040046945553	0.00543000063306	0.145081143572	0.100668948358	0.00380063494835	0.00381388223111	0.0473082971745	0.116588056081	0.141119917122	0.0658649165743	0.158039630791	0.0646505254289	0.106882529009	0.168112744508	0.117256879791	0.0463407397133	0.00591762797061	0.106747470312	0.110381268949	0.154447314932	0.127886691572	0.123222472762	0.0250011383662	0.13931992361	0.176884221754	0.276889504037	0.254020752352	0.164191318254	0.0812947591146	0.169595155299	0.00540095389152	0.0814730015701	0.0811095420124	0.147669478027	0.169440378808	0.150756178028	0.162447306879	0.0379106916619	0.0551305019753	0.0792807141161	0.116884693853	0.0992635552039	0.123416097676	0.118751027787	0.132629590146	0.130564179977	0.118256234572	0.132785851799	0.118991805341	0.0116983112768	0.00980570592253	0.00955860944557	0.0789155322586	0.0813959492715
159632143-stool1.snv.bam	0.113943049136	0.0821348973581	0.306917691828	0.125502863306	0.130311951337	0.136632566111	0.13485774314	0.083608185128	0.0854307427204	0.0841626517124	0.0835481694222	0.0	0.0744086732067	0.124180314044	0.108657317046	0.110525959987	0.0910072222709	0.0974570636543	0.094588211098	0.323631984765	0.142587468788	0.315339098077	0.109988311756	0.137598159362	0.139421743687	0.0860795077921	0.0836476498299	0.00478867471265	0.0786310983871	0.144883988809	0.157690124486	0.141852692963	0.0809623984959	0.0914387926064	0.32934472173	0.0960131615668	0.177466159562	0.128747661661	0.0471915402611	0.0800616752144	0.0873994582385	0.0648953515507	0.0686849160568	0.161957720824	0.0900004407679	0.154559628431	0.0919132489818	0.0872578022926	0.0874226627287	0.130025896037	0.0900543778389	0.0821015472633	0.0843718239382	0.146302008338	0.12231050889	0.0821483249687	0.0834734823075	0.0928390996431	0.117500692963	0.13522807467	0.0209208723342	0.154487509121	0.0737300710068	0.0866944766896	0.160684861073	0.119680045259	0.0916019471599	0.0832471766852	0.0886341497958	0.115063670948	0.150779351509	0.128126912748	0.115084466086	0.0794518406838	0.153040195939	0.161626293626	0.284082122323	0.261822581061	0.156912672127	0.00418962964921	0.176382512278	0.082978832121	0.00386595333377	0.00361808006596	0.128632137834	0.15893580028	0.147971652015	0.153705827689	0.0979090626564	0.0962003203283	0.0045091512641	0.115352089337	0.03218434213	0.117006259661	0.114513880026	0.124484172472	0.123902976961	0.113097877013	0.129365257556	0.107572992675	0.0816019508505	0.0810139185795	0.0749771089253	0.00545161056042	0.00425938562902
159733294-stool1.snv.bam	0.115835566584	0.00325744753758	0.320771445987	0.124582925778	0.130764794609	0.137232826846	0.135325465119	0.0291534527647	0.0380520845126	0.0224565477283	0.0216936969744	0.0744086732067	0.0	0.104636272163	0.0869943598069	0.089064667381	0.0873337060045	0.0952546130348	0.0869357145898	0.342154546101	0.156946058363	0.333607974822	0.110182704087	0.149692213002	0.147557995599	0.00456037978821	0.0239116823371	0.0753077902028	0.0904475687711	0.131190646484	0.154185065092	0.145981332319	0.0451260743225	0.0515095616917	0.344469184732	0.0949721663878	0.123942305011	0.108547517555	0.0736199098173	0.0848841384733	0.0926334481179	0.0888365560361	0.0607621824844	0.171263715947	0.0508999054994	0.158073718112	0.0508224082457	0.0973834573981	0.0266277916912	0.13001033854	0.0428503886647	0.0239630928457	0.0250986110465	0.143603223841	0.110455272608	0.0240176567031	0.0238395571071	0.0528646631147	0.112811968042	0.132991216126	0.0748366434976	0.15475628026	0.0638243228154	0.0949358429269	0.17645903245	0.116689344169	0.0521600308229	0.0259825903735	0.094398200839	0.108948921449	0.153549578743	0.128228621356	0.118653610184	0.0333462202212	0.139450836745	0.176925610904	0.284572640662	0.259232392398	0.159182087754	0.071227784587	0.167230419472	0.0257135218228	0.0719751792453	0.0717558375744	0.140745352266	0.165294568662	0.147232490122	0.158105162381	0.0502144973275	0.0672683951969	0.0695779293171	0.11176092225	0.0894638437495	0.116371515868	0.112948713764	0.126918368171	0.125147399736	0.111311441021	0.128031894727	0.113646880564	0.0233236988359	0.0218500943501	0.0194487550346	0.0703503048938	0.0718823715271
160421117-stool1.snv.bam	0.169052078968	0.110364895574	0.238365961093	0.173858978747	0.178962162937	0.184893591158	0.183401827397	0.111152313687	0.122131149053	0.10784350385	0.107281007256	0.124180314044	0.104636272163	0.0	0.00142408545289	0.0014210999488	0.1322138912	0.142657397857	0.136163733034	0.28459527379	0.203278731684	0.286429631847	0.163487919427	0.204453707126	0.192441882275	0.113699520386	0.107591945548	0.128343500739	0.151723381734	0.169839951269	0.222455693586	0.213969239513	0.127980591895	0.131823228942	0.274747754613	0.139780475277	0.11506658702	0.174966333052	0.120272798707	0.135905414623	0.15262627977	0.152343605551	0.114995444975	0.223786496659	0.133833974849	0.212247462343	0.132690037809	0.157260139413	0.110322518448	0.178752855083	0.127413307992	0.105792178968	0.10743277412	0.191505258987	0.16264731627	0.105741021782	0.108297624563	0.129648430637	0.168950256728	0.0675580185948	0.115188753444	0.195543890286	0.111025712119	0.148156474004	0.209118314557	0.171099185761	0.131770769303	0.107622342229	0.147971963568	0.162718547319	0.200998634199	0.17762914463	0.166419388643	0.12075804477	0.191966130695	0.226231097672	0.24700407749	0.236024198296	0.213921662438	0.122018116169	0.222268253478	0.10749215195	0.122449807466	0.12194642306	0.193791286588	0.21904094507	0.190172993602	0.212822095905	0.123831702581	0.129720431615	0.120375989227	0.16604316764	0.142379578652	0.170758503116	0.16654179958	0.179917694525	0.179231239718	0.166074429621	0.180875384315	0.167500581268	0.105370375587	0.103613245477	0.106445075109	0.120896897625	0.122605264054
160421117-stool2.snv.bam	0.1524983145	0.0934182590234	0.241369248087	0.159521546209	0.165051414514	0.168882312314	0.167156211063	0.0950346031818	0.106147303148	0.0919259369062	0.0913449220957	0.108657317046	0.0869943598069	0.00142408545289	0.0	0.0	0.116557684998	0.127328285505	0.119577006508	0.289566551283	0.185527927542	0.287120079721	0.147212770978	0.186181629543	0.174969079833	0.0978563320317	0.0915862698645	0.11126477147	0.135214250125	0.152544823824	0.20745352501	0.195652173913	0.10851977682	0.113539809863	0.277945679167	0.122995471961	0.114087301587	0.158387422818	0.103867159972	0.119663718089	0.136377433847	0.13432578988	0.0977340853536	0.206320427714	0.114461341355	0.196996533681	0.114508168573	0.142197993536	0.0930185180732	0.164595462304	0.108745822891	0.0894985329939	0.0919398982979	0.176138444965	0.144963201874	0.0894907249299	0.091369047619	0.111408927978	0.152962100322	0.0663482277918	0.0988079106508	0.178690591324	0.0940705602618	0.130796029283	0.191331252596	0.155420503266	0.113880813492	0.0914738364982	0.130323816774	0.146687039552	0.18445191713	0.162866457169	0.153621744514	0.104283837148	0.172472451677	0.209753527337	0.249615325638	0.236783865786	0.198452871144	0.105925766671	0.206349055743	0.0908642623716	0.106427119477	0.105984821259	0.177154209906	0.203383017871	0.171947798567	0.197010448416	0.106137879039	0.113339177784	0.103776154981	0.152550362327	0.126579502761	0.154024902549	0.149721860797	0.162801865311	0.162998209316	0.149097412542	0.163943507443	0.149855603404	0.0884653449664	0.0902082498999	0.0888888888889	0.10395316158	0.106119553641
160421117-stool3.snv.bam	0.154278780226	0.0953389830508	0.240806615807	0.161298456259	0.166801830836	0.170624697404	0.168905882889	0.0969318052716	0.108021208173	0.093829656116	0.0932498593659	0.110525959987	0.089064667381	0.0014210999488	0.0	0.0	0.118465767752	0.129177166256	0.121482683983	0.288923070058	0.187235416164	0.287120079721	0.149112074383	0.187998188406	0.17801662349	0.0997515918384	0.0934907011646	0.113218035708	0.13714889386	0.152219568336	0.209129098953	0.197590361446	0.110583388448	0.115398216971	0.277323876753	0.125006950236	0.11434253045	0.16018574029	0.105757735584	0.12152883733	0.138275505421	0.139770281768	0.0997391207195	0.208128353847	0.116469365524	0.198683515753	0.116400245136	0.144030903807	0.0949988269857	0.166357919135	0.110696050849	0.0914073411009	0.0938596870964	0.177865618036	0.146842403628	0.0913995494059	0.0933230926779	0.113287556037	0.154861288438	0.0664934099096	0.100713179339	0.178311205779	0.0959818038056	0.13263756312	0.193026574917	0.157284917166	0.115738505707	0.0933785035076	0.132166351061	0.148600297311	0.186213360074	0.164647592366	0.153296962813	0.106197760573	0.174336252461	0.211505736811	0.249066720527	0.236235754986	0.200151064214	0.107804073884	0.20806691493	0.0927702073142	0.108304373427	0.107863004407	0.178919973404	0.205063644416	0.173691066359	0.198726238056	0.108055479572	0.115201910604	0.105666922587	0.152216554094	0.128414419772	0.155809660138	0.151523297533	0.164575590173	0.164767769127	0.150915580464	0.165703626375	0.151753247146	0.090376319086	0.0922077922078	0.0909090909091	0.105884297008	0.108005377367
246515023-stool1.snv.bam	0.132274646558	0.0932971286579	0.305594460945	0.123056277186	0.126311693435	0.13246783672	0.132834517233	0.0918963447011	0.103236172408	0.0892197706837	0.0885698683883	0.0910072222709	0.0873337060045	0.1322138912	0.116557684998	0.118465767752	0.0	0.00347363219172	0.00232899259708	0.337701727113	0.146973786622	0.327300492414	0.114858030748	0.144221712287	0.140452648315	0.0989917710487	0.0882706413363	0.0888459168996	0.0964401995794	0.132678403328	0.177764469766	0.159490746926	0.0931140069339	0.111078292415	0.324725238312	0.0910448897257	0.199097953042	0.136535872649	0.0594966718368	0.0393172572383	0.103948899757	0.0921914894381	0.0687160088292	0.167574820998	0.113398389173	0.168043888763	0.111169587465	0.106697104224	0.0879188187731	0.127746419552	0.108826621997	0.0864824600049	0.0886080901799	0.157840012073	0.115611556356	0.0867888691071	0.0863759712994	0.111824652813	0.12021469112	0.164624144628	0.0773995219394	0.155097548252	0.0698227956559	0.110669885026	0.151056930022	0.11469005102	0.111162382597	0.0884730279997	0.110541225923	0.117141576032	0.168772851645	0.125234337725	0.125843221567	0.0946450989689	0.157860596651	0.173666622939	0.29823577774	0.273579753864	0.169424919091	0.0888275504623	0.180051682438	0.0881875428134	0.0886187920255	0.088803542201	0.131557149157	0.174732451981	0.161590257918	0.168556984495	0.106716343639	0.0881517532119	0.0867758066505	0.122506363994	0.104197481542	0.128019308284	0.121978171388	0.137203092551	0.135511088917	0.122672947474	0.135915686311	0.120938244589	0.0800759531582	0.08106084827	0.079719587781	0.0843722170583	0.0892250579504
246515023-stool2.snv.bam	0.138691681777	0.10211007655	0.312714781485	0.126661851646	0.129702408441	0.135806619216	0.136155202027	0.0965322174573	0.10820422128	0.0936890531593	0.0931165527846	0.0974570636543	0.0952546130348	0.142657397857	0.127328285505	0.129177166256	0.00347363219172	0.0	0.002545324103	0.338056929057	0.14794522335	0.327780825424	0.118823763293	0.147624871003	0.142961059679	0.107697271591	0.0931108762642	0.095366468978	0.101240674621	0.137965578529	0.180306912234	0.163095864805	0.100833122734	0.119649218217	0.326722177879	0.0943457656087	0.204337151463	0.139532911208	0.0623643991833	0.0411555001258	0.108357198856	0.0987084572083	0.0740554608908	0.171788143552	0.122234901028	0.171528832611	0.119966563501	0.110572002018	0.0927958720178	0.130825149164	0.114890660553	0.0913533292475	0.0937018292124	0.162078765076	0.117393505559	0.0912281847561	0.0909471736514	0.120597236791	0.123683286517	0.170185144028	0.0833462574411	0.15881624761	0.0747915916924	0.115565146546	0.158528728038	0.118468716828	0.12004624821	0.0934778580449	0.114879698995	0.118028887821	0.173584373891	0.128568510441	0.133580234516	0.103370438697	0.162956412181	0.176440763962	0.296079447579	0.272171877055	0.172791298175	0.0953009463856	0.182358877495	0.0930100256171	0.0952524151464	0.0952688002254	0.132671245032	0.17850148529	0.16676425054	0.171707597276	0.111088239139	0.0953261374672	0.0932911177531	0.127524565475	0.110042231425	0.131931597312	0.126252986341	0.140967019254	0.139291057661	0.126970596691	0.139672415813	0.12561582542	0.0889642405168	0.0910114611352	0.0892298000148	0.0909730351449	0.0955955409671
246515023-stool3.snv.bam	0.136494079043	0.0962153518124	0.307620373068	0.12429610598	0.128036863521	0.134000868964	0.134266535355	0.093295459995	0.104874681555	0.0905147008219	0.0898440540154	0.094588211098	0.0869357145898	0.136163733034	0.119577006508	0.121482683983	0.00232899259708	0.002545324103	0.0	0.339524661145	0.150357862539	0.329179350583	0.11650183758	0.146715571586	0.144957568361	0.100445345073	0.0899157477964	0.0924345603883	0.100068818819	0.138446303754	0.181151174254	0.162227602906	0.0953310578311	0.114186698206	0.326072082868	0.0929703210596	0.202586206897	0.140182977996	0.061408630387	0.042196534581	0.107177436107	0.0944790722113	0.0742142747078	0.173149879218	0.117552489032	0.172723791751	0.114839386502	0.110505450344	0.0891106639462	0.129731782362	0.11242262337	0.0878738979558	0.09046942978	0.159782388416	0.119069080907	0.0878769737238	0.0877061430633	0.11569506526	0.12222952618	0.165942411577	0.078563476228	0.158353798979	0.0738737358667	0.116161897212	0.156537291636	0.116611261059	0.114676492544	0.0900138104918	0.115780375185	0.119464726176	0.170221273292	0.12747265611	0.131137156193	0.0981585672392	0.161833249079	0.180121000675	0.299888444584	0.275128511107	0.17397932262	0.0918387720272	0.18378513996	0.0894016643225	0.0920779741046	0.0918980763168	0.133121038746	0.179420351667	0.165344721897	0.172588987979	0.108582947083	0.0918166002808	0.0894180110637	0.127860490678	0.108852183141	0.132436974432	0.126365606657	0.140813999687	0.139600628287	0.126787935931	0.139568930843	0.125822828166	0.0829355005927	0.0846212121212	0.0825	0.0870665222406	0.0918724624725
375450439-stool3.snv.bam	0.31960263502	0.332632998956	0.214686222422	0.297361087751	0.297387618967	0.303342573293	0.302123243232	0.327826666545	0.319951365233	0.330110266915	0.329634943842	0.323631984765	0.342154546101	0.28459527379	0.289566551283	0.288923070058	0.337701727113	0.338056929057	0.339524661145	0.0	0.322661760298	0.00246652527714	0.301105119068	0.326402148576	0.331009251556	0.339278765964	0.329885342894	0.324609146269	0.357079715467	0.357652097379	0.337254956979	0.345903211845	0.32833510898	0.324700661761	0.240807558741	0.314142646237	0.249743184081	0.339893287023	0.311531980878	0.325892996188	0.353310915382	0.385161626029	0.325134529095	0.323155641403	0.327612975481	0.340022997785	0.326889377909	0.355702423421	0.336791030126	0.300020015229	0.334370764913	0.327927668046	0.329582900817	0.325877844371	0.336135809819	0.327433636382	0.329777672531	0.322327517352	0.302440855656	0.301057929715	0.31123673704	0.350993287965	0.326364233786	0.34260658203	0.342189458336	0.297377594508	0.324827156037	0.330189384966	0.341774943777	0.292569178316	0.340090155163	0.297376176252	0.305799736318	0.320024770664	0.337403339781	0.331515627688	0.136755481464	0.142881266224	0.343664504075	0.321317585215	0.322296871676	0.32955723402	0.321738661039	0.321501998283	0.340431639002	0.346986644189	0.317219543933	0.342238250541	0.34252406952	0.323829998801	0.319829613373	0.304670442128	0.328053933433	0.335554506422	0.333900869261	0.336728049498	0.331636070506	0.338638557416	0.334658137888	0.333364539708	0.327130780652	0.334793410506	0.331832676327	0.321186897719	0.322724366997
404239096-stool1.snv.bam	0.119975629375	0.161355054454	0.310945692339	0.167480642071	0.172476898495	0.174157056517	0.172545194123	0.156511285377	0.150809023315	0.158656744128	0.158198969977	0.142587468788	0.156946058363	0.203278731684	0.185527927542	0.187235416164	0.146973786622	0.14794522335	0.150357862539	0.322661760298	0.0	0.310317784095	0.158247135919	0.00194616996742	0.0263931563402	0.164573424581	0.158352097705	0.138714478352	0.172823540492	0.156746178279	0.14947606917	0.143498345457	0.140987183356	0.153521125426	0.31740663526	0.152835680127	0.240724137011	0.143466929577	0.130301286192	0.138463467454	0.177663797439	0.193485417865	0.138173254173	0.121347614585	0.159591896183	0.130748278338	0.152911320119	0.17965180186	0.160720515848	0.168956817513	0.156656970008	0.156482411827	0.159312219778	0.142574745198	0.142186669085	0.156053243518	0.155967798756	0.155076071843	0.162146697266	0.17415127039	0.13551554143	0.151441511843	0.14068235757	0.12303504421	0.0929557384054	0.164060592982	0.153288227129	0.158357458672	0.122812925906	0.161342343323	0.133224026437	0.168554367145	0.12466485077	0.146913054416	0.128747838301	0.124602996787	0.288448187121	0.26611375403	0.13369214996	0.140148974069	0.163334043348	0.158046493343	0.14001601225	0.140214993732	0.0727454285392	0.136739061537	0.110395459795	0.129634845345	0.139419695326	0.141259731236	0.138432854315	0.127170842807	0.142043243123	0.134703290981	0.134473501462	0.139888476685	0.14004222395	0.136679783113	0.135895381217	0.136439608177	0.155896714006	0.157097616796	0.153554743749	0.141370982593	0.138557974724
517810313-stool2.snv.bam	0.310508197926	0.323720349563	0.217663952153	0.290725398403	0.290811635788	0.294710116974	0.29340614456	0.319627202614	0.311576504836	0.321758571947	0.321495694863	0.315339098077	0.333607974822	0.286429631847	0.287120079721	0.287120079721	0.327300492414	0.327780825424	0.329179350583	0.00246652527714	0.310317784095	0.0	0.293515416645	0.312092247527	0.320078068178	0.331357962856	0.321731729216	0.315891459631	0.348223666929	0.347712630266	0.327021647387	0.333475783476	0.313434602389	0.311977233358	0.239925000457	0.306634512532	0.243950039032	0.328975672834	0.303104758346	0.316206293466	0.345304567679	0.379720994204	0.316346660186	0.308350982669	0.313917321949	0.327640078589	0.313955441111	0.349447311947	0.32845711906	0.293213845399	0.321430400117	0.319730453592	0.321349199778	0.31776476615	0.323941953831	0.319225418995	0.321397697141	0.309465295834	0.294807700199	0.298628618114	0.302590762658	0.340948382568	0.318076826538	0.33239541052	0.329909202207	0.288838046219	0.312020884437	0.322042542826	0.331545041676	0.28481733593	0.331175094656	0.290769466642	0.298607744516	0.309934876361	0.32329558866	0.320563803808	0.136378300218	0.139163249903	0.332053197678	0.312954526915	0.309258559736	0.321396312794	0.313385001753	0.313143056346	0.330058439486	0.334704331776	0.304325731526	0.329680534013	0.332388682039	0.313216519245	0.311395689972	0.295674760406	0.319241868356	0.325266192785	0.323447794178	0.325651501804	0.32090768672	0.328244374697	0.323156583297	0.321983347231	0.316688646656	0.326314791104	0.321644339375	0.312414237007	0.314355348386
604812005-stool3.snv.bam	0.137800045186	0.113928336399	0.263848896034	0.00115425911615	0.00180034528997	0.0121797549251	0.0121711262052	0.109306756038	0.108412868339	0.112095003978	0.111455079668	0.109988311756	0.110182704087	0.163487919427	0.147212770978	0.149112074383	0.114858030748	0.118823763293	0.11650183758	0.301105119068	0.158247135919	0.293515416645	0.0	0.159221761668	0.155220240289	0.122577384932	0.111548066336	0.110510952468	0.120407550585	0.161903529686	0.179377361402	0.165291532326	0.104932082832	0.11495937287	0.297836786844	0.0196941157713	0.1553081552	0.15122266808	0.0914488108197	0.100716063545	0.132023334225	0.132262846646	0.0914828432943	0.177974841286	0.120120785097	0.175053641079	0.115290587465	0.130290961658	0.113140771654	0.00631496872796	0.116605015014	0.10937742619	0.11157855107	0.134586097064	0.135021721375	0.108938897258	0.109659021096	0.116661079172	0.00129428156879	0.18450885983	0.0997247968236	0.167150651382	0.0900428508622	0.108383591792	0.173590016559	0.00116566166059	0.115364379315	0.111698194298	0.108283590701	0.00123987666041	0.171688434549	0.00184451253347	0.141052045534	0.105203259615	0.182316457688	0.180507854147	0.252720025665	0.229916523445	0.176365402866	0.106737812827	0.188645649491	0.111068785872	0.107346093803	0.107161111948	0.145173397787	0.181950452037	0.16340684124	0.17496357111	0.118813140063	0.120639283001	0.105197161238	0.142077924134	0.122297720489	0.136688018296	0.134698196782	0.145618051945	0.14581418765	0.136037398151	0.148529614695	0.128844441977	0.10867833328	0.107336079754	0.110232922754	0.107062473551	0.107305393603
