	147406386-tonguedorsum3.snv.bam	158337416-tonguedorsum1.snv.bam	158337416-tonguedorsum2.snv.bam	158479027-tonguedorsum1.snv.bam	158479027-tonguedorsum2.snv.bam	158499257-tonguedorsum2.snv.bam	158883629-tonguedorsum1.snv.bam	158883629-tonguedorsum2.snv.bam	158883629-tonguedorsum3.snv.bam	159005010-tonguedorsum2.snv.bam	159207311-tonguedorsum2.snv.bam	159227541-tonguedorsum3.snv.bam	159551223-tonguedorsum1.snv.bam	159551223-tonguedorsum2.snv.bam	159915365-tonguedorsum1.snv.bam	160178356-tonguedorsum1.snv.bam	160178356-tonguedorsum3.snv.bam	160259276-tonguedorsum1.snv.bam	160380657-tonguedorsum1.snv.bam	160400887-tonguedorsum1.snv.bam	160421117-tonguedorsum1.snv.bam	160502038-tonguedorsum3.snv.bam	160603188-tonguedorsum1.snv.bam	160603188-tonguedorsum2.snv.bam	160603188-tonguedorsum3.snv.bam	160765029-tonguedorsum1.snv.bam	234447334-tonguedorsum2.snv.bam	246515023-tonguedorsum1.snv.bam	246515023-tonguedorsum2.snv.bam	370027359-palatinetonsils2.snv.bam	370027359-tonguedorsum3.snv.bam	550534656-tonguedorsum1.snv.bam	550534656-tonguedorsum2.snv.bam	550534656-tonguedorsum3.snv.bam	604812005-tonguedorsum3.snv.bam	638754422-tonguedorsum1.snv.bam	638754422-tonguedorsum2.snv.bam	638754422-tonguedorsum3.snv.bam	675950834-tonguedorsum1.snv.bam	682102541-tonguedorsum3.snv.bam	686765762-tonguedorsum2.snv.bam	686765762-tonguedorsum3.snv.bam	763435843-tonguedorsum1.snv.bam	763435843-tonguedorsum2.snv.bam	763536994-tonguedorsum1.snv.bam	763536994-tonguedorsum2.snv.bam	763536994-tonguedorsum3.snv.bam	763577454-tonguedorsum1.snv.bam	763577454-tonguedorsum2.snv.bam	763901136-tonguedorsum2.snv.bam	763901136-tonguedorsum3.snv.bam	763961826-saliva1.snv.bam	763961826-throat1.snv.bam	763961826-tonguedorsum1.snv.bam	763982056-tonguedorsum3.snv.bam	764062976-tonguedorsum2.snv.bam	764224817-tonguedorsum1.snv.bam	764224817-tonguedorsum2.snv.bam	764305738-tonguedorsum1.snv.bam	764366428-throat2.snv.bam	764366428-tonguedorsum2.snv.bam	764447348-tonguedorsum1.snv.bam	764467579-palatinetonsils3.snv.bam	764467579-tonguedorsum3.snv.bam	764649650-tonguedorsum1.snv.bam	764811490-tonguedorsum1.snv.bam	764811490-tonguedorsum2.snv.bam	764872181-tonguedorsum1.snv.bam	765013792-tonguedorsum1.snv.bam	765013792-tonguedorsum2.snv.bam	765013792-tonguedorsum3.snv.bam	765034022-tonguedorsum1.snv.bam	765094712-tonguedorsum2.snv.bam	765195863-palatinetonsils3.snv.bam	765216093-tonguedorsum3.snv.bam	765377934-palatinetonsils3.snv.bam	765377934-saliva3.snv.bam	765377934-tonguedorsum3.snv.bam	765701615-tonguedorsum2.snv.bam	823052294-tonguedorsum1.snv.bam	823052294-tonguedorsum3.snv.bam	857980665-tonguedorsum2.snv.bam	857980665-tonguedorsum3.snv.bam	861967750-tonguedorsum1.snv.bam	861967750-tonguedorsum2.snv.bam	863126187-tonguedorsum3.snv.bam	937415040-tonguedorsum1.snv.bam
147406386-tonguedorsum3.snv.bam	0.0	0.181167169677	0.181188046141	0.119839765407	0.114222734422	0.135667116484	0.168592249918	0.161641952586	0.16977535054	0.134266438213	0.132560728181	0.134612080837	0.179864038554	0.180031764359	0.229020359462	0.181950825816	0.177047717431	0.129705834812	0.168659245004	0.151009814457	0.13939717533	0.117138573096	0.156840247042	0.157007729803	0.156869808594	0.158079526852	0.167889907034	0.127104479969	0.133227156367	0.109910880145	0.110718090612	0.164915538695	0.16432831409	0.163999965925	0.142190224218	0.137802003361	0.122274502602	0.125515650016	0.118950737405	0.14182530315	0.214199296597	0.211047408152	0.155978563795	0.16484366064	0.159193977445	0.154750127484	0.154346231406	0.2214511333	0.22070418632	0.197912047395	0.205271317353	0.133710582743	0.13314928247	0.134673139084	0.160885076327	0.140945017992	0.170023911412	0.169062039729	0.179394210397	0.168934301464	0.16891503944	0.140857375027	0.17176090819	0.17160719293	0.178173210827	0.111995214673	0.113510085123	0.137091903215	0.153700041964	0.106430718665	0.119675045	0.165886926388	0.140370792978	0.142108026587	0.187861635242	0.202041010593	0.201593009688	0.201565496069	0.123279812881	0.144181653987	0.169773301663	0.157663814022	0.158605552005	0.18826870169	0.183721052928	0.161416193438	0.148324398614
158337416-tonguedorsum1.snv.bam	0.181167169677	0.0	0.000529776585098	0.169920095957	0.175120601104	0.203168615932	0.197053784427	0.192266374559	0.196723037656	0.184570774926	0.195244374438	0.19293630564	0.173033127419	0.173221363159	0.23691190519	0.217788744564	0.214943138847	0.174791190509	0.205087224757	0.202041604004	0.178864919595	0.190908952581	0.20693818906	0.206959851343	0.206391722114	0.188743805069	0.23118711823	0.201337783428	0.206322935878	0.183048779836	0.181815840824	0.189820610277	0.190292539349	0.188639700066	0.186505148144	0.169049147522	0.190382198692	0.194848729667	0.179477864155	0.201685650351	0.241570861969	0.236746058658	0.136892954553	0.138463767895	0.186719759364	0.15927294381	0.170001064428	0.21689202192	0.216087148754	0.183449400445	0.182633651377	0.181984695537	0.181954612022	0.183103872892	0.164849592695	0.182048139893	0.17307311533	0.166789214211	0.192580846051	0.195383200512	0.194123721304	0.193333785517	0.202054102156	0.201680662627	0.230862118736	0.197625082969	0.196300216751	0.15516285102	0.162027454929	0.18960784048	0.181926299206	0.172566286547	0.173906901841	0.202091585488	0.205138322582	0.186772502022	0.187282721629	0.187255343545	0.187100954715	0.165709672047	0.172170669149	0.155913130183	0.157291742202	0.19129929848	0.186994783093	0.16535512813	0.196518671732
158337416-tonguedorsum2.snv.bam	0.181188046141	0.000529776585098	0.0	0.169587546289	0.175003487207	0.203051502035	0.196938972523	0.192096426555	0.19678691684	0.184614586956	0.195060860482	0.19274342713	0.172703041081	0.172891276822	0.236575167239	0.217616311156	0.214915645986	0.174732212995	0.204825498336	0.20188172265	0.178613396005	0.190791838684	0.20674531055	0.206801545174	0.20627691021	0.188546068159	0.231384292816	0.201403107116	0.206206695965	0.183069553714	0.181444271226	0.189662304108	0.190134622139	0.188481782856	0.186523883717	0.169141601182	0.190400197732	0.195045419795	0.179137698846	0.201341101468	0.24159008929	0.236545477015	0.136751703857	0.138146082591	0.186462468951	0.159220800109	0.169717244918	0.216812980279	0.215888567925	0.183529580381	0.182528726806	0.18175632413	0.181617023722	0.183087078808	0.164914105916	0.18184705173	0.172951916602	0.166846990484	0.192519574122	0.19583964396	0.194534171603	0.19340062055	0.202012174306	0.201578645044	0.230530394253	0.197688962153	0.196185404848	0.15500493381	0.16200158594	0.189675864405	0.18199065274	0.172630165731	0.173881163175	0.201930502018	0.205202517219	0.186836696659	0.186953448312	0.187123114564	0.187177980317	0.165594860143	0.17238666329	0.156017698687	0.157393709499	0.190985176991	0.186907608045	0.165491891369	0.196539703991
158479027-tonguedorsum1.snv.bam	0.119839765407	0.169920095957	0.169587546289	0.0	0.0637542799036	0.144791020216	0.118098134345	0.111843123924	0.120314165562	0.132104998498	0.119376222066	0.10320144269	0.147629967467	0.147677699012	0.212353078077	0.166263212585	0.156755393094	0.112602877213	0.170494444013	0.13159887247	0.12263049086	0.0881732533522	0.130806962276	0.130615150269	0.130402767137	0.133219461367	0.154591243205	0.137618394215	0.143020194976	0.135708402655	0.133979607628	0.155598941638	0.155663758239	0.153923630733	0.101249519718	0.114626125977	0.0792128397639	0.0830547081348	0.108702111956	0.151130191198	0.189496449132	0.184630765559	0.142706063553	0.153589162086	0.132608003935	0.123276851707	0.126353332322	0.199447851437	0.198237404222	0.178736149218	0.183018571499	0.0887768937503	0.0867939045369	0.0874765779289	0.125982839838	0.150964766853	0.144520590787	0.138259807845	0.167222884768	0.13527269866	0.133775680483	0.122841515825	0.138797397559	0.138271193258	0.16011289647	0.133939364486	0.128103843691	0.125697336297	0.135752855268	0.126097532396	0.0947588196436	0.132031229347	0.126992810851	0.117814866079	0.146428746687	0.170807367786	0.169151900885	0.169323682676	0.0822344627957	0.121082875115	0.145315242155	0.143749033693	0.145451408999	0.180393596751	0.177008116347	0.153289485971	0.135221327281
158479027-tonguedorsum2.snv.bam	0.114222734422	0.175120601104	0.175003487207	0.0637542799036	0.0	0.160800972475	0.116749871917	0.112864518895	0.125498902604	0.112757580454	0.133707524821	0.117735420321	0.178606172004	0.178714237851	0.20313624536	0.168049683529	0.157278046243	0.110547683627	0.154262491646	0.124783728881	0.117502547038	0.0313666286718	0.123470649572	0.123039608077	0.122824723403	0.13655482147	0.159745487414	0.151605676578	0.156906604936	0.121022862954	0.120439057799	0.155833002945	0.156039408205	0.154552120763	0.11470656743	0.109386561953	0.0827409770545	0.087482349627	0.129913785529	0.140116521267	0.198624608361	0.19582710638	0.14692132791	0.158164198751	0.145889744262	0.133674781493	0.139907390172	0.203268110294	0.202208474126	0.17661781665	0.180883919438	0.0351534122503	0.033456142773	0.0333549048042	0.11781639297	0.154435520774	0.151785169557	0.143043152009	0.173377440785	0.146530429219	0.145042057296	0.126510810046	0.155312848096	0.154992458876	0.156764635868	0.112973424738	0.107776732373	0.122853187112	0.157006227543	0.110121144559	0.0603353920787	0.157397823706	0.125666214474	0.0992641673942	0.148160758018	0.167996531645	0.165929577995	0.165901649599	0.0950998654216	0.115275728181	0.144549304297	0.140923359771	0.142710414938	0.184723569597	0.182940197563	0.165627338465	0.136904504065
158499257-tonguedorsum2.snv.bam	0.135667116484	0.203168615932	0.203051502035	0.144791020216	0.160800972475	0.0	0.188585923474	0.186091720761	0.192643817224	0.168025915264	0.143740808636	0.160424627245	0.186251466689	0.186359532537	0.233139267208	0.186855641683	0.179950719082	0.15959255514	0.206254005079	0.165488518122	0.163364531691	0.174344795682	0.1639259258	0.16324756367	0.163006915487	0.177975796235	0.174607012583	0.0468848918691	0.0464297211764	0.172854060439	0.171071996109	0.157182162038	0.157241116182	0.155868480089	0.168629861223	0.176029739263	0.150955395349	0.153945511849	0.147318352837	0.182687336247	0.245429675681	0.242105854317	0.168235939737	0.176822661808	0.149463518881	0.128319565768	0.141215070933	0.223071085028	0.221352891108	0.189540965434	0.194375436347	0.169734361372	0.168847524196	0.170696686726	0.167974285221	0.168973304097	0.17829976519	0.172162183275	0.195719551714	0.171512733478	0.170028046181	0.15888743145	0.169511547694	0.169539250928	0.200141392746	0.17785201502	0.175958243825	0.152083745004	0.145603280376	0.173876315395	0.165037644212	0.161941906229	0.168098684792	0.183081719111	0.181791308663	0.187925807075	0.186007520268	0.186030868664	0.146376613223	0.17233645078	0.170475437331	0.169508562529	0.169217376261	0.20162753922	0.200900900979	0.179112464489	0.151151572251
158883629-tonguedorsum1.snv.bam	0.168592249918	0.197053784427	0.196938972523	0.118098134345	0.116749871917	0.188585923474	0.0	0.0210649516794	0.0423464993411	0.153648385929	0.166218512537	0.143322605505	0.199478146803	0.199322905848	0.225224015272	0.208941720388	0.202714510603	0.144558875694	0.184174163308	0.158561961478	0.132125471775	0.120194660304	0.160203979423	0.159488765776	0.159412233305	0.180875863995	0.199252014314	0.176191312938	0.180992328296	0.162146359939	0.161053251576	0.193642654862	0.193547837694	0.191377704732	0.12992657002	0.134037912318	0.113779688659	0.114147786901	0.132721485012	0.16171339054	0.159917687901	0.158192677975	0.180702960797	0.184115505821	0.178982039155	0.172401437969	0.170923518761	0.205886589375	0.205066040695	0.210320576182	0.208104739629	0.126775168091	0.127105275107	0.127217978901	0.171598186866	0.168076301744	0.166439531629	0.16472294371	0.195016832595	0.160978407196	0.1597680477	0.149845630429	0.179089631933	0.179267378838	0.195997616664	0.158976783695	0.156864436403	0.167338036685	0.195077842247	0.152979199864	0.129617939251	0.158417568138	0.15525081361	0.108641932292	0.185598626185	0.179298426431	0.177349622478	0.177322244395	0.120429800495	0.149408381743	0.172656909929	0.181975873734	0.182578011655	0.191138705098	0.185063596195	0.203275606685	0.158432341449
158883629-tonguedorsum2.snv.bam	0.161641952586	0.192266374559	0.192096426555	0.111843123924	0.112864518895	0.186091720761	0.0210649516794	0.0	0.0329083656142	0.14907547422	0.162175790913	0.134699490156	0.194363510729	0.194208269774	0.216212721075	0.205786527737	0.200516215537	0.137030555024	0.18061916886	0.149181691062	0.127466121584	0.118476196673	0.150528725888	0.150605402739	0.150129496291	0.171715904829	0.19232248605	0.177837510576	0.182932422432	0.155260429014	0.153544063429	0.188749575873	0.188771543276	0.186593634989	0.125703625895	0.127250117256	0.108081464598	0.108174105921	0.129559587379	0.155688354365	0.161941748009	0.157525920296	0.171556259397	0.17480563845	0.168429503334	0.165460780526	0.16117853452	0.204348916155	0.203394278346	0.205461298971	0.203628375147	0.124410700542	0.125108790161	0.124557578579	0.167394994407	0.165415581906	0.161922665098	0.158826231737	0.188251326123	0.159367759264	0.158183168426	0.145740220313	0.171227364083	0.170776900132	0.195539999369	0.153234575085	0.150326157481	0.161997078546	0.187062242828	0.146621678465	0.126121476194	0.15396440999	0.14858993581	0.109533128214	0.177824799619	0.176448728466	0.174286918782	0.174456585034	0.113354227898	0.142601411828	0.167367858933	0.175369994452	0.176264604872	0.18734888497	0.182036332171	0.197593825633	0.153692129156
158883629-tonguedorsum3.snv.bam	0.16977535054	0.196723037656	0.19678691684	0.120314165562	0.125498902604	0.192643817224	0.0423464993411	0.0329083656142	0.0	0.160307648237	0.168880241403	0.140797053096	0.205567437502	0.205347219288	0.221252935007	0.210934209498	0.204988387886	0.143751706437	0.190759934246	0.161148356796	0.13802727781	0.133669233847	0.162646314644	0.162849310879	0.162468819139	0.178742545212	0.198142208125	0.189214752861	0.194691423337	0.161024054739	0.159998770609	0.195663030719	0.195280777194	0.19349010346	0.140272393691	0.135847511421	0.124836367441	0.124968850876	0.139273867331	0.15735970591	0.181237404186	0.178112585008	0.173656402554	0.177065418046	0.174445727518	0.173664291288	0.169581292531	0.21454464318	0.213731291965	0.20923038224	0.208074709177	0.137928223535	0.138743693146	0.139268505088	0.174028085047	0.173525086107	0.166196095425	0.161689148222	0.199072211649	0.165456372168	0.164799614964	0.156833201141	0.178123425875	0.177814239565	0.206264624147	0.159716550563	0.157787991975	0.167974256115	0.195233330367	0.153771348932	0.133970991119	0.150461310076	0.158171000591	0.125757084668	0.187948763779	0.178824651947	0.177714390605	0.177687012522	0.125645447976	0.144358434774	0.173006191457	0.179298019126	0.180094917489	0.19844586441	0.193393319042	0.208226431284	0.162319025806
159005010-tonguedorsum2.snv.bam	0.134266438213	0.184570774926	0.184614586956	0.132104998498	0.112757580454	0.168025915264	0.153648385929	0.14907547422	0.160307648237	0.0	0.157073373441	0.137576417862	0.180745360754	0.180995179647	0.229280767546	0.190480536227	0.181097927841	0.138386854578	0.180085890927	0.135275180121	0.140909771751	0.13835930212	0.153361965723	0.153210671763	0.152968184741	0.144166005711	0.175083117465	0.16362322162	0.168988616507	0.141538485502	0.141269515375	0.165968505523	0.16608320316	0.165084236546	0.138553397708	0.134304604427	0.131693976573	0.134023736871	0.119812593301	0.143769723701	0.200216883919	0.196859855457	0.15723740797	0.165764309403	0.179614038356	0.161511236119	0.166310207636	0.214759845083	0.21371591296	0.186335473689	0.19087912608	0.138301826411	0.136585521406	0.135472271431	0.147804697669	0.149708187535	0.163580608997	0.160123502238	0.170523666747	0.149071453186	0.148246205487	0.141897112265	0.170198527967	0.169766374404	0.193904914082	0.131587749718	0.132480278538	0.133457016472	0.154648473564	0.133358408966	0.151044699357	0.162726758941	0.144041277762	0.139804430791	0.179583790926	0.172181906934	0.170474059559	0.170446613875	0.13973085572	0.131313286992	0.156145470397	0.150989857133	0.15249093863	0.183687652133	0.179478983139	0.163287459833	0.161772221217
159207311-tonguedorsum2.snv.bam	0.132560728181	0.195244374438	0.195060860482	0.119376222066	0.133707524821	0.143740808636	0.166218512537	0.162175790913	0.168880241403	0.157073373441	0.0	0.125004896052	0.175665952396	0.175776810643	0.23673245614	0.106264065474	0.096	0.113199269518	0.19300330398	0.127785011574	0.13830269041	0.149774109119	0.126113967438	0.125943520481	0.126108234201	0.131896910677	0.163795335669	0.14218358396	0.147902715774	0.140035107687	0.138148770878	0.162779591217	0.162630222171	0.161793837741	0.157347887038	0.159457172203	0.133973006078	0.137505714045	0.128544739712	0.189128257575	0.205929487179	0.207782915105	0.140101410935	0.149701611911	0.136185806624	0.0866761022073	0.114316989782	0.226642636335	0.226863151323	0.186856097468	0.193957771788	0.157158991918	0.155974426808	0.15754919769	0.1563459268	0.160937652692	0.152431916003	0.141912379749	0.185358877218	0.139777747666	0.138617569597	0.134271671135	0.1363009631	0.136234438093	0.173334865452	0.147108048789	0.148014015581	0.130998286204	0.158417077854	0.131905648083	0.154930425141	0.14859598527	0.150194856398	0.162004187296	0.150454000107	0.192562849874	0.190569824624	0.190644269206	0.134666214842	0.152920198065	0.148994199273	0.159888888889	0.161558159722	0.173435678817	0.169236949165	0.170040018563	0.137653149994
159227541-tonguedorsum3.snv.bam	0.134612080837	0.19293630564	0.19274342713	0.10320144269	0.117735420321	0.160424627245	0.143322605505	0.134699490156	0.140797053096	0.137576417862	0.125004896052	0.0	0.17440483421	0.174454153844	0.217336511392	0.174823605044	0.169223040813	0.0638945667337	0.176011397716	0.095715334416	0.1295791778	0.132715599197	0.086036695283	0.0862413135658	0.086211795586	0.145008492664	0.160506740472	0.160731133686	0.166333282802	0.125394223056	0.123678954752	0.155973492986	0.15568073556	0.154675367334	0.1155237097	0.122134955783	0.113892753581	0.115653998839	0.123532510844	0.138549421284	0.206965741229	0.203363916262	0.153329076771	0.162091694954	0.145370509789	0.138771031522	0.140781805366	0.204134568008	0.202071583226	0.183122141716	0.1900216895	0.140145257573	0.138272133777	0.139834277247	0.144864738495	0.163431838821	0.181896916886	0.169039247329	0.166231082646	0.141584405957	0.1403462599	0.147070389096	0.143624191723	0.14319066246	0.163185787952	0.11055399435	0.111365008534	0.140285150874	0.155587785896	0.121298193834	0.134184190558	0.1495513687	0.10352412278	0.125192765462	0.165757704289	0.198435819029	0.197263086574	0.197432752825	0.119270057435	0.126042932575	0.147435434815	0.137988073648	0.140729052876	0.178204977638	0.175852134531	0.180127669175	0.0888209708851
159551223-tonguedorsum1.snv.bam	0.179864038554	0.173033127419	0.172703041081	0.147629967467	0.178606172004	0.186251466689	0.199478146803	0.194363510729	0.205567437502	0.180745360754	0.175665952396	0.17440483421	0.0	0.000369647705523	0.227909848719	0.211362092805	0.205672659698	0.175832166445	0.218299798713	0.188151253388	0.187353508987	0.189496202732	0.193208370973	0.193231376709	0.19284501884	0.144789728048	0.21699718239	0.169854761318	0.173107970617	0.164383897342	0.162434557337	0.200759763163	0.201154378792	0.199681221693	0.167045844034	0.170438447246	0.156650480186	0.159169102146	0.178747267352	0.210083427757	0.232442793708	0.227743162457	0.191009450704	0.198643206697	0.182489549098	0.165187648182	0.174578992106	0.219079927	0.217699109668	0.217353279708	0.221927122622	0.180632839623	0.180264949858	0.181752627945	0.175857802964	0.16766859716	0.199175555837	0.19347604584	0.203858870371	0.191770864024	0.190269944034	0.181749070398	0.173370112801	0.17295542265	0.207001989361	0.18414334404	0.184561721174	0.141212486199	0.119321036167	0.180992902871	0.187855359344	0.166439254999	0.18248307994	0.187332599186	0.198959020772	0.200429059545	0.19803749719	0.198112801545	0.171500943211	0.16688763272	0.190082854001	0.16963518866	0.175677642276	0.220811793098	0.21582864605	0.171431817138	0.172782524636
159551223-tonguedorsum2.snv.bam	0.180031764359	0.173221363159	0.172891276822	0.147677699012	0.178714237851	0.186359532537	0.199322905848	0.194208269774	0.205347219288	0.180995179647	0.175776810643	0.174454153844	0.000369647705523	0.0	0.228165359688	0.211534086443	0.20581998722	0.175882869349	0.218440021608	0.188320237137	0.187612295738	0.18960426858	0.193375268502	0.193280818422	0.192950950054	0.144884134299	0.21698550688	0.170109627058	0.1733602877	0.164433216977	0.162601454867	0.200927073806	0.201203698426	0.199787152906	0.167156132316	0.170664824109	0.1567564114	0.159456445325	0.178856711591	0.210243301194	0.232478363485	0.227837568709	0.191118339388	0.198749663624	0.18250729689	0.165209957177	0.17468492332	0.219247652806	0.21795142675	0.217172003843	0.221703058813	0.180742005378	0.180373838542	0.181860693793	0.175842523917	0.167683438002	0.199281487051	0.193582502767	0.204113094132	0.191671007427	0.190252595687	0.181859928645	0.173537010331	0.17312232018	0.207170551704	0.184066931361	0.18459283009	0.141400721939	0.119577195642	0.180906433892	0.187768245074	0.166545186213	0.182604562614	0.187502859891	0.199065214192	0.20050006805	0.19822619886	0.198301503216	0.171489267701	0.166868180378	0.190253114705	0.169808505325	0.175797606418	0.220793588599	0.215739987983	0.171681019195	0.173034841718
159915365-tonguedorsum1.snv.bam	0.229020359462	0.23691190519	0.236575167239	0.212353078077	0.20313624536	0.233139267208	0.225224015272	0.216212721075	0.221252935007	0.229280767546	0.23673245614	0.217336511392	0.227909848719	0.228165359688	0.0	0.259915097511	0.259135850525	0.207007258312	0.244412072925	0.212337018141	0.206379838801	0.224178926069	0.19720822838	0.19707344936	0.196714979565	0.230385155532	0.18215281048	0.233345512118	0.234057862952	0.215493924886	0.214455466044	0.222907860888	0.22264169109	0.221351825465	0.231931526675	0.192739988286	0.198201248858	0.20006239224	0.21566855392	0.183803337569	0.218521370812	0.221479791048	0.223402417962	0.225509977475	0.16321156391	0.228765012083	0.193786876486	0.176968754873	0.175439693836	0.229111649351	0.231798245614	0.223378491524	0.225388601036	0.226558876736	0.225292731018	0.195277539751	0.210439244465	0.203284072058	0.182260241889	0.218260699095	0.217817766289	0.187664473684	0.234736789523	0.234482089875	0.195214319727	0.210680188919	0.210880067696	0.21704450042	0.210431768827	0.204157336754	0.206035767115	0.211327794956	0.200659193656	0.22250796366	0.197866298354	0.201385153416	0.199451410658	0.199728432943	0.210022501072	0.195170689425	0.212656507775	0.197748917749	0.205687763713	0.261642235006	0.255742074602	0.262856961324	0.222164845945
160178356-tonguedorsum1.snv.bam	0.181950825816	0.217788744564	0.217616311156	0.166263212585	0.168049683529	0.186855641683	0.208941720388	0.205786527737	0.210934209498	0.190480536227	0.106264065474	0.174823605044	0.211362092805	0.211534086443	0.259915097511	0.0	0.000615467120634	0.152474314868	0.195147279466	0.174947352787	0.181894210031	0.178855237041	0.185528937333	0.185366605133	0.184942193231	0.161016566004	0.21317519223	0.197560013949	0.202443984265	0.156022912413	0.154149955144	0.198445828887	0.198412186819	0.197237221897	0.184812024946	0.180260538788	0.182365287666	0.18566671878	0.183904864997	0.211966584003	0.235996756275	0.226171747198	0.185022149878	0.190913527799	0.171367169219	0.137593248049	0.151042919915	0.266679081312	0.267369087851	0.197191529314	0.20179000544	0.179067457132	0.174679552772	0.178663507866	0.167643496338	0.18778951715	0.212069454499	0.200952272891	0.201555351065	0.178801263548	0.17747855308	0.18653602291	0.160044845444	0.15957027039	0.199466471195	0.181440090474	0.181042493515	0.187739778296	0.199821627545	0.17978146079	0.191728983442	0.18520029016	0.168970169122	0.189653732594	0.193068544829	0.238409567893	0.236119633139	0.236128036001	0.190531904171	0.175563523785	0.185574247138	0.189825072903	0.192940669324	0.197324267186	0.197912837135	0.178219413091	0.190295665179
160178356-tonguedorsum3.snv.bam	0.177047717431	0.214943138847	0.214915645986	0.156755393094	0.157278046243	0.179950719082	0.202714510603	0.200516215537	0.204988387886	0.181097927841	0.096	0.169223040813	0.205672659698	0.20581998722	0.259135850525	0.000615467120634	0.0	0.148663230983	0.194996253429	0.169139325078	0.177420816032	0.168315608086	0.180909435392	0.180524671337	0.180503348094	0.155052660005	0.207129216252	0.193227225673	0.198501055035	0.154779381123	0.153627710644	0.189113917428	0.188990323405	0.188047479687	0.179146649171	0.175629251882	0.179955727693	0.18305396989	0.176676970355	0.206811830045	0.233707773708	0.223711257628	0.179034714157	0.186950442774	0.168685944901	0.134326405814	0.147717434989	0.26621710546	0.266935608534	0.195232192558	0.201711391739	0.168489519733	0.166492798754	0.168316363291	0.164252753502	0.183442333825	0.20663637887	0.194734373919	0.203623632458	0.173487726442	0.172238920928	0.181345005969	0.154222022153	0.154308715439	0.193075868942	0.178458516309	0.177929440105	0.182980927119	0.19224090386	0.174325872218	0.182049560552	0.178684580339	0.166151131589	0.184154556937	0.186432017495	0.233523311508	0.231610680222	0.231581117717	0.186743371491	0.173348261491	0.183076124921	0.184998684557	0.188343573989	0.197078576776	0.194244182379	0.172880973279	0.185526845584
160259276-tonguedorsum1.snv.bam	0.129705834812	0.174791190509	0.174732212995	0.112602877213	0.110547683627	0.15959255514	0.144558875694	0.137030555024	0.143751706437	0.138386854578	0.113199269518	0.0638945667337	0.175832166445	0.175882869349	0.207007258312	0.152474314868	0.148663230983	0.0	0.177157557451	0.0602490273831	0.112916229382	0.13090452252	0.0525709657784	0.051694070129	0.0523222004536	0.131211939664	0.150050099878	0.161364928997	0.166497964995	0.111833615027	0.110985479425	0.143592375125	0.143245462122	0.1424520153	0.123093062262	0.118353981716	0.121392152554	0.124504199133	0.13572590346	0.142430458253	0.194365836383	0.188992113332	0.12915506879	0.136164404919	0.133548571176	0.123364576025	0.12390685656	0.19558290455	0.192289926052	0.171206984774	0.177689027285	0.138369487916	0.136932581426	0.138458667336	0.130047183185	0.152108544146	0.162013469451	0.151032089391	0.153046006644	0.128910188729	0.127671846805	0.147029624631	0.130741746253	0.130809854992	0.156576795772	0.102220058182	0.104186870982	0.123152395811	0.137004208096	0.115268042179	0.137246752435	0.150373939101	0.0609006840419	0.120611565255	0.155152897802	0.181970028904	0.18019308085	0.180165702767	0.131645638304	0.111850565575	0.120236799829	0.12008578445	0.122355623975	0.178658108087	0.174458132262	0.1677186889	0.0674868863217
160380657-tonguedorsum1.snv.bam	0.168659245004	0.205087224757	0.204825498336	0.170494444013	0.154262491646	0.206254005079	0.184174163308	0.18061916886	0.190759934246	0.180085890927	0.19300330398	0.176011397716	0.218299798713	0.218440021608	0.244412072925	0.195147279466	0.194996253429	0.177157557451	0.0	0.18984621379	0.176801193329	0.175352367855	0.19208877497	0.19244793247	0.191556279	0.208083401887	0.226781184315	0.210128568646	0.215395412455	0.150101735777	0.149376279395	0.205470175276	0.205290524007	0.203941255434	0.148184579054	0.1791061062	0.181814197216	0.186868413185	0.19129227666	0.19233967035	0.194859926467	0.189308286443	0.198013660418	0.205802425877	0.197540420712	0.194468354007	0.192279912549	0.241409071897	0.240685999392	0.173504696734	0.174415298597	0.175419194102	0.175729257452	0.177676618552	0.189642846198	0.204193197638	0.192541387076	0.193030764888	0.229315668202	0.193694192004	0.192473097344	0.198446732003	0.222907523447	0.222460823675	0.204178542975	0.175371826319	0.175583514752	0.192330579579	0.206115908985	0.16982840227	0.18153941364	0.203668414486	0.181542879566	0.172594689139	0.232338527707	0.199989550288	0.19763069738	0.197805531131	0.180699664342	0.177122546667	0.198777980979	0.181741644013	0.185064507842	0.227874181528	0.225550928092	0.185340273327	0.194596235584
160400887-tonguedorsum1.snv.bam	0.151009814457	0.202041604004	0.20188172265	0.13159887247	0.124783728881	0.165488518122	0.158561961478	0.149181691062	0.161148356796	0.135275180121	0.127785011574	0.095715334416	0.188151253388	0.188320237137	0.212337018141	0.174947352787	0.169139325078	0.0602490273831	0.18984621379	0.0	0.132505398894	0.145283536426	0.0434355997789	0.0429336091513	0.0430835700685	0.1509330965	0.14998154205	0.168806292661	0.173742182472	0.133322962717	0.132796458065	0.142614417941	0.142789577209	0.142412935767	0.155673988215	0.138290363929	0.133651280788	0.137975005287	0.148524656602	0.161472545203	0.213203942925	0.209483771579	0.153621031746	0.162899175021	0.148406259037	0.133293767978	0.14075076891	0.21265635214	0.20917432172	0.191257376454	0.197799422799	0.153109545837	0.151112528345	0.153035750228	0.144309661584	0.169496542578	0.172826501401	0.160375947213	0.178150536681	0.150472790417	0.149019652818	0.159631799769	0.142364852253	0.142392348746	0.169138743091	0.142974807168	0.144236670146	0.149633775567	0.136300266703	0.14183741277	0.157739543084	0.176776067652	0.0920602666128	0.126995699443	0.18164603878	0.194365582161	0.19256575993	0.192538040474	0.140121792205	0.144834603121	0.13568116038	0.155347401665	0.156757626644	0.175063180234	0.173535855243	0.167026600069	0.0786097331359
160421117-tonguedorsum1.snv.bam	0.13939717533	0.178864919595	0.178613396005	0.12263049086	0.117502547038	0.163364531691	0.132125471775	0.127466121584	0.13802727781	0.140909771751	0.13830269041	0.1295791778	0.187353508987	0.187612295738	0.206379838801	0.181894210031	0.177420816032	0.112916229382	0.176801193329	0.132505398894	0.0	0.13070817095	0.140991015972	0.140881238382	0.140790669255	0.14915163855	0.195119956554	0.170447972582	0.17823401028	0.131234866118	0.130429582383	0.169324890882	0.169528764764	0.168607029776	0.12919378363	0.138601004083	0.107302617527	0.112465303546	0.139758416112	0.140023256007	0.225855725088	0.219698967562	0.155582182662	0.161723846964	0.161953508866	0.157732213023	0.154183132246	0.211942027082	0.211503623188	0.176600802742	0.183360242955	0.127736386496	0.126098368139	0.128059586748	0.161180585066	0.154257220099	0.191880733768	0.180956196055	0.166539217589	0.154743010442	0.153462608021	0.159250602271	0.143370105188	0.142919986795	0.18803587689	0.146951678062	0.144346655527	0.130638124815	0.155077038096	0.140518979342	0.134491145412	0.156298941529	0.145714037904	0.11035103908	0.179522864165	0.194338459009	0.191882958776	0.192026344928	0.125784787021	0.130253684404	0.177038644319	0.156139344576	0.158372467513	0.201157180589	0.196019279184	0.200061945408	0.141727758024
160502038-tonguedorsum3.snv.bam	0.117138573096	0.190908952581	0.190791838684	0.0881732533522	0.0313666286718	0.174344795682	0.120194660304	0.118476196673	0.133669233847	0.13835930212	0.149774109119	0.132715599197	0.189496202732	0.18960426858	0.224178926069	0.178855237041	0.168315608086	0.13090452252	0.175352367855	0.145283536426	0.13070817095	0.0	0.143936346468	0.143333387406	0.143128725741	0.157548066977	0.180077496686	0.164751849458	0.169766484046	0.131722107979	0.131271871669	0.186208576527	0.186378012931	0.184912417977	0.135696002966	0.129823824395	0.108281433895	0.11295821328	0.151983733222	0.166560297958	0.214980421877	0.211811190642	0.170571630714	0.181541607761	0.16692442764	0.143051507158	0.15743689913	0.219224261929	0.21832702934	0.197902271001	0.202420653301	0.0399952483474	0.0383979854568	0.0382595907762	0.12777412461	0.160271897992	0.167591151691	0.162314998585	0.184116046063	0.161807784436	0.160414226205	0.12641921598	0.171053036931	0.170955426881	0.167567113242	0.133189551473	0.127120320889	0.148158210653	0.178621692879	0.130515957174	0.0441156580904	0.172300060719	0.146588862556	0.115011139451	0.173810476303	0.183232075523	0.181234216092	0.181141863007	0.1209312498	0.133555884358	0.165153014297	0.156463001867	0.157855649874	0.201038924379	0.198824211043	0.181481448466	0.147205542528
160603188-tonguedorsum1.snv.bam	0.156840247042	0.20693818906	0.20674531055	0.130806962276	0.123470649572	0.1639259258	0.160203979423	0.150528725888	0.162646314644	0.153361965723	0.126113967438	0.086036695283	0.193208370973	0.193375268502	0.19720822838	0.185528937333	0.180909435392	0.0525709657784	0.19208877497	0.0434355997789	0.140991015972	0.143936346468	0.0	0.0013912966364	0.00115574648242	0.159208049907	0.162667756105	0.163977626226	0.169547471934	0.14450918767	0.142931363713	0.146626628613	0.146581652107	0.145460915515	0.154362331868	0.14059081483	0.139971710803	0.14300791738	0.151960182581	0.146178086152	0.220900512436	0.216893015989	0.154861111111	0.163589684087	0.143621905464	0.136364212	0.140322752329	0.193495593727	0.19007960172	0.189215065929	0.19616538132	0.151459776621	0.149558080808	0.151129943596	0.155293362551	0.179954638982	0.174812573295	0.161552645741	0.185501088307	0.151612873647	0.150190714041	0.165584832905	0.148573856252	0.148140326989	0.15956850779	0.129470073976	0.130743014811	0.150839475839	0.144914508857	0.142747129172	0.156195147513	0.173568174263	0.0840060248099	0.12406659973	0.178943123542	0.194582925986	0.192629947342	0.192799613593	0.144044410411	0.135952957959	0.133771538812	0.141220238095	0.142964344942	0.173677390436	0.172425503641	0.175707078828	0.0754460345399
160603188-tonguedorsum2.snv.bam	0.157007729803	0.206959851343	0.206801545174	0.130615150269	0.123039608077	0.16324756367	0.159488765776	0.150605402739	0.162849310879	0.153210671763	0.125943520481	0.0862413135658	0.193231376709	0.193280818422	0.19707344936	0.185366605133	0.180524671337	0.051694070129	0.19244793247	0.0429336091513	0.140881238382	0.143333387406	0.0013912966364	0.0	0.000878531586579	0.159398186262	0.160176967979	0.164095334638	0.16902898074	0.143861942623	0.142830421127	0.146138199624	0.145872006772	0.144873592515	0.153944677881	0.140117063977	0.139220942557	0.143098433493	0.151878667604	0.146080577192	0.218278546977	0.214451043673	0.154183164397	0.163399567653	0.143320136839	0.136147359478	0.140127418372	0.193236424979	0.189928348924	0.189049010366	0.195767403642	0.151208200623	0.149639880034	0.151007689511	0.154951873249	0.179944615148	0.175567119291	0.162288941464	0.183407754491	0.151132818358	0.149623629386	0.165215427697	0.147829996981	0.147898273476	0.157020384542	0.129177636307	0.130365746243	0.150101196913	0.14470070774	0.142357302719	0.155897920719	0.173501895873	0.0832076576879	0.123371840633	0.178561958844	0.194645846499	0.192771913716	0.192744468033	0.143632915701	0.135526945408	0.133487841969	0.140429034816	0.142197221812	0.173996293727	0.172383373957	0.1755875787	0.0750918188983
160603188-tonguedorsum3.snv.bam	0.156869808594	0.206391722114	0.20627691021	0.130402767137	0.122824723403	0.163006915487	0.159412233305	0.150129496291	0.162468819139	0.152968184741	0.126108234201	0.086211795586	0.19284501884	0.192950950054	0.196714979565	0.184942193231	0.180503348094	0.0523222004536	0.191556279	0.0430835700685	0.140790669255	0.143128725741	0.00115574648242	0.000878531586579	0.0	0.159132920151	0.162302428933	0.163754240958	0.168828796966	0.144384846509	0.142817658926	0.146278067175	0.146233947086	0.144763633695	0.153620688376	0.140246644112	0.139338480973	0.143302588477	0.151546731065	0.145845217305	0.220433855675	0.216405184146	0.154638819264	0.163043113951	0.143088542117	0.135906475167	0.139815918079	0.19273521112	0.189430384991	0.188598690067	0.195336999134	0.150764532007	0.148984841982	0.150521232842	0.155027632638	0.179465575241	0.174819027975	0.162062104404	0.185401693454	0.151117729437	0.149530155873	0.165160713096	0.148022526503	0.147669434821	0.159087938952	0.129527007769	0.129951268693	0.150409870737	0.144556240645	0.142687724243	0.155947577098	0.17320373292	0.0835909825995	0.123433658124	0.178712096741	0.194321137211	0.192070827699	0.192043449615	0.143766632744	0.13540162821	0.133766089099	0.140575993961	0.142336126782	0.173351491703	0.171878823791	0.17522579116	0.0753866592047
160765029-tonguedorsum1.snv.bam	0.158079526852	0.188743805069	0.188546068159	0.133219461367	0.13655482147	0.177975796235	0.180875863995	0.171715904829	0.178742545212	0.144166005711	0.131896910677	0.145008492664	0.144789728048	0.144884134299	0.230385155532	0.161016566004	0.155052660005	0.131211939664	0.208083401887	0.1509330965	0.14915163855	0.157548066977	0.159208049907	0.159398186262	0.159132920151	0.0	0.16850964916	0.166799721359	0.172623552108	0.126992961121	0.125217942441	0.164525860597	0.164997534626	0.163988133464	0.145963336839	0.154883682871	0.124555432708	0.127635071876	0.142208141225	0.176548633528	0.215462431141	0.206620473284	0.160984080499	0.169522201823	0.156950152307	0.121910478713	0.137774662889	0.217228926174	0.216630660143	0.182739776054	0.184738208439	0.147708305594	0.147495079621	0.149502424956	0.150959380177	0.157114737404	0.176332642474	0.167901334625	0.189563056448	0.145054632917	0.144416671231	0.150375579562	0.129501541132	0.129057091737	0.188458023672	0.15462669374	0.153084652833	0.131232026024	0.150674987766	0.151460919556	0.164403263389	0.156449557959	0.160177968985	0.15876812674	0.154487309424	0.191719282445	0.189641003011	0.189727876091	0.13131639445	0.141283950415	0.171697673275	0.154202940486	0.153896077755	0.182949283329	0.178708973154	0.1646558612	0.158679971319
234447334-tonguedorsum2.snv.bam	0.167889907034	0.23118711823	0.231384292816	0.154591243205	0.159745487414	0.174607012583	0.199252014314	0.19232248605	0.198142208125	0.175083117465	0.163795335669	0.160506740472	0.21699718239	0.21698550688	0.18215281048	0.21317519223	0.207129216252	0.150050099878	0.226781184315	0.14998154205	0.195119956554	0.180077496686	0.162667756105	0.160176967979	0.162302428933	0.16850964916	0.0	0.168513635474	0.17401037327	0.162672126326	0.16204401764	0.185932570718	0.185062115016	0.184942245852	0.159742785463	0.169913412483	0.155446710338	0.160021429604	0.16150710753	0.184982107826	0.144371696981	0.153020106002	0.176829633553	0.187537163739	0.168659192633	0.168116481968	0.167980540404	0.173312850462	0.174497846354	0.214203769289	0.219657268224	0.187116275055	0.186469189815	0.187587308794	0.174852680182	0.201733484536	0.189250194146	0.18142963408	0.111523643248	0.170228053193	0.170016117451	0.137818541089	0.167640242226	0.167411991452	0.126762901963	0.17238895771	0.17271708485	0.174687852922	0.180615650838	0.164285046077	0.183555576471	0.186579469009	0.159493612207	0.190122044499	0.128080649006	0.20735766063	0.206776059504	0.206663471206	0.153349609918	0.170061842027	0.185622998418	0.162327506641	0.161116655047	0.202297274368	0.202078815882	0.199298497661	0.173731586674
246515023-tonguedorsum1.snv.bam	0.127104479969	0.201337783428	0.201403107116	0.137618394215	0.151605676578	0.0468848918691	0.176191312938	0.177837510576	0.189214752861	0.16362322162	0.14218358396	0.160731133686	0.169854761318	0.170109627058	0.233345512118	0.197560013949	0.193227225673	0.161364928997	0.210128568646	0.168806292661	0.170447972582	0.164751849458	0.163977626226	0.164095334638	0.163754240958	0.166799721359	0.168513635474	0.0	0.000558717164933	0.160046066884	0.158476034816	0.17463519678	0.174528385758	0.174254849666	0.17509227517	0.176319778543	0.140529250105	0.142604975636	0.149892073591	0.181578112729	0.234152585765	0.232082974264	0.162480107724	0.171260437526	0.160673815132	0.126914351718	0.144810899038	0.215624999791	0.212300817066	0.205411371969	0.21046744157	0.153892256389	0.153070013535	0.154467985029	0.170747906915	0.157519620245	0.179665071769	0.175022804104	0.192196412567	0.179712089966	0.178679700575	0.149792757417	0.179269651757	0.179004292268	0.188198157758	0.176564476487	0.177273203778	0.138872936109	0.142540156874	0.170389910439	0.160086529253	0.167214694843	0.167941206797	0.173792841892	0.181988398633	0.180669632701	0.179484475107	0.17942102398	0.1388727653	0.162734877129	0.175790414605	0.169890873016	0.168426026899	0.18856488727	0.183750286322	0.176927724487	0.132847500737
