	158155345-tonguedorsum2.snv.bam	158256496-tonguedorsum2.snv.bam	158458797-tonguedorsum1.snv.bam	158458797-tonguedorsum2.snv.bam	158883629-tonguedorsum1.snv.bam	158883629-tonguedorsum2.snv.bam	158944319-tonguedorsum3.snv.bam	159207311-tonguedorsum3.snv.bam	159247771-tonguedorsum2.snv.bam	159268001-tonguedorsum3.snv.bam	159470302-tonguedorsum1.snv.bam	159611913-tonguedorsum2.snv.bam	159733294-tonguedorsum1.snv.bam	160178356-tonguedorsum2.snv.bam	160178356-tonguedorsum3.snv.bam	160259276-tonguedorsum1.snv.bam	160319967-tonguedorsum3.snv.bam	160380657-tonguedorsum3.snv.bam	160421117-tonguedorsum2.snv.bam	160421117-tonguedorsum3.snv.bam	160502038-tonguedorsum1.snv.bam	160502038-tonguedorsum2.snv.bam	160502038-tonguedorsum3.snv.bam	160603188-tonguedorsum2.snv.bam	160603188-tonguedorsum3.snv.bam	160947100-tonguedorsum1.snv.bam	295137534-tonguedorsum2.snv.bam	370027359-tonguedorsum3.snv.bam	550534656-tonguedorsum3.snv.bam	604812005-tonguedorsum3.snv.bam	638754422-tonguedorsum3.snv.bam	675950834-tonguedorsum3.snv.bam	682102541-tonguedorsum3.snv.bam	686765762-tonguedorsum3.snv.bam	737052003-tonguedorsum1.snv.bam	737052003-tonguedorsum2.snv.bam	763759525-tonguedorsum2.snv.bam	763901136-tonguedorsum1.snv.bam	763961826-tonguedorsum2.snv.bam	763982056-tonguedorsum2.snv.bam	763982056-tonguedorsum3.snv.bam	764083206-tonguedorsum1.snv.bam	764285508-tonguedorsum2.snv.bam	764305738-tonguedorsum1.snv.bam	764325968-tonguedorsum1.snv.bam	764325968-tonguedorsum2.snv.bam	764366428-tonguedorsum2.snv.bam	764366428-tonguedorsum3.snv.bam	764467579-palatinetonsils3.snv.bam	764467579-tonguedorsum3.snv.bam	764811490-tonguedorsum1.snv.bam	764811490-tonguedorsum2.snv.bam	764872181-tonguedorsum1.snv.bam	764892411-tonguedorsum2.snv.bam	765013792-tonguedorsum2.snv.bam	765013792-tonguedorsum3.snv.bam	765034022-tonguedorsum1.snv.bam	765074482-tonguedorsum1.snv.bam	765074482-tonguedorsum3.snv.bam	765155402-tonguedorsum3.snv.bam	765195863-palatinetonsils3.snv.bam	765195863-tonguedorsum3.snv.bam	765216093-tonguedorsum3.snv.bam	765640925-tonguedorsum1.snv.bam	823052294-tonguedorsum1.snv.bam	823052294-tonguedorsum2.snv.bam	823052294-tonguedorsum3.snv.bam	857980665-tonguedorsum2.snv.bam	857980665-tonguedorsum3.snv.bam	863126187-tonguedorsum3.snv.bam
158155345-tonguedorsum2.snv.bam	0.0	0.0236363636364	0.0872727272727	0.1	0.0818181818182	0.0672727272727	0.212727272727	0.123636363636	0.132727272727	0.185454545455	0.167272727273	0.0727272727273	0.229090909091	0.130909090909	0.134545454545	0.134545454545	0.169090909091	0.203636363636	0.196363636364	0.189090909091	0.114545454545	0.125454545455	0.127272727273	0.22	0.234545454545	0.1	0.212727272727	0.0981818181818	0.183636363636	0.201818181818	0.225454545455	0.210909090909	0.107272727273	0.176363636364	0.0909090909091	0.192727272727	0.0981818181818	0.134545454545	0.0854545454545	0.152727272727	0.158181818182	0.149090909091	0.0781818181818	0.110909090909	0.0854545454545	0.127272727273	0.0963636363636	0.141818181818	0.147272727273	0.181818181818	0.192727272727	0.198181818182	0.0963636363636	0.0945454545455	0.0745454545455	0.0636363636364	0.0890909090909	0.0890909090909	0.110909090909	0.0963636363636	0.118181818182	0.187272727273	0.172727272727	0.0945454545455	0.107272727273	0.110909090909	0.0945454545455	0.109090909091	0.1	0.114545454545
158256496-tonguedorsum2.snv.bam	0.0236363636364	0.0	0.0527272727273	0.0690909090909	0.0672727272727	0.0363636363636	0.170909090909	0.0709090909091	0.1	0.147272727273	0.121818181818	0.0472727272727	0.185454545455	0.0654545454545	0.0690909090909	0.0927272727273	0.105454545455	0.163636363636	0.130909090909	0.123636363636	0.0890909090909	0.1	0.103636363636	0.176363636364	0.190909090909	0.0436363636364	0.167272727273	0.0545454545455	0.136363636364	0.150909090909	0.181818181818	0.167272727273	0.0563636363636	0.136363636364	0.0636363636364	0.150909090909	0.0727272727273	0.0763636363636	0.0581818181818	0.0909090909091	0.0836363636364	0.0763636363636	0.0618181818182	0.0945454545455	0.0618181818182	0.0781818181818	0.0381818181818	0.0836363636364	0.105454545455	0.129090909091	0.154545454545	0.152727272727	0.0854545454545	0.0490909090909	0.0690909090909	0.0509090909091	0.0381818181818	0.0509090909091	0.0763636363636	0.0563636363636	0.0654545454545	0.12	0.127272727273	0.0563636363636	0.0709090909091	0.0490909090909	0.0563636363636	0.0909090909091	0.0690909090909	0.0763636363636
158458797-tonguedorsum1.snv.bam	0.0872727272727	0.0527272727273	0.0	0.00545454545455	0.0981818181818	0.0672727272727	0.178181818182	0.0872727272727	0.0818181818182	0.167272727273	0.149090909091	0.0581818181818	0.207272727273	0.105454545455	0.107272727273	0.107272727273	0.14	0.176363636364	0.158181818182	0.150909090909	0.107272727273	0.116363636364	0.114545454545	0.181818181818	0.198181818182	0.103636363636	0.183636363636	0.0836363636364	0.167272727273	0.176363636364	0.212727272727	0.181818181818	0.0854545454545	0.161818181818	0.0818181818182	0.176363636364	0.0854545454545	0.12	0.0709090909091	0.130909090909	0.129090909091	0.12	0.0890909090909	0.0836363636364	0.08	0.103636363636	0.0654545454545	0.109090909091	0.130909090909	0.150909090909	0.181818181818	0.183636363636	0.101818181818	0.0781818181818	0.0927272727273	0.0781818181818	0.0709090909091	0.0945454545455	0.109090909091	0.0763636363636	0.0909090909091	0.16	0.145454545455	0.0836363636364	0.0963636363636	0.0836363636364	0.0727272727273	0.103636363636	0.0872727272727	0.0781818181818
158458797-tonguedorsum2.snv.bam	0.1	0.0690909090909	0.00545454545455	0.0	0.127272727273	0.0854545454545	0.210909090909	0.110909090909	0.101818181818	0.194545454545	0.178181818182	0.0727272727273	0.241818181818	0.127272727273	0.132727272727	0.127272727273	0.16	0.209090909091	0.190909090909	0.185454545455	0.12	0.130909090909	0.129090909091	0.22	0.236363636364	0.114545454545	0.214545454545	0.110909090909	0.194545454545	0.216363636364	0.243636363636	0.209090909091	0.105454545455	0.194545454545	0.0927272727273	0.205454545455	0.1	0.141818181818	0.0763636363636	0.156363636364	0.161818181818	0.145454545455	0.1	0.1	0.0981818181818	0.127272727273	0.0781818181818	0.138181818182	0.143636363636	0.178181818182	0.218181818182	0.212727272727	0.118181818182	0.0872727272727	0.105454545455	0.0818181818182	0.0890909090909	0.114545454545	0.130909090909	0.0927272727273	0.101818181818	0.187272727273	0.170909090909	0.1	0.109090909091	0.101818181818	0.0909090909091	0.121818181818	0.101818181818	0.1
158883629-tonguedorsum1.snv.bam	0.0818181818182	0.0672727272727	0.0981818181818	0.127272727273	0.0	0.04	0.212727272727	0.112727272727	0.147272727273	0.189090909091	0.167272727273	0.0727272727273	0.223636363636	0.125454545455	0.129090909091	0.114545454545	0.170909090909	0.205454545455	0.189090909091	0.183636363636	0.110909090909	0.121818181818	0.12	0.216363636364	0.230909090909	0.109090909091	0.214545454545	0.0945454545455	0.187272727273	0.2	0.232727272727	0.209090909091	0.112727272727	0.189090909091	0.0909090909091	0.196363636364	0.1	0.147272727273	0.1	0.152727272727	0.16	0.149090909091	0.0909090909091	0.0927272727273	0.0836363636364	0.138181818182	0.0927272727273	0.138181818182	0.132727272727	0.185454545455	0.2	0.196363636364	0.0472727272727	0.0963636363636	0.0963636363636	0.0909090909091	0.0836363636364	0.101818181818	0.123636363636	0.116363636364	0.132727272727	0.187272727273	0.169090909091	0.0745454545455	0.0836363636364	0.103636363636	0.0872727272727	0.107272727273	0.0981818181818	0.123636363636
158883629-tonguedorsum2.snv.bam	0.0672727272727	0.0363636363636	0.0672727272727	0.0854545454545	0.04	0.0	0.14	0.0472727272727	0.101818181818	0.0909090909091	0.101818181818	0.0418181818182	0.152727272727	0.04	0.0472727272727	0.0872727272727	0.08	0.12	0.103636363636	0.101818181818	0.0945454545455	0.109090909091	0.109090909091	0.147272727273	0.16	0.0454545454545	0.130909090909	0.0418181818182	0.1	0.129090909091	0.170909090909	0.129090909091	0.0472727272727	0.116363636364	0.0727272727273	0.0818181818182	0.0781818181818	0.0581818181818	0.0745454545455	0.0781818181818	0.0763636363636	0.0545454545455	0.0763636363636	0.0781818181818	0.0345454545455	0.0636363636364	0.0181818181818	0.0527272727273	0.0927272727273	0.0963636363636	0.121818181818	0.123636363636	0.0654545454545	0.0290909090909	0.08	0.0636363636364	0.0363636363636	0.0763636363636	0.101818181818	0.0581818181818	0.0654545454545	0.0872727272727	0.0981818181818	0.0381818181818	0.0709090909091	0.0363636363636	0.0581818181818	0.0672727272727	0.0545454545455	0.0836363636364
158944319-tonguedorsum3.snv.bam	0.212727272727	0.170909090909	0.178181818182	0.210909090909	0.212727272727	0.14	0.0	0.12	0.196363636364	0.101818181818	0.105454545455	0.190909090909	0.14	0.0945454545455	0.0890909090909	0.18	0.0981818181818	0.114545454545	0.138181818182	0.138181818182	0.229090909091	0.243636363636	0.241818181818	0.0709090909091	0.0745454545455	0.114545454545	0.109090909091	0.121818181818	0.0927272727273	0.132727272727	0.161818181818	0.12	0.112727272727	0.0963636363636	0.172727272727	0.1	0.198181818182	0.109090909091	0.2	0.114545454545	0.127272727273	0.0909090909091	0.201818181818	0.221818181818	0.154545454545	0.101818181818	0.118181818182	0.116363636364	0.132727272727	0.118181818182	0.118181818182	0.121818181818	0.205454545455	0.123636363636	0.210909090909	0.196363636364	0.138181818182	0.2	0.227272727273	0.158181818182	0.116363636364	0.118181818182	0.0618181818182	0.158181818182	0.169090909091	0.103636363636	0.192727272727	0.196363636364	0.181818181818	0.181818181818
159207311-tonguedorsum3.snv.bam	0.123636363636	0.0709090909091	0.0872727272727	0.110909090909	0.112727272727	0.0472727272727	0.12	0.0	0.121818181818	0.103636363636	0.0727272727273	0.0763636363636	0.112727272727	0.0163636363636	0.0272727272727	0.103636363636	0.0418181818182	0.0563636363636	0.0781818181818	0.0763636363636	0.118181818182	0.134545454545	0.134545454545	0.125454545455	0.136363636364	0.06	0.0818181818182	0.0381818181818	0.0636363636364	0.0963636363636	0.136363636364	0.0654545454545	0.0381818181818	0.0963636363636	0.0927272727273	0.1	0.0981818181818	0.0236363636364	0.0909090909091	0.0745454545455	0.0763636363636	0.06	0.103636363636	0.125454545455	0.0654545454545	0.0563636363636	0.00909090909091	0.0109090909091	0.0745454545455	0.04	0.112727272727	0.103636363636	0.118181818182	0.04	0.129090909091	0.112727272727	0.04	0.0781818181818	0.121818181818	0.0581818181818	0.0309090909091	0.0218181818182	0.0781818181818	0.0636363636364	0.0945454545455	0.0363636363636	0.0781818181818	0.118181818182	0.105454545455	0.08
159247771-tonguedorsum2.snv.bam	0.132727272727	0.1	0.0818181818182	0.101818181818	0.147272727273	0.101818181818	0.196363636364	0.121818181818	0.0	0.172727272727	0.152727272727	0.125454545455	0.212727272727	0.118181818182	0.121818181818	0.114545454545	0.154545454545	0.187272727273	0.187272727273	0.181818181818	0.167272727273	0.18	0.178181818182	0.201818181818	0.216363636364	0.125454545455	0.194545454545	0.101818181818	0.178181818182	0.189090909091	0.221818181818	0.187272727273	0.109090909091	0.172727272727	0.0927272727273	0.190909090909	0.110909090909	0.130909090909	0.0927272727273	0.149090909091	0.150909090909	0.145454545455	0.132727272727	0.143636363636	0.118181818182	0.127272727273	0.1	0.14	0.149090909091	0.174545454545	0.194545454545	0.192727272727	0.141818181818	0.0709090909091	0.118181818182	0.0981818181818	0.109090909091	0.149090909091	0.161818181818	0.0709090909091	0.0854545454545	0.172727272727	0.158181818182	0.121818181818	0.129090909091	0.112727272727	0.116363636364	0.16	0.141818181818	0.0290909090909
159268001-tonguedorsum3.snv.bam	0.185454545455	0.147272727273	0.167272727273	0.194545454545	0.189090909091	0.0909090909091	0.101818181818	0.103636363636	0.172727272727	0.0	0.0981818181818	0.18	0.132727272727	0.08	0.0836363636364	0.174545454545	0.109090909091	0.105454545455	0.138181818182	0.141818181818	0.214545454545	0.223636363636	0.221818181818	0.101818181818	0.109090909091	0.0890909090909	0.114545454545	0.109090909091	0.0818181818182	0.12	0.169090909091	0.112727272727	0.0854545454545	0.125454545455	0.149090909091	0.06	0.170909090909	0.101818181818	0.172727272727	0.123636363636	0.132727272727	0.0981818181818	0.176363636364	0.192727272727	0.147272727273	0.101818181818	0.0890909090909	0.1	0.147272727273	0.112727272727	0.130909090909	0.132727272727	0.181818181818	0.08	0.185454545455	0.170909090909	0.110909090909	0.176363636364	0.205454545455	0.14	0.103636363636	0.109090909091	0.103636363636	0.141818181818	0.165454545455	0.0909090909091	0.176363636364	0.185454545455	0.165454545455	0.161818181818
159470302-tonguedorsum1.snv.bam	0.167272727273	0.121818181818	0.149090909091	0.178181818182	0.167272727273	0.101818181818	0.105454545455	0.0727272727273	0.152727272727	0.0981818181818	0.0	0.154545454545	0.0963636363636	0.02	0.0236363636364	0.149090909091	0.0763636363636	0.0763636363636	0.0490909090909	0.0545454545455	0.169090909091	0.183636363636	0.183636363636	0.107272727273	0.110909090909	0.0381818181818	0.0818181818182	0.0763636363636	0.0581818181818	0.0563636363636	0.0618181818182	0.0581818181818	0.0618181818182	0.0763636363636	0.132727272727	0.0781818181818	0.150909090909	0.0436363636364	0.152727272727	0.0509090909091	0.0618181818182	0.0618181818182	0.156363636364	0.181818181818	0.12	0.0818181818182	0.0618181818182	0.0563636363636	0.107272727273	0.0472727272727	0.0927272727273	0.0909090909091	0.16	0.0709090909091	0.163636363636	0.16	0.0454545454545	0.145454545455	0.181818181818	0.109090909091	0.0618181818182	0.06	0.0581818181818	0.125454545455	0.132727272727	0.0618181818182	0.141818181818	0.161818181818	0.152727272727	0.129090909091
159611913-tonguedorsum2.snv.bam	0.0727272727273	0.0472727272727	0.0581818181818	0.0727272727273	0.0727272727273	0.0418181818182	0.190909090909	0.0763636363636	0.125454545455	0.18	0.154545454545	0.0	0.218181818182	0.105454545455	0.112727272727	0.110909090909	0.138181818182	0.183636363636	0.167272727273	0.161818181818	0.0818181818182	0.0963636363636	0.0981818181818	0.209090909091	0.221818181818	0.0709090909091	0.194545454545	0.0690909090909	0.167272727273	0.185454545455	0.207272727273	0.189090909091	0.0854545454545	0.169090909091	0.0727272727273	0.169090909091	0.0727272727273	0.118181818182	0.0690909090909	0.121818181818	0.129090909091	0.110909090909	0.0927272727273	0.0818181818182	0.0672727272727	0.109090909091	0.0490909090909	0.1	0.112727272727	0.138181818182	0.18	0.174545454545	0.0763636363636	0.0672727272727	0.0818181818182	0.0636363636364	0.0563636363636	0.0654545454545	0.0927272727273	0.0909090909091	0.101818181818	0.154545454545	0.149090909091	0.0709090909091	0.0745454545455	0.0745454545455	0.06	0.103636363636	0.0909090909091	0.107272727273
159733294-tonguedorsum1.snv.bam	0.229090909091	0.185454545455	0.207272727273	0.241818181818	0.223636363636	0.152727272727	0.14	0.112727272727	0.212727272727	0.132727272727	0.0963636363636	0.218181818182	0.0	0.0963636363636	0.0927272727273	0.205454545455	0.08	0.0709090909091	0.123636363636	0.121818181818	0.247272727273	0.26	0.258181818182	0.14	0.145454545455	0.109090909091	0.0872727272727	0.121818181818	0.08	0.118181818182	0.170909090909	0.0945454545455	0.109090909091	0.114545454545	0.192727272727	0.130909090909	0.212727272727	0.0872727272727	0.216363636364	0.125454545455	0.14	0.127272727273	0.201818181818	0.232727272727	0.18	0.154545454545	0.103636363636	0.103636363636	0.161818181818	0.103636363636	0.114545454545	0.121818181818	0.216363636364	0.121818181818	0.229090909091	0.22	0.127272727273	0.210909090909	0.243636363636	0.170909090909	0.1	0.0909090909091	0.116363636364	0.165454545455	0.190909090909	0.112727272727	0.210909090909	0.225454545455	0.210909090909	0.194545454545
160178356-tonguedorsum2.snv.bam	0.130909090909	0.0654545454545	0.105454545455	0.127272727273	0.125454545455	0.04	0.0945454545455	0.0163636363636	0.118181818182	0.08	0.02	0.105454545455	0.0963636363636	0.0	0.0	0.109090909091	0.0345454545455	0.0527272727273	0.0345454545455	0.0436363636364	0.141818181818	0.156363636364	0.158181818182	0.0963636363636	0.101818181818	0.0363636363636	0.0636363636364	0.0345454545455	0.04	0.0472727272727	0.0927272727273	0.0345454545455	0.02	0.0418181818182	0.107272727273	0.0781818181818	0.103636363636	0.00909090909091	0.1	0.0490909090909	0.0563636363636	0.0309090909091	0.114545454545	0.141818181818	0.0690909090909	0.0327272727273	0.0127272727273	0.0181818181818	0.0763636363636	0.0254545454545	0.0763636363636	0.0727272727273	0.123636363636	0.0290909090909	0.132727272727	0.116363636364	0.0327272727273	0.0854545454545	0.134545454545	0.0563636363636	0.0236363636364	0.02	0.0490909090909	0.0527272727273	0.1	0.0181818181818	0.0927272727273	0.125454545455	0.1	0.0981818181818
160178356-tonguedorsum3.snv.bam	0.134545454545	0.0690909090909	0.107272727273	0.132727272727	0.129090909091	0.0472727272727	0.0890909090909	0.0272727272727	0.121818181818	0.0836363636364	0.0236363636364	0.112727272727	0.0927272727273	0.0	0.0	0.112727272727	0.0345454545455	0.0454545454545	0.0345454545455	0.04	0.141818181818	0.161818181818	0.158181818182	0.0909090909091	0.0963636363636	0.0436363636364	0.0581818181818	0.0363636363636	0.0436363636364	0.0418181818182	0.0836363636364	0.0436363636364	0.02	0.0472727272727	0.109090909091	0.0854545454545	0.107272727273	0.0145454545455	0.105454545455	0.0472727272727	0.0527272727273	0.0290909090909	0.118181818182	0.149090909091	0.0709090909091	0.0327272727273	0.0127272727273	0.0181818181818	0.0727272727273	0.0254545454545	0.0727272727273	0.0690909090909	0.127272727273	0.0363636363636	0.132727272727	0.118181818182	0.0363636363636	0.0909090909091	0.138181818182	0.0618181818182	0.0254545454545	0.0254545454545	0.0472727272727	0.06	0.1	0.0218181818182	0.0981818181818	0.125454545455	0.103636363636	0.107272727273
160259276-tonguedorsum1.snv.bam	0.134545454545	0.0927272727273	0.107272727273	0.127272727273	0.114545454545	0.0872727272727	0.18	0.103636363636	0.114545454545	0.174545454545	0.149090909091	0.110909090909	0.205454545455	0.109090909091	0.112727272727	0.0	0.150909090909	0.176363636364	0.16	0.152727272727	0.152727272727	0.167272727273	0.165454545455	0.187272727273	0.201818181818	0.112727272727	0.196363636364	0.0763636363636	0.16	0.172727272727	0.221818181818	0.189090909091	0.0836363636364	0.158181818182	0.1	0.174545454545	0.103636363636	0.123636363636	0.121818181818	0.132727272727	0.121818181818	0.127272727273	0.109090909091	0.141818181818	0.121818181818	0.0727272727273	0.0781818181818	0.118181818182	0.0818181818182	0.143636363636	0.170909090909	0.163636363636	0.105454545455	0.0927272727273	0.136363636364	0.118181818182	0.0963636363636	0.14	0.161818181818	0.116363636364	0.121818181818	0.158181818182	0.132727272727	0.116363636364	0.116363636364	0.0854545454545	0.105454545455	0.0872727272727	0.0836363636364	0.123636363636
160319967-tonguedorsum3.snv.bam	0.169090909091	0.105454545455	0.14	0.16	0.170909090909	0.08	0.0981818181818	0.0418181818182	0.154545454545	0.109090909091	0.0763636363636	0.138181818182	0.08	0.0345454545455	0.0345454545455	0.150909090909	0.0	0.0690909090909	0.0945454545455	0.0909090909091	0.190909090909	0.203636363636	0.2	0.123636363636	0.130909090909	0.0854545454545	0.0781818181818	0.0654545454545	0.0654545454545	0.0890909090909	0.14	0.0945454545455	0.0636363636364	0.0981818181818	0.134545454545	0.101818181818	0.16	0.0563636363636	0.14	0.0872727272727	0.0909090909091	0.0690909090909	0.16	0.174545454545	0.112727272727	0.0818181818182	0.0454545454545	0.0472727272727	0.109090909091	0.0636363636364	0.1	0.0963636363636	0.165454545455	0.06	0.165454545455	0.149090909091	0.0836363636364	0.147272727273	0.187272727273	0.08	0.0472727272727	0.0563636363636	0.0636363636364	0.0745454545455	0.150909090909	0.0509090909091	0.121818181818	0.163636363636	0.149090909091	0.134545454545
160380657-tonguedorsum3.snv.bam	0.203636363636	0.163636363636	0.176363636364	0.209090909091	0.205454545455	0.12	0.114545454545	0.0563636363636	0.187272727273	0.105454545455	0.0763636363636	0.183636363636	0.0709090909091	0.0527272727273	0.0454545454545	0.176363636364	0.0690909090909	0.0	0.12	0.121818181818	0.22	0.230909090909	0.229090909091	0.107272727273	0.109090909091	0.0909090909091	0.0509090909091	0.0872727272727	0.0436363636364	0.0945454545455	0.141818181818	0.0345454545455	0.0709090909091	0.1	0.165454545455	0.103636363636	0.178181818182	0.0454545454545	0.187272727273	0.105454545455	0.114545454545	0.0890909090909	0.18	0.210909090909	0.16	0.116363636364	0.0581818181818	0.0472727272727	0.136363636364	0.0581818181818	0.109090909091	0.105454545455	0.192727272727	0.1	0.203636363636	0.196363636364	0.112727272727	0.189090909091	0.210909090909	0.147272727273	0.0636363636364	0.0290909090909	0.0927272727273	0.14	0.161818181818	0.0727272727273	0.183636363636	0.201818181818	0.189090909091	0.165454545455
160421117-tonguedorsum2.snv.bam	0.196363636364	0.130909090909	0.158181818182	0.190909090909	0.189090909091	0.103636363636	0.138181818182	0.0781818181818	0.187272727273	0.138181818182	0.0490909090909	0.167272727273	0.123636363636	0.0345454545455	0.0345454545455	0.16	0.0945454545455	0.12	0.0	0.00181818181818	0.203636363636	0.218181818182	0.218181818182	0.132727272727	0.14	0.0745454545455	0.130909090909	0.0872727272727	0.0909090909091	0.0381818181818	0.0981818181818	0.110909090909	0.0836363636364	0.0781818181818	0.154545454545	0.132727272727	0.167272727273	0.0781818181818	0.176363636364	0.0781818181818	0.0818181818182	0.0727272727273	0.170909090909	0.192727272727	0.132727272727	0.0963636363636	0.0763636363636	0.0890909090909	0.112727272727	0.0618181818182	0.0672727272727	0.0618181818182	0.194545454545	0.0745454545455	0.190909090909	0.178181818182	0.0727272727273	0.16	0.2	0.127272727273	0.0927272727273	0.107272727273	0.0909090909091	0.127272727273	0.147272727273	0.0690909090909	0.167272727273	0.174545454545	0.150909090909	0.158181818182
160421117-tonguedorsum3.snv.bam	0.189090909091	0.123636363636	0.150909090909	0.185454545455	0.183636363636	0.101818181818	0.138181818182	0.0763636363636	0.181818181818	0.141818181818	0.0545454545455	0.161818181818	0.121818181818	0.0436363636364	0.04	0.152727272727	0.0909090909091	0.121818181818	0.00181818181818	0.0	0.198181818182	0.210909090909	0.210909090909	0.136363636364	0.14	0.0836363636364	0.130909090909	0.0909090909091	0.0890909090909	0.0381818181818	0.0909090909091	0.114545454545	0.08	0.0781818181818	0.154545454545	0.130909090909	0.163636363636	0.08	0.165454545455	0.0818181818182	0.0909090909091	0.0672727272727	0.172727272727	0.189090909091	0.125454545455	0.0872727272727	0.0781818181818	0.0890909090909	0.118181818182	0.0690909090909	0.0563636363636	0.0527272727273	0.190909090909	0.0745454545455	0.190909090909	0.178181818182	0.0709090909091	0.161818181818	0.198181818182	0.12	0.0890909090909	0.105454545455	0.0909090909091	0.112727272727	0.154545454545	0.0763636363636	0.152727272727	0.161818181818	0.143636363636	0.152727272727
160502038-tonguedorsum1.snv.bam	0.114545454545	0.0890909090909	0.107272727273	0.12	0.110909090909	0.0945454545455	0.229090909091	0.118181818182	0.167272727273	0.214545454545	0.169090909091	0.0818181818182	0.247272727273	0.141818181818	0.141818181818	0.152727272727	0.190909090909	0.22	0.203636363636	0.198181818182	0.0	0.0	0.0	0.24	0.256363636364	0.12	0.230909090909	0.112727272727	0.203636363636	0.216363636364	0.24	0.223636363636	0.127272727273	0.207272727273	0.125454545455	0.212727272727	0.12	0.152727272727	0.107272727273	0.172727272727	0.18	0.163636363636	0.0818181818182	0.123636363636	0.107272727273	0.143636363636	0.107272727273	0.158181818182	0.174545454545	0.203636363636	0.227272727273	0.22	0.130909090909	0.110909090909	0.121818181818	0.109090909091	0.0872727272727	0.0745454545455	0.0854545454545	0.125454545455	0.141818181818	0.207272727273	0.172727272727	0.101818181818	0.1	0.116363636364	0.0854545454545	0.14	0.12	0.154545454545
160502038-tonguedorsum2.snv.bam	0.125454545455	0.1	0.116363636364	0.130909090909	0.121818181818	0.109090909091	0.243636363636	0.134545454545	0.18	0.223636363636	0.183636363636	0.0963636363636	0.26	0.156363636364	0.161818181818	0.167272727273	0.203636363636	0.230909090909	0.218181818182	0.210909090909	0.0	0.0	0.0	0.254545454545	0.270909090909	0.129090909091	0.245454545455	0.129090909091	0.22	0.230909090909	0.250909090909	0.24	0.147272727273	0.22	0.138181818182	0.221818181818	0.127272727273	0.169090909091	0.121818181818	0.185454545455	0.194545454545	0.183636363636	0.0909090909091	0.138181818182	0.121818181818	0.158181818182	0.125454545455	0.176363636364	0.190909090909	0.216363636364	0.238181818182	0.232727272727	0.143636363636	0.123636363636	0.132727272727	0.121818181818	0.107272727273	0.0836363636364	0.0963636363636	0.136363636364	0.154545454545	0.223636363636	0.189090909091	0.121818181818	0.112727272727	0.136363636364	0.101818181818	0.154545454545	0.132727272727	0.169090909091
160502038-tonguedorsum3.snv.bam	0.127272727273	0.103636363636	0.114545454545	0.129090909091	0.12	0.109090909091	0.241818181818	0.134545454545	0.178181818182	0.221818181818	0.183636363636	0.0981818181818	0.258181818182	0.158181818182	0.158181818182	0.165454545455	0.2	0.229090909091	0.218181818182	0.210909090909	0.0	0.0	0.0	0.250909090909	0.269090909091	0.129090909091	0.243636363636	0.125454545455	0.221818181818	0.229090909091	0.250909090909	0.238181818182	0.145454545455	0.218181818182	0.136363636364	0.22	0.127272727273	0.167272727273	0.12	0.181818181818	0.192727272727	0.18	0.0890909090909	0.134545454545	0.121818181818	0.158181818182	0.123636363636	0.174545454545	0.189090909091	0.216363636364	0.238181818182	0.230909090909	0.14	0.125454545455	0.130909090909	0.12	0.105454545455	0.08	0.0945454545455	0.136363636364	0.158181818182	0.22	0.187272727273	0.12	0.110909090909	0.136363636364	0.101818181818	0.156363636364	0.134545454545	0.167272727273
160603188-tonguedorsum2.snv.bam	0.22	0.176363636364	0.181818181818	0.22	0.216363636364	0.147272727273	0.0709090909091	0.125454545455	0.201818181818	0.101818181818	0.107272727273	0.209090909091	0.14	0.0963636363636	0.0909090909091	0.187272727273	0.123636363636	0.107272727273	0.132727272727	0.136363636364	0.24	0.254545454545	0.250909090909	0.0	0.0	0.12	0.132727272727	0.132727272727	0.121818181818	0.103636363636	0.149090909091	0.110909090909	0.114545454545	0.109090909091	0.185454545455	0.129090909091	0.201818181818	0.116363636364	0.205454545455	0.118181818182	0.132727272727	0.110909090909	0.203636363636	0.227272727273	0.170909090909	0.125454545455	0.118181818182	0.123636363636	0.150909090909	0.127272727273	0.130909090909	0.136363636364	0.212727272727	0.132727272727	0.216363636364	0.209090909091	0.145454545455	0.198181818182	0.229090909091	0.161818181818	0.125454545455	0.129090909091	0.0927272727273	0.174545454545	0.187272727273	0.103636363636	0.194545454545	0.205454545455	0.194545454545	0.187272727273
160603188-tonguedorsum3.snv.bam	0.234545454545	0.190909090909	0.198181818182	0.236363636364	0.230909090909	0.16	0.0745454545455	0.136363636364	0.216363636364	0.109090909091	0.110909090909	0.221818181818	0.145454545455	0.101818181818	0.0963636363636	0.201818181818	0.130909090909	0.109090909091	0.14	0.14	0.256363636364	0.270909090909	0.269090909091	0.0	0.0	0.130909090909	0.141818181818	0.147272727273	0.127272727273	0.112727272727	0.150909090909	0.112727272727	0.132727272727	0.110909090909	0.198181818182	0.134545454545	0.216363636364	0.121818181818	0.216363636364	0.125454545455	0.141818181818	0.121818181818	0.218181818182	0.241818181818	0.181818181818	0.14	0.130909090909	0.132727272727	0.156363636364	0.130909090909	0.136363636364	0.141818181818	0.225454545455	0.136363636364	0.232727272727	0.221818181818	0.154545454545	0.214545454545	0.245454545455	0.172727272727	0.138181818182	0.132727272727	0.0963636363636	0.189090909091	0.194545454545	0.110909090909	0.209090909091	0.218181818182	0.205454545455	0.2
160947100-tonguedorsum1.snv.bam	0.1	0.0436363636364	0.103636363636	0.114545454545	0.109090909091	0.0454545454545	0.114545454545	0.06	0.125454545455	0.0890909090909	0.0381818181818	0.0709090909091	0.109090909091	0.0363636363636	0.0436363636364	0.112727272727	0.0854545454545	0.0909090909091	0.0745454545455	0.0836363636364	0.12	0.129090909091	0.129090909091	0.12	0.130909090909	0.0	0.101818181818	0.0327272727273	0.08	0.0854545454545	0.0927272727273	0.0927272727273	0.0527272727273	0.0890909090909	0.0818181818182	0.0909090909091	0.0981818181818	0.06	0.0927272727273	0.0490909090909	0.0618181818182	0.0618181818182	0.0945454545455	0.123636363636	0.0690909090909	0.0527272727273	0.0327272727273	0.0545454545455	0.0927272727273	0.0763636363636	0.0981818181818	0.0963636363636	0.105454545455	0.04	0.109090909091	0.1	0.0218181818182	0.0727272727273	0.125454545455	0.0636363636364	0.0563636363636	0.0781818181818	0.0709090909091	0.0781818181818	0.0854545454545	0.0345454545455	0.0745454545455	0.121818181818	0.107272727273	0.0963636363636
295137534-tonguedorsum2.snv.bam	0.212727272727	0.167272727273	0.183636363636	0.214545454545	0.214545454545	0.130909090909	0.109090909091	0.0818181818182	0.194545454545	0.114545454545	0.0818181818182	0.194545454545	0.0872727272727	0.0636363636364	0.0581818181818	0.196363636364	0.0781818181818	0.0509090909091	0.130909090909	0.130909090909	0.230909090909	0.245454545455	0.243636363636	0.132727272727	0.141818181818	0.101818181818	0.0	0.110909090909	0.0545454545455	0.123636363636	0.158181818182	0.06	0.0781818181818	0.114545454545	0.181818181818	0.112727272727	0.198181818182	0.06	0.2	0.12	0.136363636364	0.103636363636	0.2	0.225454545455	0.167272727273	0.127272727273	0.0818181818182	0.0672727272727	0.138181818182	0.0690909090909	0.110909090909	0.107272727273	0.205454545455	0.110909090909	0.207272727273	0.198181818182	0.118181818182	0.201818181818	0.225454545455	0.150909090909	0.08	0.0545454545455	0.0872727272727	0.147272727273	0.169090909091	0.0981818181818	0.194545454545	0.214545454545	0.196363636364	0.176363636364
370027359-tonguedorsum3.snv.bam	0.0981818181818	0.0545454545455	0.0836363636364	0.110909090909	0.0945454545455	0.0418181818182	0.121818181818	0.0381818181818	0.101818181818	0.109090909091	0.0763636363636	0.0690909090909	0.121818181818	0.0345454545455	0.0363636363636	0.0763636363636	0.0654545454545	0.0872727272727	0.0872727272727	0.0909090909091	0.112727272727	0.129090909091	0.125454545455	0.132727272727	0.147272727273	0.0327272727273	0.110909090909	0.0	0.08	0.107272727273	0.150909090909	0.0963636363636	0.0454545454545	0.0909090909091	0.0690909090909	0.105454545455	0.0872727272727	0.0381818181818	0.0836363636364	0.0727272727273	0.0781818181818	0.06	0.0854545454545	0.116363636364	0.0545454545455	0.0472727272727	0.0254545454545	0.0381818181818	0.0836363636364	0.0690909090909	0.118181818182	0.114545454545	0.0854545454545	0.0381818181818	0.109090909091	0.0890909090909	0.0436363636364	0.0745454545455	0.110909090909	0.0490909090909	0.0454545454545	0.0672727272727	0.0836363636364	0.0618181818182	0.06	0.0381818181818	0.0636363636364	0.112727272727	0.0927272727273	0.0763636363636
550534656-tonguedorsum3.snv.bam	0.183636363636	0.136363636364	0.167272727273	0.194545454545	0.187272727273	0.1	0.0927272727273	0.0636363636364	0.178181818182	0.0818181818182	0.0581818181818	0.167272727273	0.08	0.04	0.0436363636364	0.16	0.0654545454545	0.0436363636364	0.0909090909091	0.0890909090909	0.203636363636	0.22	0.221818181818	0.121818181818	0.127272727273	0.08	0.0545454545455	0.08	0.0	0.0909090909091	0.129090909091	0.0509090909091	0.0672727272727	0.0709090909091	0.154545454545	0.04	0.167272727273	0.0381818181818	0.176363636364	0.0981818181818	0.109090909091	0.0781818181818	0.176363636364	0.192727272727	0.132727272727	0.0963636363636	0.06	0.0509090909091	0.125454545455	0.0581818181818	0.0872727272727	0.0890909090909	0.176363636364	0.0690909090909	0.185454545455	0.181818181818	0.0945454545455	0.169090909091	0.198181818182	0.130909090909	0.0672727272727	0.0363636363636	0.0654545454545	0.118181818182	0.156363636364	0.0781818181818	0.169090909091	0.183636363636	0.167272727273	0.156363636364
604812005-tonguedorsum3.snv.bam	0.201818181818	0.150909090909	0.176363636364	0.216363636364	0.2	0.129090909091	0.132727272727	0.0963636363636	0.189090909091	0.12	0.0563636363636	0.185454545455	0.118181818182	0.0472727272727	0.0418181818182	0.172727272727	0.0890909090909	0.0945454545455	0.0381818181818	0.0381818181818	0.216363636364	0.230909090909	0.229090909091	0.103636363636	0.112727272727	0.0854545454545	0.123636363636	0.107272727273	0.0909090909091	0.0	0.0618181818182	0.0909090909091	0.0981818181818	0.0672727272727	0.167272727273	0.129090909091	0.181818181818	0.0890909090909	0.174545454545	0.0709090909091	0.0963636363636	0.0636363636364	0.181818181818	0.209090909091	0.149090909091	0.1	0.0981818181818	0.101818181818	0.130909090909	0.0836363636364	0.0527272727273	0.0509090909091	0.198181818182	0.0945454545455	0.2	0.190909090909	0.105454545455	0.167272727273	0.209090909091	0.141818181818	0.107272727273	0.107272727273	0.0836363636364	0.138181818182	0.154545454545	0.0672727272727	0.170909090909	0.190909090909	0.174545454545	0.170909090909
638754422-tonguedorsum3.snv.bam	0.225454545455	0.181818181818	0.212727272727	0.243636363636	0.232727272727	0.170909090909	0.161818181818	0.136363636364	0.221818181818	0.169090909091	0.0618181818182	0.207272727273	0.170909090909	0.0927272727273	0.0836363636364	0.221818181818	0.14	0.141818181818	0.0981818181818	0.0909090909091	0.24	0.250909090909	0.250909090909	0.149090909091	0.150909090909	0.0927272727273	0.158181818182	0.150909090909	0.129090909091	0.0618181818182	0.0	0.123636363636	0.141818181818	0.109090909091	0.194545454545	0.150909090909	0.209090909091	0.132727272727	0.207272727273	0.0818181818182	0.0963636363636	0.114545454545	0.210909090909	0.249090909091	0.183636363636	0.145454545455	0.143636363636	0.147272727273	0.18	0.132727272727	0.105454545455	0.107272727273	0.225454545455	0.14	0.22	0.22	0.112727272727	0.194545454545	0.232727272727	0.178181818182	0.136363636364	0.147272727273	0.103636363636	0.185454545455	0.192727272727	0.112727272727	0.207272727273	0.232727272727	0.22	0.203636363636
675950834-tonguedorsum3.snv.bam	0.210909090909	0.167272727273	0.181818181818	0.209090909091	0.209090909091	0.129090909091	0.12	0.0654545454545	0.187272727273	0.112727272727	0.0581818181818	0.189090909091	0.0945454545455	0.0345454545455	0.0436363636364	0.189090909091	0.0945454545455	0.0345454545455	0.110909090909	0.114545454545	0.223636363636	0.24	0.238181818182	0.110909090909	0.112727272727	0.0927272727273	0.06	0.0963636363636	0.0509090909091	0.0909090909091	0.123636363636	0.0	0.0654545454545	0.105454545455	0.161818181818	0.110909090909	0.185454545455	0.0363636363636	0.187272727273	0.114545454545	0.127272727273	0.1	0.190909090909	0.218181818182	0.158181818182	0.109090909091	0.0690909090909	0.0527272727273	0.145454545455	0.0418181818182	0.118181818182	0.114545454545	0.198181818182	0.101818181818	0.210909090909	0.201818181818	0.105454545455	0.187272727273	0.221818181818	0.147272727273	0.0654545454545	0.0309090909091	0.0945454545455	0.147272727273	0.170909090909	0.0854545454545	0.18	0.210909090909	0.185454545455	0.16
682102541-tonguedorsum3.snv.bam	0.107272727273	0.0563636363636	0.0854545454545	0.105454545455	0.112727272727	0.0472727272727	0.112727272727	0.0381818181818	0.109090909091	0.0854545454545	0.0618181818182	0.0854545454545	0.109090909091	0.02	0.02	0.0836363636364	0.0636363636364	0.0709090909091	0.0836363636364	0.08	0.127272727273	0.147272727273	0.145454545455	0.114545454545	0.132727272727	0.0527272727273	0.0781818181818	0.0454545454545	0.0672727272727	0.0981818181818	0.141818181818	0.0654545454545	0.0	0.0818181818182	0.0836363636364	0.0945454545455	0.103636363636	0.0218181818182	0.0872727272727	0.0690909090909	0.08	0.0545454545455	0.116363636364	0.123636363636	0.0581818181818	0.0454545454545	0.0254545454545	0.0327272727273	0.0727272727273	0.0490909090909	0.1	0.0981818181818	0.116363636364	0.0327272727273	0.1	0.0945454545455	0.0418181818182	0.0854545454545	0.129090909091	0.0527272727273	0.0381818181818	0.0454545454545	0.0618181818182	0.06	0.101818181818	0.0418181818182	0.0763636363636	0.103636363636	0.0818181818182	0.0818181818182
686765762-tonguedorsum3.snv.bam	0.176363636364	0.136363636364	0.161818181818	0.194545454545	0.189090909091	0.116363636364	0.0963636363636	0.0963636363636	0.172727272727	0.125454545455	0.0763636363636	0.169090909091	0.114545454545	0.0418181818182	0.0472727272727	0.158181818182	0.0981818181818	0.1	0.0781818181818	0.0781818181818	0.207272727273	0.22	0.218181818182	0.109090909091	0.110909090909	0.0890909090909	0.114545454545	0.0909090909091	0.0709090909091	0.0672727272727	0.109090909091	0.105454545455	0.0818181818182	0.0	0.165454545455	0.107272727273	0.169090909091	0.0836363636364	0.170909090909	0.0709090909091	0.0872727272727	0.0654545454545	0.169090909091	0.196363636364	0.141818181818	0.0927272727273	0.0818181818182	0.0927272727273	0.130909090909	0.0981818181818	0.0763636363636	0.08	0.181818181818	0.101818181818	0.190909090909	0.183636363636	0.0963636363636	0.167272727273	0.198181818182	0.134545454545	0.0909090909091	0.0927272727273	0.0781818181818	0.127272727273	0.156363636364	0.0672727272727	0.170909090909	0.169090909091	0.154545454545	0.16
737052003-tonguedorsum1.snv.bam	0.0909090909091	0.0636363636364	0.0818181818182	0.0927272727273	0.0909090909091	0.0727272727273	0.172727272727	0.0927272727273	0.0927272727273	0.149090909091	0.132727272727	0.0727272727273	0.192727272727	0.107272727273	0.109090909091	0.1	0.134545454545	0.165454545455	0.154545454545	0.154545454545	0.125454545455	0.138181818182	0.136363636364	0.185454545455	0.198181818182	0.0818181818182	0.181818181818	0.0690909090909	0.154545454545	0.167272727273	0.194545454545	0.161818181818	0.0836363636364	0.165454545455	0.0	0.165454545455	0.0745454545455	0.112727272727	0.0618181818182	0.129090909091	0.138181818182	0.125454545455	0.08	0.110909090909	0.0927272727273	0.0981818181818	0.0672727272727	0.110909090909	0.127272727273	0.143636363636	0.176363636364	0.167272727273	0.0927272727273	0.0890909090909	0.0872727272727	0.08	0.0763636363636	0.1	0.109090909091	0.1	0.0927272727273	0.145454545455	0.134545454545	0.0763636363636	0.0745454545455	0.0818181818182	0.06	0.121818181818	0.101818181818	0.0927272727273
737052003-tonguedorsum2.snv.bam	0.192727272727	0.150909090909	0.176363636364	0.205454545455	0.196363636364	0.0818181818182	0.1	0.1	0.190909090909	0.06	0.0781818181818	0.169090909091	0.130909090909	0.0781818181818	0.0854545454545	0.174545454545	0.101818181818	0.103636363636	0.132727272727	0.130909090909	0.212727272727	0.221818181818	0.22	0.129090909091	0.134545454545	0.0909090909091	0.112727272727	0.105454545455	0.04	0.129090909091	0.150909090909	0.110909090909	0.0945454545455	0.107272727273	0.165454545455	0.0	0.174545454545	0.0963636363636	0.18	0.114545454545	0.121818181818	0.1	0.176363636364	0.2	0.14	0.112727272727	0.0945454545455	0.0963636363636	0.158181818182	0.105454545455	0.121818181818	0.12	0.190909090909	0.0636363636364	0.194545454545	0.187272727273	0.1	0.183636363636	0.205454545455	0.138181818182	0.101818181818	0.103636363636	0.0981818181818	0.134545454545	0.165454545455	0.0963636363636	0.18	0.183636363636	0.165454545455	0.165454545455
