	158256496-stool2.snv.bam	158479027-stool1.snv.bam	158479027-stool2.snv.bam	159611913-stool1.snv.bam	159611913-stool2.snv.bam	159733294-stool1.snv.bam	764083206-stool1.snv.bam	764325968-stool1.snv.bam	764325968-stool2.snv.bam	764447348-stool1.snv.bam	CCIS47745468ST-4-0.snv.bam	CCIS71301801ST-4-0.snv.bam	M4.4-V1.metaT.snv.bam	MH0360.snv.bam	MH0375.snv.bam	O2.CD1-0-PT.snv.bam	O2.UC41-1.snv.bam	O2.UC7-0.snv.bam	O2.UC7-1.snv.bam	T2D-6A.snv.bam	V1.FI23.snv.bam	V1.FI25.snv.bam	V1.UC35-4.snv.bam	V1.UC48-0.snv.bam	V1.UC49-1.snv.bam
158256496-stool2.snv.bam	0.0	0.144	0.144	0.128	0.125333333333	0.165333333333	0.162666666667	0.168	0.168	0.16	0.136	0.173333333333	0.106666666667	0.141333333333	0.16	0.149333333333	0.162666666667	0.162666666667	0.162666666667	0.133333333333	0.165333333333	0.162666666667	0.154666666667	0.154666666667	0.16
158479027-stool1.snv.bam	0.144	0.0	0.0	0.162666666667	0.16	0.181333333333	0.186666666667	0.170666666667	0.168	0.157333333333	0.144	0.165333333333	0.136	0.157333333333	0.173333333333	0.154666666667	0.173333333333	0.173333333333	0.173333333333	0.170666666667	0.176	0.173333333333	0.117333333333	0.162666666667	0.170666666667
158479027-stool2.snv.bam	0.144	0.0	0.0	0.162666666667	0.16	0.181333333333	0.186666666667	0.170666666667	0.168	0.157333333333	0.144	0.165333333333	0.136	0.157333333333	0.173333333333	0.154666666667	0.173333333333	0.173333333333	0.173333333333	0.170666666667	0.176	0.173333333333	0.117333333333	0.162666666667	0.170666666667
159611913-stool1.snv.bam	0.128	0.162666666667	0.162666666667	0.0	0.0	0.157333333333	0.136	0.157333333333	0.157333333333	0.130666666667	0.141333333333	0.162666666667	0.0106666666667	0.133333333333	0.146666666667	0.144	0.122666666667	0.122666666667	0.122666666667	0.122666666667	0.125333333333	0.122666666667	0.154666666667	0.117333333333	0.12
159611913-stool2.snv.bam	0.125333333333	0.16	0.16	0.0	0.0	0.154666666667	0.136	0.157333333333	0.157333333333	0.130666666667	0.141333333333	0.162666666667	0.0106666666667	0.130666666667	0.146666666667	0.141333333333	0.122666666667	0.122666666667	0.122666666667	0.122666666667	0.125333333333	0.122666666667	0.154666666667	0.117333333333	0.12
159733294-stool1.snv.bam	0.165333333333	0.181333333333	0.181333333333	0.157333333333	0.154666666667	0.0	0.192	0.186666666667	0.186666666667	0.176	0.213333333333	0.189333333333	0.125333333333	0.152	0.176	0.186666666667	0.173333333333	0.173333333333	0.173333333333	0.173333333333	0.176	0.173333333333	0.152	0.170666666667	0.173333333333
764083206-stool1.snv.bam	0.162666666667	0.186666666667	0.186666666667	0.136	0.136	0.192	0.0	0.170666666667	0.170666666667	0.133333333333	0.173333333333	0.162666666667	0.109333333333	0.146666666667	0.133333333333	0.154666666667	0.146666666667	0.146666666667	0.146666666667	0.12	0.149333333333	0.146666666667	0.157333333333	0.133333333333	0.144
764325968-stool1.snv.bam	0.168	0.170666666667	0.170666666667	0.157333333333	0.157333333333	0.186666666667	0.170666666667	0.0	0.0	0.154666666667	0.170666666667	0.184	0.117333333333	0.146666666667	0.136	0.144	0.152	0.152	0.152	0.144	0.154666666667	0.152	0.130666666667	0.144	0.149333333333
764325968-stool2.snv.bam	0.168	0.168	0.168	0.157333333333	0.157333333333	0.186666666667	0.170666666667	0.0	0.0	0.152	0.170666666667	0.184	0.117333333333	0.144	0.136	0.144	0.152	0.152	0.152	0.144	0.154666666667	0.152	0.130666666667	0.144	0.149333333333
764447348-stool1.snv.bam	0.16	0.157333333333	0.157333333333	0.130666666667	0.130666666667	0.176	0.133333333333	0.154666666667	0.152	0.0	0.141333333333	0.16	0.104	0.122666666667	0.144	0.16	0.130666666667	0.130666666667	0.130666666667	0.146666666667	0.133333333333	0.130666666667	0.141333333333	0.12	0.128
CCIS47745468ST-4-0.snv.bam	0.136	0.144	0.144	0.141333333333	0.141333333333	0.213333333333	0.173333333333	0.170666666667	0.170666666667	0.141333333333	0.0	0.181333333333	0.114666666667	0.152	0.157333333333	0.168	0.162666666667	0.162666666667	0.162666666667	0.16	0.165333333333	0.162666666667	0.165333333333	0.152	0.16
CCIS71301801ST-4-0.snv.bam	0.173333333333	0.165333333333	0.165333333333	0.162666666667	0.162666666667	0.189333333333	0.162666666667	0.184	0.184	0.16	0.181333333333	0.0	0.122666666667	0.157333333333	0.136	0.170666666667	0.16	0.16	0.16	0.165333333333	0.162666666667	0.16	0.141333333333	0.146666666667	0.154666666667
M4.4-V1.metaT.snv.bam	0.106666666667	0.136	0.136	0.0106666666667	0.0106666666667	0.125333333333	0.109333333333	0.117333333333	0.117333333333	0.104	0.114666666667	0.122666666667	0.0	0.106666666667	0.114666666667	0.109333333333	0.096	0.096	0.096	0.0933333333333	0.0986666666667	0.096	0.122666666667	0.0906666666667	0.0933333333333
MH0360.snv.bam	0.141333333333	0.157333333333	0.157333333333	0.133333333333	0.130666666667	0.152	0.146666666667	0.146666666667	0.144	0.122666666667	0.152	0.157333333333	0.106666666667	0.0	0.12	0.136	0.128	0.128	0.128	0.117333333333	0.130666666667	0.128	0.128	0.12	0.128
MH0375.snv.bam	0.16	0.173333333333	0.173333333333	0.146666666667	0.146666666667	0.176	0.133333333333	0.136	0.136	0.144	0.157333333333	0.136	0.114666666667	0.12	0.0	0.125333333333	0.133333333333	0.133333333333	0.133333333333	0.136	0.136	0.133333333333	0.12	0.125333333333	0.130666666667
O2.CD1-0-PT.snv.bam	0.149333333333	0.154666666667	0.154666666667	0.144	0.141333333333	0.186666666667	0.154666666667	0.144	0.144	0.16	0.168	0.170666666667	0.109333333333	0.136	0.125333333333	0.0	0.141333333333	0.141333333333	0.141333333333	0.144	0.144	0.141333333333	0.136	0.130666666667	0.138666666667
O2.UC41-1.snv.bam	0.162666666667	0.173333333333	0.173333333333	0.122666666667	0.122666666667	0.173333333333	0.146666666667	0.152	0.152	0.130666666667	0.162666666667	0.16	0.096	0.128	0.133333333333	0.141333333333	0.0	0.0	0.0	0.133333333333	0.00266666666667	0.0	0.144	0.0	0.0
O2.UC7-0.snv.bam	0.162666666667	0.173333333333	0.173333333333	0.122666666667	0.122666666667	0.173333333333	0.146666666667	0.152	0.152	0.130666666667	0.162666666667	0.16	0.096	0.128	0.133333333333	0.141333333333	0.0	0.0	0.0	0.133333333333	0.00266666666667	0.0	0.144	0.0	0.0
O2.UC7-1.snv.bam	0.162666666667	0.173333333333	0.173333333333	0.122666666667	0.122666666667	0.173333333333	0.146666666667	0.152	0.152	0.130666666667	0.162666666667	0.16	0.096	0.128	0.133333333333	0.141333333333	0.0	0.0	0.0	0.133333333333	0.00266666666667	0.0	0.144	0.0	0.0
T2D-6A.snv.bam	0.133333333333	0.170666666667	0.170666666667	0.122666666667	0.122666666667	0.173333333333	0.12	0.144	0.144	0.146666666667	0.16	0.165333333333	0.0933333333333	0.117333333333	0.136	0.144	0.133333333333	0.133333333333	0.133333333333	0.0	0.136	0.133333333333	0.136	0.125333333333	0.130666666667
V1.FI23.snv.bam	0.165333333333	0.176	0.176	0.125333333333	0.125333333333	0.176	0.149333333333	0.154666666667	0.154666666667	0.133333333333	0.165333333333	0.162666666667	0.0986666666667	0.130666666667	0.136	0.144	0.00266666666667	0.00266666666667	0.00266666666667	0.136	0.0	0.00266666666667	0.146666666667	0.00266666666667	0.00266666666667
V1.FI25.snv.bam	0.162666666667	0.173333333333	0.173333333333	0.122666666667	0.122666666667	0.173333333333	0.146666666667	0.152	0.152	0.130666666667	0.162666666667	0.16	0.096	0.128	0.133333333333	0.141333333333	0.0	0.0	0.0	0.133333333333	0.00266666666667	0.0	0.144	0.0	0.0
V1.UC35-4.snv.bam	0.154666666667	0.117333333333	0.117333333333	0.154666666667	0.154666666667	0.152	0.157333333333	0.130666666667	0.130666666667	0.141333333333	0.165333333333	0.141333333333	0.122666666667	0.128	0.12	0.136	0.144	0.144	0.144	0.136	0.146666666667	0.144	0.0	0.136	0.141333333333
V1.UC48-0.snv.bam	0.154666666667	0.162666666667	0.162666666667	0.117333333333	0.117333333333	0.170666666667	0.133333333333	0.144	0.144	0.12	0.152	0.146666666667	0.0906666666667	0.12	0.125333333333	0.130666666667	0.0	0.0	0.0	0.125333333333	0.00266666666667	0.0	0.136	0.0	0.0
V1.UC49-1.snv.bam	0.16	0.170666666667	0.170666666667	0.12	0.12	0.173333333333	0.144	0.149333333333	0.149333333333	0.128	0.16	0.154666666667	0.0933333333333	0.128	0.130666666667	0.138666666667	0.0	0.0	0.0	0.130666666667	0.00266666666667	0.0	0.141333333333	0.0	0.0
