	159166850-stool1.snv.bam	159268001-stool1.snv.bam	159268001-stool2.snv.bam	160178356-stool2.snv.bam	160704339-stool1.snv.bam	763496533-stool1.snv.bam	763597684-stool2.snv.bam	764143897-stool1.snv.bam	CCIS02124300ST-4-0.snv.bam	CCIS09568613ST-4-0.snv.bam	CCIS10793554ST-4-0.snv.bam	CCIS12656533ST-4-0.snv.bam	CCIS20795251ST-4-0.snv.bam	CCIS22275061ST-4-0.snv.bam	CCIS23164343ST-4-0.snv.bam	CCIS27304052ST-3-0.snv.bam	CCIS51595129ST-4-0.snv.bam	CCIS52234160ST-4-0.snv.bam	CCIS59132091ST-4-0.snv.bam	CCIS62605362ST-3-0.snv.bam	CCIS64773582ST-4-0.snv.bam	CCIS74239020ST-4-0.snv.bam	CCIS76845094ST-20-0.snv.bam	CCIS80834637ST-4-0.snv.bam	CCIS81887263ST-4-0.snv.bam	CCIS88317640ST-4-0.snv.bam	CCMD64503764ST-21-0.snv.bam	CCMD64776337ST-21-0.snv.bam	HT25A.snv.bam	M2.2-V2.metaT.snv.bam	M2.2-V3.metaG.snv.bam	MH0196.snv.bam	MH0224.snv.bam	MH0275.snv.bam	MH0280.snv.bam	MH0308.snv.bam	MH0349.snv.bam	MH0379.snv.bam	MH0381.snv.bam	MH0392.snv.bam	MH0397.snv.bam	MH0422.snv.bam	MH0437.snv.bam	MH0445.snv.bam	MH0457.snv.bam	MMRS51307502ST-27-0-0.snv.bam	MMRS54246132ST-27-0-0.snv.bam	MMRS57276462ST-27-0-0.snv.bam	NG-5636_112.snv.bam	NG-5636_155.snv.bam	NG-5636_225.snv.bam	NG-5636_268.snv.bam	NG-5636_434.snv.bam	NG-5636_478.snv.bam	NG-5636_547.snv.bam	NG-5636_584.snv.bam	NG-5636_591.snv.bam	NG-5636_88.snv.bam	NLM021.snv.bam	O2.UC13-1.snv.bam	O2.UC30-1.snv.bam	SAMEA3136631.snv.bam	SAMEA3136654.snv.bam	SAMEA3136675.snv.bam	SAMEA3136684.snv.bam	SAMEA3136700.snv.bam	SAMEA3178941.snv.bam	T2D-15A.snv.bam	T2D-33A.snv.bam	T2D-49A.snv.bam	V1.CD22-0.snv.bam	V1.CD55-0.snv.bam	V1.CD6-0-PN.snv.bam	V1.FI07.snv.bam	V1.FI15.snv.bam	V1.FI16.snv.bam	V1.UC10-2.snv.bam	V1.UC21-4.snv.bam	V1.UC40-1.snv.bam	V1.UC58-0.snv.bam
159166850-stool1.snv.bam	0.0	0.22618171729	0.229568615777	0.0931048065296	0.0892346485283	0.254053678217	0.279345335363	0.286963276523	0.128756007949	0.293100890066	0.30280841179	0.119707805149	0.0821154090287	0.028338080866	0.102536137833	0.244020143494	0.292968981347	0.0946948184243	0.274493627423	0.279502389788	0.0951969874734	0.28146575748	0.0984384328465	0.14926775802	0.281896248554	0.0840921398529	0.116704957052	0.0646484076458	0.202164631413	0.14233950224	0.166893952474	0.272095888115	0.304555316345	0.0629287177572	0.0877101429813	0.0444086412211	0.266343547322	0.279061505101	0.276106135886	0.289416502151	0.110733701312	0.179355902771	0.282292458236	0.123624586648	0.287608633623	0.258356064105	0.114917073389	0.271334221064	0.0795060614978	0.282174693779	0.0924647750961	0.102075568601	0.283544036901	0.0225042843364	0.0224456794292	0.103509671464	0.281863257889	0.291309001008	0.234289363303	0.28969947693	0.0891514009078	0.0866202697237	0.126425542393	0.28388071337	0.281004857242	0.125613231985	0.270623922056	0.189657142944	0.233843583508	0.299892364778	0.295317574972	0.2838314848	0.280393730182	0.300658914358	0.106180904817	0.0955952183274	0.292367192969	0.0959387097877	0.0844849824145	0.283353944697
159268001-stool1.snv.bam	0.22618171729	0.0	0.00161955555073	0.196624515448	0.222437028266	0.269510355756	0.295710817523	0.301217774269	0.248745421643	0.291295682302	0.30116333826	0.258139565898	0.250056621613	0.222502065379	0.243612131951	0.251551422512	0.291429707204	0.259301623683	0.301246780544	0.292618930618	0.248536421682	0.285070621439	0.216072139619	0.256563680913	0.279661966451	0.251176151272	0.240073162991	0.227788987758	0.155950811647	0.147588215071	0.157526943967	0.287748459161	0.309974006672	0.207244950035	0.22028755899	0.223349179672	0.268950370182	0.292606680203	0.278989926601	0.282156574854	0.238653434068	0.151873880304	0.280131290586	0.247219250829	0.29609690194	0.270299107557	0.256616756282	0.287852227149	0.235216823244	0.285506162346	0.213142073395	0.208537023979	0.299932994399	0.215086053909	0.206580535248	0.235031443327	0.287714865143	0.287228510091	0.191938448441	0.285465945512	0.245860015365	0.229680060048	0.252205102882	0.287293431746	0.285954480807	0.24059414069	0.292405811651	0.152214876115	0.159120666009	0.303150701973	0.293223488841	0.289815834277	0.280546537452	0.298988358501	0.235573173295	0.261938773893	0.292201235653	0.262111431508	0.251324172749	0.283227334776
159268001-stool2.snv.bam	0.229568615777	0.00161955555073	0.0	0.200209108702	0.22854179648	0.270410166068	0.296450694502	0.301636916909	0.252364698083	0.29188186023	0.301669650724	0.261746807213	0.256243181668	0.225873490017	0.244393202316	0.255696766314	0.292014818621	0.265382913066	0.301984350956	0.293714258316	0.249453132603	0.286000344942	0.216871620051	0.257116913062	0.280665170297	0.257321420753	0.246961435827	0.231089045348	0.154885558805	0.147646963078	0.156646428418	0.290969324726	0.310259801202	0.213213275359	0.226315513876	0.227098728585	0.269606104778	0.29315280903	0.279950692485	0.282663314212	0.244924717168	0.151293818443	0.280757401316	0.250183526573	0.296383055338	0.270901270956	0.26073177777	0.288464183352	0.238863084809	0.288756444863	0.216605378838	0.21514054177	0.300725449018	0.218524898176	0.210077326265	0.236087762558	0.288935861872	0.288154052314	0.19154111296	0.286160943095	0.246493188872	0.230768092075	0.258443310465	0.287914753961	0.286855206706	0.241573389257	0.295618631417	0.151509903507	0.157686639699	0.30367921543	0.29371938549	0.290808677055	0.281327559481	0.299509177055	0.239748355675	0.26522834213	0.293173887302	0.265654084061	0.25738222189	0.283981026652
160178356-stool2.snv.bam	0.0931048065296	0.196624515448	0.200209108702	0.0	0.12153132912	0.23258057401	0.262577232592	0.265163151348	0.15012068549	0.268333333333	0.27280952381	0.146483420593	0.137608042864	0.108502976072	0.136648945028	0.224899470899	0.2683268066	0.116266568483	0.286236317227	0.257131099353	0.0955243783781	0.264479717813	0.104074629052	0.144	0.250790190736	0.139278350515	0.1225390625	0.101755756579	0.178153384665	0.121046271267	0.145329815303	0.247125603865	0.277277384845	0.0967387936931	0.109273654771	0.0992484926787	0.249579902258	0.254567763531	0.256774284539	0.269996802063	0.132362563745	0.164338668251	0.263046303447	0.139442111383	0.270884992489	0.236537267081	0.138474378941	0.254649350649	0.116077688753	0.265507072644	0.119414448893	0.101173333333	0.266775864951	0.0851546391753	0.0928865979381	0.106693944354	0.262139037433	0.269640755023	0.209192731606	0.262535422446	0.134604735634	0.10546588694	0.152668332071	0.264315632012	0.264262998035	0.144432989691	0.24621761658	0.165973745978	0.199095644871	0.282810886277	0.275786124257	0.263186003683	0.263577453901	0.276005235075	0.114107489121	0.13675857063	0.270095446903	0.138091709688	0.139753053807	0.266631066134
160704339-stool1.snv.bam	0.0892346485283	0.222437028266	0.22854179648	0.12153132912	0.0	0.249949137661	0.280273088046	0.282776111249	0.137120831383	0.291311471605	0.300841565037	0.122613460092	0.108952122365	0.100724959499	0.123532163621	0.232731928232	0.291304961824	0.118661170645	0.278021828156	0.275168160932	0.144244795939	0.287774434752	0.0761297229165	0.138652067653	0.277535808254	0.110765467377	0.119992756504	0.088572047287	0.217373493857	0.142149796372	0.184868777862	0.270233012489	0.299676325925	0.0844489837813	0.0808642647046	0.111890348493	0.267121642784	0.277083264204	0.274372535555	0.28236370756	0.104024648662	0.186802130686	0.280394628592	0.131693219012	0.283281631166	0.259960870313	0.112196494646	0.272365744657	0.118701282608	0.283058924482	0.0909203837902	0.0772158974405	0.2844151455	0.0930097082722	0.100482691027	0.101385487468	0.285688473167	0.287597430504	0.20122649596	0.285236301663	0.119230533622	0.10029840613	0.118711208591	0.282145558397	0.279324792452	0.116135361693	0.269077977875	0.201587347081	0.219894519922	0.295272975788	0.293236276227	0.270757239994	0.281170842439	0.2987299057	0.111548667391	0.107947357406	0.271917825694	0.108957566194	0.111038536419	0.283902807004
763496533-stool1.snv.bam	0.254053678217	0.269510355756	0.270410166068	0.23258057401	0.249949137661	0.0	0.102230667671	0.0994087559338	0.211356508897	0.133271235505	0.123023357011	0.227109552804	0.233257061063	0.257600667597	0.223678056078	0.162118961816	0.133327219622	0.234634167833	0.126971501639	0.10431439753	0.203607827585	0.0777561444184	0.228332693632	0.207597344549	0.0933964466584	0.231860612046	0.205618199745	0.252309242273	0.26698267299	0.25427143183	0.272394553621	0.111699760827	0.109462481423	0.244624538385	0.237542783131	0.219658770289	0.0981149773447	0.104686619291	0.0865925120994	0.0943379625315	0.214689979309	0.259479222431	0.119070281913	0.248664853916	0.10708372453	0.12213115649	0.216630234894	0.104671738472	0.203637300329	0.111398773964	0.258989138144	0.236703424261	0.0942371014544	0.240150191263	0.247244920848	0.215481447475	0.0837683097321	0.117193282268	0.271430879436	0.130170071086	0.256130089641	0.208015232621	0.229589257818	0.113076168503	0.0941010895851	0.206105620815	0.106964726459	0.281891972284	0.259130785759	0.120755146076	0.0869476931182	0.100755823649	0.0791011760378	0.122551918414	0.235063913666	0.229590247492	0.113200004697	0.229659698201	0.231812811003	0.0889094820147
763597684-stool2.snv.bam	0.279345335363	0.295710817523	0.296450694502	0.262577232592	0.280273088046	0.102230667671	0.0	0.0864267003217	0.246656277479	0.0887375600361	0.0813756911763	0.263076055828	0.268564945556	0.277302987997	0.259117931971	0.159060439882	0.0888680947061	0.269750422589	0.114408305041	0.069486418859	0.222998459246	0.0719245853896	0.252962436625	0.249469797716	0.0934177815351	0.266974700902	0.235804278922	0.272385752239	0.284461547017	0.259194127686	0.281920185294	0.0778430734674	0.107294123781	0.264539569497	0.236787740341	0.239466654764	0.101246103702	0.0765004102989	0.0559949278838	0.115325384476	0.255223131667	0.27706029274	0.121927086679	0.27979811112	0.0941486474547	0.0943756970433	0.257343626464	0.00796689910323	0.238452323987	0.0831566810047	0.281408222071	0.273330387528	0.0238927783911	0.259875933891	0.266974700902	0.240987052473	0.0675008354117	0.0718445097828	0.305877945708	0.132912300568	0.292838907855	0.235685903664	0.259824361193	0.0609122411191	0.0732937331556	0.235886618	0.0731125600361	0.317439533637	0.292550458507	0.0609108969195	0.10984257177	0.0562933655846	0.0923478144136	0.081110415318	0.265327209199	0.25444378418	0.111314218603	0.254872969582	0.267310604688	0.0971127329076
764143897-stool1.snv.bam	0.286963276523	0.301217774269	0.301636916909	0.265163151348	0.282776111249	0.0994087559338	0.0864267003217	0.0	0.24656933591	0.126035122395	0.112672976732	0.262912892518	0.268496197376	0.282584844933	0.259061875178	0.173072987835	0.126166340493	0.267091357043	0.137566475729	0.0936885591394	0.220397732891	0.0959541225752	0.25815264764	0.246698127358	0.0982870372775	0.26690630893	0.235553372882	0.275015077501	0.287200618762	0.26826721565	0.287175432242	0.0805891999486	0.0889551017875	0.270000687979	0.239152760629	0.244691162553	0.109306807688	0.0844205363001	0.0662602546279	0.110164981366	0.252482430264	0.284728348688	0.124509123143	0.282342093763	0.0918851648244	0.144363570878	0.252021639343	0.078503689466	0.235794659752	0.106534095702	0.289209208324	0.273201922245	0.0734633668853	0.2651203706	0.272205550987	0.246421853965	0.0837242385885	0.10685723714	0.313927140614	0.130311574213	0.298009623105	0.232970561598	0.25713908056	0.10583380349	0.104635154983	0.235936120935	0.0811078561326	0.32334495752	0.300465231875	0.115951500436	0.107748145075	0.105726584265	0.100287192838	0.11511543566	0.270378964126	0.251843072183	0.124467604944	0.25225560266	0.267222335425	0.0894264522228
CCIS02124300ST-4-0.snv.bam	0.128756007949	0.248745421643	0.252364698083	0.15012068549	0.137120831383	0.211356508897	0.246656277479	0.24656933591	0.0	0.257613467388	0.26725479692	0.0945565517063	0.114233928981	0.139021581308	0.100761366988	0.208017742542	0.257606957607	0.111062351007	0.24470975656	0.230414578141	0.116273225658	0.24812262227	0.120002628273	0.106733579708	0.244989633001	0.113449424088	0.0837080394829	0.127898796095	0.215004486734	0.184690334544	0.21146750645	0.235679123325	0.260600078437	0.131669625439	0.139820061752	0.119548663726	0.230647677672	0.238079889988	0.230107103504	0.246240407827	0.105975915325	0.204649279037	0.252232514745	0.159832405933	0.249716322155	0.235241730291	0.0965559010649	0.238748934091	0.111066758885	0.249543246966	0.14001499546	0.1096782525	0.248634637437	0.126821716418	0.128873588612	0.104001986862	0.24565473366	0.250889251878	0.233668136351	0.251934848654	0.140335147165	0.0951282493627	0.0858169525878	0.250695665918	0.248378826358	0.0774597068642	0.235545697531	0.221652882501	0.246050316976	0.261653824252	0.254492591548	0.235309649844	0.241770900857	0.265284048759	0.126790646102	0.106242224804	0.248283670135	0.106757203564	0.113601570301	0.240125925099
CCIS09568613ST-4-0.snv.bam	0.293100890066	0.291295682302	0.29188186023	0.268333333333	0.291311471605	0.133271235505	0.0887375600361	0.126035122395	0.257613467388	0.0	0.0368891797557	0.271547933157	0.276962675053	0.288465336925	0.27007657744	0.167248677249	0.000130195618918	0.275510204082	0.132636592406	0.114470969643	0.228577096662	0.0801777777778	0.258700406438	0.258064516129	0.0741758241758	0.277922077922	0.246784776903	0.283374775521	0.287770164773	0.262916465476	0.285226666667	0.0752045020907	0.0866311144142	0.275488492418	0.247683579354	0.250427517361	0.0748718884949	0.0739798115777	0.102973158655	0.125890382666	0.261026854608	0.278029172583	0.127438006245	0.277847971004	0.0971898128327	0.0913009404389	0.268409702986	0.0807291666667	0.244071101312	0.0649954696466	0.289839484928	0.279301075269	0.0811083972037	0.270833333333	0.277922077922	0.246855021654	0.078167115903	0.0189255189255	0.303824149353	0.109562484531	0.301480519481	0.241477551822	0.268177459665	0.0300917200653	0.0940848113802	0.246753246753	0.0861618798956	0.311747841781	0.295616830515	0.0626218614512	0.078894392249	0.0619312906221	0.0819554444865	0.0362418831169	0.276417420958	0.265445193451	0.103489249682	0.265680688426	0.278337128917	0.0761099546714
CCIS10793554ST-4-0.snv.bam	0.30280841179	0.30116333826	0.301669650724	0.27280952381	0.300841565037	0.123023357011	0.0813756911763	0.112672976732	0.26725479692	0.0368891797557	0.0	0.281337719298	0.286636383365	0.298059122753	0.279718002542	0.162573157755	0.0370203978533	0.28513755243	0.119577084826	0.109700059102	0.238326033372	0.0775487588652	0.263201617504	0.271023235031	0.0712887067395	0.287543177893	0.256483420593	0.293169605952	0.300411997672	0.271235825845	0.29242464539	0.0673323705988	0.0762545833811	0.285115897014	0.257234978914	0.260145021645	0.0751185144294	0.0714217044295	0.105279722065	0.115511624259	0.270716828145	0.290304270224	0.127086267023	0.300962485913	0.0867768282859	0.102528379773	0.278182030974	0.0733463881636	0.253779898114	0.0624738924368	0.302083826547	0.289253798034	0.0811358926971	0.280497835498	0.287543177893	0.256867887015	0.0753127792672	0.0191174480752	0.327575075075	0.101744101583	0.314220376255	0.248753184401	0.277848860203	0.0327131637996	0.0860419465592	0.256455094991	0.0679470486111	0.323733839316	0.308238014294	0.0608394384914	0.078927740224	0.0587465564738	0.081980866534	0.014048181256	0.286067418998	0.275098616957	0.0903879621823	0.275182379216	0.288020340787	0.0815710280058
CCIS12656533ST-4-0.snv.bam	0.119707805149	0.258139565898	0.261746807213	0.146483420593	0.122613460092	0.227109552804	0.263076055828	0.262912892518	0.0945565517063	0.271547933157	0.281337719298	0.0	0.0758988775186	0.112648201303	0.062913720584	0.221462011771	0.271541320319	0.0730759666791	0.281834663274	0.254203802733	0.0938384477216	0.265013404826	0.115999153909	0.0948198198198	0.261478420569	0.075500435161	0.0678372497824	0.0977155950562	0.249398476876	0.12773956167	0.171465594281	0.249189811216	0.277311556549	0.128572709854	0.109464346522	0.0968448225713	0.244122085256	0.251858281386	0.251528737001	0.265342341898	0.0992608521012	0.207423921784	0.258325410977	0.164379587484	0.266266432774	0.235980083857	0.0422443816785	0.255043859649	0.122492976247	0.266040237213	0.122959800888	0.0838288288288	0.264348646062	0.109729493892	0.112053959965	0.0833161014613	0.271281362007	0.264894419306	0.232107175295	0.257916650764	0.142410315333	0.103325474015	0.0680275437945	0.266082422415	0.264782634929	0.101610095735	0.249125109361	0.224732422015	0.257353082489	0.278312783904	0.268564011857	0.2581232493	0.255866516015	0.279295006913	0.114905659781	0.0783630969852	0.254252327278	0.0790316114059	0.0756930414543	0.261751421745
CCIS20795251ST-4-0.snv.bam	0.0821154090287	0.250056621613	0.256243181668	0.137608042864	0.108952122365	0.233257061063	0.268564945556	0.268496197376	0.114233928981	0.276962675053	0.286636383365	0.0758988775186	0.0	0.101561496067	0.0544868931398	0.216668094637	0.276831799562	0.0236385868653	0.256104948069	0.257669366075	0.10103401384	0.262626095169	0.122983716766	0.106871212121	0.267238976963	0.000198202959831	0.0708660693093	0.115172102015	0.239413640405	0.13087406015	0.167297745358	0.255964766784	0.283272156685	0.0942981064597	0.101898921438	0.0813623606532	0.25558064884	0.257921717581	0.257538552325	0.27079342894	0.0579924631835	0.203259959316	0.263820853444	0.158529144553	0.271679797497	0.245094579334	0.0505167321465	0.260616418087	0.0648819910598	0.271455939875	0.10380357984	0.109563381138	0.270161528354	0.103825659444	0.0958054381019	0.0695575202723	0.265621191811	0.273096694972	0.255950509134	0.263308652338	0.106450661408	0.0606659884055	0.0597399200435	0.267730383134	0.270239537109	0.0777175828048	0.254744687131	0.210110946522	0.254832653245	0.283642957714	0.273879994636	0.260273836431	0.264404127368	0.284587384765	0.0938367725211	0.0805158553247	0.270900696227	0.0815176289074	0.000754882228551	0.267624163573
CCIS22275061ST-4-0.snv.bam	0.028338080866	0.222502065379	0.225873490017	0.108502976072	0.100724959499	0.257600667597	0.277302987997	0.282584844933	0.139021581308	0.288465336925	0.298059122753	0.112648201303	0.101561496067	0.0	0.105972064614	0.246377141034	0.288458827144	0.116449930601	0.285464522366	0.274891665016	0.0906196741468	0.284940601714	0.0887699508606	0.154330812461	0.27453365621	0.103412839158	0.119673129133	0.0603073420724	0.203988150412	0.127466328595	0.156271182337	0.267618316962	0.297151374795	0.0562811114183	0.089089840417	0.0430615263149	0.264644066263	0.274551788652	0.27162301822	0.284652815126	0.129331877507	0.173712623674	0.27784349731	0.123748438355	0.285265958169	0.263660729367	0.10967379028	0.26950358934	0.10554575309	0.280297940622	0.0907316072063	0.098295624245	0.281560385934	0.0238728921436	0.0160994399787	0.0905466254457	0.285409027961	0.287402633868	0.225247384381	0.282584616021	0.10849252773	0.107864020349	0.137294430268	0.281521200422	0.27913351927	0.10804212207	0.266223218308	0.191081541578	0.234992442558	0.297671880655	0.290552679519	0.279000284942	0.278569431045	0.295961805902	0.116530517333	0.0910127863523	0.27458184387	0.0917051293846	0.103966656322	0.281377855874
CCIS23164343ST-4-0.snv.bam	0.102536137833	0.243612131951	0.244393202316	0.136648945028	0.123532163621	0.223678056078	0.259117931971	0.259061875178	0.100761366988	0.27007657744	0.279718002542	0.062913720584	0.0544868931398	0.105972064614	0.0	0.224152465013	0.270070067659	0.0670466623935	0.272491680307	0.248377408628	0.0873865205335	0.260983682448	0.116985155857	0.0772987919901	0.258096419333	0.0540095709502	0.0676889099896	0.109220296614	0.232725502655	0.139136033058	0.171593601763	0.253323008238	0.273185129509	0.0982786199874	0.106049893052	0.080344315098	0.24324114339	0.250699795493	0.247781698726	0.261390821476	0.0800589583728	0.199239851683	0.254502437152	0.156889192853	0.262320975322	0.235617592305	0.0656664517722	0.251210588582	0.0976701335181	0.267239656814	0.113859690885	0.0933846320488	0.260762186526	0.0979266461404	0.0951042126027	0.0585476439772	0.263945286172	0.266140338075	0.236014640431	0.254128169159	0.100805968123	0.0788256581089	0.0675345729637	0.260856537188	0.260839792134	0.0745751236494	0.253176956885	0.208756219059	0.248015647234	0.274149413293	0.267142850139	0.256827999117	0.252042143422	0.277715227548	0.100741597247	0.0875680653317	0.260877135853	0.0883810674014	0.0542420513538	0.257865615347
CCIS27304052ST-3-0.snv.bam	0.244020143494	0.251551422512	0.255696766314	0.224899470899	0.232731928232	0.162118961816	0.159060439882	0.173072987835	0.208017742542	0.167248677249	0.162573157755	0.221462011771	0.216668094637	0.246377141034	0.224152465013	0.0	0.167109440267	0.216053291123	0.164085307116	0.152710897093	0.204781140551	0.148555148555	0.222751920895	0.226792556103	0.152659426344	0.215855428044	0.192760437508	0.235078241823	0.270259691112	0.19438116744	0.221891195225	0.151187732524	0.173544088179	0.227310729853	0.203070092422	0.203369378307	0.153506726634	0.162919877683	0.145887216081	0.160095601277	0.208703115814	0.234810036591	0.155765899022	0.256909504447	0.142684243785	0.14689669088	0.207639035557	0.150582010582	0.199144552712	0.144560299157	0.244012370731	0.22872151726	0.162323231027	0.224788359788	0.238016092864	0.208853293599	0.141001500887	0.150319352009	0.284987347596	0.161279402244	0.279142462476	0.203279227573	0.207663307577	0.14686787391	0.148311996012	0.204775095634	0.145430428439	0.258173536621	0.260042166877	0.156239681006	0.176947434773	0.149239222316	0.160930620798	0.163843193843	0.227903802677	0.213444715612	0.175770749593	0.214159426211	0.216365635459	0.153998248866
CCIS51595129ST-4-0.snv.bam	0.292968981347	0.291429707204	0.292014818621	0.2683268066	0.291304961824	0.133327219622	0.0888680947061	0.126166340493	0.257606957607	0.000130195618918	0.0370203978533	0.271541320319	0.276831799562	0.288458827144	0.270070067659	0.167109440267	0.0	0.275380008463	0.132766788025	0.114603928034	0.228570586881	0.0802479532164	0.258693879705	0.258057778856	0.0743135310804	0.277791882303	0.246778198778	0.283368197396	0.287763551935	0.262908801055	0.285219983292	0.0753371087396	0.0867616490842	0.275481982637	0.247677069573	0.250420990628	0.0750041452582	0.0741106870693	0.103104376753	0.126021258158	0.261020327874	0.278022628809	0.127568201864	0.277841358166	0.0973200084516	0.0913834350767	0.26840310755	0.0808597013367	0.243940905694	0.0651256652655	0.289832941153	0.279294337996	0.0812392726953	0.2708268066	0.277915568141	0.246848302443	0.0782380479501	0.0190581255744	0.303895465855	0.10969268015	0.301473836105	0.241470903903	0.268170932932	0.0302239768286	0.0942156868718	0.246746736972	0.0862927553872	0.311741140536	0.295749087278	0.0627523961212	0.0790256103466	0.0620709154502	0.0820870069885	0.0363724177869	0.276410894224	0.26543868367	0.103621506445	0.265674178645	0.278206933298	0.0762404893414
CCIS52234160ST-4-0.snv.bam	0.0946948184243	0.259301623683	0.265382913066	0.116266568483	0.118661170645	0.234634167833	0.269750422589	0.267091357043	0.111062351007	0.275510204082	0.28513755243	0.0730759666791	0.0236385868653	0.116449930601	0.0670466623935	0.216053291123	0.275380008463	0.0	0.257313802031	0.259174100599	0.0773647490543	0.263864807137	0.127490821386	0.109232522796	0.261063664596	0.0233198677929	0.0678868274583	0.124949711942	0.243371595353	0.136246961815	0.171797964568	0.254610825664	0.27922107347	0.108979056891	0.111644232963	0.101444833088	0.25684321471	0.2565751558	0.25878116093	0.271595186111	0.0678603474609	0.212693303262	0.2650215792	0.162909472848	0.272840117371	0.24751216276	0.0554482179842	0.261843079201	0.0772996704563	0.272617410688	0.116603115876	0.114285714286	0.271335691066	0.113586156112	0.110723466765	0.0826216224094	0.266857142857	0.274277038751	0.265577258607	0.259370623344	0.121706130281	0.0685261564527	0.0621496728939	0.271540469974	0.271413296674	0.100440690415	0.253414544112	0.214882557103	0.258710091155	0.284750310332	0.277743747178	0.25979273252	0.265435166988	0.283106841612	0.106162440364	0.0826590232304	0.266861329735	0.0838329355537	0.0238736849574	0.268808379292
CCIS59132091ST-4-0.snv.bam	0.274493627423	0.301246780544	0.301984350956	0.286236317227	0.278021828156	0.126971501639	0.114408305041	0.137566475729	0.24470975656	0.132636592406	0.119577084826	0.281834663274	0.256104948069	0.285464522366	0.272491680307	0.164085307116	0.132766788025	0.257313802031	0.0	0.0849084240858	0.246853014482	0.0738744628219	0.271541932442	0.26339337861	0.0843856382929	0.254591029196	0.259794572357	0.290951783174	0.313655840222	0.296105632574	0.316601480271	0.119013644365	0.111678958792	0.283491342452	0.265772217883	0.263379848896	0.105792315647	0.127611273403	0.0963394859561	0.109494391652	0.242921174752	0.308857293075	0.151966394285	0.303708675017	0.0887527832478	0.145240162422	0.27088983464	0.121894546561	0.231370910958	0.0977939132705	0.297224383572	0.292346447367	0.111410364604	0.283575295632	0.280275616209	0.265525019746	0.0828402348698	0.1111024585	0.332753464106	0.142243834234	0.282539339077	0.233787263502	0.262927976466	0.100443472535	0.0932805447927	0.24428280043	0.108659676932	0.327717962842	0.323870341558	0.0865854902271	0.130058927242	0.0972408303292	0.112620981669	0.116595654769	0.283947176167	0.257641153845	0.0791116784969	0.25785593982	0.25506451217	0.106645018535
CCIS62605362ST-3-0.snv.bam	0.279502389788	0.292618930618	0.293714258316	0.257131099353	0.275168160932	0.10431439753	0.069486418859	0.0936885591394	0.230414578141	0.114470969643	0.109700059102	0.254203802733	0.257669366075	0.274891665016	0.248377408628	0.152710897093	0.114603928034	0.259174100599	0.0849084240858	0.0	0.21149798884	0.0707015959048	0.241858300407	0.235397692775	0.0504320987654	0.256347112284	0.223884456265	0.2670791423	0.287454284194	0.261270930951	0.282155977115	0.0656078987526	0.0754547711392	0.259462728375	0.23090694883	0.236295561434	0.0874233897374	0.072769941205	0.0251758678034	0.09925822972	0.239126634193	0.274779703361	0.100732246156	0.266557743327	0.0858532376936	0.102804317056	0.245736647173	0.0771310993533	0.229875803591	0.0795047486586	0.278866918522	0.262446873103	0.0561377557793	0.257025279248	0.264262679566	0.232241086192	0.0733933933934	0.0893013450654	0.28448117539	0.0907531541772	0.287834011818	0.22423879405	0.249036243563	0.0808208131738	0.0906897568015	0.2194077983	0.0663734975081	0.309592634189	0.28488204018	0.0726366053556	0.112363747208	0.0830194601381	0.0945321211257	0.106692014629	0.256727823755	0.243672704576	0.0706184880165	0.244006160647	0.256833088213	0.0885416261141
CCIS64773582ST-4-0.snv.bam	0.0951969874734	0.248536421682	0.249453132603	0.0955243783781	0.144244795939	0.203607827585	0.222998459246	0.220397732891	0.116273225658	0.228577096662	0.238326033372	0.0938384477216	0.10103401384	0.0906196741468	0.0873865205335	0.204781140551	0.228570586881	0.0773647490543	0.246853014482	0.21149798884	0.0	0.226742785088	0.111903270456	0.109104943645	0.209245060367	0.100317374835	0.0832167761317	0.0936562839922	0.21699410269	0.139123186103	0.169032872851	0.212762885813	0.232650850902	0.103714353136	0.101238141033	0.0600482901765	0.212275991848	0.212468576067	0.211969641872	0.225273766955	0.113937554072	0.189528868049	0.223712462603	0.162702632741	0.226389612599	0.214048979916	0.0969899633989	0.215031560142	0.0874591312256	0.23130829409	0.142318956288	0.122136858539	0.224645132005	0.0722254093059	0.0797518221355	0.0824943816648	0.226672485907	0.229357969392	0.251986785801	0.218196806435	0.153241830121	0.0815236111489	0.108417792067	0.224362281054	0.224722737613	0.100317374835	0.211891943708	0.206677743401	0.240252528866	0.237938791274	0.233522901695	0.215524836221	0.221236167566	0.236536619044	0.121502724486	0.0724931575047	0.224905072929	0.0734917151717	0.100790857809	0.222238156724
CCIS74239020ST-4-0.snv.bam	0.28146575748	0.285070621439	0.286000344942	0.264479717813	0.287774434752	0.0777561444184	0.0719245853896	0.0959541225752	0.24812262227	0.0801777777778	0.0775487588652	0.265013404826	0.262626095169	0.284940601714	0.260983682448	0.148555148555	0.0802479532164	0.263864807137	0.0738744628219	0.0707015959048	0.226742785088	0.0	0.254765387388	0.251183970856	0.0612662942272	0.261037818821	0.237115555556	0.279819883041	0.297582374751	0.273853637208	0.292502258356	0.0916283603296	0.0770440139008	0.266552091665	0.25406731236	0.24628968254	0.0625532858595	0.0956928790702	0.0561514056755	0.0801011415974	0.246475252653	0.279624685498	0.0976173238457	0.282138644354	0.0539395196321	0.0970572916667	0.259168503925	0.079609929078	0.231927987701	0.0581620339122	0.291622960373	0.275500910747	0.0530446935341	0.267019400353	0.268953386104	0.245259554251	0.0192028985507	0.0654608454608	0.310699023199	0.11389153002	0.295361864874	0.231726065688	0.261675867314	0.0547364400306	0.0374035793774	0.237291116974	0.090008841733	0.309571933697	0.297512364875	0.0540302780342	0.0617177896979	0.0516525023607	0.043316587541	0.0794727318537	0.264694800199	0.256278978396	0.0827724085885	0.256499878451	0.26152379475	0.0511341577368
CCIS76845094ST-20-0.snv.bam	0.0984384328465	0.216072139619	0.216871620051	0.104074629052	0.0761297229165	0.228332693632	0.252962436625	0.25815264764	0.120002628273	0.258700406438	0.263201617504	0.115999153909	0.122983716766	0.0887699508606	0.116985155857	0.222751920895	0.258693879705	0.127490821386	0.271541932442	0.241858300407	0.111903270456	0.254765387388	0.0	0.120919272761	0.243334929252	0.124729407542	0.102760443038	0.0815989129101	0.189881943914	0.134059537366	0.164736174476	0.248143747156	0.272575499497	0.072419798808	0.0740572727909	0.0998428340906	0.234731690477	0.25023611353	0.241779172846	0.254920041365	0.09711320586	0.162081728504	0.247798944827	0.114269894008	0.256076859614	0.230527191261	0.100115367188	0.245041444344	0.122147302481	0.25559162915	0.0890610332324	0.0701200270037	0.257527130055	0.0809149745526	0.0886469333155	0.0810423755408	0.252248545648	0.254603699805	0.212418422983	0.25243516698	0.114440356368	0.0958738083248	0.122577918961	0.249274910662	0.249498635528	0.0938015724907	0.246997295524	0.178800258101	0.223701423901	0.268008174777	0.261053612827	0.247442788413	0.248832987982	0.266446982032	0.109960732946	0.106936622693	0.23927576627	0.108051449114	0.125204110834	0.251904854435
CCIS80834637ST-4-0.snv.bam	0.14926775802	0.256563680913	0.257116913062	0.144	0.138652067653	0.207597344549	0.249469797716	0.246698127358	0.106733579708	0.258064516129	0.271023235031	0.0948198198198	0.106871212121	0.154330812461	0.0772987919901	0.226792556103	0.258057778856	0.109232522796	0.26339337861	0.235397692775	0.109104943645	0.251183970856	0.120919272761	0.0	0.238764044944	0.106382978723	0.080685483871	0.131812393888	0.230017727339	0.182472691162	0.210491803279	0.243333080846	0.26398010243	0.125371293557	0.120507472421	0.117914814815	0.232923988118	0.240752242089	0.235024808026	0.24900102846	0.0881803880071	0.206181410516	0.250058419515	0.0669610630403	0.247508981611	0.228697749196	0.0997188332466	0.241286863271	0.106378040521	0.257916872835	0.139181757414	0.0829201101928	0.251509401415	0.136	0.143617021277	0.0877007607777	0.24861878453	0.260579528872	0.218201350522	0.249671211405	0.0645096881728	0.0814011843822	0.0776754470921	0.251158301158	0.245897104923	0.0957446808511	0.243315508021	0.220073851245	0.227698115067	0.259863666859	0.257741710024	0.243596986817	0.242088018556	0.268730735931	0.109645046366	0.0961622487746	0.256585028965	0.0968034513404	0.106584952456	0.24019300384
CCIS81887263ST-4-0.snv.bam	0.281896248554	0.279661966451	0.280665170297	0.250790190736	0.277535808254	0.0933964466584	0.0934177815351	0.0982870372775	0.244989633001	0.0741758241758	0.0712887067395	0.261478420569	0.267238976963	0.27453365621	0.258096419333	0.152659426344	0.0743135310804	0.261063664596	0.0843856382929	0.0504320987654	0.209245060367	0.0612662942272	0.243334929252	0.238764044944	0.0	0.266304347826	0.233475274725	0.266481106613	0.287472078588	0.257979626486	0.279217877095	0.0537163088769	0.0553578962808	0.264133768103	0.232023081089	0.237613533152	0.067550742587	0.0637548301483	0.0526859580554	0.0797405914138	0.243077144876	0.271874334516	0.0952249974751	0.263207832579	0.0882058277371	0.101055194805	0.255482656963	0.0958904109589	0.2336488006	0.0651541961577	0.284090909091	0.264507042254	0.0764700711963	0.256130790191	0.263586956522	0.244598098531	0.0588235294118	0.0505678165845	0.298611111111	0.0659824906094	0.29065696873	0.226621649274	0.256076688042	0.0674164693502	0.0872874189608	0.233695652174	0.0653950953678	0.303244297437	0.290162372279	0.0691169256756	0.0853086516141	0.0700385356455	0.077541275685	0.0689833327436	0.267423132555	0.247816302931	0.0253582437332	0.248125871896	0.266804850209	0.0662484444566
CCIS88317640ST-4-0.snv.bam	0.0840921398529	0.251176151272	0.257321420753	0.139278350515	0.110765467377	0.231860612046	0.266974700902	0.26690630893	0.113449424088	0.277922077922	0.287543177893	0.075500435161	0.000198202959831	0.103412839158	0.0540095709502	0.215855428044	0.277791882303	0.0233198677929	0.254591029196	0.256347112284	0.100317374835	0.261037818821	0.124729407542	0.106382978723	0.266304347826	0.0	0.0702987012987	0.116971975393	0.24057413172	0.133010017491	0.168970976253	0.257041640922	0.281614298802	0.0961867934562	0.103748529695	0.0832195017182	0.254045751077	0.258974565176	0.256005439242	0.269195776735	0.0574958408335	0.204756795326	0.262267264107	0.160112009215	0.270085802277	0.24419504644	0.0500538727461	0.259067357513	0.0643512236367	0.269863095594	0.106082628612	0.111436170213	0.268567141785	0.105670103093	0.0976863753213	0.0691695572332	0.264	0.274089068826	0.257342865654	0.261757696425	0.108325052256	0.0604646641392	0.05938825905	0.268743006341	0.268644747394	0.0771208226221	0.255813953488	0.211607172876	0.255912627522	0.281974588644	0.27496802549	0.259595959596	0.262831366848	0.285500066943	0.09315538569	0.0799047081367	0.269285798217	0.0809013312126	0.000553817164511	0.266046965448
CCMD64503764ST-21-0.snv.bam	0.116704957052	0.240073162991	0.246961435827	0.1225390625	0.119992756504	0.205618199745	0.235804278922	0.235553372882	0.0837080394829	0.246784776903	0.256483420593	0.0678372497824	0.0708660693093	0.119673129133	0.0676889099896	0.192760437508	0.246778198778	0.0678868274583	0.259794572357	0.223884456265	0.0832167761317	0.237115555556	0.102760443038	0.080685483871	0.233475274725	0.0702987012987	0.0	0.115614725791	0.230004113761	0.142269836222	0.173613333333	0.225330441355	0.250654551914	0.0945101936603	0.0913589040291	0.0890733506944	0.222386603332	0.227697537136	0.224615443842	0.237901165924	0.0737154155644	0.183566265773	0.231186923994	0.127372215678	0.23908669373	0.216645768025	0.0471558410823	0.227814136126	0.0910730993145	0.238861673211	0.0890834915737	0.0939919354839	0.237727196159	0.1016015625	0.10912987013	0.0620426892143	0.240601604278	0.237177782324	0.244349593496	0.23078028721	0.130611428571	0.0718886924059	0.0731969909151	0.241242969629	0.237468713424	0.0858831168831	0.224503916449	0.198289579291	0.240555264991	0.250961233552	0.243776591202	0.223449396472	0.23143064629	0.254580796807	0.0809989565966	0.0835636507513	0.24306454015	0.0843776122108	0.0708149823645	0.234925058838
CCMD64776337ST-21-0.snv.bam	0.0646484076458	0.227788987758	0.231089045348	0.101755756579	0.088572047287	0.252309242273	0.272385752239	0.275015077501	0.127898796095	0.283374775521	0.293169605952	0.0977155950562	0.115172102015	0.0603073420724	0.109220296614	0.235078241823	0.283368197396	0.124949711942	0.290951783174	0.2670791423	0.0936562839922	0.279819883041	0.0815989129101	0.131812393888	0.266481106613	0.116971975393	0.115614725791	0.0	0.206264123945	0.124804031355	0.168197894737	0.261907233866	0.292032475891	0.0797398912993	0.0763507017051	0.0610909706993	0.25656945103	0.269272507674	0.266335861983	0.279750796528	0.125482263964	0.172873561849	0.272782048168	0.132670781835	0.280681817904	0.24803800253	0.0980392043706	0.264395609442	0.114369750032	0.27526199219	0.0968359994753	0.0780489530277	0.276928561191	0.0521724232456	0.0598291182502	0.0941317254779	0.277625667943	0.28232172596	0.227704876464	0.277461991471	0.133571747551	0.100984741547	0.114976377895	0.274215552073	0.274059112398	0.106582365003	0.261094315423	0.19247581976	0.237835503847	0.292778308963	0.285517840652	0.270842496213	0.27342562718	0.291075908284	0.117616670687	0.0682718546988	0.26394613067	0.0688717550915	0.117288040009	0.276219849802
HT25A.snv.bam	0.202164631413	0.155950811647	0.154885558805	0.178153384665	0.217373493857	0.26698267299	0.284461547017	0.287200618762	0.215004486734	0.287770164773	0.300411997672	0.249398476876	0.239413640405	0.203988150412	0.232725502655	0.270259691112	0.287763551935	0.243371595353	0.313655840222	0.287454284194	0.21699410269	0.297582374751	0.189881943914	0.230017727339	0.287472078588	0.24057413172	0.230004113761	0.206264123945	0.0	0.125338633557	0.117269764186	0.274667514938	0.301540270265	0.197424070132	0.210005092119	0.199992917303	0.268616277666	0.276346585753	0.276007873675	0.291856027342	0.223492682246	0.135164034597	0.297876914325	0.216114054891	0.289839615052	0.290740513235	0.238453914242	0.276486559076	0.209157353666	0.295147876331	0.194734566198	0.189297006619	0.291339570393	0.191378427004	0.193576742686	0.210826996026	0.287438732924	0.292028712841	0.182193745073	0.302829725702	0.217681199072	0.20289650332	0.254121943494	0.291759851134	0.283544382389	0.198798674801	0.278385544485	0.125782288427	0.129614317289	0.299984316282	0.297779049105	0.300170037817	0.288228587723	0.297707129356	0.212589060789	0.243504485257	0.300357258619	0.243997136879	0.240915780659	0.280439219134
M2.2-V2.metaT.snv.bam	0.14233950224	0.147588215071	0.147646963078	0.121046271267	0.142149796372	0.25427143183	0.259194127686	0.26826721565	0.184690334544	0.262916465476	0.271235825845	0.12773956167	0.13087406015	0.127466328595	0.139136033058	0.19438116744	0.262908801055	0.136246961815	0.296105632574	0.261270930951	0.139123186103	0.273853637208	0.134059537366	0.182472691162	0.257979626486	0.133010017491	0.142269836222	0.124804031355	0.125338633557	0.0	0.000200349817141	0.244247402255	0.282545551956	0.134419116546	0.112139276127	0.114847421584	0.242221835494	0.246798908613	0.25546275536	0.264759690514	0.164336358573	0.100989280939	0.250742144858	0.176363899547	0.277805824662	0.239732142857	0.128410343234	0.249919768935	0.160101781857	0.265711264038	0.121824598973	0.138013529121	0.264161605111	0.114883129273	0.11790427731	0.138254667293	0.270946056731	0.26126562225	0.191157894737	0.250391193871	0.18630621585	0.142381667964	0.139719151786	0.262698029477	0.261213378273	0.157179201781	0.246120620701	0.100462037227	0.148434323931	0.282975229961	0.271437137972	0.25974471435	0.260228730672	0.268656973011	0.1544213371	0.151204354061	0.271108138239	0.152255229527	0.133449397784	0.260716889306
M2.2-V3.metaG.snv.bam	0.166893952474	0.157526943967	0.156646428418	0.145329815303	0.184868777862	0.272394553621	0.281920185294	0.287175432242	0.21146750645	0.285226666667	0.29242464539	0.171465594281	0.167297745358	0.156271182337	0.171593601763	0.221891195225	0.285219983292	0.171797964568	0.316601480271	0.282155977115	0.169032872851	0.292502258356	0.164736174476	0.210491803279	0.279217877095	0.168970976253	0.173613333333	0.168197894737	0.117269764186	0.000200349817141	0.0	0.269125954496	0.299540603003	0.165039287726	0.148510266929	0.148183421517	0.263466101866	0.27104285603	0.276005583903	0.284064334134	0.199138391982	0.109836135657	0.27172022622	0.199486433186	0.29535631597	0.259185303514	0.166472425493	0.273829787234	0.187354548827	0.290070565135	0.151442910538	0.174699453552	0.28619491743	0.142585751979	0.145224274406	0.174705512471	0.290301369863	0.284091476091	0.189651651652	0.274086787586	0.211068094068	0.172514724968	0.177467313522	0.286564534661	0.28383426324	0.190079155673	0.273103448276	0.0898316291096	0.14932299317	0.302665402172	0.292904733518	0.28538606403	0.283096295251	0.290061155775	0.185521552356	0.192776584181	0.295272012646	0.193893669916	0.169398684812	0.280483834022
