	158155345-tonguedorsum2.snv.bam	158216035-tonguedorsum2.snv.bam	158479027-tonguedorsum1.snv.bam	158499257-tonguedorsum2.snv.bam	158944319-tonguedorsum1.snv.bam	158944319-tonguedorsum3.snv.bam	159005010-tonguedorsum2.snv.bam	159207311-tonguedorsum2.snv.bam	159268001-tonguedorsum1.snv.bam	159268001-tonguedorsum3.snv.bam	159591683-tonguedorsum2.snv.bam	160582958-tonguedorsum3.snv.bam	160603188-tonguedorsum2.snv.bam	160603188-tonguedorsum3.snv.bam	234447334-tonguedorsum2.snv.bam	508703490-tonguedorsum1.snv.bam	508703490-tonguedorsum2.snv.bam	550534656-tonguedorsum1.snv.bam	550534656-tonguedorsum2.snv.bam	550534656-tonguedorsum3.snv.bam	604812005-tonguedorsum3.snv.bam	763395383-anteriornares3.snv.bam	763395383-tonguedorsum3.snv.bam	763901136-tonguedorsum2.snv.bam	763961826-tonguedorsum1.snv.bam	763961826-tonguedorsum2.snv.bam	763982056-tonguedorsum3.snv.bam	764143897-tonguedorsum1.snv.bam	764285508-tonguedorsum2.snv.bam	764325968-tonguedorsum1.snv.bam	764447348-tonguedorsum1.snv.bam	764447348-tonguedorsum2.snv.bam	765155402-tonguedorsum3.snv.bam	765216093-tonguedorsum3.snv.bam	823052294-tonguedorsum3.snv.bam
158155345-tonguedorsum2.snv.bam	0.0	0.162348949008	0.152590181854	0.193518246333	0.142595003866	0.140334457468	0.154122740538	0.156544465556	0.148534802748	0.172802816813	0.146338827508	0.149888397164	0.15659522083	0.158108883052	0.131927095075	0.132183700117	0.150505143953	0.142754950867	0.146125817288	0.146734241273	0.137340870359	0.187359302912	0.174103604434	0.169154942088	0.140529831968	0.134136704924	0.15527855684	0.124098194063	0.149711405115	0.127033399223	0.149403284405	0.133167057925	0.129499558642	0.152052546072	0.139489577286
158216035-tonguedorsum2.snv.bam	0.162348949008	0.0	0.144549702243	0.159610401756	0.132912969875	0.129329755653	0.131489092408	0.176000783045	0.126597289577	0.122731421232	0.130565293355	0.149866762537	0.12418136242	0.130056443558	0.126582566211	0.122580225397	0.108519736566	0.123002375104	0.122629001377	0.120855078572	0.101289422277	0.176382159627	0.191789055366	0.160397256324	0.139055547226	0.130580121199	0.141156955134	0.13221180778	0.135713839914	0.128155267987	0.137240052363	0.130898011954	0.119014150339	0.121206033582	0.13521157965
158479027-tonguedorsum1.snv.bam	0.152590181854	0.144549702243	0.0	0.1729966344	0.142417291731	0.134764208559	0.116562225003	0.173325151669	0.160627977359	0.138866025939	0.146047329455	0.132632502156	0.147517917486	0.156264137045	0.13910656401	0.151491801364	0.140412978595	0.133016297219	0.140520696399	0.140257688696	0.131399394848	0.172199185286	0.150572686337	0.169912588848	0.135630273241	0.138943778205	0.148874078453	0.119557045668	0.136425122742	0.12982180719	0.146718305736	0.127635955504	0.143637431159	0.135063847774	0.112234841526
158499257-tonguedorsum2.snv.bam	0.193518246333	0.159610401756	0.1729966344	0.0	0.139603272022	0.147783876326	0.152676164619	0.179432848376	0.155746713719	0.174409589897	0.153586580646	0.152614818102	0.146564072266	0.145123652284	0.139671512056	0.166213159102	0.174877183335	0.151425725853	0.150894858044	0.152139434112	0.145970298866	0.154976773472	0.149596812765	0.137134951015	0.161671571854	0.16082917089	0.134600259811	0.145270432081	0.1627285705	0.143210804585	0.154873150025	0.148900442692	0.13768503187	0.134630682148	0.146743563751
158944319-tonguedorsum1.snv.bam	0.142595003866	0.132912969875	0.142417291731	0.139603272022	0.0	0.097416453349	0.129168736122	0.164262174766	0.131651571677	0.127730089766	0.116518572913	0.146739545656	0.121605215019	0.120834201233	0.12698371921	0.134479225974	0.140870694638	0.126912092407	0.133418830659	0.131257311709	0.109524985602	0.177093983878	0.160159437777	0.162422726337	0.143973237377	0.133952562012	0.12496818998	0.127768978284	0.132416746225	0.114858534853	0.122970168763	0.113218237779	0.123361211993	0.113129324246	0.120775036538
158944319-tonguedorsum3.snv.bam	0.140334457468	0.129329755653	0.134764208559	0.147783876326	0.097416453349	0.0	0.121465311925	0.150831573413	0.132787725494	0.125500472507	0.132239027356	0.137268416122	0.092244801596	0.0967950645862	0.11890126656	0.137496394669	0.138486504459	0.112099587498	0.118450010104	0.112414638475	0.115081723648	0.173087843909	0.163851713777	0.154882701631	0.127320014569	0.121284851257	0.128423177527	0.117147177898	0.129888615044	0.108313065797	0.135526755111	0.120628529621	0.117463530014	0.110365037904	0.113015368783
159005010-tonguedorsum2.snv.bam	0.154122740538	0.131489092408	0.116562225003	0.152676164619	0.129168736122	0.121465311925	0.0	0.153907772645	0.142721757807	0.142504705418	0.116020665485	0.0962578406678	0.128620050797	0.139308660725	0.114554245473	0.126108657382	0.129872116917	0.105932272114	0.113779529822	0.110596450391	0.103539309704	0.144691396018	0.157946363519	0.109026735291	0.115026261809	0.113378194643	0.118322351916	0.0979855738843	0.113570093335	0.112934271578	0.127104604083	0.116603891423	0.115921432482	0.119084752037	0.106391995724
159207311-tonguedorsum2.snv.bam	0.156544465556	0.176000783045	0.173325151669	0.179432848376	0.164262174766	0.150831573413	0.153907772645	0.0	0.183691965474	0.179824295545	0.167848412068	0.152359458057	0.158206751024	0.161957053481	0.161604975552	0.134992401112	0.14146782148	0.154002042525	0.158886640521	0.155114759288	0.14909950025	0.171039716755	0.18946246779	0.187031742535	0.155890326781	0.153916545083	0.149222679087	0.161931476384	0.143643882062	0.139371440656	0.173610473789	0.166640562092	0.159403716574	0.163433150108	0.145033998972
159268001-tonguedorsum1.snv.bam	0.148534802748	0.126597289577	0.160627977359	0.155746713719	0.131651571677	0.132787725494	0.142721757807	0.183691965474	0.0	0.121045441857	0.134362625887	0.153274809269	0.142002903503	0.150764476413	0.12766201957	0.14346574446	0.149485799294	0.128200234274	0.121729619351	0.134903950602	0.12571699279	0.17514643457	0.179790386827	0.159814595943	0.132297623607	0.127859206648	0.144359282042	0.142666571575	0.14416574696	0.125079941951	0.142007434781	0.12388614753	0.127245952909	0.132160787755	0.133124162528
159268001-tonguedorsum3.snv.bam	0.172802816813	0.122731421232	0.138866025939	0.174409589897	0.127730089766	0.125500472507	0.142504705418	0.179824295545	0.121045441857	0.0	0.1230111525	0.154168210325	0.125704571987	0.138742223427	0.132624522801	0.150843644538	0.156370070554	0.13973939799	0.145621356519	0.136423497164	0.119366352387	0.182385504716	0.178549543267	0.174530574775	0.146053583047	0.140373314134	0.151995554373	0.138135943968	0.14137700832	0.133054579018	0.14441812141	0.132605510658	0.131760510476	0.123456701509	0.104338247009
159591683-tonguedorsum2.snv.bam	0.146338827508	0.130565293355	0.146047329455	0.153586580646	0.116518572913	0.132239027356	0.116020665485	0.167848412068	0.134362625887	0.1230111525	0.0	0.124754934724	0.123459547124	0.12157531993	0.124901054683	0.130052462555	0.138671780834	0.119431373892	0.129472804268	0.130132493666	0.116637226158	0.166284958357	0.152131289009	0.14600729291	0.126613707852	0.118576139085	0.130645349472	0.125339258742	0.133371027434	0.110763688083	0.124694325144	0.11908524451	0.120087208807	0.121335487533	0.113053856012
160582958-tonguedorsum3.snv.bam	0.149888397164	0.149866762537	0.132632502156	0.152614818102	0.146739545656	0.137268416122	0.0962578406678	0.152359458057	0.153274809269	0.154168210325	0.124754934724	0.0	0.142050641811	0.145020057828	0.124787148793	0.147601963323	0.144069266184	0.112390408674	0.121482642899	0.123035769125	0.121355139783	0.116548494887	0.153191853784	0.121976827897	0.116096051704	0.115314712953	0.119121988426	0.104151238211	0.122990456594	0.109974476597	0.117252858467	0.120954004291	0.123639355671	0.138278245649	0.118563665451
160603188-tonguedorsum2.snv.bam	0.15659522083	0.12418136242	0.147517917486	0.146564072266	0.121605215019	0.092244801596	0.128620050797	0.158206751024	0.142002903503	0.125704571987	0.123459547124	0.142050641811	0.0	0.0428629144727	0.128304249161	0.12793948605	0.135005426551	0.110994138364	0.117080263736	0.105486873235	0.117565953664	0.17181861486	0.15963429994	0.157835156263	0.145960549754	0.143728799268	0.121165939739	0.125769564216	0.126035695175	0.117361008534	0.140486669733	0.12874417035	0.111614103802	0.108220291761	0.119356105575
160603188-tonguedorsum3.snv.bam	0.158108883052	0.130056443558	0.156264137045	0.145123652284	0.120834201233	0.0967950645862	0.139308660725	0.161957053481	0.150764476413	0.138742223427	0.12157531993	0.145020057828	0.0428629144727	0.0	0.128351624452	0.133501972712	0.137110391595	0.123293312658	0.129963251401	0.118484363967	0.123675353891	0.180429218432	0.150518581747	0.157577780774	0.14449426191	0.139530710311	0.129395156854	0.129181427213	0.134471615302	0.124117838824	0.149590996387	0.129546738559	0.117707256092	0.108393361521	0.122475818339
234447334-tonguedorsum2.snv.bam	0.131927095075	0.126582566211	0.13910656401	0.139671512056	0.12698371921	0.11890126656	0.114554245473	0.161604975552	0.12766201957	0.132624522801	0.124901054683	0.124787148793	0.128304249161	0.128351624452	0.0	0.12564330206	0.130602917271	0.110406857888	0.116522949256	0.117182800483	0.106951421395	0.167868940494	0.157484903413	0.121243900389	0.115852810479	0.111156929438	0.126482635172	0.11134400945	0.12643692629	0.110401640746	0.119160967692	0.102048928745	0.0912940281364	0.113674894187	0.112735013536
508703490-tonguedorsum1.snv.bam	0.132183700117	0.122580225397	0.151491801364	0.166213159102	0.134479225974	0.137496394669	0.126108657382	0.134992401112	0.14346574446	0.150843644538	0.130052462555	0.147601963323	0.12793948605	0.133501972712	0.12564330206	0.0	0.061897878575	0.119271071466	0.121376318677	0.121251057583	0.106687505744	0.169736151173	0.181345627185	0.161955692841	0.1320839272	0.125456390357	0.122023741671	0.136765945037	0.112381431081	0.122168574904	0.137239550189	0.129190970339	0.120388412505	0.120345487433	0.123894836952
508703490-tonguedorsum2.snv.bam	0.150505143953	0.108519736566	0.140412978595	0.174877183335	0.140870694638	0.138486504459	0.129872116917	0.14146782148	0.149485799294	0.156370070554	0.138671780834	0.144069266184	0.135005426551	0.137110391595	0.130602917271	0.061897878575	0.0	0.1144496519	0.118712557682	0.114711934025	0.11195318827	0.170905042447	0.185483196294	0.167686828614	0.12581192073	0.121228826481	0.125722340364	0.137672217297	0.122048132846	0.132272992733	0.142359603401	0.131175917871	0.129631063511	0.127029443546	0.12649287069
550534656-tonguedorsum1.snv.bam	0.142754950867	0.123002375104	0.133016297219	0.151425725853	0.126912092407	0.112099587498	0.105932272114	0.154002042525	0.128200234274	0.13973939799	0.119431373892	0.112390408674	0.110994138364	0.123293312658	0.110406857888	0.119271071466	0.1144496519	0.0	0.0410695928171	0.049312460985	0.102810033522	0.1342704867	0.165844476312	0.140259825304	0.0987276668655	0.0944937299932	0.11102369742	0.116938572478	0.102482771973	0.105433585367	0.124472481038	0.107383236401	0.101510634756	0.121235706801	0.113959160017
550534656-tonguedorsum2.snv.bam	0.146125817288	0.122629001377	0.140520696399	0.150894858044	0.133418830659	0.118450010104	0.113779529822	0.158886640521	0.121729619351	0.145621356519	0.129472804268	0.121482642899	0.117080263736	0.129963251401	0.116522949256	0.121376318677	0.118712557682	0.0410695928171	0.0	0.0479382174469	0.107993432907	0.139174034655	0.173773520335	0.145501385987	0.0992659246898	0.100969880961	0.109779567029	0.118926223456	0.106973761328	0.110507681319	0.131194294909	0.112073786392	0.107807429552	0.125676130427	0.121076097013
550534656-tonguedorsum3.snv.bam	0.146734241273	0.120855078572	0.140257688696	0.152139434112	0.131257311709	0.112414638475	0.110596450391	0.155114759288	0.134903950602	0.136423497164	0.130132493666	0.123035769125	0.105486873235	0.118484363967	0.117182800483	0.121251057583	0.114711934025	0.049312460985	0.0479382174469	0.0	0.108194151253	0.132308057622	0.171970381835	0.148524608085	0.100420353947	0.10099309621	0.104101174781	0.121267510002	0.112285301054	0.115010281162	0.130974364687	0.110922216557	0.117301027362	0.126525720981	0.119540116693
604812005-tonguedorsum3.snv.bam	0.137340870359	0.101289422277	0.131399394848	0.145970298866	0.109524985602	0.115081723648	0.103539309704	0.14909950025	0.12571699279	0.119366352387	0.116637226158	0.121355139783	0.117565953664	0.123675353891	0.106951421395	0.106687505744	0.11195318827	0.102810033522	0.107993432907	0.108194151253	0.0	0.152047643002	0.169803301736	0.142513430461	0.120972666194	0.115194944188	0.115250581334	0.105669876619	0.111577013783	0.103974522508	0.114065378155	0.105770710434	0.102401252401	0.101014235287	0.104153775462
763395383-anteriornares3.snv.bam	0.187359302912	0.176382159627	0.172199185286	0.154976773472	0.177093983878	0.173087843909	0.144691396018	0.171039716755	0.17514643457	0.182385504716	0.166284958357	0.116548494887	0.17181861486	0.180429218432	0.167868940494	0.169736151173	0.170905042447	0.1342704867	0.139174034655	0.132308057622	0.152047643002	0.0	0.159087138512	0.135326095881	0.15238710931	0.151494799364	0.135302674706	0.169564183767	0.156710798559	0.142214608722	0.155683195824	0.149031500703	0.156080623088	0.173738715027	0.155634402128
763395383-tonguedorsum3.snv.bam	0.174103604434	0.191789055366	0.150572686337	0.149596812765	0.160159437777	0.163851713777	0.157946363519	0.18946246779	0.179790386827	0.178549543267	0.152131289009	0.153191853784	0.15963429994	0.150518581747	0.157484903413	0.181345627185	0.185483196294	0.165844476312	0.173773520335	0.171970381835	0.169803301736	0.159087138512	0.0	0.159500384721	0.173740014551	0.172740586292	0.156774184208	0.146083467332	0.172790199057	0.158911008275	0.157694785579	0.138918913789	0.161061458312	0.155176943065	0.146154522364
763901136-tonguedorsum2.snv.bam	0.169154942088	0.160397256324	0.169912588848	0.137134951015	0.162422726337	0.154882701631	0.109026735291	0.187031742535	0.159814595943	0.174530574775	0.14600729291	0.121976827897	0.157835156263	0.157577780774	0.121243900389	0.161955692841	0.167686828614	0.140259825304	0.145501385987	0.148524608085	0.142513430461	0.135326095881	0.159500384721	0.0	0.149422503661	0.150117004952	0.14266759419	0.127063977608	0.148590038243	0.130417350317	0.150881954376	0.14165748852	0.126885535008	0.151988276372	0.143509171075
763961826-tonguedorsum1.snv.bam	0.140529831968	0.139055547226	0.135630273241	0.161671571854	0.143973237377	0.127320014569	0.115026261809	0.155890326781	0.132297623607	0.146053583047	0.126613707852	0.116096051704	0.145960549754	0.14449426191	0.115852810479	0.1320839272	0.12581192073	0.0987276668655	0.0992659246898	0.100420353947	0.120972666194	0.15238710931	0.173740014551	0.149422503661	0.0	0.0286783461564	0.114323833219	0.121088064875	0.118208441967	0.114827548375	0.136509462896	0.123994304921	0.125426471098	0.135704718472	0.12639041447
763961826-tonguedorsum2.snv.bam	0.134136704924	0.130580121199	0.138943778205	0.16082917089	0.133952562012	0.121284851257	0.113378194643	0.153916545083	0.127859206648	0.140373314134	0.118576139085	0.115314712953	0.143728799268	0.139530710311	0.111156929438	0.125456390357	0.121228826481	0.0944937299932	0.100969880961	0.10099309621	0.115194944188	0.151494799364	0.172740586292	0.150117004952	0.0286783461564	0.0	0.113125720867	0.114166181662	0.116090150123	0.109553678419	0.132245756309	0.120014317564	0.12348603736	0.129852918538	0.117416003612
763982056-tonguedorsum3.snv.bam	0.15527855684	0.141156955134	0.148874078453	0.134600259811	0.12496818998	0.128423177527	0.118322351916	0.149222679087	0.144359282042	0.151995554373	0.130645349472	0.119121988426	0.121165939739	0.129395156854	0.126482635172	0.122023741671	0.125722340364	0.11102369742	0.109779567029	0.104101174781	0.115250581334	0.135302674706	0.156774184208	0.14266759419	0.114323833219	0.113125720867	0.0	0.126220401895	0.119877835808	0.101706694081	0.142008352361	0.125209878643	0.125069022774	0.123122838069	0.131747224858
764143897-tonguedorsum1.snv.bam	0.124098194063	0.13221180778	0.119557045668	0.145270432081	0.127768978284	0.117147177898	0.0979855738843	0.161931476384	0.142666571575	0.138135943968	0.125339258742	0.104151238211	0.125769564216	0.129181427213	0.11134400945	0.136765945037	0.137672217297	0.116938572478	0.118926223456	0.121267510002	0.105669876619	0.169564183767	0.146083467332	0.127063977608	0.121088064875	0.114166181662	0.126220401895	0.0	0.12309433307	0.107372803743	0.113391545008	0.112340352205	0.118098610471	0.10573371824	0.104197380059
764285508-tonguedorsum2.snv.bam	0.149711405115	0.135713839914	0.136425122742	0.1627285705	0.132416746225	0.129888615044	0.113570093335	0.143643882062	0.14416574696	0.14137700832	0.133371027434	0.122990456594	0.126035695175	0.134471615302	0.12643692629	0.112381431081	0.122048132846	0.102482771973	0.106973761328	0.112285301054	0.111577013783	0.156710798559	0.172790199057	0.148590038243	0.118208441967	0.116090150123	0.119877835808	0.12309433307	0.0	0.106020324565	0.122302944268	0.1198324764	0.120700637688	0.129854677761	0.124916192651
764325968-tonguedorsum1.snv.bam	0.127033399223	0.128155267987	0.12982180719	0.143210804585	0.114858534853	0.108313065797	0.112934271578	0.139371440656	0.125079941951	0.133054579018	0.110763688083	0.109974476597	0.117361008534	0.124117838824	0.110401640746	0.122168574904	0.132272992733	0.105433585367	0.110507681319	0.115010281162	0.103974522508	0.142214608722	0.158911008275	0.130417350317	0.114827548375	0.109553678419	0.101706694081	0.107372803743	0.106020324565	0.0	0.120580430071	0.109754282359	0.100472354056	0.111881345915	0.102443760111
764447348-tonguedorsum1.snv.bam	0.149403284405	0.137240052363	0.146718305736	0.154873150025	0.122970168763	0.135526755111	0.127104604083	0.173610473789	0.142007434781	0.14441812141	0.124694325144	0.117252858467	0.140486669733	0.149590996387	0.119160967692	0.137239550189	0.142359603401	0.124472481038	0.131194294909	0.130974364687	0.114065378155	0.155683195824	0.157694785579	0.150881954376	0.136509462896	0.132245756309	0.142008352361	0.113391545008	0.122302944268	0.120580430071	0.0	0.0683411588112	0.126624415828	0.125622306178	0.11887135895
764447348-tonguedorsum2.snv.bam	0.133167057925	0.130898011954	0.127635955504	0.148900442692	0.113218237779	0.120628529621	0.116603891423	0.166640562092	0.12388614753	0.132605510658	0.11908524451	0.120954004291	0.12874417035	0.129546738559	0.102048928745	0.129190970339	0.131175917871	0.107383236401	0.112073786392	0.110922216557	0.105770710434	0.149031500703	0.138918913789	0.14165748852	0.123994304921	0.120014317564	0.125209878643	0.112340352205	0.1198324764	0.109754282359	0.0683411588112	0.0	0.114926494411	0.115344167067	0.111258508137
765155402-tonguedorsum3.snv.bam	0.129499558642	0.119014150339	0.143637431159	0.13768503187	0.123361211993	0.117463530014	0.115921432482	0.159403716574	0.127245952909	0.131760510476	0.120087208807	0.123639355671	0.111614103802	0.117707256092	0.0912940281364	0.120388412505	0.129631063511	0.101510634756	0.107807429552	0.117301027362	0.102401252401	0.156080623088	0.161061458312	0.126885535008	0.125426471098	0.12348603736	0.125069022774	0.118098610471	0.120700637688	0.100472354056	0.126624415828	0.114926494411	0.0	0.104576468395	0.11822936239
765216093-tonguedorsum3.snv.bam	0.152052546072	0.121206033582	0.135063847774	0.134630682148	0.113129324246	0.110365037904	0.119084752037	0.163433150108	0.132160787755	0.123456701509	0.121335487533	0.138278245649	0.108220291761	0.108393361521	0.113674894187	0.120345487433	0.127029443546	0.121235706801	0.125676130427	0.126525720981	0.101014235287	0.173738715027	0.155176943065	0.151988276372	0.135704718472	0.129852918538	0.123122838069	0.10573371824	0.129854677761	0.111881345915	0.125622306178	0.115344167067	0.104576468395	0.0	0.114006913448
823052294-tonguedorsum3.snv.bam	0.139489577286	0.13521157965	0.112234841526	0.146743563751	0.120775036538	0.113015368783	0.106391995724	0.145033998972	0.133124162528	0.104338247009	0.113053856012	0.118563665451	0.119356105575	0.122475818339	0.112735013536	0.123894836952	0.12649287069	0.113959160017	0.121076097013	0.119540116693	0.104153775462	0.155634402128	0.146154522364	0.143509171075	0.12639041447	0.117416003612	0.131747224858	0.104197380059	0.124916192651	0.102443760111	0.11887135895	0.111258508137	0.11822936239	0.114006913448	0.0
