	147406386-subgingivalplaque2.snv.bam	147406386-supragingivalplaque3.snv.bam	158114885-supragingivalplaque2.snv.bam	158256496-supragingivalplaque2.snv.bam	158337416-supragingivalplaque1.snv.bam	158337416-supragingivalplaque2.snv.bam	158479027-supragingivalplaque2.snv.bam	158499257-supragingivalplaque1.snv.bam	158499257-supragingivalplaque2.snv.bam	158944319-supragingivalplaque2.snv.bam	158944319-supragingivalplaque3.snv.bam	159005010-supragingivalplaque2.snv.bam	159207311-supragingivalplaque2.snv.bam	159207311-supragingivalplaque3.snv.bam	159247771-supragingivalplaque2.snv.bam	159268001-supragingivalplaque1.snv.bam	159268001-supragingivalplaque2.snv.bam	159268001-supragingivalplaque3.snv.bam	159369152-supragingivalplaque1.snv.bam	159369152-supragingivalplaque2.snv.bam	159551223-supragingivalplaque1.snv.bam	159571453-supragingivalplaque1.snv.bam	159571453-supragingivalplaque2.snv.bam	159591683-supragingivalplaque1.snv.bam	159611913-supragingivalplaque2.snv.bam	159713063-supragingivalplaque2.snv.bam	159814214-stool2.snv.bam	159814214-supragingivalplaque1.snv.bam	160178356-supragingivalplaque1.snv.bam	160178356-supragingivalplaque3.snv.bam	160259276-supragingivalplaque1.snv.bam	160319967-supragingivalplaque1.snv.bam	160319967-supragingivalplaque3.snv.bam	160380657-supragingivalplaque1.snv.bam	160380657-supragingivalplaque2.snv.bam	160421117-supragingivalplaque1.snv.bam	160502038-supragingivalplaque3.snv.bam	160542498-supragingivalplaque1.snv.bam	160582958-supragingivalplaque1.snv.bam	160582958-supragingivalplaque2.snv.bam	160582958-supragingivalplaque3.snv.bam	160704339-supragingivalplaque1.snv.bam	178713055-supragingivalplaque2.snv.bam	246515023-supragingivalplaque2.snv.bam	275382046-supragingivalplaque2.snv.bam	338793263-supragingivalplaque2.snv.bam	404239096-supragingivalplaque2.snv.bam	508703490-supragingivalplaque1.snv.bam	508703490-supragingivalplaque2.snv.bam	517810313-supragingivalplaque2.snv.bam	533247696-supragingivalplaque1.snv.bam	550534656-supragingivalplaque3.snv.bam	604812005-supragingivalplaque1.snv.bam	604812005-supragingivalplaque2.snv.bam	604812005-supragingivalplaque3.snv.bam	663835652-supragingivalplaque3.snv.bam	675950834-supragingivalplaque3.snv.bam	686765762-supragingivalplaque3.snv.bam	737052003-supragingivalplaque1.snv.bam	763395383-supragingivalplaque3.snv.bam	763496533-buccalmucosa2.snv.bam	763496533-subgingivalplaque1.snv.bam	763496533-supragingivalplaque1.snv.bam	763496533-supragingivalplaque2.snv.bam	763577454-attachedkeratinizedgingiva2.snv.bam	763719065-subgingivalplaque3.snv.bam	763719065-supragingivalplaque3.snv.bam	763759525-supragingivalplaque2.snv.bam	763820215-buccalmucosa2.snv.bam	763901136-supragingivalplaque1.snv.bam	763901136-supragingivalplaque2.snv.bam	763901136-supragingivalplaque3.snv.bam	763961826-subgingivalplaque1.snv.bam	763961826-supragingivalplaque1.snv.bam	763961826-supragingivalplaque2.snv.bam	763982056-supragingivalplaque1.snv.bam	763982056-supragingivalplaque2.snv.bam	764083206-supragingivalplaque1.snv.bam	764143897-buccalmucosa2.snv.bam	764143897-supragingivalplaque1.snv.bam	764143897-supragingivalplaque2.snv.bam	764285508-supragingivalplaque1.snv.bam	764285508-supragingivalplaque2.snv.bam	764305738-supragingivalplaque1.snv.bam	764305738-supragingivalplaque2.snv.bam	764366428-subgingivalplaque2.snv.bam	764366428-supragingivalplaque2.snv.bam	764366428-supragingivalplaque3.snv.bam	764508039-buccalmucosa1.snv.bam	764508039-supragingivalplaque1.snv.bam	764508039-supragingivalplaque3.snv.bam	764588959-supragingivalplaque2.snv.bam	764649650-supragingivalplaque1.snv.bam	764811490-supragingivalplaque1.snv.bam	764872181-supragingivalplaque1.snv.bam	765013792-buccalmucosa2.snv.bam	765013792-supragingivalplaque1.snv.bam	765013792-supragingivalplaque3.snv.bam	765034022-supragingivalplaque1.snv.bam	765094712-supragingivalplaque1.snv.bam	765094712-supragingivalplaque2.snv.bam	765094712-supragingivalplaque3.snv.bam	765155402-keratinizedgingiva3.snv.bam	765155402-supragingivalplaque3.snv.bam	765195863-supragingivalplaque3.snv.bam	765377934-buccalmucosa3.snv.bam	765620695-supragingivalplaque1.snv.bam	809635352-supragingivalplaque1.snv.bam	823052294-buccalmucosa3.snv.bam	823052294-supragingivalplaque2.snv.bam	823052294-supragingivalplaque3.snv.bam	861967750-supragingivalplaque2.snv.bam	ED19A.snv.bam
147406386-subgingivalplaque2.snv.bam	0.0	0.0785186967563	0.14414246946	0.14642690517	0.148476809738	0.150559441419	0.144656550785	0.144427312632	0.152258890431	0.150993804151	0.152048080489	0.139717460547	0.170031695548	0.166825361008	0.180743660386	0.136051371874	0.136638168569	0.146987643415	0.14336658968	0.158135818515	0.169390921756	0.139681088163	0.138134438635	0.148300786703	0.158806535383	0.127763646134	0.150339841274	0.149515691746	0.14472327081	0.143241399279	0.154110236348	0.164800552432	0.137774383624	0.158336538716	0.147275124032	0.147572615484	0.130192350853	0.151943769202	0.160967212203	0.164937408123	0.201075497897	0.157659519012	0.159157700641	0.150166728678	0.160600684179	0.121146757228	0.146187288535	0.141631620083	0.125266214316	0.149258656734	0.157233820096	0.145677728136	0.13654771358	0.138245533747	0.156243346825	0.14367479924	0.146695156968	0.140397247486	0.13572219498	0.163125150978	0.128330747248	0.134188583729	0.12894759622	0.127393447984	0.128927677619	0.139764265663	0.136454977671	0.14204722101	0.127265268814	0.137187343443	0.138775615316	0.136751720592	0.138684453392	0.138463320678	0.133879784669	0.158872449298	0.148110651413	0.132604327632	0.144513480626	0.146238181348	0.142614980623	0.181762596058	0.165540733112	0.148152125945	0.165831417668	0.156203007701	0.152060707676	0.152762886	0.128446814698	0.180844819793	0.176643395705	0.138973606183	0.191958702543	0.12007375027	0.157194889808	0.155324184564	0.114564225254	0.137034871737	0.14122604744	0.151902449964	0.145207303097	0.14411900282	0.113132601944	0.113452173665	0.140865276872	0.147194573347	0.149183013197	0.133242839005	0.120246700701	0.122084977995	0.118045505685	0.153431266502	0.131844065555
147406386-supragingivalplaque3.snv.bam	0.0785186967563	0.0	0.117222853764	0.114760162886	0.126902757509	0.131324393569	0.124961841141	0.117062352207	0.124435068304	0.116029568371	0.114294189072	0.115583981374	0.131947325231	0.122876062077	0.167959840975	0.105086464169	0.109379353656	0.120336001897	0.124730878014	0.134377968718	0.133019806583	0.0990190633294	0.0914847441755	0.103114795391	0.115352921951	0.0944606163591	0.137734425118	0.115551902363	0.114128806579	0.104421572759	0.114391246877	0.136627851017	0.112472265417	0.134010049923	0.123254292197	0.123669133209	0.103074699069	0.12002010744	0.125751685322	0.135053260242	0.179909845941	0.130063550773	0.135764550141	0.110339380768	0.135701148513	0.106787480494	0.110541553263	0.117414657845	0.0960929109241	0.114540613113	0.117413019801	0.113914632484	0.102955742965	0.114485117274	0.124584460112	0.126493623925	0.128103147702	0.118751170077	0.108625831395	0.139089807931	0.0945824055335	0.100183208233	0.09975493622	0.0951651531615	0.0918395891849	0.103032473888	0.100093118109	0.103368609904	0.110484183154	0.104176686899	0.108152374831	0.105269926997	0.108370880953	0.102983744914	0.108946894475	0.117246463313	0.110443962572	0.115931471008	0.118690093765	0.126766302152	0.118813583754	0.153581884638	0.150463822032	0.113742210844	0.131885717688	0.115976074673	0.11550996016	0.115703453911	0.10163858442	0.147465153493	0.145748870018	0.104023110318	0.153947466925	0.104051469797	0.12578776071	0.123701337544	0.084058761581	0.101633218221	0.11459204462	0.112397418867	0.105316305281	0.105157940294	0.115438183201	0.0898572653486	0.105906919681	0.119570393273	0.116354776187	0.10705620249	0.0827032472254	0.096984076169	0.0865189498947	0.120835521972	0.104960462459
158114885-supragingivalplaque2.snv.bam	0.14414246946	0.117222853764	0.0	0.132135518945	0.0978104296557	0.106158022742	0.127495437254	0.124003360693	0.135041004522	0.135702818368	0.118046324421	0.112539222017	0.105272236244	0.127353962311	0.174742791268	0.0959304311305	0.104644975659	0.101710393193	0.128593902404	0.144375360878	0.134648964608	0.108847273852	0.107763668269	0.122721072049	0.140712245996	0.112257203794	0.135707902362	0.101112164236	0.108488296994	0.113560865432	0.134991325156	0.149777958101	0.133056717829	0.146446078616	0.116710455053	0.125203600292	0.128323970607	0.141947200892	0.127175650637	0.146868506086	0.20406134773	0.145133315247	0.144897481085	0.105000707837	0.15483711512	0.119501430077	0.120331858053	0.127432662209	0.105631261617	0.129006121237	0.128649809768	0.135022806201	0.106398678805	0.110655469458	0.12290069259	0.125211044796	0.13380465335	0.12682779541	0.108943105518	0.131619740826	0.101298098861	0.115783904506	0.11799807164	0.103011032608	0.0950326381254	0.108570750981	0.109748782718	0.110375931701	0.135952595786	0.0993311791194	0.104866237828	0.104569271521	0.124041647484	0.115459447971	0.13498842932	0.118033852792	0.115440552931	0.133189495472	0.130346105355	0.143006109053	0.127636189875	0.157970945081	0.140511238183	0.112408694955	0.116837003314	0.113608711609	0.117775698163	0.117211704136	0.1136705144	0.155165209166	0.163212001486	0.124387934725	0.175674310596	0.107179931552	0.134801505779	0.139517359987	0.130469023938	0.13342864871	0.123788247319	0.120581248879	0.112316105105	0.117593233953	0.143122142356	0.123663087415	0.12476699135	0.136666369288	0.129986172378	0.0957591970496	0.103459375832	0.0964802362328	0.0958209355331	0.116186658414	0.120249939112
158256496-supragingivalplaque2.snv.bam	0.14642690517	0.114760162886	0.132135518945	0.0	0.122666629857	0.123047366842	0.133214130773	0.104158047776	0.117391396461	0.11774361029	0.122006922147	0.0980170658693	0.132568905954	0.134988354949	0.172113411359	0.122158363631	0.12554991647	0.13484026662	0.115887596728	0.120926178875	0.121387353905	0.0964745216697	0.0887883333886	0.102457469205	0.108194510414	0.0955914151785	0.142890607451	0.105080366839	0.105617618004	0.112257315763	0.116584086947	0.127853625039	0.117203683332	0.116956621963	0.112048552541	0.119243676091	0.12573497004	0.114476681982	0.118201708944	0.129496309365	0.172133091028	0.0969679189996	0.104446479963	0.099188311203	0.12802769071	0.10335840365	0.116187348253	0.120192088175	0.106819593231	0.114246678388	0.124696075226	0.102187824273	0.104348042942	0.117524542221	0.122887029333	0.0956538861109	0.100665468469	0.117797270168	0.0906012330693	0.131754390866	0.0947094574668	0.106736365823	0.105586452033	0.0991910020563	0.112842531843	0.124941011793	0.110895117763	0.121079010729	0.117880609585	0.12384707049	0.120681760461	0.125971596785	0.0935479100726	0.0910129579314	0.123657891748	0.120842921617	0.107855514826	0.105669372929	0.136200050346	0.147123989158	0.133355834274	0.128355632414	0.126253308263	0.128597723141	0.142710590839	0.11363820384	0.11683401092	0.11183634953	0.10330978464	0.127061606484	0.124024350006	0.10562001697	0.141966219699	0.111237305655	0.128145756315	0.123903043479	0.11197694532	0.112205408866	0.12778883937	0.112926086667	0.104782192919	0.106142292388	0.141642871977	0.113515784974	0.0958605253226	0.137858458784	0.0974150821321	0.1049415019	0.0944106100556	0.0917871641019	0.0891013733815	0.115819880177	0.108191719716
158337416-supragingivalplaque1.snv.bam	0.148476809738	0.126902757509	0.0978104296557	0.122666629857	0.0	0.0342617103355	0.119947318427	0.104962874495	0.11773746391	0.139093029018	0.13616240872	0.110375804057	0.0997934443093	0.130684954736	0.153312256642	0.0971332007427	0.102090501345	0.0953459119125	0.133255729419	0.135570968974	0.143279681611	0.100728735845	0.0985730087226	0.139716628221	0.146641199545	0.0953546865763	0.123882811678	0.109473447576	0.112594431788	0.118199399485	0.137096729188	0.145324277329	0.130380089579	0.14932861202	0.139455785775	0.127353132411	0.130510936931	0.13096600949	0.154879601741	0.170233706476	0.185449012864	0.143200128882	0.134412155258	0.100196967578	0.151281581116	0.120316352326	0.122257265269	0.123933002727	0.108017191186	0.116951462966	0.129891683743	0.13152086473	0.106515979662	0.113845576263	0.128461905847	0.118349005331	0.122785823841	0.139864794051	0.115750057615	0.13457399809	0.0982880377793	0.1203226259	0.106753466716	0.0993905555885	0.091342109707	0.110645661249	0.107325193046	0.101778819497	0.13351752345	0.0976019998486	0.102721804538	0.0977825082988	0.112980490502	0.111775024531	0.134257051874	0.119357584608	0.112246086685	0.124626105675	0.128654218548	0.13580683126	0.126604043446	0.159372421031	0.155547322334	0.12241893439	0.133289353114	0.109474186487	0.111604623785	0.11157140516	0.114327208638	0.136390559904	0.144005479709	0.109203162661	0.163369835534	0.107807037932	0.13646035467	0.125814378382	0.136097388923	0.124548325594	0.140873071873	0.119578932316	0.102259516889	0.108465215977	0.151747187336	0.128735229597	0.121966557235	0.136651757744	0.139762985363	0.098971953971	0.109344663365	0.106634184076	0.106889108025	0.0969091473838	0.11698819969
158337416-supragingivalplaque2.snv.bam	0.150559441419	0.131324393569	0.106158022742	0.123047366842	0.0342617103355	0.0	0.132280752536	0.111698353011	0.127079272328	0.138121213417	0.132404901237	0.107076697618	0.101380686835	0.12945252725	0.162984826558	0.108158144193	0.114214719323	0.10926235776	0.134521295158	0.142439995445	0.14909515413	0.107130405163	0.100477156621	0.136184257161	0.142499624289	0.0956591302808	0.138882801761	0.111166405547	0.11490047789	0.126467447664	0.13520343817	0.144437476071	0.130494662238	0.155010899759	0.142721264587	0.134930268065	0.135441425121	0.129751224439	0.154938407551	0.170688065751	0.181771773396	0.138839180638	0.141696532891	0.10654962221	0.149379202249	0.119338214588	0.132872528974	0.131976425169	0.117605641531	0.118458855716	0.141169287354	0.128116015447	0.114830865731	0.125175058202	0.139551322205	0.12880749497	0.123227333193	0.140117627765	0.116940225457	0.132158140898	0.105003023084	0.124057901313	0.115782137389	0.106483192712	0.102009925827	0.116811557605	0.114352063833	0.106712611484	0.139891576659	0.107919801238	0.110647637031	0.109195360403	0.109307018717	0.110998866744	0.136161959053	0.126900721118	0.121637160118	0.134566526433	0.137454879837	0.145223030278	0.136271740791	0.161635147467	0.160594704432	0.121830979237	0.137163490405	0.114642338031	0.121072041636	0.115205167135	0.115810563052	0.146419696512	0.152696097451	0.111843125365	0.170217767241	0.112743087752	0.134456081127	0.127152951003	0.13503591756	0.128480996658	0.140948954523	0.11919242951	0.104451312065	0.107904052612	0.151191610577	0.129487312333	0.121758929552	0.138294346152	0.139208436515	0.105593812481	0.113578174068	0.110310636674	0.110702271891	0.0993155400057	0.124169996528
158479027-supragingivalplaque2.snv.bam	0.144656550785	0.124961841141	0.127495437254	0.133214130773	0.119947318427	0.132280752536	0.0	0.0968057225313	0.0910988425483	0.143103003859	0.140460742251	0.098270892266	0.139755442034	0.157893138386	0.167717475651	0.106104567752	0.103588162822	0.101215732272	0.125217460113	0.129162747949	0.134933752626	0.113762684353	0.112332971597	0.128728078546	0.158829467115	0.118173960638	0.0792910764229	0.133728688442	0.113786126304	0.0754728642096	0.111354711403	0.114246942487	0.103786889344	0.142213426039	0.1225772201	0.128454561732	0.104688722431	0.106453632452	0.140355806794	0.159363095092	0.142548687112	0.162361379926	0.126949827461	0.0988717463054	0.106052840999	0.131716577628	0.104876943373	0.110648838043	0.0910691133384	0.109926890965	0.11139574137	0.12965481407	0.0915126971269	0.0853091042149	0.100563049334	0.0925277569027	0.118906295621	0.107647353258	0.109412730608	0.14490226643	0.0897480536506	0.0907068193982	0.0812931113356	0.0870735562782	0.0868579079312	0.0892312762761	0.0877368919595	0.110425926622	0.115486216859	0.0976200971409	0.0981890409213	0.0912866374111	0.138175397066	0.13109376082	0.134221473711	0.118310855642	0.0975191910446	0.111483735561	0.108829024884	0.114054425647	0.104491323985	0.158153127915	0.139213213903	0.136370019215	0.138935795531	0.110854931464	0.0998139065407	0.101036841769	0.107208815138	0.123838374565	0.118287260071	0.114525354826	0.158155585783	0.0999012147384	0.103829828787	0.126266834374	0.136512831789	0.121317545734	0.130887226386	0.134903529367	0.114574036857	0.122596725642	0.155705697477	0.137078215813	0.114713460959	0.120065216072	0.121962346317	0.0971120912416	0.1084403857	0.108634768291	0.104062349971	0.120885831067	0.0991602393583
158499257-supragingivalplaque1.snv.bam	0.144427312632	0.117062352207	0.124003360693	0.104158047776	0.104962874495	0.111698353011	0.0968057225313	0.0	0.0395502103991	0.128543487426	0.126359314039	0.0956702026131	0.134492505369	0.141104048451	0.152010780944	0.103044509635	0.109621654083	0.11371760093	0.119538540358	0.12532158423	0.0958308706212	0.0867053602211	0.0811604835013	0.111703642919	0.124908679519	0.0932590038585	0.110540897794	0.127617652851	0.107231342438	0.0931473461826	0.11351722773	0.115224811525	0.102179833493	0.12529523275	0.12028613216	0.120462041098	0.104486858959	0.100704679002	0.120986864384	0.136046818258	0.167435872939	0.131184952934	0.108435227292	0.078464220599	0.118179395519	0.119160392369	0.103903180588	0.0910509858895	0.0736430875202	0.101637412426	0.108135104498	0.107175272647	0.0868052313423	0.088928858031	0.101931401495	0.0984045207922	0.117390965774	0.113217428109	0.0938307810974	0.122921112618	0.0816044350991	0.0903693671008	0.0874117786814	0.0794624448421	0.0931894334857	0.115746865392	0.0974296741611	0.0973707176401	0.121276453554	0.0963699676047	0.0968631381885	0.097905281007	0.109931519348	0.106783366142	0.124462341262	0.109440703248	0.0974512551291	0.115980181892	0.105389073476	0.115494996291	0.103146594816	0.150615706393	0.125433695426	0.123537213432	0.137531221069	0.0957553503638	0.093727891483	0.0935711856507	0.0932672259912	0.11457550329	0.110063687852	0.0979048672608	0.155357108453	0.101903757564	0.117113718104	0.120384147913	0.11760740977	0.106222860899	0.117464984764	0.109367624328	0.0941079775781	0.0972417417949	0.142673450054	0.115013195716	0.0989292332225	0.125492337978	0.112738527166	0.0918320544632	0.0881470387742	0.0872387101	0.0854100367219	0.104653946524	0.106500239116
158499257-supragingivalplaque2.snv.bam	0.152258890431	0.124435068304	0.135041004522	0.117391396461	0.11773746391	0.127079272328	0.0910988425483	0.0395502103991	0.0	0.138947179218	0.135231705413	0.105596048653	0.14458193343	0.151539992519	0.147331977488	0.105964650851	0.111626837473	0.111462179533	0.130383331114	0.138084201459	0.0979445287879	0.0988294322375	0.0925199669483	0.113849341522	0.14522224636	0.109607165431	0.102388425703	0.143434619583	0.123792470238	0.0998634820112	0.110947821347	0.118079505802	0.107511798893	0.131735991075	0.127074595182	0.129417668395	0.108513020384	0.102880615722	0.12807277638	0.14234057427	0.15634437762	0.146574173539	0.104402030879	0.0824730501803	0.117549227055	0.132436338463	0.108777202604	0.0936989830622	0.0794478270329	0.104033589233	0.106900001666	0.116284151039	0.0875456397759	0.0853973713979	0.0968645243801	0.100033702987	0.126948689917	0.11962442513	0.106734967925	0.131161280783	0.0899297691921	0.0904537247735	0.0824975149931	0.0851992461145	0.0958261480615	0.119213754653	0.0997687346405	0.10035409143	0.126700444636	0.103114830276	0.105186161366	0.100218386445	0.126987114569	0.120170856313	0.131216376574	0.116525289185	0.106318606668	0.124339722867	0.103248756411	0.112890415187	0.100102864829	0.150107325264	0.128645708936	0.137109998988	0.142397848012	0.104815857893	0.101016612016	0.0992239760313	0.103410167	0.105311047918	0.101273238709	0.102889953478	0.155445324973	0.111513417327	0.115335938977	0.123648363749	0.122210617476	0.111117153229	0.122272095213	0.11833227417	0.0984278742843	0.10605840679	0.149982102956	0.125109354231	0.105682182645	0.129937957331	0.120963957525	0.107096053818	0.103285419564	0.102471081342	0.0996978188091	0.114687808906	0.116075159631
158944319-supragingivalplaque2.snv.bam	0.150993804151	0.116029568371	0.135702818368	0.11774361029	0.139093029018	0.138121213417	0.143103003859	0.128543487426	0.138947179218	0.0	0.0571356275481	0.112465893373	0.133391956871	0.133946564536	0.172408351529	0.141378133513	0.151903890578	0.147717054339	0.125141203786	0.124707855084	0.152859260838	0.132493662293	0.123361850658	0.108008752556	0.118782107438	0.130356047031	0.162104887359	0.130594126806	0.128467440971	0.118020805659	0.115250393215	0.15316454407	0.145851967039	0.140843640472	0.142669515662	0.144775780833	0.130006377082	0.131621527793	0.144296043305	0.146805907569	0.184258782399	0.140054313664	0.145039009995	0.127377263459	0.148586159352	0.135745430049	0.139158330916	0.140848408013	0.120861289934	0.130124994726	0.115105073626	0.131709334253	0.123442894151	0.131099458187	0.134024742639	0.144599702405	0.121435651065	0.135052131167	0.110318646011	0.120528538897	0.117916542253	0.120497598159	0.129309717947	0.121805787763	0.124105536141	0.13375044722	0.129215430374	0.120322726114	0.134001141978	0.127759907498	0.127591762109	0.127742914017	0.122772483762	0.117001225307	0.123328647525	0.113987216117	0.116759940752	0.149533748183	0.13172663148	0.142494283108	0.132374121432	0.16811704369	0.162010262675	0.126484783995	0.156256730128	0.121387541317	0.121456758219	0.117163860807	0.118885975066	0.145547866177	0.144903159037	0.140661089399	0.162414188092	0.112385596545	0.152790272841	0.146020744278	0.114746125751	0.135190251575	0.138867851917	0.115742520617	0.112572632202	0.110506335608	0.166449040083	0.137396947875	0.123925129383	0.141414250467	0.116256154471	0.126024005659	0.10590645609	0.109449526338	0.103216431468	0.130993579736	0.122696563665
158944319-supragingivalplaque3.snv.bam	0.152048080489	0.114294189072	0.118046324421	0.122006922147	0.13616240872	0.132404901237	0.140460742251	0.126359314039	0.135231705413	0.0571356275481	0.0	0.104348207157	0.127832690188	0.12563686344	0.179343162237	0.13242103858	0.142415735929	0.139041291798	0.120159980886	0.123633988871	0.143692263206	0.119544556153	0.110481918356	0.101590278733	0.124585700778	0.121443565247	0.162185567801	0.128739943744	0.124163505181	0.112353086766	0.108908645489	0.149250811301	0.138399241058	0.140591983216	0.129208821996	0.1427821122	0.126065913196	0.13024291745	0.140284155371	0.148896630868	0.191851447804	0.141902882292	0.149955573691	0.116683599947	0.147926787652	0.136151089771	0.129543684955	0.13813387534	0.118070015749	0.128493088981	0.118493649011	0.134375590041	0.118538421129	0.129372606744	0.129585878416	0.140622934184	0.133116474152	0.130982090008	0.110288228167	0.117380444935	0.11879423963	0.121615229134	0.131476107322	0.121040776569	0.113636298043	0.126285830653	0.125801630857	0.114316940894	0.131274538215	0.126748772456	0.12873600655	0.124389985848	0.125612660556	0.121189323978	0.133273537615	0.107841862165	0.111960184388	0.147348303136	0.134427627569	0.149086533388	0.136472578941	0.162943783207	0.163095835726	0.126708681139	0.137521307608	0.121595990694	0.12243973697	0.118524329531	0.117449550805	0.146330738244	0.148032435207	0.134118365302	0.160858788217	0.11043344969	0.140571682402	0.147006963199	0.112531034799	0.131480253248	0.128390820437	0.10603116978	0.10683989674	0.105793246218	0.163371020855	0.135516223993	0.120682251914	0.141572474472	0.123470369016	0.123883279203	0.108119933047	0.108147130065	0.101422532198	0.127040154315	0.12053730519
159005010-supragingivalplaque2.snv.bam	0.139717460547	0.115583981374	0.112539222017	0.0980170658693	0.110375804057	0.107076697618	0.098270892266	0.0956702026131	0.105596048653	0.112465893373	0.104348207157	0.0	0.122665236037	0.140746820645	0.174644505201	0.10756072343	0.117279288312	0.121099143388	0.109252638977	0.115776013963	0.117347151021	0.100220603162	0.0927962165384	0.107894150908	0.111811352868	0.0907407808945	0.120488774595	0.101335065089	0.103291926293	0.0981084145776	0.105979953353	0.119497970181	0.100910783147	0.128512730902	0.099868250001	0.092565430288	0.112042870706	0.110382791671	0.11177332759	0.12895630382	0.164013895804	0.113076497503	0.113873996918	0.0943363547225	0.124523221258	0.10266707277	0.108094779168	0.10989271346	0.0915029616156	0.0994158226308	0.129329178024	0.107485013162	0.101655733115	0.106723429951	0.11695700701	0.0850436728686	0.0809334834221	0.0981589377873	0.0692482759377	0.101444366374	0.0878850906801	0.0971530821599	0.0952948910894	0.0932801080545	0.0960723650416	0.0966884343379	0.0914640229744	0.100378237144	0.0933002965402	0.101920309641	0.096247851702	0.0969890707546	0.102480457183	0.0977997271377	0.1245314538	0.110564249368	0.0917398478158	0.102704154041	0.122106866661	0.133116020571	0.118398389993	0.131162282331	0.119218697152	0.129752113846	0.133210874973	0.0929622036859	0.0978422554211	0.0927771691885	0.105290337676	0.143437768637	0.136036856895	0.115880650987	0.143304965018	0.0861086317624	0.110975187497	0.115611090152	0.114281186467	0.114574343392	0.104588273069	0.111670722531	0.10657260035	0.103083718475	0.133764398697	0.110855950484	0.102337802857	0.117148340213	0.0850620572393	0.0837198255751	0.0933003083111	0.0763063531993	0.0767572676226	0.113042633429	0.101449171883
159207311-supragingivalplaque2.snv.bam	0.170031695548	0.131947325231	0.105272236244	0.132568905954	0.0997934443093	0.101380686835	0.139755442034	0.134492505369	0.14458193343	0.133391956871	0.127832690188	0.122665236037	0.0	0.0698108127477	0.160721181105	0.110264714497	0.111702417077	0.10948961071	0.137781846051	0.148769883528	0.144891806489	0.124289487293	0.114585167815	0.134103160504	0.1417347357	0.11442187719	0.160493677591	0.111417606995	0.13091001274	0.121941123488	0.142181820422	0.159934945221	0.149982257158	0.147605922561	0.139031224249	0.130776155773	0.135334410103	0.141260749046	0.148925199163	0.163943269433	0.200438018228	0.154160886954	0.145147873417	0.110680183052	0.164665153391	0.136123993543	0.139153432267	0.13312048615	0.122080529341	0.135136828904	0.143354236885	0.138160556313	0.126831432604	0.135535384719	0.152874219554	0.136026470117	0.122256588148	0.145754681343	0.113661823685	0.132905517007	0.0985432099035	0.114432618073	0.113723632641	0.105065824033	0.113954759835	0.119652411778	0.125642697311	0.111908120289	0.152081743913	0.112586236948	0.117177943735	0.11009083412	0.133762303869	0.126623286696	0.134351910107	0.11428733147	0.120134904491	0.143928692448	0.121491114183	0.132677319721	0.122128943465	0.170030931765	0.168354966078	0.103358677756	0.147207104534	0.111102599809	0.124310028322	0.115882486271	0.125262924949	0.156581483692	0.16224065916	0.130182411875	0.184305057593	0.116286166443	0.1575900698	0.136228970924	0.135271836107	0.139068180151	0.154298065866	0.118117052569	0.108520304657	0.111102972181	0.167057450128	0.146963431519	0.131347805056	0.134318154932	0.13498354671	0.1146684503	0.108351596358	0.120787301687	0.113960035946	0.114249631751	0.125958608549
159207311-supragingivalplaque3.snv.bam	0.166825361008	0.122876062077	0.127353962311	0.134988354949	0.130684954736	0.12945252725	0.157893138386	0.141104048451	0.151539992519	0.133946564536	0.12563686344	0.140746820645	0.0698108127477	0.0	0.156678206447	0.127476206486	0.128112357587	0.132538757908	0.128196997516	0.134120242048	0.138298144398	0.128720159181	0.115835021029	0.138205340583	0.13789184569	0.129949818271	0.175191986269	0.126190780105	0.140058539852	0.118380979928	0.146313080953	0.163356910591	0.149254377379	0.142099265938	0.145618151934	0.14334563651	0.146147368803	0.148312743699	0.15233936088	0.158307814094	0.213924225775	0.154130177322	0.147479792685	0.118034304515	0.169620187702	0.138085737698	0.146271411337	0.141036734447	0.127603018076	0.143746685708	0.140403557741	0.143433844103	0.131272960088	0.146388610308	0.147607826838	0.152270693784	0.146330554179	0.15196337847	0.126339136404	0.151182197665	0.119355171787	0.128913723695	0.129859829199	0.119343943047	0.121836017283	0.131480779964	0.129970306279	0.121386313687	0.15633166588	0.124325182893	0.128148981679	0.129585906757	0.142628593525	0.133075019063	0.145981361337	0.104510624124	0.120527497396	0.156074166687	0.131325727774	0.145576108355	0.131028961692	0.171485276344	0.168098540872	0.0958881245193	0.161619522955	0.118489320956	0.126787956531	0.121574379739	0.126141364678	0.149992260749	0.153813416214	0.133583825433	0.180814793356	0.121979787479	0.167977796096	0.149212729898	0.122414791042	0.136389229409	0.153151264411	0.112430705186	0.107940282932	0.110742378	0.172985861289	0.148911542376	0.13463164447	0.143665059166	0.145668711752	0.127245211021	0.113570600859	0.130975308362	0.122695247312	0.121790104908	0.13169457573
159247771-supragingivalplaque2.snv.bam	0.180743660386	0.167959840975	0.174742791268	0.172113411359	0.153312256642	0.162984826558	0.167717475651	0.152010780944	0.147331977488	0.172408351529	0.179343162237	0.174644505201	0.160721181105	0.156678206447	0.0	0.152527193436	0.152881029201	0.149886650134	0.184148948697	0.181196555065	0.159227390301	0.161946929039	0.157709219945	0.172302107787	0.169726883201	0.167539051591	0.148368259457	0.183505063062	0.175143324075	0.154094966542	0.170739559146	0.199778150648	0.190375821859	0.194160342755	0.200652596203	0.175778930124	0.156135081102	0.173471480535	0.192044151996	0.197389625365	0.213645352588	0.192524584562	0.144502960135	0.140470129538	0.184976864158	0.176840270896	0.172607426402	0.164389406507	0.154779345845	0.162393608174	0.147322365279	0.161455059318	0.142767988166	0.14337862355	0.149438368979	0.161906280825	0.169156630277	0.185917793009	0.168307359719	0.190973074215	0.152620363648	0.147305513087	0.144981522066	0.1475749916	0.146015188048	0.153266086409	0.141565478425	0.153649416337	0.177669544121	0.144213875434	0.150777417294	0.145512030597	0.170951605187	0.171204712629	0.18153301679	0.145121660525	0.162894797293	0.156882489183	0.127898521496	0.142152665367	0.131496148159	0.197560367559	0.194520212818	0.156953135699	0.18931102238	0.144738783058	0.144999309515	0.147378131778	0.164140015611	0.137797238241	0.148030016849	0.167788167927	0.19237387677	0.18377794449	0.18486751145	0.181838786321	0.164636789274	0.179390414127	0.196604475457	0.167754761696	0.159624141561	0.1565893604	0.198300963978	0.174267935209	0.165336160171	0.186274666385	0.172060915465	0.159435158405	0.165497996096	0.166517577455	0.164336605936	0.171121594895	0.178211809541
159268001-supragingivalplaque1.snv.bam	0.136051371874	0.105086464169	0.0959304311305	0.122158363631	0.0971332007427	0.108158144193	0.106104567752	0.103044509635	0.105964650851	0.141378133513	0.13242103858	0.10756072343	0.110264714497	0.127476206486	0.152527193436	0.0	0.0304977399612	0.055663406186	0.129128890372	0.137456505219	0.125828187349	0.0941355499944	0.0883689794375	0.111550035393	0.145522741705	0.0945224601205	0.127539412461	0.110532153972	0.113902431854	0.100329673663	0.122602840662	0.128918212087	0.1160990078	0.13648220075	0.117772715545	0.121727777231	0.109307055955	0.125967560874	0.129732560873	0.151318365733	0.185850279623	0.152474027654	0.12436589408	0.086962615433	0.133842380534	0.120013709121	0.11195247314	0.115424120221	0.0991805591106	0.115421784876	0.112987705593	0.126962099773	0.0916599386937	0.0988346034256	0.110795051179	0.117689103214	0.124029650072	0.123306577623	0.103516151726	0.139794336242	0.087829109209	0.0921134234961	0.0848109891414	0.0801372687989	0.088537054687	0.103209207257	0.110375645327	0.0932204697494	0.123308315453	0.08975700841	0.0907478779367	0.086694601689	0.11983450956	0.112640193474	0.116713311307	0.106592054837	0.109638051527	0.108294908315	0.110035332275	0.123525844469	0.109918405835	0.154343103184	0.138320123595	0.124790564487	0.126443005299	0.120880227411	0.122209134771	0.116552921286	0.109822811138	0.125827533053	0.133858569665	0.102461353316	0.16701298365	0.106656758361	0.126426810652	0.115041032024	0.117089970495	0.106486651141	0.120156547749	0.114512946412	0.0979149238383	0.107573520732	0.14157087155	0.118011633278	0.116403807205	0.128485300604	0.128822882176	0.103593762359	0.0958192695591	0.093867842757	0.0932695511558	0.102604641772	0.107013123085
159268001-supragingivalplaque2.snv.bam	0.136638168569	0.109379353656	0.104644975659	0.12554991647	0.102090501345	0.114214719323	0.103588162822	0.109621654083	0.111626837473	0.151903890578	0.142415735929	0.117279288312	0.111702417077	0.128112357587	0.152881029201	0.0304977399612	0.0	0.049189335483	0.133998750318	0.142540009093	0.133030328645	0.103390193436	0.0983982540938	0.118013292382	0.152847864945	0.101979959041	0.126955665507	0.113823420618	0.117789205715	0.100727236201	0.125550985191	0.131125914241	0.121415250056	0.14319688421	0.123720441394	0.121381733844	0.113008691787	0.124665814063	0.134714963499	0.154722249279	0.182054259629	0.158389141774	0.128286767537	0.0910437563535	0.135117181171	0.119098352228	0.116081083092	0.121189431173	0.103990748694	0.11712741165	0.118552732844	0.1328772207	0.095522190881	0.101471228586	0.112092379731	0.124019579468	0.126790536842	0.125046261699	0.111058850056	0.147912090468	0.0883232543171	0.0942005823655	0.0852991808358	0.0831502402709	0.0951221231486	0.107694483112	0.115536423923	0.104948062618	0.121049903436	0.095565931133	0.0988866947434	0.0921720267685	0.125679644717	0.118684690853	0.1211140541	0.109304737923	0.11550567474	0.112340798056	0.115596738961	0.126624708345	0.114095395854	0.160574877998	0.145659776063	0.12781608344	0.130831646177	0.125047404961	0.126234419026	0.121275865979	0.112618207373	0.126813456925	0.134850354592	0.107669558568	0.174254188771	0.113364671501	0.125610467739	0.120043932718	0.124192583701	0.110709541313	0.124740228912	0.118835101332	0.104095555279	0.113365588653	0.142912198837	0.124681235816	0.117764872349	0.126113064531	0.138277343886	0.107387345757	0.101674262331	0.101343769221	0.0985564964747	0.105956332699	0.110385556535
159268001-supragingivalplaque3.snv.bam	0.146987643415	0.120336001897	0.101710393193	0.13484026662	0.0953459119125	0.10926235776	0.101215732272	0.11371760093	0.111462179533	0.147717054339	0.139041291798	0.121099143388	0.10948961071	0.132538757908	0.149886650134	0.055663406186	0.049189335483	0.0	0.135621055037	0.140535126729	0.126771709437	0.107709245021	0.104530830921	0.12739361719	0.166299217929	0.114651691816	0.117693118689	0.112651619287	0.126488382095	0.103202239198	0.129215534904	0.140730239515	0.130501291834	0.147426085691	0.120930000952	0.128821940271	0.115780623086	0.126131155998	0.1391265972	0.159475106589	0.179175363164	0.161538510223	0.11938679314	0.0857924298327	0.14089505352	0.130541500727	0.114704378735	0.118172742051	0.0988952190744	0.111407597269	0.113108852923	0.138126292899	0.0977208909165	0.0953824604611	0.109570242732	0.111167236421	0.133414852845	0.131101829304	0.113851104944	0.139447070914	0.095179377463	0.101473985689	0.0879362094784	0.0887866914895	0.0861207948739	0.108276696836	0.108110666642	0.0779882983047	0.133189318902	0.0933448144782	0.099792094545	0.0890444739987	0.134001241334	0.12552442599	0.124397598237	0.111066593582	0.116610639539	0.122895938152	0.109140282415	0.120638276525	0.10725675757	0.149038546539	0.13847491532	0.134039739332	0.122046168368	0.122447129776	0.119982359663	0.120940950902	0.120083069999	0.11046601114	0.119409856544	0.119802900515	0.160982291146	0.11701793775	0.121596601444	0.12423389575	0.134694451717	0.114530475593	0.12110225655	0.127749144893	0.104032596248	0.119420652179	0.153144258146	0.135951653865	0.121288244323	0.131753433037	0.144969792897	0.109478899886	0.108725870281	0.112213281936	0.109877594396	0.0997136892818	0.106735060235
159369152-supragingivalplaque1.snv.bam	0.14336658968	0.124730878014	0.128593902404	0.115887596728	0.133255729419	0.134521295158	0.125217460113	0.119538540358	0.130383331114	0.125141203786	0.120159980886	0.109252638977	0.137781846051	0.128196997516	0.184148948697	0.129128890372	0.133998750318	0.135621055037	0.0	0.0478448525345	0.130357242592	0.115272361369	0.108301874673	0.11813232685	0.137282933465	0.123352310848	0.139046276223	0.129558884579	0.121659481975	0.0974131976002	0.129188439122	0.133381143641	0.114022285823	0.120487168261	0.11616603734	0.141127834121	0.130430999356	0.123403456772	0.143563977078	0.160842149777	0.192829715086	0.138844980345	0.12976183227	0.107172374552	0.140504298104	0.108747581704	0.120072446034	0.128483434677	0.107142250246	0.126382994213	0.137495442041	0.124405325954	0.111104061091	0.12262781388	0.119221472003	0.106087387716	0.137544518937	0.12020497106	0.100097738944	0.126827267395	0.105328946739	0.117891299495	0.115761218932	0.107905829603	0.110156492124	0.120908922901	0.106592613797	0.115809087558	0.118462361363	0.116274884318	0.120150018544	0.121013790713	0.132590839182	0.123559468429	0.146094090646	0.0982446602782	0.0907543147176	0.143172102638	0.136721817756	0.147571265744	0.13619986809	0.146706218985	0.136966442369	0.105823965243	0.124660456837	0.106511100381	0.101968567174	0.102798765917	0.0898348409594	0.11829210397	0.120065103118	0.118314952375	0.156808284429	0.100596413747	0.130972992451	0.146177891685	0.118331584832	0.122501999499	0.123871930892	0.120621107297	0.116260141438	0.11473013904	0.162556709696	0.138881298785	0.107577052264	0.138693890082	0.131624759238	0.109954796871	0.101696522234	0.104250813405	0.102231151303	0.110925136073	0.105220093931
159369152-supragingivalplaque2.snv.bam	0.158135818515	0.134377968718	0.144375360878	0.120926178875	0.135570968974	0.142439995445	0.129162747949	0.12532158423	0.138084201459	0.124707855084	0.123633988871	0.115776013963	0.148769883528	0.134120242048	0.181196555065	0.137456505219	0.142540009093	0.140535126729	0.0478448525345	0.0	0.139259905422	0.121958719821	0.116110418187	0.129845477628	0.140796637166	0.128633164	0.14148987983	0.138623265586	0.130371313948	0.102297586984	0.141245982101	0.146691060315	0.128640779057	0.138624466526	0.135062126196	0.148632687014	0.143742006231	0.136091947599	0.163069770146	0.179231760427	0.206233143457	0.149870400699	0.139890326391	0.115866728269	0.155703478962	0.12673456919	0.121460572881	0.1402871087	0.119050566233	0.137922938135	0.140148886452	0.140902116778	0.119022545675	0.132215791168	0.123868789583	0.111677815944	0.145753091311	0.136811031861	0.116665646884	0.137277120932	0.117158848457	0.131627018772	0.12449133039	0.118557528641	0.114982589305	0.128454464352	0.118952309895	0.120818988543	0.120891769155	0.119676628425	0.126250575983	0.125239228076	0.147166758167	0.139288051003	0.161934528199	0.0981415354644	0.0943747130713	0.145296675029	0.146813950984	0.158385608721	0.144932308597	0.154619002251	0.152130959393	0.126288742831	0.13509263241	0.116317631813	0.110094282862	0.111950709594	0.108132307909	0.108901755964	0.114496993935	0.130179063101	0.144991137398	0.117726564257	0.150295647467	0.149704957955	0.13206917209	0.126934398069	0.140254453163	0.133829947733	0.127273597337	0.12731695244	0.176437732978	0.151184676693	0.118675980853	0.153500376341	0.145210871758	0.124306657532	0.111802516527	0.110745024115	0.110268816079	0.120141572325	0.113475464451
