	103092734-supragingivalplaque3.snv.bam	147406386-subgingivalplaque2.snv.bam	147406386-supragingivalplaque3.snv.bam	158256496-supragingivalplaque2.snv.bam	158458797-supragingivalplaque1.snv.bam	158479027-supragingivalplaque1.snv.bam	158479027-supragingivalplaque2.snv.bam	158499257-supragingivalplaque1.snv.bam	158499257-supragingivalplaque2.snv.bam	158802708-supragingivalplaque1.snv.bam	158802708-supragingivalplaque2.snv.bam	158802708-supragingivalplaque3.snv.bam	158883629-supragingivalplaque1.snv.bam	158883629-supragingivalplaque3.snv.bam	159207311-supragingivalplaque1.snv.bam	159207311-supragingivalplaque3.snv.bam	159247771-supragingivalplaque2.snv.bam	159268001-supragingivalplaque3.snv.bam	159591683-supragingivalplaque1.snv.bam	159611913-supragingivalplaque2.snv.bam	159632143-supragingivalplaque1.snv.bam	159713063-supragingivalplaque2.snv.bam	159753524-buccalmucosa3.snv.bam	159753524-supragingivalplaque1.snv.bam	160178356-supragingivalplaque2.snv.bam	160178356-supragingivalplaque3.snv.bam	160218816-buccalmucosa1.snv.bam	160319967-supragingivalplaque1.snv.bam	160380657-supragingivalplaque1.snv.bam	160380657-supragingivalplaque2.snv.bam	160380657-supragingivalplaque3.snv.bam	160421117-supragingivalplaque1.snv.bam	160421117-supragingivalplaque2.snv.bam	160421117-supragingivalplaque3.snv.bam	160502038-supragingivalplaque1.snv.bam	160502038-supragingivalplaque2.snv.bam	160502038-supragingivalplaque3.snv.bam	160542498-supragingivalplaque1.snv.bam	160582958-supragingivalplaque2.snv.bam	160582958-supragingivalplaque3.snv.bam	160603188-supragingivalplaque1.snv.bam	160603188-supragingivalplaque2.snv.bam	160603188-supragingivalplaque3.snv.bam	160643649-supragingivalplaque1.snv.bam	160704339-supragingivalplaque1.snv.bam	160765029-supragingivalplaque1.snv.bam	178713055-supragingivalplaque2.snv.bam	275382046-supragingivalplaque2.snv.bam	370027359-supragingivalplaque2.snv.bam	404239096-supragingivalplaque2.snv.bam	508703490-supragingivalplaque1.snv.bam	508703490-supragingivalplaque2.snv.bam	508703490-supragingivalplaque3.snv.bam	517810313-supragingivalplaque2.snv.bam	533247696-supragingivalplaque1.snv.bam	550534656-supragingivalplaque3.snv.bam	604812005-supragingivalplaque1.snv.bam	604812005-supragingivalplaque3.snv.bam	638754422-supragingivalplaque2.snv.bam	675950834-supragingivalplaque1.snv.bam	675950834-supragingivalplaque2.snv.bam	675950834-supragingivalplaque3.snv.bam	682102541-supragingivalplaque3.snv.bam	686765762-supragingivalplaque3.snv.bam	706846339-supragingivalplaque2.snv.bam	739574095-subgingivalplaque2.snv.bam	763435843-supragingivalplaque2.snv.bam	763456073-supragingivalplaque3.snv.bam	763496533-supragingivalplaque1.snv.bam	763536994-supragingivalplaque3.snv.bam	763557224-supragingivalplaque3.snv.bam	763577454-subgingivalplaque2.snv.bam	763577454-supragingivalplaque1.snv.bam	763577454-supragingivalplaque2.snv.bam	763719065-supragingivalplaque3.snv.bam	763759525-supragingivalplaque1.snv.bam	763759525-supragingivalplaque2.snv.bam	763820215-supragingivalplaque2.snv.bam	763840445-supragingivalplaque1.snv.bam	763901136-supragingivalplaque1.snv.bam	763901136-supragingivalplaque3.snv.bam	763982056-supragingivalplaque1.snv.bam	763982056-supragingivalplaque3.snv.bam	764042746-supragingivalplaque1.snv.bam	764062976-supragingivalplaque2.snv.bam	764062976-supragingivalplaque3.snv.bam	764083206-supragingivalplaque1.snv.bam	764285508-supragingivalplaque1.snv.bam	764285508-supragingivalplaque2.snv.bam	764305738-supragingivalplaque2.snv.bam	764325968-supragingivalplaque1.snv.bam	764366428-subgingivalplaque3.snv.bam	764366428-supragingivalplaque2.snv.bam	764366428-supragingivalplaque3.snv.bam	764447348-buccalmucosa1.snv.bam	764447348-supragingivalplaque1.snv.bam	764487809-supragingivalplaque1.snv.bam	764487809-supragingivalplaque2.snv.bam	764588959-supragingivalplaque1.snv.bam	764588959-supragingivalplaque2.snv.bam	764649650-supragingivalplaque1.snv.bam	764649650-supragingivalplaque2.snv.bam	764811490-supragingivalplaque1.snv.bam	764811490-supragingivalplaque2.snv.bam	764872181-supragingivalplaque1.snv.bam	764892411-supragingivalplaque2.snv.bam	765013792-supragingivalplaque2.snv.bam	765013792-supragingivalplaque3.snv.bam	765034022-supragingivalplaque1.snv.bam	765074482-supragingivalplaque1.snv.bam	765074482-supragingivalplaque3.snv.bam	765094712-supragingivalplaque1.snv.bam	765094712-supragingivalplaque2.snv.bam	765094712-supragingivalplaque3.snv.bam	765135172-supragingivalplaque1.snv.bam	765155402-supragingivalplaque3.snv.bam	765195863-supragingivalplaque3.snv.bam	765337473-supragingivalplaque2.snv.bam	765560005-supragingivalplaque1.snv.bam	765620695-supragingivalplaque1.snv.bam	765620695-supragingivalplaque2.snv.bam	765640925-supragingivalplaque1.snv.bam	765701615-supragingivalplaque1.snv.bam	765701615-supragingivalplaque2.snv.bam	823052294-buccalmucosa1.snv.bam	823052294-supragingivalplaque3.snv.bam	863126187-supragingivalplaque3.snv.bam
103092734-supragingivalplaque3.snv.bam	0.0	0.0923996848865	0.0923530083561	0.156947608733	0.148802658841	0.11808291254	0.118213947237	0.0894896819949	0.096941361178	0.171783765885	0.158443889427	0.161064467481	0.226671940717	0.222352582944	0.116461946827	0.127181649221	0.113955007991	0.144543614973	0.18421538504	0.115028528604	0.123161059431	0.0923976819605	0.185289951186	0.19072116212	0.112314347235	0.141382192424	0.120869876382	0.125059856986	0.126817632805	0.131074051686	0.122846716362	0.111108237865	0.11650434646	0.114542768226	0.162189676743	0.146086732065	0.137835707946	0.118311497984	0.12357872935	0.135954405651	0.122506175174	0.110770237491	0.113094173151	0.165954103232	0.15707816765	0.216288615553	0.164554699639	0.127851568242	0.147987352173	0.191691554383	0.158759238742	0.153918110048	0.153245835023	0.175216095324	0.10514289442	0.112912685604	0.124850953226	0.127297135827	0.140889812831	0.142403822141	0.136175894744	0.126688033095	0.0931054454351	0.200961213235	0.121608377045	0.113798176535	0.212157576288	0.141180281746	0.167116602422	0.113872350937	0.175376285592	0.128211611634	0.136168964733	0.130171060523	0.107837736198	0.118526490653	0.122891924265	0.138810482288	0.108866623449	0.115547414647	0.111677213228	0.161923493896	0.153453792735	0.120204858944	0.0850494845862	0.0799856834187	0.0967892741911	0.11213569523	0.163296994699	0.193525988864	0.171734353306	0.141035453151	0.144430970566	0.143012848783	0.162040597986	0.179305938027	0.13665166728	0.119235731903	0.12281778336	0.124888303546	0.123675451502	0.118765385414	0.124605796985	0.158189626083	0.126652044199	0.121894277191	0.0976319177181	0.0971678089636	0.115430625905	0.101236951513	0.102501161392	0.143629378391	0.145189859988	0.14013676516	0.151878473315	0.152201342242	0.0856119988673	0.15389644873	0.0980880219512	0.143107609483	0.137486824408	0.10318448386	0.168442672605	0.141499391898	0.126363766641	0.104082785609	0.108603133148
147406386-subgingivalplaque2.snv.bam	0.0923996848865	0.0	0.0602594390552	0.16323092698	0.155960413007	0.107759149172	0.101504937319	0.0980322491642	0.109654515041	0.17173896305	0.154940940287	0.160311423839	0.219403442982	0.215259365356	0.103363912689	0.111201706637	0.0993335408069	0.141086799396	0.176953306468	0.114254307387	0.116327566581	0.10521546376	0.187973478484	0.19383358249	0.121452294294	0.153324163285	0.116197845631	0.126713276149	0.132287565697	0.141584559305	0.134640890681	0.106992787542	0.112376266786	0.109284973528	0.171849489619	0.161041349267	0.148813738654	0.137549875697	0.120695585724	0.135887525009	0.112070565212	0.102062644148	0.098640111301	0.17536989687	0.157279202287	0.206458777377	0.174099065824	0.113850558021	0.144455603338	0.185182266182	0.160109735397	0.155796690304	0.15489285881	0.168946328489	0.100133969588	0.119356862075	0.12570047703	0.133049713724	0.135676918212	0.14531644551	0.130750630863	0.12785182153	0.097492800636	0.205970139166	0.134978072313	0.11973333338	0.207071164559	0.138170937217	0.164177606262	0.0999637403132	0.165720155822	0.130343569589	0.146073312315	0.141792922988	0.112760406061	0.126194479724	0.117787945808	0.147715894761	0.0950486746439	0.110499584766	0.118390451974	0.153716461199	0.145239450234	0.116419317434	0.0836546907577	0.0720202284185	0.0960833940426	0.11921550329	0.159852366414	0.190825268326	0.172695377117	0.135650802475	0.135415805904	0.134310043485	0.163643205785	0.178484651441	0.154750575018	0.130718713495	0.118749212995	0.125217061288	0.108175986102	0.0964347298757	0.127469037547	0.162359962475	0.121591270236	0.11237262859	0.0961027262466	0.0921203762725	0.115044693491	0.101609303753	0.0996388629838	0.129166475441	0.137916469938	0.130930346656	0.148068072169	0.138593271429	0.0937743251334	0.156685885581	0.0908701217653	0.132775509735	0.132597801898	0.109942183783	0.181335179499	0.144049465745	0.120517474257	0.103300152246	0.0905335172517
147406386-supragingivalplaque3.snv.bam	0.0923530083561	0.0602594390552	0.0	0.152635562394	0.152703454262	0.104068142749	0.100616200217	0.0903639810125	0.0969471987792	0.183193840149	0.162636149799	0.171698747956	0.227944002632	0.222477833288	0.0953509128516	0.107355807232	0.0928872156779	0.148632714867	0.15989300098	0.105644395149	0.111074874236	0.0985436375189	0.186950946612	0.192139927175	0.126633691233	0.160791268218	0.120930432504	0.121806723186	0.125868462206	0.133059129162	0.12924390144	0.109664024187	0.115047154578	0.11063540056	0.1736612828	0.15918979717	0.149018790063	0.137472709169	0.11591743232	0.131190997287	0.113076147835	0.108325370554	0.0973034269866	0.172937861456	0.149440911676	0.210756721794	0.169897576007	0.111173063454	0.147542189494	0.192136795355	0.159867716164	0.156034724797	0.155097760376	0.168057341094	0.0894040400516	0.124126029135	0.133305321453	0.137867312749	0.136023984702	0.154404727902	0.142500939908	0.134521413747	0.0999171796124	0.212931745761	0.133653968668	0.117839244084	0.205318879962	0.135220224005	0.17552501632	0.0956819773339	0.154127328975	0.129485608658	0.147870608882	0.14340579421	0.109399821335	0.128141699581	0.119654836028	0.147000509753	0.0952104871566	0.106544557908	0.111458461686	0.142367305446	0.128730885966	0.133713781803	0.0800227089168	0.0925552985072	0.091392255448	0.106789767036	0.150061087627	0.192855884048	0.168244859742	0.141547849408	0.138239191182	0.139219663127	0.164744323313	0.182210843032	0.162060693184	0.135670027209	0.115733002349	0.124652625018	0.105309155916	0.0901944493259	0.140426148368	0.166059801721	0.123342421366	0.126117194381	0.0884649447048	0.0876917049267	0.112622717847	0.102367037634	0.0984108170719	0.131422715626	0.133204129203	0.126345701066	0.156806786426	0.142093630088	0.0841408850547	0.153528693948	0.0852013098261	0.134485206249	0.134907390447	0.105605515201	0.179549202317	0.149457117495	0.112560808687	0.0958581369183	0.100100452175
158256496-supragingivalplaque2.snv.bam	0.156947608733	0.16323092698	0.152635562394	0.0	0.168933203869	0.199927033062	0.202561389831	0.175336586274	0.171825095475	0.206264797103	0.18806906801	0.190222777717	0.227095438364	0.223779845673	0.196065429521	0.204855108826	0.189954568137	0.175647645297	0.158902829892	0.183723394609	0.149766397488	0.161600332987	0.194712717272	0.200296543996	0.173509745665	0.197864679388	0.182392293628	0.160617078626	0.175940146941	0.159667223576	0.162246810406	0.16933047536	0.186381219305	0.179779154338	0.180906878972	0.177425919295	0.169687063523	0.139921671938	0.121702415442	0.123867020638	0.181978317157	0.164220741348	0.181703238566	0.176464773287	0.105437301499	0.2293568696	0.14215857133	0.172116290625	0.183011572562	0.199092884301	0.153404323513	0.154956462793	0.154107319755	0.180908059708	0.177509643884	0.142030828557	0.161033401902	0.149579332788	0.170973066696	0.168661251474	0.168479519982	0.150345263422	0.14492038321	0.22396727023	0.150624973923	0.141687570795	0.199279327357	0.170356272044	0.220970819239	0.198003332941	0.148649083647	0.126015613169	0.140636842387	0.137288218961	0.141712622642	0.1648805105	0.198491685559	0.177927310638	0.198024832719	0.14237838025	0.154198132256	0.132170256124	0.12786638892	0.167120147703	0.172818556779	0.168189840132	0.162463734709	0.138614578019	0.148578641333	0.167503920712	0.137549423836	0.167695937394	0.146855368482	0.153973347154	0.157808567345	0.1835241831	0.2040092293	0.19636280202	0.166238116127	0.14717064073	0.202362482643	0.194320680438	0.168602452398	0.153461458694	0.171278329246	0.192607613564	0.165946991973	0.171293867462	0.148027739882	0.179803597158	0.161361722926	0.146418086404	0.137879659661	0.139166845504	0.164850327851	0.166513348582	0.138638315259	0.166949592186	0.14656475901	0.131642210197	0.136526230202	0.168536827154	0.165284893571	0.15179670556	0.14279843473	0.143245946328	0.15564080243
158458797-supragingivalplaque1.snv.bam	0.148802658841	0.155960413007	0.152703454262	0.168933203869	0.0	0.195998743755	0.196778679685	0.163630200344	0.163164619165	0.175097563677	0.130101667924	0.148502225451	0.157425519547	0.155028438255	0.186188777757	0.19471647006	0.160892394431	0.181606983402	0.195826963312	0.159035477669	0.136235950266	0.149385602144	0.129938739993	0.133800350275	0.157697731601	0.179794523427	0.157041543694	0.119689534728	0.165977279091	0.122874357888	0.119840922911	0.160111909313	0.171257929658	0.16851855113	0.126871388557	0.131065000705	0.125366678187	0.129625331181	0.152301195959	0.135748018479	0.162149660184	0.147282674532	0.164431888947	0.12639352517	0.185806325344	0.151458747671	0.13214485853	0.108098471633	0.171157311011	0.144649829416	0.116664679282	0.109874642559	0.109837681262	0.161951911489	0.162317607272	0.122116277172	0.117165265531	0.132552217433	0.10402584237	0.142425402939	0.154778125431	0.143538933422	0.125765628003	0.168373515857	0.109840572985	0.119893700012	0.155034476208	0.17570876733	0.206195147611	0.196452555303	0.160330543385	0.14844620818	0.154515715642	0.150411162892	0.116986902422	0.159834483311	0.186901604352	0.153221132543	0.194708346251	0.151630633913	0.150318860422	0.166849191963	0.182033895195	0.146172964163	0.159792703314	0.157929657609	0.134241239659	0.155933026451	0.141851021982	0.185027461349	0.147851138271	0.108798472773	0.1070290251	0.103179999721	0.124794584523	0.133966722313	0.197480601029	0.18592217306	0.15068762614	0.13873120606	0.193604617446	0.190192601914	0.132502153981	0.128714960805	0.143041545738	0.185581336159	0.151946393393	0.16405072828	0.131208077798	0.159241163558	0.130460686132	0.171932963074	0.12683929022	0.166306099188	0.103201935819	0.163323508155	0.132466742888	0.15507618766	0.142752799723	0.121624558136	0.110456276946	0.154928878604	0.166232594472	0.10424969363	0.135783712056	0.145500993446	0.167564203376
158479027-supragingivalplaque1.snv.bam	0.11808291254	0.107759149172	0.104068142749	0.199927033062	0.195998743755	0.0	0.0114068657749	0.07350989017	0.0852777969089	0.196839216676	0.193576489343	0.19804570549	0.255686653852	0.250877433578	0.0417505966619	0.0325981788625	0.0573180363902	0.166979093514	0.221183645919	0.079177306861	0.152243409669	0.100220710672	0.214348247432	0.219181289328	0.127355630539	0.170658791473	0.121738372736	0.143345875572	0.13194944517	0.162805929015	0.156600555105	0.101238775125	0.086258264217	0.081843212575	0.200559386795	0.187139491474	0.173644418255	0.149091393969	0.16903396007	0.18838896115	0.112568721604	0.12369096157	0.0668507113843	0.198861103489	0.181850380541	0.246330298287	0.201309073193	0.131495203323	0.173954392542	0.216561832347	0.206680258886	0.196025030648	0.195160733739	0.193723998248	0.0695147018105	0.171646282413	0.167534566486	0.173886098901	0.165106724189	0.186119813561	0.168244700903	0.16530987889	0.124617274464	0.241058147415	0.166046644443	0.153643720998	0.240183068444	0.128621536839	0.184926187171	0.0215660213635	0.222832139362	0.16364875608	0.170635682062	0.170193836237	0.152714487575	0.121185773162	0.0743551499734	0.149295754482	0.0413827888097	0.14991116216	0.147257231691	0.209194217598	0.185026874354	0.160087924466	0.0721906742844	0.100019219522	0.096883215719	0.156817239298	0.206321380608	0.19741837356	0.214015524479	0.164457604876	0.175527259062	0.174596848805	0.199636971203	0.208552425884	0.126080365423	0.102965479858	0.130980585037	0.157541498756	0.0398215946854	0.048888714641	0.177229289102	0.205576028844	0.138036759667	0.105076418508	0.0793079369356	0.0561307473875	0.142295645921	0.117277550008	0.118729872098	0.200547536049	0.193519613569	0.19258736015	0.195951271685	0.178113649087	0.124882697686	0.16843884036	0.116017183377	0.190757741567	0.179928508395	0.1164887227	0.198498845944	0.180980855377	0.158808665994	0.140753589141	0.128421541165
158479027-supragingivalplaque2.snv.bam	0.118213947237	0.101504937319	0.100616200217	0.202561389831	0.196778679685	0.0114068657749	0.0	0.0755440274184	0.0840128709779	0.197457573226	0.192705007211	0.197661481384	0.255384052052	0.250404022395	0.0428280825822	0.031457293316	0.0561907908145	0.16480630668	0.224984975528	0.0801355579724	0.150717046227	0.0998002632789	0.213787386694	0.21888059178	0.129870061271	0.171634509856	0.121117799529	0.144633691925	0.132688616392	0.165219145347	0.157423779263	0.101958126902	0.0873360376717	0.0837422313442	0.200919829435	0.188469259378	0.174502119379	0.150923492035	0.169298946859	0.18878485046	0.111551450389	0.125576722136	0.0667563090039	0.196578331551	0.183941566715	0.245709179953	0.201159497093	0.130280060282	0.174777453608	0.213397204624	0.207006948041	0.196698161668	0.196102886915	0.19789955697	0.0668479980643	0.173019922964	0.166183590281	0.174050474243	0.164924320442	0.187612594166	0.167929101504	0.165598311869	0.12301078736	0.243594653379	0.164808056775	0.155228636048	0.241222621238	0.129858062372	0.184652564628	0.0198381206803	0.224292482993	0.166930419948	0.17411802999	0.174019710127	0.151838052807	0.123998432059	0.0756019233999	0.150941799146	0.0414405410472	0.151116007167	0.149241503313	0.20794118326	0.187082864343	0.156566515708	0.0697653266894	0.0985381011896	0.0967429371718	0.155671319941	0.208341295136	0.198851037709	0.216603540323	0.163778278635	0.177358868508	0.174735630175	0.199438479336	0.207816398429	0.121420200318	0.0969112649936	0.129907278868	0.157680441995	0.0392778109337	0.0461225520822	0.17547137475	0.201340371794	0.135496192174	0.102985087295	0.0801372663661	0.0551360831878	0.141969299004	0.11484963226	0.11733942211	0.199281205297	0.190681792548	0.192466844122	0.195430391527	0.182010944662	0.123525534111	0.166018050199	0.11548128461	0.192994043008	0.181357549107	0.116263797469	0.19908936909	0.180944860603	0.158696282202	0.141024834379	0.125979075328
158499257-supragingivalplaque1.snv.bam	0.0894896819949	0.0980322491642	0.0903639810125	0.175336586274	0.163630200344	0.07350989017	0.0755440274184	0.0	0.0400679078185	0.17752786685	0.16281935157	0.168749581711	0.227964773755	0.223629616003	0.0680444759658	0.0790549781705	0.0754844329444	0.162501407442	0.198660856089	0.0889632469794	0.13202444272	0.0878203016666	0.187642190395	0.192609365662	0.116983183856	0.156908701874	0.10811983135	0.124019431825	0.122600233613	0.131900943996	0.126332041954	0.097918623544	0.0949622183109	0.094201530706	0.178144194022	0.163345535267	0.150495842292	0.12539846707	0.138774888162	0.156485103871	0.113000121134	0.105206841576	0.0781926357933	0.167066603507	0.163064634996	0.220521027494	0.181629637662	0.11645698842	0.155344560665	0.194805749013	0.168477079393	0.16074466152	0.160623770456	0.174519144568	0.0758478284258	0.140593960228	0.141023890361	0.143740819716	0.140698541686	0.157629435073	0.149302402779	0.14561734784	0.0916969005504	0.2139602706	0.13448443402	0.122115582757	0.213677057166	0.131538556317	0.174573308579	0.0721591534108	0.193981208301	0.138924041521	0.146804697501	0.142999523562	0.121463105702	0.118083670196	0.0959009576441	0.134168649061	0.0726547863852	0.12386105224	0.115818807744	0.181437847788	0.164772244154	0.129384301839	0.0617034290923	0.0852881969609	0.0823762918675	0.133411552133	0.18052328064	0.185735184641	0.191552562296	0.140102423701	0.144915540363	0.146014684471	0.17652337469	0.18817456093	0.132005734036	0.105715728002	0.117515920889	0.134666622369	0.0793017801326	0.0813963325207	0.147443768514	0.172862605569	0.118983634935	0.109196714886	0.0745670647821	0.0662133251709	0.115816029202	0.102327280591	0.0994972307494	0.173003012483	0.163444158308	0.166088069346	0.161287351651	0.166056210758	0.093885745577	0.160219646287	0.101645393639	0.152464334246	0.147927288512	0.0951969065625	0.179345180736	0.147580785851	0.135855157296	0.120605556136	0.125481379901
158499257-supragingivalplaque2.snv.bam	0.096941361178	0.109654515041	0.0969471987792	0.171825095475	0.163164619165	0.0852777969089	0.0840128709779	0.0400679078185	0.0	0.191125183602	0.173275092989	0.178739974825	0.235900163947	0.230628567297	0.0815414222888	0.0854146525327	0.0860691571966	0.170984463129	0.20016181665	0.10402554363	0.135017761738	0.0941874023302	0.192090414812	0.195263781932	0.128125673331	0.167063467785	0.120993772354	0.134838558006	0.12624055996	0.137499472957	0.13608725428	0.113694930088	0.109410723065	0.109112020629	0.183295989209	0.168116603533	0.154875812828	0.124589380959	0.145353579961	0.16045064212	0.129101366126	0.117534460757	0.0933469515907	0.173312489214	0.159048343632	0.226155547725	0.18246686458	0.127303874347	0.161163468298	0.200279460531	0.169203229056	0.1645992534	0.164426902814	0.176781431854	0.0871987129481	0.145631199763	0.15022877697	0.14767407138	0.147941806871	0.160804942122	0.153755377366	0.149948629236	0.0919819454054	0.219926072794	0.133639278264	0.126709699454	0.217113316181	0.124794835766	0.178443173532	0.078542468449	0.196442368296	0.145723638501	0.153125852785	0.148760409018	0.12686248781	0.125075461348	0.106515291281	0.141754605036	0.0788712438561	0.13421372751	0.127204864318	0.183578817533	0.16570167601	0.139505358319	0.0731597121216	0.0915436816224	0.0943439409988	0.137733370103	0.179148968114	0.19340869802	0.188837468796	0.145653271279	0.149556275946	0.154137849279	0.181582327495	0.191994768557	0.140700532763	0.119293112439	0.13019435191	0.148045678474	0.0878410588573	0.0896987957046	0.157124608661	0.171356453987	0.126733878123	0.119114032843	0.0886666457375	0.0780695167605	0.12213923278	0.114030768322	0.108295793803	0.178177455122	0.1663986182	0.169739404714	0.169079532134	0.166637282422	0.0927612238207	0.158526187535	0.111314585887	0.156866235659	0.152496718806	0.0965242688623	0.173778617493	0.152964998304	0.139841641008	0.12744026232	0.137086522499
158802708-supragingivalplaque1.snv.bam	0.171783765885	0.17173896305	0.183193840149	0.206264797103	0.175097563677	0.196839216676	0.197457573226	0.17752786685	0.191125183602	0.0	0.0630029865087	0.0642084376622	0.144693302608	0.139836771637	0.192005736374	0.199636187208	0.178842439197	0.198395968623	0.222626605854	0.176006734581	0.191375930581	0.149222335426	0.168871240105	0.17343470415	0.183216204731	0.199138434946	0.157863239353	0.144141763462	0.16139449294	0.146118410398	0.14316246763	0.167644461374	0.175252803308	0.17139859097	0.153422985996	0.152250764549	0.147883362734	0.167527440046	0.194961985199	0.18973314085	0.185993438894	0.174990605144	0.182987074532	0.165644227373	0.219944079451	0.134121310422	0.19795170939	0.141228512006	0.143613691639	0.0991974982963	0.159614123552	0.152449450845	0.152243837089	0.212887332345	0.178221705335	0.156394001386	0.161498118248	0.176342776061	0.144572488764	0.173427008082	0.16831578427	0.17171265568	0.168504818423	0.208842279701	0.14872028436	0.162329075469	0.189859605782	0.190608254719	0.169983001829	0.192070647353	0.198999585358	0.17776683437	0.17768572723	0.179112301361	0.157535707213	0.176191752715	0.183548208514	0.191764249177	0.1898710922	0.187551185608	0.194769315608	0.196153423556	0.200014459312	0.174039136014	0.171035488874	0.168478558774	0.15558967006	0.181853524778	0.199747809986	0.216660384625	0.211333084835	0.124482479667	0.152531312974	0.129073464033	0.171644588129	0.176590983258	0.188764670102	0.183970059555	0.145233599816	0.158790655174	0.204895368674	0.203711310565	0.164487197001	0.182750320034	0.14036049136	0.173738861834	0.156255986266	0.167439755187	0.177168192412	0.154013470018	0.148352600566	0.176575833876	0.145294218421	0.177554139681	0.148149108853	0.192782794614	0.162486409897	0.184560620978	0.172692422587	0.183607928854	0.167750191512	0.180933275795	0.20499498938	0.130922427228	0.168400516708	0.1688182225	0.174063596234
158802708-supragingivalplaque2.snv.bam	0.158443889427	0.154940940287	0.162636149799	0.18806906801	0.130101667924	0.193576489343	0.192705007211	0.16281935157	0.173275092989	0.0630029865087	0.0	0.0606251987447	0.125416708199	0.121509199373	0.187676425586	0.19601285442	0.161857725086	0.188551137086	0.20407241345	0.161477173972	0.161616273152	0.143130241785	0.136016654854	0.140571087	0.165499237021	0.184974315031	0.143025006455	0.114019123741	0.155998255797	0.118794098126	0.109911454512	0.165067499976	0.173292918847	0.168441865753	0.112190697634	0.113044892059	0.106398454427	0.142775531327	0.167575054099	0.160105732725	0.169336106046	0.156764415795	0.17277653421	0.127240447546	0.204196533783	0.108144831577	0.171719281601	0.101056805267	0.135392223777	0.0780087077325	0.123772772669	0.117769322707	0.117545779351	0.189195528449	0.169069831609	0.134891577407	0.131601582162	0.148131855154	0.103980522445	0.155443090885	0.160310558994	0.156013171745	0.143764319236	0.184016876906	0.106099231503	0.136352330857	0.165634478403	0.184070999165	0.178084072728	0.191708056929	0.177875303467	0.151394367843	0.152270103468	0.151858852289	0.120943411511	0.167200555029	0.182922858571	0.177924881505	0.186671750095	0.16455065528	0.174588931685	0.1789997419	0.187302061209	0.146707130737	0.160631480389	0.156288495646	0.138702367055	0.165693613963	0.168054332007	0.204422072823	0.171784518849	0.0850508707525	0.113557560759	0.090561800004	0.134351598007	0.134160535976	0.194143280954	0.184894425121	0.129928682355	0.141830322852	0.199628639301	0.19722885189	0.135951576026	0.146528525963	0.113631087383	0.167534702479	0.148522295814	0.161218275405	0.140044328829	0.144227667711	0.12803813457	0.162362802062	0.11926955725	0.164695582006	0.103761795622	0.172489922492	0.141886756962	0.156110571537	0.157739783909	0.152608397218	0.132328526855	0.168757387243	0.18691407737	0.096255159949	0.13656903503	0.146293161756	0.164985410425
158802708-supragingivalplaque3.snv.bam	0.161064467481	0.160311423839	0.171698747956	0.190222777717	0.148502225451	0.19804570549	0.197661481384	0.168749581711	0.178739974825	0.0642084376622	0.0606251987447	0.0	0.157015291323	0.152941282649	0.19147876007	0.199472187585	0.168810667533	0.195619721345	0.217288796354	0.166273872054	0.166694613298	0.145302908784	0.163466158393	0.167725818704	0.16054638792	0.17435472228	0.120102943794	0.131452399237	0.152767947232	0.114651193036	0.117037379384	0.167355605504	0.175653226007	0.173434492823	0.140751034491	0.137836416702	0.133632869787	0.153366123997	0.174671491596	0.168180979095	0.171314567276	0.156098653421	0.176465559241	0.158480555972	0.209337642424	0.140447975437	0.182643904203	0.119557861401	0.149593363212	0.110056630423	0.142108525461	0.136947661423	0.136881431393	0.198227690711	0.174741547306	0.135459568136	0.137198801872	0.146814220662	0.124847841396	0.159469739294	0.165181242317	0.161265551315	0.149907594298	0.191584101826	0.129078222212	0.14460576492	0.177172224289	0.184111034628	0.148260527762	0.195501692895	0.191718671299	0.159327045301	0.158293038415	0.157451438886	0.132519953049	0.17359878398	0.185970541988	0.188997513762	0.189965145511	0.164928520736	0.176002619015	0.176097477921	0.193494852249	0.14592812556	0.165545930301	0.158368633361	0.148073082476	0.168254624624	0.175648141696	0.211791108264	0.186453677381	0.10819959314	0.133387922311	0.113305505308	0.155120768171	0.160280448045	0.185687756623	0.179605777206	0.140449983735	0.150047675894	0.203406488385	0.20219764794	0.138613309073	0.161411410485	0.134018809161	0.173262402892	0.151951811466	0.165683736014	0.151322252753	0.121267058346	0.12224205027	0.163148939626	0.135879919235	0.167329857004	0.122085148609	0.173208858731	0.148855915373	0.173801715308	0.161580211015	0.162373471266	0.145838631857	0.174995178242	0.200814524498	0.117444570576	0.14025598481	0.146368059094	0.15952409119
158883629-supragingivalplaque1.snv.bam	0.226671940717	0.219403442982	0.227944002632	0.227095438364	0.157425519547	0.255686653852	0.255384052052	0.227964773755	0.235900163947	0.144693302608	0.125416708199	0.157015291323	0.0	0.0122864130313	0.247543607958	0.255020148847	0.21716258864	0.21790877318	0.234574441053	0.219304814288	0.214870145533	0.205005244447	0.118798813378	0.121351161882	0.234276863908	0.241414349569	0.214136211758	0.16546249563	0.212828319552	0.172626279785	0.166055732944	0.222419553531	0.230499292578	0.223353476483	0.119201475977	0.144274541103	0.156052923307	0.192285601335	0.223019073483	0.205925318264	0.227663894924	0.220955543958	0.231854438074	0.126950211148	0.248879532987	0.105961828026	0.209022483035	0.144994205179	0.192968560185	0.0928663418652	0.154669580134	0.145466366366	0.145022216562	0.212597795249	0.228771025015	0.191958446934	0.18005778556	0.211813331866	0.133808673298	0.200570314357	0.21107267946	0.210241056553	0.20308152366	0.174212326081	0.156144319477	0.18929994205	0.157118914982	0.237969048365	0.231874240341	0.253461559299	0.196984589464	0.21623184142	0.21441193919	0.214925917571	0.182628683675	0.225969542291	0.240565467198	0.215464536902	0.241676369986	0.230014965282	0.221494425275	0.225381537702	0.237020659525	0.206770970882	0.228350920074	0.224743116554	0.200777198696	0.224532483973	0.20976794352	0.217931606414	0.205181926361	0.133152308253	0.168053666923	0.147516999681	0.164587852864	0.155979223144	0.244347489354	0.24922103396	0.193132874315	0.187582978949	0.252040957987	0.250196649204	0.183328354413	0.182065029303	0.174249512969	0.232207104839	0.20565371442	0.222040795809	0.204211248845	0.220845789945	0.202415989374	0.216015452858	0.161846613433	0.214499641455	0.13085289797	0.21801612522	0.202968556863	0.192903549741	0.223788044004	0.197511394087	0.178747349467	0.220704393698	0.208197001108	0.132365512353	0.196617213437	0.210429652738	0.224124307988
158883629-supragingivalplaque3.snv.bam	0.222352582944	0.215259365356	0.222477833288	0.223779845673	0.155028438255	0.250877433578	0.250404022395	0.223629616003	0.230628567297	0.139836771637	0.121509199373	0.152941282649	0.0122864130313	0.0	0.243794587754	0.250217573702	0.212470717544	0.217698933913	0.232114496401	0.214206347515	0.214337081423	0.200382848374	0.115640584119	0.119197169409	0.232362423115	0.23897485487	0.208893573629	0.162060428179	0.208695840964	0.169366860625	0.16211546256	0.219106524235	0.227076241457	0.220426722507	0.118302896885	0.139327274288	0.15053960799	0.189157857468	0.219754051296	0.202970179632	0.223606127494	0.217958753865	0.22845260924	0.124456084915	0.244545007985	0.101685736514	0.205315083347	0.141697571102	0.18902617125	0.0891708861329	0.150293068703	0.140952198955	0.140504128614	0.211156972489	0.224987018124	0.188013962943	0.177223930241	0.209478774829	0.133692864564	0.197749454761	0.209136131195	0.208757732579	0.200395737383	0.173545909252	0.15301285876	0.187427839409	0.155579204825	0.233577770819	0.228742642598	0.248549152567	0.195170732143	0.21432511313	0.211240452165	0.212399210681	0.179057692733	0.223015786607	0.236164324063	0.213002364475	0.235769507288	0.226999841701	0.217638719609	0.224229345087	0.233984503524	0.204579778141	0.223864695129	0.220454128939	0.197801357859	0.220647347417	0.207784821712	0.213743510922	0.202737651525	0.129465531516	0.166373249607	0.144729442425	0.162463229651	0.153797021809	0.240761058322	0.244926757077	0.189098772194	0.183636387341	0.246711610397	0.244545456379	0.178907812375	0.178290047607	0.168501274996	0.227846167279	0.202148142473	0.219439799968	0.200908232338	0.216483859133	0.198739693689	0.215336577917	0.159160083414	0.214164225888	0.127723148919	0.216006806731	0.199366539828	0.188214371221	0.221399596114	0.194062851326	0.175191766984	0.217092817733	0.201258617621	0.127490799626	0.193887142315	0.208034279958	0.220761577675
159207311-supragingivalplaque1.snv.bam	0.116461946827	0.103363912689	0.0953509128516	0.196065429521	0.186188777757	0.0417505966619	0.0428280825822	0.0680444759658	0.0815414222888	0.192005736374	0.187676425586	0.19147876007	0.247543607958	0.243794587754	0.0	0.0232111460698	0.0544616244121	0.167076883974	0.218761432242	0.0730634456087	0.148980745342	0.0951904849243	0.205083929367	0.20990126176	0.128692308603	0.173020531569	0.110732600735	0.145228526413	0.129262505937	0.155548791137	0.152119153431	0.0962768862508	0.085781613966	0.0839418188834	0.200567785295	0.187748333703	0.172521217031	0.149182137094	0.160223138501	0.181249167796	0.115749778331	0.120775734476	0.0685638955473	0.192952301359	0.174268894733	0.23698160964	0.196956705952	0.12940427806	0.164675259496	0.210603399994	0.19530258867	0.185600978892	0.184950208601	0.194033253777	0.0674172671913	0.163976826005	0.165792695691	0.169737527021	0.157288771412	0.180357645963	0.161096359161	0.161605258909	0.114997572013	0.231408421564	0.159582196972	0.146069529925	0.233346815197	0.12976407882	0.18667687335	0.0347690208802	0.212273032073	0.158876986929	0.166447590454	0.165444908129	0.143247147182	0.123066004872	0.0754729766654	0.152797607758	0.0465297410757	0.149914145248	0.147899044638	0.202987967322	0.178848775794	0.15220607709	0.0692239741894	0.10292503643	0.090584910499	0.15039657145	0.197577688766	0.195369355345	0.209885461631	0.157546493581	0.167219078537	0.166924875421	0.19148546452	0.202394100645	0.135699706193	0.108614885511	0.129893988227	0.15340724132	0.0384959745257	0.0378627746722	0.170426057097	0.199297797131	0.135290505123	0.103396611676	0.0751583236907	0.0549630771369	0.140813307302	0.112696283766	0.110338006705	0.187075983946	0.182561859535	0.177843514994	0.185295570153	0.179526642563	0.112441453626	0.170595425429	0.109195490688	0.181276214572	0.170328685561	0.104428580498	0.199001802715	0.171591169245	0.155005854151	0.138400004774	0.118052538425
159207311-supragingivalplaque3.snv.bam	0.127181649221	0.111201706637	0.107355807232	0.204855108826	0.19471647006	0.0325981788625	0.031457293316	0.0790549781705	0.0854146525327	0.199636187208	0.19601285442	0.199472187585	0.255020148847	0.250217573702	0.0232111460698	0.0	0.0512182176365	0.172855664314	0.231693723034	0.0735444718306	0.156450026081	0.103208945768	0.212024634161	0.216765823939	0.134232619317	0.177917234289	0.120525957971	0.152317391356	0.132766632185	0.164022626198	0.161108754539	0.102870050062	0.0883373146948	0.0868554076797	0.207997227523	0.195240282755	0.179106197425	0.152792526106	0.168416150433	0.190258804184	0.113369769744	0.125326674732	0.0666818665904	0.199562606486	0.182468959421	0.247542114075	0.202718770099	0.134054357811	0.172252435447	0.2197582312	0.20460841179	0.194702648233	0.194004299955	0.20202090067	0.069712486752	0.175950543993	0.173642936913	0.178197247916	0.165301610987	0.189001101636	0.170786476996	0.169534833453	0.126772242085	0.242720565813	0.168648315206	0.156791529013	0.24111100821	0.132990673206	0.195315105509	0.0254132517941	0.224432694248	0.170778179078	0.175784442362	0.176323445093	0.153639399906	0.129715380509	0.0723900186898	0.153749875186	0.0433885767852	0.156700187069	0.15470583229	0.21371741056	0.190457689849	0.161972193615	0.0783678561501	0.108692008646	0.0983190721823	0.16004952441	0.20885088165	0.199198499095	0.218492582592	0.165050862059	0.177082396943	0.174738939745	0.201870039942	0.211471572696	0.139948665224	0.115596289375	0.134064268778	0.159576455846	0.032187537995	0.0378892147293	0.179948819313	0.205142330342	0.141170133773	0.103378804233	0.0828823335819	0.0576170103777	0.147378934501	0.122489611229	0.117570358517	0.201177724202	0.196453206291	0.193173304564	0.19557671757	0.18949280487	0.127504561151	0.173148585072	0.116788105547	0.190860966669	0.177935298695	0.116897668064	0.206343246386	0.181163449333	0.164305373912	0.14858662225	0.12543188239
159247771-supragingivalplaque2.snv.bam	0.113955007991	0.0993335408069	0.0928872156779	0.189954568137	0.160892394431	0.0573180363902	0.0561907908145	0.0754844329444	0.0860691571966	0.178842439197	0.161857725086	0.168810667533	0.21716258864	0.212470717544	0.0544616244121	0.0512182176365	0.0	0.168907196074	0.206417976347	0.066271766119	0.135614388898	0.0988552681506	0.173748537579	0.177701335201	0.127289780664	0.169022763212	0.100904572143	0.124982341309	0.125953952974	0.135900449658	0.131485134126	0.0941758348813	0.089739338291	0.0893603168993	0.171308655474	0.161217189262	0.147337947595	0.136499580669	0.147090513394	0.16259281606	0.107126158111	0.108550595744	0.0635885709533	0.163377887742	0.1780492952	0.215292252552	0.175439391681	0.0979420653671	0.162399165353	0.193454696519	0.171113319287	0.160169757556	0.159917331808	0.184264968324	0.0563371318625	0.151051045764	0.142173421054	0.153405417281	0.134077046547	0.161621376367	0.156892584489	0.154399906893	0.106759619919	0.216397987544	0.139255028941	0.129618876597	0.213137660231	0.133067381979	0.185014306397	0.053409933728	0.192264436917	0.152216385685	0.155488111334	0.154574094711	0.12586070239	0.12915362942	0.0929961363578	0.142056844082	0.0685701757378	0.137351448617	0.138273730668	0.192475773373	0.176373342736	0.141608649521	0.0745409249252	0.102843768948	0.0854522709335	0.143624548704	0.184297543731	0.186872527119	0.192365775529	0.138477524017	0.148003582379	0.145987239439	0.170130659698	0.180823214338	0.149705592418	0.122182431475	0.12338050241	0.146838766039	0.0547659404552	0.0549581183267	0.151035154418	0.175687776804	0.119697395082	0.109527458258	0.0700447615862	0.0603078298735	0.123193159476	0.106749205273	0.0945921237892	0.180829937183	0.162737418489	0.173413514979	0.160343484966	0.172084434413	0.114306259082	0.147765990789	0.10150907782	0.16447159652	0.149312880779	0.111860837756	0.193337572148	0.152131476045	0.13883474794	0.129006443902	0.120128502626
159268001-supragingivalplaque3.snv.bam	0.144543614973	0.141086799396	0.148632714867	0.175647645297	0.181606983402	0.166979093514	0.16480630668	0.162501407442	0.170984463129	0.198395968623	0.188551137086	0.195619721345	0.21790877318	0.217698933913	0.167076883974	0.172855664314	0.168907196074	0.0	0.181528116525	0.160430612152	0.161519560824	0.153881812593	0.191728270572	0.194212977492	0.158222582002	0.172857833393	0.166114195335	0.162937821537	0.173168530321	0.175378920971	0.169684864685	0.161614826906	0.160877392145	0.156115032654	0.178046741335	0.171928996607	0.17009261408	0.164543500081	0.150110689814	0.149236800868	0.16070179001	0.163885499918	0.163773917466	0.16711190721	0.158126570933	0.214298881363	0.200243198816	0.166536031031	0.168614089898	0.202576223583	0.17972815083	0.174504782851	0.174465585117	0.176050902541	0.158026035774	0.163226543855	0.159095714887	0.17237176183	0.176173065512	0.176461566232	0.160434442796	0.156145600519	0.145253510797	0.18445372373	0.161199817097	0.149174754547	0.198894552264	0.182150040256	0.200657092857	0.165689055657	0.16321054635	0.164217154243	0.169588462597	0.165285919331	0.145620255103	0.172658587782	0.164063630151	0.158565948001	0.158790911963	0.162098508002	0.164925898013	0.168179900497	0.164550131076	0.157897560323	0.147173097477	0.1396186824	0.149927637141	0.151238131761	0.1660517097	0.190107353841	0.190361186324	0.168963095001	0.173225787283	0.170592161412	0.177605549934	0.187738109175	0.171639983254	0.172990947707	0.163497149513	0.151777763308	0.165648080254	0.159890326406	0.153503833986	0.192475980123	0.176065808096	0.169119889788	0.161273516207	0.153300179272	0.164159257929	0.158676548941	0.156577707247	0.155366998298	0.161942090772	0.152179222241	0.173931209897	0.15899410208	0.151946228978	0.185795577643	0.158306994506	0.168245621489	0.164360513323	0.149966322937	0.203856494219	0.169170885556	0.167760534423	0.151083690162	0.143098038854
