	158499257-stool1.snv.bam	158802708-stool1.snv.bam	160380657-stool1.snv.bam	763860675-stool1.snv.bam	764143897-stool1.snv.bam	CCIS02124300ST-4-0.snv.bam	CCIS11362406ST-4-0.snv.bam	CCIS22906510ST-20-0.snv.bam	CCIS48174381ST-4-0.snv.bam	CCIS50369211ST-20-0.snv.bam	CCIS50471204ST-4-0.snv.bam	CCIS59132091ST-4-0.snv.bam	CCIS74726977ST-3-0.snv.bam	CCIS76845094ST-20-0.snv.bam	CCIS78100604ST-4-0.snv.bam	CCIS81735969ST-20-0.snv.bam	CCIS82146115ST-4-0.snv.bam	CCMD25963797ST-21-0.snv.bam	CCMD26709089ST-21-0.snv.bam	M4.1-V3.metaT.snv.bam	NG-5636_312.snv.bam	NG-5636_317.snv.bam	NG-5636_372.snv.bam	O2.UC11-1.snv.bam	O2.UC18-1.snv.bam	O2.UC20-1.snv.bam	O2.UC36-0.snv.bam	O2.UC46-1.snv.bam	O2.UC7-0.snv.bam	O2.UC8-1.snv.bam	SAMEA3136646.snv.bam	SAMEA3136655.snv.bam	SAMEA3136656.snv.bam	SAMEA3136662.snv.bam	SAMEA3136674.snv.bam	SAMEA3136688.snv.bam	SAMEA3136693.snv.bam	SAMEA3136708.snv.bam	SAMEA3136714.snv.bam	SAMEA3136719.snv.bam	SAMEA3136733.snv.bam	SAMEA3136737.snv.bam	SAMEA3136747.snv.bam	SAMEA3136766.snv.bam	SAMEA3178940.snv.bam	V1.CD1-0-PT.snv.bam	V1.CD15-3.snv.bam	V1.CD41-0.snv.bam	V1.FI08.snv.bam	V1.FI29.snv.bam	V1.FI33.snv.bam	V1.FI36.snv.bam	V1.FI37.snv.bam	V1.UC38-0.snv.bam	V1.UC4-5.snv.bam	V1.UC53-0.snv.bam	V1.UC54-0.snv.bam	peacemaker-11-0-0.snv.bam	peacemaker-11-2-0.snv.bam	scavenger-11-7-0.snv.bam
158499257-stool1.snv.bam	0.0	0.0903149363479	0.119994033023	0.118389044164	0.138044948418	0.131192020312	0.10473986351	0.119506752988	0.119576696951	0.117191882489	0.11798259666	0.118264857155	0.141265454304	0.124014454527	0.118893359876	0.117999478721	0.127987524133	0.116002252646	0.12237522186	0.114235728411	0.11417653078	0.163013377989	0.0534788354714	0.101918117357	0.126942505826	0.135392038381	0.0916656592444	0.118167925866	0.16166862743	0.11324826615	0.119405695263	0.137471164407	0.125206245854	0.108103757787	0.127616240472	0.146659595929	0.115532689145	0.133939995803	0.123623756052	0.102581442963	0.122680582877	0.151076148012	0.0972932545035	0.114103707349	0.142100327872	0.1128030004	0.102829279299	0.104471633535	0.132329316488	0.110713871358	0.171997768091	0.160656809395	0.16361075728	0.132813828276	0.104084182464	0.143130732634	0.117765450472	0.135028571012	0.134219398138	0.122529173324
158802708-stool1.snv.bam	0.0903149363479	0.0	0.105852982226	0.120542688081	0.130961268287	0.109611452233	0.119398896138	0.106009616186	0.101272722434	0.114463435375	0.109213126408	0.102249694807	0.13302911223	0.116188903876	0.100783209258	0.11778882313	0.123008678521	0.110272751476	0.12277847741	0.103717878114	0.119365024209	0.156374949813	0.0888998440385	0.109704754315	0.117866935827	0.141332986708	0.103512638655	0.0782566678092	0.155733307919	0.0848034209017	0.106944050781	0.140934932575	0.10035356693	0.121760842089	0.125290758869	0.129449116834	0.126161629657	0.129604446606	0.1092866078	0.106864969642	0.109574443207	0.142103044796	0.106779978607	0.0937749728771	0.119772812624	0.098454663703	0.0962864771151	0.0755725240057	0.127489357148	0.0965240097701	0.161899523679	0.153809083732	0.157311632115	0.109383325693	0.10377434526	0.126806191487	0.0773888806552	0.139489688497	0.142636648228	0.116066342668
160380657-stool1.snv.bam	0.119994033023	0.105852982226	0.0	0.137916228361	0.126348663464	0.0996365815502	0.116952761917	0.0796447782198	0.114728309246	0.106405166023	0.121611473276	0.122957068742	0.127910423561	0.106307973238	0.110535021139	0.108899816215	0.11838168518	0.125732216256	0.114255958201	0.115982612299	0.133317964751	0.148218552424	0.110822516869	0.123898097476	0.0930674230353	0.137406792705	0.1103670483	0.122580577039	0.148947712176	0.115105445378	0.0999614464555	0.126457561809	0.114999524714	0.128078384652	0.128497004983	0.1269989269	0.116952009093	0.131033145333	0.0957020413792	0.108092667348	0.0848172742463	0.133859291848	0.103274275551	0.123596134359	0.109999322515	0.123560600952	0.0991033758871	0.13254013309	0.121769373362	0.128356600136	0.15321482116	0.141571591563	0.151837497604	0.0743535764314	0.115322859176	0.112019298036	0.123237411259	0.127781785774	0.127644107973	0.115366696705
763860675-stool1.snv.bam	0.118389044164	0.120542688081	0.137916228361	0.0	0.13124674987	0.111999721865	0.125962350707	0.12419393472	0.115818560094	0.0995107985988	0.128872053872	0.101478408162	0.138187528231	0.116897601188	0.134552636098	0.0741180762837	0.097817043029	0.133014434374	0.1261829653	0.122990384572	0.0309984552925	0.150565555369	0.119906323185	0.129441318732	0.140016679522	0.144081136751	0.118498466416	0.127234794514	0.147064646015	0.11782548699	0.119355397977	0.143987341772	0.118973542424	0.120345829154	0.130938400372	0.13599537037	0.134701678728	0.101685107347	0.132750758496	0.127048871151	0.125759129396	0.140349414369	0.120512909768	0.126082933641	0.126444598256	0.103250494487	0.126787082958	0.113217403624	0.0982169782217	0.102206769143	0.154717745453	0.144768258536	0.148939958735	0.135697155787	0.123546451449	0.137073769491	0.126504987169	0.139264342865	0.144901562759	0.125233700123
764143897-stool1.snv.bam	0.138044948418	0.130961268287	0.126348663464	0.13124674987	0.0	0.108882878948	0.118272131816	0.121923034559	0.129082536044	0.116796603981	0.137476710705	0.141910220586	0.107786618671	0.130604647815	0.135380003451	0.118123994274	0.114634005059	0.123381036812	0.0730995636801	0.125930451811	0.133775195243	0.14678644871	0.129589443393	0.126031401195	0.12217329811	0.134998205649	0.122188400369	0.122749991368	0.151365205531	0.11113485841	0.0991426350556	0.0602356503423	0.112441875171	0.1224242214	0.124256450232	0.132382246377	0.132860367999	0.125664640943	0.124615096096	0.128578899637	0.119382484022	0.14340878016	0.114005594375	0.127034108038	0.0740199995829	0.120927094269	0.11962922239	0.132455384331	0.125139515622	0.13762503646	0.157156910077	0.145729663222	0.153100151867	0.119243489697	0.123934652666	0.133022481945	0.120826545553	0.138212165332	0.141024674631	0.129550421626
CCIS02124300ST-4-0.snv.bam	0.131192020312	0.109611452233	0.0996365815502	0.111999721865	0.108882878948	0.0	0.112188388198	0.0940627562243	0.106960495799	0.094873198868	0.108716786852	0.111370664748	0.120999359243	0.121672397164	0.116653378847	0.110071677524	0.109925084337	0.10196493837	0.112613091718	0.107986937957	0.109056668452	0.13045463407	0.129021958434	0.113229795626	0.108039079209	0.121419014431	0.0988557701721	0.108564919858	0.128090032562	0.0872107294864	0.0921429073098	0.123708030396	0.109718966783	0.113644838645	0.104268862447	0.125256958489	0.101042543072	0.104306767108	0.106240670811	0.112104555382	0.090455991143	0.121031777243	0.095128473511	0.109965525485	0.0916706642073	0.111148157649	0.0926942192536	0.115608422033	0.0925069627821	0.116157009093	0.133924285854	0.129168238479	0.129808985797	0.10956606417	0.118755290248	0.100763431863	0.108228597408	0.118214031662	0.123254611367	0.110758645198
CCIS11362406ST-4-0.snv.bam	0.10473986351	0.119398896138	0.116952761917	0.125962350707	0.118272131816	0.112188388198	0.0	0.105373344465	0.103610964789	0.0870142411651	0.118183704631	0.120039376043	0.131623245525	0.1162051959	0.115354961898	0.10555208186	0.116150054535	0.110034780879	0.120327747458	0.0982928532037	0.124079798551	0.149898151367	0.128234914674	0.0844432992809	0.108636497585	0.135710840991	0.11233486928	0.10867493168	0.150479979641	0.0931576715873	0.100487977232	0.124548294153	0.116171292557	0.0852823689812	0.126000634886	0.133755868507	0.121524164928	0.109807461383	0.113681580058	0.0714089072517	0.0993715551278	0.141369723189	0.103454207139	0.0966565432832	0.118447616279	0.117079695903	0.108947317053	0.119509422783	0.119176111521	0.120306271007	0.160614489602	0.147955311791	0.154358532108	0.122334752509	0.0993682195902	0.130277810461	0.108357211846	0.105116614998	0.107689881354	0.125917551252
CCIS22906510ST-20-0.snv.bam	0.119506752988	0.106009616186	0.0796447782198	0.12419393472	0.121923034559	0.0940627562243	0.105373344465	0.0	0.0919135909505	0.104966729489	0.122829202809	0.120040837135	0.115428625646	0.127920437123	0.110432723219	0.101071413704	0.11139960802	0.098596951673	0.104657117546	0.106026835044	0.122861554409	0.133676372846	0.110728609	0.114232595299	0.0975046330418	0.127614296957	0.106400234638	0.11279458559	0.13287279896	0.0973251227456	0.0816347703009	0.122870767888	0.101685247306	0.118756006594	0.116852578267	0.12045746872	0.0923391346502	0.11814175486	0.0955744967557	0.0966881743379	0.0825898441969	0.122664363976	0.105710823162	0.110764632917	0.10470091949	0.110441033195	0.0931474288117	0.122589396714	0.116244225865	0.118567385588	0.144841796827	0.136129900957	0.13615323434	0.104878199275	0.104916256447	0.112592181735	0.11188329889	0.11929334009	0.117749192537	0.112088895629
CCIS48174381ST-4-0.snv.bam	0.119576696951	0.101272722434	0.114728309246	0.115818560094	0.129082536044	0.106960495799	0.103610964789	0.0919135909505	0.0	0.0999747480333	0.0943329053597	0.112238796238	0.130746960246	0.122609265506	0.121362600727	0.118527939694	0.116094681775	0.106693621782	0.12529876085	0.0958005561348	0.112724075325	0.150306327467	0.115379024787	0.102734659169	0.107940169981	0.141555393237	0.115136235229	0.107928940745	0.1539147755	0.0835328033389	0.106593580871	0.140703676614	0.120038628097	0.115572614136	0.125523406015	0.140726095608	0.107106957315	0.103051522586	0.111049897884	0.113375125209	0.111324896587	0.146208458774	0.109074488021	0.06298742207	0.115156045802	0.0972206144172	0.112280517653	0.09202906385	0.12042240064	0.0833525039347	0.162321300679	0.147334416906	0.156262631538	0.12217734257	0.0912696246867	0.127326168323	0.108294896409	0.126141833576	0.125658749779	0.124110589394
CCIS50369211ST-20-0.snv.bam	0.117191882489	0.114463435375	0.106405166023	0.0995107985988	0.116796603981	0.094873198868	0.0870142411651	0.104966729489	0.0999747480333	0.0	0.120334267503	0.12667084491	0.129547341178	0.101438048048	0.115244809076	0.100488019148	0.108501956098	0.111852159454	0.119833100263	0.105162618194	0.101671935853	0.138795619262	0.119900817883	0.113823633591	0.116202512924	0.130934994405	0.0971773913799	0.1046026855	0.142077449263	0.094515404132	0.0833319027109	0.136107365107	0.0958691510939	0.116021272235	0.122591521924	0.136234311689	0.115163096408	0.0969654372189	0.102146738713	0.10633831991	0.105378329618	0.138269928646	0.112432807986	0.10761662794	0.11240768685	0.113127522624	0.108689192444	0.123456040447	0.104248244349	0.119751901757	0.155690094886	0.133964904389	0.142625517953	0.116348703074	0.105372048475	0.122866908109	0.103476720276	0.0996440858875	0.107634157557	0.110780065235
CCIS50471204ST-4-0.snv.bam	0.11798259666	0.109213126408	0.121611473276	0.128872053872	0.137476710705	0.108716786852	0.118183704631	0.122829202809	0.0943329053597	0.120334267503	0.0	0.11874444751	0.140224161064	0.133824607334	0.140864010758	0.122833396939	0.131337015871	0.112424093222	0.128172153635	0.114757924281	0.128790219042	0.164235865223	0.119009401513	0.116743114158	0.120486513826	0.150348258041	0.115370696594	0.120894406348	0.160343743199	0.107416305315	0.119949347118	0.145596835225	0.117289963297	0.124776463401	0.133435525622	0.148085302497	0.131416483599	0.13532799009	0.115609699517	0.119908795055	0.115486926342	0.139889067733	0.110837639024	0.0956322708957	0.118166985834	0.102016020217	0.12130128176	0.10516075463	0.133460172085	0.0954938066518	0.170583751885	0.15727603773	0.163382836558	0.129733630329	0.101828782041	0.128988500844	0.121849529333	0.119613043731	0.11950135117	0.114080552878
CCIS59132091ST-4-0.snv.bam	0.118264857155	0.102249694807	0.122957068742	0.101478408162	0.141910220586	0.111370664748	0.120039376043	0.120040837135	0.112238796238	0.12667084491	0.11874444751	0.0	0.130036628041	0.132252536387	0.130883551408	0.114623132347	0.134680844606	0.12897360055	0.13608829577	0.113894575786	0.105128643271	0.155537965097	0.126508508949	0.116204492993	0.131732082928	0.152704524264	0.117104645375	0.105000942878	0.155502424931	0.110133338863	0.123382597835	0.13777583795	0.129964468787	0.126247478211	0.145736062632	0.145883376401	0.13906866113	0.124237909766	0.120856316842	0.0925559899438	0.111325043139	0.155069530905	0.0994405007712	0.118683394808	0.136142072971	0.116566483785	0.114153047431	0.0973532430589	0.120484938089	0.100081187805	0.163546257629	0.161629339859	0.158668697242	0.129658743235	0.117113879012	0.122667800207	0.104066694504	0.143552755071	0.149994392557	0.130022364779
CCIS74726977ST-3-0.snv.bam	0.141265454304	0.13302911223	0.127910423561	0.138187528231	0.107786618671	0.120999359243	0.131623245525	0.115428625646	0.130746960246	0.129547341178	0.140224161064	0.130036628041	0.0	0.150260390223	0.133584120442	0.124228209138	0.132463508745	0.129707760522	0.108862897673	0.128135607553	0.144012978449	0.120081400425	0.129325757227	0.136509937149	0.135831941961	0.139321787187	0.121397341086	0.122087483429	0.152901550984	0.127494487616	0.1226319311	0.107598111783	0.118715932112	0.140568261552	0.114562369879	0.134383795082	0.129430549146	0.13409480137	0.119990933674	0.129031355053	0.114929012638	0.140968630275	0.124227745381	0.132653520848	0.109525630134	0.121833822134	0.111259156346	0.135817588132	0.120888717355	0.137392745844	0.169085916484	0.148120503557	0.157202850071	0.139150858877	0.123280529485	0.136217005573	0.121198373204	0.135938593153	0.146431236952	0.142418366972
CCIS76845094ST-20-0.snv.bam	0.124014454527	0.116188903876	0.106307973238	0.116897601188	0.130604647815	0.121672397164	0.1162051959	0.127920437123	0.122609265506	0.101438048048	0.133824607334	0.132252536387	0.150260390223	0.0	0.141647578428	0.126690871615	0.121135833911	0.138500817816	0.13306096667	0.122654553292	0.120267931528	0.160649743214	0.129451228759	0.120088244758	0.139057780158	0.1418129701	0.124152402553	0.130988346495	0.16050833049	0.118854436451	0.12092046557	0.147883042751	0.126819444611	0.12301775741	0.149376892214	0.150300942077	0.139128432745	0.137254610434	0.122560135667	0.125174684827	0.109652961731	0.154508249041	0.137220653498	0.129222898981	0.130107831896	0.114788732912	0.134451514116	0.126150414199	0.128176804996	0.12890261397	0.16335717854	0.158484560787	0.161403155984	0.0791445792527	0.11543175329	0.143341781688	0.130369692981	0.132853367294	0.141382206185	0.126978112348
CCIS78100604ST-4-0.snv.bam	0.118893359876	0.100783209258	0.110535021139	0.134552636098	0.135380003451	0.116653378847	0.115354961898	0.110432723219	0.121362600727	0.115244809076	0.140864010758	0.130883551408	0.133584120442	0.141647578428	0.0	0.128060114247	0.118737058478	0.120831238478	0.12125984252	0.136604243476	0.135912221824	0.151079498513	0.12983346344	0.124964911247	0.132130251214	0.146408455167	0.13083033061	0.109898474758	0.151864293517	0.108763143973	0.103576311716	0.134581575246	0.113891779309	0.123809332996	0.1207099796	0.135871426126	0.125637939719	0.131314639729	0.110840418891	0.120552546188	0.107180402809	0.1382539766	0.121996776865	0.126138250817	0.12989350261	0.120524068052	0.0898880206623	0.128639977432	0.130852488775	0.123364648544	0.16672503787	0.154730220276	0.15334392176	0.120784353269	0.125829132437	0.122341948811	0.110079270191	0.133738991925	0.137225794722	0.127118522873
CCIS81735969ST-20-0.snv.bam	0.117999478721	0.11778882313	0.108899816215	0.0741180762837	0.118123994274	0.110071677524	0.10555208186	0.101071413704	0.118527939694	0.100488019148	0.122833396939	0.114623132347	0.124228209138	0.126690871615	0.128060114247	0.0	0.107413070628	0.110321851667	0.103397323001	0.102092233417	0.0772761396743	0.154967418382	0.112213493252	0.113524972125	0.124749324781	0.142172062525	0.0988259638098	0.103833087834	0.154160076221	0.109793169486	0.0983692885301	0.12186491907	0.0994464625748	0.111993649171	0.119751400229	0.132931357969	0.115455955039	0.101232160587	0.103827972134	0.10711101489	0.114696619361	0.143226528391	0.115539866482	0.121564807013	0.108591340701	0.122012072593	0.107891214313	0.135321192998	0.106533687805	0.133981695471	0.163286500549	0.131179193929	0.155676337236	0.125179093466	0.123701777242	0.124358691219	0.103064949339	0.130673778196	0.134484560742	0.135890125374
CCIS82146115ST-4-0.snv.bam	0.127987524133	0.123008678521	0.11838168518	0.097817043029	0.114634005059	0.109925084337	0.116150054535	0.11139960802	0.116094681775	0.108501956098	0.131337015871	0.134680844606	0.132463508745	0.121135833911	0.118737058478	0.107413070628	0.0	0.12332010575	0.107507361229	0.105526416451	0.114534970521	0.145050534972	0.125574792402	0.108363547729	0.115180017302	0.120951601879	0.113169911311	0.0999466927884	0.144298371288	0.089319595735	0.0950407485134	0.132083648812	0.115268525568	0.103878192465	0.12161210362	0.1305958204	0.127086127645	0.0932746199017	0.0974304486712	0.122904530849	0.114608452467	0.133371048713	0.1170278323	0.119277039606	0.110030773103	0.111900266503	0.0996667731505	0.126534419014	0.0991406427158	0.123300793475	0.144330324129	0.126752834631	0.146218034057	0.12461389383	0.116021520027	0.101172721537	0.0989031789659	0.129957660888	0.12864400671	0.12406988449
CCMD25963797ST-21-0.snv.bam	0.116002252646	0.110272751476	0.125732216256	0.133014434374	0.123381036812	0.10196493837	0.110034780879	0.098596951673	0.106693621782	0.111852159454	0.112424093222	0.12897360055	0.129707760522	0.138500817816	0.120831238478	0.110321851667	0.12332010575	0.0	0.121623931624	0.120595487143	0.129886362385	0.15386287978	0.131517460317	0.0994088975403	0.125296744595	0.141053136061	0.120761403703	0.109051160445	0.149543601036	0.098997791893	0.0792839955472	0.121999314129	0.115930493988	0.109501730402	0.11701565122	0.121908939014	0.0912105482976	0.112875337627	0.111832238022	0.110877648003	0.111832492408	0.130102101046	0.0955207805544	0.11437256789	0.114322853073	0.103005543232	0.0970198590703	0.110405114454	0.114559932601	0.123069144881	0.158290644568	0.141004610727	0.152508694158	0.113153504543	0.112429877107	0.127133842175	0.108172338818	0.126013121127	0.120027319131	0.127067855659
CCMD26709089ST-21-0.snv.bam	0.12237522186	0.12277847741	0.114255958201	0.1261829653	0.0730995636801	0.112613091718	0.120327747458	0.104657117546	0.12529876085	0.119833100263	0.128172153635	0.13608829577	0.108862897673	0.13306096667	0.12125984252	0.103397323001	0.107507361229	0.121623931624	0.0	0.119594794128	0.129428732237	0.135840486849	0.110238095238	0.120606297491	0.119958372298	0.127674082676	0.115682079923	0.118572713492	0.135136943104	0.106176850285	0.0996452702079	0.0836012861736	0.110480978694	0.117286742851	0.115282969599	0.116169544741	0.121588047774	0.117857378415	0.112594446962	0.122327392996	0.111813658682	0.14066280637	0.114337501966	0.124011486517	0.0802014748613	0.114173935304	0.0998478486463	0.127615263383	0.116986695812	0.134655027378	0.149854003487	0.140124604264	0.13736738491	0.123223952505	0.124036472626	0.115505466534	0.117187278484	0.133630633154	0.13289180535	0.132443673424
M4.1-V3.metaT.snv.bam	0.114235728411	0.103717878114	0.115982612299	0.122990384572	0.125930451811	0.107986937957	0.0982928532037	0.106026835044	0.0958005561348	0.105162618194	0.114757924281	0.113894575786	0.128135607553	0.122654553292	0.136604243476	0.102092233417	0.105526416451	0.120595487143	0.119594794128	0.0	0.129384757802	0.155586808277	0.125755617849	0.099744236091	0.111852601392	0.132863876355	0.0810928561845	0.0963916146665	0.158604373955	0.095081203781	0.108310452332	0.134164807159	0.114887214446	0.110269236993	0.134810180995	0.139675176886	0.126190863669	0.10985943654	0.0950621225112	0.0999128847945	0.108396905317	0.141160509884	0.109680991112	0.0948012168667	0.116780445066	0.124394580006	0.114530096512	0.117257763688	0.12439369684	0.11239661113	0.168486657342	0.127917531684	0.161274687281	0.118401841401	0.0950275096095	0.130756965018	0.0968772496551	0.126249748749	0.12629178353	0.137128286871
NG-5636_312.snv.bam	0.11417653078	0.119365024209	0.133317964751	0.0309984552925	0.133775195243	0.109056668452	0.124079798551	0.122861554409	0.112724075325	0.101671935853	0.128790219042	0.105128643271	0.144012978449	0.120267931528	0.135912221824	0.0772761396743	0.114534970521	0.129886362385	0.129428732237	0.129384757802	0.0	0.155066359575	0.115784780268	0.129296328424	0.1335090388	0.144961827929	0.117878891427	0.128740426861	0.151163485707	0.12388479975	0.120901513498	0.137389542976	0.121837950754	0.132594880672	0.124251678793	0.142605822919	0.14179911386	0.110474448224	0.13364833962	0.126720833736	0.133123118903	0.146886284932	0.119469570989	0.124949229336	0.130735468056	0.11092178187	0.120846928906	0.116406205805	0.11286695052	0.10964149604	0.157387357558	0.14150695717	0.153000459949	0.135430620747	0.121633694858	0.140682893392	0.127934297636	0.139189993375	0.143529778126	0.128623620142
NG-5636_317.snv.bam	0.163013377989	0.156374949813	0.148218552424	0.150565555369	0.14678644871	0.13045463407	0.149898151367	0.133676372846	0.150306327467	0.138795619262	0.164235865223	0.155537965097	0.120081400425	0.160649743214	0.151079498513	0.154967418382	0.145050534972	0.15386287978	0.135840486849	0.155586808277	0.155066359575	0.0	0.157599316225	0.156255375812	0.152271290408	0.0932561191051	0.1517674625	0.156109958146	0.0480369160675	0.144657596094	0.147669522704	0.1433908576	0.145850055563	0.159115439066	0.136431196535	0.102790535927	0.147533533281	0.155143631348	0.146893630583	0.152793712599	0.13040188228	0.100626922491	0.141746392239	0.154573021072	0.137653043666	0.138805581439	0.138130567175	0.159883701351	0.149454378306	0.156198491721	0.112829222795	0.162200912785	0.0494298439052	0.161575106704	0.149492253835	0.161291773178	0.156518334454	0.150370233859	0.15881452212	0.159343319742
NG-5636_372.snv.bam	0.0534788354714	0.0888998440385	0.110822516869	0.119906323185	0.129589443393	0.129021958434	0.128234914674	0.110728609	0.115379024787	0.119900817883	0.119009401513	0.126508508949	0.129325757227	0.129451228759	0.12983346344	0.112213493252	0.125574792402	0.131517460317	0.110238095238	0.125755617849	0.115784780268	0.157599316225	0.0	0.119767966358	0.110774405683	0.126259020376	0.0737743014604	0.109216833221	0.161620292483	0.111256931856	0.112921219448	0.127329192547	0.110426783207	0.131190851061	0.117766830728	0.141191255553	0.121352481122	0.136107776145	0.112428825774	0.126268533532	0.12070909483	0.145311265973	0.111351474942	0.107805409841	0.129610830881	0.107663535472	0.105345085108	0.100577420464	0.132180531539	0.106618142077	0.170590442596	0.155370704459	0.161990918954	0.129272036361	0.095725235412	0.137321976908	0.109978952662	0.126393257795	0.126414875355	0.115457379116
O2.UC11-1.snv.bam	0.101918117357	0.109704754315	0.123898097476	0.129441318732	0.126031401195	0.113229795626	0.0844432992809	0.114232595299	0.102734659169	0.113823633591	0.116743114158	0.116204492993	0.136509937149	0.120088244758	0.124964911247	0.113524972125	0.108363547729	0.0994088975403	0.120606297491	0.099744236091	0.129296328424	0.156255375812	0.119767966358	0.0	0.121616438553	0.133984999582	0.114243026555	0.108576296635	0.150925075429	0.0927415281055	0.110458566215	0.125498061363	0.124098635936	0.0405137660543	0.124768563921	0.138605222112	0.11032208051	0.111980017661	0.102531667199	0.0919907456268	0.106608054009	0.145871580635	0.0939627738076	0.106838733505	0.121020762056	0.11386363754	0.110131563344	0.106056124358	0.115465191215	0.113199040138	0.164949574901	0.146388165178	0.156916933487	0.126443938529	0.0946937760105	0.136831776077	0.106318212668	0.131776791862	0.126725840944	0.131031974749
O2.UC18-1.snv.bam	0.126942505826	0.117866935827	0.0930674230353	0.140016679522	0.12217329811	0.108039079209	0.108636497585	0.0975046330418	0.107940169981	0.116202512924	0.120486513826	0.131732082928	0.135831941961	0.139057780158	0.132130251214	0.124749324781	0.115180017302	0.125296744595	0.119958372298	0.111852601392	0.1335090388	0.152271290408	0.110774405683	0.121616438553	0.0	0.1366075842	0.113276581021	0.10927980219	0.156360323917	0.0940510470629	0.112410255609	0.130021977415	0.106451636273	0.130293086773	0.114592311922	0.133736801433	0.126943113637	0.119795752563	0.110189217292	0.1186855258	0.103525810856	0.136997367302	0.095535941078	0.106250151402	0.119956609693	0.12896794049	0.109436335477	0.129592212578	0.122323457893	0.113375712084	0.152019003131	0.132841892493	0.157990995822	0.117985267526	0.105978770263	0.125470856342	0.109508571387	0.110786493363	0.107050375008	0.139053199507
O2.UC20-1.snv.bam	0.135392038381	0.141332986708	0.137406792705	0.144081136751	0.134998205649	0.121419014431	0.135710840991	0.127614296957	0.141555393237	0.130934994405	0.150348258041	0.152704524264	0.139321787187	0.1418129701	0.146408455167	0.142172062525	0.120951601879	0.141053136061	0.127674082676	0.132863876355	0.144961827929	0.0932561191051	0.126259020376	0.133984999582	0.1366075842	0.0	0.121832507676	0.130084612124	0.0947381543274	0.128553049461	0.132356304049	0.143290995436	0.132146541902	0.140170445821	0.12988102325	0.10708943332	0.141300279057	0.134754122011	0.131043195847	0.134203542603	0.119142418335	0.0967498561708	0.130516619567	0.141564810057	0.124175852976	0.130782732133	0.131670022041	0.147795766574	0.143038292752	0.148759169319	0.10909931365	0.150902964124	0.0946896391369	0.14432975558	0.124357184709	0.148417265966	0.130471469144	0.138029712148	0.14361511383	0.144111427358
O2.UC36-0.snv.bam	0.0916656592444	0.103512638655	0.1103670483	0.118498466416	0.122188400369	0.0988557701721	0.11233486928	0.106400234638	0.115136235229	0.0971773913799	0.115370696594	0.117104645375	0.121397341086	0.124152402553	0.13083033061	0.0988259638098	0.113169911311	0.120761403703	0.115682079923	0.0810928561845	0.117878891427	0.1517674625	0.0737743014604	0.114243026555	0.113276581021	0.121832507676	0.0	0.0938110337867	0.156295560416	0.107401357664	0.102272529966	0.124244459778	0.095383949181	0.123574309514	0.116994311937	0.138551218964	0.131034097744	0.118922992761	0.0958761490144	0.109476216702	0.111502694104	0.139356249551	0.11263846762	0.109639374452	0.123889523125	0.123483178501	0.0996672897753	0.11721329232	0.113065525589	0.117119308837	0.164213863358	0.133520965712	0.159162896041	0.125713101777	0.0969707072699	0.131848162817	0.0948562393639	0.110191437815	0.114003251686	0.122678836723
O2.UC46-1.snv.bam	0.118167925866	0.0782566678092	0.122580577039	0.127234794514	0.122749991368	0.108564919858	0.10867493168	0.11279458559	0.107928940745	0.1046026855	0.120894406348	0.105000942878	0.122087483429	0.130988346495	0.109898474758	0.103833087834	0.0999466927884	0.109051160445	0.118572713492	0.0963916146665	0.128740426861	0.156109958146	0.109216833221	0.108576296635	0.10927980219	0.130084612124	0.0938110337867	0.0	0.157442722941	0.0704654276464	0.0959068486477	0.13181165338	0.0869290843913	0.116240678487	0.113513819136	0.132836418011	0.124032111105	0.115198049065	0.094727994788	0.110251350819	0.106458031215	0.137977362419	0.110997546727	0.0986144043816	0.115674349007	0.115551903582	0.103406294526	0.09785785334	0.12278075514	0.1131006154	0.162160358088	0.139959303098	0.160494726676	0.11597883357	0.106391187079	0.125684553208	0.0087672712553	0.128348192706	0.131046997957	0.13303823827
O2.UC7-0.snv.bam	0.16166862743	0.155733307919	0.148947712176	0.147064646015	0.151365205531	0.128090032562	0.150479979641	0.13287279896	0.1539147755	0.142077449263	0.160343743199	0.155502424931	0.152901550984	0.16050833049	0.151864293517	0.154160076221	0.144298371288	0.149543601036	0.135136943104	0.158604373955	0.151163485707	0.0480369160675	0.161620292483	0.150925075429	0.156360323917	0.0947381543274	0.156295560416	0.157442722941	0.0	0.144354620713	0.150260881691	0.14384646765	0.14875853503	0.151166833055	0.144679099292	0.0835028134205	0.146973505921	0.155979978041	0.151446966141	0.153544697432	0.131358279254	0.0766397781881	0.139578397399	0.160224058082	0.128459509027	0.140732018303	0.140288878659	0.157544385831	0.151679629948	0.155078955932	0.0872159915261	0.167402066163	0.000956866041053	0.159951236703	0.153376888316	0.163176519629	0.158615127952	0.157027577526	0.164254872798	0.161864252917
O2.UC8-1.snv.bam	0.11324826615	0.0848034209017	0.115105445378	0.11782548699	0.11113485841	0.0872107294864	0.0931576715873	0.0973251227456	0.0835328033389	0.094515404132	0.107416305315	0.110133338863	0.127494487616	0.118854436451	0.108763143973	0.109793169486	0.089319595735	0.098997791893	0.106176850285	0.095081203781	0.12388479975	0.144657596094	0.111256931856	0.0927415281055	0.0940510470629	0.128553049461	0.107401357664	0.0704654276464	0.144354620713	0.0	0.0873128073245	0.132135126873	0.0981699411366	0.0955391822843	0.107202979069	0.123837527421	0.0990092092071	0.100726992459	0.101427359379	0.0988758794927	0.0854311508783	0.133827196315	0.0946841977315	0.0741489997995	0.101856314009	0.103420637856	0.0983847447387	0.0736567864116	0.0971721460694	0.07613670905	0.152441638384	0.134878778793	0.147361550556	0.112085420403	0.098994956604	0.110337562252	0.0706027660282	0.121864509468	0.120717736225	0.115102309539
SAMEA3136646.snv.bam	0.119405695263	0.106944050781	0.0999614464555	0.119355397977	0.0991426350556	0.0921429073098	0.100487977232	0.0816347703009	0.106593580871	0.0833319027109	0.119949347118	0.123382597835	0.1226319311	0.12092046557	0.103576311716	0.0983692885301	0.0950407485134	0.0792839955472	0.0996452702079	0.108310452332	0.120901513498	0.147669522704	0.112921219448	0.110458566215	0.112410255609	0.132356304049	0.102272529966	0.0959068486477	0.150260881691	0.0873128073245	0.0	0.121338785949	0.0904102565887	0.112622206467	0.110663047264	0.131073525957	0.0952670220883	0.111345230675	0.0908297860341	0.108343715032	0.096732815253	0.136342261897	0.0997601288198	0.111809893325	0.0974613672288	0.106724800417	0.0786663029429	0.116139123915	0.109579911244	0.113327792609	0.152956093997	0.127762209611	0.151778862762	0.101817916981	0.0950521202719	0.103211855773	0.0952283769933	0.10372519146	0.100757400421	0.0665328326437
SAMEA3136655.snv.bam	0.137471164407	0.140934932575	0.126457561809	0.143987341772	0.0602356503423	0.123708030396	0.124548294153	0.122870767888	0.140703676614	0.136107365107	0.145596835225	0.13777583795	0.107598111783	0.147883042751	0.134581575246	0.12186491907	0.132083648812	0.121999314129	0.0836012861736	0.134164807159	0.137389542976	0.1433908576	0.127329192547	0.125498061363	0.130021977415	0.143290995436	0.124244459778	0.13181165338	0.14384646765	0.132135126873	0.121338785949	0.0	0.128513813778	0.130575492646	0.121514177354	0.124410377358	0.137709865537	0.129741996024	0.12463661067	0.134307414164	0.12670250823	0.135921887567	0.124580148089	0.140900294333	0.085548045429	0.131437309858	0.114442211614	0.141336978393	0.129159151311	0.146371771619	0.159708684675	0.149017290567	0.149071988847	0.135031423414	0.128464685789	0.139723681718	0.131757253464	0.144194301976	0.145446670499	0.143917721861
SAMEA3136656.snv.bam	0.125206245854	0.10035356693	0.114999524714	0.118973542424	0.112441875171	0.109718966783	0.116171292557	0.101685247306	0.120038628097	0.0958691510939	0.117289963297	0.129964468787	0.118715932112	0.126819444611	0.113891779309	0.0994464625748	0.115268525568	0.115930493988	0.110480978694	0.114887214446	0.121837950754	0.145850055563	0.110426783207	0.124098635936	0.106451636273	0.132146541902	0.095383949181	0.0869290843913	0.14875853503	0.0981699411366	0.0904102565887	0.128513813778	0.0	0.12521688141	0.111067889477	0.127957675784	0.121518431735	0.120894927097	0.0938692914287	0.11418833371	0.111953716471	0.146220824835	0.117367454474	0.114746360105	0.110063221649	0.121860189507	0.10835277364	0.118500492152	0.116691790817	0.122059113698	0.16125718092	0.143585577575	0.150390493396	0.120043078166	0.105847549119	0.124344660888	0.0864840808002	0.112338330959	0.11598423275	0.111993285426
SAMEA3136662.snv.bam	0.108103757787	0.121760842089	0.128078384652	0.120345829154	0.1224242214	0.113644838645	0.0852823689812	0.118756006594	0.115572614136	0.116021272235	0.124776463401	0.126247478211	0.140568261552	0.12301775741	0.123809332996	0.111993649171	0.103878192465	0.109501730402	0.117286742851	0.110269236993	0.132594880672	0.159115439066	0.131190851061	0.0405137660543	0.130293086773	0.140170445821	0.123574309514	0.116240678487	0.151166833055	0.0955391822843	0.112622206467	0.130575492646	0.12521688141	0.0	0.129777052397	0.138228531892	0.112848602915	0.111703578411	0.113446649757	0.0917953075455	0.111421625625	0.147811330901	0.0995025747165	0.120738919665	0.119056212157	0.120820389855	0.119122565176	0.118314931791	0.105853828555	0.129069600995	0.16421621113	0.153426572054	0.157174723378	0.132069443164	0.119047499677	0.143539197003	0.114949972248	0.136331125658	0.132511484959	0.131010941264
SAMEA3136674.snv.bam	0.127616240472	0.125290758869	0.128497004983	0.130938400372	0.124256450232	0.104268862447	0.126000634886	0.116852578267	0.125523406015	0.122591521924	0.133435525622	0.145736062632	0.114562369879	0.149376892214	0.1207099796	0.119751400229	0.12161210362	0.11701565122	0.115282969599	0.134810180995	0.124251678793	0.136431196535	0.117766830728	0.124768563921	0.114592311922	0.12988102325	0.116994311937	0.113513819136	0.144679099292	0.107202979069	0.110663047264	0.121514177354	0.111067889477	0.129777052397	0.0	0.123347356555	0.134966056711	0.124674187096	0.1134623778	0.133128216308	0.112168549415	0.136218691257	0.108482946957	0.127534554903	0.115077702509	0.127516392922	0.106213048474	0.130377505895	0.127116169699	0.126801605811	0.146969014397	0.129167228458	0.146525264884	0.135516835698	0.113393446825	0.133503752809	0.114135481081	0.134693609608	0.136112694457	0.118559720823
SAMEA3136688.snv.bam	0.146659595929	0.129449116834	0.1269989269	0.13599537037	0.132382246377	0.125256958489	0.133755868507	0.12045746872	0.140726095608	0.136234311689	0.148085302497	0.145883376401	0.134383795082	0.150300942077	0.135871426126	0.132931357969	0.1305958204	0.121908939014	0.116169544741	0.139675176886	0.142605822919	0.102790535927	0.141191255553	0.138605222112	0.133736801433	0.10708943332	0.138551218964	0.132836418011	0.0835028134205	0.123837527421	0.131073525957	0.124410377358	0.127957675784	0.138228531892	0.123347356555	0.0	0.131440627508	0.136164936996	0.134224041413	0.134011686247	0.115537418742	0.093098461734	0.122372804214	0.139047096023	0.115436607013	0.131617235374	0.111753176727	0.14071148378	0.132759291437	0.142630710135	0.0908995457781	0.147134251153	0.0848814974454	0.132925344421	0.13512060938	0.130083888202	0.134351946286	0.146882317023	0.152364908715	0.145171547618
SAMEA3136693.snv.bam	0.115532689145	0.126161629657	0.116952009093	0.134701678728	0.132860367999	0.101042543072	0.121524164928	0.0923391346502	0.107106957315	0.115163096408	0.131416483599	0.13906866113	0.129430549146	0.139128432745	0.125637939719	0.115455955039	0.127086127645	0.0912105482976	0.121588047774	0.126190863669	0.14179911386	0.147533533281	0.121352481122	0.11032208051	0.126943113637	0.141300279057	0.131034097744	0.124032111105	0.146973505921	0.0990092092071	0.0952670220883	0.137709865537	0.121518431735	0.112848602915	0.134966056711	0.131440627508	0.0	0.113531952388	0.119777860381	0.119506159969	0.107081125443	0.14103579666	0.108190591101	0.114797114349	0.113285478772	0.110612355613	0.107501910257	0.125176624835	0.103866640144	0.122127867207	0.167837925175	0.152789059132	0.15015226563	0.135865951991	0.124148915755	0.11865788452	0.123655367603	0.130888549016	0.132323966895	0.124199026707
SAMEA3136708.snv.bam	0.133939995803	0.129604446606	0.131033145333	0.101685107347	0.125664640943	0.104306767108	0.109807461383	0.11814175486	0.103051522586	0.0969654372189	0.13532799009	0.124237909766	0.13409480137	0.137254610434	0.131314639729	0.101232160587	0.0932746199017	0.112875337627	0.117857378415	0.10985943654	0.110474448224	0.155143631348	0.136107776145	0.111980017661	0.119795752563	0.134754122011	0.118922992761	0.115198049065	0.155979978041	0.100726992459	0.111345230675	0.129741996024	0.120894927097	0.111703578411	0.124674187096	0.136164936996	0.113531952388	0.0	0.117687284914	0.117931172786	0.112122880368	0.139518275084	0.11151895891	0.124386911958	0.119051947781	0.126582036934	0.110892024043	0.12896929696	0.0941254871394	0.132330713799	0.161408940312	0.132918594389	0.157950777453	0.136669303612	0.120782836865	0.11979310538	0.114919251876	0.131339814976	0.12757537554	0.141051691893
SAMEA3136714.snv.bam	0.123623756052	0.1092866078	0.0957020413792	0.132750758496	0.124615096096	0.106240670811	0.113681580058	0.0955744967557	0.111049897884	0.102146738713	0.115609699517	0.120856316842	0.119990933674	0.122560135667	0.110840418891	0.103827972134	0.0974304486712	0.111832238022	0.112594446962	0.0950621225112	0.13364833962	0.146893630583	0.112428825774	0.102531667199	0.110189217292	0.131043195847	0.0958761490144	0.094727994788	0.151446966141	0.101427359379	0.0908297860341	0.12463661067	0.0938692914287	0.113446649757	0.1134623778	0.134224041413	0.119777860381	0.117687284914	0.0	0.109698631876	0.0913956040705	0.132752819203	0.106827553489	0.112287682021	0.107556342852	0.123227348845	0.0938029290543	0.120398204961	0.119897380507	0.123980937107	0.161325599242	0.137001821523	0.153102231348	0.110256019537	0.0974283432872	0.11167041473	0.0948438809037	0.121003569112	0.113871780063	0.123349578019
SAMEA3136719.snv.bam	0.102581442963	0.106864969642	0.108092667348	0.127048871151	0.128578899637	0.112104555382	0.0714089072517	0.0966881743379	0.113375125209	0.10633831991	0.119908795055	0.0925559899438	0.129031355053	0.125174684827	0.120552546188	0.10711101489	0.122904530849	0.110877648003	0.122327392996	0.0999128847945	0.126720833736	0.152793712599	0.126268533532	0.0919907456268	0.1186855258	0.134203542603	0.109476216702	0.110251350819	0.153544697432	0.0988758794927	0.108343715032	0.134307414164	0.11418833371	0.0917953075455	0.133128216308	0.134011686247	0.119506159969	0.117931172786	0.109698631876	0.0	0.103905234518	0.140197012172	0.103512635347	0.114545667433	0.125295579138	0.116506463583	0.110921178161	0.115686323385	0.123100251964	0.125170503163	0.161251576548	0.150871533379	0.155873870881	0.112897811058	0.112265140598	0.125397801831	0.10765502204	0.129366362771	0.128203818103	0.125942914863
SAMEA3136733.snv.bam	0.122680582877	0.109574443207	0.0848172742463	0.125759129396	0.119382484022	0.090455991143	0.0993715551278	0.0825898441969	0.111324896587	0.105378329618	0.115486926342	0.111325043139	0.114929012638	0.109652961731	0.107180402809	0.114696619361	0.114608452467	0.111832492408	0.111813658682	0.108396905317	0.133123118903	0.13040188228	0.12070909483	0.106608054009	0.103525810856	0.119142418335	0.111502694104	0.106458031215	0.131358279254	0.0854311508783	0.096732815253	0.12670250823	0.111953716471	0.111421625625	0.112168549415	0.115537418742	0.107081125443	0.112122880368	0.0913956040705	0.103905234518	0.0	0.122534132014	0.100924692273	0.113633246451	0.101086628829	0.111095777808	0.0941382477744	0.12102969741	0.109873892699	0.112438535403	0.137487631794	0.136648563424	0.134227947686	0.101831314255	0.104156933195	0.113857922738	0.106569755214	0.122858822552	0.123062231194	0.114868785711
SAMEA3136737.snv.bam	0.151076148012	0.142103044796	0.133859291848	0.140349414369	0.14340878016	0.121031777243	0.141369723189	0.122664363976	0.146208458774	0.138269928646	0.139889067733	0.155069530905	0.140968630275	0.154508249041	0.1382539766	0.143226528391	0.133371048713	0.130102101046	0.14066280637	0.141160509884	0.146886284932	0.100626922491	0.145311265973	0.145871580635	0.136997367302	0.0967498561708	0.139356249551	0.137977362419	0.0766397781881	0.133827196315	0.136342261897	0.135921887567	0.146220824835	0.147811330901	0.136218691257	0.093098461734	0.14103579666	0.139518275084	0.132752819203	0.140197012172	0.122534132014	0.0	0.123594672938	0.147697687424	0.127814121192	0.13298743658	0.129499732203	0.146571999188	0.138499969266	0.151559834194	0.0993319566834	0.159213744232	0.0784178555779	0.145413436166	0.137048708945	0.151089687157	0.140681123561	0.145858825756	0.146513817308	0.152148886603
