	158256496-posteriorfornix2.snv.bam	158944319-posteriorfornix1.snv.bam	158944319-posteriorfornix2.snv.bam	158944319-posteriorfornix3.snv.bam	159753524-posteriorfornix1.snv.bam	159753524-posteriorfornix2.snv.bam	159753524-posteriorfornix3.snv.bam	160502038-posteriorfornix1.snv.bam	160502038-posteriorfornix2.snv.bam	160502038-posteriorfornix3.snv.bam	160582958-posteriorfornix1.snv.bam	160582958-posteriorfornix2.snv.bam	160582958-posteriorfornix3.snv.bam	160643649-posteriorfornix1.snv.bam	160704339-posteriorfornix1.snv.bam	275382046-supragingivalplaque3.snv.bam	550534656-posteriorfornix1.snv.bam	550534656-posteriorfornix2.snv.bam	638754422-posteriorfornix1.snv.bam	638754422-posteriorfornix2.snv.bam	638754422-posteriorfornix3.snv.bam	675950834-posteriorfornix1.snv.bam	675950834-posteriorfornix2.snv.bam	737052003-posteriorfornix1.snv.bam	737052003-posteriorfornix2.snv.bam	763557224-posteriorfornix3.snv.bam	763577454-midvagina1.snv.bam	763577454-midvagina2.snv.bam	763719065-posteriorfornix3.snv.bam	763719065-vaginalintroitus3.snv.bam	763759525-posteriorfornix1.snv.bam	763901136-posteriorfornix1.snv.bam	763901136-posteriorfornix2.snv.bam	763901136-posteriorfornix3.snv.bam	763901136-vaginalintroitus3.snv.bam	763921366-posteriorfornix3.snv.bam	764042746-posteriorfornix1.snv.bam	764042746-posteriorfornix2.snv.bam	764042746-vaginalintroitus2.snv.bam	764366428-posteriorfornix2.snv.bam	764366428-posteriorfornix3.snv.bam	764366428-vaginalintroitus3.snv.bam	764467579-posteriorfornix3.snv.bam	764649650-posteriorfornix1.snv.bam	764811490-posteriorfornix2.snv.bam	765013792-posteriorfornix1.snv.bam	765013792-posteriorfornix2.snv.bam	765013792-posteriorfornix3.snv.bam	765256553-posteriorfornix3.snv.bam	765620695-posteriorfornix1.snv.bam	CCIS41806458ST-4-0.snv.bam	DLM012.snv.bam
158256496-posteriorfornix2.snv.bam	0.0	0.0370780370072	0.0371230002025	0.0370072405471	0.293398587646	0.29372407608	0.293263349588	0.102405809941	0.0922685829493	0.0915812441835	0.0901390224422	0.0901651990875	0.0901469153502	0.0371928956	0.266748885333	0.0371489117028	0.0459088542899	0.0458567980692	0.240444377825	0.0553798269608	0.04686766199	0.0636277174561	0.0637009878269	0.293704967341	0.293644408689	0.0991014980656	0.00318587662338	0.00165289256198	0.0730519480519	0.0730519480519	0.039060859183	0.0459731306049	0.0460020760906	0.0458567980692	0.0459146383144	0.0392828410527	0.333968677961	0.262801874555	0.281942686112	0.0287465238793	0.028300489919	0.0282617954664	0.0370072405471	0.0989114785293	0.296513045688	0.164416012122	0.185373629994	0.182753112654	0.2230254129	0.072020707265	0.598827675305	0.2777860235
158944319-posteriorfornix1.snv.bam	0.0370780370072	0.0	0.000186556115579	7.0796460177e-05	0.327258603736	0.327508130303	0.327123365678	0.0654693658545	0.0553321388624	0.0546448000967	0.0532778937385	0.0532287550006	0.0532104712633	0.0710529116901	0.229812441246	0.000212467615912	0.00897241020302	0.0089203539823	0.203035286916	0.0170879170358	0.00993121790312	0.0266912733692	0.02676454374	0.327564983431	0.327504424779	0.0621650539787	0.0373482142857	0.0364363636364	0.107214285714	0.107214285714	0.00212441509612	0.00903668651799	0.00906563200369	0.0089203539823	0.00897819422754	0.00234639696586	0.296222568215	0.225723837548	0.244864649105	0.0622489820897	0.0621605060091	0.0621218115565	7.0796460177e-05	0.0619750344424	0.258766935942	0.126124102197	0.148437185907	0.145816668567	0.186088968814	0.0358537899192	0.600591423902	0.303914739229
158944319-posteriorfornix2.snv.bam	0.0371230002025	0.000186556115579	0.0	0.000115759655402	0.327303566932	0.327553093498	0.327168328873	0.0655143290497	0.0553771020576	0.0546897632919	0.0533228569337	0.0532737181958	0.0531837781224	0.0710262185491	0.229786037042	0.000257430811137	0.00901737339824	0.00896531717753	0.203223508711	0.0171345302566	0.00997618109835	0.0266645802282	0.026737850599	0.327609946626	0.327549387974	0.0622100171739	0.037393578938	0.0364825531005	0.107098068527	0.107098068527	0.00216937829135	0.00908164971322	0.00911059519891	0.00896531717753	0.00902315742277	0.00239136016109	0.296294493215	0.225750241752	0.244891053309	0.0622222889487	0.0621338128681	0.0620951184155	0.000115759655402	0.0620199976376	0.258956853429	0.126170715418	0.148482149102	0.145861631762	0.186133932009	0.0358987531144	0.600711643116	0.304115509144
158944319-posteriorfornix3.snv.bam	0.0370072405471	7.0796460177e-05	0.000115759655402	0.0	0.327187807276	0.327437333843	0.327052569218	0.0653985693943	0.0552613424022	0.0545740036365	0.0532070972783	0.0531579585404	0.0531396748032	0.0709821152299	0.229741644786	0.000141671155735	0.00890161374284	0.00884955752212	0.203106715488	0.0170145225404	0.00986042144295	0.026620476909	0.0266937472798	0.327494186971	0.327433628319	0.0620942575185	0.0372767857143	0.0363636363636	0.107142857143	0.107142857143	0.00205361863594	0.00896589005781	0.00899483554351	0.00884955752212	0.00890739776737	0.00227560050569	0.296294640287	0.225794634008	0.244935445565	0.0621781856295	0.0620897095489	0.0620510150963	0.0	0.0619042379822	0.258839008014	0.126050707702	0.148366389447	0.145745872107	0.186018172353	0.035782993459	0.600665497976	0.303990929705
159753524-posteriorfornix1.snv.bam	0.293398587646	0.327258603736	0.327303566932	0.327187807276	0.0	0.000408582870428	0.000501661914436	0.269382729175	0.302505542459	0.302001501935	0.309378940086	0.309428078824	0.309531021902	0.327002152223	0.203438793262	0.327127698863	0.336089421019	0.336037364798	0.214957158613	0.317083336787	0.322519374133	0.353808284185	0.353881554556	0.000611536850711	0.000245821042283	0.31833962695	0.295064484127	0.299747474747	0.365823412698	0.365823412698	0.326087217912	0.336153697334	0.33618264282	0.336037364798	0.336095205044	0.325333614272	0.478096175251	0.4360535387	0.449530784266	0.31835981128	0.318481056648	0.318234137313	0.327187807276	0.318285757894	0.173843674668	0.238777125016	0.231980870257	0.232591237608	0.212812665962	0.291404813817	0.563731341598	0.277226001512
159753524-posteriorfornix2.snv.bam	0.29372407608	0.327508130303	0.327553093498	0.327437333843	0.000408582870428	0.0	0.000779809129767	0.269632255742	0.302755069025	0.302251028501	0.309628466653	0.309677605391	0.309780548469	0.327327640657	0.20320897572	0.327377225429	0.336338947586	0.336286891365	0.215208913095	0.317342020291	0.3227689007	0.354057810752	0.354131081123	0.000528477636573	0.000162761828145	0.318589153516	0.295392878707	0.300081840138	0.366151807279	0.366151807279	0.326336744478	0.336403223901	0.336361372926	0.336286891365	0.33634473161	0.325583140838	0.478350197791	0.436303065267	0.449780310832	0.318685299714	0.318806545082	0.318559625746	0.327437333843	0.318535284461	0.173681788342	0.238867110296	0.232230396823	0.232840764174	0.212653644881	0.291737434821	0.563464858329	0.277136613976
159753524-posteriorfornix3.snv.bam	0.293263349588	0.327123365678	0.327168328873	0.327052569218	0.000501661914436	0.000779809129767	0.0	0.269247491116	0.3023703044	0.301866263876	0.309243702028	0.309292840766	0.309395783844	0.326866914165	0.203810019521	0.326992460804	0.33595418296	0.33590212674	0.214820713071	0.316943135864	0.322148147874	0.353673046127	0.353746316497	0.00098276311005	0.000617047301622	0.318204388891	0.294928038586	0.299608548378	0.365686967157	0.365686967157	0.325951979853	0.336018459275	0.336047404761	0.33590212674	0.335959966985	0.325198376213	0.478095000607	0.435918300641	0.449395546207	0.318224573221	0.318345818589	0.318098899254	0.327052569218	0.318150519836	0.173948589416	0.239038453901	0.231845632198	0.232455999549	0.213183892221	0.291638307322	0.563872840678	0.27722868628
160502038-posteriorfornix1.snv.bam	0.102405809941	0.0654693658545	0.0655143290497	0.0653985693943	0.269382729175	0.269632255742	0.269247491116	0.0	0.0869510097054	0.0831057354418	0.102901270441	0.102852131703	0.102833847966	0.136009374518	0.171936566685	0.0655402405501	0.0743001831372	0.0742481269165	0.153855317796	0.0752607320741	0.0658743414132	0.0920190463034	0.0920923166742	0.26968910887	0.269628550217	0.11171499037	0.102366413764	0.103545803105	0.173125342335	0.173125342335	0.0655667400158	0.0743644594522	0.0743934049379	0.0742481269165	0.0743059671617	0.0676741699	0.318205483428	0.248969775462	0.271541277328	0.127576755024	0.127413282693	0.127449584491	0.0653985693943	0.111598411145	0.199992396974	0.0957430305877	0.0959872414139	0.0890628947633	0.136063718087	0.0422919871496	0.59999952518	0.317818400771
160502038-posteriorfornix2.snv.bam	0.0922685829493	0.0553321388624	0.0553771020576	0.0552613424022	0.302505542459	0.302755069025	0.3023703044	0.0869510097054	0.0	0.00418240981992	0.016020495319	0.015971356581	0.0159530728438	0.125872147526	0.205059379969	0.055403013558	0.0641629561451	0.0641108999243	0.185909594038	0.0633231484569	0.0557371144211	0.0818818193112	0.0819550896821	0.302811922154	0.302751363501	0.0248342152478	0.0921386758165	0.0931321062859	0.162897604388	0.162897604388	0.0554295130236	0.0641569978765	0.0642561779457	0.0641108999243	0.0641687401696	0.0575369429079	0.345361033814	0.274233500413	0.29337431197	0.117439528032	0.117276055701	0.117312357499	0.0552613424022	0.0247176360228	0.233712017705	0.16779397974	0.182938251119	0.172882953918	0.223014727793	0.0816477326083	0.584270198839	0.289346501522
160502038-posteriorfornix3.snv.bam	0.0915812441835	0.0546448000967	0.0546897632919	0.0545740036365	0.302001501935	0.302251028501	0.301866263876	0.0831057354418	0.00418240981992	0.0	0.0200131642185	0.0199640254806	0.0198737941212	0.125184808761	0.204556832134	0.0546434335063	0.0634756173793	0.0634235611586	0.183199568036	0.062535693908	0.0549775343694	0.0811944805455	0.0812677509163	0.30230788163	0.302247322977	0.0288268841473	0.0914452000975	0.0924260219175	0.162204128669	0.162204128669	0.0546702266358	0.0635398936943	0.06356883918	0.0634235611586	0.0634814014038	0.0568496041422	0.343919746457	0.272817722566	0.291958534123	0.11667994798	0.116588716935	0.116625018733	0.0545740036365	0.0287103049223	0.23327365893	0.164560551838	0.178948787948	0.168893490746	0.219025264621	0.080235459118	0.585534950326	0.291281367758
160582958-posteriorfornix1.snv.bam	0.0901390224422	0.0532778937385	0.0533228569337	0.0532070972783	0.309378940086	0.309628466653	0.309243702028	0.102901270441	0.016020495319	0.0200131642185	0.0	0.000170365553282	0.000227719059802	0.123742587019	0.212080334265	0.0533487684341	0.0621087110212	0.0620566548005	0.201929677804	0.0649856396116	0.0593316496141	0.0798275741873	0.0799008445582	0.309685319781	0.309624761129	0.00910666453138	0.0899901013764	0.090944466856	0.160749029948	0.160749029948	0.0539783826784	0.0621729873362	0.0622019328218	0.0620566548005	0.0621144950457	0.055482697784	0.350267059907	0.278929783665	0.298070595222	0.115309967525	0.115146495194	0.115182796991	0.0532070972783	0.00908585640221	0.24164286777	0.181135771107	0.198816564233	0.188761267031	0.238893040906	0.0889900907374	0.58218653419	0.284902941828
160582958-posteriorfornix2.snv.bam	0.0901651990875	0.0532287550006	0.0532737181958	0.0531579585404	0.309428078824	0.309677605391	0.309292840766	0.102852131703	0.015971356581	0.0199640254806	0.000170365553282	0.0	0.000178580321891	0.123768763665	0.212103143149	0.0532996296962	0.0620595722833	0.0620075160626	0.201952690339	0.0649721437884	0.0592825108762	0.0797784354494	0.0798517058203	0.309734458519	0.309673899867	0.00905752579347	0.0900165117417	0.0909713574097	0.160775440313	0.160775440313	0.0540011915626	0.0621238485982	0.0621527940839	0.0620075160626	0.0620653563078	0.0554335590461	0.350290279762	0.278952592549	0.298093404106	0.115214917355	0.115172671839	0.115208973637	0.0531579585404	0.0090367176643	0.241666087625	0.181159417015	0.198839373117	0.188784075915	0.23891584979	0.0889409519995	0.582210399042	0.28500854223
160582958-posteriorfornix3.snv.bam	0.0901469153502	0.0532104712633	0.0531837781224	0.0531396748032	0.309531021902	0.309780548469	0.309395783844	0.102833847966	0.0159530728438	0.0198737941212	0.000227719059802	0.000178580321891	0.0	0.123662424629	0.212012618126	0.0532813459589	0.062041288546	0.0619892323253	0.201934243354	0.0649531890883	0.0592642271389	0.0796720964134	0.0797453667843	0.309837401597	0.309776842945	0.00911487929999	0.0899980647568	0.0909525750251	0.160668151821	0.160668151821	0.0539106665394	0.062105564861	0.0621345103467	0.0619892323253	0.0620470725705	0.0554152753088	0.350182024707	0.278846253513	0.29798706507	0.115229805134	0.115066332803	0.115102634601	0.0531396748032	0.00901843392703	0.241647474451	0.181065569972	0.198748848094	0.188693550892	0.238825324767	0.0889226682622	0.582099136902	0.284988865446
160643649-posteriorfornix1.snv.bam	0.0371928956	0.0710529116901	0.0710262185491	0.0709821152299	0.327002152223	0.327327640657	0.326866914165	0.136009374518	0.125872147526	0.125184808761	0.123742587019	0.123768763665	0.123662424629	0.0	0.30035244991	0.0711237863856	0.0798837289727	0.079831672752	0.274347974229	0.0902165498709	0.080471226567	0.0445052470062	0.044578517377	0.327308531918	0.327247973266	0.132705062643	0.0372923951049	0.0365543547362	0.0537587412587	0.0537587412587	0.0730357338658	0.0799480052877	0.0799769507734	0.079831672752	0.0798895129973	0.0732577157356	0.31754631616	0.253058422334	0.270043466903	0.00962405342936	0.00917801946906	0.00913932501647	0.0709821152299	0.132515043106	0.330722079897	0.199637671197	0.218977194571	0.216356677231	0.257000287583	0.105995581948	0.600444640715	0.313949859664
160704339-posteriorfornix1.snv.bam	0.266748885333	0.229812441246	0.229786037042	0.229741644786	0.203438793262	0.20320897572	0.203810019521	0.171936566685	0.205059379969	0.204556832134	0.212080334265	0.212103143149	0.212012618126	0.30035244991	0.0	0.229681536372	0.238643258529	0.238591202308	0.122930217504	0.224282386967	0.224441100391	0.256362121695	0.256435392066	0.203558688028	0.20319297222	0.220966001816	0.268176838043	0.272370962371	0.338935766614	0.338935766614	0.227914937881	0.238707534844	0.238605375774	0.238591202308	0.238649042553	0.229235955785	0.392301139856	0.34559936718	0.362822253837	0.291624845165	0.291831354335	0.291584434999	0.229741644786	0.220839595404	0.101597252422	0.119985519068	0.117290351904	0.118757005632	0.0621989237554	0.194728178068	0.554447210091	0.275499738357
275382046-supragingivalplaque3.snv.bam	0.0371489117028	0.000212467615912	0.000257430811137	0.000141671155735	0.327127698863	0.327377225429	0.326992460804	0.0655402405501	0.055403013558	0.0546434335063	0.0533487684341	0.0532996296962	0.0532813459589	0.0711237863856	0.229681536372	0.0	0.00904328489858	0.00899122867786	0.203046070392	0.0169522083135	0.00980031302935	0.0267621480647	0.0268354184356	0.327434078557	0.327373519905	0.0622359286743	0.0374197217911	0.0365091712782	0.10728579322	0.10728579322	0.00219528979168	0.00910756121355	0.00913650669924	0.00899122867786	0.0090490689231	0.00241727166142	0.296438864076	0.225936305164	0.245077116721	0.0622209790476	0.0622313807046	0.062192686252	0.000141671155735	0.0620459091379	0.258777816566	0.125988393475	0.148306281033	0.145685763693	0.18595806394	0.0359246646148	0.600517267971	0.303926241603
550534656-posteriorfornix1.snv.bam	0.0459088542899	0.00897241020302	0.00901737339824	0.00890161374284	0.336089421019	0.336338947586	0.33595418296	0.0743001831372	0.0641629561451	0.0634756173793	0.0621087110212	0.0620595722833	0.062041288546	0.0798837289727	0.238643258529	0.00904328489858	0.0	5.20562207184e-05	0.212087807925	0.0262428010078	0.0187620351858	0.0355220906518	0.0355953610227	0.336395800714	0.336335242061	0.0708471392022	0.0462578781513	0.0455080213904	0.11612394958	0.11612394958	0.0109552323788	0.0178675038007	0.0177369977995	0.017751171265	0.0176933310197	0.0111772142485	0.305356643467	0.234696247751	0.253837059308	0.0710797993724	0.0709913232917	0.0709526288391	0.00890161374284	0.070805851725	0.267901011194	0.135278986169	0.157268003189	0.15464748585	0.194919786096	0.0446846072019	0.609870291004	0.313570761638
550534656-posteriorfornix2.snv.bam	0.0458567980692	0.0089203539823	0.00896531717753	0.00884955752212	0.336037364798	0.336286891365	0.33590212674	0.0742481269165	0.0641108999243	0.0634235611586	0.0620566548005	0.0620075160626	0.0619892323253	0.079831672752	0.238591202308	0.00899122867786	5.20562207184e-05	0.0	0.212035286916	0.026188834467	0.0187099789651	0.0354700344311	0.035543304802	0.336343744493	0.336283185841	0.0707950829815	0.0462053571429	0.0454545454545	0.116071428571	0.116071428571	0.0109031761581	0.0178154475799	0.0176849415787	0.0176991150442	0.017641274799	0.0111251580278	0.305303649296	0.234644191531	0.253785003088	0.0710277431516	0.070939267071	0.0709005726184	0.00884955752212	0.0707537955043	0.267848017023	0.135225019629	0.157215946969	0.154595429629	0.194867729876	0.0446325509811	0.609924757235	0.313514739229
638754422-posteriorfornix1.snv.bam	0.240444377825	0.203035286916	0.203223508711	0.203106715488	0.214957158613	0.215208913095	0.214820713071	0.153855317796	0.185909594038	0.183199568036	0.201929677804	0.201952690339	0.201934243354	0.274347974229	0.122930217504	0.203046070392	0.212087807925	0.212035286916	0.0	0.193457122016	0.194178662731	0.229964875226	0.230038799797	0.21526627384	0.215205174486	0.210894681672	0.241648217429	0.245394056281	0.313044613825	0.313044613825	0.201538423975	0.203224086707	0.203253290634	0.203106715488	0.203165072164	0.201235967188	0.30935498021	0.251983906412	0.268120244814	0.265542444441	0.265687474242	0.265501673471	0.203106715488	0.210692430552	0.0539025022972	0.154847999191	0.150781222187	0.142476705438	0.116808747557	0.182516587017	0.529764532092	0.205982610411
638754422-posteriorfornix2.snv.bam	0.0553798269608	0.0170879170358	0.0171345302566	0.0170145225404	0.317083336787	0.317342020291	0.316943135864	0.0752607320741	0.0633231484569	0.062535693908	0.0649856396116	0.0649721437884	0.0649531890883	0.0902165498709	0.224282386967	0.0169522083135	0.0262428010078	0.026188834467	0.193457122016	0.0	0.0166787592436	0.0446118976846	0.0446878568764	0.317400959773	0.317338178785	0.0650620684171	0.0549035458973	0.0552319146878	0.12710626566	0.12710626566	0.0163210719866	0.0263094360866	0.0263394437919	0.026188834467	0.0262487972901	0.0152451909546	0.309945995693	0.239701636038	0.259544862698	0.0811686660523	0.0813827535406	0.0811267729452	0.0170145225404	0.0739524273108	0.251182681614	0.13505935889	0.156129591319	0.148511802547	0.186105471501	0.052212519872	0.592671867622	0.305938780422
638754422-posteriorfornix3.snv.bam	0.04686766199	0.00993121790312	0.00997618109835	0.00986042144295	0.322519374133	0.3227689007	0.322148147874	0.0658743414132	0.0557371144211	0.0549775343694	0.0593316496141	0.0592825108762	0.0592642271389	0.080471226567	0.224441100391	0.00980031302935	0.0187620351858	0.0187099789651	0.194178662731	0.0166787592436	0.0	0.036480898352	0.0365541687228	0.322825753828	0.322765195175	0.0681453695429	0.0463323894915	0.0464929783914	0.117091318063	0.117091318063	0.00957662856671	0.0188263115008	0.0188552569865	0.0187099789651	0.0187678192103	0.0113315167193	0.298387349183	0.22797321433	0.247114025887	0.0717436218217	0.0719501309918	0.0719114365393	0.00986042144295	0.0679449082562	0.24983052235	0.128988712824	0.14866756666	0.144618829636	0.184453497066	0.0435338234118	0.59616903275	0.300442219406
675950834-posteriorfornix1.snv.bam	0.0636277174561	0.0266912733692	0.0266645802282	0.026620476909	0.353808284185	0.354057810752	0.353673046127	0.0920190463034	0.0818818193112	0.0811944805455	0.0798275741873	0.0797784354494	0.0796720964134	0.0445052470062	0.256362121695	0.0267621480647	0.0355220906518	0.0354700344311	0.229964875226	0.0446118976846	0.036480898352	0.0	0.000216879056111	0.35411466388	0.354054105228	0.0887147344275	0.0641349454528	0.0637101262793	0.08042958831	0.08042958831	0.0286740955449	0.0355863669668	0.0356153124525	0.0354700344311	0.0355278746764	0.0288960774147	0.27231182611	0.208624542727	0.225609587296	0.0357013174058	0.0356128413252	0.0355741468726	0.026620476909	0.0885247148912	0.285939133156	0.153648082846	0.174986866356	0.172366349016	0.212567281863	0.062403470368	0.59153440981	0.332639633426
675950834-posteriorfornix2.snv.bam	0.0637009878269	0.02676454374	0.026737850599	0.0266937472798	0.353881554556	0.354131081123	0.353746316497	0.0920923166742	0.0819550896821	0.0812677509163	0.0799008445582	0.0798517058203	0.0797453667843	0.044578517377	0.256435392066	0.0268354184356	0.0355953610227	0.035543304802	0.230038799797	0.0446878568764	0.0365541687228	0.000216879056111	0.0	0.354187934251	0.354127375598	0.0887880047984	0.0642088700234	0.0637853949329	0.0805035128806	0.0805035128806	0.0287473659158	0.0356596373377	0.0356885828234	0.035543304802	0.0356011450472	0.0289693477855	0.272459959599	0.208770054384	0.225755098953	0.0357745877766	0.035686111696	0.0356474172434	0.0266937472798	0.088597985262	0.286013723714	0.153724042038	0.175060136726	0.172439619387	0.212711919633	0.0624767407389	0.591382161502	0.332718486302
737052003-posteriorfornix1.snv.bam	0.293704967341	0.327564983431	0.327609946626	0.327494186971	0.000611536850711	0.000528477636573	0.00098276311005	0.26968910887	0.302811922154	0.30230788163	0.309685319781	0.309734458519	0.309837401597	0.327308531918	0.203558688028	0.327434078557	0.336395800714	0.336343744493	0.21526627384	0.317400959773	0.322825753828	0.35411466388	0.354187934251	0.0	0.000365715808427	0.318646006644	0.295373599355	0.299934169279	0.366132527926	0.366132527926	0.326393597607	0.336460077029	0.336489022515	0.336343744493	0.336401584738	0.325639993966	0.4784080753	0.436359918395	0.44983716396	0.318666190975	0.318787436343	0.318540517008	0.327494186971	0.318592137589	0.173655074217	0.239156261588	0.232592407108	0.232897617303	0.212932560728	0.291711193512	0.563410777658	0.277355031117
737052003-posteriorfornix2.snv.bam	0.293644408689	0.327504424779	0.327549387974	0.327433628319	0.000245821042283	0.000162761828145	0.000617047301622	0.269628550217	0.302751363501	0.302247322977	0.309624761129	0.309673899867	0.309776842945	0.327247973266	0.20319297222	0.327373519905	0.336335242061	0.336283185841	0.215205174486	0.317338178785	0.322765195175	0.354054105228	0.354127375598	0.000365715808427	0.0	0.318585447992	0.2953125	0.3	0.366071428571	0.366071428571	0.326333038954	0.336399518376	0.336428463862	0.336283185841	0.336341026086	0.325579435314	0.478346425501	0.436299359742	0.449776605308	0.318605632322	0.31872687769	0.318479958355	0.327433628319	0.318531578937	0.173593424418	0.238777125016	0.232226691299	0.23283705865	0.21256684492	0.29165063486	0.563474139951	0.276961451247
763557224-posteriorfornix3.snv.bam	0.0991014980656	0.0621650539787	0.0622100171739	0.0620942575185	0.31833962695	0.318589153516	0.318204388891	0.11171499037	0.0248342152478	0.0288268841473	0.00910666453138	0.00905752579347	0.00911487929999	0.132705062643	0.220966001816	0.0622359286743	0.0708471392022	0.0707950829815	0.210894681672	0.0650620684171	0.0681453695429	0.0887147344275	0.0887880047984	0.318646006644	0.318585447992	0.0	0.0990325991035	0.100151373633	0.160862956246	0.160862956246	0.0629374905407	0.0710601475763	0.0709403610028	0.0709438150407	0.0708859747954	0.0643698580242	0.350303820567	0.287815451216	0.306956262773	0.124272443148	0.124108970817	0.124145272615	0.0620942575185	0.0179730166424	0.250688637439	0.190385585886	0.207702231784	0.197646934582	0.247778708457	0.0978772509776	0.58222431598	0.294546666319
763577454-midvagina1.snv.bam	0.00318587662338	0.0373482142857	0.037393578938	0.0372767857143	0.295064484127	0.295392878707	0.294928038586	0.102366413764	0.0921386758165	0.0914452000975	0.0899901013764	0.0900165117417	0.0899980647568	0.0372923951049	0.268176838043	0.0374197217911	0.0462578781513	0.0462053571429	0.241648217429	0.0549035458973	0.0463323894915	0.0641349454528	0.0642088700234	0.295373599355	0.2953125	0.0990325991035	0.0	0.00159090909091	0.0736486486486	0.0736486486486	0.0393487402309	0.0463227283619	0.0463519322894	0.0462053571429	0.0462637138189	0.0395727040816	0.328380405516	0.257471897022	0.276307637044	0.0289423126477	0.0284922962413	0.0284532563025	0.0372767857143	0.0988408829642	0.298237544451	0.165875251292	0.186426749525	0.183431103108	0.224955834607	0.0726028726708	0.60448791696	0.279429945055
763577454-midvagina2.snv.bam	0.00165289256198	0.0364363636364	0.0364825531005	0.0363636363636	0.299747474747	0.300081840138	0.299608548378	0.103545803105	0.0931321062859	0.0924260219175	0.090944466856	0.0909713574097	0.0909525750251	0.0365543547362	0.272370962371	0.0365091712782	0.0455080213904	0.0454545454545	0.245394056281	0.0552319146878	0.0464929783914	0.0637101262793	0.0637853949329	0.299934169279	0.3	0.100151373633	0.00159090909091	0.0	0.0733944954128	0.0733944954128	0.0384732627806	0.0455740506958	0.0456037856038	0.0454545454545	0.045513963161	0.0387012987013	0.332841153766	0.26056229515	0.279740503172	0.0278776274231	0.0274194289002	0.0273796791444	0.0363636363636	0.0999561717454	0.303066017496	0.167354029618	0.188776381886	0.186084395891	0.227455031599	0.0723320158103	0.598621020141	0.284173669468
763719065-posteriorfornix3.snv.bam	0.0730519480519	0.107214285714	0.107098068527	0.107142857143	0.365823412698	0.366151807279	0.365686967157	0.173125342335	0.162897604388	0.162204128669	0.160749029948	0.160775440313	0.160668151821	0.0537587412587	0.338935766614	0.10728579322	0.11612394958	0.116071428571	0.313044613825	0.12710626566	0.117091318063	0.08042958831	0.0805035128806	0.366132527926	0.366071428571	0.160862956246	0.0736486486486	0.0733944954128	0.0	0.0	0.109214811659	0.11618879979	0.116218003718	0.116071428571	0.116129785247	0.10943877551	0.286771730386	0.257988009456	0.269759843377	0.0452369555048	0.0447869390984	0.0447478991597	0.107142857143	0.169599811536	0.370282998996	0.238328954996	0.256833946495	0.254190031679	0.294821906035	0.142468944099	0.619027909298	0.336401098901
763719065-vaginalintroitus3.snv.bam	0.0730519480519	0.107214285714	0.107098068527	0.107142857143	0.365823412698	0.366151807279	0.365686967157	0.173125342335	0.162897604388	0.162204128669	0.160749029948	0.160775440313	0.160668151821	0.0537587412587	0.338935766614	0.10728579322	0.11612394958	0.116071428571	0.313044613825	0.12710626566	0.117091318063	0.08042958831	0.0805035128806	0.366132527926	0.366071428571	0.160862956246	0.0736486486486	0.0733944954128	0.0	0.0	0.109214811659	0.11618879979	0.116218003718	0.116071428571	0.116129785247	0.10943877551	0.286771730386	0.257988009456	0.269759843377	0.0452369555048	0.0447869390984	0.0447478991597	0.107142857143	0.169599811536	0.370282998996	0.238328954996	0.256833946495	0.254190031679	0.294821906035	0.142468944099	0.619027909298	0.336401098901
763759525-posteriorfornix1.snv.bam	0.039060859183	0.00212441509612	0.00216937829135	0.00205361863594	0.326087217912	0.326336744478	0.325951979853	0.0655667400158	0.0554295130236	0.0546702266358	0.0539783826784	0.0540011915626	0.0539106665394	0.0730357338658	0.227914937881	0.00219528979168	0.0109552323788	0.0109031761581	0.201538423975	0.0163210719866	0.00957662856671	0.0286740955449	0.0287473659158	0.326393597607	0.326333038954	0.0629374905407	0.0393487402309	0.0384732627806	0.109214811659	0.109214811659	0.0	0.0110195086938	0.0110484541795	0.0109031761581	0.0109610164033	0.00395264222579	0.296755089314	0.226364927595	0.245505739152	0.0642318042655	0.0641433281848	0.0638964088494	0.00205361863594	0.0626635889425	0.257256587749	0.126397181074	0.147764739851	0.144869695321	0.1849480276	0.0376153731569	0.600305550604	0.303620698123
763901136-posteriorfornix1.snv.bam	0.0459731306049	0.00903668651799	0.00908164971322	0.00896589005781	0.336153697334	0.336403223901	0.336018459275	0.0743644594522	0.0641569978765	0.0635398936943	0.0621729873362	0.0621238485982	0.062105564861	0.0799480052877	0.238707534844	0.00910756121355	0.0178675038007	0.0178154475799	0.203224086707	0.0263094360866	0.0188263115008	0.0355863669668	0.0356596373377	0.336460077029	0.336399518376	0.0710601475763	0.0463227283619	0.0455740506958	0.11618879979	0.11618879979	0.0110195086938	0.0	0.000261610557075	0.00011633253569	0.000174172780933	0.0112414905635	0.305126700569	0.234760524066	0.253901335623	0.0711440756873	0.0708449820688	0.0710169051541	0.00896589005781	0.07087012804	0.258957436632	0.135345621248	0.157332279504	0.154711762165	0.194984062411	0.0447488835168	0.609886833136	0.313553746875
763901136-posteriorfornix2.snv.bam	0.0460020760906	0.00906563200369	0.00911059519891	0.00899483554351	0.33618264282	0.336361372926	0.336047404761	0.0743934049379	0.0642561779457	0.06356883918	0.0622019328218	0.0621527940839	0.0621345103467	0.0799769507734	0.238605375774	0.00913650669924	0.0177369977995	0.0176849415787	0.203253290634	0.0263394437919	0.0188552569865	0.0356153124525	0.0356885828234	0.336489022515	0.336428463862	0.0709403610028	0.0463519322894	0.0456037856038	0.116218003718	0.116218003718	0.0110484541795	0.000261610557075	0.0	0.000145278021384	8.74377761416e-05	0.0112704360492	0.305156167595	0.234789469552	0.253930281109	0.071173021173	0.0709590194538	0.0710458506398	0.00899483554351	0.0708990735257	0.258986903658	0.135375628954	0.15736122499	0.15474070765	0.195013007897	0.0447778290025	0.610076761091	0.313671086052
763901136-posteriorfornix3.snv.bam	0.0458567980692	0.0089203539823	0.00896531717753	0.00884955752212	0.336037364798	0.336286891365	0.33590212674	0.0742481269165	0.0641108999243	0.0634235611586	0.0620566548005	0.0620075160626	0.0619892323253	0.079831672752	0.238591202308	0.00899122867786	0.017751171265	0.0176991150442	0.203106715488	0.026188834467	0.0187099789651	0.0354700344311	0.035543304802	0.336343744493	0.336283185841	0.0709438150407	0.0462053571429	0.0454545454545	0.116071428571	0.116071428571	0.0109031761581	0.00011633253569	0.000145278021384	0.0	5.78402452427e-05	0.0111251580278	0.305008271951	0.234644191531	0.253785003088	0.0710277431516	0.0708137414324	0.0709005726184	0.00884955752212	0.0707537955043	0.258839008014	0.135225019629	0.157215946969	0.154595429629	0.194867729876	0.0446325509811	0.609924757235	0.313514739229
763901136-vaginalintroitus3.snv.bam	0.0459146383144	0.00897819422754	0.00902315742277	0.00890739776737	0.336095205044	0.33634473161	0.335959966985	0.0743059671617	0.0641687401696	0.0634814014038	0.0621144950457	0.0620653563078	0.0620470725705	0.0798895129973	0.238649042553	0.0090490689231	0.0176933310197	0.017641274799	0.203165072164	0.0262487972901	0.0187678192103	0.0355278746764	0.0356011450472	0.336401584738	0.336341026086	0.0708859747954	0.0462637138189	0.045513963161	0.116129785247	0.116129785247	0.0109610164033	0.000174172780933	8.74377761416e-05	5.78402452427e-05	0.0	0.0111829982731	0.305067154363	0.234702031776	0.253842843333	0.0710855833969	0.0708715816776	0.0709584128637	0.00890739776737	0.0708116357496	0.258897890426	0.135284982452	0.157273787214	0.154653269874	0.194925570121	0.0446903912264	0.60998527527	0.31357698635
763921366-posteriorfornix3.snv.bam	0.0392828410527	0.00234639696586	0.00239136016109	0.00227560050569	0.325333614272	0.325583140838	0.325198376213	0.0676741699	0.0575369429079	0.0568496041422	0.055482697784	0.0554335590461	0.0554152753088	0.0732577157356	0.229235955785	0.00241727166142	0.0111772142485	0.0111251580278	0.201235967188	0.0152451909546	0.0113315167193	0.0288960774147	0.0289693477855	0.325639993966	0.325579435314	0.0643698580242	0.0395727040816	0.0387012987013	0.10943877551	0.10943877551	0.00395264222579	0.0112414905635	0.0112704360492	0.0111251580278	0.0111829982731	0.0	0.294407038399	0.223940441004	0.243081252561	0.0644537861352	0.0643653100546	0.064326615602	0.00227560050569	0.0640959564261	0.256951406127	0.127972944487	0.150220582451	0.147600065111	0.185512483352	0.0380585939647	0.601811882456	0.303265306122
764042746-posteriorfornix1.snv.bam	0.333968677961	0.296222568215	0.296294493215	0.296294640287	0.478096175251	0.478350197791	0.478095000607	0.318205483428	0.345361033814	0.343919746457	0.350267059907	0.350290279762	0.350182024707	0.31754631616	0.392301139856	0.296438864076	0.305356643467	0.305303649296	0.30935498021	0.309945995693	0.298387349183	0.27231182611	0.272459959599	0.4784080753	0.478346425501	0.350303820567	0.328380405516	0.332841153766	0.286771730386	0.286771730386	0.296755089314	0.305126700569	0.305156167595	0.305008271951	0.305067154363	0.294407038399	0.0	0.0673770243289	0.0490500884113	0.308583757198	0.308365899592	0.308454295304	0.296294640287	0.359108756374	0.323399717426	0.337330867856	0.344213142878	0.345422800238	0.330995103172	0.297208355411	0.608165057356	0.332942572475
764042746-posteriorfornix2.snv.bam	0.262801874555	0.225723837548	0.225750241752	0.225794634008	0.4360535387	0.436303065267	0.435918300641	0.248969775462	0.274233500413	0.272817722566	0.278929783665	0.278952592549	0.278846253513	0.253058422334	0.34559936718	0.225936305164	0.234696247751	0.234644191531	0.251983906412	0.239701636038	0.22797321433	0.208624542727	0.208770054384	0.436359918395	0.436299359742	0.287815451216	0.257471897022	0.26056229515	0.257988009456	0.257988009456	0.226364927595	0.234760524066	0.234789469552	0.234644191531	0.234702031776	0.223940441004	0.0673770243289	0.0	0.0310590562284	0.244254492734	0.244166016653	0.244127322201	0.225794634008	0.287614989929	0.296360630383	0.28102908537	0.290201089534	0.288117955865	0.287548039712	0.233513491562	0.605133911576	0.329108622788
764042746-vaginalintroitus2.snv.bam	0.281942686112	0.244864649105	0.244891053309	0.244935445565	0.449530784266	0.449780310832	0.449395546207	0.271541277328	0.29337431197	0.291958534123	0.298070595222	0.298093404106	0.29798706507	0.270043466903	0.362822253837	0.245077116721	0.253837059308	0.253785003088	0.268120244814	0.259544862698	0.247114025887	0.225609587296	0.225755098953	0.44983716396	0.449776605308	0.306956262773	0.276307637044	0.279740503172	0.269759843377	0.269759843377	0.245505739152	0.253901335623	0.253930281109	0.253785003088	0.253842843333	0.243081252561	0.0490500884113	0.0310590562284	0.0	0.261239537303	0.261151061222	0.26111236677	0.244935445565	0.306755801486	0.306343459805	0.301048213567	0.310412281824	0.308125710051	0.30345173767	0.254065011016	0.600174288794	0.321778094133
764366428-posteriorfornix2.snv.bam	0.0287465238793	0.0622489820897	0.0622222889487	0.0621781856295	0.31835981128	0.318685299714	0.318224573221	0.127576755024	0.117439528032	0.11667994798	0.115309967525	0.115214917355	0.115229805134	0.00962405342936	0.291624845165	0.0622209790476	0.0710797993724	0.0710277431516	0.265542444441	0.0811686660523	0.0717436218217	0.0357013174058	0.0357745877766	0.318666190975	0.318605632322	0.124272443148	0.0289423126477	0.0278776274231	0.0452369555048	0.0452369555048	0.0642318042655	0.0711440756873	0.071173021173	0.0710277431516	0.0710855833969	0.0644537861352	0.308583757198	0.244254492734	0.261239537303	0.0	0.000731647748353	0.000692953295765	0.0621781856295	0.124082423612	0.321837221013	0.190204851214	0.210249589825	0.207629072486	0.247901372732	0.0971916523475	0.591422541415	0.304669986099
764366428-posteriorfornix3.snv.bam	0.028300489919	0.0621605060091	0.0621338128681	0.0620897095489	0.318481056648	0.318806545082	0.318345818589	0.127413282693	0.117276055701	0.116588716935	0.115146495194	0.115172671839	0.115066332803	0.00917801946906	0.291831354335	0.0622313807046	0.0709913232917	0.070939267071	0.265687474242	0.0813827535406	0.0719501309918	0.0356128413252	0.035686111696	0.318787436343	0.31872687769	0.124108970817	0.0284922962413	0.0274194289002	0.0447869390984	0.0447869390984	0.0641433281848	0.0708449820688	0.0709590194538	0.0708137414324	0.0708715816776	0.0643653100546	0.308365899592	0.244166016653	0.261151061222	0.000731647748353	0.0	0.000246919335462	0.0620897095489	0.123918951281	0.321983557388	0.190418938702	0.210381102745	0.207760585405	0.248107881902	0.0971031762669	0.591440018635	0.304779537759
764366428-vaginalintroitus3.snv.bam	0.0282617954664	0.0621218115565	0.0620951184155	0.0620510150963	0.318234137313	0.318559625746	0.318098899254	0.127449584491	0.117312357499	0.116625018733	0.115182796991	0.115208973637	0.115102634601	0.00913932501647	0.291584434999	0.062192686252	0.0709526288391	0.0709005726184	0.265501673471	0.0811267729452	0.0719114365393	0.0355741468726	0.0356474172434	0.318540517008	0.318479958355	0.124145272615	0.0284532563025	0.0273796791444	0.0447478991597	0.0447478991597	0.0638964088494	0.0710169051541	0.0710458506398	0.0709005726184	0.0709584128637	0.064326615602	0.308454295304	0.244127322201	0.26111236677	0.000692953295765	0.000246919335462	0.0	0.0620510150963	0.123955253079	0.321796082736	0.190162958107	0.21020917966	0.20758866232	0.247860962567	0.0970644818143	0.591270699188	0.304513805522
764467579-posteriorfornix3.snv.bam	0.0370072405471	7.0796460177e-05	0.000115759655402	0.0	0.327187807276	0.327437333843	0.327052569218	0.0653985693943	0.0552613424022	0.0545740036365	0.0532070972783	0.0531579585404	0.0531396748032	0.0709821152299	0.229741644786	0.000141671155735	0.00890161374284	0.00884955752212	0.203106715488	0.0170145225404	0.00986042144295	0.026620476909	0.0266937472798	0.327494186971	0.327433628319	0.0620942575185	0.0372767857143	0.0363636363636	0.107142857143	0.107142857143	0.00205361863594	0.00896589005781	0.00899483554351	0.00884955752212	0.00890739776737	0.00227560050569	0.296294640287	0.225794634008	0.244935445565	0.0621781856295	0.0620897095489	0.0620510150963	0.0	0.0619042379822	0.258839008014	0.126050707702	0.148366389447	0.145745872107	0.186018172353	0.035782993459	0.600665497976	0.303990929705
764649650-posteriorfornix1.snv.bam	0.0989114785293	0.0619750344424	0.0620199976376	0.0619042379822	0.318285757894	0.318535284461	0.318150519836	0.111598411145	0.0247176360228	0.0287103049223	0.00908585640221	0.0090367176643	0.00901843392703	0.132515043106	0.220839595404	0.0620459091379	0.070805851725	0.0707537955043	0.210692430552	0.0739524273108	0.0679449082562	0.0885247148912	0.088597985262	0.318592137589	0.318531578937	0.0179730166424	0.0988408829642	0.0999561717454	0.169599811536	0.169599811536	0.0626635889425	0.07087012804	0.0708990735257	0.0707537955043	0.0708116357496	0.0640959564261	0.359108756374	0.287614989929	0.306755801486	0.124082423612	0.123918951281	0.123955253079	0.0619042379822	0.0	0.250559953434	0.181052348913	0.207585652559	0.197530355357	0.24757824717	0.0976872314412	0.591395199424	0.29445576548
764811490-posteriorfornix2.snv.bam	0.296513045688	0.258766935942	0.258956853429	0.258839008014	0.173843674668	0.173681788342	0.173948589416	0.199992396974	0.233712017705	0.23327365893	0.24164286777	0.241666087625	0.241647474451	0.330722079897	0.101597252422	0.258777816566	0.267901011194	0.267848017023	0.0539025022972	0.251182681614	0.24983052235	0.285939133156	0.286013723714	0.173655074217	0.173593424418	0.250688637439	0.298237544451	0.303066017496	0.370282998996	0.370282998996	0.257256587749	0.258957436632	0.258986903658	0.258839008014	0.258897890426	0.256951406127	0.323399717426	0.296360630383	0.306343459805	0.321837221013	0.321983557388	0.321796082736	0.258839008014	0.250559953434	0.0	0.170174020704	0.165696213563	0.163572724381	0.109927631213	0.223194668022	0.520050559212	0.17750636723
765013792-posteriorfornix1.snv.bam	0.164416012122	0.126124102197	0.126170715418	0.126050707702	0.238777125016	0.238867110296	0.239038453901	0.0957430305877	0.16779397974	0.164560551838	0.181135771107	0.181159417015	0.181065569972	0.199637671197	0.119985519068	0.125988393475	0.135278986169	0.135225019629	0.154847999191	0.13505935889	0.128988712824	0.153648082846	0.153724042038	0.239156261588	0.238777125016	0.190385585886	0.165875251292	0.167354029618	0.238328954996	0.238328954996	0.126397181074	0.135345621248	0.135375628954	0.135225019629	0.135284982452	0.127972944487	0.337330867856	0.28102908537	0.301048213567	0.190204851214	0.190418938702	0.190162958107	0.126050707702	0.181052348913	0.170174020704	0.0	0.00418110334432	0.0108452566012	0.056308891684	0.100338087654	0.585563273155	0.277397849675
