	103092734-palatinetonsils3.snv.bam	158216035-tonguedorsum2.snv.bam	158256496-tonguedorsum2.snv.bam	158337416-tonguedorsum1.snv.bam	158337416-tonguedorsum2.snv.bam	158458797-tonguedorsum1.snv.bam	158479027-tonguedorsum1.snv.bam	158479027-tonguedorsum2.snv.bam	158499257-tonguedorsum2.snv.bam	158742018-tonguedorsum1.snv.bam	158802708-tonguedorsum1.snv.bam	158802708-tonguedorsum2.snv.bam	158802708-tonguedorsum3.snv.bam	158883629-tonguedorsum1.snv.bam	158883629-tonguedorsum2.snv.bam	158883629-tonguedorsum3.snv.bam	158944319-tonguedorsum1.snv.bam	158944319-tonguedorsum2.snv.bam	158944319-tonguedorsum3.snv.bam	159005010-tonguedorsum2.snv.bam	159207311-tonguedorsum1.snv.bam	159207311-tonguedorsum3.snv.bam	159227541-tonguedorsum2.snv.bam	159227541-tonguedorsum3.snv.bam	159247771-tonguedorsum2.snv.bam	159268001-buccalmucosa3.snv.bam	159268001-tonguedorsum1.snv.bam	159268001-tonguedorsum2.snv.bam	159268001-tonguedorsum3.snv.bam	159369152-tonguedorsum1.snv.bam	159369152-tonguedorsum2.snv.bam	159470302-tonguedorsum1.snv.bam	159490532-tonguedorsum1.snv.bam	159510762-supragingivalplaque3.snv.bam	159510762-tonguedorsum2.snv.bam	159571453-tonguedorsum1.snv.bam	159571453-tonguedorsum2.snv.bam	159713063-tonguedorsum2.snv.bam	159733294-tonguedorsum1.snv.bam	159753524-tonguedorsum1.snv.bam	159753524-tonguedorsum3.snv.bam	159814214-tonguedorsum1.snv.bam	159814214-tonguedorsum2.snv.bam	159915365-tonguedorsum1.snv.bam	160158126-tonguedorsum1.snv.bam	160158126-tonguedorsum2.snv.bam	160178356-tonguedorsum1.snv.bam	160178356-tonguedorsum2.snv.bam	160178356-tonguedorsum3.snv.bam	160218816-tonguedorsum1.snv.bam	160319967-tonguedorsum1.snv.bam	160319967-tonguedorsum2.snv.bam	160319967-tonguedorsum3.snv.bam	160380657-buccalmucosa2.snv.bam	160380657-tonguedorsum1.snv.bam	160380657-tonguedorsum2.snv.bam	160380657-tonguedorsum3.snv.bam	160421117-tonguedorsum1.snv.bam	160421117-tonguedorsum2.snv.bam	160421117-tonguedorsum3.snv.bam	160502038-tonguedorsum1.snv.bam	160502038-tonguedorsum2.snv.bam	160502038-tonguedorsum3.snv.bam	160582958-tonguedorsum3.snv.bam	160603188-tonguedorsum1.snv.bam	160603188-tonguedorsum2.snv.bam	160603188-tonguedorsum3.snv.bam	160643649-tonguedorsum1.snv.bam	160765029-tonguedorsum1.snv.bam	160906640-tonguedorsum1.snv.bam	160947100-tonguedorsum1.snv.bam	178713055-tonguedorsum2.snv.bam	234447334-tonguedorsum2.snv.bam	246515023-tonguedorsum1.snv.bam	275382046-palatinetonsils2.snv.bam	295137534-tonguedorsum2.snv.bam	338793263-tonguedorsum1.snv.bam	338793263-tonguedorsum2.snv.bam	370425937-tonguedorsum1.snv.bam	404239096-tonguedorsum1.snv.bam	550534656-tonguedorsum1.snv.bam	550534656-tonguedorsum2.snv.bam	604812005-tonguedorsum1.snv.bam	604812005-tonguedorsum2.snv.bam	604812005-tonguedorsum3.snv.bam	638754422-tonguedorsum2.snv.bam	675950834-tonguedorsum1.snv.bam	675950834-tonguedorsum2.snv.bam	675950834-tonguedorsum3.snv.bam	682102541-tonguedorsum3.snv.bam	686765762-tonguedorsum1.snv.bam	686765762-tonguedorsum2.snv.bam	686765762-tonguedorsum3.snv.bam	706846339-tonguedorsum1.snv.bam	763395383-anteriornares3.snv.bam	763395383-tonguedorsum3.snv.bam	763435843-tonguedorsum1.snv.bam	763435843-tonguedorsum2.snv.bam	763496533-palatinetonsils1.snv.bam	763496533-palatinetonsils2.snv.bam	763496533-throat1.snv.bam	763496533-throat2.snv.bam	763496533-tonguedorsum2.snv.bam	763536994-tonguedorsum1.snv.bam	763536994-tonguedorsum2.snv.bam	763536994-tonguedorsum3.snv.bam	763759525-tonguedorsum2.snv.bam	763820215-tonguedorsum1.snv.bam	763820215-tonguedorsum2.snv.bam	763840445-tonguedorsum1.snv.bam	763840445-tonguedorsum2.snv.bam	763860675-tonguedorsum1.snv.bam	763860675-tonguedorsum2.snv.bam	763982056-tonguedorsum2.snv.bam	764083206-tonguedorsum1.snv.bam	764083206-tonguedorsum2.snv.bam	764143897-tonguedorsum1.snv.bam	764143897-tonguedorsum2.snv.bam	764224817-tonguedorsum1.snv.bam	764224817-tonguedorsum2.snv.bam	764285508-tonguedorsum2.snv.bam	764366428-tonguedorsum3.snv.bam	764447348-tonguedorsum1.snv.bam	764447348-tonguedorsum2.snv.bam	764487809-tonguedorsum1.snv.bam	764487809-tonguedorsum2.snv.bam	764508039-tonguedorsum1.snv.bam	764508039-tonguedorsum3.snv.bam	764588959-tonguedorsum2.snv.bam	764649650-tonguedorsum1.snv.bam	764649650-tonguedorsum2.snv.bam	764811490-tonguedorsum1.snv.bam	764811490-tonguedorsum2.snv.bam	764872181-tonguedorsum1.snv.bam	765013792-tonguedorsum1.snv.bam	765013792-tonguedorsum2.snv.bam	765013792-tonguedorsum3.snv.bam	765155402-tonguedorsum3.snv.bam	765337473-tonguedorsum1.snv.bam	765337473-tonguedorsum2.snv.bam	765337473-tonguedorsum3.snv.bam	765377934-palatinetonsils3.snv.bam	765560005-tonguedorsum1.snv.bam	765620695-tonguedorsum1.snv.bam	765640925-tonguedorsum1.snv.bam	765701615-tonguedorsum1.snv.bam	765701615-tonguedorsum2.snv.bam	809635352-tonguedorsum1.snv.bam	809635352-tonguedorsum2.snv.bam	823052294-tonguedorsum2.snv.bam	823052294-tonguedorsum3.snv.bam	861967750-tonguedorsum1.snv.bam	861967750-tonguedorsum2.snv.bam	937415040-tonguedorsum1.snv.bam	953045535-tonguedorsum2.snv.bam	V1.CD41-0.snv.bam	alien-11-378-0.snv.bam
103092734-palatinetonsils3.snv.bam	0.0	0.0609951845907	0.115569823435	0.110754414125	0.104333868379	0.0529695024077	0.128410914928	0.134831460674	0.123595505618	0.0818619582665	0.091492776886	0.0963081861958	0.0979133226324	0.105939004815	0.134831460674	0.152487961477	0.0963081861958	0.0802568218299	0.0738362760835	0.0674157303371	0.0898876404494	0.0802568218299	0.0577849117175	0.0738362760835	0.120385232745	0.0963081861958	0.117174959872	0.0818619582665	0.0979133226324	0.120385232745	0.123595505618	0.0658105939005	0.138041733547	0.0658105939005	0.0754414125201	0.0642054574639	0.0770465489567	0.0770465489567	0.110754414125	0.0963081861958	0.107544141252	0.0850722311396	0.0947030497592	0.104333868379	0.15088282504	0.154093097913	0.0545746388443	0.112359550562	0.0706260032103	0.118780096308	0.0882825040128	0.115569823435	0.105939004815	0.0674157303371	0.0882825040128	0.0802568218299	0.0850722311396	0.0818619582665	0.0690208667737	0.083467094703	0.0754414125201	0.0545746388443	0.0593900481541	0.115569823435	0.107544141252	0.0818619582665	0.0690208667737	0.0963081861958	0.0754414125201	0.0802568218299	0.125200642055	0.141252006421	0.113964686998	0.101123595506	0.0786516853933	0.0866773675762	0.0930979133226	0.0674157303371	0.0754414125201	0.0738362760835	0.0786516853933	0.0818619582665	0.0642054574639	0.0658105939005	0.0963081861958	0.126805778491	0.102728731942	0.091492776886	0.101123595506	0.0674157303371	0.104333868379	0.128410914928	0.109149277689	0.091492776886	0.0	0.0818619582665	0.0674157303371	0.099518459069	0.0898876404494	0.105939004815	0.102728731942	0.0947030497592	0.099518459069	0.104333868379	0.0898876404494	0.0770465489567	0.0866773675762	0.121990369181	0.109149277689	0.101123595506	0.115569823435	0.0898876404494	0.0963081861958	0.099518459069	0.110754414125	0.0963081861958	0.117174959872	0.121990369181	0.118780096308	0.102728731942	0.102728731942	0.0642054574639	0.099518459069	0.101123595506	0.099518459069	0.120385232745	0.0947030497592	0.110754414125	0.125200642055	0.109149277689	0.0802568218299	0.0850722311396	0.0850722311396	0.0770465489567	0.0609951845907	0.0706260032103	0.0722311396469	0.0754414125201	0.117174959872	0.0674157303371	0.0642054574639	0.0786516853933	0.0963081861958	0.109149277689	0.121990369181	0.0866773675762	0.091492776886	0.134831460674	0.0979133226324	0.117174959872	0.109149277689	0.113964686998	0.0802568218299	0.0690208667737	0.0786516853933	0.0706260032103	0.104333868379
158216035-tonguedorsum2.snv.bam	0.0609951845907	0.0	0.083467094703	0.0658105939005	0.0818619582665	0.0385232744783	0.0545746388443	0.0818619582665	0.0706260032103	0.0337078651685	0.0642054574639	0.0609951845907	0.0529695024077	0.0674157303371	0.0738362760835	0.0979133226324	0.0401284109149	0.0288924558587	0.0401284109149	0.0208667736758	0.0385232744783	0.0337078651685	0.0256821829856	0.0385232744783	0.0786516853933	0.0321027287319	0.0738362760835	0.0433386837881	0.0401284109149	0.0979133226324	0.101123595506	0.0176565008026	0.099518459069	0.0256821829856	0.0337078651685	0.0385232744783	0.0497592295345	0.024077046549	0.0465489566613	0.0609951845907	0.0674157303371	0.0609951845907	0.0593900481541	0.0609951845907	0.0979133226324	0.117174959872	0.0112359550562	0.0577849117175	0.0192616372392	0.0642054574639	0.0208667736758	0.0738362760835	0.0706260032103	0.0272873194222	0.0304975922953	0.024077046549	0.0256821829856	0.0353130016051	0.0192616372392	0.0224719101124	0.0256821829856	0.0369181380417	0.0288924558587	0.0690208667737	0.0561797752809	0.0337078651685	0.0304975922953	0.0465489566613	0.0577849117175	0.0369181380417	0.0513643659711	0.0770465489567	0.0417335473515	0.0593900481541	0.0353130016051	0.0256821829856	0.0593900481541	0.0224719101124	0.0593900481541	0.0433386837881	0.0353130016051	0.0433386837881	0.0176565008026	0.016051364366	0.0304975922953	0.0626003210273	0.0658105939005	0.0609951845907	0.0706260032103	0.0144462279294	0.0369181380417	0.0385232744783	0.0449438202247	0.0658105939005	0.0626003210273	0.0433386837881	0.0144462279294	0.0561797752809	0.0545746388443	0.0802568218299	0.0674157303371	0.0626003210273	0.0674157303371	0.0658105939005	0.0401284109149	0.0353130016051	0.0369181380417	0.0577849117175	0.0529695024077	0.0449438202247	0.0513643659711	0.0353130016051	0.0465489566613	0.0545746388443	0.0674157303371	0.0529695024077	0.0626003210273	0.0674157303371	0.0818619582665	0.0642054574639	0.0497592295345	0.0353130016051	0.0593900481541	0.0642054574639	0.0738362760835	0.0979133226324	0.0433386837881	0.0930979133226	0.0818619582665	0.0561797752809	0.0417335473515	0.0513643659711	0.0304975922953	0.0417335473515	0.0353130016051	0.0353130016051	0.024077046549	0.0288924558587	0.0513643659711	0.0722311396469	0.0192616372392	0.0529695024077	0.0353130016051	0.0609951845907	0.0770465489567	0.0224719101124	0.0272873194222	0.0658105939005	0.0561797752809	0.0626003210273	0.0674157303371	0.0545746388443	0.0385232744783	0.0337078651685	0.0337078651685	0.0144462279294	0.0465489566613
158256496-tonguedorsum2.snv.bam	0.115569823435	0.083467094703	0.0	0.126805778491	0.136436597111	0.0947030497592	0.118780096308	0.131621187801	0.0866773675762	0.0979133226324	0.0963081861958	0.0802568218299	0.0963081861958	0.117174959872	0.130016051364	0.144462279294	0.109149277689	0.0818619582665	0.0802568218299	0.0674157303371	0.101123595506	0.083467094703	0.0786516853933	0.0866773675762	0.105939004815	0.091492776886	0.126805778491	0.104333868379	0.0963081861958	0.138041733547	0.142857142857	0.0754414125201	0.157303370787	0.0979133226324	0.104333868379	0.101123595506	0.112359550562	0.101123595506	0.113964686998	0.105939004815	0.121990369181	0.0898876404494	0.0866773675762	0.126805778491	0.142857142857	0.162118780096	0.0609951845907	0.113964686998	0.083467094703	0.133226324238	0.0898876404494	0.134831460674	0.128410914928	0.0609951845907	0.0738362760835	0.0561797752809	0.0609951845907	0.0802568218299	0.0674157303371	0.0690208667737	0.0786516853933	0.0802568218299	0.0706260032103	0.117174959872	0.0963081861958	0.0963081861958	0.0898876404494	0.0898876404494	0.0850722311396	0.0947030497592	0.113964686998	0.123595505618	0.0963081861958	0.0818619582665	0.105939004815	0.0866773675762	0.120385232745	0.0979133226324	0.101123595506	0.0979133226324	0.0850722311396	0.0786516853933	0.0754414125201	0.0706260032103	0.099518459069	0.099518459069	0.131621187801	0.115569823435	0.125200642055	0.0738362760835	0.0979133226324	0.113964686998	0.104333868379	0.110754414125	0.115569823435	0.0770465489567	0.0738362760835	0.101123595506	0.102728731942	0.128410914928	0.112359550562	0.107544141252	0.120385232745	0.091492776886	0.0786516853933	0.0818619582665	0.0770465489567	0.117174959872	0.104333868379	0.099518459069	0.102728731942	0.104333868379	0.101123595506	0.0882825040128	0.107544141252	0.104333868379	0.099518459069	0.117174959872	0.125200642055	0.105939004815	0.0786516853933	0.0866773675762	0.101123595506	0.102728731942	0.115569823435	0.133226324238	0.0963081861958	0.099518459069	0.0882825040128	0.115569823435	0.0930979133226	0.0754414125201	0.0706260032103	0.0802568218299	0.0850722311396	0.0577849117175	0.0577849117175	0.0866773675762	0.0866773675762	0.117174959872	0.0626003210273	0.0850722311396	0.0690208667737	0.0947030497592	0.0866773675762	0.0786516853933	0.0786516853933	0.123595505618	0.099518459069	0.109149277689	0.0850722311396	0.0963081861958	0.0545746388443	0.0898876404494	0.104333868379	0.0722311396469	0.0930979133226
158337416-tonguedorsum1.snv.bam	0.110754414125	0.0658105939005	0.126805778491	0.0	0.0	0.0465489566613	0.118780096308	0.144462279294	0.123595505618	0.0513643659711	0.134831460674	0.136436597111	0.136436597111	0.126805778491	0.125200642055	0.149277688604	0.0770465489567	0.0642054574639	0.0770465489567	0.0947030497592	0.107544141252	0.0770465489567	0.0369181380417	0.0401284109149	0.149277688604	0.0545746388443	0.130016051364	0.0818619582665	0.0738362760835	0.149277688604	0.162118780096	0.0706260032103	0.118780096308	0.0754414125201	0.083467094703	0.0497592295345	0.0449438202247	0.0497592295345	0.115569823435	0.0979133226324	0.105939004815	0.110754414125	0.110754414125	0.0561797752809	0.142857142857	0.15088282504	0.0738362760835	0.102728731942	0.0658105939005	0.105939004815	0.0866773675762	0.138041733547	0.133226324238	0.0722311396469	0.0497592295345	0.0690208667737	0.0577849117175	0.102728731942	0.0706260032103	0.0930979133226	0.0786516853933	0.083467094703	0.0626003210273	0.142857142857	0.128410914928	0.0882825040128	0.0642054574639	0.118780096308	0.125200642055	0.104333868379	0.120385232745	0.139646869984	0.120385232745	0.0770465489567	0.083467094703	0.105939004815	0.0497592295345	0.0417335473515	0.136436597111	0.091492776886	0.0658105939005	0.0658105939005	0.0593900481541	0.0642054574639	0.0738362760835	0.136436597111	0.109149277689	0.115569823435	0.107544141252	0.0882825040128	0.0802568218299	0.107544141252	0.101123595506	0.130016051364	0.110754414125	0.0770465489567	0.0770465489567	0.149277688604	0.123595505618	0.15569823435	0.147672552167	0.136436597111	0.152487961477	0.134831460674	0.112359550562	0.104333868379	0.091492776886	0.134831460674	0.110754414125	0.115569823435	0.107544141252	0.083467094703	0.0930979133226	0.115569823435	0.120385232745	0.123595505618	0.142857142857	0.144462279294	0.131621187801	0.120385232745	0.115569823435	0.0818619582665	0.136436597111	0.130016051364	0.105939004815	0.112359550562	0.115569823435	0.173354735152	0.0947030497592	0.083467094703	0.0593900481541	0.0963081861958	0.0947030497592	0.0898876404494	0.0561797752809	0.0690208667737	0.0609951845907	0.105939004815	0.0947030497592	0.14606741573	0.091492776886	0.126805778491	0.091492776886	0.110754414125	0.123595505618	0.083467094703	0.0786516853933	0.130016051364	0.109149277689	0.130016051364	0.128410914928	0.126805778491	0.102728731942	0.0802568218299	0.0433386837881	0.0850722311396	0.117174959872
158337416-tonguedorsum2.snv.bam	0.104333868379	0.0818619582665	0.136436597111	0.0	0.0	0.0513643659711	0.128410914928	0.15088282504	0.131621187801	0.0658105939005	0.128410914928	0.131621187801	0.128410914928	0.123595505618	0.120385232745	0.141252006421	0.0882825040128	0.0722311396469	0.0770465489567	0.101123595506	0.115569823435	0.0866773675762	0.0449438202247	0.0497592295345	0.139646869984	0.0593900481541	0.121990369181	0.0818619582665	0.0770465489567	0.15088282504	0.158908507223	0.0786516853933	0.105939004815	0.0690208667737	0.0850722311396	0.0529695024077	0.0449438202247	0.0497592295345	0.123595505618	0.0979133226324	0.105939004815	0.109149277689	0.110754414125	0.0690208667737	0.139646869984	0.138041733547	0.0770465489567	0.112359550562	0.0706260032103	0.112359550562	0.0947030497592	0.134831460674	0.133226324238	0.0802568218299	0.0593900481541	0.0770465489567	0.0674157303371	0.107544141252	0.0738362760835	0.0947030497592	0.0802568218299	0.083467094703	0.0690208667737	0.138041733547	0.131621187801	0.083467094703	0.0690208667737	0.123595505618	0.118780096308	0.105939004815	0.121990369181	0.144462279294	0.125200642055	0.083467094703	0.0802568218299	0.112359550562	0.0497592295345	0.0433386837881	0.134831460674	0.0963081861958	0.0642054574639	0.0738362760835	0.0658105939005	0.0690208667737	0.0818619582665	0.142857142857	0.113964686998	0.117174959872	0.110754414125	0.091492776886	0.0979133226324	0.109149277689	0.104333868379	0.126805778491	0.107544141252	0.0866773675762	0.0802568218299	0.149277688604	0.121990369181	0.147672552167	0.144462279294	0.133226324238	0.14606741573	0.139646869984	0.107544141252	0.099518459069	0.091492776886	0.142857142857	0.113964686998	0.120385232745	0.113964686998	0.0866773675762	0.0979133226324	0.115569823435	0.117174959872	0.121990369181	0.157303370787	0.144462279294	0.134831460674	0.125200642055	0.123595505618	0.0786516853933	0.133226324238	0.125200642055	0.102728731942	0.112359550562	0.120385232745	0.166934189406	0.0947030497592	0.0818619582665	0.0609951845907	0.0963081861958	0.101123595506	0.099518459069	0.0626003210273	0.0770465489567	0.0674157303371	0.115569823435	0.0963081861958	0.141252006421	0.0930979133226	0.123595505618	0.101123595506	0.105939004815	0.130016051364	0.0963081861958	0.091492776886	0.139646869984	0.115569823435	0.134831460674	0.134831460674	0.121990369181	0.102728731942	0.0786516853933	0.0497592295345	0.091492776886	0.113964686998
158458797-tonguedorsum1.snv.bam	0.0529695024077	0.0385232744783	0.0947030497592	0.0465489566613	0.0513643659711	0.0	0.0882825040128	0.104333868379	0.0738362760835	0.0401284109149	0.0866773675762	0.0866773675762	0.0818619582665	0.0738362760835	0.0850722311396	0.102728731942	0.0304975922953	0.0337078651685	0.0401284109149	0.0353130016051	0.0642054574639	0.0529695024077	0.0288924558587	0.0321027287319	0.102728731942	0.0497592295345	0.0882825040128	0.0561797752809	0.0658105939005	0.083467094703	0.101123595506	0.0465489566613	0.104333868379	0.0321027287319	0.0449438202247	0.0481540930979	0.0545746388443	0.0353130016051	0.0706260032103	0.0706260032103	0.083467094703	0.0818619582665	0.0898876404494	0.0706260032103	0.121990369181	0.134831460674	0.0353130016051	0.0642054574639	0.0369181380417	0.0770465489567	0.0529695024077	0.0802568218299	0.0706260032103	0.0513643659711	0.0481540930979	0.0497592295345	0.0545746388443	0.0497592295345	0.0433386837881	0.0513643659711	0.0208667736758	0.0417335473515	0.0353130016051	0.102728731942	0.0658105939005	0.0481540930979	0.0353130016051	0.0802568218299	0.0738362760835	0.0593900481541	0.0786516853933	0.0947030497592	0.0770465489567	0.0449438202247	0.0481540930979	0.0626003210273	0.0561797752809	0.0417335473515	0.0898876404494	0.0545746388443	0.0465489566613	0.0529695024077	0.0337078651685	0.0369181380417	0.0481540930979	0.0866773675762	0.0786516853933	0.0754414125201	0.0850722311396	0.0337078651685	0.0642054574639	0.0770465489567	0.0738362760835	0.0738362760835	0.0545746388443	0.0481540930979	0.0353130016051	0.0898876404494	0.0786516853933	0.099518459069	0.0866773675762	0.0802568218299	0.0898876404494	0.0882825040128	0.0642054574639	0.0545746388443	0.0497592295345	0.0882825040128	0.083467094703	0.0754414125201	0.0754414125201	0.0593900481541	0.0577849117175	0.0850722311396	0.0754414125201	0.0786516853933	0.0802568218299	0.0979133226324	0.091492776886	0.083467094703	0.0642054574639	0.0417335473515	0.091492776886	0.091492776886	0.0738362760835	0.0786516853933	0.0738362760835	0.107544141252	0.083467094703	0.0754414125201	0.0545746388443	0.0690208667737	0.0577849117175	0.0626003210273	0.0321027287319	0.0497592295345	0.0401284109149	0.0609951845907	0.083467094703	0.0947030497592	0.0577849117175	0.0722311396469	0.0593900481541	0.0626003210273	0.0738362760835	0.0593900481541	0.0577849117175	0.0979133226324	0.0818619582665	0.0947030497592	0.0754414125201	0.0818619582665	0.0561797752809	0.0481540930979	0.0369181380417	0.0449438202247	0.0722311396469
158479027-tonguedorsum1.snv.bam	0.128410914928	0.0545746388443	0.118780096308	0.118780096308	0.128410914928	0.0882825040128	0.0	0.0	0.113964686998	0.0802568218299	0.130016051364	0.130016051364	0.126805778491	0.109149277689	0.109149277689	0.142857142857	0.0786516853933	0.0770465489567	0.0770465489567	0.0369181380417	0.091492776886	0.091492776886	0.0738362760835	0.0850722311396	0.133226324238	0.0626003210273	0.0802568218299	0.0593900481541	0.0770465489567	0.110754414125	0.128410914928	0.0449438202247	0.134831460674	0.0609951845907	0.0802568218299	0.0898876404494	0.110754414125	0.0561797752809	0.0706260032103	0.120385232745	0.130016051364	0.0706260032103	0.0722311396469	0.104333868379	0.136436597111	0.15569823435	0.0513643659711	0.0882825040128	0.0658105939005	0.0947030497592	0.0690208667737	0.130016051364	0.110754414125	0.0609951845907	0.0738362760835	0.0593900481541	0.0609951845907	0.0979133226324	0.0786516853933	0.0866773675762	0.0690208667737	0.0577849117175	0.0722311396469	0.104333868379	0.0898876404494	0.0963081861958	0.0802568218299	0.0706260032103	0.0898876404494	0.0882825040128	0.0786516853933	0.133226324238	0.099518459069	0.0850722311396	0.091492776886	0.0465489566613	0.107544141252	0.0770465489567	0.0818619582665	0.0963081861958	0.0930979133226	0.0963081861958	0.0513643659711	0.0465489566613	0.0898876404494	0.118780096308	0.139646869984	0.136436597111	0.141252006421	0.0369181380417	0.0626003210273	0.0722311396469	0.0754414125201	0.115569823435	0.125200642055	0.083467094703	0.0738362760835	0.107544141252	0.0738362760835	0.113964686998	0.0722311396469	0.0947030497592	0.101123595506	0.0690208667737	0.0642054574639	0.0577849117175	0.0722311396469	0.0947030497592	0.0770465489567	0.0593900481541	0.0802568218299	0.0898876404494	0.0963081861958	0.0818619582665	0.0898876404494	0.0722311396469	0.0850722311396	0.0786516853933	0.0947030497592	0.0770465489567	0.0882825040128	0.0882825040128	0.0898876404494	0.0947030497592	0.113964686998	0.147672552167	0.0690208667737	0.107544141252	0.128410914928	0.102728731942	0.0898876404494	0.091492776886	0.0706260032103	0.091492776886	0.0561797752809	0.0802568218299	0.0658105939005	0.0866773675762	0.0930979133226	0.120385232745	0.0706260032103	0.0898876404494	0.0738362760835	0.0979133226324	0.121990369181	0.0545746388443	0.0577849117175	0.00321027287319	0.00963081861958	0.0963081861958	0.0963081861958	0.121990369181	0.0754414125201	0.0850722311396	0.0898876404494	0.0674157303371	0.104333868379
158479027-tonguedorsum2.snv.bam	0.134831460674	0.0818619582665	0.131621187801	0.144462279294	0.15088282504	0.104333868379	0.0	0.0	0.134831460674	0.104333868379	0.131621187801	0.133226324238	0.134831460674	0.131621187801	0.134831460674	0.15569823435	0.102728731942	0.102728731942	0.0882825040128	0.0433386837881	0.110754414125	0.107544141252	0.0866773675762	0.104333868379	0.136436597111	0.0930979133226	0.099518459069	0.0770465489567	0.099518459069	0.121990369181	0.128410914928	0.0786516853933	0.15088282504	0.0930979133226	0.104333868379	0.105939004815	0.121990369181	0.0882825040128	0.0947030497592	0.131621187801	0.14606741573	0.0947030497592	0.0866773675762	0.121990369181	0.154093097913	0.170144462279	0.0738362760835	0.112359550562	0.0850722311396	0.110754414125	0.0818619582665	0.131621187801	0.117174959872	0.0706260032103	0.091492776886	0.0690208667737	0.0770465489567	0.112359550562	0.105939004815	0.109149277689	0.0882825040128	0.0626003210273	0.0850722311396	0.110754414125	0.110754414125	0.118780096308	0.102728731942	0.0866773675762	0.0850722311396	0.115569823435	0.0963081861958	0.147672552167	0.118780096308	0.099518459069	0.102728731942	0.0577849117175	0.128410914928	0.101123595506	0.0963081861958	0.123595505618	0.105939004815	0.110754414125	0.0754414125201	0.0738362760835	0.113964686998	0.130016051364	0.149277688604	0.149277688604	0.15569823435	0.0609951845907	0.0866773675762	0.0947030497592	0.0930979133226	0.128410914928	0.134831460674	0.110754414125	0.0866773675762	0.123595505618	0.0898876404494	0.131621187801	0.0898876404494	0.112359550562	0.120385232745	0.0786516853933	0.0818619582665	0.0722311396469	0.0947030497592	0.104333868379	0.105939004815	0.0786516853933	0.109149277689	0.117174959872	0.118780096308	0.0866773675762	0.107544141252	0.0866773675762	0.0947030497592	0.0930979133226	0.109149277689	0.0947030497592	0.105939004815	0.099518459069	0.101123595506	0.102728731942	0.125200642055	0.15569823435	0.0850722311396	0.123595505618	0.144462279294	0.128410914928	0.110754414125	0.099518459069	0.0963081861958	0.107544141252	0.0593900481541	0.104333868379	0.0963081861958	0.112359550562	0.104333868379	0.125200642055	0.0866773675762	0.104333868379	0.091492776886	0.110754414125	0.14606741573	0.083467094703	0.0786516853933	0.00481540930979	0.0128410914928	0.112359550562	0.117174959872	0.141252006421	0.0866773675762	0.105939004815	0.109149277689	0.0947030497592	0.110754414125
158499257-tonguedorsum2.snv.bam	0.123595505618	0.0706260032103	0.0866773675762	0.123595505618	0.131621187801	0.0738362760835	0.113964686998	0.134831460674	0.0	0.099518459069	0.139646869984	0.131621187801	0.142857142857	0.0947030497592	0.091492776886	0.0963081861958	0.0979133226324	0.0738362760835	0.083467094703	0.0609951845907	0.0882825040128	0.0898876404494	0.0882825040128	0.0979133226324	0.120385232745	0.0626003210273	0.113964686998	0.0786516853933	0.0786516853933	0.149277688604	0.157303370787	0.0979133226324	0.15088282504	0.0818619582665	0.0882825040128	0.113964686998	0.117174959872	0.0818619582665	0.0658105939005	0.112359550562	0.123595505618	0.128410914928	0.126805778491	0.126805778491	0.141252006421	0.157303370787	0.0770465489567	0.113964686998	0.0738362760835	0.0979133226324	0.0850722311396	0.125200642055	0.115569823435	0.0786516853933	0.0674157303371	0.0658105939005	0.0674157303371	0.0882825040128	0.0770465489567	0.0770465489567	0.0642054574639	0.0770465489567	0.0770465489567	0.112359550562	0.0898876404494	0.0979133226324	0.101123595506	0.104333868379	0.112359550562	0.101123595506	0.113964686998	0.110754414125	0.105939004815	0.0770465489567	0.0882825040128	0.0866773675762	0.110754414125	0.0866773675762	0.118780096308	0.101123595506	0.0850722311396	0.0786516853933	0.0674157303371	0.0738362760835	0.0818619582665	0.113964686998	0.123595505618	0.134831460674	0.126805778491	0.0674157303371	0.0947030497592	0.102728731942	0.105939004815	0.0979133226324	0.120385232745	0.091492776886	0.0706260032103	0.0786516853933	0.125200642055	0.149277688604	0.134831460674	0.128410914928	0.141252006421	0.104333868379	0.0802568218299	0.0770465489567	0.0802568218299	0.128410914928	0.118780096308	0.112359550562	0.0963081861958	0.105939004815	0.120385232745	0.0963081861958	0.117174959872	0.109149277689	0.104333868379	0.117174959872	0.107544141252	0.101123595506	0.0786516853933	0.104333868379	0.130016051364	0.131621187801	0.109149277689	0.141252006421	0.104333868379	0.128410914928	0.126805778491	0.110754414125	0.0898876404494	0.0754414125201	0.0947030497592	0.0979133226324	0.0818619582665	0.0722311396469	0.0642054574639	0.0898876404494	0.104333868379	0.133226324238	0.0754414125201	0.0979133226324	0.0722311396469	0.0930979133226	0.102728731942	0.0706260032103	0.0786516853933	0.117174959872	0.104333868379	0.118780096308	0.117174959872	0.0947030497592	0.0802568218299	0.102728731942	0.0722311396469	0.0754414125201	0.115569823435
158742018-tonguedorsum1.snv.bam	0.0818619582665	0.0337078651685	0.0979133226324	0.0513643659711	0.0658105939005	0.0401284109149	0.0802568218299	0.104333868379	0.099518459069	0.0	0.0882825040128	0.0930979133226	0.0930979133226	0.0770465489567	0.0866773675762	0.109149277689	0.0481540930979	0.0465489566613	0.0256821829856	0.0497592295345	0.0642054574639	0.0481540930979	0.0192616372392	0.0208667736758	0.110754414125	0.0385232744783	0.0963081861958	0.0545746388443	0.0577849117175	0.101123595506	0.112359550562	0.0465489566613	0.112359550562	0.0369181380417	0.0497592295345	0.0465489566613	0.0674157303371	0.0256821829856	0.0754414125201	0.0898876404494	0.102728731942	0.0722311396469	0.0722311396469	0.0593900481541	0.130016051364	0.139646869984	0.0288924558587	0.0545746388443	0.0401284109149	0.0882825040128	0.0593900481541	0.118780096308	0.105939004815	0.0513643659711	0.0433386837881	0.0385232744783	0.0465489566613	0.0658105939005	0.0465489566613	0.0545746388443	0.0497592295345	0.0577849117175	0.0417335473515	0.091492776886	0.0850722311396	0.0256821829856	0.0224719101124	0.0626003210273	0.0786516853933	0.0593900481541	0.0738362760835	0.107544141252	0.0802568218299	0.0545746388443	0.0481540930979	0.0754414125201	0.0545746388443	0.0304975922953	0.099518459069	0.0545746388443	0.0401284109149	0.0513643659711	0.0321027287319	0.0288924558587	0.0481540930979	0.0754414125201	0.0850722311396	0.0898876404494	0.0866773675762	0.0337078651685	0.0465489566613	0.0674157303371	0.0626003210273	0.0866773675762	0.0754414125201	0.0529695024077	0.0433386837881	0.091492776886	0.0786516853933	0.101123595506	0.0898876404494	0.0818619582665	0.101123595506	0.0754414125201	0.0609951845907	0.0513643659711	0.0593900481541	0.0979133226324	0.0802568218299	0.0722311396469	0.0770465489567	0.0674157303371	0.0609951845907	0.0866773675762	0.0930979133226	0.0802568218299	0.105939004815	0.118780096308	0.083467094703	0.0738362760835	0.0609951845907	0.0513643659711	0.0770465489567	0.0754414125201	0.0786516853933	0.0866773675762	0.0545746388443	0.102728731942	0.0722311396469	0.091492776886	0.0674157303371	0.0658105939005	0.0545746388443	0.0593900481541	0.0224719101124	0.0577849117175	0.0481540930979	0.0722311396469	0.0930979133226	0.112359550562	0.0642054574639	0.0706260032103	0.0481540930979	0.0786516853933	0.0947030497592	0.0433386837881	0.0545746388443	0.0930979133226	0.0738362760835	0.0722311396469	0.0642054574639	0.0866773675762	0.0658105939005	0.0529695024077	0.0288924558587	0.0465489566613	0.0738362760835
158802708-tonguedorsum1.snv.bam	0.091492776886	0.0642054574639	0.0963081861958	0.134831460674	0.128410914928	0.0866773675762	0.130016051364	0.131621187801	0.139646869984	0.0882825040128	0.0	0.00321027287319	0.0016051364366	0.128410914928	0.142857142857	0.157303370787	0.102728731942	0.0963081861958	0.0866773675762	0.0706260032103	0.0979133226324	0.0882825040128	0.0626003210273	0.0690208667737	0.120385232745	0.0818619582665	0.139646869984	0.112359550562	0.091492776886	0.138041733547	0.141252006421	0.0674157303371	0.162118780096	0.0898876404494	0.110754414125	0.101123595506	0.117174959872	0.0802568218299	0.117174959872	0.109149277689	0.131621187801	0.099518459069	0.101123595506	0.115569823435	0.173354735152	0.184590690209	0.0609951845907	0.125200642055	0.0722311396469	0.131621187801	0.0898876404494	0.110754414125	0.104333868379	0.0850722311396	0.0690208667737	0.0738362760835	0.0738362760835	0.107544141252	0.0658105939005	0.0786516853933	0.0850722311396	0.0786516853933	0.101123595506	0.133226324238	0.112359550562	0.0979133226324	0.0818619582665	0.083467094703	0.091492776886	0.110754414125	0.120385232745	0.138041733547	0.125200642055	0.105939004815	0.0930979133226	0.083467094703	0.118780096308	0.083467094703	0.120385232745	0.107544141252	0.104333868379	0.099518459069	0.0690208667737	0.0642054574639	0.0722311396469	0.134831460674	0.091492776886	0.0770465489567	0.083467094703	0.0754414125201	0.121990369181	0.128410914928	0.126805778491	0.113964686998	0.091492776886	0.0963081861958	0.0417335473515	0.0979133226324	0.117174959872	0.142857142857	0.125200642055	0.120385232745	0.133226324238	0.128410914928	0.0866773675762	0.0850722311396	0.091492776886	0.133226324238	0.120385232745	0.110754414125	0.120385232745	0.113964686998	0.118780096308	0.0898876404494	0.134831460674	0.125200642055	0.126805778491	0.120385232745	0.149277688604	0.133226324238	0.117174959872	0.0898876404494	0.107544141252	0.099518459069	0.125200642055	0.157303370787	0.0754414125201	0.144462279294	0.149277688604	0.123595505618	0.0898876404494	0.0866773675762	0.0963081861958	0.0850722311396	0.0722311396469	0.0802568218299	0.0674157303371	0.0738362760835	0.107544141252	0.109149277689	0.0609951845907	0.104333868379	0.0947030497592	0.115569823435	0.130016051364	0.0882825040128	0.091492776886	0.139646869984	0.120385232745	0.128410914928	0.123595505618	0.099518459069	0.083467094703	0.0850722311396	0.102728731942	0.0658105939005	0.101123595506
158802708-tonguedorsum2.snv.bam	0.0963081861958	0.0609951845907	0.0802568218299	0.136436597111	0.131621187801	0.0866773675762	0.130016051364	0.133226324238	0.131621187801	0.0930979133226	0.00321027287319	0.0	0.00321027287319	0.113964686998	0.126805778491	0.138041733547	0.112359550562	0.099518459069	0.091492776886	0.0770465489567	0.099518459069	0.0850722311396	0.0706260032103	0.0770465489567	0.112359550562	0.0963081861958	0.141252006421	0.112359550562	0.099518459069	0.134831460674	0.138041733547	0.0722311396469	0.157303370787	0.0947030497592	0.109149277689	0.104333868379	0.125200642055	0.083467094703	0.120385232745	0.112359550562	0.131621187801	0.101123595506	0.104333868379	0.118780096308	0.170144462279	0.176565008026	0.0674157303371	0.125200642055	0.0706260032103	0.136436597111	0.0979133226324	0.107544141252	0.105939004815	0.091492776886	0.0818619582665	0.083467094703	0.0850722311396	0.107544141252	0.0706260032103	0.0898876404494	0.0818619582665	0.083467094703	0.107544141252	0.125200642055	0.118780096308	0.0947030497592	0.0802568218299	0.0866773675762	0.0882825040128	0.112359550562	0.118780096308	0.138041733547	0.125200642055	0.0947030497592	0.099518459069	0.0898876404494	0.121990369181	0.0963081861958	0.125200642055	0.112359550562	0.0979133226324	0.102728731942	0.0706260032103	0.0658105939005	0.0706260032103	0.133226324238	0.0963081861958	0.0786516853933	0.0866773675762	0.0770465489567	0.118780096308	0.125200642055	0.121990369181	0.113964686998	0.0898876404494	0.091492776886	0.0497592295345	0.0963081861958	0.125200642055	0.14606741573	0.130016051364	0.125200642055	0.133226324238	0.130016051364	0.0850722311396	0.0882825040128	0.0947030497592	0.14606741573	0.128410914928	0.112359550562	0.125200642055	0.117174959872	0.115569823435	0.0963081861958	0.130016051364	0.125200642055	0.118780096308	0.121990369181	0.15088282504	0.133226324238	0.110754414125	0.0882825040128	0.099518459069	0.0947030497592	0.128410914928	0.154093097913	0.0754414125201	0.141252006421	0.141252006421	0.128410914928	0.101123595506	0.0882825040128	0.0963081861958	0.0882825040128	0.0770465489567	0.0818619582665	0.0754414125201	0.0802568218299	0.113964686998	0.110754414125	0.0674157303371	0.101123595506	0.0963081861958	0.117174959872	0.121990369181	0.0963081861958	0.0979133226324	0.14606741573	0.126805778491	0.121990369181	0.109149277689	0.0947030497592	0.0866773675762	0.0930979133226	0.109149277689	0.0754414125201	0.105939004815
158802708-tonguedorsum3.snv.bam	0.0979133226324	0.0529695024077	0.0963081861958	0.136436597111	0.128410914928	0.0818619582665	0.126805778491	0.134831460674	0.142857142857	0.0930979133226	0.0016051364366	0.00321027287319	0.0	0.125200642055	0.136436597111	0.157303370787	0.0963081861958	0.0898876404494	0.0770465489567	0.0754414125201	0.0979133226324	0.0850722311396	0.0642054574639	0.0786516853933	0.117174959872	0.091492776886	0.147672552167	0.118780096308	0.101123595506	0.142857142857	0.144462279294	0.0609951845907	0.162118780096	0.0850722311396	0.102728731942	0.0850722311396	0.101123595506	0.0818619582665	0.115569823435	0.112359550562	0.130016051364	0.104333868379	0.105939004815	0.110754414125	0.181380417335	0.187800963082	0.0513643659711	0.121990369181	0.0754414125201	0.134831460674	0.0898876404494	0.110754414125	0.105939004815	0.0706260032103	0.0609951845907	0.0626003210273	0.0642054574639	0.0963081861958	0.0529695024077	0.0754414125201	0.083467094703	0.0786516853933	0.101123595506	0.139646869984	0.117174959872	0.099518459069	0.0770465489567	0.0882825040128	0.0850722311396	0.113964686998	0.113964686998	0.133226324238	0.125200642055	0.109149277689	0.101123595506	0.0930979133226	0.118780096308	0.0786516853933	0.128410914928	0.104333868379	0.101123595506	0.099518459069	0.0706260032103	0.0626003210273	0.0754414125201	0.133226324238	0.0947030497592	0.0818619582665	0.091492776886	0.0722311396469	0.112359550562	0.125200642055	0.123595505618	0.109149277689	0.0963081861958	0.0979133226324	0.0353130016051	0.0947030497592	0.118780096308	0.14606741573	0.134831460674	0.128410914928	0.138041733547	0.136436597111	0.0963081861958	0.0979133226324	0.0882825040128	0.130016051364	0.117174959872	0.107544141252	0.115569823435	0.112359550562	0.120385232745	0.0866773675762	0.138041733547	0.136436597111	0.126805778491	0.126805778491	0.149277688604	0.128410914928	0.118780096308	0.091492776886	0.105939004815	0.105939004815	0.125200642055	0.15569823435	0.0722311396469	0.142857142857	0.147672552167	0.117174959872	0.091492776886	0.083467094703	0.0882825040128	0.0802568218299	0.0738362760835	0.0626003210273	0.0529695024077	0.083467094703	0.0979133226324	0.109149277689	0.0481540930979	0.104333868379	0.0947030497592	0.123595505618	0.133226324238	0.0866773675762	0.0930979133226	0.147672552167	0.125200642055	0.130016051364	0.117174959872	0.101123595506	0.0866773675762	0.0882825040128	0.104333868379	0.0577849117175	0.0979133226324
158883629-tonguedorsum1.snv.bam	0.105939004815	0.0674157303371	0.117174959872	0.126805778491	0.123595505618	0.0738362760835	0.109149277689	0.131621187801	0.0947030497592	0.0770465489567	0.128410914928	0.113964686998	0.125200642055	0.0	0.0513643659711	0.091492776886	0.091492776886	0.0786516853933	0.0658105939005	0.0626003210273	0.0947030497592	0.0866773675762	0.0738362760835	0.0866773675762	0.120385232745	0.0754414125201	0.118780096308	0.0818619582665	0.0802568218299	0.141252006421	0.154093097913	0.0738362760835	0.152487961477	0.0706260032103	0.0818619582665	0.104333868379	0.120385232745	0.0706260032103	0.0802568218299	0.110754414125	0.121990369181	0.0898876404494	0.0947030497592	0.139646869984	0.152487961477	0.15569823435	0.0658105939005	0.101123595506	0.0770465489567	0.138041733547	0.0898876404494	0.126805778491	0.115569823435	0.0722311396469	0.0754414125201	0.0706260032103	0.0754414125201	0.0850722311396	0.0674157303371	0.0866773675762	0.0529695024077	0.0497592295345	0.0497592295345	0.101123595506	0.083467094703	0.105939004815	0.0850722311396	0.099518459069	0.0898876404494	0.091492776886	0.121990369181	0.136436597111	0.101123595506	0.0947030497592	0.101123595506	0.0706260032103	0.112359550562	0.0963081861958	0.118780096308	0.0979133226324	0.0818619582665	0.0866773675762	0.0738362760835	0.0754414125201	0.0979133226324	0.126805778491	0.142857142857	0.139646869984	0.139646869984	0.0642054574639	0.0947030497592	0.107544141252	0.104333868379	0.091492776886	0.101123595506	0.110754414125	0.0674157303371	0.083467094703	0.113964686998	0.139646869984	0.126805778491	0.121990369181	0.131621187801	0.120385232745	0.099518459069	0.0802568218299	0.0770465489567	0.125200642055	0.117174959872	0.102728731942	0.113964686998	0.0979133226324	0.0963081861958	0.0947030497592	0.130016051364	0.109149277689	0.118780096308	0.141252006421	0.128410914928	0.113964686998	0.0866773675762	0.0850722311396	0.099518459069	0.0979133226324	0.128410914928	0.162118780096	0.101123595506	0.133226324238	0.120385232745	0.120385232745	0.0947030497592	0.0963081861958	0.0882825040128	0.109149277689	0.0642054574639	0.0674157303371	0.0706260032103	0.104333868379	0.109149277689	0.123595505618	0.0674157303371	0.0979133226324	0.0754414125201	0.107544141252	0.118780096308	0.0738362760835	0.0850722311396	0.118780096308	0.0930979133226	0.104333868379	0.107544141252	0.099518459069	0.0642054574639	0.0802568218299	0.091492776886	0.0722311396469	0.105939004815
