	158984779-stool1.snv.bam	159247771-stool2.snv.bam	160178356-stool1.snv.bam	160178356-stool2.snv.bam	160178356-stool3.snv.bam	160421117-stool2.snv.bam	160502038-stool2.snv.bam	160502038-stool3.snv.bam	375450439-stool3.snv.bam	CCIS70398272ST-4-0.snv.bam	CCMD90311071ST-21-0.snv.bam	MH0196.snv.bam	MH0198.snv.bam	MH0229.snv.bam	MH0247.snv.bam	MH0275.snv.bam	MH0302.snv.bam	MH0314.snv.bam	MH0370.snv.bam	MH0397.snv.bam	MH0410.snv.bam	MH0422.snv.bam	O2.UC20-1.snv.bam	O2.UC27-1.snv.bam	O2.UC37-1.snv.bam	O2.UC7-1.snv.bam	SAMEA3136684.snv.bam	SAMEA3136697.snv.bam	SAMEA3136701.snv.bam	SAMEA3178938.snv.bam	T2D-113A.snv.bam	V1.CD4-0-PN.snv.bam	V1.CD51-0.snv.bam	V1.UC10-2.snv.bam	V1.UC11-5.snv.bam	V1.UC31-4.snv.bam	V1.UC32-0.snv.bam	V1.UC35-0.snv.bam	V1.UC49-1.snv.bam	V1.UC50-1.snv.bam	V1.UC51-0.snv.bam	V1.UC61-0.snv.bam	daisy-11-0-0.snv.bam	daisy-11-60-0.snv.bam
158984779-stool1.snv.bam	0.0	0.364058061902	0.276375879437	0.271385525219	0.271487218681	0.302236456817	0.231206131972	0.231206131972	0.267013029087	0.303080910416	0.252793340895	0.251911858449	0.0331761686737	0.323115503614	0.399639851453	0.319503975879	0.334176729005	0.327848269503	0.21520562303	0.394339357946	0.0328039138834	0.325884259549	0.310291783303	0.361745690187	0.0311055811421	0.366732338469	0.372055564319	0.366829949018	0.271487218681	0.261405943585	0.398926583429	0.284609062115	0.0286269880259	0.303885127379	0.321899953354	0.372521627074	0.313969210851	0.306156080082	0.361570693937	0.314631567245	0.0292887087706	0.336016439226	0.251387208393	0.24780139559
159247771-stool2.snv.bam	0.364058061902	0.0	0.234971327462	0.231519054246	0.231394693216	0.201553361078	0.221190611583	0.221190611583	0.207951957612	0.217196717283	0.284091084178	0.261199154064	0.373943123267	0.227419641492	0.0835273870992	0.237597492918	0.219970411636	0.218854175506	0.307743142007	0.08292253891	0.371850641869	0.231365010089	0.218711831913	0.0311010758773	0.374969200305	0.12749674592	0.0498444785021	0.0521009614329	0.222760470296	0.262403368054	0.0754878724101	0.222897399227	0.370077302425	0.214274747526	0.317872478484	0.13106170626	0.219180653735	0.224143491456	0.128671370191	0.22002933294	0.372433662806	0.280478494044	0.252167287968	0.248183772004
160178356-stool1.snv.bam	0.276375879437	0.234971327462	0.0	0.00520987599879	0.00513414388314	0.0849040470565	0.145038927952	0.145038927952	0.030307894181	0.0902158922347	0.176277160114	0.170087760389	0.292329725243	0.100053065065	0.299011718304	0.0887147283797	0.0998368368723	0.107976310954	0.275697526804	0.28753474818	0.296004273983	0.104977521779	0.100686497123	0.248739428917	0.304542196576	0.270172086342	0.206325284773	0.199393689177	0.0151843951394	0.165646098929	0.293816709205	0.0344386489869	0.300725920206	0.0917427208503	0.321871766239	0.272616585689	0.0947848876974	0.0953599892166	0.268456037276	0.102719521659	0.302167039132	0.15490349064	0.155426656933	0.146081766874
160178356-stool2.snv.bam	0.271385525219	0.231519054246	0.00520987599879	0.0	0.000243369879164	0.0807522152982	0.14075488711	0.14075488711	0.0258991412751	0.0859102148226	0.171686900599	0.16846284406	0.292130243041	0.100038010649	0.298766647541	0.0892461746854	0.0990112622615	0.107023966042	0.272819115091	0.28581065394	0.295709483021	0.104758955576	0.099216730586	0.245319609625	0.302264031925	0.26630195907	0.201313627131	0.194206792034	0.0102936211354	0.161024580362	0.290528894524	0.0337218000509	0.299363292136	0.0895793340584	0.321749966449	0.270629682293	0.0935309238604	0.0954219010918	0.26529767139	0.103556514528	0.299792759175	0.152748877469	0.150859464049	0.142544912346
160178356-stool3.snv.bam	0.271487218681	0.231394693216	0.00513414388314	0.000243369879164	0.0	0.0808023634657	0.140703517588	0.140703517588	0.0257572890854	0.0858585858586	0.171580671581	0.168458468663	0.292152557169	0.100088667935	0.298745573087	0.0892963228529	0.0988860205599	0.106968709097	0.273004302317	0.285685010836	0.295833844052	0.104809103743	0.0992668787535	0.24535938463	0.302386518166	0.266179472828	0.20119114089	0.194044502618	0.0100502512563	0.16097321084	0.290472106589	0.0336155710323	0.299485778378	0.0896302497999	0.321872890572	0.27060860784	0.0934795543384	0.0954177235769	0.265313114857	0.103606662695	0.299915245417	0.152861263582	0.150753768844	0.142434210526
160421117-stool2.snv.bam	0.302236456817	0.201553361078	0.0849040470565	0.0807522152982	0.0808023634657	0.0	0.0811613010105	0.0811613010105	0.0761088034578	0.0256549006549	0.172343797344	0.152762497967	0.287167346301	0.0387984353247	0.278529677871	0.0487225749927	0.0417115196681	0.0417622938904	0.272989843092	0.270999953625	0.285615745823	0.0441348533703	0.0292290020573	0.225388858081	0.292741222089	0.266579826244	0.211641745561	0.204932828951	0.090852614722	0.151544575869	0.26349804637	0.0933613807781	0.289808269956	0.0595672006041	0.311490075558	0.271171316736	0.0340250780498	0.035102410749	0.255610051962	0.033241098611	0.28985118887	0.081418675558	0.141462808548	0.132703152111
160502038-stool2.snv.bam	0.231206131972	0.221190611583	0.145038927952	0.14075488711	0.140703517588	0.0811613010105	0.0	0.0	0.146360304161	0.0858585858586	0.161752661753	0.1316163634	0.21684061421	0.100088667935	0.298745573087	0.10910122974	0.104121622654	0.0953856975138	0.251951670738	0.290839650012	0.214462834109	0.104809103743	0.0994496105945	0.235258374529	0.222403268585	0.286279975341	0.231341894658	0.225458115183	0.150753768844	0.140735033653	0.283970924555	0.153565065982	0.219442705872	0.113006873176	0.322084255247	0.291532128763	0.093926232172	0.105467974833	0.277281199963	0.103606662695	0.219513235367	0.163065345215	0.130653266332	0.121381578947
160502038-stool3.snv.bam	0.231206131972	0.221190611583	0.145038927952	0.14075488711	0.140703517588	0.0811613010105	0.0	0.0	0.146360304161	0.0858585858586	0.161752661753	0.1316163634	0.21684061421	0.100088667935	0.298745573087	0.10910122974	0.104121622654	0.0953856975138	0.251951670738	0.290839650012	0.214462834109	0.104809103743	0.0994496105945	0.235258374529	0.222403268585	0.286279975341	0.231341894658	0.225458115183	0.150753768844	0.140735033653	0.283970924555	0.153565065982	0.219442705872	0.113006873176	0.322084255247	0.291532128763	0.093926232172	0.105467974833	0.277281199963	0.103606662695	0.219513235367	0.163065345215	0.130653266332	0.121381578947
375450439-stool3.snv.bam	0.267013029087	0.207951957612	0.030307894181	0.0258991412751	0.0257572890854	0.0761088034578	0.146360304161	0.146360304161	0.0	0.0915439420606	0.177266027783	0.167620083574	0.287286173438	0.0999469475129	0.273029400244	0.114281654898	0.104602262565	0.106682920445	0.267534063801	0.265269265053	0.290348846073	0.108690162863	0.0936238329401	0.220067810671	0.297154551841	0.251594204054	0.206706374628	0.19979074091	0.0157070378291	0.166629997413	0.264395146556	0.0390070575584	0.294526296796	0.0947044997336	0.306359510569	0.255094639188	0.0982856006754	0.0903652260241	0.249176859394	0.0982043531284	0.294683279092	0.147376265604	0.156410555417	0.148264965185
CCIS70398272ST-4-0.snv.bam	0.303080910416	0.217196717283	0.0902158922347	0.0859102148226	0.0858585858586	0.0256549006549	0.0858585858586	0.0858585858586	0.0915439420606	0.0	0.187680065853	0.164058778021	0.282522552996	0.0138646305263	0.295185905945	0.0341917588269	0.0151959469839	0.0151587564289	0.279739774816	0.287165244053	0.287094530431	0.0194798567923	0.0241943055975	0.231782528715	0.294233588123	0.247321793398	0.217358772914	0.210855263158	0.0959595959596	0.166698341903	0.280141892066	0.0985070206314	0.290897322713	0.0469197289364	0.31346563316	0.252402850229	0.00910318845124	0.0302430656151	0.241645396377	0.0290036660421	0.291923135842	0.107491321344	0.156565656566	0.148478835979
CCMD90311071ST-21-0.snv.bam	0.252793340895	0.284091084178	0.176277160114	0.171686900599	0.171580671581	0.172343797344	0.161752661753	0.161752661753	0.177266027783	0.187680065853	0.0	0.0212322951208	0.272363200095	0.202502247735	0.350886276367	0.199715361115	0.209790541578	0.215322429419	0.228736390479	0.337092088017	0.277809505762	0.206212043524	0.190439807298	0.287076807765	0.283848202738	0.348195394272	0.282878838434	0.278476173542	0.181681681682	0.0206508333245	0.338200686232	0.194816528108	0.281293563109	0.212805249604	0.333365896099	0.353063336676	0.194264106945	0.186672222044	0.336106088588	0.194902519441	0.281364448813	0.245814259667	0.0304395304395	0.0322197197197
MH0196.snv.bam	0.251911858449	0.261199154064	0.170087760389	0.16846284406	0.168458468663	0.152762497967	0.1316163634	0.1316163634	0.167620083574	0.164058778021	0.0212322951208	0.0	0.272704600695	0.176085355474	0.33321023212	0.182150957703	0.180966708782	0.185141316748	0.233082332443	0.324880589015	0.273626015816	0.179602481937	0.170830461291	0.263257864545	0.281123763894	0.333585658745	0.277668245241	0.272843019554	0.178175067853	0.0108891948272	0.323353808874	0.176602607532	0.279603736802	0.186861486706	0.326658093565	0.33603328329	0.166814491536	0.162940225871	0.321604283318	0.171930868343	0.280057072195	0.23161773953	0.0210900476101	0.02169185271
MH0198.snv.bam	0.0331761686737	0.373943123267	0.292329725243	0.292130243041	0.292152557169	0.287167346301	0.21684061421	0.21684061421	0.287286173438	0.282522552996	0.272363200095	0.272704600695	0.0	0.293654832667	0.398492133355	0.291667500179	0.3068180857	0.303717228763	0.22967947417	0.393867910745	0.0159779670437	0.299430328085	0.291386445598	0.363535530294	0.0177243296662	0.366482527534	0.372564519934	0.366503458657	0.286804963586	0.280978198719	0.403692528081	0.28980399155	0.0181812668845	0.279436278516	0.314328100462	0.366304804938	0.287939194078	0.281577483722	0.358645417129	0.294028641544	0.018116637887	0.314698798123	0.270316550039	0.25801786998
MH0229.snv.bam	0.323115503614	0.227419641492	0.100053065065	0.100038010649	0.100088667935	0.0387984353247	0.100088667935	0.100088667935	0.0999469475129	0.0138646305263	0.202502247735	0.176085355474	0.293654832667	0.0	0.29881893543	0.0315707034928	0.0152924315732	0.0139440129017	0.291569868496	0.292658261894	0.301650646834	0.0154137671598	0.0246315205311	0.23909249353	0.308114826279	0.261981013193	0.227180226498	0.22105802954	0.105164810067	0.181338778071	0.289401566166	0.100952111765	0.309333509212	0.0570063169894	0.318454546436	0.265539101598	0.0190801858685	0.0276944925985	0.251447406013	0.0283154368747	0.308541114127	0.115522832462	0.171154657782	0.161654673906
MH0247.snv.bam	0.399639851453	0.0835273870992	0.299011718304	0.298766647541	0.298745573087	0.278529677871	0.298745573087	0.298745573087	0.273029400244	0.295185905945	0.350886276367	0.33321023212	0.398492133355	0.29881893543	0.0	0.307910764513	0.297133952246	0.291970626186	0.355289475642	0.0105716055421	0.394583138539	0.303432445781	0.292846149636	0.106405999457	0.406851127293	0.112729790816	0.0965383153242	0.0948906988022	0.288644562986	0.338837300505	0.013673644736	0.292599696644	0.403539872398	0.289127592783	0.323440053365	0.112584844452	0.295016599386	0.295131390112	0.109707846148	0.292620590039	0.404367010005	0.209067895793	0.32904860339	0.326453037469
MH0275.snv.bam	0.319503975879	0.237597492918	0.0887147283797	0.0892461746854	0.0892963228529	0.0487225749927	0.10910122974	0.10910122974	0.114281654898	0.0341917588269	0.199715361115	0.182150957703	0.291667500179	0.0315707034928	0.307910764513	0.0	0.0317852265578	0.0344970040455	0.292714936267	0.297146044983	0.295638196763	0.0350732312349	0.0244439089695	0.249729286818	0.305289322775	0.282566987131	0.219331684848	0.212290409674	0.0993465741092	0.178778594094	0.299249576409	0.0913664403995	0.30400966801	0.0729603672962	0.323973373449	0.284290881891	0.0378732661665	0.035492613019	0.270711936467	0.0238136685438	0.306713047295	0.125620460514	0.168696826773	0.160190788212
MH0302.snv.bam	0.334176729005	0.219970411636	0.0998368368723	0.0990112622615	0.0988860205599	0.0417115196681	0.104121622654	0.104121622654	0.104602262565	0.0151959469839	0.209790541578	0.180966708782	0.3068180857	0.0152924315732	0.297133952246	0.0317852265578	0.0	0.0136994339978	0.299393345109	0.292480703932	0.309039084866	0.0193660946873	0.026105037049	0.236325888689	0.321973365697	0.258341602466	0.228738077729	0.222483255788	0.109357224748	0.187924092271	0.289079504202	0.10181189994	0.319175539556	0.0561278055357	0.333751656902	0.259760401	0.0173264693066	0.028710302806	0.251355044369	0.0263973446663	0.320631491873	0.12190199495	0.177420051973	0.16936664795
MH0314.snv.bam	0.327848269503	0.218854175506	0.107976310954	0.107023966042	0.106968709097	0.0417622938904	0.0953856975138	0.0953856975138	0.106682920445	0.0151587564289	0.215322429419	0.185141316748	0.303717228763	0.0139440129017	0.291970626186	0.0344970040455	0.0136994339978	0.0	0.30425030508	0.282480077701	0.304602077016	0.0184688348401	0.026682052967	0.234188710822	0.314599224227	0.257973468591	0.220682422811	0.21385147561	0.112374114502	0.192716895875	0.280149030659	0.106695601142	0.312525802125	0.0610785522641	0.328919669754	0.260447985374	0.0172770585923	0.0287902125314	0.242571568791	0.0290219661783	0.314475633407	0.117358041217	0.181872184	0.172225164068
MH0370.snv.bam	0.21520562303	0.307743142007	0.275697526804	0.272819115091	0.273004302317	0.272989843092	0.251951670738	0.251951670738	0.267534063801	0.279739774816	0.228736390479	0.233082332443	0.22967947417	0.291569868496	0.355289475642	0.292714936267	0.299393345109	0.30425030508	0.0	0.356101550646	0.231196946625	0.29336724809	0.279542760564	0.310322931982	0.230274247917	0.364059054546	0.332848356898	0.319535932211	0.278267460212	0.243045665467	0.345396370338	0.280286658701	0.226996230755	0.238240363871	0.334173831144	0.367061534726	0.283489584861	0.282776168042	0.361871928437	0.279020745493	0.227276095081	0.323351162557	0.243179740913	0.237728850404
MH0397.snv.bam	0.394339357946	0.08292253891	0.28753474818	0.28581065394	0.285685010836	0.270999953625	0.290839650012	0.290839650012	0.265269265053	0.287165244053	0.337092088017	0.324880589015	0.393867910745	0.292658261894	0.0105716055421	0.297146044983	0.292480703932	0.282480077701	0.356101550646	0.0	0.392797776121	0.297373099549	0.285811719963	0.107425330158	0.403606867496	0.107171712841	0.0844631704392	0.0825238020965	0.275375732486	0.326603371809	0.0108587222458	0.281912445251	0.398772959898	0.282145934588	0.312724106826	0.108936760092	0.288608077119	0.287799915036	0.108824363195	0.287223278324	0.400752538636	0.202845313725	0.316612845888	0.314906813639
MH0410.snv.bam	0.0328039138834	0.371850641869	0.296004273983	0.295709483021	0.295833844052	0.285615745823	0.214462834109	0.214462834109	0.290348846073	0.287094530431	0.277809505762	0.273626015816	0.0159779670437	0.301650646834	0.394583138539	0.295638196763	0.309039084866	0.304602077016	0.231196946625	0.392797776121	0.0	0.304513682501	0.291535536781	0.362834765361	0.0193656344207	0.368728757268	0.37569882609	0.370544855727	0.295833844052	0.286426300508	0.399379871443	0.302068325967	0.0176780008145	0.281367526493	0.31288924286	0.371975905335	0.29293093914	0.281938938347	0.361290394385	0.289427070624	0.0169108088397	0.314864464213	0.276254217329	0.267042561899
MH0422.snv.bam	0.325884259549	0.231365010089	0.104977521779	0.104758955576	0.104809103743	0.0441348533703	0.104809103743	0.104809103743	0.108690162863	0.0194798567923	0.206212043524	0.179602481937	0.299430328085	0.0154137671598	0.303432445781	0.0350732312349	0.0193660946873	0.0184688348401	0.29336724809	0.297373099549	0.304513682501	0.0	0.0285164244304	0.245164663787	0.312841540985	0.2677760707	0.233973443963	0.227587932956	0.113742660415	0.185242629858	0.294364243768	0.108330152161	0.310713222113	0.0590481759923	0.329579755109	0.270573925916	0.0243531865585	0.0309554382552	0.261173479149	0.0320881087975	0.311280588322	0.120076982204	0.175160862537	0.167705032049
O2.UC20-1.snv.bam	0.310291783303	0.218711831913	0.100686497123	0.099216730586	0.0992668787535	0.0292290020573	0.0994496105945	0.0994496105945	0.0936238329401	0.0241943055975	0.190439807298	0.170830461291	0.291386445598	0.0246315205311	0.292846149636	0.0244439089695	0.026105037049	0.026682052967	0.279542760564	0.285811719963	0.291535536781	0.0285164244304	0.0	0.232009949294	0.298516224782	0.274168833564	0.229847021036	0.22372009105	0.109045501597	0.169650153612	0.2804216627	0.107024809544	0.296089915284	0.0654526118403	0.316050597355	0.277991700266	0.0294044324303	0.0191731464751	0.263452365225	0.00903831901779	0.296643889885	0.107741275921	0.159568386291	0.151322795232
O2.UC27-1.snv.bam	0.361745690187	0.0311010758773	0.248739428917	0.245319609625	0.24535938463	0.225388858081	0.235258374529	0.235258374529	0.220067810671	0.231782528715	0.287076807765	0.263257864545	0.363535530294	0.23909249353	0.106405999457	0.249729286818	0.236325888689	0.234188710822	0.310322931982	0.107425330158	0.362834765361	0.245164663787	0.232009949294	0.0	0.370070817327	0.140761516646	0.0742333090597	0.0774929376673	0.235258374529	0.265593080069	0.100877996769	0.235584263584	0.367888978533	0.229074333839	0.313320363595	0.143952668457	0.235785574391	0.236346046827	0.141140484989	0.235059162367	0.368927862432	0.301289660543	0.255460394731	0.251775541528
O2.UC37-1.snv.bam	0.0311055811421	0.374969200305	0.304542196576	0.302264031925	0.302386518166	0.292741222089	0.222403268585	0.222403268585	0.297154551841	0.294233588123	0.283848202738	0.281123763894	0.0177243296662	0.308114826279	0.406851127293	0.305289322775	0.321973365697	0.314599224227	0.230274247917	0.403606867496	0.0193656344207	0.312841540985	0.298516224782	0.370070817327	0.0	0.377643429469	0.383393404449	0.3783808924	0.302386518166	0.292304750845	0.407765232074	0.308107141182	0.00723827362299	0.292371529659	0.319290717051	0.381697254485	0.30266581571	0.29301899257	0.370306817875	0.300969778619	0.00736267183931	0.319414076768	0.282286015654	0.272421632692
O2.UC7-1.snv.bam	0.366732338469	0.12749674592	0.270172086342	0.26630195907	0.266179472828	0.266579826244	0.286279975341	0.286279975341	0.251594204054	0.247321793398	0.348195394272	0.333585658745	0.366482527534	0.261981013193	0.112729790816	0.282566987131	0.258341602466	0.257973468591	0.364059054546	0.107171712841	0.368728757268	0.2677760707	0.274168833564	0.140761516646	0.377643429469	0.0	0.0984625814932	0.101556515486	0.256129221572	0.336220488048	0.113637498095	0.268044636625	0.37320161937	0.253792487824	0.337933915599	0.00747278975679	0.257462289946	0.278920524552	0.0082680051367	0.277179246941	0.374969966527	0.254025936474	0.326480980366	0.326485342594
SAMEA3136684.snv.bam	0.372055564319	0.0498444785021	0.206325284773	0.201313627131	0.20119114089	0.211641745561	0.231341894658	0.231341894658	0.206706374628	0.217358772914	0.282878838434	0.277668245241	0.372564519934	0.227180226498	0.0965383153242	0.219331684848	0.228738077729	0.220682422811	0.332848356898	0.0844631704392	0.37569882609	0.233973443963	0.229847021036	0.0742333090597	0.383393404449	0.0984625814932	0.0	0.000521136319565	0.191140889633	0.271574415748	0.0881474414979	0.204771575522	0.380073904192	0.218297878467	0.341789653975	0.101651844439	0.224795000967	0.236307356929	0.101946290586	0.234227561068	0.381094562481	0.25981515625	0.261492648427	0.258028752437
SAMEA3136697.snv.bam	0.366829949018	0.0521009614329	0.199393689177	0.194206792034	0.194044502618	0.204932828951	0.225458115183	0.225458115183	0.19979074091	0.210855263158	0.278476173542	0.272843019554	0.366503458657	0.22105802954	0.0948906988022	0.212290409674	0.222483255788	0.21385147561	0.319535932211	0.0825238020965	0.370544855727	0.227587932956	0.22372009105	0.0774929376673	0.3783808924	0.101556515486	0.000521136319565	0.0	0.183573298429	0.266721317785	0.0861058024102	0.19621550431	0.374848721639	0.211765144375	0.3513098131	0.105846639448	0.218473393484	0.230403920057	0.105447063698	0.227918170215	0.376247543962	0.248274939439	0.256217277487	0.252747252747
SAMEA3136701.snv.bam	0.271487218681	0.222760470296	0.0151843951394	0.0102936211354	0.0100502512563	0.090852614722	0.150753768844	0.150753768844	0.0157070378291	0.0959595959596	0.181681681682	0.178175067853	0.286804963586	0.105164810067	0.288644562986	0.0993465741092	0.109357224748	0.112374114502	0.278267460212	0.275375732486	0.295833844052	0.113742660415	0.109045501597	0.235258374529	0.302386518166	0.256129221572	0.191140889633	0.183573298429	0.0	0.171023462096	0.279833808716	0.0235145609313	0.299485778378	0.0998343314325	0.311822639316	0.260507597739	0.103529805595	0.105467974833	0.254674816984	0.113656913951	0.299915245417	0.163065345215	0.160804020101	0.152960526316
SAMEA3178938.snv.bam	0.261405943585	0.262403368054	0.165646098929	0.161024580362	0.16097321084	0.151544575869	0.140735033653	0.140735033653	0.166629997413	0.166698341903	0.0206508333245	0.0108891948272	0.280978198719	0.181338778071	0.338837300505	0.178778594094	0.187924092271	0.192716895875	0.243045665467	0.326603371809	0.286426300508	0.185242629858	0.169650153612	0.265593080069	0.292304750845	0.336220488048	0.271574415748	0.266721317785	0.171023462096	0.0	0.327377223763	0.173937131422	0.289762948601	0.19170306458	0.341703687154	0.341003365561	0.173354733161	0.16593867311	0.323494827776	0.173989937554	0.289833478096	0.23417841679	0.0103609948303	0.0111807261644
T2D-113A.snv.bam	0.398926583429	0.0754878724101	0.293816709205	0.290528894524	0.290472106589	0.26349804637	0.283970924555	0.283970924555	0.264395146556	0.280141892066	0.338200686232	0.323353808874	0.403692528081	0.289401566166	0.013673644736	0.299249576409	0.289079504202	0.280149030659	0.345396370338	0.0108587222458	0.399379871443	0.294364243768	0.2804216627	0.100877996769	0.407765232074	0.113637498095	0.0881474414979	0.0861058024102	0.279833808716	0.327377223763	0.0	0.289568486781	0.404595049434	0.278322296867	0.317219668808	0.117671155971	0.284729902581	0.2855285689	0.11306598943	0.284048459074	0.407379333581	0.202267911896	0.317067851269	0.315295657572
V1.CD4-0-PN.snv.bam	0.284609062115	0.222897399227	0.0344386489869	0.0337218000509	0.0336155710323	0.0933613807781	0.153565065982	0.153565065982	0.0390070575584	0.0985070206314	0.194816528108	0.176602607532	0.28980399155	0.100952111765	0.292599696644	0.0913664403995	0.10181189994	0.106695601142	0.280286658701	0.281912445251	0.302068325967	0.108330152161	0.107024809544	0.235584263584	0.308107141182	0.268044636625	0.204771575522	0.19621550431	0.0235145609313	0.173937131422	0.289568486781	0.0	0.30832399589	0.0956464348425	0.308615274563	0.26710674247	0.0977360706377	0.0971531063208	0.264152742863	0.107195426904	0.309829719203	0.167928380518	0.163666076083	0.152940453448
V1.CD51-0.snv.bam	0.0286269880259	0.370077302425	0.300725920206	0.299363292136	0.299485778378	0.289808269956	0.219442705872	0.219442705872	0.294526296796	0.290897322713	0.281293563109	0.279603736802	0.0181812668845	0.309333509212	0.403539872398	0.30400966801	0.319175539556	0.312525802125	0.226996230755	0.398772959898	0.0176780008145	0.310713222113	0.296089915284	0.367888978533	0.00723827362299	0.37320161937	0.380073904192	0.374848721639	0.299485778378	0.289762948601	0.404595049434	0.30832399589	0.0	0.290107361649	0.316032602281	0.37915314052	0.299776539665	0.290041590209	0.369709333565	0.298024515553	0.00541993494695	0.321752756706	0.27974421341	0.271876834045
V1.UC10-2.snv.bam	0.303885127379	0.214274747526	0.0917427208503	0.0895793340584	0.0896302497999	0.0595672006041	0.113006873176	0.113006873176	0.0947044997336	0.0469197289364	0.212805249604	0.186861486706	0.279436278516	0.0570063169894	0.289127592783	0.0729603672962	0.0561278055357	0.0610785522641	0.238240363871	0.282145934588	0.281367526493	0.0590481759923	0.0654526118403	0.229074333839	0.292371529659	0.253792487824	0.218297878467	0.211765144375	0.0998343314325	0.19170306458	0.278322296867	0.0956464348425	0.290107361649	0.0	0.319556053337	0.257821497419	0.0484157409891	0.0650086257923	0.249143400699	0.0658010925325	0.288939035591	0.138478826663	0.181466984494	0.168698907099
V1.UC11-5.snv.bam	0.321899953354	0.317872478484	0.321871766239	0.321749966449	0.321872890572	0.311490075558	0.322084255247	0.322084255247	0.306359510569	0.31346563316	0.333365896099	0.326658093565	0.314328100462	0.318454546436	0.323440053365	0.323973373449	0.333751656902	0.328919669754	0.334173831144	0.312724106826	0.31288924286	0.329579755109	0.316050597355	0.313320363595	0.319290717051	0.337933915599	0.341789653975	0.3513098131	0.311822639316	0.341703687154	0.317219668808	0.308615274563	0.316032602281	0.319556053337	0.0	0.339693460012	0.319247806807	0.309657968686	0.337981778157	0.318212644993	0.317859353939	0.316460303362	0.331826504797	0.325548998235
V1.UC31-4.snv.bam	0.372521627074	0.13106170626	0.272616585689	0.270629682293	0.27060860784	0.271171316736	0.291532128763	0.291532128763	0.255094639188	0.252402850229	0.353063336676	0.33603328329	0.366304804938	0.265539101598	0.112584844452	0.284290881891	0.259760401	0.260447985374	0.367061534726	0.108936760092	0.371975905335	0.270573925916	0.277991700266	0.143952668457	0.381697254485	0.00747278975679	0.101651844439	0.105846639448	0.260507597739	0.341003365561	0.117671155971	0.26710674247	0.37915314052	0.257821497419	0.339693460012	0.0	0.25931773828	0.281400093935	0.010416501098	0.27897878713	0.3804081394	0.256921936528	0.331214668446	0.329436865012
V1.UC32-0.snv.bam	0.313969210851	0.219180653735	0.0947848876974	0.0935309238604	0.0934795543384	0.0340250780498	0.093926232172	0.093926232172	0.0982856006754	0.00910318845124	0.194264106945	0.166814491536	0.287939194078	0.0190801858685	0.295016599386	0.0378732661665	0.0173264693066	0.0172770585923	0.283489584861	0.288608077119	0.29293093914	0.0243531865585	0.0294044324303	0.235785574391	0.30266581571	0.257462289946	0.224795000967	0.218473393484	0.103529805595	0.173354733161	0.284729902581	0.0977360706377	0.299776539665	0.0484157409891	0.319247806807	0.25931773828	0.0	0.0321770553258	0.247544653081	0.0311247773798	0.301331345629	0.110483069001	0.16327296584	0.153565635129
V1.UC35-0.snv.bam	0.306156080082	0.224143491456	0.0953599892166	0.0954219010918	0.0954177235769	0.035102410749	0.105467974833	0.105467974833	0.0903652260241	0.0302430656151	0.186672222044	0.162940225871	0.281577483722	0.0276944925985	0.295131390112	0.035492613019	0.028710302806	0.0287902125314	0.282776168042	0.287799915036	0.281938938347	0.0309554382552	0.0191731464751	0.236346046827	0.29301899257	0.278920524552	0.236307356929	0.230403920057	0.105467974833	0.16593867311	0.2855285689	0.0971531063208	0.290041590209	0.0650086257923	0.309657968686	0.281400093935	0.0321770553258	0.0	0.266276352167	0.0204341606874	0.290065127612	0.110696654986	0.155719231115	0.147050083583
V1.UC49-1.snv.bam	0.361570693937	0.128671370191	0.268456037276	0.26529767139	0.265313114857	0.255610051962	0.277281199963	0.277281199963	0.249176859394	0.241645396377	0.336106088588	0.321604283318	0.358645417129	0.251447406013	0.109707846148	0.270711936467	0.251355044369	0.242571568791	0.361871928437	0.108824363195	0.361290394385	0.261173479149	0.263452365225	0.141140484989	0.370306817875	0.0082680051367	0.101946290586	0.105447063698	0.254674816984	0.323494827776	0.11306598943	0.264152742863	0.369709333565	0.249143400699	0.337981778157	0.010416501098	0.247544653081	0.266276352167	0.0	0.266016866786	0.369684626052	0.240010770351	0.313185455282	0.312406770658
V1.UC50-1.snv.bam	0.314631567245	0.22002933294	0.102719521659	0.103556514528	0.103606662695	0.033241098611	0.103606662695	0.103606662695	0.0982043531284	0.0290036660421	0.194902519441	0.171930868343	0.294028641544	0.0283154368747	0.292620590039	0.0238136685438	0.0263973446663	0.0290219661783	0.279020745493	0.287223278324	0.289427070624	0.0320881087975	0.00903831901779	0.235059162367	0.300969778619	0.277179246941	0.234227561068	0.227918170215	0.113656913951	0.173989937554	0.284048459074	0.107195426904	0.298024515553	0.0658010925325	0.318212644993	0.27897878713	0.0311247773798	0.0204341606874	0.266016866786	0.0	0.299740467981	0.109667241478	0.163908170233	0.155416993291
V1.UC51-0.snv.bam	0.0292887087706	0.372433662806	0.302167039132	0.299792759175	0.299915245417	0.28985118887	0.219513235367	0.219513235367	0.294683279092	0.291923135842	0.281364448813	0.280057072195	0.018116637887	0.308541114127	0.404367010005	0.306713047295	0.320631491873	0.314475633407	0.227276095081	0.400752538636	0.0169108088397	0.311280588322	0.296643889885	0.368927862432	0.00736267183931	0.374969966527	0.381094562481	0.376247543962	0.299915245417	0.289833478096	0.407379333581	0.309829719203	0.00541993494695	0.288939035591	0.317859353939	0.3804081394	0.301331345629	0.290065127612	0.369684626052	0.299740467981	0.0	0.321275598844	0.279814742904	0.272068432942
V1.UC61-0.snv.bam	0.336016439226	0.280478494044	0.15490349064	0.152748877469	0.152861263582	0.081418675558	0.163065345215	0.163065345215	0.147376265604	0.107491321344	0.245814259667	0.23161773953	0.314698798123	0.115522832462	0.209067895793	0.125620460514	0.12190199495	0.117358041217	0.323351162557	0.202845313725	0.314864464213	0.120076982204	0.107741275921	0.301289660543	0.319414076768	0.254025936474	0.25981515625	0.248274939439	0.163065345215	0.23417841679	0.202267911896	0.167928380518	0.321752756706	0.138478826663	0.316460303362	0.256921936528	0.110483069001	0.110696654986	0.240010770351	0.109667241478	0.321275598844	0.0	0.224289835011	0.216602443147
daisy-11-0-0.snv.bam	0.251387208393	0.252167287968	0.155426656933	0.150859464049	0.150753768844	0.141462808548	0.130653266332	0.130653266332	0.156410555417	0.156565656566	0.0304395304395	0.0210900476101	0.270316550039	0.171154657782	0.32904860339	0.168696826773	0.177420051973	0.181872184	0.243179740913	0.316612845888	0.276254217329	0.175160862537	0.159568386291	0.255460394731	0.282286015654	0.326480980366	0.261492648427	0.256217277487	0.160804020101	0.0103609948303	0.317067851269	0.163666076083	0.27974421341	0.181466984494	0.331826504797	0.331214668446	0.16327296584	0.155719231115	0.313185455282	0.163908170233	0.279814742904	0.224289835011	0.0	0.000328947368421
daisy-11-60-0.snv.bam	0.24780139559	0.248183772004	0.146081766874	0.142544912346	0.142434210526	0.132703152111	0.121381578947	0.121381578947	0.148264965185	0.148478835979	0.0322197197197	0.02169185271	0.25801786998	0.161654673906	0.326453037469	0.160190788212	0.16936664795	0.172225164068	0.237728850404	0.314906813639	0.267042561899	0.167705032049	0.151322795232	0.251775541528	0.272421632692	0.326485342594	0.258028752437	0.252747252747	0.152960526316	0.0111807261644	0.315295657572	0.152940453448	0.271876834045	0.168698907099	0.325548998235	0.329436865012	0.153565635129	0.147050083583	0.312406770658	0.155416993291	0.272068432942	0.216602443147	0.000328947368421	0.0
