	158883629-tonguedorsum1.snv.bam	158883629-tonguedorsum3.snv.bam	159247771-tonguedorsum2.snv.bam	159470302-tonguedorsum1.snv.bam	159551223-tonguedorsum1.snv.bam	159733294-tonguedorsum1.snv.bam	160178356-tonguedorsum2.snv.bam	160178356-tonguedorsum3.snv.bam	160380657-tonguedorsum3.snv.bam	160502038-tonguedorsum1.snv.bam	160502038-tonguedorsum2.snv.bam	160502038-tonguedorsum3.snv.bam	160947100-tonguedorsum1.snv.bam	178713055-tonguedorsum2.snv.bam	295137534-tonguedorsum2.snv.bam	338793263-tonguedorsum2.snv.bam	638754422-tonguedorsum3.snv.bam	765013792-tonguedorsum2.snv.bam	765074482-tonguedorsum1.snv.bam	765074482-tonguedorsum3.snv.bam	765216093-tonguedorsum3.snv.bam
158883629-tonguedorsum1.snv.bam	0.0	0.0257289879931	0.0668953687822	0.140651801029	0.041166380789	0.0703259005146	0.0857632933105	0.11320754717	0.082332761578	0.065180102916	0.0566037735849	0.0583190394511	0.0857632933105	0.073756432247	0.109777015437	0.073756432247	0.0943396226415	0.0634648370497	0.0806174957118	0.104631217839	0.0480274442539
158883629-tonguedorsum3.snv.bam	0.0257289879931	0.0	0.0548885077187	0.128644939966	0.0291595197256	0.0566037735849	0.082332761578	0.108061749571	0.0668953687822	0.0548885077187	0.0480274442539	0.0531732418525	0.0720411663808	0.0566037735849	0.0977701543739	0.0583190394511	0.0840480274443	0.0634648370497	0.0617495711835	0.0926243567753	0.0291595197256
159247771-tonguedorsum2.snv.bam	0.0668953687822	0.0548885077187	0.0	0.118353344768	0.0394511149228	0.0531732418525	0.0686106346484	0.0926243567753	0.0377358490566	0.0308747855918	0.032590051458	0.0240137221269	0.0686106346484	0.0377358490566	0.0874785591767	0.0497427101201	0.0720411663808	0.0548885077187	0.0531732418525	0.0891938250429	0.0394511149228
159470302-tonguedorsum1.snv.bam	0.140651801029	0.128644939966	0.118353344768	0.0	0.123499142367	0.11320754717	0.0377358490566	0.0274442538593	0.114922813036	0.126929674099	0.0703259005146	0.121783876501	0.0891938250429	0.128644939966	0.0720411663808	0.0806174957118	0.102915951973	0.121783876501	0.118353344768	0.159519725557	0.118353344768
159551223-tonguedorsum1.snv.bam	0.041166380789	0.0291595197256	0.0394511149228	0.123499142367	0.0	0.0463121783877	0.065180102916	0.0960548885077	0.0480274442539	0.0360205831904	0.0445969125214	0.032590051458	0.0566037735849	0.0377358490566	0.0960548885077	0.0548885077187	0.0583190394511	0.0428816466552	0.0497427101201	0.082332761578	0.0171526586621
159733294-tonguedorsum1.snv.bam	0.0703259005146	0.0566037735849	0.0531732418525	0.11320754717	0.0463121783877	0.0	0.0566037735849	0.0926243567753	0.0343053173242	0.0308747855918	0.0291595197256	0.0274442538593	0.0600343053173	0.0600343053173	0.0806174957118	0.0480274442539	0.0514579759863	0.0600343053173	0.0463121783877	0.0909090909091	0.0360205831904
160178356-tonguedorsum2.snv.bam	0.0857632933105	0.082332761578	0.0686106346484	0.0377358490566	0.065180102916	0.0566037735849	0.0	0.00171526586621	0.0566037735849	0.065180102916	0.0377358490566	0.0617495711835	0.0394511149228	0.073756432247	0.0308747855918	0.0377358490566	0.0514579759863	0.0720411663808	0.0583190394511	0.0806174957118	0.0668953687822
160178356-tonguedorsum3.snv.bam	0.11320754717	0.108061749571	0.0926243567753	0.0274442538593	0.0960548885077	0.0926243567753	0.00171526586621	0.0	0.0909090909091	0.0977701543739	0.0531732418525	0.0891938250429	0.0600343053173	0.0977701543739	0.0445969125214	0.0617495711835	0.082332761578	0.101200686106	0.0909090909091	0.133790737564	0.0926243567753
160380657-tonguedorsum3.snv.bam	0.082332761578	0.0668953687822	0.0377358490566	0.114922813036	0.0480274442539	0.0343053173242	0.0566037735849	0.0909090909091	0.0	0.0257289879931	0.0240137221269	0.0171526586621	0.0566037735849	0.0480274442539	0.0806174957118	0.0428816466552	0.0497427101201	0.0566037735849	0.0308747855918	0.0789022298456	0.0480274442539
160502038-tonguedorsum1.snv.bam	0.065180102916	0.0548885077187	0.0308747855918	0.126929674099	0.0360205831904	0.0308747855918	0.065180102916	0.0977701543739	0.0257289879931	0.0	0.0102915951973	0.0	0.0703259005146	0.0360205831904	0.0960548885077	0.0428816466552	0.065180102916	0.0497427101201	0.041166380789	0.0806174957118	0.0343053173242
160502038-tonguedorsum2.snv.bam	0.0566037735849	0.0480274442539	0.032590051458	0.0703259005146	0.0445969125214	0.0291595197256	0.0377358490566	0.0531732418525	0.0240137221269	0.0102915951973	0.0	0.00171526586621	0.0445969125214	0.0343053173242	0.0394511149228	0.0291595197256	0.0548885077187	0.041166380789	0.0343053173242	0.0754716981132	0.0377358490566
160502038-tonguedorsum3.snv.bam	0.0583190394511	0.0531732418525	0.0240137221269	0.121783876501	0.032590051458	0.0274442538593	0.0617495711835	0.0891938250429	0.0171526586621	0.0	0.00171526586621	0.0	0.0583190394511	0.0343053173242	0.0840480274443	0.0274442538593	0.0600343053173	0.0463121783877	0.032590051458	0.073756432247	0.0308747855918
160947100-tonguedorsum1.snv.bam	0.0857632933105	0.0720411663808	0.0686106346484	0.0891938250429	0.0566037735849	0.0600343053173	0.0394511149228	0.0600343053173	0.0566037735849	0.0703259005146	0.0445969125214	0.0583190394511	0.0	0.082332761578	0.0617495711835	0.0445969125214	0.0634648370497	0.0686106346484	0.0617495711835	0.111492281304	0.0634648370497
178713055-tonguedorsum2.snv.bam	0.073756432247	0.0566037735849	0.0377358490566	0.128644939966	0.0377358490566	0.0600343053173	0.073756432247	0.0977701543739	0.0480274442539	0.0360205831904	0.0343053173242	0.0343053173242	0.082332761578	0.0	0.101200686106	0.0480274442539	0.0583190394511	0.041166380789	0.0377358490566	0.0703259005146	0.0291595197256
295137534-tonguedorsum2.snv.bam	0.109777015437	0.0977701543739	0.0874785591767	0.0720411663808	0.0960548885077	0.0806174957118	0.0308747855918	0.0445969125214	0.0806174957118	0.0960548885077	0.0394511149228	0.0840480274443	0.0617495711835	0.101200686106	0.0	0.0566037735849	0.0840480274443	0.0960548885077	0.082332761578	0.123499142367	0.0909090909091
338793263-tonguedorsum2.snv.bam	0.073756432247	0.0583190394511	0.0497427101201	0.0806174957118	0.0548885077187	0.0480274442539	0.0377358490566	0.0617495711835	0.0428816466552	0.0428816466552	0.0291595197256	0.0274442538593	0.0445969125214	0.0480274442539	0.0566037735849	0.0	0.0548885077187	0.0583190394511	0.0343053173242	0.0686106346484	0.0463121783877
638754422-tonguedorsum3.snv.bam	0.0943396226415	0.0840480274443	0.0720411663808	0.102915951973	0.0583190394511	0.0514579759863	0.0514579759863	0.082332761578	0.0497427101201	0.065180102916	0.0548885077187	0.0600343053173	0.0634648370497	0.0583190394511	0.0840480274443	0.0548885077187	0.0	0.0668953687822	0.0497427101201	0.0926243567753	0.0583190394511
765013792-tonguedorsum2.snv.bam	0.0634648370497	0.0634648370497	0.0548885077187	0.121783876501	0.0428816466552	0.0600343053173	0.0720411663808	0.101200686106	0.0566037735849	0.0497427101201	0.041166380789	0.0463121783877	0.0686106346484	0.041166380789	0.0960548885077	0.0583190394511	0.0668953687822	0.0	0.0428816466552	0.0840480274443	0.0394511149228
765074482-tonguedorsum1.snv.bam	0.0806174957118	0.0617495711835	0.0531732418525	0.118353344768	0.0497427101201	0.0463121783877	0.0583190394511	0.0909090909091	0.0308747855918	0.041166380789	0.0343053173242	0.032590051458	0.0617495711835	0.0377358490566	0.082332761578	0.0343053173242	0.0497427101201	0.0428816466552	0.0	0.0137221269297	0.0394511149228
765074482-tonguedorsum3.snv.bam	0.104631217839	0.0926243567753	0.0891938250429	0.159519725557	0.082332761578	0.0909090909091	0.0806174957118	0.133790737564	0.0789022298456	0.0806174957118	0.0754716981132	0.073756432247	0.111492281304	0.0703259005146	0.123499142367	0.0686106346484	0.0926243567753	0.0840480274443	0.0137221269297	0.0	0.073756432247
765216093-tonguedorsum3.snv.bam	0.0480274442539	0.0291595197256	0.0394511149228	0.118353344768	0.0171526586621	0.0360205831904	0.0668953687822	0.0926243567753	0.0480274442539	0.0343053173242	0.0377358490566	0.0308747855918	0.0634648370497	0.0291595197256	0.0909090909091	0.0463121783877	0.0583190394511	0.0394511149228	0.0394511149228	0.073756432247	0.0
