	147406386-tonguedorsum3.snv.bam	159227541-tonguedorsum3.snv.bam	159551223-tonguedorsum1.snv.bam	159551223-tonguedorsum2.snv.bam	160259276-tonguedorsum1.snv.bam	160319967-tonguedorsum2.snv.bam	160400887-tonguedorsum1.snv.bam	370027359-palatinetonsils2.snv.bam	370027359-tonguedorsum3.snv.bam	638754422-tonguedorsum1.snv.bam	638754422-tonguedorsum3.snv.bam	675950834-tonguedorsum2.snv.bam	737052003-tonguedorsum2.snv.bam	763577454-tonguedorsum1.snv.bam	763577454-tonguedorsum2.snv.bam	763982056-tonguedorsum1.snv.bam	763982056-tonguedorsum2.snv.bam	763982056-tonguedorsum3.snv.bam	764325968-tonguedorsum2.snv.bam	764588959-tonguedorsum2.snv.bam	764811490-tonguedorsum1.snv.bam	765195863-palatinetonsils3.snv.bam	765195863-tonguedorsum3.snv.bam	765620695-tonguedorsum1.snv.bam	857980665-tonguedorsum2.snv.bam	857980665-tonguedorsum3.snv.bam
147406386-tonguedorsum3.snv.bam	0.0	0.124390243902	0.20487804878	0.20487804878	0.168292682927	0.151219512195	0.185365853659	0.129268292683	0.114634146341	0.173170731707	0.2	0.187804878049	0.173170731707	0.090243902439	0.0951219512195	0.170731707317	0.178048780488	0.168292682927	0.151219512195	0.163414634146	0.19512195122	0.121951219512	0.141463414634	0.170731707317	0.168292682927	0.158536585366
159227541-tonguedorsum3.snv.bam	0.124390243902	0.0	0.146341463415	0.143902439024	0.143902439024	0.117073170732	0.117073170732	0.0780487804878	0.0512195121951	0.112195121951	0.139024390244	0.117073170732	0.112195121951	0.0658536585366	0.0878048780488	0.107317073171	0.112195121951	0.10243902439	0.109756097561	0.107317073171	0.0756097560976	0.0634146341463	0.0731707317073	0.109756097561	0.121951219512	0.112195121951
159551223-tonguedorsum1.snv.bam	0.20487804878	0.146341463415	0.0	0.0	0.212195121951	0.180487804878	0.158536585366	0.163414634146	0.148780487805	0.156097560976	0.168292682927	0.141463414634	0.158536585366	0.139024390244	0.143902439024	0.192682926829	0.19512195122	0.190243902439	0.192682926829	0.10487804878	0.165853658537	0.1	0.112195121951	0.153658536585	0.190243902439	0.158536585366
159551223-tonguedorsum2.snv.bam	0.20487804878	0.143902439024	0.0	0.0	0.212195121951	0.178048780488	0.158536585366	0.160975609756	0.148780487805	0.153658536585	0.165853658537	0.143902439024	0.158536585366	0.136585365854	0.141463414634	0.190243902439	0.192682926829	0.187804878049	0.190243902439	0.107317073171	0.163414634146	0.1	0.112195121951	0.151219512195	0.187804878049	0.156097560976
160259276-tonguedorsum1.snv.bam	0.168292682927	0.143902439024	0.212195121951	0.212195121951	0.0	0.146341463415	0.168292682927	0.117073170732	0.129268292683	0.165853658537	0.192682926829	0.163414634146	0.160975609756	0.119512195122	0.136585365854	0.141463414634	0.143902439024	0.143902439024	0.175609756098	0.156097560976	0.19756097561	0.121951219512	0.129268292683	0.156097560976	0.187804878049	0.187804878049
160319967-tonguedorsum2.snv.bam	0.151219512195	0.117073170732	0.180487804878	0.178048780488	0.146341463415	0.0	0.153658536585	0.109756097561	0.107317073171	0.146341463415	0.170731707317	0.146341463415	0.156097560976	0.10487804878	0.136585365854	0.146341463415	0.153658536585	0.143902439024	0.156097560976	0.134146341463	0.170731707317	0.0829268292683	0.090243902439	0.141463414634	0.143902439024	0.148780487805
160400887-tonguedorsum1.snv.bam	0.185365853659	0.117073170732	0.158536585366	0.158536585366	0.168292682927	0.153658536585	0.0	0.107317073171	0.10487804878	0.156097560976	0.175609756098	0.153658536585	0.119512195122	0.114634146341	0.117073170732	0.163414634146	0.168292682927	0.160975609756	0.160975609756	0.153658536585	0.156097560976	0.10243902439	0.119512195122	0.119512195122	0.139024390244	0.146341463415
370027359-palatinetonsils2.snv.bam	0.129268292683	0.0780487804878	0.163414634146	0.160975609756	0.117073170732	0.109756097561	0.107317073171	0.0	0.00731707317073	0.117073170732	0.139024390244	0.119512195122	0.090243902439	0.0731707317073	0.0829268292683	0.117073170732	0.117073170732	0.117073170732	0.119512195122	0.124390243902	0.136585365854	0.0756097560976	0.080487804878	0.0878048780488	0.119512195122	0.0853658536585
370027359-tonguedorsum3.snv.bam	0.114634146341	0.0512195121951	0.148780487805	0.148780487805	0.129268292683	0.107317073171	0.10487804878	0.00731707317073	0.0	0.10243902439	0.126829268293	0.0878048780488	0.0975609756098	0.0731707317073	0.0853658536585	0.112195121951	0.114634146341	0.112195121951	0.121951219512	0.1	0.109756097561	0.0731707317073	0.0780487804878	0.1	0.114634146341	0.0780487804878
638754422-tonguedorsum1.snv.bam	0.173170731707	0.112195121951	0.156097560976	0.153658536585	0.165853658537	0.146341463415	0.156097560976	0.117073170732	0.10243902439	0.0	0.0121951219512	0.158536585366	0.156097560976	0.10487804878	0.112195121951	0.136585365854	0.141463414634	0.136585365854	0.119512195122	0.143902439024	0.185365853659	0.0829268292683	0.107317073171	0.148780487805	0.139024390244	0.117073170732
638754422-tonguedorsum3.snv.bam	0.2	0.139024390244	0.168292682927	0.165853658537	0.192682926829	0.170731707317	0.175609756098	0.139024390244	0.126829268293	0.0121951219512	0.0	0.178048780488	0.163414634146	0.129268292683	0.141463414634	0.156097560976	0.160975609756	0.156097560976	0.141463414634	0.160975609756	0.192682926829	0.109756097561	0.126829268293	0.165853658537	0.163414634146	0.134146341463
675950834-tonguedorsum2.snv.bam	0.187804878049	0.117073170732	0.141463414634	0.143902439024	0.163414634146	0.146341463415	0.153658536585	0.119512195122	0.0878048780488	0.158536585366	0.178048780488	0.0	0.170731707317	0.114634146341	0.129268292683	0.158536585366	0.163414634146	0.158536585366	0.156097560976	0.1	0.180487804878	0.0634146341463	0.0560975609756	0.163414634146	0.182926829268	0.146341463415
737052003-tonguedorsum2.snv.bam	0.173170731707	0.112195121951	0.158536585366	0.158536585366	0.160975609756	0.156097560976	0.119512195122	0.090243902439	0.0975609756098	0.156097560976	0.163414634146	0.170731707317	0.0	0.1	0.109756097561	0.153658536585	0.160975609756	0.151219512195	0.136585365854	0.136585365854	0.156097560976	0.0829268292683	0.10487804878	0.0121951219512	0.141463414634	0.148780487805
763577454-tonguedorsum1.snv.bam	0.090243902439	0.0658536585366	0.139024390244	0.136585365854	0.119512195122	0.10487804878	0.114634146341	0.0731707317073	0.0731707317073	0.10487804878	0.129268292683	0.114634146341	0.1	0.0	0.0	0.112195121951	0.119512195122	0.114634146341	0.0853658536585	0.107317073171	0.129268292683	0.0780487804878	0.0926829268293	0.10243902439	0.1	0.117073170732
763577454-tonguedorsum2.snv.bam	0.0951219512195	0.0878048780488	0.143902439024	0.141463414634	0.136585365854	0.136585365854	0.117073170732	0.0829268292683	0.0853658536585	0.112195121951	0.141463414634	0.129268292683	0.109756097561	0.0	0.0	0.121951219512	0.126829268293	0.119512195122	0.10243902439	0.114634146341	0.153658536585	0.090243902439	0.1	0.107317073171	0.117073170732	0.134146341463
763982056-tonguedorsum1.snv.bam	0.170731707317	0.107317073171	0.192682926829	0.190243902439	0.141463414634	0.146341463415	0.163414634146	0.117073170732	0.112195121951	0.136585365854	0.156097560976	0.158536585366	0.153658536585	0.112195121951	0.121951219512	0.0	0.0	0.0	0.165853658537	0.148780487805	0.158536585366	0.0975609756098	0.112195121951	0.148780487805	0.148780487805	0.156097560976
763982056-tonguedorsum2.snv.bam	0.178048780488	0.112195121951	0.19512195122	0.192682926829	0.143902439024	0.153658536585	0.168292682927	0.117073170732	0.114634146341	0.141463414634	0.160975609756	0.163414634146	0.160975609756	0.119512195122	0.126829268293	0.0	0.0	0.00243902439024	0.168292682927	0.143902439024	0.168292682927	0.1	0.114634146341	0.156097560976	0.156097560976	0.158536585366
763982056-tonguedorsum3.snv.bam	0.168292682927	0.10243902439	0.190243902439	0.187804878049	0.143902439024	0.143902439024	0.160975609756	0.117073170732	0.112195121951	0.136585365854	0.156097560976	0.158536585366	0.151219512195	0.114634146341	0.119512195122	0.0	0.00243902439024	0.0	0.163414634146	0.146341463415	0.158536585366	0.090243902439	0.107317073171	0.141463414634	0.148780487805	0.151219512195
764325968-tonguedorsum2.snv.bam	0.151219512195	0.109756097561	0.192682926829	0.190243902439	0.175609756098	0.156097560976	0.160975609756	0.119512195122	0.121951219512	0.119512195122	0.141463414634	0.156097560976	0.136585365854	0.0853658536585	0.10243902439	0.165853658537	0.168292682927	0.163414634146	0.0	0.156097560976	0.207317073171	0.10487804878	0.117073170732	0.146341463415	0.124390243902	0.141463414634
764588959-tonguedorsum2.snv.bam	0.163414634146	0.107317073171	0.10487804878	0.107317073171	0.156097560976	0.134146341463	0.153658536585	0.124390243902	0.1	0.143902439024	0.160975609756	0.1	0.136585365854	0.107317073171	0.114634146341	0.148780487805	0.143902439024	0.146341463415	0.156097560976	0.0	0.141463414634	0.0609756097561	0.0682926829268	0.134146341463	0.160975609756	0.146341463415
764811490-tonguedorsum1.snv.bam	0.19512195122	0.0756097560976	0.165853658537	0.163414634146	0.19756097561	0.170731707317	0.156097560976	0.136585365854	0.109756097561	0.185365853659	0.192682926829	0.180487804878	0.156097560976	0.129268292683	0.153658536585	0.158536585366	0.168292682927	0.158536585366	0.207317073171	0.141463414634	0.0	0.114634146341	0.124390243902	0.148780487805	0.182926829268	0.178048780488
765195863-palatinetonsils3.snv.bam	0.121951219512	0.0634146341463	0.1	0.1	0.121951219512	0.0829268292683	0.10243902439	0.0756097560976	0.0731707317073	0.0829268292683	0.109756097561	0.0634146341463	0.0829268292683	0.0780487804878	0.090243902439	0.0975609756098	0.1	0.090243902439	0.10487804878	0.0609756097561	0.114634146341	0.0	0.0	0.0780487804878	0.10243902439	0.0951219512195
765195863-tonguedorsum3.snv.bam	0.141463414634	0.0731707317073	0.112195121951	0.112195121951	0.129268292683	0.090243902439	0.119512195122	0.080487804878	0.0780487804878	0.107317073171	0.126829268293	0.0560975609756	0.10487804878	0.0926829268293	0.1	0.112195121951	0.114634146341	0.107317073171	0.117073170732	0.0682926829268	0.124390243902	0.0	0.0	0.10243902439	0.124390243902	0.117073170732
765620695-tonguedorsum1.snv.bam	0.170731707317	0.109756097561	0.153658536585	0.151219512195	0.156097560976	0.141463414634	0.119512195122	0.0878048780488	0.1	0.148780487805	0.165853658537	0.163414634146	0.0121951219512	0.10243902439	0.107317073171	0.148780487805	0.156097560976	0.141463414634	0.146341463415	0.134146341463	0.148780487805	0.0780487804878	0.10243902439	0.0	0.148780487805	0.151219512195
857980665-tonguedorsum2.snv.bam	0.168292682927	0.121951219512	0.190243902439	0.187804878049	0.187804878049	0.143902439024	0.139024390244	0.119512195122	0.114634146341	0.139024390244	0.163414634146	0.182926829268	0.141463414634	0.1	0.117073170732	0.148780487805	0.156097560976	0.148780487805	0.124390243902	0.160975609756	0.182926829268	0.10243902439	0.124390243902	0.148780487805	0.0	0.131707317073
857980665-tonguedorsum3.snv.bam	0.158536585366	0.112195121951	0.158536585366	0.156097560976	0.187804878049	0.148780487805	0.146341463415	0.0853658536585	0.0780487804878	0.117073170732	0.134146341463	0.146341463415	0.148780487805	0.117073170732	0.134146341463	0.156097560976	0.158536585366	0.151219512195	0.141463414634	0.146341463415	0.178048780488	0.0951219512195	0.117073170732	0.151219512195	0.131707317073	0.0
