	158499257-buccalmucosa2.snv.bam	158499257-supragingivalplaque1.snv.bam	159369152-buccalmucosa2.snv.bam	159490532-buccalmucosa1.snv.bam	159490532-supragingivalplaque1.snv.bam	159571453-supragingivalplaque2.snv.bam	234447334-buccalmucosa2.snv.bam	338793263-buccalmucosa1.snv.bam	763395383-buccalmucosa3.snv.bam	763961826-supragingivalplaque1.snv.bam	764083206-buccalmucosa2.snv.bam	764083206-supragingivalplaque1.snv.bam	764305738-buccalmucosa2.snv.bam	764447348-buccalmucosa1.snv.bam	764447348-supragingivalplaque1.snv.bam	764467579-buccalmucosa3.snv.bam	764467579-keratinizedgingiva3.snv.bam	765620695-buccalmucosa1.snv.bam	765620695-buccalmucosa2.snv.bam	823052294-supragingivalplaque2.snv.bam
158499257-buccalmucosa2.snv.bam	0.0	0.0761656888	0.0778331548406	0.0810480242122	0.122617447668	0.120387105033	0.0750327385822	0.0666464872731	0.0984360338304	0.0726564775196	0.113800054297	0.132788311546	0.0676760861454	0.123821177444	0.124701936618	0.0705872870059	0.100673223507	0.0614757989368	0.053706726247	0.120212214259
158499257-supragingivalplaque1.snv.bam	0.0761656888	0.0	0.0781289272109	0.0741228711619	0.102605160555	0.0810693249219	0.088867256766	0.0670603112887	0.0896027163518	0.0637564971713	0.0935371795965	0.109706053641	0.0651963978209	0.0516614379593	0.049205783589	0.0709186900246	0.0997702539257	0.0829212904462	0.0757163473224	0.0670250639032
159369152-buccalmucosa2.snv.bam	0.0778331548406	0.0781289272109	0.0	0.0696346771857	0.111571069445	0.107152038406	0.0684202026231	0.0614398498594	0.0843871616688	0.065532449366	0.093670782044	0.111022941984	0.0575862934283	0.0972457648436	0.0988275479195	0.0658771797656	0.09054310151	0.0522034101068	0.050983575289	0.0982010901194
159490532-buccalmucosa1.snv.bam	0.0810480242122	0.0741228711619	0.0696346771857	0.0	0.0857213605772	0.105355847534	0.068735499691	0.0670263277711	0.091139265185	0.0679868604023	0.09501545618	0.110651767584	0.0752501631931	0.0958388832346	0.102289631249	0.0734740174652	0.0912742671132	0.0710761075266	0.0650441969043	0.0997265193435
159490532-supragingivalplaque1.snv.bam	0.122617447668	0.102605160555	0.111571069445	0.0857213605772	0.0	0.0990251137319	0.106173587179	0.108542721507	0.119750654247	0.10438943688	0.0956891200227	0.128100264987	0.117201444655	0.117115239437	0.120582237671	0.10840410421	0.11185099266	0.115838399004	0.10841553645	0.105790268017
159571453-supragingivalplaque2.snv.bam	0.120387105033	0.0810693249219	0.107152038406	0.105355847534	0.0990251137319	0.0	0.108125153411	0.0924403010791	0.113258168995	0.0930028341344	0.105704105858	0.132150662947	0.103666172906	0.0661709778934	0.0635287147666	0.105446819247	0.13399048598	0.102224103925	0.0948605968446	0.0482586159798
234447334-buccalmucosa2.snv.bam	0.0750327385822	0.088867256766	0.0684202026231	0.068735499691	0.106173587179	0.108125153411	0.0	0.0543707736932	0.091920258754	0.0675835330073	0.106883025493	0.125292057652	0.0594175092529	0.119816529058	0.121707151485	0.061344211347	0.0929370841636	0.0455169121657	0.0369631852577	0.109181656164
338793263-buccalmucosa1.snv.bam	0.0666464872731	0.0670603112887	0.0614398498594	0.0670263277711	0.108542721507	0.0924403010791	0.0543707736932	0.0	0.0799839978053	0.0551657464547	0.100773096728	0.116331898451	0.0604589339618	0.0987992047159	0.0998735443612	0.0634414330296	0.0938336256936	0.0547051798589	0.045522971781	0.0896079080947
763395383-buccalmucosa3.snv.bam	0.0984360338304	0.0896027163518	0.0843871616688	0.091139265185	0.119750654247	0.113258168995	0.091920258754	0.0799839978053	0.0	0.0607730211586	0.0973887251478	0.123713168735	0.0493284091186	0.112236696816	0.115283761172	0.0426110807971	0.075656026738	0.0668555066479	0.0649297450817	0.112249696625
763961826-supragingivalplaque1.snv.bam	0.0726564775196	0.0637564971713	0.065532449366	0.0679868604023	0.10438943688	0.0930028341344	0.0675835330073	0.0551657464547	0.0607730211586	0.0	0.0914969931228	0.110683890432	0.0438833101438	0.0950668542484	0.0972214940724	0.0466492309475	0.0772065516571	0.0587043321261	0.052307399003	0.0956467490479
764083206-buccalmucosa2.snv.bam	0.113800054297	0.0935371795965	0.093670782044	0.09501545618	0.0956891200227	0.105704105858	0.106883025493	0.100773096728	0.0973887251478	0.0914969931228	0.0	0.0964229963761	0.101174271555	0.112886066986	0.115505501025	0.0930723612572	0.103197455397	0.10120046621	0.0963408722565	0.108415970745
764083206-supragingivalplaque1.snv.bam	0.132788311546	0.109706053641	0.111022941984	0.110651767584	0.128100264987	0.132150662947	0.125292057652	0.116331898451	0.123713168735	0.110683890432	0.0964229963761	0.0	0.117798069648	0.119376684507	0.120442145646	0.113983023223	0.127156078379	0.121562053221	0.117615439408	0.114615937074
764305738-buccalmucosa2.snv.bam	0.0676760861454	0.0651963978209	0.0575862934283	0.0752501631931	0.117201444655	0.103666172906	0.0594175092529	0.0604589339618	0.0493284091186	0.0438833101438	0.101174271555	0.117798069648	0.0	0.095600875229	0.0945466813186	0.016124971077	0.0646444283056	0.0354748093222	0.0279671669219	0.104272218425
764447348-buccalmucosa1.snv.bam	0.123821177444	0.0516614379593	0.0972457648436	0.0958388832346	0.117115239437	0.0661709778934	0.119816529058	0.0987992047159	0.112236696816	0.0950668542484	0.112886066986	0.119376684507	0.095600875229	0.0	0.00684699230985	0.102275090137	0.127866474367	0.117847996436	0.115111917367	0.0446209717381
764447348-supragingivalplaque1.snv.bam	0.124701936618	0.049205783589	0.0988275479195	0.102289631249	0.120582237671	0.0635287147666	0.121707151485	0.0998735443612	0.115283761172	0.0972214940724	0.115505501025	0.120442145646	0.0945466813186	0.00684699230985	0.0	0.102353486779	0.129445541369	0.118187303145	0.115399741973	0.0410478904811
764467579-buccalmucosa3.snv.bam	0.0705872870059	0.0709186900246	0.0658771797656	0.0734740174652	0.10840410421	0.105446819247	0.061344211347	0.0634414330296	0.0426110807971	0.0466492309475	0.0930723612572	0.113983023223	0.016124971077	0.102275090137	0.102353486779	0.0	0.0504760350218	0.0434760974453	0.0360729570752	0.103414187576
764467579-keratinizedgingiva3.snv.bam	0.100673223507	0.0997702539257	0.09054310151	0.0912742671132	0.11185099266	0.13399048598	0.0929370841636	0.0938336256936	0.075656026738	0.0772065516571	0.103197455397	0.127156078379	0.0646444283056	0.127866474367	0.129445541369	0.0504760350218	0.0	0.0871957713935	0.0816204097113	0.126047402873
765620695-buccalmucosa1.snv.bam	0.0614757989368	0.0829212904462	0.0522034101068	0.0710761075266	0.115838399004	0.102224103925	0.0455169121657	0.0547051798589	0.0668555066479	0.0587043321261	0.10120046621	0.121562053221	0.0354748093222	0.117847996436	0.118187303145	0.0434760974453	0.0871957713935	0.0	0.019511983615	0.113684525323
765620695-buccalmucosa2.snv.bam	0.053706726247	0.0757163473224	0.050983575289	0.0650441969043	0.10841553645	0.0948605968446	0.0369631852577	0.045522971781	0.0649297450817	0.052307399003	0.0963408722565	0.117615439408	0.0279671669219	0.115111917367	0.115399741973	0.0360729570752	0.0816204097113	0.019511983615	0.0	0.108431182773
823052294-supragingivalplaque2.snv.bam	0.120212214259	0.0670250639032	0.0982010901194	0.0997265193435	0.105790268017	0.0482586159798	0.109181656164	0.0896079080947	0.112249696625	0.0956467490479	0.108415970745	0.114615937074	0.104272218425	0.0446209717381	0.0410478904811	0.103414187576	0.126047402873	0.113684525323	0.108431182773	0.0
