	158256496-stool2.snv.bam	158924089-stool2.snv.bam	159227541-stool2.snv.bam	159490532-stool1.snv.bam	159490532-stool2.snv.bam	159571453-stool1.snv.bam	160400887-stool1.snv.bam	161554003-stool2.snv.bam	604812005-stool1.snv.bam	675950834-stool1.snv.bam	675950834-stool2.snv.bam	706846339-stool1.snv.bam	763678604-stool1.snv.bam	763678604-stool2.snv.bam	763721271-stool1.snv.bam	764143897-stool1.snv.bam	764143897-stool2.snv.bam	764892411-stool2.snv.bam	863126187-stool3.snv.bam	BYQ_AAAM.snv.bam	BYQ_AAAQ.snv.bam	BYQ_AAAS.snv.bam	CCIS07539127ST-4-0.snv.bam	CCIS74239020ST-4-0.snv.bam	CCIS87605453ST-4-0.snv.bam	CCIS91228662ST-4-0.snv.bam	CCMD18872694ST-21-0.snv.bam	CCMD50071957ST-21-0.snv.bam	DOF004.snv.bam	DOM015.snv.bam	ED10A.snv.bam	ED16A.snv.bam	MH0196.snv.bam	MH0247.snv.bam	MH0299.snv.bam	MH0311.snv.bam	MH0321.snv.bam	MH0332.snv.bam	MH0340.snv.bam	MH0403.snv.bam	MH0439.snv.bam	MMRS16644320ST-27-0-0.snv.bam	MMRS18295921ST-27-0-0.snv.bam	MMRS31306426ST-27-0-0.snv.bam	MMRS42780924ST-27-0-0.snv.bam	MMRS55294627ST-27-0-0.snv.bam	MMRS65862658ST-27-0-0.snv.bam	MMRS81135225ST-27-0-0.snv.bam	MMRS93508324ST-27-0-0.snv.bam	MMRS93621581ST-27-0-0.snv.bam	MMRS95674036ST-27-0-0.snv.bam	N039A.snv.bam	N086A.snv.bam	NOM019.snv.bam	NOM028.snv.bam	O2.UC1-1.snv.bam	O2.UC28-1.snv.bam	O2.UC37-1.snv.bam	O2.UC5-1.snv.bam	O2.UC50-2.snv.bam	O2.UC53-0.snv.bam	SAMEA3136668.snv.bam	SAMEA3136761.snv.bam	SAMEA3136762.snv.bam	SZEY-58A.snv.bam	T2D-132A.snv.bam	T2D-9A.snv.bam	V1.CD17-4.snv.bam	V1.CD38-0.snv.bam	V1.CD4-0-PN.snv.bam	V1.FI08.snv.bam	V1.FI16.snv.bam	V1.FI26.snv.bam	V1.UC51-0.snv.bam	V1.UC51-4.snv.bam	V1.UC54-0.snv.bam	V1.UC62-0.snv.bam	peacemaker-11-392-1.snv.bam	peacemaker-13-392-1.snv.bam
158256496-stool2.snv.bam	0.0	0.152098171672	0.158077571342	0.134779637097	0.134574695844	0.150721946192	0.0190866152108	0.15703621593	0.0175233299957	0.162527005836	0.161816697369	0.182719793249	0.156459795295	0.156004712641	0.135127437158	0.183503294123	0.182765539744	0.131330766706	0.0774763618643	0.00140588102722	0.017639408399	0.151062433535	0.156320900558	0.116111294052	0.157318609761	0.119166779597	0.156229488702	0.177656145059	0.162989076939	0.206031353147	0.156324036608	0.0332731821001	0.151957083358	0.126620483224	0.143623616181	0.112636822396	0.165137161148	0.137531973271	0.137298842208	0.131521125221	0.154554409033	0.175248497462	0.150973306975	0.124588479851	0.129561286849	0.134944353485	0.134823636225	0.151002313803	0.1510627067	0.119476687759	0.129729281386	0.15639433264	0.156483575094	0.115824218711	0.147806296021	0.151246167598	0.152460579849	0.151108322727	0.140939667925	0.151155812768	0.152270934893	0.188349268541	0.109945640658	0.151110424759	0.156834070499	0.156541282805	0.166723422797	0.141939821767	0.143806445928	0.00473410407647	0.14570558955	0.174594816359	0.0778778304006	0.152407581476	0.144718775866	0.120441289373	0.00278808934685	0.148000045676	0.152990023787
158924089-stool2.snv.bam	0.152098171672	0.0	0.15939201782	0.141795382539	0.141689562277	0.168371848509	0.159385336553	0.15816632081	0.157597638238	0.180510720877	0.179865729221	0.206273850953	0.152888967052	0.152513960005	0.142088590161	0.180089702238	0.179507698405	0.149910500113	0.144194894744	0.152660696842	0.158001148324	0.158890733698	0.163389607571	0.13254920034	0.158450241094	0.180164100542	0.163337006314	0.174374718557	0.18098284428	0.197498558537	0.152568666931	0.163706488279	0.158668113345	0.122755341464	0.150589405191	0.119622269714	0.172482153148	0.144393799438	0.14449115559	0.149497770349	0.161815213963	0.176893169151	0.157984202166	0.142201650854	0.147099944834	0.141903527204	0.141974555086	0.150816785895	0.169115405189	0.142015332143	0.147421208228	0.16398112605	0.163445842143	0.182768514429	0.154988649428	0.158418203652	0.159364452346	0.157987421693	0.148055044429	0.149704621947	0.161326019326	0.201185524578	0.116809466665	0.157845602027	0.164015691699	0.163818629177	0.168588608703	0.149118096821	0.150909254384	0.15576159265	0.152650214477	0.179981664426	0.144447751894	0.159669725285	0.155206791242	0.181621443528	0.154046406187	0.160588337367	0.157645483567
159227541-stool2.snv.bam	0.158077571342	0.15939201782	0.0	0.137238990745	0.136518496323	0.174899534532	0.153988313934	0.0033960944473	0.153663759005	0.163790398509	0.164390684756	0.206738390349	0.147473793651	0.147717568512	0.137517266263	0.16433353149	0.163538159895	0.144400776383	0.128753974753	0.15896804219	0.154332060909	0.196571239806	0.201857978157	0.136913672047	0.00343953965204	0.185975658424	0.201811756194	0.159086203598	0.164175331124	0.229482611304	0.148001841709	0.161007001801	0.196653756362	0.149052298256	0.144962648702	0.124784569956	0.166430680718	0.137917273835	0.139075317323	0.122516914117	0.19876861453	0.199593414742	0.196481634071	0.127020400107	0.121311871418	0.137308556692	0.137355201167	0.174186384117	0.175242381045	0.148142700719	0.121480769151	0.201825817317	0.201540990007	0.188569945061	0.191319167792	0.195571277239	0.197905394501	0.196112520178	0.143173990881	0.0629730582954	0.146318850875	0.223484171222	0.123322709548	0.196343779094	0.201716125228	0.201451726202	0.190768332229	0.132769545911	0.133238005324	0.159974621597	0.19051460204	0.216287823085	0.128697376937	0.196217695974	0.19176892112	0.185958922114	0.158750849804	0.199702644465	0.194036238293
159490532-stool1.snv.bam	0.134779637097	0.141795382539	0.137238990745	0.0	0.00176255035214	0.124046596854	0.142725310549	0.135764131001	0.140924973256	0.10394195547	0.103044919862	0.156404538135	0.0338047123705	0.033083882056	0.00142635555232	0.135219894908	0.135034544929	0.00370499528308	0.104403606253	0.134660095177	0.141115312249	0.092926221611	0.097293423037	0.0742396799421	0.135807576206	0.134824033352	0.0973583735664	0.129571690609	0.10450418036	0.19046942781	0.0331666985128	0.145686062639	0.0933072453074	0.0902678669842	0.0209510481202	0.107817373601	0.106998846422	0.00453669541955	0.00510290564751	0.0844206664475	0.0963167250076	0.155048802533	0.0919458294541	0.0443189557034	0.0814217025687	0.00169838622641	0.00154604417321	0.0958666300229	0.124242800851	0.119493121196	0.0817155228372	0.0977464522336	0.0977829364066	0.137374872028	0.0898009176659	0.0929546422518	0.0929218792805	0.0923158312736	0.0180983745789	0.119839565572	0.098293568872	0.182843844201	0.104510359478	0.09180871167	0.0979073498555	0.098495150918	0.17255567813	0.105276445897	0.106737730644	0.138346709564	0.0870759572829	0.122051751167	0.104516692727	0.0940500665324	0.0919686959868	0.136937884157	0.136457470529	0.0934449462387	0.0889515605103
159490532-stool2.snv.bam	0.134574695844	0.141689562277	0.136518496323	0.00176255035214	0.0	0.124167116511	0.142046225349	0.136018579977	0.140784105516	0.10401574993	0.103264188993	0.156088617068	0.033985907905	0.0337565109283	0.00192239493578	0.135122868497	0.134758079436	0.00410794271569	0.104856669001	0.13512419596	0.140996285584	0.0934324407589	0.0977996421849	0.0741252092847	0.136062025182	0.135133869313	0.097737939182	0.129958468736	0.104403100216	0.190107110688	0.0337188456115	0.14622419301	0.0929364126673	0.0894157589157	0.0204266874347	0.107424568184	0.106389114985	0.00390323452129	0.00454257458263	0.083553591539	0.0957373705469	0.155722934408	0.092452048602	0.0447545703006	0.0817376516408	0.00206073577031	0.00198165877043	0.0963124243845	0.124621714869	0.119712373534	0.0820314719093	0.0978157959276	0.0976496984431	0.137663101867	0.0892937978755	0.0923179879783	0.0932122219243	0.0923194293707	0.0180167848105	0.119755904778	0.0979833818653	0.183201685214	0.104767574204	0.0923149308178	0.0983433513513	0.0978562419574	0.171797256929	0.104467363825	0.10576010886	0.137873214316	0.0866699068635	0.122089365906	0.104562534438	0.0936206098843	0.0922742523423	0.136506214264	0.135742330256	0.0939090968985	0.0894605012665
159571453-stool1.snv.bam	0.150721946192	0.168371848509	0.174899534532	0.124046596854	0.124167116511	0.0	0.15869520241	0.172214755078	0.156760603753	0.0671022032587	0.0653325665703	0.182547752598	0.145906090925	0.145155121556	0.123481224658	0.129614996659	0.129686404388	0.12473501036	0.119770506652	0.15002228164	0.156231219	0.129612299465	0.133979500891	0.0957806549365	0.172497148908	0.0546802263845	0.134185177568	0.123284313725	0.0674458399156	0.205769619055	0.144800757294	0.162298107015	0.129988536558	0.105739156374	0.132336602393	0.101722549645	0.0695634113019	0.126985011756	0.126436115876	0.142050370471	0.133072707558	0.160588685972	0.128631907308	0.123224276588	0.139305448679	0.123298140984	0.123177423725	0.133879326242	0.000968950233656	0.145525162259	0.139491236754	0.13522367249	0.134472423324	0.0509202623676	0.126092079284	0.130260338405	0.129913737142	0.129126535541	0.129788078014	0.159384875132	0.1469062704	0.18745543672	0.0981204710145	0.128494789524	0.134923449205	0.135431339739	0.156034353429	0.132005630571	0.133841995514	0.154240161347	0.124300327405	0.167282908526	0.120322035171	0.13139622628	0.128703728117	0.0570361879163	0.152506771735	0.130729166667	0.130528509068
160400887-stool1.snv.bam	0.0190866152108	0.159385336553	0.153988313934	0.142725310549	0.142046225349	0.15869520241	0.0	0.155033181693	0.00326196108937	0.169698138276	0.170329723564	0.174512368467	0.164036722447	0.16415416496	0.143463442332	0.201257298825	0.201102947172	0.144776705303	0.0856854537637	0.0199481892683	0.0036112431598	0.159613661192	0.164900399543	0.123743218031	0.155242026902	0.12751835267	0.164693617078	0.197028913599	0.169625008028	0.196853417059	0.164566070513	0.0208536603919	0.159012217999	0.132597727119	0.149321346865	0.118997173627	0.171175744598	0.141826212183	0.14358323477	0.137899433565	0.160650641031	0.18343870184	0.159524055457	0.132823207	0.137867366483	0.143279374338	0.143158008061	0.159418433601	0.159669362054	0.138617431223	0.138036264217	0.164154651427	0.164039328652	0.12938666848	0.15457449952	0.157606764376	0.159748689615	0.15887894771	0.148558637679	0.149424017348	0.158417127426	0.180517352004	0.118423356913	0.159661910434	0.165081692517	0.163613362652	0.168637054305	0.148400191593	0.148729485458	0.0198602543988	0.152985912797	0.176872504411	0.0857359866627	0.158636883629	0.151739199967	0.126969552855	0.0183980118609	0.162058843894	0.161518402447
161554003-stool2.snv.bam	0.15703621593	0.15816632081	0.0033960944473	0.135764131001	0.136018579977	0.172214755078	0.155033181693	0.0	0.15250463883	0.163294598093	0.161748631743	0.205261005245	0.146887449482	0.146274739566	0.134582676881	0.162831266055	0.162626600671	0.142521041962	0.125651208855	0.155794504182	0.151933069433	0.193518518519	0.19880525687	0.134038819821	0.00028239383078	0.182802120416	0.199012039335	0.155794504182	0.164289854838	0.228565916495	0.145778294014	0.158128593792	0.195048852124	0.149575005377	0.144077062023	0.124557754196	0.166527056541	0.139368742404	0.138144852461	0.121825822375	0.19845951926	0.196540693455	0.193428912784	0.124085810725	0.118377282036	0.13437396731	0.134420611785	0.17113366283	0.172068843037	0.144969162711	0.118546179769	0.200568150333	0.199550891939	0.186107932876	0.192155511696	0.195518699281	0.195293150736	0.194462207069	0.141066807226	0.0618845912775	0.146135638021	0.220310633214	0.120097146327	0.193291057807	0.199486626681	0.200699239395	0.189486164015	0.132635832465	0.134163102148	0.160790308997	0.189404970545	0.21376434792	0.126292601784	0.196441068596	0.189454198905	0.185894272974	0.159208774038	0.196599878567	0.19096701581
604812005-stool1.snv.bam	0.0175233299957	0.157597638238	0.153663759005	0.140924973256	0.140784105516	0.156760603753	0.00326196108937	0.15250463883	0.0	0.169021914447	0.16788105233	0.172655734429	0.162814413317	0.162242201686	0.141212164442	0.200634435957	0.200039308035	0.143429663211	0.0834824728906	0.0178583945938	0.00166022767067	0.157228821785	0.162515560136	0.122156987101	0.152744967135	0.125272638413	0.162589044814	0.194864703437	0.169435540224	0.196465571832	0.162594203403	0.0186714218445	0.15827045909	0.133225828857	0.149821747721	0.119147542609	0.171662859107	0.143606470663	0.14354040813	0.138115575455	0.160863771734	0.181483340393	0.15713921605	0.130614379875	0.135703156321	0.141028096448	0.140950087784	0.157281306063	0.157286734723	0.136574855961	0.135872054055	0.162719543596	0.162649881812	0.127509520202	0.15450660956	0.157581352126	0.158621155551	0.157188880082	0.14706432561	0.14970493172	0.158812708035	0.178601934143	0.116091993658	0.157277071027	0.163027782358	0.163213505454	0.167673111112	0.148330134418	0.150447686466	0.0216258115951	0.152071335489	0.175005554618	0.0839544512658	0.158834747041	0.150070937219	0.126653610572	0.0193714688581	0.159715268772	0.159200163272
675950834-stool1.snv.bam	0.162527005836	0.180510720877	0.163790398509	0.10394195547	0.10401574993	0.0671022032587	0.169698138276	0.163294598093	0.169021914447	0.0	0.00249956342317	0.205436410977	0.12560707608	0.125159017248	0.104210878897	0.16204310728	0.162923391276	0.109838951991	0.13293959366	0.162980099872	0.169482717258	0.174655679195	0.179022880621	0.13755606081	0.163338043297	0.0884936595897	0.178817203944	0.157632506289	0.00369475871206	0.228032655568	0.125454744902	0.175659116827	0.174053695872	0.127113328517	0.112055707693	0.113609751167	0.0154183528035	0.105706655797	0.105842133058	0.132510629247	0.175248963551	0.193780096052	0.173675287038	0.104096533323	0.13087289258	0.10383617312	0.104049680459	0.161323398579	0.0668679449362	0.158407339583	0.131166712848	0.17932518363	0.179373544426	0.0893126904155	0.169906508838	0.174036641178	0.174598776558	0.173554844003	0.110458538764	0.157621286784	0.161741728419	0.211108442118	0.111289558022	0.173538169253	0.179555475581	0.179233838045	0.178845613317	0.131808658347	0.133607215734	0.164522771214	0.168478718895	0.192945146654	0.133536423473	0.174671769304	0.167900904139	0.0885137295922	0.163213734172	0.176506949326	0.17112042378
675950834-stool2.snv.bam	0.161816697369	0.179865729221	0.164390684756	0.103044919862	0.103264188993	0.0653325665703	0.170329723564	0.161748631743	0.16788105233	0.00249956342317	0.0	0.204130829531	0.12471436479	0.123952445376	0.102138211905	0.1620012268	0.16213003764	0.107978658223	0.130688205649	0.160764830385	0.167703566394	0.172440409708	0.176807611134	0.135340791323	0.161792076948	0.0862783901027	0.17701328781	0.155417236802	0.00371168144389	0.227278409781	0.123826544099	0.173687496445	0.172765717338	0.127401356402	0.110999955823	0.113028106874	0.0157323528262	0.106316814384	0.105054750754	0.131954032201	0.17576712796	0.191564826565	0.171460017551	0.101881263836	0.128657623093	0.101788015932	0.101834410972	0.159108129092	0.0646526754492	0.156325466642	0.128951443361	0.17820457112	0.177367984491	0.0882654332612	0.169677765284	0.17340493888	0.173196120378	0.172355027455	0.108445065261	0.157304858142	0.161920194956	0.208893172631	0.109038170011	0.171322899766	0.177994631883	0.178474219421	0.178099850326	0.131943141634	0.134213453674	0.164989076275	0.167408524775	0.191056380326	0.131559152965	0.174322375738	0.166864847596	0.0886600931564	0.163829093252	0.174255561315	0.168893244242
706846339-stool1.snv.bam	0.182719793249	0.206273850953	0.206738390349	0.156404538135	0.156088617068	0.182547752598	0.174512368467	0.205261005245	0.172655734429	0.205436410977	0.204130829531	0.0	0.1673641853	0.166561027018	0.156305629538	0.215487337057	0.214746667278	0.1589491109	0.153354144785	0.182891813892	0.173302704451	0.17237557868	0.177455792584	0.156271535758	0.20521756004	0.193634156563	0.177595854615	0.209629781806	0.205716937119	0.141912729938	0.166737226665	0.175875541653	0.173653324772	0.170045045996	0.164911810798	0.15610680001	0.207750001834	0.159055551767	0.159112862651	0.163848377609	0.175485958524	0.178323797083	0.172153326373	0.167157795563	0.161423503307	0.156124372883	0.156046955977	0.169822125363	0.182958276389	0.20007678877	0.161717323575	0.178392075114	0.177694005273	0.196803454506	0.169530970418	0.17295938585	0.1737279679	0.172044818012	0.162367420144	0.186835215856	0.173495532874	0.134703386325	0.153265049988	0.172290444157	0.177655960249	0.178296903183	0.156161091349	0.18484642163	0.186630720781	0.18635054993	0.167165110686	0.183723839217	0.153500101226	0.173722183426	0.167350857165	0.19492125383	0.18481537035	0.174960174086	0.174283914257
763678604-stool1.snv.bam	0.156459795295	0.152888967052	0.147473793651	0.0338047123705	0.033985907905	0.145906090925	0.164036722447	0.146887449482	0.162814413317	0.12560707608	0.12471436479	0.1673641853	0.0	0.00238031467135	0.0342215765684	0.146188978452	0.145486668437	0.0375371244559	0.12704916095	0.156829786253	0.163301551113	0.104333340705	0.108700542131	0.101464245267	0.146930894687	0.157147717344	0.108727965688	0.140585409714	0.125713009317	0.201096462373	0.0024558049283	0.168291801686	0.104506236273	0.111349023301	0.0531156270834	0.11871815268	0.128315423234	0.0364631702786	0.0373627071384	0.105702235353	0.107230167736	0.159771800779	0.103352948548	0.0770201376723	0.103360432044	0.0344324918873	0.0342472261421	0.111110921991	0.145986120997	0.152086342779	0.103397675852	0.108862087634	0.108872792809	0.159869368693	0.100376504569	0.103642731935	0.104194011847	0.10348034866	0.0505872123362	0.13292170398	0.11619065478	0.193880406792	0.116005582457	0.103215830764	0.108650756718	0.109152986122	0.172242545129	0.115825708067	0.117639110045	0.159700832901	0.0981600420663	0.154595458393	0.126943190055	0.104027028316	0.105316341291	0.158225784919	0.157846482018	0.104976985997	0.100420008201
763678604-stool2.snv.bam	0.156004712641	0.152513960005	0.147717568512	0.033083882056	0.0337565109283	0.145155121556	0.16415416496	0.146274739566	0.162242201686	0.125159017248	0.123952445376	0.166561027018	0.00238031467135	0.0	0.0333574557284	0.145754026559	0.145677414175	0.0367511367666	0.126067634479	0.156043055089	0.162553179403	0.103605637434	0.10797283886	0.100975807478	0.146372491277	0.156398780314	0.10800875066	0.1400089693	0.125713630494	0.200933035295	0.00120785157773	0.167747683245	0.103893374783	0.111157970813	0.0528393833756	0.117973421058	0.128047240008	0.036557696261	0.0365907875981	0.105534055916	0.107131405986	0.159262555415	0.102625245277	0.0761919298623	0.102744019118	0.0336294864025	0.0334771443493	0.110625978073	0.145411059312	0.151530936787	0.103037839387	0.108697105527	0.108269480593	0.15899053691	0.10016581737	0.103611314848	0.103991268684	0.102804491229	0.050087872449	0.13291391428	0.116500062242	0.193476210169	0.115108974465	0.102488127493	0.108135868745	0.109057566628	0.172466615076	0.115674710708	0.117686577167	0.159791867477	0.0978565112961	0.15428859822	0.126195348733	0.104364520737	0.104737845464	0.157488818066	0.158098017202	0.104298482972	0.0996883925472
763721271-stool1.snv.bam	0.135127437158	0.142088590161	0.137517266263	0.00142635555232	0.00192239493578	0.123481224658	0.143463442332	0.134582676881	0.141212164442	0.104210878897	0.102138211905	0.156305629538	0.0342215765684	0.0333574557284	0.0	0.135256836759	0.135344449641	0.00292148129648	0.103550085799	0.133886750504	0.140680980708	0.0919527041586	0.0963199055846	0.0733017939282	0.134626122086	0.134011973069	0.0965255822609	0.128539156922	0.104665845572	0.190226230131	0.0327773412234	0.145128804401	0.0927172784043	0.0903174358647	0.0203900195637	0.107897356437	0.10689108363	0.00501169095865	0.00436078088126	0.0838192678282	0.0965058247214	0.154303622594	0.0911060018413	0.0432864220155	0.0803891688808	0.00052325004296	0.000513510485303	0.0948931125705	0.123336092895	0.118550192784	0.08056545962	0.0977168655714	0.0970615533007	0.13677245522	0.0898394103846	0.0931846130098	0.0924100938316	0.0923155516362	0.017395862386	0.119671946276	0.0982776090329	0.18201509275	0.103460991002	0.0909688840571	0.0975069263336	0.0982718820723	0.172745834617	0.105504328369	0.107023430835	0.13855026301	0.0871035780102	0.121609092841	0.104055437224	0.0941020498686	0.0912274252792	0.137087590052	0.137084703211	0.0925914257844	0.0881072176952
764143897-stool1.snv.bam	0.183503294123	0.180089702238	0.16433353149	0.135219894908	0.135122868497	0.129614996659	0.201257298825	0.162831266055	0.200634435957	0.16204310728	0.1620012268	0.215487337057	0.146188978452	0.145754026559	0.135256836759	0.0	0.0020269453436	0.13684149093	0.153763284054	0.183469720366	0.200611170838	0.163059738192	0.167426939618	0.109894791504	0.163113659886	0.172899755765	0.167632616294	0.0069991321312	0.163195375736	0.217609061007	0.145444643977	0.203894949874	0.163294504555	0.148998858815	0.143654483067	0.124239852752	0.154411659227	0.136970194211	0.137987007164	0.153572341074	0.164886439417	0.173853082928	0.162079346035	0.146063875413	0.151230473727	0.135528867433	0.134953035826	0.152522166607	0.129849254981	0.146894361409	0.151548301149	0.168671111217	0.168168587334	0.169937002734	0.159189198794	0.162483748156	0.163132504076	0.162568813787	0.141563690115	0.164035400615	0.155933835817	0.210207688281	0.121243683199	0.161942228251	0.167861593304	0.16832972723	0.167406656269	0.131126843858	0.131936136666	0.186319325301	0.15728769257	0.1804935368	0.154058291094	0.163909001908	0.161658495028	0.174579152776	0.184449077598	0.159287161459	0.163725665207
764143897-stool2.snv.bam	0.182765539744	0.179507698405	0.163538159895	0.135034544929	0.134758079436	0.129686404388	0.201102947172	0.162626600671	0.200039308035	0.162923391276	0.16213003764	0.214746667278	0.145486668437	0.145677414175	0.135344449641	0.0020269453436	0.0	0.136991865331	0.153471327315	0.183215219987	0.200345456875	0.162762900993	0.167190870528	0.10952909369	0.162858512398	0.172747114311	0.167234498914	0.00702369400026	0.163842569914	0.216721201625	0.145554465063	0.203575231141	0.162454818073	0.148178569501	0.143284893155	0.12344996699	0.154185656753	0.137368540939	0.137632324469	0.152716031777	0.164786073136	0.173458226679	0.161843276945	0.14614175679	0.15102690281	0.135664874827	0.13508904322	0.1522279715	0.129696613527	0.146702496844	0.151296335721	0.167641306764	0.167082447071	0.170085454303	0.158361239659	0.162090413161	0.162794709407	0.161726148846	0.140861565959	0.163916403598	0.155846196068	0.209961534328	0.121011499404	0.161706159161	0.167230971856	0.16735405362	0.166724362321	0.131213542868	0.132660913227	0.185823209524	0.156289929654	0.180057728688	0.153125532014	0.162823849015	0.161564481251	0.174185965675	0.18418811086	0.159047243417	0.163488326929
764892411-stool2.snv.bam	0.131330766706	0.149910500113	0.144400776383	0.00370499528308	0.00410794271569	0.12473501036	0.144776705303	0.142521041962	0.143429663211	0.109838951991	0.107978658223	0.1589491109	0.0375371244559	0.0367511367666	0.00292148129648	0.13684149093	0.136991865331	0.0	0.110200213173	0.130494690495	0.143122258974	0.0981798756799	0.102716912717	0.078664763385	0.142566186142	0.141230843432	0.102930587931	0.130494690495	0.109629581793	0.199825323836	0.0365643597417	0.147794384886	0.0988352944796	0.0953138596229	0.0224607410051	0.112973393756	0.110586116934	0.00646691302816	0.00655961915433	0.0890356946033	0.100883010481	0.157418469406	0.0971613571614	0.047482127009	0.0860277584746	0.00320409094123	0.00304582447485	0.101234633308	0.124584234584	0.120126021243	0.0862448216654	0.103994587814	0.103487402289	0.141409393076	0.0949572227096	0.0983404110518	0.0985502759631	0.0983485966098	0.0205847122828	0.123859217384	0.0992611306708	0.18605024605	0.110107594853	0.0970189070189	0.103950095384	0.104297005418	0.170568664915	0.110833203736	0.110688337606	0.133644533458	0.0929221805138	0.123084792837	0.110619948052	0.0997693830201	0.0969045522389	0.143500141816	0.133216407428	0.0977041580394	0.093556469089
863126187-stool3.snv.bam	0.0774763618643	0.144194894744	0.128753974753	0.104403606253	0.104856669001	0.119770506652	0.0856854537637	0.125651208855	0.0834824728906	0.13293959366	0.130688205649	0.153354144785	0.12704916095	0.126067634479	0.103550085799	0.153763284054	0.153471327315	0.110200213173	0.0	0.0761760513186	0.0827663033331	0.119744891898	0.125089094797	0.0880150971551	0.125938232092	0.119603386831	0.125298124897	0.146650035638	0.133257050734	0.187781935505	0.125592032104	0.0903002823291	0.121400266133	0.107932427527	0.113002743243	0.0697428515362	0.135259770675	0.108243246237	0.106655422006	0.101085435479	0.124739599169	0.142892401211	0.119654312188	0.0819246305174	0.0978931830381	0.103364017065	0.10324133159	0.113278753465	0.119623008611	0.109453043476	0.0980639166166	0.126871150146	0.125842834595	0.122251035323	0.11818888019	0.121766813756	0.121135784432	0.120859953414	0.109959768285	0.115803586976	0.104782847534	0.168389166073	0.0653064861012	0.119793665588	0.126295469145	0.127003664089	0.15896877873	0.112471717371	0.114092134046	0.0809155993541	0.115586631447	0.139992760217	0.00113605866262	0.122699208825	0.118089811047	0.123117348501	0.0796274328034	0.121637532832	0.121532947883
BYQ_AAAM.snv.bam	0.00140588102722	0.152660696842	0.15896804219	0.134660095177	0.13512419596	0.15002228164	0.0199481892683	0.155794504182	0.0178583945938	0.162980099872	0.160764830385	0.182891813892	0.156829786253	0.156043055089	0.133886750504	0.183469720366	0.183215219987	0.130494690495	0.0761760513186	0.0	0.0168270971362	0.149821746881	0.155080213904	0.114984994426	0.156076898012	0.118026928702	0.15528589058	0.176470588235	0.163292464052	0.206072099948	0.155575082698	0.0322291192468	0.151450564309	0.12750360012	0.143187761038	0.113132017609	0.165263054796	0.138504619599	0.136942268484	0.131461640029	0.154736325158	0.174120134153	0.149732620321	0.123303414827	0.128320600195	0.133703666831	0.133582949571	0.149873950494	0.149877149877	0.118352223191	0.128488594732	0.15649945553	0.15582186162	0.114951793899	0.148466028864	0.151811231489	0.151351909185	0.150942170116	0.14019360386	0.150874020086	0.152226889205	0.187165775401	0.108695652174	0.149869738105	0.156267234653	0.156906874666	0.167201330102	0.142670209444	0.144705307781	0.00496908928164	0.145824013921	0.173917029456	0.0771339203875	0.152728668348	0.143800551971	0.120847898371	0.00339601172837	0.146739130435	0.151742666774
BYQ_AAAQ.snv.bam	0.017639408399	0.158001148324	0.154332060909	0.141115312249	0.140996285584	0.156231219	0.0036112431598	0.151933069433	0.00166022767067	0.169482717258	0.167703566394	0.173302704451	0.163301551113	0.162553179403	0.140680980708	0.200611170838	0.200345456875	0.143122258974	0.0827663033331	0.0168270971362	0.0	0.156701649108	0.161988387459	0.12135176325	0.152216989717	0.124735891046	0.162195169924	0.194246451975	0.169678858533	0.196799552134	0.162115134487	0.0184051184579	0.158013384584	0.133507565748	0.149706157639	0.119209561793	0.171900135772	0.144325795009	0.143427087168	0.137916992969	0.160750879857	0.18113067287	0.156612043373	0.130040745376	0.135084904859	0.140496912714	0.140375546436	0.156754133385	0.15675734997	0.135910019356	0.135253802592	0.162577387611	0.162408183493	0.127151749667	0.154564774575	0.157703947824	0.157949670892	0.15710772269	0.14638868318	0.149586315726	0.158793883269	0.178117419717	0.115463606925	0.156749898349	0.162937410763	0.163322756366	0.167800444816	0.148517336282	0.150559820225	0.0214970629161	0.152113585322	0.174351265992	0.0832247504169	0.15929836015	0.149769945981	0.127104519038	0.0192434849459	0.15917945392	0.158670141013
BYQ_AAAS.snv.bam	0.151062433535	0.158890733698	0.196571239806	0.092926221611	0.0934324407589	0.129612299465	0.159613661192	0.193518518519	0.157228821785	0.174655679195	0.172440409708	0.17237557868	0.104333340705	0.103605637434	0.0919527041586	0.163059738192	0.162762900993	0.0981798756799	0.119744891898	0.149821746881	0.156701649108	0.0	0.0166666666667	0.0996348889378	0.193800912349	0.161788069522	0.0168723433429	0.156060606061	0.174336730243	0.196357304939	0.103079539026	0.160537857461	0.00314870971812	0.107143697838	0.101387404532	0.135867524855	0.176938634118	0.0967042630924	0.0957083469774	0.143137219352	0.00638021503694	0.166847121793	0.000980392156863	0.134978994149	0.139996179517	0.0917547660586	0.0922060826191	0.0598139047876	0.129467167702	0.146219606703	0.140056141861	0.0184201328923	0.0175992998679	0.164591433539	0.0104089878659	0.00327727245118	0.00179993785856	0.00214610921749	0.098393247354	0.169696335227	0.130643150108	0.188146167558	0.13143115942	0.00111750994104	0.0178536874157	0.0186186431543	0.178876909424	0.142829699077	0.144794434341	0.154485259386	0.00781718506917	0.157205912154	0.120250243324	0.0041903439275	0.0127648345144	0.164274814592	0.153217758609	0.000996376811594	0.00490437196963
CCIS07539127ST-4-0.snv.bam	0.156320900558	0.163389607571	0.201857978157	0.097293423037	0.0977996421849	0.133979500891	0.164900399543	0.19880525687	0.162515560136	0.179022880621	0.176807611134	0.177455792584	0.108700542131	0.10797283886	0.0963199055846	0.167426939618	0.167190870528	0.102716912717	0.125089094797	0.155080213904	0.161988387459	0.0166666666667	0.0	0.104002090364	0.199087650701	0.166155270948	0.000205676676265	0.160427807487	0.178703931669	0.200724506365	0.107446740452	0.165796324484	0.0182110983099	0.111510899264	0.105754605958	0.140305930652	0.181305835544	0.101071464518	0.100075548403	0.147504420778	0.0214426036287	0.171214323219	0.0160427807487	0.139346195575	0.144363380943	0.0961219674846	0.0965732840451	0.0498669116362	0.133834369128	0.150610287707	0.144549169018	0.00175346622567	0.000932633201233	0.169005847953	0.0147761892919	0.018339661043	0.0169433070342	0.0172523305436	0.10276044878	0.174087016231	0.134524206663	0.192513368984	0.135869565217	0.0161798985328	0.00118702074899	0.00201759113287	0.183103384703	0.1480881661	0.150052901364	0.159743726409	0.0121843864952	0.162170874727	0.125594446222	0.0192527325193	0.0261818096961	0.168642016018	0.158476225632	0.0163043478261	0.0194152300763
CCIS74239020ST-4-0.snv.bam	0.116111294052	0.13254920034	0.136913672047	0.0742396799421	0.0741252092847	0.0957806549365	0.123743218031	0.134038819821	0.122156987101	0.13755606081	0.135340791323	0.156271535758	0.101464245267	0.100975807478	0.0733017939282	0.109894791504	0.10952909369	0.078664763385	0.0880150971551	0.114984994426	0.12135176325	0.0996348889378	0.104002090364	0.0	0.134321213652	0.119402031449	0.10420776704	0.103177111667	0.137868424989	0.168016396649	0.100629406627	0.12491309579	0.0995018314036	0.0947297359727	0.0911080247317	0.0891650216611	0.139075073793	0.0771557210821	0.0756775177814	0.0959953556307	0.102894259677	0.124252547198	0.0986544967809	0.0612254001412	0.0936182577363	0.0731187102549	0.0729979929952	0.0949609248922	0.0956355231737	0.0997083016197	0.0938040458112	0.105269411718	0.10410202685	0.122004568285	0.0970191057668	0.100388472488	0.099433241121	0.0995877115965	0.088113867554	0.10761343998	0.0982565410766	0.161736334729	0.0855050537416	0.0985173789968	0.104679816486	0.105199097758	0.149849150185	0.111853191093	0.113372293559	0.118884564991	0.0938881310095	0.138725379611	0.0881519887425	0.101174436476	0.098369811351	0.122477648432	0.117617064214	0.100262994011	0.09995982214
CCIS87605453ST-4-0.snv.bam	0.157318609761	0.158450241094	0.00343953965204	0.135807576206	0.136062025182	0.172497148908	0.155242026902	0.00028239383078	0.152744967135	0.163338043297	0.161792076948	0.20521756004	0.146930894687	0.146372491277	0.134626122086	0.163113659886	0.162858512398	0.142566186142	0.125938232092	0.156076898012	0.152216989717	0.193800912349	0.199087650701	0.134321213652	0.0	0.183084514247	0.199294433165	0.156076898012	0.164333300043	0.22852247129	0.145821739219	0.158085148588	0.195331245955	0.149857399208	0.144120507228	0.124844777434	0.166570501746	0.139412187609	0.138188297666	0.12186926758	0.19874191309	0.19649724825	0.193711306615	0.124129255929	0.11842072724	0.134417412515	0.13446405699	0.171416056661	0.172351236867	0.145251556542	0.118589624974	0.200850544164	0.19983328577	0.186393396205	0.192437905526	0.195801093112	0.19557707102	0.1947446009	0.141110252431	0.0621669851083	0.146418031851	0.220267188009	0.120384169564	0.193573451638	0.199769020511	0.200981633226	0.189768557846	0.132918226296	0.134445495979	0.161072702828	0.189687364376	0.214052948208	0.126579625022	0.196723462427	0.189736592736	0.186176666805	0.159491167868	0.196886901805	0.191250936093
CCIS91228662ST-4-0.snv.bam	0.119166779597	0.180164100542	0.185975658424	0.134824033352	0.135133869313	0.0546802263845	0.12751835267	0.182802120416	0.125272638413	0.0884936595897	0.0862783901027	0.193634156563	0.157147717344	0.156398780314	0.134011973069	0.172899755765	0.172747114311	0.141230843432	0.119603386831	0.118026928702	0.124735891046	0.161788069522	0.166155270948	0.119402031449	0.183084514247	0.0	0.166360947624	0.165900623634	0.0886723339299	0.216746000265	0.155954952576	0.13245372894	0.162418953928	0.117397992384	0.143080479534	0.113518081018	0.0907766145135	0.138629842163	0.137412497086	0.152977236926	0.165811382202	0.172374502716	0.160807677365	0.112364650668	0.149836197091	0.133828889396	0.133708172136	0.157742926221	0.0540003352634	0.155878773507	0.150130017359	0.167908737173	0.166896918664	0.00182225696528	0.159159114938	0.162886288533	0.162486509546	0.161884996939	0.140086322356	0.161753231696	0.141334820356	0.197986185132	0.109081715583	0.160670559581	0.167342291697	0.16798193171	0.16758119998	0.14294312745	0.144830530346	0.122690441207	0.156694507915	0.154255161779	0.120474334147	0.163803725392	0.157638532366	0.00396268039615	0.12142294043	0.16342954167	0.162877267136
CCMD18872694ST-21-0.snv.bam	0.156229488702	0.163337006314	0.201811756194	0.0973583735664	0.097737939182	0.134185177568	0.164693617078	0.199012039335	0.162589044814	0.178817203944	0.17701328781	0.177595854615	0.108727965688	0.10800875066	0.0965255822609	0.167632616294	0.167234498914	0.102930587931	0.125298124897	0.15528589058	0.162195169924	0.0168723433429	0.000205676676265	0.10420776704	0.199294433165	0.166360947624	0.0	0.160633484163	0.178909608345	0.200930183041	0.107652417128	0.16600200116	0.0180054216337	0.111305222588	0.105548929281	0.140514960753	0.181100158868	0.100865787842	0.10028122508	0.147298744102	0.0212369269525	0.171419999896	0.0162484574249	0.139551872252	0.14456905762	0.0963276441609	0.0967789607213	0.0500725883125	0.134040045805	0.150817070172	0.144754845694	0.0015477895494	0.000928600325227	0.169213748161	0.0145705126157	0.0183128336504	0.017150089499	0.0170618891767	0.102764329472	0.173880233766	0.134729883339	0.19271904566	0.136078595318	0.0163855752091	0.000981344072725	0.00181191445661	0.182958399505	0.148293842776	0.149847224688	0.159538049733	0.0121938212051	0.162166731058	0.125803476322	0.0191769569017	0.0263874863723	0.168436339342	0.158270548956	0.0165133779264	0.0196220125412
CCMD50071957ST-21-0.snv.bam	0.177656145059	0.174374718557	0.159086203598	0.129571690609	0.129958468736	0.123284313725	0.197028913599	0.155794504182	0.194864703437	0.157632506289	0.155417236802	0.209629781806	0.140585409714	0.1400089693	0.128539156922	0.0069991321312	0.00702369400026	0.130494690495	0.146650035638	0.176470588235	0.194246451975	0.156060606061	0.160427807487	0.103177111667	0.156076898012	0.165900623634	0.160633484163	0.0	0.158539047534	0.211419693531	0.139314032823	0.197093876764	0.156691490467	0.143546380868	0.137840167455	0.118566800218	0.149220274047	0.133157026016	0.132200539162	0.147504420778	0.160083918741	0.166853950797	0.155080213904	0.139346195575	0.144231341596	0.128811187596	0.128235355988	0.145523034476	0.12285012285	0.139857599535	0.144549169018	0.162181273712	0.161169455203	0.163600442548	0.153431651477	0.157377094198	0.156728253271	0.156151636376	0.134846010277	0.15863490038	0.150682127173	0.20320855615	0.114130434783	0.15494309612	0.161105533609	0.162311661763	0.161853736519	0.126697791769	0.128216894234	0.181134100741	0.151077790073	0.173798645148	0.147219160181	0.158029307451	0.155389705539	0.168976240617	0.179866599964	0.152173913043	0.156688903333
DOF004.snv.bam	0.162989076939	0.18098284428	0.164175331124	0.10450418036	0.104403100216	0.0674458399156	0.169625008028	0.164289854838	0.169435540224	0.00369475871206	0.00371168144389	0.205716937119	0.125713009317	0.125713630494	0.104665845572	0.163195375736	0.163842569914	0.109629581793	0.133257050734	0.163292464052	0.169678858533	0.174336730243	0.178703931669	0.137868424989	0.164333300043	0.0886723339299	0.178909608345	0.158539047534	0.0	0.227999584545	0.125985378208	0.176162466492	0.174398403007	0.127107043383	0.111650412207	0.112205317934	0.0163065799051	0.105039914135	0.106294798448	0.132775318573	0.175532905876	0.194092460232	0.173356338086	0.104408897503	0.13118525676	0.104167105333	0.104362044639	0.161004449628	0.0677744861807	0.158866689737	0.131479077028	0.179286020253	0.178915401808	0.0902514026547	0.168055937764	0.173726131756	0.174056560187	0.173629227621	0.110972698928	0.158347187447	0.161637661494	0.211420806298	0.111607015096	0.173219220302	0.179647879982	0.179094952062	0.179111120179	0.132116881259	0.132334805013	0.163753969414	0.168234586237	0.193023687613	0.13370699453	0.17384144983	0.168275023261	0.0894431159354	0.163286848526	0.17618280012	0.170799760049
DOM015.snv.bam	0.206031353147	0.197498558537	0.229482611304	0.19046942781	0.190107110688	0.205769619055	0.196853417059	0.228565916495	0.196465571832	0.228032655568	0.227278409781	0.141912729938	0.201096462373	0.200933035295	0.190226230131	0.217609061007	0.216721201625	0.199825323836	0.187781935505	0.206072099948	0.196799552134	0.196357304939	0.200724506365	0.168016396649	0.22852247129	0.216746000265	0.200930183041	0.211419693531	0.227999584545	0.0	0.200782836907	0.196327929363	0.194530445457	0.168657031863	0.197177257011	0.176833729061	0.228555636377	0.190740389903	0.189828281604	0.194829158034	0.197831028731	0.17156132481	0.195376912782	0.190338081619	0.195355266987	0.190043146458	0.189922429198	0.190502392415	0.206070120091	0.191123635504	0.195541055062	0.201177646018	0.200240102366	0.218829953326	0.192065766712	0.195823790348	0.196359414577	0.195589582111	0.195737110438	0.215932965938	0.218432565887	0.104467821873	0.17682327549	0.195239794998	0.201200436503	0.200388908375	0.126114270022	0.206463889213	0.208277396407	0.207060228571	0.189454097899	0.22892410533	0.187645912054	0.194894639637	0.18949119199	0.216501142876	0.206839272849	0.193127623316	0.197632358657
ED10A.snv.bam	0.156324036608	0.152568666931	0.148001841709	0.0331666985128	0.0337188456115	0.144800757294	0.164566070513	0.145778294014	0.162594203403	0.125454744902	0.123826544099	0.166737226665	0.0024558049283	0.00120785157773	0.0327773412234	0.145444643977	0.145554465063	0.0365643597417	0.125592032104	0.155575082698	0.162115134487	0.103079539026	0.107446740452	0.100629406627	0.145821739219	0.155954952576	0.107652417128	0.139314032823	0.125985378208	0.200782836907	0.0	0.167431415637	0.103492154306	0.111418699375	0.0527735389227	0.118352385282	0.128361146697	0.0368081416344	0.0365260311145	0.105289330896	0.106911901066	0.158856404915	0.102099146869	0.0756699413745	0.102077501074	0.0330493718975	0.0328970298443	0.110219827573	0.145024425088	0.151107817086	0.102371321343	0.108474900881	0.108188388168	0.158474627077	0.100463755855	0.103590689354	0.103462341789	0.102793251964	0.0497793817451	0.133058016326	0.116402829183	0.193008237778	0.114633372089	0.101962029085	0.107881394138	0.109005116876	0.172674992921	0.115910404713	0.117875139978	0.160020326077	0.0977305721982	0.15398219819	0.125924850748	0.104265053777	0.104203308729	0.157723845424	0.158185966721	0.103763806872	0.0991594656529
