	103092734-palatinetonsils3.snv.bam	158155345-tonguedorsum2.snv.bam	158216035-tonguedorsum2.snv.bam	158256496-tonguedorsum2.snv.bam	158337416-tonguedorsum1.snv.bam	158337416-tonguedorsum2.snv.bam	158458797-tonguedorsum1.snv.bam	158479027-tonguedorsum1.snv.bam	158479027-tonguedorsum2.snv.bam	158499257-tonguedorsum1.snv.bam	158499257-tonguedorsum2.snv.bam	158742018-tonguedorsum1.snv.bam	158802708-tonguedorsum1.snv.bam	158802708-tonguedorsum2.snv.bam	158802708-tonguedorsum3.snv.bam	158883629-tonguedorsum2.snv.bam	158883629-tonguedorsum3.snv.bam	158944319-tonguedorsum1.snv.bam	158944319-tonguedorsum2.snv.bam	158944319-tonguedorsum3.snv.bam	159005010-tonguedorsum2.snv.bam	159207311-tonguedorsum1.snv.bam	159207311-tonguedorsum2.snv.bam	159207311-tonguedorsum3.snv.bam	159227541-tonguedorsum2.snv.bam	159247771-tonguedorsum2.snv.bam	159268001-tonguedorsum1.snv.bam	159268001-tonguedorsum2.snv.bam	159268001-tonguedorsum3.snv.bam	159369152-tonguedorsum1.snv.bam	159369152-tonguedorsum2.snv.bam	159470302-tonguedorsum1.snv.bam	159490532-tonguedorsum1.snv.bam	159510762-supragingivalplaque3.snv.bam	159510762-tonguedorsum2.snv.bam	159571453-tonguedorsum1.snv.bam	159571453-tonguedorsum2.snv.bam	159591683-tonguedorsum2.snv.bam	159632143-tonguedorsum1.snv.bam	159713063-tonguedorsum2.snv.bam	159753524-tonguedorsum1.snv.bam	159753524-tonguedorsum3.snv.bam	159814214-tonguedorsum2.snv.bam	159915365-tonguedorsum1.snv.bam	160158126-tonguedorsum1.snv.bam	160158126-tonguedorsum2.snv.bam	160178356-tonguedorsum1.snv.bam	160178356-tonguedorsum2.snv.bam	160178356-tonguedorsum3.snv.bam	160319967-tonguedorsum1.snv.bam	160319967-tonguedorsum3.snv.bam	160380657-tonguedorsum1.snv.bam	160380657-tonguedorsum2.snv.bam	160380657-tonguedorsum3.snv.bam	160400887-tonguedorsum1.snv.bam	160421117-tonguedorsum2.snv.bam	160421117-tonguedorsum3.snv.bam	160502038-tonguedorsum1.snv.bam	160502038-tonguedorsum2.snv.bam	160502038-tonguedorsum3.snv.bam	160582958-tonguedorsum3.snv.bam	160603188-tonguedorsum1.snv.bam	160603188-tonguedorsum2.snv.bam	160603188-tonguedorsum3.snv.bam	160643649-tonguedorsum1.snv.bam	160704339-tonguedorsum1.snv.bam	160765029-tonguedorsum1.snv.bam	160947100-tonguedorsum1.snv.bam	234447334-tonguedorsum2.snv.bam	295137534-tonguedorsum2.snv.bam	338793263-tonguedorsum1.snv.bam	338793263-tonguedorsum2.snv.bam	370425937-tonguedorsum1.snv.bam	375450439-tonguedorsum3.snv.bam	508703490-tonguedorsum2.snv.bam	550534656-tonguedorsum1.snv.bam	550534656-tonguedorsum2.snv.bam	604812005-tonguedorsum1.snv.bam	604812005-tonguedorsum2.snv.bam	604812005-tonguedorsum3.snv.bam	663835652-tonguedorsum2.snv.bam	675950834-tonguedorsum1.snv.bam	675950834-tonguedorsum2.snv.bam	675950834-tonguedorsum3.snv.bam	686765762-tonguedorsum1.snv.bam	686765762-tonguedorsum2.snv.bam	686765762-tonguedorsum3.snv.bam	706846339-tonguedorsum1.snv.bam	763395383-anteriornares3.snv.bam	763435843-tonguedorsum1.snv.bam	763435843-tonguedorsum2.snv.bam	763496533-palatinetonsils1.snv.bam	763496533-palatinetonsils2.snv.bam	763496533-tonguedorsum2.snv.bam	763536994-tonguedorsum1.snv.bam	763557224-tonguedorsum3.snv.bam	763577454-tonguedorsum1.snv.bam	763759525-tonguedorsum2.snv.bam	763820215-tonguedorsum1.snv.bam	763820215-tonguedorsum2.snv.bam	763840445-tonguedorsum1.snv.bam	763840445-tonguedorsum2.snv.bam	763860675-tonguedorsum1.snv.bam	763901136-tonguedorsum2.snv.bam	763901136-tonguedorsum3.snv.bam	763961826-tonguedorsum1.snv.bam	763961826-tonguedorsum2.snv.bam	764042746-tonguedorsum1.snv.bam	764083206-tonguedorsum1.snv.bam	764083206-tonguedorsum2.snv.bam	764143897-tonguedorsum2.snv.bam	764224817-tonguedorsum1.snv.bam	764224817-tonguedorsum2.snv.bam	764285508-tonguedorsum1.snv.bam	764285508-tonguedorsum2.snv.bam	764305738-tonguedorsum2.snv.bam	764325968-tonguedorsum1.snv.bam	764447348-tonguedorsum1.snv.bam	764487809-tonguedorsum1.snv.bam	764487809-tonguedorsum2.snv.bam	764508039-tonguedorsum1.snv.bam	764508039-tonguedorsum3.snv.bam	764649650-tonguedorsum1.snv.bam	764811490-tonguedorsum1.snv.bam	764872181-tonguedorsum1.snv.bam	764892411-tonguedorsum2.snv.bam	765013792-tonguedorsum2.snv.bam	765013792-tonguedorsum3.snv.bam	765074482-tonguedorsum1.snv.bam	765094712-tonguedorsum2.snv.bam	765135172-tonguedorsum1.snv.bam	765135172-tonguedorsum2.snv.bam	765155402-tonguedorsum3.snv.bam	765216093-tonguedorsum3.snv.bam	765337473-tonguedorsum1.snv.bam	765337473-tonguedorsum2.snv.bam	765337473-tonguedorsum3.snv.bam	765377934-palatinetonsils3.snv.bam	765377934-tonguedorsum3.snv.bam	765620695-tonguedorsum1.snv.bam	765701615-tonguedorsum1.snv.bam	765701615-tonguedorsum2.snv.bam	809635352-tonguedorsum1.snv.bam	809635352-tonguedorsum2.snv.bam	823052294-tonguedorsum1.snv.bam	823052294-tonguedorsum2.snv.bam	861967750-tonguedorsum1.snv.bam	937415040-tonguedorsum1.snv.bam	953045535-tonguedorsum2.snv.bam
103092734-palatinetonsils3.snv.bam	0.0	0.155609923415	0.128164307529	0.124853988633	0.162865252918	0.137227764223	0.149642652552	0.137886913894	0.125167054939	0.152835185161	0.143411408668	0.147378758265	0.149500315691	0.14436342659	0.147540715176	0.130619528696	0.130556174832	0.145447447944	0.151560192113	0.141218945614	0.128927907266	0.135053152151	0.132181554246	0.135218804067	0.12969321322	0.195151350462	0.162009736993	0.15173361976	0.149174419685	0.178468877353	0.158754486765	0.129334014305	0.137614385066	0.138547277062	0.147859522328	0.15631434125	0.273355918412	0.138350738125	0.127591171848	0.137059412623	0.136981008364	0.129911059393	0.141803430908	0.142644376825	0.135568394451	0.138266593749	0.115067482133	0.146425115645	0.163832100163	0.13224675592	0.137099178595	0.193854141791	0.142942816692	0.171194081232	0.169865376025	0.131842347396	0.135373233407	0.134232232559	0.136066009849	0.135731459721	0.166026902878	0.133498645802	0.137491216993	0.133488765991	0.112861501906	0.179028062546	0.169474865582	0.163755717192	0.109480399855	0.129166683379	0.141661555591	0.131281894885	0.147375320294	0.207063494709	0.155695926544	0.117946271574	0.112268472344	0.141701366414	0.138891834175	0.134674306076	0.127337420945	0.138841865681	0.159174923093	0.165208889896	0.153791275314	0.12005903454	0.128007814969	0.127158211376	0.0318418352241	0.122372739605	0.129141012428	0.129533500062	0.13271156884	0.126247334098	0.12661604688	0.128850491707	0.143276729141	0.105658600015	0.137782135937	0.132967136243	0.145369963244	0.124077825742	0.117211040905	0.124942217788	0.107312334059	0.164704617282	0.162436767397	0.130971944411	0.171106078798	0.150700970837	0.204617506309	0.159626924923	0.160041514837	0.111078304563	0.0721354037307	0.122629042274	0.107892851845	0.14551974065	0.120321417881	0.121799666944	0.110577089477	0.144374182094	0.125313318382	0.142477365924	0.146262215373	0.128008198921	0.141628499535	0.135490441486	0.129722528866	0.177805083185	0.135960536896	0.161027554369	0.128607930915	0.132342397521	0.122462514391	0.136010694538	0.116927293546	0.17958752913	0.177223388042	0.155844431762	0.124246549254	0.119051897332	0.143815002622	0.168937444834	0.134584881548	0.128244250221	0.133616822799	0.125255321149	0.178190349119
158155345-tonguedorsum2.snv.bam	0.155609923415	0.0	0.113572228465	0.0965278603745	0.152426847495	0.136829191159	0.156569895271	0.132290696609	0.123999850002	0.131651741517	0.122421840728	0.147338498443	0.158493951194	0.161150069575	0.156227328656	0.144916112023	0.144528758476	0.108166726265	0.113933860837	0.115608767298	0.118547016802	0.116431388772	0.10375498385	0.108395130934	0.14293247809	0.185400583279	0.166246756903	0.131702805177	0.134130371352	0.180485145144	0.168380724869	0.118022537853	0.154466801933	0.139668261349	0.143819815882	0.151859182979	0.271272579752	0.114845552367	0.148448805892	0.154264921058	0.113433175098	0.114570780165	0.148180559544	0.151048809944	0.14921545306	0.153904641812	0.119986181034	0.139988224544	0.148647238731	0.139032096293	0.144547203936	0.180202593501	0.140820647919	0.161963408768	0.144513850412	0.135838856139	0.135203791787	0.122971391614	0.122340640108	0.141397426666	0.201262410209	0.109894522032	0.131141660028	0.129541459813	0.111128954374	0.165773294883	0.166730016431	0.14198641957	0.106231808424	0.137106071881	0.136222943451	0.114756995962	0.126996018717	0.219674319031	0.161568587244	0.123535514677	0.139411528279	0.115333163848	0.109839034837	0.110862708824	0.131726550244	0.135214877134	0.13296414095	0.148974577671	0.150096423668	0.112584737283	0.122866798246	0.131965076874	0.150167477156	0.0971350326411	0.109713827828	0.145230937028	0.151391687273	0.14156819039	0.142819820999	0.148597199789	0.171009714897	0.14139970246	0.112319157992	0.125514235324	0.14506544241	0.118391833534	0.121004120142	0.0944671144881	0.130340390463	0.164072035451	0.166554775572	0.124687932718	0.184087621888	0.146034901658	0.217405323932	0.149209999342	0.141888118834	0.164999382542	0.181203707259	0.126286352271	0.137961342413	0.128278251005	0.138919352163	0.142527186213	0.116870265602	0.136650110378	0.149213299243	0.135866778756	0.102658886614	0.125579977248	0.130176264995	0.124105754506	0.107071247467	0.204914575863	0.140041653503	0.149755593159	0.125004694945	0.12486714027	0.104427009179	0.115358729039	0.10591052626	0.18517228024	0.173036705413	0.155560888257	0.12700901469	0.119598567822	0.149376881416	0.182977329402	0.117749919821	0.125447371808	0.111711610965	0.129792194018	0.191767918044
158216035-tonguedorsum2.snv.bam	0.128164307529	0.113572228465	0.0	0.0998654929989	0.154748274774	0.130244515588	0.141983859723	0.11724999461	0.103707374077	0.13527413837	0.120947503763	0.151913050039	0.14528543253	0.144672874795	0.138828494061	0.124797848141	0.117378246353	0.0940912404753	0.105028516272	0.0918283724407	0.100428800763	0.107332784442	0.116178222307	0.109560262262	0.121392178017	0.162904100799	0.137521982581	0.131121982339	0.135550008228	0.184135525697	0.159331065132	0.107474932997	0.123805603414	0.115925400797	0.123766848141	0.150691918052	0.279653257371	0.055902685712	0.116020621906	0.134493277547	0.12910013931	0.121235465128	0.135547506697	0.129568271535	0.123879375634	0.1239047968	0.0970278904183	0.13714123788	0.151183265983	0.122326193278	0.123713381429	0.184115316583	0.129100958725	0.16611911899	0.166035649641	0.111673171422	0.111331320985	0.113908182325	0.112609735974	0.122369195104	0.180530889019	0.05986484284	0.130993101173	0.127332405274	0.0802815264575	0.155212543321	0.153331975236	0.140811979616	0.0999229448402	0.110695505145	0.148047287525	0.106822769971	0.134725339626	0.204834720103	0.127886460824	0.102860407059	0.10280480683	0.0896757366302	0.0889163938669	0.0858295297515	0.132222209862	0.119058431103	0.125510390455	0.138311066052	0.145148002567	0.105444021516	0.115511643383	0.113092833093	0.117604264667	0.0949115352688	0.107741335172	0.125082685707	0.138239657131	0.12326967882	0.10456173278	0.124635869506	0.132889828134	0.140634127959	0.104050942826	0.116333368616	0.143110157721	0.0949930270652	0.0938519329686	0.0568196453784	0.0976421730248	0.161366128432	0.154316933639	0.122087600524	0.152023793904	0.133010708115	0.211424745983	0.156028957826	0.152010139168	0.128263743077	0.134282933667	0.100288986064	0.125967919149	0.137487967853	0.128798023035	0.133606477932	0.0863786921871	0.122933345459	0.121115001051	0.119132120847	0.0981038056499	0.108231096202	0.129952580569	0.117620622784	0.0888907328433	0.173100246348	0.12606054633	0.139288691447	0.0866089526887	0.107436345191	0.0902058887439	0.104589535338	0.0915969661761	0.160795884183	0.149291070662	0.145700644061	0.10055998984	0.103586410321	0.129002348228	0.16399543484	0.108431788353	0.0943566063282	0.103230344432	0.118032820671	0.164332920962
158256496-tonguedorsum2.snv.bam	0.124853988633	0.0965278603745	0.0998654929989	0.0	0.148105058511	0.123936821858	0.14299255169	0.116409418793	0.0969500126471	0.138229284546	0.132364319558	0.147952904055	0.133615238502	0.1352419158	0.131883719624	0.124114282419	0.121274918016	0.0969337713152	0.116097927991	0.0973479313426	0.102048040952	0.0742373419731	0.0776041582816	0.0740666159982	0.115921005173	0.168111175285	0.159862831289	0.102020495999	0.106281181202	0.186171840647	0.166479999806	0.118728243405	0.143608690178	0.127327100619	0.134103177682	0.156003468715	0.27984872465	0.0916798586472	0.145002454812	0.143203965161	0.112001614648	0.0977377791384	0.119000370651	0.138094043737	0.141678327325	0.147149404041	0.104167856623	0.137446634856	0.15700944215	0.151722229541	0.146495931473	0.190602731493	0.140000340032	0.162836014464	0.124161949628	0.114676410392	0.114077816585	0.101215070268	0.114346430553	0.097351726173	0.160162674029	0.0942013752334	0.125247708218	0.125114061967	0.107207274628	0.155711076009	0.157093190568	0.139560632375	0.101511869036	0.116286605828	0.135898445352	0.0939748227203	0.144944483309	0.197593727549	0.129214695911	0.126877956237	0.118574546807	0.074767227094	0.0741542970887	0.0802406901057	0.124038047649	0.116217440402	0.125519495097	0.142734095726	0.138654141703	0.109050822613	0.12360305904	0.129765828609	0.115779492239	0.0879073530832	0.0993161943021	0.115770888137	0.131891990184	0.115392274506	0.132104576274	0.11882392442	0.132180583881	0.128670393912	0.0973033346974	0.117550570217	0.145126351206	0.0971035682779	0.109694157583	0.0940882237476	0.122375070409	0.166605961958	0.16036518568	0.131835078412	0.162007296543	0.140276432315	0.215528233575	0.162139354484	0.160794946545	0.137052745531	0.147044653265	0.102756574272	0.123533201713	0.119738717665	0.120785337135	0.126473539403	0.107440677726	0.124457364031	0.136155390091	0.133654389141	0.0839238451501	0.0979260522426	0.122060705217	0.120079727693	0.092870173561	0.171495985142	0.114887328245	0.1221335669	0.101707371515	0.100584480472	0.097953394294	0.0897231798174	0.08555022552	0.15813458809	0.146329203961	0.143494350898	0.097299635152	0.0934823308587	0.1315250308	0.174949340325	0.0822625970321	0.0992790445991	0.098366104852	0.108185729188	0.161647583711
158337416-tonguedorsum1.snv.bam	0.162865252918	0.152426847495	0.154748274774	0.148105058511	0.0	0.106089194043	0.186189622433	0.121688468952	0.127482565519	0.16917074924	0.164159722667	0.153506450357	0.164851912849	0.163806560491	0.162533333778	0.144618838198	0.150083243871	0.131170150097	0.139295536805	0.132147094053	0.156525838299	0.153867784599	0.135191308806	0.145847686838	0.155671589422	0.174534749161	0.184429323904	0.17073401979	0.175985182028	0.19134749175	0.183797574644	0.149819562545	0.154239820896	0.16013397	0.172882696189	0.155189609526	0.222567872017	0.176122153328	0.175316214327	0.163916092182	0.160354362373	0.148668073645	0.161813095243	0.132435015413	0.160266117468	0.161762335124	0.126328053123	0.133071790334	0.140989382832	0.146438929926	0.158737052672	0.16036175023	0.13843963655	0.144572375235	0.16575248888	0.136040117424	0.13951861387	0.145481095392	0.132333607724	0.158689595911	0.206338113172	0.16220064683	0.164012271697	0.164149867522	0.162396024	0.15717621541	0.151196299154	0.17632717962	0.136300680647	0.139985767497	0.145864972181	0.138512783385	0.151144528922	0.235807158514	0.193858077824	0.12738044629	0.141374356847	0.160764658702	0.154398782886	0.145645620036	0.151806124378	0.142373942697	0.156547723601	0.169246214113	0.15422544659	0.154015937368	0.181759330763	0.129344344665	0.154722242424	0.126255483293	0.134710763187	0.152008038611	0.128199732495	0.150123736091	0.164256944699	0.146504197705	0.162506735494	0.180595855554	0.136982132001	0.140547767258	0.142938901925	0.122202923555	0.1265478302	0.166613870169	0.152613210762	0.176622308756	0.169856181741	0.147624606845	0.19363254393	0.167360316563	0.153234235229	0.140511325473	0.152428679727	0.153157810134	0.177474355316	0.152451412749	0.158708553964	0.167488785357	0.166165718601	0.166853367073	0.139938352538	0.164519713986	0.171827591864	0.150034220792	0.163713941469	0.147886431735	0.128898528787	0.132591515297	0.128370852581	0.208767364426	0.179299386845	0.197490578629	0.155469277516	0.147312846169	0.134327133239	0.15404895748	0.138870445628	0.153517613203	0.152293520553	0.178821926081	0.137046468229	0.129807843624	0.127213414687	0.156045913617	0.171804465378	0.150383202705	0.140733209225	0.1327486808	0.154257635023
158337416-tonguedorsum2.snv.bam	0.137227764223	0.136829191159	0.130244515588	0.123936821858	0.106089194043	0.0	0.162155369046	0.125843339237	0.110769561361	0.156070208591	0.146019749228	0.148973174345	0.153066930609	0.152880895429	0.14780572303	0.127591346705	0.128714600403	0.128296499678	0.150409341778	0.129558267775	0.138645821383	0.138964144835	0.131167196304	0.136022588481	0.139674803214	0.183137776753	0.151471870598	0.147572682443	0.152831146231	0.175018538172	0.159328106098	0.129018410395	0.123184694694	0.11741338294	0.12397772411	0.148463555327	0.274849508209	0.142852747861	0.149447680522	0.143212283903	0.151439105227	0.141993233126	0.15608055139	0.116572242365	0.136353776608	0.137834385029	0.112410537475	0.138460853037	0.156834386854	0.127541732241	0.127782169004	0.208628816931	0.146873872088	0.166891411829	0.172532956278	0.13339116246	0.13488277291	0.1338431579	0.123909389613	0.149369500293	0.186476331134	0.131092527992	0.120784662475	0.119237342198	0.127621627822	0.173521233092	0.154898290241	0.159137342418	0.121546848169	0.130596312013	0.148998107255	0.144194011686	0.131869101743	0.215099448908	0.145297682259	0.110655547601	0.121553829328	0.148955662718	0.14266405743	0.139305261032	0.132360451496	0.140019178764	0.159792348684	0.171058555611	0.159234755221	0.128932869864	0.142771214341	0.137099381455	0.1343995334	0.118869609965	0.123758657824	0.129911210324	0.139112783461	0.132282756015	0.11167669516	0.13691106615	0.1605734885	0.164945663938	0.135952973014	0.140773373052	0.130647784003	0.113740822393	0.124681728995	0.136995285752	0.12828911868	0.169497262223	0.161499234701	0.146750716256	0.171431030174	0.151696395167	0.191474381946	0.156651433622	0.150249443512	0.144443876041	0.141118220141	0.132201845359	0.132463994834	0.14398272966	0.135363280948	0.137858564376	0.121123126067	0.150258568686	0.157568506535	0.134460468143	0.134721693842	0.14233798082	0.135438310923	0.130347449172	0.126674750762	0.182984892462	0.167409068538	0.183181142732	0.145212855287	0.131698627952	0.121783151051	0.140966501685	0.126021354551	0.18128252029	0.175046961905	0.159937220853	0.128870320684	0.119387819436	0.129703785359	0.160126316665	0.153832051562	0.14039483453	0.131877340742	0.132404321549	0.186102416581
158458797-tonguedorsum1.snv.bam	0.149642652552	0.156569895271	0.141983859723	0.14299255169	0.186189622433	0.162155369046	0.0	0.148228969296	0.145382522172	0.152369158105	0.139276657997	0.166505170874	0.172534506489	0.168760025287	0.163274989955	0.118518649046	0.104855372627	0.154097740687	0.166929680148	0.155751794332	0.153198445058	0.155360000683	0.15750999909	0.159143859226	0.117172172114	0.165668006431	0.150009161293	0.150158248846	0.141380884785	0.206392354258	0.184565194361	0.14686015477	0.1410529208	0.155065171138	0.162002682838	0.154974404205	0.283864764066	0.156881066433	0.165025959443	0.137624746763	0.126193278776	0.126828249674	0.152910469485	0.153386712073	0.132590836352	0.129064819474	0.125122417629	0.159510698244	0.171551966593	0.151079053328	0.159114123353	0.1822299946	0.138768457187	0.174240758363	0.172886829533	0.150473897435	0.146400759749	0.125682773613	0.120606876817	0.137166223708	0.188796220563	0.15062096724	0.142105139562	0.137560630983	0.131857405361	0.133170745223	0.165681250321	0.172534040594	0.140746793333	0.13775763374	0.138553683229	0.126907480479	0.162053783505	0.204400569075	0.109673957999	0.147886508665	0.146072501265	0.143848358487	0.138178487669	0.132534631004	0.141467359771	0.141955102258	0.158305118189	0.164364566543	0.167408611936	0.132173608198	0.148174029381	0.143682164012	0.142754628556	0.146205378708	0.151463547963	0.146293903181	0.153142416282	0.144676224409	0.140999064152	0.159187912985	0.170752086512	0.140982498053	0.136780018741	0.135649108658	0.169773860773	0.144782755956	0.125754457174	0.139287186532	0.153021514646	0.168491096201	0.162596219425	0.164886979977	0.163165952733	0.14881545103	0.217821910068	0.189607762178	0.180004114156	0.147583561224	0.159797835992	0.137274571281	0.148730992234	0.154976258396	0.146860635375	0.147664261701	0.122983457167	0.146777154988	0.15152528161	0.158700612909	0.131345105974	0.137614898067	0.160703500661	0.15144943379	0.135847570566	0.180247877959	0.139563692803	0.150549495803	0.145635444938	0.149365470182	0.129466210157	0.136203385552	0.12404937759	0.173075474098	0.162500356175	0.158728390425	0.138184390829	0.131346320241	0.158300555297	0.176792799561	0.145440147981	0.141644146134	0.128753261148	0.123695422616	0.190943763509
158479027-tonguedorsum1.snv.bam	0.137886913894	0.132290696609	0.11724999461	0.116409418793	0.121688468952	0.125843339237	0.148228969296	0.0	0.0510611332765	0.138800404348	0.128505925661	0.130486946383	0.142587561021	0.142870247071	0.136895722681	0.120805572882	0.125892619008	0.0999413877874	0.114572772332	0.100459322299	0.118008981614	0.124474452002	0.129309975693	0.124376455968	0.120098737604	0.170827008714	0.158284511374	0.146769284334	0.150133515402	0.168622376842	0.150791648791	0.114041393182	0.13308584192	0.121857240508	0.131642674782	0.132558852407	0.237115872943	0.148339655875	0.132471186205	0.129613888262	0.12201618042	0.115880104785	0.124946957857	0.127027479219	0.126290905822	0.128991297234	0.0971381978666	0.127247583719	0.133761239237	0.128162605449	0.147292798111	0.154361576343	0.117878629252	0.135598425537	0.15890526074	0.104727119725	0.108607857348	0.106889419597	0.103700048486	0.118381755227	0.176395683141	0.132232464305	0.130777699798	0.130434100576	0.114758492823	0.147871357809	0.125493919225	0.151359671432	0.101420450632	0.102529107157	0.122438215684	0.1006353331	0.15738706796	0.215338372517	0.16143545223	0.105874595827	0.125600344807	0.123801902516	0.12063796254	0.106854484882	0.113340693307	0.119024881682	0.128717128705	0.139402170664	0.142256833356	0.112999716996	0.141349145147	0.107667194744	0.126670959331	0.0957527131503	0.0995853205157	0.121665888856	0.106939800517	0.119757628833	0.130303123608	0.1147313137	0.128215769205	0.152481904228	0.106216954332	0.0996332583223	0.124434408492	0.096158518942	0.0948882382227	0.126301197406	0.131544367711	0.148198164729	0.14284128845	0.127412969083	0.155672793102	0.130108874157	0.161217639306	0.133341839873	0.136673996338	0.131402799355	0.159159421694	0.119524242501	0.131991971854	0.137392555072	0.140650681196	0.142905465831	0.104923757609	0.126804713197	0.150336308526	0.112233705492	0.133840432098	0.118997695945	0.122481025575	0.110853582157	0.0963039924	0.190757723442	0.138380876013	0.159588323885	0.129037035403	0.114116183082	0.0964688312063	0.124082922145	0.107036622018	0.142213982639	0.133514936078	0.146552266272	0.095175564427	0.0923911994923	0.0558703036066	0.0903815236931	0.123313863147	0.11012251945	0.107902493458	0.0987442799701	0.139499868231
158479027-tonguedorsum2.snv.bam	0.125167054939	0.123999850002	0.103707374077	0.0969500126471	0.127482565519	0.110769561361	0.145382522172	0.0510611332765	0.0	0.136983296767	0.126873006013	0.138296288977	0.136976516084	0.136436176853	0.130789893987	0.11891633482	0.121396193489	0.088164016869	0.109919415621	0.0934271465154	0.108485811682	0.112061746405	0.115458201187	0.112239524057	0.115196177485	0.172853794511	0.152220854268	0.135724393626	0.138448366444	0.17201468134	0.15101966031	0.111982252827	0.130977396469	0.115282482149	0.12446134342	0.134962211491	0.258365758522	0.12823977839	0.126186767355	0.127408389544	0.115554469067	0.105019194437	0.122408250679	0.115412576418	0.122757801787	0.126971296576	0.0921694902961	0.131376512702	0.142939614697	0.130661111957	0.139103013255	0.173297126263	0.123240488936	0.145030959803	0.150345391094	0.0993286399243	0.101607933971	0.104710713919	0.109996596159	0.112459717479	0.167957209716	0.113719939487	0.123513752685	0.123918510099	0.10113931126	0.153704878239	0.138622972896	0.143358904321	0.0955907858627	0.102376977548	0.130123248039	0.0958696528223	0.152821273743	0.212491193222	0.152031974987	0.0990199902364	0.110283744298	0.114235457231	0.107079238277	0.0994017431166	0.116294555075	0.117721268589	0.135312599383	0.143565082781	0.145213835731	0.103817180475	0.125496491755	0.113932219101	0.114155020621	0.0887989399083	0.0965353636979	0.108586518105	0.111563122697	0.113440293384	0.120941439151	0.11027375624	0.126507375765	0.145223031717	0.104370718526	0.0999474406452	0.130739457265	0.0928730019278	0.0952186058579	0.107198379512	0.116081076437	0.150762090822	0.144435644425	0.130933645222	0.156358227762	0.130603650611	0.174172794838	0.140085411613	0.139970596966	0.12675299002	0.142361229791	0.113668234664	0.121574888101	0.129668745043	0.129140565742	0.133064310336	0.0964105339302	0.123760761463	0.137397838772	0.108344544456	0.110903471477	0.115497360572	0.121942143897	0.111001907063	0.0966379719227	0.179950672167	0.129951572385	0.150559859909	0.115018265449	0.107032931242	0.087864915787	0.111432971155	0.0944028344391	0.146911509297	0.135461046551	0.144449471759	0.0916689139389	0.0887281459006	0.0786361726965	0.114750142247	0.113360428391	0.100550364886	0.107647254861	0.10122013302	0.141615140768
158499257-tonguedorsum1.snv.bam	0.152835185161	0.131651741517	0.13527413837	0.138229284546	0.16917074924	0.156070208591	0.152369158105	0.138800404348	0.136983296767	0.0	0.0466452327105	0.159000460136	0.131786578561	0.12927258246	0.127176512689	0.14203264513	0.143296568931	0.124879431147	0.122231917389	0.12650829521	0.133631224644	0.122168692232	0.13806852401	0.124810834035	0.132303785707	0.160436932387	0.161197774946	0.167071506816	0.168793273965	0.194272909318	0.174421126546	0.137377487195	0.152646699957	0.152765356747	0.159216991718	0.172690121867	0.274990452801	0.151593324266	0.131060746493	0.143743725526	0.144982218692	0.141170277504	0.131708348371	0.143154270189	0.15417771549	0.154555594698	0.109327667298	0.130984240375	0.126803735614	0.150936266706	0.156626302862	0.182966639133	0.137967071912	0.135390397255	0.163205313001	0.110343421375	0.123481571876	0.138329616387	0.125691542685	0.1444808685	0.179317237334	0.150923111003	0.1294544978	0.124178930638	0.114030252435	0.152771511382	0.167450388	0.172623921623	0.123650347875	0.123546310808	0.15344519105	0.13551348892	0.152100402594	0.218462148903	0.16836099715	0.117521305513	0.146913889677	0.120584362507	0.125496785095	0.127809156845	0.15417140947	0.146756946398	0.176522420445	0.184196193978	0.112879653814	0.115867189258	0.135639473193	0.128275610571	0.142757851599	0.124740998341	0.127611163147	0.147498945404	0.15537604365	0.13774893782	0.142983766641	0.140245180219	0.146726932119	0.16584229413	0.115651029678	0.133062823309	0.157163542422	0.122814115487	0.119722133692	0.141596241984	0.15279316698	0.186353006152	0.179328387313	0.13973102065	0.175091419009	0.161576185546	0.208836463543	0.165819026774	0.160234976984	0.163446562552	0.176827847751	0.112092628539	0.153002697024	0.162289021828	0.152299194326	0.153709312535	0.115134333894	0.0964104428727	0.135289241678	0.128204105819	0.141613210708	0.12752809595	0.13472349058	0.123872658278	0.135932086904	0.199983815855	0.143825078738	0.156072466787	0.156809739962	0.125104351366	0.122150433045	0.147459849676	0.136620554473	0.173556913778	0.166327844935	0.16477457948	0.11609653545	0.127220890345	0.148187176846	0.164499277141	0.129080490143	0.137177463528	0.105313147945	0.122523930627	0.183392914594
158499257-tonguedorsum2.snv.bam	0.143411408668	0.122421840728	0.120947503763	0.132364319558	0.164159722667	0.146019749228	0.139276657997	0.128505925661	0.126873006013	0.0466452327105	0.0	0.152048495188	0.137026972362	0.137675727853	0.133132154336	0.127482400568	0.13431112436	0.114291152582	0.114817320587	0.118223035271	0.122331381902	0.120998961225	0.139228093196	0.123230105876	0.120229977394	0.158307483164	0.151727150996	0.167256464964	0.16809295049	0.18315220654	0.1629348409	0.126059523336	0.141209624747	0.144704319013	0.153314992746	0.155515040125	0.272209247746	0.13872646578	0.125663489727	0.135086265921	0.132077239011	0.129706996375	0.127121634515	0.138569139956	0.13725790008	0.141034455771	0.100778812976	0.125834659289	0.125852877626	0.143483645818	0.15242955625	0.177252985702	0.128294734223	0.136280525167	0.164768855795	0.107822523496	0.112481273424	0.128483126959	0.118531492569	0.137393217057	0.182630901923	0.135470093776	0.127073702783	0.124573092502	0.105430168392	0.148031497078	0.158915386412	0.164830467257	0.113073069095	0.117326467337	0.14359164508	0.126569496014	0.148117525581	0.215819156823	0.157312771309	0.11001222003	0.138909255379	0.113044022231	0.117568637987	0.112924204691	0.140977034087	0.137634564152	0.165834660125	0.175003020788	0.125186835928	0.10536355986	0.12332043729	0.114684042507	0.129896124003	0.118230281051	0.118791326667	0.140446736392	0.147387257687	0.130562049715	0.130215264839	0.134793645381	0.14963237093	0.155238038816	0.110584407278	0.120705861582	0.150851379819	0.114434458912	0.108391883347	0.125709661725	0.137988872597	0.173702414585	0.166960579355	0.125990672481	0.17007346746	0.153287054674	0.206124642782	0.158412565281	0.154217976209	0.153185020601	0.163164281247	0.102702941262	0.145525228225	0.155461986091	0.144166486407	0.145943926971	0.100299628089	0.101132040924	0.125113860674	0.121573925135	0.133083361076	0.122757780939	0.127138591793	0.115333401295	0.128354472923	0.194243211601	0.138703365081	0.15249857151	0.147558694939	0.11508363515	0.111608007731	0.14274292289	0.125621446891	0.171769081975	0.157376463828	0.153250866418	0.110566306621	0.116575254679	0.141907347207	0.16250665904	0.123559309934	0.124910366215	0.102017530845	0.119643388045	0.178152569831
158742018-tonguedorsum1.snv.bam	0.147378758265	0.147338498443	0.151913050039	0.147952904055	0.153506450357	0.148973174345	0.166505170874	0.130486946383	0.138296288977	0.159000460136	0.152048495188	0.0	0.19210392989	0.189117310993	0.185465327568	0.105491730489	0.123160083198	0.154732888757	0.155650408829	0.150415524837	0.163378088687	0.159023626347	0.149436429551	0.155524095314	0.162438799601	0.191159877448	0.173110691598	0.179043222336	0.178200349214	0.150294033824	0.164192028745	0.140569754338	0.14296385638	0.142379072343	0.150282144807	0.153249889936	0.229987316635	0.160499957035	0.168376017321	0.159708948065	0.145711648582	0.143122894947	0.157829664606	0.129315226981	0.14559797124	0.146406148998	0.121894012529	0.111503565864	0.130498305863	0.122319822625	0.118505492877	0.179984488043	0.160504210577	0.169781511035	0.184395472922	0.160702136758	0.159787328095	0.154741482843	0.138332819471	0.16633457856	0.200838583287	0.169666839622	0.138087068342	0.136257398176	0.132987637764	0.194829892567	0.14639432267	0.191808975221	0.125632974019	0.142843437862	0.124426015676	0.134729227526	0.1312301731	0.218988634682	0.163212318808	0.135442916229	0.146901045164	0.164641634318	0.163772310035	0.158005688193	0.139839397783	0.135674899078	0.159430318308	0.163293439776	0.156524731481	0.137454902977	0.14796839421	0.137566597498	0.143238725479	0.12363304587	0.121308851534	0.164698461676	0.161558408755	0.166228790878	0.133075824204	0.138934069459	0.185126099591	0.151504040595	0.151435318445	0.151578058874	0.0423234726514	0.111297118958	0.141045358567	0.165111182112	0.167985255875	0.158624266472	0.155800232224	0.14119102273	0.185521115994	0.160337023506	0.174039493115	0.0855884179325	0.0737264516251	0.162593529275	0.159326640522	0.151003197055	0.156385086301	0.166890870219	0.151161118726	0.149387129348	0.13645785291	0.156807161693	0.177594965229	0.154924198062	0.16014912554	0.157545327732	0.132922884955	0.119500826163	0.125189660333	0.196627122399	0.170091000165	0.184814718096	0.176166222815	0.159847814998	0.143866897678	0.160936578334	0.14407706368	0.172536506086	0.169053950878	0.182313544479	0.143633358647	0.137895247836	0.122911838161	0.131200428514	0.163176227863	0.15316685273	0.145416798431	0.150523927902	0.190555506919
158802708-tonguedorsum1.snv.bam	0.149500315691	0.158493951194	0.14528543253	0.133615238502	0.164851912849	0.153066930609	0.172534506489	0.142587561021	0.136976516084	0.131786578561	0.137026972362	0.19210392989	0.0	0.0268696029867	0.0263524315024	0.15751299176	0.154956444895	0.136509644186	0.124379723583	0.135543358645	0.150877467241	0.121446485869	0.139162728537	0.129481077189	0.143705093031	0.157400454544	0.169123317205	0.157069176206	0.159676222475	0.200912024609	0.189075601775	0.14909486447	0.165403107084	0.147720179727	0.157601043349	0.172388818176	0.254095088241	0.163056581401	0.136652922939	0.171896426968	0.148744026232	0.135057712658	0.107824395109	0.15525645972	0.173384954176	0.173419156309	0.11862647881	0.135804809467	0.145775750994	0.170098663102	0.169163172748	0.183095146185	0.148993161863	0.133451624464	0.176145076676	0.107343859687	0.135114207814	0.13752827006	0.126938568743	0.135185339919	0.144946380234	0.155067731834	0.153807923201	0.147474852727	0.122554675111	0.151652807487	0.145674480821	0.187999902318	0.139400617693	0.129508484429	0.15118963028	0.140568389842	0.163800470953	0.202672343109	0.18350435451	0.130034954646	0.139788591011	0.128310948523	0.131275314794	0.129637921545	0.145121004684	0.156419328549	0.168492135159	0.178134968359	0.10152056065	0.128033541962	0.162177714509	0.137098050045	0.135112898855	0.140520939995	0.149711812991	0.133430094791	0.140720392665	0.119805485399	0.160740731524	0.117488951362	0.109077057194	0.167425555273	0.102508272481	0.116899848167	0.179138877345	0.141050404126	0.12306404811	0.148394818493	0.143944714567	0.17134976802	0.162821441768	0.147946313813	0.169555861658	0.15835819514	0.194538761239	0.183752162814	0.192394032971	0.14992635132	0.170270917664	0.119947955464	0.158646918398	0.154969187767	0.151647960973	0.152514524007	0.137659538016	0.10743157674	0.145704294746	0.127297062197	0.160087099343	0.125447422476	0.137199209905	0.131068257306	0.125469994099	0.181242363575	0.143594652763	0.155447702774	0.140107065689	0.119279768133	0.123369885544	0.136210945545	0.134094203214	0.157685754747	0.148163664776	0.151225418921	0.110284238597	0.125268213905	0.146929819619	0.160355682597	0.128276627751	0.129145863241	0.102789779131	0.132430536461	0.165781796555
158802708-tonguedorsum2.snv.bam	0.14436342659	0.161150069575	0.144672874795	0.1352419158	0.163806560491	0.152880895429	0.168760025287	0.142870247071	0.136436176853	0.12927258246	0.137675727853	0.189117310993	0.0268696029867	0.0	0.0287571140508	0.155974313874	0.151680156624	0.137604674798	0.124629454058	0.135659033784	0.148782537125	0.119805212635	0.139658184331	0.130363454215	0.141805423663	0.1614107106	0.168545217004	0.159079583633	0.159939745568	0.194257026878	0.181322533442	0.152186733216	0.163215247575	0.142546833966	0.151929679527	0.170436791624	0.255356344983	0.16338920659	0.135175791235	0.171441234784	0.150233588185	0.13606614554	0.114986517201	0.154098223856	0.172629260969	0.173211911912	0.118866676025	0.130877230657	0.141413056005	0.167145286771	0.165800536799	0.180496960009	0.145401841351	0.138480508887	0.178204145507	0.107520188118	0.136185147496	0.138165920166	0.127212190151	0.139543685762	0.148390001097	0.154989842891	0.148283944452	0.14131357993	0.121316967745	0.154122874806	0.152088446318	0.189181978829	0.138219413763	0.13001400008	0.14627801209	0.14053360153	0.160930999726	0.208824166559	0.184830442829	0.129948318807	0.141015050959	0.128740357331	0.130612132022	0.130940382348	0.147048973472	0.156113028182	0.170236591915	0.177372920833	0.096571140228	0.125798985118	0.160258665207	0.135941604233	0.131411336835	0.139349437523	0.148006944408	0.131100507777	0.139768063123	0.122401589065	0.157021814091	0.12498838029	0.114955703522	0.165769652829	0.110644214546	0.120702259827	0.177418955752	0.142193010329	0.122109434053	0.146790082537	0.142784183209	0.16651926524	0.158959659944	0.143769417583	0.168903189451	0.160836245406	0.191131874567	0.18265725843	0.190769811383	0.151397554179	0.166733065672	0.120891143178	0.15660803714	0.150729841854	0.149499449419	0.151257516349	0.136190829878	0.113687902766	0.148012745772	0.128626427733	0.160402593801	0.122363411777	0.140076092932	0.135215914211	0.125413904957	0.188079635811	0.142422997161	0.15384032814	0.137466995129	0.12746506084	0.12294637666	0.132049568206	0.133419243902	0.158287640893	0.152144351908	0.15382131004	0.112252689255	0.127397600736	0.146299203503	0.156461198365	0.126534052155	0.131543080563	0.105956012657	0.13428878929	0.165738332277
158802708-tonguedorsum3.snv.bam	0.147540715176	0.156227328656	0.138828494061	0.131883719624	0.162533333778	0.14780572303	0.163274989955	0.136895722681	0.130789893987	0.127176512689	0.133132154336	0.185465327568	0.0263524315024	0.0287571140508	0.0	0.148748887947	0.144650871081	0.132870793755	0.128356805483	0.134029113608	0.144156426894	0.117756859036	0.14108263767	0.128384960262	0.140219239142	0.164541743198	0.16648481473	0.156862746271	0.159748097329	0.204110121267	0.189660692632	0.147407208779	0.15966199737	0.138530556356	0.148078482937	0.166461913009	0.258227485112	0.156205333651	0.1313811297	0.171381550027	0.141934819234	0.132394358898	0.0968596004084	0.152910264159	0.168515059637	0.168529944843	0.11241774696	0.136515204642	0.144209415395	0.164520242567	0.16232911627	0.182771951467	0.148843235193	0.133787251003	0.178160921556	0.104640133387	0.132383178261	0.134355991789	0.12200936873	0.128691518697	0.142580091173	0.15140344338	0.145804016388	0.138657960646	0.115698535989	0.156039112889	0.145491350199	0.190518343004	0.137172958586	0.125323780163	0.152966468538	0.142766308955	0.158724512644	0.199533671986	0.175632836859	0.126577431216	0.137835029226	0.116977755283	0.117364601392	0.118555672662	0.141817636039	0.153173949161	0.170870517525	0.181921540676	0.0977058140423	0.117771620254	0.153100366837	0.136823501896	0.131536894513	0.139151056106	0.146806724002	0.12919775084	0.135043091754	0.114111201821	0.154919618785	0.114852318947	0.105599933987	0.165279657929	0.0942565751508	0.111272556699	0.176074312303	0.136815550515	0.117825982139	0.143172716621	0.142321962506	0.170551052017	0.162118021132	0.143142059199	0.165502363883	0.158155338767	0.197421480302	0.182893818027	0.190332595451	0.151783583104	0.17181287553	0.112368906323	0.15956072358	0.153315731063	0.147180663535	0.149264097833	0.133719853114	0.0972183270623	0.141413745481	0.122036940827	0.1555786166	0.120848849017	0.131645861319	0.122277617454	0.125154765003	0.180298406567	0.141597244252	0.157367335984	0.144739413554	0.112933215943	0.12151801455	0.136568675166	0.135225472183	0.158727676864	0.14955529031	0.146847421579	0.0979625936889	0.12055631118	0.142329050579	0.158078346865	0.120005615223	0.117267311398	0.0951087905297	0.131884105503	0.168094451582
