	147406386-tonguedorsum3.snv.bam	159227541-tonguedorsum3.snv.bam	159551223-tonguedorsum1.snv.bam	159551223-tonguedorsum2.snv.bam	160259276-tonguedorsum1.snv.bam	160319967-tonguedorsum2.snv.bam	160400887-tonguedorsum1.snv.bam	370027359-palatinetonsils2.snv.bam	370027359-tonguedorsum3.snv.bam	638754422-tonguedorsum1.snv.bam	638754422-tonguedorsum3.snv.bam	675950834-tonguedorsum2.snv.bam	737052003-tonguedorsum2.snv.bam	763577454-tonguedorsum1.snv.bam	763577454-tonguedorsum2.snv.bam	763982056-tonguedorsum1.snv.bam	763982056-tonguedorsum2.snv.bam	763982056-tonguedorsum3.snv.bam	764325968-tonguedorsum2.snv.bam	764588959-tonguedorsum2.snv.bam	764811490-tonguedorsum1.snv.bam	765195863-palatinetonsils3.snv.bam	765195863-tonguedorsum3.snv.bam	765620695-tonguedorsum1.snv.bam	857980665-tonguedorsum2.snv.bam	857980665-tonguedorsum3.snv.bam
147406386-tonguedorsum3.snv.bam	0.0	0.157672418251	0.211774306638	0.208946133274	0.176981324299	0.181496559837	0.194257948637	0.191442367918	0.185634523011	0.181752337826	0.212185083547	0.194802912407	0.175775141656	0.138741844418	0.147899743291	0.177672917533	0.181637650658	0.17150202451	0.169502852537	0.17571146338	0.190214491157	0.194317227428	0.179262952194	0.167989959658	0.182855817404	0.191745114513
159227541-tonguedorsum3.snv.bam	0.157672418251	0.0	0.191396394179	0.186826598617	0.18011265413	0.171400853841	0.158723947633	0.151242308101	0.145244522589	0.159075493352	0.188583250612	0.158804121502	0.154058716799	0.141537149957	0.153600953355	0.146217346081	0.15248352331	0.143445257367	0.154957561493	0.153833418908	0.113438481124	0.167247126583	0.152561473738	0.1468329091	0.163737298864	0.158923510163
159551223-tonguedorsum1.snv.bam	0.211774306638	0.191396394179	0.0	0.00528874872414	0.22096038939	0.212019825037	0.173951572824	0.21775724552	0.210809342964	0.181543528924	0.187291187765	0.153389695757	0.182821399526	0.195613168736	0.189080588252	0.203415762685	0.20329899886	0.200399878732	0.207734137506	0.121697281925	0.179885459033	0.175383950809	0.165940603146	0.16819708025	0.206907552261	0.190078074955
159551223-tonguedorsum2.snv.bam	0.208946133274	0.186826598617	0.00528874872414	0.0	0.219056461201	0.207971940829	0.170637020663	0.215685313376	0.208761199366	0.177927413761	0.183338304539	0.151810814735	0.179178432023	0.190523064998	0.184495790728	0.200349252617	0.201495000448	0.19738257144	0.205565003424	0.12028851874	0.176316478635	0.171832184214	0.16176979967	0.16440024444	0.203165905685	0.186510835834
160259276-tonguedorsum1.snv.bam	0.176981324299	0.18011265413	0.22096038939	0.219056461201	0.0	0.173738387706	0.184514190708	0.182704915565	0.188114933417	0.181722641099	0.208338145459	0.174735148176	0.169053664943	0.171114195182	0.175996356158	0.150558438997	0.149948501098	0.152059426728	0.196986222257	0.176110093079	0.207886016803	0.196319839642	0.180016480312	0.164624995349	0.202691852884	0.208522398743
160319967-tonguedorsum2.snv.bam	0.181496559837	0.171400853841	0.212019825037	0.207971940829	0.173738387706	0.0	0.189224026823	0.184852160124	0.182079530782	0.186518684873	0.211138305457	0.174763079619	0.181135868054	0.178624745661	0.199366590755	0.174997415972	0.179504142192	0.17205222597	0.195500194542	0.168612290231	0.200775074182	0.162723217349	0.151550593554	0.171328248191	0.183603996079	0.190606754882
160400887-tonguedorsum1.snv.bam	0.194257948637	0.158723947633	0.173951572824	0.170637020663	0.184514190708	0.189224026823	0.0	0.166961236343	0.171049081435	0.175630356677	0.193819963797	0.170318401056	0.140914992829	0.166691627667	0.169062665895	0.179008701838	0.180016756017	0.175413464395	0.182446394458	0.170276186011	0.171404340881	0.184297945057	0.172067355237	0.133588188882	0.157574226408	0.173390463933
370027359-palatinetonsils2.snv.bam	0.191442367918	0.151242308101	0.21775724552	0.215685313376	0.182704915565	0.184852160124	0.166961236343	0.0	0.0691899739212	0.186409278761	0.206696598969	0.176459722367	0.153894115275	0.159129187398	0.17436270261	0.181527152256	0.185880356572	0.177859066197	0.180141685782	0.184322036277	0.194307361494	0.18455289359	0.179334204913	0.153373334968	0.181680003232	0.161569868609
370027359-tonguedorsum3.snv.bam	0.185634523011	0.145244522589	0.210809342964	0.208761199366	0.188114933417	0.182079530782	0.171049081435	0.0691899739212	0.0	0.170079793077	0.194065671664	0.162859058997	0.16368459061	0.161517604	0.17888590857	0.175622903361	0.179828449537	0.174203994568	0.1819950016	0.167615760096	0.176786928383	0.184092883072	0.172913726029	0.161356189273	0.175780479271	0.153375574933
638754422-tonguedorsum1.snv.bam	0.181752337826	0.159075493352	0.181543528924	0.177927413761	0.181722641099	0.186518684873	0.175630356677	0.186409278761	0.170079793077	0.0	0.0414727877947	0.180890069838	0.167955429477	0.17154259399	0.175210726784	0.156918141789	0.158700974618	0.154161339062	0.150111294733	0.169673317784	0.204668104933	0.172443684799	0.162717767119	0.164569363851	0.16331146286	0.156636294776
638754422-tonguedorsum3.snv.bam	0.212185083547	0.188583250612	0.187291187765	0.183338304539	0.208338145459	0.211138305457	0.193819963797	0.206696598969	0.194065671664	0.0414727877947	0.0	0.197744093433	0.182355215826	0.192336477663	0.199658949248	0.177711802722	0.179418745184	0.173758728375	0.171538332334	0.184965438608	0.215575060789	0.192382069253	0.184834533931	0.185285805107	0.18800820308	0.169318821732
675950834-tonguedorsum2.snv.bam	0.194802912407	0.158804121502	0.153389695757	0.151810814735	0.174735148176	0.174763079619	0.170318401056	0.176459722367	0.162859058997	0.180890069838	0.197744093433	0.0	0.184706056729	0.176337307451	0.179065876534	0.173318257886	0.176444529744	0.171303303975	0.177273138047	0.117187877213	0.191645373666	0.139693646663	0.112310733984	0.174893616835	0.201747138474	0.179938111602
737052003-tonguedorsum2.snv.bam	0.175775141656	0.154058716799	0.182821399526	0.179178432023	0.169053664943	0.181135868054	0.140914992829	0.153894115275	0.16368459061	0.167955429477	0.182355215826	0.184706056729	0.0	0.152144028444	0.153403983642	0.169342119124	0.171774480822	0.165527847079	0.162901626212	0.158858594215	0.174325750252	0.170680076969	0.161856394397	0.0414821869895	0.163514536872	0.172808586814
763577454-tonguedorsum1.snv.bam	0.138741844418	0.141537149957	0.195613168736	0.190523064998	0.171114195182	0.178624745661	0.166691627667	0.159129187398	0.161517604	0.17154259399	0.192336477663	0.176337307451	0.152144028444	0.0	0.0339615614729	0.172225351961	0.176741722319	0.171313017906	0.15698255858	0.172227983247	0.182867560135	0.180883145024	0.172173188093	0.153288902204	0.159774148945	0.179001739311
763577454-tonguedorsum2.snv.bam	0.147899743291	0.153600953355	0.189080588252	0.184495790728	0.175996356158	0.199366590755	0.169062665895	0.17436270261	0.17888590857	0.175210726784	0.199658949248	0.179065876534	0.153403983642	0.0339615614729	0.0	0.176842854781	0.180561597676	0.174815794238	0.162637339023	0.174144434129	0.199697506425	0.186116435319	0.176759379246	0.160761645596	0.171308280939	0.186719598672
763982056-tonguedorsum1.snv.bam	0.177672917533	0.146217346081	0.203415762685	0.200349252617	0.150558438997	0.174997415972	0.179008701838	0.181527152256	0.175622903361	0.156918141789	0.177711802722	0.173318257886	0.169342119124	0.172225351961	0.176842854781	0.0	0.00742618768441	0.00790921701643	0.182441683857	0.168189262692	0.173645728593	0.175613669354	0.161959848468	0.158743651682	0.169427534903	0.18020696128
763982056-tonguedorsum2.snv.bam	0.181637650658	0.15248352331	0.20329899886	0.201495000448	0.149948501098	0.179504142192	0.180016756017	0.185880356572	0.179828449537	0.158700974618	0.179418745184	0.176444529744	0.171774480822	0.176741722319	0.180561597676	0.00742618768441	0.0	0.0128330858167	0.184483782214	0.163994441545	0.179200136495	0.179950610439	0.166933600675	0.16267406149	0.170182476598	0.181433970707
763982056-tonguedorsum3.snv.bam	0.17150202451	0.143445257367	0.200399878732	0.19738257144	0.152059426728	0.17205222597	0.175413464395	0.177859066197	0.174203994568	0.154161339062	0.173758728375	0.171303303975	0.165527847079	0.171313017906	0.174815794238	0.00790921701643	0.0128330858167	0.0	0.1796828893	0.161998903832	0.172607035445	0.169872867855	0.156094175703	0.15456888036	0.166694399304	0.174926132791
764325968-tonguedorsum2.snv.bam	0.169502852537	0.154957561493	0.207734137506	0.205565003424	0.196986222257	0.195500194542	0.182446394458	0.180141685782	0.1819950016	0.150111294733	0.171538332334	0.177273138047	0.162901626212	0.15698255858	0.162637339023	0.182441683857	0.184483782214	0.1796828893	0.0	0.177798624111	0.214853556089	0.17884584894	0.172001456344	0.159914053215	0.154656643702	0.175072340029
764588959-tonguedorsum2.snv.bam	0.17571146338	0.153833418908	0.121697281925	0.12028851874	0.176110093079	0.168612290231	0.170276186011	0.184322036277	0.167615760096	0.169673317784	0.184965438608	0.117187877213	0.158858594215	0.172227983247	0.174144434129	0.168189262692	0.163994441545	0.161998903832	0.177798624111	0.0	0.15812435258	0.142018646943	0.122541850549	0.14963775033	0.183596047167	0.17598376253
764811490-tonguedorsum1.snv.bam	0.190214491157	0.113438481124	0.179885459033	0.176316478635	0.207886016803	0.200775074182	0.171404340881	0.194307361494	0.176786928383	0.204668104933	0.215575060789	0.191645373666	0.174325750252	0.182867560135	0.199697506425	0.173645728593	0.179200136495	0.172607035445	0.214853556089	0.15812435258	0.0	0.190891379395	0.177085906816	0.154893374018	0.204711061284	0.203458796811
765195863-palatinetonsils3.snv.bam	0.194317227428	0.167247126583	0.175383950809	0.171832184214	0.196319839642	0.162723217349	0.184297945057	0.18455289359	0.184092883072	0.172443684799	0.192382069253	0.139693646663	0.170680076969	0.180883145024	0.186116435319	0.175613669354	0.179950610439	0.169872867855	0.17884584894	0.142018646943	0.190891379395	0.0	0.043200236482	0.158195565136	0.177877535091	0.18689692221
765195863-tonguedorsum3.snv.bam	0.179262952194	0.152561473738	0.165940603146	0.16176979967	0.180016480312	0.151550593554	0.172067355237	0.179334204913	0.172913726029	0.162717767119	0.184834533931	0.112310733984	0.161856394397	0.172173188093	0.176759379246	0.161959848468	0.166933600675	0.156094175703	0.172001456344	0.122541850549	0.177085906816	0.043200236482	0.0	0.152500846275	0.175248822742	0.18095024421
765620695-tonguedorsum1.snv.bam	0.167989959658	0.1468329091	0.16819708025	0.16440024444	0.164624995349	0.171328248191	0.133588188882	0.153373334968	0.161356189273	0.164569363851	0.185285805107	0.174893616835	0.0414821869895	0.153288902204	0.160761645596	0.158743651682	0.16267406149	0.15456888036	0.159914053215	0.14963775033	0.154893374018	0.158195565136	0.152500846275	0.0	0.163637417959	0.175692714608
857980665-tonguedorsum2.snv.bam	0.182855817404	0.163737298864	0.206907552261	0.203165905685	0.202691852884	0.183603996079	0.157574226408	0.181680003232	0.175780479271	0.16331146286	0.18800820308	0.201747138474	0.163514536872	0.159774148945	0.171308280939	0.169427534903	0.170182476598	0.166694399304	0.154656643702	0.183596047167	0.204711061284	0.177877535091	0.175248822742	0.163637417959	0.0	0.144775197265
857980665-tonguedorsum3.snv.bam	0.191745114513	0.158923510163	0.190078074955	0.186510835834	0.208522398743	0.190606754882	0.173390463933	0.161569868609	0.153375574933	0.156636294776	0.169318821732	0.179938111602	0.172808586814	0.179001739311	0.186719598672	0.18020696128	0.181433970707	0.174926132791	0.175072340029	0.17598376253	0.203458796811	0.18689692221	0.18095024421	0.175692714608	0.144775197265	0.0
