	103092734-palatinetonsils3.snv.bam	158337416-tonguedorsum1.snv.bam	158337416-tonguedorsum2.snv.bam	158479027-tonguedorsum1.snv.bam	158479027-tonguedorsum2.snv.bam	158883629-tonguedorsum1.snv.bam	158883629-tonguedorsum3.snv.bam	158944319-tonguedorsum1.snv.bam	159005010-tonguedorsum2.snv.bam	159227541-tonguedorsum3.snv.bam	159268001-tonguedorsum1.snv.bam	159268001-tonguedorsum2.snv.bam	159268001-tonguedorsum3.snv.bam	159470302-tonguedorsum1.snv.bam	159490532-tonguedorsum1.snv.bam	159571453-tonguedorsum2.snv.bam	159591683-supragingivalplaque1.snv.bam	159591683-tonguedorsum2.snv.bam	159733294-tonguedorsum1.snv.bam	159814214-tonguedorsum1.snv.bam	159814214-tonguedorsum2.snv.bam	159915365-tonguedorsum1.snv.bam	160158126-tonguedorsum1.snv.bam	160158126-tonguedorsum2.snv.bam	160178356-tonguedorsum1.snv.bam	160178356-tonguedorsum3.snv.bam	160218816-tonguedorsum1.snv.bam	160259276-tonguedorsum1.snv.bam	160319967-tonguedorsum1.snv.bam	160380657-tonguedorsum1.snv.bam	160380657-tonguedorsum2.snv.bam	160380657-tonguedorsum3.snv.bam	160603188-tonguedorsum1.snv.bam	160603188-tonguedorsum3.snv.bam	160906640-tonguedorsum1.snv.bam	160947100-tonguedorsum1.snv.bam	234447334-tonguedorsum2.snv.bam	246515023-supragingivalplaque2.snv.bam	295137534-tonguedorsum2.snv.bam	404239096-tonguedorsum1.snv.bam	550534656-tonguedorsum2.snv.bam	550534656-tonguedorsum3.snv.bam	604812005-tonguedorsum3.snv.bam	638754422-supragingivalplaque2.snv.bam	638754422-tonguedorsum1.snv.bam	638754422-tonguedorsum2.snv.bam	638754422-tonguedorsum3.snv.bam	675950834-tonguedorsum1.snv.bam	675950834-tonguedorsum2.snv.bam	682102541-tonguedorsum3.snv.bam	763395383-anteriornares3.snv.bam	763395383-supragingivalplaque3.snv.bam	763395383-tonguedorsum3.snv.bam	763435843-tonguedorsum1.snv.bam	763435843-tonguedorsum2.snv.bam	763496533-palatinetonsils2.snv.bam	763496533-throat2.snv.bam	763496533-tonguedorsum2.snv.bam	763759525-tonguedorsum2.snv.bam	763860675-tonguedorsum2.snv.bam	763901136-tonguedorsum2.snv.bam	763961826-supragingivalplaque2.snv.bam	763961826-throat2.snv.bam	764083206-tonguedorsum1.snv.bam	764083206-tonguedorsum2.snv.bam	764143897-tonguedorsum2.snv.bam	764224817-tonguedorsum1.snv.bam	764224817-tonguedorsum2.snv.bam	764305738-tonguedorsum1.snv.bam	764366428-throat2.snv.bam	764366428-tonguedorsum2.snv.bam	764487809-tonguedorsum2.snv.bam	764508039-tonguedorsum3.snv.bam	764649650-tonguedorsum2.snv.bam	764811490-tonguedorsum1.snv.bam	764872181-tonguedorsum1.snv.bam	765013792-tonguedorsum1.snv.bam	765013792-tonguedorsum2.snv.bam	765074482-tonguedorsum1.snv.bam	765155402-tonguedorsum3.snv.bam	765195863-tonguedorsum3.snv.bam	765216093-tonguedorsum3.snv.bam	765337473-tonguedorsum1.snv.bam	765377934-palatinetonsils3.snv.bam	765377934-tonguedorsum3.snv.bam	765701615-tonguedorsum1.snv.bam	765701615-tonguedorsum2.snv.bam	809635352-tonguedorsum1.snv.bam	861967750-tonguedorsum1.snv.bam	861967750-tonguedorsum2.snv.bam	863126187-tonguedorsum3.snv.bam	953045535-tonguedorsum2.snv.bam
103092734-palatinetonsils3.snv.bam	0.0	0.176563510037	0.188201824242	0.176905864632	0.198517941299	0.186262794403	0.218061646316	0.193441882734	0.154303788426	0.193717826432	0.204727213386	0.198299795732	0.170645651258	0.177843744546	0.175509697836	0.190165787504	0.176089941744	0.156617269872	0.167750122836	0.186324158934	0.191350731605	0.118924743286	0.188175051866	0.188290697866	0.156301141487	0.183152927153	0.159351982692	0.17609346166	0.166661652729	0.189281181379	0.176490215694	0.181953143268	0.198534265989	0.178908701867	0.169705656052	0.198948437637	0.166076778272	0.21016449781	0.221273033307	0.161954863201	0.140318253097	0.136332655063	0.15441042699	0.19696213193	0.138382730231	0.184469156558	0.172830038886	0.171657375259	0.172629531257	0.179212462846	0.0059379678576	0.174099383897	0.176230395169	0.175477610003	0.184637230326	0.135985120264	0.126755499818	0.126039519676	0.200677164101	0.220378059417	0.176046705353	0.139505048537	0.139290294813	0.166125794445	0.163437817823	0.152422340425	0.186098891471	0.17999412132	0.0798185019898	0.184136706967	0.187813742181	0.150962257218	0.167121621384	0.175472144029	0.170661758685	0.170242950728	0.166063190166	0.197446719314	0.203284888583	0.176142496008	0.140291606245	0.159835597925	0.163397865336	0.18043097631	0.172060981259	0.18455582372	0.167122024556	0.201869770235	0.181869322139	0.177795543634	0.141657731426	0.181048841847
158337416-tonguedorsum1.snv.bam	0.176563510037	0.0	0.0897628215756	0.183241341473	0.217317548218	0.201356721156	0.171127059275	0.192575650795	0.163507652024	0.217639742366	0.237699595285	0.23208149988	0.198609497182	0.211089675679	0.167203137554	0.191347565123	0.205363736524	0.21295061691	0.153585449565	0.178765038144	0.171057468027	0.161882618057	0.223606354406	0.209053408481	0.192628203211	0.202799392164	0.128898402611	0.171732674932	0.134230014782	0.163911333362	0.162747168304	0.17618785925	0.236552978872	0.175163586705	0.189069507668	0.216808371638	0.169607638716	0.223696096416	0.229566662853	0.160763364561	0.225217926902	0.217924238041	0.167261565883	0.20109362989	0.16310866597	0.193132096173	0.179026813291	0.152254255894	0.151072307957	0.166685560271	0.175756479106	0.185409948094	0.154228719741	0.206084967289	0.170118989293	0.142971193193	0.137473091516	0.142663976406	0.200254394167	0.183608110178	0.238133486642	0.184629762695	0.248590316618	0.147148807756	0.175769825814	0.168458355966	0.187911650377	0.1786818374	0.155107426413	0.157973947364	0.160021115057	0.160298922224	0.160743850331	0.176483634938	0.187267806978	0.163988852965	0.150261603515	0.218445140184	0.224146353456	0.153415892732	0.214158428784	0.075754294163	0.12368073067	0.119759862154	0.115693547413	0.223348645337	0.20837872738	0.186592238307	0.164107530421	0.15381788913	0.174437372464	0.189908982251
158337416-tonguedorsum2.snv.bam	0.188201824242	0.0897628215756	0.0	0.200349324237	0.210797332005	0.216603013457	0.141829567248	0.200428714484	0.183422166275	0.253247626144	0.256162861726	0.249477610949	0.217968387675	0.23011276827	0.183237023168	0.22362203454	0.209618708116	0.229346337691	0.168105886985	0.197692551685	0.195442245965	0.179184383753	0.233994519517	0.219281442634	0.207773732457	0.21942561081	0.14090787253	0.192007124296	0.152888777429	0.188787118511	0.181391491298	0.194343586468	0.216417581276	0.167337086697	0.196070402854	0.215160540046	0.178640959296	0.258748564782	0.2345628711	0.191360241095	0.23362622932	0.22618610724	0.172967534804	0.21711519579	0.163184894651	0.189864673877	0.180661051273	0.172045296495	0.167090398587	0.176753096238	0.187685473086	0.21380324054	0.197136896546	0.206193395364	0.171496557561	0.159751210772	0.156125064783	0.157510038736	0.217110082079	0.196207005734	0.245399466444	0.217886198382	0.26492756848	0.165875762972	0.186900774228	0.180478062623	0.198824996134	0.194557762153	0.160480432613	0.144907832898	0.143827492461	0.168844976185	0.167608699194	0.180442676567	0.207758745462	0.179804096989	0.127096016034	0.213232364111	0.241837689402	0.169794001858	0.223627872356	0.166530486968	0.140840452004	0.0924644749108	0.0861038104403	0.230181890965	0.222769420169	0.216676832463	0.147151374524	0.152930124597	0.159141086319	0.193042953771
158479027-tonguedorsum1.snv.bam	0.176905864632	0.183241341473	0.200349324237	0.0	0.11500930961	0.184413598545	0.193647287833	0.165721353601	0.156232889797	0.184266810044	0.186306010213	0.180162220037	0.134199932953	0.144067766611	0.117444720206	0.189699741649	0.20464703089	0.175594689866	0.176375215935	0.137669596617	0.144133429012	0.161805475461	0.157889159093	0.141352601738	0.143128064501	0.154005999228	0.162162413903	0.183981499188	0.131401373563	0.114570920537	0.135691851555	0.161980899787	0.196705561858	0.188593658386	0.151320488121	0.155024466157	0.154930012605	0.185777703559	0.188249001682	0.158957581999	0.158728491839	0.154588299952	0.144787637495	0.195957305082	0.149296269632	0.210702359482	0.187824002312	0.13037737818	0.141697241531	0.142445173212	0.17782195763	0.134878410443	0.137459122076	0.147156924362	0.145551326668	0.156072203663	0.151707855219	0.162029946727	0.180749504156	0.183214322906	0.172965139052	0.153087488032	0.209209564483	0.12739812781	0.145982264203	0.16909144917	0.125255736579	0.13307777652	0.161029305337	0.188273962778	0.194825026789	0.188421360621	0.134300090528	0.138625269409	0.151104047113	0.181551845512	0.166024865358	0.205184042884	0.174172701247	0.156166180564	0.176200310955	0.192176792863	0.164880441093	0.183857217848	0.175934214517	0.154191107417	0.172685872496	0.187337751278	0.195858849208	0.175034765889	0.192023412149	0.13697489684
158479027-tonguedorsum2.snv.bam	0.198517941299	0.217317548218	0.210797332005	0.11500930961	0.0	0.226781894926	0.215626578622	0.193800003113	0.200001003834	0.202806010654	0.206990238076	0.203675385466	0.181705497297	0.209851732015	0.175440678033	0.214937194561	0.234584969581	0.201434846954	0.198655004159	0.207249670184	0.215727608476	0.191747464049	0.213156142344	0.200286430472	0.182434550225	0.202860440924	0.190571294547	0.196919492135	0.184226747679	0.180651014064	0.174722254894	0.204186888364	0.194577856662	0.21925826258	0.17481480008	0.210321786092	0.174371419985	0.226424294677	0.219707053746	0.200224423463	0.161992685837	0.152441257172	0.19017268298	0.237602074094	0.19219101005	0.239994979739	0.223342747143	0.161852236648	0.164474830421	0.19219585588	0.194372163298	0.128435885161	0.134493136651	0.194795091392	0.196693654128	0.180153769037	0.176078651695	0.188863056443	0.190108920483	0.192244734753	0.119726433896	0.191945139936	0.202353906904	0.177418794495	0.200004554586	0.21330073253	0.172106262555	0.147860931543	0.163671132197	0.19732241136	0.200362460445	0.2000805502	0.180636166905	0.193611079174	0.171739205975	0.208666223908	0.183326710112	0.217683644777	0.143983823508	0.193834234474	0.15744760229	0.219853886819	0.189712608057	0.196194754955	0.187991042161	0.198944633871	0.220314460858	0.199650817732	0.194885854542	0.188938363617	0.192723803634	0.194986438003
158883629-tonguedorsum1.snv.bam	0.186262794403	0.201356721156	0.216603013457	0.184413598545	0.226781894926	0.0	0.145351065956	0.16895269576	0.129090442991	0.188499484404	0.18696836791	0.180157708254	0.162252280855	0.177659974791	0.184951241776	0.162300717103	0.24705601674	0.154804500333	0.205081137451	0.178623873546	0.183180494675	0.193083920279	0.195873777308	0.18930793982	0.158749634572	0.150867776835	0.181123462665	0.169266662718	0.171493051697	0.179551776	0.182481584244	0.159297211672	0.180264103726	0.194762889284	0.158489421066	0.204125067415	0.199821882506	0.193582461307	0.208401619293	0.183464360857	0.158530777623	0.162324365836	0.167607598194	0.196193761471	0.186301271398	0.207249960387	0.198204135573	0.194203661323	0.197187533593	0.175519346135	0.187523261498	0.202866018132	0.190272023895	0.179674359908	0.179572311182	0.198580709967	0.201906093772	0.207737897703	0.176898663966	0.213191766705	0.229753060757	0.165592979352	0.158100362323	0.182708428925	0.187341635875	0.188681354538	0.168975105291	0.182666369853	0.207466967088	0.22550835669	0.231970909343	0.209615939281	0.176218036286	0.174812757108	0.14214486181	0.197861837895	0.190357975504	0.209625582994	0.203946572287	0.156048357649	0.200303357643	0.207410125922	0.188007648098	0.217212303098	0.207130340223	0.15523743243	0.175369503335	0.192630617163	0.233462843362	0.22015850921	0.212948446733	0.186735452545
158883629-tonguedorsum3.snv.bam	0.218061646316	0.171127059275	0.141829567248	0.193647287833	0.215626578622	0.145351065956	0.0	0.207796806933	0.179314402467	0.190838829726	0.204833135301	0.200427011395	0.183791835732	0.194036721202	0.183375511352	0.211771089678	0.238357956557	0.196670429813	0.198204015833	0.188816695501	0.19076266907	0.184300572438	0.22588040623	0.218174589468	0.178305135428	0.192816795066	0.162771877324	0.173938125888	0.18303479525	0.179688030431	0.169100095963	0.165533157113	0.213672879114	0.191953713951	0.202345404322	0.211266094416	0.18756976954	0.226500881033	0.221937593878	0.181666995811	0.201297080894	0.199116801545	0.167695469989	0.219339973126	0.178861249197	0.210153844984	0.201080925343	0.186682163887	0.194543159758	0.184380372252	0.218013856496	0.215334055086	0.197442551208	0.204823462446	0.172759162165	0.184981525856	0.183093058101	0.192197043379	0.20903422798	0.186539979889	0.221911042796	0.200814923995	0.236044178445	0.176247555276	0.193668029854	0.215757130324	0.193971765104	0.190785292009	0.199756355538	0.202629274598	0.203044871582	0.224828250001	0.178942476875	0.184938641126	0.179064335146	0.174339887794	0.185043561599	0.212370739973	0.222235473164	0.163432896471	0.193993841982	0.205516761637	0.178792357833	0.18755317189	0.178038604006	0.192706006657	0.195998482899	0.205261890888	0.213240940292	0.199666278971	0.194091988227	0.189647797307
158944319-tonguedorsum1.snv.bam	0.193441882734	0.192575650795	0.200428714484	0.165721353601	0.193800003113	0.16895269576	0.207796806933	0.0	0.176553944621	0.172153181675	0.196643850023	0.191026500182	0.164439349086	0.14882153392	0.170848605556	0.194148973304	0.251904554241	0.2232379657	0.19252866112	0.170754820492	0.17704491613	0.188284228618	0.172168060265	0.15892820574	0.177872732899	0.175648817817	0.170980380586	0.182596427605	0.150831478104	0.16044857224	0.15104833258	0.178055568787	0.192801459292	0.198949776792	0.0215785722058	0.158269666354	0.151652994993	0.200523636855	0.194098753442	0.178162210413	0.192339068965	0.187312541578	0.185207743736	0.214734649453	0.186211211394	0.214852125887	0.208708338217	0.150043610553	0.149385679735	0.184036652954	0.194290585761	0.194246570385	0.182096375832	0.13549694955	0.171159149273	0.179174258544	0.179506432376	0.187894152932	0.183305957765	0.210418496639	0.210596767497	0.196457932348	0.219249808634	0.166144174942	0.187040294292	0.185546208945	0.139911190375	0.163763601256	0.184497973241	0.213844561409	0.22374845751	0.195928636954	0.192902033469	0.15168944481	0.17584227181	0.190625939587	0.169219964937	0.217617562882	0.192199492573	0.165304074748	0.202512631752	0.184171120115	0.169175651196	0.173929210097	0.167201516327	0.16527782976	0.205319385598	0.18683241785	0.224054939881	0.210440074813	0.20252844967	0.153783695536
159005010-tonguedorsum2.snv.bam	0.154303788426	0.163507652024	0.183422166275	0.156232889797	0.200001003834	0.129090442991	0.179314402467	0.176553944621	0.0	0.183626890401	0.186225302902	0.178022127963	0.148231710737	0.178582589012	0.164773539043	0.146243966405	0.219570862798	0.168163109583	0.188227352534	0.175885967875	0.17876322614	0.163033933438	0.193618357967	0.188406689988	0.174029730602	0.154983134073	0.163613781213	0.13941719793	0.145023177372	0.163200599909	0.164817164307	0.158712498615	0.187321962427	0.195684591752	0.162624105652	0.208477815474	0.185757065098	0.200978422079	0.205399813974	0.174564434435	0.159089467368	0.159465386535	0.164207155016	0.207537954521	0.177723651011	0.204266107372	0.203142436828	0.174917316954	0.177149586281	0.156843203107	0.156144036736	0.15640580307	0.151922250874	0.187317696461	0.184571199643	0.146223132088	0.142530479851	0.152197774817	0.16412170427	0.193387027287	0.214007896538	0.159963394464	0.180440515088	0.168687764035	0.174778211846	0.164693570839	0.159440150771	0.155014779045	0.144421436716	0.200092851443	0.207507887105	0.168184360751	0.167832999261	0.1685438087	0.150998421958	0.175221405028	0.151692774163	0.206589307756	0.186660607295	0.147862859369	0.185658469781	0.171033338952	0.173664853554	0.18870538096	0.176971859456	0.175691732143	0.173122576495	0.165269447268	0.20746851252	0.195508009918	0.194534376103	0.187798393709
159227541-tonguedorsum3.snv.bam	0.193717826432	0.217639742366	0.253247626144	0.184266810044	0.202806010654	0.188499484404	0.190838829726	0.172153181675	0.183626890401	0.0	0.147673154477	0.147375723991	0.142883006124	0.162646969751	0.195981793107	0.188088804765	0.225216602534	0.210731598385	0.21347421517	0.188462567587	0.195756569399	0.208771041953	0.199259502321	0.192592337668	0.159156975641	0.158066490205	0.176939538084	0.199581039312	0.201172712544	0.186177994603	0.178860858123	0.17081289911	0.200631807845	0.20648658295	0.151892655862	0.200803690698	0.179213755273	0.203725290018	0.217061849838	0.167565443495	0.17359916741	0.173094746982	0.182912280063	0.219880733576	0.182118066264	0.219998234889	0.208855783035	0.200757831272	0.207834716967	0.168274745174	0.196458607656	0.194329374783	0.176213379099	0.196977259949	0.203142655713	0.187765555784	0.180973323792	0.198501007182	0.17753920112	0.203678675333	0.19818862635	0.182500937325	0.198726831875	0.190293466171	0.213237119345	0.167220933748	0.196816538772	0.1965841701	0.201461894381	0.230278291087	0.235897299995	0.224592052836	0.186835015059	0.175922373407	0.171138714409	0.207080176181	0.209080953435	0.219712281149	0.200874015544	0.180883465983	0.158257958297	0.188720237967	0.174998281202	0.219639758243	0.207742318761	0.17741207533	0.194887350512	0.189804328595	0.235820799153	0.216932445995	0.22392018572	0.18999401751
159268001-tonguedorsum1.snv.bam	0.204727213386	0.237699595285	0.256162861726	0.186306010213	0.206990238076	0.18696836791	0.204833135301	0.196643850023	0.186225302902	0.147673154477	0.0	0.0291470871771	0.08179729787	0.19167826338	0.19211521022	0.183361824901	0.213172947539	0.191160787355	0.213055754281	0.191544683938	0.201048572954	0.200243976757	0.211983080535	0.208022179931	0.164236755163	0.175396356324	0.180842251603	0.188319472782	0.19809765081	0.176339939538	0.175243685026	0.157963931478	0.194457228675	0.215380972696	0.175845418013	0.216254840313	0.164301198357	0.202765539857	0.225720438526	0.176987339293	0.161568858989	0.160829874801	0.16739315937	0.206497555528	0.177183567022	0.218314567663	0.212349934859	0.185408210233	0.185504224603	0.165853125991	0.205771227537	0.184373491046	0.188225307505	0.192763900261	0.195782320036	0.196241385419	0.19809614609	0.211851416065	0.130572280823	0.213267308355	0.200339477478	0.171847612501	0.180218660228	0.188674764562	0.198414784804	0.192614316588	0.188437151221	0.176690666446	0.196370135595	0.234625046458	0.242186616731	0.211404841983	0.180543306863	0.186831806932	0.1541233385	0.177403509443	0.210396954565	0.213866194105	0.174300450266	0.154705558409	0.169023967574	0.22131231145	0.189897429102	0.232698443247	0.219630896108	0.166298845639	0.180676371381	0.22047220209	0.23973503742	0.21837100002	0.211421075539	0.19604510634
159268001-tonguedorsum2.snv.bam	0.198299795732	0.23208149988	0.249477610949	0.180162220037	0.203675385466	0.180157708254	0.200427011395	0.191026500182	0.178022127963	0.147375723991	0.0291470871771	0.0	0.0726256733197	0.18923649929	0.190581429298	0.173695912853	0.21252584935	0.191731373063	0.209433930629	0.18923992951	0.19713737891	0.195009560299	0.207663411263	0.203933484953	0.157833521137	0.168072627603	0.17118958254	0.180147219907	0.192563743101	0.172143255074	0.172748515318	0.154188000931	0.192484546428	0.211461694512	0.169845510227	0.211847673057	0.160286149695	0.201138173147	0.2290969851	0.174022501956	0.155472790023	0.1544275701	0.160765936339	0.204222135252	0.173828555181	0.216139949987	0.210640431903	0.181206924419	0.1804892499	0.1620286963	0.199650183952	0.174838748121	0.181987166569	0.186623756219	0.192561477323	0.195407619555	0.196225810279	0.209720931718	0.125825254973	0.211463175666	0.198205773694	0.168188035137	0.180290504787	0.182277870614	0.190956926371	0.186519065613	0.18402839225	0.172610972496	0.191545871446	0.233211939131	0.240505607902	0.204482548799	0.17771560457	0.184642680285	0.147206411567	0.169723283087	0.204748422099	0.208310745514	0.174036827492	0.146857211789	0.16550647955	0.215838369292	0.184574054073	0.228843720468	0.215382145128	0.162669778538	0.173511047254	0.214667664688	0.239076060102	0.218184211447	0.208513642796	0.190526873756
159268001-tonguedorsum3.snv.bam	0.170645651258	0.198609497182	0.217968387675	0.134199932953	0.181705497297	0.162252280855	0.183791835732	0.164439349086	0.148231710737	0.142883006124	0.08179729787	0.0726256733197	0.0	0.15150722101	0.146094585708	0.152805075255	0.192399181478	0.16713814444	0.177758340008	0.14624424197	0.153908906877	0.164158988613	0.174564292087	0.165768035594	0.136546733681	0.140814248001	0.144960317151	0.158192049231	0.149183986336	0.131294578268	0.138395193173	0.130179381598	0.179116462789	0.182330946434	0.143868369229	0.174669774566	0.138739277466	0.172602534216	0.199583731662	0.142178794958	0.142942374474	0.13927371491	0.132109133055	0.169869202583	0.14564528103	0.191057226954	0.179941029025	0.146197750329	0.149575722973	0.125977063365	0.172935867071	0.149914510102	0.152410624289	0.149458985927	0.154680288152	0.163731535555	0.163439534543	0.177693180562	0.133628621656	0.187771665684	0.183341665219	0.138901145092	0.178173040577	0.149160697362	0.158549904518	0.155386763739	0.144259884714	0.140296700854	0.164844892497	0.200399982972	0.209202135997	0.170453088236	0.148300038572	0.145168050346	0.130095848824	0.145581741167	0.17535245768	0.188810015009	0.157604601875	0.124767369276	0.160148399287	0.188055159979	0.157631811209	0.198169633645	0.18443963212	0.129239466747	0.147967163022	0.185635128204	0.208050102868	0.185951295406	0.180572893597	0.151602065296
159470302-tonguedorsum1.snv.bam	0.177843744546	0.211089675679	0.23011276827	0.144067766611	0.209851732015	0.177659974791	0.194036721202	0.14882153392	0.178582589012	0.162646969751	0.19167826338	0.18923649929	0.15150722101	0.0	0.155674425657	0.195911582169	0.213249360152	0.190869511258	0.204941689141	0.122300999653	0.132921732892	0.187413365722	0.133489634441	0.12103026537	0.148194104685	0.160332856817	0.18209753315	0.188075873953	0.157151069573	0.127055742199	0.14219426794	0.16533790511	0.197467437031	0.201933960505	0.140982842383	0.0976733544531	0.16508539015	0.180923369942	0.178916695492	0.155335459103	0.180465990624	0.179683039712	0.169249136286	0.202575088139	0.171175608074	0.216068984702	0.204967590532	0.154923172926	0.171046370134	0.163365846948	0.180028597747	0.20028674493	0.185949046266	0.113564934139	0.148874479323	0.16954665476	0.167596995177	0.177871313519	0.186154953163	0.211983262262	0.213929571488	0.175190223767	0.195110812752	0.155151755647	0.154376308659	0.179805461481	0.132318175822	0.1643208382	0.179237555366	0.217385423956	0.226046806234	0.207475398943	0.180993641601	0.116927872805	0.169630972353	0.193432959154	0.192078475954	0.217954227362	0.199267418213	0.17087491004	0.185638373515	0.197628296097	0.186511626178	0.211759280018	0.202721956112	0.141581691859	0.182302486359	0.193282162985	0.226968689552	0.205634412257	0.224199918419	0.102464228437
159490532-tonguedorsum1.snv.bam	0.175509697836	0.167203137554	0.183237023168	0.117444720206	0.175440678033	0.184951241776	0.183375511352	0.170848605556	0.164773539043	0.195981793107	0.19211521022	0.190581429298	0.146094585708	0.155674425657	0.0	0.196845926752	0.191298039018	0.173591816043	0.13912470094	0.133022452733	0.129156061676	0.161399258302	0.172036923275	0.152548103301	0.157264946806	0.167042854186	0.135348690329	0.18442627699	0.130901110475	0.112556293427	0.126281195104	0.151766224243	0.213220157973	0.16179612446	0.163257901543	0.165275386693	0.142074874638	0.176617811817	0.170695122957	0.140964992635	0.181356088664	0.17478704287	0.127027489165	0.164893148652	0.132676078045	0.182644341861	0.164413381853	0.127786141347	0.133694777348	0.130648549139	0.179334657145	0.171049439556	0.165562700126	0.141606233419	0.112348381692	0.158634584311	0.15714478336	0.16350125518	0.193151888503	0.16649703357	0.193577492047	0.156502894363	0.226710663672	0.10837526394	0.133338543372	0.151827428076	0.135063414625	0.151733608147	0.163073333423	0.1516952001	0.159568216712	0.172798549464	0.118672709644	0.119271605393	0.166655799803	0.143829200288	0.170954061904	0.181679450772	0.194104364575	0.145133034571	0.192526251003	0.181970537013	0.152050690952	0.17197593678	0.165344458593	0.16279246129	0.16096946413	0.180993002791	0.159347974793	0.139894358054	0.1641385944	0.135630825218
159571453-tonguedorsum2.snv.bam	0.190165787504	0.191347565123	0.22362203454	0.189699741649	0.214937194561	0.162300717103	0.211771089678	0.194148973304	0.146243966405	0.188088804765	0.183361824901	0.173695912853	0.152805075255	0.195911582169	0.196845926752	0.0	0.243977330827	0.179716368276	0.220434935807	0.194363788441	0.202816631875	0.184944388741	0.204631872047	0.199039447853	0.179009095745	0.170554601141	0.185022392466	0.136996053543	0.170927288375	0.19309854089	0.185183183431	0.163866114183	0.185331018653	0.223991312838	0.177486177273	0.226221054156	0.184330123014	0.193376031874	0.235221320313	0.17779447551	0.166489353223	0.163948577559	0.184984735101	0.234679647222	0.198577741045	0.233566247196	0.233579116976	0.183788868937	0.184591784226	0.167128040333	0.190277011928	0.162827951467	0.147014210504	0.206868066015	0.216334959498	0.179186771286	0.171376042952	0.183863096927	0.131162162529	0.199470269573	0.220295501547	0.175831790606	0.162588868376	0.195911385884	0.201501606371	0.187607411412	0.181675914264	0.164802793447	0.177461620731	0.218117526249	0.222543999461	0.172821494906	0.191396984576	0.194638800487	0.152206639422	0.211693173215	0.190152221937	0.23288351631	0.164041472387	0.14819233475	0.194358342954	0.173647939855	0.198514504519	0.220187366953	0.206987201404	0.176907773982	0.191674414921	0.145187109431	0.221781593948	0.209250644756	0.225255229831	0.211814016648
159591683-supragingivalplaque1.snv.bam	0.176089941744	0.205363736524	0.209618708116	0.20464703089	0.234584969581	0.24705601674	0.238357956557	0.251904554241	0.219570862798	0.225216602534	0.213172947539	0.21252584935	0.192399181478	0.213249360152	0.191298039018	0.243977330827	0.0	0.19267942901	0.190016804752	0.201877377509	0.21042005728	0.193926431836	0.227302309673	0.220317635193	0.186396957932	0.214455979482	0.157553448805	0.215193273091	0.19756766773	0.199455107478	0.193946118354	0.205644084114	0.236016090312	0.196101968963	0.229751089249	0.222526869552	0.185997839096	0.217665061822	0.226314655427	0.194328669921	0.209025899008	0.196951042215	0.163354275363	0.169039170236	0.169494514836	0.202036865659	0.189083813738	0.196203739631	0.200386658237	0.188078711721	0.17378274806	0.198200502892	0.209320343838	0.196477835387	0.187548922175	0.163675070221	0.16131974765	0.170125703155	0.231245576138	0.220608310211	0.239929908262	0.164873967422	0.241170844078	0.161255043769	0.181488916505	0.188505759025	0.205849428099	0.204678348501	0.165673007197	0.180661437583	0.186427060583	0.183370012276	0.177614490263	0.19346057301	0.229693456266	0.172042450434	0.191060636465	0.197617655049	0.234515749539	0.194582634811	0.208905357146	0.208920264591	0.170825467607	0.20594605002	0.198630261489	0.198166345813	0.176461578189	0.237457546951	0.186073730151	0.184701948978	0.199133914788	0.200947317635
159591683-tonguedorsum2.snv.bam	0.156617269872	0.21295061691	0.229346337691	0.175594689866	0.201434846954	0.154804500333	0.196670429813	0.2232379657	0.168163109583	0.210731598385	0.191160787355	0.191731373063	0.16713814444	0.190869511258	0.173591816043	0.179716368276	0.19267942901	0.0	0.201838285732	0.188782719272	0.192847144563	0.17586120895	0.19977039664	0.195689742125	0.166596200677	0.182770956607	0.185124138819	0.169067543937	0.191488133538	0.181894729333	0.19039600661	0.154968108483	0.210962225285	0.216862665046	0.207961571723	0.21765297355	0.192901774216	0.207224612696	0.231502854354	0.181841872593	0.156665060555	0.153821502678	0.146922439708	0.206964245909	0.156961396686	0.204994654526	0.189396925911	0.178832317643	0.180752422696	0.147471195984	0.154588218751	0.168859940927	0.167084461115	0.198315315524	0.176538289878	0.19143442864	0.185125324898	0.197106133963	0.177606423775	0.209748423852	0.184505039974	0.112920241331	0.101038620154	0.17260158047	0.173171986683	0.178936393607	0.183055148627	0.175265374662	0.173046901563	0.208043119029	0.211116400277	0.194204682715	0.166610748299	0.183239889807	0.157986108073	0.187245336129	0.196901731109	0.200260200268	0.171598494348	0.15364140529	0.172792083855	0.210091179834	0.196227492962	0.234147180695	0.221718193408	0.173211369588	0.155665258743	0.196899900351	0.20863512568	0.197684584024	0.197374738098	0.192087672287
159733294-tonguedorsum1.snv.bam	0.167750122836	0.153585449565	0.168105886985	0.176375215935	0.198655004159	0.205081137451	0.198204015833	0.19252866112	0.188227352534	0.21347421517	0.213055754281	0.209433930629	0.177758340008	0.204941689141	0.13912470094	0.220434935807	0.190016804752	0.201838285732	0.0	0.142946649128	0.137287471438	0.166276611084	0.21405464923	0.204631018406	0.181120366361	0.200349323318	0.122124707924	0.197304379494	0.158733550174	0.136459680744	0.138999286675	0.155118909114	0.240341176193	0.0625443293148	0.189035233804	0.212980263537	0.131569651413	0.205535474642	0.227250495312	0.163721597818	0.193313047658	0.185641853654	0.142284084058	0.15799660111	0.117194962099	0.0861295716228	0.0832381994066	0.127166319801	0.127120491622	0.158429134439	0.1678040676	0.190774413515	0.187515980497	0.188182947813	0.140785220558	0.170901342591	0.166946444003	0.175538518824	0.209446901112	0.17288967845	0.204187205787	0.167206853186	0.240800548544	0.123336845173	0.166943793496	0.148595745089	0.183336584645	0.177136257739	0.164705716595	0.136026443326	0.137225200258	0.145755493033	0.126371683703	0.164521034254	0.191444690936	0.119784559854	0.165402828328	0.172506701938	0.190393013255	0.146723382158	0.181159693268	0.167886833536	0.129541195728	0.145083842117	0.139862231218	0.212082650337	0.188261948146	0.207144743395	0.133359057048	0.133639142872	0.124882343842	0.177252563945
159814214-tonguedorsum1.snv.bam	0.186324158934	0.178765038144	0.197692551685	0.137669596617	0.207249670184	0.178623873546	0.188816695501	0.170754820492	0.175885967875	0.188462567587	0.191544683938	0.18923992951	0.14624424197	0.122300999653	0.133022452733	0.194363788441	0.201877377509	0.188782719272	0.142946649128	0.0	0.034562545793	0.185963343236	0.169459720928	0.15196118897	0.171003887357	0.182778275452	0.15562780879	0.189100307377	0.143087773102	0.121311184332	0.125319187792	0.14462534175	0.213707747417	0.143270513536	0.15837022879	0.141954254797	0.149099157448	0.182210753163	0.187186315109	0.155705415564	0.200391949301	0.197525749904	0.146251944607	0.182385499374	0.145197531877	0.16444518006	0.143961707693	0.132690745206	0.139705547385	0.148745219502	0.187258496811	0.202152240001	0.189730647838	0.138175659024	0.118462204586	0.179697403809	0.176827197156	0.185931745074	0.189579645414	0.191652904942	0.216546050059	0.177108187437	0.223325537966	0.134608595851	0.148681830581	0.174032213317	0.145348749927	0.172013167227	0.187111121236	0.175001270255	0.178242118782	0.188753904896	0.139742301983	0.126600502198	0.16972058271	0.164369239797	0.171173900332	0.185087874357	0.204285365347	0.151044411023	0.197387733499	0.19112305376	0.156628467836	0.171980874962	0.170701096122	0.160968331197	0.182055641804	0.198607386921	0.176266523913	0.162100868401	0.189744755596	0.122823443966
159814214-tonguedorsum2.snv.bam	0.191350731605	0.171057468027	0.195442245965	0.144133429012	0.215727608476	0.183180494675	0.19076266907	0.17704491613	0.17876322614	0.195756569399	0.201048572954	0.19713737891	0.153908906877	0.132921732892	0.129156061676	0.202816631875	0.21042005728	0.192847144563	0.137287471438	0.034562545793	0.0	0.186905977435	0.173558556597	0.156949786361	0.177886394249	0.188258072292	0.158955063586	0.196505230568	0.146179870333	0.120919790668	0.128729145638	0.148603382282	0.224758118997	0.142838104856	0.171664798196	0.152438269648	0.153511780213	0.184218998388	0.191207130205	0.155850079911	0.205510151907	0.203139168142	0.144359866888	0.17984677735	0.148269019503	0.1676905272	0.145874143171	0.133740018577	0.139115048944	0.149014951255	0.191895727019	0.207511404241	0.193879954237	0.147923752738	0.121026299121	0.18065488293	0.17778336047	0.186027621335	0.199553498761	0.193810872341	0.222783911237	0.176723451884	0.232460493174	0.12779184168	0.15291612663	0.177000564783	0.152129957644	0.176788953582	0.191593954132	0.179111131367	0.181654455699	0.195146255562	0.140765431106	0.128993163499	0.175331793211	0.166018521394	0.178274984125	0.187348973672	0.2154766229	0.149755315702	0.203162571348	0.192402647844	0.161182196758	0.175256136847	0.173204607356	0.167736257066	0.181013396275	0.204980829035	0.179224965116	0.164125268213	0.191461822964	0.130722487636
159915365-tonguedorsum1.snv.bam	0.118924743286	0.161882618057	0.179184383753	0.161805475461	0.191747464049	0.193083920279	0.184300572438	0.188284228618	0.163033933438	0.208771041953	0.200243976757	0.195009560299	0.164158988613	0.187413365722	0.161399258302	0.184944388741	0.193926431836	0.17586120895	0.166276611084	0.185963343236	0.186905977435	0.0	0.20247667717	0.196527364619	0.120866923505	0.131186396558	0.151123575447	0.175259216899	0.141495345677	0.159603241696	0.146923469657	0.151156862124	0.221641259865	0.177120474295	0.185282181721	0.20420202908	0.154083403614	0.210890161584	0.223966169815	0.149588577853	0.158977954501	0.155004523184	0.145454648715	0.194873095171	0.125194864247	0.181205081897	0.169565541961	0.168088506631	0.161786397049	0.157381087344	0.121791286071	0.169526265568	0.162979274523	0.189763902557	0.17792009622	0.100807586217	0.100417805301	0.098694948864	0.192108163788	0.197670345508	0.177285556184	0.147363888773	0.202196365161	0.155584518644	0.158610499341	0.1522864849	0.175397608829	0.163881602935	0.103839272448	0.183994059772	0.19013655448	0.154485478882	0.153645793549	0.165700956013	0.16441636588	0.14787694644	0.156757217439	0.202627786277	0.197772280893	0.144550823037	0.153777698466	0.161312289563	0.160155634216	0.168621601433	0.156473478499	0.171132697261	0.164320270491	0.194215272362	0.191490064813	0.167478128595	0.151069840476	0.177874321779
160158126-tonguedorsum1.snv.bam	0.188175051866	0.223606354406	0.233994519517	0.157889159093	0.213156142344	0.195873777308	0.22588040623	0.172168060265	0.193618357967	0.199259502321	0.211983080535	0.207663411263	0.174564292087	0.133489634441	0.172036923275	0.204631872047	0.227302309673	0.19977039664	0.21405464923	0.169459720928	0.173558556597	0.20247667717	0.0	0.0350613829507	0.189127888511	0.196974904678	0.187652283023	0.211231725651	0.165672682347	0.152024172017	0.172784724545	0.185805825657	0.202711059633	0.220386160767	0.166278237647	0.119466664011	0.185549395557	0.18607661256	0.163540553567	0.184185160294	0.189248013494	0.189879974154	0.184152981609	0.215838936045	0.182056159956	0.227393563149	0.217410034907	0.163336540696	0.171398474579	0.182044544808	0.189884006789	0.203872912125	0.196426521655	0.130675122887	0.174321772121	0.203981209767	0.197702376903	0.206218756311	0.214847772374	0.225903866121	0.209515824856	0.189937893439	0.204556179457	0.160320366642	0.144329094898	0.19381106434	0.153288350438	0.170777848219	0.19286313258	0.218892791973	0.229622588042	0.215219205538	0.180486539576	0.160749297554	0.187702393447	0.197354533357	0.200615604821	0.21621881676	0.215861546003	0.185065577732	0.20257717309	0.219682890007	0.200482595101	0.210575154201	0.202420959582	0.165265009684	0.198886057096	0.215972351615	0.225252108442	0.204307940153	0.217811738639	0.135863012336
160158126-tonguedorsum2.snv.bam	0.188290697866	0.209053408481	0.219281442634	0.141352601738	0.200286430472	0.18930793982	0.218174589468	0.15892820574	0.188406689988	0.192592337668	0.208022179931	0.203933484953	0.165768035594	0.12103026537	0.152548103301	0.199039447853	0.220317635193	0.195689742125	0.204631018406	0.15196118897	0.156949786361	0.196527364619	0.0350613829507	0.0	0.182028881649	0.189244944765	0.175531686039	0.200786851793	0.151766546463	0.135315544774	0.157080225165	0.176503848167	0.196220841806	0.209901710741	0.150143431925	0.0899113260022	0.172084509433	0.186343435373	0.158710307859	0.171240663007	0.18613687275	0.185759725466	0.173254452511	0.203042745467	0.175215085128	0.222737616575	0.21117536076	0.152224865746	0.161090719047	0.168777142478	0.188374581062	0.196976317359	0.184669463276	0.110210836607	0.153748620805	0.186405569702	0.18071977313	0.191932323567	0.208059119494	0.218386849499	0.208610521044	0.185931673912	0.205671739556	0.147471190913	0.13740317198	0.184487992757	0.137471646668	0.162877797391	0.18408408586	0.207772400121	0.218024966683	0.207061104042	0.16908511638	0.145074485763	0.179703172314	0.192870787935	0.190683845558	0.214650447998	0.206468426404	0.176939670915	0.200776474883	0.207509453611	0.189423092471	0.199016474086	0.191399706356	0.150723452285	0.187740563519	0.201024343211	0.212275572038	0.191959182379	0.216227343247	0.108718376315
160178356-tonguedorsum1.snv.bam	0.156301141487	0.192628203211	0.207773732457	0.143128064501	0.182434550225	0.158749634572	0.178305135428	0.177872732899	0.174029730602	0.159156975641	0.164236755163	0.157833521137	0.136546733681	0.148194104685	0.157264946806	0.179009095745	0.186396957932	0.166596200677	0.181120366361	0.171003887357	0.177886394249	0.120866923505	0.189127888511	0.182028881649	0.0	0.0619562954485	0.144086383912	0.186278851793	0.149313854201	0.150444496119	0.143024975034	0.145090951685	0.191837886816	0.176938276586	0.157325698947	0.182955267467	0.161505641472	0.206410548652	0.210351040484	0.153625230659	0.135433387268	0.135329616243	0.131470634745	0.187262703051	0.130812722639	0.189918257574	0.179463158019	0.167565260546	0.173470267991	0.143569717851	0.15745692091	0.15880284472	0.152248791587	0.166830312527	0.160179317732	0.13994830709	0.143385540534	0.153151603679	0.179757056961	0.200393470375	0.186812499801	0.148452183785	0.181642640943	0.143410026808	0.145216623159	0.149629500141	0.170725977095	0.159456133415	0.143683900709	0.195221651638	0.203899543989	0.17892081537	0.14819781342	0.1491939645	0.155317974734	0.166188428532	0.155972752204	0.208138951573	0.199680670435	0.145977676087	0.153590870748	0.187418348719	0.155921780293	0.184044663853	0.170541583953	0.129229095937	0.138705155238	0.199225349191	0.20442957113	0.184167405095	0.166022794002	0.164471264396
160178356-tonguedorsum3.snv.bam	0.183152927153	0.202799392164	0.21942561081	0.154005999228	0.202860440924	0.150867776835	0.192816795066	0.175648817817	0.154983134073	0.158066490205	0.175396356324	0.168072627603	0.140814248001	0.160332856817	0.167042854186	0.170554601141	0.214455979482	0.182770956607	0.200349323318	0.182778275452	0.188258072292	0.131186396558	0.196974904678	0.189244944765	0.0619562954485	0.0	0.164536307965	0.178258570138	0.162388016448	0.153551057551	0.157573713495	0.147572687269	0.193388318918	0.196180842346	0.159174370775	0.19165591362	0.177620527431	0.203573264605	0.221646483086	0.165286840266	0.151883672484	0.150021755829	0.153586181288	0.188064480203	0.155043470638	0.200238795495	0.191922043578	0.179148430998	0.181037448385	0.13981041335	0.186763542315	0.163273546091	0.155813327609	0.176520181932	0.183573750418	0.15257325196	0.155597451225	0.158934912237	0.177300410532	0.20151727956	0.200480097884	0.165700127428	0.197246391566	0.16226675484	0.167432149088	0.144079428294	0.168713379576	0.160168176429	0.158330501491	0.211552563567	0.220155868416	0.18179092976	0.165181934568	0.159990768699	0.160200115486	0.177920652865	0.157549621433	0.211151317366	0.191816265832	0.147414603883	0.177015823131	0.193370389958	0.175254516145	0.198462144441	0.186490995978	0.12569740248	0.146320141788	0.18866127555	0.220944757098	0.198685026384	0.191885682789	0.175145859546
