	TARA_056_MES_0.22-3_G.freeze11.snv.mod.fix.bam	TARA_064_MES_0.22-3_G.freeze11.snv.mod.fix.bam	TARA_065_MES_0.22-3_G.freeze11.snv.mod.fix.bam	TARA_068_MES_0.22-3_G.freeze11.snv.mod.fix.bam	TARA_070_MES_0.22-3_G.freeze11.snv.mod.fix.bam	TARA_076_MES_0.22-3_G.freeze11.snv.mod.fix.bam	TARA_078_MES_0.22-3_G.freeze11.snv.mod.fix.bam	TARA_085_MES_0.22-3_G.freeze11.snv.mod.fix.bam	TARA_098_MES_0.22-3_G.freeze11.snv.mod.fix.bam	TARA_100_MES_0.22-3_G.freeze11.snv.mod.fix.bam	TARA_102_MES_0.22-3_G.freeze11.snv.mod.fix.bam	TARA_109_MES_0.22-3_G.freeze11.snv.mod.fix.bam	TARA_110_MES_0.22-3_G.freeze11.snv.mod.fix.bam	TARA_111_MES_0.22-3_G.freeze11.snv.mod.fix.bam	TARA_122_MES_0.22-3_G.freeze11.snv.mod.fix.bam	TARA_132_MES_0.22-3_G.freeze11.snv.mod.fix.bam	TARA_133_MES_0.22-3_G.freeze11.snv.mod.fix.bam	TARA_142_MES_0.22-3_G.freeze11.snv.mod.fix.bam	TARA_145_MES_0.22-3_G.freeze11.snv.mod.fix.bam	TARA_146_MES_0.22-3_G.freeze11.snv.mod.fix.bam	TARA_149_MES_0.22-3_G.freeze11.snv.mod.fix.bam	TARA_152_MES_0.22-3_G.freeze11.snv.mod.fix.bam
TARA_056_MES_0.22-3_G.freeze11.snv.mod.fix.bam	0.0	0.00245915382752	0.00510460718744	0.00329750172327	0.00176984555769	0.00469474821618	0.0063341841012	0.0126124783427	0.00352106116214	0.023324701455	0.0028317528923	0.0269575423366	0.00970620563742	0.00473200812266	0.000372599064776	0.00387503027367	0.000558898597165	0.0147921828716	0.00355832106861	0.0203252789835	0.0103023641411	0.007489241202
TARA_064_MES_0.22-3_G.freeze11.snv.mod.fix.bam	0.00245915382752	0.0	0.00119231700728	0.000540268643926	0.00290627270526	0.00245915382752	0.00109916724109	0.0165620284293	0.000577528550403	0.024107159491	0.00430351919817	0.0265290534121	0.0113829014289	0.00586843527023	0.00229148424837	0.000577528550403	0.0025895635002	0.0140283547888	0.0021610745757	0.0172513366991	0.00719116195018	0.00195614509008
TARA_065_MES_0.22-3_G.freeze11.snv.mod.fix.bam	0.00510460718744	0.00119231700728	0.0	0.000819717942508	0.00616651452205	0.0063341841012	0.00486241779533	0.0229148424837	0.00122957691376	0.0182759841273	0.00327887177003	0.0147921828716	0.0070048624178	0.00296216256497	0.00329750172327	0.00102464742813	0.00870018816253	0.00480652793561	0.00562624587812	0.00730294166962	0.00206792480951	0.000503008737448
TARA_068_MES_0.22-3_G.freeze11.snv.mod.fix.bam	0.00329750172327	0.000540268643926	0.000819717942508	0.0	0.00176984555769	0.00102464742813	0.00121094696052	0.0152579317026	0.00078245803603	0.0234551111277	0.0038377703672	0.024498388509	0.0100788047022	0.00503008737448	0.00171395569797	0.000149039625911	0.00352106116214	0.0118859101664	0.00095012761518	0.0153883413753	0.00607336475585	0.00175121560445
TARA_070_MES_0.22-3_G.freeze11.snv.mod.fix.bam	0.00176984555769	0.00290627270526	0.00616651452205	0.00176984555769	0.0	0.00173258565121	0.0035024312089	0.00879333792872	0.00428488924493	0.0274978109805	0.00549583620545	0.0317268103657	0.0137675354435	0.00856977848986	0.00147176630587	0.00298079251821	0.00122957691376	0.0192261117425	0.00109916724109	0.0240140097248	0.0129291875477	0.00944538629208
TARA_076_MES_0.22-3_G.freeze11.snv.mod.fix.bam	0.00469474821618	0.00245915382752	0.0063341841012	0.00102464742813	0.00173258565121	0.0	0.00134135663319	0.00953853605827	0.00391229018015	0.0299383348548	0.00832758909775	0.0335152858766	0.0165620284293	0.0111593419901	0.00389366022691	0.00186299532388	0.00296216256497	0.0206233582354	0.00095012761518	0.0258024852358	0.0135439760046	0.00847662872366
TARA_078_MES_0.22-3_G.freeze11.snv.mod.fix.bam	0.0063341841012	0.00109916724109	0.00486241779533	0.00121094696052	0.0035024312089	0.00134135663319	0.0	0.0135067160981	0.00199340499655	0.0315405108333	0.00875607802224	0.0377256553086	0.0186485831921	0.0113456415224	0.00564487583136	0.00143450639939	0.00359558097509	0.0234737410809	0.00208655476275	0.0286342381281	0.0147549229651	0.00648322372711
TARA_085_MES_0.22-3_G.freeze11.snv.mod.fix.bam	0.0126124783427	0.0165620284293	0.0229148424837	0.0152579317026	0.00879333792872	0.00953853605827	0.0135067160981	0.0	0.0203811688433	0.038377703672	0.0197104905267	0.0476181604784	0.0285038284554	0.0234737410809	0.0136557557241	0.0180524246884	0.00763828082792	0.0369245673193	0.00985524526333	0.0418242450211	0.031205171675	0.0253367364048
TARA_098_MES_0.22-3_G.freeze11.snv.mod.fix.bam	0.00352106116214	0.000577528550403	0.00122957691376	0.00078245803603	0.00428488924493	0.00391229018015	0.00199340499655	0.0203811688433	0.0	0.0216293757103	0.0030739422844	0.0239394899119	0.0094081263856	0.00339065148946	0.00251504368724	0.000670678316597	0.00432214915141	0.0122771391844	0.00381914041396	0.0159844998789	0.00642733386739	0.00178847551093
TARA_100_MES_0.22-3_G.freeze11.snv.mod.fix.bam	0.023324701455	0.024107159491	0.0182759841273	0.0234551111277	0.0274978109805	0.0299383348548	0.0315405108333	0.038377703672	0.0216293757103	0.0	0.00394955008663	0.00458296849675	0.00324161186355	0.00294353261173	0.020437058703	0.0258397451422	0.0250013972465	0.00935223652589	0.0284665685489	0.0105818134396	0.0111966018965	0.0189280324906
TARA_102_MES_0.22-3_G.freeze11.snv.mod.fix.bam	0.0028317528923	0.00430351919817	0.00327887177003	0.0038377703672	0.00549583620545	0.00832758909775	0.00875607802224	0.0197104905267	0.0030739422844	0.00394955008663	0.0	0.00169532574473	0.000149039625911	0.000298079251821	0.00160217597854	0.00476926802914	0.00296216256497	0.00206792480951	0.00704212232427	0.00404269985282	0.00285038284554	0.00480652793561
TARA_109_MES_0.22-3_G.freeze11.snv.mod.fix.bam	0.0269575423366	0.0265290534121	0.0147921828716	0.024498388509	0.0317268103657	0.0335152858766	0.0377256553086	0.0476181604784	0.0239394899119	0.00458296849675	0.00169532574473	0.0	0.000801087989269	0.00212381466923	0.0226167632319	0.0277586303258	0.0324906384485	0.00126683682024	0.0324161186355	0.00176984555769	0.00324161186355	0.0145686234328
TARA_110_MES_0.22-3_G.freeze11.snv.mod.fix.bam	0.00970620563742	0.0113829014289	0.0070048624178	0.0100788047022	0.0137675354435	0.0165620284293	0.0186485831921	0.0285038284554	0.0094081263856	0.00324161186355	0.000149039625911	0.000801087989269	0.0	0.000353969111538	0.00735883152933	0.0126497382492	0.011308381616	0.00288764275202	0.0153510814688	0.00398680999311	0.00359558097509	0.0081599195186
TARA_111_MES_0.22-3_G.freeze11.snv.mod.fix.bam	0.00473200812266	0.00586843527023	0.00296216256497	0.00503008737448	0.00856977848986	0.0111593419901	0.0113456415224	0.0234737410809	0.00339065148946	0.00294353261173	0.000298079251821	0.00212381466923	0.000353969111538	0.0	0.00247778378076	0.00609199470909	0.00521638690687	0.00197477504331	0.0098366153101	0.0035024312089	0.00203066490303	0.00448981873055
TARA_122_MES_0.22-3_G.freeze11.snv.mod.fix.bam	0.000372599064776	0.00229148424837	0.00329750172327	0.00171395569797	0.00147176630587	0.00389366022691	0.00564487583136	0.0136557557241	0.00251504368724	0.020437058703	0.00160217597854	0.0226167632319	0.00735883152933	0.00247778378076	0.0	0.00234737410809	0.000391229018015	0.0119790599326	0.00309257223764	0.0169718874006	0.00802950984593	0.00527227676659
TARA_132_MES_0.22-3_G.freeze11.snv.mod.fix.bam	0.00387503027367	0.000577528550403	0.00102464742813	0.000149039625911	0.00298079251821	0.00186299532388	0.00143450639939	0.0180524246884	0.000670678316597	0.0258397451422	0.00476926802914	0.0277586303258	0.0126497382492	0.00609199470909	0.00234737410809	0.0	0.00396818003987	0.0148853326378	0.00180710546417	0.0188348827244	0.00720979190342	0.0021610745757
TARA_133_MES_0.22-3_G.freeze11.snv.mod.fix.bam	0.000558898597165	0.0025895635002	0.00870018816253	0.00352106116214	0.00122957691376	0.00296216256497	0.00359558097509	0.00763828082792	0.00432214915141	0.0250013972465	0.00296216256497	0.0324906384485	0.011308381616	0.00521638690687	0.000391229018015	0.00396818003987	0.0	0.0207165080016	0.00206792480951	0.0269016524769	0.0151647819364	0.0111593419901
TARA_142_MES_0.22-3_G.freeze11.snv.mod.fix.bam	0.0147921828716	0.0140283547888	0.00480652793561	0.0118859101664	0.0192261117425	0.0206233582354	0.0234737410809	0.0369245673193	0.0122771391844	0.00935223652589	0.00206792480951	0.00126683682024	0.00288764275202	0.00197477504331	0.0119790599326	0.0148853326378	0.0207165080016	0.0	0.0187044730518	5.58898597165e-05	0.000186299532388	0.00415447957226
TARA_145_MES_0.22-3_G.freeze11.snv.mod.fix.bam	0.00355832106861	0.0021610745757	0.00562624587812	0.00095012761518	0.00109916724109	0.00095012761518	0.00208655476275	0.00985524526333	0.00381914041396	0.0284665685489	0.00704212232427	0.0324161186355	0.0153510814688	0.0098366153101	0.00309257223764	0.00180710546417	0.00206792480951	0.0187044730518	0.0	0.0237345604263	0.0122957691376	0.00778732045383
TARA_146_MES_0.22-3_G.freeze11.snv.mod.fix.bam	0.0203252789835	0.0172513366991	0.00730294166962	0.0153883413753	0.0240140097248	0.0258024852358	0.0286342381281	0.0418242450211	0.0159844998789	0.0105818134396	0.00404269985282	0.00176984555769	0.00398680999311	0.0035024312089	0.0169718874006	0.0188348827244	0.0269016524769	5.58898597165e-05	0.0237345604263	0.0	0.000279449298582	0.00611062466233
TARA_149_MES_0.22-3_G.freeze11.snv.mod.fix.bam	0.0103023641411	0.00719116195018	0.00206792480951	0.00607336475585	0.0129291875477	0.0135439760046	0.0147549229651	0.031205171675	0.00642733386739	0.0111966018965	0.00285038284554	0.00324161186355	0.00359558097509	0.00203066490303	0.00802950984593	0.00720979190342	0.0151647819364	0.000186299532388	0.0122957691376	0.000279449298582	0.0	0.00188162527712
TARA_152_MES_0.22-3_G.freeze11.snv.mod.fix.bam	0.007489241202	0.00195614509008	0.000503008737448	0.00175121560445	0.00944538629208	0.00847662872366	0.00648322372711	0.0253367364048	0.00178847551093	0.0189280324906	0.00480652793561	0.0145686234328	0.0081599195186	0.00448981873055	0.00527227676659	0.0021610745757	0.0111593419901	0.00415447957226	0.00778732045383	0.00611062466233	0.00188162527712	0.0
