	TARA_056_MES_0.22-3_G.freeze11.snv.mod.fix.bam	TARA_064_MES_0.22-3_G.freeze11.snv.mod.fix.bam	TARA_065_MES_0.22-3_G.freeze11.snv.mod.fix.bam	TARA_068_MES_0.22-3_G.freeze11.snv.mod.fix.bam	TARA_070_MES_0.22-3_G.freeze11.snv.mod.fix.bam	TARA_076_MES_0.22-3_G.freeze11.snv.mod.fix.bam	TARA_078_MES_0.22-3_G.freeze11.snv.mod.fix.bam	TARA_098_MES_0.22-3_G.freeze11.snv.mod.fix.bam	TARA_102_MES_0.22-3_G.freeze11.snv.mod.fix.bam	TARA_109_MES_0.22-3_G.freeze11.snv.mod.fix.bam	TARA_111_MES_0.22-3_G.freeze11.snv.mod.fix.bam	TARA_112_MES_0.22-3_G.freeze11.snv.mod.fix.bam	TARA_122_MES_0.22-3_G.freeze11.snv.mod.fix.bam	TARA_132_MES_0.22-3_G.freeze11.snv.mod.fix.bam	TARA_133_MES_0.22-3_G.freeze11.snv.mod.fix.bam	TARA_142_MES_0.22-3_G.freeze11.snv.mod.fix.bam	TARA_145_MES_0.22-3_G.freeze11.snv.mod.fix.bam	TARA_146_MES_0.22-3_G.freeze11.snv.mod.fix.bam	TARA_149_MES_0.22-3_G.freeze11.snv.mod.fix.bam	TARA_152_MES_0.22-3_G.freeze11.snv.mod.fix.bam
TARA_056_MES_0.22-3_G.freeze11.snv.mod.fix.bam	0.0	0.000652483391332	0.000944123695033	0.000904579247074	0.000607995887377	0.000776059791205	0.000711800063271	0.000341070863651	0.000237266687757	0.00113690287884	0.000449818095539	0.000642597279342	0.000261981967732	0.000667312559317	0.000311412527681	0.000588223663398	0.00113195982284	0.000889750079089	0.000850205631129	0.00109735843088
TARA_064_MES_0.22-3_G.freeze11.snv.mod.fix.bam	0.000652483391332	0.0	0.000548679215438	0.000642597279342	0.00083043340715	0.000637654223347	0.000355900031636	0.00036084308763	0.000622825055362	0.0014680876305	0.000845262575134	0.00043993198355	0.000756287567226	0.000459704207529	0.000958952863018	0.000642597279342	0.000795832015185	0.000825490351155	0.000731572287251	0.000667312559317
TARA_065_MES_0.22-3_G.freeze11.snv.mod.fix.bam	0.000944123695033	0.000548679215438	0.0	0.000257038911737	0.00109241537488	0.000929294527048	0.000598109775388	0.000271868079722	0.000588223663398	0.00109735843088	0.000746401455236	0.00119621955078	0.0007810028472	0.000286697247706	0.00183387377412	0.000415216703575	0.000899636191079	0.000519020879469	0.000365786143625	0.00036084308763
TARA_068_MES_0.22-3_G.freeze11.snv.mod.fix.bam	0.000904579247074	0.000642597279342	0.000257038911737	0.0	0.000701913951281	0.000509134767479	0.000385558367605	0.000296583359696	0.000464647263524	0.000998497310978	0.000711800063271	0.000954009807023	0.000657426447327	0.000202665295792	0.00150763207846	0.000499248655489	0.00041027364758	0.000657426447327	0.000425102815565	0.000459704207529
TARA_070_MES_0.22-3_G.freeze11.snv.mod.fix.bam	0.000607995887377	0.00083043340715	0.00109241537488	0.000701913951281	0.0	0.00043004587156	0.000603052831382	0.000716743119266	0.000899636191079	0.00206125434989	0.00124565011072	0.00077111673521	0.000894693135084	0.000627768111357	0.00108747231889	0.00105781398292	0.000603052831382	0.00152740430244	0.00123082094274	0.00130496678266
TARA_076_MES_0.22-3_G.freeze11.snv.mod.fix.bam	0.000776059791205	0.000637654223347	0.000929294527048	0.000509134767479	0.00043004587156	0.0	0.000375672255615	0.000553622271433	0.00116656121481	0.00218977380576	0.00157189180639	0.000607995887377	0.00110724454287	0.000519020879469	0.00139394179057	0.00123576399873	0.000548679215438	0.00153234735843	0.00132473900664	0.00116656121481
TARA_078_MES_0.22-3_G.freeze11.snv.mod.fix.bam	0.000711800063271	0.000355900031636	0.000598109775388	0.000385558367605	0.000603052831382	0.000375672255615	0.0	0.00037072919962	0.000785945903195	0.00176467099019	0.00110230148687	0.000336127807656	0.000929294527048	0.000395444479595	0.00102815564695	0.000894693135084	0.000301526415691	0.00109241537488	0.000721686175261	0.000692027839291
TARA_098_MES_0.22-3_G.freeze11.snv.mod.fix.bam	0.000341070863651	0.00036084308763	0.000271868079722	0.000296583359696	0.000716743119266	0.000553622271433	0.00037072919962	0.0	0.000177950015818	0.000593166719393	0.000316355583676	0.000598109775388	0.000296583359696	0.000182893071813	0.000716743119266	0.000341070863651	0.000776059791205	0.00037072919962	0.000341070863651	0.00043993198355
TARA_102_MES_0.22-3_G.freeze11.snv.mod.fix.bam	0.000237266687757	0.000622825055362	0.000588223663398	0.000464647263524	0.000899636191079	0.00116656121481	0.000785945903195	0.000177950015818	0.0	0.000291640303701	9.39180639038e-05	0.00105781398292	8.89750079089e-05	0.000316355583676	0.000365786143625	0.000266925023727	0.00126047927871	0.000474533375514	0.000489362543499	0.000835376463145
TARA_109_MES_0.22-3_G.freeze11.snv.mod.fix.bam	0.00113690287884	0.0014680876305	0.00109735843088	0.000998497310978	0.00206125434989	0.00218977380576	0.00176467099019	0.000593166719393	0.000291640303701	0.0	0.000321298639671	0.0025357877254	0.000543736159443	0.000776059791205	0.00157683486239	0.000672255615312	0.00218483074976	0.000929294527048	0.000850205631129	0.00130496678266
TARA_111_MES_0.22-3_G.freeze11.snv.mod.fix.bam	0.000449818095539	0.000845262575134	0.000746401455236	0.000711800063271	0.00124565011072	0.00157189180639	0.00110230148687	0.000316355583676	9.39180639038e-05	0.000321298639671	0.0	0.00138405567858	0.000212551407782	0.000395444479595	0.000696970895286	0.00041027364758	0.00172018348624	0.000647540335337	0.000607995887377	0.000963895919013
TARA_112_MES_0.22-3_G.freeze11.snv.mod.fix.bam	0.000642597279342	0.00043993198355	0.00119621955078	0.000954009807023	0.00077111673521	0.000607995887377	0.000336127807656	0.000598109775388	0.00105781398292	0.0025357877254	0.00138405567858	0.0	0.00122587788674	0.000805718127175	0.000998497310978	0.00133956817463	0.000855148687124	0.00154223347042	0.00131485289465	0.0011715042708
TARA_122_MES_0.22-3_G.freeze11.snv.mod.fix.bam	0.000261981967732	0.000756287567226	0.0007810028472	0.000657426447327	0.000894693135084	0.00110724454287	0.000929294527048	0.000296583359696	8.89750079089e-05	0.000543736159443	0.000212551407782	0.00122587788674	0.0	0.000459704207529	0.000385558367605	0.00041027364758	0.0014631445745	0.000652483391332	0.000662369503322	0.00105287092692
TARA_132_MES_0.22-3_G.freeze11.snv.mod.fix.bam	0.000667312559317	0.000459704207529	0.000286697247706	0.000202665295792	0.000627768111357	0.000519020879469	0.000395444479595	0.000182893071813	0.000316355583676	0.000776059791205	0.000395444479595	0.000805718127175	0.000459704207529	0.0	0.00110724454287	0.000261981967732	0.000464647263524	0.000519020879469	0.000375672255615	0.000444875039544
TARA_133_MES_0.22-3_G.freeze11.snv.mod.fix.bam	0.000311412527681	0.000958952863018	0.00183387377412	0.00150763207846	0.00108747231889	0.00139394179057	0.00102815564695	0.000716743119266	0.000365786143625	0.00157683486239	0.000696970895286	0.000998497310978	0.000385558367605	0.00110724454287	0.0	0.00116161815881	0.00177950015818	0.00164603764631	0.00163615153432	0.00199205156596
TARA_142_MES_0.22-3_G.freeze11.snv.mod.fix.bam	0.000588223663398	0.000642597279342	0.000415216703575	0.000499248655489	0.00105781398292	0.00123576399873	0.000894693135084	0.000341070863651	0.000266925023727	0.000672255615312	0.00041027364758	0.00133956817463	0.00041027364758	0.000261981967732	0.00116161815881	0.0	0.00122587788674	0.00043993198355	0.000395444479595	0.000523963935463
TARA_145_MES_0.22-3_G.freeze11.snv.mod.fix.bam	0.00113195982284	0.000795832015185	0.000899636191079	0.00041027364758	0.000603052831382	0.000548679215438	0.000301526415691	0.000776059791205	0.00126047927871	0.00218483074976	0.00172018348624	0.000855148687124	0.0014631445745	0.000464647263524	0.00177950015818	0.00122587788674	0.0	0.00149774596647	0.00113195982284	0.00109241537488
TARA_146_MES_0.22-3_G.freeze11.snv.mod.fix.bam	0.000889750079089	0.000825490351155	0.000519020879469	0.000657426447327	0.00152740430244	0.00153234735843	0.00109241537488	0.00037072919962	0.000474533375514	0.000929294527048	0.000647540335337	0.00154223347042	0.000652483391332	0.000519020879469	0.00164603764631	0.00043993198355	0.00149774596647	0.0	0.000425102815565	0.000637654223347
TARA_149_MES_0.22-3_G.freeze11.snv.mod.fix.bam	0.000850205631129	0.000731572287251	0.000365786143625	0.000425102815565	0.00123082094274	0.00132473900664	0.000721686175261	0.000341070863651	0.000489362543499	0.000850205631129	0.000607995887377	0.00131485289465	0.000662369503322	0.000375672255615	0.00163615153432	0.000395444479595	0.00113195982284	0.000425102815565	0.0	0.000405330591585
TARA_152_MES_0.22-3_G.freeze11.snv.mod.fix.bam	0.00109735843088	0.000667312559317	0.00036084308763	0.000459704207529	0.00130496678266	0.00116656121481	0.000692027839291	0.00043993198355	0.000835376463145	0.00130496678266	0.000963895919013	0.0011715042708	0.00105287092692	0.000444875039544	0.00199205156596	0.000523963935463	0.00109241537488	0.000637654223347	0.000405330591585	0.0
