	TARA_004_DCM_0.22-1.6_G.freeze11.snv.mod.fix.bam	TARA_004_SRF_0.22-1.6_G.freeze11.snv.mod.fix.bam	TARA_009_DCM_0.22-1.6_G.freeze11.snv.mod.fix.bam	TARA_009_SRF_0.22-1.6_G.freeze11.snv.mod.fix.bam	TARA_018_SRF_0.22-1.6_G.freeze11.snv.mod.fix.bam	TARA_030_DCM_0.22-1.6_G.freeze11.snv.mod.fix.bam	TARA_030_SRF_0.22-1.6_G.freeze11.snv.mod.fix.bam	TARA_094_SRF_0.22-3_G.freeze11.snv.mod.fix.bam	TARA_102_SRF_0.22-3_G.freeze11.snv.mod.fix.bam	TARA_133_SRF_0.22-3_G.freeze11.snv.mod.fix.bam
TARA_004_DCM_0.22-1.6_G.freeze11.snv.mod.fix.bam	0.0	0.000519002921245	0.00118629239142	0.0115218648516	0.00556074558477	0.013538561917	0.0173940121892	0.0321188664976	0.0136571911562	0.0208935747438
TARA_004_SRF_0.22-1.6_G.freeze11.snv.mod.fix.bam	0.000519002921245	0.0	0.00131975028545	0.010083485327	0.00438928184824	0.0124264128001	0.0166970654092	0.0320002372585	0.01451725314	0.0217536367276
TARA_009_DCM_0.22-1.6_G.freeze11.snv.mod.fix.bam	0.00118629239142	0.00131975028545	0.0	0.00625769236473	0.00219464092412	0.00868959176713	0.0132568174741	0.0308139448671	0.0122336402865	0.0170677817815
TARA_009_SRF_0.22-1.6_G.freeze11.snv.mod.fix.bam	0.0115218648516	0.010083485327	0.00625769236473	0.0	0.0022391268888	0.0042706526091	0.00535314441627	0.0455832851402	0.0236517045539	0.0347287097587
TARA_018_SRF_0.22-1.6_G.freeze11.snv.mod.fix.bam	0.00556074558477	0.00438928184824	0.00219464092412	0.0022391268888	0.0	0.00538280172606	0.00827438943013	0.0399928822457	0.0196776250426	0.0288713910761
TARA_030_DCM_0.22-1.6_G.freeze11.snv.mod.fix.bam	0.013538561917	0.0124264128001	0.00868959176713	0.0042706526091	0.00538280172606	0.0	0.00296573097854	0.0465174903984	0.0268250367009	0.0353218559544
TARA_030_SRF_0.22-1.6_G.freeze11.snv.mod.fix.bam	0.0173940121892	0.0166970654092	0.0132568174741	0.00535314441627	0.00827438943013	0.00296573097854	0.0	0.0434924448003	0.0251197413883	0.0329789284814
TARA_094_SRF_0.22-3_G.freeze11.snv.mod.fix.bam	0.0321188664976	0.0320002372585	0.0308139448671	0.0455832851402	0.0399928822457	0.0465174903984	0.0434924448003	0.0	0.0232809881816	0.0246748817415
TARA_102_SRF_0.22-3_G.freeze11.snv.mod.fix.bam	0.0136571911562	0.01451725314	0.0122336402865	0.0236517045539	0.0196776250426	0.0268250367009	0.0251197413883	0.0232809881816	0.0	0.0170084671619
TARA_133_SRF_0.22-3_G.freeze11.snv.mod.fix.bam	0.0208935747438	0.0217536367276	0.0170677817815	0.0347287097587	0.0288713910761	0.0353218559544	0.0329789284814	0.0246748817415	0.0170084671619	0.0
