	TARA_031_SRF_0.22-1.6_G.freeze11.snv.mod.fix.bam	TARA_032_SRF_0.22-1.6_G.freeze11.snv.mod.fix.bam	TARA_033_SRF_0.22-1.6_G.freeze11.snv.mod.fix.bam	TARA_038_DCM_0.22-1.6_G.freeze11.snv.mod.fix.bam	TARA_038_SRF_0.22-1.6_G.freeze11.snv.mod.fix.bam	TARA_039_DCM_0.22-1.6_G.freeze11.snv.mod.fix.bam	TARA_041_SRF_0.22-1.6_G.freeze11.snv.mod.fix.bam	TARA_042_SRF_0.22-1.6_G.freeze11.snv.mod.fix.bam	TARA_045_SRF_0.22-1.6_G.freeze11.snv.mod.fix.bam	TARA_048_SRF_0.22-1.6_G.freeze11.snv.mod.fix.bam	TARA_056_SRF_0.22-3_G.freeze11.snv.mod.fix.bam	TARA_057_SRF_0.22-3_G.freeze11.snv.mod.fix.bam	TARA_058_DCM_0.22-3_G.freeze11.snv.mod.fix.bam	TARA_062_SRF_0.22-3_G.freeze11.snv.mod.fix.bam	TARA_064_DCM_0.22-3_G.freeze11.snv.mod.fix.bam	TARA_064_SRF_0.22-3_G.freeze11.snv.mod.fix.bam	TARA_072_MES_0.22-3_G.freeze11.snv.mod.fix.bam	TARA_072_SRF_0.22-3_G.freeze11.snv.mod.fix.bam	TARA_076_SRF_0.22-3_G.freeze11.snv.mod.fix.bam	TARA_078_SRF_0.22-3_G.freeze11.snv.mod.fix.bam	TARA_099_SRF_0.22-3_G.freeze11.snv.mod.fix.bam	TARA_112_SRF_0.22-3_G.freeze11.snv.mod.fix.bam	TARA_132_SRF_0.22-3_G.freeze11.snv.mod.fix.bam	TARA_138_SRF_0.22-3_G.freeze11.snv.mod.fix.bam	TARA_140_SRF_0.22-3_G.freeze11.snv.mod.fix.bam	TARA_142_DCM_0.22-3_G.freeze11.snv.mod.fix.bam	TARA_142_SRF_0.22-3_G.freeze11.snv.mod.fix.bam
TARA_031_SRF_0.22-1.6_G.freeze11.snv.mod.fix.bam	0.0	0.0211409176541	0.0348739924676	0.0435437321888	0.0443534769315	0.0341530326949	0.0263184113392	0.0280144623533	0.0261352737934	0.0279391750009	0.0290106702681	0.0317630765158	0.0312903165249	0.0317816206897	0.0356591679352	0.0261157155241	0.0353286931166	0.0307069435166	0.040369098422	0.0376899776593	0.0559086433214	0.0467748239145	0.0316916450215	0.0380882015472	0.038335090641	0.0369890392912	0.0380863649588
TARA_032_SRF_0.22-1.6_G.freeze11.snv.mod.fix.bam	0.0211409176541	0.0	0.032529002766	0.0425417144995	0.0433089396591	0.0326947334654	0.0263832572899	0.0270306839021	0.0264277825845	0.0273883413262	0.0290058315266	0.0316737052214	0.031883705101	0.0321891343308	0.0359129618981	0.0273994258309	0.0347590252962	0.0298867422597	0.0397803403431	0.0374543907809	0.0542113525765	0.0469792314979	0.0312129111924	0.0372073047293	0.0381585580087	0.0355112854654	0.0366410314355
TARA_033_SRF_0.22-1.6_G.freeze11.snv.mod.fix.bam	0.0348739924676	0.032529002766	0.0	0.0444828160095	0.0450035206717	0.0358059731827	0.0352054581112	0.0346323606178	0.0360225974497	0.0366148649499	0.0364798086056	0.0371523728325	0.038648787992	0.0383694549243	0.0412479074078	0.0376166942488	0.0404773188076	0.0374127284056	0.0446027023358	0.042397151265	0.0568750432935	0.0530530277387	0.0391459357954	0.0424397937183	0.0408576785497	0.0403379432313	0.0411142630095
TARA_038_DCM_0.22-1.6_G.freeze11.snv.mod.fix.bam	0.0435437321888	0.0425417144995	0.0444828160095	0.0	0.0352503032753	0.0384487380778	0.041572697877	0.0418923475284	0.0424668482968	0.0430539603077	0.0427708120244	0.0435180960773	0.0440281311445	0.0442397574721	0.0457555021919	0.0419996492514	0.0450563440069	0.0426787157311	0.0496706818009	0.0469271549426	0.0610918422173	0.056055330859	0.0447606959547	0.0466487739281	0.0439085252882	0.0466631282499	0.047288310712
TARA_038_SRF_0.22-1.6_G.freeze11.snv.mod.fix.bam	0.0443534769315	0.0433089396591	0.0450035206717	0.0352503032753	0.0	0.040071101543	0.0424182463233	0.0423523876982	0.043070574229	0.0435766488791	0.0434934816827	0.0442976815231	0.0447228560028	0.0449792314877	0.0464072072326	0.0427950616224	0.0452442610807	0.043124788809	0.0498645154131	0.047463605848	0.0616468038978	0.0569367837651	0.0452185386883	0.0468407229639	0.0449205780416	0.0467156306603	0.047283587165
TARA_039_DCM_0.22-1.6_G.freeze11.snv.mod.fix.bam	0.0341530326949	0.0326947334654	0.0358059731827	0.0384487380778	0.040071101543	0.0	0.0302258852156	0.0306782454285	0.0318143653889	0.033113674738	0.032076083143	0.033118956426	0.0339648326244	0.0342509184337	0.0383486713198	0.0332689962514	0.0379487548556	0.0344034421646	0.0429265662652	0.0401642786657	0.0556682335146	0.0504050942484	0.036438830134	0.039708389444	0.0363202023542	0.0385716905476	0.0396513598353
TARA_041_SRF_0.22-1.6_G.freeze11.snv.mod.fix.bam	0.0263184113392	0.0263832572899	0.0352054581112	0.041572697877	0.0424182463233	0.0302258852156	0.0	0.0235983453337	0.0224571439007	0.025445183375	0.0251000019976	0.0279047804226	0.027415268829	0.0281625757157	0.0350463839135	0.0253294641839	0.0347116699915	0.0297697768441	0.040565975337	0.0377817145031	0.0555125382851	0.0469565651578	0.031810987006	0.0369395587488	0.0347840017722	0.0365196253328	0.0377192664079
TARA_042_SRF_0.22-1.6_G.freeze11.snv.mod.fix.bam	0.0280144623533	0.0270306839021	0.0346323606178	0.0418923475284	0.0423523876982	0.0306782454285	0.0235983453337	0.0	0.0237081386721	0.0252925191848	0.0268812182213	0.029483516815	0.029632630342	0.0303887578782	0.035639539693	0.0278236437182	0.0343338518905	0.0295183193683	0.0399832002675	0.037781092209	0.0542553789684	0.047488053372	0.0317429164567	0.0365442245526	0.0364108899037	0.0353523596165	0.036504832234
TARA_045_SRF_0.22-1.6_G.freeze11.snv.mod.fix.bam	0.0261352737934	0.0264277825845	0.0360225974497	0.0424668482968	0.043070574229	0.0318143653889	0.0224571439007	0.0237081386721	0.0	0.0221579670522	0.0256203152049	0.028796028232	0.0281676944059	0.0295875291871	0.0350252843873	0.0246906853252	0.0342646729561	0.029099398586	0.04021161083	0.037763468436	0.0553510757172	0.046612377816	0.031071369256	0.0364329050359	0.0365095918264	0.0365449536241	0.0377584833402
TARA_048_SRF_0.22-1.6_G.freeze11.snv.mod.fix.bam	0.0279391750009	0.0273883413262	0.0366148649499	0.0430539603077	0.0435766488791	0.033113674738	0.025445183375	0.0252925191848	0.0221579670522	0.0	0.0282601274955	0.0313555657194	0.0315825016964	0.0326104203657	0.0359850634762	0.0270352199833	0.0339920098219	0.0287063302497	0.0393942109046	0.0376938364376	0.0539684880549	0.0464939319495	0.0303918140543	0.0359648981806	0.0386785094021	0.0361613200815	0.0373282799861
TARA_056_SRF_0.22-3_G.freeze11.snv.mod.fix.bam	0.0290106702681	0.0290058315266	0.0364798086056	0.0427708120244	0.0434934816827	0.032076083143	0.0251000019976	0.0268812182213	0.0256203152049	0.0282601274955	0.0	0.0273306769563	0.0270657425335	0.0281228907359	0.0356319563757	0.0270365072501	0.0352763584384	0.0309138049394	0.0415416674238	0.0388011020109	0.0558729839148	0.0475868517561	0.0335040441719	0.0369133742018	0.0358357740181	0.0380426091403	0.0392224507872
TARA_057_SRF_0.22-3_G.freeze11.snv.mod.fix.bam	0.0317630765158	0.0316737052214	0.0371523728325	0.0435180960773	0.0442976815231	0.033118956426	0.0279047804226	0.029483516815	0.028796028232	0.0313555657194	0.0273306769563	0.0	0.0291898674949	0.0297584095502	0.0371264032896	0.0300730237046	0.0372582146482	0.0335001501411	0.043100109628	0.0403142546812	0.0572266894001	0.0495458732568	0.0357874734798	0.0396788536105	0.036579767693	0.0393290828563	0.0404505638782
TARA_058_DCM_0.22-3_G.freeze11.snv.mod.fix.bam	0.0312903165249	0.031883705101	0.038648787992	0.0440281311445	0.0447228560028	0.0339648326244	0.027415268829	0.029632630342	0.0281676944059	0.0315825016964	0.0270657425335	0.0291898674949	0.0	0.02879825738	0.0368105914803	0.0287777667085	0.0373965728418	0.0334090166675	0.0435702607611	0.0405678422684	0.0582359450986	0.0492352318339	0.0361181439497	0.039425099796	0.03648753477	0.0403551818273	0.0416219317998
TARA_062_SRF_0.22-3_G.freeze11.snv.mod.fix.bam	0.0317816206897	0.0321891343308	0.0383694549243	0.0442397574721	0.0449792314877	0.0342509184337	0.0281625757157	0.0303887578782	0.0295875291871	0.0326104203657	0.0281228907359	0.0297584095502	0.02879825738	0.0	0.037279294577	0.0297663318404	0.0379846885672	0.0343448567883	0.0437218228702	0.0408007437049	0.0583406350875	0.0498206138548	0.0365605621076	0.0406655653267	0.0368729007708	0.0402539083816	0.0414446295791
TARA_064_DCM_0.22-3_G.freeze11.snv.mod.fix.bam	0.0356591679352	0.0359129618981	0.0412479074078	0.0457555021919	0.0464072072326	0.0383486713198	0.0350463839135	0.035639539693	0.0350252843873	0.0359850634762	0.0356319563757	0.0371264032896	0.0368105914803	0.037279294577	0.0	0.0321174568725	0.0390300993425	0.0361686506755	0.043452711762	0.0407097822053	0.0576847579416	0.0499758954411	0.0375378354242	0.0417933941963	0.041928387616	0.0417258893325	0.0424854771388
TARA_064_SRF_0.22-3_G.freeze11.snv.mod.fix.bam	0.0261157155241	0.0273994258309	0.0376166942488	0.0419996492514	0.0427950616224	0.0332689962514	0.0253294641839	0.0278236437182	0.0246906853252	0.0270352199833	0.0270365072501	0.0300730237046	0.0287777667085	0.0297663318404	0.0321174568725	0.0	0.0340969197849	0.0294377708084	0.0395341533403	0.0357404845226	0.0552621566483	0.0445743527041	0.0306251661044	0.0366964243875	0.0365978188382	0.0376928391183	0.0388149360422
TARA_072_MES_0.22-3_G.freeze11.snv.mod.fix.bam	0.0353286931166	0.0347590252962	0.0404773188076	0.0450563440069	0.0452442610807	0.0379487548556	0.0347116699915	0.0343338518905	0.0342646729561	0.0339920098219	0.0352763584384	0.0372582146482	0.0373965728418	0.0379846885672	0.0390300993425	0.0340969197849	0.0	0.0313505887703	0.0414790184069	0.0399335492461	0.0549493371163	0.0481554341552	0.0359284881358	0.0374715599764	0.0425679346567	0.0398676345777	0.040621369354
TARA_072_SRF_0.22-3_G.freeze11.snv.mod.fix.bam	0.0307069435166	0.0298867422597	0.0374127284056	0.0426787157311	0.043124788809	0.0344034421646	0.0297697768441	0.0295183193683	0.029099398586	0.0287063302497	0.0309138049394	0.0335001501411	0.0334090166675	0.0343448567883	0.0361686506755	0.0294377708084	0.0313505887703	0.0	0.0389109374962	0.0370727315276	0.0527058343103	0.0455869299059	0.0315473753231	0.0341264478789	0.0398939701002	0.0365934113116	0.0376218446868
TARA_076_SRF_0.22-3_G.freeze11.snv.mod.fix.bam	0.040369098422	0.0397803403431	0.0446027023358	0.0496706818009	0.0498645154131	0.0429265662652	0.040565975337	0.0399832002675	0.04021161083	0.0393942109046	0.0415416674238	0.043100109628	0.0435702607611	0.0437218228702	0.043452711762	0.0395341533403	0.0414790184069	0.0389109374962	0.0	0.0419662874048	0.055764516748	0.049324720136	0.0377905508096	0.0441238495253	0.0475618949801	0.0441852556371	0.0446842978509
TARA_078_SRF_0.22-3_G.freeze11.snv.mod.fix.bam	0.0376899776593	0.0374543907809	0.042397151265	0.0469271549426	0.047463605848	0.0401642786657	0.0377817145031	0.037781092209	0.037763468436	0.0376938364376	0.0388011020109	0.0403142546812	0.0405678422684	0.0408007437049	0.0407097822053	0.0357404845226	0.0399335492461	0.0370727315276	0.0419662874048	0.0	0.0539925778364	0.04712436791	0.0344004871857	0.0417457107659	0.0442063753973	0.0423996420426	0.0429653811574
TARA_099_SRF_0.22-3_G.freeze11.snv.mod.fix.bam	0.0559086433214	0.0542113525765	0.0568750432935	0.0610918422173	0.0616468038978	0.0556682335146	0.0555125382851	0.0542553789684	0.0553510757172	0.0539684880549	0.0558729839148	0.0572266894001	0.0582359450986	0.0583406350875	0.0576847579416	0.0552621566483	0.0549493371163	0.0527058343103	0.055764516748	0.0539925778364	0.0	0.0473791114915	0.0521010937222	0.0534309944031	0.0607875981609	0.0568133782047	0.0571919935379
TARA_112_SRF_0.22-3_G.freeze11.snv.mod.fix.bam	0.0467748239145	0.0469792314979	0.0530530277387	0.056055330859	0.0569367837651	0.0504050942484	0.0469565651578	0.047488053372	0.046612377816	0.0464939319495	0.0475868517561	0.0495458732568	0.0492352318339	0.0498206138548	0.0499758954411	0.0445743527041	0.0481554341552	0.0455869299059	0.049324720136	0.04712436791	0.0473791114915	0.0	0.0447187108406	0.0484501849244	0.0538081781158	0.0532590344744	0.0537809911027
TARA_132_SRF_0.22-3_G.freeze11.snv.mod.fix.bam	0.0316916450215	0.0312129111924	0.0391459357954	0.0447606959547	0.0452185386883	0.036438830134	0.031810987006	0.0317429164567	0.031071369256	0.0303918140543	0.0335040441719	0.0357874734798	0.0361181439497	0.0365605621076	0.0375378354242	0.0306251661044	0.0359284881358	0.0315473753231	0.0377905508096	0.0344004871857	0.0521010937222	0.0447187108406	0.0	0.0377654820986	0.0414627069362	0.0378338354774	0.0385309842786
TARA_138_SRF_0.22-3_G.freeze11.snv.mod.fix.bam	0.0380882015472	0.0372073047293	0.0424397937183	0.0466487739281	0.0468407229639	0.039708389444	0.0369395587488	0.0365442245526	0.0364329050359	0.0359648981806	0.0369133742018	0.0396788536105	0.039425099796	0.0406655653267	0.0417933941963	0.0366964243875	0.0374715599764	0.0341264478789	0.0441238495253	0.0417457107659	0.0534309944031	0.0484501849244	0.0377654820986	0.0	0.0446867847754	0.0426975544276	0.0434721176656
TARA_140_SRF_0.22-3_G.freeze11.snv.mod.fix.bam	0.038335090641	0.0381585580087	0.0408576785497	0.0439085252882	0.0449205780416	0.0363202023542	0.0347840017722	0.0364108899037	0.0365095918264	0.0386785094021	0.0358357740181	0.036579767693	0.03648753477	0.0368729007708	0.041928387616	0.0365978188382	0.0425679346567	0.0398939701002	0.0475618949801	0.0442063753973	0.0607875981609	0.0538081781158	0.0414627069362	0.0446867847754	0.0	0.0440503414932	0.0451586897807
TARA_142_DCM_0.22-3_G.freeze11.snv.mod.fix.bam	0.0369890392912	0.0355112854654	0.0403379432313	0.0466631282499	0.0467156306603	0.0385716905476	0.0365196253328	0.0353523596165	0.0365449536241	0.0361613200815	0.0380426091403	0.0393290828563	0.0403551818273	0.0402539083816	0.0417258893325	0.0376928391183	0.0398676345777	0.0365934113116	0.0441852556371	0.0423996420426	0.0568133782047	0.0532590344744	0.0378338354774	0.0426975544276	0.0440503414932	0.0	0.0268226076126
TARA_142_SRF_0.22-3_G.freeze11.snv.mod.fix.bam	0.0380863649588	0.0366410314355	0.0411142630095	0.047288310712	0.047283587165	0.0396513598353	0.0377192664079	0.036504832234	0.0377584833402	0.0373282799861	0.0392224507872	0.0404505638782	0.0416219317998	0.0414446295791	0.0424854771388	0.0388149360422	0.040621369354	0.0376218446868	0.0446842978509	0.0429653811574	0.0571919935379	0.0537809911027	0.0385309842786	0.0434721176656	0.0451586897807	0.0268226076126	0.0
