	TARA_031_SRF_0.22-1.6_G.freeze11.snv.mod.fix.bam	TARA_032_SRF_0.22-1.6_G.freeze11.snv.mod.fix.bam	TARA_041_SRF_0.22-1.6_G.freeze11.snv.mod.fix.bam	TARA_042_SRF_0.22-1.6_G.freeze11.snv.mod.fix.bam	TARA_045_SRF_0.22-1.6_G.freeze11.snv.mod.fix.bam	TARA_048_SRF_0.22-1.6_G.freeze11.snv.mod.fix.bam	TARA_052_DCM_0.22-1.6_G.freeze11.snv.mod.fix.bam	TARA_056_SRF_0.22-3_G.freeze11.snv.mod.fix.bam	TARA_057_SRF_0.22-3_G.freeze11.snv.mod.fix.bam	TARA_058_DCM_0.22-3_G.freeze11.snv.mod.fix.bam	TARA_062_SRF_0.22-3_G.freeze11.snv.mod.fix.bam	TARA_064_DCM_0.22-3_G.freeze11.snv.mod.fix.bam	TARA_064_SRF_0.22-3_G.freeze11.snv.mod.fix.bam	TARA_072_MES_0.22-3_G.freeze11.snv.mod.fix.bam	TARA_072_SRF_0.22-3_G.freeze11.snv.mod.fix.bam	TARA_076_SRF_0.22-3_G.freeze11.snv.mod.fix.bam	TARA_078_SRF_0.22-3_G.freeze11.snv.mod.fix.bam	TARA_098_SRF_0.22-3_G.freeze11.snv.mod.fix.bam	TARA_099_SRF_0.22-3_G.freeze11.snv.mod.fix.bam	TARA_112_SRF_0.22-3_G.freeze11.snv.mod.fix.bam	TARA_132_SRF_0.22-3_G.freeze11.snv.mod.fix.bam	TARA_138_SRF_0.22-3_G.freeze11.snv.mod.fix.bam	TARA_140_SRF_0.22-3_G.freeze11.snv.mod.fix.bam	TARA_141_SRF_0.22-3_G.freeze11.snv.mod.fix.bam	TARA_142_DCM_0.22-3_G.freeze11.snv.mod.fix.bam	TARA_142_SRF_0.22-3_G.freeze11.snv.mod.fix.bam	TARA_148_SRF_0.22-3_G.freeze11.snv.mod.fix.bam
TARA_031_SRF_0.22-1.6_G.freeze11.snv.mod.fix.bam	0.0	0.000163887089599	0.00136572574666	0.00262219343359	0.00287192614155	0.003972310886	0.0220311073304	0.00139694233516	0.00138133404091	0.00115501377432	0.000936497654854	0.00323091690925	0.00165447919024	0.00643061723	0.00598578084394	0.0198537502829	0.0219296534178	0.0193386765727	0.0281729711169	0.0449206708445	0.0234826786955	0.0279388467031	0.0068598453218	0.00348064961721	0.0017715413971	0.00211492387054	0.00340260814597
TARA_032_SRF_0.22-1.6_G.freeze11.snv.mod.fix.bam	0.000163887089599	0.0	0.000881868624987	0.00179495383847	0.00195103678095	0.00265341002209	0.0182929208581	0.00100673497897	0.00099112668472	0.000835043742245	0.00092869350773	0.00275486393469	0.00136572574666	0.00494002512935	0.00435471409507	0.0165916167852	0.0184802203891	0.0172939900263	0.0255897984189	0.0411902885193	0.0199786166369	0.0246845173525	0.00568141910611	0.00522877857293	0.00254415196235	0.0028875344358	0.00614186378642
TARA_041_SRF_0.22-1.6_G.freeze11.snv.mod.fix.bam	0.00136572574666	0.000881868624987	0.0	0.000109258059733	0.000319970032075	0.000647744211274	0.0132748542576	3.90207356189e-05	4.68248827427e-05	2.34124413713e-05	7.80414712378e-05	0.00119403450994	0.000280949296456	0.00279388467031	0.00247391463824	0.011916932658	0.0135167828184	0.0150541998018	0.023451462107	0.0366248624519	0.0151712620086	0.0198381419887	0.00236465657851	0.00714859876538	0.0036757532953	0.00426106432958	0.00714079461826
TARA_042_SRF_0.22-1.6_G.freeze11.snv.mod.fix.bam	0.00262219343359	0.00179495383847	0.000109258059733	0.0	0.000382403209065	0.000772610565254	0.0124163980739	0.000156082942476	0.000265341002209	0.000273145149332	0.000694569094017	0.00187299530971	0.000967714243349	0.00329335008624	0.00297338005416	0.0112379718582	0.0123617690441	0.0128846469014	0.0209151142917	0.0341821644022	0.0133919164644	0.0186128908902	0.00311385470239	0.0114799004191	0.00714079461826	0.00750758953308	0.0123539648969
TARA_045_SRF_0.22-1.6_G.freeze11.snv.mod.fix.bam	0.00287192614155	0.00195103678095	0.000319970032075	0.000382403209065	0.0	0.000140474648228	0.00572043984173	0.000148278795352	0.000257536855085	0.00022632026659	0.00153741698338	0.00063994006415	0.000202907825218	0.000983322537596	0.000624331769903	0.00523658272006	0.0054160781039	0.00860017013041	0.0161623886934	0.0248718168835	0.00665693749659	0.0105980317941	0.00277047222894	0.0173252066148	0.0122134902487	0.0125958934578	0.0173720314975
TARA_048_SRF_0.22-1.6_G.freeze11.snv.mod.fix.bam	0.003972310886	0.00265341002209	0.000647744211274	0.000772610565254	0.000140474648228	0.0	0.00366014500105	0.000179495383847	0.000530682004417	0.000491661268798	0.0025597602566	0.000530682004417	0.000195103678095	0.000554094445788	0.000319970032075	0.00431569335945	0.00447958044905	0.00820996277422	0.0162326260175	0.0237948445804	0.00530682004417	0.00761684759281	0.00379281550216	0.0181134254743	0.0131577920507	0.0134543496414	0.0185582618604
TARA_052_DCM_0.22-1.6_G.freeze11.snv.mod.fix.bam	0.0220311073304	0.0182929208581	0.0132748542576	0.0124163980739	0.00572043984173	0.00366014500105	0.0	0.00881088210275	0.0113706423593	0.0115813543317	0.0199083793128	0.00401913576875	0.00280949296456	0.000983322537596	0.000967714243349	0.00394889844463	0.00252073952098	0.00890453186823	0.0158346145142	0.0221559736844	0.0033479791161	0.000905281066359	0.0125100478394	0.0327462013314	0.0303113074288	0.0306312774608	0.0340338856068
TARA_056_SRF_0.22-3_G.freeze11.snv.mod.fix.bam	0.00139694233516	0.00100673497897	3.90207356189e-05	0.000156082942476	0.000148278795352	0.000179495383847	0.00881088210275	0.0	7.80414712378e-06	7.80414712378e-06	3.12165884951e-05	0.000374599061942	9.36497654854e-05	0.000741393976759	0.000538486151541	0.00870162404302	0.00998150417132	0.0135636077011	0.0215472502088	0.0332456667473	0.0120964280419	0.0147498380639	0.00281729711169	0.0068598453218	0.00363673255968	0.00412839382848	0.00677399970344
TARA_057_SRF_0.22-3_G.freeze11.snv.mod.fix.bam	0.00138133404091	0.00099112668472	4.68248827427e-05	0.000265341002209	0.000257536855085	0.000530682004417	0.0113706423593	7.80414712378e-06	0.0	3.12165884951e-05	4.68248827427e-05	0.000835043742245	0.000171691236723	0.00138913818803	0.00119403450994	0.0106916815596	0.0124554188096	0.0147966629467	0.0228505427784	0.0360161389763	0.0140942897055	0.0175437227343	0.00303581323115	0.00646183381849	0.00347284547008	0.00378501135503	0.00621210111053
TARA_058_DCM_0.22-3_G.freeze11.snv.mod.fix.bam	0.00115501377432	0.000835043742245	2.34124413713e-05	0.000273145149332	0.00022632026659	0.000491661268798	0.0115813543317	7.80414712378e-06	3.12165884951e-05	0.0	0.0	0.000593115181407	0.000101453912609	0.00140474648228	0.00118623036281	0.0108867852377	0.0126193058992	0.0151712620086	0.023139296222	0.0361097887417	0.0147030131812	0.0182148793869	0.00287973028868	0.00554874860501	0.00262219343359	0.00310605055527	0.0049868500121
TARA_062_SRF_0.22-3_G.freeze11.snv.mod.fix.bam	0.000936497654854	0.00092869350773	7.80414712378e-05	0.000694569094017	0.00153741698338	0.0025597602566	0.0199083793128	3.12165884951e-05	4.68248827427e-05	0.0	0.0	0.00175593310285	0.000460444680303	0.00477613803975	0.00419863115259	0.0181680545042	0.020618556701	0.0206887940251	0.0291406853602	0.044639721548	0.0225149644521	0.0265184919266	0.004034744063	0.00353527864707	0.00188860360396	0.00223979022453	0.00356649523557
TARA_064_DCM_0.22-3_G.freeze11.snv.mod.fix.bam	0.00323091690925	0.00275486393469	0.00119403450994	0.00187299530971	0.00063994006415	0.000530682004417	0.00401913576875	0.000374599061942	0.000835043742245	0.000593115181407	0.00175593310285	0.0	3.12165884951e-05	0.000600919328531	0.000491661268798	0.00307483396677	0.00326213349774	0.00995809172995	0.0178480844721	0.0257770979499	0.00369916573667	0.00940399728416	0.0041361979756	0.0141801353239	0.0100829580839	0.0106448566768	0.0133841123173
TARA_064_SRF_0.22-3_G.freeze11.snv.mod.fix.bam	0.00165447919024	0.00136572574666	0.000280949296456	0.000967714243349	0.000202907825218	0.000195103678095	0.00280949296456	9.36497654854e-05	0.000171691236723	0.000101453912609	0.000460444680303	3.12165884951e-05	0.0	0.000234124413713	0.000132670501104	0.00174812895573	0.00162326260175	0.00938058484279	0.0171535153781	0.0242552892607	0.0019354284867	0.00769488906405	0.00330115423336	0.0139069901746	0.00874064477864	0.00953666778526	0.0123617690441
TARA_072_MES_0.22-3_G.freeze11.snv.mod.fix.bam	0.00643061723	0.00494002512935	0.00279388467031	0.00329335008624	0.000983322537596	0.000554094445788	0.000983322537596	0.000741393976759	0.00138913818803	0.00140474648228	0.00477613803975	0.000600919328531	0.000234124413713	0.0	3.90207356189e-05	0.00330895838048	0.00287973028868	0.00966153413924	0.0170442573183	0.0241070104654	0.00368355744242	0.00273925564045	0.00591554351983	0.0195649968393	0.0157409647487	0.015951676721	0.0196118217221
TARA_072_SRF_0.22-3_G.freeze11.snv.mod.fix.bam	0.00598578084394	0.00435471409507	0.00247391463824	0.00297338005416	0.000624331769903	0.000319970032075	0.000967714243349	0.000538486151541	0.00119403450994	0.00118623036281	0.00419863115259	0.000491661268798	0.000132670501104	3.90207356189e-05	0.0	0.00309824640814	0.00259878099222	0.00981761708172	0.0172783817321	0.0246845173525	0.00341821644022	0.00287973028868	0.00560337763488	0.019166985336	0.0148903127122	0.0153897781281	0.0191357687475
TARA_076_SRF_0.22-3_G.freeze11.snv.mod.fix.bam	0.0198537502829	0.0165916167852	0.011916932658	0.0112379718582	0.00523658272006	0.00431569335945	0.00394889844463	0.00870162404302	0.0106916815596	0.0108867852377	0.0181680545042	0.00307483396677	0.00174812895573	0.00330895838048	0.00309824640814	0.0	0.00176373724997	0.00645402967137	0.0135948242896	0.018160250357	0.00166228333737	0.00899818163372	0.0116437875087	0.0332066460117	0.0303425240173	0.0302722866931	0.0341353395194
TARA_078_SRF_0.22-3_G.freeze11.snv.mod.fix.bam	0.0219296534178	0.0184802203891	0.0135167828184	0.0123617690441	0.0054160781039	0.00447958044905	0.00252073952098	0.00998150417132	0.0124554188096	0.0126193058992	0.020618556701	0.00326213349774	0.00162326260175	0.00287973028868	0.00259878099222	0.00176373724997	0.0	0.00625112184615	0.0135714118483	0.0175203102929	0.000749198123883	0.007187619501	0.0122056861016	0.0342055768435	0.0317940953823	0.0319423741776	0.0355010652661
TARA_098_SRF_0.22-3_G.freeze11.snv.mod.fix.bam	0.0193386765727	0.0172939900263	0.0150541998018	0.0128846469014	0.00860017013041	0.00820996277422	0.00890453186823	0.0135636077011	0.0147966629467	0.0151712620086	0.0206887940251	0.00995809172995	0.00938058484279	0.00966153413924	0.00981761708172	0.00645402967137	0.00625112184615	0.0	0.00657889602535	0.00276266808182	0.00565020251762	0.0105824234998	0.0114564879777	0.0297025839531	0.0278920218204	0.027931042556	0.0316067958513
TARA_099_SRF_0.22-3_G.freeze11.snv.mod.fix.bam	0.0281729711169	0.0255897984189	0.023451462107	0.0209151142917	0.0161623886934	0.0162326260175	0.0158346145142	0.0215472502088	0.0228505427784	0.023139296222	0.0291406853602	0.0178480844721	0.0171535153781	0.0170442573183	0.0172783817321	0.0135948242896	0.0135714118483	0.00657889602535	0.0	0.00859236598328	0.0131968127863	0.0174266605274	0.0181446420628	0.0381388669939	0.0368355744242	0.0368902034541	0.0399260166853
TARA_112_SRF_0.22-3_G.freeze11.snv.mod.fix.bam	0.0449206708445	0.0411902885193	0.0366248624519	0.0341821644022	0.0248718168835	0.0237948445804	0.0221559736844	0.0332456667473	0.0360161389763	0.0361097887417	0.044639721548	0.0257770979499	0.0242552892607	0.0241070104654	0.0246845173525	0.018160250357	0.0175203102929	0.00276266808182	0.00859236598328	0.0	0.0168569577874	0.0268852868414	0.0311307428768	0.0581565043664	0.0559167141419	0.055986951466	0.0595690549958
TARA_132_SRF_0.22-3_G.freeze11.snv.mod.fix.bam	0.0234826786955	0.0199786166369	0.0151712620086	0.0133919164644	0.00665693749659	0.00530682004417	0.0033479791161	0.0120964280419	0.0140942897055	0.0147030131812	0.0225149644521	0.00369916573667	0.0019354284867	0.00368355744242	0.00341821644022	0.00166228333737	0.000749198123883	0.00565020251762	0.0131968127863	0.0168569577874	0.0	0.00778853882953	0.0130797505795	0.0358834684751	0.0333861413955	0.0334017496898	0.0375301435183
TARA_138_SRF_0.22-3_G.freeze11.snv.mod.fix.bam	0.0279388467031	0.0246845173525	0.0198381419887	0.0186128908902	0.0105980317941	0.00761684759281	0.000905281066359	0.0147498380639	0.0175437227343	0.0182148793869	0.0265184919266	0.00940399728416	0.00769488906405	0.00273925564045	0.00287973028868	0.00899818163372	0.007187619501	0.0105824234998	0.0174266605274	0.0268852868414	0.00778853882953	0.0	0.017340814909	0.0387475904696	0.0364219546267	0.0367185122174	0.0400820996277
TARA_140_SRF_0.22-3_G.freeze11.snv.mod.fix.bam	0.0068598453218	0.00568141910611	0.00236465657851	0.00311385470239	0.00277047222894	0.00379281550216	0.0125100478394	0.00281729711169	0.00303581323115	0.00287973028868	0.004034744063	0.0041361979756	0.00330115423336	0.00591554351983	0.00560337763488	0.0116437875087	0.0122056861016	0.0114564879777	0.0181446420628	0.0311307428768	0.0130797505795	0.017340814909	0.0	0.0177544347066	0.0142191560595	0.0144064555905	0.0175203102929
TARA_141_SRF_0.22-3_G.freeze11.snv.mod.fix.bam	0.00348064961721	0.00522877857293	0.00714859876538	0.0114799004191	0.0173252066148	0.0181134254743	0.0327462013314	0.0068598453218	0.00646183381849	0.00554874860501	0.00353527864707	0.0141801353239	0.0139069901746	0.0195649968393	0.019166985336	0.0332066460117	0.0342055768435	0.0297025839531	0.0381388669939	0.0581565043664	0.0358834684751	0.0387475904696	0.0177544347066	0.0	0.000241928560837	0.000249732707961	0.00041361979756
TARA_142_DCM_0.22-3_G.freeze11.snv.mod.fix.bam	0.0017715413971	0.00254415196235	0.0036757532953	0.00714079461826	0.0122134902487	0.0131577920507	0.0303113074288	0.00363673255968	0.00347284547008	0.00262219343359	0.00188860360396	0.0100829580839	0.00874064477864	0.0157409647487	0.0148903127122	0.0303425240173	0.0317940953823	0.0278920218204	0.0368355744242	0.0559167141419	0.0333861413955	0.0364219546267	0.0142191560595	0.000241928560837	0.0	0.000109258059733	0.00117062206857
TARA_142_SRF_0.22-3_G.freeze11.snv.mod.fix.bam	0.00211492387054	0.0028875344358	0.00426106432958	0.00750758953308	0.0125958934578	0.0134543496414	0.0306312774608	0.00412839382848	0.00378501135503	0.00310605055527	0.00223979022453	0.0106448566768	0.00953666778526	0.015951676721	0.0153897781281	0.0302722866931	0.0319423741776	0.027931042556	0.0368902034541	0.055986951466	0.0334017496898	0.0367185122174	0.0144064555905	0.000249732707961	0.000109258059733	0.0	0.00106136400883
TARA_148_SRF_0.22-3_G.freeze11.snv.mod.fix.bam	0.00340260814597	0.00614186378642	0.00714079461826	0.0123539648969	0.0173720314975	0.0185582618604	0.0340338856068	0.00677399970344	0.00621210111053	0.0049868500121	0.00356649523557	0.0133841123173	0.0123617690441	0.0196118217221	0.0191357687475	0.0341353395194	0.0355010652661	0.0316067958513	0.0399260166853	0.0595690549958	0.0375301435183	0.0400820996277	0.0175203102929	0.00041361979756	0.00117062206857	0.00106136400883	0.0
