	TARA_031_SRF_0.22-1.6_G.freeze11.snv.mod.fix.bam	TARA_032_SRF_0.22-1.6_G.freeze11.snv.mod.fix.bam	TARA_039_DCM_0.22-1.6_G.freeze11.snv.mod.fix.bam	TARA_041_SRF_0.22-1.6_G.freeze11.snv.mod.fix.bam	TARA_042_SRF_0.22-1.6_G.freeze11.snv.mod.fix.bam	TARA_045_SRF_0.22-1.6_G.freeze11.snv.mod.fix.bam	TARA_048_SRF_0.22-1.6_G.freeze11.snv.mod.fix.bam	TARA_056_SRF_0.22-3_G.freeze11.snv.mod.fix.bam	TARA_057_SRF_0.22-3_G.freeze11.snv.mod.fix.bam	TARA_058_DCM_0.22-3_G.freeze11.snv.mod.fix.bam	TARA_062_SRF_0.22-3_G.freeze11.snv.mod.fix.bam	TARA_064_DCM_0.22-3_G.freeze11.snv.mod.fix.bam	TARA_064_SRF_0.22-3_G.freeze11.snv.mod.fix.bam	TARA_072_MES_0.22-3_G.freeze11.snv.mod.fix.bam	TARA_072_SRF_0.22-3_G.freeze11.snv.mod.fix.bam	TARA_076_SRF_0.22-3_G.freeze11.snv.mod.fix.bam	TARA_078_SRF_0.22-3_G.freeze11.snv.mod.fix.bam	TARA_112_SRF_0.22-3_G.freeze11.snv.mod.fix.bam	TARA_132_SRF_0.22-3_G.freeze11.snv.mod.fix.bam	TARA_138_SRF_0.22-3_G.freeze11.snv.mod.fix.bam	TARA_140_SRF_0.22-3_G.freeze11.snv.mod.fix.bam	TARA_141_SRF_0.22-3_G.freeze11.snv.mod.fix.bam	TARA_142_DCM_0.22-3_G.freeze11.snv.mod.fix.bam	TARA_142_SRF_0.22-3_G.freeze11.snv.mod.fix.bam	TARA_148_SRF_0.22-3_G.freeze11.snv.mod.fix.bam
TARA_031_SRF_0.22-1.6_G.freeze11.snv.mod.fix.bam	0.0	3.10759745426e-05	0.000254822991249	4.35063643596e-05	7.45823389021e-05	4.35063643596e-05	6.21519490851e-05	6.21519490851e-05	0.000149164677804	0.000118088703262	0.00012430389817	0.000242392601432	3.10759745426e-05	0.000205101431981	0.000130519093079	0.00129276054097	0.000894988066826	0.00430091487669	0.000279683770883	0.00141084924423	0.000534506762132	0.00651973945903	0.00499080151154	0.00571176412092	0.00554395385839
TARA_032_SRF_0.22-1.6_G.freeze11.snv.mod.fix.bam	3.10759745426e-05	0.0	0.000285898965792	8.70127287192e-05	6.21519490851e-05	8.07975338107e-05	0.000136734287987	9.32279236277e-05	0.000180240652347	0.000211316626889	0.000211316626889	0.00041641805887	9.94431185362e-05	0.000316974940334	0.000192671042164	0.00164081145585	0.00114359586317	0.00497837112172	0.000372911694511	0.00166567223548	0.000714747414479	0.00632706841687	0.00468004176611	0.00548801710422	0.00568690334129
TARA_039_DCM_0.22-1.6_G.freeze11.snv.mod.fix.bam	0.000254822991249	0.000285898965792	0.0	0.000136734287987	0.000242392601432	0.000149164677804	0.00033562052506	0.000211316626889	0.000211316626889	0.000186455847255	0.000273468575975	0.000621519490851	0.000155379872713	0.000441278838504	0.000410202863962	0.00192671042164	0.00151650755768	0.00524562450278	0.000888772871917	0.0018272673031	0.000509645982498	0.00627113166269	0.00478570007955	0.00541964996022	0.00553773866348
TARA_041_SRF_0.22-1.6_G.freeze11.snv.mod.fix.bam	4.35063643596e-05	8.70127287192e-05	0.000136734287987	0.0	2.4860779634e-05	1.86455847255e-05	5.59367541766e-05	1.86455847255e-05	3.72911694511e-05	4.97215592681e-05	8.07975338107e-05	0.000298329355609	1.2430389817e-05	0.000242392601432	0.000136734287987	0.00164081145585	0.00114359586317	0.00506538385044	0.000503430787589	0.00148543158313	0.000354266109785	0.00635814439141	0.00459302903739	0.00546937151949	0.00557502983294
TARA_042_SRF_0.22-1.6_G.freeze11.snv.mod.fix.bam	7.45823389021e-05	6.21519490851e-05	0.000242392601432	2.4860779634e-05	0.0	3.10759745426e-05	8.07975338107e-05	6.83671439936e-05	0.000111873508353	0.00012430389817	0.000186455847255	0.000472354813047	1.86455847255e-05	0.000242392601432	0.00016781026253	0.00188320405728	0.00136734287987	0.00541343476531	0.0005842283214	0.00157865950676	0.0005842283214	0.00632085322196	0.00468004176611	0.00527670047733	0.00550666268894
TARA_045_SRF_0.22-1.6_G.freeze11.snv.mod.fix.bam	4.35063643596e-05	8.07975338107e-05	0.000149164677804	1.86455847255e-05	3.10759745426e-05	0.0	1.86455847255e-05	3.72911694511e-05	7.45823389021e-05	5.59367541766e-05	0.000105658313445	0.000217531821798	1.2430389817e-05	0.000161595067621	9.32279236277e-05	0.00156622911695	0.00114981105807	0.00487892800318	0.000428848448687	0.00134248210024	0.000422633253779	0.0067186256961	0.00492243436754	0.00558746022275	0.00582985282418
TARA_048_SRF_0.22-1.6_G.freeze11.snv.mod.fix.bam	6.21519490851e-05	0.000136734287987	0.00033562052506	5.59367541766e-05	8.07975338107e-05	1.86455847255e-05	0.0	9.94431185362e-05	0.00016781026253	0.000161595067621	0.000223747016706	0.000304544550517	3.10759745426e-05	0.000267253381066	0.000111873508353	0.00156622911695	0.00127411495625	0.00512753579952	0.000391557279236	0.00142327963405	0.000745823389021	0.00647623309467	0.00476083929992	0.00553152346858	0.00571176412092
TARA_056_SRF_0.22-3_G.freeze11.snv.mod.fix.bam	6.21519490851e-05	9.32279236277e-05	0.000211316626889	1.86455847255e-05	6.83671439936e-05	3.72911694511e-05	9.94431185362e-05	0.0	2.4860779634e-05	4.35063643596e-05	8.70127287192e-05	0.000372911694511	1.2430389817e-05	0.000229962211615	0.000174025457438	0.00169674821002	0.00117467183771	0.00460545942721	0.000596658711217	0.00119331742243	0.000403987669053	0.0070791070008	0.00522076372315	0.00592929594272	0.00614061256961
TARA_057_SRF_0.22-3_G.freeze11.snv.mod.fix.bam	0.000149164677804	0.000180240652347	0.000211316626889	3.72911694511e-05	0.000111873508353	7.45823389021e-05	0.00016781026253	2.4860779634e-05	0.0	8.07975338107e-05	5.59367541766e-05	0.000546937151949	5.59367541766e-05	0.000372911694511	0.000279683770883	0.00195778639618	0.00136734287987	0.00491000397772	0.000696101829753	0.00161595067621	0.00041641805887	0.00705424622116	0.00528913086714	0.00614061256961	0.00616547334924
TARA_058_DCM_0.22-3_G.freeze11.snv.mod.fix.bam	0.000118088703262	0.000211316626889	0.000186455847255	4.97215592681e-05	0.00012430389817	5.59367541766e-05	0.000161595067621	4.35063643596e-05	8.07975338107e-05	0.0	7.45823389021e-05	0.000379126889419	7.45823389021e-05	0.000242392601432	0.000254822991249	0.00179619132856	0.00114359586317	0.00453087708831	0.00075203858393	0.0013114061257	0.000397772474145	0.00750174025457	0.00564339697693	0.00638300517104	0.00654460023866
TARA_062_SRF_0.22-3_G.freeze11.snv.mod.fix.bam	0.00012430389817	0.000211316626889	0.000273468575975	8.07975338107e-05	0.000186455847255	0.000105658313445	0.000223747016706	8.70127287192e-05	5.59367541766e-05	7.45823389021e-05	0.0	0.000379126889419	4.97215592681e-05	0.00041641805887	0.000366696499602	0.00187077366746	0.00119331742243	0.00464896579157	0.000745823389021	0.00169674821002	0.000422633253779	0.0075203858393	0.00567447295147	0.00643272673031	0.0065010938743
TARA_064_DCM_0.22-3_G.freeze11.snv.mod.fix.bam	0.000242392601432	0.00041641805887	0.000621519490851	0.000298329355609	0.000472354813047	0.000217531821798	0.000304544550517	0.000372911694511	0.000546937151949	0.000379126889419	0.000379126889419	0.0	0.000149164677804	0.000422633253779	0.000391557279236	0.00159108989658	0.00105658313445	0.00414553500398	0.000571797931583	0.00168431782021	0.0008763424821	0.00754524661893	0.0056931185362	0.00650730906921	0.00643272673031
TARA_064_SRF_0.22-3_G.freeze11.snv.mod.fix.bam	3.10759745426e-05	9.94431185362e-05	0.000155379872713	1.2430389817e-05	1.86455847255e-05	1.2430389817e-05	3.10759745426e-05	1.2430389817e-05	5.59367541766e-05	7.45823389021e-05	4.97215592681e-05	0.000149164677804	0.0	0.000136734287987	8.70127287192e-05	0.00118710222753	0.000640165075577	0.00365453460621	0.00016781026253	0.00114981105807	0.000403987669053	0.00645137231504	0.00464896579157	0.00537614359586	0.00545694112967
TARA_072_MES_0.22-3_G.freeze11.snv.mod.fix.bam	0.000205101431981	0.000316974940334	0.000441278838504	0.000242392601432	0.000242392601432	0.000161595067621	0.000267253381066	0.000229962211615	0.000372911694511	0.000242392601432	0.00041641805887	0.000422633253779	0.000136734287987	0.0	0.000149164677804	0.00159730509149	0.000950924821002	0.00356130668258	0.000478570007955	0.000901203261734	0.000863912092283	0.00681185361973	0.00522697891806	0.00588578957836	0.00602873906126
TARA_072_SRF_0.22-3_G.freeze11.snv.mod.fix.bam	0.000130519093079	0.000192671042164	0.000410202863962	0.000136734287987	0.00016781026253	9.32279236277e-05	0.000111873508353	0.000174025457438	0.000279683770883	0.000254822991249	0.000366696499602	0.000391557279236	8.70127287192e-05	0.000149164677804	0.0	0.00152893794749	0.00113738066826	0.00418904136834	0.000379126889419	0.000975785600636	0.000950924821002	0.00688643595863	0.00535128281623	0.00601630867144	0.00603495425617
TARA_076_SRF_0.22-3_G.freeze11.snv.mod.fix.bam	0.00129276054097	0.00164081145585	0.00192671042164	0.00164081145585	0.00188320405728	0.00156622911695	0.00156622911695	0.00169674821002	0.00195778639618	0.00179619132856	0.00187077366746	0.00159108989658	0.00118710222753	0.00159730509149	0.00152893794749	0.0	0.0021939638027	0.00420768695306	0.00144814041368	0.00301436953063	0.00267874900557	0.00911769093079	0.00756389220366	0.00824134844869	0.00807353818616
TARA_078_SRF_0.22-3_G.freeze11.snv.mod.fix.bam	0.000894988066826	0.00114359586317	0.00151650755768	0.00114359586317	0.00136734287987	0.00114981105807	0.00127411495625	0.00117467183771	0.00136734287987	0.00114359586317	0.00119331742243	0.00105658313445	0.000640165075577	0.000950924821002	0.00113738066826	0.0021939638027	0.0	0.00404609188544	0.0008763424821	0.00247364757359	0.00200750795545	0.00873856404137	0.00702938544153	0.00790572792363	0.00785600636436
TARA_112_SRF_0.22-3_G.freeze11.snv.mod.fix.bam	0.00430091487669	0.00497837112172	0.00524562450278	0.00506538385044	0.00541343476531	0.00487892800318	0.00512753579952	0.00460545942721	0.00491000397772	0.00453087708831	0.00464896579157	0.00414553500398	0.00365453460621	0.00356130668258	0.00418904136834	0.00420768695306	0.00404609188544	0.0	0.00400258552108	0.00413931980907	0.00523319411297	0.0121258452665	0.0107522871917	0.0112867939539	0.0111314140811
TARA_132_SRF_0.22-3_G.freeze11.snv.mod.fix.bam	0.000279683770883	0.000372911694511	0.000888772871917	0.000503430787589	0.0005842283214	0.000428848448687	0.000391557279236	0.000596658711217	0.000696101829753	0.00075203858393	0.000745823389021	0.000571797931583	0.00016781026253	0.000478570007955	0.000379126889419	0.00144814041368	0.0008763424821	0.00400258552108	0.0	0.00185834327765	0.00146678599841	0.00633949880668	0.00455573786794	0.00522076372315	0.00531399164678
TARA_138_SRF_0.22-3_G.freeze11.snv.mod.fix.bam	0.00141084924423	0.00166567223548	0.0018272673031	0.00148543158313	0.00157865950676	0.00134248210024	0.00142327963405	0.00119331742243	0.00161595067621	0.0013114061257	0.00169674821002	0.00168431782021	0.00114981105807	0.000901203261734	0.000975785600636	0.00301436953063	0.00247364757359	0.00413931980907	0.00185834327765	0.0	0.0024860779634	0.00915498210024	0.00750795544948	0.00826620922832	0.00827242442323
TARA_140_SRF_0.22-3_G.freeze11.snv.mod.fix.bam	0.000534506762132	0.000714747414479	0.000509645982498	0.000354266109785	0.0005842283214	0.000422633253779	0.000745823389021	0.000403987669053	0.00041641805887	0.000397772474145	0.000422633253779	0.0008763424821	0.000403987669053	0.000863912092283	0.000950924821002	0.00267874900557	0.00200750795545	0.00523319411297	0.00146678599841	0.0024860779634	0.0	0.00791815831344	0.00627113166269	0.00686779037391	0.00705424622116
TARA_141_SRF_0.22-3_G.freeze11.snv.mod.fix.bam	0.00651973945903	0.00632706841687	0.00627113166269	0.00635814439141	0.00632085322196	0.0067186256961	0.00647623309467	0.0070791070008	0.00705424622116	0.00750174025457	0.0075203858393	0.00754524661893	0.00645137231504	0.00681185361973	0.00688643595863	0.00911769093079	0.00873856404137	0.0121258452665	0.00633949880668	0.00915498210024	0.00791815831344	0.0	2.4860779634e-05	6.21519490851e-06	4.97215592681e-05
TARA_142_DCM_0.22-3_G.freeze11.snv.mod.fix.bam	0.00499080151154	0.00468004176611	0.00478570007955	0.00459302903739	0.00468004176611	0.00492243436754	0.00476083929992	0.00522076372315	0.00528913086714	0.00564339697693	0.00567447295147	0.0056931185362	0.00464896579157	0.00522697891806	0.00535128281623	0.00756389220366	0.00702938544153	0.0107522871917	0.00455573786794	0.00750795544948	0.00627113166269	2.4860779634e-05	0.0	6.21519490851e-06	4.97215592681e-05
TARA_142_SRF_0.22-3_G.freeze11.snv.mod.fix.bam	0.00571176412092	0.00548801710422	0.00541964996022	0.00546937151949	0.00527670047733	0.00558746022275	0.00553152346858	0.00592929594272	0.00614061256961	0.00638300517104	0.00643272673031	0.00650730906921	0.00537614359586	0.00588578957836	0.00601630867144	0.00824134844869	0.00790572792363	0.0112867939539	0.00522076372315	0.00826620922832	0.00686779037391	6.21519490851e-06	6.21519490851e-06	0.0	4.97215592681e-05
TARA_148_SRF_0.22-3_G.freeze11.snv.mod.fix.bam	0.00554395385839	0.00568690334129	0.00553773866348	0.00557502983294	0.00550666268894	0.00582985282418	0.00571176412092	0.00614061256961	0.00616547334924	0.00654460023866	0.0065010938743	0.00643272673031	0.00545694112967	0.00602873906126	0.00603495425617	0.00807353818616	0.00785600636436	0.0111314140811	0.00531399164678	0.00827242442323	0.00705424622116	4.97215592681e-05	4.97215592681e-05	4.97215592681e-05	0.0
