	TARA_031_SRF_0.22-1.6_G.freeze11.snv.mod.fix.bam	TARA_033_SRF_0.22-1.6_G.freeze11.snv.mod.fix.bam	TARA_034_SRF_0.22-1.6_G.freeze11.snv.mod.fix.bam	TARA_036_DCM_0.22-1.6_G.freeze11.snv.mod.fix.bam	TARA_036_SRF_0.22-1.6_G.freeze11.snv.mod.fix.bam	TARA_038_DCM_0.22-1.6_G.freeze11.snv.mod.fix.bam	TARA_038_SRF_0.22-1.6_G.freeze11.snv.mod.fix.bam	TARA_039_DCM_0.22-1.6_G.freeze11.snv.mod.fix.bam	TARA_057_SRF_0.22-3_G.freeze11.snv.mod.fix.bam	TARA_062_SRF_0.22-3_G.freeze11.snv.mod.fix.bam	TARA_064_DCM_0.22-3_G.freeze11.snv.mod.fix.bam	TARA_064_SRF_0.22-3_G.freeze11.snv.mod.fix.bam	TARA_065_DCM_0.22-3_G.freeze11.snv.mod.fix.bam	TARA_065_SRF_0.22-3_G.freeze11.snv.mod.fix.bam	TARA_123_SRF_0.22-3_G.freeze11.snv.mod.fix.bam	TARA_124_MIX_0.22-3_G.freeze11.snv.mod.fix.bam	TARA_124_SRF_0.22-3_G.freeze11.snv.mod.fix.bam	TARA_125_SRF_0.22-3_G.freeze11.snv.mod.fix.bam	TARA_140_SRF_0.22-3_G.freeze11.snv.mod.fix.bam	TARA_141_SRF_0.22-3_G.freeze11.snv.mod.fix.bam	TARA_146_SRF_0.22-3_G.freeze11.snv.mod.fix.bam	TARA_148_SRF_0.22-3_G.freeze11.snv.mod.fix.bam	TARA_149_SRF_0.22-3_G.freeze11.snv.mod.fix.bam
TARA_031_SRF_0.22-1.6_G.freeze11.snv.mod.fix.bam	0.0	0.0612889224017	0.0630574392233	0.0612855707469	0.0601717234975	0.0568265186601	0.0607589186535	0.057578757783	0.0583850155875	0.0562976685029	0.0530299656307	0.0522870707244	0.0582239162487	0.0637899887069	0.0844947838469	0.0837325967919	0.0834229150405	0.0854113446434	0.0625051160343	0.0631250706711	0.0659675988756	0.0638426938094	0.0758779781139
TARA_033_SRF_0.22-1.6_G.freeze11.snv.mod.fix.bam	0.0612889224017	0.0	0.026578558905	0.0313578557972	0.0339954273652	0.0388618287989	0.0359616694266	0.0289395109782	0.0319454936363	0.0492307826116	0.0502384960026	0.0511666930796	0.0366843078608	0.0434992772769	0.0635169646046	0.0656315961206	0.0617502360496	0.0677776915664	0.0337083562453	0.0291049422049	0.0698988847898	0.0675410736949	0.0863244932433
TARA_034_SRF_0.22-1.6_G.freeze11.snv.mod.fix.bam	0.0630574392233	0.026578558905	0.0	0.0335431968974	0.0356299342123	0.0415702698506	0.0376960212637	0.0317755818538	0.0358221629312	0.0515553021754	0.0532121224223	0.0540791849835	0.0404229557504	0.0461879126633	0.064590489075	0.0663986583345	0.0632924215279	0.068448284915	0.036150454259	0.031500076422	0.0713197135733	0.0693750824941	0.0873128502595
TARA_036_DCM_0.22-1.6_G.freeze11.snv.mod.fix.bam	0.0612855707469	0.0313578557972	0.0335431968974	0.0	0.0283312296739	0.032367192981	0.0289576917693	0.0288470479689	0.0357404483354	0.0503834452233	0.0486411466037	0.0495586249849	0.0378761302873	0.0449747285124	0.0674062239626	0.0689785256449	0.0654175194218	0.0707283937966	0.0327779195296	0.0325594652247	0.0668022157902	0.0647002139198	0.0832866780232
TARA_036_SRF_0.22-1.6_G.freeze11.snv.mod.fix.bam	0.0601717234975	0.0339954273652	0.0356299342123	0.0283312296739	0.0	0.0333854440649	0.0318659312978	0.0299593121191	0.0389880620022	0.0511541508174	0.0488851657126	0.049927184385	0.0403361910391	0.0469362839624	0.0675247891972	0.068926358651	0.0658093930923	0.0704268823611	0.0378848219946	0.0356146359779	0.0651604085731	0.0632264047907	0.080448056508
TARA_038_DCM_0.22-1.6_G.freeze11.snv.mod.fix.bam	0.0568265186601	0.0388618287989	0.0415702698506	0.032367192981	0.0333854440649	0.0	0.0322381759815	0.0310852717808	0.0394228851608	0.049202574419	0.0399082602812	0.0414412320713	0.0373707660885	0.0461995051173	0.0711459206989	0.0725265895077	0.0690618887765	0.0740688887137	0.0387523430019	0.0416153843371	0.0575918475557	0.0540697586321	0.0726134435946
TARA_038_SRF_0.22-1.6_G.freeze11.snv.mod.fix.bam	0.0607589186535	0.0359616694266	0.0376960212637	0.0289576917693	0.0318659312978	0.0322381759815	0.0	0.0315220862845	0.0379947479212	0.0502754717789	0.0474604191935	0.0485484873783	0.0394377830051	0.0461869480108	0.0673769610139	0.0686289380728	0.0655092169589	0.0702236633723	0.0356724751843	0.0377646940956	0.0654459023183	0.0631422618105	0.0813671090818
TARA_039_DCM_0.22-1.6_G.freeze11.snv.mod.fix.bam	0.057578757783	0.0289395109782	0.0317755818538	0.0288470479689	0.0299593121191	0.0310852717808	0.0315220862845	0.0	0.0336590065159	0.047688616429	0.0445956393701	0.0457643079758	0.0356372409171	0.0441065954203	0.0652426782676	0.0669210676716	0.0633051198249	0.0687320466924	0.0336050153919	0.0320551803108	0.0628514305438	0.0600896068363	0.0783543993639
TARA_057_SRF_0.22-3_G.freeze11.snv.mod.fix.bam	0.0583850155875	0.0319454936363	0.0358221629312	0.0357404483354	0.0389880620022	0.0394228851608	0.0379947479212	0.0336590065159	0.0	0.0428407892826	0.042968783571	0.0449230926321	0.0317373651865	0.0401867287592	0.0677808875867	0.0691668281004	0.0656924260031	0.071071073473	0.035195175773	0.0362738367317	0.0689897138194	0.0664096793372	0.0856285145559
TARA_062_SRF_0.22-3_G.freeze11.snv.mod.fix.bam	0.0562976685029	0.0492307826116	0.0515553021754	0.0503834452233	0.0511541508174	0.049202574419	0.0502754717789	0.047688616429	0.0428407892826	0.0	0.0474080958082	0.0479573912007	0.0445259381784	0.0497642853726	0.0768109171441	0.076709848601	0.0755905966386	0.0781237162637	0.0497990146305	0.0524724034401	0.0691806082936	0.0676908509565	0.0830853966278
TARA_064_DCM_0.22-3_G.freeze11.snv.mod.fix.bam	0.0530299656307	0.0502384960026	0.0532121224223	0.0486411466037	0.0488851657126	0.0399082602812	0.0474604191935	0.0445956393701	0.042968783571	0.0474080958082	0.0	0.0332091605543	0.0390620379994	0.0481408690835	0.0804150911935	0.0808240965656	0.0784913559941	0.0822912358958	0.0485849776405	0.0534103560729	0.0556595440145	0.0514729633912	0.0689774405195
TARA_064_SRF_0.22-3_G.freeze11.snv.mod.fix.bam	0.0522870707244	0.0511666930796	0.0540791849835	0.0495586249849	0.049927184385	0.0414412320713	0.0485484873783	0.0457643079758	0.0449230926321	0.0479573912007	0.0332091605543	0.0	0.0408786729922	0.0497452507021	0.0809810448479	0.0812942817243	0.0792591560742	0.08293271374	0.0495198155527	0.054347196535	0.0564380788613	0.0523847479167	0.0694292441333
TARA_065_DCM_0.22-3_G.freeze11.snv.mod.fix.bam	0.0582239162487	0.0366843078608	0.0404229557504	0.0378761302873	0.0403361910391	0.0373707660885	0.0394377830051	0.0356372409171	0.0317373651865	0.0445259381784	0.0390620379994	0.0408786729922	0.0	0.0379308828586	0.0721454288967	0.0731182201377	0.0701991179397	0.0746949808033	0.0387950933803	0.0410290896537	0.0654595303729	0.0626160900097	0.0814292310799
TARA_065_SRF_0.22-3_G.freeze11.snv.mod.fix.bam	0.0637899887069	0.0434992772769	0.0461879126633	0.0449747285124	0.0469362839624	0.0461995051173	0.0461869480108	0.0441065954203	0.0401867287592	0.0497642853726	0.0481408690835	0.0497452507021	0.0379308828586	0.0	0.075319182314	0.0759679504378	0.0741158334239	0.0771891488903	0.045588864296	0.0474570293032	0.0716065199947	0.0701507582931	0.0872659756796
TARA_123_SRF_0.22-3_G.freeze11.snv.mod.fix.bam	0.0844947838469	0.0635169646046	0.064590489075	0.0674062239626	0.0675247891972	0.0711459206989	0.0673769610139	0.0652426782676	0.0677808875867	0.0768109171441	0.0804150911935	0.0809810448479	0.0721454288967	0.075319182314	0.0	0.0294252623867	0.0216245452654	0.0313951012565	0.0708856973948	0.0650575774828	0.0918035645108	0.0910829409564	0.104056943348
TARA_124_MIX_0.22-3_G.freeze11.snv.mod.fix.bam	0.0837325967919	0.0656315961206	0.0663986583345	0.0689785256449	0.068926358651	0.0725265895077	0.0686289380728	0.0669210676716	0.0691668281004	0.076709848601	0.0808240965656	0.0812942817243	0.0731182201377	0.0759679504378	0.0294252623867	0.0	0.0285144998002	0.0339292098994	0.0723425612503	0.0670225686607	0.0914050747503	0.0913557576026	0.103546970512
TARA_124_SRF_0.22-3_G.freeze11.snv.mod.fix.bam	0.0834229150405	0.0617502360496	0.0632924215279	0.0654175194218	0.0658093930923	0.0690618887765	0.0655092169589	0.0633051198249	0.0656924260031	0.0755905966386	0.0784913559941	0.0792591560742	0.0701991179397	0.0741158334239	0.0216245452654	0.0285144998002	0.0	0.0298745755005	0.0690586144595	0.0629684002735	0.0903194480865	0.0893875813458	0.102684587408
TARA_125_SRF_0.22-3_G.freeze11.snv.mod.fix.bam	0.0854113446434	0.0677776915664	0.068448284915	0.0707283937966	0.0704268823611	0.0740688887137	0.0702236633723	0.0687320466924	0.071071073473	0.0781237162637	0.0822912358958	0.08293271374	0.0746949808033	0.0771891488903	0.0313951012565	0.0339292098994	0.0298745755005	0.0	0.0742851634792	0.0690551256091	0.0928794972393	0.0929454980938	0.104702757589
TARA_140_SRF_0.22-3_G.freeze11.snv.mod.fix.bam	0.0625051160343	0.0337083562453	0.036150454259	0.0327779195296	0.0378848219946	0.0387523430019	0.0356724751843	0.0336050153919	0.035195175773	0.0497990146305	0.0485849776405	0.0495198155527	0.0387950933803	0.045588864296	0.0708856973948	0.0723425612503	0.0690586144595	0.0742851634792	0.0	0.0338269434395	0.0676502688111	0.0650900365092	0.0846137380349
TARA_141_SRF_0.22-3_G.freeze11.snv.mod.fix.bam	0.0631250706711	0.0291049422049	0.031500076422	0.0325594652247	0.0356146359779	0.0416153843371	0.0377646940956	0.0320551803108	0.0362738367317	0.0524724034401	0.0534103560729	0.054347196535	0.0410290896537	0.0474570293032	0.0650575774828	0.0670225686607	0.0629684002735	0.0690551256091	0.0338269434395	0.0	0.0695433860984	0.0678323726718	0.0862026044988
TARA_146_SRF_0.22-3_G.freeze11.snv.mod.fix.bam	0.0659675988756	0.0698988847898	0.0713197135733	0.0668022157902	0.0651604085731	0.0575918475557	0.0654459023183	0.0628514305438	0.0689897138194	0.0691806082936	0.0556595440145	0.0564380788613	0.0654595303729	0.0716065199947	0.0918035645108	0.0914050747503	0.0903194480865	0.0928794972393	0.0676502688111	0.0695433860984	0.0	0.0407018191692	0.0536529402829
TARA_148_SRF_0.22-3_G.freeze11.snv.mod.fix.bam	0.0638426938094	0.0675410736949	0.0693750824941	0.0647002139198	0.0632264047907	0.0540697586321	0.0631422618105	0.0600896068363	0.0664096793372	0.0676908509565	0.0514729633912	0.0523847479167	0.0626160900097	0.0701507582931	0.0910829409564	0.0913557576026	0.0893875813458	0.0929454980938	0.0650900365092	0.0678323726718	0.0407018191692	0.0	0.0467021293424
TARA_149_SRF_0.22-3_G.freeze11.snv.mod.fix.bam	0.0758779781139	0.0863244932433	0.0873128502595	0.0832866780232	0.080448056508	0.0726134435946	0.0813671090818	0.0783543993639	0.0856285145559	0.0830853966278	0.0689774405195	0.0694292441333	0.0814292310799	0.0872659756796	0.104056943348	0.103546970512	0.102684587408	0.104702757589	0.0846137380349	0.0862026044988	0.0536529402829	0.0467021293424	0.0
