	TARA_031_SRF_0.22-1.6_G.freeze11.snv.mod.fix.bam	TARA_032_SRF_0.22-1.6_G.freeze11.snv.mod.fix.bam	TARA_033_SRF_0.22-1.6_G.freeze11.snv.mod.fix.bam	TARA_038_DCM_0.22-1.6_G.freeze11.snv.mod.fix.bam	TARA_038_SRF_0.22-1.6_G.freeze11.snv.mod.fix.bam	TARA_039_DCM_0.22-1.6_G.freeze11.snv.mod.fix.bam	TARA_041_SRF_0.22-1.6_G.freeze11.snv.mod.fix.bam	TARA_042_SRF_0.22-1.6_G.freeze11.snv.mod.fix.bam	TARA_045_SRF_0.22-1.6_G.freeze11.snv.mod.fix.bam	TARA_048_SRF_0.22-1.6_G.freeze11.snv.mod.fix.bam	TARA_056_SRF_0.22-3_G.freeze11.snv.mod.fix.bam	TARA_057_SRF_0.22-3_G.freeze11.snv.mod.fix.bam	TARA_058_DCM_0.22-3_G.freeze11.snv.mod.fix.bam	TARA_062_SRF_0.22-3_G.freeze11.snv.mod.fix.bam	TARA_064_DCM_0.22-3_G.freeze11.snv.mod.fix.bam	TARA_064_SRF_0.22-3_G.freeze11.snv.mod.fix.bam	TARA_072_MES_0.22-3_G.freeze11.snv.mod.fix.bam	TARA_072_SRF_0.22-3_G.freeze11.snv.mod.fix.bam	TARA_076_SRF_0.22-3_G.freeze11.snv.mod.fix.bam	TARA_078_SRF_0.22-3_G.freeze11.snv.mod.fix.bam	TARA_098_SRF_0.22-3_G.freeze11.snv.mod.fix.bam	TARA_099_SRF_0.22-3_G.freeze11.snv.mod.fix.bam	TARA_112_SRF_0.22-3_G.freeze11.snv.mod.fix.bam	TARA_132_SRF_0.22-3_G.freeze11.snv.mod.fix.bam	TARA_138_SRF_0.22-3_G.freeze11.snv.mod.fix.bam	TARA_140_SRF_0.22-3_G.freeze11.snv.mod.fix.bam	TARA_142_DCM_0.22-3_G.freeze11.snv.mod.fix.bam	TARA_142_SRF_0.22-3_G.freeze11.snv.mod.fix.bam
TARA_031_SRF_0.22-1.6_G.freeze11.snv.mod.fix.bam	0.0	0.021244728212	0.0350788519271	0.0437320372903	0.0442039154422	0.034824984867	0.0265671737376	0.0282488989285	0.0262784421478	0.0279255113712	0.0291263963676	0.0322350404457	0.0315927376093	0.0321050237312	0.0356693437988	0.0260198046651	0.0348862060157	0.0302861480037	0.0392582793556	0.0365765681006	0.0490018537479	0.0554623629591	0.0446062424895	0.0304313720303	0.037693019858	0.0389398873585	0.0362998283422	0.0371794462888
TARA_032_SRF_0.22-1.6_G.freeze11.snv.mod.fix.bam	0.021244728212	0.0	0.0327318576317	0.0426594050679	0.0429866003316	0.0331062005086	0.0266141793496	0.0271104339223	0.0265658156165	0.027079036898	0.0292009046253	0.0320372206661	0.0321597603639	0.0325608788877	0.0358152676057	0.0274013942672	0.0342295063234	0.0294554639306	0.0385407420864	0.0359712122564	0.0473525950901	0.0536117095637	0.0447859587938	0.0297514646942	0.0365205027351	0.0387034237908	0.0344087867638	0.0351930052164
TARA_033_SRF_0.22-1.6_G.freeze11.snv.mod.fix.bam	0.0350788519271	0.0327318576317	0.0	0.0443135813057	0.0446358625364	0.0361803925177	0.0354028612155	0.0347118211942	0.0361342111725	0.0364863058231	0.0366253418346	0.0374232260724	0.0387777797133	0.03860066457	0.0411720474941	0.0376341124748	0.0398897128387	0.0371292290338	0.0434938313575	0.0412971204477	0.0510075408109	0.0559754808405	0.0511677310845	0.0378752264564	0.0420294467557	0.0413133932697	0.0394142369664	0.0398132861535
TARA_038_DCM_0.22-1.6_G.freeze11.snv.mod.fix.bam	0.0437320372903	0.0426594050679	0.0443135813057	0.0	0.0361246445155	0.0391966640864	0.0418618245894	0.0421494813446	0.0427919129371	0.043064077853	0.0429195084782	0.0437141285564	0.0444092598737	0.0447716177372	0.0457271402339	0.0421032629417	0.0448412422792	0.0424353923012	0.0486092204936	0.0460233929039	0.055356855053	0.059677535219	0.0544213756919	0.0438330177984	0.0462067404487	0.0448507173086	0.0459705563934	0.0463083446851
TARA_038_SRF_0.22-1.6_G.freeze11.snv.mod.fix.bam	0.0442039154422	0.0429866003316	0.0446358625364	0.0361246445155	0.0	0.0404209567962	0.0423631461487	0.042323862101	0.0431518694168	0.0433510772331	0.0434960508776	0.0441853615501	0.04470233866	0.0451700834365	0.0461267561294	0.0426489262552	0.0447402025028	0.0423583656973	0.0485773373083	0.0462314896388	0.0553346667897	0.0598341325772	0.0546384783918	0.043956556221	0.0458424680913	0.0455354750944	0.045741425292	0.0461786421151
TARA_039_DCM_0.22-1.6_G.freeze11.snv.mod.fix.bam	0.034824984867	0.0331062005086	0.0361803925177	0.0391966640864	0.0404209567962	0.0	0.0309454444152	0.0315400197083	0.0326485342344	0.0336332386816	0.0330437951226	0.0339639092157	0.0348163620668	0.0351464828439	0.0390587006604	0.0338509003635	0.0380892557817	0.0346070755561	0.0422664496996	0.039636564509	0.0501567588704	0.055250608961	0.0489771572169	0.0358060686588	0.0399226536024	0.0374273372923	0.0381672047247	0.0387408830592
TARA_041_SRF_0.22-1.6_G.freeze11.snv.mod.fix.bam	0.0265671737376	0.0266141793496	0.0354028612155	0.0418618245894	0.0423631461487	0.0309454444152	0.0	0.0240530901957	0.0228136274954	0.0256194939999	0.0254860952004	0.0285727138827	0.0280511510322	0.0289646608433	0.0352637007969	0.0256374545498	0.0344978890692	0.0297018984958	0.03948984588	0.0365787269976	0.0489611065935	0.0551353645072	0.044939840743	0.0306524828514	0.0367937318916	0.0357362312188	0.0358311075418	0.0367709970304
TARA_042_SRF_0.22-1.6_G.freeze11.snv.mod.fix.bam	0.0282488989285	0.0271104339223	0.0347118211942	0.0421494813446	0.042323862101	0.0315400197083	0.0240530901957	0.0	0.0241415685808	0.0254421412197	0.0273394759969	0.0301577363594	0.0302827109102	0.0311135524155	0.0358377834821	0.0281069431571	0.0341052968097	0.0293359571551	0.0389605501654	0.0366032883423	0.0476071622993	0.0537369029377	0.0455072940646	0.0305937561924	0.0361023103727	0.0372581089658	0.0344328673681	0.0351713235463
TARA_045_SRF_0.22-1.6_G.freeze11.snv.mod.fix.bam	0.0262784421478	0.0265658156165	0.0361342111725	0.0427919129371	0.0431518694168	0.0326485342344	0.0228136274954	0.0241415685808	0.0	0.0224161337774	0.0260392917468	0.0293750525283	0.0287038906227	0.0301408548623	0.035174233822	0.0248233732068	0.0339538519797	0.0289228268257	0.0390458434299	0.0364261285499	0.0485507293786	0.0549159858074	0.044399564752	0.0296871505765	0.036186154603	0.0372690056673	0.0357177689197	0.0367224034321
TARA_048_SRF_0.22-1.6_G.freeze11.snv.mod.fix.bam	0.0279255113712	0.027079036898	0.0364863058231	0.043064077853	0.0433510772331	0.0336332386816	0.0256194939999	0.0254421412197	0.0224161337774	0.0	0.0284054092291	0.0318164353495	0.0318682611925	0.0331570124466	0.0359770291635	0.0268686558743	0.0331538378122	0.0280281528839	0.038059609367	0.0361207432755	0.0467779079056	0.0533136544047	0.0442006373872	0.02870383254	0.0349801260037	0.039287734576	0.0347525717614	0.0355187428631
TARA_056_SRF_0.22-3_G.freeze11.snv.mod.fix.bam	0.0291263963676	0.0292009046253	0.0366253418346	0.0429195084782	0.0434960508776	0.0330437951226	0.0254860952004	0.0273394759969	0.0260392917468	0.0284054092291	0.0	0.0278902634118	0.0275199618716	0.028685330948	0.0359621518646	0.027369518178	0.0351456591318	0.0307447442098	0.0405315365486	0.0375976309625	0.04980631752	0.0555632249342	0.0456265403375	0.0323666647654	0.036678111238	0.0367877615897	0.0374154444246	0.0383415277442
TARA_057_SRF_0.22-3_G.freeze11.snv.mod.fix.bam	0.0322350404457	0.0320372206661	0.0374232260724	0.0437141285564	0.0441853615501	0.0339639092157	0.0285727138827	0.0301577363594	0.0293750525283	0.0318164353495	0.0278902634118	0.0	0.0299011506365	0.0306565794851	0.03763913763	0.0306368047887	0.0373874654818	0.0337015297329	0.0422777293103	0.0394787115614	0.0513954353187	0.0570717065821	0.0481122359089	0.0350428561116	0.0397354821862	0.03757151746	0.03890757037	0.0397759956112
TARA_058_DCM_0.22-3_G.freeze11.snv.mod.fix.bam	0.0315927376093	0.0321597603639	0.0387777797133	0.0444092598737	0.04470233866	0.0348163620668	0.0280511510322	0.0302827109102	0.0287038906227	0.0318682611925	0.0275199618716	0.0299011506365	0.0	0.0294321944807	0.0374400170907	0.0292532977838	0.0373768327061	0.0335205300529	0.0425953257475	0.039809546102	0.0521779338027	0.0580153324869	0.0475922247036	0.0352329614145	0.0395282741548	0.0375584771472	0.0400481333519	0.0410226469531
TARA_062_SRF_0.22-3_G.freeze11.snv.mod.fix.bam	0.0321050237312	0.0325608788877	0.03860066457	0.0447716177372	0.0451700834365	0.0351464828439	0.0289646608433	0.0311135524155	0.0301408548623	0.0331570124466	0.028685330948	0.0306565794851	0.0294321944807	0.0	0.0377059979148	0.0303607920905	0.0381669650588	0.0346736017343	0.0429510359375	0.0401047160862	0.0522449495513	0.0580986237355	0.0480829403452	0.0357832017504	0.0409738483495	0.0376068266106	0.0399619956021	0.041034646174
TARA_064_DCM_0.22-3_G.freeze11.snv.mod.fix.bam	0.0356693437988	0.0358152676057	0.0411720474941	0.0457271402339	0.0461267561294	0.0390587006604	0.0352637007969	0.0358377834821	0.035174233822	0.0359770291635	0.0359621518646	0.03763913763	0.0374400170907	0.0377059979148	0.0	0.0321805449208	0.0388896129836	0.0358742086337	0.0423812140015	0.0398953424069	0.0515750774999	0.057274409671	0.048234074311	0.0365421445653	0.0415382424182	0.0426006758791	0.0410924214663	0.041810744189
TARA_064_SRF_0.22-3_G.freeze11.snv.mod.fix.bam	0.0260198046651	0.0274013942672	0.0376341124748	0.0421032629417	0.0426489262552	0.0338509003635	0.0256374545498	0.0281069431571	0.0248233732068	0.0268686558743	0.027369518178	0.0306368047887	0.0292532977838	0.0303607920905	0.0321805449208	0.0	0.0336801874664	0.0290467466511	0.0382689578914	0.0344695677447	0.0483657399749	0.0546575660521	0.042365106991	0.0291655748684	0.0363061321886	0.0373632874627	0.0369331594391	0.0378882860172
TARA_072_MES_0.22-3_G.freeze11.snv.mod.fix.bam	0.0348862060157	0.0342295063234	0.0398897128387	0.0448412422792	0.0447402025028	0.0380892557817	0.0344978890692	0.0341052968097	0.0339538519797	0.0331538378122	0.0351456591318	0.0373874654818	0.0373768327061	0.0381669650588	0.0388896129836	0.0336801874664	0.0	0.0305955158428	0.0404219005989	0.0387076950034	0.0483889839559	0.0541634486246	0.0462727306775	0.0344464548114	0.0366185604563	0.0430997882219	0.0386783638155	0.0394092819727
TARA_072_SRF_0.22-3_G.freeze11.snv.mod.fix.bam	0.0302861480037	0.0294554639306	0.0371292290338	0.0424353923012	0.0423583656973	0.0346070755561	0.0297018984958	0.0293359571551	0.0289228268257	0.0280281528839	0.0307447442098	0.0337015297329	0.0335205300529	0.0346736017343	0.0358742086337	0.0290467466511	0.0305955158428	0.0	0.037625116617	0.0355526231461	0.0459299678374	0.0518991510216	0.0433998170896	0.0299696854739	0.0330243042252	0.0402412120538	0.0353237455226	0.0360068032512
TARA_076_SRF_0.22-3_G.freeze11.snv.mod.fix.bam	0.0392582793556	0.0385407420864	0.0434938313575	0.0486092204936	0.0485773373083	0.0422664496996	0.03948984588	0.0389605501654	0.0390458434299	0.038059609367	0.0405315365486	0.0422777293103	0.0425953257475	0.0429510359375	0.0423812140015	0.0382689578914	0.0404219005989	0.037625116617	0.0	0.0403141300968	0.0490495860578	0.0551941537368	0.0473929988256	0.0363837914624	0.0426181777241	0.0468553064993	0.042346317459	0.0428888717389
TARA_078_SRF_0.22-3_G.freeze11.snv.mod.fix.bam	0.0365765681006	0.0359712122564	0.0412971204477	0.0460233929039	0.0462314896388	0.039636564509	0.0365787269976	0.0366032883423	0.0364261285499	0.0361207432755	0.0375976309625	0.0394787115614	0.039809546102	0.0401047160862	0.0398953424069	0.0344695677447	0.0387076950034	0.0355526231461	0.0403141300968	0.0	0.0471148735681	0.0531246930582	0.0448982569459	0.0325861732123	0.0405321414474	0.0441884209392	0.0403254668593	0.0406676161517
TARA_098_SRF_0.22-3_G.freeze11.snv.mod.fix.bam	0.0490018537479	0.0473525950901	0.0510075408109	0.055356855053	0.0553346667897	0.0501567588704	0.0489611065935	0.0476071622993	0.0485507293786	0.0467779079056	0.04980631752	0.0513954353187	0.0521779338027	0.0522449495513	0.0515750774999	0.0483657399749	0.0483889839559	0.0459299678374	0.0490495860578	0.0471148735681	0.0	0.0470945724355	0.040479708164	0.0441137309098	0.048327241561	0.0553830625074	0.0494453276549	0.0494031061378
TARA_099_SRF_0.22-3_G.freeze11.snv.mod.fix.bam	0.0554623629591	0.0536117095637	0.0559754808405	0.059677535219	0.0598341325772	0.055250608961	0.0551353645072	0.0537369029377	0.0549159858074	0.0533136544047	0.0555632249342	0.0570717065821	0.0580153324869	0.0580986237355	0.057274409671	0.0546575660521	0.0541634486246	0.0518991510216	0.0551941537368	0.0531246930582	0.0470945724355	0.0	0.0470787979168	0.0511780637155	0.0527071856814	0.0604701046099	0.0550538435071	0.0550834498553
TARA_112_SRF_0.22-3_G.freeze11.snv.mod.fix.bam	0.0446062424895	0.0447859587938	0.0511677310845	0.0544213756919	0.0546384783918	0.0489771572169	0.044939840743	0.0455072940646	0.044399564752	0.0442006373872	0.0456265403375	0.0481122359089	0.0475922247036	0.0480829403452	0.048234074311	0.042365106991	0.0462727306775	0.0433998170896	0.0473929988256	0.0448982569459	0.040479708164	0.0470787979168	0.0	0.0422424411932	0.046179818724	0.0524887458674	0.0504297296254	0.0508007927379
TARA_132_SRF_0.22-3_G.freeze11.snv.mod.fix.bam	0.0304313720303	0.0297514646942	0.0378752264564	0.0438330177984	0.043956556221	0.0358060686588	0.0306524828514	0.0305937561924	0.0296871505765	0.02870383254	0.0323666647654	0.0350428561116	0.0352329614145	0.0357832017504	0.0365421445653	0.0291655748684	0.0344464548114	0.0299696854739	0.0363837914624	0.0325861732123	0.0441137309098	0.0511780637155	0.0422424411932	0.0	0.0362556507301	0.0409870983969	0.0354353332409	0.0359435573412
TARA_138_SRF_0.22-3_G.freeze11.snv.mod.fix.bam	0.037693019858	0.0365205027351	0.0420294467557	0.0462067404487	0.0458424680913	0.0399226536024	0.0367937318916	0.0361023103727	0.036186154603	0.0349801260037	0.036678111238	0.0397354821862	0.0395282741548	0.0409738483495	0.0415382424182	0.0363061321886	0.0366185604563	0.0330243042252	0.0426181777241	0.0405321414474	0.048327241561	0.0527071856814	0.046179818724	0.0362556507301	0.0	0.0449731662178	0.0408406776054	0.0413016498057
TARA_140_SRF_0.22-3_G.freeze11.snv.mod.fix.bam	0.0389398873585	0.0387034237908	0.0413133932697	0.0448507173086	0.0455354750944	0.0374273372923	0.0357362312188	0.0372581089658	0.0372690056673	0.039287734576	0.0367877615897	0.03757151746	0.0375584771472	0.0376068266106	0.0426006758791	0.0373632874627	0.0430997882219	0.0402412120538	0.0468553064993	0.0441884209392	0.0553830625074	0.0604701046099	0.0524887458674	0.0409870983969	0.0449731662178	0.0	0.0442335566589	0.0450526187416
TARA_142_DCM_0.22-3_G.freeze11.snv.mod.fix.bam	0.0362998283422	0.0344087867638	0.0394142369664	0.0459705563934	0.045741425292	0.0381672047247	0.0358311075418	0.0344328673681	0.0357177689197	0.0347525717614	0.0374154444246	0.03890757037	0.0400481333519	0.0399619956021	0.0410924214663	0.0369331594391	0.0386783638155	0.0353237455226	0.042346317459	0.0403254668593	0.0494453276549	0.0550538435071	0.0504297296254	0.0354353332409	0.0408406776054	0.0442335566589	0.0	0.0238625750918
TARA_142_SRF_0.22-3_G.freeze11.snv.mod.fix.bam	0.0371794462888	0.0351930052164	0.0398132861535	0.0463083446851	0.0461786421151	0.0387408830592	0.0367709970304	0.0351713235463	0.0367224034321	0.0355187428631	0.0383415277442	0.0397759956112	0.0410226469531	0.041034646174	0.041810744189	0.0378882860172	0.0394092819727	0.0360068032512	0.0428888717389	0.0406676161517	0.0494031061378	0.0550834498553	0.0508007927379	0.0359435573412	0.0413016498057	0.0450526187416	0.0238625750918	0.0
