	TARA_004_DCM_0.22-1.6_G.freeze11.snv.mod.fix.bam	TARA_004_SRF_0.22-1.6_G.freeze11.snv.mod.fix.bam	TARA_009_DCM_0.22-1.6_G.freeze11.snv.mod.fix.bam	TARA_018_DCM_0.22-1.6_G.freeze11.snv.mod.fix.bam	TARA_018_SRF_0.22-1.6_G.freeze11.snv.mod.fix.bam	TARA_023_DCM_0.22-1.6_G.freeze11.snv.mod.fix.bam	TARA_025_DCM_0.22-1.6_G.freeze11.snv.mod.fix.bam	TARA_025_SRF_0.22-1.6_G.freeze11.snv.mod.fix.bam	TARA_030_DCM_0.22-1.6_G.freeze11.snv.mod.fix.bam	TARA_052_DCM_0.22-1.6_G.freeze11.snv.mod.fix.bam	TARA_066_SRF_0.22-3_G.freeze11.snv.mod.fix.bam	TARA_068_DCM_0.22-3_G.freeze11.snv.mod.fix.bam	TARA_068_SRF_0.22-3_G.freeze11.snv.mod.fix.bam	TARA_070_SRF_0.22-3_G.freeze11.snv.mod.fix.bam	TARA_072_DCM_0.22-3_G.freeze11.snv.mod.fix.bam	TARA_076_DCM_0.22-3_G.freeze11.snv.mod.fix.bam	TARA_078_DCM_0.22-3_G.freeze11.snv.mod.fix.bam	TARA_078_SRF_0.22-3_G.freeze11.snv.mod.fix.bam	TARA_098_DCM_0.22-3_G.freeze11.snv.mod.fix.bam	TARA_100_DCM_0.22-3_G.freeze11.snv.mod.fix.bam	TARA_102_DCM_0.22-3_G.freeze11.snv.mod.fix.bam	TARA_110_DCM_0.22-3_G.freeze11.snv.mod.fix.bam	TARA_111_DCM_0.22-3_G.freeze11.snv.mod.fix.bam	TARA_112_DCM_0.22-3_G.freeze11.snv.mod.fix.bam	TARA_132_DCM_0.22-3_G.freeze11.snv.mod.fix.bam	TARA_133_DCM_0.22-3_G.freeze11.snv.mod.fix.bam	TARA_138_DCM_0.22-3_G.freeze11.snv.mod.fix.bam	TARA_146_SRF_0.22-3_G.freeze11.snv.mod.fix.bam	TARA_148_SRF_0.22-3_G.freeze11.snv.mod.fix.bam	TARA_149_SRF_0.22-3_G.freeze11.snv.mod.fix.bam	TARA_150_DCM_0.22-3_G.freeze11.snv.mod.fix.bam	TARA_150_SRF_0.22-3_G.freeze11.snv.mod.fix.bam	TARA_151_DCM_0.22-3_G.freeze11.snv.mod.fix.bam	TARA_151_SRF_0.22-3_G.freeze11.snv.mod.fix.bam	TARA_152_MIX_0.22-3_G.freeze11.snv.mod.fix.bam	TARA_152_SRF_0.22-3_G.freeze11.snv.mod.fix.bam
TARA_004_DCM_0.22-1.6_G.freeze11.snv.mod.fix.bam	0.0	0.0245308015481	0.0250175788937	0.023020647986	0.0237387603	0.027968773422	0.0194945256278	0.0283070648305	0.0353116299585	0.0542921972277	0.0444762523035	0.0203207252289	0.0212869231002	0.0329442100207	0.0431757064917	0.0387538651015	0.0252789100195	0.0423385953427	0.039414273732	0.022499390939	0.0369548601227	0.0567248618179	0.0333884009602	0.0542451106127	0.0300613733628	0.0511840935285	0.0466704568479	0.0425415860638	0.0452191774388	0.0411614800471	0.0228839194806	0.0252690199809	0.0334479946579	0.0379536533033	0.029585960564	0.0328418969956
TARA_004_SRF_0.22-1.6_G.freeze11.snv.mod.fix.bam	0.0245308015481	0.0	0.0320273017528	0.0297586618366	0.0303919539125	0.0348229548796	0.0282226396924	0.0326184726205	0.0385380305914	0.0556401477642	0.0457370076917	0.0287092306745	0.0295316417353	0.0380721403243	0.0451356390214	0.0415568220191	0.031445136787	0.0433847648839	0.0435161901725	0.0307078789438	0.0410136958927	0.0585057777419	0.0402939898943	0.0560186387214	0.036666902091	0.0558578884041	0.0485819140161	0.0440095117117	0.0461917973154	0.0425758754913	0.028510114643	0.0315082109225	0.0366266383532	0.0398105998132	0.0342701510744	0.0370665949013
TARA_009_DCM_0.22-1.6_G.freeze11.snv.mod.fix.bam	0.0250175788937	0.0320273017528	0.0	0.0218655298014	0.0242189389473	0.026036335682	0.0219823553735	0.0244770515788	0.0355498245277	0.0572905470932	0.046751736793	0.026240365584	0.0264334703411	0.0337360117296	0.0472356955155	0.0413603648364	0.0293492569707	0.0444263640889	0.0424104533187	0.0305801280406	0.0386726698488	0.0587810066522	0.0388818706053	0.056015146338	0.0318000318437	0.0519187584738	0.050143850425	0.0448555724476	0.0474300925395	0.043128794017	0.0280097864889	0.0279804795384	0.0337577084803	0.0379568868106	0.033819154452	0.0370483673774
TARA_018_DCM_0.22-1.6_G.freeze11.snv.mod.fix.bam	0.023020647986	0.0297586618366	0.0218655298014	0.0	0.0202126020074	0.0246818787681	0.0192200868476	0.0259068108933	0.0349159248786	0.0587755694072	0.0479080667817	0.0272983747153	0.0279197375048	0.0384741838642	0.0480994350476	0.0442579255542	0.0324413006046	0.0455315287432	0.0437276837278	0.0289784493807	0.0422951792818	0.0607125594052	0.0383195621868	0.0577150545242	0.0331542791886	0.04957446434	0.0514850784689	0.0471150948601	0.0493779785191	0.0452004687767	0.0288944221992	0.030382450908	0.0355529648312	0.0396808195849	0.0308939513361	0.033424134652
TARA_018_SRF_0.22-1.6_G.freeze11.snv.mod.fix.bam	0.0237387603	0.0303919539125	0.0242189389473	0.0202126020074	0.0	0.0250472125243	0.0202369324506	0.0276023000865	0.0359730456662	0.0599779415077	0.0488234587704	0.028413211076	0.0290308201308	0.0403842837816	0.0493683377445	0.0457051764149	0.0342493108425	0.0466213994748	0.0450323955289	0.0299209037955	0.0441292516268	0.0618547725145	0.0387806158294	0.0591388685322	0.0342937048514	0.0490949099198	0.0528023658055	0.0482924182683	0.0504792326793	0.0462810796007	0.0304491205381	0.0317550612901	0.0366287072756	0.0406807807388	0.031180298588	0.0335327916355
TARA_023_DCM_0.22-1.6_G.freeze11.snv.mod.fix.bam	0.027968773422	0.0348229548796	0.026036335682	0.0246818787681	0.0250472125243	0.0	0.0231267068094	0.0302938530376	0.0353433071891	0.0640289380735	0.052046897571	0.0283470056177	0.0281693846306	0.0412238994667	0.0534646017134	0.0486644537583	0.0385487220868	0.0513993119681	0.0464391511656	0.0331465684196	0.0460048037915	0.0630983624518	0.0368539683018	0.0622242767784	0.0317205416463	0.0468380407367	0.0561304993057	0.0517328925531	0.0542208461605	0.0494970414149	0.0346048060764	0.0312388040614	0.0375520961354	0.0424696977759	0.0350886356308	0.0371306157758
TARA_025_DCM_0.22-1.6_G.freeze11.snv.mod.fix.bam	0.0194945256278	0.0282226396924	0.0219823553735	0.0192200868476	0.0202369324506	0.0231267068094	0.0	0.0229914980088	0.0313525725847	0.0573668759302	0.0468429123482	0.0251479672793	0.0259383754957	0.0364532896238	0.0467283433319	0.0428013257725	0.0294467532949	0.0441372621689	0.0423818876976	0.0263415200192	0.0405045209141	0.0598458171259	0.0370429450884	0.0565208462711	0.0323508140538	0.0501733758725	0.0500199334791	0.045776127406	0.0478799997917	0.0440104515822	0.026941420351	0.0293433282882	0.0352948070606	0.0394770833136	0.0303355057378	0.0331889217394
TARA_025_SRF_0.22-1.6_G.freeze11.snv.mod.fix.bam	0.0283070648305	0.0326184726205	0.0244770515788	0.0259068108933	0.0276023000865	0.0302938530376	0.0229914980088	0.0	0.032088543728	0.0572115989104	0.0469992072132	0.0310382579998	0.0315760648242	0.0371058184197	0.0473834173975	0.0425553936436	0.0313137633326	0.0438875264472	0.0449900889988	0.0336607687558	0.0409502681135	0.0601524824802	0.0436827574423	0.056700594978	0.037192436808	0.0560521284039	0.0504322452855	0.0450898461081	0.0470230428074	0.043617505618	0.0297524790323	0.032787893668	0.03669708492	0.0398276090048	0.0357977053342	0.0387077546673
TARA_030_DCM_0.22-1.6_G.freeze11.snv.mod.fix.bam	0.0353116299585	0.0385380305914	0.0355498245277	0.0349159248786	0.0359730456662	0.0353433071891	0.0313525725847	0.032088543728	0.0	0.0629530362016	0.0518939159771	0.0359596731067	0.0362719434153	0.0432741040576	0.0532587935588	0.0486808492604	0.0398499559861	0.0503379975733	0.0491213644744	0.0393296635474	0.0477171978957	0.0641649020169	0.0461608345764	0.0622162572599	0.041859518118	0.0599633081859	0.0561197914296	0.0508300413922	0.0524749027112	0.0489757817327	0.0373848813836	0.037746370504	0.0421090809449	0.045253804866	0.0427391857325	0.0450641092318
TARA_052_DCM_0.22-1.6_G.freeze11.snv.mod.fix.bam	0.0542921972277	0.0556401477642	0.0572905470932	0.0587755694072	0.0599779415077	0.0640289380735	0.0573668759302	0.0572115989104	0.0629530362016	0.0	0.0599766778622	0.0561002485245	0.0564533288399	0.0499888362414	0.0440737961384	0.0518807213163	0.0505476011249	0.0586671686203	0.0478542046554	0.0514793496213	0.0465209274333	0.0509437966324	0.0552449730712	0.0463502975242	0.0549027685112	0.0754893265993	0.0446687930235	0.0560497335773	0.0573306140805	0.0575021940023	0.0520563517887	0.0555808257438	0.0580355117213	0.0594564179201	0.0590102424104	0.0610103624888
TARA_066_SRF_0.22-3_G.freeze11.snv.mod.fix.bam	0.0444762523035	0.0457370076917	0.046751736793	0.0479080667817	0.0488234587704	0.052046897571	0.0468429123482	0.0469992072132	0.0518939159771	0.0599766778622	0.0	0.0443397165986	0.0447520448291	0.0475381320196	0.0530892736864	0.0467481824607	0.0418252360157	0.0489108480234	0.054315291781	0.0476256664743	0.0485325689218	0.0636607367084	0.0549583925766	0.0619088400112	0.0509493287082	0.0647756082371	0.0553408327884	0.0473547236699	0.0486291108427	0.0471589063094	0.042856709123	0.0452854615628	0.0474817801208	0.0486431540483	0.0475614070453	0.0491272420624
TARA_068_DCM_0.22-3_G.freeze11.snv.mod.fix.bam	0.0203207252289	0.0287092306745	0.026240365584	0.0272983747153	0.028413211076	0.0283470056177	0.0251479672793	0.0310382579998	0.0359596731067	0.0561002485245	0.0443397165986	0.0	0.0164504617426	0.0315395092643	0.0451068586498	0.0391146866646	0.0275758397797	0.0445720516136	0.0401670144615	0.0262881690749	0.0369451002461	0.0566599713577	0.0331184292799	0.0558373768034	0.0289868453001	0.0521071259675	0.0482214104023	0.0430917977905	0.0462123135548	0.0414897106573	0.0250649771905	0.0229760650506	0.0327834891295	0.0378697706066	0.0328588294219	0.0360170527937
TARA_068_SRF_0.22-3_G.freeze11.snv.mod.fix.bam	0.0212869231002	0.0295316417353	0.0264334703411	0.0279197375048	0.0290308201308	0.0281693846306	0.0259383754957	0.0315760648242	0.0362719434153	0.0564533288399	0.0447520448291	0.0164504617426	0.0	0.0315237804278	0.0455774012207	0.0395126970432	0.0284687169666	0.0453326030382	0.0400831279401	0.0268565392366	0.0369452312311	0.0564535979993	0.0327695863886	0.056008446689	0.0283967930528	0.0517626639617	0.0485341994881	0.0435412890269	0.0467642115909	0.0419156510946	0.0258205406749	0.0227486275721	0.0327402445357	0.037994498761	0.0332904545443	0.0363949096657
TARA_070_SRF_0.22-3_G.freeze11.snv.mod.fix.bam	0.0329442100207	0.0380721403243	0.0337360117296	0.0384741838642	0.0403842837816	0.0412238994667	0.0364532896238	0.0371058184197	0.0432741040576	0.0499888362414	0.0475381320196	0.0315395092643	0.0315237804278	0.0	0.0404530085147	0.0381025406069	0.0302155232198	0.0460479597268	0.0374274823442	0.0297780603604	0.031143712823	0.0522108346192	0.0362945139447	0.0493115000568	0.0355226215826	0.0615587716968	0.0442753169246	0.0433730137608	0.0461027609662	0.0430925826271	0.0317934800586	0.0318982147081	0.0384546779114	0.0419855725624	0.0428406404065	0.0461150542398
TARA_072_DCM_0.22-3_G.freeze11.snv.mod.fix.bam	0.0431757064917	0.0451356390214	0.0472356955155	0.0480994350476	0.0493683377445	0.0534646017134	0.0467283433319	0.0473834173975	0.0532587935588	0.0440737961384	0.0530892736864	0.0451068586498	0.0455774012207	0.0404530085147	0.0	0.0443279475473	0.0411465105337	0.0517615450974	0.0392122744538	0.0394499222998	0.0389442553977	0.0481519530835	0.0441984987774	0.0442533043381	0.0437759738485	0.0674349606559	0.0387112145152	0.0496417666304	0.0514196199282	0.0502585818462	0.0415832582266	0.0451038565257	0.0484147812188	0.0507982596557	0.0493105819153	0.0516723748638
TARA_076_DCM_0.22-3_G.freeze11.snv.mod.fix.bam	0.0387538651015	0.0415568220191	0.0413603648364	0.0442579255542	0.0457051764149	0.0486644537583	0.0428013257725	0.0425553936436	0.0486808492604	0.0518807213163	0.0467481824607	0.0391146866646	0.0395126970432	0.0381025406069	0.0443279475473	0.0	0.0311417900363	0.0435322515298	0.0454051818389	0.0411387635334	0.0392896704943	0.0562814151777	0.0474871996995	0.0531736250115	0.0438821485919	0.0671359554896	0.0470374485175	0.039789682833	0.0422608227218	0.0413373692324	0.036439673489	0.0392274112442	0.043249053086	0.0454547460442	0.0475521379327	0.0503740402343
TARA_078_DCM_0.22-3_G.freeze11.snv.mod.fix.bam	0.0252789100195	0.031445136787	0.0293492569707	0.0324413006046	0.0342493108425	0.0385487220868	0.0294467532949	0.0313137633326	0.0398499559861	0.0505476011249	0.0418252360157	0.0275758397797	0.0284687169666	0.0302155232198	0.0411465105337	0.0311417900363	0.0	0.0368161368665	0.0417041492124	0.0307209490429	0.0336152215922	0.0562456749839	0.0420479716038	0.0515739320326	0.0379291680711	0.0607737375053	0.0446479126041	0.0360883599795	0.0389426500652	0.0362655355998	0.0244541590371	0.0300613127808	0.0362944421387	0.039117623277	0.03825808099	0.041665528855
TARA_078_SRF_0.22-3_G.freeze11.snv.mod.fix.bam	0.0423385953427	0.0433847648839	0.0444263640889	0.0455315287432	0.0466213994748	0.0513993119681	0.0441372621689	0.0438875264472	0.0503379975733	0.0586671686203	0.0489108480234	0.0445720516136	0.0453326030382	0.0460479597268	0.0517615450974	0.0435322515298	0.0368161368665	0.0	0.0545098655932	0.0464108016925	0.0477591245009	0.0650781692847	0.0562162144949	0.0609287113841	0.0527700601368	0.0703952397067	0.0548782175474	0.0448513564109	0.045839240008	0.0447053591033	0.040304714753	0.0455958714823	0.0469013788394	0.047226942782	0.0490806718865	0.051451211834
TARA_098_DCM_0.22-3_G.freeze11.snv.mod.fix.bam	0.039414273732	0.0435161901725	0.0424104533187	0.0437276837278	0.0450323955289	0.0464391511656	0.0423818876976	0.0449900889988	0.0491213644744	0.0478542046554	0.054315291781	0.0401670144615	0.0400831279401	0.0374274823442	0.0392122744538	0.0454051818389	0.0417041492124	0.0545098655932	0.0	0.0332876792596	0.0379639530869	0.0465324670925	0.0324517499628	0.0381941040085	0.0361569534254	0.060386547618	0.0416909544191	0.0520094556103	0.0540978063134	0.051866583932	0.0402918879313	0.0398254647383	0.0454670126803	0.0491219614764	0.0460010000988	0.0483512673797
TARA_100_DCM_0.22-3_G.freeze11.snv.mod.fix.bam	0.022499390939	0.0307078789438	0.0305801280406	0.0289784493807	0.0299209037955	0.0331465684196	0.0263415200192	0.0336607687558	0.0393296635474	0.0514793496213	0.0476256664743	0.0262881690749	0.0268565392366	0.0297780603604	0.0394499222998	0.0411387635334	0.0307209490429	0.0464108016925	0.0332876792596	0.0	0.0343870910518	0.0527280537122	0.0235868656853	0.0492676059963	0.0292357058207	0.0521404188585	0.0440425393362	0.0462566953807	0.0486851177778	0.0452493587848	0.0281431080355	0.0293831496417	0.036942001879	0.0413430589426	0.0334073806819	0.0362754294238
TARA_102_DCM_0.22-3_G.freeze11.snv.mod.fix.bam	0.0369548601227	0.0410136958927	0.0386726698488	0.0422951792818	0.0441292516268	0.0460048037915	0.0405045209141	0.0409502681135	0.0477171978957	0.0465209274333	0.0485325689218	0.0369451002461	0.0369452312311	0.031143712823	0.0389442553977	0.0392896704943	0.0336152215922	0.0477591245009	0.0379639530869	0.0343870910518	0.0	0.0463757697577	0.0399753524472	0.0460246420493	0.037042049372	0.0620400115685	0.0377163239481	0.0444963989196	0.0466436183939	0.0450898216728	0.0353230764313	0.0368253360892	0.0423702163704	0.0454088830042	0.0446074195916	0.0474713813817
TARA_110_DCM_0.22-3_G.freeze11.snv.mod.fix.bam	0.0567248618179	0.0585057777419	0.0587810066522	0.0607125594052	0.0618547725145	0.0630983624518	0.0598458171259	0.0601524824802	0.0641649020169	0.0509437966324	0.0636607367084	0.0566599713577	0.0564535979993	0.0522108346192	0.0481519530835	0.0562814151777	0.0562456749839	0.0650781692847	0.0465324670925	0.0527280537122	0.0463757697577	0.0	0.0519491843596	0.0501082413985	0.0515190092945	0.0728305258243	0.0446798889801	0.0611673900998	0.0628631655991	0.0617180623471	0.0555730047487	0.0553187050058	0.0585701433809	0.0611040988911	0.0606828993408	0.0624319286349
TARA_111_DCM_0.22-3_G.freeze11.snv.mod.fix.bam	0.0333884009602	0.0402939898943	0.0388818706053	0.0383195621868	0.0387806158294	0.0368539683018	0.0370429450884	0.0436827574423	0.0461608345764	0.0552449730712	0.0549583925766	0.0331184292799	0.0327695863886	0.0362945139447	0.0441984987774	0.0474871996995	0.0420479716038	0.0562162144949	0.0324517499628	0.0235868656853	0.0399753524472	0.0519491843596	0.0	0.050314700314	0.0292750813745	0.0529188885998	0.0476338580141	0.0539607062707	0.0566468797825	0.0530493850137	0.0388450620823	0.0346174497612	0.0426104940844	0.0476503023138	0.0415974889742	0.0436891538644
TARA_112_DCM_0.22-3_G.freeze11.snv.mod.fix.bam	0.0542451106127	0.0560186387214	0.056015146338	0.0577150545242	0.0591388685322	0.0622242767784	0.0565208462711	0.056700594978	0.0622162572599	0.0463502975242	0.0619088400112	0.0558373768034	0.056008446689	0.0493115000568	0.0442533043381	0.0531736250115	0.0515739320326	0.0609287113841	0.0381941040085	0.0492676059963	0.0460246420493	0.0501082413985	0.050314700314	0.0	0.0514512628951	0.0722264415996	0.0444348377155	0.0586432654417	0.0599329203603	0.059581269015	0.0524368232993	0.0547241344334	0.0574935678817	0.0596238049881	0.0583548488878	0.0603229479001
TARA_132_DCM_0.22-3_G.freeze11.snv.mod.fix.bam	0.0300613733628	0.036666902091	0.0318000318437	0.0331542791886	0.0342937048514	0.0317205416463	0.0323508140538	0.037192436808	0.041859518118	0.0549027685112	0.0509493287082	0.0289868453001	0.0283967930528	0.0355226215826	0.0437759738485	0.0438821485919	0.0379291680711	0.0527700601368	0.0361569534254	0.0292357058207	0.037042049372	0.0515190092945	0.0292750813745	0.0514512628951	0.0	0.0481768717113	0.0449808718031	0.0503280599554	0.0532125914301	0.0492565273059	0.0345490213901	0.0298624498699	0.0376623249346	0.0432873661994	0.0367748214056	0.0393287127738
TARA_133_DCM_0.22-3_G.freeze11.snv.mod.fix.bam	0.0511840935285	0.0558578884041	0.0519187584738	0.04957446434	0.0490949099198	0.0468380407367	0.0501733758725	0.0560521284039	0.0599633081859	0.0754893265993	0.0647756082371	0.0521071259675	0.0517626639617	0.0615587716968	0.0674349606559	0.0671359554896	0.0607737375053	0.0703952397067	0.060386547618	0.0521404188585	0.0620400115685	0.0728305258243	0.0529188885998	0.0722264415996	0.0481768717113	0.0	0.0679098500179	0.0705443722497	0.0725172533742	0.0687527647281	0.056569310837	0.053781830044	0.0570269257188	0.0615069267958	0.0459978745196	0.0443918817618
TARA_138_DCM_0.22-3_G.freeze11.snv.mod.fix.bam	0.0466704568479	0.0485819140161	0.050143850425	0.0514850784689	0.0528023658055	0.0561304993057	0.0500199334791	0.0504322452855	0.0561197914296	0.0446687930235	0.0553408327884	0.0482214104023	0.0485341994881	0.0442753169246	0.0387112145152	0.0470374485175	0.0446479126041	0.0548782175474	0.0416909544191	0.0440425393362	0.0377163239481	0.0446798889801	0.0476338580141	0.0444348377155	0.0449808718031	0.0679098500179	0.0	0.0520756643531	0.0538430132294	0.0529912101655	0.0451112726924	0.047883499717	0.0513569567463	0.0534803072103	0.0518327586199	0.0540249962382
TARA_146_SRF_0.22-3_G.freeze11.snv.mod.fix.bam	0.0425415860638	0.0440095117117	0.0448555724476	0.0471150948601	0.0482924182683	0.0517328925531	0.045776127406	0.0450898461081	0.0508300413922	0.0560497335773	0.0473547236699	0.0430917977905	0.0435412890269	0.0433730137608	0.0496417666304	0.039789682833	0.0360883599795	0.0448513564109	0.0520094556103	0.0462566953807	0.0444963989196	0.0611673900998	0.0539607062707	0.0586432654417	0.0503280599554	0.0705443722497	0.0520756643531	0.0	0.0415802542693	0.0415515606563	0.0398431502103	0.0433665326913	0.0462648879316	0.0471504269412	0.0503958372482	0.0528470157678
TARA_148_SRF_0.22-3_G.freeze11.snv.mod.fix.bam	0.0452191774388	0.0461917973154	0.0474300925395	0.0493779785191	0.0504792326793	0.0542208461605	0.0478799997917	0.0470230428074	0.0524749027112	0.0573306140805	0.0486291108427	0.0462123135548	0.0467642115909	0.0461027609662	0.0514196199282	0.0422608227218	0.0389426500652	0.045839240008	0.0540978063134	0.0486851177778	0.0466436183939	0.0628631655991	0.0566468797825	0.0599329203603	0.0532125914301	0.0725172533742	0.0538430132294	0.0415802542693	0.0	0.0434195322048	0.0424359658868	0.046397026051	0.0485054688821	0.0489457684862	0.052289552277	0.0546202650094
TARA_149_SRF_0.22-3_G.freeze11.snv.mod.fix.bam	0.0411614800471	0.0425758754913	0.043128794017	0.0452004687767	0.0462810796007	0.0494970414149	0.0440104515822	0.043617505618	0.0489757817327	0.0575021940023	0.0471589063094	0.0414897106573	0.0419156510946	0.0430925826271	0.0502585818462	0.0413373692324	0.0362655355998	0.0447053591033	0.051866583932	0.0452493587848	0.0450898216728	0.0617180623471	0.0530493850137	0.059581269015	0.0492565273059	0.0687527647281	0.0529912101655	0.0415515606563	0.0434195322048	0.0	0.0388599450595	0.0418189636648	0.0445648946101	0.0457217668256	0.0485614318972	0.0510384713596
TARA_150_DCM_0.22-3_G.freeze11.snv.mod.fix.bam	0.0228839194806	0.028510114643	0.0280097864889	0.0288944221992	0.0304491205381	0.0346048060764	0.026941420351	0.0297524790323	0.0373848813836	0.0520563517887	0.042856709123	0.0250649771905	0.0258205406749	0.0317934800586	0.0415832582266	0.036439673489	0.0244541590371	0.040304714753	0.0402918879313	0.0281431080355	0.0353230764313	0.0555730047487	0.0388450620823	0.0524368232993	0.0345490213901	0.056569310837	0.0451112726924	0.0398431502103	0.0424359658868	0.0388599450595	0.0	0.0271159202255	0.033833477566	0.0373475691084	0.0338127494851	0.0373175599663
TARA_150_SRF_0.22-3_G.freeze11.snv.mod.fix.bam	0.0252690199809	0.0315082109225	0.0279804795384	0.030382450908	0.0317550612901	0.0312388040614	0.0293433282882	0.032787893668	0.037746370504	0.0555808257438	0.0452854615628	0.0229760650506	0.0227486275721	0.0318982147081	0.0451038565257	0.0392274112442	0.0300613127808	0.0455958714823	0.0398254647383	0.0293831496417	0.0368253360892	0.0553187050058	0.0346174497612	0.0547241344334	0.0298624498699	0.053781830044	0.047883499717	0.0433665326913	0.046397026051	0.0418189636648	0.0271159202255	0.0	0.0327012831761	0.0375915951094	0.035415232511	0.0385143088522
TARA_151_DCM_0.22-3_G.freeze11.snv.mod.fix.bam	0.0334479946579	0.0366266383532	0.0337577084803	0.0355529648312	0.0366287072756	0.0375520961354	0.0352948070606	0.03669708492	0.0421090809449	0.0580355117213	0.0474817801208	0.0327834891295	0.0327402445357	0.0384546779114	0.0484147812188	0.043249053086	0.0362944421387	0.0469013788394	0.0454670126803	0.036942001879	0.0423702163704	0.0585701433809	0.0426104940844	0.0574935678817	0.0376623249346	0.0570269257188	0.0513569567463	0.0462648879316	0.0485054688821	0.0445648946101	0.033833477566	0.0327012831761	0.0	0.0400094637573	0.03902465689	0.0415597869786
TARA_151_SRF_0.22-3_G.freeze11.snv.mod.fix.bam	0.0379536533033	0.0398105998132	0.0379568868106	0.0396808195849	0.0406807807388	0.0424696977759	0.0394770833136	0.0398276090048	0.045253804866	0.0594564179201	0.0486431540483	0.0378697706066	0.037994498761	0.0419855725624	0.0507982596557	0.0454547460442	0.039117623277	0.047226942782	0.0491219614764	0.0413430589426	0.0454088830042	0.0611040988911	0.0476503023138	0.0596238049881	0.0432873661994	0.0615069267958	0.0534803072103	0.0471504269412	0.0489457684862	0.0457217668256	0.0373475691084	0.0375915951094	0.0400094637573	0.0	0.0430284036206	0.0452559935935
TARA_152_MIX_0.22-3_G.freeze11.snv.mod.fix.bam	0.029585960564	0.0342701510744	0.033819154452	0.0308939513361	0.031180298588	0.0350886356308	0.0303355057378	0.0357977053342	0.0427391857325	0.0590102424104	0.0475614070453	0.0328588294219	0.0332904545443	0.0428406404065	0.0493105819153	0.0475521379327	0.03825808099	0.0490806718865	0.0460010000988	0.0334073806819	0.0446074195916	0.0606828993408	0.0415974889742	0.0583548488878	0.0367748214056	0.0459978745196	0.0518327586199	0.0503958372482	0.052289552277	0.0485614318972	0.0338127494851	0.035415232511	0.03902465689	0.0430284036206	0.0	0.0295265282597
TARA_152_SRF_0.22-3_G.freeze11.snv.mod.fix.bam	0.0328418969956	0.0370665949013	0.0370483673774	0.033424134652	0.0335327916355	0.0371306157758	0.0331889217394	0.0387077546673	0.0450641092318	0.0610103624888	0.0491272420624	0.0360170527937	0.0363949096657	0.0461150542398	0.0516723748638	0.0503740402343	0.041665528855	0.051451211834	0.0483512673797	0.0362754294238	0.0474713813817	0.0624319286349	0.0436891538644	0.0603229479001	0.0393287127738	0.0443918817618	0.0540249962382	0.0528470157678	0.0546202650094	0.0510384713596	0.0373175599663	0.0385143088522	0.0415597869786	0.0452559935935	0.0295265282597	0.0
