	TARA_065_MES_0.22-3_G.freeze11.snv.mod.fix.bam	TARA_068_DCM_0.22-3_G.freeze11.snv.mod.fix.bam	TARA_068_MES_0.22-3_G.freeze11.snv.mod.fix.bam	TARA_068_SRF_0.22-3_G.freeze11.snv.mod.fix.bam	TARA_070_MES_0.22-3_G.freeze11.snv.mod.fix.bam	TARA_070_SRF_0.22-3_G.freeze11.snv.mod.fix.bam	TARA_072_DCM_0.22-3_G.freeze11.snv.mod.fix.bam	TARA_072_MES_0.22-3_G.freeze11.snv.mod.fix.bam	TARA_076_DCM_0.22-3_G.freeze11.snv.mod.fix.bam	TARA_076_MES_0.22-3_G.freeze11.snv.mod.fix.bam	TARA_100_DCM_0.22-3_G.freeze11.snv.mod.fix.bam	TARA_100_MES_0.22-3_G.freeze11.snv.mod.fix.bam	TARA_100_SRF_0.22-3_G.freeze11.snv.mod.fix.bam	TARA_110_DCM_0.22-3_G.freeze11.snv.mod.fix.bam	TARA_122_DCM_0.22-3_G.freeze11.snv.mod.fix.bam	TARA_128_DCM_0.22-3_G.freeze11.snv.mod.fix.bam	TARA_133_DCM_0.22-3_G.freeze11.snv.mod.fix.bam	TARA_137_DCM_0.22-3_G.freeze11.snv.mod.fix.bam	TARA_137_MES_0.22-3_G.freeze11.snv.mod.fix.bam	TARA_142_MES_0.22-3_G.freeze11.snv.mod.fix.bam	TARA_150_DCM_0.22-3_G.freeze11.snv.mod.fix.bam
TARA_065_MES_0.22-3_G.freeze11.snv.mod.fix.bam	0.0	0.20149778736	0.00408487461704	0.0297288097129	0.0175876546012	0.229161466016	0.0166799046863	0.0877794167707	0.00460683081811	0.0231476228299	0.257188244639	0.263247475321	0.242119596051	0.26699194372	0.111267445819	0.263814819017	0.26656076251	0.225507772609	0.26549415636	0.0171791671395	0.264767956428
TARA_068_DCM_0.22-3_G.freeze11.snv.mod.fix.bam	0.20149778736	0.0	0.182208101668	0.0251446726427	0.177033927153	0.00118007488937	0.0394644275502	0.000862362419154	0.0981731532963	0.0488369454215	0.00424373085215	0.0049472370362	0.00347214342449	0.00585498695109	0.00501531827981	0.00483376829683	0.00583229320322	0.0027232497447	0.00565074322024	0.275660955407	0.00540111199365
TARA_068_MES_0.22-3_G.freeze11.snv.mod.fix.bam	0.00408487461704	0.182208101668	0.0	0.00265516850108	0.000317712470214	0.207579711789	0.00392601838194	0.0724838307046	0.000226937478725	0.00419834335641	0.358833541359	0.356246454102	0.329626687847	0.362124134801	0.107681833655	0.355928741632	0.361851809826	0.320118007489	0.362487234767	0.249109270396	0.359242028821
TARA_068_SRF_0.22-3_G.freeze11.snv.mod.fix.bam	0.0297288097129	0.0251446726427	0.00265516850108	0.0	0.000658118688301	0.0323158969704	0.00129354362873	0.00419834335641	0.000385793713832	0.00152048110745	0.130307500284	0.137955293317	0.122841257234	0.149982979689	0.0107795302394	0.137932599569	0.150300692159	0.114671508	0.149166004766	0.171791671395	0.142630205378
TARA_070_MES_0.22-3_G.freeze11.snv.mod.fix.bam	0.0175876546012	0.177033927153	0.000317712470214	0.000658118688301	0.0	0.206127311926	0.00154317485533	0.099285146942	0.000249631226597	0.0013162373766	0.382276182912	0.382071939181	0.355429479178	0.384727107682	0.113990695563	0.382026551685	0.384046295246	0.340338136843	0.384477476455	0.323158969704	0.384046295246
TARA_070_SRF_0.22-3_G.freeze11.snv.mod.fix.bam	0.229161466016	0.00118007488937	0.207579711789	0.0323158969704	0.206127311926	0.0	0.0500624078066	0.0013162373766	0.11914217633	0.0605242255759	0.00190627482129	0.00258708725746	0.00165664359469	0.00319981845002	0.00655849313514	0.00249631226597	0.00292749347555	0.00111199364575	0.00281402473619	0.297968909565	0.00254169976172
TARA_072_DCM_0.22-3_G.freeze11.snv.mod.fix.bam	0.0166799046863	0.0394644275502	0.00392601838194	0.00129354362873	0.00154317485533	0.0500624078066	0.0	0.00442528083513	0.00170203109043	0.000839668671281	0.14848519233	0.151843867015	0.132486100079	0.160989447407	0.0104391240213	0.15295586066	0.160785203676	0.122251219789	0.160512878702	0.134619312379	0.156881879042
TARA_072_MES_0.22-3_G.freeze11.snv.mod.fix.bam	0.0877794167707	0.000862362419154	0.0724838307046	0.00419834335641	0.099285146942	0.0013162373766	0.00442528083513	0.0	0.00989447407239	0.00900941790537	0.00769318052876	0.0135481674799	0.00737546805855	0.0166572109384	0.00018154998298	0.0129127425394	0.0166345171905	0.00422103710428	0.0153182798139	0.146079655055	0.0130715987745
TARA_076_DCM_0.22-3_G.freeze11.snv.mod.fix.bam	0.00460683081811	0.0981731532963	0.000226937478725	0.000385793713832	0.000249631226597	0.11914217633	0.00170203109043	0.00989447407239	0.0	0.00188358107341	0.275978667877	0.273936230568	0.250153182798	0.282741404743	0.0343810280268	0.273618518098	0.2831952797	0.242868489731	0.28330874844	0.176920458414	0.27647793033
TARA_076_MES_0.22-3_G.freeze11.snv.mod.fix.bam	0.0231476228299	0.0488369454215	0.00419834335641	0.00152048110745	0.0013162373766	0.0605242255759	0.000839668671281	0.00900941790537	0.00188358107341	0.0	0.167048678089	0.169544990355	0.150209917168	0.179212526949	0.0169976171565	0.171269715193	0.179212526949	0.140474299331	0.179212526949	0.160966753659	0.174809939862
TARA_100_DCM_0.22-3_G.freeze11.snv.mod.fix.bam	0.257188244639	0.00424373085215	0.358833541359	0.130307500284	0.382276182912	0.00190627482129	0.14848519233	0.00769318052876	0.275978667877	0.167048678089	0.0	0.0	9.07749914898e-05	0.0	0.0194485419267	4.53874957449e-05	0.0	4.53874957449e-05	0.0	0.326585725633	4.53874957449e-05
TARA_100_MES_0.22-3_G.freeze11.snv.mod.fix.bam	0.263247475321	0.0049472370362	0.356246454102	0.137955293317	0.382071939181	0.00258708725746	0.151843867015	0.0135481674799	0.273936230568	0.169544990355	0.0	0.0	9.07749914898e-05	2.26937478725e-05	0.0237603540225	4.53874957449e-05	0.0	4.53874957449e-05	0.0	0.326563031885	4.53874957449e-05
TARA_100_SRF_0.22-3_G.freeze11.snv.mod.fix.bam	0.242119596051	0.00347214342449	0.329626687847	0.122841257234	0.355429479178	0.00165664359469	0.132486100079	0.00737546805855	0.250153182798	0.150209917168	9.07749914898e-05	9.07749914898e-05	0.0	9.07749914898e-05	0.0144786111426	9.07749914898e-05	9.07749914898e-05	4.53874957449e-05	0.000113468739362	0.306683308748	0.000136162487235
TARA_110_DCM_0.22-3_G.freeze11.snv.mod.fix.bam	0.26699194372	0.00585498695109	0.362124134801	0.149982979689	0.384727107682	0.00319981845002	0.160989447407	0.0166572109384	0.282741404743	0.179212526949	0.0	2.26937478725e-05	9.07749914898e-05	0.0	0.0267786224895	9.07749914898e-05	0.0	0.000136162487235	2.26937478725e-05	0.327107681834	6.80812436174e-05
TARA_122_DCM_0.22-3_G.freeze11.snv.mod.fix.bam	0.111267445819	0.00501531827981	0.107681833655	0.0107795302394	0.113990695563	0.00655849313514	0.0104391240213	0.00018154998298	0.0343810280268	0.0169976171565	0.0194485419267	0.0237603540225	0.0144786111426	0.0267786224895	0.0	0.0231022353342	0.0261885850448	0.011029161466	0.0255985476001	0.179212526949	0.0248042664246
TARA_128_DCM_0.22-3_G.freeze11.snv.mod.fix.bam	0.263814819017	0.00483376829683	0.355928741632	0.137932599569	0.382026551685	0.00249631226597	0.15295586066	0.0129127425394	0.273618518098	0.171269715193	4.53874957449e-05	4.53874957449e-05	9.07749914898e-05	9.07749914898e-05	0.0231022353342	0.0	2.26937478725e-05	9.07749914898e-05	4.53874957449e-05	0.326222625667	2.26937478725e-05
TARA_133_DCM_0.22-3_G.freeze11.snv.mod.fix.bam	0.26656076251	0.00583229320322	0.361851809826	0.150300692159	0.384046295246	0.00292749347555	0.160785203676	0.0166345171905	0.2831952797	0.179212526949	0.0	0.0	9.07749914898e-05	0.0	0.0261885850448	2.26937478725e-05	0.0	6.80812436174e-05	0.0	0.326472256893	0.0
TARA_137_DCM_0.22-3_G.freeze11.snv.mod.fix.bam	0.225507772609	0.0027232497447	0.320118007489	0.114671508	0.340338136843	0.00111199364575	0.122251219789	0.00422103710428	0.242868489731	0.140474299331	4.53874957449e-05	4.53874957449e-05	4.53874957449e-05	0.000136162487235	0.011029161466	9.07749914898e-05	6.80812436174e-05	0.0	6.80812436174e-05	0.290820378986	0.000158856235107
TARA_137_MES_0.22-3_G.freeze11.snv.mod.fix.bam	0.26549415636	0.00565074322024	0.362487234767	0.149166004766	0.384477476455	0.00281402473619	0.160512878702	0.0153182798139	0.28330874844	0.179212526949	0.0	0.0	0.000113468739362	2.26937478725e-05	0.0255985476001	4.53874957449e-05	0.0	6.80812436174e-05	0.0	0.326994213094	2.26937478725e-05
TARA_142_MES_0.22-3_G.freeze11.snv.mod.fix.bam	0.0171791671395	0.275660955407	0.249109270396	0.171791671395	0.323158969704	0.297968909565	0.134619312379	0.146079655055	0.176920458414	0.160966753659	0.326585725633	0.326563031885	0.306683308748	0.327107681834	0.179212526949	0.326222625667	0.326472256893	0.290820378986	0.326994213094	0.0	0.326994213094
TARA_150_DCM_0.22-3_G.freeze11.snv.mod.fix.bam	0.264767956428	0.00540111199365	0.359242028821	0.142630205378	0.384046295246	0.00254169976172	0.156881879042	0.0130715987745	0.27647793033	0.174809939862	4.53874957449e-05	4.53874957449e-05	0.000136162487235	6.80812436174e-05	0.0248042664246	2.26937478725e-05	0.0	0.000158856235107	2.26937478725e-05	0.326994213094	0.0
