	TARA_031_SRF_0.22-1.6_G.freeze11.snv.mod.fix.bam	TARA_032_SRF_0.22-1.6_G.freeze11.snv.mod.fix.bam	TARA_041_SRF_0.22-1.6_G.freeze11.snv.mod.fix.bam	TARA_042_SRF_0.22-1.6_G.freeze11.snv.mod.fix.bam	TARA_045_SRF_0.22-1.6_G.freeze11.snv.mod.fix.bam	TARA_048_SRF_0.22-1.6_G.freeze11.snv.mod.fix.bam	TARA_056_SRF_0.22-3_G.freeze11.snv.mod.fix.bam	TARA_057_SRF_0.22-3_G.freeze11.snv.mod.fix.bam	TARA_058_DCM_0.22-3_G.freeze11.snv.mod.fix.bam	TARA_062_SRF_0.22-3_G.freeze11.snv.mod.fix.bam	TARA_064_DCM_0.22-3_G.freeze11.snv.mod.fix.bam	TARA_064_SRF_0.22-3_G.freeze11.snv.mod.fix.bam	TARA_072_SRF_0.22-3_G.freeze11.snv.mod.fix.bam	TARA_076_SRF_0.22-3_G.freeze11.snv.mod.fix.bam	TARA_078_SRF_0.22-3_G.freeze11.snv.mod.fix.bam	TARA_099_SRF_0.22-3_G.freeze11.snv.mod.fix.bam	TARA_112_SRF_0.22-3_G.freeze11.snv.mod.fix.bam	TARA_132_SRF_0.22-3_G.freeze11.snv.mod.fix.bam	TARA_138_SRF_0.22-3_G.freeze11.snv.mod.fix.bam	TARA_140_SRF_0.22-3_G.freeze11.snv.mod.fix.bam
TARA_031_SRF_0.22-1.6_G.freeze11.snv.mod.fix.bam	0.0	5.11260512794e-05	5.11260512794e-05	0.000166159666658	5.11260512794e-05	0.000115033615379	7.02983205092e-05	0.000172550423068	0.000153378153838	0.000159768910248	0.000319537820496	3.19537820496e-05	0.000255630256397	0.00159129834607	0.000958613461489	0.00726629003809	0.00287584038447	0.000492088243565	0.00141235716659	0.000843579846111
TARA_032_SRF_0.22-1.6_G.freeze11.snv.mod.fix.bam	5.11260512794e-05	0.0	0.000140596641018	0.000306756307677	0.000108642858969	0.000242848743577	0.000198113448708	0.000364273115366	0.000293974794857	0.000440962192285	0.000549605051254	0.000108642858969	0.000472915974335	0.00182775633324	0.00138040338454	0.00757304634577	0.00338710089726	0.000600731102533	0.00172550423068	0.00111199161533
TARA_041_SRF_0.22-1.6_G.freeze11.snv.mod.fix.bam	5.11260512794e-05	0.000140596641018	0.0	7.02983205092e-05	3.19537820496e-05	7.66890769191e-05	5.11260512794e-05	0.000108642858969	7.66890769191e-05	8.30798333291e-05	0.000377054628186	3.83445384596e-05	0.000287584038447	0.00171911347427	0.00116311766661	0.00741966819193	0.00336792862803	0.000722155474322	0.00144431094864	0.000555995807664
TARA_042_SRF_0.22-1.6_G.freeze11.snv.mod.fix.bam	0.000166159666658	0.000306756307677	7.02983205092e-05	0.0	4.47352948695e-05	0.000178941179478	0.000153378153838	0.000210894961528	0.000300365551267	0.000325928576906	0.000536823538434	0.000134205884609	0.000479306730745	0.00210255885887	0.00157212607684	0.00794371021754	0.00382806308955	0.00093944119226	0.00169994120504	0.00092665967944
TARA_045_SRF_0.22-1.6_G.freeze11.snv.mod.fix.bam	5.11260512794e-05	0.000108642858969	3.19537820496e-05	4.47352948695e-05	0.0	5.11260512794e-05	5.11260512794e-05	0.000121424371789	9.58613461489e-05	0.000178941179478	0.000364273115366	1.91722692298e-05	0.000159768910248	0.00151460926915	0.0010928193461	0.00734297911501	0.00306756307677	0.000575168076894	0.00131010506404	0.000849970602521
TARA_048_SRF_0.22-1.6_G.freeze11.snv.mod.fix.bam	0.000115033615379	0.000242848743577	7.66890769191e-05	0.000178941179478	5.11260512794e-05	0.0	0.000166159666658	0.000389836141006	0.000236457987167	0.000364273115366	0.000504869756384	7.02983205092e-05	0.000262021012807	0.00176384876914	0.00124619749994	0.00736215138424	0.00316342442291	0.000639075640993	0.00121424371789	0.00118868069225
TARA_056_SRF_0.22-3_G.freeze11.snv.mod.fix.bam	7.02983205092e-05	0.000198113448708	5.11260512794e-05	0.000153378153838	5.11260512794e-05	0.000166159666658	0.0	5.75168076894e-05	5.11260512794e-05	8.9470589739e-05	0.000364273115366	4.47352948695e-05	0.000357882358956	0.00184053784606	0.00122702523071	0.00727907155091	0.00331041182034	0.000824407576881	0.00127176052558	0.000626294128173
TARA_057_SRF_0.22-3_G.freeze11.snv.mod.fix.bam	0.000172550423068	0.000364273115366	0.000108642858969	0.000210894961528	0.000121424371789	0.000389836141006	5.75168076894e-05	0.0	0.000115033615379	0.000178941179478	0.000530432782024	0.000146987397428	0.000492088243565	0.00192361767939	0.00142513867941	0.00768168920473	0.00352130678187	0.00108642858969	0.00171911347427	0.000607121858943
TARA_058_DCM_0.22-3_G.freeze11.snv.mod.fix.bam	0.000153378153838	0.000293974794857	7.66890769191e-05	0.000300365551267	9.58613461489e-05	0.000236457987167	5.11260512794e-05	0.000115033615379	0.0	9.58613461489e-05	0.000389836141006	5.11260512794e-05	0.000434571435875	0.00189805465375	0.0013548403589	0.00741327743552	0.00309951685882	0.00103530253841	0.00145709246146	0.000549605051254
TARA_062_SRF_0.22-3_G.freeze11.snv.mod.fix.bam	0.000159768910248	0.000440962192285	8.30798333291e-05	0.000325928576906	0.000178941179478	0.000364273115366	8.9470589739e-05	0.000178941179478	9.58613461489e-05	0.0	0.000402617653826	0.000115033615379	0.000530432782024	0.00196196221785	0.00146348321787	0.00755387407654	0.00346378997418	0.00106086556405	0.00174467649991	0.000690201692272
TARA_064_DCM_0.22-3_G.freeze11.snv.mod.fix.bam	0.000319537820496	0.000549605051254	0.000377054628186	0.000536823538434	0.000364273115366	0.000504869756384	0.000364273115366	0.000530432782024	0.000389836141006	0.000402617653826	0.0	0.000191722692298	0.000555995807664	0.00182136557683	0.00137401262813	0.00699787826887	0.00301004626908	0.000965004217899	0.00166159666658	0.00116311766661
TARA_064_SRF_0.22-3_G.freeze11.snv.mod.fix.bam	3.19537820496e-05	0.000108642858969	3.83445384596e-05	0.000134205884609	1.91722692298e-05	7.02983205092e-05	4.47352948695e-05	0.000146987397428	5.11260512794e-05	0.000115033615379	0.000191722692298	0.0	0.000140596641018	0.00123980674353	0.000715764717912	0.00667194969197	0.00227510928193	0.000402617653826	0.00111838237174	0.000728546230732
TARA_072_SRF_0.22-3_G.freeze11.snv.mod.fix.bam	0.000255630256397	0.000472915974335	0.000287584038447	0.000479306730745	0.000159768910248	0.000262021012807	0.000357882358956	0.000492088243565	0.000434571435875	0.000530432782024	0.000555995807664	0.000140596641018	0.0	0.00161686137171	0.00127815128199	0.00687006314067	0.00270968071781	0.000607121858943	0.00110560085892	0.00150821851274
TARA_076_SRF_0.22-3_G.freeze11.snv.mod.fix.bam	0.00159129834607	0.00182775633324	0.00171911347427	0.00210255885887	0.00151460926915	0.00176384876914	0.00184053784606	0.00192361767939	0.00189805465375	0.00196196221785	0.00182136557683	0.00123980674353	0.00161686137171	0.0	0.00224315549988	0.00726629003809	0.00334236560239	0.00163603364094	0.00309951685882	0.0027671975255
TARA_078_SRF_0.22-3_G.freeze11.snv.mod.fix.bam	0.000958613461489	0.00138040338454	0.00116311766661	0.00157212607684	0.0010928193461	0.00124619749994	0.00122702523071	0.00142513867941	0.0013548403589	0.00146348321787	0.00137401262813	0.000715764717912	0.00127815128199	0.00224315549988	0.0	0.0067614202817	0.00273524374345	0.00107364707687	0.0025115672691	0.00235818911526
TARA_099_SRF_0.22-3_G.freeze11.snv.mod.fix.bam	0.00726629003809	0.00757304634577	0.00741966819193	0.00794371021754	0.00734297911501	0.00736215138424	0.00727907155091	0.00768168920473	0.00741327743552	0.00755387407654	0.00699787826887	0.00667194969197	0.00687006314067	0.00726629003809	0.0067614202817	0.0	0.00293974794857	0.00694675221759	0.00680615557657	0.00786063038421
TARA_112_SRF_0.22-3_G.freeze11.snv.mod.fix.bam	0.00287584038447	0.00338710089726	0.00336792862803	0.00382806308955	0.00306756307677	0.00316342442291	0.00331041182034	0.00352130678187	0.00309951685882	0.00346378997418	0.00301004626908	0.00227510928193	0.00270968071781	0.00334236560239	0.00273524374345	0.00293974794857	0.0	0.00269050844858	0.00309312610241	0.00408369334594
TARA_132_SRF_0.22-3_G.freeze11.snv.mod.fix.bam	0.000492088243565	0.000600731102533	0.000722155474322	0.00093944119226	0.000575168076894	0.000639075640993	0.000824407576881	0.00108642858969	0.00103530253841	0.00106086556405	0.000965004217899	0.000402617653826	0.000607121858943	0.00163603364094	0.00107364707687	0.00694675221759	0.00269050844858	0.0	0.00187249162811	0.00185331935888
TARA_138_SRF_0.22-3_G.freeze11.snv.mod.fix.bam	0.00141235716659	0.00172550423068	0.00144431094864	0.00169994120504	0.00131010506404	0.00121424371789	0.00127176052558	0.00171911347427	0.00145709246146	0.00174467649991	0.00166159666658	0.00111838237174	0.00110560085892	0.00309951685882	0.0025115672691	0.00680615557657	0.00309312610241	0.00187249162811	0.0	0.00265216391012
TARA_140_SRF_0.22-3_G.freeze11.snv.mod.fix.bam	0.000843579846111	0.00111199161533	0.000555995807664	0.00092665967944	0.000849970602521	0.00118868069225	0.000626294128173	0.000607121858943	0.000549605051254	0.000690201692272	0.00116311766661	0.000728546230732	0.00150821851274	0.0027671975255	0.00235818911526	0.00786063038421	0.00408369334594	0.00185331935888	0.00265216391012	0.0
