	TARA_031_SRF_0.22-1.6_G.freeze11.snv.mod.fix.bam	TARA_032_SRF_0.22-1.6_G.freeze11.snv.mod.fix.bam	TARA_041_SRF_0.22-1.6_G.freeze11.snv.mod.fix.bam	TARA_045_SRF_0.22-1.6_G.freeze11.snv.mod.fix.bam	TARA_048_SRF_0.22-1.6_G.freeze11.snv.mod.fix.bam	TARA_056_SRF_0.22-3_G.freeze11.snv.mod.fix.bam	TARA_064_SRF_0.22-3_G.freeze11.snv.mod.fix.bam	TARA_078_DCM_0.22-3_G.freeze11.snv.mod.fix.bam	TARA_078_SRF_0.22-3_G.freeze11.snv.mod.fix.bam	TARA_099_SRF_0.22-3_G.freeze11.snv.mod.fix.bam	TARA_112_SRF_0.22-3_G.freeze11.snv.mod.fix.bam	TARA_132_SRF_0.22-3_G.freeze11.snv.mod.fix.bam	TARA_138_SRF_0.22-3_G.freeze11.snv.mod.fix.bam
TARA_031_SRF_0.22-1.6_G.freeze11.snv.mod.fix.bam	0.0	0.000102795297849	0.000279015808448	0.000396496148848	0.00075627969132	0.000256988244623	7.34252127496e-05	0.00244505958456	0.000660826914746	0.00554360356259	0.00159332711667	0.000954527765744	0.00160801215922
TARA_032_SRF_0.22-1.6_G.freeze11.snv.mod.fix.bam	0.000102795297849	0.0	0.000396496148848	0.000638799350921	0.000983897850844	0.000565374138172	0.000220275638249	0.00312057154186	0.00110872071252	0.00604289500929	0.00212933116974	0.00130696878694	0.00188702796766
TARA_041_SRF_0.22-1.6_G.freeze11.snv.mod.fix.bam	0.000279015808448	0.000396496148848	0.0	0.000264330765898	0.000690196999846	0.000227618159524	0.000301043372273	0.00417789460545	0.00160801215922	0.00588135954124	0.00226883907396	0.00135836643587	0.00179157519109
TARA_045_SRF_0.22-1.6_G.freeze11.snv.mod.fix.bam	0.000396496148848	0.000638799350921	0.000264330765898	0.0	0.000403838670123	0.000279015808448	0.000330413457373	0.00422929225437	0.00173283502089	0.00596212727526	0.00234226428671	0.00104998054232	0.00174752006344
TARA_048_SRF_0.22-1.6_G.freeze11.snv.mod.fix.bam	0.00075627969132	0.000983897850844	0.000690196999846	0.000403838670123	0.0	0.000734252127496	0.000697539521121	0.00499291446697	0.00223946898886	0.00638799350921	0.00273141791428	0.00125557113802	0.00191639805276
TARA_056_SRF_0.22-3_G.freeze11.snv.mod.fix.bam	0.000256988244623	0.000565374138172	0.000227618159524	0.000279015808448	0.000734252127496	0.0	0.000227618159524	0.00375937089278	0.00116011836144	0.00560968625407	0.00187968544639	0.00117480340399	0.00133633887204
TARA_064_SRF_0.22-3_G.freeze11.snv.mod.fix.bam	7.34252127496e-05	0.000220275638249	0.000301043372273	0.000330413457373	0.000697539521121	0.000227618159524	0.0	0.00121885853164	0.000139507904224	0.00495620186059	0.00115277584017	0.00077096473387	0.00132165382949
TARA_078_DCM_0.22-3_G.freeze11.snv.mod.fix.bam	0.00244505958456	0.00312057154186	0.00417789460545	0.00422929225437	0.00499291446697	0.00375937089278	0.00121885853164	0.0	0.00077096473387	0.00834110416835	0.00431740250967	0.0045156505841	0.00520584758394
TARA_078_SRF_0.22-3_G.freeze11.snv.mod.fix.bam	0.000660826914746	0.00110872071252	0.00160801215922	0.00173283502089	0.00223946898886	0.00116011836144	0.000139507904224	0.00077096473387	0.0	0.00594009971144	0.00174017754216	0.00173283502089	0.00258456748878
TARA_099_SRF_0.22-3_G.freeze11.snv.mod.fix.bam	0.00554360356259	0.00604289500929	0.00588135954124	0.00596212727526	0.00638799350921	0.00560968625407	0.00495620186059	0.00834110416835	0.00594009971144	0.0	0.00303246128656	0.00596212727526	0.00552157599877
TARA_112_SRF_0.22-3_G.freeze11.snv.mod.fix.bam	0.00159332711667	0.00212933116974	0.00226883907396	0.00234226428671	0.00273141791428	0.00187968544639	0.00115277584017	0.00431740250967	0.00174017754216	0.00303246128656	0.0	0.00229086663779	0.00266533522281
TARA_132_SRF_0.22-3_G.freeze11.snv.mod.fix.bam	0.000954527765744	0.00130696878694	0.00135836643587	0.00104998054232	0.00125557113802	0.00117480340399	0.00077096473387	0.0045156505841	0.00173283502089	0.00596212727526	0.00229086663779	0.0	0.00224681151014
TARA_138_SRF_0.22-3_G.freeze11.snv.mod.fix.bam	0.00160801215922	0.00188702796766	0.00179157519109	0.00174752006344	0.00191639805276	0.00133633887204	0.00132165382949	0.00520584758394	0.00258456748878	0.00552157599877	0.00266533522281	0.00224681151014	0.0
