	TARA_056_MES_0.22-3_G.freeze11.snv.mod.fix.bam	TARA_065_MES_0.22-3_G.freeze11.snv.mod.fix.bam	TARA_068_MES_0.22-3_G.freeze11.snv.mod.fix.bam	TARA_070_MES_0.22-3_G.freeze11.snv.mod.fix.bam	TARA_076_MES_0.22-3_G.freeze11.snv.mod.fix.bam	TARA_078_MES_0.22-3_G.freeze11.snv.mod.fix.bam	TARA_098_MES_0.22-3_G.freeze11.snv.mod.fix.bam	TARA_102_MES_0.22-3_G.freeze11.snv.mod.fix.bam	TARA_111_MES_0.22-3_G.freeze11.snv.mod.fix.bam	TARA_112_MES_0.22-3_G.freeze11.snv.mod.fix.bam	TARA_122_MES_0.22-3_G.freeze11.snv.mod.fix.bam	TARA_132_MES_0.22-3_G.freeze11.snv.mod.fix.bam	TARA_133_MES_0.22-3_G.freeze11.snv.mod.fix.bam	TARA_145_MES_0.22-3_G.freeze11.snv.mod.fix.bam
TARA_056_MES_0.22-3_G.freeze11.snv.mod.fix.bam	0.0	0.0532569549181	0.0528016186133	0.0495683889531	0.0509470540562	0.0551646920164	0.0506604143439	0.048577113493	0.0522938946537	0.0535077788093	0.0441126751154	0.0504300557148	0.046851941525	0.0536823492607
TARA_065_MES_0.22-3_G.freeze11.snv.mod.fix.bam	0.0532569549181	0.0	0.048112984831	0.0537132226686	0.052567307933	0.0545489660254	0.0495655812975	0.054597558323	0.05678941173	0.0575002948454	0.0517889959398	0.0474808045451	0.0590749383912	0.0536328358512
TARA_068_MES_0.22-3_G.freeze11.snv.mod.fix.bam	0.0528016186133	0.048112984831	0.0	0.0500318518073	0.0479851076077	0.0500117308792	0.0499359267955	0.0537349755768	0.0571144668916	0.0553126352177	0.0512244799042	0.0448829916757	0.0564382470369	0.0466963291802
TARA_070_MES_0.22-3_G.freeze11.snv.mod.fix.bam	0.0495683889531	0.0537132226686	0.0500318518073	0.0	0.0445064350729	0.0526930367988	0.0541510162992	0.0565791409688	0.0594617700181	0.052436128976	0.0511201899693	0.0500199634199	0.0553497689444	0.0476592700304
TARA_076_MES_0.22-3_G.freeze11.snv.mod.fix.bam	0.0509470540562	0.052567307933	0.0479851076077	0.0445064350729	0.0	0.0495661490387	0.0533539772531	0.0571457867539	0.060353357637	0.0505526667005	0.0524227193435	0.0488673618964	0.0565257830014	0.045361397134
TARA_078_MES_0.22-3_G.freeze11.snv.mod.fix.bam	0.0551646920164	0.0545489660254	0.0500117308792	0.0526930367988	0.0495661490387	0.0	0.0531607182292	0.057819973183	0.0617064843499	0.0515097164918	0.0563791743012	0.0515008645105	0.0576038856826	0.0494462333335
TARA_098_MES_0.22-3_G.freeze11.snv.mod.fix.bam	0.0506604143439	0.0495655812975	0.0499359267955	0.0541510162992	0.0533539772531	0.0531607182292	0.0	0.0491783021249	0.0529671618462	0.0548449516654	0.0489359059876	0.0475853941596	0.0527414508721	0.0542463062041
TARA_102_MES_0.22-3_G.freeze11.snv.mod.fix.bam	0.048577113493	0.054597558323	0.0537349755768	0.0565791409688	0.0571457867539	0.057819973183	0.0491783021249	0.0	0.0458396401753	0.0588167687366	0.0430798634098	0.0498757382965	0.0449243663349	0.0585491274502
TARA_111_MES_0.22-3_G.freeze11.snv.mod.fix.bam	0.0522938946537	0.05678941173	0.0571144668916	0.0594617700181	0.060353357637	0.0617064843499	0.0529671618462	0.0458396401753	0.0	0.0626033562762	0.0481701046014	0.0540295125688	0.0521686960126	0.0612480709222
TARA_112_MES_0.22-3_G.freeze11.snv.mod.fix.bam	0.0535077788093	0.0575002948454	0.0553126352177	0.052436128976	0.0505526667005	0.0515097164918	0.0548449516654	0.0588167687366	0.0626033562762	0.0	0.0567381135063	0.0550324745021	0.056750756736	0.053715660182
TARA_122_MES_0.22-3_G.freeze11.snv.mod.fix.bam	0.0441126751154	0.0517889959398	0.0512244799042	0.0511201899693	0.0524227193435	0.0563791743012	0.0489359059876	0.0430798634098	0.0481701046014	0.0567381135063	0.0	0.0477000350927	0.0443130879801	0.0545719157607
TARA_132_MES_0.22-3_G.freeze11.snv.mod.fix.bam	0.0504300557148	0.0474808045451	0.0448829916757	0.0500199634199	0.0488673618964	0.0515008645105	0.0475853941596	0.0498757382965	0.0540295125688	0.0550324745021	0.0477000350927	0.0	0.0533365798877	0.0491338303791
TARA_133_MES_0.22-3_G.freeze11.snv.mod.fix.bam	0.046851941525	0.0590749383912	0.0564382470369	0.0553497689444	0.0565257830014	0.0576038856826	0.0527414508721	0.0449243663349	0.0521686960126	0.056750756736	0.0443130879801	0.0533365798877	0.0	0.0578049699862
TARA_145_MES_0.22-3_G.freeze11.snv.mod.fix.bam	0.0536823492607	0.0536328358512	0.0466963291802	0.0476592700304	0.045361397134	0.0494462333335	0.0542463062041	0.0585491274502	0.0612480709222	0.053715660182	0.0545719157607	0.0491338303791	0.0578049699862	0.0
