	TARA_031_SRF_0.22-1.6_G.freeze11.snv.mod.fix.bam	TARA_032_SRF_0.22-1.6_G.freeze11.snv.mod.fix.bam	TARA_041_SRF_0.22-1.6_G.freeze11.snv.mod.fix.bam	TARA_042_SRF_0.22-1.6_G.freeze11.snv.mod.fix.bam	TARA_045_SRF_0.22-1.6_G.freeze11.snv.mod.fix.bam	TARA_048_SRF_0.22-1.6_G.freeze11.snv.mod.fix.bam	TARA_052_DCM_0.22-1.6_G.freeze11.snv.mod.fix.bam	TARA_056_SRF_0.22-3_G.freeze11.snv.mod.fix.bam	TARA_058_DCM_0.22-3_G.freeze11.snv.mod.fix.bam	TARA_064_SRF_0.22-3_G.freeze11.snv.mod.fix.bam	TARA_072_SRF_0.22-3_G.freeze11.snv.mod.fix.bam	TARA_078_SRF_0.22-3_G.freeze11.snv.mod.fix.bam	TARA_099_SRF_0.22-3_G.freeze11.snv.mod.fix.bam	TARA_112_SRF_0.22-3_G.freeze11.snv.mod.fix.bam	TARA_132_SRF_0.22-3_G.freeze11.snv.mod.fix.bam	TARA_137_SRF_0.22-3_G.freeze11.snv.mod.fix.bam	TARA_138_SRF_0.22-3_G.freeze11.snv.mod.fix.bam
TARA_031_SRF_0.22-1.6_G.freeze11.snv.mod.fix.bam	0.0	0.0299601869693	0.0369879899898	0.0389818878637	0.0368528832202	0.0386944955201	0.0512704355462	0.0393640735707	0.042355672981	0.0363002095092	0.0407226165806	0.0460483652569	0.0592264231255	0.0495067230065	0.0410821821619	0.0564800185317	0.0491160226361
TARA_032_SRF_0.22-1.6_G.freeze11.snv.mod.fix.bam	0.0299601869693	0.0	0.0370412700471	0.0373780953685	0.0373140471907	0.0377854522023	0.0486662593421	0.0391184748256	0.0430075201622	0.0381787608737	0.0392531967878	0.0456155665772	0.05698393036	0.0496330966151	0.0400176081838	0.0540062854114	0.0468523078885
TARA_041_SRF_0.22-1.6_G.freeze11.snv.mod.fix.bam	0.0369879899898	0.0370412700471	0.0	0.0346294721796	0.0332883317192	0.0360882431024	0.0498504884526	0.036117352279	0.0390227929236	0.035548830696	0.0391673990646	0.0456288082182	0.0582976307476	0.0491118685592	0.0404466117871	0.0551906839718	0.0474869770115
TARA_042_SRF_0.22-1.6_G.freeze11.snv.mod.fix.bam	0.0389818878637	0.0373780953685	0.0346294721796	0.0	0.0345341748008	0.0356262462269	0.047904724901	0.0379116689688	0.0416031555935	0.0388484547602	0.0387253408775	0.0455789531614	0.0565939746009	0.0501314376642	0.0400317833238	0.0534446610527	0.046221752584
TARA_045_SRF_0.22-1.6_G.freeze11.snv.mod.fix.bam	0.0368528832202	0.0373140471907	0.0332883317192	0.0345341748008	0.0	0.0320787076131	0.0496264031935	0.0362767660523	0.0395655957048	0.0345361257736	0.0382237346506	0.0456229570938	0.0580257749341	0.0481581778135	0.0394138343419	0.0553261700848	0.0470825982288
TARA_048_SRF_0.22-1.6_G.freeze11.snv.mod.fix.bam	0.0386944955201	0.0377854522023	0.0360882431024	0.0356262462269	0.0320787076131	0.0	0.0469325370797	0.0380337427818	0.0429431885823	0.0369728039762	0.0370563716478	0.0452771949406	0.0560578868543	0.0479387512718	0.0381825321862	0.0529067867813	0.0445558957383
TARA_052_DCM_0.22-1.6_G.freeze11.snv.mod.fix.bam	0.0512704355462	0.0486662593421	0.0498504884526	0.047904724901	0.0496264031935	0.0469325370797	0.0	0.0454748857582	0.0533920393592	0.0497641357475	0.0414400509372	0.0510572567681	0.0521002711358	0.0499662504807	0.0477717366967	0.0404919478528	0.0339855532289
TARA_056_SRF_0.22-3_G.freeze11.snv.mod.fix.bam	0.0393640735707	0.0391184748256	0.036117352279	0.0379116689688	0.0362767660523	0.0380337427818	0.0454748857582	0.0	0.038423874724	0.0364412239749	0.0380600762196	0.0464185523356	0.0567320693384	0.0480262645145	0.0417553868007	0.0512038479888	0.0431799433764
TARA_058_DCM_0.22-3_G.freeze11.snv.mod.fix.bam	0.042355672981	0.0430075201622	0.0390227929236	0.0416031555935	0.0395655957048	0.0429431885823	0.0533920393592	0.038423874724	0.0	0.038951833798	0.0436079570158	0.0490238026763	0.0618119036002	0.0523335127444	0.0454686295878	0.0586110030451	0.0519705263515
TARA_064_SRF_0.22-3_G.freeze11.snv.mod.fix.bam	0.0363002095092	0.0381787608737	0.035548830696	0.0388484547602	0.0345361257736	0.0369728039762	0.0497641357475	0.0364412239749	0.038951833798	0.0	0.0386257876969	0.0433782169352	0.0577663205415	0.0455822016558	0.0395756031336	0.0551749869511	0.0471224045973
TARA_072_SRF_0.22-3_G.freeze11.snv.mod.fix.bam	0.0407226165806	0.0392531967878	0.0391673990646	0.0387253408775	0.0382237346506	0.0370563716478	0.0414400509372	0.0380600762196	0.0436079570158	0.0386257876969	0.0	0.0446383613241	0.0529073409419	0.0461914932805	0.039469485674	0.0473474241704	0.0396827433978
TARA_078_SRF_0.22-3_G.freeze11.snv.mod.fix.bam	0.0460483652569	0.0456155665772	0.0456288082182	0.0455789531614	0.0456229570938	0.0452771949406	0.0510572567681	0.0464185523356	0.0490238026763	0.0433782169352	0.0446383613241	0.0	0.0572857338795	0.0496426959258	0.0418115866267	0.0558629528062	0.0506143371718
TARA_099_SRF_0.22-3_G.freeze11.snv.mod.fix.bam	0.0592264231255	0.05698393036	0.0582976307476	0.0565939746009	0.0580257749341	0.0560578868543	0.0521002711358	0.0567320693384	0.0618119036002	0.0577663205415	0.0529073409419	0.0572857338795	0.0	0.0484062958708	0.0544601547881	0.0568185972621	0.0525167396575
TARA_112_SRF_0.22-3_G.freeze11.snv.mod.fix.bam	0.0495067230065	0.0496330966151	0.0491118685592	0.0501314376642	0.0481581778135	0.0479387512718	0.0499662504807	0.0480262645145	0.0523335127444	0.0455822016558	0.0461914932805	0.0496426959258	0.0484062958708	0.0	0.0466520689919	0.0560048411908	0.0500943945962
TARA_132_SRF_0.22-3_G.freeze11.snv.mod.fix.bam	0.0410821821619	0.0400176081838	0.0404466117871	0.0400317833238	0.0394138343419	0.0381825321862	0.0477717366967	0.0417553868007	0.0454686295878	0.0395756031336	0.039469485674	0.0418115866267	0.0544601547881	0.0466520689919	0.0	0.0529774755146	0.0462910144119
TARA_137_SRF_0.22-3_G.freeze11.snv.mod.fix.bam	0.0564800185317	0.0540062854114	0.0551906839718	0.0534446610527	0.0553261700848	0.0529067867813	0.0404919478528	0.0512038479888	0.0586110030451	0.0551749869511	0.0473474241704	0.0558629528062	0.0568185972621	0.0560048411908	0.0529774755146	0.0	0.0337877476078
TARA_138_SRF_0.22-3_G.freeze11.snv.mod.fix.bam	0.0491160226361	0.0468523078885	0.0474869770115	0.046221752584	0.0470825982288	0.0445558957383	0.0339855532289	0.0431799433764	0.0519705263515	0.0471224045973	0.0396827433978	0.0506143371718	0.0525167396575	0.0500943945962	0.0462910144119	0.0337877476078	0.0
