	TARA_038_MES_0.22-1.6_G.freeze11.snv.mod.fix.bam	TARA_039_MES_0.22-1.6_G.freeze11.snv.mod.fix.bam	TARA_056_MES_0.22-3_G.freeze11.snv.mod.fix.bam	TARA_064_MES_0.22-3_G.freeze11.snv.mod.fix.bam	TARA_065_MES_0.22-3_G.freeze11.snv.mod.fix.bam	TARA_068_MES_0.22-3_G.freeze11.snv.mod.fix.bam	TARA_070_MES_0.22-3_G.freeze11.snv.mod.fix.bam	TARA_076_MES_0.22-3_G.freeze11.snv.mod.fix.bam	TARA_078_MES_0.22-3_G.freeze11.snv.mod.fix.bam	TARA_098_MES_0.22-3_G.freeze11.snv.mod.fix.bam	TARA_100_MES_0.22-3_G.freeze11.snv.mod.fix.bam	TARA_102_MES_0.22-3_G.freeze11.snv.mod.fix.bam	TARA_111_MES_0.22-3_G.freeze11.snv.mod.fix.bam	TARA_112_MES_0.22-3_G.freeze11.snv.mod.fix.bam	TARA_122_MES_0.22-3_G.freeze11.snv.mod.fix.bam	TARA_132_MES_0.22-3_G.freeze11.snv.mod.fix.bam	TARA_133_MES_0.22-3_G.freeze11.snv.mod.fix.bam	TARA_137_DCM_0.22-3_G.freeze11.snv.mod.fix.bam	TARA_137_MES_0.22-3_G.freeze11.snv.mod.fix.bam	TARA_138_MES_0.22-3_G.freeze11.snv.mod.fix.bam	TARA_142_MES_0.22-3_G.freeze11.snv.mod.fix.bam	TARA_145_MES_0.22-3_G.freeze11.snv.mod.fix.bam	TARA_146_MES_0.22-3_G.freeze11.snv.mod.fix.bam	TARA_149_MES_0.22-3_G.freeze11.snv.mod.fix.bam	TARA_152_MES_0.22-3_G.freeze11.snv.mod.fix.bam
TARA_038_MES_0.22-1.6_G.freeze11.snv.mod.fix.bam	0.0	0.013700232434	0.136791703226	0.139856012084	0.137617096126	0.13776172911	0.134833003445	0.136503788947	0.14179589286	0.139854480974	0.127946893744	0.133163060771	0.130068498503	0.141251001709	0.135800240056	0.138419845658	0.140100875487	0.124024920282	0.126404788563	0.12993124582	0.135842218513	0.135548239501	0.137450114963	0.136967488663	0.136608733424
TARA_039_MES_0.22-1.6_G.freeze11.snv.mod.fix.bam	0.013700232434	0.0	0.137767117274	0.140858109871	0.13832740679	0.138587525435	0.135383287914	0.137464842676	0.142837234429	0.140787315615	0.12858830399	0.134197636487	0.130674465129	0.142188806073	0.136756274615	0.139403685313	0.141179120808	0.123968616626	0.126696775011	0.130146137491	0.136644387083	0.136482677869	0.138522769692	0.137888368528	0.137610824867
TARA_056_MES_0.22-3_G.freeze11.snv.mod.fix.bam	0.136791703226	0.137767117274	0.0	0.0375524640085	0.0389348055183	0.0438869258013	0.0340351269956	0.0348835392873	0.0382636032628	0.0367566394143	0.102233426156	0.061723978623	0.0729350810124	0.0330051134763	0.0350984465854	0.0434286894773	0.0347477002976	0.0900239528579	0.0795293665442	0.0785034020723	0.0379806760152	0.0383885061537	0.0404486918644	0.0391106588103	0.0395810926423
TARA_064_MES_0.22-3_G.freeze11.snv.mod.fix.bam	0.139856012084	0.140858109871	0.0375524640085	0.0	0.0365035053534	0.042951133845	0.0411821042844	0.0389757263167	0.036997811776	0.0350212342086	0.105614046491	0.0641743057431	0.0753004984827	0.0357775950272	0.0414466204416	0.0428047591039	0.0416113471651	0.0942058205828	0.0840418286918	0.0834412498872	0.0391634817093	0.0437720167041	0.0396950996755	0.038495625174	0.0383286051642
TARA_065_MES_0.22-3_G.freeze11.snv.mod.fix.bam	0.137617096126	0.13832740679	0.0389348055183	0.0365035053534	0.0	0.0393957557148	0.0407310504142	0.0376253506327	0.0382334551356	0.0337296715474	0.104171114495	0.0638359423172	0.0743773457437	0.0390718109592	0.0408796523754	0.0382323597323	0.044952820239	0.0918551979181	0.0816873888341	0.0812071316386	0.0365859140056	0.0425417651963	0.0361035369042	0.0344806242863	0.0339939878049
TARA_068_MES_0.22-3_G.freeze11.snv.mod.fix.bam	0.13776172911	0.138587525435	0.0438869258013	0.042951133845	0.0393957557148	0.0	0.0433743446623	0.0404374533873	0.0421494016306	0.0417336060699	0.106189843324	0.0651311068584	0.0771494473916	0.0456391593223	0.0441706539369	0.0413279562479	0.0484391142808	0.0937163707437	0.0837989984567	0.082626860448	0.0416744225805	0.0432979595758	0.0422032466587	0.0409066104597	0.0409597534339
TARA_070_MES_0.22-3_G.freeze11.snv.mod.fix.bam	0.134833003445	0.135383287914	0.0340351269956	0.0411821042844	0.0407310504142	0.0433743446623	0.0	0.0342611661513	0.041641439461	0.0406538100015	0.102634179321	0.0629062078879	0.0744101383421	0.0382221313787	0.0366382823882	0.0431816112536	0.039627622921	0.0894137990889	0.0791512077099	0.0779884447939	0.039195819975	0.0369593056873	0.042068490204	0.040938815984	0.0413243773427
TARA_076_MES_0.22-3_G.freeze11.snv.mod.fix.bam	0.136503788947	0.137464842676	0.0348835392873	0.0389757263167	0.0376253506327	0.0404374533873	0.0342611661513	0.0	0.0374616347542	0.0381676085593	0.103731853695	0.0632750166862	0.0749215832602	0.0372019287535	0.0370784946252	0.0398117201065	0.0403918683564	0.0905853817388	0.0804945169732	0.0796698388811	0.0377724691325	0.0360094961787	0.0402142501366	0.0390818594472	0.038924845995
TARA_078_MES_0.22-3_G.freeze11.snv.mod.fix.bam	0.14179589286	0.142837234429	0.0382636032628	0.036997811776	0.0382334551356	0.0421494016306	0.041641439461	0.0374616347542	0.0	0.0359941537062	0.106425910425	0.0643480683473	0.0761271942684	0.036303807819	0.0421394292042	0.0421848437028	0.0412843829063	0.0951407008213	0.0851142932915	0.0845832851006	0.0411690291254	0.0431592636194	0.0423100930471	0.0405046574342	0.0406004250477
TARA_098_MES_0.22-3_G.freeze11.snv.mod.fix.bam	0.139854480974	0.140787315615	0.0367566394143	0.0350212342086	0.0337296715474	0.0417336060699	0.0406538100015	0.0381676085593	0.0359941537062	0.0	0.105051935251	0.0634370259192	0.0740041842218	0.0328662264927	0.0403624091802	0.0395603077376	0.0418586261248	0.0932089308396	0.0830150718149	0.0826106045799	0.0372109841047	0.0435301682776	0.0373877495734	0.0363005304431	0.0359848746463
TARA_100_MES_0.22-3_G.freeze11.snv.mod.fix.bam	0.127946893744	0.12858830399	0.102233426156	0.105614046491	0.104171114495	0.106189843324	0.102634179321	0.103731853695	0.106425910425	0.105051935251	0.0	0.0791349682209	0.0546073209585	0.105614965814	0.102831485112	0.105968544919	0.104827099609	0.0428539189874	0.0623390745054	0.0763723895107	0.103418915546	0.104279550121	0.104229033867	0.103662337678	0.103811527376
TARA_102_MES_0.22-3_G.freeze11.snv.mod.fix.bam	0.133163060771	0.134197636487	0.061723978623	0.0641743057431	0.0638359423172	0.0651311068584	0.0629062078879	0.0632750166862	0.0643480683473	0.0634370259192	0.0791349682209	0.0	0.0580615229782	0.0638990892794	0.0610878984642	0.0645799195197	0.0636562606587	0.0748191149899	0.0726540122079	0.0772761211797	0.0623360187638	0.0639313888888	0.0641197342055	0.0633698650964	0.0635299062556
TARA_111_MES_0.22-3_G.freeze11.snv.mod.fix.bam	0.130068498503	0.130674465129	0.0729350810124	0.0753004984827	0.0743773457437	0.0771494473916	0.0744101383421	0.0749215832602	0.0761271942684	0.0740041842218	0.0546073209585	0.0580615229782	0.0	0.0752463446868	0.0737974782688	0.0762610135037	0.0754022048979	0.0528995564164	0.056886407764	0.0674164499798	0.0736474649675	0.0762802792111	0.0748527326784	0.0738077789013	0.0741608192323
TARA_112_MES_0.22-3_G.freeze11.snv.mod.fix.bam	0.141251001709	0.142188806073	0.0330051134763	0.0357775950272	0.0390718109592	0.0456391593223	0.0382221313787	0.0372019287535	0.036303807819	0.0328662264927	0.105614965814	0.0638990892794	0.0752463446868	0.0	0.0388750895662	0.0444074575898	0.0364766654006	0.0941902257349	0.0835209089588	0.082883923141	0.0396259997135	0.0417490310611	0.0418168422167	0.040525218272	0.0404869147343
TARA_122_MES_0.22-3_G.freeze11.snv.mod.fix.bam	0.135800240056	0.136756274615	0.0350984465854	0.0414466204416	0.0408796523754	0.0441706539369	0.0366382823882	0.0370784946252	0.0421394292042	0.0403624091802	0.102831485112	0.0610878984642	0.0737974782688	0.0388750895662	0.0	0.0431853078388	0.0395018905702	0.0903880247408	0.0802463810523	0.0789571322417	0.0388706762619	0.0398296282697	0.041961065867	0.0410127999929	0.0412366252033
TARA_132_MES_0.22-3_G.freeze11.snv.mod.fix.bam	0.138419845658	0.139403685313	0.0434286894773	0.0428047591039	0.0382323597323	0.0413279562479	0.0431816112536	0.0398117201065	0.0421848437028	0.0395603077376	0.105968544919	0.0645799195197	0.0762610135037	0.0444074575898	0.0431853078388	0.0	0.047731585905	0.0932562494596	0.0836102131213	0.0826347573355	0.0406414356655	0.0431311828824	0.0414834447382	0.0401913669669	0.0397946080798
TARA_133_MES_0.22-3_G.freeze11.snv.mod.fix.bam	0.140100875487	0.141179120808	0.0347477002976	0.0416113471651	0.044952820239	0.0484391142808	0.039627622921	0.0403918683564	0.0412843829063	0.0418586261248	0.104827099609	0.0636562606587	0.0754022048979	0.0364766654006	0.0395018905702	0.047731585905	0.0	0.0934448715258	0.0831766533502	0.0818937133555	0.0438199031435	0.0432342576572	0.0464292064757	0.0449881705492	0.0456098673155
TARA_137_DCM_0.22-3_G.freeze11.snv.mod.fix.bam	0.124024920282	0.123968616626	0.0900239528579	0.0942058205828	0.0918551979181	0.0937163707437	0.0894137990889	0.0905853817388	0.0951407008213	0.0932089308396	0.0428539189874	0.0748191149899	0.0528995564164	0.0941902257349	0.0903880247408	0.0932562494596	0.0934448715258	0.0	0.0391939072336	0.0560368256594	0.0909690306665	0.0914321993408	0.091920170579	0.0912823958528	0.0912180525854
TARA_137_MES_0.22-3_G.freeze11.snv.mod.fix.bam	0.126404788563	0.126696775011	0.0795293665442	0.0840418286918	0.0816873888341	0.0837989984567	0.0791512077099	0.0804945169732	0.0851142932915	0.0830150718149	0.0623390745054	0.0726540122079	0.056886407764	0.0835209089588	0.0802463810523	0.0836102131213	0.0831766533502	0.0391939072336	0.0	0.0291111375133	0.0807486308605	0.0813456794164	0.0820511885567	0.0814638914813	0.0815755975256
TARA_138_MES_0.22-3_G.freeze11.snv.mod.fix.bam	0.12993124582	0.130146137491	0.0785034020723	0.0834412498872	0.0812071316386	0.082626860448	0.0779884447939	0.0796698388811	0.0845832851006	0.0826106045799	0.0763723895107	0.0772761211797	0.0674164499798	0.082883923141	0.0789571322417	0.0826347573355	0.0818937133555	0.0560368256594	0.0291111375133	0.0	0.0798661165937	0.0799866966849	0.0812275617462	0.0805527858135	0.0808422279874
TARA_142_MES_0.22-3_G.freeze11.snv.mod.fix.bam	0.135842218513	0.136644387083	0.0379806760152	0.0391634817093	0.0365859140056	0.0416744225805	0.039195819975	0.0377724691325	0.0411690291254	0.0372109841047	0.103418915546	0.0623360187638	0.0736474649675	0.0396259997135	0.0388706762619	0.0406414356655	0.0438199031435	0.0909690306665	0.0807486308605	0.0798661165937	0.0	0.0407677933823	0.0366333173506	0.0361422781518	0.0361186954457
TARA_145_MES_0.22-3_G.freeze11.snv.mod.fix.bam	0.135548239501	0.136482677869	0.0383885061537	0.0437720167041	0.0425417651963	0.0432979595758	0.0369593056873	0.0360094961787	0.0431592636194	0.0435301682776	0.104279550121	0.0639313888888	0.0762802792111	0.0417490310611	0.0398296282697	0.0431311828824	0.0432342576572	0.0914321993408	0.0813456794164	0.0799866966849	0.0407677933823	0.0	0.0434816361727	0.0420856682554	0.042493081171
TARA_146_MES_0.22-3_G.freeze11.snv.mod.fix.bam	0.137450114963	0.138522769692	0.0404486918644	0.0396950996755	0.0361035369042	0.0422032466587	0.042068490204	0.0402142501366	0.0423100930471	0.0373877495734	0.104229033867	0.0641197342055	0.0748527326784	0.0418168422167	0.041961065867	0.0414834447382	0.0464292064757	0.091920170579	0.0820511885567	0.0812275617462	0.0366333173506	0.0434816361727	0.0	0.0350784722104	0.0354319357221
TARA_149_MES_0.22-3_G.freeze11.snv.mod.fix.bam	0.136967488663	0.137888368528	0.0391106588103	0.038495625174	0.0344806242863	0.0409066104597	0.040938815984	0.0390818594472	0.0405046574342	0.0363005304431	0.103662337678	0.0633698650964	0.0738077789013	0.040525218272	0.0410127999929	0.0401913669669	0.0449881705492	0.0912823958528	0.0814638914813	0.0805527858135	0.0361422781518	0.0420856682554	0.0350784722104	0.0	0.0341651514334
TARA_152_MES_0.22-3_G.freeze11.snv.mod.fix.bam	0.136608733424	0.137610824867	0.0395810926423	0.0383286051642	0.0339939878049	0.0409597534339	0.0413243773427	0.038924845995	0.0406004250477	0.0359848746463	0.103811527376	0.0635299062556	0.0741608192323	0.0404869147343	0.0412366252033	0.0397946080798	0.0456098673155	0.0912180525854	0.0815755975256	0.0808422279874	0.0361186954457	0.042493081171	0.0354319357221	0.0341651514334	0.0
