	TARA_056_MES_0.22-3_G.freeze11.snv.mod.fix.bam	TARA_064_MES_0.22-3_G.freeze11.snv.mod.fix.bam	TARA_065_MES_0.22-3_G.freeze11.snv.mod.fix.bam	TARA_068_MES_0.22-3_G.freeze11.snv.mod.fix.bam	TARA_070_MES_0.22-3_G.freeze11.snv.mod.fix.bam	TARA_076_MES_0.22-3_G.freeze11.snv.mod.fix.bam	TARA_078_MES_0.22-3_G.freeze11.snv.mod.fix.bam	TARA_098_MES_0.22-3_G.freeze11.snv.mod.fix.bam	TARA_112_MES_0.22-3_G.freeze11.snv.mod.fix.bam	TARA_122_MES_0.22-3_G.freeze11.snv.mod.fix.bam	TARA_132_MES_0.22-3_G.freeze11.snv.mod.fix.bam	TARA_133_MES_0.22-3_G.freeze11.snv.mod.fix.bam	TARA_142_MES_0.22-3_G.freeze11.snv.mod.fix.bam	TARA_146_MES_0.22-3_G.freeze11.snv.mod.fix.bam	TARA_149_MES_0.22-3_G.freeze11.snv.mod.fix.bam	TARA_152_MES_0.22-3_G.freeze11.snv.mod.fix.bam
TARA_056_MES_0.22-3_G.freeze11.snv.mod.fix.bam	0.0	0.0487479422411	0.0517605650648	0.0548905668585	0.0438716775785	0.0458973750616	0.0499713342371	0.0507908699218	0.045274260948	0.0439462721285	0.0539674110418	0.0435494091706	0.0498043289924	0.0556167749034	0.0532963947437	0.0537832222935
TARA_064_MES_0.22-3_G.freeze11.snv.mod.fix.bam	0.0487479422411	0.0	0.0450609601168	0.050863305973	0.0543642119018	0.0496675594397	0.0447895880325	0.0429023584569	0.0458148807182	0.0526402277852	0.0502163772356	0.0542387204955	0.0486376207149	0.0504253447539	0.0480132014885	0.047884962903
TARA_065_MES_0.22-3_G.freeze11.snv.mod.fix.bam	0.0517605650648	0.0450609601168	0.0	0.0448541992085	0.0531648309556	0.0472353593998	0.0475663389439	0.0410613682887	0.0521578544221	0.0528700258042	0.0446920712965	0.0605181010384	0.0432184990694	0.0429805614908	0.0408130926847	0.0401759037115
TARA_068_MES_0.22-3_G.freeze11.snv.mod.fix.bam	0.0548905668585	0.050863305973	0.0448541992085	0.0	0.0532847148607	0.047298341551	0.0484449620712	0.0490846879577	0.0565529332314	0.0541873991287	0.0464952306801	0.0610903552211	0.0488135693807	0.0516592268748	0.0487483719571	0.0484243414403
TARA_070_MES_0.22-3_G.freeze11.snv.mod.fix.bam	0.0438716775785	0.0543642119018	0.0531648309556	0.0532847148607	0.0	0.0423718536177	0.0542063240068	0.0553378018192	0.0516581927706	0.0465826404861	0.0527695004098	0.0508055524602	0.0515723857613	0.0567103089293	0.0551120571198	0.0556700084848
TARA_076_MES_0.22-3_G.freeze11.snv.mod.fix.bam	0.0458973750616	0.0496675594397	0.0472353593998	0.047298341551	0.0423718536177	0.0	0.0473970976862	0.049673117965	0.0494451923219	0.047580810196	0.0481073547617	0.0528534043493	0.0488162556386	0.0535091615055	0.0513241474256	0.0508732331622
TARA_078_MES_0.22-3_G.freeze11.snv.mod.fix.bam	0.0499713342371	0.0447895880325	0.0475663389439	0.0484449620712	0.0542063240068	0.0473970976862	0.0	0.0443451284455	0.045844051037	0.0535305730989	0.049418904783	0.0538943266852	0.0516063042428	0.0543711208971	0.0513382560162	0.050755623623
TARA_098_MES_0.22-3_G.freeze11.snv.mod.fix.bam	0.0507908699218	0.0429023584569	0.0410613682887	0.0490846879577	0.0553378018192	0.049673117965	0.0443451284455	0.0	0.0446705292881	0.0526167570055	0.0473941995748	0.0571602766714	0.0465984490171	0.04743075097	0.0456773864683	0.0459013018594
TARA_112_MES_0.22-3_G.freeze11.snv.mod.fix.bam	0.045274260948	0.0458148807182	0.0521578544221	0.0565529332314	0.0516581927706	0.0494451923219	0.045844051037	0.0446705292881	0.0	0.0512513977263	0.0551214043082	0.0488741869798	0.052478696062	0.0568953886843	0.0547445943338	0.0549251606136
TARA_122_MES_0.22-3_G.freeze11.snv.mod.fix.bam	0.0439462721285	0.0526402277852	0.0528700258042	0.0541873991287	0.0465826404861	0.047580810196	0.0535305730989	0.0526167570055	0.0512513977263	0.0	0.0521833407576	0.0484282742108	0.049724732952	0.054854472569	0.0530802667913	0.0542018526364
TARA_132_MES_0.22-3_G.freeze11.snv.mod.fix.bam	0.0539674110418	0.0502163772356	0.0446920712965	0.0464952306801	0.0527695004098	0.0481073547617	0.049418904783	0.0473941995748	0.0551214043082	0.0521833407576	0.0	0.0597409156351	0.0472049457748	0.0493741054598	0.0474114819116	0.0466508358677
TARA_133_MES_0.22-3_G.freeze11.snv.mod.fix.bam	0.0435494091706	0.0542387204955	0.0605181010384	0.0610903552211	0.0508055524602	0.0528534043493	0.0538943266852	0.0571602766714	0.0488741869798	0.0484282742108	0.0597409156351	0.0	0.0575689846336	0.0629691735855	0.0611652896381	0.0618921108456
TARA_142_MES_0.22-3_G.freeze11.snv.mod.fix.bam	0.0498043289924	0.0486376207149	0.0432184990694	0.0488135693807	0.0515723857613	0.0488162556386	0.0516063042428	0.0465984490171	0.052478696062	0.049724732952	0.0472049457748	0.0575689846336	0.0	0.0444528856178	0.0435651624044	0.0444245880761
TARA_146_MES_0.22-3_G.freeze11.snv.mod.fix.bam	0.0556167749034	0.0504253447539	0.0429805614908	0.0516592268748	0.0567103089293	0.0535091615055	0.0543711208971	0.04743075097	0.0568953886843	0.054854472569	0.0493741054598	0.0629691735855	0.0444528856178	0.0	0.0410210817784	0.0426681876281
TARA_149_MES_0.22-3_G.freeze11.snv.mod.fix.bam	0.0532963947437	0.0480132014885	0.0408130926847	0.0487483719571	0.0551120571198	0.0513241474256	0.0513382560162	0.0456773864683	0.0547445943338	0.0530802667913	0.0474114819116	0.0611652896381	0.0435651624044	0.0410210817784	0.0	0.0405341236376
TARA_152_MES_0.22-3_G.freeze11.snv.mod.fix.bam	0.0537832222935	0.047884962903	0.0401759037115	0.0484243414403	0.0556700084848	0.0508732331622	0.050755623623	0.0459013018594	0.0549251606136	0.0542018526364	0.0466508358677	0.0618921108456	0.0444245880761	0.0426681876281	0.0405341236376	0.0
