	147406386-supragingivalplaque3.snv.bam	158114885-supragingivalplaque2.snv.bam	158479027-supragingivalplaque1.snv.bam	158479027-supragingivalplaque2.snv.bam	158499257-supragingivalplaque1.snv.bam	158499257-supragingivalplaque2.snv.bam	159005010-supragingivalplaque2.snv.bam	159268001-supragingivalplaque1.snv.bam	159268001-supragingivalplaque2.snv.bam	159369152-supragingivalplaque1.snv.bam	159510762-supragingivalplaque2.snv.bam	159510762-tonguedorsum3.snv.bam	159551223-supragingivalplaque1.snv.bam	159551223-supragingivalplaque2.snv.bam	159591683-supragingivalplaque1.snv.bam	159591683-supragingivalplaque2.snv.bam	159611913-supragingivalplaque2.snv.bam	159915365-supragingivalplaque1.snv.bam	160158126-supragingivalplaque1.snv.bam	160158126-supragingivalplaque2.snv.bam	160218816-buccalmucosa1.snv.bam	160259276-supragingivalplaque1.snv.bam	160319967-supragingivalplaque3.snv.bam	160400887-supragingivalplaque1.snv.bam	160421117-supragingivalplaque1.snv.bam	160421117-supragingivalplaque2.snv.bam	160421117-supragingivalplaque3.snv.bam	160582958-supragingivalplaque1.snv.bam	160582958-supragingivalplaque2.snv.bam	246515023-supragingivalplaque2.snv.bam	508703490-supragingivalplaque2.snv.bam	550534656-supragingivalplaque3.snv.bam	604812005-supragingivalplaque2.snv.bam	650853796-supragingivalplaque1.snv.bam	675950834-supragingivalplaque3.snv.bam	706846339-supragingivalplaque1.snv.bam	706846339-supragingivalplaque2.snv.bam	737052003-supragingivalplaque2.snv.bam	763496533-supragingivalplaque2.snv.bam	763840445-supragingivalplaque2.snv.bam	763901136-supragingivalplaque1.snv.bam	763901136-supragingivalplaque2.snv.bam	763901136-supragingivalplaque3.snv.bam	763921366-supragingivalplaque3.snv.bam	763961826-subgingivalplaque2.snv.bam	763961826-supragingivalplaque2.snv.bam	764285508-supragingivalplaque2.snv.bam	764325968-supragingivalplaque2.snv.bam	764366428-subgingivalplaque3.snv.bam	764508039-supragingivalplaque3.snv.bam	765013792-supragingivalplaque1.snv.bam	765013792-supragingivalplaque2.snv.bam	765013792-supragingivalplaque3.snv.bam	765094712-supragingivalplaque2.snv.bam	765094712-supragingivalplaque3.snv.bam	765155402-supragingivalplaque3.snv.bam	765701615-supragingivalplaque2.snv.bam	809635352-supragingivalplaque1.snv.bam	809635352-supragingivalplaque2.snv.bam	861967750-supragingivalplaque1.snv.bam	861967750-supragingivalplaque2.snv.bam
147406386-supragingivalplaque3.snv.bam	0.0	0.221097446942	0.197369101861	0.19684623992	0.164939567262	0.167228233207	0.219961445946	0.213943919403	0.199307657609	0.190053142359	0.211655280867	0.209291500578	0.217992944152	0.223456862445	0.221058366941	0.205923126972	0.216681339587	0.201066723964	0.200107010804	0.199715994994	0.217215599289	0.220256416903	0.208201292458	0.175262403943	0.196724685548	0.198866961584	0.181042394625	0.176439166225	0.171281617872	0.202235739411	0.147190287522	0.181704060055	0.167635614744	0.217189956365	0.191516614357	0.202481169406	0.203301570049	0.206532258292	0.194602274364	0.198273747263	0.20548041543	0.20461964248	0.200989358321	0.187866121135	0.182735354986	0.187685532564	0.159591238898	0.182373371099	0.183270474366	0.218000589154	0.194630834555	0.186778925332	0.195437093286	0.182380067905	0.21013535055	0.191398774321	0.190051254094	0.193809454493	0.196827171709	0.227092959416	0.214430317868
158114885-supragingivalplaque2.snv.bam	0.221097446942	0.0	0.261436594288	0.260851761359	0.216603900001	0.217654532245	0.139284653894	0.239934591661	0.227372735504	0.210820845525	0.252562405304	0.252649681801	0.24616756107	0.247797757766	0.244815294922	0.235518954982	0.271159628399	0.241356780174	0.20195504183	0.201757327579	0.271430241513	0.295197795139	0.247610460264	0.242061604137	0.274425865172	0.274892101168	0.261844108645	0.250356595901	0.249848696823	0.232281464065	0.230276717407	0.229286455694	0.216726869577	0.246947866752	0.225164374344	0.272237013455	0.277536237837	0.180910170025	0.244092980917	0.232706866375	0.203341227818	0.202408422598	0.198663255684	0.240152727114	0.248426936622	0.248940284432	0.184987517024	0.24068430134	0.142819681038	0.227982574375	0.248864298775	0.23400729075	0.223309781169	0.232982490853	0.253242089667	0.24074813487	0.269769099436	0.26093482602	0.259356983095	0.222824083126	0.218400847682
158479027-supragingivalplaque1.snv.bam	0.197369101861	0.261436594288	0.0	0.000599561755893	0.223001956395	0.226367350476	0.240281391868	0.224408632665	0.204720663634	0.199187900469	0.230488286806	0.226172527512	0.240798746277	0.240992106114	0.249377151652	0.236108585511	0.218974116393	0.182911495438	0.21091336793	0.210344290141	0.219504041331	0.253316120486	0.20467193561	0.176873430188	0.222028927085	0.223380110409	0.216078856682	0.210712163183	0.206899449846	0.214851304767	0.183480414887	0.227098769615	0.229997246114	0.247519967244	0.204466263419	0.215883404648	0.217761342812	0.230433494346	0.213640394212	0.0775458609784	0.232234662579	0.229812080278	0.228190686167	0.203031652159	0.19302507992	0.194495593834	0.19372188186	0.2220784442	0.213739915653	0.222407050986	0.18505693849	0.191533839648	0.212031551074	0.209224244311	0.231897218646	0.185928907879	0.2286444055	0.000544974726158	0.000788651392535	0.217147210262	0.212687994148
158479027-supragingivalplaque2.snv.bam	0.19684623992	0.260851761359	0.000599561755893	0.0	0.222550750818	0.225919366405	0.239886195251	0.223873693253	0.204203522625	0.198706079355	0.23004944493	0.225738986654	0.240404116907	0.240601079551	0.24887903158	0.235531446941	0.218439371237	0.182773502628	0.210227219001	0.20966067191	0.218968223452	0.252623538083	0.204277419822	0.176606197262	0.221445450169	0.222880008237	0.215567758104	0.210346061318	0.206614258925	0.214563492696	0.183211829134	0.227089081913	0.229417798254	0.246902943791	0.204368296261	0.217485607589	0.219343648463	0.229794472394	0.213201701984	0.0771911489632	0.23177111093	0.229345871953	0.227726869531	0.202550015827	0.194489970995	0.195935919469	0.19328929735	0.221676474656	0.213288672777	0.222074909303	0.184837358192	0.191386480561	0.211843031923	0.208856325166	0.231571590738	0.185399583079	0.228084623037	0.000245175648398	0.000489075143428	0.216718957432	0.212252914985
158499257-supragingivalplaque1.snv.bam	0.164939567262	0.216603900001	0.223001956395	0.222550750818	0.0	0.000589882743915	0.225702529767	0.225879781587	0.210161096119	0.211010746172	0.235830704383	0.233773256464	0.246013855334	0.249711262578	0.247667190445	0.234483708532	0.230986748066	0.237880403542	0.164241818258	0.163969701876	0.231486581042	0.242694641714	0.221978114478	0.205655043995	0.207930007048	0.210543139421	0.195652697822	0.185438022143	0.180635245021	0.205142941553	0.179394528533	0.212117076882	0.206608344054	0.23102874949	0.22929374918	0.154702867378	0.157177972534	0.185511157325	0.212056774752	0.20654411729	0.21344056961	0.209618649497	0.206238422867	0.190023906442	0.199754412254	0.198726772844	0.108798758865	0.198543716027	0.159973642331	0.243702587878	0.226680482147	0.22225638377	0.230601692383	0.163971262017	0.168419059694	0.202585190903	0.190614622148	0.218187405687	0.220985431227	0.186957725635	0.179122488383
158499257-supragingivalplaque2.snv.bam	0.167228233207	0.217654532245	0.226367350476	0.225919366405	0.000589882743915	0.0	0.228449849305	0.228623154223	0.213391818364	0.215733349789	0.236893977671	0.234888146327	0.254647209046	0.258351494978	0.245901959416	0.233468431593	0.23585913829	0.240371685091	0.166374496185	0.166266065232	0.236347796138	0.245613511786	0.223905391315	0.206847816807	0.209263695862	0.211797364592	0.197417761703	0.191093478268	0.186755629753	0.207796555125	0.183509329908	0.215538787699	0.205084257628	0.23177696108	0.232494808398	0.157265763698	0.159673096871	0.183948058613	0.21375283797	0.210054817762	0.216300055983	0.213482605395	0.209744889311	0.190843908537	0.202706611782	0.200730125202	0.112983176265	0.203022412001	0.164818082167	0.242979848386	0.225857150363	0.221598476974	0.229781454184	0.166440968625	0.170001512401	0.20458687205	0.193786399025	0.221680962858	0.224358906032	0.189188303537	0.181619602175
159005010-supragingivalplaque2.snv.bam	0.219961445946	0.139284653894	0.240281391868	0.239886195251	0.225702529767	0.228449849305	0.0	0.214506200224	0.198713158651	0.184275203476	0.228887995166	0.230899340089	0.23093435567	0.23034422111	0.237782959153	0.229684592904	0.247952415184	0.142275388892	0.214922127046	0.21451531916	0.248279061333	0.261705691265	0.215051684905	0.211293978087	0.248947740547	0.249933707766	0.231252877155	0.2188016974	0.219869616436	0.185003152489	0.212741411798	0.228050340631	0.215477152152	0.225789768565	0.198740782757	0.230522638465	0.232244841443	0.183770064624	0.232447392883	0.223973121376	0.138865349769	0.136837364639	0.135167805168	0.174144423991	0.212315681362	0.213235788503	0.187864007842	0.200852762899	0.208945863019	0.19625227965	0.215584018975	0.201020276469	0.191682907542	0.225467709754	0.248357476585	0.198656260412	0.233031305594	0.239734621362	0.238340276405	0.195136965843	0.193999176701
159268001-supragingivalplaque1.snv.bam	0.213943919403	0.239934591661	0.224408632665	0.223873693253	0.225879781587	0.228623154223	0.214506200224	0.0	0.000161971939413	0.212499684197	0.197946242662	0.199774525787	0.249571876353	0.250267138214	0.211716127663	0.204890946619	0.270212502953	0.208012901698	0.211195018945	0.212657755351	0.269885363621	0.23086991301	0.202890454498	0.179222128801	0.183101353937	0.185524542282	0.184725515434	0.175511654529	0.176691559863	0.165420422658	0.204064778118	0.254796102592	0.223790660292	0.270148124255	0.232645290456	0.232670369856	0.232418949271	0.232497275875	0.203823450327	0.215669952466	0.220585632829	0.217927847273	0.214347873004	0.214053925336	0.225714574548	0.221448052498	0.185824577005	0.216232431498	0.214221032945	0.257584527528	0.211724367018	0.218262992218	0.241649051216	0.210304097433	0.215935221472	0.221262859681	0.208865534334	0.221469081859	0.224383777409	0.248028399449	0.242570031836
159268001-supragingivalplaque2.snv.bam	0.199307657609	0.227372735504	0.204720663634	0.204203522625	0.210161096119	0.213391818364	0.198713158651	0.000161971939413	0.0	0.194750143183	0.181100598396	0.182865862757	0.241218030401	0.242305570916	0.208417085187	0.201090057734	0.254757364954	0.193956586946	0.193037364916	0.194641524443	0.254801665656	0.2178362795	0.192063492063	0.17449214199	0.180605913793	0.183211164569	0.179395061276	0.172655023891	0.1731313688	0.152257371046	0.188837268996	0.239547038328	0.212088591933	0.261186358419	0.216893173198	0.221823520669	0.221675379438	0.21862188584	0.195319036706	0.197165438536	0.21128262899	0.207869511441	0.204112405239	0.20196976817	0.209113046045	0.205568448899	0.16158179975	0.197295905685	0.19730941704	0.241419006607	0.195877970538	0.200972517527	0.225182853419	0.191853554088	0.199420593614	0.205368717032	0.200512195447	0.201524648977	0.204717890763	0.231456609667	0.225086723431
159369152-supragingivalplaque1.snv.bam	0.190053142359	0.210820845525	0.199187900469	0.198706079355	0.211010746172	0.215733349789	0.184275203476	0.212499684197	0.194750143183	0.0	0.211181367743	0.209298120105	0.212490811356	0.220755946528	0.201899194671	0.186660642737	0.217280258479	0.187232099024	0.209156250577	0.209934073932	0.217976907567	0.225462300759	0.192311870646	0.162184794828	0.193373517692	0.193660423693	0.178633091964	0.188104169459	0.189477490204	0.186728521167	0.202235576052	0.222345380665	0.206091798558	0.212031376789	0.19285555732	0.209110397792	0.210189317691	0.195101202989	0.184723607265	0.168417113573	0.193699299793	0.191375107432	0.189586151049	0.170590293467	0.181881175299	0.185260182172	0.185200753229	0.207920029804	0.191789266984	0.180936898619	0.191385736624	0.167737236343	0.184011374425	0.187277119961	0.221837178576	0.150888467818	0.21817699212	0.198279488463	0.199154820409	0.234591388873	0.225872748736
159510762-supragingivalplaque2.snv.bam	0.211655280867	0.252562405304	0.230488286806	0.23004944493	0.235830704383	0.236893977671	0.228887995166	0.197946242662	0.181100598396	0.211181367743	0.0	0.000234979747428	0.245869943642	0.249268529313	0.232003086399	0.219517491471	0.244146875674	0.175939171972	0.221366501024	0.222774506318	0.2446412431	0.224270823673	0.212799375057	0.2137379042	0.228591255304	0.231999973751	0.218472823149	0.221038622402	0.211689526636	0.193438348038	0.189061198996	0.232597746456	0.213450058396	0.242444307537	0.211604012085	0.20784353669	0.209928077376	0.231003655023	0.221625786434	0.204963216204	0.212305798933	0.2072530183	0.20993809785	0.200710391816	0.214512349745	0.217079853104	0.191488143948	0.217972725652	0.194312147096	0.20580800865	0.217668873329	0.214359768617	0.206653897706	0.195305780031	0.196634954844	0.191949299897	0.215509513484	0.227711183457	0.23068250452	0.248543976829	0.242999921226
159510762-tonguedorsum3.snv.bam	0.209291500578	0.252649681801	0.226172527512	0.225738986654	0.233773256464	0.234888146327	0.230899340089	0.199774525787	0.182865862757	0.209298120105	0.000234979747428	0.0	0.245657196931	0.249370782015	0.229891113878	0.217170945183	0.24404895418	0.175065414057	0.221097134908	0.222656009337	0.244547449935	0.224020701108	0.208048504035	0.213070770807	0.226459988863	0.229941062462	0.216183384819	0.218829474406	0.209395931879	0.190885060867	0.186536092477	0.234830224962	0.215410146989	0.240380834222	0.208779747489	0.205344338049	0.207472103125	0.232128189459	0.221494460363	0.20109200241	0.210002084305	0.204866913822	0.207569844257	0.197892650715	0.209904303654	0.212755359136	0.192829405958	0.211268191268	0.19139029139	0.201353369156	0.213137753886	0.209411693214	0.201480353797	0.192817780131	0.194142347004	0.189443359614	0.214937043497	0.223345203512	0.226368356991	0.248714739084	0.243129246383
159551223-supragingivalplaque1.snv.bam	0.217992944152	0.24616756107	0.240798746277	0.240404116907	0.246013855334	0.254647209046	0.23093435567	0.249571876353	0.241218030401	0.212490811356	0.245869943642	0.245657196931	0.0	0.0141531798284	0.197735464316	0.179959173153	0.248162628747	0.203848775141	0.259990406255	0.261771765061	0.248544584832	0.286759977714	0.246130822122	0.192732277818	0.232270646938	0.232050568712	0.222262045082	0.22745486373	0.230887741343	0.212551515209	0.24448946415	0.243800324098	0.228829117046	0.259516233657	0.156948415754	0.265774893651	0.267268008223	0.23431941899	0.193986417938	0.211906678876	0.219596123386	0.219025143249	0.219547049665	0.205385526847	0.234485520898	0.233700478172	0.227881412315	0.241063676275	0.216497745157	0.228965680266	0.235639483837	0.230081432747	0.236353679232	0.226022807532	0.238977194835	0.215224395253	0.233024806935	0.240043154496	0.238918507056	0.23939101499	0.22951587823
159551223-supragingivalplaque2.snv.bam	0.223456862445	0.247797757766	0.240992106114	0.240601079551	0.249711262578	0.258351494978	0.23034422111	0.250267138214	0.242305570916	0.220755946528	0.249268529313	0.249370782015	0.0141531798284	0.0	0.196261494062	0.177897449964	0.252952193235	0.202414833933	0.263296200816	0.264836530729	0.253054255697	0.287303973851	0.250353241969	0.194340919191	0.235084008006	0.234289203224	0.225621547281	0.229519198968	0.234800890213	0.216671283803	0.250169996869	0.244397004725	0.235864751019	0.261013589723	0.154370848311	0.272666787897	0.274108389617	0.234645245406	0.197612860935	0.217612311197	0.223166123012	0.222660590579	0.223250914421	0.207850315983	0.235237142839	0.234469508252	0.230796077246	0.242592841273	0.219602589878	0.227961045379	0.236765062386	0.232937575126	0.238338248704	0.232924345599	0.244921604817	0.218222947666	0.229014954972	0.240454722784	0.239082641076	0.238684685993	0.228850642797
159591683-supragingivalplaque1.snv.bam	0.221058366941	0.244815294922	0.249377151652	0.24887903158	0.247667190445	0.245901959416	0.237782959153	0.211716127663	0.208417085187	0.201899194671	0.232003086399	0.229891113878	0.197735464316	0.196261494062	0.0	0.00024771567532	0.250993193175	0.217190650284	0.248267221115	0.249931262187	0.250526967878	0.24228788272	0.227126512862	0.135834151767	0.133137725835	0.130526168211	0.131314648247	0.168418346031	0.171357500048	0.194909252715	0.224070803626	0.248341754042	0.225160594555	0.230985924527	0.216790524747	0.251910886822	0.253479179431	0.225465885434	0.14098790789	0.229700552841	0.225690082605	0.220973365725	0.219236034123	0.189975902914	0.216063975091	0.216397346336	0.226599789191	0.236481290055	0.232305136484	0.199512425517	0.240777973355	0.227203579511	0.216936997123	0.241182058611	0.256855571502	0.220362857627	0.236772778629	0.250889442559	0.249500403779	0.269242089226	0.266725610076
159591683-supragingivalplaque2.snv.bam	0.205923126972	0.235518954982	0.236108585511	0.235531446941	0.234483708532	0.233468431593	0.229684592904	0.204890946619	0.201090057734	0.186660642737	0.219517491471	0.217170945183	0.179959173153	0.177897449964	0.00024771567532	0.0	0.246115002917	0.20357869379	0.238975722994	0.240819420707	0.245693199998	0.228217989053	0.211352176738	0.126463479543	0.122088849891	0.12093103364	0.119846317359	0.157317276759	0.157740022795	0.186710163104	0.216724124701	0.236489661654	0.214863968273	0.218663534516	0.206549707602	0.240183753843	0.241934718656	0.212070809077	0.137198815453	0.216101309815	0.223005902446	0.221392190153	0.219584620456	0.178829731614	0.204883792798	0.20690744336	0.21705837373	0.232892447375	0.216097676624	0.187371107052	0.231218025777	0.216020947853	0.204196568875	0.232373610057	0.24956067032	0.204994789143	0.22138047138	0.237543765325	0.236198109794	0.265522796274	0.261524098495
159611913-supragingivalplaque2.snv.bam	0.216681339587	0.271159628399	0.218974116393	0.218439371237	0.230986748066	0.23585913829	0.247952415184	0.270212502953	0.254757364954	0.217280258479	0.244146875674	0.24404895418	0.248162628747	0.252952193235	0.250993193175	0.246115002917	0.0	0.204544882198	0.240400684493	0.240008634616	0.00104311566204	0.266935704603	0.224610414659	0.214416974099	0.235512389995	0.238715456129	0.219298675776	0.224725446207	0.220784479112	0.218579998739	0.21965747818	0.205860619635	0.20100490433	0.212593468324	0.237754450913	0.219024623418	0.218981865752	0.212349795296	0.223136885183	0.211338134565	0.225377317924	0.22276661996	0.221120362294	0.202624518262	0.246188364168	0.23656312583	0.209653473771	0.2312712919	0.210626862568	0.215492814598	0.218450488333	0.207390187397	0.208599195441	0.213029286713	0.228013856764	0.182724517378	0.236538594965	0.218369756437	0.216993897591	0.234906125619	0.235262480469
159915365-supragingivalplaque1.snv.bam	0.201066723964	0.241356780174	0.182911495438	0.182773502628	0.237880403542	0.240371685091	0.142275388892	0.208012901698	0.193956586946	0.187232099024	0.175939171972	0.175065414057	0.203848775141	0.202414833933	0.217190650284	0.20357869379	0.204544882198	0.0	0.220390912497	0.220242035616	0.205194558653	0.24035047681	0.184846646429	0.15643223462	0.211504914552	0.215201444826	0.198906788382	0.203013122971	0.198502979008	0.172886457587	0.183131672859	0.234037299526	0.220940358317	0.223584328108	0.13739215523	0.221892945936	0.223763137833	0.210905913978	0.215465376185	0.175057154332	0.137955080484	0.133870316449	0.132184071357	0.15400607928	0.194494382169	0.19616197139	0.19977443609	0.199932030093	0.177995463766	0.127750732683	0.174412667818	0.157640991724	0.137170248856	0.197261493495	0.213035208493	0.174976836209	0.21007569743	0.184080174914	0.183193425132	0.210993167725	0.206207816516
160158126-supragingivalplaque1.snv.bam	0.200107010804	0.20195504183	0.21091336793	0.210227219001	0.164241818258	0.166374496185	0.214922127046	0.211195018945	0.193037364916	0.209156250577	0.221366501024	0.221097134908	0.259990406255	0.263296200816	0.248267221115	0.238975722994	0.240400684493	0.220390912497	0.0	0.000551386651443	0.240700006856	0.240153372193	0.244875971782	0.21143653314	0.233043980971	0.236336252911	0.2148703915	0.229796047529	0.222389211872	0.221818144493	0.190578478673	0.207602397339	0.230483670954	0.232011621926	0.243363698187	0.237177851407	0.240896095701	0.205714336594	0.222679048305	0.207971926949	0.233130352122	0.228575028319	0.224786563112	0.205966125014	0.214914505516	0.217496512584	0.1041933857	0.212167638188	0.195037437262	0.216882710471	0.24210862118	0.227335508356	0.21905103813	0.212351959627	0.218391517033	0.221588772685	0.212124211086	0.207889004876	0.210656620151	0.24670626541	0.243300209044
160158126-supragingivalplaque2.snv.bam	0.199715994994	0.201757327579	0.210344290141	0.20966067191	0.163969701876	0.166266065232	0.21451531916	0.212657755351	0.194641524443	0.209934073932	0.222774506318	0.222656009337	0.261771765061	0.264836530729	0.249931262187	0.240819420707	0.240008634616	0.220242035616	0.000551386651443	0.0	0.240270726612	0.241344373877	0.244590356075	0.211140290099	0.232470502104	0.235767698472	0.214355488906	0.229385841498	0.221937345585	0.223309313765	0.190191125707	0.206924828985	0.229808510161	0.233810863054	0.243160587545	0.23676423432	0.24047914496	0.205230223919	0.224271766644	0.208521981245	0.232798186684	0.228246800641	0.224539779349	0.205575345683	0.214684389074	0.217273836996	0.103916232658	0.211902806548	0.194963050951	0.216632899732	0.241877579897	0.227289338423	0.219021570758	0.212365547021	0.218093718756	0.221208594234	0.211663804549	0.20732260418	0.210124791989	0.2460706003	0.242647590525
160218816-buccalmucosa1.snv.bam	0.217215599289	0.271430241513	0.219504041331	0.218968223452	0.231486581042	0.236347796138	0.248279061333	0.269885363621	0.254801665656	0.217976907567	0.2446412431	0.244547449935	0.248544584832	0.253054255697	0.250526967878	0.245693199998	0.00104311566204	0.205194558653	0.240700006856	0.240270726612	0.0	0.267290790796	0.224481928995	0.213984390238	0.235120999268	0.238293794112	0.219242209135	0.22416490834	0.22035051862	0.21864524785	0.220199496841	0.206030530198	0.201526944324	0.21302708709	0.238116492905	0.219696862658	0.219647287149	0.212784739098	0.223409078674	0.211803136264	0.225848036857	0.223245184208	0.221599925633	0.2024286305	0.246757542806	0.237100683431	0.209952351684	0.231889918555	0.211172955417	0.215922370987	0.219034051129	0.207948609721	0.209102048979	0.213400960983	0.22849644256	0.183146714159	0.237042591339	0.218902925813	0.21747311259	0.235112855494	0.235547715579
160259276-supragingivalplaque1.snv.bam	0.220256416903	0.295197795139	0.253316120486	0.252623538083	0.242694641714	0.245613511786	0.261705691265	0.23086991301	0.2178362795	0.225462300759	0.224270823673	0.224020701108	0.286759977714	0.287303973851	0.24228788272	0.228217989053	0.266935704603	0.24035047681	0.240153372193	0.241344373877	0.267290790796	0.0	0.268256969428	0.24915762029	0.230559550851	0.232122633212	0.216792686401	0.235901893026	0.226148178803	0.259647753434	0.208827821129	0.241387049762	0.250487427176	0.260589406028	0.265986295922	0.259703593938	0.261248576953	0.226502387545	0.245114376261	0.245735334072	0.255801718982	0.251579855534	0.249983754302	0.231120466724	0.217065415088	0.211356043735	0.217366279915	0.209922268712	0.235980950071	0.252054261104	0.260427821719	0.252638017674	0.250233494916	0.231613642238	0.230612054766	0.242572963072	0.266138037039	0.250489895538	0.253164005093	0.254825990461	0.253834711974
160319967-supragingivalplaque3.snv.bam	0.208201292458	0.247610460264	0.20467193561	0.204277419822	0.221978114478	0.223905391315	0.215051684905	0.202890454498	0.192063492063	0.192311870646	0.212799375057	0.208048504035	0.246130822122	0.250353241969	0.227126512862	0.211352176738	0.224610414659	0.184846646429	0.244875971782	0.244590356075	0.224481928995	0.268256969428	0.0	0.158931225176	0.189371769131	0.195735110176	0.179840493648	0.190042732199	0.188828374355	0.188203697795	0.217459788697	0.253333333333	0.225514208627	0.245977198183	0.200748099092	0.225544763079	0.227731947005	0.25075308642	0.218054925354	0.190630293352	0.208520911935	0.207211423086	0.203461024715	0.181908447324	0.214662425611	0.222689735917	0.222020999758	0.212152777778	0.186530864198	0.208651213111	0.0972130485126	0.131094087383	0.190020647286	0.212862313346	0.238851876676	0.211399120338	0.230907241221	0.20575198107	0.204513554054	0.252516713029	0.249253548703
160400887-supragingivalplaque1.snv.bam	0.175262403943	0.242061604137	0.176873430188	0.176606197262	0.205655043995	0.206847816807	0.211293978087	0.179222128801	0.17449214199	0.162184794828	0.2137379042	0.213070770807	0.192732277818	0.194340919191	0.135834151767	0.126463479543	0.214416974099	0.15643223462	0.21143653314	0.211140290099	0.213984390238	0.24915762029	0.158931225176	0.0	0.0825016377024	0.0834526410539	0.0821666839952	0.0868271262256	0.0846573484218	0.181503105846	0.19807153381	0.205259530449	0.19825855267	0.215093389175	0.16134949555	0.223987008597	0.225910143928	0.212511248843	0.0752011964523	0.170451836131	0.178848729956	0.175285026291	0.171249775708	0.149106298221	0.183211441374	0.187672611645	0.199705459107	0.20359793993	0.197120117888	0.176256712716	0.159061271381	0.167506999019	0.190711778568	0.212871307016	0.240087907516	0.179222405376	0.225082091289	0.175716300306	0.174651460572	0.244211776401	0.237939273705
160421117-supragingivalplaque1.snv.bam	0.196724685548	0.274425865172	0.222028927085	0.221445450169	0.207930007048	0.209263695862	0.248947740547	0.183101353937	0.180605913793	0.193373517692	0.228591255304	0.226459988863	0.232270646938	0.235084008006	0.133137725835	0.122088849891	0.235512389995	0.211504914552	0.233043980971	0.232470502104	0.235120999268	0.230559550851	0.189371769131	0.0825016377024	0.0	0.00038989614518	0.000540646402417	0.0435794173204	0.0486220133668	0.187011935792	0.226609108199	0.251570421631	0.230386704401	0.235749934713	0.204372026129	0.219894254766	0.221823463364	0.239202156847	0.145902799136	0.204214998297	0.213856285996	0.211040067826	0.20723397063	0.196365654904	0.201926418191	0.204355578016	0.210327478025	0.213211818683	0.198268440898	0.231562105938	0.217125114355	0.221364714752	0.240604338674	0.218325529632	0.227344995734	0.206056709769	0.240004810466	0.219106244141	0.222014286559	0.250123490885	0.240414146244
160421117-supragingivalplaque2.snv.bam	0.198866961584	0.274892101168	0.223380110409	0.222880008237	0.210543139421	0.211797364592	0.249933707766	0.185524542282	0.183211164569	0.193660423693	0.231999973751	0.229941062462	0.232050568712	0.234289203224	0.130526168211	0.12093103364	0.238715456129	0.215201444826	0.236336252911	0.235767698472	0.238293794112	0.232122633212	0.195735110176	0.0834526410539	0.00038989614518	0.0	0.000455994918509	0.0448487981055	0.0497753499274	0.189218390675	0.226050370059	0.252702515715	0.233793804037	0.236954234318	0.204143109966	0.221442460977	0.223317276985	0.240398454869	0.14715744773	0.204852720484	0.213510865867	0.210747124599	0.207019222079	0.198439943007	0.205279933834	0.206218243118	0.212043880602	0.212874026152	0.198299745681	0.230731081019	0.21869796866	0.22181321363	0.239769034786	0.218329923455	0.225845717721	0.207945495877	0.243438306264	0.220599770413	0.223440285662	0.250952989606	0.241496946292
160421117-supragingivalplaque3.snv.bam	0.181042394625	0.261844108645	0.216078856682	0.215567758104	0.195652697822	0.197417761703	0.231252877155	0.184725515434	0.179395061276	0.178633091964	0.218472823149	0.216183384819	0.222262045082	0.225621547281	0.131314648247	0.119846317359	0.219298675776	0.198906788382	0.2148703915	0.214355488906	0.219242209135	0.216792686401	0.179840493648	0.0821666839952	0.000540646402417	0.000455994918509	0.0	0.041170353848	0.0444821643999	0.176697005677	0.207992180605	0.23310424974	0.219789760227	0.223906767222	0.188732017032	0.205322154844	0.207467038502	0.222313275651	0.134935257791	0.192082429037	0.19276302804	0.189465131555	0.185487273673	0.185042844767	0.187634390349	0.189669018764	0.199842009416	0.197772898491	0.180060701631	0.213344137728	0.198421715264	0.202264842331	0.224059583558	0.202725286723	0.211724457617	0.190772399201	0.229779911416	0.213103607814	0.216050104225	0.236584092728	0.226011445788
160582958-supragingivalplaque1.snv.bam	0.176439166225	0.250356595901	0.210712163183	0.210346061318	0.185438022143	0.191093478268	0.2188016974	0.175511654529	0.172655023891	0.188104169459	0.221038622402	0.218829474406	0.22745486373	0.229519198968	0.168418346031	0.157317276759	0.224725446207	0.203013122971	0.229796047529	0.229385841498	0.22416490834	0.235901893026	0.190042732199	0.0868271262256	0.0435794173204	0.0448487981055	0.041170353848	0.0	0.0054052775915	0.181256193998	0.200169648745	0.230328200808	0.214316895627	0.216082278662	0.195516603178	0.193072335564	0.195246819963	0.228279320139	0.142192517481	0.194026919249	0.197063201777	0.194072108342	0.190205614867	0.189251446131	0.207160233383	0.210856902943	0.195122690631	0.199758722581	0.185228935076	0.237290802455	0.197935450209	0.201989463942	0.230020539391	0.197163719306	0.208532020896	0.201549594848	0.22482269344	0.205919961057	0.20872227301	0.219363121173	0.208442172232
160582958-supragingivalplaque2.snv.bam	0.171281617872	0.249848696823	0.206899449846	0.206614258925	0.180635245021	0.186755629753	0.219869616436	0.176691559863	0.1731313688	0.189477490204	0.211689526636	0.209395931879	0.230887741343	0.234800890213	0.171357500048	0.157740022795	0.220784479112	0.198502979008	0.222389211872	0.221937345585	0.22035051862	0.226148178803	0.188828374355	0.0846573484218	0.0486220133668	0.0497753499274	0.0444821643999	0.0054052775915	0.0	0.184796078814	0.188435265341	0.220571059751	0.203668773651	0.210828016974	0.190321476429	0.186238553259	0.188413305575	0.223741920591	0.1350761102	0.190113808031	0.190390912109	0.187279883758	0.183390663804	0.182776391635	0.20261464734	0.207954217245	0.19119489462	0.197738056827	0.178069330475	0.234542773411	0.187923863364	0.195309506276	0.223884858196	0.193481304226	0.204707579885	0.198951017796	0.217299545627	0.20204863292	0.204906672194	0.21885067251	0.207949842895
246515023-supragingivalplaque2.snv.bam	0.202235739411	0.232281464065	0.214851304767	0.214563492696	0.205142941553	0.207796555125	0.185003152489	0.165420422658	0.152257371046	0.186728521167	0.193438348038	0.190885060867	0.212551515209	0.216671283803	0.194909252715	0.186710163104	0.218579998739	0.172886457587	0.221818144493	0.223309313765	0.21864524785	0.259647753434	0.188203697795	0.181503105846	0.187011935792	0.189218390675	0.176697005677	0.181256193998	0.184796078814	0.0	0.204884684195	0.225740911488	0.208035767758	0.229543789381	0.193661602898	0.188947204665	0.189140250224	0.213752041142	0.205440406046	0.1907872885	0.197458059227	0.19434064198	0.190673509988	0.171426548923	0.212712585382	0.209557264874	0.181039050539	0.214634010791	0.177630078512	0.190135257296	0.204460778928	0.182035378789	0.189209133034	0.178934047382	0.201802772307	0.155575113605	0.206538984202	0.216164499661	0.214854882089	0.227621120767	0.221642998712
508703490-supragingivalplaque2.snv.bam	0.147190287522	0.230276717407	0.183480414887	0.183211829134	0.179394528533	0.183509329908	0.212741411798	0.204064778118	0.188837268996	0.202235576052	0.189061198996	0.186536092477	0.24448946415	0.250169996869	0.224070803626	0.216724124701	0.21965747818	0.183131672859	0.190578478673	0.190191125707	0.220199496841	0.208827821129	0.217459788697	0.19807153381	0.226609108199	0.226050370059	0.207992180605	0.200169648745	0.188435265341	0.204884684195	0.0	0.184700984927	0.195346257529	0.215971370231	0.196463181569	0.189324871921	0.193664661265	0.203823108604	0.21669868813	0.17927545173	0.197955430485	0.192717061581	0.191130695533	0.17778362541	0.169794698722	0.170991164443	0.161942750266	0.171995670917	0.18591346404	0.206587219869	0.183063322606	0.183038230502	0.194469681747	0.177039447975	0.190226639582	0.19598833967	0.191011930857	0.18217675132	0.183169493823	0.199111363721	0.195526666398
550534656-supragingivalplaque3.snv.bam	0.181704060055	0.229286455694	0.227098769615	0.227089081913	0.212117076882	0.215538787699	0.228050340631	0.254796102592	0.239547038328	0.222345380665	0.232597746456	0.234830224962	0.243800324098	0.244397004725	0.248341754042	0.236489661654	0.205860619635	0.234037299526	0.207602397339	0.206924828985	0.206030530198	0.241387049762	0.253333333333	0.205259530449	0.251570421631	0.252702515715	0.23310424974	0.230328200808	0.220571059751	0.225740911488	0.184700984927	0.0	0.125991173749	0.233609923744	0.251670378619	0.201190660915	0.202189694274	0.227477477477	0.186436938014	0.226785553333	0.238865638704	0.238095238095	0.238070727182	0.205890486726	0.244241053065	0.244009099367	0.189496145374	0.241418650794	0.190045248869	0.260760399248	0.224814649722	0.227739087912	0.251082911787	0.236262872715	0.256192313489	0.215065596086	0.221117231062	0.226464893132	0.225486780128	0.246300568895	0.238307349666
604812005-supragingivalplaque2.snv.bam	0.167635614744	0.216726869577	0.229997246114	0.229417798254	0.206608344054	0.205084257628	0.215477152152	0.223790660292	0.212088591933	0.206091798558	0.213450058396	0.215410146989	0.228829117046	0.235864751019	0.225160594555	0.214863968273	0.20100490433	0.220940358317	0.230483670954	0.229808510161	0.201526944324	0.250487427176	0.225514208627	0.19825855267	0.230386704401	0.233793804037	0.219789760227	0.214316895627	0.203668773651	0.208035767758	0.195346257529	0.125991173749	0.0	0.220719034261	0.248108260303	0.197963148482	0.198142356663	0.193654320988	0.188836993587	0.218387798106	0.217472709568	0.215897223087	0.213849520537	0.184121327625	0.234741163671	0.23782181413	0.192944626793	0.26020713218	0.194847484109	0.257062904634	0.197178108391	0.210723709389	0.246078752975	0.216177541941	0.232299086736	0.197715460081	0.225753997128	0.229230512528	0.227776581916	0.233722918277	0.231652457198
650853796-supragingivalplaque1.snv.bam	0.217189956365	0.246947866752	0.247519967244	0.246902943791	0.23102874949	0.23177696108	0.225789768565	0.270148124255	0.261186358419	0.212031376789	0.242444307537	0.240380834222	0.259516233657	0.261013589723	0.230985924527	0.218663534516	0.212593468324	0.223584328108	0.232011621926	0.233810863054	0.21302708709	0.260589406028	0.245977198183	0.215093389175	0.235749934713	0.236954234318	0.223906767222	0.216082278662	0.210828016974	0.229543789381	0.215971370231	0.233609923744	0.220719034261	0.0	0.235814536648	0.225428221536	0.227152512957	0.210638276796	0.221529290824	0.234690712618	0.241832792977	0.23753333912	0.235931287976	0.18823289233	0.231029867261	0.228626444149	0.216314833644	0.223747280009	0.221580231823	0.24226119855	0.238800747153	0.232512129885	0.235632311549	0.245793496043	0.258738635712	0.205823656974	0.258512001704	0.242883154681	0.245430782199	0.261099502189	0.247852706451
675950834-supragingivalplaque3.snv.bam	0.191516614357	0.225164374344	0.204466263419	0.204368296261	0.22929374918	0.232494808398	0.198740782757	0.232645290456	0.216893173198	0.19285555732	0.211604012085	0.208779747489	0.156948415754	0.154370848311	0.216790524747	0.206549707602	0.237754450913	0.13739215523	0.243363698187	0.243160587545	0.238116492905	0.265986295922	0.200748099092	0.16134949555	0.204372026129	0.204143109966	0.188732017032	0.195516603178	0.190321476429	0.193661602898	0.196463181569	0.251670378619	0.248108260303	0.235814536648	0.0	0.245249940772	0.248917865485	0.213808463252	0.219271222589	0.18099880531	0.189433365226	0.186147186147	0.184512157331	0.179567833698	0.204184704185	0.207740202453	0.203125	0.209453105667	0.193333333333	0.139366683379	0.193524344538	0.167430103596	0.124844768011	0.215501034572	0.237937841102	0.199017796535	0.226084141099	0.204976371995	0.204812277513	0.216951110397	0.208695652174
706846339-supragingivalplaque1.snv.bam	0.202481169406	0.272237013455	0.215883404648	0.217485607589	0.154702867378	0.157265763698	0.230522638465	0.232670369856	0.221823520669	0.209110397792	0.20784353669	0.205344338049	0.265774893651	0.272666787897	0.251910886822	0.240183753843	0.219024623418	0.221892945936	0.237177851407	0.23676423432	0.219696862658	0.259703593938	0.225544763079	0.223987008597	0.219894254766	0.221442460977	0.205322154844	0.193072335564	0.186238553259	0.188947204665	0.189324871921	0.201190660915	0.197963148482	0.225428221536	0.245249940772	0.0	0.00020340657666	0.219732841912	0.236485506822	0.205171197104	0.207786055966	0.202836900936	0.201141959341	0.192520120313	0.222170554651	0.223225129938	0.2021320239	0.233999917066	0.17269122818	0.261733509861	0.199070329884	0.210168627969	0.245495432969	0.185759484916	0.185765065317	0.175239387411	0.215499251349	0.21109415353	0.215841758796	0.213236718432	0.200001027855
706846339-supragingivalplaque2.snv.bam	0.203301570049	0.277536237837	0.217761342812	0.219343648463	0.157177972534	0.159673096871	0.232244841443	0.232418949271	0.221675379438	0.210189317691	0.209928077376	0.207472103125	0.267268008223	0.274108389617	0.253479179431	0.241934718656	0.218981865752	0.223763137833	0.240896095701	0.24047914496	0.219647287149	0.261248576953	0.227731947005	0.225910143928	0.221823463364	0.223317276985	0.207467038502	0.195246819963	0.188413305575	0.189140250224	0.193664661265	0.202189694274	0.198142356663	0.227152512957	0.248917865485	0.00020340657666	0.0	0.221777370487	0.238314532354	0.208092092544	0.209801591828	0.204958733415	0.203285776344	0.192645157978	0.220688122185	0.222950083343	0.206209271517	0.23464359492	0.179505975356	0.26316335254	0.201240736198	0.212087997195	0.247221722005	0.188046528465	0.187966823907	0.175530895404	0.215381911	0.213032091836	0.217765423046	0.217120414192	0.204239130017
737052003-supragingivalplaque2.snv.bam	0.206532258292	0.180910170025	0.230433494346	0.229794472394	0.185511157325	0.183948058613	0.183770064624	0.232497275875	0.21862188584	0.195101202989	0.231003655023	0.232128189459	0.23431941899	0.234645245406	0.225465885434	0.212070809077	0.212349795296	0.210905913978	0.205714336594	0.205230223919	0.212784739098	0.226502387545	0.25075308642	0.212511248843	0.239202156847	0.240398454869	0.222313275651	0.228279320139	0.223741920591	0.213752041142	0.203823108604	0.227477477477	0.193654320988	0.210638276796	0.213808463252	0.219732841912	0.221777370487	0.0	0.225824246548	0.211966316932	0.174759507825	0.168859649123	0.168834815698	0.216952433628	0.215492076731	0.211694761437	0.187293502203	0.218693693694	0.180586907449	0.207224539964	0.231753326927	0.218120108298	0.209846860433	0.215947153173	0.222900110242	0.200648411216	0.220743234054	0.228601645268	0.228099758338	0.227578921542	0.220264317181
763496533-supragingivalplaque2.snv.bam	0.194602274364	0.244092980917	0.213640394212	0.213201701984	0.212056774752	0.21375283797	0.232447392883	0.203823450327	0.195319036706	0.184723607265	0.221625786434	0.221494460363	0.193986417938	0.197612860935	0.14098790789	0.137198815453	0.223136885183	0.215465376185	0.222679048305	0.224271766644	0.223409078674	0.245114376261	0.218054925354	0.0752011964523	0.145902799136	0.14715744773	0.134935257791	0.142192517481	0.1350761102	0.205440406046	0.21669868813	0.186436938014	0.188836993587	0.221529290824	0.219271222589	0.236485506822	0.238314532354	0.225824246548	0.0	0.19866997008	0.207384458816	0.202306454497	0.19844927414	0.180960287341	0.200677679454	0.204281219735	0.203672984183	0.231046570675	0.195789084865	0.23295641663	0.211003603983	0.218267874117	0.244226694509	0.214523643204	0.229253171226	0.197317871427	0.218953444116	0.212823967971	0.211533464619	0.250353405378	0.24502528284
763840445-supragingivalplaque2.snv.bam	0.198273747263	0.232706866375	0.0775458609784	0.0771911489632	0.20654411729	0.210054817762	0.223973121376	0.215669952466	0.197165438536	0.168417113573	0.204963216204	0.20109200241	0.211906678876	0.217612311197	0.229700552841	0.216101309815	0.211338134565	0.175057154332	0.207971926949	0.208521981245	0.211803136264	0.245735334072	0.190630293352	0.170451836131	0.204214998297	0.204852720484	0.192082429037	0.194026919249	0.190113808031	0.1907872885	0.17927545173	0.226785553333	0.218387798106	0.234690712618	0.18099880531	0.205171197104	0.208092092544	0.211966316932	0.19866997008	0.0	0.214873802685	0.21165490377	0.209330056024	0.181458184	0.189385595555	0.193323834981	0.182317654793	0.211882935285	0.185981348647	0.206994895037	0.179426705126	0.168338948864	0.19320750443	0.171227467514	0.2005588996	0.175550073219	0.219602368063	0.0779927341071	0.0775284694569	0.215678743036	0.209357135713
