	BYQ_AAAH.snv.bam	BYQ_AAAI.snv.bam	BYQ_AAAS.snv.bam	BYQ_AABB.snv.bam	CCIS00146684ST-4-0.snv.bam	CCIS07277498ST-4-0.snv.bam	CCIS23164343ST-4-0.snv.bam	CCIS34604008ST-4-0.snv.bam	CCIS35092938ST-4-0.snv.bam	CCIS51667829ST-4-0.snv.bam	CCMD26709089ST-21-0.snv.bam	CCMD79987997ST-21-0.snv.bam	CCMD93344354ST-21-0.snv.bam	M1.2-V1.metaG.snv.bam	M1.2-V2.metaG.snv.bam	M2.4-V1.metaG.snv.bam	MH0250.snv.bam	MH0334.snv.bam	MH0420.snv.bam	MH0425.snv.bam	MMRS67096717ST-27-0-0.snv.bam	NG-5636_524.snv.bam	NG-5636_59.snv.bam	O2.UC22-1.snv.bam	peacemaker-11-392-1.snv.bam	peacemaker-11-600-0.snv.bam	peacemaker-11-773-0.snv.bam
BYQ_AAAH.snv.bam	0.0	0.0442477876106	0.0	0.0	0.0951327433628	0.183628318584	0.327433628319	0.254424778761	0.0862831858407	0.342920353982	0.0685840707965	0.0420353982301	0.0464601769912	0.0420353982301	0.0442477876106	0.0420353982301	0.296460176991	0.0442477876106	0.16814159292	0.0597345132743	0.303097345133	0.0420353982301	0.0818584070796	0.305309734513	0.0	0.0	0.0
BYQ_AAAI.snv.bam	0.0442477876106	0.0	0.0442477876106	0.0398230088496	0.0730088495575	0.174778761062	0.287610619469	0.241150442478	0.0464601769912	0.33407079646	0.0597345132743	0.00221238938053	0.00663716814159	0.00221238938053	0.00221238938053	0.00221238938053	0.287610619469	0.00442477876106	0.128318584071	0.0199115044248	0.296460176991	0.00221238938053	0.0464601769912	0.296460176991	0.0442477876106	0.0442477876106	0.0442477876106
BYQ_AAAS.snv.bam	0.0	0.0442477876106	0.0	0.0	0.0951327433628	0.183628318584	0.327433628319	0.254424778761	0.0862831858407	0.342920353982	0.0685840707965	0.0420353982301	0.0464601769912	0.0420353982301	0.0442477876106	0.0420353982301	0.296460176991	0.0442477876106	0.16814159292	0.0597345132743	0.303097345133	0.0420353982301	0.0818584070796	0.305309734513	0.0	0.0	0.0
BYQ_AABB.snv.bam	0.0	0.0398230088496	0.0	0.0	0.0884955752212	0.179203539823	0.318584070796	0.245575221239	0.0818584070796	0.33185840708	0.0641592920354	0.037610619469	0.0420353982301	0.037610619469	0.0398230088496	0.037610619469	0.285398230088	0.0398230088496	0.159292035398	0.0553097345133	0.294247787611	0.037610619469	0.0774336283186	0.294247787611	0.0	0.0	0.0
CCIS00146684ST-4-0.snv.bam	0.0951327433628	0.0730088495575	0.0951327433628	0.0884955752212	0.0	0.223451327434	0.307522123894	0.20796460177	0.115044247788	0.305309734513	0.106194690265	0.070796460177	0.0752212389381	0.070796460177	0.0730088495575	0.0685840707965	0.311946902655	0.070796460177	0.194690265487	0.0884955752212	0.274336283186	0.0641592920354	0.115044247788	0.276548672566	0.0951327433628	0.0951327433628	0.0951327433628
CCIS07277498ST-4-0.snv.bam	0.183628318584	0.174778761062	0.183628318584	0.179203539823	0.223451327434	0.0	0.261061946903	0.309734513274	0.176991150442	0.338495575221	0.154867256637	0.172566371681	0.176991150442	0.172566371681	0.172566371681	0.172566371681	0.307522123894	0.16814159292	0.196902654867	0.181415929204	0.311946902655	0.170353982301	0.16814159292	0.323008849558	0.183628318584	0.183628318584	0.183628318584
CCIS23164343ST-4-0.snv.bam	0.327433628319	0.287610619469	0.327433628319	0.318584070796	0.307522123894	0.261061946903	0.0	0.329646017699	0.285398230088	0.351769911504	0.311946902655	0.285398230088	0.287610619469	0.287610619469	0.280973451327	0.285398230088	0.314159292035	0.278761061947	0.283185840708	0.280973451327	0.323008849558	0.278761061947	0.283185840708	0.325221238938	0.327433628319	0.327433628319	0.327433628319
CCIS34604008ST-4-0.snv.bam	0.254424778761	0.241150442478	0.254424778761	0.245575221239	0.20796460177	0.309734513274	0.329646017699	0.0	0.234513274336	0.101769911504	0.238938053097	0.238938053097	0.243362831858	0.238938053097	0.238938053097	0.236725663717	0.311946902655	0.234513274336	0.267699115044	0.252212389381	0.21017699115	0.232300884956	0.225663716814	0.21017699115	0.254424778761	0.254424778761	0.254424778761
CCIS35092938ST-4-0.snv.bam	0.0862831858407	0.0464601769912	0.0862831858407	0.0818584070796	0.115044247788	0.176991150442	0.285398230088	0.234513274336	0.0	0.327433628319	0.101769911504	0.0442477876106	0.0486725663717	0.0464601769912	0.0442477876106	0.0442477876106	0.245575221239	0.0442477876106	0.12610619469	0.0619469026549	0.254424778761	0.0442477876106	0.00442477876106	0.254424778761	0.0862831858407	0.0862831858407	0.0862831858407
CCIS51667829ST-4-0.snv.bam	0.342920353982	0.33407079646	0.342920353982	0.33185840708	0.305309734513	0.338495575221	0.351769911504	0.101769911504	0.327433628319	0.0	0.33185840708	0.33185840708	0.336283185841	0.33185840708	0.33185840708	0.329646017699	0.287610619469	0.325221238938	0.33407079646	0.345132743363	0.194690265487	0.325221238938	0.320796460177	0.190265486726	0.342920353982	0.342920353982	0.342920353982
CCMD26709089ST-21-0.snv.bam	0.0685840707965	0.0597345132743	0.0685840707965	0.0641592920354	0.106194690265	0.154867256637	0.311946902655	0.238938053097	0.101769911504	0.33185840708	0.0	0.0575221238938	0.0619469026549	0.0575221238938	0.0575221238938	0.0575221238938	0.263274336283	0.0597345132743	0.183628318584	0.0752212389381	0.274336283186	0.0575221238938	0.0995575221239	0.272123893805	0.0685840707965	0.0685840707965	0.0685840707965
CCMD79987997ST-21-0.snv.bam	0.0420353982301	0.00221238938053	0.0420353982301	0.037610619469	0.070796460177	0.172566371681	0.285398230088	0.238938053097	0.0442477876106	0.33185840708	0.0575221238938	0.0	0.00442477876106	0.00221238938053	0.00221238938053	0.0	0.285398230088	0.00221238938053	0.12610619469	0.0176991150442	0.294247787611	0.0	0.0442477876106	0.294247787611	0.0420353982301	0.0420353982301	0.0420353982301
CCMD93344354ST-21-0.snv.bam	0.0464601769912	0.00663716814159	0.0464601769912	0.0420353982301	0.0752212389381	0.176991150442	0.287610619469	0.243362831858	0.0486725663717	0.336283185841	0.0619469026549	0.00442477876106	0.0	0.00663716814159	0.00663716814159	0.00442477876106	0.28982300885	0.00663716814159	0.130530973451	0.0221238938053	0.298672566372	0.00442477876106	0.0486725663717	0.298672566372	0.0464601769912	0.0464601769912	0.0464601769912
M1.2-V1.metaG.snv.bam	0.0420353982301	0.00221238938053	0.0420353982301	0.037610619469	0.070796460177	0.172566371681	0.287610619469	0.238938053097	0.0464601769912	0.33185840708	0.0575221238938	0.00221238938053	0.00663716814159	0.0	0.0	0.00221238938053	0.285398230088	0.00442477876106	0.128318584071	0.0199115044248	0.294247787611	0.00221238938053	0.0464601769912	0.294247787611	0.0420353982301	0.0420353982301	0.0420353982301
M1.2-V2.metaG.snv.bam	0.0442477876106	0.00221238938053	0.0442477876106	0.0398230088496	0.0730088495575	0.172566371681	0.280973451327	0.238938053097	0.0442477876106	0.33185840708	0.0575221238938	0.00221238938053	0.00663716814159	0.0	0.0	0.00221238938053	0.283185840708	0.00442477876106	0.12610619469	0.0199115044248	0.29203539823	0.00221238938053	0.0442477876106	0.29203539823	0.0442477876106	0.0442477876106	0.0442477876106
M2.4-V1.metaG.snv.bam	0.0420353982301	0.00221238938053	0.0420353982301	0.037610619469	0.0685840707965	0.172566371681	0.285398230088	0.236725663717	0.0442477876106	0.329646017699	0.0575221238938	0.0	0.00442477876106	0.00221238938053	0.00221238938053	0.0	0.283185840708	0.00221238938053	0.12610619469	0.0176991150442	0.28982300885	0.0	0.0442477876106	0.28982300885	0.0420353982301	0.0420353982301	0.0420353982301
MH0250.snv.bam	0.296460176991	0.287610619469	0.296460176991	0.285398230088	0.311946902655	0.307522123894	0.314159292035	0.311946902655	0.245575221239	0.287610619469	0.263274336283	0.285398230088	0.28982300885	0.285398230088	0.283185840708	0.283185840708	0.0	0.280973451327	0.287610619469	0.285398230088	0.117256637168	0.280973451327	0.238938053097	0.112831858407	0.296460176991	0.296460176991	0.296460176991
MH0334.snv.bam	0.0442477876106	0.00442477876106	0.0442477876106	0.0398230088496	0.070796460177	0.16814159292	0.278761061947	0.234513274336	0.0442477876106	0.325221238938	0.0597345132743	0.00221238938053	0.00663716814159	0.00442477876106	0.00442477876106	0.00221238938053	0.280973451327	0.0	0.119469026549	0.0199115044248	0.287610619469	0.00221238938053	0.0442477876106	0.287610619469	0.0442477876106	0.0442477876106	0.0442477876106
MH0420.snv.bam	0.16814159292	0.128318584071	0.16814159292	0.159292035398	0.194690265487	0.196902654867	0.283185840708	0.267699115044	0.12610619469	0.33407079646	0.183628318584	0.12610619469	0.130530973451	0.128318584071	0.12610619469	0.12610619469	0.287610619469	0.119469026549	0.0	0.112831858407	0.298672566372	0.12389380531	0.12610619469	0.303097345133	0.16814159292	0.16814159292	0.16814159292
MH0425.snv.bam	0.0597345132743	0.0199115044248	0.0597345132743	0.0553097345133	0.0884955752212	0.181415929204	0.280973451327	0.252212389381	0.0619469026549	0.345132743363	0.0752212389381	0.0176991150442	0.0221238938053	0.0199115044248	0.0199115044248	0.0176991150442	0.285398230088	0.0199115044248	0.112831858407	0.0	0.303097345133	0.0154867256637	0.0619469026549	0.307522123894	0.0597345132743	0.0597345132743	0.0597345132743
MMRS67096717ST-27-0-0.snv.bam	0.303097345133	0.296460176991	0.303097345133	0.294247787611	0.274336283186	0.311946902655	0.323008849558	0.21017699115	0.254424778761	0.194690265487	0.274336283186	0.294247787611	0.298672566372	0.294247787611	0.29203539823	0.28982300885	0.117256637168	0.287610619469	0.298672566372	0.303097345133	0.0	0.28982300885	0.245575221239	0.00884955752212	0.303097345133	0.303097345133	0.303097345133
NG-5636_524.snv.bam	0.0420353982301	0.00221238938053	0.0420353982301	0.037610619469	0.0641592920354	0.170353982301	0.278761061947	0.232300884956	0.0442477876106	0.325221238938	0.0575221238938	0.0	0.00442477876106	0.00221238938053	0.00221238938053	0.0	0.280973451327	0.00221238938053	0.12389380531	0.0154867256637	0.28982300885	0.0	0.0442477876106	0.29203539823	0.0420353982301	0.0420353982301	0.0420353982301
NG-5636_59.snv.bam	0.0818584070796	0.0464601769912	0.0818584070796	0.0774336283186	0.115044247788	0.16814159292	0.283185840708	0.225663716814	0.00442477876106	0.320796460177	0.0995575221239	0.0442477876106	0.0486725663717	0.0464601769912	0.0442477876106	0.0442477876106	0.238938053097	0.0442477876106	0.12610619469	0.0619469026549	0.245575221239	0.0442477876106	0.0	0.245575221239	0.0818584070796	0.0818584070796	0.0818584070796
O2.UC22-1.snv.bam	0.305309734513	0.296460176991	0.305309734513	0.294247787611	0.276548672566	0.323008849558	0.325221238938	0.21017699115	0.254424778761	0.190265486726	0.272123893805	0.294247787611	0.298672566372	0.294247787611	0.29203539823	0.28982300885	0.112831858407	0.287610619469	0.303097345133	0.307522123894	0.00884955752212	0.29203539823	0.245575221239	0.0	0.305309734513	0.305309734513	0.305309734513
peacemaker-11-392-1.snv.bam	0.0	0.0442477876106	0.0	0.0	0.0951327433628	0.183628318584	0.327433628319	0.254424778761	0.0862831858407	0.342920353982	0.0685840707965	0.0420353982301	0.0464601769912	0.0420353982301	0.0442477876106	0.0420353982301	0.296460176991	0.0442477876106	0.16814159292	0.0597345132743	0.303097345133	0.0420353982301	0.0818584070796	0.305309734513	0.0	0.0	0.0
peacemaker-11-600-0.snv.bam	0.0	0.0442477876106	0.0	0.0	0.0951327433628	0.183628318584	0.327433628319	0.254424778761	0.0862831858407	0.342920353982	0.0685840707965	0.0420353982301	0.0464601769912	0.0420353982301	0.0442477876106	0.0420353982301	0.296460176991	0.0442477876106	0.16814159292	0.0597345132743	0.303097345133	0.0420353982301	0.0818584070796	0.305309734513	0.0	0.0	0.0
peacemaker-11-773-0.snv.bam	0.0	0.0442477876106	0.0	0.0	0.0951327433628	0.183628318584	0.327433628319	0.254424778761	0.0862831858407	0.342920353982	0.0685840707965	0.0420353982301	0.0464601769912	0.0420353982301	0.0442477876106	0.0420353982301	0.296460176991	0.0442477876106	0.16814159292	0.0597345132743	0.303097345133	0.0420353982301	0.0818584070796	0.305309734513	0.0	0.0	0.0
