	158802708-stool1.snv.bam	159227541-stool2.snv.bam	160643649-stool1.snv.bam	160704339-stool1.snv.bam	161554003-stool2.snv.bam	508703490-stool2.snv.bam	604812005-stool2.snv.bam	765074482-stool1.snv.bam	765074482-stool2.snv.bam	765256553-stool3.snv.bam	CCIS07277498ST-4-0.snv.bam	CCIS08668806ST-3-0.snv.bam	CCIS53355328ST-4-0.snv.bam	CCIS70398272ST-4-0.snv.bam	CCIS74239020ST-4-0.snv.bam	CCIS88317640ST-4-0.snv.bam	CCIS90443472ST-4-0.snv.bam	MH0259.snv.bam	MH0280.snv.bam	MH0326.snv.bam	MH0392.snv.bam	MH0397.snv.bam	MH0431.snv.bam	MH0452.snv.bam	MMRS11288076ST-27-0-0.snv.bam	NLM029.snv.bam	NOF012.snv.bam	O2.UC44-1.snv.bam	SZEY-09A.snv.bam	T2D-123A.snv.bam	T2D-68A.snv.bam	V1.CD22-0.snv.bam	V1.UC40-1.snv.bam
158802708-stool1.snv.bam	0.0	0.268117293406	0.249085816157	0.211090452071	0.27087216589	0.266579118669	0.381881154948	0.219010567189	0.223946758907	0.252603315582	0.271391016118	0.289650215665	0.34315343676	0.318834911309	0.280897483667	0.299913068537	0.342040835137	0.294287494353	0.211962445537	0.129740792665	0.306939035655	0.280408502225	0.265719904164	0.288690161206	0.294309545158	0.373225581916	0.379597050824	0.268308098233	0.364310081935	0.381909747553	0.26162871653	0.321836362851	0.285819246345
159227541-stool2.snv.bam	0.268117293406	0.0	0.147493222377	0.302906700864	0.338340211678	0.334790087809	0.378895267577	0.271208883381	0.278768325004	0.109571616192	0.362295286515	0.204396286216	0.3577673418	0.299397984711	0.29987006331	0.360420926355	0.329410270345	0.206017373475	0.287341519002	0.255433900599	0.357468969155	0.344836656212	0.274511506186	0.199093184147	0.171210240313	0.34251376075	0.401694130143	0.171879524623	0.382239128221	0.396142069282	0.299645121123	0.378496295769	0.200076220556
160643649-stool1.snv.bam	0.249085816157	0.147493222377	0.0	0.266551037299	0.374392172254	0.371245041844	0.446560194357	0.262576324051	0.26647196846	0.0952903976081	0.338440959748	0.202204380602	0.417139513489	0.242081423067	0.335536244628	0.399916951276	0.292388796071	0.211886905483	0.278334525708	0.224731833633	0.382842900753	0.286423377399	0.307199971201	0.197245865096	0.0803359428195	0.360925918018	0.384268670909	0.117114884357	0.434575582307	0.434703731642	0.241516436882	0.395979096982	0.198831233919
160704339-stool1.snv.bam	0.211090452071	0.302906700864	0.266551037299	0.0	0.177342600878	0.172128516922	0.366071064187	0.0973008516987	0.104905087515	0.294725949472	0.253307940382	0.309542539044	0.324379777473	0.218038204504	0.315019805821	0.215922685739	0.205443881052	0.318239847981	0.129991652785	0.167869888758	0.316193957937	0.262788634851	0.233740263972	0.30623686418	0.311125296331	0.319138018419	0.360147580288	0.285635248687	0.375848119832	0.390000507012	0.067614407596	0.334018686252	0.302742066212
161554003-stool2.snv.bam	0.27087216589	0.338340211678	0.374392172254	0.177342600878	0.0	0.00359037127703	0.275147902707	0.238765608726	0.242951840608	0.354673962608	0.289202657807	0.390110222868	0.32515344664	0.263170361107	0.340039200141	0.0418928774005	0.310147938926	0.398068270521	0.24462656539	0.291115809479	0.292465061688	0.232154346404	0.290888778819	0.390806243988	0.401421067805	0.355425845645	0.347839151818	0.350952101099	0.325516007996	0.322074484455	0.233089521809	0.276127764355	0.383443110653
508703490-stool2.snv.bam	0.266579118669	0.334790087809	0.371245041844	0.172128516922	0.00359037127703	0.0	0.266573880161	0.23681659231	0.241918857127	0.354818523154	0.280575539568	0.383771929825	0.318261905326	0.258856568343	0.3331738437	0.0387323943662	0.306463782696	0.391835615365	0.233248093496	0.286903690851	0.284994068802	0.227466032713	0.286945643642	0.384148216482	0.395060953783	0.348486206365	0.341055900132	0.343760862009	0.315025811625	0.311547898088	0.227528533343	0.268589655958	0.377012072435
604812005-stool2.snv.bam	0.381881154948	0.378895267577	0.446560194357	0.366071064187	0.275147902707	0.266573880161	0.0	0.392339706743	0.401977636755	0.470734239851	0.218605597564	0.372218820167	0.180514172342	0.271272701025	0.170354223496	0.241838897828	0.376240715092	0.358929360576	0.319048842189	0.431559924695	0.126494565217	0.218176728965	0.302524631306	0.367971685454	0.422155448415	0.253838795016	0.187970004145	0.412037669025	0.155791351959	0.144799530451	0.410305985929	0.132385502077	0.365022298025
765074482-stool1.snv.bam	0.219010567189	0.271208883381	0.262576324051	0.0973008516987	0.238765608726	0.23681659231	0.392339706743	0.0	0.00150036131986	0.248404908158	0.255016697428	0.281428413168	0.293364524589	0.230952800038	0.304568453596	0.264443579526	0.192697265342	0.28660051437	0.165059760614	0.116734155075	0.35257946688	0.276829812398	0.188510690088	0.279997565676	0.287047788694	0.358489313269	0.386764048684	0.259719521986	0.3956973855	0.392271218699	0.10231594711	0.373958305765	0.274009754751
765074482-stool2.snv.bam	0.223946758907	0.278768325004	0.26647196846	0.104905087515	0.242951840608	0.241918857127	0.401977636755	0.00150036131986	0.0	0.252530495629	0.260628070673	0.289173877499	0.304592473185	0.238847253814	0.315246423612	0.27159189645	0.192304366662	0.294428061498	0.171533216787	0.11783619425	0.362652009075	0.28418914291	0.202480994663	0.28836220214	0.290449670577	0.3688401943	0.396257533145	0.26390918381	0.404590632697	0.40472034432	0.10337386923	0.382903024341	0.2821550707
765256553-stool3.snv.bam	0.252603315582	0.109571616192	0.0952903976081	0.294725949472	0.354673962608	0.354818523154	0.470734239851	0.248404908158	0.252530495629	0.0	0.400509662349	0.215557275542	0.450835713432	0.30766494068	0.389107796229	0.380281690141	0.341216416144	0.231963134904	0.285673274094	0.241971524812	0.43780964343	0.354466656284	0.300368696616	0.214623580059	0.132795526092	0.422745697395	0.446149987039	0.124542908072	0.461502720656	0.461750666395	0.254938795615	0.45785694182	0.211726239792
CCIS07277498ST-4-0.snv.bam	0.271391016118	0.362295286515	0.338440959748	0.253307940382	0.289202657807	0.280575539568	0.218605597564	0.255016697428	0.260628070673	0.400509662349	0.0	0.318060498221	0.1280093058	0.213640493046	0.153733766234	0.258064516129	0.206532791052	0.306636960834	0.24395735567	0.31719222157	0.166365824308	0.174003191574	0.292162837163	0.313821517413	0.320331684893	0.278525094616	0.215044043935	0.380067268543	0.224459045839	0.220975321351	0.292420251218	0.1876716141	0.312083973374
CCIS08668806ST-3-0.snv.bam	0.289650215665	0.204396286216	0.202204380602	0.309542539044	0.390110222868	0.383771929825	0.372218820167	0.281428413168	0.289173877499	0.215557275542	0.318060498221	0.0	0.33673705898	0.292032612925	0.271977588384	0.367160278746	0.265314980159	0.0195765849592	0.240916805485	0.243628167641	0.332599765258	0.34427333207	0.206606997243	0.00174878345499	0.267776366664	0.32838935908	0.324328350171	0.189423242221	0.368206004401	0.347674227884	0.278170568962	0.34149869228	0.00155550024888
CCIS53355328ST-4-0.snv.bam	0.34315343676	0.3577673418	0.417139513489	0.324379777473	0.32515344664	0.318261905326	0.180514172342	0.293364524589	0.304592473185	0.450835713432	0.1280093058	0.33673705898	0.0	0.320540690563	0.145558378754	0.291807113829	0.281089194618	0.324162055309	0.31255620995	0.394392904718	0.19678314953	0.276295153223	0.26558557463	0.327470448848	0.393192225112	0.276752851369	0.253126982279	0.414517743918	0.210787923906	0.190030183319	0.369641057387	0.212968568273	0.329907772975
CCIS70398272ST-4-0.snv.bam	0.318834911309	0.299397984711	0.242081423067	0.218038204504	0.263170361107	0.258856568343	0.271272701025	0.230952800038	0.238847253814	0.30766494068	0.213640493046	0.292032612925	0.320540690563	0.0	0.259786965714	0.28136450884	0.225995523784	0.280460791784	0.288340777588	0.242881173714	0.214367742116	0.063839340396	0.332278892096	0.284200593566	0.224345244017	0.287557946195	0.204818511598	0.285516464781	0.269125467451	0.255420087255	0.183777335336	0.219712994408	0.285147309498
CCIS74239020ST-4-0.snv.bam	0.280897483667	0.29987006331	0.335536244628	0.315019805821	0.340039200141	0.3331738437	0.170354223496	0.304568453596	0.315246423612	0.389107796229	0.153733766234	0.271977588384	0.145558378754	0.259786965714	0.0	0.316914792525	0.292965745056	0.259583153803	0.240495156396	0.319852366148	0.14834080239	0.249396617875	0.195403977648	0.262988000442	0.33238001561	0.232310856371	0.209262137448	0.340389454108	0.163238148997	0.197745004858	0.367597641102	0.158310786436	0.268383184759
CCIS88317640ST-4-0.snv.bam	0.299913068537	0.360420926355	0.399916951276	0.215922685739	0.0418928774005	0.0387323943662	0.241838897828	0.264443579526	0.27159189645	0.380281690141	0.258064516129	0.367160278746	0.291807113829	0.28136450884	0.316914792525	0.0	0.286838161838	0.375225645814	0.217685389011	0.317544391281	0.268845700824	0.25043118336	0.263633972411	0.366681929182	0.423567474937	0.345830870907	0.324778406766	0.369910282954	0.302421465711	0.288551325769	0.272982168456	0.252780668809	0.36038961039
CCIS90443472ST-4-0.snv.bam	0.342040835137	0.329410270345	0.292388796071	0.205443881052	0.310147938926	0.306463782696	0.376240715092	0.192697265342	0.192304366662	0.341216416144	0.206532791052	0.265314980159	0.281089194618	0.225995523784	0.292965745056	0.286838161838	0.0	0.27541092826	0.206933771291	0.237241360978	0.318441864378	0.254065268573	0.267053425298	0.260585644514	0.315985416304	0.36024233972	0.335396911728	0.323024499655	0.371905229745	0.358118261849	0.149451011585	0.350466084438	0.259115884116
MH0259.snv.bam	0.294287494353	0.206017373475	0.211886905483	0.318239847981	0.398068270521	0.391835615365	0.358929360576	0.28660051437	0.294428061498	0.231963134904	0.306636960834	0.0195765849592	0.324162055309	0.280460791784	0.259583153803	0.375225645814	0.27541092826	0.0	0.250464004413	0.253241216051	0.32636837191	0.332386815712	0.216142803275	0.00837624140565	0.269982769031	0.335779136473	0.312220035688	0.19200673075	0.355699321785	0.335216561118	0.287461955832	0.330840961739	0.0180944600062
MH0280.snv.bam	0.211962445537	0.287341519002	0.278334525708	0.129991652785	0.24462656539	0.233248093496	0.319048842189	0.165059760614	0.171533216787	0.285673274094	0.24395735567	0.240916805485	0.31255620995	0.288340777588	0.240495156396	0.217685389011	0.206933771291	0.250464004413	0.0	0.167818255402	0.317959450105	0.333083563728	0.145226395739	0.234945662074	0.316077521036	0.351929068424	0.361713713259	0.268996827481	0.357458059423	0.364687019847	0.185265273381	0.334859183572	0.238201400294
MH0326.snv.bam	0.129740792665	0.255433900599	0.224731833633	0.167869888758	0.291115809479	0.286903690851	0.431559924695	0.116734155075	0.11783619425	0.241971524812	0.31719222157	0.243628167641	0.394392904718	0.242881173714	0.319852366148	0.317544391281	0.237241360978	0.253241216051	0.167818255402	0.0	0.359858513806	0.285544372288	0.214181280643	0.240981708406	0.275256925911	0.392738830909	0.395941828965	0.253956668401	0.416417574779	0.42018679711	0.152901425677	0.378279808271	0.239746180064
MH0392.snv.bam	0.306939035655	0.357468969155	0.382842900753	0.316193957937	0.292465061688	0.284994068802	0.126494565217	0.35257946688	0.362652009075	0.43780964343	0.166365824308	0.332599765258	0.19678314953	0.214367742116	0.14834080239	0.268845700824	0.318441864378	0.32636837191	0.317959450105	0.359858513806	0.0	0.161192271599	0.277520120262	0.330015432099	0.365183529891	0.196393822923	0.120620744768	0.399330900243	0.116710471354	0.155094883268	0.369752959243	0.0731487409304	0.329168769981
MH0397.snv.bam	0.280408502225	0.344836656212	0.286423377399	0.262788634851	0.232154346404	0.227466032713	0.218176728965	0.276829812398	0.28418914291	0.354466656284	0.174003191574	0.34427333207	0.276295153223	0.063839340396	0.249396617875	0.25043118336	0.254065268573	0.332386815712	0.333083563728	0.285544372288	0.161192271599	0.0	0.370867691543	0.339621521781	0.269570940569	0.280406136753	0.175631983626	0.329477165785	0.217155920683	0.210144930844	0.228490664035	0.166723230656	0.337899855039
MH0431.snv.bam	0.265719904164	0.274511506186	0.307199971201	0.233740263972	0.290888778819	0.286945643642	0.302524631306	0.188510690088	0.202480994663	0.300368696616	0.292162837163	0.206606997243	0.26558557463	0.332278892096	0.195403977648	0.263633972411	0.267053425298	0.216142803275	0.145226395739	0.214181280643	0.277520120262	0.370867691543	0.0	0.198230285823	0.3463211684	0.311979535088	0.326061369441	0.287332000108	0.321765195393	0.318380684908	0.2713497497	0.267289159604	0.203096991661
MH0452.snv.bam	0.288690161206	0.199093184147	0.197245865096	0.30623686418	0.390806243988	0.384148216482	0.367971685454	0.279997565676	0.28836220214	0.214623580059	0.313821517413	0.00174878345499	0.327470448848	0.284200593566	0.262988000442	0.366681929182	0.260585644514	0.00837624140565	0.234945662074	0.240981708406	0.330015432099	0.339621521781	0.198230285823	0.0	0.258605587755	0.325402837978	0.318392300871	0.188960017969	0.364334487236	0.338864355208	0.273034578783	0.338146783265	0.000640858533195
MMRS11288076ST-27-0-0.snv.bam	0.294309545158	0.171210240313	0.0803359428195	0.311125296331	0.401421067805	0.395060953783	0.422155448415	0.287047788694	0.290449670577	0.132795526092	0.320331684893	0.267776366664	0.393192225112	0.224345244017	0.33238001561	0.423567474937	0.315985416304	0.269982769031	0.316077521036	0.275256925911	0.365183529891	0.269570940569	0.3463211684	0.258605587755	0.0	0.381811654365	0.367456415997	0.134430493975	0.424233653475	0.410633609021	0.286540337503	0.385958562746	0.264179856032
NLM029.snv.bam	0.373225581916	0.34251376075	0.360925918018	0.319138018419	0.355425845645	0.348486206365	0.253838795016	0.358489313269	0.3688401943	0.422745697395	0.278525094616	0.32838935908	0.276752851369	0.287557946195	0.232310856371	0.345830870907	0.36024233972	0.335779136473	0.351929068424	0.392738830909	0.196393822923	0.280406136753	0.311979535088	0.325402837978	0.381811654365	0.0	0.18971702571	0.381374704716	0.245940435596	0.273518814003	0.358355195451	0.233532091277	0.320931474529
NOF012.snv.bam	0.379597050824	0.401694130143	0.384268670909	0.360147580288	0.347839151818	0.341055900132	0.187970004145	0.386764048684	0.396257533145	0.446149987039	0.215044043935	0.324328350171	0.253126982279	0.204818511598	0.209262137448	0.324778406766	0.335396911728	0.312220035688	0.361713713259	0.395941828965	0.120620744768	0.175631983626	0.326061369441	0.318392300871	0.367456415997	0.18971702571	0.0	0.402592548154	0.167123488216	0.173825258443	0.364928547637	0.147593366404	0.31780007361
O2.UC44-1.snv.bam	0.268308098233	0.171879524623	0.117114884357	0.285635248687	0.350952101099	0.343760862009	0.412037669025	0.259719521986	0.26390918381	0.124542908072	0.380067268543	0.189423242221	0.414517743918	0.285516464781	0.340389454108	0.369910282954	0.323024499655	0.19200673075	0.268996827481	0.253956668401	0.399330900243	0.329477165785	0.287332000108	0.188960017969	0.134430493975	0.381374704716	0.402592548154	0.0	0.429431420757	0.411229838384	0.251880356597	0.418344351196	0.188327316486
SZEY-09A.snv.bam	0.364310081935	0.382239128221	0.434575582307	0.375848119832	0.325516007996	0.315025811625	0.155791351959	0.3956973855	0.404590632697	0.461502720656	0.224459045839	0.368206004401	0.210787923906	0.269125467451	0.163238148997	0.302421465711	0.371905229745	0.355699321785	0.357458059423	0.416417574779	0.116710471354	0.217155920683	0.321765195393	0.364334487236	0.424233653475	0.245940435596	0.167123488216	0.429431420757	0.0	0.165838413931	0.420113400453	0.146364879969	0.361664048245
T2D-123A.snv.bam	0.381909747553	0.396142069282	0.434703731642	0.390000507012	0.322074484455	0.311547898088	0.144799530451	0.392271218699	0.40472034432	0.461750666395	0.220975321351	0.347674227884	0.190030183319	0.255420087255	0.197745004858	0.288551325769	0.358118261849	0.335216561118	0.364687019847	0.42018679711	0.155094883268	0.210144930844	0.318380684908	0.338864355208	0.410633609021	0.273518814003	0.173825258443	0.411229838384	0.165838413931	0.0	0.402157018937	0.140239285843	0.340939839836
T2D-68A.snv.bam	0.26162871653	0.299645121123	0.241516436882	0.067614407596	0.233089521809	0.227528533343	0.410305985929	0.10231594711	0.10337386923	0.254938795615	0.292420251218	0.278170568962	0.369641057387	0.183777335336	0.367597641102	0.272982168456	0.149451011585	0.287461955832	0.185265273381	0.152901425677	0.369752959243	0.228490664035	0.2713497497	0.273034578783	0.286540337503	0.358355195451	0.364928547637	0.251880356597	0.420113400453	0.402157018937	0.0	0.38388667122	0.270962736721
V1.CD22-0.snv.bam	0.321836362851	0.378496295769	0.395979096982	0.334018686252	0.276127764355	0.268589655958	0.132385502077	0.373958305765	0.382903024341	0.45785694182	0.1876716141	0.34149869228	0.212968568273	0.219712994408	0.158310786436	0.252780668809	0.350466084438	0.330840961739	0.334859183572	0.378279808271	0.0731487409304	0.166723230656	0.267289159604	0.338146783265	0.385958562746	0.233532091277	0.147593366404	0.418344351196	0.146364879969	0.140239285843	0.38388667122	0.0	0.336653242228
V1.UC40-1.snv.bam	0.285819246345	0.200076220556	0.198831233919	0.302742066212	0.383443110653	0.377012072435	0.365022298025	0.274009754751	0.2821550707	0.211726239792	0.312083973374	0.00155550024888	0.329907772975	0.285147309498	0.268383184759	0.36038961039	0.259115884116	0.0180944600062	0.238201400294	0.239746180064	0.329168769981	0.337899855039	0.203096991661	0.000640858533195	0.264179856032	0.320931474529	0.31780007361	0.188327316486	0.361664048245	0.340939839836	0.270962736721	0.336653242228	0.0
