	147406386-subgingivalplaque2.snv.bam	158479027-supragingivalplaque1.snv.bam	158802708-supragingivalplaque3.snv.bam	158802708-tonguedorsum3.snv.bam	158883629-supragingivalplaque3.snv.bam	159369152-supragingivalplaque1.snv.bam	159490532-tonguedorsum1.snv.bam	159814214-tonguedorsum1.snv.bam	159814214-tonguedorsum2.snv.bam	160158126-supragingivalplaque1.snv.bam	160158126-supragingivalplaque2.snv.bam	160158126-tonguedorsum1.snv.bam	160158126-tonguedorsum2.snv.bam	160178356-supragingivalplaque1.snv.bam	160178356-supragingivalplaque3.snv.bam	160178356-tonguedorsum3.snv.bam	160319967-supragingivalplaque1.snv.bam	160319967-tonguedorsum3.snv.bam	160380657-supragingivalplaque3.snv.bam	160421117-supragingivalplaque1.snv.bam	160421117-supragingivalplaque2.snv.bam	160421117-tonguedorsum2.snv.bam	160502038-supragingivalplaque3.snv.bam	160603188-supragingivalplaque2.snv.bam	160947100-tonguedorsum1.snv.bam	370027359-supragingivalplaque2.snv.bam	370425937-supragingivalplaque2.snv.bam	550534656-supragingivalplaque3.snv.bam	638754422-supragingivalplaque2.snv.bam	706846339-supragingivalplaque2.snv.bam	763395383-supragingivalplaque3.snv.bam	763435843-supragingivalplaque2.snv.bam	763496533-supragingivalplaque1.snv.bam	763496533-supragingivalplaque2.snv.bam	763719065-supragingivalplaque3.snv.bam	763759525-supragingivalplaque1.snv.bam	763901136-supragingivalplaque3.snv.bam	764083206-supragingivalplaque1.snv.bam	764447348-supragingivalplaque1.snv.bam	764508039-supragingivalplaque3.snv.bam	765701615-supragingivalplaque2.snv.bam	765701615-tonguedorsum2.snv.bam	823052294-supragingivalplaque2.snv.bam
147406386-subgingivalplaque2.snv.bam	0.0	0.149212294547	0.152071379104	0.160742024167	0.16498760123	0.157832815406	0.133005872656	0.151273934471	0.155718521418	0.159616524402	0.155750379355	0.160270284318	0.152000151762	0.151297105664	0.147419420229	0.159008919015	0.159393234986	0.134888432012	0.150544868304	0.154052476541	0.0905132033163	0.141652702137	0.155788529021	0.173546335095	0.13838147039	0.162986428234	0.142677757108	0.152465956049	0.139764053107	0.15514837725	0.185780906874	0.160640378577	0.150506617786	0.150084414067	0.157153672048	0.160240474187	0.141004587239	0.178270187463	0.135449403034	0.161081957792	0.155006698966	0.139350350722	0.146989031483
158479027-supragingivalplaque1.snv.bam	0.149212294547	0.0	0.117259393447	0.135526059144	0.129065961094	0.110182203577	0.124914604194	0.140990403212	0.146561327858	0.131491224394	0.125889565664	0.146410762415	0.142949684702	0.115543435729	0.11254137732	0.128617085224	0.134552844985	0.106358247743	0.13007304983	0.11467052585	0.112977050696	0.126882193204	0.132854507114	0.13447687851	0.123315093187	0.130697226515	0.137767212581	0.116889174117	0.0970445077961	0.0997928910995	0.149019964409	0.130847915958	0.119354928687	0.113514754546	0.131125534786	0.13466957241	0.117561113728	0.153751612632	0.141370487957	0.120698148005	0.114908986271	0.132815432303	0.109189627688
158802708-supragingivalplaque3.snv.bam	0.152071379104	0.117259393447	0.0	0.122720280287	0.131850393042	0.136920309229	0.11747406476	0.141783617119	0.145414440153	0.134876553744	0.129465262739	0.140589346772	0.139517533622	0.132687572458	0.133403596531	0.127627021389	0.12296969139	0.10514211262	0.137615258833	0.134401720826	0.116799227919	0.116097824978	0.125644091112	0.128976033006	0.120228830728	0.130269136353	0.136823069932	0.113644232034	0.103560727559	0.116431724456	0.146647114376	0.115824656514	0.118890617828	0.117760307563	0.120139225023	0.12972936844	0.106002040579	0.12540996103	0.128498202398	0.123694457907	0.110514294076	0.129286748654	0.106501247012
158802708-tonguedorsum3.snv.bam	0.160742024167	0.135526059144	0.122720280287	0.0	0.152486777041	0.171503772853	0.111730572571	0.134057594403	0.13956915494	0.151871109434	0.146324202598	0.139136412138	0.132884492326	0.150308254126	0.146943148045	0.120954847762	0.130651634751	0.115155494437	0.149682444463	0.165924693843	0.126710882447	0.119611495562	0.139979092609	0.149769914626	0.11136823006	0.13566488922	0.161955145372	0.12133120582	0.121264366717	0.143239669909	0.146139659204	0.145377930586	0.146083443642	0.144917493885	0.144420379431	0.151546888617	0.129716634275	0.162402592077	0.14785610161	0.138583546991	0.125905322484	0.109250214289	0.134845403271
158883629-supragingivalplaque3.snv.bam	0.16498760123	0.129065961094	0.131850393042	0.152486777041	0.0	0.169936948965	0.141146287668	0.163394632968	0.165035642491	0.126721420498	0.137479703307	0.164262632021	0.157125735889	0.134428549774	0.147985975519	0.138951487895	0.134853568545	0.127500314074	0.156069109401	0.167276266321	0.140401921689	0.131708571916	0.14614653774	0.143915362769	0.141384119589	0.134133236981	0.151184786247	0.146568762548	0.123707558146	0.141172105103	0.152510822546	0.14086581053	0.0930857825124	0.103891584451	0.141044338224	0.130509715077	0.138387299151	0.171284794156	0.165157086476	0.0701088757099	0.13491898121	0.148078733382	0.12190790173
159369152-supragingivalplaque1.snv.bam	0.157832815406	0.110182203577	0.136920309229	0.171503772853	0.169936948965	0.0	0.139428283026	0.160931937242	0.166882445244	0.153745412429	0.147730256821	0.165915340235	0.163019982994	0.139757855012	0.130062580867	0.148668660061	0.163447752576	0.137698307386	0.146756660381	0.0504588466272	0.12624701786	0.15043170772	0.167302788804	0.154642188075	0.139606131081	0.155157299961	0.150670872575	0.140129572745	0.134642408023	0.0960364738009	0.172312580292	0.152130730277	0.149671154401	0.139740934011	0.159203333454	0.159020992417	0.138470824351	0.169109346574	0.147679491862	0.16097867203	0.130766192947	0.154442412868	0.132800912739
159490532-tonguedorsum1.snv.bam	0.133005872656	0.124914604194	0.11747406476	0.111730572571	0.141146287668	0.139428283026	0.0	0.111401784723	0.114351126946	0.136566076327	0.138799546201	0.116965963546	0.114036765075	0.142138184719	0.126556627535	0.106883071924	0.130202466807	0.115872743277	0.13082725419	0.138635771094	0.113533738717	0.114910390415	0.141698356404	0.140297676665	0.00713683782157	0.140234620551	0.132663580347	0.112215238329	0.111126552082	0.128664791643	0.151956028217	0.137360744594	0.125635441815	0.124962142179	0.140771928753	0.140773931523	0.123098012728	0.141658016927	0.128205493831	0.114421670251	0.117885943433	0.1260501349	0.132616532327
159814214-tonguedorsum1.snv.bam	0.151273934471	0.140990403212	0.141783617119	0.134057594403	0.163394632968	0.160931937242	0.111401784723	0.0	0.00483382891287	0.154634274988	0.15454692078	0.00971047000379	0.0108887289555	0.156750612492	0.148873299108	0.112549592759	0.142925006633	0.120037993186	0.158754536111	0.150278088067	0.133849937018	0.123323177747	0.142972322238	0.164842092347	0.113584365716	0.163558915694	0.14472564177	0.127929500222	0.127505077726	0.142409184467	0.173390982672	0.147310157574	0.14841172818	0.150048070497	0.157645449354	0.155622397797	0.134227138016	0.144828370249	0.142982763241	0.143823335088	0.12243314365	0.116577210279	0.141214535736
159814214-tonguedorsum2.snv.bam	0.155718521418	0.146561327858	0.145414440153	0.13956915494	0.165035642491	0.166882445244	0.114351126946	0.00483382891287	0.0	0.157764356062	0.15817800255	0.0126771022625	0.0120061666244	0.161495373865	0.15378300055	0.123128858863	0.151769045856	0.13065828853	0.164633619676	0.155495242884	0.139360459762	0.130176070448	0.146981439453	0.170620621823	0.115733887773	0.168214655318	0.152894482467	0.135655295055	0.133137947981	0.149279322046	0.177900060399	0.153907364741	0.153161869725	0.154907630292	0.162462655045	0.159238280429	0.141227301382	0.152427703919	0.150576508209	0.14754016752	0.132618454401	0.125178386551	0.146161678278
160158126-supragingivalplaque1.snv.bam	0.159616524402	0.131491224394	0.134876553744	0.151871109434	0.126721420498	0.153745412429	0.136566076327	0.154634274988	0.157764356062	0.0	0.0474577755945	0.152204172851	0.144164484421	0.137882945365	0.147209137486	0.13476982945	0.135478332738	0.136054113639	0.135578244904	0.148268700402	0.138129609077	0.139553746225	0.145581506875	0.144066439864	0.135087826359	0.136600633112	0.145660290086	0.136783296384	0.126226146395	0.129424308785	0.163269099726	0.132748094236	0.11753384079	0.112405293221	0.143329115394	0.138043165148	0.12928768485	0.163665660597	0.162594532551	0.121462726368	0.128578949463	0.144725080584	0.1170108048
160158126-supragingivalplaque2.snv.bam	0.155750379355	0.125889565664	0.129465262739	0.146324202598	0.137479703307	0.147730256821	0.138799546201	0.15454692078	0.15817800255	0.0474577755945	0.0	0.151227545805	0.144215287445	0.133548950304	0.142596118333	0.129085481537	0.14078754139	0.134135856515	0.127765963397	0.143922689749	0.134725520712	0.138452740939	0.146819794986	0.144167716734	0.137886415869	0.133842206786	0.149303143786	0.131566126744	0.122477043987	0.124816261094	0.161938135849	0.13042114637	0.115049154026	0.106270275034	0.14020871523	0.137212018679	0.120510328843	0.161391195331	0.157010319854	0.131794127179	0.124891122624	0.139961219625	0.116390017711
160158126-tonguedorsum1.snv.bam	0.160270284318	0.146410762415	0.140589346772	0.139136412138	0.164262632021	0.165915340235	0.116965963546	0.00971047000379	0.0126771022625	0.152204172851	0.151227545805	0.0	0.0110920488494	0.160378765806	0.154579227743	0.119968874737	0.150021783343	0.129220980773	0.163747691622	0.153506688092	0.137955383914	0.123500602584	0.145607944056	0.164120723644	0.118420774455	0.162107133694	0.154056143109	0.135206398488	0.128034625128	0.145767162345	0.171043389224	0.153449061124	0.149828012927	0.149720545793	0.16042110576	0.15215828961	0.136923420958	0.153551295126	0.148307915265	0.145513845696	0.127981220702	0.126098039596	0.142597143978
160158126-tonguedorsum2.snv.bam	0.152000151762	0.142949684702	0.139517533622	0.132884492326	0.157125735889	0.163019982994	0.114036765075	0.0108887289555	0.0120061666244	0.144164484421	0.144215287445	0.0110920488494	0.0	0.154963846368	0.151007909633	0.118473735035	0.147188522452	0.127614015669	0.158991072904	0.15087694457	0.134297995904	0.123902466331	0.140786751459	0.164669549508	0.114860067456	0.159504153356	0.148786171587	0.132762563429	0.126325299263	0.142857559874	0.170873366278	0.147881395324	0.145711896197	0.145732253846	0.154213033521	0.151291220832	0.134071496451	0.149761332322	0.149684349078	0.140397245932	0.12666970775	0.117881164228	0.136940572026
160178356-supragingivalplaque1.snv.bam	0.151297105664	0.115543435729	0.132687572458	0.150308254126	0.134428549774	0.139757855012	0.142138184719	0.156750612492	0.161495373865	0.137882945365	0.133548950304	0.160378765806	0.154963846368	0.0	0.0662790225823	0.13255795962	0.147259154611	0.113022841404	0.134419811202	0.14942303466	0.120687822387	0.133711498943	0.140379736977	0.132719912737	0.136120275631	0.140867652645	0.159694536587	0.124910078443	0.111615959733	0.125854719294	0.159721665328	0.130469105347	0.125273006827	0.121275245114	0.128204515445	0.148841975829	0.116859714169	0.16211453828	0.147239930894	0.135073880168	0.131567186673	0.151646113979	0.115139788309
160178356-supragingivalplaque3.snv.bam	0.147419420229	0.11254137732	0.133403596531	0.146943148045	0.147985975519	0.130062580867	0.126556627535	0.148873299108	0.15378300055	0.147209137486	0.142596118333	0.154579227743	0.151007909633	0.0662790225823	0.0	0.129870689772	0.150606121696	0.101005628454	0.133848015054	0.141248771452	0.11861047109	0.131797388025	0.141868626022	0.147978938444	0.121544354447	0.146893471465	0.1572335363	0.121912942991	0.115649991607	0.131705642399	0.166118844251	0.138355704456	0.137707428672	0.131918952456	0.140945243452	0.146729340134	0.120974862202	0.157700675162	0.143852311993	0.140729476318	0.14347207523	0.152890368517	0.126618225361
160178356-tonguedorsum3.snv.bam	0.159008919015	0.128617085224	0.127627021389	0.120954847762	0.138951487895	0.148668660061	0.106883071924	0.112549592759	0.123128858863	0.13476982945	0.129085481537	0.119968874737	0.118473735035	0.13255795962	0.129870689772	0.0	0.133571622277	0.0994240535309	0.142442560223	0.145336287832	0.124709372863	0.11229526718	0.141821717171	0.145798491411	0.106408543113	0.136838844504	0.139498341183	0.115663864306	0.111735362597	0.132270656589	0.145719113758	0.132458622942	0.132083075536	0.128957375575	0.142897242487	0.140079843046	0.128265174186	0.139713082503	0.147753098075	0.12671561994	0.120233318739	0.135569132974	0.123995512071
160319967-supragingivalplaque1.snv.bam	0.159393234986	0.134552844985	0.12296969139	0.130651634751	0.134853568545	0.163447752576	0.130202466807	0.142925006633	0.151769045856	0.135478332738	0.14078754139	0.150021783343	0.147188522452	0.147259154611	0.150606121696	0.133571622277	0.0	0.128388904699	0.149618393494	0.158704984261	0.126002976374	0.134494452194	0.143194673674	0.140654911524	0.130024053312	0.133472380674	0.136893875041	0.127943149178	0.125767779859	0.135401847712	0.142387376256	0.143141026043	0.126593100934	0.127601139159	0.141038796487	0.144537736775	0.120961047913	0.155258298507	0.133683694371	0.122709836764	0.128564687611	0.145814731299	0.13209765203
160319967-tonguedorsum3.snv.bam	0.134888432012	0.106358247743	0.10514211262	0.115155494437	0.127500314074	0.137698307386	0.115872743277	0.120037993186	0.13065828853	0.136054113639	0.134135856515	0.129220980773	0.127614015669	0.113022841404	0.101005628454	0.0994240535309	0.128388904699	0.0	0.132338782217	0.134948782435	0.105884507646	0.106227154966	0.12528795875	0.12305618977	0.113271924696	0.116282761754	0.129524039347	0.0971506549247	0.0964884666658	0.124718213375	0.137719763408	0.112237940663	0.130464725592	0.128771839934	0.104648579891	0.134790781029	0.105223979978	0.128455915438	0.120542300803	0.120577583625	0.109788510615	0.109439816261	0.104384895459
160380657-supragingivalplaque3.snv.bam	0.150544868304	0.13007304983	0.137615258833	0.149682444463	0.156069109401	0.146756660381	0.13082725419	0.158754536111	0.164633619676	0.135578244904	0.127765963397	0.163747691622	0.158991072904	0.134419811202	0.133848015054	0.142442560223	0.149618393494	0.132338782217	0.0	0.143048921986	0.126049519545	0.134765983047	0.152715488303	0.128971100029	0.125822867092	0.139420879448	0.164935511463	0.127733364413	0.125041980692	0.125468938527	0.160122739702	0.143471289201	0.135362192603	0.129454087547	0.143952630638	0.136574562352	0.121376025645	0.169392186251	0.147229579718	0.146906207607	0.116549570818	0.15605057084	0.123290028534
160421117-supragingivalplaque1.snv.bam	0.154052476541	0.11467052585	0.134401720826	0.165924693843	0.167276266321	0.0504588466272	0.138635771094	0.150278088067	0.155495242884	0.148268700402	0.143922689749	0.153506688092	0.15087694457	0.14942303466	0.141248771452	0.145336287832	0.158704984261	0.134948782435	0.143048921986	0.0	0.117730868004	0.132949491758	0.157385439145	0.152463699739	0.137777153999	0.152317849913	0.155960195073	0.136983746417	0.128844497411	0.0958301280717	0.170678638738	0.14689869989	0.14767794014	0.140289397986	0.152700608462	0.158469054616	0.133251764331	0.158699990156	0.150097407661	0.160469741197	0.128554745914	0.14691178861	0.130129335408
160421117-supragingivalplaque2.snv.bam	0.0905132033163	0.112977050696	0.116799227919	0.126710882447	0.140401921689	0.12624701786	0.113533738717	0.133849937018	0.139360459762	0.138129609077	0.134725520712	0.137955383914	0.134297995904	0.120687822387	0.11861047109	0.124709372863	0.126002976374	0.105884507646	0.126049519545	0.117730868004	0.0	0.0930659093218	0.144051584708	0.124354703126	0.11223874178	0.134454984131	0.132187748646	0.113664077972	0.104633355496	0.114474267458	0.156133594235	0.122343061889	0.127191618924	0.127173125694	0.129193919936	0.136558685119	0.114789069614	0.144508156942	0.128088540099	0.134511709371	0.118916190648	0.133387168486	0.111695968499
160421117-tonguedorsum2.snv.bam	0.141652702137	0.126882193204	0.116097824978	0.119611495562	0.131708571916	0.15043170772	0.114910390415	0.123323177747	0.130176070448	0.139553746225	0.138452740939	0.123500602584	0.123902466331	0.133711498943	0.131797388025	0.11229526718	0.134494452194	0.106227154966	0.134765983047	0.132949491758	0.0930659093218	0.0	0.143526066738	0.124509687733	0.116348137173	0.132125092635	0.141316331353	0.110634573029	0.105171146752	0.125485991976	0.147047396623	0.124871411649	0.121476252374	0.121997901538	0.122427319738	0.135152618321	0.114007430694	0.153175908792	0.131983572009	0.129068477448	0.113988634805	0.120124121124	0.118733923003
160502038-supragingivalplaque3.snv.bam	0.155788529021	0.132854507114	0.125644091112	0.139979092609	0.14614653774	0.167302788804	0.141698356404	0.142972322238	0.146981439453	0.145581506875	0.146819794986	0.145607944056	0.140786751459	0.140379736977	0.141868626022	0.141821717171	0.143194673674	0.12528795875	0.152715488303	0.157385439145	0.144051584708	0.143526066738	0.0	0.14220258754	0.139120429673	0.130335830318	0.146082478599	0.130928578761	0.119844017701	0.147400002094	0.137611501198	0.143154065792	0.14733966918	0.145024302308	0.127115307089	0.147471491081	0.118690757126	0.145042033779	0.149558825024	0.133343247323	0.122149509418	0.145151340679	0.127644283151
160603188-supragingivalplaque2.snv.bam	0.173546335095	0.13447687851	0.128976033006	0.149769914626	0.143915362769	0.154642188075	0.140297676665	0.164842092347	0.170620621823	0.144066439864	0.144167716734	0.164120723644	0.164669549508	0.132719912737	0.147978938444	0.145798491411	0.140654911524	0.12305618977	0.128971100029	0.152463699739	0.124354703126	0.124509687733	0.14220258754	0.0	0.139503356436	0.121703020343	0.139110047979	0.119193909203	0.127063000867	0.111940834112	0.140127728788	0.123673307304	0.133405928424	0.137186002553	0.115604159901	0.14658037577	0.125650599294	0.156373190629	0.152662433013	0.133078978323	0.103449350033	0.14812406502	0.121793227902
160947100-tonguedorsum1.snv.bam	0.13838147039	0.123315093187	0.120228830728	0.11136823006	0.141384119589	0.139606131081	0.00713683782157	0.113584365716	0.115733887773	0.135087826359	0.137886415869	0.118420774455	0.114860067456	0.136120275631	0.121544354447	0.106408543113	0.130024053312	0.113271924696	0.125822867092	0.137777153999	0.11223874178	0.116348137173	0.139120429673	0.139503356436	0.0	0.138225744472	0.136755725823	0.112821303096	0.11003724555	0.126925920341	0.14983756902	0.134896440973	0.125918272076	0.124951954755	0.139580411973	0.139587638845	0.122317266395	0.140212992833	0.128461109965	0.112912503112	0.117924490722	0.130874868865	0.12797826218
370027359-supragingivalplaque2.snv.bam	0.162986428234	0.130697226515	0.130269136353	0.13566488922	0.134133236981	0.155157299961	0.140234620551	0.163558915694	0.168214655318	0.136600633112	0.133842206786	0.162107133694	0.159504153356	0.140867652645	0.146893471465	0.136838844504	0.133472380674	0.116282761754	0.139420879448	0.152317849913	0.134454984131	0.132125092635	0.130335830318	0.121703020343	0.138225744472	0.0	0.14008575385	0.129070557066	0.124004835076	0.117162631148	0.0445449713379	0.12219431718	0.14340789403	0.143351039302	0.131121527111	0.148921230794	0.135269699422	0.161586868774	0.159726305826	0.134273492442	0.133619964703	0.133577782343	0.115103674044
370425937-supragingivalplaque2.snv.bam	0.142677757108	0.137767212581	0.136823069932	0.161955145372	0.151184786247	0.150670872575	0.132663580347	0.14472564177	0.152894482467	0.145660290086	0.149303143786	0.154056143109	0.148786171587	0.159694536587	0.1572335363	0.139498341183	0.136893875041	0.129524039347	0.164935511463	0.155960195073	0.132187748646	0.141316331353	0.146082478599	0.139110047979	0.136755725823	0.14008575385	0.0	0.135496325057	0.142945735282	0.133381329389	0.153926476316	0.131465084616	0.137187992434	0.142299255782	0.146885430308	0.161155726639	0.138991218711	0.162643032938	0.147706109856	0.137278061475	0.122025946465	0.134466651326	0.139600286118
550534656-supragingivalplaque3.snv.bam	0.152465956049	0.116889174117	0.113644232034	0.12133120582	0.146568762548	0.140129572745	0.112215238329	0.127929500222	0.135655295055	0.136783296384	0.131566126744	0.135206398488	0.132762563429	0.124910078443	0.121912942991	0.115663864306	0.127943149178	0.0971506549247	0.127733364413	0.136983746417	0.113664077972	0.110634573029	0.130928578761	0.119193909203	0.112821303096	0.129070557066	0.135496325057	0.0	0.113816062456	0.113158144659	0.147451169172	0.119188325705	0.127147933905	0.127160540579	0.1148559087	0.144516493887	0.110417516468	0.128797540383	0.127169987108	0.128008792563	0.101184091723	0.127334711694	0.118740978604
638754422-supragingivalplaque2.snv.bam	0.139764053107	0.0970445077961	0.103560727559	0.121264366717	0.123707558146	0.134642408023	0.111126552082	0.127505077726	0.133137947981	0.126226146395	0.122477043987	0.128034625128	0.126325299263	0.111615959733	0.115649991607	0.111735362597	0.125767779859	0.0964884666658	0.125041980692	0.128844497411	0.104633355496	0.105171146752	0.119844017701	0.127063000867	0.11003724555	0.124004835076	0.142945735282	0.113816062456	0.0	0.112656644485	0.141020065461	0.116484481095	0.115090880888	0.109236924171	0.112885264215	0.0962830670044	0.10221210627	0.141176081342	0.130377283463	0.116625456365	0.107275773061	0.120404312043	0.0714462318685
706846339-supragingivalplaque2.snv.bam	0.15514837725	0.0997928910995	0.116431724456	0.143239669909	0.141172105103	0.0960364738009	0.128664791643	0.142409184467	0.149279322046	0.129424308785	0.124816261094	0.145767162345	0.142857559874	0.125854719294	0.131705642399	0.132270656589	0.135401847712	0.124718213375	0.125468938527	0.0958301280717	0.114474267458	0.125485991976	0.147400002094	0.111940834112	0.126925920341	0.117162631148	0.133381329389	0.113158144659	0.112656644485	0.0	0.136234949243	0.111565581797	0.124913591925	0.119931212275	0.124791145734	0.14068039889	0.11933529206	0.156810530072	0.14188018788	0.129129363406	0.104008802236	0.143118301626	0.108444687918
763395383-supragingivalplaque3.snv.bam	0.185780906874	0.149019964409	0.146647114376	0.146139659204	0.152510822546	0.172312580292	0.151956028217	0.173390982672	0.177900060399	0.163269099726	0.161938135849	0.171043389224	0.170873366278	0.159721665328	0.166118844251	0.145719113758	0.142387376256	0.137719763408	0.160122739702	0.170678638738	0.156133594235	0.147047396623	0.137611501198	0.140127728788	0.14983756902	0.0445449713379	0.153926476316	0.147451169172	0.141020065461	0.136234949243	0.0	0.139304042877	0.16021983603	0.159743520484	0.146637420631	0.163869448835	0.150085641994	0.181941199111	0.176042958771	0.148673971999	0.145968415464	0.147794378243	0.134177455696
763435843-supragingivalplaque2.snv.bam	0.160640378577	0.130847915958	0.115824656514	0.145377930586	0.14086581053	0.152130730277	0.137360744594	0.147310157574	0.153907364741	0.132748094236	0.13042114637	0.153449061124	0.147881395324	0.130469105347	0.138355704456	0.132458622942	0.143141026043	0.112237940663	0.143471289201	0.14689869989	0.122343061889	0.124871411649	0.143154065792	0.123673307304	0.134896440973	0.12219431718	0.131465084616	0.119188325705	0.116484481095	0.111565581797	0.139304042877	0.0	0.133613063661	0.133685864276	0.122313783093	0.148526346181	0.120971970447	0.143104377887	0.140721506528	0.132197735757	0.117452194487	0.137819506457	0.117170361521
763496533-supragingivalplaque1.snv.bam	0.150506617786	0.119354928687	0.118890617828	0.146083443642	0.0930857825124	0.149671154401	0.125635441815	0.14841172818	0.153161869725	0.11753384079	0.115049154026	0.149828012927	0.145711896197	0.125273006827	0.137707428672	0.132083075536	0.126593100934	0.130464725592	0.135362192603	0.14767794014	0.127191618924	0.121476252374	0.14733966918	0.133405928424	0.125918272076	0.14340789403	0.137187992434	0.127147933905	0.115090880888	0.124913591925	0.16021983603	0.133613063661	0.0	0.0340249101618	0.131382405973	0.128611361474	0.0959627910919	0.161862941569	0.140581142166	0.0836112629591	0.111001634457	0.146321269223	0.120041821974
763496533-supragingivalplaque2.snv.bam	0.150084414067	0.113514754546	0.117760307563	0.144917493885	0.103891584451	0.139740934011	0.124962142179	0.150048070497	0.154907630292	0.112405293221	0.106270275034	0.149720545793	0.145732253846	0.121275245114	0.131918952456	0.128957375575	0.127601139159	0.128771839934	0.129454087547	0.140289397986	0.127173125694	0.121997901538	0.145024302308	0.137186002553	0.124951954755	0.143351039302	0.142299255782	0.127160540579	0.109236924171	0.119931212275	0.159743520484	0.133685864276	0.0340249101618	0.0	0.12946073651	0.12957055881	0.0940830227536	0.161918980997	0.140184532727	0.0949713053729	0.113518319726	0.145338989662	0.117337605381
763719065-supragingivalplaque3.snv.bam	0.157153672048	0.131125534786	0.120139225023	0.144420379431	0.141044338224	0.159203333454	0.140771928753	0.157645449354	0.162462655045	0.143329115394	0.14020871523	0.16042110576	0.154213033521	0.128204515445	0.140945243452	0.142897242487	0.141038796487	0.104648579891	0.143952630638	0.152700608462	0.129193919936	0.122427319738	0.127115307089	0.115604159901	0.139580411973	0.131121527111	0.146885430308	0.1148559087	0.112885264215	0.124791145734	0.146637420631	0.122313783093	0.131382405973	0.12946073651	0.0	0.145678691776	0.119234063555	0.16601038203	0.135215471401	0.12596718871	0.115397785219	0.135377327828	0.117036486378
763759525-supragingivalplaque1.snv.bam	0.160240474187	0.13466957241	0.12972936844	0.151546888617	0.130509715077	0.159020992417	0.140773931523	0.155622397797	0.159238280429	0.138043165148	0.137212018679	0.15215828961	0.151291220832	0.148841975829	0.146729340134	0.140079843046	0.144537736775	0.134790781029	0.136574562352	0.158469054616	0.136558685119	0.135152618321	0.147471491081	0.14658037577	0.139587638845	0.148921230794	0.161155726639	0.144516493887	0.0962830670044	0.14068039889	0.163869448835	0.148526346181	0.128611361474	0.12957055881	0.145678691776	0.0	0.112568337315	0.173928032887	0.157117330693	0.123932152475	0.130591530037	0.14178320966	0.0693788433354
763901136-supragingivalplaque3.snv.bam	0.141004587239	0.117561113728	0.106002040579	0.129716634275	0.138387299151	0.138470824351	0.123098012728	0.134227138016	0.141227301382	0.12928768485	0.120510328843	0.136923420958	0.134071496451	0.116859714169	0.120974862202	0.128265174186	0.120961047913	0.105223979978	0.121376025645	0.133251764331	0.114789069614	0.114007430694	0.118690757126	0.125650599294	0.122317266395	0.135269699422	0.138991218711	0.110417516468	0.10221210627	0.11933529206	0.150085641994	0.120971970447	0.0959627910919	0.0940830227536	0.119234063555	0.112568337315	0.0	0.148540555617	0.135560041231	0.127359683854	0.106272396642	0.127804311278	0.105312502897
764083206-supragingivalplaque1.snv.bam	0.178270187463	0.153751612632	0.12540996103	0.162402592077	0.171284794156	0.169109346574	0.141658016927	0.144828370249	0.152427703919	0.163665660597	0.161391195331	0.153551295126	0.149761332322	0.16211453828	0.157700675162	0.139713082503	0.155258298507	0.128455915438	0.169392186251	0.158699990156	0.144508156942	0.153175908792	0.145042033779	0.156373190629	0.140212992833	0.161586868774	0.162643032938	0.128797540383	0.141176081342	0.156810530072	0.181941199111	0.143104377887	0.161862941569	0.161918980997	0.16601038203	0.173928032887	0.148540555617	0.0	0.144310176774	0.164502135137	0.131251483554	0.161091517675	0.1526902747
764447348-supragingivalplaque1.snv.bam	0.135449403034	0.141370487957	0.128498202398	0.14785610161	0.165157086476	0.147679491862	0.128205493831	0.142982763241	0.150576508209	0.162594532551	0.157010319854	0.148307915265	0.149684349078	0.147239930894	0.143852311993	0.147753098075	0.133683694371	0.120542300803	0.147229579718	0.150097407661	0.128088540099	0.131983572009	0.149558825024	0.152662433013	0.128461109965	0.159726305826	0.147706109856	0.127169987108	0.130377283463	0.14188018788	0.176042958771	0.140721506528	0.140581142166	0.140184532727	0.135215471401	0.157117330693	0.135560041231	0.144310176774	0.0	0.149251912827	0.13031853422	0.135000001372	0.141745217268
764508039-supragingivalplaque3.snv.bam	0.161081957792	0.120698148005	0.123694457907	0.138583546991	0.0701088757099	0.16097867203	0.114421670251	0.143823335088	0.14754016752	0.121462726368	0.131794127179	0.145513845696	0.140397245932	0.135073880168	0.140729476318	0.12671561994	0.122709836764	0.120577583625	0.146906207607	0.160469741197	0.134511709371	0.129068477448	0.133343247323	0.133078978323	0.112912503112	0.134273492442	0.137278061475	0.128008792563	0.116625456365	0.129129363406	0.148673971999	0.132197735757	0.0836112629591	0.0949713053729	0.12596718871	0.123932152475	0.127359683854	0.164502135137	0.149251912827	0.0	0.114798175914	0.137171027486	0.113938756675
765701615-supragingivalplaque2.snv.bam	0.155006698966	0.114908986271	0.110514294076	0.125905322484	0.13491898121	0.130766192947	0.117885943433	0.12243314365	0.132618454401	0.128578949463	0.124891122624	0.127981220702	0.12666970775	0.131567186673	0.14347207523	0.120233318739	0.128564687611	0.109788510615	0.116549570818	0.128554745914	0.118916190648	0.113988634805	0.122149509418	0.103449350033	0.117924490722	0.133619964703	0.122025946465	0.101184091723	0.107275773061	0.104008802236	0.145968415464	0.117452194487	0.111001634457	0.113518319726	0.115397785219	0.130591530037	0.106272396642	0.131251483554	0.13031853422	0.114798175914	0.0	0.10494633829	0.110655349684
765701615-tonguedorsum2.snv.bam	0.139350350722	0.132815432303	0.129286748654	0.109250214289	0.148078733382	0.154442412868	0.1260501349	0.116577210279	0.125178386551	0.144725080584	0.139961219625	0.126098039596	0.117881164228	0.151646113979	0.152890368517	0.135569132974	0.145814731299	0.109439816261	0.15605057084	0.14691178861	0.133387168486	0.120124121124	0.145151340679	0.14812406502	0.130874868865	0.133577782343	0.134466651326	0.127334711694	0.120404312043	0.143118301626	0.147794378243	0.137819506457	0.146321269223	0.145338989662	0.135377327828	0.14178320966	0.127804311278	0.161091517675	0.135000001372	0.137171027486	0.10494633829	0.0	0.122689829306
823052294-supragingivalplaque2.snv.bam	0.146989031483	0.109189627688	0.106501247012	0.134845403271	0.12190790173	0.132800912739	0.132616532327	0.141214535736	0.146161678278	0.1170108048	0.116390017711	0.142597143978	0.136940572026	0.115139788309	0.126618225361	0.123995512071	0.13209765203	0.104384895459	0.123290028534	0.130129335408	0.111695968499	0.118733923003	0.127644283151	0.121793227902	0.12797826218	0.115103674044	0.139600286118	0.118740978604	0.0714462318685	0.108444687918	0.134177455696	0.117170361521	0.120041821974	0.117337605381	0.117036486378	0.0693788433354	0.105312502897	0.1526902747	0.141745217268	0.113938756675	0.110655349684	0.122689829306	0.0
