	BYQ_AAAG.snv.bam	BYQ_AABA.snv.bam	CCIS03857607ST-4-0.snv.bam	CCIS22958137ST-20-0.snv.bam	CCIS29688262ST-20-0.snv.bam	CCIS36699628ST-4-0.snv.bam	CCIS48174381ST-4-0.snv.bam	CCIS90443472ST-4-0.snv.bam	MMRS43939546ST-27-0-0.snv.bam	MMRS72802364ST-27-0-0.snv.bam	NG-5636_317.snv.bam	O2.UC15-1.snv.bam	O2.UC15-2.snv.bam	SAMEA3136626.snv.bam	SAMEA3136638.snv.bam	SAMEA3136648.snv.bam	SAMEA3136667.snv.bam	SAMEA3136682.snv.bam	SAMEA3136706.snv.bam	SAMEA3136708.snv.bam	SAMEA3136711.snv.bam	SAMEA3136714.snv.bam	SAMEA3136747.snv.bam	V1.CD32-0.snv.bam	V1.CD32-4.snv.bam	V1.CD42-0.snv.bam	V1.CD55-0.snv.bam	V1.FI30.snv.bam	V1.FI34.snv.bam	V1.UC2-4.snv.bam	V1.UC47-4.snv.bam	V1.UC5-3.snv.bam	bugkiller-11-7-0.snv.bam
BYQ_AAAG.snv.bam	0.0	0.00105960136497	0.172789115646	0.150873250044	0.165028157112	0.0434039087948	0.246368243243	0.162376237624	0.19179648775	0.162581091068	0.175085616438	0.223114754098	0.223154966454	0.172555021418	0.0569536423841	0.179025127966	0.155453020134	0.24641995614	0.162588868674	0.12483713355	0.186119170795	0.182097988285	0.180351170569	0.184426768402	0.180600619781	0.161121899273	0.243882573923	0.210529680799	0.155528564555	0.192872383752	0.167644074023	0.12953990454	0.270011617586
BYQ_AABA.snv.bam	0.00105960136497	0.0	0.165834263393	0.145505802699	0.158878377163	0.0394403331903	0.244709098373	0.152179222753	0.192248420781	0.156333697143	0.177975245654	0.209299430429	0.210430884137	0.165500282151	0.0521925513325	0.180688724439	0.145703412944	0.252428173397	0.162567692319	0.117518411268	0.184225875035	0.174298152506	0.17303148883	0.179294162869	0.175934681297	0.151031732282	0.247206938988	0.207659743626	0.149829459816	0.182927165971	0.160932462109	0.121993734785	0.260829771483
CCIS03857607ST-4-0.snv.bam	0.172789115646	0.165834263393	0.0	0.0675220728269	0.0926834944059	0.1625	0.235294117647	0.0851735015773	0.078125	0.109375	0.162251655629	0.198792166953	0.199379053947	0.0720349190831	0.149206349206	0.153236607143	0.112540192926	0.205759493671	0.128186226275	0.15	0.168747811625	0.0938825259059	0.0868167202572	0.183521230528	0.179855041883	0.0850510817308	0.216139785645	0.172298180944	0.106816155179	0.16481557658	0.113856737664	0.129467619759	0.232021082607
CCIS22958137ST-20-0.snv.bam	0.150873250044	0.145505802699	0.0675220728269	0.0	0.0787571668646	0.142137960163	0.221699706239	0.121837614458	0.090124089798	0.078120328571	0.160184983809	0.173928654643	0.173127264662	0.032045928372	0.132303046917	0.134987799486	0.0861763033399	0.196064386923	0.114590697612	0.132935506176	0.148197746041	0.0530230477649	0.0448765422782	0.125639587805	0.122124914559	0.127377242596	0.206299753629	0.161001655651	0.093152910996	0.140438474548	0.0880969678714	0.0963253000596	0.215554791133
CCIS29688262ST-20-0.snv.bam	0.165028157112	0.158878377163	0.0926834944059	0.0787571668646	0.0	0.1250375536	0.232182079791	0.127135917896	0.109877338332	0.0831054143136	0.171097843114	0.212645511948	0.213975059852	0.0705658470712	0.121168282149	0.0922640960541	0.0887748379814	0.203301665873	0.0861360660308	0.1250375536	0.113311586617	0.0734523274153	0.0659567689076	0.166741774763	0.16325139604	0.132007976793	0.212968716007	0.174707608521	0.0636325071987	0.155269885387	0.0896716626609	0.0944916916607	0.238924548677
CCIS36699628ST-4-0.snv.bam	0.0434039087948	0.0394403331903	0.1625	0.142137960163	0.1250375536	0.0	0.241379310345	0.148936170213	0.189319754537	0.123514270573	0.168253968254	0.206090359791	0.207048074007	0.132280455181	0.0183486238532	0.147254397254	0.111455108359	0.237244174265	0.147205983207	0.0960960960961	0.15079154785	0.141181877364	0.138888888889	0.182298059623	0.178990487525	0.148027835528	0.230758459496	0.198060363121	0.115252966175	0.155453722748	0.127511911109	0.087417241144	0.263816388104
CCIS48174381ST-4-0.snv.bam	0.246368243243	0.244709098373	0.235294117647	0.221699706239	0.232182079791	0.241379310345	0.0	0.237341772152	0.250919994548	0.238652827902	0.237785016287	0.279195254431	0.284811573636	0.229184945567	0.233226837061	0.244402149575	0.216828478964	0.20079414838	0.250918877178	0.23197492163	0.251453245875	0.225848166652	0.230769230769	0.237352071692	0.234500821646	0.23602905715	0.195513739344	0.288572423505	0.217552571268	0.229975755283	0.22462600182	0.227522477522	0.200126137713
CCIS90443472ST-4-0.snv.bam	0.162376237624	0.152179222753	0.0851735015773	0.121837614458	0.127135917896	0.148936170213	0.237341772152	0.0	0.12462006079	0.139996424102	0.150641025641	0.187204614957	0.187139016897	0.130854632543	0.135802469136	0.15208423795	0.0721003134796	0.2216	0.139877180572	0.112462006079	0.143506338706	0.146025557112	0.140625	0.132978656237	0.129373132814	0.0158551554828	0.220780996368	0.180620766825	0.144673559593	0.153964049511	0.153245273645	0.113317716766	0.241414018918
MMRS43939546ST-27-0-0.snv.bam	0.19179648775	0.192248420781	0.078125	0.090124089798	0.109877338332	0.189319754537	0.250919994548	0.12462006079	0.0	0.10836869021	0.133471359558	0.215285158162	0.216740679933	0.0815419696602	0.186544342508	0.174411989629	0.127069592139	0.218936610722	0.144333545552	0.165295730513	0.159430621707	0.0962347545385	0.0896403650027	0.185496312402	0.182154931121	0.120870243153	0.227450441938	0.178492225112	0.133694627986	0.176298964463	0.124334388951	0.155431592442	0.248031287024
MMRS72802364ST-27-0-0.snv.bam	0.162581091068	0.156333697143	0.109375	0.078120328571	0.0831054143136	0.123514270573	0.238652827902	0.139996424102	0.10836869021	0.0	0.149246365213	0.185335834416	0.185169895984	0.0577785277382	0.119445943515	0.144642541701	0.0932825142441	0.20668471644	0.126576109636	0.117508264567	0.124155668273	0.0723938704168	0.0652168274717	0.131605155989	0.127592889211	0.132974967534	0.22119027461	0.163090262228	0.0659680348112	0.133876476465	0.0460466966243	0.0904836851128	0.229199356578
NG-5636_317.snv.bam	0.175085616438	0.177975245654	0.162251655629	0.160184983809	0.171097843114	0.168253968254	0.237785016287	0.150641025641	0.133471359558	0.149246365213	0.0	0.230431309904	0.229773970399	0.159079357575	0.168284789644	0.193764172336	0.140983606557	0.203991507431	0.162041656571	0.12380952381	0.175281223601	0.174574899213	0.169934640523	0.19906429795	0.195964090932	0.156486568987	0.232409265109	0.208955287541	0.174708733909	0.186394119389	0.162774536566	0.141235813367	0.24777968411
O2.UC15-1.snv.bam	0.223114754098	0.209299430429	0.198792166953	0.173928654643	0.212645511948	0.206090359791	0.279195254431	0.187204614957	0.215285158162	0.185335834416	0.230431309904	0.0	0.00198045054733	0.188295790716	0.206818181818	0.212240554008	0.162666383461	0.238034936521	0.215142736208	0.200048063719	0.221841373188	0.197061325068	0.193217108978	0.202195476918	0.199248235722	0.197912925443	0.244787736432	0.222073075478	0.160398013123	0.0889732785881	0.189733591696	0.18238831481	0.271738833724
O2.UC15-2.snv.bam	0.223154966454	0.210430884137	0.199379053947	0.173127264662	0.213975059852	0.207048074007	0.284811573636	0.187139016897	0.216740679933	0.185169895984	0.229773970399	0.00198045054733	0.0	0.188216041593	0.207834724799	0.213531240522	0.16017351385	0.238923963134	0.216590547236	0.200678647255	0.223651849275	0.197530206193	0.192225065922	0.199152109653	0.196233511859	0.197318949628	0.243702156577	0.220231170246	0.161593915613	0.0849509412473	0.189165185305	0.180857202906	0.263717194324
SAMEA3136626.snv.bam	0.172555021418	0.165500282151	0.0720349190831	0.032045928372	0.0705658470712	0.132280455181	0.229184945567	0.130854632543	0.0815419696602	0.0577785277382	0.159079357575	0.188295790716	0.188216041593	0.0	0.122475203594	0.123560696462	0.0777399307616	0.191985808417	0.123512282415	0.132462455363	0.126597346557	0.0215304723879	0.0126851778889	0.146517356688	0.142928511719	0.118011806935	0.210382321575	0.156757176131	0.0840438991689	0.137164318385	0.0672435549354	0.0904207830481	0.225950138537
SAMEA3136638.snv.bam	0.0569536423841	0.0521925513325	0.149206349206	0.132303046917	0.121168282149	0.0183486238532	0.233226837061	0.135802469136	0.186544342508	0.119445943515	0.168284789644	0.206818181818	0.207834724799	0.122475203594	0.0	0.143840104849	0.10094637224	0.235356037152	0.143790802471	0.085626911315	0.14132594934	0.143719644596	0.138364779874	0.167981568671	0.164492729493	0.135218183957	0.228870578382	0.185882606504	0.117441313634	0.154929341358	0.12986597716	0.0698686171872	0.259215408651
SAMEA3136648.snv.bam	0.179025127966	0.180688724439	0.153236607143	0.134987799486	0.0922640960541	0.147254397254	0.244402149575	0.15208423795	0.174411989629	0.144642541701	0.193764172336	0.212240554008	0.213531240522	0.123560696462	0.143840104849	0.0	0.108469703671	0.200878564192	0.126292212294	0.12323037323	0.141321994263	0.120406498363	0.117394179894	0.179499991188	0.176077237633	0.157144094644	0.223803149077	0.165928701679	0.133670516261	0.164794382088	0.136395524977	0.093739335199	0.25437598774
SAMEA3136667.snv.bam	0.155453020134	0.145703412944	0.112540192926	0.0861763033399	0.0887748379814	0.111455108359	0.216828478964	0.0721003134796	0.127069592139	0.0932825142441	0.140983606557	0.162666383461	0.16017351385	0.0777399307616	0.10094637224	0.108469703671	0.0	0.188254963427	0.114611741201	0.0866873065015	0.118308314038	0.0930639308644	0.0859872611465	0.113777021368	0.110146300567	0.081403310312	0.194175502166	0.155001752589	0.105789076764	0.115944317121	0.106265434523	0.0677831783601	0.22496191459
SAMEA3136682.snv.bam	0.24641995614	0.252428173397	0.205759493671	0.196064386923	0.203301665873	0.237244174265	0.20079414838	0.2216	0.218936610722	0.20668471644	0.203991507431	0.238034936521	0.238923963134	0.191985808417	0.235356037152	0.200878564192	0.188254963427	0.0	0.231224698302	0.219007092199	0.222695801725	0.188620146911	0.187666666667	0.230246553536	0.227166443818	0.216656340114	0.141046722681	0.245189171965	0.185721777622	0.207193540684	0.199571180154	0.211101435252	0.267392513542
SAMEA3136706.snv.bam	0.162588868674	0.162567692319	0.128186226275	0.114590697612	0.0861360660308	0.147205983207	0.250918877178	0.139877180572	0.144333545552	0.126576109636	0.162041656571	0.215142736208	0.216590547236	0.123512282415	0.143790802471	0.126292212294	0.114611741201	0.231224698302	0.0	0.105170706379	0.123394356455	0.126219164909	0.120430840766	0.191345703826	0.188317513764	0.151089674591	0.231212994253	0.159608570401	0.121524992287	0.183134758422	0.12728337429	0.099456791657	0.235223538499
SAMEA3136708.snv.bam	0.12483713355	0.117518411268	0.15	0.132935506176	0.1250375536	0.0960960960961	0.23197492163	0.112462006079	0.165295730513	0.117508264567	0.12380952381	0.200048063719	0.200678647255	0.132462455363	0.085626911315	0.12323037323	0.0866873065015	0.219007092199	0.105170706379	0.0	0.144785541844	0.147139054053	0.141975308642	0.164280041605	0.161138249129	0.117997805498	0.227573834058	0.165816744671	0.130780916486	0.161607568902	0.127224182724	0.0439389802744	0.234818734735
SAMEA3136711.snv.bam	0.186119170795	0.184225875035	0.168747811625	0.148197746041	0.113311586617	0.15079154785	0.251453245875	0.143506338706	0.159430621707	0.124155668273	0.175281223601	0.221841373188	0.223651849275	0.126597346557	0.14132594934	0.141321994263	0.118308314038	0.222695801725	0.123394356455	0.144785541844	0.0	0.129304229051	0.123601601134	0.176629793259	0.173238035487	0.13065121521	0.229381167591	0.191340747375	0.122127455101	0.16497968698	0.124848307903	0.131115155092	0.251570406909
SAMEA3136714.snv.bam	0.182097988285	0.174298152506	0.0938825259059	0.0530230477649	0.0734523274153	0.141181877364	0.225848166652	0.146025557112	0.0962347545385	0.0723938704168	0.174574899213	0.197061325068	0.197530206193	0.0215304723879	0.143719644596	0.120406498363	0.0930639308644	0.188620146911	0.126219164909	0.147139054053	0.129304229051	0.0	0.000184103917249	0.161472803118	0.157918484234	0.133088396821	0.207271326606	0.172147527078	0.0683775821648	0.146151897357	0.052017619588	0.111853677056	0.228877868994
SAMEA3136747.snv.bam	0.180351170569	0.17303148883	0.0868167202572	0.0448765422782	0.0659567689076	0.138888888889	0.230769230769	0.140625	0.0896403650027	0.0652168274717	0.169934640523	0.193217108978	0.192225065922	0.0126851778889	0.138364779874	0.117394179894	0.0859872611465	0.187666666667	0.120430840766	0.141975308642	0.123601601134	0.000184103917249	0.0	0.153477758546	0.149690673371	0.127448361823	0.205633308389	0.164537589229	0.0703073225254	0.144058417383	0.0534361570715	0.105448864235	0.230743797605
V1.CD32-0.snv.bam	0.184426768402	0.179294162869	0.183521230528	0.125639587805	0.166741774763	0.182298059623	0.237352071692	0.132978656237	0.185496312402	0.131605155989	0.19906429795	0.202195476918	0.199152109653	0.146517356688	0.167981568671	0.179499991188	0.113777021368	0.230246553536	0.191345703826	0.164280041605	0.176629793259	0.161472803118	0.153477758546	0.0	0.00289868240688	0.131762792851	0.241779775394	0.205696941473	0.179219631232	0.163607741941	0.177535444749	0.158628337279	0.250178753645
V1.CD32-4.snv.bam	0.180600619781	0.175934681297	0.179855041883	0.122124914559	0.16325139604	0.178990487525	0.234500821646	0.129373132814	0.182154931121	0.127592889211	0.195964090932	0.199248235722	0.196233511859	0.142928511719	0.164492729493	0.176077237633	0.110146300567	0.227166443818	0.188317513764	0.161138249129	0.173238035487	0.157918484234	0.149690673371	0.00289868240688	0.0	0.128284878096	0.238999585189	0.201988371106	0.175787635379	0.159654214439	0.174337555783	0.155472955864	0.247064734729
V1.CD42-0.snv.bam	0.161121899273	0.151031732282	0.0850510817308	0.127377242596	0.132007976793	0.148027835528	0.23602905715	0.0158551554828	0.120870243153	0.132974967534	0.156486568987	0.197912925443	0.197318949628	0.118011806935	0.135218183957	0.157144094644	0.081403310312	0.216656340114	0.151089674591	0.117997805498	0.13065121521	0.133088396821	0.127448361823	0.131762792851	0.128284878096	0.0	0.222169869803	0.176140472667	0.14999832665	0.164166740499	0.145632851095	0.119383915774	0.23927265954
V1.CD55-0.snv.bam	0.243882573923	0.247206938988	0.216139785645	0.206299753629	0.212968716007	0.230758459496	0.195513739344	0.220780996368	0.227450441938	0.22119027461	0.232409265109	0.244787736432	0.243702156577	0.210382321575	0.228870578382	0.223803149077	0.194175502166	0.141046722681	0.231212994253	0.227573834058	0.229381167591	0.207271326606	0.205633308389	0.241779775394	0.238999585189	0.222169869803	0.0	0.247218703066	0.195826646244	0.223480126653	0.208899093979	0.217316314095	0.233035665487
V1.FI30.snv.bam	0.210529680799	0.207659743626	0.172298180944	0.161001655651	0.174707608521	0.198060363121	0.288572423505	0.180620766825	0.178492225112	0.163090262228	0.208955287541	0.222073075478	0.220231170246	0.156757176131	0.185882606504	0.165928701679	0.155001752589	0.245189171965	0.159608570401	0.165816744671	0.191340747375	0.172147527078	0.164537589229	0.205696941473	0.201988371106	0.176140472667	0.247218703066	0.0	0.185744732502	0.204835098806	0.182986580542	0.155212167848	0.260826495696
V1.FI34.snv.bam	0.155528564555	0.149829459816	0.106816155179	0.093152910996	0.0636325071987	0.115252966175	0.217552571268	0.144673559593	0.133694627986	0.0659680348112	0.174708733909	0.160398013123	0.161593915613	0.0840438991689	0.117441313634	0.133670516261	0.105789076764	0.185721777622	0.121524992287	0.130780916486	0.122127455101	0.0683775821648	0.0703073225254	0.179219631232	0.175787635379	0.14999832665	0.195826646244	0.185744732502	0.0	0.106400850611	0.0509934302668	0.0959138522734	0.223909365726
V1.UC2-4.snv.bam	0.192872383752	0.182927165971	0.16481557658	0.140438474548	0.155269885387	0.155453722748	0.229975755283	0.153964049511	0.176298964463	0.133876476465	0.186394119389	0.0889732785881	0.0849509412473	0.137164318385	0.154929341358	0.164794382088	0.115944317121	0.207193540684	0.183134758422	0.161607568902	0.16497968698	0.146151897357	0.144058417383	0.163607741941	0.159654214439	0.164166740499	0.223480126653	0.204835098806	0.106400850611	0.0	0.137860379164	0.135034213739	0.233205247574
V1.UC47-4.snv.bam	0.167644074023	0.160932462109	0.113856737664	0.0880969678714	0.0896716626609	0.127511911109	0.22462600182	0.153245273645	0.124334388951	0.0460466966243	0.162774536566	0.189733591696	0.189165185305	0.0672435549354	0.12986597716	0.136395524977	0.106265434523	0.199571180154	0.12728337429	0.127224182724	0.124848307903	0.052017619588	0.0534361570715	0.177535444749	0.174337555783	0.145632851095	0.208899093979	0.182986580542	0.0509934302668	0.137860379164	0.0	0.0944123033829	0.226980154766
V1.UC5-3.snv.bam	0.12953990454	0.121993734785	0.129467619759	0.0963253000596	0.0944916916607	0.087417241144	0.227522477522	0.113317716766	0.155431592442	0.0904836851128	0.141235813367	0.18238831481	0.180857202906	0.0904207830481	0.0698686171872	0.093739335199	0.0677831783601	0.211101435252	0.099456791657	0.0439389802744	0.131115155092	0.111853677056	0.105448864235	0.158628337279	0.155472955864	0.119383915774	0.217316314095	0.155212167848	0.0959138522734	0.135034213739	0.0944123033829	0.0	0.233771786664
bugkiller-11-7-0.snv.bam	0.270011617586	0.260829771483	0.232021082607	0.215554791133	0.238924548677	0.263816388104	0.200126137713	0.241414018918	0.248031287024	0.229199356578	0.24777968411	0.271738833724	0.263717194324	0.225950138537	0.259215408651	0.25437598774	0.22496191459	0.267392513542	0.235223538499	0.234818734735	0.251570406909	0.228877868994	0.230743797605	0.250178753645	0.247064734729	0.23927265954	0.233035665487	0.260826495696	0.223909365726	0.233205247574	0.226980154766	0.233771786664	0.0
