	CCIS03857607ST-4-0.snv.bam	CCIS84543192ST-4-0.snv.bam	CCMD48236717ST-21-0.snv.bam	M1.4-V2.metaT.snv.bam	M1.4-V3.metaG.snv.bam	M1.4-V3.metaT.snv.bam	M4.1-V3.metaG.snv.bam	M4.1-V3.metaT.snv.bam	M4.2-V2.metaT.snv.bam	M4.2-V3.metaG.snv.bam	M4.2-V3.metaT.snv.bam	MH0189.snv.bam	MH0299.snv.bam	MH0323.snv.bam	MH0383.snv.bam	MH0427.snv.bam	N013A.snv.bam	O2.CD2-0.snv.bam	O2.UC16-1.snv.bam	SZEY-09A.snv.bam	SZEY-48A.snv.bam	T2D-163A.snv.bam	V1.CD6-0-PT.snv.bam	V1.FI36.snv.bam
CCIS03857607ST-4-0.snv.bam	0.0	0.135746606335	0.190045248869	0.174208144796	0.192307692308	0.18778280543	0.14479638009	0.14479638009	0.133484162896	0.14479638009	0.14479638009	0.147058823529	0.16742081448	0.174208144796	0.162895927602	0.160633484163	0.160633484163	0.165158371041	0.153846153846	0.178733031674	0.18778280543	0.192307692308	0.183257918552	0.162895927602
CCIS84543192ST-4-0.snv.bam	0.135746606335	0.0	0.178733031674	0.158371040724	0.171945701357	0.16742081448	0.158371040724	0.158371040724	0.14479638009	0.158371040724	0.158371040724	0.10407239819	0.113122171946	0.158371040724	0.156108597285	0.151583710407	0.160633484163	0.162895927602	0.156108597285	0.16742081448	0.171945701357	0.183257918552	0.16742081448	0.153846153846
CCMD48236717ST-21-0.snv.bam	0.190045248869	0.178733031674	0.0	0.149321266968	0.160633484163	0.158371040724	0.233031674208	0.235294117647	0.219457013575	0.235294117647	0.235294117647	0.196832579186	0.226244343891	0.128959276018	0.119909502262	0.0995475113122	0.115384615385	0.221719457014	0.217194570136	0.221719457014	0.119909502262	0.242081447964	0.147058823529	0.205882352941
M1.4-V2.metaT.snv.bam	0.174208144796	0.158371040724	0.149321266968	0.0	0.0	0.0	0.201357466063	0.203619909502	0.185520361991	0.203619909502	0.203619909502	0.185520361991	0.185520361991	0.12443438914	0.101809954751	0.131221719457	0.122171945701	0.18778280543	0.185520361991	0.196832579186	0.119909502262	0.199095022624	0.138009049774	0.185520361991
M1.4-V3.metaG.snv.bam	0.192307692308	0.171945701357	0.160633484163	0.0	0.0	0.0	0.221719457014	0.223981900452	0.203619909502	0.223981900452	0.223981900452	0.203619909502	0.205882352941	0.133484162896	0.117647058824	0.14479638009	0.133484162896	0.205882352941	0.210407239819	0.217194570136	0.138009049774	0.226244343891	0.156108597285	0.203619909502
M1.4-V3.metaT.snv.bam	0.18778280543	0.16742081448	0.158371040724	0.0	0.0	0.0	0.212669683258	0.214932126697	0.196832579186	0.214932126697	0.214932126697	0.199095022624	0.201357466063	0.128959276018	0.115384615385	0.142533936652	0.131221719457	0.196832579186	0.205882352941	0.212669683258	0.133484162896	0.219457013575	0.151583710407	0.194570135747
M4.1-V3.metaG.snv.bam	0.14479638009	0.158371040724	0.233031674208	0.201357466063	0.221719457014	0.212669683258	0.0	0.0	0.0	0.0	0.0	0.16742081448	0.180995475113	0.205882352941	0.196832579186	0.203619909502	0.199095022624	0.171945701357	0.180995475113	0.183257918552	0.210407239819	0.176470588235	0.219457013575	0.147058823529
M4.1-V3.metaT.snv.bam	0.14479638009	0.158371040724	0.235294117647	0.203619909502	0.223981900452	0.214932126697	0.0	0.0	0.0	0.0	0.0	0.16742081448	0.180995475113	0.20814479638	0.196832579186	0.205882352941	0.201357466063	0.171945701357	0.183257918552	0.183257918552	0.212669683258	0.180995475113	0.221719457014	0.147058823529
M4.2-V2.metaT.snv.bam	0.133484162896	0.14479638009	0.219457013575	0.185520361991	0.203619909502	0.196832579186	0.0	0.0	0.0	0.0	0.0	0.156108597285	0.169683257919	0.194570135747	0.176470588235	0.190045248869	0.180995475113	0.158371040724	0.165158371041	0.16742081448	0.199095022624	0.169683257919	0.20814479638	0.135746606335
M4.2-V3.metaG.snv.bam	0.14479638009	0.158371040724	0.235294117647	0.203619909502	0.223981900452	0.214932126697	0.0	0.0	0.0	0.0	0.0	0.16742081448	0.180995475113	0.20814479638	0.196832579186	0.205882352941	0.201357466063	0.171945701357	0.183257918552	0.183257918552	0.212669683258	0.180995475113	0.221719457014	0.147058823529
M4.2-V3.metaT.snv.bam	0.14479638009	0.158371040724	0.235294117647	0.203619909502	0.223981900452	0.214932126697	0.0	0.0	0.0	0.0	0.0	0.16742081448	0.180995475113	0.20814479638	0.196832579186	0.205882352941	0.201357466063	0.171945701357	0.183257918552	0.183257918552	0.212669683258	0.180995475113	0.221719457014	0.147058823529
MH0189.snv.bam	0.147058823529	0.10407239819	0.196832579186	0.185520361991	0.203619909502	0.199095022624	0.16742081448	0.16742081448	0.156108597285	0.16742081448	0.16742081448	0.0	0.0723981900452	0.169683257919	0.174208144796	0.16742081448	0.153846153846	0.158371040724	0.176470588235	0.185520361991	0.201357466063	0.20814479638	0.180995475113	0.158371040724
MH0299.snv.bam	0.16742081448	0.113122171946	0.226244343891	0.185520361991	0.205882352941	0.201357466063	0.180995475113	0.180995475113	0.169683257919	0.180995475113	0.180995475113	0.0723981900452	0.0	0.185520361991	0.199095022624	0.199095022624	0.190045248869	0.183257918552	0.201357466063	0.203619909502	0.221719457014	0.217194570136	0.20814479638	0.174208144796
MH0323.snv.bam	0.174208144796	0.158371040724	0.128959276018	0.12443438914	0.133484162896	0.128959276018	0.205882352941	0.20814479638	0.194570135747	0.20814479638	0.20814479638	0.169683257919	0.185520361991	0.0	0.10407239819	0.106334841629	0.101809954751	0.192307692308	0.20814479638	0.199095022624	0.133484162896	0.210407239819	0.0995475113122	0.190045248869
MH0383.snv.bam	0.162895927602	0.156108597285	0.119909502262	0.101809954751	0.117647058824	0.115384615385	0.196832579186	0.196832579186	0.176470588235	0.196832579186	0.196832579186	0.174208144796	0.199095022624	0.10407239819	0.0	0.108597285068	0.108597285068	0.185520361991	0.203619909502	0.192307692308	0.12443438914	0.22850678733	0.10407239819	0.180995475113
MH0427.snv.bam	0.160633484163	0.151583710407	0.0995475113122	0.131221719457	0.14479638009	0.142533936652	0.203619909502	0.205882352941	0.190045248869	0.205882352941	0.205882352941	0.16742081448	0.199095022624	0.106334841629	0.108597285068	0.0	0.0927601809955	0.194570135747	0.18778280543	0.199095022624	0.122171945701	0.212669683258	0.0995475113122	0.185520361991
N013A.snv.bam	0.160633484163	0.160633484163	0.115384615385	0.122171945701	0.133484162896	0.131221719457	0.199095022624	0.201357466063	0.180995475113	0.201357466063	0.201357466063	0.153846153846	0.190045248869	0.101809954751	0.108597285068	0.0927601809955	0.0	0.185520361991	0.185520361991	0.196832579186	0.12443438914	0.210407239819	0.115384615385	0.174208144796
O2.CD2-0.snv.bam	0.165158371041	0.162895927602	0.221719457014	0.18778280543	0.205882352941	0.196832579186	0.171945701357	0.171945701357	0.158371040724	0.171945701357	0.171945701357	0.158371040724	0.183257918552	0.192307692308	0.185520361991	0.194570135747	0.185520361991	0.0	0.194570135747	0.183257918552	0.205882352941	0.18778280543	0.20814479638	0.158371040724
O2.UC16-1.snv.bam	0.153846153846	0.156108597285	0.217194570136	0.185520361991	0.210407239819	0.205882352941	0.180995475113	0.183257918552	0.165158371041	0.183257918552	0.183257918552	0.176470588235	0.201357466063	0.20814479638	0.203619909502	0.18778280543	0.185520361991	0.194570135747	0.0	0.180995475113	0.201357466063	0.196832579186	0.205882352941	0.174208144796
SZEY-09A.snv.bam	0.178733031674	0.16742081448	0.221719457014	0.196832579186	0.217194570136	0.212669683258	0.183257918552	0.183257918552	0.16742081448	0.183257918552	0.183257918552	0.185520361991	0.203619909502	0.199095022624	0.192307692308	0.199095022624	0.196832579186	0.183257918552	0.180995475113	0.0	0.20814479638	0.190045248869	0.201357466063	0.171945701357
SZEY-48A.snv.bam	0.18778280543	0.171945701357	0.119909502262	0.119909502262	0.138009049774	0.133484162896	0.210407239819	0.212669683258	0.199095022624	0.212669683258	0.212669683258	0.201357466063	0.221719457014	0.133484162896	0.12443438914	0.122171945701	0.12443438914	0.205882352941	0.201357466063	0.20814479638	0.0	0.214932126697	0.117647058824	0.196832579186
T2D-163A.snv.bam	0.192307692308	0.183257918552	0.242081447964	0.199095022624	0.226244343891	0.219457013575	0.176470588235	0.180995475113	0.169683257919	0.180995475113	0.180995475113	0.20814479638	0.217194570136	0.210407239819	0.22850678733	0.212669683258	0.210407239819	0.18778280543	0.196832579186	0.190045248869	0.214932126697	0.0	0.214932126697	0.160633484163
V1.CD6-0-PT.snv.bam	0.183257918552	0.16742081448	0.147058823529	0.138009049774	0.156108597285	0.151583710407	0.219457013575	0.221719457014	0.20814479638	0.221719457014	0.221719457014	0.180995475113	0.20814479638	0.0995475113122	0.10407239819	0.0995475113122	0.115384615385	0.20814479638	0.205882352941	0.201357466063	0.117647058824	0.214932126697	0.0	0.196832579186
V1.FI36.snv.bam	0.162895927602	0.153846153846	0.205882352941	0.185520361991	0.203619909502	0.194570135747	0.147058823529	0.147058823529	0.135746606335	0.147058823529	0.147058823529	0.158371040724	0.174208144796	0.190045248869	0.180995475113	0.185520361991	0.174208144796	0.158371040724	0.174208144796	0.171945701357	0.196832579186	0.160633484163	0.196832579186	0.0
