	158499257-stool1.snv.bam	CCIS14449628ST-4-0.snv.bam	CCIS16383318ST-4-0.snv.bam	CCIS22958137ST-20-0.snv.bam	CCIS84543192ST-4-0.snv.bam	CCMD23101338ST-21-0.snv.bam	CCMD46222674ST-21-0.snv.bam	CCMD86114146ST-21-0.snv.bam	M4.1-V3.metaG.snv.bam	M4.1-V3.metaT.snv.bam	M4.2-V2.metaG.snv.bam	M4.2-V3.metaT.snv.bam	M4.4-V1.metaG.snv.bam	MH0189.snv.bam	MH0197.snv.bam	MH0200.snv.bam	MH0222.snv.bam	MH0243.snv.bam	MH0262.snv.bam	MH0264.snv.bam	MH0276.snv.bam	MH0283.snv.bam	MH0284.snv.bam	MH0303.snv.bam	MH0357.snv.bam	MH0374.snv.bam	MH0393.snv.bam	MH0402.snv.bam	MH0414.snv.bam	MH0428.snv.bam	MH0431.snv.bam	MH0437.snv.bam	MH0450.snv.bam	NG-5636_479.snv.bam	O2.CD2-0.snv.bam	O2.UC12-1.snv.bam	O2.UC44-1.snv.bam	O2.UC44-2.snv.bam	SZEY-101A.snv.bam	V1.FI09.snv.bam	V1.FI25.snv.bam	V1.FI31.snv.bam	V1.UC58-0.snv.bam
158499257-stool1.snv.bam	0.0	0.1026272578	0.100985221675	0.0960591133005	0.0911330049261	0.0968801313629	0.105911330049	0.112479474548	0.0862068965517	0.0952380952381	0.0911330049261	0.0952380952381	0.0870279146141	0.114121510673	0.125615763547	0.120689655172	0.118226600985	0.114121510673	0.105090311987	0.11986863711	0.126436781609	0.112479474548	0.131362889984	0.138752052545	0.0894909688013	0.108374384236	0.0952380952381	0.112479474548	0.100985221675	0.114121510673	0.111658456486	0.112479474548	0.12315270936	0.107553366174	0.109195402299	0.131362889984	0.119047619048	0.117405582923	0.128899835796	0.0952380952381	0.112479474548	0.107553366174	0.101806239737
CCIS14449628ST-4-0.snv.bam	0.1026272578	0.0	0.0845648604269	0.0779967159278	0.072249589491	0.0665024630542	0.0747126436782	0.0935960591133	0.0812807881773	0.0886699507389	0.0853858784893	0.0894909688013	0.0796387520525	0.0977011494253	0.105911330049	0.0944170771757	0.0993431855501	0.0878489326765	0.0862068965517	0.0968801313629	0.109195402299	0.0935960591133	0.105090311987	0.0993431855501	0.0730706075534	0.0911330049261	0.0862068965517	0.0878489326765	0.0845648604269	0.0837438423645	0.0935960591133	0.0993431855501	0.104269293924	0.0862068965517	0.0944170771757	0.0985221674877	0.105090311987	0.104269293924	0.106732348112	0.0788177339901	0.0919540229885	0.0886699507389	0.0821018062397
CCIS16383318ST-4-0.snv.bam	0.100985221675	0.0845648604269	0.0	0.0812807881773	0.076354679803	0.068144499179	0.0796387520525	0.0894909688013	0.0845648604269	0.0927750410509	0.0894909688013	0.0927750410509	0.0804597701149	0.0919540229885	0.100164203612	0.0919540229885	0.1026272578	0.0870279146141	0.0829228243021	0.0853858784893	0.0993431855501	0.0903119868637	0.101806239737	0.105090311987	0.068144499179	0.0886699507389	0.076354679803	0.0845648604269	0.100985221675	0.0894909688013	0.0903119868637	0.0927750410509	0.107553366174	0.0771756978654	0.0878489326765	0.108374384236	0.101806239737	0.100985221675	0.117405582923	0.0771756978654	0.0935960591133	0.0903119868637	0.0706075533662
CCIS22958137ST-20-0.snv.bam	0.0960591133005	0.0779967159278	0.0812807881773	0.0	0.076354679803	0.0689655172414	0.0845648604269	0.0968801313629	0.0804597701149	0.0862068965517	0.0845648604269	0.0870279146141	0.0779967159278	0.100164203612	0.0993431855501	0.0960591133005	0.0985221674877	0.0935960591133	0.076354679803	0.0919540229885	0.108374384236	0.0870279146141	0.105090311987	0.105090311987	0.072249589491	0.0944170771757	0.0829228243021	0.0993431855501	0.0903119868637	0.0927750410509	0.0952380952381	0.0911330049261	0.112479474548	0.0845648604269	0.0960591133005	0.110837438424	0.104269293924	0.103448275862	0.109195402299	0.0837438423645	0.0960591133005	0.0903119868637	0.0755336617406
CCIS84543192ST-4-0.snv.bam	0.0911330049261	0.072249589491	0.076354679803	0.076354679803	0.0	0.0615763546798	0.0730706075534	0.0689655172414	0.0796387520525	0.0853858784893	0.0845648604269	0.0862068965517	0.0779967159278	0.0821018062397	0.0878489326765	0.0821018062397	0.0886699507389	0.0812807881773	0.0771756978654	0.0821018062397	0.100985221675	0.0730706075534	0.0993431855501	0.0968801313629	0.0615763546798	0.0788177339901	0.0632183908046	0.0927750410509	0.0804597701149	0.0755336617406	0.0714285714286	0.0812807881773	0.0977011494253	0.0706075533662	0.0886699507389	0.0903119868637	0.0919540229885	0.0911330049261	0.0911330049261	0.0714285714286	0.0886699507389	0.0853858784893	0.0706075533662
CCMD23101338ST-21-0.snv.bam	0.0968801313629	0.0665024630542	0.068144499179	0.0689655172414	0.0615763546798	0.0	0.0656814449918	0.0755336617406	0.068144499179	0.0755336617406	0.072249589491	0.0771756978654	0.0656814449918	0.0804597701149	0.0944170771757	0.0862068965517	0.0935960591133	0.0788177339901	0.076354679803	0.0747126436782	0.0960591133005	0.0755336617406	0.0911330049261	0.0886699507389	0.0525451559934	0.0796387520525	0.0771756978654	0.0821018062397	0.0837438423645	0.0771756978654	0.076354679803	0.0788177339901	0.0968801313629	0.0714285714286	0.0821018062397	0.100985221675	0.0919540229885	0.0919540229885	0.100985221675	0.0689655172414	0.0911330049261	0.0779967159278	0.0714285714286
CCMD46222674ST-21-0.snv.bam	0.105911330049	0.0747126436782	0.0796387520525	0.0845648604269	0.0730706075534	0.0656814449918	0.0	0.0886699507389	0.0837438423645	0.0927750410509	0.0894909688013	0.0927750410509	0.0804597701149	0.0903119868637	0.105911330049	0.0960591133005	0.107553366174	0.0919540229885	0.0870279146141	0.0894909688013	0.110837438424	0.0894909688013	0.103448275862	0.0985221674877	0.0747126436782	0.0919540229885	0.0829228243021	0.0911330049261	0.0903119868637	0.0878489326765	0.0870279146141	0.0952380952381	0.108374384236	0.0870279146141	0.0960591133005	0.114942528736	0.105090311987	0.104269293924	0.113300492611	0.0779967159278	0.101806239737	0.0935960591133	0.0755336617406
CCMD86114146ST-21-0.snv.bam	0.112479474548	0.0935960591133	0.0894909688013	0.0968801313629	0.0689655172414	0.0755336617406	0.0886699507389	0.0	0.0911330049261	0.0968801313629	0.0944170771757	0.0968801313629	0.0862068965517	0.0927750410509	0.110016420361	0.105090311987	0.110016420361	0.0968801313629	0.0911330049261	0.0919540229885	0.119047619048	0.0993431855501	0.114121510673	0.11658456486	0.0779967159278	0.0952380952381	0.0812807881773	0.0993431855501	0.1026272578	0.101806239737	0.0886699507389	0.0977011494253	0.118226600985	0.0878489326765	0.1026272578	0.119047619048	0.0977011494253	0.0952380952381	0.122331691297	0.0862068965517	0.104269293924	0.103448275862	0.0853858784893
M4.1-V3.metaG.snv.bam	0.0862068965517	0.0812807881773	0.0845648604269	0.0804597701149	0.0796387520525	0.068144499179	0.0837438423645	0.0911330049261	0.0	0.0	0.0	0.0	0.0	0.0993431855501	0.105090311987	0.0952380952381	0.100985221675	0.0837438423645	0.0837438423645	0.0952380952381	0.105090311987	0.0903119868637	0.114121510673	0.110837438424	0.0648604269294	0.0935960591133	0.0812807881773	0.0779967159278	0.0862068965517	0.0919540229885	0.0911330049261	0.0903119868637	0.1026272578	0.0894909688013	0.0837438423645	0.105911330049	0.0993431855501	0.0985221674877	0.115763546798	0.0821018062397	0.0919540229885	0.0935960591133	0.0804597701149
M4.1-V3.metaT.snv.bam	0.0952380952381	0.0886699507389	0.0927750410509	0.0862068965517	0.0853858784893	0.0755336617406	0.0927750410509	0.0968801313629	0.0	0.0	0.0	0.0	0.0	0.108374384236	0.112479474548	0.104269293924	0.108374384236	0.0927750410509	0.0911330049261	0.103448275862	0.110837438424	0.100164203612	0.122331691297	0.119047619048	0.0730706075534	0.101806239737	0.0894909688013	0.0853858784893	0.0968801313629	0.100164203612	0.0985221674877	0.100164203612	0.110016420361	0.0952380952381	0.0927750410509	0.113300492611	0.108374384236	0.108374384236	0.120689655172	0.0894909688013	0.100164203612	0.101806239737	0.0886699507389
M4.2-V2.metaG.snv.bam	0.0911330049261	0.0853858784893	0.0894909688013	0.0845648604269	0.0845648604269	0.072249589491	0.0894909688013	0.0944170771757	0.0	0.0	0.0	0.0	0.0	0.104269293924	0.110016420361	0.100164203612	0.106732348112	0.0894909688013	0.0886699507389	0.100985221675	0.107553366174	0.0960591133005	0.11986863711	0.11658456486	0.0697865353038	0.0985221674877	0.0870279146141	0.0812807881773	0.0919540229885	0.0968801313629	0.0960591133005	0.0960591133005	0.107553366174	0.0935960591133	0.0894909688013	0.111658456486	0.105090311987	0.105090311987	0.119047619048	0.0870279146141	0.0977011494253	0.0985221674877	0.0845648604269
M4.2-V3.metaT.snv.bam	0.0952380952381	0.0894909688013	0.0927750410509	0.0870279146141	0.0862068965517	0.0771756978654	0.0927750410509	0.0968801313629	0.0	0.0	0.0	0.0	0.0	0.108374384236	0.113300492611	0.104269293924	0.110837438424	0.0935960591133	0.0919540229885	0.104269293924	0.111658456486	0.100985221675	0.12315270936	0.11986863711	0.0738916256158	0.1026272578	0.0903119868637	0.0853858784893	0.0977011494253	0.100985221675	0.0993431855501	0.100164203612	0.110016420361	0.0968801313629	0.0927750410509	0.113300492611	0.109195402299	0.109195402299	0.122331691297	0.0894909688013	0.100164203612	0.1026272578	0.0886699507389
M4.4-V1.metaG.snv.bam	0.0870279146141	0.0796387520525	0.0804597701149	0.0779967159278	0.0779967159278	0.0656814449918	0.0804597701149	0.0862068965517	0.0	0.0	0.0	0.0	0.0	0.0960591133005	0.1026272578	0.0911330049261	0.0977011494253	0.0821018062397	0.0804597701149	0.0919540229885	0.100985221675	0.0870279146141	0.110016420361	0.107553366174	0.0615763546798	0.0903119868637	0.0779967159278	0.0747126436782	0.0862068965517	0.0886699507389	0.0878489326765	0.0870279146141	0.100164203612	0.0862068965517	0.0821018062397	0.1026272578	0.0977011494253	0.0968801313629	0.111658456486	0.0779967159278	0.0903119868637	0.0903119868637	0.076354679803
MH0189.snv.bam	0.114121510673	0.0977011494253	0.0919540229885	0.100164203612	0.0821018062397	0.0804597701149	0.0903119868637	0.0927750410509	0.0993431855501	0.108374384236	0.104269293924	0.108374384236	0.0960591133005	0.0	0.114121510673	0.0968801313629	0.114121510673	0.0935960591133	0.101806239737	0.0903119868637	0.108374384236	0.0952380952381	0.119047619048	0.110016420361	0.0862068965517	0.0960591133005	0.0927750410509	0.101806239737	0.106732348112	0.0952380952381	0.0944170771757	0.0968801313629	0.111658456486	0.0878489326765	0.105911330049	0.125615763547	0.110837438424	0.110016420361	0.11986863711	0.0927750410509	0.110837438424	0.110837438424	0.0903119868637
MH0197.snv.bam	0.125615763547	0.105911330049	0.100164203612	0.0993431855501	0.0878489326765	0.0944170771757	0.105911330049	0.110016420361	0.105090311987	0.112479474548	0.110016420361	0.113300492611	0.1026272578	0.114121510673	0.0	0.107553366174	0.119047619048	0.11658456486	0.107553366174	0.11986863711	0.128899835796	0.110016420361	0.126436781609	0.126436781609	0.0919540229885	0.113300492611	0.103448275862	0.110837438424	0.115763546798	0.107553366174	0.107553366174	0.111658456486	0.125615763547	0.0607553366174	0.114121510673	0.128899835796	0.128078817734	0.127257799672	0.126436781609	0.0952380952381	0.122331691297	0.123973727422	0.0903119868637
MH0200.snv.bam	0.120689655172	0.0944170771757	0.0919540229885	0.0960591133005	0.0821018062397	0.0862068965517	0.0960591133005	0.105090311987	0.0952380952381	0.104269293924	0.100164203612	0.104269293924	0.0911330049261	0.0968801313629	0.107553366174	0.0	0.114942528736	0.100985221675	0.105090311987	0.101806239737	0.114942528736	0.0944170771757	0.120689655172	0.110016420361	0.0845648604269	0.1026272578	0.0944170771757	0.105911330049	0.105090311987	0.0968801313629	0.100985221675	0.1026272578	0.11658456486	0.0870279146141	0.0952380952381	0.113300492611	0.113300492611	0.113300492611	0.123973727422	0.0919540229885	0.103448275862	0.109195402299	0.0853858784893
MH0222.snv.bam	0.118226600985	0.0993431855501	0.1026272578	0.0985221674877	0.0886699507389	0.0935960591133	0.107553366174	0.110016420361	0.100985221675	0.108374384236	0.106732348112	0.110837438424	0.0977011494253	0.114121510673	0.119047619048	0.114942528736	0.0	0.114121510673	0.0935960591133	0.112479474548	0.132183908046	0.118226600985	0.126436781609	0.126436781609	0.0829228243021	0.109195402299	0.0944170771757	0.107553366174	0.107553366174	0.110016420361	0.110837438424	0.108374384236	0.123973727422	0.0968801313629	0.119047619048	0.133004926108	0.133004926108	0.132183908046	0.128078817734	0.105090311987	0.114121510673	0.105090311987	0.0960591133005
MH0243.snv.bam	0.114121510673	0.0878489326765	0.0870279146141	0.0935960591133	0.0812807881773	0.0788177339901	0.0919540229885	0.0968801313629	0.0837438423645	0.0927750410509	0.0894909688013	0.0935960591133	0.0821018062397	0.0935960591133	0.11658456486	0.100985221675	0.114121510673	0.0	0.0927750410509	0.0952380952381	0.111658456486	0.0927750410509	0.121510673235	0.110016420361	0.0862068965517	0.0977011494253	0.0845648604269	0.0993431855501	0.0985221674877	0.0993431855501	0.100985221675	0.101806239737	0.114121510673	0.0935960591133	0.0993431855501	0.111658456486	0.110837438424	0.110016420361	0.11658456486	0.0886699507389	0.0993431855501	0.108374384236	0.0862068965517
MH0262.snv.bam	0.105090311987	0.0862068965517	0.0829228243021	0.076354679803	0.0771756978654	0.076354679803	0.0870279146141	0.0911330049261	0.0837438423645	0.0911330049261	0.0886699507389	0.0919540229885	0.0804597701149	0.101806239737	0.107553366174	0.105090311987	0.0935960591133	0.0927750410509	0.0	0.0927750410509	0.112479474548	0.0977011494253	0.109195402299	0.101806239737	0.0689655172414	0.0853858784893	0.072249589491	0.0845648604269	0.0903119868637	0.0944170771757	0.0911330049261	0.0935960591133	0.105911330049	0.0878489326765	0.0952380952381	0.1026272578	0.101806239737	0.100985221675	0.106732348112	0.0894909688013	0.0935960591133	0.0886699507389	0.076354679803
MH0264.snv.bam	0.11986863711	0.0968801313629	0.0853858784893	0.0919540229885	0.0821018062397	0.0747126436782	0.0894909688013	0.0919540229885	0.0952380952381	0.103448275862	0.100985221675	0.104269293924	0.0919540229885	0.0903119868637	0.11986863711	0.101806239737	0.112479474548	0.0952380952381	0.0927750410509	0.0	0.107553366174	0.104269293924	0.114121510673	0.112479474548	0.0870279146141	0.0993431855501	0.0911330049261	0.0985221674877	0.103448275862	0.0985221674877	0.0977011494253	0.0903119868637	0.11986863711	0.0862068965517	0.0968801313629	0.114942528736	0.108374384236	0.107553366174	0.11986863711	0.0886699507389	0.111658456486	0.105911330049	0.0878489326765
MH0276.snv.bam	0.126436781609	0.109195402299	0.0993431855501	0.108374384236	0.100985221675	0.0960591133005	0.110837438424	0.119047619048	0.105090311987	0.110837438424	0.107553366174	0.111658456486	0.100985221675	0.108374384236	0.128899835796	0.114942528736	0.132183908046	0.111658456486	0.112479474548	0.107553366174	0.0	0.114942528736	0.134646962233	0.128078817734	0.0977011494253	0.117405582923	0.111658456486	0.118226600985	0.120689655172	0.120689655172	0.117405582923	0.111658456486	0.130541871921	0.105911330049	0.124794745484	0.135467980296	0.128899835796	0.128078817734	0.139573070608	0.0935960591133	0.123973727422	0.125615763547	0.100164203612
MH0283.snv.bam	0.112479474548	0.0935960591133	0.0903119868637	0.0870279146141	0.0730706075534	0.0755336617406	0.0894909688013	0.0993431855501	0.0903119868637	0.100164203612	0.0960591133005	0.100985221675	0.0870279146141	0.0952380952381	0.110016420361	0.0944170771757	0.118226600985	0.0927750410509	0.0977011494253	0.104269293924	0.114942528736	0.0	0.11986863711	0.107553366174	0.0738916256158	0.0935960591133	0.0878489326765	0.105090311987	0.104269293924	0.0968801313629	0.0952380952381	0.0960591133005	0.119047619048	0.0878489326765	0.0968801313629	0.11658456486	0.106732348112	0.105911330049	0.114121510673	0.0870279146141	0.104269293924	0.106732348112	0.0944170771757
MH0284.snv.bam	0.131362889984	0.105090311987	0.101806239737	0.105090311987	0.0993431855501	0.0911330049261	0.103448275862	0.114121510673	0.114121510673	0.122331691297	0.11986863711	0.12315270936	0.110016420361	0.119047619048	0.126436781609	0.120689655172	0.126436781609	0.121510673235	0.109195402299	0.114121510673	0.134646962233	0.11986863711	0.0	0.126436781609	0.100985221675	0.111658456486	0.106732348112	0.112479474548	0.0985221674877	0.107553366174	0.11986863711	0.115763546798	0.128899835796	0.109195402299	0.107553366174	0.122331691297	0.125615763547	0.125615763547	0.135467980296	0.0935960591133	0.132183908046	0.115763546798	0.106732348112
MH0303.snv.bam	0.138752052545	0.0993431855501	0.105090311987	0.105090311987	0.0968801313629	0.0886699507389	0.0985221674877	0.11658456486	0.110837438424	0.119047619048	0.11658456486	0.11986863711	0.107553366174	0.110016420361	0.126436781609	0.110016420361	0.126436781609	0.110016420361	0.101806239737	0.112479474548	0.128078817734	0.107553366174	0.126436781609	0.0	0.100985221675	0.11986863711	0.0960591133005	0.115763546798	0.110837438424	0.105911330049	0.109195402299	0.110837438424	0.130541871921	0.105090311987	0.114942528736	0.137931034483	0.125615763547	0.12315270936	0.135467980296	0.100164203612	0.113300492611	0.120689655172	0.0960591133005
MH0357.snv.bam	0.0894909688013	0.0730706075534	0.068144499179	0.072249589491	0.0615763546798	0.0525451559934	0.0747126436782	0.0779967159278	0.0648604269294	0.0730706075534	0.0697865353038	0.0738916256158	0.0615763546798	0.0862068965517	0.0919540229885	0.0845648604269	0.0829228243021	0.0862068965517	0.0689655172414	0.0870279146141	0.0977011494253	0.0738916256158	0.100985221675	0.100985221675	0.0	0.0714285714286	0.0689655172414	0.0812807881773	0.0829228243021	0.0771756978654	0.0788177339901	0.0771756978654	0.0977011494253	0.0706075533662	0.0738916256158	0.0944170771757	0.0985221674877	0.0977011494253	0.108374384236	0.055829228243	0.0862068965517	0.051724137931	0.0714285714286
MH0374.snv.bam	0.108374384236	0.0911330049261	0.0886699507389	0.0944170771757	0.0788177339901	0.0796387520525	0.0919540229885	0.0952380952381	0.0935960591133	0.101806239737	0.0985221674877	0.1026272578	0.0903119868637	0.0960591133005	0.113300492611	0.1026272578	0.109195402299	0.0977011494253	0.0853858784893	0.0993431855501	0.117405582923	0.0935960591133	0.111658456486	0.11986863711	0.0714285714286	0.0	0.0886699507389	0.100164203612	0.0968801313629	0.0977011494253	0.0960591133005	0.0993431855501	0.123973727422	0.0911330049261	0.0985221674877	0.115763546798	0.100985221675	0.100164203612	0.11658456486	0.0853858784893	0.104269293924	0.0837438423645	0.0804597701149
MH0393.snv.bam	0.0952380952381	0.0862068965517	0.076354679803	0.0829228243021	0.0632183908046	0.0771756978654	0.0829228243021	0.0812807881773	0.0812807881773	0.0894909688013	0.0870279146141	0.0903119868637	0.0779967159278	0.0927750410509	0.103448275862	0.0944170771757	0.0944170771757	0.0845648604269	0.072249589491	0.0911330049261	0.111658456486	0.0878489326765	0.106732348112	0.0960591133005	0.0689655172414	0.0886699507389	0.0	0.0894909688013	0.0927750410509	0.0944170771757	0.0837438423645	0.0935960591133	0.111658456486	0.0788177339901	0.0919540229885	0.110837438424	0.1026272578	0.100985221675	0.111658456486	0.0804597701149	0.0911330049261	0.0903119868637	0.0821018062397
MH0402.snv.bam	0.112479474548	0.0878489326765	0.0845648604269	0.0993431855501	0.0927750410509	0.0821018062397	0.0911330049261	0.0993431855501	0.0779967159278	0.0853858784893	0.0812807881773	0.0853858784893	0.0747126436782	0.101806239737	0.110837438424	0.105911330049	0.107553366174	0.0993431855501	0.0845648604269	0.0985221674877	0.118226600985	0.105090311987	0.112479474548	0.115763546798	0.0812807881773	0.100164203612	0.0894909688013	0.0	0.0977011494253	0.0952380952381	0.100985221675	0.105090311987	0.107553366174	0.0911330049261	0.100164203612	0.111658456486	0.11986863711	0.119047619048	0.112479474548	0.0952380952381	0.100985221675	0.100985221675	0.0837438423645
MH0414.snv.bam	0.100985221675	0.0845648604269	0.100985221675	0.0903119868637	0.0804597701149	0.0837438423645	0.0903119868637	0.1026272578	0.0862068965517	0.0968801313629	0.0919540229885	0.0977011494253	0.0862068965517	0.106732348112	0.115763546798	0.105090311987	0.107553366174	0.0985221674877	0.0903119868637	0.103448275862	0.120689655172	0.104269293924	0.0985221674877	0.110837438424	0.0829228243021	0.0968801313629	0.0927750410509	0.0977011494253	0.0	0.0903119868637	0.105911330049	0.0985221674877	0.126436781609	0.0935960591133	0.105090311987	0.112479474548	0.121510673235	0.120689655172	0.114942528736	0.0894909688013	0.108374384236	0.0985221674877	0.0911330049261
MH0428.snv.bam	0.114121510673	0.0837438423645	0.0894909688013	0.0927750410509	0.0755336617406	0.0771756978654	0.0878489326765	0.101806239737	0.0919540229885	0.100164203612	0.0968801313629	0.100985221675	0.0886699507389	0.0952380952381	0.107553366174	0.0968801313629	0.110016420361	0.0993431855501	0.0944170771757	0.0985221674877	0.120689655172	0.0968801313629	0.107553366174	0.105911330049	0.0771756978654	0.0977011494253	0.0944170771757	0.0952380952381	0.0903119868637	0.0	0.0927750410509	0.0952380952381	0.118226600985	0.0870279146141	0.103448275862	0.113300492611	0.117405582923	0.11658456486	0.120689655172	0.0829228243021	0.107553366174	0.0985221674877	0.0821018062397
MH0431.snv.bam	0.111658456486	0.0935960591133	0.0903119868637	0.0952380952381	0.0714285714286	0.076354679803	0.0870279146141	0.0886699507389	0.0911330049261	0.0985221674877	0.0960591133005	0.0993431855501	0.0878489326765	0.0944170771757	0.107553366174	0.100985221675	0.110837438424	0.100985221675	0.0911330049261	0.0977011494253	0.117405582923	0.0952380952381	0.11986863711	0.109195402299	0.0788177339901	0.0960591133005	0.0837438423645	0.100985221675	0.105911330049	0.0927750410509	0.0	0.0985221674877	0.111658456486	0.0878489326765	0.104269293924	0.118226600985	0.0911330049261	0.0903119868637	0.11986863711	0.0821018062397	0.103448275862	0.100985221675	0.0870279146141
MH0437.snv.bam	0.112479474548	0.0993431855501	0.0927750410509	0.0911330049261	0.0812807881773	0.0788177339901	0.0952380952381	0.0977011494253	0.0903119868637	0.100164203612	0.0960591133005	0.100164203612	0.0870279146141	0.0968801313629	0.111658456486	0.1026272578	0.108374384236	0.101806239737	0.0935960591133	0.0903119868637	0.111658456486	0.0960591133005	0.115763546798	0.110837438424	0.0771756978654	0.0993431855501	0.0935960591133	0.105090311987	0.0985221674877	0.0952380952381	0.0985221674877	0.0	0.118226600985	0.0870279146141	0.100164203612	0.114942528736	0.112479474548	0.111658456486	0.121510673235	0.0862068965517	0.103448275862	0.100985221675	0.0870279146141
MH0450.snv.bam	0.12315270936	0.104269293924	0.107553366174	0.112479474548	0.0977011494253	0.0968801313629	0.108374384236	0.118226600985	0.1026272578	0.110016420361	0.107553366174	0.110016420361	0.100164203612	0.111658456486	0.125615763547	0.11658456486	0.123973727422	0.114121510673	0.105911330049	0.11986863711	0.130541871921	0.119047619048	0.128899835796	0.130541871921	0.0977011494253	0.123973727422	0.111658456486	0.107553366174	0.126436781609	0.118226600985	0.111658456486	0.118226600985	0.0	0.107553366174	0.123973727422	0.13711001642	0.128899835796	0.128899835796	0.133004926108	0.0985221674877	0.124794745484	0.125615763547	0.106732348112
NG-5636_479.snv.bam	0.107553366174	0.0862068965517	0.0771756978654	0.0845648604269	0.0706075533662	0.0714285714286	0.0870279146141	0.0878489326765	0.0894909688013	0.0952380952381	0.0935960591133	0.0968801313629	0.0862068965517	0.0878489326765	0.0607553366174	0.0870279146141	0.0968801313629	0.0935960591133	0.0878489326765	0.0862068965517	0.105911330049	0.0878489326765	0.109195402299	0.105090311987	0.0706075533662	0.0911330049261	0.0788177339901	0.0911330049261	0.0935960591133	0.0870279146141	0.0878489326765	0.0870279146141	0.107553366174	0.0	0.0927750410509	0.107553366174	0.105090311987	0.105090311987	0.108374384236	0.0812807881773	0.100985221675	0.0977011494253	0.0730706075534
O2.CD2-0.snv.bam	0.109195402299	0.0944170771757	0.0878489326765	0.0960591133005	0.0886699507389	0.0821018062397	0.0960591133005	0.1026272578	0.0837438423645	0.0927750410509	0.0894909688013	0.0927750410509	0.0821018062397	0.105911330049	0.114121510673	0.0952380952381	0.119047619048	0.0993431855501	0.0952380952381	0.0968801313629	0.124794745484	0.0968801313629	0.107553366174	0.114942528736	0.0738916256158	0.0985221674877	0.0919540229885	0.100164203612	0.105090311987	0.103448275862	0.104269293924	0.100164203612	0.123973727422	0.0927750410509	0.0	0.111658456486	0.113300492611	0.112479474548	0.11658456486	0.0837438423645	0.101806239737	0.101806239737	0.0853858784893
O2.UC12-1.snv.bam	0.131362889984	0.0985221674877	0.108374384236	0.110837438424	0.0903119868637	0.100985221675	0.114942528736	0.119047619048	0.105911330049	0.113300492611	0.111658456486	0.113300492611	0.1026272578	0.125615763547	0.128899835796	0.113300492611	0.133004926108	0.111658456486	0.1026272578	0.114942528736	0.135467980296	0.11658456486	0.122331691297	0.137931034483	0.0944170771757	0.115763546798	0.110837438424	0.111658456486	0.112479474548	0.113300492611	0.118226600985	0.114942528736	0.13711001642	0.107553366174	0.111658456486	0.0	0.142036124795	0.141215106732	0.133825944171	0.1026272578	0.119047619048	0.127257799672	0.111658456486
O2.UC44-1.snv.bam	0.119047619048	0.105090311987	0.101806239737	0.104269293924	0.0919540229885	0.0919540229885	0.105090311987	0.0977011494253	0.0993431855501	0.108374384236	0.105090311987	0.109195402299	0.0977011494253	0.110837438424	0.128078817734	0.113300492611	0.133004926108	0.110837438424	0.101806239737	0.108374384236	0.128899835796	0.106732348112	0.125615763547	0.125615763547	0.0985221674877	0.100985221675	0.1026272578	0.11986863711	0.121510673235	0.117405582923	0.0911330049261	0.112479474548	0.128899835796	0.105090311987	0.113300492611	0.142036124795	0.0	0.0	0.136288998358	0.105090311987	0.114121510673	0.123973727422	0.100985221675
O2.UC44-2.snv.bam	0.117405582923	0.104269293924	0.100985221675	0.103448275862	0.0911330049261	0.0919540229885	0.104269293924	0.0952380952381	0.0985221674877	0.108374384236	0.105090311987	0.109195402299	0.0968801313629	0.110016420361	0.127257799672	0.113300492611	0.132183908046	0.110016420361	0.100985221675	0.107553366174	0.128078817734	0.105911330049	0.125615763547	0.12315270936	0.0977011494253	0.100164203612	0.100985221675	0.119047619048	0.120689655172	0.11658456486	0.0903119868637	0.111658456486	0.128899835796	0.105090311987	0.112479474548	0.141215106732	0.0	0.0	0.133825944171	0.104269293924	0.112479474548	0.122331691297	0.100164203612
SZEY-101A.snv.bam	0.128899835796	0.106732348112	0.117405582923	0.109195402299	0.0911330049261	0.100985221675	0.113300492611	0.122331691297	0.115763546798	0.120689655172	0.119047619048	0.122331691297	0.111658456486	0.11986863711	0.126436781609	0.123973727422	0.128078817734	0.11658456486	0.106732348112	0.11986863711	0.139573070608	0.114121510673	0.135467980296	0.135467980296	0.108374384236	0.11658456486	0.111658456486	0.112479474548	0.114942528736	0.120689655172	0.11986863711	0.121510673235	0.133004926108	0.108374384236	0.11658456486	0.133825944171	0.136288998358	0.133825944171	0.0	0.108374384236	0.129720853859	0.128899835796	0.103448275862
V1.FI09.snv.bam	0.0952380952381	0.0788177339901	0.0771756978654	0.0837438423645	0.0714285714286	0.0689655172414	0.0779967159278	0.0862068965517	0.0821018062397	0.0894909688013	0.0870279146141	0.0894909688013	0.0779967159278	0.0927750410509	0.0952380952381	0.0919540229885	0.105090311987	0.0886699507389	0.0894909688013	0.0886699507389	0.0935960591133	0.0870279146141	0.0935960591133	0.100164203612	0.055829228243	0.0853858784893	0.0804597701149	0.0952380952381	0.0894909688013	0.0829228243021	0.0821018062397	0.0862068965517	0.0985221674877	0.0812807881773	0.0837438423645	0.1026272578	0.105090311987	0.104269293924	0.108374384236	0.0	0.0985221674877	0.0886699507389	0.076354679803
V1.FI25.snv.bam	0.112479474548	0.0919540229885	0.0935960591133	0.0960591133005	0.0886699507389	0.0911330049261	0.101806239737	0.104269293924	0.0919540229885	0.100164203612	0.0977011494253	0.100164203612	0.0903119868637	0.110837438424	0.122331691297	0.103448275862	0.114121510673	0.0993431855501	0.0935960591133	0.111658456486	0.123973727422	0.104269293924	0.132183908046	0.113300492611	0.0862068965517	0.104269293924	0.0911330049261	0.100985221675	0.108374384236	0.107553366174	0.103448275862	0.103448275862	0.124794745484	0.100985221675	0.101806239737	0.119047619048	0.114121510673	0.112479474548	0.129720853859	0.0985221674877	0.0	0.110837438424	0.0977011494253
V1.FI31.snv.bam	0.107553366174	0.0886699507389	0.0903119868637	0.0903119868637	0.0853858784893	0.0779967159278	0.0935960591133	0.103448275862	0.0935960591133	0.101806239737	0.0985221674877	0.1026272578	0.0903119868637	0.110837438424	0.123973727422	0.109195402299	0.105090311987	0.108374384236	0.0886699507389	0.105911330049	0.125615763547	0.106732348112	0.115763546798	0.120689655172	0.051724137931	0.0837438423645	0.0903119868637	0.100985221675	0.0985221674877	0.0985221674877	0.100985221675	0.100985221675	0.125615763547	0.0977011494253	0.101806239737	0.127257799672	0.123973727422	0.122331691297	0.128899835796	0.0886699507389	0.110837438424	0.0	0.0919540229885
V1.UC58-0.snv.bam	0.101806239737	0.0821018062397	0.0706075533662	0.0755336617406	0.0706075533662	0.0714285714286	0.0755336617406	0.0853858784893	0.0804597701149	0.0886699507389	0.0845648604269	0.0886699507389	0.076354679803	0.0903119868637	0.0903119868637	0.0853858784893	0.0960591133005	0.0862068965517	0.076354679803	0.0878489326765	0.100164203612	0.0944170771757	0.106732348112	0.0960591133005	0.0714285714286	0.0804597701149	0.0821018062397	0.0837438423645	0.0911330049261	0.0821018062397	0.0870279146141	0.0870279146141	0.106732348112	0.0730706075534	0.0853858784893	0.111658456486	0.100985221675	0.100164203612	0.103448275862	0.076354679803	0.0977011494253	0.0919540229885	0.0
