	158337416-stool2.snv.bam	158499257-stool1.snv.bam	159207311-stool2.snv.bam	159510762-stool2.snv.bam	508703490-stool1.snv.bam	508703490-stool3.snv.bam	706846339-stool1.snv.bam	706846339-stool2.snv.bam	763496533-stool2.snv.bam	763577454-stool2.snv.bam	763840445-stool1.snv.bam	763840445-stool2.snv.bam	763860675-stool1.snv.bam	763901136-stool1.snv.bam	763901136-stool2.snv.bam	763921366-stool3.snv.bam	764002286-stool2.snv.bam	764062976-stool1.snv.bam	764083206-stool1.snv.bam	764366428-stool2.snv.bam	764366428-stool3.snv.bam	764467579-stool3.snv.bam	764487809-stool1.snv.bam	764487809-stool2.snv.bam	764588959-stool2.snv.bam	765034022-stool1.snv.bam	765074482-stool2.snv.bam	BYQ_AAAP.snv.bam	CCIS07539127ST-4-0.snv.bam	CCIS16561622ST-4-0.snv.bam	CCIS41548810ST-4-0.snv.bam	CCIS41692898ST-4-0.snv.bam	CCIS47745468ST-4-0.snv.bam	CCIS62605362ST-3-0.snv.bam	CCIS70398272ST-4-0.snv.bam	CCIS71301801ST-4-0.snv.bam	CCIS88007743ST-4-0.snv.bam	CCMD46947453ST-21-0.snv.bam	CCMD50071957ST-21-0.snv.bam	M2.5-V2.metaG.snv.bam	MH0193.snv.bam	MH0217.snv.bam	MH0234.snv.bam	MH0250.snv.bam	MH0253.snv.bam	MH0268.snv.bam	MH0276.snv.bam	MH0280.snv.bam	MH0290.snv.bam	MH0303.snv.bam	MH0339.snv.bam	MH0343.snv.bam	MH0361.snv.bam	MH0378.snv.bam	MH0379.snv.bam	MH0391.snv.bam	MH0396.snv.bam	MH0397.snv.bam	MH0403.snv.bam	MH0419.snv.bam	MH0431.snv.bam	MH0437.snv.bam	MH0440.snv.bam	MH0445.snv.bam	MH0450.snv.bam	MH0457.snv.bam	MMRS11288076ST-27-0-0.snv.bam	MMRS21365932ST-27-0-0.snv.bam	MMRS25211151ST-27-0-0.snv.bam	MMRS25641480ST-27-0-0.snv.bam	MMRS61683006ST-27-0-0.snv.bam	MMRS65862658ST-27-0-0.snv.bam	MMRS73787048ST-27-0-0.snv.bam	MMRS81671217ST-27-0-0.snv.bam	O2.UC4-1.snv.bam	O2.UC48-0.snv.bam	O2.UC7-0.snv.bam	O2.UC7-1.snv.bam	O2.UC8-2.snv.bam	SAMEA3136688.snv.bam	SAMEA3136697.snv.bam	SAMEA3136705.snv.bam	SAMEA3178937.snv.bam	SAMEA3178941.snv.bam	SZEY-66A.snv.bam	T2D-133A.snv.bam	T2D-53A.snv.bam	T2D-56A.snv.bam	V1.CD55-0.snv.bam	V1.FI01.snv.bam	V1.FI28.snv.bam	V1.UC15-3.snv.bam	V1.UC22-1.snv.bam	V1.UC40-1.snv.bam	V1.UC49-1.snv.bam	V1.UC5-3.snv.bam	V1.UC52-1.snv.bam	V1.UC55-0.snv.bam	halbarad-11-7-0.snv.bam	tigress-11-0-0.snv.bam	tigress-11-60-0.snv.bam	tigress-11-7-0.snv.bam
158337416-stool2.snv.bam	0.0	0.152957558842	0.159124745419	0.190514480894	0.234665734031	0.235464713747	0.227097261959	0.143314535069	0.215130789454	0.145628104589	0.161802139497	0.161773266503	0.223625217227	0.145809447126	0.145989214878	0.175183886712	0.109390318345	0.0829019793141	0.19833710061	0.252399576815	0.250272132323	0.230579451884	0.0863583929117	0.0902824264684	0.148412632516	0.0635654624392	0.271664903817	0.140273102061	0.17263061759	0.165347734457	0.200653956268	0.192477545286	0.226625135428	0.188514787681	0.0858141195674	0.156201368455	0.222860280152	0.209881304593	0.137672716024	0.244257551439	0.129735289963	0.118316808889	0.0287718106266	0.0956004313147	0.0954142572025	0.243740702773	0.129185866796	0.220129071379	0.0309794993677	0.0428363758282	0.169102092578	0.0342693662547	0.119965878051	0.239471694036	0.131637250133	0.226828253635	0.159646341638	0.0891826159374	0.176075729417	0.217250502056	0.210999256073	0.16992351784	0.159679034293	0.234004738801	0.159821643512	0.113740740741	0.211608664761	0.172800157132	0.246772140389	0.212938147845	0.229660865206	0.187911846289	0.216326675166	0.186403568433	0.177549752482	0.0201180355592	0.121072191326	0.119922972423	0.177254621888	0.0782717948718	0.0985212768369	0.110131717597	0.134664077358	0.180614909782	0.253482292366	0.270511651954	0.273655567711	0.276911661103	0.174535222672	0.101649431577	0.103938245061	0.161450074995	0.0784522627552	0.129491313631	0.116872509225	0.161079287143	0.149673872551	0.0229901378173	0.162560274189	0.180295883391	0.175736056396	0.177303633042
158499257-stool1.snv.bam	0.152957558842	0.0	0.211948345197	0.213866597654	0.139560285764	0.131751033747	0.211660273584	0.1007164903	0.151306517629	0.178247404672	0.108611077586	0.108673537853	0.240651069692	0.135402528886	0.135556049964	0.143239567332	0.103771058087	0.162111826517	0.193812483557	0.231210237131	0.229032265258	0.20595553704	0.123016486668	0.125143178893	0.159284025058	0.159944390012	0.235451842174	0.140135318833	0.142951803363	0.164931645735	0.166023456189	0.206385727368	0.219052621048	0.157029493495	0.15468116768	0.201099228153	0.178869047619	0.193803629612	0.0837637608807	0.255572220452	0.105357142857	0.125509640822	0.163477623754	0.149802760473	0.108302698097	0.217527390651	0.12514578223	0.242548500882	0.159114549644	0.160464774951	0.133770056936	0.16305464717	0.0940950306831	0.230910462777	0.117547123016	0.195655154025	0.127998952106	0.185237001163	0.0780402929971	0.228271758357	0.184171940848	0.19641278262	0.0901385078146	0.205556346675	0.16749871001	0.106107658681	0.143369959861	0.123003125831	0.207119265389	0.22176031746	0.241344871282	0.121786029227	0.194003099855	0.119922006923	0.175751148639	0.151322928635	0.127063675824	0.125976290848	0.201730569612	0.149826521518	0.109468401722	0.178839612768	0.0972046210957	0.186727351108	0.237576160181	0.245998034165	0.228167746103	0.245162547015	0.0888561365535	0.130766557075	0.162689740295	0.131557595105	0.149833702604	0.174410155838	0.123218674934	0.132026984127	0.188744638298	0.153280708181	0.0955260810484	0.18512146346	0.186581402831	0.187923595364
159207311-stool2.snv.bam	0.159124745419	0.211948345197	0.0	0.239342436307	0.184665294062	0.191987337875	0.27692054913	0.162910742256	0.166763668823	0.213800578328	0.191618465002	0.191802511219	0.284040645975	0.202530179445	0.202747824438	0.189825584809	0.175884556985	0.160208361647	0.227352971312	0.276496130139	0.274443491564	0.249636493287	0.16438109598	0.16648582461	0.158024989338	0.150890490865	0.317397816646	0.20744521388	0.195170707323	0.23680854602	0.212073081767	0.223587427388	0.277551442943	0.229107556752	0.166181190571	0.182760976877	0.262887261448	0.224443686896	0.141350003965	0.306202276723	0.18098773179	0.17774490481	0.169642873802	0.175737583145	0.151366556807	0.263619249103	0.196314568275	0.272202893123	0.17086522299	0.185529315639	0.218579209194	0.179188508093	0.210960815935	0.265922209065	0.197246840051	0.282361068943	0.215686908549	0.233349359183	0.231949732531	0.277391514637	0.265954129071	0.223780732748	0.160848341695	0.255887408912	0.240904518835	0.226539789751	0.241474975766	0.243066653856	0.262544717168	0.216750278868	0.288664440178	0.21265320621	0.203367813454	0.211212137452	0.24139091323	0.162871512687	0.218472162037	0.215810450839	0.17573664126	0.21208582344	0.139726531496	0.201515954869	0.170550281165	0.232101855154	0.272137230511	0.290908224738	0.287923400248	0.293643814167	0.234123455096	0.169407153694	0.134755767256	0.169299565338	0.129782403454	0.206848044648	0.213002420465	0.196883062148	0.219074824607	0.167643107274	0.20540056843	0.253229397256	0.246404119006	0.249104294985
159510762-stool2.snv.bam	0.190514480894	0.213866597654	0.239342436307	0.0	0.257304133658	0.24205841757	0.270924574807	0.236862176433	0.237330717144	0.202789705814	0.257732181403	0.257816693505	0.0775651316765	0.222990861042	0.223787304849	0.224569502883	0.202278456581	0.207634724437	0.171826965305	0.245693297076	0.243542358637	0.234782047613	0.200855732779	0.207137960942	0.205482621243	0.191748804309	0.251663760404	0.173124809096	0.193991545894	0.127570572543	0.153528975601	0.157627130662	0.127939375383	0.224239226541	0.206112203207	0.232247770346	0.202012938517	0.222389548957	0.216392979585	0.157934244702	0.208270778285	0.224836144045	0.182582931997	0.203049150292	0.200004309572	0.258376689143	0.218237710838	0.08324438569	0.186221686966	0.201704103917	0.17852930338	0.198095430589	0.198187421301	0.239244103438	0.21958523682	0.267609019321	0.215643756405	0.19917040351	0.1831109082	0.127170044552	0.244957660775	0.134577422827	0.236200362032	0.213213419641	0.155910977091	0.210732621314	0.186453128589	0.13058153186	0.233517237593	0.19622705314	0.113366326613	0.25969538379	0.117088702878	0.258564921883	0.205538533719	0.187081827719	0.209170775411	0.209277291818	0.200504482091	0.193845423545	0.192814330866	0.143949771689	0.216626733676	0.128196782528	0.257149958577	0.250681040408	0.232312440646	0.266928013572	0.239777962013	0.158020952958	0.191880021528	0.168941280058	0.200695840216	0.205749470143	0.206794980245	0.161039613527	0.196541532139	0.193356829644	0.239793973049	0.211109831575	0.209124379859	0.207897208803
508703490-stool1.snv.bam	0.234665734031	0.139560285764	0.184665294062	0.257304133658	0.0	0.00135102625361	0.316771365223	0.176169219405	0.0254591182133	0.233870269235	0.165282152506	0.165174091247	0.267471479945	0.173414473454	0.173377867648	0.139772618426	0.148945718513	0.227546376985	0.220180965026	0.279131805049	0.276947296713	0.248826005298	0.171265192949	0.174597704504	0.21966929525	0.238316149995	0.303984550283	0.231906656666	0.187186482503	0.230596823848	0.220171628664	0.250304707001	0.268648657415	0.181846124632	0.220387713045	0.289252286033	0.22694770481	0.237403364278	0.186675044026	0.269156059152	0.178668261353	0.167061193606	0.229334593251	0.204471835255	0.172957790451	0.279593360977	0.162318722341	0.264263380916	0.224652714465	0.216339452429	0.221298910438	0.219873700302	0.147147443119	0.278163915371	0.181314069931	0.296596838188	0.173640351941	0.251341003176	0.187746211552	0.238514914972	0.26521276754	0.20346059204	0.186923028505	0.24868962581	0.231026734556	0.162503754985	0.165504707383	0.169011584369	0.260855725842	0.264300163188	0.272265037381	0.200331714592	0.18194984633	0.198858053304	0.278819828402	0.218792093359	0.227538006201	0.228533876864	0.217232323677	0.18344159704	0.195997469143	0.275414751019	0.202515166522	0.230842043884	0.292101519059	0.296862217466	0.290833292365	0.309796135314	0.164360060319	0.210697833198	0.238820664389	0.18416355776	0.208970903862	0.248008632165	0.224879546112	0.167247515548	0.295492360197	0.221174544135	0.163294396433	0.235391069599	0.237684815022	0.238067563649
508703490-stool3.snv.bam	0.235464713747	0.131751033747	0.191987337875	0.24205841757	0.00135102625361	0.0	0.314849489836	0.169444444444	0.0244882589482	0.235234224549	0.158259324034	0.15845410628	0.252604078881	0.175312650313	0.175214160169	0.13518258427	0.147582596801	0.230953198266	0.203488372093	0.267524312173	0.265429804	0.243519756714	0.172731884697	0.176542207792	0.219675925926	0.238393603055	0.304455967589	0.233849691562	0.169491525424	0.219653179191	0.206208158013	0.236994219653	0.250496031746	0.169555555556	0.220670391061	0.289132947977	0.214076246334	0.238241651759	0.183098591549	0.251253979696	0.174721414729	0.169035905955	0.229884091113	0.204637999311	0.175103249178	0.27375100283	0.161443533113	0.244791666667	0.225136861009	0.217126389461	0.22526285443	0.220703494471	0.145733443404	0.27738446411	0.180120291231	0.297678621073	0.170134680135	0.249641283492	0.189925562818	0.222098408341	0.261479005721	0.192048611111	0.183720072662	0.237911522634	0.234546336078	0.16045512222	0.155775500904	0.144117647059	0.248407643312	0.260504201681	0.253687315634	0.194444444444	0.181556195965	0.192355307954	0.281736760533	0.219616104869	0.22870190842	0.2310373076	0.217142857143	0.182584269663	0.197771587744	0.280346820809	0.197183098592	0.214076246334	0.280944985681	0.287881863917	0.28243771722	0.302463256161	0.162309368192	0.213831009267	0.242824270316	0.173731884058	0.209230333379	0.251925288809	0.225168239644	0.149229691877	0.296005575991	0.221985204338	0.161826909656	0.239632952993	0.241477272727	0.241666666667
706846339-stool1.snv.bam	0.227097261959	0.211660273584	0.27692054913	0.270924574807	0.316771365223	0.314849489836	0.0	0.215474838996	0.297452857887	0.198548826198	0.17355005984	0.173354189425	0.287851127912	0.221287742781	0.221233994849	0.267696812713	0.207272932662	0.229020892032	0.298852979927	0.258460801527	0.256165751021	0.2788457634	0.241547475977	0.242179361414	0.210275196925	0.208406936672	0.268174810231	0.252414599635	0.298591699076	0.229954296729	0.30887035627	0.308215898358	0.260564925271	0.308197845983	0.2222030283	0.144925659176	0.2606635446	0.248974122426	0.207682608167	0.27435431678	0.222588045053	0.222458550352	0.236553678043	0.224423066961	0.226919810369	0.247673720872	0.202880979776	0.290672079807	0.238624866142	0.233109834184	0.226494383896	0.228534372042	0.239228172146	0.271031487858	0.236570403153	0.194777342755	0.230061044225	0.265682043303	0.233177320361	0.275524850957	0.217833341302	0.238702459593	0.201838772069	0.249197033162	0.195523039208	0.250241783068	0.268431756304	0.251772076466	0.263854738037	0.259448670633	0.314849489836	0.251687927583	0.252371916509	0.253257959636	0.190304932628	0.229908506803	0.218002417356	0.217285107372	0.262548351801	0.24323242394	0.219394039536	0.215419413008	0.230409880895	0.247984908249	0.263076331035	0.268105718167	0.263741380071	0.267417053053	0.234749587848	0.218866999602	0.213409753578	0.307703184824	0.211729375204	0.192579940244	0.214589575462	0.264673302476	0.182480423835	0.226291592969	0.232888837848	0.267490243343	0.260297937357	0.262861111941
706846339-stool2.snv.bam	0.143314535069	0.1007164903	0.162910742256	0.236862176433	0.176169219405	0.169444444444	0.215474838996	0.0	0.193820932777	0.176823012736	0.0869058743342	0.0868220276813	0.259985237338	0.113499625243	0.113623531953	0.104428571429	0.0924568377816	0.113480555315	0.183659491194	0.20823819417	0.2060054555	0.185479001091	0.126897308548	0.126484105707	0.0843530922271	0.118671561863	0.252450695539	0.165215396503	0.109721161192	0.141786687427	0.183308887767	0.239782016349	0.238662131519	0.163357142857	0.105635130041	0.182767613858	0.17728531856	0.164815093582	0.0880952380952	0.261277893289	0.0907941943901	0.106066849817	0.140347805789	0.0980010357026	0.0858142126593	0.209828970366	0.105997510331	0.285764955624	0.136108775155	0.137079451346	0.186620780388	0.121339228886	0.0826394558795	0.196282255919	0.0950348692936	0.225220182117	0.121555828249	0.180603285986	0.15354285037	0.237257611915	0.185189916102	0.18960056391	0.0901653707869	0.180858272163	0.18811189653	0.0785502148897	0.162771001061	0.168381480016	0.19335347432	0.158824640967	0.244543650794	0.139201349831	0.217131083203	0.13744398375	0.163154968155	0.128318135765	0.144215137699	0.142995107242	0.124324324324	0.100890488822	0.11345646438	0.201732191514	0.106666666667	0.20728097869	0.219398246849	0.235040297575	0.214936367571	0.235332915242	0.105857260304	0.149579595438	0.118972703498	0.166130787495	0.0956853633302	0.165237552297	0.140515746552	0.167828798186	0.156890036999	0.131011977441	0.079293618032	0.14156800498	0.134144006128	0.139201349831
763496533-stool2.snv.bam	0.215130789454	0.151306517629	0.166763668823	0.237330717144	0.0254591182133	0.0244882589482	0.297452857887	0.193820932777	0.0	0.233228527774	0.14988980898	0.149843559219	0.251214421187	0.174212564954	0.17441481676	0.152771217687	0.127883521973	0.216528865103	0.234468009051	0.265985569936	0.263959283954	0.235349318131	0.164530665568	0.168153719923	0.213129005656	0.213136901023	0.301179006862	0.246606112453	0.194748232262	0.224532953761	0.233991771156	0.23861989013	0.249666275931	0.194930763498	0.206408472789	0.278932953761	0.213623644815	0.237009086269	0.207761932636	0.26146776675	0.177272127825	0.161083484002	0.206229230823	0.180636212974	0.154725189727	0.268009965615	0.150532714034	0.25576801388	0.204287749081	0.201643903154	0.246912100623	0.202979408599	0.161596249754	0.275859670991	0.165843943612	0.301593483104	0.174097204124	0.237184552738	0.213076198986	0.2250915104	0.262779983751	0.175915611983	0.209306856296	0.249031610602	0.211267973319	0.181642318531	0.18346882976	0.170333916133	0.240581424587	0.256841737257	0.25865850481	0.221391576419	0.159551330243	0.219246649632	0.290689852531	0.197223399674	0.240600867147	0.244070420915	0.211387725637	0.182555186527	0.183664458056	0.261675810904	0.2136495358	0.198543898341	0.280206838283	0.286656244149	0.286167043474	0.299784916708	0.176752717391	0.204075461746	0.221545328116	0.189667086746	0.186432815473	0.241119306407	0.237105346981	0.137797415927	0.287949259678	0.20120568356	0.178188414278	0.244552884104	0.246404121207	0.24648315151
763577454-stool2.snv.bam	0.145628104589	0.178247404672	0.213800578328	0.202789705814	0.233870269235	0.235234224549	0.198548826198	0.176823012736	0.233228527774	0.0	0.155382382737	0.155278499278	0.250636645659	0.072357968202	0.0733243502606	0.231430665285	0.110124239287	0.168585184865	0.18156963148	0.238909591013	0.23666672455	0.232645992045	0.11384222326	0.118299107992	0.155859087772	0.167903004264	0.239986667588	0.165831282174	0.215415531224	0.155880652328	0.229601790805	0.200300913507	0.240568610134	0.214740415749	0.17767537665	0.101670069456	0.180805518221	0.212342146973	0.168761288592	0.263390417372	0.120595400623	0.0881081971713	0.148014990746	0.177512460415	0.112024763744	0.226872836395	0.0850191349045	0.20659342423	0.146689051239	0.147016335414	0.181753910671	0.148079250525	0.126982312607	0.236286691734	0.151626059324	0.247281714387	0.0806873706004	0.173055569567	0.174032745922	0.222242834408	0.210570648182	0.190602715215	0.186394045712	0.213440262017	0.170240618981	0.136276076619	0.187394756475	0.212020891094	0.25232043319	0.237292783576	0.252183377091	0.179394441307	0.220924852817	0.17514335401	0.184892614893	0.136638510334	0.110098048811	0.106014504309	0.20129921838	0.132811092966	0.110651247963	0.155880652328	0.168761288592	0.204671539526	0.250077000386	0.264157329079	0.270922980068	0.255286478563	0.16814313376	0.109616722314	0.184756691034	0.206066471292	0.159256841834	0.161954156604	0.105801788364	0.184134181426	0.146141761857	0.137794969562	0.198846994804	0.236051438617	0.232351268366	0.232727774641
763840445-stool1.snv.bam	0.161802139497	0.108611077586	0.191618465002	0.257732181403	0.165282152506	0.158259324034	0.17355005984	0.0869058743342	0.14988980898	0.155382382737	0.0	0.000312078993446	0.270495674848	0.0950853312647	0.0950785724904	0.139201130228	0.100289262964	0.147343883611	0.243695798379	0.184577854532	0.182227139685	0.182623201001	0.129588253878	0.129122588265	0.118765528241	0.137591150365	0.224077194107	0.194221692277	0.165704162172	0.185080589004	0.22014323402	0.250511287102	0.2467541816	0.197403570137	0.139894111557	0.144662216871	0.160719856732	0.167383976778	0.101534463562	0.248168972502	0.112668588895	0.0810228331345	0.153639484378	0.119655827546	0.109644859859	0.183027241565	0.0800767471256	0.27490552135	0.152041937166	0.147773401092	0.183391778159	0.145293489731	0.122131040295	0.21299776987	0.111164664427	0.20513952629	0.108578354668	0.185912286193	0.161375275552	0.228826343294	0.177151049297	0.186676516222	0.0945659960261	0.178120830324	0.174634734777	0.128966135521	0.15511207107	0.190234283004	0.184350055227	0.201257735015	0.272012711568	0.141662353418	0.205836747704	0.139917974163	0.198524557013	0.144293673206	0.189441782103	0.191722070729	0.162366010367	0.14050686417	0.131978544275	0.212455280088	0.117256234113	0.218091067426	0.205981933187	0.212781442249	0.209188966848	0.211166628219	0.130313144336	0.160518946722	0.14276141284	0.196493386333	0.114398884702	0.162616977305	0.189524328063	0.154625282149	0.197803713582	0.148918609292	0.092409812754	0.176192415631	0.174316000751	0.178529838005
763840445-stool2.snv.bam	0.161773266503	0.108673537853	0.191802511219	0.257816693505	0.165174091247	0.15845410628	0.173354189425	0.0868220276813	0.149843559219	0.155278499278	0.000312078993446	0.0	0.270582014239	0.0949190673777	0.0949123086034	0.139115942029	0.100122999077	0.147283774301	0.243954734961	0.184762385082	0.182412157122	0.182811699949	0.129421112609	0.129185885801	0.118681681588	0.137550234485	0.223926165506	0.194413709435	0.165891653104	0.185404572918	0.220462863312	0.250702354156	0.247087240693	0.197588100686	0.139956407021	0.144641630139	0.16078525834	0.167576090774	0.101449275362	0.24848269835	0.112733273774	0.0810884164145	0.153600537712	0.119485541146	0.109592158851	0.182780959622	0.0799096058566	0.275225150642	0.15200330042	0.147733819426	0.183586900716	0.145254750228	0.122092708576	0.213063719537	0.111228303189	0.205127549861	0.108412090781	0.185873751661	0.161209011665	0.229148571197	0.177111681586	0.186989416476	0.094510498037	0.178063241107	0.174955225603	0.128927498775	0.155174039524	0.190563651692	0.184290030211	0.201173222912	0.272342995169	0.141846399635	0.206043956044	0.1401029916	0.198269119573	0.144486201048	0.18933817493	0.191617349501	0.162279670975	0.140698881329	0.132040839738	0.212652529321	0.117449275362	0.218232044199	0.20593692005	0.212734548341	0.20930858219	0.211121735117	0.13037577028	0.160480715611	0.142448512586	0.196502770083	0.1143148174	0.162578544447	0.189419606834	0.154580745342	0.197664657474	0.14888007476	0.0924719442824	0.17625537558	0.174379298287	0.178591806459
763860675-stool1.snv.bam	0.223625217227	0.240651069692	0.284040645975	0.0775651316765	0.267471479945	0.252604078881	0.287851127912	0.259985237338	0.251214421187	0.250636645659	0.270495674848	0.270582014239	0.0	0.227313136218	0.227553136754	0.250779734971	0.216422803151	0.227423137732	0.185318833416	0.250203391869	0.248017949591	0.257736809044	0.220006478722	0.2245902781	0.211710989064	0.21582425088	0.251847572887	0.222429818922	0.21746929541	0.138086582948	0.194762337762	0.19717566802	0.0868925220518	0.217340985175	0.236844629156	0.273030403173	0.227723930481	0.226564111086	0.253183581125	0.117636652019	0.217668522211	0.229665699209	0.21611268015	0.231816541777	0.208791809997	0.246064454606	0.232929386953	0.0805986374513	0.216687284286	0.230079182511	0.214292018747	0.223463341431	0.214971982046	0.224690105927	0.19884902679	0.279672797093	0.224974707328	0.177280287457	0.222764689824	0.0916284955531	0.254588468916	0.141656703332	0.25351612962	0.218226116204	0.166471934534	0.228437073302	0.192392898043	0.135453781513	0.229284283373	0.149077901431	0.0712714547575	0.313942766296	0.113160518445	0.313082551861	0.234792332761	0.211590592521	0.238761646626	0.236045781809	0.209227537169	0.205351976856	0.22054028133	0.174955189832	0.269667097608	0.145466733702	0.272343832612	0.254194594627	0.236712152611	0.285542745592	0.244141802057	0.202370344302	0.217161887731	0.205703781513	0.234125775961	0.229703177258	0.236195001475	0.169892343859	0.226058294445	0.213538729262	0.249493124561	0.203589384472	0.202096197595	0.200429252782
763901136-stool1.snv.bam	0.145809447126	0.135402528886	0.202530179445	0.222990861042	0.173414473454	0.175312650313	0.221287742781	0.113499625243	0.174212564954	0.072357968202	0.0950853312647	0.0949190673777	0.227313136218	0.0	0.00103673268459	0.171461760462	0.0529414989858	0.136973571095	0.20314256677	0.190457555268	0.188122354143	0.193842771482	0.0820244608364	0.0838871153191	0.0981151846615	0.145567919305	0.201556643156	0.16816320177	0.163656799283	0.1202916536	0.218696307612	0.199408041299	0.222167236801	0.166281675977	0.145506693591	0.153263332239	0.141681542579	0.168025856996	0.160553714485	0.233176093351	0.0664416535283	0.0285025160025	0.142746300097	0.121060367299	0.0569609277692	0.187742676728	0.0297175473076	0.229619218096	0.13871554215	0.13932295216	0.189256870016	0.137402776795	0.0854230115555	0.196124452828	0.0926395123811	0.205425132075	0.0346714105878	0.17262114619	0.1502794456	0.199618919735	0.18535795508	0.155682991766	0.155636105878	0.160376629867	0.143274405531	0.0968447423995	0.134448471572	0.189465476097	0.199487320333	0.193671013047	0.228186213531	0.152616894675	0.189571922331	0.150930323026	0.203752630304	0.128804176076	0.13589349633	0.132272856128	0.162723359275	0.0958807344063	0.0795436329055	0.169337975126	0.160553714485	0.190619281017	0.199191908116	0.21246936964	0.215250838151	0.213636492187	0.114552409784	0.125932788054	0.14235747813	0.193744265175	0.122200474281	0.135609664054	0.129471562191	0.138550362093	0.175854903446	0.132572760816	0.129746061837	0.170605605948	0.166614039869	0.168364926171
763901136-stool2.snv.bam	0.145989214878	0.135556049964	0.202747824438	0.223787304849	0.173377867648	0.175214160169	0.221233994849	0.113623531953	0.17441481676	0.0733243502606	0.0950785724904	0.0949123086034	0.227553136754	0.00103673268459	0.0	0.171643817267	0.0535802014869	0.137444025396	0.203574084464	0.189862956495	0.187615533299	0.193953965839	0.0824372604829	0.0843676597931	0.0980377276537	0.146322003232	0.201722343157	0.168550230299	0.163974010588	0.120689227866	0.219088538138	0.199685889696	0.222114630003	0.166577929719	0.145979630501	0.153586593896	0.141880533387	0.167856195709	0.16054684757	0.232735648035	0.066932730484	0.0290456938615	0.143243461181	0.121544723047	0.0576792783803	0.187739496429	0.0302716695228	0.229375001341	0.138879638095	0.140126557066	0.189323440459	0.137415333482	0.085563882182	0.196198140936	0.0929429528721	0.205452770779	0.0352337337474	0.172961174862	0.15122868922	0.199833670653	0.184947954966	0.156066964807	0.155677798405	0.160284237338	0.143487998762	0.0974130318525	0.134831436809	0.1896262267	0.199583054466	0.193808500776	0.228498925815	0.153087348976	0.189793236726	0.151403259935	0.203906180754	0.128709570422	0.136857308224	0.133195828313	0.162843799692	0.0963561802652	0.0798211237095	0.169735549391	0.160672549029	0.191275316507	0.199427329273	0.212687795184	0.215155188457	0.213951616884	0.114917849825	0.126537840915	0.143151655002	0.194434234843	0.122192658899	0.136013114214	0.129785240348	0.13870199891	0.176244042412	0.133617721538	0.129739285277	0.17099469863	0.167005218838	0.168747891409
763921366-stool3.snv.bam	0.175183886712	0.143239567332	0.189825584809	0.224569502883	0.139772618426	0.13518258427	0.267696812713	0.104428571429	0.152771217687	0.231430665285	0.139201130228	0.139115942029	0.250779734971	0.171461760462	0.171643817267	0.0	0.150012626263	0.166048403669	0.161908077994	0.246767989492	0.244602632493	0.205157033115	0.164126219677	0.164217594395	0.155464646465	0.147151509727	0.288773432967	0.180631341008	0.1277100271	0.213052486188	0.170953219337	0.219281757024	0.242305871212	0.163328877005	0.158088235294	0.210983379501	0.211025280899	0.220743161203	0.13277027027	0.24714486821	0.161747685185	0.171634038231	0.177320565908	0.1538263194	0.160633665878	0.237793838271	0.165622112633	0.249734365513	0.173466510675	0.163769402789	0.191259569223	0.163943957694	0.14016988672	0.251338028169	0.170129375951	0.255002650411	0.163929292929	0.213518162335	0.179995206972	0.2214527397	0.237718435694	0.184859625668	0.145209612265	0.216343582888	0.225127476693	0.142248370079	0.136280098983	0.165379213483	0.21074695122	0.158938172043	0.220692090395	0.181666666667	0.246159217877	0.174746797736	0.199252891492	0.168130630631	0.187335614836	0.189237417643	0.153767123288	0.14858490566	0.150469168901	0.241343490305	0.135107816712	0.211025280899	0.248127436691	0.261883691275	0.250507930559	0.266248707774	0.164068583408	0.19068715468	0.15587944664	0.146594101124	0.137169104128	0.208272779105	0.18433307469	0.181720430108	0.197487338762	0.173047628894	0.136954172638	0.189668344815	0.188351498638	0.192333333333
764002286-stool2.snv.bam	0.109390318345	0.103771058087	0.175884556985	0.202278456581	0.148945718513	0.147582596801	0.207272932662	0.0924568377816	0.127883521973	0.110124239287	0.100289262964	0.100122999077	0.216422803151	0.0529414989858	0.0535802014869	0.150012626263	0.0	0.110923833745	0.192011726858	0.200938339419	0.198686339919	0.167077459756	0.0557534952372	0.057193560461	0.0980697725284	0.113014089264	0.229841290488	0.154849684629	0.155427098525	0.109510465692	0.214855055533	0.193911305543	0.216516530855	0.155709828549	0.103404593428	0.169564961605	0.152797888861	0.173457906249	0.155174242424	0.238156198581	0.0610808426733	0.0314963682151	0.105651747614	0.0730507116092	0.0251623037812	0.198932968845	0.0252659718725	0.229758098458	0.104730790114	0.0988797377894	0.18386023792	0.102701699527	0.0589819456266	0.215336147791	0.0496295502192	0.231150404911	0.0611056430446	0.162241879976	0.145637233459	0.199325664684	0.187858285403	0.123819278309	0.152706811733	0.180613197189	0.107937195145	0.0760552242482	0.160515180039	0.164486800134	0.17545832189	0.204046917589	0.228138152357	0.163229241231	0.17045714702	0.161598671411	0.19820491258	0.0943448783043	0.125686984779	0.124593565907	0.16779535217	0.0827329997589	0.0585497121612	0.144932809017	0.139174242424	0.157586744517	0.221052788605	0.229634694589	0.217941219357	0.232504060492	0.0886897295586	0.0992177641751	0.121572598121	0.182780890624	0.0881936188786	0.119989088916	0.119170016789	0.106573172198	0.175910157433	0.0959071737346	0.10864789862	0.16538775005	0.161368206191	0.163229241231
764062976-stool1.snv.bam	0.0829019793141	0.162111826517	0.160208361647	0.207634724437	0.227546376985	0.230953198266	0.229020892032	0.113480555315	0.216528865103	0.168585184865	0.147343883611	0.147283774301	0.227423137732	0.136973571095	0.137444025396	0.166048403669	0.110923833745	0.0	0.205782958004	0.205919101107	0.203680243458	0.204517810473	0.0644873870382	0.0624289772616	0.108063618796	0.087576394575	0.25232980652	0.152021243816	0.152913537443	0.144877586537	0.189591117724	0.210074204382	0.221936916517	0.176678149553	0.00851023031489	0.158055514428	0.199902113583	0.173142633554	0.133649985697	0.224720550044	0.0962934075336	0.108710868567	0.0657480012832	0.047406588556	0.0865026451734	0.220835005524	0.12540732876	0.2374409011	0.0677971001201	0.0664234167716	0.183724769995	0.0553049248599	0.148385253968	0.206529414878	0.114346629411	0.213996641248	0.155958332274	0.109721846759	0.193007221662	0.21566860324	0.225790834624	0.166199082568	0.146855347929	0.187168769193	0.152914806356	0.145166542886	0.202303763645	0.210062717849	0.199435839603	0.177544969853	0.208875206275	0.18928648655	0.22242655487	0.187793421982	0.203993853021	0.0569933991385	0.163056662632	0.158844842958	0.116825344025	0.0959732069721	0.0949994002399	0.155334621411	0.15209738326	0.190947317483	0.247390261814	0.235163804471	0.223446466792	0.264299707767	0.172122632766	0.131964255347	0.0481192589144	0.168948832423	0.0591547535771	0.162767567528	0.156941519134	0.152305925259	0.173505647159	0.0597526092637	0.134896114658	0.117989116905	0.115800619994	0.115993782828
764083206-stool1.snv.bam	0.19833710061	0.193812483557	0.227352971312	0.171826965305	0.220180965026	0.203488372093	0.298852979927	0.183659491194	0.234468009051	0.18156963148	0.243695798379	0.243954734961	0.185318833416	0.20314256677	0.203574084464	0.161908077994	0.192011726858	0.205782958004	0.0	0.286170956237	0.284054495648	0.280793466629	0.18781656549	0.193677470988	0.216915732669	0.215245835176	0.296884182418	0.211220194449	0.142061281337	0.184659090909	0.167081583593	0.210927960928	0.226295210166	0.142967032967	0.214876033058	0.210196078431	0.256484149856	0.241036661524	0.192200557103	0.250676362846	0.192036771729	0.200015926103	0.208072847388	0.221653837735	0.181049803129	0.272587465347	0.206665826642	0.197585049938	0.205952139943	0.210791852152	0.194383694489	0.194808673167	0.154645158917	0.272027290448	0.208489388265	0.325575027382	0.206251556663	0.249457890576	0.209490717001	0.209267950109	0.272189557848	0.186847527473	0.20874725788	0.269280417468	0.244626764716	0.154152757061	0.161438498031	0.123571428571	0.277602523659	0.237569060773	0.188953488372	0.219178082192	0.244252873563	0.212274257729	0.228698955366	0.195231481481	0.148854889403	0.144483284234	0.228169014085	0.157894736842	0.162534435262	0.219373219373	0.200557103064	0.173295454545	0.283949123253	0.289022014382	0.293280126956	0.309583856071	0.19642157101	0.178194707118	0.223005255614	0.155352011494	0.211941294721	0.257350136495	0.150020917136	0.164065377532	0.216856944798	0.197264889806	0.206103809045	0.244651992645	0.24649859944	0.246575342466
764366428-stool2.snv.bam	0.252399576815	0.231210237131	0.276496130139	0.245693297076	0.279131805049	0.267524312173	0.258460801527	0.20823819417	0.265985569936	0.238909591013	0.184577854532	0.184762385082	0.250203391869	0.190457555268	0.189862956495	0.246767989492	0.200938339419	0.205919101107	0.286170956237	0.0	0.000431990174024	0.175549062507	0.217509633183	0.218572809712	0.192522769244	0.231123760104	0.19372008227	0.266400846453	0.244319411128	0.224497890902	0.276936947874	0.22937572132	0.242335649517	0.251203767995	0.204143460503	0.230071661394	0.172336744639	0.0802411587451	0.222369593771	0.262011594027	0.198496843069	0.19264828291	0.239583487315	0.205952365599	0.206479569444	0.175262858332	0.187188761144	0.273003459908	0.242725932419	0.240987516475	0.263153576509	0.236201313112	0.238405940214	0.140780897775	0.217266081871	0.234789767844	0.192933455049	0.24992038318	0.262092768569	0.240612063173	0.125505336389	0.230352844512	0.218914570081	0.157530568846	0.228595021935	0.245775338339	0.266431733863	0.224767300195	0.114864578364	0.244472753502	0.267872501588	0.242450369344	0.240127350056	0.241234645255	0.277453514092	0.234887719298	0.264854180907	0.264995729065	0.22775400561	0.239803798059	0.211749280609	0.262749257022	0.23807814992	0.266291247509	0.157542517808	0.132291142887	0.0968265422688	0.13738063369	0.231484851313	0.233727560736	0.206702219297	0.250288133528	0.214697864879	0.255401817347	0.257371607009	0.237018939923	0.272333523617	0.239947105573	0.214101428965	0.251921164845	0.242382333522	0.247805863343
764366428-stool3.snv.bam	0.250272132323	0.229032265258	0.274443491564	0.243542358637	0.276947296713	0.265429804	0.256165751021	0.2060054555	0.263959283954	0.23666672455	0.182227139685	0.182412157122	0.248017949591	0.188122354143	0.187615533299	0.244602632493	0.198686339919	0.203680243458	0.284054495648	0.000431990174024	0.0	0.173173664973	0.215469634843	0.216319781841	0.190426751003	0.228847549567	0.194216839112	0.26429939231	0.242235972903	0.222224060055	0.274778672647	0.229284730806	0.240220981934	0.249078788148	0.201888015703	0.227755422708	0.170009990059	0.0800324319491	0.220138825523	0.260242072956	0.196187186189	0.190182220064	0.237575407961	0.204025934521	0.204218325229	0.172958904607	0.184832501143	0.271183172929	0.240865278919	0.238764951902	0.26100915219	0.234376365114	0.236351760927	0.140628813557	0.214997301199	0.232416918393	0.190830945706	0.24814162924	0.26001352083	0.238394531601	0.125724979999	0.228172703492	0.216758181213	0.157705106539	0.226356942997	0.243980787603	0.264168266062	0.222456217048	0.114968698075	0.242318568936	0.265675368492	0.24034493216	0.237877850608	0.23911481391	0.275544969317	0.232925569178	0.262836789864	0.262956910952	0.225691953975	0.237631418454	0.209694002819	0.260580224439	0.236071418399	0.264199394222	0.155074893442	0.132381498671	0.0966292802194	0.134865571631	0.22947124023	0.231562076331	0.204459510486	0.248048139053	0.212580965817	0.253735392075	0.255419103267	0.235299192037	0.270286880036	0.237850873511	0.211878294782	0.249769623329	0.240193482264	0.245677524855
764467579-stool3.snv.bam	0.230579451884	0.20595553704	0.249636493287	0.234782047613	0.248826005298	0.243519756714	0.2788457634	0.185479001091	0.235349318131	0.232645992045	0.182623201001	0.182811699949	0.257736809044	0.193842771482	0.193953965839	0.205157033115	0.167077459756	0.204517810473	0.280793466629	0.175549062507	0.173173664973	0.0	0.192269965927	0.195344316656	0.180475044474	0.203030586846	0.214857829866	0.237228045755	0.215744464809	0.209635281122	0.239765868887	0.228014291465	0.218738101188	0.250680523235	0.199898578703	0.243023670726	0.156627170384	0.171585025258	0.213012224372	0.235366640433	0.171055016209	0.184449931355	0.214481881695	0.191334913739	0.182920970386	0.133347533596	0.183735592408	0.257140742072	0.215519556085	0.195650876313	0.237891415875	0.208778578929	0.216458068854	0.206779648448	0.182699108549	0.24171112966	0.175567094002	0.233267626878	0.22449876975	0.214834008505	0.195394112376	0.197538896609	0.205201759987	0.182979907213	0.191800040486	0.219053313639	0.25007921441	0.249183165114	0.160152094283	0.222227131692	0.233487728053	0.247210951936	0.236758959554	0.245994674799	0.231170313421	0.210479039383	0.242920031633	0.240461725607	0.215830623469	0.203702375326	0.199898578703	0.231848635738	0.215744464809	0.223936064141	0.160355682702	0.222657068245	0.166003401361	0.101562596452	0.224890081912	0.212704674847	0.199828536829	0.242655294125	0.192052877293	0.207532703581	0.23533988831	0.209857653442	0.227911619929	0.217568077616	0.196605627029	0.196999230119	0.195190743521	0.199057609252
764487809-stool1.snv.bam	0.0863583929117	0.123016486668	0.16438109598	0.200855732779	0.171265192949	0.172731884697	0.241547475977	0.126897308548	0.164530665568	0.11384222326	0.129588253878	0.129421112609	0.220006478722	0.0820244608364	0.0824372604829	0.164126219677	0.0557534952372	0.0644873870382	0.18781656549	0.217509633183	0.215469634843	0.192269965927	0.0	0.000975571651011	0.137231521389	0.0908629503175	0.236623565344	0.145585520362	0.156390895895	0.148202958739	0.179054827728	0.159488020709	0.231603042084	0.130204797019	0.0725307160203	0.157216657369	0.17595577761	0.19090690949	0.137651688846	0.23891980524	0.0701053625519	0.0509565128157	0.0742099548282	0.0919985843515	0.0519659917425	0.211356885254	0.0699594584198	0.203801567405	0.0732001797767	0.0644802120091	0.176947682346	0.0714375133709	0.114379963723	0.224773333164	0.0902880817395	0.232832338239	0.100761790592	0.131149393597	0.143547085729	0.208282718757	0.20479096046	0.140714056278	0.142259842142	0.193441662379	0.138438998313	0.121127233115	0.153232649448	0.182249062042	0.19777926322	0.195064042393	0.221165958863	0.176589480931	0.21528680533	0.175021137476	0.218115117424	0.062739768728	0.139504988825	0.135659290512	0.155404010677	0.101584213172	0.0610954495758	0.140668712163	0.145305026577	0.1638208061	0.230201807867	0.236211868693	0.23644651451	0.249651340601	0.130857093282	0.0992564833279	0.0803284307653	0.150523649571	0.0649637571916	0.138805005781	0.1328942776	0.106844593402	0.193315304536	0.0651871816648	0.153941641551	0.16869744048	0.161978652128	0.16647514496
764487809-stool2.snv.bam	0.0902824264684	0.125143178893	0.16648582461	0.207137960942	0.174597704504	0.176542207792	0.242179361414	0.126484105707	0.168153719923	0.118299107992	0.129122588265	0.129185885801	0.2245902781	0.0838871153191	0.0843676597931	0.164217594395	0.057193560461	0.0624289772616	0.193677470988	0.218572809712	0.216319781841	0.195344316656	0.000975571651011	0.0	0.137132527883	0.0892660221984	0.235593806254	0.147407445363	0.15612802498	0.150019896538	0.183649535872	0.16484281735	0.234500067833	0.132211981567	0.0704659222179	0.158841269841	0.176042088223	0.191217512646	0.139353834177	0.24267290741	0.0729083994709	0.0519636613387	0.0754998265244	0.0917169140383	0.0531516183836	0.209434504044	0.0716370328337	0.210118502529	0.074804040036	0.0652420524997	0.17413255936	0.072831851874	0.117026735525	0.225836734694	0.091662305948	0.232408673198	0.103193946357	0.133639496031	0.14639938029	0.209571195717	0.203639938096	0.142890745008	0.141892754071	0.192943978342	0.142927734382	0.124097567594	0.155828287785	0.184844192635	0.198584697037	0.194980694981	0.224837662338	0.174645729606	0.219502407705	0.173041543661	0.219740081895	0.063658126294	0.142330133634	0.138255857899	0.157853196527	0.103368176539	0.0623796688487	0.139673696777	0.144803425457	0.168467386955	0.230969031641	0.23724308824	0.233990250655	0.251333079204	0.130761637608	0.103290488679	0.0785972391055	0.154720104334	0.062989248652	0.136619829354	0.135852827324	0.112177512514	0.194110825726	0.0661162261162	0.151179348681	0.168404680713	0.162035225049	0.166602834163
