	158802708-stool2.snv.bam	158802708-stool3.snv.bam	682102541-stool3.snv.bam	BYQ_AAAM.snv.bam	CCIS94417875ST-3-0.snv.bam	MH0206.snv.bam	MH0252.snv.bam	MH0276.snv.bam	MH0303.snv.bam	MH0313.snv.bam	MH0354.snv.bam	MH0385.snv.bam	MH0392.snv.bam	MH0409.snv.bam	MH0412.snv.bam	MH0428.snv.bam	MH0430.snv.bam	MH0448.snv.bam	MH0454.snv.bam	MH0457.snv.bam	MMRS57276462ST-27-0-0.snv.bam	MMRS93621581ST-27-0-0.snv.bam	NG-5636_143.snv.bam	NG-5636_478.snv.bam	NG-5636_497.snv.bam	O2.UC29-1.snv.bam	SAMEA3136684.snv.bam
158802708-stool2.snv.bam	0.0	0.000589843195277	0.217371043613	0.273542770367	0.22120222159	0.254243519952	0.226159577136	0.277628932012	0.232619417402	0.242704845536	0.270878009513	0.252263838385	0.220751786413	0.24539098731	0.280953413792	0.243123689728	0.244046085547	0.246350504109	0.229847199134	0.238676664087	0.269587957031	0.239714648736	0.256935348599	0.268934831925	0.266942828742	0.257170336554	0.203594085645
158802708-stool3.snv.bam	0.000589843195277	0.0	0.214098124184	0.269175347787	0.223504663705	0.252271300029	0.223656417603	0.275320708794	0.233195924461	0.239953907204	0.269160451737	0.254867700055	0.221131606844	0.240433322647	0.276284925263	0.243606543922	0.241873205981	0.241596881485	0.229805563922	0.233781727532	0.265088949637	0.234605945065	0.258024535328	0.267199971745	0.265175662275	0.255050682087	0.199766494515
682102541-stool3.snv.bam	0.217371043613	0.214098124184	0.0	0.203826698418	0.183225818716	0.192175400081	0.195226089584	0.225432538471	0.217782179088	0.192717880027	0.196679294337	0.2057960678	0.18921988761	0.209567272584	0.227849129534	0.172219333448	0.186845731956	0.182244392065	0.201292389612	0.148469739221	0.193629822484	0.195839531712	0.21130090143	0.195297765134	0.195821351636	0.192936294305	0.23875947845
BYQ_AAAM.snv.bam	0.273542770367	0.269175347787	0.203826698418	0.0	0.220460314902	0.233373911463	0.200677724854	0.224961976867	0.223402369776	0.233183296328	0.243953903898	0.206017580962	0.239141531665	0.184697381586	0.235322373252	0.182788428919	0.21963793718	0.163957384334	0.21613129308	0.197616272616	0.254976631801	0.228851988365	0.22845250681	0.242352688634	0.24025974026	0.20629663315	0.242378503303
CCIS94417875ST-3-0.snv.bam	0.22120222159	0.223504663705	0.183225818716	0.220460314902	0.0	0.177176388408	0.185909780094	0.219807629952	0.197325348782	0.209666444563	0.196252181076	0.129919361397	0.213862118352	0.219880426624	0.213655379693	0.14017855709	0.212630356138	0.185098044895	0.187022315634	0.180519286095	0.213602615543	0.204897820711	0.193909069198	0.19549197444	0.192457730816	0.18871127752	0.220399618105
MH0206.snv.bam	0.254243519952	0.252271300029	0.192175400081	0.233373911463	0.177176388408	0.0	0.18857254613	0.231500256398	0.206079589497	0.221062650482	0.212145778626	0.197713689557	0.164434302668	0.203006528754	0.234783368512	0.19743688278	0.223454415519	0.202774421482	0.222132185358	0.204385813747	0.223180936997	0.230115692775	0.184594899186	0.210865837741	0.20875585335	0.205519475946	0.232355116911
MH0252.snv.bam	0.226159577136	0.223656417603	0.195226089584	0.200677724854	0.185909780094	0.18857254613	0.0	0.228082766673	0.183732547727	0.230378731574	0.21052054155	0.147500585006	0.20704176286	0.186355579834	0.215104756652	0.186098488941	0.216911991224	0.191854516931	0.178619094789	0.215727184826	0.216470119824	0.209345748451	0.180578374679	0.209087743733	0.20687849162	0.206380959802	0.17821937153
MH0276.snv.bam	0.277628932012	0.275320708794	0.225432538471	0.224961976867	0.219807629952	0.231500256398	0.228082766673	0.0	0.223006700075	0.248270150349	0.220868041765	0.217231164286	0.238733980296	0.218594744455	0.245960117391	0.21373502563	0.196330623344	0.170189753862	0.190972890187	0.210125891446	0.204396886839	0.246394816677	0.238214479994	0.219406103467	0.220007216079	0.220118627064	0.257578637
MH0303.snv.bam	0.232619417402	0.233195924461	0.217782179088	0.223402369776	0.197325348782	0.206079589497	0.183732547727	0.223006700075	0.0	0.248178430723	0.199674013816	0.157307598516	0.213043328029	0.194463541569	0.25162442372	0.19164923961	0.195911088736	0.181244212056	0.179863060786	0.207554233943	0.203624164907	0.230715177902	0.193153542167	0.198274350859	0.197186203984	0.201781229522	0.230119342524
MH0313.snv.bam	0.242704845536	0.239953907204	0.192717880027	0.233183296328	0.209666444563	0.221062650482	0.230378731574	0.248270150349	0.248178430723	0.0	0.217518195312	0.236321142977	0.231046753695	0.22904789329	0.233590055671	0.204494187975	0.228492672938	0.234414760543	0.241967526339	0.193653580281	0.230163191082	0.264905529222	0.246695994724	0.215823572126	0.211014420093	0.192404871308	0.22740218921
MH0354.snv.bam	0.270878009513	0.269160451737	0.196679294337	0.243953903898	0.196252181076	0.212145778626	0.21052054155	0.220868041765	0.199674013816	0.217518195312	0.0	0.175640890955	0.18538671744	0.218342075704	0.224402581781	0.149602889483	0.16457416819	0.180372087139	0.219406503545	0.158041704672	0.187258955187	0.23003333677	0.21339216734	0.000464700625558	0.000468468468468	0.140353351279	0.254104175541
MH0385.snv.bam	0.252263838385	0.254867700055	0.2057960678	0.206017580962	0.129919361397	0.197713689557	0.147500585006	0.217231164286	0.157307598516	0.236321142977	0.175640890955	0.0	0.216433052572	0.192013615783	0.20957412495	0.123577320648	0.204452038902	0.192230356498	0.176535036365	0.182232101475	0.217125227105	0.209788641558	0.192687770401	0.175119134614	0.172901712933	0.178869374663	0.233661362717
MH0392.snv.bam	0.220751786413	0.221131606844	0.18921988761	0.239141531665	0.213862118352	0.164434302668	0.20704176286	0.238733980296	0.213043328029	0.231046753695	0.18538671744	0.216433052572	0.0	0.193373533053	0.224472327053	0.214842758745	0.195343933231	0.191340645054	0.202646233613	0.219205198306	0.200467259723	0.197777593057	0.207613451811	0.183935766058	0.184427572919	0.220373800684	0.236508064512
MH0409.snv.bam	0.24539098731	0.240433322647	0.209567272584	0.184697381586	0.219880426624	0.203006528754	0.186355579834	0.218594744455	0.194463541569	0.22904789329	0.218342075704	0.192013615783	0.193373533053	0.0	0.19637495493	0.202892928414	0.219050551985	0.208530608394	0.170491131535	0.233283182186	0.221824300092	0.142133473676	0.187784247262	0.216849068704	0.214636777938	0.230610146869	0.22117341168
MH0412.snv.bam	0.280953413792	0.276284925263	0.227849129534	0.235322373252	0.213655379693	0.234783368512	0.215104756652	0.245960117391	0.25162442372	0.233590055671	0.224402581781	0.20957412495	0.224472327053	0.19637495493	0.0	0.202913228864	0.220004665676	0.207124262432	0.20261419418	0.219427341664	0.241851965931	0.100971193893	0.14884108271	0.223270843184	0.221182861579	0.198989983933	0.196212555941
MH0428.snv.bam	0.243123689728	0.243606543922	0.172219333448	0.182788428919	0.14017855709	0.19743688278	0.186098488941	0.21373502563	0.19164923961	0.204494187975	0.149602889483	0.123577320648	0.214842758745	0.202892928414	0.202913228864	0.0	0.187716262339	0.173454185963	0.179181781862	0.115002377186	0.21089999628	0.20896256009	0.191080477747	0.149268122341	0.149396939898	0.126113472968	0.224225164999
MH0430.snv.bam	0.244046085547	0.241873205981	0.186845731956	0.21963793718	0.212630356138	0.223454415519	0.216911991224	0.196330623344	0.195911088736	0.228492672938	0.16457416819	0.204452038902	0.195343933231	0.219050551985	0.220004665676	0.187716262339	0.0	0.14215688069	0.187604069821	0.154221265232	0.179836709426	0.211637268794	0.233104493018	0.163230634314	0.158306319661	0.161747397134	0.203202400375
MH0448.snv.bam	0.246350504109	0.241596881485	0.182244392065	0.163957384334	0.185098044895	0.202774421482	0.191854516931	0.170189753862	0.181244212056	0.234414760543	0.180372087139	0.192230356498	0.191340645054	0.208530608394	0.207124262432	0.173454185963	0.14215688069	0.0	0.16792003859	0.178448894724	0.193698637054	0.199521684922	0.199021933532	0.179329373386	0.177129184039	0.17015330678	0.215112522444
MH0454.snv.bam	0.229847199134	0.229805563922	0.201292389612	0.21613129308	0.187022315634	0.222132185358	0.178619094789	0.190972890187	0.179863060786	0.241967526339	0.219406503545	0.176535036365	0.202646233613	0.170491131535	0.20261419418	0.179181781862	0.187604069821	0.16792003859	0.0	0.19274140832	0.217021611379	0.169002189379	0.143308226928	0.217956513517	0.215819782679	0.208361628794	0.215185000653
MH0457.snv.bam	0.238676664087	0.233781727532	0.148469739221	0.197616272616	0.180519286095	0.204385813747	0.215727184826	0.210125891446	0.207554233943	0.193653580281	0.158041704672	0.182232101475	0.219205198306	0.233283182186	0.219427341664	0.115002377186	0.154221265232	0.178448894724	0.19274140832	0.0	0.168213585885	0.208804731834	0.21038330725	0.15721035721	0.154926374439	0.120508426383	0.219371439738
MMRS57276462ST-27-0-0.snv.bam	0.269587957031	0.265088949637	0.193629822484	0.254976631801	0.213602615543	0.223180936997	0.216470119824	0.204396886839	0.203624164907	0.230163191082	0.187258955187	0.217125227105	0.200467259723	0.221824300092	0.241851965931	0.21089999628	0.179836709426	0.193698637054	0.217021611379	0.168213585885	0.0	0.205332939692	0.224026932287	0.185741361715	0.183479532164	0.199775254686	0.252446678723
MMRS93621581ST-27-0-0.snv.bam	0.239714648736	0.234605945065	0.195839531712	0.228851988365	0.204897820711	0.230115692775	0.209345748451	0.246394816677	0.230715177902	0.264905529222	0.23003333677	0.209788641558	0.197777593057	0.142133473676	0.100971193893	0.20896256009	0.211637268794	0.199521684922	0.169002189379	0.208804731834	0.205332939692	0.0	0.145474731782	0.228312141099	0.22341101062	0.228243973105	0.200862515588
NG-5636_143.snv.bam	0.256935348599	0.258024535328	0.21130090143	0.22845250681	0.193909069198	0.184594899186	0.180578374679	0.238214479994	0.193153542167	0.246695994724	0.21339216734	0.192687770401	0.207613451811	0.187784247262	0.14884108271	0.191080477747	0.233104493018	0.199021933532	0.143308226928	0.21038330725	0.224026932287	0.145474731782	0.0	0.215188795369	0.213067684005	0.186883197598	0.231657408636
NG-5636_478.snv.bam	0.268934831925	0.267199971745	0.195297765134	0.242352688634	0.19549197444	0.210865837741	0.209087743733	0.219406103467	0.198274350859	0.215823572126	0.000464700625558	0.175119134614	0.183935766058	0.216849068704	0.223270843184	0.149268122341	0.163230634314	0.179329373386	0.217956513517	0.15721035721	0.185741361715	0.228312141099	0.215188795369	0.0	0.0	0.14195623856	0.252257179106
NG-5636_497.snv.bam	0.266942828742	0.265175662275	0.195821351636	0.24025974026	0.192457730816	0.20875585335	0.20687849162	0.220007216079	0.197186203984	0.211014420093	0.000468468468468	0.172901712933	0.184427572919	0.214636777938	0.221182861579	0.149396939898	0.158306319661	0.177129184039	0.215819782679	0.154926374439	0.183479532164	0.22341101062	0.213067684005	0.0	0.0	0.139649669309	0.247401313598
O2.UC29-1.snv.bam	0.257170336554	0.255050682087	0.192936294305	0.20629663315	0.18871127752	0.205519475946	0.206380959802	0.220118627064	0.201781229522	0.192404871308	0.140353351279	0.178869374663	0.220373800684	0.230610146869	0.198989983933	0.126113472968	0.161747397134	0.17015330678	0.208361628794	0.120508426383	0.199775254686	0.228243973105	0.186883197598	0.14195623856	0.139649669309	0.0	0.227806239626
SAMEA3136684.snv.bam	0.203594085645	0.199766494515	0.23875947845	0.242378503303	0.220399618105	0.232355116911	0.17821937153	0.257578637	0.230119342524	0.22740218921	0.254104175541	0.233661362717	0.236508064512	0.22117341168	0.196212555941	0.224225164999	0.203202400375	0.215112522444	0.215185000653	0.219371439738	0.252446678723	0.200862515588	0.231657408636	0.252257179106	0.247401313598	0.227806239626	0.0
