	BYQ_AAAD.snv.bam	BYQ_AAAX.snv.bam	CCIS03473770ST-4-0.snv.bam	CCIS07277498ST-4-0.snv.bam	CCIS11362406ST-4-0.snv.bam	CCIS23164343ST-4-0.snv.bam	CCIS27927933ST-4-0.snv.bam	CCIS70398272ST-4-0.snv.bam	CCIS81139242ST-4-0.snv.bam	CCIS90164298ST-4-0.snv.bam	CCIS95409808ST-4-0.snv.bam	CCIS98832363ST-4-0.snv.bam	M1.1-V1.metaG.snv.bam	MMRS78791111ST-27-0-0.snv.bam	MMRS80093644ST-27-0-0.snv.bam	MMRS91297590ST-27-0-0.snv.bam	MMRS95479054ST-27-0-0.snv.bam	NG-5636_317.snv.bam	NG-5636_353.snv.bam	NG-5636_457.snv.bam	NG-5636_458.snv.bam	NG-5636_483.snv.bam	NG-5636_529.snv.bam	NG-5636_543.snv.bam	O2.UC22-1.snv.bam	O2.UC6-0.snv.bam	O2.UC6-1.snv.bam	O2.UC8-0.snv.bam	V1.CD22-0.snv.bam	V1.CD45-0.snv.bam	V1.FI27.snv.bam	V1.FI37.snv.bam	V1.UC22-1.snv.bam	alien-11-60-0.snv.bam	peacemaker-11-0-0.snv.bam	peacemaker-11-2-0.snv.bam	peacemaker-11-7-0.snv.bam	peacemaker-11-773-0.snv.bam	scavenger-11-60-0.snv.bam
BYQ_AAAD.snv.bam	0.0	0.00223813541669	0.161348897901	0.166111414737	0.10858607636	0.167466938253	0.185266634633	0.177992808963	0.201037570433	0.149091963936	0.16004492307	0.141183126187	0.172749477111	0.161550815466	0.192741270627	0.143620937573	0.110331335902	0.129009665974	0.173019450698	0.168642002424	0.147876609374	0.148521791169	0.119737102501	0.12221039804	0.190871520487	0.157874578786	0.179844967369	0.133037366897	0.162023519113	0.145975482405	0.135295778741	0.11507915697	0.127128951449	0.114030912113	0.138778620429	0.138850259922	0.136754410848	0.140055653313	0.123172453815
BYQ_AAAX.snv.bam	0.00223813541669	0.0	0.160891718376	0.166072236643	0.108286823476	0.166593620694	0.184938836258	0.176165857757	0.201398587397	0.148268302204	0.15925312321	0.139854341068	0.172440045557	0.161249580774	0.192233326079	0.143300610542	0.109677125583	0.128997077463	0.173062013999	0.167054895768	0.147633267488	0.148222538284	0.119532683681	0.122292955702	0.190218015892	0.1575102515	0.179831025978	0.133034823085	0.162754129249	0.145292436192	0.134996525856	0.114503090031	0.126206072779	0.113693975533	0.137831592582	0.137247063923	0.135972950869	0.138744276758	0.122136780647
CCIS03473770ST-4-0.snv.bam	0.161348897901	0.160891718376	0.0	0.127165645364	0.160163911978	0.108393076567	0.172332942265	0.122717361136	0.162777235436	0.153228840913	0.137399122605	0.109802899041	0.145914360903	0.0943248544839	0.127787617126	0.122215605863	0.12839343141	0.114447247021	0.15304521321	0.156212173514	0.0651744888877	0.133567882281	0.11973175043	0.0910341575217	0.134638050469	0.140884848162	0.140594699418	0.120069851848	0.147767430099	0.156397678336	0.186627664201	0.113539794177	0.0859955477119	0.150498133403	0.136551945302	0.137040651587	0.142808881929	0.135644990753	0.0951354850471
CCIS07277498ST-4-0.snv.bam	0.166111414737	0.166072236643	0.127165645364	0.0	0.15300509956	0.108408391192	0.23066468924	0.0786690154531	0.166938662882	0.115131578947	0.133474283145	0.133345864662	0.0962261094914	0.100299590035	0.0798035990712	0.134825620389	0.142653115832	0.147751192414	0.123891063275	0.147554763118	0.153640535161	0.15346300801	0.164786742574	0.143707329155	0.171993132891	0.15031098939	0.172074718045	0.112892436319	0.129786561812	0.0983466060084	0.179862970241	0.146908245666	0.12953884935	0.119594356261	0.210566199099	0.210603333106	0.210972842098	0.212210556545	0.150392464323
CCIS11362406ST-4-0.snv.bam	0.10858607636	0.108286823476	0.160163911978	0.15300509956	0.0	0.193132173111	0.199415875195	0.164304655267	0.134566169426	0.121143483771	0.125893302413	0.120269807732	0.144466553878	0.120907229029	0.180029022167	0.171070981004	0.12405618108	0.142302202204	0.159211440899	0.102318683846	0.146559900023	0.15962301035	0.119530563939	0.130213768352	0.12459529933	0.118262172722	0.140211396552	0.0944669647703	0.0967133271463	0.118941233665	0.106161221773	0.127906623877	0.128184914771	0.105867254094	0.138559212034	0.139111699576	0.145196897815	0.139798710933	0.127972051656
CCIS23164343ST-4-0.snv.bam	0.167466938253	0.166593620694	0.108393076567	0.108408391192	0.193132173111	0.0	0.179750425076	0.0891944975011	0.182687506997	0.141021173147	0.114038700741	0.098323314435	0.166187507187	0.129293467262	0.174132674327	0.0881923489894	0.126154589951	0.12295782922	0.167054659063	0.14865159258	0.165294171821	0.126624581177	0.127832174934	0.145100862513	0.165072290156	0.164656240108	0.160957733298	0.180061264225	0.167677567164	0.164246194051	0.181203977064	0.148546687792	0.121073493694	0.129802322641	0.157842785	0.157555740237	0.157307881436	0.15342500183	0.10509544322
CCIS27927933ST-4-0.snv.bam	0.185266634633	0.184938836258	0.172332942265	0.23066468924	0.199415875195	0.179750425076	0.0	0.188472328608	0.199921399369	0.186274516729	0.173286452982	0.164993006334	0.238891228674	0.21250183411	0.257096957547	0.127645290878	0.143108934266	0.179527627479	0.179157012477	0.147379865689	0.199414992217	0.186228752809	0.158768475909	0.151683661868	0.183312849768	0.225100371711	0.218580169253	0.198119692038	0.213614084501	0.21420534733	0.226121648763	0.205140883504	0.171454372803	0.200822464922	0.127613716613	0.128368625114	0.132878356621	0.131684624168	0.167866679102
CCIS70398272ST-4-0.snv.bam	0.177992808963	0.176165857757	0.122717361136	0.0786690154531	0.164304655267	0.0891944975011	0.188472328608	0.0	0.112385366549	0.109778038009	0.101017762454	0.0920020783433	0.0946101384277	0.138461525489	0.117450942698	0.0908992278089	0.126688162722	0.132339694082	0.122655413348	0.104839518357	0.163457887142	0.124122416112	0.111282022252	0.156924569918	0.127232063266	0.135312348656	0.131414159563	0.137529490825	0.166918060885	0.144497357218	0.190909805243	0.14335237035	0.131965216301	0.154871780362	0.167869905351	0.167381716272	0.167371823047	0.167024870628	0.0856130707372
CCIS81139242ST-4-0.snv.bam	0.201037570433	0.201398587397	0.162777235436	0.166938662882	0.134566169426	0.182687506997	0.199921399369	0.112385366549	0.0	0.135213654998	0.113931972978	0.120006626278	0.171660958904	0.13375	0.193659914297	0.170656028369	0.144322390572	0.181956577163	0.125488505747	0.101955128205	0.214974168475	0.18767468356	0.147421100162	0.205748272196	0.140524674412	0.200365745068	0.193795332703	0.174238023889	0.137091666948	0.17294800541	0.187465955678	0.180445796331	0.155910100267	0.172108208955	0.192878219663	0.193047178042	0.200109479308	0.19446187212	0.129447138388
CCIS90164298ST-4-0.snv.bam	0.149091963936	0.148268302204	0.153228840913	0.115131578947	0.121143483771	0.141021173147	0.186274516729	0.109778038009	0.135213654998	0.0	0.0657780154491	0.0756856426781	0.172481373502	0.161289813939	0.154834927392	0.150385647217	0.0856994734478	0.141859901687	0.119781474234	0.103215437984	0.173460919456	0.120756241093	0.147775914067	0.139229717215	0.151430559075	0.180716394795	0.181285244361	0.121631038143	0.124071332879	0.0365688282306	0.187009070973	0.166030472692	0.143963893441	0.0841093474427	0.139092622061	0.139619662794	0.145529668492	0.140437373587	0.139754166451
CCIS95409808ST-4-0.snv.bam	0.16004492307	0.15925312321	0.137399122605	0.133474283145	0.125893302413	0.114038700741	0.173286452982	0.101017762454	0.113931972978	0.0657780154491	0.0	0.0662408460622	0.166061541411	0.148295455787	0.173947871229	0.136227768121	0.114309336087	0.135064310875	0.138493652587	0.0923038283672	0.164870490277	0.138757612693	0.126396006988	0.127769586558	0.112805361496	0.164834382439	0.160416850713	0.119601257852	0.107965117358	0.102537469322	0.18155438435	0.161183885058	0.142289628406	0.097705587792	0.137069806309	0.136841149459	0.14325365393	0.134751694785	0.117897802245
CCIS98832363ST-4-0.snv.bam	0.141183126187	0.139854341068	0.109802899041	0.133345864662	0.120269807732	0.098323314435	0.164993006334	0.0920020783433	0.120006626278	0.0756856426781	0.0662408460622	0.0	0.144253095975	0.105168496782	0.161418343653	0.112449392713	0.115138702435	0.112331172888	0.145321637427	0.0981956135496	0.148511597622	0.11285400125	0.0901828434723	0.11605215018	0.117388310471	0.123600629247	0.119183449696	0.132965809351	0.129483789312	0.112926654435	0.133844859714	0.103456411103	0.11198494025	0.100947368421	0.130111312629	0.130043178121	0.135727311725	0.131569026734	0.0770327510107
M1.1-V1.metaG.snv.bam	0.172749477111	0.172440045557	0.145914360903	0.0962261094914	0.144466553878	0.166187507187	0.238891228674	0.0946101384277	0.171660958904	0.172481373502	0.166061541411	0.144253095975	0.0	0.143835616438	0.0828581432573	0.160583941606	0.175245606752	0.111728260291	0.171158392435	0.165964172813	0.145568703672	0.144737259983	0.157094033786	0.149628063582	0.177812641138	0.156582269405	0.178235341756	0.103724092566	0.174153781361	0.168799886726	0.196798524605	0.13731166834	0.14249138402	0.153846153846	0.197633409313	0.197815838314	0.191436542096	0.198903011497	0.138450956938
MMRS78791111ST-27-0-0.snv.bam	0.161550815466	0.161249580774	0.0943248544839	0.100299590035	0.120907229029	0.129293467262	0.21250183411	0.138461525489	0.13375	0.161289813939	0.148295455787	0.105168496782	0.143835616438	0.0	0.153510907674	0.148936170213	0.150572390572	0.128562537428	0.138850574713	0.128205128205	0.135090062515	0.174015743163	0.146310085871	0.115052783474	0.138895886533	0.172729690646	0.193381425418	0.147334050379	0.0836976272128	0.145682904738	0.119999068261	0.113589591793	0.106193737211	0.111940298507	0.192464312378	0.192633270757	0.199681397116	0.194047964835	0.129000709816
MMRS80093644ST-27-0-0.snv.bam	0.192741270627	0.192233326079	0.127787617126	0.0798035990712	0.180029022167	0.174132674327	0.257096957547	0.117450942698	0.193659914297	0.154834927392	0.173947871229	0.161418343653	0.0828581432573	0.153510907674	0.0	0.177324979287	0.169077559782	0.122231587642	0.165617445608	0.160103458092	0.141213557792	0.114218988034	0.191927434377	0.166420515515	0.171927510615	0.163757550447	0.185838216866	0.113478104199	0.183016373473	0.151745999099	0.205921094514	0.173453699373	0.149515404929	0.164297385621	0.237279598444	0.236947916993	0.231402521907	0.238461155469	0.179008839951
MMRS91297590ST-27-0-0.snv.bam	0.143620937573	0.143300610542	0.122215605863	0.134825620389	0.171070981004	0.0881923489894	0.127645290878	0.0908992278089	0.170656028369	0.150385647217	0.136227768121	0.112449392713	0.160583941606	0.148936170213	0.177324979287	0.0	0.0963536069919	0.122626360223	0.133333333333	0.115111838516	0.164778869294	0.114622374772	0.107028775524	0.131467904855	0.13967875338	0.147503987241	0.141754694836	0.170756631037	0.187328210282	0.189409594369	0.17081995339	0.156231093281	0.129077733696	0.16	0.134151077051	0.134097244776	0.132101667324	0.135924244296	0.0996954150711
MMRS95479054ST-27-0-0.snv.bam	0.110331335902	0.109677125583	0.12839343141	0.142653115832	0.12405618108	0.126154589951	0.143108934266	0.126688162722	0.144322390572	0.0856994734478	0.114309336087	0.115138702435	0.175245606752	0.150572390572	0.169077559782	0.0963536069919	0.0	0.1191973625	0.0651898293278	0.116726236726	0.150701235742	0.0977946868091	0.109827448412	0.121521181969	0.152656682902	0.166201826975	0.1690604006	0.136435089149	0.164690613429	0.122769203972	0.164441840352	0.144176647893	0.113131057907	0.131237750641	0.101846719435	0.101265193071	0.105227905402	0.0994178892445	0.118899699715
NG-5636_317.snv.bam	0.129009665974	0.128997077463	0.114447247021	0.147751192414	0.142302202204	0.12295782922	0.179527627479	0.132339694082	0.181956577163	0.141859901687	0.135064310875	0.112331172888	0.111728260291	0.128562537428	0.122231587642	0.122626360223	0.1191973625	0.0	0.154426551267	0.136713327036	0.103496990733	0.0644765228966	0.114643198146	0.139130856584	0.159269397832	0.139893295112	0.14877327888	0.128538365575	0.142999939099	0.161410297981	0.167548199135	0.0946891999839	0.0961059083255	0.114581471905	0.133977866228	0.134117269536	0.126126393426	0.135058701867	0.0772220139279
NG-5636_353.snv.bam	0.173019450698	0.173062013999	0.15304521321	0.123891063275	0.159211440899	0.167054659063	0.179157012477	0.122655413348	0.125488505747	0.119781474234	0.138493652587	0.145321637427	0.171158392435	0.138850574713	0.165617445608	0.133333333333	0.0651898293278	0.154426551267	0.0	0.124868282403	0.187009324278	0.159688167504	0.144735749711	0.173836853382	0.164709433299	0.163788247828	0.164901337247	0.144878106246	0.17534661548	0.157517835444	0.19437118247	0.180149007785	0.128975436366	0.163824289406	0.157246195222	0.157359016008	0.163063699514	0.158684310662	0.156988390427
NG-5636_457.snv.bam	0.168642002424	0.167054895768	0.156212173514	0.147554763118	0.102318683846	0.14865159258	0.147379865689	0.104839518357	0.101955128205	0.103215437984	0.0923038283672	0.0981956135496	0.165964172813	0.128205128205	0.160103458092	0.115111838516	0.116726236726	0.136713327036	0.124868282403	0.0	0.182219092426	0.128555684458	0.141250697716	0.151872919783	0.0932406721818	0.179246982877	0.174159146593	0.141336736434	0.105093449933	0.140520282126	0.142222705551	0.174937645541	0.141415320252	0.113662456946	0.146439920995	0.145888492357	0.152145979717	0.14718092459	0.123506204322
NG-5636_458.snv.bam	0.147876609374	0.147633267488	0.0651744888877	0.153640535161	0.146559900023	0.165294171821	0.199414992217	0.163457887142	0.214974168475	0.173460919456	0.164870490277	0.148511597622	0.145568703672	0.135090062515	0.141213557792	0.164778869294	0.150701235742	0.103496990733	0.187009324278	0.182219092426	0.0	0.132469040248	0.132898113917	0.0856123000987	0.122238448757	0.119368619554	0.140596205588	0.0810881981996	0.162941446573	0.171726313447	0.198379869292	0.101791470886	0.116367198198	0.165915551406	0.151467231993	0.151759354653	0.158545823958	0.152223272157	0.11298209506
NG-5636_483.snv.bam	0.148521791169	0.148222538284	0.133567882281	0.15346300801	0.15962301035	0.126624581177	0.186228752809	0.124122416112	0.18767468356	0.120756241093	0.138757612693	0.11285400125	0.144737259983	0.174015743163	0.114218988034	0.114622374772	0.0977946868091	0.0644765228966	0.159688167504	0.128555684458	0.132469040248	0.0	0.120915955571	0.152859397943	0.162869535629	0.159272997617	0.15382719974	0.173872241642	0.203093911067	0.158406052009	0.197575775725	0.141192055681	0.154180145599	0.150195386797	0.125888963405	0.126416004138	0.118560941116	0.126711576251	0.0846272070058
NG-5636_529.snv.bam	0.119737102501	0.119532683681	0.11973175043	0.164786742574	0.119530563939	0.127832174934	0.158768475909	0.111282022252	0.147421100162	0.147775914067	0.126396006988	0.0901828434723	0.157094033786	0.146310085871	0.191927434377	0.107028775524	0.109827448412	0.114643198146	0.144735749711	0.141250697716	0.132898113917	0.120915955571	0.0	0.128319725138	0.124116291479	0.103626480205	0.0999913247533	0.14509287755	0.174358682472	0.184724444544	0.185122422367	0.099912691589	0.126466792102	0.1710579479	0.124797948701	0.124965795512	0.13001321812	0.126371182392	0.0579239461546
NG-5636_543.snv.bam	0.12221039804	0.122292955702	0.0910341575217	0.143707329155	0.130213768352	0.145100862513	0.151683661868	0.156924569918	0.205748272196	0.139229717215	0.127769586558	0.11605215018	0.149628063582	0.115052783474	0.166420515515	0.131467904855	0.121521181969	0.139130856584	0.173836853382	0.151872919783	0.0856123000987	0.152859397943	0.128319725138	0.0	0.15547114228	0.171626665732	0.195852851543	0.121775075206	0.154497209419	0.127230964347	0.137476712757	0.115573398865	0.127492967808	0.130786497453	0.134993013954	0.134848187441	0.140538412635	0.135980930674	0.14115544371
O2.UC22-1.snv.bam	0.190871520487	0.190218015892	0.134638050469	0.171993132891	0.12459529933	0.165072290156	0.183312849768	0.127232063266	0.140524674412	0.151430559075	0.112805361496	0.117388310471	0.177812641138	0.138895886533	0.171927510615	0.13967875338	0.152656682902	0.159269397832	0.164709433299	0.0932406721818	0.122238448757	0.162869535629	0.124116291479	0.15547114228	0.0	0.12238768513	0.118930218983	0.0987930816096	0.113087409897	0.186557943974	0.190596025583	0.171533451437	0.16537260173	0.16430000867	0.167960240218	0.167490661633	0.174968723118	0.165944655559	0.115981214677
O2.UC6-0.snv.bam	0.157874578786	0.1575102515	0.140884848162	0.15031098939	0.118262172722	0.164656240108	0.225100371711	0.135312348656	0.200365745068	0.180716394795	0.164834382439	0.123600629247	0.156582269405	0.172729690646	0.163757550447	0.147503987241	0.166201826975	0.139893295112	0.163788247828	0.179246982877	0.119368619554	0.159272997617	0.103626480205	0.171626665732	0.12238768513	0.0	0.00296479451085	0.104204022428	0.186677256901	0.197993892055	0.17158595754	0.13902756602	0.146213166364	0.154479276704	0.176307092993	0.175579533351	0.161449491436	0.176128734254	0.0981851379508
O2.UC6-1.snv.bam	0.179844967369	0.179831025978	0.140594699418	0.172074718045	0.140211396552	0.160957733298	0.218580169253	0.131414159563	0.193795332703	0.181285244361	0.160416850713	0.119183449696	0.178235341756	0.193381425418	0.185838216866	0.141754694836	0.1690604006	0.14877327888	0.164901337247	0.174159146593	0.140596205588	0.15382719974	0.0999913247533	0.195852851543	0.118930218983	0.00296479451085	0.0	0.126443851426	0.208396059856	0.219382320294	0.192131923875	0.160430332132	0.163817011456	0.171856261023	0.171218463205	0.171232845576	0.157752252561	0.172654635492	0.0940474795206
O2.UC8-0.snv.bam	0.133037366897	0.133034823085	0.120069851848	0.112892436319	0.0944669647703	0.180061264225	0.198119692038	0.137529490825	0.174238023889	0.121631038143	0.119601257852	0.132965809351	0.103724092566	0.147334050379	0.113478104199	0.170756631037	0.136435089149	0.128538365575	0.144878106246	0.141336736434	0.0810881981996	0.173872241642	0.14509287755	0.121775075206	0.0987930816096	0.104204022428	0.126443851426	0.0	0.121921586057	0.118331576399	0.173038320553	0.127091915387	0.106232116527	0.120351419313	0.151005621839	0.150961302213	0.157185851643	0.152649979285	0.143214576363
V1.CD22-0.snv.bam	0.162023519113	0.162754129249	0.147767430099	0.129786561812	0.0967133271463	0.167677567164	0.213614084501	0.166918060885	0.137091666948	0.124071332879	0.107965117358	0.129483789312	0.174153781361	0.0836976272128	0.183016373473	0.187328210282	0.164690613429	0.142999939099	0.17534661548	0.105093449933	0.162941446573	0.203093911067	0.174358682472	0.154497209419	0.113087409897	0.186677256901	0.208396059856	0.121921586057	0.0	0.105207497638	0.150006715283	0.142724504586	0.13228786121	0.0568707955215	0.193193854058	0.193477590107	0.200833288968	0.193087969184	0.150419680193
V1.CD45-0.snv.bam	0.145975482405	0.145292436192	0.156397678336	0.0983466060084	0.118941233665	0.164246194051	0.21420534733	0.144497357218	0.17294800541	0.0365688282306	0.102537469322	0.112926654435	0.168799886726	0.145682904738	0.151745999099	0.189409594369	0.122769203972	0.161410297981	0.157517835444	0.140520282126	0.171726313447	0.158406052009	0.184724444544	0.127230964347	0.186557943974	0.197993892055	0.219382320294	0.118331576399	0.105207497638	0.0	0.1857885252	0.163924151669	0.149393581883	0.0729831038046	0.174264382949	0.174376276705	0.181178111693	0.174233703803	0.171427853335
V1.FI27.snv.bam	0.135295778741	0.134996525856	0.186627664201	0.179862970241	0.106161221773	0.181203977064	0.226121648763	0.190909805243	0.187465955678	0.187009070973	0.18155438435	0.133844859714	0.196798524605	0.119999068261	0.205921094514	0.17081995339	0.164441840352	0.167548199135	0.19437118247	0.142222705551	0.198379869292	0.197575775725	0.185122422367	0.137476712757	0.190596025583	0.17158595754	0.192131923875	0.173038320553	0.150006715283	0.1857885252	0.0	0.165009286037	0.144261031488	0.142554513388	0.190844516	0.191277571771	0.192016069808	0.192580871537	0.169165085844
V1.FI37.snv.bam	0.11507915697	0.114503090031	0.113539794177	0.146908245666	0.127906623877	0.148546687792	0.205140883504	0.14335237035	0.180445796331	0.166030472692	0.161183885058	0.103456411103	0.13731166834	0.113589591793	0.173453699373	0.156231093281	0.144176647893	0.0946891999839	0.180149007785	0.174937645541	0.101791470886	0.141192055681	0.099912691589	0.115573398865	0.171533451437	0.13902756602	0.160430332132	0.127091915387	0.142724504586	0.163924151669	0.165009286037	0.0	0.0935871341481	0.134576785877	0.158670356296	0.158838203106	0.158524504827	0.160243589986	0.0563260235369
V1.UC22-1.snv.bam	0.127128951449	0.126206072779	0.0859955477119	0.12953884935	0.128184914771	0.121073493694	0.171454372803	0.131965216301	0.155910100267	0.143963893441	0.142289628406	0.11198494025	0.14249138402	0.106193737211	0.149515404929	0.129077733696	0.113131057907	0.0961059083255	0.128975436366	0.141415320252	0.116367198198	0.154180145599	0.126466792102	0.127492967808	0.16537260173	0.146213166364	0.163817011456	0.106232116527	0.13228786121	0.149393581883	0.144261031488	0.0935871341481	0.0	0.12849083448	0.142818305511	0.142460489811	0.147514963513	0.141669191555	0.10314227153
alien-11-60-0.snv.bam	0.114030912113	0.113693975533	0.150498133403	0.119594356261	0.105867254094	0.129802322641	0.200822464922	0.154871780362	0.172108208955	0.0841093474427	0.097705587792	0.100947368421	0.153846153846	0.111940298507	0.164297385621	0.16	0.131237750641	0.114581471905	0.163824289406	0.113662456946	0.165915551406	0.150195386797	0.1710579479	0.130786497453	0.16430000867	0.154479276704	0.171856261023	0.120351419313	0.0568707955215	0.0729831038046	0.142554513388	0.134576785877	0.12849083448	0.0	0.163423045697	0.163612028773	0.164479748372	0.165194390297	0.159546207381
peacemaker-11-0-0.snv.bam	0.138778620429	0.137831592582	0.136551945302	0.210566199099	0.138559212034	0.157842785	0.127613716613	0.167869905351	0.192878219663	0.139092622061	0.137069806309	0.130111312629	0.197633409313	0.192464312378	0.237279598444	0.134151077051	0.101846719435	0.133977866228	0.157246195222	0.146439920995	0.151467231993	0.125888963405	0.124797948701	0.134993013954	0.167960240218	0.176307092993	0.171218463205	0.151005621839	0.193193854058	0.174264382949	0.190844516	0.158670356296	0.142818305511	0.163423045697	0.0	0.00131589034603	0.00266859348345	0.00477827343664	0.116982091109
peacemaker-11-2-0.snv.bam	0.138850259922	0.137247063923	0.137040651587	0.210603333106	0.139111699576	0.157555740237	0.128368625114	0.167381716272	0.193047178042	0.139619662794	0.136841149459	0.130043178121	0.197815838314	0.192633270757	0.236947916993	0.134097244776	0.101265193071	0.134117269536	0.157359016008	0.145888492357	0.151759354653	0.126416004138	0.124965795512	0.134848187441	0.167490661633	0.175579533351	0.171232845576	0.150961302213	0.193477590107	0.174376276705	0.191277571771	0.158838203106	0.142460489811	0.163612028773	0.00131589034603	0.0	0.00284421963365	0.00435003665227	0.117508520567
peacemaker-11-7-0.snv.bam	0.136754410848	0.135972950869	0.142808881929	0.210972842098	0.145196897815	0.157307881436	0.132878356621	0.167371823047	0.200109479308	0.145529668492	0.14325365393	0.135727311725	0.191436542096	0.199681397116	0.231402521907	0.132101667324	0.105227905402	0.126126393426	0.163063699514	0.152145979717	0.158545823958	0.118560941116	0.13001321812	0.140538412635	0.174968723118	0.161449491436	0.157752252561	0.157185851643	0.200833288968	0.181178111693	0.192016069808	0.158524504827	0.147514963513	0.164479748372	0.00266859348345	0.00284421963365	0.0	0.00610539820196	0.119201550326
peacemaker-11-773-0.snv.bam	0.140055653313	0.138744276758	0.135644990753	0.212210556545	0.139798710933	0.15342500183	0.131684624168	0.167024870628	0.19446187212	0.140437373587	0.134751694785	0.131569026734	0.198903011497	0.194047964835	0.238461155469	0.135924244296	0.0994178892445	0.135058701867	0.158684310662	0.14718092459	0.152223272157	0.126711576251	0.126371182392	0.135980930674	0.165944655559	0.176128734254	0.172654635492	0.152649979285	0.193087969184	0.174233703803	0.192580871537	0.160243589986	0.141669191555	0.165194390297	0.00477827343664	0.00435003665227	0.00610539820196	0.0	0.117261394924
scavenger-11-60-0.snv.bam	0.123172453815	0.122136780647	0.0951354850471	0.150392464323	0.127972051656	0.10509544322	0.167866679102	0.0856130707372	0.129447138388	0.139754166451	0.117897802245	0.0770327510107	0.138450956938	0.129000709816	0.179008839951	0.0996954150711	0.118899699715	0.0772220139279	0.156988390427	0.123506204322	0.11298209506	0.0846272070058	0.0579239461546	0.14115544371	0.115981214677	0.0981851379508	0.0940474795206	0.143214576363	0.150419680193	0.171427853335	0.169165085844	0.0563260235369	0.10314227153	0.159546207381	0.116982091109	0.117508520567	0.119201550326	0.117261394924	0.0
