	158256496-stool2.snv.bam	158337416-stool1.snv.bam	158337416-stool2.snv.bam	158802708-stool1.snv.bam	158802708-stool2.snv.bam	158802708-stool3.snv.bam	158984779-stool1.snv.bam	159227541-stool2.snv.bam	159227541-stool3.snv.bam	159288231-stool1.snv.bam	159571453-stool2.snv.bam	159733294-stool1.snv.bam	160400887-stool1.snv.bam	160765029-stool1.snv.bam	682102541-stool3.snv.bam	764062976-stool1.snv.bam	764184357-stool2.snv.bam	765074482-stool1.snv.bam	765074482-stool2.snv.bam	CCIS07539127ST-4-0.snv.bam	CCIS51667829ST-4-0.snv.bam	CCIS53355328ST-4-0.snv.bam	CCIS55230578ST-4-0.snv.bam	CCIS56503244ST-3-0.snv.bam	CCIS88317640ST-4-0.snv.bam	CCIS95409808ST-4-0.snv.bam	DOM013.snv.bam	M1.1-V3.metaG.snv.bam	M1.4-V2.metaG.snv.bam	MH0197.snv.bam	MH0247.snv.bam	MH0313.snv.bam	MH0323.snv.bam	MH0340.snv.bam	MH0406.snv.bam	MH0422.snv.bam	MMRS39582183ST-27-0-0.snv.bam	MMRS81135225ST-27-0-0.snv.bam	MMRS81671217ST-27-0-0.snv.bam	MMRS88581325ST-27-0-0.snv.bam	N009A.snv.bam	N022A.snv.bam	N066A.snv.bam	NG-5636_59.snv.bam	O2.UC29-1.snv.bam	O2.UC3-1.snv.bam	SZEY-103A.snv.bam	T2D-108A.snv.bam	T2D-154A.snv.bam	T2D-178A.snv.bam	T2D-189A.snv.bam	T2D-53A.snv.bam	T2D-70A.snv.bam	T2D-81A.snv.bam	V1.CD4-0-PN.snv.bam	V1.CD50-0.snv.bam	V1.CD55-0.snv.bam	V1.FI14.snv.bam	V1.FI16.snv.bam
158256496-stool2.snv.bam	0.0	0.29178470255	0.305949008499	0.300283286119	0.294617563739	0.29178470255	0.246458923513	0.308781869688	0.311614730878	0.246458923513	0.263456090652	0.331444759207	0.325779036827	0.294617563739	0.314447592068	0.164305949008	0.274787535411	0.229461756374	0.229461756374	0.28611898017	0.271954674221	0.243626062323	0.232294617564	0.271954674221	0.28895184136	0.223796033994	0.308781869688	0.246458923513	0.260623229462	0.249291784703	0.257790368272	0.28611898017	0.28611898017	0.271954674221	0.28045325779	0.257790368272	0.246458923513	0.254957507082	0.186968838527	0.243626062323	0.314447592068	0.28328611898	0.300283286119	0.226628895184	0.232294617564	0.311614730878	0.269121813031	0.305949008499	0.308781869688	0.294617563739	0.274787535411	0.29178470255	0.28611898017	0.297450424929	0.252124645892	0.271954674221	0.300283286119	0.263456090652	0.257790368272
158337416-stool1.snv.bam	0.29178470255	0.0	0.0	0.192634560907	0.181303116147	0.178470254958	0.206798866856	0.14730878187	0.150141643059	0.195467422096	0.235127478754	0.206798866856	0.161473087819	0.184135977337	0.150141643059	0.110481586402	0.201133144476	0.220963172805	0.220963172805	0.155807365439	0.14730878187	0.189801699717	0.254957507082	0.14447592068	0.169971671388	0.189801699717	0.184135977337	0.195467422096	0.14447592068	0.198300283286	0.206798866856	0.155807365439	0.192634560907	0.130311614731	0.110481586402	0.226628895184	0.218130311615	0.189801699717	0.232294617564	0.195467422096	0.172804532578	0.127478753541	0.186968838527	0.167138810198	0.186968838527	0.184135977337	0.124645892351	0.161473087819	0.14164305949	0.158640226629	0.195467422096	0.161473087819	0.121813031161	0.186968838527	0.198300283286	0.189801699717	0.186968838527	0.206798866856	0.209631728045
158337416-stool2.snv.bam	0.305949008499	0.0	0.0	0.209631728045	0.198300283286	0.195467422096	0.215297450425	0.155807365439	0.158640226629	0.206798866856	0.240793201133	0.220963172805	0.172804532578	0.195467422096	0.155807365439	0.118980169972	0.209631728045	0.232294617564	0.232294617564	0.169971671388	0.158640226629	0.203966005666	0.266288951841	0.155807365439	0.184135977337	0.201133144476	0.192634560907	0.201133144476	0.158640226629	0.206798866856	0.209631728045	0.161473087819	0.198300283286	0.13597733711	0.121813031161	0.243626062323	0.226628895184	0.192634560907	0.243626062323	0.206798866856	0.178470254958	0.1388101983	0.192634560907	0.172804532578	0.203966005666	0.198300283286	0.1388101983	0.172804532578	0.152974504249	0.169971671388	0.209631728045	0.172804532578	0.1388101983	0.206798866856	0.209631728045	0.195467422096	0.198300283286	0.212464589235	0.223796033994
158802708-stool1.snv.bam	0.300283286119	0.192634560907	0.209631728045	0.0	0.0	0.0	0.246458923513	0.192634560907	0.195467422096	0.218130311615	0.269121813031	0.28328611898	0.237960339943	0.206798866856	0.212464589235	0.161473087819	0.223796033994	0.237960339943	0.237960339943	0.229461756374	0.178470254958	0.232294617564	0.28045325779	0.161473087819	0.215297450425	0.252124645892	0.203966005666	0.178470254958	0.192634560907	0.226628895184	0.246458923513	0.150141643059	0.223796033994	0.178470254958	0.192634560907	0.266288951841	0.252124645892	0.257790368272	0.260623229462	0.277620396601	0.169971671388	0.198300283286	0.178470254958	0.223796033994	0.240793201133	0.167138810198	0.186968838527	0.201133144476	0.118980169972	0.169971671388	0.107648725212	0.14730878187	0.209631728045	0.209631728045	0.243626062323	0.203966005666	0.175637393768	0.237960339943	0.266288951841
158802708-stool2.snv.bam	0.294617563739	0.181303116147	0.198300283286	0.0	0.0	0.0	0.240793201133	0.184135977337	0.186968838527	0.212464589235	0.266288951841	0.274787535411	0.226628895184	0.206798866856	0.203966005666	0.152974504249	0.218130311615	0.229461756374	0.229461756374	0.220963172805	0.169971671388	0.229461756374	0.271954674221	0.155807365439	0.206798866856	0.243626062323	0.192634560907	0.169971671388	0.181303116147	0.223796033994	0.240793201133	0.14164305949	0.218130311615	0.169971671388	0.186968838527	0.260623229462	0.243626062323	0.246458923513	0.252124645892	0.269121813031	0.158640226629	0.184135977337	0.169971671388	0.215297450425	0.232294617564	0.164305949008	0.175637393768	0.192634560907	0.113314447592	0.161473087819	0.0991501416431	0.1388101983	0.198300283286	0.198300283286	0.240793201133	0.201133144476	0.167138810198	0.232294617564	0.260623229462
158802708-stool3.snv.bam	0.29178470255	0.178470254958	0.195467422096	0.0	0.0	0.0	0.237960339943	0.181303116147	0.184135977337	0.198300283286	0.254957507082	0.269121813031	0.218130311615	0.198300283286	0.192634560907	0.14447592068	0.218130311615	0.226628895184	0.226628895184	0.215297450425	0.169971671388	0.215297450425	0.266288951841	0.14447592068	0.201133144476	0.237960339943	0.184135977337	0.169971671388	0.169971671388	0.218130311615	0.237960339943	0.1388101983	0.218130311615	0.167138810198	0.175637393768	0.254957507082	0.237960339943	0.243626062323	0.246458923513	0.263456090652	0.155807365439	0.178470254958	0.169971671388	0.209631728045	0.226628895184	0.150141643059	0.167138810198	0.186968838527	0.104815864023	0.158640226629	0.104815864023	0.133144475921	0.189801699717	0.192634560907	0.229461756374	0.186968838527	0.164305949008	0.229461756374	0.257790368272
158984779-stool1.snv.bam	0.246458923513	0.206798866856	0.215297450425	0.246458923513	0.240793201133	0.237960339943	0.0	0.243626062323	0.246458923513	0.232294617564	0.28045325779	0.243626062323	0.215297450425	0.240793201133	0.189801699717	0.0651558073654	0.206798866856	0.237960339943	0.237960339943	0.186968838527	0.181303116147	0.220963172805	0.240793201133	0.223796033994	0.195467422096	0.201133144476	0.257790368272	0.201133144476	0.209631728045	0.181303116147	0.118980169972	0.195467422096	0.0963172804533	0.186968838527	0.215297450425	0.13597733711	0.201133144476	0.167138810198	0.181303116147	0.172804532578	0.223796033994	0.232294617564	0.203966005666	0.0991501416431	0.237960339943	0.229461756374	0.209631728045	0.198300283286	0.218130311615	0.232294617564	0.209631728045	0.215297450425	0.195467422096	0.237960339943	0.215297450425	0.198300283286	0.172804532578	0.0311614730878	0.240793201133
159227541-stool2.snv.bam	0.308781869688	0.14730878187	0.155807365439	0.192634560907	0.184135977337	0.181303116147	0.243626062323	0.0	0.0	0.206798866856	0.181303116147	0.189801699717	0.178470254958	0.169971671388	0.150141643059	0.127478753541	0.169971671388	0.226628895184	0.226628895184	0.14447592068	0.1388101983	0.181303116147	0.232294617564	0.152974504249	0.155807365439	0.195467422096	0.198300283286	0.220963172805	0.152974504249	0.178470254958	0.243626062323	0.152974504249	0.215297450425	0.130311614731	0.150141643059	0.226628895184	0.218130311615	0.181303116147	0.223796033994	0.189801699717	0.201133144476	0.169971671388	0.192634560907	0.181303116147	0.203966005666	0.161473087819	0.1388101983	0.14447592068	0.133144475921	0.150141643059	0.186968838527	0.150141643059	0.192634560907	0.226628895184	0.203966005666	0.181303116147	0.178470254958	0.232294617564	0.195467422096
159227541-stool3.snv.bam	0.311614730878	0.150141643059	0.158640226629	0.195467422096	0.186968838527	0.184135977337	0.246458923513	0.0	0.0	0.209631728045	0.184135977337	0.189801699717	0.181303116147	0.169971671388	0.152974504249	0.127478753541	0.172804532578	0.226628895184	0.226628895184	0.14730878187	0.14164305949	0.184135977337	0.235127478754	0.152974504249	0.158640226629	0.198300283286	0.198300283286	0.223796033994	0.155807365439	0.181303116147	0.246458923513	0.152974504249	0.218130311615	0.133144475921	0.152974504249	0.229461756374	0.220963172805	0.184135977337	0.226628895184	0.192634560907	0.201133144476	0.172804532578	0.195467422096	0.184135977337	0.203966005666	0.161473087819	0.1388101983	0.14730878187	0.13597733711	0.152974504249	0.189801699717	0.152974504249	0.195467422096	0.229461756374	0.206798866856	0.184135977337	0.181303116147	0.235127478754	0.198300283286
159288231-stool1.snv.bam	0.246458923513	0.195467422096	0.206798866856	0.218130311615	0.212464589235	0.198300283286	0.232294617564	0.206798866856	0.209631728045	0.0	0.232294617564	0.271954674221	0.209631728045	0.215297450425	0.201133144476	0.14447592068	0.220963172805	0.184135977337	0.184135977337	0.215297450425	0.167138810198	0.235127478754	0.232294617564	0.167138810198	0.215297450425	0.201133144476	0.220963172805	0.175637393768	0.184135977337	0.252124645892	0.235127478754	0.178470254958	0.246458923513	0.189801699717	0.14164305949	0.237960339943	0.189801699717	0.223796033994	0.206798866856	0.237960339943	0.201133144476	0.206798866856	0.175637393768	0.169971671388	0.223796033994	0.206798866856	0.164305949008	0.212464589235	0.164305949008	0.175637393768	0.189801699717	0.172804532578	0.181303116147	0.203966005666	0.218130311615	0.178470254958	0.195467422096	0.209631728045	0.237960339943
159571453-stool2.snv.bam	0.263456090652	0.235127478754	0.240793201133	0.269121813031	0.266288951841	0.254957507082	0.28045325779	0.181303116147	0.184135977337	0.232294617564	0.0	0.246458923513	0.240793201133	0.246458923513	0.212464589235	0.164305949008	0.186968838527	0.237960339943	0.237960339943	0.212464589235	0.212464589235	0.1388101983	0.189801699717	0.212464589235	0.229461756374	0.161473087819	0.252124645892	0.220963172805	0.232294617564	0.203966005666	0.269121813031	0.229461756374	0.271954674221	0.223796033994	0.220963172805	0.254957507082	0.203966005666	0.249291784703	0.169971671388	0.232294617564	0.269121813031	0.181303116147	0.271954674221	0.218130311615	0.189801699717	0.220963172805	0.235127478754	0.198300283286	0.226628895184	0.254957507082	0.263456090652	0.229461756374	0.260623229462	0.311614730878	0.186968838527	0.215297450425	0.229461756374	0.277620396601	0.0679886685552
159733294-stool1.snv.bam	0.331444759207	0.206798866856	0.220963172805	0.28328611898	0.274787535411	0.269121813031	0.243626062323	0.189801699717	0.189801699717	0.271954674221	0.246458923513	0.0	0.201133144476	0.263456090652	0.181303116147	0.1388101983	0.220963172805	0.274787535411	0.274787535411	0.0481586402266	0.209631728045	0.167138810198	0.274787535411	0.220963172805	0.150141643059	0.203966005666	0.271954674221	0.269121813031	0.220963172805	0.181303116147	0.294617563739	0.215297450425	0.237960339943	0.178470254958	0.220963172805	0.212464589235	0.220963172805	0.232294617564	0.254957507082	0.226628895184	0.249291784703	0.223796033994	0.260623229462	0.206798866856	0.206798866856	0.229461756374	0.178470254958	0.172804532578	0.232294617564	0.206798866856	0.271954674221	0.220963172805	0.209631728045	0.243626062323	0.229461756374	0.237960339943	0.223796033994	0.232294617564	0.237960339943
160400887-stool1.snv.bam	0.325779036827	0.161473087819	0.172804532578	0.237960339943	0.226628895184	0.218130311615	0.215297450425	0.178470254958	0.181303116147	0.209631728045	0.240793201133	0.201133144476	0.0	0.189801699717	0.164305949008	0.118980169972	0.218130311615	0.263456090652	0.263456090652	0.169971671388	0.121813031161	0.198300283286	0.269121813031	0.186968838527	0.169971671388	0.189801699717	0.203966005666	0.206798866856	0.167138810198	0.212464589235	0.209631728045	0.152974504249	0.198300283286	0.164305949008	0.172804532578	0.186968838527	0.178470254958	0.178470254958	0.215297450425	0.186968838527	0.198300283286	0.172804532578	0.203966005666	0.152974504249	0.203966005666	0.189801699717	0.127478753541	0.178470254958	0.186968838527	0.203966005666	0.212464589235	0.14164305949	0.175637393768	0.220963172805	0.201133144476	0.206798866856	0.195467422096	0.195467422096	0.246458923513
160765029-stool1.snv.bam	0.294617563739	0.184135977337	0.195467422096	0.206798866856	0.206798866856	0.198300283286	0.240793201133	0.169971671388	0.169971671388	0.215297450425	0.246458923513	0.263456090652	0.189801699717	0.0	0.201133144476	0.161473087819	0.220963172805	0.254957507082	0.254957507082	0.220963172805	0.175637393768	0.232294617564	0.294617563739	0.189801699717	0.229461756374	0.212464589235	0.223796033994	0.229461756374	0.195467422096	0.240793201133	0.254957507082	0.14164305949	0.240793201133	0.172804532578	0.184135977337	0.260623229462	0.246458923513	0.243626062323	0.249291784703	0.252124645892	0.232294617564	0.206798866856	0.198300283286	0.195467422096	0.181303116147	0.195467422096	0.184135977337	0.175637393768	0.189801699717	0.203966005666	0.235127478754	0.195467422096	0.209631728045	0.252124645892	0.220963172805	0.254957507082	0.195467422096	0.240793201133	0.257790368272
682102541-stool3.snv.bam	0.314447592068	0.150141643059	0.155807365439	0.212464589235	0.203966005666	0.192634560907	0.189801699717	0.150141643059	0.152974504249	0.201133144476	0.212464589235	0.181303116147	0.164305949008	0.201133144476	0.0	0.0991501416431	0.203966005666	0.212464589235	0.212464589235	0.152974504249	0.14730878187	0.178470254958	0.229461756374	0.14164305949	0.167138810198	0.167138810198	0.189801699717	0.164305949008	0.158640226629	0.226628895184	0.198300283286	0.152974504249	0.201133144476	0.158640226629	0.150141643059	0.172804532578	0.206798866856	0.201133144476	0.226628895184	0.181303116147	0.184135977337	0.14730878187	0.181303116147	0.150141643059	0.195467422096	0.14447592068	0.121813031161	0.127478753541	0.1388101983	0.178470254958	0.212464589235	0.133144475921	0.161473087819	0.203966005666	0.195467422096	0.161473087819	0.178470254958	0.178470254958	0.215297450425
764062976-stool1.snv.bam	0.164305949008	0.110481586402	0.118980169972	0.161473087819	0.152974504249	0.14447592068	0.0651558073654	0.127478753541	0.127478753541	0.14447592068	0.164305949008	0.1388101983	0.118980169972	0.161473087819	0.0991501416431	0.0	0.14447592068	0.14447592068	0.14447592068	0.113314447592	0.101983002833	0.116147308782	0.13597733711	0.150141643059	0.116147308782	0.0991501416431	0.186968838527	0.130311614731	0.113314447592	0.121813031161	0.0934844192635	0.104815864023	0.0991501416431	0.124645892351	0.130311614731	0.0764872521246	0.124645892351	0.118980169972	0.107648725212	0.0849858356941	0.127478753541	0.1388101983	0.150141643059	0.0651558073654	0.14164305949	0.113314447592	0.124645892351	0.107648725212	0.107648725212	0.13597733711	0.161473087819	0.116147308782	0.110481586402	0.167138810198	0.130311614731	0.110481586402	0.118980169972	0.0764872521246	0.14730878187
764184357-stool2.snv.bam	0.274787535411	0.201133144476	0.209631728045	0.223796033994	0.218130311615	0.218130311615	0.206798866856	0.169971671388	0.172804532578	0.220963172805	0.186968838527	0.220963172805	0.218130311615	0.220963172805	0.203966005666	0.14447592068	0.0	0.223796033994	0.223796033994	0.161473087819	0.181303116147	0.226628895184	0.232294617564	0.175637393768	0.184135977337	0.198300283286	0.229461756374	0.189801699717	0.175637393768	0.164305949008	0.235127478754	0.189801699717	0.195467422096	0.164305949008	0.178470254958	0.271954674221	0.226628895184	0.223796033994	0.232294617564	0.235127478754	0.232294617564	0.203966005666	0.192634560907	0.172804532578	0.243626062323	0.198300283286	0.167138810198	0.167138810198	0.172804532578	0.218130311615	0.223796033994	0.198300283286	0.215297450425	0.232294617564	0.232294617564	0.186968838527	0.189801699717	0.192634560907	0.167138810198
765074482-stool1.snv.bam	0.229461756374	0.220963172805	0.232294617564	0.237960339943	0.229461756374	0.226628895184	0.237960339943	0.226628895184	0.226628895184	0.184135977337	0.237960339943	0.274787535411	0.263456090652	0.254957507082	0.212464589235	0.14447592068	0.223796033994	0.0	0.0	0.246458923513	0.206798866856	0.249291784703	0.201133144476	0.198300283286	0.189801699717	0.201133144476	0.269121813031	0.167138810198	0.226628895184	0.252124645892	0.28328611898	0.203966005666	0.254957507082	0.249291784703	0.195467422096	0.260623229462	0.218130311615	0.206798866856	0.212464589235	0.218130311615	0.198300283286	0.198300283286	0.215297450425	0.195467422096	0.240793201133	0.226628895184	0.186968838527	0.235127478754	0.195467422096	0.218130311615	0.209631728045	0.209631728045	0.226628895184	0.195467422096	0.249291784703	0.209631728045	0.218130311615	0.243626062323	0.235127478754
765074482-stool2.snv.bam	0.229461756374	0.220963172805	0.232294617564	0.237960339943	0.229461756374	0.226628895184	0.237960339943	0.226628895184	0.226628895184	0.184135977337	0.237960339943	0.274787535411	0.263456090652	0.254957507082	0.212464589235	0.14447592068	0.223796033994	0.0	0.0	0.246458923513	0.206798866856	0.249291784703	0.201133144476	0.198300283286	0.189801699717	0.201133144476	0.269121813031	0.167138810198	0.226628895184	0.252124645892	0.28328611898	0.203966005666	0.254957507082	0.249291784703	0.195467422096	0.260623229462	0.218130311615	0.206798866856	0.212464589235	0.218130311615	0.198300283286	0.198300283286	0.215297450425	0.195467422096	0.240793201133	0.226628895184	0.186968838527	0.235127478754	0.195467422096	0.218130311615	0.209631728045	0.209631728045	0.226628895184	0.195467422096	0.249291784703	0.209631728045	0.218130311615	0.243626062323	0.235127478754
CCIS07539127ST-4-0.snv.bam	0.28611898017	0.155807365439	0.169971671388	0.229461756374	0.220963172805	0.215297450425	0.186968838527	0.14447592068	0.14730878187	0.215297450425	0.212464589235	0.0481586402266	0.169971671388	0.220963172805	0.152974504249	0.113314447592	0.161473087819	0.246458923513	0.246458923513	0.0	0.152974504249	0.1388101983	0.232294617564	0.195467422096	0.101983002833	0.167138810198	0.220963172805	0.215297450425	0.167138810198	0.178470254958	0.235127478754	0.172804532578	0.184135977337	0.133144475921	0.164305949008	0.175637393768	0.184135977337	0.192634560907	0.203966005666	0.192634560907	0.212464589235	0.192634560907	0.212464589235	0.14730878187	0.189801699717	0.178470254958	0.152974504249	0.133144475921	0.184135977337	0.164305949008	0.220963172805	0.172804532578	0.164305949008	0.226628895184	0.175637393768	0.178470254958	0.161473087819	0.172804532578	0.172804532578
CCIS51667829ST-4-0.snv.bam	0.271954674221	0.14730878187	0.158640226629	0.178470254958	0.169971671388	0.169971671388	0.181303116147	0.1388101983	0.14164305949	0.167138810198	0.212464589235	0.209631728045	0.121813031161	0.175637393768	0.14730878187	0.101983002833	0.181303116147	0.206798866856	0.206798866856	0.152974504249	0.0	0.184135977337	0.198300283286	0.172804532578	0.133144475921	0.181303116147	0.175637393768	0.164305949008	0.161473087819	0.192634560907	0.198300283286	0.152974504249	0.172804532578	0.124645892351	0.150141643059	0.201133144476	0.198300283286	0.164305949008	0.195467422096	0.158640226629	0.169971671388	0.178470254958	0.1388101983	0.127478753541	0.195467422096	0.127478753541	0.127478753541	0.155807365439	0.14730878187	0.155807365439	0.14447592068	0.0991501416431	0.175637393768	0.192634560907	0.181303116147	0.152974504249	0.152974504249	0.167138810198	0.195467422096
CCIS53355328ST-4-0.snv.bam	0.243626062323	0.189801699717	0.203966005666	0.232294617564	0.229461756374	0.215297450425	0.220963172805	0.181303116147	0.184135977337	0.235127478754	0.1388101983	0.167138810198	0.198300283286	0.232294617564	0.178470254958	0.116147308782	0.226628895184	0.249291784703	0.249291784703	0.1388101983	0.184135977337	0.0	0.229461756374	0.178470254958	0.175637393768	0.133144475921	0.229461756374	0.229461756374	0.181303116147	0.14730878187	0.226628895184	0.201133144476	0.226628895184	0.175637393768	0.178470254958	0.178470254958	0.181303116147	0.198300283286	0.175637393768	0.155807365439	0.223796033994	0.152974504249	0.249291784703	0.184135977337	0.133144475921	0.192634560907	0.189801699717	0.155807365439	0.184135977337	0.203966005666	0.232294617564	0.201133144476	0.229461756374	0.266288951841	0.113314447592	0.186968838527	0.218130311615	0.237960339943	0.169971671388
CCIS55230578ST-4-0.snv.bam	0.232294617564	0.254957507082	0.266288951841	0.28045325779	0.271954674221	0.266288951841	0.240793201133	0.232294617564	0.235127478754	0.232294617564	0.189801699717	0.274787535411	0.269121813031	0.294617563739	0.229461756374	0.13597733711	0.232294617564	0.201133144476	0.201133144476	0.232294617564	0.198300283286	0.229461756374	0.0	0.246458923513	0.184135977337	0.161473087819	0.263456090652	0.206798866856	0.249291784703	0.257790368272	0.246458923513	0.226628895184	0.252124645892	0.243626062323	0.232294617564	0.223796033994	0.212464589235	0.229461756374	0.161473087819	0.192634560907	0.235127478754	0.220963172805	0.28328611898	0.198300283286	0.260623229462	0.252124645892	0.215297450425	0.240793201133	0.240793201133	0.235127478754	0.243626062323	0.212464589235	0.260623229462	0.28045325779	0.237960339943	0.186968838527	0.254957507082	0.235127478754	0.186968838527
CCIS56503244ST-3-0.snv.bam	0.271954674221	0.14447592068	0.155807365439	0.161473087819	0.155807365439	0.14447592068	0.223796033994	0.152974504249	0.152974504249	0.167138810198	0.212464589235	0.220963172805	0.186968838527	0.189801699717	0.14164305949	0.150141643059	0.175637393768	0.198300283286	0.198300283286	0.195467422096	0.172804532578	0.178470254958	0.246458923513	0.0	0.169971671388	0.201133144476	0.13597733711	0.14164305949	0.130311614731	0.189801699717	0.218130311615	0.14447592068	0.203966005666	0.150141643059	0.0651558073654	0.218130311615	0.201133144476	0.184135977337	0.240793201133	0.209631728045	0.169971671388	0.0934844192635	0.175637393768	0.161473087819	0.169971671388	0.133144475921	0.133144475921	0.167138810198	0.0906515580737	0.186968838527	0.152974504249	0.124645892351	0.158640226629	0.167138810198	0.175637393768	0.14447592068	0.181303116147	0.209631728045	0.223796033994
CCIS88317640ST-4-0.snv.bam	0.28895184136	0.169971671388	0.184135977337	0.215297450425	0.206798866856	0.201133144476	0.195467422096	0.155807365439	0.158640226629	0.215297450425	0.229461756374	0.150141643059	0.169971671388	0.229461756374	0.167138810198	0.116147308782	0.184135977337	0.189801699717	0.189801699717	0.101983002833	0.133144475921	0.175637393768	0.184135977337	0.169971671388	0.0	0.161473087819	0.220963172805	0.164305949008	0.178470254958	0.215297450425	0.218130311615	0.14164305949	0.184135977337	0.14164305949	0.150141643059	0.189801699717	0.161473087819	0.155807365439	0.181303116147	0.178470254958	0.186968838527	0.167138810198	0.195467422096	0.127478753541	0.203966005666	0.164305949008	0.155807365439	0.14730878187	0.164305949008	0.14730878187	0.195467422096	0.150141643059	0.184135977337	0.198300283286	0.181303116147	0.13597733711	0.189801699717	0.178470254958	0.201133144476
CCIS95409808ST-4-0.snv.bam	0.223796033994	0.189801699717	0.201133144476	0.252124645892	0.243626062323	0.237960339943	0.201133144476	0.195467422096	0.198300283286	0.201133144476	0.161473087819	0.203966005666	0.189801699717	0.212464589235	0.167138810198	0.0991501416431	0.198300283286	0.201133144476	0.201133144476	0.167138810198	0.181303116147	0.133144475921	0.161473087819	0.201133144476	0.161473087819	0.0	0.223796033994	0.178470254958	0.184135977337	0.209631728045	0.206798866856	0.178470254958	0.186968838527	0.201133144476	0.186968838527	0.150141643059	0.1388101983	0.229461756374	0.14164305949	0.130311614731	0.229461756374	0.152974504249	0.223796033994	0.121813031161	0.14447592068	0.229461756374	0.167138810198	0.175637393768	0.206798866856	0.186968838527	0.212464589235	0.201133144476	0.212464589235	0.235127478754	0.13597733711	0.175637393768	0.212464589235	0.206798866856	0.186968838527
DOM013.snv.bam	0.308781869688	0.184135977337	0.192634560907	0.203966005666	0.192634560907	0.184135977337	0.257790368272	0.198300283286	0.198300283286	0.220963172805	0.252124645892	0.271954674221	0.203966005666	0.223796033994	0.189801699717	0.186968838527	0.229461756374	0.269121813031	0.269121813031	0.220963172805	0.175637393768	0.229461756374	0.263456090652	0.13597733711	0.220963172805	0.223796033994	0.0	0.175637393768	0.127478753541	0.260623229462	0.252124645892	0.161473087819	0.246458923513	0.186968838527	0.189801699717	0.269121813031	0.260623229462	0.252124645892	0.260623229462	0.246458923513	0.167138810198	0.201133144476	0.215297450425	0.212464589235	0.240793201133	0.167138810198	0.0934844192635	0.186968838527	0.186968838527	0.201133144476	0.14730878187	0.133144475921	0.164305949008	0.186968838527	0.246458923513	0.201133144476	0.252124645892	0.246458923513	0.263456090652
M1.1-V3.metaG.snv.bam	0.246458923513	0.195467422096	0.201133144476	0.178470254958	0.169971671388	0.169971671388	0.201133144476	0.220963172805	0.223796033994	0.175637393768	0.220963172805	0.269121813031	0.206798866856	0.229461756374	0.164305949008	0.130311614731	0.189801699717	0.167138810198	0.167138810198	0.215297450425	0.164305949008	0.229461756374	0.206798866856	0.14164305949	0.164305949008	0.178470254958	0.175637393768	0.0	0.195467422096	0.254957507082	0.181303116147	0.167138810198	0.209631728045	0.195467422096	0.164305949008	0.212464589235	0.175637393768	0.203966005666	0.189801699717	0.235127478754	0.192634560907	0.161473087819	0.209631728045	0.152974504249	0.215297450425	0.181303116147	0.175637393768	0.195467422096	0.175637393768	0.218130311615	0.169971671388	0.155807365439	0.181303116147	0.212464589235	0.215297450425	0.164305949008	0.215297450425	0.178470254958	0.220963172805
M1.4-V2.metaG.snv.bam	0.260623229462	0.14447592068	0.158640226629	0.192634560907	0.181303116147	0.169971671388	0.209631728045	0.152974504249	0.155807365439	0.184135977337	0.232294617564	0.220963172805	0.167138810198	0.195467422096	0.158640226629	0.113314447592	0.175637393768	0.226628895184	0.226628895184	0.167138810198	0.161473087819	0.181303116147	0.249291784703	0.130311614731	0.178470254958	0.184135977337	0.127478753541	0.195467422096	0.0	0.209631728045	0.198300283286	0.150141643059	0.209631728045	0.127478753541	0.14730878187	0.206798866856	0.203966005666	0.198300283286	0.195467422096	0.184135977337	0.186968838527	0.175637393768	0.178470254958	0.155807365439	0.201133144476	0.152974504249	0.116147308782	0.130311614731	0.14447592068	0.152974504249	0.169971671388	0.158640226629	0.167138810198	0.192634560907	0.192634560907	0.175637393768	0.192634560907	0.198300283286	0.232294617564
MH0197.snv.bam	0.249291784703	0.198300283286	0.206798866856	0.226628895184	0.223796033994	0.218130311615	0.181303116147	0.178470254958	0.181303116147	0.252124645892	0.203966005666	0.181303116147	0.212464589235	0.240793201133	0.226628895184	0.121813031161	0.164305949008	0.252124645892	0.252124645892	0.178470254958	0.192634560907	0.14730878187	0.257790368272	0.189801699717	0.215297450425	0.209631728045	0.260623229462	0.254957507082	0.209631728045	0.0	0.240793201133	0.203966005666	0.178470254958	0.175637393768	0.189801699717	0.240793201133	0.229461756374	0.175637393768	0.254957507082	0.172804532578	0.237960339943	0.186968838527	0.218130311615	0.184135977337	0.195467422096	0.229461756374	0.186968838527	0.192634560907	0.184135977337	0.246458923513	0.218130311615	0.215297450425	0.223796033994	0.243626062323	0.215297450425	0.243626062323	0.186968838527	0.195467422096	0.201133144476
MH0247.snv.bam	0.257790368272	0.206798866856	0.209631728045	0.246458923513	0.240793201133	0.237960339943	0.118980169972	0.243626062323	0.246458923513	0.235127478754	0.269121813031	0.294617563739	0.209631728045	0.254957507082	0.198300283286	0.0934844192635	0.235127478754	0.28328611898	0.28328611898	0.235127478754	0.198300283286	0.226628895184	0.246458923513	0.218130311615	0.218130311615	0.206798866856	0.252124645892	0.181303116147	0.198300283286	0.240793201133	0.0	0.201133144476	0.158640226629	0.198300283286	0.220963172805	0.158640226629	0.189801699717	0.150141643059	0.169971671388	0.195467422096	0.226628895184	0.215297450425	0.232294617564	0.133144475921	0.260623229462	0.212464589235	0.237960339943	0.186968838527	0.212464589235	0.246458923513	0.223796033994	0.223796033994	0.226628895184	0.28328611898	0.209631728045	0.175637393768	0.257790368272	0.0878186968839	0.28611898017
MH0313.snv.bam	0.28611898017	0.155807365439	0.161473087819	0.150141643059	0.14164305949	0.1388101983	0.195467422096	0.152974504249	0.152974504249	0.178470254958	0.229461756374	0.215297450425	0.152974504249	0.14164305949	0.152974504249	0.104815864023	0.189801699717	0.203966005666	0.203966005666	0.172804532578	0.152974504249	0.201133144476	0.226628895184	0.14447592068	0.14164305949	0.178470254958	0.161473087819	0.167138810198	0.150141643059	0.203966005666	0.201133144476	0.0	0.184135977337	0.1388101983	0.121813031161	0.218130311615	0.192634560907	0.198300283286	0.235127478754	0.220963172805	0.107648725212	0.127478753541	0.172804532578	0.158640226629	0.201133144476	0.14730878187	0.121813031161	0.13597733711	0.118980169972	0.169971671388	0.169971671388	0.110481586402	0.133144475921	0.178470254958	0.184135977337	0.155807365439	0.175637393768	0.184135977337	0.232294617564
MH0323.snv.bam	0.28611898017	0.192634560907	0.198300283286	0.223796033994	0.218130311615	0.218130311615	0.0963172804533	0.215297450425	0.218130311615	0.246458923513	0.271954674221	0.237960339943	0.198300283286	0.240793201133	0.201133144476	0.0991501416431	0.195467422096	0.254957507082	0.254957507082	0.184135977337	0.172804532578	0.226628895184	0.252124645892	0.203966005666	0.184135977337	0.186968838527	0.246458923513	0.209631728045	0.209631728045	0.178470254958	0.158640226629	0.184135977337	0.0	0.178470254958	0.203966005666	0.169971671388	0.161473087819	0.164305949008	0.203966005666	0.1388101983	0.212464589235	0.209631728045	0.192634560907	0.124645892351	0.229461756374	0.223796033994	0.192634560907	0.192634560907	0.201133144476	0.203966005666	0.206798866856	0.186968838527	0.201133144476	0.215297450425	0.175637393768	0.201133144476	0.195467422096	0.0991501416431	0.243626062323
MH0340.snv.bam	0.271954674221	0.130311614731	0.13597733711	0.178470254958	0.169971671388	0.167138810198	0.186968838527	0.130311614731	0.133144475921	0.189801699717	0.223796033994	0.178470254958	0.164305949008	0.172804532578	0.158640226629	0.124645892351	0.164305949008	0.249291784703	0.249291784703	0.133144475921	0.124645892351	0.175637393768	0.243626062323	0.150141643059	0.14164305949	0.201133144476	0.186968838527	0.195467422096	0.127478753541	0.175637393768	0.198300283286	0.1388101983	0.178470254958	0.0	0.113314447592	0.198300283286	0.201133144476	0.172804532578	0.201133144476	0.212464589235	0.172804532578	0.167138810198	0.14730878187	0.178470254958	0.201133144476	0.130311614731	0.161473087819	0.130311614731	0.14164305949	0.155807365439	0.161473087819	0.155807365439	0.14447592068	0.195467422096	0.167138810198	0.192634560907	0.155807365439	0.167138810198	0.209631728045
MH0406.snv.bam	0.28045325779	0.110481586402	0.121813031161	0.192634560907	0.186968838527	0.175637393768	0.215297450425	0.150141643059	0.152974504249	0.14164305949	0.220963172805	0.220963172805	0.172804532578	0.184135977337	0.150141643059	0.130311614731	0.178470254958	0.195467422096	0.195467422096	0.164305949008	0.150141643059	0.178470254958	0.232294617564	0.0651558073654	0.150141643059	0.186968838527	0.189801699717	0.164305949008	0.14730878187	0.189801699717	0.220963172805	0.121813031161	0.203966005666	0.113314447592	0.0	0.220963172805	0.189801699717	0.172804532578	0.240793201133	0.209631728045	0.155807365439	0.0764872521246	0.158640226629	0.14730878187	0.184135977337	0.1388101983	0.13597733711	0.164305949008	0.113314447592	0.161473087819	0.192634560907	0.133144475921	0.13597733711	0.186968838527	0.164305949008	0.150141643059	0.158640226629	0.198300283286	0.212464589235
MH0422.snv.bam	0.257790368272	0.226628895184	0.243626062323	0.266288951841	0.260623229462	0.254957507082	0.13597733711	0.226628895184	0.229461756374	0.237960339943	0.254957507082	0.212464589235	0.186968838527	0.260623229462	0.172804532578	0.0764872521246	0.271954674221	0.260623229462	0.260623229462	0.175637393768	0.201133144476	0.178470254958	0.223796033994	0.218130311615	0.189801699717	0.150141643059	0.269121813031	0.212464589235	0.206798866856	0.240793201133	0.158640226629	0.218130311615	0.169971671388	0.198300283286	0.220963172805	0.0	0.14164305949	0.189801699717	0.152974504249	0.155807365439	0.240793201133	0.186968838527	0.243626062323	0.133144475921	0.209631728045	0.229461756374	0.203966005666	0.198300283286	0.218130311615	0.220963172805	0.246458923513	0.212464589235	0.218130311615	0.252124645892	0.158640226629	0.178470254958	0.223796033994	0.124645892351	0.28895184136
MMRS39582183ST-27-0-0.snv.bam	0.246458923513	0.218130311615	0.226628895184	0.252124645892	0.243626062323	0.237960339943	0.201133144476	0.218130311615	0.220963172805	0.189801699717	0.203966005666	0.220963172805	0.178470254958	0.246458923513	0.206798866856	0.124645892351	0.226628895184	0.218130311615	0.218130311615	0.184135977337	0.198300283286	0.181303116147	0.212464589235	0.201133144476	0.161473087819	0.1388101983	0.260623229462	0.175637393768	0.203966005666	0.229461756374	0.189801699717	0.192634560907	0.161473087819	0.201133144476	0.189801699717	0.14164305949	0.0	0.181303116147	0.13597733711	0.169971671388	0.243626062323	0.184135977337	0.246458923513	0.124645892351	0.186968838527	0.235127478754	0.203966005666	0.189801699717	0.209631728045	0.218130311615	0.243626062323	0.201133144476	0.229461756374	0.252124645892	0.150141643059	0.130311614731	0.254957507082	0.178470254958	0.232294617564
MMRS81135225ST-27-0-0.snv.bam	0.254957507082	0.189801699717	0.192634560907	0.257790368272	0.246458923513	0.243626062323	0.167138810198	0.181303116147	0.184135977337	0.223796033994	0.249291784703	0.232294617564	0.178470254958	0.243626062323	0.201133144476	0.118980169972	0.223796033994	0.206798866856	0.206798866856	0.192634560907	0.164305949008	0.198300283286	0.229461756374	0.184135977337	0.155807365439	0.229461756374	0.252124645892	0.203966005666	0.198300283286	0.175637393768	0.150141643059	0.198300283286	0.164305949008	0.172804532578	0.172804532578	0.189801699717	0.181303116147	0.0	0.203966005666	0.150141643059	0.209631728045	0.189801699717	0.209631728045	0.172804532578	0.240793201133	0.201133144476	0.192634560907	0.203966005666	0.178470254958	0.226628895184	0.235127478754	0.175637393768	0.220963172805	0.229461756374	0.181303116147	0.178470254958	0.215297450425	0.161473087819	0.229461756374
MMRS81671217ST-27-0-0.snv.bam	0.186968838527	0.232294617564	0.243626062323	0.260623229462	0.252124645892	0.246458923513	0.181303116147	0.223796033994	0.226628895184	0.206798866856	0.169971671388	0.254957507082	0.215297450425	0.249291784703	0.226628895184	0.107648725212	0.232294617564	0.212464589235	0.212464589235	0.203966005666	0.195467422096	0.175637393768	0.161473087819	0.240793201133	0.181303116147	0.14164305949	0.260623229462	0.189801699717	0.195467422096	0.254957507082	0.169971671388	0.235127478754	0.203966005666	0.201133144476	0.240793201133	0.152974504249	0.13597733711	0.203966005666	0.0	0.184135977337	0.257790368272	0.212464589235	0.266288951841	0.169971671388	0.206798866856	0.226628895184	0.229461756374	0.203966005666	0.243626062323	0.220963172805	0.232294617564	0.232294617564	0.240793201133	0.300283286119	0.195467422096	0.203966005666	0.246458923513	0.169971671388	0.209631728045
MMRS88581325ST-27-0-0.snv.bam	0.243626062323	0.195467422096	0.206798866856	0.277620396601	0.269121813031	0.263456090652	0.172804532578	0.189801699717	0.192634560907	0.237960339943	0.232294617564	0.226628895184	0.186968838527	0.252124645892	0.181303116147	0.0849858356941	0.235127478754	0.218130311615	0.218130311615	0.192634560907	0.158640226629	0.155807365439	0.192634560907	0.209631728045	0.178470254958	0.130311614731	0.246458923513	0.235127478754	0.184135977337	0.172804532578	0.195467422096	0.220963172805	0.1388101983	0.212464589235	0.209631728045	0.155807365439	0.169971671388	0.150141643059	0.184135977337	0.0	0.235127478754	0.201133144476	0.229461756374	0.127478753541	0.201133144476	0.212464589235	0.161473087819	0.195467422096	0.198300283286	0.212464589235	0.226628895184	0.186968838527	0.215297450425	0.243626062323	0.172804532578	0.184135977337	0.215297450425	0.184135977337	0.223796033994
N009A.snv.bam	0.314447592068	0.172804532578	0.178470254958	0.169971671388	0.158640226629	0.155807365439	0.223796033994	0.201133144476	0.201133144476	0.201133144476	0.269121813031	0.249291784703	0.198300283286	0.232294617564	0.184135977337	0.127478753541	0.232294617564	0.198300283286	0.198300283286	0.212464589235	0.169971671388	0.223796033994	0.235127478754	0.169971671388	0.186968838527	0.229461756374	0.167138810198	0.192634560907	0.186968838527	0.237960339943	0.226628895184	0.107648725212	0.212464589235	0.172804532578	0.155807365439	0.240793201133	0.243626062323	0.209631728045	0.257790368272	0.235127478754	0.0	0.152974504249	0.201133144476	0.206798866856	0.237960339943	0.178470254958	0.14164305949	0.172804532578	0.124645892351	0.192634560907	0.158640226629	0.13597733711	0.167138810198	0.161473087819	0.235127478754	0.184135977337	0.206798866856	0.212464589235	0.263456090652
N022A.snv.bam	0.28328611898	0.127478753541	0.1388101983	0.198300283286	0.184135977337	0.178470254958	0.232294617564	0.169971671388	0.172804532578	0.206798866856	0.181303116147	0.223796033994	0.172804532578	0.206798866856	0.14730878187	0.1388101983	0.203966005666	0.198300283286	0.198300283286	0.192634560907	0.178470254958	0.152974504249	0.220963172805	0.0934844192635	0.167138810198	0.152974504249	0.201133144476	0.161473087819	0.175637393768	0.186968838527	0.215297450425	0.127478753541	0.209631728045	0.167138810198	0.0764872521246	0.186968838527	0.184135977337	0.189801699717	0.212464589235	0.201133144476	0.152974504249	0.0	0.206798866856	0.178470254958	0.175637393768	0.164305949008	0.161473087819	0.161473087819	0.130311614731	0.186968838527	0.201133144476	0.158640226629	0.184135977337	0.226628895184	0.164305949008	0.164305949008	0.192634560907	0.220963172805	0.229461756374
N066A.snv.bam	0.300283286119	0.186968838527	0.192634560907	0.178470254958	0.169971671388	0.169971671388	0.203966005666	0.192634560907	0.195467422096	0.175637393768	0.271954674221	0.260623229462	0.203966005666	0.198300283286	0.181303116147	0.150141643059	0.192634560907	0.215297450425	0.215297450425	0.212464589235	0.1388101983	0.249291784703	0.28328611898	0.175637393768	0.195467422096	0.223796033994	0.215297450425	0.209631728045	0.178470254958	0.218130311615	0.232294617564	0.172804532578	0.192634560907	0.14730878187	0.158640226629	0.243626062323	0.246458923513	0.209631728045	0.266288951841	0.229461756374	0.201133144476	0.206798866856	0.0	0.161473087819	0.229461756374	0.161473087819	0.161473087819	0.192634560907	0.169971671388	0.127478753541	0.175637393768	0.167138810198	0.164305949008	0.161473087819	0.220963172805	0.192634560907	0.155807365439	0.186968838527	0.260623229462
