	158256496-stool2.snv.bam	158357646-stool2.snv.bam	158458797-stool1.snv.bam	158499257-stool1.snv.bam	158822939-stool1.snv.bam	159227541-stool2.snv.bam	604812005-stool3.snv.bam	706846339-stool1.snv.bam	763496533-stool2.snv.bam	763597684-stool2.snv.bam	764224817-stool1.snv.bam	764487809-stool1.snv.bam	764487809-stool2.snv.bam	764649650-stool2.snv.bam	765701615-stool2.snv.bam	CCIS11015875ST-4-0.snv.bam	CCIS11362406ST-4-0.snv.bam	MH0222.snv.bam	MH0238.snv.bam	MH0253.snv.bam	MH0280.snv.bam	MH0329.snv.bam	MH0367.snv.bam	MH0394.snv.bam	MH0440.snv.bam	MH0442.snv.bam	MH0454.snv.bam	MMRS66868025ST-27-0-0.snv.bam	MMRS77018926ST-27-0-0.snv.bam	N022A.snv.bam	O2.UC13-1.snv.bam	O2.UC40-1.snv.bam	SZEY-103A.snv.bam	T2D-108A.snv.bam	T2D-15A.snv.bam	V1.FI04.snv.bam	V1.FI16.snv.bam	V1.UC43-0.snv.bam
158256496-stool2.snv.bam	0.0	0.0994263862333	0.0994263862333	0.112810707457	0.0917782026769	0.0764818355641	0.0994263862333	0.120458891013	0.114722753346	0.0822179732314	0.0994263862333	0.105162523901	0.10707456979	0.10707456979	0.103250478011	0.112810707457	0.10707456979	0.118546845124	0.108986615679	0.0917782026769	0.0898661567878	0.0975143403442	0.093690248566	0.114722753346	0.105162523901	0.103250478011	0.105162523901	0.0994263862333	0.0917782026769	0.105162523901	0.108986615679	0.10707456979	0.110898661568	0.074569789675	0.0822179732314	0.0917782026769	0.0994263862333	0.0898661567878
158357646-stool2.snv.bam	0.0994263862333	0.0	0.105162523901	0.10707456979	0.0956022944551	0.0898661567878	0.0841300191205	0.126195028681	0.0783938814532	0.112810707457	0.12810707457	0.126195028681	0.126195028681	0.110898661568	0.10707456979	0.137667304015	0.112810707457	0.0975143403442	0.114722753346	0.0917782026769	0.0841300191205	0.108986615679	0.101338432122	0.10707456979	0.0994263862333	0.103250478011	0.110898661568	0.10707456979	0.0650095602294	0.126195028681	0.0994263862333	0.0898661567878	0.141491395793	0.0956022944551	0.0994263862333	0.0975143403442	0.10707456979	0.0726577437859
158458797-stool1.snv.bam	0.0994263862333	0.105162523901	0.0	0.110898661568	0.12810707457	0.0764818355641	0.0803059273423	0.139579349904	0.0783938814532	0.103250478011	0.0994263862333	0.0994263862333	0.0994263862333	0.0305927342256	0.0860420650096	0.120458891013	0.108986615679	0.112810707457	0.0783938814532	0.0975143403442	0.0975143403442	0.0458891013384	0.0497131931166	0.120458891013	0.120458891013	0.0860420650096	0.0994263862333	0.0458891013384	0.0592734225621	0.120458891013	0.118546845124	0.112810707457	0.124282982792	0.0917782026769	0.101338432122	0.0975143403442	0.0860420650096	0.0803059273423
158499257-stool1.snv.bam	0.112810707457	0.10707456979	0.110898661568	0.0	0.108986615679	0.0822179732314	0.0975143403442	0.137667304015	0.116634799235	0.112810707457	0.112810707457	0.101338432122	0.101338432122	0.12810707457	0.131931166348	0.131931166348	0.116634799235	0.122370936902	0.10707456979	0.10707456979	0.0975143403442	0.135755258126	0.114722753346	0.122370936902	0.110898661568	0.133843212237	0.108986615679	0.110898661568	0.0879541108987	0.122370936902	0.120458891013	0.116634799235	0.130019120459	0.093690248566	0.120458891013	0.101338432122	0.130019120459	0.0917782026769
158822939-stool1.snv.bam	0.0917782026769	0.0956022944551	0.12810707457	0.108986615679	0.0	0.0975143403442	0.116634799235	0.131931166348	0.137667304015	0.103250478011	0.130019120459	0.120458891013	0.120458891013	0.130019120459	0.131931166348	0.135755258126	0.112810707457	0.139579349904	0.122370936902	0.0688336520076	0.0956022944551	0.12810707457	0.120458891013	0.130019120459	0.120458891013	0.133843212237	0.116634799235	0.130019120459	0.0994263862333	0.12810707457	0.0994263862333	0.12810707457	0.131931166348	0.10707456979	0.101338432122	0.10707456979	0.126195028681	0.0956022944551
159227541-stool2.snv.bam	0.0764818355641	0.0898661567878	0.0764818355641	0.0822179732314	0.0975143403442	0.0	0.0764818355641	0.114722753346	0.0994263862333	0.074569789675	0.103250478011	0.0879541108987	0.0879541108987	0.0803059273423	0.101338432122	0.114722753346	0.0898661567878	0.108986615679	0.0975143403442	0.0860420650096	0.0783938814532	0.0764818355641	0.0822179732314	0.10707456979	0.103250478011	0.10707456979	0.0803059273423	0.0707456978967	0.0611854684512	0.108986615679	0.0994263862333	0.103250478011	0.0975143403442	0.0688336520076	0.0917782026769	0.0783938814532	0.0975143403442	0.074569789675
604812005-stool3.snv.bam	0.0994263862333	0.0841300191205	0.0803059273423	0.0975143403442	0.116634799235	0.0764818355641	0.0	0.12810707457	0.0860420650096	0.0956022944551	0.105162523901	0.105162523901	0.105162523901	0.093690248566	0.0822179732314	0.124282982792	0.101338432122	0.0994263862333	0.0803059273423	0.10707456979	0.0860420650096	0.0956022944551	0.0917782026769	0.108986615679	0.0975143403442	0.0879541108987	0.0956022944551	0.0822179732314	0.0630975143403	0.110898661568	0.105162523901	0.0917782026769	0.116634799235	0.0764818355641	0.108986615679	0.0994263862333	0.0879541108987	0.0707456978967
706846339-stool1.snv.bam	0.120458891013	0.126195028681	0.139579349904	0.137667304015	0.131931166348	0.114722753346	0.12810707457	0.0	0.145315487572	0.124282982792	0.139579349904	0.137667304015	0.137667304015	0.145315487572	0.131931166348	0.156787762906	0.137667304015	0.147227533461	0.130019120459	0.137667304015	0.116634799235	0.143403441683	0.143403441683	0.152963671128	0.137667304015	0.131931166348	0.131931166348	0.137667304015	0.126195028681	0.151051625239	0.112810707457	0.141491395793	0.158699808795	0.120458891013	0.137667304015	0.133843212237	0.130019120459	0.116634799235
763496533-stool2.snv.bam	0.114722753346	0.0783938814532	0.0783938814532	0.116634799235	0.137667304015	0.0994263862333	0.0860420650096	0.145315487572	0.0	0.114722753346	0.116634799235	0.120458891013	0.120458891013	0.0956022944551	0.0917782026769	0.131931166348	0.137667304015	0.101338432122	0.0803059273423	0.0956022944551	0.108986615679	0.10707456979	0.0860420650096	0.135755258126	0.12810707457	0.0917782026769	0.120458891013	0.0898661567878	0.0707456978967	0.137667304015	0.130019120459	0.116634799235	0.151051625239	0.10707456979	0.118546845124	0.110898661568	0.0956022944551	0.0956022944551
763597684-stool2.snv.bam	0.0822179732314	0.112810707457	0.103250478011	0.112810707457	0.103250478011	0.074569789675	0.0956022944551	0.124282982792	0.114722753346	0.0	0.118546845124	0.112810707457	0.112810707457	0.112810707457	0.120458891013	0.114722753346	0.110898661568	0.135755258126	0.112810707457	0.105162523901	0.0956022944551	0.108986615679	0.110898661568	0.114722753346	0.103250478011	0.122370936902	0.093690248566	0.101338432122	0.0917782026769	0.108986615679	0.0917782026769	0.105162523901	0.118546845124	0.0879541108987	0.0917782026769	0.0956022944551	0.118546845124	0.0879541108987
764224817-stool1.snv.bam	0.0994263862333	0.12810707457	0.0994263862333	0.112810707457	0.130019120459	0.103250478011	0.105162523901	0.139579349904	0.116634799235	0.118546845124	0.0	0.110898661568	0.110898661568	0.110898661568	0.116634799235	0.137667304015	0.122370936902	0.0994263862333	0.0879541108987	0.10707456979	0.103250478011	0.124282982792	0.0994263862333	0.130019120459	0.124282982792	0.112810707457	0.116634799235	0.0956022944551	0.10707456979	0.12810707457	0.110898661568	0.131931166348	0.137667304015	0.0975143403442	0.118546845124	0.110898661568	0.112810707457	0.093690248566
764487809-stool1.snv.bam	0.105162523901	0.126195028681	0.0994263862333	0.101338432122	0.120458891013	0.0879541108987	0.105162523901	0.137667304015	0.120458891013	0.112810707457	0.110898661568	0.0	0.0	0.114722753346	0.130019120459	0.12810707457	0.118546845124	0.133843212237	0.0994263862333	0.118546845124	0.110898661568	0.120458891013	0.122370936902	0.130019120459	0.116634799235	0.131931166348	0.114722753346	0.105162523901	0.093690248566	0.120458891013	0.120458891013	0.118546845124	0.122370936902	0.103250478011	0.124282982792	0.093690248566	0.126195028681	0.0994263862333
764487809-stool2.snv.bam	0.10707456979	0.126195028681	0.0994263862333	0.101338432122	0.120458891013	0.0879541108987	0.105162523901	0.137667304015	0.120458891013	0.112810707457	0.110898661568	0.0	0.0	0.114722753346	0.130019120459	0.12810707457	0.118546845124	0.133843212237	0.0994263862333	0.118546845124	0.110898661568	0.120458891013	0.122370936902	0.130019120459	0.116634799235	0.131931166348	0.114722753346	0.105162523901	0.093690248566	0.120458891013	0.120458891013	0.118546845124	0.122370936902	0.103250478011	0.124282982792	0.0956022944551	0.126195028681	0.0994263862333
764649650-stool2.snv.bam	0.10707456979	0.110898661568	0.0305927342256	0.12810707457	0.130019120459	0.0803059273423	0.093690248566	0.145315487572	0.0956022944551	0.112810707457	0.110898661568	0.114722753346	0.114722753346	0.0	0.101338432122	0.139579349904	0.126195028681	0.118546845124	0.0975143403442	0.108986615679	0.110898661568	0.038240917782	0.0458891013384	0.12810707457	0.137667304015	0.0975143403442	0.108986615679	0.0458891013384	0.0764818355641	0.135755258126	0.126195028681	0.120458891013	0.139579349904	0.105162523901	0.112810707457	0.108986615679	0.101338432122	0.0898661567878
765701615-stool2.snv.bam	0.103250478011	0.10707456979	0.0860420650096	0.131931166348	0.131931166348	0.101338432122	0.0822179732314	0.131931166348	0.0917782026769	0.120458891013	0.116634799235	0.130019120459	0.130019120459	0.101338432122	0.0	0.133843212237	0.114722753346	0.114722753346	0.0726577437859	0.0975143403442	0.108986615679	0.0917782026769	0.0860420650096	0.130019120459	0.122370936902	0.0267686424474	0.126195028681	0.093690248566	0.101338432122	0.141491395793	0.122370936902	0.110898661568	0.145315487572	0.110898661568	0.118546845124	0.116634799235	0.0172084130019	0.0917782026769
CCIS11015875ST-4-0.snv.bam	0.112810707457	0.137667304015	0.120458891013	0.131931166348	0.135755258126	0.114722753346	0.124282982792	0.156787762906	0.131931166348	0.114722753346	0.137667304015	0.12810707457	0.12810707457	0.139579349904	0.133843212237	0.0	0.12810707457	0.164435946463	0.108986615679	0.124282982792	0.120458891013	0.141491395793	0.133843212237	0.152963671128	0.145315487572	0.130019120459	0.116634799235	0.12810707457	0.122370936902	0.130019120459	0.143403441683	0.141491395793	0.147227533461	0.116634799235	0.120458891013	0.130019120459	0.12810707457	0.120458891013
CCIS11362406ST-4-0.snv.bam	0.10707456979	0.112810707457	0.108986615679	0.116634799235	0.112810707457	0.0898661567878	0.101338432122	0.137667304015	0.137667304015	0.110898661568	0.122370936902	0.118546845124	0.118546845124	0.126195028681	0.114722753346	0.12810707457	0.0	0.133843212237	0.108986615679	0.118546845124	0.101338432122	0.122370936902	0.118546845124	0.145315487572	0.131931166348	0.118546845124	0.105162523901	0.103250478011	0.10707456979	0.139579349904	0.114722753346	0.133843212237	0.133843212237	0.105162523901	0.112810707457	0.114722753346	0.112810707457	0.0956022944551
MH0222.snv.bam	0.118546845124	0.0975143403442	0.112810707457	0.122370936902	0.139579349904	0.108986615679	0.0994263862333	0.147227533461	0.101338432122	0.135755258126	0.0994263862333	0.133843212237	0.133843212237	0.118546845124	0.114722753346	0.164435946463	0.133843212237	0.0	0.120458891013	0.116634799235	0.10707456979	0.131931166348	0.122370936902	0.137667304015	0.130019120459	0.108986615679	0.120458891013	0.114722753346	0.0803059273423	0.135755258126	0.122370936902	0.118546845124	0.14913957935	0.110898661568	0.143403441683	0.126195028681	0.120458891013	0.093690248566
MH0238.snv.bam	0.108986615679	0.114722753346	0.0783938814532	0.10707456979	0.122370936902	0.0975143403442	0.0803059273423	0.130019120459	0.0803059273423	0.112810707457	0.0879541108987	0.0994263862333	0.0994263862333	0.0975143403442	0.0726577437859	0.108986615679	0.108986615679	0.120458891013	0.0	0.0956022944551	0.114722753346	0.103250478011	0.0822179732314	0.139579349904	0.126195028681	0.0650095602294	0.108986615679	0.0822179732314	0.0898661567878	0.122370936902	0.122370936902	0.130019120459	0.124282982792	0.0975143403442	0.105162523901	0.103250478011	0.0650095602294	0.0956022944551
MH0253.snv.bam	0.0917782026769	0.0917782026769	0.0975143403442	0.10707456979	0.0688336520076	0.0860420650096	0.10707456979	0.137667304015	0.0956022944551	0.105162523901	0.10707456979	0.118546845124	0.118546845124	0.108986615679	0.0975143403442	0.124282982792	0.118546845124	0.116634799235	0.0956022944551	0.0	0.0917782026769	0.10707456979	0.0917782026769	0.12810707457	0.112810707457	0.0975143403442	0.112810707457	0.101338432122	0.093690248566	0.126195028681	0.105162523901	0.114722753346	0.126195028681	0.0994263862333	0.0994263862333	0.093690248566	0.0956022944551	0.0879541108987
MH0280.snv.bam	0.0898661567878	0.0841300191205	0.0975143403442	0.0975143403442	0.0956022944551	0.0783938814532	0.0860420650096	0.116634799235	0.108986615679	0.0956022944551	0.103250478011	0.110898661568	0.110898661568	0.110898661568	0.108986615679	0.120458891013	0.101338432122	0.10707456979	0.114722753346	0.0917782026769	0.0	0.0975143403442	0.0975143403442	0.10707456979	0.101338432122	0.114722753346	0.0994263862333	0.0917782026769	0.0707456978967	0.112810707457	0.0898661567878	0.105162523901	0.120458891013	0.074569789675	0.0879541108987	0.0898661567878	0.10707456979	0.0726577437859
MH0329.snv.bam	0.0975143403442	0.108986615679	0.0458891013384	0.135755258126	0.12810707457	0.0764818355641	0.0956022944551	0.143403441683	0.10707456979	0.108986615679	0.124282982792	0.120458891013	0.120458891013	0.038240917782	0.0917782026769	0.141491395793	0.122370936902	0.131931166348	0.103250478011	0.10707456979	0.0975143403442	0.0	0.0439770554493	0.110898661568	0.122370936902	0.0879541108987	0.10707456979	0.0592734225621	0.0860420650096	0.133843212237	0.118546845124	0.105162523901	0.135755258126	0.0994263862333	0.114722753346	0.0994263862333	0.0917782026769	0.0956022944551
MH0367.snv.bam	0.093690248566	0.101338432122	0.0497131931166	0.114722753346	0.120458891013	0.0822179732314	0.0917782026769	0.143403441683	0.0860420650096	0.110898661568	0.0994263862333	0.122370936902	0.122370936902	0.0458891013384	0.0860420650096	0.133843212237	0.118546845124	0.122370936902	0.0822179732314	0.0917782026769	0.0975143403442	0.0439770554493	0.0	0.108986615679	0.118546845124	0.0822179732314	0.0956022944551	0.0516252390057	0.0917782026769	0.131931166348	0.124282982792	0.103250478011	0.135755258126	0.103250478011	0.10707456979	0.0917782026769	0.0860420650096	0.0879541108987
MH0394.snv.bam	0.114722753346	0.10707456979	0.120458891013	0.122370936902	0.130019120459	0.10707456979	0.108986615679	0.152963671128	0.135755258126	0.114722753346	0.130019120459	0.130019120459	0.130019120459	0.12810707457	0.130019120459	0.152963671128	0.145315487572	0.137667304015	0.139579349904	0.12810707457	0.10707456979	0.110898661568	0.108986615679	0.0	0.0133843212237	0.12810707457	0.105162523901	0.126195028681	0.108986615679	0.130019120459	0.118546845124	0.0267686424474	0.14913957935	0.10707456979	0.124282982792	0.10707456979	0.131931166348	0.108986615679
MH0440.snv.bam	0.105162523901	0.0994263862333	0.120458891013	0.110898661568	0.120458891013	0.103250478011	0.0975143403442	0.137667304015	0.12810707457	0.103250478011	0.124282982792	0.116634799235	0.116634799235	0.137667304015	0.122370936902	0.145315487572	0.131931166348	0.130019120459	0.126195028681	0.112810707457	0.101338432122	0.122370936902	0.118546845124	0.0133843212237	0.0	0.120458891013	0.114722753346	0.118546845124	0.10707456979	0.124282982792	0.105162523901	0.019120458891	0.141491395793	0.103250478011	0.118546845124	0.105162523901	0.120458891013	0.0994263862333
MH0442.snv.bam	0.103250478011	0.103250478011	0.0860420650096	0.133843212237	0.133843212237	0.10707456979	0.0879541108987	0.131931166348	0.0917782026769	0.122370936902	0.112810707457	0.131931166348	0.131931166348	0.0975143403442	0.0267686424474	0.130019120459	0.118546845124	0.108986615679	0.0650095602294	0.0975143403442	0.114722753346	0.0879541108987	0.0822179732314	0.12810707457	0.120458891013	0.0	0.112810707457	0.0898661567878	0.0975143403442	0.143403441683	0.124282982792	0.105162523901	0.151051625239	0.110898661568	0.122370936902	0.114722753346	0.0267686424474	0.0860420650096
MH0454.snv.bam	0.105162523901	0.110898661568	0.0994263862333	0.108986615679	0.116634799235	0.0803059273423	0.0956022944551	0.131931166348	0.120458891013	0.093690248566	0.116634799235	0.114722753346	0.114722753346	0.108986615679	0.126195028681	0.116634799235	0.105162523901	0.120458891013	0.108986615679	0.112810707457	0.0994263862333	0.10707456979	0.0956022944551	0.105162523901	0.114722753346	0.112810707457	0.0	0.108986615679	0.0898661567878	0.120458891013	0.10707456979	0.112810707457	0.12810707457	0.093690248566	0.118546845124	0.101338432122	0.124282982792	0.0841300191205
MMRS66868025ST-27-0-0.snv.bam	0.0994263862333	0.10707456979	0.0458891013384	0.110898661568	0.130019120459	0.0707456978967	0.0822179732314	0.137667304015	0.0898661567878	0.101338432122	0.0956022944551	0.105162523901	0.105162523901	0.0458891013384	0.093690248566	0.12810707457	0.103250478011	0.114722753346	0.0822179732314	0.101338432122	0.0917782026769	0.0592734225621	0.0516252390057	0.126195028681	0.118546845124	0.0898661567878	0.108986615679	0.0	0.0841300191205	0.114722753346	0.124282982792	0.105162523901	0.130019120459	0.093690248566	0.108986615679	0.0956022944551	0.0898661567878	0.0803059273423
MMRS77018926ST-27-0-0.snv.bam	0.0917782026769	0.0650095602294	0.0592734225621	0.0879541108987	0.0994263862333	0.0611854684512	0.0630975143403	0.126195028681	0.0707456978967	0.0917782026769	0.10707456979	0.093690248566	0.093690248566	0.0764818355641	0.101338432122	0.122370936902	0.10707456979	0.0803059273423	0.0898661567878	0.093690248566	0.0707456978967	0.0860420650096	0.0917782026769	0.108986615679	0.10707456979	0.0975143403442	0.0898661567878	0.0841300191205	0.0	0.105162523901	0.0994263862333	0.0956022944551	0.118546845124	0.0764818355641	0.101338432122	0.0860420650096	0.0994263862333	0.0630975143403
N022A.snv.bam	0.105162523901	0.126195028681	0.120458891013	0.122370936902	0.12810707457	0.108986615679	0.110898661568	0.151051625239	0.137667304015	0.108986615679	0.12810707457	0.120458891013	0.120458891013	0.135755258126	0.141491395793	0.130019120459	0.139579349904	0.135755258126	0.122370936902	0.126195028681	0.112810707457	0.133843212237	0.131931166348	0.130019120459	0.124282982792	0.143403441683	0.120458891013	0.114722753346	0.105162523901	0.0	0.135755258126	0.12810707457	0.0630975143403	0.093690248566	0.101338432122	0.124282982792	0.139579349904	0.0956022944551
O2.UC13-1.snv.bam	0.108986615679	0.0994263862333	0.118546845124	0.120458891013	0.0994263862333	0.0994263862333	0.105162523901	0.112810707457	0.130019120459	0.0917782026769	0.110898661568	0.120458891013	0.120458891013	0.126195028681	0.122370936902	0.143403441683	0.114722753346	0.122370936902	0.122370936902	0.105162523901	0.0898661567878	0.118546845124	0.124282982792	0.118546845124	0.105162523901	0.124282982792	0.10707456979	0.124282982792	0.0994263862333	0.135755258126	0.0	0.114722753346	0.145315487572	0.093690248566	0.105162523901	0.116634799235	0.12810707457	0.0956022944551
O2.UC40-1.snv.bam	0.10707456979	0.0898661567878	0.112810707457	0.116634799235	0.12810707457	0.103250478011	0.0917782026769	0.141491395793	0.116634799235	0.105162523901	0.131931166348	0.118546845124	0.118546845124	0.120458891013	0.110898661568	0.141491395793	0.133843212237	0.118546845124	0.130019120459	0.114722753346	0.105162523901	0.105162523901	0.103250478011	0.0267686424474	0.019120458891	0.105162523901	0.112810707457	0.105162523901	0.0956022944551	0.12810707457	0.114722753346	0.0	0.147227533461	0.101338432122	0.122370936902	0.103250478011	0.116634799235	0.0917782026769
SZEY-103A.snv.bam	0.110898661568	0.141491395793	0.124282982792	0.130019120459	0.131931166348	0.0975143403442	0.116634799235	0.158699808795	0.151051625239	0.118546845124	0.137667304015	0.122370936902	0.122370936902	0.139579349904	0.145315487572	0.147227533461	0.133843212237	0.14913957935	0.124282982792	0.126195028681	0.120458891013	0.135755258126	0.135755258126	0.14913957935	0.141491395793	0.151051625239	0.12810707457	0.130019120459	0.118546845124	0.0630975143403	0.145315487572	0.147227533461	0.0	0.101338432122	0.0975143403442	0.122370936902	0.143403441683	0.108986615679
T2D-108A.snv.bam	0.074569789675	0.0956022944551	0.0917782026769	0.093690248566	0.10707456979	0.0688336520076	0.0764818355641	0.120458891013	0.10707456979	0.0879541108987	0.0975143403442	0.103250478011	0.103250478011	0.105162523901	0.110898661568	0.116634799235	0.105162523901	0.110898661568	0.0975143403442	0.0994263862333	0.074569789675	0.0994263862333	0.103250478011	0.10707456979	0.103250478011	0.110898661568	0.093690248566	0.093690248566	0.0764818355641	0.093690248566	0.093690248566	0.101338432122	0.101338432122	0.0	0.0860420650096	0.0898661567878	0.110898661568	0.0726577437859
T2D-15A.snv.bam	0.0822179732314	0.0994263862333	0.101338432122	0.120458891013	0.101338432122	0.0917782026769	0.108986615679	0.137667304015	0.118546845124	0.0917782026769	0.118546845124	0.124282982792	0.124282982792	0.112810707457	0.118546845124	0.120458891013	0.112810707457	0.143403441683	0.105162523901	0.0994263862333	0.0879541108987	0.114722753346	0.10707456979	0.124282982792	0.118546845124	0.122370936902	0.118546845124	0.108986615679	0.101338432122	0.101338432122	0.105162523901	0.122370936902	0.0975143403442	0.0860420650096	0.0	0.110898661568	0.118546845124	0.101338432122
V1.FI04.snv.bam	0.0917782026769	0.0975143403442	0.0975143403442	0.101338432122	0.10707456979	0.0783938814532	0.0994263862333	0.133843212237	0.110898661568	0.0956022944551	0.110898661568	0.093690248566	0.0956022944551	0.108986615679	0.116634799235	0.130019120459	0.114722753346	0.126195028681	0.103250478011	0.093690248566	0.0898661567878	0.0994263862333	0.0917782026769	0.10707456979	0.105162523901	0.114722753346	0.101338432122	0.0956022944551	0.0860420650096	0.124282982792	0.116634799235	0.103250478011	0.122370936902	0.0898661567878	0.110898661568	0.0	0.110898661568	0.0803059273423
V1.FI16.snv.bam	0.0994263862333	0.10707456979	0.0860420650096	0.130019120459	0.126195028681	0.0975143403442	0.0879541108987	0.130019120459	0.0956022944551	0.118546845124	0.112810707457	0.126195028681	0.126195028681	0.101338432122	0.0172084130019	0.12810707457	0.112810707457	0.120458891013	0.0650095602294	0.0956022944551	0.10707456979	0.0917782026769	0.0860420650096	0.131931166348	0.120458891013	0.0267686424474	0.124282982792	0.0898661567878	0.0994263862333	0.139579349904	0.12810707457	0.116634799235	0.143403441683	0.110898661568	0.118546845124	0.110898661568	0.0	0.0917782026769
V1.UC43-0.snv.bam	0.0898661567878	0.0726577437859	0.0803059273423	0.0917782026769	0.0956022944551	0.074569789675	0.0707456978967	0.116634799235	0.0956022944551	0.0879541108987	0.093690248566	0.0994263862333	0.0994263862333	0.0898661567878	0.0917782026769	0.120458891013	0.0956022944551	0.093690248566	0.0956022944551	0.0879541108987	0.0726577437859	0.0956022944551	0.0879541108987	0.108986615679	0.0994263862333	0.0860420650096	0.0841300191205	0.0803059273423	0.0630975143403	0.0956022944551	0.0956022944551	0.0917782026769	0.108986615679	0.0726577437859	0.101338432122	0.0803059273423	0.0917782026769	0.0
