	158742018-stool1.snv.bam	159207311-stool1.snv.bam	159207311-stool3.snv.bam	764649650-stool1.snv.bam	764649650-stool2.snv.bam	CCIS20795251ST-4-0.snv.bam	CCIS44757994ST-4-0.snv.bam	CCIS74726977ST-3-0.snv.bam	MH0206.snv.bam	MH0257.snv.bam	MH0328.snv.bam	MH0338.snv.bam	MH0375.snv.bam	MH0391.snv.bam	MH0407.snv.bam	MH0419.snv.bam	MH0437.snv.bam	MH0445.snv.bam	MH0448.snv.bam	MH0453.snv.bam	MMRS33294861ST-27-0-0.snv.bam	MMRS93621581ST-27-0-0.snv.bam	NG-5636_628.snv.bam	V1.FI14.snv.bam	V1.UC58-4.snv.bam
158742018-stool1.snv.bam	0.0	0.0673383672088	0.0673995770636	0.113772513552	0.112874997786	0.244614937499	0.239795709846	0.244313708437	0.0809171008656	0.230958613013	0.22218802585	0.141505930239	0.165429519074	0.163467441706	0.273926858356	0.136892013877	0.171179191576	0.168444772114	0.27737575001	0.272125536722	0.259071406501	0.163112265065	0.174409185587	0.222461023979	0.19197703703
159207311-stool1.snv.bam	0.0673383672088	0.0	0.00111778530502	0.0649573571217	0.064388376979	0.24760364712	0.236949882199	0.24134707928	0.0495328583227	0.23431960176	0.199013703165	0.121332746348	0.145544714718	0.129996727059	0.259444438416	0.100052881605	0.157236010697	0.171143642761	0.274358277731	0.257635554305	0.246790204833	0.160092712616	0.158743863662	0.190187949708	0.171911857719
159207311-stool3.snv.bam	0.0673995770636	0.00111778530502	0.0	0.0645700008938	0.064028476411	0.247734138973	0.237220547371	0.241729648369	0.0493791507368	0.234961272576	0.199671396055	0.121492993441	0.142417447638	0.130507832368	0.260395772318	0.10029611026	0.157051018286	0.17211539004	0.275067195117	0.258159605414	0.247171253823	0.16020246838	0.158995915266	0.190582065204	0.171939721097
764649650-stool1.snv.bam	0.113772513552	0.0649573571217	0.0645700008938	0.0	0.000990358701444	0.259270910241	0.250906495222	0.24967672079	0.0776293057732	0.255333134539	0.192894949592	0.149651590733	0.145129898097	0.135692522406	0.282436335778	0.085120198361	0.173919099367	0.154165880748	0.286217457673	0.264210658691	0.268380238399	0.149081984783	0.188921984144	0.216358200126	0.168263377946
764649650-stool2.snv.bam	0.112874997786	0.064388376979	0.064028476411	0.000990358701444	0.0	0.259420346308	0.253947996139	0.252754836878	0.0781354277662	0.257075541513	0.195883417931	0.149924592877	0.145332503458	0.135791412051	0.282357071164	0.0881971170657	0.173947012121	0.154342520642	0.289100714078	0.263377066104	0.270964069049	0.15119090948	0.189909098805	0.219372193029	0.171589793348
CCIS20795251ST-4-0.snv.bam	0.244614937499	0.24760364712	0.247734138973	0.259270910241	0.259420346308	0.0	0.220054515002	0.246959501627	0.222880004209	0.221313778627	0.285774544547	0.227082846232	0.236321413864	0.243688981352	0.2304681626	0.248885562733	0.251853257714	0.266644922166	0.244467971254	0.212409666618	0.268402777778	0.267557190849	0.19288277512	0.188493752921	0.228331530641
CCIS44757994ST-4-0.snv.bam	0.239795709846	0.236949882199	0.237220547371	0.250906495222	0.253947996139	0.220054515002	0.0	0.217676364375	0.216368484235	0.0654115602394	0.264384144638	0.219403211038	0.231651863799	0.224136796661	0.243012538226	0.232372473783	0.238258868378	0.252346648943	0.206438535681	0.220306371744	0.24691205455	0.232415125362	0.17767563357	0.193017295238	0.218219386648
CCIS74726977ST-3-0.snv.bam	0.244313708437	0.24134707928	0.241729648369	0.24967672079	0.252754836878	0.246959501627	0.217676364375	0.0	0.214476425145	0.25055264117	0.259420815405	0.229373667406	0.247392143551	0.24975830484	0.253156341261	0.236220610318	0.251252722681	0.265400367079	0.270993475961	0.253277673314	0.229838053855	0.245949890242	0.203735718092	0.214939917146	0.225123028676
MH0206.snv.bam	0.0809171008656	0.0495328583227	0.0493791507368	0.0776293057732	0.0781354277662	0.222880004209	0.216368484235	0.214476425145	0.0	0.235441774119	0.18787195657	0.127429996383	0.126318122634	0.13171202423	0.255940970143	0.0834024441465	0.135230481798	0.143003167446	0.261004013493	0.238551124044	0.233296525788	0.150211084464	0.157083526738	0.192332652919	0.15060855858
MH0257.snv.bam	0.230958613013	0.23431960176	0.234961272576	0.255333134539	0.257075541513	0.221313778627	0.0654115602394	0.25055264117	0.235441774119	0.0	0.289416552372	0.227320399545	0.239694236687	0.235778021897	0.251108945152	0.244571856043	0.257292723828	0.265102141639	0.227069949351	0.239862517612	0.259575953172	0.241681245896	0.199842064188	0.20231167445	0.221477496155
MH0328.snv.bam	0.22218802585	0.199013703165	0.199671396055	0.192894949592	0.195883417931	0.285774544547	0.264384144638	0.259420815405	0.18787195657	0.289416552372	0.0	0.20687973765	0.204228319529	0.213341426717	0.301709681102	0.198701902766	0.216082772528	0.213145857667	0.275393447443	0.2938864613	0.304192766168	0.209536755501	0.211958968575	0.207594913786	0.218232057333
MH0338.snv.bam	0.141505930239	0.121332746348	0.121492993441	0.149651590733	0.149924592877	0.227082846232	0.219403211038	0.229373667406	0.127429996383	0.227320399545	0.20687973765	0.0	0.172928221991	0.125351853349	0.251768419105	0.132925648946	0.156583680805	0.159148149404	0.263342888332	0.243027439835	0.235236686391	0.179990006413	0.190017378345	0.181080501312	0.16013503417
MH0375.snv.bam	0.165429519074	0.145544714718	0.142417447638	0.145129898097	0.145332503458	0.236321413864	0.231651863799	0.247392143551	0.126318122634	0.239694236687	0.204228319529	0.172928221991	0.0	0.141839035859	0.249139231183	0.145447655827	0.185732896686	0.165323897701	0.239190363747	0.248620873676	0.274973240096	0.184258897912	0.190622974538	0.208661762823	0.166724618177
MH0391.snv.bam	0.163467441706	0.129996727059	0.130507832368	0.135692522406	0.135791412051	0.243688981352	0.224136796661	0.24975830484	0.13171202423	0.235778021897	0.213341426717	0.125351853349	0.141839035859	0.0	0.250874761505	0.145473584409	0.166402295031	0.147940589593	0.258388900912	0.242227053557	0.265999736382	0.173812704688	0.173797746408	0.171105218498	0.158317628268
MH0407.snv.bam	0.273926858356	0.259444438416	0.260395772318	0.282436335778	0.282357071164	0.2304681626	0.243012538226	0.253156341261	0.255940970143	0.251108945152	0.301709681102	0.251768419105	0.249139231183	0.250874761505	0.0	0.276901309552	0.305591186449	0.296662065301	0.236080321717	0.251881003443	0.266102361535	0.287939082175	0.209844196556	0.197429966881	0.209655230199
MH0419.snv.bam	0.136892013877	0.100052881605	0.10029611026	0.085120198361	0.0881971170657	0.248885562733	0.232372473783	0.236220610318	0.0834024441465	0.244571856043	0.198701902766	0.132925648946	0.145447655827	0.145473584409	0.276901309552	0.0	0.162755635483	0.124724663762	0.295680287684	0.26354868965	0.251166724555	0.141210978283	0.187961756424	0.208666234422	0.143734581965
MH0437.snv.bam	0.171179191576	0.157236010697	0.157051018286	0.173919099367	0.173947012121	0.251853257714	0.238258868378	0.251252722681	0.135230481798	0.257292723828	0.216082772528	0.156583680805	0.185732896686	0.166402295031	0.305591186449	0.162755635483	0.0	0.177028895649	0.313709604308	0.27252548921	0.287753412143	0.181508512971	0.20705043186	0.220295720852	0.189849445956
MH0445.snv.bam	0.168444772114	0.171143642761	0.17211539004	0.154165880748	0.154342520642	0.266644922166	0.252346648943	0.265400367079	0.143003167446	0.265102141639	0.213145857667	0.159148149404	0.165323897701	0.147940589593	0.296662065301	0.124724663762	0.177028895649	0.0	0.304378049273	0.283733172295	0.275248392194	0.143863933702	0.218890781257	0.235183250484	0.169824102856
MH0448.snv.bam	0.27737575001	0.274358277731	0.275067195117	0.286217457673	0.289100714078	0.244467971254	0.206438535681	0.270993475961	0.261004013493	0.227069949351	0.275393447443	0.263342888332	0.239190363747	0.258388900912	0.236080321717	0.295680287684	0.313709604308	0.304378049273	0.0	0.233399650551	0.266523924715	0.282554032493	0.186349205616	0.196514160596	0.229365666657
MH0453.snv.bam	0.272125536722	0.257635554305	0.258159605414	0.264210658691	0.263377066104	0.212409666618	0.220306371744	0.253277673314	0.238551124044	0.239862517612	0.2938864613	0.243027439835	0.248620873676	0.242227053557	0.251881003443	0.26354868965	0.27252548921	0.283733172295	0.233399650551	0.0	0.266579672251	0.274915914366	0.231364877746	0.217166450732	0.250771818117
MMRS33294861ST-27-0-0.snv.bam	0.259071406501	0.246790204833	0.247171253823	0.268380238399	0.270964069049	0.268402777778	0.24691205455	0.229838053855	0.233296525788	0.259575953172	0.304192766168	0.235236686391	0.274973240096	0.265999736382	0.266102361535	0.251166724555	0.287753412143	0.275248392194	0.266523924715	0.266579672251	0.0	0.273132253711	0.203007651263	0.234335858593	0.253475098198
MMRS93621581ST-27-0-0.snv.bam	0.163112265065	0.160092712616	0.16020246838	0.149081984783	0.15119090948	0.267557190849	0.232415125362	0.245949890242	0.150211084464	0.241681245896	0.209536755501	0.179990006413	0.184258897912	0.173812704688	0.287939082175	0.141210978283	0.181508512971	0.143863933702	0.282554032493	0.274915914366	0.273132253711	0.0	0.194519493457	0.218766523847	0.199094288051
NG-5636_628.snv.bam	0.174409185587	0.158743863662	0.158995915266	0.188921984144	0.189909098805	0.19288277512	0.17767563357	0.203735718092	0.157083526738	0.199842064188	0.211958968575	0.190017378345	0.190622974538	0.173797746408	0.209844196556	0.187961756424	0.20705043186	0.218890781257	0.186349205616	0.231364877746	0.203007651263	0.194519493457	0.0	0.130701417407	0.184124817311
V1.FI14.snv.bam	0.222461023979	0.190187949708	0.190582065204	0.216358200126	0.219372193029	0.188493752921	0.193017295238	0.214939917146	0.192332652919	0.20231167445	0.207594913786	0.181080501312	0.208661762823	0.171105218498	0.197429966881	0.208666234422	0.220295720852	0.235183250484	0.196514160596	0.217166450732	0.234335858593	0.218766523847	0.130701417407	0.0	0.167719833348
V1.UC58-4.snv.bam	0.19197703703	0.171911857719	0.171939721097	0.168263377946	0.171589793348	0.228331530641	0.218219386648	0.225123028676	0.15060855858	0.221477496155	0.218232057333	0.16013503417	0.166724618177	0.158317628268	0.209655230199	0.143734581965	0.189849445956	0.169824102856	0.229365666657	0.250771818117	0.253475098198	0.199094288051	0.184124817311	0.167719833348	0.0
