	BGI089A.snv.bam	CCIS25399172ST-4-0.snv.bam	CCMD12232071ST-21-0.snv.bam	MH0188.snv.bam	MH0238.snv.bam	MH0281.snv.bam	MH0332.snv.bam	MH0348.snv.bam	MH0385.snv.bam	MH0433.snv.bam	MMRS43563715ST-27-0-0.snv.bam	N047A.snv.bam	NLM021.snv.bam	O2.UC22-1.snv.bam	O2.UC41-1.snv.bam	SZEY-66A.snv.bam	V1.CD3-0-PN.snv.bam	V1.CD3-3-PN.snv.bam	V1.CD4-0-PN.snv.bam	V1.FI02.snv.bam	V1.FI11.snv.bam	V1.FI12.snv.bam	V1.FI13.snv.bam
BGI089A.snv.bam	0.0	0.102146190967	0.153707597806	0.15246200488	0.126423476283	0.119233313632	0.14948070795	0.115266654	0.111929107151	0.161731725753	0.109809083439	0.0918511824276	0.0998083809307	0.0872349600585	0.10828415806	0.0805132141467	0.103965882542	0.106592167386	0.137923046985	0.111680163353	0.140626864396	0.0937523770762	0.152297365255
CCIS25399172ST-4-0.snv.bam	0.102146190967	0.0	0.154916798443	0.153357706122	0.119007283103	0.11357312079	0.159118366055	0.099380504041	0.104741514174	0.162406392336	0.113708152446	0.0692378416977	0.113070694746	0.109486808541	0.119893674482	0.0880368921469	0.128281740268	0.133253230767	0.142045433662	0.115514509094	0.150772093425	0.113937437441	0.157593454077
CCMD12232071ST-21-0.snv.bam	0.153707597806	0.154916798443	0.0	0.0910303137499	0.0887769003913	0.168391676198	0.123547144814	0.13503590417	0.160384890164	0.095255105091	0.148237785509	0.154133201939	0.158499090897	0.148190081943	0.176916515801	0.146534893312	0.14606039807	0.146287574987	0.0836799084214	0.159320513292	0.110348662008	0.157657352032	0.102510362331
MH0188.snv.bam	0.15246200488	0.153357706122	0.0910303137499	0.0	0.0966805981779	0.163705438072	0.0975323955744	0.148734652918	0.160717802833	0.0892447192826	0.158170235439	0.156401791824	0.156529221032	0.159416474439	0.166569843013	0.150598527861	0.134300584583	0.137770436173	0.0954114309868	0.159471314252	0.104410964866	0.150416822726	0.0980327937744
MH0238.snv.bam	0.126423476283	0.119007283103	0.0887769003913	0.0966805981779	0.0	0.15789598762	0.103997366709	0.118757988964	0.153791315623	0.0932392241374	0.148452829947	0.136231536961	0.149574187672	0.130300742685	0.160447481991	0.124679584182	0.110186321077	0.109925771195	0.0624950927285	0.144823735778	0.109897066516	0.153291941081	0.106516882254
MH0281.snv.bam	0.119233313632	0.11357312079	0.168391676198	0.163705438072	0.15789598762	0.0	0.163858205321	0.144534456344	0.0573541210903	0.17054469289	0.137018618175	0.131756343395	0.119237503488	0.133964562123	0.129009677975	0.0933182147337	0.161801028564	0.165237596794	0.162948929346	0.127527531613	0.161006539378	0.123278984945	0.168613852783
MH0332.snv.bam	0.14948070795	0.159118366055	0.123547144814	0.0975323955744	0.103997366709	0.163858205321	0.0	0.155508521605	0.172236083737	0.101614951207	0.156421653226	0.154655853434	0.157806878741	0.155973635067	0.167936143762	0.148170276372	0.131488158408	0.132051625764	0.0918481150274	0.153881352275	0.108500494571	0.146357754556	0.104913969337
MH0348.snv.bam	0.115266654	0.099380504041	0.13503590417	0.148734652918	0.118757988964	0.144534456344	0.155508521605	0.0	0.136523994994	0.150506896115	0.125136595291	0.091017699627	0.125379354493	0.116274072778	0.0902968013396	0.10891930723	0.126637929896	0.123463980975	0.130230593448	0.135700570641	0.151917841221	0.119962585875	0.159082419609
MH0385.snv.bam	0.111929107151	0.104741514174	0.160384890164	0.160717802833	0.153791315623	0.0573541210903	0.172236083737	0.136523994994	0.0	0.172969636704	0.120020428373	0.11736406547	0.117554536604	0.133396405895	0.129543426196	0.088787773343	0.152528802101	0.155283112345	0.155449570322	0.124148768668	0.159188604439	0.121633974398	0.1673907119
MH0433.snv.bam	0.161731725753	0.162406392336	0.095255105091	0.0892447192826	0.0932392241374	0.17054469289	0.101614951207	0.150506896115	0.172969636704	0.0	0.165791958909	0.162605743336	0.170489259463	0.157166165772	0.175956251627	0.157372889093	0.150044334483	0.150742342536	0.0844420536611	0.157751920999	0.110302769651	0.158271290241	0.102703720855
MMRS43563715ST-27-0-0.snv.bam	0.109809083439	0.113708152446	0.148237785509	0.158170235439	0.148452829947	0.137018618175	0.156421653226	0.125136595291	0.120020428373	0.165791958909	0.0	0.0823375902739	0.100734112881	0.104926819213	0.121679480046	0.0904357497161	0.130151366179	0.136791215265	0.143666818146	0.116160668697	0.144058381393	0.10963690724	0.150900386384
N047A.snv.bam	0.0918511824276	0.0692378416977	0.154133201939	0.156401791824	0.136231536961	0.131756343395	0.154655853434	0.091017699627	0.11736406547	0.162605743336	0.0823375902739	0.0	0.0821342271493	0.0921240204753	0.108737940866	0.0750184605071	0.113081827898	0.121331781703	0.139036894586	0.112210766273	0.146329276754	0.102429045594	0.157798094686
NLM021.snv.bam	0.0998083809307	0.113070694746	0.158499090897	0.156529221032	0.149574187672	0.119237503488	0.157806878741	0.125379354493	0.117554536604	0.170489259463	0.100734112881	0.0821342271493	0.0	0.119023366958	0.117152344114	0.0922534936417	0.118281296006	0.118513539519	0.144233369019	0.114085215518	0.153510993964	0.118690073876	0.162522121005
O2.UC22-1.snv.bam	0.0872349600585	0.109486808541	0.148190081943	0.159416474439	0.130300742685	0.133964562123	0.155973635067	0.116274072778	0.133396405895	0.157166165772	0.104926819213	0.0921240204753	0.119023366958	0.0	0.126018852988	0.0874298261361	0.114232286281	0.117683036252	0.140865809373	0.118868110239	0.141747873343	0.0775796520314	0.155219954608
O2.UC41-1.snv.bam	0.10828415806	0.119893674482	0.176916515801	0.166569843013	0.160447481991	0.129009677975	0.167936143762	0.0902968013396	0.129543426196	0.175956251627	0.121679480046	0.108737940866	0.117152344114	0.126018852988	0.0	0.125745704246	0.148244564896	0.151534511017	0.157715743668	0.109464133682	0.160787287163	0.108349064785	0.171001016135
SZEY-66A.snv.bam	0.0805132141467	0.0880368921469	0.146534893312	0.150598527861	0.124679584182	0.0933182147337	0.148170276372	0.10891930723	0.088787773343	0.157372889093	0.0904357497161	0.0750184605071	0.0922534936417	0.0874298261361	0.125745704246	0.0	0.108119232157	0.112876408314	0.13484579652	0.113142421365	0.142937004564	0.117050302801	0.150565659372
V1.CD3-0-PN.snv.bam	0.103965882542	0.128281740268	0.14606039807	0.134300584583	0.110186321077	0.161801028564	0.131488158408	0.126637929896	0.152528802101	0.150044334483	0.130151366179	0.113081827898	0.118281296006	0.114232286281	0.148244564896	0.108119232157	0.0	0.00392934159033	0.124886004999	0.146827827152	0.127630812537	0.137007759582	0.131174256785
V1.CD3-3-PN.snv.bam	0.106592167386	0.133253230767	0.146287574987	0.137770436173	0.109925771195	0.165237596794	0.132051625764	0.123463980975	0.155283112345	0.150742342536	0.136791215265	0.121331781703	0.118513539519	0.117683036252	0.151534511017	0.112876408314	0.00392934159033	0.0	0.125193236543	0.153199373195	0.131861933738	0.141962317511	0.134011118562
V1.CD4-0-PN.snv.bam	0.137923046985	0.142045433662	0.0836799084214	0.0954114309868	0.0624950927285	0.162948929346	0.0918481150274	0.130230593448	0.155449570322	0.0844420536611	0.143666818146	0.139036894586	0.144233369019	0.140865809373	0.157715743668	0.13484579652	0.124886004999	0.125193236543	0.0	0.142070536783	0.102001293823	0.146544126354	0.0960579588496
V1.FI02.snv.bam	0.111680163353	0.115514509094	0.159320513292	0.159471314252	0.144823735778	0.127527531613	0.153881352275	0.135700570641	0.124148768668	0.157751920999	0.116160668697	0.112210766273	0.114085215518	0.118868110239	0.109464133682	0.113142421365	0.146827827152	0.153199373195	0.142070536783	0.0	0.151435325672	0.113050084677	0.160819985022
V1.FI11.snv.bam	0.140626864396	0.150772093425	0.110348662008	0.104410964866	0.109897066516	0.161006539378	0.108500494571	0.151917841221	0.159188604439	0.110302769651	0.144058381393	0.146329276754	0.153510993964	0.141747873343	0.160787287163	0.142937004564	0.127630812537	0.131861933738	0.102001293823	0.151435325672	0.0	0.127029623204	0.0254183897902
V1.FI12.snv.bam	0.0937523770762	0.113937437441	0.157657352032	0.150416822726	0.153291941081	0.123278984945	0.146357754556	0.119962585875	0.121633974398	0.158271290241	0.10963690724	0.102429045594	0.118690073876	0.0775796520314	0.108349064785	0.117050302801	0.137007759582	0.141962317511	0.146544126354	0.113050084677	0.127029623204	0.0	0.150105425024
V1.FI13.snv.bam	0.152297365255	0.157593454077	0.102510362331	0.0980327937744	0.106516882254	0.168613852783	0.104913969337	0.159082419609	0.1673907119	0.102703720855	0.150900386384	0.157798094686	0.162522121005	0.155219954608	0.171001016135	0.150565659372	0.131174256785	0.134011118562	0.0960579588496	0.160819985022	0.0254183897902	0.150105425024	0.0
