	159166850-stool2.snv.bam	764083206-stool1.snv.bam	764467579-stool3.snv.bam	BYQ_AAAI.snv.bam	BYQ_AAAP.snv.bam	BYQ_AAAY.snv.bam	BYQ_AABA.snv.bam	CCMD51864103ST-21-0.snv.bam	M1.3-V2.metaT.snv.bam	M4.1-V3.metaT.snv.bam	M4.6-V2.metaT.snv.bam	MH0211.snv.bam	MH0396.snv.bam	MH0441.snv.bam	MH0442.snv.bam	MMRS14602194ST-27-0-0.snv.bam	MMRS25641480ST-27-0-0.snv.bam	MMRS39415781ST-27-0-0.snv.bam	NG-5636_317.snv.bam	O2.UC40-1.snv.bam	SAMEA3136632.snv.bam	SAMEA3136673.snv.bam	V1.CD8-0-PN.snv.bam	alien-11-637-0.snv.bam	scavenger-11-0-0.snv.bam
159166850-stool2.snv.bam	0.0	0.093023255814	0.0988372093023	0.110465116279	0.0833333333333	0.0852713178295	0.18023255814	0.114341085271	0.100775193798	0.0794573643411	0.0678294573643	0.0581395348837	0.110465116279	0.104651162791	0.104651162791	0.18992248062	0.0755813953488	0.12984496124	0.100775193798	0.116279069767	0.0523255813953	0.0717054263566	0.156976744186	0.151162790698	0.0949612403101
764083206-stool1.snv.bam	0.093023255814	0.0	0.0290697674419	0.106589147287	0.0872093023256	0.0872093023256	0.170542635659	0.131782945736	0.100775193798	0.112403100775	0.0988372093023	0.0755813953488	0.100775193798	0.0872093023256	0.0794573643411	0.135658914729	0.093023255814	0.0697674418605	0.0988372093023	0.131782945736	0.0542635658915	0.0968992248062	0.166666666667	0.160852713178	0.112403100775
764467579-stool3.snv.bam	0.0988372093023	0.0290697674419	0.0	0.153100775194	0.112403100775	0.114341085271	0.18023255814	0.124031007752	0.0988372093023	0.104651162791	0.0872093023256	0.0988372093023	0.0968992248062	0.0949612403101	0.0910852713178	0.151162790698	0.127906976744	0.116279069767	0.110465116279	0.135658914729	0.0639534883721	0.131782945736	0.207364341085	0.166666666667	0.104651162791
BYQ_AAAI.snv.bam	0.110465116279	0.106589147287	0.153100775194	0.0	0.0968992248062	0.0988372093023	0.18023255814	0.15503875969	0.137596899225	0.133720930233	0.12015503876	0.0755813953488	0.151162790698	0.143410852713	0.143410852713	0.207364341085	0.0736434108527	0.125968992248	0.112403100775	0.168604651163	0.0833333333333	0.0968992248062	0.162790697674	0.15503875969	0.127906976744
BYQ_AAAP.snv.bam	0.0833333333333	0.0872093023256	0.112403100775	0.0968992248062	0.0	0.0	0.18992248062	0.143410852713	0.116279069767	0.108527131783	0.0968992248062	0.0503875968992	0.12984496124	0.108527131783	0.133720930233	0.201550387597	0.062015503876	0.114341085271	0.12015503876	0.147286821705	0.0600775193798	0.0736434108527	0.15503875969	0.166666666667	0.0968992248062
BYQ_AAAY.snv.bam	0.0852713178295	0.0872093023256	0.114341085271	0.0988372093023	0.0	0.0	0.178294573643	0.143410852713	0.116279069767	0.108527131783	0.0968992248062	0.0542635658915	0.127906976744	0.106589147287	0.133720930233	0.199612403101	0.0639534883721	0.114341085271	0.12015503876	0.141472868217	0.0600775193798	0.0755813953488	0.153100775194	0.158914728682	0.0968992248062
BYQ_AABA.snv.bam	0.18023255814	0.170542635659	0.18023255814	0.18023255814	0.18992248062	0.178294573643	0.0	0.15503875969	0.164728682171	0.164728682171	0.145348837209	0.168604651163	0.164728682171	0.170542635659	0.168604651163	0.174418604651	0.191860465116	0.205426356589	0.15503875969	0.170542635659	0.141472868217	0.187984496124	0.253875968992	0.116279069767	0.112403100775
CCMD51864103ST-21-0.snv.bam	0.114341085271	0.131782945736	0.124031007752	0.15503875969	0.143410852713	0.143410852713	0.15503875969	0.0	0.124031007752	0.12015503876	0.0988372093023	0.112403100775	0.124031007752	0.124031007752	0.127906976744	0.18992248062	0.149224806202	0.18023255814	0.114341085271	0.127906976744	0.0872093023256	0.149224806202	0.217054263566	0.141472868217	0.0852713178295
M1.3-V2.metaT.snv.bam	0.100775193798	0.100775193798	0.0988372093023	0.137596899225	0.116279069767	0.116279069767	0.164728682171	0.124031007752	0.0	0.0736434108527	0.0542635658915	0.0562015503876	0.0833333333333	0.0833333333333	0.0833333333333	0.174418604651	0.0891472868217	0.127906976744	0.077519379845	0.0968992248062	0.0562015503876	0.110465116279	0.182170542636	0.149224806202	0.0949612403101
M4.1-V3.metaT.snv.bam	0.0794573643411	0.112403100775	0.104651162791	0.133720930233	0.108527131783	0.108527131783	0.164728682171	0.12015503876	0.0736434108527	0.0	0.0	0.0891472868217	0.0949612403101	0.110465116279	0.0678294573643	0.178294573643	0.106589147287	0.143410852713	0.0852713178295	0.116279069767	0.0503875968992	0.0910852713178	0.187984496124	0.141472868217	0.0852713178295
M4.6-V2.metaT.snv.bam	0.0678294573643	0.0988372093023	0.0872093023256	0.12015503876	0.0968992248062	0.0968992248062	0.145348837209	0.0988372093023	0.0542635658915	0.0	0.0	0.0755813953488	0.0717054263566	0.0910852713178	0.0581395348837	0.15503875969	0.0968992248062	0.12984496124	0.077519379845	0.104651162791	0.0445736434109	0.0833333333333	0.178294573643	0.12015503876	0.0658914728682
MH0211.snv.bam	0.0581395348837	0.0755813953488	0.0988372093023	0.0755813953488	0.0503875968992	0.0542635658915	0.168604651163	0.112403100775	0.0562015503876	0.0891472868217	0.0755813953488	0.0	0.0872093023256	0.0813953488372	0.118217054264	0.187984496124	0.0290697674419	0.100775193798	0.0755813953488	0.110465116279	0.031007751938	0.0523255813953	0.125968992248	0.151162790698	0.0968992248062
MH0396.snv.bam	0.110465116279	0.100775193798	0.0968992248062	0.151162790698	0.12984496124	0.127906976744	0.164728682171	0.124031007752	0.0833333333333	0.0949612403101	0.0717054263566	0.0872093023256	0.0	0.100775193798	0.0988372093023	0.149224806202	0.12984496124	0.147286821705	0.114341085271	0.108527131783	0.0678294573643	0.122093023256	0.0891472868217	0.15503875969	0.0872093023256
MH0441.snv.bam	0.104651162791	0.0872093023256	0.0949612403101	0.143410852713	0.108527131783	0.106589147287	0.170542635659	0.124031007752	0.0833333333333	0.110465116279	0.0910852713178	0.0813953488372	0.100775193798	0.0	0.108527131783	0.186046511628	0.0949612403101	0.143410852713	0.0949612403101	0.106589147287	0.0503875968992	0.110465116279	0.18023255814	0.162790697674	0.0949612403101
MH0442.snv.bam	0.104651162791	0.0794573643411	0.0910852713178	0.143410852713	0.133720930233	0.133720930233	0.168604651163	0.127906976744	0.0833333333333	0.0678294573643	0.0581395348837	0.118217054264	0.0988372093023	0.108527131783	0.0	0.176356589147	0.147286821705	0.151162790698	0.110465116279	0.124031007752	0.0329457364341	0.124031007752	0.203488372093	0.149224806202	0.0949612403101
MMRS14602194ST-27-0-0.snv.bam	0.18992248062	0.135658914729	0.151162790698	0.207364341085	0.201550387597	0.199612403101	0.174418604651	0.18992248062	0.174418604651	0.178294573643	0.15503875969	0.187984496124	0.149224806202	0.186046511628	0.176356589147	0.0	0.209302325581	0.160852713178	0.186046511628	0.162790697674	0.151162790698	0.207364341085	0.242248062016	0.178294573643	0.139534883721
MMRS25641480ST-27-0-0.snv.bam	0.0755813953488	0.093023255814	0.127906976744	0.0736434108527	0.062015503876	0.0639534883721	0.191860465116	0.149224806202	0.0891472868217	0.106589147287	0.0968992248062	0.0290697674419	0.12984496124	0.0949612403101	0.147286821705	0.209302325581	0.0	0.108527131783	0.0717054263566	0.135658914729	0.0697674418605	0.0542635658915	0.139534883721	0.172480620155	0.127906976744
MMRS39415781ST-27-0-0.snv.bam	0.12984496124	0.0697674418605	0.116279069767	0.125968992248	0.114341085271	0.114341085271	0.205426356589	0.18023255814	0.127906976744	0.143410852713	0.12984496124	0.100775193798	0.147286821705	0.143410852713	0.151162790698	0.160852713178	0.108527131783	0.0	0.137596899225	0.160852713178	0.0968992248062	0.112403100775	0.186046511628	0.172480620155	0.143410852713
NG-5636_317.snv.bam	0.100775193798	0.0988372093023	0.110465116279	0.112403100775	0.12015503876	0.12015503876	0.15503875969	0.114341085271	0.077519379845	0.0852713178295	0.077519379845	0.0755813953488	0.114341085271	0.0949612403101	0.110465116279	0.186046511628	0.0717054263566	0.137596899225	0.0	0.118217054264	0.062015503876	0.125968992248	0.203488372093	0.151162790698	0.104651162791
O2.UC40-1.snv.bam	0.116279069767	0.131782945736	0.135658914729	0.168604651163	0.147286821705	0.141472868217	0.170542635659	0.127906976744	0.0968992248062	0.116279069767	0.104651162791	0.110465116279	0.108527131783	0.106589147287	0.124031007752	0.162790697674	0.135658914729	0.160852713178	0.118217054264	0.0	0.0872093023256	0.141472868217	0.211240310078	0.156976744186	0.0891472868217
SAMEA3136632.snv.bam	0.0523255813953	0.0542635658915	0.0639534883721	0.0833333333333	0.0600775193798	0.0600775193798	0.141472868217	0.0872093023256	0.0562015503876	0.0503875968992	0.0445736434109	0.031007751938	0.0678294573643	0.0503875968992	0.0329457364341	0.151162790698	0.0697674418605	0.0968992248062	0.062015503876	0.0872093023256	0.0	0.0717054263566	0.151162790698	0.122093023256	0.0697674418605
SAMEA3136673.snv.bam	0.0717054263566	0.0968992248062	0.131782945736	0.0968992248062	0.0736434108527	0.0755813953488	0.187984496124	0.149224806202	0.110465116279	0.0910852713178	0.0833333333333	0.0523255813953	0.122093023256	0.110465116279	0.124031007752	0.207364341085	0.0542635658915	0.112403100775	0.125968992248	0.141472868217	0.0717054263566	0.0	0.147286821705	0.172480620155	0.116279069767
V1.CD8-0-PN.snv.bam	0.156976744186	0.166666666667	0.207364341085	0.162790697674	0.15503875969	0.153100775194	0.253875968992	0.217054263566	0.182170542636	0.187984496124	0.178294573643	0.125968992248	0.0891472868217	0.18023255814	0.203488372093	0.242248062016	0.139534883721	0.186046511628	0.203488372093	0.211240310078	0.151162790698	0.147286821705	0.0	0.222868217054	0.178294573643
alien-11-637-0.snv.bam	0.151162790698	0.160852713178	0.166666666667	0.15503875969	0.166666666667	0.158914728682	0.116279069767	0.141472868217	0.149224806202	0.141472868217	0.12015503876	0.151162790698	0.15503875969	0.162790697674	0.149224806202	0.178294573643	0.172480620155	0.172480620155	0.151162790698	0.156976744186	0.122093023256	0.172480620155	0.222868217054	0.0	0.122093023256
scavenger-11-0-0.snv.bam	0.0949612403101	0.112403100775	0.104651162791	0.127906976744	0.0968992248062	0.0968992248062	0.112403100775	0.0852713178295	0.0949612403101	0.0852713178295	0.0658914728682	0.0968992248062	0.0872093023256	0.0949612403101	0.0949612403101	0.139534883721	0.127906976744	0.143410852713	0.104651162791	0.0891472868217	0.0697674418605	0.116279069767	0.178294573643	0.122093023256	0.0
