	CCIS14449628ST-4-0.snv.bam	CCIS16561622ST-4-0.snv.bam	CCIS51595129ST-4-0.snv.bam	CCIS63468405ST-4-0.snv.bam	CCIS74239020ST-4-0.snv.bam	CCIS87605453ST-4-0.snv.bam	M2.4-V1.metaG.snv.bam	M2.4-V1.metaT.snv.bam	M2.4-V3.metaG.snv.bam	M2.4-V3.metaT.snv.bam	MH0192.snv.bam	MH0220.snv.bam	MH0265.snv.bam	MH0323.snv.bam	MH0383.snv.bam	MH0409.snv.bam	MH0430.snv.bam	MMRS34569532ST-27-0-0.snv.bam	MMRS51737257ST-27-0-0.snv.bam	MMRS93621581ST-27-0-0.snv.bam	SZEY-74A.snv.bam	T2D-19A.snv.bam	T2D-33A.snv.bam
CCIS14449628ST-4-0.snv.bam	0.0	0.174224343675	0.198090692124	0.200477326969	0.205250596659	0.212410501193	0.217183770883	0.136038186158	0.219570405728	0.174224343675	0.205250596659	0.195704057279	0.210023866348	0.190930787589	0.178997613365	0.195704057279	0.207637231504	0.147971360382	0.143198090692	0.133651551313	0.126491646778	0.152744630072	0.169451073986
CCIS16561622ST-4-0.snv.bam	0.174224343675	0.0	0.0954653937947	0.152744630072	0.102625298329	0.100238663484	0.0811455847255	0.0668257756563	0.0835322195704	0.0787589498807	0.121718377088	0.0954653937947	0.112171837709	0.102625298329	0.124105011933	0.0978520286396	0.112171837709	0.1861575179	0.198090692124	0.188544152745	0.188544152745	0.193317422434	0.221957040573
CCIS51595129ST-4-0.snv.bam	0.198090692124	0.0954653937947	0.0	0.138424821002	0.107398568019	0.0835322195704	0.0954653937947	0.054892601432	0.0978520286396	0.0763723150358	0.107398568019	0.100238663484	0.0978520286396	0.0739856801909	0.105011933174	0.107398568019	0.0978520286396	0.190930787589	0.202863961814	0.190930787589	0.193317422434	0.198090692124	0.229116945107
CCIS63468405ST-4-0.snv.bam	0.200477326969	0.152744630072	0.138424821002	0.0	0.145584725537	0.136038186158	0.157517899761	0.090692124105	0.157517899761	0.119331742243	0.126491646778	0.131264916468	0.150357995227	0.126491646778	0.145584725537	0.155131264916	0.145584725537	0.193317422434	0.1861575179	0.183770883055	0.190930787589	0.198090692124	0.221957040573
CCIS74239020ST-4-0.snv.bam	0.205250596659	0.102625298329	0.107398568019	0.145584725537	0.0	0.0954653937947	0.121718377088	0.0811455847255	0.124105011933	0.109785202864	0.138424821002	0.00238663484487	0.119331742243	0.100238663484	0.143198090692	0.105011933174	0.109785202864	0.193317422434	0.205250596659	0.193317422434	0.200477326969	0.202863961814	0.231503579952
CCIS87605453ST-4-0.snv.bam	0.212410501193	0.100238663484	0.0835322195704	0.136038186158	0.0954653937947	0.0	0.0835322195704	0.0501193317422	0.0883054892601	0.0644391408115	0.121718377088	0.0859188544153	0.090692124105	0.0954653937947	0.124105011933	0.0978520286396	0.0835322195704	0.205250596659	0.217183770883	0.198090692124	0.207637231504	0.210023866348	0.238663484487
M2.4-V1.metaG.snv.bam	0.217183770883	0.0811455847255	0.0954653937947	0.157517899761	0.121718377088	0.0835322195704	0.0	0.0	0.0	0.0	0.116945107399	0.109785202864	0.102625298329	0.107398568019	0.131264916468	0.0835322195704	0.107398568019	0.210023866348	0.221957040573	0.207637231504	0.210023866348	0.210023866348	0.248210023866
M2.4-V1.metaT.snv.bam	0.136038186158	0.0668257756563	0.054892601432	0.090692124105	0.0811455847255	0.0501193317422	0.0	0.0	0.0	0.0	0.0596658711217	0.0739856801909	0.054892601432	0.0525059665871	0.0620525059666	0.0477326968974	0.0501193317422	0.112171837709	0.133651551313	0.124105011933	0.121718377088	0.109785202864	0.147971360382
M2.4-V3.metaG.snv.bam	0.219570405728	0.0835322195704	0.0978520286396	0.157517899761	0.124105011933	0.0883054892601	0.0	0.0	0.0	0.0	0.119331742243	0.112171837709	0.105011933174	0.109785202864	0.133651551313	0.0859188544153	0.109785202864	0.212410501193	0.224343675418	0.210023866348	0.212410501193	0.212410501193	0.250596658711
M2.4-V3.metaT.snv.bam	0.174224343675	0.0787589498807	0.0763723150358	0.119331742243	0.109785202864	0.0644391408115	0.0	0.0	0.0	0.0	0.0883054892601	0.0954653937947	0.0787589498807	0.0811455847255	0.0978520286396	0.0692124105012	0.0787589498807	0.164677804296	0.169451073986	0.164677804296	0.167064439141	0.159904534606	0.198090692124
MH0192.snv.bam	0.205250596659	0.121718377088	0.107398568019	0.126491646778	0.138424821002	0.121718377088	0.116945107399	0.0596658711217	0.119331742243	0.0883054892601	0.0	0.124105011933	0.0954653937947	0.105011933174	0.119331742243	0.100238663484	0.119331742243	0.207637231504	0.212410501193	0.198090692124	0.207637231504	0.207637231504	0.238663484487
MH0220.snv.bam	0.195704057279	0.0954653937947	0.100238663484	0.131264916468	0.00238663484487	0.0859188544153	0.109785202864	0.0739856801909	0.112171837709	0.0954653937947	0.124105011933	0.0	0.105011933174	0.0930787589499	0.133651551313	0.090692124105	0.100238663484	0.178997613365	0.190930787589	0.178997613365	0.188544152745	0.193317422434	0.219570405728
MH0265.snv.bam	0.210023866348	0.112171837709	0.0978520286396	0.150357995227	0.119331742243	0.090692124105	0.102625298329	0.054892601432	0.105011933174	0.0787589498807	0.0954653937947	0.105011933174	0.0	0.109785202864	0.131264916468	0.090692124105	0.090692124105	0.212410501193	0.219570405728	0.207637231504	0.212410501193	0.214797136038	0.245823389021
MH0323.snv.bam	0.190930787589	0.102625298329	0.0739856801909	0.126491646778	0.100238663484	0.0954653937947	0.107398568019	0.0525059665871	0.109785202864	0.0811455847255	0.105011933174	0.0930787589499	0.109785202864	0.0	0.102625298329	0.090692124105	0.105011933174	0.188544152745	0.195704057279	0.1861575179	0.195704057279	0.190930787589	0.221957040573
MH0383.snv.bam	0.178997613365	0.124105011933	0.105011933174	0.145584725537	0.143198090692	0.124105011933	0.131264916468	0.0620525059666	0.133651551313	0.0978520286396	0.119331742243	0.133651551313	0.131264916468	0.102625298329	0.0	0.116945107399	0.121718377088	0.18138424821	0.178997613365	0.17661097852	0.178997613365	0.18138424821	0.212410501193
MH0409.snv.bam	0.195704057279	0.0978520286396	0.107398568019	0.155131264916	0.105011933174	0.0978520286396	0.0835322195704	0.0477326968974	0.0859188544153	0.0692124105012	0.100238663484	0.090692124105	0.090692124105	0.090692124105	0.116945107399	0.0	0.114558472554	0.193317422434	0.200477326969	0.188544152745	0.198090692124	0.195704057279	0.231503579952
MH0430.snv.bam	0.207637231504	0.112171837709	0.0978520286396	0.145584725537	0.109785202864	0.0835322195704	0.107398568019	0.0501193317422	0.109785202864	0.0787589498807	0.119331742243	0.100238663484	0.090692124105	0.105011933174	0.121718377088	0.114558472554	0.0	0.202863961814	0.214797136038	0.198090692124	0.205250596659	0.214797136038	0.236276849642
MMRS34569532ST-27-0-0.snv.bam	0.147971360382	0.1861575179	0.190930787589	0.193317422434	0.193317422434	0.205250596659	0.210023866348	0.112171837709	0.212410501193	0.164677804296	0.207637231504	0.178997613365	0.212410501193	0.188544152745	0.18138424821	0.193317422434	0.202863961814	0.0	0.133651551313	0.140811455847	0.131264916468	0.145584725537	0.157517899761
MMRS51737257ST-27-0-0.snv.bam	0.143198090692	0.198090692124	0.202863961814	0.1861575179	0.205250596659	0.217183770883	0.221957040573	0.133651551313	0.224343675418	0.169451073986	0.212410501193	0.190930787589	0.219570405728	0.195704057279	0.178997613365	0.200477326969	0.214797136038	0.133651551313	0.0	0.100238663484	0.102625298329	0.128878281623	0.140811455847
MMRS93621581ST-27-0-0.snv.bam	0.133651551313	0.188544152745	0.190930787589	0.183770883055	0.193317422434	0.198090692124	0.207637231504	0.124105011933	0.210023866348	0.164677804296	0.198090692124	0.178997613365	0.207637231504	0.1861575179	0.17661097852	0.188544152745	0.198090692124	0.140811455847	0.100238663484	0.0	0.109785202864	0.128878281623	0.140811455847
SZEY-74A.snv.bam	0.126491646778	0.188544152745	0.193317422434	0.190930787589	0.200477326969	0.207637231504	0.210023866348	0.121718377088	0.212410501193	0.167064439141	0.207637231504	0.188544152745	0.212410501193	0.195704057279	0.178997613365	0.198090692124	0.205250596659	0.131264916468	0.102625298329	0.109785202864	0.0	0.124105011933	0.109785202864
T2D-19A.snv.bam	0.152744630072	0.193317422434	0.198090692124	0.198090692124	0.202863961814	0.210023866348	0.210023866348	0.109785202864	0.212410501193	0.159904534606	0.207637231504	0.193317422434	0.214797136038	0.190930787589	0.18138424821	0.195704057279	0.214797136038	0.145584725537	0.128878281623	0.128878281623	0.124105011933	0.0	0.150357995227
T2D-33A.snv.bam	0.169451073986	0.221957040573	0.229116945107	0.221957040573	0.231503579952	0.238663484487	0.248210023866	0.147971360382	0.250596658711	0.198090692124	0.238663484487	0.219570405728	0.245823389021	0.221957040573	0.212410501193	0.231503579952	0.236276849642	0.157517899761	0.140811455847	0.140811455847	0.109785202864	0.150357995227	0.0
