	BYQ_AAAD.snv.bam	BYQ_AAAX.snv.bam	CCIS03473770ST-4-0.snv.bam	CCIS07277498ST-4-0.snv.bam	CCIS11362406ST-4-0.snv.bam	CCIS23164343ST-4-0.snv.bam	CCIS27927933ST-4-0.snv.bam	CCIS70398272ST-4-0.snv.bam	CCIS81139242ST-4-0.snv.bam	CCIS90164298ST-4-0.snv.bam	CCIS95409808ST-4-0.snv.bam	CCIS98832363ST-4-0.snv.bam	M1.1-V1.metaG.snv.bam	MMRS78791111ST-27-0-0.snv.bam	MMRS80093644ST-27-0-0.snv.bam	MMRS91297590ST-27-0-0.snv.bam	MMRS95479054ST-27-0-0.snv.bam	NG-5636_317.snv.bam	NG-5636_353.snv.bam	NG-5636_457.snv.bam	NG-5636_458.snv.bam	NG-5636_483.snv.bam	NG-5636_529.snv.bam	NG-5636_543.snv.bam	O2.UC22-1.snv.bam	O2.UC6-0.snv.bam	O2.UC6-1.snv.bam	O2.UC8-0.snv.bam	V1.CD22-0.snv.bam	V1.CD45-0.snv.bam	V1.FI27.snv.bam	V1.FI37.snv.bam	V1.UC22-1.snv.bam	alien-11-60-0.snv.bam	peacemaker-11-0-0.snv.bam	peacemaker-11-2-0.snv.bam	peacemaker-11-7-0.snv.bam	peacemaker-11-773-0.snv.bam	scavenger-11-60-0.snv.bam
BYQ_AAAD.snv.bam	0.0	0.0	0.151315789474	0.164473684211	0.105263157895	0.157894736842	0.184210526316	0.171052631579	0.197368421053	0.144736842105	0.151315789474	0.125	0.164473684211	0.157894736842	0.190789473684	0.131578947368	0.105263157895	0.125	0.164473684211	0.164473684211	0.144736842105	0.144736842105	0.118421052632	0.105263157895	0.184210526316	0.151315789474	0.177631578947	0.131578947368	0.157894736842	0.131578947368	0.131578947368	0.111842105263	0.0986842105263	0.0986842105263	0.138157894737	0.138157894737	0.131578947368	0.138157894737	0.105263157895
BYQ_AAAX.snv.bam	0.0	0.0	0.151315789474	0.164473684211	0.105263157895	0.157894736842	0.184210526316	0.171052631579	0.197368421053	0.144736842105	0.151315789474	0.125	0.164473684211	0.157894736842	0.190789473684	0.131578947368	0.105263157895	0.125	0.164473684211	0.164473684211	0.144736842105	0.144736842105	0.118421052632	0.105263157895	0.184210526316	0.151315789474	0.177631578947	0.131578947368	0.157894736842	0.131578947368	0.131578947368	0.111842105263	0.0986842105263	0.0986842105263	0.138157894737	0.138157894737	0.131578947368	0.138157894737	0.105263157895
CCIS03473770ST-4-0.snv.bam	0.151315789474	0.151315789474	0.0	0.118421052632	0.151315789474	0.0986842105263	0.164473684211	0.111842105263	0.151315789474	0.144736842105	0.125	0.0921052631579	0.131578947368	0.0855263157895	0.118421052632	0.105263157895	0.118421052632	0.105263157895	0.138157894737	0.144736842105	0.0592105263158	0.125	0.111842105263	0.0723684210526	0.125	0.131578947368	0.131578947368	0.111842105263	0.138157894737	0.138157894737	0.177631578947	0.105263157895	0.0723684210526	0.125	0.131578947368	0.131578947368	0.131578947368	0.131578947368	0.0789473684211
CCIS07277498ST-4-0.snv.bam	0.164473684211	0.164473684211	0.118421052632	0.0	0.151315789474	0.0986842105263	0.230263157895	0.0723684210526	0.164473684211	0.111842105263	0.125	0.118421052632	0.0921052631579	0.0986842105263	0.0789473684211	0.125	0.138157894737	0.144736842105	0.118421052632	0.144736842105	0.151315789474	0.151315789474	0.164473684211	0.125	0.164473684211	0.144736842105	0.171052631579	0.111842105263	0.125	0.0855263157895	0.177631578947	0.144736842105	0.0986842105263	0.105263157895	0.210526315789	0.210526315789	0.203947368421	0.210526315789	0.131578947368
CCIS11362406ST-4-0.snv.bam	0.105263157895	0.105263157895	0.151315789474	0.151315789474	0.0	0.184210526316	0.197368421053	0.157894736842	0.131578947368	0.118421052632	0.118421052632	0.105263157895	0.138157894737	0.118421052632	0.177631578947	0.157894736842	0.118421052632	0.138157894737	0.151315789474	0.0986842105263	0.144736842105	0.157894736842	0.118421052632	0.111842105263	0.118421052632	0.111842105263	0.138157894737	0.0921052631579	0.0921052631579	0.105263157895	0.105263157895	0.125	0.0986842105263	0.0921052631579	0.138157894737	0.138157894737	0.138157894737	0.138157894737	0.111842105263
CCIS23164343ST-4-0.snv.bam	0.157894736842	0.157894736842	0.0986842105263	0.0986842105263	0.184210526316	0.0	0.171052631579	0.0789473684211	0.171052631579	0.131578947368	0.105263157895	0.0789473684211	0.151315789474	0.118421052632	0.164473684211	0.0723684210526	0.118421052632	0.111842105263	0.151315789474	0.138157894737	0.157894736842	0.118421052632	0.118421052632	0.118421052632	0.157894736842	0.151315789474	0.151315789474	0.171052631579	0.157894736842	0.144736842105	0.171052631579	0.138157894737	0.0986842105263	0.105263157895	0.151315789474	0.151315789474	0.144736842105	0.151315789474	0.0855263157895
CCIS27927933ST-4-0.snv.bam	0.184210526316	0.184210526316	0.164473684211	0.230263157895	0.197368421053	0.171052631579	0.0	0.184210526316	0.197368421053	0.184210526316	0.164473684211	0.151315789474	0.230263157895	0.210526315789	0.256578947368	0.118421052632	0.138157894737	0.177631578947	0.171052631579	0.144736842105	0.197368421053	0.184210526316	0.157894736842	0.131578947368	0.177631578947	0.217105263158	0.217105263158	0.197368421053	0.210526315789	0.203947368421	0.223684210526	0.203947368421	0.157894736842	0.177631578947	0.125	0.125	0.125	0.125	0.151315789474
CCIS70398272ST-4-0.snv.bam	0.171052631579	0.171052631579	0.111842105263	0.0723684210526	0.157894736842	0.0789473684211	0.184210526316	0.0	0.105263157895	0.105263157895	0.0921052631579	0.0789473684211	0.0855263157895	0.131578947368	0.111842105263	0.0789473684211	0.118421052632	0.125	0.111842105263	0.0986842105263	0.157894736842	0.118421052632	0.105263157895	0.131578947368	0.118421052632	0.125	0.125	0.131578947368	0.157894736842	0.131578947368	0.184210526316	0.138157894737	0.111842105263	0.131578947368	0.164473684211	0.164473684211	0.157894736842	0.164473684211	0.0723684210526
CCIS81139242ST-4-0.snv.bam	0.197368421053	0.197368421053	0.151315789474	0.164473684211	0.131578947368	0.171052631579	0.197368421053	0.105263157895	0.0	0.131578947368	0.105263157895	0.105263157895	0.164473684211	0.131578947368	0.190789473684	0.157894736842	0.138157894737	0.177631578947	0.118421052632	0.0986842105263	0.210526315789	0.184210526316	0.144736842105	0.177631578947	0.131578947368	0.190789473684	0.190789473684	0.171052631579	0.131578947368	0.157894736842	0.184210526316	0.177631578947	0.138157894737	0.151315789474	0.190789473684	0.190789473684	0.190789473684	0.190789473684	0.111842105263
CCIS90164298ST-4-0.snv.bam	0.144736842105	0.144736842105	0.144736842105	0.111842105263	0.118421052632	0.131578947368	0.184210526316	0.105263157895	0.131578947368	0.0	0.0592105263158	0.0657894736842	0.164473684211	0.157894736842	0.151315789474	0.138157894737	0.0789473684211	0.138157894737	0.111842105263	0.0986842105263	0.171052631579	0.118421052632	0.144736842105	0.118421052632	0.144736842105	0.171052631579	0.177631578947	0.118421052632	0.118421052632	0.0263157894737	0.184210526316	0.164473684211	0.125	0.0723684210526	0.138157894737	0.138157894737	0.138157894737	0.138157894737	0.125
CCIS95409808ST-4-0.snv.bam	0.151315789474	0.151315789474	0.125	0.125	0.118421052632	0.105263157895	0.164473684211	0.0921052631579	0.105263157895	0.0592105263158	0.0	0.0526315789474	0.151315789474	0.138157894737	0.164473684211	0.118421052632	0.105263157895	0.125	0.125	0.0855263157895	0.157894736842	0.131578947368	0.118421052632	0.105263157895	0.105263157895	0.151315789474	0.151315789474	0.111842105263	0.0986842105263	0.0855263157895	0.171052631579	0.151315789474	0.118421052632	0.0789473684211	0.131578947368	0.131578947368	0.131578947368	0.131578947368	0.0986842105263
CCIS98832363ST-4-0.snv.bam	0.125	0.125	0.0921052631579	0.118421052632	0.105263157895	0.0789473684211	0.151315789474	0.0789473684211	0.105263157895	0.0657894736842	0.0526315789474	0.0	0.125	0.0921052631579	0.144736842105	0.0921052631579	0.0986842105263	0.0986842105263	0.125	0.0855263157895	0.131578947368	0.0986842105263	0.0789473684211	0.0921052631579	0.0986842105263	0.105263157895	0.105263157895	0.118421052632	0.111842105263	0.0921052631579	0.118421052632	0.0921052631579	0.0855263157895	0.0789473684211	0.118421052632	0.118421052632	0.118421052632	0.118421052632	0.0592105263158
M1.1-V1.metaG.snv.bam	0.164473684211	0.164473684211	0.131578947368	0.0921052631579	0.138157894737	0.151315789474	0.230263157895	0.0855263157895	0.164473684211	0.164473684211	0.151315789474	0.125	0.0	0.138157894737	0.0789473684211	0.144736842105	0.164473684211	0.105263157895	0.157894736842	0.157894736842	0.138157894737	0.138157894737	0.151315789474	0.125	0.164473684211	0.144736842105	0.171052631579	0.0986842105263	0.164473684211	0.151315789474	0.190789473684	0.131578947368	0.105263157895	0.131578947368	0.190789473684	0.190789473684	0.177631578947	0.190789473684	0.118421052632
MMRS78791111ST-27-0-0.snv.bam	0.157894736842	0.157894736842	0.0855263157895	0.0986842105263	0.118421052632	0.118421052632	0.210526315789	0.131578947368	0.131578947368	0.157894736842	0.138157894737	0.0921052631579	0.138157894737	0.0	0.151315789474	0.138157894737	0.144736842105	0.125	0.131578947368	0.125	0.131578947368	0.171052631579	0.144736842105	0.0986842105263	0.131578947368	0.164473684211	0.190789473684	0.144736842105	0.0789473684211	0.131578947368	0.118421052632	0.111842105263	0.0789473684211	0.0986842105263	0.190789473684	0.190789473684	0.190789473684	0.190789473684	0.111842105263
MMRS80093644ST-27-0-0.snv.bam	0.190789473684	0.190789473684	0.118421052632	0.0789473684211	0.177631578947	0.164473684211	0.256578947368	0.111842105263	0.190789473684	0.151315789474	0.164473684211	0.144736842105	0.0789473684211	0.151315789474	0.0	0.164473684211	0.164473684211	0.118421052632	0.157894736842	0.157894736842	0.138157894737	0.111842105263	0.190789473684	0.144736842105	0.164473684211	0.157894736842	0.184210526316	0.111842105263	0.177631578947	0.138157894737	0.203947368421	0.171052631579	0.125	0.144736842105	0.236842105263	0.236842105263	0.223684210526	0.236842105263	0.157894736842
MMRS91297590ST-27-0-0.snv.bam	0.131578947368	0.131578947368	0.105263157895	0.125	0.157894736842	0.0723684210526	0.118421052632	0.0789473684211	0.157894736842	0.138157894737	0.118421052632	0.0921052631579	0.144736842105	0.138157894737	0.164473684211	0.0	0.0855263157895	0.111842105263	0.118421052632	0.105263157895	0.151315789474	0.105263157895	0.0986842105263	0.105263157895	0.125	0.131578947368	0.131578947368	0.157894736842	0.171052631579	0.164473684211	0.157894736842	0.144736842105	0.105263157895	0.131578947368	0.125	0.125	0.118421052632	0.125	0.0789473684211
MMRS95479054ST-27-0-0.snv.bam	0.105263157895	0.105263157895	0.118421052632	0.138157894737	0.118421052632	0.118421052632	0.138157894737	0.118421052632	0.138157894737	0.0789473684211	0.105263157895	0.0986842105263	0.164473684211	0.144736842105	0.164473684211	0.0855263157895	0.0	0.111842105263	0.0592105263158	0.111842105263	0.144736842105	0.0921052631579	0.105263157895	0.105263157895	0.144736842105	0.157894736842	0.164473684211	0.131578947368	0.157894736842	0.105263157895	0.157894736842	0.138157894737	0.0986842105263	0.111842105263	0.0986842105263	0.0986842105263	0.0986842105263	0.0986842105263	0.0986842105263
NG-5636_317.snv.bam	0.125	0.125	0.105263157895	0.144736842105	0.138157894737	0.111842105263	0.177631578947	0.125	0.177631578947	0.138157894737	0.125	0.0986842105263	0.105263157895	0.125	0.118421052632	0.111842105263	0.111842105263	0.0	0.144736842105	0.131578947368	0.0986842105263	0.0592105263158	0.111842105263	0.118421052632	0.151315789474	0.131578947368	0.144736842105	0.125	0.138157894737	0.151315789474	0.164473684211	0.0921052631579	0.0789473684211	0.0986842105263	0.131578947368	0.131578947368	0.118421052632	0.131578947368	0.0657894736842
NG-5636_353.snv.bam	0.164473684211	0.164473684211	0.138157894737	0.118421052632	0.151315789474	0.151315789474	0.171052631579	0.111842105263	0.118421052632	0.111842105263	0.125	0.125	0.157894736842	0.131578947368	0.157894736842	0.118421052632	0.0592105263158	0.144736842105	0.0	0.118421052632	0.177631578947	0.151315789474	0.138157894737	0.151315789474	0.151315789474	0.151315789474	0.157894736842	0.138157894737	0.164473684211	0.138157894737	0.184210526316	0.171052631579	0.111842105263	0.138157894737	0.151315789474	0.151315789474	0.151315789474	0.151315789474	0.131578947368
NG-5636_457.snv.bam	0.164473684211	0.164473684211	0.144736842105	0.144736842105	0.0986842105263	0.138157894737	0.144736842105	0.0986842105263	0.0986842105263	0.0986842105263	0.0855263157895	0.0855263157895	0.157894736842	0.125	0.157894736842	0.105263157895	0.111842105263	0.131578947368	0.118421052632	0.0	0.177631578947	0.125	0.138157894737	0.131578947368	0.0855263157895	0.171052631579	0.171052631579	0.138157894737	0.0986842105263	0.125	0.138157894737	0.171052631579	0.125	0.0986842105263	0.144736842105	0.144736842105	0.144736842105	0.144736842105	0.105263157895
NG-5636_458.snv.bam	0.144736842105	0.144736842105	0.0592105263158	0.151315789474	0.144736842105	0.157894736842	0.197368421053	0.157894736842	0.210526315789	0.171052631579	0.157894736842	0.131578947368	0.138157894737	0.131578947368	0.138157894737	0.151315789474	0.144736842105	0.0986842105263	0.177631578947	0.177631578947	0.0	0.131578947368	0.131578947368	0.0723684210526	0.118421052632	0.111842105263	0.138157894737	0.0789473684211	0.157894736842	0.157894736842	0.197368421053	0.0986842105263	0.0921052631579	0.144736842105	0.151315789474	0.151315789474	0.151315789474	0.151315789474	0.0986842105263
NG-5636_483.snv.bam	0.144736842105	0.144736842105	0.125	0.151315789474	0.157894736842	0.118421052632	0.184210526316	0.118421052632	0.184210526316	0.118421052632	0.131578947368	0.0986842105263	0.138157894737	0.171052631579	0.111842105263	0.105263157895	0.0921052631579	0.0592105263158	0.151315789474	0.125	0.131578947368	0.0	0.118421052632	0.131578947368	0.157894736842	0.151315789474	0.151315789474	0.171052631579	0.197368421053	0.144736842105	0.197368421053	0.138157894737	0.138157894737	0.131578947368	0.125	0.125	0.111842105263	0.125	0.0723684210526
NG-5636_529.snv.bam	0.118421052632	0.118421052632	0.111842105263	0.164473684211	0.118421052632	0.118421052632	0.157894736842	0.105263157895	0.144736842105	0.144736842105	0.118421052632	0.0789473684211	0.151315789474	0.144736842105	0.190789473684	0.0986842105263	0.105263157895	0.111842105263	0.138157894737	0.138157894737	0.131578947368	0.118421052632	0.0	0.111842105263	0.118421052632	0.0986842105263	0.0986842105263	0.144736842105	0.171052631579	0.171052631579	0.184210526316	0.0986842105263	0.111842105263	0.151315789474	0.125	0.125	0.125	0.125	0.0460526315789
NG-5636_543.snv.bam	0.105263157895	0.105263157895	0.0723684210526	0.125	0.111842105263	0.118421052632	0.131578947368	0.131578947368	0.177631578947	0.118421052632	0.105263157895	0.0921052631579	0.125	0.0986842105263	0.144736842105	0.105263157895	0.105263157895	0.118421052632	0.151315789474	0.131578947368	0.0723684210526	0.131578947368	0.111842105263	0.0	0.131578947368	0.144736842105	0.171052631579	0.105263157895	0.131578947368	0.0986842105263	0.118421052632	0.0986842105263	0.0855263157895	0.0986842105263	0.118421052632	0.118421052632	0.118421052632	0.118421052632	0.105263157895
O2.UC22-1.snv.bam	0.184210526316	0.184210526316	0.125	0.164473684211	0.118421052632	0.157894736842	0.177631578947	0.118421052632	0.131578947368	0.144736842105	0.105263157895	0.0986842105263	0.164473684211	0.131578947368	0.164473684211	0.125	0.144736842105	0.151315789474	0.151315789474	0.0855263157895	0.118421052632	0.157894736842	0.118421052632	0.131578947368	0.0	0.111842105263	0.111842105263	0.0921052631579	0.105263157895	0.171052631579	0.184210526316	0.164473684211	0.151315789474	0.138157894737	0.164473684211	0.164473684211	0.164473684211	0.164473684211	0.0986842105263
O2.UC6-0.snv.bam	0.151315789474	0.151315789474	0.131578947368	0.144736842105	0.111842105263	0.151315789474	0.217105263158	0.125	0.190789473684	0.171052631579	0.151315789474	0.105263157895	0.144736842105	0.164473684211	0.157894736842	0.131578947368	0.157894736842	0.131578947368	0.151315789474	0.171052631579	0.111842105263	0.151315789474	0.0986842105263	0.144736842105	0.111842105263	0.0	0.0	0.0986842105263	0.177631578947	0.177631578947	0.164473684211	0.131578947368	0.125	0.131578947368	0.171052631579	0.171052631579	0.151315789474	0.171052631579	0.0789473684211
O2.UC6-1.snv.bam	0.177631578947	0.177631578947	0.131578947368	0.171052631579	0.138157894737	0.151315789474	0.217105263158	0.125	0.190789473684	0.177631578947	0.151315789474	0.105263157895	0.171052631579	0.190789473684	0.184210526316	0.131578947368	0.164473684211	0.144736842105	0.157894736842	0.171052631579	0.138157894737	0.151315789474	0.0986842105263	0.171052631579	0.111842105263	0.0	0.0	0.125	0.203947368421	0.203947368421	0.190789473684	0.157894736842	0.151315789474	0.151315789474	0.171052631579	0.171052631579	0.151315789474	0.171052631579	0.0789473684211
O2.UC8-0.snv.bam	0.131578947368	0.131578947368	0.111842105263	0.111842105263	0.0921052631579	0.171052631579	0.197368421053	0.131578947368	0.171052631579	0.118421052632	0.111842105263	0.118421052632	0.0986842105263	0.144736842105	0.111842105263	0.157894736842	0.131578947368	0.125	0.138157894737	0.138157894737	0.0789473684211	0.171052631579	0.144736842105	0.105263157895	0.0921052631579	0.0986842105263	0.125	0.0	0.118421052632	0.105263157895	0.171052631579	0.125	0.0789473684211	0.105263157895	0.151315789474	0.151315789474	0.151315789474	0.151315789474	0.125
V1.CD22-0.snv.bam	0.157894736842	0.157894736842	0.138157894737	0.125	0.0921052631579	0.157894736842	0.210526315789	0.157894736842	0.131578947368	0.118421052632	0.0986842105263	0.111842105263	0.164473684211	0.0789473684211	0.177631578947	0.171052631579	0.157894736842	0.138157894737	0.164473684211	0.0986842105263	0.157894736842	0.197368421053	0.171052631579	0.131578947368	0.105263157895	0.177631578947	0.203947368421	0.118421052632	0.0	0.0921052631579	0.144736842105	0.138157894737	0.105263157895	0.0460526315789	0.190789473684	0.190789473684	0.190789473684	0.190789473684	0.131578947368
V1.CD45-0.snv.bam	0.131578947368	0.131578947368	0.138157894737	0.0855263157895	0.105263157895	0.144736842105	0.203947368421	0.131578947368	0.157894736842	0.0263157894737	0.0855263157895	0.0921052631579	0.151315789474	0.131578947368	0.138157894737	0.164473684211	0.105263157895	0.151315789474	0.138157894737	0.125	0.157894736842	0.144736842105	0.171052631579	0.0986842105263	0.171052631579	0.177631578947	0.203947368421	0.105263157895	0.0921052631579	0.0	0.171052631579	0.151315789474	0.111842105263	0.0526315789474	0.164473684211	0.164473684211	0.164473684211	0.164473684211	0.151315789474
V1.FI27.snv.bam	0.131578947368	0.131578947368	0.177631578947	0.177631578947	0.105263157895	0.171052631579	0.223684210526	0.184210526316	0.184210526316	0.184210526316	0.171052631579	0.118421052632	0.190789473684	0.118421052632	0.203947368421	0.157894736842	0.157894736842	0.164473684211	0.184210526316	0.138157894737	0.197368421053	0.197368421053	0.184210526316	0.118421052632	0.184210526316	0.164473684211	0.190789473684	0.171052631579	0.144736842105	0.171052631579	0.0	0.164473684211	0.118421052632	0.125	0.190789473684	0.190789473684	0.184210526316	0.190789473684	0.151315789474
V1.FI37.snv.bam	0.111842105263	0.111842105263	0.105263157895	0.144736842105	0.125	0.138157894737	0.203947368421	0.138157894737	0.177631578947	0.164473684211	0.151315789474	0.0921052631579	0.131578947368	0.111842105263	0.171052631579	0.144736842105	0.138157894737	0.0921052631579	0.171052631579	0.171052631579	0.0986842105263	0.138157894737	0.0986842105263	0.0986842105263	0.164473684211	0.131578947368	0.157894736842	0.125	0.138157894737	0.151315789474	0.164473684211	0.0	0.0657894736842	0.118421052632	0.157894736842	0.157894736842	0.151315789474	0.157894736842	0.0460526315789
V1.UC22-1.snv.bam	0.0986842105263	0.0986842105263	0.0723684210526	0.0986842105263	0.0986842105263	0.0986842105263	0.157894736842	0.111842105263	0.138157894737	0.125	0.118421052632	0.0855263157895	0.105263157895	0.0789473684211	0.125	0.105263157895	0.0986842105263	0.0789473684211	0.111842105263	0.125	0.0921052631579	0.138157894737	0.111842105263	0.0855263157895	0.151315789474	0.125	0.151315789474	0.0789473684211	0.105263157895	0.111842105263	0.118421052632	0.0657894736842	0.0	0.0855263157895	0.131578947368	0.131578947368	0.131578947368	0.131578947368	0.0789473684211
alien-11-60-0.snv.bam	0.0986842105263	0.0986842105263	0.125	0.105263157895	0.0921052631579	0.105263157895	0.177631578947	0.131578947368	0.151315789474	0.0723684210526	0.0789473684211	0.0789473684211	0.131578947368	0.0986842105263	0.144736842105	0.131578947368	0.111842105263	0.0986842105263	0.138157894737	0.0986842105263	0.144736842105	0.131578947368	0.151315789474	0.0986842105263	0.138157894737	0.131578947368	0.151315789474	0.105263157895	0.0460526315789	0.0526315789474	0.125	0.118421052632	0.0855263157895	0.0	0.144736842105	0.144736842105	0.144736842105	0.144736842105	0.131578947368
peacemaker-11-0-0.snv.bam	0.138157894737	0.138157894737	0.131578947368	0.210526315789	0.138157894737	0.151315789474	0.125	0.164473684211	0.190789473684	0.138157894737	0.131578947368	0.118421052632	0.190789473684	0.190789473684	0.236842105263	0.125	0.0986842105263	0.131578947368	0.151315789474	0.144736842105	0.151315789474	0.125	0.125	0.118421052632	0.164473684211	0.171052631579	0.171052631579	0.151315789474	0.190789473684	0.164473684211	0.190789473684	0.157894736842	0.131578947368	0.144736842105	0.0	0.0	0.0	0.0	0.105263157895
peacemaker-11-2-0.snv.bam	0.138157894737	0.138157894737	0.131578947368	0.210526315789	0.138157894737	0.151315789474	0.125	0.164473684211	0.190789473684	0.138157894737	0.131578947368	0.118421052632	0.190789473684	0.190789473684	0.236842105263	0.125	0.0986842105263	0.131578947368	0.151315789474	0.144736842105	0.151315789474	0.125	0.125	0.118421052632	0.164473684211	0.171052631579	0.171052631579	0.151315789474	0.190789473684	0.164473684211	0.190789473684	0.157894736842	0.131578947368	0.144736842105	0.0	0.0	0.0	0.0	0.105263157895
peacemaker-11-7-0.snv.bam	0.131578947368	0.131578947368	0.131578947368	0.203947368421	0.138157894737	0.144736842105	0.125	0.157894736842	0.190789473684	0.138157894737	0.131578947368	0.118421052632	0.177631578947	0.190789473684	0.223684210526	0.118421052632	0.0986842105263	0.118421052632	0.151315789474	0.144736842105	0.151315789474	0.111842105263	0.125	0.118421052632	0.164473684211	0.151315789474	0.151315789474	0.151315789474	0.190789473684	0.164473684211	0.184210526316	0.151315789474	0.131578947368	0.144736842105	0.0	0.0	0.0	0.0	0.105263157895
peacemaker-11-773-0.snv.bam	0.138157894737	0.138157894737	0.131578947368	0.210526315789	0.138157894737	0.151315789474	0.125	0.164473684211	0.190789473684	0.138157894737	0.131578947368	0.118421052632	0.190789473684	0.190789473684	0.236842105263	0.125	0.0986842105263	0.131578947368	0.151315789474	0.144736842105	0.151315789474	0.125	0.125	0.118421052632	0.164473684211	0.171052631579	0.171052631579	0.151315789474	0.190789473684	0.164473684211	0.190789473684	0.157894736842	0.131578947368	0.144736842105	0.0	0.0	0.0	0.0	0.105263157895
scavenger-11-60-0.snv.bam	0.105263157895	0.105263157895	0.0789473684211	0.131578947368	0.111842105263	0.0855263157895	0.151315789474	0.0723684210526	0.111842105263	0.125	0.0986842105263	0.0592105263158	0.118421052632	0.111842105263	0.157894736842	0.0789473684211	0.0986842105263	0.0657894736842	0.131578947368	0.105263157895	0.0986842105263	0.0723684210526	0.0460526315789	0.105263157895	0.0986842105263	0.0789473684211	0.0789473684211	0.125	0.131578947368	0.151315789474	0.151315789474	0.0460526315789	0.0789473684211	0.131578947368	0.105263157895	0.105263157895	0.105263157895	0.105263157895	0.0
