	159207311-stool2.snv.bam	763901136-stool1.snv.bam	CCIS22906510ST-20-0.snv.bam	CCIS22958137ST-20-0.snv.bam	CCIS62605362ST-3-0.snv.bam	CCIS78318719ST-4-0.snv.bam	CCMD23101338ST-21-0.snv.bam	CCMD42428553ST-21-0.snv.bam	MH0006.snv.bam	MH0220.snv.bam	MH0261.snv.bam	MH0276.snv.bam	MH0293.snv.bam	MH0328.snv.bam	MH0357.snv.bam	MH0365.snv.bam	MH0392.snv.bam	MH0398.snv.bam	MH0404.snv.bam	MH0409.snv.bam	MH0422.snv.bam	MMRS33294861ST-27-0-0.snv.bam	MMRS54316675ST-27-0-0.snv.bam	MMRS57276462ST-27-0-0.snv.bam	O2.UC40-1.snv.bam	SAMEA3136752.snv.bam	V1.CD40-0.snv.bam	V1.FI12.snv.bam	V1.FI16.snv.bam
159207311-stool2.snv.bam	0.0	0.119199669249	0.0960818508653	0.105858045053	0.150324624801	0.11101469045	0.105116104712	0.0988652387157	0.0966746050408	0.114564594531	0.147608385124	0.109133669193	0.120503153502	0.0901774519763	0.161995071321	0.135874046749	0.143753922167	0.126602592462	0.233354179462	0.184762376032	0.0897483837388	0.102873815614	0.0800858959927	0.114400113989	0.0940382537746	0.111058647121	0.115016747042	0.112250547637	0.129606207244
763901136-stool1.snv.bam	0.119199669249	0.0	0.0670306670721	0.0916642509746	0.135848372986	0.120158769265	0.118726257369	0.14073097901	0.110039424547	0.100339427188	0.179135425475	0.0950938213241	0.0850684173411	0.0878751463178	0.145036411556	0.156439560372	0.106076180522	0.153094235545	0.230721423712	0.186597118418	0.125387803913	0.148878961981	0.103260253014	0.0218400245705	0.105341033567	0.129519862372	0.14558958958	0.132584137421	0.139080518366
CCIS22906510ST-20-0.snv.bam	0.0960818508653	0.0670306670721	0.0	0.0317335489041	0.143503261761	0.100733866465	0.0974538724835	0.131978949413	0.11266087961	0.0932055436597	0.150337211687	0.0637572372275	0.09685784784	0.0779165644297	0.145082461151	0.133867748826	0.0919759947101	0.126634009486	0.23066837392	0.175928452426	0.113236108499	0.128640639516	0.0866240849793	0.0556729736983	0.0886541665518	0.110612791818	0.132514989963	0.0977539530212	0.101727183635
CCIS22958137ST-20-0.snv.bam	0.105858045053	0.0916642509746	0.0317335489041	0.0	0.136663306928	0.113635034017	0.112148361913	0.133960178429	0.0945489033538	0.0986952938662	0.143035346892	0.0791181878879	0.11162079663	0.0928470562568	0.145595058983	0.131429055902	0.109302778395	0.12178048074	0.240640643858	0.19219219818	0.11901347118	0.135531780756	0.080448591976	0.0763079175173	0.0897181362436	0.118187847313	0.116174077524	0.0983409819294	0.123468199819
CCIS62605362ST-3-0.snv.bam	0.150324624801	0.135848372986	0.143503261761	0.136663306928	0.0	0.141741014364	0.137882183752	0.157760576714	0.129358034207	0.143096574111	0.140991710828	0.149090662658	0.160131795819	0.128119912214	0.169294548872	0.171034613299	0.162436452542	0.148828037773	0.252930652594	0.215202873677	0.152589839427	0.172637780489	0.113550874054	0.130835108854	0.147369041704	0.144210209443	0.158226195831	0.152130169768	0.153898515458
CCIS78318719ST-4-0.snv.bam	0.11101469045	0.120158769265	0.100733866465	0.113635034017	0.141741014364	0.0	0.0774996091463	0.127680850525	0.125281763653	0.122563280936	0.145866609132	0.128716552259	0.114463752965	0.10528586962	0.17725438542	0.162667421363	0.125950043759	0.134906041421	0.249350934699	0.195176182138	0.119034703608	0.129105734879	0.0926138686497	0.119368520355	0.0945640683895	0.109223538165	0.124093348377	0.134002264853	0.097786670631
CCMD23101338ST-21-0.snv.bam	0.105116104712	0.118726257369	0.0974538724835	0.112148361913	0.137882183752	0.0774996091463	0.0	0.123926619828	0.119723061974	0.107290459058	0.121384615183	0.12244523826	0.127167277167	0.0923737464721	0.168371164879	0.153982960131	0.131411451461	0.11124029874	0.254779345827	0.193150572314	0.110762671914	0.132234947787	0.0958235753318	0.118385160938	0.102574480325	0.0892018779343	0.118044968706	0.116303095097	0.115389762462
CCMD42428553ST-21-0.snv.bam	0.0988652387157	0.14073097901	0.131978949413	0.133960178429	0.157760576714	0.127680850525	0.123926619828	0.0	0.130263970642	0.134012577634	0.16435383603	0.146988746798	0.12581512605	0.10487058253	0.184735163267	0.155230263426	0.153524595425	0.139432923707	0.233015849654	0.200034106169	0.145531963329	0.154260302157	0.110717100079	0.150342696285	0.122255716074	0.106437598736	0.151391304889	0.112513584669	0.139924575031
MH0006.snv.bam	0.0966746050408	0.110039424547	0.11266087961	0.0945489033538	0.129358034207	0.125281763653	0.119723061974	0.130263970642	0.0	0.103222960382	0.134177920234	0.119090314082	0.116172679747	0.0831970088265	0.141883593859	0.125061920407	0.14188469335	0.119816371706	0.226187070502	0.170094154612	0.111829287966	0.0960551657452	0.0703119322724	0.109681631927	0.113192919007	0.116354348776	0.11138518813	0.122201210795	0.135910881684
MH0220.snv.bam	0.114564594531	0.100339427188	0.0932055436597	0.0986952938662	0.143096574111	0.122563280936	0.107290459058	0.134012577634	0.103222960382	0.0	0.153838976102	0.11585348285	0.0944378714228	0.0924043160028	0.152352295961	0.153701615484	0.112453043585	0.133681334045	0.228281348165	0.174447688148	0.123409846741	0.115365308553	0.101074600751	0.0909902842034	0.117269670719	0.0913563734609	0.131374427508	0.0617731369909	0.125409982153
MH0261.snv.bam	0.147608385124	0.179135425475	0.150337211687	0.143035346892	0.140991710828	0.145866609132	0.121384615183	0.16435383603	0.134177920234	0.153838976102	0.0	0.155433931582	0.162160257161	0.120409172658	0.176976541507	0.172667201786	0.168394059925	0.145519448462	0.275579585792	0.221095605338	0.137736757467	0.147057007747	0.129810510503	0.170779777936	0.167752633453	0.139309283219	0.1436277098	0.153769550394	0.149587615928
MH0276.snv.bam	0.109133669193	0.0950938213241	0.0637572372275	0.0791181878879	0.149090662658	0.128716552259	0.12244523826	0.146988746798	0.119090314082	0.11585348285	0.155433931582	0.0	0.12450292713	0.0680428106582	0.156454470806	0.152893247247	0.121374017432	0.119922680273	0.246282330911	0.188124056088	0.128864953307	0.138760410699	0.102269526727	0.0797900598414	0.0880807957425	0.123892581502	0.13307013784	0.108527716423	0.12678045666
MH0293.snv.bam	0.120503153502	0.0850684173411	0.09685784784	0.11162079663	0.160131795819	0.114463752965	0.127167277167	0.12581512605	0.116172679747	0.0944378714228	0.162160257161	0.12450292713	0.0	0.0977776341306	0.17206823472	0.155838580547	0.0958047560408	0.14934989222	0.245043676609	0.195344192476	0.138737661268	0.129426365795	0.104638655462	0.075134643662	0.104408592078	0.135742362983	0.157826692432	0.136455102632	0.114414565826
MH0328.snv.bam	0.0901774519763	0.0878751463178	0.0779165644297	0.0928470562568	0.128119912214	0.10528586962	0.0923737464721	0.10487058253	0.0831970088265	0.0924043160028	0.120409172658	0.0680428106582	0.0977776341306	0.0	0.156315564016	0.121005866087	0.121503337993	0.115020770621	0.223598600236	0.184289195342	0.125016038575	0.113425980804	0.0788658543978	0.0871611284499	0.0835599855747	0.0982075586341	0.121610825934	0.092337393133	0.107600516111
MH0357.snv.bam	0.161995071321	0.145036411556	0.145082461151	0.145595058983	0.169294548872	0.17725438542	0.168371164879	0.184735163267	0.141883593859	0.152352295961	0.176976541507	0.156454470806	0.17206823472	0.156315564016	0.0	0.169240017525	0.181735039504	0.160818582916	0.218779229514	0.152476238604	0.139611379919	0.17319537267	0.143865944766	0.144868861116	0.16174365484	0.175186166856	0.15065842049	0.171040913663	0.172784832896
MH0365.snv.bam	0.135874046749	0.156439560372	0.133867748826	0.131429055902	0.171034613299	0.162667421363	0.153982960131	0.155230263426	0.125061920407	0.153701615484	0.172667201786	0.152893247247	0.155838580547	0.121005866087	0.169240017525	0.0	0.178185723786	0.125852731924	0.250165986308	0.202637711156	0.154550948585	0.170307358478	0.125175618618	0.156713316169	0.135368253257	0.15579027187	0.148389569524	0.126040267199	0.176964895348
MH0392.snv.bam	0.143753922167	0.106076180522	0.0919759947101	0.109302778395	0.162436452542	0.125950043759	0.131411451461	0.153524595425	0.14188469335	0.112453043585	0.168394059925	0.121374017432	0.0958047560408	0.121503337993	0.181735039504	0.178185723786	0.0	0.160865425248	0.25613805022	0.20336666148	0.142735020172	0.147851859089	0.130222487696	0.0987358360675	0.0903128994813	0.151733182112	0.174572025564	0.145268927939	0.12168563033
MH0398.snv.bam	0.126602592462	0.153094235545	0.126634009486	0.12178048074	0.148828037773	0.134906041421	0.11124029874	0.139432923707	0.119816371706	0.133681334045	0.145519448462	0.119922680273	0.14934989222	0.115020770621	0.160818582916	0.125852731924	0.160865425248	0.0	0.250278672489	0.182332108194	0.130285660191	0.148078781532	0.0997306904565	0.151257455299	0.126251453457	0.120086571113	0.141714079111	0.128469426264	0.162645732404
MH0404.snv.bam	0.233354179462	0.230721423712	0.23066837392	0.240640643858	0.252930652594	0.249350934699	0.254779345827	0.233015849654	0.226187070502	0.228281348165	0.275579585792	0.246282330911	0.245043676609	0.223598600236	0.218779229514	0.250165986308	0.25613805022	0.250278672489	0.0	0.233610383874	0.251079461631	0.237640864512	0.225023434354	0.229971916352	0.24080996709	0.253257088005	0.259508256134	0.245309013276	0.252610635567
MH0409.snv.bam	0.184762376032	0.186597118418	0.175928452426	0.19219219818	0.215202873677	0.195176182138	0.193150572314	0.200034106169	0.170094154612	0.174447688148	0.221095605338	0.188124056088	0.195344192476	0.184289195342	0.152476238604	0.202637711156	0.20336666148	0.182332108194	0.233610383874	0.0	0.17575562955	0.190808022761	0.169393981267	0.184801356006	0.184276820541	0.197471588421	0.195142858116	0.188035223777	0.207305211332
MH0422.snv.bam	0.0897483837388	0.125387803913	0.113236108499	0.11901347118	0.152589839427	0.119034703608	0.110762671914	0.145531963329	0.111829287966	0.123409846741	0.137736757467	0.128864953307	0.138737661268	0.125016038575	0.139611379919	0.154550948585	0.142735020172	0.130285660191	0.251079461631	0.17575562955	0.0	0.134829376201	0.104369735726	0.108227279376	0.133032513873	0.119388432495	0.109364532035	0.137445247422	0.134042282711
MMRS33294861ST-27-0-0.snv.bam	0.102873815614	0.148878961981	0.128640639516	0.135531780756	0.172637780489	0.129105734879	0.132234947787	0.154260302157	0.0960551657452	0.115365308553	0.147057007747	0.138760410699	0.129426365795	0.113425980804	0.17319537267	0.170307358478	0.147851859089	0.148078781532	0.237640864512	0.190808022761	0.134829376201	0.0	0.10059129357	0.144474559728	0.128250181338	0.133808644025	0.13596125055	0.132848463503	0.150267885518
MMRS54316675ST-27-0-0.snv.bam	0.0800858959927	0.103260253014	0.0866240849793	0.080448591976	0.113550874054	0.0926138686497	0.0958235753318	0.110717100079	0.0703119322724	0.101074600751	0.129810510503	0.102269526727	0.104638655462	0.0788658543978	0.143865944766	0.125175618618	0.130222487696	0.0997306904565	0.225023434354	0.169393981267	0.104369735726	0.10059129357	0.0	0.092696285417	0.105862273451	0.0851105845182	0.104337105851	0.103536223232	0.128498255094
MMRS57276462ST-27-0-0.snv.bam	0.114400113989	0.0218400245705	0.0556729736983	0.0763079175173	0.130835108854	0.119368520355	0.118385160938	0.150342696285	0.109681631927	0.0909902842034	0.170779777936	0.0797900598414	0.075134643662	0.0871611284499	0.144868861116	0.156713316169	0.0987358360675	0.151257455299	0.229971916352	0.184801356006	0.108227279376	0.144474559728	0.092696285417	0.0	0.104878125706	0.119230769231	0.136181722689	0.123048961962	0.129342495214
O2.UC40-1.snv.bam	0.0940382537746	0.105341033567	0.0886541665518	0.0897181362436	0.147369041704	0.0945640683895	0.102574480325	0.122255716074	0.113192919007	0.117269670719	0.167752633453	0.0880807957425	0.104408592078	0.0835599855747	0.16174365484	0.135368253257	0.0903128994813	0.126251453457	0.24080996709	0.184276820541	0.133032513873	0.128250181338	0.105862273451	0.104878125706	0.0	0.113348648115	0.129695725942	0.107313334043	0.102009256834
SAMEA3136752.snv.bam	0.111058647121	0.129519862372	0.110612791818	0.118187847313	0.144210209443	0.109223538165	0.0892018779343	0.106437598736	0.116354348776	0.0913563734609	0.139309283219	0.123892581502	0.135742362983	0.0982075586341	0.175186166856	0.15579027187	0.151733182112	0.120086571113	0.253257088005	0.197471588421	0.119388432495	0.133808644025	0.0851105845182	0.119230769231	0.113348648115	0.0	0.10998403453	0.075638197376	0.116480918609
V1.CD40-0.snv.bam	0.115016747042	0.14558958958	0.132514989963	0.116174077524	0.158226195831	0.124093348377	0.118044968706	0.151391304889	0.11138518813	0.131374427508	0.1436277098	0.13307013784	0.157826692432	0.121610825934	0.15065842049	0.148389569524	0.174572025564	0.141714079111	0.259508256134	0.195142858116	0.109364532035	0.13596125055	0.104337105851	0.136181722689	0.129695725942	0.10998403453	0.0	0.129301535196	0.145270460325
V1.FI12.snv.bam	0.112250547637	0.132584137421	0.0977539530212	0.0983409819294	0.152130169768	0.134002264853	0.116303095097	0.112513584669	0.122201210795	0.0617731369909	0.153769550394	0.108527716423	0.136455102632	0.092337393133	0.171040913663	0.126040267199	0.145268927939	0.128469426264	0.245309013276	0.188035223777	0.137445247422	0.132848463503	0.103536223232	0.123048961962	0.107313334043	0.075638197376	0.129301535196	0.0	0.129737851425
V1.FI16.snv.bam	0.129606207244	0.139080518366	0.101727183635	0.123468199819	0.153898515458	0.097786670631	0.115389762462	0.139924575031	0.135910881684	0.125409982153	0.149587615928	0.12678045666	0.114414565826	0.107600516111	0.172784832896	0.176964895348	0.12168563033	0.162645732404	0.252610635567	0.207305211332	0.134042282711	0.150267885518	0.128498255094	0.129342495214	0.102009256834	0.116480918609	0.145270460325	0.129737851425	0.0
