	160178356-stool1.snv.bam	BYQ_AAAD.snv.bam	BYQ_AAAX.snv.bam	BYQ_AAAZ.snv.bam	CCIS00146684ST-4-0.snv.bam	CCIS07277498ST-4-0.snv.bam	CCIS09568613ST-4-0.snv.bam	CCIS11362406ST-4-0.snv.bam	CCIS23164343ST-4-0.snv.bam	CCIS29688262ST-20-0.snv.bam	CCIS41222843ST-4-0.snv.bam	CCIS41288781ST-4-0.snv.bam	CCIS44093303ST-4-0.snv.bam	CCIS59132091ST-4-0.snv.bam	CCIS82146115ST-4-0.snv.bam	CCIS94603952ST-4-0.snv.bam	M2.5-V1.metaG.snv.bam	M2.5-V2.metaG.snv.bam	MH0200.snv.bam	MH0203.snv.bam	MH0337.snv.bam	MH0436.snv.bam	MMRS25641480ST-27-0-0.snv.bam	MMRS67096717ST-27-0-0.snv.bam	MMRS88581325ST-27-0-0.snv.bam	NG-5636_143.snv.bam	NG-5636_235.snv.bam	NG-5636_457.snv.bam	NG-5636_495.snv.bam	NG-5636_536.snv.bam	NG-5636_602.snv.bam	NG-5636_604.snv.bam	O2.UC12-1.snv.bam	O2.UC18-1.snv.bam	O2.UC20-1.snv.bam	O2.UC27-1.snv.bam	O2.UC27-2.snv.bam	O2.UC30-1.snv.bam	O2.UC32-0.snv.bam	O2.UC32-1.snv.bam	O2.UC36-0.snv.bam	O2.UC37-1.snv.bam	O2.UC8-2.snv.bam	O2.UC9-1.snv.bam	V1.CD1-3-PN.snv.bam	V1.CD25-4.snv.bam	V1.CD35-1.snv.bam	V1.CD6-0-PN.snv.bam	V1.CD8-0-PN.snv.bam	V1.FI13.snv.bam	V1.FI23.snv.bam	V1.FI27.snv.bam	V1.FI28.snv.bam	V1.FI32.snv.bam	V1.UC15-3.snv.bam	V1.UC21-4.snv.bam	V1.UC23-1.snv.bam	V1.UC25-0.snv.bam	V1.UC50-1.snv.bam	peacemaker-11-0-0.snv.bam	peacemaker-11-2-0.snv.bam
160178356-stool1.snv.bam	0.0	0.07242376057	0.0675332739384	0.0542004785906	0.0740735928781	0.089996269578	0.0631341802156	0.0527446664851	0.0865841191757	0.03867460396	0.230238822948	0.0840999922741	0.122957829065	0.117422877172	0.111055844264	0.0737334008368	0.0772134256642	0.0623620917659	0.0754322193783	0.056981865248	0.0651010452594	0.0570044972028	0.0580655360366	0.0563498057294	0.0482118483686	0.0681289061982	0.100531163742	0.0840266001505	0.048238645499	0.150279733871	0.0631416781686	0.0692584551303	0.0985011732855	0.0581647795075	0.0801202017581	0.149921221382	0.121823463968	0.087928899628	0.085624677878	0.0837057395422	0.0588516871117	0.0892645873402	0.047711070838	0.0526412497485	0.0507701458653	0.106478050874	0.0799039217738	0.0580803689194	0.054574504627	0.078366130425	0.0887855233751	0.0579219953667	0.115492122512	0.0971968059189	0.0989683071866	0.0738073691206	0.0454679632182	0.0759825167684	0.0852978486144	0.058320311084	0.064440062378
BYQ_AAAD.snv.bam	0.07242376057	0.0	0.0091562228796	0.0690267143314	0.052836874272	0.0619136673398	0.0635062704138	0.0585562687289	0.0745215201358	0.05804889168	0.228770689742	0.0443836598704	0.111199262019	0.077238510905	0.0953615094987	0.073275847477	0.0973105048444	0.0882707524133	0.0799542836359	0.091252436887	0.0483708223267	0.0875428725943	0.0473297878165	0.0522158522261	0.0473297878165	0.0775021862725	0.119906494575	0.0781807158273	0.0675965580833	0.131772884011	0.0776328181196	0.0631889394142	0.0972859737814	0.0478647410203	0.116790601265	0.120343593573	0.0943102891251	0.0996585891904	0.0728882139405	0.070596517224	0.0935337136639	0.0580765781345	0.0947913562221	0.0979501588416	0.109187620297	0.0795858703496	0.0539063635248	0.0462552211671	0.0643668647038	0.130462552848	0.0579656037748	0.0724394973521	0.0969997081577	0.096025952794	0.103198860899	0.0887287022572	0.0612983861132	0.074563619208	0.0849242982744	0.0955767173944	0.0947901116028
BYQ_AAAX.snv.bam	0.0675332739384	0.0091562228796	0.0	0.062671868284	0.0469876031344	0.0578594824365	0.0575288720222	0.0539674296624	0.0671224339607	0.0519177395067	0.224979168882	0.0420077784986	0.104956010114	0.0723729376394	0.0902833160269	0.0685577596232	0.0923825260119	0.0828250982528	0.0737838217766	0.086315293292	0.0474069478572	0.0807096211953	0.0413309595477	0.0479416878798	0.0413309595477	0.0714226323834	0.112279742429	0.0726245246077	0.0622472682813	0.124958513871	0.0724646312905	0.0572404189175	0.0917702718406	0.0420172540331	0.110091715632	0.116529879006	0.0894120365348	0.0932666832956	0.0672788749888	0.0646409448156	0.0882502175255	0.0528367626662	0.0896975655205	0.093544968765	0.102129327687	0.0733065491578	0.053017061021	0.0402509382452	0.05842435403	0.123840286482	0.0518147760431	0.0672449484887	0.0955764172601	0.0902378492642	0.101414628145	0.0834576265926	0.0539394928612	0.0689224381344	0.078738337696	0.0920927785939	0.0944756942046
BYQ_AAAZ.snv.bam	0.0542004785906	0.0690267143314	0.062671868284	0.0	0.0682188648374	0.0814413464958	0.0573058132384	0.0603549466063	0.0819126184908	0.0568378630686	0.207684481993	0.0591275303966	0.11658914546	0.0996164472391	0.0911991970183	0.063007351485	0.0669592104297	0.0570544882663	0.0844634848959	0.0956097843089	0.0575832214878	0.0701646702803	0.0671841716603	0.0353421880924	0.0421780125078	0.0367143776251	0.103325056029	0.0735370359677	0.0579726789128	0.14169798113	0.0532106059689	0.0380003383301	0.071126470374	0.0386894651692	0.104428581832	0.141884555357	0.11624897874	0.0937733016827	0.0793494989735	0.0773795661119	0.0913235489852	0.0837054499775	0.0558830501253	0.0598897113328	0.0915392307944	0.104624802762	0.0774885010963	0.0560959895053	0.0872880811312	0.0813781180245	0.0832288055274	0.0495324367166	0.10349041706	0.0816121077917	0.0930931751193	0.0927333385416	0.0544248169732	0.0691979225166	0.0830603905294	0.0992853451489	0.103906382826
CCIS00146684ST-4-0.snv.bam	0.0740735928781	0.052836874272	0.0469876031344	0.0682188648374	0.0	0.067930357907	0.0514058584195	0.0523486292932	0.0667912378223	0.0540905947136	0.220851163846	0.0619781765219	0.109988757154	0.0897350290738	0.103049777137	0.077412844885	0.0963220595189	0.0873149652407	0.0623283414173	0.0959769085347	0.052801212924	0.085648084198	0.0362053731109	0.0625471183389	0.0362053731109	0.0658463386878	0.087122952952	0.0668443044412	0.0767285015737	0.122562398305	0.076406378136	0.0620292541717	0.0854583379334	0.0566618204227	0.116025001612	0.120580571778	0.0908858711939	0.0899490962882	0.0522786293707	0.0501673736203	0.0924668222318	0.0570406148537	0.0955855452102	0.100164456706	0.0851560780211	0.0835032970065	0.0678745288407	0.0393694939442	0.0531002202426	0.124090209888	0.0566732357968	0.0727466921462	0.081943340414	0.0961020027192	0.106887610396	0.0971679942019	0.0541220185648	0.053071022371	0.0945322486212	0.101448120733	0.106308874509
CCIS07277498ST-4-0.snv.bam	0.089996269578	0.0619136673398	0.0578594824365	0.0814413464958	0.067930357907	0.0	0.0851245307333	0.0782331861147	0.0637687584239	0.09115929374	0.219958847452	0.0769460369958	0.128478558616	0.0913064243815	0.11449495696	0.0842654978657	0.11732726621	0.10841950977	0.11082643748	0.112740961005	0.0871071907238	0.0961866358899	0.0659729036	0.0707621521329	0.0700423555805	0.0828708085113	0.133542115832	0.0626384193105	0.0850715025955	0.10732231717	0.100970190632	0.085902783812	0.120021507638	0.0662545462962	0.101876562976	0.11385713184	0.0936972384991	0.120285078712	0.0652489625289	0.0619224611267	0.126531929516	0.0538905171484	0.105630576494	0.10589003971	0.126020810043	0.0938599787915	0.0972258120839	0.0648933278344	0.0867810533596	0.14638026613	0.051112092625	0.096528897615	0.095563798644	0.121602642569	0.123489219577	0.103476709765	0.0873690747876	0.0910712137929	0.116317610071	0.123712235308	0.131412738404
CCIS09568613ST-4-0.snv.bam	0.0631341802156	0.0635062704138	0.0575288720222	0.0573058132384	0.0514058584195	0.0851245307333	0.0	0.0506984515069	0.0764178547394	0.0439975340327	0.221167621237	0.0518006035138	0.107300221708	0.107123581263	0.114424515513	0.0707228148166	0.089765590497	0.0855464801029	0.0669327066427	0.0962371799054	0.0424251318482	0.0861717725659	0.0544268266984	0.071902097511	0.0257661472763	0.0653491147443	0.0967337387854	0.0760765099413	0.0859900181601	0.130166250553	0.0583662600795	0.0508041632404	0.0969301269235	0.0654592993766	0.115443186668	0.139501312076	0.111511772306	0.0726619248481	0.0732852128712	0.0719444097185	0.0828100745793	0.0772697671079	0.0843769579497	0.0891600659419	0.0795583740943	0.103946506558	0.0668938731151	0.0486332448448	0.0723458018739	0.09999001749	0.077065089204	0.0728307284339	0.102047879782	0.0949344176626	0.117038625141	0.0932148160787	0.0325399398026	0.0529522922101	0.0927248956782	0.0892294885829	0.0944858550305
CCIS11362406ST-4-0.snv.bam	0.0527446664851	0.0585562687289	0.0539674296624	0.0603549466063	0.0523486292932	0.0782331861147	0.0506984515069	0.0	0.0720720585305	0.0570618970506	0.227288471416	0.0694688861499	0.118571592978	0.104354342124	0.110722548642	0.0558720789089	0.0824997019727	0.0732696664438	0.058092137964	0.0886990266035	0.0501479515275	0.0830487829471	0.0397135496825	0.0539619330802	0.0357370046906	0.074148909903	0.0891320991377	0.0701328837576	0.0756598281649	0.130923466271	0.0734614186402	0.056004109938	0.0928650681197	0.0550644856073	0.0925044707205	0.129259128697	0.0968637582416	0.0825042972709	0.0624006253488	0.0593186252874	0.0858301739489	0.0752886644199	0.0811753310147	0.0850248394164	0.0899161452731	0.09185680327	0.0567368264448	0.0396980385522	0.0722458566879	0.12249062984	0.0738964647227	0.069272772058	0.0909825635851	0.101777735992	0.112581888863	0.0955487238403	0.0499170993383	0.0589484303311	0.0795378205088	0.0842508130068	0.0901178672507
CCIS23164343ST-4-0.snv.bam	0.0865841191757	0.0745215201358	0.0671224339607	0.0819126184908	0.0667912378223	0.0637687584239	0.0764178547394	0.0720720585305	0.0	0.0860413420905	0.203871713584	0.0867671206414	0.136134735046	0.090911009917	0.113185514199	0.0633021648117	0.10083438693	0.0925334919758	0.0988038588155	0.104645132852	0.0778418214509	0.094696171094	0.081094819743	0.0820839365705	0.0609943172304	0.0804510906997	0.125798034059	0.0510483136291	0.100400751109	0.0858099877763	0.0911450709993	0.0869433949787	0.0987123681762	0.0811930657921	0.0877352182656	0.110944660722	0.0725313001152	0.10140313783	0.0432060608021	0.0418925020911	0.104866728302	0.0615093005211	0.0947477861201	0.0971856491218	0.128078006897	0.109379728734	0.0925134692102	0.056270513593	0.0972091580222	0.131208558677	0.0512934525238	0.0866478640715	0.107991593448	0.11914908505	0.128652143948	0.0982715778163	0.0703036134775	0.0681895784524	0.0974161979451	0.124899441006	0.129007275773
CCIS29688262ST-20-0.snv.bam	0.03867460396	0.05804889168	0.0519177395067	0.0568378630686	0.0540905947136	0.09115929374	0.0439975340327	0.0570618970506	0.0860413420905	0.0	0.22245826897	0.0684433018425	0.125065921853	0.103211259926	0.111680585607	0.0755666532489	0.090348419835	0.0763960738741	0.0681429689728	0.066142334164	0.0445730710611	0.0622511739364	0.0616646745976	0.0674292965541	0.0379092584233	0.0678350066832	0.0993544394606	0.086738580468	0.0561891483967	0.149796280543	0.05750188287	0.0532642879477	0.0908848075364	0.0609688445972	0.0917346863746	0.131768401471	0.105762912083	0.0839347305857	0.0726493182423	0.0713102266332	0.0461871556063	0.0848747597797	0.0599466657235	0.064670939489	0.0529592225276	0.100973832143	0.0661088069592	0.0478967541777	0.0462964126821	0.0749129509307	0.0843857670278	0.0625367144143	0.110179692539	0.087973488971	0.0866050498683	0.069889111692	0.0473841936408	0.0659967870564	0.0836112443843	0.053116217288	0.0595245370057
CCIS41222843ST-4-0.snv.bam	0.230238822948	0.228770689742	0.224979168882	0.207684481993	0.220851163846	0.219958847452	0.221167621237	0.227288471416	0.203871713584	0.22245826897	0.0	0.222036141174	0.279072671615	0.211478988129	0.224262565914	0.216226100733	0.206313299283	0.205655872571	0.234345158761	0.242424683014	0.236149928256	0.246207085741	0.23243176407	0.205724235407	0.215765097403	0.216681081739	0.242070607334	0.239147567052	0.214713480175	0.203357162808	0.204653986292	0.245333187762	0.203457996464	0.194886059547	0.252806426346	0.186494133184	0.195329624695	0.234988247967	0.218768083663	0.218807053735	0.246585076506	0.24401028102	0.207233647934	0.205730170585	0.256150086504	0.284492471113	0.250452540822	0.217007316513	0.242882995844	0.232794078848	0.238081188205	0.205578760348	0.289429814472	0.247084986398	0.244140094607	0.220832818997	0.241660850677	0.233617405097	0.239808165421	0.259751392337	0.257281927782
CCIS41288781ST-4-0.snv.bam	0.0840999922741	0.0443836598704	0.0420077784986	0.0591275303966	0.0619781765219	0.0769460369958	0.0518006035138	0.0694688861499	0.0867671206414	0.0684433018425	0.222036141174	0.0	0.120462436869	0.0917104618816	0.0837634146639	0.0722561740805	0.0853375020042	0.0761532374436	0.0948773448773	0.105894014873	0.0669896938932	0.0964621445215	0.0559235571798	0.0415363896261	0.0559235571798	0.0707607994842	0.124348321929	0.0866620752984	0.0562456806175	0.141548534284	0.0659738084361	0.0818470250288	0.0794801080985	0.036355319664	0.127003802849	0.145930932453	0.120318774555	0.10969781048	0.082679895093	0.081311216256	0.112543593348	0.0667085476663	0.0851099142516	0.0896888257473	0.114996114996	0.0990236398165	0.0762481111128	0.0602602073264	0.0729179910998	0.118335764058	0.0665059268268	0.0623141224464	0.107280927835	0.106122412249	0.0951014632858	0.112706288492	0.0717114188467	0.0836066854108	0.0941142191142	0.110674931129	0.113003887866
CCIS44093303ST-4-0.snv.bam	0.122957829065	0.111199262019	0.104956010114	0.11658914546	0.109988757154	0.128478558616	0.107300221708	0.118571592978	0.136134735046	0.125065921853	0.279072671615	0.120462436869	0.0	0.146787121536	0.153718596435	0.13743057874	0.148351648352	0.139864325619	0.137936507937	0.152182509452	0.121770334928	0.125610107001	0.114583333333	0.111921239084	0.104166666667	0.127113678219	0.167597765363	0.136284309059	0.125333867521	0.173334687054	0.109375	0.131292790979	0.145535442653	0.104100334119	0.177538003784	0.158550761737	0.15805055091	0.154038724216	0.124899186813	0.123418391162	0.152643160231	0.125761526598	0.145917860005	0.150333860539	0.174725651578	0.0530620960295	0.136990427033	0.108030110719	0.127137870855	0.161111111111	0.115134851874	0.110790221292	0.105385638298	0.163495758233	0.172559568635	0.157536628422	0.120698140367	0.123480797278	0.16	0.181360946746	0.184120902512
CCIS59132091ST-4-0.snv.bam	0.117422877172	0.077238510905	0.0723729376394	0.0996164472391	0.0897350290738	0.0913064243815	0.107123581263	0.104354342124	0.090911009917	0.103211259926	0.211478988129	0.0917104618816	0.146787121536	0.0	0.132389670149	0.110160461421	0.127559171708	0.120645956322	0.123326862683	0.129399524509	0.0884490497902	0.129850738245	0.0960884122395	0.0902229211171	0.0915954427724	0.106380418441	0.136104950464	0.112107020613	0.104817957401	0.138620217454	0.111695945285	0.0950920490527	0.123211533378	0.0861364070323	0.152137597158	0.118975940957	0.0967624384301	0.13688000295	0.097406270861	0.100608973871	0.13532365507	0.0966294296403	0.118622681777	0.118260920537	0.154637894215	0.117788935427	0.10316409599	0.0853723009522	0.107600818278	0.149986548229	0.0964964534542	0.107144742255	0.140258047108	0.107188347056	0.142625051024	0.108314209365	0.105371544044	0.105369753605	0.0954029122303	0.131876055208	0.138231505072
CCIS82146115ST-4-0.snv.bam	0.111055844264	0.0953615094987	0.0902833160269	0.0911991970183	0.103049777137	0.11449495696	0.114424515513	0.110722548642	0.113185514199	0.111680585607	0.224262565914	0.0837634146639	0.153718596435	0.132389670149	0.0	0.0937085549942	0.0661557375218	0.0620384337491	0.0804523257171	0.14201256876	0.105078193343	0.13187060987	0.098191616278	0.0578191916973	0.0980072079981	0.104408984427	0.158620615009	0.118551168492	0.0884634884595	0.188747185439	0.0779067054856	0.124143219538	0.103783699837	0.068388719226	0.148940994122	0.176578162656	0.148398530698	0.087375689661	0.122912128388	0.121710456717	0.139688272706	0.108756850825	0.107543998933	0.111268209574	0.168086452368	0.142340811263	0.12938278496	0.0973568350734	0.115214185609	0.123989166172	0.108591254084	0.0836569379209	0.146107315151	0.0865766845378	0.13869854546	0.134080915048	0.100907404429	0.0958471313533	0.0741946944595	0.165644513589	0.168731886346
CCIS94603952ST-4-0.snv.bam	0.0737334008368	0.073275847477	0.0685577596232	0.063007351485	0.077412844885	0.0842654978657	0.0707228148166	0.0558720789089	0.0633021648117	0.0755666532489	0.216226100733	0.0722561740805	0.13743057874	0.110160461421	0.0937085549942	0.0	0.0672600076688	0.0591349760505	0.0803749983184	0.0993973396762	0.0634873314447	0.095818579255	0.0710378753132	0.0689268573737	0.0547578590332	0.0796784825126	0.108028982406	0.06575809612	0.0835541353785	0.126802133718	0.0832149683726	0.0714157363521	0.0958227999176	0.0515723808794	0.0872002811164	0.136557758874	0.110277538425	0.0883043642846	0.0675692448532	0.0654759969091	0.106619369534	0.0800526312095	0.0839360908888	0.0867986985619	0.12844506144	0.109207410741	0.0713787543671	0.0611887634333	0.0993821847973	0.112677959658	0.0714217812731	0.0788047002782	0.114256922928	0.0870445039432	0.119450297263	0.108736058121	0.0668264434074	0.0760715957929	0.0707159672303	0.0949179410507	0.101423481003
M2.5-V1.metaG.snv.bam	0.0772134256642	0.0973105048444	0.0923825260119	0.0669592104297	0.0963220595189	0.11732726621	0.089765590497	0.0824997019727	0.10083438693	0.090348419835	0.206313299283	0.0853375020042	0.148351648352	0.127559171708	0.0661557375218	0.0672600076688	0.0	0.000192012288787	0.0557081807082	0.116080165139	0.0969138803363	0.11714568845	0.0793650793651	0.0666445926197	0.0793650793651	0.0852485529452	0.136363636364	0.106221792392	0.0744132410799	0.177442976249	0.0634920634921	0.10147299509	0.0951625386997	0.0477224918718	0.133125333854	0.164005071385	0.133649761882	0.0738119595563	0.107028212993	0.105665596527	0.128394558178	0.111483891699	0.08374516478	0.0861187119641	0.146226415094	0.130879338291	0.101928180641	0.0754070988665	0.102434533552	0.118644067797	0.111528383771	0.0590817953976	0.140285326087	0.0810995493246	0.127266440022	0.112993772939	0.081455752035	0.10918972332	0.0714285714286	0.130421686747	0.134719514836
M2.5-V2.metaG.snv.bam	0.0623620917659	0.0882707524133	0.0828250982528	0.0570544882663	0.0873149652407	0.10841950977	0.0855464801029	0.0732696664438	0.0925334919758	0.0763960738741	0.205655872571	0.0761532374436	0.139864325619	0.120645956322	0.0620384337491	0.0591349760505	0.000192012288787	0.0	0.0568413585173	0.101626876637	0.087818532112	0.102548768624	0.0700844854071	0.0568967918659	0.0700844854071	0.075485466914	0.127374071016	0.0971042471042	0.0650527787625	0.169353668454	0.053955453149	0.0925007425007	0.085109855477	0.0376627163951	0.11959862135	0.158966349502	0.126902382703	0.074183828045	0.0984463453185	0.0969998908623	0.114453466071	0.102706277425	0.0746560071397	0.078119098896	0.130036630037	0.122196201831	0.0930115076715	0.0660626665133	0.0880724680725	0.103653530378	0.102766552787	0.0494740516982	0.131758089976	0.0821635997782	0.118326359127	0.105554777129	0.0707062616713	0.100147090479	0.0720205209155	0.114636283961	0.119480662635
MH0200.snv.bam	0.0754322193783	0.0799542836359	0.0737838217766	0.0844634848959	0.0623283414173	0.11082643748	0.0669327066427	0.058092137964	0.0988038588155	0.0681429689728	0.234345158761	0.0948773448773	0.137936507937	0.123326862683	0.0804523257171	0.0803749983184	0.0557081807082	0.0568413585173	0.0	0.102941029479	0.0677095024317	0.104529928686	0.0721916971917	0.0860724704194	0.0447191697192	0.0949110992971	0.112754766601	0.0994977244977	0.0945219310604	0.16757927315	0.0776862026862	0.078108856955	0.106236321889	0.077793625564	0.115473514819	0.139725504856	0.103069260549	0.0550035851823	0.0731256822492	0.0723339250099	0.0836782790039	0.0998611785213	0.103803272295	0.106671445331	0.0982905982906	0.119296180659	0.0676922071249	0.0567012002936	0.09058884639	0.135620915033	0.0994870456621	0.0736846778952	0.124019146265	0.0629038903973	0.127611969604	0.105845968147	0.0515594362745	0.086044056383	0.0693650793651	0.105590496157	0.116926377597
MH0203.snv.bam	0.056981865248	0.091252436887	0.086315293292	0.0956097843089	0.0959769085347	0.112740961005	0.0962371799054	0.0886990266035	0.104645132852	0.066142334164	0.242424683014	0.105894014873	0.152182509452	0.129399524509	0.14201256876	0.0993973396762	0.116080165139	0.101626876637	0.102941029479	0.0	0.0914084847772	0.0571757792806	0.0949208814776	0.0968725328558	0.0703322921199	0.0801443316486	0.143065775631	0.100679951334	0.0746327503648	0.161795586105	0.0953691109711	0.100920260852	0.128960731407	0.0898670204661	0.107321337645	0.161105914711	0.125728045813	0.123576305192	0.104189646282	0.103157473527	0.0904112601332	0.090767236657	0.0880410334002	0.092419408252	0.0776314795169	0.128905375233	0.0919720800764	0.0791100069873	0.0754770992563	0.11194983275	0.109671539805	0.0916151031775	0.124879105855	0.131017125672	0.120520648382	0.0931616782175	0.0801098552913	0.107827649797	0.108165658582	0.0810406826594	0.0982083881334
MH0337.snv.bam	0.0651010452594	0.0483708223267	0.0474069478572	0.0575832214878	0.052801212924	0.0871071907238	0.0424251318482	0.0501479515275	0.0778418214509	0.0445730710611	0.236149928256	0.0669896938932	0.121770334928	0.0884490497902	0.105078193343	0.0634873314447	0.0969138803363	0.087818532112	0.0677095024317	0.0914084847772	0.0	0.0858759304938	0.0568374096293	0.0631575073211	0.0263805568374	0.0657153977046	0.0986952861953	0.0674860853432	0.0876196561476	0.137709947815	0.0669896938932	0.021238681953	0.0919921419995	0.0670889373641	0.117345427574	0.129919295429	0.102799910982	0.0711362328082	0.0732413815136	0.0726528219117	0.0723570001594	0.0770583353636	0.0853957473046	0.0909194296831	0.0855107965886	0.0948161138985	0.0265912426594	0.0465365846898	0.07318138211	0.108972608973	0.077443399131	0.073445137995	0.102985395189	0.0756295310312	0.0975413849862	0.0724172711275	0.0367781993771	0.0431660353535	0.0673494201272	0.0467897364449	0.0513000374111
MH0436.snv.bam	0.0570044972028	0.0875428725943	0.0807096211953	0.0701646702803	0.085648084198	0.0961866358899	0.0861717725659	0.0830487829471	0.094696171094	0.0622511739364	0.246207085741	0.0964621445215	0.125610107001	0.129850738245	0.13187060987	0.095818579255	0.11714568845	0.102548768624	0.104529928686	0.0571757792806	0.0858759304938	0.0	0.0905830409861	0.0954229978022	0.0697497076528	0.0845042939374	0.146882367985	0.0912159523541	0.0805002418408	0.146912142829	0.0905830409861	0.0753504914625	0.118899280048	0.0902917871614	0.0848077449077	0.152705190542	0.123033973284	0.108588538953	0.0951727055457	0.0939393109011	0.080740265173	0.100992800803	0.0826503496819	0.0868387746644	0.0705708894506	0.108510384599	0.100663889202	0.0690293674334	0.0657921614853	0.105420458302	0.101148570631	0.0867899289447	0.102232552661	0.116579624708	0.100167296095	0.0931127241416	0.0740007205983	0.0934911923008	0.104688658845	0.094364375702	0.100166556933
MMRS25641480ST-27-0-0.snv.bam	0.0580655360366	0.0473297878165	0.0413309595477	0.0671841716603	0.0362053731109	0.0659729036	0.0544268266984	0.0397135496825	0.081094819743	0.0616646745976	0.23243176407	0.0559235571798	0.114583333333	0.0960884122395	0.098191616278	0.0710378753132	0.0793650793651	0.0700844854071	0.0721916971917	0.0949208814776	0.0568374096293	0.0905830409861	0.0	0.0380425366023	0.0402010050251	0.0807140554481	0.0860215053763	0.0759106213652	0.0606236309754	0.140795388794	0.0804020100503	0.0609945609946	0.100986842105	0.0407332700218	0.111451914874	0.141624884965	0.11443967102	0.0945495583972	0.0769789462102	0.0756389153575	0.0967416343642	0.0610362467679	0.0903102694519	0.094156580215	0.0964825772518	0.0828958672454	0.0618199094987	0.0438676384213	0.036914011914	0.133689839572	0.0608336259284	0.0767423240605	0.086662371134	0.11065997538	0.120838842041	0.0971211095179	0.0651866334202	0.0674789128397	0.0879120879121	0.0946022727273	0.0996521383262
MMRS67096717ST-27-0-0.snv.bam	0.0563498057294	0.0522158522261	0.0479416878798	0.0353421880924	0.0625471183389	0.0707621521329	0.071902097511	0.0539619330802	0.0820839365705	0.0674292965541	0.205724235407	0.0415363896261	0.111921239084	0.0902229211171	0.0578191916973	0.0689268573737	0.0666445926197	0.0568967918659	0.0860724704194	0.0968725328558	0.0631575073211	0.0954229978022	0.0380425366023	0.0	0.0563364521066	0.0606749406171	0.107073216027	0.0731929606511	0.0377665340522	0.148769634837	0.0460271737561	0.0682531681465	0.0634680187865	0.0173635349297	0.115116031301	0.141676777095	0.116000880935	0.096513427853	0.0828560045514	0.0820752182238	0.104062773641	0.0673994062655	0.0612369070897	0.0648759730908	0.111905331238	0.0917693295642	0.0801571201957	0.0578795295063	0.0737732956873	0.0915095768037	0.0671915632393	0.052582444313	0.100926481704	0.107892978512	0.0978660586428	0.101293281987	0.0726580910142	0.0688898455005	0.0749299719888	0.110600029485	0.115338875449
MMRS88581325ST-27-0-0.snv.bam	0.0482118483686	0.0473297878165	0.0413309595477	0.0421780125078	0.0362053731109	0.0700423555805	0.0257661472763	0.0357370046906	0.0609943172304	0.0379092584233	0.215765097403	0.0559235571798	0.104166666667	0.0915954427724	0.0980072079981	0.0547578590332	0.0793650793651	0.0700844854071	0.0447191697192	0.0703322921199	0.0263805568374	0.0697497076528	0.0402010050251	0.0563364521066	0.0	0.0487991618311	0.0806451612903	0.0607591062137	0.0706738822317	0.117403575929	0.0603015075377	0.035742035742	0.078764619883	0.0503495023305	0.100151359759	0.124393750087	0.0954871247233	0.0647033576967	0.0572905366913	0.0558574684404	0.0664386040612	0.0610362467679	0.0690648482065	0.0743519404104	0.0728139381986	0.0880505064207	0.0417194069861	0.034944233518	0.056857031857	0.101604278075	0.0608336259284	0.0566418215479	0.086662371134	0.0794099753804	0.100802412169	0.0771915455027	0.0305045524954	0.0365510777882	0.0769230769231	0.0661931818182	0.0775526908124
NG-5636_143.snv.bam	0.0681289061982	0.0775021862725	0.0714226323834	0.0367143776251	0.0658463386878	0.0828708085113	0.0653491147443	0.074148909903	0.0804510906997	0.0678350066832	0.216681081739	0.0707607994842	0.127113678219	0.106380418441	0.104408984427	0.0796784825126	0.0852485529452	0.075485466914	0.0949110992971	0.0801443316486	0.0657153977046	0.0845042939374	0.0807140554481	0.0606749406171	0.0487991618311	0.0	0.102102485529	0.0706125425377	0.0757358775976	0.11929446813	0.0647566086396	0.0646915473119	0.0790051716165	0.0538208600526	0.117645697569	0.140414573169	0.115233059537	0.105048791249	0.0757217758233	0.0750724716448	0.102639894882	0.0599974159728	0.0727109718585	0.0779088850669	0.0694057135775	0.109945769167	0.0917708487553	0.0591289368746	0.0976752302956	0.0908665304733	0.0810299061494	0.0600317282568	0.0894084285478	0.0956506660927	0.102114353928	0.101280520067	0.0554890295958	0.0670226858751	0.105664200141	0.113535353535	0.118889879184
NG-5636_235.snv.bam	0.100531163742	0.119906494575	0.112279742429	0.103325056029	0.087122952952	0.133542115832	0.0967337387854	0.0891320991377	0.125798034059	0.0993544394606	0.242070607334	0.124348321929	0.167597765363	0.136104950464	0.158620615009	0.108028982406	0.136363636364	0.127374071016	0.112754766601	0.143065775631	0.0986952861953	0.146882367985	0.0860215053763	0.107073216027	0.0806451612903	0.102102485529	0.0	0.124488124488	0.12400055142	0.157033453938	0.129032258065	0.103118503119	0.126812165143	0.107631994429	0.118940384993	0.165192165601	0.148087500939	0.138790702934	0.114703745576	0.112820118528	0.141248832866	0.129761154887	0.110041104303	0.115584023549	0.12296532201	0.148641804788	0.103551050127	0.0979600491223	0.120311850312	0.126373626374	0.129601567526	0.12511678757	0.148135359116	0.129869917726	0.134784885594	0.13527978062	0.0990825315633	0.0994005994006	0.130177514793	0.13282208589	0.143077601411
NG-5636_457.snv.bam	0.0840266001505	0.0781807158273	0.0726245246077	0.0735370359677	0.0668443044412	0.0626384193105	0.0760765099413	0.0701328837576	0.0510483136291	0.086738580468	0.239147567052	0.0866620752984	0.136284309059	0.112107020613	0.118551168492	0.06575809612	0.106221792392	0.0971042471042	0.0994977244977	0.100679951334	0.0674860853432	0.0912159523541	0.0759106213652	0.0731929606511	0.0607591062137	0.0706125425377	0.124488124488	0.0	0.0964363918909	0.106507732436	0.0809611264157	0.0762991217537	0.107306897258	0.0757568383539	0.0873861505387	0.13747061304	0.107608507417	0.104758595696	0.0475828898232	0.0460204088124	0.117383454689	0.0613303580359	0.106027716505	0.110317828263	0.121046777297	0.104207778632	0.087537702124	0.0586984885782	0.0979086057766	0.129195177582	0.0511929019699	0.0873839672644	0.102812450934	0.11108069237	0.091164111134	0.10263467959	0.0715557593721	0.0679855550322	0.0992800937552	0.118173160173	0.122596333707
NG-5636_495.snv.bam	0.048238645499	0.0675965580833	0.0622472682813	0.0579726789128	0.0767285015737	0.0850715025955	0.0859900181601	0.0756598281649	0.100400751109	0.0561891483967	0.214713480175	0.0562456806175	0.125333867521	0.104817957401	0.0884634884595	0.0835541353785	0.0744132410799	0.0650527787625	0.0945219310604	0.0746327503648	0.0876196561476	0.0805002418408	0.0606236309754	0.0377665340522	0.0706738822317	0.0757358775976	0.12400055142	0.0964363918909	0.0	0.164112227901	0.0606236309754	0.0916213416213	0.0902318563503	0.0310051422033	0.102085314046	0.157246300586	0.128044772515	0.114584408423	0.0971162163475	0.0953164316958	0.0920148796374	0.0814588727182	0.0497317027195	0.0542047941094	0.102779042128	0.103844849535	0.0922927867052	0.0699854067501	0.0574397824398	0.0912518853695	0.0809846234663	0.0569639449856	0.117920631774	0.115801535209	0.0910251523913	0.098539041077	0.0604568624545	0.0935825343042	0.0935474781629	0.0892846736597	0.088956572382
NG-5636_536.snv.bam	0.150279733871	0.131772884011	0.124958513871	0.14169798113	0.122562398305	0.10732231717	0.130166250553	0.130923466271	0.0858099877763	0.149796280543	0.203357162808	0.141548534284	0.173334687054	0.138620217454	0.188747185439	0.126802133718	0.177442976249	0.169353668454	0.16757927315	0.161795586105	0.137709947815	0.146912142829	0.140795388794	0.148769634837	0.117403575929	0.11929446813	0.157033453938	0.106507732436	0.164112227901	0.0	0.152491295227	0.147958438593	0.179333406948	0.140468366956	0.158300652056	0.121145413203	0.128212989168	0.17424132341	0.0957607778985	0.0919484007	0.177688185009	0.106425118005	0.168979634911	0.166105758532	0.15244594256	0.154617961803	0.148410371193	0.116159340861	0.15867663036	0.207347919347	0.100325071661	0.141448736678	0.156891970117	0.188677112254	0.195278506113	0.149430003975	0.128640125431	0.136627204129	0.178744819766	0.198784849988	0.195693975392
NG-5636_602.snv.bam	0.0631416781686	0.0776328181196	0.0724646312905	0.0532106059689	0.076406378136	0.100970190632	0.0583662600795	0.0734614186402	0.0911450709993	0.05750188287	0.204653986292	0.0659738084361	0.109375	0.111695945285	0.0779067054856	0.0832149683726	0.0634920634921	0.053955453149	0.0776862026862	0.0953691109711	0.0669896938932	0.0905830409861	0.0804020100503	0.0460271737561	0.0603015075377	0.0647566086396	0.129032258065	0.0809611264157	0.0606236309754	0.152491295227	0.0	0.0862470862471	0.0620979532164	0.0503495023305	0.121016304065	0.150776626469	0.125348235834	0.087453639241	0.0875935669943	0.0860082222092	0.101792139415	0.0911870005368	0.0695776687193	0.0740100600685	0.114234056542	0.118978341472	0.0919706632675	0.0615675461596	0.0871600621601	0.0695187165775	0.0907127512849	0.0365413190354	0.127899484536	0.0950349753804	0.0907014020675	0.0900195679956	0.0305045524954	0.0777881911903	0.0824175824176	0.111647727273	0.116226723962
NG-5636_604.snv.bam	0.0692584551303	0.0631889394142	0.0572404189175	0.0380003383301	0.0620292541717	0.085902783812	0.0508041632404	0.056004109938	0.0869433949787	0.0532642879477	0.245333187762	0.0818470250288	0.131292790979	0.0950920490527	0.124143219538	0.0714157363521	0.10147299509	0.0925007425007	0.078108856955	0.100920260852	0.021238681953	0.0753504914625	0.0609945609946	0.0682531681465	0.035742035742	0.0646915473119	0.103118503119	0.0762991217537	0.0916213416213	0.147958438593	0.0862470862471	0.0	0.107567344446	0.0711943133368	0.112201682335	0.141178420061	0.112309816784	0.0899977672992	0.0825715897866	0.0817806025079	0.0819435420921	0.0868324906739	0.0901976803598	0.0949572438304	0.0846942409442	0.0992679861271	0.0415416106733	0.0551843259731	0.0821358844201	0.118693134822	0.0865469848927	0.0825689169948	0.0978726584297	0.0749928709422	0.116741445874	0.0883527611629	0.0476765378185	0.0630457625276	0.0777730556736	0.0608571428571	0.0672997784109
O2.UC12-1.snv.bam	0.0985011732855	0.0972859737814	0.0917702718406	0.071126470374	0.0854583379334	0.120021507638	0.0969301269235	0.0928650681197	0.0987123681762	0.0908848075364	0.203457996464	0.0794801080985	0.145535442653	0.123211533378	0.103783699837	0.0958227999176	0.0951625386997	0.085109855477	0.106236321889	0.128960731407	0.0919921419995	0.118899280048	0.100986842105	0.0634680187865	0.078764619883	0.0790051716165	0.126812165143	0.107306897258	0.0902318563503	0.179333406948	0.0620979532164	0.107567344446	0.0	0.0622065696817	0.14653407889	0.14886367928	0.120687512683	0.122005418483	0.0958212472805	0.0955075830934	0.124622766386	0.112859279855	0.0880819308884	0.0943726891608	0.136203703704	0.143244360902	0.11377663094	0.0781718221579	0.119750412775	0.126057330827	0.112540040829	0.0744262360447	0.14280075188	0.123840155214	0.118081056918	0.136498634877	0.0793306952907	0.0924348901696	0.104741655969	0.126171280803	0.130419486607
O2.UC18-1.snv.bam	0.0581647795075	0.0478647410203	0.0420172540331	0.0386894651692	0.0566618204227	0.0662545462962	0.0654592993766	0.0550644856073	0.0811930657921	0.0609688445972	0.194886059547	0.036355319664	0.104100334119	0.0861364070323	0.068388719226	0.0515723808794	0.0477224918718	0.0376627163951	0.077793625564	0.0898670204661	0.0670889373641	0.0902917871614	0.0407332700218	0.0173635349297	0.0503495023305	0.0538208600526	0.107631994429	0.0757568383539	0.0310051422033	0.140468366956	0.0503495023305	0.0711943133368	0.0622065696817	0.0	0.111816478171	0.139105804777	0.114148417195	0.103951956464	0.0767352813294	0.0754997538966	0.101890881656	0.0615036714339	0.0596413000353	0.0634876107984	0.114349742718	0.0831569034601	0.0719684068041	0.0536811273514	0.0674929951618	0.101708828683	0.0613658909251	0.0461608557483	0.0973367681188	0.10034513665	0.100648629157	0.106599543063	0.0652996447715	0.077888969354	0.0770304998009	0.10039517593	0.105285016579
O2.UC20-1.snv.bam	0.0801202017581	0.116790601265	0.110091715632	0.104428581832	0.116025001612	0.101876562976	0.115443186668	0.0925044707205	0.0877352182656	0.0917346863746	0.252806426346	0.127003802849	0.177538003784	0.152137597158	0.148940994122	0.0872002811164	0.133125333854	0.11959862135	0.115473514819	0.107321337645	0.117345427574	0.0848077449077	0.111451914874	0.115116031301	0.100151359759	0.117645697569	0.118940384993	0.0873861505387	0.102085314046	0.158300652056	0.121016304065	0.112201682335	0.14653407889	0.111816478171	0.0	0.163187261522	0.126684162395	0.132725413682	0.0858025248001	0.0843659566291	0.107449479313	0.111661410136	0.0889347694879	0.0932446488941	0.121659357686	0.1504538992	0.122652685678	0.091057852874	0.0979157568299	0.0922816404571	0.101480883347	0.117110689237	0.137673000691	0.136851267052	0.112426406747	0.112741713871	0.0989268826596	0.119154882985	0.116432451338	0.119768836744	0.124320049052
O2.UC27-1.snv.bam	0.149921221382	0.120343593573	0.116529879006	0.141884555357	0.120580571778	0.11385713184	0.139501312076	0.129259128697	0.110944660722	0.131768401471	0.186494133184	0.145930932453	0.158550761737	0.118975940957	0.176578162656	0.136557758874	0.164005071385	0.158966349502	0.139725504856	0.161105914711	0.129919295429	0.152705190542	0.141624884965	0.141676777095	0.124393750087	0.140414573169	0.165192165601	0.13747061304	0.157246300586	0.121145413203	0.150776626469	0.141178420061	0.14886367928	0.139105804777	0.163187261522	0.0	0.0659364478505	0.15440811308	0.115702493254	0.112613315115	0.159150795136	0.136010931172	0.154412385379	0.151184669214	0.17670520005	0.136383810971	0.146232597636	0.106809388518	0.156057674398	0.188649311423	0.131126279789	0.147796494501	0.144045265865	0.160815771792	0.177700012812	0.120214655633	0.143428663736	0.135682405977	0.152267912313	0.167170555235	0.168664062566
O2.UC27-2.snv.bam	0.121823463968	0.0943102891251	0.0894120365348	0.11624897874	0.0908858711939	0.0936972384991	0.111511772306	0.0968637582416	0.0725313001152	0.105762912083	0.195329624695	0.120318774555	0.15805055091	0.0967624384301	0.148398530698	0.110277538425	0.133649761882	0.126902382703	0.103069260549	0.125728045813	0.102799910982	0.123033973284	0.11443967102	0.116000880935	0.0954871247233	0.115233059537	0.148087500939	0.107608507417	0.128044772515	0.128212989168	0.125348235834	0.112309816784	0.120687512683	0.114148417195	0.126684162395	0.0659364478505	0.0	0.124685315137	0.0751933813181	0.0754722429979	0.131168800168	0.105833036843	0.131491175514	0.125561876388	0.143232809337	0.125925114208	0.117498899004	0.0762000996229	0.12969516131	0.165695525631	0.102717287751	0.121555123793	0.134870512098	0.1287873949	0.157118579805	0.0940396354593	0.108681713969	0.103942040981	0.118459008056	0.136252368228	0.143496720302
O2.UC30-1.snv.bam	0.087928899628	0.0996585891904	0.0932666832956	0.0937733016827	0.0899490962882	0.120285078712	0.0726619248481	0.0825042972709	0.10140313783	0.0839347305857	0.234988247967	0.10969781048	0.154038724216	0.13688000295	0.087375689661	0.0883043642846	0.0738119595563	0.074183828045	0.0550035851823	0.123576305192	0.0711362328082	0.108588538953	0.0945495583972	0.096513427853	0.0647033576967	0.105048791249	0.138790702934	0.104758595696	0.114584408423	0.17424132341	0.087453639241	0.0899977672992	0.122005418483	0.103951956464	0.132725413682	0.15440811308	0.124685315137	0.0	0.106901835931	0.105419001948	0.0923726577024	0.114438467594	0.102327707834	0.104849813313	0.124063968128	0.137689499	0.105304619846	0.0798613669946	0.100736043637	0.123528010708	0.113462962599	0.0934852669627	0.131429324572	0.0862536488782	0.134753184638	0.0978726182885	0.0673311769956	0.0558078587646	0.0750346868614	0.115743946765	0.120467615106
O2.UC32-0.snv.bam	0.085624677878	0.0728882139405	0.0672788749888	0.0793494989735	0.0522786293707	0.0652489625289	0.0732852128712	0.0624006253488	0.0432060608021	0.0726493182423	0.218768083663	0.082679895093	0.124899186813	0.097406270861	0.122912128388	0.0675692448532	0.107028212993	0.0984463453185	0.0731256822492	0.104189646282	0.0732413815136	0.0951727055457	0.0769789462102	0.0828560045514	0.0572905366913	0.0757217758233	0.114703745576	0.0475828898232	0.0971162163475	0.0957607778985	0.0875935669943	0.0825715897866	0.0958212472805	0.0767352813294	0.0858025248001	0.115702493254	0.0751933813181	0.106901835931	0.0	0.00861587856499	0.113511989505	0.0571875328134	0.104646093127	0.107788119695	0.115265470606	0.10229195938	0.0875787849172	0.0481979106602	0.0930601877698	0.13564221608	0.0465263437684	0.0836909308509	0.112710606477	0.107012816163	0.117943234918	0.101053147888	0.0603148091855	0.0747898204963	0.106300285424	0.122496340561	0.128373499825
O2.UC32-1.snv.bam	0.0837057395422	0.070596517224	0.0646409448156	0.0773795661119	0.0501673736203	0.0619224611267	0.0719444097185	0.0593186252874	0.0418925020911	0.0713102266332	0.218807053735	0.081311216256	0.123418391162	0.100608973871	0.121710456717	0.0654759969091	0.105665596527	0.0969998908623	0.0723339250099	0.103157473527	0.0726528219117	0.0939393109011	0.0756389153575	0.0820752182238	0.0558574684404	0.0750724716448	0.112820118528	0.0460204088124	0.0953164316958	0.0919484007	0.0860082222092	0.0817806025079	0.0955075830934	0.0754997538966	0.0843659566291	0.112613315115	0.0754722429979	0.105419001948	0.00861587856499	0.0	0.112151331791	0.0559863944606	0.103372728866	0.106219035222	0.112635510957	0.102192768082	0.0875266241703	0.0473503180547	0.092148082499	0.133775574178	0.0457985832605	0.0822069833849	0.111063205257	0.10519052328	0.115488019504	0.0998428600046	0.0594897880066	0.0732296150028	0.104271782474	0.122722825277	0.126796272119
