	158944319-anteriornares3.snv.bam	158944319-rretroauricularcrease3.snv.bam	159207311-lretroauricularcrease3.snv.bam	159207311-rretroauricularcrease3.snv.bam	159268001-rretroauricularcrease3.snv.bam	159490532-rightretroauricularcrease2.snv.bam	159591683-rightretroauricularcrease1.snv.bam	159591683-rightretroauricularcrease2.snv.bam	159753524-lretroauricularcrease2.snv.bam	159753524-lretroauricularcrease3.snv.bam	159753524-rretroauricularcrease2.snv.bam	159753524-rretroauricularcrease3.snv.bam	160178356-lretroauricularcrease2.snv.bam	160178356-lretroauricularcrease3.snv.bam	160319967-lretroauricularcrease2.snv.bam	160400887-rightretroauricularcrease1.snv.bam	160502038-lretroauricularcrease2.snv.bam	160502038-lretroauricularcrease3.snv.bam	160502038-rretroauricularcrease3.snv.bam	160603188-leftretroauricularcrease1.snv.bam	160603188-lretroauricularcrease3.snv.bam	160603188-rightretroauricularcrease1.snv.bam	160603188-rretroauricularcrease3.snv.bam	338793263-rightretroauricularcrease1.snv.bam	638754422-rretroauricularcrease3.snv.bam	686765762-rretroauricularcrease3.snv.bam
158944319-anteriornares3.snv.bam	0.0	0.310653473588	0.166963517825	0.161540382309	0.121956007995	0.120278272479	0.137481926695	0.113434948079	0.113358719215	0.116099281647	0.125061942939	0.129907073518	0.122563812765	0.119275510135	0.281158366227	0.178428813081	0.13220102475	0.13201555737	0.13791668782	0.170198792882	0.143546854218	0.212835904178	0.181529965138	0.267159264766	0.10148400349	0.315623040196
158944319-rretroauricularcrease3.snv.bam	0.310653473588	0.0	0.23355468881	0.279219509408	0.259083397716	0.264918979239	0.238604678358	0.290180448034	0.300631698557	0.298746362129	0.302898749371	0.305672475532	0.297011833401	0.293244271279	0.14522198439	0.193455841768	0.290994626511	0.292179475628	0.265690621276	0.242689455754	0.26669867796	0.218469824158	0.233970856809	0.146941566366	0.294611950601	0.190575606948
159207311-lretroauricularcrease3.snv.bam	0.166963517825	0.23355468881	0.0	0.0792889386613	0.107454090722	0.137558007456	0.105502282911	0.147131271149	0.127098812194	0.124470534729	0.13013966073	0.136401530108	0.147474974606	0.139726999412	0.203569853557	0.138067432965	0.147160897174	0.149888470311	0.145413642531	0.120141168931	0.135578449144	0.143787833701	0.132519027138	0.178943243326	0.137037952427	0.211025341004
159207311-rretroauricularcrease3.snv.bam	0.161540382309	0.279219509408	0.0792889386613	0.0	0.111241020273	0.125861454245	0.114073353978	0.137091035118	0.114248101532	0.107443892544	0.101035644867	0.107282920444	0.121755731021	0.120894423785	0.253804529953	0.18040884372	0.118693716017	0.119242365271	0.125033840587	0.120751294931	0.126715481418	0.173233898148	0.152339039336	0.221647675005	0.119043818454	0.253163184207
159268001-rretroauricularcrease3.snv.bam	0.121956007995	0.259083397716	0.107454090722	0.111241020273	0.0	0.116816723973	0.0961337076221	0.111821449783	0.111049670583	0.110814418091	0.11324255989	0.119613662331	0.111035664814	0.103995636971	0.230938547597	0.157428325849	0.115877452869	0.116104461687	0.12334184059	0.116247635049	0.111725905916	0.160308171044	0.132244147954	0.204281164935	0.113594618944	0.250921995529
159490532-rightretroauricularcrease2.snv.bam	0.120278272479	0.264918979239	0.137558007456	0.125861454245	0.116816723973	0.0	0.0906508869904	0.0969220262073	0.0910140320676	0.0891692384862	0.0878923099998	0.091134343405	0.0876549157612	0.0850175529372	0.244506604777	0.173319076316	0.0714919966676	0.0694645111538	0.0588880979654	0.107991628039	0.098242075307	0.164907515158	0.128643080682	0.21123945094	0.0783839310381	0.279398199781
159591683-rightretroauricularcrease1.snv.bam	0.137481926695	0.238604678358	0.105502282911	0.114073353978	0.0961337076221	0.0906508869904	0.0	0.099457432149	0.0996996298097	0.100986296601	0.107862006747	0.111804080555	0.11246730761	0.104712539964	0.216608363606	0.142463807379	0.104239800351	0.10597538543	0.0978327871458	0.102520246978	0.0976686385549	0.146600555845	0.115951707392	0.182008012635	0.106746988763	0.235970797171
159591683-rightretroauricularcrease2.snv.bam	0.113434948079	0.290180448034	0.147131271149	0.137091035118	0.111821449783	0.0969220262073	0.099457432149	0.0	0.0772343325271	0.0859472031759	0.101715895258	0.102061471256	0.0959381525061	0.095520473029	0.2632937603	0.184106329086	0.0875902734816	0.0853517056422	0.103268172627	0.147298556756	0.125752037332	0.193635593033	0.15890107172	0.236579632281	0.102342667555	0.291202916767
159753524-lretroauricularcrease2.snv.bam	0.113358719215	0.300631698557	0.127098812194	0.114248101532	0.111049670583	0.0910140320676	0.0996996298097	0.0772343325271	0.0	0.0153791190044	0.0370954312325	0.0327574525114	0.0698632506697	0.070064324129	0.267950624212	0.194335487973	0.0785018914437	0.0802387232584	0.0937911444772	0.133246081704	0.113564637189	0.185270768971	0.155867305651	0.237919773349	0.0788838602437	0.279478549132
159753524-lretroauricularcrease3.snv.bam	0.116099281647	0.298746362129	0.124470534729	0.107443892544	0.110814418091	0.0891692384862	0.100986296601	0.0859472031759	0.0153791190044	0.0	0.0289994004613	0.0225269541493	0.06822404202	0.0687267165361	0.266013140246	0.193687750022	0.0751562290842	0.0760439512883	0.0899026196726	0.126681896868	0.111505364452	0.182295118062	0.155005668892	0.236269181887	0.0747907111816	0.276955125723
159753524-rretroauricularcrease2.snv.bam	0.125061942939	0.302898749371	0.13013966073	0.101035644867	0.11324255989	0.0878923099998	0.107862006747	0.101715895258	0.0370954312325	0.0289994004613	0.0	0.0201416198001	0.0677200772899	0.0698596547033	0.270584187796	0.201594959029	0.0714084332104	0.0715924488356	0.0882455040952	0.119719601602	0.111155496288	0.17603812031	0.153060610222	0.238055905214	0.0758791387003	0.272848836086
159753524-rretroauricularcrease3.snv.bam	0.129907073518	0.305672475532	0.136401530108	0.107282920444	0.119613662331	0.091134343405	0.111804080555	0.102061471256	0.0327574525114	0.0225269541493	0.0201416198001	0.0	0.0675594011749	0.0696890628092	0.2752963001	0.207306425541	0.0726575411013	0.0721125661533	0.0909980617362	0.122115005722	0.113022377287	0.180372855739	0.156117373317	0.241043851326	0.0773234752747	0.277041323181
160178356-lretroauricularcrease2.snv.bam	0.122563812765	0.297011833401	0.147474974606	0.121755731021	0.111035664814	0.0876549157612	0.11246730761	0.0959381525061	0.0698632506697	0.06822404202	0.0677200772899	0.0675594011749	0.0	0.0174060002673	0.271871630169	0.200394584045	0.0681190992108	0.0670177650078	0.0877386199833	0.135495321053	0.114368795135	0.181784452803	0.156473645422	0.239652775296	0.085823305915	0.280368648597
160178356-lretroauricularcrease3.snv.bam	0.119275510135	0.293244271279	0.139726999412	0.120894423785	0.103995636971	0.0850175529372	0.104712539964	0.095520473029	0.070064324129	0.0687267165361	0.0698596547033	0.0696890628092	0.0174060002673	0.0	0.26589319866	0.188808450188	0.0652948322995	0.0653526590866	0.0860247385362	0.127739483921	0.109810973808	0.173678983985	0.150557955779	0.234380340681	0.0846090965059	0.276233061848
160319967-lretroauricularcrease2.snv.bam	0.281158366227	0.14522198439	0.203569853557	0.253804529953	0.230938547597	0.244506604777	0.216608363606	0.2632937603	0.267950624212	0.266013140246	0.270584187796	0.2752963001	0.271871630169	0.26589319866	0.0	0.178060832075	0.26387280935	0.263547778811	0.241755461021	0.211317086854	0.236137273336	0.176367388876	0.205203332131	0.146877196504	0.257987603057	0.149750636179
160400887-rightretroauricularcrease1.snv.bam	0.178428813081	0.193455841768	0.138067432965	0.18040884372	0.157428325849	0.173319076316	0.142463807379	0.184106329086	0.194335487973	0.193687750022	0.201594959029	0.207306425541	0.200394584045	0.188808450188	0.178060832075	0.0	0.196154691453	0.197475032052	0.180714395745	0.155172622412	0.171412820734	0.153293049336	0.152053309302	0.157971969279	0.176785243249	0.214117431982
160502038-lretroauricularcrease2.snv.bam	0.13220102475	0.290994626511	0.147160897174	0.118693716017	0.115877452869	0.0714919966676	0.104239800351	0.0875902734816	0.0785018914437	0.0751562290842	0.0714084332104	0.0726575411013	0.0681190992108	0.0652948322995	0.26387280935	0.196154691453	0.0	0.0184225774335	0.0546455904977	0.111946882716	0.0985037176402	0.169188425462	0.139014729931	0.227729044917	0.0756576684622	0.275214382584
160502038-lretroauricularcrease3.snv.bam	0.13201555737	0.292179475628	0.149888470311	0.119242365271	0.116104461687	0.0694645111538	0.10597538543	0.0853517056422	0.0802387232584	0.0760439512883	0.0715924488356	0.0721125661533	0.0670177650078	0.0653526590866	0.263547778811	0.197475032052	0.0184225774335	0.0	0.0532402225925	0.11101950976	0.0991646026462	0.170476132644	0.14024458169	0.229950116898	0.0754636726587	0.278804844603
160502038-rretroauricularcrease3.snv.bam	0.13791668782	0.265690621276	0.145413642531	0.125033840587	0.12334184059	0.0588880979654	0.0978327871458	0.103268172627	0.0937911444772	0.0899026196726	0.0882455040952	0.0909980617362	0.0877386199833	0.0860247385362	0.241755461021	0.180714395745	0.0546455904977	0.0532402225925	0.0	0.100921657037	0.099957596384	0.16244582178	0.13414063778	0.206480168609	0.0816756568766	0.274786473366
160603188-leftretroauricularcrease1.snv.bam	0.170198792882	0.242689455754	0.120141168931	0.120751294931	0.116247635049	0.107991628039	0.102520246978	0.147298556756	0.133246081704	0.126681896868	0.119719601602	0.122115005722	0.135495321053	0.127739483921	0.211317086854	0.155172622412	0.111946882716	0.11101950976	0.100921657037	0.0	0.0876459413025	0.0989847922087	0.0903087396389	0.186505411483	0.12102293772	0.23688079942
160603188-lretroauricularcrease3.snv.bam	0.143546854218	0.26669867796	0.135578449144	0.126715481418	0.111725905916	0.098242075307	0.0976686385549	0.125752037332	0.113564637189	0.111505364452	0.111155496288	0.113022377287	0.114368795135	0.109810973808	0.236137273336	0.171412820734	0.0985037176402	0.0991646026462	0.099957596384	0.0876459413025	0.0	0.128530693713	0.0833558029586	0.209275272869	0.0944482630506	0.259928537993
160603188-rightretroauricularcrease1.snv.bam	0.212835904178	0.218469824158	0.143787833701	0.173233898148	0.160308171044	0.164907515158	0.146600555845	0.193635593033	0.185270768971	0.182295118062	0.17603812031	0.180372855739	0.181784452803	0.173678983985	0.176367388876	0.153293049336	0.169188425462	0.170476132644	0.16244582178	0.0989847922087	0.128530693713	0.0	0.0967972657944	0.182242669947	0.16886928544	0.190950583393
160603188-rretroauricularcrease3.snv.bam	0.181529965138	0.233970856809	0.132519027138	0.152339039336	0.132244147954	0.128643080682	0.115951707392	0.15890107172	0.155867305651	0.155005668892	0.153060610222	0.156117373317	0.156473645422	0.150557955779	0.205203332131	0.152053309302	0.139014729931	0.14024458169	0.13414063778	0.0903087396389	0.0833558029586	0.0967972657944	0.0	0.188301097747	0.139611760232	0.22868883263
338793263-rightretroauricularcrease1.snv.bam	0.267159264766	0.146941566366	0.178943243326	0.221647675005	0.204281164935	0.21123945094	0.182008012635	0.236579632281	0.237919773349	0.236269181887	0.238055905214	0.241043851326	0.239652775296	0.234380340681	0.146877196504	0.157971969279	0.227729044917	0.229950116898	0.206480168609	0.186505411483	0.209275272869	0.182242669947	0.188301097747	0.0	0.230438563967	0.190530569344
638754422-rretroauricularcrease3.snv.bam	0.10148400349	0.294611950601	0.137037952427	0.119043818454	0.113594618944	0.0783839310381	0.106746988763	0.102342667555	0.0788838602437	0.0747907111816	0.0758791387003	0.0773234752747	0.085823305915	0.0846090965059	0.257987603057	0.176785243249	0.0756576684622	0.0754636726587	0.0816756568766	0.12102293772	0.0944482630506	0.16886928544	0.139611760232	0.230438563967	0.0	0.275035652951
686765762-rretroauricularcrease3.snv.bam	0.315623040196	0.190575606948	0.211025341004	0.253163184207	0.250921995529	0.279398199781	0.235970797171	0.291202916767	0.279478549132	0.276955125723	0.272848836086	0.277041323181	0.280368648597	0.276233061848	0.149750636179	0.214117431982	0.275214382584	0.278804844603	0.274786473366	0.23688079942	0.259928537993	0.190950583393	0.22868883263	0.190530569344	0.275035652951	0.0
