	158499257-stool2.snv.bam	159551223-stool1.snv.bam	159551223-stool2.snv.bam	159814214-stool1.snv.bam	706846339-stool1.snv.bam	763536994-stool1.snv.bam	763678604-stool1.snv.bam	763921366-stool3.snv.bam	764083206-stool1.snv.bam	764285508-stool1.snv.bam	764649650-stool2.snv.bam	765195863-stool3.snv.bam	765519544-stool3.snv.bam	BGI-15A.snv.bam	BGI-27A.snv.bam	BYQ_AAAS.snv.bam	CCIS32452666ST-4-0.snv.bam	CCIS62605362ST-3-0.snv.bam	CCIS64773582ST-4-0.snv.bam	CCIS74239020ST-4-0.snv.bam	CCIS78318719ST-4-0.snv.bam	CCMD26709089ST-21-0.snv.bam	MH0162.snv.bam	MH0188.snv.bam	MH0193.snv.bam	MH0198.snv.bam	MH0204.snv.bam	MH0234.snv.bam	MH0247.snv.bam	MH0268.snv.bam	MH0276.snv.bam	MH0287.snv.bam	MH0297.snv.bam	MH0316.snv.bam	MH0334.snv.bam	MH0345.snv.bam	MH0361.snv.bam	MH0381.snv.bam	MH0391.snv.bam	MH0416.snv.bam	MH0420.snv.bam	MH0424.snv.bam	MH0439.snv.bam	MH0451.snv.bam	MH0455.snv.bam	MMRS14602194ST-27-0-0.snv.bam	MMRS33294861ST-27-0-0.snv.bam	MMRS38861560ST-27-0-0.snv.bam	MMRS39415781ST-27-0-0.snv.bam	MMRS43939546ST-27-0-0.snv.bam	MMRS51737257ST-27-0-0.snv.bam	MMRS67247116ST-27-0-0.snv.bam	MMRS86178473ST-27-0-0.snv.bam	N088A.snv.bam	NLF013.snv.bam	O2.UC13-1.snv.bam	O2.UC2-1.snv.bam	O2.UC37-1.snv.bam	O2.UC40-1.snv.bam	SZEY-06A.snv.bam	SZEY-35A.snv.bam	T2D-149A.snv.bam	T2D-17A.snv.bam	T2D-54A.snv.bam	V1.CD55-0.snv.bam	V1.FI01.snv.bam	V1.UC51-0.snv.bam	alien-11-392-1.snv.bam	alien-11-392-2.snv.bam	alien-11-392-3.snv.bam	alien-11-600-0.snv.bam	alien-11-630-0.snv.bam	alien-11-637-0.snv.bam	alien-11-7-0.snv.bam	alien-12-7-0.snv.bam	alien-13-392-1.snv.bam	alien-13-392-2.snv.bam	alien-13-392-3.snv.bam	alien-13-7-0.snv.bam	bugkiller-11-600-0.snv.bam	daisy-11-0-0.snv.bam	daisy-11-2-0.snv.bam	daisy-11-7-0.snv.bam	peacemaker-11-0-0.snv.bam	peacemaker-11-392-3.snv.bam	peacemaker-11-7-0.snv.bam	peacemaker-12-7-0.snv.bam	peacemaker-13-392-1.snv.bam	peacemaker-13-7-0.snv.bam
158499257-stool2.snv.bam	0.0	0.163806343626	0.155263267524	0.127490807644	0.143720893355	0.161582264435	0.148712479854	0.156361322172	0.13688320087	0.153801535265	0.130136750551	0.1485458266	0.173234963078	0.15954583185	0.164160618558	0.132216078824	0.155101566389	0.133791762467	0.126624702641	0.15848000295	0.131877721055	0.118249625792	0.14073762001	0.167283497452	0.16220940683	0.141098214186	0.141216069984	0.12247055307	0.193094510927	0.143782206393	0.157180073513	0.132318884344	0.142960729421	0.124785300767	0.151735639617	0.176890383235	0.1174758718	0.151197097188	0.149165571128	0.145714851435	0.140316716026	0.15328274993	0.178433359136	0.149721216137	0.127299075197	0.15003898062	0.153729763826	0.15254284769	0.142128886007	0.118632909664	0.126436617355	0.126508348167	0.119159827512	0.149222824024	0.147718675793	0.122030952765	0.134930558125	0.186557787685	0.140325637238	0.14081965752	0.163402919209	0.154645032169	0.153387349243	0.154444735997	0.146012436977	0.147840782458	0.187929197663	0.147332140431	0.147478995422	0.147481743773	0.148009730046	0.147506285658	0.147762520167	0.173681226562	0.16985165856	0.147476945105	0.147446034681	0.147435384833	0.170165941133	0.150758319176	0.154812795823	0.155185168729	0.155294243773	0.135351010012	0.135387279	0.134884676822	0.137293687974	0.129712249131	0.136877646495
159551223-stool1.snv.bam	0.163806343626	0.0	0.000835783934375	0.15123991832	0.160238387229	0.156010463867	0.165630755064	0.151410205956	0.151478119181	0.146160531055	0.160427807487	0.146799588575	0.144029484029	0.12043370765	0.0939082724739	0.176750797037	0.160104986877	0.155828030421	0.146549472627	0.175894415358	0.163157894737	0.148496240602	0.161611519608	0.183953728655	0.172384460652	0.154557411806	0.152974504249	0.15207068294	0.144706150093	0.156976233553	0.160454943132	0.171671190065	0.160757491387	0.104427458187	0.165745856354	0.158705030936	0.160460992908	0.135991193699	0.165388840976	0.170028409091	0.169196453338	0.0970612042654	0.170614905112	0.150570138151	0.165947293447	0.168482269799	0.117508025251	0.160733847	0.159181551677	0.152945691806	0.168241270203	0.168276024494	0.145833333333	0.109385598435	0.113122969884	0.153800152075	0.148510981216	0.192111117504	0.153722943723	0.129091976651	0.15563441897	0.130967559144	0.117502222055	0.120572543475	0.159998139881	0.161125503742	0.195411255411	0.155624690472	0.155586118644	0.155588838515	0.153549382716	0.155613126079	0.155866705309	0.187293992557	0.187261268144	0.155465950295	0.155553499465	0.155542959978	0.183510638298	0.163855391434	0.157333333333	0.170984455959	0.171092400691	0.177904088249	0.178413120567	0.177801724138	0.165191740413	0.17637037037	0.181286549708
159551223-stool2.snv.bam	0.155263267524	0.000835783934375	0.0	0.142585723178	0.154410271726	0.150527999588	0.161453220171	0.150338791643	0.147718544896	0.141164429283	0.15424631391	0.143185490309	0.139376770538	0.115110079854	0.0930302608417	0.172088763041	0.154696132597	0.154858628534	0.141884052547	0.16575418629	0.156823623304	0.144655587095	0.153977207321	0.182183932103	0.169937921354	0.151611906479	0.151107053184	0.140272275606	0.134607522117	0.153569187696	0.15418134377	0.172023809524	0.155004025788	0.0933376784828	0.166597251145	0.153269019251	0.157305657306	0.136910066743	0.162626950983	0.16660179058	0.164036503402	0.0881231627513	0.164818435425	0.148809495903	0.16467827641	0.155331760631	0.109305708199	0.155397070883	0.156486239376	0.160814929837	0.165989096307	0.163308159232	0.144803425457	0.100873576926	0.0992356352846	0.145383966462	0.147906615092	0.181565229642	0.144908126294	0.121564713267	0.153630659554	0.131656397552	0.10151930485	0.119065237074	0.15595075905	0.155505952381	0.186311145712	0.150046083702	0.149997551466	0.149957945135	0.150152098381	0.150025879917	0.150218419471	0.175070965333	0.177146927147	0.149871505317	0.149963336784	0.14996534616	0.173701298701	0.155910730748	0.148859543818	0.160714285714	0.160714285714	0.173294424548	0.173816174514	0.173186927975	0.16764308247	0.17165755191	0.178901098901
159814214-stool1.snv.bam	0.127490807644	0.15123991832	0.142585723178	0.0	0.0953678133284	0.14286544101	0.0965407220668	0.097026775334	0.0771847787491	0.0628861857438	0.0859303560923	0.0921917498607	0.103595387171	0.118577579939	0.149458777933	0.0766164043043	0.100482747029	0.0902788233963	0.0757225083942	0.0949445780704	0.0833069732886	0.10232283416	0.107175171567	0.110306546113	0.112574847364	0.0871583752419	0.0996637693273	0.0826264837026	0.18568228969	0.110206364335	0.0851216529516	0.091714583576	0.0852025075129	0.160834430565	0.107779793995	0.10937465381	0.0790334690151	0.0822433061568	0.105336861998	0.0798508258127	0.0869274314484	0.134846882943	0.112935083729	0.0859075012584	0.0771817444387	0.0983774634684	0.141729296946	0.106332461311	0.0842789407693	0.0903257643056	0.0987694323944	0.0881750909049	0.0766073356346	0.15509241348	0.138050428304	0.0865377179354	0.0870373958298	0.135644282508	0.0866910265227	0.158011961999	0.105344532106	0.144713868961	0.169713267479	0.14837456208	0.0880125761227	0.0892104100675	0.136964859253	0.0986177436007	0.0985073044698	0.0985099291448	0.0987679471211	0.0982000333115	0.0987780706017	0.0990340185056	0.0958601304059	0.0984451054536	0.0984758269622	0.0984656563571	0.100016630857	0.0986379171929	0.101599881612	0.103551885163	0.10365605183	0.0781810136799	0.0756515061504	0.0778823633384	0.0789296039139	0.0734181052808	0.0870966751558
706846339-stool1.snv.bam	0.143720893355	0.160238387229	0.154410271726	0.0953678133284	0.0	0.135310161459	0.107467339036	0.095111695964	0.114588724983	0.0994003681504	0.0810116470831	0.110284741344	0.103188202141	0.12298551702	0.163971924707	0.104778614522	0.0906956469456	0.0780259636877	0.0786361992193	0.0724948451154	0.0939826933044	0.119099018466	0.0997778649223	0.0931486811768	0.0980593482699	0.0847334336264	0.0944460887486	0.085337159699	0.196340090149	0.0877559910836	0.090413611332	0.094343988645	0.0903178283134	0.17703078901	0.0863628605564	0.102106312733	0.0915536532482	0.0945973504336	0.092544325571	0.10216555245	0.0998325234635	0.142697459594	0.100804088748	0.0863530885449	0.0871552885802	0.101776973429	0.156698121662	0.0892054590701	0.102746552283	0.0836940079698	0.0961496996267	0.0811963190742	0.0642311450856	0.174251734327	0.168684548731	0.0842460874769	0.0896638313807	0.124065519581	0.0796834233387	0.187970000896	0.0945005745006	0.170594209405	0.18352327198	0.154812076553	0.0909128810711	0.0921051555497	0.124948574854	0.0691099043792	0.0691965298901	0.0690896573689	0.0693882008755	0.0691132719785	0.0693598250837	0.0946451753619	0.0915080228578	0.0691450136231	0.0690552974873	0.0690450500262	0.0902133918866	0.0970901168329	0.0736916943086	0.076502020929	0.0766069747493	0.104499079015	0.104264524851	0.103969206981	0.108637506712	0.102358008284	0.102364483343
763536994-stool1.snv.bam	0.161582264435	0.156010463867	0.150527999588	0.14286544101	0.135310161459	0.0	0.158086938632	0.132182118731	0.133793308155	0.121793204049	0.140500734555	0.116955645891	0.128613524663	0.15479163043	0.144765508523	0.152081854049	0.135396828912	0.127757409508	0.120764098429	0.135744593607	0.142228941365	0.148318298669	0.126794791846	0.145503808521	0.131939435823	0.145385802868	0.131681042219	0.12672784476	0.180278625653	0.154707194205	0.143250516637	0.156665080197	0.137934371514	0.185206502685	0.137125617452	0.143654428363	0.148183155512	0.121791305907	0.134852025725	0.164790520687	0.126411310176	0.137004186581	0.145529017452	0.132306924173	0.161506332983	0.141388865493	0.135010274213	0.135875677131	0.155411516837	0.138845194306	0.155889028603	0.143968708358	0.139160595057	0.163321891309	0.151753725524	0.139872875196	0.144217359579	0.1629369034	0.142034703289	0.177284041857	0.139178494211	0.159968505437	0.157736564406	0.149773347148	0.13437067909	0.134144702999	0.162175773172	0.128435545234	0.128389984359	0.128392662599	0.126245115475	0.128416578415	0.128528383336	0.157507475159	0.157524316353	0.128326515975	0.128357864454	0.128347486285	0.15020541397	0.129001921645	0.119676935928	0.121115397073	0.12122168959	0.152882976103	0.153072283938	0.154994009404	0.146280800917	0.153619863569	0.153980123806
763678604-stool1.snv.bam	0.148712479854	0.165630755064	0.161453220171	0.0965407220668	0.107467339036	0.158086938632	0.0	0.131336700337	0.114416666667	0.108204633205	0.0279664855072	0.105018216814	0.110748367654	0.125834556095	0.169435926312	0.101397120905	0.083559168925	0.0945586906849	0.0821791570092	0.118682795699	0.0982468123862	0.133553877592	0.107126899017	0.134046943174	0.12588944852	0.0990768588137	0.112887596899	0.0988045336306	0.216700747661	0.0986469942587	0.114857015192	0.103962977035	0.113143310838	0.174991402116	0.118862134089	0.127380891493	0.104336966394	0.10984742351	0.118247489226	0.112698509156	0.0988095747418	0.162290724937	0.107606368163	0.111188332403	0.0989092084119	0.114239436003	0.157471320629	0.0957489315834	0.0968149262785	0.0616011623325	0.0928177224245	0.0374455996132	0.0720811051693	0.171927172003	0.160045550263	0.109476652862	0.0933390341611	0.134887402025	0.106433333333	0.192296804181	0.105878784586	0.173652202498	0.194982663184	0.168352042694	0.10224407945	0.103908096927	0.135977777778	0.0932413584638	0.0931031152649	0.093126662234	0.0931234567901	0.0931515957447	0.0931319638959	0.133510721248	0.132377598927	0.0931851101939	0.0929004137116	0.0930795635237	0.127662037037	0.109301614022	0.120764652015	0.122229609929	0.122340425532	0.103772009715	0.103655767484	0.103513851045	0.0961042311662	0.101636225266	0.0983333333333
763921366-stool3.snv.bam	0.156361322172	0.151410205956	0.150338791643	0.097026775334	0.095111695964	0.132182118731	0.131336700337	0.0	0.103833142748	0.0907567843155	0.106700075692	0.0966893095681	0.0869844276094	0.101111088918	0.15458998585	0.101192681219	0.0925840032983	0.0978361041386	0.0755835690236	0.0898344201509	0.106151489185	0.118254828992	0.091797355612	0.112492947898	0.106222501969	0.0997182273099	0.0939532309395	0.0724626689068	0.210114306157	0.0893822887772	0.0924524432139	0.1113957332	0.107973435308	0.179540815406	0.10217456062	0.103641782542	0.105787956688	0.0864222780018	0.100229569295	0.104287204539	0.0965647748079	0.144309837657	0.0971659688516	0.0848903288414	0.101601964873	0.103576655226	0.159138191364	0.111118281291	0.0995914993491	0.106090141178	0.11356136007	0.103377129693	0.0914179579167	0.170432820264	0.165340167304	0.0963047641015	0.0967873885771	0.125770572606	0.0715483985584	0.179265611407	0.0989743641961	0.164536147156	0.182336721387	0.155780403996	0.0924614987587	0.0933963697122	0.126950408609	0.0937176610074	0.0936069450867	0.0936095763398	0.0938435573196	0.0936330725804	0.0937429160108	0.116585719667	0.111791574093	0.093604982127	0.0935753886882	0.0935651925928	0.113036368911	0.113887656432	0.0834442617388	0.0884534568745	0.0885578846105	0.103760335637	0.098186232505	0.10339533152	0.0988727858293	0.0990510777882	0.101416463485
764083206-stool1.snv.bam	0.13688320087	0.151478119181	0.147718544896	0.0771847787491	0.114588724983	0.133793308155	0.114416666667	0.103833142748	0.0	0.0594066152102	0.105897968606	0.0636636060417	0.0768069348952	0.111723414301	0.156964876329	0.109043057475	0.0965182648402	0.0966794251947	0.0870117119471	0.107413714805	0.111438134811	0.14202247333	0.113973900371	0.118001688076	0.11493530202	0.0989800418165	0.100674019608	0.0959444770858	0.188232001573	0.111755467742	0.098444595822	0.119750887776	0.0963032832084	0.152184284836	0.113417874396	0.113939283986	0.106451985226	0.0901965082672	0.107138985909	0.111978525088	0.0953974020917	0.133192125856	0.110030820629	0.0966148176093	0.0977578737853	0.103135640995	0.14386536728	0.121936747449	0.100381850854	0.105838823999	0.116361986428	0.1110073103	0.100892050587	0.153862499391	0.14510653334	0.0925524583761	0.108951676773	0.140222799453	0.0985247747748	0.153789101954	0.11677995137	0.143778649191	0.160013954284	0.151355244414	0.104894179894	0.106263102725	0.140869272237	0.116749863882	0.116672260009	0.116675089847	0.114341814714	0.11634097035	0.11681849289	0.108735380117	0.106471088435	0.116605199075	0.116638321995	0.116627356383	0.107687793427	0.106096577175	0.103702414113	0.105738993711	0.105851302785	0.111631600932	0.108898891967	0.111216620626	0.107638888889	0.10628270237	0.11286344756
764285508-stool1.snv.bam	0.153801535265	0.146160531055	0.141164429283	0.0628861857438	0.0994003681504	0.121793204049	0.108204633205	0.0907567843155	0.0594066152102	0.0	0.0923165854268	0.0657885775193	0.0888752414546	0.119064565065	0.155535422763	0.0982713713136	0.0912134448956	0.0970302196872	0.0816239956052	0.0786285551067	0.0839290894774	0.123163883059	0.111419653331	0.0891003060121	0.103880034277	0.0854880256196	0.110974085767	0.089137893372	0.201226085266	0.108817926715	0.0967220994927	0.113497112161	0.0841325914644	0.180016032566	0.115517278664	0.108536852955	0.0852296213624	0.0801475282993	0.114853388251	0.101265578695	0.0654699715033	0.134364134379	0.101394147909	0.077995685935	0.0928566234522	0.104781163899	0.148233790586	0.110529532346	0.0937377104764	0.0927019804246	0.100287263728	0.0950366074412	0.0828512564446	0.165274995426	0.150875659748	0.0922990002278	0.093435318115	0.119158654827	0.0827887107224	0.163937156254	0.109565385283	0.153152929576	0.174988009225	0.159337630091	0.0762031300615	0.0750080778707	0.121257491092	0.0954077829997	0.0952953767596	0.0952980481845	0.0929867115928	0.0953219031463	0.0955709656979	0.103324052052	0.103307945042	0.0952320698729	0.0952633385839	0.095252986823	0.101843080291	0.0877629452189	0.095274453586	0.0951522678622	0.0952582899148	0.100429980521	0.0978542417837	0.100067946015	0.101459708761	0.0982558381119	0.103797188475
764649650-stool2.snv.bam	0.130136750551	0.160427807487	0.15424631391	0.0859303560923	0.0810116470831	0.140500734555	0.0279664855072	0.106700075692	0.105897968606	0.0923165854268	0.0	0.0887579087579	0.094330400782	0.111432056285	0.158634183359	0.0854819178531	0.0839895013123	0.07626987803	0.0631531755915	0.0994574652778	0.0767195767196	0.11003470214	0.096256684492	0.11794499618	0.109869084795	0.0888194512255	0.0983146067416	0.0763493874212	0.21337254624	0.0915984396197	0.0917319408181	0.0805801014564	0.0972548413012	0.164661049406	0.102209944751	0.106340572014	0.0773966578716	0.0964479575556	0.102332415969	0.088836552049	0.0757785680971	0.150459467424	0.104557401473	0.0937286966498	0.0696117296446	0.095448856037	0.149562214046	0.0774310952114	0.0939280385241	0.0336006109202	0.0773661169464	0.0153467666354	0.0492227979275	0.156039416337	0.155022411225	0.0881018384753	0.077973737572	0.130103057564	0.0855835486649	0.181066972472	0.0906341004333	0.156575795999	0.186636182885	0.159982601502	0.0814921046139	0.0827605956472	0.129801894918	0.0801557150748	0.0800217474388	0.0800445661512	0.0802149299559	0.0800687285223	0.0800497038442	0.106222705774	0.106364344103	0.0801012064422	0.0798253150057	0.079998924102	0.0994623655914	0.0878768660901	0.103723404255	0.105670103093	0.105777491409	0.0873603762493	0.0872911169745	0.0869887862797	0.0805970149254	0.0845760233918	0.0828402366864
765195863-stool3.snv.bam	0.1485458266	0.146799588575	0.143185490309	0.0921917498607	0.110284741344	0.116955645891	0.105018216814	0.0966893095681	0.0636636060417	0.0657885775193	0.0887579087579	0.0	0.0530515491453	0.106725527822	0.146714695854	0.111405560245	0.110364040721	0.0949657188095	0.0839507052376	0.115659976156	0.114274528228	0.12416980038	0.102338902264	0.128343272633	0.102398771092	0.105223839301	0.0993498738704	0.092549647688	0.195859281628	0.109887322308	0.102710979497	0.111992737182	0.108091543633	0.166644359462	0.105470001696	0.10370025126	0.116895249453	0.0873435947897	0.105622410064	0.11507243811	0.0920521167385	0.134678351692	0.122482773149	0.0960100043245	0.117785391782	0.10906010102	0.137555298705	0.101526370037	0.109898891267	0.0811657882187	0.11386356237	0.0838996435974	0.0968676049689	0.16092416127	0.146619101196	0.102058475886	0.106751894801	0.14632644709	0.0966812648631	0.156828310695	0.0965823253323	0.143345364313	0.170357808048	0.146280843608	0.112131318049	0.114081817986	0.147717265899	0.0840121948847	0.0839268155148	0.0839294600236	0.0815839669004	0.0839530746332	0.0841996277384	0.117098209841	0.117712650824	0.0838641464809	0.0835352584723	0.0838848526809	0.116074127098	0.104261200692	0.107175854449	0.108974065397	0.109079019218	0.114308287177	0.111425826542	0.114159675162	0.113967664988	0.109848686144	0.116328502415
765519544-stool3.snv.bam	0.173234963078	0.144029484029	0.139376770538	0.103595387171	0.103188202141	0.128613524663	0.110748367654	0.0869844276094	0.0768069348952	0.0888752414546	0.094330400782	0.0530515491453	0.0	0.115993976905	0.155318473386	0.123435077314	0.0981339712919	0.095406122363	0.0921044701155	0.122147129187	0.107729703452	0.134287612972	0.0926270579814	0.121164399905	0.105269609343	0.103638839403	0.0937772087068	0.0949813723568	0.20204344242	0.0920485778713	0.100765550239	0.0999432569745	0.11167062574	0.174429055486	0.0952525252525	0.0686187131011	0.0995555555556	0.0920404723755	0.0927017339091	0.0973821989529	0.115556250362	0.136143612275	0.109063213689	0.0923206278979	0.0997634977916	0.115429857378	0.144723038299	0.0737869115441	0.108684864683	0.107624859708	0.112583435909	0.104805871212	0.092384578772	0.163744745869	0.154529671717	0.110976416814	0.107704967094	0.127722365354	0.0946890576786	0.167607424432	0.0904786833408	0.150363935044	0.181531885688	0.157004134561	0.10260491036	0.104523095539	0.128609858375	0.0895200560936	0.0894457054364	0.0894484394729	0.0870520210834	0.0894728535354	0.0895869877247	0.121146465341	0.116602268255	0.0893809147946	0.0890408925565	0.0895358689942	0.116373411535	0.115736595292	0.105620723363	0.110132575758	0.110241082702	0.121030781459	0.123131313131	0.120859090909	0.120271370421	0.121646762531	0.118964121931
BGI-15A.snv.bam	0.15954583185	0.12043370765	0.115110079854	0.118577579939	0.12298551702	0.15479163043	0.125834556095	0.101111088918	0.111723414301	0.119064565065	0.111432056285	0.106725527822	0.115993976905	0.0	0.0909480146053	0.128600781811	0.117572558161	0.122624644077	0.103536650441	0.127971012285	0.129161404956	0.145691319565	0.130489052827	0.156927658973	0.13525971229	0.120295557293	0.128986748546	0.111798571065	0.178033785633	0.122956349823	0.130896664837	0.133835308431	0.131242612848	0.137753264238	0.135530465905	0.119205857022	0.133661013674	0.11182215225	0.13577838735	0.137424485989	0.1190943834	0.142473110798	0.129567217483	0.120908397903	0.126775888784	0.131541532599	0.129811613201	0.126369439182	0.125922013901	0.11326413053	0.126538371179	0.115665985026	0.108499633751	0.139615625067	0.132461201429	0.122334871498	0.119603227508	0.160360602412	0.0989847615716	0.137050028715	0.120872932335	0.15820898299	0.156504316918	0.131047072018	0.124328108682	0.12565403149	0.161320719577	0.110687527735	0.11081042116	0.110699352074	0.111033746812	0.110374853819	0.110824931894	0.144867473202	0.144528160721	0.110631473863	0.110663642982	0.110652993134	0.136991671406	0.126232928827	0.119859574713	0.123947755612	0.124056830655	0.131662529131	0.125322126507	0.131206084629	0.119674010679	0.126981154867	0.124082063955
BGI-27A.snv.bam	0.164160618558	0.0939082724739	0.0930302608417	0.149458777933	0.163971924707	0.144765508523	0.169435926312	0.15458998585	0.156964876329	0.155535422763	0.158634183359	0.146714695854	0.155318473386	0.0909480146053	0.0	0.172718548785	0.167100726842	0.166960168827	0.144868418499	0.179228239106	0.166334361724	0.14800557079	0.165800438591	0.189697695552	0.181003485409	0.161098053718	0.165844067657	0.157430797599	0.144257645458	0.165323047664	0.163853678022	0.17812434171	0.165563562355	0.0960406382119	0.170292491359	0.169371280054	0.169310077756	0.155046298823	0.176955208468	0.176055836795	0.172519897318	0.0961343396148	0.181221035021	0.162257178208	0.171563566024	0.167312758888	0.088684564209	0.164698270233	0.159340051388	0.162043315338	0.167067308112	0.16974122673	0.149542120626	0.10331266955	0.107139500605	0.162937666733	0.154242230344	0.201370203634	0.154481603552	0.0896664696948	0.161224026668	0.110150807757	0.115314265885	0.0917720353327	0.167926609701	0.170374205595	0.205067393424	0.162100518523	0.162093987527	0.162096757633	0.160169285676	0.162121493781	0.162209529279	0.183824250293	0.177131546821	0.162028342128	0.162060765883	0.162050031736	0.177348152827	0.175856365483	0.169965611652	0.175138204423	0.175248142857	0.171943687659	0.171854998163	0.176780079665	0.154865110735	0.17259855534	0.175465992282
BYQ_AAAS.snv.bam	0.132216078824	0.176750797037	0.172088763041	0.0766164043043	0.104778614522	0.152081854049	0.101397120905	0.101192681219	0.109043057475	0.0982713713136	0.0854819178531	0.111405560245	0.123435077314	0.128600781811	0.172718548785	0.0	0.0896330983623	0.08469371803	0.0778636083705	0.0843875614219	0.0723738657856	0.117655423498	0.096434839259	0.114834198087	0.10191552367	0.0992979757637	0.0636323497436	0.0570752395699	0.219823842632	0.0992834266248	0.0968304553889	0.0462272175537	0.107530156645	0.186436842464	0.0699314948796	0.118357731137	0.0804037444037	0.0966194667428	0.0721002211697	0.0641123536364	0.0764798609142	0.153944413069	0.106872693127	0.0918197197038	0.0560495242194	0.0931499094969	0.169206564925	0.110541102549	0.0891747165094	0.0806571117336	0.098109652579	0.0781781555046	0.0658939890864	0.174940353622	0.167510409986	0.101086724429	0.0860834983673	0.135182460967	0.0959686564684	0.19166446607	0.0967789921358	0.176724667576	0.204071750638	0.17094679245	0.0870538852057	0.088256512605	0.136288573909	0.0933155627636	0.0933138192849	0.0932077483077	0.0934391221592	0.0928978524743	0.0934758897646	0.118631565892	0.11667947742	0.0932031655804	0.0928795284781	0.09306347552	0.120379707439	0.0805685376059	0.0907881640629	0.093064519141	0.0931686858077	0.000513873925639	0.000458689458689	0.000657436461371	0.000446182326495	0.00093752325266	0.000364896916621
CCIS32452666ST-4-0.snv.bam	0.155101566389	0.160104986877	0.154696132597	0.100482747029	0.0906956469456	0.135396828912	0.083559168925	0.0925840032983	0.0965182648402	0.0912134448956	0.0839895013123	0.110364040721	0.0981339712919	0.117572558161	0.167100726842	0.0896330983623	0.0	0.074701345834	0.0787287509239	0.0827549271637	0.0783289817232	0.124803879618	0.0950226244344	0.0958857808858	0.0857080380518	0.0902448428764	0.0853994490358	0.0596606033718	0.215336953967	0.0749817459323	0.0824742268041	0.0971969788764	0.105951497787	0.178756506651	0.0953678474114	0.104465683807	0.0818102697998	0.0796898037047	0.093211604109	0.0951174145548	0.0593766067203	0.143045064535	0.0236884279403	0.0741139019006	0.0820090504318	0.096779023263	0.155635311404	0.0968022008703	0.0876439667872	0.0891527659975	0.0965423162806	0.0863983344899	0.0716112531969	0.16989159013	0.161792559911	0.104566704929	0.09489034457	0.0803177114231	0.0997448979592	0.186719173698	0.0781274016628	0.165971787923	0.194402925753	0.16619331096	0.0491390306122	0.0488408255584	0.0822278911565	0.0841356990579	0.0842232062533	0.0841152459712	0.0843042531022	0.0837998303647	0.0842506213623	0.107418844731	0.104373567609	0.0840877384588	0.0840805363706	0.0840701846097	0.103448275862	0.0792309305375	0.0732984293194	0.0788804071247	0.0789864291773	0.0915661651954	0.0916013925152	0.0912272135417	0.0855457227139	0.0893688190809	0.0874635568513
CCIS62605362ST-3-0.snv.bam	0.133791762467	0.155828030421	0.154858628534	0.0902788233963	0.0780259636877	0.127757409508	0.0945586906849	0.0978361041386	0.0966794251947	0.0970302196872	0.07626987803	0.0949657188095	0.095406122363	0.122624644077	0.166960168827	0.08469371803	0.074701345834	0.0	0.0599179745808	0.0928461616009	0.0602058055598	0.111127891465	0.0823529411765	0.108857123269	0.0884022455058	0.0929597750031	0.0745422135796	0.062361683804	0.215360677742	0.0751314241242	0.0748938750758	0.0743247256494	0.0854845481208	0.178912537233	0.0735294117647	0.104745850679	0.0741309578662	0.090265773223	0.0728496131588	0.0821792469604	0.0823457575288	0.148312073798	0.0956948688566	0.0767832534607	0.0739824104565	0.0816615258824	0.158407100748	0.0740511157034	0.085249115717	0.0740352686169	0.0916029359483	0.0766012164755	0.0640890627351	0.167440609738	0.158759256242	0.0899792910158	0.0796933306499	0.118726905435	0.0896908763505	0.18662359741	0.0800313819503	0.166582644764	0.191995824805	0.160920478142	0.067147460007	0.069346737847	0.117792116847	0.0765722729241	0.0766286649519	0.0766313363768	0.0767820626403	0.0763159207703	0.0768354828291	0.0999158435304	0.09702832746	0.0766266720233	0.0765966267762	0.0764621516366	0.0956467467624	0.0742662848327	0.07626987803	0.0790300853166	0.0791361073692	0.0864978193192	0.086533046639	0.0861720664828	0.0854671280277	0.0842872052835	0.0788886983365
CCIS64773582ST-4-0.snv.bam	0.126624702641	0.146549472627	0.141884052547	0.0757225083942	0.0786361992193	0.120764098429	0.0821791570092	0.0755835690236	0.0870117119471	0.0816239956052	0.0631531755915	0.0839507052376	0.0921044701155	0.103536650441	0.144868418499	0.0778636083705	0.0787287509239	0.0599179745808	0.0	0.0786090746171	0.0766418281172	0.0909448744189	0.0887660391966	0.092259858732	0.0950376809714	0.0803865765532	0.0803750976817	0.0575949920611	0.199203950164	0.0814992958572	0.075275333985	0.0830339105339	0.078974429405	0.162561422496	0.0848895737031	0.0913477801011	0.0748203344925	0.0807879485769	0.083863704637	0.0731064657268	0.0704058546695	0.139568405487	0.097650849596	0.0599489167515	0.0726119626188	0.0616092160459	0.137713706327	0.077378122428	0.0784441171231	0.0640636865105	0.071787338801	0.0611847195358	0.0589596499757	0.153291634062	0.140866346566	0.0829946405229	0.05951103149	0.124342843536	0.0832913131313	0.165109904337	0.0769247585748	0.147885523353	0.176875131589	0.1438136839	0.0737705743454	0.0751206211047	0.125606464646	0.0775301237765	0.0774704521756	0.0774154275467	0.077577198005	0.0772630560928	0.0777006844158	0.0855295112378	0.0896274395995	0.0774105523049	0.0773791486291	0.0773683288364	0.0830135610246	0.0801373780793	0.0853046953047	0.0879013539652	0.088012169568	0.079564891696	0.0766600611015	0.0792429403022	0.0744610188573	0.0769279092293	0.0740027972028
CCIS74239020ST-4-0.snv.bam	0.15848000295	0.175894415358	0.16575418629	0.0949445780704	0.0724948451154	0.135744593607	0.118682795699	0.0898344201509	0.107413714805	0.0786285551067	0.0994574652778	0.115659976156	0.122147129187	0.127971012285	0.179228239106	0.0843875614219	0.0827549271637	0.0928461616009	0.0786090746171	0.0	0.0908246977547	0.124312629693	0.110052137904	0.0801163158013	0.0880679939925	0.0897043818197	0.108564173592	0.0749507500388	0.219853769334	0.0979406384295	0.0903452685422	0.104352052269	0.0897222047722	0.188586499143	0.116419586703	0.122353052041	0.089097582038	0.102574749976	0.116004190368	0.107485386864	0.0899327245745	0.142919837921	0.0881989194012	0.069712061955	0.0948332223332	0.101580360629	0.171763803152	0.118943429988	0.0874640040758	0.0990623830902	0.110815143851	0.0965583868993	0.0893189509306	0.184573739733	0.177718928256	0.0993114771801	0.0996849463367	0.108617636615	0.0746835443038	0.193572062098	0.111285699395	0.179070771995	0.198761565457	0.172324999562	0.0729211989364	0.0716820987654	0.109936708861	0.0890425103932	0.089119663445	0.0890125210438	0.0866868772326	0.0886994949495	0.0892833710003	0.102024946332	0.10193968254	0.0890078920263	0.0889780743947	0.0889678010562	0.0978728070175	0.0662744593336	0.0656032986111	0.0661405723906	0.0662457912458	0.0861697096801	0.0836139896373	0.085847329888	0.0824317738791	0.0839754689755	0.084859496124
CCIS78318719ST-4-0.snv.bam	0.131877721055	0.163157894737	0.156823623304	0.0833069732886	0.0939826933044	0.142228941365	0.0982468123862	0.106151489185	0.111438134811	0.0839290894774	0.0767195767196	0.114274528228	0.107729703452	0.129161404956	0.166334361724	0.0723738657856	0.0783289817232	0.0602058055598	0.0766418281172	0.0908246977547	0.0	0.103123662816	0.100927192582	0.099365059625	0.0914955357804	0.078024518661	0.0760563380282	0.0733861514961	0.20989864324	0.0835713491062	0.0912554112554	0.0570899470899	0.094152218749	0.177614237291	0.0796703296703	0.116051646004	0.0456140350877	0.103664163429	0.0837157109767	0.0548734770384	0.0726890973532	0.154964648927	0.0965000223721	0.0765908097724	0.0487597303542	0.0847029644676	0.159882707386	0.0770340126718	0.0934463562753	0.0795821462488	0.0820975727569	0.0844988344988	0.0541237113402	0.168450254804	0.149435819046	0.0934140322591	0.0880134326906	0.112400121467	0.0853041988003	0.180264563965	0.0960681994773	0.156621004566	0.196135026091	0.162006724371	0.0606682621502	0.0594729344729	0.113710368466	0.0897221407898	0.0898877994787	0.089890491453	0.090110729286	0.0895726495726	0.0901655083319	0.11595934996	0.109428571429	0.0898857912199	0.0899267399267	0.0898450834656	0.110817941953	0.0746889016499	0.0892388451444	0.0897435897436	0.0898504273504	0.072908678623	0.0739035087719	0.0724321705426	0.0697674418605	0.0716065669892	0.0668604651163
CCMD26709089ST-21-0.snv.bam	0.118249625792	0.148496240602	0.144655587095	0.10232283416	0.119099018466	0.148318298669	0.133553877592	0.118254828992	0.14202247333	0.123163883059	0.11003470214	0.12416980038	0.134287612972	0.145691319565	0.14800557079	0.117655423498	0.124803879618	0.111127891465	0.0909448744189	0.124312629693	0.103123662816	0.0	0.123623204044	0.124683403898	0.116318857801	0.118627668367	0.108658743633	0.0975995853625	0.207174936159	0.124057068432	0.121795053672	0.112547103575	0.111324085707	0.154353646798	0.115967885816	0.136333753907	0.10761192599	0.123558701046	0.113663693493	0.0971752424328	0.120701968444	0.13956389401	0.137796622619	0.100550687655	0.113433484588	0.125230818408	0.152460760762	0.114616746066	0.121001889698	0.111940608021	0.111944396589	0.114380789983	0.0881403508772	0.150247288557	0.140768905675	0.110041840341	0.1045791167	0.140965264692	0.109962573099	0.15353179442	0.122995381058	0.149247763283	0.166398772058	0.144578445493	0.111208335009	0.112359244743	0.139429239766	0.106720035209	0.106577550771	0.106675327781	0.107092597805	0.106700261292	0.10696058465	0.120428849903	0.117237732214	0.106626852958	0.106712925932	0.106628229071	0.11371920105	0.122922732325	0.112781954887	0.119820828667	0.11993164427	0.116547223916	0.120590068066	0.119145625889	0.120532813515	0.115593206761	0.122111681643
MH0162.snv.bam	0.14073762001	0.161611519608	0.153977207321	0.107175171567	0.0997778649223	0.126794791846	0.107126899017	0.091797355612	0.113973900371	0.111419653331	0.096256684492	0.102338902264	0.0926270579814	0.130489052827	0.165800438591	0.096434839259	0.0950226244344	0.0823529411765	0.0887660391966	0.110052137904	0.100927192582	0.123623204044	0.0	0.122831102907	0.109683716436	0.104706376272	0.0772970345163	0.0868725173869	0.211090274472	0.0643173869571	0.087074829932	0.0965337604395	0.110178011962	0.174082474951	0.0833333333333	0.103838104221	0.106956477682	0.0890569092035	0.0846171487781	0.0990709231351	0.09915080286	0.144559723086	0.117777492861	0.102717862569	0.0995123534738	0.103411884467	0.159356249963	0.0807291105604	0.0894279659365	0.10099712989	0.0982366595156	0.0984994409946	0.0811615785555	0.165714417885	0.159234876537	0.0915956618136	0.0913956228684	0.135993054493	0.0814195880372	0.182334620021	0.0859836023807	0.158151248982	0.189235107473	0.156455594689	0.107843314541	0.108950297163	0.134279065161	0.088562319845	0.0884510461614	0.0883937170586	0.0886627506136	0.0884773052798	0.0881935653981	0.116583360262	0.117272706955	0.0884490733127	0.0884193307886	0.0884090833275	0.11563995677	0.106276693266	0.096256684492	0.100903837606	0.101008791426	0.0959397023237	0.0983045279968	0.0955929730139	0.102212313497	0.0963671306174	0.0958226768968
MH0188.snv.bam	0.167283497452	0.183953728655	0.182183932103	0.110306546113	0.0931486811768	0.145503808521	0.134046943174	0.112492947898	0.118001688076	0.0891003060121	0.11794499618	0.128343272633	0.121164399905	0.156927658973	0.189697695552	0.114834198087	0.0958857808858	0.108857123269	0.092259858732	0.0801163158013	0.099365059625	0.124683403898	0.122831102907	0.0	0.0991217275796	0.0955577837479	0.114037064864	0.0944036463334	0.230963074269	0.10929105309	0.115357051912	0.119623675743	0.100079667717	0.205164345065	0.118510128887	0.134944492276	0.0998505345291	0.104697776432	0.117347489172	0.12243890882	0.10202543542	0.16238307597	0.103571420493	0.0922770539553	0.1132298843	0.122137113897	0.182749915029	0.122160057977	0.113094098293	0.117106587184	0.114539877708	0.114379908135	0.10241589386	0.19717821826	0.187991800482	0.0973789733984	0.112043135366	0.121732124583	0.0973587254002	0.206416814883	0.0940794254765	0.19476643165	0.211435382001	0.187757520482	0.0877468547833	0.0865436106509	0.121938412647	0.109621178349	0.10959828683	0.109600931339	0.107385420349	0.109456619836	0.109871099054	0.112248023197	0.110053030134	0.109596313981	0.109337581304	0.109556323996	0.108519052552	0.0922368909242	0.0920890339607	0.0918243780223	0.0919293318427	0.11481449678	0.117550792927	0.114653422873	0.112111597886	0.115526339284	0.114228473998
MH0193.snv.bam	0.16220940683	0.172384460652	0.169937921354	0.112574847364	0.0980593482699	0.131939435823	0.12588944852	0.106222501969	0.11493530202	0.103880034277	0.109869084795	0.102398771092	0.105269609343	0.13525971229	0.181003485409	0.10191552367	0.0857080380518	0.0884022455058	0.0950376809714	0.0880679939925	0.0914955357804	0.116318857801	0.109683716436	0.0991217275796	0.0	0.100450246036	0.100502079327	0.0872072412974	0.219734648296	0.0939561218553	0.1027827873	0.102093068021	0.115893713972	0.18379057285	0.105226621762	0.114120407001	0.0913142355991	0.0963989072253	0.1072352202	0.109528517245	0.0968754582109	0.149232679424	0.090192809547	0.0848624765375	0.10495635967	0.0992935377418	0.172585984346	0.106816309741	0.105255844754	0.101800739978	0.104163013948	0.104186648614	0.0871438667195	0.185975121282	0.17320369508	0.102497036349	0.117271244259	0.0936103682848	0.102222035809	0.200244053362	0.0938945898962	0.17501372107	0.197575756053	0.174228804364	0.0856722227855	0.0841387029414	0.0915202814228	0.0595141360634	0.0593487518776	0.0593513765525	0.0595089992605	0.0590414807192	0.0596195180095	0.134815654358	0.131184625963	0.0593467938252	0.05931727437	0.0594353088931	0.131987653527	0.0844314805656	0.0765032447277	0.0792081473859	0.0793123140526	0.101931026216	0.10424482353	0.101571634154	0.102809675848	0.102370560008	0.102538100444
MH0198.snv.bam	0.141098214186	0.154557411806	0.151611906479	0.0871583752419	0.0847334336264	0.145385802868	0.0990768588137	0.0997182273099	0.0989800418165	0.0854880256196	0.0888194512255	0.105223839301	0.103638839403	0.120295557293	0.161098053718	0.0992979757637	0.0902448428764	0.0929597750031	0.0803865765532	0.0897043818197	0.078024518661	0.118627668367	0.104706376272	0.0955577837479	0.100450246036	0.0	0.0969572692061	0.0852088425601	0.204156719551	0.0975410547712	0.0842936422689	0.0840436523719	0.0723768268198	0.172125289259	0.102952799789	0.101903351796	0.0786825310699	0.0795981017571	0.10276827562	0.0870408472274	0.0946667461663	0.150126140735	0.0955989781214	0.0821047432494	0.0766096795524	0.0912585512951	0.151130801468	0.0934026673224	0.0922911024412	0.0887469162691	0.0836613151058	0.0910580205953	0.0688493385362	0.163489328175	0.151170580807	0.0793643538199	0.0945106485419	0.117802089879	0.0795551061998	0.174661259246	0.100184446303	0.161673051529	0.183078174291	0.159762882517	0.0854044922433	0.0866245167916	0.119048251943	0.0863089576092	0.0863859163208	0.0862790437997	0.0864770928728	0.0863026584092	0.0865492115145	0.0992517067078	0.0937000079987	0.0862744264422	0.086244683918	0.0862344364569	0.0950012827344	0.101559389956	0.10440386681	0.106285865798	0.106390819618	0.0988768216838	0.101495664225	0.0985225224789	0.0996953023959	0.0993118590951	0.0991173586139
MH0204.snv.bam	0.141216069984	0.152974504249	0.151107053184	0.0996637693273	0.0944460887486	0.131681042219	0.112887596899	0.0939532309395	0.100674019608	0.110974085767	0.0983146067416	0.0993498738704	0.0937772087068	0.128986748546	0.165844067657	0.0636323497436	0.0853994490358	0.0745422135796	0.0803750976817	0.108564173592	0.0760563380282	0.108658743633	0.0772970345163	0.114037064864	0.100502079327	0.0969572692061	0.0	0.0668135795116	0.209842639769	0.0834734963052	0.0914127423823	0.0443792128724	0.102795515627	0.167060878183	0.0	0.0961816322946	0.0709617180205	0.0967818070521	0.000965823568563	0.0582167832168	0.0912347745632	0.154048825954	0.108459047858	0.0768111713439	0.0590597695403	0.101463441486	0.156057224695	0.0712072146933	0.108065969719	0.0931506849315	0.0902496720501	0.0905354919054	0.068870523416	0.163316789402	0.164264608039	0.101944492832	0.080166179222	0.135520988707	0.107417582418	0.184096157377	0.0719786953243	0.167418602902	0.195462039779	0.150717319961	0.0942033976125	0.0964231354642	0.137625570776	0.0851705741214	0.0850855939635	0.0850232387476	0.0852974186308	0.0849315068493	0.0853082773217	0.10700152207	0.108984854687	0.0850539887331	0.0850510980648	0.0850399521961	0.0997150997151	0.107218926476	0.0898876404494	0.0958904109589	0.09600456621	0.0593516655488	0.0646591970121	0.0590765449438	0.0564263322884	0.0625392341494	0.0564263322884
