	160218816-stool1.snv.bam	BYQ_AAAZ.snv.bam	CCIS23164343ST-4-0.snv.bam	CCIS34604008ST-4-0.snv.bam	CCIS36699628ST-4-0.snv.bam	CCIS48174381ST-4-0.snv.bam	CCMD25963797ST-21-0.snv.bam	CCMD26925580ST-21-0.snv.bam	M2.2-V2.metaG.snv.bam	M2.2-V2.metaT.snv.bam	MH0420.snv.bam	MH0422.snv.bam	NG-5636_317.snv.bam	NG-5636_421.snv.bam	NLM027.snv.bam	NOM009.snv.bam	O2.UC8-2.snv.bam	O2.UC9-1.snv.bam	SAMEA3136630.snv.bam	SAMEA3136664.snv.bam	SAMEA3136676.snv.bam	SAMEA3136686.snv.bam	SAMEA3136739.snv.bam	SAMEA3136748.snv.bam	SAMEA3136761.snv.bam	SZEY-104A.snv.bam	T2D-26A.snv.bam	T2D-54A.snv.bam	V1.UC59-0.snv.bam	scavenger-11-60-0.snv.bam
160218816-stool1.snv.bam	0.0	0.390070557246	0.369856300722	0.0511870813098	0.422937769302	0.424504804119	0.384411852703	0.372389909074	0.0481955594487	0.0637523056159	0.168820936369	0.188577756478	0.406097640185	0.405285073745	0.393791848546	0.387768462369	0.367281644112	0.367158587079	0.0540604489789	0.381930549106	0.0692710997808	0.368442767097	0.392232658024	0.387949720415	0.384776317663	0.387910706682	0.398709856887	0.396146845106	0.384534242068	0.373270678443
BYQ_AAAZ.snv.bam	0.390070557246	0.0	0.0792611661274	0.394554433703	0.137000263827	0.150241769547	0.0900199915825	0.0672984188218	0.367641629168	0.396815510878	0.266405032651	0.242247669218	0.109414270207	0.106060606061	0.0917695473251	0.0743475005184	0.13791966417	0.137456157747	0.382640388863	0.0850738716859	0.346192198115	0.0420031848062	0.143549094032	0.0678850530806	0.134295752871	0.101365810374	0.0995192798223	0.0967584800161	0.0969031178071	0.0883797694976
CCIS23164343ST-4-0.snv.bam	0.369856300722	0.0792611661274	0.0	0.37459125342	0.145117948641	0.15776055221	0.0919904260637	0.0644231172006	0.353245531755	0.375796418523	0.255347125402	0.233110906675	0.132594536744	0.0961459316575	0.107291425532	0.0873549814654	0.148901095262	0.148554493212	0.362413020713	0.0919747658824	0.330623769688	0.0715543909223	0.148958725086	0.100392055104	0.160188151526	0.100727839416	0.102857351048	0.125338242394	0.113919540141	0.0986972050806
CCIS34604008ST-4-0.snv.bam	0.0511870813098	0.394554433703	0.37459125342	0.0	0.432936104048	0.417825641612	0.39487010068	0.382331410358	0.0533026041508	0.0500118859758	0.175157841664	0.20240846797	0.416231939354	0.413372052702	0.39832703437	0.392009579933	0.377578710759	0.377455992725	0.0645174641766	0.386436726956	0.0921913034592	0.373023548029	0.395427796055	0.392544714058	0.389496913741	0.392720807887	0.403116455567	0.406175957314	0.3946630935	0.384242278142
CCIS36699628ST-4-0.snv.bam	0.422937769302	0.137000263827	0.145117948641	0.432936104048	0.0	0.116819609788	0.10697460092	0.117820242376	0.402040683875	0.432088137557	0.294666735924	0.283538670184	0.114700306145	0.109257756133	0.100152943122	0.134306037256	0.110359286386	0.110245255996	0.415701794388	0.128429124382	0.384778282615	0.124559720582	0.157237349309	0.123661652206	0.145379614566	0.117606526388	0.126848214916	0.129728238933	0.136643294323	0.133362106172
CCIS48174381ST-4-0.snv.bam	0.424504804119	0.150241769547	0.15776055221	0.417825641612	0.116819609788	0.0	0.137572254335	0.144892831145	0.401898734177	0.434421733569	0.310815368495	0.291571364641	0.133125701459	0.146788990826	0.127118644068	0.147793586013	0.156747823242	0.156631881729	0.416925056902	0.130694444444	0.385542168675	0.137703414699	0.137931724519	0.148340374903	0.147701257076	0.142182036713	0.145765998707	0.127773494013	0.156082375479	0.138974358974
CCMD25963797ST-21-0.snv.bam	0.384411852703	0.0900199915825	0.0919904260637	0.39487010068	0.10697460092	0.137572254335	0.0	0.071798865576	0.368831168831	0.385361479029	0.260022203553	0.235288477077	0.0782914370983	0.0647798742138	0.102005730659	0.0842931990332	0.116330630631	0.11610621892	0.37108574196	0.0728693181818	0.338271604938	0.0709458998499	0.126329929379	0.0771827171536	0.115089658404	0.0689910813824	0.104981265153	0.0790165254993	0.0728557504873	0.0841719077568
CCMD26925580ST-21-0.snv.bam	0.372389909074	0.0672984188218	0.0644231172006	0.382331410358	0.117820242376	0.144892831145	0.071798865576	0.0	0.353409164537	0.391735403315	0.24868971503	0.221539728548	0.0924818756209	0.0686989966265	0.0910684685385	0.0782865549897	0.118650219076	0.118177624291	0.364864729309	0.0533347336882	0.331236378508	0.0482097171078	0.133618921254	0.0694102033045	0.123171652365	0.0781889759722	0.0932180644172	0.0874602290878	0.0791927418275	0.0690168367542
M2.2-V2.metaG.snv.bam	0.0481955594487	0.367641629168	0.353245531755	0.0533026041508	0.402040683875	0.401898734177	0.368831168831	0.353409164537	0.0	0.00154151404151	0.120732066468	0.166051894701	0.389175241512	0.38062283737	0.371428571429	0.371261683575	0.351075150385	0.351150846459	0.0439472184899	0.364641744548	0.0522875816993	0.348860062893	0.37146990254	0.368101635674	0.361297382064	0.368057262227	0.380624092888	0.379620035137	0.363484358145	0.362950058072
M2.2-V2.metaT.snv.bam	0.0637523056159	0.396815510878	0.375796418523	0.0500118859758	0.432088137557	0.434421733569	0.385361479029	0.391735403315	0.00154151404151	0.0	0.144765588228	0.198617934685	0.409325223388	0.401259503159	0.401794965787	0.402896352705	0.366375610948	0.366366320691	0.0566488155432	0.389764228827	0.0814012521044	0.377966208549	0.394167083572	0.380236889704	0.379087236776	0.381742273368	0.410339485218	0.400161402783	0.398266796252	0.388700365726
MH0420.snv.bam	0.168820936369	0.266405032651	0.255347125402	0.175157841664	0.294666735924	0.310815368495	0.260022203553	0.24868971503	0.120732066468	0.144765588228	0.0	0.102619910356	0.274997407792	0.25926098614	0.269161411155	0.265019001839	0.261536642315	0.261207588693	0.163913028951	0.258915985044	0.145335152431	0.247428104481	0.266786753498	0.260725690622	0.263940342392	0.259701303797	0.275904040911	0.271364171665	0.254530248315	0.263947535196
MH0422.snv.bam	0.188577756478	0.242247669218	0.233110906675	0.20240846797	0.283538670184	0.291571364641	0.235288477077	0.221539728548	0.166051894701	0.198617934685	0.102619910356	0.0	0.262314176265	0.25166374291	0.250059063278	0.251242849936	0.255149696145	0.254754505987	0.177025230147	0.233316616397	0.176464852365	0.220336571793	0.259803592269	0.240539792726	0.264302434313	0.246384777539	0.259171120153	0.255145365454	0.242971402104	0.239833976448
NG-5636_317.snv.bam	0.406097640185	0.109414270207	0.132594536744	0.416231939354	0.114700306145	0.133125701459	0.0782914370983	0.0924818756209	0.389175241512	0.409325223388	0.274997407792	0.262314176265	0.0	0.072601775329	0.113773849607	0.106084151359	0.110155298905	0.109691792482	0.398907802611	0.0739457415687	0.363684179069	0.0939909226066	0.112915732283	0.0842860274425	0.0616357261609	0.0844024147795	0.126713629193	0.0377131813702	0.0968227472465	0.0940339955446
NG-5636_421.snv.bam	0.405285073745	0.106060606061	0.0961459316575	0.413372052702	0.109257756133	0.146788990826	0.0647798742138	0.0686989966265	0.38062283737	0.401259503159	0.25926098614	0.25166374291	0.072601775329	0.0	0.08	0.0898739177529	0.110108904636	0.109594525557	0.397115791574	0.0637878787879	0.359735973597	0.0859636668123	0.115761645522	0.077587113741	0.0931392623939	0.0715944272446	0.103979891442	0.0641491357776	0.0790880503145	0.0850225225225
NLM027.snv.bam	0.393791848546	0.0917695473251	0.107291425532	0.39832703437	0.100152943122	0.127118644068	0.102005730659	0.0910684685385	0.371428571429	0.401794965787	0.269161411155	0.250059063278	0.113773849607	0.08	0.0	0.0586855304137	0.131608158438	0.131136883751	0.383428353683	0.0806944444444	0.343373493976	0.0760787648393	0.130509263354	0.0943631021756	0.124973984349	0.102409309441	0.0898473349454	0.100757302921	0.0923850574713	0.0866666666667
NOM009.snv.bam	0.387768462369	0.0743475005184	0.0873549814654	0.392009579933	0.134306037256	0.147793586013	0.0842931990332	0.0782865549897	0.371261683575	0.402896352705	0.265019001839	0.251242849936	0.106084151359	0.0898739177529	0.0586855304137	0.0	0.127088321685	0.126624815262	0.380276107945	0.0818275418519	0.346414331083	0.0636998082586	0.126771388216	0.067916917748	0.131273297706	0.0934025562319	0.0867064221249	0.104253394231	0.0906423971168	0.0804008441123
O2.UC8-2.snv.bam	0.367281644112	0.13791966417	0.148901095262	0.377578710759	0.110359286386	0.156747823242	0.116330630631	0.118650219076	0.351075150385	0.366375610948	0.261536642315	0.255149696145	0.110155298905	0.110108904636	0.131608158438	0.127088321685	0.0	0.000725297949691	0.360159124227	0.113092639343	0.324469246032	0.125417838693	0.143236334252	0.107672844625	0.114822802267	0.116060797184	0.138931252796	0.119138932927	0.117468903563	0.119399353761
O2.UC9-1.snv.bam	0.367158587079	0.137456157747	0.148554493212	0.377455992725	0.110245255996	0.156631881729	0.11610621892	0.118177624291	0.351150846459	0.366366320691	0.261207588693	0.254754505987	0.109691792482	0.109594525557	0.131136883751	0.126624815262	0.000725297949691	0.0	0.360036406193	0.11262913292	0.324392391145	0.124950480417	0.142638815499	0.107198922327	0.11435152758	0.115706406323	0.138581770395	0.11867157465	0.117087757277	0.119015879152
SAMEA3136630.snv.bam	0.0540604489789	0.382640388863	0.362413020713	0.0645174641766	0.415701794388	0.416925056902	0.37108574196	0.364864729309	0.0439472184899	0.0566488155432	0.163913028951	0.177025230147	0.398907802611	0.397115791574	0.383428353683	0.380276107945	0.360159124227	0.360036406193	0.0	0.374523549117	0.0684365279429	0.36101076801	0.384796566077	0.377848480094	0.377485086874	0.38054066808	0.391194247054	0.391470681317	0.376372319437	0.371240693216
SAMEA3136664.snv.bam	0.381930549106	0.0850738716859	0.0919747658824	0.386436726956	0.128429124382	0.130694444444	0.0728693181818	0.0533347336882	0.364641744548	0.389764228827	0.258915985044	0.233316616397	0.0739457415687	0.0637878787879	0.0806944444444	0.0818275418519	0.113092639343	0.11262913292	0.374523549117	0.0	0.337426035503	0.0666945428309	0.12951364653	0.0705748937593	0.114639224835	0.0733293940696	0.0856431447341	0.0824887990797	0.0857815442561	0.0278449144008
SAMEA3136676.snv.bam	0.0692710997808	0.346192198115	0.330623769688	0.0921913034592	0.384778282615	0.385542168675	0.338271604938	0.331236378508	0.0522875816993	0.0814012521044	0.145335152431	0.176464852365	0.363684179069	0.359735973597	0.343373493976	0.346414331083	0.324469246032	0.324392391145	0.0684365279429	0.337426035503	0.0	0.325477967306	0.344232146055	0.342041727993	0.336624486624	0.346066433566	0.358323765786	0.354274676217	0.335327198364	0.33825136612
SAMEA3136686.snv.bam	0.368442767097	0.0420031848062	0.0715543909223	0.373023548029	0.124559720582	0.137703414699	0.0709458998499	0.0482097171078	0.348860062893	0.377966208549	0.247428104481	0.220336571793	0.0939909226066	0.0859636668123	0.0760787648393	0.0636998082586	0.125417838693	0.124950480417	0.36101076801	0.0666945428309	0.325477967306	0.0	0.12848887656	0.0436089976657	0.124368905742	0.085174766548	0.0920768185004	0.0894344729345	0.0725834350834	0.0800740418118
SAMEA3136739.snv.bam	0.392232658024	0.143549094032	0.148958725086	0.395427796055	0.157237349309	0.137931724519	0.126329929379	0.133618921254	0.37146990254	0.394167083572	0.266786753498	0.259803592269	0.112915732283	0.115761645522	0.130509263354	0.126771388216	0.143236334252	0.142638815499	0.384796566077	0.12951364653	0.344232146055	0.12848887656	0.0	0.132679847886	0.0893805966414	0.122486776274	0.147318080712	0.100394054867	0.131803364996	0.139840185051
SAMEA3136748.snv.bam	0.387949720415	0.0678850530806	0.100392055104	0.392544714058	0.123661652206	0.148340374903	0.0771827171536	0.0694102033045	0.368101635674	0.380236889704	0.260725690622	0.240539792726	0.0842860274425	0.077587113741	0.0943631021756	0.067916917748	0.107672844625	0.107198922327	0.377848480094	0.0705748937593	0.342041727993	0.0436089976657	0.132679847886	0.0	0.108942089656	0.0726221001221	0.107758516913	0.0877211044042	0.0683171728045	0.083738466766
SAMEA3136761.snv.bam	0.384776317663	0.134295752871	0.160188151526	0.389496913741	0.145379614566	0.147701257076	0.115089658404	0.123171652365	0.361297382064	0.379087236776	0.263940342392	0.264302434313	0.0616357261609	0.0931392623939	0.124973984349	0.131273297706	0.114822802267	0.11435152758	0.377485086874	0.114639224835	0.336624486624	0.124368905742	0.0893805966414	0.108942089656	0.0	0.0919793301936	0.143744518392	0.0524112108549	0.116633318512	0.118134703274
SZEY-104A.snv.bam	0.387910706682	0.101365810374	0.100727839416	0.392720807887	0.117606526388	0.142182036713	0.0689910813824	0.0781889759722	0.368057262227	0.381742273368	0.259701303797	0.246384777539	0.0844024147795	0.0715944272446	0.102409309441	0.0934025562319	0.116060797184	0.115706406323	0.38054066808	0.0733293940696	0.346066433566	0.085174766548	0.122486776274	0.0726221001221	0.0919793301936	0.0	0.096451787649	0.087592555332	0.0997647102416	0.0745216811731
T2D-26A.snv.bam	0.398709856887	0.0995192798223	0.102857351048	0.403116455567	0.126848214916	0.145765998707	0.104981265153	0.0932180644172	0.380624092888	0.410339485218	0.275904040911	0.259171120153	0.126713629193	0.103979891442	0.0898473349454	0.0867064221249	0.138931252796	0.138581770395	0.391194247054	0.0856431447341	0.358323765786	0.0920768185004	0.147318080712	0.107758516913	0.143744518392	0.096451787649	0.0	0.114096535409	0.114434812872	0.0707473420888
T2D-54A.snv.bam	0.396146845106	0.0967584800161	0.125338242394	0.406175957314	0.129728238933	0.127773494013	0.0790165254993	0.0874602290878	0.379620035137	0.400161402783	0.271364171665	0.255145365454	0.0377131813702	0.0641491357776	0.100757302921	0.104253394231	0.119138932927	0.11867157465	0.391470681317	0.0824887990797	0.354274676217	0.0894344729345	0.100394054867	0.0877211044042	0.0524112108549	0.087592555332	0.114096535409	0.0	0.0893246663118	0.0881623280175
V1.UC59-0.snv.bam	0.384534242068	0.0969031178071	0.113919540141	0.3946630935	0.136643294323	0.156082375479	0.0728557504873	0.0791927418275	0.363484358145	0.398266796252	0.254530248315	0.242971402104	0.0968227472465	0.0790880503145	0.0923850574713	0.0906423971168	0.117468903563	0.117087757277	0.376372319437	0.0857815442561	0.335327198364	0.0725834350834	0.131803364996	0.0683171728045	0.116633318512	0.0997647102416	0.114434812872	0.0893246663118	0.0	0.0977743271222
scavenger-11-60-0.snv.bam	0.373270678443	0.0883797694976	0.0986972050806	0.384242278142	0.133362106172	0.138974358974	0.0841719077568	0.0690168367542	0.362950058072	0.388700365726	0.263947535196	0.239833976448	0.0940339955446	0.0850225225225	0.0866666666667	0.0804008441123	0.119399353761	0.119015879152	0.371240693216	0.0278449144008	0.33825136612	0.0800740418118	0.139840185051	0.083738466766	0.118134703274	0.0745216811731	0.0707473420888	0.0881623280175	0.0977743271222	0.0
