	158337416-stool2.snv.bam	158499257-stool1.snv.bam	158742018-stool1.snv.bam	158802708-stool1.snv.bam	158944319-stool3.snv.bam	159227541-stool2.snv.bam	159247771-stool1.snv.bam	159247771-stool2.snv.bam	160400887-stool1.snv.bam	160765029-stool1.snv.bam	682102541-stool3.snv.bam	706846339-stool1.snv.bam	706846339-stool2.snv.bam	763597684-stool2.snv.bam	763921366-stool3.snv.bam	764062976-stool2.snv.bam	764083206-stool1.snv.bam	764184357-stool2.snv.bam	764467579-stool3.snv.bam	764649650-stool1.snv.bam	764649650-stool2.snv.bam	765074482-stool1.snv.bam	765135172-stool1.snv.bam	765195863-stool3.snv.bam	765701615-stool1.snv.bam	765701615-stool2.snv.bam	CCIS20795251ST-4-0.snv.bam	CCIS41548810ST-4-0.snv.bam	MH0220.snv.bam	MH0250.snv.bam	MH0253.snv.bam	MH0280.snv.bam	MH0328.snv.bam	MH0340.snv.bam	MH0373.snv.bam	MH0376.snv.bam	MH0377.snv.bam	MH0395.snv.bam	MH0412.snv.bam	MH0415.snv.bam	MH0417.snv.bam	MH0419.snv.bam	MH0422.snv.bam	MH0431.snv.bam	MH0446.snv.bam	MH0451.snv.bam	MH0454.snv.bam	MMRS21365932ST-27-0-0.snv.bam	MMRS25641480ST-27-0-0.snv.bam	MMRS34569532ST-27-0-0.snv.bam	MMRS39582183ST-27-0-0.snv.bam	MMRS51737257ST-27-0-0.snv.bam	MMRS77487595ST-27-0-0.snv.bam	MMRS94549160ST-27-0-0.snv.bam	MMRS95277876ST-27-0-0.snv.bam	O2.UC29-1.snv.bam	V1.FI14.snv.bam
158337416-stool2.snv.bam	0.0	0.164900000698	0.149834777323	0.155940751099	0.141187907981	0.293176368956	0.214979155248	0.216107915761	0.252689685938	0.220103195644	0.223537139661	0.213033933954	0.215943706828	0.233175303077	0.233905688541	0.194423477775	0.177411409555	0.177936334913	0.159799932473	0.184627013392	0.178487302441	0.19866869904	0.155944372085	0.232443842768	0.254469801474	0.253121363351	0.213347624938	0.262862995174	0.232304162282	0.210946946969	0.213204733744	0.209237062153	0.237230397209	0.156562453069	0.221115444835	0.208902693387	0.281950295694	0.215489406523	0.230341972142	0.188736559625	0.282369282661	0.234121597811	0.151238940927	0.183538794886	0.17512330482	0.280734013028	0.238080157005	0.172316097275	0.18317133405	0.263119334316	0.241374069289	0.216399922126	0.225781825184	0.281397461032	0.307090195103	0.221055374228	0.250008749662
158499257-stool1.snv.bam	0.164900000698	0.0	0.165276185409	0.0850825081612	0.028294275624	0.28772270271	0.239371823409	0.239955069468	0.16082436889	0.255692416181	0.240771975138	0.106852702936	0.109287507413	0.236224625598	0.166655842225	0.203775539913	0.0950262310737	0.0951459653252	0.0444783471884	0.232098448186	0.227666714184	0.130351671803	0.0508042789676	0.151791200281	0.151281535799	0.147168397879	0.118663303692	0.299273916372	0.159861281279	0.244980888171	0.250394317105	0.113889138829	0.263950489077	0.0413950005841	0.256913666231	0.186999046656	0.283451936266	0.248342754076	0.244806961218	0.225362635434	0.273535870358	0.257096568346	0.181652177775	0.223268061819	0.105537771783	0.285910921557	0.225459492936	0.0704247266174	0.0930166476509	0.246730503885	0.247584281838	0.125931384115	0.194032561406	0.293755369058	0.227608479339	0.189762133882	0.249108732624
158742018-stool1.snv.bam	0.149834777323	0.165276185409	0.0	0.134321041316	0.16144550463	0.333444727914	0.285008163898	0.285083046599	0.219458494639	0.290002086948	0.256078778381	0.209979485595	0.212372453602	0.272520261258	0.23588025357	0.233750696525	0.156033007803	0.156844111832	0.149624151973	0.253777092335	0.256108643806	0.147531471618	0.146700666927	0.213440122997	0.215443654445	0.212543096518	0.215787105417	0.327401734061	0.223248039909	0.285286613054	0.284593760905	0.188161331997	0.294361690366	0.151431927802	0.295871654395	0.229310679892	0.315360281746	0.289233513008	0.270301165008	0.240030601044	0.263740419914	0.269257501918	0.183961684498	0.165626241062	0.101976431365	0.319833843867	0.288668055366	0.186674533992	0.128445807868	0.296131508628	0.300230179662	0.215541344925	0.14102614109	0.330388848515	0.297138098375	0.126182346737	0.300434085495
158802708-stool1.snv.bam	0.155940751099	0.0850825081612	0.134321041316	0.0	0.0822891340234	0.297854111284	0.236434587408	0.237230526557	0.113138474005	0.247846300845	0.225023877074	0.107149346268	0.109316253885	0.235665821966	0.13784736996	0.203336122285	0.0228894124692	0.0254225372957	0.0914139502705	0.214101319561	0.211190930375	0.188946919007	0.0918457033763	0.128080427529	0.102033387943	0.0985728782556	0.0985938152105	0.283453113551	0.139135193099	0.249670048296	0.244375149875	0.0614742581537	0.245375040406	0.0983648077021	0.234940794651	0.187196911577	0.280437726415	0.231347192821	0.241825529507	0.197067756519	0.305758769713	0.248201051035	0.177868963388	0.234709350121	0.11289141613	0.276791425728	0.246749549169	0.107094544528	0.163117340757	0.232393298635	0.242972625669	0.117893816567	0.178828187419	0.276283670575	0.219376145457	0.121985038546	0.239999085212
158944319-stool3.snv.bam	0.141187907981	0.028294275624	0.16144550463	0.0822891340234	0.0	0.283307073507	0.24595288813	0.246484724262	0.170772479873	0.258107075993	0.233929206022	0.0799274284956	0.0807618593996	0.226045400738	0.164757228587	0.193832136431	0.0919988284861	0.0947772786743	0.0430053794271	0.238518103303	0.232900223466	0.107909460606	0.0466914663333	0.157775109924	0.159630357258	0.15309563016	0.116398382453	0.301650066391	0.159872394834	0.240916986148	0.237655106478	0.112863132372	0.266632048501	0.0368561965188	0.250352562757	0.190199265538	0.289842022683	0.246741964825	0.238490261338	0.205835153129	0.262257448484	0.257682622874	0.181145332315	0.20720024623	0.0796369548189	0.285902964347	0.226387176694	0.0426328068067	0.0886958767728	0.25603219764	0.226276190205	0.123749261491	0.169174258805	0.288355322838	0.234111871035	0.16470483334	0.255139354979
159227541-stool2.snv.bam	0.293176368956	0.28772270271	0.333444727914	0.297854111284	0.283307073507	0.0	0.166779567379	0.1701919198	0.328750271346	0.168292133221	0.142431821078	0.319583193997	0.318702312748	0.069000072821	0.29187999289	0.105443496562	0.310765568727	0.312677628556	0.284016551024	0.196268493692	0.19433377157	0.334516555908	0.280025127708	0.299400002037	0.312172987506	0.314863411823	0.299495236784	0.195247553648	0.335983094364	0.11295573553	0.174269073346	0.331092316012	0.152165223191	0.288807512288	0.204959852024	0.235124201201	0.153104740351	0.187620616468	0.172251370135	0.1438240909	0.349356816915	0.18785968962	0.306850434917	0.32019311287	0.327198102252	0.201273851039	0.178171262775	0.284530654625	0.315879657894	0.21472734009	0.151245441354	0.324656247654	0.353172057184	0.16489226014	0.316436253647	0.356273472254	0.153744648691
159247771-stool1.snv.bam	0.214979155248	0.239371823409	0.285008163898	0.236434587408	0.24595288813	0.166779567379	0.0	0.00393136067415	0.261844249501	0.108491654449	0.14885519562	0.312998179718	0.30884125658	0.144088013081	0.269633704837	0.155682779046	0.251868389119	0.252726752365	0.244553653481	0.115177967623	0.116115457417	0.306760308625	0.242790641227	0.234769915982	0.264136522355	0.261963180254	0.267605562054	0.151287832363	0.284973291735	0.124981259874	0.117994058211	0.278548729907	0.129451295987	0.244959438539	0.170923206408	0.168639945975	0.165673295845	0.147859091717	0.113879207421	0.152619907858	0.315868263886	0.153836839525	0.285875593241	0.265119717504	0.28907837338	0.206905809696	0.188619907354	0.278103080714	0.268488779131	0.24300358872	0.233051830249	0.285436340082	0.324921859122	0.167021671456	0.306822290289	0.32202679029	0.0982560356398
159247771-stool2.snv.bam	0.216107915761	0.239955069468	0.285083046599	0.237230526557	0.246484724262	0.1701919198	0.00393136067415	0.0	0.262236007236	0.107120584795	0.153813189475	0.312974937363	0.308926509086	0.143981051615	0.269750637887	0.155427605035	0.252940521182	0.252678119786	0.242835343621	0.114094489564	0.115183662521	0.306194445978	0.243413893571	0.235257284661	0.263635782676	0.262151339891	0.268411796308	0.155170865945	0.285538109183	0.1230124043	0.117504833485	0.278076419485	0.1281633113	0.245558844124	0.169166228185	0.170089281559	0.170795626049	0.145870270613	0.112846240357	0.15076187699	0.31570166132	0.151889385101	0.287115968974	0.266055613241	0.289766393534	0.210705713147	0.187268209976	0.278345865617	0.26918283615	0.240555899805	0.231698705396	0.285736852229	0.325310177446	0.164727220306	0.30690429166	0.322471205903	0.096562909065
160400887-stool1.snv.bam	0.252689685938	0.16082436889	0.219458494639	0.113138474005	0.170772479873	0.328750271346	0.261844249501	0.262236007236	0.0	0.272802183555	0.299819206556	0.194812100312	0.196687445847	0.297283937744	0.229604874277	0.276821595056	0.115938090086	0.115682525341	0.162049553172	0.252385320842	0.254099288961	0.267883771369	0.167512451721	0.0887052151421	0.0555349122626	0.0563850556142	0.20008098789	0.315721487905	0.211530097057	0.28505686965	0.242700573599	0.153081187558	0.243480479382	0.178235124677	0.27765113349	0.157447602493	0.310108543747	0.270440111217	0.277155534629	0.289723579269	0.22923331109	0.272777587218	0.256507386181	0.174101141416	0.193535045172	0.332872386342	0.3079378341	0.195784048402	0.190360132952	0.282956877695	0.340236688161	0.167003545353	0.2179671668	0.297227199429	0.169752566464	0.213335669085	0.265653781933
160765029-stool1.snv.bam	0.220103195644	0.255692416181	0.290002086948	0.247846300845	0.258107075993	0.168292133221	0.108491654449	0.107120584795	0.272802183555	0.0	0.17277078959	0.317279385598	0.314955739223	0.147876756968	0.256746046883	0.159676008259	0.264034579909	0.263439344221	0.256105843637	0.0969809050742	0.0977081116947	0.31448300129	0.255762276436	0.24789194545	0.275067531401	0.274890210418	0.261368977772	0.112831493798	0.29683444058	0.105567089061	0.132428532401	0.295553038655	0.127043371267	0.257697396505	0.132955736551	0.210658109694	0.137550429295	0.119498124479	0.109137152784	0.167811306976	0.308521025101	0.1163720032	0.279803345692	0.278445967827	0.291841762415	0.150579713066	0.182753246538	0.26848040845	0.28497853034	0.186048720683	0.224387595465	0.291158974673	0.312657361264	0.139275963597	0.291913653622	0.309573420216	0.0983949939868
682102541-stool3.snv.bam	0.223537139661	0.240771975138	0.256078778381	0.225023877074	0.233929206022	0.142431821078	0.14885519562	0.153813189475	0.299819206556	0.17277078959	0.0	0.289019559104	0.281928601714	0.0897575846385	0.247958912208	0.0960167726416	0.244296985081	0.248532124612	0.234455691614	0.159966041789	0.155488502927	0.289731135287	0.231635008391	0.267925559573	0.289724812832	0.289416285695	0.26180878553	0.218430812903	0.282106659198	0.142046960857	0.143791665301	0.273500673544	0.155169782631	0.232427900861	0.18760748195	0.217590764722	0.160836523702	0.167117155271	0.155631684419	0.103334391715	0.347356675142	0.159388874791	0.275418353896	0.294892907592	0.266018512564	0.235049220694	0.157685885542	0.265664162152	0.262842897257	0.269997908703	0.212636678653	0.272598353412	0.307199925615	0.180234595978	0.325462123576	0.301517893387	0.156230725739
706846339-stool1.snv.bam	0.213033933954	0.106852702936	0.209979485595	0.107149346268	0.0799274284956	0.319583193997	0.312998179718	0.312974937363	0.194812100312	0.317279385598	0.289019559104	0.0	0.00174463204531	0.289313261123	0.21467972228	0.256263615112	0.116884672825	0.119682390873	0.120381435037	0.299865738573	0.29667557262	0.186746665468	0.120157135369	0.219584726793	0.147908199441	0.142266832556	0.17274242045	0.31957975358	0.212235013147	0.300934393514	0.300634078794	0.137398388065	0.32729299991	0.111030253092	0.317212191465	0.249490135265	0.347135099063	0.313744316018	0.308544375453	0.267564585298	0.337061135145	0.31872169441	0.241323208136	0.272417778594	0.122613418541	0.317055629263	0.2875110025	0.122842623758	0.170108132722	0.239221812571	0.187041186739	0.189389103426	0.230983875674	0.349491915086	0.210940300555	0.190152309526	0.309518670276
706846339-stool2.snv.bam	0.215943706828	0.109287507413	0.212372453602	0.109316253885	0.0807618593996	0.318702312748	0.30884125658	0.308926509086	0.196687445847	0.314955739223	0.281928601714	0.00174463204531	0.0	0.287082471622	0.215848214286	0.255189460745	0.119236344942	0.121898257053	0.121586267515	0.29559482393	0.291493296348	0.188354766926	0.122252224514	0.220775968171	0.14879503161	0.141509433962	0.17632524708	0.314791182388	0.216557240613	0.299692692779	0.294734449056	0.140188397044	0.326812537145	0.112834655445	0.318911954445	0.253345629545	0.340646947984	0.313184397112	0.303028963099	0.267694550694	0.339167345001	0.314602812672	0.247339286364	0.276203273754	0.125326414021	0.318628440978	0.285417028395	0.125093167702	0.173529485634	0.238160922107	0.187137435619	0.191749174917	0.232937382527	0.345391705069	0.211725183334	0.194646476902	0.3049961074
763597684-stool2.snv.bam	0.233175303077	0.236224625598	0.272520261258	0.235665821966	0.226045400738	0.069000072821	0.144088013081	0.143981051615	0.297283937744	0.147876756968	0.0897575846385	0.289313261123	0.287082471622	0.0	0.244154590307	0.0473435215046	0.254842088498	0.256508516776	0.227960542033	0.171074683088	0.16395552784	0.28199764493	0.226805480428	0.264561227804	0.296206689431	0.29588070435	0.24841234992	0.215257668641	0.284217323002	0.0881092944739	0.165822906348	0.282080957022	0.116686291051	0.228155445532	0.206786383828	0.200862693187	0.153165516957	0.1823578875	0.154635665769	0.0770671443894	0.326657195307	0.167293599638	0.259800607294	0.29804225963	0.272225233115	0.208264934191	0.116445837561	0.23623487051	0.2587967881	0.23600661917	0.144665993844	0.258681173899	0.300102222427	0.169985212441	0.312207442608	0.295650181527	0.125053885874
763921366-stool3.snv.bam	0.233905688541	0.166655842225	0.23588025357	0.13784736996	0.164757228587	0.29187999289	0.269633704837	0.269750637887	0.229604874277	0.256746046883	0.247958912208	0.21467972228	0.215848214286	0.244154590307	0.0	0.219287559985	0.117476214358	0.119860499975	0.18146953405	0.249989407636	0.240198287517	0.25156897569	0.186717488051	0.19212936945	0.22480769623	0.219135802469	0.108131868132	0.303339909649	0.184252611912	0.25171740268	0.259250985686	0.094463509228	0.241801718917	0.185280823981	0.252522765523	0.26121892995	0.291870968504	0.247835061787	0.253465142274	0.210635024929	0.260954159202	0.273169892464	0.194611716197	0.305349431429	0.201991986937	0.278350465364	0.280672123839	0.178062187779	0.251263186434	0.285998806525	0.257409630519	0.167100977199	0.225845322393	0.262280306444	0.267838097031	0.1536245733	0.25999043141
764062976-stool2.snv.bam	0.194423477775	0.203775539913	0.233750696525	0.203336122285	0.193832136431	0.105443496562	0.155682779046	0.155427605035	0.276821595056	0.159676008259	0.0960167726416	0.256263615112	0.255189460745	0.0473435215046	0.219287559985	0.0	0.223769240471	0.223956305074	0.194003831418	0.155081253643	0.149019448508	0.266804320823	0.187820537458	0.250904253252	0.27883935544	0.279330572809	0.232399470899	0.228003859168	0.270950670587	0.0996867545425	0.146524821096	0.261497263824	0.146961479977	0.198239159858	0.234307603826	0.179574544912	0.193415577069	0.211680799666	0.158798078023	0.100628249124	0.311566383264	0.185728607247	0.224909483312	0.270528687555	0.235287867953	0.213793091358	0.106917826632	0.201543631369	0.217116936561	0.243134660063	0.130314508392	0.253779419814	0.273257778927	0.174254077347	0.309268004723	0.267774982288	0.155416671516
764083206-stool1.snv.bam	0.177411409555	0.0950262310737	0.156033007803	0.0228894124692	0.0919988284861	0.310765568727	0.251868389119	0.252940521182	0.115938090086	0.264034579909	0.244296985081	0.116884672825	0.119236344942	0.254842088498	0.117476214358	0.223769240471	0.0	0.00458580199289	0.098215272822	0.236778521231	0.231249236067	0.19873157189	0.101524076376	0.107729186331	0.111876347198	0.108556261247	0.114691230572	0.297980021055	0.136145441809	0.271473908923	0.257903857208	0.0403674464305	0.267828961129	0.111675603452	0.251701415585	0.20909045483	0.294542130826	0.247773923922	0.257894138428	0.219400921191	0.309895054058	0.264761356534	0.199947209148	0.244544335456	0.122489397257	0.296385863838	0.263558610826	0.116938660874	0.166882397291	0.238859454177	0.266135114709	0.118735731931	0.182546716471	0.277552086128	0.211389973048	0.10420333498	0.256523221443
764184357-stool2.snv.bam	0.177936334913	0.0951459653252	0.156844111832	0.0254225372957	0.0947772786743	0.312677628556	0.252726752365	0.252678119786	0.115682525341	0.263439344221	0.248532124612	0.119682390873	0.121898257053	0.256508516776	0.119860499975	0.223956305074	0.00458580199289	0.0	0.100944943027	0.237817536525	0.232572698756	0.199207533386	0.103011678958	0.109990205969	0.111765674407	0.110622099317	0.117248543202	0.302011618807	0.135797511192	0.270425556304	0.258428449661	0.0405447518171	0.267463896352	0.113629059323	0.250954736246	0.210202404669	0.297226891302	0.247449344238	0.258803661939	0.220412039279	0.309682050956	0.26368527244	0.199787531791	0.243907379281	0.123127595848	0.298947856787	0.262901746762	0.119658374904	0.169113741991	0.240650576673	0.267965607185	0.120900777011	0.184491068583	0.278916316133	0.213240974954	0.105747003121	0.256162162329
764467579-stool3.snv.bam	0.159799932473	0.0444783471884	0.149624151973	0.0914139502705	0.0430053794271	0.284016551024	0.244553653481	0.242835343621	0.162049553172	0.256105843637	0.234455691614	0.120381435037	0.121586267515	0.227960542033	0.18146953405	0.194003831418	0.098215272822	0.100944943027	0.0	0.237522580462	0.234661375661	0.153381870683	0.0026020851273	0.154229995959	0.15422297913	0.149211469534	0.140903937333	0.304967909274	0.17827523021	0.244602261269	0.245253971828	0.131415779485	0.273201930207	0.00934845471136	0.267950851464	0.194198639486	0.291827383579	0.258314932655	0.236709796681	0.218653404411	0.252533032444	0.257980760956	0.149441899051	0.217440570816	0.10662469252	0.278980724091	0.243059705528	0.0690736043707	0.0852192234114	0.252908307347	0.248824122737	0.14134542706	0.180553914425	0.295044266331	0.233658244443	0.178668562678	0.248350108498
764649650-stool1.snv.bam	0.184627013392	0.232098448186	0.253777092335	0.214101319561	0.238518103303	0.196268493692	0.115177967623	0.114094489564	0.252385320842	0.0969809050742	0.159966041789	0.299865738573	0.29559482393	0.171074683088	0.249989407636	0.155081253643	0.236778521231	0.237817536525	0.237522580462	0.0	0.00191657626532	0.299968205912	0.236158303801	0.220733150395	0.248472563049	0.245154612506	0.260730936494	0.159812246054	0.282560108485	0.104845617715	0.0869796110045	0.268878945233	0.149739729628	0.236821057288	0.108105952288	0.176306350332	0.163716411082	0.104991557261	0.118584036758	0.171772106017	0.30797547618	0.12196908981	0.283536211685	0.258432363752	0.266909762998	0.196356253653	0.187815696656	0.270673175541	0.261055490036	0.201667038419	0.236012202196	0.280252405101	0.305629458388	0.1169447972	0.284277522271	0.299622999294	0.12600650676
764649650-stool2.snv.bam	0.178487302441	0.227666714184	0.256108643806	0.211190930375	0.232900223466	0.19433377157	0.116115457417	0.115183662521	0.254099288961	0.0977081116947	0.155488502927	0.29667557262	0.291493296348	0.16395552784	0.240198287517	0.149019448508	0.231249236067	0.232572698756	0.234661375661	0.00191657626532	0.0	0.296920520326	0.230724615836	0.215019843289	0.25013968965	0.245222929936	0.254777070064	0.154189501106	0.276234144956	0.100683668032	0.0870872924956	0.264748938978	0.145336408047	0.232048086054	0.100568062152	0.173219764454	0.164560827261	0.0986853883564	0.115858084278	0.167079571827	0.302932716925	0.108666518864	0.280085250633	0.2547596449	0.263294558159	0.199270841085	0.17641839427	0.265833791965	0.25326009289	0.203444826978	0.230069659443	0.273310810811	0.308941352057	0.114006514658	0.279710286141	0.295947299062	0.127811304374
765074482-stool1.snv.bam	0.19866869904	0.130351671803	0.147531471618	0.188946919007	0.107909460606	0.334516555908	0.306760308625	0.306194445978	0.267883771369	0.31448300129	0.289731135287	0.186746665468	0.188354766926	0.28199764493	0.25156897569	0.266804320823	0.19873157189	0.199207533386	0.153381870683	0.299968205912	0.296920520326	0.0	0.15277476256	0.259161859513	0.264529569534	0.258740623736	0.204083440849	0.344280707717	0.229693891954	0.288360264107	0.297349346726	0.204417432023	0.315611079807	0.142798066807	0.286865821391	0.266160171292	0.322736466849	0.286316966482	0.304995245717	0.255577929834	0.254757723193	0.306003602458	0.275145510684	0.230999146046	0.102753691647	0.326597864197	0.289868756178	0.144799348859	0.113693299354	0.300745884872	0.300476055192	0.163657240821	0.153396342761	0.339917666409	0.328503909593	0.157704102895	0.304235223049
765135172-stool1.snv.bam	0.155944372085	0.0508042789676	0.146700666927	0.0918457033763	0.0466914663333	0.280025127708	0.242790641227	0.243413893571	0.167512451721	0.255762276436	0.231635008391	0.120157135369	0.122252224514	0.226805480428	0.186717488051	0.187820537458	0.101524076376	0.103011678958	0.0026020851273	0.236158303801	0.230724615836	0.15277476256	0.0	0.158621367078	0.150520483984	0.147971946864	0.144633631118	0.302376832417	0.17455162121	0.243302170677	0.241543055292	0.139181376903	0.269388525802	0.0164345460264	0.265793527881	0.200149043409	0.293278769199	0.257388535789	0.235583120318	0.215653250764	0.250306994485	0.254466751116	0.147748558229	0.206742209861	0.100904847694	0.282914262399	0.241030632604	0.0650762271928	0.0898269251908	0.254558146414	0.246699686296	0.15019230294	0.17891990994	0.286342520421	0.238140840719	0.173959895901	0.252094053399
765195863-stool3.snv.bam	0.232443842768	0.151791200281	0.213440122997	0.128080427529	0.157775109924	0.299400002037	0.234769915982	0.235257284661	0.0887052151421	0.24789194545	0.267925559573	0.219584726793	0.220775968171	0.264561227804	0.19212936945	0.250904253252	0.107729186331	0.109990205969	0.154229995959	0.220733150395	0.215019843289	0.259161859513	0.158621367078	0.0	0.0849724986423	0.0825688073394	0.181476350683	0.287534014186	0.171611216076	0.253273289007	0.244496661779	0.142830713425	0.209992690777	0.164505044078	0.251052637574	0.123633216839	0.277925658026	0.246463714442	0.242160615115	0.25815831554	0.239962505938	0.246894850803	0.220609904183	0.155834767789	0.204249429831	0.29854798644	0.285074205204	0.186154311804	0.199769782189	0.243822514879	0.306502493131	0.147896440129	0.227562724014	0.26151349158	0.121179939579	0.211670138243	0.237327145358
765701615-stool1.snv.bam	0.254469801474	0.151281535799	0.215443654445	0.102033387943	0.159630357258	0.312172987506	0.264136522355	0.263635782676	0.0555349122626	0.275067531401	0.289724812832	0.147908199441	0.14879503161	0.296206689431	0.22480769623	0.27883935544	0.111876347198	0.111765674407	0.15422297913	0.248472563049	0.25013968965	0.264529569534	0.150520483984	0.0849724986423	0.0	0.00314496269519	0.189278806198	0.296929792653	0.220304050478	0.281871497787	0.258158190228	0.149373486709	0.239427041477	0.16188246802	0.28103759694	0.154992955071	0.303069960641	0.273734971629	0.273503249418	0.285707966376	0.260524110915	0.275827150698	0.247067702422	0.173635540585	0.183850252312	0.322941755468	0.310812345275	0.184935470531	0.229367517389	0.247432296829	0.297959235149	0.198338350749	0.256066733317	0.296800308678	0.135660354379	0.214976851938	0.267342797024
765701615-stool2.snv.bam	0.253121363351	0.147168397879	0.212543096518	0.0985728782556	0.15309563016	0.314863411823	0.261963180254	0.262151339891	0.0563850556142	0.274890210418	0.289416285695	0.142266832556	0.141509433962	0.29588070435	0.219135802469	0.279330572809	0.108556261247	0.110622099317	0.149211469534	0.245154612506	0.245222929936	0.258740623736	0.147971946864	0.0825688073394	0.00314496269519	0.0	0.183229813665	0.293066611238	0.21638954487	0.28072528544	0.254269739269	0.144520268623	0.239037745224	0.155226943934	0.277804618012	0.149269595791	0.298938001987	0.270819366299	0.273559616611	0.285539003625	0.261494915675	0.273788916911	0.247536979377	0.175965760775	0.181744303213	0.32070867258	0.312532940673	0.181795317726	0.226678781585	0.242828324166	0.297124600639	0.191830065359	0.254400026387	0.296178343949	0.131155794707	0.213141318654	0.264584081929
CCIS20795251ST-4-0.snv.bam	0.213347624938	0.118663303692	0.215787105417	0.0985938152105	0.116398382453	0.299495236784	0.267605562054	0.268411796308	0.20008098789	0.261368977772	0.26180878553	0.17274242045	0.17632524708	0.24841234992	0.108131868132	0.232399470899	0.114691230572	0.117248543202	0.140903937333	0.260730936494	0.254777070064	0.204083440849	0.144633631118	0.181476350683	0.189278806198	0.183229813665	0.0	0.297198488878	0.158932691056	0.259700820608	0.280449954402	0.0865303539845	0.25823478444	0.13567865733	0.259766570832	0.217789658806	0.290809708262	0.260959368411	0.248427341479	0.22692642279	0.247364082278	0.279621481702	0.159201576801	0.2689044939	0.178578434581	0.283618074568	0.257289772083	0.135641471572	0.196137152778	0.247473580306	0.260130718954	0.128431372549	0.18691536381	0.292993630573	0.231565656566	0.147716888012	0.255537191002
CCIS41548810ST-4-0.snv.bam	0.262862995174	0.299273916372	0.327401734061	0.283453113551	0.301650066391	0.195247553648	0.151287832363	0.155170865945	0.315721487905	0.112831493798	0.218430812903	0.31957975358	0.314791182388	0.215257668641	0.303339909649	0.228003859168	0.297980021055	0.302011618807	0.304967909274	0.159812246054	0.154189501106	0.344280707717	0.302376832417	0.287534014186	0.296929792653	0.293066611238	0.297198488878	0.0	0.334227184455	0.182626097026	0.187094169246	0.325900593384	0.190089821827	0.302460939761	0.144108729148	0.258346574227	0.16968932697	0.137703765229	0.174938702357	0.242392824567	0.34328502143	0.14243457474	0.3205518373	0.320565531499	0.332459612681	0.165106488752	0.217039613547	0.303767311504	0.327173251008	0.147710402142	0.25174390139	0.329010108698	0.349384019274	0.165422538916	0.282654702389	0.352943899939	0.155866386085
MH0220.snv.bam	0.232304162282	0.159861281279	0.223248039909	0.139135193099	0.159872394834	0.335983094364	0.284973291735	0.285538109183	0.211530097057	0.29683444058	0.282106659198	0.212235013147	0.216557240613	0.284217323002	0.184252611912	0.270950670587	0.136145441809	0.135797511192	0.17827523021	0.282560108485	0.276234144956	0.229693891954	0.17455162121	0.171611216076	0.220304050478	0.21638954487	0.158932691056	0.334227184455	0.0	0.279685411686	0.28157547245	0.146364193308	0.288140622194	0.178806639492	0.286163432883	0.247138794835	0.320749895955	0.284474636341	0.293435691378	0.245541682272	0.307905043092	0.302298881674	0.234396668505	0.278067259358	0.188067155183	0.327296893932	0.294951585903	0.178881499595	0.196098911059	0.275115017932	0.295075139875	0.113124568374	0.138757273424	0.303667370915	0.255565100734	0.184081379567	0.281845153526
MH0250.snv.bam	0.210946946969	0.244980888171	0.285286613054	0.249670048296	0.240916986148	0.11295573553	0.124981259874	0.1230124043	0.28505686965	0.105567089061	0.142046960857	0.300934393514	0.299692692779	0.0881092944739	0.25171740268	0.0996867545425	0.271473908923	0.270425556304	0.244602261269	0.104845617715	0.100683668032	0.288360264107	0.243302170677	0.253273289007	0.281871497787	0.28072528544	0.259700820608	0.182626097026	0.279685411686	0.0	0.10772475717	0.293776028838	0.116942810498	0.241340982205	0.168004262621	0.174476268281	0.16518829486	0.145801549916	0.123029441082	0.143777926428	0.297904959261	0.137438880851	0.266805307618	0.272986862552	0.269749394502	0.194378295499	0.143135289387	0.251289838181	0.263478466684	0.200755988952	0.156666247008	0.27939946776	0.307723797405	0.131332731385	0.291757409963	0.300278109609	0.107629065219
MH0253.snv.bam	0.213204733744	0.250394317105	0.284593760905	0.244375149875	0.237655106478	0.174269073346	0.117994058211	0.117504833485	0.242700573599	0.132428532401	0.143791665301	0.300634078794	0.294734449056	0.165822906348	0.259250985686	0.146524821096	0.257903857208	0.258428449661	0.245253971828	0.0869796110045	0.0870872924956	0.297349346726	0.241543055292	0.244496661779	0.258158190228	0.254269739269	0.280449954402	0.187094169246	0.28157547245	0.10772475717	0.0	0.285441355325	0.166377231393	0.242254472021	0.127183296651	0.193815647046	0.197989321014	0.128369025101	0.134365467495	0.155303531511	0.291953222115	0.154659264666	0.300861880365	0.265971138732	0.267624423141	0.214154498286	0.190303145118	0.271633925194	0.245606904046	0.239858941413	0.230624501146	0.264891280875	0.284302449773	0.121624614145	0.309887232308	0.319531312642	0.13689808051
MH0280.snv.bam	0.209237062153	0.113889138829	0.188161331997	0.0614742581537	0.112863132372	0.331092316012	0.278548729907	0.278076419485	0.153081187558	0.295553038655	0.273500673544	0.137398388065	0.140188397044	0.282080957022	0.094463509228	0.261497263824	0.0403674464305	0.0405447518171	0.131415779485	0.268878945233	0.264748938978	0.204417432023	0.139181376903	0.142830713425	0.149373486709	0.144520268623	0.0865303539845	0.325900593384	0.146364193308	0.293776028838	0.285441355325	0.0	0.291980277882	0.130424890986	0.270660640584	0.239906796455	0.316660573278	0.266802329103	0.276591038268	0.24481737192	0.284704744209	0.288733263225	0.211793240197	0.274846039577	0.153695277847	0.317060470897	0.294257684942	0.156166881501	0.197585333257	0.265862964091	0.299865189248	0.13053943202	0.197666164712	0.31146119481	0.238272418534	0.0991172139409	0.280042367235
MH0328.snv.bam	0.237230397209	0.263950489077	0.294361690366	0.245375040406	0.266632048501	0.152165223191	0.129451295987	0.1281633113	0.243480479382	0.127043371267	0.155169782631	0.32729299991	0.326812537145	0.116686291051	0.241801718917	0.146961479977	0.267828961129	0.267463896352	0.273201930207	0.149739729628	0.145336408047	0.315611079807	0.269388525802	0.209992690777	0.239427041477	0.239037745224	0.25823478444	0.190089821827	0.288140622194	0.116942810498	0.166377231393	0.291980277882	0.0	0.271018007503	0.163734807677	0.136994832627	0.164830457888	0.145531916324	0.16990513616	0.116191108028	0.311733719401	0.152734014377	0.288321161278	0.252561674746	0.303959671955	0.195437010279	0.188850967206	0.277224948792	0.302283474467	0.24103990438	0.198947725992	0.274462315514	0.321765086763	0.151187081839	0.26214940109	0.315349325038	0.103766104102
MH0340.snv.bam	0.156562453069	0.0413950005841	0.151431927802	0.0983648077021	0.0368561965188	0.288807512288	0.244959438539	0.245558844124	0.178235124677	0.257697396505	0.232427900861	0.111030253092	0.112834655445	0.228155445532	0.185280823981	0.198239159858	0.111675603452	0.113629059323	0.00934845471136	0.236821057288	0.232048086054	0.142798066807	0.0164345460264	0.164505044078	0.16188246802	0.155226943934	0.13567865733	0.302460939761	0.178806639492	0.241340982205	0.242254472021	0.130424890986	0.271018007503	0.0	0.26911065171	0.198047620977	0.287383752368	0.260983651732	0.235809477538	0.22205030366	0.256541027689	0.255051029907	0.158695927798	0.217596605522	0.103700496278	0.271974661973	0.241926178911	0.0803590347646	0.0950367958989	0.254529784099	0.251583414979	0.146443767222	0.187345408015	0.296328404106	0.233739655213	0.18515981826	0.250557934137
MH0373.snv.bam	0.221115444835	0.256913666231	0.295871654395	0.234940794651	0.250352562757	0.204959852024	0.170923206408	0.169166228185	0.27765113349	0.132955736551	0.18760748195	0.317212191465	0.318911954445	0.206786383828	0.252522765523	0.234307603826	0.251701415585	0.250954736246	0.267950851464	0.108105952288	0.100568062152	0.286865821391	0.265793527881	0.251052637574	0.28103759694	0.277804618012	0.259766570832	0.144108729148	0.286163432883	0.168004262621	0.127183296651	0.270660640584	0.163734807677	0.26911065171	0.0	0.238474611004	0.173689554499	0.0291497741032	0.166264086669	0.173418429249	0.346557057868	0.102526241451	0.313381544931	0.294283772856	0.283135760829	0.206134147479	0.216112268393	0.281994721315	0.291188089168	0.201828326929	0.279958008745	0.27469486576	0.310929787927	0.145252090997	0.320242667068	0.3198103616	0.160615568222
MH0376.snv.bam	0.208902693387	0.186999046656	0.229310679892	0.187196911577	0.190199265538	0.235124201201	0.168639945975	0.170089281559	0.157447602493	0.210658109694	0.217590764722	0.249490135265	0.253345629545	0.200862693187	0.26121892995	0.179574544912	0.20909045483	0.210202404669	0.194198639486	0.176306350332	0.173219764454	0.266160171292	0.200149043409	0.123633216839	0.154992955071	0.149269595791	0.217789658806	0.258346574227	0.247138794835	0.174476268281	0.193815647046	0.239906796455	0.136994832627	0.198047620977	0.238474611004	0.0	0.259233103038	0.225197275417	0.207279922198	0.211888208764	0.277561613055	0.221980731507	0.247471216476	0.172240010771	0.220691070019	0.280638627566	0.220630775892	0.221719282901	0.224146996878	0.265386425651	0.248506482915	0.240179362155	0.299148923561	0.23204195955	0.194415062146	0.280634411884	0.178748634199
MH0377.snv.bam	0.281950295694	0.283451936266	0.315360281746	0.280437726415	0.289842022683	0.153104740351	0.165673295845	0.170795626049	0.310108543747	0.137550429295	0.160836523702	0.347135099063	0.340646947984	0.153165516957	0.291870968504	0.193415577069	0.294542130826	0.297226891302	0.291827383579	0.163716411082	0.164560827261	0.322736466849	0.293278769199	0.277925658026	0.303069960641	0.298938001987	0.290809708262	0.16968932697	0.320749895955	0.16518829486	0.197989321014	0.316660573278	0.164830457888	0.287383752368	0.173689554499	0.259233103038	0.0	0.161604066781	0.160088948037	0.197804131445	0.309887361535	0.174961420901	0.309636890107	0.301645721548	0.328586929989	0.129939950863	0.209030478739	0.310912502051	0.322416849655	0.220300470741	0.253477706353	0.298453073288	0.344221076954	0.167828801117	0.315774531201	0.342927405694	0.131701623624
MH0395.snv.bam	0.215489406523	0.248342754076	0.289233513008	0.231347192821	0.246741964825	0.187620616468	0.147859091717	0.145870270613	0.270440111217	0.119498124479	0.167117155271	0.313744316018	0.313184397112	0.1823578875	0.247835061787	0.211680799666	0.247773923922	0.247449344238	0.258314932655	0.104991557261	0.0986853883564	0.286316966482	0.257388535789	0.246463714442	0.273734971629	0.270819366299	0.260959368411	0.137703765229	0.284474636341	0.145801549916	0.128369025101	0.266802329103	0.145531916324	0.260983651732	0.0291497741032	0.225197275417	0.161604066781	0.0	0.15184861368	0.161684272807	0.335532128044	0.0957072867344	0.310704318414	0.289534481725	0.278306541511	0.20418860836	0.211282350667	0.278270072251	0.28478192814	0.198350465072	0.268049145902	0.272034638632	0.308757927711	0.146794127872	0.315678979027	0.315824171154	0.136821206419
MH0412.snv.bam	0.230341972142	0.244806961218	0.270301165008	0.241825529507	0.238490261338	0.172251370135	0.113879207421	0.112846240357	0.277155534629	0.109137152784	0.155631684419	0.308544375453	0.303028963099	0.154635665769	0.253465142274	0.158798078023	0.257894138428	0.258803661939	0.236709796681	0.118584036758	0.115858084278	0.304995245717	0.235583120318	0.242160615115	0.273503249418	0.273559616611	0.248427341479	0.174938702357	0.293435691378	0.123029441082	0.134365467495	0.276591038268	0.16990513616	0.235809477538	0.166264086669	0.207279922198	0.160088948037	0.15184861368	0.0	0.165805620339	0.30676662538	0.13194917674	0.278261684757	0.25738132394	0.279667224949	0.177857659323	0.196488696713	0.268358776184	0.265234828929	0.232681241719	0.23288356442	0.294552773353	0.310937370432	0.163946087263	0.300810231517	0.303647070655	0.14351736868
MH0415.snv.bam	0.188736559625	0.225362635434	0.240030601044	0.197067756519	0.205835153129	0.1438240909	0.152619907858	0.15076187699	0.289723579269	0.167811306976	0.103334391715	0.267564585298	0.267694550694	0.0770671443894	0.210635024929	0.100628249124	0.219400921191	0.220412039279	0.218653404411	0.171772106017	0.167079571827	0.255577929834	0.215653250764	0.25815831554	0.285707966376	0.285539003625	0.22692642279	0.242392824567	0.245541682272	0.143777926428	0.155303531511	0.24481737192	0.116191108028	0.22205030366	0.173418429249	0.211888208764	0.197804131445	0.161684272807	0.165805620339	0.0	0.340735892285	0.179626757634	0.252106655438	0.279284537593	0.242979959884	0.202333072501	0.184608348952	0.225262913083	0.249367649709	0.26553547582	0.152262522725	0.24107159717	0.272764947925	0.199556567309	0.321442658895	0.263252834645	0.164611297306
MH0417.snv.bam	0.282369282661	0.273535870358	0.263740419914	0.305758769713	0.262257448484	0.349356816915	0.315868263886	0.31570166132	0.22923331109	0.308521025101	0.347356675142	0.337061135145	0.339167345001	0.326657195307	0.260954159202	0.311566383264	0.309895054058	0.309682050956	0.252533032444	0.30797547618	0.302932716925	0.254757723193	0.250306994485	0.239962505938	0.260524110915	0.261494915675	0.247364082278	0.34328502143	0.307905043092	0.297904959261	0.291953222115	0.284704744209	0.311733719401	0.256541027689	0.346557057868	0.277561613055	0.309887361535	0.335532128044	0.30676662538	0.340735892285	0.0	0.316420522284	0.222495884133	0.178274628775	0.224408483915	0.36378435341	0.337297757746	0.266787776353	0.187368390523	0.35051466254	0.380352071763	0.270280379912	0.204623996436	0.336926502401	0.293056912418	0.220889111759	0.312664003202
MH0419.snv.bam	0.234121597811	0.257096568346	0.269257501918	0.248201051035	0.257682622874	0.18785968962	0.153836839525	0.151889385101	0.272777587218	0.1163720032	0.159388874791	0.31872169441	0.314602812672	0.167293599638	0.273169892464	0.185728607247	0.264761356534	0.26368527244	0.257980760956	0.12196908981	0.108666518864	0.306003602458	0.254466751116	0.246894850803	0.275827150698	0.273788916911	0.279621481702	0.14243457474	0.302298881674	0.137438880851	0.154659264666	0.288733263225	0.152734014377	0.255051029907	0.102526241451	0.221980731507	0.174961420901	0.0957072867344	0.13194917674	0.179626757634	0.316420522284	0.0	0.308885012879	0.267717198962	0.277723679554	0.216749666557	0.186569915912	0.289718810648	0.268891892748	0.206151544499	0.262326453513	0.297718221691	0.309988692445	0.168999189287	0.30929938377	0.311337003193	0.160818032382
MH0422.snv.bam	0.151238940927	0.181652177775	0.183961684498	0.177868963388	0.181145332315	0.306850434917	0.285875593241	0.287115968974	0.256507386181	0.279803345692	0.275418353896	0.241323208136	0.247339286364	0.259800607294	0.194611716197	0.224909483312	0.199947209148	0.199787531791	0.149441899051	0.283536211685	0.280085250633	0.275145510684	0.147748558229	0.220609904183	0.247067702422	0.247536979377	0.159201576801	0.3205518373	0.234396668505	0.266805307618	0.300861880365	0.211793240197	0.288321161278	0.158695927798	0.313381544931	0.247471216476	0.309636890107	0.310704318414	0.278261684757	0.252106655438	0.222495884133	0.308885012879	0.0	0.167803369066	0.210624167537	0.294445389252	0.276813290422	0.176246840992	0.202463480129	0.29803916549	0.264509671456	0.223100212973	0.235758904509	0.313655925191	0.26843239332	0.227633910037	0.289438823319
MH0431.snv.bam	0.183538794886	0.223268061819	0.165626241062	0.234709350121	0.20720024623	0.32019311287	0.265119717504	0.266055613241	0.174101141416	0.278445967827	0.294892907592	0.272417778594	0.276203273754	0.29804225963	0.305349431429	0.270528687555	0.244544335456	0.243907379281	0.217440570816	0.258432363752	0.2547596449	0.230999146046	0.206742209861	0.155834767789	0.173635540585	0.175965760775	0.2689044939	0.320565531499	0.278067259358	0.272986862552	0.265971138732	0.274846039577	0.252561674746	0.217596605522	0.294283772856	0.172240010771	0.301645721548	0.289534481725	0.25738132394	0.279284537593	0.178274628775	0.267717198962	0.167803369066	0.0	0.179356238055	0.334072346308	0.311622836954	0.233236072437	0.178985836926	0.33021627515	0.328547422119	0.270345425029	0.230435815486	0.304864246673	0.224407584043	0.23292979009	0.293170984177
