	159288231-stool1.snv.bam	160704339-stool1.snv.bam	BYQ_AAAD.snv.bam	CCIS11019776ST-4-0.snv.bam	CCIS28384594ST-4-0.snv.bam	CCIS41222843ST-4-0.snv.bam	CCMD14479708ST-21-0.snv.bam	CCMD46222674ST-21-0.snv.bam	MH0257.snv.bam	MMRS14602194ST-27-0-0.snv.bam	MMRS25641480ST-27-0-0.snv.bam	MMRS41711735ST-27-0-0.snv.bam	MMRS51410669ST-27-0-0.snv.bam	MMRS66868025ST-27-0-0.snv.bam	MMRS86168210ST-27-0-0.snv.bam	MMRS99045180ST-27-0-0.snv.bam	T2D-123A.snv.bam	T2D-47A.snv.bam	V1.FI16.snv.bam	V1.UC55-4.snv.bam
159288231-stool1.snv.bam	0.0	0.112807272828	0.137530269916	0.102339776008	0.125989391344	0.112920569237	0.140061480243	0.107772459301	0.112688473756	0.118977342803	0.113515845487	0.134261206329	0.130328939054	0.1415213187	0.140315636473	0.136695334363	0.141064409743	0.135296713914	0.131520549078	0.118945723804
160704339-stool1.snv.bam	0.112807272828	0.0	0.112918375953	0.104503855584	0.111007382664	0.0944641034161	0.127584930384	0.0988617604603	0.0753205390456	0.108476035783	0.0990238217928	0.128136569661	0.115936194656	0.128459179982	0.108786213913	0.109382995394	0.140582399406	0.135892283607	0.10274333449	0.114083957658
BYQ_AAAD.snv.bam	0.137530269916	0.112918375953	0.0	0.110962921359	0.0980841619924	0.118706060856	0.119985448173	0.11781173807	0.105636684422	0.128413885692	0.116738012981	0.144907407407	0.118751964085	0.138420571191	0.115387832146	0.139759329631	0.144240274868	0.148047659877	0.111840811248	0.126364840004
CCIS11019776ST-4-0.snv.bam	0.102339776008	0.104503855584	0.110962921359	0.0	0.107607762974	0.0788291708922	0.116305391334	0.0415464245012	0.0919436381924	0.095469659543	0.096231408375	0.144345798053	0.101724232001	0.126941046145	0.0932717352023	0.112317292627	0.125818388006	0.134702076219	0.102560224568	0.0881762773915
CCIS28384594ST-4-0.snv.bam	0.125989391344	0.111007382664	0.0980841619924	0.107607762974	0.0	0.0923042096415	0.112564878589	0.110314148511	0.102412941714	0.116746338669	0.12036428658	0.145052207903	0.110871288494	0.123058433646	0.121212343494	0.117449598647	0.135150685849	0.129320329899	0.11042606138	0.129437577307
CCIS41222843ST-4-0.snv.bam	0.112920569237	0.0944641034161	0.118706060856	0.0788291708922	0.0923042096415	0.0	0.112420134661	0.0667151396574	0.0831207470478	0.101648823911	0.0973567182602	0.135467623397	0.109842565645	0.129121030282	0.0956908366315	0.114041587878	0.129294238608	0.136260921338	0.090877353266	0.0947773714418
CCMD14479708ST-21-0.snv.bam	0.140061480243	0.127584930384	0.119985448173	0.116305391334	0.112564878589	0.112420134661	0.0	0.108458073262	0.115803435505	0.123852215946	0.125026184464	0.149872975536	0.115543700534	0.134261268842	0.101601864274	0.125469685142	0.134998679565	0.155271443017	0.120332532807	0.137574630147
CCMD46222674ST-21-0.snv.bam	0.107772459301	0.0988617604603	0.11781173807	0.0415464245012	0.110314148511	0.0667151396574	0.108458073262	0.0	0.0842075210208	0.108300161415	0.0974699728212	0.135137643369	0.107406325224	0.126700737242	0.0867833214539	0.116880224912	0.12214326792	0.131463605914	0.0965020287664	0.090790545341
MH0257.snv.bam	0.112688473756	0.0753205390456	0.105636684422	0.0919436381924	0.102412941714	0.0831207470478	0.115803435505	0.0842075210208	0.0	0.10694081832	0.104596762667	0.118943910785	0.11929935735	0.126520018713	0.109236191536	0.116365366397	0.111793111552	0.131288017063	0.110449427143	0.0930492811131
MMRS14602194ST-27-0-0.snv.bam	0.118977342803	0.108476035783	0.128413885692	0.095469659543	0.116746338669	0.101648823911	0.123852215946	0.108300161415	0.10694081832	0.0	0.122843776444	0.156580840046	0.104501607717	0.128049605022	0.124981578475	0.125080025608	0.134912783295	0.143448127558	0.114687531572	0.125531087205
MMRS25641480ST-27-0-0.snv.bam	0.113515845487	0.0990238217928	0.116738012981	0.096231408375	0.12036428658	0.0973567182602	0.125026184464	0.0974699728212	0.104596762667	0.122843776444	0.0	0.131149883722	0.108048494923	0.121470072482	0.120360676287	0.110157228513	0.130904245597	0.130243455674	0.114006861542	0.0981443584037
MMRS41711735ST-27-0-0.snv.bam	0.134261206329	0.128136569661	0.144907407407	0.144345798053	0.145052207903	0.135467623397	0.149872975536	0.135137643369	0.118943910785	0.156580840046	0.131149883722	0.0	0.145124579125	0.16531329404	0.158720350756	0.156206997511	0.146226469384	0.166321723682	0.154468356803	0.132084376362
MMRS51410669ST-27-0-0.snv.bam	0.130328939054	0.115936194656	0.118751964085	0.101724232001	0.110871288494	0.109842565645	0.115543700534	0.107406325224	0.11929935735	0.104501607717	0.108048494923	0.145124579125	0.0	0.13729116857	0.121273470905	0.112451880367	0.133753384687	0.128917078082	0.110496859314	0.131029156328
MMRS66868025ST-27-0-0.snv.bam	0.1415213187	0.128459179982	0.138420571191	0.126941046145	0.123058433646	0.129121030282	0.134261268842	0.126700737242	0.126520018713	0.128049605022	0.121470072482	0.16531329404	0.13729116857	0.0	0.144962462466	0.140749746656	0.153610484555	0.154821138066	0.135912142786	0.142943364782
MMRS86168210ST-27-0-0.snv.bam	0.140315636473	0.108786213913	0.115387832146	0.0932717352023	0.121212343494	0.0956908366315	0.101601864274	0.0867833214539	0.109236191536	0.124981578475	0.120360676287	0.158720350756	0.121273470905	0.144962462466	0.0	0.126091450061	0.155840160141	0.161169592343	0.118741306083	0.116690395219
MMRS99045180ST-27-0-0.snv.bam	0.136695334363	0.109382995394	0.139759329631	0.112317292627	0.117449598647	0.114041587878	0.125469685142	0.116880224912	0.116365366397	0.125080025608	0.110157228513	0.156206997511	0.112451880367	0.140749746656	0.126091450061	0.0	0.13582721272	0.158052137866	0.129384099799	0.129773800141
T2D-123A.snv.bam	0.141064409743	0.140582399406	0.144240274868	0.125818388006	0.135150685849	0.129294238608	0.134998679565	0.12214326792	0.111793111552	0.134912783295	0.130904245597	0.146226469384	0.133753384687	0.153610484555	0.155840160141	0.13582721272	0.0	0.142047676435	0.13797631245	0.138546341933
T2D-47A.snv.bam	0.135296713914	0.135892283607	0.148047659877	0.134702076219	0.129320329899	0.136260921338	0.155271443017	0.131463605914	0.131288017063	0.143448127558	0.130243455674	0.166321723682	0.128917078082	0.154821138066	0.161169592343	0.158052137866	0.142047676435	0.0	0.145534167401	0.153288733
V1.FI16.snv.bam	0.131520549078	0.10274333449	0.111840811248	0.102560224568	0.11042606138	0.090877353266	0.120332532807	0.0965020287664	0.110449427143	0.114687531572	0.114006861542	0.154468356803	0.110496859314	0.135912142786	0.118741306083	0.129384099799	0.13797631245	0.145534167401	0.0	0.114970507946
V1.UC55-4.snv.bam	0.118945723804	0.114083957658	0.126364840004	0.0881762773915	0.129437577307	0.0947773714418	0.137574630147	0.090790545341	0.0930492811131	0.125531087205	0.0981443584037	0.132084376362	0.131029156328	0.142943364782	0.116690395219	0.129773800141	0.138546341933	0.153288733	0.114970507946	0.0
