	159753524-stool2.snv.bam	160704339-stool1.snv.bam	161412393-stool2.snv.bam	508703490-stool2.snv.bam	763901136-stool1.snv.bam	CCIS91228662ST-4-0.snv.bam	CCMD14479708ST-21-0.snv.bam	CCMD19497912ST-21-0.snv.bam	CCMD25963797ST-21-0.snv.bam	MH0131.snv.bam	MH0193.snv.bam	MH0196.snv.bam	MH0200.snv.bam	MH0280.snv.bam	MH0286.snv.bam	MH0309.snv.bam	MH0329.snv.bam	MH0330.snv.bam	MH0396.snv.bam	MH0402.snv.bam	MH0412.snv.bam	MH0430.snv.bam	MH0437.snv.bam	MH0442.snv.bam	MH0446.snv.bam	MH0447.snv.bam	MH0454.snv.bam	MMRS77487595ST-27-0-0.snv.bam	MMRS97052561ST-27-0-0.snv.bam	NG-5636_317.snv.bam	O2.UC28-0.snv.bam	O2.UC28-2.snv.bam	O2.UC53-0.snv.bam	SAMEA3136640.snv.bam	SAMEA3136642.snv.bam	SAMEA3136684.snv.bam	SAMEA3136725.snv.bam	SAMEA3136754.snv.bam	V1.FI14.snv.bam	V1.UC58-4.snv.bam	V1.UC60-0.snv.bam	halbarad-11-0-0.snv.bam	halbarad-11-2-0.snv.bam	halbarad-11-7-0.snv.bam	halbarad-12-7-0.snv.bam	halbarad-13-7-0.snv.bam
159753524-stool2.snv.bam	0.0	0.133834586466	0.138345864662	0.123308270677	0.0992481203008	0.10977443609	0.0992481203008	0.138345864662	0.126315789474	0.0962406015038	0.127819548872	0.106766917293	0.115789473684	0.108270676692	0.0947368421053	0.135338345865	0.0751879699248	0.0842105263158	0.0661654135338	0.114285714286	0.0902255639098	0.0766917293233	0.112781954887	0.124812030075	0.0992481203008	0.0917293233083	0.130827067669	0.117293233083	0.0977443609023	0.0872180451128	0.136842105263	0.13984962406	0.123308270677	0.13984962406	0.118796992481	0.117293233083	0.127819548872	0.108270676692	0.0736842105263	0.127819548872	0.0812030075188	0.0917293233083	0.0857142857143	0.0977443609023	0.102255639098	0.100751879699
160704339-stool1.snv.bam	0.133834586466	0.0	0.127819548872	0.115789473684	0.141353383459	0.153383458647	0.123308270677	0.13984962406	0.145864661654	0.138345864662	0.126315789474	0.136842105263	0.141353383459	0.148872180451	0.135338345865	0.145864661654	0.0962406015038	0.0977443609023	0.102255639098	0.114285714286	0.112781954887	0.0917293233083	0.151879699248	0.121804511278	0.127819548872	0.130827067669	0.133834586466	0.151879699248	0.13984962406	0.106766917293	0.15037593985	0.151879699248	0.141353383459	0.147368421053	0.123308270677	0.127819548872	0.15037593985	0.136842105263	0.0992481203008	0.144360902256	0.106766917293	0.126315789474	0.12030075188	0.135338345865	0.132330827068	0.136842105263
161412393-stool2.snv.bam	0.138345864662	0.127819548872	0.0	0.126315789474	0.15037593985	0.159398496241	0.121804511278	0.147368421053	0.157894736842	0.126315789474	0.127819548872	0.138345864662	0.138345864662	0.142857142857	0.133834586466	0.151879699248	0.0977443609023	0.0887218045113	0.0917293233083	0.123308270677	0.114285714286	0.0796992481203	0.133834586466	0.133834586466	0.133834586466	0.136842105263	0.147368421053	0.156390977444	0.142857142857	0.100751879699	0.135338345865	0.135338345865	0.108270676692	0.151879699248	0.0992481203008	0.148872180451	0.136842105263	0.145864661654	0.10977443609	0.138345864662	0.0917293233083	0.103759398496	0.106766917293	0.114285714286	0.10977443609	0.114285714286
508703490-stool2.snv.bam	0.123308270677	0.115789473684	0.126315789474	0.0	0.121804511278	0.154887218045	0.117293233083	0.111278195489	0.136842105263	0.123308270677	0.0766917293233	0.135338345865	0.135338345865	0.138345864662	0.121804511278	0.103759398496	0.0842105263158	0.0947368421053	0.0872180451128	0.111278195489	0.103759398496	0.0842105263158	0.138345864662	0.13984962406	0.129323308271	0.118796992481	0.0887218045113	0.144360902256	0.129323308271	0.106766917293	0.147368421053	0.147368421053	0.126315789474	0.0781954887218	0.124812030075	0.124812030075	0.144360902256	0.123308270677	0.100751879699	0.142857142857	0.0857142857143	0.12030075188	0.112781954887	0.129323308271	0.129323308271	0.133834586466
763901136-stool1.snv.bam	0.0992481203008	0.141353383459	0.15037593985	0.121804511278	0.0	0.12030075188	0.102255639098	0.136842105263	0.135338345865	0.111278195489	0.123308270677	0.114285714286	0.112781954887	0.133834586466	0.0977443609023	0.135338345865	0.0827067669173	0.0917293233083	0.0721804511278	0.105263157895	0.108270676692	0.0827067669173	0.12030075188	0.112781954887	0.0466165413534	0.0345864661654	0.132330827068	0.135338345865	0.0375939849624	0.0992481203008	0.124812030075	0.127819548872	0.133834586466	0.13984962406	0.136842105263	0.123308270677	0.132330827068	0.117293233083	0.0857142857143	0.112781954887	0.0796992481203	0.103759398496	0.100751879699	0.114285714286	0.111278195489	0.118796992481
CCIS91228662ST-4-0.snv.bam	0.10977443609	0.153383458647	0.159398496241	0.154887218045	0.12030075188	0.0	0.121804511278	0.151879699248	0.153383458647	0.12030075188	0.145864661654	0.127819548872	0.132330827068	0.148872180451	0.114285714286	0.156390977444	0.0842105263158	0.0872180451128	0.0751879699248	0.12030075188	0.118796992481	0.0932330827068	0.138345864662	0.118796992481	0.126315789474	0.111278195489	0.144360902256	0.138345864662	0.123308270677	0.105263157895	0.13984962406	0.141353383459	0.153383458647	0.162406015038	0.130827067669	0.138345864662	0.142857142857	0.13984962406	0.0962406015038	0.136842105263	0.102255639098	0.115789473684	0.112781954887	0.124812030075	0.121804511278	0.127819548872
CCMD14479708ST-21-0.snv.bam	0.0992481203008	0.123308270677	0.121804511278	0.117293233083	0.102255639098	0.121804511278	0.0	0.118796992481	0.123308270677	0.0932330827068	0.115789473684	0.111278195489	0.100751879699	0.126315789474	0.0902255639098	0.123308270677	0.0661654135338	0.0631578947368	0.0646616541353	0.0872180451128	0.0947368421053	0.0601503759398	0.102255639098	0.10977443609	0.10977443609	0.0977443609023	0.126315789474	0.124812030075	0.102255639098	0.0721804511278	0.114285714286	0.115789473684	0.102255639098	0.130827067669	0.105263157895	0.106766917293	0.111278195489	0.124812030075	0.0646616541353	0.105263157895	0.0706766917293	0.0977443609023	0.0962406015038	0.106766917293	0.106766917293	0.10977443609
CCMD19497912ST-21-0.snv.bam	0.138345864662	0.13984962406	0.147368421053	0.111278195489	0.136842105263	0.151879699248	0.118796992481	0.0	0.13984962406	0.123308270677	0.0887218045113	0.141353383459	0.13984962406	0.159398496241	0.132330827068	0.100751879699	0.103759398496	0.0872180451128	0.0872180451128	0.129323308271	0.112781954887	0.0872180451128	0.13984962406	0.147368421053	0.135338345865	0.127819548872	0.108270676692	0.156390977444	0.136842105263	0.106766917293	0.147368421053	0.148872180451	0.145864661654	0.100751879699	0.130827067669	0.136842105263	0.15037593985	0.13984962406	0.0977443609023	0.138345864662	0.105263157895	0.127819548872	0.124812030075	0.138345864662	0.136842105263	0.138345864662
CCMD25963797ST-21-0.snv.bam	0.126315789474	0.145864661654	0.157894736842	0.136842105263	0.135338345865	0.153383458647	0.123308270677	0.13984962406	0.0	0.123308270677	0.133834586466	0.129323308271	0.12030075188	0.135338345865	0.115789473684	0.138345864662	0.0857142857143	0.0947368421053	0.0781954887218	0.132330827068	0.103759398496	0.0827067669173	0.129323308271	0.124812030075	0.130827067669	0.117293233083	0.141353383459	0.147368421053	0.130827067669	0.0902255639098	0.144360902256	0.147368421053	0.126315789474	0.147368421053	0.123308270677	0.127819548872	0.151879699248	0.132330827068	0.0977443609023	0.13984962406	0.0947368421053	0.103759398496	0.100751879699	0.114285714286	0.114285714286	0.117293233083
MH0131.snv.bam	0.0962406015038	0.138345864662	0.126315789474	0.123308270677	0.111278195489	0.12030075188	0.0932330827068	0.123308270677	0.123308270677	0.0	0.123308270677	0.0992481203008	0.0977443609023	0.115789473684	0.0932330827068	0.117293233083	0.0676691729323	0.0736842105263	0.0571428571429	0.102255639098	0.0887218045113	0.0601503759398	0.111278195489	0.108270676692	0.111278195489	0.0977443609023	0.126315789474	0.130827067669	0.106766917293	0.0691729323308	0.115789473684	0.115789473684	0.124812030075	0.132330827068	0.106766917293	0.102255639098	0.124812030075	0.100751879699	0.0631578947368	0.106766917293	0.0586466165414	0.0781954887218	0.0736842105263	0.0857142857143	0.0872180451128	0.0917293233083
MH0193.snv.bam	0.127819548872	0.126315789474	0.127819548872	0.0766917293233	0.123308270677	0.145864661654	0.115789473684	0.0887218045113	0.133834586466	0.123308270677	0.0	0.127819548872	0.124812030075	0.141353383459	0.10977443609	0.0556390977444	0.100751879699	0.0842105263158	0.0827067669173	0.117293233083	0.100751879699	0.0947368421053	0.127819548872	0.127819548872	0.124812030075	0.112781954887	0.0586466165414	0.136842105263	0.129323308271	0.0962406015038	0.133834586466	0.130827067669	0.123308270677	0.0496240601504	0.103759398496	0.133834586466	0.136842105263	0.12030075188	0.100751879699	0.133834586466	0.0932330827068	0.115789473684	0.111278195489	0.123308270677	0.123308270677	0.126315789474
MH0196.snv.bam	0.106766917293	0.136842105263	0.138345864662	0.135338345865	0.114285714286	0.127819548872	0.111278195489	0.141353383459	0.129323308271	0.0992481203008	0.127819548872	0.0	0.105263157895	0.108270676692	0.106766917293	0.130827067669	0.0616541353383	0.0766917293233	0.0706766917293	0.117293233083	0.0962406015038	0.0706766917293	0.117293233083	0.117293233083	0.111278195489	0.100751879699	0.115789473684	0.133834586466	0.105263157895	0.0842105263158	0.136842105263	0.136842105263	0.111278195489	0.123308270677	0.0992481203008	0.105263157895	0.112781954887	0.0812030075188	0.0736842105263	0.135338345865	0.0766917293233	0.0812030075188	0.0842105263158	0.0947368421053	0.0902255639098	0.0977443609023
MH0200.snv.bam	0.115789473684	0.141353383459	0.138345864662	0.135338345865	0.112781954887	0.132330827068	0.100751879699	0.13984962406	0.12030075188	0.0977443609023	0.124812030075	0.105263157895	0.0	0.117293233083	0.0977443609023	0.132330827068	0.0691729323308	0.0676691729323	0.0706766917293	0.0947368421053	0.0812030075188	0.0706766917293	0.102255639098	0.100751879699	0.121804511278	0.106766917293	0.129323308271	0.127819548872	0.117293233083	0.0646616541353	0.108270676692	0.111278195489	0.117293233083	0.138345864662	0.0962406015038	0.105263157895	0.124812030075	0.108270676692	0.0751879699248	0.103759398496	0.0781954887218	0.0721804511278	0.0676691729323	0.0812030075188	0.0781954887218	0.0842105263158
MH0280.snv.bam	0.108270676692	0.148872180451	0.142857142857	0.138345864662	0.133834586466	0.148872180451	0.126315789474	0.159398496241	0.135338345865	0.115789473684	0.141353383459	0.108270676692	0.117293233083	0.0	0.114285714286	0.141353383459	0.0721804511278	0.0887218045113	0.0857142857143	0.114285714286	0.0857142857143	0.0646616541353	0.127819548872	0.115789473684	0.129323308271	0.114285714286	0.135338345865	0.129323308271	0.135338345865	0.0857142857143	0.129323308271	0.129323308271	0.130827067669	0.148872180451	0.10977443609	0.111278195489	0.132330827068	0.10977443609	0.0812030075188	0.117293233083	0.0796992481203	0.0932330827068	0.0902255639098	0.102255639098	0.0992481203008	0.106766917293
MH0286.snv.bam	0.0947368421053	0.135338345865	0.133834586466	0.121804511278	0.0977443609023	0.114285714286	0.0902255639098	0.132330827068	0.115789473684	0.0932330827068	0.10977443609	0.106766917293	0.0977443609023	0.114285714286	0.0	0.111278195489	0.0661654135338	0.0571428571429	0.0616541353383	0.0917293233083	0.0857142857143	0.0646616541353	0.0751879699248	0.103759398496	0.0932330827068	0.0736842105263	0.117293233083	0.114285714286	0.0977443609023	0.0616541353383	0.124812030075	0.127819548872	0.0992481203008	0.118796992481	0.0902255639098	0.105263157895	0.124812030075	0.105263157895	0.0571428571429	0.115789473684	0.0706766917293	0.0781954887218	0.0706766917293	0.0812030075188	0.0796992481203	0.0857142857143
MH0309.snv.bam	0.135338345865	0.145864661654	0.151879699248	0.103759398496	0.135338345865	0.156390977444	0.123308270677	0.100751879699	0.138345864662	0.117293233083	0.0556390977444	0.130827067669	0.132330827068	0.141353383459	0.111278195489	0.0	0.0932330827068	0.0827067669173	0.0872180451128	0.12030075188	0.112781954887	0.0932330827068	0.133834586466	0.127819548872	0.133834586466	0.126315789474	0.0631578947368	0.138345864662	0.136842105263	0.0902255639098	0.148872180451	0.147368421053	0.130827067669	0.0541353383459	0.108270676692	0.136842105263	0.145864661654	0.126315789474	0.103759398496	0.145864661654	0.0962406015038	0.117293233083	0.114285714286	0.126315789474	0.127819548872	0.132330827068
MH0329.snv.bam	0.0751879699248	0.0962406015038	0.0977443609023	0.0842105263158	0.0827067669173	0.0842105263158	0.0661654135338	0.103759398496	0.0857142857143	0.0676691729323	0.100751879699	0.0616541353383	0.0691729323308	0.0721804511278	0.0661654135338	0.0932330827068	0.0	0.0315789473684	0.0360902255639	0.0556390977444	0.0270676691729	0.0285714285714	0.0721804511278	0.0676691729323	0.0766917293233	0.0616541353383	0.0766917293233	0.0992481203008	0.0781954887218	0.0360902255639	0.0902255639098	0.0902255639098	0.0751879699248	0.0962406015038	0.0766917293233	0.0255639097744	0.0887218045113	0.0676691729323	0.0360902255639	0.0796992481203	0.0360902255639	0.0496240601504	0.0451127819549	0.0556390977444	0.0511278195489	0.0601503759398
MH0330.snv.bam	0.0842105263158	0.0977443609023	0.0887218045113	0.0947368421053	0.0917293233083	0.0872180451128	0.0631578947368	0.0872180451128	0.0947368421053	0.0736842105263	0.0842105263158	0.0766917293233	0.0676691729323	0.0887218045113	0.0571428571429	0.0827067669173	0.0315789473684	0.0	0.0285714285714	0.0436090225564	0.0526315789474	0.0210526315789	0.0646616541353	0.0601503759398	0.0812030075188	0.0601503759398	0.0932330827068	0.0992481203008	0.0872180451128	0.0315789473684	0.0796992481203	0.0796992481203	0.0872180451128	0.0977443609023	0.0646616541353	0.0751879699248	0.0857142857143	0.0796992481203	0.0360902255639	0.0691729323308	0.0390977443609	0.0616541353383	0.0601503759398	0.0691729323308	0.0691729323308	0.0766917293233
MH0396.snv.bam	0.0661654135338	0.102255639098	0.0917293233083	0.0872180451128	0.0721804511278	0.0751879699248	0.0646616541353	0.0872180451128	0.0781954887218	0.0571428571429	0.0827067669173	0.0706766917293	0.0706766917293	0.0857142857143	0.0616541353383	0.0872180451128	0.0360902255639	0.0285714285714	0.0	0.0496240601504	0.0436090225564	0.0285714285714	0.0706766917293	0.0601503759398	0.0721804511278	0.0466165413534	0.0872180451128	0.0887218045113	0.0646616541353	0.0436090225564	0.0857142857143	0.0947368421053	0.0812030075188	0.0917293233083	0.0661654135338	0.0706766917293	0.0872180451128	0.0781954887218	0.0225563909774	0.0691729323308	0.0496240601504	0.0541353383459	0.0466165413534	0.0556390977444	0.0616541353383	0.0601503759398
MH0402.snv.bam	0.114285714286	0.114285714286	0.123308270677	0.111278195489	0.105263157895	0.12030075188	0.0872180451128	0.129323308271	0.132330827068	0.102255639098	0.117293233083	0.117293233083	0.0947368421053	0.114285714286	0.0917293233083	0.12030075188	0.0556390977444	0.0436090225564	0.0496240601504	0.0	0.0947368421053	0.0451127819549	0.0872180451128	0.0706766917293	0.105263157895	0.0902255639098	0.124812030075	0.133834586466	0.103759398496	0.0751879699248	0.117293233083	0.12030075188	0.108270676692	0.129323308271	0.0872180451128	0.115789473684	0.105263157895	0.112781954887	0.0511278195489	0.0947368421053	0.0616541353383	0.0812030075188	0.0781954887218	0.0947368421053	0.0857142857143	0.0992481203008
MH0412.snv.bam	0.0902255639098	0.112781954887	0.114285714286	0.103759398496	0.108270676692	0.118796992481	0.0947368421053	0.112781954887	0.103759398496	0.0887218045113	0.100751879699	0.0962406015038	0.0812030075188	0.0857142857143	0.0857142857143	0.112781954887	0.0270676691729	0.0526315789474	0.0436090225564	0.0947368421053	0.0	0.0481203007519	0.0827067669173	0.0796992481203	0.0992481203008	0.0766917293233	0.0887218045113	0.103759398496	0.0977443609023	0.0496240601504	0.10977443609	0.111278195489	0.0977443609023	0.111278195489	0.0842105263158	0.012030075188	0.115789473684	0.0962406015038	0.0436090225564	0.0947368421053	0.0616541353383	0.0646616541353	0.0631578947368	0.0706766917293	0.0721804511278	0.0721804511278
MH0430.snv.bam	0.0766917293233	0.0917293233083	0.0796992481203	0.0842105263158	0.0827067669173	0.0932330827068	0.0601503759398	0.0872180451128	0.0827067669173	0.0601503759398	0.0947368421053	0.0706766917293	0.0706766917293	0.0646616541353	0.0646616541353	0.0932330827068	0.0285714285714	0.0210526315789	0.0285714285714	0.0451127819549	0.0481203007519	0.0	0.0631578947368	0.0436090225564	0.0766917293233	0.0586466165414	0.0917293233083	0.100751879699	0.0827067669173	0.0345864661654	0.0631578947368	0.0661654135338	0.0706766917293	0.0992481203008	0.0511278195489	0.0676691729323	0.0796992481203	0.0691729323308	0.0255639097744	0.0451127819549	0.0360902255639	0.0466165413534	0.0390977443609	0.0481203007519	0.0466165413534	0.0541353383459
MH0437.snv.bam	0.112781954887	0.151879699248	0.133834586466	0.138345864662	0.12030075188	0.138345864662	0.102255639098	0.13984962406	0.129323308271	0.111278195489	0.127819548872	0.117293233083	0.102255639098	0.127819548872	0.0751879699248	0.133834586466	0.0721804511278	0.0646616541353	0.0706766917293	0.0872180451128	0.0827067669173	0.0631578947368	0.0	0.0857142857143	0.117293233083	0.0917293233083	0.136842105263	0.129323308271	0.121804511278	0.0601503759398	0.129323308271	0.130827067669	0.0992481203008	0.142857142857	0.10977443609	0.10977443609	0.123308270677	0.118796992481	0.0616541353383	0.114285714286	0.0706766917293	0.0932330827068	0.0857142857143	0.0977443609023	0.0992481203008	0.103759398496
MH0442.snv.bam	0.124812030075	0.121804511278	0.133834586466	0.13984962406	0.112781954887	0.118796992481	0.10977443609	0.147368421053	0.124812030075	0.108270676692	0.127819548872	0.117293233083	0.100751879699	0.115789473684	0.103759398496	0.127819548872	0.0676691729323	0.0601503759398	0.0601503759398	0.0706766917293	0.0796992481203	0.0436090225564	0.0857142857143	0.0	0.115789473684	0.0917293233083	0.129323308271	0.132330827068	0.112781954887	0.0646616541353	0.0992481203008	0.102255639098	0.123308270677	0.13984962406	0.0872180451128	0.103759398496	0.12030075188	0.124812030075	0.0586466165414	0.0827067669173	0.0736842105263	0.0751879699248	0.0781954887218	0.0812030075188	0.0827067669173	0.0902255639098
MH0446.snv.bam	0.0992481203008	0.127819548872	0.133834586466	0.129323308271	0.0466165413534	0.126315789474	0.10977443609	0.135338345865	0.130827067669	0.111278195489	0.124812030075	0.111278195489	0.121804511278	0.129323308271	0.0932330827068	0.133834586466	0.0766917293233	0.0812030075188	0.0721804511278	0.105263157895	0.0992481203008	0.0766917293233	0.117293233083	0.115789473684	0.0	0.0270676691729	0.124812030075	0.130827067669	0.0285714285714	0.0947368421053	0.121804511278	0.121804511278	0.133834586466	0.135338345865	0.127819548872	0.118796992481	0.129323308271	0.123308270677	0.0796992481203	0.112781954887	0.0857142857143	0.0947368421053	0.0992481203008	0.108270676692	0.105263157895	0.10977443609
MH0447.snv.bam	0.0917293233083	0.130827067669	0.136842105263	0.118796992481	0.0345864661654	0.111278195489	0.0977443609023	0.127819548872	0.117293233083	0.0977443609023	0.112781954887	0.100751879699	0.106766917293	0.114285714286	0.0736842105263	0.126315789474	0.0616541353383	0.0601503759398	0.0466165413534	0.0902255639098	0.0766917293233	0.0586466165414	0.0917293233083	0.0917293233083	0.0270676691729	0.0	0.117293233083	0.123308270677	0.0210526315789	0.0872180451128	0.112781954887	0.114285714286	0.115789473684	0.130827067669	0.108270676692	0.103759398496	0.121804511278	0.106766917293	0.0586466165414	0.100751879699	0.0631578947368	0.0796992481203	0.0781954887218	0.0887218045113	0.0902255639098	0.0932330827068
MH0454.snv.bam	0.130827067669	0.133834586466	0.147368421053	0.0887218045113	0.132330827068	0.144360902256	0.126315789474	0.108270676692	0.141353383459	0.126315789474	0.0586466165414	0.115789473684	0.129323308271	0.135338345865	0.117293233083	0.0631578947368	0.0766917293233	0.0932330827068	0.0872180451128	0.124812030075	0.0887218045113	0.0917293233083	0.136842105263	0.129323308271	0.124812030075	0.117293233083	0.0	0.153383458647	0.129323308271	0.0902255639098	0.15037593985	0.148872180451	0.121804511278	0.0330827067669	0.108270676692	0.117293233083	0.145864661654	0.118796992481	0.103759398496	0.144360902256	0.0917293233083	0.103759398496	0.105263157895	0.12030075188	0.115789473684	0.114285714286
MMRS77487595ST-27-0-0.snv.bam	0.117293233083	0.151879699248	0.156390977444	0.144360902256	0.135338345865	0.138345864662	0.124812030075	0.156390977444	0.147368421053	0.130827067669	0.136842105263	0.133834586466	0.127819548872	0.129323308271	0.114285714286	0.138345864662	0.0992481203008	0.0992481203008	0.0887218045113	0.133834586466	0.103759398496	0.100751879699	0.129323308271	0.132330827068	0.130827067669	0.123308270677	0.153383458647	0.0	0.127819548872	0.0917293233083	0.144360902256	0.147368421053	0.133834586466	0.151879699248	0.123308270677	0.123308270677	0.141353383459	0.147368421053	0.0962406015038	0.138345864662	0.103759398496	0.106766917293	0.106766917293	0.114285714286	0.114285714286	0.114285714286
MMRS97052561ST-27-0-0.snv.bam	0.0977443609023	0.13984962406	0.142857142857	0.129323308271	0.0375939849624	0.123308270677	0.102255639098	0.136842105263	0.130827067669	0.106766917293	0.129323308271	0.105263157895	0.117293233083	0.135338345865	0.0977443609023	0.136842105263	0.0781954887218	0.0872180451128	0.0646616541353	0.103759398496	0.0977443609023	0.0827067669173	0.121804511278	0.112781954887	0.0285714285714	0.0210526315789	0.129323308271	0.127819548872	0.0	0.0992481203008	0.114285714286	0.115789473684	0.130827067669	0.142857142857	0.133834586466	0.118796992481	0.121804511278	0.114285714286	0.0812030075188	0.106766917293	0.0827067669173	0.0977443609023	0.0962406015038	0.106766917293	0.103759398496	0.111278195489
NG-5636_317.snv.bam	0.0872180451128	0.106766917293	0.100751879699	0.106766917293	0.0992481203008	0.105263157895	0.0721804511278	0.106766917293	0.0902255639098	0.0691729323308	0.0962406015038	0.0842105263158	0.0646616541353	0.0857142857143	0.0616541353383	0.0902255639098	0.0360902255639	0.0315789473684	0.0436090225564	0.0751879699248	0.0496240601504	0.0345864661654	0.0601503759398	0.0646616541353	0.0947368421053	0.0872180451128	0.0902255639098	0.0917293233083	0.0992481203008	0.0	0.0781954887218	0.0827067669173	0.0857142857143	0.103759398496	0.0721804511278	0.0721804511278	0.0962406015038	0.0857142857143	0.0300751879699	0.0691729323308	0.0511278195489	0.0511278195489	0.0496240601504	0.0541353383459	0.0556390977444	0.0586466165414
O2.UC28-0.snv.bam	0.136842105263	0.15037593985	0.135338345865	0.147368421053	0.124812030075	0.13984962406	0.114285714286	0.147368421053	0.144360902256	0.115789473684	0.133834586466	0.136842105263	0.108270676692	0.129323308271	0.124812030075	0.148872180451	0.0902255639098	0.0796992481203	0.0857142857143	0.117293233083	0.10977443609	0.0631578947368	0.129323308271	0.0992481203008	0.121804511278	0.112781954887	0.15037593985	0.144360902256	0.114285714286	0.0781954887218	0.0	0.0	0.135338345865	0.156390977444	0.114285714286	0.13984962406	0.144360902256	0.133834586466	0.0962406015038	0.00751879699248	0.0872180451128	0.106766917293	0.108270676692	0.114285714286	0.10977443609	0.115789473684
O2.UC28-2.snv.bam	0.13984962406	0.151879699248	0.135338345865	0.147368421053	0.127819548872	0.141353383459	0.115789473684	0.148872180451	0.147368421053	0.115789473684	0.130827067669	0.136842105263	0.111278195489	0.129323308271	0.127819548872	0.147368421053	0.0902255639098	0.0796992481203	0.0947368421053	0.12030075188	0.111278195489	0.0661654135338	0.130827067669	0.102255639098	0.121804511278	0.114285714286	0.148872180451	0.147368421053	0.115789473684	0.0827067669173	0.0	0.0	0.133834586466	0.154887218045	0.108270676692	0.13984962406	0.142857142857	0.133834586466	0.0977443609023	0.00751879699248	0.0842105263158	0.111278195489	0.106766917293	0.117293233083	0.112781954887	0.115789473684
O2.UC53-0.snv.bam	0.123308270677	0.141353383459	0.108270676692	0.126315789474	0.133834586466	0.153383458647	0.102255639098	0.145864661654	0.126315789474	0.124812030075	0.123308270677	0.111278195489	0.117293233083	0.130827067669	0.0992481203008	0.130827067669	0.0751879699248	0.0872180451128	0.0812030075188	0.108270676692	0.0977443609023	0.0706766917293	0.0992481203008	0.123308270677	0.133834586466	0.115789473684	0.121804511278	0.133834586466	0.130827067669	0.0857142857143	0.135338345865	0.133834586466	0.0	0.118796992481	0.0842105263158	0.124812030075	0.117293233083	0.117293233083	0.0827067669173	0.133834586466	0.0842105263158	0.0962406015038	0.0932330827068	0.0977443609023	0.102255639098	0.0992481203008
SAMEA3136640.snv.bam	0.13984962406	0.147368421053	0.151879699248	0.0781954887218	0.13984962406	0.162406015038	0.130827067669	0.100751879699	0.147368421053	0.132330827068	0.0496240601504	0.123308270677	0.138345864662	0.148872180451	0.118796992481	0.0541353383459	0.0962406015038	0.0977443609023	0.0917293233083	0.129323308271	0.111278195489	0.0992481203008	0.142857142857	0.13984962406	0.135338345865	0.130827067669	0.0330827067669	0.151879699248	0.142857142857	0.103759398496	0.156390977444	0.154887218045	0.118796992481	0.0	0.105263157895	0.13984962406	0.151879699248	0.123308270677	0.105263157895	0.151879699248	0.0977443609023	0.121804511278	0.121804511278	0.135338345865	0.132330827068	0.135338345865
SAMEA3136642.snv.bam	0.118796992481	0.123308270677	0.0992481203008	0.124812030075	0.136842105263	0.130827067669	0.105263157895	0.130827067669	0.123308270677	0.106766917293	0.103759398496	0.0992481203008	0.0962406015038	0.10977443609	0.0902255639098	0.108270676692	0.0766917293233	0.0646616541353	0.0661654135338	0.0872180451128	0.0842105263158	0.0511278195489	0.10977443609	0.0872180451128	0.127819548872	0.108270676692	0.108270676692	0.123308270677	0.133834586466	0.0721804511278	0.114285714286	0.108270676692	0.0842105263158	0.105263157895	0.0	0.112781954887	0.111278195489	0.106766917293	0.0631578947368	0.0962406015038	0.0721804511278	0.0721804511278	0.0706766917293	0.0812030075188	0.0827067669173	0.0812030075188
SAMEA3136684.snv.bam	0.117293233083	0.127819548872	0.148872180451	0.124812030075	0.123308270677	0.138345864662	0.106766917293	0.136842105263	0.127819548872	0.102255639098	0.133834586466	0.105263157895	0.105263157895	0.111278195489	0.105263157895	0.136842105263	0.0255639097744	0.0751879699248	0.0706766917293	0.115789473684	0.012030075188	0.0676691729323	0.10977443609	0.103759398496	0.118796992481	0.103759398496	0.117293233083	0.123308270677	0.118796992481	0.0721804511278	0.13984962406	0.13984962406	0.124812030075	0.13984962406	0.112781954887	0.0	0.136842105263	0.115789473684	0.0646616541353	0.126315789474	0.0751879699248	0.0857142857143	0.0812030075188	0.0887218045113	0.0902255639098	0.0947368421053
SAMEA3136725.snv.bam	0.127819548872	0.15037593985	0.136842105263	0.144360902256	0.132330827068	0.142857142857	0.111278195489	0.15037593985	0.151879699248	0.124812030075	0.136842105263	0.112781954887	0.124812030075	0.132330827068	0.124812030075	0.145864661654	0.0887218045113	0.0857142857143	0.0872180451128	0.105263157895	0.115789473684	0.0796992481203	0.123308270677	0.12030075188	0.129323308271	0.121804511278	0.145864661654	0.141353383459	0.121804511278	0.0962406015038	0.144360902256	0.142857142857	0.117293233083	0.151879699248	0.111278195489	0.136842105263	0.0	0.118796992481	0.0601503759398	0.132330827068	0.0812030075188	0.105263157895	0.105263157895	0.117293233083	0.114285714286	0.123308270677
SAMEA3136754.snv.bam	0.108270676692	0.136842105263	0.145864661654	0.123308270677	0.117293233083	0.13984962406	0.124812030075	0.13984962406	0.132330827068	0.100751879699	0.12030075188	0.0812030075188	0.108270676692	0.10977443609	0.105263157895	0.126315789474	0.0676691729323	0.0796992481203	0.0781954887218	0.112781954887	0.0962406015038	0.0691729323308	0.118796992481	0.124812030075	0.123308270677	0.106766917293	0.118796992481	0.147368421053	0.114285714286	0.0857142857143	0.133834586466	0.133834586466	0.117293233083	0.123308270677	0.106766917293	0.115789473684	0.118796992481	0.0	0.0812030075188	0.133834586466	0.0676691729323	0.102255639098	0.0962406015038	0.10977443609	0.106766917293	0.114285714286
V1.FI14.snv.bam	0.0736842105263	0.0992481203008	0.10977443609	0.100751879699	0.0857142857143	0.0962406015038	0.0646616541353	0.0977443609023	0.0977443609023	0.0631578947368	0.100751879699	0.0736842105263	0.0751879699248	0.0812030075188	0.0571428571429	0.103759398496	0.0360902255639	0.0360902255639	0.0225563909774	0.0511278195489	0.0436090225564	0.0255639097744	0.0616541353383	0.0586466165414	0.0796992481203	0.0586466165414	0.103759398496	0.0962406015038	0.0812030075188	0.0300751879699	0.0962406015038	0.0977443609023	0.0827067669173	0.105263157895	0.0631578947368	0.0646616541353	0.0601503759398	0.0812030075188	0.0	0.0721804511278	0.0345864661654	0.0541353383459	0.0526315789474	0.0646616541353	0.0631578947368	0.0646616541353
V1.UC58-4.snv.bam	0.127819548872	0.144360902256	0.138345864662	0.142857142857	0.112781954887	0.136842105263	0.105263157895	0.138345864662	0.13984962406	0.106766917293	0.133834586466	0.135338345865	0.103759398496	0.117293233083	0.115789473684	0.145864661654	0.0796992481203	0.0691729323308	0.0691729323308	0.0947368421053	0.0947368421053	0.0451127819549	0.114285714286	0.0827067669173	0.112781954887	0.100751879699	0.144360902256	0.138345864662	0.106766917293	0.0691729323308	0.00751879699248	0.00751879699248	0.133834586466	0.151879699248	0.0962406015038	0.126315789474	0.132330827068	0.133834586466	0.0721804511278	0.0	0.0812030075188	0.100751879699	0.0947368421053	0.103759398496	0.105263157895	0.10977443609
V1.UC60-0.snv.bam	0.0812030075188	0.106766917293	0.0917293233083	0.0857142857143	0.0796992481203	0.102255639098	0.0706766917293	0.105263157895	0.0947368421053	0.0586466165414	0.0932330827068	0.0766917293233	0.0781954887218	0.0796992481203	0.0706766917293	0.0962406015038	0.0360902255639	0.0390977443609	0.0496240601504	0.0616541353383	0.0616541353383	0.0360902255639	0.0706766917293	0.0736842105263	0.0857142857143	0.0631578947368	0.0917293233083	0.103759398496	0.0827067669173	0.0511278195489	0.0872180451128	0.0842105263158	0.0842105263158	0.0977443609023	0.0721804511278	0.0751879699248	0.0812030075188	0.0676691729323	0.0345864661654	0.0812030075188	0.0	0.0646616541353	0.0616541353383	0.0766917293233	0.0721804511278	0.0796992481203
halbarad-11-0-0.snv.bam	0.0917293233083	0.126315789474	0.103759398496	0.12030075188	0.103759398496	0.115789473684	0.0977443609023	0.127819548872	0.103759398496	0.0781954887218	0.115789473684	0.0812030075188	0.0721804511278	0.0932330827068	0.0781954887218	0.117293233083	0.0496240601504	0.0616541353383	0.0541353383459	0.0812030075188	0.0646616541353	0.0466165413534	0.0932330827068	0.0751879699248	0.0947368421053	0.0796992481203	0.103759398496	0.106766917293	0.0977443609023	0.0511278195489	0.106766917293	0.111278195489	0.0962406015038	0.121804511278	0.0721804511278	0.0857142857143	0.105263157895	0.102255639098	0.0541353383459	0.100751879699	0.0646616541353	0.0	0.0	0.0	0.0	0.0
halbarad-11-2-0.snv.bam	0.0857142857143	0.12030075188	0.106766917293	0.112781954887	0.100751879699	0.112781954887	0.0962406015038	0.124812030075	0.100751879699	0.0736842105263	0.111278195489	0.0842105263158	0.0676691729323	0.0902255639098	0.0706766917293	0.114285714286	0.0451127819549	0.0601503759398	0.0466165413534	0.0781954887218	0.0631578947368	0.0390977443609	0.0857142857143	0.0781954887218	0.0992481203008	0.0781954887218	0.105263157895	0.106766917293	0.0962406015038	0.0496240601504	0.108270676692	0.106766917293	0.0932330827068	0.121804511278	0.0706766917293	0.0812030075188	0.105263157895	0.0962406015038	0.0526315789474	0.0947368421053	0.0616541353383	0.0	0.0	0.0	0.0	0.0
halbarad-11-7-0.snv.bam	0.0977443609023	0.135338345865	0.114285714286	0.129323308271	0.114285714286	0.124812030075	0.106766917293	0.138345864662	0.114285714286	0.0857142857143	0.123308270677	0.0947368421053	0.0812030075188	0.102255639098	0.0812030075188	0.126315789474	0.0556390977444	0.0691729323308	0.0556390977444	0.0947368421053	0.0706766917293	0.0481203007519	0.0977443609023	0.0812030075188	0.108270676692	0.0887218045113	0.12030075188	0.114285714286	0.106766917293	0.0541353383459	0.114285714286	0.117293233083	0.0977443609023	0.135338345865	0.0812030075188	0.0887218045113	0.117293233083	0.10977443609	0.0646616541353	0.103759398496	0.0766917293233	0.0	0.0	0.0	0.0	0.0
halbarad-12-7-0.snv.bam	0.102255639098	0.132330827068	0.10977443609	0.129323308271	0.111278195489	0.121804511278	0.106766917293	0.136842105263	0.114285714286	0.0872180451128	0.123308270677	0.0902255639098	0.0781954887218	0.0992481203008	0.0796992481203	0.127819548872	0.0511278195489	0.0691729323308	0.0616541353383	0.0857142857143	0.0721804511278	0.0466165413534	0.0992481203008	0.0827067669173	0.105263157895	0.0902255639098	0.115789473684	0.114285714286	0.103759398496	0.0556390977444	0.10977443609	0.112781954887	0.102255639098	0.132330827068	0.0827067669173	0.0902255639098	0.114285714286	0.106766917293	0.0631578947368	0.105263157895	0.0721804511278	0.0	0.0	0.0	0.0	0.0
halbarad-13-7-0.snv.bam	0.100751879699	0.136842105263	0.114285714286	0.133834586466	0.118796992481	0.127819548872	0.10977443609	0.138345864662	0.117293233083	0.0917293233083	0.126315789474	0.0977443609023	0.0842105263158	0.106766917293	0.0857142857143	0.132330827068	0.0601503759398	0.0766917293233	0.0601503759398	0.0992481203008	0.0721804511278	0.0541353383459	0.103759398496	0.0902255639098	0.10977443609	0.0932330827068	0.114285714286	0.114285714286	0.111278195489	0.0586466165414	0.115789473684	0.115789473684	0.0992481203008	0.135338345865	0.0812030075188	0.0947368421053	0.123308270677	0.114285714286	0.0646616541353	0.10977443609	0.0796992481203	0.0	0.0	0.0	0.0	0.0
