	159571453-stool2.snv.bam	160178356-stool1.snv.bam	160178356-stool3.snv.bam	763496533-stool2.snv.bam	764224817-stool1.snv.bam	764224817-stool2.snv.bam	CCIS03473770ST-4-0.snv.bam	CCMD42428553ST-21-0.snv.bam	CCMD46222674ST-21-0.snv.bam	MH0253.snv.bam	MH0293.snv.bam	MH0310.snv.bam	MH0316.snv.bam	MH0336.snv.bam	MH0343.snv.bam	MH0350.snv.bam	MH0364.snv.bam	MH0376.snv.bam	MH0398.snv.bam	MMRS38861560ST-27-0-0.snv.bam	MMRS94549160ST-27-0-0.snv.bam	N066A.snv.bam	N103A.snv.bam	NG-5636_200.snv.bam	O2.UC8-2.snv.bam	T2D-178A.snv.bam	V1.FI20.snv.bam	V1.UC57-0.snv.bam
159571453-stool2.snv.bam	0.0	0.241573033708	0.241573033708	0.252808988764	0.112359550562	0.11797752809	0.258426966292	0.207865168539	0.14606741573	0.230337078652	0.179775280899	0.174157303371	0.129213483146	0.365168539326	0.14606741573	0.275280898876	0.207865168539	0.331460674157	0.26404494382	0.292134831461	0.219101123596	0.207865168539	0.101123595506	0.157303370787	0.11797752809	0.11797752809	0.14606741573	0.219101123596
160178356-stool1.snv.bam	0.241573033708	0.0	0.0	0.0224719101124	0.241573033708	0.252808988764	0.219101123596	0.174157303371	0.207865168539	0.26404494382	0.213483146067	0.258426966292	0.26404494382	0.398876404494	0.207865168539	0.275280898876	0.252808988764	0.241573033708	0.258426966292	0.303370786517	0.23595505618	0.258426966292	0.241573033708	0.280898876404	0.258426966292	0.275280898876	0.207865168539	0.202247191011
160178356-stool3.snv.bam	0.241573033708	0.0	0.0	0.0224719101124	0.241573033708	0.252808988764	0.219101123596	0.174157303371	0.207865168539	0.26404494382	0.213483146067	0.258426966292	0.26404494382	0.398876404494	0.207865168539	0.275280898876	0.252808988764	0.241573033708	0.258426966292	0.303370786517	0.23595505618	0.258426966292	0.241573033708	0.280898876404	0.258426966292	0.275280898876	0.207865168539	0.202247191011
763496533-stool2.snv.bam	0.252808988764	0.0224719101124	0.0224719101124	0.0	0.230337078652	0.23595505618	0.230337078652	0.174157303371	0.207865168539	0.252808988764	0.213483146067	0.269662921348	0.275280898876	0.398876404494	0.207865168539	0.275280898876	0.26404494382	0.241573033708	0.258426966292	0.314606741573	0.247191011236	0.258426966292	0.230337078652	0.280898876404	0.258426966292	0.26404494382	0.207865168539	0.202247191011
764224817-stool1.snv.bam	0.112359550562	0.241573033708	0.241573033708	0.230337078652	0.0	0.0	0.224719101124	0.157303370787	0.101123595506	0.207865168539	0.11797752809	0.151685393258	0.0730337078652	0.342696629213	0.101123595506	0.219101123596	0.174157303371	0.303370786517	0.196629213483	0.258426966292	0.202247191011	0.230337078652	0.140449438202	0.134831460674	0.112359550562	0.101123595506	0.101123595506	0.162921348315
764224817-stool2.snv.bam	0.11797752809	0.252808988764	0.252808988764	0.23595505618	0.0	0.0	0.230337078652	0.162921348315	0.101123595506	0.207865168539	0.11797752809	0.151685393258	0.0730337078652	0.348314606742	0.101123595506	0.224719101124	0.179775280899	0.314606741573	0.196629213483	0.26404494382	0.207865168539	0.230337078652	0.14606741573	0.140449438202	0.112359550562	0.101123595506	0.101123595506	0.168539325843
CCIS03473770ST-4-0.snv.bam	0.258426966292	0.219101123596	0.219101123596	0.230337078652	0.224719101124	0.230337078652	0.0	0.213483146067	0.219101123596	0.314606741573	0.202247191011	0.174157303371	0.258426966292	0.292134831461	0.219101123596	0.224719101124	0.219101123596	0.157303370787	0.247191011236	0.297752808989	0.207865168539	0.314606741573	0.213483146067	0.185393258427	0.247191011236	0.258426966292	0.219101123596	0.207865168539
CCMD42428553ST-21-0.snv.bam	0.207865168539	0.174157303371	0.174157303371	0.174157303371	0.157303370787	0.162921348315	0.213483146067	0.0	0.0898876404494	0.179775280899	0.11797752809	0.185393258427	0.191011235955	0.247191011236	0.0898876404494	0.207865168539	0.168539325843	0.202247191011	0.11797752809	0.185393258427	0.185393258427	0.179775280899	0.185393258427	0.157303370787	0.202247191011	0.174157303371	0.0898876404494	0.0168539325843
CCMD46222674ST-21-0.snv.bam	0.14606741573	0.207865168539	0.207865168539	0.207865168539	0.101123595506	0.101123595506	0.219101123596	0.0898876404494	0.0	0.241573033708	0.0842696629213	0.11797752809	0.14606741573	0.314606741573	0.0	0.202247191011	0.14606741573	0.292134831461	0.185393258427	0.241573033708	0.207865168539	0.241573033708	0.123595505618	0.11797752809	0.134831460674	0.134831460674	0.0	0.106741573034
MH0253.snv.bam	0.230337078652	0.26404494382	0.26404494382	0.252808988764	0.207865168539	0.207865168539	0.314606741573	0.179775280899	0.241573033708	0.0	0.23595505618	0.280898876404	0.252808988764	0.331460674157	0.241573033708	0.308988764045	0.297752808989	0.280898876404	0.179775280899	0.258426966292	0.292134831461	0.0280898876404	0.230337078652	0.269662921348	0.174157303371	0.207865168539	0.241573033708	0.191011235955
MH0293.snv.bam	0.179775280899	0.213483146067	0.213483146067	0.213483146067	0.11797752809	0.11797752809	0.202247191011	0.11797752809	0.0842696629213	0.23595505618	0.0	0.123595505618	0.140449438202	0.297752808989	0.0842696629213	0.151685393258	0.0730337078652	0.241573033708	0.179775280899	0.23595505618	0.179775280899	0.23595505618	0.129213483146	0.101123595506	0.151685393258	0.129213483146	0.0842696629213	0.157303370787
MH0310.snv.bam	0.174157303371	0.258426966292	0.258426966292	0.269662921348	0.151685393258	0.151685393258	0.174157303371	0.185393258427	0.11797752809	0.280898876404	0.123595505618	0.0	0.168539325843	0.286516853933	0.11797752809	0.219101123596	0.151685393258	0.308988764045	0.202247191011	0.247191011236	0.151685393258	0.280898876404	0.140449438202	0.134831460674	0.174157303371	0.174157303371	0.11797752809	0.207865168539
MH0316.snv.bam	0.129213483146	0.26404494382	0.26404494382	0.275280898876	0.0730337078652	0.0730337078652	0.258426966292	0.191011235955	0.14606741573	0.252808988764	0.140449438202	0.168539325843	0.0	0.348314606742	0.14606741573	0.26404494382	0.174157303371	0.342696629213	0.140449438202	0.219101123596	0.185393258427	0.230337078652	0.168539325843	0.157303370787	0.174157303371	0.140449438202	0.14606741573	0.207865168539
MH0336.snv.bam	0.365168539326	0.398876404494	0.398876404494	0.398876404494	0.342696629213	0.348314606742	0.292134831461	0.247191011236	0.314606741573	0.331460674157	0.297752808989	0.286516853933	0.348314606742	0.0	0.314606741573	0.314606741573	0.314606741573	0.241573033708	0.275280898876	0.252808988764	0.26404494382	0.331460674157	0.325842696629	0.297752808989	0.370786516854	0.38202247191	0.314606741573	0.275280898876
MH0343.snv.bam	0.14606741573	0.207865168539	0.207865168539	0.207865168539	0.101123595506	0.101123595506	0.219101123596	0.0898876404494	0.0	0.241573033708	0.0842696629213	0.11797752809	0.14606741573	0.314606741573	0.0	0.202247191011	0.14606741573	0.292134831461	0.185393258427	0.241573033708	0.207865168539	0.241573033708	0.123595505618	0.11797752809	0.134831460674	0.134831460674	0.0	0.106741573034
MH0350.snv.bam	0.275280898876	0.275280898876	0.275280898876	0.275280898876	0.219101123596	0.224719101124	0.224719101124	0.207865168539	0.202247191011	0.308988764045	0.151685393258	0.219101123596	0.26404494382	0.314606741573	0.202247191011	0.0	0.168539325843	0.269662921348	0.252808988764	0.26404494382	0.219101123596	0.308988764045	0.23595505618	0.174157303371	0.258426966292	0.247191011236	0.202247191011	0.219101123596
MH0364.snv.bam	0.207865168539	0.252808988764	0.252808988764	0.26404494382	0.174157303371	0.179775280899	0.219101123596	0.168539325843	0.14606741573	0.297752808989	0.0730337078652	0.151685393258	0.174157303371	0.314606741573	0.14606741573	0.168539325843	0.0	0.269662921348	0.241573033708	0.275280898876	0.185393258427	0.297752808989	0.168539325843	0.129213483146	0.202247191011	0.179775280899	0.14606741573	0.219101123596
MH0376.snv.bam	0.331460674157	0.241573033708	0.241573033708	0.241573033708	0.303370786517	0.314606741573	0.157303370787	0.202247191011	0.292134831461	0.280898876404	0.241573033708	0.308988764045	0.342696629213	0.241573033708	0.292134831461	0.269662921348	0.269662921348	0.0	0.26404494382	0.297752808989	0.286516853933	0.280898876404	0.292134831461	0.275280898876	0.308988764045	0.325842696629	0.292134831461	0.241573033708
MH0398.snv.bam	0.26404494382	0.258426966292	0.258426966292	0.258426966292	0.196629213483	0.196629213483	0.247191011236	0.11797752809	0.185393258427	0.179775280899	0.179775280899	0.202247191011	0.140449438202	0.275280898876	0.185393258427	0.252808988764	0.241573033708	0.26404494382	0.0	0.157303370787	0.185393258427	0.179775280899	0.230337078652	0.224719101124	0.230337078652	0.219101123596	0.185393258427	0.134831460674
MMRS38861560ST-27-0-0.snv.bam	0.292134831461	0.303370786517	0.303370786517	0.314606741573	0.258426966292	0.26404494382	0.297752808989	0.185393258427	0.241573033708	0.258426966292	0.23595505618	0.247191011236	0.219101123596	0.252808988764	0.241573033708	0.26404494382	0.275280898876	0.297752808989	0.157303370787	0.0	0.213483146067	0.258426966292	0.286516853933	0.275280898876	0.286516853933	0.308988764045	0.241573033708	0.202247191011
MMRS94549160ST-27-0-0.snv.bam	0.219101123596	0.23595505618	0.23595505618	0.247191011236	0.202247191011	0.207865168539	0.207865168539	0.185393258427	0.207865168539	0.292134831461	0.179775280899	0.151685393258	0.185393258427	0.26404494382	0.207865168539	0.219101123596	0.185393258427	0.286516853933	0.185393258427	0.213483146067	0.0	0.280898876404	0.185393258427	0.179775280899	0.23595505618	0.258426966292	0.207865168539	0.207865168539
N066A.snv.bam	0.207865168539	0.258426966292	0.258426966292	0.258426966292	0.230337078652	0.230337078652	0.314606741573	0.179775280899	0.241573033708	0.0280898876404	0.23595505618	0.280898876404	0.230337078652	0.331460674157	0.241573033708	0.308988764045	0.297752808989	0.280898876404	0.179775280899	0.258426966292	0.280898876404	0.0	0.219101123596	0.247191011236	0.185393258427	0.230337078652	0.241573033708	0.191011235955
N103A.snv.bam	0.101123595506	0.241573033708	0.241573033708	0.230337078652	0.140449438202	0.14606741573	0.213483146067	0.185393258427	0.123595505618	0.230337078652	0.129213483146	0.140449438202	0.168539325843	0.325842696629	0.123595505618	0.23595505618	0.168539325843	0.292134831461	0.230337078652	0.286516853933	0.185393258427	0.219101123596	0.0	0.11797752809	0.140449438202	0.14606741573	0.123595505618	0.196629213483
NG-5636_200.snv.bam	0.157303370787	0.280898876404	0.280898876404	0.280898876404	0.134831460674	0.140449438202	0.185393258427	0.157303370787	0.11797752809	0.269662921348	0.101123595506	0.134831460674	0.157303370787	0.297752808989	0.11797752809	0.174157303371	0.129213483146	0.275280898876	0.224719101124	0.275280898876	0.179775280899	0.247191011236	0.11797752809	0.0	0.168539325843	0.174157303371	0.11797752809	0.185393258427
O2.UC8-2.snv.bam	0.11797752809	0.258426966292	0.258426966292	0.258426966292	0.112359550562	0.112359550562	0.247191011236	0.202247191011	0.134831460674	0.174157303371	0.151685393258	0.174157303371	0.174157303371	0.370786516854	0.134831460674	0.258426966292	0.202247191011	0.308988764045	0.230337078652	0.286516853933	0.23595505618	0.185393258427	0.140449438202	0.168539325843	0.0	0.129213483146	0.134831460674	0.213483146067
T2D-178A.snv.bam	0.11797752809	0.275280898876	0.275280898876	0.26404494382	0.101123595506	0.101123595506	0.258426966292	0.174157303371	0.134831460674	0.207865168539	0.129213483146	0.174157303371	0.140449438202	0.38202247191	0.134831460674	0.247191011236	0.179775280899	0.325842696629	0.219101123596	0.308988764045	0.258426966292	0.230337078652	0.14606741573	0.174157303371	0.129213483146	0.0	0.134831460674	0.207865168539
V1.FI20.snv.bam	0.14606741573	0.207865168539	0.207865168539	0.207865168539	0.101123595506	0.101123595506	0.219101123596	0.0898876404494	0.0	0.241573033708	0.0842696629213	0.11797752809	0.14606741573	0.314606741573	0.0	0.202247191011	0.14606741573	0.292134831461	0.185393258427	0.241573033708	0.207865168539	0.241573033708	0.123595505618	0.11797752809	0.134831460674	0.134831460674	0.0	0.106741573034
V1.UC57-0.snv.bam	0.219101123596	0.202247191011	0.202247191011	0.202247191011	0.162921348315	0.168539325843	0.207865168539	0.0168539325843	0.106741573034	0.191011235955	0.157303370787	0.207865168539	0.207865168539	0.275280898876	0.106741573034	0.219101123596	0.219101123596	0.241573033708	0.134831460674	0.202247191011	0.207865168539	0.191011235955	0.196629213483	0.185393258427	0.213483146067	0.207865168539	0.106741573034	0.0
