	763536994-stool2.snv.bam	764083206-stool1.snv.bam	BYQ_AABA.snv.bam	CCIS22275061ST-4-0.snv.bam	CCIS22416007ST-4-0.snv.bam	CCIS23164343ST-4-0.snv.bam	CCIS29688262ST-20-0.snv.bam	CCIS41222843ST-4-0.snv.bam	CCIS44676181ST-4-0.snv.bam	CCIS50471204ST-4-0.snv.bam	CCIS55230578ST-4-0.snv.bam	CCIS59132091ST-4-0.snv.bam	CCIS82146115ST-4-0.snv.bam	CCIS94496512ST-4-0.snv.bam	CCIS95409808ST-4-0.snv.bam	CCIS98512455ST-4-0.snv.bam	CCMD11006829ST-21-0.snv.bam	CCMD40701343ST-21-0.snv.bam	M4.1-V3.metaT.snv.bam	M4.2-V2.metaG.snv.bam	M4.2-V3.metaT.snv.bam	NG-5636_195.snv.bam	NG-5636_354.snv.bam	NG-5636_472.snv.bam	O2.UC30-1.snv.bam	O2.UC46-1.snv.bam	SAMEA3136624.snv.bam	SAMEA3136626.snv.bam	SAMEA3136628.snv.bam	SAMEA3136637.snv.bam	SAMEA3136643.snv.bam	SAMEA3136660.snv.bam	SAMEA3136661.snv.bam	SAMEA3136662.snv.bam	SAMEA3136670.snv.bam	SAMEA3136676.snv.bam	SAMEA3136679.snv.bam	SAMEA3136680.snv.bam	SAMEA3136691.snv.bam	SAMEA3136693.snv.bam	SAMEA3136704.snv.bam	SAMEA3136714.snv.bam	SAMEA3136722.snv.bam	SAMEA3136744.snv.bam	SAMEA3136747.snv.bam	SAMEA3136748.snv.bam	V1.CD32-0.snv.bam	V1.CD32-4.snv.bam	V1.CD8-0-PN.snv.bam	V1.FI01.snv.bam	V1.UC38-0.snv.bam	V1.UC5-3.snv.bam	V1.UC54-0.snv.bam	peacemaker-11-2-0.snv.bam
763536994-stool2.snv.bam	0.0	0.120098039216	0.161764705882	0.166666666667	0.191176470588	0.149509803922	0.132352941176	0.139705882353	0.129901960784	0.178921568627	0.134803921569	0.176470588235	0.183823529412	0.169117647059	0.171568627451	0.188725490196	0.19362745098	0.164215686275	0.161764705882	0.169117647059	0.169117647059	0.176470588235	0.171568627451	0.191176470588	0.169117647059	0.151960784314	0.178921568627	0.198529411765	0.169117647059	0.154411764706	0.178921568627	0.142156862745	0.169117647059	0.122549019608	0.188725490196	0.178921568627	0.149509803922	0.151960784314	0.176470588235	0.176470588235	0.183823529412	0.134803921569	0.134803921569	0.18137254902	0.161764705882	0.178921568627	0.151960784314	0.151960784314	0.154411764706	0.139705882353	0.144607843137	0.178921568627	0.151960784314	0.164215686275
764083206-stool1.snv.bam	0.120098039216	0.0	0.156862745098	0.164215686275	0.176470588235	0.134803921569	0.137254901961	0.132352941176	0.127450980392	0.164215686275	0.129901960784	0.156862745098	0.149509803922	0.200980392157	0.166666666667	0.186274509804	0.18137254902	0.117647058824	0.171568627451	0.18137254902	0.18137254902	0.161764705882	0.156862745098	0.18137254902	0.169117647059	0.178921568627	0.164215686275	0.186274509804	0.151960784314	0.149509803922	0.164215686275	0.161764705882	0.120098039216	0.102941176471	0.161764705882	0.164215686275	0.174019607843	0.156862745098	0.161764705882	0.188725490196	0.18137254902	0.137254901961	0.137254901961	0.19362745098	0.134803921569	0.164215686275	0.149509803922	0.149509803922	0.110294117647	0.142156862745	0.149509803922	0.164215686275	0.178921568627	0.198529411765
BYQ_AABA.snv.bam	0.161764705882	0.156862745098	0.0	0.174019607843	0.183823529412	0.142156862745	0.137254901961	0.117647058824	0.151960784314	0.166666666667	0.144607843137	0.161764705882	0.139705882353	0.164215686275	0.169117647059	0.144607843137	0.196078431373	0.188725490196	0.164215686275	0.166666666667	0.166666666667	0.166666666667	0.178921568627	0.161764705882	0.176470588235	0.149509803922	0.171568627451	0.166666666667	0.183823529412	0.137254901961	0.164215686275	0.191176470588	0.137254901961	0.120098039216	0.156862745098	0.166666666667	0.137254901961	0.142156862745	0.166666666667	0.19362745098	0.151960784314	0.147058823529	0.178921568627	0.198529411765	0.196078431373	0.166666666667	0.149509803922	0.149509803922	0.19362745098	0.178921568627	0.186274509804	0.166666666667	0.149509803922	0.196078431373
CCIS22275061ST-4-0.snv.bam	0.166666666667	0.164215686275	0.174019607843	0.0	0.174019607843	0.0906862745098	0.166666666667	0.0735294117647	0.125	0.117647058824	0.134803921569	0.112745098039	0.134803921569	0.183823529412	0.117647058824	0.112745098039	0.127450980392	0.105392156863	0.122549019608	0.139705882353	0.139705882353	0.115196078431	0.18137254902	0.117647058824	0.142156862745	0.144607843137	0.117647058824	0.122549019608	0.18137254902	0.117647058824	0.117647058824	0.15931372549	0.129901960784	0.122549019608	0.122549019608	0.117647058824	0.147058823529	0.169117647059	0.115196078431	0.149509803922	0.178921568627	0.0955882352941	0.149509803922	0.154411764706	0.100490196078	0.117647058824	0.129901960784	0.129901960784	0.105392156863	0.107843137255	0.176470588235	0.117647058824	0.144607843137	0.115196078431
CCIS22416007ST-4-0.snv.bam	0.191176470588	0.176470588235	0.183823529412	0.174019607843	0.0	0.161764705882	0.186274509804	0.117647058824	0.18137254902	0.188725490196	0.174019607843	0.18137254902	0.15931372549	0.218137254902	0.166666666667	0.198529411765	0.129901960784	0.200980392157	0.19362745098	0.205882352941	0.205882352941	0.191176470588	0.18137254902	0.151960784314	0.203431372549	0.186274509804	0.19362745098	0.156862745098	0.139705882353	0.137254901961	0.19362745098	0.169117647059	0.178921568627	0.147058823529	0.147058823529	0.19362745098	0.171568627451	0.142156862745	0.191176470588	0.169117647059	0.196078431373	0.149509803922	0.129901960784	0.174019607843	0.186274509804	0.19362745098	0.186274509804	0.186274509804	0.186274509804	0.198529411765	0.198529411765	0.19362745098	0.186274509804	0.171568627451
CCIS23164343ST-4-0.snv.bam	0.149509803922	0.134803921569	0.142156862745	0.0906862745098	0.161764705882	0.0	0.137254901961	0.0245098039216	0.137254901961	0.00735294117647	0.0980392156863	0.00735294117647	0.102941176471	0.166666666667	0.0122549019608	0.0220588235294	0.132352941176	0.105392156863	0.122549019608	0.134803921569	0.137254901961	0.00490196078431	0.151960784314	0.125	0.129901960784	0.132352941176	0.00735294117647	0.129901960784	0.166666666667	0.093137254902	0.00735294117647	0.169117647059	0.107843137255	0.0857843137255	0.115196078431	0.00735294117647	0.0661764705882	0.154411764706	0.00490196078431	0.125	0.151960784314	0.110294117647	0.142156862745	0.139705882353	0.0980392156863	0.00735294117647	0.115196078431	0.115196078431	0.0808823529412	0.093137254902	0.120098039216	0.00735294117647	0.127450980392	0.129901960784
CCIS29688262ST-20-0.snv.bam	0.132352941176	0.137254901961	0.137254901961	0.166666666667	0.186274509804	0.137254901961	0.0	0.127450980392	0.134803921569	0.186274509804	0.137254901961	0.183823529412	0.156862745098	0.093137254902	0.18137254902	0.171568627451	0.186274509804	0.18137254902	0.127450980392	0.142156862745	0.142156862745	0.186274509804	0.154411764706	0.151960784314	0.129901960784	0.125	0.188725490196	0.15931372549	0.144607843137	0.137254901961	0.188725490196	0.154411764706	0.144607843137	0.115196078431	0.15931372549	0.188725490196	0.115196078431	0.137254901961	0.186274509804	0.161764705882	0.171568627451	0.0833333333333	0.122549019608	0.166666666667	0.169117647059	0.188725490196	0.144607843137	0.144607843137	0.166666666667	0.166666666667	0.142156862745	0.188725490196	0.125	0.161764705882
CCIS41222843ST-4-0.snv.bam	0.139705882353	0.132352941176	0.117647058824	0.0735294117647	0.117647058824	0.0245098039216	0.127450980392	0.0	0.100490196078	0.0392156862745	0.0808823529412	0.0416666666667	0.0833333333333	0.164215686275	0.0220588235294	0.0416666666667	0.0367647058824	0.0980392156863	0.0661764705882	0.0710784313725	0.0710784313725	0.0392156862745	0.117647058824	0.0147058823529	0.117647058824	0.0906862745098	0.0416666666667	0.0220588235294	0.154411764706	0.0367647058824	0.0392156862745	0.122549019608	0.0710784313725	0.093137254902	0.0220588235294	0.0416666666667	0.0661764705882	0.129901960784	0.0392156862745	0.102941176471	0.137254901961	0.100490196078	0.107843137255	0.107843137255	0.0710784313725	0.0416666666667	0.0808823529412	0.0808823529412	0.0808823529412	0.0857843137255	0.127450980392	0.0416666666667	0.0882352941176	0.107843137255
CCIS44676181ST-4-0.snv.bam	0.129901960784	0.127450980392	0.151960784314	0.125	0.18137254902	0.137254901961	0.134803921569	0.100490196078	0.0	0.161764705882	0.0245098039216	0.154411764706	0.129901960784	0.196078431373	0.161764705882	0.164215686275	0.120098039216	0.137254901961	0.0661764705882	0.0735294117647	0.078431372549	0.161764705882	0.186274509804	0.117647058824	0.151960784314	0.102941176471	0.15931372549	0.117647058824	0.161764705882	0.129901960784	0.164215686275	0.107843137255	0.127450980392	0.127450980392	0.122549019608	0.164215686275	0.134803921569	0.137254901961	0.161764705882	0.129901960784	0.171568627451	0.0906862745098	0.122549019608	0.134803921569	0.120098039216	0.164215686275	0.122549019608	0.122549019608	0.120098039216	0.122549019608	0.174019607843	0.164215686275	0.102941176471	0.139705882353
CCIS50471204ST-4-0.snv.bam	0.178921568627	0.164215686275	0.166666666667	0.117647058824	0.188725490196	0.00735294117647	0.186274509804	0.0392156862745	0.161764705882	0.0	0.139705882353	0.0	0.125	0.203431372549	0.00980392156863	0.0294117647059	0.15931372549	0.125	0.156862745098	0.164215686275	0.166666666667	0.00245098039216	0.186274509804	0.156862745098	0.156862745098	0.164215686275	0.00245098039216	0.161764705882	0.200980392157	0.137254901961	0.0	0.205882352941	0.144607843137	0.117647058824	0.151960784314	0.00245098039216	0.0906862745098	0.183823529412	0.00245098039216	0.154411764706	0.169117647059	0.132352941176	0.171568627451	0.15931372549	0.125	0.00245098039216	0.147058823529	0.147058823529	0.100490196078	0.115196078431	0.15931372549	0.00245098039216	0.164215686275	0.154411764706
CCIS55230578ST-4-0.snv.bam	0.134803921569	0.129901960784	0.144607843137	0.134803921569	0.174019607843	0.0980392156863	0.137254901961	0.0808823529412	0.0245098039216	0.139705882353	0.0	0.139705882353	0.110294117647	0.186274509804	0.122549019608	0.151960784314	0.129901960784	0.139705882353	0.0808823529412	0.0857843137255	0.0882352941176	0.139705882353	0.174019607843	0.137254901961	0.147058823529	0.112745098039	0.137254901961	0.137254901961	0.154411764706	0.132352941176	0.139705882353	0.127450980392	0.139705882353	0.105392156863	0.137254901961	0.142156862745	0.120098039216	0.127450980392	0.139705882353	0.120098039216	0.151960784314	0.115196078431	0.127450980392	0.129901960784	0.127450980392	0.142156862745	0.132352941176	0.132352941176	0.117647058824	0.120098039216	0.154411764706	0.142156862745	0.112745098039	0.137254901961
CCIS59132091ST-4-0.snv.bam	0.176470588235	0.156862745098	0.161764705882	0.112745098039	0.18137254902	0.00735294117647	0.183823529412	0.0416666666667	0.154411764706	0.0	0.139705882353	0.0	0.120098039216	0.196078431373	0.0122549019608	0.0269607843137	0.154411764706	0.117647058824	0.149509803922	0.156862745098	0.15931372549	0.0	0.183823529412	0.151960784314	0.154411764706	0.164215686275	0.00490196078431	0.156862745098	0.200980392157	0.139705882353	0.0	0.198529411765	0.139705882353	0.115196078431	0.149509803922	0.0	0.093137254902	0.18137254902	0.0	0.149509803922	0.156862745098	0.129901960784	0.164215686275	0.154411764706	0.115196078431	0.0	0.144607843137	0.144607843137	0.0980392156863	0.110294117647	0.15931372549	0.0	0.164215686275	0.154411764706
CCIS82146115ST-4-0.snv.bam	0.183823529412	0.149509803922	0.139705882353	0.134803921569	0.15931372549	0.102941176471	0.156862745098	0.0833333333333	0.129901960784	0.125	0.110294117647	0.120098039216	0.0	0.19362745098	0.129901960784	0.147058823529	0.144607843137	0.129901960784	0.117647058824	0.122549019608	0.122549019608	0.125	0.142156862745	0.134803921569	0.154411764706	0.117647058824	0.127450980392	0.137254901961	0.164215686275	0.117647058824	0.127450980392	0.169117647059	0.110294117647	0.112745098039	0.122549019608	0.127450980392	0.132352941176	0.156862745098	0.125	0.134803921569	0.120098039216	0.125	0.132352941176	0.139705882353	0.127450980392	0.127450980392	0.122549019608	0.122549019608	0.117647058824	0.129901960784	0.149509803922	0.127450980392	0.117647058824	0.151960784314
CCIS94496512ST-4-0.snv.bam	0.169117647059	0.200980392157	0.164215686275	0.183823529412	0.218137254902	0.166666666667	0.093137254902	0.164215686275	0.196078431373	0.203431372549	0.186274509804	0.196078431373	0.19362745098	0.0	0.203431372549	0.19362745098	0.235294117647	0.218137254902	0.188725490196	0.191176470588	0.19362745098	0.198529411765	0.18137254902	0.208333333333	0.156862745098	0.186274509804	0.208333333333	0.223039215686	0.176470588235	0.19362745098	0.205882352941	0.169117647059	0.200980392157	0.144607843137	0.223039215686	0.203431372549	0.142156862745	0.178921568627	0.203431372549	0.200980392157	0.208333333333	0.154411764706	0.176470588235	0.205882352941	0.203431372549	0.203431372549	0.200980392157	0.200980392157	0.205882352941	0.200980392157	0.174019607843	0.203431372549	0.186274509804	0.161764705882
CCIS95409808ST-4-0.snv.bam	0.171568627451	0.166666666667	0.169117647059	0.117647058824	0.166666666667	0.0122549019608	0.18137254902	0.0220588235294	0.161764705882	0.00980392156863	0.122549019608	0.0122549019608	0.129901960784	0.203431372549	0.0	0.0343137254902	0.156862745098	0.132352941176	0.156862745098	0.164215686275	0.166666666667	0.00980392156863	0.188725490196	0.154411764706	0.15931372549	0.166666666667	0.0122549019608	0.15931372549	0.19362745098	0.112745098039	0.0122549019608	0.203431372549	0.139705882353	0.110294117647	0.149509803922	0.0122549019608	0.0882352941176	0.176470588235	0.00980392156863	0.139705882353	0.171568627451	0.127450980392	0.169117647059	0.149509803922	0.129901960784	0.0122549019608	0.147058823529	0.147058823529	0.107843137255	0.122549019608	0.154411764706	0.0122549019608	0.166666666667	0.156862745098
CCIS98512455ST-4-0.snv.bam	0.188725490196	0.186274509804	0.144607843137	0.112745098039	0.198529411765	0.0220588235294	0.171568627451	0.0416666666667	0.164215686275	0.0294117647059	0.151960784314	0.0269607843137	0.147058823529	0.19362745098	0.0343137254902	0.0	0.169117647059	0.147058823529	0.154411764706	0.161764705882	0.164215686275	0.0269607843137	0.203431372549	0.132352941176	0.161764705882	0.147058823529	0.031862745098	0.137254901961	0.208333333333	0.132352941176	0.0294117647059	0.210784313725	0.125	0.142156862745	0.127450980392	0.0269607843137	0.0808823529412	0.191176470588	0.0269607843137	0.15931372549	0.183823529412	0.127450980392	0.191176470588	0.164215686275	0.142156862745	0.0269607843137	0.127450980392	0.127450980392	0.122549019608	0.129901960784	0.188725490196	0.0269607843137	0.147058823529	0.164215686275
CCMD11006829ST-21-0.snv.bam	0.19362745098	0.18137254902	0.196078431373	0.127450980392	0.129901960784	0.132352941176	0.186274509804	0.0367647058824	0.120098039216	0.15931372549	0.129901960784	0.154411764706	0.144607843137	0.235294117647	0.156862745098	0.169117647059	0.0	0.142156862745	0.105392156863	0.107843137255	0.112745098039	0.161764705882	0.178921568627	0.0416666666667	0.191176470588	0.147058823529	0.164215686275	0.0416666666667	0.171568627451	0.0833333333333	0.164215686275	0.144607843137	0.139705882353	0.166666666667	0.0637254901961	0.164215686275	0.176470588235	0.149509803922	0.161764705882	0.161764705882	0.203431372549	0.147058823529	0.134803921569	0.166666666667	0.100490196078	0.164215686275	0.147058823529	0.147058823529	0.125	0.134803921569	0.198529411765	0.164215686275	0.147058823529	0.134803921569
CCMD40701343ST-21-0.snv.bam	0.164215686275	0.117647058824	0.188725490196	0.105392156863	0.200980392157	0.105392156863	0.18137254902	0.0980392156863	0.137254901961	0.125	0.139705882353	0.117647058824	0.129901960784	0.218137254902	0.132352941176	0.147058823529	0.142156862745	0.0	0.134803921569	0.144607843137	0.144607843137	0.122549019608	0.176470588235	0.147058823529	0.164215686275	0.161764705882	0.127450980392	0.151960784314	0.19362745098	0.144607843137	0.125	0.18137254902	0.115196078431	0.142156862745	0.134803921569	0.127450980392	0.183823529412	0.178921568627	0.125	0.171568627451	0.171568627451	0.129901960784	0.154411764706	0.176470588235	0.046568627451	0.127450980392	0.132352941176	0.132352941176	0.0294117647059	0.0441176470588	0.164215686275	0.127450980392	0.161764705882	0.15931372549
M4.1-V3.metaT.snv.bam	0.161764705882	0.171568627451	0.164215686275	0.122549019608	0.19362745098	0.122549019608	0.127450980392	0.0661764705882	0.0661764705882	0.156862745098	0.0808823529412	0.149509803922	0.117647058824	0.188725490196	0.156862745098	0.154411764706	0.105392156863	0.134803921569	0.0	0.00490196078431	0.0	0.156862745098	0.169117647059	0.0808823529412	0.142156862745	0.0955882352941	0.154411764706	0.0833333333333	0.186274509804	0.0857843137255	0.15931372549	0.122549019608	0.122549019608	0.147058823529	0.0808823529412	0.15931372549	0.117647058824	0.156862745098	0.156862745098	0.144607843137	0.166666666667	0.112745098039	0.115196078431	0.149509803922	0.117647058824	0.15931372549	0.112745098039	0.112745098039	0.112745098039	0.117647058824	0.147058823529	0.15931372549	0.0955882352941	0.166666666667
M4.2-V2.metaG.snv.bam	0.169117647059	0.18137254902	0.166666666667	0.139705882353	0.205882352941	0.134803921569	0.142156862745	0.0710784313725	0.0735294117647	0.164215686275	0.0857843137255	0.156862745098	0.122549019608	0.191176470588	0.164215686275	0.161764705882	0.107843137255	0.144607843137	0.00490196078431	0.0	0.0	0.164215686275	0.174019607843	0.0808823529412	0.139705882353	0.0955882352941	0.161764705882	0.0833333333333	0.19362745098	0.093137254902	0.166666666667	0.134803921569	0.129901960784	0.156862745098	0.0882352941176	0.166666666667	0.120098039216	0.161764705882	0.164215686275	0.149509803922	0.176470588235	0.127450980392	0.122549019608	0.154411764706	0.125	0.166666666667	0.115196078431	0.115196078431	0.122549019608	0.127450980392	0.161764705882	0.166666666667	0.0955882352941	0.174019607843
M4.2-V3.metaT.snv.bam	0.169117647059	0.18137254902	0.166666666667	0.139705882353	0.205882352941	0.137254901961	0.142156862745	0.0710784313725	0.078431372549	0.166666666667	0.0882352941176	0.15931372549	0.122549019608	0.19362745098	0.166666666667	0.164215686275	0.112745098039	0.144607843137	0.0	0.0	0.0	0.166666666667	0.174019607843	0.0833333333333	0.142156862745	0.0980392156863	0.164215686275	0.0857843137255	0.196078431373	0.093137254902	0.169117647059	0.137254901961	0.132352941176	0.154411764706	0.0906862745098	0.169117647059	0.120098039216	0.164215686275	0.166666666667	0.151960784314	0.176470588235	0.125	0.125	0.156862745098	0.127450980392	0.169117647059	0.117647058824	0.117647058824	0.122549019608	0.127450980392	0.161764705882	0.169117647059	0.0980392156863	0.178921568627
NG-5636_195.snv.bam	0.176470588235	0.161764705882	0.166666666667	0.115196078431	0.191176470588	0.00490196078431	0.186274509804	0.0392156862745	0.161764705882	0.00245098039216	0.139705882353	0.0	0.125	0.198529411765	0.00980392156863	0.0269607843137	0.161764705882	0.122549019608	0.156862745098	0.164215686275	0.166666666667	0.0	0.186274509804	0.15931372549	0.15931372549	0.161764705882	0.00245098039216	0.164215686275	0.200980392157	0.139705882353	0.00245098039216	0.200980392157	0.142156862745	0.115196078431	0.154411764706	0.0	0.0906862745098	0.183823529412	0.0	0.154411764706	0.164215686275	0.132352941176	0.166666666667	0.15931372549	0.120098039216	0.0	0.142156862745	0.142156862745	0.0980392156863	0.110294117647	0.15931372549	0.0	0.161764705882	0.154411764706
NG-5636_354.snv.bam	0.171568627451	0.156862745098	0.178921568627	0.18137254902	0.18137254902	0.151960784314	0.154411764706	0.117647058824	0.186274509804	0.186274509804	0.174019607843	0.183823529412	0.142156862745	0.18137254902	0.188725490196	0.203431372549	0.178921568627	0.176470588235	0.169117647059	0.174019607843	0.174019607843	0.186274509804	0.0	0.156862745098	0.169117647059	0.178921568627	0.188725490196	0.164215686275	0.183823529412	0.139705882353	0.188725490196	0.164215686275	0.156862745098	0.132352941176	0.149509803922	0.188725490196	0.139705882353	0.166666666667	0.186274509804	0.196078431373	0.169117647059	0.132352941176	0.122549019608	0.200980392157	0.178921568627	0.188725490196	0.188725490196	0.188725490196	0.176470588235	0.18137254902	0.132352941176	0.188725490196	0.178921568627	0.191176470588
NG-5636_472.snv.bam	0.191176470588	0.18137254902	0.161764705882	0.117647058824	0.151960784314	0.125	0.151960784314	0.0147058823529	0.117647058824	0.156862745098	0.137254901961	0.151960784314	0.134803921569	0.208333333333	0.154411764706	0.132352941176	0.0416666666667	0.147058823529	0.0808823529412	0.0808823529412	0.0833333333333	0.15931372549	0.156862745098	0.0	0.169117647059	0.110294117647	0.161764705882	0.0	0.198529411765	0.0490196078431	0.161764705882	0.137254901961	0.107843137255	0.164215686275	0.0220588235294	0.161764705882	0.139705882353	0.176470588235	0.15931372549	0.164215686275	0.183823529412	0.129901960784	0.142156862745	0.169117647059	0.105392156863	0.161764705882	0.110294117647	0.110294117647	0.129901960784	0.139705882353	0.19362745098	0.161764705882	0.110294117647	0.164215686275
O2.UC30-1.snv.bam	0.169117647059	0.169117647059	0.176470588235	0.142156862745	0.203431372549	0.129901960784	0.129901960784	0.117647058824	0.151960784314	0.156862745098	0.147058823529	0.154411764706	0.154411764706	0.156862745098	0.15931372549	0.161764705882	0.191176470588	0.164215686275	0.142156862745	0.139705882353	0.142156862745	0.15931372549	0.169117647059	0.169117647059	0.0	0.144607843137	0.161764705882	0.174019607843	0.147058823529	0.137254901961	0.15931372549	0.164215686275	0.166666666667	0.112745098039	0.164215686275	0.161764705882	0.122549019608	0.147058823529	0.15931372549	0.137254901961	0.183823529412	0.129901960784	0.139705882353	0.137254901961	0.176470588235	0.161764705882	0.169117647059	0.169117647059	0.147058823529	0.166666666667	0.134803921569	0.161764705882	0.144607843137	0.149509803922
O2.UC46-1.snv.bam	0.151960784314	0.178921568627	0.149509803922	0.144607843137	0.186274509804	0.132352941176	0.125	0.0906862745098	0.102941176471	0.164215686275	0.112745098039	0.164215686275	0.117647058824	0.186274509804	0.166666666667	0.147058823529	0.147058823529	0.161764705882	0.0955882352941	0.0955882352941	0.0980392156863	0.161764705882	0.178921568627	0.110294117647	0.144607843137	0.0	0.169117647059	0.117647058824	0.156862745098	0.115196078431	0.166666666667	0.134803921569	0.0857843137255	0.144607843137	0.107843137255	0.169117647059	0.120098039216	0.15931372549	0.166666666667	0.122549019608	0.174019607843	0.142156862745	0.132352941176	0.127450980392	0.154411764706	0.169117647059	0.0294117647059	0.0294117647059	0.151960784314	0.132352941176	0.169117647059	0.169117647059	0.0	0.149509803922
SAMEA3136624.snv.bam	0.178921568627	0.164215686275	0.171568627451	0.117647058824	0.19362745098	0.00735294117647	0.188725490196	0.0416666666667	0.15931372549	0.00245098039216	0.137254901961	0.00490196078431	0.127450980392	0.208333333333	0.0122549019608	0.031862745098	0.164215686275	0.127450980392	0.154411764706	0.161764705882	0.164215686275	0.00245098039216	0.188725490196	0.161764705882	0.161764705882	0.169117647059	0.0	0.166666666667	0.203431372549	0.142156862745	0.00245098039216	0.210784313725	0.144607843137	0.117647058824	0.156862745098	0.00490196078431	0.0882352941176	0.186274509804	0.00245098039216	0.156862745098	0.171568627451	0.132352941176	0.174019607843	0.161764705882	0.125	0.00490196078431	0.149509803922	0.149509803922	0.102941176471	0.117647058824	0.161764705882	0.00490196078431	0.169117647059	0.15931372549
SAMEA3136626.snv.bam	0.198529411765	0.186274509804	0.166666666667	0.122549019608	0.156862745098	0.129901960784	0.15931372549	0.0220588235294	0.117647058824	0.161764705882	0.137254901961	0.156862745098	0.137254901961	0.223039215686	0.15931372549	0.137254901961	0.0416666666667	0.151960784314	0.0833333333333	0.0833333333333	0.0857843137255	0.164215686275	0.164215686275	0.0	0.174019607843	0.117647058824	0.166666666667	0.0	0.205882352941	0.0539215686275	0.166666666667	0.142156862745	0.110294117647	0.169117647059	0.0245098039216	0.166666666667	0.149509803922	0.183823529412	0.164215686275	0.169117647059	0.191176470588	0.134803921569	0.149509803922	0.174019607843	0.110294117647	0.166666666667	0.117647058824	0.117647058824	0.132352941176	0.147058823529	0.200980392157	0.166666666667	0.117647058824	0.166666666667
SAMEA3136628.snv.bam	0.169117647059	0.151960784314	0.183823529412	0.18137254902	0.139705882353	0.166666666667	0.144607843137	0.154411764706	0.161764705882	0.200980392157	0.154411764706	0.200980392157	0.164215686275	0.176470588235	0.19362745098	0.208333333333	0.171568627451	0.19362745098	0.186274509804	0.19362745098	0.196078431373	0.200980392157	0.183823529412	0.198529411765	0.147058823529	0.156862745098	0.203431372549	0.205882352941	0.0	0.161764705882	0.203431372549	0.171568627451	0.174019607843	0.137254901961	0.196078431373	0.203431372549	0.147058823529	0.100490196078	0.200980392157	0.139705882353	0.200980392157	0.156862745098	0.127450980392	0.144607843137	0.198529411765	0.203431372549	0.176470588235	0.176470588235	0.178921568627	0.191176470588	0.144607843137	0.203431372549	0.156862745098	0.144607843137
SAMEA3136637.snv.bam	0.154411764706	0.149509803922	0.137254901961	0.117647058824	0.137254901961	0.093137254902	0.137254901961	0.0367647058824	0.129901960784	0.137254901961	0.132352941176	0.139705882353	0.117647058824	0.19362745098	0.112745098039	0.132352941176	0.0833333333333	0.144607843137	0.0857843137255	0.093137254902	0.093137254902	0.139705882353	0.139705882353	0.0490196078431	0.137254901961	0.115196078431	0.142156862745	0.0539215686275	0.161764705882	0.0	0.142156862745	0.137254901961	0.112745098039	0.0710784313725	0.0392156862745	0.142156862745	0.129901960784	0.147058823529	0.139705882353	0.156862745098	0.156862745098	0.117647058824	0.125	0.164215686275	0.129901960784	0.142156862745	0.115196078431	0.115196078431	0.132352941176	0.127450980392	0.147058823529	0.142156862745	0.112745098039	0.149509803922
SAMEA3136643.snv.bam	0.178921568627	0.164215686275	0.164215686275	0.117647058824	0.19362745098	0.00735294117647	0.188725490196	0.0392156862745	0.164215686275	0.0	0.139705882353	0.0	0.127450980392	0.205882352941	0.0122549019608	0.0294117647059	0.164215686275	0.125	0.15931372549	0.166666666667	0.169117647059	0.00245098039216	0.188725490196	0.161764705882	0.15931372549	0.166666666667	0.00245098039216	0.166666666667	0.203431372549	0.142156862745	0.0	0.210784313725	0.144607843137	0.115196078431	0.156862745098	0.00245098039216	0.093137254902	0.186274509804	0.00245098039216	0.154411764706	0.169117647059	0.132352941176	0.174019607843	0.161764705882	0.125	0.00245098039216	0.147058823529	0.147058823529	0.100490196078	0.115196078431	0.161764705882	0.00245098039216	0.166666666667	0.15931372549
SAMEA3136660.snv.bam	0.142156862745	0.161764705882	0.191176470588	0.15931372549	0.169117647059	0.169117647059	0.154411764706	0.122549019608	0.107843137255	0.205882352941	0.127450980392	0.198529411765	0.169117647059	0.169117647059	0.203431372549	0.210784313725	0.144607843137	0.18137254902	0.122549019608	0.134803921569	0.137254901961	0.200980392157	0.164215686275	0.137254901961	0.164215686275	0.134803921569	0.210784313725	0.142156862745	0.171568627451	0.137254901961	0.210784313725	0.0	0.156862745098	0.154411764706	0.147058823529	0.210784313725	0.154411764706	0.154411764706	0.208333333333	0.174019607843	0.19362745098	0.144607843137	0.112745098039	0.178921568627	0.156862745098	0.210784313725	0.149509803922	0.149509803922	0.15931372549	0.154411764706	0.166666666667	0.210784313725	0.134803921569	0.134803921569
SAMEA3136661.snv.bam	0.169117647059	0.120098039216	0.137254901961	0.129901960784	0.178921568627	0.107843137255	0.144607843137	0.0710784313725	0.127450980392	0.144607843137	0.139705882353	0.139705882353	0.110294117647	0.200980392157	0.139705882353	0.125	0.139705882353	0.115196078431	0.122549019608	0.129901960784	0.132352941176	0.142156862745	0.156862745098	0.107843137255	0.166666666667	0.0857843137255	0.144607843137	0.110294117647	0.174019607843	0.112745098039	0.144607843137	0.156862745098	0.0	0.144607843137	0.0857843137255	0.144607843137	0.137254901961	0.176470588235	0.142156862745	0.142156862745	0.171568627451	0.144607843137	0.156862745098	0.147058823529	0.120098039216	0.144607843137	0.0563725490196	0.0563725490196	0.120098039216	0.117647058824	0.188725490196	0.144607843137	0.0857843137255	0.154411764706
SAMEA3136662.snv.bam	0.122549019608	0.102941176471	0.120098039216	0.122549019608	0.147058823529	0.0857843137255	0.115196078431	0.093137254902	0.127450980392	0.117647058824	0.105392156863	0.115196078431	0.112745098039	0.144607843137	0.110294117647	0.142156862745	0.166666666667	0.142156862745	0.147058823529	0.156862745098	0.154411764706	0.115196078431	0.132352941176	0.164215686275	0.112745098039	0.144607843137	0.117647058824	0.169117647059	0.137254901961	0.0710784313725	0.115196078431	0.154411764706	0.144607843137	0.0	0.161764705882	0.117647058824	0.120098039216	0.132352941176	0.115196078431	0.122549019608	0.112745098039	0.0906862745098	0.127450980392	0.156862745098	0.134803921569	0.117647058824	0.147058823529	0.147058823529	0.129901960784	0.134803921569	0.107843137255	0.117647058824	0.139705882353	0.142156862745
SAMEA3136670.snv.bam	0.188725490196	0.161764705882	0.156862745098	0.122549019608	0.147058823529	0.115196078431	0.15931372549	0.0220588235294	0.122549019608	0.151960784314	0.137254901961	0.149509803922	0.122549019608	0.223039215686	0.149509803922	0.127450980392	0.0637254901961	0.134803921569	0.0808823529412	0.0882352941176	0.0906862745098	0.154411764706	0.149509803922	0.0220588235294	0.164215686275	0.107843137255	0.156862745098	0.0245098039216	0.196078431373	0.0392156862745	0.156862745098	0.147058823529	0.0857843137255	0.161764705882	0.0	0.156862745098	0.139705882353	0.174019607843	0.154411764706	0.15931372549	0.186274509804	0.132352941176	0.142156862745	0.164215686275	0.129901960784	0.156862745098	0.107843137255	0.107843137255	0.129901960784	0.137254901961	0.196078431373	0.156862745098	0.107843137255	0.156862745098
SAMEA3136676.snv.bam	0.178921568627	0.164215686275	0.166666666667	0.117647058824	0.19362745098	0.00735294117647	0.188725490196	0.0416666666667	0.164215686275	0.00245098039216	0.142156862745	0.0	0.127450980392	0.203431372549	0.0122549019608	0.0269607843137	0.164215686275	0.127450980392	0.15931372549	0.166666666667	0.169117647059	0.0	0.188725490196	0.161764705882	0.161764705882	0.169117647059	0.00490196078431	0.166666666667	0.203431372549	0.142156862745	0.00245098039216	0.210784313725	0.144607843137	0.117647058824	0.156862745098	0.0	0.093137254902	0.186274509804	0.0	0.156862745098	0.166666666667	0.132352941176	0.174019607843	0.161764705882	0.125	0.0	0.149509803922	0.149509803922	0.102941176471	0.112745098039	0.161764705882	0.0	0.169117647059	0.15931372549
SAMEA3136679.snv.bam	0.149509803922	0.174019607843	0.137254901961	0.147058823529	0.171568627451	0.0661764705882	0.115196078431	0.0661764705882	0.134803921569	0.0906862745098	0.120098039216	0.093137254902	0.132352941176	0.142156862745	0.0882352941176	0.0808823529412	0.176470588235	0.183823529412	0.117647058824	0.120098039216	0.120098039216	0.0906862745098	0.139705882353	0.139705882353	0.122549019608	0.120098039216	0.0882352941176	0.149509803922	0.147058823529	0.129901960784	0.093137254902	0.154411764706	0.137254901961	0.120098039216	0.139705882353	0.093137254902	0.0	0.129901960784	0.0906862745098	0.137254901961	0.174019607843	0.122549019608	0.122549019608	0.142156862745	0.178921568627	0.093137254902	0.139705882353	0.139705882353	0.156862745098	0.171568627451	0.139705882353	0.093137254902	0.120098039216	0.164215686275
SAMEA3136680.snv.bam	0.151960784314	0.156862745098	0.142156862745	0.169117647059	0.142156862745	0.154411764706	0.137254901961	0.129901960784	0.137254901961	0.183823529412	0.127450980392	0.18137254902	0.156862745098	0.178921568627	0.176470588235	0.191176470588	0.149509803922	0.178921568627	0.156862745098	0.161764705882	0.164215686275	0.183823529412	0.166666666667	0.176470588235	0.147058823529	0.15931372549	0.186274509804	0.183823529412	0.100490196078	0.147058823529	0.186274509804	0.154411764706	0.176470588235	0.132352941176	0.174019607843	0.186274509804	0.129901960784	0.0	0.183823529412	0.139705882353	0.196078431373	0.134803921569	0.100490196078	0.144607843137	0.176470588235	0.186274509804	0.178921568627	0.178921568627	0.161764705882	0.169117647059	0.132352941176	0.186274509804	0.15931372549	0.139705882353
SAMEA3136691.snv.bam	0.176470588235	0.161764705882	0.166666666667	0.115196078431	0.191176470588	0.00490196078431	0.186274509804	0.0392156862745	0.161764705882	0.00245098039216	0.139705882353	0.0	0.125	0.203431372549	0.00980392156863	0.0269607843137	0.161764705882	0.125	0.156862745098	0.164215686275	0.166666666667	0.0	0.186274509804	0.15931372549	0.15931372549	0.166666666667	0.00245098039216	0.164215686275	0.200980392157	0.139705882353	0.00245098039216	0.208333333333	0.142156862745	0.115196078431	0.154411764706	0.0	0.0906862745098	0.183823529412	0.0	0.154411764706	0.166666666667	0.132352941176	0.171568627451	0.15931372549	0.122549019608	0.0	0.147058823529	0.147058823529	0.100490196078	0.112745098039	0.15931372549	0.0	0.166666666667	0.156862745098
SAMEA3136693.snv.bam	0.176470588235	0.188725490196	0.19362745098	0.149509803922	0.169117647059	0.125	0.161764705882	0.102941176471	0.129901960784	0.154411764706	0.120098039216	0.149509803922	0.134803921569	0.200980392157	0.139705882353	0.15931372549	0.161764705882	0.171568627451	0.144607843137	0.149509803922	0.151960784314	0.154411764706	0.196078431373	0.164215686275	0.137254901961	0.122549019608	0.156862745098	0.169117647059	0.139705882353	0.156862745098	0.154411764706	0.174019607843	0.142156862745	0.122549019608	0.15931372549	0.156862745098	0.137254901961	0.139705882353	0.154411764706	0.0	0.198529411765	0.132352941176	0.139705882353	0.0	0.161764705882	0.156862745098	0.142156862745	0.142156862745	0.154411764706	0.154411764706	0.18137254902	0.156862745098	0.122549019608	0.127450980392
SAMEA3136704.snv.bam	0.183823529412	0.18137254902	0.151960784314	0.178921568627	0.196078431373	0.151960784314	0.171568627451	0.137254901961	0.171568627451	0.169117647059	0.151960784314	0.156862745098	0.120098039216	0.208333333333	0.171568627451	0.183823529412	0.203431372549	0.171568627451	0.166666666667	0.176470588235	0.176470588235	0.164215686275	0.169117647059	0.183823529412	0.183823529412	0.174019607843	0.171568627451	0.191176470588	0.200980392157	0.156862745098	0.169117647059	0.19362745098	0.171568627451	0.112745098039	0.186274509804	0.166666666667	0.174019607843	0.196078431373	0.166666666667	0.198529411765	0.0	0.139705882353	0.161764705882	0.200980392157	0.169117647059	0.166666666667	0.169117647059	0.169117647059	0.164215686275	0.156862745098	0.18137254902	0.166666666667	0.174019607843	0.183823529412
SAMEA3136714.snv.bam	0.134803921569	0.137254901961	0.147058823529	0.0955882352941	0.149509803922	0.110294117647	0.0833333333333	0.100490196078	0.0906862745098	0.132352941176	0.115196078431	0.129901960784	0.125	0.154411764706	0.127450980392	0.127450980392	0.147058823529	0.129901960784	0.112745098039	0.127450980392	0.125	0.132352941176	0.132352941176	0.129901960784	0.129901960784	0.142156862745	0.132352941176	0.134803921569	0.156862745098	0.117647058824	0.132352941176	0.144607843137	0.144607843137	0.0906862745098	0.132352941176	0.132352941176	0.122549019608	0.134803921569	0.132352941176	0.132352941176	0.139705882353	0.0	0.125	0.137254901961	0.117647058824	0.132352941176	0.149509803922	0.149509803922	0.115196078431	0.122549019608	0.105392156863	0.132352941176	0.142156862745	0.147058823529
SAMEA3136722.snv.bam	0.134803921569	0.137254901961	0.178921568627	0.149509803922	0.129901960784	0.142156862745	0.122549019608	0.107843137255	0.122549019608	0.171568627451	0.127450980392	0.164215686275	0.132352941176	0.176470588235	0.169117647059	0.191176470588	0.134803921569	0.154411764706	0.115196078431	0.122549019608	0.125	0.166666666667	0.122549019608	0.142156862745	0.139705882353	0.132352941176	0.174019607843	0.149509803922	0.127450980392	0.125	0.174019607843	0.112745098039	0.156862745098	0.127450980392	0.142156862745	0.174019607843	0.122549019608	0.100490196078	0.171568627451	0.139705882353	0.161764705882	0.125	0.0	0.144607843137	0.139705882353	0.174019607843	0.151960784314	0.151960784314	0.137254901961	0.149509803922	0.137254901961	0.174019607843	0.132352941176	0.147058823529
SAMEA3136744.snv.bam	0.18137254902	0.19362745098	0.198529411765	0.154411764706	0.174019607843	0.139705882353	0.166666666667	0.107843137255	0.134803921569	0.15931372549	0.129901960784	0.154411764706	0.139705882353	0.205882352941	0.149509803922	0.164215686275	0.166666666667	0.176470588235	0.149509803922	0.154411764706	0.156862745098	0.15931372549	0.200980392157	0.169117647059	0.137254901961	0.127450980392	0.161764705882	0.174019607843	0.144607843137	0.164215686275	0.161764705882	0.178921568627	0.147058823529	0.156862745098	0.164215686275	0.161764705882	0.142156862745	0.144607843137	0.15931372549	0.0	0.200980392157	0.137254901961	0.144607843137	0.0	0.166666666667	0.161764705882	0.147058823529	0.147058823529	0.15931372549	0.15931372549	0.186274509804	0.161764705882	0.127450980392	0.129901960784
SAMEA3136747.snv.bam	0.161764705882	0.134803921569	0.196078431373	0.100490196078	0.186274509804	0.0980392156863	0.169117647059	0.0710784313725	0.120098039216	0.125	0.127450980392	0.115196078431	0.127450980392	0.203431372549	0.129901960784	0.142156862745	0.100490196078	0.046568627451	0.117647058824	0.125	0.127450980392	0.120098039216	0.178921568627	0.105392156863	0.176470588235	0.154411764706	0.125	0.110294117647	0.198529411765	0.129901960784	0.125	0.156862745098	0.120098039216	0.134803921569	0.129901960784	0.125	0.178921568627	0.176470588235	0.122549019608	0.161764705882	0.169117647059	0.117647058824	0.139705882353	0.166666666667	0.0	0.125	0.125	0.125	0.031862745098	0.0367647058824	0.164215686275	0.125	0.154411764706	0.154411764706
SAMEA3136748.snv.bam	0.178921568627	0.164215686275	0.166666666667	0.117647058824	0.19362745098	0.00735294117647	0.188725490196	0.0416666666667	0.164215686275	0.00245098039216	0.142156862745	0.0	0.127450980392	0.203431372549	0.0122549019608	0.0269607843137	0.164215686275	0.127450980392	0.15931372549	0.166666666667	0.169117647059	0.0	0.188725490196	0.161764705882	0.161764705882	0.169117647059	0.00490196078431	0.166666666667	0.203431372549	0.142156862745	0.00245098039216	0.210784313725	0.144607843137	0.117647058824	0.156862745098	0.0	0.093137254902	0.186274509804	0.0	0.156862745098	0.166666666667	0.132352941176	0.174019607843	0.161764705882	0.125	0.0	0.149509803922	0.149509803922	0.102941176471	0.112745098039	0.161764705882	0.0	0.169117647059	0.15931372549
V1.CD32-0.snv.bam	0.151960784314	0.149509803922	0.149509803922	0.129901960784	0.186274509804	0.115196078431	0.144607843137	0.0808823529412	0.122549019608	0.147058823529	0.132352941176	0.144607843137	0.122549019608	0.200980392157	0.147058823529	0.127450980392	0.147058823529	0.132352941176	0.112745098039	0.115196078431	0.117647058824	0.142156862745	0.188725490196	0.110294117647	0.169117647059	0.0294117647059	0.149509803922	0.117647058824	0.176470588235	0.115196078431	0.147058823529	0.149509803922	0.0563725490196	0.147058823529	0.107843137255	0.149509803922	0.139705882353	0.178921568627	0.147058823529	0.142156862745	0.169117647059	0.149509803922	0.151960784314	0.147058823529	0.125	0.149509803922	0.0	0.0	0.122549019608	0.107843137255	0.178921568627	0.149509803922	0.0294117647059	0.15931372549
V1.CD32-4.snv.bam	0.151960784314	0.149509803922	0.149509803922	0.129901960784	0.186274509804	0.115196078431	0.144607843137	0.0808823529412	0.122549019608	0.147058823529	0.132352941176	0.144607843137	0.122549019608	0.200980392157	0.147058823529	0.127450980392	0.147058823529	0.132352941176	0.112745098039	0.115196078431	0.117647058824	0.142156862745	0.188725490196	0.110294117647	0.169117647059	0.0294117647059	0.149509803922	0.117647058824	0.176470588235	0.115196078431	0.147058823529	0.149509803922	0.0563725490196	0.147058823529	0.107843137255	0.149509803922	0.139705882353	0.178921568627	0.147058823529	0.142156862745	0.169117647059	0.149509803922	0.151960784314	0.147058823529	0.125	0.149509803922	0.0	0.0	0.122549019608	0.107843137255	0.178921568627	0.149509803922	0.0294117647059	0.15931372549
