	158458797-stool1.snv.bam	158499257-stool2.snv.bam	158944319-stool1.snv.bam	159207311-stool2.snv.bam	159268001-stool1.snv.bam	159510762-stool2.snv.bam	159551223-stool2.snv.bam	159571453-stool2.snv.bam	159753524-stool2.snv.bam	763921366-stool3.snv.bam	764002286-stool2.snv.bam	764083206-stool1.snv.bam	764467579-stool3.snv.bam	764588959-stool1.snv.bam	764588959-stool2.snv.bam	765074482-stool1.snv.bam	765519544-stool3.snv.bam	BGI-17A.snv.bam	BYQ_AAAG.snv.bam	BYQ_AAAR.snv.bam	BYQ_AABA.snv.bam	CCIS16561622ST-4-0.snv.bam	CCMD95433940ST-21-0.snv.bam	MH0205.snv.bam	MH0220.snv.bam	MH0271.snv.bam	MH0276.snv.bam	MH0313.snv.bam	MH0333.snv.bam	MH0369.snv.bam	MH0375.snv.bam	MH0403.snv.bam	MH0404.snv.bam	MH0408.snv.bam	MH0434.snv.bam	MH0457.snv.bam	MMRS11288076ST-27-0-0.snv.bam	MMRS36405092ST-27-0-0.snv.bam	MMRS65862658ST-27-0-0.snv.bam	MMRS93621581ST-27-0-0.snv.bam	NG-5636_456.snv.bam	O2.UC13-1.snv.bam	SAMEA3136703.snv.bam	V1.FI27.snv.bam	V1.UC51-4.snv.bam
158458797-stool1.snv.bam	0.0	0.146341463415	0.142276422764	0.172764227642	0.150406504065	0.132113821138	0.166666666667	0.113821138211	0.130081300813	0.178861788618	0.132113821138	0.15243902439	0.136178861789	0.201219512195	0.20325203252	0.109756097561	0.0873983739837	0.170731707317	0.172764227642	0.172764227642	0.15243902439	0.164634146341	0.211382113821	0.140243902439	0.109756097561	0.180894308943	0.162601626016	0.14837398374	0.144308943089	0.138211382114	0.134146341463	0.121951219512	0.10162601626	0.136178861789	0.158536585366	0.126016260163	0.14837398374	0.128048780488	0.158536585366	0.158536585366	0.138211382114	0.119918699187	0.146341463415	0.164634146341	0.154471544715
158499257-stool2.snv.bam	0.146341463415	0.0	0.182926829268	0.140243902439	0.142276422764	0.158536585366	0.162601626016	0.15243902439	0.136178861789	0.180894308943	0.160569105691	0.15243902439	0.166666666667	0.180894308943	0.182926829268	0.142276422764	0.134146341463	0.15243902439	0.174796747967	0.174796747967	0.158536585366	0.14837398374	0.182926829268	0.15243902439	0.107723577236	0.158536585366	0.172764227642	0.15243902439	0.154471544715	0.123983739837	0.138211382114	0.146341463415	0.138211382114	0.174796747967	0.146341463415	0.138211382114	0.15243902439	0.140243902439	0.166666666667	0.174796747967	0.146341463415	0.150406504065	0.132113821138	0.160569105691	0.146341463415
158944319-stool1.snv.bam	0.142276422764	0.182926829268	0.0	0.134146341463	0.15243902439	0.142276422764	0.170731707317	0.154471544715	0.142276422764	0.10162601626	0.0691056910569	0.178861788618	0.0589430894309	0.205284552846	0.207317073171	0.136178861789	0.107723577236	0.15243902439	0.189024390244	0.189024390244	0.166666666667	0.160569105691	0.176829268293	0.158536585366	0.140243902439	0.182926829268	0.115853658537	0.178861788618	0.123983739837	0.178861788618	0.154471544715	0.156504065041	0.138211382114	0.15243902439	0.180894308943	0.142276422764	0.158536585366	0.164634146341	0.176829268293	0.160569105691	0.164634146341	0.160569105691	0.164634146341	0.168699186992	0.174796747967
159207311-stool2.snv.bam	0.172764227642	0.140243902439	0.134146341463	0.0	0.134146341463	0.160569105691	0.142276422764	0.154471544715	0.128048780488	0.150406504065	0.156504065041	0.121951219512	0.158536585366	0.15243902439	0.154471544715	0.146341463415	0.132113821138	0.14837398374	0.178861788618	0.178861788618	0.160569105691	0.117886178862	0.178861788618	0.138211382114	0.142276422764	0.146341463415	0.134146341463	0.162601626016	0.107723577236	0.140243902439	0.128048780488	0.146341463415	0.138211382114	0.142276422764	0.156504065041	0.146341463415	0.146341463415	0.170731707317	0.150406504065	0.156504065041	0.140243902439	0.144308943089	0.138211382114	0.15243902439	0.134146341463
159268001-stool1.snv.bam	0.150406504065	0.142276422764	0.15243902439	0.134146341463	0.0	0.128048780488	0.132113821138	0.128048780488	0.128048780488	0.142276422764	0.142276422764	0.168699186992	0.146341463415	0.174796747967	0.176829268293	0.119918699187	0.107723577236	0.14837398374	0.146341463415	0.146341463415	0.134146341463	0.140243902439	0.170731707317	0.138211382114	0.123983739837	0.138211382114	0.140243902439	0.160569105691	0.136178861789	0.14837398374	0.119918699187	0.140243902439	0.115853658537	0.172764227642	0.115853658537	0.115853658537	0.154471544715	0.130081300813	0.154471544715	0.168699186992	0.14837398374	0.132113821138	0.140243902439	0.144308943089	0.14837398374
159510762-stool2.snv.bam	0.132113821138	0.158536585366	0.142276422764	0.160569105691	0.128048780488	0.0	0.144308943089	0.150406504065	0.134146341463	0.14837398374	0.111788617886	0.184959349593	0.123983739837	0.170731707317	0.172764227642	0.0894308943089	0.0813008130081	0.156504065041	0.168699186992	0.168699186992	0.15243902439	0.160569105691	0.178861788618	0.138211382114	0.107723577236	0.178861788618	0.162601626016	0.180894308943	0.156504065041	0.156504065041	0.160569105691	0.154471544715	0.138211382114	0.172764227642	0.132113821138	0.123983739837	0.162601626016	0.156504065041	0.142276422764	0.191056910569	0.15243902439	0.142276422764	0.178861788618	0.164634146341	0.15243902439
159551223-stool2.snv.bam	0.166666666667	0.162601626016	0.170731707317	0.142276422764	0.132113821138	0.144308943089	0.0	0.130081300813	0.130081300813	0.138211382114	0.172764227642	0.168699186992	0.168699186992	0.191056910569	0.193089430894	0.130081300813	0.119918699187	0.146341463415	0.164634146341	0.164634146341	0.14837398374	0.150406504065	0.178861788618	0.14837398374	0.136178861789	0.138211382114	0.136178861789	0.160569105691	0.144308943089	0.164634146341	0.150406504065	0.144308943089	0.119918699187	0.186991869919	0.121951219512	0.119918699187	0.162601626016	0.164634146341	0.150406504065	0.15243902439	0.160569105691	0.138211382114	0.156504065041	0.107723577236	0.134146341463
159571453-stool2.snv.bam	0.113821138211	0.15243902439	0.154471544715	0.154471544715	0.128048780488	0.150406504065	0.130081300813	0.0	0.128048780488	0.142276422764	0.160569105691	0.164634146341	0.160569105691	0.176829268293	0.178861788618	0.111788617886	0.111788617886	0.172764227642	0.156504065041	0.156504065041	0.140243902439	0.170731707317	0.19918699187	0.14837398374	0.117886178862	0.117886178862	0.154471544715	0.138211382114	0.132113821138	0.130081300813	0.136178861789	0.0630081300813	0.0406504065041	0.172764227642	0.132113821138	0.0792682926829	0.142276422764	0.113821138211	0.14837398374	0.142276422764	0.154471544715	0.132113821138	0.123983739837	0.170731707317	0.15243902439
159753524-stool2.snv.bam	0.130081300813	0.136178861789	0.142276422764	0.128048780488	0.128048780488	0.134146341463	0.130081300813	0.128048780488	0.0	0.142276422764	0.146341463415	0.119918699187	0.138211382114	0.182926829268	0.184959349593	0.111788617886	0.0873983739837	0.130081300813	0.162601626016	0.162601626016	0.15243902439	0.142276422764	0.168699186992	0.132113821138	0.103658536585	0.14837398374	0.138211382114	0.123983739837	0.140243902439	0.130081300813	0.132113821138	0.132113821138	0.121951219512	0.146341463415	0.136178861789	0.117886178862	0.126016260163	0.134146341463	0.146341463415	0.140243902439	0.130081300813	0.144308943089	0.123983739837	0.132113821138	0.138211382114
763921366-stool3.snv.bam	0.178861788618	0.180894308943	0.10162601626	0.150406504065	0.142276422764	0.14837398374	0.138211382114	0.142276422764	0.142276422764	0.0	0.115853658537	0.186991869919	0.099593495935	0.19512195122	0.197154471545	0.142276422764	0.117886178862	0.146341463415	0.176829268293	0.176829268293	0.160569105691	0.162601626016	0.189024390244	0.164634146341	0.117886178862	0.168699186992	0.14837398374	0.189024390244	0.154471544715	0.176829268293	0.168699186992	0.144308943089	0.128048780488	0.189024390244	0.168699186992	0.130081300813	0.170731707317	0.162601626016	0.182926829268	0.160569105691	0.166666666667	0.160569105691	0.158536585366	0.172764227642	0.170731707317
764002286-stool2.snv.bam	0.132113821138	0.160569105691	0.0691056910569	0.156504065041	0.142276422764	0.111788617886	0.172764227642	0.160569105691	0.146341463415	0.115853658537	0.0	0.170731707317	0.0264227642276	0.19512195122	0.197154471545	0.140243902439	0.111788617886	0.150406504065	0.180894308943	0.180894308943	0.158536585366	0.158536585366	0.180894308943	0.146341463415	0.113821138211	0.174796747967	0.132113821138	0.166666666667	0.142276422764	0.170731707317	0.154471544715	0.154471544715	0.140243902439	0.182926829268	0.168699186992	0.128048780488	0.156504065041	0.15243902439	0.168699186992	0.164634146341	0.150406504065	0.160569105691	0.154471544715	0.180894308943	0.162601626016
764083206-stool1.snv.bam	0.15243902439	0.15243902439	0.178861788618	0.121951219512	0.168699186992	0.184959349593	0.168699186992	0.164634146341	0.119918699187	0.186991869919	0.170731707317	0.0	0.166666666667	0.19512195122	0.197154471545	0.154471544715	0.134146341463	0.172764227642	0.172764227642	0.172764227642	0.158536585366	0.142276422764	0.197154471545	0.14837398374	0.142276422764	0.172764227642	0.164634146341	0.136178861789	0.156504065041	0.146341463415	0.172764227642	0.14837398374	0.142276422764	0.160569105691	0.160569105691	0.140243902439	0.162601626016	0.158536585366	0.176829268293	0.160569105691	0.164634146341	0.158536585366	0.164634146341	0.184959349593	0.170731707317
764467579-stool3.snv.bam	0.136178861789	0.166666666667	0.0589430894309	0.158536585366	0.146341463415	0.123983739837	0.168699186992	0.160569105691	0.138211382114	0.099593495935	0.0264227642276	0.166666666667	0.0	0.193089430894	0.19512195122	0.136178861789	0.105691056911	0.158536585366	0.189024390244	0.189024390244	0.170731707317	0.160569105691	0.193089430894	0.150406504065	0.119918699187	0.180894308943	0.142276422764	0.168699186992	0.146341463415	0.166666666667	0.154471544715	0.160569105691	0.140243902439	0.184959349593	0.176829268293	0.126016260163	0.164634146341	0.158536585366	0.170731707317	0.168699186992	0.156504065041	0.162601626016	0.156504065041	0.172764227642	0.176829268293
764588959-stool1.snv.bam	0.201219512195	0.180894308943	0.205284552846	0.15243902439	0.174796747967	0.170731707317	0.191056910569	0.176829268293	0.182926829268	0.19512195122	0.19512195122	0.19512195122	0.193089430894	0.0	0.0	0.156504065041	0.142276422764	0.193089430894	0.233739837398	0.233739837398	0.213414634146	0.19512195122	0.233739837398	0.154471544715	0.172764227642	0.189024390244	0.191056910569	0.209349593496	0.174796747967	0.166666666667	0.180894308943	0.193089430894	0.174796747967	0.209349593496	0.205284552846	0.182926829268	0.186991869919	0.193089430894	0.19918699187	0.209349593496	0.19918699187	0.162601626016	0.182926829268	0.191056910569	0.182926829268
764588959-stool2.snv.bam	0.20325203252	0.182926829268	0.207317073171	0.154471544715	0.176829268293	0.172764227642	0.193089430894	0.178861788618	0.184959349593	0.197154471545	0.197154471545	0.197154471545	0.19512195122	0.0	0.0	0.158536585366	0.144308943089	0.19512195122	0.235772357724	0.235772357724	0.215447154472	0.197154471545	0.235772357724	0.156504065041	0.174796747967	0.191056910569	0.193089430894	0.211382113821	0.176829268293	0.168699186992	0.182926829268	0.19512195122	0.176829268293	0.211382113821	0.207317073171	0.184959349593	0.189024390244	0.19512195122	0.201219512195	0.211382113821	0.201219512195	0.164634146341	0.184959349593	0.193089430894	0.184959349593
765074482-stool1.snv.bam	0.109756097561	0.142276422764	0.136178861789	0.146341463415	0.119918699187	0.0894308943089	0.130081300813	0.111788617886	0.111788617886	0.142276422764	0.140243902439	0.154471544715	0.136178861789	0.156504065041	0.158536585366	0.0	0.0284552845528	0.142276422764	0.154471544715	0.154471544715	0.140243902439	0.158536585366	0.170731707317	0.146341463415	0.103658536585	0.144308943089	0.134146341463	0.142276422764	0.132113821138	0.113821138211	0.138211382114	0.113821138211	0.0975609756098	0.158536585366	0.115853658537	0.105691056911	0.132113821138	0.121951219512	0.134146341463	0.150406504065	0.154471544715	0.117886178862	0.132113821138	0.126016260163	0.154471544715
765519544-stool3.snv.bam	0.0873983739837	0.134146341463	0.107723577236	0.132113821138	0.107723577236	0.0813008130081	0.119918699187	0.111788617886	0.0873983739837	0.117886178862	0.111788617886	0.134146341463	0.105691056911	0.142276422764	0.144308943089	0.0284552845528	0.0	0.128048780488	0.146341463415	0.146341463415	0.136178861789	0.132113821138	0.160569105691	0.126016260163	0.0833333333333	0.150406504065	0.105691056911	0.119918699187	0.123983739837	0.115853658537	0.117886178862	0.105691056911	0.0955284552846	0.134146341463	0.111788617886	0.0975609756098	0.132113821138	0.113821138211	0.119918699187	0.126016260163	0.138211382114	0.111788617886	0.111788617886	0.107723577236	0.132113821138
BGI-17A.snv.bam	0.170731707317	0.15243902439	0.15243902439	0.14837398374	0.14837398374	0.156504065041	0.146341463415	0.172764227642	0.130081300813	0.146341463415	0.150406504065	0.172764227642	0.158536585366	0.193089430894	0.19512195122	0.142276422764	0.128048780488	0.0	0.182926829268	0.182926829268	0.166666666667	0.150406504065	0.178861788618	0.162601626016	0.140243902439	0.170731707317	0.15243902439	0.170731707317	0.15243902439	0.146341463415	0.15243902439	0.166666666667	0.156504065041	0.162601626016	0.168699186992	0.162601626016	0.156504065041	0.142276422764	0.160569105691	0.162601626016	0.164634146341	0.160569105691	0.138211382114	0.14837398374	0.158536585366
BYQ_AAAG.snv.bam	0.172764227642	0.174796747967	0.189024390244	0.178861788618	0.146341463415	0.168699186992	0.164634146341	0.156504065041	0.162601626016	0.176829268293	0.180894308943	0.172764227642	0.189024390244	0.233739837398	0.235772357724	0.154471544715	0.146341463415	0.182926829268	0.0	0.0	0.0	0.160569105691	0.174796747967	0.180894308943	0.14837398374	0.150406504065	0.182926829268	0.178861788618	0.170731707317	0.182926829268	0.174796747967	0.178861788618	0.150406504065	0.211382113821	0.164634146341	0.14837398374	0.191056910569	0.134146341463	0.166666666667	0.174796747967	0.160569105691	0.172764227642	0.15243902439	0.180894308943	0.168699186992
BYQ_AAAR.snv.bam	0.172764227642	0.174796747967	0.189024390244	0.178861788618	0.146341463415	0.168699186992	0.164634146341	0.156504065041	0.162601626016	0.176829268293	0.180894308943	0.172764227642	0.189024390244	0.233739837398	0.235772357724	0.154471544715	0.146341463415	0.182926829268	0.0	0.0	0.0	0.160569105691	0.174796747967	0.180894308943	0.14837398374	0.150406504065	0.182926829268	0.178861788618	0.170731707317	0.182926829268	0.174796747967	0.178861788618	0.150406504065	0.211382113821	0.164634146341	0.14837398374	0.191056910569	0.134146341463	0.166666666667	0.174796747967	0.160569105691	0.172764227642	0.15243902439	0.180894308943	0.168699186992
BYQ_AABA.snv.bam	0.15243902439	0.158536585366	0.166666666667	0.160569105691	0.134146341463	0.15243902439	0.14837398374	0.140243902439	0.15243902439	0.160569105691	0.158536585366	0.158536585366	0.170731707317	0.213414634146	0.215447154472	0.140243902439	0.136178861789	0.166666666667	0.0	0.0	0.0	0.144308943089	0.158536585366	0.164634146341	0.134146341463	0.138211382114	0.162601626016	0.160569105691	0.150406504065	0.164634146341	0.158536585366	0.164634146341	0.136178861789	0.189024390244	0.150406504065	0.134146341463	0.172764227642	0.121951219512	0.14837398374	0.158536585366	0.144308943089	0.154471544715	0.132113821138	0.160569105691	0.14837398374
CCIS16561622ST-4-0.snv.bam	0.164634146341	0.14837398374	0.160569105691	0.117886178862	0.140243902439	0.160569105691	0.150406504065	0.170731707317	0.142276422764	0.162601626016	0.158536585366	0.142276422764	0.160569105691	0.19512195122	0.197154471545	0.158536585366	0.132113821138	0.150406504065	0.160569105691	0.160569105691	0.144308943089	0.0	0.14837398374	0.14837398374	0.146341463415	0.156504065041	0.14837398374	0.162601626016	0.156504065041	0.134146341463	0.142276422764	0.168699186992	0.144308943089	0.172764227642	0.123983739837	0.144308943089	0.174796747967	0.160569105691	0.164634146341	0.168699186992	0.154471544715	0.156504065041	0.160569105691	0.160569105691	0.150406504065
CCMD95433940ST-21-0.snv.bam	0.211382113821	0.182926829268	0.176829268293	0.178861788618	0.170731707317	0.178861788618	0.178861788618	0.19918699187	0.168699186992	0.189024390244	0.180894308943	0.197154471545	0.193089430894	0.233739837398	0.235772357724	0.170731707317	0.160569105691	0.178861788618	0.174796747967	0.174796747967	0.158536585366	0.14837398374	0.0	0.201219512195	0.166666666667	0.164634146341	0.201219512195	0.180894308943	0.14837398374	0.170731707317	0.176829268293	0.191056910569	0.172764227642	0.209349593496	0.134146341463	0.164634146341	0.182926829268	0.168699186992	0.201219512195	0.182926829268	0.182926829268	0.197154471545	0.170731707317	0.20325203252	0.197154471545
MH0205.snv.bam	0.140243902439	0.15243902439	0.158536585366	0.138211382114	0.138211382114	0.138211382114	0.14837398374	0.14837398374	0.132113821138	0.164634146341	0.146341463415	0.14837398374	0.150406504065	0.154471544715	0.156504065041	0.146341463415	0.126016260163	0.162601626016	0.180894308943	0.180894308943	0.164634146341	0.14837398374	0.201219512195	0.0	0.128048780488	0.150406504065	0.154471544715	0.170731707317	0.146341463415	0.128048780488	0.138211382114	0.162601626016	0.144308943089	0.172764227642	0.164634146341	0.138211382114	0.164634146341	0.162601626016	0.156504065041	0.182926829268	0.144308943089	0.0873983739837	0.138211382114	0.140243902439	0.142276422764
MH0220.snv.bam	0.109756097561	0.107723577236	0.140243902439	0.142276422764	0.123983739837	0.107723577236	0.136178861789	0.117886178862	0.103658536585	0.117886178862	0.113821138211	0.142276422764	0.119918699187	0.172764227642	0.174796747967	0.103658536585	0.0833333333333	0.140243902439	0.14837398374	0.14837398374	0.134146341463	0.146341463415	0.166666666667	0.128048780488	0.0	0.144308943089	0.15243902439	0.115853658537	0.138211382114	0.121951219512	0.142276422764	0.105691056911	0.099593495935	0.14837398374	0.134146341463	0.0914634146341	0.128048780488	0.0955284552846	0.174796747967	0.128048780488	0.128048780488	0.132113821138	0.10162601626	0.162601626016	0.150406504065
MH0271.snv.bam	0.180894308943	0.158536585366	0.182926829268	0.146341463415	0.138211382114	0.178861788618	0.138211382114	0.117886178862	0.14837398374	0.168699186992	0.174796747967	0.172764227642	0.180894308943	0.189024390244	0.191056910569	0.144308943089	0.150406504065	0.170731707317	0.150406504065	0.150406504065	0.138211382114	0.156504065041	0.164634146341	0.150406504065	0.144308943089	0.0	0.160569105691	0.166666666667	0.15243902439	0.140243902439	0.136178861789	0.136178861789	0.117886178862	0.207317073171	0.156504065041	0.150406504065	0.158536585366	0.130081300813	0.144308943089	0.182926829268	0.140243902439	0.168699186992	0.134146341463	0.176829268293	0.180894308943
MH0276.snv.bam	0.162601626016	0.172764227642	0.115853658537	0.134146341463	0.140243902439	0.162601626016	0.136178861789	0.154471544715	0.138211382114	0.14837398374	0.132113821138	0.164634146341	0.142276422764	0.191056910569	0.193089430894	0.134146341463	0.105691056911	0.15243902439	0.182926829268	0.182926829268	0.162601626016	0.14837398374	0.201219512195	0.154471544715	0.15243902439	0.160569105691	0.0	0.176829268293	0.138211382114	0.174796747967	0.138211382114	0.162601626016	0.146341463415	0.166666666667	0.162601626016	0.150406504065	0.162601626016	0.168699186992	0.156504065041	0.168699186992	0.168699186992	0.15243902439	0.158536585366	0.146341463415	0.160569105691
MH0313.snv.bam	0.14837398374	0.15243902439	0.178861788618	0.162601626016	0.160569105691	0.180894308943	0.160569105691	0.138211382114	0.123983739837	0.189024390244	0.166666666667	0.136178861789	0.168699186992	0.209349593496	0.211382113821	0.142276422764	0.119918699187	0.170731707317	0.178861788618	0.178861788618	0.160569105691	0.162601626016	0.180894308943	0.170731707317	0.115853658537	0.166666666667	0.176829268293	0.0	0.150406504065	0.154471544715	0.150406504065	0.130081300813	0.130081300813	0.166666666667	0.138211382114	0.132113821138	0.146341463415	0.140243902439	0.201219512195	0.119918699187	0.160569105691	0.166666666667	0.136178861789	0.174796747967	0.172764227642
MH0333.snv.bam	0.144308943089	0.154471544715	0.123983739837	0.107723577236	0.136178861789	0.156504065041	0.144308943089	0.132113821138	0.140243902439	0.154471544715	0.142276422764	0.156504065041	0.146341463415	0.174796747967	0.176829268293	0.132113821138	0.123983739837	0.15243902439	0.170731707317	0.170731707317	0.150406504065	0.156504065041	0.14837398374	0.146341463415	0.138211382114	0.15243902439	0.138211382114	0.150406504065	0.0	0.140243902439	0.130081300813	0.144308943089	0.132113821138	0.158536585366	0.158536585366	0.138211382114	0.121951219512	0.150406504065	0.170731707317	0.144308943089	0.138211382114	0.109756097561	0.128048780488	0.170731707317	0.162601626016
MH0369.snv.bam	0.138211382114	0.123983739837	0.178861788618	0.140243902439	0.14837398374	0.156504065041	0.164634146341	0.130081300813	0.130081300813	0.176829268293	0.170731707317	0.146341463415	0.166666666667	0.166666666667	0.168699186992	0.113821138211	0.115853658537	0.146341463415	0.182926829268	0.182926829268	0.164634146341	0.134146341463	0.170731707317	0.128048780488	0.121951219512	0.140243902439	0.174796747967	0.154471544715	0.140243902439	0.0	0.136178861789	0.126016260163	0.113821138211	0.15243902439	0.136178861789	0.144308943089	0.162601626016	0.119918699187	0.128048780488	0.170731707317	0.14837398374	0.136178861789	0.0955284552846	0.154471544715	0.164634146341
MH0375.snv.bam	0.134146341463	0.138211382114	0.154471544715	0.128048780488	0.119918699187	0.160569105691	0.150406504065	0.136178861789	0.132113821138	0.168699186992	0.154471544715	0.172764227642	0.154471544715	0.180894308943	0.182926829268	0.138211382114	0.117886178862	0.15243902439	0.174796747967	0.174796747967	0.158536585366	0.142276422764	0.176829268293	0.138211382114	0.142276422764	0.136178861789	0.138211382114	0.150406504065	0.130081300813	0.136178861789	0.0	0.156504065041	0.136178861789	0.160569105691	0.119918699187	0.142276422764	0.172764227642	0.136178861789	0.158536585366	0.154471544715	0.14837398374	0.142276422764	0.138211382114	0.164634146341	0.170731707317
MH0403.snv.bam	0.121951219512	0.146341463415	0.156504065041	0.146341463415	0.140243902439	0.154471544715	0.144308943089	0.0630081300813	0.132113821138	0.144308943089	0.154471544715	0.14837398374	0.160569105691	0.193089430894	0.19512195122	0.113821138211	0.105691056911	0.166666666667	0.178861788618	0.178861788618	0.164634146341	0.168699186992	0.191056910569	0.162601626016	0.105691056911	0.136178861789	0.162601626016	0.130081300813	0.144308943089	0.126016260163	0.156504065041	0.0	0.0182926829268	0.144308943089	0.126016260163	0.0630081300813	0.14837398374	0.123983739837	0.158536585366	0.15243902439	0.150406504065	0.134146341463	0.130081300813	0.176829268293	0.172764227642
MH0404.snv.bam	0.10162601626	0.138211382114	0.138211382114	0.138211382114	0.115853658537	0.138211382114	0.119918699187	0.0406504065041	0.121951219512	0.128048780488	0.140243902439	0.142276422764	0.140243902439	0.174796747967	0.176829268293	0.0975609756098	0.0955284552846	0.156504065041	0.150406504065	0.150406504065	0.136178861789	0.144308943089	0.172764227642	0.144308943089	0.099593495935	0.117886178862	0.146341463415	0.130081300813	0.132113821138	0.113821138211	0.136178861789	0.0182926829268	0.0	0.136178861789	0.113821138211	0.0447154471545	0.138211382114	0.115853658537	0.138211382114	0.140243902439	0.142276422764	0.113821138211	0.115853658537	0.156504065041	0.158536585366
MH0408.snv.bam	0.136178861789	0.174796747967	0.15243902439	0.142276422764	0.172764227642	0.172764227642	0.186991869919	0.172764227642	0.146341463415	0.189024390244	0.182926829268	0.160569105691	0.184959349593	0.209349593496	0.211382113821	0.158536585366	0.134146341463	0.162601626016	0.211382113821	0.211382113821	0.189024390244	0.172764227642	0.209349593496	0.172764227642	0.14837398374	0.207317073171	0.166666666667	0.166666666667	0.158536585366	0.15243902439	0.160569105691	0.144308943089	0.136178861789	0.0	0.182926829268	0.164634146341	0.168699186992	0.158536585366	0.19512195122	0.182926829268	0.158536585366	0.144308943089	0.158536585366	0.180894308943	0.182926829268
MH0434.snv.bam	0.158536585366	0.146341463415	0.180894308943	0.156504065041	0.115853658537	0.132113821138	0.121951219512	0.132113821138	0.136178861789	0.168699186992	0.168699186992	0.160569105691	0.176829268293	0.205284552846	0.207317073171	0.115853658537	0.111788617886	0.168699186992	0.164634146341	0.164634146341	0.150406504065	0.123983739837	0.134146341463	0.164634146341	0.134146341463	0.156504065041	0.162601626016	0.138211382114	0.158536585366	0.136178861789	0.119918699187	0.126016260163	0.113821138211	0.182926829268	0.0	0.111788617886	0.162601626016	0.166666666667	0.162601626016	0.162601626016	0.154471544715	0.154471544715	0.170731707317	0.156504065041	0.176829268293
MH0457.snv.bam	0.126016260163	0.138211382114	0.142276422764	0.146341463415	0.115853658537	0.123983739837	0.119918699187	0.0792682926829	0.117886178862	0.130081300813	0.128048780488	0.140243902439	0.126016260163	0.182926829268	0.184959349593	0.105691056911	0.0975609756098	0.162601626016	0.14837398374	0.14837398374	0.134146341463	0.144308943089	0.164634146341	0.138211382114	0.0914634146341	0.150406504065	0.150406504065	0.132113821138	0.138211382114	0.144308943089	0.142276422764	0.0630081300813	0.0447154471545	0.164634146341	0.111788617886	0.0	0.132113821138	0.132113821138	0.172764227642	0.140243902439	0.156504065041	0.132113821138	0.14837398374	0.15243902439	0.166666666667
MMRS11288076ST-27-0-0.snv.bam	0.14837398374	0.15243902439	0.158536585366	0.146341463415	0.154471544715	0.162601626016	0.162601626016	0.142276422764	0.126016260163	0.170731707317	0.156504065041	0.162601626016	0.164634146341	0.186991869919	0.189024390244	0.132113821138	0.132113821138	0.156504065041	0.191056910569	0.191056910569	0.172764227642	0.174796747967	0.182926829268	0.164634146341	0.128048780488	0.158536585366	0.162601626016	0.146341463415	0.121951219512	0.162601626016	0.172764227642	0.14837398374	0.138211382114	0.168699186992	0.162601626016	0.132113821138	0.0	0.156504065041	0.184959349593	0.170731707317	0.158536585366	0.15243902439	0.160569105691	0.182926829268	0.182926829268
MMRS36405092ST-27-0-0.snv.bam	0.128048780488	0.140243902439	0.164634146341	0.170731707317	0.130081300813	0.156504065041	0.164634146341	0.113821138211	0.134146341463	0.162601626016	0.15243902439	0.158536585366	0.158536585366	0.193089430894	0.19512195122	0.121951219512	0.113821138211	0.142276422764	0.134146341463	0.134146341463	0.121951219512	0.160569105691	0.168699186992	0.162601626016	0.0955284552846	0.130081300813	0.168699186992	0.140243902439	0.150406504065	0.119918699187	0.136178861789	0.123983739837	0.115853658537	0.158536585366	0.166666666667	0.132113821138	0.156504065041	0.0	0.160569105691	0.142276422764	0.160569105691	0.158536585366	0.109756097561	0.174796747967	0.166666666667
MMRS65862658ST-27-0-0.snv.bam	0.158536585366	0.166666666667	0.176829268293	0.150406504065	0.154471544715	0.142276422764	0.150406504065	0.14837398374	0.146341463415	0.182926829268	0.168699186992	0.176829268293	0.170731707317	0.19918699187	0.201219512195	0.134146341463	0.119918699187	0.160569105691	0.166666666667	0.166666666667	0.14837398374	0.164634146341	0.201219512195	0.156504065041	0.174796747967	0.144308943089	0.156504065041	0.201219512195	0.170731707317	0.128048780488	0.158536585366	0.158536585366	0.138211382114	0.19512195122	0.162601626016	0.172764227642	0.184959349593	0.160569105691	0.0	0.186991869919	0.164634146341	0.172764227642	0.134146341463	0.142276422764	0.156504065041
MMRS93621581ST-27-0-0.snv.bam	0.158536585366	0.174796747967	0.160569105691	0.156504065041	0.168699186992	0.191056910569	0.15243902439	0.142276422764	0.140243902439	0.160569105691	0.164634146341	0.160569105691	0.168699186992	0.209349593496	0.211382113821	0.150406504065	0.126016260163	0.162601626016	0.174796747967	0.174796747967	0.158536585366	0.168699186992	0.182926829268	0.182926829268	0.128048780488	0.182926829268	0.168699186992	0.119918699187	0.144308943089	0.170731707317	0.154471544715	0.15243902439	0.140243902439	0.182926829268	0.162601626016	0.140243902439	0.170731707317	0.142276422764	0.186991869919	0.0	0.166666666667	0.174796747967	0.144308943089	0.162601626016	0.168699186992
NG-5636_456.snv.bam	0.138211382114	0.146341463415	0.164634146341	0.140243902439	0.14837398374	0.15243902439	0.160569105691	0.154471544715	0.130081300813	0.166666666667	0.150406504065	0.164634146341	0.156504065041	0.19918699187	0.201219512195	0.154471544715	0.138211382114	0.164634146341	0.160569105691	0.160569105691	0.144308943089	0.154471544715	0.182926829268	0.144308943089	0.128048780488	0.140243902439	0.168699186992	0.160569105691	0.138211382114	0.14837398374	0.14837398374	0.150406504065	0.142276422764	0.158536585366	0.154471544715	0.156504065041	0.158536585366	0.160569105691	0.164634146341	0.166666666667	0.0	0.109756097561	0.142276422764	0.178861788618	0.156504065041
O2.UC13-1.snv.bam	0.119918699187	0.150406504065	0.160569105691	0.144308943089	0.132113821138	0.142276422764	0.138211382114	0.132113821138	0.144308943089	0.160569105691	0.160569105691	0.158536585366	0.162601626016	0.162601626016	0.164634146341	0.117886178862	0.111788617886	0.160569105691	0.172764227642	0.172764227642	0.154471544715	0.156504065041	0.197154471545	0.0873983739837	0.132113821138	0.168699186992	0.15243902439	0.166666666667	0.109756097561	0.136178861789	0.142276422764	0.134146341463	0.113821138211	0.144308943089	0.154471544715	0.132113821138	0.15243902439	0.158536585366	0.172764227642	0.174796747967	0.109756097561	0.0	0.142276422764	0.154471544715	0.15243902439
SAMEA3136703.snv.bam	0.146341463415	0.132113821138	0.164634146341	0.138211382114	0.140243902439	0.178861788618	0.156504065041	0.123983739837	0.123983739837	0.158536585366	0.154471544715	0.164634146341	0.156504065041	0.182926829268	0.184959349593	0.132113821138	0.111788617886	0.138211382114	0.15243902439	0.15243902439	0.132113821138	0.160569105691	0.170731707317	0.138211382114	0.10162601626	0.134146341463	0.158536585366	0.136178861789	0.128048780488	0.0955284552846	0.138211382114	0.130081300813	0.115853658537	0.158536585366	0.170731707317	0.14837398374	0.160569105691	0.109756097561	0.134146341463	0.144308943089	0.142276422764	0.142276422764	0.0	0.160569105691	0.14837398374
V1.FI27.snv.bam	0.164634146341	0.160569105691	0.168699186992	0.15243902439	0.144308943089	0.164634146341	0.107723577236	0.170731707317	0.132113821138	0.172764227642	0.180894308943	0.184959349593	0.172764227642	0.191056910569	0.193089430894	0.126016260163	0.107723577236	0.14837398374	0.180894308943	0.180894308943	0.160569105691	0.160569105691	0.20325203252	0.140243902439	0.162601626016	0.176829268293	0.146341463415	0.174796747967	0.170731707317	0.154471544715	0.164634146341	0.176829268293	0.156504065041	0.180894308943	0.156504065041	0.15243902439	0.182926829268	0.174796747967	0.142276422764	0.162601626016	0.178861788618	0.154471544715	0.160569105691	0.0	0.14837398374
V1.UC51-4.snv.bam	0.154471544715	0.146341463415	0.174796747967	0.134146341463	0.14837398374	0.15243902439	0.134146341463	0.15243902439	0.138211382114	0.170731707317	0.162601626016	0.170731707317	0.176829268293	0.182926829268	0.184959349593	0.154471544715	0.132113821138	0.158536585366	0.168699186992	0.168699186992	0.14837398374	0.150406504065	0.197154471545	0.142276422764	0.150406504065	0.180894308943	0.160569105691	0.172764227642	0.162601626016	0.164634146341	0.170731707317	0.172764227642	0.158536585366	0.182926829268	0.176829268293	0.166666666667	0.182926829268	0.166666666667	0.156504065041	0.168699186992	0.156504065041	0.15243902439	0.14837398374	0.14837398374	0.0
