	147406386-tonguedorsum3.snv.bam	158155345-tonguedorsum2.snv.bam	158216035-tonguedorsum2.snv.bam	158256496-tonguedorsum2.snv.bam	158337416-tonguedorsum2.snv.bam	158458797-tonguedorsum1.snv.bam	158479027-tonguedorsum1.snv.bam	158479027-tonguedorsum2.snv.bam	158499257-tonguedorsum1.snv.bam	158499257-tonguedorsum2.snv.bam	158802708-tonguedorsum1.snv.bam	158802708-tonguedorsum3.snv.bam	158883629-tonguedorsum2.snv.bam	158883629-tonguedorsum3.snv.bam	158944319-tonguedorsum1.snv.bam	158944319-tonguedorsum2.snv.bam	158944319-tonguedorsum3.snv.bam	159005010-tonguedorsum2.snv.bam	159207311-tonguedorsum2.snv.bam	159207311-tonguedorsum3.snv.bam	159227541-tonguedorsum2.snv.bam	159227541-tonguedorsum3.snv.bam	159247771-tonguedorsum2.snv.bam	159268001-tonguedorsum2.snv.bam	159490532-tonguedorsum1.snv.bam	159510762-supragingivalplaque3.snv.bam	159510762-tonguedorsum2.snv.bam	159551223-tonguedorsum1.snv.bam	159571453-tonguedorsum1.snv.bam	159571453-tonguedorsum2.snv.bam	159591683-tonguedorsum1.snv.bam	159591683-tonguedorsum2.snv.bam	159632143-tonguedorsum1.snv.bam	159713063-tonguedorsum2.snv.bam	159753524-tonguedorsum1.snv.bam	159753524-tonguedorsum3.snv.bam	159814214-tonguedorsum2.snv.bam	159915365-tonguedorsum1.snv.bam	160158126-tonguedorsum1.snv.bam	160158126-tonguedorsum2.snv.bam	160178356-tonguedorsum1.snv.bam	160178356-tonguedorsum2.snv.bam	160178356-tonguedorsum3.snv.bam	160259276-tonguedorsum1.snv.bam	160319967-tonguedorsum1.snv.bam	160319967-tonguedorsum3.snv.bam	160400887-tonguedorsum1.snv.bam	160421117-tonguedorsum1.snv.bam	160421117-tonguedorsum2.snv.bam	160421117-tonguedorsum3.snv.bam	160502038-tonguedorsum1.snv.bam	160502038-tonguedorsum2.snv.bam	160502038-tonguedorsum3.snv.bam	160582958-tonguedorsum1.snv.bam	160582958-tonguedorsum2.snv.bam	160582958-tonguedorsum3.snv.bam	160603188-tonguedorsum1.snv.bam	160603188-tonguedorsum2.snv.bam	160603188-tonguedorsum3.snv.bam	160643649-tonguedorsum1.snv.bam	160704339-tonguedorsum1.snv.bam	160765029-tonguedorsum1.snv.bam	160906640-tonguedorsum1.snv.bam	160947100-tonguedorsum1.snv.bam	178713055-tonguedorsum2.snv.bam	234447334-buccalmucosa2.snv.bam	234447334-tonguedorsum2.snv.bam	246515023-tonguedorsum1.snv.bam	295137534-tonguedorsum2.snv.bam	338793263-tonguedorsum2.snv.bam	375450439-tonguedorsum3.snv.bam	508703490-tonguedorsum1.snv.bam	508703490-tonguedorsum2.snv.bam	550534656-tonguedorsum1.snv.bam	604812005-tonguedorsum3.snv.bam	663835652-tonguedorsum2.snv.bam	675950834-tonguedorsum1.snv.bam	675950834-tonguedorsum2.snv.bam	675950834-tonguedorsum3.snv.bam	686765762-tonguedorsum1.snv.bam	686765762-tonguedorsum2.snv.bam	686765762-tonguedorsum3.snv.bam	706846339-tonguedorsum1.snv.bam	739574095-tonguedorsum2.snv.bam	763395383-anteriornares3.snv.bam	763395383-tonguedorsum3.snv.bam	763557224-tonguedorsum3.snv.bam	763577454-tonguedorsum1.snv.bam	763759525-tonguedorsum2.snv.bam	763820215-tonguedorsum1.snv.bam	763820215-tonguedorsum2.snv.bam	763840445-tonguedorsum2.snv.bam	763860675-tonguedorsum1.snv.bam	763901136-tonguedorsum2.snv.bam	763901136-tonguedorsum3.snv.bam	763961826-tonguedorsum1.snv.bam	763961826-tonguedorsum2.snv.bam	763982056-tonguedorsum2.snv.bam	763982056-tonguedorsum3.snv.bam	764042746-tonguedorsum1.snv.bam	764042746-tonguedorsum2.snv.bam	764062976-tonguedorsum2.snv.bam	764143897-tonguedorsum2.snv.bam	764285508-tonguedorsum2.snv.bam	764325968-tonguedorsum1.snv.bam	764447348-tonguedorsum1.snv.bam	764447348-tonguedorsum2.snv.bam	764487809-tonguedorsum1.snv.bam	764487809-tonguedorsum2.snv.bam	764508039-tonguedorsum1.snv.bam	764588959-tonguedorsum1.snv.bam	764588959-tonguedorsum2.snv.bam	764649650-tonguedorsum1.snv.bam	764649650-tonguedorsum2.snv.bam	764811490-tonguedorsum1.snv.bam	764872181-tonguedorsum1.snv.bam	764892411-tonguedorsum2.snv.bam	765013792-tonguedorsum2.snv.bam	765013792-tonguedorsum3.snv.bam	765074482-tonguedorsum1.snv.bam	765094712-tonguedorsum1.snv.bam	765094712-tonguedorsum2.snv.bam	765135172-tonguedorsum2.snv.bam	765155402-tonguedorsum3.snv.bam	765195863-tonguedorsum3.snv.bam	765216093-tonguedorsum3.snv.bam	765337473-tonguedorsum2.snv.bam	765337473-tonguedorsum3.snv.bam	765377934-tonguedorsum3.snv.bam	765620695-buccalmucosa2.snv.bam	765620695-tonguedorsum1.snv.bam	765640925-tonguedorsum1.snv.bam	765701615-tonguedorsum2.snv.bam	823052294-tonguedorsum1.snv.bam	823052294-tonguedorsum2.snv.bam	823052294-tonguedorsum3.snv.bam	861967750-tonguedorsum1.snv.bam	937415040-tonguedorsum1.snv.bam	953045535-tonguedorsum2.snv.bam
147406386-tonguedorsum3.snv.bam	0.0	0.142668713293	0.115211303938	0.118555547991	0.142411359029	0.130557719478	0.142578859154	0.132202685822	0.107213886427	0.107704693944	0.117293608383	0.107155948358	0.11810191165	0.134708198024	0.141589678869	0.14619676395	0.1511384747	0.158600057529	0.135775853156	0.124939319698	0.120312559312	0.122268007664	0.117691549356	0.138800801233	0.143339151071	0.12811824302	0.141997960198	0.128947506873	0.141313233405	0.143736512512	0.124107910793	0.116396455098	0.136719575274	0.15593889062	0.116633262625	0.105739633523	0.115468287323	0.132662638462	0.126029157704	0.131908831501	0.103117669352	0.115558125391	0.114496643043	0.123171104711	0.137346802938	0.140036967254	0.11553478129	0.121495880569	0.122353918856	0.12141988186	0.157222893252	0.161052004563	0.150672151755	0.130573006778	0.120150018335	0.139215752238	0.110537983275	0.11935389223	0.108763194054	0.135363635666	0.150800548271	0.127946731951	0.129297364601	0.129907275808	0.117680943934	0.127402921752	0.116174259424	0.116878017403	0.135351733248	0.111310859578	0.157730295037	0.133445263898	0.120855649671	0.141136711721	0.118110132202	0.103057333655	0.137660487561	0.138137050065	0.12421948406	0.146876095634	0.154233337888	0.146886642664	0.116751954817	0.1532072537	0.126823538368	0.141831367559	0.144167016971	0.142503430613	0.151648571338	0.1079901243	0.109714149233	0.115266913758	0.115485452124	0.132851595597	0.118447566061	0.145671911935	0.142929665905	0.143762200918	0.166337265323	0.148352937325	0.137974079257	0.139707422761	0.142644603081	0.136786758131	0.131769020166	0.143184328335	0.133947837757	0.135588943441	0.137597520306	0.142912269574	0.125438141164	0.127104738646	0.121229502342	0.124634289461	0.116886443548	0.130102854156	0.119202800529	0.128784665102	0.12426787882	0.125077714777	0.141360862814	0.142892353788	0.123268597125	0.115172468101	0.118303427297	0.12008761672	0.121904255474	0.111552222501	0.109046783636	0.1591903395	0.124100497045	0.131925970807	0.120166102664	0.115698715974	0.123287559545	0.122569755247	0.130899429588	0.114178115428	0.120461200206
158155345-tonguedorsum2.snv.bam	0.142668713293	0.0	0.130254136949	0.117957258233	0.163805216375	0.1426368331	0.143113179152	0.137430082691	0.13379323529	0.131192295666	0.130993424019	0.138563101987	0.131456396233	0.145904670839	0.180945706136	0.183746798919	0.16813580925	0.151646956169	0.138457518497	0.132881453369	0.143296563187	0.125372352593	0.121147983065	0.182332296741	0.167600661143	0.156423617185	0.176697374345	0.130208404563	0.148555113373	0.13167608084	0.143967716256	0.144544865435	0.137957896085	0.184611928104	0.138955937597	0.133718936446	0.166283625169	0.155573000925	0.146577237082	0.154079334732	0.130116737378	0.128614831386	0.12261920704	0.139897500637	0.178621958297	0.169804721875	0.136379021093	0.130422563487	0.127408351708	0.124957553027	0.15830233744	0.161969544808	0.155622069506	0.12991803249	0.129345296926	0.140174119081	0.146191526651	0.138165081831	0.142960209676	0.143217676057	0.12998997737	0.132903670303	0.145152478522	0.143649858952	0.148596090178	0.14390102433	0.141735786987	0.12377626176	0.139472922606	0.128225610999	0.177064408753	0.117843877621	0.11768598648	0.141965950161	0.135719080703	0.104204409171	0.144493466269	0.146705740317	0.131509194237	0.159117066952	0.163367746891	0.155073522298	0.127248963923	0.161417998866	0.12842623367	0.141194549052	0.141999969555	0.14678870444	0.166739115172	0.143061549893	0.13530175599	0.138079111541	0.124697094112	0.130145741109	0.124802887706	0.12071612015	0.13207842772	0.160412712022	0.168144720743	0.169125177043	0.147344059685	0.149650689414	0.151444922337	0.144569346681	0.0903514988487	0.163926599783	0.13939080637	0.143669009225	0.144425749229	0.166060796786	0.11867459856	0.134792601173	0.126839477009	0.120482138602	0.104994530549	0.145992203503	0.108076088439	0.132056762895	0.131089907172	0.133998367065	0.149596391522	0.156098048504	0.135192848979	0.105244833738	0.139659943988	0.123835215703	0.145793498502	0.142159016428	0.127797315818	0.155581340688	0.138187401541	0.149566566132	0.141624816566	0.121600461218	0.138409147282	0.0965975693582	0.150701909058	0.147262801391	0.138587296286
158216035-tonguedorsum2.snv.bam	0.115211303938	0.130254136949	0.0	0.0940095392513	0.125096960059	0.11331448884	0.123942805542	0.108517846481	0.081326186154	0.0786212219788	0.0903822178613	0.072117502632	0.112436957278	0.127920241962	0.1392809048	0.141552048723	0.137364507647	0.124147384144	0.102080877872	0.0969874829778	0.0894249776986	0.0940050190351	0.0957801642767	0.144374293705	0.125471644751	0.135790424797	0.154533402647	0.113779979456	0.127928963921	0.107843796876	0.0812736078051	0.082238279056	0.121529241613	0.156685907402	0.114488089081	0.0854301188622	0.133120600351	0.127717089926	0.133001981845	0.138455425436	0.0941940604759	0.0757943083931	0.0828392601324	0.136333835179	0.148390827784	0.145114174604	0.117907924432	0.0993243519583	0.0969259597088	0.101243260514	0.125315370965	0.131216959889	0.118862459453	0.0952971858594	0.0831896039286	0.12114631312	0.0890826320405	0.0955166345686	0.0879717207228	0.138564754646	0.119485280106	0.103078813096	0.129971046193	0.115734706033	0.0940411748413	0.0971183469526	0.0966617187946	0.092184199836	0.136451759479	0.0987280196295	0.138410070577	0.104571758657	0.100501125906	0.102379566424	0.093039620682	0.10405916066	0.125587360599	0.114930730518	0.107246276338	0.129738679563	0.137804562802	0.127008285465	0.0924800837172	0.152498020097	0.108893301933	0.11504991065	0.139409245433	0.12499578466	0.140699656595	0.0903580185502	0.0870187337612	0.0778109585373	0.0892954529785	0.101399996647	0.0899408261087	0.131283312937	0.118786099119	0.121158268886	0.153892947029	0.150185360845	0.138456508758	0.140698176548	0.117795402557	0.118371055243	0.10551115916	0.115473536272	0.119449995303	0.119477440546	0.123297082529	0.128843462638	0.104213954819	0.112062241098	0.108060385621	0.0996387656207	0.0949237342524	0.109820133687	0.095084520872	0.114444449036	0.0986144670326	0.0992467598502	0.119742876224	0.126560138765	0.125601999835	0.100689461724	0.0794871653686	0.0969534808932	0.114675389965	0.107388695047	0.0904110400376	0.13564583003	0.117600823334	0.107214542529	0.102706994616	0.102349479473	0.0827505781773	0.0877266987569	0.114796077999	0.0838741873	0.114187963618
158256496-tonguedorsum2.snv.bam	0.118555547991	0.117957258233	0.0940095392513	0.0	0.125547615681	0.117322746884	0.135397396395	0.130230311169	0.0983625856211	0.0947456128765	0.0980838294861	0.0935465036669	0.10636066527	0.131318522166	0.12975851098	0.13407334423	0.148582295296	0.130176253337	0.103749937217	0.104586548552	0.109252444732	0.10887871967	0.0837533864836	0.136015273258	0.137893366827	0.139374104878	0.155069673458	0.118346034565	0.125695832241	0.122928762852	0.113373079166	0.112973230757	0.111624327676	0.156054075741	0.105064852928	0.0984381390428	0.126613090595	0.124522243501	0.124121704316	0.134668146936	0.0823571305411	0.0827220512106	0.0816528950904	0.12541045426	0.158274058112	0.151566048522	0.110088748099	0.0946569835799	0.0958051997094	0.0963398886875	0.139266593056	0.135427937641	0.135478317875	0.102218289268	0.103719743911	0.102568058619	0.106416223796	0.113012533543	0.104977792096	0.0991219691081	0.126185039286	0.113032429339	0.124555708193	0.116730026104	0.103317074156	0.102343985348	0.104838176141	0.0953573165688	0.139530416996	0.101297722437	0.135161746814	0.0853249811542	0.0919634358137	0.124678244093	0.0882921097188	0.103724395226	0.127316551628	0.12914612564	0.107186425795	0.124761530724	0.132887156978	0.125197317358	0.0993225820008	0.157754121638	0.100556186798	0.117372914954	0.114789641101	0.131586205029	0.142982896439	0.0939892138588	0.0942187835908	0.0857793263253	0.0937754734621	0.108066713881	0.092647287877	0.136722689094	0.13452527881	0.122285895129	0.143690676998	0.156123819716	0.137319419179	0.135151127353	0.130881290767	0.124719281379	0.10476887588	0.143267083027	0.134256839815	0.124194655235	0.117325047698	0.138457964182	0.0802387143544	0.0974377714375	0.110041438711	0.107554106044	0.0986892253277	0.0847752590419	0.0736272179684	0.114271725481	0.103128440947	0.0952982391865	0.132222154323	0.134210805198	0.126441634566	0.0807641897935	0.0979732081501	0.0960252580391	0.128786667644	0.11911140578	0.0994787354433	0.139463820469	0.105373373646	0.126970518944	0.111083998807	0.0814202487443	0.0857678818487	0.101669297797	0.106093249357	0.0988731673314	0.111901870059
158337416-tonguedorsum2.snv.bam	0.142411359029	0.163805216375	0.125096960059	0.125547615681	0.0	0.148561086334	0.142497168309	0.137551459742	0.135118192513	0.125108101594	0.142944202937	0.13246962947	0.134480682207	0.131433864742	0.175199693097	0.171052259867	0.180302446286	0.158549404434	0.137545559085	0.140547723286	0.141684316646	0.134703169653	0.141358192929	0.145227973441	0.159321785405	0.138883160899	0.156339348568	0.116307466378	0.159041610449	0.155585896026	0.142098208471	0.131919001297	0.128497925	0.156593070018	0.145844426181	0.14087539389	0.13435349542	0.158277683483	0.1417313565	0.141837327584	0.125384331402	0.120597962193	0.127180949986	0.140826181618	0.146723375831	0.136368429501	0.142240899168	0.127487356257	0.132521239769	0.136924777822	0.152717131389	0.145560184291	0.133439953576	0.129273291968	0.125348787382	0.140984135615	0.135067514069	0.142480506298	0.13191364604	0.146247352087	0.13696263906	0.139967723377	0.155332239276	0.137077808378	0.155476538163	0.134676299311	0.120281234439	0.132902074282	0.150947153943	0.128374599926	0.161941773295	0.136839658922	0.131967173888	0.13280767976	0.130752327306	0.120960838338	0.136581678037	0.139147050035	0.130722161844	0.169669021069	0.173405404927	0.165115146475	0.128616880943	0.169901754218	0.131168974344	0.14179743521	0.148826343595	0.141758063472	0.154422346713	0.134496281926	0.132665825734	0.133011030609	0.12034673368	0.130910914471	0.122800456412	0.146160409424	0.145019019697	0.158802012405	0.1737254936	0.164824183293	0.142617779175	0.15148982267	0.131463783099	0.151689977175	0.153845830027	0.165830612217	0.15386160892	0.155477844285	0.147911449984	0.168361208617	0.13432337983	0.149617612827	0.115664015553	0.133266230165	0.132131471191	0.144727690429	0.125390325304	0.124251219693	0.136212690632	0.131058900271	0.154346775961	0.155141119555	0.148894638907	0.135136509342	0.138443905989	0.127602508199	0.15460548212	0.145207012026	0.122088136631	0.157607674545	0.125423646081	0.138192716949	0.135794826024	0.123761909978	0.137499401451	0.138832161374	0.143965250743	0.143385615594	0.133172252959
158458797-tonguedorsum1.snv.bam	0.130557719478	0.1426368331	0.11331448884	0.117322746884	0.148561086334	0.0	0.117194434581	0.116190984402	0.106088633966	0.1103974853	0.124749389945	0.109988359371	0.11002604876	0.133708319006	0.131097166082	0.125286103336	0.136702382095	0.123635137712	0.115201920266	0.114952140367	0.11126138398	0.102576170115	0.110059963571	0.149777051068	0.131894465776	0.141072472089	0.16428360452	0.113831596664	0.121026834152	0.113649759714	0.110408709206	0.111421255193	0.113185201096	0.15306696773	0.110882606996	0.1103550334	0.149327868291	0.12147549701	0.106881500972	0.115482326283	0.106313990678	0.0976001627647	0.0946823505886	0.120496579737	0.142294568409	0.141044545081	0.10487181412	0.109255961017	0.112721267243	0.113842583877	0.133345674567	0.14414323136	0.128179379873	0.114223728686	0.107243794067	0.123472255627	0.111908340178	0.113599644807	0.117528005821	0.132429160027	0.111070034596	0.101360317108	0.113481429382	0.114115197079	0.11438968529	0.112680264723	0.0935420565214	0.0927046978533	0.116176994034	0.0944483105867	0.154827191895	0.125573131897	0.119434197784	0.122282597659	0.109035426	0.111616094858	0.125755030554	0.127541116594	0.124518233779	0.134081847608	0.140072207751	0.126951297774	0.0863169302356	0.150624510624	0.0969159693706	0.113262787567	0.141684152837	0.101170351816	0.145600774663	0.116377117246	0.106910234252	0.0898025019052	0.115866532272	0.0953655362577	0.0999625514391	0.128301902005	0.126057289973	0.144798614943	0.171797813449	0.143674973768	0.141510077096	0.130434596718	0.131176650891	0.122624793467	0.128335296152	0.145224820222	0.127468890462	0.124647609032	0.114371687972	0.140835903042	0.119137629223	0.131781574962	0.105419018994	0.110814426619	0.104125525582	0.110913371635	0.116020336866	0.109021614451	0.102376148226	0.100324006944	0.116908820966	0.117978544692	0.123801783708	0.108175767441	0.0995094737359	0.106598873366	0.111339796071	0.108986541229	0.0984530728721	0.135689348198	0.105093253298	0.11081345719	0.118695353243	0.100203896824	0.130238495635	0.125231880065	0.135802363978	0.106403626173	0.104055176722
158479027-tonguedorsum1.snv.bam	0.142578859154	0.143113179152	0.123942805542	0.135397396395	0.142497168309	0.117194434581	0.0	0.0648364055039	0.109547257126	0.110922497949	0.135037088492	0.128364974091	0.101566484466	0.111367622264	0.168278833118	0.163316942346	0.128232192794	0.120197277659	0.123306240965	0.118204475179	0.114012339586	0.126444974218	0.112023278014	0.155926704182	0.14221864198	0.139227730391	0.160938108869	0.111754084589	0.104410294508	0.124020498777	0.111265741494	0.118365050084	0.124063198731	0.162003737698	0.125000965711	0.116791539335	0.142695693137	0.124986142721	0.134725296562	0.144436093288	0.113911545248	0.107118388922	0.100900330645	0.135917007551	0.155041876126	0.14330429365	0.119690516172	0.118349430493	0.125779648028	0.125845517279	0.13167250482	0.128043426899	0.128871674098	0.110479548883	0.107603272601	0.13221026082	0.121295138817	0.130564926847	0.113318532477	0.131427568	0.116786396773	0.104402767375	0.138382726049	0.115209724385	0.134672755852	0.127326786904	0.124025303959	0.100706408168	0.101552089313	0.105528328839	0.176550805174	0.138750793832	0.125808469029	0.132116635278	0.120010960268	0.121406157518	0.124444502502	0.116354979873	0.118961470269	0.156871502501	0.166304174131	0.150241004863	0.105883565618	0.140513676341	0.121810211806	0.123702042491	0.141100773248	0.118898901003	0.137521378898	0.106581575504	0.107497935076	0.119228498335	0.126382646313	0.126199204078	0.113663883278	0.132274118081	0.116897263757	0.139129921459	0.147485251299	0.145187326476	0.115606202403	0.126332445196	0.135454720086	0.118741428587	0.131472101139	0.133293113252	0.117170981176	0.128731895568	0.118193774417	0.139461851297	0.126135310943	0.120744664528	0.115534310156	0.12483493122	0.124759804598	0.131161098542	0.129147537954	0.115897009905	0.120700061732	0.113755107908	0.131239254041	0.129738972567	0.106368913789	0.123461365994	0.108453058004	0.128564636651	0.125988317611	0.120528709124	0.107357748204	0.128316748092	0.119519278358	0.122414859827	0.107002420204	0.113563203602	0.132292015814	0.131474364705	0.131214333705	0.120455795249	0.125747367244
158479027-tonguedorsum2.snv.bam	0.132202685822	0.137430082691	0.108517846481	0.130230311169	0.137551459742	0.116190984402	0.0648364055039	0.0	0.109585480573	0.105062000276	0.111809044954	0.104620054494	0.103464134468	0.11940333849	0.166678789041	0.163402770736	0.130819174613	0.119850554924	0.12043892665	0.0994561253467	0.103887701504	0.110002199569	0.102575205663	0.167353146317	0.144357639531	0.132233839113	0.152515921765	0.109361757435	0.093949848871	0.116684104014	0.100655219574	0.1090945933	0.128083603931	0.146824894631	0.120034741476	0.103383149417	0.133235206033	0.117264559113	0.130769371082	0.140342744885	0.110304429322	0.10730632023	0.103879248016	0.135896267816	0.158525120741	0.147822072637	0.122756756521	0.109108196701	0.109679216281	0.111895114673	0.139181885321	0.131247554259	0.129386680448	0.0915455952686	0.0897415000973	0.126053617819	0.109185816893	0.110643075724	0.101770244004	0.136079498125	0.117072511972	0.0951694337211	0.124311897942	0.11953067829	0.137109774158	0.117829024997	0.114059444552	0.0955728482634	0.114754619418	0.0978682464649	0.16492433412	0.123207630347	0.11174656234	0.125673127163	0.112971336685	0.105108526953	0.122345156662	0.120805035198	0.114382944934	0.149660191764	0.156271804062	0.139413720862	0.103134797839	0.146746470579	0.114497314539	0.111070738672	0.135251716744	0.112149736557	0.144052202571	0.104606549371	0.0981365013509	0.117085313102	0.105489499841	0.113785326358	0.101080396423	0.132049188378	0.114259645844	0.131677055886	0.144170505193	0.141625967553	0.117746885564	0.132017917399	0.136832944039	0.110889539863	0.111497130282	0.111077864706	0.108099620436	0.129486566366	0.12156504537	0.150442799072	0.116308274779	0.11403840637	0.105913446992	0.121157009696	0.108541860154	0.132454053621	0.117945755669	0.114665112718	0.108768156726	0.113482193656	0.129846644773	0.129130033432	0.114901549654	0.11679607795	0.111011480361	0.120150480448	0.116138786084	0.111525063123	0.101254138865	0.129543114116	0.121396114589	0.106524425187	0.0958380325973	0.112461058909	0.118982308076	0.111940771531	0.126147319684	0.115422026637	0.120597833049
158499257-tonguedorsum1.snv.bam	0.107213886427	0.13379323529	0.081326186154	0.0983625856211	0.135118192513	0.106088633966	0.109547257126	0.109585480573	0.0	0.047872564886	0.103070387206	0.0813295318964	0.0992832008754	0.108327303463	0.1278522475	0.125671072582	0.13109100178	0.125518162026	0.100378899806	0.0904895425948	0.0885596694243	0.0962157785658	0.0898039950557	0.148865170017	0.125605259947	0.11923069151	0.13219196147	0.111214905768	0.110562829566	0.0956867134914	0.0857584540903	0.0883689979869	0.123492743566	0.147808719112	0.113173588556	0.0893101672827	0.122693826365	0.117697659348	0.124473543016	0.133014503266	0.0744082623292	0.081070466939	0.0796118108233	0.119461119589	0.13389986025	0.130410611195	0.103311518989	0.0891933754864	0.0876071514137	0.0907437565433	0.131076875625	0.135803422369	0.125423423549	0.0989914644569	0.0903966912929	0.11406196882	0.0830919718456	0.0984784054932	0.0882120726937	0.117906656383	0.124427305916	0.0933660174594	0.119308866525	0.097867863534	0.0967741014343	0.0919876399259	0.0944308774729	0.0860018166205	0.121245881766	0.0852829945604	0.143053660107	0.104771097697	0.106003814426	0.117411141029	0.0787284938575	0.100362850017	0.120920982688	0.119240517698	0.110402604364	0.133747690955	0.142242373034	0.132591472646	0.0889318802714	0.139192371486	0.107967295641	0.116661775111	0.131231163409	0.122453624817	0.130749432722	0.0824840499206	0.0791178438424	0.0868198593538	0.0988263229574	0.107483991753	0.0904171055839	0.133325073811	0.125365801202	0.121006098333	0.141832961236	0.143357984654	0.121775741699	0.116027135234	0.116541764123	0.103850144647	0.110189344379	0.115706035412	0.111334853189	0.0963201589787	0.0971020057507	0.110851401479	0.102552578948	0.102040328013	0.11744362226	0.104427962539	0.0992300703334	0.107766253288	0.102799770264	0.116889096954	0.105007355022	0.0898764500262	0.118316980441	0.115627289169	0.1122111297	0.0911425085171	0.0721621026871	0.098699708636	0.108791190128	0.0980868739258	0.084159067452	0.135081895108	0.107240682278	0.106682693761	0.0960245314693	0.0948217455963	0.0775494453084	0.0886120135362	0.113393615564	0.0914015199378	0.108203748983
158499257-tonguedorsum2.snv.bam	0.107704693944	0.131192295666	0.0786212219788	0.0947456128765	0.125108101594	0.1103974853	0.110922497949	0.105062000276	0.047872564886	0.0	0.0937500869888	0.0785722011287	0.0963052932449	0.11061808456	0.120576817105	0.119640331139	0.134806322512	0.119707674877	0.102835768886	0.092987365827	0.0851091078088	0.085953587102	0.0882706521573	0.151700694916	0.12693579835	0.11791376699	0.125965284635	0.103823011711	0.1119486921	0.0820152232554	0.0916860174826	0.0888867592644	0.11429609756	0.132662020718	0.101015272948	0.0783940374789	0.116843240861	0.111902224531	0.122434683974	0.133874944574	0.0789981345654	0.082391623452	0.0809311286334	0.110232875419	0.134603016537	0.126067769768	0.0968108600673	0.0841870342999	0.082304002187	0.0824293294952	0.126593787939	0.129815869554	0.12136459159	0.0943757710438	0.0860177191212	0.107379620494	0.084348593434	0.0930263809866	0.0879896829641	0.117896773394	0.107746034238	0.09317299346	0.106711906505	0.099049758063	0.0980430875394	0.0898031145707	0.0932140373933	0.0797049050243	0.122165609008	0.0828957513454	0.127738205716	0.100911625452	0.098350916191	0.115637505454	0.073427584164	0.093591443496	0.118784175292	0.113089019229	0.102708328165	0.123446304656	0.130412905858	0.120955359423	0.0861005828728	0.138742700305	0.0968575291248	0.10723089182	0.128896780537	0.116150897815	0.133668132899	0.0814552143473	0.0767204427082	0.08965312821	0.0898901057272	0.0990700131014	0.0887304152774	0.127577369723	0.11450115904	0.112175137076	0.135692469762	0.14148779931	0.120677346825	0.107826787481	0.113848859898	0.0915570853647	0.108051620372	0.109606886452	0.103043831634	0.095250660816	0.0971665173586	0.115719356294	0.0894781931899	0.0943556460555	0.102242303369	0.0887832767112	0.0909691248492	0.104172442299	0.094232669537	0.11085239019	0.0896758926471	0.089882973726	0.113761536252	0.113966595394	0.109444413715	0.088077188461	0.078092636931	0.0851532843897	0.103335280764	0.0952578255281	0.0762058024344	0.131735693762	0.104180907458	0.0995130905725	0.09237691557	0.0856815527329	0.0751704243527	0.0890849331894	0.112401711718	0.0865018908696	0.10537574454
158802708-tonguedorsum1.snv.bam	0.117293608383	0.130993424019	0.0903822178613	0.0980838294861	0.142944202937	0.124749389945	0.135037088492	0.111809044954	0.103070387206	0.0937500869888	0.0	0.0541689251803	0.121042401312	0.140236251078	0.140583623845	0.146659059264	0.142440960739	0.134102470489	0.121411081518	0.0962913408254	0.113705989604	0.109244454209	0.0980975958437	0.164808932291	0.156633278869	0.150980272976	0.159750097394	0.131641473119	0.136118990154	0.112760211717	0.113209624388	0.116809208814	0.143956582711	0.161092884581	0.121963351906	0.0992713023654	0.120890720974	0.134282533522	0.144871254338	0.154096970046	0.0968201234222	0.106273783425	0.101681502547	0.133542035573	0.16152977923	0.156306165367	0.12181699934	0.0941952332684	0.0897758436981	0.0900011610644	0.151980313245	0.151151039152	0.14827874254	0.0906743483288	0.0857702548541	0.11125954047	0.106226561216	0.11024596099	0.112142521174	0.133885068438	0.127809719676	0.119075293678	0.0999176287566	0.130581089427	0.099677292864	0.100873704212	0.111413713947	0.0988944958207	0.140599824231	0.111433874123	0.145073491268	0.101568946181	0.0923568199201	0.10767986733	0.0906485252968	0.10425451318	0.131547300751	0.135219176968	0.12395612585	0.141292710157	0.148528013574	0.135926654863	0.107509672455	0.155527972321	0.107456691777	0.106835204027	0.128813638067	0.128777190743	0.170800556866	0.106013251924	0.109539110373	0.100919068267	0.0940135860316	0.104643185401	0.0960893545554	0.143044265257	0.13954936646	0.138412236711	0.165253199168	0.17573762321	0.154218308186	0.137858565056	0.133403919633	0.122113212909	0.107345112434	0.130919646516	0.132418501211	0.130272733063	0.134858722657	0.152967382148	0.0833724900335	0.111852150187	0.107715474987	0.104017120979	0.102164014715	0.11898560489	0.10069592658	0.119040791202	0.0948526223106	0.116190972641	0.14685827695	0.151475519827	0.138974081517	0.0980443701783	0.102433542152	0.0970929937399	0.122759067725	0.120753667092	0.101846537196	0.14118497874	0.130005440264	0.127631913771	0.105620413767	0.110260912872	0.0913385472112	0.101848440883	0.114791026237	0.115106476172	0.122452012312
158802708-tonguedorsum3.snv.bam	0.107155948358	0.138563101987	0.072117502632	0.0935465036669	0.13246962947	0.109988359371	0.128364974091	0.104620054494	0.0813295318964	0.0785722011287	0.0541689251803	0.0	0.114547507613	0.134701441757	0.128177205174	0.130765610792	0.134007335915	0.126416252789	0.104475052867	0.0848040151397	0.0999440881633	0.0963273175183	0.0935260395184	0.156867164548	0.125276546485	0.129957726741	0.141873605826	0.121388705344	0.124079601897	0.109711386925	0.0982207014127	0.101217892462	0.129841120771	0.14445737766	0.11195438475	0.0853015420742	0.110136620603	0.129441623764	0.121642145501	0.128517097846	0.0869735040556	0.092337600115	0.0953565755526	0.119887109924	0.142214252109	0.138185383402	0.111106229325	0.0884897800949	0.0783608620297	0.0823932358188	0.12498783585	0.130946040533	0.126159926219	0.0919540438098	0.0793209441414	0.109927741481	0.0904841534683	0.0950465311849	0.0997173192446	0.127255700364	0.118139441153	0.10200406253	0.104705537882	0.118082345386	0.0890566434104	0.09099346861	0.112229110932	0.0865175036125	0.127172444838	0.0975916297922	0.133156914821	0.103677572131	0.101893169359	0.105773812931	0.0740269758136	0.0979825846876	0.120645922026	0.115752322146	0.104398668507	0.132894815474	0.140495501055	0.13071628668	0.0961028009923	0.152337172044	0.108912680411	0.100208472267	0.126474393552	0.12455796064	0.142086815544	0.0854938591071	0.0849792666264	0.0831212570866	0.0862226932758	0.106085936768	0.0928779183659	0.138829617857	0.131186210764	0.120145779558	0.145924632432	0.153003066133	0.137938723179	0.130601364585	0.131160094016	0.111878208208	0.099494792443	0.112006515862	0.113300068405	0.119788917981	0.116743420809	0.121540302827	0.0889801042655	0.0953344918947	0.111903806547	0.105108022131	0.0955116529094	0.114599995156	0.101491536949	0.117245412793	0.0975982531165	0.101112709061	0.121300561479	0.123010341544	0.126144113869	0.0882509534064	0.088630629866	0.0950432825503	0.107662985516	0.101867375012	0.0862598177951	0.133038888001	0.122050180623	0.114546414982	0.0957475076406	0.0970816073992	0.0809883886689	0.0840903450923	0.106575925295	0.0863467944355	0.115561689004
158883629-tonguedorsum2.snv.bam	0.11810191165	0.131456396233	0.112436957278	0.10636066527	0.134480682207	0.11002604876	0.101566484466	0.103464134468	0.0992832008754	0.0963052932449	0.121042401312	0.114547507613	0.0	0.0674010713431	0.159722764678	0.159651631129	0.138310630818	0.133737311276	0.102249996642	0.102374292013	0.10839760532	0.106191923125	0.108506740517	0.163268825762	0.134360746987	0.125759950699	0.1470957986	0.102909152928	0.107821583653	0.119381868381	0.113853529384	0.111002201647	0.10645868616	0.167240639744	0.106367637596	0.107433337381	0.137674600206	0.115297007906	0.12446744463	0.134768580631	0.0846044224411	0.0909339687763	0.0916153292275	0.128837993846	0.146798878209	0.138252334053	0.118261363408	0.0984092750294	0.0996669512426	0.101951353721	0.126036918593	0.120102826367	0.114014923943	0.0991165239839	0.097573171867	0.117758160329	0.111116592581	0.118263409698	0.100295990508	0.113849544774	0.120963527021	0.100828258913	0.122499169929	0.0960561849649	0.127672257154	0.108579423082	0.113732070514	0.0975699099833	0.112144126591	0.0962141662794	0.149166505249	0.106236620459	0.101580018454	0.107592093886	0.102977795522	0.1039675723	0.117401202009	0.119569287596	0.105289780419	0.147016785102	0.152628615908	0.142982726858	0.0970616936757	0.144175763413	0.116349132342	0.114944752183	0.119410121567	0.116209236225	0.135410127804	0.103058549063	0.0876354842692	0.100082257518	0.107763748318	0.109899681146	0.0888620955499	0.125612158899	0.120213385845	0.130465067519	0.139379475755	0.12972143929	0.114058365649	0.132959586321	0.123832500152	0.11041318684	0.119139995165	0.13417075124	0.131308027242	0.108429360755	0.099619648258	0.126817074874	0.102594344206	0.105968194007	0.108255350875	0.101505854423	0.104132622458	0.113067737491	0.0928951204588	0.106192480663	0.101553526283	0.103210367476	0.123694783676	0.128205287187	0.120463752705	0.0895834349133	0.104796802847	0.0986892245413	0.113583049954	0.107268239276	0.0956493329488	0.128712869632	0.116398534698	0.104231885708	0.10994913951	0.0859512608717	0.110694844211	0.109454845359	0.129696548139	0.11483321242	0.117282147416
158883629-tonguedorsum3.snv.bam	0.134708198024	0.145904670839	0.127920241962	0.131318522166	0.131433864742	0.133708319006	0.111367622264	0.11940333849	0.108327303463	0.11061808456	0.140236251078	0.134701441757	0.0674010713431	0.0	0.16669091308	0.166975550709	0.148340943924	0.141659036454	0.121101123372	0.121641192727	0.125709171401	0.129318736392	0.124632469949	0.169555958417	0.14274546355	0.130272763349	0.154322282309	0.111946804147	0.130272155707	0.136544097616	0.13246478949	0.132654628894	0.114006557464	0.175664217679	0.124820342199	0.125472547273	0.144096189862	0.133606619945	0.134264126966	0.143787275508	0.104651807014	0.114129818248	0.113612053092	0.134272698626	0.142998529872	0.130188886143	0.131781338205	0.113091727253	0.12143737686	0.121936575305	0.132002128802	0.123684894649	0.123443524259	0.112360719471	0.111651660441	0.130851921902	0.129365612647	0.136984541703	0.12258132926	0.1242712714	0.133069691459	0.122685742306	0.135983414425	0.0972297657108	0.148955563881	0.127664373276	0.126218256136	0.11927254291	0.118094579421	0.103649413483	0.168587139436	0.127879003072	0.123865938684	0.129827949637	0.124285313906	0.115097756691	0.113922324248	0.119524429741	0.111104606134	0.165707398432	0.171916583871	0.163369330866	0.116232353425	0.141737122802	0.127449726762	0.12427925532	0.130651510822	0.128836571239	0.144705415641	0.118014609512	0.110359668491	0.118199490767	0.126022761875	0.12607441808	0.110299672187	0.12584039503	0.122379580752	0.141318372372	0.140305342667	0.139818457018	0.119566547923	0.137501514506	0.129779163473	0.127858334673	0.133999712027	0.14854778486	0.142126573081	0.119170540975	0.113191695029	0.140373050797	0.122158413919	0.125000341354	0.117700243711	0.119186104028	0.122499162865	0.141226446486	0.116710477812	0.114108641232	0.127296914662	0.126056352939	0.135848147201	0.141944421833	0.127902670032	0.113188584957	0.121521566992	0.119688666093	0.136760261329	0.127552490513	0.110743992871	0.141202910196	0.124708864004	0.119541842372	0.12342409117	0.105815240811	0.128866046351	0.127817983815	0.136354746559	0.132082458584	0.123778859128
158944319-tonguedorsum1.snv.bam	0.141589678869	0.180945706136	0.1392809048	0.12975851098	0.175199693097	0.131097166082	0.168278833118	0.166678789041	0.1278522475	0.120576817105	0.140583623845	0.128177205174	0.159722764678	0.16669091308	0.0	0.019864412214	0.148931962862	0.147628547013	0.151073153818	0.143957860509	0.115535290266	0.127761475611	0.129834826839	0.144371910669	0.152753351043	0.166491914665	0.175272827515	0.151175136217	0.167982543354	0.148479389887	0.139595688365	0.13633884942	0.150028242073	0.175074459933	0.125446842908	0.104304066915	0.135752858615	0.136063717345	0.140107994517	0.155121206566	0.12603037731	0.119305162386	0.127223577465	0.153713253264	0.173923794418	0.179922279659	0.113477094026	0.125395598646	0.140259596198	0.133037557764	0.178033404983	0.184805010002	0.177903624479	0.145686694378	0.145261109442	0.151002175244	0.107927850704	0.112242171937	0.128198310164	0.152833990762	0.140634164347	0.138816875677	0.124720029894	0.14701857416	0.126367600273	0.119847462234	0.11490588719	0.115419179788	0.162358273083	0.123894780891	0.146328230735	0.156102801152	0.153893758671	0.165813131434	0.121083263718	0.141111856542	0.15824903416	0.16857251682	0.165636105211	0.149905424306	0.158829584625	0.155904626009	0.135743202563	0.182817442269	0.114896447636	0.138931092556	0.165404224744	0.141510686872	0.188042089917	0.11199503992	0.141100696252	0.130580752206	0.134081498285	0.157078904838	0.147081932639	0.177372143095	0.171319546026	0.156599693762	0.179920075277	0.187917374865	0.181215412891	0.157461843492	0.173177658514	0.141151205707	0.163221939797	0.141360960549	0.144696951247	0.162487580624	0.161125872456	0.157797943341	0.148771671299	0.149826602311	0.152000005059	0.143105255134	0.133647661429	0.140806161306	0.151169437752	0.165993651416	0.118995342094	0.13860561018	0.155036303216	0.158941843665	0.149190421076	0.141097762937	0.12519067215	0.13811637584	0.155203631167	0.152897533401	0.106425452172	0.175921503281	0.139583601201	0.151633789438	0.134786505565	0.141963359232	0.127860982508	0.160120201339	0.144326289365	0.110109808998	0.120104327931
158944319-tonguedorsum2.snv.bam	0.14619676395	0.183746798919	0.141552048723	0.13407334423	0.171052259867	0.125286103336	0.163316942346	0.163402770736	0.125671072582	0.119640331139	0.146659059264	0.130765610792	0.159651631129	0.166975550709	0.019864412214	0.0	0.142205963702	0.147750139172	0.145630657391	0.141209413694	0.112161288757	0.130381797606	0.132489937008	0.141527858571	0.154874093605	0.167364588403	0.176759757455	0.155590140531	0.16589034057	0.148419049382	0.136055436359	0.1270958272	0.151763438757	0.172146780432	0.132450701075	0.110923615704	0.13702308678	0.130534972835	0.137787804787	0.154142366493	0.124772853773	0.12247688487	0.125072672273	0.157118267223	0.184082354451	0.186473480879	0.113910255254	0.123048785248	0.138786602492	0.132802210259	0.174658458957	0.182109888668	0.174316149611	0.143438953221	0.142723683637	0.151726128542	0.0994677725295	0.107550662345	0.11986814148	0.149453528675	0.133655175577	0.134469855881	0.130711566839	0.141103033452	0.13880669255	0.124711133047	0.108067703193	0.111444843546	0.158847300981	0.119435900965	0.142517863286	0.152876498622	0.155297686919	0.170870458304	0.117882133945	0.146951748167	0.157145762399	0.170463282737	0.167246892924	0.15311876713	0.161554636888	0.157355121594	0.138631300916	0.178676698549	0.117008746734	0.146397957957	0.175222363824	0.135495402623	0.190454648101	0.106119230593	0.140175809585	0.131816379761	0.133513465111	0.152827629719	0.141322421982	0.175412055108	0.165962247991	0.148911920733	0.16641553623	0.18918487524	0.178790443702	0.159475616773	0.173527160364	0.140684877099	0.167899388491	0.135567569509	0.139961099033	0.162059930227	0.157515246756	0.166516721351	0.147134846402	0.144610531849	0.151085964451	0.144122058619	0.136360373278	0.141983130627	0.153019864002	0.167531124726	0.117922546093	0.137803150433	0.154019495271	0.160251388919	0.151867963173	0.141128109392	0.122387005433	0.140794316985	0.156129228915	0.15359652185	0.101151162504	0.187506326898	0.138966921391	0.146210325438	0.126980153085	0.145048641863	0.131634469254	0.159821941664	0.141818569501	0.114472275147	0.121166063043
