	CCIS83870198ST-4-0.snv.bam	DLM022.snv.bam	MH0193.snv.bam	MH0197.snv.bam	MH0203.snv.bam	MH0205.snv.bam	MH0206.snv.bam	MH0220.snv.bam	MH0222.snv.bam	MH0252.snv.bam	MH0262.snv.bam	MH0328.snv.bam	MH0329.snv.bam	MH0336.snv.bam	MH0338.snv.bam	MH0339.snv.bam	MH0349.snv.bam	MH0355.snv.bam	MH0356.snv.bam	MH0366.snv.bam	MH0371.snv.bam	MH0372.snv.bam	MH0376.snv.bam	MH0392.snv.bam	MH0399.snv.bam	MH0400.snv.bam	MH0412.snv.bam	MH0428.snv.bam	MH0436.snv.bam	MH0445.snv.bam	MH0448.snv.bam	MH0454.snv.bam	MMRS43563715ST-27-0-0.snv.bam	MMRS77487595ST-27-0-0.snv.bam	MMRS81135225ST-27-0-0.snv.bam	MMRS86168210ST-27-0-0.snv.bam	NG-5636_193.snv.bam	SAMEA3136642.snv.bam	SAMEA3136654.snv.bam	SAMEA3136675.snv.bam	SAMEA3136723.snv.bam	T2D-11A.snv.bam
CCIS83870198ST-4-0.snv.bam	0.0	0.132275132275	0.243386243386	0.216931216931	0.232804232804	0.23544973545	0.174603174603	0.214285714286	0.201058201058	0.113756613757	0.253968253968	0.21164021164	0.232804232804	0.206349206349	0.166666666667	0.121693121693	0.251322751323	0.214285714286	0.145502645503	0.222222222222	0.126984126984	0.267195767196	0.164021164021	0.248677248677	0.198412698413	0.126984126984	0.177248677249	0.134920634921	0.227513227513	0.203703703704	0.0582010582011	0.153439153439	0.198412698413	0.185185185185	0.206349206349	0.190476190476	0.156084656085	0.216931216931	0.150793650794	0.12962962963	0.134920634921	0.142857142857
DLM022.snv.bam	0.132275132275	0.0	0.224867724868	0.198412698413	0.219576719577	0.208994708995	0.126984126984	0.187830687831	0.171957671958	0.0582010582011	0.240740740741	0.150793650794	0.201058201058	0.171957671958	0.116402116402	0.137566137566	0.230158730159	0.166666666667	0.121693121693	0.198412698413	0.166666666667	0.23544973545	0.145502645503	0.240740740741	0.156084656085	0.103174603175	0.119047619048	0.0820105820106	0.201058201058	0.174603174603	0.0873015873016	0.103174603175	0.153439153439	0.156084656085	0.177248677249	0.169312169312	0.137566137566	0.219576719577	0.132275132275	0.119047619048	0.121693121693	0.108465608466
MH0193.snv.bam	0.243386243386	0.224867724868	0.0	0.177248677249	0.18253968254	0.198412698413	0.261904761905	0.190476190476	0.219576719577	0.179894179894	0.0899470899471	0.238095238095	0.216931216931	0.18253968254	0.145502645503	0.243386243386	0.100529100529	0.227513227513	0.261904761905	0.190476190476	0.190476190476	0.0978835978836	0.256613756614	0.10582010582	0.248677248677	0.227513227513	0.253968253968	0.227513227513	0.111111111111	0.190476190476	0.174603174603	0.246031746032	0.216931216931	0.267195767196	0.227513227513	0.208994708995	0.253968253968	0.111111111111	0.253968253968	0.243386243386	0.251322751323	0.230158730159
MH0197.snv.bam	0.216931216931	0.198412698413	0.177248677249	0.0	0.0291005291005	0.021164021164	0.219576719577	0.015873015873	0.10582010582	0.153439153439	0.185185185185	0.214285714286	0.134920634921	0.222222222222	0.142857142857	0.190476190476	0.185185185185	0.187830687831	0.206349206349	0.021164021164	0.156084656085	0.18253968254	0.208994708995	0.190476190476	0.179894179894	0.203703703704	0.23544973545	0.193121693122	0.10582010582	0.0132275132275	0.0740740740741	0.232804232804	0.203703703704	0.208994708995	0.156084656085	0.0661375661376	0.216931216931	0.174603174603	0.219576719577	0.195767195767	0.201058201058	0.198412698413
MH0203.snv.bam	0.232804232804	0.219576719577	0.18253968254	0.0291005291005	0.0	0.042328042328	0.232804232804	0.037037037037	0.111111111111	0.179894179894	0.193121693122	0.230158730159	0.148148148148	0.232804232804	0.179894179894	0.203703703704	0.193121693122	0.195767195767	0.227513227513	0.042328042328	0.166666666667	0.195767195767	0.230158730159	0.198412698413	0.150793650794	0.216931216931	0.248677248677	0.214285714286	0.116402116402	0.042328042328	0.12962962963	0.246031746032	0.216931216931	0.195767195767	0.161375661376	0.0687830687831	0.238095238095	0.177248677249	0.243386243386	0.21164021164	0.216931216931	0.203703703704
MH0205.snv.bam	0.23544973545	0.208994708995	0.198412698413	0.021164021164	0.042328042328	0.0	0.230158730159	0.0	0.116402116402	0.18253968254	0.208994708995	0.240740740741	0.161375661376	0.248677248677	0.166666666667	0.208994708995	0.206349206349	0.206349206349	0.222222222222	0.0	0.171957671958	0.203703703704	0.230158730159	0.214285714286	0.195767195767	0.222222222222	0.246031746032	0.208994708995	0.108465608466	0.00793650793651	0.119047619048	0.243386243386	0.21164021164	0.219576719577	0.171957671958	0.0820105820106	0.238095238095	0.195767195767	0.240740740741	0.203703703704	0.208994708995	0.206349206349
MH0206.snv.bam	0.174603174603	0.126984126984	0.261904761905	0.219576719577	0.232804232804	0.230158730159	0.0	0.206349206349	0.201058201058	0.0793650793651	0.261904761905	0.179894179894	0.214285714286	0.21164021164	0.150793650794	0.150793650794	0.259259259259	0.216931216931	0.12962962963	0.216931216931	0.208994708995	0.259259259259	0.132275132275	0.267195767196	0.201058201058	0.140211640212	0.164021164021	0.111111111111	0.248677248677	0.201058201058	0.119047619048	0.145502645503	0.174603174603	0.18253968254	0.193121693122	0.190476190476	0.113756613757	0.23544973545	0.113756613757	0.153439153439	0.153439153439	0.145502645503
MH0220.snv.bam	0.214285714286	0.187830687831	0.190476190476	0.015873015873	0.037037037037	0.0	0.206349206349	0.0	0.100529100529	0.15873015873	0.198412698413	0.222222222222	0.140211640212	0.227513227513	0.15873015873	0.190476190476	0.201058201058	0.187830687831	0.198412698413	0.0	0.156084656085	0.195767195767	0.206349206349	0.203703703704	0.177248677249	0.201058201058	0.224867724868	0.18253968254	0.103174603175	0.0	0.0899470899471	0.219576719577	0.201058201058	0.198412698413	0.156084656085	0.0661375661376	0.214285714286	0.185185185185	0.216931216931	0.18253968254	0.187830687831	0.18253968254
MH0222.snv.bam	0.201058201058	0.171957671958	0.219576719577	0.10582010582	0.111111111111	0.116402116402	0.201058201058	0.100529100529	0.0	0.161375661376	0.240740740741	0.195767195767	0.140211640212	0.219576719577	0.156084656085	0.171957671958	0.214285714286	0.164021164021	0.193121693122	0.111111111111	0.145502645503	0.238095238095	0.201058201058	0.227513227513	0.156084656085	0.187830687831	0.227513227513	0.169312169312	0.142857142857	0.0952380952381	0.113756613757	0.203703703704	0.224867724868	0.227513227513	0.0925925925926	0.0343915343915	0.208994708995	0.214285714286	0.21164021164	0.169312169312	0.174603174603	0.177248677249
MH0252.snv.bam	0.113756613757	0.0582010582011	0.179894179894	0.153439153439	0.179894179894	0.18253968254	0.0793650793651	0.15873015873	0.161375661376	0.0	0.203703703704	0.145502645503	0.148148148148	0.153439153439	0.0978835978836	0.103174603175	0.195767195767	0.171957671958	0.0873015873016	0.171957671958	0.137566137566	0.201058201058	0.0978835978836	0.206349206349	0.15873015873	0.0925925925926	0.108465608466	0.0687830687831	0.164021164021	0.121693121693	0.0608465608466	0.108465608466	0.113756613757	0.156084656085	0.156084656085	0.148148148148	0.0793650793651	0.18253968254	0.0793650793651	0.100529100529	0.100529100529	0.111111111111
MH0262.snv.bam	0.253968253968	0.240740740741	0.0899470899471	0.185185185185	0.193121693122	0.208994708995	0.261904761905	0.198412698413	0.240740740741	0.203703703704	0.0	0.256613756614	0.219576719577	0.185185185185	0.164021164021	0.251322751323	0.124338624339	0.243386243386	0.283068783069	0.203703703704	0.201058201058	0.0740740740741	0.275132275132	0.0661375661376	0.259259259259	0.256613756614	0.277777777778	0.267195767196	0.156084656085	0.206349206349	0.198412698413	0.272486772487	0.23544973545	0.285714285714	0.251322751323	0.222222222222	0.275132275132	0.0661375661376	0.275132275132	0.261904761905	0.269841269841	0.243386243386
MH0328.snv.bam	0.21164021164	0.150793650794	0.238095238095	0.214285714286	0.230158730159	0.240740740741	0.179894179894	0.222222222222	0.195767195767	0.145502645503	0.256613756614	0.0	0.230158730159	0.238095238095	0.140211640212	0.177248677249	0.248677248677	0.185185185185	0.206349206349	0.227513227513	0.203703703704	0.256613756614	0.185185185185	0.26455026455	0.174603174603	0.164021164021	0.15873015873	0.156084656085	0.232804232804	0.214285714286	0.153439153439	0.15873015873	0.174603174603	0.21164021164	0.185185185185	0.18253968254	0.206349206349	0.246031746032	0.214285714286	0.18253968254	0.187830687831	0.174603174603
MH0329.snv.bam	0.232804232804	0.201058201058	0.216931216931	0.134920634921	0.148148148148	0.161375661376	0.214285714286	0.140211640212	0.140211640212	0.148148148148	0.219576719577	0.230158730159	0.0	0.153439153439	0.161375661376	0.21164021164	0.206349206349	0.203703703704	0.21164021164	0.156084656085	0.177248677249	0.219576719577	0.203703703704	0.216931216931	0.208994708995	0.206349206349	0.227513227513	0.195767195767	0.171957671958	0.132275132275	0.116402116402	0.222222222222	0.23544973545	0.222222222222	0.187830687831	0.113756613757	0.21164021164	0.203703703704	0.21164021164	0.190476190476	0.198412698413	0.195767195767
MH0336.snv.bam	0.206349206349	0.171957671958	0.18253968254	0.222222222222	0.232804232804	0.248677248677	0.21164021164	0.227513227513	0.219576719577	0.153439153439	0.185185185185	0.238095238095	0.153439153439	0.0	0.126984126984	0.216931216931	0.18253968254	0.198412698413	0.21164021164	0.232804232804	0.208994708995	0.190476190476	0.227513227513	0.206349206349	0.222222222222	0.227513227513	0.187830687831	0.187830687831	0.224867724868	0.198412698413	0.140211640212	0.203703703704	0.219576719577	0.248677248677	0.243386243386	0.201058201058	0.222222222222	0.193121693122	0.214285714286	0.203703703704	0.208994708995	0.187830687831
MH0338.snv.bam	0.166666666667	0.116402116402	0.145502645503	0.142857142857	0.179894179894	0.166666666667	0.150793650794	0.15873015873	0.156084656085	0.0978835978836	0.164021164021	0.140211640212	0.161375661376	0.126984126984	0.0	0.137566137566	0.166666666667	0.171957671958	0.166666666667	0.15873015873	0.169312169312	0.15873015873	0.15873015873	0.164021164021	0.171957671958	0.15873015873	0.0899470899471	0.137566137566	0.164021164021	0.126984126984	0.0767195767196	0.111111111111	0.0820105820106	0.193121693122	0.185185185185	0.153439153439	0.166666666667	0.148148148148	0.166666666667	0.140211640212	0.148148148148	0.145502645503
MH0339.snv.bam	0.121693121693	0.137566137566	0.243386243386	0.190476190476	0.203703703704	0.208994708995	0.150793650794	0.190476190476	0.171957671958	0.103174603175	0.251322751323	0.177248677249	0.21164021164	0.216931216931	0.137566137566	0.0	0.230158730159	0.190476190476	0.137566137566	0.193121693122	0.145502645503	0.243386243386	0.12962962963	0.259259259259	0.164021164021	0.0873015873016	0.195767195767	0.132275132275	0.198412698413	0.177248677249	0.0608465608466	0.18253968254	0.174603174603	0.193121693122	0.208994708995	0.174603174603	0.142857142857	0.230158730159	0.145502645503	0.12962962963	0.137566137566	0.148148148148
MH0349.snv.bam	0.251322751323	0.230158730159	0.100529100529	0.185185185185	0.193121693122	0.206349206349	0.259259259259	0.201058201058	0.214285714286	0.195767195767	0.124338624339	0.248677248677	0.206349206349	0.18253968254	0.166666666667	0.230158730159	0.0	0.216931216931	0.272486772487	0.206349206349	0.185185185185	0.10582010582	0.261904761905	0.121693121693	0.232804232804	0.243386243386	0.275132275132	0.246031746032	0.150793650794	0.198412698413	0.187830687831	0.26455026455	0.23544973545	0.267195767196	0.214285714286	0.195767195767	0.267195767196	0.113756613757	0.267195767196	0.243386243386	0.253968253968	0.243386243386
MH0355.snv.bam	0.214285714286	0.166666666667	0.227513227513	0.187830687831	0.195767195767	0.206349206349	0.216931216931	0.187830687831	0.164021164021	0.171957671958	0.243386243386	0.185185185185	0.203703703704	0.198412698413	0.171957671958	0.190476190476	0.216931216931	0.0	0.219576719577	0.198412698413	0.132275132275	0.224867724868	0.21164021164	0.23544973545	0.0502645502646	0.201058201058	0.208994708995	0.153439153439	0.224867724868	0.185185185185	0.153439153439	0.206349206349	0.216931216931	0.193121693122	0.179894179894	0.142857142857	0.227513227513	0.222222222222	0.230158730159	0.190476190476	0.198412698413	0.195767195767
MH0356.snv.bam	0.145502645503	0.121693121693	0.261904761905	0.206349206349	0.227513227513	0.222222222222	0.12962962963	0.198412698413	0.193121693122	0.0873015873016	0.283068783069	0.206349206349	0.21164021164	0.21164021164	0.166666666667	0.137566137566	0.272486772487	0.219576719577	0.0	0.21164021164	0.198412698413	0.280423280423	0.0582010582011	0.277777777778	0.208994708995	0.134920634921	0.179894179894	0.121693121693	0.224867724868	0.190476190476	0.119047619048	0.166666666667	0.190476190476	0.185185185185	0.219576719577	0.187830687831	0.0185185185185	0.238095238095	0.0132275132275	0.119047619048	0.116402116402	0.134920634921
MH0366.snv.bam	0.222222222222	0.198412698413	0.190476190476	0.021164021164	0.042328042328	0.0	0.216931216931	0.0	0.111111111111	0.171957671958	0.203703703704	0.227513227513	0.156084656085	0.232804232804	0.15873015873	0.193121693122	0.206349206349	0.198412698413	0.21164021164	0.0	0.164021164021	0.201058201058	0.219576719577	0.208994708995	0.187830687831	0.21164021164	0.23544973545	0.193121693122	0.111111111111	0.00529100529101	0.103174603175	0.232804232804	0.208994708995	0.214285714286	0.166666666667	0.0767195767196	0.224867724868	0.193121693122	0.227513227513	0.193121693122	0.198412698413	0.193121693122
MH0371.snv.bam	0.126984126984	0.166666666667	0.190476190476	0.156084656085	0.166666666667	0.171957671958	0.208994708995	0.156084656085	0.145502645503	0.137566137566	0.201058201058	0.203703703704	0.177248677249	0.208994708995	0.169312169312	0.145502645503	0.185185185185	0.132275132275	0.198412698413	0.164021164021	0.0	0.198412698413	0.201058201058	0.195767195767	0.134920634921	0.161375661376	0.216931216931	0.171957671958	0.166666666667	0.153439153439	0.10582010582	0.203703703704	0.222222222222	0.23544973545	0.164021164021	0.134920634921	0.208994708995	0.187830687831	0.206349206349	0.15873015873	0.164021164021	0.174603174603
MH0372.snv.bam	0.267195767196	0.23544973545	0.0978835978836	0.18253968254	0.195767195767	0.203703703704	0.259259259259	0.195767195767	0.238095238095	0.201058201058	0.0740740740741	0.256613756614	0.219576719577	0.190476190476	0.15873015873	0.243386243386	0.10582010582	0.224867724868	0.280423280423	0.201058201058	0.198412698413	0.0	0.261904761905	0.111111111111	0.248677248677	0.246031746032	0.275132275132	0.267195767196	0.166666666667	0.203703703704	0.195767195767	0.269841269841	0.232804232804	0.293650793651	0.238095238095	0.224867724868	0.269841269841	0.103174603175	0.272486772487	0.256613756614	0.26455026455	0.251322751323
MH0376.snv.bam	0.164021164021	0.145502645503	0.256613756614	0.208994708995	0.230158730159	0.230158730159	0.132275132275	0.206349206349	0.201058201058	0.0978835978836	0.275132275132	0.185185185185	0.203703703704	0.227513227513	0.15873015873	0.12962962963	0.261904761905	0.21164021164	0.0582010582011	0.219576719577	0.201058201058	0.261904761905	0.0	0.269841269841	0.201058201058	0.132275132275	0.190476190476	0.150793650794	0.238095238095	0.198412698413	0.126984126984	0.177248677249	0.179894179894	0.203703703704	0.232804232804	0.193121693122	0.037037037037	0.230158730159	0.042328042328	0.12962962963	0.134920634921	0.140211640212
MH0392.snv.bam	0.248677248677	0.240740740741	0.10582010582	0.190476190476	0.198412698413	0.214285714286	0.267195767196	0.203703703704	0.227513227513	0.206349206349	0.0661375661376	0.26455026455	0.216931216931	0.206349206349	0.164021164021	0.259259259259	0.121693121693	0.23544973545	0.277777777778	0.208994708995	0.195767195767	0.111111111111	0.269841269841	0.0	0.248677248677	0.261904761905	0.283068783069	0.269841269841	0.169312169312	0.203703703704	0.190476190476	0.277777777778	0.248677248677	0.296296296296	0.23544973545	0.216931216931	0.269841269841	0.0608465608466	0.267195767196	0.261904761905	0.267195767196	0.251322751323
MH0399.snv.bam	0.198412698413	0.156084656085	0.248677248677	0.179894179894	0.150793650794	0.195767195767	0.201058201058	0.177248677249	0.156084656085	0.15873015873	0.259259259259	0.174603174603	0.208994708995	0.222222222222	0.171957671958	0.164021164021	0.232804232804	0.0502645502646	0.208994708995	0.187830687831	0.134920634921	0.248677248677	0.201058201058	0.248677248677	0.0	0.171957671958	0.203703703704	0.145502645503	0.216931216931	0.174603174603	0.134920634921	0.201058201058	0.21164021164	0.148148148148	0.171957671958	0.137566137566	0.216931216931	0.227513227513	0.219576719577	0.179894179894	0.187830687831	0.174603174603
MH0400.snv.bam	0.126984126984	0.103174603175	0.227513227513	0.203703703704	0.216931216931	0.222222222222	0.140211640212	0.201058201058	0.187830687831	0.0925925925926	0.256613756614	0.164021164021	0.206349206349	0.227513227513	0.15873015873	0.0873015873016	0.243386243386	0.201058201058	0.134920634921	0.21164021164	0.161375661376	0.246031746032	0.132275132275	0.261904761905	0.171957671958	0.0	0.185185185185	0.116402116402	0.195767195767	0.193121693122	0.100529100529	0.156084656085	0.174603174603	0.150793650794	0.21164021164	0.185185185185	0.145502645503	0.23544973545	0.140211640212	0.119047619048	0.126984126984	0.12962962963
MH0412.snv.bam	0.177248677249	0.119047619048	0.253968253968	0.23544973545	0.248677248677	0.246031746032	0.164021164021	0.224867724868	0.227513227513	0.108465608466	0.277777777778	0.15873015873	0.227513227513	0.187830687831	0.0899470899471	0.195767195767	0.275132275132	0.208994708995	0.179894179894	0.23544973545	0.216931216931	0.275132275132	0.190476190476	0.283068783069	0.203703703704	0.185185185185	0.0	0.148148148148	0.251322751323	0.214285714286	0.132275132275	0.0714285714286	0.0793650793651	0.201058201058	0.216931216931	0.206349206349	0.187830687831	0.253968253968	0.185185185185	0.166666666667	0.169312169312	0.161375661376
MH0428.snv.bam	0.134920634921	0.0820105820106	0.227513227513	0.193121693122	0.214285714286	0.208994708995	0.111111111111	0.18253968254	0.169312169312	0.0687830687831	0.267195767196	0.156084656085	0.195767195767	0.187830687831	0.137566137566	0.132275132275	0.246031746032	0.153439153439	0.121693121693	0.193121693122	0.171957671958	0.267195767196	0.150793650794	0.269841269841	0.145502645503	0.116402116402	0.148148148148	0.0	0.203703703704	0.161375661376	0.0820105820106	0.132275132275	0.164021164021	0.132275132275	0.169312169312	0.153439153439	0.137566137566	0.251322751323	0.12962962963	0.121693121693	0.126984126984	0.126984126984
MH0436.snv.bam	0.227513227513	0.201058201058	0.111111111111	0.10582010582	0.116402116402	0.108465608466	0.248677248677	0.103174603175	0.142857142857	0.164021164021	0.156084656085	0.232804232804	0.171957671958	0.224867724868	0.164021164021	0.198412698413	0.150793650794	0.224867724868	0.224867724868	0.111111111111	0.166666666667	0.166666666667	0.238095238095	0.169312169312	0.216931216931	0.195767195767	0.251322751323	0.203703703704	0.0	0.0952380952381	0.137566137566	0.232804232804	0.195767195767	0.253968253968	0.219576719577	0.137566137566	0.240740740741	0.15873015873	0.243386243386	0.198412698413	0.203703703704	0.203703703704
MH0445.snv.bam	0.203703703704	0.174603174603	0.190476190476	0.0132275132275	0.042328042328	0.00793650793651	0.201058201058	0.0	0.0952380952381	0.121693121693	0.206349206349	0.214285714286	0.132275132275	0.198412698413	0.126984126984	0.177248677249	0.198412698413	0.185185185185	0.190476190476	0.00529100529101	0.153439153439	0.203703703704	0.198412698413	0.203703703704	0.174603174603	0.193121693122	0.214285714286	0.161375661376	0.0952380952381	0.0	0.031746031746	0.208994708995	0.193121693122	0.195767195767	0.150793650794	0.0608465608466	0.206349206349	0.187830687831	0.208994708995	0.177248677249	0.18253968254	0.18253968254
MH0448.snv.bam	0.0582010582011	0.0873015873016	0.174603174603	0.0740740740741	0.12962962963	0.119047619048	0.119047619048	0.0899470899471	0.113756613757	0.0608465608466	0.198412698413	0.153439153439	0.116402116402	0.140211640212	0.0767195767196	0.0608465608466	0.187830687831	0.153439153439	0.119047619048	0.103174603175	0.10582010582	0.195767195767	0.126984126984	0.190476190476	0.134920634921	0.100529100529	0.132275132275	0.0820105820106	0.137566137566	0.031746031746	0.0	0.137566137566	0.140211640212	0.140211640212	0.156084656085	0.0952380952381	0.132275132275	0.164021164021	0.12962962963	0.0952380952381	0.10582010582	0.103174603175
MH0454.snv.bam	0.153439153439	0.103174603175	0.246031746032	0.232804232804	0.246031746032	0.243386243386	0.145502645503	0.219576719577	0.203703703704	0.108465608466	0.272486772487	0.15873015873	0.222222222222	0.203703703704	0.111111111111	0.18253968254	0.26455026455	0.206349206349	0.166666666667	0.232804232804	0.203703703704	0.269841269841	0.177248677249	0.277777777778	0.201058201058	0.156084656085	0.0714285714286	0.132275132275	0.232804232804	0.208994708995	0.137566137566	0.0	0.116402116402	0.198412698413	0.193121693122	0.193121693122	0.174603174603	0.246031746032	0.171957671958	0.137566137566	0.140211640212	0.142857142857
MMRS43563715ST-27-0-0.snv.bam	0.198412698413	0.153439153439	0.216931216931	0.203703703704	0.216931216931	0.21164021164	0.174603174603	0.201058201058	0.224867724868	0.113756613757	0.23544973545	0.174603174603	0.23544973545	0.219576719577	0.0820105820106	0.174603174603	0.23544973545	0.216931216931	0.190476190476	0.208994708995	0.222222222222	0.232804232804	0.179894179894	0.248677248677	0.21164021164	0.174603174603	0.0793650793651	0.164021164021	0.195767195767	0.193121693122	0.140211640212	0.116402116402	0.0	0.203703703704	0.246031746032	0.219576719577	0.193121693122	0.214285714286	0.195767195767	0.164021164021	0.171957671958	0.177248677249
MMRS77487595ST-27-0-0.snv.bam	0.185185185185	0.156084656085	0.267195767196	0.208994708995	0.195767195767	0.219576719577	0.18253968254	0.198412698413	0.227513227513	0.156084656085	0.285714285714	0.21164021164	0.222222222222	0.248677248677	0.193121693122	0.193121693122	0.267195767196	0.193121693122	0.185185185185	0.214285714286	0.23544973545	0.293650793651	0.203703703704	0.296296296296	0.148148148148	0.150793650794	0.201058201058	0.132275132275	0.253968253968	0.195767195767	0.140211640212	0.198412698413	0.203703703704	0.0	0.208994708995	0.195767195767	0.201058201058	0.259259259259	0.193121693122	0.177248677249	0.185185185185	0.187830687831
MMRS81135225ST-27-0-0.snv.bam	0.206349206349	0.177248677249	0.227513227513	0.156084656085	0.161375661376	0.171957671958	0.193121693122	0.156084656085	0.0925925925926	0.156084656085	0.251322751323	0.185185185185	0.187830687831	0.243386243386	0.185185185185	0.208994708995	0.214285714286	0.179894179894	0.219576719577	0.166666666667	0.164021164021	0.238095238095	0.232804232804	0.23544973545	0.171957671958	0.21164021164	0.216931216931	0.169312169312	0.219576719577	0.150793650794	0.156084656085	0.193121693122	0.246031746032	0.208994708995	0.0	0.0820105820106	0.224867724868	0.219576719577	0.224867724868	0.193121693122	0.198412698413	0.208994708995
MMRS86168210ST-27-0-0.snv.bam	0.190476190476	0.169312169312	0.208994708995	0.0661375661376	0.0687830687831	0.0820105820106	0.190476190476	0.0661375661376	0.0343915343915	0.148148148148	0.222222222222	0.18253968254	0.113756613757	0.201058201058	0.153439153439	0.174603174603	0.195767195767	0.142857142857	0.187830687831	0.0767195767196	0.134920634921	0.224867724868	0.193121693122	0.216931216931	0.137566137566	0.185185185185	0.206349206349	0.153439153439	0.137566137566	0.0608465608466	0.0952380952381	0.193121693122	0.219576719577	0.195767195767	0.0820105820106	0.0	0.201058201058	0.198412698413	0.203703703704	0.171957671958	0.177248677249	0.164021164021
NG-5636_193.snv.bam	0.156084656085	0.137566137566	0.253968253968	0.216931216931	0.238095238095	0.238095238095	0.113756613757	0.214285714286	0.208994708995	0.0793650793651	0.275132275132	0.206349206349	0.21164021164	0.222222222222	0.166666666667	0.142857142857	0.267195767196	0.227513227513	0.0185185185185	0.224867724868	0.208994708995	0.269841269841	0.037037037037	0.269841269841	0.216931216931	0.145502645503	0.187830687831	0.137566137566	0.240740740741	0.206349206349	0.132275132275	0.174603174603	0.193121693122	0.201058201058	0.224867724868	0.201058201058	0.0	0.230158730159	0.0	0.134920634921	0.134920634921	0.142857142857
SAMEA3136642.snv.bam	0.216931216931	0.219576719577	0.111111111111	0.174603174603	0.177248677249	0.195767195767	0.23544973545	0.185185185185	0.214285714286	0.18253968254	0.0661375661376	0.246031746032	0.203703703704	0.193121693122	0.148148148148	0.230158730159	0.113756613757	0.222222222222	0.238095238095	0.193121693122	0.187830687831	0.103174603175	0.230158730159	0.0608465608466	0.227513227513	0.23544973545	0.253968253968	0.251322751323	0.15873015873	0.187830687831	0.164021164021	0.246031746032	0.214285714286	0.259259259259	0.219576719577	0.198412698413	0.230158730159	0.0	0.227513227513	0.23544973545	0.240740740741	0.227513227513
SAMEA3136654.snv.bam	0.150793650794	0.132275132275	0.253968253968	0.219576719577	0.243386243386	0.240740740741	0.113756613757	0.216931216931	0.21164021164	0.0793650793651	0.275132275132	0.214285714286	0.21164021164	0.214285714286	0.166666666667	0.145502645503	0.267195767196	0.230158730159	0.0132275132275	0.227513227513	0.206349206349	0.272486772487	0.042328042328	0.267195767196	0.219576719577	0.140211640212	0.185185185185	0.12962962963	0.243386243386	0.208994708995	0.12962962963	0.171957671958	0.195767195767	0.193121693122	0.224867724868	0.203703703704	0.0	0.227513227513	0.0	0.134920634921	0.134920634921	0.137566137566
SAMEA3136675.snv.bam	0.12962962963	0.119047619048	0.243386243386	0.195767195767	0.21164021164	0.203703703704	0.153439153439	0.18253968254	0.169312169312	0.100529100529	0.261904761905	0.18253968254	0.190476190476	0.203703703704	0.140211640212	0.12962962963	0.243386243386	0.190476190476	0.119047619048	0.193121693122	0.15873015873	0.256613756614	0.12962962963	0.261904761905	0.179894179894	0.119047619048	0.166666666667	0.121693121693	0.198412698413	0.177248677249	0.0952380952381	0.137566137566	0.164021164021	0.177248677249	0.193121693122	0.171957671958	0.134920634921	0.23544973545	0.134920634921	0.0	0.0	0.126984126984
SAMEA3136723.snv.bam	0.134920634921	0.121693121693	0.251322751323	0.201058201058	0.216931216931	0.208994708995	0.153439153439	0.187830687831	0.174603174603	0.100529100529	0.269841269841	0.187830687831	0.198412698413	0.208994708995	0.148148148148	0.137566137566	0.253968253968	0.198412698413	0.116402116402	0.198412698413	0.164021164021	0.26455026455	0.134920634921	0.267195767196	0.187830687831	0.126984126984	0.169312169312	0.126984126984	0.203703703704	0.18253968254	0.10582010582	0.140211640212	0.171957671958	0.185185185185	0.198412698413	0.177248677249	0.134920634921	0.240740740741	0.134920634921	0.0	0.0	0.132275132275
T2D-11A.snv.bam	0.142857142857	0.108465608466	0.230158730159	0.198412698413	0.203703703704	0.206349206349	0.145502645503	0.18253968254	0.177248677249	0.111111111111	0.243386243386	0.174603174603	0.195767195767	0.187830687831	0.145502645503	0.148148148148	0.243386243386	0.195767195767	0.134920634921	0.193121693122	0.174603174603	0.251322751323	0.140211640212	0.251322751323	0.174603174603	0.12962962963	0.161375661376	0.126984126984	0.203703703704	0.18253968254	0.103174603175	0.142857142857	0.177248677249	0.187830687831	0.208994708995	0.164021164021	0.142857142857	0.227513227513	0.137566137566	0.126984126984	0.132275132275	0.0
