	158256496-stool2.snv.bam	158337416-stool1.snv.bam	158337416-stool2.snv.bam	158802708-stool1.snv.bam	158802708-stool2.snv.bam	158802708-stool3.snv.bam	158984779-stool1.snv.bam	159227541-stool2.snv.bam	159227541-stool3.snv.bam	159288231-stool1.snv.bam	159571453-stool2.snv.bam	159733294-stool1.snv.bam	160400887-stool1.snv.bam	160765029-stool1.snv.bam	682102541-stool3.snv.bam	764062976-stool1.snv.bam	764184357-stool2.snv.bam	765074482-stool1.snv.bam	765074482-stool2.snv.bam	CCIS07539127ST-4-0.snv.bam	CCIS51667829ST-4-0.snv.bam	CCIS53355328ST-4-0.snv.bam	CCIS55230578ST-4-0.snv.bam	CCIS56503244ST-3-0.snv.bam	CCIS88317640ST-4-0.snv.bam	CCIS95409808ST-4-0.snv.bam	DOM013.snv.bam	M1.1-V3.metaG.snv.bam	M1.4-V2.metaG.snv.bam	MH0197.snv.bam	MH0247.snv.bam	MH0313.snv.bam	MH0323.snv.bam	MH0340.snv.bam	MH0406.snv.bam	MH0422.snv.bam	MMRS39582183ST-27-0-0.snv.bam	MMRS81135225ST-27-0-0.snv.bam	MMRS81671217ST-27-0-0.snv.bam	MMRS88581325ST-27-0-0.snv.bam	N009A.snv.bam	N022A.snv.bam	N066A.snv.bam	NG-5636_59.snv.bam	O2.UC29-1.snv.bam	O2.UC3-1.snv.bam	SZEY-103A.snv.bam	T2D-108A.snv.bam	T2D-154A.snv.bam	T2D-178A.snv.bam	T2D-189A.snv.bam	T2D-53A.snv.bam	T2D-70A.snv.bam	T2D-81A.snv.bam	V1.CD4-0-PN.snv.bam	V1.CD50-0.snv.bam	V1.CD55-0.snv.bam	V1.FI14.snv.bam	V1.FI16.snv.bam
158256496-stool2.snv.bam	0.0	0.315464622376	0.317015800299	0.312675164789	0.313622921486	0.308845294233	0.255178770188	0.320789587461	0.32253733793	0.257712505652	0.286620564599	0.342554771088	0.342216122271	0.310447400435	0.333203439681	0.25188047461	0.286621659878	0.239108280524	0.238325585871	0.308336503702	0.29177132784	0.254170318021	0.245855340203	0.305745659779	0.300050217251	0.234844308525	0.318902829414	0.268895468365	0.271347894553	0.266241503005	0.267094552863	0.320813665117	0.29611791079	0.289729943994	0.296096404655	0.266126267858	0.266294559125	0.269726942549	0.209313459139	0.256385492428	0.328072152658	0.296823337523	0.313605428017	0.257720842545	0.248446398929	0.346284019797	0.29693816929	0.318597395966	0.320005916682	0.305985024549	0.294242692143	0.309256651957	0.309323775685	0.309071876664	0.266636385061	0.293463222689	0.313302365319	0.274172356061	0.279554468983
158337416-stool1.snv.bam	0.315464622376	0.0	0.00263638699708	0.204562038153	0.200253120531	0.191683397849	0.215255428255	0.155706871434	0.158588988543	0.207826567145	0.259963080615	0.217504477514	0.174406690697	0.200862991814	0.161344734293	0.166557001936	0.212627318334	0.231061829176	0.232039137884	0.17005258133	0.160213826269	0.198227078567	0.273129065682	0.16573602741	0.182562101215	0.20151144875	0.191853279464	0.217349677249	0.153688570364	0.217334598532	0.215423783133	0.176352561177	0.200712146613	0.141552568086	0.11872298539	0.23969003249	0.238195158242	0.201251283857	0.257659504886	0.208453274486	0.182642357642	0.136347844165	0.196659011167	0.191078279782	0.202685016653	0.2105788432	0.143417442445	0.171381484142	0.14996049944	0.167301353557	0.208990495451	0.174084854539	0.135998705859	0.197182189575	0.208328055617	0.213295222047	0.202852174911	0.216534849918	0.232768067347
158337416-stool2.snv.bam	0.317015800299	0.00263638699708	0.0	0.212854526773	0.208984355201	0.200550134665	0.217265613861	0.157628633703	0.159822584035	0.210281095861	0.257558649508	0.222510153774	0.178120719497	0.204017320728	0.161704362872	0.169201352923	0.212240966458	0.232414300104	0.233486557673	0.177481785572	0.164699430476	0.203839823706	0.273603670132	0.172595198253	0.188852688344	0.204177294158	0.194663538533	0.217122086083	0.160808008817	0.217114875505	0.211826783687	0.176615304319	0.200828131057	0.14338997623	0.125776057549	0.247186959785	0.236814872908	0.198716099367	0.258405118189	0.211182974334	0.182794055766	0.141737883308	0.196865320377	0.190057908605	0.211171265229	0.217442320506	0.151198381413	0.175489142402	0.154620045154	0.171984424513	0.215917497514	0.178961009691	0.147143454421	0.209932122925	0.211114322813	0.210378267402	0.205486840542	0.215820890458	0.237903400752
158802708-stool1.snv.bam	0.312675164789	0.204562038153	0.212854526773	0.0	0.0049828153813	0.00572428927527	0.246783733834	0.196058518485	0.198148045012	0.226495606104	0.289385628272	0.286143174425	0.245172107909	0.218489419441	0.218993675179	0.232109018178	0.227801913771	0.239444697327	0.240717428084	0.240358920286	0.18451228721	0.236513639549	0.284792153525	0.182514634733	0.217447495095	0.256880713605	0.205354221878	0.194098830288	0.195209661393	0.239372354521	0.246848474816	0.164479199007	0.225054488338	0.187818769393	0.203494008949	0.274436687336	0.264331740842	0.264910637584	0.271045193361	0.280652045123	0.174663358849	0.201852608429	0.181415799845	0.247472151236	0.249566495997	0.182531794039	0.197492225347	0.206094111704	0.127321603096	0.173710618585	0.116773905679	0.152903613201	0.220370051803	0.212418997057	0.247797290426	0.215202616082	0.182787826053	0.239762366625	0.278724656908
158802708-stool2.snv.bam	0.313622921486	0.200253120531	0.208984355201	0.0049828153813	0.0	0.00991810436285	0.248608503905	0.195423312852	0.197837910328	0.225002114957	0.289460920306	0.286196496229	0.24155455557	0.221547203707	0.217270609934	0.230851435841	0.230001961109	0.239150841448	0.240432539983	0.240289118622	0.18410977573	0.237655275394	0.282977866256	0.180429690804	0.214852434987	0.256908149991	0.200914642702	0.192532193593	0.192175356007	0.237599861085	0.248958110436	0.162124484604	0.226362555974	0.183355418331	0.201394242057	0.272737680382	0.26440421111	0.261201675311	0.2680967974	0.278012920996	0.170678418805	0.19820191119	0.179368963967	0.24744300798	0.250183673308	0.18082508446	0.191819099039	0.207003731819	0.123799122353	0.173235957282	0.112647233518	0.151358297145	0.215533173399	0.208128779916	0.247409324954	0.213848121908	0.182535868388	0.241570440466	0.275020745295
158802708-stool3.snv.bam	0.308845294233	0.191683397849	0.200550134665	0.00572428927527	0.00991810436285	0.0	0.243886881351	0.187500338508	0.18965826515	0.206917751183	0.280024478147	0.278491907258	0.230445918109	0.212003163745	0.20341187438	0.211874810618	0.226349204094	0.232908098664	0.233984699123	0.230895916682	0.178641140886	0.224077053477	0.280399130826	0.165032742438	0.212282867326	0.246193464189	0.187931714669	0.19013900978	0.1765913574	0.237333202836	0.243035072925	0.153618460055	0.224647258076	0.17900695714	0.186786539305	0.264106746177	0.254569438031	0.255474000193	0.265185965459	0.273116668789	0.160801829993	0.185422823899	0.17594669794	0.237902993516	0.243430656754	0.169307324841	0.184997600256	0.194157161262	0.110185048151	0.164343925084	0.115883180081	0.141521321987	0.206993736961	0.200958559319	0.240216447379	0.205602200405	0.173689279642	0.236141243322	0.278881993814
158984779-stool1.snv.bam	0.255178770188	0.215255428255	0.217265613861	0.246783733834	0.248608503905	0.243886881351	0.0	0.245326171065	0.247258515039	0.234941687079	0.298684753922	0.244496959257	0.218277177488	0.250807274052	0.1955118527	0.0943990258666	0.209101567465	0.237449669773	0.238085425593	0.193931424808	0.189634228032	0.217648762572	0.248518243703	0.245188397251	0.19916154875	0.203374930848	0.258074076973	0.218333530165	0.208579047311	0.189020566648	0.119699947032	0.212275321838	0.0977372746735	0.195554560223	0.220827002984	0.141976182674	0.209423955988	0.172445252385	0.189984289875	0.175569385392	0.227186628836	0.234600034572	0.206642452959	0.108624117562	0.247843993506	0.250054776228	0.221042356614	0.20034021231	0.219900175473	0.233672062559	0.217282463534	0.222129633659	0.205942622572	0.239501201533	0.213808297314	0.211268763403	0.178776654209	0.032027200397	0.252898917241
159227541-stool2.snv.bam	0.320789587461	0.155706871434	0.157628633703	0.196058518485	0.195423312852	0.187500338508	0.245326171065	0.0	0.000516081212573	0.211145209158	0.196257773363	0.191819014678	0.184162133666	0.17840802455	0.156129533549	0.182794749924	0.172499245438	0.227694720745	0.228519238937	0.152526803198	0.144932419269	0.18367417454	0.240196318722	0.169864571374	0.160994251064	0.199275228454	0.200073747082	0.239063534917	0.156448047358	0.192121672205	0.245385064403	0.167599428435	0.21717232817	0.13649217581	0.15512197553	0.232686812302	0.229881259955	0.187387635041	0.239114267152	0.194658287959	0.205751939133	0.176089056112	0.196574205682	0.200995341549	0.214679291165	0.17785110421	0.152926631281	0.147612657347	0.138956138025	0.153088213359	0.197592087404	0.156441679236	0.204484291984	0.230012564501	0.20722840287	0.196931062198	0.186063603442	0.235415094298	0.212845939468
159227541-stool3.snv.bam	0.32253733793	0.158588988543	0.159822584035	0.198148045012	0.197837910328	0.18965826515	0.247258515039	0.000516081212573	0.0	0.213203900919	0.198434649412	0.191174201685	0.18630476117	0.177874978687	0.15837918769	0.182493176037	0.174975242904	0.226715355227	0.227537531038	0.154927530965	0.147228239359	0.185787670482	0.242154361382	0.169674798578	0.163166174357	0.201362113573	0.19917285024	0.241131148517	0.158511996253	0.194370658155	0.247317241067	0.167023710463	0.21935345681	0.138636899212	0.157992792366	0.234666171694	0.231939336848	0.189533343224	0.241145027456	0.196770579757	0.204821697402	0.178447822679	0.198668852361	0.203259453763	0.214460849082	0.176970636296	0.152580353348	0.149719664227	0.141535638666	0.155173555773	0.199567205476	0.15869701522	0.206636611262	0.231878123055	0.209656098685	0.199379141787	0.188200735369	0.2373867976	0.21503114047
159288231-stool1.snv.bam	0.257712505652	0.207826567145	0.210281095861	0.226495606104	0.225002114957	0.206917751183	0.234941687079	0.211145209158	0.213203900919	0.0	0.252862876448	0.276483566051	0.215977743155	0.227343527231	0.209810862215	0.205129451282	0.225807842126	0.187246984735	0.187255021574	0.227776746007	0.175023781609	0.242857018407	0.241302100674	0.185017726273	0.22179563969	0.205884897564	0.223855706076	0.190321001655	0.18883380779	0.267954448863	0.238210055334	0.196456473214	0.250546203342	0.20067762826	0.147464855933	0.244342341363	0.201035584111	0.232940762669	0.222755286412	0.24512575975	0.206006021595	0.21415173517	0.179225866647	0.189219665958	0.23733812653	0.228825197791	0.180920963657	0.217522044188	0.171831554221	0.180859813532	0.201426455854	0.180611487919	0.193691207441	0.207611511787	0.227633383394	0.195997032609	0.204291940573	0.213573336586	0.254952673576
159571453-stool2.snv.bam	0.286620564599	0.259963080615	0.257558649508	0.289385628272	0.289460920306	0.280024478147	0.298684753922	0.196257773363	0.198434649412	0.252862876448	0.0	0.26443689831	0.262450069035	0.271899523279	0.234693022586	0.252323073764	0.201225680437	0.254637184522	0.2544047836	0.236677996919	0.235714023042	0.151153210549	0.209792352443	0.249911426499	0.248900560709	0.176033751017	0.269332260859	0.25273359557	0.250145011363	0.225565087508	0.287000877236	0.26810900137	0.290635213119	0.250206453632	0.242245636024	0.275748900287	0.228351040515	0.272076632682	0.19306819351	0.251703178648	0.291419714088	0.199471411884	0.293366477292	0.254725898516	0.213617304784	0.25412935361	0.269598781515	0.214558102307	0.248512207338	0.273925094758	0.291505947179	0.254084838221	0.292163488478	0.333188030544	0.202527402144	0.241247095278	0.252080209856	0.297783614683	0.0844568668322
159733294-stool1.snv.bam	0.342554771088	0.217504477514	0.222510153774	0.286143174425	0.286196496229	0.278491907258	0.244496959257	0.191819014678	0.191174201685	0.276483566051	0.26443689831	0.0	0.206681958648	0.275371895766	0.187450596298	0.19878474359	0.224146039093	0.274878228572	0.276085505393	0.0514807536577	0.217835113812	0.168810228684	0.282043023132	0.243857864707	0.154697872728	0.207291594717	0.273036076552	0.289261131331	0.224022512577	0.194559269061	0.295791860281	0.234795723888	0.239352433989	0.18672651023	0.227642539021	0.217750289125	0.232011596941	0.239410564291	0.270762215211	0.231418946134	0.253877381271	0.230172059115	0.264598470968	0.228176681507	0.217659105353	0.251391776226	0.193403712838	0.1757067886	0.239154230926	0.209507363163	0.283180049364	0.229010083893	0.2218470381	0.246676555228	0.232794462998	0.25436091047	0.231368863309	0.234498605374	0.25682628602
160400887-stool1.snv.bam	0.342216122271	0.174406690697	0.178120719497	0.245172107909	0.24155455557	0.230445918109	0.218277177488	0.184162133666	0.18630476117	0.215977743155	0.262450069035	0.206681958648	0.0	0.201978708763	0.173615769126	0.172169906443	0.224951742092	0.268300697976	0.269309377935	0.180837569006	0.131988479952	0.202813034412	0.281272520118	0.209340948985	0.178899749512	0.196468237756	0.207649408747	0.230088051063	0.170529816349	0.230930431037	0.212986253865	0.170961251396	0.201685034431	0.174001088273	0.181543284298	0.196481071083	0.192366642372	0.185088248927	0.233746288255	0.194799144169	0.204135949124	0.182642375832	0.21105351992	0.17221112419	0.217797346909	0.210704926625	0.143263410257	0.184910773352	0.194243654458	0.211810832093	0.223981747006	0.150436754433	0.189707272497	0.227708879081	0.205248051746	0.225514083133	0.206039972642	0.199642086339	0.266430045834
160765029-stool1.snv.bam	0.310447400435	0.200862991814	0.204017320728	0.218489419441	0.221547203707	0.212003163745	0.250807274052	0.17840802455	0.177874978687	0.227343527231	0.271899523279	0.275371895766	0.201978708763	0.0	0.216160081054	0.243235604903	0.232453276106	0.265174275235	0.265821421527	0.240531585374	0.190644247352	0.243151124646	0.313387247517	0.218547178159	0.240846841382	0.223955223881	0.233340356792	0.25457337535	0.204778505235	0.259274292674	0.265717666498	0.16047008547	0.251627684696	0.186794480926	0.197062772743	0.27022682044	0.267400513153	0.25948932092	0.277402086693	0.26733690212	0.245708582834	0.219514239253	0.208346463585	0.224927795473	0.194640153575	0.219970806794	0.207201695079	0.184924373131	0.199864476143	0.215913317801	0.250620209919	0.210569105691	0.231072427568	0.264812432724	0.234177737847	0.276728543328	0.20614191486	0.252333423253	0.280652788072
682102541-stool3.snv.bam	0.333203439681	0.161344734293	0.161704362872	0.218993675179	0.217270609934	0.20341187438	0.1955118527	0.156129533549	0.15837918769	0.209810862215	0.234693022586	0.187450596298	0.173615769126	0.216160081054	0.0	0.146269401813	0.21202245325	0.217700734787	0.218706440883	0.164139768613	0.158585858586	0.182882427336	0.242487813178	0.158806788773	0.176002364966	0.174311701082	0.195585172845	0.18274598885	0.163126151849	0.244637464486	0.204317865386	0.168068535826	0.207792994849	0.169624347284	0.159237147595	0.183040439803	0.222886971625	0.211852103121	0.244335298379	0.18996124156	0.192159763314	0.154648967585	0.188754410319	0.170345154386	0.210884345015	0.161054153523	0.135846428199	0.133026570048	0.148049321728	0.185055082142	0.227707937405	0.140029761905	0.175698544699	0.210626356931	0.201973986127	0.180096326608	0.188923314133	0.184986225895	0.238309354752
764062976-stool1.snv.bam	0.25188047461	0.166557001936	0.169201352923	0.232109018178	0.230851435841	0.211874810618	0.0943990258666	0.182794749924	0.182493176037	0.205129451282	0.252323073764	0.19878474359	0.172169906443	0.243235604903	0.146269401813	0.0	0.209417075394	0.205895212152	0.206546168044	0.168564998642	0.149534177151	0.165688720104	0.200216722596	0.232307011568	0.167002254715	0.142496088471	0.265781722198	0.202427843007	0.162479083024	0.187903969765	0.135218228171	0.163430299256	0.144086942027	0.188331471396	0.189661410163	0.116963404431	0.179666415176	0.173564807946	0.167763214617	0.122855645032	0.184338227485	0.200662517352	0.216393918832	0.103374372848	0.212228422709	0.184951000834	0.190043140022	0.158012464251	0.153894262873	0.195407402628	0.240440585786	0.172320886963	0.170041482527	0.239577898643	0.188238717878	0.16765695781	0.17814514227	0.111373022286	0.230728006496
764184357-stool2.snv.bam	0.286621659878	0.212627318334	0.212240966458	0.227801913771	0.230001961109	0.226349204094	0.209101567465	0.172499245438	0.174975242904	0.225807842126	0.201225680437	0.224146039093	0.224951742092	0.232453276106	0.21202245325	0.209417075394	0.0	0.225195481061	0.226679188662	0.170979154294	0.189288619222	0.229608665484	0.240300851573	0.195241339361	0.190161272253	0.20254133171	0.231638138259	0.20475148561	0.179316365107	0.178276589266	0.237209163963	0.207325713726	0.198226990921	0.17280039879	0.185348600604	0.27938585832	0.239040023124	0.230738696214	0.246831275725	0.24129236195	0.238369953928	0.210632766081	0.197568533342	0.192028229934	0.256564150746	0.218686362962	0.183144834934	0.170909385621	0.179360425179	0.223179245951	0.234723483834	0.206600690575	0.22978813594	0.236818268007	0.236445733616	0.202833256319	0.198370367303	0.195610135058	0.181842585496
765074482-stool1.snv.bam	0.239108280524	0.231061829176	0.232414300104	0.239444697327	0.239150841448	0.232908098664	0.237449669773	0.227694720745	0.226715355227	0.187246984735	0.254637184522	0.274878228572	0.268300697976	0.265174275235	0.217700734787	0.205895212152	0.225195481061	0.0	0.00210431860457	0.256617462626	0.212842683695	0.249867914254	0.207170107508	0.21612227966	0.193218280117	0.20265083069	0.268433615631	0.179569963319	0.2278879482	0.26476042266	0.28290243441	0.220681083175	0.254783347761	0.258214961196	0.200177539194	0.264653298846	0.227813588427	0.212046248584	0.226455683645	0.221154864525	0.200643532858	0.202551176558	0.217060512249	0.214382716166	0.250883830866	0.246104289386	0.201126610403	0.236696378163	0.200225654488	0.218874201574	0.218131412774	0.215692416893	0.237906246968	0.196449054275	0.25089568032	0.224226088418	0.224412611606	0.244626309258	0.253043146337
765074482-stool2.snv.bam	0.238325585871	0.232039137884	0.233486557673	0.240717428084	0.240432539983	0.233984699123	0.238085425593	0.228519238937	0.227537531038	0.187255021574	0.2544047836	0.276085505393	0.269309377935	0.265821421527	0.218706440883	0.206546168044	0.226679188662	0.00210431860457	0.0	0.25769977626	0.213971466212	0.250467762964	0.207143039054	0.217174759158	0.193959415291	0.203516320194	0.269279875956	0.180198703725	0.22909902577	0.265676804369	0.28356909417	0.221655263208	0.255848384281	0.259480314776	0.201053063359	0.265201922723	0.228003305379	0.212036667517	0.225546311223	0.222005189684	0.201457007035	0.203416666062	0.217996779445	0.215190671117	0.251933916253	0.247167059288	0.20242921122	0.237481104336	0.201283746057	0.219830689733	0.219442524741	0.216621263656	0.239094189248	0.197612996039	0.251999298174	0.225079018543	0.225468562489	0.245524687877	0.252798750864
CCIS07539127ST-4-0.snv.bam	0.308336503702	0.17005258133	0.177481785572	0.240358920286	0.240289118622	0.230895916682	0.193931424808	0.152526803198	0.154927530965	0.227776746007	0.236677996919	0.0514807536577	0.180837569006	0.240531585374	0.164139768613	0.168564998642	0.170979154294	0.256617462626	0.25769977626	0.0	0.164604879356	0.144910255936	0.250807776413	0.224720729097	0.112692293631	0.176874711655	0.229880872289	0.243663001191	0.176516865265	0.199442294907	0.244391302646	0.195411318499	0.19193861667	0.144241174929	0.176222307777	0.187656105158	0.20151130893	0.205188598614	0.22516915493	0.203756200491	0.224233237785	0.204732998773	0.224290155444	0.166577331475	0.20732407918	0.203642473118	0.171608746022	0.141042843911	0.19757988982	0.173099096784	0.239556410754	0.186329645251	0.181218301078	0.238252957875	0.185003351545	0.200576750059	0.174498110592	0.180471635883	0.195853669397
CCIS51667829ST-4-0.snv.bam	0.29177132784	0.160213826269	0.164699430476	0.18451228721	0.18410977573	0.178641140886	0.189634228032	0.144932419269	0.147228239359	0.175023781609	0.235714023042	0.217835113812	0.131988479952	0.190644247352	0.158585858586	0.149534177151	0.189288619222	0.212842683695	0.213971466212	0.164604879356	0.0	0.189813544804	0.211038198337	0.196271144007	0.139602537661	0.189054001554	0.183218866503	0.178346563991	0.170117206883	0.21230569814	0.207465320505	0.173935844064	0.181635318762	0.133642356966	0.159390310289	0.211225211253	0.211049376503	0.176043216597	0.215778582759	0.16493221475	0.180698352573	0.187146489113	0.147071209565	0.143689530624	0.207458920697	0.144644764957	0.14221065962	0.163886628051	0.15546997647	0.162008541245	0.156664646558	0.107399755127	0.191509543599	0.202410154435	0.187210269455	0.168279194486	0.163606225011	0.175720439691	0.213272016351
CCIS53355328ST-4-0.snv.bam	0.254170318021	0.198227078567	0.203839823706	0.236513639549	0.237655275394	0.224077053477	0.217648762572	0.18367417454	0.185787670482	0.242857018407	0.151153210549	0.168810228684	0.202813034412	0.243151124646	0.182882427336	0.165688720104	0.229608665484	0.249867914254	0.250467762964	0.144910255936	0.189813544804	0.0	0.236626118418	0.201564258331	0.180646509372	0.135452462114	0.227362228508	0.244381160117	0.18243586365	0.159023637681	0.223646775266	0.217579599225	0.224396758219	0.183774010907	0.188080693032	0.184422989387	0.190037172255	0.200573951853	0.18516574891	0.156750573761	0.224558259582	0.15705447061	0.25124579094	0.203197291134	0.139069834237	0.21092621259	0.201811346133	0.158168337797	0.192620168981	0.205711218001	0.238968609029	0.206732522431	0.242523415203	0.267480804947	0.117553976721	0.200716276215	0.224755560133	0.236268441683	0.184636266577
CCIS55230578ST-4-0.snv.bam	0.245855340203	0.273129065682	0.273603670132	0.284792153525	0.282977866256	0.280399130826	0.248518243703	0.240196318722	0.242154361382	0.241302100674	0.209792352443	0.282043023132	0.281272520118	0.313387247517	0.242487813178	0.200216722596	0.240300851573	0.207170107508	0.207143039054	0.250807776413	0.211038198337	0.236626118418	0.0	0.275430515119	0.186464114819	0.169106659828	0.271880786725	0.224084628037	0.256810231974	0.275682405342	0.254432372429	0.252750291931	0.260693996963	0.260476545106	0.244175606946	0.231317991124	0.227128661853	0.242484933812	0.174318634198	0.201404258695	0.246508317203	0.229798266765	0.292578695506	0.226314335105	0.276352778538	0.276645095192	0.231925136126	0.248790972563	0.248482966356	0.241498547065	0.259381069111	0.225344316759	0.276873970665	0.288227152759	0.250103054047	0.199293581047	0.267196828133	0.244443835906	0.20405253413
CCIS56503244ST-3-0.snv.bam	0.305745659779	0.16573602741	0.172595198253	0.182514634733	0.180429690804	0.165032742438	0.245188397251	0.169864571374	0.169674798578	0.185017726273	0.249911426499	0.243857864707	0.209340948985	0.218547178159	0.158806788773	0.232307011568	0.195241339361	0.21612227966	0.217174759158	0.224720729097	0.196271144007	0.201564258331	0.275430515119	0.0	0.191447128997	0.223447058382	0.148847123891	0.165952945295	0.146126972584	0.219568578963	0.239382154569	0.166903466381	0.224752494443	0.173274878689	0.075773428255	0.242871494686	0.23166555007	0.207249351004	0.280255657548	0.234279344242	0.188561253059	0.108296211579	0.196020511439	0.196243249733	0.196715316622	0.161843487863	0.15922885435	0.186315475265	0.106188988893	0.207491810352	0.176758762213	0.138561253059	0.18377656607	0.184387456293	0.200433733956	0.174534614464	0.206593347925	0.231574227361	0.260564458437
CCIS88317640ST-4-0.snv.bam	0.300050217251	0.182562101215	0.188852688344	0.217447495095	0.214852434987	0.212282867326	0.19916154875	0.160994251064	0.163166174357	0.22179563969	0.248900560709	0.154697872728	0.178899749512	0.240846841382	0.176002364966	0.167002254715	0.190161272253	0.193218280117	0.193959415291	0.112692293631	0.139602537661	0.180646509372	0.186464114819	0.191447128997	0.0	0.16722199957	0.226869575784	0.177028999068	0.184132844513	0.231062541447	0.221848738302	0.15790403441	0.188717485663	0.149825315872	0.158299291675	0.192876677226	0.172295423769	0.163311616026	0.191637077451	0.18058978717	0.195543810247	0.174061940927	0.201546961647	0.14345111243	0.215452301598	0.17941100823	0.16812858214	0.152850985714	0.16913237298	0.152197463616	0.208361801981	0.158826933285	0.194807264405	0.203686422635	0.187897269075	0.145016734804	0.199068368247	0.183387529004	0.21675509073
CCIS95409808ST-4-0.snv.bam	0.234844308525	0.20151144875	0.204177294158	0.256880713605	0.256908149991	0.246193464189	0.203374930848	0.199275228454	0.201362113573	0.205884897564	0.176033751017	0.207291594717	0.196468237756	0.223955223881	0.174311701082	0.142496088471	0.20254133171	0.20265083069	0.203516320194	0.176874711655	0.189054001554	0.135452462114	0.169106659828	0.223447058382	0.16722199957	0.0	0.226343975986	0.194472722748	0.188198931277	0.22489833459	0.20946040115	0.196131879543	0.190159524358	0.212543053961	0.194289670903	0.156579443641	0.146790120034	0.237181196125	0.152168650168	0.134135874847	0.235343992248	0.158725967546	0.228684285308	0.134699089908	0.154253491949	0.2528515625	0.183454817213	0.179507483734	0.214452006631	0.190314444677	0.224364930996	0.209935897436	0.226785244459	0.239577684423	0.139822628453	0.192200346555	0.221458033763	0.210582045236	0.204429521589
DOM013.snv.bam	0.318902829414	0.191853279464	0.194663538533	0.205354221878	0.200914642702	0.187931714669	0.258074076973	0.200073747082	0.19917285024	0.223855706076	0.269332260859	0.273036076552	0.207649408747	0.233340356792	0.195585172845	0.265781722198	0.231638138259	0.268433615631	0.269279875956	0.229880872289	0.183218866503	0.227362228508	0.271880786725	0.148847123891	0.226869575784	0.226343975986	0.0	0.191594505191	0.12730307187	0.272049360006	0.252313717035	0.175494505495	0.247477964929	0.194530887009	0.195159880377	0.275036172271	0.272317191594	0.25808551352	0.272832475724	0.250728105739	0.169642857143	0.204957442544	0.217688995369	0.23352977352	0.249172245024	0.18260765726	0.0998313437367	0.188936547373	0.192476889259	0.202323828272	0.158844538225	0.137531328321	0.173562080204	0.188634864522	0.246341395198	0.216616507242	0.259268178564	0.248051331385	0.280953077999
M1.1-V3.metaG.snv.bam	0.268895468365	0.217349677249	0.217122086083	0.194098830288	0.192532193593	0.19013900978	0.218333530165	0.239063534917	0.241131148517	0.190321001655	0.25273359557	0.289261131331	0.230088051063	0.25457337535	0.18274598885	0.202427843007	0.20475148561	0.179569963319	0.180198703725	0.243663001191	0.178346563991	0.244381160117	0.224084628037	0.165952945295	0.177028999068	0.194472722748	0.191594505191	0.0	0.213681182807	0.284170315295	0.197336187499	0.195596593236	0.228246035867	0.220032377619	0.182259395575	0.232111270211	0.196422761088	0.225774163052	0.215351512564	0.250361923944	0.211778215336	0.178259381903	0.228784020679	0.179886131414	0.237947874677	0.21054002193	0.200210162886	0.211234580048	0.19269131351	0.238355963309	0.189610392107	0.173254265541	0.20701827678	0.230074769725	0.23255498515	0.186363502868	0.236467781952	0.195505213413	0.248647361052
M1.4-V2.metaG.snv.bam	0.271347894553	0.153688570364	0.160808008817	0.195209661393	0.192175356007	0.1765913574	0.208579047311	0.156448047358	0.158511996253	0.18883380779	0.250145011363	0.224022512577	0.170529816349	0.204778505235	0.163126151849	0.162479083024	0.179316365107	0.2278879482	0.22909902577	0.176516865265	0.170117206883	0.18243586365	0.256810231974	0.146126972584	0.184132844513	0.188198931277	0.12730307187	0.213681182807	0.0	0.221916087967	0.197749683675	0.163293828872	0.209911098709	0.133179163846	0.153674023556	0.214034987078	0.214340788279	0.203212748953	0.207698158653	0.189099739397	0.189007501465	0.180168000626	0.180057350093	0.17624599688	0.212223766272	0.167065329218	0.127511840896	0.133392889722	0.150977488312	0.155332137313	0.177547639045	0.163456930071	0.176244412174	0.19395268731	0.195950777793	0.191821320034	0.200350820338	0.19887439755	0.249737170899
MH0197.snv.bam	0.266241503005	0.217334598532	0.217114875505	0.239372354521	0.237599861085	0.237333202836	0.189020566648	0.192121672205	0.194370658155	0.267954448863	0.225565087508	0.194559269061	0.230930431037	0.259274292674	0.244637464486	0.187903969765	0.178276589266	0.26476042266	0.265676804369	0.199442294907	0.21230569814	0.159023637681	0.275682405342	0.219568578963	0.231062541447	0.22489833459	0.272049360006	0.284170315295	0.221916087967	0.0	0.249722676347	0.233985550199	0.186558889593	0.19037472752	0.206052998923	0.253568010614	0.251125015227	0.18846479276	0.276594554384	0.187209959311	0.25014615363	0.199829066151	0.232120495694	0.215660110474	0.215193421296	0.255691550607	0.214744205923	0.20384998439	0.198112114581	0.261343739748	0.233592970312	0.233029734182	0.242950535733	0.256442927238	0.22764804134	0.266740250766	0.203640017368	0.205002670293	0.219018613431
MH0247.snv.bam	0.267094552863	0.215423783133	0.211826783687	0.246848474816	0.248958110436	0.243035072925	0.119699947032	0.245385064403	0.247317241067	0.238210055334	0.287000877236	0.295791860281	0.212986253865	0.265717666498	0.204317865386	0.135218228171	0.237209163963	0.28290243441	0.28356909417	0.244391302646	0.207465320505	0.223646775266	0.254432372429	0.239382154569	0.221848738302	0.20946040115	0.252313717035	0.197336187499	0.197749683675	0.249722676347	0.0	0.2185570087	0.159230703807	0.207299756847	0.227016114418	0.165137350412	0.197960976692	0.154599009729	0.178340311099	0.198676724427	0.229974217895	0.21771847284	0.234867544199	0.146378057161	0.268625994447	0.231590106463	0.251005223149	0.189171604697	0.214516702263	0.247726459183	0.23188632698	0.231084876689	0.23930625647	0.285228609396	0.208549143646	0.188291458134	0.265584438256	0.0884798235326	0.300059540932
MH0313.snv.bam	0.320813665117	0.176352561177	0.176615304319	0.164479199007	0.162124484604	0.153618460055	0.212275321838	0.167599428435	0.167023710463	0.196456473214	0.26810900137	0.234795723888	0.170961251396	0.16047008547	0.168068535826	0.163430299256	0.207325713726	0.220681083175	0.221655263208	0.195411318499	0.173935844064	0.217579599225	0.252750291931	0.166903466381	0.15790403441	0.196131879543	0.175494505495	0.195596593236	0.163293828872	0.233985550199	0.2185570087	0.0	0.200850425497	0.157267705499	0.136260077112	0.241415826399	0.219549240079	0.219875643225	0.269147055367	0.244345156967	0.11875	0.142319636629	0.189967014843	0.190878303802	0.229261430997	0.173347222222	0.14265437859	0.149624328622	0.13420528516	0.187237444185	0.190788470478	0.122257053292	0.153444894406	0.194984948029	0.201294900309	0.183209904905	0.196292027783	0.200710811822	0.267631781717
MH0323.snv.bam	0.29611791079	0.200712146613	0.200828131057	0.225054488338	0.226362555974	0.224647258076	0.0977372746735	0.21717232817	0.21935345681	0.250546203342	0.290635213119	0.239352433989	0.201685034431	0.251627684696	0.207792994849	0.144086942027	0.198226990921	0.254783347761	0.255848384281	0.19193861667	0.181635318762	0.224396758219	0.260693996963	0.224752494443	0.188717485663	0.190159524358	0.247477964929	0.228246035867	0.209911098709	0.186558889593	0.159230703807	0.200850425497	0.0	0.185660204127	0.209954564622	0.176506820148	0.169342715878	0.169497927861	0.214685847549	0.141697701169	0.216448296938	0.212703310333	0.196117724257	0.13778387251	0.23737565836	0.24404271811	0.204589889016	0.195554907489	0.203621978514	0.206346947054	0.215353188701	0.193634494834	0.213228626618	0.21768724047	0.174539734225	0.214794944026	0.203028183232	0.100551864114	0.256634673773
MH0340.snv.bam	0.289729943994	0.141552568086	0.14338997623	0.187818769393	0.183355418331	0.17900695714	0.195554560223	0.13649217581	0.138636899212	0.20067762826	0.250206453632	0.18672651023	0.174001088273	0.186794480926	0.169624347284	0.188331471396	0.17280039879	0.258214961196	0.259480314776	0.144241174929	0.133642356966	0.183774010907	0.260476545106	0.173274878689	0.149825315872	0.212543053961	0.194530887009	0.220032377619	0.133179163846	0.19037472752	0.207299756847	0.157267705499	0.185660204127	0.0	0.12322668939	0.210658676484	0.219007166746	0.184518669082	0.220609491472	0.224363159146	0.181821660926	0.176711560717	0.155018909975	0.204187733595	0.213993107783	0.147090808552	0.177001707033	0.137170506627	0.148285246783	0.162638459538	0.174943471642	0.166940275172	0.158981957666	0.205001126326	0.175275176324	0.213169487872	0.168279365338	0.175886922178	0.231002931705
MH0406.snv.bam	0.296096404655	0.11872298539	0.125776057549	0.203494008949	0.201394242057	0.186786539305	0.220827002984	0.15512197553	0.157992792366	0.147464855933	0.242245636024	0.227642539021	0.181543284298	0.197062772743	0.159237147595	0.189661410163	0.185348600604	0.200177539194	0.201053063359	0.176222307777	0.159390310289	0.188080693032	0.244175606946	0.075773428255	0.158299291675	0.194289670903	0.195159880377	0.182259395575	0.153674023556	0.206052998923	0.227016114418	0.136260077112	0.209954564622	0.12322668939	0.0	0.230177733947	0.203536922015	0.181109168609	0.261890578654	0.219060126402	0.162153796025	0.0829284590805	0.165148160926	0.166311425027	0.198084368477	0.15600826301	0.152992394209	0.170975082634	0.121468564836	0.168222397563	0.207404845217	0.141600133067	0.148018431275	0.193555590688	0.174752527534	0.168164293978	0.168523746387	0.204851724239	0.229616881547
MH0422.snv.bam	0.266126267858	0.23969003249	0.247186959785	0.274436687336	0.272737680382	0.264106746177	0.141976182674	0.232686812302	0.234666171694	0.244342341363	0.275748900287	0.217750289125	0.196481071083	0.27022682044	0.183040439803	0.116963404431	0.27938585832	0.264653298846	0.265201922723	0.187656105158	0.211225211253	0.184422989387	0.231317991124	0.242871494686	0.192876677226	0.156579443641	0.275036172271	0.232111270211	0.214034987078	0.253568010614	0.165137350412	0.241415826399	0.176506820148	0.210658676484	0.230177733947	0.0	0.151695414453	0.201402323444	0.166482848172	0.159470081599	0.250266870265	0.194313813792	0.252236721921	0.151189726412	0.221800295267	0.249438792852	0.225124769741	0.204932714638	0.221662935897	0.224991491135	0.254395670545	0.22541775103	0.233005260272	0.259763774709	0.167618915262	0.190676859786	0.230090741504	0.131812114366	0.306651714456
MMRS39582183ST-27-0-0.snv.bam	0.266294559125	0.238195158242	0.236814872908	0.264331740842	0.26440421111	0.254569438031	0.209423955988	0.229881259955	0.231939336848	0.201035584111	0.228351040515	0.232011596941	0.192366642372	0.267400513153	0.222886971625	0.179666415176	0.239040023124	0.227813588427	0.228003305379	0.20151130893	0.211049376503	0.190037172255	0.227128661853	0.23166555007	0.172295423769	0.146790120034	0.272317191594	0.196422761088	0.214340788279	0.251125015227	0.197960976692	0.219549240079	0.169342715878	0.219007166746	0.203536922015	0.151695414453	0.0	0.192118473134	0.151420072078	0.180349176817	0.257802097668	0.195887497926	0.260599677898	0.145506957028	0.201974220195	0.267325268817	0.22920963019	0.200252781064	0.224042222377	0.22815630261	0.263602961871	0.217316505075	0.252350180621	0.265444916398	0.1594886883	0.149231989837	0.27329631492	0.186793501927	0.258574273742
MMRS81135225ST-27-0-0.snv.bam	0.269726942549	0.201251283857	0.198716099367	0.264910637584	0.261201675311	0.255474000193	0.172445252385	0.187387635041	0.189533343224	0.232940762669	0.272076632682	0.239410564291	0.185088248927	0.25948932092	0.211852103121	0.173564807946	0.230738696214	0.212046248584	0.212036667517	0.205188598614	0.176043216597	0.200573951853	0.242484933812	0.207249351004	0.163311616026	0.237181196125	0.25808551352	0.225774163052	0.203212748953	0.18846479276	0.154599009729	0.219875643225	0.169497927861	0.184518669082	0.181109168609	0.201402323444	0.192118473134	0.0	0.219904177836	0.157229281075	0.217508664356	0.196725412671	0.21804946132	0.195056861213	0.252054171227	0.224698168393	0.208399188852	0.21202579443	0.185011991616	0.233203233816	0.249997652472	0.185640083469	0.238707389625	0.236408168948	0.184496167319	0.195927643798	0.228497227511	0.167242247548	0.248044354227
MMRS81671217ST-27-0-0.snv.bam	0.209313459139	0.257659504886	0.258405118189	0.271045193361	0.2680967974	0.265185965459	0.189984289875	0.239114267152	0.241145027456	0.222755286412	0.19306819351	0.270762215211	0.233746288255	0.277402086693	0.244335298379	0.167763214617	0.246831275725	0.226455683645	0.225546311223	0.22516915493	0.215778582759	0.18516574891	0.174318634198	0.280255657548	0.191637077451	0.152168650168	0.272832475724	0.215351512564	0.207698158653	0.276594554384	0.178340311099	0.269147055367	0.214685847549	0.220609491472	0.261890578654	0.166482848172	0.151420072078	0.219904177836	0.0	0.197343445945	0.273815853248	0.225096050711	0.28236489577	0.197443770945	0.224510982921	0.252852260778	0.259126643923	0.218628749391	0.258153358789	0.234500668844	0.246283896994	0.251995411539	0.261735912057	0.316891932075	0.204115127896	0.224646628082	0.270224552565	0.179480112805	0.224696716301
MMRS88581325ST-27-0-0.snv.bam	0.256385492428	0.208453274486	0.211182974334	0.280652045123	0.278012920996	0.273116668789	0.175569385392	0.194658287959	0.196770579757	0.24512575975	0.251703178648	0.231418946134	0.194799144169	0.26733690212	0.18996124156	0.122855645032	0.24129236195	0.221154864525	0.222005189684	0.203756200491	0.16493221475	0.156750573761	0.201404258695	0.234279344242	0.18058978717	0.134135874847	0.250728105739	0.250361923944	0.189099739397	0.187209959311	0.198676724427	0.244345156967	0.141697701169	0.224363159146	0.219060126402	0.159470081599	0.180349176817	0.157229281075	0.197343445945	0.0	0.242593387151	0.207620145696	0.235812974258	0.141591594054	0.209416904435	0.231114969136	0.174313331368	0.201005733204	0.202719854033	0.216671955213	0.237838137449	0.196330173827	0.227217908207	0.249316276636	0.174476483999	0.196352050243	0.224456140723	0.188397801264	0.240307190173
N009A.snv.bam	0.328072152658	0.182642357642	0.182794055766	0.174663358849	0.170678418805	0.160801829993	0.227186628836	0.205751939133	0.204821697402	0.206006021595	0.291419714088	0.253877381271	0.204135949124	0.245708582834	0.192159763314	0.184338227485	0.238369953928	0.200643532858	0.201457007035	0.224233237785	0.180698352573	0.224558259582	0.246508317203	0.188561253059	0.195543810247	0.235343992248	0.169642857143	0.211778215336	0.189007501465	0.25014615363	0.229974217895	0.11875	0.216448296938	0.181821660926	0.162153796025	0.250266870265	0.257802097668	0.217508664356	0.273815853248	0.242593387151	0.0	0.157948430239	0.206214375285	0.230782731057	0.250069266483	0.19789707419	0.152715901919	0.177078484912	0.129204687132	0.196078235743	0.168569271474	0.142433234421	0.179113886614	0.165246020698	0.23810900647	0.201412835898	0.216379451016	0.216850586793	0.282681189032
N022A.snv.bam	0.296823337523	0.136347844165	0.141737883308	0.201852608429	0.19820191119	0.185422823899	0.234600034572	0.176089056112	0.178447822679	0.21415173517	0.199471411884	0.230172059115	0.182642375832	0.219514239253	0.154648967585	0.200662517352	0.210632766081	0.202551176558	0.203416666062	0.204732998773	0.187146489113	0.15705447061	0.229798266765	0.108296211579	0.174061940927	0.158725967546	0.204957442544	0.178259381903	0.180168000626	0.199829066151	0.21771847284	0.142319636629	0.212703310333	0.176711560717	0.0829284590805	0.194313813792	0.195887497926	0.196725412671	0.225096050711	0.207620145696	0.157948430239	0.0	0.212991821044	0.200407133598	0.186595816074	0.181547449946	0.178729472924	0.167019465445	0.136791499685	0.19096428463	0.210303789178	0.167354620514	0.195170377858	0.23262119978	0.169340157939	0.180975865172	0.202335122913	0.224816079463	0.247801013994
N066A.snv.bam	0.313605428017	0.196659011167	0.196865320377	0.181415799845	0.179368963967	0.17594669794	0.206642452959	0.196574205682	0.198668852361	0.179225866647	0.293366477292	0.264598470968	0.21105351992	0.208346463585	0.188754410319	0.216393918832	0.197568533342	0.217060512249	0.217996779445	0.224290155444	0.147071209565	0.25124579094	0.292578695506	0.196020511439	0.201546961647	0.228684285308	0.217688995369	0.228784020679	0.180057350093	0.232120495694	0.234867544199	0.189967014843	0.196117724257	0.155018909975	0.165148160926	0.252236721921	0.260599677898	0.21804946132	0.28236489577	0.235812974258	0.206214375285	0.212991821044	0.0	0.179963474591	0.242532270848	0.177943474265	0.175118069578	0.196869303221	0.177274778252	0.133331883685	0.187696544402	0.174618575241	0.175615290072	0.164644257451	0.224726291557	0.209541753706	0.162674929504	0.190637986921	0.281865805465
