	159268001-stool1.snv.bam	159268001-stool2.snv.bam	BYQ_AAAG.snv.bam	BYQ_AAAR.snv.bam	BYQ_AABA.snv.bam	CCIS02124300ST-4-0.snv.bam	CCIS03857607ST-4-0.snv.bam	CCIS22958137ST-20-0.snv.bam	CCIS82146115ST-4-0.snv.bam	CCIS84543192ST-4-0.snv.bam	CCMD46222674ST-21-0.snv.bam	MH0283.snv.bam	MH0450.snv.bam	MMRS65205033ST-27-0-0.snv.bam	O2.CD2-0.snv.bam	SAMEA3136746.snv.bam	SZEY-68A.snv.bam	T2D-108A.snv.bam	T2D-2A.snv.bam	V1.FI09.snv.bam
159268001-stool1.snv.bam	0.0	0.00128357932748	0.241150570311	0.241304532364	0.237896461255	0.225025828395	0.249919874625	0.245717849404	0.241143439199	0.217050598436	0.231555965082	0.225783394505	0.247211487244	0.246979521084	0.114665307434	0.196353026494	0.250604423582	0.243391840924	0.261748643044	0.205631496927
159268001-stool2.snv.bam	0.00128357932748	0.0	0.239567399315	0.239730160533	0.236272394033	0.22456554302	0.249730043663	0.245368517201	0.240702970832	0.216489665726	0.231067581229	0.225491164805	0.246856852429	0.246614927977	0.113523740862	0.195569428647	0.250650131422	0.243153069381	0.261304091631	0.205099210841
BYQ_AAAG.snv.bam	0.241150570311	0.239567399315	0.0	0.000523376623152	0.000475282824393	0.238073943211	0.250005836087	0.239395059754	0.241747457478	0.209992471553	0.198040260439	0.219753178052	0.257842173971	0.247591761297	0.219699313294	0.208421588688	0.260956877317	0.246034172835	0.260411281597	0.203890362482
BYQ_AAAR.snv.bam	0.241304532364	0.239730160533	0.000523376623152	0.0	0.00055117056627	0.238163454751	0.250169241634	0.239405486256	0.241813194869	0.210114761195	0.198144043162	0.219885430946	0.257922926618	0.247739782338	0.219928654037	0.208457895414	0.260751951904	0.245897201977	0.260367353679	0.203952698718
BYQ_AABA.snv.bam	0.237896461255	0.236272394033	0.000475282824393	0.00055117056627	0.0	0.233592569518	0.245737080406	0.234953063482	0.238604648865	0.207968722717	0.194600575261	0.215043812223	0.253504803367	0.24400685616	0.214891320632	0.204898347463	0.256698108759	0.241591211134	0.256188288289	0.198801418065
CCIS02124300ST-4-0.snv.bam	0.225025828395	0.22456554302	0.238073943211	0.238163454751	0.233592569518	0.0	0.244455704713	0.242373357669	0.186839280181	0.208006893477	0.252585976655	0.232872808063	0.185425358463	0.234370901963	0.218534561701	0.199592519292	0.197130289279	0.185101559929	0.210653696922	0.199147461312
CCIS03857607ST-4-0.snv.bam	0.249919874625	0.249730043663	0.250005836087	0.250169241634	0.245737080406	0.244455704713	0.0	0.242878736037	0.253372759778	0.217054588951	0.259782445055	0.246287184518	0.253945074052	0.238447213464	0.220406262499	0.22759861038	0.268783274989	0.243325241517	0.26727542372	0.230850899405
CCIS22958137ST-20-0.snv.bam	0.245717849404	0.245368517201	0.239395059754	0.239405486256	0.234953063482	0.242373357669	0.242878736037	0.0	0.239195324955	0.238002622298	0.247637295927	0.238416857216	0.252007341075	0.233316731034	0.232611368336	0.197025788456	0.250314529367	0.24432362083	0.251321065954	0.216581559994
CCIS82146115ST-4-0.snv.bam	0.241143439199	0.240702970832	0.241747457478	0.241813194869	0.238604648865	0.186839280181	0.253372759778	0.239195324955	0.0	0.227457064089	0.258594245463	0.243996448158	0.231593331936	0.237796989645	0.225936306573	0.218743385295	0.194228341688	0.200660895746	0.204027385578	0.192696529138
CCIS84543192ST-4-0.snv.bam	0.217050598436	0.216489665726	0.209992471553	0.210114761195	0.207968722717	0.208006893477	0.217054588951	0.238002622298	0.227457064089	0.0	0.214001001141	0.205538564397	0.221683697164	0.218466460348	0.195683797832	0.155657520544	0.240812156917	0.217501741239	0.230653790288	0.190527027584
CCMD46222674ST-21-0.snv.bam	0.231555965082	0.231067581229	0.198040260439	0.198144043162	0.194600575261	0.252585976655	0.259782445055	0.247637295927	0.258594245463	0.214001001141	0.0	0.224950736342	0.25872510455	0.227990278428	0.205801437877	0.203354119577	0.27231374551	0.253455606954	0.266883092795	0.195245732777
MH0283.snv.bam	0.225783394505	0.225491164805	0.219753178052	0.219885430946	0.215043812223	0.232872808063	0.246287184518	0.238416857216	0.243996448158	0.205538564397	0.224950736342	0.0	0.253474285741	0.244566572851	0.199593098055	0.191811321012	0.258726323502	0.265755213432	0.259426325048	0.187679536716
MH0450.snv.bam	0.247211487244	0.246856852429	0.257842173971	0.257922926618	0.253504803367	0.185425358463	0.253945074052	0.252007341075	0.231593331936	0.221683697164	0.25872510455	0.253474285741	0.0	0.239910796978	0.229373849063	0.224772690941	0.218743859403	0.19328260779	0.232203779443	0.214909017994
MMRS65205033ST-27-0-0.snv.bam	0.246979521084	0.246614927977	0.247591761297	0.247739782338	0.24400685616	0.234370901963	0.238447213464	0.233316731034	0.237796989645	0.218466460348	0.227990278428	0.244566572851	0.239910796978	0.0	0.224728672912	0.210388564803	0.25274290357	0.229122503762	0.254550776571	0.208979660801
O2.CD2-0.snv.bam	0.114665307434	0.113523740862	0.219699313294	0.219928654037	0.214891320632	0.218534561701	0.220406262499	0.232611368336	0.225936306573	0.195683797832	0.205801437877	0.199593098055	0.229373849063	0.224728672912	0.0	0.169001157834	0.240237699803	0.221675228126	0.241003191313	0.188719665456
SAMEA3136746.snv.bam	0.196353026494	0.195569428647	0.208421588688	0.208457895414	0.204898347463	0.199592519292	0.22759861038	0.197025788456	0.218743385295	0.155657520544	0.203354119577	0.191811321012	0.224772690941	0.210388564803	0.169001157834	0.0	0.230400809826	0.217072526088	0.232173741709	0.164219903161
SZEY-68A.snv.bam	0.250604423582	0.250650131422	0.260956877317	0.260751951904	0.256698108759	0.197130289279	0.268783274989	0.250314529367	0.194228341688	0.240812156917	0.27231374551	0.258726323502	0.218743859403	0.25274290357	0.240237699803	0.230400809826	0.0	0.189003666623	0.190685069649	0.221408897179
T2D-108A.snv.bam	0.243391840924	0.243153069381	0.246034172835	0.245897201977	0.241591211134	0.185101559929	0.243325241517	0.24432362083	0.200660895746	0.217501741239	0.253455606954	0.265755213432	0.19328260779	0.229122503762	0.221675228126	0.217072526088	0.189003666623	0.0	0.170722419291	0.192479137079
T2D-2A.snv.bam	0.261748643044	0.261304091631	0.260411281597	0.260367353679	0.256188288289	0.210653696922	0.26727542372	0.251321065954	0.204027385578	0.230653790288	0.266883092795	0.259426325048	0.232203779443	0.254550776571	0.241003191313	0.232173741709	0.190685069649	0.170722419291	0.0	0.216500563361
V1.FI09.snv.bam	0.205631496927	0.205099210841	0.203890362482	0.203952698718	0.198801418065	0.199147461312	0.230850899405	0.216581559994	0.192696529138	0.190527027584	0.195245732777	0.187679536716	0.214909017994	0.208979660801	0.188719665456	0.164219903161	0.221408897179	0.192479137079	0.216500563361	0.0
