	159753524-stool2.snv.bam	160704339-stool1.snv.bam	161412393-stool2.snv.bam	508703490-stool2.snv.bam	763901136-stool1.snv.bam	CCIS91228662ST-4-0.snv.bam	CCMD14479708ST-21-0.snv.bam	CCMD19497912ST-21-0.snv.bam	CCMD25963797ST-21-0.snv.bam	MH0131.snv.bam	MH0193.snv.bam	MH0196.snv.bam	MH0200.snv.bam	MH0280.snv.bam	MH0286.snv.bam	MH0309.snv.bam	MH0329.snv.bam	MH0330.snv.bam	MH0396.snv.bam	MH0402.snv.bam	MH0412.snv.bam	MH0430.snv.bam	MH0437.snv.bam	MH0442.snv.bam	MH0446.snv.bam	MH0447.snv.bam	MH0454.snv.bam	MMRS77487595ST-27-0-0.snv.bam	MMRS97052561ST-27-0-0.snv.bam	NG-5636_317.snv.bam	O2.UC28-0.snv.bam	O2.UC28-2.snv.bam	O2.UC53-0.snv.bam	SAMEA3136640.snv.bam	SAMEA3136642.snv.bam	SAMEA3136684.snv.bam	SAMEA3136725.snv.bam	SAMEA3136754.snv.bam	V1.FI14.snv.bam	V1.UC58-4.snv.bam	V1.UC60-0.snv.bam	halbarad-11-0-0.snv.bam	halbarad-11-2-0.snv.bam	halbarad-11-7-0.snv.bam	halbarad-12-7-0.snv.bam	halbarad-13-7-0.snv.bam
159753524-stool2.snv.bam	0.0	0.13670111751	0.138604676296	0.125429944121	0.102909994741	0.114493483983	0.103099688474	0.139902060115	0.129344729345	0.101701786823	0.136811012904	0.114065829109	0.126560579166	0.11415746177	0.10861006433	0.137179706482	0.123770254078	0.11709753189	0.114237928301	0.124152169188	0.12317509465	0.123420203056	0.116110488267	0.133351573192	0.102003489796	0.109935675567	0.137557074508	0.119266055046	0.102247206435	0.13021851008	0.142054912819	0.14244283455	0.131905943101	0.141735720242	0.13698821169	0.123125642831	0.130349897964	0.114649681529	0.113525151051	0.135187883704	0.112559702132	0.117321754963	0.115092667612	0.113442322204	0.115552460419	0.118873775266
160704339-stool1.snv.bam	0.13670111751	0.0	0.129923612951	0.117484850581	0.145156168167	0.156020824279	0.128315711994	0.141213315063	0.149182251873	0.14137993389	0.134133476458	0.144303213875	0.152611224001	0.150269354856	0.151079009955	0.1493193019	0.14495099198	0.127878199047	0.144305812364	0.126836097044	0.147313705203	0.138362749243	0.153827052981	0.137878645326	0.133375210588	0.146391580266	0.143705623255	0.154155608041	0.14564476915	0.151990385688	0.15451455884	0.157481584657	0.149150659885	0.149300906049	0.140859258528	0.139705728723	0.152059250211	0.144643390869	0.138839537417	0.151033262005	0.145737771384	0.145609156317	0.146471865953	0.146499421496	0.146372899242	0.149248863065
161412393-stool2.snv.bam	0.138604676296	0.129923612951	0.0	0.128867726352	0.152689108206	0.157632191718	0.125251300174	0.148164163251	0.157562436754	0.128539479286	0.136540573104	0.142489539485	0.1449266559	0.144229093612	0.147104645665	0.15276969559	0.149462116032	0.123258751791	0.13672949346	0.133409379062	0.147374552732	0.125341999586	0.137245604619	0.140074109704	0.136570591197	0.146424629847	0.152307862829	0.154721500713	0.14671307587	0.147731295678	0.136542632105	0.137884055291	0.114524643344	0.152352463081	0.124975369159	0.149091187311	0.1375720113	0.150977466608	0.139670026277	0.138639427561	0.129982903072	0.129564264989	0.130924089612	0.127139155822	0.12942584357	0.127107142069
508703490-stool2.snv.bam	0.125429944121	0.117484850581	0.128867726352	0.0	0.12506619473	0.156375695867	0.121041927665	0.111435962811	0.138783947845	0.124441483726	0.0824083212503	0.141651254787	0.14449930271	0.139882448103	0.13718504533	0.106908683862	0.135381035415	0.126168563893	0.13237577978	0.118683036262	0.136335464867	0.132526307331	0.141078093296	0.147434972176	0.133444407438	0.13537187347	0.0983799631945	0.145414247784	0.133620095636	0.146837488993	0.14998464556	0.150838031434	0.133386238505	0.0782986575861	0.144756785766	0.137428327186	0.145317350528	0.129588328222	0.138144443645	0.146998084441	0.12251859558	0.141735045703	0.140160191054	0.140996997753	0.142824876008	0.14673754332
763901136-stool1.snv.bam	0.102909994741	0.145156168167	0.152689108206	0.12506619473	0.0	0.124187325439	0.108137955587	0.140355606496	0.140747039801	0.116871257579	0.133506037231	0.122579313286	0.124907210564	0.13712188457	0.115522866516	0.139548744683	0.129698113566	0.126996986107	0.12221096778	0.118813610176	0.140016636868	0.129055266721	0.122020050897	0.128427022129	0.0539372758622	0.0673208956431	0.141565456989	0.139125734102	0.0402187490171	0.139446804213	0.131460420842	0.133674107254	0.143396335332	0.143647744861	0.154846886562	0.13529453444	0.135126706289	0.126107398804	0.128515306851	0.124713841005	0.108574902241	0.128974831151	0.127067998025	0.128572931993	0.128011355693	0.131697657044
CCIS91228662ST-4-0.snv.bam	0.114493483983	0.156020824279	0.157632191718	0.156375695867	0.124187325439	0.0	0.128273312264	0.153123978934	0.157487826123	0.126727440131	0.155033669021	0.13519267879	0.142883699026	0.152552122505	0.136256307303	0.156806623033	0.134346221809	0.125972564477	0.129125677101	0.131741526485	0.14798691839	0.135894640129	0.144622130273	0.133274045471	0.132256753823	0.130432101234	0.151610054134	0.142777296017	0.128742873733	0.146606303997	0.143046669024	0.148116415041	0.162476242904	0.163965967631	0.151536100656	0.141103459021	0.145293499785	0.148198449095	0.130365902678	0.141867881428	0.139393698727	0.139099171631	0.13744313762	0.136977024474	0.134242909112	0.137584332605
CCMD14479708ST-21-0.snv.bam	0.103099688474	0.128315711994	0.125251300174	0.121041927665	0.108137955587	0.128273312264	0.0	0.122825004293	0.129086535675	0.102114531481	0.126394963781	0.119748128172	0.114076411126	0.132341129325	0.10923310181	0.127939420688	0.117098048153	0.104836024334	0.112901149032	0.104329491308	0.127250836407	0.11094639291	0.113102854989	0.123834755629	0.115770354239	0.114978523638	0.136547431564	0.129807583633	0.109471635564	0.117693632637	0.121192682378	0.123614451249	0.111972016285	0.135145166634	0.120796674249	0.117850203491	0.116414071553	0.134611650485	0.109507058795	0.116915755966	0.107026019795	0.124587939305	0.123202878422	0.123016953944	0.121917070771	0.126130747739
CCMD19497912ST-21-0.snv.bam	0.139902060115	0.141213315063	0.148164163251	0.111435962811	0.140355606496	0.153123978934	0.122825004293	0.0	0.141749816788	0.128891643475	0.0952778056433	0.147876390708	0.150141690067	0.158089375853	0.146982829743	0.106484005896	0.1488419949	0.125993950326	0.136328913627	0.134017345715	0.140739084737	0.13215056112	0.14382877117	0.157430477366	0.140899142429	0.143655632375	0.115995108358	0.157339639185	0.141214943965	0.147035478811	0.151715017408	0.152371173112	0.153349882853	0.100939784198	0.146096783804	0.145546867917	0.151111149552	0.146544181977	0.138048227694	0.146229841271	0.141583601901	0.147986663791	0.148326554249	0.147751524472	0.14914263001	0.150865805166
CCMD25963797ST-21-0.snv.bam	0.129344729345	0.149182251873	0.157562436754	0.138783947845	0.140747039801	0.157487826123	0.129086535675	0.141749816788	0.0	0.128552400021	0.143959819537	0.13831195479	0.130243108809	0.139453275163	0.134566477847	0.141768822494	0.137889740104	0.131335131942	0.131105596282	0.139671155362	0.136980938647	0.133096778426	0.137193114768	0.14172821463	0.137422111813	0.134852564365	0.150846138834	0.150107228208	0.136797344284	0.134800220437	0.149544065892	0.15125980115	0.135199065142	0.149613970988	0.138440523859	0.13840857644	0.153656495775	0.139682539683	0.138112700769	0.148429996935	0.131336111387	0.129168012666	0.130034733879	0.129130287371	0.131074150006	0.134326718556
MH0131.snv.bam	0.101701786823	0.14137993389	0.128539479286	0.124441483726	0.116871257579	0.126727440131	0.102114531481	0.128891643475	0.128552400021	0.0	0.133897836576	0.108185665178	0.108806192768	0.119223666654	0.110525688345	0.119439603598	0.122733553707	0.107763927297	0.109399122896	0.112772480778	0.115607049122	0.113065755628	0.118411812818	0.122212649716	0.116634735947	0.115066562782	0.133493516728	0.134983261369	0.113742840744	0.117256716314	0.121603297282	0.124748700102	0.131592612061	0.135108713799	0.13045847348	0.115446390853	0.126520494261	0.107649778202	0.105255192815	0.117478761694	0.101075838576	0.108586519999	0.10737105633	0.104824147864	0.105772243334	0.108670205014
MH0193.snv.bam	0.136811012904	0.134133476458	0.136540573104	0.0824083212503	0.133506037231	0.155033669021	0.126394963781	0.0952778056433	0.143959819537	0.133897836576	0.0	0.14063621674	0.138830721608	0.150067617648	0.135434323844	0.0651803073308	0.150965577284	0.122895022924	0.132551556352	0.126480968742	0.136536119058	0.143875365541	0.136705211457	0.141078655432	0.137139825188	0.133986816566	0.0725059255254	0.146007264393	0.141023984918	0.14225446932	0.14412456278	0.143688963123	0.136580209021	0.0544571415647	0.130099497714	0.14652781735	0.146820780218	0.133445013698	0.143693122008	0.14270230128	0.131976540776	0.142675195546	0.141727739944	0.143177842733	0.143937411223	0.14654320526
MH0196.snv.bam	0.114065829109	0.144303213875	0.142489539485	0.141651254787	0.122579313286	0.13519267879	0.119748128172	0.147876390708	0.13831195479	0.108185665178	0.14063621674	0.0	0.118505356286	0.121855796516	0.132642900355	0.137892757341	0.119032556098	0.11746081753	0.125214487596	0.12995016215	0.12510867964	0.123268997704	0.126726359972	0.132027151328	0.120339747054	0.124688434201	0.127699110403	0.141040967922	0.11556101923	0.132806507759	0.144092019487	0.145289675826	0.121372357089	0.130004032311	0.12890185482	0.119090276652	0.120340334618	0.0914991442417	0.118507343068	0.144455003551	0.117098311478	0.111999803489	0.115041190088	0.111088185067	0.111042988369	0.115961911526
MH0200.snv.bam	0.126560579166	0.152611224001	0.1449266559	0.14449930271	0.124907210564	0.142883699026	0.114076411126	0.150141690067	0.130243108809	0.108806192768	0.138830721608	0.118505356286	0.0	0.12856548478	0.119018772712	0.139032686685	0.127440829627	0.108358625364	0.127346864347	0.114688531273	0.119850003649	0.121665655682	0.114878083162	0.120384174532	0.133489329523	0.124062643643	0.142773497305	0.136173367046	0.130265604393	0.115096427128	0.120289049619	0.125370568416	0.132120547482	0.145242754881	0.128321420864	0.121837235128	0.134037868756	0.119537911562	0.118771136311	0.118886295361	0.119972588187	0.0993657802328	0.100135982205	0.0996214258224	0.101933938632	0.10179805696
MH0280.snv.bam	0.11415746177	0.150269354856	0.144229093612	0.139882448103	0.13712188457	0.152552122505	0.132341129325	0.158089375853	0.139453275163	0.119223666654	0.150067617648	0.121855796516	0.12856548478	0.0	0.131458108028	0.143771889121	0.126127889613	0.1237454701	0.126038426467	0.122491920269	0.118530420933	0.117792668455	0.133163337744	0.130431184626	0.135944999998	0.134388410482	0.144236469898	0.13289574875	0.140338929078	0.127925244665	0.130592608227	0.129388164847	0.138351195046	0.152228506697	0.12845592119	0.123323112155	0.131038003094	0.120040368903	0.12137838079	0.127015801446	0.117480705234	0.123841450839	0.125522521185	0.122501435975	0.124321162912	0.12614916683
MH0286.snv.bam	0.10861006433	0.151079009955	0.147104645665	0.13718504533	0.115522866516	0.136256307303	0.10923310181	0.146982829743	0.134566477847	0.110525688345	0.135434323844	0.132642900355	0.119018772712	0.131458108028	0.0	0.129389928678	0.128218352028	0.103008759142	0.117456760784	0.117919787836	0.126881202254	0.115398502502	0.101837793393	0.124791378324	0.111310853768	0.106852088409	0.137012614375	0.131277819355	0.117129697954	0.113687396347	0.140170362673	0.139237770248	0.120886978586	0.137329966553	0.121795430463	0.130961662896	0.140243118234	0.128317577128	0.109191635733	0.135195674561	0.115359317617	0.116727348548	0.113166774989	0.114290611797	0.116059153556	0.117612350762
MH0309.snv.bam	0.137179706482	0.1493193019	0.15276969559	0.106908683862	0.139548744683	0.156806623033	0.127939420688	0.106484005896	0.141768822494	0.119439603598	0.0651803073308	0.137892757341	0.139032686685	0.143771889121	0.129389928678	0.0	0.141070867742	0.119193412289	0.134315261933	0.122508119621	0.140091901602	0.138801660764	0.139481928036	0.136815098738	0.139105594712	0.141384238851	0.0757673639939	0.140484794649	0.141404255142	0.135835877335	0.152121453935	0.151593480979	0.13786923508	0.0613692076317	0.135805442383	0.143530237363	0.148000484755	0.132665851003	0.140200266945	0.149668654549	0.127317052753	0.138931195246	0.139860423251	0.138393475496	0.141179504336	0.143765721974
MH0329.snv.bam	0.123770254078	0.14495099198	0.149462116032	0.135381035415	0.129698113566	0.134346221809	0.117098048153	0.1488419949	0.137889740104	0.122733553707	0.150965577284	0.119032556098	0.127440829627	0.126127889613	0.128218352028	0.141070867742	0.0	0.107120474003	0.112947470696	0.110582570592	0.0936914176704	0.107390677729	0.125695732532	0.121613265192	0.130693634456	0.116723783053	0.134628369633	0.151150211122	0.126563652948	0.120459757715	0.138727748668	0.140429332425	0.131314517104	0.14686545309	0.129076867315	0.0913562338551	0.139694810977	0.12430214436	0.116711662327	0.129820929796	0.103831983706	0.115586522716	0.116885071777	0.115822115581	0.115584001134	0.120417352546
MH0330.snv.bam	0.11709753189	0.127878199047	0.123258751791	0.126168563893	0.126996986107	0.125972564477	0.104836024334	0.125993950326	0.131335131942	0.107763927297	0.122895022924	0.11746081753	0.108358625364	0.1237454701	0.103008759142	0.119193412289	0.107120474003	0.0	0.0965812041408	0.0888913185702	0.111915267803	0.0921891381731	0.105624344025	0.107251422479	0.119171402819	0.115887384279	0.134844493733	0.133761908359	0.123779523416	0.102501145459	0.1170404558	0.1172597312	0.126773839641	0.134781899604	0.113880619958	0.120078617307	0.123649025015	0.116728971197	0.0953362498543	0.109277235376	0.105140919926	0.114929195764	0.115372656203	0.115301592236	0.114074644262	0.117905472855
MH0396.snv.bam	0.114237928301	0.144305812364	0.13672949346	0.13237577978	0.12221096778	0.129125677101	0.112901149032	0.136328913627	0.131105596282	0.109399122896	0.132551556352	0.125214487596	0.127346864347	0.126038426467	0.117456760784	0.134315261933	0.112947470696	0.0965812041408	0.0	0.108047864233	0.114033141591	0.101726964773	0.122283735548	0.119339435638	0.120718929633	0.101332884689	0.135511715557	0.135941975097	0.112515935321	0.116099313853	0.132704783769	0.133658944952	0.129837007067	0.140772651544	0.119694966466	0.123885860842	0.132670545925	0.130927976066	0.0977547891303	0.122095483366	0.119483873577	0.1170750321	0.115231370038	0.115237794514	0.115690141181	0.120339146938
MH0402.snv.bam	0.124152169188	0.126836097044	0.133409379062	0.118683036262	0.118813610176	0.131741526485	0.104329491308	0.134017345715	0.139671155362	0.112772480778	0.126480968742	0.12995016215	0.114688531273	0.122491920269	0.117919787836	0.122508119621	0.110582570592	0.0888913185702	0.108047864233	0.0	0.130506297013	0.103748509111	0.106706412208	0.0968140297979	0.121283460726	0.115826673863	0.13204213208	0.143903402849	0.120903886254	0.120822564635	0.126821206964	0.127086782434	0.122568108159	0.131643451525	0.117901121054	0.131450003411	0.120042306697	0.127514059953	0.103989237566	0.117162185971	0.104295361261	0.117977328303	0.116163764355	0.117498934574	0.117421238611	0.123376035071
MH0412.snv.bam	0.12317509465	0.147313705203	0.147374552732	0.136335464867	0.140016636868	0.14798691839	0.127250836407	0.140739084737	0.136980938647	0.115607049122	0.136536119058	0.12510867964	0.119850003649	0.118530420933	0.126881202254	0.140091901602	0.0936914176704	0.111915267803	0.114033141591	0.130506297013	0.0	0.110970978223	0.117056825888	0.119599830482	0.131539879697	0.12122849513	0.123484760472	0.137157891543	0.130250910361	0.117192863502	0.138380516452	0.139476666891	0.129093729333	0.142157767554	0.133517072804	0.0551284534978	0.139973898014	0.128279599899	0.112834218682	0.126165835104	0.116421121223	0.114970928722	0.115742206659	0.114155842157	0.114583818966	0.118572911785
MH0430.snv.bam	0.123420203056	0.138362749243	0.125341999586	0.132526307331	0.129055266721	0.135894640129	0.11094639291	0.13215056112	0.133096778426	0.113065755628	0.143875365541	0.123268997704	0.121665655682	0.117792668455	0.115398502502	0.138801660764	0.107390677729	0.0921891381731	0.101726964773	0.103748509111	0.110970978223	0.0	0.114415592926	0.0967878949253	0.126147206826	0.114007489831	0.145040197368	0.141035281244	0.125420302947	0.11606923239	0.11263026074	0.112914898421	0.123885411421	0.145956071322	0.109000204948	0.120584624763	0.128270068334	0.119490548756	0.102126672121	0.108679913221	0.101229932189	0.107091816269	0.106054655278	0.106799832776	0.106977933734	0.113101049598
MH0437.snv.bam	0.116110488267	0.153827052981	0.137245604619	0.141078093296	0.122020050897	0.144622130273	0.113102854989	0.14382877117	0.137193114768	0.118411812818	0.136705211457	0.126726359972	0.114878083162	0.133163337744	0.101837793393	0.139481928036	0.125695732532	0.105624344025	0.122283735548	0.106706412208	0.117056825888	0.114415592926	0.0	0.108892169854	0.119912863435	0.11769952248	0.143939438564	0.134454884984	0.12400200539	0.108746046593	0.135881909319	0.135332750688	0.117156963457	0.145651247965	0.136237733622	0.120930945943	0.129298347064	0.126573579813	0.111132334614	0.123640047857	0.110666880573	0.119155133239	0.11863255721	0.118508411074	0.118470526484	0.121535513697
MH0442.snv.bam	0.133351573192	0.137878645326	0.140074109704	0.147434972176	0.128427022129	0.133274045471	0.123834755629	0.157430477366	0.14172821463	0.122212649716	0.141078655432	0.132027151328	0.120384174532	0.130431184626	0.124791378324	0.136815098738	0.121613265192	0.107251422479	0.119339435638	0.0968140297979	0.119599830482	0.0967878949253	0.108892169854	0.0	0.128863321216	0.123023094391	0.140967861584	0.143546587206	0.129243242761	0.117454695707	0.117674964589	0.119737044829	0.138000178326	0.147370815448	0.122561272355	0.12393824212	0.133990480918	0.136870768779	0.112342685913	0.107641915641	0.115640200715	0.113848326823	0.114266032253	0.113408278764	0.113965199249	0.117091552031
MH0446.snv.bam	0.102003489796	0.133375210588	0.136570591197	0.133444407438	0.0539372758622	0.132256753823	0.115770354239	0.140899142429	0.137422111813	0.116634735947	0.137139825188	0.120339747054	0.133489329523	0.135944999998	0.111310853768	0.139105594712	0.130693634456	0.119171402819	0.120718929633	0.121283460726	0.131539879697	0.126147206826	0.119912863435	0.128863321216	0.0	0.0611907062211	0.134069410897	0.135681213976	0.0364063678321	0.136081294781	0.12947673455	0.130424515517	0.144534219071	0.141131175948	0.145757355483	0.129276599984	0.132758070097	0.13161335208	0.123279780892	0.128852643451	0.119498792864	0.122525246399	0.12364882875	0.123735506747	0.12264948352	0.124087670877
MH0447.snv.bam	0.109935675567	0.146391580266	0.146424629847	0.13537187347	0.0673208956431	0.130432101234	0.114978523638	0.143655632375	0.134852564365	0.115066562782	0.133986816566	0.124688434201	0.124062643643	0.134388410482	0.106852088409	0.141384238851	0.116723783053	0.115887384279	0.101332884689	0.115826673863	0.12122849513	0.114007489831	0.11769952248	0.123023094391	0.0611907062211	0.0	0.13685847697	0.142386071292	0.057309987904	0.130316000457	0.132279771735	0.132314368432	0.135601639388	0.146059267409	0.141853663661	0.123173859674	0.137745431777	0.127576329151	0.113155416809	0.121218630101	0.108213541189	0.118327776512	0.117247137517	0.118433048999	0.11840734513	0.123152643377
MH0454.snv.bam	0.137557074508	0.143705623255	0.152307862829	0.0983799631945	0.141565456989	0.151610054134	0.136547431564	0.115995108358	0.150846138834	0.133493516728	0.0725059255254	0.127699110403	0.142773497305	0.144236469898	0.137012614375	0.0757673639939	0.134628369633	0.134844493733	0.135511715557	0.13204213208	0.123484760472	0.145040197368	0.143939438564	0.140967861584	0.134069410897	0.13685847697	0.0	0.161339944042	0.140630973407	0.138284507562	0.157531034496	0.157234075338	0.134497914264	0.0432969808998	0.140687014659	0.128727556787	0.152434065809	0.131961198499	0.143377622897	0.15142133706	0.131946974878	0.126935872533	0.127013358443	0.128625801664	0.128007820357	0.131781500965
MMRS77487595ST-27-0-0.snv.bam	0.119266055046	0.154155608041	0.154721500713	0.145414247784	0.139125734102	0.142777296017	0.129807583633	0.157339639185	0.150107228208	0.134983261369	0.146007264393	0.141040967922	0.136173367046	0.13289574875	0.131277819355	0.140484794649	0.151150211122	0.133761908359	0.135941975097	0.143903402849	0.137157891543	0.141035281244	0.134454884984	0.143546587206	0.135681213976	0.142386071292	0.161339944042	0.0	0.13283786738	0.134888522693	0.14827139962	0.149863446646	0.142237533191	0.153148070447	0.144577992766	0.132695935256	0.142780205625	0.155223369169	0.131529834387	0.146503584739	0.138800009004	0.131586913903	0.132169113187	0.127466843254	0.131855794921	0.130182594302
MMRS97052561ST-27-0-0.snv.bam	0.102247206435	0.14564476915	0.14671307587	0.133620095636	0.0402187490171	0.128742873733	0.109471635564	0.141214943965	0.136797344284	0.113742840744	0.141023984918	0.11556101923	0.130265604393	0.140338929078	0.117129697954	0.141404255142	0.126563652948	0.123779523416	0.112515935321	0.120903886254	0.130250910361	0.125420302947	0.12400200539	0.129243242761	0.0364063678321	0.057309987904	0.140630973407	0.13283786738	0.0	0.140750875351	0.122576124602	0.123440476393	0.141723900713	0.147984125587	0.149874654265	0.13121607066	0.125097561872	0.123172396144	0.123267670147	0.12268154936	0.112864441885	0.125596719071	0.125117318875	0.12533903261	0.123701672211	0.127944528158
NG-5636_317.snv.bam	0.13021851008	0.151990385688	0.147731295678	0.146837488993	0.139446804213	0.146606303997	0.117693632637	0.147035478811	0.134800220437	0.117256716314	0.14225446932	0.132806507759	0.115096427128	0.127925244665	0.113687396347	0.135835877335	0.120459757715	0.102501145459	0.116099313853	0.120822564635	0.117192863502	0.11606923239	0.108746046593	0.117454695707	0.136081294781	0.130316000457	0.138284507562	0.134888522693	0.140750875351	0.0	0.127599682335	0.12790479183	0.137048408447	0.142003613296	0.123951083976	0.120317092925	0.139673243409	0.132833541828	0.102143828652	0.118119385385	0.11533123052	0.107335972516	0.107783244821	0.106643067822	0.106327858443	0.1079511842
O2.UC28-0.snv.bam	0.142054912819	0.15451455884	0.136542632105	0.14998464556	0.131460420842	0.143046669024	0.121192682378	0.151715017408	0.149544065892	0.121603297282	0.14412456278	0.144092019487	0.120289049619	0.130592608227	0.140170362673	0.152121453935	0.138727748668	0.1170404558	0.132704783769	0.126821206964	0.138380516452	0.11263026074	0.135881909319	0.117674964589	0.12947673455	0.132279771735	0.157531034496	0.14827139962	0.122576124602	0.127599682335	0.0	0.0150938759574	0.135364292052	0.158183666388	0.129685786372	0.146156014665	0.141478360869	0.143383593767	0.133644582691	0.0395928317994	0.127559346791	0.135974005327	0.136652175276	0.133436419762	0.132817890121	0.133277776683
O2.UC28-2.snv.bam	0.14244283455	0.157481584657	0.137884055291	0.150838031434	0.133674107254	0.148116415041	0.123614451249	0.152371173112	0.15125980115	0.124748700102	0.143688963123	0.145289675826	0.125370568416	0.129388164847	0.139237770248	0.151593480979	0.140429332425	0.1172597312	0.133658944952	0.127086782434	0.139476666891	0.112914898421	0.135332750688	0.119737044829	0.130424515517	0.132314368432	0.157234075338	0.149863446646	0.123440476393	0.12790479183	0.0150938759574	0.0	0.132425976296	0.158392145002	0.132436575195	0.147570121539	0.142480241856	0.145751180004	0.136122361616	0.0441588338635	0.12718530446	0.137056309087	0.138088934833	0.134686599702	0.134143709095	0.134203358254
O2.UC53-0.snv.bam	0.131905943101	0.149150659885	0.114524643344	0.133386238505	0.143396335332	0.162476242904	0.111972016285	0.153349882853	0.135199065142	0.131592612061	0.136580209021	0.121372357089	0.132120547482	0.138351195046	0.120886978586	0.13786923508	0.131314517104	0.126773839641	0.129837007067	0.122568108159	0.129093729333	0.123885411421	0.117156963457	0.138000178326	0.144534219071	0.135601639388	0.134497914264	0.142237533191	0.141723900713	0.137048408447	0.135364292052	0.132425976296	0.0	0.126058400389	0.113118833391	0.138106812343	0.124565189673	0.12888595215	0.125165460663	0.140499734876	0.125586740037	0.124449509445	0.12398291787	0.120483257535	0.125188878132	0.124416771485
SAMEA3136640.snv.bam	0.141735720242	0.149300906049	0.152352463081	0.0782986575861	0.143647744861	0.163965967631	0.135145166634	0.100939784198	0.149613970988	0.135108713799	0.0544571415647	0.130004032311	0.145242754881	0.152228506697	0.137329966553	0.0613692076317	0.14686545309	0.134781899604	0.140772651544	0.131643451525	0.142157767554	0.145956071322	0.145651247965	0.147370815448	0.141131175948	0.146059267409	0.0432969808998	0.153148070447	0.147984125587	0.142003613296	0.158183666388	0.158392145002	0.126058400389	0.0	0.131568156606	0.148045616698	0.153819299987	0.12942034269	0.139923288787	0.154021009081	0.134561304368	0.143069912372	0.143406139723	0.142843709667	0.14457737287	0.146418448406
SAMEA3136642.snv.bam	0.13698821169	0.140859258528	0.124975369159	0.144756785766	0.154846886562	0.151536100656	0.120796674249	0.146096783804	0.138440523859	0.13045847348	0.130099497714	0.12890185482	0.128321420864	0.12845592119	0.121795430463	0.135805442383	0.129076867315	0.113880619958	0.119694966466	0.117901121054	0.133517072804	0.109000204948	0.136237733622	0.122561272355	0.145757355483	0.141853663661	0.140687014659	0.144577992766	0.149874654265	0.123951083976	0.129685786372	0.132436575195	0.113118833391	0.131568156606	0.0	0.141781806346	0.133529375142	0.132958764721	0.119777485994	0.124344938183	0.120731723759	0.121878459649	0.123138305708	0.12257627116	0.124262542486	0.125425188193
SAMEA3136684.snv.bam	0.123125642831	0.139705728723	0.149091187311	0.137428327186	0.13529453444	0.141103459021	0.117850203491	0.145546867917	0.13840857644	0.115446390853	0.14652781735	0.119090276652	0.121837235128	0.123323112155	0.130961662896	0.143530237363	0.0913562338551	0.120078617307	0.123885860842	0.131450003411	0.0551284534978	0.120584624763	0.120930945943	0.12393824212	0.129276599984	0.123173859674	0.128727556787	0.132695935256	0.13121607066	0.120317092925	0.146156014665	0.147570121539	0.138106812343	0.148045616698	0.141781806346	0.0	0.14032457714	0.131900258828	0.114664727327	0.135879534045	0.116512650545	0.107685403532	0.110959405885	0.107949468547	0.107980607278	0.112488411901
SAMEA3136725.snv.bam	0.130349897964	0.152059250211	0.1375720113	0.145317350528	0.135126706289	0.145293499785	0.116414071553	0.151111149552	0.153656495775	0.126520494261	0.146820780218	0.120340334618	0.134037868756	0.131038003094	0.140243118234	0.148000484755	0.139694810977	0.123649025015	0.132670545925	0.120042306697	0.139973898014	0.128270068334	0.129298347064	0.133990480918	0.132758070097	0.137745431777	0.152434065809	0.142780205625	0.125097561872	0.139673243409	0.141478360869	0.142480241856	0.124565189673	0.153819299987	0.133529375142	0.14032457714	0.0	0.12548407822	0.10635594308	0.138089441215	0.120618047312	0.127789848854	0.128073248619	0.127766558182	0.127855630142	0.131699531735
SAMEA3136754.snv.bam	0.114649681529	0.144643390869	0.150977466608	0.129588328222	0.126107398804	0.148198449095	0.134611650485	0.146544181977	0.139682539683	0.107649778202	0.133445013698	0.0914991442417	0.119537911562	0.120040368903	0.128317577128	0.132665851003	0.12430214436	0.116728971197	0.130927976066	0.127514059953	0.128279599899	0.119490548756	0.126573579813	0.136870768779	0.13161335208	0.127576329151	0.131961198499	0.155223369169	0.123172396144	0.132833541828	0.143383593767	0.145751180004	0.12888595215	0.12942034269	0.132958764721	0.131900258828	0.12548407822	0.0	0.123769489588	0.143549102029	0.106363779755	0.128262295359	0.127732129159	0.127523239591	0.127609163628	0.131896419819
V1.FI14.snv.bam	0.113525151051	0.138839537417	0.139670026277	0.138144443645	0.128515306851	0.130365902678	0.109507058795	0.138048227694	0.138112700769	0.105255192815	0.143693122008	0.118507343068	0.118771136311	0.12137838079	0.109191635733	0.140200266945	0.116711662327	0.0953362498543	0.0977547891303	0.103989237566	0.112834218682	0.102126672121	0.111132334614	0.112342685913	0.123279780892	0.113155416809	0.143377622897	0.131529834387	0.123267670147	0.102143828652	0.133644582691	0.136122361616	0.125165460663	0.139923288787	0.119777485994	0.114664727327	0.10635594308	0.123769489588	0.0	0.121481405001	0.106937587931	0.109146732532	0.109774633494	0.107784095548	0.108491817784	0.110949337128
V1.UC58-4.snv.bam	0.135187883704	0.151033262005	0.138639427561	0.146998084441	0.124713841005	0.141867881428	0.116915755966	0.146229841271	0.148429996935	0.117478761694	0.14270230128	0.144455003551	0.118886295361	0.127015801446	0.135195674561	0.149668654549	0.129820929796	0.109277235376	0.122095483366	0.117162185971	0.126165835104	0.108679913221	0.123640047857	0.107641915641	0.128852643451	0.121218630101	0.15142133706	0.146503584739	0.12268154936	0.118119385385	0.0395928317994	0.0441588338635	0.140499734876	0.154021009081	0.124344938183	0.135879534045	0.138089441215	0.143549102029	0.121481405001	0.0	0.124001513426	0.13004066806	0.13082275743	0.127729567962	0.127448828723	0.128438331547
V1.UC60-0.snv.bam	0.112559702132	0.145737771384	0.129982903072	0.12251859558	0.108574902241	0.139393698727	0.107026019795	0.141583601901	0.131336111387	0.101075838576	0.131976540776	0.117098311478	0.119972588187	0.117480705234	0.115359317617	0.127317052753	0.103831983706	0.105140919926	0.119483873577	0.104295361261	0.116421121223	0.101229932189	0.110666880573	0.115640200715	0.119498792864	0.108213541189	0.131946974878	0.138800009004	0.112864441885	0.11533123052	0.127559346791	0.12718530446	0.125586740037	0.134561304368	0.120731723759	0.116512650545	0.120618047312	0.106363779755	0.106937587931	0.124001513426	0.0	0.117445244615	0.115778470542	0.119904933463	0.116963824462	0.124025084251
halbarad-11-0-0.snv.bam	0.117321754963	0.145609156317	0.129564264989	0.141735045703	0.128974831151	0.139099171631	0.124587939305	0.147986663791	0.129168012666	0.108586519999	0.142675195546	0.111999803489	0.0993657802328	0.123841450839	0.116727348548	0.138931195246	0.115586522716	0.114929195764	0.1170750321	0.117977328303	0.114970928722	0.107091816269	0.119155133239	0.113848326823	0.122525246399	0.118327776512	0.126935872533	0.131586913903	0.125596719071	0.107335972516	0.135974005327	0.137056309087	0.124449509445	0.143069912372	0.121878459649	0.107685403532	0.127789848854	0.128262295359	0.109146732532	0.13004066806	0.117445244615	0.0	0.0146436322959	0.0146357723056	0.0168514217362	0.0198960514392
halbarad-11-2-0.snv.bam	0.115092667612	0.146471865953	0.130924089612	0.140160191054	0.127067998025	0.13744313762	0.123202878422	0.148326554249	0.130034733879	0.10737105633	0.141727739944	0.115041190088	0.100135982205	0.125522521185	0.113166774989	0.139860423251	0.116885071777	0.115372656203	0.115231370038	0.116163764355	0.115742206659	0.106054655278	0.11863255721	0.114266032253	0.12364882875	0.117247137517	0.127013358443	0.132169113187	0.125117318875	0.107783244821	0.136652175276	0.138088934833	0.12398291787	0.143406139723	0.123138305708	0.110959405885	0.128073248619	0.127732129159	0.109774633494	0.13082275743	0.115778470542	0.0146436322959	0.0	0.0169424536101	0.0187677451945	0.022818897356
halbarad-11-7-0.snv.bam	0.113442322204	0.146499421496	0.127139155822	0.140996997753	0.128572931993	0.136977024474	0.123016953944	0.147751524472	0.129130287371	0.104824147864	0.143177842733	0.111088185067	0.0996214258224	0.122501435975	0.114290611797	0.138393475496	0.115822115581	0.115301592236	0.115237794514	0.117498934574	0.114155842157	0.106799832776	0.118508411074	0.113408278764	0.123735506747	0.118433048999	0.128625801664	0.127466843254	0.12533903261	0.106643067822	0.133436419762	0.134686599702	0.120483257535	0.142843709667	0.12257627116	0.107949468547	0.127766558182	0.127523239591	0.107784095548	0.127729567962	0.119904933463	0.0146357723056	0.0169424536101	0.0	0.01561503503	0.0152701829338
halbarad-12-7-0.snv.bam	0.115552460419	0.146372899242	0.12942584357	0.142824876008	0.128011355693	0.134242909112	0.121917070771	0.14914263001	0.131074150006	0.105772243334	0.143937411223	0.111042988369	0.101933938632	0.124321162912	0.116059153556	0.141179504336	0.115584001134	0.114074644262	0.115690141181	0.117421238611	0.114583818966	0.106977933734	0.118470526484	0.113965199249	0.12264948352	0.11840734513	0.128007820357	0.131855794921	0.123701672211	0.106327858443	0.132817890121	0.134143709095	0.125188878132	0.14457737287	0.124262542486	0.107980607278	0.127855630142	0.127609163628	0.108491817784	0.127448828723	0.116963824462	0.0168514217362	0.0187677451945	0.01561503503	0.0	0.018724292175
halbarad-13-7-0.snv.bam	0.118873775266	0.149248863065	0.127107142069	0.14673754332	0.131697657044	0.137584332605	0.126130747739	0.150865805166	0.134326718556	0.108670205014	0.14654320526	0.115961911526	0.10179805696	0.12614916683	0.117612350762	0.143765721974	0.120417352546	0.117905472855	0.120339146938	0.123376035071	0.118572911785	0.113101049598	0.121535513697	0.117091552031	0.124087670877	0.123152643377	0.131781500965	0.130182594302	0.127944528158	0.1079511842	0.133277776683	0.134203358254	0.124416771485	0.146418448406	0.125425188193	0.112488411901	0.131699531735	0.131896419819	0.110949337128	0.128438331547	0.124025084251	0.0198960514392	0.022818897356	0.0152701829338	0.018724292175	0.0
