	763678604-stool1.snv.bam	BGI002A.snv.bam	CCIS16326685ST-4-0.snv.bam	CCIS16383318ST-4-0.snv.bam	CCIS33816588ST-4-0.snv.bam	CCIS36797902ST-4-0.snv.bam	CCIS50471204ST-4-0.snv.bam	CCIS88317640ST-4-0.snv.bam	CCIS91228662ST-4-0.snv.bam	CCMD86114146ST-21-0.snv.bam	DLM019.snv.bam	M4.3-V1.metaG.snv.bam	MH0298.snv.bam	MH0309.snv.bam	MH0318.snv.bam	MH0389.snv.bam	MH0429.snv.bam	MH0436.snv.bam	MH0438.snv.bam	MMRS20257302ST-27-0-0.snv.bam	MMRS38954404ST-27-0-0.snv.bam	MMRS51307502ST-27-0-0.snv.bam	MMRS72802364ST-27-0-0.snv.bam	MMRS88581325ST-27-0-0.snv.bam	MMRS95479054ST-27-0-0.snv.bam	N021A.snv.bam	N037A.snv.bam	NG-5636_231.snv.bam	NLM021.snv.bam	SZEY-62A.snv.bam	SZEY-93A.snv.bam	T2D-47A.snv.bam	T2D-70A.snv.bam	V1.FI04.snv.bam	V1.UC62-0.snv.bam
763678604-stool1.snv.bam	0.0	0.11246157706	0.128110441679	0.110948016361	0.11619843159	0.11139213469	0.122667182562	0.115591244738	0.110276277191	0.128339327796	0.119091183338	0.129468328196	0.105540317939	0.128496347883	0.11544137176	0.100935895795	0.11559889256	0.101162459743	0.115153260392	0.105934780018	0.112339200152	0.119187602034	0.109068374326	0.11894388061	0.118566155427	0.112064589896	0.112745671896	0.113025079039	0.124825035815	0.126738433731	0.138128688044	0.110920127165	0.113898082566	0.110570198967	0.103206824741
BGI002A.snv.bam	0.11246157706	0.0	0.117134582499	0.116430543542	0.139822425487	0.105286024838	0.134708336394	0.0912639091792	0.112652830796	0.124487038892	0.138710824649	0.0943091696944	0.131015271362	0.131851828171	0.122296577294	0.11582279395	0.133669602527	0.119741097092	0.126963834292	0.132530200475	0.115375274537	0.095856640944	0.0918645528904	0.13077035273	0.125075834349	0.123470086891	0.119731554443	0.114249587725	0.11459597482	0.116476524748	0.150758457041	0.125255613316	0.126504484698	0.121075328191	0.129802307339
CCIS16326685ST-4-0.snv.bam	0.128110441679	0.117134582499	0.0	0.13881576694	0.142813994936	0.129725283211	0.144342750953	0.13003147353	0.131871769664	0.131564017929	0.150535895399	0.121187441303	0.14193825631	0.143073087674	0.135517761836	0.128859714179	0.146254044176	0.135932574661	0.131728443107	0.134133227861	0.125523426463	0.121686308583	0.123325272661	0.142766005067	0.144896211585	0.143972236291	0.131097617367	0.110063040527	0.131373379536	0.138988847487	0.0929161979341	0.14808147622	0.135322709161	0.14479336729	0.128798504561
CCIS16383318ST-4-0.snv.bam	0.110948016361	0.116430543542	0.13881576694	0.0	0.126018430898	0.107055702813	0.124576976874	0.113873255768	0.114868365187	0.126459608332	0.12212708938	0.121816878921	0.112794757494	0.136722667431	0.110049256494	0.109746954315	0.127055949525	0.111037073823	0.108584134464	0.108187216061	0.09087254887	0.12225312905	0.114713008933	0.116825243622	0.117848912781	0.127258256577	0.132845429074	0.113074412926	0.1293823119	0.121020153651	0.136801565002	0.132523887265	0.122712332236	0.111916318606	0.111105373085
CCIS33816588ST-4-0.snv.bam	0.11619843159	0.139822425487	0.142813994936	0.126018430898	0.0	0.134069822287	0.135185544211	0.124268760613	0.137409641192	0.112524149343	0.127586089388	0.146486804601	0.122036693217	0.107131198007	0.126755202162	0.11026760785	0.13597665704	0.11801603039	0.117834818583	0.119665670496	0.115925487101	0.129210864924	0.131836665082	0.131306853503	0.108430322096	0.138955152183	0.144723454696	0.123160430822	0.147191223573	0.131651170197	0.159165852245	0.135016687117	0.100690730475	0.12366416414	0.120023861047
CCIS36797902ST-4-0.snv.bam	0.11139213469	0.105286024838	0.129725283211	0.107055702813	0.134069822287	0.0	0.123547447888	0.0985404885525	0.109991919657	0.132089360991	0.126663917439	0.111829202352	0.118685479128	0.133095860546	0.111538432895	0.0954939505382	0.142641404662	0.0991767722636	0.115529835412	0.117736650796	0.108049250129	0.117289354601	0.115117728613	0.127518402063	0.136116217222	0.121085967013	0.12651151439	0.123900448098	0.138504010874	0.137123725969	0.146269556451	0.118804480593	0.12560151622	0.121438286913	0.111569909919
CCIS50471204ST-4-0.snv.bam	0.122667182562	0.134708336394	0.144342750953	0.124576976874	0.135185544211	0.123547447888	0.0	0.130720767481	0.143228276098	0.127952737898	0.143384363337	0.137414434971	0.11907615334	0.135380320469	0.129231683372	0.118978008378	0.137292476861	0.123979878513	0.131918895783	0.125055928412	0.111253561254	0.130217282717	0.129093352884	0.0238447938732	0.135903595479	0.142893657452	0.139192745377	0.122720478326	0.141215415642	0.139448782212	0.150291991365	0.152225577878	0.126446061704	0.120554929835	0.125012627509
CCIS88317640ST-4-0.snv.bam	0.115591244738	0.0912639091792	0.13003147353	0.113873255768	0.124268760613	0.0985404885525	0.130720767481	0.0	0.0912926209855	0.1229406925	0.129703424077	0.105721384962	0.116301886222	0.131056074569	0.129041959038	0.120018297173	0.132977475732	0.125280194822	0.114803152501	0.127431168049	0.0802897085907	0.0925605672442	0.0848305824619	0.133273407368	0.118577661575	0.12944673995	0.119057313694	0.119692630896	0.119980719451	0.111048709506	0.131022726797	0.125753365594	0.124853881155	0.115294051557	0.123590887579
CCIS91228662ST-4-0.snv.bam	0.110276277191	0.112652830796	0.131871769664	0.114868365187	0.137409641192	0.109991919657	0.143228276098	0.0912926209855	0.0	0.141508120101	0.136554299176	0.0761015738064	0.117230995584	0.13641629168	0.133381579026	0.131996625242	0.134395623816	0.139879059236	0.131505761957	0.123847278453	0.0976102355592	0.103399029335	0.0949454553434	0.139019911685	0.1291814894	0.13338972131	0.117027426949	0.116935059276	0.105058374287	0.105246699199	0.131174833571	0.142751347168	0.128761662335	0.131143190262	0.128928113195
CCMD86114146ST-21-0.snv.bam	0.128339327796	0.124487038892	0.131564017929	0.126459608332	0.112524149343	0.132089360991	0.127952737898	0.1229406925	0.141508120101	0.0	0.137591231109	0.131506062838	0.144874087085	0.127648587464	0.136464077432	0.124704669523	0.138911720297	0.128527022947	0.138994699713	0.131122101717	0.111886077112	0.123931688932	0.125429819781	0.129342125948	0.13267389464	0.142654623547	0.132917873568	0.0940208738241	0.138012629481	0.142131461322	0.154878591958	0.134566178305	0.119883400988	0.116675305285	0.130990283042
DLM019.snv.bam	0.119091183338	0.138710824649	0.150535895399	0.12212708938	0.127586089388	0.126663917439	0.143384363337	0.129703424077	0.136554299176	0.137591231109	0.0	0.144147326956	0.135539094334	0.132541269236	0.140910343406	0.117671198849	0.141173371402	0.12675075047	0.134375596939	0.130882185802	0.124638535929	0.133684215918	0.127587486193	0.139288015628	0.142591589496	0.100968283156	0.131749781871	0.121716974761	0.134731140975	0.126124522067	0.15951254836	0.103902639377	0.12830543817	0.129270411791	0.139498932132
M4.3-V1.metaG.snv.bam	0.129468328196	0.0943091696944	0.121187441303	0.121816878921	0.146486804601	0.111829202352	0.137414434971	0.105721384962	0.0761015738064	0.131506062838	0.144147326956	0.0	0.11912662072	0.146604595662	0.137014805128	0.140959402154	0.148550558471	0.144789852846	0.13414699719	0.143293167899	0.121172082438	0.106868967781	0.105214430773	0.130726728218	0.135532455027	0.128001976945	0.125861402453	0.11438173832	0.110945019292	0.114074339355	0.148364804018	0.147711472506	0.128872414326	0.132678023268	0.141738211277
MH0298.snv.bam	0.105540317939	0.131015271362	0.14193825631	0.112794757494	0.122036693217	0.118685479128	0.11907615334	0.116301886222	0.117230995584	0.144874087085	0.135539094334	0.11912662072	0.0	0.124429296223	0.105744971175	0.11331526947	0.12232803118	0.107235061589	0.104430181746	0.109338684783	0.0945606979442	0.123105494333	0.118630536388	0.123105145475	0.12566373288	0.127035982169	0.124640646339	0.107907091074	0.131678856772	0.120946356261	0.165022481656	0.129986607354	0.117827863672	0.124916934211	0.10954715881
MH0309.snv.bam	0.128496347883	0.131851828171	0.143073087674	0.136722667431	0.107131198007	0.133095860546	0.135380320469	0.131056074569	0.13641629168	0.127648587464	0.132541269236	0.146604595662	0.124429296223	0.0	0.122060930408	0.114730262453	0.122357232995	0.118344683321	0.120992586503	0.124101526595	0.11323398242	0.132175536291	0.13869308726	0.128758649031	0.115625208393	0.133229461195	0.138164820347	0.112059362539	0.135733433578	0.134010989179	0.160084536059	0.152558469176	0.018068686319	0.119832577232	0.13497401922
MH0318.snv.bam	0.11544137176	0.122296577294	0.135517761836	0.110049256494	0.126755202162	0.111538432895	0.129231683372	0.129041959038	0.133381579026	0.136464077432	0.140910343406	0.137014805128	0.105744971175	0.122060930408	0.0	0.089464720499	0.130501596768	0.0875257395907	0.114744741294	0.11921714117	0.0997039397138	0.136931867019	0.128740191895	0.126576904949	0.117127668022	0.136755400906	0.129504196731	0.125503004534	0.137701929939	0.128317268236	0.165073380064	0.120859883963	0.11496770228	0.126762552123	0.105887566037
MH0389.snv.bam	0.100935895795	0.11582279395	0.128859714179	0.109746954315	0.11026760785	0.0954939505382	0.118978008378	0.120018297173	0.131996625242	0.124704669523	0.117671198849	0.140959402154	0.11331526947	0.114730262453	0.089464720499	0.0	0.120663383639	0.0371687579463	0.102195689916	0.0959644500011	0.10866981571	0.123410796035	0.124932899443	0.11775193029	0.121395197052	0.123703928115	0.12459468069	0.115649326328	0.127369569454	0.125849478204	0.15206954555	0.11979220206	0.107788016163	0.116614338282	0.0850148029462
MH0429.snv.bam	0.11559889256	0.133669602527	0.146254044176	0.127055949525	0.13597665704	0.142641404662	0.137292476861	0.132977475732	0.134395623816	0.138911720297	0.141173371402	0.148550558471	0.12232803118	0.122357232995	0.130501596768	0.120663383639	0.0	0.129291890991	0.116777437926	0.120693209313	0.109614727159	0.125722699583	0.135349355492	0.138630651408	0.134116747884	0.140489230171	0.146031668725	0.122688542953	0.147026118892	0.145560170461	0.166121208074	0.144239533147	0.12948331053	0.116483074885	0.124284307928
MH0436.snv.bam	0.101162459743	0.119741097092	0.135932574661	0.111037073823	0.11801603039	0.0991767722636	0.123979878513	0.125280194822	0.139879059236	0.128527022947	0.12675075047	0.144789852846	0.107235061589	0.118344683321	0.0875257395907	0.0371687579463	0.129291890991	0.0	0.111187375819	0.094476121537	0.108624752022	0.127408508846	0.124955892575	0.122738315527	0.125130965769	0.127564691432	0.122814266083	0.115335155408	0.128499676475	0.129691997681	0.161274822781	0.126382074752	0.111457942368	0.115004932863	0.0802279303345
MH0438.snv.bam	0.115153260392	0.126963834292	0.131728443107	0.108584134464	0.117834818583	0.115529835412	0.131918895783	0.114803152501	0.131505761957	0.138994699713	0.134375596939	0.13414699719	0.104430181746	0.120992586503	0.114744741294	0.102195689916	0.116777437926	0.111187375819	0.0	0.120571423386	0.108235874835	0.112237218293	0.120770597459	0.12154855876	0.131383192162	0.133586112558	0.120218855214	0.119134172987	0.131087902042	0.133383496741	0.15934356879	0.140162692744	0.11260044046	0.133390792138	0.109843129464
MMRS20257302ST-27-0-0.snv.bam	0.105934780018	0.132530200475	0.134133227861	0.108187216061	0.119665670496	0.117736650796	0.125055928412	0.127431168049	0.123847278453	0.131122101717	0.130882185802	0.143293167899	0.109338684783	0.124101526595	0.11921714117	0.0959644500011	0.120693209313	0.094476121537	0.120571423386	0.0	0.105711610487	0.115734953704	0.121778532993	0.121127104927	0.122952470026	0.123727941458	0.136163254705	0.106051587302	0.135350936895	0.140266059444	0.13988098403	0.138445026826	0.114997564652	0.108620146623	0.062015268977
MMRS38954404ST-27-0-0.snv.bam	0.112339200152	0.115375274537	0.125523426463	0.09087254887	0.115925487101	0.108049250129	0.111253561254	0.0802897085907	0.0976102355592	0.111886077112	0.124638535929	0.121172082438	0.0945606979442	0.11323398242	0.0997039397138	0.10866981571	0.109614727159	0.108624752022	0.108235874835	0.105711610487	0.0	0.0990742688828	0.114936904455	0.111467666681	0.114048507463	0.123858914372	0.111257309942	0.100784929356	0.114109233281	0.116563256659	0.122364224974	0.128366050235	0.106671468973	0.0972470238095	0.120740924284
MMRS51307502ST-27-0-0.snv.bam	0.119187602034	0.095856640944	0.121686308583	0.12225312905	0.129210864924	0.117289354601	0.130217282717	0.0925605672442	0.103399029335	0.123931688932	0.133684215918	0.106868967781	0.123105494333	0.132175536291	0.136931867019	0.123410796035	0.125722699583	0.127408508846	0.112237218293	0.115734953704	0.0990742688828	0.0	0.0934796626984	0.126097616815	0.135477977003	0.11930628522	0.118078415577	0.0999126256007	0.119091265069	0.119671994672	0.128132892899	0.136006307949	0.125662564645	0.122143704799	0.125578047922
MMRS72802364ST-27-0-0.snv.bam	0.109068374326	0.0918645528904	0.123325272661	0.114713008933	0.131836665082	0.115117728613	0.129093352884	0.0848305824619	0.0949454553434	0.125429819781	0.127587486193	0.105214430773	0.118630536388	0.13869308726	0.128740191895	0.124932899443	0.135349355492	0.124955892575	0.120770597459	0.121778532993	0.114936904455	0.0934796626984	0.0	0.130435502512	0.128688162623	0.115771415586	0.113272353267	0.102980625931	0.118279691942	0.118786293232	0.137561407676	0.123794160581	0.124522043652	0.124274181299	0.121870430281
MMRS88581325ST-27-0-0.snv.bam	0.11894388061	0.13077035273	0.142766005067	0.116825243622	0.131306853503	0.127518402063	0.0238447938732	0.133273407368	0.139019911685	0.129342125948	0.139288015628	0.130726728218	0.123105145475	0.128758649031	0.126576904949	0.11775193029	0.138630651408	0.122738315527	0.12154855876	0.121127104927	0.111467666681	0.126097616815	0.130435502512	0.0	0.128011708508	0.133594878643	0.13142717818	0.121212453309	0.134521099877	0.135447550045	0.146100915108	0.148024439798	0.119932922582	0.118146051272	0.122313444995
MMRS95479054ST-27-0-0.snv.bam	0.118566155427	0.125075834349	0.144896211585	0.117848912781	0.108430322096	0.136116217222	0.135903595479	0.118577661575	0.1291814894	0.13267389464	0.142591589496	0.135532455027	0.12566373288	0.115625208393	0.117127668022	0.121395197052	0.134116747884	0.125130965769	0.131383192162	0.122952470026	0.114048507463	0.135477977003	0.128688162623	0.128011708508	0.0	0.131897190809	0.128330101788	0.120029239766	0.132868724592	0.132383209752	0.165046350281	0.139702342989	0.111878010297	0.120579961699	0.128664640758
N021A.snv.bam	0.112064589896	0.123470086891	0.143972236291	0.127258256577	0.138955152183	0.121085967013	0.142893657452	0.12944673995	0.13338972131	0.142654623547	0.100968283156	0.128001976945	0.127035982169	0.133229461195	0.136755400906	0.123703928115	0.140489230171	0.127564691432	0.133586112558	0.123727941458	0.123858914372	0.11930628522	0.115771415586	0.133594878643	0.131897190809	0.0	0.123455635803	0.114361791659	0.13305272515	0.12089229379	0.157577330215	0.117879354587	0.12448292403	0.123566465834	0.133044153201
N037A.snv.bam	0.112745671896	0.119731554443	0.131097617367	0.132845429074	0.144723454696	0.12651151439	0.139192745377	0.119057313694	0.117027426949	0.132917873568	0.131749781871	0.125861402453	0.124640646339	0.138164820347	0.129504196731	0.12459468069	0.146031668725	0.122814266083	0.120218855214	0.136163254705	0.111257309942	0.118078415577	0.113272353267	0.13142717818	0.128330101788	0.123455635803	0.0	0.112079787793	0.0404173702003	0.0980100369327	0.14944577233	0.136705494538	0.127958488046	0.131822960649	0.129125618299
NG-5636_231.snv.bam	0.113025079039	0.114249587725	0.110063040527	0.113074412926	0.123160430822	0.123900448098	0.122720478326	0.119692630896	0.116935059276	0.0940208738241	0.121716974761	0.11438173832	0.107907091074	0.112059362539	0.125503004534	0.115649326328	0.122688542953	0.115335155408	0.119134172987	0.106051587302	0.100784929356	0.0999126256007	0.102980625931	0.121212453309	0.120029239766	0.114361791659	0.112079787793	0.0	0.112436485493	0.123435603627	0.113358851041	0.13489253858	0.0989269712617	0.105877682193	0.120843596231
NLM021.snv.bam	0.124825035815	0.11459597482	0.131373379536	0.1293823119	0.147191223573	0.138504010874	0.141215415642	0.119980719451	0.105058374287	0.138012629481	0.134731140975	0.110945019292	0.131678856772	0.135733433578	0.137701929939	0.127369569454	0.147026118892	0.128499676475	0.131087902042	0.135350936895	0.114109233281	0.119091265069	0.118279691942	0.134521099877	0.132868724592	0.13305272515	0.0404173702003	0.112436485493	0.0	0.0802470455809	0.146921363526	0.145961409741	0.125828903715	0.131150526024	0.144689856069
SZEY-62A.snv.bam	0.126738433731	0.116476524748	0.138988847487	0.121020153651	0.131651170197	0.137123725969	0.139448782212	0.111048709506	0.105246699199	0.142131461322	0.126124522067	0.114074339355	0.120946356261	0.134010989179	0.128317268236	0.125849478204	0.145560170461	0.129691997681	0.133383496741	0.140266059444	0.116563256659	0.119671994672	0.118786293232	0.135447550045	0.132383209752	0.12089229379	0.0980100369327	0.123435603627	0.0802470455809	0.0	0.147693347319	0.137889433816	0.125560694312	0.129386599946	0.14111398658
SZEY-93A.snv.bam	0.138128688044	0.150758457041	0.0929161979341	0.136801565002	0.159165852245	0.146269556451	0.150291991365	0.131022726797	0.131174833571	0.154878591958	0.15951254836	0.148364804018	0.165022481656	0.160084536059	0.165073380064	0.15206954555	0.166121208074	0.161274822781	0.15934356879	0.13988098403	0.122364224974	0.128132892899	0.137561407676	0.146100915108	0.165046350281	0.157577330215	0.14944577233	0.113358851041	0.146921363526	0.147693347319	0.0	0.170559340605	0.144732791895	0.140911943896	0.141099781845
T2D-47A.snv.bam	0.110920127165	0.125255613316	0.14808147622	0.132523887265	0.135016687117	0.118804480593	0.152225577878	0.125753365594	0.142751347168	0.134566178305	0.103902639377	0.147711472506	0.129986607354	0.152558469176	0.120859883963	0.11979220206	0.144239533147	0.126382074752	0.140162692744	0.138445026826	0.128366050235	0.136006307949	0.123794160581	0.148024439798	0.139702342989	0.117879354587	0.136705494538	0.13489253858	0.145961409741	0.137889433816	0.170559340605	0.0	0.146803289883	0.136874273238	0.142813382365
T2D-70A.snv.bam	0.113898082566	0.126504484698	0.135322709161	0.122712332236	0.100690730475	0.12560151622	0.126446061704	0.124853881155	0.128761662335	0.119883400988	0.12830543817	0.128872414326	0.117827863672	0.018068686319	0.11496770228	0.107788016163	0.12948331053	0.111457942368	0.11260044046	0.114997564652	0.106671468973	0.125662564645	0.124522043652	0.119932922582	0.111878010297	0.12448292403	0.127958488046	0.0989269712617	0.125828903715	0.125560694312	0.144732791895	0.146803289883	0.0	0.114158127549	0.125345125811
V1.FI04.snv.bam	0.110570198967	0.121075328191	0.14479336729	0.111916318606	0.12366416414	0.121438286913	0.120554929835	0.115294051557	0.131143190262	0.116675305285	0.129270411791	0.132678023268	0.124916934211	0.119832577232	0.126762552123	0.116614338282	0.116483074885	0.115004932863	0.133390792138	0.108620146623	0.0972470238095	0.122143704799	0.124274181299	0.118146051272	0.120579961699	0.123566465834	0.131822960649	0.105877682193	0.131150526024	0.129386599946	0.140911943896	0.136874273238	0.114158127549	0.0	0.117303042851
V1.UC62-0.snv.bam	0.103206824741	0.129802307339	0.128798504561	0.111105373085	0.120023861047	0.111569909919	0.125012627509	0.123590887579	0.128928113195	0.130990283042	0.139498932132	0.141738211277	0.10954715881	0.13497401922	0.105887566037	0.0850148029462	0.124284307928	0.0802279303345	0.109843129464	0.062015268977	0.120740924284	0.125578047922	0.121870430281	0.122313444995	0.128664640758	0.133044153201	0.129125618299	0.120843596231	0.144689856069	0.14111398658	0.141099781845	0.142813382365	0.125345125811	0.117303042851	0.0
