	158499257-stool1.snv.bam	823052294-stool1.snv.bam	CCIS07277498ST-4-0.snv.bam	CCIS16383318ST-4-0.snv.bam	CCIS29688262ST-20-0.snv.bam	CCIS74726977ST-3-0.snv.bam	CCIS77252613ST-4-0.snv.bam	CCIS88317640ST-4-0.snv.bam	CCMD14479708ST-21-0.snv.bam	CCMD48236717ST-21-0.snv.bam	M4.1-V3.metaG.snv.bam	M4.1-V3.metaT.snv.bam	M4.2-V2.metaG.snv.bam	M4.2-V3.metaT.snv.bam	M4.3-V1.metaG.snv.bam	M4.4-V1.metaG.snv.bam	M4.5-V3.metaT.snv.bam	M4.6-V2.metaT.snv.bam	MH0189.snv.bam	MH0220.snv.bam	MH0245.snv.bam	MH0246.snv.bam	MH0318.snv.bam	MH0330.snv.bam	MH0348.snv.bam	MH0350.snv.bam	MH0354.snv.bam	MH0428.snv.bam	MH0450.snv.bam	MMRS20257302ST-27-0-0.snv.bam	MMRS64281551ST-27-0-0.snv.bam	NG-5636_395.snv.bam	NG-5636_457.snv.bam	NG-5636_479.snv.bam	NG-5636_59.snv.bam	O2.UC12-1.snv.bam	O2.UC17-1.snv.bam	O2.UC24-1.snv.bam	O2.UC50-0.snv.bam	O2.UC50-2.snv.bam	O2.UC53-0.snv.bam	SAMEA3136637.snv.bam	SAMEA3136673.snv.bam	SAMEA3136696.snv.bam	SAMEA3136698.snv.bam	SAMEA3136708.snv.bam	SAMEA3136747.snv.bam	SAMEA3136750.snv.bam	SAMEA3136751.snv.bam	SAMEA3136759.snv.bam	V1.CD44-0.snv.bam	V1.CD6-0-PN.snv.bam	V1.CD6-0-PT.snv.bam	V1.FI12.snv.bam	V1.FI20.snv.bam	V1.FI30.snv.bam	V1.UC11-5.snv.bam	V1.UC35-4.snv.bam	V1.UC41-0.snv.bam	V1.UC53-0.snv.bam	V1.UC58-0.snv.bam
158499257-stool1.snv.bam	0.0	0.0316027088036	0.169300225734	0.148984198646	0.0496613995485	0.216704288939	0.221218961625	0.194130925508	0.158013544018	0.164785553047	0.169300225734	0.171557562077	0.169300225734	0.160270880361	0.169300225734	0.158013544018	0.17381489842	0.169300225734	0.227990970655	0.148984198646	0.142212189616	0.0316027088036	0.164785553047	0.146726862302	0.0609480812641	0.234762979684	0.2460496614	0.23927765237	0.194130925508	0.234762979684	0.171557562077	0.148984198646	0.0496613995485	0.162528216704	0.167042889391	0.180586907449	0.205417607223	0.264108352144	0.187358916479	0.185101580135	0.185101580135	0.038374717833	0.164785553047	0.196388261851	0.158013544018	0.162528216704	0.171557562077	0.180586907449	0.255079006772	0.182844243792	0.187358916479	0.171557562077	0.250564334086	0.180586907449	0.146726862302	0.169300225734	0.0338600451467	0.0316027088036	0.176072234763	0.176072234763	0.167042889391
823052294-stool1.snv.bam	0.0316027088036	0.0	0.155756207675	0.135440180587	0.0541760722348	0.207674943567	0.20993227991	0.187358916479	0.146726862302	0.153498871332	0.158013544018	0.160270880361	0.158013544018	0.151241534989	0.158013544018	0.146726862302	0.162528216704	0.158013544018	0.20993227991	0.135440180587	0.130925507901	0.0338600451467	0.153498871332	0.135440180587	0.058690744921	0.225733634312	0.230248306998	0.230248306998	0.187358916479	0.216704288939	0.158013544018	0.13769751693	0.0406320541761	0.151241534989	0.155756207675	0.167042889391	0.189616252822	0.2460496614	0.176072234763	0.17381489842	0.17381489842	0.0428893905192	0.153498871332	0.178329571106	0.146726862302	0.151241534989	0.160270880361	0.169300225734	0.241534988713	0.171557562077	0.178329571106	0.155756207675	0.232505643341	0.164785553047	0.135440180587	0.158013544018	0.0248306997743	0.0428893905192	0.164785553047	0.164785553047	0.155756207675
CCIS07277498ST-4-0.snv.bam	0.169300225734	0.155756207675	0.0	0.128668171558	0.164785553047	0.207674943567	0.207674943567	0.153498871332	0.0632054176072	0.106094808126	0.0857787810384	0.0857787810384	0.0857787810384	0.0812641083521	0.0857787810384	0.079006772009	0.0880361173815	0.0857787810384	0.221218961625	0.0564334085779	0.0632054176072	0.155756207675	0.0767494356659	0.0677200902935	0.155756207675	0.200902934537	0.216704288939	0.218961625282	0.180586907449	0.230248306998	0.117381489842	0.10158013544	0.155756207675	0.0812641083521	0.079006772009	0.146726862302	0.178329571106	0.257336343115	0.142212189616	0.139954853273	0.142212189616	0.167042889391	0.0812641083521	0.191873589165	0.0744920993228	0.0428893905192	0.103837471783	0.0857787810384	0.255079006772	0.17381489842	0.17381489842	0.121896162528	0.227990970655	0.110609480813	0.0812641083521	0.0880361173815	0.162528216704	0.169300225734	0.0835214446953	0.0722347629797	0.146726862302
CCIS16383318ST-4-0.snv.bam	0.148984198646	0.135440180587	0.128668171558	0.0	0.144469525959	0.0835214446953	0.0812641083521	0.097065462754	0.135440180587	0.139954853273	0.146726862302	0.148984198646	0.146726862302	0.142212189616	0.148984198646	0.142212189616	0.151241534989	0.130925507901	0.0993227990971	0.121896162528	0.121896162528	0.130925507901	0.126410835214	0.142212189616	0.146726862302	0.10835214447	0.115124153499	0.130925507901	0.153498871332	0.110609480813	0.155756207675	0.128668171558	0.135440180587	0.133182844244	0.124153498871	0.106094808126	0.117381489842	0.0857787810384	0.126410835214	0.126410835214	0.126410835214	0.144469525959	0.139954853273	0.0699774266366	0.126410835214	0.124153498871	0.153498871332	0.13769751693	0.110609480813	0.097065462754	0.10835214447	0.0519187358916	0.103837471783	0.103837471783	0.128668171558	0.133182844244	0.13769751693	0.153498871332	0.144469525959	0.148984198646	0.10158013544
CCIS29688262ST-20-0.snv.bam	0.0496613995485	0.0541760722348	0.164785553047	0.144469525959	0.0	0.216704288939	0.223476297968	0.182844243792	0.148984198646	0.164785553047	0.164785553047	0.167042889391	0.164785553047	0.158013544018	0.164785553047	0.153498871332	0.169300225734	0.164785553047	0.232505643341	0.139954853273	0.142212189616	0.0361173814898	0.164785553047	0.135440180587	0.0564334085779	0.230248306998	0.250564334086	0.243792325056	0.198645598194	0.227990970655	0.171557562077	0.139954853273	0.0406320541761	0.153498871332	0.167042889391	0.176072234763	0.205417607223	0.268623024831	0.187358916479	0.185101580135	0.185101580135	0.0293453724605	0.155756207675	0.191873589165	0.162528216704	0.153498871332	0.162528216704	0.180586907449	0.259593679458	0.169300225734	0.185101580135	0.162528216704	0.252821670429	0.182844243792	0.151241534989	0.160270880361	0.0428893905192	0.0451467268623	0.171557562077	0.176072234763	0.164785553047
CCIS74726977ST-3-0.snv.bam	0.216704288939	0.207674943567	0.207674943567	0.0835214446953	0.216704288939	0.0	0.0993227990971	0.17381489842	0.194130925508	0.20316027088	0.205417607223	0.205417607223	0.205417607223	0.198645598194	0.207674943567	0.200902934537	0.207674943567	0.20316027088	0.124153498871	0.200902934537	0.194130925508	0.196388261851	0.191873589165	0.200902934537	0.205417607223	0.124153498871	0.0993227990971	0.119638826185	0.212189616253	0.10835214447	0.218961625282	0.194130925508	0.198645598194	0.185101580135	0.187358916479	0.205417607223	0.212189616253	0.146726862302	0.221218961625	0.221218961625	0.221218961625	0.20993227991	0.212189616253	0.119638826185	0.187358916479	0.20316027088	0.212189616253	0.191873589165	0.135440180587	0.180586907449	0.0948081264108	0.13769751693	0.142212189616	0.198645598194	0.187358916479	0.185101580135	0.20993227991	0.221218961625	0.214446952596	0.218961625282	0.180586907449
CCIS77252613ST-4-0.snv.bam	0.221218961625	0.20993227991	0.207674943567	0.0812641083521	0.223476297968	0.0993227990971	0.0	0.142212189616	0.189616252822	0.198645598194	0.200902934537	0.20316027088	0.200902934537	0.196388261851	0.20316027088	0.196388261851	0.205417607223	0.189616252822	0.097065462754	0.196388261851	0.187358916479	0.198645598194	0.20316027088	0.194130925508	0.198645598194	0.115124153499	0.0812641083521	0.117381489842	0.20993227991	0.10835214447	0.223476297968	0.189616252822	0.205417607223	0.196388261851	0.180586907449	0.189616252822	0.216704288939	0.0948081264108	0.216704288939	0.216704288939	0.214446952596	0.214446952596	0.200902934537	0.0857787810384	0.196388261851	0.198645598194	0.207674943567	0.178329571106	0.0857787810384	0.182844243792	0.144469525959	0.0338600451467	0.0902934537246	0.196388261851	0.169300225734	0.198645598194	0.216704288939	0.225733634312	0.205417607223	0.207674943567	0.185101580135
CCIS88317640ST-4-0.snv.bam	0.194130925508	0.187358916479	0.153498871332	0.097065462754	0.182844243792	0.17381489842	0.142212189616	0.0	0.160270880361	0.178329571106	0.171557562077	0.17381489842	0.171557562077	0.164785553047	0.171557562077	0.167042889391	0.176072234763	0.167042889391	0.200902934537	0.158013544018	0.148984198646	0.169300225734	0.176072234763	0.164785553047	0.180586907449	0.176072234763	0.196388261851	0.194130925508	0.133182844244	0.20316027088	0.167042889391	0.153498871332	0.178329571106	0.158013544018	0.160270880361	0.187358916479	0.20316027088	0.185101580135	0.182844243792	0.182844243792	0.182844243792	0.182844243792	0.17381489842	0.130925507901	0.169300225734	0.160270880361	0.167042889391	0.182844243792	0.218961625282	0.189616252822	0.167042889391	0.139954853273	0.191873589165	0.191873589165	0.164785553047	0.153498871332	0.189616252822	0.194130925508	0.187358916479	0.164785553047	0.178329571106
CCMD14479708ST-21-0.snv.bam	0.158013544018	0.146726862302	0.0632054176072	0.135440180587	0.148984198646	0.194130925508	0.189616252822	0.160270880361	0.0	0.097065462754	0.0880361173815	0.0880361173815	0.0880361173815	0.0835214446953	0.0880361173815	0.0812641083521	0.0902934537246	0.0880361173815	0.212189616253	0.079006772009	0.0722347629797	0.142212189616	0.0677200902935	0.0541760722348	0.144469525959	0.185101580135	0.207674943567	0.20316027088	0.182844243792	0.20993227991	0.142212189616	0.0993227990971	0.142212189616	0.0880361173815	0.0925507900677	0.158013544018	0.194130925508	0.2460496614	0.155756207675	0.153498871332	0.155756207675	0.151241534989	0.0519187358916	0.167042889391	0.0767494356659	0.0632054176072	0.0835214446953	0.0744920993228	0.2460496614	0.171557562077	0.171557562077	0.10835214447	0.216704288939	0.126410835214	0.058690744921	0.0677200902935	0.148984198646	0.153498871332	0.0632054176072	0.0767494356659	0.151241534989
CCMD48236717ST-21-0.snv.bam	0.164785553047	0.153498871332	0.106094808126	0.139954853273	0.164785553047	0.20316027088	0.198645598194	0.178329571106	0.097065462754	0.0	0.0812641083521	0.0835214446953	0.0812641083521	0.0812641083521	0.0812641083521	0.079006772009	0.0857787810384	0.0812641083521	0.20993227991	0.112866817156	0.0564334085779	0.153498871332	0.058690744921	0.112866817156	0.151241534989	0.207674943567	0.212189616253	0.225733634312	0.191873589165	0.225733634312	0.162528216704	0.106094808126	0.151241534989	0.121896162528	0.0902934537246	0.182844243792	0.20316027088	0.255079006772	0.194130925508	0.191873589165	0.194130925508	0.162528216704	0.0812641083521	0.189616252822	0.0451467268623	0.110609480813	0.112866817156	0.10158013544	0.248306997743	0.191873589165	0.178329571106	0.153498871332	0.234762979684	0.167042889391	0.0948081264108	0.130925507901	0.160270880361	0.169300225734	0.097065462754	0.0767494356659	0.17381489842
M4.1-V3.metaG.snv.bam	0.169300225734	0.158013544018	0.0857787810384	0.146726862302	0.164785553047	0.205417607223	0.200902934537	0.171557562077	0.0880361173815	0.0812641083521	0.0	0.0	0.0	0.0	0.00225733634312	0.00225733634312	0.00225733634312	0.0	0.221218961625	0.0948081264108	0.0541760722348	0.153498871332	0.0925507900677	0.0767494356659	0.148984198646	0.20993227991	0.223476297968	0.227990970655	0.191873589165	0.234762979684	0.128668171558	0.115124153499	0.151241534989	0.0993227990971	0.0699774266366	0.171557562077	0.20316027088	0.259593679458	0.164785553047	0.162528216704	0.164785553047	0.162528216704	0.0767494356659	0.185101580135	0.0902934537246	0.0699774266366	0.0722347629797	0.110609480813	0.257336343115	0.182844243792	0.176072234763	0.142212189616	0.23927765237	0.153498871332	0.0993227990971	0.110609480813	0.160270880361	0.164785553047	0.106094808126	0.0835214446953	0.169300225734
M4.1-V3.metaT.snv.bam	0.171557562077	0.160270880361	0.0857787810384	0.148984198646	0.167042889391	0.205417607223	0.20316027088	0.17381489842	0.0880361173815	0.0835214446953	0.0	0.0	0.0	0.0	0.00225733634312	0.00225733634312	0.00225733634312	0.0	0.221218961625	0.0948081264108	0.0541760722348	0.155756207675	0.0948081264108	0.0767494356659	0.151241534989	0.20993227991	0.223476297968	0.227990970655	0.194130925508	0.234762979684	0.128668171558	0.117381489842	0.153498871332	0.10158013544	0.0722347629797	0.17381489842	0.205417607223	0.259593679458	0.167042889391	0.164785553047	0.167042889391	0.164785553047	0.079006772009	0.187358916479	0.0925507900677	0.0699774266366	0.0722347629797	0.110609480813	0.257336343115	0.185101580135	0.178329571106	0.144469525959	0.23927765237	0.155756207675	0.10158013544	0.110609480813	0.162528216704	0.167042889391	0.10835214447	0.0835214446953	0.171557562077
M4.2-V2.metaG.snv.bam	0.169300225734	0.158013544018	0.0857787810384	0.146726862302	0.164785553047	0.205417607223	0.200902934537	0.171557562077	0.0880361173815	0.0812641083521	0.0	0.0	0.0	0.0	0.00225733634312	0.00225733634312	0.00225733634312	0.0	0.221218961625	0.0948081264108	0.0541760722348	0.153498871332	0.0925507900677	0.0767494356659	0.148984198646	0.20993227991	0.223476297968	0.227990970655	0.191873589165	0.234762979684	0.128668171558	0.115124153499	0.151241534989	0.0993227990971	0.0699774266366	0.171557562077	0.20316027088	0.259593679458	0.164785553047	0.162528216704	0.164785553047	0.162528216704	0.0767494356659	0.185101580135	0.0902934537246	0.0699774266366	0.0722347629797	0.110609480813	0.257336343115	0.182844243792	0.176072234763	0.142212189616	0.23927765237	0.153498871332	0.0993227990971	0.110609480813	0.160270880361	0.164785553047	0.106094808126	0.0835214446953	0.169300225734
M4.2-V3.metaT.snv.bam	0.160270880361	0.151241534989	0.0812641083521	0.142212189616	0.158013544018	0.198645598194	0.196388261851	0.164785553047	0.0835214446953	0.0812641083521	0.0	0.0	0.0	0.0	0.00225733634312	0.00225733634312	0.00225733634312	0.0	0.216704288939	0.0857787810384	0.0541760722348	0.146726862302	0.0902934537246	0.0699774266366	0.142212189616	0.207674943567	0.216704288939	0.221218961625	0.185101580135	0.227990970655	0.126410835214	0.112866817156	0.144469525959	0.097065462754	0.0677200902935	0.162528216704	0.194130925508	0.250564334086	0.160270880361	0.158013544018	0.160270880361	0.155756207675	0.0767494356659	0.178329571106	0.0880361173815	0.0677200902935	0.0654627539503	0.106094808126	0.2460496614	0.178329571106	0.169300225734	0.135440180587	0.232505643341	0.148984198646	0.097065462754	0.103837471783	0.153498871332	0.158013544018	0.103837471783	0.079006772009	0.167042889391
M4.3-V1.metaG.snv.bam	0.169300225734	0.158013544018	0.0857787810384	0.148984198646	0.164785553047	0.207674943567	0.20316027088	0.171557562077	0.0880361173815	0.0812641083521	0.00225733634312	0.00225733634312	0.00225733634312	0.00225733634312	0.0	0.0	0.0	0.00225733634312	0.221218961625	0.0925507900677	0.0541760722348	0.153498871332	0.0902934537246	0.0767494356659	0.148984198646	0.212189616253	0.225733634312	0.230248306998	0.194130925508	0.237020316027	0.128668171558	0.115124153499	0.151241534989	0.0993227990971	0.0699774266366	0.17381489842	0.205417607223	0.261851015801	0.167042889391	0.164785553047	0.167042889391	0.162528216704	0.0767494356659	0.185101580135	0.0880361173815	0.0699774266366	0.0722347629797	0.110609480813	0.259593679458	0.185101580135	0.178329571106	0.144469525959	0.241534988713	0.155756207675	0.0993227990971	0.110609480813	0.160270880361	0.164785553047	0.106094808126	0.0835214446953	0.171557562077
M4.4-V1.metaG.snv.bam	0.158013544018	0.146726862302	0.079006772009	0.142212189616	0.153498871332	0.200902934537	0.196388261851	0.167042889391	0.0812641083521	0.079006772009	0.00225733634312	0.00225733634312	0.00225733634312	0.00225733634312	0.0	0.0	0.0	0.00225733634312	0.216704288939	0.0857787810384	0.0519187358916	0.142212189616	0.0880361173815	0.0677200902935	0.142212189616	0.200902934537	0.221218961625	0.221218961625	0.187358916479	0.227990970655	0.121896162528	0.106094808126	0.142212189616	0.0925507900677	0.0677200902935	0.167042889391	0.200902934537	0.255079006772	0.162528216704	0.160270880361	0.162528216704	0.153498871332	0.0744920993228	0.178329571106	0.0857787810384	0.0632054176072	0.0654627539503	0.10158013544	0.250564334086	0.182844243792	0.169300225734	0.13769751693	0.232505643341	0.151241534989	0.0925507900677	0.103837471783	0.148984198646	0.153498871332	0.0993227990971	0.0767494356659	0.167042889391
M4.5-V3.metaT.snv.bam	0.17381489842	0.162528216704	0.0880361173815	0.151241534989	0.169300225734	0.207674943567	0.205417607223	0.176072234763	0.0902934537246	0.0857787810384	0.00225733634312	0.00225733634312	0.00225733634312	0.00225733634312	0.0	0.0	0.0	0.00225733634312	0.223476297968	0.0948081264108	0.058690744921	0.158013544018	0.0948081264108	0.0767494356659	0.153498871332	0.214446952596	0.227990970655	0.230248306998	0.196388261851	0.23927765237	0.130925507901	0.119638826185	0.155756207675	0.103837471783	0.0722347629797	0.17381489842	0.205417607223	0.264108352144	0.167042889391	0.164785553047	0.167042889391	0.167042889391	0.0812641083521	0.189616252822	0.0925507900677	0.0744920993228	0.0722347629797	0.115124153499	0.261851015801	0.187358916479	0.178329571106	0.146726862302	0.243792325056	0.158013544018	0.103837471783	0.112866817156	0.164785553047	0.169300225734	0.110609480813	0.0857787810384	0.17381489842
M4.6-V2.metaT.snv.bam	0.169300225734	0.158013544018	0.0857787810384	0.130925507901	0.164785553047	0.20316027088	0.189616252822	0.167042889391	0.0880361173815	0.0812641083521	0.0	0.0	0.0	0.0	0.00225733634312	0.00225733634312	0.00225733634312	0.0	0.221218961625	0.0948081264108	0.0564334085779	0.153498871332	0.0925507900677	0.0767494356659	0.146726862302	0.207674943567	0.221218961625	0.223476297968	0.194130925508	0.234762979684	0.128668171558	0.112866817156	0.151241534989	0.0993227990971	0.0699774266366	0.169300225734	0.20316027088	0.257336343115	0.167042889391	0.164785553047	0.167042889391	0.162528216704	0.0767494356659	0.178329571106	0.0902934537246	0.0722347629797	0.0722347629797	0.10835214447	0.257336343115	0.182844243792	0.178329571106	0.135440180587	0.23927765237	0.153498871332	0.0993227990971	0.110609480813	0.160270880361	0.164785553047	0.106094808126	0.0835214446953	0.169300225734
MH0189.snv.bam	0.227990970655	0.20993227991	0.221218961625	0.0993227990971	0.232505643341	0.124153498871	0.097065462754	0.200902934537	0.212189616253	0.20993227991	0.221218961625	0.221218961625	0.221218961625	0.216704288939	0.221218961625	0.216704288939	0.223476297968	0.221218961625	0.0	0.212189616253	0.205417607223	0.207674943567	0.207674943567	0.227990970655	0.218961625282	0.106094808126	0.0609480812641	0.0925507900677	0.223476297968	0.0496613995485	0.250564334086	0.221218961625	0.20993227991	0.225733634312	0.205417607223	0.234762979684	0.234762979684	0.0993227990971	0.2460496614	0.2460496614	0.2460496614	0.214446952596	0.223476297968	0.079006772009	0.205417607223	0.221218961625	0.225733634312	0.20993227991	0.0632054176072	0.218961625282	0.167042889391	0.135440180587	0.0744920993228	0.223476297968	0.200902934537	0.212189616253	0.212189616253	0.227990970655	0.223476297968	0.223476297968	0.218961625282
MH0220.snv.bam	0.148984198646	0.135440180587	0.0564334085779	0.121896162528	0.139954853273	0.200902934537	0.196388261851	0.158013544018	0.079006772009	0.112866817156	0.0948081264108	0.0948081264108	0.0948081264108	0.0857787810384	0.0925507900677	0.0857787810384	0.0948081264108	0.0948081264108	0.212189616253	0.0	0.079006772009	0.13769751693	0.0948081264108	0.0857787810384	0.128668171558	0.212189616253	0.216704288939	0.218961625282	0.178329571106	0.221218961625	0.0993227990971	0.0902934537246	0.133182844244	0.0880361173815	0.103837471783	0.142212189616	0.180586907449	0.241534988713	0.155756207675	0.153498871332	0.153498871332	0.144469525959	0.0993227990971	0.176072234763	0.0902934537246	0.0541760722348	0.106094808126	0.0902934537246	0.23927765237	0.176072234763	0.164785553047	0.119638826185	0.221218961625	0.121896162528	0.0902934537246	0.106094808126	0.142212189616	0.148984198646	0.0993227990971	0.0767494356659	0.142212189616
MH0245.snv.bam	0.142212189616	0.130925507901	0.0632054176072	0.121896162528	0.142212189616	0.194130925508	0.187358916479	0.148984198646	0.0722347629797	0.0564334085779	0.0541760722348	0.0541760722348	0.0541760722348	0.0541760722348	0.0541760722348	0.0519187358916	0.058690744921	0.0564334085779	0.205417607223	0.079006772009	0.0	0.130925507901	0.0564334085779	0.0812641083521	0.133182844244	0.196388261851	0.207674943567	0.216704288939	0.171557562077	0.216704288939	0.121896162528	0.0857787810384	0.130925507901	0.0722347629797	0.0564334085779	0.160270880361	0.176072234763	0.243792325056	0.158013544018	0.155756207675	0.158013544018	0.139954853273	0.0722347629797	0.17381489842	0.0519187358916	0.0564334085779	0.079006772009	0.0835214446953	0.23927765237	0.164785553047	0.162528216704	0.133182844244	0.225733634312	0.126410835214	0.0835214446953	0.097065462754	0.13769751693	0.146726862302	0.0857787810384	0.0902934537246	0.148984198646
MH0246.snv.bam	0.0316027088036	0.0338600451467	0.155756207675	0.130925507901	0.0361173814898	0.196388261851	0.198645598194	0.169300225734	0.142212189616	0.153498871332	0.153498871332	0.155756207675	0.153498871332	0.146726862302	0.153498871332	0.142212189616	0.158013544018	0.153498871332	0.207674943567	0.13769751693	0.130925507901	0.0	0.160270880361	0.130925507901	0.0406320541761	0.207674943567	0.225733634312	0.212189616253	0.182844243792	0.207674943567	0.158013544018	0.135440180587	0.020316027088	0.148984198646	0.151241534989	0.169300225734	0.194130925508	0.241534988713	0.176072234763	0.17381489842	0.17381489842	0.0248306997743	0.148984198646	0.169300225734	0.153498871332	0.146726862302	0.158013544018	0.17381489842	0.232505643341	0.164785553047	0.169300225734	0.155756207675	0.227990970655	0.169300225734	0.130925507901	0.155756207675	0.0225733634312	0.0248306997743	0.162528216704	0.162528216704	0.155756207675
MH0318.snv.bam	0.164785553047	0.153498871332	0.0767494356659	0.126410835214	0.164785553047	0.191873589165	0.20316027088	0.176072234763	0.0677200902935	0.058690744921	0.0925507900677	0.0948081264108	0.0925507900677	0.0902934537246	0.0902934537246	0.0880361173815	0.0948081264108	0.0925507900677	0.207674943567	0.0948081264108	0.0564334085779	0.160270880361	0.0	0.0835214446953	0.160270880361	0.20993227991	0.214446952596	0.223476297968	0.189616252822	0.227990970655	0.164785553047	0.10158013544	0.158013544018	0.106094808126	0.0767494356659	0.167042889391	0.187358916479	0.255079006772	0.17381489842	0.171557562077	0.17381489842	0.167042889391	0.0564334085779	0.191873589165	0.00677200902935	0.0767494356659	0.110609480813	0.0677200902935	0.248306997743	0.182844243792	0.167042889391	0.144469525959	0.230248306998	0.124153498871	0.0722347629797	0.0880361173815	0.164785553047	0.17381489842	0.0609480812641	0.0925507900677	0.167042889391
MH0330.snv.bam	0.146726862302	0.135440180587	0.0677200902935	0.142212189616	0.135440180587	0.200902934537	0.194130925508	0.164785553047	0.0541760722348	0.112866817156	0.0767494356659	0.0767494356659	0.0767494356659	0.0699774266366	0.0767494356659	0.0677200902935	0.0767494356659	0.0767494356659	0.227990970655	0.0857787810384	0.0812641083521	0.130925507901	0.0835214446953	0.0	0.135440180587	0.200902934537	0.225733634312	0.218961625282	0.187358916479	0.218961625282	0.119638826185	0.124153498871	0.133182844244	0.106094808126	0.0857787810384	0.142212189616	0.182844243792	0.264108352144	0.148984198646	0.146726862302	0.148984198646	0.142212189616	0.0677200902935	0.171557562077	0.0902934537246	0.0609480812641	0.0902934537246	0.0880361173815	0.252821670429	0.160270880361	0.153498871332	0.135440180587	0.241534988713	0.117381489842	0.0767494356659	0.0722347629797	0.13769751693	0.146726862302	0.079006772009	0.079006772009	0.142212189616
MH0348.snv.bam	0.0609480812641	0.058690744921	0.155756207675	0.146726862302	0.0564334085779	0.205417607223	0.198645598194	0.180586907449	0.144469525959	0.151241534989	0.148984198646	0.151241534989	0.148984198646	0.142212189616	0.148984198646	0.142212189616	0.153498871332	0.146726862302	0.218961625282	0.128668171558	0.133182844244	0.0406320541761	0.160270880361	0.135440180587	0.0	0.207674943567	0.216704288939	0.20316027088	0.182844243792	0.218961625282	0.160270880361	0.133182844244	0.0519187358916	0.139954853273	0.146726862302	0.176072234763	0.198645598194	0.255079006772	0.185101580135	0.182844243792	0.182844243792	0.038374717833	0.146726862302	0.178329571106	0.153498871332	0.139954853273	0.160270880361	0.160270880361	0.243792325056	0.189616252822	0.180586907449	0.146726862302	0.243792325056	0.17381489842	0.133182844244	0.160270880361	0.0428893905192	0.0474040632054	0.162528216704	0.162528216704	0.162528216704
MH0350.snv.bam	0.234762979684	0.225733634312	0.200902934537	0.10835214447	0.230248306998	0.124153498871	0.115124153499	0.176072234763	0.185101580135	0.207674943567	0.20993227991	0.20993227991	0.20993227991	0.207674943567	0.212189616253	0.200902934537	0.214446952596	0.207674943567	0.106094808126	0.212189616253	0.196388261851	0.207674943567	0.20993227991	0.200902934537	0.207674943567	0.0	0.0993227990971	0.0722347629797	0.200902934537	0.0993227990971	0.232505643341	0.189616252822	0.218961625282	0.200902934537	0.191873589165	0.230248306998	0.223476297968	0.144469525959	0.225733634312	0.225733634312	0.225733634312	0.216704288939	0.200902934537	0.0993227990971	0.207674943567	0.20316027088	0.207674943567	0.191873589165	0.126410835214	0.225733634312	0.153498871332	0.133182844244	0.121896162528	0.207674943567	0.187358916479	0.198645598194	0.223476297968	0.230248306998	0.218961625282	0.214446952596	0.214446952596
MH0354.snv.bam	0.2460496614	0.230248306998	0.216704288939	0.115124153499	0.250564334086	0.0993227990971	0.0812641083521	0.196388261851	0.207674943567	0.212189616253	0.223476297968	0.223476297968	0.223476297968	0.216704288939	0.225733634312	0.221218961625	0.227990970655	0.221218961625	0.0609480812641	0.216704288939	0.207674943567	0.225733634312	0.214446952596	0.225733634312	0.216704288939	0.0993227990971	0.0	0.0564334085779	0.225733634312	0.0812641083521	0.250564334086	0.212189616253	0.225733634312	0.214446952596	0.200902934537	0.2460496614	0.2460496614	0.0925507900677	0.248306997743	0.248306997743	0.248306997743	0.232505643341	0.221218961625	0.097065462754	0.20993227991	0.223476297968	0.225733634312	0.20316027088	0.0925507900677	0.230248306998	0.146726862302	0.128668171558	0.10158013544	0.230248306998	0.198645598194	0.225733634312	0.232505643341	0.2460496614	0.230248306998	0.227990970655	0.223476297968
MH0428.snv.bam	0.23927765237	0.230248306998	0.218961625282	0.130925507901	0.243792325056	0.119638826185	0.117381489842	0.194130925508	0.20316027088	0.225733634312	0.227990970655	0.227990970655	0.227990970655	0.221218961625	0.230248306998	0.221218961625	0.230248306998	0.223476297968	0.0925507900677	0.218961625282	0.216704288939	0.212189616253	0.223476297968	0.218961625282	0.20316027088	0.0722347629797	0.0564334085779	0.0	0.216704288939	0.0902934537246	0.243792325056	0.212189616253	0.218961625282	0.218961625282	0.216704288939	0.241534988713	0.241534988713	0.142212189616	0.237020316027	0.237020316027	0.237020316027	0.221218961625	0.216704288939	0.119638826185	0.221218961625	0.218961625282	0.218961625282	0.207674943567	0.119638826185	0.241534988713	0.153498871332	0.13769751693	0.10835214447	0.225733634312	0.194130925508	0.214446952596	0.227990970655	0.234762979684	0.230248306998	0.237020316027	0.227990970655
MH0450.snv.bam	0.194130925508	0.187358916479	0.180586907449	0.153498871332	0.198645598194	0.212189616253	0.20993227991	0.133182844244	0.182844243792	0.191873589165	0.191873589165	0.194130925508	0.191873589165	0.185101580135	0.194130925508	0.187358916479	0.196388261851	0.194130925508	0.223476297968	0.178329571106	0.171557562077	0.182844243792	0.189616252822	0.187358916479	0.182844243792	0.200902934537	0.225733634312	0.216704288939	0.0	0.227990970655	0.17381489842	0.182844243792	0.185101580135	0.187358916479	0.189616252822	0.167042889391	0.176072234763	0.250564334086	0.187358916479	0.185101580135	0.187358916479	0.185101580135	0.196388261851	0.212189616253	0.180586907449	0.178329571106	0.200902934537	0.207674943567	0.234762979684	0.200902934537	0.171557562077	0.158013544018	0.23927765237	0.171557562077	0.169300225734	0.185101580135	0.189616252822	0.194130925508	0.205417607223	0.196388261851	0.169300225734
MMRS20257302ST-27-0-0.snv.bam	0.234762979684	0.216704288939	0.230248306998	0.110609480813	0.227990970655	0.10835214447	0.10835214447	0.20316027088	0.20993227991	0.225733634312	0.234762979684	0.234762979684	0.234762979684	0.227990970655	0.237020316027	0.227990970655	0.23927765237	0.234762979684	0.0496613995485	0.221218961625	0.216704288939	0.207674943567	0.227990970655	0.218961625282	0.218961625282	0.0993227990971	0.0812641083521	0.0902934537246	0.227990970655	0.0	0.250564334086	0.227990970655	0.212189616253	0.234762979684	0.225733634312	0.241534988713	0.2460496614	0.10835214447	0.255079006772	0.255079006772	0.255079006772	0.216704288939	0.227990970655	0.0812641083521	0.225733634312	0.230248306998	0.225733634312	0.225733634312	0.0857787810384	0.223476297968	0.162528216704	0.144469525959	0.0722347629797	0.234762979684	0.205417607223	0.216704288939	0.214446952596	0.230248306998	0.237020316027	0.243792325056	0.227990970655
MMRS64281551ST-27-0-0.snv.bam	0.171557562077	0.158013544018	0.117381489842	0.155756207675	0.171557562077	0.218961625282	0.223476297968	0.167042889391	0.142212189616	0.162528216704	0.128668171558	0.128668171558	0.128668171558	0.126410835214	0.128668171558	0.121896162528	0.130925507901	0.128668171558	0.250564334086	0.0993227990971	0.121896162528	0.158013544018	0.164785553047	0.119638826185	0.160270880361	0.232505643341	0.250564334086	0.243792325056	0.17381489842	0.250564334086	0.0	0.133182844244	0.160270880361	0.133182844244	0.142212189616	0.17381489842	0.182844243792	0.282167042889	0.164785553047	0.162528216704	0.164785553047	0.167042889391	0.148984198646	0.20993227991	0.158013544018	0.117381489842	0.142212189616	0.169300225734	0.273137697517	0.176072234763	0.180586907449	0.151241534989	0.268623024831	0.160270880361	0.151241534989	0.121896162528	0.164785553047	0.171557562077	0.167042889391	0.142212189616	0.146726862302
NG-5636_395.snv.bam	0.148984198646	0.13769751693	0.10158013544	0.128668171558	0.139954853273	0.194130925508	0.189616252822	0.153498871332	0.0993227990971	0.106094808126	0.115124153499	0.117381489842	0.115124153499	0.112866817156	0.115124153499	0.106094808126	0.119638826185	0.112866817156	0.221218961625	0.0902934537246	0.0857787810384	0.135440180587	0.10158013544	0.124153498871	0.133182844244	0.189616252822	0.212189616253	0.212189616253	0.182844243792	0.227990970655	0.133182844244	0.0	0.133182844244	0.0654627539503	0.121896162528	0.158013544018	0.178329571106	0.252821670429	0.146726862302	0.144469525959	0.146726862302	0.142212189616	0.110609480813	0.185101580135	0.0948081264108	0.0993227990971	0.10835214447	0.112866817156	0.255079006772	0.176072234763	0.164785553047	0.115124153499	0.234762979684	0.139954853273	0.10158013544	0.130925507901	0.144469525959	0.148984198646	0.10835214447	0.135440180587	0.146726862302
NG-5636_457.snv.bam	0.0496613995485	0.0406320541761	0.155756207675	0.135440180587	0.0406320541761	0.198645598194	0.205417607223	0.178329571106	0.142212189616	0.151241534989	0.151241534989	0.153498871332	0.151241534989	0.144469525959	0.151241534989	0.142212189616	0.155756207675	0.151241534989	0.20993227991	0.133182844244	0.130925507901	0.020316027088	0.158013544018	0.133182844244	0.0519187358916	0.218961625282	0.225733634312	0.218961625282	0.185101580135	0.212189616253	0.160270880361	0.133182844244	0.0	0.148984198646	0.151241534989	0.167042889391	0.189616252822	0.248306997743	0.176072234763	0.17381489842	0.17381489842	0.020316027088	0.148984198646	0.176072234763	0.151241534989	0.146726862302	0.155756207675	0.17381489842	0.243792325056	0.164785553047	0.171557562077	0.153498871332	0.234762979684	0.169300225734	0.130925507901	0.155756207675	0.0248306997743	0.0406320541761	0.162528216704	0.160270880361	0.155756207675
NG-5636_479.snv.bam	0.162528216704	0.151241534989	0.0812641083521	0.133182844244	0.153498871332	0.185101580135	0.196388261851	0.158013544018	0.0880361173815	0.121896162528	0.0993227990971	0.10158013544	0.0993227990971	0.097065462754	0.0993227990971	0.0925507900677	0.103837471783	0.0993227990971	0.225733634312	0.0880361173815	0.0722347629797	0.148984198646	0.106094808126	0.106094808126	0.139954853273	0.200902934537	0.214446952596	0.218961625282	0.187358916479	0.234762979684	0.133182844244	0.0654627539503	0.148984198646	0.0	0.0925507900677	0.169300225734	0.189616252822	0.252821670429	0.167042889391	0.164785553047	0.167042889391	0.158013544018	0.112866817156	0.196388261851	0.10158013544	0.0880361173815	0.106094808126	0.115124153499	0.257336343115	0.178329571106	0.167042889391	0.135440180587	0.243792325056	0.144469525959	0.103837471783	0.106094808126	0.158013544018	0.167042889391	0.106094808126	0.121896162528	0.162528216704
NG-5636_59.snv.bam	0.167042889391	0.155756207675	0.079006772009	0.124153498871	0.167042889391	0.187358916479	0.180586907449	0.160270880361	0.0925507900677	0.0902934537246	0.0699774266366	0.0722347629797	0.0699774266366	0.0677200902935	0.0699774266366	0.0677200902935	0.0722347629797	0.0699774266366	0.205417607223	0.103837471783	0.0564334085779	0.151241534989	0.0767494356659	0.0857787810384	0.146726862302	0.191873589165	0.200902934537	0.216704288939	0.189616252822	0.225733634312	0.142212189616	0.121896162528	0.151241534989	0.0925507900677	0.0	0.155756207675	0.17381489842	0.23927765237	0.169300225734	0.167042889391	0.169300225734	0.160270880361	0.0925507900677	0.17381489842	0.0722347629797	0.0767494356659	0.0948081264108	0.0993227990971	0.241534988713	0.160270880361	0.162528216704	0.130925507901	0.232505643341	0.130925507901	0.097065462754	0.112866817156	0.158013544018	0.167042889391	0.110609480813	0.097065462754	0.148984198646
O2.UC12-1.snv.bam	0.180586907449	0.167042889391	0.146726862302	0.106094808126	0.176072234763	0.205417607223	0.189616252822	0.187358916479	0.158013544018	0.182844243792	0.171557562077	0.17381489842	0.171557562077	0.162528216704	0.17381489842	0.167042889391	0.17381489842	0.169300225734	0.234762979684	0.142212189616	0.160270880361	0.169300225734	0.167042889391	0.142212189616	0.176072234763	0.230248306998	0.2460496614	0.241534988713	0.167042889391	0.241534988713	0.17381489842	0.158013544018	0.167042889391	0.169300225734	0.155756207675	0.0	0.097065462754	0.266365688488	0.0902934537246	0.0880361173815	0.0902934537246	0.178329571106	0.164785553047	0.194130925508	0.162528216704	0.142212189616	0.182844243792	0.171557562077	0.270880361174	0.0902934537246	0.171557562077	0.0857787810384	0.250564334086	0.0812641083521	0.148984198646	0.151241534989	0.169300225734	0.182844243792	0.176072234763	0.182844243792	0.0722347629797
O2.UC17-1.snv.bam	0.205417607223	0.189616252822	0.178329571106	0.117381489842	0.205417607223	0.212189616253	0.216704288939	0.20316027088	0.194130925508	0.20316027088	0.20316027088	0.205417607223	0.20316027088	0.194130925508	0.205417607223	0.200902934537	0.205417607223	0.20316027088	0.234762979684	0.180586907449	0.176072234763	0.194130925508	0.187358916479	0.182844243792	0.198645598194	0.223476297968	0.2460496614	0.241534988713	0.176072234763	0.2460496614	0.182844243792	0.178329571106	0.189616252822	0.189616252822	0.17381489842	0.097065462754	0.0	0.277652370203	0.110609480813	0.110609480813	0.110609480813	0.198645598194	0.20316027088	0.218961625282	0.182844243792	0.182844243792	0.212189616253	0.196388261851	0.268623024831	0.106094808126	0.191873589165	0.119638826185	0.252821670429	0.0519187358916	0.189616252822	0.187358916479	0.196388261851	0.20993227991	0.205417607223	0.20993227991	0.0857787810384
O2.UC24-1.snv.bam	0.264108352144	0.2460496614	0.257336343115	0.0857787810384	0.268623024831	0.146726862302	0.0948081264108	0.185101580135	0.2460496614	0.255079006772	0.259593679458	0.259593679458	0.259593679458	0.250564334086	0.261851015801	0.255079006772	0.264108352144	0.257336343115	0.0993227990971	0.241534988713	0.243792325056	0.241534988713	0.255079006772	0.264108352144	0.255079006772	0.144469525959	0.0925507900677	0.142212189616	0.250564334086	0.10835214447	0.282167042889	0.252821670429	0.248306997743	0.252821670429	0.23927765237	0.266365688488	0.277652370203	0.0	0.282167042889	0.282167042889	0.279909706546	0.255079006772	0.261851015801	0.112866817156	0.250564334086	0.257336343115	0.268623024831	0.248306997743	0.110609480813	0.252821670429	0.180586907449	0.106094808126	0.106094808126	0.259593679458	0.23927765237	0.255079006772	0.252821670429	0.268623024831	0.264108352144	0.268623024831	0.257336343115
O2.UC50-0.snv.bam	0.187358916479	0.176072234763	0.142212189616	0.126410835214	0.187358916479	0.221218961625	0.216704288939	0.182844243792	0.155756207675	0.194130925508	0.164785553047	0.167042889391	0.164785553047	0.160270880361	0.167042889391	0.162528216704	0.167042889391	0.167042889391	0.2460496614	0.155756207675	0.158013544018	0.176072234763	0.17381489842	0.148984198646	0.185101580135	0.225733634312	0.248306997743	0.237020316027	0.187358916479	0.255079006772	0.164785553047	0.146726862302	0.176072234763	0.167042889391	0.169300225734	0.0902934537246	0.110609480813	0.282167042889	0.0	0.0	0.0	0.185101580135	0.171557562077	0.214446952596	0.169300225734	0.13769751693	0.176072234763	0.191873589165	0.279909706546	0.103837471783	0.187358916479	0.10835214447	0.266365688488	0.10835214447	0.162528216704	0.158013544018	0.182844243792	0.191873589165	0.17381489842	0.187358916479	0.0767494356659
O2.UC50-2.snv.bam	0.185101580135	0.17381489842	0.139954853273	0.126410835214	0.185101580135	0.221218961625	0.216704288939	0.182844243792	0.153498871332	0.191873589165	0.162528216704	0.164785553047	0.162528216704	0.158013544018	0.164785553047	0.160270880361	0.164785553047	0.164785553047	0.2460496614	0.153498871332	0.155756207675	0.17381489842	0.171557562077	0.146726862302	0.182844243792	0.225733634312	0.248306997743	0.237020316027	0.185101580135	0.255079006772	0.162528216704	0.144469525959	0.17381489842	0.164785553047	0.167042889391	0.0880361173815	0.110609480813	0.282167042889	0.0	0.0	0.0	0.182844243792	0.169300225734	0.214446952596	0.167042889391	0.135440180587	0.17381489842	0.189616252822	0.279909706546	0.103837471783	0.187358916479	0.106094808126	0.266365688488	0.10835214447	0.160270880361	0.155756207675	0.180586907449	0.189616252822	0.171557562077	0.185101580135	0.0767494356659
O2.UC53-0.snv.bam	0.185101580135	0.17381489842	0.142212189616	0.126410835214	0.185101580135	0.221218961625	0.214446952596	0.182844243792	0.155756207675	0.194130925508	0.164785553047	0.167042889391	0.164785553047	0.160270880361	0.167042889391	0.162528216704	0.167042889391	0.167042889391	0.2460496614	0.153498871332	0.158013544018	0.17381489842	0.17381489842	0.148984198646	0.182844243792	0.225733634312	0.248306997743	0.237020316027	0.187358916479	0.255079006772	0.164785553047	0.146726862302	0.17381489842	0.167042889391	0.169300225734	0.0902934537246	0.110609480813	0.279909706546	0.0	0.0	0.0	0.182844243792	0.171557562077	0.214446952596	0.169300225734	0.13769751693	0.176072234763	0.191873589165	0.277652370203	0.103837471783	0.187358916479	0.106094808126	0.266365688488	0.10835214447	0.162528216704	0.158013544018	0.180586907449	0.189616252822	0.17381489842	0.187358916479	0.0767494356659
SAMEA3136637.snv.bam	0.038374717833	0.0428893905192	0.167042889391	0.144469525959	0.0293453724605	0.20993227991	0.214446952596	0.182844243792	0.151241534989	0.162528216704	0.162528216704	0.164785553047	0.162528216704	0.155756207675	0.162528216704	0.153498871332	0.167042889391	0.162528216704	0.214446952596	0.144469525959	0.139954853273	0.0248306997743	0.167042889391	0.142212189616	0.038374717833	0.216704288939	0.232505643341	0.221218961625	0.185101580135	0.216704288939	0.167042889391	0.142212189616	0.020316027088	0.158013544018	0.160270880361	0.178329571106	0.198645598194	0.255079006772	0.185101580135	0.182844243792	0.182844243792	0.0	0.158013544018	0.178329571106	0.160270880361	0.155756207675	0.164785553047	0.182844243792	0.241534988713	0.17381489842	0.178329571106	0.162528216704	0.241534988713	0.178329571106	0.139954853273	0.164785553047	0.0225733634312	0.0316027088036	0.17381489842	0.17381489842	0.162528216704
