	764487809-stool1.snv.bam	M1.3-V1.metaG.snv.bam	M1.3-V2.metaG.snv.bam	M1.3-V2.metaT.snv.bam	MH0161.snv.bam	MH0260.snv.bam	MH0265.snv.bam	MH0288.snv.bam	MH0303.snv.bam	MH0345.snv.bam	MH0364.snv.bam	MH0421.snv.bam	MH0439.snv.bam	MH0447.snv.bam	NG-5636_198.snv.bam	SAMEA3178937.snv.bam	V1.UC10-2.snv.bam	V1.UC43-0.snv.bam	halbarad-11-0-0.snv.bam	halbarad-11-7-0.snv.bam
764487809-stool1.snv.bam	0.0	0.136099770262	0.135158210622	0.130704305547	0.135174666092	0.146633364328	0.117138141301	0.190299426562	0.106905593231	0.120297707251	0.130304078111	0.147708255318	0.139634626734	0.167679261472	0.114403860192	0.14127149178	0.109999484507	0.108463021245	0.146062000326	0.13819488631
M1.3-V1.metaG.snv.bam	0.136099770262	0.0	0.0023751150749	0.00182288913188	0.13554282386	0.153983672686	0.159567823638	0.166998290797	0.113875188124	0.113932484873	0.111580620678	0.145561392209	0.108182618459	0.154273532155	0.117475433313	0.124349957517	0.122282606331	0.106883379713	0.152536055455	0.145590706178
M1.3-V2.metaG.snv.bam	0.135158210622	0.0023751150749	0.0	0.00299457817863	0.128462068831	0.149471131313	0.15537543556	0.161762565973	0.108001903209	0.111654011609	0.105970894347	0.14323883928	0.105859100567	0.149110851536	0.111779344371	0.116934602722	0.116664366345	0.104942214976	0.14487535014	0.137692504041
M1.3-V2.metaT.snv.bam	0.130704305547	0.00182288913188	0.00299457817863	0.0	0.129181944306	0.144529691981	0.15434593653	0.165430210612	0.111588846091	0.107836227316	0.106293473101	0.147767704935	0.102284586806	0.147676239916	0.112378063487	0.11470217567	0.116649663795	0.100527838085	0.143300660047	0.136092209231
MH0161.snv.bam	0.135174666092	0.13554282386	0.128462068831	0.129181944306	0.0	0.108069113905	0.112444379956	0.121258998427	0.119433398332	0.0961499620561	0.0986597206676	0.122061904579	0.0851837769608	0.12685667145	0.106552222734	0.120974414313	0.07432388644	0.0963163450573	0.122217174559	0.113651819511
MH0260.snv.bam	0.146633364328	0.153983672686	0.149471131313	0.144529691981	0.108069113905	0.0	0.148739420051	0.18141232214	0.140818268707	0.130633128638	0.131853755476	0.137501120895	0.117025795959	0.160710449049	0.127404105808	0.133823767634	0.131760190153	0.152557791755	0.131186332041	0.12275229882
MH0265.snv.bam	0.117138141301	0.159567823638	0.15537543556	0.15434593653	0.112444379956	0.148739420051	0.0	0.150729865321	0.113843185728	0.106854897868	0.126436098669	0.15115839719	0.130251607216	0.15171015812	0.125584043519	0.11823312957	0.0951029990758	0.122515618411	0.149896776413	0.142227078876
MH0288.snv.bam	0.190299426562	0.166998290797	0.161762565973	0.165430210612	0.121258998427	0.18141232214	0.150729865321	0.0	0.146774746889	0.148914446642	0.16014386385	0.152322799211	0.16076712205	0.166043417402	0.157473992315	0.155784059306	0.128850726264	0.147627838121	0.18567117612	0.181057739915
MH0303.snv.bam	0.106905593231	0.113875188124	0.108001903209	0.111588846091	0.119433398332	0.140818268707	0.113843185728	0.146774746889	0.0	0.109486890442	0.0893271067734	0.102749865111	0.110733717611	0.128176370688	0.114974117413	0.126638811197	0.0838100534012	0.103740056921	0.106361760999	0.102540041095
MH0345.snv.bam	0.120297707251	0.113932484873	0.111654011609	0.107836227316	0.0961499620561	0.130633128638	0.106854897868	0.148914446642	0.109486890442	0.0	0.0649029995127	0.112096886519	0.100264894589	0.102141592894	0.0943295830302	0.0978430198023	0.0789381445021	0.0963279673018	0.119925365769	0.111902765169
MH0364.snv.bam	0.130304078111	0.111580620678	0.105970894347	0.106293473101	0.0986597206676	0.131853755476	0.126436098669	0.16014386385	0.0893271067734	0.0649029995127	0.0	0.114863872312	0.0864393189156	0.0998614068649	0.0876909428429	0.0901303168874	0.09078012596	0.0869671140746	0.12425071645	0.120367437468
MH0421.snv.bam	0.147708255318	0.145561392209	0.14323883928	0.147767704935	0.122061904579	0.137501120895	0.15115839719	0.152322799211	0.102749865111	0.112096886519	0.114863872312	0.0	0.125994809864	0.151742878601	0.150017610653	0.153781551555	0.0959998501993	0.140764832904	0.099078414785	0.100738077991
MH0439.snv.bam	0.139634626734	0.108182618459	0.105859100567	0.102284586806	0.0851837769608	0.117025795959	0.130251607216	0.16076712205	0.110733717611	0.100264894589	0.0864393189156	0.125994809864	0.0	0.0974164471502	0.10925716531	0.126079355148	0.100997263777	0.0957720770145	0.087495014625	0.0826292591627
MH0447.snv.bam	0.167679261472	0.154273532155	0.149110851536	0.147676239916	0.12685667145	0.160710449049	0.15171015812	0.166043417402	0.128176370688	0.102141592894	0.0998614068649	0.151742878601	0.0974164471502	0.0	0.122576736917	0.138729490377	0.117656093279	0.115393903937	0.135087012194	0.133129206272
NG-5636_198.snv.bam	0.114403860192	0.117475433313	0.111779344371	0.112378063487	0.106552222734	0.127404105808	0.125584043519	0.157473992315	0.114974117413	0.0943295830302	0.0876909428429	0.150017610653	0.10925716531	0.122576736917	0.0	0.0418808078446	0.110923246433	0.115361450915	0.138780009045	0.134989731623
SAMEA3178937.snv.bam	0.14127149178	0.124349957517	0.116934602722	0.11470217567	0.120974414313	0.133823767634	0.11823312957	0.155784059306	0.126638811197	0.0978430198023	0.0901303168874	0.153781551555	0.126079355148	0.138729490377	0.0418808078446	0.0	0.115006708248	0.125781538611	0.151323186948	0.148358431776
V1.UC10-2.snv.bam	0.109999484507	0.122282606331	0.116664366345	0.116649663795	0.07432388644	0.131760190153	0.0951029990758	0.128850726264	0.0838100534012	0.0789381445021	0.09078012596	0.0959998501993	0.100997263777	0.117656093279	0.110923246433	0.115006708248	0.0	0.0874453498178	0.113476204886	0.105151947669
V1.UC43-0.snv.bam	0.108463021245	0.106883379713	0.104942214976	0.100527838085	0.0963163450573	0.152557791755	0.122515618411	0.147627838121	0.103740056921	0.0963279673018	0.0869671140746	0.140764832904	0.0957720770145	0.115393903937	0.115361450915	0.125781538611	0.0874453498178	0.0	0.1235357863	0.115817709651
halbarad-11-0-0.snv.bam	0.146062000326	0.152536055455	0.14487535014	0.143300660047	0.122217174559	0.131186332041	0.149896776413	0.18567117612	0.106361760999	0.119925365769	0.12425071645	0.099078414785	0.087495014625	0.135087012194	0.138780009045	0.151323186948	0.113476204886	0.1235357863	0.0	0.00303405318649
halbarad-11-7-0.snv.bam	0.13819488631	0.145590706178	0.137692504041	0.136092209231	0.113651819511	0.12275229882	0.142227078876	0.181057739915	0.102540041095	0.111902765169	0.120367437468	0.100738077991	0.0826292591627	0.133129206272	0.134989731623	0.148358431776	0.105151947669	0.115817709651	0.00303405318649	0.0
