	161412393-stool2.snv.bam	CCIS25399172ST-4-0.snv.bam	CCIS31434951ST-20-0.snv.bam	CCIS35100175ST-4-0.snv.bam	CCIS41806458ST-4-0.snv.bam	CCIS44757994ST-4-0.snv.bam	CCIS48579360ST-4-0.snv.bam	CCIS55230578ST-4-0.snv.bam	CCIS74726977ST-3-0.snv.bam	CCIS90164298ST-4-0.snv.bam	M1.1-V1.metaG.snv.bam	M1.1-V2.metaG.snv.bam	M1.1-V3.metaG.snv.bam	MH0189.snv.bam	MH0200.snv.bam	MH0252.snv.bam	MH0257.snv.bam	MH0259.snv.bam	MH0260.snv.bam	MH0272.snv.bam	MH0276.snv.bam	MH0288.snv.bam	MH0308.snv.bam	MH0330.snv.bam	MH0357.snv.bam	MH0366.snv.bam	MH0392.snv.bam	MH0403.snv.bam	MH0413.snv.bam	MH0417.snv.bam	MH0421.snv.bam	MH0430.snv.bam	MH0436.snv.bam	MH0438.snv.bam	MH0442.snv.bam	MH0448.snv.bam	MMRS65205033ST-27-0-0.snv.bam	MMRS77018926ST-27-0-0.snv.bam	MMRS86168210ST-27-0-0.snv.bam	NG-5636_378.snv.bam	NG-5636_476.snv.bam	SAMEA3136632.snv.bam	SAMEA3136642.snv.bam	SAMEA3136648.snv.bam	SAMEA3136659.snv.bam	SAMEA3136671.snv.bam	SAMEA3136738.snv.bam	SZEY-101A.snv.bam	SZEY-97A.snv.bam	T2D-15A.snv.bam	V1.CD34-0.snv.bam	V1.CD6-0-PN.snv.bam	V1.FI14.snv.bam
161412393-stool2.snv.bam	0.0	0.089073100634	0.0833676092967	0.138709887936	0.0878619497381	0.102567923337	0.0876998609449	0.0947563017563	0.105760847011	0.10964940868	0.117677242757	0.119251393279	0.118973418004	0.111727371546	0.0946079399095	0.111590210704	0.11405419457	0.102722061831	0.100071432752	0.0995295602769	0.10984960779	0.130363367648	0.115658549848	0.0895853754741	0.0867139456698	0.129714531277	0.122464445542	0.104722985817	0.119069939096	0.114038825298	0.12104654168	0.107347891873	0.0926268925605	0.0981162095345	0.0994184556161	0.100375435977	0.0975848182249	0.0810223089151	0.111174944528	0.102025327609	0.100559804494	0.116695351757	0.125743249131	0.0963611208212	0.153183879677	0.104274722674	0.114108304807	0.0988585339117	0.0732139103377	0.102062763133	0.105126363299	0.0929859146556	0.127791733028
CCIS25399172ST-4-0.snv.bam	0.089073100634	0.0	0.0730039548992	0.113705748117	0.0624629590422	0.0814792415961	0.0473958882061	0.0479141866531	0.0773650612172	0.086402576854	0.0871468268806	0.0887833463802	0.0883896286579	0.0831285567607	0.089803811676	0.0888661618751	0.0826727460799	0.0617175860723	0.0698743132499	0.0682521308825	0.0839311996527	0.101894415245	0.0798753702594	0.0557422046146	0.0683806922346	0.108630653063	0.0850483540479	0.0923975063485	0.0951316135631	0.0903950573474	0.0970332693741	0.0815140593448	0.0767974986504	0.0730338086967	0.100689024524	0.0772467606526	0.0647120629508	0.0667122105297	0.0870153585608	0.0690314411123	0.0639883489055	0.0817067065456	0.11148314186	0.0628513805578	0.137639814317	0.0922596647621	0.0963645459358	0.0737872088678	0.0665736698439	0.0593007042585	0.0757753610446	0.0716226714795	0.0937960725851
CCIS31434951ST-20-0.snv.bam	0.0833676092967	0.0730039548992	0.0	0.103621105647	0.0691895596136	0.0744452757036	0.0561358947137	0.0700554376539	0.0944320672628	0.0850305732509	0.0921505956033	0.0937262254248	0.0933204841892	0.0964130736229	0.0826171882299	0.0904563042876	0.0965291567695	0.0817700235398	0.0777824548584	0.0714553464182	0.0894040090463	0.10261244491	0.0988493196469	0.0653568518856	0.0741306378232	0.107001869865	0.103365883015	0.0910815922896	0.0957260774819	0.0911438028651	0.0975188548007	0.0866694303514	0.0778630616811	0.0676526087511	0.097620885205	0.0804927953476	0.0536525579786	0.0752769173576	0.081393016056	0.0770360932054	0.0763008020738	0.0849126350663	0.112403974243	0.0826742930876	0.1561924171	0.0934269951416	0.0928957483612	0.0706814679806	0.0702082186034	0.0903986353315	0.0912048904928	0.0636855028334	0.101155887943
CCIS35100175ST-4-0.snv.bam	0.138709887936	0.113705748117	0.103621105647	0.0	0.12487591503	0.135089434845	0.103178561134	0.109484617495	0.0833379552423	0.0766753356141	0.0669212429544	0.0669212429544	0.0665798080414	0.133046191908	0.115825044465	0.109931332814	0.0838004596955	0.126518821504	0.123536301744	0.114095304001	0.122526393803	0.0966250387489	0.113888902568	0.120460717669	0.117881618622	0.0912810528551	0.149238872024	0.129109820676	0.139957397294	0.139756139651	0.141849016681	0.129997364314	0.131959748396	0.109245321271	0.128964850854	0.111755678298	0.109143985778	0.0921084369534	0.132218259023	0.124556635775	0.107445721267	0.135597582645	0.0538616627986	0.122972319132	0.162512792129	0.140852995114	0.138168571773	0.133541606751	0.11841371834	0.12003485889	0.0714379542291	0.11886482419	0.134614386217
CCIS41806458ST-4-0.snv.bam	0.0878619497381	0.0624629590422	0.0691895596136	0.12487591503	0.0	0.0653426887885	0.0634675941637	0.0700929630591	0.092748504906	0.083238322104	0.105782027016	0.107308343986	0.106840769502	0.0983259200151	0.0926753639903	0.097026746479	0.0927740346588	0.0726401128912	0.0780110830759	0.0759860860365	0.0962313243114	0.114373653023	0.109298444666	0.063794324483	0.0609242546198	0.113367901858	0.0928065025045	0.0800253281768	0.100501255619	0.0958561662035	0.102393165574	0.0850281560843	0.0889984462274	0.0830774300519	0.0863639921999	0.082919816908	0.062058774401	0.063301270094	0.0971298351418	0.088290164129	0.0806546747839	0.0982459277694	0.124240642308	0.0788350109398	0.106231762485	0.0976377573599	0.102030635956	0.0644153425239	0.0680690243936	0.086144789901	0.0871987911618	0.068607582981	0.0990926741007
CCIS44757994ST-4-0.snv.bam	0.102567923337	0.0814792415961	0.0744452757036	0.135089434845	0.0653426887885	0.0	0.0736989925346	0.0845264609184	0.099967197471	0.103345648604	0.110483311782	0.114121510673	0.113631718782	0.108770322067	0.0957747786731	0.103112552501	0.104215446633	0.0854005500711	0.0965472411049	0.0875323631794	0.105670964145	0.116845971818	0.102730801036	0.079931729425	0.0772145094838	0.122776882713	0.108450286595	0.104963284162	0.107314685056	0.107183097617	0.109322331668	0.103077960822	0.102441102904	0.101145266983	0.091444847221	0.0965026755794	0.0786141962613	0.078617649319	0.10859463604	0.097986462284	0.0923707117256	0.0965822931266	0.135489977265	0.0884824062368	0.173581158627	0.101075836756	0.0982532751092	0.0887848276527	0.0783522518011	0.0982466397404	0.0923816002808	0.0808818185832	0.113008719365
CCIS48579360ST-4-0.snv.bam	0.0876998609449	0.0473958882061	0.0561358947137	0.103178561134	0.0634675941637	0.0736989925346	0.0	0.04302295253	0.0807253981888	0.0787334352701	0.0839140250431	0.0854182557844	0.0852232369356	0.0727605921112	0.0760439190908	0.0718688040388	0.0880741101908	0.0577721692079	0.0702844545079	0.0549902883358	0.0802928890828	0.0958897717402	0.0855453490878	0.0600133626998	0.0645365891299	0.0938359219655	0.0770181072317	0.0768064800227	0.0827938793663	0.0778420119686	0.0845224275032	0.0662967831848	0.079889090405	0.0574866954506	0.0814172726457	0.0686300142097	0.0495596141093	0.0622009472009	0.0725206699165	0.0787418300654	0.0533816425121	0.0762163137498	0.107412766539	0.0598335953878	0.118339148283	0.0879565303914	0.0844832041344	0.0535624239358	0.0537521731794	0.0649805718344	0.0757428697326	0.0553130237787	0.101296595113
CCIS55230578ST-4-0.snv.bam	0.0947563017563	0.0479141866531	0.0700554376539	0.109484617495	0.0700929630591	0.0845264609184	0.04302295253	0.0	0.0799355742776	0.076062639821	0.0878447395301	0.089485458613	0.0890868596882	0.0805042915081	0.0747244094031	0.0844706187997	0.0812785606547	0.0654888409816	0.0592221201584	0.0645589176404	0.0870471971929	0.0946784476519	0.0938126594465	0.0541028556304	0.0670864077985	0.0945167829819	0.0970317981191	0.0818964539686	0.0912817209688	0.086793524327	0.0931817034905	0.0824036785332	0.0842309251164	0.0760636531136	0.0950615096372	0.0690847348989	0.0633593133593	0.0694559907847	0.0767373772453	0.0812356321839	0.0647321428571	0.0758462531061	0.106236512013	0.0506704980843	0.102185653749	0.0908004649046	0.0861678004535	0.0721709015762	0.0648324863778	0.0676425197478	0.0774844223201	0.0651876838818	0.105117198347
CCIS74726977ST-3-0.snv.bam	0.105760847011	0.0773650612172	0.0944320672628	0.0833379552423	0.092748504906	0.099967197471	0.0807253981888	0.0799355742776	0.0	0.0753302834337	0.0612422613186	0.0611967927829	0.0610628829518	0.107686891022	0.0883718261385	0.0862470770224	0.0566348703252	0.0959966890724	0.0955138837062	0.084287664727	0.106173688236	0.0686133037843	0.100141855875	0.0822301538731	0.0891642883518	0.0875784806734	0.119657450159	0.100123435495	0.100859717608	0.10183403668	0.102670903061	0.0928186230964	0.105708768563	0.0886575974509	0.102145661775	0.0917812755037	0.0941399953828	0.07717731288	0.109165809131	0.0945119137876	0.0939016145359	0.104938922236	0.0701221005119	0.0797555091668	0.0963160220538	0.107088312085	0.103912852374	0.0950606573037	0.089913023789	0.0945876110255	0.0344512496087	0.0856722297642	0.117128269351
CCIS90164298ST-4-0.snv.bam	0.10964940868	0.086402576854	0.0850305732509	0.0766753356141	0.083238322104	0.103345648604	0.0787334352701	0.076062639821	0.0753302834337	0.0	0.0654150197628	0.0649350649351	0.0646551724138	0.115060888059	0.0987824694618	0.0873936981991	0.0501909633391	0.0947714183723	0.097079793162	0.0880122851061	0.112548622581	0.0740502855265	0.110337627015	0.0785731537952	0.0910378323802	0.067134383698	0.113341257698	0.103327922083	0.110247735073	0.107745566347	0.112063162211	0.103629645538	0.103031635705	0.097348975403	0.111598796439	0.0884091061505	0.0832704858963	0.0836286819241	0.104866658087	0.105194444444	0.0885529157667	0.110032257855	0.0536118500375	0.0867592592593	0.0983390918202	0.105915918121	0.114035087719	0.0979105051968	0.0811144617809	0.096563148264	0.0536721934141	0.0836366766351	0.118007532112
M1.1-V1.metaG.snv.bam	0.117677242757	0.0871468268806	0.0921505956033	0.0669212429544	0.105782027016	0.110483311782	0.0839140250431	0.0878447395301	0.0612422613186	0.0654150197628	0.0	0.00019719976336	0.000196772924046	0.115931495469	0.101324387747	0.086099526486	0.0703683737224	0.108861806776	0.102157723556	0.0972480722513	0.117217365066	0.070359712276	0.101023446068	0.0942993211671	0.100387908432	0.0853686921369	0.126965684293	0.110471197314	0.115138231575	0.112729908665	0.117031909278	0.0998144859838	0.11231215633	0.0978259696841	0.105665679862	0.101973903092	0.0970231233967	0.0910674181222	0.107718944068	0.107618686869	0.0978110826267	0.102047352241	0.0585403988962	0.089581642316	0.115621359777	0.119051018618	0.114737685222	0.10287087418	0.0978267613535	0.099435710652	0.0694232951159	0.0996191043596	0.129783603079
M1.1-V2.metaG.snv.bam	0.119251393279	0.0887833463802	0.0937262254248	0.0669212429544	0.107308343986	0.114121510673	0.0854182557844	0.089485458613	0.0611967927829	0.0649350649351	0.00019719976336	0.0	0.0	0.117304197956	0.101078454767	0.0871057371029	0.0698625967827	0.110680509281	0.103716961304	0.098788147175	0.118881637392	0.0700001374343	0.102799938573	0.0958724483871	0.101931078568	0.0850804003605	0.128380715698	0.110027628397	0.118924524661	0.114260559106	0.120657509041	0.101465490195	0.113833154589	0.0995181727999	0.107231984212	0.103530612642	0.0985877725484	0.092719591015	0.109233470314	0.109638888889	0.0993520518359	0.1014115682	0.0580761357517	0.0912037037037	0.113840924857	0.120512868012	0.116228070175	0.102230159624	0.0992354813192	0.101017491248	0.0689227380764	0.0995820069312	0.131272275095
M1.1-V3.metaG.snv.bam	0.118973418004	0.0883896286579	0.0933204841892	0.0665798080414	0.106840769502	0.113631718782	0.0852232369356	0.0890868596882	0.0610628829518	0.0646551724138	0.000196772924046	0.0	0.0	0.116799663771	0.100590153054	0.0867302813395	0.0695588463619	0.110179692497	0.10326005839	0.0983641637107	0.118400298303	0.06969970766	0.10228593888	0.095455611655	0.101488861307	0.0847120869391	0.127828540577	0.109545051079	0.118410811812	0.113768056696	0.120137433571	0.101026245649	0.113344600277	0.0990882886842	0.106765758194	0.103083396173	0.0981581961974	0.0923000453543	0.108758542182	0.109153761062	0.0989247311828	0.103122248164	0.0578180195928	0.0908001474926	0.1128679255	0.119990035613	0.115720524017	0.103940997648	0.0990089162934	0.100569520112	0.0686237240283	0.0991303878522	0.130695254106
MH0189.snv.bam	0.111727371546	0.0831285567607	0.0964130736229	0.133046191908	0.0983259200151	0.108770322067	0.0727605921112	0.0805042915081	0.107686891022	0.115060888059	0.115931495469	0.117304197956	0.116799663771	0.0	0.101178670212	0.104500960891	0.114331692	0.0895947961965	0.0918936991734	0.0922043609006	0.0961712626048	0.123944497578	0.113075753817	0.0822320019495	0.0867515224489	0.128303612984	0.114054905504	0.101312558203	0.113532754619	0.111795885799	0.115404768756	0.098220312968	0.102156545852	0.0831443098521	0.110673408374	0.0944191543312	0.0929779235731	0.0855199389127	0.110888234054	0.0987870799942	0.0875292952675	0.105176962341	0.140505040444	0.093466982264	0.160781715407	0.106346189088	0.105607122229	0.0951338189399	0.0837241106682	0.096590243612	0.100302390235	0.0970234381851	0.126665781983
MH0200.snv.bam	0.0946079399095	0.089803811676	0.0826171882299	0.115825044465	0.0926753639903	0.0957747786731	0.0760439190908	0.0747244094031	0.0883718261385	0.0987824694618	0.101324387747	0.101078454767	0.100590153054	0.101178670212	0.0	0.0947642593788	0.0928555621271	0.0769342626817	0.0936062394535	0.0868135305288	0.0926935875015	0.111663533598	0.104049611484	0.0808924546895	0.0880096081938	0.108884046101	0.115376823073	0.0965233173779	0.0993108313885	0.106482316732	0.0988787989774	0.102050757215	0.103620298734	0.0824722718113	0.108069045332	0.079686277455	0.085343180478	0.078127387203	0.102162830949	0.0898194232754	0.0719089041604	0.0960225726157	0.109608856539	0.0856969313572	0.152827022175	0.112453241253	0.105168417286	0.0892914737792	0.0836106075969	0.0846894690167	0.0880654465241	0.0845216295549	0.115924061414
MH0252.snv.bam	0.111590210704	0.0888661618751	0.0904563042876	0.109931332814	0.097026746479	0.103112552501	0.0718688040388	0.0844706187997	0.0862470770224	0.0873936981991	0.086099526486	0.0871057371029	0.0867302813395	0.104500960891	0.0947642593788	0.0	0.0880130827882	0.100129387374	0.100647808154	0.0965951375916	0.113345984861	0.087850443124	0.104744636955	0.0827723668965	0.0883669032354	0.105630657768	0.12088896556	0.107307404155	0.110675493504	0.111473372059	0.112318284076	0.0996922608173	0.106238780441	0.0828549405804	0.102694204064	0.0994600202096	0.0954126187808	0.0862885809742	0.110948702127	0.105558896753	0.0930857974198	0.107359780974	0.105981408316	0.0879273334304	0.131229790091	0.11650404489	0.106759661907	0.0985294161669	0.0891575854107	0.0971772220537	0.0836275960085	0.0963329376184	0.123550533237
MH0257.snv.bam	0.11405419457	0.0826727460799	0.0965291567695	0.0838004596955	0.0927740346588	0.104215446633	0.0880741101908	0.0812785606547	0.0566348703252	0.0501909633391	0.0703683737224	0.0698625967827	0.0695588463619	0.114331692	0.0928555621271	0.0880130827882	0.0	0.0942617332812	0.100416567882	0.0952147953204	0.1070037879	0.0715530694061	0.10945730461	0.0847100237901	0.0859648811872	0.0625313992189	0.121648670407	0.106524689649	0.109232964868	0.10631224347	0.110795552002	0.102533470776	0.114477874191	0.0938148746251	0.110202355541	0.0979757357569	0.0948577131828	0.086740784464	0.114554503004	0.105321031887	0.102347277973	0.115393430126	0.0653984331841	0.0853735548235	0.0934788983183	0.115271837306	0.115119609368	0.0979471680546	0.0947771173166	0.0992179655284	0.049033178011	0.0878538146914	0.111122906918
MH0259.snv.bam	0.102722061831	0.0617175860723	0.0817700235398	0.126518821504	0.0726401128912	0.0854005500711	0.0577721692079	0.0654888409816	0.0959966890724	0.0947714183723	0.108861806776	0.110680509281	0.110179692497	0.0895947961965	0.0769342626817	0.100129387374	0.0942617332812	0.0	0.0861075901768	0.0767477967452	0.0912735675506	0.117141930832	0.0969886158018	0.0735585087736	0.0796798275017	0.112367966606	0.0973228514155	0.0930125418301	0.0870868327868	0.104369157373	0.0865884541206	0.0888503035192	0.0993663905666	0.0799808442918	0.103845168961	0.0825019490226	0.0757799828706	0.0801340768671	0.0982429106498	0.0967198051617	0.0767182707872	0.103516723368	0.114125664086	0.0775657258632	0.113752098798	0.109873754008	0.103301284371	0.0809379093573	0.0743641497385	0.0772541251666	0.0914983144407	0.0622588893829	0.110600385723
MH0260.snv.bam	0.100071432752	0.0698743132499	0.0777824548584	0.123536301744	0.0780110830759	0.0965472411049	0.0702844545079	0.0592221201584	0.0955138837062	0.097079793162	0.102157723556	0.103716961304	0.10326005839	0.0918936991734	0.0936062394535	0.100647808154	0.100416567882	0.0861075901768	0.0	0.0745401765333	0.0928082554254	0.109738191268	0.092363408944	0.067527839587	0.0758165921685	0.117298446762	0.0970547829726	0.0878952621095	0.106893897876	0.0992801250576	0.108136380358	0.0882355188699	0.0705332074396	0.0840895991271	0.104766937067	0.0884042029684	0.0893936690421	0.0729213342682	0.0800920047665	0.0832893827591	0.076997939314	0.0901652734667	0.125109989329	0.0702766663089	0.110891851886	0.111708265898	0.111625175816	0.089731006779	0.0620792217824	0.0773412294884	0.0870709910801	0.057042043553	0.116940774002
MH0272.snv.bam	0.0995295602769	0.0682521308825	0.0714553464182	0.114095304001	0.0759860860365	0.0875323631794	0.0549902883358	0.0645589176404	0.084287664727	0.0880122851061	0.0972480722513	0.098788147175	0.0983641637107	0.0922043609006	0.0868135305288	0.0965951375916	0.0952147953204	0.0767477967452	0.0745401765333	0.0	0.0944787528158	0.102334681901	0.0931602568885	0.0739071843974	0.0715169604195	0.103910475639	0.100547041462	0.0812255602194	0.0992925459853	0.0899337415592	0.10075967764	0.068727194428	0.0895503201389	0.0708734135134	0.0952181058521	0.0755710754715	0.0719555121159	0.0557507771131	0.0804995050291	0.0832257907789	0.0644880731625	0.0984821200297	0.112916290767	0.0793791304334	0.131281919404	0.102187627331	0.0981439235448	0.0808883890132	0.0612139417355	0.0863255171663	0.078295973814	0.0701130888662	0.107170583852
MH0276.snv.bam	0.10984960779	0.0839311996527	0.0894040090463	0.122526393803	0.0962313243114	0.105670964145	0.0802928890828	0.0870471971929	0.106173688236	0.112548622581	0.117217365066	0.118881637392	0.118400298303	0.0961712626048	0.0926935875015	0.113345984861	0.1070037879	0.0912735675506	0.0928082554254	0.0944787528158	0.0	0.129146890821	0.116246431752	0.0773987527486	0.0832705891619	0.128005349473	0.0884313194977	0.0974343808936	0.108521809679	0.0923784475474	0.110225298959	0.0974926837448	0.105996538905	0.0973963629065	0.109218852652	0.0972215270233	0.098389283085	0.0810755017515	0.104686742055	0.104056507864	0.075349246748	0.107766489925	0.131763824395	0.0977991809238	0.20473075042	0.113458131675	0.109550666852	0.100927493065	0.0848138979249	0.0935643393068	0.103045816961	0.0792096836684	0.107079000057
MH0288.snv.bam	0.130363367648	0.101894415245	0.10261244491	0.0966250387489	0.114373653023	0.116845971818	0.0958897717402	0.0946784476519	0.0686133037843	0.0740502855265	0.070359712276	0.0700001374343	0.06969970766	0.123944497578	0.111663533598	0.087850443124	0.0715530694061	0.117141930832	0.109738191268	0.102334681901	0.129146890821	0.0	0.119468873648	0.0997020933295	0.108282103294	0.0811624096204	0.134732873778	0.116007800435	0.124757374639	0.124348996484	0.126352555257	0.115961675404	0.123948731372	0.101234229588	0.124321138186	0.107262039188	0.109763258649	0.10419734612	0.11717337049	0.118653319047	0.102192083114	0.123512650189	0.0942164207666	0.0985477743589	0.119046724082	0.122979358472	0.113948707918	0.117826523697	0.0976794586255	0.112288009278	0.0698434661337	0.101715074043	0.141472938841
MH0308.snv.bam	0.115658549848	0.0798753702594	0.0988493196469	0.113888902568	0.109298444666	0.102730801036	0.0855453490878	0.0938126594465	0.100141855875	0.110337627015	0.101023446068	0.102799938573	0.10228593888	0.113075753817	0.104049611484	0.104744636955	0.10945730461	0.0969886158018	0.092363408944	0.0931602568885	0.116246431752	0.119468873648	0.0	0.0940858982791	0.0884130357472	0.0946208717457	0.127895635351	0.11436736028	0.118759547012	0.108292151205	0.120723572508	0.103448053144	0.0977651926862	0.102619930155	0.117156774887	0.108095303687	0.11183377249	0.094211952362	0.116277002702	0.107652636381	0.105048560281	0.109834958488	0.11381512117	0.0857290130552	0.123795980908	0.122125699369	0.11967952947	0.104563625535	0.0828290558124	0.0859381211045	0.0974349142796	0.0994512398523	0.138826018373
MH0330.snv.bam	0.0895853754741	0.0557422046146	0.0653568518856	0.120460717669	0.063794324483	0.079931729425	0.0600133626998	0.0541028556304	0.0822301538731	0.0785731537952	0.0942993211671	0.0958724483871	0.095455611655	0.0822320019495	0.0808924546895	0.0827723668965	0.0847100237901	0.0735585087736	0.067527839587	0.0739071843974	0.0773987527486	0.0997020933295	0.0940858982791	0.0	0.063774663556	0.0991411744337	0.087110135278	0.0785619108859	0.0967063302527	0.0697974148989	0.098561691488	0.0809051944676	0.0762226662095	0.0747836436162	0.0909513996454	0.074785052476	0.070238847448	0.0704123650264	0.0858382423949	0.0714945240368	0.0647436649845	0.0910382445308	0.112145198326	0.0737235962163	0.127382716354	0.0843998040788	0.0858765809362	0.0694867718486	0.0579377408992	0.0761467505991	0.072795929186	0.0536376422018	0.0979930414551
MH0357.snv.bam	0.0867139456698	0.0683806922346	0.0741306378232	0.117881618622	0.0609242546198	0.0772145094838	0.0645365891299	0.0670864077985	0.0891642883518	0.0910378323802	0.100387908432	0.101931078568	0.101488861307	0.0867515224489	0.0880096081938	0.0883669032354	0.0859648811872	0.0796798275017	0.0758165921685	0.0715169604195	0.0832705891619	0.108282103294	0.0884130357472	0.063774663556	0.0	0.106236415545	0.0844608903118	0.0869705366965	0.0858720487383	0.0937328344318	0.087408328118	0.0787155320265	0.0828010090393	0.0744729462526	0.0684257096953	0.0810366230841	0.069910415783	0.0625943343435	0.0830494872278	0.0820303906077	0.0777964457881	0.0820853204059	0.118661739055	0.0710447136812	0.115348483886	0.085694213588	0.0966586425221	0.0727146067647	0.0622211179751	0.0803843716967	0.0791004250059	0.075721472504	0.0949634697398
MH0366.snv.bam	0.129714531277	0.108630653063	0.107001869865	0.0912810528551	0.113367901858	0.122776882713	0.0938359219655	0.0945167829819	0.0875784806734	0.067134383698	0.0853686921369	0.0850804003605	0.0847120869391	0.128303612984	0.108884046101	0.105630657768	0.0625313992189	0.112367966606	0.117298446762	0.103910475639	0.128005349473	0.0811624096204	0.0946208717457	0.0991411744337	0.106236415545	0.0	0.133638015881	0.12078525883	0.132266737432	0.123232826383	0.134217314509	0.123490920417	0.129064321307	0.113057518694	0.12903323859	0.10904027128	0.104880926638	0.101809996943	0.121867130587	0.126761323779	0.109884528976	0.131028029845	0.0785459031064	0.10322431146	0.082440352453	0.13046100889	0.129182378261	0.113296785106	0.10250601694	0.115737851421	0.0771247098478	0.101581911228	0.13919818658
MH0392.snv.bam	0.122464445542	0.0850483540479	0.103365883015	0.149238872024	0.0928065025045	0.108450286595	0.0770181072317	0.0970317981191	0.119657450159	0.113341257698	0.126965684293	0.128380715698	0.127828540577	0.114054905504	0.115376823073	0.12088896556	0.121648670407	0.0973228514155	0.0970547829726	0.100547041462	0.0884313194977	0.134732873778	0.127895635351	0.087110135278	0.0844608903118	0.133638015881	0.0	0.105273549504	0.125118695354	0.120022290902	0.126823009828	0.111939584255	0.119535193088	0.107918162369	0.111084792494	0.103423897493	0.0950718585047	0.104529600872	0.107709886059	0.114460216161	0.0872349187804	0.114958592537	0.139187329913	0.109722734916	0.158313480059	0.108589183224	0.127889216023	0.106933666506	0.0904543899549	0.110553181316	0.114983637665	0.0837363755593	0.124551499913
MH0403.snv.bam	0.104722985817	0.0923975063485	0.0910815922896	0.129109820676	0.0800253281768	0.104963284162	0.0768064800227	0.0818964539686	0.100123435495	0.103327922083	0.110471197314	0.110027628397	0.109545051079	0.101312558203	0.0965233173779	0.107307404155	0.106524689649	0.0930125418301	0.0878952621095	0.0812255602194	0.0974343808936	0.116007800435	0.11436736028	0.0785619108859	0.0869705366965	0.12078525883	0.105273549504	0.0	0.101246311212	0.100942116409	0.103128969622	0.0858583010449	0.102613347038	0.0819869839795	0.0955399375246	0.09191972187	0.0890885191324	0.0804096486502	0.106571379143	0.0856969764825	0.0833412862148	0.107472611704	0.129366256057	0.0872353690356	0.144155018291	0.117998432482	0.111338390614	0.0921464068477	0.0783201376032	0.097364856643	0.0954045508966	0.0802501713355	0.121058577715
MH0413.snv.bam	0.119069939096	0.0951316135631	0.0957260774819	0.139957397294	0.100501255619	0.107314685056	0.0827938793663	0.0912817209688	0.100859717608	0.110247735073	0.115138231575	0.118924524661	0.118410811812	0.113532754619	0.0993108313885	0.110675493504	0.109232964868	0.0870868327868	0.106893897876	0.0992925459853	0.108521809679	0.124757374639	0.118759547012	0.0967063302527	0.0858720487383	0.132266737432	0.125118695354	0.101246311212	0.0	0.109867689414	0.00183709745123	0.0975362305539	0.10720130092	0.102056072176	0.118486670977	0.0994589419103	0.100583747284	0.0879745465044	0.111163610441	0.106757906995	0.0904936728064	0.105570569143	0.133768037003	0.0732789224317	0.158623301861	0.118049967279	0.118050138136	0.101742747629	0.0963015842389	0.111511272379	0.102364460102	0.0887515856244	0.120971631422
MH0417.snv.bam	0.114038825298	0.0903950573474	0.0911438028651	0.139756139651	0.0958561662035	0.107183097617	0.0778420119686	0.086793524327	0.10183403668	0.107745566347	0.112729908665	0.114260559106	0.113768056696	0.111795885799	0.106482316732	0.111473372059	0.10631224347	0.104369157373	0.0992801250576	0.0899337415592	0.0923784475474	0.124348996484	0.108292151205	0.0697974148989	0.0937328344318	0.123232826383	0.120022290902	0.100942116409	0.109867689414	0.0	0.111809677938	0.0925687339859	0.0957337597687	0.0947473415439	0.113211181455	0.0987270954706	0.095911143518	0.0830495590319	0.104282673383	0.0951202212395	0.0966681399533	0.109575935776	0.133365237458	0.0929741600908	0.150715288685	0.117417227687	0.115717862887	0.0966915866297	0.0909006567157	0.0996688380854	0.0936538243152	0.0862260726292	0.111139706315
MH0421.snv.bam	0.12104654168	0.0970332693741	0.0975188548007	0.141849016681	0.102393165574	0.109322331668	0.0845224275032	0.0931817034905	0.102670903061	0.112063162211	0.117031909278	0.120657509041	0.120137433571	0.115404768756	0.0988787989774	0.112318284076	0.110795552002	0.0865884541206	0.108136380358	0.10075967764	0.110225298959	0.126352555257	0.120723572508	0.098561691488	0.087408328118	0.134217314509	0.126823009828	0.103128969622	0.00183709745123	0.111809677938	0.0	0.099369692578	0.109311692494	0.1039854601	0.119912623168	0.101311423465	0.102461085499	0.0899313658821	0.110799855207	0.108465523915	0.0923826802192	0.107388251263	0.133236864727	0.0751860345171	0.157713015905	0.117881166195	0.120032279393	0.103012110378	0.0979533724359	0.11325790636	0.104001860357	0.0887004878682	0.122690398385
MH0430.snv.bam	0.107347891873	0.0815140593448	0.0866694303514	0.129997364314	0.0850281560843	0.103077960822	0.0662967831848	0.0824036785332	0.0928186230964	0.103629645538	0.0998144859838	0.101465490195	0.101026245649	0.098220312968	0.102050757215	0.0996922608173	0.102533470776	0.0888503035192	0.0882355188699	0.068727194428	0.0974926837448	0.115961675404	0.103448053144	0.0809051944676	0.0787155320265	0.123490920417	0.111939584255	0.0858583010449	0.0975362305539	0.0925687339859	0.099369692578	0.0	0.0965059075592	0.0822877605795	0.0939062211521	0.0907061765263	0.0828163509949	0.0763077140023	0.113217785773	0.0861722981925	0.0838820758075	0.101022198356	0.124803492091	0.0819986607131	0.11445263486	0.118081628522	0.105033766457	0.0839050140799	0.0822493769746	0.0910991230899	0.0853077567519	0.0888552325243	0.118598649601
MH0436.snv.bam	0.0926268925605	0.0767974986504	0.0778630616811	0.131959748396	0.0889984462274	0.102441102904	0.079889090405	0.0842309251164	0.105708768563	0.103031635705	0.11231215633	0.113833154589	0.113344600277	0.102156545852	0.103620298734	0.106238780441	0.114477874191	0.0993663905666	0.0705332074396	0.0895503201389	0.105996538905	0.123948731372	0.0977651926862	0.0762226662095	0.0828010090393	0.129064321307	0.119535193088	0.102613347038	0.10720130092	0.0957337597687	0.109311692494	0.0965059075592	0.0	0.0901657399781	0.110715259811	0.0941663934421	0.0932512029393	0.0846971397253	0.101821842456	0.0927535944716	0.0838472544937	0.1091359175	0.128308415409	0.0904277041842	0.13067016945	0.121664626529	0.11961804474	0.0965584823334	0.0749235996184	0.0950089239518	0.0976290353294	0.0746210552609	0.124340787767
MH0438.snv.bam	0.0981162095345	0.0730338086967	0.0676526087511	0.109245321271	0.0830774300519	0.101145266983	0.0574866954506	0.0760636531136	0.0886575974509	0.097348975403	0.0978259696841	0.0995181727999	0.0990882886842	0.0831443098521	0.0824722718113	0.0828549405804	0.0938148746251	0.0799808442918	0.0840895991271	0.0708734135134	0.0973963629065	0.101234229588	0.102619930155	0.0747836436162	0.0744729462526	0.113057518694	0.107918162369	0.0819869839795	0.102056072176	0.0947473415439	0.1039854601	0.0822877605795	0.0901657399781	0.0	0.102592223028	0.0754855008667	0.0723398221556	0.0692432854981	0.0980361517364	0.0885828752653	0.0647714053867	0.107846318154	0.111512273999	0.0866804996157	0.14005733478	0.102371548977	0.0942765227695	0.081760949026	0.0779764315964	0.0915178739555	0.0877854422805	0.0748715122618	0.114541086081
MH0442.snv.bam	0.0994184556161	0.100689024524	0.097620885205	0.128964850854	0.0863639921999	0.091444847221	0.0814172726457	0.0950615096372	0.102145661775	0.111598796439	0.105665679862	0.107231984212	0.106765758194	0.110673408374	0.108069045332	0.102694204064	0.110202355541	0.103845168961	0.104766937067	0.0952181058521	0.109218852652	0.124321138186	0.117156774887	0.0909513996454	0.0684257096953	0.12903323859	0.111084792494	0.0955399375246	0.118486670977	0.113211181455	0.119912623168	0.0939062211521	0.110715259811	0.102592223028	0.0	0.106998313382	0.0974581585112	0.0708054430693	0.0988084586375	0.0962023275893	0.102641064857	0.0960156878563	0.13317648105	0.0945155054618	0.129889521316	0.117196519386	0.119717364534	0.102227001581	0.0829687844689	0.105418580829	0.0950691249775	0.0988937541503	0.119091672981
MH0448.snv.bam	0.100375435977	0.0772467606526	0.0804927953476	0.111755678298	0.082919816908	0.0965026755794	0.0686300142097	0.0690847348989	0.0917812755037	0.0884091061505	0.101973903092	0.103530612642	0.103083396173	0.0944191543312	0.079686277455	0.0994600202096	0.0979757357569	0.0825019490226	0.0884042029684	0.0755710754715	0.0972215270233	0.107262039188	0.108095303687	0.074785052476	0.0810366230841	0.10904027128	0.103423897493	0.09191972187	0.0994589419103	0.0987270954706	0.101311423465	0.0907061765263	0.0941663934421	0.0754855008667	0.106998313382	0.0	0.070011424833	0.0781634582986	0.102374247276	0.0996619904803	0.0688897379664	0.103296956702	0.120332003092	0.0841896475949	0.123175700858	0.093338357853	0.0983674675293	0.0859363392059	0.0750808207932	0.0955248709107	0.0897005501931	0.0796076112646	0.116204990567
MMRS65205033ST-27-0-0.snv.bam	0.0975848182249	0.0647120629508	0.0536525579786	0.109143985778	0.062058774401	0.0786141962613	0.0495596141093	0.0633593133593	0.0941399953828	0.0832704858963	0.0970231233967	0.0985877725484	0.0981581961974	0.0929779235731	0.085343180478	0.0954126187808	0.0948577131828	0.0757799828706	0.0893936690421	0.0719555121159	0.098389283085	0.109763258649	0.11183377249	0.070238847448	0.069910415783	0.104880926638	0.0950718585047	0.0890885191324	0.100583747284	0.095911143518	0.102461085499	0.0828163509949	0.0932512029393	0.0723398221556	0.0974581585112	0.070011424833	0.0	0.0751784364798	0.0974231495755	0.0795014068329	0.06797278413	0.0897309428675	0.119802981651	0.0790409029173	0.143061364555	0.0912928227955	0.0912007430854	0.0710502666257	0.0730799082785	0.088937812392	0.0870394414261	0.0733825718303	0.10548192831
MMRS77018926ST-27-0-0.snv.bam	0.0810223089151	0.0667122105297	0.0752769173576	0.0921084369534	0.063301270094	0.078617649319	0.0622009472009	0.0694559907847	0.07717731288	0.0836286819241	0.0910674181222	0.092719591015	0.0923000453543	0.0855199389127	0.078127387203	0.0862885809742	0.086740784464	0.0801340768671	0.0729213342682	0.0557507771131	0.0810755017515	0.10419734612	0.094211952362	0.0704123650264	0.0625943343435	0.101809996943	0.104529600872	0.0804096486502	0.0879745465044	0.0830495590319	0.0899313658821	0.0763077140023	0.0846971397253	0.0692432854981	0.0708054430693	0.0781634582986	0.0751784364798	0.0	0.0859363430874	0.0772357110644	0.0743687529402	0.0856370762245	0.105198894046	0.0650427259656	0.116262678192	0.0914558423226	0.0772439925666	0.075122866106	0.0676228471412	0.0729589546069	0.0741159692513	0.0724565034262	0.0900437226633
MMRS86168210ST-27-0-0.snv.bam	0.111174944528	0.0870153585608	0.081393016056	0.132218259023	0.0971298351418	0.10859463604	0.0725206699165	0.0767373772453	0.109165809131	0.104866658087	0.107718944068	0.109233470314	0.108758542182	0.110888234054	0.102162830949	0.110948702127	0.114554503004	0.0982429106498	0.0800920047665	0.0804995050291	0.104686742055	0.11717337049	0.116277002702	0.0858382423949	0.0830494872278	0.121867130587	0.107709886059	0.106571379143	0.111163610441	0.104282673383	0.110799855207	0.113217785773	0.101821842456	0.0980361517364	0.0988084586375	0.102374247276	0.0974231495755	0.0859363430874	0.0	0.103879158335	0.0936658052671	0.100121998415	0.12172756356	0.0852977988628	0.14181735269	0.112445520637	0.110622016872	0.103034638792	0.0863324731278	0.106422483588	0.102465160194	0.0798106957907	0.116852484557
NG-5636_378.snv.bam	0.102025327609	0.0690314411123	0.0770360932054	0.124556635775	0.088290164129	0.097986462284	0.0787418300654	0.0812356321839	0.0945119137876	0.105194444444	0.107618686869	0.109638888889	0.109153761062	0.0987870799942	0.0898194232754	0.105558896753	0.105321031887	0.0967198051617	0.0832893827591	0.0832257907789	0.104056507864	0.118653319047	0.107652636381	0.0714945240368	0.0820303906077	0.126761323779	0.114460216161	0.0856969764825	0.106757906995	0.0951202212395	0.108465523915	0.0861722981925	0.0927535944716	0.0885828752653	0.0962023275893	0.0996619904803	0.0795014068329	0.0772357110644	0.103879158335	0.0	0.0870298672566	0.0849390877094	0.128960203242	0.0874240698557	0.122299107345	0.106606054626	0.104363738739	0.0960061681925	0.0789401392533	0.0924473414488	0.0844986377639	0.0833888321917	0.117135231597
NG-5636_476.snv.bam	0.100559804494	0.0639883489055	0.0763008020738	0.107445721267	0.0806546747839	0.0923707117256	0.0533816425121	0.0647321428571	0.0939016145359	0.0885529157667	0.0978110826267	0.0993520518359	0.0989247311828	0.0875292952675	0.0719089041604	0.0930857974198	0.102347277973	0.0767182707872	0.076997939314	0.0644880731625	0.075349246748	0.102192083114	0.105048560281	0.0647436649845	0.0777964457881	0.109884528976	0.0872349187804	0.0833412862148	0.0904936728064	0.0966681399533	0.0923826802192	0.0838820758075	0.0838472544937	0.0647714053867	0.102641064857	0.0688897379664	0.06797278413	0.0743687529402	0.0936658052671	0.0870298672566	0.0	0.10334401644	0.115853249035	0.0799150036955	0.173581158627	0.0963378400383	0.0940919037199	0.0826132842804	0.0580455499691	0.0896818968234	0.0924848953949	0.06753750237	0.117747603627
SAMEA3136632.snv.bam	0.116695351757	0.0817067065456	0.0849126350663	0.135597582645	0.0982459277694	0.0965822931266	0.0762163137498	0.0758462531061	0.104938922236	0.110032257855	0.102047352241	0.1014115682	0.103122248164	0.105176962341	0.0960225726157	0.107359780974	0.115393430126	0.103516723368	0.0901652734667	0.0984821200297	0.107766489925	0.123512650189	0.109834958488	0.0910382445308	0.0820853204059	0.131028029845	0.114958592537	0.107472611704	0.105570569143	0.109575935776	0.107388251263	0.101022198356	0.1091359175	0.107846318154	0.0960156878563	0.103296956702	0.0897309428675	0.0856370762245	0.100121998415	0.0849390877094	0.10334401644	0.0	0.13349572547	0.0776474210427	0.139393124439	0.111687681391	0.111473728482	0.0868549065607	0.0829895991089	0.0917369394162	0.09679292604	0.101522604733	0.117649412252
SAMEA3136642.snv.bam	0.125743249131	0.11148314186	0.112403974243	0.0538616627986	0.124240642308	0.135489977265	0.107412766539	0.106236512013	0.0701221005119	0.0536118500375	0.0585403988962	0.0580761357517	0.0578180195928	0.140505040444	0.109608856539	0.105981408316	0.0653984331841	0.114125664086	0.125109989329	0.112916290767	0.131763824395	0.0942164207666	0.11381512117	0.112145198326	0.118661739055	0.0785459031064	0.139187329913	0.129366256057	0.133768037003	0.133365237458	0.133236864727	0.124803492091	0.128308415409	0.111512273999	0.13317648105	0.120332003092	0.119802981651	0.105198894046	0.12172756356	0.128960203242	0.115853249035	0.13349572547	0.0	0.117068982496	0.126835243602	0.127266326369	0.140312463386	0.125449583962	0.114654061975	0.122612482618	0.0710685676439	0.10734940882	0.140011643723
SAMEA3136648.snv.bam	0.0963611208212	0.0628513805578	0.0826742930876	0.122972319132	0.0788350109398	0.0884824062368	0.0598335953878	0.0506704980843	0.0797555091668	0.0867592592593	0.089581642316	0.0912037037037	0.0908001474926	0.093466982264	0.0856969313572	0.0879273334304	0.0853735548235	0.0775657258632	0.0702766663089	0.0793791304334	0.0977991809238	0.0985477743589	0.0857290130552	0.0737235962163	0.0710447136812	0.10322431146	0.109722734916	0.0872353690356	0.0732789224317	0.0929741600908	0.0751860345171	0.0819986607131	0.0904277041842	0.0866804996157	0.0945155054618	0.0841896475949	0.0790409029173	0.0650427259656	0.0852977988628	0.0874240698557	0.0799150036955	0.0776474210427	0.117068982496	0.0	0.120990868721	0.0947585527613	0.0789226726727	0.0827844102757	0.0763487210317	0.0732998195412	0.0753404998741	0.0735142771053	0.112229973187
SAMEA3136659.snv.bam	0.153183879677	0.137639814317	0.1561924171	0.162512792129	0.106231762485	0.173581158627	0.118339148283	0.102185653749	0.0963160220538	0.0983390918202	0.115621359777	0.113840924857	0.1128679255	0.160781715407	0.152827022175	0.131229790091	0.0934788983183	0.113752098798	0.110891851886	0.131281919404	0.20473075042	0.119046724082	0.123795980908	0.127382716354	0.115348483886	0.082440352453	0.158313480059	0.144155018291	0.158623301861	0.150715288685	0.157713015905	0.11445263486	0.13067016945	0.14005733478	0.129889521316	0.123175700858	0.143061364555	0.116262678192	0.14181735269	0.122299107345	0.173581158627	0.139393124439	0.126835243602	0.120990868721	0.0	0.166393274257	0.148597595182	0.113752098798	0.171376193657	0.147940132986	0.0795640646096	0.150088191758	0.220128904568
SAMEA3136671.snv.bam	0.104274722674	0.0922596647621	0.0934269951416	0.140852995114	0.0976377573599	0.101075836756	0.0879565303914	0.0908004649046	0.107088312085	0.105915918121	0.119051018618	0.120512868012	0.119990035613	0.106346189088	0.112453241253	0.11650404489	0.115271837306	0.109873754008	0.111708265898	0.102187627331	0.113458131675	0.122979358472	0.122125699369	0.0843998040788	0.085694213588	0.13046100889	0.108589183224	0.117998432482	0.118049967279	0.117417227687	0.117881166195	0.118081628522	0.121664626529	0.102371548977	0.117196519386	0.093338357853	0.0912928227955	0.0914558423226	0.112445520637	0.106606054626	0.0963378400383	0.111687681391	0.127266326369	0.0947585527613	0.166393274257	0.0	0.113102442423	0.107930370269	0.087295516889	0.107152257953	0.10944619503	0.0870049336013	0.134574964125
SAMEA3136738.snv.bam	0.114108304807	0.0963645459358	0.0928957483612	0.138168571773	0.102030635956	0.0982532751092	0.0844832041344	0.0861678004535	0.103912852374	0.114035087719	0.114737685222	0.116228070175	0.115720524017	0.105607122229	0.105168417286	0.106759661907	0.115119609368	0.103301284371	0.111625175816	0.0981439235448	0.109550666852	0.113948707918	0.11967952947	0.0858765809362	0.0966586425221	0.129182378261	0.127889216023	0.111338390614	0.118050138136	0.115717862887	0.120032279393	0.105033766457	0.11961804474	0.0942765227695	0.119717364534	0.0983674675293	0.0912007430854	0.0772439925666	0.110622016872	0.104363738739	0.0940919037199	0.111473728482	0.140312463386	0.0789226726727	0.148597595182	0.113102442423	0.0	0.101279966868	0.100850942643	0.106714154802	0.105155710325	0.0986524273506	0.119612050019
