	CCIS29688262ST-20-0.snv.bam	CCIS48507077ST-4-0.snv.bam	CCIS50471204ST-4-0.snv.bam	MH0370.snv.bam	MMRS42780924ST-27-0-0.snv.bam	MMRS47685461ST-27-0-0.snv.bam	MMRS62192467ST-27-0-0.snv.bam	MMRS65945127ST-27-0-0.snv.bam	MMRS95674036ST-27-0-0.snv.bam	O2.UC19-1.snv.bam	SAMEA3136649.snv.bam	SAMEA3136660.snv.bam	SAMEA3136677.snv.bam	SAMEA3136712.snv.bam	SAMEA3136720.snv.bam	SAMEA3136737.snv.bam	T2D-62A.snv.bam	T2D-66A.snv.bam	V1.CD12-3.snv.bam	V1.CD21-0.snv.bam	V1.CD3-0-PT.snv.bam	V1.CD32-0.snv.bam	V1.CD32-4.snv.bam	V1.CD4-0-PT.snv.bam	V1.FI18.snv.bam	V1.FI21.snv.bam	V1.FI23.snv.bam	V1.UC11-5.snv.bam	V1.UC38-4.snv.bam
CCIS29688262ST-20-0.snv.bam	0.0	0.298642533937	0.307692307692	0.0950226244344	0.285067873303	0.230769230769	0.289592760181	0.122171945701	0.294117647059	0.294117647059	0.226244343891	0.20814479638	0.239819004525	0.298642533937	0.257918552036	0.27149321267	0.171945701357	0.257918552036	0.303167420814	0.0950226244344	0.244343891403	0.280542986425	0.280542986425	0.257918552036	0.298642533937	0.285067873303	0.14479638009	0.203619909502	0.262443438914
CCIS48507077ST-4-0.snv.bam	0.298642533937	0.0	0.14479638009	0.180995475113	0.162895927602	0.262443438914	0.140271493213	0.357466063348	0.153846153846	0.0542986425339	0.162895927602	0.153846153846	0.14479638009	0.153846153846	0.171945701357	0.135746606335	0.321266968326	0.117647058824	0.117647058824	0.380090497738	0.108597285068	0.0678733031674	0.0678733031674	0.113122171946	0.140271493213	0.122171945701	0.366515837104	0.171945701357	0.135746606335
CCIS50471204ST-4-0.snv.bam	0.307692307692	0.14479638009	0.0	0.226244343891	0.0316742081448	0.217194570136	0.0769230769231	0.321266968326	0.0769230769231	0.149321266968	0.158371040724	0.212669683258	0.027149321267	0.0452488687783	0.230769230769	0.0497737556561	0.31221719457	0.180995475113	0.203619909502	0.380090497738	0.171945701357	0.140271493213	0.140271493213	0.176470588235	0.0497737556561	0.199095022624	0.348416289593	0.171945701357	0.190045248869
MH0370.snv.bam	0.0950226244344	0.180995475113	0.226244343891	0.0	0.221719457014	0.212669683258	0.20814479638	0.217194570136	0.221719457014	0.176470588235	0.185520361991	0.176470588235	0.199095022624	0.226244343891	0.212669683258	0.199095022624	0.244343891403	0.171945701357	0.185520361991	0.194570135747	0.158371040724	0.16742081448	0.16742081448	0.16742081448	0.217194570136	0.212669683258	0.235294117647	0.16742081448	0.176470588235
MMRS42780924ST-27-0-0.snv.bam	0.285067873303	0.162895927602	0.0316742081448	0.221719457014	0.0	0.194570135747	0.0497737556561	0.307692307692	0.0723981900452	0.158371040724	0.140271493213	0.217194570136	0.0316742081448	0.0180995475113	0.235294117647	0.0407239819005	0.298642533937	0.185520361991	0.217194570136	0.371040723982	0.171945701357	0.149321266968	0.149321266968	0.176470588235	0.0542986425339	0.20814479638	0.334841628959	0.158371040724	0.194570135747
MMRS47685461ST-27-0-0.snv.bam	0.230769230769	0.262443438914	0.217194570136	0.212669683258	0.194570135747	0.0	0.203619909502	0.253393665158	0.226244343891	0.248868778281	0.244343891403	0.266968325792	0.176470588235	0.199095022624	0.27149321267	0.194570135747	0.235294117647	0.217194570136	0.253393665158	0.303167420814	0.217194570136	0.248868778281	0.248868778281	0.226244343891	0.226244343891	0.298642533937	0.235294117647	0.153846153846	0.235294117647
MMRS62192467ST-27-0-0.snv.bam	0.289592760181	0.140271493213	0.0769230769231	0.20814479638	0.0497737556561	0.203619909502	0.0	0.307692307692	0.113122171946	0.135746606335	0.162895927602	0.199095022624	0.0633484162896	0.0678733031674	0.203619909502	0.0814479638009	0.289592760181	0.153846153846	0.185520361991	0.37556561086	0.14479638009	0.135746606335	0.135746606335	0.149321266968	0.0950226244344	0.194570135747	0.334841628959	0.149321266968	0.162895927602
MMRS65945127ST-27-0-0.snv.bam	0.122171945701	0.357466063348	0.321266968326	0.217194570136	0.307692307692	0.253393665158	0.307692307692	0.0	0.316742081448	0.352941176471	0.230769230769	0.257918552036	0.27149321267	0.31221719457	0.294117647059	0.298642533937	0.14479638009	0.294117647059	0.357466063348	0.212669683258	0.285067873303	0.343891402715	0.343891402715	0.294117647059	0.321266968326	0.316742081448	0.212669683258	0.257918552036	0.298642533937
MMRS95674036ST-27-0-0.snv.bam	0.294117647059	0.153846153846	0.0769230769231	0.221719457014	0.0723981900452	0.226244343891	0.113122171946	0.316742081448	0.0	0.14479638009	0.217194570136	0.221719457014	0.0542986425339	0.0633484162896	0.253393665158	0.0361990950226	0.31221719457	0.194570135747	0.217194570136	0.380090497738	0.194570135747	0.149321266968	0.149321266968	0.203619909502	0.0407239819005	0.194570135747	0.348416289593	0.14479638009	0.212669683258
O2.UC19-1.snv.bam	0.294117647059	0.0542986425339	0.149321266968	0.176470588235	0.158371040724	0.248868778281	0.135746606335	0.352941176471	0.14479638009	0.0	0.140271493213	0.135746606335	0.140271493213	0.149321266968	0.140271493213	0.126696832579	0.307692307692	0.0769230769231	0.113122171946	0.37556561086	0.0904977375566	0.0542986425339	0.0542986425339	0.0995475113122	0.131221719457	0.0950226244344	0.361990950226	0.153846153846	0.113122171946
SAMEA3136649.snv.bam	0.226244343891	0.162895927602	0.158371040724	0.185520361991	0.140271493213	0.244343891403	0.162895927602	0.230769230769	0.217194570136	0.140271493213	0.0	0.0497737556561	0.0723981900452	0.199095022624	0.0316742081448	0.185520361991	0.294117647059	0.0542986425339	0.131221719457	0.294117647059	0.0316742081448	0.131221719457	0.14479638009	0.0497737556561	0.20814479638	0.0542986425339	0.280542986425	0.180995475113	0.0723981900452
SAMEA3136660.snv.bam	0.20814479638	0.153846153846	0.212669683258	0.176470588235	0.217194570136	0.266968325792	0.199095022624	0.257918552036	0.221719457014	0.135746606335	0.0497737556561	0.0	0.203619909502	0.221719457014	0.0769230769231	0.190045248869	0.316742081448	0.108597285068	0.131221719457	0.298642533937	0.0859728506787	0.131221719457	0.135746606335	0.0904977375566	0.212669683258	0.0723981900452	0.298642533937	0.217194570136	0.117647058824
SAMEA3136677.snv.bam	0.239819004525	0.14479638009	0.027149321267	0.199095022624	0.0316742081448	0.176470588235	0.0633484162896	0.27149321267	0.0542986425339	0.140271493213	0.0723981900452	0.203619909502	0.0	0.0226244343891	0.203619909502	0.0452488687783	0.266968325792	0.153846153846	0.194570135747	0.316742081448	0.135746606335	0.140271493213	0.140271493213	0.14479638009	0.027149321267	0.180995475113	0.294117647059	0.153846153846	0.162895927602
SAMEA3136712.snv.bam	0.298642533937	0.153846153846	0.0452488687783	0.226244343891	0.0180995475113	0.199095022624	0.0678733031674	0.31221719457	0.0633484162896	0.149321266968	0.199095022624	0.221719457014	0.0226244343891	0.0	0.235294117647	0.0407239819005	0.303167420814	0.176470588235	0.217194570136	0.380090497738	0.176470588235	0.149321266968	0.149321266968	0.180995475113	0.0452488687783	0.20814479638	0.339366515837	0.158371040724	0.194570135747
SAMEA3136720.snv.bam	0.257918552036	0.171945701357	0.230769230769	0.212669683258	0.235294117647	0.27149321267	0.203619909502	0.294117647059	0.253393665158	0.140271493213	0.0316742081448	0.0769230769231	0.203619909502	0.235294117647	0.0	0.221719457014	0.31221719457	0.0588235294118	0.135746606335	0.334841628959	0.0633484162896	0.149321266968	0.149321266968	0.0723981900452	0.244343891403	0.108597285068	0.294117647059	0.257918552036	0.0814479638009
SAMEA3136737.snv.bam	0.27149321267	0.135746606335	0.0497737556561	0.199095022624	0.0407239819005	0.194570135747	0.0814479638009	0.298642533937	0.0361990950226	0.126696832579	0.185520361991	0.190045248869	0.0452488687783	0.0407239819005	0.221719457014	0.0	0.276018099548	0.171945701357	0.185520361991	0.343891402715	0.162895927602	0.126696832579	0.126696832579	0.171945701357	0.0180995475113	0.16742081448	0.316742081448	0.122171945701	0.176470588235
T2D-62A.snv.bam	0.171945701357	0.321266968326	0.31221719457	0.244343891403	0.298642533937	0.235294117647	0.289592760181	0.14479638009	0.31221719457	0.307692307692	0.294117647059	0.316742081448	0.266968325792	0.303167420814	0.31221719457	0.276018099548	0.0	0.253393665158	0.321266968326	0.239819004525	0.257918552036	0.307692307692	0.307692307692	0.266968325792	0.31221719457	0.361990950226	0.185520361991	0.239819004525	0.276018099548
T2D-66A.snv.bam	0.257918552036	0.117647058824	0.180995475113	0.171945701357	0.185520361991	0.217194570136	0.153846153846	0.294117647059	0.194570135747	0.0769230769231	0.0542986425339	0.108597285068	0.153846153846	0.176470588235	0.0588235294118	0.171945701357	0.253393665158	0.0	0.0859728506787	0.334841628959	0.0180995475113	0.10407239819	0.10407239819	0.027149321267	0.185520361991	0.140271493213	0.289592760181	0.203619909502	0.0361990950226
V1.CD12-3.snv.bam	0.303167420814	0.117647058824	0.203619909502	0.185520361991	0.217194570136	0.253393665158	0.185520361991	0.357466063348	0.217194570136	0.113122171946	0.131221719457	0.131221719457	0.194570135747	0.217194570136	0.135746606335	0.185520361991	0.321266968326	0.0859728506787	0.0	0.380090497738	0.0769230769231	0.113122171946	0.113122171946	0.0814479638009	0.20814479638	0.171945701357	0.348416289593	0.212669683258	0.113122171946
V1.CD21-0.snv.bam	0.0950226244344	0.380090497738	0.380090497738	0.194570135747	0.371040723982	0.303167420814	0.37556561086	0.212669683258	0.380090497738	0.37556561086	0.294117647059	0.298642533937	0.316742081448	0.380090497738	0.334841628959	0.343891402715	0.239819004525	0.334841628959	0.380090497738	0.0	0.321266968326	0.366515837104	0.366515837104	0.330316742081	0.380090497738	0.37556561086	0.226244343891	0.294117647059	0.343891402715
V1.CD3-0-PT.snv.bam	0.244343891403	0.108597285068	0.171945701357	0.158371040724	0.171945701357	0.217194570136	0.14479638009	0.285067873303	0.194570135747	0.0904977375566	0.0316742081448	0.0859728506787	0.135746606335	0.176470588235	0.0633484162896	0.162895927602	0.257918552036	0.0180995475113	0.0769230769231	0.321266968326	0.0	0.0859728506787	0.0859728506787	0.0	0.180995475113	0.126696832579	0.285067873303	0.190045248869	0.0361990950226
V1.CD32-0.snv.bam	0.280542986425	0.0678733031674	0.140271493213	0.16742081448	0.149321266968	0.248868778281	0.135746606335	0.343891402715	0.149321266968	0.0542986425339	0.131221719457	0.131221719457	0.140271493213	0.149321266968	0.149321266968	0.126696832579	0.307692307692	0.10407239819	0.113122171946	0.366515837104	0.0859728506787	0.0	0.0	0.0904977375566	0.140271493213	0.10407239819	0.352941176471	0.158371040724	0.10407239819
V1.CD32-4.snv.bam	0.280542986425	0.0678733031674	0.140271493213	0.16742081448	0.149321266968	0.248868778281	0.135746606335	0.343891402715	0.149321266968	0.0542986425339	0.14479638009	0.135746606335	0.140271493213	0.149321266968	0.149321266968	0.126696832579	0.307692307692	0.10407239819	0.113122171946	0.366515837104	0.0859728506787	0.0	0.0	0.0904977375566	0.140271493213	0.10407239819	0.352941176471	0.158371040724	0.10407239819
V1.CD4-0-PT.snv.bam	0.257918552036	0.113122171946	0.176470588235	0.16742081448	0.176470588235	0.226244343891	0.149321266968	0.294117647059	0.203619909502	0.0995475113122	0.0497737556561	0.0904977375566	0.14479638009	0.180995475113	0.0723981900452	0.171945701357	0.266968325792	0.027149321267	0.0814479638009	0.330316742081	0.0	0.0904977375566	0.0904977375566	0.0	0.185520361991	0.140271493213	0.294117647059	0.194570135747	0.0452488687783
V1.FI18.snv.bam	0.298642533937	0.140271493213	0.0497737556561	0.217194570136	0.0542986425339	0.226244343891	0.0950226244344	0.321266968326	0.0407239819005	0.131221719457	0.20814479638	0.212669683258	0.027149321267	0.0452488687783	0.244343891403	0.0180995475113	0.31221719457	0.185520361991	0.20814479638	0.380090497738	0.180995475113	0.140271493213	0.140271493213	0.185520361991	0.0	0.180995475113	0.348416289593	0.14479638009	0.203619909502
V1.FI21.snv.bam	0.285067873303	0.122171945701	0.199095022624	0.212669683258	0.20814479638	0.298642533937	0.194570135747	0.316742081448	0.194570135747	0.0950226244344	0.0542986425339	0.0723981900452	0.180995475113	0.20814479638	0.108597285068	0.16742081448	0.361990950226	0.140271493213	0.171945701357	0.37556561086	0.126696832579	0.10407239819	0.10407239819	0.140271493213	0.180995475113	0.0	0.357466063348	0.203619909502	0.14479638009
V1.FI23.snv.bam	0.14479638009	0.366515837104	0.348416289593	0.235294117647	0.334841628959	0.235294117647	0.334841628959	0.212669683258	0.348416289593	0.361990950226	0.280542986425	0.298642533937	0.294117647059	0.339366515837	0.294117647059	0.316742081448	0.185520361991	0.289592760181	0.348416289593	0.226244343891	0.285067873303	0.352941176471	0.352941176471	0.294117647059	0.348416289593	0.357466063348	0.0	0.285067873303	0.303167420814
V1.UC11-5.snv.bam	0.203619909502	0.171945701357	0.171945701357	0.16742081448	0.158371040724	0.153846153846	0.149321266968	0.257918552036	0.14479638009	0.153846153846	0.180995475113	0.217194570136	0.153846153846	0.158371040724	0.257918552036	0.122171945701	0.239819004525	0.203619909502	0.212669683258	0.294117647059	0.190045248869	0.158371040724	0.158371040724	0.194570135747	0.14479638009	0.203619909502	0.285067873303	0.0	0.20814479638
V1.UC38-4.snv.bam	0.262443438914	0.135746606335	0.190045248869	0.176470588235	0.194570135747	0.235294117647	0.162895927602	0.298642533937	0.212669683258	0.113122171946	0.0723981900452	0.117647058824	0.162895927602	0.194570135747	0.0814479638009	0.176470588235	0.276018099548	0.0361990950226	0.113122171946	0.343891402715	0.0361990950226	0.10407239819	0.10407239819	0.0452488687783	0.203619909502	0.14479638009	0.303167420814	0.20814479638	0.0
