	158337416-stool1.snv.bam	158337416-stool2.snv.bam	158742018-stool1.snv.bam	158802708-stool1.snv.bam	159227541-stool2.snv.bam	159227541-stool3.snv.bam	763597684-stool2.snv.bam	763901136-stool2.snv.bam	BGI-15A.snv.bam	CCIS12656533ST-4-0.snv.bam	CCIS53355328ST-4-0.snv.bam	CCIS78318719ST-4-0.snv.bam	CCIS79210440ST-3-0.snv.bam	CCIS83445808ST-4-0.snv.bam	M1.4-V2.metaG.snv.bam	MH0238.snv.bam	MH0262.snv.bam	MH0280.snv.bam	MH0307.snv.bam	MH0313.snv.bam	MH0318.snv.bam	MH0340.snv.bam	MH0350.snv.bam	MH0357.snv.bam	MH0362.snv.bam	MH0371.snv.bam	MH0374.snv.bam	MH0376.snv.bam	MH0386.snv.bam	MH0390.snv.bam	MH0398.snv.bam	MH0403.snv.bam	MH0417.snv.bam	MH0431.snv.bam	MH0434.snv.bam	MH0442.snv.bam	MH0453.snv.bam	MMRS34569532ST-27-0-0.snv.bam	MMRS51737257ST-27-0-0.snv.bam	MMRS62666492ST-27-0-0.snv.bam	MMRS71762412ST-27-0-0.snv.bam	MMRS77487595ST-27-0-0.snv.bam	MMRS93508324ST-27-0-0.snv.bam	MMRS94549160ST-27-0-0.snv.bam	NG-5636_144.snv.bam	NG-5636_193.snv.bam	NG-5636_299.snv.bam	NG-5636_397.snv.bam	NG-5636_422.snv.bam	NG-5636_547.snv.bam	SZEY-93A.snv.bam	T2D-59A.snv.bam	V1.FI26.snv.bam
158337416-stool1.snv.bam	0.0	0.0548186674757	0.24517209063	0.248409107175	0.227183523155	0.227037045227	0.226364156603	0.261088342147	0.244612123829	0.260595327111	0.207446514379	0.205198777055	0.245347676153	0.275891803166	0.220228672067	0.190711069798	0.19803621186	0.255554419095	0.268126882862	0.25021816093	0.233400755421	0.251909691148	0.27398706221	0.242710259405	0.276867132674	0.287198812529	0.232933063283	0.214298311601	0.173792014284	0.178345619198	0.218698880437	0.165804827791	0.220126544189	0.245406396741	0.250138155102	0.266679038254	0.258356628024	0.22165251659	0.232740328821	0.207390551077	0.270339431848	0.191838191611	0.213888643664	0.257822295459	0.238944841676	0.239030996582	0.195090115663	0.26644179931	0.290348682246	0.256512362342	0.221536811792	0.201442390415	0.316136903696
158337416-stool2.snv.bam	0.0548186674757	0.0	0.223080317951	0.223873653594	0.217267732108	0.217344954275	0.20516622563	0.217593626532	0.205065021683	0.221095284564	0.198180042245	0.205843093673	0.207283165771	0.257573948975	0.210704320276	0.188658785053	0.18088265415	0.249999951081	0.248332405142	0.243499786344	0.217421182844	0.228471028015	0.24154117863	0.220443899246	0.262582713017	0.253629502283	0.214447348706	0.190165171971	0.164337381746	0.170247256865	0.198100709114	0.156560868635	0.213041140063	0.214688374504	0.238271753703	0.247111420987	0.248374103207	0.212134339418	0.218968963482	0.198256485432	0.249147126277	0.188572676075	0.204353620302	0.243207350794	0.225804461565	0.216083651142	0.181000837516	0.261120270967	0.257322750505	0.225273347216	0.200894711713	0.198258867264	0.288566887323
158742018-stool1.snv.bam	0.24517209063	0.223080317951	0.0	0.153650527798	0.15820893769	0.158147843158	0.220170683019	0.147359011335	0.17234555346	0.202639237179	0.151190797286	0.205523937718	0.112787899518	0.152426594955	0.151584001689	0.15783384972	0.136706119602	0.185891222333	0.202725491048	0.18651474816	0.148195544329	0.0568687995805	0.243195883409	0.178631110425	0.170368107019	0.241689063551	0.175883980536	0.195305464675	0.173730613919	0.178992715086	0.198952270772	0.121389754545	0.151842401867	0.201910804382	0.243772023896	0.195612828377	0.176102035231	0.152701621953	0.238969984991	0.151042422374	0.175854681831	0.157851374746	0.145294693513	0.202098581449	0.170451926217	0.194996501808	0.138355230653	0.197219508858	0.222715749293	0.202656876249	0.201746948872	0.207612350478	0.0891743373003
158802708-stool1.snv.bam	0.248409107175	0.223873653594	0.153650527798	0.0	0.236155218896	0.236351228389	0.210295499635	0.148486309566	0.149310045414	0.21366337396	0.191096050848	0.205128205128	0.168077035308	0.174825174825	0.242038216561	0.193333333333	0.180776378953	0.18564686434	0.199393796992	0.186217948718	0.215155464512	0.1851598107	0.233822140654	0.239444903961	0.184902192795	0.237440191388	0.229583501452	0.198256788468	0.156454248366	0.18064516129	0.188333333333	0.173612646813	0.204159223349	0.188467974478	0.208036951755	0.224348268015	0.204375519247	0.205288461538	0.242338529445	0.191242038217	0.178343949045	0.215277777778	0.197452229299	0.16580775912	0.210191082803	0.197364976878	0.178466438021	0.191861899328	0.260273972603	0.198630136986	0.210311695373	0.223113897751	0.153599605523
159227541-stool2.snv.bam	0.227183523155	0.217267732108	0.15820893769	0.236155218896	0.0	0.00098848913121	0.202047482355	0.210789664145	0.231939831404	0.229893488004	0.083025172834	0.129319938868	0.206091706142	0.20089953688	0.019688256903	0.152173900313	0.0930204177428	0.179555093055	0.216399370813	0.180094349756	0.156931778018	0.189212871585	0.225675881956	0.153742242052	0.16385588827	0.235065359369	0.107149304556	0.152218145636	0.135922147404	0.128219317501	0.179430539251	0.0904844407316	0.145925934932	0.219706108823	0.224750849592	0.18903722295	0.170433259109	0.0579457775164	0.220372554124	0.0953171877207	0.183210269482	0.0556878962163	0.0511347977836	0.207837947883	0.138646028691	0.214070066643	0.107617623134	0.190743607152	0.229777354889	0.223131364636	0.222118994059	0.189525295448	0.215158091995
159227541-stool3.snv.bam	0.227037045227	0.217344954275	0.158147843158	0.236351228389	0.00098848913121	0.0	0.202034819495	0.210957537367	0.232276211443	0.230532831488	0.0828786949067	0.129120879121	0.205743627713	0.200738916256	0.0195417789757	0.152020676692	0.0931135325079	0.178594999007	0.215589053803	0.180189255189	0.155943288887	0.18902957101	0.226242016562	0.15282282002	0.164082818103	0.235052285377	0.107134160738	0.151363471572	0.135771889401	0.128070973612	0.179667919799	0.0904808792271	0.145413908541	0.21988723417	0.22498214346	0.188271388838	0.16968436267	0.0577983725136	0.220465668889	0.0951707097934	0.183063791554	0.0555283757339	0.0509883198562	0.207931062648	0.138739143456	0.214296996476	0.107713041675	0.189997973683	0.229568854569	0.223375160875	0.222106169889	0.189429131986	0.215496704421
763597684-stool2.snv.bam	0.226364156603	0.20516622563	0.220170683019	0.210295499635	0.202047482355	0.202034819495	0.0	0.210635321319	0.198782951515	0.227980610243	0.182259364629	0.213675213675	0.185826964924	0.213906161673	0.195071656872	0.19089732528	0.172316257473	0.230337268433	0.203404224581	0.22478457335	0.221029103509	0.239537633475	0.21339899531	0.197810697341	0.214126023342	0.209487978489	0.207684174306	0.126352689642	0.167444473823	0.19118721938	0.153068377912	0.153197655085	0.220142923533	0.21842431561	0.192654384698	0.208554092083	0.208197169587	0.209122743308	0.20768475408	0.182650273224	0.207650273224	0.205591735908	0.201360965048	0.207850387575	0.188782348696	0.201447119954	0.182613988754	0.241384250868	0.202813469207	0.17578644218	0.15887901876	0.201640504205	0.240725651651
763901136-stool2.snv.bam	0.261088342147	0.217593626532	0.147359011335	0.148486309566	0.210789664145	0.210957537367	0.210635321319	0.0	0.130511265804	0.159253202408	0.2166887102	0.252405591297	0.107316457088	0.237871465848	0.20403306057	0.193437464108	0.176996166067	0.232972165704	0.230776817668	0.221203753135	0.202478231203	0.15342081859	0.208556578071	0.175080386463	0.236062905632	0.152210069557	0.216865289643	0.172991514612	0.189309513538	0.193721648847	0.208616045833	0.173708028373	0.185250299722	0.144715882867	0.232242369274	0.217846876604	0.242607237072	0.218315589201	0.255017288991	0.216925044047	0.242243515385	0.222408719245	0.210396381627	0.216899816584	0.22313523513	0.153224457477	0.191410590348	0.244308193588	0.205775600097	0.143146934125	0.229963413932	0.216839245353	0.198336564981
BGI-15A.snv.bam	0.244612123829	0.205065021683	0.17234555346	0.149310045414	0.231939831404	0.232276211443	0.198782951515	0.130511265804	0.0	0.137796571741	0.21151171139	0.211268913023	0.0802901015973	0.23167964013	0.225484392151	0.21594339044	0.162547799174	0.274265057291	0.247102736606	0.268794543631	0.210724319817	0.180222455606	0.194099826928	0.207841620745	0.230444340952	0.16834649285	0.199391889924	0.168264419142	0.158638586681	0.202438734906	0.172457234538	0.170092911202	0.238411535929	0.107147233635	0.240974509161	0.245225893785	0.224401470778	0.220648807584	0.20628876687	0.211658634575	0.224318890986	0.218010945284	0.219074135741	0.22452285369	0.217908634575	0.166538771562	0.187146127851	0.28526070415	0.171190047902	0.116395527354	0.199422775297	0.232053949075	0.236152854743
CCIS12656533ST-4-0.snv.bam	0.260595327111	0.221095284564	0.202639237179	0.21366337396	0.229893488004	0.230532831488	0.227980610243	0.159253202408	0.137796571741	0.0	0.225617165905	0.270390473405	0.131965533097	0.23106671394	0.22386915973	0.206719986445	0.166160730938	0.254759110691	0.228671368977	0.25093353518	0.194999044264	0.212115576757	0.166113014036	0.200498278546	0.234542696884	0.160623541678	0.231947094733	0.175701126585	0.199959912416	0.207637694049	0.181471514208	0.183618918683	0.220459912783	0.151530991063	0.220128574466	0.188668687194	0.231454175853	0.232330664239	0.247363842806	0.225982933487	0.2300185729	0.239103091791	0.229274676234	0.234526420206	0.225621104697	0.134615473564	0.200547519844	0.265883981038	0.186947409845	0.167216472372	0.212086692494	0.220347179026	0.260643824356
CCIS53355328ST-4-0.snv.bam	0.207446514379	0.198180042245	0.151190797286	0.191096050848	0.083025172834	0.0828786949067	0.182259364629	0.2166887102	0.21151171139	0.225617165905	0.0	0.111327656385	0.198977206914	0.179485074463	0.100934538434	0.0857526790387	0.0656005226833	0.147649458059	0.177593224385	0.141566712909	0.115682218146	0.145400515037	0.205846596626	0.159502968299	0.157724753961	0.235419667875	0.113793719113	0.145461608633	0.0899327740847	0.108293503077	0.146395263047	0.0458065042518	0.113947851006	0.222620704462	0.19249604077	0.182434098719	0.151795900206	0.0259213267913	0.201567478654	0.0130414566732	0.138670387491	0.0415792440618	0.0444689914026	0.188701856193	0.10722384661	0.182399963623	0.0381624049074	0.159219781066	0.209560588487	0.182428022244	0.188537533541	0.169980668549	0.221455240838
CCIS78318719ST-4-0.snv.bam	0.205198777055	0.205843093673	0.205523937718	0.205128205128	0.129319938868	0.129120879121	0.213675213675	0.252405591297	0.211268913023	0.270390473405	0.111327656385	0.0	0.247706422018	0.137931034483	0.136752136752	0.132743362832	0.11330676492	0.112363741037	0.160595238095	0.128632478632	0.16253991595	0.214274275896	0.211912833535	0.226433791651	0.119911489477	0.286276223776	0.120039399384	0.171794871795	0.061951754386	0.0782608695652	0.173423423423	0.0792141039719	0.14577857131	0.245308280094	0.184227862145	0.259829792305	0.12894834634	0.102777777778	0.205306267806	0.111111111111	0.17094017094	0.0948275862069	0.0940170940171	0.162406112406	0.0854700854701	0.19669827889	0.102728468113	0.120703574312	0.245283018868	0.198113207547	0.211951391307	0.19678074088	0.206739142084
CCIS79210440ST-3-0.snv.bam	0.245347676153	0.207283165771	0.112787899518	0.168077035308	0.206091706142	0.205743627713	0.185826964924	0.107316457088	0.0802901015973	0.131965533097	0.198977206914	0.247706422018	0.0	0.21897810219	0.198963432191	0.194746376812	0.144298053776	0.248804224432	0.23442695482	0.243874853114	0.18431655121	0.119720889106	0.206426165936	0.179341160913	0.232272334633	0.159508448669	0.198962158998	0.152431539546	0.183544069802	0.21505690108	0.175649154589	0.154882095477	0.212017603608	0.106421155486	0.216177110199	0.205707560876	0.225453498416	0.213789855072	0.245357355742	0.199128995105	0.205585948747	0.202898550725	0.205585948747	0.218465827291	0.232076014973	0.152515096892	0.172600722054	0.260564769162	0.1821222256	0.148193508879	0.205742117482	0.218987932962	0.178707382134
CCIS83445808ST-4-0.snv.bam	0.275891803166	0.257573948975	0.152426594955	0.174825174825	0.20089953688	0.200738916256	0.213906161673	0.237871465848	0.23167964013	0.23106671394	0.179485074463	0.137931034483	0.21897810219	0.0	0.206896551724	0.192857142857	0.167288906866	0.16873852132	0.172396149949	0.183450704225	0.180999051543	0.20048338124	0.254580398037	0.22457314765	0.14503202944	0.28031968032	0.165688329295	0.221560798548	0.142287234043	0.195804195804	0.204710144928	0.159958848305	0.193720180529	0.23900641298	0.211533032185	0.215006690987	0.166116941529	0.180729166667	0.207221718088	0.179482758621	0.137931034483	0.182481751825	0.172413793103	0.124357366771	0.158620689655	0.200094473311	0.165649867374	0.174460543017	0.246268656716	0.222222222222	0.180341181632	0.220942560021	0.166259280843
M1.4-V2.metaG.snv.bam	0.220228672067	0.210704320276	0.151584001689	0.242038216561	0.019688256903	0.0195417789757	0.195071656872	0.20403306057	0.225484392151	0.22386915973	0.100934538434	0.136752136752	0.198963432191	0.206896551724	0.0	0.157894736842	0.0990284771021	0.18564686434	0.222778293135	0.186217948718	0.162606960645	0.182740262834	0.232101056194	0.146750866496	0.169997762697	0.240850059032	0.113363570741	0.145448526978	0.141532258065	0.133757961783	0.185855263158	0.0834736459541	0.151601117559	0.214547627291	0.24383134981	0.208447641157	0.164068908942	0.0761075949367	0.226118558976	0.0882075471698	0.188679245283	0.0753424657534	0.0691823899371	0.213846007242	0.14465408805	0.22021194107	0.113328495404	0.196976697433	0.236486486486	0.236486486486	0.22779315806	0.195248092616	0.208489471148
MH0238.snv.bam	0.190711069798	0.188658785053	0.15783384972	0.193333333333	0.152173900313	0.152020676692	0.19089732528	0.193437464108	0.21594339044	0.206719986445	0.0857526790387	0.132743362832	0.194746376812	0.192857142857	0.157894736842	0.0	0.0982809847199	0.0543103846754	0.12454324587	0.0473154362416	0.0788943414319	0.112303225525	0.192147092369	0.154093067426	0.151510817558	0.208298368298	0.151609274526	0.17188365651	0.127097315436	0.112582781457	0.174137931034	0.0801897109259	0.020284875632	0.211152531633	0.165812520333	0.184360113865	0.145308924485	0.0995033112583	0.210836507387	0.0856907894737	0.177631578947	0.120567375887	0.118421052632	0.190998803828	0.118421052632	0.164563806777	0.0724949392713	0.067035219831	0.237762237762	0.180555555556	0.184304541359	0.118787330921	0.20504330107
MH0262.snv.bam	0.19803621186	0.18088265415	0.136706119602	0.180776378953	0.0930204177428	0.0931135325079	0.172316257473	0.176996166067	0.162547799174	0.166160730938	0.0656005226833	0.11330676492	0.144298053776	0.167288906866	0.0990284771021	0.0982809847199	0.0	0.158204022334	0.166087601129	0.151894409354	0.110897873425	0.143269835556	0.205824258103	0.157868878338	0.154560830994	0.19680821378	0.108218234235	0.112143320316	0.0859315580361	0.104343257934	0.0970688956629	0.041586883268	0.124709616071	0.172202322176	0.203155829094	0.173692420535	0.148631977239	0.078524629719	0.196409060493	0.0654521477711	0.147055921356	0.0702526814767	0.0715842232428	0.185830459187	0.108062210664	0.17944546685	0.0591265551247	0.169527669791	0.197174942538	0.195025065388	0.172185727685	0.168235155601	0.206878887978
MH0280.snv.bam	0.255554419095	0.249999951081	0.185891222333	0.18564686434	0.179555093055	0.178594999007	0.230337268433	0.232972165704	0.274265057291	0.254759110691	0.147649458059	0.112363741037	0.248804224432	0.16873852132	0.18564686434	0.0543103846754	0.158204022334	0.0	0.146003614747	0.0137339977388	0.128511806538	0.166302580408	0.250145452261	0.206921118428	0.127950634465	0.264536149765	0.210745945065	0.229929684378	0.171301030728	0.168687469041	0.242283357648	0.143175601039	0.0454135240249	0.263416805449	0.175949973458	0.23039162725	0.146316234525	0.13571511347	0.262036004905	0.147589539499	0.172692098065	0.167684428481	0.153799730582	0.18550523458	0.165978377976	0.216821999824	0.134813939303	0.00670483872341	0.301407857024	0.240243523936	0.249086176299	0.154000239932	0.167489090917
MH0307.snv.bam	0.268126882862	0.248332405142	0.202725491048	0.199393796992	0.216399370813	0.215589053803	0.203404224581	0.230776817668	0.247102736606	0.228671368977	0.177593224385	0.160595238095	0.23442695482	0.172396149949	0.222778293135	0.12454324587	0.166087601129	0.146003614747	0.0	0.127667928098	0.151746110875	0.177138347693	0.202191212816	0.205710336204	0.176902653623	0.2288252476	0.183262771888	0.215464554243	0.188302380952	0.159920112782	0.193726919339	0.153573158193	0.144275525755	0.22898998261	0.139904919165	0.227082440286	0.156759094942	0.198253968254	0.209577962764	0.177486085343	0.144856215213	0.193672745694	0.190310760668	0.196491398212	0.144336734694	0.170399712812	0.157968103325	0.151555641668	0.266453546454	0.201571428571	0.179733574073	0.1515114321	0.17823134382
MH0313.snv.bam	0.25021816093	0.243499786344	0.18651474816	0.186217948718	0.180094349756	0.180189255189	0.22478457335	0.221203753135	0.268794543631	0.25093353518	0.141566712909	0.128632478632	0.243874853114	0.183450704225	0.186217948718	0.0473154362416	0.151894409354	0.0137339977388	0.127667928098	0.0	0.123638508165	0.148070349579	0.244991846265	0.189376364376	0.128074642749	0.259026073264	0.192273139282	0.225489203779	0.177549342105	0.156168831169	0.236241610738	0.137024748779	0.0328479144968	0.258120214332	0.16991360444	0.232353397137	0.141262541806	0.135967741935	0.243571468736	0.141506410256	0.179807692308	0.167013888889	0.154166666667	0.185780885781	0.153525641026	0.21130576045	0.128648915187	0.0198066921005	0.296206896552	0.234137931034	0.243786036526	0.148009486974	0.155043486979
MH0318.snv.bam	0.233400755421	0.217421182844	0.148195544329	0.215155464512	0.156931778018	0.155943288887	0.221029103509	0.202478231203	0.210724319817	0.194999044264	0.115682218146	0.16253991595	0.18431655121	0.180999051543	0.162606960645	0.0788943414319	0.110897873425	0.128511806538	0.151746110875	0.123638508165	0.0	0.107908393818	0.17902375202	0.0878433816382	0.117265851897	0.237753123344	0.16192648137	0.18121729437	0.146509695419	0.140937796276	0.191692329048	0.109595380228	0.0988151234596	0.214254048498	0.19223367947	0.184500047758	0.11214077007	0.127197175958	0.221200162427	0.115533843233	0.161631496405	0.143409863534	0.143739036117	0.211002565587	0.130638382327	0.178819246815	0.0903403260588	0.140492172823	0.235273079956	0.205197471285	0.196961361425	0.193730452015	0.192836829855
MH0340.snv.bam	0.251909691148	0.228471028015	0.0568687995805	0.1851598107	0.189212871585	0.18902957101	0.239537633475	0.15342081859	0.180222455606	0.212115576757	0.145400515037	0.214274275896	0.119720889106	0.20048338124	0.182740262834	0.112303225525	0.143269835556	0.166302580408	0.177138347693	0.148070349579	0.107908393818	0.0	0.226011003234	0.147215489639	0.189005189566	0.248527966512	0.169960894856	0.202043883635	0.180694130838	0.159775088026	0.218976157856	0.128221052789	0.1201041594	0.208474520336	0.237641452336	0.227687559487	0.170034688398	0.158829685316	0.233046899311	0.145252140125	0.195409372829	0.185411577259	0.176541448301	0.233030224445	0.16369762203	0.214138834115	0.12005862295	0.177754845679	0.243234200733	0.223164043467	0.221226518877	0.214349147902	0.0951382202047
MH0350.snv.bam	0.27398706221	0.24154117863	0.243195883409	0.233822140654	0.225675881956	0.226242016562	0.21339899531	0.208556578071	0.194099826928	0.166113014036	0.205846596626	0.211912833535	0.206426165936	0.254580398037	0.232101056194	0.192147092369	0.205824258103	0.250145452261	0.202191212816	0.244991846265	0.17902375202	0.226011003234	0.0	0.203586849965	0.226452771735	0.149759015611	0.218658903782	0.187106378981	0.202215198167	0.181210158663	0.209042294083	0.186548682131	0.2152884597	0.203832136285	0.181425963677	0.188400403701	0.23270720639	0.213737295626	0.247805414875	0.206821966183	0.22273961339	0.210966377839	0.212235803201	0.25639395387	0.197732791451	0.171800237509	0.19185076733	0.261154903692	0.173512949712	0.146562748696	0.220372001602	0.232736423974	0.276781728165
MH0357.snv.bam	0.242710259405	0.220443899246	0.178631110425	0.239444903961	0.153742242052	0.15282282002	0.197810697341	0.175080386463	0.207841620745	0.200498278546	0.159502968299	0.226433791651	0.179341160913	0.22457314765	0.146750866496	0.154093067426	0.157868878338	0.206921118428	0.205710336204	0.189376364376	0.0878433816382	0.147215489639	0.203586849965	0.0	0.191997480145	0.225032034243	0.159329259794	0.165683794112	0.169786836862	0.174450877677	0.195265906933	0.142491808337	0.159913070822	0.211637151932	0.228257471976	0.210927965121	0.146796627273	0.17349285923	0.216986057268	0.159648955668	0.210916943401	0.194721430833	0.191336853757	0.211119606979	0.191336853757	0.191895915567	0.134134501969	0.218477129196	0.202952952953	0.196715946716	0.205145070512	0.192064455487	0.224713439457
MH0362.snv.bam	0.276867132674	0.262582713017	0.170368107019	0.184902192795	0.16385588827	0.164082818103	0.214126023342	0.236062905632	0.230444340952	0.234542696884	0.157724753961	0.119911489477	0.232272334633	0.14503202944	0.169997762697	0.151510817558	0.154560830994	0.127950634465	0.176902653623	0.128074642749	0.117265851897	0.189005189566	0.226452771735	0.191997480145	0.0	0.287401991947	0.18273240262	0.214626773761	0.167529963024	0.178532766043	0.2156555544	0.153281521073	0.145307666228	0.258265947393	0.185746318898	0.214707839198	0.0447584955378	0.158573697904	0.220608763469	0.157576379049	0.144840529992	0.164586604581	0.151129838168	0.157619260696	0.113393989112	0.188951842132	0.170118710931	0.139680305294	0.250200299113	0.216318591319	0.221102994167	0.239361188991	0.15197078956
MH0371.snv.bam	0.287198812529	0.253629502283	0.241689063551	0.237440191388	0.235065359369	0.235052285377	0.209487978489	0.152210069557	0.16834649285	0.160623541678	0.235419667875	0.286276223776	0.159508448669	0.28031968032	0.240850059032	0.208298368298	0.19680821378	0.264536149765	0.2288252476	0.259026073264	0.237753123344	0.248527966512	0.149759015611	0.225032034243	0.287401991947	0.0	0.248503655796	0.190379476982	0.227881701632	0.231873389768	0.200644593502	0.198912361474	0.228970062819	0.113661453753	0.20266894314	0.176816724718	0.280375750731	0.250129119247	0.261365179876	0.248504904187	0.261329579511	0.249962803154	0.241849060031	0.280017709563	0.254836073018	0.176825042952	0.222493415675	0.275720622598	0.112032794791	0.130032130032	0.223673767363	0.196692803393	0.300864349884
MH0374.snv.bam	0.232933063283	0.214447348706	0.175883980536	0.229583501452	0.107149304556	0.107134160738	0.207684174306	0.216865289643	0.199391889924	0.231947094733	0.113793719113	0.120039399384	0.198962158998	0.165688329295	0.113363570741	0.151609274526	0.108218234235	0.210745945065	0.183262771888	0.192273139282	0.16192648137	0.169960894856	0.218658903782	0.159329259794	0.18273240262	0.248503655796	0.0	0.157868701492	0.0966587724385	0.114933819923	0.169507230328	0.0833039064384	0.164012017761	0.211105025878	0.243534559021	0.220845264386	0.176489083456	0.12702284638	0.188800787998	0.113645344201	0.201413885206	0.123593217315	0.119777419673	0.201547955217	0.0946201869683	0.18275665634	0.0884518270264	0.221737048707	0.209458160458	0.196247363027	0.201930704017	0.207903766394	0.233962937906
MH0376.snv.bam	0.214298311601	0.190165171971	0.195305464675	0.198256788468	0.152218145636	0.151363471572	0.126352689642	0.172991514612	0.168264419142	0.175701126585	0.145461608633	0.171794871795	0.152431539546	0.221560798548	0.145448526978	0.17188365651	0.112143320316	0.229929684378	0.215464554243	0.225489203779	0.18121729437	0.202043883635	0.187106378981	0.165683794112	0.214626773761	0.190379476982	0.157868701492	0.0	0.122992359932	0.140931947704	0.120550554017	0.103260454748	0.195384127143	0.181048785848	0.199431889621	0.17550163979	0.207794712376	0.159185542971	0.23320230608	0.145605759682	0.220589208871	0.151369863014	0.151737835154	0.208332079484	0.151737835154	0.176650206545	0.13299085886	0.241053619125	0.175853485064	0.169416785206	0.186470105205	0.189270243564	0.253592735638
MH0386.snv.bam	0.173792014284	0.164337381746	0.173730613919	0.156454248366	0.135922147404	0.135771889401	0.167444473823	0.189309513538	0.158638586681	0.199959912416	0.0899327740847	0.061951754386	0.183544069802	0.142287234043	0.141532258065	0.127097315436	0.0859315580361	0.171301030728	0.188302380952	0.177549342105	0.146509695419	0.180694130838	0.202215198167	0.169786836862	0.167529963024	0.227881701632	0.0966587724385	0.122992359932	0.0	0.0770161290323	0.128775167785	0.0588795874886	0.154972910297	0.197140791867	0.203784148489	0.200256244921	0.161448106592	0.103652597403	0.167642897566	0.0900806451613	0.16814516129	0.0981514084507	0.0963709677419	0.135090420332	0.109274193548	0.167427087936	0.0577853598015	0.183018299964	0.200954861111	0.159288194444	0.160867554639	0.173997415227	0.239472963905
MH0390.snv.bam	0.178345619198	0.170247256865	0.178992715086	0.18064516129	0.128219317501	0.128070973612	0.19118721938	0.193721648847	0.202438734906	0.207637694049	0.108293503077	0.0782608695652	0.21505690108	0.195804195804	0.133757961783	0.112582781457	0.104343257934	0.168687469041	0.159920112782	0.156168831169	0.140937796276	0.159775088026	0.181210158663	0.174450877677	0.178532766043	0.231873389768	0.114933819923	0.140931947704	0.0770161290323	0.0	0.10761589404	0.0776358984761	0.12154968851	0.201396960123	0.188556432275	0.191453531172	0.185267238992	0.109134615385	0.153166554922	0.108439490446	0.203821656051	0.111111111111	0.101910828025	0.184723026443	0.0891719745223	0.184800628217	0.0892944634983	0.180271270477	0.219178082192	0.205479452055	0.155046186688	0.178521753247	0.211291913215
MH0398.snv.bam	0.218698880437	0.198100709114	0.198952270772	0.188333333333	0.179430539251	0.179667919799	0.153068377912	0.208616045833	0.172457234538	0.181471514208	0.146395263047	0.173423423423	0.175649154589	0.204710144928	0.185855263158	0.174137931034	0.0970688956629	0.242283357648	0.193726919339	0.236241610738	0.191692329048	0.218976157856	0.209042294083	0.195265906933	0.2156555544	0.200644593502	0.169507230328	0.120550554017	0.128775167785	0.10761589404	0.0	0.128734013647	0.205701542299	0.170293693202	0.209374372345	0.192417435155	0.209453661327	0.174006622517	0.169718086334	0.146546052632	0.205592105263	0.16726618705	0.166118421053	0.215669856459	0.162828947368	0.175896719539	0.139929149798	0.253575125614	0.182624113475	0.196808510638	0.0980527712617	0.185881370111	0.246809665684
MH0403.snv.bam	0.165804827791	0.156560868635	0.121389754545	0.173612646813	0.0904844407316	0.0904808792271	0.153197655085	0.173708028373	0.170092911202	0.183618918683	0.0458065042518	0.0792141039719	0.154882095477	0.159958848305	0.0834736459541	0.0801897109259	0.041586883268	0.143175601039	0.153573158193	0.137024748779	0.109595380228	0.128221052789	0.186548682131	0.142491808337	0.153281521073	0.198912361474	0.0833039064384	0.103260454748	0.0588795874886	0.0776358984761	0.128734013647	0.0	0.109317323777	0.181663896469	0.188558236329	0.171556249231	0.134656915079	0.0586868538901	0.196904969516	0.0456571902578	0.146764785195	0.0495781797292	0.0518280763338	0.172090830457	0.0898027598781	0.165838827157	0.032962448291	0.154848116275	0.184674621728	0.164549905175	0.171178304553	0.140716979663	0.191162582441
MH0417.snv.bam	0.220126544189	0.213041140063	0.151842401867	0.204159223349	0.145925934932	0.145413908541	0.220142923533	0.185250299722	0.238411535929	0.220459912783	0.113947851006	0.14577857131	0.212017603608	0.193720180529	0.151601117559	0.020284875632	0.124709616071	0.0454135240249	0.144275525755	0.0328479144968	0.0988151234596	0.1201041594	0.2152884597	0.159913070822	0.145307666228	0.228970062819	0.164012017761	0.195384127143	0.154972910297	0.12154968851	0.205701542299	0.109317323777	0.0	0.228376221621	0.179835416665	0.195411225606	0.163830474821	0.102085934758	0.226816248756	0.113888686139	0.201171895592	0.130624961359	0.120154576678	0.201791297155	0.12002076161	0.182580711066	0.101273785316	0.0576309099056	0.26376923345	0.202815097496	0.213437478053	0.132479929116	0.183770969133
MH0431.snv.bam	0.245406396741	0.214688374504	0.201910804382	0.188467974478	0.219706108823	0.21988723417	0.21842431561	0.144715882867	0.107147233635	0.151530991063	0.222620704462	0.245308280094	0.106421155486	0.23900641298	0.214547627291	0.211152531633	0.172202322176	0.263416805449	0.22898998261	0.258120214332	0.214254048498	0.208474520336	0.203832136285	0.211637151932	0.258265947393	0.113661453753	0.211105025878	0.181048785848	0.197140791867	0.201396960123	0.170293693202	0.181663896469	0.228376221621	0.0	0.194369842744	0.207601834419	0.252337093638	0.236922762174	0.236730338509	0.224178130436	0.237189136725	0.228827372764	0.228986141028	0.251400688985	0.242395543187	0.1602568087	0.198984613261	0.27429792171	0.19803938741	0.162729762822	0.205805222824	0.208145419875	0.259838032789
MH0434.snv.bam	0.250138155102	0.238271753703	0.243772023896	0.208036951755	0.224750849592	0.22498214346	0.192654384698	0.232242369274	0.240974509161	0.220128574466	0.19249604077	0.184227862145	0.216177110199	0.211533032185	0.24383134981	0.165812520333	0.203155829094	0.175949973458	0.139904919165	0.16991360444	0.19223367947	0.237641452336	0.181425963677	0.228257471976	0.185746318898	0.20266894314	0.243534559021	0.199431889621	0.203784148489	0.188556432275	0.209374372345	0.188558236329	0.179835416665	0.194369842744	0.0	0.199159294954	0.192523961546	0.219759294002	0.282012375655	0.205530067758	0.218190324169	0.210053780212	0.211780067758	0.167086898609	0.185556291535	0.140772308394	0.20549308551	0.181145384116	0.223641856517	0.154563195324	0.231238572697	0.160633223883	0.225801477625
MH0442.snv.bam	0.266679038254	0.247111420987	0.195612828377	0.224348268015	0.18903722295	0.188271388838	0.208554092083	0.217846876604	0.245225893785	0.188668687194	0.182434098719	0.259829792305	0.205707560876	0.215006690987	0.208447641157	0.184360113865	0.173692420535	0.23039162725	0.227082440286	0.232353397137	0.184500047758	0.227687559487	0.188400403701	0.210927965121	0.214707839198	0.176816724718	0.220845264386	0.17550163979	0.200256244921	0.191453531172	0.192417435155	0.171556249231	0.195411225606	0.207601834419	0.199159294954	0.0	0.233431210688	0.196901547309	0.266769559029	0.195622965833	0.227928160638	0.206389622257	0.188967121677	0.234202474997	0.201528330959	0.175643257129	0.182598490308	0.241800777778	0.162059850792	0.175072468306	0.205248657151	0.215023321024	0.255178256075
MH0453.snv.bam	0.258356628024	0.248374103207	0.176102035231	0.204375519247	0.170433259109	0.16968436267	0.208197169587	0.242607237072	0.224401470778	0.231454175853	0.151795900206	0.12894834634	0.225453498416	0.166116941529	0.164068908942	0.145308924485	0.148631977239	0.146316234525	0.156759094942	0.141262541806	0.11214077007	0.170034688398	0.23270720639	0.146796627273	0.0447584955378	0.280375750731	0.176489083456	0.207794712376	0.161448106592	0.185267238992	0.209453661327	0.134656915079	0.163830474821	0.252337093638	0.192523961546	0.233431210688	0.0	0.177923775454	0.201839238855	0.151647525294	0.138911676237	0.178677784395	0.170358217118	0.151690406941	0.120043751709	0.195601604729	0.164189857176	0.158004040046	0.22972972973	0.216803760282	0.215098613613	0.20832942858	0.158662639263
MMRS34569532ST-27-0-0.snv.bam	0.22165251659	0.212134339418	0.152701621953	0.205288461538	0.0579457775164	0.0577983725136	0.209122743308	0.218315589201	0.220648807584	0.232330664239	0.0259213267913	0.102777777778	0.213789855072	0.180729166667	0.0761075949367	0.0995033112583	0.078524629719	0.13571511347	0.198253968254	0.135967741935	0.127197175958	0.158829685316	0.213737295626	0.17349285923	0.158573697904	0.250129119247	0.12702284638	0.159185542971	0.103652597403	0.109134615385	0.174006622517	0.0586868538901	0.102085934758	0.236922762174	0.219759294002	0.196901547309	0.177923775454	0.0	0.215646513435	0.0382911392405	0.164715189873	0.0207191780822	0.0191455696203	0.202699462984	0.120411392405	0.209105687533	0.0509128529698	0.147116676398	0.238265306122	0.20425170068	0.2155340563	0.183932173802	0.222715518735
MMRS51737257ST-27-0-0.snv.bam	0.232740328821	0.218968963482	0.238969984991	0.242338529445	0.220372554124	0.220465668889	0.20768475408	0.255017288991	0.20628876687	0.247363842806	0.201567478654	0.205306267806	0.245357355742	0.207221718088	0.226118558976	0.210836507387	0.196409060493	0.262036004905	0.209577962764	0.243571468736	0.221200162427	0.233046899311	0.247805414875	0.216986057268	0.220608763469	0.261365179876	0.188800787998	0.23320230608	0.167642897566	0.153166554922	0.169718086334	0.196904969516	0.226816248756	0.236730338509	0.282012375655	0.266769559029	0.201839238855	0.215646513435	0.0	0.201711629703	0.201554396999	0.205802391252	0.207843705175	0.226911744054	0.195265088823	0.207929860081	0.201675345233	0.272702487914	0.243280286866	0.229907539118	0.0798000495504	0.220341972405	0.284601398213
MMRS62666492ST-27-0-0.snv.bam	0.207390551077	0.198256485432	0.151042422374	0.191242038217	0.0953171877207	0.0951707097934	0.182650273224	0.216925044047	0.211658634575	0.225982933487	0.0130414566732	0.111111111111	0.199128995105	0.179482758621	0.0882075471698	0.0856907894737	0.0654521477711	0.147589539499	0.177486085343	0.141506410256	0.115533843233	0.145252140125	0.206821966183	0.159648955668	0.157576379049	0.248504904187	0.113645344201	0.145605759682	0.0900806451613	0.108439490446	0.146546052632	0.0456571902578	0.113888686139	0.224178130436	0.205530067758	0.195622965833	0.151647525294	0.0382911392405	0.201711629703	0.0	0.138522012579	0.0549657534247	0.0567610062893	0.188846007242	0.107075471698	0.182633324718	0.0380140299952	0.159160241737	0.223141891892	0.196114864865	0.18868352091	0.182775367677	0.221305926844
MMRS71762412ST-27-0-0.snv.bam	0.270339431848	0.249147126277	0.175854681831	0.178343949045	0.183210269482	0.183063791554	0.207650273224	0.242243515385	0.224318890986	0.2300185729	0.138670387491	0.17094017094	0.205585948747	0.137931034483	0.188679245283	0.177631578947	0.147055921356	0.172692098065	0.144856215213	0.179807692308	0.161631496405	0.195409372829	0.22273961339	0.210916943401	0.144840529992	0.261329579511	0.201413885206	0.220589208871	0.16814516129	0.203821656051	0.205592105263	0.146764785195	0.201171895592	0.237189136725	0.218190324169	0.227928160638	0.138911676237	0.164715189873	0.201554396999	0.138522012579	0.0	0.157534246575	0.157232704403	0.188879359634	0.182389937107	0.195054708366	0.151064344461	0.184318469585	0.263513513514	0.216216216216	0.202476362888	0.232987290018	0.195959104187
MMRS77487595ST-27-0-0.snv.bam	0.191838191611	0.188572676075	0.157851374746	0.215277777778	0.0556878962163	0.0555283757339	0.205591735908	0.222408719245	0.218010945284	0.239103091791	0.0415792440618	0.0948275862069	0.202898550725	0.182481751825	0.0753424657534	0.120567375887	0.0702526814767	0.167684428481	0.193672745694	0.167013888889	0.143409863534	0.185411577259	0.210966377839	0.194721430833	0.164586604581	0.249962803154	0.123593217315	0.151369863014	0.0981514084507	0.111111111111	0.16726618705	0.0495781797292	0.130624961359	0.228827372764	0.210053780212	0.206389622257	0.178677784395	0.0207191780822	0.205802391252	0.0549657534247	0.157534246575	0.0	0.0	0.205489829805	0.123287671233	0.191874648152	0.0686248682824	0.180153918583	0.237037037037	0.192592592593	0.206238283214	0.178190155927	0.234078182354
MMRS93508324ST-27-0-0.snv.bam	0.213888643664	0.204353620302	0.145294693513	0.197452229299	0.0511347977836	0.0509883198562	0.201360965048	0.210396381627	0.219074135741	0.229274676234	0.0444689914026	0.0940170940171	0.205585948747	0.172413793103	0.0691823899371	0.118421052632	0.0715842232428	0.153799730582	0.190310760668	0.154166666667	0.143739036117	0.176541448301	0.212235803201	0.191336853757	0.151129838168	0.241849060031	0.119777419673	0.151737835154	0.0963709677419	0.101910828025	0.166118421053	0.0518280763338	0.120154576678	0.228986141028	0.211780067758	0.188967121677	0.170358217118	0.0191455696203	0.207843705175	0.0567610062893	0.157232704403	0.0	0.0	0.194978082714	0.11320754717	0.201344016542	0.0693033381713	0.165331127813	0.22972972973	0.202702702703	0.207632565496	0.17627727509	0.214818585072
MMRS94549160ST-27-0-0.snv.bam	0.257822295459	0.243207350794	0.202098581449	0.16580775912	0.207837947883	0.207931062648	0.207850387575	0.216899816584	0.22452285369	0.234526420206	0.188701856193	0.162406112406	0.218465827291	0.124357366771	0.213846007242	0.190998803828	0.185830459187	0.18550523458	0.196491398212	0.185780885781	0.211002565587	0.233030224445	0.25639395387	0.211119606979	0.157619260696	0.280017709563	0.201547955217	0.208332079484	0.135090420332	0.184723026443	0.215669856459	0.172090830457	0.201791297155	0.251400688985	0.167086898609	0.234202474997	0.151690406941	0.202699462984	0.226911744054	0.188846007242	0.188879359634	0.205489829805	0.194978082714	0.0	0.170011435106	0.182676206365	0.17623110642	0.19032697563	0.256971744472	0.189404176904	0.214808075202	0.207874335042	0.196032624197
NG-5636_144.snv.bam	0.238944841676	0.225804461565	0.170451926217	0.210191082803	0.138646028691	0.138739143456	0.188782348696	0.22313523513	0.217908634575	0.225621104697	0.10722384661	0.0854700854701	0.232076014973	0.158620689655	0.14465408805	0.118421052632	0.108062210664	0.165978377976	0.144336734694	0.153525641026	0.130638382327	0.16369762203	0.197732791451	0.191336853757	0.113393989112	0.254836073018	0.0946201869683	0.151737835154	0.109274193548	0.0891719745223	0.162828947368	0.0898027598781	0.12002076161	0.242395543187	0.185556291535	0.201528330959	0.120043751709	0.120411392405	0.195265088823	0.107075471698	0.182389937107	0.123287671233	0.11320754717	0.170011435106	0.0	0.163608167485	0.107039187228	0.177467366884	0.216216216216	0.195945945946	0.195005176961	0.201384208356	0.202288218111
NG-5636_193.snv.bam	0.239030996582	0.216083651142	0.194996501808	0.197364976878	0.214070066643	0.214296996476	0.201447119954	0.153224457477	0.166538771562	0.134615473564	0.182399963623	0.19669827889	0.152515096892	0.200094473311	0.22021194107	0.164563806777	0.17944546685	0.216821999824	0.170399712812	0.21130576045	0.178819246815	0.214138834115	0.171800237509	0.191895915567	0.188951842132	0.176825042952	0.18275665634	0.176650206545	0.167427087936	0.184800628217	0.175896719539	0.165838827157	0.182580711066	0.1602568087	0.140772308394	0.175643257129	0.195601604729	0.209105687533	0.207929860081	0.182633324718	0.195054708366	0.191874648152	0.201344016542	0.182676206365	0.163608167485	0.0	0.170018423895	0.228186978467	0.182524990744	0.0879303961496	0.181626240023	0.176270522313	0.252879968807
NG-5636_299.snv.bam	0.195090115663	0.181000837516	0.138355230653	0.178466438021	0.107617623134	0.107713041675	0.182613988754	0.191410590348	0.187146127851	0.200547519844	0.0381624049074	0.102728468113	0.172600722054	0.165649867374	0.113328495404	0.0724949392713	0.0591265551247	0.134813939303	0.157968103325	0.128648915187	0.0903403260588	0.12005862295	0.19185076733	0.134134501969	0.170118710931	0.222493415675	0.0884518270264	0.13299085886	0.0577853598015	0.0892944634983	0.139929149798	0.032962448291	0.101273785316	0.198984613261	0.20549308551	0.182598490308	0.164189857176	0.0509128529698	0.201675345233	0.0380140299952	0.151064344461	0.0686248682824	0.0693033381713	0.17623110642	0.107039187228	0.170018423895	0.0	0.14646549977	0.209589397089	0.182562370062	0.175907920714	0.170160466855	0.208611184877
NG-5636_397.snv.bam	0.26644179931	0.261120270967	0.197219508858	0.191861899328	0.190743607152	0.189997973683	0.241384250868	0.244308193588	0.28526070415	0.265883981038	0.159219781066	0.120703574312	0.260564769162	0.174460543017	0.196976697433	0.067035219831	0.169527669791	0.00670483872341	0.151555641668	0.0198066921005	0.140492172823	0.177754845679	0.261154903692	0.218477129196	0.139680305294	0.275720622598	0.221737048707	0.241053619125	0.183018299964	0.180271270477	0.253575125614	0.154848116275	0.0576309099056	0.27429792171	0.181145384116	0.241800777778	0.158004040046	0.147116676398	0.272702487914	0.159160241737	0.184318469585	0.180153918583	0.165331127813	0.19032697563	0.177467366884	0.228186978467	0.14646549977	0.0	0.312644645487	0.251971727671	0.26035492192	0.159201254193	0.172637316409
