	BYQ_AAAH.snv.bam	MH0458.snv.bam	O2.UC36-0.snv.bam	O2.UC6-0.snv.bam	O2.UC8-1.snv.bam	O2.UC9-1.snv.bam	SAMEA3136632.snv.bam	SAMEA3136650.snv.bam	SAMEA3136652.snv.bam	SAMEA3136662.snv.bam	SAMEA3136663.snv.bam	SAMEA3136664.snv.bam	SAMEA3136696.snv.bam	SAMEA3136706.snv.bam	SAMEA3136712.snv.bam	SAMEA3136763.snv.bam	T2D-13A.snv.bam	T2D-54A.snv.bam	V1.FI28.snv.bam	V1.FI29.snv.bam	V1.FI37.snv.bam	V1.UC55-0.snv.bam	V1.UC55-4.snv.bam	alien-11-60-0.snv.bam	bugkiller-11-2-0.snv.bam	bugkiller-11-7-0.snv.bam	bugkiller-12-7-0.snv.bam	bugkiller-13-7-0.snv.bam	halbarad-11-7-0.snv.bam	peacemaker-11-60-0.snv.bam	peacemaker-11-7-0.snv.bam
BYQ_AAAH.snv.bam	0.0	0.0991782891236	0.110916401048	0.0855463530249	0.0961827243888	0.0864751539143	0.0932372564477	0.0910921792707	0.0868440466299	0.091085246946	0.0954287185462	0.0834677193127	0.0823543411911	0.0858605164909	0.0977395366774	0.107170031061	0.16110999861	0.124955864807	0.0911432434107	0.0941086799188	0.0969098140694	0.101676513882	0.104075399606	0.0943468039415	0.0953783014846	0.0972858812323	0.0987179269338	0.100887177743	0.10171104373	0.0151609856836	0.0147141617066
MH0458.snv.bam	0.0991782891236	0.0	0.106218714071	0.094294814778	0.0876667508433	0.0867538615073	0.0889585780918	0.0990738582077	0.0778056885322	0.0949076312969	0.0930068000072	0.0891932507459	0.0908615043843	0.0843739061413	0.0900929189373	0.104597406882	0.163614241422	0.116415131878	0.0903768996206	0.086227183175	0.0927659461188	0.091311794113	0.0933881507997	0.0802261850579	0.0903048068912	0.0922177800771	0.0933690850369	0.0946075349895	0.0930863637999	0.0916967461156	0.0972028300645
O2.UC36-0.snv.bam	0.110916401048	0.106218714071	0.0	0.10380732243	0.110214019886	0.0886911717373	0.108170449736	0.105457404495	0.0825967914457	0.103437417943	0.101090587629	0.10434601821	0.100707822579	0.0937475508467	0.103888215439	0.110105898709	0.169054892746	0.130705308147	0.102260549026	0.11160043595	0.103939156066	0.111874909319	0.112599360102	0.106489292848	0.0942402680937	0.0973402600978	0.0975840016429	0.097945238993	0.108464687984	0.104009453432	0.111068059572
O2.UC6-0.snv.bam	0.0855463530249	0.094294814778	0.10380732243	0.0	0.0882106680022	0.0441180601015	0.0613275427407	0.0237916256217	0.0748625263344	0.04375173418	0.0702462752894	0.0155798809019	0.0380247114945	0.0613482201225	0.0875071968202	0.101659367091	0.167505416081	0.120885654189	0.070567229751	0.0937253582778	0.0936845276059	0.102304951957	0.1055457209	0.0817007701012	0.087230485588	0.0885960023567	0.0888128773018	0.0907420509757	0.0884747895248	0.0861680666258	0.0867401391568
O2.UC8-1.snv.bam	0.0961827243888	0.0876667508433	0.110214019886	0.0882106680022	0.0	0.0873429043379	0.0921628855931	0.0943695593528	0.0797298392698	0.0898098510118	0.0926112968759	0.0847693995542	0.0814709430467	0.0897092706905	0.0936243307857	0.098778831294	0.153732590395	0.117459875905	0.0918615948207	0.0892654889217	0.097877547895	0.0988990115751	0.101566880759	0.0447209393318	0.0936917013107	0.0963478892017	0.0978202670431	0.0992419912852	0.0932000725309	0.0899704006364	0.0963761122803
O2.UC9-1.snv.bam	0.0864751539143	0.0867538615073	0.0886911717373	0.0441180601015	0.0873429043379	0.0	0.0679123625771	0.0533087933211	0.0671779535716	0.0596552321302	0.0611075244876	0.0437503595304	0.0529044363233	0.052650154589	0.078283100317	0.0915239211415	0.156416626762	0.109944735097	0.063967694629	0.0886726432594	0.0856076258908	0.0965431247871	0.0993971394281	0.0813727780325	0.0827535931976	0.0856564023778	0.0865485738132	0.0874718084955	0.0840034898685	0.0855158426818	0.0875935914074
SAMEA3136632.snv.bam	0.0932372564477	0.0889585780918	0.108170449736	0.0613275427407	0.0921628855931	0.0679123625771	0.0	0.0608476712735	0.0800152576926	0.080079047269	0.0796467078833	0.0546601440786	0.0562721983618	0.0756729358728	0.0878505449947	0.0962814826269	0.161847705917	0.115114724685	0.0749113894648	0.0891197686479	0.0915191455743	0.0929959472161	0.0956300638513	0.0839605952104	0.0865865790555	0.0886184894576	0.0897440867642	0.0930206576969	0.0887041081968	0.0876383407555	0.0910950892662
SAMEA3136650.snv.bam	0.0910921792707	0.0990738582077	0.105457404495	0.0237916256217	0.0943695593528	0.0533087933211	0.0608476712735	0.0	0.0811567677382	0.0517889683622	0.0753616116212	0.0277422320432	0.0334404860181	0.0669576023167	0.0930865035624	0.094595284579	0.16598233824	0.12382090299	0.0670995004035	0.0966977082689	0.0952979227376	0.10376422126	0.106418491486	0.0855576394005	0.088255184632	0.0907321042042	0.0910051521879	0.0920892981534	0.0918685998962	0.0886207378647	0.0905592964896
SAMEA3136652.snv.bam	0.0868440466299	0.0778056885322	0.0825967914457	0.0748625263344	0.0797298392698	0.0671779535716	0.0800152576926	0.0811567677382	0.0	0.0794751193767	0.0806682253578	0.0711165740994	0.0740528261498	0.0653285495867	0.0706091499611	0.0862502930308	0.146792781236	0.104700850223	0.0795338439836	0.0860762765796	0.0764507916218	0.0869491518609	0.0881680387761	0.0775186708246	0.0748315409418	0.0776393622279	0.0789772418691	0.0769486996028	0.0869462249979	0.0807332900112	0.0840989577873
SAMEA3136662.snv.bam	0.091085246946	0.0949076312969	0.103437417943	0.04375173418	0.0898098510118	0.0596552321302	0.080079047269	0.0517889683622	0.0794751193767	0.0	0.0593375485346	0.0450758765867	0.0523756628339	0.0685249141414	0.0903842835908	0.09782923227	0.170740849246	0.124567174414	0.0774454779797	0.0952525695951	0.0892321895709	0.102092442817	0.103769257682	0.0828083062532	0.086869458438	0.0861976833394	0.0864480146821	0.0873297947379	0.0906954295907	0.0907764786644	0.0906852349892
SAMEA3136663.snv.bam	0.0954287185462	0.0930068000072	0.101090587629	0.0702462752894	0.0926112968759	0.0611075244876	0.0796467078833	0.0753616116212	0.0806682253578	0.0593375485346	0.0	0.0643930133115	0.0627121764669	0.0598851429971	0.0949657235808	0.0899074898519	0.170137021055	0.122049074276	0.082583604261	0.0928962314842	0.0947428063024	0.104906414095	0.108165296321	0.0800671581032	0.0924683741379	0.0953360827177	0.0961726375055	0.0973577874347	0.0874713272578	0.0923426783916	0.093379899524
SAMEA3136664.snv.bam	0.0834677193127	0.0891932507459	0.10434601821	0.0155798809019	0.0847693995542	0.0437503595304	0.0546601440786	0.0277422320432	0.0711165740994	0.0450758765867	0.0643930133115	0.0	0.0374416499882	0.0580135459511	0.0793584804488	0.098950595583	0.160751974477	0.117402736072	0.0660408259641	0.0912673899112	0.0928908004691	0.0994081724885	0.101799011597	0.074141677787	0.0839107071578	0.0856893424176	0.0869247845974	0.0879915510758	0.087835369297	0.0816592976773	0.081837951774
SAMEA3136696.snv.bam	0.0823543411911	0.0908615043843	0.100707822579	0.0380247114945	0.0814709430467	0.0529044363233	0.0562721983618	0.0334404860181	0.0740528261498	0.0523756628339	0.0627121764669	0.0374416499882	0.0	0.0615705430399	0.0875932190453	0.0870115806753	0.161274225857	0.116737384935	0.0623044393525	0.0855006262219	0.0879937891288	0.0946321479801	0.0964796361068	0.0749704290937	0.0847656162939	0.0867076007901	0.0876081891582	0.0884110846732	0.0829847102431	0.0804656134434	0.08157875695
SAMEA3136706.snv.bam	0.0858605164909	0.0843739061413	0.0937475508467	0.0613482201225	0.0897092706905	0.052650154589	0.0756729358728	0.0669576023167	0.0653285495867	0.0685249141414	0.0598851429971	0.0580135459511	0.0615705430399	0.0	0.0847622678999	0.0911242370826	0.158263285093	0.11441603475	0.0747000122322	0.084582124818	0.0841026668288	0.0958466688091	0.0985562182115	0.0787215061829	0.0777532066442	0.0806436881134	0.0817911980244	0.0844082263044	0.078565766311	0.0828915149623	0.0855481671215
SAMEA3136712.snv.bam	0.0977395366774	0.0900929189373	0.103888215439	0.0875071968202	0.0936243307857	0.078283100317	0.0878505449947	0.0930865035624	0.0706091499611	0.0903842835908	0.0949657235808	0.0793584804488	0.0875932190453	0.0847622678999	0.0	0.0996584588663	0.157689318845	0.113648515653	0.0840641215784	0.0980756773667	0.0870803634671	0.0885418008809	0.0906136530718	0.0913032070325	0.0875505619819	0.0916548530401	0.091082638952	0.0909548738462	0.0819191998558	0.0928726516563	0.0954037957474
SAMEA3136763.snv.bam	0.107170031061	0.104597406882	0.110105898709	0.101659367091	0.098778831294	0.0915239211415	0.0962814826269	0.094595284579	0.0862502930308	0.09782923227	0.0899074898519	0.098950595583	0.0870115806753	0.0911242370826	0.0996584588663	0.0	0.16517236087	0.122783482778	0.0920625177802	0.0967753897445	0.0888174711996	0.0980261127915	0.100013692327	0.0917523736778	0.102073336565	0.103765090605	0.105276835368	0.105048071899	0.0947434197258	0.104730556015	0.107892667253
T2D-13A.snv.bam	0.16110999861	0.163614241422	0.169054892746	0.167505416081	0.153732590395	0.156416626762	0.161847705917	0.16598233824	0.146792781236	0.170740849246	0.170137021055	0.160751974477	0.161274225857	0.158263285093	0.157689318845	0.16517236087	0.0	0.151638840745	0.160438867941	0.163625416958	0.155443611333	0.168937577701	0.171436484522	0.160552265727	0.164316962248	0.166704393346	0.167583362931	0.164226511822	0.162706118385	0.154046779597	0.156324392856
T2D-54A.snv.bam	0.124955864807	0.116415131878	0.130705308147	0.120885654189	0.117459875905	0.109944735097	0.115114724685	0.12382090299	0.104700850223	0.124567174414	0.122049074276	0.117402736072	0.116737384935	0.11441603475	0.113648515653	0.122783482778	0.151638840745	0.0	0.114136896092	0.111976475974	0.116968219478	0.125040052184	0.126836933207	0.115786979058	0.115361830228	0.117621469829	0.118353549747	0.1209194159	0.121734598014	0.11622170384	0.121440067122
V1.FI28.snv.bam	0.0911432434107	0.0903768996206	0.102260549026	0.070567229751	0.0918615948207	0.063967694629	0.0749113894648	0.0670995004035	0.0795338439836	0.0774454779797	0.082583604261	0.0660408259641	0.0623044393525	0.0747000122322	0.0840641215784	0.0920625177802	0.160438867941	0.114136896092	0.0	0.0917530593551	0.0931813168736	0.095988830365	0.0978695223858	0.0890759709564	0.0930515634081	0.0951264990057	0.0963681077933	0.0985596042456	0.0909434101443	0.0846444804283	0.089511942948
V1.FI29.snv.bam	0.0941086799188	0.086227183175	0.11160043595	0.0937253582778	0.0892654889217	0.0886726432594	0.0891197686479	0.0966977082689	0.0860762765796	0.0952525695951	0.0928962314842	0.0912673899112	0.0855006262219	0.084582124818	0.0980756773667	0.0967753897445	0.163625416958	0.111976475974	0.0917530593551	0.0	0.0941553207932	0.0973705902915	0.0986399271013	0.0838083479691	0.0883877109171	0.0903264366191	0.0921623608078	0.0925527990332	0.0816034769462	0.0872714550377	0.0905907077591
V1.FI37.snv.bam	0.0969098140694	0.0927659461188	0.103939156066	0.0936845276059	0.097877547895	0.0856076258908	0.0915191455743	0.0952979227376	0.0764507916218	0.0892321895709	0.0947428063024	0.0928908004691	0.0879937891288	0.0841026668288	0.0870803634671	0.0888174711996	0.155443611333	0.116968219478	0.0931813168736	0.0941553207932	0.0	0.0685538013167	0.070729107552	0.0932321709843	0.0926499950092	0.0955055487997	0.0958884334191	0.0939760227903	0.0929032979538	0.0910525377463	0.0949936008212
V1.UC55-0.snv.bam	0.101676513882	0.091311794113	0.111874909319	0.102304951957	0.0988990115751	0.0965431247871	0.0929959472161	0.10376422126	0.0869491518609	0.102092442817	0.104906414095	0.0994081724885	0.0946321479801	0.0958466688091	0.0885418008809	0.0980261127915	0.168937577701	0.125040052184	0.095988830365	0.0973705902915	0.0685538013167	0.0	0.00226649990562	0.0970490916772	0.0944323628161	0.096232933461	0.0976426901773	0.0988837582662	0.094138432516	0.0942263412074	0.0988278416877
V1.UC55-4.snv.bam	0.104075399606	0.0933881507997	0.112599360102	0.1055457209	0.101566880759	0.0993971394281	0.0956300638513	0.106418491486	0.0881680387761	0.103769257682	0.108165296321	0.101799011597	0.0964796361068	0.0985562182115	0.0906136530718	0.100013692327	0.171436484522	0.126836933207	0.0978695223858	0.0986399271013	0.070729107552	0.00226649990562	0.0	0.0998487485942	0.096768116701	0.0978128776287	0.0992513324912	0.100729724622	0.0963150495206	0.0974150255547	0.10053321504
alien-11-60-0.snv.bam	0.0943468039415	0.0802261850579	0.106489292848	0.0817007701012	0.0447209393318	0.0813727780325	0.0839605952104	0.0855576394005	0.0775186708246	0.0828083062532	0.0800671581032	0.074141677787	0.0749704290937	0.0787215061829	0.0913032070325	0.0917523736778	0.160552265727	0.115786979058	0.0890759709564	0.0838083479691	0.0932321709843	0.0970490916772	0.0998487485942	0.0	0.0896218412444	0.0912242183699	0.0926402275179	0.0961412581593	0.0751196567778	0.0865431154052	0.0907234152167
bugkiller-11-2-0.snv.bam	0.0953783014846	0.0903048068912	0.0942402680937	0.087230485588	0.0936917013107	0.0827535931976	0.0865865790555	0.088255184632	0.0748315409418	0.086869458438	0.0924683741379	0.0839107071578	0.0847656162939	0.0777532066442	0.0875505619819	0.102073336565	0.164316962248	0.115361830228	0.0930515634081	0.0883877109171	0.0926499950092	0.0944323628161	0.096768116701	0.0896218412444	0.0	0.0028093767919	0.00329541328708	0.00355023049679	0.091446487283	0.0853840807288	0.0925536456971
bugkiller-11-7-0.snv.bam	0.0972858812323	0.0922177800771	0.0973402600978	0.0885960023567	0.0963478892017	0.0856564023778	0.0886184894576	0.0907321042042	0.0776393622279	0.0861976833394	0.0953360827177	0.0856893424176	0.0867076007901	0.0806436881134	0.0916548530401	0.103765090605	0.166704393346	0.117621469829	0.0951264990057	0.0903264366191	0.0955055487997	0.096232933461	0.0978128776287	0.0912242183699	0.0028093767919	0.0	0.000296452776665	0.000454221718991	0.0933349376795	0.087434660925	0.0944337098404
bugkiller-12-7-0.snv.bam	0.0987179269338	0.0933690850369	0.0975840016429	0.0888128773018	0.0978202670431	0.0865485738132	0.0897440867642	0.0910051521879	0.0789772418691	0.0864480146821	0.0961726375055	0.0869247845974	0.0876081891582	0.0817911980244	0.091082638952	0.105276835368	0.167583362931	0.118353549747	0.0963681077933	0.0921623608078	0.0958884334191	0.0976426901773	0.0992513324912	0.0926402275179	0.00329541328708	0.000296452776665	0.0	0.000201870404989	0.0937078486075	0.0888584778978	0.0954898008379
bugkiller-13-7-0.snv.bam	0.100887177743	0.0946075349895	0.097945238993	0.0907420509757	0.0992419912852	0.0874718084955	0.0930206576969	0.0920892981534	0.0769486996028	0.0873297947379	0.0973577874347	0.0879915510758	0.0884110846732	0.0844082263044	0.0909548738462	0.105048071899	0.164226511822	0.1209194159	0.0985596042456	0.0925527990332	0.0939760227903	0.0988837582662	0.100729724622	0.0961412581593	0.00355023049679	0.000454221718991	0.000201870404989	0.0	0.0972702154896	0.090778574498	0.0978703338924
halbarad-11-7-0.snv.bam	0.10171104373	0.0930863637999	0.108464687984	0.0884747895248	0.0932000725309	0.0840034898685	0.0887041081968	0.0918685998962	0.0869462249979	0.0906954295907	0.0874713272578	0.087835369297	0.0829847102431	0.078565766311	0.0819191998558	0.0947434197258	0.162706118385	0.121734598014	0.0909434101443	0.0816034769462	0.0929032979538	0.094138432516	0.0963150495206	0.0751196567778	0.091446487283	0.0933349376795	0.0937078486075	0.0972702154896	0.0	0.0956367384065	0.0965582377986
peacemaker-11-60-0.snv.bam	0.0151609856836	0.0916967461156	0.104009453432	0.0861680666258	0.0899704006364	0.0855158426818	0.0876383407555	0.0886207378647	0.0807332900112	0.0907764786644	0.0923426783916	0.0816592976773	0.0804656134434	0.0828915149623	0.0928726516563	0.104730556015	0.154046779597	0.11622170384	0.0846444804283	0.0872714550377	0.0910525377463	0.0942263412074	0.0974150255547	0.0865431154052	0.0853840807288	0.087434660925	0.0888584778978	0.090778574498	0.0956367384065	0.0	0.0134506724481
peacemaker-11-7-0.snv.bam	0.0147141617066	0.0972028300645	0.111068059572	0.0867401391568	0.0963761122803	0.0875935914074	0.0910950892662	0.0905592964896	0.0840989577873	0.0906852349892	0.093379899524	0.081837951774	0.08157875695	0.0855481671215	0.0954037957474	0.107892667253	0.156324392856	0.121440067122	0.089511942948	0.0905907077591	0.0949936008212	0.0988278416877	0.10053321504	0.0907234152167	0.0925536456971	0.0944337098404	0.0954898008379	0.0978703338924	0.0965582377986	0.0134506724481	0.0
