	BGI003A.snv.bam	BYQ_AAAP.snv.bam	BYQ_AAAY.snv.bam	CCIS90443472ST-4-0.snv.bam	DLF014.snv.bam	MMRS21365932ST-27-0-0.snv.bam	N042A.snv.bam	NOM002.snv.bam	SAMEA3136652.snv.bam	SAMEA3136656.snv.bam	SAMEA3136720.snv.bam	SAMEA3136728.snv.bam	SAMEA3136743.snv.bam	SAMEA3178936.snv.bam	SZEY-10A.snv.bam	SZEY-35A.snv.bam	T2D-127A.snv.bam	T2D-45A.snv.bam	V1.CD35-1.snv.bam	V1.FI27.snv.bam
BGI003A.snv.bam	0.0	0.134867503487	0.131598062954	0.148244552058	0.237778679654	0.116607142857	0.241306428622	0.57744035009	0.125463239689	0.104542737597	0.129801684742	0.157617071725	0.132325627346	0.516063199473	0.575435616942	0.495964027882	0.608924938426	0.0833234538629	0.583014538505	0.111921535392
BYQ_AAAP.snv.bam	0.134867503487	0.0	0.00134619248543	0.072774763914	0.291524312479	0.100612527169	0.294994153081	0.565884879502	0.0760317460317	0.0843650793651	0.0478811062609	0.0506099960645	0.099803227076	0.505723023154	0.567465705989	0.518987896162	0.597404690028	0.130743175931	0.583750808663	0.0549852205075
BYQ_AAAY.snv.bam	0.131598062954	0.00134619248543	0.0	0.0726443768997	0.290066026411	0.101140456182	0.293287564447	0.573503922642	0.0759303721489	0.0804701627486	0.0477449256859	0.0505080693365	0.0955369595537	0.5073089701	0.575961963733	0.524889122316	0.605513635703	0.131658595642	0.592650949269	0.0549382129148
CCIS90443472ST-4-0.snv.bam	0.148244552058	0.072774763914	0.0726443768997	0.0	0.264555822329	0.0669456066946	0.267642591103	0.551644316731	0.0970464135021	0.113924050633	0.0666903957284	0.0627615062762	0.0874676230325	0.483720930233	0.552040130849	0.495617413632	0.583559399463	0.148305084746	0.56454248366	0.0588234490176
DLF014.snv.bam	0.237778679654	0.291524312479	0.290066026411	0.264555822329	0.0	0.276899753139	0.000540023614273	0.572420321361	0.273899337177	0.311243735518	0.264863479465	0.283990700657	0.258907416315	0.516026211232	0.580996953497	0.515083754387	0.603815729672	0.212838203463	0.591046755805	0.288119296376
MMRS21365932ST-27-0-0.snv.bam	0.116607142857	0.100612527169	0.101140456182	0.0669456066946	0.276899753139	0.0	0.280284855828	0.564132744217	0.124481327801	0.0788381742739	0.0816339915209	0.082304526749	0.0744660003919	0.488584474886	0.565544017315	0.491263824317	0.587000333697	0.166666666667	0.568153672952	0.0702008408033
N042A.snv.bam	0.241306428622	0.294994153081	0.293287564447	0.267642591103	0.000540023614273	0.280284855828	0.0	0.56987742497	0.277442008256	0.314632090901	0.26841414446	0.287332868714	0.262376040479	0.518735992632	0.58085757044	0.517536039187	0.601129026906	0.216469439884	0.588814978866	0.291444543959
NOM002.snv.bam	0.57744035009	0.565884879502	0.573503922642	0.551644316731	0.572420321361	0.564132744217	0.56987742497	0.0	0.536746075044	0.583554585682	0.548686890042	0.578630074411	0.569789407342	0.197992322405	0.0911071618631	0.153515441673	0.0623518266585	0.577501400151	0.0989652178637	0.565627585915
SAMEA3136652.snv.bam	0.125463239689	0.0760317460317	0.0759303721489	0.0970464135021	0.273899337177	0.124481327801	0.277442008256	0.536746075044	0.0	0.0995850622407	0.0570890056041	0.0909090909091	0.107044470681	0.495412844037	0.544918640651	0.493153987719	0.568141360764	0.150627615063	0.552483141779	0.0782306619348
SAMEA3136656.snv.bam	0.104542737597	0.0843650793651	0.0804701627486	0.113924050633	0.311243735518	0.0788381742739	0.314632090901	0.583554585682	0.0995850622407	0.0	0.0815968196906	0.115702479339	0.0987800078709	0.536697247706	0.582127942976	0.527453504627	0.615149907773	0.1589958159	0.598145242235	0.0828876211372
SAMEA3136720.snv.bam	0.129801684742	0.0478811062609	0.0477449256859	0.0666903957284	0.264863479465	0.0816339915209	0.26841414446	0.548686890042	0.0570890056041	0.0815968196906	0.0	0.0696633293338	0.0898708343396	0.482926692431	0.55431564113	0.490640994646	0.581103201568	0.137192551198	0.564042402331	0.0629049827229
SAMEA3136728.snv.bam	0.157617071725	0.0506099960645	0.0505080693365	0.0627615062762	0.283990700657	0.082304526749	0.287332868714	0.578630074411	0.0909090909091	0.115702479339	0.0696633293338	0.0	0.0979703356753	0.513636363636	0.58137100341	0.527190791664	0.614174061097	0.165975103734	0.597257049998	0.0696487220745
SAMEA3136743.snv.bam	0.132325627346	0.099803227076	0.0955369595537	0.0874676230325	0.258907416315	0.0744660003919	0.262376040479	0.569789407342	0.107044470681	0.0987800078709	0.0898708343396	0.0979703356753	0.0	0.52683982684	0.567107233386	0.517621413674	0.596821357303	0.157281169729	0.587776334635	0.118703140246
SAMEA3178936.snv.bam	0.516063199473	0.505723023154	0.5073089701	0.483720930233	0.516026211232	0.488584474886	0.518735992632	0.197992322405	0.495412844037	0.536697247706	0.482926692431	0.513636363636	0.52683982684	0.0	0.14741046031	0.101401098901	0.173295742255	0.506912442396	0.147773883799	0.490700565965
SZEY-10A.snv.bam	0.575435616942	0.567465705989	0.575961963733	0.552040130849	0.580996953497	0.565544017315	0.58085757044	0.0911071618631	0.544918640651	0.582127942976	0.55431564113	0.58137100341	0.567107233386	0.14741046031	0.0	0.150106258702	0.0389676799346	0.57082947542	0.101589604369	0.558118120978
SZEY-35A.snv.bam	0.495964027882	0.518987896162	0.524889122316	0.495617413632	0.515083754387	0.491263824317	0.517536039187	0.153515441673	0.493153987719	0.527453504627	0.490640994646	0.527190791664	0.517621413674	0.101401098901	0.150106258702	0.0	0.193713060056	0.496033376009	0.151418753863	0.502876964997
T2D-127A.snv.bam	0.608924938426	0.597404690028	0.605513635703	0.583559399463	0.603815729672	0.587000333697	0.601129026906	0.0623518266585	0.568141360764	0.615149907773	0.581103201568	0.614174061097	0.596821357303	0.173295742255	0.0389676799346	0.193713060056	0.0	0.609206345145	0.0812900306821	0.588404612904
T2D-45A.snv.bam	0.0833234538629	0.130743175931	0.131658595642	0.148305084746	0.212838203463	0.166666666667	0.216469439884	0.577501400151	0.150627615063	0.1589958159	0.137192551198	0.165975103734	0.157281169729	0.506912442396	0.57082947542	0.496033376009	0.609206345145	0.0	0.583080069304	0.161542822358
V1.CD35-1.snv.bam	0.583014538505	0.583750808663	0.592650949269	0.56454248366	0.591046755805	0.568153672952	0.588814978866	0.0989652178637	0.552483141779	0.598145242235	0.564042402331	0.597257049998	0.587776334635	0.147773883799	0.101589604369	0.151418753863	0.0812900306821	0.583080069304	0.0	0.574263431113
V1.FI27.snv.bam	0.111921535392	0.0549852205075	0.0549382129148	0.0588234490176	0.288119296376	0.0702008408033	0.291444543959	0.565627585915	0.0782306619348	0.0828876211372	0.0629049827229	0.0696487220745	0.118703140246	0.490700565965	0.558118120978	0.502876964997	0.588404612904	0.161542822358	0.574263431113	0.0
