	763678604-stool1.snv.bam	BGI002A.snv.bam	CCIS16326685ST-4-0.snv.bam	CCIS16383318ST-4-0.snv.bam	CCIS33816588ST-4-0.snv.bam	CCIS36797902ST-4-0.snv.bam	CCIS50471204ST-4-0.snv.bam	CCIS88317640ST-4-0.snv.bam	CCIS91228662ST-4-0.snv.bam	CCMD86114146ST-21-0.snv.bam	DLM019.snv.bam	M4.3-V1.metaG.snv.bam	MH0298.snv.bam	MH0309.snv.bam	MH0318.snv.bam	MH0389.snv.bam	MH0429.snv.bam	MH0436.snv.bam	MH0438.snv.bam	MMRS20257302ST-27-0-0.snv.bam	MMRS38954404ST-27-0-0.snv.bam	MMRS51307502ST-27-0-0.snv.bam	MMRS72802364ST-27-0-0.snv.bam	MMRS88581325ST-27-0-0.snv.bam	MMRS95479054ST-27-0-0.snv.bam	N021A.snv.bam	N037A.snv.bam	NG-5636_231.snv.bam	NLM021.snv.bam	SZEY-62A.snv.bam	SZEY-93A.snv.bam	T2D-47A.snv.bam	T2D-70A.snv.bam	V1.FI04.snv.bam	V1.UC62-0.snv.bam
763678604-stool1.snv.bam	0.0	0.106138107417	0.117647058824	0.104859335038	0.109974424552	0.106138107417	0.113810741688	0.108695652174	0.101023017903	0.113810741688	0.111253196931	0.122762148338	0.0946291560102	0.121483375959	0.107416879795	0.0946291560102	0.108695652174	0.0946291560102	0.108695652174	0.0984654731458	0.0984654731458	0.106138107417	0.101023017903	0.111253196931	0.112531969309	0.104859335038	0.104859335038	0.0946291560102	0.117647058824	0.117647058824	0.127877237852	0.104859335038	0.107416879795	0.102301790281	0.0971867007673
BGI002A.snv.bam	0.106138107417	0.0	0.111253196931	0.113810741688	0.136828644501	0.10358056266	0.12915601023	0.0882352941176	0.107416879795	0.113810741688	0.134271099744	0.0920716112532	0.121483375959	0.12915601023	0.117647058824	0.112531969309	0.130434782609	0.116368286445	0.124040920716	0.127877237852	0.104859335038	0.0882352941176	0.0882352941176	0.126598465473	0.122762148338	0.120204603581	0.115089514066	0.0984654731458	0.111253196931	0.111253196931	0.144501278772	0.122762148338	0.124040920716	0.116368286445	0.126598465473
CCIS16326685ST-4-0.snv.bam	0.117647058824	0.111253196931	0.0	0.132992327366	0.136828644501	0.125319693095	0.135549872123	0.124040920716	0.122762148338	0.118925831202	0.143222506394	0.116368286445	0.12915601023	0.136828644501	0.127877237852	0.122762148338	0.139386189258	0.12915601023	0.125319693095	0.126598465473	0.112531969309	0.109974424552	0.116368286445	0.135549872123	0.139386189258	0.136828644501	0.122762148338	0.0933503836317	0.125319693095	0.130434782609	0.0882352941176	0.141943734015	0.12915601023	0.135549872123	0.122762148338
CCIS16383318ST-4-0.snv.bam	0.104859335038	0.113810741688	0.132992327366	0.0	0.124040920716	0.106138107417	0.120204603581	0.111253196931	0.109974424552	0.116368286445	0.118925831202	0.120204603581	0.104859335038	0.134271099744	0.106138107417	0.107416879795	0.124040920716	0.108695652174	0.106138107417	0.104859335038	0.0831202046036	0.113810741688	0.111253196931	0.113810741688	0.116368286445	0.124040920716	0.127877237852	0.0984654731458	0.126598465473	0.116368286445	0.131713554987	0.130434782609	0.120204603581	0.107416879795	0.108695652174
CCIS33816588ST-4-0.snv.bam	0.109974424552	0.136828644501	0.136828644501	0.124040920716	0.0	0.132992327366	0.130434782609	0.121483375959	0.131713554987	0.102301790281	0.124040920716	0.144501278772	0.113810741688	0.104859335038	0.122762148338	0.107416879795	0.132992327366	0.115089514066	0.115089514066	0.116368286445	0.106138107417	0.120204603581	0.127877237852	0.127877237852	0.107416879795	0.135549872123	0.139386189258	0.107416879795	0.144501278772	0.126598465473	0.153452685422	0.132992327366	0.0984654731458	0.118925831202	0.117647058824
CCIS36797902ST-4-0.snv.bam	0.106138107417	0.10358056266	0.125319693095	0.106138107417	0.132992327366	0.0	0.120204603581	0.0971867007673	0.106138107417	0.122762148338	0.124040920716	0.111253196931	0.111253196931	0.131713554987	0.108695652174	0.0933503836317	0.140664961637	0.0971867007673	0.113810741688	0.115089514066	0.0997442455243	0.109974424552	0.112531969309	0.125319693095	0.135549872123	0.118925831202	0.122762148338	0.108695652174	0.136828644501	0.132992327366	0.141943734015	0.117647058824	0.124040920716	0.117647058824	0.109974424552
CCIS50471204ST-4-0.snv.bam	0.113810741688	0.12915601023	0.135549872123	0.120204603581	0.130434782609	0.120204603581	0.0	0.125319693095	0.134271099744	0.116368286445	0.136828644501	0.132992327366	0.108695652174	0.130434782609	0.122762148338	0.113810741688	0.131713554987	0.118925831202	0.126598465473	0.118925831202	0.0997442455243	0.118925831202	0.122762148338	0.0230179028133	0.131713554987	0.136828644501	0.131713554987	0.104859335038	0.135549872123	0.131713554987	0.141943734015	0.147058823529	0.121483375959	0.113810741688	0.120204603581
CCIS88317640ST-4-0.snv.bam	0.108695652174	0.0882352941176	0.124040920716	0.111253196931	0.121483375959	0.0971867007673	0.125319693095	0.0	0.0869565217391	0.112531969309	0.125319693095	0.10358056266	0.107416879795	0.127877237852	0.124040920716	0.116368286445	0.12915601023	0.121483375959	0.111253196931	0.122762148338	0.0728900255754	0.0856777493606	0.0818414322251	0.12915601023	0.116368286445	0.125319693095	0.113810741688	0.10358056266	0.116368286445	0.106138107417	0.125319693095	0.122762148338	0.121483375959	0.109974424552	0.120204603581
CCIS91228662ST-4-0.snv.bam	0.101023017903	0.107416879795	0.122762148338	0.109974424552	0.131713554987	0.106138107417	0.134271099744	0.0869565217391	0.0	0.126598465473	0.12915601023	0.0728900255754	0.106138107417	0.130434782609	0.125319693095	0.125319693095	0.127877237852	0.132992327366	0.125319693095	0.117647058824	0.0869565217391	0.0933503836317	0.0895140664962	0.131713554987	0.124040920716	0.126598465473	0.109974424552	0.0997442455243	0.0997442455243	0.0984654731458	0.122762148338	0.136828644501	0.122762148338	0.122762148338	0.122762148338
CCMD86114146ST-21-0.snv.bam	0.113810741688	0.113810741688	0.118925831202	0.116368286445	0.102301790281	0.122762148338	0.116368286445	0.112531969309	0.126598465473	0.0	0.125319693095	0.121483375959	0.127877237852	0.116368286445	0.124040920716	0.113810741688	0.127877237852	0.117647058824	0.127877237852	0.118925831202	0.0959079283887	0.107416879795	0.113810741688	0.118925831202	0.122762148338	0.130434782609	0.120204603581	0.076726342711	0.126598465473	0.127877237852	0.140664961637	0.124040920716	0.108695652174	0.10358056266	0.120204603581
DLM019.snv.bam	0.111253196931	0.134271099744	0.143222506394	0.118925831202	0.124040920716	0.124040920716	0.136828644501	0.125319693095	0.12915601023	0.125319693095	0.0	0.140664961637	0.125319693095	0.12915601023	0.135549872123	0.113810741688	0.136828644501	0.122762148338	0.130434782609	0.125319693095	0.112531969309	0.122762148338	0.122762148338	0.134271099744	0.139386189258	0.0971867007673	0.125319693095	0.104859335038	0.130434782609	0.120204603581	0.152173913043	0.101023017903	0.124040920716	0.122762148338	0.135549872123
M4.3-V1.metaG.snv.bam	0.122762148338	0.0920716112532	0.116368286445	0.120204603581	0.144501278772	0.111253196931	0.132992327366	0.10358056266	0.0728900255754	0.121483375959	0.140664961637	0.0	0.111253196931	0.144501278772	0.132992327366	0.13810741688	0.145780051151	0.141943734015	0.131713554987	0.139386189258	0.111253196931	0.0997442455243	0.102301790281	0.127877237852	0.134271099744	0.125319693095	0.121483375959	0.0997442455243	0.108695652174	0.109974424552	0.143222506394	0.145780051151	0.126598465473	0.127877237852	0.139386189258
MH0298.snv.bam	0.0946291560102	0.121483375959	0.12915601023	0.104859335038	0.113810741688	0.111253196931	0.108695652174	0.107416879795	0.106138107417	0.127877237852	0.125319693095	0.111253196931	0.0	0.116368286445	0.0984654731458	0.104859335038	0.113810741688	0.0997442455243	0.0971867007673	0.101023017903	0.0818414322251	0.108695652174	0.108695652174	0.113810741688	0.117647058824	0.117647058824	0.113810741688	0.0895140664962	0.122762148338	0.109974424552	0.150895140665	0.121483375959	0.109974424552	0.113810741688	0.102301790281
MH0309.snv.bam	0.121483375959	0.12915601023	0.136828644501	0.134271099744	0.104859335038	0.131713554987	0.130434782609	0.127877237852	0.130434782609	0.116368286445	0.12915601023	0.144501278772	0.116368286445	0.0	0.118925831202	0.112531969309	0.120204603581	0.116368286445	0.118925831202	0.120204603581	0.10358056266	0.122762148338	0.134271099744	0.125319693095	0.113810741688	0.130434782609	0.132992327366	0.0971867007673	0.132992327366	0.12915601023	0.154731457801	0.150895140665	0.0166240409207	0.115089514066	0.132992327366
MH0318.snv.bam	0.107416879795	0.117647058824	0.127877237852	0.106138107417	0.122762148338	0.108695652174	0.122762148338	0.124040920716	0.125319693095	0.124040920716	0.135549872123	0.132992327366	0.0984654731458	0.118925831202	0.0	0.0856777493606	0.126598465473	0.0843989769821	0.111253196931	0.113810741688	0.0895140664962	0.125319693095	0.122762148338	0.121483375959	0.113810741688	0.131713554987	0.122762148338	0.107416879795	0.132992327366	0.121483375959	0.157289002558	0.117647058824	0.111253196931	0.120204603581	0.102301790281
MH0389.snv.bam	0.0946291560102	0.112531969309	0.122762148338	0.107416879795	0.107416879795	0.0933503836317	0.113810741688	0.116368286445	0.125319693095	0.113810741688	0.113810741688	0.13810741688	0.104859335038	0.112531969309	0.0856777493606	0.0	0.117647058824	0.0345268542199	0.0997442455243	0.0920716112532	0.0984654731458	0.113810741688	0.120204603581	0.113810741688	0.118925831202	0.120204603581	0.118925831202	0.0997442455243	0.124040920716	0.120204603581	0.145780051151	0.117647058824	0.104859335038	0.111253196931	0.0818414322251
MH0429.snv.bam	0.108695652174	0.130434782609	0.139386189258	0.124040920716	0.132992327366	0.140664961637	0.131713554987	0.12915601023	0.127877237852	0.127877237852	0.136828644501	0.145780051151	0.113810741688	0.120204603581	0.126598465473	0.117647058824	0.0	0.126598465473	0.115089514066	0.116368286445	0.0997442455243	0.116368286445	0.130434782609	0.134271099744	0.131713554987	0.136828644501	0.140664961637	0.106138107417	0.143222506394	0.139386189258	0.159846547315	0.141943734015	0.126598465473	0.111253196931	0.121483375959
MH0436.snv.bam	0.0946291560102	0.116368286445	0.12915601023	0.108695652174	0.115089514066	0.0971867007673	0.118925831202	0.121483375959	0.132992327366	0.117647058824	0.122762148338	0.141943734015	0.0997442455243	0.116368286445	0.0843989769821	0.0345268542199	0.126598465473	0.0	0.108695652174	0.0907928388747	0.0984654731458	0.117647058824	0.120204603581	0.118925831202	0.122762148338	0.124040920716	0.117647058824	0.0997442455243	0.125319693095	0.124040920716	0.154731457801	0.124040920716	0.108695652174	0.109974424552	0.0780051150895
MH0438.snv.bam	0.108695652174	0.124040920716	0.125319693095	0.106138107417	0.115089514066	0.113810741688	0.126598465473	0.111253196931	0.125319693095	0.127877237852	0.130434782609	0.131713554987	0.0971867007673	0.118925831202	0.111253196931	0.0997442455243	0.115089514066	0.108695652174	0.0	0.116368286445	0.0984654731458	0.10358056266	0.116368286445	0.117647058824	0.12915601023	0.130434782609	0.115089514066	0.10358056266	0.127877237852	0.127877237852	0.153452685422	0.13810741688	0.109974424552	0.127877237852	0.107416879795
MMRS20257302ST-27-0-0.snv.bam	0.0984654731458	0.127877237852	0.126598465473	0.104859335038	0.116368286445	0.115089514066	0.118925831202	0.122762148338	0.117647058824	0.118925831202	0.125319693095	0.139386189258	0.101023017903	0.120204603581	0.113810741688	0.0920716112532	0.116368286445	0.0907928388747	0.116368286445	0.0	0.0959079283887	0.106138107417	0.116368286445	0.116368286445	0.120204603581	0.118925831202	0.12915601023	0.0907928388747	0.130434782609	0.132992327366	0.132992327366	0.134271099744	0.111253196931	0.10358056266	0.0588235294118
MMRS38954404ST-27-0-0.snv.bam	0.0984654731458	0.104859335038	0.112531969309	0.0831202046036	0.106138107417	0.0997442455243	0.0997442455243	0.0728900255754	0.0869565217391	0.0959079283887	0.112531969309	0.111253196931	0.0818414322251	0.10358056266	0.0895140664962	0.0984654731458	0.0997442455243	0.0984654731458	0.0984654731458	0.0959079283887	0.0	0.0856777493606	0.10358056266	0.101023017903	0.104859335038	0.112531969309	0.0997442455243	0.0818414322251	0.10358056266	0.104859335038	0.109974424552	0.117647058824	0.0971867007673	0.0869565217391	0.109974424552
MMRS51307502ST-27-0-0.snv.bam	0.106138107417	0.0882352941176	0.109974424552	0.113810741688	0.120204603581	0.109974424552	0.118925831202	0.0856777493606	0.0933503836317	0.107416879795	0.122762148338	0.0997442455243	0.108695652174	0.122762148338	0.125319693095	0.113810741688	0.116368286445	0.117647058824	0.10358056266	0.106138107417	0.0856777493606	0.0	0.0856777493606	0.116368286445	0.126598465473	0.109974424552	0.107416879795	0.0831202046036	0.109974424552	0.108695652174	0.116368286445	0.126598465473	0.116368286445	0.111253196931	0.116368286445
MMRS72802364ST-27-0-0.snv.bam	0.101023017903	0.0882352941176	0.116368286445	0.111253196931	0.127877237852	0.112531969309	0.122762148338	0.0818414322251	0.0895140664962	0.113810741688	0.122762148338	0.102301790281	0.108695652174	0.134271099744	0.122762148338	0.120204603581	0.130434782609	0.120204603581	0.116368286445	0.116368286445	0.10358056266	0.0856777493606	0.0	0.125319693095	0.125319693095	0.111253196931	0.107416879795	0.0882352941176	0.113810741688	0.112531969309	0.130434782609	0.120204603581	0.120204603581	0.117647058824	0.117647058824
MMRS88581325ST-27-0-0.snv.bam	0.111253196931	0.126598465473	0.135549872123	0.113810741688	0.127877237852	0.125319693095	0.0230179028133	0.12915601023	0.131713554987	0.118925831202	0.134271099744	0.127877237852	0.113810741688	0.125319693095	0.121483375959	0.113810741688	0.134271099744	0.118925831202	0.117647058824	0.116368286445	0.101023017903	0.116368286445	0.125319693095	0.0	0.125319693095	0.12915601023	0.125319693095	0.104859335038	0.130434782609	0.12915601023	0.139386189258	0.144501278772	0.116368286445	0.112531969309	0.118925831202
MMRS95479054ST-27-0-0.snv.bam	0.112531969309	0.122762148338	0.139386189258	0.116368286445	0.107416879795	0.135549872123	0.131713554987	0.116368286445	0.124040920716	0.122762148338	0.139386189258	0.134271099744	0.117647058824	0.113810741688	0.113810741688	0.118925831202	0.131713554987	0.122762148338	0.12915601023	0.120204603581	0.104859335038	0.126598465473	0.125319693095	0.125319693095	0.0	0.12915601023	0.124040920716	0.104859335038	0.130434782609	0.127877237852	0.159846547315	0.13810741688	0.109974424552	0.116368286445	0.126598465473
N021A.snv.bam	0.104859335038	0.120204603581	0.136828644501	0.124040920716	0.135549872123	0.118925831202	0.136828644501	0.125319693095	0.126598465473	0.130434782609	0.0971867007673	0.125319693095	0.117647058824	0.130434782609	0.131713554987	0.120204603581	0.136828644501	0.124040920716	0.130434782609	0.118925831202	0.112531969309	0.109974424552	0.111253196931	0.12915601023	0.12915601023	0.0	0.117647058824	0.0984654731458	0.12915601023	0.115089514066	0.150895140665	0.115089514066	0.121483375959	0.117647058824	0.12915601023
N037A.snv.bam	0.104859335038	0.115089514066	0.122762148338	0.127877237852	0.139386189258	0.122762148338	0.131713554987	0.113810741688	0.109974424552	0.120204603581	0.125319693095	0.121483375959	0.113810741688	0.132992327366	0.122762148338	0.118925831202	0.140664961637	0.117647058824	0.115089514066	0.12915601023	0.0997442455243	0.107416879795	0.107416879795	0.125319693095	0.124040920716	0.117647058824	0.0	0.0959079283887	0.0383631713555	0.0920716112532	0.140664961637	0.131713554987	0.122762148338	0.124040920716	0.124040920716
NG-5636_231.snv.bam	0.0946291560102	0.0984654731458	0.0933503836317	0.0984654731458	0.107416879795	0.108695652174	0.104859335038	0.10358056266	0.0997442455243	0.076726342711	0.104859335038	0.0997442455243	0.0895140664962	0.0971867007673	0.107416879795	0.0997442455243	0.106138107417	0.0997442455243	0.10358056266	0.0907928388747	0.0818414322251	0.0831202046036	0.0882352941176	0.104859335038	0.104859335038	0.0984654731458	0.0959079283887	0.0	0.0984654731458	0.104859335038	0.0971867007673	0.117647058824	0.0856777493606	0.0895140664962	0.104859335038
NLM021.snv.bam	0.117647058824	0.111253196931	0.125319693095	0.126598465473	0.144501278772	0.136828644501	0.135549872123	0.116368286445	0.0997442455243	0.126598465473	0.130434782609	0.108695652174	0.122762148338	0.132992327366	0.132992327366	0.124040920716	0.143222506394	0.125319693095	0.127877237852	0.130434782609	0.10358056266	0.109974424552	0.113810741688	0.130434782609	0.130434782609	0.12915601023	0.0383631713555	0.0984654731458	0.0	0.076726342711	0.140664961637	0.143222506394	0.122762148338	0.125319693095	0.141943734015
SZEY-62A.snv.bam	0.117647058824	0.111253196931	0.130434782609	0.116368286445	0.126598465473	0.132992327366	0.131713554987	0.106138107417	0.0984654731458	0.127877237852	0.120204603581	0.109974424552	0.109974424552	0.12915601023	0.121483375959	0.120204603581	0.139386189258	0.124040920716	0.127877237852	0.132992327366	0.104859335038	0.108695652174	0.112531969309	0.12915601023	0.127877237852	0.115089514066	0.0920716112532	0.104859335038	0.076726342711	0.0	0.139386189258	0.132992327366	0.120204603581	0.121483375959	0.135549872123
SZEY-93A.snv.bam	0.127877237852	0.144501278772	0.0882352941176	0.131713554987	0.153452685422	0.141943734015	0.141943734015	0.125319693095	0.122762148338	0.140664961637	0.152173913043	0.143222506394	0.150895140665	0.154731457801	0.157289002558	0.145780051151	0.159846547315	0.154731457801	0.153452685422	0.132992327366	0.109974424552	0.116368286445	0.130434782609	0.139386189258	0.159846547315	0.150895140665	0.140664961637	0.0971867007673	0.140664961637	0.139386189258	0.0	0.164961636829	0.139386189258	0.132992327366	0.135549872123
T2D-47A.snv.bam	0.104859335038	0.122762148338	0.141943734015	0.130434782609	0.132992327366	0.117647058824	0.147058823529	0.122762148338	0.136828644501	0.124040920716	0.101023017903	0.145780051151	0.121483375959	0.150895140665	0.117647058824	0.117647058824	0.141943734015	0.124040920716	0.13810741688	0.134271099744	0.117647058824	0.126598465473	0.120204603581	0.144501278772	0.13810741688	0.115089514066	0.131713554987	0.117647058824	0.143222506394	0.132992327366	0.164961636829	0.0	0.144501278772	0.131713554987	0.140664961637
T2D-70A.snv.bam	0.107416879795	0.124040920716	0.12915601023	0.120204603581	0.0984654731458	0.124040920716	0.121483375959	0.121483375959	0.122762148338	0.108695652174	0.124040920716	0.126598465473	0.109974424552	0.0166240409207	0.111253196931	0.104859335038	0.126598465473	0.108695652174	0.109974424552	0.111253196931	0.0971867007673	0.116368286445	0.120204603581	0.116368286445	0.109974424552	0.121483375959	0.122762148338	0.0856777493606	0.122762148338	0.120204603581	0.139386189258	0.144501278772	0.0	0.109974424552	0.122762148338
V1.FI04.snv.bam	0.102301790281	0.116368286445	0.135549872123	0.107416879795	0.118925831202	0.117647058824	0.113810741688	0.109974424552	0.122762148338	0.10358056266	0.122762148338	0.127877237852	0.113810741688	0.115089514066	0.120204603581	0.111253196931	0.111253196931	0.109974424552	0.127877237852	0.10358056266	0.0869565217391	0.111253196931	0.117647058824	0.112531969309	0.116368286445	0.117647058824	0.124040920716	0.0895140664962	0.125319693095	0.121483375959	0.132992327366	0.131713554987	0.109974424552	0.0	0.112531969309
V1.UC62-0.snv.bam	0.0971867007673	0.126598465473	0.122762148338	0.108695652174	0.117647058824	0.109974424552	0.120204603581	0.120204603581	0.122762148338	0.120204603581	0.135549872123	0.139386189258	0.102301790281	0.132992327366	0.102301790281	0.0818414322251	0.121483375959	0.0780051150895	0.107416879795	0.0588235294118	0.109974424552	0.116368286445	0.117647058824	0.118925831202	0.126598465473	0.12915601023	0.124040920716	0.104859335038	0.141943734015	0.135549872123	0.135549872123	0.140664961637	0.122762148338	0.112531969309	0.0
