	158479027-stool1.snv.bam	159268001-stool1.snv.bam	159733294-stool1.snv.bam	765074482-stool1.snv.bam	CCIS27304052ST-3-0.snv.bam	CCIS41222843ST-4-0.snv.bam	CCIS53355328ST-4-0.snv.bam	CCIS88317640ST-4-0.snv.bam	CCIS94417875ST-3-0.snv.bam	MH0326.snv.bam	MH0339.snv.bam	MH0348.snv.bam	MH0384.snv.bam	MH0407.snv.bam	NG-5636_517.snv.bam	SAMEA3136644.snv.bam	SAMEA3136648.snv.bam	SAMEA3136654.snv.bam	SAMEA3136718.snv.bam	SAMEA3136738.snv.bam	SAMEA3136754.snv.bam	V1.CD19-0.snv.bam	V1.CD55-0.snv.bam	V1.UC51-4.snv.bam	V1.UC52-0.snv.bam	alien-11-600-0.snv.bam	alien-11-630-0.snv.bam	halbarad-11-7-0.snv.bam	halbarad-12-7-0.snv.bam	halbarad-13-7-0.snv.bam
158479027-stool1.snv.bam	0.0	0.202898550725	0.130434782609	0.191304347826	0.191304347826	0.173913043478	0.173913043478	0.11884057971	0.168115942029	0.150724637681	0.24347826087	0.289855072464	0.16231884058	0.202898550725	0.252173913043	0.307246376812	0.142028985507	0.11884057971	0.304347826087	0.263768115942	0.127536231884	0.191304347826	0.153623188406	0.257971014493	0.286956521739	0.115942028986	0.095652173913	0.127536231884	0.0753623188406	0.0608695652174
159268001-stool1.snv.bam	0.202898550725	0.0	0.228985507246	0.202898550725	0.197101449275	0.104347826087	0.223188405797	0.246376811594	0.220289855072	0.202898550725	0.272463768116	0.313043478261	0.191304347826	0.220289855072	0.275362318841	0.330434782609	0.205797101449	0.205797101449	0.327536231884	0.275362318841	0.208695652174	0.165217391304	0.211594202899	0.284057971014	0.315942028986	0.24347826087	0.208695652174	0.226086956522	0.165217391304	0.16231884058
159733294-stool1.snv.bam	0.130434782609	0.228985507246	0.0	0.205797101449	0.228985507246	0.202898550725	0.188405797101	0.185507246377	0.171014492754	0.182608695652	0.260869565217	0.295652173913	0.176811594203	0.217391304348	0.263768115942	0.321739130435	0.179710144928	0.150724637681	0.313043478261	0.289855072464	0.165217391304	0.223188405797	0.16231884058	0.286956521739	0.31884057971	0.194202898551	0.16231884058	0.188405797101	0.127536231884	0.115942028986
765074482-stool1.snv.bam	0.191304347826	0.202898550725	0.205797101449	0.0	0.16231884058	0.173913043478	0.191304347826	0.147826086957	0.150724637681	0.16231884058	0.23768115942	0.310144927536	0.0521739130435	0.179710144928	0.260869565217	0.327536231884	0.147826086957	0.171014492754	0.321739130435	0.269565217391	0.173913043478	0.142028985507	0.153623188406	0.272463768116	0.310144927536	0.226086956522	0.188405797101	0.179710144928	0.127536231884	0.113043478261
CCIS27304052ST-3-0.snv.bam	0.191304347826	0.197101449275	0.228985507246	0.16231884058	0.0	0.139130434783	0.191304347826	0.2	0.191304347826	0.185507246377	0.226086956522	0.292753623188	0.173913043478	0.197101449275	0.263768115942	0.310144927536	0.153623188406	0.176811594203	0.310144927536	0.257971014493	0.173913043478	0.0985507246377	0.217391304348	0.266666666667	0.298550724638	0.220289855072	0.168115942029	0.179710144928	0.113043478261	0.0985507246377
CCIS41222843ST-4-0.snv.bam	0.173913043478	0.104347826087	0.202898550725	0.173913043478	0.139130434783	0.0	0.2	0.211594202899	0.197101449275	0.185507246377	0.260869565217	0.298550724638	0.168115942029	0.214492753623	0.257971014493	0.310144927536	0.188405797101	0.188405797101	0.310144927536	0.260869565217	0.191304347826	0.133333333333	0.188405797101	0.263768115942	0.292753623188	0.220289855072	0.179710144928	0.179710144928	0.136231884058	0.121739130435
CCIS53355328ST-4-0.snv.bam	0.173913043478	0.223188405797	0.188405797101	0.191304347826	0.191304347826	0.2	0.0	0.211594202899	0.214492753623	0.16231884058	0.231884057971	0.260869565217	0.185507246377	0.202898550725	0.234782608696	0.269565217391	0.194202898551	0.176811594203	0.260869565217	0.24347826087	0.150724637681	0.2	0.2	0.223188405797	0.255072463768	0.23768115942	0.202898550725	0.214492753623	0.153623188406	0.133333333333
CCIS88317640ST-4-0.snv.bam	0.11884057971	0.246376811594	0.185507246377	0.147826086957	0.2	0.211594202899	0.211594202899	0.0	0.171014492754	0.124637681159	0.228985507246	0.313043478261	0.136231884058	0.194202898551	0.272463768116	0.31884057971	0.173913043478	0.179710144928	0.31884057971	0.263768115942	0.171014492754	0.202898550725	0.179710144928	0.263768115942	0.301449275362	0.130434782609	0.110144927536	0.159420289855	0.101449275362	0.0898550724638
CCIS94417875ST-3-0.snv.bam	0.168115942029	0.220289855072	0.171014492754	0.150724637681	0.191304347826	0.197101449275	0.214492753623	0.171014492754	0.0	0.185507246377	0.269565217391	0.327536231884	0.139130434783	0.197101449275	0.292753623188	0.344927536232	0.11884057971	0.142028985507	0.339130434783	0.286956521739	0.168115942029	0.173913043478	0.171014492754	0.284057971014	0.321739130435	0.191304347826	0.16231884058	0.16231884058	0.115942028986	0.0985507246377
MH0326.snv.bam	0.150724637681	0.202898550725	0.182608695652	0.16231884058	0.185507246377	0.185507246377	0.16231884058	0.124637681159	0.185507246377	0.0	0.202898550725	0.275362318841	0.144927536232	0.208695652174	0.240579710145	0.286956521739	0.176811594203	0.147826086957	0.275362318841	0.228985507246	0.110144927536	0.194202898551	0.147826086957	0.246376811594	0.275362318841	0.208695652174	0.173913043478	0.150724637681	0.101449275362	0.0927536231884
MH0339.snv.bam	0.24347826087	0.272463768116	0.260869565217	0.23768115942	0.226086956522	0.260869565217	0.231884057971	0.228985507246	0.269565217391	0.202898550725	0.0	0.307246376812	0.24347826087	0.23768115942	0.275362318841	0.307246376812	0.275362318841	0.246376811594	0.321739130435	0.263768115942	0.24347826087	0.252173913043	0.257971014493	0.272463768116	0.304347826087	0.295652173913	0.260869565217	0.266666666667	0.188405797101	0.173913043478
MH0348.snv.bam	0.289855072464	0.313043478261	0.295652173913	0.310144927536	0.292753623188	0.298550724638	0.260869565217	0.313043478261	0.327536231884	0.275362318841	0.307246376812	0.0	0.304347826087	0.284057971014	0.173913043478	0.144927536232	0.315942028986	0.266666666667	0.182608695652	0.0927536231884	0.278260869565	0.310144927536	0.315942028986	0.153623188406	0.168115942029	0.347826086957	0.313043478261	0.301449275362	0.217391304348	0.202898550725
MH0384.snv.bam	0.16231884058	0.191304347826	0.176811594203	0.0521739130435	0.173913043478	0.168115942029	0.185507246377	0.136231884058	0.139130434783	0.144927536232	0.24347826087	0.304347826087	0.0	0.191304347826	0.252173913043	0.315942028986	0.124637681159	0.153623188406	0.310144927536	0.263768115942	0.15652173913	0.150724637681	0.124637681159	0.263768115942	0.298550724638	0.197101449275	0.16231884058	0.168115942029	0.115942028986	0.104347826087
MH0407.snv.bam	0.202898550725	0.220289855072	0.217391304348	0.179710144928	0.197101449275	0.214492753623	0.202898550725	0.194202898551	0.197101449275	0.208695652174	0.23768115942	0.284057971014	0.191304347826	0.0	0.263768115942	0.295652173913	0.194202898551	0.182608695652	0.298550724638	0.255072463768	0.191304347826	0.211594202899	0.205797101449	0.272463768116	0.304347826087	0.214492753623	0.171014492754	0.185507246377	0.124637681159	0.107246376812
NG-5636_517.snv.bam	0.252173913043	0.275362318841	0.263768115942	0.260869565217	0.263768115942	0.257971014493	0.234782608696	0.272463768116	0.292753623188	0.240579710145	0.275362318841	0.173913043478	0.252173913043	0.263768115942	0.0	0.182608695652	0.275362318841	0.260869565217	0.165217391304	0.171014492754	0.252173913043	0.266666666667	0.260869565217	0.144927536232	0.150724637681	0.298550724638	0.266666666667	0.275362318841	0.194202898551	0.179710144928
SAMEA3136644.snv.bam	0.307246376812	0.330434782609	0.321739130435	0.327536231884	0.310144927536	0.310144927536	0.269565217391	0.31884057971	0.344927536232	0.286956521739	0.307246376812	0.144927536232	0.315942028986	0.295652173913	0.182608695652	0.0	0.336231884058	0.292753623188	0.173913043478	0.139130434783	0.289855072464	0.327536231884	0.324637681159	0.110144927536	0.121739130435	0.350724637681	0.315942028986	0.315942028986	0.234782608696	0.217391304348
SAMEA3136648.snv.bam	0.142028985507	0.205797101449	0.179710144928	0.147826086957	0.153623188406	0.188405797101	0.194202898551	0.173913043478	0.11884057971	0.176811594203	0.275362318841	0.315942028986	0.124637681159	0.194202898551	0.275362318841	0.336231884058	0.0	0.0869565217391	0.330434782609	0.28115942029	0.11884057971	0.136231884058	0.150724637681	0.286956521739	0.31884057971	0.153623188406	0.124637681159	0.101449275362	0.0666666666667	0.063768115942
SAMEA3136654.snv.bam	0.11884057971	0.205797101449	0.150724637681	0.171014492754	0.176811594203	0.188405797101	0.176811594203	0.179710144928	0.142028985507	0.147826086957	0.246376811594	0.266666666667	0.153623188406	0.182608695652	0.260869565217	0.292753623188	0.0869565217391	0.0	0.295652173913	0.231884057971	0.0666666666667	0.194202898551	0.139130434783	0.263768115942	0.295652173913	0.165217391304	0.133333333333	0.0898550724638	0.0492753623188	0.0492753623188
SAMEA3136718.snv.bam	0.304347826087	0.327536231884	0.313043478261	0.321739130435	0.310144927536	0.310144927536	0.260869565217	0.31884057971	0.339130434783	0.275362318841	0.321739130435	0.182608695652	0.310144927536	0.298550724638	0.165217391304	0.173913043478	0.330434782609	0.295652173913	0.0	0.2	0.286956521739	0.327536231884	0.31884057971	0.147826086957	0.15652173913	0.350724637681	0.315942028986	0.321739130435	0.240579710145	0.223188405797
SAMEA3136738.snv.bam	0.263768115942	0.275362318841	0.289855072464	0.269565217391	0.257971014493	0.260869565217	0.24347826087	0.263768115942	0.286956521739	0.228985507246	0.263768115942	0.0927536231884	0.263768115942	0.255072463768	0.171014492754	0.139130434783	0.28115942029	0.231884057971	0.2	0.0	0.240579710145	0.275362318841	0.269565217391	0.11884057971	0.127536231884	0.301449275362	0.272463768116	0.257971014493	0.182608695652	0.176811594203
SAMEA3136754.snv.bam	0.127536231884	0.208695652174	0.165217391304	0.173913043478	0.173913043478	0.191304347826	0.150724637681	0.171014492754	0.168115942029	0.110144927536	0.24347826087	0.278260869565	0.15652173913	0.191304347826	0.252173913043	0.289855072464	0.11884057971	0.0666666666667	0.286956521739	0.240579710145	0.0	0.191304347826	0.147826086957	0.257971014493	0.286956521739	0.179710144928	0.147826086957	0.127536231884	0.0724637681159	0.0724637681159
V1.CD19-0.snv.bam	0.191304347826	0.165217391304	0.223188405797	0.142028985507	0.0985507246377	0.133333333333	0.2	0.202898550725	0.173913043478	0.194202898551	0.252173913043	0.310144927536	0.150724637681	0.211594202899	0.266666666667	0.327536231884	0.136231884058	0.194202898551	0.327536231884	0.275362318841	0.191304347826	0.0	0.188405797101	0.284057971014	0.315942028986	0.214492753623	0.176811594203	0.202898550725	0.142028985507	0.130434782609
V1.CD55-0.snv.bam	0.153623188406	0.211594202899	0.16231884058	0.153623188406	0.217391304348	0.188405797101	0.2	0.179710144928	0.171014492754	0.147826086957	0.257971014493	0.315942028986	0.124637681159	0.205797101449	0.260869565217	0.324637681159	0.150724637681	0.139130434783	0.31884057971	0.269565217391	0.147826086957	0.188405797101	0.0	0.278260869565	0.307246376812	0.159420289855	0.130434782609	0.153623188406	0.104347826087	0.0898550724638
V1.UC51-4.snv.bam	0.257971014493	0.284057971014	0.286956521739	0.272463768116	0.266666666667	0.263768115942	0.223188405797	0.263768115942	0.284057971014	0.246376811594	0.272463768116	0.153623188406	0.263768115942	0.272463768116	0.144927536232	0.110144927536	0.286956521739	0.263768115942	0.147826086957	0.11884057971	0.257971014493	0.284057971014	0.278260869565	0.0	0.0	0.286956521739	0.257971014493	0.272463768116	0.2	0.194202898551
V1.UC52-0.snv.bam	0.286956521739	0.315942028986	0.31884057971	0.310144927536	0.298550724638	0.292753623188	0.255072463768	0.301449275362	0.321739130435	0.275362318841	0.304347826087	0.168115942029	0.298550724638	0.304347826087	0.150724637681	0.121739130435	0.31884057971	0.295652173913	0.15652173913	0.127536231884	0.286956521739	0.315942028986	0.307246376812	0.0	0.0	0.327536231884	0.298550724638	0.298550724638	0.214492753623	0.208695652174
alien-11-600-0.snv.bam	0.115942028986	0.24347826087	0.194202898551	0.226086956522	0.220289855072	0.220289855072	0.23768115942	0.130434782609	0.191304347826	0.208695652174	0.295652173913	0.347826086957	0.197101449275	0.214492753623	0.298550724638	0.350724637681	0.153623188406	0.165217391304	0.350724637681	0.301449275362	0.179710144928	0.214492753623	0.159420289855	0.286956521739	0.327536231884	0.0	0.0	0.15652173913	0.0898550724638	0.0724637681159
alien-11-630-0.snv.bam	0.095652173913	0.208695652174	0.16231884058	0.188405797101	0.168115942029	0.179710144928	0.202898550725	0.110144927536	0.16231884058	0.173913043478	0.260869565217	0.313043478261	0.16231884058	0.171014492754	0.266666666667	0.315942028986	0.124637681159	0.133333333333	0.315942028986	0.272463768116	0.147826086957	0.176811594203	0.130434782609	0.257971014493	0.298550724638	0.0	0.0	0.124637681159	0.0898550724638	0.0724637681159
halbarad-11-7-0.snv.bam	0.127536231884	0.226086956522	0.188405797101	0.179710144928	0.179710144928	0.179710144928	0.214492753623	0.159420289855	0.16231884058	0.150724637681	0.266666666667	0.301449275362	0.168115942029	0.185507246377	0.275362318841	0.315942028986	0.101449275362	0.0898550724638	0.321739130435	0.257971014493	0.127536231884	0.202898550725	0.153623188406	0.272463768116	0.298550724638	0.15652173913	0.124637681159	0.0	0.0	0.0
halbarad-12-7-0.snv.bam	0.0753623188406	0.165217391304	0.127536231884	0.127536231884	0.113043478261	0.136231884058	0.153623188406	0.101449275362	0.115942028986	0.101449275362	0.188405797101	0.217391304348	0.115942028986	0.124637681159	0.194202898551	0.234782608696	0.0666666666667	0.0492753623188	0.240579710145	0.182608695652	0.0724637681159	0.142028985507	0.104347826087	0.2	0.214492753623	0.0898550724638	0.0898550724638	0.0	0.0	0.0
halbarad-13-7-0.snv.bam	0.0608695652174	0.16231884058	0.115942028986	0.113043478261	0.0985507246377	0.121739130435	0.133333333333	0.0898550724638	0.0985507246377	0.0927536231884	0.173913043478	0.202898550725	0.104347826087	0.107246376812	0.179710144928	0.217391304348	0.063768115942	0.0492753623188	0.223188405797	0.176811594203	0.0724637681159	0.130434782609	0.0898550724638	0.194202898551	0.208695652174	0.0724637681159	0.0724637681159	0.0	0.0	0.0
