	158256496-stool2.snv.bam	158479027-stool1.snv.bam	158479027-stool2.snv.bam	158802708-stool1.snv.bam	159288231-stool1.snv.bam	159571453-stool2.snv.bam	160178356-stool3.snv.bam	160502038-stool3.snv.bam	763435843-stool2.snv.bam	763860675-stool2.snv.bam	763921366-stool3.snv.bam	764083206-stool1.snv.bam	764447348-stool1.snv.bam	765074482-stool2.snv.bam	765216093-stool3.snv.bam	765276783-stool2.snv.bam	MH0257.snv.bam	MH0416.snv.bam	MMRS51410669ST-27-0-0.snv.bam	V1.FI08.snv.bam	V1.FI09.snv.bam	V1.FI36.snv.bam	alien-11-7-0.snv.bam
158256496-stool2.snv.bam	0.0	0.153479789002	0.162092114418	0.135073815135	0.158021615287	0.146820737517	0.149560016649	0.189535561835	0.14051498626	0.0839841796883	0.12601012304	0.120527856544	0.138266308854	0.113937354672	0.0878080181961	0.152783984213	0.0707681170687	0.133830158455	0.147663196347	0.135930935008	0.131159262589	0.151903186298	0.130961283473
158479027-stool1.snv.bam	0.153479789002	0.0	0.007269559255	0.0833902659739	0.174218252609	0.188141130449	0.109688679694	0.195852091998	0.141053986619	0.166582301978	0.153669302749	0.128553540791	0.0894295033111	0.164192014394	0.147933562455	0.108986839138	0.175795609321	0.128307267681	0.0100367019119	0.153825627074	0.142936166433	0.093879950454	0.134297717691
158479027-stool2.snv.bam	0.162092114418	0.007269559255	0.0	0.0914177570543	0.181669805783	0.195916094936	0.115066488089	0.205483314582	0.150589268485	0.175126302359	0.163485490648	0.138051669371	0.091681682533	0.167055238639	0.156298946966	0.117662623922	0.18378663285	0.138066515822	0.0117122298649	0.163564234063	0.152319165368	0.102831399946	0.144337854571
158802708-stool1.snv.bam	0.135073815135	0.0833902659739	0.0914177570543	0.0	0.155722570157	0.164638140345	0.112999334256	0.195312386431	0.126959192096	0.136755478387	0.11990480748	0.0936820689886	0.0883808490093	0.130164505323	0.128146307028	0.126488752072	0.148150611648	0.104537665006	0.0830436141021	0.124874748918	0.118081070801	0.111505386023	0.116983229888
159288231-stool1.snv.bam	0.158021615287	0.174218252609	0.181669805783	0.155722570157	0.0	0.160727508953	0.121939290826	0.17164809915	0.116256047768	0.163889267058	0.13709453564	0.154006089386	0.16963867302	0.18085032373	0.1370565439	0.168677671141	0.16296101253	0.143360599835	0.169064365934	0.130831448367	0.139013308081	0.191073714593	0.160948174424
159571453-stool2.snv.bam	0.146820737517	0.188141130449	0.195916094936	0.164638140345	0.160727508953	0.0	0.164451051194	0.163231276567	0.162135301628	0.155580562459	0.127095008147	0.148825842602	0.175846611639	0.154258197612	0.146385492983	0.153016167491	0.144020896858	0.126935348488	0.183311016122	0.114193779565	0.145736440855	0.181747456712	0.154297566966
160178356-stool3.snv.bam	0.149560016649	0.109688679694	0.115066488089	0.112999334256	0.121939290826	0.164451051194	0.0	0.18736313456	0.153518537162	0.175735353644	0.148613962782	0.111159148401	0.108506019462	0.154792847902	0.148018462938	0.143518903964	0.163293164687	0.142630530013	0.105808183795	0.147813027234	0.129858764075	0.137891715167	0.132418286475
160502038-stool3.snv.bam	0.189535561835	0.195852091998	0.205483314582	0.195312386431	0.17164809915	0.163231276567	0.18736313456	0.0	0.192340540246	0.197714359143	0.167295992847	0.181091902024	0.197931506086	0.198377795635	0.194963643726	0.188820587079	0.195616590408	0.174521940481	0.193823516568	0.164450325333	0.180631429121	0.216719703451	0.194753389531
763435843-stool2.snv.bam	0.14051498626	0.141053986619	0.150589268485	0.126959192096	0.116256047768	0.162135301628	0.153518537162	0.192340540246	0.0	0.160949742985	0.130015875062	0.132725217646	0.134157632758	0.167763254647	0.125110725895	0.162732568846	0.15903056147	0.137788252895	0.134707619723	0.131173092497	0.132836306147	0.168929881887	0.149787161767
763860675-stool2.snv.bam	0.0839841796883	0.166582301978	0.175126302359	0.136755478387	0.163889267058	0.155580562459	0.175735353644	0.197714359143	0.160949742985	0.0	0.140820254307	0.139647447786	0.167340815333	0.098723857983	0.0996765328772	0.18011182963	0.0770514329189	0.150545068656	0.165888935146	0.151900994764	0.140016662317	0.180914780614	0.153499846739
763921366-stool3.snv.bam	0.12601012304	0.153669302749	0.163485490648	0.11990480748	0.13709453564	0.127095008147	0.148613962782	0.167295992847	0.130015875062	0.140820254307	0.0	0.124193854267	0.128864360706	0.147641907862	0.139201231754	0.132693739427	0.131057845608	0.0508962384141	0.146319295153	0.0351419817621	0.122605665719	0.156035500422	0.117955551984
764083206-stool1.snv.bam	0.120527856544	0.128553540791	0.138051669371	0.0936820689886	0.154006089386	0.148825842602	0.111159148401	0.181091902024	0.132725217646	0.139647447786	0.124193854267	0.0	0.105301519929	0.138167069248	0.116882388247	0.141145037268	0.139311141604	0.122774611293	0.124812509543	0.125244801508	0.107083621874	0.142421410509	0.119381454399
764447348-stool1.snv.bam	0.138266308854	0.0894295033111	0.091681682533	0.0883808490093	0.16963867302	0.175846611639	0.108506019462	0.197931506086	0.134157632758	0.167340815333	0.128864360706	0.105301519929	0.0	0.156595544226	0.143723366309	0.113044566737	0.160297154601	0.119358303751	0.077010785904	0.137599884975	0.136743816374	0.101117852793	0.117502321442
765074482-stool2.snv.bam	0.113937354672	0.164192014394	0.167055238639	0.130164505323	0.18085032373	0.154258197612	0.154792847902	0.198377795635	0.167763254647	0.098723857983	0.147641907862	0.138167069248	0.156595544226	0.0	0.112482587908	0.160996400429	0.124525793603	0.15317466735	0.157913627499	0.152852839912	0.128888061388	0.164781742846	0.145335625376
765216093-stool3.snv.bam	0.0878080181961	0.147933562455	0.156298946966	0.128146307028	0.1370565439	0.146385492983	0.148018462938	0.194963643726	0.125110725895	0.0996765328772	0.139201231754	0.116882388247	0.143723366309	0.112482587908	0.0	0.143651281018	0.0970037671652	0.136476387515	0.142953819741	0.13506947501	0.120955495223	0.163254722867	0.135069340518
765276783-stool2.snv.bam	0.152783984213	0.108986839138	0.117662623922	0.126488752072	0.168677671141	0.153016167491	0.143518903964	0.188820587079	0.162732568846	0.18011182963	0.132693739427	0.141145037268	0.113044566737	0.160996400429	0.143651281018	0.0	0.162175383272	0.13041208446	0.108206563573	0.124969735996	0.138361819869	0.058323908315	0.115249885349
MH0257.snv.bam	0.0707681170687	0.175795609321	0.18378663285	0.148150611648	0.16296101253	0.144020896858	0.163293164687	0.195616590408	0.15903056147	0.0770514329189	0.131057845608	0.139311141604	0.160297154601	0.124525793603	0.0970037671652	0.162175383272	0.0	0.134819268019	0.167158930601	0.138684124331	0.137981335507	0.169862080829	0.142139843716
MH0416.snv.bam	0.133830158455	0.128307267681	0.138066515822	0.104537665006	0.143360599835	0.126935348488	0.142630530013	0.174521940481	0.137788252895	0.150545068656	0.0508962384141	0.122774611293	0.119358303751	0.15317466735	0.136476387515	0.13041208446	0.134819268019	0.0	0.124648158582	0.0309474862183	0.122893598668	0.126993988764	0.126053992473
MMRS51410669ST-27-0-0.snv.bam	0.147663196347	0.0100367019119	0.0117122298649	0.0830436141021	0.169064365934	0.183311016122	0.105808183795	0.193823516568	0.134707619723	0.165888935146	0.146319295153	0.124812509543	0.077010785904	0.157913627499	0.142953819741	0.108206563573	0.167158930601	0.124648158582	0.0	0.14553968628	0.13898627883	0.0961855327613	0.128963993549
V1.FI08.snv.bam	0.135930935008	0.153825627074	0.163564234063	0.124874748918	0.130831448367	0.114193779565	0.147813027234	0.164450325333	0.131173092497	0.151900994764	0.0351419817621	0.125244801508	0.137599884975	0.152852839912	0.13506947501	0.124969735996	0.138684124331	0.0309474862183	0.14553968628	0.0	0.118474586282	0.152745689672	0.128062279573
V1.FI09.snv.bam	0.131159262589	0.142936166433	0.152319165368	0.118081070801	0.139013308081	0.145736440855	0.129858764075	0.180631429121	0.132836306147	0.140016662317	0.122605665719	0.107083621874	0.136743816374	0.128888061388	0.120955495223	0.138361819869	0.137981335507	0.122893598668	0.13898627883	0.118474586282	0.0	0.15237228386	0.116964458854
V1.FI36.snv.bam	0.151903186298	0.093879950454	0.102831399946	0.111505386023	0.191073714593	0.181747456712	0.137891715167	0.216719703451	0.168929881887	0.180914780614	0.156035500422	0.142421410509	0.101117852793	0.164781742846	0.163254722867	0.058323908315	0.169862080829	0.126993988764	0.0961855327613	0.152745689672	0.15237228386	0.0	0.131160903979
alien-11-7-0.snv.bam	0.130961283473	0.134297717691	0.144337854571	0.116983229888	0.160948174424	0.154297566966	0.132418286475	0.194753389531	0.149787161767	0.153499846739	0.117955551984	0.119381454399	0.117502321442	0.145335625376	0.135069340518	0.115249885349	0.142139843716	0.126053992473	0.128963993549	0.128062279573	0.116964458854	0.131160903979	0.0
