	159005010-stool2.snv.bam	159571453-stool2.snv.bam	160582958-stool2.snv.bam	160603188-stool1.snv.bam	160765029-stool1.snv.bam	763536994-stool2.snv.bam	763577454-stool2.snv.bam	763759525-stool1.snv.bam	765074482-stool3.snv.bam	765135172-stool1.snv.bam	857980665-stool3.snv.bam	861967750-stool1.snv.bam	BYQ_AAAM.snv.bam	BYQ_AAAP.snv.bam	CCIS09568613ST-4-0.snv.bam	CCIS13047523ST-4-0.snv.bam	CCIS64773582ST-4-0.snv.bam	CCIS94603952ST-4-0.snv.bam	CCMD82866709ST-21-0.snv.bam	CCMD95433940ST-21-0.snv.bam	DOF003.snv.bam	MH0260.snv.bam	MH0268.snv.bam	MH0333.snv.bam	MH0384.snv.bam	MH0388.snv.bam	MH0407.snv.bam	MH0419.snv.bam	MH0432.snv.bam	MH0456.snv.bam	MMRS17963147ST-27-0-0.snv.bam	MMRS39415781ST-27-0-0.snv.bam	MMRS62376181ST-27-0-0.snv.bam	MMRS94549160ST-27-0-0.snv.bam	O2.UC4-1.snv.bam	O2.UC48-1.snv.bam	V1.CD1-0-PT.snv.bam	V1.CD15-3.snv.bam	V1.CD44-0.snv.bam	V1.FI06.snv.bam	V1.FI11.snv.bam	V1.FI13.snv.bam	V1.FI21.snv.bam	V1.FI22.snv.bam	V1.FI29.snv.bam	V1.UC58-4.snv.bam	daisy-11-0-0.snv.bam	daisy-11-2-0.snv.bam	daisy-11-60-0.snv.bam	daisy-11-7-0.snv.bam	tigress-11-0-0.snv.bam	tigress-11-2-0.snv.bam	tigress-11-60-0.snv.bam
159005010-stool2.snv.bam	0.0	0.173064085668	0.195147933342	0.226759663864	0.197743054035	0.234361278579	0.198449430958	0.22146803677	0.214987858893	0.179182161413	0.171947290232	0.22041507556	0.00627455124062	0.200568310408	0.182736152736	0.206698635738	0.183854143261	0.210924336952	0.215689295129	0.200928522308	0.206835440698	0.183972848621	0.201363045821	0.203262509337	0.213569293555	0.197758008574	0.180216522328	0.21957850206	0.214501432565	0.204716309524	0.221949912597	0.217313484174	0.206566923006	0.218248443362	0.231555991037	0.184502384041	0.21036289423	0.211872144132	0.204268669239	0.22668772254	0.202445635163	0.202576146518	0.193396107952	0.225239760922	0.216621763812	0.218661435405	0.199986549782	0.198656066156	0.199823730819	0.198143867917	0.228935440853	0.228902725065	0.226005383505
159571453-stool2.snv.bam	0.173064085668	0.0	0.164571597656	0.1597047958	0.137135790064	0.164995884353	0.148858913909	0.152844421742	0.145695723839	0.123453429844	0.150197434273	0.168075772981	0.174219076642	0.15549854622	0.124512521258	0.162438587949	0.143480911283	0.145373037716	0.130008806308	0.163869628774	0.14718851375	0.126002098067	0.144871674538	0.158329288155	0.170857697176	0.150518360703	0.137244614952	0.14034707378	0.160179689381	0.141109153415	0.161391939729	0.147380321356	0.145449775752	0.164652587989	0.169253279874	0.128163867346	0.155491808421	0.139355388825	0.151477415653	0.136857478343	0.151824301136	0.152262246165	0.144459143177	0.144918747753	0.147403863125	0.1446300545	0.139653551234	0.138199045025	0.139492553512	0.137541142794	0.165783428367	0.165751077711	0.160213358097
160582958-stool2.snv.bam	0.195147933342	0.164571597656	0.0	0.168723382883	0.173386443452	0.178098235547	0.178072132225	0.18729327889	0.183981211532	0.160805803291	0.171765610899	0.189407564366	0.195763888889	0.184613415259	0.16995412844	0.183098591549	0.168125801045	0.186118392311	0.188028169014	0.168822170901	0.182799375364	0.163120104439	0.174381828804	0.169733549986	0.13449160434	0.175751614639	0.167676112468	0.200422341886	0.193939630185	0.189431437799	0.190774526678	0.212648525622	0.177230981579	0.193686950862	0.181986448086	0.170807000049	0.190258283985	0.203175793638	0.177541925503	0.212377693013	0.166180670627	0.166178500569	0.175423101167	0.206389688655	0.195633925462	0.175045504907	0.182146519972	0.180756686236	0.182011019284	0.180551699273	0.208800346307	0.208843537415	0.210361784334
160603188-stool1.snv.bam	0.226759663864	0.1597047958	0.168723382883	0.0	0.184706562372	0.183242432969	0.189626167805	0.194472133686	0.173721030839	0.155947909718	0.210475278894	0.160628279519	0.22339472442	0.176768247449	0.148573561811	0.166294796839	0.158251482111	0.157914686253	0.179641893983	0.179061954213	0.174847278436	0.159887059891	0.158944833806	0.172274678632	0.142581054332	0.166892667406	0.179669232911	0.180384906259	0.198350642765	0.165994011784	0.182067020253	0.199690752252	0.16485564491	0.187784885458	0.152059514708	0.147700017972	0.20311474296	0.16732694139	0.173157976487	0.179192083388	0.162391358713	0.162755810495	0.141671201349	0.184682181269	0.171841416655	0.155011460468	0.147598131139	0.145954904679	0.147438561335	0.145580240162	0.184777252849	0.18480931571	0.181675439286
160765029-stool1.snv.bam	0.197743054035	0.137135790064	0.173386443452	0.184706562372	0.0	0.18558858568	0.160848350947	0.169828196239	0.176002762414	0.156121947252	0.17300167035	0.198232765015	0.202780501934	0.163277797766	0.128644928751	0.177403362505	0.15588456219	0.166873286202	0.15665793476	0.145329240932	0.146864660737	0.12688961531	0.156794856634	0.174624355436	0.180218132093	0.173502026897	0.149615379243	0.175867679865	0.178582436485	0.167423266234	0.172832608945	0.172786356805	0.167182442902	0.174317165909	0.167441057951	0.149727996379	0.173310794411	0.165008057795	0.168343488661	0.152041675803	0.155526856483	0.155497692207	0.16970069173	0.172802746847	0.176239299891	0.181796382845	0.180814460676	0.179370255037	0.180654890872	0.17839369801	0.182621836715	0.182600784672	0.181660287755
763536994-stool2.snv.bam	0.234361278579	0.164995884353	0.178098235547	0.183242432969	0.18558858568	0.0	0.141280569243	0.203923140714	0.155923453813	0.129847367696	0.19736850852	0.174416713764	0.232434978927	0.155850146708	0.173263358264	0.149253584515	0.149432770583	0.150444938588	0.152195164642	0.149709590208	0.151956090022	0.126793525579	0.182256086156	0.182057747261	0.187735091524	0.163449130287	0.19514782962	0.178261400429	0.190221661519	0.161423405712	0.177326565258	0.166071064297	0.15162658303	0.178861249844	0.147822789045	0.139109728322	0.191427674918	0.194667024821	0.159899312475	0.175167676911	0.165135815226	0.165233656415	0.168227503119	0.164757932875	0.199124025352	0.193889968222	0.147523570084	0.145906186787	0.147475322977	0.145075422033	0.162367745291	0.162442278696	0.163618539042
763577454-stool2.snv.bam	0.198449430958	0.148858913909	0.178072132225	0.189626167805	0.160848350947	0.141280569243	0.0	0.144827265039	0.153932341846	0.13269864005	0.199274223566	0.158270781506	0.198878041727	0.147657359455	0.124200257198	0.118227516024	0.116331657724	0.146720599648	0.145343993075	0.125161328071	0.135561778683	0.13190189697	0.144166406325	0.131486937032	0.182664536757	0.127473407436	0.167737145755	0.159885059753	0.165533126781	0.128469677408	0.14917627291	0.163986581397	0.149307700423	0.136557580446	0.149805504476	0.119167476502	0.15785228681	0.165617362623	0.13183925968	0.181724430919	0.127194613415	0.127010197458	0.14122373227	0.121493475122	0.161396321867	0.17086258547	0.149617370843	0.148088207333	0.149503994682	0.147225991736	0.151455502186	0.151529705797	0.148173471178
763759525-stool1.snv.bam	0.22146803677	0.152844421742	0.18729327889	0.194472133686	0.169828196239	0.203923140714	0.144827265039	0.0	0.159822797567	0.155506932034	0.205855047481	0.163330049345	0.222289129282	0.16722526297	0.13169268194	0.144543199632	0.146346124784	0.143230722444	0.188465532028	0.153440547787	0.150985579954	0.13838272085	0.172594892112	0.143234822175	0.203484745673	0.155520387368	0.176584336494	0.157280499088	0.190133855993	0.140048627293	0.14835808023	0.165211102972	0.177987296112	0.146609333499	0.171783986841	0.137698190149	0.185757568065	0.183134406011	0.13525384196	0.172125544934	0.136945598843	0.137050771496	0.149825652733	0.154965131567	0.171101788036	0.161962818477	0.135177975195	0.133541751065	0.135014043573	0.13346631163	0.173301765026	0.173377992372	0.170079583941
765074482-stool3.snv.bam	0.214987858893	0.145695723839	0.183981211532	0.173721030839	0.176002762414	0.155923453813	0.153932341846	0.159822797567	0.0	0.14576561427	0.205053868788	0.13854575224	0.222332207088	0.157383627608	0.141019495046	0.1375327654	0.126281399439	0.158863321615	0.137381497221	0.144224581725	0.127663518508	0.123182479099	0.145850612184	0.119536801044	0.184340674638	0.109291473309	0.171689737749	0.152998866213	0.193532632523	0.111670306095	0.173960429242	0.17142459889	0.119678268057	0.162142857143	0.160240652497	0.115907461805	0.19006894218	0.145207442666	0.140347808234	0.162806766851	0.164108135285	0.164353679142	0.123789467112	0.138962465141	0.145093876161	0.120811869345	0.137633101446	0.136096086542	0.13751787754	0.135848985626	0.161393348011	0.161425410872	0.15813529455
765135172-stool1.snv.bam	0.179182161413	0.123453429844	0.160805803291	0.155947909718	0.156121947252	0.129847367696	0.13269864005	0.155506932034	0.14576561427	0.0	0.163802833361	0.137226354412	0.181957142465	0.13529377365	0.132730263158	0.125667383603	0.134241475035	0.122541570554	0.126887455289	0.122380982289	0.148185746027	0.129347826087	0.158778599432	0.130962614083	0.164361914232	0.144115584445	0.15124085064	0.115542141051	0.170341201665	0.120870333701	0.165459002869	0.158822431834	0.131863525116	0.150718786403	0.134725609085	0.100008240282	0.16673375578	0.137461323526	0.156470405041	0.148507280063	0.108315971553	0.108457883168	0.140063311492	0.135722442593	0.145916156186	0.135198573356	0.127545647994	0.125587406015	0.127376713765	0.125003852601	0.129519451598	0.12945581166	0.123387012069
857980665-stool3.snv.bam	0.171947290232	0.150197434273	0.171765610899	0.210475278894	0.17300167035	0.19736850852	0.199274223566	0.205855047481	0.205053868788	0.163802833361	0.0	0.201567880668	0.174842519483	0.174990689053	0.171439037564	0.172814328222	0.180734762538	0.176054258287	0.205944715688	0.192902329744	0.173381281027	0.162910011213	0.187105241863	0.191300434993	0.19474170577	0.192829561687	0.0978576421608	0.194726529388	0.190688239051	0.183822784238	0.203568222953	0.186814400303	0.182981188679	0.205727124078	0.227804471185	0.170518852717	0.187279296271	0.181809609398	0.183234720955	0.199821065707	0.18573637796	0.186098786476	0.192636903248	0.182314678697	0.19247054378	0.196768154687	0.184885706005	0.183560079457	0.184771387117	0.18339782317	0.211602344195	0.211612023023	0.213111572261
861967750-stool1.snv.bam	0.22041507556	0.168075772981	0.189407564366	0.160628279519	0.198232765015	0.174416713764	0.158270781506	0.163330049345	0.13854575224	0.137226354412	0.201567880668	0.0	0.223104777652	0.125468901623	0.139741192382	0.138741450524	0.127296449398	0.13541725931	0.152196745008	0.145359795623	0.128556935139	0.144721626692	0.150114404469	0.1337897083	0.200348248593	0.120749927574	0.17520355297	0.151423030469	0.194122214757	0.143812599102	0.182160624149	0.177278162124	0.116756705614	0.158873119281	0.169916651004	0.099225018187	0.203972198491	0.167731134954	0.153180341437	0.172456824053	0.133701620755	0.133737139336	0.133461519885	0.166118998605	0.154743481136	0.114931541825	0.108013265169	0.106198534856	0.107853695364	0.106223989893	0.162814123126	0.162846185987	0.15939424171
BYQ_AAAM.snv.bam	0.00627455124062	0.174219076642	0.195763888889	0.22339472442	0.202780501934	0.232434978927	0.198878041727	0.222289129282	0.222332207088	0.181957142465	0.174842519483	0.223104777652	0.0	0.200731981982	0.186628051819	0.202554278416	0.189089998607	0.209156345647	0.215883027523	0.203693253072	0.204948706227	0.184478371501	0.204255090968	0.208400458215	0.213994106558	0.201267745317	0.181671670542	0.224154259954	0.212369314314	0.205757399782	0.224253034547	0.220240398277	0.208886956687	0.216402411002	0.231275161153	0.187227884502	0.208610707858	0.212253456246	0.202720582599	0.224171625008	0.203080497317	0.203183381402	0.196352270483	0.222656012239	0.21674970425	0.222926576942	0.196206501284	0.194882901077	0.196113916947	0.194486141752	0.228937038149	0.228904902685	0.22605931395
BYQ_AAAP.snv.bam	0.200568310408	0.15549854622	0.184613415259	0.176768247449	0.163277797766	0.155850146708	0.147657359455	0.16722526297	0.157383627608	0.13529377365	0.174990689053	0.125468901623	0.200731981982	0.0	0.14595959596	0.15268154991	0.142170113445	0.11322036322	0.13276617685	0.144673277396	0.117916543384	0.128158196957	0.125976859758	0.124028987829	0.190073786666	0.113628725551	0.153714325192	0.148683654253	0.141158488367	0.120587609644	0.158218736978	0.168193502637	0.117485584491	0.117192794721	0.17616418122	0.117810982071	0.156090335349	0.161151855965	0.126691936089	0.160856157871	0.12652586011	0.126309201069	0.136495420296	0.15475296042	0.149326022785	0.168623069082	0.113241073623	0.111524096818	0.113078988079	0.110867346161	0.14653422429	0.146566791511	0.147648605793
CCIS09568613ST-4-0.snv.bam	0.182736152736	0.124512521258	0.16995412844	0.148573561811	0.128644928751	0.173263358264	0.124200257198	0.13169268194	0.141019495046	0.132730263158	0.171439037564	0.139741192382	0.186628051819	0.14595959596	0.0	0.127610208817	0.109716953604	0.126804567981	0.148148148148	0.129840546697	0.119388735951	0.126928020566	0.120467357811	0.120536394342	0.170699079919	0.130353424837	0.134414932226	0.121537578887	0.173375865284	0.108365244003	0.135222259925	0.15748130501	0.149950992495	0.121187800963	0.164190292266	0.108335317721	0.168865672112	0.11972817832	0.132576304167	0.144241272819	0.107168041932	0.107430231446	0.103338249406	0.131318449174	0.108886019284	0.148403263403	0.130172229746	0.128539253539	0.130010871042	0.127838619505	0.143287240438	0.143176733781	0.139726264726
CCIS13047523ST-4-0.snv.bam	0.206698635738	0.162438587949	0.183098591549	0.166294796839	0.177403362505	0.149253584515	0.118227516024	0.144543199632	0.1375327654	0.125667383603	0.172814328222	0.138741450524	0.202554278416	0.15268154991	0.127610208817	0.0	0.126246509773	0.11964969896	0.144208037825	0.156542056075	0.129116322165	0.140831134565	0.134857648889	0.146513229979	0.175035546153	0.133820994373	0.142578890076	0.125778089013	0.182213115171	0.134104511696	0.153832752613	0.15950853613	0.135385535884	0.143021724819	0.170234921382	0.110813706216	0.178868011698	0.13190098098	0.133455323916	0.168976445718	0.128344668637	0.128540114617	0.12913440483	0.1084021881	0.123358292906	0.152741247823	0.119670837854	0.117617947872	0.119505398816	0.118112389706	0.165060687999	0.165137614679	0.161573991828
CCIS64773582ST-4-0.snv.bam	0.183854143261	0.143480911283	0.168125801045	0.158251482111	0.15588456219	0.149432770583	0.116331657724	0.146346124784	0.126281399439	0.134241475035	0.180734762538	0.127296449398	0.189089998607	0.142170113445	0.109716953604	0.126246509773	0.0	0.132194848565	0.135110934235	0.137485311398	0.0950475837182	0.107935059188	0.112604972697	0.125654809302	0.157759175379	0.122435306671	0.144104582661	0.122235038943	0.138276676172	0.122749429934	0.152851893973	0.158059345045	0.113058276852	0.148826777088	0.158045440053	0.0342242594742	0.148289655376	0.14729002163	0.126340452136	0.153976119433	0.121848541945	0.122043857156	0.0961287964944	0.143323384482	0.146166822105	0.156329475478	0.117739008265	0.116068834816	0.117579438461	0.115780943214	0.150506605857	0.150538668719	0.147175812471
CCIS94603952ST-4-0.snv.bam	0.210924336952	0.145373037716	0.186118392311	0.157914686253	0.166873286202	0.150444938588	0.146720599648	0.143230722444	0.158863321615	0.122541570554	0.176054258287	0.13541725931	0.209156345647	0.11322036322	0.126804567981	0.11964969896	0.132194848565	0.0	0.125110229277	0.136782731316	0.115408963103	0.111913966618	0.120323057667	0.125117197581	0.18431984354	0.11939033465	0.152899745506	0.141076861559	0.151246614966	0.113217215298	0.161463635335	0.14191270314	0.14117781191	0.116800428036	0.148636867317	0.103967575099	0.161542239577	0.146718377885	0.123363294954	0.148336077028	0.10094280157	0.100871362434	0.119957590019	0.154189942368	0.136852371114	0.15426318988	0.103373169314	0.101619476619	0.103211810611	0.101289384623	0.152249102587	0.15223180995	0.148669273669
CCMD82866709ST-21-0.snv.bam	0.215689295129	0.130008806308	0.188028169014	0.179641893983	0.15665793476	0.152195164642	0.145343993075	0.188465532028	0.137381497221	0.126887455289	0.205944715688	0.152196745008	0.215883027523	0.13276617685	0.148148148148	0.144208037825	0.135110934235	0.125110229277	0.0	0.130536130536	0.118081597362	0.140831134565	0.123308606562	0.125707811729	0.18615297577	0.126704743205	0.160454643396	0.156683011228	0.165832619657	0.11313332739	0.185088633994	0.163046848669	0.128281150747	0.140065681445	0.161082518634	0.110738109126	0.17637484133	0.131758599475	0.149347350327	0.137696780344	0.142112186808	0.14244797025	0.132043837522	0.12029581665	0.126522182381	0.168919242751	0.125988133791	0.12631061599	0.12582345191	0.12589618163	0.160296101775	0.160183066362	0.156770648706
CCMD95433940ST-21-0.snv.bam	0.200928522308	0.163869628774	0.168822170901	0.179061954213	0.145329240932	0.149709590208	0.125161328071	0.153440547787	0.144224581725	0.122380982289	0.192902329744	0.145359795623	0.203693253072	0.144673277396	0.129840546697	0.156542056075	0.137485311398	0.136782731316	0.130536130536	0.0	0.139871214508	0.123091603053	0.159627430216	0.130632838721	0.189871312079	0.131464340236	0.153912019921	0.162852519649	0.160978877338	0.122883955384	0.138926862611	0.172360486423	0.139702913616	0.128797672915	0.167551938385	0.11807632212	0.157397823225	0.15662472572	0.12206627814	0.167596143962	0.100222370512	0.10022929924	0.142732751598	0.12068920453	0.156440260731	0.155217604873	0.144597775319	0.143019112407	0.144435323894	0.142187274387	0.141953095165	0.141891891892	0.138409209838
DOF003.snv.bam	0.206835440698	0.14718851375	0.182799375364	0.174847278436	0.146864660737	0.151956090022	0.135561778683	0.150985579954	0.127663518508	0.148185746027	0.173381281027	0.128556935139	0.204948706227	0.117916543384	0.119388735951	0.129116322165	0.0950475837182	0.115408963103	0.118081597362	0.139871214508	0.0	0.117485016085	0.112409175781	0.12677553246	0.201659789572	0.103835303764	0.166395081866	0.154371966526	0.149600244935	0.0980745061218	0.17320933927	0.132807369434	0.125745091339	0.121345088376	0.15607480333	0.0789492028254	0.160258886581	0.151848330994	0.12233576323	0.144420929118	0.1229714351	0.122770466571	0.105443564719	0.137589672099	0.14840274089	0.175527806533	0.130347545843	0.128646393722	0.130179401026	0.127831698072	0.155836240131	0.15591091214	0.157099161612
MH0260.snv.bam	0.183972848621	0.126002098067	0.163120104439	0.159887059891	0.12688961531	0.126793525579	0.13190189697	0.13838272085	0.123182479099	0.129347826087	0.162910011213	0.144721626692	0.184478371501	0.128158196957	0.126928020566	0.140831134565	0.107935059188	0.111913966618	0.140831134565	0.123091603053	0.117485016085	0.0	0.122105060394	0.12689354252	0.16574986411	0.133225589359	0.135099699076	0.168744708001	0.126253180548	0.136777755747	0.154842125529	0.143571187204	0.120586220395	0.133768724881	0.136380218123	0.103819050945	0.144092698531	0.159615703418	0.0793317574239	0.146559375045	0.139265498151	0.139519012709	0.134172669585	0.146984145069	0.164185900455	0.135142338853	0.123518659353	0.121657509158	0.123366960421	0.120906825843	0.151068047827	0.151081424936	0.149778106509
MH0268.snv.bam	0.201363045821	0.144871674538	0.174381828804	0.158944833806	0.156794856634	0.182256086156	0.144166406325	0.172594892112	0.145850612184	0.158778599432	0.187105241863	0.150114404469	0.204255090968	0.125976859758	0.120467357811	0.134857648889	0.112604972697	0.120323057667	0.123308606562	0.159627430216	0.112409175781	0.122105060394	0.0	0.129983913209	0.175830339949	0.130594147982	0.146213607452	0.140456729706	0.138891023338	0.128154322485	0.147793925195	0.144347254528	0.150313711929	0.132915287343	0.172774578179	0.111002963079	0.153652007343	0.147928359551	0.140524728519	0.175761194969	0.133994494677	0.133954570883	0.124319426271	0.153399043912	0.14354948314	0.146377108672	0.137237904294	0.135439052891	0.13707833449	0.135265458946	0.183143159324	0.183168198727	0.180023357156
MH0333.snv.bam	0.203262509337	0.158329288155	0.169733549986	0.172274678632	0.174624355436	0.182057747261	0.131486937032	0.143234822175	0.119536801044	0.130962614083	0.191300434993	0.1337897083	0.208400458215	0.124028987829	0.120536394342	0.146513229979	0.125654809302	0.125117197581	0.125707811729	0.130632838721	0.12677553246	0.12689354252	0.129983913209	0.0	0.168669555941	0.107395836679	0.157099772464	0.144638734282	0.161164056681	0.0799093635845	0.154815016062	0.164461805565	0.137153045579	0.117553886201	0.150594321039	0.114845004105	0.162782701989	0.121440920504	0.122542714544	0.146392396025	0.122693930552	0.12275125877	0.116043907019	0.151680235874	0.106166656652	0.127435602359	0.137197287532	0.135335391496	0.137037717728	0.134968091964	0.143769270356	0.143659986118	0.140251169853
MH0384.snv.bam	0.213569293555	0.170857697176	0.13449160434	0.142581054332	0.180218132093	0.187735091524	0.182664536757	0.203484745673	0.184340674638	0.164361914232	0.19474170577	0.200348248593	0.213994106558	0.190073786666	0.170699079919	0.175035546153	0.157759175379	0.18431984354	0.18615297577	0.189871312079	0.201659789572	0.16574986411	0.175830339949	0.168669555941	0.0	0.190499568006	0.170579247092	0.184490888016	0.204103192144	0.177340258251	0.183636368055	0.199546673663	0.191201011938	0.194002154167	0.176060074598	0.164872343016	0.201233609618	0.184219989681	0.185403234723	0.187355360001	0.175115087881	0.175518643008	0.178432292654	0.191044554146	0.187026651769	0.202485625761	0.178074917619	0.176612024468	0.177942181053	0.176443338313	0.222310836832	0.222250315109	0.219347204086
MH0388.snv.bam	0.197758008574	0.150518360703	0.175751614639	0.166892667406	0.173502026897	0.163449130287	0.127473407436	0.155520387368	0.109291473309	0.144115584445	0.192829561687	0.120749927574	0.201267745317	0.113628725551	0.130353424837	0.133820994373	0.122435306671	0.11939033465	0.126704743205	0.131464340236	0.103835303764	0.133225589359	0.130594147982	0.107395836679	0.190499568006	0.0	0.162625030503	0.141875260713	0.164590467981	0.109294478315	0.177055725083	0.140765498634	0.127083602111	0.129571431722	0.158612952404	0.109670102992	0.17453142106	0.141946570396	0.120991078617	0.161658356405	0.13559026627	0.134981973731	0.102162714741	0.156990837376	0.134704237293	0.145202349821	0.127362698522	0.125634760186	0.12720206017	0.124647330409	0.124793915243	0.124868614647	0.121310469764
MH0407.snv.bam	0.180216522328	0.137244614952	0.167676112468	0.179669232911	0.149615379243	0.19514782962	0.167737145755	0.176584336494	0.171689737749	0.15124085064	0.0978576421608	0.17520355297	0.181671670542	0.153714325192	0.134414932226	0.142578890076	0.144104582661	0.152899745506	0.160454643396	0.153912019921	0.166395081866	0.135099699076	0.146213607452	0.157099772464	0.170579247092	0.162625030503	0.0	0.152292129942	0.165884472703	0.156005296236	0.165235529366	0.157125285052	0.148864385425	0.167095271547	0.186439153276	0.133586151592	0.162235847933	0.154474502109	0.152351274352	0.167433046937	0.153811443472	0.154153894715	0.158954897488	0.157163555816	0.160774271344	0.159871226964	0.154087063809	0.152580633524	0.153969351894	0.152544600919	0.187260354013	0.187285725575	0.183654222118
MH0419.snv.bam	0.21957850206	0.14034707378	0.200422341886	0.180384906259	0.175867679865	0.178261400429	0.159885059753	0.157280499088	0.152998866213	0.115542141051	0.194726529388	0.151423030469	0.224154259954	0.148683654253	0.121537578887	0.125778089013	0.122235038943	0.141076861559	0.156683011228	0.162852519649	0.154371966526	0.168744708001	0.140456729706	0.144638734282	0.184490888016	0.141875260713	0.152292129942	0.0	0.191163703265	0.146294269223	0.144148574627	0.172107512053	0.143626980335	0.167521075416	0.162881482715	0.105426337202	0.187988804556	0.161145312615	0.16795595132	0.1460036557	0.12123851529	0.121480382388	0.147050427286	0.132201150576	0.158064997956	0.156524308349	0.149341944592	0.147695177192	0.149170188072	0.147385193189	0.133613001566	0.133560090703	0.129506458454
MH0432.snv.bam	0.214501432565	0.160179689381	0.193939630185	0.198350642765	0.178582436485	0.190221661519	0.165533126781	0.190133855993	0.193532632523	0.170341201665	0.190688239051	0.194122214757	0.212369314314	0.141158488367	0.173375865284	0.182213115171	0.138276676172	0.151246614966	0.165832619657	0.160978877338	0.149600244935	0.126253180548	0.138891023338	0.161164056681	0.204103192144	0.164590467981	0.165884472703	0.191163703265	0.0	0.154186084283	0.163206270105	0.186463878525	0.162945282309	0.165188654695	0.194080401453	0.140899571899	0.023879499946	0.178263947716	0.131784932753	0.192390791147	0.162115182462	0.162315425551	0.176623677827	0.175474274697	0.172583780469	0.198492765916	0.180819879473	0.179388667756	0.180660309669	0.178822702615	0.178159197415	0.178191260276	0.179467508203
MH0456.snv.bam	0.204716309524	0.141109153415	0.189431437799	0.165994011784	0.167423266234	0.161423405712	0.128469677408	0.140048627293	0.111670306095	0.120870333701	0.183822784238	0.143812599102	0.205757399782	0.120587609644	0.108365244003	0.134104511696	0.122749429934	0.113217215298	0.11313332739	0.122883955384	0.0980745061218	0.136777755747	0.128154322485	0.0799093635845	0.177340258251	0.109294478315	0.156005296236	0.146294269223	0.154186084283	0.0	0.184439668313	0.145279758028	0.142694971118	0.109975661376	0.156976851402	0.116958298873	0.155947945499	0.123264373594	0.127181450782	0.139374763419	0.0937132988847	0.0936958189841	0.104227070898	0.130736299734	0.114165523615	0.141772180666	0.138572236221	0.136994861115	0.138412666417	0.136349165146	0.123030691739	0.122921407501	0.119374026122
MMRS17963147ST-27-0-0.snv.bam	0.221949912597	0.161391939729	0.190774526678	0.182067020253	0.172832608945	0.177326565258	0.14917627291	0.14835808023	0.173960429242	0.165459002869	0.203568222953	0.182160624149	0.224253034547	0.158218736978	0.135222259925	0.153832752613	0.152851893973	0.161463635335	0.185088633994	0.138926862611	0.17320933927	0.154842125529	0.147793925195	0.154815016062	0.183636368055	0.177055725083	0.165235529366	0.144148574627	0.163206270105	0.184439668313	0.0	0.180291543163	0.173942540415	0.158018867925	0.177146688297	0.149054731439	0.160438913426	0.149009367321	0.139575154557	0.179768773538	0.153043632093	0.153382099763	0.174828323599	0.150110518809	0.142910093089	0.172881242332	0.171730319753	0.170212765957	0.171560988032	0.169950476806	0.197272038824	0.197350771294	0.191749149196
MMRS39415781ST-27-0-0.snv.bam	0.217313484174	0.147380321356	0.212648525622	0.199690752252	0.172786356805	0.166071064297	0.163986581397	0.165211102972	0.17142459889	0.158822431834	0.186814400303	0.177278162124	0.220240398277	0.168193502637	0.15748130501	0.15950853613	0.158059345045	0.14191270314	0.163046848669	0.172360486423	0.132807369434	0.143571187204	0.144347254528	0.164461805565	0.199546673663	0.140765498634	0.157125285052	0.172107512053	0.186463878525	0.145279758028	0.180291543163	0.0	0.18077212479	0.145212508744	0.163593892685	0.138531298606	0.187936668663	0.15290616145	0.147002415894	0.165629265199	0.151854656191	0.15185921174	0.16338675195	0.162152670703	0.170361397179	0.180355408967	0.163217102702	0.161776303407	0.163110844824	0.160596254499	0.178204914904	0.178277227075	0.17485988649
MMRS62376181ST-27-0-0.snv.bam	0.206566923006	0.145449775752	0.177230981579	0.16485564491	0.167182442902	0.15162658303	0.149307700423	0.177987296112	0.119678268057	0.131863525116	0.182981188679	0.116756705614	0.208886956687	0.117485584491	0.149950992495	0.135385535884	0.113058276852	0.14117781191	0.128281150747	0.139702913616	0.125745091339	0.120586220395	0.150313711929	0.137153045579	0.191201011938	0.127083602111	0.148864385425	0.143626980335	0.162945282309	0.142694971118	0.173942540415	0.18077212479	0.0	0.17545925572	0.155867087432	0.0851432519861	0.172852330681	0.136306645554	0.128809511828	0.144438697396	0.155268927963	0.155547880331	0.136923936092	0.134266158187	0.145145895466	0.11592843967	0.106618421534	0.104898713178	0.10645885173	0.104863723833	0.135053916953	0.135085979815	0.135902898302
MMRS94549160ST-27-0-0.snv.bam	0.218248443362	0.164652587989	0.193686950862	0.187784885458	0.174317165909	0.178861249844	0.136557580446	0.146609333499	0.162142857143	0.150718786403	0.205727124078	0.158873119281	0.216402411002	0.117192794721	0.121187800963	0.143021724819	0.148826777088	0.116800428036	0.140065681445	0.128797672915	0.121345088376	0.133768724881	0.132915287343	0.117553886201	0.194002154167	0.129571431722	0.167095271547	0.167521075416	0.165188654695	0.109975661376	0.158018867925	0.145212508744	0.17545925572	0.0	0.142936960159	0.13397287063	0.166941894411	0.152274753542	0.110946309991	0.165159480082	0.115568669851	0.115605293138	0.129605052915	0.136962806398	0.133208007192	0.190988678744	0.146960770368	0.145413870246	0.146800489785	0.144765285257	0.159801608971	0.159841269841	0.156525800821
O2.UC4-1.snv.bam	0.231555991037	0.169253279874	0.181986448086	0.152059514708	0.167441057951	0.147822789045	0.149805504476	0.171783986841	0.160240652497	0.134725609085	0.227804471185	0.169916651004	0.231275161153	0.17616418122	0.164190292266	0.170234921382	0.158045440053	0.148636867317	0.161082518634	0.167551938385	0.15607480333	0.136380218123	0.172774578179	0.150594321039	0.176060074598	0.158612952404	0.186439153276	0.162881482715	0.194080401453	0.156976851402	0.177146688297	0.163593892685	0.155867087432	0.142936960159	0.0	0.14258862561	0.186378921766	0.189969278262	0.161546940216	0.163389593267	0.147146464053	0.146656486949	0.162598843921	0.184379010498	0.176315696372	0.182145590385	0.165077328403	0.163618016068	0.164917758598	0.162760208529	0.162185107874	0.162210147277	0.158925274181
O2.UC48-1.snv.bam	0.184502384041	0.128163867346	0.170807000049	0.147700017972	0.149727996379	0.139109728322	0.119167476502	0.137698190149	0.115907461805	0.100008240282	0.170518852717	0.099225018187	0.187227884502	0.117810982071	0.108335317721	0.110813706216	0.0342242594742	0.103967575099	0.110738109126	0.11807632212	0.0789492028254	0.103819050945	0.111002963079	0.114845004105	0.164872343016	0.109670102992	0.133586151592	0.105426337202	0.140899571899	0.116958298873	0.149054731439	0.138531298606	0.0851432519861	0.13397287063	0.14258862561	0.0	0.150936153889	0.12792525886	0.119789692514	0.133474125386	0.106343731117	0.106587139931	0.107308247869	0.12758268934	0.126745268758	0.130018787627	0.094196677357	0.0924216382915	0.0940371075528	0.0923458582603	0.131441138514	0.131473201375	0.127982958931
V1.CD1-0-PT.snv.bam	0.21036289423	0.155491808421	0.190258283985	0.20311474296	0.173310794411	0.191427674918	0.15785228681	0.185757568065	0.19006894218	0.16673375578	0.187279296271	0.203972198491	0.208610707858	0.156090335349	0.168865672112	0.178868011698	0.148289655376	0.161542239577	0.17637484133	0.157397823225	0.160258886581	0.144092698531	0.153652007343	0.162782701989	0.201233609618	0.17453142106	0.162235847933	0.187988804556	0.023879499946	0.155947945499	0.160438913426	0.187936668663	0.172852330681	0.166941894411	0.186378921766	0.150936153889	0.0	0.175063381476	0.150771332634	0.188250085652	0.159246658405	0.159311849735	0.185885235849	0.172376951175	0.168817685843	0.181699210975	0.19034764599	0.189000896317	0.190188076186	0.188392909072	0.175262093116	0.175346212198	0.176464218684
V1.CD15-3.snv.bam	0.211872144132	0.139355388825	0.203175793638	0.16732694139	0.165008057795	0.194667024821	0.165617362623	0.183134406011	0.145207442666	0.137461323526	0.181809609398	0.167731134954	0.212253456246	0.161151855965	0.11972817832	0.13190098098	0.14729002163	0.146718377885	0.131758599475	0.15662472572	0.151848330994	0.159615703418	0.147928359551	0.121440920504	0.184219989681	0.141946570396	0.154474502109	0.161145312615	0.178263947716	0.123264373594	0.149009367321	0.15290616145	0.136306645554	0.152274753542	0.189969278262	0.12792525886	0.175063381476	0.0	0.154355022149	0.143671657343	0.148947334861	0.148974173992	0.145627644982	0.137400708225	0.0383813122233	0.152964461356	0.145373416987	0.143844733471	0.145249900758	0.143125665028	0.147353455107	0.147244170869	0.143859302386
V1.CD44-0.snv.bam	0.204268669239	0.151477415653	0.177541925503	0.173157976487	0.168343488661	0.159899312475	0.13183925968	0.13525384196	0.140347808234	0.156470405041	0.183234720955	0.153180341437	0.202720582599	0.126691936089	0.132576304167	0.133455323916	0.126340452136	0.123363294954	0.149347350327	0.12206627814	0.12233576323	0.0793317574239	0.140524728519	0.122542714544	0.185403234723	0.120991078617	0.152351274352	0.16795595132	0.131784932753	0.127181450782	0.139575154557	0.147002415894	0.128809511828	0.110946309991	0.161546940216	0.119789692514	0.150771332634	0.154355022149	0.0	0.156594032904	0.154142125923	0.154332581385	0.124819756483	0.106188720108	0.155127935427	0.165096579891	0.143289951396	0.141697594105	0.143152616565	0.140846455899	0.177068560049	0.1771318767	0.173813679875
V1.FI06.snv.bam	0.22668772254	0.136857478343	0.212377693013	0.179192083388	0.152041675803	0.175167676911	0.181724430919	0.172125544934	0.162806766851	0.148507280063	0.199821065707	0.172456824053	0.224171625008	0.160856157871	0.144241272819	0.168976445718	0.153976119433	0.148336077028	0.137696780344	0.167596143962	0.144420929118	0.146559375045	0.175761194969	0.146392396025	0.187355360001	0.161658356405	0.167433046937	0.1460036557	0.192390791147	0.139374763419	0.179768773538	0.165629265199	0.144438697396	0.165159480082	0.163389593267	0.133474125386	0.188250085652	0.143671657343	0.156594032904	0.0	0.150968930998	0.151416311517	0.150894729708	0.161869104932	0.151880311101	0.163182488193	0.15819528773	0.156787635689	0.1581416868	0.156123766091	0.151737196493	0.15162594317	0.148209479152
V1.FI11.snv.bam	0.202445635163	0.151824301136	0.166180670627	0.162391358713	0.155526856483	0.165135815226	0.127194613415	0.136945598843	0.164108135285	0.108315971553	0.18573637796	0.133701620755	0.203080497317	0.12652586011	0.107168041932	0.128344668637	0.121848541945	0.10094280157	0.142112186808	0.100222370512	0.1229714351	0.139265498151	0.133994494677	0.122693930552	0.175115087881	0.13559026627	0.153811443472	0.12123851529	0.162115182462	0.0937132988847	0.153043632093	0.151854656191	0.155268927963	0.115568669851	0.147146464053	0.106343731117	0.159246658405	0.148947334861	0.154142125923	0.150968930998	0.0	0.00193258314941	0.128450184937	0.154212188396	0.138907568091	0.142849670651	0.124174427956	0.122465472619	0.124013069253	0.121861467305	0.126630440888	0.126519934231	0.122783669061
V1.FI13.snv.bam	0.202576146518	0.152262246165	0.166178500569	0.162755810495	0.155497692207	0.165233656415	0.127010197458	0.137050771496	0.164353679142	0.108457883168	0.186098786476	0.133737139336	0.203183381402	0.126309201069	0.107430231446	0.128540114617	0.122043857156	0.100871362434	0.14244797025	0.10022929924	0.122770466571	0.139519012709	0.133954570883	0.12275125877	0.175518643008	0.134981973731	0.154153894715	0.121480382388	0.162315425551	0.0936958189841	0.153382099763	0.15185921174	0.155547880331	0.115605293138	0.146656486949	0.106587139931	0.159311849735	0.148974173992	0.154332581385	0.151416311517	0.00193258314941	0.0	0.128649736871	0.154344910249	0.139639694754	0.143090339214	0.124650981199	0.122959009469	0.124489622495	0.122340167184	0.126577608155	0.126402256963	0.122665196675
V1.FI21.snv.bam	0.193396107952	0.144459143177	0.175423101167	0.141671201349	0.16970069173	0.168227503119	0.14122373227	0.149825652733	0.123789467112	0.140063311492	0.192636903248	0.133461519885	0.196352270483	0.136495420296	0.103338249406	0.12913440483	0.0961287964944	0.119957590019	0.132043837522	0.142732751598	0.105443564719	0.134172669585	0.124319426271	0.116043907019	0.178432292654	0.102162714741	0.158954897488	0.147050427286	0.176623677827	0.104227070898	0.174828323599	0.16338675195	0.136923936092	0.129605052915	0.162598843921	0.107308247869	0.185885235849	0.145627644982	0.124819756483	0.150894729708	0.128450184937	0.128649736871	0.0	0.156877197752	0.126312796589	0.155917495892	0.115366109626	0.113681614814	0.115206185222	0.112987236441	0.158966736158	0.158906482825	0.155592154671
V1.FI22.snv.bam	0.225239760922	0.144918747753	0.206389688655	0.184682181269	0.172802746847	0.164757932875	0.121493475122	0.154965131567	0.138962465141	0.135722442593	0.182314678697	0.166118998605	0.222656012239	0.15475296042	0.131318449174	0.1084021881	0.143323384482	0.154189942368	0.12029581665	0.12068920453	0.137589672099	0.146984145069	0.153399043912	0.151680235874	0.191044554146	0.156990837376	0.157163555816	0.132201150576	0.175474274697	0.130736299734	0.150110518809	0.162152670703	0.134266158187	0.136962806398	0.184379010498	0.12758268934	0.172376951175	0.137400708225	0.106188720108	0.161869104932	0.154212188396	0.154344910249	0.156877197752	0.0	0.139428820153	0.1767560841	0.139113439313	0.137511425019	0.139007181436	0.1377241458	0.163721182764	0.163656442371	0.160215425564
V1.FI29.snv.bam	0.216621763812	0.147403863125	0.195633925462	0.171841416655	0.176239299891	0.199124025352	0.161396321867	0.171101788036	0.145093876161	0.145916156186	0.19247054378	0.154743481136	0.21674970425	0.149326022785	0.108886019284	0.123358292906	0.146166822105	0.136852371114	0.126522182381	0.156440260731	0.14840274089	0.164185900455	0.14354948314	0.106166656652	0.187026651769	0.134704237293	0.160774271344	0.158064997956	0.172583780469	0.114165523615	0.142910093089	0.170361397179	0.145145895466	0.133208007192	0.176315696372	0.126745268758	0.168817685843	0.0383813122233	0.155127935427	0.151880311101	0.138907568091	0.139639694754	0.126312796589	0.139428820153	0.0	0.157081622506	0.135640177272	0.134024553877	0.135478091728	0.133861385389	0.147371813667	0.147260810351	0.143822448291
V1.UC58-4.snv.bam	0.218661435405	0.1446300545	0.175045504907	0.155011460468	0.181796382845	0.193889968222	0.17086258547	0.161962818477	0.120811869345	0.135198573356	0.196768154687	0.114931541825	0.222926576942	0.168623069082	0.148403263403	0.152741247823	0.156329475478	0.15426318988	0.168919242751	0.155217604873	0.175527806533	0.135142338853	0.146377108672	0.127435602359	0.202485625761	0.145202349821	0.159871226964	0.156524308349	0.198492765916	0.141772180666	0.172881242332	0.180355408967	0.11592843967	0.190988678744	0.182145590385	0.130018787627	0.181699210975	0.152964461356	0.165096579891	0.163182488193	0.142849670651	0.143090339214	0.155917495892	0.1767560841	0.157081622506	0.0	0.143335408063	0.141747419247	0.1431725891	0.141495263995	0.13838637857	0.138368929791	0.134679487179
daisy-11-0-0.snv.bam	0.199986549782	0.139653551234	0.182146519972	0.147598131139	0.180814460676	0.147523570084	0.149617370843	0.135177975195	0.137633101446	0.127545647994	0.184885706005	0.108013265169	0.196206501284	0.113241073623	0.130172229746	0.119670837854	0.117739008265	0.103373169314	0.125988133791	0.144597775319	0.130347545843	0.123518659353	0.137237904294	0.137197287532	0.178074917619	0.127362698522	0.154087063809	0.149341944592	0.180819879473	0.138572236221	0.171730319753	0.163217102702	0.106618421534	0.146960770368	0.165077328403	0.094196677357	0.19034764599	0.145373416987	0.143289951396	0.15819528773	0.124174427956	0.124650981199	0.115366109626	0.139113439313	0.135640177272	0.143335408063	0.0	0.000285619238209	0.000159569804167	0.00142080344689	0.175166130193	0.1752400999	0.171863445349
daisy-11-2-0.snv.bam	0.198656066156	0.138199045025	0.180756686236	0.145954904679	0.179370255037	0.145906186787	0.148088207333	0.133541751065	0.136096086542	0.125587406015	0.183560079457	0.106198534856	0.194882901077	0.111524096818	0.128539253539	0.117617947872	0.116068834816	0.101619476619	0.12631061599	0.143019112407	0.128646393722	0.121657509158	0.135439052891	0.135335391496	0.176612024468	0.125634760186	0.152580633524	0.147695177192	0.179388667756	0.136994861115	0.170212765957	0.161776303407	0.104898713178	0.145413870246	0.163618016068	0.0924216382915	0.189000896317	0.143844733471	0.141697594105	0.156787635689	0.122465472619	0.122959009469	0.113681614814	0.137511425019	0.134024553877	0.141747419247	0.000285619238209	0.0	0.000192828700625	0.00145659565302	0.17384618298	0.17387846007	0.170477504558
