	158256496-stool2.snv.bam	158337416-stool1.snv.bam	158802708-stool1.snv.bam	158802708-stool2.snv.bam	158802708-stool3.snv.bam	159207311-stool1.snv.bam	159207311-stool2.snv.bam	159227541-stool3.snv.bam	160400887-stool1.snv.bam	160704339-stool1.snv.bam	638754422-stool1.snv.bam	682102541-stool3.snv.bam	763496533-stool1.snv.bam	763496533-stool2.snv.bam	763597684-stool2.snv.bam	763820215-stool2.snv.bam	763820215-stool3.snv.bam	764083206-stool1.snv.bam	764487809-stool1.snv.bam	764487809-stool2.snv.bam	765377934-stool3.snv.bam	765640925-stool2.snv.bam	CCIS05314658ST-4-0.snv.bam	CCIS22275061ST-4-0.snv.bam	CCIS59132091ST-4-0.snv.bam	CCIS81710917ST-20-0.snv.bam	CCIS81887263ST-4-0.snv.bam	CCIS83445808ST-4-0.snv.bam	CCMD82866709ST-21-0.snv.bam	DOM013.snv.bam	MH0203.snv.bam	MH0253.snv.bam	MH0260.snv.bam	MH0268.snv.bam	MH0280.snv.bam	MH0309.snv.bam	MH0326.snv.bam	MH0347.snv.bam	MH0384.snv.bam	MH0418.snv.bam	MH0442.snv.bam	MH0451.snv.bam	MH0457.snv.bam	MMRS25211151ST-27-0-0.snv.bam	MMRS95277876ST-27-0-0.snv.bam	N009A.snv.bam	N066A.snv.bam	O2.UC13-1.snv.bam	O2.UC20-1.snv.bam	O2.UC21-1.snv.bam	O2.UC28-0.snv.bam	O2.UC28-2.snv.bam	O2.UC32-1.snv.bam	O2.UC36-1.snv.bam	O2.UC40-1.snv.bam	O2.UC47-1.snv.bam	SAMEA3136652.snv.bam	SAMEA3136654.snv.bam	SAMEA3178937.snv.bam	SAMEA3178941.snv.bam	SAMEA3178944.snv.bam	SZEY-07A.snv.bam	SZEY-38A.snv.bam	SZEY-66A.snv.bam	T2D-155A.snv.bam	T2D-47A.snv.bam	T2D-49A.snv.bam	T2D-59A.snv.bam	V1.CD19-0.snv.bam	V1.CD22-0.snv.bam	V1.CD45-0.snv.bam	V1.CD8-0-PN.snv.bam	V1.FI12.snv.bam	V1.FI36.snv.bam	V1.UC12-4.snv.bam	V1.UC23-1.snv.bam	V1.UC47-0.snv.bam	tigress-11-0-0.snv.bam
158256496-stool2.snv.bam	0.0	0.245727879488	0.19983891543	0.19975199141	0.196917949992	0.256252568604	0.256219020572	0.227816113784	0.209374442271	0.208119072449	0.206954877535	0.21104192611	0.205350024118	0.214231570422	0.210125859435	0.207324705842	0.20782137898	0.191645342961	0.227868308445	0.231206804891	0.221612678509	0.207628849138	0.0801182771605	0.191207751756	0.207928340004	0.214560233343	0.226044122231	0.210305492022	0.111336666936	0.206344673881	0.20716703823	0.210319462262	0.215335044266	0.16605234236	0.0656658673029	0.209085786009	0.243944873618	0.231770899876	0.0854617090112	0.222186517567	0.204560566245	0.189357851934	0.209995109704	0.228284819593	0.22645807044	0.186354273612	0.17409165816	0.170616215288	0.201878792679	0.18915521043	0.235477458255	0.225382765383	0.229319823623	0.0947952821773	0.164940340028	0.200609527488	0.209995132596	0.18517416393	0.178159966498	0.192964693009	0.200632700633	0.229250424592	0.194221217702	0.155219718058	0.17773783028	0.209187946715	0.17430336725	0.161549131016	0.193494789797	0.197098665908	0.0846668936557	0.154112110368	0.201997517439	0.201045975071	0.214471129019	0.227797706698	0.194596909368	0.191515151515
158337416-stool1.snv.bam	0.245727879488	0.0	0.188466821871	0.188226707432	0.183270752236	0.172834752718	0.172731431609	0.238524179073	0.19753417384	0.19640989262	0.190089656333	0.193991353474	0.258542847928	0.263748974833	0.183612453608	0.196053706954	0.195987758977	0.201495582731	0.16833260577	0.162296066262	0.221787199728	0.196174256553	0.243816502242	0.22224479517	0.196464363893	0.0820922922121	0.251705072402	0.216485951883	0.240453166387	0.224379222799	0.193478148835	0.193716876734	0.195791400147	0.230834934416	0.256171249861	0.197897768898	0.203055384798	0.251545970618	0.249975928993	0.221707051252	0.195493388191	0.20217357514	0.192892905966	0.208264368005	0.180100828119	0.217949052735	0.215152997087	0.241237772206	0.172783671829	0.147390280553	0.241264500104	0.228779948243	0.218432060477	0.223533196158	0.214798671465	0.208923002092	0.19235491694	0.195486172102	0.186681053181	0.229324775505	0.183868990053	0.235694707066	0.251905128443	0.209542991854	0.212186306195	0.24037744571	0.200916805741	0.171606315598	0.22333876976	0.206201363075	0.239194644426	0.22004638602	0.178986237594	0.0907873381558	0.203227562233	0.223156870426	0.227917081847	0.246228564253
158802708-stool1.snv.bam	0.19983891543	0.188466821871	0.0	0.00107949693609	0.000682643304716	0.209238161624	0.209151636202	0.143722028225	0.101391879197	0.0816012928562	0.077895225672	0.0800371967972	0.18254921929	0.179737811445	0.109732872653	0.0818897739747	0.0812078188541	0.0812463842248	0.224230578901	0.225684437003	0.199313528264	0.0813943164296	0.206277701312	0.172927002698	0.0816844237693	0.145044367878	0.205147830518	0.12528653761	0.18614802209	0.189408506371	0.0798254581813	0.0893808008406	0.193382663064	0.197067435685	0.213850638916	0.075262306532	0.178523888509	0.210573394472	0.211609956016	0.15830568119	0.0800579172119	0.167371277752	0.0798697156891	0.203005870799	0.171766037798	0.150482697428	0.157514157669	0.209912407179	0.0787842843877	0.139777022343	0.206278790822	0.198366861385	0.185608040408	0.228613385626	0.195330296217	0.120906776753	0.0554381064626	0.0951473633285	0.157065177699	0.17583495951	0.0933372067293	0.208524313099	0.19025323627	0.186631316114	0.195483582152	0.205818929596	0.176709642065	0.15518812029	0.180182651503	0.165954380259	0.195674918416	0.196433230042	0.17307954969	0.171335777741	0.0678034896661	0.17168050116	0.212291070162	0.215611023043
158802708-stool2.snv.bam	0.19975199141	0.188226707432	0.00107949693609	0.0	0.000635077278458	0.209013437173	0.208789492485	0.143669168446	0.101402462795	0.0817528437111	0.0777861832809	0.0799290221175	0.182572591197	0.179812262136	0.109364779541	0.0817832939374	0.0811013388168	0.0816048109604	0.224226107186	0.225569132696	0.199433710475	0.0812878363924	0.206379339351	0.172703043751	0.0815779437321	0.144753657057	0.204912668046	0.125298096193	0.186404537916	0.189347234298	0.079717569678	0.0892743208034	0.193288681736	0.196832921113	0.213950936084	0.0752271051072	0.178414341223	0.211018703956	0.211486065003	0.158179279074	0.0798120923877	0.167146560216	0.0799503649448	0.202669578546	0.171475622291	0.150325135459	0.157603253716	0.209966276373	0.0789832072522	0.139512113641	0.205903923137	0.198129755421	0.185220060494	0.228361272922	0.19510439211	0.120652906902	0.0553710099941	0.095201373542	0.156839273592	0.175610235059	0.0934394716444	0.208552310685	0.190255250162	0.186679687925	0.195310218056	0.205802052575	0.176948568515	0.155191533818	0.1804288025	0.165782970553	0.1957123104	0.19661238453	0.172968832202	0.171036424166	0.0677549995592	0.171550673513	0.212161835896	0.215684214869
158802708-stool3.snv.bam	0.196917949992	0.183270752236	0.000682643304716	0.000635077278458	0.0	0.206901218846	0.206813316362	0.140281951749	0.0974765084968	0.077506006551	0.0758819996625	0.0780689964158	0.177058394721	0.174397705451	0.104327018224	0.0775369413964	0.0768441328786	0.0773556178414	0.222217473884	0.223589098219	0.196958905292	0.0770335985853	0.201116752479	0.167868103987	0.077328323018	0.13841933618	0.202632359924	0.123110288606	0.181959727996	0.186969259755	0.0751787310098	0.085147188849	0.189442867151	0.194265409194	0.211561653541	0.0757913470178	0.176056978171	0.208522012249	0.209206075568	0.155034473718	0.0756407807878	0.162298435871	0.0781055040198	0.195313866975	0.169839223226	0.146437009242	0.154412076774	0.2057587924	0.0799973307851	0.135312422021	0.201291289947	0.19314859277	0.179452887538	0.223926665148	0.189091697231	0.122579590891	0.0556038844462	0.0946099197324	0.153881003484	0.171815910228	0.0917565139263	0.203838739985	0.182389794686	0.185647461616	0.193082788671	0.201033651128	0.173611785794	0.154053854418	0.176192048345	0.162073477185	0.192116910867	0.191327157984	0.169957809933	0.165475522004	0.0689207194493	0.168967341398	0.206505361484	0.216175093633
159207311-stool1.snv.bam	0.256252568604	0.172834752718	0.209238161624	0.209013437173	0.206901218846	0.0	0.000761824698504	0.23822524475	0.213463933778	0.232735525037	0.229740565422	0.230739712512	0.244997160683	0.239421979524	0.204402071074	0.232226373684	0.232160425707	0.216981984431	0.190776213274	0.187246814527	0.232866556313	0.232346923282	0.256985132791	0.213451119197	0.232637030622	0.228586565436	0.21861492335	0.238376963881	0.241598415009	0.242815192513	0.232774792638	0.240280122672	0.134685691666	0.236254788818	0.26388910692	0.205607887851	0.20038734576	0.262176861381	0.239248453931	0.242722659883	0.232202255171	0.165685715252	0.229570444626	0.18444462321	0.186457081036	0.118687893601	0.165981480766	0.219748421872	0.229513572397	0.210348036962	0.200976245265	0.195907304775	0.239052094068	0.259991424679	0.215215373281	0.209231515901	0.198804204004	0.199624191391	0.199860830783	0.157950649764	0.210126037595	0.128103845678	0.134484932995	0.240452189636	0.167905947438	0.155694085425	0.147979890204	0.147024611046	0.176461700913	0.187442788463	0.242312280424	0.193315648479	0.229127544353	0.219826288398	0.212392783517	0.228407452244	0.141646757809	0.207347536146
159207311-stool2.snv.bam	0.256219020572	0.172731431609	0.209151636202	0.208789492485	0.206813316362	0.000761824698504	0.0	0.238367575664	0.213649436355	0.232916240599	0.230042098424	0.230973351729	0.244937054567	0.239210907224	0.204686076697	0.232456352757	0.232390404779	0.217054016175	0.190785066163	0.187255642688	0.233058794613	0.232576902355	0.25689728658	0.213385594624	0.232867009695	0.228453538937	0.218550127771	0.238443926195	0.241572936672	0.242346390715	0.233007813762	0.240563386766	0.134605164651	0.236116700091	0.263802419629	0.20581986162	0.20045311452	0.26212630925	0.239270139389	0.242955066175	0.232287851038	0.165636268254	0.229802239323	0.184394349135	0.186256939616	0.118853748277	0.165960693325	0.219858365044	0.229472455081	0.210195545554	0.200891245731	0.196022041931	0.239040274816	0.25990519244	0.215184985125	0.209281664181	0.198828310273	0.199526884369	0.199958626496	0.157775910708	0.210311046814	0.127843976473	0.134625586831	0.240215893339	0.167949979314	0.155902957236	0.148213736215	0.147059468287	0.176627740643	0.187532322078	0.242352401524	0.193337682764	0.229112395415	0.219689307058	0.212455569894	0.22864615681	0.141512002882	0.207657988114
159227541-stool3.snv.bam	0.227816113784	0.238524179073	0.143722028225	0.143669168446	0.140281951749	0.23822524475	0.238367575664	0.0	0.174414453905	0.135796351245	0.121776313964	0.129147883797	0.200018012041	0.200483007132	0.143073179908	0.135052876211	0.135371572872	0.162456714152	0.276736681686	0.277981718192	0.169013384575	0.135177999507	0.224814759436	0.200142940871	0.13547911363	0.207147424772	0.224062494482	0.142110341795	0.228470836991	0.238472915142	0.134287587413	0.138047439966	0.228046869076	0.224898367552	0.243383137687	0.182708046801	0.203345631287	0.21320585399	0.226896915679	0.0866288147484	0.131499090618	0.191066780966	0.131498850161	0.23705300929	0.131731399964	0.189064823292	0.194978395109	0.245905338048	0.186570137042	0.191489413333	0.241879339023	0.231727973555	0.126865325077	0.258522088654	0.23777900042	0.197663006584	0.177160931725	0.184441556483	0.187558139503	0.193442558239	0.157128955299	0.219873463117	0.2059957211	0.217320725154	0.229756611701	0.222852430903	0.21591722149	0.203010343702	0.202999371032	0.172670130583	0.231262126919	0.243630939488	0.203583088921	0.207802828414	0.196793351751	0.0998615209041	0.238978892402	0.249657131661
160400887-stool1.snv.bam	0.209374442271	0.19753417384	0.101391879197	0.101402462795	0.0974765084968	0.213463933778	0.213649436355	0.174414453905	0.0	0.0355241824953	0.0360534792461	0.0354551112234	0.203196146692	0.206249842482	0.0892520080106	0.0353938567499	0.0350783056343	0.03502765809	0.249030399464	0.250968173929	0.183910650198	0.0348878294439	0.216256208103	0.171271580974	0.0351841257402	0.1719532267	0.198438553857	0.0823980154438	0.196489310636	0.203712586856	0.0352639785484	0.043044692189	0.206479733544	0.198395580912	0.231635805827	0.125351738544	0.161953914244	0.204429068306	0.224894963162	0.164640892738	0.035743114599	0.186456618724	0.0358355736081	0.209647928911	0.179283668916	0.186893723994	0.167987144103	0.220678369093	0.127629957572	0.156456932937	0.216089760663	0.211009891375	0.21417776907	0.238410224298	0.198035380591	0.159595722796	0.0994650533607	0.122602829304	0.167580473829	0.18910108349	0.0219645001126	0.21873980596	0.194512527408	0.211479005151	0.196396247075	0.21871995782	0.18343218649	0.169419971496	0.189688338794	0.175849609991	0.213504190008	0.217197382204	0.170403763217	0.188556566852	0.104077226738	0.153397269536	0.227562869319	0.237132321289
160704339-stool1.snv.bam	0.208119072449	0.19640989262	0.0816012928562	0.0817528437111	0.077506006551	0.232735525037	0.232916240599	0.135796351245	0.0355241824953	0.0	0.00109833602199	0.000790823102353	0.20179065358	0.20461660811	0.0656428998095	0.00127389177375	0.000856141551828	0.0422547917797	0.246840766739	0.251699921381	0.185770284562	0.000778434228687	0.214528486864	0.178596620019	0.0010685415684	0.171436585605	0.210888711006	0.0868852106976	0.20012468838	0.20672953793	0.000788730977744	0.00871372322679	0.210609358957	0.197031831476	0.224523402689	0.128628773629	0.171195946011	0.202936572663	0.223508557889	0.145042198652	0.00133135661608	0.192320436555	0.00117638881408	0.208315709352	0.169452208008	0.191299576661	0.17691400663	0.216204065485	0.133338239976	0.159584858113	0.21460625098	0.20960972711	0.197574994025	0.236345119626	0.204983401618	0.164696571761	0.103251659411	0.127744514667	0.175212766593	0.198086501366	0.0300482455042	0.238384449702	0.201371261737	0.208402231612	0.217750496898	0.224840495848	0.190408594491	0.168888358831	0.195683229464	0.182991888074	0.225622540953	0.215475787732	0.164967006157	0.190293082346	0.118077085955	0.139146083623	0.243439382243	0.235109086684
638754422-stool1.snv.bam	0.206954877535	0.190089656333	0.077895225672	0.0777861832809	0.0758819996625	0.229740565422	0.230042098424	0.121776313964	0.0360534792461	0.00109833602199	0.0	0.000302788609239	0.192234717078	0.195296918984	0.0588894710549	0.000808549739029	0.00049215490392	0.0431208583298	0.240684215498	0.244803540373	0.181177299712	0.000301169418816	0.210794504702	0.175395485645	0.000598257951198	0.16693874807	0.205784620826	0.087584213741	0.197310091546	0.204167963865	0.000304425304424	0.00847984195735	0.208969215436	0.19906561578	0.221193313716	0.125097049689	0.16757321856	0.199191038337	0.220060720568	0.136136265413	0.000966816918558	0.188314186716	0.000963996533132	0.199572598026	0.159954199968	0.187369178441	0.178320817185	0.212797561141	0.130729573074	0.158469557158	0.213616968176	0.208473851948	0.190180341131	0.236106601549	0.200188782986	0.162780808259	0.0987221462775	0.125577386676	0.174896208972	0.194467017501	0.0298726810824	0.235774032955	0.197304623124	0.206464583685	0.214258983327	0.221580715324	0.189171635572	0.167074392791	0.194249067346	0.179500328236	0.222217970825	0.212715021821	0.166406770724	0.18849046377	0.115095013155	0.13347834006	0.240744119805	0.233686735799
682102541-stool3.snv.bam	0.21104192611	0.193991353474	0.0800371967972	0.0799290221175	0.0780689964158	0.230739712512	0.230973351729	0.129147883797	0.0354551112234	0.000790823102353	0.000302788609239	0.0	0.196280310006	0.199206637311	0.0621756762337	0.000503342811034	0.000189465706708	0.0426149753422	0.245128205128	0.249906964381	0.182336182336	0.0	0.214816933638	0.178535141213	0.0	0.173713128195	0.20830365622	0.0867825263034	0.201534277902	0.208157680543	0.0	0.00811359026369	0.209914252041	0.199839002268	0.22507818616	0.126891975949	0.169345938624	0.200606050007	0.22395470234	0.143126949782	0.000281091457562	0.189436377303	0.00030388330881	0.205897645941	0.169131580259	0.188674631454	0.179738874159	0.216585468238	0.132390827183	0.160390037544	0.217035961942	0.212639722556	0.199516616314	0.237184781703	0.205391704063	0.164166917904	0.101499996185	0.128236413515	0.176273596077	0.195681361636	0.029490616622	0.236599728996	0.203432700994	0.209708279816	0.215375038904	0.222436706068	0.193165385936	0.168378301734	0.195808432032	0.181466214296	0.228974831185	0.215008452379	0.16750257079	0.190010015288	0.117145004743	0.135555156306	0.242993861662	0.23595505618
763496533-stool1.snv.bam	0.205350024118	0.258542847928	0.18254921929	0.182572591197	0.177058394721	0.244997160683	0.244937054567	0.200018012041	0.203196146692	0.20179065358	0.192234717078	0.196280310006	0.0	0.00109786129649	0.191791533754	0.201106798169	0.201426360852	0.2015621562	0.243077079272	0.246299315466	0.192711186206	0.201232261473	0.21454505286	0.207038466396	0.201534193841	0.235386477735	0.115199220714	0.208490648105	0.206141666692	0.224345174104	0.201249234772	0.209544281934	0.236232872406	0.231990807742	0.217230624324	0.194683196819	0.207259733558	0.166942396099	0.215549366225	0.21244227757	0.200720537073	0.203197994747	0.198085944008	0.219326308	0.231711507944	0.202117801891	0.213930635314	0.236354118802	0.206161951965	0.212473087113	0.194883695575	0.18774446883	0.215047558923	0.237837439892	0.228938311747	0.196006371645	0.193770628535	0.18908950389	0.210143857022	0.15276744228	0.194053939674	0.231393213468	0.201593757913	0.226370994649	0.223972302043	0.211524384382	0.201522684165	0.201482473875	0.213284130332	0.214681585043	0.223691768964	0.229126344322	0.225446881978	0.237675193084	0.209495709544	0.198950888995	0.235056211676	0.253996557797
763496533-stool2.snv.bam	0.214231570422	0.263748974833	0.179737811445	0.179812262136	0.174397705451	0.239421979524	0.239210907224	0.200483007132	0.206249842482	0.20461660811	0.195296918984	0.199206637311	0.00109786129649	0.0	0.194957284392	0.204094109267	0.204413671951	0.204340437199	0.249332931391	0.252255039636	0.193677736466	0.204219572572	0.222518281622	0.208794755187	0.204304113635	0.241146206268	0.116113942108	0.214927377187	0.210042996801	0.226742008073	0.204277693406	0.212531593033	0.233095397755	0.237987269465	0.225705644674	0.200082342891	0.202725291824	0.17246734637	0.221198508749	0.218129599508	0.203310280663	0.200680061406	0.200667882111	0.22233817234	0.237495865961	0.196489250585	0.212756209065	0.236430202512	0.211863909528	0.217291572521	0.193675785301	0.187498190322	0.218696656738	0.246266148656	0.229440046707	0.196007086007	0.196858635514	0.192436907571	0.215848109509	0.148609946579	0.197099176472	0.222496820867	0.195870238165	0.229479032907	0.226910254364	0.205816565452	0.203965372543	0.206868900066	0.211115569243	0.212633010721	0.229497136873	0.225957306139	0.231391048976	0.243488643587	0.212273990542	0.205180355376	0.231644060921	0.256951187221
763597684-stool2.snv.bam	0.210125859435	0.183612453608	0.109732872653	0.109364779541	0.104327018224	0.204402071074	0.204686076697	0.143073179908	0.0892520080106	0.0656428998095	0.0588894710549	0.0621756762337	0.191791533754	0.194957284392	0.0	0.065268379535	0.0652022589192	0.0889677499994	0.227401488291	0.229440545457	0.187560857054	0.0653892447083	0.213343579917	0.157819903344	0.0656801114913	0.169375092284	0.19843208576	0.123645525838	0.184664704503	0.196982894548	0.0622691945633	0.0729508805502	0.199264253341	0.188043155494	0.222055901417	0.134019152324	0.16625941196	0.206385981948	0.214470111733	0.134853628927	0.064802137625	0.166475120602	0.0625016550946	0.155132761165	0.149216935721	0.173085341107	0.174571271941	0.193858214783	0.145828350833	0.143668333608	0.206781070312	0.201005554699	0.193326496954	0.234455986248	0.18133010209	0.158397828321	0.111442254096	0.11914845544	0.154417946917	0.171331630065	0.0765785569144	0.212650985797	0.190617388777	0.183020944677	0.19387008168	0.204508434316	0.178130338052	0.166206944956	0.173813393915	0.153240976411	0.212811648343	0.204591312521	0.161918559298	0.177102620431	0.12833293787	0.147370378242	0.206705217379	0.228198888103
763820215-stool2.snv.bam	0.207324705842	0.196053706954	0.0818897739747	0.0817832939374	0.0775369413964	0.232226373684	0.232456352757	0.135052876211	0.0353938567499	0.00127389177375	0.000808549739029	0.000503342811034	0.201106798169	0.204094109267	0.065268379535	0.0	0.000681955120597	0.0424428353623	0.246481315137	0.251176203815	0.185050570345	0.000495457545065	0.213921018938	0.178350027632	0.00078556488478	0.170856305976	0.210227174162	0.0864883921338	0.199529339279	0.206678016873	0.000502011216296	0.00848194195606	0.210415120882	0.196596599406	0.224031643645	0.12858994339	0.170742778851	0.202633599206	0.222878189787	0.14488551542	0.00115196207301	0.191951126333	0.00115173047504	0.207788287068	0.169175314778	0.190877799591	0.176640792228	0.215846086239	0.133363902911	0.159367342287	0.214005925346	0.208997824948	0.196996505982	0.235953077802	0.20466067855	0.164082485776	0.10327230869	0.127175333497	0.174951254679	0.197717239792	0.0297600006377	0.237953506824	0.200886650486	0.208019315963	0.21719757133	0.224249546943	0.189951618438	0.168406015447	0.195457422678	0.182685769359	0.225177841482	0.215259915366	0.164639764938	0.189806989675	0.118215415015	0.138645938328	0.242804555959	0.234679087027
763820215-stool3.snv.bam	0.20782137898	0.195987758977	0.0812078188541	0.0811013388168	0.0768441328786	0.232160425707	0.232390404779	0.135371572872	0.0350783056343	0.000856141551828	0.00049215490392	0.000189465706708	0.201426360852	0.204413671951	0.0652022589192	0.000681955120597	0.0	0.0421338753928	0.246610644258	0.251105650532	0.185328676925	0.000186497575533	0.213853483977	0.178280637315	0.000476604915248	0.170790011815	0.210158163027	0.0864995997627	0.199642477506	0.206611896257	0.00018896447468	0.00817298198653	0.210082258533	0.196525649756	0.223964999647	0.128014652015	0.171067865852	0.202565334138	0.223014509052	0.144818871422	0.000840562945827	0.191882861265	0.000840331347851	0.207721818449	0.169106114571	0.190810083571	0.176571210753	0.215780138262	0.132800628066	0.159299987419	0.213937660277	0.208928243474	0.196921108742	0.235886783641	0.204594384389	0.164098701067	0.102690814713	0.127310582192	0.174884960518	0.197651291815	0.0294452887538	0.238065421936	0.200819115525	0.207950115757	0.217127989855	0.224182192075	0.189884263571	0.168337565378	0.195595564393	0.182618949054	0.225047446515	0.215192199347	0.164568009042	0.190124824993	0.117734303437	0.138964634988	0.242915274118	0.234609313339
764083206-stool1.snv.bam	0.191645342961	0.201495582731	0.0812463842248	0.0816048109604	0.0773556178414	0.216981984431	0.217054016175	0.162456714152	0.03502765809	0.0422547917797	0.0431208583298	0.0426149753422	0.2015621562	0.204340437199	0.0889677499994	0.0424428353623	0.0421338753928	0.0	0.229919891483	0.232091208719	0.177065295099	0.0419473778172	0.203536766811	0.170568631356	0.042237485157	0.166046783025	0.199615943846	0.0561671141343	0.182649627899	0.190087210803	0.0398567346667	0.0499338622282	0.191277921049	0.194114267115	0.208507342073	0.107195531564	0.161635508238	0.186298554055	0.208549838796	0.147972461879	0.0402995554	0.160187575754	0.0427116045037	0.202932369286	0.164162573774	0.172560297596	0.154834286504	0.2013607678	0.0915286432907	0.146297134911	0.208914816439	0.203808540387	0.197496720178	0.22575961246	0.189823562894	0.139144230702	0.0817657092544	0.102062850885	0.158184892999	0.179700859462	0.0136207480307	0.21133433139	0.190639516143	0.195917826569	0.190110992144	0.214029738291	0.179547901741	0.152599976845	0.182958618436	0.161930250473	0.209127739394	0.200085334102	0.161801427123	0.165935561988	0.0913303198223	0.138959324205	0.217892674598	0.218567406794
764487809-stool1.snv.bam	0.227868308445	0.16833260577	0.224230578901	0.224226107186	0.222217473884	0.190776213274	0.190785066163	0.276736681686	0.249030399464	0.246840766739	0.240684215498	0.245128205128	0.243077079272	0.249332931391	0.227401488291	0.246481315137	0.246610644258	0.229919891483	0.0	0.00122723235979	0.239066190607	0.246610644258	0.250266182698	0.23219109224	0.246921879863	0.225865980488	0.242159412793	0.238241508606	0.231631458245	0.242315649578	0.241590909091	0.255178777393	0.214876337307	0.254174328525	0.243696377296	0.180850782455	0.245152386831	0.258994637546	0.242875855615	0.246015618731	0.24375137104	0.217363321012	0.243525133731	0.211993558141	0.216184231867	0.202306214439	0.206729567933	0.227836216905	0.210051707063	0.215331557838	0.265547566494	0.255546135368	0.235741935484	0.222634507258	0.230863062347	0.217011328091	0.189437474998	0.215988688608	0.221936945071	0.214067457779	0.228685714286	0.235544503009	0.236231858818	0.203636580879	0.209848783695	0.229502213005	0.195123977772	0.172573037811	0.236225624675	0.225382570614	0.2265374677	0.247967075009	0.260240452031	0.211169816983	0.207119946326	0.235517328292	0.213204332831	0.227521865889
764487809-stool2.snv.bam	0.231206804891	0.162296066262	0.225684437003	0.225569132696	0.223589098219	0.187246814527	0.187255642688	0.277981718192	0.250968173929	0.251699921381	0.244803540373	0.249906964381	0.246299315466	0.252255039636	0.229440545457	0.251176203815	0.251105650532	0.232091208719	0.00122723235979	0.0	0.241773153219	0.251305171682	0.249340639086	0.231340403793	0.251615537914	0.216600209368	0.241769685768	0.242631896028	0.226446795538	0.241768002516	0.24636615145	0.257056075395	0.211797331742	0.259996840495	0.242802465106	0.177269070111	0.238103777384	0.258807260748	0.244403637922	0.248076386261	0.248493624817	0.217054908304	0.248493376909	0.214008369138	0.211780508034	0.206624384052	0.209700811184	0.224364728999	0.206468466155	0.208713600055	0.261668447351	0.251616269471	0.231467236467	0.224613768367	0.230085432611	0.218995239079	0.188592130943	0.214479113297	0.218979486032	0.216963129085	0.230675930091	0.237781334774	0.235346528168	0.207053139793	0.209633551334	0.231495782288	0.200269957776	0.171464468574	0.237459505133	0.227254160368	0.225669972032	0.248224549518	0.253208343779	0.213233452847	0.206561654471	0.24055117014	0.214085332997	0.222448703647
765377934-stool3.snv.bam	0.221612678509	0.221787199728	0.199313528264	0.199433710475	0.196958905292	0.232866556313	0.233058794613	0.169013384575	0.183910650198	0.185770284562	0.181177299712	0.182336182336	0.192711186206	0.193677736466	0.187560857054	0.185050570345	0.185328676925	0.177065295099	0.239066190607	0.241773153219	0.0	0.185128596893	0.236044657097	0.215442563497	0.184930537872	0.209107977927	0.178597150088	0.184625247988	0.196506914807	0.238046649779	0.187226371362	0.182492248236	0.200424422712	0.251282227727	0.24394504024	0.209649948905	0.198146465166	0.23886130189	0.232441048954	0.180787303829	0.183353266452	0.20185284527	0.181234430084	0.23189624533	0.208688625494	0.185402013932	0.221999077185	0.238053116252	0.209718852682	0.200394559022	0.22699841216	0.219831721197	0.197540453074	0.262219250165	0.216335707808	0.168641873761	0.207452108608	0.183949693247	0.214295032988	0.182970364704	0.171688311688	0.235988014861	0.230422036457	0.239103393686	0.231394059287	0.218018951966	0.198764861036	0.21890106692	0.195886575238	0.183893655076	0.240356784216	0.235090982758	0.230461510095	0.197634340827	0.21207542536	0.181878680326	0.236020811159	0.241341991342
765640925-stool2.snv.bam	0.207628849138	0.196174256553	0.0813943164296	0.0812878363924	0.0770335985853	0.232346923282	0.232576902355	0.135177999507	0.0348878294439	0.000778434228687	0.000301169418816	0.0	0.201232261473	0.204219572572	0.0653892447083	0.000495457545065	0.000186497575533	0.0419473778172	0.246610644258	0.251305171682	0.185128596893	0.0	0.214044469462	0.178476869654	0.000290107339715	0.170977488381	0.210353323058	0.086301736684	0.199837637538	0.206798882046	0.0	0.007986484411	0.210279575029	0.196726291811	0.224153465534	0.128205128205	0.171264098191	0.202758384331	0.22320297494	0.145007337309	0.000652593021014	0.192075911458	0.000652361423037	0.207909788374	0.169301809288	0.191001581082	0.176767983677	0.215966635837	0.132987125642	0.15949046361	0.21413071047	0.209125016398	0.197134328358	0.236074260207	0.204781860954	0.164285198642	0.102883344555	0.127497567981	0.175072437083	0.197837789391	0.0292553191489	0.238258472129	0.20101010101	0.208145810473	0.217324762779	0.224372668266	0.190074739761	0.168531138743	0.195786549878	0.182807913529	0.225241545894	0.215383696857	0.16477093112	0.1899317748	0.117920801013	0.138771061624	0.243106259603	0.234806629834
CCIS05314658ST-4-0.snv.bam	0.0801182771605	0.243816502242	0.206277701312	0.206379339351	0.201116752479	0.256985132791	0.25689728658	0.224814759436	0.216256208103	0.214528486864	0.210794504702	0.214816933638	0.21454505286	0.222518281622	0.213343579917	0.213921018938	0.213853483977	0.203536766811	0.250266182698	0.249340639086	0.236044657097	0.214044469462	0.0	0.208021644033	0.214341557995	0.231707136161	0.227008257194	0.226341019201	0.124400489795	0.17297761657	0.214234773927	0.216875548418	0.232622023892	0.170141415455	0.0298234222281	0.207437478626	0.248821253657	0.176997883374	0.0670985334332	0.235530731858	0.213748293604	0.203999267338	0.213748056387	0.237319489618	0.219637661983	0.176637970666	0.195278250178	0.170866817263	0.216510471091	0.1985195076	0.252274195038	0.244066328286	0.239674641148	0.0566516507047	0.194424503529	0.22248502598	0.216358265916	0.20146033591	0.190900579672	0.211446099964	0.204503083321	0.241442236064	0.211864135224	0.173533375984	0.189100340305	0.210908148029	0.176144137234	0.17518177777	0.203009961248	0.227946877776	0.114662235905	0.13589345369	0.220343659411	0.233302285588	0.226661134956	0.237072527333	0.21877327502	0.203538507285
CCIS22275061ST-4-0.snv.bam	0.191207751756	0.22224479517	0.172927002698	0.172703043751	0.167868103987	0.213451119197	0.213385594624	0.200142940871	0.171271580974	0.178596620019	0.175395485645	0.178535141213	0.207038466396	0.208794755187	0.157819903344	0.178350027632	0.178280637315	0.170568631356	0.23219109224	0.231340403793	0.215442563497	0.178476869654	0.208021644033	0.0	0.178324244501	0.207787497153	0.210274171931	0.198839563267	0.178140368223	0.222769964845	0.176627146838	0.186880230999	0.21899991787	0.174709001429	0.215883237473	0.192708949816	0.19070797891	0.2261455607	0.202248483495	0.192459120163	0.176740973947	0.176678339236	0.177394261039	0.191045311344	0.186582801353	0.192019191858	0.176321599797	0.212778131321	0.203530746782	0.126261006584	0.232424659621	0.22523761707	0.194878311204	0.225858361245	0.0978334028301	0.176622777023	0.178035448428	0.161809257772	0.127730674255	0.173840870669	0.168064184559	0.229157167535	0.201720673333	0.188761573038	0.230130021122	0.236483572524	0.18853521394	0.172025893985	0.183154820642	0.132026557918	0.187010568446	0.21818573143	0.153335064927	0.167088203815	0.18757889522	0.197985082183	0.222454996722	0.226115384751
CCIS59132091ST-4-0.snv.bam	0.207928340004	0.196464363893	0.0816844237693	0.0815779437321	0.077328323018	0.232637030622	0.232867009695	0.13547911363	0.0351841257402	0.0010685415684	0.000598257951198	0.0	0.201534193841	0.204304113635	0.0656801114913	0.00078556488478	0.000476604915248	0.042237485157	0.246921879863	0.251615537914	0.184930537872	0.000290107339715	0.214341557995	0.178324244501	0.0	0.171269118594	0.210656905329	0.0866095236953	0.200141219808	0.20708974883	0.000293944738389	0.00827659175071	0.2105865118	0.196527676443	0.224446634693	0.128501424501	0.170958847886	0.203058684631	0.223496144099	0.144923574692	0.000360195360195	0.192015851398	0.000359963762219	0.208202186034	0.169606223291	0.191299466098	0.177074074892	0.21593037242	0.133158552706	0.159786759906	0.21383041017	0.209431107613	0.197134328358	0.23636589042	0.205073491167	0.164417065615	0.10318283542	0.127788434764	0.175364067296	0.19812789673	0.0295508274232	0.23837859225	0.200713012478	0.208127903767	0.217630853994	0.224345732239	0.190371036058	0.168470915918	0.196083638411	0.182513968791	0.225543478261	0.215383696857	0.164839552113	0.1896314745	0.118210908353	0.139072175746	0.243403348135	0.235113566605
CCIS81710917ST-20-0.snv.bam	0.214560233343	0.0820922922121	0.145044367878	0.144753657057	0.13841933618	0.228586565436	0.228453538937	0.207147424772	0.1719532267	0.171436585605	0.16693874807	0.173713128195	0.235386477735	0.241146206268	0.169375092284	0.170856305976	0.170790011815	0.166046783025	0.225865980488	0.216600209368	0.209107977927	0.170977488381	0.231707136161	0.207787497153	0.171269118594	0.0	0.241967537794	0.184287218504	0.215967425691	0.200059848504	0.167931976258	0.16850720893	0.207076210518	0.206819265522	0.24428802788	0.168174666656	0.199814155919	0.239573438249	0.243574268966	0.193239580648	0.170344995823	0.191979957749	0.172882285945	0.21452688518	0.187067614375	0.204640932337	0.194177693894	0.23189198826	0.139509343551	0.1137771764	0.185790179204	0.171896964059	0.201749018237	0.224733062136	0.196444674572	0.181392637027	0.158155648033	0.160483075325	0.168579324561	0.219895477577	0.168830008217	0.237018671617	0.223510819964	0.204109406099	0.229951368525	0.236391183819	0.19122722826	0.201194723115	0.214738536629	0.184069595096	0.22281412412	0.207758574667	0.157112834219	0.0824742203329	0.165163182368	0.205547415079	0.224952542574	0.197467195191
CCIS81887263ST-4-0.snv.bam	0.226044122231	0.251705072402	0.205147830518	0.204912668046	0.202632359924	0.21861492335	0.218550127771	0.224062494482	0.198438553857	0.210888711006	0.205784620826	0.20830365622	0.115199220714	0.116113942108	0.19843208576	0.210227174162	0.210158163027	0.199615943846	0.242159412793	0.241769685768	0.178597150088	0.210353323058	0.227008257194	0.210274171931	0.210656905329	0.241967537794	0.0	0.21829349166	0.219965429712	0.209595826154	0.210496720885	0.213246283521	0.224928663031	0.224427784605	0.223918194777	0.209682232727	0.173654827587	0.145043610856	0.224387646251	0.208226327819	0.210020114566	0.201540189068	0.207139832051	0.223071683372	0.221652067655	0.197283443772	0.181483029638	0.218665837242	0.218163625095	0.211658967211	0.129277404429	0.125839690541	0.217482348569	0.23615364057	0.220103887687	0.177776472083	0.205999954326	0.185860109161	0.204703167024	0.112807601929	0.192170797324	0.215525311043	0.19345810924	0.232713866828	0.21063065066	0.20725065225	0.193856639618	0.22458041601	0.204270471638	0.201758311593	0.241818248229	0.225843512613	0.220012541	0.223909810495	0.175606905268	0.199113951118	0.221471269549	0.248400453909
CCIS83445808ST-4-0.snv.bam	0.210305492022	0.216485951883	0.12528653761	0.125298096193	0.123110288606	0.238376963881	0.238443926195	0.142110341795	0.0823980154438	0.0868852106976	0.087584213741	0.0867825263034	0.208490648105	0.214927377187	0.123645525838	0.0864883921338	0.0864995997627	0.0561671141343	0.238241508606	0.242631896028	0.184625247988	0.086301736684	0.226341019201	0.198839563267	0.0866095236953	0.184287218504	0.21829349166	0.0	0.202553276671	0.22509473361	0.083997010983	0.0946328765126	0.210676515346	0.217737122509	0.22923144516	0.127413662028	0.200257615097	0.200708664805	0.222903340646	0.118454571134	0.0849243360081	0.199528057718	0.0869884329187	0.223012981196	0.154985807068	0.187753800973	0.179048972211	0.21487090976	0.133210515412	0.172773457431	0.224203531672	0.216383715836	0.169890053113	0.236231985284	0.210020485298	0.148008837875	0.122485054012	0.106686050061	0.181261812263	0.199288665538	0.0704619802322	0.224141904847	0.206563632703	0.219613398069	0.206826424233	0.229420676483	0.198278085526	0.175853842206	0.196688894812	0.174945440786	0.234300492547	0.222074443008	0.191157794176	0.1888645158	0.128811040501	0.113357486218	0.239538061691	0.243513135728
CCMD82866709ST-21-0.snv.bam	0.111336666936	0.240453166387	0.18614802209	0.186404537916	0.181959727996	0.241598415009	0.241572936672	0.228470836991	0.196489310636	0.20012468838	0.197310091546	0.201534277902	0.206141666692	0.210042996801	0.184664704503	0.199529339279	0.199642477506	0.182649627899	0.231631458245	0.226446795538	0.196506914807	0.199837637538	0.124400489795	0.178140368223	0.200141219808	0.215967425691	0.219965429712	0.202553276671	0.0	0.170037942767	0.197568957121	0.205711223932	0.208804929327	0.208118192172	0.112849473192	0.182461984596	0.222200082816	0.201960405984	0.1207261362	0.210614246744	0.196662701616	0.176556838174	0.200551618142	0.227246305399	0.203676615609	0.1850502769	0.186399678421	0.13688238134	0.195905926561	0.164838908832	0.254539686321	0.246657142039	0.216186823107	0.132610716139	0.152842585505	0.188716135239	0.173284895914	0.174958548892	0.169899668953	0.172115195029	0.189948215345	0.229104952228	0.21262423951	0.162653614956	0.188599964809	0.221368792828	0.186732799874	0.172897131572	0.17474628794	0.175373532774	0.146436157594	0.152567713384	0.202554352362	0.208139714491	0.19624714603	0.226183466265	0.209016586768	0.214142735352
DOM013.snv.bam	0.206344673881	0.224379222799	0.189408506371	0.189347234298	0.186969259755	0.242815192513	0.242346390715	0.238472915142	0.203712586856	0.20672953793	0.204167963865	0.208157680543	0.224345174104	0.226742008073	0.196982894548	0.206678016873	0.206611896257	0.190087210803	0.242315649578	0.241768002516	0.238046649779	0.206798882046	0.17297761657	0.222769964845	0.20708974883	0.200059848504	0.209595826154	0.22509473361	0.170037942767	0.0	0.206889052896	0.206924415984	0.207323932981	0.208517630406	0.175845110706	0.194967713522	0.206348918077	0.192397202344	0.175717886836	0.215369262772	0.203659382223	0.183845611486	0.206925113186	0.241549047755	0.210782318341	0.195069973659	0.189532288992	0.165182889195	0.189860200393	0.188694515394	0.260240849759	0.250320854526	0.237265774736	0.190750962383	0.192248061921	0.213342337535	0.177661953052	0.194609872094	0.171456961236	0.193064526052	0.202289128115	0.232119548584	0.215950684796	0.186021886476	0.22214576608	0.246190470077	0.183158704137	0.198189004419	0.198746814282	0.196926052528	0.210221662875	0.148460859475	0.207288932879	0.198813218371	0.189199964912	0.227430781941	0.213579223473	0.223948852239
MH0203.snv.bam	0.20716703823	0.193478148835	0.0798254581813	0.079717569678	0.0751787310098	0.232774792638	0.233007813762	0.134287587413	0.0352639785484	0.000788730977744	0.000304425304424	0.0	0.201249234772	0.204277693406	0.0622691945633	0.000502011216296	0.00018896447468	0.0398567346667	0.241590909091	0.24636615145	0.187226371362	0.0	0.214234773927	0.176627146838	0.000293944738389	0.167931976258	0.210496720885	0.083997010983	0.197568957121	0.206889052896	0.0	0.00809212573918	0.207622426219	0.198961817854	0.224476372828	0.124532224532	0.173649392038	0.202796170418	0.22351317514	0.14335408224	0.000661294261294	0.193646014277	0.000661059575345	0.200015252219	0.164708778861	0.188161928651	0.173650218086	0.215736917616	0.13210071196	0.160334901696	0.208844829792	0.203665868582	0.19103030303	0.236553971114	0.198912552641	0.163912610923	0.0990195338833	0.126294859093	0.174171044719	0.196334646263	0.0296495956873	0.238782560789	0.192893706715	0.205199756165	0.216960693284	0.221999325945	0.184037809732	0.168098874165	0.192497755823	0.180571419747	0.217324762779	0.215592714478	0.166187300155	0.186543051028	0.114354938592	0.137930004778	0.241319081549	0.235294117647
MH0253.snv.bam	0.210319462262	0.193716876734	0.0893808008406	0.0892743208034	0.085147188849	0.240280122672	0.240563386766	0.138047439966	0.043044692189	0.00871372322679	0.00847984195735	0.00811359026369	0.209544281934	0.212531593033	0.0729508805502	0.00848194195606	0.00817298198653	0.0499338622282	0.255178777393	0.257056075395	0.182492248236	0.007986484411	0.216875548418	0.186880230999	0.00827659175071	0.16850720893	0.213246283521	0.0946328765126	0.205711223932	0.206924415984	0.00809212573918	0.0	0.218729363784	0.199700515208	0.226947195163	0.13636199095	0.174376454245	0.205620069545	0.226436458307	0.147801066938	0.00870212862473	0.200343002078	0.00870189702675	0.215959323977	0.174942421697	0.199202180357	0.185194494778	0.219543001109	0.140973610053	0.166404490759	0.216992395685	0.212041885625	0.20029499561	0.238853324588	0.210560550383	0.17217221768	0.110964793258	0.135504959419	0.183100845297	0.204245040837	0.0373904881101	0.246525562749	0.209188773549	0.211889689479	0.22575127388	0.232529531011	0.198231602506	0.176501806685	0.200018189058	0.185609033977	0.228118783745	0.219339434648	0.173460770692	0.187388054609	0.125907285424	0.147060556283	0.248835509906	0.226681832954
