	158499257-stool1.snv.bam	158499257-stool2.snv.bam	158802708-stool1.snv.bam	158802708-stool2.snv.bam	158802708-stool3.snv.bam	159632143-stool1.snv.bam	CCIS09568613ST-4-0.snv.bam	CCIS81887263ST-4-0.snv.bam	DLM019.snv.bam	M1.4-V2.metaG.snv.bam	MH0206.snv.bam	MH0220.snv.bam	MH0222.snv.bam	MH0250.snv.bam	MH0276.snv.bam	MH0280.snv.bam	MH0328.snv.bam	MH0339.snv.bam	MH0340.snv.bam	MH0346.snv.bam	MH0369.snv.bam	MH0390.snv.bam	MH0412.snv.bam	MH0447.snv.bam	MH0451.snv.bam	MH0453.snv.bam	MMRS34569532ST-27-0-0.snv.bam	MMRS57276462ST-27-0-0.snv.bam	MMRS94549160ST-27-0-0.snv.bam	MMRS95277876ST-27-0-0.snv.bam	MMRS95479054ST-27-0-0.snv.bam	O2.UC28-0.snv.bam	O2.UC28-2.snv.bam
158499257-stool1.snv.bam	0.0	0.0	0.222891566265	0.204819277108	0.222891566265	0.219879518072	0.10843373494	0.0873493975904	0.111445783133	0.183734939759	0.0873493975904	0.280120481928	0.246987951807	0.21686746988	0.256024096386	0.0843373493976	0.0993975903614	0.129518072289	0.204819277108	0.231927710843	0.243975903614	0.171686746988	0.105421686747	0.0873493975904	0.0722891566265	0.0873493975904	0.246987951807	0.0692771084337	0.237951807229	0.201807228916	0.078313253012	0.0843373493976	0.0843373493976
158499257-stool2.snv.bam	0.0	0.0	0.207831325301	0.189759036145	0.207831325301	0.207831325301	0.105421686747	0.0813253012048	0.10843373494	0.171686746988	0.078313253012	0.268072289157	0.231927710843	0.204819277108	0.234939759036	0.0813253012048	0.0963855421687	0.126506024096	0.189759036145	0.219879518072	0.231927710843	0.159638554217	0.102409638554	0.0873493975904	0.0722891566265	0.078313253012	0.234939759036	0.0692771084337	0.225903614458	0.186746987952	0.0753012048193	0.0813253012048	0.0813253012048
158802708-stool1.snv.bam	0.222891566265	0.207831325301	0.0	0.0	0.0	0.144578313253	0.183734939759	0.21686746988	0.201807228916	0.114457831325	0.201807228916	0.228915662651	0.183734939759	0.132530120482	0.189759036145	0.21686746988	0.219879518072	0.219879518072	0.180722891566	0.192771084337	0.207831325301	0.189759036145	0.204819277108	0.225903614458	0.207831325301	0.198795180723	0.180722891566	0.204819277108	0.201807228916	0.171686746988	0.19578313253	0.210843373494	0.210843373494
158802708-stool2.snv.bam	0.204819277108	0.189759036145	0.0	0.0	0.0	0.129518072289	0.165662650602	0.19578313253	0.180722891566	0.10843373494	0.180722891566	0.213855421687	0.171686746988	0.120481927711	0.177710843373	0.19578313253	0.198795180723	0.198795180723	0.159638554217	0.168674698795	0.189759036145	0.171686746988	0.183734939759	0.204819277108	0.186746987952	0.177710843373	0.16265060241	0.186746987952	0.189759036145	0.153614457831	0.174698795181	0.186746987952	0.186746987952
158802708-stool3.snv.bam	0.222891566265	0.207831325301	0.0	0.0	0.0	0.144578313253	0.183734939759	0.21686746988	0.201807228916	0.114457831325	0.201807228916	0.228915662651	0.183734939759	0.132530120482	0.189759036145	0.21686746988	0.219879518072	0.219879518072	0.180722891566	0.192771084337	0.207831325301	0.189759036145	0.204819277108	0.225903614458	0.207831325301	0.198795180723	0.180722891566	0.204819277108	0.201807228916	0.171686746988	0.19578313253	0.210843373494	0.210843373494
159632143-stool1.snv.bam	0.219879518072	0.207831325301	0.144578313253	0.129518072289	0.144578313253	0.0	0.186746987952	0.225903614458	0.210843373494	0.0963855421687	0.213855421687	0.234939759036	0.171686746988	0.138554216867	0.189759036145	0.219879518072	0.21686746988	0.222891566265	0.192771084337	0.210843373494	0.153614457831	0.171686746988	0.213855421687	0.228915662651	0.210843373494	0.210843373494	0.153614457831	0.204819277108	0.16265060241	0.135542168675	0.210843373494	0.219879518072	0.219879518072
CCIS09568613ST-4-0.snv.bam	0.10843373494	0.105421686747	0.183734939759	0.165662650602	0.183734939759	0.186746987952	0.0	0.078313253012	0.0903614457831	0.165662650602	0.0873493975904	0.274096385542	0.210843373494	0.192771084337	0.231927710843	0.066265060241	0.0873493975904	0.0963855421687	0.192771084337	0.222891566265	0.21686746988	0.165662650602	0.0903614457831	0.120481927711	0.123493975904	0.0993975903614	0.219879518072	0.0963855421687	0.201807228916	0.177710843373	0.0753012048193	0.0843373493976	0.0843373493976
CCIS81887263ST-4-0.snv.bam	0.0873493975904	0.0813253012048	0.21686746988	0.19578313253	0.21686746988	0.225903614458	0.078313253012	0.0	0.114457831325	0.189759036145	0.0843373493976	0.286144578313	0.234939759036	0.222891566265	0.25	0.066265060241	0.0753012048193	0.0993975903614	0.210843373494	0.237951807229	0.256024096386	0.183734939759	0.0963855421687	0.102409638554	0.0993975903614	0.10843373494	0.240963855422	0.102409638554	0.225903614458	0.210843373494	0.0813253012048	0.066265060241	0.066265060241
DLM019.snv.bam	0.111445783133	0.10843373494	0.201807228916	0.180722891566	0.201807228916	0.210843373494	0.0903614457831	0.114457831325	0.0	0.180722891566	0.105421686747	0.277108433735	0.222891566265	0.19578313253	0.259036144578	0.102409638554	0.0873493975904	0.129518072289	0.21686746988	0.228915662651	0.240963855422	0.174698795181	0.105421686747	0.132530120482	0.111445783133	0.105421686747	0.240963855422	0.117469879518	0.231927710843	0.204819277108	0.0933734939759	0.0903614457831	0.0903614457831
M1.4-V2.metaG.snv.bam	0.183734939759	0.171686746988	0.114457831325	0.10843373494	0.114457831325	0.0963855421687	0.165662650602	0.189759036145	0.180722891566	0.0	0.171686746988	0.225903614458	0.129518072289	0.102409638554	0.177710843373	0.177710843373	0.180722891566	0.192771084337	0.138554216867	0.177710843373	0.129518072289	0.120481927711	0.168674698795	0.177710843373	0.177710843373	0.177710843373	0.156626506024	0.159638554217	0.153614457831	0.117469879518	0.174698795181	0.177710843373	0.177710843373
MH0206.snv.bam	0.0873493975904	0.078313253012	0.201807228916	0.180722891566	0.201807228916	0.213855421687	0.0873493975904	0.0843373493976	0.105421686747	0.171686746988	0.0	0.265060240964	0.225903614458	0.207831325301	0.246987951807	0.0692771084337	0.0843373493976	0.120481927711	0.201807228916	0.21686746988	0.234939759036	0.16265060241	0.0963855421687	0.114457831325	0.0933734939759	0.0963855421687	0.243975903614	0.102409638554	0.21686746988	0.192771084337	0.0843373493976	0.0753012048193	0.0753012048193
MH0220.snv.bam	0.280120481928	0.268072289157	0.228915662651	0.213855421687	0.228915662651	0.234939759036	0.274096385542	0.286144578313	0.277108433735	0.225903614458	0.265060240964	0.0	0.28313253012	0.243975903614	0.277108433735	0.286144578313	0.28313253012	0.280120481928	0.246987951807	0.150602409639	0.274096385542	0.246987951807	0.277108433735	0.271084337349	0.268072289157	0.259036144578	0.259036144578	0.274096385542	0.253012048193	0.234939759036	0.277108433735	0.280120481928	0.280120481928
MH0222.snv.bam	0.246987951807	0.231927710843	0.183734939759	0.171686746988	0.183734939759	0.171686746988	0.210843373494	0.234939759036	0.222891566265	0.129518072289	0.225903614458	0.28313253012	0.0	0.129518072289	0.156626506024	0.222891566265	0.231927710843	0.243975903614	0.201807228916	0.228915662651	0.219879518072	0.21686746988	0.225903614458	0.243975903614	0.246987951807	0.240963855422	0.138554216867	0.228915662651	0.198795180723	0.156626506024	0.237951807229	0.234939759036	0.234939759036
MH0250.snv.bam	0.21686746988	0.204819277108	0.132530120482	0.120481927711	0.132530120482	0.138554216867	0.192771084337	0.222891566265	0.19578313253	0.102409638554	0.207831325301	0.243975903614	0.129518072289	0.0	0.171686746988	0.21686746988	0.219879518072	0.219879518072	0.174698795181	0.210843373494	0.177710843373	0.135542168675	0.204819277108	0.219879518072	0.21686746988	0.207831325301	0.144578313253	0.207831325301	0.177710843373	0.138554216867	0.207831325301	0.210843373494	0.210843373494
MH0276.snv.bam	0.256024096386	0.234939759036	0.189759036145	0.177710843373	0.189759036145	0.189759036145	0.231927710843	0.25	0.259036144578	0.177710843373	0.246987951807	0.277108433735	0.156626506024	0.171686746988	0.0	0.256024096386	0.246987951807	0.253012048193	0.171686746988	0.210843373494	0.183734939759	0.204819277108	0.246987951807	0.253012048193	0.25	0.25	0.14156626506	0.25	0.198795180723	0.165662650602	0.25	0.262048192771	0.262048192771
MH0280.snv.bam	0.0843373493976	0.0813253012048	0.21686746988	0.19578313253	0.21686746988	0.219879518072	0.066265060241	0.066265060241	0.102409638554	0.177710843373	0.0692771084337	0.286144578313	0.222891566265	0.21686746988	0.256024096386	0.0	0.0632530120482	0.0993975903614	0.210843373494	0.237951807229	0.243975903614	0.177710843373	0.0813253012048	0.129518072289	0.0963855421687	0.0933734939759	0.253012048193	0.0843373493976	0.237951807229	0.204819277108	0.0632530120482	0.0421686746988	0.0421686746988
MH0328.snv.bam	0.0993975903614	0.0963855421687	0.219879518072	0.198795180723	0.219879518072	0.21686746988	0.0873493975904	0.0753012048193	0.0873493975904	0.180722891566	0.0843373493976	0.28313253012	0.231927710843	0.219879518072	0.246987951807	0.0632530120482	0.0	0.102409638554	0.213855421687	0.234939759036	0.246987951807	0.174698795181	0.0632530120482	0.102409638554	0.105421686747	0.10843373494	0.237951807229	0.0993975903614	0.240963855422	0.207831325301	0.078313253012	0.0632530120482	0.0632530120482
MH0339.snv.bam	0.129518072289	0.126506024096	0.219879518072	0.198795180723	0.219879518072	0.222891566265	0.0963855421687	0.0993975903614	0.129518072289	0.192771084337	0.120481927711	0.280120481928	0.243975903614	0.219879518072	0.253012048193	0.0993975903614	0.102409638554	0.0	0.213855421687	0.234939759036	0.240963855422	0.192771084337	0.0933734939759	0.126506024096	0.132530120482	0.114457831325	0.237951807229	0.132530120482	0.237951807229	0.198795180723	0.126506024096	0.0933734939759	0.0933734939759
MH0340.snv.bam	0.204819277108	0.189759036145	0.180722891566	0.159638554217	0.180722891566	0.192771084337	0.192771084337	0.210843373494	0.21686746988	0.138554216867	0.201807228916	0.246987951807	0.201807228916	0.174698795181	0.171686746988	0.210843373494	0.213855421687	0.213855421687	0.0	0.198795180723	0.189759036145	0.171686746988	0.19578313253	0.201807228916	0.198795180723	0.192771084337	0.204819277108	0.180722891566	0.174698795181	0.171686746988	0.183734939759	0.204819277108	0.204819277108
MH0346.snv.bam	0.231927710843	0.219879518072	0.192771084337	0.168674698795	0.192771084337	0.210843373494	0.222891566265	0.237951807229	0.228915662651	0.177710843373	0.21686746988	0.150602409639	0.228915662651	0.210843373494	0.210843373494	0.237951807229	0.234939759036	0.234939759036	0.198795180723	0.0	0.198795180723	0.210843373494	0.219879518072	0.234939759036	0.222891566265	0.207831325301	0.198795180723	0.228915662651	0.201807228916	0.177710843373	0.231927710843	0.231927710843	0.231927710843
MH0369.snv.bam	0.243975903614	0.231927710843	0.207831325301	0.189759036145	0.207831325301	0.153614457831	0.21686746988	0.256024096386	0.240963855422	0.129518072289	0.234939759036	0.274096385542	0.219879518072	0.177710843373	0.183734939759	0.243975903614	0.246987951807	0.240963855422	0.189759036145	0.198795180723	0.0	0.16265060241	0.219879518072	0.246987951807	0.240963855422	0.243975903614	0.201807228916	0.228915662651	0.156626506024	0.144578313253	0.222891566265	0.237951807229	0.237951807229
MH0390.snv.bam	0.171686746988	0.159638554217	0.189759036145	0.171686746988	0.189759036145	0.171686746988	0.165662650602	0.183734939759	0.174698795181	0.120481927711	0.16265060241	0.246987951807	0.21686746988	0.135542168675	0.204819277108	0.177710843373	0.174698795181	0.192771084337	0.171686746988	0.210843373494	0.16265060241	0.0	0.159638554217	0.174698795181	0.165662650602	0.174698795181	0.231927710843	0.168674698795	0.174698795181	0.153614457831	0.156626506024	0.171686746988	0.171686746988
MH0412.snv.bam	0.105421686747	0.102409638554	0.204819277108	0.183734939759	0.204819277108	0.213855421687	0.0903614457831	0.0963855421687	0.105421686747	0.168674698795	0.0963855421687	0.277108433735	0.225903614458	0.204819277108	0.246987951807	0.0813253012048	0.0632530120482	0.0933734939759	0.19578313253	0.219879518072	0.219879518072	0.159638554217	0.0	0.105421686747	0.10843373494	0.114457831325	0.231927710843	0.0903614457831	0.222891566265	0.19578313253	0.0722891566265	0.0692771084337	0.0692771084337
MH0447.snv.bam	0.0873493975904	0.0873493975904	0.225903614458	0.204819277108	0.225903614458	0.228915662651	0.120481927711	0.102409638554	0.132530120482	0.177710843373	0.114457831325	0.271084337349	0.243975903614	0.219879518072	0.253012048193	0.129518072289	0.102409638554	0.126506024096	0.201807228916	0.234939759036	0.246987951807	0.174698795181	0.105421686747	0.0	0.0542168674699	0.114457831325	0.237951807229	0.0993975903614	0.234939759036	0.207831325301	0.111445783133	0.117469879518	0.117469879518
MH0451.snv.bam	0.0722891566265	0.0722891566265	0.207831325301	0.186746987952	0.207831325301	0.210843373494	0.123493975904	0.0993975903614	0.111445783133	0.177710843373	0.0933734939759	0.268072289157	0.246987951807	0.21686746988	0.25	0.0963855421687	0.105421686747	0.132530120482	0.198795180723	0.222891566265	0.240963855422	0.165662650602	0.10843373494	0.0542168674699	0.0	0.0993975903614	0.25	0.0963855421687	0.237951807229	0.201807228916	0.0903614457831	0.0843373493976	0.0843373493976
MH0453.snv.bam	0.0873493975904	0.078313253012	0.198795180723	0.177710843373	0.198795180723	0.210843373494	0.0993975903614	0.10843373494	0.105421686747	0.177710843373	0.0963855421687	0.259036144578	0.240963855422	0.207831325301	0.25	0.0933734939759	0.10843373494	0.114457831325	0.192771084337	0.207831325301	0.243975903614	0.174698795181	0.114457831325	0.114457831325	0.0993975903614	0.0	0.234939759036	0.105421686747	0.231927710843	0.189759036145	0.0933734939759	0.0933734939759	0.0933734939759
MMRS34569532ST-27-0-0.snv.bam	0.246987951807	0.234939759036	0.180722891566	0.16265060241	0.180722891566	0.153614457831	0.219879518072	0.240963855422	0.240963855422	0.156626506024	0.243975903614	0.259036144578	0.138554216867	0.144578313253	0.14156626506	0.253012048193	0.237951807229	0.237951807229	0.204819277108	0.198795180723	0.201807228916	0.231927710843	0.231927710843	0.237951807229	0.25	0.234939759036	0.0	0.237951807229	0.174698795181	0.165662650602	0.243975903614	0.253012048193	0.253012048193
MMRS57276462ST-27-0-0.snv.bam	0.0692771084337	0.0692771084337	0.204819277108	0.186746987952	0.204819277108	0.204819277108	0.0963855421687	0.102409638554	0.117469879518	0.159638554217	0.102409638554	0.274096385542	0.228915662651	0.207831325301	0.25	0.0843373493976	0.0993975903614	0.132530120482	0.180722891566	0.228915662651	0.228915662651	0.168674698795	0.0903614457831	0.0993975903614	0.0963855421687	0.105421686747	0.237951807229	0.0	0.222891566265	0.186746987952	0.0813253012048	0.0963855421687	0.0963855421687
MMRS94549160ST-27-0-0.snv.bam	0.237951807229	0.225903614458	0.201807228916	0.189759036145	0.201807228916	0.16265060241	0.201807228916	0.225903614458	0.231927710843	0.153614457831	0.21686746988	0.253012048193	0.198795180723	0.177710843373	0.198795180723	0.237951807229	0.240963855422	0.237951807229	0.174698795181	0.201807228916	0.156626506024	0.174698795181	0.222891566265	0.234939759036	0.237951807229	0.231927710843	0.174698795181	0.222891566265	0.0	0.159638554217	0.222891566265	0.243975903614	0.243975903614
MMRS95277876ST-27-0-0.snv.bam	0.201807228916	0.186746987952	0.171686746988	0.153614457831	0.171686746988	0.135542168675	0.177710843373	0.210843373494	0.204819277108	0.117469879518	0.192771084337	0.234939759036	0.156626506024	0.138554216867	0.165662650602	0.204819277108	0.207831325301	0.198795180723	0.171686746988	0.177710843373	0.144578313253	0.153614457831	0.19578313253	0.207831325301	0.201807228916	0.189759036145	0.165662650602	0.186746987952	0.159638554217	0.0	0.192771084337	0.198795180723	0.198795180723
MMRS95479054ST-27-0-0.snv.bam	0.078313253012	0.0753012048193	0.19578313253	0.174698795181	0.19578313253	0.210843373494	0.0753012048193	0.0813253012048	0.0933734939759	0.174698795181	0.0843373493976	0.277108433735	0.237951807229	0.207831325301	0.25	0.0632530120482	0.078313253012	0.126506024096	0.183734939759	0.231927710843	0.222891566265	0.156626506024	0.0722891566265	0.111445783133	0.0903614457831	0.0933734939759	0.243975903614	0.0813253012048	0.222891566265	0.192771084337	0.0	0.0572289156627	0.0572289156627
O2.UC28-0.snv.bam	0.0843373493976	0.0813253012048	0.210843373494	0.186746987952	0.210843373494	0.219879518072	0.0843373493976	0.066265060241	0.0903614457831	0.177710843373	0.0753012048193	0.280120481928	0.234939759036	0.210843373494	0.262048192771	0.0421686746988	0.0632530120482	0.0933734939759	0.204819277108	0.231927710843	0.237951807229	0.171686746988	0.0692771084337	0.117469879518	0.0843373493976	0.0933734939759	0.253012048193	0.0963855421687	0.243975903614	0.198795180723	0.0572289156627	0.0	0.0
O2.UC28-2.snv.bam	0.0843373493976	0.0813253012048	0.210843373494	0.186746987952	0.210843373494	0.219879518072	0.0843373493976	0.066265060241	0.0903614457831	0.177710843373	0.0753012048193	0.280120481928	0.234939759036	0.210843373494	0.262048192771	0.0421686746988	0.0632530120482	0.0933734939759	0.204819277108	0.231927710843	0.237951807229	0.171686746988	0.0692771084337	0.117469879518	0.0843373493976	0.0933734939759	0.253012048193	0.0963855421687	0.243975903614	0.198795180723	0.0572289156627	0.0	0.0
