	BYQ_AAAH.snv.bam	BYQ_AAAI.snv.bam	BYQ_AAAS.snv.bam	BYQ_AABB.snv.bam	CCIS00146684ST-4-0.snv.bam	CCIS07277498ST-4-0.snv.bam	CCIS23164343ST-4-0.snv.bam	CCIS34604008ST-4-0.snv.bam	CCIS35092938ST-4-0.snv.bam	CCIS51667829ST-4-0.snv.bam	CCMD26709089ST-21-0.snv.bam	CCMD79987997ST-21-0.snv.bam	CCMD93344354ST-21-0.snv.bam	M1.2-V1.metaG.snv.bam	M1.2-V2.metaG.snv.bam	M2.4-V1.metaG.snv.bam	MH0250.snv.bam	MH0334.snv.bam	MH0420.snv.bam	MH0425.snv.bam	MMRS67096717ST-27-0-0.snv.bam	NG-5636_524.snv.bam	NG-5636_59.snv.bam	O2.UC22-1.snv.bam	peacemaker-11-392-1.snv.bam	peacemaker-11-600-0.snv.bam	peacemaker-11-773-0.snv.bam
BYQ_AAAH.snv.bam	0.0	0.0445840227684	0.000473987664253	0.00017325017325	0.0971636078123	0.184961289638	0.351543942993	0.262311921114	0.08640050952	0.345234780995	0.0693026350042	0.0421518397764	0.046629877313	0.0425077639752	0.0447427293065	0.0423162583519	0.298720680593	0.0460242705141	0.169489174232	0.0602773975217	0.312889165629	0.0430941607412	0.0842992623815	0.312905844156	0.000110619469027	0.0	8.86917960089e-05
BYQ_AAAI.snv.bam	0.0445840227684	0.0	0.0450580104327	0.0410560841627	0.0747370203848	0.176115340345	0.308707051704	0.248838826865	0.0469003274077	0.336254078469	0.0607324307532	0.00266506608465	0.00714310362117	0.00266842980399	0.00250256142725	0.00256565321006	0.289878171969	0.00547698016936	0.129462824048	0.0207906238299	0.305966025368	0.00271402112881	0.0479643574149	0.303741445442	0.0446946422374	0.0445840227684	0.0447715704907
BYQ_AAAS.snv.bam	0.000473987664253	0.0450580104327	0.0	0.000655778155778	0.0976472250228	0.185438444258	0.352052832362	0.262420294139	0.0868744971842	0.344935800094	0.0697797896239	0.0426258274407	0.0471038649772	0.0429859836721	0.0452220188462	0.0427934129716	0.298792894941	0.0465100809999	0.169788155132	0.0607513851859	0.31296319358	0.0435788721083	0.0847884003363	0.312979535616	0.00058460713328	0.000473987664253	0.000563730430693
BYQ_AABB.snv.bam	0.00017325017325	0.0410560841627	0.000655778155778	0.0	0.0921308576481	0.183955877833	0.348854535295	0.258078553239	0.083626021126	0.340286862608	0.0661991070154	0.0385800780538	0.0431388009513	0.0389100030404	0.0411775013142	0.0387231815803	0.29297621012	0.0423355446397	0.163667941739	0.057032222425	0.308690149757	0.039457470333	0.0813953488372	0.307304385429	0.000285862785863	0.00017325017325	0.000263934710887
CCIS00146684ST-4-0.snv.bam	0.0971636078123	0.0747370203848	0.0976472250228	0.0921308576481	0.0	0.229752493883	0.334834992142	0.218863849089	0.117539860277	0.31356122365	0.109455366768	0.0722554250972	0.0768244385657	0.0728929384966	0.0752432003176	0.0703557312253	0.320833246131	0.0746602431385	0.200129911294	0.0904670551217	0.288836986465	0.0669841588609	0.120931465413	0.287177634027	0.0972764746295	0.0971636078123	0.0974739327169
CCIS07277498ST-4-0.snv.bam	0.184961289638	0.176115340345	0.185438444258	0.183955877833	0.229752493883	0.0	0.282410571884	0.321366045631	0.178532862831	0.343179452274	0.15731951158	0.17394265173	0.178450609339	0.175485611929	0.175782925783	0.174994661542	0.312118723465	0.173975947949	0.200332417663	0.183280629682	0.322867445293	0.175615576527	0.174535809019	0.333469543424	0.185072648213	0.184961289638	0.185463435374
CCIS23164343ST-4-0.snv.bam	0.351543942993	0.308707051704	0.352052832362	0.348854535295	0.334834992142	0.282410571884	0.0	0.36215344679	0.30657011239	0.380407695375	0.337040949481	0.30653831729	0.308970794645	0.311854863935	0.305288461538	0.307875894988	0.338846342762	0.307692307692	0.307220780595	0.302245566935	0.358834040652	0.30520004612	0.314307314307	0.359209453953	0.351662707838	0.351543942993	0.352476190476
CCIS34604008ST-4-0.snv.bam	0.262311921114	0.248838826865	0.262420294139	0.258078553239	0.218863849089	0.321366045631	0.36215344679	0.0	0.242069634927	0.105201811676	0.248329854326	0.246246701117	0.25109712509	0.248731980759	0.249204915597	0.245768195801	0.324189372275	0.248384998886	0.278385336528	0.26031661394	0.223270965711	0.245005394689	0.240183553629	0.222056151868	0.262425816331	0.262311921114	0.26300213098
CCIS35092938ST-4-0.snv.bam	0.08640050952	0.0469003274077	0.0868744971842	0.083626021126	0.117539860277	0.178532862831	0.30657011239	0.242069634927	0.0	0.329762688129	0.102963295057	0.0446156370411	0.0489554002414	0.0472257022868	0.0449969493594	0.0447965175137	0.24797570608	0.0462819493432	0.127213891979	0.0627411947863	0.262781928878	0.0456137000255	0.00500127726155	0.260753640299	0.086511128989	0.08640050952	0.0866807767251
CCIS51667829ST-4-0.snv.bam	0.345234780995	0.336254078469	0.344935800094	0.340286862608	0.31356122365	0.343179452274	0.380407695375	0.105201811676	0.329762688129	0.0	0.336608295479	0.333981703982	0.338724100695	0.337199763882	0.337861298799	0.334104073244	0.292127816437	0.335991467627	0.339727458622	0.347738255717	0.202403343783	0.334767192754	0.333180445034	0.196847417457	0.345346139569	0.345234780995	0.345916108631
CCMD26709089ST-21-0.snv.bam	0.0693026350042	0.0607324307532	0.0697797896239	0.0661991070154	0.109455366768	0.15731951158	0.337040949481	0.248329854326	0.102963295057	0.336608295479	0.0	0.0582839970954	0.0627919547045	0.0586555187842	0.0588218088218	0.0585580338944	0.267430974742	0.0625880968347	0.186586372975	0.0765306610171	0.285430661293	0.059600232721	0.103066270114	0.281323367708	0.0694139935788	0.0693026350042	0.0695466141002
CCMD79987997ST-21-0.snv.bam	0.0421518397764	0.00266506608465	0.0426258274407	0.0385800780538	0.0722554250972	0.17394265173	0.30653831729	0.246246701117	0.0446156370411	0.333981703982	0.0582839970954	0.0	0.00471092062921	0.00244667374959	0.00235488048982	0.000117219552221	0.287840236586	0.00305971627132	0.127290135432	0.0183584408379	0.303636582115	0.000226811372322	0.0456066404156	0.301422590567	0.0422624592455	0.0421518397764	0.0423339946318
CCMD93344354ST-21-0.snv.bam	0.046629877313	0.00714310362117	0.0471038649772	0.0431388009513	0.0768244385657	0.178450609339	0.308970794645	0.25109712509	0.0489554002414	0.338724100695	0.0627919547045	0.00471092062921	0.0	0.00677059438523	0.00688300793167	0.00462517716137	0.292208995977	0.00764945088925	0.131798093041	0.0228364783744	0.308355386052	0.00480616197528	0.0500851175081	0.306119945396	0.046740496782	0.046629877313	0.0468219612981
M1.2-V1.metaG.snv.bam	0.0425077639752	0.00266842980399	0.0429859836721	0.0389100030404	0.0728929384966	0.175485611929	0.311854863935	0.248731980759	0.0472257022868	0.337199763882	0.0586555187842	0.00244667374959	0.00677059438523	0.0	9.79240109676e-05	0.00234489496825	0.290406995301	0.00535510653907	0.130660938182	0.0207340668318	0.306656527204	0.00249108974541	0.0483100349861	0.304408370847	0.042619371118	0.0425077639752	0.0426923451026
M1.2-V2.metaG.snv.bam	0.0447427293065	0.00250256142725	0.0452220188462	0.0411775013142	0.0752432003176	0.175782925783	0.305288461538	0.249204915597	0.0449969493594	0.337861298799	0.0588218088218	0.00235488048982	0.00688300793167	9.79240109676e-05	0.0	0.00225225225225	0.288710888847	0.00525561395127	0.128605043311	0.020683184966	0.304954860382	0.00239729759181	0.0460117249956	0.302709359606	0.0448545861298	0.0447427293065	0.044932735426
M2.4-V1.metaG.snv.bam	0.0423162583519	0.00256565321006	0.0427934129716	0.0387231815803	0.0703557312253	0.174994661542	0.307875894988	0.245768195801	0.0447965175137	0.334104073244	0.0585580338944	0.000117219552221	0.00462517716137	0.00234489496825	0.00225225225225	0.0	0.287416221184	0.00296050980982	0.128028339081	0.0183638834739	0.301253918495	0.000108471634667	0.0458001768347	0.29903563256	0.0424276169265	0.0423162583519	0.0425
MH0250.snv.bam	0.298720680593	0.289878171969	0.298792894941	0.29297621012	0.320833246131	0.312118723465	0.338846342762	0.324189372275	0.24797570608	0.292127816437	0.267430974742	0.287840236586	0.292208995977	0.290406995301	0.288710888847	0.287416221184	0.0	0.290508717513	0.292318422511	0.287858562402	0.122940695924	0.289814652638	0.248804675133	0.118355328256	0.298832039167	0.298720680593	0.299298182112
MH0334.snv.bam	0.0460242705141	0.00547698016936	0.0465100809999	0.0423355446397	0.0746602431385	0.173975947949	0.307692307692	0.248384998886	0.0462819493432	0.335991467627	0.0625880968347	0.00305971627132	0.00764945088925	0.00535510653907	0.00525561395127	0.00296050980982	0.290508717513	0.0	0.124194845951	0.0216373854342	0.305250955134	0.00311907736502	0.0469928198265	0.302972668357	0.0461376491989	0.0460242705141	0.0462197802198
MH0420.snv.bam	0.169489174232	0.129462824048	0.169788155132	0.163667941739	0.200129911294	0.200332417663	0.307220780595	0.278385336528	0.127213891979	0.339727458622	0.186586372975	0.127290135432	0.131798093041	0.130660938182	0.128605043311	0.128028339081	0.292318422511	0.124194845951	0.0	0.113776210931	0.311794040232	0.12752070982	0.131089002651	0.314104174792	0.169600532806	0.169489174232	0.169956783996
MH0425.snv.bam	0.0602773975217	0.0207906238299	0.0607513851859	0.057032222425	0.0904670551217	0.183280629682	0.302245566935	0.26031661394	0.0627411947863	0.347738255717	0.0765306610171	0.0183584408379	0.0228364783744	0.0207340668318	0.020683184966	0.0183638834739	0.287858562402	0.0216373854342	0.113776210931	0.0	0.313164014213	0.0165000061706	0.0643115538878	0.315452170701	0.0603880169907	0.0602773975217	0.0604997420838
MMRS67096717ST-27-0-0.snv.bam	0.312889165629	0.305966025368	0.31296319358	0.308690149757	0.288836986465	0.322867445293	0.358834040652	0.223270965711	0.262781928878	0.202403343783	0.285430661293	0.303636582115	0.308355386052	0.306656527204	0.304954860382	0.301253918495	0.122940695924	0.305250955134	0.311794040232	0.313164014213	0.0	0.306292228021	0.262081079298	0.0101792147247	0.31300332088	0.312889165629	0.313513625962
NG-5636_524.snv.bam	0.0430941607412	0.00271402112881	0.0435788721083	0.039457470333	0.0669841588609	0.175615576527	0.30520004612	0.245005394689	0.0456137000255	0.334767192754	0.059600232721	0.000226811372322	0.00480616197528	0.00249108974541	0.00239729759181	0.000108471634667	0.289814652638	0.00311907736502	0.12752070982	0.0165000061706	0.306292228021	0.0	0.0466605046044	0.306339977852	0.0432072829132	0.0430941607412	0.0432825828744
NG-5636_59.snv.bam	0.0842992623815	0.0479643574149	0.0847884003363	0.0813953488372	0.120931465413	0.174535809019	0.314307314307	0.240183553629	0.00500127726155	0.333180445034	0.103066270114	0.0456066404156	0.0500851175081	0.0483100349861	0.0460117249956	0.0458001768347	0.248804675133	0.0469928198265	0.131089002651	0.0643115538878	0.262081079298	0.0466605046044	0.0	0.259989423722	0.0844134176326	0.0842992623815	0.0845837000528
O2.UC22-1.snv.bam	0.312905844156	0.303741445442	0.312979535616	0.307304385429	0.287177634027	0.333469543424	0.359209453953	0.222056151868	0.260753640299	0.196847417457	0.281323367708	0.301422590567	0.306119945396	0.304408370847	0.302709359606	0.29903563256	0.118355328256	0.302972668357	0.314104174792	0.315452170701	0.0101792147247	0.306339977852	0.259989423722	0.0	0.313019480519	0.312905844156	0.313527497559
peacemaker-11-392-1.snv.bam	0.000110619469027	0.0446946422374	0.00058460713328	0.000285862785863	0.0972764746295	0.185072648213	0.351662707838	0.262425816331	0.086511128989	0.345346139569	0.0694139935788	0.0422624592455	0.046740496782	0.042619371118	0.0448545861298	0.0424276169265	0.298832039167	0.0461376491989	0.169600532806	0.0603880169907	0.31300332088	0.0432072829132	0.0844134176326	0.313019480519	0.0	0.000110619469027	0.00019955654102
peacemaker-11-600-0.snv.bam	0.0	0.0445840227684	0.000473987664253	0.00017325017325	0.0971636078123	0.184961289638	0.351543942993	0.262311921114	0.08640050952	0.345234780995	0.0693026350042	0.0421518397764	0.046629877313	0.0425077639752	0.0447427293065	0.0423162583519	0.298720680593	0.0460242705141	0.169489174232	0.0602773975217	0.312889165629	0.0430941607412	0.0842992623815	0.312905844156	0.000110619469027	0.0	8.86917960089e-05
peacemaker-11-773-0.snv.bam	8.86917960089e-05	0.0447715704907	0.000563730430693	0.000263934710887	0.0974739327169	0.185463435374	0.352476190476	0.26300213098	0.0866807767251	0.345916108631	0.0695466141002	0.0423339946318	0.0468219612981	0.0426923451026	0.044932735426	0.0425	0.299298182112	0.0462197802198	0.169956783996	0.0604997420838	0.313513625962	0.0432825828744	0.0845837000528	0.313527497559	0.00019955654102	8.86917960089e-05	0.0
