	763496533-stool2.snv.bam	BYQ_AAAC.snv.bam	BYQ_AAAW.snv.bam	BYQ_AAAZ.snv.bam	CCIS07277498ST-4-0.snv.bam	CCIS16561622ST-4-0.snv.bam	CCIS34604008ST-4-0.snv.bam	CCIS35092938ST-4-0.snv.bam	CCIS41692898ST-4-0.snv.bam	CCIS47745468ST-4-0.snv.bam	CCIS50561855ST-4-0.snv.bam	CCIS76845094ST-20-0.snv.bam	CCIS77252613ST-4-0.snv.bam	CCIS80834637ST-4-0.snv.bam	CCIS88317640ST-4-0.snv.bam	CCMD26925580ST-21-0.snv.bam	CCMD50071957ST-21-0.snv.bam	HT25A.snv.bam	MMRS77321055ST-27-0-0.snv.bam	MMRS86958796ST-27-0-0.snv.bam	MMRS95479054ST-27-0-0.snv.bam	NG-5636_434.snv.bam	V1.CD8-0-PN.snv.bam	V1.FI16.snv.bam	V1.FI27.snv.bam	V1.FI37.snv.bam	V1.UC22-1.snv.bam	V1.UC55-4.snv.bam	alien-11-7-0.snv.bam	tigress-11-60-0.snv.bam	tigress-11-7-0.snv.bam
763496533-stool2.snv.bam	0.0	0.203426124197	0.203426124197	0.186295503212	0.216274089936	0.186295503212	0.184154175589	0.17130620985	0.190578158458	0.214132762313	0.194860813704	0.21199143469	0.226980728051	0.182012847966	0.164882226981	0.192719486081	0.184154175589	0.214132762313	0.224839400428	0.199143468951	0.220556745182	0.194860813704	0.184154175589	0.194860813704	0.190578158458	0.201284796574	0.20556745182	0.224839400428	0.17130620985	0.169164882227	0.164882226981
BYQ_AAAC.snv.bam	0.203426124197	0.0	0.0	0.214132762313	0.226980728051	0.149892933619	0.194860813704	0.186295503212	0.207708779443	0.224839400428	0.201284796574	0.226980728051	0.209850107066	0.051391862955	0.154175588865	0.0728051391863	0.0449678800857	0.207708779443	0.218415417559	0.194860813704	0.222698072805	0.203426124197	0.175588865096	0.03426124197	0.184154175589	0.177730192719	0.20556745182	0.233404710921	0.167023554604	0.160599571734	0.156316916488
BYQ_AAAW.snv.bam	0.203426124197	0.0	0.0	0.214132762313	0.226980728051	0.149892933619	0.194860813704	0.186295503212	0.207708779443	0.224839400428	0.201284796574	0.226980728051	0.209850107066	0.051391862955	0.154175588865	0.0728051391863	0.0449678800857	0.207708779443	0.218415417559	0.194860813704	0.222698072805	0.203426124197	0.175588865096	0.03426124197	0.184154175589	0.177730192719	0.20556745182	0.233404710921	0.167023554604	0.160599571734	0.156316916488
BYQ_AAAZ.snv.bam	0.186295503212	0.214132762313	0.214132762313	0.0	0.184154175589	0.160599571734	0.0192719486081	0.0299785867238	0.167023554604	0.224839400428	0.158458244111	0.184154175589	0.169164882227	0.197002141328	0.17130620985	0.218415417559	0.186295503212	0.173447537473	0.179871520343	0.156316916488	0.21199143469	0.0599571734475	0.17130620985	0.201284796574	0.152034261242	0.167023554604	0.162740899358	0.216274089936	0.177730192719	0.173447537473	0.17130620985
CCIS07277498ST-4-0.snv.bam	0.216274089936	0.226980728051	0.226980728051	0.184154175589	0.0	0.179871520343	0.182012847966	0.179871520343	0.194860813704	0.224839400428	0.203426124197	0.0149892933619	0.119914346895	0.209850107066	0.188436830835	0.214132762313	0.197002141328	0.207708779443	0.214132762313	0.194860813704	0.147751605996	0.182012847966	0.20556745182	0.224839400428	0.186295503212	0.184154175589	0.216274089936	0.23982869379	0.192719486081	0.190578158458	0.192719486081
CCIS16561622ST-4-0.snv.bam	0.186295503212	0.149892933619	0.149892933619	0.160599571734	0.179871520343	0.0	0.147751605996	0.139186295503	0.152034261242	0.214132762313	0.147751605996	0.177730192719	0.164882226981	0.143468950749	0.132762312634	0.147751605996	0.134903640257	0.184154175589	0.201284796574	0.173447537473	0.190578158458	0.152034261242	0.143468950749	0.143468950749	0.0856531049251	0.164882226981	0.182012847966	0.209850107066	0.143468950749	0.13704496788	0.130620985011
CCIS34604008ST-4-0.snv.bam	0.184154175589	0.194860813704	0.194860813704	0.0192719486081	0.182012847966	0.147751605996	0.0	0.0278372591006	0.164882226981	0.21199143469	0.143468950749	0.177730192719	0.167023554604	0.177730192719	0.156316916488	0.199143468951	0.162740899358	0.162740899358	0.160599571734	0.143468950749	0.197002141328	0.0492505353319	0.175588865096	0.184154175589	0.13704496788	0.145610278373	0.154175588865	0.214132762313	0.162740899358	0.160599571734	0.156316916488
CCIS35092938ST-4-0.snv.bam	0.17130620985	0.186295503212	0.186295503212	0.0299785867238	0.179871520343	0.139186295503	0.0278372591006	0.0	0.156316916488	0.190578158458	0.13704496788	0.177730192719	0.162740899358	0.164882226981	0.152034261242	0.186295503212	0.162740899358	0.156316916488	0.162740899358	0.145610278373	0.194860813704	0.0471092077088	0.143468950749	0.175588865096	0.141327623126	0.13704496788	0.139186295503	0.207708779443	0.156316916488	0.154175588865	0.154175588865
CCIS41692898ST-4-0.snv.bam	0.190578158458	0.207708779443	0.207708779443	0.167023554604	0.194860813704	0.152034261242	0.164882226981	0.156316916488	0.0	0.197002141328	0.154175588865	0.179871520343	0.184154175589	0.184154175589	0.154175588865	0.188436830835	0.184154175589	0.194860813704	0.21199143469	0.173447537473	0.216274089936	0.179871520343	0.13704496788	0.201284796574	0.179871520343	0.162740899358	0.173447537473	0.192719486081	0.158458244111	0.160599571734	0.149892933619
CCIS47745468ST-4-0.snv.bam	0.214132762313	0.224839400428	0.224839400428	0.224839400428	0.224839400428	0.214132762313	0.21199143469	0.190578158458	0.197002141328	0.0	0.220556745182	0.218415417559	0.20556745182	0.188436830835	0.192719486081	0.21199143469	0.199143468951	0.209850107066	0.214132762313	0.229122055675	0.220556745182	0.218415417559	0.186295503212	0.21199143469	0.226980728051	0.188436830835	0.21199143469	0.220556745182	0.184154175589	0.188436830835	0.186295503212
CCIS50561855ST-4-0.snv.bam	0.194860813704	0.201284796574	0.201284796574	0.158458244111	0.203426124197	0.147751605996	0.143468950749	0.13704496788	0.154175588865	0.220556745182	0.0	0.194860813704	0.162740899358	0.169164882227	0.169164882227	0.192719486081	0.182012847966	0.184154175589	0.188436830835	0.17130620985	0.167023554604	0.156316916488	0.17130620985	0.197002141328	0.190578158458	0.175588865096	0.184154175589	0.229122055675	0.167023554604	0.17130620985	0.173447537473
CCIS76845094ST-20-0.snv.bam	0.21199143469	0.226980728051	0.226980728051	0.184154175589	0.0149892933619	0.177730192719	0.177730192719	0.177730192719	0.179871520343	0.218415417559	0.194860813704	0.0	0.107066381156	0.209850107066	0.179871520343	0.216274089936	0.199143468951	0.203426124197	0.20556745182	0.192719486081	0.147751605996	0.177730192719	0.203426124197	0.216274089936	0.186295503212	0.175588865096	0.21199143469	0.226980728051	0.188436830835	0.186295503212	0.190578158458
CCIS77252613ST-4-0.snv.bam	0.226980728051	0.209850107066	0.209850107066	0.169164882227	0.119914346895	0.164882226981	0.167023554604	0.162740899358	0.184154175589	0.20556745182	0.162740899358	0.107066381156	0.0	0.190578158458	0.179871520343	0.201284796574	0.182012847966	0.192719486081	0.197002141328	0.194860813704	0.154175588865	0.173447537473	0.182012847966	0.199143468951	0.199143468951	0.167023554604	0.21199143469	0.233404710921	0.190578158458	0.184154175589	0.190578158458
CCIS80834637ST-4-0.snv.bam	0.182012847966	0.051391862955	0.051391862955	0.197002141328	0.209850107066	0.143468950749	0.177730192719	0.164882226981	0.184154175589	0.188436830835	0.169164882227	0.209850107066	0.190578158458	0.0	0.147751605996	0.0385438972163	0.0770877944325	0.179871520343	0.192719486081	0.186295503212	0.192719486081	0.186295503212	0.169164882227	0.0556745182013	0.177730192719	0.17130620985	0.179871520343	0.220556745182	0.156316916488	0.149892933619	0.143468950749
CCIS88317640ST-4-0.snv.bam	0.164882226981	0.154175588865	0.154175588865	0.17130620985	0.188436830835	0.132762312634	0.156316916488	0.152034261242	0.154175588865	0.192719486081	0.169164882227	0.179871520343	0.179871520343	0.147751605996	0.0	0.152034261242	0.13704496788	0.158458244111	0.177730192719	0.154175588865	0.192719486081	0.167023554604	0.167023554604	0.134903640257	0.145610278373	0.141327623126	0.156316916488	0.186295503212	0.0107066381156	0.00214132762313	0.00214132762313
CCMD26925580ST-21-0.snv.bam	0.192719486081	0.0728051391863	0.0728051391863	0.218415417559	0.214132762313	0.147751605996	0.199143468951	0.186295503212	0.188436830835	0.21199143469	0.192719486081	0.216274089936	0.201284796574	0.0385438972163	0.152034261242	0.0	0.0920770877944	0.207708779443	0.222698072805	0.203426124197	0.21199143469	0.203426124197	0.182012847966	0.0770877944325	0.186295503212	0.186295503212	0.190578158458	0.233404710921	0.160599571734	0.154175588865	0.147751605996
CCMD50071957ST-21-0.snv.bam	0.184154175589	0.0449678800857	0.0449678800857	0.186295503212	0.197002141328	0.134903640257	0.162740899358	0.162740899358	0.184154175589	0.199143468951	0.182012847966	0.199143468951	0.182012847966	0.0770877944325	0.13704496788	0.0920770877944	0.0	0.182012847966	0.190578158458	0.17130620985	0.192719486081	0.179871520343	0.154175588865	0.0620985010707	0.152034261242	0.149892933619	0.158458244111	0.214132762313	0.145610278373	0.139186295503	0.134903640257
HT25A.snv.bam	0.214132762313	0.207708779443	0.207708779443	0.173447537473	0.207708779443	0.184154175589	0.162740899358	0.156316916488	0.194860813704	0.209850107066	0.184154175589	0.203426124197	0.192719486081	0.179871520343	0.158458244111	0.207708779443	0.182012847966	0.0	0.0364025695931	0.0642398286938	0.229122055675	0.154175588865	0.203426124197	0.203426124197	0.192719486081	0.0835117773019	0.203426124197	0.214132762313	0.154175588865	0.154175588865	0.154175588865
MMRS77321055ST-27-0-0.snv.bam	0.224839400428	0.218415417559	0.218415417559	0.179871520343	0.214132762313	0.201284796574	0.160599571734	0.162740899358	0.21199143469	0.214132762313	0.188436830835	0.20556745182	0.197002141328	0.192719486081	0.177730192719	0.222698072805	0.190578158458	0.0364025695931	0.0	0.0877944325482	0.231263383298	0.160599571734	0.214132762313	0.214132762313	0.209850107066	0.0963597430407	0.220556745182	0.229122055675	0.173447537473	0.173447537473	0.173447537473
MMRS86958796ST-27-0-0.snv.bam	0.199143468951	0.194860813704	0.194860813704	0.156316916488	0.194860813704	0.173447537473	0.143468950749	0.145610278373	0.173447537473	0.229122055675	0.17130620985	0.192719486081	0.194860813704	0.186295503212	0.154175588865	0.203426124197	0.17130620985	0.0642398286938	0.0877944325482	0.0	0.222698072805	0.149892933619	0.160599571734	0.194860813704	0.179871520343	0.0706638115632	0.192719486081	0.209850107066	0.152034261242	0.147751605996	0.149892933619
MMRS95479054ST-27-0-0.snv.bam	0.220556745182	0.222698072805	0.222698072805	0.21199143469	0.147751605996	0.190578158458	0.197002141328	0.194860813704	0.216274089936	0.220556745182	0.167023554604	0.147751605996	0.154175588865	0.192719486081	0.192719486081	0.21199143469	0.192719486081	0.229122055675	0.231263383298	0.222698072805	0.0	0.222698072805	0.231263383298	0.220556745182	0.20556745182	0.209850107066	0.222698072805	0.23982869379	0.209850107066	0.201284796574	0.201284796574
NG-5636_434.snv.bam	0.194860813704	0.203426124197	0.203426124197	0.0599571734475	0.182012847966	0.152034261242	0.0492505353319	0.0471092077088	0.179871520343	0.218415417559	0.156316916488	0.177730192719	0.173447537473	0.186295503212	0.167023554604	0.203426124197	0.179871520343	0.154175588865	0.160599571734	0.149892933619	0.222698072805	0.0	0.173447537473	0.188436830835	0.147751605996	0.132762312634	0.175588865096	0.220556745182	0.160599571734	0.169164882227	0.167023554604
V1.CD8-0-PN.snv.bam	0.184154175589	0.175588865096	0.175588865096	0.17130620985	0.20556745182	0.143468950749	0.175588865096	0.143468950749	0.13704496788	0.186295503212	0.17130620985	0.203426124197	0.182012847966	0.169164882227	0.167023554604	0.182012847966	0.154175588865	0.203426124197	0.214132762313	0.160599571734	0.231263383298	0.173447537473	0.0	0.167023554604	0.173447537473	0.156316916488	0.173447537473	0.229122055675	0.169164882227	0.169164882227	0.158458244111
V1.FI16.snv.bam	0.194860813704	0.03426124197	0.03426124197	0.201284796574	0.224839400428	0.143468950749	0.184154175589	0.175588865096	0.201284796574	0.21199143469	0.197002141328	0.216274089936	0.199143468951	0.0556745182013	0.134903640257	0.0770877944325	0.0620985010707	0.203426124197	0.214132762313	0.194860813704	0.220556745182	0.188436830835	0.167023554604	0.0	0.179871520343	0.175588865096	0.201284796574	0.233404710921	0.149892933619	0.13704496788	0.134903640257
V1.FI27.snv.bam	0.190578158458	0.184154175589	0.184154175589	0.152034261242	0.186295503212	0.0856531049251	0.13704496788	0.141327623126	0.179871520343	0.226980728051	0.190578158458	0.186295503212	0.199143468951	0.177730192719	0.145610278373	0.186295503212	0.152034261242	0.192719486081	0.209850107066	0.179871520343	0.20556745182	0.147751605996	0.173447537473	0.179871520343	0.0	0.149892933619	0.179871520343	0.224839400428	0.152034261242	0.147751605996	0.139186295503
V1.FI37.snv.bam	0.201284796574	0.177730192719	0.177730192719	0.167023554604	0.184154175589	0.164882226981	0.145610278373	0.13704496788	0.162740899358	0.188436830835	0.175588865096	0.175588865096	0.167023554604	0.17130620985	0.141327623126	0.186295503212	0.149892933619	0.0835117773019	0.0963597430407	0.0706638115632	0.209850107066	0.132762312634	0.156316916488	0.175588865096	0.149892933619	0.0	0.177730192719	0.214132762313	0.145610278373	0.143468950749	0.143468950749
V1.UC22-1.snv.bam	0.20556745182	0.20556745182	0.20556745182	0.162740899358	0.216274089936	0.182012847966	0.154175588865	0.139186295503	0.173447537473	0.21199143469	0.184154175589	0.21199143469	0.21199143469	0.179871520343	0.156316916488	0.190578158458	0.158458244111	0.203426124197	0.220556745182	0.192719486081	0.222698072805	0.175588865096	0.173447537473	0.201284796574	0.179871520343	0.177730192719	0.0	0.220556745182	0.164882226981	0.160599571734	0.162740899358
V1.UC55-4.snv.bam	0.224839400428	0.233404710921	0.233404710921	0.216274089936	0.23982869379	0.209850107066	0.214132762313	0.207708779443	0.192719486081	0.220556745182	0.229122055675	0.226980728051	0.233404710921	0.220556745182	0.186295503212	0.233404710921	0.214132762313	0.214132762313	0.229122055675	0.209850107066	0.23982869379	0.220556745182	0.229122055675	0.233404710921	0.224839400428	0.214132762313	0.220556745182	0.0	0.199143468951	0.194860813704	0.190578158458
alien-11-7-0.snv.bam	0.17130620985	0.167023554604	0.167023554604	0.177730192719	0.192719486081	0.143468950749	0.162740899358	0.156316916488	0.158458244111	0.184154175589	0.167023554604	0.188436830835	0.190578158458	0.156316916488	0.0107066381156	0.160599571734	0.145610278373	0.154175588865	0.173447537473	0.152034261242	0.209850107066	0.160599571734	0.169164882227	0.149892933619	0.152034261242	0.145610278373	0.164882226981	0.199143468951	0.0	0.00856531049251	0.00856531049251
tigress-11-60-0.snv.bam	0.169164882227	0.160599571734	0.160599571734	0.173447537473	0.190578158458	0.13704496788	0.160599571734	0.154175588865	0.160599571734	0.188436830835	0.17130620985	0.186295503212	0.184154175589	0.149892933619	0.00214132762313	0.154175588865	0.139186295503	0.154175588865	0.173447537473	0.147751605996	0.201284796574	0.169164882227	0.169164882227	0.13704496788	0.147751605996	0.143468950749	0.160599571734	0.194860813704	0.00856531049251	0.0	0.0
tigress-11-7-0.snv.bam	0.164882226981	0.156316916488	0.156316916488	0.17130620985	0.192719486081	0.130620985011	0.156316916488	0.154175588865	0.149892933619	0.186295503212	0.173447537473	0.190578158458	0.190578158458	0.143468950749	0.00214132762313	0.147751605996	0.134903640257	0.154175588865	0.173447537473	0.149892933619	0.201284796574	0.167023554604	0.158458244111	0.134903640257	0.139186295503	0.143468950749	0.162740899358	0.190578158458	0.00856531049251	0.0	0.0
