	158822939-stool1.snv.bam	370027359-stool2.snv.bam	764083206-stool1.snv.bam	CCIS61287323ST-4-0.snv.bam	CCIS77252613ST-4-0.snv.bam	MMRS81135225ST-27-0-0.snv.bam	N084A.snv.bam	NG-5636_468.snv.bam	O2.UC16-1.snv.bam	O2.UC43-1.snv.bam	SZEY-103A.snv.bam	SZEY-20A.snv.bam	SZEY-40A.snv.bam	SZEY-60A.snv.bam	SZEY-97A.snv.bam	T2D-112A.snv.bam	T2D-142A.snv.bam	T2D-49A.snv.bam	T2D-70A.snv.bam	V1.FI09.snv.bam	V1.UC53-0.snv.bam	V1.UC53-4.snv.bam
158822939-stool1.snv.bam	0.0	0.20782122905	0.224581005587	0.210055865922	0.222346368715	0.218994413408	0.210055865922	0.201117318436	0.215642458101	0.182122905028	0.191061452514	0.187709497207	0.23687150838	0.225698324022	0.186592178771	0.205586592179	0.206703910615	0.19217877095	0.181005586592	0.198882681564	0.179888268156	0.181005586592
370027359-stool2.snv.bam	0.20782122905	0.0	0.222346368715	0.206703910615	0.224581005587	0.217877094972	0.215642458101	0.201117318436	0.197765363128	0.224581005587	0.194413407821	0.198882681564	0.237988826816	0.230167597765	0.176536312849	0.214525139665	0.224581005587	0.188826815642	0.176536312849	0.198882681564	0.223463687151	0.224581005587
764083206-stool1.snv.bam	0.224581005587	0.222346368715	0.0	0.226815642458	0.221229050279	0.156424581006	0.197765363128	0.205586592179	0.22905027933	0.22905027933	0.2	0.193296089385	0.11843575419	0.137430167598	0.188826815642	0.213407821229	0.206703910615	0.166480446927	0.164245810056	0.194413407821	0.226815642458	0.227932960894
CCIS61287323ST-4-0.snv.bam	0.210055865922	0.206703910615	0.226815642458	0.0	0.230167597765	0.218994413408	0.194413407821	0.214525139665	0.215642458101	0.224581005587	0.19217877095	0.195530726257	0.234636871508	0.237988826816	0.181005586592	0.204469273743	0.227932960894	0.195530726257	0.187709497207	0.220111731844	0.222346368715	0.224581005587
CCIS77252613ST-4-0.snv.bam	0.222346368715	0.224581005587	0.221229050279	0.230167597765	0.0	0.225698324022	0.203351955307	0.222346368715	0.235754189944	0.221229050279	0.197765363128	0.185474860335	0.256983240223	0.243575418994	0.188826815642	0.220111731844	0.233519553073	0.211173184358	0.19217877095	0.205586592179	0.220111731844	0.221229050279
MMRS81135225ST-27-0-0.snv.bam	0.218994413408	0.217877094972	0.156424581006	0.218994413408	0.225698324022	0.0	0.176536312849	0.20782122905	0.222346368715	0.217877094972	0.206703910615	0.179888268156	0.168715083799	0.181005586592	0.198882681564	0.225698324022	0.220111731844	0.196648044693	0.197765363128	0.19217877095	0.216759776536	0.217877094972
N084A.snv.bam	0.210055865922	0.215642458101	0.197765363128	0.194413407821	0.203351955307	0.176536312849	0.0	0.205586592179	0.220111731844	0.202234636872	0.187709497207	0.181005586592	0.206703910615	0.218994413408	0.184357541899	0.210055865922	0.193296089385	0.182122905028	0.17094972067	0.187709497207	0.201117318436	0.202234636872
NG-5636_468.snv.bam	0.201117318436	0.201117318436	0.205586592179	0.214525139665	0.222346368715	0.20782122905	0.205586592179	0.0	0.193296089385	0.216759776536	0.169832402235	0.19217877095	0.224581005587	0.213407821229	0.185474860335	0.212290502793	0.212290502793	0.183240223464	0.166480446927	0.183240223464	0.213407821229	0.215642458101
O2.UC16-1.snv.bam	0.215642458101	0.197765363128	0.22905027933	0.215642458101	0.235754189944	0.222346368715	0.220111731844	0.193296089385	0.0	0.20782122905	0.201117318436	0.20782122905	0.24469273743	0.235754189944	0.187709497207	0.231284916201	0.216759776536	0.195530726257	0.182122905028	0.213407821229	0.203351955307	0.205586592179
O2.UC43-1.snv.bam	0.182122905028	0.224581005587	0.22905027933	0.224581005587	0.221229050279	0.217877094972	0.202234636872	0.216759776536	0.20782122905	0.0	0.211173184358	0.201117318436	0.245810055866	0.242458100559	0.182122905028	0.231284916201	0.221229050279	0.210055865922	0.167597765363	0.19217877095	0.0	0.0
SZEY-103A.snv.bam	0.191061452514	0.194413407821	0.2	0.19217877095	0.197765363128	0.206703910615	0.187709497207	0.169832402235	0.201117318436	0.211173184358	0.0	0.150837988827	0.215642458101	0.202234636872	0.166480446927	0.15530726257	0.178770949721	0.166480446927	0.14748603352	0.196648044693	0.208938547486	0.211173184358
SZEY-20A.snv.bam	0.187709497207	0.198882681564	0.193296089385	0.195530726257	0.185474860335	0.179888268156	0.181005586592	0.19217877095	0.20782122905	0.201117318436	0.150837988827	0.0	0.20782122905	0.19217877095	0.151955307263	0.188826815642	0.191061452514	0.15530726257	0.15530726257	0.185474860335	0.198882681564	0.201117318436
SZEY-40A.snv.bam	0.23687150838	0.237988826816	0.11843575419	0.234636871508	0.256983240223	0.168715083799	0.206703910615	0.224581005587	0.24469273743	0.245810055866	0.215642458101	0.20782122905	0.0	0.105027932961	0.206703910615	0.240223463687	0.182122905028	0.177653631285	0.183240223464	0.221229050279	0.243575418994	0.24469273743
SZEY-60A.snv.bam	0.225698324022	0.230167597765	0.137430167598	0.237988826816	0.243575418994	0.181005586592	0.218994413408	0.213407821229	0.235754189944	0.242458100559	0.202234636872	0.19217877095	0.105027932961	0.0	0.196648044693	0.191061452514	0.220111731844	0.144134078212	0.181005586592	0.217877094972	0.240223463687	0.241340782123
SZEY-97A.snv.bam	0.186592178771	0.176536312849	0.188826815642	0.181005586592	0.188826815642	0.198882681564	0.184357541899	0.185474860335	0.187709497207	0.182122905028	0.166480446927	0.151955307263	0.206703910615	0.196648044693	0.0	0.191061452514	0.164245810056	0.160893854749	0.149720670391	0.185474860335	0.179888268156	0.181005586592
T2D-112A.snv.bam	0.205586592179	0.214525139665	0.213407821229	0.204469273743	0.220111731844	0.225698324022	0.210055865922	0.212290502793	0.231284916201	0.231284916201	0.15530726257	0.188826815642	0.240223463687	0.191061452514	0.191061452514	0.0	0.208938547486	0.159776536313	0.157541899441	0.204469273743	0.22905027933	0.231284916201
T2D-142A.snv.bam	0.206703910615	0.224581005587	0.206703910615	0.227932960894	0.233519553073	0.220111731844	0.193296089385	0.212290502793	0.216759776536	0.221229050279	0.178770949721	0.191061452514	0.182122905028	0.220111731844	0.164245810056	0.208938547486	0.0	0.176536312849	0.143016759777	0.205586592179	0.217877094972	0.218994413408
T2D-49A.snv.bam	0.19217877095	0.188826815642	0.166480446927	0.195530726257	0.211173184358	0.196648044693	0.182122905028	0.183240223464	0.195530726257	0.210055865922	0.166480446927	0.15530726257	0.177653631285	0.144134078212	0.160893854749	0.159776536313	0.176536312849	0.0	0.151955307263	0.187709497207	0.20782122905	0.208938547486
T2D-70A.snv.bam	0.181005586592	0.176536312849	0.164245810056	0.187709497207	0.19217877095	0.197765363128	0.17094972067	0.166480446927	0.182122905028	0.167597765363	0.14748603352	0.15530726257	0.183240223464	0.181005586592	0.149720670391	0.157541899441	0.143016759777	0.151955307263	0.0	0.176536312849	0.165363128492	0.166480446927
V1.FI09.snv.bam	0.198882681564	0.198882681564	0.194413407821	0.220111731844	0.205586592179	0.19217877095	0.187709497207	0.183240223464	0.213407821229	0.19217877095	0.196648044693	0.185474860335	0.221229050279	0.217877094972	0.185474860335	0.204469273743	0.205586592179	0.187709497207	0.176536312849	0.0	0.191061452514	0.19217877095
V1.UC53-0.snv.bam	0.179888268156	0.223463687151	0.226815642458	0.222346368715	0.220111731844	0.216759776536	0.201117318436	0.213407821229	0.203351955307	0.0	0.208938547486	0.198882681564	0.243575418994	0.240223463687	0.179888268156	0.22905027933	0.217877094972	0.20782122905	0.165363128492	0.191061452514	0.0	0.0
V1.UC53-4.snv.bam	0.181005586592	0.224581005587	0.227932960894	0.224581005587	0.221229050279	0.217877094972	0.202234636872	0.215642458101	0.205586592179	0.0	0.211173184358	0.201117318436	0.24469273743	0.241340782123	0.181005586592	0.231284916201	0.218994413408	0.208938547486	0.166480446927	0.19217877095	0.0	0.0
