	158337416-stool1.snv.bam	638754422-stool1.snv.bam	763820215-stool3.snv.bam	765195863-stool3.snv.bam	CCIS16561622ST-4-0.snv.bam	CCIS22275061ST-4-0.snv.bam	CCIS50471204ST-4-0.snv.bam	CCIS63468405ST-4-0.snv.bam	CCMD12232071ST-21-0.snv.bam	CCMD13071240ST-21-0.snv.bam	MH0347.snv.bam	MH0406.snv.bam	MH0433.snv.bam	MH0462.snv.bam	MMRS25211151ST-27-0-0.snv.bam	NG-5636_144.snv.bam	NG-5636_424.snv.bam	NG-5636_526.snv.bam	O2.UC48-0.snv.bam	O2.UC48-1.snv.bam	V1.CD38-0.snv.bam	V1.FI02.snv.bam	V1.FI13.snv.bam	V1.FI20.snv.bam	V1.FI36.snv.bam	V1.UC11-5.snv.bam	V1.UC4-5.snv.bam	V1.UC55-0.snv.bam
158337416-stool1.snv.bam	0.0	0.360248447205	0.217391304348	0.23602484472	0.32298136646	0.267080745342	0.136645962733	0.273291925466	0.130434782609	0.347826086957	0.254658385093	0.316770186335	0.273291925466	0.291925465839	0.273291925466	0.254658385093	0.27950310559	0.260869565217	0.316770186335	0.316770186335	0.242236024845	0.291925465839	0.291925465839	0.242236024845	0.285714285714	0.329192546584	0.310559006211	0.316770186335
638754422-stool1.snv.bam	0.360248447205	0.0	0.391304347826	0.391304347826	0.385093167702	0.304347826087	0.335403726708	0.360248447205	0.416149068323	0.447204968944	0.385093167702	0.360248447205	0.298136645963	0.341614906832	0.11801242236	0.229813664596	0.267080745342	0.316770186335	0.366459627329	0.366459627329	0.291925465839	0.372670807453	0.32298136646	0.304347826087	0.378881987578	0.378881987578	0.347826086957	0.366459627329
763820215-stool3.snv.bam	0.217391304348	0.391304347826	0.0	0.136645962733	0.211180124224	0.248447204969	0.155279503106	0.273291925466	0.186335403727	0.378881987578	0.217391304348	0.310559006211	0.229813664596	0.242236024845	0.372670807453	0.229813664596	0.260869565217	0.204968944099	0.273291925466	0.273291925466	0.229813664596	0.180124223602	0.260869565217	0.198757763975	0.173913043478	0.298136645963	0.27950310559	0.273291925466
765195863-stool3.snv.bam	0.23602484472	0.391304347826	0.136645962733	0.0	0.186335403727	0.198757763975	0.186335403727	0.229813664596	0.204968944099	0.341614906832	0.192546583851	0.260869565217	0.167701863354	0.180124223602	0.366459627329	0.198757763975	0.223602484472	0.155279503106	0.223602484472	0.223602484472	0.180124223602	0.155279503106	0.211180124224	0.149068322981	0.136645962733	0.23602484472	0.217391304348	0.223602484472
CCIS16561622ST-4-0.snv.bam	0.32298136646	0.385093167702	0.211180124224	0.186335403727	0.0	0.155279503106	0.23602484472	0.173913043478	0.304347826087	0.273291925466	0.186335403727	0.204968944099	0.111801242236	0.136645962733	0.372670807453	0.136645962733	0.167701863354	0.105590062112	0.155279503106	0.155279503106	0.130434782609	0.0621118012422	0.130434782609	0.11801242236	0.167701863354	0.142857142857	0.124223602484	0.155279503106
CCIS22275061ST-4-0.snv.bam	0.267080745342	0.304347826087	0.248447204969	0.198757763975	0.155279503106	0.0	0.248447204969	0.0931677018634	0.267080745342	0.27950310559	0.254658385093	0.124223602484	0.0621118012422	0.0993788819876	0.298136645963	0.105590062112	0.0993788819876	0.0745341614907	0.136645962733	0.136645962733	0.0496894409938	0.142857142857	0.0993788819876	0.0745341614907	0.204968944099	0.142857142857	0.0993788819876	0.136645962733
CCIS50471204ST-4-0.snv.bam	0.136645962733	0.335403726708	0.155279503106	0.186335403727	0.23602484472	0.248447204969	0.0	0.242236024845	0.198757763975	0.416149068323	0.16149068323	0.310559006211	0.229813664596	0.267080745342	0.347826086957	0.229813664596	0.248447204969	0.229813664596	0.298136645963	0.298136645963	0.223602484472	0.229813664596	0.273291925466	0.223602484472	0.198757763975	0.310559006211	0.27950310559	0.298136645963
CCIS63468405ST-4-0.snv.bam	0.273291925466	0.360248447205	0.273291925466	0.229813664596	0.173913043478	0.0931677018634	0.242236024845	0.0	0.27950310559	0.298136645963	0.285714285714	0.192546583851	0.105590062112	0.130434782609	0.360248447205	0.142857142857	0.167701863354	0.142857142857	0.204968944099	0.204968944099	0.11801242236	0.16149068323	0.167701863354	0.130434782609	0.242236024845	0.167701863354	0.124223602484	0.204968944099
CCMD12232071ST-21-0.snv.bam	0.130434782609	0.416149068323	0.186335403727	0.204968944099	0.304347826087	0.267080745342	0.198757763975	0.27950310559	0.0	0.291925465839	0.310559006211	0.335403726708	0.254658385093	0.242236024845	0.285714285714	0.242236024845	0.310559006211	0.229813664596	0.298136645963	0.298136645963	0.254658385093	0.273291925466	0.285714285714	0.223602484472	0.254658385093	0.310559006211	0.291925465839	0.298136645963
CCMD13071240ST-21-0.snv.bam	0.347826086957	0.447204968944	0.378881987578	0.341614906832	0.273291925466	0.27950310559	0.416149068323	0.298136645963	0.291925465839	0.0	0.39751552795	0.248447204969	0.248447204969	0.173913043478	0.329192546584	0.204968944099	0.354037267081	0.254658385093	0.223602484472	0.223602484472	0.273291925466	0.273291925466	0.260869565217	0.27950310559	0.354037267081	0.173913043478	0.198757763975	0.223602484472
MH0347.snv.bam	0.254658385093	0.385093167702	0.217391304348	0.192546583851	0.186335403727	0.254658385093	0.16149068323	0.285714285714	0.310559006211	0.39751552795	0.0	0.316770186335	0.223602484472	0.248447204969	0.391304347826	0.242236024845	0.267080745342	0.217391304348	0.27950310559	0.27950310559	0.223602484472	0.186335403727	0.254658385093	0.204968944099	0.155279503106	0.27950310559	0.260869565217	0.27950310559
MH0406.snv.bam	0.316770186335	0.360248447205	0.310559006211	0.260869565217	0.204968944099	0.124223602484	0.310559006211	0.192546583851	0.335403726708	0.248447204969	0.316770186335	0.0	0.155279503106	0.0931677018634	0.354037267081	0.192546583851	0.149068322981	0.0931677018634	0.0745341614907	0.0745341614907	0.0745341614907	0.242236024845	0.0745341614907	0.136645962733	0.273291925466	0.124223602484	0.11801242236	0.0745341614907
MH0433.snv.bam	0.273291925466	0.298136645963	0.229813664596	0.167701863354	0.111801242236	0.0621118012422	0.229813664596	0.105590062112	0.254658385093	0.248447204969	0.223602484472	0.155279503106	0.0	0.0621118012422	0.304347826087	0.0683229813665	0.11801242236	0.055900621118	0.11801242236	0.11801242236	0.0807453416149	0.111801242236	0.0807453416149	0.0683229813665	0.180124223602	0.0993788819876	0.055900621118	0.11801242236
MH0462.snv.bam	0.291925465839	0.341614906832	0.242236024845	0.180124223602	0.136645962733	0.0993788819876	0.267080745342	0.130434782609	0.242236024845	0.173913043478	0.248447204969	0.0931677018634	0.0621118012422	0.0	0.347826086957	0.105590062112	0.167701863354	0.0683229813665	0.105590062112	0.105590062112	0.0931677018634	0.130434782609	0.11801242236	0.0993788819876	0.198757763975	0.0807453416149	0.0124223602484	0.105590062112
MMRS25211151ST-27-0-0.snv.bam	0.273291925466	0.11801242236	0.372670807453	0.366459627329	0.372670807453	0.298136645963	0.347826086957	0.360248447205	0.285714285714	0.329192546584	0.391304347826	0.354037267081	0.304347826087	0.347826086957	0.0	0.242236024845	0.254658385093	0.304347826087	0.354037267081	0.354037267081	0.27950310559	0.354037267081	0.310559006211	0.291925465839	0.372670807453	0.385093167702	0.354037267081	0.354037267081
NG-5636_144.snv.bam	0.254658385093	0.229813664596	0.229813664596	0.198757763975	0.136645962733	0.105590062112	0.229813664596	0.142857142857	0.242236024845	0.204968944099	0.242236024845	0.192546583851	0.0683229813665	0.105590062112	0.242236024845	0.0	0.11801242236	0.0931677018634	0.155279503106	0.155279503106	0.111801242236	0.105590062112	0.11801242236	0.0683229813665	0.173913043478	0.136645962733	0.0931677018634	0.155279503106
NG-5636_424.snv.bam	0.27950310559	0.267080745342	0.260869565217	0.223602484472	0.167701863354	0.0993788819876	0.248447204969	0.167701863354	0.310559006211	0.354037267081	0.267080745342	0.149068322981	0.11801242236	0.167701863354	0.254658385093	0.11801242236	0.0	0.0993788819876	0.16149068323	0.16149068323	0.0683229813665	0.167701863354	0.124223602484	0.0745341614907	0.211180124224	0.211180124224	0.167701863354	0.16149068323
NG-5636_526.snv.bam	0.260869565217	0.316770186335	0.204968944099	0.155279503106	0.105590062112	0.0745341614907	0.229813664596	0.142857142857	0.229813664596	0.254658385093	0.217391304348	0.0931677018634	0.055900621118	0.0683229813665	0.304347826087	0.0931677018634	0.0993788819876	0.0	0.055900621118	0.055900621118	0.0248447204969	0.142857142857	0.0434782608696	0.0372670807453	0.173913043478	0.105590062112	0.0931677018634	0.055900621118
O2.UC48-0.snv.bam	0.316770186335	0.366459627329	0.273291925466	0.223602484472	0.155279503106	0.136645962733	0.298136645963	0.204968944099	0.298136645963	0.223602484472	0.27950310559	0.0745341614907	0.11801242236	0.105590062112	0.354037267081	0.155279503106	0.16149068323	0.055900621118	0.0	0.0	0.0869565217391	0.204968944099	0.0496894409938	0.0993788819876	0.23602484472	0.0496894409938	0.130434782609	0.0
O2.UC48-1.snv.bam	0.316770186335	0.366459627329	0.273291925466	0.223602484472	0.155279503106	0.136645962733	0.298136645963	0.204968944099	0.298136645963	0.223602484472	0.27950310559	0.0745341614907	0.11801242236	0.105590062112	0.354037267081	0.155279503106	0.16149068323	0.055900621118	0.0	0.0	0.0869565217391	0.204968944099	0.0496894409938	0.0993788819876	0.23602484472	0.0496894409938	0.130434782609	0.0
V1.CD38-0.snv.bam	0.242236024845	0.291925465839	0.229813664596	0.180124223602	0.130434782609	0.0496894409938	0.223602484472	0.11801242236	0.254658385093	0.273291925466	0.223602484472	0.0745341614907	0.0807453416149	0.0931677018634	0.27950310559	0.111801242236	0.0683229813665	0.0248447204969	0.0869565217391	0.0869565217391	0.0	0.16149068323	0.0745341614907	0.055900621118	0.192546583851	0.136645962733	0.11801242236	0.0869565217391
V1.FI02.snv.bam	0.291925465839	0.372670807453	0.180124223602	0.155279503106	0.0621118012422	0.142857142857	0.229813664596	0.16149068323	0.273291925466	0.273291925466	0.186335403727	0.242236024845	0.111801242236	0.130434782609	0.354037267081	0.105590062112	0.167701863354	0.142857142857	0.204968944099	0.204968944099	0.16149068323	0.0	0.167701863354	0.105590062112	0.130434782609	0.167701863354	0.124223602484	0.204968944099
V1.FI13.snv.bam	0.291925465839	0.32298136646	0.260869565217	0.211180124224	0.130434782609	0.0993788819876	0.273291925466	0.167701863354	0.285714285714	0.260869565217	0.254658385093	0.0745341614907	0.0807453416149	0.11801242236	0.310559006211	0.11801242236	0.124223602484	0.0434782608696	0.0496894409938	0.0496894409938	0.0745341614907	0.167701863354	0.0	0.0621118012422	0.223602484472	0.0993788819876	0.11801242236	0.0496894409938
V1.FI20.snv.bam	0.242236024845	0.304347826087	0.198757763975	0.149068322981	0.11801242236	0.0745341614907	0.223602484472	0.130434782609	0.223602484472	0.27950310559	0.204968944099	0.136645962733	0.0683229813665	0.0993788819876	0.291925465839	0.0683229813665	0.0745341614907	0.0372670807453	0.0993788819876	0.0993788819876	0.055900621118	0.105590062112	0.0621118012422	0.0	0.149068322981	0.149068322981	0.105590062112	0.0993788819876
V1.FI36.snv.bam	0.285714285714	0.378881987578	0.173913043478	0.136645962733	0.167701863354	0.204968944099	0.198757763975	0.242236024845	0.254658385093	0.354037267081	0.155279503106	0.273291925466	0.180124223602	0.198757763975	0.372670807453	0.173913043478	0.211180124224	0.173913043478	0.23602484472	0.23602484472	0.192546583851	0.130434782609	0.223602484472	0.149068322981	0.0	0.248447204969	0.229813664596	0.23602484472
V1.UC11-5.snv.bam	0.329192546584	0.378881987578	0.298136645963	0.23602484472	0.142857142857	0.142857142857	0.310559006211	0.167701863354	0.310559006211	0.173913043478	0.27950310559	0.124223602484	0.0993788819876	0.0807453416149	0.385093167702	0.136645962733	0.211180124224	0.105590062112	0.0496894409938	0.0496894409938	0.136645962733	0.167701863354	0.0993788819876	0.149068322981	0.248447204969	0.0	0.0931677018634	0.0496894409938
V1.UC4-5.snv.bam	0.310559006211	0.347826086957	0.27950310559	0.217391304348	0.124223602484	0.0993788819876	0.27950310559	0.124223602484	0.291925465839	0.198757763975	0.260869565217	0.11801242236	0.055900621118	0.0124223602484	0.354037267081	0.0931677018634	0.167701863354	0.0931677018634	0.130434782609	0.130434782609	0.11801242236	0.124223602484	0.11801242236	0.105590062112	0.229813664596	0.0931677018634	0.0	0.130434782609
V1.UC55-0.snv.bam	0.316770186335	0.366459627329	0.273291925466	0.223602484472	0.155279503106	0.136645962733	0.298136645963	0.204968944099	0.298136645963	0.223602484472	0.27950310559	0.0745341614907	0.11801242236	0.105590062112	0.354037267081	0.155279503106	0.16149068323	0.055900621118	0.0	0.0	0.0869565217391	0.204968944099	0.0496894409938	0.0993788819876	0.23602484472	0.0496894409938	0.130434782609	0.0
