	158499257-stool2.snv.bam	158944319-stool1.snv.bam	159247771-stool2.snv.bam	159288231-stool1.snv.bam	160178356-stool1.snv.bam	160218816-stool1.snv.bam	160502038-stool1.snv.bam	763496533-stool1.snv.bam	763860675-stool1.snv.bam	764062976-stool1.snv.bam	764083206-stool1.snv.bam	764143897-stool1.snv.bam	764285508-stool2.snv.bam	765276783-stool2.snv.bam	BYQ_AAAB.snv.bam	CCIS36699628ST-4-0.snv.bam	CCIS52370277ST-4-0.snv.bam	CCIS95409808ST-4-0.snv.bam	CCMD60079086ST-21-0.snv.bam	M1.2-V1.metaT.snv.bam	MH0131.snv.bam	MH0211.snv.bam	MH0229.snv.bam	MH0270.snv.bam	MH0329.snv.bam	MH0367.snv.bam	MH0417.snv.bam	MH0441.snv.bam	MMRS66868025ST-27-0-0.snv.bam	MMRS73787048ST-27-0-0.snv.bam	MMRS80093644ST-27-0-0.snv.bam	MMRS97327636ST-27-0-0.snv.bam	NG-5636_195.snv.bam	NG-5636_312.snv.bam	NG-5636_640.snv.bam	O2.UC41-1.snv.bam	O2.UC8-0.snv.bam	O2.UC8-1.snv.bam	V1.CD6-0-PN.snv.bam	V1.FI30.snv.bam
158499257-stool2.snv.bam	0.0	0.140703517588	0.137688442211	0.0462311557789	0.0462311557789	0.143718592965	0.118592964824	0.129648241206	0.124623115578	0.00402010050251	0.0582914572864	0.106532663317	0.124623115578	0.122613065327	0.130653266332	0.149748743719	0.138693467337	0.113567839196	0.110552763819	0.106532663317	0.0954773869347	0.125628140704	0.11256281407	0.148743718593	0.134673366834	0.0964824120603	0.107537688442	0.122613065327	0.115577889447	0.120603015075	0.102512562814	0.134673366834	0.141708542714	0.139698492462	0.102512562814	0.138693467337	0.121608040201	0.125628140704	0.116582914573	0.117587939698
158944319-stool1.snv.bam	0.140703517588	0.0	0.13567839196	0.142713567839	0.141708542714	0.150753768844	0.129648241206	0.125628140704	0.126633165829	0.130653266332	0.130653266332	0.094472361809	0.125628140704	0.114572864322	0.11959798995	0.133668341709	0.130653266332	0.104522613065	0.113567839196	0.11959798995	0.0894472361809	0.13567839196	0.105527638191	0.129648241206	0.12864321608	0.0934673366834	0.106532663317	0.11256281407	0.121608040201	0.124623115578	0.116582914573	0.130653266332	0.140703517588	0.137688442211	0.107537688442	0.132663316583	0.107537688442	0.110552763819	0.117587939698	0.115577889447
159247771-stool2.snv.bam	0.137688442211	0.13567839196	0.0	0.13567839196	0.134673366834	0.141708542714	0.126633165829	0.127638190955	0.126633165829	0.12864321608	0.11959798995	0.0974874371859	0.124623115578	0.125628140704	0.134673366834	0.148743718593	0.138693467337	0.113567839196	0.109547738693	0.118592964824	0.0884422110553	0.125628140704	0.117587939698	0.143718592965	0.121608040201	0.0934673366834	0.116582914573	0.130653266332	0.110552763819	0.121608040201	0.10351758794	0.118592964824	0.146733668342	0.14472361809	0.0954773869347	0.145728643216	0.113567839196	0.117587939698	0.116582914573	0.120603015075
159288231-stool1.snv.bam	0.0462311557789	0.142713567839	0.13567839196	0.0	0.0	0.143718592965	0.126633165829	0.121608040201	0.124623115578	0.0452261306533	0.0402010050251	0.108542713568	0.121608040201	0.133668341709	0.137688442211	0.15175879397	0.139698492462	0.117587939698	0.111557788945	0.109547738693	0.0924623115578	0.132663316583	0.115577889447	0.146733668342	0.136683417085	0.0954773869347	0.108542713568	0.116582914573	0.117587939698	0.118592964824	0.105527638191	0.13567839196	0.145728643216	0.141708542714	0.100502512563	0.142713567839	0.11959798995	0.121608040201	0.123618090452	0.117587939698
160178356-stool1.snv.bam	0.0462311557789	0.141708542714	0.134673366834	0.0	0.0	0.142713567839	0.125628140704	0.120603015075	0.123618090452	0.0452261306533	0.0402010050251	0.107537688442	0.120603015075	0.132663316583	0.137688442211	0.150753768844	0.138693467337	0.116582914573	0.110552763819	0.108542713568	0.0914572864322	0.131658291457	0.115577889447	0.145728643216	0.13567839196	0.094472361809	0.107537688442	0.115577889447	0.116582914573	0.117587939698	0.10351758794	0.134673366834	0.14472361809	0.140703517588	0.0994974874372	0.141708542714	0.118592964824	0.120603015075	0.122613065327	0.116582914573
160218816-stool1.snv.bam	0.143718592965	0.150753768844	0.141708542714	0.143718592965	0.142713567839	0.0	0.147738693467	0.148743718593	0.158793969849	0.137688442211	0.133668341709	0.0954773869347	0.111557788945	0.152763819095	0.148743718593	0.157788944724	0.149748743719	0.124623115578	0.123618090452	0.125628140704	0.111557788945	0.111557788945	0.127638190955	0.120603015075	0.154773869347	0.121608040201	0.125628140704	0.143718592965	0.132663316583	0.126633165829	0.133668341709	0.138693467337	0.11959798995	0.11959798995	0.116582914573	0.154773869347	0.129648241206	0.130653266332	0.139698492462	0.15175879397
160502038-stool1.snv.bam	0.118592964824	0.129648241206	0.126633165829	0.126633165829	0.125628140704	0.147738693467	0.0	0.122613065327	0.141708542714	0.114572864322	0.11256281407	0.0974874371859	0.120603015075	0.120603015075	0.12864321608	0.136683417085	0.131658291457	0.106532663317	0.107537688442	0.114572864322	0.0964824120603	0.11959798995	0.101507537688	0.146733668342	0.118592964824	0.0964824120603	0.118592964824	0.116582914573	0.109547738693	0.117587939698	0.0964824120603	0.132663316583	0.138693467337	0.137688442211	0.115577889447	0.134673366834	0.111557788945	0.115577889447	0.109547738693	0.132663316583
763496533-stool1.snv.bam	0.129648241206	0.125628140704	0.127638190955	0.121608040201	0.120603015075	0.148743718593	0.122613065327	0.0	0.133668341709	0.118592964824	0.120603015075	0.0874371859296	0.118592964824	0.113567839196	0.11959798995	0.126633165829	0.101507537688	0.100502512563	0.10351758794	0.0994974874372	0.0763819095477	0.116582914573	0.0964824120603	0.127638190955	0.11959798995	0.0894472361809	0.0964824120603	0.118592964824	0.11256281407	0.114572864322	0.100502512563	0.123618090452	0.123618090452	0.126633165829	0.110552763819	0.126633165829	0.11959798995	0.116582914573	0.11256281407	0.126633165829
763860675-stool1.snv.bam	0.124623115578	0.126633165829	0.126633165829	0.124623115578	0.123618090452	0.158793969849	0.141708542714	0.133668341709	0.0	0.116582914573	0.131658291457	0.0914572864322	0.139698492462	0.124623115578	0.126633165829	0.149748743719	0.13567839196	0.11256281407	0.120603015075	0.114572864322	0.0884422110553	0.132663316583	0.114572864322	0.139698492462	0.130653266332	0.0964824120603	0.109547738693	0.126633165829	0.115577889447	0.126633165829	0.11256281407	0.132663316583	0.142713567839	0.145728643216	0.116582914573	0.138693467337	0.116582914573	0.120603015075	0.126633165829	0.00100502512563
764062976-stool1.snv.bam	0.00402010050251	0.130653266332	0.12864321608	0.0452261306533	0.0452261306533	0.137688442211	0.114572864322	0.118592964824	0.116582914573	0.0	0.0592964824121	0.0984924623116	0.118592964824	0.115577889447	0.124623115578	0.142713567839	0.132663316583	0.105527638191	0.104522613065	0.0974874371859	0.0894472361809	0.118592964824	0.107537688442	0.141708542714	0.125628140704	0.0894472361809	0.101507537688	0.114572864322	0.109547738693	0.113567839196	0.0934673366834	0.124623115578	0.134673366834	0.130653266332	0.0974874371859	0.131658291457	0.114572864322	0.117587939698	0.106532663317	0.109547738693
764083206-stool1.snv.bam	0.0582914572864	0.130653266332	0.11959798995	0.0402010050251	0.0402010050251	0.133668341709	0.11256281407	0.120603015075	0.131658291457	0.0592964824121	0.0	0.0914572864322	0.113567839196	0.0984924623116	0.132663316583	0.140703517588	0.136683417085	0.105527638191	0.104522613065	0.101507537688	0.0844221105528	0.11959798995	0.106532663317	0.140703517588	0.126633165829	0.0924623115578	0.106532663317	0.11256281407	0.107537688442	0.108542713568	0.100502512563	0.124623115578	0.132663316583	0.131658291457	0.100502512563	0.13567839196	0.111557788945	0.113567839196	0.11256281407	0.124623115578
764143897-stool1.snv.bam	0.106532663317	0.094472361809	0.0974874371859	0.108542713568	0.107537688442	0.0954773869347	0.0974874371859	0.0874371859296	0.0914572864322	0.0984924623116	0.0914572864322	0.0	0.0402010050251	0.0743718592965	0.0814070351759	0.086432160804	0.078391959799	0.0482412060302	0.078391959799	0.0854271356784	0.043216080402	0.0522613065327	0.0623115577889	0.0502512562814	0.094472361809	0.0683417085427	0.0753768844221	0.086432160804	0.0814070351759	0.0834170854271	0.0773869346734	0.094472361809	0.0592964824121	0.0763819095477	0.0773869346734	0.0854271356784	0.0854271356784	0.086432160804	0.086432160804	0.0874371859296
764285508-stool2.snv.bam	0.124623115578	0.125628140704	0.124623115578	0.121608040201	0.120603015075	0.111557788945	0.120603015075	0.118592964824	0.139698492462	0.118592964824	0.113567839196	0.0402010050251	0.0	0.12864321608	0.0974874371859	0.106532663317	0.0914572864322	0.0733668341709	0.110552763819	0.106532663317	0.0623115577889	0.0482412060302	0.0743718592965	0.051256281407	0.131658291457	0.0984924623116	0.106532663317	0.125628140704	0.114572864322	0.109547738693	0.107537688442	0.124623115578	0.0572864321608	0.0793969849246	0.10351758794	0.101507537688	0.109547738693	0.111557788945	0.11256281407	0.130653266332
765276783-stool2.snv.bam	0.122613065327	0.114572864322	0.125628140704	0.133668341709	0.132663316583	0.152763819095	0.120603015075	0.113567839196	0.124623115578	0.115577889447	0.0984924623116	0.0743718592965	0.12864321608	0.0	0.138693467337	0.133668341709	0.138693467337	0.100502512563	0.107537688442	0.11959798995	0.0964824120603	0.132663316583	0.113567839196	0.141708542714	0.12864321608	0.0994974874372	0.116582914573	0.111557788945	0.115577889447	0.120603015075	0.102512562814	0.130653266332	0.142713567839	0.139698492462	0.111557788945	0.13567839196	0.106532663317	0.105527638191	0.123618090452	0.117587939698
BYQ_AAAB.snv.bam	0.130653266332	0.11959798995	0.134673366834	0.137688442211	0.137688442211	0.148743718593	0.12864321608	0.11959798995	0.126633165829	0.124623115578	0.132663316583	0.0814070351759	0.0974874371859	0.138693467337	0.0	0.0884422110553	0.0381909547739	0.0773869346734	0.11959798995	0.0954773869347	0.0542713567839	0.0914572864322	0.0371859296482	0.0964824120603	0.125628140704	0.0964824120603	0.078391959799	0.121608040201	0.118592964824	0.110552763819	0.116582914573	0.124623115578	0.0603015075377	0.078391959799	0.108542713568	0.0321608040201	0.115577889447	0.117587939698	0.126633165829	0.117587939698
CCIS36699628ST-4-0.snv.bam	0.149748743719	0.133668341709	0.148743718593	0.15175879397	0.150753768844	0.157788944724	0.136683417085	0.126633165829	0.149748743719	0.142713567839	0.140703517588	0.086432160804	0.106532663317	0.133668341709	0.0884422110553	0.0	0.0733668341709	0.0984924623116	0.12864321608	0.123618090452	0.0733668341709	0.104522613065	0.0793969849246	0.0914572864322	0.13567839196	0.11256281407	0.102512562814	0.131658291457	0.120603015075	0.127638190955	0.113567839196	0.138693467337	0.107537688442	0.126633165829	0.11959798995	0.0773869346734	0.130653266332	0.131658291457	0.12864321608	0.140703517588
CCIS52370277ST-4-0.snv.bam	0.138693467337	0.130653266332	0.138693467337	0.139698492462	0.138693467337	0.149748743719	0.131658291457	0.101507537688	0.13567839196	0.132663316583	0.136683417085	0.078391959799	0.0914572864322	0.138693467337	0.0381909547739	0.0733668341709	0.0	0.0743718592965	0.124623115578	0.0763819095477	0.0462311557789	0.086432160804	0.0391959798995	0.078391959799	0.133668341709	0.0934673366834	0.0844221105528	0.118592964824	0.122613065327	0.122613065327	0.111557788945	0.125628140704	0.0542713567839	0.0733668341709	0.114572864322	0.0311557788945	0.125628140704	0.126633165829	0.12864321608	0.127638190955
CCIS95409808ST-4-0.snv.bam	0.113567839196	0.104522613065	0.113567839196	0.117587939698	0.116582914573	0.124623115578	0.106532663317	0.100502512563	0.11256281407	0.105527638191	0.105527638191	0.0482412060302	0.0733668341709	0.100502512563	0.0773869346734	0.0984924623116	0.0743718592965	0.0	0.0904522613065	0.0914572864322	0.0402010050251	0.070351758794	0.0603015075377	0.0793969849246	0.107537688442	0.0713567839196	0.0824120603015	0.10351758794	0.101507537688	0.0954773869347	0.0793969849246	0.107537688442	0.0693467336683	0.0874371859296	0.0914572864322	0.0874371859296	0.101507537688	0.101507537688	0.100502512563	0.109547738693
CCMD60079086ST-21-0.snv.bam	0.110552763819	0.113567839196	0.109547738693	0.111557788945	0.110552763819	0.123618090452	0.107537688442	0.10351758794	0.120603015075	0.104522613065	0.104522613065	0.078391959799	0.110552763819	0.107537688442	0.11959798995	0.12864321608	0.124623115578	0.0904522613065	0.0	0.105527638191	0.0804020100503	0.109547738693	0.100502512563	0.125628140704	0.109547738693	0.0763819095477	0.0954773869347	0.101507537688	0.0964824120603	0.0994974874372	0.094472361809	0.11959798995	0.12864321608	0.123618090452	0.086432160804	0.136683417085	0.0934673366834	0.0934673366834	0.0994974874372	0.111557788945
M1.2-V1.metaT.snv.bam	0.106532663317	0.11959798995	0.118592964824	0.109547738693	0.108542713568	0.125628140704	0.114572864322	0.0994974874372	0.114572864322	0.0974874371859	0.101507537688	0.0854271356784	0.106532663317	0.11959798995	0.0954773869347	0.123618090452	0.0763819095477	0.0914572864322	0.105527638191	0.0	0.070351758794	0.0984924623116	0.0773869346734	0.113567839196	0.111557788945	0.0793969849246	0.0994974874372	0.104522613065	0.108542713568	0.109547738693	0.0914572864322	0.118592964824	0.094472361809	0.0934673366834	0.104522613065	0.0984924623116	0.109547738693	0.110552763819	0.107537688442	0.107537688442
MH0131.snv.bam	0.0954773869347	0.0894472361809	0.0884422110553	0.0924623115578	0.0914572864322	0.111557788945	0.0964824120603	0.0763819095477	0.0884422110553	0.0894472361809	0.0844221105528	0.043216080402	0.0623115577889	0.0964824120603	0.0542713567839	0.0733668341709	0.0462311557789	0.0402010050251	0.0804020100503	0.070351758794	0.0	0.0603015075377	0.035175879397	0.0643216080402	0.0884422110553	0.0613065326633	0.0522613065327	0.0844221105528	0.0793969849246	0.0814070351759	0.0683417085427	0.0904522613065	0.0442211055276	0.0582914572864	0.070351758794	0.0613065326633	0.0854271356784	0.0884422110553	0.0874371859296	0.0804020100503
MH0211.snv.bam	0.125628140704	0.13567839196	0.125628140704	0.132663316583	0.131658291457	0.111557788945	0.11959798995	0.116582914573	0.132663316583	0.118592964824	0.11959798995	0.0522613065327	0.0482412060302	0.132663316583	0.0914572864322	0.104522613065	0.086432160804	0.070351758794	0.109547738693	0.0984924623116	0.0603015075377	0.0	0.0663316582915	0.0623115577889	0.12864321608	0.100502512563	0.105527638191	0.122613065327	0.118592964824	0.113567839196	0.10351758794	0.126633165829	0.0492462311558	0.078391959799	0.104522613065	0.101507537688	0.116582914573	0.121608040201	0.111557788945	0.124623115578
MH0229.snv.bam	0.11256281407	0.105527638191	0.117587939698	0.115577889447	0.115577889447	0.127638190955	0.101507537688	0.0964824120603	0.114572864322	0.107537688442	0.106532663317	0.0623115577889	0.0743718592965	0.113567839196	0.0371859296482	0.0793969849246	0.0391959798995	0.0603015075377	0.100502512563	0.0773869346734	0.035175879397	0.0663316582915	0.0	0.0733668341709	0.108542713568	0.0874371859296	0.0613065326633	0.0974874371859	0.100502512563	0.0984924623116	0.0974874371859	0.11256281407	0.0331658291457	0.0522613065327	0.094472361809	0.0472361809045	0.10351758794	0.105527638191	0.104522613065	0.107537688442
MH0270.snv.bam	0.148743718593	0.129648241206	0.143718592965	0.146733668342	0.145728643216	0.120603015075	0.146733668342	0.127638190955	0.139698492462	0.141708542714	0.140703517588	0.0502512562814	0.051256281407	0.141708542714	0.0964824120603	0.0914572864322	0.078391959799	0.0793969849246	0.125628140704	0.113567839196	0.0643216080402	0.0623115577889	0.0733668341709	0.0	0.14472361809	0.107537688442	0.102512562814	0.129648241206	0.129648241206	0.12864321608	0.123618090452	0.133668341709	0.0592964824121	0.0814070351759	0.115577889447	0.086432160804	0.127638190955	0.130653266332	0.132663316583	0.130653266332
MH0329.snv.bam	0.134673366834	0.12864321608	0.121608040201	0.136683417085	0.13567839196	0.154773869347	0.118592964824	0.11959798995	0.130653266332	0.125628140704	0.126633165829	0.094472361809	0.131658291457	0.12864321608	0.125628140704	0.13567839196	0.133668341709	0.107537688442	0.109547738693	0.111557788945	0.0884422110553	0.12864321608	0.108542713568	0.14472361809	0.0	0.102512562814	0.114572864322	0.115577889447	0.115577889447	0.114572864322	0.106532663317	0.129648241206	0.140703517588	0.137688442211	0.113567839196	0.140703517588	0.109547738693	0.114572864322	0.111557788945	0.121608040201
MH0367.snv.bam	0.0964824120603	0.0934673366834	0.0934673366834	0.0954773869347	0.094472361809	0.121608040201	0.0964824120603	0.0894472361809	0.0964824120603	0.0894472361809	0.0924623115578	0.0683417085427	0.0984924623116	0.0994974874372	0.0964824120603	0.11256281407	0.0934673366834	0.0713567839196	0.0763819095477	0.0793969849246	0.0613065326633	0.100502512563	0.0874371859296	0.107537688442	0.102512562814	0.0	0.0804020100503	0.0884422110553	0.0854271356784	0.0874371859296	0.0743718592965	0.0894472361809	0.114572864322	0.115577889447	0.0814070351759	0.104522613065	0.0814070351759	0.0834170854271	0.0834170854271	0.0904522613065
MH0417.snv.bam	0.107537688442	0.106532663317	0.116582914573	0.108542713568	0.107537688442	0.125628140704	0.118592964824	0.0964824120603	0.109547738693	0.101507537688	0.106532663317	0.0753768844221	0.106532663317	0.116582914573	0.078391959799	0.102512562814	0.0844221105528	0.0824120603015	0.0954773869347	0.0994974874372	0.0522613065327	0.105527638191	0.0613065326633	0.102512562814	0.114572864322	0.0804020100503	0.0	0.102512562814	0.0924623115578	0.0964824120603	0.10351758794	0.105527638191	0.0914572864322	0.0924623115578	0.0874371859296	0.0914572864322	0.0984924623116	0.0984924623116	0.104522613065	0.101507537688
MH0441.snv.bam	0.122613065327	0.11256281407	0.130653266332	0.116582914573	0.115577889447	0.143718592965	0.116582914573	0.118592964824	0.126633165829	0.114572864322	0.11256281407	0.086432160804	0.125628140704	0.111557788945	0.121608040201	0.131658291457	0.118592964824	0.10351758794	0.101507537688	0.104522613065	0.0844221105528	0.122613065327	0.0974874371859	0.129648241206	0.115577889447	0.0884422110553	0.102512562814	0.0	0.108542713568	0.113567839196	0.0964824120603	0.114572864322	0.130653266332	0.125628140704	0.100502512563	0.127638190955	0.0994974874372	0.10351758794	0.110552763819	0.117587939698
MMRS66868025ST-27-0-0.snv.bam	0.115577889447	0.121608040201	0.110552763819	0.117587939698	0.116582914573	0.132663316583	0.109547738693	0.11256281407	0.115577889447	0.109547738693	0.107537688442	0.0814070351759	0.114572864322	0.115577889447	0.118592964824	0.120603015075	0.122613065327	0.101507537688	0.0964824120603	0.108542713568	0.0793969849246	0.118592964824	0.100502512563	0.129648241206	0.115577889447	0.0854271356784	0.0924623115578	0.108542713568	0.0	0.10351758794	0.0834170854271	0.116582914573	0.129648241206	0.127638190955	0.0844221105528	0.122613065327	0.0934673366834	0.100502512563	0.0984924623116	0.109547738693
MMRS73787048ST-27-0-0.snv.bam	0.120603015075	0.124623115578	0.121608040201	0.118592964824	0.117587939698	0.126633165829	0.117587939698	0.114572864322	0.126633165829	0.113567839196	0.108542713568	0.0834170854271	0.109547738693	0.120603015075	0.110552763819	0.127638190955	0.122613065327	0.0954773869347	0.0994974874372	0.109547738693	0.0814070351759	0.113567839196	0.0984924623116	0.12864321608	0.114572864322	0.0874371859296	0.0964824120603	0.113567839196	0.10351758794	0.0	0.0964824120603	0.116582914573	0.12864321608	0.129648241206	0.106532663317	0.124623115578	0.101507537688	0.100502512563	0.104522613065	0.11959798995
MMRS80093644ST-27-0-0.snv.bam	0.102512562814	0.116582914573	0.10351758794	0.105527638191	0.10351758794	0.133668341709	0.0964824120603	0.100502512563	0.11256281407	0.0934673366834	0.100502512563	0.0773869346734	0.107537688442	0.102512562814	0.116582914573	0.113567839196	0.111557788945	0.0793969849246	0.094472361809	0.0914572864322	0.0683417085427	0.10351758794	0.0974874371859	0.123618090452	0.106532663317	0.0743718592965	0.10351758794	0.0964824120603	0.0834170854271	0.0964824120603	0.0	0.102512562814	0.120603015075	0.124623115578	0.0974874371859	0.120603015075	0.100502512563	0.10351758794	0.0904522613065	0.104522613065
MMRS97327636ST-27-0-0.snv.bam	0.134673366834	0.130653266332	0.118592964824	0.13567839196	0.134673366834	0.138693467337	0.132663316583	0.123618090452	0.132663316583	0.124623115578	0.124623115578	0.094472361809	0.124623115578	0.130653266332	0.124623115578	0.138693467337	0.125628140704	0.107537688442	0.11959798995	0.118592964824	0.0904522613065	0.126633165829	0.11256281407	0.133668341709	0.129648241206	0.0894472361809	0.105527638191	0.114572864322	0.116582914573	0.116582914573	0.102512562814	0.0	0.140703517588	0.141708542714	0.0984924623116	0.132663316583	0.109547738693	0.111557788945	0.115577889447	0.125628140704
NG-5636_195.snv.bam	0.141708542714	0.140703517588	0.146733668342	0.145728643216	0.14472361809	0.11959798995	0.138693467337	0.123618090452	0.142713567839	0.134673366834	0.132663316583	0.0592964824121	0.0572864321608	0.142713567839	0.0603015075377	0.107537688442	0.0542713567839	0.0693467336683	0.12864321608	0.094472361809	0.0442211055276	0.0492462311558	0.0331658291457	0.0592964824121	0.140703517588	0.114572864322	0.0914572864322	0.130653266332	0.129648241206	0.12864321608	0.120603015075	0.140703517588	0.0	0.0281407035176	0.120603015075	0.0683417085427	0.130653266332	0.134673366834	0.13567839196	0.134673366834
NG-5636_312.snv.bam	0.139698492462	0.137688442211	0.14472361809	0.141708542714	0.140703517588	0.11959798995	0.137688442211	0.126633165829	0.145728643216	0.130653266332	0.131658291457	0.0763819095477	0.0793969849246	0.139698492462	0.078391959799	0.126633165829	0.0733668341709	0.0874371859296	0.123618090452	0.0934673366834	0.0582914572864	0.078391959799	0.0522613065327	0.0814070351759	0.137688442211	0.115577889447	0.0924623115578	0.125628140704	0.127638190955	0.129648241206	0.124623115578	0.141708542714	0.0281407035176	0.0	0.11959798995	0.0854271356784	0.12864321608	0.129648241206	0.132663316583	0.137688442211
NG-5636_640.snv.bam	0.102512562814	0.107537688442	0.0954773869347	0.100502512563	0.0994974874372	0.116582914573	0.115577889447	0.110552763819	0.116582914573	0.0974874371859	0.100502512563	0.0773869346734	0.10351758794	0.111557788945	0.108542713568	0.11959798995	0.114572864322	0.0914572864322	0.086432160804	0.104522613065	0.070351758794	0.104522613065	0.094472361809	0.115577889447	0.113567839196	0.0814070351759	0.0874371859296	0.100502512563	0.0844221105528	0.106532663317	0.0974874371859	0.0984924623116	0.120603015075	0.11959798995	0.0	0.116582914573	0.0834170854271	0.0854271356784	0.0974874371859	0.108542713568
O2.UC41-1.snv.bam	0.138693467337	0.132663316583	0.145728643216	0.142713567839	0.141708542714	0.154773869347	0.134673366834	0.126633165829	0.138693467337	0.131658291457	0.13567839196	0.0854271356784	0.101507537688	0.13567839196	0.0321608040201	0.0773869346734	0.0311557788945	0.0874371859296	0.136683417085	0.0984924623116	0.0613065326633	0.101507537688	0.0472361809045	0.086432160804	0.140703517588	0.104522613065	0.0914572864322	0.127638190955	0.122613065327	0.124623115578	0.120603015075	0.132663316583	0.0683417085427	0.0854271356784	0.116582914573	0.0	0.126633165829	0.127638190955	0.133668341709	0.130653266332
O2.UC8-0.snv.bam	0.121608040201	0.107537688442	0.113567839196	0.11959798995	0.118592964824	0.129648241206	0.111557788945	0.11959798995	0.116582914573	0.114572864322	0.111557788945	0.0854271356784	0.109547738693	0.106532663317	0.115577889447	0.130653266332	0.125628140704	0.101507537688	0.0934673366834	0.109547738693	0.0854271356784	0.116582914573	0.10351758794	0.127638190955	0.109547738693	0.0814070351759	0.0984924623116	0.0994974874372	0.0934673366834	0.101507537688	0.100502512563	0.109547738693	0.130653266332	0.12864321608	0.0834170854271	0.126633165829	0.0	0.0	0.0974874371859	0.106532663317
O2.UC8-1.snv.bam	0.125628140704	0.110552763819	0.117587939698	0.121608040201	0.120603015075	0.130653266332	0.115577889447	0.116582914573	0.120603015075	0.117587939698	0.113567839196	0.086432160804	0.111557788945	0.105527638191	0.117587939698	0.131658291457	0.126633165829	0.101507537688	0.0934673366834	0.110552763819	0.0884422110553	0.121608040201	0.105527638191	0.130653266332	0.114572864322	0.0834170854271	0.0984924623116	0.10351758794	0.100502512563	0.100502512563	0.10351758794	0.111557788945	0.134673366834	0.129648241206	0.0854271356784	0.127638190955	0.0	0.0	0.0994974874372	0.110552763819
V1.CD6-0-PN.snv.bam	0.116582914573	0.117587939698	0.116582914573	0.123618090452	0.122613065327	0.139698492462	0.109547738693	0.11256281407	0.126633165829	0.106532663317	0.11256281407	0.086432160804	0.11256281407	0.123618090452	0.126633165829	0.12864321608	0.12864321608	0.100502512563	0.0994974874372	0.107537688442	0.0874371859296	0.111557788945	0.104522613065	0.132663316583	0.111557788945	0.0834170854271	0.104522613065	0.110552763819	0.0984924623116	0.104522613065	0.0904522613065	0.115577889447	0.13567839196	0.132663316583	0.0974874371859	0.133668341709	0.0974874371859	0.0994974874372	0.0	0.117587939698
V1.FI30.snv.bam	0.117587939698	0.115577889447	0.120603015075	0.117587939698	0.116582914573	0.15175879397	0.132663316583	0.126633165829	0.00100502512563	0.109547738693	0.124623115578	0.0874371859296	0.130653266332	0.117587939698	0.117587939698	0.140703517588	0.127638190955	0.109547738693	0.111557788945	0.107537688442	0.0804020100503	0.124623115578	0.107537688442	0.130653266332	0.121608040201	0.0904522613065	0.101507537688	0.117587939698	0.109547738693	0.11959798995	0.104522613065	0.125628140704	0.134673366834	0.137688442211	0.108542713568	0.130653266332	0.106532663317	0.110552763819	0.117587939698	0.0
