	158742018-stool1.snv.bam	159207311-stool1.snv.bam	159207311-stool3.snv.bam	764649650-stool1.snv.bam	764649650-stool2.snv.bam	CCIS20795251ST-4-0.snv.bam	CCIS44757994ST-4-0.snv.bam	CCIS74726977ST-3-0.snv.bam	MH0206.snv.bam	MH0257.snv.bam	MH0328.snv.bam	MH0338.snv.bam	MH0375.snv.bam	MH0391.snv.bam	MH0407.snv.bam	MH0419.snv.bam	MH0437.snv.bam	MH0445.snv.bam	MH0448.snv.bam	MH0453.snv.bam	MMRS33294861ST-27-0-0.snv.bam	MMRS93621581ST-27-0-0.snv.bam	NG-5636_628.snv.bam	V1.FI14.snv.bam	V1.UC58-4.snv.bam
158742018-stool1.snv.bam	0.0	0.066091954023	0.066091954023	0.112068965517	0.112068965517	0.23275862069	0.238505747126	0.238505747126	0.0775862068966	0.229885057471	0.215517241379	0.137931034483	0.163793103448	0.152298850575	0.272988505747	0.135057471264	0.169540229885	0.166666666667	0.26724137931	0.264367816092	0.244252873563	0.16091954023	0.16091954023	0.215517241379	0.189655172414
159207311-stool1.snv.bam	0.066091954023	0.0	0.0	0.0632183908046	0.0632183908046	0.235632183908	0.235632183908	0.235632183908	0.0459770114943	0.23275862069	0.192528735632	0.117816091954	0.14367816092	0.120689655172	0.258620689655	0.0977011494253	0.155172413793	0.169540229885	0.264367816092	0.25	0.23275862069	0.158045977011	0.146551724138	0.183908045977	0.169540229885
159207311-stool3.snv.bam	0.066091954023	0.0	0.0	0.0632183908046	0.0632183908046	0.235632183908	0.235632183908	0.235632183908	0.0459770114943	0.23275862069	0.192528735632	0.117816091954	0.140804597701	0.120689655172	0.258620689655	0.0977011494253	0.155172413793	0.169540229885	0.264367816092	0.25	0.23275862069	0.158045977011	0.146551724138	0.183908045977	0.169540229885
764649650-stool1.snv.bam	0.112068965517	0.0632183908046	0.0632183908046	0.0	0.0	0.247126436782	0.25	0.244252873563	0.0747126436782	0.252873563218	0.186781609195	0.146551724138	0.14367816092	0.126436781609	0.281609195402	0.0833333333333	0.172413793103	0.152298850575	0.275862068966	0.255747126437	0.252873563218	0.146551724138	0.175287356322	0.209770114943	0.166666666667
764649650-stool2.snv.bam	0.112068965517	0.0632183908046	0.0632183908046	0.0	0.0	0.247126436782	0.252873563218	0.247126436782	0.0747126436782	0.255747126437	0.189655172414	0.146551724138	0.14367816092	0.126436781609	0.281609195402	0.0862068965517	0.172413793103	0.152298850575	0.278735632184	0.255747126437	0.255747126437	0.149425287356	0.175287356322	0.212643678161	0.169540229885
CCIS20795251ST-4-0.snv.bam	0.23275862069	0.235632183908	0.235632183908	0.247126436782	0.247126436782	0.0	0.209770114943	0.23275862069	0.209770114943	0.209770114943	0.264367816092	0.212643678161	0.224137931034	0.218390804598	0.218390804598	0.235632183908	0.238505747126	0.252873563218	0.224137931034	0.198275862069	0.241379310345	0.252873563218	0.169540229885	0.175287356322	0.215517241379
CCIS44757994ST-4-0.snv.bam	0.238505747126	0.235632183908	0.235632183908	0.25	0.252873563218	0.209770114943	0.0	0.212643678161	0.212643678161	0.0632183908046	0.255747126437	0.215517241379	0.229885057471	0.209770114943	0.241379310345	0.229885057471	0.235632183908	0.25	0.198275862069	0.212643678161	0.23275862069	0.229885057471	0.163793103448	0.186781609195	0.215517241379
CCIS74726977ST-3-0.snv.bam	0.238505747126	0.235632183908	0.235632183908	0.244252873563	0.247126436782	0.23275862069	0.212643678161	0.0	0.206896551724	0.244252873563	0.247126436782	0.221264367816	0.241379310345	0.229885057471	0.247126436782	0.229885057471	0.244252873563	0.258620689655	0.255747126437	0.241379310345	0.212643678161	0.238505747126	0.183908045977	0.204022988506	0.218390804598
MH0206.snv.bam	0.0775862068966	0.0459770114943	0.0459770114943	0.0747126436782	0.0747126436782	0.209770114943	0.212643678161	0.206896551724	0.0	0.23275862069	0.181034482759	0.123563218391	0.123563218391	0.120689655172	0.252873563218	0.0804597701149	0.132183908046	0.140804597701	0.25	0.229885057471	0.218390804598	0.146551724138	0.14367816092	0.183908045977	0.146551724138
MH0257.snv.bam	0.229885057471	0.23275862069	0.23275862069	0.252873563218	0.255747126437	0.209770114943	0.0632183908046	0.244252873563	0.23275862069	0.0	0.281609195402	0.224137931034	0.238505747126	0.221264367816	0.25	0.244252873563	0.255747126437	0.264367816092	0.218390804598	0.23275862069	0.244252873563	0.238505747126	0.183908045977	0.195402298851	0.218390804598
MH0328.snv.bam	0.215517241379	0.192528735632	0.192528735632	0.186781609195	0.189655172414	0.264367816092	0.255747126437	0.247126436782	0.181034482759	0.281609195402	0.0	0.198275862069	0.198275862069	0.195402298851	0.293103448276	0.192528735632	0.209770114943	0.206896551724	0.258620689655	0.278735632184	0.278735632184	0.201149425287	0.189655172414	0.195402298851	0.209770114943
MH0338.snv.bam	0.137931034483	0.117816091954	0.117816091954	0.146551724138	0.146551724138	0.212643678161	0.215517241379	0.221264367816	0.123563218391	0.224137931034	0.198275862069	0.0	0.169540229885	0.114942528736	0.247126436782	0.129310344828	0.152298850575	0.155172413793	0.25	0.23275862069	0.218390804598	0.175287356322	0.172413793103	0.172413793103	0.155172413793
MH0375.snv.bam	0.163793103448	0.14367816092	0.140804597701	0.14367816092	0.14367816092	0.224137931034	0.229885057471	0.241379310345	0.123563218391	0.238505747126	0.198275862069	0.169540229885	0.0	0.132183908046	0.247126436782	0.14367816092	0.183908045977	0.163793103448	0.229885057471	0.241379310345	0.258620689655	0.181034482759	0.175287356322	0.201149425287	0.163793103448
MH0391.snv.bam	0.152298850575	0.120689655172	0.120689655172	0.126436781609	0.126436781609	0.218390804598	0.209770114943	0.229885057471	0.120689655172	0.221264367816	0.195402298851	0.114942528736	0.132183908046	0.0	0.235632183908	0.135057471264	0.155172413793	0.137931034483	0.235632183908	0.221264367816	0.235632183908	0.16091954023	0.152298850575	0.155172413793	0.146551724138
MH0407.snv.bam	0.272988505747	0.258620689655	0.258620689655	0.281609195402	0.281609195402	0.218390804598	0.241379310345	0.247126436782	0.252873563218	0.25	0.293103448276	0.247126436782	0.247126436782	0.235632183908	0.0	0.275862068966	0.304597701149	0.295977011494	0.227011494253	0.244252873563	0.25	0.284482758621	0.192528735632	0.189655172414	0.206896551724
MH0419.snv.bam	0.135057471264	0.0977011494253	0.0977011494253	0.0833333333333	0.0862068965517	0.235632183908	0.229885057471	0.229885057471	0.0804597701149	0.244252873563	0.192528735632	0.129310344828	0.14367816092	0.135057471264	0.275862068966	0.0	0.16091954023	0.123563218391	0.284482758621	0.255747126437	0.235632183908	0.137931034483	0.172413793103	0.201149425287	0.140804597701
MH0437.snv.bam	0.169540229885	0.155172413793	0.155172413793	0.172413793103	0.172413793103	0.238505747126	0.235632183908	0.244252873563	0.132183908046	0.255747126437	0.209770114943	0.152298850575	0.183908045977	0.155172413793	0.304597701149	0.16091954023	0.0	0.175287356322	0.301724137931	0.264367816092	0.270114942529	0.17816091954	0.189655172414	0.212643678161	0.186781609195
MH0445.snv.bam	0.166666666667	0.169540229885	0.169540229885	0.152298850575	0.152298850575	0.252873563218	0.25	0.258620689655	0.140804597701	0.264367816092	0.206896551724	0.155172413793	0.163793103448	0.137931034483	0.295977011494	0.123563218391	0.175287356322	0.0	0.293103448276	0.275862068966	0.258620689655	0.140804597701	0.201149425287	0.227011494253	0.166666666667
MH0448.snv.bam	0.26724137931	0.264367816092	0.264367816092	0.275862068966	0.278735632184	0.224137931034	0.198275862069	0.255747126437	0.25	0.218390804598	0.258620689655	0.25	0.229885057471	0.235632183908	0.227011494253	0.284482758621	0.301724137931	0.293103448276	0.0	0.218390804598	0.241379310345	0.270114942529	0.163793103448	0.183908045977	0.218390804598
MH0453.snv.bam	0.264367816092	0.25	0.25	0.255747126437	0.255747126437	0.198275862069	0.212643678161	0.241379310345	0.229885057471	0.23275862069	0.278735632184	0.23275862069	0.241379310345	0.221264367816	0.244252873563	0.255747126437	0.264367816092	0.275862068966	0.218390804598	0.0	0.247126436782	0.264367816092	0.206896551724	0.204022988506	0.241379310345
MMRS33294861ST-27-0-0.snv.bam	0.244252873563	0.23275862069	0.23275862069	0.252873563218	0.255747126437	0.241379310345	0.23275862069	0.212643678161	0.218390804598	0.244252873563	0.278735632184	0.218390804598	0.258620689655	0.235632183908	0.25	0.235632183908	0.270114942529	0.258620689655	0.241379310345	0.247126436782	0.0	0.255747126437	0.175287356322	0.212643678161	0.235632183908
MMRS93621581ST-27-0-0.snv.bam	0.16091954023	0.158045977011	0.158045977011	0.146551724138	0.149425287356	0.252873563218	0.229885057471	0.238505747126	0.146551724138	0.238505747126	0.201149425287	0.175287356322	0.181034482759	0.16091954023	0.284482758621	0.137931034483	0.17816091954	0.140804597701	0.270114942529	0.264367816092	0.255747126437	0.0	0.17816091954	0.209770114943	0.195402298851
NG-5636_628.snv.bam	0.16091954023	0.146551724138	0.146551724138	0.175287356322	0.175287356322	0.169540229885	0.163793103448	0.183908045977	0.14367816092	0.183908045977	0.189655172414	0.172413793103	0.175287356322	0.152298850575	0.192528735632	0.172413793103	0.189655172414	0.201149425287	0.163793103448	0.206896551724	0.175287356322	0.17816091954	0.0	0.114942528736	0.166666666667
V1.FI14.snv.bam	0.215517241379	0.183908045977	0.183908045977	0.209770114943	0.212643678161	0.175287356322	0.186781609195	0.204022988506	0.183908045977	0.195402298851	0.195402298851	0.172413793103	0.201149425287	0.155172413793	0.189655172414	0.201149425287	0.212643678161	0.227011494253	0.183908045977	0.204022988506	0.212643678161	0.209770114943	0.114942528736	0.0	0.16091954023
V1.UC58-4.snv.bam	0.189655172414	0.169540229885	0.169540229885	0.166666666667	0.169540229885	0.215517241379	0.215517241379	0.218390804598	0.146551724138	0.218390804598	0.209770114943	0.155172413793	0.163793103448	0.146551724138	0.206896551724	0.140804597701	0.186781609195	0.166666666667	0.218390804598	0.241379310345	0.235632183908	0.195402298851	0.166666666667	0.16091954023	0.0
