	160704339-stool1.snv.bam	763901136-stool1.snv.bam	764083206-stool1.snv.bam	765256553-stool3.snv.bam	CCIS02124300ST-4-0.snv.bam	CCIS02856720ST-4-0.snv.bam	CCIS07539127ST-4-0.snv.bam	CCIS11015875ST-4-0.snv.bam	CCIS12656533ST-4-0.snv.bam	CCIS16561622ST-4-0.snv.bam	CCIS17669415ST-4-0.snv.bam	CCIS20795251ST-4-0.snv.bam	CCIS21278152ST-4-0.snv.bam	CCIS36797902ST-4-0.snv.bam	CCIS41222843ST-4-0.snv.bam	CCIS41548810ST-4-0.snv.bam	CCIS45793747ST-4-0.snv.bam	CCIS50471204ST-4-0.snv.bam	CCIS53355328ST-4-0.snv.bam	CCIS55230578ST-4-0.snv.bam	CCIS56503244ST-3-0.snv.bam	CCIS62605362ST-3-0.snv.bam	CCIS63468405ST-4-0.snv.bam	CCIS64773582ST-4-0.snv.bam	CCIS81887263ST-4-0.snv.bam	CCIS87116798ST-4-0.snv.bam	CCIS90166425ST-4-0.snv.bam	CCIS98832363ST-4-0.snv.bam	CCMD23101338ST-21-0.snv.bam	CCMD25963797ST-21-0.snv.bam	CCMD45988061ST-21-0.snv.bam	CCMD86114146ST-21-0.snv.bam	DLM022.snv.bam	M1.4-V2.metaG.snv.bam	M1.4-V2.metaT.snv.bam	MH0193.snv.bam	MH0224.snv.bam	MH0250.snv.bam	MH0257.snv.bam	MH0262.snv.bam	MH0303.snv.bam	MH0315.snv.bam	MH0338.snv.bam	MH0343.snv.bam	MH0349.snv.bam	MH0376.snv.bam	MH0384.snv.bam	MH0399.snv.bam	MH0417.snv.bam	MH0424.snv.bam	MH0442.snv.bam	MH0446.snv.bam	MH0448.snv.bam	MH0454.snv.bam	MMRS21365932ST-27-0-0.snv.bam	MMRS25641480ST-27-0-0.snv.bam	MMRS32573774ST-27-0-0.snv.bam	MMRS34569532ST-27-0-0.snv.bam	MMRS39582183ST-27-0-0.snv.bam	MMRS44587603ST-27-0-0.snv.bam	MMRS55294627ST-27-0-0.snv.bam	MMRS67096717ST-27-0-0.snv.bam	MMRS71762412ST-27-0-0.snv.bam	MMRS77018926ST-27-0-0.snv.bam	MMRS77487595ST-27-0-0.snv.bam	MMRS81671217ST-27-0-0.snv.bam	MMRS93508324ST-27-0-0.snv.bam	MMRS94549160ST-27-0-0.snv.bam	MMRS95479054ST-27-0-0.snv.bam	N022A.snv.bam	N037A.snv.bam	NG-5636_193.snv.bam	NG-5636_263.snv.bam	NG-5636_350.snv.bam	NG-5636_458.snv.bam	NG-5636_488.snv.bam	NG-5636_58.snv.bam	O2.UC1-1.snv.bam	O2.UC13-1.snv.bam	O2.UC23-1.snv.bam	O2.UC29-1.snv.bam	O2.UC40-1.snv.bam	O2.UC44-2.snv.bam	O2.UC47-1.snv.bam	O2.UC50-0.snv.bam	SZEY-103A.snv.bam	SZEY-62A.snv.bam	T2D-178A.snv.bam	T2D-47A.snv.bam	T2D-59A.snv.bam	T2D-70A.snv.bam	V1.CD50-0.snv.bam	V1.CD6-0-PT.snv.bam	V1.FI15.snv.bam	V1.FI17.snv.bam	V1.UC26-4.snv.bam	V1.UC35-4.snv.bam	V1.UC57-0.snv.bam	V1.UC58-4.snv.bam	V1.UC62-0.snv.bam
160704339-stool1.snv.bam	0.0	0.153464350604	0.124653607877	0.144032652836	0.137039333155	0.145349624723	0.122887225703	0.145716230246	0.155397186601	0.164185509037	0.157160796042	0.142664810556	0.1264773864	0.133119881897	0.141834283665	0.172245446767	0.136640713016	0.152789950475	0.14874301949	0.13726484925	0.13481510279	0.147553352633	0.144157521541	0.143299751651	0.131149113022	0.147025067347	0.156940267763	0.126794404569	0.143698870839	0.156518654901	0.172068425292	0.156524654089	0.141321036584	0.147202994249	0.147499982499	0.152084577829	0.135074701027	0.130715737257	0.160006370474	0.14926377693	0.127572856764	0.151154210781	0.139336296146	0.157254637305	0.110214158121	0.144878666872	0.132429598569	0.166622016412	0.152768640589	0.154387356144	0.162580379699	0.148438867044	0.147894042164	0.13799475897	0.148802427277	0.14076426862	0.174653791648	0.133411664525	0.160035418079	0.129774128598	0.15680846074	0.146285047576	0.121765291764	0.122554425655	0.147059007101	0.15421403434	0.122023150225	0.134693217367	0.17548260651	0.135741296661	0.0737473144019	0.156589175328	0.146717581396	0.143539613153	0.17000844875	0.138498183481	0.159021731813	0.149839360036	0.153455012456	0.145791414928	0.158394994969	0.136831289583	0.142897983281	0.149075814315	0.120613625456	0.113947733435	0.168983571944	0.137742437715	0.149246596683	0.118937466812	0.122052101384	0.125572570352	0.155851382227	0.148416308882	0.122534078527	0.151675644083	0.165133168575	0.150366628494	0.150269714652	0.146144735229
763901136-stool1.snv.bam	0.153464350604	0.0	0.141943311293	0.147822618068	0.144635594127	0.145942979158	0.126325610201	0.140795099674	0.150680038123	0.146245437501	0.130571601778	0.138796919108	0.121951239557	0.121642090388	0.142878929525	0.165469608811	0.122987091992	0.0216589041631	0.0327711806113	0.139580340637	0.135471522616	0.157957783937	0.138063016462	0.14124518714	0.142986612726	0.16028349064	0.128683464163	0.108276928888	0.131657710679	0.149351362049	0.141923545847	0.154279402725	0.131967726643	0.15132797859	0.151567551647	0.0239753163512	0.141161256007	0.11984329954	0.150822996348	0.137390528003	0.119477511773	0.058562964588	0.119021506439	0.146269177092	0.112194164049	0.0149395195882	0.137883386953	0.143920386965	0.0144115689721	0.144422749657	0.141734382216	0.015886234037	0.127802603233	0.143644601874	0.141373093896	0.138412584186	0.158133457662	0.128532362814	0.133887231975	0.117722294244	0.156044203489	0.1503559082	0.146094423411	0.118144922515	0.132119419324	0.143273943209	0.128760677943	0.132184362399	0.157326199452	0.13106858098	0.143333492576	0.000797444452344	0.135652269321	0.12187909788	0.153416723001	0.147360700532	0.139841643755	0.134928137865	0.12926813156	0.132390726347	0.157829437479	0.137799299458	0.126748597907	0.0267213152744	0.144591373419	0.128661043139	0.152496699747	0.131760495454	0.147179522705	0.141603889467	0.125927483708	0.151447965494	0.00187987908888	0.139431073992	0.144018004473	0.0139945769811	0.165508766077	0.128000126644	0.13217943015	0.116490476185
764083206-stool1.snv.bam	0.124653607877	0.141943311293	0.0	0.109258768867	0.129164358322	0.126442004344	0.114388326122	0.121504140383	0.130886144011	0.148387665378	0.112541645691	0.122604253059	0.0923509359049	0.121263230899	0.115000108939	0.141809939517	0.117834592752	0.144262828724	0.149878869365	0.121815355406	0.116003402592	0.130124415877	0.116936790979	0.126394735997	0.11839870386	0.139397680456	0.1168961458	0.107676966523	0.115031475792	0.117393942947	0.135906899646	0.133616698474	0.120827117503	0.125690804409	0.125485338657	0.134119997371	0.104270224924	0.112384672762	0.140788409753	0.126631984987	0.101291245113	0.136569335164	0.105833424801	0.126313156862	0.0914012612629	0.132559388553	0.100932516146	0.146293365925	0.144602877786	0.132983745694	0.129056714563	0.140238697669	0.141043574035	0.126519101428	0.131939664657	0.110881042336	0.130971269419	0.113963483768	0.132114057388	0.106190418461	0.127417766063	0.131106772404	0.086887457602	0.102684099245	0.121996396677	0.12375659742	0.0930665769126	0.120676364344	0.131786126845	0.125713000184	0.11270087242	0.148209940897	0.125105721716	0.117215026177	0.1424255	0.110069190705	0.122346320637	0.113302525122	0.114446402488	0.119750514098	0.12503457867	0.106815122189	0.11554874161	0.143651219462	0.110997986787	0.0918994034568	0.12919663605	0.122978495659	0.114867527136	0.122483915642	0.103091585179	0.132625581859	0.147909175975	0.125987444145	0.110054221388	0.139977109393	0.134756584372	0.131565353724	0.133786966672	0.122909720375
765256553-stool3.snv.bam	0.144032652836	0.147822618068	0.109258768867	0.0	0.129218873788	0.136257035647	0.11843902439	0.139827222536	0.144658900123	0.143567897485	0.138508615195	0.127597464951	0.107891362548	0.122598390559	0.129690422366	0.157130997271	0.132209388461	0.147003818281	0.145965232816	0.131379278285	0.128986863254	0.135238827041	0.135087444122	0.128282787141	0.128514520276	0.144196748084	0.138778635888	0.114716468201	0.12675902439	0.13200313339	0.146735087773	0.147636977217	0.124331894326	0.132146577952	0.132336092152	0.138585524803	0.125434479715	0.123227341723	0.151294804964	0.128227391606	0.117156404141	0.139128176087	0.121782320768	0.139721692597	0.0979478501606	0.142050051154	0.122356339049	0.159807490568	0.15002303706	0.13448243266	0.13425219684	0.142777114458	0.148484625723	0.121800635753	0.139749155878	0.106913018394	0.142121200464	0.10979757456	0.129106298127	0.110145418584	0.14010020444	0.135833686536	0.116073372304	0.114872896995	0.135092389109	0.13528319471	0.106867174637	0.12580231296	0.141332996611	0.12608414582	0.127168606247	0.153913190673	0.13884203087	0.116012855077	0.160965631492	0.129712043566	0.128981667782	0.134155544471	0.125916903185	0.137265779788	0.150997215546	0.105756402979	0.125681060019	0.139789665171	0.116375734604	0.111249777273	0.157349951706	0.130055201034	0.137493493595	0.128930261329	0.116561688126	0.132439188276	0.153588896169	0.130228296573	0.116986533523	0.146056757266	0.159882414512	0.134804743328	0.13210958932	0.132440705317
CCIS02124300ST-4-0.snv.bam	0.137039333155	0.144635594127	0.129164358322	0.129218873788	0.0	0.0743645431145	0.126515699028	0.122162614964	0.096308012283	0.0797575962794	0.126124360278	0.104690713495	0.0937375577321	0.129061320552	0.107643980803	0.132549938886	0.117861097928	0.146258503401	0.14740226157	0.120289967165	0.119335557409	0.119310546868	0.0727983240674	0.113547062016	0.12659970585	0.123759205458	0.113598743209	0.111049353516	0.123351029601	0.0862051295133	0.141623551354	0.135844114996	0.11944567342	0.121135394456	0.121335160728	0.14140133201	0.124164156673	0.119728522361	0.107316470337	0.125305062659	0.113729886932	0.147155786519	0.0951544898242	0.0785759395976	0.105181522528	0.135205702087	0.122214612143	0.145167952959	0.138589643033	0.0860560470912	0.14493866021	0.145225341822	0.140145115297	0.128503228956	0.140760979427	0.114374547278	0.138276639557	0.114008559139	0.141017932275	0.106222065504	0.126193716133	0.129970238095	0.119272394272	0.121441744275	0.120975599409	0.144345238095	0.114360611794	0.127707769264	0.139237582515	0.115415427516	0.119634842131	0.145821225238	0.105455463435	0.112856488749	0.0929960690643	0.120178571429	0.0900307040332	0.130108622117	0.109778906469	0.0685732962676	0.132278969608	0.101929292986	0.125598159954	0.13706543918	0.12964506005	0.116568439456	0.0981813144951	0.122033898305	0.13189082943	0.136014532916	0.117999067613	0.128303141966	0.145442958149	0.0781130268199	0.128355450471	0.13830696196	0.105076234386	0.122013519107	0.117896198688	0.123179219974
CCIS02856720ST-4-0.snv.bam	0.145349624723	0.145942979158	0.126442004344	0.136257035647	0.0743645431145	0.0	0.127450980392	0.135086646644	0.0804130154765	0.0668834841629	0.143094657795	0.130225080386	0.106834643242	0.132946248972	0.12720922991	0.149097087089	0.14159393661	0.145187601958	0.152317904087	0.140791875243	0.137279980863	0.13974882534	0.0688524590164	0.136162984847	0.137266998466	0.131030621237	0.0901724819392	0.113862179487	0.135947712418	0.086637188663	0.136471492987	0.145860688274	0.133930390967	0.141285446763	0.141511185264	0.146495448249	0.142611841011	0.137593770622	0.103061936284	0.135633112318	0.123169610007	0.152024285309	0.110387337535	0.094356135443	0.109929555629	0.135345485052	0.140661878623	0.163283127108	0.143741407688	0.0332337693365	0.146945812808	0.142817857411	0.153332661624	0.143956436615	0.131403560978	0.126729491142	0.153108616506	0.119829340194	0.149359312566	0.117220057745	0.133382476361	0.138642473118	0.118581081081	0.113983378431	0.136224591607	0.139787793206	0.123477564103	0.133191799858	0.153936029603	0.139408682667	0.130185312698	0.150724696346	0.0706217728055	0.129798647854	0.0950931080869	0.143682795699	0.0989873956576	0.152287019665	0.132045967303	0.0966761027653	0.150976347635	0.121152488826	0.129900195564	0.139724692831	0.128647146256	0.127977199665	0.0871046214005	0.13606557377	0.143688992206	0.146040013394	0.122156097904	0.151325593873	0.150366443402	0.061969361388	0.122675333901	0.13932649234	0.101949935629	0.141028568736	0.139678647512	0.128455872053
CCIS07539127ST-4-0.snv.bam	0.122887225703	0.126325610201	0.114388326122	0.11843902439	0.126515699028	0.127450980392	0.0	0.110883275991	0.121769988362	0.139489619377	0.102344099193	0.117174959872	0.103481517809	0.129044300425	0.111520956784	0.13135645087	0.102843384545	0.133550488599	0.123274195441	0.117794155838	0.110445356893	0.129725821661	0.129508196721	0.122191688479	0.113034365187	0.130608622456	0.135113464162	0.10728	0.109624796085	0.128057257558	0.132054110382	0.123246199811	0.110346854897	0.12343082265	0.123627539702	0.131719203583	0.11513970665	0.108514549376	0.147972108034	0.111537915687	0.103131313131	0.126292256158	0.110015105721	0.144157272188	0.099447208708	0.129844774962	0.11172297187	0.138616534891	0.13736955001	0.128377858205	0.123841530055	0.124832134953	0.121105330854	0.134722366347	0.12639331528	0.107300015394	0.13330195428	0.123620285516	0.12187636495	0.107336692268	0.121755652436	0.123926462695	0.119663865546	0.0853646771289	0.118447138589	0.119586074561	0.10568	0.110578692979	0.132858359406	0.115176896702	0.117177016198	0.131229299543	0.117497841105	0.113725058685	0.154425755823	0.119296833065	0.121431517129	0.125831355387	0.112524246522	0.120724103376	0.12585118067	0.105202082895	0.101830145972	0.131492285559	0.115431214433	0.112909386075	0.144418520638	0.111111111111	0.132218664746	0.129825957215	0.102831759258	0.139920968179	0.131112274118	0.13195599926	0.111267631932	0.134213582744	0.140471864179	0.116126169344	0.120269204967	0.135231405065
CCIS11015875ST-4-0.snv.bam	0.145716230246	0.140795099674	0.121504140383	0.139827222536	0.122162614964	0.135086646644	0.110883275991	0.0	0.12877794793	0.147605466597	0.0620799876274	0.107055591402	0.108737420475	0.130959559436	0.114708430688	0.13994312009	0.118844832705	0.143527825061	0.143367407636	0.126927173541	0.121946793625	0.125241933172	0.126927724791	0.109750921144	0.126843011204	0.152153521305	0.132640097928	0.113746315961	0.118312861467	0.130633402519	0.141812685741	0.144852100121	0.138725987038	0.119562309802	0.119749807766	0.143453459704	0.138607774852	0.131217979942	0.139827202543	0.12016772092	0.112274594144	0.143471763314	0.102043024892	0.135625874909	0.107415466529	0.140481680822	0.135431576356	0.148977272214	0.14878186602	0.141736379709	0.130607171743	0.142113831617	0.142061376395	0.145042409852	0.143209095731	0.112330121423	0.134739559479	0.119803457914	0.143389034444	0.124257539532	0.143745457548	0.121219129427	0.131779658281	0.110076479323	0.122180014144	0.134867773742	0.122627743236	0.114916075638	0.137008368911	0.127688036271	0.1384342968	0.146940264434	0.127110637964	0.109118503258	0.151261490659	0.127297004975	0.139066409211	0.119399969509	0.124462285018	0.124532443871	0.107206819924	0.119607601369	0.134518671763	0.136628561924	0.124468824759	0.126694248936	0.14410681918	0.136061453011	0.144912210799	0.150441742235	0.123996542209	0.151932211576	0.146469594738	0.133764807295	0.127669064003	0.144748958105	0.157871452482	0.116578531298	0.117835496495	0.135431062187
CCIS12656533ST-4-0.snv.bam	0.155397186601	0.150680038123	0.130886144011	0.144658900123	0.096308012283	0.0804130154765	0.121769988362	0.12877794793	0.0	0.0769747910937	0.127748800535	0.13865858345	0.103777382286	0.129162740191	0.134651523507	0.153233831397	0.121783989081	0.147431538213	0.156203718032	0.140189914599	0.111489046878	0.14555355658	0.0915855424894	0.138329814752	0.128715065286	0.138833438001	0.096808150976	0.109959467608	0.13252887237	0.0825042934358	0.136568290493	0.14472797413	0.137108126556	0.140676499149	0.140900538252	0.152971375352	0.1334413432	0.131508736365	0.0997429937542	0.132018254381	0.115143022478	0.159901028714	0.106693874012	0.105864547047	0.105415974061	0.136772633024	0.132022578016	0.151935831837	0.145828042961	0.0930152289645	0.136188164228	0.148010076183	0.157303765573	0.142750983849	0.143935989	0.132420721879	0.149322098175	0.122190833192	0.146639056782	0.12410344082	0.104979970694	0.140719087609	0.135320181896	0.118105223557	0.128184970077	0.140483819986	0.124018712405	0.134183885746	0.150196336467	0.127219012728	0.129466660127	0.156023976199	0.0684785462505	0.135914346501	0.115708234789	0.131542593038	0.101622244852	0.139746524125	0.129048739457	0.0906879354386	0.140075799677	0.112122653379	0.134225739558	0.148154215512	0.121503400269	0.129813274866	0.0879600087519	0.128448431182	0.142717156148	0.151292702034	0.125753343652	0.145454732092	0.155651637083	0.0863736037982	0.115224972059	0.139731441773	0.106057788358	0.125353196936	0.127798124612	0.143726676236
CCIS16561622ST-4-0.snv.bam	0.164185509037	0.146245437501	0.148387665378	0.143567897485	0.0797575962794	0.0668834841629	0.139489619377	0.147605466597	0.0769747910937	0.0	0.137341623925	0.143795576082	0.111329124673	0.136459742158	0.136660564725	0.157998612528	0.135202227514	0.144047443098	0.146566300074	0.144633839249	0.123207233322	0.150021057369	0.0691114681167	0.140710415593	0.138004288362	0.131194814078	0.0841049491322	0.121904981103	0.141799872123	0.0876012531223	0.136751205009	0.153256164241	0.145018316795	0.14854316314	0.148297002906	0.140416130478	0.138561881979	0.137222403295	0.103959705446	0.139597331548	0.123366425695	0.149682266133	0.106595427262	0.0873656735136	0.114407568126	0.137884158325	0.136443794882	0.161016334389	0.144260262128	0.0887683626622	0.147756588301	0.145062035097	0.160411940454	0.141250228715	0.144962348566	0.130225225272	0.154100619833	0.115209575277	0.141758114099	0.128670659249	0.114015851984	0.147520160635	0.144655075572	0.125505842702	0.136738828158	0.143566013546	0.1269296928	0.136915991171	0.153305009602	0.137767303648	0.14865232068	0.149997584924	0.0634255675955	0.139805688041	0.0893374275229	0.144410707898	0.106505039432	0.158634972508	0.134014285715	0.0861980422652	0.157025450248	0.117933806441	0.134543547715	0.139877331775	0.137271647114	0.129940241413	0.0795887835206	0.136357447019	0.15096271851	0.151691122569	0.133808449129	0.153839570362	0.151188392695	0.0563614711421	0.136131842429	0.1375683862	0.0978132224971	0.139987003784	0.138656135343	0.151931709772
CCIS17669415ST-4-0.snv.bam	0.157160796042	0.130571601778	0.112541645691	0.138508615195	0.126124360278	0.143094657795	0.102344099193	0.0620799876274	0.127748800535	0.137341623925	0.0	0.114882657965	0.110369009132	0.129743783498	0.117988576598	0.133929079884	0.111990012398	0.136159076378	0.132278959724	0.125274367963	0.113518175895	0.138191643608	0.125726887951	0.114808169049	0.123694943296	0.144359008531	0.128654387542	0.100471079812	0.120411146877	0.120864611816	0.133192801264	0.141759417242	0.129422849491	0.129247042253	0.1294517806	0.134318613515	0.12897051935	0.125037370632	0.145516121252	0.11092199374	0.101052140634	0.141408928934	0.0911019471481	0.133148359336	0.114186377635	0.132799032101	0.125820796328	0.128459734671	0.139727305167	0.145499915804	0.128240460155	0.132309409275	0.142708361281	0.1361741121	0.141652747314	0.111636324559	0.115378210945	0.115617221168	0.122869776131	0.116440135632	0.127729075064	0.12914751996	0.127743678172	0.118350028451	0.109994472986	0.126484036274	0.114779505885	0.114739325583	0.11634782803	0.123373600509	0.142101660295	0.137040571894	0.123746528076	0.109306868528	0.147104109907	0.13143712865	0.120096334386	0.118808887511	0.109212034213	0.123429719736	0.0923256935969	0.104386008189	0.114561757512	0.135664839073	0.121346650942	0.123679552713	0.140578718018	0.130319201954	0.138020103334	0.140408496385	0.118308678439	0.143978608323	0.13663130083	0.137918183671	0.125142723977	0.136596848153	0.149154151289	0.113390071576	0.118226168244	0.140126705323
CCIS20795251ST-4-0.snv.bam	0.142664810556	0.138796919108	0.122604253059	0.127597464951	0.104690713495	0.130225080386	0.117174959872	0.107055591402	0.13865858345	0.143795576082	0.114882657965	0.0	0.100246517526	0.133469788917	0.11180093169	0.149645346859	0.110471676822	0.141025641026	0.137080901025	0.090714556786	0.122402218993	0.086052280199	0.114516129032	0.0590853864359	0.133250279645	0.135091991342	0.127809878322	0.107007874016	0.0918138041734	0.127641948214	0.132811766736	0.12760656404	0.1043068522	0.0662789169295	0.0663822389171	0.142343699552	0.122787345347	0.123586669296	0.144036042827	0.119242364966	0.107958446251	0.139922917583	0.105835906986	0.11873234236	0.111213281096	0.137835105586	0.119535930863	0.146083461804	0.141484655863	0.131673752055	0.136360215054	0.140328164176	0.141277171061	0.130288409859	0.132209872219	0.12451462623	0.133038688054	0.108636932065	0.137277875219	0.0993206189997	0.143649011433	0.0633570675105	0.131343283582	0.111990021473	0.127636635588	0.136220912313	0.118031496063	0.111986902538	0.133977465063	0.12166378619	0.129504937203	0.141814504755	0.139272071307	0.0788855247982	0.13774180399	0.112473628692	0.124512480531	0.101143840727	0.121977176577	0.11414440819	0.125391046386	0.11904382209	0.124713449639	0.138896025914	0.131166830503	0.126044800951	0.137452657258	0.119162640902	0.123865679002	0.134013653651	0.11531559857	0.134424446485	0.141448413627	0.128159665394	0.133250663675	0.140075544559	0.136535473528	0.129914878695	0.131000778714	0.145816892245
CCIS21278152ST-4-0.snv.bam	0.1264773864	0.121951239557	0.0923509359049	0.107891362548	0.0937375577321	0.106834643242	0.103481517809	0.108737420475	0.103777382286	0.111329124673	0.110369009132	0.100246517526	0.0	0.108678764565	0.106195077687	0.119075194731	0.105129551821	0.119443644393	0.131635841503	0.105759153832	0.0954855553777	0.112513469484	0.0877009894867	0.111360154484	0.100837330519	0.113533714023	0.104334830877	0.0841601577239	0.092496057389	0.103043696901	0.120219713519	0.126917951963	0.119166286387	0.111231575964	0.111407021873	0.117542794467	0.115717835673	0.0936671354209	0.114593077484	0.105801141131	0.0857018038697	0.125025697256	0.0824589333352	0.117541305674	0.0809843801947	0.113960396897	0.112355260011	0.137497799841	0.123428122703	0.115943736816	0.108244144249	0.118920120307	0.115017489961	0.113535060713	0.109430874127	0.0778926497571	0.127604315882	0.0987780982045	0.117605591688	0.0858462785699	0.114527527455	0.11166410344	0.100425099206	0.0947963288092	0.103193464042	0.108262540453	0.101592804317	0.10486013096	0.131647530971	0.108334245758	0.119319642864	0.12695288438	0.10783984534	0.095376776365	0.122743438926	0.103888983823	0.106830831943	0.131931302507	0.094238083919	0.0958593084382	0.128134953002	0.084857890262	0.099266848852	0.11581118007	0.109694393456	0.0976377779678	0.112948120373	0.103816952227	0.116694000774	0.119170020259	0.092362067537	0.127441879227	0.126721644151	0.102735774431	0.111824342072	0.119466805747	0.112000784133	0.109787412866	0.112873233198	0.109204536316
CCIS36797902ST-4-0.snv.bam	0.133119881897	0.121642090388	0.121263230899	0.122598390559	0.129061320552	0.132946248972	0.129044300425	0.130959559436	0.129162740191	0.136459742158	0.129743783498	0.133469788917	0.108678764565	0.0	0.136696085091	0.133383516403	0.110941586758	0.122202625147	0.127724303403	0.122114011862	0.119338618058	0.133325178212	0.121632823243	0.121191652781	0.127786278986	0.140565849059	0.131323458546	0.105947032552	0.127559847725	0.122820600458	0.130430566119	0.153472921843	0.12532466348	0.129156485264	0.12934187456	0.11550748879	0.131491122688	0.124882416791	0.139600569759	0.122628898573	0.109461498413	0.119375883005	0.115963873484	0.131459792412	0.0998035675184	0.110435826407	0.12838333334	0.138116572079	0.121222627403	0.135411871454	0.129499554476	0.121464490719	0.142355086899	0.131972450461	0.128702174684	0.121216673447	0.123909486185	0.114335300187	0.134078601289	0.109711534783	0.138913322602	0.129950030896	0.129361154017	0.115108704336	0.10621800933	0.121506351981	0.112367523046	0.118523839457	0.123208515407	0.123356465972	0.122542135872	0.127998390683	0.126385837123	0.128812282786	0.147452801475	0.133404464342	0.131434081699	0.134802517075	0.118447327986	0.125737186995	0.144037254988	0.099254600547	0.120772659091	0.121937182794	0.124263417076	0.125047364068	0.136880749009	0.130579984019	0.136098171661	0.135200383942	0.116127113466	0.134272365989	0.127691394093	0.130259289914	0.127369454724	0.116400492578	0.147910097507	0.128720033477	0.131342567137	0.120686180113
CCIS41222843ST-4-0.snv.bam	0.141834283665	0.142878929525	0.115000108939	0.129690422366	0.107643980803	0.12720922991	0.111520956784	0.114708430688	0.134651523507	0.136660564725	0.117988576598	0.11180093169	0.106195077687	0.136696085091	0.0	0.151004950742	0.126904927583	0.147056372954	0.13792317959	0.130538613137	0.111767832706	0.136272046117	0.114431541848	0.131774829237	0.115512127755	0.129784552071	0.126516207846	0.105142241638	0.108325154256	0.131348666655	0.136020891358	0.137428390733	0.126780453462	0.129684591365	0.129665238807	0.143412176188	0.12140220747	0.119704068717	0.125337974182	0.127563919192	0.110237730377	0.140883246546	0.116102604189	0.137132597298	0.0939090347207	0.131391089917	0.118063032736	0.162127702239	0.13596710042	0.132159843186	0.135647228122	0.141231386051	0.151999279221	0.135609087402	0.120978483875	0.100430323627	0.132071199752	0.116084963164	0.131080326962	0.105278921797	0.142677070421	0.126718915679	0.100174530421	0.100789932668	0.131370542619	0.138924552555	0.0969455203267	0.118358115592	0.132988921358	0.111008970347	0.12792899711	0.146067609951	0.128955938976	0.123990392763	0.127083340233	0.119950984808	0.116618020133	0.13115906688	0.125379606137	0.114046506062	0.111186656727	0.111239642438	0.121129895854	0.133236827673	0.129817226007	0.112919747077	0.1366892323	0.120748354103	0.12083474132	0.121685230588	0.102175746182	0.138605800469	0.145720251343	0.125242871937	0.125664964598	0.134091755905	0.122666256911	0.101175211149	0.10399179956	0.140348862296
CCIS41548810ST-4-0.snv.bam	0.172245446767	0.165469608811	0.141809939517	0.157130997271	0.132549938886	0.149097087089	0.13135645087	0.13994312009	0.153233831397	0.157998612528	0.133929079884	0.149645346859	0.119075194731	0.133383516403	0.151004950742	0.0	0.157720971532	0.163069310465	0.171193223355	0.139606897352	0.141263687466	0.165572590436	0.146326490301	0.154380159061	0.144346192214	0.158456545711	0.151177669294	0.139876825126	0.155559672409	0.144554142868	0.155531626513	0.160203234834	0.148271139247	0.155787289793	0.157590140471	0.16420851881	0.150755786034	0.144286527976	0.154658940847	0.147227431125	0.134969686303	0.158323260012	0.129731038694	0.146788550191	0.125495973207	0.158823921232	0.149492184543	0.167666992198	0.166244117357	0.153467648293	0.161852835402	0.166757735465	0.148704879793	0.155325223326	0.161769795377	0.141516494903	0.142253732221	0.143435620632	0.14795246011	0.135258485232	0.149531848932	0.156426882004	0.159105760905	0.143087395784	0.138326803026	0.148240402283	0.150875759717	0.138450661637	0.141530131756	0.149447858057	0.162156191622	0.169701256775	0.152399039499	0.153171976211	0.15780393544	0.150302041505	0.1402734425	0.16507651125	0.13563451365	0.134137111931	0.153952350692	0.123353269402	0.12627766821	0.157552645672	0.156123448758	0.147485637805	0.160516005302	0.155777095163	0.169022776042	0.157409015832	0.138680659857	0.167012505624	0.16951409535	0.147167182591	0.156533272169	0.16368210662	0.156761672514	0.147835103663	0.154210514279	0.142209437256
CCIS45793747ST-4-0.snv.bam	0.136640713016	0.122987091992	0.117834592752	0.132209388461	0.117861097928	0.14159393661	0.102843384545	0.118844832705	0.121783989081	0.135202227514	0.111990012398	0.110471676822	0.105129551821	0.110941586758	0.126904927583	0.157720971532	0.0	0.125114468864	0.130832417379	0.109875554518	0.108700012109	0.0959437081034	0.122695852535	0.0897999957816	0.127249126585	0.139967274789	0.132175275741	0.104128233971	0.109584957579	0.111992767998	0.138864438767	0.137154853974	0.108879190689	0.0947827474839	0.0949310992195	0.121789531939	0.13070118528	0.107521019735	0.131451008813	0.1020048706	0.0853103626274	0.127417284415	0.101487337195	0.135630712447	0.104694566891	0.119830869295	0.127573060136	0.13190662555	0.128876120306	0.137820335905	0.134862519201	0.121423930533	0.136439261819	0.131522048832	0.130747555008	0.116703916842	0.128327688186	0.11714124596	0.135839558833	0.104086279207	0.116946221533	0.115736548185	0.126028587223	0.098880765616	0.118334169364	0.129324626291	0.110427446569	0.126272616824	0.129365541554	0.113791489682	0.127817648114	0.12927518234	0.134299963619	0.113560493521	0.145766216287	0.125443362765	0.123012365137	0.112263673276	0.101469261343	0.109525210353	0.12895153199	0.100169500209	0.116413239211	0.1187363365	0.12469622536	0.121359086665	0.135982886618	0.127124483234	0.134998886266	0.137342758789	0.115428084509	0.131655969015	0.129078056185	0.133186553399	0.126994055454	0.122561808295	0.138248916675	0.103878234529	0.105889262481	0.128500013265
CCIS50471204ST-4-0.snv.bam	0.152789950475	0.0216589041631	0.144262828724	0.147003818281	0.146258503401	0.145187601958	0.133550488599	0.143527825061	0.147431538213	0.144047443098	0.136159076378	0.141025641026	0.119443644393	0.122202625147	0.147056372954	0.163069310465	0.125114468864	0.0	0.0480837479307	0.146655793395	0.140095867489	0.160332162475	0.14006514658	0.145446439941	0.143790468117	0.159594129703	0.124962185954	0.111900958466	0.132032520325	0.151834387813	0.148947065414	0.159794821912	0.134414223475	0.153633333333	0.153878136594	0.0396770534234	0.13895548312	0.127289685989	0.154175051499	0.135359455022	0.122396406307	0.0729693865433	0.126742879405	0.151217165327	0.116157135347	0.0276842343703	0.135838727497	0.154069694042	0.0283556594578	0.144820030052	0.144719039825	0.0299041778982	0.131957786581	0.14805698746	0.140568405831	0.135845710296	0.162247914687	0.127829603395	0.136080965941	0.122874237134	0.15534388773	0.152666130761	0.141750841751	0.128461538462	0.132700908906	0.140970756119	0.132667731629	0.129571378773	0.161415780432	0.135962195438	0.139354049718	0.020850176549	0.143157327586	0.13064068885	0.152532616568	0.156082529475	0.137824959752	0.138220739361	0.131624095203	0.136588087668	0.158703399123	0.13537029785	0.127814433327	0.0347439918163	0.142624215015	0.13093019577	0.152200805801	0.138888888889	0.154505758598	0.147190452491	0.126558155099	0.157208410055	0.0221772730342	0.143364710225	0.141538631828	0.0281668928878	0.165680109529	0.12891200112	0.132776506157	0.125420853522
CCIS53355328ST-4-0.snv.bam	0.14874301949	0.0327711806113	0.149878869365	0.145965232816	0.14740226157	0.152317904087	0.123274195441	0.143367407636	0.156203718032	0.146566300074	0.132278959724	0.137080901025	0.131635841503	0.127724303403	0.13792317959	0.171193223355	0.130832417379	0.0480837479307	0.0	0.147197327149	0.144557092653	0.168660101932	0.133452020039	0.152381197869	0.133371230898	0.160054314392	0.130507270918	0.109979837464	0.137994195441	0.149158493823	0.140183169453	0.161802244392	0.124684246559	0.158910700446	0.159159573835	0.0549764680362	0.131765157248	0.125042863277	0.14977682651	0.145557551836	0.123383606616	0.07493171029	0.126481421021	0.151640005719	0.115584704248	0.0408567740738	0.128812102139	0.153354323606	0.0407062753782	0.150327768202	0.141834596734	0.0265321744002	0.142207418303	0.132672258113	0.147632957929	0.139845894801	0.165692658952	0.124184688413	0.127591864597	0.122618321446	0.157314461487	0.150025661841	0.135944416778	0.126636549553	0.130326465501	0.141770262301	0.127248283303	0.136825832437	0.164904843392	0.129706306286	0.144869713146	0.0333561614122	0.137201396805	0.130568075027	0.153052013543	0.143964779595	0.138615751873	0.13620173495	0.134011583238	0.132462368422	0.155982030994	0.137463632388	0.127496542886	0.0534543743326	0.140005167484	0.132048821116	0.158835670048	0.131638295128	0.142363456352	0.143093498231	0.124515261675	0.146585583168	0.0344533345159	0.142286791075	0.139082977176	0.0394537415331	0.161332717301	0.129874622773	0.133644182239	0.129697609204
CCIS55230578ST-4-0.snv.bam	0.13726484925	0.139580340637	0.121815355406	0.131379278285	0.120289967165	0.140791875243	0.117794155838	0.126927173541	0.140189914599	0.144633839249	0.125274367963	0.090714556786	0.105759153832	0.122114011862	0.130538613137	0.139606897352	0.109875554518	0.146655793395	0.147197327149	0.0	0.116180663413	0.0739920908707	0.123295377145	0.0497807460918	0.113767480552	0.137427777081	0.141274377493	0.118987611986	0.126371243186	0.12203462787	0.144739985828	0.137943574273	0.123729830602	0.0414953451939	0.0416256858154	0.129978187568	0.140890823502	0.115926632739	0.141492750684	0.115179717262	0.101979218768	0.12779955674	0.106799932683	0.122262434712	0.106992044631	0.130310282711	0.137642834896	0.146969363357	0.138990875858	0.137109945676	0.12249217827	0.137702965208	0.102271888787	0.124142443434	0.128395558268	0.103341538564	0.132281368203	0.130800155929	0.138074186833	0.104705932204	0.136506020819	0.0685119970834	0.147028062403	0.126074662438	0.130006468397	0.138088517357	0.107911662619	0.104844705517	0.131686489067	0.124869554402	0.141433237182	0.145768130092	0.140241332381	0.103119631428	0.143284686519	0.117830958902	0.14286300348	0.0984233365679	0.125820138409	0.113074316006	0.138699732379	0.10372497487	0.13334520749	0.134796983786	0.13060028796	0.131717317314	0.13347737305	0.132887588591	0.140413788251	0.142740195896	0.122429708651	0.138477896818	0.145372604384	0.138545963998	0.130875158328	0.136039271341	0.145455057761	0.135145853706	0.134841625364	0.116491192103
CCIS56503244ST-3-0.snv.bam	0.13481510279	0.135471522616	0.116003402592	0.128986863254	0.119335557409	0.137279980863	0.110445356893	0.121946793625	0.111489046878	0.123207233322	0.113518175895	0.122402218993	0.0954855553777	0.119338618058	0.111767832706	0.141263687466	0.108700012109	0.140095867489	0.144557092653	0.116180663413	0.0	0.119632025902	0.110690557215	0.118867016982	0.125056938934	0.125154539368	0.123886718833	0.102899075373	0.11381160358	0.115098791603	0.1306049031	0.142903907698	0.136013794688	0.118893214116	0.118684556776	0.130299085095	0.131776109704	0.12474608846	0.14055865546	0.122864823349	0.099585999055	0.125925350858	0.104790398394	0.12665617864	0.0936211237423	0.13669850821	0.129003773209	0.110323217797	0.140553863478	0.139225969425	0.120519480519	0.132017685879	0.141995698283	0.128027514836	0.123874044877	0.118738755662	0.12116537514	0.125247075897	0.135998111464	0.123895576334	0.106755165333	0.121163704716	0.130818032542	0.111099804612	0.115288758414	0.123577363497	0.0941724361585	0.116860859457	0.122265973293	0.12552383512	0.122310498479	0.141171396304	0.118651667498	0.125387167248	0.134667297664	0.110550998709	0.105137311149	0.103198333636	0.11744639672	0.105250247353	0.135481708597	0.107061230266	0.124934994573	0.123592799904	0.122862344734	0.105913432683	0.125722063841	0.117505122398	0.112489356712	0.131096972199	0.115612341334	0.136072587645	0.140499534476	0.115649142274	0.124666455678	0.133488865608	0.131540306703	0.118324012964	0.120353903438	0.138677897068
CCIS62605362ST-3-0.snv.bam	0.147553352633	0.157957783937	0.130124415877	0.135238827041	0.119310546868	0.13974882534	0.129725821661	0.125241933172	0.14555355658	0.150021057369	0.138191643608	0.086052280199	0.112513469484	0.133325178212	0.136272046117	0.165572590436	0.0959437081034	0.160332162475	0.168660101932	0.0739920908707	0.119632025902	0.0	0.122104017016	0.0367954335765	0.136364779874	0.141335306017	0.149731595283	0.120882792384	0.112293802933	0.133738505696	0.156517821407	0.138498322058	0.127565169046	0.033537683596	0.0335897754377	0.150272011922	0.147824768887	0.134449255448	0.1519679221	0.118925057003	0.117179870252	0.146172621269	0.120313829447	0.124746203473	0.11710018514	0.152089895052	0.144748806943	0.164878525017	0.160552641253	0.144255920714	0.14440417801	0.159340645696	0.144131287545	0.145956640321	0.131946106238	0.108368590896	0.140690898286	0.126780447765	0.148295706441	0.127404624858	0.14199148793	0.0765644882669	0.150429880854	0.124806234772	0.141640379904	0.134355156494	0.111432165286	0.1242488316	0.14167968566	0.134936357807	0.154652570888	0.163970567455	0.148216552722	0.117018452073	0.151867621428	0.129591318368	0.140552205315	0.0852558755628	0.135853568596	0.132886673888	0.149148115759	0.11370305883	0.145925940725	0.153091613261	0.13699939983	0.133794559869	0.149910994155	0.1381656365	0.149002627675	0.152912647416	0.130859589033	0.14865893443	0.16371587683	0.137722093302	0.136027828509	0.157754718793	0.15546379299	0.134095583897	0.133975788383	0.132704841999
CCIS63468405ST-4-0.snv.bam	0.144157521541	0.138063016462	0.116936790979	0.135087444122	0.0727983240674	0.0688524590164	0.129508196721	0.126927724791	0.0915855424894	0.0691114681167	0.125726887951	0.114516129032	0.0877009894867	0.121632823243	0.114431541848	0.146326490301	0.122695852535	0.14006514658	0.133452020039	0.123295377145	0.110690557215	0.122104017016	0.0	0.120057564267	0.124142374275	0.129834610284	0.0846485017765	0.111012861736	0.129180327869	0.098155365138	0.126021593214	0.133489016343	0.1240726881	0.125637412775	0.125838640701	0.135607446458	0.126968078824	0.126242250619	0.112669962812	0.128127860425	0.116740372213	0.136410836952	0.0979916339093	0.0887898388453	0.100343915681	0.128634075656	0.125391081721	0.147370161882	0.136322025133	0.0914873074275	0.127350848385	0.135309297199	0.147316739131	0.118408327466	0.131826080467	0.117502951866	0.147141277625	0.111326664712	0.132140697314	0.102891775258	0.117656209505	0.129382416397	0.118983050847	0.119408532644	0.11905026302	0.130332546242	0.109405144695	0.112719747768	0.148031656455	0.123425430202	0.127388480906	0.143170756463	0.0694986979167	0.124949098313	0.0889383200678	0.127966558792	0.105429281622	0.148813874965	0.108360050757	0.0937715243176	0.133044077135	0.105388845817	0.123872984523	0.13869779803	0.132311585043	0.121859478095	0.10339882326	0.120065789474	0.132844998301	0.141686444305	0.124156599826	0.142059109756	0.142798649339	0.0540226681531	0.126295243504	0.129758002954	0.0843483557539	0.129683279511	0.130495097466	0.130864140985
CCIS64773582ST-4-0.snv.bam	0.143299751651	0.14124518714	0.126394735997	0.128282787141	0.113547062016	0.136162984847	0.122191688479	0.109750921144	0.138329814752	0.140710415593	0.114808169049	0.0590853864359	0.111360154484	0.121191652781	0.131774829237	0.154380159061	0.0897999957816	0.145446439941	0.152381197869	0.0497807460918	0.118867016982	0.0367954335765	0.120057564267	0.0	0.127807277946	0.137343426244	0.140662266681	0.11854836104	0.0942595362782	0.122066734681	0.146404779364	0.131375065644	0.110384381476	0.0121738322306	0.012211873666	0.13309878324	0.137631699372	0.124404203392	0.14338233726	0.101992062901	0.11977052854	0.13579343529	0.108961736217	0.10686858584	0.112692662768	0.134664317904	0.134729443672	0.140624990682	0.143733436528	0.135378770798	0.135592459835	0.142533323998	0.142136789592	0.134251058472	0.133093221879	0.105980062702	0.127382851973	0.116134744966	0.141416012221	0.112352817578	0.134147251621	0.0543864432481	0.147498186515	0.118934120923	0.1316355452	0.130158873003	0.105785840847	0.114097660629	0.126963585028	0.126818621342	0.147729965082	0.14754410315	0.141689276217	0.102180787764	0.142074008018	0.122975221596	0.135748596005	0.0701882418004	0.132145482588	0.124270210803	0.130499804017	0.108225862086	0.133609653043	0.139779838272	0.133300407256	0.135540937386	0.139873904577	0.134329468162	0.138853235073	0.149143100543	0.122054244618	0.139462937033	0.146818222246	0.135655565067	0.133664782636	0.140928830814	0.145764634024	0.125230263376	0.12684032162	0.122292796657
