	763536994-stool2.snv.bam	764083206-stool1.snv.bam	BYQ_AABA.snv.bam	CCIS22275061ST-4-0.snv.bam	CCIS22416007ST-4-0.snv.bam	CCIS23164343ST-4-0.snv.bam	CCIS29688262ST-20-0.snv.bam	CCIS41222843ST-4-0.snv.bam	CCIS44676181ST-4-0.snv.bam	CCIS50471204ST-4-0.snv.bam	CCIS55230578ST-4-0.snv.bam	CCIS59132091ST-4-0.snv.bam	CCIS82146115ST-4-0.snv.bam	CCIS94496512ST-4-0.snv.bam	CCIS95409808ST-4-0.snv.bam	CCIS98512455ST-4-0.snv.bam	CCMD11006829ST-21-0.snv.bam	CCMD40701343ST-21-0.snv.bam	M4.1-V3.metaT.snv.bam	M4.2-V2.metaG.snv.bam	M4.2-V3.metaT.snv.bam	NG-5636_195.snv.bam	NG-5636_354.snv.bam	NG-5636_472.snv.bam	O2.UC30-1.snv.bam	O2.UC46-1.snv.bam	V1.CD32-0.snv.bam	V1.CD32-4.snv.bam	V1.CD8-0-PN.snv.bam	V1.FI01.snv.bam	V1.UC38-0.snv.bam	V1.UC5-3.snv.bam	V1.UC54-0.snv.bam	peacemaker-11-2-0.snv.bam
763536994-stool2.snv.bam	0.0	0.127243122335	0.173203262787	0.192673326673	0.203048919441	0.1851346791	0.154590342895	0.198771475698	0.151755617978	0.194029162052	0.152828192237	0.195473677598	0.197093023256	0.171778583735	0.192415681452	0.202230696822	0.203309088649	0.179545739348	0.177438490172	0.175	0.176039501188	0.193181818182	0.182969151671	0.208194785695	0.181881783564	0.160985001174	0.160609429706	0.16069306309	0.181894185627	0.150652428954	0.16001744076	0.192107132708	0.162390960953	0.179502401732
764083206-stool1.snv.bam	0.127243122335	0.0	0.172005306935	0.193551991344	0.188821246679	0.166637531341	0.162494304699	0.18584390805	0.148017238465	0.171416600828	0.145936591836	0.167140608425	0.164456893869	0.200884040149	0.176471271378	0.197515854158	0.191659506635	0.128754025544	0.189773319261	0.191191319615	0.192905081215	0.170459248992	0.171313406315	0.20105967645	0.181942251662	0.18904149245	0.159901903129	0.159343477276	0.134191194025	0.153500935699	0.158788191951	0.171157787834	0.189655308924	0.215038216925
BYQ_AABA.snv.bam	0.173203262787	0.172005306935	0.0	0.206651596703	0.196953012557	0.176399074471	0.163077769773	0.178389132412	0.181649952245	0.177482769424	0.160655076921	0.175910458269	0.151041666667	0.170406925973	0.184921540913	0.150313290664	0.21037518997	0.202611726509	0.188305695513	0.175968233246	0.181411377661	0.178295855379	0.192353839442	0.180668744667	0.184416521816	0.155167904447	0.154800606353	0.154946427855	0.226125347354	0.190217901667	0.200524874308	0.176180752841	0.158602816118	0.216341845878
CCIS22275061ST-4-0.snv.bam	0.192673326673	0.193551991344	0.206651596703	0.0	0.200043372953	0.141946339427	0.207385598108	0.134297180681	0.150987248046	0.13323849446	0.155560196103	0.131616687576	0.156777455499	0.200835727942	0.150480811964	0.126178202806	0.143964005343	0.124317133395	0.153422360361	0.155858607684	0.16025110565	0.131959040959	0.210081914319	0.138253603776	0.160859090038	0.163227121541	0.147518033343	0.146955165983	0.136578282399	0.125601622568	0.197259705269	0.133610849201	0.165447855437	0.137428511411
CCIS22416007ST-4-0.snv.bam	0.203048919441	0.188821246679	0.196953012557	0.200043372953	0.0	0.19682141012	0.216558743242	0.174458130553	0.205215130893	0.195853391618	0.188438204944	0.197336413328	0.170751878144	0.222928085276	0.155128014377	0.206627544352	0.135357205901	0.215310650378	0.211686406187	0.212483316731	0.214899632521	0.197612926862	0.195905314442	0.162215853326	0.216795153796	0.193957138097	0.194513016673	0.194095257739	0.216271497006	0.208631887583	0.208580623978	0.200137166149	0.19548448113	0.184927142739
CCIS23164343ST-4-0.snv.bam	0.1851346791	0.166637531341	0.176399074471	0.141946339427	0.19682141012	0.0	0.170409168559	0.0874227691392	0.183398602168	0.061174701416	0.139087336211	0.063085918519	0.145614729315	0.180864092004	0.0678745168783	0.0742962398919	0.167966497164	0.141988450651	0.164138547491	0.16591807902	0.169738065932	0.0596210628033	0.186781784562	0.165555862711	0.169417931386	0.165810184718	0.151944923597	0.151522846741	0.131419508708	0.131714106152	0.159456914518	0.0616160798652	0.166721731528	0.17339157626
CCIS29688262ST-20-0.snv.bam	0.154590342895	0.162494304699	0.163077769773	0.207385598108	0.216558743242	0.170409168559	0.0	0.193698542909	0.165733519643	0.21313169171	0.167753366075	0.220674405757	0.182291903083	0.11154428103	0.215995475894	0.197647024741	0.208829330057	0.209429852479	0.153345889437	0.159377614624	0.154549416038	0.215087674317	0.181413078802	0.183102272062	0.153570457949	0.144237251892	0.16688303306	0.166915996137	0.210248907697	0.19072837952	0.169782345124	0.214677844163	0.146475982842	0.189813894437
CCIS41222843ST-4-0.snv.bam	0.198771475698	0.18584390805	0.178389132412	0.134297180681	0.174458130553	0.0874227691392	0.193698542909	0.0	0.160850239146	0.0867858654134	0.122313067425	0.0899313606616	0.139410560131	0.210532472375	0.0903004993823	0.0906345522026	0.0967290327401	0.150220020468	0.12647608159	0.126202158741	0.131051932841	0.0891013755103	0.182207624463	0.079644468458	0.175410683362	0.143924464258	0.13530376688	0.134892321683	0.137867462011	0.139135232343	0.175790480751	0.0913677109796	0.145637552542	0.169000786312
CCIS44676181ST-4-0.snv.bam	0.151755617978	0.148017238465	0.181649952245	0.150987248046	0.205215130893	0.183398602168	0.165733519643	0.160850239146	0.0	0.180766161213	0.0542205637524	0.179170068027	0.153203342618	0.210056426079	0.187733151864	0.186615054049	0.135147968792	0.159408492742	0.0783409649581	0.0831024930748	0.086388587285	0.182072829132	0.217175925926	0.138796662275	0.174962192569	0.119538469187	0.140968937941	0.140517712131	0.156224297175	0.142853554754	0.191088250666	0.183369607679	0.122641834511	0.161035057221
CCIS50471204ST-4-0.snv.bam	0.194029162052	0.171416600828	0.177482769424	0.13323849446	0.195853391618	0.061174701416	0.21313169171	0.0867858654134	0.180766161213	0.0	0.126976094005	0.00163300922463	0.13294160852	0.197849139834	0.0437311540995	0.0330659106975	0.162967223253	0.133757167789	0.170985686917	0.167638483965	0.174032052337	0.00183621006243	0.196669102424	0.167933753821	0.167913025295	0.168973642636	0.153102502985	0.152763976998	0.120249638317	0.122725430657	0.154887144458	0.0036745132165	0.170055361356	0.161996577351
CCIS55230578ST-4-0.snv.bam	0.152828192237	0.145936591836	0.160655076921	0.155560196103	0.188438204944	0.139087336211	0.167753366075	0.122313067425	0.0542205637524	0.126976094005	0.0	0.131214341365	0.126509501575	0.187954186996	0.139716676032	0.1426498091	0.141915017719	0.150600683771	0.106391226916	0.103929671038	0.107206202257	0.128155249406	0.189717661127	0.153835032326	0.161404243658	0.125666198615	0.141374899671	0.140959266736	0.143176247532	0.131687979948	0.152159402254	0.129830147382	0.127706159048	0.151629948039
CCIS59132091ST-4-0.snv.bam	0.195473677598	0.167140608425	0.175910458269	0.131616687576	0.197336413328	0.063085918519	0.220674405757	0.0899313606616	0.179170068027	0.00163300922463	0.131214341365	0.0	0.133095863017	0.19935051961	0.0466037795125	0.0337459247834	0.163116079323	0.128584160937	0.169240820042	0.165910218254	0.172420195794	0.0018671679198	0.20076464006	0.16886427065	0.169886648204	0.172482515118	0.153674082515	0.153328522222	0.121027635211	0.122556696646	0.160820482772	0.00373849815408	0.174239269383	0.168139233421
CCIS82146115ST-4-0.snv.bam	0.197093023256	0.164456893869	0.151041666667	0.156777455499	0.170751878144	0.145614729315	0.182291903083	0.139410560131	0.153203342618	0.13294160852	0.126509501575	0.133095863017	0.0	0.196031618932	0.147219789423	0.154140391772	0.153208410637	0.141236599352	0.131714068976	0.127551020408	0.131328230961	0.134366925065	0.153921568627	0.146891163647	0.162007513484	0.127311473604	0.132393779986	0.131885618715	0.139857481454	0.138359832006	0.157752993597	0.13608091089	0.128650872518	0.167995827445
CCIS94496512ST-4-0.snv.bam	0.171778583735	0.200884040149	0.170406925973	0.200835727942	0.222928085276	0.180864092004	0.11154428103	0.210532472375	0.210056426079	0.197849139834	0.187954186996	0.19935051961	0.196031618932	0.0	0.203779791205	0.190433849257	0.23311775628	0.22016015073	0.197822733214	0.186970773334	0.193909429752	0.197034338211	0.187831535553	0.221772302756	0.16081893215	0.181961894082	0.199171742506	0.198760297309	0.226596718148	0.201135808517	0.172835326324	0.197154217179	0.183956177239	0.164083405772
CCIS95409808ST-4-0.snv.bam	0.192415681452	0.176471271378	0.184921540913	0.150480811964	0.155128014377	0.0678745168783	0.215995475894	0.0903004993823	0.187733151864	0.0437311540995	0.139716676032	0.0466037795125	0.147219789423	0.203779791205	0.0	0.0692315844875	0.164354512963	0.156994598404	0.180347994332	0.178723660834	0.182369998884	0.0421692193004	0.201761580873	0.16987322108	0.180922074665	0.177628097346	0.164112408556	0.163698880092	0.145979358554	0.146238089502	0.165589841393	0.0457813273105	0.17848885011	0.174636925424
CCIS98512455ST-4-0.snv.bam	0.202230696822	0.197515854158	0.150313290664	0.126178202806	0.206627544352	0.0742962398919	0.197647024741	0.0906345522026	0.186615054049	0.0330659106975	0.1426498091	0.0337459247834	0.154140391772	0.190433849257	0.0692315844875	0.0	0.173488750137	0.156598438568	0.167273117221	0.163311499892	0.1701044698	0.0313954109735	0.212433274745	0.141687206998	0.170052643577	0.149447966489	0.130210873308	0.129565561546	0.142766872449	0.136090596868	0.188443838641	0.0327695874049	0.152645612736	0.175608812974
CCMD11006829ST-21-0.snv.bam	0.203309088649	0.191659506635	0.21037518997	0.143964005343	0.135357205901	0.167966497164	0.208829330057	0.0967290327401	0.135147968792	0.162967223253	0.141915017719	0.163116079323	0.153208410637	0.23311775628	0.164354512963	0.173488750137	0.0	0.152492775474	0.117336208147	0.112995827197	0.120675750173	0.166802188238	0.189496739264	0.0468369486159	0.198730531184	0.151367003567	0.151139168347	0.150759065847	0.146225653478	0.141680633828	0.202215561294	0.167776442352	0.154949008239	0.142613946619
CCMD40701343ST-21-0.snv.bam	0.179545739348	0.128754025544	0.202611726509	0.124317133395	0.215310650378	0.141988450651	0.209429852479	0.150220020468	0.159408492742	0.133757167789	0.150600683771	0.128584160937	0.141236599352	0.22016015073	0.156994598404	0.156598438568	0.152492775474	0.0	0.154917332604	0.153123067409	0.158767157415	0.131453634085	0.190457589286	0.161787788355	0.175289294039	0.168278249579	0.138607816079	0.138016420203	0.0369834390961	0.046960706846	0.171946556354	0.13648232884	0.170942112126	0.17368660751
M4.1-V3.metaT.snv.bam	0.177438490172	0.189773319261	0.188305695513	0.153422360361	0.211686406187	0.164138547491	0.153345889437	0.12647608159	0.0783409649581	0.170985686917	0.106391226916	0.169240820042	0.131714068976	0.197822733214	0.180347994332	0.167273117221	0.117336208147	0.154917332604	0.0	0.0152468236358	0.0123713703827	0.172677562011	0.188250482831	0.0924965361891	0.156760385112	0.106757111966	0.125141101772	0.124707829243	0.142085234872	0.133190601851	0.16072192327	0.173523006593	0.109930571464	0.187059944065
M4.2-V2.metaG.snv.bam	0.175	0.191191319615	0.175968233246	0.155858607684	0.212483316731	0.16591807902	0.159377614624	0.126202158741	0.0831024930748	0.167638483965	0.103929671038	0.165910218254	0.127551020408	0.186970773334	0.178723660834	0.163311499892	0.112995827197	0.153123067409	0.0152468236358	0.0	0.0089216486828	0.169230769231	0.180668358714	0.0889225589226	0.140807553991	0.0962817978593	0.116239281653	0.115826797453	0.14146978022	0.133227908225	0.164092725323	0.170403530252	0.0990916780998	0.184912526709
M4.2-V3.metaT.snv.bam	0.176039501188	0.192905081215	0.181411377661	0.16025110565	0.214899632521	0.169738065932	0.154549416038	0.131051932841	0.086388587285	0.174032052337	0.107206202257	0.172420195794	0.131328230961	0.193909429752	0.182369998884	0.1701044698	0.120675750173	0.158767157415	0.0123713703827	0.0089216486828	0.0	0.175673965265	0.185488575721	0.0942688678051	0.14964313994	0.102708294189	0.122938180362	0.122498811403	0.146947136933	0.138164736712	0.168562714555	0.176590004861	0.105773426618	0.191688537417
NG-5636_195.snv.bam	0.193181818182	0.170459248992	0.178295855379	0.131959040959	0.197612926862	0.0596210628033	0.215087674317	0.0891013755103	0.182072829132	0.00183621006243	0.128155249406	0.0018671679198	0.134366925065	0.197034338211	0.0421692193004	0.0313954109735	0.166802188238	0.131453634085	0.172677562011	0.169230769231	0.175673965265	0.0	0.198414738646	0.170930484469	0.171437632289	0.17017203705	0.15120630339	0.150556040387	0.118110199659	0.118949505585	0.15641013314	0.00186649099693	0.171869065555	0.163605304107
NG-5636_354.snv.bam	0.182969151671	0.171313406315	0.192353839442	0.210081914319	0.195905314442	0.186781784562	0.181413078802	0.182207624463	0.217175925926	0.196669102424	0.189717661127	0.20076464006	0.153921568627	0.187831535553	0.201761580873	0.212433274745	0.189496739264	0.190457589286	0.188250482831	0.180668358714	0.185488575721	0.198414738646	0.0	0.171052773727	0.176435672682	0.188146465193	0.199429261812	0.199295475611	0.205455732754	0.19169819072	0.148605397608	0.197585986447	0.189477505512	0.209372698668
NG-5636_472.snv.bam	0.208194785695	0.20105967645	0.180668744667	0.138253603776	0.162215853326	0.165555862711	0.183102272062	0.079644468458	0.138796662275	0.167933753821	0.153835032326	0.16886427065	0.146891163647	0.221772302756	0.16987322108	0.141687206998	0.0468369486159	0.161787788355	0.0924965361891	0.0889225589226	0.0942688678051	0.170930484469	0.171052773727	0.0	0.181301339452	0.119688200891	0.119522211421	0.119087786571	0.156459994876	0.151368346826	0.206665352999	0.173169863529	0.123343154265	0.183492469069
O2.UC30-1.snv.bam	0.181881783564	0.181942251662	0.184416521816	0.160859090038	0.216795153796	0.169417931386	0.153570457949	0.175410683362	0.174962192569	0.167913025295	0.161404243658	0.169886648204	0.162007513484	0.16081893215	0.180922074665	0.170052643577	0.198730531184	0.175289294039	0.156760385112	0.140807553991	0.14964313994	0.171437632289	0.176435672682	0.181301339452	0.0	0.141263968396	0.172741865382	0.172475014258	0.170049335754	0.173379993649	0.144760591947	0.171527257014	0.139395067334	0.160472581485
O2.UC46-1.snv.bam	0.160985001174	0.18904149245	0.155167904447	0.163227121541	0.193957138097	0.165810184718	0.144237251892	0.143924464258	0.119538469187	0.168973642636	0.125666198615	0.172482515118	0.127311473604	0.181961894082	0.177628097346	0.149447966489	0.151367003567	0.168278249579	0.106757111966	0.0962817978593	0.102708294189	0.17017203705	0.188146465193	0.119688200891	0.141263968396	0.0	0.0366198003612	0.0366256261102	0.170763943786	0.136490773548	0.170496712456	0.173104725839	0.00771991728901	0.162480336795
V1.CD32-0.snv.bam	0.160609429706	0.159901903129	0.154800606353	0.147518033343	0.194513016673	0.151944923597	0.16688303306	0.13530376688	0.140968937941	0.153102502985	0.141374899671	0.153674082515	0.132393779986	0.199171742506	0.164112408556	0.130210873308	0.151139168347	0.138607816079	0.125141101772	0.116239281653	0.122938180362	0.15120630339	0.199429261812	0.119522211421	0.172741865382	0.0366198003612	0.0	0.0013677890012	0.137575951473	0.112209320787	0.182922187144	0.153856363102	0.0389695332942	0.173936979791
V1.CD32-4.snv.bam	0.16069306309	0.159343477276	0.154946427855	0.146955165983	0.194095257739	0.151522846741	0.166915996137	0.134892321683	0.140517712131	0.152763976998	0.140959266736	0.153328522222	0.131885618715	0.198760297309	0.163698880092	0.129565561546	0.150759065847	0.138016420203	0.124707829243	0.115826797453	0.122498811403	0.150556040387	0.199295475611	0.119087786571	0.172475014258	0.0366256261102	0.0013677890012	0.0	0.137151160247	0.111678160306	0.182614082106	0.153720785572	0.0390331762389	0.173647309622
V1.CD8-0-PN.snv.bam	0.181894185627	0.134191194025	0.226125347354	0.136578282399	0.216271497006	0.131419508708	0.210248907697	0.137867462011	0.156224297175	0.120249638317	0.143176247532	0.121027635211	0.139857481454	0.226596718148	0.145979358554	0.142766872449	0.146225653478	0.0369834390961	0.142085234872	0.14146978022	0.146947136933	0.118110199659	0.205455732754	0.156459994876	0.170049335754	0.170763943786	0.137575951473	0.137151160247	0.0	0.0434750190034	0.167463380708	0.121335997029	0.170369823266	0.17969919288
V1.FI01.snv.bam	0.150652428954	0.153500935699	0.190217901667	0.125601622568	0.208631887583	0.131714106152	0.19072837952	0.139135232343	0.142853554754	0.122725430657	0.131687979948	0.122556696646	0.138359832006	0.201135808517	0.146238089502	0.136090596868	0.141680633828	0.046960706846	0.133190601851	0.133227908225	0.138164736712	0.118949505585	0.19169819072	0.151368346826	0.173379993649	0.136490773548	0.112209320787	0.111678160306	0.0434750190034	0.0	0.158411743173	0.121061613849	0.138854985712	0.154554659519
V1.UC38-0.snv.bam	0.16001744076	0.158788191951	0.200524874308	0.197259705269	0.208580623978	0.159456914518	0.169782345124	0.175790480751	0.191088250666	0.154887144458	0.152159402254	0.160820482772	0.157752993597	0.172835326324	0.165589841393	0.188443838641	0.202215561294	0.171946556354	0.16072192327	0.164092725323	0.168562714555	0.15641013314	0.148605397608	0.206665352999	0.144760591947	0.170496712456	0.182922187144	0.182614082106	0.167463380708	0.158411743173	0.0	0.156934072303	0.17060165892	0.190959593301
V1.UC5-3.snv.bam	0.192107132708	0.171157787834	0.176180752841	0.133610849201	0.200137166149	0.0616160798652	0.214677844163	0.0913677109796	0.183369607679	0.0036745132165	0.129830147382	0.00373849815408	0.13608091089	0.197154217179	0.0457813273105	0.0327695874049	0.167776442352	0.13648232884	0.173523006593	0.170403530252	0.176590004861	0.00186649099693	0.197585986447	0.173169863529	0.171527257014	0.173104725839	0.153856363102	0.153720785572	0.121335997029	0.121061613849	0.156934072303	0.0	0.17302571454	0.167496644769
V1.UC54-0.snv.bam	0.162390960953	0.189655308924	0.158602816118	0.165447855437	0.19548448113	0.166721731528	0.146475982842	0.145637552542	0.122641834511	0.170055361356	0.127706159048	0.174239269383	0.128650872518	0.183956177239	0.17848885011	0.152645612736	0.154949008239	0.170942112126	0.109930571464	0.0990916780998	0.105773426618	0.171869065555	0.189477505512	0.123343154265	0.139395067334	0.00771991728901	0.0389695332942	0.0390331762389	0.170369823266	0.138854985712	0.17060165892	0.17302571454	0.0	0.164397701796
peacemaker-11-2-0.snv.bam	0.179502401732	0.215038216925	0.216341845878	0.137428511411	0.184927142739	0.17339157626	0.189813894437	0.169000786312	0.161035057221	0.161996577351	0.151629948039	0.168139233421	0.167995827445	0.164083405772	0.174636925424	0.175608812974	0.142613946619	0.17368660751	0.187059944065	0.184912526709	0.191688537417	0.163605304107	0.209372698668	0.183492469069	0.160472581485	0.162480336795	0.173936979791	0.173647309622	0.17969919288	0.154554659519	0.190959593301	0.167496644769	0.164397701796	0.0
