	764143897-stool1.snv.bam	765276783-stool2.snv.bam	BYQ_AAAD.snv.bam	BYQ_AAAZ.snv.bam	CCIS22275061ST-4-0.snv.bam	CCIS22906510ST-20-0.snv.bam	CCIS45793747ST-4-0.snv.bam	CCIS48174381ST-4-0.snv.bam	CCIS50148151ST-4-0.snv.bam	CCIS71578391ST-4-0.snv.bam	CCIS78100604ST-4-0.snv.bam	CCIS81139242ST-4-0.snv.bam	CCMD12232071ST-21-0.snv.bam	CCMD23101338ST-21-0.snv.bam	CCMD25963797ST-21-0.snv.bam	CCMD35802077ST-21-0.snv.bam	M1.3-V2.metaT.snv.bam	M2.5-V1.metaG.snv.bam	M2.5-V2.metaG.snv.bam	M4.1-V3.metaT.snv.bam	M4.2-V3.metaT.snv.bam	M4.4-V3.metaT.snv.bam	M4.5-V3.metaT.snv.bam	MH0239.snv.bam	MH0251.snv.bam	MH0268.snv.bam	MH0272.snv.bam	MH0462.snv.bam	MMRS39415781ST-27-0-0.snv.bam	MMRS43939546ST-27-0-0.snv.bam	MMRS62192467ST-27-0-0.snv.bam	MMRS68910755ST-27-0-0.snv.bam	MMRS80093644ST-27-0-0.snv.bam	MMRS86178473ST-27-0-0.snv.bam	N029A.snv.bam	NG-5636_317.snv.bam	NG-5636_347.snv.bam	NG-5636_349.snv.bam	NG-5636_421.snv.bam	NG-5636_456.snv.bam	NG-5636_458.snv.bam	NG-5636_524.snv.bam	NG-5636_561.snv.bam	NG-5636_58.snv.bam	NG-5636_640.snv.bam	NLM027.snv.bam	O2.CD1-0-PT.snv.bam	O2.CD3-0-PT.snv.bam	O2.UC4-1.snv.bam	O2.UC48-0.snv.bam	O2.UC48-1.snv.bam	O2.UC53-0.snv.bam	O2.UC7-0.snv.bam	O2.UC8-1.snv.bam	SAMEA3136631.snv.bam	SAMEA3136638.snv.bam	SAMEA3136643.snv.bam	SAMEA3136652.snv.bam	SAMEA3136656.snv.bam	SAMEA3136660.snv.bam	SAMEA3136672.snv.bam	SAMEA3136674.snv.bam	SAMEA3136675.snv.bam	SAMEA3136678.snv.bam	SAMEA3136680.snv.bam	SAMEA3136686.snv.bam	SAMEA3136688.snv.bam	SAMEA3136689.snv.bam	SAMEA3136691.snv.bam	SAMEA3136693.snv.bam	SAMEA3136698.snv.bam	SAMEA3136702.snv.bam	SAMEA3136710.snv.bam	SAMEA3136711.snv.bam	SAMEA3136712.snv.bam	SAMEA3136750.snv.bam	SZEY-35A.snv.bam	T2D-105A.snv.bam	V1.CD1-0-PN.snv.bam	V1.CD1-3-PN.snv.bam	V1.CD48-0.snv.bam	V1.CD6-4.snv.bam	V1.FI19.snv.bam	V1.FI20.snv.bam	V1.FI25.snv.bam	V1.FI33.snv.bam	V1.UC15-3.snv.bam	V1.UC31-4.snv.bam	V1.UC32-0.snv.bam	V1.UC35-4.snv.bam	V1.UC5-3.snv.bam	V1.UC54-0.snv.bam	V1.UC55-0.snv.bam	V1.UC55-4.snv.bam	alien-11-60-0.snv.bam	peacemaker-11-0-0.snv.bam	scavenger-11-0-0.snv.bam	scavenger-11-60-0.snv.bam	scavenger-11-7-0.snv.bam
764143897-stool1.snv.bam	0.0	0.120622568093	0.0758754863813	0.122568093385	0.0389105058366	0.0953307392996	0.114785992218	0.124513618677	0.163424124514	0.0817120622568	0.0719844357977	0.120622568093	0.0875486381323	0.173151750973	0.142023346304	0.175097276265	0.091439688716	0.134241245136	0.167315175097	0.0486381322957	0.110894941634	0.0408560311284	0.056420233463	0.0583657587549	0.114785992218	0.155642023346	0.132295719844	0.0933852140078	0.112840466926	0.112840466926	0.200389105058	0.149805447471	0.124513618677	0.0972762645914	0.118677042802	0.122568093385	0.134241245136	0.134241245136	0.126459143969	0.105058365759	0.124513618677	0.149805447471	0.11673151751	0.153696498054	0.175097276265	0.0661478599222	0.157587548638	0.15953307393	0.0758754863813	0.128404669261	0.122568093385	0.11673151751	0.136186770428	0.134241245136	0.108949416342	0.153696498054	0.0875486381323	0.11673151751	0.068093385214	0.108949416342	0.0233463035019	0.143968871595	0.0719844357977	0.142023346304	0.108949416342	0.112840466926	0.079766536965	0.11673151751	0.0856031128405	0.126459143969	0.0428015564202	0.130350194553	0.163424124514	0.103112840467	0.190661478599	0.0894941634241	0.132295719844	0.0972762645914	0.153696498054	0.108949416342	0.0972762645914	0.142023346304	0.0856031128405	0.0972762645914	0.126459143969	0.101167315175	0.124513618677	0.0739299610895	0.145914396887	0.143968871595	0.0583657587549	0.110894941634	0.11673151751	0.0953307392996	0.056420233463	0.0953307392996	0.120622568093	0.0700389105058	0.112840466926
765276783-stool2.snv.bam	0.120622568093	0.0	0.130350194553	0.198443579767	0.118677042802	0.126459143969	0.20233463035	0.182879377432	0.221789883268	0.122568093385	0.13813229572	0.212062256809	0.182879377432	0.227626459144	0.227626459144	0.235408560311	0.145914396887	0.200389105058	0.241245136187	0.13813229572	0.200389105058	0.103112840467	0.130350194553	0.243190661479	0.143968871595	0.225680933852	0.20233463035	0.118677042802	0.186770428016	0.151750972763	0.266536964981	0.206225680934	0.157587548638	0.171206225681	0.198443579767	0.204280155642	0.165369649805	0.186770428016	0.198443579767	0.163424124514	0.188715953307	0.215953307393	0.22373540856	0.210116731518	0.266536964981	0.11673151751	0.204280155642	0.208171206226	0.136186770428	0.184824902724	0.175097276265	0.194552529183	0.18093385214	0.171206225681	0.145914396887	0.235408560311	0.167315175097	0.188715953307	0.130350194553	0.212062256809	0.167315175097	0.214007782101	0.120622568093	0.212062256809	0.200389105058	0.200389105058	0.157587548638	0.20233463035	0.145914396887	0.217898832685	0.079766536965	0.177042801556	0.219844357977	0.169260700389	0.287937743191	0.161478599222	0.20233463035	0.149805447471	0.215953307393	0.175097276265	0.157587548638	0.200389105058	0.149805447471	0.15953307393	0.186770428016	0.175097276265	0.130350194553	0.120622568093	0.182879377432	0.221789883268	0.124513618677	0.167315175097	0.18093385214	0.153696498054	0.0972762645914	0.157587548638	0.155642023346	0.124513618677	0.153696498054
BYQ_AAAD.snv.bam	0.0758754863813	0.130350194553	0.0	0.11673151751	0.0428015564202	0.0	0.0953307392996	0.136186770428	0.184824902724	0.0700389105058	0.056420233463	0.130350194553	0.153696498054	0.18093385214	0.149805447471	0.173151750973	0.079766536965	0.175097276265	0.214007782101	0.0836575875486	0.134241245136	0.0505836575875	0.079766536965	0.169260700389	0.0933852140078	0.175097276265	0.145914396887	0.110894941634	0.140077821012	0.122568093385	0.206225680934	0.147859922179	0.0856031128405	0.114785992218	0.143968871595	0.136186770428	0.0836575875486	0.13813229572	0.130350194553	0.0739299610895	0.11673151751	0.151750972763	0.169260700389	0.130350194553	0.188715953307	0.0972762645914	0.128404669261	0.155642023346	0.101167315175	0.163424124514	0.151750972763	0.126459143969	0.114785992218	0.149805447471	0.0700389105058	0.147859922179	0.110894941634	0.136186770428	0.0700389105058	0.163424124514	0.0875486381323	0.13813229572	0.00972762645914	0.128404669261	0.151750972763	0.0972762645914	0.0933852140078	0.124513618677	0.0622568093385	0.149805447471	0.0194552529183	0.0817120622568	0.151750972763	0.130350194553	0.215953307393	0.079766536965	0.161478599222	0.120622568093	0.173151750973	0.0875486381323	0.0875486381323	0.15953307393	0.0583657587549	0.101167315175	0.140077821012	0.079766536965	0.157587548638	0.0836575875486	0.161478599222	0.155642023346	0.0447470817121	0.0408560311284	0.157587548638	0.120622568093	0.0252918287938	0.0992217898833	0.0894941634241	0.0603112840467	0.0894941634241
BYQ_AAAZ.snv.bam	0.122568093385	0.198443579767	0.11673151751	0.0	0.0700389105058	0.140077821012	0.132295719844	0.122568093385	0.186770428016	0.157587548638	0.056420233463	0.118677042802	0.120622568093	0.204280155642	0.0739299610895	0.173151750973	0.0836575875486	0.134241245136	0.167315175097	0.136186770428	0.177042801556	0.091439688716	0.120622568093	0.190661478599	0.177042801556	0.136186770428	0.118677042802	0.079766536965	0.145914396887	0.143968871595	0.18093385214	0.120622568093	0.182879377432	0.118677042802	0.143968871595	0.142023346304	0.153696498054	0.142023346304	0.112840466926	0.15953307393	0.110894941634	0.122568093385	0.18093385214	0.128404669261	0.208171206226	0.103112840467	0.134241245136	0.163424124514	0.171206225681	0.126459143969	0.107003891051	0.11673151751	0.217898832685	0.118677042802	0.186770428016	0.173151750973	0.124513618677	0.134241245136	0.0953307392996	0.151750972763	0.126459143969	0.140077821012	0.103112840467	0.157587548638	0.147859922179	0.132295719844	0.0953307392996	0.108949416342	0.0856031128405	0.13813229572	0.0856031128405	0.165369649805	0.128404669261	0.165369649805	0.192607003891	0.0758754863813	0.161478599222	0.132295719844	0.190661478599	0.110894941634	0.161478599222	0.143968871595	0.182879377432	0.145914396887	0.107003891051	0.142023346304	0.184824902724	0.0972762645914	0.147859922179	0.15953307393	0.0642023346304	0.18093385214	0.124513618677	0.103112840467	0.105058365759	0.126459143969	0.151750972763	0.128404669261	0.153696498054
CCIS22275061ST-4-0.snv.bam	0.0389105058366	0.118677042802	0.0428015564202	0.0700389105058	0.0	0.0661478599222	0.0856031128405	0.0856031128405	0.13813229572	0.056420233463	0.0447470817121	0.0700389105058	0.105058365759	0.143968871595	0.0856031128405	0.136186770428	0.0428015564202	0.142023346304	0.177042801556	0.0603112840467	0.0972762645914	0.0272373540856	0.0466926070039	0.145914396887	0.108949416342	0.0739299610895	0.0739299610895	0.0505836575875	0.112840466926	0.0933852140078	0.112840466926	0.0778210116732	0.120622568093	0.0408560311284	0.0972762645914	0.0369649805447	0.0758754863813	0.0583657587549	0.0447470817121	0.0933852140078	0.079766536965	0.132295719844	0.105058365759	0.120622568093	0.13813229572	0.0486381322957	0.107003891051	0.114785992218	0.110894941634	0.0817120622568	0.068093385214	0.0486381322957	0.13813229572	0.0778210116732	0.107003891051	0.108949416342	0.068093385214	0.0817120622568	0.0369649805447	0.11673151751	0.0544747081712	0.103112840467	0.0486381322957	0.122568093385	0.0992217898833	0.0389105058366	0.0486381322957	0.0505836575875	0.056420233463	0.0894941634241	0.0233463035019	0.0856031128405	0.128404669261	0.091439688716	0.122568093385	0.0330739299611	0.120622568093	0.0700389105058	0.128404669261	0.0700389105058	0.0856031128405	0.0933852140078	0.0894941634241	0.0817120622568	0.0719844357977	0.103112840467	0.107003891051	0.0525291828794	0.0992217898833	0.110894941634	0.0505836575875	0.108949416342	0.079766536965	0.056420233463	0.0428015564202	0.0505836575875	0.0661478599222	0.0408560311284	0.0719844357977
CCIS22906510ST-20-0.snv.bam	0.0953307392996	0.126459143969	0.0	0.140077821012	0.0661478599222	0.0	0.110894941634	0.155642023346	0.190661478599	0.0933852140078	0.0719844357977	0.161478599222	0.175097276265	0.178988326848	0.165369649805	0.177042801556	0.118677042802	0.192607003891	0.227626459144	0.0972762645914	0.153696498054	0.0642023346304	0.101167315175	0.194552529183	0.101167315175	0.177042801556	0.157587548638	0.134241245136	0.143968871595	0.120622568093	0.212062256809	0.147859922179	0.091439688716	0.120622568093	0.140077821012	0.13813229572	0.0992217898833	0.143968871595	0.136186770428	0.103112840467	0.128404669261	0.163424124514	0.169260700389	0.130350194553	0.192607003891	0.11673151751	0.134241245136	0.15953307393	0.122568093385	0.175097276265	0.171206225681	0.132295719844	0.122568093385	0.149805447471	0.0758754863813	0.163424124514	0.126459143969	0.145914396887	0.101167315175	0.173151750973	0.118677042802	0.145914396887	0.00778210116732	0.136186770428	0.151750972763	0.105058365759	0.122568093385	0.153696498054	0.108949416342	0.175097276265	0.0350194552529	0.0875486381323	0.153696498054	0.13813229572	0.219844357977	0.114785992218	0.163424124514	0.126459143969	0.171206225681	0.091439688716	0.0933852140078	0.167315175097	0.0603112840467	0.11673151751	0.153696498054	0.0972762645914	0.161478599222	0.0972762645914	0.175097276265	0.161478599222	0.0972762645914	0.0447470817121	0.177042801556	0.132295719844	0.0350194552529	0.107003891051	0.103112840467	0.079766536965	0.105058365759
CCIS45793747ST-4-0.snv.bam	0.114785992218	0.20233463035	0.0953307392996	0.132295719844	0.0856031128405	0.110894941634	0.0	0.0972762645914	0.145914396887	0.122568093385	0.0389105058366	0.108949416342	0.145914396887	0.114785992218	0.108949416342	0.091439688716	0.079766536965	0.13813229572	0.173151750973	0.105058365759	0.120622568093	0.0583657587549	0.079766536965	0.149805447471	0.182879377432	0.153696498054	0.105058365759	0.107003891051	0.167315175097	0.108949416342	0.134241245136	0.126459143969	0.145914396887	0.124513618677	0.126459143969	0.13813229572	0.147859922179	0.157587548638	0.126459143969	0.0817120622568	0.0778210116732	0.107003891051	0.130350194553	0.0836575875486	0.124513618677	0.0622568093385	0.105058365759	0.167315175097	0.145914396887	0.0758754863813	0.0739299610895	0.0894941634241	0.163424124514	0.126459143969	0.108949416342	0.105058365759	0.0369649805447	0.130350194553	0.0719844357977	0.105058365759	0.0700389105058	0.0856031128405	0.0953307392996	0.0972762645914	0.124513618677	0.0836575875486	0.0622568093385	0.0933852140078	0.079766536965	0.112840466926	0.0933852140078	0.15953307393	0.108949416342	0.0992217898833	0.194552529183	0.0622568093385	0.126459143969	0.0778210116732	0.171206225681	0.0447470817121	0.0817120622568	0.107003891051	0.0992217898833	0.136186770428	0.132295719844	0.103112840467	0.145914396887	0.0992217898833	0.143968871595	0.0953307392996	0.0447470817121	0.114785992218	0.0894941634241	0.0505836575875	0.0603112840467	0.0856031128405	0.120622568093	0.0953307392996	0.124513618677
CCIS48174381ST-4-0.snv.bam	0.124513618677	0.182879377432	0.136186770428	0.122568093385	0.0856031128405	0.155642023346	0.0972762645914	0.0	0.13813229572	0.132295719844	0.0661478599222	0.130350194553	0.163424124514	0.155642023346	0.101167315175	0.0583657587549	0.0330739299611	0.13813229572	0.184824902724	0.107003891051	0.118677042802	0.0778210116732	0.0953307392996	0.20233463035	0.212062256809	0.0894941634241	0.114785992218	0.091439688716	0.155642023346	0.151750972763	0.136186770428	0.118677042802	0.186770428016	0.114785992218	0.151750972763	0.0972762645914	0.128404669261	0.142023346304	0.112840466926	0.124513618677	0.0992217898833	0.147859922179	0.171206225681	0.145914396887	0.188715953307	0.079766536965	0.124513618677	0.132295719844	0.157587548638	0.079766536965	0.0719844357977	0.0933852140078	0.163424124514	0.0992217898833	0.163424124514	0.132295719844	0.068093385214	0.142023346304	0.0661478599222	0.128404669261	0.0933852140078	0.120622568093	0.130350194553	0.149805447471	0.145914396887	0.108949416342	0.056420233463	0.0972762645914	0.0856031128405	0.122568093385	0.103112840467	0.15953307393	0.128404669261	0.130350194553	0.188715953307	0.0583657587549	0.165369649805	0.112840466926	0.184824902724	0.107003891051	0.136186770428	0.103112840467	0.134241245136	0.153696498054	0.0933852140078	0.15953307393	0.177042801556	0.118677042802	0.105058365759	0.0953307392996	0.0622568093385	0.169260700389	0.0758754863813	0.0603112840467	0.0933852140078	0.0778210116732	0.120622568093	0.105058365759	0.134241245136
CCIS50148151ST-4-0.snv.bam	0.163424124514	0.221789883268	0.184824902724	0.186770428016	0.13813229572	0.190661478599	0.145914396887	0.13813229572	0.0	0.126459143969	0.118677042802	0.184824902724	0.173151750973	0.142023346304	0.169260700389	0.145914396887	0.11673151751	0.155642023346	0.178988326848	0.140077821012	0.11673151751	0.0894941634241	0.0856031128405	0.198443579767	0.153696498054	0.153696498054	0.128404669261	0.165369649805	0.167315175097	0.149805447471	0.175097276265	0.175097276265	0.163424124514	0.178988326848	0.165369649805	0.175097276265	0.177042801556	0.178988326848	0.161478599222	0.136186770428	0.140077821012	0.153696498054	0.194552529183	0.143968871595	0.188715953307	0.134241245136	0.165369649805	0.215953307393	0.161478599222	0.155642023346	0.147859922179	0.136186770428	0.145914396887	0.171206225681	0.145914396887	0.196498054475	0.11673151751	0.108949416342	0.0953307392996	0.136186770428	0.124513618677	0.161478599222	0.15953307393	0.149805447471	0.18093385214	0.169260700389	0.108949416342	0.145914396887	0.114785992218	0.145914396887	0.140077821012	0.196498054475	0.151750972763	0.157587548638	0.235408560311	0.122568093385	0.151750972763	0.145914396887	0.11673151751	0.161478599222	0.130350194553	0.147859922179	0.153696498054	0.110894941634	0.149805447471	0.145914396887	0.157587548638	0.132295719844	0.155642023346	0.0525291828794	0.0875486381323	0.178988326848	0.153696498054	0.11673151751	0.126459143969	0.130350194553	0.163424124514	0.130350194553	0.163424124514
CCIS71578391ST-4-0.snv.bam	0.0817120622568	0.122568093385	0.0700389105058	0.157587548638	0.056420233463	0.0933852140078	0.122568093385	0.132295719844	0.126459143969	0.0	0.0739299610895	0.15953307393	0.13813229572	0.184824902724	0.151750972763	0.173151750973	0.0992217898833	0.149805447471	0.182879377432	0.056420233463	0.0758754863813	0.0155642023346	0.0272373540856	0.169260700389	0.101167315175	0.175097276265	0.118677042802	0.112840466926	0.122568093385	0.167315175097	0.188715953307	0.157587548638	0.0778210116732	0.126459143969	0.15953307393	0.140077821012	0.0836575875486	0.145914396887	0.130350194553	0.0739299610895	0.124513618677	0.132295719844	0.165369649805	0.151750972763	0.196498054475	0.114785992218	0.161478599222	0.169260700389	0.0953307392996	0.142023346304	0.132295719844	0.130350194553	0.11673151751	0.15953307393	0.0894941634241	0.155642023346	0.105058365759	0.105058365759	0.0486381322957	0.134241245136	0.0875486381323	0.153696498054	0.0778210116732	0.132295719844	0.165369649805	0.142023346304	0.0739299610895	0.108949416342	0.0369649805447	0.134241245136	0.0350194552529	0.091439688716	0.169260700389	0.0894941634241	0.214007782101	0.0836575875486	0.167315175097	0.142023346304	0.143968871595	0.126459143969	0.091439688716	0.120622568093	0.0661478599222	0.091439688716	0.130350194553	0.120622568093	0.126459143969	0.107003891051	0.126459143969	0.145914396887	0.0389105058366	0.0933852140078	0.140077821012	0.107003891051	0.0486381322957	0.0739299610895	0.0719844357977	0.0466926070039	0.0739299610895
CCIS78100604ST-4-0.snv.bam	0.0719844357977	0.13813229572	0.056420233463	0.056420233463	0.0447470817121	0.0719844357977	0.0389105058366	0.0661478599222	0.118677042802	0.0739299610895	0.0	0.0603112840467	0.0661478599222	0.0953307392996	0.0836575875486	0.0933852140078	0.0389105058366	0.101167315175	0.132295719844	0.0778210116732	0.108949416342	0.0408560311284	0.056420233463	0.136186770428	0.134241245136	0.110894941634	0.0739299610895	0.0311284046693	0.124513618677	0.0583657587549	0.128404669261	0.0875486381323	0.110894941634	0.0953307392996	0.0856031128405	0.11673151751	0.101167315175	0.120622568093	0.0894941634241	0.0233463035019	0.0544747081712	0.0778210116732	0.122568093385	0.0894941634241	0.101167315175	0.0252918287938	0.0661478599222	0.122568093385	0.105058365759	0.0661478599222	0.0622568093385	0.0622568093385	0.143968871595	0.0894941634241	0.0817120622568	0.0836575875486	0.0136186770428	0.0758754863813	0.0486381322957	0.0856031128405	0.0544747081712	0.0758754863813	0.0486381322957	0.0661478599222	0.0719844357977	0.0583657587549	0.0291828793774	0.0428015564202	0.0486381322957	0.0817120622568	0.0408560311284	0.122568093385	0.0894941634241	0.0856031128405	0.149805447471	0.0486381322957	0.0836575875486	0.0428015564202	0.103112840467	0.0369649805447	0.079766536965	0.0875486381323	0.0719844357977	0.068093385214	0.0933852140078	0.079766536965	0.11673151751	0.0486381322957	0.0953307392996	0.0778210116732	0.0272373540856	0.091439688716	0.0661478599222	0.0428015564202	0.0330739299611	0.0583657587549	0.0817120622568	0.0447470817121	0.0875486381323
CCIS81139242ST-4-0.snv.bam	0.120622568093	0.212062256809	0.130350194553	0.118677042802	0.0700389105058	0.161478599222	0.108949416342	0.130350194553	0.184824902724	0.15953307393	0.0603112840467	0.0	0.112840466926	0.182879377432	0.126459143969	0.163424124514	0.0642023346304	0.11673151751	0.155642023346	0.126459143969	0.142023346304	0.0856031128405	0.101167315175	0.186770428016	0.171206225681	0.122568093385	0.0933852140078	0.0894941634241	0.149805447471	0.132295719844	0.145914396887	0.0603112840467	0.196498054475	0.122568093385	0.128404669261	0.143968871595	0.155642023346	0.124513618677	0.107003891051	0.140077821012	0.105058365759	0.163424124514	0.155642023346	0.151750972763	0.0933852140078	0.0817120622568	0.134241245136	0.0894941634241	0.169260700389	0.107003891051	0.0992217898833	0.0719844357977	0.225680933852	0.091439688716	0.171206225681	0.140077821012	0.0758754863813	0.122568093385	0.0661478599222	0.126459143969	0.0933852140078	0.112840466926	0.118677042802	0.128404669261	0.112840466926	0.120622568093	0.0466926070039	0.079766536965	0.0778210116732	0.0758754863813	0.0836575875486	0.124513618677	0.142023346304	0.149805447471	0.0642023346304	0.0719844357977	0.132295719844	0.0972762645914	0.163424124514	0.108949416342	0.136186770428	0.114785992218	0.145914396887	0.13813229572	0.105058365759	0.143968871595	0.186770428016	0.091439688716	0.110894941634	0.151750972763	0.0661478599222	0.171206225681	0.107003891051	0.0856031128405	0.105058365759	0.091439688716	0.124513618677	0.110894941634	0.124513618677
CCMD12232071ST-21-0.snv.bam	0.0875486381323	0.182879377432	0.153696498054	0.120622568093	0.105058365759	0.175097276265	0.145914396887	0.163424124514	0.173151750973	0.13813229572	0.0661478599222	0.112840466926	0.0	0.217898832685	0.184824902724	0.196498054475	0.112840466926	0.0894941634241	0.108949416342	0.105058365759	0.151750972763	0.103112840467	0.105058365759	0.157587548638	0.149805447471	0.161478599222	0.140077821012	0.0622568093385	0.13813229572	0.126459143969	0.206225680934	0.136186770428	0.165369649805	0.155642023346	0.124513618677	0.182879377432	0.20233463035	0.18093385214	0.151750972763	0.122568093385	0.142023346304	0.0933852140078	0.108949416342	0.173151750973	0.178988326848	0.0836575875486	0.155642023346	0.178988326848	0.134241245136	0.142023346304	0.145914396887	0.132295719844	0.188715953307	0.130350194553	0.18093385214	0.178988326848	0.107003891051	0.108949416342	0.103112840467	0.110894941634	0.091439688716	0.147859922179	0.114785992218	0.15953307393	0.124513618677	0.15953307393	0.0933852140078	0.132295719844	0.107003891051	0.134241245136	0.103112840467	0.200389105058	0.167315175097	0.149805447471	0.194552529183	0.11673151751	0.153696498054	0.112840466926	0.142023346304	0.122568093385	0.165369649805	0.151750972763	0.169260700389	0.110894941634	0.157587548638	0.140077821012	0.177042801556	0.0700389105058	0.161478599222	0.171206225681	0.0622568093385	0.188715953307	0.142023346304	0.108949416342	0.091439688716	0.143968871595	0.182879377432	0.118677042802	0.18093385214
CCMD23101338ST-21-0.snv.bam	0.173151750973	0.227626459144	0.18093385214	0.204280155642	0.143968871595	0.178988326848	0.114785992218	0.155642023346	0.142023346304	0.184824902724	0.0953307392996	0.182879377432	0.217898832685	0.0	0.161478599222	0.122568093385	0.11673151751	0.18093385214	0.214007782101	0.161478599222	0.149805447471	0.0933852140078	0.118677042802	0.20233463035	0.225680933852	0.204280155642	0.147859922179	0.167315175097	0.214007782101	0.157587548638	0.149805447471	0.186770428016	0.186770428016	0.194552529183	0.103112840467	0.208171206226	0.190661478599	0.192607003891	0.167315175097	0.122568093385	0.107003891051	0.182879377432	0.194552529183	0.157587548638	0.15953307393	0.114785992218	0.13813229572	0.214007782101	0.178988326848	0.143968871595	0.13813229572	0.130350194553	0.217898832685	0.155642023346	0.149805447471	0.190661478599	0.0505836575875	0.173151750973	0.108949416342	0.163424124514	0.122568093385	0.128404669261	0.155642023346	0.122568093385	0.15953307393	0.167315175097	0.110894941634	0.163424124514	0.134241245136	0.169260700389	0.149805447471	0.214007782101	0.134241245136	0.153696498054	0.249027237354	0.122568093385	0.130350194553	0.105058365759	0.188715953307	0.132295719844	0.132295719844	0.157587548638	0.155642023346	0.163424124514	0.161478599222	0.151750972763	0.173151750973	0.142023346304	0.155642023346	0.130350194553	0.0992217898833	0.178988326848	0.147859922179	0.0933852140078	0.124513618677	0.136186770428	0.177042801556	0.145914396887	0.177042801556
CCMD25963797ST-21-0.snv.bam	0.142023346304	0.227626459144	0.149805447471	0.0739299610895	0.0856031128405	0.165369649805	0.108949416342	0.101167315175	0.169260700389	0.151750972763	0.0836575875486	0.126459143969	0.184824902724	0.161478599222	0.0	0.151750972763	0.079766536965	0.153696498054	0.186770428016	0.136186770428	0.151750972763	0.0778210116732	0.103112840467	0.155642023346	0.20233463035	0.145914396887	0.0992217898833	0.124513618677	0.173151750973	0.182879377432	0.142023346304	0.128404669261	0.157587548638	0.134241245136	0.171206225681	0.136186770428	0.136186770428	0.151750972763	0.120622568093	0.147859922179	0.107003891051	0.134241245136	0.196498054475	0.124513618677	0.184824902724	0.124513618677	0.143968871595	0.163424124514	0.18093385214	0.0836575875486	0.0700389105058	0.0992217898833	0.194552529183	0.142023346304	0.163424124514	0.184824902724	0.0972762645914	0.149805447471	0.0661478599222	0.140077821012	0.0992217898833	0.142023346304	0.147859922179	0.142023346304	0.161478599222	0.155642023346	0.079766536965	0.0953307392996	0.0661478599222	0.11673151751	0.107003891051	0.143968871595	0.153696498054	0.153696498054	0.190661478599	0.068093385214	0.190661478599	0.143968871595	0.212062256809	0.11673151751	0.155642023346	0.120622568093	0.167315175097	0.161478599222	0.120622568093	0.136186770428	0.182879377432	0.128404669261	0.134241245136	0.153696498054	0.068093385214	0.169260700389	0.0836575875486	0.0622568093385	0.118677042802	0.0856031128405	0.124513618677	0.110894941634	0.122568093385
CCMD35802077ST-21-0.snv.bam	0.175097276265	0.235408560311	0.173151750973	0.173151750973	0.136186770428	0.177042801556	0.091439688716	0.0583657587549	0.145914396887	0.173151750973	0.0933852140078	0.163424124514	0.196498054475	0.122568093385	0.151750972763	0.0	0.0856031128405	0.161478599222	0.192607003891	0.149805447471	0.149805447471	0.0992217898833	0.120622568093	0.214007782101	0.247081712062	0.13813229572	0.155642023346	0.143968871595	0.20233463035	0.171206225681	0.155642023346	0.173151750973	0.200389105058	0.163424124514	0.147859922179	0.15953307393	0.190661478599	0.204280155642	0.167315175097	0.134241245136	0.0817120622568	0.136186770428	0.175097276265	0.130350194553	0.173151750973	0.110894941634	0.0817120622568	0.204280155642	0.175097276265	0.103112840467	0.114785992218	0.108949416342	0.149805447471	0.149805447471	0.163424124514	0.140077821012	0.0758754863813	0.182879377432	0.110894941634	0.142023346304	0.132295719844	0.0953307392996	0.13813229572	0.143968871595	0.163424124514	0.143968871595	0.112840466926	0.140077821012	0.118677042802	0.165369649805	0.142023346304	0.212062256809	0.128404669261	0.151750972763	0.231517509728	0.101167315175	0.194552529183	0.130350194553	0.20233463035	0.11673151751	0.155642023346	0.161478599222	0.173151750973	0.188715953307	0.161478599222	0.161478599222	0.182879377432	0.134241245136	0.15953307393	0.114785992218	0.0933852140078	0.188715953307	0.112840466926	0.056420233463	0.110894941634	0.126459143969	0.167315175097	0.126459143969	0.175097276265
M1.3-V2.metaT.snv.bam	0.091439688716	0.145914396887	0.079766536965	0.0836575875486	0.0428015564202	0.118677042802	0.079766536965	0.0330739299611	0.11673151751	0.0992217898833	0.0389105058366	0.0642023346304	0.112840466926	0.11673151751	0.079766536965	0.0856031128405	0.0	0.107003891051	0.155642023346	0.0739299610895	0.105058365759	0.0389105058366	0.0583657587549	0.173151750973	0.163424124514	0.0836575875486	0.0700389105058	0.0583657587549	0.126459143969	0.118677042802	0.0972762645914	0.0661478599222	0.140077821012	0.0739299610895	0.124513618677	0.0836575875486	0.0856031128405	0.0992217898833	0.0758754863813	0.0972762645914	0.0719844357977	0.118677042802	0.153696498054	0.105058365759	0.149805447471	0.0719844357977	0.0894941634241	0.0972762645914	0.103112840467	0.0642023346304	0.056420233463	0.0408560311284	0.149805447471	0.0700389105058	0.130350194553	0.126459143969	0.0525291828794	0.103112840467	0.0369649805447	0.0992217898833	0.0583657587549	0.068093385214	0.091439688716	0.112840466926	0.118677042802	0.0933852140078	0.0311284046693	0.0505836575875	0.0447470817121	0.0778210116732	0.0544747081712	0.105058365759	0.0856031128405	0.0992217898833	0.145914396887	0.0272373540856	0.140077821012	0.112840466926	0.151750972763	0.0875486381323	0.0992217898833	0.0739299610895	0.107003891051	0.108949416342	0.056420233463	0.134241245136	0.147859922179	0.0836575875486	0.0817120622568	0.0739299610895	0.0311284046693	0.128404669261	0.0622568093385	0.0486381322957	0.0505836575875	0.0486381322957	0.0719844357977	0.0525291828794	0.0758754863813
M2.5-V1.metaG.snv.bam	0.134241245136	0.200389105058	0.175097276265	0.134241245136	0.142023346304	0.192607003891	0.13813229572	0.13813229572	0.155642023346	0.149805447471	0.101167315175	0.11673151751	0.0894941634241	0.18093385214	0.153696498054	0.161478599222	0.107003891051	0.0	0.00194552529183	0.107003891051	0.130350194553	0.0894941634241	0.091439688716	0.163424124514	0.188715953307	0.20233463035	0.126459143969	0.112840466926	0.15953307393	0.163424124514	0.188715953307	0.136186770428	0.155642023346	0.186770428016	0.161478599222	0.196498054475	0.188715953307	0.194552529183	0.177042801556	0.134241245136	0.118677042802	0.091439688716	0.163424124514	0.163424124514	0.134241245136	0.107003891051	0.142023346304	0.132295719844	0.124513618677	0.114785992218	0.120622568093	0.142023346304	0.186770428016	0.149805447471	0.165369649805	0.198443579767	0.091439688716	0.130350194553	0.0933852140078	0.0992217898833	0.101167315175	0.136186770428	0.151750972763	0.142023346304	0.161478599222	0.184824902724	0.0622568093385	0.110894941634	0.0758754863813	0.0856031128405	0.136186770428	0.149805447471	0.147859922179	0.136186770428	0.18093385214	0.0992217898833	0.177042801556	0.130350194553	0.178988326848	0.136186770428	0.149805447471	0.134241245136	0.15953307393	0.153696498054	0.167315175097	0.134241245136	0.155642023346	0.118677042802	0.108949416342	0.153696498054	0.0525291828794	0.178988326848	0.11673151751	0.0836575875486	0.0933852140078	0.103112840467	0.167315175097	0.134241245136	0.169260700389
M2.5-V2.metaG.snv.bam	0.167315175097	0.241245136187	0.214007782101	0.167315175097	0.177042801556	0.227626459144	0.173151750973	0.184824902724	0.178988326848	0.182879377432	0.132295719844	0.155642023346	0.108949416342	0.214007782101	0.186770428016	0.192607003891	0.155642023346	0.00194552529183	0.0	0.132295719844	0.161478599222	0.120622568093	0.122568093385	0.182879377432	0.214007782101	0.237354085603	0.15953307393	0.151750972763	0.194552529183	0.200389105058	0.217898832685	0.167315175097	0.175097276265	0.217898832685	0.194552529183	0.235408560311	0.217898832685	0.22373540856	0.214007782101	0.173151750973	0.15953307393	0.107003891051	0.188715953307	0.184824902724	0.167315175097	0.147859922179	0.175097276265	0.157587548638	0.142023346304	0.165369649805	0.161478599222	0.171206225681	0.212062256809	0.188715953307	0.20233463035	0.231517509728	0.136186770428	0.171206225681	0.140077821012	0.124513618677	0.134241245136	0.163424124514	0.200389105058	0.173151750973	0.20233463035	0.221789883268	0.101167315175	0.157587548638	0.112840466926	0.124513618677	0.171206225681	0.178988326848	0.15953307393	0.167315175097	0.215953307393	0.136186770428	0.212062256809	0.171206225681	0.214007782101	0.177042801556	0.184824902724	0.173151750973	0.198443579767	0.184824902724	0.204280155642	0.169260700389	0.178988326848	0.177042801556	0.145914396887	0.184824902724	0.079766536965	0.206225680934	0.165369649805	0.124513618677	0.136186770428	0.143968871595	0.208171206226	0.173151750973	0.208171206226
M4.1-V3.metaT.snv.bam	0.0486381322957	0.13813229572	0.0836575875486	0.136186770428	0.0603112840467	0.0972762645914	0.105058365759	0.107003891051	0.140077821012	0.056420233463	0.0778210116732	0.126459143969	0.105058365759	0.161478599222	0.136186770428	0.149805447471	0.0739299610895	0.107003891051	0.132295719844	0.0	0.079766536965	0.0291828793774	0.0428015564202	0.103112840467	0.110894941634	0.171206225681	0.0972762645914	0.0972762645914	0.13813229572	0.136186770428	0.171206225681	0.134241245136	0.0622568093385	0.120622568093	0.140077821012	0.124513618677	0.0778210116732	0.134241245136	0.134241245136	0.0758754863813	0.11673151751	0.107003891051	0.130350194553	0.126459143969	0.182879377432	0.101167315175	0.134241245136	0.145914396887	0.0194552529183	0.103112840467	0.0992217898833	0.124513618677	0.068093385214	0.13813229572	0.0719844357977	0.151750972763	0.0856031128405	0.13813229572	0.0525291828794	0.0739299610895	0.0350194552529	0.134241245136	0.0817120622568	0.122568093385	0.147859922179	0.143968871595	0.0642023346304	0.0972762645914	0.0447470817121	0.0953307392996	0.0408560311284	0.079766536965	0.140077821012	0.091439688716	0.20233463035	0.068093385214	0.167315175097	0.130350194553	0.167315175097	0.126459143969	0.0739299610895	0.107003891051	0.0389105058366	0.114785992218	0.132295719844	0.079766536965	0.108949416342	0.0933852140078	0.11673151751	0.126459143969	0.0428015564202	0.0603112840467	0.103112840467	0.0778210116732	0.0311284046693	0.0642023346304	0.068093385214	0.0447470817121	0.0642023346304
M4.2-V3.metaT.snv.bam	0.110894941634	0.200389105058	0.134241245136	0.177042801556	0.0972762645914	0.153696498054	0.120622568093	0.118677042802	0.11673151751	0.0758754863813	0.108949416342	0.142023346304	0.151750972763	0.149805447471	0.151750972763	0.149805447471	0.105058365759	0.130350194553	0.161478599222	0.079766536965	0.0	0.0291828793774	0.0155642023346	0.155642023346	0.167315175097	0.186770428016	0.114785992218	0.147859922179	0.151750972763	0.165369649805	0.145914396887	0.178988326848	0.140077821012	0.157587548638	0.130350194553	0.167315175097	0.134241245136	0.177042801556	0.108949416342	0.118677042802	0.105058365759	0.153696498054	0.15953307393	0.167315175097	0.182879377432	0.11673151751	0.157587548638	0.184824902724	0.110894941634	0.122568093385	0.124513618677	0.11673151751	0.153696498054	0.165369649805	0.124513618677	0.178988326848	0.110894941634	0.153696498054	0.079766536965	0.114785992218	0.0953307392996	0.142023346304	0.132295719844	0.153696498054	0.157587548638	0.147859922179	0.0778210116732	0.120622568093	0.0875486381323	0.132295719844	0.107003891051	0.142023346304	0.11673151751	0.0836575875486	0.217898832685	0.0875486381323	0.167315175097	0.134241245136	0.171206225681	0.147859922179	0.136186770428	0.145914396887	0.108949416342	0.128404669261	0.149805447471	0.13813229572	0.136186770428	0.13813229572	0.120622568093	0.136186770428	0.091439688716	0.136186770428	0.120622568093	0.0856031128405	0.0856031128405	0.0972762645914	0.114785992218	0.0856031128405	0.122568093385
M4.4-V3.metaT.snv.bam	0.0408560311284	0.103112840467	0.0505836575875	0.091439688716	0.0272373540856	0.0642023346304	0.0583657587549	0.0778210116732	0.0894941634241	0.0155642023346	0.0408560311284	0.0856031128405	0.103112840467	0.0933852140078	0.0778210116732	0.0992217898833	0.0389105058366	0.0894941634241	0.120622568093	0.0291828793774	0.0291828793774	0.0	0.00194552529183	0.110894941634	0.107003891051	0.124513618677	0.0544747081712	0.0700389105058	0.0933852140078	0.103112840467	0.101167315175	0.0992217898833	0.0622568093385	0.0817120622568	0.0972762645914	0.0817120622568	0.0447470817121	0.0894941634241	0.056420233463	0.0583657587549	0.0544747081712	0.091439688716	0.11673151751	0.0836575875486	0.142023346304	0.068093385214	0.079766536965	0.122568093385	0.0447470817121	0.0622568093385	0.0603112840467	0.0739299610895	0.0856031128405	0.0836575875486	0.0583657587549	0.114785992218	0.056420233463	0.0836575875486	0.0233463035019	0.079766536965	0.0330739299611	0.0836575875486	0.0505836575875	0.0836575875486	0.11673151751	0.0778210116732	0.0272373540856	0.0447470817121	0.0155642023346	0.0661478599222	0.0291828793774	0.0642023346304	0.0817120622568	0.0486381322957	0.163424124514	0.0194552529183	0.118677042802	0.0953307392996	0.112840466926	0.0758754863813	0.0525291828794	0.0622568093385	0.0369649805447	0.0642023346304	0.0739299610895	0.0700389105058	0.0642023346304	0.0603112840467	0.0778210116732	0.0856031128405	0.0194552529183	0.0642023346304	0.0642023346304	0.0447470817121	0.0272373540856	0.0291828793774	0.0408560311284	0.0233463035019	0.0389105058366
M4.5-V3.metaT.snv.bam	0.056420233463	0.130350194553	0.079766536965	0.120622568093	0.0466926070039	0.101167315175	0.079766536965	0.0953307392996	0.0856031128405	0.0272373540856	0.056420233463	0.101167315175	0.105058365759	0.118677042802	0.103112840467	0.120622568093	0.0583657587549	0.091439688716	0.122568093385	0.0428015564202	0.0155642023346	0.00194552529183	0.0	0.120622568093	0.103112840467	0.149805447471	0.068093385214	0.0875486381323	0.0933852140078	0.122568093385	0.136186770428	0.118677042802	0.0836575875486	0.0953307392996	0.118677042802	0.103112840467	0.0817120622568	0.114785992218	0.091439688716	0.068093385214	0.0758754863813	0.0992217898833	0.142023346304	0.114785992218	0.143968871595	0.0758754863813	0.0972762645914	0.142023346304	0.0661478599222	0.0836575875486	0.079766536965	0.0894941634241	0.118677042802	0.11673151751	0.0933852140078	0.132295719844	0.0622568093385	0.0778210116732	0.0252918287938	0.0875486381323	0.0408560311284	0.103112840467	0.0622568093385	0.0953307392996	0.140077821012	0.108949416342	0.0389105058366	0.056420233463	0.0194552529183	0.0817120622568	0.0369649805447	0.0894941634241	0.101167315175	0.0700389105058	0.175097276265	0.0505836575875	0.132295719844	0.103112840467	0.0992217898833	0.0836575875486	0.0700389105058	0.0894941634241	0.0603112840467	0.068093385214	0.103112840467	0.101167315175	0.0661478599222	0.0778210116732	0.103112840467	0.0953307392996	0.0272373540856	0.0817120622568	0.0836575875486	0.0525291828794	0.0466926070039	0.0525291828794	0.0739299610895	0.0408560311284	0.0700389105058
MH0239.snv.bam	0.0583657587549	0.243190661479	0.169260700389	0.190661478599	0.145914396887	0.194552529183	0.149805447471	0.20233463035	0.198443579767	0.169260700389	0.136186770428	0.186770428016	0.157587548638	0.20233463035	0.155642023346	0.214007782101	0.173151750973	0.163424124514	0.182879377432	0.103112840467	0.155642023346	0.110894941634	0.120622568093	0.0	0.184824902724	0.247081712062	0.184824902724	0.177042801556	0.157587548638	0.204280155642	0.235408560311	0.217898832685	0.142023346304	0.171206225681	0.192607003891	0.177042801556	0.208171206226	0.212062256809	0.210116731518	0.169260700389	0.15953307393	0.153696498054	0.177042801556	0.20233463035	0.206225680934	0.147859922179	0.214007782101	0.239299610895	0.132295719844	0.161478599222	0.165369649805	0.167315175097	0.165369649805	0.241245136187	0.169260700389	0.231517509728	0.132295719844	0.206225680934	0.124513618677	0.132295719844	0.0350194552529	0.204280155642	0.175097276265	0.182879377432	0.188715953307	0.192607003891	0.147859922179	0.190661478599	0.134241245136	0.186770428016	0.140077821012	0.188715953307	0.184824902724	0.153696498054	0.256809338521	0.153696498054	0.212062256809	0.177042801556	0.235408560311	0.167315175097	0.157587548638	0.20233463035	0.157587548638	0.20233463035	0.231517509728	0.142023346304	0.190661478599	0.157587548638	0.200389105058	0.192607003891	0.108949416342	0.167315175097	0.163424124514	0.130350194553	0.140077821012	0.165369649805	0.186770428016	0.140077821012	0.188715953307
