	158256496-stool2.snv.bam	158337416-stool1.snv.bam	158802708-stool1.snv.bam	158802708-stool2.snv.bam	158802708-stool3.snv.bam	159207311-stool1.snv.bam	159207311-stool2.snv.bam	159227541-stool3.snv.bam	160400887-stool1.snv.bam	160704339-stool1.snv.bam	638754422-stool1.snv.bam	682102541-stool3.snv.bam	763496533-stool1.snv.bam	763496533-stool2.snv.bam	763597684-stool2.snv.bam	763820215-stool2.snv.bam	763820215-stool3.snv.bam	764083206-stool1.snv.bam	764487809-stool1.snv.bam	764487809-stool2.snv.bam	765377934-stool3.snv.bam	765640925-stool2.snv.bam	CCIS05314658ST-4-0.snv.bam	CCIS22275061ST-4-0.snv.bam	CCIS59132091ST-4-0.snv.bam	CCIS81710917ST-20-0.snv.bam	CCIS81887263ST-4-0.snv.bam	CCIS83445808ST-4-0.snv.bam	CCMD82866709ST-21-0.snv.bam	DOM013.snv.bam	MH0203.snv.bam	MH0253.snv.bam	MH0260.snv.bam	MH0268.snv.bam	MH0280.snv.bam	MH0309.snv.bam	MH0326.snv.bam	MH0347.snv.bam	MH0384.snv.bam	MH0418.snv.bam	MH0442.snv.bam	MH0451.snv.bam	MH0457.snv.bam	MMRS25211151ST-27-0-0.snv.bam	MMRS95277876ST-27-0-0.snv.bam	N009A.snv.bam	N066A.snv.bam	O2.UC13-1.snv.bam	O2.UC20-1.snv.bam	O2.UC21-1.snv.bam	O2.UC28-0.snv.bam	O2.UC28-2.snv.bam	O2.UC32-1.snv.bam	O2.UC36-1.snv.bam	O2.UC40-1.snv.bam	O2.UC47-1.snv.bam	SZEY-07A.snv.bam	SZEY-38A.snv.bam	SZEY-66A.snv.bam	T2D-155A.snv.bam	T2D-47A.snv.bam	T2D-49A.snv.bam	T2D-59A.snv.bam	V1.CD19-0.snv.bam	V1.CD22-0.snv.bam	V1.CD45-0.snv.bam	V1.CD8-0-PN.snv.bam	V1.FI12.snv.bam	V1.FI36.snv.bam	V1.UC12-4.snv.bam	V1.UC23-1.snv.bam	V1.UC47-0.snv.bam	tigress-11-0-0.snv.bam
158256496-stool2.snv.bam	0.0	0.238461538462	0.192307692308	0.192307692308	0.187179487179	0.246153846154	0.246153846154	0.212820512821	0.197435897436	0.2	0.194871794872	0.2	0.189743589744	0.197435897436	0.179487179487	0.2	0.2	0.184615384615	0.205128205128	0.207692307692	0.202564102564	0.2	0.0769230769231	0.158974358974	0.2	0.205128205128	0.207692307692	0.192307692308	0.0641025641026	0.174358974359	0.197435897436	0.202564102564	0.197435897436	0.151282051282	0.0641025641026	0.197435897436	0.223076923077	0.215384615385	0.0769230769231	0.194871794872	0.194871794872	0.169230769231	0.2	0.217948717949	0.189743589744	0.174358974359	0.161538461538	0.110256410256	0.194871794872	0.161538461538	0.217948717949	0.205128205128	0.192307692308	0.0948717948718	0.125641025641	0.192307692308	0.215384615385	0.182051282051	0.133333333333	0.166666666667	0.2	0.164102564103	0.153846153846	0.141025641026	0.128205128205	0.0794871794872	0.141025641026	0.179487179487	0.189743589744	0.207692307692	0.212820512821	0.189743589744	0.174358974359
158337416-stool1.snv.bam	0.238461538462	0.0	0.187179487179	0.187179487179	0.179487179487	0.171794871795	0.171794871795	0.228205128205	0.192307692308	0.194871794872	0.182051282051	0.187179487179	0.246153846154	0.251282051282	0.158974358974	0.192307692308	0.192307692308	0.197435897436	0.15641025641	0.151282051282	0.207692307692	0.194871794872	0.235897435897	0.197435897436	0.194871794872	0.0820512820513	0.238461538462	0.202564102564	0.187179487179	0.207692307692	0.189743589744	0.192307692308	0.174358974359	0.215384615385	0.251282051282	0.192307692308	0.189743589744	0.241025641026	0.246153846154	0.197435897436	0.189743589744	0.187179487179	0.189743589744	0.205128205128	0.141025641026	0.210256410256	0.205128205128	0.192307692308	0.171794871795	0.151282051282	0.230769230769	0.215384615385	0.189743589744	0.217948717949	0.179487179487	0.207692307692	0.228205128205	0.24358974359	0.192307692308	0.197435897436	0.235897435897	0.194871794872	0.161538461538	0.176923076923	0.141025641026	0.228205128205	0.215384615385	0.164102564103	0.0846153846154	0.202564102564	0.210256410256	0.210256410256	0.228205128205
158802708-stool1.snv.bam	0.192307692308	0.187179487179	0.0	0.0	0.0	0.205128205128	0.205128205128	0.135897435897	0.0974358974359	0.0794871794872	0.074358974359	0.0769230769231	0.171794871795	0.169230769231	0.0769230769231	0.0794871794872	0.0794871794872	0.0794871794872	0.205128205128	0.207692307692	0.184615384615	0.0794871794872	0.197435897436	0.153846153846	0.0794871794872	0.141025641026	0.192307692308	0.115384615385	0.128205128205	0.171794871795	0.0769230769231	0.0871794871795	0.174358974359	0.182051282051	0.207692307692	0.0717948717949	0.169230769231	0.2	0.205128205128	0.133333333333	0.0769230769231	0.148717948718	0.0769230769231	0.197435897436	0.135897435897	0.14358974359	0.148717948718	0.148717948718	0.0769230769231	0.123076923077	0.194871794872	0.184615384615	0.158974358974	0.225641025641	0.151282051282	0.117948717949	0.2	0.182051282051	0.174358974359	0.184615384615	0.2	0.169230769231	0.148717948718	0.141025641026	0.102564102564	0.184615384615	0.194871794872	0.15641025641	0.164102564103	0.0666666666667	0.164102564103	0.202564102564	0.2
158802708-stool2.snv.bam	0.192307692308	0.187179487179	0.0	0.0	0.0	0.205128205128	0.205128205128	0.135897435897	0.0974358974359	0.0794871794872	0.074358974359	0.0769230769231	0.171794871795	0.169230769231	0.0769230769231	0.0794871794872	0.0794871794872	0.0794871794872	0.205128205128	0.207692307692	0.184615384615	0.0794871794872	0.197435897436	0.153846153846	0.0794871794872	0.141025641026	0.192307692308	0.115384615385	0.128205128205	0.171794871795	0.0769230769231	0.0871794871795	0.174358974359	0.182051282051	0.207692307692	0.0717948717949	0.169230769231	0.2	0.205128205128	0.133333333333	0.0769230769231	0.148717948718	0.0769230769231	0.197435897436	0.135897435897	0.14358974359	0.148717948718	0.148717948718	0.0769230769231	0.123076923077	0.194871794872	0.184615384615	0.158974358974	0.225641025641	0.151282051282	0.117948717949	0.2	0.182051282051	0.174358974359	0.184615384615	0.2	0.169230769231	0.148717948718	0.141025641026	0.102564102564	0.184615384615	0.194871794872	0.15641025641	0.164102564103	0.0666666666667	0.164102564103	0.202564102564	0.2
158802708-stool3.snv.bam	0.187179487179	0.179487179487	0.0	0.0	0.0	0.2	0.2	0.130769230769	0.0923076923077	0.074358974359	0.0717948717949	0.074358974359	0.164102564103	0.161538461538	0.0717948717949	0.074358974359	0.074358974359	0.074358974359	0.2	0.202564102564	0.179487179487	0.074358974359	0.189743589744	0.146153846154	0.074358974359	0.133333333333	0.187179487179	0.112820512821	0.123076923077	0.166666666667	0.0717948717949	0.0820512820513	0.169230769231	0.174358974359	0.202564102564	0.0717948717949	0.164102564103	0.194871794872	0.2	0.128205128205	0.0717948717949	0.141025641026	0.074358974359	0.187179487179	0.133333333333	0.138461538462	0.141025641026	0.14358974359	0.0769230769231	0.117948717949	0.187179487179	0.176923076923	0.151282051282	0.217948717949	0.14358974359	0.117948717949	0.192307692308	0.171794871795	0.171794871795	0.179487179487	0.192307692308	0.164102564103	0.146153846154	0.135897435897	0.0974358974359	0.179487179487	0.187179487179	0.151282051282	0.15641025641	0.0666666666667	0.158974358974	0.194871794872	0.197435897436
159207311-stool1.snv.bam	0.246153846154	0.171794871795	0.205128205128	0.205128205128	0.2	0.0	0.0	0.225641025641	0.205128205128	0.228205128205	0.220512820513	0.223076923077	0.230769230769	0.225641025641	0.179487179487	0.228205128205	0.228205128205	0.212820512821	0.174358974359	0.171794871795	0.215384615385	0.228205128205	0.246153846154	0.187179487179	0.228205128205	0.223076923077	0.205128205128	0.220512820513	0.187179487179	0.223076923077	0.225641025641	0.235897435897	0.115384615385	0.217948717949	0.25641025641	0.197435897436	0.182051282051	0.248717948718	0.233333333333	0.215384615385	0.225641025641	0.135897435897	0.223076923077	0.179487179487	0.148717948718	0.112820512821	0.15641025641	0.158974358974	0.225641025641	0.189743589744	0.189743589744	0.182051282051	0.205128205128	0.25641025641	0.176923076923	0.205128205128	0.123076923077	0.128205128205	0.230769230769	0.158974358974	0.151282051282	0.14358974359	0.141025641026	0.125641025641	0.128205128205	0.228205128205	0.187179487179	0.207692307692	0.210256410256	0.210256410256	0.217948717949	0.120512820513	0.192307692308
159207311-stool2.snv.bam	0.246153846154	0.171794871795	0.205128205128	0.205128205128	0.2	0.0	0.0	0.225641025641	0.205128205128	0.228205128205	0.220512820513	0.223076923077	0.230769230769	0.225641025641	0.179487179487	0.228205128205	0.228205128205	0.212820512821	0.174358974359	0.171794871795	0.215384615385	0.228205128205	0.246153846154	0.187179487179	0.228205128205	0.223076923077	0.205128205128	0.220512820513	0.187179487179	0.223076923077	0.225641025641	0.235897435897	0.115384615385	0.217948717949	0.25641025641	0.197435897436	0.182051282051	0.248717948718	0.233333333333	0.215384615385	0.225641025641	0.135897435897	0.223076923077	0.179487179487	0.148717948718	0.112820512821	0.15641025641	0.15641025641	0.225641025641	0.189743589744	0.189743589744	0.182051282051	0.205128205128	0.25641025641	0.176923076923	0.205128205128	0.123076923077	0.128205128205	0.230769230769	0.158974358974	0.151282051282	0.14358974359	0.141025641026	0.125641025641	0.128205128205	0.228205128205	0.187179487179	0.207692307692	0.210256410256	0.210256410256	0.217948717949	0.120512820513	0.192307692308
159227541-stool3.snv.bam	0.212820512821	0.228205128205	0.135897435897	0.135897435897	0.130769230769	0.225641025641	0.225641025641	0.0	0.161538461538	0.128205128205	0.112820512821	0.120512820513	0.182051282051	0.182051282051	0.1	0.128205128205	0.128205128205	0.153846153846	0.24358974359	0.246153846154	0.151282051282	0.128205128205	0.207692307692	0.166666666667	0.128205128205	0.194871794872	0.202564102564	0.125641025641	0.164102564103	0.210256410256	0.125641025641	0.130769230769	0.202564102564	0.2	0.228205128205	0.169230769231	0.184615384615	0.194871794872	0.212820512821	0.0589743589744	0.123076923077	0.166666666667	0.123076923077	0.223076923077	0.0846153846154	0.174358974359	0.176923076923	0.174358974359	0.176923076923	0.161538461538	0.220512820513	0.207692307692	0.105128205128	0.246153846154	0.179487179487	0.187179487179	0.202564102564	0.189743589744	0.194871794872	0.210256410256	0.210256410256	0.2	0.187179487179	0.153846153846	0.112820512821	0.210256410256	0.230769230769	0.176923076923	0.192307692308	0.187179487179	0.0923076923077	0.217948717949	0.223076923077
160400887-stool1.snv.bam	0.197435897436	0.192307692308	0.0974358974359	0.0974358974359	0.0923076923077	0.205128205128	0.205128205128	0.161538461538	0.0	0.0333333333333	0.0333333333333	0.0333333333333	0.187179487179	0.189743589744	0.0538461538462	0.0333333333333	0.0333333333333	0.0333333333333	0.223076923077	0.225641025641	0.166666666667	0.0333333333333	0.202564102564	0.146153846154	0.0333333333333	0.164102564103	0.182051282051	0.074358974359	0.128205128205	0.184615384615	0.0333333333333	0.0410256410256	0.182051282051	0.179487179487	0.220512820513	0.117948717949	0.148717948718	0.189743589744	0.215384615385	0.138461538462	0.0333333333333	0.166666666667	0.0333333333333	0.2	0.133333333333	0.174358974359	0.15641025641	0.161538461538	0.123076923077	0.135897435897	0.2	0.192307692308	0.179487179487	0.230769230769	0.151282051282	0.153846153846	0.205128205128	0.182051282051	0.197435897436	0.182051282051	0.207692307692	0.171794871795	0.158974358974	0.133333333333	0.110256410256	0.197435897436	0.215384615385	0.151282051282	0.176923076923	0.1	0.14358974359	0.207692307692	0.215384615385
160704339-stool1.snv.bam	0.2	0.194871794872	0.0794871794872	0.0794871794872	0.074358974359	0.228205128205	0.228205128205	0.128205128205	0.0333333333333	0.0	0.0	0.0	0.189743589744	0.192307692308	0.0282051282051	0.0	0.0	0.0410256410256	0.225641025641	0.230769230769	0.171794871795	0.0	0.205128205128	0.15641025641	0.0	0.166666666667	0.197435897436	0.0794871794872	0.138461538462	0.184615384615	0.0	0.00769230769231	0.189743589744	0.182051282051	0.217948717949	0.123076923077	0.161538461538	0.192307692308	0.217948717949	0.120512820513	0.0	0.174358974359	0.0	0.202564102564	0.123076923077	0.182051282051	0.166666666667	0.161538461538	0.130769230769	0.141025641026	0.202564102564	0.194871794872	0.169230769231	0.233333333333	0.161538461538	0.161538461538	0.228205128205	0.192307692308	0.194871794872	0.205128205128	0.217948717949	0.182051282051	0.161538461538	0.14358974359	0.120512820513	0.212820512821	0.217948717949	0.148717948718	0.182051282051	0.115384615385	0.133333333333	0.230769230769	0.217948717949
638754422-stool1.snv.bam	0.194871794872	0.182051282051	0.074358974359	0.074358974359	0.0717948717949	0.220512820513	0.220512820513	0.112820512821	0.0333333333333	0.0	0.0	0.0	0.176923076923	0.179487179487	0.0205128205128	0.0	0.0	0.0410256410256	0.215384615385	0.220512820513	0.164102564103	0.0	0.197435897436	0.148717948718	0.0	0.158974358974	0.189743589744	0.0794871794872	0.133333333333	0.176923076923	0.0	0.00769230769231	0.184615384615	0.179487179487	0.210256410256	0.117948717949	0.153846153846	0.184615384615	0.210256410256	0.107692307692	0.0	0.166666666667	0.0	0.189743589744	0.115384615385	0.174358974359	0.164102564103	0.153846153846	0.125641025641	0.135897435897	0.197435897436	0.189743589744	0.158974358974	0.225641025641	0.153846153846	0.15641025641	0.220512820513	0.184615384615	0.189743589744	0.194871794872	0.210256410256	0.176923076923	0.153846153846	0.141025641026	0.112820512821	0.205128205128	0.210256410256	0.146153846154	0.174358974359	0.110256410256	0.123076923077	0.223076923077	0.212820512821
682102541-stool3.snv.bam	0.2	0.187179487179	0.0769230769231	0.0769230769231	0.074358974359	0.223076923077	0.223076923077	0.120512820513	0.0333333333333	0.0	0.0	0.0	0.182051282051	0.184615384615	0.0230769230769	0.0	0.0	0.0410256410256	0.220512820513	0.225641025641	0.166666666667	0.0	0.202564102564	0.153846153846	0.0	0.166666666667	0.192307692308	0.0794871794872	0.138461538462	0.182051282051	0.0	0.00769230769231	0.187179487179	0.182051282051	0.215384615385	0.120512820513	0.15641025641	0.187179487179	0.215384615385	0.115384615385	0.0	0.169230769231	0.0	0.197435897436	0.125641025641	0.176923076923	0.166666666667	0.158974358974	0.128205128205	0.138461538462	0.202564102564	0.194871794872	0.169230769231	0.228205128205	0.158974358974	0.158974358974	0.223076923077	0.192307692308	0.192307692308	0.197435897436	0.212820512821	0.182051282051	0.15641025641	0.14358974359	0.117948717949	0.212820512821	0.215384615385	0.148717948718	0.176923076923	0.112820512821	0.125641025641	0.225641025641	0.215384615385
763496533-stool1.snv.bam	0.189743589744	0.246153846154	0.171794871795	0.171794871795	0.164102564103	0.230769230769	0.230769230769	0.182051282051	0.187179487179	0.189743589744	0.176923076923	0.182051282051	0.0	0.0	0.153846153846	0.189743589744	0.189743589744	0.189743589744	0.212820512821	0.215384615385	0.171794871795	0.189743589744	0.197435897436	0.174358974359	0.189743589744	0.220512820513	0.105128205128	0.184615384615	0.146153846154	0.197435897436	0.187179487179	0.197435897436	0.210256410256	0.205128205128	0.202564102564	0.179487179487	0.184615384615	0.151282051282	0.202564102564	0.176923076923	0.187179487179	0.169230769231	0.184615384615	0.205128205128	0.187179487179	0.184615384615	0.194871794872	0.166666666667	0.194871794872	0.179487179487	0.182051282051	0.171794871795	0.182051282051	0.225641025641	0.176923076923	0.184615384615	0.212820512821	0.184615384615	0.205128205128	0.202564102564	0.197435897436	0.184615384615	0.184615384615	0.153846153846	0.146153846154	0.202564102564	0.215384615385	0.2	0.217948717949	0.197435897436	0.187179487179	0.212820512821	0.225641025641
763496533-stool2.snv.bam	0.197435897436	0.251282051282	0.169230769231	0.169230769231	0.161538461538	0.225641025641	0.225641025641	0.182051282051	0.189743589744	0.192307692308	0.179487179487	0.184615384615	0.0	0.0	0.15641025641	0.192307692308	0.192307692308	0.192307692308	0.217948717949	0.220512820513	0.171794871795	0.192307692308	0.205128205128	0.176923076923	0.192307692308	0.225641025641	0.105128205128	0.189743589744	0.148717948718	0.2	0.189743589744	0.2	0.207692307692	0.210256410256	0.210256410256	0.184615384615	0.179487179487	0.15641025641	0.207692307692	0.182051282051	0.189743589744	0.166666666667	0.187179487179	0.207692307692	0.192307692308	0.179487179487	0.192307692308	0.164102564103	0.2	0.184615384615	0.182051282051	0.171794871795	0.184615384615	0.233333333333	0.174358974359	0.184615384615	0.202564102564	0.179487179487	0.205128205128	0.205128205128	0.192307692308	0.187179487179	0.189743589744	0.153846153846	0.141025641026	0.207692307692	0.212820512821	0.205128205128	0.223076923077	0.2	0.192307692308	0.210256410256	0.228205128205
763597684-stool2.snv.bam	0.179487179487	0.158974358974	0.0769230769231	0.0769230769231	0.0717948717949	0.179487179487	0.179487179487	0.1	0.0538461538462	0.0282051282051	0.0205128205128	0.0230769230769	0.153846153846	0.15641025641	0.0	0.0282051282051	0.0282051282051	0.0538461538462	0.192307692308	0.194871794872	0.14358974359	0.0282051282051	0.176923076923	0.112820512821	0.0282051282051	0.135897435897	0.158974358974	0.0897435897436	0.107692307692	0.146153846154	0.0282051282051	0.0358974358974	0.148717948718	0.153846153846	0.189743589744	0.105128205128	0.125641025641	0.164102564103	0.187179487179	0.0948717948718	0.025641025641	0.117948717949	0.0230769230769	0.146153846154	0.0846153846154	0.138461538462	0.141025641026	0.117948717949	0.112820512821	0.0974358974359	0.171794871795	0.164102564103	0.146153846154	0.210256410256	0.117948717949	0.125641025641	0.182051282051	0.161538461538	0.148717948718	0.161538461538	0.171794871795	0.146153846154	0.138461538462	0.110256410256	0.0692307692308	0.182051282051	0.182051282051	0.123076923077	0.151282051282	0.0974358974359	0.112820512821	0.169230769231	0.187179487179
763820215-stool2.snv.bam	0.2	0.192307692308	0.0794871794872	0.0794871794872	0.074358974359	0.228205128205	0.228205128205	0.128205128205	0.0333333333333	0.0	0.0	0.0	0.189743589744	0.192307692308	0.0282051282051	0.0	0.0	0.0410256410256	0.225641025641	0.230769230769	0.171794871795	0.0	0.205128205128	0.15641025641	0.0	0.166666666667	0.197435897436	0.0794871794872	0.138461538462	0.184615384615	0.0	0.00769230769231	0.189743589744	0.182051282051	0.217948717949	0.123076923077	0.161538461538	0.192307692308	0.217948717949	0.120512820513	0.0	0.174358974359	0.0	0.202564102564	0.125641025641	0.182051282051	0.166666666667	0.161538461538	0.130769230769	0.141025641026	0.202564102564	0.194871794872	0.169230769231	0.230769230769	0.161538461538	0.161538461538	0.228205128205	0.192307692308	0.192307692308	0.202564102564	0.217948717949	0.182051282051	0.158974358974	0.14358974359	0.123076923077	0.212820512821	0.217948717949	0.148717948718	0.179487179487	0.115384615385	0.130769230769	0.230769230769	0.217948717949
763820215-stool3.snv.bam	0.2	0.192307692308	0.0794871794872	0.0794871794872	0.074358974359	0.228205128205	0.228205128205	0.128205128205	0.0333333333333	0.0	0.0	0.0	0.189743589744	0.192307692308	0.0282051282051	0.0	0.0	0.0410256410256	0.225641025641	0.230769230769	0.171794871795	0.0	0.205128205128	0.15641025641	0.0	0.166666666667	0.197435897436	0.0794871794872	0.138461538462	0.184615384615	0.0	0.00769230769231	0.189743589744	0.182051282051	0.217948717949	0.123076923077	0.161538461538	0.192307692308	0.217948717949	0.120512820513	0.0	0.174358974359	0.0	0.202564102564	0.125641025641	0.182051282051	0.166666666667	0.161538461538	0.130769230769	0.141025641026	0.202564102564	0.194871794872	0.169230769231	0.230769230769	0.161538461538	0.161538461538	0.228205128205	0.192307692308	0.192307692308	0.202564102564	0.217948717949	0.182051282051	0.158974358974	0.14358974359	0.120512820513	0.212820512821	0.217948717949	0.148717948718	0.179487179487	0.115384615385	0.130769230769	0.230769230769	0.217948717949
764083206-stool1.snv.bam	0.184615384615	0.197435897436	0.0794871794872	0.0794871794872	0.074358974359	0.212820512821	0.212820512821	0.153846153846	0.0333333333333	0.0410256410256	0.0410256410256	0.0410256410256	0.189743589744	0.192307692308	0.0538461538462	0.0410256410256	0.0410256410256	0.0	0.210256410256	0.212820512821	0.164102564103	0.0410256410256	0.194871794872	0.148717948718	0.0410256410256	0.161538461538	0.187179487179	0.0512820512821	0.120512820513	0.169230769231	0.0384615384615	0.0487179487179	0.171794871795	0.179487179487	0.202564102564	0.102564102564	0.151282051282	0.176923076923	0.202564102564	0.120512820513	0.0384615384615	0.141025641026	0.0410256410256	0.197435897436	0.125641025641	0.164102564103	0.146153846154	0.14358974359	0.0897435897436	0.125641025641	0.197435897436	0.189743589744	0.169230769231	0.220512820513	0.148717948718	0.135897435897	0.202564102564	0.182051282051	0.182051282051	0.176923076923	0.207692307692	0.171794871795	0.14358974359	0.135897435897	0.102564102564	0.197435897436	0.202564102564	0.146153846154	0.15641025641	0.0897435897436	0.130769230769	0.205128205128	0.202564102564
764487809-stool1.snv.bam	0.205128205128	0.15641025641	0.205128205128	0.205128205128	0.2	0.174358974359	0.174358974359	0.24358974359	0.223076923077	0.225641025641	0.215384615385	0.220512820513	0.212820512821	0.217948717949	0.192307692308	0.225641025641	0.225641025641	0.210256410256	0.0	0.0	0.205128205128	0.225641025641	0.223076923077	0.189743589744	0.225641025641	0.205128205128	0.215384615385	0.205128205128	0.174358974359	0.205128205128	0.217948717949	0.233333333333	0.176923076923	0.217948717949	0.220512820513	0.161538461538	0.215384615385	0.228205128205	0.217948717949	0.202564102564	0.220512820513	0.174358974359	0.220512820513	0.192307692308	0.161538461538	0.179487179487	0.182051282051	0.171794871795	0.192307692308	0.179487179487	0.233333333333	0.220512820513	0.187179487179	0.205128205128	0.176923076923	0.197435897436	0.210256410256	0.210256410256	0.174358974359	0.184615384615	0.207692307692	0.174358974359	0.15641025641	0.176923076923	0.153846153846	0.2	0.223076923077	0.217948717949	0.189743589744	0.189743589744	0.210256410256	0.184615384615	0.2
764487809-stool2.snv.bam	0.207692307692	0.151282051282	0.207692307692	0.207692307692	0.202564102564	0.171794871795	0.171794871795	0.246153846154	0.225641025641	0.230769230769	0.220512820513	0.225641025641	0.215384615385	0.220512820513	0.194871794872	0.230769230769	0.230769230769	0.212820512821	0.0	0.0	0.207692307692	0.230769230769	0.223076923077	0.187179487179	0.230769230769	0.197435897436	0.215384615385	0.210256410256	0.166666666667	0.207692307692	0.223076923077	0.235897435897	0.174358974359	0.220512820513	0.220512820513	0.158974358974	0.210256410256	0.228205128205	0.220512820513	0.202564102564	0.225641025641	0.174358974359	0.225641025641	0.194871794872	0.158974358974	0.184615384615	0.182051282051	0.164102564103	0.189743589744	0.174358974359	0.230769230769	0.217948717949	0.184615384615	0.207692307692	0.182051282051	0.2	0.212820512821	0.210256410256	0.179487179487	0.184615384615	0.210256410256	0.179487179487	0.153846153846	0.176923076923	0.15641025641	0.2	0.223076923077	0.212820512821	0.192307692308	0.189743589744	0.215384615385	0.184615384615	0.197435897436
765377934-stool3.snv.bam	0.202564102564	0.207692307692	0.184615384615	0.184615384615	0.179487179487	0.215384615385	0.215384615385	0.151282051282	0.166666666667	0.171794871795	0.164102564103	0.166666666667	0.171794871795	0.171794871795	0.14358974359	0.171794871795	0.171794871795	0.164102564103	0.205128205128	0.207692307692	0.0	0.171794871795	0.212820512821	0.184615384615	0.171794871795	0.192307692308	0.158974358974	0.161538461538	0.120512820513	0.212820512821	0.171794871795	0.169230769231	0.176923076923	0.228205128205	0.223076923077	0.189743589744	0.176923076923	0.212820512821	0.215384615385	0.146153846154	0.169230769231	0.171794871795	0.166666666667	0.212820512821	0.161538461538	0.166666666667	0.197435897436	0.161538461538	0.194871794872	0.171794871795	0.202564102564	0.192307692308	0.158974358974	0.24358974359	0.158974358974	0.15641025641	0.212820512821	0.207692307692	0.212820512821	0.205128205128	0.2	0.179487179487	0.197435897436	0.148717948718	0.123076923077	0.212820512821	0.217948717949	0.205128205128	0.179487179487	0.197435897436	0.164102564103	0.212820512821	0.210256410256
765640925-stool2.snv.bam	0.2	0.194871794872	0.0794871794872	0.0794871794872	0.074358974359	0.228205128205	0.228205128205	0.128205128205	0.0333333333333	0.0	0.0	0.0	0.189743589744	0.192307692308	0.0282051282051	0.0	0.0	0.0410256410256	0.225641025641	0.230769230769	0.171794871795	0.0	0.205128205128	0.15641025641	0.0	0.166666666667	0.197435897436	0.0794871794872	0.138461538462	0.184615384615	0.0	0.00769230769231	0.189743589744	0.182051282051	0.217948717949	0.123076923077	0.161538461538	0.192307692308	0.217948717949	0.120512820513	0.0	0.174358974359	0.0	0.202564102564	0.125641025641	0.182051282051	0.166666666667	0.161538461538	0.130769230769	0.141025641026	0.202564102564	0.194871794872	0.169230769231	0.233333333333	0.161538461538	0.161538461538	0.228205128205	0.192307692308	0.194871794872	0.205128205128	0.217948717949	0.182051282051	0.161538461538	0.14358974359	0.123076923077	0.212820512821	0.217948717949	0.148717948718	0.182051282051	0.115384615385	0.133333333333	0.230769230769	0.217948717949
CCIS05314658ST-4-0.snv.bam	0.0769230769231	0.235897435897	0.197435897436	0.197435897436	0.189743589744	0.246153846154	0.246153846154	0.207692307692	0.202564102564	0.205128205128	0.197435897436	0.202564102564	0.197435897436	0.205128205128	0.176923076923	0.205128205128	0.205128205128	0.194871794872	0.223076923077	0.223076923077	0.212820512821	0.205128205128	0.0	0.176923076923	0.205128205128	0.220512820513	0.207692307692	0.205128205128	0.074358974359	0.128205128205	0.202564102564	0.207692307692	0.210256410256	0.153846153846	0.0282051282051	0.194871794872	0.223076923077	0.164102564103	0.0564102564103	0.2	0.202564102564	0.176923076923	0.202564102564	0.225641025641	0.176923076923	0.164102564103	0.179487179487	0.110256410256	0.207692307692	0.166666666667	0.233333333333	0.223076923077	0.202564102564	0.0564102564103	0.158974358974	0.212820512821	0.225641025641	0.197435897436	0.148717948718	0.174358974359	0.2	0.164102564103	0.164102564103	0.146153846154	0.161538461538	0.105128205128	0.120512820513	0.194871794872	0.217948717949	0.217948717949	0.220512820513	0.205128205128	0.184615384615
CCIS22275061ST-4-0.snv.bam	0.158974358974	0.197435897436	0.153846153846	0.153846153846	0.146153846154	0.187179487179	0.187179487179	0.166666666667	0.146153846154	0.15641025641	0.148717948718	0.153846153846	0.174358974359	0.176923076923	0.112820512821	0.15641025641	0.15641025641	0.148717948718	0.189743589744	0.187179487179	0.184615384615	0.15641025641	0.176923076923	0.0	0.15641025641	0.179487179487	0.176923076923	0.164102564103	0.1	0.187179487179	0.151282051282	0.164102564103	0.179487179487	0.148717948718	0.187179487179	0.166666666667	0.153846153846	0.194871794872	0.171794871795	0.151282051282	0.153846153846	0.146153846154	0.153846153846	0.164102564103	0.130769230769	0.169230769231	0.148717948718	0.133333333333	0.179487179487	0.0692307692308	0.197435897436	0.187179487179	0.14358974359	0.2	0.0230769230769	0.151282051282	0.202564102564	0.171794871795	0.148717948718	0.197435897436	0.210256410256	0.161538461538	0.146153846154	0.110256410256	0.0564102564103	0.151282051282	0.194871794872	0.120512820513	0.135897435897	0.164102564103	0.171794871795	0.197435897436	0.189743589744
CCIS59132091ST-4-0.snv.bam	0.2	0.194871794872	0.0794871794872	0.0794871794872	0.074358974359	0.228205128205	0.228205128205	0.128205128205	0.0333333333333	0.0	0.0	0.0	0.189743589744	0.192307692308	0.0282051282051	0.0	0.0	0.0410256410256	0.225641025641	0.230769230769	0.171794871795	0.0	0.205128205128	0.15641025641	0.0	0.166666666667	0.197435897436	0.0794871794872	0.138461538462	0.184615384615	0.0	0.00769230769231	0.189743589744	0.182051282051	0.217948717949	0.123076923077	0.161538461538	0.192307692308	0.217948717949	0.120512820513	0.0	0.174358974359	0.0	0.202564102564	0.125641025641	0.182051282051	0.166666666667	0.161538461538	0.130769230769	0.141025641026	0.202564102564	0.194871794872	0.169230769231	0.233333333333	0.161538461538	0.161538461538	0.228205128205	0.192307692308	0.194871794872	0.205128205128	0.217948717949	0.182051282051	0.161538461538	0.14358974359	0.123076923077	0.212820512821	0.217948717949	0.148717948718	0.182051282051	0.115384615385	0.133333333333	0.230769230769	0.217948717949
CCIS81710917ST-20-0.snv.bam	0.205128205128	0.0820512820513	0.141025641026	0.141025641026	0.133333333333	0.223076923077	0.223076923077	0.194871794872	0.164102564103	0.166666666667	0.158974358974	0.166666666667	0.220512820513	0.225641025641	0.135897435897	0.166666666667	0.166666666667	0.161538461538	0.205128205128	0.197435897436	0.192307692308	0.166666666667	0.220512820513	0.179487179487	0.166666666667	0.0	0.225641025641	0.169230769231	0.151282051282	0.184615384615	0.161538461538	0.164102564103	0.187179487179	0.189743589744	0.235897435897	0.161538461538	0.184615384615	0.225641025641	0.235897435897	0.169230769231	0.164102564103	0.176923076923	0.166666666667	0.207692307692	0.146153846154	0.194871794872	0.182051282051	0.171794871795	0.135897435897	0.123076923077	0.174358974359	0.158974358974	0.171794871795	0.220512820513	0.15641025641	0.176923076923	0.225641025641	0.212820512821	0.189743589744	0.215384615385	0.228205128205	0.182051282051	0.192307692308	0.169230769231	0.115384615385	0.210256410256	0.2	0.141025641026	0.0794871794872	0.161538461538	0.194871794872	0.207692307692	0.182051282051
CCIS81887263ST-4-0.snv.bam	0.207692307692	0.238461538462	0.192307692308	0.192307692308	0.187179487179	0.205128205128	0.205128205128	0.202564102564	0.182051282051	0.197435897436	0.189743589744	0.192307692308	0.105128205128	0.105128205128	0.158974358974	0.197435897436	0.197435897436	0.187179487179	0.215384615385	0.215384615385	0.158974358974	0.197435897436	0.207692307692	0.176923076923	0.197435897436	0.225641025641	0.0	0.192307692308	0.15641025641	0.179487179487	0.194871794872	0.2	0.2	0.197435897436	0.207692307692	0.192307692308	0.153846153846	0.130769230769	0.210256410256	0.169230769231	0.194871794872	0.166666666667	0.192307692308	0.207692307692	0.174358974359	0.179487179487	0.164102564103	0.141025641026	0.205128205128	0.174358974359	0.117948717949	0.112820512821	0.179487179487	0.223076923077	0.166666666667	0.166666666667	0.197435897436	0.176923076923	0.215384615385	0.189743589744	0.192307692308	0.176923076923	0.205128205128	0.146153846154	0.141025641026	0.217948717949	0.212820512821	0.189743589744	0.205128205128	0.161538461538	0.184615384615	0.2	0.225641025641
CCIS83445808ST-4-0.snv.bam	0.192307692308	0.202564102564	0.115384615385	0.115384615385	0.112820512821	0.220512820513	0.220512820513	0.125641025641	0.074358974359	0.0794871794872	0.0794871794872	0.0794871794872	0.184615384615	0.189743589744	0.0897435897436	0.0794871794872	0.0794871794872	0.0512820512821	0.205128205128	0.210256410256	0.161538461538	0.0794871794872	0.205128205128	0.164102564103	0.0794871794872	0.169230769231	0.192307692308	0.0	0.135897435897	0.192307692308	0.0769230769231	0.0871794871795	0.179487179487	0.189743589744	0.210256410256	0.115384615385	0.182051282051	0.179487179487	0.205128205128	0.0871794871795	0.0769230769231	0.171794871795	0.0794871794872	0.205128205128	0.110256410256	0.169230769231	0.158974358974	0.146153846154	0.123076923077	0.14358974359	0.2	0.189743589744	0.138461538462	0.220512820513	0.158974358974	0.135897435897	0.202564102564	0.187179487179	0.2	0.184615384615	0.210256410256	0.179487179487	0.158974358974	0.148717948718	0.115384615385	0.207692307692	0.210256410256	0.164102564103	0.171794871795	0.120512820513	0.102564102564	0.215384615385	0.212820512821
CCMD82866709ST-21-0.snv.bam	0.0641025641026	0.187179487179	0.128205128205	0.128205128205	0.123076923077	0.187179487179	0.187179487179	0.164102564103	0.128205128205	0.138461538462	0.133333333333	0.138461538462	0.146153846154	0.148717948718	0.107692307692	0.138461538462	0.138461538462	0.120512820513	0.174358974359	0.166666666667	0.120512820513	0.138461538462	0.074358974359	0.1	0.138461538462	0.151282051282	0.15641025641	0.135897435897	0.0	0.0948717948718	0.133333333333	0.14358974359	0.141025641026	0.135897435897	0.0641025641026	0.125641025641	0.15641025641	0.14358974359	0.0641025641026	0.141025641026	0.133333333333	0.105128205128	0.138461538462	0.169230769231	0.128205128205	0.130769230769	0.128205128205	0.0615384615385	0.135897435897	0.0871794871795	0.194871794872	0.184615384615	0.141025641026	0.0871794871795	0.0794871794872	0.128205128205	0.171794871795	0.153846153846	0.0923076923077	0.133333333333	0.161538461538	0.128205128205	0.115384615385	0.0871794871795	0.0692307692308	0.0820512820513	0.0897435897436	0.135897435897	0.148717948718	0.135897435897	0.161538461538	0.151282051282	0.148717948718
DOM013.snv.bam	0.174358974359	0.207692307692	0.171794871795	0.171794871795	0.166666666667	0.223076923077	0.223076923077	0.210256410256	0.184615384615	0.184615384615	0.176923076923	0.182051282051	0.197435897436	0.2	0.146153846154	0.184615384615	0.184615384615	0.169230769231	0.205128205128	0.207692307692	0.212820512821	0.184615384615	0.128205128205	0.187179487179	0.184615384615	0.184615384615	0.179487179487	0.192307692308	0.0948717948718	0.0	0.182051282051	0.184615384615	0.164102564103	0.189743589744	0.130769230769	0.169230769231	0.179487179487	0.146153846154	0.133333333333	0.176923076923	0.179487179487	0.148717948718	0.182051282051	0.220512820513	0.148717948718	0.164102564103	0.171794871795	0.0948717948718	0.166666666667	0.153846153846	0.233333333333	0.220512820513	0.197435897436	0.148717948718	0.141025641026	0.2	0.2	0.192307692308	0.148717948718	0.182051282051	0.223076923077	0.158974358974	0.171794871795	0.14358974359	0.115384615385	0.176923076923	0.107692307692	0.176923076923	0.174358974359	0.166666666667	0.205128205128	0.184615384615	0.189743589744
MH0203.snv.bam	0.197435897436	0.189743589744	0.0769230769231	0.0769230769231	0.0717948717949	0.225641025641	0.225641025641	0.125641025641	0.0333333333333	0.0	0.0	0.0	0.187179487179	0.189743589744	0.0282051282051	0.0	0.0	0.0384615384615	0.217948717949	0.223076923077	0.171794871795	0.0	0.202564102564	0.151282051282	0.0	0.161538461538	0.194871794872	0.0769230769231	0.133333333333	0.182051282051	0.0	0.00769230769231	0.184615384615	0.182051282051	0.215384615385	0.117948717949	0.161538461538	0.189743589744	0.215384615385	0.117948717949	0.0	0.174358974359	0.0	0.192307692308	0.120512820513	0.176923076923	0.161538461538	0.158974358974	0.128205128205	0.141025641026	0.194871794872	0.187179487179	0.161538461538	0.230769230769	0.153846153846	0.158974358974	0.225641025641	0.182051282051	0.192307692308	0.202564102564	0.212820512821	0.174358974359	0.158974358974	0.138461538462	0.120512820513	0.202564102564	0.215384615385	0.148717948718	0.176923076923	0.110256410256	0.130769230769	0.228205128205	0.215384615385
MH0253.snv.bam	0.202564102564	0.192307692308	0.0871794871795	0.0871794871795	0.0820512820513	0.235897435897	0.235897435897	0.130769230769	0.0410256410256	0.00769230769231	0.00769230769231	0.00769230769231	0.197435897436	0.2	0.0358974358974	0.00769230769231	0.00769230769231	0.0487179487179	0.233333333333	0.235897435897	0.169230769231	0.00769230769231	0.207692307692	0.164102564103	0.00769230769231	0.164102564103	0.2	0.0871794871795	0.14358974359	0.184615384615	0.00769230769231	0.0	0.197435897436	0.184615384615	0.220512820513	0.130769230769	0.164102564103	0.194871794872	0.220512820513	0.123076923077	0.00769230769231	0.182051282051	0.00769230769231	0.210256410256	0.130769230769	0.189743589744	0.174358974359	0.164102564103	0.138461538462	0.148717948718	0.205128205128	0.197435897436	0.171794871795	0.235897435897	0.166666666667	0.169230769231	0.235897435897	0.2	0.197435897436	0.212820512821	0.225641025641	0.189743589744	0.169230769231	0.151282051282	0.125641025641	0.215384615385	0.220512820513	0.15641025641	0.179487179487	0.123076923077	0.141025641026	0.238461538462	0.210256410256
MH0260.snv.bam	0.197435897436	0.174358974359	0.174358974359	0.174358974359	0.169230769231	0.115384615385	0.115384615385	0.202564102564	0.182051282051	0.189743589744	0.184615384615	0.187179487179	0.210256410256	0.207692307692	0.148717948718	0.189743589744	0.189743589744	0.171794871795	0.176923076923	0.174358974359	0.176923076923	0.189743589744	0.210256410256	0.179487179487	0.189743589744	0.187179487179	0.2	0.179487179487	0.141025641026	0.164102564103	0.184615384615	0.197435897436	0.0	0.205128205128	0.207692307692	0.179487179487	0.187179487179	0.202564102564	0.189743589744	0.179487179487	0.184615384615	0.105128205128	0.187179487179	0.210256410256	0.125641025641	0.1	0.120512820513	0.105128205128	0.182051282051	0.15641025641	0.182051282051	0.174358974359	0.169230769231	0.217948717949	0.135897435897	0.166666666667	0.166666666667	0.133333333333	0.192307692308	0.158974358974	0.151282051282	0.133333333333	0.102564102564	0.1	0.102564102564	0.197435897436	0.130769230769	0.153846153846	0.189743589744	0.187179487179	0.202564102564	0.130769230769	0.15641025641
MH0268.snv.bam	0.151282051282	0.215384615385	0.182051282051	0.182051282051	0.174358974359	0.217948717949	0.217948717949	0.2	0.179487179487	0.182051282051	0.179487179487	0.182051282051	0.205128205128	0.210256410256	0.153846153846	0.182051282051	0.182051282051	0.179487179487	0.217948717949	0.220512820513	0.228205128205	0.182051282051	0.153846153846	0.148717948718	0.182051282051	0.189743589744	0.197435897436	0.189743589744	0.135897435897	0.189743589744	0.182051282051	0.184615384615	0.205128205128	0.0	0.161538461538	0.179487179487	0.176923076923	0.207692307692	0.158974358974	0.166666666667	0.179487179487	0.187179487179	0.182051282051	0.192307692308	0.151282051282	0.194871794872	0.128205128205	0.141025641026	0.2	0.14358974359	0.228205128205	0.217948717949	0.192307692308	0.174358974359	0.123076923077	0.189743589744	0.220512820513	0.194871794872	0.15641025641	0.225641025641	0.223076923077	0.184615384615	0.171794871795	0.146153846154	0.128205128205	0.153846153846	0.161538461538	0.125641025641	0.187179487179	0.202564102564	0.202564102564	0.215384615385	0.207692307692
MH0280.snv.bam	0.0641025641026	0.251282051282	0.207692307692	0.207692307692	0.202564102564	0.25641025641	0.25641025641	0.228205128205	0.220512820513	0.217948717949	0.210256410256	0.215384615385	0.202564102564	0.210256410256	0.189743589744	0.217948717949	0.217948717949	0.202564102564	0.220512820513	0.220512820513	0.223076923077	0.217948717949	0.0282051282051	0.187179487179	0.217948717949	0.235897435897	0.207692307692	0.210256410256	0.0641025641026	0.130769230769	0.215384615385	0.220512820513	0.207692307692	0.161538461538	0.0	0.202564102564	0.235897435897	0.184615384615	0.0435897435897	0.215384615385	0.212820512821	0.176923076923	0.215384615385	0.233333333333	0.2	0.169230769231	0.176923076923	0.0923076923077	0.215384615385	0.171794871795	0.233333333333	0.223076923077	0.223076923077	0.0435897435897	0.151282051282	0.212820512821	0.235897435897	0.207692307692	0.146153846154	0.176923076923	0.217948717949	0.169230769231	0.161538461538	0.15641025641	0.164102564103	0.0923076923077	0.107692307692	0.197435897436	0.223076923077	0.223076923077	0.241025641026	0.210256410256	0.182051282051
MH0309.snv.bam	0.197435897436	0.192307692308	0.0717948717949	0.0717948717949	0.0717948717949	0.197435897436	0.197435897436	0.169230769231	0.117948717949	0.123076923077	0.117948717949	0.120512820513	0.179487179487	0.184615384615	0.105128205128	0.123076923077	0.123076923077	0.102564102564	0.161538461538	0.158974358974	0.189743589744	0.123076923077	0.194871794872	0.166666666667	0.123076923077	0.161538461538	0.192307692308	0.115384615385	0.125641025641	0.169230769231	0.117948717949	0.130769230769	0.179487179487	0.179487179487	0.202564102564	0.0	0.184615384615	0.2	0.212820512821	0.14358974359	0.120512820513	0.151282051282	0.120512820513	0.187179487179	0.153846153846	0.148717948718	0.164102564103	0.158974358974	0.0666666666667	0.133333333333	0.207692307692	0.197435897436	0.164102564103	0.217948717949	0.164102564103	0.14358974359	0.189743589744	0.192307692308	0.179487179487	0.164102564103	0.189743589744	0.164102564103	0.166666666667	0.14358974359	0.123076923077	0.187179487179	0.207692307692	0.164102564103	0.166666666667	0.0666666666667	0.171794871795	0.192307692308	0.210256410256
