	765701615-stool1.snv.bam	CCIS19142497ST-3-0.snv.bam	CCIS74726977ST-3-0.snv.bam	CCIS77252613ST-4-0.snv.bam	CCIS87116798ST-4-0.snv.bam	CCMD34381688ST-21-0.snv.bam	MH0288.snv.bam	MH0357.snv.bam	MH0374.snv.bam	MH0389.snv.bam	MH0394.snv.bam	MH0400.snv.bam	MH0427.snv.bam	NG-5636_468.snv.bam	O2.CD2-0.snv.bam	O2.UC12-1.snv.bam	O2.UC16-1.snv.bam	O2.UC43-1.snv.bam	T2D-163A.snv.bam	T2D-2A.snv.bam	V1.UC53-0.snv.bam	V1.UC53-4.snv.bam
765701615-stool1.snv.bam	0.0	0.180327868852	0.218579234973	0.16393442623	0.16393442623	0.234972677596	0.229508196721	0.136612021858	0.0928961748634	0.16393442623	0.229508196721	0.136612021858	0.196721311475	0.114754098361	0.131147540984	0.0710382513661	0.16393442623	0.169398907104	0.131147540984	0.180327868852	0.174863387978	0.169398907104
CCIS19142497ST-3-0.snv.bam	0.180327868852	0.0	0.120218579235	0.16393442623	0.103825136612	0.191256830601	0.185792349727	0.16393442623	0.131147540984	0.174863387978	0.207650273224	0.153005464481	0.142076502732	0.142076502732	0.131147540984	0.147540983607	0.169398907104	0.153005464481	0.20218579235	0.224043715847	0.153005464481	0.153005464481
CCIS74726977ST-3-0.snv.bam	0.218579234973	0.120218579235	0.0	0.207650273224	0.0928961748634	0.224043715847	0.229508196721	0.207650273224	0.180327868852	0.245901639344	0.24043715847	0.158469945355	0.229508196721	0.180327868852	0.174863387978	0.196721311475	0.169398907104	0.174863387978	0.251366120219	0.262295081967	0.174863387978	0.174863387978
CCIS77252613ST-4-0.snv.bam	0.16393442623	0.16393442623	0.207650273224	0.0	0.147540983607	0.251366120219	0.229508196721	0.136612021858	0.136612021858	0.131147540984	0.234972677596	0.0983606557377	0.218579234973	0.0928961748634	0.136612021858	0.125683060109	0.224043715847	0.120218579235	0.147540983607	0.218579234973	0.120218579235	0.120218579235
CCIS87116798ST-4-0.snv.bam	0.16393442623	0.103825136612	0.0928961748634	0.147540983607	0.0	0.207650273224	0.207650273224	0.169398907104	0.147540983607	0.196721311475	0.207650273224	0.114754098361	0.196721311475	0.131147540984	0.153005464481	0.142076502732	0.131147540984	0.147540983607	0.207650273224	0.229508196721	0.153005464481	0.147540983607
CCMD34381688ST-21-0.snv.bam	0.234972677596	0.191256830601	0.224043715847	0.251366120219	0.207650273224	0.0	0.0273224043716	0.245901639344	0.218579234973	0.229508196721	0.0601092896175	0.20218579235	0.0765027322404	0.185792349727	0.196721311475	0.234972677596	0.24043715847	0.229508196721	0.262295081967	0.284153005464	0.234972677596	0.229508196721
MH0288.snv.bam	0.229508196721	0.185792349727	0.229508196721	0.229508196721	0.207650273224	0.0273224043716	0.0	0.251366120219	0.196721311475	0.229508196721	0.0382513661202	0.180327868852	0.0601092896175	0.174863387978	0.180327868852	0.224043715847	0.24043715847	0.218579234973	0.229508196721	0.262295081967	0.224043715847	0.224043715847
MH0357.snv.bam	0.136612021858	0.16393442623	0.207650273224	0.136612021858	0.169398907104	0.245901639344	0.251366120219	0.0	0.16393442623	0.169398907104	0.251366120219	0.142076502732	0.24043715847	0.120218579235	0.131147540984	0.0710382513661	0.20218579235	0.136612021858	0.174863387978	0.20218579235	0.142076502732	0.136612021858
MH0374.snv.bam	0.0928961748634	0.131147540984	0.180327868852	0.136612021858	0.147540983607	0.218579234973	0.196721311475	0.16393442623	0.0	0.191256830601	0.213114754098	0.125683060109	0.169398907104	0.131147540984	0.120218579235	0.0874316939891	0.147540983607	0.16393442623	0.158469945355	0.213114754098	0.169398907104	0.16393442623
MH0389.snv.bam	0.16393442623	0.174863387978	0.245901639344	0.131147540984	0.196721311475	0.229508196721	0.229508196721	0.169398907104	0.191256830601	0.0	0.245901639344	0.153005464481	0.24043715847	0.103825136612	0.153005464481	0.136612021858	0.224043715847	0.153005464481	0.196721311475	0.224043715847	0.147540983607	0.153005464481
MH0394.snv.bam	0.229508196721	0.207650273224	0.24043715847	0.234972677596	0.207650273224	0.0601092896175	0.0382513661202	0.251366120219	0.213114754098	0.245901639344	0.0	0.20218579235	0.0928961748634	0.180327868852	0.196721311475	0.24043715847	0.256830601093	0.245901639344	0.24043715847	0.267759562842	0.251366120219	0.245901639344
MH0400.snv.bam	0.136612021858	0.153005464481	0.158469945355	0.0983606557377	0.114754098361	0.20218579235	0.180327868852	0.142076502732	0.125683060109	0.153005464481	0.20218579235	0.0	0.185792349727	0.0928961748634	0.0928961748634	0.103825136612	0.158469945355	0.0983606557377	0.16393442623	0.196721311475	0.103825136612	0.103825136612
MH0427.snv.bam	0.196721311475	0.142076502732	0.229508196721	0.218579234973	0.196721311475	0.0765027322404	0.0601092896175	0.24043715847	0.169398907104	0.24043715847	0.0928961748634	0.185792349727	0.0	0.191256830601	0.185792349727	0.213114754098	0.24043715847	0.229508196721	0.245901639344	0.262295081967	0.24043715847	0.229508196721
NG-5636_468.snv.bam	0.114754098361	0.142076502732	0.180327868852	0.0928961748634	0.131147540984	0.185792349727	0.174863387978	0.120218579235	0.131147540984	0.103825136612	0.180327868852	0.0928961748634	0.191256830601	0.0	0.0765027322404	0.0983606557377	0.174863387978	0.0601092896175	0.103825136612	0.174863387978	0.0655737704918	0.0655737704918
O2.CD2-0.snv.bam	0.131147540984	0.131147540984	0.174863387978	0.136612021858	0.153005464481	0.196721311475	0.180327868852	0.131147540984	0.120218579235	0.153005464481	0.196721311475	0.0928961748634	0.185792349727	0.0765027322404	0.0	0.114754098361	0.16393442623	0.0874316939891	0.142076502732	0.196721311475	0.0928961748634	0.0874316939891
O2.UC12-1.snv.bam	0.0710382513661	0.147540983607	0.196721311475	0.125683060109	0.142076502732	0.234972677596	0.224043715847	0.0710382513661	0.0874316939891	0.136612021858	0.24043715847	0.103825136612	0.213114754098	0.0983606557377	0.114754098361	0.0	0.147540983607	0.109289617486	0.120218579235	0.196721311475	0.114754098361	0.109289617486
O2.UC16-1.snv.bam	0.16393442623	0.169398907104	0.169398907104	0.224043715847	0.131147540984	0.24043715847	0.24043715847	0.20218579235	0.147540983607	0.224043715847	0.256830601093	0.158469945355	0.24043715847	0.174863387978	0.16393442623	0.147540983607	0.0	0.185792349727	0.218579234973	0.218579234973	0.191256830601	0.185792349727
O2.UC43-1.snv.bam	0.169398907104	0.153005464481	0.174863387978	0.120218579235	0.147540983607	0.229508196721	0.218579234973	0.136612021858	0.16393442623	0.153005464481	0.245901639344	0.0983606557377	0.229508196721	0.0601092896175	0.0874316939891	0.109289617486	0.185792349727	0.0	0.158469945355	0.24043715847	0.0	0.0
T2D-163A.snv.bam	0.131147540984	0.20218579235	0.251366120219	0.147540983607	0.207650273224	0.262295081967	0.229508196721	0.174863387978	0.158469945355	0.196721311475	0.24043715847	0.16393442623	0.245901639344	0.103825136612	0.142076502732	0.120218579235	0.218579234973	0.158469945355	0.0	0.213114754098	0.158469945355	0.158469945355
T2D-2A.snv.bam	0.180327868852	0.224043715847	0.262295081967	0.218579234973	0.229508196721	0.284153005464	0.262295081967	0.20218579235	0.213114754098	0.224043715847	0.267759562842	0.196721311475	0.262295081967	0.174863387978	0.196721311475	0.196721311475	0.218579234973	0.24043715847	0.213114754098	0.0	0.245901639344	0.245901639344
V1.UC53-0.snv.bam	0.174863387978	0.153005464481	0.174863387978	0.120218579235	0.153005464481	0.234972677596	0.224043715847	0.142076502732	0.169398907104	0.147540983607	0.251366120219	0.103825136612	0.24043715847	0.0655737704918	0.0928961748634	0.114754098361	0.191256830601	0.0	0.158469945355	0.245901639344	0.0	0.0
V1.UC53-4.snv.bam	0.169398907104	0.153005464481	0.174863387978	0.120218579235	0.147540983607	0.229508196721	0.224043715847	0.136612021858	0.16393442623	0.153005464481	0.245901639344	0.103825136612	0.229508196721	0.0655737704918	0.0874316939891	0.109289617486	0.185792349727	0.0	0.158469945355	0.245901639344	0.0	0.0
