	159288231-stool1.snv.bam	763435843-stool2.snv.bam	763496533-stool1.snv.bam	763536994-stool2.snv.bam	764083206-stool1.snv.bam	764224817-stool1.snv.bam	764224817-stool2.snv.bam	765519544-stool3.snv.bam	861967750-stool1.snv.bam	BYQ_AAAA.snv.bam	BYQ_AAAL.snv.bam	BYQ_AAAU.snv.bam	CCIS05314658ST-4-0.snv.bam	CCIS11019776ST-4-0.snv.bam	CCIS16383318ST-4-0.snv.bam	CCIS32105356ST-4-0.snv.bam	CCIS33816588ST-4-0.snv.bam	CCIS44743950ST-4-0.snv.bam	CCIS48725289ST-4-0.snv.bam	CCIS77252613ST-4-0.snv.bam	CCIS81710917ST-20-0.snv.bam	CCIS87252800ST-4-0.snv.bam	CCIS90166425ST-4-0.snv.bam	CCIS90903952ST-3-0.snv.bam	CCMD23101338ST-21-0.snv.bam	CCMD34381688ST-21-0.snv.bam	CCMD48236717ST-21-0.snv.bam	M4.4-V1.metaG.snv.bam	M4.4-V1.metaT.snv.bam	MH0191.snv.bam	MH0204.snv.bam	MH0205.snv.bam	MH0220.snv.bam	MH0222.snv.bam	MH0224.snv.bam	MH0243.snv.bam	MH0245.snv.bam	MH0250.snv.bam	MH0259.snv.bam	MH0260.snv.bam	MH0264.snv.bam	MH0265.snv.bam	MH0270.snv.bam	MH0274.snv.bam	MH0284.snv.bam	MH0288.snv.bam	MH0301.snv.bam	MH0307.snv.bam	MH0315.snv.bam	MH0316.snv.bam	MH0319.snv.bam	MH0325.snv.bam	MH0326.snv.bam	MH0327.snv.bam	MH0330.snv.bam	MH0346.snv.bam	MH0347.snv.bam	MH0354.snv.bam	MH0356.snv.bam	MH0371.snv.bam	MH0372.snv.bam	MH0377.snv.bam	MH0399.snv.bam	MH0400.snv.bam	MH0401.snv.bam	MH0407.snv.bam	MH0411.snv.bam	MH0412.snv.bam	MH0427.snv.bam	MH0428.snv.bam	MH0432.snv.bam	MH0435.snv.bam	MH0443.snv.bam	MH0452.snv.bam	MMRS12272136ST-27-0-0.snv.bam	MMRS15137911ST-27-0-0.snv.bam	MMRS34525504ST-27-0-0.snv.bam	MMRS36405092ST-27-0-0.snv.bam	MMRS44587603ST-27-0-0.snv.bam	MMRS47662059ST-27-0-0.snv.bam	MMRS56137463ST-27-0-0.snv.bam	MMRS57276462ST-27-0-0.snv.bam	MMRS62376181ST-27-0-0.snv.bam	MMRS65742083ST-27-0-0.snv.bam	MMRS77018926ST-27-0-0.snv.bam	MMRS77487595ST-27-0-0.snv.bam	MMRS84159866ST-27-0-0.snv.bam	MMRS85382779ST-27-0-0.snv.bam	MMRS86168210ST-27-0-0.snv.bam	MMRS95479054ST-27-0-0.snv.bam	MMRS97327636ST-27-0-0.snv.bam	NG-5636_456.snv.bam	NG-5636_468.snv.bam	O2.UC12-1.snv.bam	O2.UC16-1.snv.bam	O2.UC18-1.snv.bam	O2.UC43-1.snv.bam	V1.CD34-0.snv.bam	V1.FI06.snv.bam	V1.FI29.snv.bam	V1.UC53-0.snv.bam	V1.UC53-4.snv.bam
159288231-stool1.snv.bam	0.0	0.112045550187	0.109439622514	0.108244190159	0.123910064091	0.122896888261	0.120818058953	0.108835315757	0.128388121473	0.137173890668	0.137211448159	0.136680370061	0.103018548287	0.125139827071	0.117950088959	0.121761984073	0.139791571546	0.124375510102	0.127617683478	0.119260658351	0.128058703265	0.101796179358	0.120152182306	0.108730681677	0.117667494175	0.155189214703	0.143823411151	0.157671473878	0.163841838963	0.139114892417	0.116463003553	0.126189069033	0.131932350409	0.116240913356	0.127520771486	0.149262566858	0.145018289696	0.129787588844	0.127276749862	0.129194111482	0.120897381493	0.126240518324	0.129854104484	0.149202224606	0.114249550615	0.130029890619	0.128616606556	0.1501815897	0.117323113386	0.140370702101	0.187082954246	0.124013512965	0.14645828298	0.129706107376	0.112125521354	0.119159149792	0.126884581052	0.112759889279	0.113261971467	0.124500792187	0.125996640012	0.128824947124	0.13157101153	0.0967950144284	0.111654948591	0.127002993288	0.12389374418	0.14636948091	0.101012213008	0.145004562103	0.144937972909	0.134853077184	0.141643894476	0.15371311299	0.113257208256	0.0862415543281	0.118715241881	0.135392398786	0.114187638108	0.0666654505209	0.118196130952	0.143548965793	0.127496019404	0.109203349921	0.115928883415	0.118182163567	0.119501877792	0.101063444692	0.110188621018	0.105088354195	0.114746106773	0.137971805095	0.135000144714	0.115492659051	0.146266565023	0.123534482167	0.131505116463	0.12030164137	0.12372751497	0.128428975672	0.131499689711	0.131409621622
763435843-stool2.snv.bam	0.112045550187	0.0	0.10732798832	0.124197501759	0.13187014096	0.122898277733	0.119086631502	0.124619842986	0.138166736332	0.135290765081	0.135220407971	0.13467112794	0.126587938424	0.117935474711	0.108244572486	0.1294551046	0.139252930778	0.126745462883	0.121246642567	0.109479141881	0.133409901542	0.123382668711	0.12540326909	0.111281796584	0.11635257405	0.16359826045	0.140708550019	0.152654119144	0.154618317464	0.133515449472	0.127647918111	0.132908062175	0.126702980807	0.136211840376	0.134408569093	0.154739442209	0.139241434642	0.125210136088	0.118432749613	0.118477309781	0.11168853895	0.121393950788	0.121209454988	0.158606787667	0.120103490781	0.123512597365	0.135023088877	0.154509398469	0.121931851592	0.15026811687	0.164318717508	0.112626713845	0.140262402805	0.134079449743	0.110838308397	0.131097474297	0.146777548331	0.129666771398	0.133082923231	0.115669764265	0.140807994102	0.124220095092	0.13080027369	0.112397801911	0.143240879151	0.142606792742	0.13344697442	0.150616539463	0.116765188559	0.135820016085	0.133192278747	0.144598534077	0.143023165329	0.144956022441	0.112705805741	0.107832461076	0.108260833675	0.136907468103	0.140781078516	0.11144546516	0.127759703234	0.140600182163	0.123675667933	0.125136740717	0.119690776658	0.126599359326	0.11983066154	0.116915995874	0.121448568606	0.114152129689	0.140253008546	0.146241586455	0.114555307539	0.1238251385	0.12934420236	0.131516951509	0.126230106566	0.125479225896	0.138186670371	0.112054291677	0.126125433513	0.126068721709
763496533-stool1.snv.bam	0.109439622514	0.10732798832	0.0	0.082110274784	0.143116173262	0.132371492254	0.130144616237	0.123844767259	0.156589465937	0.140454384225	0.140476997356	0.140057330129	0.122505395754	0.132822389213	0.112727232442	0.143135833925	0.158511004135	0.13667429708	0.128749260333	0.108039145995	0.149438066082	0.10360145707	0.135155619821	0.134858672038	0.119502070068	0.168486625345	0.152540796364	0.140244157465	0.142683066387	0.147880512282	0.138937168778	0.143088233024	0.137992586679	0.136975545171	0.143975921842	0.165217500237	0.157860742458	0.136261765879	0.114539464617	0.124809141258	0.134352464311	0.128214390974	0.143169350155	0.162869859375	0.132792485477	0.13930771209	0.13798327529	0.142971860542	0.123198896971	0.170151475437	0.16918845113	0.111762486979	0.145480873034	0.151849119403	0.122574794857	0.143762970609	0.147819206181	0.139594742773	0.142455175484	0.146787909893	0.13942307582	0.130353094593	0.135903968101	0.124927262027	0.139394838397	0.154529274769	0.134347634261	0.156250172273	0.100828664808	0.157576127399	0.155084164813	0.154014520338	0.140947035975	0.164609820843	0.129363470403	0.0970137993517	0.126191708131	0.139631146736	0.126687482489	0.117870081389	0.137956978287	0.154448155661	0.136058187651	0.138856114509	0.122484783502	0.132238242293	0.138661222412	0.147053136472	0.126596484923	0.116057424981	0.150031682568	0.14995917169	0.117197881119	0.133771264227	0.13720673711	0.147778185359	0.141843394923	0.140179905458	0.129835436455	0.139220426557	0.14211845503	0.141575209907
763536994-stool2.snv.bam	0.108244190159	0.124197501759	0.082110274784	0.0	0.12575092892	0.136869153478	0.135197280197	0.118102642527	0.138877922538	0.148040947146	0.148103929908	0.147343196757	0.104917637888	0.126010316693	0.112434879658	0.14038671002	0.138942810354	0.135445387911	0.140584889559	0.115463967564	0.13223282647	0.0939269885156	0.122251061674	0.124615388508	0.117181615622	0.15748075157	0.153718612185	0.144852243151	0.151042109797	0.143452119906	0.128048922491	0.134403462626	0.137020009289	0.140305931254	0.135156182349	0.147887330855	0.144973452639	0.140425241444	0.129763533809	0.132675862748	0.131347113719	0.127271832856	0.118262699156	0.15783988395	0.113778535995	0.129050970656	0.124853365236	0.141280396035	0.107952767536	0.157778946127	0.169824853523	0.138977307589	0.143555513323	0.144727663452	0.118921168035	0.123970005254	0.143122574447	0.121071243273	0.137556745443	0.141822061046	0.148208156901	0.117193127467	0.12954714674	0.129032051751	0.127464750296	0.142319467546	0.13951768118	0.151194432107	0.116412697393	0.143697582315	0.140158346097	0.142125871935	0.131219175382	0.148522404034	0.127249329721	0.117658244959	0.131946530879	0.133055686012	0.120031707662	0.115064525232	0.121061240107	0.143547775543	0.130392552419	0.142251224545	0.105983222403	0.120312297066	0.12613762452	0.137279402657	0.109547669132	0.100010869698	0.137642709083	0.146629150101	0.127177933638	0.121030322735	0.126111212526	0.124364370242	0.132553696799	0.139638599978	0.112267700006	0.129496766098	0.13255097002	0.132418784778
764083206-stool1.snv.bam	0.123910064091	0.13187014096	0.143116173262	0.12575092892	0.0	0.129468025677	0.128106231716	0.1156739897	0.127178355684	0.142893478902	0.142927638603	0.142334283226	0.106610416444	0.088493559136	0.114680689566	0.119462520646	0.124865110597	0.142088471855	0.130457412475	0.120419126944	0.126971984334	0.1249741184	0.12249690012	0.125752768242	0.112932011605	0.148059121535	0.118322245092	0.128721904399	0.136687277846	0.12858791582	0.107706161883	0.120772578227	0.13749410693	0.134911753611	0.127695188718	0.134141677937	0.118840629014	0.124233667766	0.130663253527	0.111514988291	0.125481636375	0.111907433893	0.125440329756	0.140700341837	0.11249731293	0.1242880832	0.11975062107	0.144518728522	0.114939067476	0.139452980358	0.173192046495	0.141055288811	0.137664694714	0.131802268759	0.131169496983	0.134285754031	0.123536311084	0.0604738885958	0.119105457508	0.117707161254	0.139524888971	0.123477804919	0.134819866124	0.113191052463	0.0799355469054	0.135372602279	0.130562580104	0.141853333985	0.111364851272	0.120123599362	0.147262893202	0.125882336209	0.138386323489	0.132714815239	0.122246479398	0.0932133523211	0.11553005074	0.128644026531	0.146225305518	0.133899715039	0.0995342619534	0.127144852186	0.125613144286	0.132294423264	0.115135249547	0.0764958161232	0.13086519346	0.135252985523	0.114794744515	0.119687554196	0.125373240236	0.130548323444	0.127511659804	0.053635519258	0.127526118671	0.105147392584	0.126131910524	0.11690789971	0.127229103255	0.123243086279	0.126075115744	0.126143223786
764224817-stool1.snv.bam	0.122896888261	0.122898277733	0.132371492254	0.136869153478	0.129468025677	0.0	0.00250748004224	0.126943769203	0.151225429291	0.167105351886	0.166997472557	0.166770918952	0.120820075751	0.140718231216	0.133333445551	0.162220202821	0.152455003562	0.145896842425	0.147309597608	0.118363397131	0.141757510381	0.13309164499	0.152232772508	0.141392573155	0.138563660935	0.170069925829	0.170498904073	0.154736860276	0.165288627282	0.159396314545	0.143410064554	0.151092648611	0.156804122593	0.162914158824	0.150353556863	0.171351334475	0.1602520353	0.16720035393	0.146960609431	0.145594036218	0.161614949331	0.152636000827	0.142603525027	0.168917919962	0.126842293051	0.146653082585	0.149640038252	0.164152880791	0.144033209188	0.167506849985	0.191696886577	0.162751837561	0.129483490106	0.152255332271	0.148188484639	0.151636258687	0.170788805184	0.147696669328	0.155271997093	0.135611029279	0.165915453938	0.147069028369	0.151981829105	0.142123846774	0.149944003199	0.157399548959	0.131164456975	0.173625262195	0.132224975493	0.168055356435	0.175209452881	0.153296929289	0.159999373772	0.181762637006	0.133255399469	0.110348499972	0.130920992793	0.154371415891	0.15536363491	0.141426112105	0.139916951317	0.164896496349	0.145379694077	0.147744109277	0.125093912118	0.149317824052	0.160153416491	0.150836042602	0.128120916174	0.126221269407	0.156609299226	0.173612075044	0.152046584865	0.13938893112	0.16997793122	0.137325047524	0.132571014113	0.143993931823	0.150163289263	0.134951773681	0.132541333826	0.133654669476
764224817-stool2.snv.bam	0.120818058953	0.119086631502	0.130144616237	0.135197280197	0.128106231716	0.00250748004224	0.0	0.124283411074	0.149051141238	0.164616245605	0.164587420964	0.164096835323	0.118950812336	0.139347263951	0.131753864917	0.16054938775	0.15015051441	0.14191795657	0.145710789513	0.115009654207	0.139138575086	0.131034013015	0.149260156709	0.133374021948	0.135645342374	0.166492075327	0.168337214859	0.153191691055	0.164916945696	0.155584464437	0.139086668813	0.146169050452	0.152754781361	0.160100499905	0.14621374998	0.16950249337	0.155771950065	0.164697068794	0.146165527628	0.139061547433	0.157403563365	0.150653381577	0.140897271653	0.167129983043	0.124651633511	0.144982722388	0.146168886225	0.161656421381	0.140780637455	0.165332579834	0.190648110934	0.161635069889	0.126724068374	0.147827144452	0.145041690085	0.149952727687	0.166838372222	0.144978352434	0.151605015666	0.132059870316	0.163820931676	0.144591331895	0.147907814931	0.141040521459	0.147107380342	0.153775220965	0.131267285492	0.170957518617	0.13166904361	0.166673547	0.172631896543	0.149106056608	0.158549764822	0.178237163623	0.131374161824	0.107227020558	0.12825307097	0.153830503653	0.152626559087	0.138161222269	0.136791772661	0.163883318701	0.141364942648	0.144229507284	0.123403596629	0.147130095751	0.158480625528	0.15017709353	0.127495079133	0.123651124953	0.153854019782	0.170268996389	0.151749236867	0.135308811799	0.166267488517	0.134327316745	0.130029194368	0.141160702719	0.147551157791	0.132356292869	0.129785661427	0.130730003451
765519544-stool3.snv.bam	0.108835315757	0.124619842986	0.123844767259	0.118102642527	0.1156739897	0.126943769203	0.124283411074	0.0	0.135825050178	0.127038971383	0.127099359181	0.126373530983	0.104393380766	0.109869736611	0.109158851114	0.140371118456	0.132734269205	0.100033442894	0.142976335833	0.122161714715	0.129850146318	0.122976237382	0.107324217505	0.123572182037	0.116970534782	0.175846307686	0.133918396418	0.151349989052	0.157485642536	0.130313214924	0.115415301409	0.108878675418	0.126063735166	0.12210777688	0.118539124453	0.132462584297	0.129952519522	0.13624425285	0.130073298892	0.134537328786	0.126939600828	0.120592053277	0.129461802625	0.143968841	0.10268549022	0.131267164579	0.122600720834	0.13955770087	0.124613094401	0.140518718575	0.16690158365	0.148653455249	0.119390351892	0.120288998776	0.126963296155	0.100595148726	0.126999307607	0.117325224684	0.126692615177	0.120475895605	0.147272054294	0.110627298187	0.121791318364	0.116817794982	0.118747787861	0.142082881374	0.116744646523	0.156117424243	0.114611137758	0.141592257847	0.137146970155	0.147112837227	0.14058330744	0.159592259791	0.104623907615	0.108137660991	0.122817480607	0.13642100427	0.103870668406	0.127366012655	0.127988585535	0.136793574703	0.120283523061	0.118591153296	0.106543479488	0.112025037712	0.131688606986	0.142776926876	0.113883987039	0.104103119743	0.131662681835	0.135375860517	0.131463340182	0.115801824913	0.135197003871	0.126942112501	0.106879226085	0.120015189625	0.136670773867	0.130470424716	0.10671076991	0.106568457905
861967750-stool1.snv.bam	0.128388121473	0.138166736332	0.156589465937	0.138877922538	0.127178355684	0.151225429291	0.149051141238	0.135825050178	0.0	0.153728956292	0.153709606105	0.153333202075	0.144886934288	0.136353341418	0.123852835445	0.129543557507	0.157964146857	0.148185343583	0.145774452431	0.117520307797	0.145202322692	0.142598893568	0.137649425709	0.116266140972	0.133864777697	0.159215211965	0.154921725297	0.1501156326	0.157304133408	0.15482660792	0.141143199294	0.137776567597	0.154225863304	0.159857821117	0.137281021512	0.156931495698	0.156256070983	0.143377595019	0.153114250494	0.14047568785	0.138191559663	0.148056464138	0.111025231748	0.150085529569	0.150844311539	0.124790752738	0.140465338606	0.162961059783	0.139519186702	0.145644167904	0.182039698494	0.155595004515	0.147842962574	0.139089181804	0.148261835583	0.1415519269	0.158228204664	0.13823654433	0.130166229145	0.146082844577	0.136874314111	0.130523615458	0.139415020437	0.135566877815	0.146683090793	0.140196311517	0.148470876085	0.164778212601	0.126538803632	0.154923332992	0.144646754589	0.137993086286	0.151613981613	0.161993864414	0.12987517218	0.128005001854	0.13211610154	0.138815089121	0.148627382672	0.137697198486	0.127798715936	0.150376569544	0.142053410055	0.148041408231	0.149130184279	0.13834092133	0.14027749679	0.14280404492	0.141201167207	0.133241156529	0.141773765034	0.155799481419	0.15299046025	0.130898795803	0.157618950567	0.121903590043	0.157369895019	0.129910571057	0.140179248288	0.123000825823	0.157552100769	0.15744546328
BYQ_AAAA.snv.bam	0.137173890668	0.135290765081	0.140454384225	0.148040947146	0.142893478902	0.167105351886	0.164616245605	0.127038971383	0.153728956292	0.0	0.000500478731001	0.000701300182451	0.152678092129	0.133174580107	0.118269924504	0.143461786619	0.157651337402	0.127077002895	0.150638598315	0.119561042648	0.149736081647	0.139108174523	0.142751641256	0.130944542625	0.145523661144	0.170948228579	0.159621421892	0.156925132272	0.164236846548	0.145099079089	0.137354634426	0.131853302794	0.139553634535	0.132846458191	0.132613531441	0.149591427303	0.147300585186	0.136919759265	0.142025395756	0.143550485812	0.123426060063	0.146643555481	0.157481414096	0.152956563875	0.152900118603	0.129318804148	0.12541235159	0.147523569505	0.143126810834	0.152796944179	0.164479738398	0.143333382102	0.154407522685	0.151762125364	0.14773736483	0.137964694052	0.127181483905	0.142838654425	0.13369309939	0.136720469513	0.131767565123	0.130079383612	0.147648529797	0.136363303863	0.153755270481	0.146681661896	0.139474250337	0.16484971372	0.127655731433	0.14972865151	0.158452647042	0.164928647731	0.158301345629	0.178045096672	0.137762419952	0.131205880901	0.143353426445	0.139868222828	0.138844116107	0.143649506031	0.129197374907	0.141625338297	0.131094663106	0.143507122063	0.154718919765	0.13617848542	0.134916550467	0.145274204525	0.149208198798	0.135681342697	0.151853937166	0.143662731121	0.126524176065	0.145230875094	0.136727711368	0.151602151772	0.152480132241	0.149086765235	0.147108642023	0.15185124843	0.152608650861	0.152493888289
BYQ_AAAL.snv.bam	0.137211448159	0.135220407971	0.140476997356	0.148103929908	0.142927638603	0.166997472557	0.164587420964	0.127099359181	0.153709606105	0.000500478731001	0.0	0.000760493496306	0.152705827312	0.133233773421	0.11829677019	0.143527434692	0.157761933589	0.127137390692	0.150832064412	0.119550889862	0.149711617406	0.13913988062	0.142788229851	0.131025607663	0.145532938918	0.171002741568	0.159656577943	0.157065806119	0.16436146545	0.14513738272	0.137163250426	0.131768845699	0.139550175563	0.132784936885	0.132737695435	0.149593379859	0.147209568487	0.136978309308	0.142007796156	0.143546147135	0.123283281564	0.146549926275	0.157428105772	0.152812287336	0.152774301097	0.12943856838	0.125427273423	0.147401163136	0.143075104672	0.152679677204	0.16446150273	0.143217185764	0.154212499053	0.151594597142	0.147635955284	0.137770307837	0.127164667367	0.142871496219	0.133653690007	0.136743659317	0.131720117679	0.129944398376	0.147516293404	0.136382509847	0.15375032085	0.146717138917	0.139200546023	0.164874696921	0.127646419895	0.149703702911	0.158199160094	0.164720692236	0.158177309936	0.17794022119	0.137790216091	0.131338191264	0.143381253163	0.139917963164	0.138833940834	0.143729012097	0.129308874854	0.141701330283	0.131122459245	0.143535071772	0.15474662457	0.136199879633	0.13493811602	0.145302061889	0.149259933971	0.13570982748	0.15191611869	0.143719609012	0.126552249857	0.145282716047	0.13668009982	0.151556253282	0.152349877441	0.149153966869	0.147030431499	0.151644650366	0.152513316545	0.152477781484
BYQ_AAAU.snv.bam	0.136680370061	0.13467112794	0.140057330129	0.147343196757	0.142334283226	0.166770918952	0.164096835323	0.126373530983	0.153333202075	0.000701300182451	0.000760493496306	0.0	0.152011067025	0.132588578979	0.117532615428	0.14287572014	0.157351293132	0.126514802946	0.150187989604	0.11901179591	0.149818942516	0.139492137045	0.142010986719	0.130023156523	0.1449829541	0.170686123666	0.15893601018	0.157204248101	0.16359088749	0.145602986121	0.136742431445	0.13125050716	0.139031229006	0.132213763058	0.131933901417	0.148782532197	0.146798822146	0.13606461226	0.141375466504	0.143151980585	0.122691644089	0.14613963973	0.156597203296	0.152420552482	0.152157392322	0.128809986992	0.125917777369	0.146994602456	0.142197740313	0.153455626229	0.164360051602	0.142495235096	0.153878290549	0.151281561352	0.14714208582	0.137184475651	0.126303026601	0.142191428456	0.134038097752	0.135807405687	0.13124222162	0.129396829259	0.146802502903	0.135587555733	0.153005051	0.145983347426	0.138690743288	0.164365774571	0.127104009187	0.149098993063	0.15784241876	0.164331507307	0.157766026026	0.177508946947	0.137246720389	0.130726332851	0.142800483306	0.13920462698	0.138272455646	0.143009747586	0.128603819386	0.142221045074	0.130358057999	0.142844345185	0.154114300713	0.135544497262	0.134230393978	0.144782266238	0.148729549843	0.13508927181	0.152111545694	0.143157127236	0.125910084489	0.144664480942	0.136178736483	0.151902124487	0.150859883981	0.148702329835	0.146486101381	0.151265061438	0.150960822948	0.150756949367
CCIS05314658ST-4-0.snv.bam	0.103018548287	0.126587938424	0.122505395754	0.104917637888	0.106610416444	0.120820075751	0.118950812336	0.104393380766	0.144886934288	0.152678092129	0.152705827312	0.152011067025	0.0	0.125262638535	0.120244105824	0.115497076023	0.126714930771	0.125497519612	0.132641907522	0.112623372043	0.119208733914	0.119094924774	0.101295641932	0.119584206848	0.116491556501	0.166379386228	0.127175055465	0.129537213713	0.135221045022	0.140409793093	0.129657708179	0.121770533966	0.138558670772	0.138506972057	0.126311071262	0.158339246213	0.133007873659	0.128897019455	0.122873780987	0.12588608776	0.130994971519	0.117538507104	0.124489796729	0.151704084042	0.0467307111841	0.114150915591	0.107775235854	0.135058527385	0.123980945479	0.147164236618	0.175869615373	0.13979778152	0.128199872054	0.142771410941	0.133350394604	0.135598369654	0.145162908884	0.116840863922	0.124072553186	0.116483743211	0.142852641857	0.125504039686	0.127232326954	0.118704396914	0.118321213789	0.141157902444	0.123034241622	0.156111662999	0.112046184611	0.12649871555	0.152797509571	0.128394876796	0.143993189521	0.153783155368	0.12202080805	0.110055023714	0.117601635953	0.12109940323	0.116409243062	0.100538173851	0.124176524975	0.137032643745	0.138567336918	0.126720118375	0.0319546165847	0.123816601502	0.138985457807	0.129655077085	0.0746017401581	0.0960418530232	0.129927294156	0.147905127844	0.124041485868	0.123473643837	0.143297357008	0.145806564086	0.118696714233	0.135312922198	0.123779473511	0.124280645759	0.118588489056	0.11848713751
CCIS11019776ST-4-0.snv.bam	0.125139827071	0.117935474711	0.132822389213	0.126010316693	0.088493559136	0.140718231216	0.139347263951	0.109869736611	0.136353341418	0.133174580107	0.133233773421	0.132588578979	0.125262638535	0.0	0.115759612335	0.118540813451	0.133520002491	0.136955320639	0.135290687989	0.107401132831	0.128127306164	0.122785119124	0.11920628627	0.135901719412	0.121317689282	0.154572251636	0.126460407304	0.14339944554	0.148226254251	0.13410194864	0.11540356425	0.126131170313	0.121274476394	0.136330665029	0.112482180093	0.129811914013	0.126517570528	0.119930103498	0.114991550603	0.125075875471	0.11898563961	0.113256364971	0.138904603498	0.138803356842	0.130088489763	0.116508950732	0.125513595048	0.140934297561	0.131927945861	0.128816606898	0.168285508909	0.135557380889	0.142516713329	0.13727661337	0.104239163277	0.123723528921	0.12847877507	0.0911832052454	0.125400184025	0.11316105581	0.129408640122	0.114688153433	0.128402065557	0.10611241641	0.10289937713	0.130244392493	0.111057697484	0.133124065267	0.0979038802125	0.131014707136	0.143172267349	0.154093166706	0.148640367113	0.15288298286	0.122368263438	0.10921289676	0.112418893707	0.127983326124	0.145397767258	0.129576117117	0.115888571264	0.131739745808	0.11872826865	0.134158429544	0.12513249939	0.093105937054	0.122967340122	0.124363419281	0.11034300002	0.116514236298	0.139458423614	0.14042974967	0.10427682278	0.095597360917	0.134568864912	0.123931818701	0.124141292071	0.127309421763	0.120728854399	0.123330399224	0.124113988068	0.124106531884
CCIS16383318ST-4-0.snv.bam	0.117950088959	0.108244572486	0.112727232442	0.112434879658	0.114680689566	0.133333445551	0.131753864917	0.109158851114	0.123852835445	0.118269924504	0.11829677019	0.117532615428	0.120244105824	0.115759612335	0.0	0.110154478458	0.125605109863	0.125606090029	0.12827904403	0.100029753221	0.126672500568	0.118916305916	0.121084936468	0.100830321127	0.106216216194	0.154660479891	0.114648197539	0.133113527932	0.140836687807	0.119237978117	0.115715495543	0.117931835964	0.129807480969	0.136803217128	0.121170115844	0.127502663057	0.119044522654	0.123356274512	0.114614417745	0.119148937067	0.111429055336	0.105324916688	0.129782024003	0.145095843118	0.116000469988	0.120454437668	0.126386368576	0.133521548042	0.128522618928	0.140274984533	0.145900944328	0.118044618577	0.12787043206	0.128735544203	0.139148560753	0.118730985305	0.12745889779	0.116186023873	0.117188077271	0.100078019695	0.132604585933	0.0988690135095	0.110244558896	0.124083756906	0.129316545492	0.121691643202	0.114687018405	0.139083409291	0.109804366995	0.127716033778	0.127798781043	0.12981163839	0.130130856113	0.14240484929	0.116022917471	0.109702771822	0.101974920334	0.124209830131	0.128225591241	0.117984507656	0.108154684327	0.131822127087	0.132311841307	0.121577953466	0.117986545583	0.118951952143	0.101645675633	0.125221431411	0.119659284447	0.111027357832	0.127042269899	0.141491749743	0.109938241517	0.113891162367	0.106592009635	0.107376091737	0.130718016744	0.117182241326	0.118982982721	0.113843999841	0.130719529536	0.130655223845
CCIS32105356ST-4-0.snv.bam	0.121761984073	0.1294551046	0.143135833925	0.14038671002	0.119462520646	0.162220202821	0.16054938775	0.140371118456	0.129543557507	0.143461786619	0.143527434692	0.14287572014	0.115497076023	0.118540813451	0.110154478458	0.0	0.142393141146	0.137812609027	0.149417562724	0.121442127705	0.112522095334	0.116198811096	0.112823949955	0.132791327913	0.12197800589	0.155904147726	0.116781717603	0.136917562724	0.140910895305	0.12279617125	0.124186543137	0.122871976284	0.14549094501	0.152010795041	0.114410646313	0.135394755704	0.123034595982	0.116268621875	0.124287199623	0.115280629666	0.112996688901	0.112948242539	0.132990341452	0.124102258398	0.121699621163	0.120728213411	0.107737503964	0.155428719504	0.146514183325	0.138200118371	0.161301472713	0.135672399357	0.152447094102	0.137153042476	0.139270444846	0.127365603241	0.123238613239	0.12621178186	0.10615940929	0.126902905883	0.109098669403	0.119246267346	0.14270381158	0.128823215727	0.142302176998	0.132849969222	0.129079425476	0.135813869029	0.114909107531	0.0993294151067	0.132092689157	0.139409346062	0.128469581468	0.140049236131	0.128533742638	0.12839341344	0.114526229633	0.131080958432	0.124711903042	0.120994151534	0.121786160352	0.127839577207	0.139350104822	0.134116807581	0.129369192433	0.133462656419	0.120201554622	0.124891928144	0.10607983503	0.129869196493	0.117257907331	0.126289326478	0.123134394965	0.124037954552	0.120257156541	0.118908494811	0.152213017194	0.1208138207	0.139188136443	0.125553703202	0.152602135557	0.152359384475
CCIS33816588ST-4-0.snv.bam	0.139791571546	0.139252930778	0.158511004135	0.138942810354	0.124865110597	0.152455003562	0.15015051441	0.132734269205	0.157964146857	0.157651337402	0.157761933589	0.157351293132	0.126714930771	0.133520002491	0.125605109863	0.142393141146	0.0	0.157610801174	0.132095895011	0.134352251965	0.154663029994	0.134295965136	0.126669681118	0.149514836635	0.132094068278	0.166082077739	0.156774461895	0.162058113666	0.170647216105	0.154613271185	0.115574054601	0.163019669633	0.126162265718	0.153331319614	0.158778122675	0.161259419297	0.10276386097	0.149302702137	0.137864969701	0.144583730906	0.143707518042	0.126972577308	0.144857676304	0.170287296994	0.129461057126	0.12860945135	0.143711271342	0.164301575053	0.135979576602	0.150062895867	0.195658172452	0.155128631829	0.152955480473	0.15113887704	0.149734872611	0.130643055967	0.147247830518	0.127611564465	0.146083128883	0.151676773648	0.138939813541	0.148154411351	0.144832704796	0.135322565899	0.144266631826	0.130861102352	0.152203442814	0.145831906304	0.133251193889	0.150283054862	0.159066175566	0.156753061781	0.148001292159	0.152285255132	0.123817372268	0.145719993455	0.130489169863	0.106115688205	0.157978602765	0.132533074191	0.145002989559	0.1654041582	0.160166534817	0.147090043432	0.12659108027	0.125557706175	0.138679178608	0.147901923926	0.137451082691	0.121285561199	0.153474865047	0.162989633897	0.146907450073	0.130877855664	0.141670893451	0.131120804436	0.14422350697	0.14868892591	0.153073323013	0.143582141761	0.144354198494	0.144268186165
CCIS44743950ST-4-0.snv.bam	0.124375510102	0.126745462883	0.13667429708	0.135445387911	0.142088471855	0.145896842425	0.14191795657	0.100033442894	0.148185343583	0.127077002895	0.127137390692	0.126514802946	0.125497519612	0.136955320639	0.125606090029	0.137812609027	0.157610801174	0.0	0.146762277697	0.115381351613	0.138910141899	0.12670075697	0.134457279861	0.129151621138	0.125101580458	0.166696207113	0.145032527471	0.155840714683	0.153680903653	0.134670356443	0.144779460388	0.123240598758	0.140265396738	0.151734619041	0.132538329858	0.156304051878	0.149117964647	0.148357838155	0.150052066935	0.142324992504	0.134957787936	0.13383554286	0.15056747261	0.15862027669	0.129148567016	0.137857886674	0.114432995214	0.1381192616	0.111575867672	0.158223339451	0.175026327771	0.150935251103	0.137589989558	0.14366573185	0.138318617047	0.136450621666	0.143685885479	0.137786394062	0.134167863867	0.138792299012	0.151684601671	0.137329631224	0.126158745105	0.134404418207	0.142251513595	0.16001034626	0.125714444957	0.169540947629	0.115258243082	0.153548468641	0.158522347976	0.151298986264	0.14373014534	0.158149789545	0.116786707447	0.120698719965	0.133822233345	0.145194731574	0.11124125766	0.141725122831	0.125799121543	0.149142096153	0.12030616753	0.139151844442	0.122003447758	0.136658098491	0.140984584874	0.141415201903	0.133003182323	0.107151763125	0.134446826602	0.162564686667	0.143959911878	0.131955880233	0.128098286618	0.145986611189	0.122237494652	0.143130688112	0.128617327603	0.131565348827	0.122264794264	0.12325289959
CCIS48725289ST-4-0.snv.bam	0.127617683478	0.121246642567	0.128749260333	0.140584889559	0.130457412475	0.147309597608	0.145710789513	0.142976335833	0.145774452431	0.150638598315	0.150832064412	0.150187989604	0.132641907522	0.135290687989	0.12827904403	0.149417562724	0.132095895011	0.146762277697	0.0	0.125319877681	0.159089097545	0.133495807128	0.136653895275	0.136457164235	0.132451179085	0.152581187352	0.142513546248	0.15524406394	0.161750586089	0.164755854573	0.156580753532	0.146802101098	0.141481403709	0.135935875115	0.1395092518	0.154344387741	0.139071869638	0.122095329682	0.135615358737	0.123786834853	0.130644115964	0.132739290123	0.137683184232	0.161740807427	0.127164802276	0.112399529322	0.140072189634	0.146140862724	0.133921403579	0.147203622524	0.179655307599	0.135112060315	0.157448667959	0.162804636919	0.13194966715	0.152185512327	0.152154033136	0.145977589715	0.137555551249	0.144366551225	0.119666575959	0.140324341878	0.136759134772	0.138482027465	0.153281596906	0.153098770959	0.138881733659	0.142433914221	0.123980877697	0.15823513154	0.154540390259	0.148359519769	0.16405187385	0.159701623514	0.11499120806	0.125280296383	0.12349665722	0.125748546093	0.15467084581	0.130044660564	0.145236211703	0.152819814673	0.139011976048	0.149051141264	0.122999928042	0.134106562325	0.140622122561	0.147297172029	0.141619167559	0.109423994547	0.154002533508	0.152255118982	0.122150566528	0.128936520136	0.145776314015	0.136506467183	0.143311881229	0.139974641562	0.138469121765	0.135315080909	0.143344071376	0.143193770331
CCIS77252613ST-4-0.snv.bam	0.119260658351	0.109479141881	0.108039145995	0.115463967564	0.120419126944	0.118363397131	0.115009654207	0.122161714715	0.117520307797	0.119561042648	0.119550889862	0.11901179591	0.112623372043	0.107401132831	0.100029753221	0.121442127705	0.134352251965	0.115381351613	0.125319877681	0.0	0.115621271264	0.0956282481283	0.117429147334	0.109534878885	0.116245779706	0.144397637096	0.135230481451	0.123696414601	0.129331370045	0.135800369254	0.128139462815	0.116050352787	0.127133605079	0.138142301252	0.128525183207	0.143669985488	0.147189580409	0.113024723735	0.129197058762	0.115616133296	0.111017461996	0.118621635971	0.121823473444	0.135147601935	0.120542941805	0.107905416966	0.108368492528	0.124896632296	0.114931334634	0.137245017842	0.165332208623	0.123819795257	0.122075160696	0.122666134405	0.122844349767	0.123182063998	0.131935127646	0.112956593024	0.116698062208	0.118365175902	0.126798631988	0.117595310543	0.111174133744	0.1207981594	0.120153084548	0.117332477191	0.116043531231	0.124927505804	0.0966342684148	0.129258904621	0.139474052073	0.130426791561	0.136286076147	0.151505251385	0.112993529574	0.100047057956	0.102889060395	0.134238865878	0.130770749882	0.122556823761	0.109757894759	0.123617777805	0.104160133079	0.131059479706	0.109360215614	0.112538445874	0.126456373486	0.137277145835	0.117573270861	0.101300214596	0.120322986842	0.145713312243	0.0993206238073	0.110750752261	0.120802741962	0.115311743134	0.134551246847	0.121079444264	0.122348811155	0.10650132672	0.134839647087	0.135730090412
CCIS81710917ST-20-0.snv.bam	0.128058703265	0.133409901542	0.149438066082	0.13223282647	0.126971984334	0.141757510381	0.139138575086	0.129850146318	0.145202322692	0.149736081647	0.149711617406	0.149818942516	0.119208733914	0.128127306164	0.126672500568	0.112522095334	0.154663029994	0.138910141899	0.159089097545	0.115621271264	0.0	0.122865021998	0.080792883831	0.132407560287	0.126517806331	0.181752077797	0.14178282494	0.149564620744	0.152625565189	0.129141747276	0.133953779067	0.137140275072	0.15303250349	0.143238380695	0.127792558418	0.167199989924	0.146519041866	0.134064808313	0.125577774224	0.13800613127	0.129698465297	0.12715114538	0.120000261818	0.140784527963	0.121773421187	0.12023901875	0.131741832356	0.151790540665	0.136431192377	0.149755429211	0.169509039573	0.136291742186	0.135664894467	0.123887899206	0.143343247792	0.145219078825	0.148508009785	0.127361253686	0.112260236632	0.130303697154	0.138003677739	0.133222151275	0.12786412906	0.126047759913	0.132343781773	0.126086328835	0.13152343711	0.161937346216	0.12445184098	0.128296366016	0.163069519165	0.138249239677	0.14295916864	0.156570921823	0.129498771125	0.125132485404	0.115181110961	0.131895184679	0.151122420874	0.132125375163	0.131341252339	0.129376458706	0.129112898342	0.136662328865	0.121357308001	0.131469231284	0.141786980524	0.145320449514	0.110709891772	0.114714641534	0.149114148267	0.152328806114	0.121515690332	0.130141208105	0.140223315328	0.138529174267	0.142717385938	0.122045276681	0.14031110591	0.134098077941	0.142703481355	0.143656798648
CCIS87252800ST-4-0.snv.bam	0.101796179358	0.123382668711	0.10360145707	0.0939269885156	0.1249741184	0.13309164499	0.131034013015	0.122976237382	0.142598893568	0.139108174523	0.13913988062	0.139492137045	0.119094924774	0.122785119124	0.118916305916	0.116198811096	0.134295965136	0.12670075697	0.133495807128	0.0956282481283	0.122865021998	0.0	0.123129145937	0.12869531393	0.100831754518	0.139662127048	0.14549148142	0.149284771048	0.153726327722	0.131967994287	0.131852432817	0.138722763366	0.140029407373	0.131826998859	0.125379522995	0.132801160108	0.146040907408	0.117960318941	0.126878037184	0.123465090452	0.132106680627	0.124074202912	0.121320701896	0.133559799979	0.12158123537	0.123300799719	0.110223364913	0.138914079928	0.0858559250709	0.14478417214	0.165125966848	0.140197431781	0.15195201807	0.136769985565	0.122739563612	0.12867215889	0.124978926861	0.110278739911	0.126018785554	0.142435162552	0.134313098011	0.118347843017	0.125432234875	0.127039812093	0.118898638574	0.133211245692	0.127061700817	0.141249495234	0.0968057657096	0.145938497244	0.134511935037	0.127087580375	0.123123716627	0.140055388167	0.114620607395	0.104813171159	0.118425701329	0.126156402982	0.129790229621	0.0966093916299	0.115572484975	0.131425739958	0.112504822531	0.122154167146	0.118981245264	0.114368163877	0.120695432237	0.106684213969	0.115925289918	0.0950944576093	0.10770059129	0.138339066083	0.110975377683	0.104050175196	0.123021312753	0.111590828282	0.136189781232	0.12713658655	0.102676007134	0.1172538965	0.136398638769	0.136222430081
CCIS90166425ST-4-0.snv.bam	0.120152182306	0.12540326909	0.135155619821	0.122251061674	0.12249690012	0.152232772508	0.149260156709	0.107324217505	0.137649425709	0.142751641256	0.142788229851	0.142010986719	0.101295641932	0.11920628627	0.121084936468	0.112823949955	0.126669681118	0.134457279861	0.136653895275	0.117429147334	0.080792883831	0.123129145937	0.0	0.12718320327	0.096411598083	0.163299895274	0.128385205317	0.134111550575	0.137086112569	0.139965539927	0.131739860003	0.119982261606	0.134487636583	0.143796612482	0.119626618616	0.147246738428	0.135022590861	0.13051536566	0.135262538378	0.128935766455	0.125167980507	0.130034666049	0.12156929866	0.149755195783	0.106416349048	0.114004447758	0.112023248527	0.145108917144	0.113436475165	0.139064473733	0.166108603714	0.141293717193	0.142742963381	0.131583646698	0.127507316531	0.126445439292	0.134226239862	0.127759351644	0.117993775788	0.117920957285	0.137818427529	0.122803245469	0.141181181591	0.116449585131	0.137416448322	0.130897917948	0.124649781622	0.154472113513	0.116032937852	0.137772316193	0.147344367455	0.134130507687	0.134393440709	0.150532425392	0.0969141788947	0.111471654896	0.114489529731	0.121679720756	0.139564869557	0.108142741559	0.135758091891	0.133008629446	0.126416765053	0.121389981989	0.104780080045	0.127113362236	0.121869193608	0.12257318287	0.101797032561	0.0991131191432	0.155132472826	0.14944337987	0.122455425711	0.126348497653	0.137034804396	0.132844505583	0.13639131288	0.120615893494	0.118558424044	0.135787210014	0.136442610357	0.136510300599
CCIS90903952ST-3-0.snv.bam	0.108730681677	0.111281796584	0.134858672038	0.124615388508	0.125752768242	0.141392573155	0.133374021948	0.123572182037	0.116266140972	0.130944542625	0.131025607663	0.130023156523	0.119584206848	0.135901719412	0.100830321127	0.132791327913	0.149514836635	0.129151621138	0.136457164235	0.109534878885	0.132407560287	0.12869531393	0.12718320327	0.0	0.114821651517	0.166567197197	0.141930584036	0.150532132132	0.156989610477	0.126701975002	0.139793253262	0.104983225229	0.150511649892	0.145400455315	0.136313119261	0.156905035272	0.145212657722	0.138730338424	0.122547646797	0.1358075512	0.111646179772	0.12799180094	0.132491858354	0.154460168467	0.120149110436	0.130046778782	0.137248443433	0.146184351577	0.115933715603	0.136427093732	0.154407366323	0.130391839597	0.138124199676	0.140859832046	0.119031426985	0.141825853822	0.136517685677	0.121290471785	0.114283508551	0.119051598087	0.127490486608	0.121857539313	0.132978440644	0.109181569563	0.120081776045	0.128768046082	0.124855270105	0.164847456586	0.110732285681	0.146197621709	0.133748496268	0.136930503705	0.145968214941	0.148832507682	0.110700180546	0.113738206703	0.107480562725	0.142327831026	0.136660699849	0.120038445789	0.114335116153	0.147462474721	0.124969282078	0.127250288769	0.125909693171	0.113076571381	0.116316565322	0.13406834407	0.118413712663	0.0953181003584	0.122378768674	0.161816578483	0.131722266963	0.110532519755	0.125099700127	0.133673220945	0.131598927672	0.126478374539	0.13797772613	0.123295716433	0.131327796532	0.131205656174
