	158155345-tonguedorsum2.snv.bam	158479027-tonguedorsum1.snv.bam	158499257-tonguedorsum2.snv.bam	158944319-tonguedorsum1.snv.bam	159268001-tonguedorsum1.snv.bam	159915365-tonguedorsum1.snv.bam	234447334-tonguedorsum2.snv.bam	550534656-tonguedorsum2.snv.bam	763395383-tonguedorsum3.snv.bam	763901136-tonguedorsum2.snv.bam	763961826-tonguedorsum1.snv.bam	764143897-tonguedorsum1.snv.bam	764143897-tonguedorsum2.snv.bam	764325968-tonguedorsum1.snv.bam	764325968-tonguedorsum2.snv.bam	764366428-throat2.snv.bam	764447348-tonguedorsum1.snv.bam	765013792-tonguedorsum1.snv.bam	765013792-tonguedorsum2.snv.bam	765074482-tonguedorsum1.snv.bam	765074482-tonguedorsum3.snv.bam	765094712-tonguedorsum1.snv.bam	765094712-tonguedorsum2.snv.bam	765195863-tonguedorsum3.snv.bam	765216093-tonguedorsum3.snv.bam
158155345-tonguedorsum2.snv.bam	0.0	0.157104233767	0.156949112154	0.136732348497	0.148290883068	0.11445345777	0.114337333283	0.152848791449	0.145945309201	0.151504877383	0.183334248168	0.181559912138	0.175699378513	0.138701506184	0.137367026839	0.148856329684	0.145270006152	0.164498059433	0.156210709491	0.129908969489	0.140192396849	0.149400805364	0.147776864974	0.163340507979	0.140934608868
158479027-tonguedorsum1.snv.bam	0.157104233767	0.0	0.125824561401	0.131107178744	0.127329285886	0.136071286086	0.148372203374	0.124460522763	0.13654699911	0.126910884563	0.204714632357	0.158419792742	0.143668108096	0.140610040828	0.147536768806	0.112513158084	0.155826478339	0.16504086072	0.138919882388	0.121041298171	0.129009020948	0.132789616856	0.127066992988	0.133156891059	0.128708929671
158499257-tonguedorsum2.snv.bam	0.156949112154	0.125824561401	0.0	0.118183448102	0.116199545236	0.142477384313	0.120657018252	0.142479348642	0.138595498611	0.127562581853	0.170636378163	0.141007593096	0.131527547094	0.101810624246	0.123114549443	0.138037029108	0.155485722095	0.148071457088	0.137310013948	0.122747299796	0.135224269932	0.164189591041	0.155648421936	0.14488063194	0.10886048707
158944319-tonguedorsum1.snv.bam	0.136732348497	0.131107178744	0.118183448102	0.0	0.13111069723	0.118885063741	0.11654368204	0.131582148923	0.146512517665	0.127258496251	0.176580177591	0.136209547862	0.125763435941	0.104227370113	0.142889344674	0.116124043055	0.124860154431	0.134265812163	0.14485462349	0.107254137177	0.122549705272	0.149274463616	0.144941445842	0.137504963019	0.104212009694
159268001-tonguedorsum1.snv.bam	0.148290883068	0.127329285886	0.116199545236	0.13111069723	0.0	0.115015632697	0.106859280094	0.111587134073	0.149653704153	0.120499656121	0.175983725336	0.164468175357	0.143561789543	0.118285897845	0.127663327567	0.11318703633	0.154010730124	0.154289302355	0.133515493163	0.10728381454	0.114741694098	0.157643354569	0.153137256004	0.109341182232	0.102613764147
159915365-tonguedorsum1.snv.bam	0.11445345777	0.136071286086	0.142477384313	0.118885063741	0.115015632697	0.0	0.114349937723	0.111334038412	0.145384778236	0.127316398203	0.175839694644	0.163712366182	0.145027291221	0.122207284303	0.122188436282	0.109527795109	0.144827595059	0.125116251933	0.13486816929	0.122720054126	0.129774037305	0.149821305023	0.144096897193	0.120570332589	0.121429858684
234447334-tonguedorsum2.snv.bam	0.114337333283	0.148372203374	0.120657018252	0.11654368204	0.106859280094	0.114349937723	0.0	0.121013172599	0.142124353775	0.12309089881	0.1777184755	0.154083991734	0.139563437446	0.0981613340366	0.121220473988	0.125291665891	0.118042895369	0.135005143843	0.146783079132	0.0961545676258	0.103692925366	0.136784724301	0.129593333009	0.141884884719	0.104346571715
550534656-tonguedorsum2.snv.bam	0.152848791449	0.124460522763	0.142479348642	0.131582148923	0.111587134073	0.111334038412	0.121013172599	0.0	0.148348257508	0.121813078017	0.197625373557	0.171945215415	0.154725946868	0.12039749607	0.130491537691	0.119252703609	0.154295435208	0.157087836356	0.152816255251	0.112494503964	0.117085380583	0.150472176372	0.142442567951	0.132625069435	0.109947722811
763395383-tonguedorsum3.snv.bam	0.145945309201	0.13654699911	0.138595498611	0.146512517665	0.149653704153	0.145384778236	0.142124353775	0.148348257508	0.0	0.128126244632	0.166224336139	0.171168228983	0.146647406203	0.127250871536	0.126188343343	0.143859284193	0.163064935478	0.146611694712	0.156749788258	0.141259943939	0.14976575287	0.135872896528	0.13608114952	0.142212221779	0.120879516543
763901136-tonguedorsum2.snv.bam	0.151504877383	0.126910884563	0.127562581853	0.127258496251	0.120499656121	0.127316398203	0.12309089881	0.121813078017	0.128126244632	0.0	0.169790810183	0.13132260471	0.119955918449	0.115322987221	0.120704519775	0.128902302812	0.141733678382	0.142911390352	0.125701602476	0.108004733383	0.115607169235	0.150741873818	0.146332578178	0.131766805843	0.105951764429
763961826-tonguedorsum1.snv.bam	0.183334248168	0.204714632357	0.170636378163	0.176580177591	0.175983725336	0.175839694644	0.1777184755	0.197625373557	0.166224336139	0.169790810183	0.0	0.200385318527	0.188540609371	0.149658031927	0.157143907368	0.195419026085	0.172980227185	0.155860120773	0.18971501943	0.170681644638	0.174170001424	0.194794479937	0.1960097846	0.199777650852	0.161971057409
764143897-tonguedorsum1.snv.bam	0.181559912138	0.158419792742	0.141007593096	0.136209547862	0.164468175357	0.163712366182	0.154083991734	0.171945215415	0.171168228983	0.13132260471	0.200385318527	0.0	0.0478893805771	0.152629901879	0.170579971488	0.166008458973	0.147866692088	0.168303144138	0.168130299086	0.151095716201	0.153413404399	0.173419282332	0.177207742531	0.17331078405	0.14059918631
764143897-tonguedorsum2.snv.bam	0.175699378513	0.143668108096	0.131527547094	0.125763435941	0.143561789543	0.145027291221	0.139563437446	0.154725946868	0.146647406203	0.119955918449	0.188540609371	0.0478893805771	0.0	0.131080528969	0.153339904903	0.141746026071	0.151192757268	0.154632055252	0.150047592731	0.140524556541	0.148941941751	0.156856895468	0.161235448812	0.157604901123	0.12933657451
764325968-tonguedorsum1.snv.bam	0.138701506184	0.140610040828	0.101810624246	0.104227370113	0.118285897845	0.122207284303	0.0981613340366	0.12039749607	0.127250871536	0.115322987221	0.149658031927	0.152629901879	0.131080528969	0.0	0.105019339305	0.118178541333	0.130419766509	0.128690483732	0.133897706184	0.108361695549	0.114305744947	0.133161910655	0.124955661856	0.130756375376	0.0963184687048
764325968-tonguedorsum2.snv.bam	0.137367026839	0.147536768806	0.123114549443	0.142889344674	0.127663327567	0.122188436282	0.121220473988	0.130491537691	0.126188343343	0.120704519775	0.157143907368	0.170579971488	0.153339904903	0.105019339305	0.0	0.13726101175	0.163274657582	0.144111373728	0.135993020737	0.12074347716	0.129552022641	0.163955663399	0.158256195407	0.136914002646	0.115776562202
764366428-throat2.snv.bam	0.148856329684	0.112513158084	0.138037029108	0.116124043055	0.11318703633	0.109527795109	0.125291665891	0.119252703609	0.143859284193	0.128902302812	0.195419026085	0.166008458973	0.141746026071	0.118178541333	0.13726101175	0.0	0.153400515544	0.146126136388	0.134031754399	0.103699228735	0.107477243931	0.149541418646	0.144844724609	0.130756780449	0.105456571606
764447348-tonguedorsum1.snv.bam	0.145270006152	0.155826478339	0.155485722095	0.124860154431	0.154010730124	0.144827595059	0.118042895369	0.154295435208	0.163064935478	0.141733678382	0.172980227185	0.147866692088	0.151192757268	0.130419766509	0.163274657582	0.153400515544	0.0	0.136410002242	0.154303926104	0.126496017986	0.126560335933	0.141007522189	0.139976538545	0.171803566485	0.127665789536
765013792-tonguedorsum1.snv.bam	0.164498059433	0.16504086072	0.148071457088	0.134265812163	0.154289302355	0.125116251933	0.135005143843	0.157087836356	0.146611694712	0.142911390352	0.155860120773	0.168303144138	0.154632055252	0.128690483732	0.144111373728	0.146126136388	0.136410002242	0.0	0.155192554323	0.128290405574	0.135774741422	0.152530585652	0.153584112984	0.144669970094	0.122580515584
765013792-tonguedorsum2.snv.bam	0.156210709491	0.138919882388	0.137310013948	0.14485462349	0.133515493163	0.13486816929	0.146783079132	0.152816255251	0.156749788258	0.125701602476	0.18971501943	0.168130299086	0.150047592731	0.133897706184	0.135993020737	0.134031754399	0.154303926104	0.155192554323	0.0	0.124369842662	0.134123354288	0.135366194199	0.129492827416	0.135995630395	0.130976344485
765074482-tonguedorsum1.snv.bam	0.129908969489	0.121041298171	0.122747299796	0.107254137177	0.10728381454	0.122720054126	0.0961545676258	0.112494503964	0.141259943939	0.108004733383	0.170681644638	0.151095716201	0.140524556541	0.108361695549	0.12074347716	0.103699228735	0.126496017986	0.128290405574	0.124369842662	0.0	0.0383568839364	0.140596755445	0.138050590821	0.135960133528	0.098820530486
765074482-tonguedorsum3.snv.bam	0.140192396849	0.129009020948	0.135224269932	0.122549705272	0.114741694098	0.129774037305	0.103692925366	0.117085380583	0.14976575287	0.115607169235	0.174170001424	0.153413404399	0.148941941751	0.114305744947	0.129552022641	0.107477243931	0.126560335933	0.135774741422	0.134123354288	0.0383568839364	0.0	0.141993822658	0.140814102995	0.143223998055	0.0981346896068
765094712-tonguedorsum1.snv.bam	0.149400805364	0.132789616856	0.164189591041	0.149274463616	0.157643354569	0.149821305023	0.136784724301	0.150472176372	0.135872896528	0.150741873818	0.194794479937	0.173419282332	0.156856895468	0.133161910655	0.163955663399	0.149541418646	0.141007522189	0.152530585652	0.135366194199	0.140596755445	0.141993822658	0.0	0.00520287672521	0.157040350375	0.141079473226
765094712-tonguedorsum2.snv.bam	0.147776864974	0.127066992988	0.155648421936	0.144941445842	0.153137256004	0.144096897193	0.129593333009	0.142442567951	0.13608114952	0.146332578178	0.1960097846	0.177207742531	0.161235448812	0.124955661856	0.158256195407	0.144844724609	0.139976538545	0.153584112984	0.129492827416	0.138050590821	0.140814102995	0.00520287672521	0.0	0.154183534604	0.138876251548
765195863-tonguedorsum3.snv.bam	0.163340507979	0.133156891059	0.14488063194	0.137504963019	0.109341182232	0.120570332589	0.141884884719	0.132625069435	0.142212221779	0.131766805843	0.199777650852	0.17331078405	0.157604901123	0.130756375376	0.136914002646	0.130756780449	0.171803566485	0.144669970094	0.135995630395	0.135960133528	0.143223998055	0.157040350375	0.154183534604	0.0	0.115136092255
765216093-tonguedorsum3.snv.bam	0.140934608868	0.128708929671	0.10886048707	0.104212009694	0.102613764147	0.121429858684	0.104346571715	0.109947722811	0.120879516543	0.105951764429	0.161971057409	0.14059918631	0.12933657451	0.0963184687048	0.115776562202	0.105456571606	0.127665789536	0.122580515584	0.130976344485	0.098820530486	0.0981346896068	0.141079473226	0.138876251548	0.115136092255	0.0
