	158479027-stool1.snv.bam	158479027-stool2.snv.bam	160178356-stool1.snv.bam	765216093-stool3.snv.bam	BYQ_AAAB.snv.bam	BYQ_AAAM.snv.bam	CCIS47745468ST-4-0.snv.bam	CCMD63399960ST-21-0.snv.bam	CCMD79987997ST-21-0.snv.bam	M2.3-V1.metaG.snv.bam	MH0176.snv.bam	MH0293.snv.bam	MH0381.snv.bam	MH0424.snv.bam	MH0445.snv.bam	MMRS43563715ST-27-0-0.snv.bam	MMRS54316675ST-27-0-0.snv.bam	N022A.snv.bam	NG-5636_456.snv.bam	NG-5636_529.snv.bam	T2D-59A.snv.bam	V1.FI11.snv.bam	V1.FI12.snv.bam	V1.FI19.snv.bam
158479027-stool1.snv.bam	0.0	0.0	0.161410018553	0.166975881262	0.178107606679	0.178107606679	0.181818181818	0.157699443414	0.165120593692	0.17254174397	0.155844155844	0.00927643784787	0.153988868275	0.0371057513915	0.133580705009	0.152133580705	0.135435992579	0.165120593692	0.146567717996	0.148423005566	0.166975881262	0.155844155844	0.155844155844	0.17254174397
158479027-stool2.snv.bam	0.0	0.0	0.159554730983	0.165120593692	0.176252319109	0.176252319109	0.178107606679	0.155844155844	0.163265306122	0.170686456401	0.153988868275	0.00742115027829	0.152133580705	0.0352504638219	0.13172541744	0.150278293135	0.133580705009	0.161410018553	0.144712430427	0.144712430427	0.166975881262	0.153988868275	0.153988868275	0.170686456401
160178356-stool1.snv.bam	0.161410018553	0.159554730983	0.0	0.13172541744	0.124304267161	0.124304267161	0.141001855288	0.107606679035	0.12987012987	0.124304267161	0.126159554731	0.137291280148	0.00927643784787	0.155844155844	0.105751391466	0.137291280148	0.102040816327	0.189239332096	0.118738404453	0.165120593692	0.155844155844	0.124304267161	0.128014842301	0.120593692022
765216093-stool3.snv.bam	0.166975881262	0.165120593692	0.13172541744	0.0	0.150278293135	0.150278293135	0.153988868275	0.122448979592	0.148423005566	0.135435992579	0.113172541744	0.144712430427	0.124304267161	0.168831168831	0.120593692022	0.0241187384045	0.135435992579	0.187384044527	0.13172541744	0.187384044527	0.166975881262	0.135435992579	0.137291280148	0.12987012987
BYQ_AAAB.snv.bam	0.178107606679	0.176252319109	0.124304267161	0.150278293135	0.0	0.0	0.141001855288	0.126159554731	0.0742115027829	0.109461966605	0.115027829314	0.152133580705	0.120593692022	0.157699443414	0.113172541744	0.155844155844	0.122448979592	0.187384044527	0.0779220779221	0.17254174397	0.159554730983	0.126159554731	0.126159554731	0.141001855288
BYQ_AAAM.snv.bam	0.178107606679	0.176252319109	0.124304267161	0.150278293135	0.0	0.0	0.141001855288	0.126159554731	0.0742115027829	0.109461966605	0.115027829314	0.152133580705	0.120593692022	0.157699443414	0.113172541744	0.155844155844	0.122448979592	0.187384044527	0.0779220779221	0.17254174397	0.159554730983	0.126159554731	0.126159554731	0.141001855288
CCIS47745468ST-4-0.snv.bam	0.181818181818	0.178107606679	0.141001855288	0.153988868275	0.141001855288	0.141001855288	0.0	0.103896103896	0.153988868275	0.141001855288	0.137291280148	0.157699443414	0.133580705009	0.168831168831	0.0853432282004	0.168831168831	0.135435992579	0.166975881262	0.139146567718	0.166975881262	0.163265306122	0.133580705009	0.137291280148	0.133580705009
CCMD63399960ST-21-0.snv.bam	0.157699443414	0.155844155844	0.107606679035	0.122448979592	0.126159554731	0.126159554731	0.103896103896	0.0	0.133580705009	0.118738404453	0.122448979592	0.13172541744	0.105751391466	0.148423005566	0.0816326530612	0.12987012987	0.105751391466	0.170686456401	0.122448979592	0.153988868275	0.139146567718	0.124304267161	0.12987012987	0.124304267161
CCMD79987997ST-21-0.snv.bam	0.165120593692	0.163265306122	0.12987012987	0.148423005566	0.0742115027829	0.0742115027829	0.153988868275	0.133580705009	0.0	0.118738404453	0.126159554731	0.139146567718	0.122448979592	0.159554730983	0.126159554731	0.155844155844	0.109461966605	0.179962894249	0.012987012987	0.170686456401	0.168831168831	0.139146567718	0.139146567718	0.142857142857
M2.3-V1.metaG.snv.bam	0.17254174397	0.170686456401	0.124304267161	0.135435992579	0.109461966605	0.109461966605	0.141001855288	0.118738404453	0.118738404453	0.0	0.0816326530612	0.141001855288	0.116883116883	0.142857142857	0.109461966605	0.150278293135	0.116883116883	0.170686456401	0.109461966605	0.142857142857	0.146567717996	0.0983302411874	0.102040816327	0.13172541744
MH0176.snv.bam	0.155844155844	0.153988868275	0.126159554731	0.113172541744	0.115027829314	0.115027829314	0.137291280148	0.122448979592	0.126159554731	0.0816326530612	0.0	0.13172541744	0.118738404453	0.139146567718	0.107606679035	0.126159554731	0.115027829314	0.168831168831	0.115027829314	0.161410018553	0.152133580705	0.038961038961	0.038961038961	0.133580705009
MH0293.snv.bam	0.00927643784787	0.00742115027829	0.137291280148	0.144712430427	0.152133580705	0.152133580705	0.157699443414	0.13172541744	0.139146567718	0.141001855288	0.13172541744	0.0	0.12987012987	0.0241187384045	0.118738404453	0.137291280148	0.109461966605	0.152133580705	0.120593692022	0.137291280148	0.153988868275	0.128014842301	0.128014842301	0.155844155844
MH0381.snv.bam	0.153988868275	0.152133580705	0.00927643784787	0.124304267161	0.120593692022	0.120593692022	0.133580705009	0.105751391466	0.122448979592	0.116883116883	0.118738404453	0.12987012987	0.0	0.146567717996	0.0983302411874	0.12987012987	0.0964749536178	0.181818181818	0.111317254174	0.157699443414	0.152133580705	0.115027829314	0.118738404453	0.111317254174
MH0424.snv.bam	0.0371057513915	0.0352504638219	0.155844155844	0.168831168831	0.157699443414	0.157699443414	0.168831168831	0.148423005566	0.159554730983	0.142857142857	0.139146567718	0.0241187384045	0.146567717996	0.0	0.122448979592	0.153988868275	0.126159554731	0.163265306122	0.141001855288	0.157699443414	0.161410018553	0.139146567718	0.139146567718	0.166975881262
MH0445.snv.bam	0.133580705009	0.13172541744	0.105751391466	0.120593692022	0.113172541744	0.113172541744	0.0853432282004	0.0816326530612	0.126159554731	0.109461966605	0.107606679035	0.118738404453	0.0983302411874	0.122448979592	0.0	0.126159554731	0.0964749536178	0.126159554731	0.113172541744	0.126159554731	0.111317254174	0.109461966605	0.113172541744	0.111317254174
MMRS43563715ST-27-0-0.snv.bam	0.152133580705	0.150278293135	0.137291280148	0.0241187384045	0.155844155844	0.155844155844	0.168831168831	0.12987012987	0.155844155844	0.150278293135	0.126159554731	0.137291280148	0.12987012987	0.153988868275	0.126159554731	0.0	0.144712430427	0.178107606679	0.142857142857	0.183673469388	0.165120593692	0.146567717996	0.148423005566	0.141001855288
MMRS54316675ST-27-0-0.snv.bam	0.135435992579	0.133580705009	0.102040816327	0.135435992579	0.122448979592	0.122448979592	0.135435992579	0.105751391466	0.109461966605	0.116883116883	0.115027829314	0.109461966605	0.0964749536178	0.126159554731	0.0964749536178	0.144712430427	0.0	0.178107606679	0.0964749536178	0.163265306122	0.155844155844	0.120593692022	0.122448979592	0.135435992579
N022A.snv.bam	0.165120593692	0.161410018553	0.189239332096	0.187384044527	0.187384044527	0.187384044527	0.166975881262	0.170686456401	0.179962894249	0.170686456401	0.168831168831	0.152133580705	0.181818181818	0.163265306122	0.126159554731	0.178107606679	0.178107606679	0.0	0.170686456401	0.135435992579	0.155844155844	0.176252319109	0.176252319109	0.183673469388
NG-5636_456.snv.bam	0.146567717996	0.144712430427	0.118738404453	0.13172541744	0.0779220779221	0.0779220779221	0.139146567718	0.122448979592	0.012987012987	0.109461966605	0.115027829314	0.120593692022	0.111317254174	0.141001855288	0.113172541744	0.142857142857	0.0964749536178	0.170686456401	0.0	0.159554730983	0.155844155844	0.126159554731	0.126159554731	0.13172541744
NG-5636_529.snv.bam	0.148423005566	0.144712430427	0.165120593692	0.187384044527	0.17254174397	0.17254174397	0.166975881262	0.153988868275	0.170686456401	0.142857142857	0.161410018553	0.137291280148	0.157699443414	0.157699443414	0.126159554731	0.183673469388	0.163265306122	0.135435992579	0.159554730983	0.0	0.141001855288	0.168831168831	0.17254174397	0.170686456401
T2D-59A.snv.bam	0.166975881262	0.166975881262	0.155844155844	0.166975881262	0.159554730983	0.159554730983	0.163265306122	0.139146567718	0.168831168831	0.146567717996	0.152133580705	0.153988868275	0.152133580705	0.161410018553	0.111317254174	0.165120593692	0.155844155844	0.155844155844	0.155844155844	0.141001855288	0.0	0.166975881262	0.166975881262	0.163265306122
V1.FI11.snv.bam	0.155844155844	0.153988868275	0.124304267161	0.135435992579	0.126159554731	0.126159554731	0.133580705009	0.124304267161	0.139146567718	0.0983302411874	0.038961038961	0.128014842301	0.115027829314	0.139146567718	0.109461966605	0.146567717996	0.120593692022	0.176252319109	0.126159554731	0.168831168831	0.166975881262	0.0	0.0	0.128014842301
V1.FI12.snv.bam	0.155844155844	0.153988868275	0.128014842301	0.137291280148	0.126159554731	0.126159554731	0.137291280148	0.12987012987	0.139146567718	0.102040816327	0.038961038961	0.128014842301	0.118738404453	0.139146567718	0.113172541744	0.148423005566	0.122448979592	0.176252319109	0.126159554731	0.17254174397	0.166975881262	0.0	0.0	0.13172541744
V1.FI19.snv.bam	0.17254174397	0.170686456401	0.120593692022	0.12987012987	0.141001855288	0.141001855288	0.133580705009	0.124304267161	0.142857142857	0.13172541744	0.133580705009	0.155844155844	0.111317254174	0.166975881262	0.111317254174	0.141001855288	0.135435992579	0.183673469388	0.13172541744	0.170686456401	0.163265306122	0.128014842301	0.13172541744	0.0
