	147406386-tonguedorsum3.snv.bam	158337416-tonguedorsum1.snv.bam	158883629-tonguedorsum1.snv.bam	158883629-tonguedorsum3.snv.bam	158944319-tonguedorsum1.snv.bam	159005010-tonguedorsum2.snv.bam	159268001-tonguedorsum1.snv.bam	159551223-tonguedorsum1.snv.bam	159632143-tonguedorsum1.snv.bam	159733294-tonguedorsum1.snv.bam	159915365-tonguedorsum1.snv.bam	160259276-tonguedorsum1.snv.bam	160502038-tonguedorsum3.snv.bam	246515023-tonguedorsum1.snv.bam	370027359-tonguedorsum3.snv.bam	404239096-tonguedorsum1.snv.bam	550534656-tonguedorsum2.snv.bam	550534656-tonguedorsum3.snv.bam	604812005-tonguedorsum3.snv.bam	638754422-tonguedorsum2.snv.bam	663835652-tonguedorsum2.snv.bam	675950834-tonguedorsum1.snv.bam	675950834-tonguedorsum2.snv.bam	737052003-tonguedorsum1.snv.bam	737052003-tonguedorsum2.snv.bam	739574095-tonguedorsum2.snv.bam	763395383-anteriornares3.snv.bam	763395383-tonguedorsum3.snv.bam	763536994-tonguedorsum1.snv.bam	763536994-tonguedorsum2.snv.bam	763536994-tonguedorsum3.snv.bam	763577454-tonguedorsum1.snv.bam	763577454-tonguedorsum2.snv.bam	763759525-tonguedorsum2.snv.bam	763901136-tonguedorsum2.snv.bam	763901136-tonguedorsum3.snv.bam	763982056-tonguedorsum3.snv.bam	764062976-tonguedorsum2.snv.bam	764083206-tonguedorsum1.snv.bam	764083206-tonguedorsum2.snv.bam	764143897-tonguedorsum1.snv.bam	764224817-tonguedorsum1.snv.bam	764285508-tonguedorsum2.snv.bam	764325968-tonguedorsum1.snv.bam	764325968-tonguedorsum2.snv.bam	764366428-throat2.snv.bam	764366428-tonguedorsum2.snv.bam	764467579-tonguedorsum3.snv.bam	764487809-tonguedorsum1.snv.bam	764487809-tonguedorsum2.snv.bam	764588959-tonguedorsum2.snv.bam	764811490-tonguedorsum1.snv.bam	764811490-tonguedorsum2.snv.bam	764872181-tonguedorsum1.snv.bam	764892411-tonguedorsum2.snv.bam	765013792-tonguedorsum1.snv.bam	765013792-tonguedorsum2.snv.bam	765013792-tonguedorsum3.snv.bam	765034022-tonguedorsum1.snv.bam	765074482-tonguedorsum1.snv.bam	765074482-tonguedorsum3.snv.bam	765094712-tonguedorsum1.snv.bam	765094712-tonguedorsum2.snv.bam	765155402-tonguedorsum3.snv.bam	765195863-tonguedorsum3.snv.bam	765216093-tonguedorsum3.snv.bam	765337473-tonguedorsum1.snv.bam	765620695-tonguedorsum1.snv.bam	765701615-tonguedorsum2.snv.bam	823052294-tonguedorsum1.snv.bam	857980665-tonguedorsum2.snv.bam	857980665-tonguedorsum3.snv.bam	861967750-tonguedorsum1.snv.bam	861967750-tonguedorsum2.snv.bam	863126187-tonguedorsum3.snv.bam	953045535-tonguedorsum2.snv.bam
147406386-tonguedorsum3.snv.bam	0.0	0.179495894431	0.172051261061	0.179858385175	0.148088753383	0.143148896076	0.164742387966	0.154404724748	0.170607352828	0.170499132398	0.179857476118	0.161797186562	0.180254288127	0.236049351804	0.156342087101	0.166830645965	0.144313253079	0.14371551487	0.242969215633	0.166279831704	0.221451177384	0.165180066691	0.167996990122	0.191034540591	0.189936640933	0.171920489697	0.182161394538	0.183761830324	0.120289080567	0.128430065544	0.104225434406	0.245286517016	0.21172444791	0.0447848888524	0.176422765394	0.173377908939	0.152094321354	0.195870658076	0.255257111262	0.274068875271	0.173617848665	0.135662117477	0.229662150157	0.16280989645	0.156224359537	0.181824263341	0.170576233999	0.1685631263	0.165830759384	0.166831505763	0.195933465884	0.183740841028	0.183003691933	0.156480537998	0.193385277346	0.160255566243	0.154430865853	0.173427348095	0.183374835147	0.148544993671	0.156242227996	0.241796920931	0.255487819624	0.136333184196	0.143111123939	0.132595641298	0.141429208572	0.148794566428	0.247006743618	0.148876926079	0.144188949372	0.144619562149	0.165739207159	0.161482657139	0.100426180908	0.148129572605
158337416-tonguedorsum1.snv.bam	0.179495894431	0.0	0.17047701649	0.171977345621	0.143584285165	0.116124271157	0.156603385971	0.200123857848	0.206122509078	0.194912512393	0.205944282976	0.166212272901	0.123901779612	0.253823759726	0.221937878031	0.161292400209	0.145756527081	0.148234835627	0.243768967127	0.185922639331	0.170258091734	0.135125423318	0.119867759249	0.16088464581	0.161324221345	0.164058720286	0.12406883267	0.157636500194	0.22619919862	0.233691171103	0.192901409487	0.241418691469	0.203021351563	0.19453676603	0.177346892622	0.171009194815	0.0770028801076	0.213434884234	0.233219587862	0.254337689986	0.180216511736	0.149310757245	0.217841986896	0.148135702081	0.147090290648	0.179669244719	0.176873631349	0.191116391918	0.150807301404	0.153462750735	0.207408025245	0.227147777568	0.225664850577	0.0786071029528	0.161545125436	0.185512344053	0.183932304526	0.207990810754	0.200729466911	0.174297542423	0.237152610543	0.208698995136	0.218703693721	0.183084388707	0.114096022782	0.165047535108	0.219457568583	0.221044582199	0.236501399155	0.178626193498	0.185020907945	0.167399006479	0.176624380277	0.172384480689	0.155288101511	0.155173862786
158883629-tonguedorsum1.snv.bam	0.172051261061	0.17047701649	0.0	0.0154459799496	0.144746691704	0.110474193385	0.122130436296	0.176379165703	0.178177887059	0.168534712281	0.192790644167	0.171073339104	0.163658059652	0.25032078986	0.183182418696	0.137657800297	0.141189128681	0.142524135563	0.246098782303	0.178183025684	0.186713756967	0.1569015665	0.152637968053	0.197599406376	0.19974445479	0.184791254196	0.168353721924	0.164125112673	0.206762747602	0.217017535183	0.185108080445	0.225080376144	0.185111692867	0.187367626451	0.162875819632	0.161304710349	0.165937107759	0.202585799516	0.241714788197	0.273167552126	0.183391606504	0.151267024942	0.221625987754	0.109068006487	0.104070941416	0.176987564217	0.164674549818	0.156634844197	0.118118235864	0.118593183886	0.188252117626	0.180931760431	0.179494656832	0.168712249012	0.174308508342	0.173726965559	0.132505850476	0.175759025282	0.194913675134	0.158332382587	0.217605974947	0.214223669099	0.22730253884	0.131442543523	0.137495290653	0.137282627352	0.174996830877	0.176098636124	0.233983102297	0.156732732126	0.170930002529	0.15871975328	0.168511684558	0.165276304524	0.144101945836	0.163561352737
158883629-tonguedorsum3.snv.bam	0.179858385175	0.171977345621	0.0154459799496	0.0	0.147391250395	0.110601545413	0.12201141577	0.180969579233	0.182321939598	0.170953663041	0.196229393487	0.169196654885	0.166793677385	0.252234830551	0.190271244494	0.137874265573	0.142058089539	0.143710478948	0.252378942948	0.179521830548	0.187839546605	0.165675151851	0.161414771774	0.197364364414	0.199719582684	0.186389857454	0.169709686845	0.164948970633	0.208460118802	0.218389906953	0.188926768488	0.225542836512	0.183989512378	0.192871824847	0.165855132955	0.163698508069	0.166958744038	0.206347754352	0.247896302567	0.274756577985	0.184801124011	0.153579458498	0.224723562755	0.104778492541	0.100353776966	0.18072019358	0.168853865676	0.156734927226	0.115305351176	0.115792642947	0.186613483452	0.18071310236	0.179275402963	0.170125074679	0.175694294868	0.178761179228	0.138565435503	0.178359877251	0.194559753387	0.159939772893	0.220200038214	0.215743691801	0.228473233421	0.13597577696	0.138708406769	0.14174889767	0.179675225703	0.180860220613	0.233552490678	0.159317074198	0.17246649815	0.160400468986	0.167876804106	0.164468131136	0.147558334715	0.169226275435
158944319-tonguedorsum1.snv.bam	0.148088753383	0.143584285165	0.144746691704	0.147391250395	0.0	0.0803846647529	0.119475514818	0.145476461823	0.105065689072	0.0886452040264	0.158502582516	0.127650217768	0.137231463343	0.200860276498	0.149310421141	0.134495662848	0.109810455016	0.110654849055	0.229243955271	0.148982790521	0.170124015832	0.133186974381	0.130512817328	0.152292401645	0.152096519795	0.164952813247	0.154046177222	0.107826815101	0.171799518368	0.182367744826	0.149010342214	0.177257049106	0.142969864588	0.161791201199	0.134002518318	0.141749413878	0.108104544945	0.135778097148	0.213397578945	0.244006384415	0.170186615958	0.120840860094	0.190509688753	0.111372367897	0.104238208926	0.174642043545	0.163266670535	0.126640109849	0.111354798041	0.1147515909	0.166520866037	0.168877654586	0.167306659444	0.129753716251	0.145348980299	0.127315115492	0.109008422755	0.100097112089	0.15800271584	0.130754509169	0.185424343276	0.180916929925	0.192355740534	0.113326069322	0.104125623499	0.129694510736	0.178288314912	0.183527491553	0.22738281234	0.128184352899	0.144510930721	0.127743660863	0.12554130912	0.119851312721	0.120652606306	0.107764888509
159005010-tonguedorsum2.snv.bam	0.143148896076	0.116124271157	0.110474193385	0.110601545413	0.0803846647529	0.0	0.100787945136	0.143648162434	0.129267539246	0.108657051915	0.157990255803	0.132095744784	0.133615826845	0.211290134502	0.159514342902	0.092866167739	0.0894460728594	0.0893580335974	0.243170729753	0.125348689933	0.150985330029	0.124813330123	0.120917157656	0.147009537511	0.147410108458	0.13902413273	0.146900153722	0.0951328700825	0.181964113408	0.192368239088	0.159692204635	0.171639895545	0.125381960527	0.149607116013	0.131747767164	0.129742878539	0.114315081176	0.146841082857	0.217224938069	0.244830072522	0.138968072132	0.105934298822	0.169830426202	0.0852112036873	0.0779656473993	0.135751620154	0.122881833241	0.102725941402	0.0851320582878	0.0915361610316	0.139244440793	0.142898310039	0.141191083479	0.129648274404	0.132005919698	0.115700279939	0.109533541905	0.123454795592	0.154958511651	0.11270288508	0.170147745105	0.152087045126	0.16598585145	0.121618216229	0.0735274462105	0.102811872821	0.146927035542	0.148420958126	0.232969503841	0.114028313646	0.134960127183	0.116623988372	0.109196105948	0.103944318049	0.119287625217	0.120569959351
159268001-tonguedorsum1.snv.bam	0.164742387966	0.156603385971	0.122130436296	0.12201141577	0.119475514818	0.100787945136	0.0	0.165122564138	0.146972440341	0.139196758913	0.186247440014	0.139544758475	0.161882829088	0.220085395112	0.143087492049	0.129041453728	0.115454592188	0.117344481553	0.247094808931	0.154799064571	0.179809294016	0.164386614486	0.171632342471	0.172790790119	0.172890046669	0.164181413449	0.164689138621	0.133901605696	0.185010559174	0.193178498997	0.175852356045	0.211065490062	0.17484634276	0.176905780412	0.155006871714	0.150185040219	0.159465596849	0.176514605959	0.230647881246	0.255555166116	0.180981985424	0.146425153293	0.189514379654	0.0334079179279	0.0329981284393	0.197082736823	0.18880795428	0.13035198004	0.02942192613	0.0298913909577	0.163432941545	0.155650783692	0.15439932324	0.168929761536	0.152446872396	0.123274563025	0.101835091382	0.150147403864	0.17405858982	0.139420197169	0.190045090955	0.162856738468	0.174030153481	0.116901517779	0.122637939437	0.144110299023	0.176508887609	0.179221947564	0.257601200877	0.134615267224	0.154060798214	0.134213933558	0.121533628637	0.119135396021	0.145364398334	0.149051261079
159551223-tonguedorsum1.snv.bam	0.154404724748	0.200123857848	0.176379165703	0.180969579233	0.145476461823	0.143648162434	0.165122564138	0.0	0.148750393134	0.155049231361	0.159880532305	0.116210137258	0.185967970299	0.226907380145	0.148629709176	0.112221613897	0.13704127274	0.139285722277	0.261847598813	0.168460767059	0.232172023076	0.180919475695	0.176876427086	0.147744010655	0.145396198013	0.176224495853	0.213755845393	0.163881450754	0.143053197096	0.154901245326	0.141022161645	0.264087977429	0.236801903588	0.153187846454	0.173376271571	0.17357808671	0.196838006837	0.208402995855	0.239618205504	0.270127232504	0.204987625183	0.142770529719	0.186259637818	0.164565749765	0.157307677227	0.19623061767	0.188429242269	0.135883147735	0.165739498754	0.169668952511	0.180674993123	0.170600387513	0.168950347725	0.195466655139	0.193790531044	0.132438626542	0.161627596895	0.146211056083	0.155411612902	0.161838501925	0.213108249699	0.202901909553	0.21245805212	0.161642507708	0.157401045933	0.142877538017	0.109451708399	0.111661311256	0.263221669321	0.149814409404	0.170227315314	0.156822884653	0.12236343275	0.120464623409	0.148359221876	0.129902141785
159632143-tonguedorsum1.snv.bam	0.170607352828	0.206122509078	0.178177887059	0.182321939598	0.105065689072	0.129267539246	0.146972440341	0.148750393134	0.0	0.0527274352961	0.184980015973	0.141188386271	0.177840971859	0.195523040393	0.121706090655	0.128820470329	0.117559760539	0.115285429932	0.262601435296	0.15904237248	0.214583828608	0.168560472882	0.171515094043	0.163542264365	0.16139309075	0.185676692991	0.184183046437	0.139927610297	0.15021587056	0.161727607911	0.136373866158	0.222405877762	0.19040528109	0.184300622623	0.168577792789	0.178387594254	0.164786543636	0.128515096569	0.246397668432	0.267003653917	0.200441353742	0.153485046383	0.196650558605	0.138074228477	0.130789906306	0.20789813988	0.198368461199	0.125907329259	0.136826121596	0.14340140673	0.181897979743	0.159177486799	0.157872562767	0.183561631698	0.174370403567	0.140394249859	0.139849610411	0.0783137663316	0.159307383235	0.14363351749	0.192614148069	0.188789241544	0.198565851979	0.162929323633	0.145042521994	0.14842108658	0.166455604639	0.170667686921	0.276938658509	0.132912620507	0.155423674866	0.136521446686	0.146774853392	0.143158507669	0.147464679515	0.128893403554
159733294-tonguedorsum1.snv.bam	0.170499132398	0.194912512393	0.168534712281	0.170953663041	0.0886452040264	0.108657051915	0.139196758913	0.155049231361	0.0527274352961	0.0	0.18574293073	0.146114322838	0.173474308264	0.199908270995	0.128502828877	0.132674774383	0.111703596907	0.108406996692	0.259003775527	0.168384217458	0.205692043097	0.147791279993	0.148845458487	0.167642817826	0.166383595099	0.197649986446	0.17094757364	0.127108549207	0.157384892096	0.167834400179	0.130464781705	0.197824802725	0.169240024868	0.190214603463	0.163724195228	0.172559594213	0.142283068123	0.104325217585	0.244399546434	0.272974623539	0.194365587091	0.158718972448	0.199969734697	0.124818915207	0.117895368746	0.19444648517	0.185612677274	0.127206943652	0.121463727885	0.129224521149	0.182910277695	0.166881606548	0.165322423893	0.164713100477	0.171695241419	0.142996634601	0.121310106896	0.0595615905164	0.184664998962	0.154536916989	0.195510395416	0.175558923006	0.185094906507	0.14612323557	0.132579175941	0.152910940706	0.166452845854	0.170506146543	0.274525429664	0.139202516211	0.165685496019	0.143643625029	0.1481831008	0.143718418074	0.148108095321	0.136222188465
159915365-tonguedorsum1.snv.bam	0.179857476118	0.205944282976	0.192790644167	0.196229393487	0.158502582516	0.157990255803	0.186247440014	0.159880532305	0.184980015973	0.18574293073	0.0	0.150326684639	0.20676324612	0.246306284607	0.187861057471	0.159256232177	0.167502488288	0.168381845064	0.185560598774	0.185127163211	0.224653838661	0.211997384407	0.210199903899	0.191252004764	0.192906796113	0.146733740802	0.238180922534	0.181184693894	0.154007656857	0.160507676981	0.159617077527	0.285060139873	0.257668934484	0.179512770451	0.211364602776	0.218645044749	0.215423557318	0.247224051613	0.183879923774	0.203567047466	0.222348297838	0.170428318352	0.244489489757	0.18975973027	0.182801122689	0.233346634191	0.224015999281	0.183206003815	0.187497973727	0.191827295044	0.202580846638	0.218804287944	0.218044148154	0.21697265247	0.211616911135	0.167702267199	0.197567572209	0.170495356852	0.211233317197	0.191572135088	0.213905232585	0.201178841474	0.214840650263	0.197970243953	0.172273398213	0.199835627301	0.134243529135	0.134531857917	0.168249989812	0.196722816638	0.184611795159	0.163442340035	0.159344530309	0.154810245735	0.180670646477	0.185135633203
160259276-tonguedorsum1.snv.bam	0.161797186562	0.166212272901	0.171073339104	0.169196654885	0.127650217768	0.132095744784	0.139544758475	0.116210137258	0.141188386271	0.146114322838	0.150326684639	0.0	0.170500359432	0.204354222271	0.169206775561	0.0860242731707	0.132738913775	0.131840181699	0.250836029615	0.129259886963	0.172142473555	0.193449961848	0.193006017011	0.0884379088925	0.0777368020921	0.136816244121	0.190319729524	0.13300936591	0.143779545736	0.149751040923	0.145083303272	0.238564177312	0.206773726083	0.159010569015	0.15463206815	0.144971421662	0.181361378332	0.192814178274	0.228907497358	0.25633329298	0.144848030277	0.15385878117	0.164887322644	0.126316019085	0.119276365073	0.183957580715	0.181081437623	0.119336782811	0.131444847204	0.132162619536	0.139798767124	0.134214298675	0.131645541332	0.184068832227	0.156428225355	0.119605610133	0.16811583024	0.157098169861	0.135548383161	0.153164105935	0.183551604323	0.131855215922	0.144108728599	0.149524126573	0.14830072892	0.152109404773	0.166817225205	0.162596380202	0.252947247298	0.126597698206	0.111330667152	0.112358343416	0.0849564313004	0.0849023681753	0.132379740295	0.13115074681
160502038-tonguedorsum3.snv.bam	0.180254288127	0.123901779612	0.163658059652	0.166793677385	0.137231463343	0.133615826845	0.161882829088	0.185967970299	0.177840971859	0.173474308264	0.20676324612	0.170500359432	0.0	0.229834838427	0.182136858315	0.155306416132	0.126314054882	0.128852386071	0.233747942899	0.185365255858	0.190743513944	0.142713110036	0.145671027379	0.18866124048	0.19165088243	0.203972101166	0.1014640028	0.129939225274	0.224260651996	0.234972346206	0.183428367109	0.189130197955	0.161676291533	0.210599416201	0.16968196473	0.189215706233	0.120209602489	0.179910646524	0.252858499779	0.280204103468	0.190621756882	0.145828495807	0.218626626342	0.150301116473	0.147569555975	0.151715931095	0.148793853122	0.168024291211	0.156927077124	0.158450882847	0.187997932669	0.204946817711	0.203514475955	0.132548656528	0.163662798313	0.154552534973	0.167213545119	0.189107351349	0.199941408825	0.123347652662	0.176564229773	0.198775087978	0.209866654092	0.169196489504	0.118685928556	0.178802764154	0.211365300826	0.211544779891	0.241849184925	0.154573447469	0.171345951017	0.15159016545	0.167497301703	0.163936709677	0.167041549625	0.160113345238
246515023-tonguedorsum1.snv.bam	0.236049351804	0.253823759726	0.25032078986	0.252234830551	0.200860276498	0.211290134502	0.220085395112	0.226907380145	0.195523040393	0.199908270995	0.246306284607	0.204354222271	0.229834838427	0.0	0.170041126793	0.194593884486	0.208565345773	0.205753742967	0.237819579486	0.230738217873	0.166486827041	0.197502925484	0.207953969667	0.22899734226	0.225633485572	0.188299497038	0.211905518807	0.160155610286	0.25044858003	0.256985427632	0.225025437022	0.245083175461	0.222683519098	0.243888735456	0.183486814235	0.201881499241	0.238910038918	0.182267843358	0.212393180076	0.222814112375	0.226494052714	0.22614731129	0.155078816535	0.225476255188	0.2192124225	0.217516848502	0.217148253971	0.193129183929	0.230671140391	0.231612803632	0.240175672206	0.20105052973	0.200866820337	0.243368073341	0.143560903834	0.178373078097	0.236526450146	0.215011830933	0.219831201745	0.19088280341	0.201285224358	0.167343294796	0.180973765335	0.238273116264	0.227175118327	0.22204986658	0.228952023917	0.228059019941	0.27750736841	0.195170879705	0.219064071771	0.203401419425	0.21861219537	0.221376644525	0.241375562856	0.184544125204
370027359-tonguedorsum3.snv.bam	0.156342087101	0.221937878031	0.183182418696	0.190271244494	0.149310421141	0.159514342902	0.143087492049	0.148629709176	0.121706090655	0.128502828877	0.187861057471	0.169206775561	0.182136858315	0.170041126793	0.0	0.152765603949	0.136585429011	0.136274745546	0.24347589443	0.180788609174	0.21928327496	0.169304536592	0.180820286537	0.199412651692	0.196923218829	0.186044447568	0.171038267868	0.156229284792	0.169490356672	0.180375038554	0.149492703393	0.234720175155	0.206505528735	0.17499163354	0.171488162086	0.192034621414	0.198466186247	0.159175417716	0.23344734859	0.256293566625	0.207040574466	0.155698634935	0.202313783864	0.155650620204	0.150352117089	0.199827466377	0.193329297626	0.157748357289	0.152643287604	0.157165595219	0.192419441525	0.189948453851	0.188608937365	0.202135521944	0.170899605657	0.137565740391	0.149000716863	0.144802447451	0.194267830447	0.149213191168	0.182479076245	0.194716155047	0.209834004785	0.16782745283	0.167870815202	0.166654431776	0.153043086046	0.155142247799	0.264403136905	0.163636026923	0.191012870305	0.162192315938	0.167999072562	0.167367102886	0.185898284058	0.148848810956
404239096-tonguedorsum1.snv.bam	0.166830645965	0.161292400209	0.137657800297	0.137874265573	0.134495662848	0.092866167739	0.129041453728	0.112221613897	0.128820470329	0.132674774383	0.159256232177	0.0860242731707	0.155306416132	0.194593884486	0.152765603949	0.0	0.107617473941	0.10921857897	0.253228057582	0.113142504751	0.179082006217	0.16182930428	0.161834994136	0.113401131009	0.107593791459	0.151252956859	0.179082658313	0.130489771072	0.182629447923	0.194092026966	0.166720722391	0.22739390189	0.188331706835	0.180051537619	0.144826839295	0.136445873353	0.16798844226	0.194890552005	0.223378435868	0.241511113055	0.169160169556	0.139070881249	0.156199801968	0.121461945305	0.11545578614	0.191565154889	0.180099725595	0.0943141858121	0.12407478276	0.127250336224	0.125596321612	0.117249474511	0.115184951462	0.17451331125	0.154119647066	0.0979160485244	0.148773602355	0.138470428933	0.130356624641	0.128819769134	0.186364313145	0.139997879435	0.149392657244	0.163419525395	0.128845205459	0.132924445633	0.137309733118	0.134284633517	0.249310867579	0.107184951751	0.124165027952	0.115735939035	0.0777226867959	0.0779508042636	0.161871653995	0.115711584323
550534656-tonguedorsum2.snv.bam	0.144313253079	0.145756527081	0.141189128681	0.142058089539	0.109810455016	0.0894460728594	0.115454592188	0.13704127274	0.117559760539	0.111703596907	0.167502488288	0.132738913775	0.126314054882	0.208565345773	0.136585429011	0.107617473941	0.0	0.0138082244151	0.231251860627	0.128570733889	0.19220376619	0.142837834426	0.13669797277	0.153251829486	0.153669409403	0.161012394169	0.15222954577	0.105246830791	0.164210145824	0.175442405423	0.137546206381	0.218291359502	0.182956651684	0.160957151775	0.158044603779	0.156409696367	0.121974660262	0.184006905235	0.229380227431	0.256000201369	0.188318617885	0.123763906015	0.185923343544	0.103870619328	0.0979745604164	0.190036329887	0.180823416375	0.0901539916226	0.102978762724	0.106524679405	0.144571325252	0.119116841564	0.117345166581	0.135916419581	0.141671261132	0.121426041052	0.127242601316	0.121491933502	0.149146085236	0.122865689544	0.178143558116	0.170690027375	0.181717494166	0.145220768889	0.086283242085	0.127265965962	0.151752703875	0.154252672436	0.236114990704	0.0748785031682	0.146486381043	0.12404593863	0.0995372795212	0.0920305231985	0.134756358154	0.134749883682
550534656-tonguedorsum3.snv.bam	0.14371551487	0.148234835627	0.142524135563	0.143710478948	0.110654849055	0.0893580335974	0.117344481553	0.139285722277	0.115285429932	0.108406996692	0.168381845064	0.131840181699	0.128852386071	0.205753742967	0.136274745546	0.10921857897	0.0138082244151	0.0	0.233453468337	0.129490124752	0.192034733956	0.142886850707	0.137834203866	0.153045403383	0.153462420831	0.159702783149	0.153171375303	0.107294878594	0.163416667628	0.174679137386	0.136595389753	0.217010845701	0.181911003899	0.159752375507	0.159065822478	0.155537310687	0.122397683654	0.181449359776	0.230975635826	0.257747797902	0.185941045885	0.123108797227	0.184834583935	0.105549025191	0.0988642774658	0.190383240805	0.180888625486	0.0907636751052	0.10551651872	0.109014809952	0.146861211378	0.118812392741	0.117039892693	0.136317810016	0.141490387926	0.123489666666	0.130421026999	0.122671791542	0.148182287025	0.122011716265	0.175861995345	0.170677286571	0.181718546233	0.145054186845	0.0879118252293	0.12434474758	0.149706355007	0.152226522781	0.238636567037	0.0747674143621	0.144714669578	0.121892341105	0.100887894003	0.0932381225886	0.13466249417	0.135082027103
604812005-tonguedorsum3.snv.bam	0.242969215633	0.243768967127	0.246098782303	0.252378942948	0.229243955271	0.243170729753	0.247094808931	0.261847598813	0.262601435296	0.259003775527	0.185560598774	0.250836029615	0.233747942899	0.237819579486	0.24347589443	0.253228057582	0.231251860627	0.233453468337	0.0	0.264208535295	0.228754897613	0.229365345322	0.238824725636	0.287390410222	0.289102942668	0.235893768222	0.257002754576	0.233218599549	0.261938108783	0.269260920569	0.232073072382	0.302294194519	0.28497964129	0.25449895955	0.26043734139	0.263630046234	0.254088791437	0.267342237299	0.166028541244	0.181986547112	0.287950774737	0.203186331505	0.254644046346	0.254954250621	0.253508359799	0.283480796091	0.284829107054	0.255497869982	0.261503657122	0.262486093646	0.280783167583	0.283062136556	0.284102621891	0.260334802885	0.212828545569	0.254533470695	0.258087214905	0.262546540177	0.2766952396	0.23081098047	0.25315560348	0.244929946183	0.254091575111	0.259216296642	0.243338638153	0.268728395572	0.251898866419	0.258563231472	0.11111653011	0.25350925438	0.257150613028	0.237593406793	0.261036271931	0.259248385135	0.253291260843	0.244330413655
638754422-tonguedorsum2.snv.bam	0.166279831704	0.185922639331	0.178183025684	0.179521830548	0.148982790521	0.125348689933	0.154799064571	0.168460767059	0.15904237248	0.168384217458	0.185127163211	0.129259886963	0.185365255858	0.230738217873	0.180788609174	0.113142504751	0.128570733889	0.129490124752	0.264208535295	0.0	0.207251807444	0.1940450213	0.1951925157	0.152995278017	0.147889582345	0.175359464442	0.198950032519	0.152572466067	0.181994851473	0.188543527101	0.179402174357	0.236747820319	0.202755538468	0.169628719165	0.178048323033	0.170448475648	0.174675795426	0.214599655253	0.248351428621	0.262541258458	0.193309479733	0.145118993647	0.181614216333	0.151900077564	0.145166797117	0.206827221004	0.194098292338	0.130195836373	0.152272338394	0.152078301952	0.0555398965553	0.148429544423	0.149201434155	0.190017111708	0.179176663945	0.137371377604	0.182470110252	0.168558259081	0.155225282495	0.161065723254	0.181466542441	0.156417926967	0.162517130299	0.182457660563	0.140416523356	0.142689568322	0.18370935364	0.178188597085	0.257492947482	0.139311944656	0.162028404737	0.154594114491	0.121715973763	0.120497559054	0.158540250967	0.168239097199
663835652-tonguedorsum2.snv.bam	0.221451177384	0.170258091734	0.186713756967	0.187839546605	0.170124015832	0.150985330029	0.179809294016	0.232172023076	0.214583828608	0.205692043097	0.224653838661	0.172142473555	0.190743513944	0.166486827041	0.21928327496	0.179082006217	0.19220376619	0.192034733956	0.228754897613	0.207251807444	0.0	0.197744298642	0.201328101885	0.209782315777	0.209782315777	0.136059670782	0.211927635692	0.140013865302	0.249434775343	0.255958168966	0.229955797489	0.214047283033	0.18296508352	0.224558382617	0.167158590437	0.161978117928	0.221373118731	0.184508411131	0.217922776902	0.242921681353	0.1308742524	0.200174040432	0.135662666025	0.16711232743	0.169039033404	0.185751616953	0.183563161744	0.196891739037	0.175315369562	0.177509645567	0.215658571121	0.181312587287	0.179320950788	0.221594891595	0.0663372707398	0.210809340757	0.198010255259	0.232895995694	0.209997501888	0.171422172182	0.177429423854	0.11824350787	0.127203145302	0.207166134087	0.18571061796	0.166190824316	0.21549931021	0.216531993142	0.244316368552	0.187698817486	0.184623680615	0.173138376135	0.216701819581	0.213362831664	0.185224849027	0.202157310569
675950834-tonguedorsum1.snv.bam	0.165180066691	0.135125423318	0.1569015665	0.165675151851	0.133186974381	0.124813330123	0.164386614486	0.180919475695	0.168560472882	0.147791279993	0.211997384407	0.193449961848	0.142713110036	0.197502925484	0.169304536592	0.16182930428	0.142837834426	0.142886850707	0.229365345322	0.1940450213	0.197744298642	0.0	0.03117644665	0.212855168047	0.211564370869	0.192304542105	0.118434582847	0.152679497635	0.215964743173	0.227231751636	0.172136270596	0.211107530033	0.187112150966	0.191871224829	0.149891421566	0.160648639635	0.102043796289	0.167454791534	0.227564736175	0.25824994209	0.182757630364	0.143272675489	0.205635731471	0.167509691243	0.160804080531	0.167993840388	0.166487476161	0.175036194083	0.166285941301	0.168416371812	0.216503880153	0.204025419489	0.202590573934	0.111762392167	0.165986758462	0.17604874637	0.154291725371	0.161189570184	0.206925324641	0.163541220338	0.217444017015	0.213293922592	0.225850326229	0.14636201495	0.12973120288	0.155537759584	0.180891139671	0.184804365424	0.243588059419	0.153643263279	0.196677535881	0.176886540258	0.18079902153	0.178143277214	0.161663963636	0.139828326096
675950834-tonguedorsum2.snv.bam	0.167996990122	0.119867759249	0.152637968053	0.161414771774	0.130512817328	0.120917157656	0.171632342471	0.176876427086	0.171515094043	0.148845458487	0.210199903899	0.193006017011	0.145671027379	0.207953969667	0.180820286537	0.161834994136	0.13669797277	0.137834203866	0.238824725636	0.1951925157	0.201328101885	0.03117644665	0.0	0.210177491022	0.208907055447	0.191885284486	0.11065325677	0.160193606758	0.215442124279	0.227153911839	0.167386727301	0.221906442922	0.196536039079	0.195076727629	0.148681867999	0.158585077146	0.083537413014	0.175706395662	0.228280565211	0.260898964435	0.183282755487	0.144435940862	0.211812832641	0.165729860116	0.159353997389	0.167026970912	0.164537357089	0.176024945946	0.16535230546	0.16757936827	0.218022639224	0.205396468619	0.20385443481	0.08886168109	0.174398900531	0.187222904836	0.158025224256	0.163205269227	0.203393390429	0.169030660847	0.223185247366	0.225689967789	0.23818235104	0.149212657341	0.123622046442	0.157557633917	0.18017520726	0.186014729156	0.243432117395	0.152106429422	0.203685449825	0.18240189245	0.182824172417	0.179173156352	0.158068594618	0.142215810772
737052003-tonguedorsum1.snv.bam	0.191034540591	0.16088464581	0.197599406376	0.197364364414	0.152292401645	0.147009537511	0.172790790119	0.147744010655	0.163542264365	0.167642817826	0.191252004764	0.0884379088925	0.18866124048	0.22899734226	0.199412651692	0.113401131009	0.153251829486	0.153045403383	0.287390410222	0.152995278017	0.209782315777	0.212855168047	0.210177491022	0.0	0.0	0.159635416667	0.200445141464	0.16708624582	0.189680891189	0.195612708115	0.183262400443	0.239601497018	0.208984337618	0.182224136562	0.178756369672	0.171846114636	0.194176598859	0.215117319306	0.268728813601	0.288448934485	0.181828384859	0.168752765769	0.193752485445	0.163461331352	0.154195587156	0.194265640676	0.19391373798	0.124743624942	0.163434903047	0.168596408318	0.154929577465	0.156354722896	0.153846153846	0.180327868852	0.196736941579	0.14882192089	0.174803402193	0.165187518099	0.162759162587	0.174750226935	0.226802231627	0.170331027668	0.175942369891	0.200908457108	0.173408927707	0.170382766031	0.202281073969	0.204829473477	0.279632004593	0.151583616845	0.159468364741	0.155256519324	0.115724688194	0.115834862038	0.173347075235	0.15245922853
737052003-tonguedorsum2.snv.bam	0.189936640933	0.161324221345	0.19974445479	0.199719582684	0.152096519795	0.147410108458	0.172890046669	0.145396198013	0.16139309075	0.166383595099	0.192906796113	0.0777368020921	0.19165088243	0.225633485572	0.196923218829	0.107593791459	0.153669409403	0.153462420831	0.289102942668	0.147889582345	0.209782315777	0.211564370869	0.208907055447	0.0	0.0	0.157001044932	0.202159647197	0.168470472436	0.189680891189	0.196060993681	0.18334769095	0.24791727247	0.213865089741	0.181915210744	0.178108269188	0.173922937157	0.192171561839	0.215399009147	0.263046030651	0.284629572303	0.184076109076	0.169777079007	0.186414016262	0.163914132824	0.154627507569	0.199722920169	0.195781275849	0.122722716654	0.163888888889	0.169055799076	0.150568181818	0.153991228545	0.151515151515	0.183561643836	0.194922639613	0.142929430911	0.178528500543	0.170853240479	0.156730635954	0.173425551239	0.226026359054	0.170816301251	0.176930810171	0.20092682078	0.173730054062	0.170883891814	0.202841409353	0.203217860293	0.283656004608	0.152849048944	0.156088168889	0.152758761272	0.110576394993	0.110936440221	0.173805065496	0.149812271651
739574095-tonguedorsum2.snv.bam	0.171920489697	0.164058720286	0.184791254196	0.186389857454	0.164952813247	0.13902413273	0.164181413449	0.176224495853	0.185676692991	0.197649986446	0.146733740802	0.136816244121	0.203972101166	0.188299497038	0.186044447568	0.151252956859	0.161012394169	0.159702783149	0.235893768222	0.175359464442	0.136059670782	0.192304542105	0.191885284486	0.159635416667	0.157001044932	0.0	0.218223023181	0.160191172945	0.180546053892	0.188602703386	0.187617148703	0.265392577663	0.223781813296	0.172062850344	0.146401253497	0.130017003415	0.212487829331	0.230445865591	0.208919797278	0.224337614914	0.119137731481	0.166668278801	0.199256190777	0.160513177755	0.158278367269	0.226066418499	0.220361405993	0.161882181331	0.15749475891	0.160390189521	0.192574786325	0.137206360157	0.136904761905	0.207688338493	0.127049362014	0.179441442207	0.189754507013	0.206725669999	0.158536516067	0.16277945054	0.163174270534	0.193957456755	0.207566767237	0.20504372695	0.172491440322	0.122933361223	0.163974479016	0.168804902336	0.212646440418	0.153243408215	0.178590640009	0.156065576964	0.167498721831	0.163421279791	0.181245307203	0.157056759558
763395383-anteriornares3.snv.bam	0.182161394538	0.12406883267	0.168353721924	0.169709686845	0.154046177222	0.146900153722	0.164689138621	0.213755845393	0.184183046437	0.17094757364	0.238180922534	0.190319729524	0.1014640028	0.211905518807	0.171038267868	0.179082658313	0.15222954577	0.153171375303	0.257002754576	0.198950032519	0.211927635692	0.118434582847	0.11065325677	0.200445141464	0.202159647197	0.218223023181	0.0	0.155302320577	0.234522191344	0.243875563071	0.183044783335	0.192496110982	0.163863694122	0.20697303122	0.149948804714	0.169618066354	0.0980188143422	0.155352945691	0.258156936662	0.283734170798	0.183432775112	0.158219056805	0.225285460248	0.156695445704	0.153597793595	0.133255216988	0.131382143666	0.193609974908	0.159535672646	0.161997457503	0.206290974829	0.225755549941	0.224545202256	0.100272839402	0.18037758705	0.192283482684	0.173380105068	0.192786722734	0.226289799478	0.150297520155	0.191591561351	0.222835176607	0.235456457261	0.161002344446	0.135165179897	0.192099143578	0.224832638791	0.224544854712	0.259199139919	0.16791335976	0.197863723307	0.17553189855	0.200352118636	0.197937224292	0.175728194306	0.161994767175
763395383-tonguedorsum3.snv.bam	0.183761830324	0.157636500194	0.164125112673	0.164948970633	0.107826815101	0.0951328700825	0.133901605696	0.163881450754	0.139927610297	0.127108549207	0.181184693894	0.13300936591	0.129939225274	0.160155610286	0.156229284792	0.130489771072	0.105246830791	0.107294878594	0.233218599549	0.152572466067	0.140013865302	0.152679497635	0.160193606758	0.16708624582	0.168470472436	0.160191172945	0.155302320577	0.0	0.192779849715	0.200630651754	0.172261061717	0.168811226128	0.13536635107	0.185603437666	0.135264753204	0.144043991931	0.156052733055	0.144825836797	0.225843654377	0.256965692253	0.17161141319	0.144864784359	0.148724447625	0.123844665283	0.119560709137	0.145293080453	0.139105079026	0.124513833681	0.124572587926	0.129961844589	0.156295645509	0.165384563523	0.163844715642	0.174090047478	0.102658316505	0.128350670823	0.136494811766	0.142212524829	0.183415356076	0.121893422406	0.160018202657	0.121575931067	0.130834874324	0.155367590319	0.117030230226	0.151982328253	0.180746104048	0.182424947952	0.245835792951	0.138349149598	0.139144307515	0.108480502193	0.12733805569	0.122285298796	0.150273580693	0.13485683029
763536994-tonguedorsum1.snv.bam	0.120289080567	0.22619919862	0.206762747602	0.208460118802	0.171799518368	0.181964113408	0.185010559174	0.143053197096	0.15021587056	0.157384892096	0.154007656857	0.143779545736	0.224260651996	0.25044858003	0.169490356672	0.182629447923	0.164210145824	0.163416667628	0.261938108783	0.181994851473	0.249434775343	0.215964743173	0.215442124279	0.189680891189	0.189680891189	0.180546053892	0.234522191344	0.192779849715	0.0	0.00714329460232	0.0539096533981	0.287707902316	0.25648123946	0.110240122638	0.20162031438	0.193253126184	0.212978337127	0.197425114512	0.269437612151	0.294691009973	0.207027616445	0.18390446249	0.242484722354	0.180289466979	0.174055226849	0.217429843418	0.210234841965	0.189166658293	0.18567494042	0.182450628711	0.211184065269	0.218781599993	0.217255230731	0.20719124251	0.222368036201	0.18736929668	0.171003203185	0.119403597079	0.217195295291	0.206565719082	0.208418382687	0.217562482947	0.228680045351	0.18639016086	0.182012999142	0.179868251001	0.128407440496	0.129479300654	0.26362269545	0.197787718543	0.164961001561	0.161217265259	0.169349379259	0.164832990737	0.0782217366238	0.181961133236
763536994-tonguedorsum2.snv.bam	0.128430065544	0.233691171103	0.217017535183	0.218389906953	0.182367744826	0.192368239088	0.193178498997	0.154901245326	0.161727607911	0.167834400179	0.160507676981	0.149751040923	0.234972346206	0.256985427632	0.180375038554	0.194092026966	0.175442405423	0.174679137386	0.269260920569	0.188543527101	0.255958168966	0.227231751636	0.227153911839	0.195612708115	0.196060993681	0.188602703386	0.243875563071	0.200630651754	0.00714329460232	0.0	0.0601781035346	0.293849952773	0.26128313519	0.115706378667	0.205909987297	0.198192688196	0.223554331061	0.206495551373	0.277481003372	0.302577298332	0.212426303716	0.194816088465	0.250859039512	0.187735347503	0.181741028277	0.226556554432	0.219811565472	0.196717735997	0.193521517787	0.189722254511	0.216233613122	0.226492146633	0.224948387514	0.217371933018	0.229417865393	0.196077531311	0.18036692338	0.130917858277	0.227286005112	0.217604925402	0.215449917855	0.220122871003	0.230700791741	0.19541313195	0.192440530356	0.18906979135	0.136846867021	0.136686169244	0.270038541357	0.207069830926	0.171182946542	0.168720123119	0.181014990572	0.176725727401	0.0844833037038	0.192826069951
763536994-tonguedorsum3.snv.bam	0.104225434406	0.192901409487	0.185108080445	0.188926768488	0.149010342214	0.159692204635	0.175852356045	0.141022161645	0.136373866158	0.130464781705	0.159617077527	0.145083303272	0.183428367109	0.225025437022	0.149492703393	0.166720722391	0.137546206381	0.136595389753	0.232073072382	0.179402174357	0.229955797489	0.172136270596	0.167386727301	0.183262400443	0.18334769095	0.187617148703	0.183044783335	0.172261061717	0.0539096533981	0.0601781035346	0.0	0.258144657036	0.227122219274	0.119241124855	0.178982849406	0.181801636152	0.174610366478	0.175879907292	0.243977311716	0.273901217326	0.197951711725	0.157850202435	0.229997339991	0.170718752968	0.164619489438	0.187063851416	0.182782726931	0.177304062975	0.176379383781	0.175633716362	0.210830302051	0.213359263385	0.211951389002	0.171768049051	0.199189551181	0.167430273386	0.153703239732	0.128753202089	0.209005604372	0.178359021088	0.19648638322	0.209876268993	0.221340597976	0.167287157108	0.150853946825	0.168871527713	0.135505057776	0.137334413998	0.249075774488	0.170580432139	0.150421526499	0.141200806775	0.167262865902	0.163424002979	0.0770606502607	0.145301366881
763577454-tonguedorsum1.snv.bam	0.245286517016	0.241418691469	0.225080376144	0.225542836512	0.177257049106	0.171639895545	0.211065490062	0.264087977429	0.222405877762	0.197824802725	0.285060139873	0.238564177312	0.189130197955	0.245083175461	0.234720175155	0.22739390189	0.218291359502	0.217010845701	0.302294194519	0.236747820319	0.214047283033	0.211107530033	0.221906442922	0.239601497018	0.24791727247	0.265392577663	0.192496110982	0.168811226128	0.287707902316	0.293849952773	0.258144657036	0.0	0.0123452942092	0.251909615681	0.181080878949	0.194344278977	0.215668185725	0.154398927064	0.308996620464	0.34101445385	0.166704906739	0.214537652062	0.22545761416	0.213299664499	0.207610300502	0.128420711395	0.130205825336	0.222645735373	0.205054223938	0.209267914164	0.236608845887	0.250832868533	0.249082713186	0.230968711373	0.205766775281	0.223770254019	0.215186349429	0.218965369366	0.286250825114	0.188107473953	0.177395934874	0.228940736645	0.238310592744	0.204712407524	0.212256326926	0.223427815703	0.255709053935	0.259506659689	0.306025442094	0.226352897528	0.205130225003	0.199410957225	0.235064813864	0.231401542752	0.23826870725	0.230601194749
