	158337416-tonguedorsum1.snv.bam	158337416-tonguedorsum2.snv.bam	158883629-tonguedorsum2.snv.bam	158883629-tonguedorsum3.snv.bam	159369152-tonguedorsum2.snv.bam	159470302-tonguedorsum1.snv.bam	159510762-tonguedorsum2.snv.bam	159571453-tonguedorsum2.snv.bam	160947100-tonguedorsum1.snv.bam	508703490-tonguedorsum2.snv.bam	550534656-tonguedorsum1.snv.bam	550534656-tonguedorsum2.snv.bam	550534656-tonguedorsum3.snv.bam	604812005-tonguedorsum3.snv.bam	686765762-tonguedorsum2.snv.bam	763395383-tonguedorsum3.snv.bam	763435843-tonguedorsum1.snv.bam	763496533-tonguedorsum2.snv.bam	763577454-tonguedorsum1.snv.bam	764224817-tonguedorsum1.snv.bam	764224817-tonguedorsum2.snv.bam	764811490-tonguedorsum1.snv.bam	765013792-tonguedorsum2.snv.bam	765337473-tonguedorsum1.snv.bam	765377934-tonguedorsum3.snv.bam	765701615-tonguedorsum2.snv.bam	953045535-tonguedorsum2.snv.bam	CCIS58234805ST-4-0.snv.bam	CCMD11006829ST-21-0.snv.bam
158337416-tonguedorsum1.snv.bam	0.0	0.000580323245471	0.18366700715	0.187859161106	0.236318803691	0.158117211329	0.129147812971	0.203896604938	0.109276132625	0.186527979186	0.178955109876	0.196345821798	0.199230538439	0.184807382056	0.177818329278	0.186017897092	0.175307219662	0.16974589998	0.151892655326	0.189495174462	0.188689247394	0.154317496229	0.169282913901	0.189255884586	0.184456928839	0.195114608474	0.208043071161	0.150260999254	0.167971662938
158337416-tonguedorsum2.snv.bam	0.000580323245471	0.0	0.179722663787	0.184083318671	0.233856380081	0.155344384329	0.125514950166	0.200408163265	0.109743132226	0.184993653419	0.179355703757	0.196620800586	0.199563555295	0.182238278343	0.174314214464	0.184455391352	0.173392010833	0.169705142302	0.153668392037	0.185289310232	0.18448051438	0.153712624585	0.167249403982	0.186849132176	0.182843945892	0.192840595326	0.207468657209	0.150010946907	0.167750410509
158883629-tonguedorsum2.snv.bam	0.18366700715	0.179722663787	0.0	0.00276856595012	0.21935055163	0.178418686066	0.163184598276	0.17171005833	0.171654186204	0.155763506346	0.165455347533	0.17419199343	0.180884588755	0.171713936527	0.127609427609	0.170555899127	0.18279095808	0.181371844859	0.219918247126	0.183179424037	0.182166296831	0.188700653322	0.185412410481	0.171397578557	0.134886449921	0.176610754668	0.165856457514	0.189868068439	0.171538514396
158883629-tonguedorsum3.snv.bam	0.187859161106	0.184083318671	0.00276856595012	0.0	0.223179988846	0.180563149406	0.161340671712	0.17635186451	0.17029219698	0.152278950454	0.172000271923	0.181036472116	0.18776910715	0.176122228505	0.126558599551	0.172522010742	0.184755772968	0.179592164761	0.223664013168	0.179028965408	0.178047722194	0.186348751867	0.189412835232	0.176417228617	0.131791378344	0.181853142825	0.167913495434	0.192096954813	0.171776298587
159369152-tonguedorsum2.snv.bam	0.236318803691	0.233856380081	0.21935055163	0.223179988846	0.0	0.207797368948	0.211417748918	0.183776301218	0.224510551742	0.205174651075	0.207991701425	0.199140805595	0.194369240266	0.155278854364	0.234777040401	0.188913857678	0.201444003527	0.224063501748	0.252211278224	0.208106956429	0.207368134259	0.234429112554	0.194743505365	0.196741854637	0.209986026013	0.202272131253	0.209224174997	0.218218298555	0.211289459604
159470302-tonguedorsum1.snv.bam	0.158117211329	0.155344384329	0.178418686066	0.180563149406	0.207797368948	0.0	0.136211818061	0.141692370684	0.134301368231	0.14913377121	0.176631929781	0.185452942911	0.188494497271	0.162626652462	0.197658536585	0.157255781236	0.150275777748	0.163397293577	0.175261384996	0.143012079832	0.14234198783	0.13196011738	0.153867061076	0.159975825947	0.196102278749	0.163458149184	0.170567368839	0.152808845511	0.174864151939
159510762-tonguedorsum2.snv.bam	0.129147812971	0.125514950166	0.163184598276	0.161340671712	0.211417748918	0.136211818061	0.0	0.16548463357	0.113695090439	0.151731054413	0.172406241256	0.182655246368	0.185826643052	0.160225324832	0.164179104478	0.173515981735	0.150234741784	0.193276515152	0.190856110029	0.115909090909	0.115193477922	0.122119815668	0.155691160268	0.173611111111	0.114678899083	0.178295020683	0.159633027523	0.146308980213	0.166666666667
159571453-tonguedorsum2.snv.bam	0.203896604938	0.200408163265	0.17171005833	0.17635186451	0.183776301218	0.141692370684	0.16548463357	0.0	0.166931216931	0.169212057428	0.185108645255	0.185840717921	0.182526037843	0.165326223869	0.196428571429	0.184735202492	0.177458033573	0.188680408739	0.191737582959	0.151162790698	0.152741858238	0.19414893617	0.176637472659	0.187203791469	0.193023255814	0.166271903398	0.147095070423	0.184676791277	0.182242990654
160947100-tonguedorsum1.snv.bam	0.109276132625	0.109743132226	0.171654186204	0.17029219698	0.224510551742	0.134301368231	0.113695090439	0.166931216931	0.0	0.148409786767	0.149738539814	0.163818011492	0.168999720303	0.168875586647	0.167082294264	0.180771182141	0.171503267974	0.144722395581	0.15353039965	0.151284007119	0.150402342489	0.116311369509	0.148634352111	0.175904241478	0.15268154991	0.177620719219	0.167555170644	0.170051085568	0.151979565773
508703490-tonguedorsum2.snv.bam	0.186527979186	0.184993653419	0.155763506346	0.152278950454	0.205174651075	0.14913377121	0.151731054413	0.169212057428	0.148409786767	0.0	0.13136426919	0.132236300363	0.134332869871	0.157079938636	0.168125568878	0.0807546084082	0.161519835966	0.142771482227	0.183802615822	0.122716277971	0.122359404806	0.15419828799	0.160175745269	0.0822314551459	0.144044064739	0.133910350155	0.154366614139	0.159059527537	0.17695661926
550534656-tonguedorsum1.snv.bam	0.178955109876	0.179355703757	0.165455347533	0.172000271923	0.207991701425	0.176631929781	0.172406241256	0.185108645255	0.149738539814	0.13136426919	0.0	0.01545677854	0.0244326502298	0.172918447814	0.199047300539	0.11611998495	0.149898390364	0.152425289312	0.175630476018	0.162156740616	0.161391356106	0.182701061144	0.163156414091	0.114476262497	0.170246612316	0.168294870912	0.177131181212	0.195147897768	0.177259262066
550534656-tonguedorsum2.snv.bam	0.196345821798	0.196620800586	0.17419199343	0.181036472116	0.199140805595	0.185452942911	0.182655246368	0.185840717921	0.163818011492	0.132236300363	0.01545677854	0.0	0.00968930141476	0.169109364993	0.209694434417	0.112899157582	0.160336721447	0.16459066382	0.187784461829	0.172076147713	0.171278654283	0.188758701736	0.174858372805	0.112526780803	0.180899518115	0.175213950228	0.186208506879	0.194586369536	0.180956641954
550534656-tonguedorsum3.snv.bam	0.199230538439	0.199563555295	0.180884588755	0.18776910715	0.194369240266	0.188494497271	0.185826643052	0.182526037843	0.168999720303	0.134332869871	0.0244326502298	0.00968930141476	0.0	0.172541155883	0.214661379872	0.113600183477	0.164948837439	0.166847152708	0.190686506992	0.177318044178	0.176493649234	0.18980846831	0.177471422599	0.11415426769	0.185916852703	0.179395107864	0.193055678888	0.189377374315	0.181934244642
604812005-tonguedorsum3.snv.bam	0.184807382056	0.182238278343	0.171713936527	0.176122228505	0.155278854364	0.162626652462	0.160225324832	0.165326223869	0.168875586647	0.157079938636	0.172918447814	0.169109364993	0.172541155883	0.0	0.18905532178	0.157323374313	0.163150212956	0.181060102044	0.19723416676	0.163955090795	0.163369201393	0.188327329247	0.170936038099	0.166600347071	0.175734332226	0.152617852144	0.17494764529	0.188220532048	0.149755677659
686765762-tonguedorsum2.snv.bam	0.177818329278	0.174314214464	0.127609427609	0.126558599551	0.234777040401	0.197658536585	0.164179104478	0.196428571429	0.167082294264	0.168125568878	0.199047300539	0.209694434417	0.214661379872	0.18905532178	0.0	0.201638001638	0.195431472081	0.217928058087	0.223383739534	0.165853658537	0.165244567497	0.171952736318	0.173023555056	0.203007518797	0.162962962963	0.185141330341	0.174475308642	0.20904995905	0.149509803922
763395383-tonguedorsum3.snv.bam	0.186017897092	0.184455391352	0.170555899127	0.172522010742	0.188913857678	0.157255781236	0.173515981735	0.184735202492	0.180771182141	0.0807546084082	0.11611998495	0.112899157582	0.113600183477	0.157323374313	0.201638001638	0.0	0.153643410853	0.177676200204	0.193357139183	0.161947565543	0.161411967394	0.169082952816	0.168210650082	0.0185440613027	0.174754346183	0.122651738454	0.164635298564	0.171708051166	0.194281414597
763435843-tonguedorsum1.snv.bam	0.175307219662	0.173392010833	0.18279095808	0.184755772968	0.201444003527	0.150275777748	0.150234741784	0.177458033573	0.171503267974	0.161519835966	0.149898390364	0.160336721447	0.164948837439	0.163150212956	0.195431472081	0.153643410853	0.0	0.201695777217	0.211910607213	0.171296296296	0.170542666455	0.148529411765	0.18273487457	0.168246445498	0.161214953271	0.167731925107	0.17210864486	0.176937984496	0.188372093023
763496533-tonguedorsum2.snv.bam	0.16974589998	0.169705142302	0.181371844859	0.179592164761	0.224063501748	0.163397293577	0.193276515152	0.188680408739	0.144722395581	0.142771482227	0.152425289312	0.16459066382	0.166847152708	0.181060102044	0.217928058087	0.177676200204	0.201695777217	0.0	0.161650584893	0.181504643753	0.180884317408	0.197899449036	0.187806593518	0.182951086205	0.187658184554	0.193716432441	0.164040803065	0.200485188968	0.195803541028
763577454-tonguedorsum1.snv.bam	0.151892655326	0.153668392037	0.219918247126	0.223664013168	0.252211278224	0.175261384996	0.190856110029	0.191737582959	0.15353039965	0.183802615822	0.175630476018	0.187784461829	0.190686506992	0.19723416676	0.223383739534	0.193357139183	0.211910607213	0.161650584893	0.0	0.178987405749	0.178281041502	0.215652863166	0.192090776049	0.190649255017	0.228997567461	0.204505707566	0.197540697488	0.179838789958	0.193088119294
764224817-tonguedorsum1.snv.bam	0.189495174462	0.185289310232	0.183179424037	0.179028965408	0.208106956429	0.143012079832	0.115909090909	0.151162790698	0.151284007119	0.122716277971	0.162156740616	0.172076147713	0.177318044178	0.163955090795	0.165853658537	0.161947565543	0.171296296296	0.181504643753	0.178987405749	0.0	0.000188157591583	0.166193181818	0.156315041429	0.1647597254	0.151241534989	0.168974115618	0.143707674944	0.173220973783	0.173033707865
764224817-tonguedorsum2.snv.bam	0.188689247394	0.18448051438	0.182166296831	0.178047722194	0.207368134259	0.14234198783	0.115193477922	0.152741858238	0.150402342489	0.122359404806	0.161391356106	0.171278654283	0.176493649234	0.163369201393	0.165244567497	0.161411967394	0.170542666455	0.180884317408	0.178281041502	0.000188157591583	0.0	0.165476283352	0.155802350812	0.164201555259	0.150596667958	0.170021246137	0.142949438202	0.172634935329	0.174307644835
764811490-tonguedorsum1.snv.bam	0.154317496229	0.153712624585	0.188700653322	0.186348751867	0.234429112554	0.13196011738	0.122119815668	0.19414893617	0.116311369509	0.15419828799	0.182701061144	0.188758701736	0.18980846831	0.188327329247	0.171952736318	0.169082952816	0.148529411765	0.197899449036	0.215652863166	0.166193181818	0.165476283352	0.0	0.172299457231	0.17238372093	0.174598623853	0.192810967655	0.185923165138	0.164859208524	0.169235159817
765013792-tonguedorsum2.snv.bam	0.169282913901	0.167249403982	0.185412410481	0.189412835232	0.194743505365	0.153867061076	0.155691160268	0.176637472659	0.148634352111	0.160175745269	0.163156414091	0.174858372805	0.177471422599	0.170936038099	0.173023555056	0.168210650082	0.18273487457	0.187806593518	0.192090776049	0.156315041429	0.155802350812	0.172299457231	0.0	0.171472432686	0.134960280986	0.161438976158	0.181574007469	0.182156228313	0.184234837535
765337473-tonguedorsum1.snv.bam	0.189255884586	0.186849132176	0.171397578557	0.176417228617	0.196741854637	0.159975825947	0.173611111111	0.187203791469	0.175904241478	0.0822314551459	0.114476262497	0.112526780803	0.11415426769	0.166600347071	0.203007518797	0.0185440613027	0.168246445498	0.182951086205	0.190649255017	0.1647597254	0.164201555259	0.17238372093	0.171472432686	0.0	0.175519630485	0.125151869283	0.17704965358	0.179310344828	0.197701149425
765377934-tonguedorsum3.snv.bam	0.184456928839	0.182843945892	0.134886449921	0.131791378344	0.209986026013	0.196102278749	0.114678899083	0.193023255814	0.15268154991	0.144044064739	0.170246612316	0.180899518115	0.185916852703	0.175734332226	0.162962962963	0.174754346183	0.161214953271	0.187658184554	0.228997567461	0.151241534989	0.150596667958	0.174598623853	0.134960280986	0.175519630485	0.0	0.18211635238	0.167796127563	0.183767951625	0.183673469388
765701615-tonguedorsum2.snv.bam	0.195114608474	0.192840595326	0.176610754668	0.181853142825	0.202272131253	0.163458149184	0.178295020683	0.166271903398	0.177620719219	0.133910350155	0.168294870912	0.175213950228	0.179395107864	0.152617852144	0.185141330341	0.122651738454	0.167731925107	0.193716432441	0.204505707566	0.168974115618	0.170021246137	0.192810967655	0.161438976158	0.125151869283	0.18211635238	0.0	0.181316175587	0.197503162186	0.179748336997
953045535-tonguedorsum2.snv.bam	0.208043071161	0.207468657209	0.165856457514	0.167913495434	0.209224174997	0.170567368839	0.159633027523	0.147095070423	0.167555170644	0.154366614139	0.177131181212	0.186208506879	0.193055678888	0.17494764529	0.174475308642	0.164635298564	0.17210864486	0.164040803065	0.197540697488	0.143707674944	0.142949438202	0.185923165138	0.181574007469	0.17704965358	0.167796127563	0.181316175587	0.0	0.208040438398	0.187443310658
CCIS58234805ST-4-0.snv.bam	0.150260999254	0.150010946907	0.189868068439	0.192096954813	0.218218298555	0.152808845511	0.146308980213	0.184676791277	0.170051085568	0.159059527537	0.195147897768	0.194586369536	0.189377374315	0.188220532048	0.20904995905	0.171708051166	0.176937984496	0.200485188968	0.179838789958	0.173220973783	0.172634935329	0.164859208524	0.182156228313	0.179310344828	0.183767951625	0.197503162186	0.208040438398	0.0	0.196576373213
CCMD11006829ST-21-0.snv.bam	0.167971662938	0.167750410509	0.171538514396	0.171776298587	0.211289459604	0.174864151939	0.166666666667	0.182242990654	0.151979565773	0.17695661926	0.177259262066	0.180956641954	0.181934244642	0.149755677659	0.149509803922	0.194281414597	0.188372093023	0.195803541028	0.193088119294	0.173033707865	0.174307644835	0.169235159817	0.184234837535	0.197701149425	0.183673469388	0.179748336997	0.187443310658	0.196576373213	0.0
