	159207311-stool2.snv.bam	160765029-stool1.snv.bam	BGI002A.snv.bam	CCIS20795251ST-4-0.snv.bam	CCIS33816588ST-4-0.snv.bam	CCIS36797902ST-4-0.snv.bam	CCIS47284573ST-4-0.snv.bam	CCIS95409808ST-4-0.snv.bam	CCIS98832363ST-4-0.snv.bam	CCMD45988061ST-21-0.snv.bam	CCMD64776337ST-21-0.snv.bam	CCMD86114146ST-21-0.snv.bam	DLM019.snv.bam	MH0196.snv.bam	MH0224.snv.bam	MH0280.snv.bam	MH0303.snv.bam	MH0338.snv.bam	MH0399.snv.bam	MH0406.snv.bam	MH0428.snv.bam	MH0448.snv.bam	MH0454.snv.bam	MMRS20257302ST-27-0-0.snv.bam	MMRS32573774ST-27-0-0.snv.bam	MMRS51307502ST-27-0-0.snv.bam	MMRS77018926ST-27-0-0.snv.bam	MMRS77487595ST-27-0-0.snv.bam	MMRS93508324ST-27-0-0.snv.bam	N022A.snv.bam	O2.UC29-1.snv.bam	O2.UC40-1.snv.bam	O2.UC44-2.snv.bam	SZEY-62A.snv.bam	T2D-108A.snv.bam	V1.CD22-0.snv.bam	V1.FI14.snv.bam	V1.UC35-4.snv.bam
159207311-stool2.snv.bam	0.0	0.168049792531	0.163900414938	0.155601659751	0.163900414938	0.170124481328	0.157676348548	0.134854771784	0.157676348548	0.176348547718	0.124481327801	0.168049792531	0.172199170124	0.165975103734	0.157676348548	0.149377593361	0.157676348548	0.128630705394	0.159751037344	0.163900414938	0.145228215768	0.147302904564	0.157676348548	0.151452282158	0.163900414938	0.151452282158	0.128630705394	0.182572614108	0.0	0.188796680498	0.176348547718	0.159751037344	0.141078838174	0.168049792531	0.184647302905	0.132780082988	0.128630705394	0.136929460581
160765029-stool1.snv.bam	0.168049792531	0.0	0.130705394191	0.143153526971	0.165975103734	0.163900414938	0.161825726141	0.165975103734	0.161825726141	0.00414937759336	0.0871369294606	0.163900414938	0.155601659751	0.172199170124	0.161825726141	0.149377593361	0.159751037344	0.145228215768	0.157676348548	0.149377593361	0.157676348548	0.180497925311	0.149377593361	0.130705394191	0.134854771784	0.155601659751	0.170124481328	0.170124481328	0.147302904564	0.051867219917	0.165975103734	0.149377593361	0.128630705394	0.132780082988	0.132780082988	0.149377593361	0.120331950207	0.139004149378
BGI002A.snv.bam	0.163900414938	0.130705394191	0.0	0.143153526971	0.155601659751	0.155601659751	0.163900414938	0.155601659751	0.163900414938	0.126556016598	0.0912863070539	0.134854771784	0.0767634854772	0.176348547718	0.163900414938	0.132780082988	0.161825726141	0.153526970954	0.172199170124	0.0601659751037	0.149377593361	0.165975103734	0.151452282158	0.118257261411	0.120331950207	0.147302904564	0.149377593361	0.161825726141	0.147302904564	0.124481327801	0.163900414938	0.143153526971	0.122406639004	0.0788381742739	0.141078838174	0.120331950207	0.126556016598	0.149377593361
CCIS20795251ST-4-0.snv.bam	0.155601659751	0.143153526971	0.143153526971	0.0	0.139004149378	0.143153526971	0.122406639004	0.143153526971	0.122406639004	0.153526970954	0.124481327801	0.136929460581	0.149377593361	0.155601659751	0.122406639004	0.130705394191	0.122406639004	0.143153526971	0.139004149378	0.147302904564	0.145228215768	0.120331950207	0.101659751037	0.128630705394	0.141078838174	0.143153526971	0.145228215768	0.139004149378	0.139004149378	0.161825726141	0.165975103734	0.155601659751	0.097510373444	0.149377593361	0.176348547718	0.130705394191	0.118257261411	0.132780082988
CCIS33816588ST-4-0.snv.bam	0.163900414938	0.165975103734	0.155601659751	0.139004149378	0.0	0.132780082988	0.132780082988	0.143153526971	0.134854771784	0.170124481328	0.116182572614	0.139004149378	0.159751037344	0.151452282158	0.134854771784	0.132780082988	0.132780082988	0.157676348548	0.147302904564	0.153526970954	0.151452282158	0.163900414938	0.132780082988	0.141078838174	0.145228215768	0.136929460581	0.134854771784	0.157676348548	0.145228215768	0.172199170124	0.145228215768	0.139004149378	0.122406639004	0.151452282158	0.176348547718	0.132780082988	0.103734439834	0.141078838174
CCIS36797902ST-4-0.snv.bam	0.170124481328	0.163900414938	0.155601659751	0.143153526971	0.132780082988	0.0	0.136929460581	0.151452282158	0.136929460581	0.170124481328	0.130705394191	0.153526970954	0.159751037344	0.163900414938	0.136929460581	0.141078838174	0.134854771784	0.141078838174	0.141078838174	0.151452282158	0.147302904564	0.141078838174	0.141078838174	0.139004149378	0.151452282158	0.143153526971	0.143153526971	0.155601659751	0.151452282158	0.168049792531	0.165975103734	0.149377593361	0.126556016598	0.149377593361	0.178423236515	0.120331950207	0.118257261411	0.105809128631
CCIS47284573ST-4-0.snv.bam	0.157676348548	0.161825726141	0.163900414938	0.122406639004	0.132780082988	0.136929460581	0.0	0.145228215768	0.0	0.168049792531	0.141078838174	0.151452282158	0.159751037344	0.153526970954	0.0	0.134854771784	0.0	0.151452282158	0.0954356846473	0.149377593361	0.145228215768	0.130705394191	0.0622406639004	0.114107883817	0.139004149378	0.149377593361	0.116182572614	0.163900414938	0.145228215768	0.176348547718	0.159751037344	0.151452282158	0.132780082988	0.151452282158	0.192946058091	0.136929460581	0.114107883817	0.141078838174
CCIS95409808ST-4-0.snv.bam	0.134854771784	0.165975103734	0.155601659751	0.143153526971	0.143153526971	0.151452282158	0.145228215768	0.0	0.145228215768	0.170124481328	0.126556016598	0.153526970954	0.159751037344	0.168049792531	0.145228215768	0.122406639004	0.143153526971	0.151452282158	0.153526970954	0.153526970954	0.0705394190871	0.149377593361	0.134854771784	0.132780082988	0.130705394191	0.153526970954	0.122406639004	0.163900414938	0.118257261411	0.178423236515	0.153526970954	0.128630705394	0.114107883817	0.161825726141	0.178423236515	0.118257261411	0.116182572614	0.141078838174
CCIS98832363ST-4-0.snv.bam	0.157676348548	0.161825726141	0.163900414938	0.122406639004	0.134854771784	0.136929460581	0.0	0.145228215768	0.0	0.168049792531	0.141078838174	0.151452282158	0.159751037344	0.153526970954	0.0	0.134854771784	0.0	0.151452282158	0.0954356846473	0.149377593361	0.145228215768	0.130705394191	0.0622406639004	0.114107883817	0.139004149378	0.149377593361	0.116182572614	0.163900414938	0.145228215768	0.176348547718	0.159751037344	0.151452282158	0.132780082988	0.151452282158	0.192946058091	0.136929460581	0.114107883817	0.141078838174
CCMD45988061ST-21-0.snv.bam	0.176348547718	0.00414937759336	0.126556016598	0.153526970954	0.170124481328	0.170124481328	0.168049792531	0.170124481328	0.168049792531	0.0	0.0871369294606	0.174273858921	0.155601659751	0.178423236515	0.168049792531	0.151452282158	0.165975103734	0.153526970954	0.163900414938	0.149377593361	0.165975103734	0.180497925311	0.155601659751	0.136929460581	0.139004149378	0.165975103734	0.174273858921	0.180497925311	0.155601659751	0.0560165975104	0.176348547718	0.159751037344	0.139004149378	0.132780082988	0.128630705394	0.153526970954	0.126556016598	0.145228215768
CCMD64776337ST-21-0.snv.bam	0.124481327801	0.0871369294606	0.0912863070539	0.124481327801	0.116182572614	0.130705394191	0.141078838174	0.126556016598	0.141078838174	0.0871369294606	0.0	0.124481327801	0.120331950207	0.128630705394	0.141078838174	0.114107883817	0.139004149378	0.118257261411	0.122406639004	0.109958506224	0.132780082988	0.136929460581	0.132780082988	0.0954356846473	0.112033195021	0.124481327801	0.126556016598	0.128630705394	0.105809128631	0.0767634854772	0.116182572614	0.116182572614	0.101659751037	0.101659751037	0.0352697095436	0.107883817427	0.0871369294606	0.118257261411
CCMD86114146ST-21-0.snv.bam	0.168049792531	0.163900414938	0.134854771784	0.136929460581	0.139004149378	0.153526970954	0.151452282158	0.153526970954	0.151452282158	0.174273858921	0.124481327801	0.0	0.151452282158	0.165975103734	0.151452282158	0.112033195021	0.149377593361	0.155601659751	0.151452282158	0.139004149378	0.155601659751	0.141078838174	0.130705394191	0.136929460581	0.141078838174	0.161825726141	0.151452282158	0.153526970954	0.147302904564	0.172199170124	0.163900414938	0.153526970954	0.130705394191	0.147302904564	0.182572614108	0.134854771784	0.128630705394	0.151452282158
DLM019.snv.bam	0.172199170124	0.155601659751	0.0767634854772	0.149377593361	0.159751037344	0.159751037344	0.159751037344	0.159751037344	0.159751037344	0.155601659751	0.120331950207	0.151452282158	0.0	0.174273858921	0.159751037344	0.145228215768	0.157676348548	0.141078838174	0.176348547718	0.0165975103734	0.134854771784	0.174273858921	0.149377593361	0.116182572614	0.124481327801	0.168049792531	0.161825726141	0.157676348548	0.155601659751	0.168049792531	0.165975103734	0.153526970954	0.116182572614	0.0622406639004	0.159751037344	0.0954356846473	0.136929460581	0.147302904564
MH0196.snv.bam	0.165975103734	0.172199170124	0.176348547718	0.155601659751	0.151452282158	0.163900414938	0.153526970954	0.168049792531	0.153526970954	0.178423236515	0.128630705394	0.165975103734	0.174273858921	0.0	0.153526970954	0.141078838174	0.151452282158	0.155601659751	0.0497925311203	0.176348547718	0.157676348548	0.161825726141	0.149377593361	0.139004149378	0.151452282158	0.153526970954	0.153526970954	0.176348547718	0.149377593361	0.182572614108	0.163900414938	0.155601659751	0.124481327801	0.176348547718	0.180497925311	0.134854771784	0.114107883817	0.159751037344
MH0224.snv.bam	0.157676348548	0.161825726141	0.163900414938	0.122406639004	0.134854771784	0.136929460581	0.0	0.145228215768	0.0	0.168049792531	0.141078838174	0.151452282158	0.159751037344	0.153526970954	0.0	0.134854771784	0.0	0.151452282158	0.0954356846473	0.149377593361	0.145228215768	0.130705394191	0.0622406639004	0.114107883817	0.139004149378	0.149377593361	0.116182572614	0.163900414938	0.145228215768	0.176348547718	0.159751037344	0.151452282158	0.132780082988	0.151452282158	0.192946058091	0.136929460581	0.114107883817	0.141078838174
MH0280.snv.bam	0.149377593361	0.149377593361	0.132780082988	0.130705394191	0.132780082988	0.141078838174	0.134854771784	0.122406639004	0.134854771784	0.151452282158	0.114107883817	0.112033195021	0.145228215768	0.141078838174	0.134854771784	0.0	0.132780082988	0.128630705394	0.126556016598	0.136929460581	0.109958506224	0.132780082988	0.107883817427	0.114107883817	0.114107883817	0.145228215768	0.130705394191	0.143153526971	0.130705394191	0.147302904564	0.134854771784	0.120331950207	0.105809128631	0.134854771784	0.168049792531	0.122406639004	0.105809128631	0.147302904564
MH0303.snv.bam	0.157676348548	0.159751037344	0.161825726141	0.122406639004	0.132780082988	0.134854771784	0.0	0.143153526971	0.0	0.165975103734	0.139004149378	0.149377593361	0.157676348548	0.151452282158	0.0	0.132780082988	0.0	0.149377593361	0.0954356846473	0.147302904564	0.143153526971	0.128630705394	0.0622406639004	0.112033195021	0.136929460581	0.147302904564	0.114107883817	0.161825726141	0.143153526971	0.174273858921	0.157676348548	0.149377593361	0.130705394191	0.149377593361	0.190871369295	0.134854771784	0.112033195021	0.141078838174
MH0338.snv.bam	0.128630705394	0.145228215768	0.153526970954	0.143153526971	0.157676348548	0.141078838174	0.151452282158	0.151452282158	0.151452282158	0.153526970954	0.118257261411	0.155601659751	0.141078838174	0.155601659751	0.151452282158	0.128630705394	0.149377593361	0.0	0.143153526971	0.145228215768	0.141078838174	0.159751037344	0.139004149378	0.126556016598	0.139004149378	0.145228215768	0.126556016598	0.153526970954	0.120331950207	0.161825726141	0.143153526971	0.134854771784	0.122406639004	0.151452282158	0.170124481328	0.130705394191	0.105809128631	0.112033195021
MH0399.snv.bam	0.159751037344	0.157676348548	0.172199170124	0.139004149378	0.147302904564	0.141078838174	0.0954356846473	0.153526970954	0.0954356846473	0.163900414938	0.122406639004	0.151452282158	0.176348547718	0.0497925311203	0.0954356846473	0.126556016598	0.0954356846473	0.143153526971	0.0	0.174273858921	0.145228215768	0.130705394191	0.114107883817	0.124481327801	0.134854771784	0.143153526971	0.126556016598	0.163900414938	0.147302904564	0.168049792531	0.155601659751	0.143153526971	0.122406639004	0.170124481328	0.172199170124	0.130705394191	0.105809128631	0.149377593361
MH0406.snv.bam	0.163900414938	0.149377593361	0.0601659751037	0.147302904564	0.153526970954	0.151452282158	0.149377593361	0.153526970954	0.149377593361	0.149377593361	0.109958506224	0.139004149378	0.0165975103734	0.176348547718	0.149377593361	0.136929460581	0.147302904564	0.145228215768	0.174273858921	0.0	0.141078838174	0.165975103734	0.141078838174	0.116182572614	0.126556016598	0.157676348548	0.151452282158	0.151452282158	0.147302904564	0.151452282158	0.155601659751	0.141078838174	0.118257261411	0.051867219917	0.161825726141	0.0892116182573	0.128630705394	0.139004149378
MH0428.snv.bam	0.145228215768	0.157676348548	0.149377593361	0.145228215768	0.151452282158	0.147302904564	0.145228215768	0.0705394190871	0.145228215768	0.165975103734	0.132780082988	0.155601659751	0.134854771784	0.157676348548	0.145228215768	0.109958506224	0.143153526971	0.141078838174	0.145228215768	0.141078838174	0.0	0.153526970954	0.134854771784	0.122406639004	0.124481327801	0.151452282158	0.128630705394	0.163900414938	0.134854771784	0.174273858921	0.126556016598	0.107883817427	0.116182572614	0.149377593361	0.174273858921	0.120331950207	0.097510373444	0.139004149378
MH0448.snv.bam	0.147302904564	0.180497925311	0.165975103734	0.120331950207	0.163900414938	0.141078838174	0.130705394191	0.149377593361	0.130705394191	0.180497925311	0.136929460581	0.141078838174	0.174273858921	0.161825726141	0.130705394191	0.132780082988	0.128630705394	0.159751037344	0.130705394191	0.165975103734	0.153526970954	0.0	0.122406639004	0.143153526971	0.155601659751	0.159751037344	0.132780082988	0.165975103734	0.130705394191	0.182572614108	0.172199170124	0.155601659751	0.139004149378	0.157676348548	0.178423236515	0.139004149378	0.134854771784	0.172199170124
MH0454.snv.bam	0.157676348548	0.149377593361	0.151452282158	0.101659751037	0.132780082988	0.141078838174	0.0622406639004	0.134854771784	0.0622406639004	0.155601659751	0.132780082988	0.130705394191	0.149377593361	0.149377593361	0.0622406639004	0.107883817427	0.0622406639004	0.139004149378	0.114107883817	0.141078838174	0.134854771784	0.122406639004	0.0	0.114107883817	0.134854771784	0.143153526971	0.130705394191	0.147302904564	0.139004149378	0.163900414938	0.141078838174	0.134854771784	0.114107883817	0.139004149378	0.186721991701	0.134854771784	0.103734439834	0.134854771784
MMRS20257302ST-27-0-0.snv.bam	0.151452282158	0.130705394191	0.118257261411	0.128630705394	0.141078838174	0.139004149378	0.114107883817	0.132780082988	0.114107883817	0.136929460581	0.0954356846473	0.136929460581	0.116182572614	0.139004149378	0.114107883817	0.114107883817	0.112033195021	0.126556016598	0.124481327801	0.116182572614	0.122406639004	0.143153526971	0.114107883817	0.0	0.0269709543568	0.134854771784	0.130705394191	0.128630705394	0.128630705394	0.136929460581	0.147302904564	0.126556016598	0.103734439834	0.116182572614	0.143153526971	0.103734439834	0.101659751037	0.126556016598
MMRS32573774ST-27-0-0.snv.bam	0.163900414938	0.134854771784	0.120331950207	0.141078838174	0.145228215768	0.151452282158	0.139004149378	0.130705394191	0.139004149378	0.139004149378	0.112033195021	0.141078838174	0.124481327801	0.151452282158	0.139004149378	0.114107883817	0.136929460581	0.139004149378	0.134854771784	0.126556016598	0.124481327801	0.155601659751	0.134854771784	0.0269709543568	0.0	0.143153526971	0.136929460581	0.151452282158	0.141078838174	0.139004149378	0.155601659751	0.136929460581	0.109958506224	0.126556016598	0.139004149378	0.103734439834	0.118257261411	0.143153526971
MMRS51307502ST-27-0-0.snv.bam	0.151452282158	0.155601659751	0.147302904564	0.143153526971	0.136929460581	0.143153526971	0.149377593361	0.153526970954	0.149377593361	0.165975103734	0.124481327801	0.161825726141	0.168049792531	0.153526970954	0.149377593361	0.145228215768	0.147302904564	0.145228215768	0.143153526971	0.157676348548	0.151452282158	0.159751037344	0.143153526971	0.134854771784	0.143153526971	0.0	0.136929460581	0.157676348548	0.130705394191	0.170124481328	0.157676348548	0.153526970954	0.126556016598	0.153526970954	0.182572614108	0.132780082988	0.116182572614	0.141078838174
MMRS77018926ST-27-0-0.snv.bam	0.128630705394	0.170124481328	0.149377593361	0.145228215768	0.134854771784	0.143153526971	0.116182572614	0.122406639004	0.116182572614	0.174273858921	0.126556016598	0.151452282158	0.161825726141	0.153526970954	0.116182572614	0.130705394191	0.114107883817	0.126556016598	0.126556016598	0.151452282158	0.128630705394	0.132780082988	0.130705394191	0.130705394191	0.136929460581	0.136929460581	0.0	0.170124481328	0.116182572614	0.170124481328	0.155601659751	0.145228215768	0.141078838174	0.151452282158	0.178423236515	0.128630705394	0.118257261411	0.128630705394
MMRS77487595ST-27-0-0.snv.bam	0.182572614108	0.170124481328	0.161825726141	0.139004149378	0.157676348548	0.155601659751	0.163900414938	0.163900414938	0.163900414938	0.180497925311	0.128630705394	0.153526970954	0.157676348548	0.176348547718	0.163900414938	0.143153526971	0.161825726141	0.153526970954	0.163900414938	0.151452282158	0.163900414938	0.165975103734	0.147302904564	0.128630705394	0.151452282158	0.157676348548	0.170124481328	0.0	0.165975103734	0.170124481328	0.176348547718	0.157676348548	0.114107883817	0.157676348548	0.188796680498	0.141078838174	0.130705394191	0.161825726141
MMRS93508324ST-27-0-0.snv.bam	0.0	0.147302904564	0.147302904564	0.139004149378	0.145228215768	0.151452282158	0.145228215768	0.118257261411	0.145228215768	0.155601659751	0.105809128631	0.147302904564	0.155601659751	0.149377593361	0.145228215768	0.130705394191	0.143153526971	0.120331950207	0.147302904564	0.147302904564	0.134854771784	0.130705394191	0.139004149378	0.128630705394	0.141078838174	0.130705394191	0.116182572614	0.165975103734	0.0	0.168049792531	0.155601659751	0.145228215768	0.122406639004	0.151452282158	0.163900414938	0.116182572614	0.112033195021	0.124481327801
N022A.snv.bam	0.188796680498	0.051867219917	0.124481327801	0.161825726141	0.172199170124	0.168049792531	0.176348547718	0.178423236515	0.176348547718	0.0560165975104	0.0767634854772	0.172199170124	0.168049792531	0.182572614108	0.176348547718	0.147302904564	0.174273858921	0.161825726141	0.168049792531	0.151452282158	0.174273858921	0.182572614108	0.163900414938	0.136929460581	0.139004149378	0.170124481328	0.170124481328	0.170124481328	0.168049792531	0.0	0.172199170124	0.155601659751	0.149377593361	0.143153526971	0.0954356846473	0.151452282158	0.136929460581	0.155601659751
O2.UC29-1.snv.bam	0.176348547718	0.165975103734	0.163900414938	0.165975103734	0.145228215768	0.165975103734	0.159751037344	0.153526970954	0.159751037344	0.176348547718	0.116182572614	0.163900414938	0.165975103734	0.163900414938	0.159751037344	0.134854771784	0.157676348548	0.143153526971	0.155601659751	0.155601659751	0.126556016598	0.172199170124	0.141078838174	0.147302904564	0.155601659751	0.157676348548	0.155601659751	0.176348547718	0.155601659751	0.172199170124	0.0	0.0414937759336	0.145228215768	0.163900414938	0.178423236515	0.134854771784	0.0560165975104	0.132780082988
O2.UC40-1.snv.bam	0.159751037344	0.149377593361	0.143153526971	0.155601659751	0.139004149378	0.149377593361	0.151452282158	0.128630705394	0.151452282158	0.159751037344	0.116182572614	0.153526970954	0.153526970954	0.155601659751	0.151452282158	0.120331950207	0.149377593361	0.134854771784	0.143153526971	0.141078838174	0.107883817427	0.155601659751	0.134854771784	0.126556016598	0.136929460581	0.153526970954	0.145228215768	0.157676348548	0.145228215768	0.155601659751	0.0414937759336	0.0	0.126556016598	0.151452282158	0.168049792531	0.122406639004	0.0311203319502	0.132780082988
O2.UC44-2.snv.bam	0.141078838174	0.128630705394	0.122406639004	0.097510373444	0.122406639004	0.126556016598	0.132780082988	0.114107883817	0.132780082988	0.139004149378	0.101659751037	0.130705394191	0.116182572614	0.124481327801	0.132780082988	0.105809128631	0.130705394191	0.122406639004	0.122406639004	0.118257261411	0.116182572614	0.139004149378	0.114107883817	0.103734439834	0.109958506224	0.126556016598	0.141078838174	0.114107883817	0.122406639004	0.149377593361	0.145228215768	0.126556016598	0.0	0.128630705394	0.155601659751	0.0954356846473	0.0933609958506	0.124481327801
SZEY-62A.snv.bam	0.168049792531	0.132780082988	0.0788381742739	0.149377593361	0.151452282158	0.149377593361	0.151452282158	0.161825726141	0.151452282158	0.132780082988	0.101659751037	0.147302904564	0.0622406639004	0.176348547718	0.151452282158	0.134854771784	0.149377593361	0.151452282158	0.170124481328	0.051867219917	0.149377593361	0.157676348548	0.139004149378	0.116182572614	0.126556016598	0.153526970954	0.151452282158	0.157676348548	0.151452282158	0.143153526971	0.163900414938	0.151452282158	0.128630705394	0.0	0.165975103734	0.103734439834	0.126556016598	0.151452282158
T2D-108A.snv.bam	0.184647302905	0.132780082988	0.141078838174	0.176348547718	0.176348547718	0.178423236515	0.192946058091	0.178423236515	0.192946058091	0.128630705394	0.0352697095436	0.182572614108	0.159751037344	0.180497925311	0.192946058091	0.168049792531	0.190871369295	0.170124481328	0.172199170124	0.161825726141	0.174273858921	0.178423236515	0.186721991701	0.143153526971	0.139004149378	0.182572614108	0.178423236515	0.188796680498	0.163900414938	0.0954356846473	0.178423236515	0.168049792531	0.155601659751	0.165975103734	0.0	0.145228215768	0.147302904564	0.174273858921
V1.CD22-0.snv.bam	0.132780082988	0.149377593361	0.120331950207	0.130705394191	0.132780082988	0.120331950207	0.136929460581	0.118257261411	0.136929460581	0.153526970954	0.107883817427	0.134854771784	0.0954356846473	0.134854771784	0.136929460581	0.122406639004	0.134854771784	0.130705394191	0.130705394191	0.0892116182573	0.120331950207	0.139004149378	0.134854771784	0.103734439834	0.103734439834	0.132780082988	0.128630705394	0.141078838174	0.116182572614	0.151452282158	0.134854771784	0.122406639004	0.0954356846473	0.103734439834	0.145228215768	0.0	0.097510373444	0.120331950207
V1.FI14.snv.bam	0.128630705394	0.120331950207	0.126556016598	0.118257261411	0.103734439834	0.118257261411	0.114107883817	0.116182572614	0.114107883817	0.126556016598	0.0871369294606	0.128630705394	0.136929460581	0.114107883817	0.114107883817	0.105809128631	0.112033195021	0.105809128631	0.105809128631	0.128630705394	0.097510373444	0.134854771784	0.103734439834	0.101659751037	0.118257261411	0.116182572614	0.118257261411	0.130705394191	0.112033195021	0.136929460581	0.0560165975104	0.0311203319502	0.0933609958506	0.126556016598	0.147302904564	0.097510373444	0.0	0.0995850622407
V1.UC35-4.snv.bam	0.136929460581	0.139004149378	0.149377593361	0.132780082988	0.141078838174	0.105809128631	0.141078838174	0.141078838174	0.141078838174	0.145228215768	0.118257261411	0.151452282158	0.147302904564	0.159751037344	0.141078838174	0.147302904564	0.141078838174	0.112033195021	0.149377593361	0.139004149378	0.139004149378	0.172199170124	0.134854771784	0.126556016598	0.143153526971	0.141078838174	0.128630705394	0.161825726141	0.124481327801	0.155601659751	0.132780082988	0.132780082988	0.124481327801	0.151452282158	0.174273858921	0.120331950207	0.0995850622407	0.0
