	159733294-stool1.snv.bam	178713055-stool2.snv.bam	763721271-stool1.snv.bam	764508039-stool3.snv.bam	765034022-stool2.snv.bam	BYQ_AAAC.snv.bam	BYQ_AAAN.snv.bam	CCIS44676181ST-4-0.snv.bam	CCMD13071240ST-21-0.snv.bam	CCMD35802077ST-21-0.snv.bam	MH0233.snv.bam	MH0239.snv.bam	MH0370.snv.bam	MMRS15137911ST-27-0-0.snv.bam	MMRS25641480ST-27-0-0.snv.bam	MMRS43939546ST-27-0-0.snv.bam	MMRS62376181ST-27-0-0.snv.bam	MMRS64281211ST-27-0-0.snv.bam	MMRS77321055ST-27-0-0.snv.bam	MMRS97052561ST-27-0-0.snv.bam	T2D-140A.snv.bam	T2D-22A.snv.bam	T2D-51A.snv.bam	T2D-78A.snv.bam	V1.CD54-0.snv.bam	V1.FI13.snv.bam	V1.UC50-1.snv.bam
159733294-stool1.snv.bam	0.0	0.151642208246	0.118136200717	0.110191737737	0.0454116926844	0.149965493444	0.15433604336	0.136043360434	0.0508558640295	0.11628409847	0.125268658188	0.156460138777	0.0530300830606	0.121623419827	0.122067586439	0.0927720316942	0.169453571863	0.111111111111	0.0451381282707	0.151862940785	0.151422356091	0.153929539295	0.121651746152	0.0225075025922	0.160357190364	0.0501376475663	0.151225698523
178713055-stool2.snv.bam	0.151642208246	0.0	0.0792682926829	0.118801652893	0.14450867052	0.0	0.0	0.121387283237	0.136363636364	0.143016098485	0.0807823129252	0.00200202096754	0.134127192653	0.0852272727273	0.0856487262737	0.142045454545	0.155172413793	0.121387283237	0.142857142857	0.000284090909091	0.001	0.000825228411436	0.108440312884	0.1430300517	0.156046757082	0.138789519304	0.00214779372674
763721271-stool1.snv.bam	0.118136200717	0.0792682926829	0.0	0.0930110352076	0.1	0.078373015873	0.0755813953488	0.0588235294118	0.104046242775	0.0819123314066	0.000860585197934	0.0785197155785	0.0996588693957	0.0	0.000428761989455	0.109826589595	0.0994152046784	0.093567251462	0.0988372093023	0.0754335260116	0.0762354651163	0.0773152337858	0.0469683329741	0.0944376218943	0.129082582724	0.107565165199	0.0769958613058
764508039-stool3.snv.bam	0.110191737737	0.118801652893	0.0930110352076	0.0	0.126873126873	0.112155070256	0.114885114885	0.0939060939061	0.11941031941	0.0987121212121	0.0941375009172	0.116799134931	0.117005018791	0.0977886977887	0.0981896481896	0.135626535627	0.131644311972	0.000502260170769	0.125494071146	0.112751842752	0.114043972332	0.11567406952	0.0880424825236	0.114898598002	0.0999950629364	0.122700987407	0.115185031089
765034022-stool2.snv.bam	0.0454116926844	0.14450867052	0.1	0.126873126873	0.0	0.142992424242	0.145251396648	0.150837988827	0.00549450549451	0.126854395604	0.107755102041	0.147197495242	0.00812292921232	0.104395604396	0.104803163869	0.0549450549451	0.172222222222	0.129213483146	0.0	0.143131868132	0.143370165746	0.146053573987	0.138444781187	0.0358521038419	0.156398798284	0.00844695059304	0.144530137079
BYQ_AAAC.snv.bam	0.149965493444	0.0	0.078373015873	0.112155070256	0.142992424242	0.0	0.000946969696972	0.120265151515	0.135009310987	0.135963687151	0.0803397382345	0.00292624042624	0.137283855504	0.084729981378	0.0851443714572	0.146182495345	0.147834274953	0.114285714286	0.14138576779	0.0012104283054	0.00163857677903	0.0017528610749	0.106860902703	0.14125363246	0.148383984023	0.136548083311	0.00281384214708
BYQ_AAAN.snv.bam	0.15433604336	0.0	0.0755813953488	0.114885114885	0.145251396648	0.000946969696972	0.0	0.117318435754	0.137362637363	0.138301282051	0.0779967159278	0.00194609859414	0.135217901279	0.0824175824176	0.0828251418911	0.142857142857	0.144444444444	0.11797752809	0.14364640884	0.000274725274725	0.000966850828729	0.000802177338491	0.105154542014	0.13831477527	0.150873936405	0.140707547139	0.00207659614464
CCIS44676181ST-4-0.snv.bam	0.136043360434	0.121387283237	0.0588235294118	0.0939060939061	0.150837988827	0.120265151515	0.117318435754	0.0	0.142857142857	0.0888507326007	0.0582922824302	0.119264534348	0.140804493458	0.0549450549451	0.0553526144185	0.104395604396	0.122222222222	0.0898876404494	0.149171270718	0.115659340659	0.116988950276	0.118120613093	0.0120711548129	0.138693706683	0.13429935077	0.146202052634	0.117596435421
CCMD13071240ST-21-0.snv.bam	0.0508558640295	0.136363636364	0.104046242775	0.11941031941	0.00549450549451	0.135009310987	0.137362637363	0.142857142857	0.0	0.130202702703	0.110573042776	0.139276657409	0.00249452928025	0.108108108108	0.108509058509	0.0486486486486	0.16393442623	0.121546961326	0.0054347826087	0.135405405405	0.135597826087	0.138151591998	0.130794325275	0.0394749225784	0.148414035268	0.00329066799655	0.13741823267
CCMD35802077ST-21-0.snv.bam	0.11628409847	0.143016098485	0.0819123314066	0.0987121212121	0.126854395604	0.135963687151	0.138301282051	0.0888507326007	0.130202702703	0.0	0.0905535377993	0.140215302097	0.127975298511	0.0874099099099	0.0878108603109	0.135608108108	0.121152094718	0.100391344383	0.125475543478	0.135788288288	0.137205615942	0.1384034235	0.0884745054556	0.10536362476	0.122168564254	0.132817695024	0.137667326873
MH0233.snv.bam	0.125268658188	0.0807823129252	0.000860585197934	0.0941375009172	0.107755102041	0.0803397382345	0.0779967159278	0.0582922824302	0.110573042776	0.0905535377993	0.0	0.078407224959	0.106946932378	0.00242130750605	0.00284037995902	0.116222760291	0.117551020408	0.0916597853014	0.107142857143	0.0769572235674	0.0781047077922	0.0788219443392	0.0471175554735	0.107487127962	0.129067433925	0.11401244153	0.0787294510381
MH0239.snv.bam	0.156460138777	0.00200202096754	0.0785197155785	0.116799134931	0.147197495242	0.00292624042624	0.00194609859414	0.119264534348	0.139276657409	0.140215302097	0.078407224959	0.0	0.136304524154	0.0843316024635	0.084739161937	0.144771162903	0.151095865461	0.119934559822	0.145571003582	0.00218874532061	0.002891445571	0.00274827593263	0.10706856206	0.145330836132	0.150989219655	0.141836637829	0.00400119088692
MH0370.snv.bam	0.0530300830606	0.134127192653	0.0996588693957	0.117005018791	0.00812292921232	0.137283855504	0.135217901279	0.140804493458	0.00249452928025	0.127975298511	0.106946932378	0.136304524154	0.0	0.105516507302	0.105924066776	0.0464505732363	0.156688912939	0.118612894596	0.00803317308842	0.133263760049	0.133723780823	0.136020078618	0.127791743748	0.0399295739908	0.139198713474	0.00583943905696	0.134837711641
MMRS15137911ST-27-0-0.snv.bam	0.121623419827	0.0852272727273	0.0	0.0977886977887	0.104395604396	0.084729981378	0.0824175824176	0.0549450549451	0.108108108108	0.0874099099099	0.00242130750605	0.0843316024635	0.105516507302	0.0	0.00040095040095	0.113513513514	0.120218579235	0.0939226519337	0.103260869565	0.0813513513514	0.082472826087	0.0832065370527	0.0443078387889	0.105213388317	0.132109687442	0.111398776105	0.083070406583
MMRS25641480ST-27-0-0.snv.bam	0.122067586439	0.0856487262737	0.000428761989455	0.0981896481896	0.104803163869	0.0851443714572	0.0828251418911	0.0553526144185	0.108509058509	0.0878108603109	0.00284037995902	0.084739161937	0.105924066776	0.00040095040095	0.0	0.113914463914	0.120623911608	0.094332463117	0.103663999044	0.0817523017523	0.0828759555662	0.0836140965262	0.0447087891899	0.105614338718	0.132512816922	0.111799726506	0.0834735360622
MMRS43939546ST-27-0-0.snv.bam	0.0927720316942	0.142045454545	0.109826589595	0.135626535627	0.0549450549451	0.146182495345	0.142857142857	0.104395604396	0.0486486486486	0.135608108108	0.116222760291	0.144771162903	0.0464505732363	0.113513513514	0.113914463914	0.0	0.147540983607	0.138121546961	0.054347826087	0.140810810811	0.141576086957	0.143646097492	0.114578109059	0.0773127604162	0.14297925266	0.0519393166452	0.142853015279
MMRS62376181ST-27-0-0.snv.bam	0.169453571863	0.155172413793	0.0994152046784	0.131644311972	0.172222222222	0.147834274953	0.144444444444	0.122222222222	0.16393442623	0.121152094718	0.117551020408	0.151095865461	0.156688912939	0.120218579235	0.120623911608	0.147540983607	0.0	0.134078212291	0.17032967033	0.147267759563	0.149313186813	0.150797720798	0.110365847956	0.148067573892	0.150044958733	0.167261057811	0.149917334128
MMRS64281211ST-27-0-0.snv.bam	0.111111111111	0.121387283237	0.093567251462	0.000502260170769	0.129213483146	0.114285714286	0.11797752809	0.0898876404494	0.121546961326	0.100391344383	0.0916597853014	0.119934559822	0.118612894596	0.0939226519337	0.094332463117	0.138121546961	0.134078212291	0.0	0.127777777778	0.115745856354	0.117083333333	0.118784212043	0.0836702684917	0.116777680171	0.0959150234918	0.123905830926	0.118249748952
MMRS77321055ST-27-0-0.snv.bam	0.0451381282707	0.142857142857	0.0988372093023	0.125494071146	0.0	0.14138576779	0.14364640884	0.149171270718	0.0054347826087	0.125475543478	0.107142857143	0.145571003582	0.00803317308842	0.103260869565	0.103663999044	0.054347826087	0.17032967033	0.127777777778	0.0	0.141576086957	0.141803278689	0.14443972234	0.136939946608	0.035462407061	0.1546895218	0.00874333467044	0.143633632848
MMRS97052561ST-27-0-0.snv.bam	0.151862940785	0.000284090909091	0.0754335260116	0.112751842752	0.143131868132	0.0012104283054	0.000274725274725	0.115659340659	0.135405405405	0.135788288288	0.0769572235674	0.00218874532061	0.133263760049	0.0813513513514	0.0817523017523	0.140810810811	0.147267759563	0.115745856354	0.141576086957	0.0	0.00122282608696	0.00106367990983	0.103719603495	0.141747508644	0.148685774399	0.138696073402	0.00231447772924
T2D-140A.snv.bam	0.151422356091	0.001	0.0762354651163	0.114043972332	0.143370165746	0.00163857677903	0.000966850828729	0.116988950276	0.135597826087	0.137205615942	0.0781047077922	0.002891445571	0.133723780823	0.082472826087	0.0828759555662	0.141576086957	0.149313186813	0.117083333333	0.141803278689	0.00122282608696	0.0	0.00106955659442	0.104490055026	0.141295049452	0.149634876991	0.138227030323	0.00243497674473
T2D-22A.snv.bam	0.153929539295	0.000825228411436	0.0773152337858	0.11567406952	0.146053573987	0.0017528610749	0.000802177338491	0.118120613093	0.138151591998	0.1384034235	0.0788219443392	0.00274827593263	0.136020078618	0.0832065370527	0.0836140965262	0.143646097492	0.150797720798	0.118784212043	0.14443972234	0.00106367990983	0.00106955659442	0.0	0.105465713563	0.14345863426	0.151667249906	0.139978971685	0.00143836648635
T2D-51A.snv.bam	0.121651746152	0.108440312884	0.0469683329741	0.0880424825236	0.138444781187	0.106860902703	0.105154542014	0.0120711548129	0.130794325275	0.0884745054556	0.0471175554735	0.10706856206	0.127791743748	0.0443078387889	0.0447087891899	0.114578109059	0.110365847956	0.0836702684917	0.136939946608	0.103719603495	0.104490055026	0.105465713563	0.0	0.12562776843	0.12163115579	0.133045967977	0.104634736971
T2D-78A.snv.bam	0.0225075025922	0.1430300517	0.0944376218943	0.114898598002	0.0358521038419	0.14125363246	0.13831477527	0.138693706683	0.0394749225784	0.10536362476	0.107487127962	0.145330836132	0.0399295739908	0.105213388317	0.105614338718	0.0773127604162	0.148067573892	0.116777680171	0.035462407061	0.141747508644	0.141295049452	0.14345863426	0.12562776843	0.0	0.148428013946	0.0407019885113	0.142367246441
V1.CD54-0.snv.bam	0.160357190364	0.156046757082	0.129082582724	0.0999950629364	0.156398798284	0.148383984023	0.150873936405	0.13429935077	0.148414035268	0.122168564254	0.129067433925	0.150989219655	0.139198713474	0.132109687442	0.132512816922	0.14297925266	0.150044958733	0.0959150234918	0.1546895218	0.148685774399	0.149634876991	0.151667249906	0.12163115579	0.148428013946	0.0	0.15172258733	0.150326797636
V1.FI13.snv.bam	0.0501376475663	0.138789519304	0.107565165199	0.122700987407	0.00844695059304	0.136548083311	0.140707547139	0.146202052634	0.00329066799655	0.132817695024	0.11401244153	0.141836637829	0.00583943905696	0.111398776105	0.111799726506	0.0519393166452	0.167261057811	0.123905830926	0.00874333467044	0.138696073402	0.138227030323	0.139978971685	0.133045967977	0.0407019885113	0.15172258733	0.0	0.138601907321
V1.UC50-1.snv.bam	0.151225698523	0.00214779372674	0.0769958613058	0.115185031089	0.144530137079	0.00281384214708	0.00207659614464	0.117596435421	0.13741823267	0.137667326873	0.0787294510381	0.00400119088692	0.134837711641	0.083070406583	0.0834735360622	0.142853015279	0.149917334128	0.118249748952	0.143633632848	0.00231447772924	0.00243497674473	0.00143836648635	0.104634736971	0.142367246441	0.150326797636	0.138601907321	0.0
