	158822939-stool1.snv.bam	823052294-stool3.snv.bam	CCIS03857607ST-4-0.snv.bam	CCIS77252613ST-4-0.snv.bam	CCMD42428553ST-21-0.snv.bam	M4.6-V2.metaT.snv.bam	MH0160.snv.bam	MH0189.snv.bam	MH0236.snv.bam	MH0259.snv.bam	MH0326.snv.bam	MH0364.snv.bam	MH0375.snv.bam	MH0385.snv.bam	MH0402.snv.bam	MH0405.snv.bam	MH0432.snv.bam	MMRS12272136ST-27-0-0.snv.bam	MMRS20257302ST-27-0-0.snv.bam	MMRS51410669ST-27-0-0.snv.bam	MMRS78791111ST-27-0-0.snv.bam	MMRS86168210ST-27-0-0.snv.bam	MMRS93508324ST-27-0-0.snv.bam	MMRS94549160ST-27-0-0.snv.bam	MMRS95277876ST-27-0-0.snv.bam	O2.UC12-1.snv.bam	SAMEA3136746.snv.bam	V1.CD34-0.snv.bam	V1.CD6-0-PN.snv.bam	V1.FI09.snv.bam	V1.FI30.snv.bam
158822939-stool1.snv.bam	0.0	0.178301886792	0.174528301887	0.153773584906	0.133962264151	0.15	0.171698113208	0.168867924528	0.178301886792	0.168867924528	0.168867924528	0.185849056604	0.154716981132	0.180188679245	0.150943396226	0.168867924528	0.167924528302	0.170754716981	0.152830188679	0.170754716981	0.155660377358	0.102830188679	0.157547169811	0.183962264151	0.18679245283	0.17358490566	0.152830188679	0.177358490566	0.175471698113	0.147169811321	0.140566037736
823052294-stool3.snv.bam	0.178301886792	0.0	0.149056603774	0.139622641509	0.135849056604	0.139622641509	0.155660377358	0.147169811321	0.166037735849	0.143396226415	0.159433962264	0.149056603774	0.12641509434	0.146226415094	0.148113207547	0.158490566038	0.153773584906	0.146226415094	0.131132075472	0.149056603774	0.146226415094	0.0896226415094	0.144339622642	0.167924528302	0.16320754717	0.153773584906	0.134905660377	0.157547169811	0.166981132075	0.128301886792	0.127358490566
CCIS03857607ST-4-0.snv.bam	0.174528301887	0.149056603774	0.0	0.12641509434	0.12641509434	0.133018867925	0.149056603774	0.144339622642	0.160377358491	0.134905660377	0.157547169811	0.153773584906	0.12641509434	0.143396226415	0.145283018868	0.150943396226	0.142452830189	0.150943396226	0.124528301887	0.141509433962	0.134905660377	0.0896226415094	0.138679245283	0.16320754717	0.161320754717	0.147169811321	0.124528301887	0.150943396226	0.145283018868	0.116037735849	0.11320754717
CCIS77252613ST-4-0.snv.bam	0.153773584906	0.139622641509	0.12641509434	0.0	0.108490566038	0.142452830189	0.133962264151	0.131132075472	0.146226415094	0.134905660377	0.142452830189	0.152830188679	0.120754716981	0.127358490566	0.133962264151	0.15	0.137735849057	0.129245283019	0.118867924528	0.12358490566	0.12358490566	0.0754716981132	0.124528301887	0.148113207547	0.148113207547	0.141509433962	0.120754716981	0.13679245283	0.144339622642	0.117924528302	0.101886792453
CCMD42428553ST-21-0.snv.bam	0.133962264151	0.135849056604	0.12641509434	0.108490566038	0.0	0.114150943396	0.137735849057	0.116037735849	0.141509433962	0.122641509434	0.121698113208	0.128301886792	0.11320754717	0.12641509434	0.118867924528	0.119811320755	0.120754716981	0.12358490566	0.115094339623	0.112264150943	0.108490566038	0.0754716981132	0.112264150943	0.12641509434	0.132075471698	0.140566037736	0.110377358491	0.124528301887	0.138679245283	0.0971698113208	0.102830188679
M4.6-V2.metaT.snv.bam	0.15	0.139622641509	0.133018867925	0.142452830189	0.114150943396	0.0	0.13679245283	0.148113207547	0.153773584906	0.145283018868	0.13679245283	0.146226415094	0.119811320755	0.139622641509	0.13679245283	0.150943396226	0.13679245283	0.138679245283	0.121698113208	0.137735849057	0.130188679245	0.0839622641509	0.133962264151	0.146226415094	0.150943396226	0.146226415094	0.132075471698	0.146226415094	0.143396226415	0.118867924528	0.112264150943
MH0160.snv.bam	0.171698113208	0.155660377358	0.149056603774	0.133962264151	0.137735849057	0.13679245283	0.0	0.151886792453	0.160377358491	0.152830188679	0.158490566038	0.166981132075	0.125471698113	0.147169811321	0.145283018868	0.151886792453	0.148113207547	0.159433962264	0.130188679245	0.146226415094	0.128301886792	0.0849056603774	0.152830188679	0.156603773585	0.166981132075	0.156603773585	0.124528301887	0.166037735849	0.168867924528	0.121698113208	0.122641509434
MH0189.snv.bam	0.168867924528	0.147169811321	0.144339622642	0.131132075472	0.116037735849	0.148113207547	0.151886792453	0.0	0.162264150943	0.141509433962	0.148113207547	0.157547169811	0.124528301887	0.149056603774	0.133018867925	0.154716981132	0.158490566038	0.157547169811	0.13679245283	0.141509433962	0.132075471698	0.102830188679	0.13679245283	0.152830188679	0.161320754717	0.158490566038	0.139622641509	0.150943396226	0.166037735849	0.122641509434	0.116981132075
MH0236.snv.bam	0.178301886792	0.166037735849	0.160377358491	0.146226415094	0.141509433962	0.153773584906	0.160377358491	0.162264150943	0.0	0.162264150943	0.160377358491	0.187735849057	0.141509433962	0.169811320755	0.161320754717	0.172641509434	0.171698113208	0.174528301887	0.15	0.164150943396	0.141509433962	0.107547169811	0.158490566038	0.168867924528	0.183018867925	0.177358490566	0.144339622642	0.181132075472	0.17641509434	0.146226415094	0.143396226415
MH0259.snv.bam	0.168867924528	0.143396226415	0.134905660377	0.134905660377	0.122641509434	0.145283018868	0.152830188679	0.141509433962	0.162264150943	0.0	0.148113207547	0.161320754717	0.140566037736	0.156603773585	0.15	0.16320754717	0.157547169811	0.159433962264	0.129245283019	0.145283018868	0.135849056604	0.0962264150943	0.144339622642	0.157547169811	0.169811320755	0.148113207547	0.133018867925	0.152830188679	0.144339622642	0.12358490566	0.110377358491
MH0326.snv.bam	0.168867924528	0.159433962264	0.157547169811	0.142452830189	0.121698113208	0.13679245283	0.158490566038	0.148113207547	0.160377358491	0.148113207547	0.0	0.167924528302	0.128301886792	0.160377358491	0.144339622642	0.158490566038	0.164150943396	0.158490566038	0.143396226415	0.159433962264	0.141509433962	0.101886792453	0.128301886792	0.159433962264	0.175471698113	0.148113207547	0.127358490566	0.143396226415	0.16320754717	0.133018867925	0.115094339623
MH0364.snv.bam	0.185849056604	0.149056603774	0.153773584906	0.152830188679	0.128301886792	0.146226415094	0.166981132075	0.157547169811	0.187735849057	0.161320754717	0.167924528302	0.0	0.13679245283	0.16320754717	0.151886792453	0.169811320755	0.164150943396	0.169811320755	0.154716981132	0.15	0.161320754717	0.0924528301887	0.146226415094	0.160377358491	0.177358490566	0.16320754717	0.141509433962	0.16320754717	0.171698113208	0.131132075472	0.133018867925
MH0375.snv.bam	0.154716981132	0.12641509434	0.12641509434	0.120754716981	0.11320754717	0.119811320755	0.125471698113	0.124528301887	0.141509433962	0.140566037736	0.128301886792	0.13679245283	0.0	0.120754716981	0.121698113208	0.135849056604	0.137735849057	0.141509433962	0.121698113208	0.120754716981	0.12358490566	0.0820754716981	0.11320754717	0.145283018868	0.134905660377	0.133962264151	0.106603773585	0.134905660377	0.145283018868	0.112264150943	0.107547169811
MH0385.snv.bam	0.180188679245	0.146226415094	0.143396226415	0.127358490566	0.12641509434	0.139622641509	0.147169811321	0.149056603774	0.169811320755	0.156603773585	0.160377358491	0.16320754717	0.120754716981	0.0	0.150943396226	0.153773584906	0.152830188679	0.159433962264	0.137735849057	0.145283018868	0.149056603774	0.106603773585	0.143396226415	0.165094339623	0.169811320755	0.152830188679	0.143396226415	0.149056603774	0.166037735849	0.122641509434	0.12358490566
MH0402.snv.bam	0.150943396226	0.148113207547	0.145283018868	0.133962264151	0.118867924528	0.13679245283	0.145283018868	0.133018867925	0.161320754717	0.15	0.144339622642	0.151886792453	0.121698113208	0.150943396226	0.0	0.154716981132	0.139622641509	0.137735849057	0.132075471698	0.141509433962	0.140566037736	0.0905660377358	0.134905660377	0.143396226415	0.148113207547	0.15	0.122641509434	0.137735849057	0.148113207547	0.11320754717	0.107547169811
MH0405.snv.bam	0.168867924528	0.158490566038	0.150943396226	0.15	0.119811320755	0.150943396226	0.151886792453	0.154716981132	0.172641509434	0.16320754717	0.158490566038	0.169811320755	0.135849056604	0.153773584906	0.154716981132	0.0	0.165094339623	0.154716981132	0.144339622642	0.150943396226	0.138679245283	0.101886792453	0.146226415094	0.164150943396	0.178301886792	0.155660377358	0.120754716981	0.16320754717	0.160377358491	0.135849056604	0.132075471698
MH0432.snv.bam	0.167924528302	0.153773584906	0.142452830189	0.137735849057	0.120754716981	0.13679245283	0.148113207547	0.158490566038	0.171698113208	0.157547169811	0.164150943396	0.164150943396	0.137735849057	0.152830188679	0.139622641509	0.165094339623	0.0	0.158490566038	0.129245283019	0.161320754717	0.139622641509	0.0962264150943	0.150943396226	0.164150943396	0.17358490566	0.155660377358	0.138679245283	0.160377358491	0.165094339623	0.130188679245	0.131132075472
MMRS12272136ST-27-0-0.snv.bam	0.170754716981	0.146226415094	0.150943396226	0.129245283019	0.12358490566	0.138679245283	0.159433962264	0.157547169811	0.174528301887	0.159433962264	0.158490566038	0.169811320755	0.141509433962	0.159433962264	0.137735849057	0.154716981132	0.158490566038	0.0	0.147169811321	0.143396226415	0.149056603774	0.101886792453	0.145283018868	0.16320754717	0.165094339623	0.162264150943	0.135849056604	0.156603773585	0.161320754717	0.134905660377	0.12641509434
MMRS20257302ST-27-0-0.snv.bam	0.152830188679	0.131132075472	0.124528301887	0.118867924528	0.115094339623	0.121698113208	0.130188679245	0.13679245283	0.15	0.129245283019	0.143396226415	0.154716981132	0.121698113208	0.137735849057	0.132075471698	0.144339622642	0.129245283019	0.147169811321	0.0	0.11320754717	0.121698113208	0.0745283018868	0.135849056604	0.139622641509	0.147169811321	0.141509433962	0.120754716981	0.134905660377	0.144339622642	0.106603773585	0.106603773585
MMRS51410669ST-27-0-0.snv.bam	0.170754716981	0.149056603774	0.141509433962	0.12358490566	0.112264150943	0.137735849057	0.146226415094	0.141509433962	0.164150943396	0.145283018868	0.159433962264	0.15	0.120754716981	0.145283018868	0.141509433962	0.150943396226	0.161320754717	0.143396226415	0.11320754717	0.0	0.132075471698	0.0915094339623	0.133018867925	0.157547169811	0.161320754717	0.153773584906	0.134905660377	0.143396226415	0.145283018868	0.121698113208	0.114150943396
MMRS78791111ST-27-0-0.snv.bam	0.155660377358	0.146226415094	0.134905660377	0.12358490566	0.108490566038	0.130188679245	0.128301886792	0.132075471698	0.141509433962	0.135849056604	0.141509433962	0.161320754717	0.12358490566	0.149056603774	0.140566037736	0.138679245283	0.139622641509	0.149056603774	0.121698113208	0.132075471698	0.0	0.0896226415094	0.124528301887	0.154716981132	0.165094339623	0.138679245283	0.109433962264	0.148113207547	0.144339622642	0.115094339623	0.111320754717
MMRS86168210ST-27-0-0.snv.bam	0.102830188679	0.0896226415094	0.0896226415094	0.0754716981132	0.0754716981132	0.0839622641509	0.0849056603774	0.102830188679	0.107547169811	0.0962264150943	0.101886792453	0.0924528301887	0.0820754716981	0.106603773585	0.0905660377358	0.101886792453	0.0962264150943	0.101886792453	0.0745283018868	0.0915094339623	0.0896226415094	0.0	0.0858490566038	0.0933962264151	0.0849056603774	0.088679245283	0.077358490566	0.108490566038	0.106603773585	0.0754716981132	0.072641509434
MMRS93508324ST-27-0-0.snv.bam	0.157547169811	0.144339622642	0.138679245283	0.124528301887	0.112264150943	0.133962264151	0.152830188679	0.13679245283	0.158490566038	0.144339622642	0.128301886792	0.146226415094	0.11320754717	0.143396226415	0.134905660377	0.146226415094	0.150943396226	0.145283018868	0.135849056604	0.133018867925	0.124528301887	0.0858490566038	0.0	0.144339622642	0.156603773585	0.145283018868	0.127358490566	0.141509433962	0.157547169811	0.120754716981	0.112264150943
MMRS94549160ST-27-0-0.snv.bam	0.183962264151	0.167924528302	0.16320754717	0.148113207547	0.12641509434	0.146226415094	0.156603773585	0.152830188679	0.168867924528	0.157547169811	0.159433962264	0.160377358491	0.145283018868	0.165094339623	0.143396226415	0.164150943396	0.164150943396	0.16320754717	0.139622641509	0.157547169811	0.154716981132	0.0933962264151	0.144339622642	0.0	0.167924528302	0.172641509434	0.13679245283	0.170754716981	0.174528301887	0.133962264151	0.132075471698
MMRS95277876ST-27-0-0.snv.bam	0.18679245283	0.16320754717	0.161320754717	0.148113207547	0.132075471698	0.150943396226	0.166981132075	0.161320754717	0.183018867925	0.169811320755	0.175471698113	0.177358490566	0.134905660377	0.169811320755	0.148113207547	0.178301886792	0.17358490566	0.165094339623	0.147169811321	0.161320754717	0.165094339623	0.0849056603774	0.156603773585	0.167924528302	0.0	0.167924528302	0.13679245283	0.180188679245	0.180188679245	0.138679245283	0.139622641509
O2.UC12-1.snv.bam	0.17358490566	0.153773584906	0.147169811321	0.141509433962	0.140566037736	0.146226415094	0.156603773585	0.158490566038	0.177358490566	0.148113207547	0.148113207547	0.16320754717	0.133962264151	0.152830188679	0.15	0.155660377358	0.155660377358	0.162264150943	0.141509433962	0.153773584906	0.138679245283	0.088679245283	0.145283018868	0.172641509434	0.167924528302	0.0	0.12641509434	0.165094339623	0.16320754717	0.132075471698	0.125471698113
SAMEA3136746.snv.bam	0.152830188679	0.134905660377	0.124528301887	0.120754716981	0.110377358491	0.132075471698	0.124528301887	0.139622641509	0.144339622642	0.133018867925	0.127358490566	0.141509433962	0.106603773585	0.143396226415	0.122641509434	0.120754716981	0.138679245283	0.135849056604	0.120754716981	0.134905660377	0.109433962264	0.077358490566	0.127358490566	0.13679245283	0.13679245283	0.12641509434	0.0	0.140566037736	0.140566037736	0.108490566038	0.108490566038
V1.CD34-0.snv.bam	0.177358490566	0.157547169811	0.150943396226	0.13679245283	0.124528301887	0.146226415094	0.166037735849	0.150943396226	0.181132075472	0.152830188679	0.143396226415	0.16320754717	0.134905660377	0.149056603774	0.137735849057	0.16320754717	0.160377358491	0.156603773585	0.134905660377	0.143396226415	0.148113207547	0.108490566038	0.141509433962	0.170754716981	0.180188679245	0.165094339623	0.140566037736	0.0	0.153773584906	0.128301886792	0.12358490566
V1.CD6-0-PN.snv.bam	0.175471698113	0.166981132075	0.145283018868	0.144339622642	0.138679245283	0.143396226415	0.168867924528	0.166037735849	0.17641509434	0.144339622642	0.16320754717	0.171698113208	0.145283018868	0.166037735849	0.148113207547	0.160377358491	0.165094339623	0.161320754717	0.144339622642	0.145283018868	0.144339622642	0.106603773585	0.157547169811	0.174528301887	0.180188679245	0.16320754717	0.140566037736	0.153773584906	0.0	0.132075471698	0.131132075472
V1.FI09.snv.bam	0.147169811321	0.128301886792	0.116037735849	0.117924528302	0.0971698113208	0.118867924528	0.121698113208	0.122641509434	0.146226415094	0.12358490566	0.133018867925	0.131132075472	0.112264150943	0.122641509434	0.11320754717	0.135849056604	0.130188679245	0.134905660377	0.106603773585	0.121698113208	0.115094339623	0.0754716981132	0.120754716981	0.133962264151	0.138679245283	0.132075471698	0.108490566038	0.128301886792	0.132075471698	0.0	0.0952830188679
V1.FI30.snv.bam	0.140566037736	0.127358490566	0.11320754717	0.101886792453	0.102830188679	0.112264150943	0.122641509434	0.116981132075	0.143396226415	0.110377358491	0.115094339623	0.133018867925	0.107547169811	0.12358490566	0.107547169811	0.132075471698	0.131132075472	0.12641509434	0.106603773585	0.114150943396	0.111320754717	0.072641509434	0.112264150943	0.132075471698	0.139622641509	0.125471698113	0.108490566038	0.12358490566	0.131132075472	0.0952830188679	0.0
