	158883629-stool1.snv.bam	158883629-stool2.snv.bam	CCIS29210128ST-4-0.snv.bam	CCIS63448910ST-4-0.snv.bam	CCMD64503764ST-21-0.snv.bam	DOF006.snv.bam	MH0239.snv.bam	MH0341.snv.bam	MH0342.snv.bam	MH0393.snv.bam	MH0444.snv.bam	MMRS15137911ST-27-0-0.snv.bam	MMRS24340226ST-27-0-0.snv.bam	MMRS57569834ST-27-0-0.snv.bam	MMRS62376181ST-27-0-0.snv.bam	MMRS65945127ST-27-0-0.snv.bam	N043A.snv.bam	N046A.snv.bam	N052A.snv.bam	O2.CD1-0-PT.snv.bam	O2.CD3-0-PT.snv.bam	O2.UC26-1.snv.bam	SAMEA3178936.snv.bam	SZEY-35A.snv.bam	SZEY-64A.snv.bam	T2D-103A.snv.bam	T2D-77A.snv.bam	V1.CD12-3.snv.bam	V1.CD20-4.snv.bam	V1.CD25-4.snv.bam	V1.CD28-0.snv.bam	V1.CD3-0-PT.snv.bam	V1.CD32-0.snv.bam	V1.CD4-0-PT.snv.bam	V1.FI21.snv.bam	alien-11-632-0.snv.bam
158883629-stool1.snv.bam	0.0	0.0	0.0699088145897	0.0729483282675	0.334346504559	0.0911854103343	0.0942249240122	0.0699088145897	0.0942249240122	0.100303951368	0.0911854103343	0.112462006079	0.0577507598784	0.0516717325228	0.0516717325228	0.355623100304	0.103343465046	0.100303951368	0.0942249240122	0.0851063829787	0.09726443769	0.0759878419453	0.0790273556231	0.048632218845	0.0759878419453	0.0881458966565	0.0851063829787	0.048632218845	0.0820668693009	0.0668693009119	0.063829787234	0.0881458966565	0.048632218845	0.0881458966565	0.0547112462006	0.0455927051672
158883629-stool2.snv.bam	0.0	0.0	0.0729483282675	0.0759878419453	0.337386018237	0.0942249240122	0.100303951368	0.0729483282675	0.09726443769	0.103343465046	0.0942249240122	0.115501519757	0.0607902735562	0.0547112462006	0.0547112462006	0.36170212766	0.109422492401	0.106382978723	0.0942249240122	0.0911854103343	0.103343465046	0.0790273556231	0.0851063829787	0.048632218845	0.0790273556231	0.0911854103343	0.0911854103343	0.0516717325228	0.0820668693009	0.0699088145897	0.0668693009119	0.0911854103343	0.048632218845	0.0911854103343	0.0577507598784	0.048632218845
CCIS29210128ST-4-0.snv.bam	0.0699088145897	0.0729483282675	0.0	0.0911854103343	0.334346504559	0.0911854103343	0.109422492401	0.0881458966565	0.106382978723	0.0790273556231	0.0607902735562	0.0942249240122	0.0425531914894	0.0820668693009	0.0911854103343	0.367781155015	0.0820668693009	0.0911854103343	0.106382978723	0.12462006079	0.112462006079	0.0942249240122	0.0881458966565	0.0455927051672	0.0729483282675	0.09726443769	0.09726443769	0.0243161094225	0.103343465046	0.0790273556231	0.100303951368	0.112462006079	0.0881458966565	0.112462006079	0.0729483282675	0.0759878419453
CCIS63448910ST-4-0.snv.bam	0.0729483282675	0.0759878419453	0.0911854103343	0.0	0.349544072948	0.103343465046	0.0851063829787	0.0577507598784	0.0820668693009	0.0942249240122	0.109422492401	0.118541033435	0.0729483282675	0.0759878419453	0.0425531914894	0.373860182371	0.0759878419453	0.0729483282675	0.127659574468	0.0881458966565	0.0881458966565	0.100303951368	0.0759878419453	0.0547112462006	0.0881458966565	0.0820668693009	0.106382978723	0.0699088145897	0.121580547112	0.063829787234	0.0547112462006	0.112462006079	0.0668693009119	0.112462006079	0.048632218845	0.0577507598784
CCMD64503764ST-21-0.snv.bam	0.334346504559	0.337386018237	0.334346504559	0.349544072948	0.0	0.352583586626	0.349544072948	0.346504559271	0.349544072948	0.331306990881	0.36170212766	0.370820668693	0.349544072948	0.373860182371	0.337386018237	0.121580547112	0.367781155015	0.367781155015	0.349544072948	0.337386018237	0.355623100304	0.349544072948	0.337386018237	0.334346504559	0.346504559271	0.334346504559	0.358662613982	0.273556231003	0.36170212766	0.328267477204	0.322188449848	0.373860182371	0.334346504559	0.373860182371	0.334346504559	0.352583586626
DOF006.snv.bam	0.0911854103343	0.0942249240122	0.0911854103343	0.103343465046	0.352583586626	0.0	0.121580547112	0.112462006079	0.115501519757	0.130699088146	0.0881458966565	0.148936170213	0.0911854103343	0.118541033435	0.0881458966565	0.392097264438	0.118541033435	0.127659574468	0.0516717325228	0.109422492401	0.12462006079	0.106382978723	0.112462006079	0.0790273556231	0.12462006079	0.100303951368	0.063829787234	0.048632218845	0.0851063829787	0.0911854103343	0.100303951368	0.0607902735562	0.100303951368	0.0607902735562	0.0699088145897	0.100303951368
MH0239.snv.bam	0.0942249240122	0.100303951368	0.109422492401	0.0851063829787	0.349544072948	0.121580547112	0.0	0.0911854103343	0.0	0.0151975683891	0.121580547112	0.103343465046	0.106382978723	0.106382978723	0.0790273556231	0.370820668693	0.0699088145897	0.0790273556231	0.139817629179	0.0790273556231	0.00303951367781	0.12462006079	0.0820668693009	0.0699088145897	0.0942249240122	0.0942249240122	0.118541033435	0.0851063829787	0.133738601824	0.0303951367781	0.063829787234	0.136778115502	0.0881458966565	0.136778115502	0.063829787234	0.09726443769
MH0341.snv.bam	0.0699088145897	0.0729483282675	0.0881458966565	0.0577507598784	0.346504559271	0.112462006079	0.0911854103343	0.0	0.0881458966565	0.100303951368	0.118541033435	0.115501519757	0.0699088145897	0.0851063829787	0.0547112462006	0.367781155015	0.0790273556231	0.0759878419453	0.130699088146	0.0790273556231	0.09726443769	0.09726443769	0.0699088145897	0.0699088145897	0.0729483282675	0.0851063829787	0.115501519757	0.0699088145897	0.12462006079	0.0729483282675	0.063829787234	0.109422492401	0.0425531914894	0.109422492401	0.0516717325228	0.0303951367781
MH0342.snv.bam	0.0942249240122	0.09726443769	0.106382978723	0.0820668693009	0.349544072948	0.115501519757	0.0	0.0881458966565	0.0	0.0151975683891	0.09726443769	0.09726443769	0.0942249240122	0.103343465046	0.0729483282675	0.373860182371	0.0699088145897	0.0790273556231	0.133738601824	0.0820668693009	0.00303951367781	0.118541033435	0.0790273556231	0.0729483282675	0.0942249240122	0.0911854103343	0.112462006079	0.0759878419453	0.127659574468	0.0151975683891	0.0577507598784	0.130699088146	0.0881458966565	0.130699088146	0.0668693009119	0.09726443769
MH0393.snv.bam	0.100303951368	0.103343465046	0.0790273556231	0.0942249240122	0.331306990881	0.130699088146	0.0151975683891	0.100303951368	0.0151975683891	0.0	0.0851063829787	0.0790273556231	0.100303951368	0.109422492401	0.0851063829787	0.358662613982	0.0851063829787	0.0942249240122	0.142857142857	0.0911854103343	0.0182370820669	0.121580547112	0.0820668693009	0.0729483282675	0.0729483282675	0.100303951368	0.12462006079	0.0942249240122	0.136778115502	0.0395136778116	0.0790273556231	0.136778115502	0.0942249240122	0.136778115502	0.0790273556231	0.106382978723
MH0444.snv.bam	0.0911854103343	0.0942249240122	0.0607902735562	0.109422492401	0.36170212766	0.0881458966565	0.121580547112	0.118541033435	0.09726443769	0.0851063829787	0.0	0.109422492401	0.0607902735562	0.121580547112	0.106382978723	0.382978723404	0.136778115502	0.145896656535	0.103343465046	0.142857142857	0.12462006079	0.0911854103343	0.0942249240122	0.0790273556231	0.0851063829787	0.112462006079	0.0729483282675	0.063829787234	0.0942249240122	0.0668693009119	0.109422492401	0.0729483282675	0.112462006079	0.0729483282675	0.103343465046	0.103343465046
MMRS15137911ST-27-0-0.snv.bam	0.112462006079	0.115501519757	0.0942249240122	0.118541033435	0.370820668693	0.148936170213	0.103343465046	0.115501519757	0.09726443769	0.0790273556231	0.109422492401	0.0	0.115501519757	0.109422492401	0.100303951368	0.398176291793	0.109422492401	0.118541033435	0.136778115502	0.0851063829787	0.109422492401	0.145896656535	0.09726443769	0.0820668693009	0.0820668693009	0.118541033435	0.121580547112	0.106382978723	0.118541033435	0.09726443769	0.0790273556231	0.164133738602	0.09726443769	0.164133738602	0.0820668693009	0.121580547112
MMRS24340226ST-27-0-0.snv.bam	0.0577507598784	0.0607902735562	0.0425531914894	0.0729483282675	0.349544072948	0.0911854103343	0.106382978723	0.0699088145897	0.0942249240122	0.100303951368	0.0607902735562	0.115501519757	0.0	0.0759878419453	0.0699088145897	0.373860182371	0.0851063829787	0.0911854103343	0.100303951368	0.115501519757	0.109422492401	0.0455927051672	0.0881458966565	0.048632218845	0.0911854103343	0.0911854103343	0.0729483282675	0.0273556231003	0.09726443769	0.0455927051672	0.0881458966565	0.0759878419453	0.0668693009119	0.0759878419453	0.0547112462006	0.0668693009119
MMRS57569834ST-27-0-0.snv.bam	0.0516717325228	0.0547112462006	0.0820668693009	0.0759878419453	0.373860182371	0.118541033435	0.106382978723	0.0851063829787	0.103343465046	0.109422492401	0.121580547112	0.109422492401	0.0759878419453	0.0	0.0851063829787	0.398176291793	0.09726443769	0.0942249240122	0.136778115502	0.0942249240122	0.109422492401	0.106382978723	0.121580547112	0.0729483282675	0.103343465046	0.112462006079	0.115501519757	0.0729483282675	0.118541033435	0.0851063829787	0.0759878419453	0.121580547112	0.063829787234	0.121580547112	0.0668693009119	0.0607902735562
MMRS62376181ST-27-0-0.snv.bam	0.0516717325228	0.0547112462006	0.0911854103343	0.0425531914894	0.337386018237	0.0881458966565	0.0790273556231	0.0547112462006	0.0729483282675	0.0851063829787	0.106382978723	0.100303951368	0.0699088145897	0.0851063829787	0.0	0.36170212766	0.0759878419453	0.0729483282675	0.109422492401	0.0699088145897	0.0820668693009	0.0820668693009	0.0699088145897	0.0455927051672	0.0729483282675	0.0699088145897	0.106382978723	0.048632218845	0.103343465046	0.0455927051672	0.0516717325228	0.0820668693009	0.0425531914894	0.0820668693009	0.0303951367781	0.0547112462006
MMRS65945127ST-27-0-0.snv.bam	0.355623100304	0.36170212766	0.367781155015	0.373860182371	0.121580547112	0.392097264438	0.370820668693	0.367781155015	0.373860182371	0.358662613982	0.382978723404	0.398176291793	0.373860182371	0.398176291793	0.36170212766	0.0	0.395136778116	0.395136778116	0.386018237082	0.379939209726	0.379939209726	0.373860182371	0.358662613982	0.358662613982	0.364741641337	0.358662613982	0.376899696049	0.310030395137	0.382978723404	0.349544072948	0.352583586626	0.392097264438	0.349544072948	0.392097264438	0.358662613982	0.370820668693
N043A.snv.bam	0.103343465046	0.109422492401	0.0820668693009	0.0759878419453	0.367781155015	0.118541033435	0.0699088145897	0.0790273556231	0.0699088145897	0.0851063829787	0.136778115502	0.109422492401	0.0851063829787	0.09726443769	0.0759878419453	0.395136778116	0.0	0.00911854103343	0.142857142857	0.0942249240122	0.0729483282675	0.130699088146	0.0911854103343	0.0668693009119	0.100303951368	0.103343465046	0.115501519757	0.0577507598784	0.142857142857	0.0759878419453	0.0790273556231	0.139817629179	0.0790273556231	0.139817629179	0.0699088145897	0.0911854103343
N046A.snv.bam	0.100303951368	0.106382978723	0.0911854103343	0.0729483282675	0.367781155015	0.127659574468	0.0790273556231	0.0759878419453	0.0790273556231	0.0942249240122	0.145896656535	0.118541033435	0.0911854103343	0.0942249240122	0.0729483282675	0.395136778116	0.00911854103343	0.0	0.151975683891	0.0881458966565	0.0820668693009	0.127659574468	0.100303951368	0.0759878419453	0.109422492401	0.112462006079	0.12462006079	0.0668693009119	0.151975683891	0.0851063829787	0.0790273556231	0.136778115502	0.0759878419453	0.136778115502	0.0668693009119	0.0881458966565
N052A.snv.bam	0.0942249240122	0.0942249240122	0.106382978723	0.127659574468	0.349544072948	0.0516717325228	0.139817629179	0.130699088146	0.133738601824	0.142857142857	0.103343465046	0.136778115502	0.100303951368	0.136778115502	0.109422492401	0.386018237082	0.142857142857	0.151975683891	0.0	0.12462006079	0.142857142857	0.121580547112	0.118541033435	0.0881458966565	0.133738601824	0.121580547112	0.0577507598784	0.0668693009119	0.0547112462006	0.100303951368	0.100303951368	0.0911854103343	0.100303951368	0.0911854103343	0.0851063829787	0.118541033435
O2.CD1-0-PT.snv.bam	0.0851063829787	0.0911854103343	0.12462006079	0.0881458966565	0.337386018237	0.109422492401	0.0790273556231	0.0790273556231	0.0820668693009	0.0911854103343	0.142857142857	0.0851063829787	0.115501519757	0.0942249240122	0.0699088145897	0.379939209726	0.0942249240122	0.0881458966565	0.12462006079	0.0	0.0881458966565	0.106382978723	0.100303951368	0.0911854103343	0.109422492401	0.109422492401	0.12462006079	0.0820668693009	0.130699088146	0.0699088145897	0.0607902735562	0.139817629179	0.0729483282675	0.139817629179	0.0607902735562	0.0942249240122
O2.CD3-0-PT.snv.bam	0.09726443769	0.103343465046	0.112462006079	0.0881458966565	0.355623100304	0.12462006079	0.00303951367781	0.09726443769	0.00303951367781	0.0182370820669	0.12462006079	0.109422492401	0.109422492401	0.109422492401	0.0820668693009	0.379939209726	0.0729483282675	0.0820668693009	0.142857142857	0.0881458966565	0.0	0.127659574468	0.0851063829787	0.0759878419453	0.100303951368	0.09726443769	0.121580547112	0.0881458966565	0.136778115502	0.048632218845	0.0790273556231	0.139817629179	0.0942249240122	0.139817629179	0.0729483282675	0.103343465046
O2.UC26-1.snv.bam	0.0759878419453	0.0790273556231	0.0942249240122	0.100303951368	0.349544072948	0.106382978723	0.12462006079	0.09726443769	0.118541033435	0.121580547112	0.0911854103343	0.145896656535	0.0455927051672	0.106382978723	0.0820668693009	0.373860182371	0.130699088146	0.127659574468	0.121580547112	0.106382978723	0.127659574468	0.0	0.115501519757	0.0851063829787	0.127659574468	0.112462006079	0.115501519757	0.0668693009119	0.127659574468	0.0699088145897	0.0942249240122	0.0942249240122	0.0942249240122	0.0942249240122	0.0790273556231	0.0911854103343
SAMEA3178936.snv.bam	0.0790273556231	0.0851063829787	0.0881458966565	0.0759878419453	0.337386018237	0.112462006079	0.0820668693009	0.0699088145897	0.0790273556231	0.0820668693009	0.0942249240122	0.09726443769	0.0881458966565	0.121580547112	0.0699088145897	0.358662613982	0.0911854103343	0.100303951368	0.118541033435	0.100303951368	0.0851063829787	0.115501519757	0.0	0.0607902735562	0.0820668693009	0.063829787234	0.09726443769	0.0668693009119	0.118541033435	0.0516717325228	0.0820668693009	0.115501519757	0.0699088145897	0.115501519757	0.0668693009119	0.0911854103343
SZEY-35A.snv.bam	0.048632218845	0.048632218845	0.0455927051672	0.0547112462006	0.334346504559	0.0790273556231	0.0699088145897	0.0699088145897	0.0729483282675	0.0729483282675	0.0790273556231	0.0820668693009	0.048632218845	0.0729483282675	0.0455927051672	0.358662613982	0.0668693009119	0.0759878419453	0.0881458966565	0.0911854103343	0.0759878419453	0.0851063829787	0.0607902735562	0.0	0.0516717325228	0.0668693009119	0.0851063829787	0.0364741641337	0.0729483282675	0.0455927051672	0.0577507598784	0.0911854103343	0.048632218845	0.0911854103343	0.048632218845	0.063829787234
SZEY-64A.snv.bam	0.0759878419453	0.0790273556231	0.0729483282675	0.0881458966565	0.346504559271	0.12462006079	0.0942249240122	0.0729483282675	0.0942249240122	0.0729483282675	0.0851063829787	0.0820668693009	0.0911854103343	0.103343465046	0.0729483282675	0.364741641337	0.100303951368	0.109422492401	0.133738601824	0.109422492401	0.100303951368	0.127659574468	0.0820668693009	0.0516717325228	0.0	0.0851063829787	0.112462006079	0.0881458966565	0.100303951368	0.0699088145897	0.0729483282675	0.127659574468	0.0820668693009	0.127659574468	0.0881458966565	0.0790273556231
T2D-103A.snv.bam	0.0881458966565	0.0911854103343	0.09726443769	0.0820668693009	0.334346504559	0.100303951368	0.0942249240122	0.0851063829787	0.0911854103343	0.100303951368	0.112462006079	0.118541033435	0.0911854103343	0.112462006079	0.0699088145897	0.358662613982	0.103343465046	0.112462006079	0.121580547112	0.109422492401	0.09726443769	0.112462006079	0.063829787234	0.0668693009119	0.0851063829787	0.0	0.103343465046	0.0729483282675	0.12462006079	0.0607902735562	0.0911854103343	0.103343465046	0.063829787234	0.103343465046	0.0668693009119	0.103343465046
T2D-77A.snv.bam	0.0851063829787	0.0911854103343	0.09726443769	0.106382978723	0.358662613982	0.063829787234	0.118541033435	0.115501519757	0.112462006079	0.12462006079	0.0729483282675	0.121580547112	0.0729483282675	0.115501519757	0.106382978723	0.376899696049	0.115501519757	0.12462006079	0.0577507598784	0.12462006079	0.121580547112	0.115501519757	0.09726443769	0.0851063829787	0.112462006079	0.103343465046	0.0	0.0607902735562	0.0577507598784	0.0881458966565	0.0851063829787	0.063829787234	0.0911854103343	0.063829787234	0.0881458966565	0.103343465046
V1.CD12-3.snv.bam	0.048632218845	0.0516717325228	0.0243161094225	0.0699088145897	0.273556231003	0.048632218845	0.0851063829787	0.0699088145897	0.0759878419453	0.0942249240122	0.063829787234	0.106382978723	0.0273556231003	0.0729483282675	0.048632218845	0.310030395137	0.0577507598784	0.0668693009119	0.0668693009119	0.0820668693009	0.0881458966565	0.0668693009119	0.0668693009119	0.0364741641337	0.0881458966565	0.0729483282675	0.0607902735562	0.0	0.0790273556231	0.0364741641337	0.063829787234	0.0729483282675	0.048632218845	0.0729483282675	0.0334346504559	0.0607902735562
V1.CD20-4.snv.bam	0.0820668693009	0.0820668693009	0.103343465046	0.121580547112	0.36170212766	0.0851063829787	0.133738601824	0.12462006079	0.127659574468	0.136778115502	0.0942249240122	0.118541033435	0.09726443769	0.118541033435	0.103343465046	0.382978723404	0.142857142857	0.151975683891	0.0547112462006	0.130699088146	0.136778115502	0.127659574468	0.118541033435	0.0729483282675	0.100303951368	0.12462006079	0.0577507598784	0.0790273556231	0.0	0.09726443769	0.0942249240122	0.0851063829787	0.106382978723	0.0851063829787	0.0881458966565	0.100303951368
V1.CD25-4.snv.bam	0.0668693009119	0.0699088145897	0.0790273556231	0.063829787234	0.328267477204	0.0911854103343	0.0303951367781	0.0729483282675	0.0151975683891	0.0395136778116	0.0668693009119	0.09726443769	0.0455927051672	0.0851063829787	0.0455927051672	0.349544072948	0.0759878419453	0.0851063829787	0.100303951368	0.0699088145897	0.048632218845	0.0699088145897	0.0516717325228	0.0455927051672	0.0699088145897	0.0607902735562	0.0881458966565	0.0364741641337	0.09726443769	0.0	0.0607902735562	0.0820668693009	0.0577507598784	0.0820668693009	0.048632218845	0.0759878419453
V1.CD28-0.snv.bam	0.063829787234	0.0668693009119	0.100303951368	0.0547112462006	0.322188449848	0.100303951368	0.063829787234	0.063829787234	0.0577507598784	0.0790273556231	0.109422492401	0.0790273556231	0.0881458966565	0.0759878419453	0.0516717325228	0.352583586626	0.0790273556231	0.0790273556231	0.100303951368	0.0607902735562	0.0790273556231	0.0942249240122	0.0820668693009	0.0577507598784	0.0729483282675	0.0911854103343	0.0851063829787	0.063829787234	0.0942249240122	0.0607902735562	0.0	0.112462006079	0.0607902735562	0.112462006079	0.0547112462006	0.0577507598784
V1.CD3-0-PT.snv.bam	0.0881458966565	0.0911854103343	0.112462006079	0.112462006079	0.373860182371	0.0607902735562	0.136778115502	0.109422492401	0.130699088146	0.136778115502	0.0729483282675	0.164133738602	0.0759878419453	0.121580547112	0.0820668693009	0.392097264438	0.139817629179	0.136778115502	0.0911854103343	0.139817629179	0.139817629179	0.0942249240122	0.115501519757	0.0911854103343	0.127659574468	0.103343465046	0.063829787234	0.0729483282675	0.0851063829787	0.0820668693009	0.112462006079	0.0	0.0851063829787	0.0	0.0790273556231	0.09726443769
V1.CD32-0.snv.bam	0.048632218845	0.048632218845	0.0881458966565	0.0668693009119	0.334346504559	0.100303951368	0.0881458966565	0.0425531914894	0.0881458966565	0.0942249240122	0.112462006079	0.09726443769	0.0668693009119	0.063829787234	0.0425531914894	0.349544072948	0.0790273556231	0.0759878419453	0.100303951368	0.0729483282675	0.0942249240122	0.0942249240122	0.0699088145897	0.048632218845	0.0820668693009	0.063829787234	0.0911854103343	0.048632218845	0.106382978723	0.0577507598784	0.0607902735562	0.0851063829787	0.0	0.0851063829787	0.0395136778116	0.0607902735562
V1.CD4-0-PT.snv.bam	0.0881458966565	0.0911854103343	0.112462006079	0.112462006079	0.373860182371	0.0607902735562	0.136778115502	0.109422492401	0.130699088146	0.136778115502	0.0729483282675	0.164133738602	0.0759878419453	0.121580547112	0.0820668693009	0.392097264438	0.139817629179	0.136778115502	0.0911854103343	0.139817629179	0.139817629179	0.0942249240122	0.115501519757	0.0911854103343	0.127659574468	0.103343465046	0.063829787234	0.0729483282675	0.0851063829787	0.0820668693009	0.112462006079	0.0	0.0851063829787	0.0	0.0790273556231	0.09726443769
V1.FI21.snv.bam	0.0547112462006	0.0577507598784	0.0729483282675	0.048632218845	0.334346504559	0.0699088145897	0.063829787234	0.0516717325228	0.0668693009119	0.0790273556231	0.103343465046	0.0820668693009	0.0547112462006	0.0668693009119	0.0303951367781	0.358662613982	0.0699088145897	0.0668693009119	0.0851063829787	0.0607902735562	0.0729483282675	0.0790273556231	0.0668693009119	0.048632218845	0.0881458966565	0.0668693009119	0.0881458966565	0.0334346504559	0.0881458966565	0.048632218845	0.0547112462006	0.0790273556231	0.0395136778116	0.0790273556231	0.0	0.0607902735562
alien-11-632-0.snv.bam	0.0455927051672	0.048632218845	0.0759878419453	0.0577507598784	0.352583586626	0.100303951368	0.09726443769	0.0303951367781	0.09726443769	0.106382978723	0.103343465046	0.121580547112	0.0668693009119	0.0607902735562	0.0547112462006	0.370820668693	0.0911854103343	0.0881458966565	0.118541033435	0.0942249240122	0.103343465046	0.0911854103343	0.0911854103343	0.063829787234	0.0790273556231	0.103343465046	0.103343465046	0.0607902735562	0.100303951368	0.0759878419453	0.0577507598784	0.09726443769	0.0607902735562	0.09726443769	0.0607902735562	0.0
