	159207311-stool1.snv.bam	159207311-stool2.snv.bam	CCIS94417875ST-3-0.snv.bam	M1.4-V2.metaG.snv.bam	MH0298.snv.bam	MH0308.snv.bam	MH0340.snv.bam	MH0357.snv.bam	MH0373.snv.bam	MH0392.snv.bam	MH0398.snv.bam	MH0409.snv.bam	MH0430.snv.bam	MH0434.snv.bam	MH0447.snv.bam	MH0454.snv.bam	MMRS94549160ST-27-0-0.snv.bam	O2.UC40-1.snv.bam	SAMEA3136642.snv.bam	V1.CD22-0.snv.bam
159207311-stool1.snv.bam	0.0	0.00103714967597	0.171216961952	0.185656038116	0.185884979706	0.155641659179	0.168496309963	0.186635989731	0.187114197531	0.211800158951	0.179892073602	0.153801843318	0.148951115602	0.149196150423	0.185988033967	0.149292360622	0.137586805556	0.188124110928	0.203261831048	0.186266585497
159207311-stool2.snv.bam	0.00103714967597	0.0	0.180404627468	0.197166743579	0.188677409536	0.156966459885	0.176132229258	0.183313845703	0.189572503435	0.207618565749	0.18341142258	0.149398153137	0.149658897645	0.152829063426	0.191784736046	0.156477183192	0.143058985543	0.196515718774	0.205076655482	0.194950534039
CCIS94417875ST-3-0.snv.bam	0.171216961952	0.180404627468	0.0	0.13084945108	0.197249627519	0.160532779655	0.199828077826	0.204540603987	0.191638608305	0.165858946014	0.169433185357	0.182127396413	0.143547876866	0.175569698993	0.177267103734	0.184413760961	0.175143038779	0.0995089217693	0.210896224519	0.190931259448
M1.4-V2.metaG.snv.bam	0.185656038116	0.197166743579	0.13084945108	0.0	0.204071935321	0.205796429001	0.236825321526	0.213197112047	0.204730687456	0.174699484785	0.211433848902	0.21566189767	0.204222121691	0.213488001584	0.192995724165	0.208336560352	0.203190428714	0.117944096831	0.21752011983	0.185915656232
MH0298.snv.bam	0.185884979706	0.188677409536	0.197249627519	0.204071935321	0.0	0.19086996925	0.190223617744	0.203859229779	0.190440425731	0.215724061899	0.202733508064	0.184440296788	0.164333024584	0.201380621852	0.23277490374	0.193336586503	0.187340712226	0.203567227459	0.0521292832966	0.232737841902
MH0308.snv.bam	0.155641659179	0.156966459885	0.160532779655	0.205796429001	0.19086996925	0.0	0.178556331953	0.160168400562	0.16145607179	0.236969015843	0.113126337264	0.102883006238	0.123260659183	0.142288380076	0.15819438015	0.17667469216	0.127120026093	0.195932756385	0.207767131243	0.222589462848
MH0340.snv.bam	0.168496309963	0.176132229258	0.199828077826	0.236825321526	0.190223617744	0.178556331953	0.0	0.193332516983	0.202703900709	0.242490678197	0.206479779412	0.192384980308	0.188346666213	0.229850127551	0.226698084824	0.187622024668	0.20865	0.224690941853	0.214203101169	0.223232915706
MH0357.snv.bam	0.186635989731	0.183313845703	0.204540603987	0.213197112047	0.203859229779	0.160168400562	0.193332516983	0.0	0.170696100808	0.241808144682	0.178558576737	0.167144664461	0.141228566525	0.18159937038	0.191119514266	0.18609061715	0.165065820937	0.224307135534	0.224109975123	0.239015791242
MH0373.snv.bam	0.187114197531	0.189572503435	0.191638608305	0.204730687456	0.190440425731	0.16145607179	0.202703900709	0.170696100808	0.0	0.235844667576	0.169572649573	0.160434393193	0.142391415382	0.208635434596	0.18383781482	0.194494397953	0.16835016835	0.18904193309	0.18870829769	0.211992578197
MH0392.snv.bam	0.211800158951	0.207618565749	0.165858946014	0.174699484785	0.215724061899	0.236969015843	0.242490678197	0.241808144682	0.235844667576	0.0	0.252904506262	0.244518616458	0.219047744443	0.241290474855	0.21395054676	0.187995021506	0.239955959279	0.136231585728	0.229888790227	0.161784308413
MH0398.snv.bam	0.179892073602	0.18341142258	0.169433185357	0.211433848902	0.202733508064	0.113126337264	0.206479779412	0.178558576737	0.169572649573	0.252904506262	0.0	0.159513535727	0.128018321041	0.162221174702	0.169304307023	0.187767170836	0.181571815718	0.21375128999	0.219390554576	0.225381935454
MH0409.snv.bam	0.153801843318	0.149398153137	0.182127396413	0.21566189767	0.184440296788	0.102883006238	0.192384980308	0.167144664461	0.160434393193	0.244518616458	0.159513535727	0.0	0.084621796777	0.143098430224	0.126536197813	0.146278138056	0.124746707194	0.204930184482	0.201909254268	0.239639199745
MH0430.snv.bam	0.148951115602	0.149658897645	0.143547876866	0.204222121691	0.164333024584	0.123260659183	0.188346666213	0.141228566525	0.142391415382	0.219047744443	0.128018321041	0.084621796777	0.0	0.122630472518	0.16642458363	0.131753277235	0.134080276921	0.185643033677	0.17639547688	0.222148248493
MH0434.snv.bam	0.149196150423	0.152829063426	0.175569698993	0.213488001584	0.201380621852	0.142288380076	0.229850127551	0.18159937038	0.208635434596	0.241290474855	0.162221174702	0.143098430224	0.122630472518	0.0	0.179744430991	0.168493442253	0.129718523002	0.194599781832	0.212373219681	0.229891612673
MH0447.snv.bam	0.185988033967	0.191784736046	0.177267103734	0.192995724165	0.23277490374	0.15819438015	0.226698084824	0.191119514266	0.18383781482	0.21395054676	0.169304307023	0.126536197813	0.16642458363	0.179744430991	0.0	0.191928972389	0.165537949722	0.16972920726	0.235967748079	0.224632333577
MH0454.snv.bam	0.149292360622	0.156477183192	0.184413760961	0.208336560352	0.193336586503	0.17667469216	0.187622024668	0.18609061715	0.194494397953	0.187995021506	0.187767170836	0.146278138056	0.131753277235	0.168493442253	0.191928972389	0.0	0.144803197688	0.185827587392	0.210274053018	0.175743201071
MMRS94549160ST-27-0-0.snv.bam	0.137586805556	0.143058985543	0.175143038779	0.203190428714	0.187340712226	0.127120026093	0.20865	0.165065820937	0.16835016835	0.239955959279	0.181571815718	0.124746707194	0.134080276921	0.129718523002	0.165537949722	0.144803197688	0.0	0.20619259003	0.185281385281	0.214912043226
O2.UC40-1.snv.bam	0.188124110928	0.196515718774	0.0995089217693	0.117944096831	0.203567227459	0.195932756385	0.224690941853	0.224307135534	0.18904193309	0.136231585728	0.21375128999	0.204930184482	0.185643033677	0.194599781832	0.16972920726	0.185827587392	0.20619259003	0.0	0.225841973336	0.166677164673
SAMEA3136642.snv.bam	0.203261831048	0.205076655482	0.210896224519	0.21752011983	0.0521292832966	0.207767131243	0.214203101169	0.224109975123	0.18870829769	0.229888790227	0.219390554576	0.201909254268	0.17639547688	0.212373219681	0.235967748079	0.210274053018	0.185281385281	0.225841973336	0.0	0.243351912102
V1.CD22-0.snv.bam	0.186266585497	0.194950534039	0.190931259448	0.185915656232	0.232737841902	0.222589462848	0.223232915706	0.239015791242	0.211992578197	0.161784308413	0.225381935454	0.239639199745	0.222148248493	0.229891612673	0.224632333577	0.175743201071	0.214912043226	0.166677164673	0.243351912102	0.0
