	158256496-stool2.snv.bam	158944319-stool1.snv.bam	158944319-stool2.snv.bam	158984779-stool1.snv.bam	159227541-stool1.snv.bam	159227541-stool2.snv.bam	159227541-stool3.snv.bam	159571453-stool2.snv.bam	160400887-stool1.snv.bam	160765029-stool1.snv.bam	161412393-stool2.snv.bam	682102541-stool3.snv.bam	763597684-stool2.snv.bam	763901136-stool1.snv.bam	763901136-stool2.snv.bam	764649650-stool2.snv.bam	765256553-stool3.snv.bam	765701615-stool1.snv.bam	765701615-stool2.snv.bam	BYQ_AAAG.snv.bam	BYQ_AAAR.snv.bam	BYQ_AABA.snv.bam	CCIS15794887ST-4-0.snv.bam	CCIS16561622ST-4-0.snv.bam	CCIS41548810ST-4-0.snv.bam	CCIS50471204ST-4-0.snv.bam	CCIS53355328ST-4-0.snv.bam	CCIS74726977ST-3-0.snv.bam	CCIS83870198ST-4-0.snv.bam	CCIS95409808ST-4-0.snv.bam	CCMD46222674ST-21-0.snv.bam	M1.1-V3.metaG.snv.bam	M1.2-V2.metaG.snv.bam	M2.4-V3.metaG.snv.bam	MH0193.snv.bam	MH0195.snv.bam	MH0196.snv.bam	MH0220.snv.bam	MH0222.snv.bam	MH0224.snv.bam	MH0229.snv.bam	MH0244.snv.bam	MH0247.snv.bam	MH0250.snv.bam	MH0253.snv.bam	MH0261.snv.bam	MH0266.snv.bam	MH0267.snv.bam	MH0272.snv.bam	MH0298.snv.bam	MH0301.snv.bam	MH0318.snv.bam	MH0323.snv.bam	MH0338.snv.bam	MH0339.snv.bam	MH0354.snv.bam	MH0364.snv.bam	MH0366.snv.bam	MH0368.snv.bam	MH0373.snv.bam	MH0378.snv.bam	MH0384.snv.bam	MH0385.snv.bam	MH0389.snv.bam	MH0392.snv.bam	MH0394.snv.bam	MH0397.snv.bam	MH0401.snv.bam	MH0405.snv.bam	MH0409.snv.bam	MH0416.snv.bam	MH0417.snv.bam	MH0421.snv.bam	MH0426.snv.bam	MH0430.snv.bam	MH0437.snv.bam	MH0438.snv.bam	MH0440.snv.bam	MH0442.snv.bam	MH0446.snv.bam	MH0447.snv.bam	MH0450.snv.bam	MH0451.snv.bam	MH0452.snv.bam	MH0453.snv.bam	MH0454.snv.bam	MMRS11932626ST-27-0-0.snv.bam	MMRS32573774ST-27-0-0.snv.bam	MMRS33294861ST-27-0-0.snv.bam	MMRS38954404ST-27-0-0.snv.bam	MMRS51410669ST-27-0-0.snv.bam	MMRS54316675ST-27-0-0.snv.bam	MMRS66868025ST-27-0-0.snv.bam	MMRS71762412ST-27-0-0.snv.bam	MMRS86168210ST-27-0-0.snv.bam	MMRS90191266ST-27-0-0.snv.bam	MMRS97052561ST-27-0-0.snv.bam	N037A.snv.bam	N064A.snv.bam	NG-5636_462.snv.bam	NLM031.snv.bam	O2.CD1-0.snv.bam	O2.UC38-1.snv.bam	O2.UC40-1.snv.bam	SAMEA3136645.snv.bam	SAMEA3136654.snv.bam	SAMEA3136676.snv.bam	SAMEA3136694.snv.bam	SAMEA3136699.snv.bam	SAMEA3136705.snv.bam	SAMEA3136713.snv.bam	SAMEA3136717.snv.bam	SAMEA3136721.snv.bam	SAMEA3136723.snv.bam	SAMEA3136727.snv.bam	SAMEA3136751.snv.bam	T2D-11A.snv.bam	T2D-15A.snv.bam	V1.CD4-0-PN.snv.bam	V1.CD50-0.snv.bam	V1.CD55-0.snv.bam	V1.FI04.snv.bam	V1.FI06.snv.bam	V1.FI07.snv.bam	V1.FI14.snv.bam	V1.FI16.snv.bam	V1.FI27.snv.bam	V1.UC58-0.snv.bam	V1.UC62-0.snv.bam	V1.UC63-0.snv.bam
158256496-stool2.snv.bam	0.0	0.114006514658	0.104234527687	0.169381107492	0.128664495114	0.141693811075	0.138436482085	0.125407166124	0.157980456026	0.117263843648	0.172638436482	0.157980456026	0.174267100977	0.141693811075	0.14006514658	0.156351791531	0.153094462541	0.169381107492	0.172638436482	0.167752442997	0.171009771987	0.164495114007	0.141693811075	0.156351791531	0.14006514658	0.130293159609	0.122149837134	0.110749185668	0.171009771987	0.133550488599	0.14983713355	0.141693811075	0.133550488599	0.154723127036	0.157980456026	0.153094462541	0.154723127036	0.157980456026	0.154723127036	0.123778501629	0.102605863192	0.156351791531	0.161237785016	0.100977198697	0.151465798046	0.151465798046	0.148208469055	0.14657980456	0.120521172638	0.151465798046	0.123778501629	0.14006514658	0.151465798046	0.130293159609	0.141693811075	0.153094462541	0.156351791531	0.14657980456	0.118892508143	0.148208469055	0.110749185668	0.112377850163	0.131921824104	0.161237785016	0.120521172638	0.14657980456	0.148208469055	0.14983713355	0.14332247557	0.135179153094	0.148208469055	0.144951140065	0.14332247557	0.144951140065	0.122149837134	0.107491856678	0.144951140065	0.151465798046	0.159609120521	0.164495114007	0.133550488599	0.14657980456	0.159609120521	0.14983713355	0.161237785016	0.162866449511	0.133550488599	0.148208469055	0.104234527687	0.151465798046	0.14006514658	0.167752442997	0.151465798046	0.131921824104	0.13680781759	0.122149837134	0.159609120521	0.141693811075	0.127035830619	0.135179153094	0.133550488599	0.14006514658	0.151465798046	0.148208469055	0.156351791531	0.14983713355	0.133550488599	0.117263843648	0.110749185668	0.154723127036	0.14332247557	0.159609120521	0.13680781759	0.138436482085	0.115635179153	0.118892508143	0.161237785016	0.151465798046	0.133550488599	0.161237785016	0.157980456026	0.107491856678	0.144951140065	0.159609120521	0.14983713355	0.156351791531	0.154723127036	0.104234527687	0.153094462541	0.127035830619
158944319-stool1.snv.bam	0.114006514658	0.0	0.0	0.14983713355	0.114006514658	0.127035830619	0.123778501629	0.100977198697	0.122149837134	0.0211726384365	0.164495114007	0.120521172638	0.14006514658	0.125407166124	0.123778501629	0.14006514658	0.131921824104	0.177524429967	0.180781758958	0.138436482085	0.14006514658	0.135179153094	0.123778501629	0.120521172638	0.130293159609	0.0228013029316	0.110749185668	0.100977198697	0.153094462541	0.123778501629	0.128664495114	0.109120521173	0.110749185668	0.125407166124	0.14006514658	0.133550488599	0.135179153094	0.125407166124	0.105863192182	0.102605863192	0.102605863192	0.109120521173	0.131921824104	0.0895765472313	0.118892508143	0.112377850163	0.114006514658	0.138436482085	0.112377850163	0.110749185668	0.102605863192	0.125407166124	0.130293159609	0.0928338762215	0.112377850163	0.120521172638	0.14332247557	0.125407166124	0.109120521173	0.131921824104	0.0912052117264	0.107491856678	0.112377850163	0.114006514658	0.0960912052117	0.112377850163	0.144951140065	0.128664495114	0.123778501629	0.0895765472313	0.105863192182	0.107491856678	0.14006514658	0.122149837134	0.105863192182	0.086319218241	0.122149837134	0.0944625407166	0.112377850163	0.104234527687	0.109120521173	0.127035830619	0.105863192182	0.109120521173	0.138436482085	0.144951140065	0.125407166124	0.135179153094	0.086319218241	0.127035830619	0.120521172638	0.138436482085	0.141693811075	0.120521172638	0.123778501629	0.0228013029316	0.131921824104	0.123778501629	0.107491856678	0.110749185668	0.107491856678	0.13680781759	0.13680781759	0.14332247557	0.112377850163	0.135179153094	0.100977198697	0.0977198697068	0.0944625407166	0.135179153094	0.107491856678	0.114006514658	0.114006514658	0.133550488599	0.0781758957655	0.0781758957655	0.141693811075	0.133550488599	0.115635179153	0.114006514658	0.112377850163	0.099348534202	0.130293159609	0.144951140065	0.141693811075	0.112377850163	0.13680781759	0.131921824104	0.14332247557	0.122149837134
158944319-stool2.snv.bam	0.104234527687	0.0	0.0	0.133550488599	0.102605863192	0.114006514658	0.110749185668	0.0928338762215	0.100977198697	0.0211726384365	0.151465798046	0.105863192182	0.122149837134	0.105863192182	0.104234527687	0.118892508143	0.118892508143	0.162866449511	0.166123778502	0.120521172638	0.122149837134	0.117263843648	0.109120521173	0.109120521173	0.117263843648	0.0228013029316	0.0977198697068	0.0912052117264	0.130293159609	0.110749185668	0.109120521173	0.0944625407166	0.0928338762215	0.109120521173	0.127035830619	0.120521172638	0.118892508143	0.105863192182	0.0912052117264	0.0928338762215	0.086319218241	0.0928338762215	0.114006514658	0.0749185667752	0.100977198697	0.0960912052117	0.0977198697068	0.123778501629	0.102605863192	0.0928338762215	0.0928338762215	0.114006514658	0.114006514658	0.0781758957655	0.0977198697068	0.104234527687	0.128664495114	0.114006514658	0.0960912052117	0.122149837134	0.0798045602606	0.0960912052117	0.102605863192	0.100977198697	0.0846905537459	0.0960912052117	0.130293159609	0.117263843648	0.107491856678	0.0814332247557	0.0895765472313	0.0895765472313	0.128664495114	0.114006514658	0.0960912052117	0.071661237785	0.107491856678	0.0765472312704	0.0960912052117	0.086319218241	0.0928338762215	0.117263843648	0.0895765472313	0.0928338762215	0.122149837134	0.123778501629	0.112377850163	0.120521172638	0.0732899022801	0.110749185668	0.109120521173	0.120521172638	0.127035830619	0.104234527687	0.107491856678	0.0211726384365	0.117263843648	0.109120521173	0.0895765472313	0.0928338762215	0.0977198697068	0.122149837134	0.115635179153	0.120521172638	0.0960912052117	0.125407166124	0.086319218241	0.0781758957655	0.0781758957655	0.115635179153	0.0928338762215	0.0977198697068	0.102605863192	0.118892508143	0.0684039087948	0.0651465798046	0.127035830619	0.118892508143	0.102605863192	0.0977198697068	0.0960912052117	0.0830618892508	0.114006514658	0.130293159609	0.125407166124	0.0960912052117	0.122149837134	0.122149837134	0.128664495114	0.109120521173
158984779-stool1.snv.bam	0.169381107492	0.14983713355	0.133550488599	0.0	0.151465798046	0.167752442997	0.166123778502	0.13680781759	0.123778501629	0.153094462541	0.164495114007	0.123778501629	0.157980456026	0.107491856678	0.105863192182	0.148208469055	0.154723127036	0.205211726384	0.21009771987	0.164495114007	0.167752442997	0.159609120521	0.14657980456	0.157980456026	0.131921824104	0.156351791531	0.127035830619	0.105863192182	0.144951140065	0.161237785016	0.159609120521	0.100977198697	0.131921824104	0.151465798046	0.153094462541	0.14657980456	0.0798045602606	0.130293159609	0.138436482085	0.133550488599	0.110749185668	0.14332247557	0.141693811075	0.102605863192	0.130293159609	0.131921824104	0.133550488599	0.13680781759	0.14983713355	0.135179153094	0.131921824104	0.151465798046	0.0390879478827	0.118892508143	0.125407166124	0.14006514658	0.154723127036	0.127035830619	0.125407166124	0.138436482085	0.110749185668	0.118892508143	0.127035830619	0.144951140065	0.125407166124	0.125407166124	0.144951140065	0.138436482085	0.0618892508143	0.127035830619	0.128664495114	0.128664495114	0.14332247557	0.14657980456	0.122149837134	0.0879478827362	0.141693811075	0.13680781759	0.14332247557	0.151465798046	0.0977198697068	0.14006514658	0.14006514658	0.130293159609	0.0325732899023	0.135179153094	0.14006514658	0.161237785016	0.112377850163	0.148208469055	0.153094462541	0.086319218241	0.14657980456	0.153094462541	0.141693811075	0.151465798046	0.131921824104	0.148208469055	0.138436482085	0.130293159609	0.130293159609	0.141693811075	0.151465798046	0.156351791531	0.14983713355	0.156351791531	0.109120521173	0.110749185668	0.112377850163	0.162866449511	0.117263843648	0.144951140065	0.148208469055	0.13680781759	0.114006514658	0.112377850163	0.159609120521	0.13680781759	0.123778501629	0.141693811075	0.141693811075	0.118892508143	0.14006514658	0.171009771987	0.164495114007	0.13680781759	0.125407166124	0.161237785016	0.14006514658	0.133550488599
159227541-stool1.snv.bam	0.128664495114	0.114006514658	0.102605863192	0.151465798046	0.0	0.0	0.0	0.099348534202	0.131921824104	0.120521172638	0.125407166124	0.105863192182	0.127035830619	0.123778501629	0.122149837134	0.133550488599	0.125407166124	0.175895765472	0.179153094463	0.133550488599	0.13680781759	0.128664495114	0.0977198697068	0.107491856678	0.105863192182	0.128664495114	0.0977198697068	0.0700325732899	0.14006514658	0.127035830619	0.0749185667752	0.117263843648	0.110749185668	0.115635179153	0.128664495114	0.125407166124	0.138436482085	0.114006514658	0.115635179153	0.0895765472313	0.0830618892508	0.114006514658	0.118892508143	0.0814332247557	0.114006514658	0.105863192182	0.110749185668	0.107491856678	0.102605863192	0.109120521173	0.0895765472313	0.0977198697068	0.128664495114	0.0977198697068	0.102605863192	0.114006514658	0.115635179153	0.107491856678	0.0977198697068	0.110749185668	0.0814332247557	0.0814332247557	0.0635179153094	0.0960912052117	0.086319218241	0.109120521173	0.114006514658	0.107491856678	0.120521172638	0.0912052117264	0.112377850163	0.104234527687	0.102605863192	0.109120521173	0.0781758957655	0.0684039087948	0.107491856678	0.104234527687	0.120521172638	0.114006514658	0.0977198697068	0.115635179153	0.110749185668	0.114006514658	0.13680781759	0.131921824104	0.112377850163	0.107491856678	0.0781758957655	0.112377850163	0.099348534202	0.144951140065	0.109120521173	0.0358306188925	0.105863192182	0.118892508143	0.115635179153	0.114006514658	0.107491856678	0.115635179153	0.105863192182	0.110749185668	0.117263843648	0.112377850163	0.115635179153	0.115635179153	0.0928338762215	0.0912052117264	0.0732899022801	0.118892508143	0.100977198697	0.122149837134	0.107491856678	0.110749185668	0.0732899022801	0.0749185667752	0.120521172638	0.130293159609	0.104234527687	0.120521172638	0.120521172638	0.0912052117264	0.125407166124	0.138436482085	0.122149837134	0.115635179153	0.122149837134	0.14657980456	0.110749185668	0.100977198697
159227541-stool2.snv.bam	0.141693811075	0.127035830619	0.114006514658	0.167752442997	0.0	0.0	0.0	0.110749185668	0.14657980456	0.13680781759	0.13680781759	0.120521172638	0.13680781759	0.14006514658	0.138436482085	0.14006514658	0.135179153094	0.190553745928	0.193811074919	0.144951140065	0.148208469055	0.14006514658	0.112377850163	0.118892508143	0.125407166124	0.144951140065	0.112377850163	0.0781758957655	0.151465798046	0.14332247557	0.0781758957655	0.133550488599	0.123778501629	0.125407166124	0.13680781759	0.131921824104	0.153094462541	0.127035830619	0.130293159609	0.0960912052117	0.0960912052117	0.128664495114	0.133550488599	0.0912052117264	0.128664495114	0.122149837134	0.125407166124	0.122149837134	0.117263843648	0.122149837134	0.0977198697068	0.104234527687	0.144951140065	0.112377850163	0.112377850163	0.128664495114	0.135179153094	0.117263843648	0.105863192182	0.125407166124	0.0928338762215	0.0977198697068	0.071661237785	0.112377850163	0.0960912052117	0.120521172638	0.133550488599	0.123778501629	0.13680781759	0.105863192182	0.125407166124	0.118892508143	0.120521172638	0.123778501629	0.0912052117264	0.0814332247557	0.118892508143	0.115635179153	0.135179153094	0.127035830619	0.115635179153	0.131921824104	0.125407166124	0.127035830619	0.153094462541	0.14332247557	0.131921824104	0.120521172638	0.0879478827362	0.125407166124	0.110749185668	0.159609120521	0.127035830619	0.0374592833876	0.118892508143	0.135179153094	0.128664495114	0.125407166124	0.120521172638	0.128664495114	0.118892508143	0.120521172638	0.133550488599	0.128664495114	0.128664495114	0.128664495114	0.109120521173	0.104234527687	0.0846905537459	0.13680781759	0.115635179153	0.13680781759	0.118892508143	0.130293159609	0.0846905537459	0.0830618892508	0.13680781759	0.144951140065	0.118892508143	0.135179153094	0.135179153094	0.105863192182	0.133550488599	0.153094462541	0.135179153094	0.128664495114	0.13680781759	0.159609120521	0.130293159609	0.112377850163
159227541-stool3.snv.bam	0.138436482085	0.123778501629	0.110749185668	0.166123778502	0.0	0.0	0.0	0.109120521173	0.14332247557	0.131921824104	0.135179153094	0.117263843648	0.133550488599	0.13680781759	0.135179153094	0.13680781759	0.131921824104	0.185667752443	0.188925081433	0.144951140065	0.148208469055	0.14006514658	0.105863192182	0.115635179153	0.120521172638	0.14006514658	0.109120521173	0.0749185667752	0.14657980456	0.13680781759	0.0765472312704	0.130293159609	0.118892508143	0.122149837134	0.133550488599	0.128664495114	0.14983713355	0.123778501629	0.127035830619	0.0928338762215	0.0944625407166	0.125407166124	0.130293159609	0.0879478827362	0.125407166124	0.118892508143	0.122149837134	0.117263843648	0.114006514658	0.118892508143	0.0944625407166	0.102605863192	0.141693811075	0.109120521173	0.109120521173	0.125407166124	0.130293159609	0.114006514658	0.104234527687	0.122149837134	0.0895765472313	0.0928338762215	0.0700325732899	0.109120521173	0.0928338762215	0.117263843648	0.128664495114	0.118892508143	0.133550488599	0.102605863192	0.122149837134	0.114006514658	0.115635179153	0.123778501629	0.086319218241	0.0781758957655	0.114006514658	0.112377850163	0.131921824104	0.123778501629	0.112377850163	0.127035830619	0.122149837134	0.123778501629	0.151465798046	0.138436482085	0.125407166124	0.117263843648	0.0846905537459	0.122149837134	0.107491856678	0.156351791531	0.122149837134	0.0358306188925	0.114006514658	0.130293159609	0.125407166124	0.123778501629	0.117263843648	0.123778501629	0.114006514658	0.117263843648	0.128664495114	0.120521172638	0.125407166124	0.125407166124	0.105863192182	0.100977198697	0.0846905537459	0.128664495114	0.110749185668	0.133550488599	0.115635179153	0.125407166124	0.0814332247557	0.0798045602606	0.131921824104	0.14332247557	0.114006514658	0.131921824104	0.131921824104	0.102605863192	0.131921824104	0.148208469055	0.131921824104	0.125407166124	0.135179153094	0.156351791531	0.125407166124	0.109120521173
159571453-stool2.snv.bam	0.125407166124	0.100977198697	0.0928338762215	0.13680781759	0.099348534202	0.110749185668	0.109120521173	0.0	0.131921824104	0.0977198697068	0.141693811075	0.0960912052117	0.141693811075	0.118892508143	0.117263843648	0.130293159609	0.122149837134	0.179153094463	0.182410423453	0.135179153094	0.138436482085	0.133550488599	0.117263843648	0.104234527687	0.130293159609	0.112377850163	0.110749185668	0.0912052117264	0.128664495114	0.120521172638	0.107491856678	0.114006514658	0.107491856678	0.130293159609	0.130293159609	0.120521172638	0.131921824104	0.0960912052117	0.0944625407166	0.0895765472313	0.0944625407166	0.0944625407166	0.109120521173	0.0830618892508	0.102605863192	0.0895765472313	0.099348534202	0.118892508143	0.118892508143	0.0912052117264	0.105863192182	0.122149837134	0.114006514658	0.0895765472313	0.114006514658	0.107491856678	0.133550488599	0.100977198697	0.107491856678	0.0798045602606	0.0635179153094	0.0944625407166	0.0879478827362	0.118892508143	0.0439739413681	0.104234527687	0.130293159609	0.102605863192	0.112377850163	0.0765472312704	0.0879478827362	0.0928338762215	0.114006514658	0.109120521173	0.086319218241	0.0749185667752	0.102605863192	0.0928338762215	0.0944625407166	0.099348534202	0.0928338762215	0.127035830619	0.0928338762215	0.0912052117264	0.125407166124	0.118892508143	0.112377850163	0.057003257329	0.0700325732899	0.130293159609	0.0293159609121	0.13680781759	0.127035830619	0.099348534202	0.115635179153	0.104234527687	0.110749185668	0.109120521173	0.115635179153	0.0846905537459	0.107491856678	0.122149837134	0.115635179153	0.112377850163	0.102605863192	0.0879478827362	0.0895765472313	0.107491856678	0.0830618892508	0.123778501629	0.0798045602606	0.0960912052117	0.104234527687	0.125407166124	0.0684039087948	0.0830618892508	0.127035830619	0.125407166124	0.115635179153	0.0944625407166	0.0928338762215	0.102605863192	0.130293159609	0.14006514658	0.122149837134	0.0944625407166	0.125407166124	0.130293159609	0.133550488599	0.118892508143
160400887-stool1.snv.bam	0.157980456026	0.122149837134	0.100977198697	0.123778501629	0.131921824104	0.14657980456	0.14332247557	0.131921824104	0.0	0.127035830619	0.164495114007	0.105863192182	0.148208469055	0.0895765472313	0.0879478827362	0.130293159609	0.135179153094	0.182410423453	0.187296416938	0.156351791531	0.159609120521	0.151465798046	0.130293159609	0.130293159609	0.110749185668	0.138436482085	0.118892508143	0.099348534202	0.148208469055	0.151465798046	0.13680781759	0.0944625407166	0.128664495114	0.14006514658	0.141693811075	0.133550488599	0.0879478827362	0.107491856678	0.0960912052117	0.099348534202	0.105863192182	0.102605863192	0.128664495114	0.0960912052117	0.114006514658	0.102605863192	0.115635179153	0.114006514658	0.123778501629	0.100977198697	0.0944625407166	0.131921824104	0.0944625407166	0.102605863192	0.0944625407166	0.120521172638	0.123778501629	0.122149837134	0.117263843648	0.138436482085	0.104234527687	0.107491856678	0.112377850163	0.115635179153	0.102605863192	0.107491856678	0.118892508143	0.13680781759	0.0912052117264	0.0928338762215	0.0928338762215	0.0977198697068	0.118892508143	0.128664495114	0.105863192182	0.0749185667752	0.128664495114	0.0928338762215	0.102605863192	0.100977198697	0.0667752442997	0.123778501629	0.0977198697068	0.0960912052117	0.0944625407166	0.138436482085	0.138436482085	0.144951140065	0.0960912052117	0.131921824104	0.14657980456	0.100977198697	0.127035830619	0.131921824104	0.122149837134	0.131921824104	0.120521172638	0.13680781759	0.127035830619	0.109120521173	0.127035830619	0.120521172638	0.122149837134	0.135179153094	0.114006514658	0.144951140065	0.100977198697	0.0977198697068	0.0879478827362	0.131921824104	0.0944625407166	0.104234527687	0.120521172638	0.112377850163	0.0912052117264	0.0879478827362	0.156351791531	0.118892508143	0.109120521173	0.100977198697	0.104234527687	0.107491856678	0.131921824104	0.151465798046	0.112377850163	0.100977198697	0.131921824104	0.161237785016	0.118892508143	0.130293159609
160765029-stool1.snv.bam	0.117263843648	0.0211726384365	0.0211726384365	0.153094462541	0.120521172638	0.13680781759	0.131921824104	0.0977198697068	0.127035830619	0.0	0.171009771987	0.125407166124	0.14657980456	0.133550488599	0.131921824104	0.141693811075	0.133550488599	0.175895765472	0.180781758958	0.14006514658	0.141693811075	0.13680781759	0.130293159609	0.123778501629	0.133550488599	0.00162866449511	0.110749185668	0.104234527687	0.153094462541	0.122149837134	0.130293159609	0.122149837134	0.122149837134	0.131921824104	0.144951140065	0.138436482085	0.138436482085	0.122149837134	0.107491856678	0.102605863192	0.105863192182	0.112377850163	0.133550488599	0.0928338762215	0.120521172638	0.110749185668	0.115635179153	0.14006514658	0.125407166124	0.112377850163	0.109120521173	0.130293159609	0.133550488599	0.0928338762215	0.117263843648	0.122149837134	0.14657980456	0.130293159609	0.117263843648	0.128664495114	0.0912052117264	0.109120521173	0.117263843648	0.120521172638	0.102605863192	0.127035830619	0.14657980456	0.127035830619	0.128664495114	0.0977198697068	0.107491856678	0.115635179153	0.14657980456	0.118892508143	0.115635179153	0.0895765472313	0.127035830619	0.0960912052117	0.114006514658	0.105863192182	0.112377850163	0.125407166124	0.109120521173	0.110749185668	0.14332247557	0.144951140065	0.128664495114	0.133550488599	0.0879478827362	0.133550488599	0.117263843648	0.144951140065	0.14332247557	0.125407166124	0.123778501629	0.0	0.131921824104	0.127035830619	0.114006514658	0.109120521173	0.107491856678	0.144951140065	0.130293159609	0.14332247557	0.114006514658	0.138436482085	0.104234527687	0.0977198697068	0.0960912052117	0.141693811075	0.105863192182	0.115635179153	0.118892508143	0.133550488599	0.0814332247557	0.0830618892508	0.135179153094	0.14332247557	0.123778501629	0.115635179153	0.114006514658	0.100977198697	0.13680781759	0.14983713355	0.148208469055	0.114006514658	0.14006514658	0.135179153094	0.144951140065	0.127035830619
161412393-stool2.snv.bam	0.172638436482	0.164495114007	0.151465798046	0.164495114007	0.125407166124	0.13680781759	0.135179153094	0.141693811075	0.164495114007	0.171009771987	0.0	0.127035830619	0.14657980456	0.153094462541	0.151465798046	0.167752442997	0.14332247557	0.201954397394	0.205211726384	0.159609120521	0.161237785016	0.154723127036	0.135179153094	0.14332247557	0.138436482085	0.174267100977	0.14006514658	0.114006514658	0.14332247557	0.159609120521	0.13680781759	0.14983713355	0.14332247557	0.144951140065	0.148208469055	0.14006514658	0.14657980456	0.159609120521	0.14983713355	0.115635179153	0.115635179153	0.148208469055	0.151465798046	0.115635179153	0.13680781759	0.144951140065	0.13680781759	0.14332247557	0.148208469055	0.144951140065	0.120521172638	0.131921824104	0.156351791531	0.127035830619	0.133550488599	0.141693811075	0.157980456026	0.110749185668	0.131921824104	0.138436482085	0.120521172638	0.120521172638	0.118892508143	0.130293159609	0.127035830619	0.123778501629	0.154723127036	0.14332247557	0.13680781759	0.130293159609	0.14006514658	0.14657980456	0.151465798046	0.138436482085	0.117263843648	0.102605863192	0.130293159609	0.14006514658	0.151465798046	0.14983713355	0.138436482085	0.128664495114	0.148208469055	0.14332247557	0.156351791531	0.131921824104	0.157980456026	0.154723127036	0.107491856678	0.141693811075	0.14983713355	0.164495114007	0.156351791531	0.127035830619	0.127035830619	0.166123778502	0.14006514658	0.141693811075	0.14657980456	0.13680781759	0.120521172638	0.125407166124	0.14006514658	0.153094462541	0.151465798046	0.161237785016	0.117263843648	0.114006514658	0.109120521173	0.167752442997	0.135179153094	0.153094462541	0.135179153094	0.14983713355	0.117263843648	0.0960912052117	0.133550488599	0.171009771987	0.131921824104	0.153094462541	0.151465798046	0.130293159609	0.14332247557	0.162866449511	0.156351791531	0.14657980456	0.14983713355	0.182410423453	0.14983713355	0.127035830619
682102541-stool3.snv.bam	0.157980456026	0.120521172638	0.105863192182	0.123778501629	0.105863192182	0.120521172638	0.117263843648	0.0960912052117	0.105863192182	0.125407166124	0.127035830619	0.0	0.135179153094	0.110749185668	0.109120521173	0.120521172638	0.110749185668	0.193811074919	0.198697068404	0.131921824104	0.133550488599	0.128664495114	0.118892508143	0.0781758957655	0.114006514658	0.133550488599	0.110749185668	0.0814332247557	0.100977198697	0.127035830619	0.118892508143	0.104234527687	0.109120521173	0.127035830619	0.115635179153	0.110749185668	0.105863192182	0.112377850163	0.102605863192	0.0814332247557	0.0960912052117	0.100977198697	0.120521172638	0.0928338762215	0.107491856678	0.0960912052117	0.102605863192	0.122149837134	0.110749185668	0.0944625407166	0.0830618892508	0.112377850163	0.109120521173	0.0928338762215	0.0895765472313	0.109120521173	0.13680781759	0.0749185667752	0.105863192182	0.115635179153	0.0912052117264	0.0846905537459	0.0749185667752	0.107491856678	0.0879478827362	0.0325732899023	0.127035830619	0.0749185667752	0.0928338762215	0.086319218241	0.0928338762215	0.104234527687	0.118892508143	0.122149837134	0.0928338762215	0.0700325732899	0.102605863192	0.0944625407166	0.100977198697	0.107491856678	0.102605863192	0.115635179153	0.0960912052117	0.0944625407166	0.112377850163	0.0928338762215	0.128664495114	0.107491856678	0.0732899022801	0.125407166124	0.110749185668	0.118892508143	0.127035830619	0.110749185668	0.104234527687	0.127035830619	0.042345276873	0.13680781759	0.120521172638	0.099348534202	0.107491856678	0.0944625407166	0.107491856678	0.122149837134	0.104234527687	0.131921824104	0.0830618892508	0.0895765472313	0.0830618892508	0.13680781759	0.0846905537459	0.102605863192	0.086319218241	0.120521172638	0.0700325732899	0.0651465798046	0.141693811075	0.138436482085	0.0960912052117	0.102605863192	0.100977198697	0.0895765472313	0.117263843648	0.14983713355	0.110749185668	0.0977198697068	0.127035830619	0.156351791531	0.123778501629	0.115635179153
763597684-stool2.snv.bam	0.174267100977	0.14006514658	0.122149837134	0.157980456026	0.127035830619	0.13680781759	0.133550488599	0.141693811075	0.148208469055	0.14657980456	0.14657980456	0.135179153094	0.0	0.127035830619	0.127035830619	0.14332247557	0.144951140065	0.195439739414	0.200325732899	0.167752442997	0.169381107492	0.164495114007	0.118892508143	0.13680781759	0.13680781759	0.157980456026	0.117263843648	0.0960912052117	0.14006514658	0.156351791531	0.133550488599	0.123778501629	0.127035830619	0.141693811075	0.148208469055	0.138436482085	0.148208469055	0.127035830619	0.131921824104	0.115635179153	0.125407166124	0.138436482085	0.148208469055	0.114006514658	0.133550488599	0.127035830619	0.135179153094	0.133550488599	0.14332247557	0.14006514658	0.107491856678	0.151465798046	0.144951140065	0.118892508143	0.114006514658	0.14006514658	0.138436482085	0.115635179153	0.120521172638	0.138436482085	0.109120521173	0.115635179153	0.105863192182	0.125407166124	0.122149837134	0.118892508143	0.141693811075	0.138436482085	0.135179153094	0.115635179153	0.130293159609	0.128664495114	0.148208469055	0.141693811075	0.13680781759	0.086319218241	0.117263843648	0.118892508143	0.138436482085	0.133550488599	0.122149837134	0.141693811075	0.131921824104	0.131921824104	0.14983713355	0.135179153094	0.135179153094	0.153094462541	0.0977198697068	0.14332247557	0.14657980456	0.144951140065	0.14332247557	0.118892508143	0.130293159609	0.156351791531	0.138436482085	0.138436482085	0.135179153094	0.125407166124	0.128664495114	0.14332247557	0.138436482085	0.154723127036	0.13680781759	0.159609120521	0.118892508143	0.102605863192	0.107491856678	0.14657980456	0.117263843648	0.14006514658	0.131921824104	0.13680781759	0.0977198697068	0.102605863192	0.154723127036	0.151465798046	0.135179153094	0.13680781759	0.14006514658	0.118892508143	0.138436482085	0.172638436482	0.148208469055	0.13680781759	0.133550488599	0.180781758958	0.141693811075	0.122149837134
763901136-stool1.snv.bam	0.141693811075	0.125407166124	0.105863192182	0.107491856678	0.123778501629	0.14006514658	0.13680781759	0.118892508143	0.0895765472313	0.133550488599	0.153094462541	0.110749185668	0.127035830619	0.0	0.0	0.127035830619	0.130293159609	0.187296416938	0.192182410423	0.153094462541	0.154723127036	0.148208469055	0.123778501629	0.127035830619	0.120521172638	0.14006514658	0.100977198697	0.0879478827362	0.14983713355	0.141693811075	0.128664495114	0.0244299674267	0.057003257329	0.133550488599	0.135179153094	0.128664495114	0.0700325732899	0.100977198697	0.115635179153	0.114006514658	0.100977198697	0.115635179153	0.115635179153	0.0944625407166	0.107491856678	0.112377850163	0.109120521173	0.125407166124	0.105863192182	0.117263843648	0.105863192182	0.127035830619	0.0602605863192	0.0960912052117	0.0944625407166	0.117263843648	0.141693811075	0.114006514658	0.110749185668	0.13680781759	0.0846905537459	0.102605863192	0.107491856678	0.117263843648	0.107491856678	0.112377850163	0.131921824104	0.128664495114	0.071661237785	0.102605863192	0.107491856678	0.100977198697	0.120521172638	0.117263843648	0.110749185668	0.0732899022801	0.122149837134	0.109120521173	0.122149837134	0.123778501629	0.0684039087948	0.123778501629	0.112377850163	0.109120521173	0.0700325732899	0.13680781759	0.114006514658	0.135179153094	0.0895765472313	0.120521172638	0.133550488599	0.0732899022801	0.130293159609	0.122149837134	0.118892508143	0.133550488599	0.104234527687	0.123778501629	0.107491856678	0.112377850163	0.112377850163	0.138436482085	0.125407166124	0.141693811075	0.122149837134	0.14983713355	0.0944625407166	0.0944625407166	0.0814332247557	0.135179153094	0.100977198697	0.123778501629	0.115635179153	0.123778501629	0.086319218241	0.0960912052117	0.14657980456	0.0830618892508	0.117263843648	0.120521172638	0.120521172638	0.0977198697068	0.127035830619	0.14332247557	0.120521172638	0.115635179153	0.133550488599	0.151465798046	0.128664495114	0.109120521173
763901136-stool2.snv.bam	0.14006514658	0.123778501629	0.104234527687	0.105863192182	0.122149837134	0.138436482085	0.135179153094	0.117263843648	0.0879478827362	0.131921824104	0.151465798046	0.109120521173	0.127035830619	0.0	0.0	0.125407166124	0.128664495114	0.185667752443	0.190553745928	0.151465798046	0.153094462541	0.14657980456	0.122149837134	0.125407166124	0.118892508143	0.138436482085	0.099348534202	0.0879478827362	0.148208469055	0.14006514658	0.127035830619	0.0244299674267	0.057003257329	0.133550488599	0.133550488599	0.127035830619	0.0684039087948	0.099348534202	0.114006514658	0.112377850163	0.099348534202	0.114006514658	0.114006514658	0.0928338762215	0.105863192182	0.110749185668	0.107491856678	0.123778501629	0.104234527687	0.115635179153	0.104234527687	0.125407166124	0.0602605863192	0.0944625407166	0.0944625407166	0.115635179153	0.14006514658	0.112377850163	0.109120521173	0.135179153094	0.0830618892508	0.100977198697	0.105863192182	0.115635179153	0.107491856678	0.110749185668	0.130293159609	0.127035830619	0.0700325732899	0.100977198697	0.105863192182	0.099348534202	0.118892508143	0.117263843648	0.109120521173	0.071661237785	0.118892508143	0.107491856678	0.120521172638	0.122149837134	0.0667752442997	0.122149837134	0.110749185668	0.107491856678	0.0684039087948	0.135179153094	0.112377850163	0.133550488599	0.0879478827362	0.118892508143	0.131921824104	0.071661237785	0.128664495114	0.120521172638	0.117263843648	0.131921824104	0.104234527687	0.122149837134	0.105863192182	0.110749185668	0.110749185668	0.13680781759	0.123778501629	0.14006514658	0.120521172638	0.148208469055	0.0928338762215	0.0928338762215	0.0798045602606	0.133550488599	0.099348534202	0.122149837134	0.114006514658	0.122149837134	0.0846905537459	0.0944625407166	0.144951140065	0.0814332247557	0.115635179153	0.118892508143	0.118892508143	0.0977198697068	0.125407166124	0.14332247557	0.118892508143	0.114006514658	0.133550488599	0.14983713355	0.127035830619	0.107491856678
764649650-stool2.snv.bam	0.156351791531	0.14006514658	0.118892508143	0.148208469055	0.133550488599	0.14006514658	0.13680781759	0.130293159609	0.130293159609	0.141693811075	0.167752442997	0.120521172638	0.14332247557	0.127035830619	0.125407166124	0.0	0.14332247557	0.203583061889	0.208469055375	0.161237785016	0.164495114007	0.157980456026	0.115635179153	0.127035830619	0.115635179153	0.153094462541	0.115635179153	0.0977198697068	0.130293159609	0.14983713355	0.130293159609	0.130293159609	0.127035830619	0.14332247557	0.131921824104	0.127035830619	0.130293159609	0.127035830619	0.122149837134	0.110749185668	0.109120521173	0.131921824104	0.118892508143	0.099348534202	0.117263843648	0.123778501629	0.114006514658	0.114006514658	0.128664495114	0.128664495114	0.099348534202	0.130293159609	0.122149837134	0.105863192182	0.105863192182	0.117263843648	0.130293159609	0.100977198697	0.114006514658	0.133550488599	0.099348534202	0.099348534202	0.109120521173	0.127035830619	0.107491856678	0.109120521173	0.127035830619	0.123778501629	0.120521172638	0.110749185668	0.115635179153	0.114006514658	0.122149837134	0.14006514658	0.112377850163	0.086319218241	0.125407166124	0.120521172638	0.128664495114	0.131921824104	0.112377850163	0.131921824104	0.125407166124	0.114006514658	0.127035830619	0.120521172638	0.123778501629	0.131921824104	0.0879478827362	0.144951140065	0.14006514658	0.14332247557	0.128664495114	0.123778501629	0.112377850163	0.148208469055	0.128664495114	0.127035830619	0.144951140065	0.117263843648	0.125407166124	0.133550488599	0.13680781759	0.131921824104	0.127035830619	0.148208469055	0.102605863192	0.0977198697068	0.107491856678	0.127035830619	0.114006514658	0.130293159609	0.123778501629	0.125407166124	0.105863192182	0.104234527687	0.151465798046	0.14006514658	0.118892508143	0.128664495114	0.128664495114	0.110749185668	0.086319218241	0.14332247557	0.123778501629	0.122149837134	0.123778501629	0.162866449511	0.125407166124	0.127035830619
765256553-stool3.snv.bam	0.153094462541	0.131921824104	0.118892508143	0.154723127036	0.125407166124	0.135179153094	0.131921824104	0.122149837134	0.135179153094	0.133550488599	0.14332247557	0.110749185668	0.144951140065	0.130293159609	0.128664495114	0.14332247557	0.0	0.182410423453	0.187296416938	0.156351791531	0.159609120521	0.153094462541	0.131921824104	0.123778501629	0.125407166124	0.144951140065	0.110749185668	0.099348534202	0.128664495114	0.133550488599	0.117263843648	0.117263843648	0.125407166124	0.128664495114	0.0407166123779	0.0390879478827	0.141693811075	0.13680781759	0.125407166124	0.109120521173	0.0944625407166	0.125407166124	0.131921824104	0.0879478827362	0.122149837134	0.131921824104	0.123778501629	0.130293159609	0.122149837134	0.127035830619	0.110749185668	0.0504885993485	0.133550488599	0.104234527687	0.125407166124	0.130293159609	0.122149837134	0.117263843648	0.115635179153	0.114006514658	0.0846905537459	0.0928338762215	0.100977198697	0.109120521173	0.099348534202	0.105863192182	0.135179153094	0.104234527687	0.131921824104	0.114006514658	0.128664495114	0.133550488599	0.115635179153	0.128664495114	0.117263843648	0.0814332247557	0.123778501629	0.114006514658	0.133550488599	0.123778501629	0.112377850163	0.125407166124	0.123778501629	0.130293159609	0.144951140065	0.117263843648	0.118892508143	0.130293159609	0.086319218241	0.141693811075	0.128664495114	0.13680781759	0.131921824104	0.117263843648	0.122149837134	0.13680781759	0.122149837134	0.13680781759	0.115635179153	0.127035830619	0.112377850163	0.14332247557	0.131921824104	0.131921824104	0.128664495114	0.148208469055	0.109120521173	0.0944625407166	0.102605863192	0.131921824104	0.117263843648	0.135179153094	0.114006514658	0.128664495114	0.0912052117264	0.0879478827362	0.144951140065	0.151465798046	0.135179153094	0.135179153094	0.133550488599	0.109120521173	0.144951140065	0.154723127036	0.138436482085	0.131921824104	0.141693811075	0.14983713355	0.128664495114	0.099348534202
765701615-stool1.snv.bam	0.169381107492	0.177524429967	0.162866449511	0.205211726384	0.175895765472	0.190553745928	0.185667752443	0.179153094463	0.182410423453	0.175895765472	0.201954397394	0.193811074919	0.195439739414	0.187296416938	0.185667752443	0.203583061889	0.182410423453	0.0	0.0	0.214983713355	0.21661237785	0.208469055375	0.164495114007	0.201954397394	0.166123778502	0.192182410423	0.153094462541	0.14006514658	0.201954397394	0.159609120521	0.179153094463	0.182410423453	0.185667752443	0.161237785016	0.201954397394	0.187296416938	0.192182410423	0.188925081433	0.184039087948	0.174267100977	0.156351791531	0.188925081433	0.190553745928	0.14657980456	0.185667752443	0.174267100977	0.184039087948	0.166123778502	0.180781758958	0.185667752443	0.14657980456	0.188925081433	0.193811074919	0.166123778502	0.174267100977	0.188925081433	0.169381107492	0.166123778502	0.148208469055	0.164495114007	0.154723127036	0.153094462541	0.164495114007	0.198697068404	0.148208469055	0.182410423453	0.175895765472	0.184039087948	0.175895765472	0.161237785016	0.182410423453	0.182410423453	0.164495114007	0.175895765472	0.174267100977	0.14006514658	0.167752442997	0.171009771987	0.193811074919	0.184039087948	0.167752442997	0.177524429967	0.184039087948	0.182410423453	0.193811074919	0.192182410423	0.179153094463	0.179153094463	0.14983713355	0.175895765472	0.171009771987	0.195439739414	0.169381107492	0.171009771987	0.169381107492	0.187296416938	0.200325732899	0.162866449511	0.159609120521	0.184039087948	0.180781758958	0.14657980456	0.193811074919	0.172638436482	0.184039087948	0.167752442997	0.169381107492	0.156351791531	0.14332247557	0.185667752443	0.174267100977	0.195439739414	0.184039087948	0.162866449511	0.14657980456	0.153094462541	0.192182410423	0.211726384365	0.148208469055	0.192182410423	0.192182410423	0.161237785016	0.187296416938	0.172638436482	0.182410423453	0.187296416938	0.184039087948	0.171009771987	0.180781758958	0.157980456026
765701615-stool2.snv.bam	0.172638436482	0.180781758958	0.166123778502	0.21009771987	0.179153094463	0.193811074919	0.188925081433	0.182410423453	0.187296416938	0.180781758958	0.205211726384	0.198697068404	0.200325732899	0.192182410423	0.190553745928	0.208469055375	0.187296416938	0.0	0.0	0.218241042345	0.21986970684	0.211726384365	0.169381107492	0.206840390879	0.169381107492	0.197068403909	0.157980456026	0.144951140065	0.206840390879	0.162866449511	0.182410423453	0.187296416938	0.188925081433	0.166123778502	0.206840390879	0.192182410423	0.197068403909	0.193811074919	0.188925081433	0.177524429967	0.161237785016	0.193811074919	0.195439739414	0.151465798046	0.190553745928	0.179153094463	0.188925081433	0.171009771987	0.185667752443	0.190553745928	0.14983713355	0.193811074919	0.198697068404	0.171009771987	0.179153094463	0.192182410423	0.172638436482	0.171009771987	0.153094462541	0.167752442997	0.157980456026	0.157980456026	0.167752442997	0.203583061889	0.151465798046	0.187296416938	0.179153094463	0.187296416938	0.180781758958	0.166123778502	0.187296416938	0.187296416938	0.169381107492	0.179153094463	0.177524429967	0.14332247557	0.169381107492	0.175895765472	0.198697068404	0.188925081433	0.172638436482	0.180781758958	0.188925081433	0.187296416938	0.198697068404	0.197068403909	0.180781758958	0.184039087948	0.153094462541	0.179153094463	0.174267100977	0.200325732899	0.172638436482	0.174267100977	0.174267100977	0.192182410423	0.205211726384	0.167752442997	0.164495114007	0.187296416938	0.184039087948	0.151465798046	0.197068403909	0.177524429967	0.188925081433	0.171009771987	0.174267100977	0.159609120521	0.14657980456	0.190553745928	0.179153094463	0.200325732899	0.188925081433	0.166123778502	0.14983713355	0.157980456026	0.195439739414	0.21661237785	0.151465798046	0.197068403909	0.197068403909	0.166123778502	0.192182410423	0.174267100977	0.187296416938	0.192182410423	0.188925081433	0.174267100977	0.184039087948	0.159609120521
