	159207311-stool2.snv.bam	763901136-stool1.snv.bam	CCIS22906510ST-20-0.snv.bam	CCIS22958137ST-20-0.snv.bam	CCIS62605362ST-3-0.snv.bam	CCIS78318719ST-4-0.snv.bam	CCMD23101338ST-21-0.snv.bam	CCMD42428553ST-21-0.snv.bam	MH0006.snv.bam	MH0220.snv.bam	MH0261.snv.bam	MH0276.snv.bam	MH0293.snv.bam	MH0328.snv.bam	MH0357.snv.bam	MH0365.snv.bam	MH0392.snv.bam	MH0398.snv.bam	MH0404.snv.bam	MH0409.snv.bam	MH0422.snv.bam	MMRS33294861ST-27-0-0.snv.bam	MMRS54316675ST-27-0-0.snv.bam	MMRS57276462ST-27-0-0.snv.bam	O2.UC40-1.snv.bam	V1.CD40-0.snv.bam	V1.FI12.snv.bam	V1.FI16.snv.bam
159207311-stool2.snv.bam	0.0	0.117389784984	0.0946120034466	0.104359025492	0.148351131725	0.109320407373	0.103531815302	0.0973673670988	0.0975335184497	0.112744387615	0.145343441337	0.107473629047	0.118837211288	0.0888200295676	0.159447203942	0.133797067192	0.141550720349	0.124562060049	0.228971114138	0.181817535281	0.0885753694223	0.101325443879	0.0788916165214	0.112634793389	0.0926314127779	0.11317044602	0.110461959429	0.129897665363
763901136-stool1.snv.bam	0.117389784984	0.0	0.0659369265838	0.090296830765	0.133978899963	0.118220724599	0.116828805767	0.13846112451	0.11057616293	0.0988499842873	0.176272530547	0.0935635759235	0.0838950598606	0.0864578052481	0.142669850062	0.153939384749	0.104380899098	0.150505685669	0.226295113425	0.183699532135	0.123609253503	0.14649961784	0.101594765063	0.0214844892868	0.103657501067	0.143351261807	0.130573932137	0.139318673777
CCIS22906510ST-20-0.snv.bam	0.0946120034466	0.0659369265838	0.0	0.0313197777171	0.141486822486	0.0990747204292	0.095863716056	0.129805178482	0.113164150664	0.0918012573995	0.147884156951	0.0627095830947	0.0954936528	0.0766332327803	0.142664420132	0.131683426584	0.0904752209036	0.124445273519	0.226145464628	0.173144158417	0.111598959942	0.126541608102	0.0851973353444	0.0547472948007	0.0872075950696	0.130444214413	0.0962699002857	0.102585613733
CCIS22958137ST-20-0.snv.bam	0.104359025492	0.090296830765	0.0313197777171	0.0	0.13487868643	0.111898944451	0.110452068363	0.131894746245	0.0954494015275	0.0973296688395	0.140843161381	0.0779441168261	0.110179063988	0.0914478089227	0.143314705663	0.129423209925	0.107652170818	0.119826464227	0.236122204903	0.189295744499	0.117425285238	0.133460065343	0.0792502456834	0.0751660930379	0.0883819609953	0.114505926365	0.0969755844972	0.124065654041
CCIS62605362ST-3-0.snv.bam	0.148351131725	0.133978899963	0.141486822486	0.13487868643	0.0	0.139772389164	0.135984722508	0.155569457593	0.129883507904	0.1412420341	0.139051457927	0.147024741235	0.15828269887	0.126340468989	0.166915702752	0.16868092596	0.160201088516	0.146660639165	0.248674607959	0.212326313573	0.150777608555	0.170262031216	0.111973778581	0.129000971814	0.145341027368	0.15613866089	0.150145853321	0.154253913569
CCIS78318719ST-4-0.snv.bam	0.109320407373	0.118220724599	0.0990747204292	0.111898944451	0.139772389164	0.0	0.0762496154504	0.125602325052	0.125571923215	0.120701661197	0.143513921887	0.126626028209	0.112870290047	0.103571913603	0.174334901425	0.160043753276	0.12391859144	0.132602767543	0.24453255915	0.192113517995	0.117334207842	0.127023384316	0.0911062010205	0.117407065795	0.09303884148	0.122183374147	0.131950659309	0.0986992668694
CCMD23101338ST-21-0.snv.bam	0.103531815302	0.116828805767	0.095863716056	0.110452068363	0.135984722508	0.0762496154504	0.0	0.121927803379	0.12010142311	0.105689926608	0.119444678411	0.120474855116	0.125413245758	0.0908838473355	0.165623849834	0.151522045243	0.129311268447	0.109359424124	0.249891492669	0.190148250467	0.109191570184	0.130121603873	0.0942780337942	0.116457960644	0.100935162146	0.116249887705	0.11455308912	0.11601002684
CCMD42428553ST-21-0.snv.bam	0.0973673670988	0.13846112451	0.129805178482	0.131894746245	0.155569457593	0.125602325052	0.121927803379	0.0	0.130471876787	0.13196629182	0.161702967706	0.144601458566	0.124063639377	0.103163387001	0.18169246646	0.1527265495	0.151048392273	0.137052361595	0.228502225447	0.196893088413	0.1434479734	0.151772232768	0.108914728682	0.147872276393	0.120283849685	0.149037976377	0.11080857074	0.140151205384
MH0006.snv.bam	0.0975335184497	0.11057616293	0.113164150664	0.0954494015275	0.129883507904	0.125571923215	0.12010142311	0.130471876787	0.0	0.103988005423	0.134319870137	0.119481767732	0.116885536033	0.0841819638695	0.141899858401	0.125352963765	0.141900597898	0.120215592988	0.224203010296	0.1697352246	0.112625956906	0.0968206186419	0.0715096126358	0.11023455711	0.113678081547	0.112010501609	0.122650300916	0.138565473442
MH0220.snv.bam	0.112744387615	0.0988499842873	0.0918012573995	0.0973296688395	0.1412420341	0.120701661197	0.105689926608	0.13196629182	0.103988005423	0.0	0.15149451758	0.11410411646	0.0931352800928	0.0910291311824	0.149982911178	0.151359352223	0.110770004076	0.13154179458	0.224021753956	0.171689307203	0.121777555771	0.113635725997	0.0995595726287	0.0896253260885	0.115509653151	0.129270805581	0.0607913310399	0.12575342271
MH0261.snv.bam	0.145343441337	0.176272530547	0.147884156951	0.140843161381	0.139051457927	0.143513921887	0.119444678411	0.161702967706	0.134319870137	0.15149451758	0.0	0.152932695901	0.159923563959	0.118467089228	0.174088812391	0.169907680297	0.165702830657	0.143058974696	0.270292687264	0.217646673374	0.135783044595	0.144706781596	0.127716792591	0.167999642017	0.165071655293	0.141420952505	0.151420765451	0.149656302023
MH0276.snv.bam	0.107473629047	0.0935635759235	0.0627095830947	0.0779441168261	0.147024741235	0.126626028209	0.120474855116	0.144601458566	0.119481767732	0.11410411646	0.152932695901	0.0	0.122773719808	0.0669377070048	0.153883622694	0.150432896142	0.119420872324	0.117880201533	0.241523252053	0.185181915041	0.127024025402	0.136527484549	0.100616208743	0.0784820260735	0.0866634036271	0.131019127609	0.106890762475	0.127220038749
MH0293.snv.bam	0.118837211288	0.0838950598606	0.0954936528	0.110179063988	0.15828269887	0.112870290047	0.125413245758	0.124063639377	0.116885536033	0.0931352800928	0.159923563959	0.122773719808	0.0	0.0964164605696	0.169650414091	0.153689082884	0.0944833111299	0.147169601823	0.240900426038	0.192649789821	0.137086022443	0.127641174542	0.103181968843	0.0740788875449	0.102968473567	0.155634655037	0.134572963285	0.115141973263
MH0328.snv.bam	0.0888200295676	0.0864578052481	0.0766332327803	0.0914478089227	0.126340468989	0.103571913603	0.0908838473355	0.103163387001	0.0841819638695	0.0910291311824	0.118467089228	0.0669377070048	0.0964164605696	0.0	0.15374699841	0.11905415857	0.119543606735	0.113061779394	0.219267392484	0.181402127761	0.123225832772	0.111596529501	0.0775819916518	0.0857289033345	0.0822122438719	0.119741171094	0.0909578016484	0.108353352074
MH0357.snv.bam	0.159447203942	0.142669850062	0.142664420132	0.143314705663	0.166915702752	0.174334901425	0.165623849834	0.18169246646	0.141899858401	0.149982911178	0.174088812391	0.153883622694	0.169650414091	0.15374699841	0.0	0.166478525397	0.178769665899	0.158052661342	0.2144894407	0.15007461475	0.137597754248	0.170369340948	0.141496388029	0.142460115207	0.159104480985	0.148289513452	0.168361036395	0.172472901711
MH0365.snv.bam	0.133797067192	0.153939384749	0.131683426584	0.129423209925	0.16868092596	0.160043753276	0.151522045243	0.1527265495	0.125352963765	0.151359352223	0.169907680297	0.150432896142	0.153689082884	0.11905415857	0.166478525397	0.0	0.175338006739	0.123724787181	0.245366638849	0.199483768368	0.152358736548	0.16758555138	0.123156657027	0.154162169162	0.133204833684	0.146106184601	0.124134644316	0.176592012421
MH0392.snv.bam	0.141550720349	0.104380899098	0.0904752209036	0.107652170818	0.160201088516	0.12391859144	0.129311268447	0.151048392273	0.141900597898	0.110770004076	0.165702830657	0.119420872324	0.0944833111299	0.119543606735	0.178769665899	0.175338006739	0.0	0.158145478444	0.251224130792	0.200201068801	0.140710409957	0.145488929834	0.128122124991	0.0971285085036	0.0888695426403	0.171867313762	0.143055997693	0.122204348452
MH0398.snv.bam	0.124562060049	0.150505685669	0.124445273519	0.119826464227	0.146660639165	0.132602767543	0.109359424124	0.137052361595	0.120215592988	0.13154179458	0.143058974696	0.117880201533	0.147169601823	0.113061779394	0.158052661342	0.123724787181	0.158145478444	0.0	0.245183941242	0.179338659594	0.128336248816	0.145575034018	0.0980279713511	0.148649568138	0.124116767046	0.139416642197	0.126412259751	0.162495495697
MH0404.snv.bam	0.228971114138	0.226295113425	0.226145464628	0.236122204903	0.248674607959	0.24453255915	0.249891492669	0.228502225447	0.224203010296	0.224021753956	0.270292687264	0.241523252053	0.240900426038	0.219267392484	0.2144894407	0.245366638849	0.251224130792	0.245183941242	0.0	0.229217467726	0.246707431204	0.233081807159	0.22067515543	0.225473688159	0.236190111606	0.25460339743	0.240717039515	0.250325013272
MH0409.snv.bam	0.181817535281	0.183699532135	0.173144158417	0.189295744499	0.212326313573	0.192113517995	0.190148250467	0.196893088413	0.1697352246	0.171689307203	0.217646673374	0.185181915041	0.192649789821	0.181402127761	0.15007461475	0.199483768368	0.200201068801	0.179338659594	0.229217467726	0.0	0.173350199904	0.18784313892	0.166747159073	0.181879094483	0.181416316644	0.19202197881	0.185054254472	0.206357629675
MH0422.snv.bam	0.0885753694223	0.123609253503	0.111598959942	0.117425285238	0.150777608555	0.117334207842	0.109191570184	0.1434479734	0.112625956906	0.121777555771	0.135783044595	0.127024025402	0.137086022443	0.123225832772	0.137597754248	0.152358736548	0.140710409957	0.128336248816	0.246707431204	0.173350199904	0.0	0.13291690278	0.102875181037	0.106662547626	0.13114552786	0.107913860665	0.135608244025	0.134693044956
MMRS33294861ST-27-0-0.snv.bam	0.101325443879	0.14649961784	0.126541608102	0.133460065343	0.170262031216	0.127023384316	0.130121603873	0.151772232768	0.0968206186419	0.113635725997	0.144706781596	0.136527484549	0.127641174542	0.111596529501	0.170369340948	0.16758555138	0.145488929834	0.145575034018	0.233081807159	0.18784313892	0.13291690278	0.0	0.0989688533514	0.14212264829	0.126200520906	0.133877861565	0.13083403383	0.150325599524
MMRS54316675ST-27-0-0.snv.bam	0.0788916165214	0.101594765063	0.0851973353444	0.0792502456834	0.111973778581	0.0911062010205	0.0942780337942	0.108914728682	0.0715096126358	0.0995595726287	0.127716792591	0.100616208743	0.103181968843	0.0775819916518	0.141496388029	0.123156657027	0.128122124991	0.0980279713511	0.22067515543	0.166747159073	0.102875181037	0.0989688533514	0.0	0.0911731070182	0.104154817427	0.102747998669	0.101976005456	0.128910895306
MMRS57276462ST-27-0-0.snv.bam	0.112634793389	0.0214844892868	0.0547472948007	0.0751660930379	0.129000971814	0.117407065795	0.116457960644	0.147872276393	0.11023455711	0.0896253260885	0.167999642017	0.0784820260735	0.0740788875449	0.0857289033345	0.142460115207	0.154162169162	0.0971285085036	0.148649568138	0.225473688159	0.181879094483	0.106662547626	0.14212264829	0.0911731070182	0.0	0.103170807381	0.134055686358	0.121156581297	0.129745137492
O2.UC40-1.snv.bam	0.0926314127779	0.103657501067	0.0872075950696	0.0883819609953	0.145341027368	0.09303884148	0.100935162146	0.120283849685	0.113678081547	0.115509653151	0.165071655293	0.0866634036271	0.102968473567	0.0822122438719	0.159104480985	0.133204833684	0.0888695426403	0.124116767046	0.236190111606	0.181416316644	0.13114552786	0.126200520906	0.104154817427	0.103170807381	0.0	0.127713161491	0.105707000046	0.102845335818
V1.CD40-0.snv.bam	0.11317044602	0.143351261807	0.130444214413	0.114505926365	0.15613866089	0.122183374147	0.116249887705	0.149037976377	0.112010501609	0.129270805581	0.141420952505	0.131019127609	0.155634655037	0.119741171094	0.148289513452	0.146106184601	0.171867313762	0.139416642197	0.25460339743	0.19202197881	0.107913860665	0.133877861565	0.102747998669	0.134055686358	0.127713161491	0.0	0.127225796703	0.145304277748
V1.FI12.snv.bam	0.110461959429	0.130573932137	0.0962699002857	0.0969755844972	0.150145853321	0.131950659309	0.11455308912	0.11080857074	0.122650300916	0.0607913310399	0.151420765451	0.106890762475	0.134572963285	0.0909578016484	0.168361036395	0.124134644316	0.143055997693	0.126412259751	0.240717039515	0.185054254472	0.135608244025	0.13083403383	0.101976005456	0.121156581297	0.105707000046	0.127225796703	0.0	0.130016973704
V1.FI16.snv.bam	0.129897665363	0.139318673777	0.102585613733	0.124065654041	0.154253913569	0.0986992668694	0.11601002684	0.140151205384	0.138565473442	0.12575342271	0.149656302023	0.127220038749	0.115141973263	0.108353352074	0.172472901711	0.176592012421	0.122204348452	0.162495495697	0.250325013272	0.206357629675	0.134693044956	0.150325599524	0.128910895306	0.129745137492	0.102845335818	0.145304277748	0.130016973704	0.0
