	BYQ_AAAD.snv.bam	BYQ_AAAX.snv.bam	CCIS03473770ST-4-0.snv.bam	CCIS07277498ST-4-0.snv.bam	CCIS11362406ST-4-0.snv.bam	CCIS23164343ST-4-0.snv.bam	CCIS27927933ST-4-0.snv.bam	CCIS70398272ST-4-0.snv.bam	CCIS81139242ST-4-0.snv.bam	CCIS90164298ST-4-0.snv.bam	CCIS95409808ST-4-0.snv.bam	CCIS98832363ST-4-0.snv.bam	M1.1-V1.metaG.snv.bam	MMRS78791111ST-27-0-0.snv.bam	MMRS80093644ST-27-0-0.snv.bam	MMRS91297590ST-27-0-0.snv.bam	MMRS95479054ST-27-0-0.snv.bam	NG-5636_317.snv.bam	NG-5636_353.snv.bam	NG-5636_457.snv.bam	NG-5636_458.snv.bam	NG-5636_483.snv.bam	NG-5636_529.snv.bam	NG-5636_543.snv.bam	O2.UC22-1.snv.bam	O2.UC6-0.snv.bam	O2.UC6-1.snv.bam	O2.UC8-0.snv.bam	SAMEA3136635.snv.bam	SAMEA3136642.snv.bam	SAMEA3136643.snv.bam	SAMEA3136651.snv.bam	SAMEA3136656.snv.bam	SAMEA3136664.snv.bam	SAMEA3136679.snv.bam	SAMEA3136704.snv.bam	SAMEA3136725.snv.bam	SAMEA3136737.snv.bam	SAMEA3136743.snv.bam	SAMEA3136747.snv.bam	SAMEA3136748.snv.bam	SAMEA3136753.snv.bam	V1.CD22-0.snv.bam	V1.CD45-0.snv.bam	V1.FI27.snv.bam	V1.FI37.snv.bam	V1.UC22-1.snv.bam	alien-11-60-0.snv.bam	peacemaker-11-0-0.snv.bam	peacemaker-11-2-0.snv.bam	peacemaker-11-7-0.snv.bam	peacemaker-11-773-0.snv.bam	scavenger-11-60-0.snv.bam
BYQ_AAAD.snv.bam	0.0	0.00220906872297	0.165830811732	0.163954123637	0.107175867576	0.17199307172	0.195696575651	0.175681214042	0.199303770627	0.160142717652	0.158970796069	0.139194631452	0.177142101579	0.1594390401	0.190238137242	0.141626202329	0.108889096217	0.127334215767	0.182958656389	0.166437531804	0.152449640421	0.146592936738	0.118182075195	0.120413186304	0.188376467931	0.156509953791	0.177509318442	0.131155001587	0.167394749777	0.178946869175	0.176980130892	0.161795329109	0.142397183655	0.173729074244	0.203686671017	0.165672701871	0.134615038327	0.146491458911	0.162390274343	0.177723555853	0.0956987952143	0.12099448395	0.166181615873	0.14229622458	0.138952421409	0.118189404456	0.132339308143	0.105066957192	0.136976300683	0.137047009793	0.135830394559	0.138236748725	0.126768729839
BYQ_AAAX.snv.bam	0.00220906872297	0.0	0.165360932775	0.163915454349	0.106880501093	0.171096150983	0.195373034398	0.173877989475	0.19966241248	0.159329752825	0.158184310302	0.137884561616	0.176836823469	0.159141743117	0.189736789377	0.141310324284	0.108243437667	0.127321790743	0.18300036271	0.164871171641	0.15220945882	0.146297570255	0.117980311165	0.120494529883	0.18773150588	0.156148071655	0.177495558108	0.131152490812	0.165468622514	0.17771647475	0.176110439911	0.160713605264	0.141282744703	0.174225528097	0.201372408546	0.164447119359	0.132757701206	0.145777500369	0.161236400425	0.177141945001	0.094387418659	0.121207996343	0.166902737566	0.14162657143	0.138645080609	0.11759776814	0.131434525133	0.104734939393	0.136041571899	0.135464634521	0.135054214715	0.136942403034	0.125702818038
CCIS03473770ST-4-0.snv.bam	0.165830811732	0.165360932775	0.0	0.130698024402	0.164612909533	0.111403995361	0.176958469731	0.126126176724	0.168068687388	0.164429642049	0.142341537088	0.113130259618	0.150113335318	0.096963311952	0.131337273157	0.118401146337	0.131984856064	0.117626337216	0.156348347308	0.160581744801	0.0669848913568	0.137278101233	0.123057632387	0.0939241307764	0.138404149783	0.14549302785	0.144500107735	0.123239781595	0.172936083562	0.138580978472	0.133342904579	0.092177224668	0.148512533908	0.177531350731	0.124500409244	0.137084047571	0.167117633142	0.139291193144	0.146900162301	0.12408745296	0.105991400166	0.109551431824	0.151624816626	0.158804622636	0.191811765985	0.116693677349	0.0890484013602	0.147388700071	0.140345054894	0.140847336354	0.147983116782	0.139412907163	0.0979967026425
CCIS07277498ST-4-0.snv.bam	0.163954123637	0.163915454349	0.130698024402	0.0	0.151018020345	0.111338347711	0.240505045134	0.0776473399277	0.165429197995	0.126623376623	0.132578482587	0.131467753892	0.101645893257	0.0989884842826	0.0787671886937	0.132953042328	0.14078836922	0.145832345759	0.134819431128	0.145625942685	0.158138710029	0.151469981932	0.162646655008	0.141593986079	0.169744856644	0.14899712674	0.169839981447	0.111271693485	0.147397544877	0.130403245911	0.183687547233	0.144311856974	0.200322056676	0.179141242579	0.148603564803	0.158547918666	0.166451294083	0.0874665605527	0.168901854774	0.0921120419869	0.126087350758	0.0626229954449	0.134363320356	0.0956012477206	0.184724131599	0.150878738792	0.134701953144	0.110549183177	0.207831573136	0.207868224884	0.209547349922	0.209454575291	0.154783485179
CCIS11362406ST-4-0.snv.bam	0.107175867576	0.106880501093	0.164612909533	0.151018020345	0.0	0.198351961574	0.209662059842	0.162170828576	0.133269681469	0.132557204761	0.125048380921	0.118575866778	0.1492388149	0.119326742375	0.177690982918	0.168694995157	0.122434531654	0.140454121656	0.169428660209	0.10098118471	0.151150031191	0.157549984242	0.117978218952	0.128298859994	0.122966602607	0.117163402801	0.138390469324	0.0930855137745	0.101951003554	0.139630350256	0.176174087054	0.175154093507	0.16885093969	0.134061053728	0.135911485283	0.16462674944	0.160829633762	0.121601464014	0.188235780698	0.138216555466	0.108151041773	0.145148489429	0.101719608218	0.115792059149	0.109030443983	0.131363559657	0.133374566302	0.0970224766615	0.136759741748	0.137305054127	0.144215837695	0.137983143259	0.131708461923
CCIS23164343ST-4-0.snv.bam	0.17199307172	0.171096150983	0.111403995361	0.111338347711	0.198351961574	0.0	0.184451410794	0.0916051595957	0.188515846277	0.151589312962	0.118026067899	0.101215176624	0.170836108787	0.132811656847	0.178838962822	0.0835022721485	0.129587367908	0.126281013794	0.17055930226	0.152696533875	0.16976158187	0.130046867155	0.131287098581	0.149565504436	0.169564053154	0.170095587346	0.165307942306	0.184766909719	0.224669021568	0.149569125483	0.180860641222	0.0871500933759	0.173107199113	0.174009200431	0.188128953042	0.150330089688	0.172651532975	0.118276578992	0.109812660082	0.144731872669	0.099268875443	0.0908627518669	0.171968811813	0.166747817059	0.186101381849	0.152561463138	0.124759152943	0.126132164553	0.162108806216	0.161814003487	0.162846891346	0.157571623501	0.108163923315
CCIS27927933ST-4-0.snv.bam	0.195696575651	0.195373034398	0.176958469731	0.240505045134	0.209662059842	0.184451410794	0.0	0.198860637237	0.211199838755	0.209678381356	0.185390196157	0.176589894879	0.2556627839	0.222795927781	0.266594037229	0.139599829797	0.154158125884	0.190032101058	0.202239382602	0.158373228138	0.216154694825	0.196646198786	0.169542548858	0.163987903503	0.193836500007	0.236551306402	0.228577466964	0.208228102935	0.229109674797	0.204057738336	0.214864665083	0.170246224309	0.17765347766	0.223313406421	0.25326396099	0.189474660326	0.223704549544	0.222794686131	0.184094495414	0.227933888542	0.15791960117	0.19785860661	0.229938175127	0.222108145657	0.232075910798	0.210528097828	0.188715500229	0.205020269712	0.138792396826	0.13953750132	0.145336909523	0.142810435451	0.172598145543
CCIS70398272ST-4-0.snv.bam	0.175681214042	0.173877989475	0.126126176724	0.0776473399277	0.162170828576	0.0916051595957	0.198860637237	0.0	0.111234804927	0.121339362191	0.100339790893	0.090706274423	0.10005161308	0.136651570908	0.11592560578	0.0896367385338	0.125032108308	0.130620996756	0.13360866006	0.103469067137	0.167828563932	0.122510436682	0.109836801184	0.154616855655	0.125568899041	0.134099148024	0.129707482166	0.135588786244	0.167043171722	0.0986549898444	0.16155044968	0.12019705954	0.157913316321	0.162951047492	0.181710465572	0.141225942196	0.159348535624	0.134913547177	0.124537249428	0.0900625481362	0.134995232093	0.118497702875	0.171012592168	0.14084708224	0.196069529709	0.147226758738	0.137080744273	0.145311608386	0.16568977671	0.165207927749	0.166240932351	0.164855716464	0.0881127224376
CCIS81139242ST-4-0.snv.bam	0.199303770627	0.19966241248	0.168068687388	0.165429197995	0.133269681469	0.188515846277	0.211199838755	0.111234804927	0.0	0.140491854637	0.112747865777	0.118703007519	0.176870748299	0.132450331126	0.191974651703	0.169014084507	0.142952705867	0.180348310208	0.136961451247	0.100866021396	0.219727627893	0.186028797484	0.146040040292	0.202237186682	0.139180140144	0.198282499861	0.192109179198	0.172523895285	0.143086986256	0.138427841458	0.173244212955	0.163686678818	0.163813136369	0.141742076686	0.155491319905	0.147147233385	0.188049337426	0.14878347645	0.157637405495	0.1392501559	0.162615557282	0.167188306692	0.142123260846	0.169415581497	0.193457940461	0.186197364698	0.159580638201	0.162962962963	0.191198099796	0.191365946607	0.199681397116	0.192771333487	0.133778513884
CCIS90164298ST-4-0.snv.bam	0.160142717652	0.159329752825	0.164429642049	0.126623376623	0.132557204761	0.151589312962	0.209678381356	0.121339362191	0.140491854637	0.0	0.0720479616541	0.0887041547531	0.176877596676	0.172253345783	0.165811097166	0.148296957672	0.0976511143178	0.153004578288	0.130792585491	0.114938111997	0.177701686735	0.132174991209	0.158843759339	0.14453516255	0.162522970068	0.185909878418	0.191917903525	0.13288381996	0.153643679694	0.116137632973	0.149210119899	0.121963137872	0.130710120993	0.122560697903	0.161759541479	0.138795052485	0.185313384374	0.172964396051	0.136609543911	0.139745361049	0.148555452832	0.133464167967	0.128722315176	0.0481066943437	0.198820126945	0.177274539521	0.145576179378	0.0901807438304	0.150273237359	0.150793433407	0.158059873434	0.15160052458	0.151133850143
CCIS95409808ST-4-0.snv.bam	0.158970796069	0.158184310302	0.142341537088	0.132578482587	0.125048380921	0.118026067899	0.185390196157	0.100339790893	0.112747865777	0.0720479616541	0.0	0.0657608399313	0.171852780707	0.147293459465	0.172780435852	0.135247712236	0.113536975708	0.13415783899	0.150459018524	0.0916801538512	0.170475386315	0.137826353548	0.125547711639	0.125848239392	0.112043163107	0.16338411397	0.159340227554	0.118638769384	0.156910928811	0.0978797325803	0.152718570401	0.101459526972	0.13408552036	0.146961456832	0.159086400979	0.144292597938	0.172454710083	0.153305977158	0.113142477056	0.125479433552	0.13181075631	0.145590528981	0.113712961801	0.10030723325	0.187902439747	0.166819685235	0.146640926863	0.0893896363693	0.136149874723	0.135922752483	0.14325365393	0.133847320994	0.122363628087
CCIS98832363ST-4-0.snv.bam	0.139194631452	0.137884561616	0.113130259618	0.131467753892	0.118575866778	0.101215176624	0.176589894879	0.090706274423	0.118703007519	0.0887041547531	0.0657608399313	0.0	0.149408848207	0.103676745054	0.159144845855	0.110745614035	0.113505529351	0.110749043692	0.156655225019	0.0968027679674	0.1534621385	0.111264508274	0.0889126625783	0.114252892037	0.115723228053	0.12236664987	0.117504809559	0.13092537877	0.175124246223	0.10620755353	0.164299216832	0.0759737318114	0.138246392293	0.149237016061	0.168630509354	0.14528841108	0.152521554171	0.145448960479	0.131175533349	0.137918624996	0.110087641403	0.149089198806	0.134451580585	0.109637434838	0.137781473235	0.106499246724	0.117960944561	0.0914836303357	0.12827875893	0.128211584063	0.134729316786	0.12971594185	0.0794977990431
M1.1-V1.metaG.snv.bam	0.177142101579	0.176836823469	0.150113335318	0.101645893257	0.1492388149	0.170836108787	0.2556627839	0.10005161308	0.176870748299	0.176877596676	0.171852780707	0.149408848207	0.0	0.148648648649	0.0884573628109	0.151079136691	0.179634179634	0.116939961495	0.174537037037	0.170478170478	0.143614761341	0.149505887366	0.161696798433	0.154977253451	0.182166524366	0.162123680413	0.182554330457	0.108883436801	0.15939075108	0.140543912481	0.223232830857	0.180405202553	0.186757351714	0.217988453203	0.189135380465	0.196969948535	0.138144290529	0.165201935707	0.139970620653	0.0748220123296	0.137486499391	0.14727483851	0.171577179862	0.171290429562	0.20230337844	0.141152554167	0.140809608861	0.151515151515	0.201692021269	0.201872001558	0.197090832012	0.202944581812	0.142646440481
MMRS78791111ST-27-0-0.snv.bam	0.1594390401	0.159141743117	0.096963311952	0.0989884842826	0.119326742375	0.132811656847	0.222795927781	0.136651570908	0.132450331126	0.172253345783	0.147293459465	0.103676745054	0.148648648649	0.0	0.151504229143	0.146853146853	0.148591174907	0.126881981383	0.148545861298	0.126518218623	0.139860127057	0.171741027566	0.144397535729	0.113348297793	0.137068309078	0.171255472834	0.190853563648	0.145252497277	0.142151777196	0.148931866494	0.18540917077	0.11178168237	0.169278409988	0.135048645197	0.101761808397	0.159257382187	0.147604570515	0.0432358720284	0.176214938793	0.125268128737	0.0941093735796	0.0978726019617	0.0889067689446	0.141985215829	0.12326434903	0.116680465039	0.111851567586	0.102941176471	0.189948439013	0.190115188786	0.198323020265	0.191511390131	0.132794848341
MMRS80093644ST-27-0-0.snv.bam	0.190238137242	0.189736789377	0.131337273157	0.0787671886937	0.177690982918	0.178838962822	0.266594037229	0.11592560578	0.191974651703	0.165811097166	0.172780435852	0.159144845855	0.0884573628109	0.151504229143	0.0	0.174862132353	0.166867395602	0.120644164426	0.175705684959	0.158010602431	0.145873121976	0.112735624553	0.189434870294	0.163973154993	0.169680092176	0.162353442421	0.18342473353	0.111849755288	0.120578408131	0.155532161113	0.15764917734	0.193670312478	0.225450971879	0.179824015688	0.161918890933	0.158094328139	0.127158482364	0.165186553509	0.129258042704	0.130592986313	0.152337949682	0.137215787107	0.186901835762	0.147953593888	0.211486529501	0.178141637194	0.154286811555	0.154599613568	0.234198045217	0.233870671317	0.229838991353	0.235364257346	0.184235375424
MMRS91297590ST-27-0-0.snv.bam	0.141626202329	0.141310324284	0.118401146337	0.132953042328	0.168694995157	0.0835022721485	0.139599829797	0.0896367385338	0.169014084507	0.148296957672	0.135247712236	0.110745614035	0.151079136691	0.146853146853	0.174862132353	0.0	0.0950060040969	0.120923216331	0.130455635492	0.113501882733	0.155545829443	0.113030397344	0.105542264753	0.129381112714	0.137738770694	0.146115796358	0.13978587963	0.168219667246	0.199647374382	0.142170320174	0.168980002564	0.0963914943082	0.117203989625	0.149441566474	0.196038131576	0.127351400672	0.170718745061	0.142961923554	0.103895039134	0.153818712948	0.101247761107	0.102333150903	0.17753472083	0.184595505597	0.168524879576	0.153513153956	0.120625553469	0.149606299213	0.132287867647	0.132234783043	0.131144408865	0.13403640757	0.0949614123961
MMRS95479054ST-27-0-0.snv.bam	0.108889096217	0.108243437667	0.131984856064	0.14078836922	0.122434531654	0.129587367908	0.154158125884	0.125032108308	0.142952705867	0.0976511143178	0.113536975708	0.113505529351	0.179634179634	0.148591174907	0.166867395602	0.0950060040969	0.0	0.117639227042	0.0773819273819	0.11519036519	0.155267232661	0.09651632489	0.108391795492	0.119734105764	0.150648042338	0.164771716351	0.166850460723	0.134496006128	0.141227501762	0.104966575849	0.086340514027	0.12411793	0.11766468427	0.0725160455701	0.182556917018	0.0637401180421	0.148681733615	0.147935590763	0.123778095222	0.166979089215	0.0792923289612	0.10314557664	0.168841023315	0.119523759157	0.168916448253	0.148099821985	0.118651967478	0.121954842543	0.100515389769	0.0999414650573	0.104512069311	0.0981183089929	0.122396749707
NG-5636_317.snv.bam	0.127334215767	0.127321790743	0.117626337216	0.145832345759	0.140454121656	0.126281013794	0.190032101058	0.130620996756	0.180348310208	0.153004578288	0.13415783899	0.110749043692	0.116939961495	0.126881981383	0.120644164426	0.120923216331	0.117639227042	0.0	0.164740110637	0.134926224721	0.108646380464	0.0636391654564	0.113154325442	0.137084814575	0.15718744492	0.138649349873	0.146841158375	0.126714428854	0.148885187719	0.139526602891	0.11939751537	0.104469599558	0.135716651321	0.153794800953	0.190919504609	0.121230336883	0.0643022957889	0.128020472624	0.0925765698042	0.146223031632	0.10288616222	0.113922943373	0.147405095341	0.157428396713	0.172076528841	0.0972483675511	0.101924559983	0.105609479614	0.13223789394	0.132375486815	0.125274188065	0.133304692752	0.0794766712689
NG-5636_353.snv.bam	0.182958656389	0.18300036271	0.156348347308	0.134819431128	0.169428660209	0.17055930226	0.202239382602	0.13360866006	0.136961451247	0.130792585491	0.150459018524	0.156655225019	0.174537037037	0.148545861298	0.175705684959	0.130455635492	0.0773819273819	0.164740110637	0.0	0.135776974703	0.189955445265	0.169895788293	0.155244425891	0.186167646615	0.174884242084	0.175086643376	0.175003994887	0.155224120726	0.166102160476	0.122620330602	0.115794076601	0.160270974365	0.146977159249	0.113782153227	0.181652986098	0.0897072447959	0.198546975092	0.151072652768	0.160811312988	0.162188078502	0.131013607204	0.124988223677	0.178288589258	0.166993825266	0.198448899585	0.183928357599	0.134324389876	0.167676767677	0.167502983238	0.167613532464	0.174769102318	0.168912143334	0.160556308391
NG-5636_457.snv.bam	0.166437531804	0.164871171641	0.160581744801	0.145625942685	0.10098118471	0.152696533875	0.158373228138	0.103469067137	0.100866021396	0.114938111997	0.0916801538512	0.0968027679674	0.170478170478	0.126518218623	0.158010602431	0.113501882733	0.11519036519	0.134926224721	0.135776974703	0.0	0.186373091217	0.126875217994	0.139404283367	0.149639494492	0.0920138212321	0.177728729308	0.171882556441	0.139333579593	0.107963743008	0.125881363347	0.158537237204	0.129434327474	0.149167801642	0.116787716261	0.134503039768	0.133077026595	0.165704118026	0.127700427081	0.129960539597	0.158122296045	0.12791662593	0.144890249427	0.110022907708	0.136924487084	0.146092711144	0.179697853583	0.146377987803	0.10463800905	0.144525673662	0.143981453241	0.151110973053	0.145256990936	0.127138739743
NG-5636_458.snv.bam	0.152449640421	0.15220945882	0.0669848913568	0.158138710029	0.151150031191	0.16976158187	0.216154694825	0.167828563932	0.219727627893	0.177701686735	0.170475386315	0.1534621385	0.143614761341	0.139860127057	0.145873121976	0.155545829443	0.155267232661	0.108646380464	0.189955445265	0.186373091217	0.0	0.137242169595	0.137665670879	0.0917062368619	0.127176508251	0.124973833212	0.145263787333	0.0863740039126	0.132889014192	0.171921942704	0.1294449411	0.129627718856	0.162810385341	0.192771240032	0.176652562179	0.170897100763	0.141277285085	0.16706150858	0.168980371029	0.132794398846	0.127869072219	0.137081932498	0.160594115704	0.174078085079	0.203741487381	0.10454259172	0.115252621949	0.163493426568	0.155993631577	0.156281960436	0.164231325147	0.156739853039	0.116280842361
NG-5636_483.snv.bam	0.146592936738	0.146297570255	0.137278101233	0.151469981932	0.157549984242	0.130046867155	0.196646198786	0.122510436682	0.186028797484	0.132174991209	0.137826353548	0.111264508274	0.149505887366	0.171741027566	0.112735624553	0.113030397344	0.09651632489	0.0636391654564	0.169895788293	0.126875217994	0.137242169595	0.0	0.119345618485	0.15061146562	0.160740522092	0.15789898726	0.151829443899	0.171459553284	0.165408082425	0.14480628292	0.110758072413	0.123185748128	0.1693554276	0.121376015276	0.25196165407	0.0995200651005	0.109212288735	0.186988490537	0.0846163223796	0.177578979345	0.148410007891	0.140221719472	0.206718626114	0.154483057525	0.202915661555	0.145008057186	0.158860086721	0.14070348334	0.124254041802	0.12477423785	0.117759853676	0.125065971365	0.0870980743637
NG-5636_529.snv.bam	0.118182075195	0.117980311165	0.123057632387	0.162646655008	0.117978218952	0.131287098581	0.169542548858	0.109836801184	0.146040040292	0.158843759339	0.125547711639	0.0889126625783	0.161696798433	0.144397535729	0.189434870294	0.105542264753	0.108391795492	0.113154325442	0.155244425891	0.139404283367	0.137665670879	0.119345618485	0.0	0.126432670357	0.122493856297	0.102625936409	0.0986927361201	0.143053947167	0.179552829783	0.138057951615	0.150911022095	0.0966724169732	0.116277751699	0.173609334296	0.215623387086	0.151776340962	0.146009176392	0.171696394287	0.149143264083	0.15038212119	0.118941420742	0.149249304884	0.178356582306	0.180285403148	0.19012573108	0.102613034605	0.131690132313	0.161261481507	0.12317719612	0.123342863103	0.12913475043	0.124729998205	0.0596151562613
NG-5636_543.snv.bam	0.120413186304	0.120494529883	0.0939241307764	0.141593986079	0.128298859994	0.149565504436	0.163987903503	0.154616855655	0.202237186682	0.14453516255	0.125848239392	0.114252892037	0.154977253451	0.113348297793	0.163973154993	0.129381112714	0.119734105764	0.137084814575	0.186167646615	0.149639494492	0.0917062368619	0.15061146562	0.126432670357	0.0	0.153167866098	0.168681909089	0.19297266255	0.119809195249	0.175510470082	0.14903712742	0.192035400389	0.132357185298	0.139851461385	0.187346233812	0.190798576424	0.171061465239	0.15223309786	0.159044318255	0.162360938643	0.141810483213	0.0904219418925	0.136036747022	0.15931632354	0.123477683657	0.141706765457	0.119129503446	0.131538097624	0.120185043714	0.133007822572	0.132865125861	0.139457347922	0.133981211105	0.145900164507
O2.UC22-1.snv.bam	0.188376467931	0.18773150588	0.138404149783	0.169744856644	0.122966602607	0.169564053154	0.193836500007	0.125568899041	0.139180140144	0.162522970068	0.112043163107	0.115723228053	0.182166524366	0.137068309078	0.169680092176	0.137738770694	0.150648042338	0.15718744492	0.174884242084	0.0920138212321	0.127176508251	0.160740522092	0.122493856297	0.153167866098	0.0	0.121253616005	0.117375575598	0.0973460509754	0.103420065915	0.148229072888	0.149557558674	0.125786486571	0.157932953929	0.161193445903	0.146270448539	0.193438704525	0.20287167088	0.163507660199	0.190044985033	0.156295455949	0.161625908617	0.191331606346	0.117912371463	0.182082951609	0.195782311993	0.176201028347	0.169862428199	0.154530890895	0.165764681522	0.165301241219	0.173778459695	0.163775444376	0.119392426873
O2.UC6-0.snv.bam	0.156509953791	0.156148071655	0.14549302785	0.14899712674	0.117163402801	0.170095587346	0.236551306402	0.134099148024	0.198282499861	0.185909878418	0.16338411397	0.12236664987	0.162123680413	0.171255472834	0.162353442421	0.146115796358	0.164771716351	0.138649349873	0.175086643376	0.177728729308	0.124973833212	0.15789898726	0.102625936409	0.168681909089	0.121253616005	0.0	0.00263983249766	0.103359397971	0.153205152857	0.163259166368	0.157028057178	0.16076146233	0.180055268392	0.218385271761	0.201872774355	0.198068385598	0.185614644265	0.170642718873	0.194858847933	0.162716273479	0.155856264249	0.161727382316	0.192201896015	0.194780829632	0.177267602591	0.143570805772	0.150818569346	0.145457217891	0.174818759849	0.174096083158	0.161131627482	0.174641598148	0.101559919347
O2.UC6-1.snv.bam	0.177509318442	0.177495558108	0.144500107735	0.169839981447	0.138390469324	0.165307942306	0.228577466964	0.129707482166	0.192109179198	0.191917903525	0.159340227554	0.117504809559	0.182554330457	0.190853563648	0.18342473353	0.13978587963	0.166850460723	0.146841158375	0.175003994887	0.171882556441	0.145263787333	0.151829443899	0.0986927361201	0.19297266255	0.117375575598	0.00263983249766	0.0	0.124647116188	0.174133011791	0.16510566609	0.157701925712	0.155504136916	0.188096484629	0.218917835034	0.223550924699	0.197621047918	0.205524423335	0.192059007579	0.194987971039	0.183333023386	0.177978798127	0.182254319635	0.211951915828	0.214263712707	0.197324678575	0.164766287054	0.168307994425	0.162048140424	0.1689948468	0.169009042387	0.156686358963	0.170412367499	0.0967933913314
O2.UC8-0.snv.bam	0.131155001587	0.131152490812	0.123239781595	0.111271693485	0.0930855137745	0.184766909719	0.208228102935	0.135588786244	0.172523895285	0.13288381996	0.118638769384	0.13092537877	0.108883436801	0.145252497277	0.111849755288	0.168219667246	0.134496006128	0.126714428854	0.155224120726	0.139333579593	0.0863740039126	0.171459553284	0.143053947167	0.119809195249	0.0973460509754	0.103359397971	0.124647116188	0.0	0.088828905534	0.120860545411	0.124363905696	0.161003470024	0.154740430321	0.186516832167	0.141276916726	0.164541313035	0.146470662477	0.146090252688	0.174895249143	0.11183456437	0.107039988354	0.136643122707	0.126755094441	0.115349973749	0.177554156759	0.130365956858	0.112007832885	0.111121402069	0.14888990257	0.148846158523	0.155962909917	0.150512904724	0.147222231704
SAMEA3136635.snv.bam	0.167394749777	0.165468622514	0.172936083562	0.147397544877	0.101951003554	0.224669021568	0.229109674797	0.167043171722	0.143086986256	0.153643679694	0.156910928811	0.175124246223	0.15939075108	0.142151777196	0.120578408131	0.199647374382	0.141227501762	0.148885187719	0.166102160476	0.107963743008	0.132889014192	0.165408082425	0.179552829783	0.175510470082	0.103420065915	0.153205152857	0.174133011791	0.088828905534	0.0	0.164772094814	0.139128390223	0.193262970937	0.187672241135	0.152729263646	0.128096975924	0.185090668987	0.153405773253	0.141005799233	0.192886925307	0.160262303535	0.136871832015	0.153134149401	0.124290552	0.135006370699	0.17445837023	0.181114897965	0.168192147572	0.14415490446	0.196181442115	0.195959033804	0.204976537998	0.194988586875	0.183120460609
SAMEA3136642.snv.bam	0.178946869175	0.17771647475	0.138580978472	0.130403245911	0.139630350256	0.149569125483	0.204057738336	0.0986549898444	0.138427841458	0.116137632973	0.0978797325803	0.10620755353	0.140543912481	0.148931866494	0.155532161113	0.142170320174	0.104966575849	0.139526602891	0.122620330602	0.125881363347	0.171921942704	0.14480628292	0.138057951615	0.14903712742	0.148229072888	0.163259166368	0.16510566609	0.120860545411	0.164772094814	0.0	0.130299624692	0.144201605967	0.142335378015	0.148326433098	0.181803589016	0.103118899804	0.186594792336	0.175527570777	0.151519684397	0.122734830473	0.134725920539	0.152716258094	0.166015501555	0.132987155974	0.21743755008	0.159250580173	0.14017967276	0.141106744886	0.156282069711	0.155974627429	0.162730175997	0.155529017706	0.129953820814
SAMEA3136643.snv.bam	0.176980130892	0.176110439911	0.133342904579	0.183687547233	0.176174087054	0.180860641222	0.214864665083	0.16155044968	0.173244212955	0.149210119899	0.152718570401	0.164299216832	0.223232830857	0.18540917077	0.15764917734	0.168980002564	0.086340514027	0.11939751537	0.115794076601	0.158537237204	0.1294449411	0.110758072413	0.150911022095	0.192035400389	0.149557558674	0.157028057178	0.157701925712	0.124363905696	0.139128390223	0.130299624692	0.0	0.147888042568	0.158634235593	0.114594809811	0.195732812821	0.0527767896346	0.148723813209	0.188304876816	0.149914082415	0.196299506284	0.151136276339	0.148887883111	0.197566765778	0.16830392618	0.237927439607	0.163614799416	0.13653811748	0.184913287366	0.154336716916	0.154146164386	0.162387873909	0.151669257461	0.132744353726
SAMEA3136651.snv.bam	0.161795329109	0.160713605264	0.092177224668	0.144311856974	0.175154093507	0.0871500933759	0.170246224309	0.12019705954	0.163686678818	0.121963137872	0.101459526972	0.0759737318114	0.180405202553	0.11178168237	0.193670312478	0.0963914943082	0.12411793	0.104469599558	0.160270974365	0.129434327474	0.129627718856	0.123185748128	0.0966724169732	0.132357185298	0.125786486571	0.16076146233	0.155504136916	0.161003470024	0.193262970937	0.144201605967	0.147888042568	0.0	0.105057022288	0.165111801601	0.124572805313	0.154558437729	0.145432909035	0.13600727138	0.136288616642	0.142297050753	0.119906652801	0.118303877561	0.0943721383233	0.140369660136	0.202141224016	0.113258413005	0.113028403987	0.08886150346	0.137170159497	0.136781074914	0.143668371543	0.136457911061	0.0724708965854
SAMEA3136656.snv.bam	0.142397183655	0.141282744703	0.148512533908	0.200322056676	0.16885093969	0.173107199113	0.17765347766	0.157913316321	0.163813136369	0.130710120993	0.13408552036	0.138246392293	0.186757351714	0.169278409988	0.225450971879	0.117203989625	0.11766468427	0.135716651321	0.146977159249	0.149167801642	0.162810385341	0.1693554276	0.116277751699	0.139851461385	0.157932953929	0.180055268392	0.188096484629	0.154740430321	0.187672241135	0.142335378015	0.158634235593	0.105057022288	0.0	0.169959948556	0.184687497506	0.161528643966	0.155435346658	0.179988697091	0.140199810914	0.173594630074	0.130597620832	0.154041139902	0.150768729912	0.1767235872	0.210435513753	0.14837440523	0.131359447374	0.145252530862	0.146891823309	0.146369197873	0.153120962439	0.145543789387	0.121474857006
SAMEA3136664.snv.bam	0.173729074244	0.174225528097	0.177531350731	0.179141242579	0.134061053728	0.174009200431	0.223313406421	0.162951047492	0.141742076686	0.122560697903	0.146961456832	0.149237016061	0.217988453203	0.135048645197	0.179824015688	0.149441566474	0.0725160455701	0.153794800953	0.113782153227	0.116787716261	0.192771240032	0.121376015276	0.173609334296	0.187346233812	0.161193445903	0.218385271761	0.218917835034	0.186516832167	0.152729263646	0.148326433098	0.114594809811	0.165111801601	0.169959948556	0.0	0.174084150476	0.0916794869331	0.177112368181	0.136163776891	0.139548888859	0.192163960737	0.14442869653	0.146991654932	0.154797976866	0.153955111621	0.160972761413	0.194692372134	0.157637155944	0.158120019819	0.165661973196	0.165712253605	0.172244264101	0.163873432903	0.155075924987
SAMEA3136679.snv.bam	0.203686671017	0.201372408546	0.124500409244	0.148603564803	0.135911485283	0.188128953042	0.25326396099	0.181710465572	0.155491319905	0.161759541479	0.159086400979	0.168630509354	0.189135380465	0.101761808397	0.161918890933	0.196038131576	0.182556917018	0.190919504609	0.181652986098	0.134503039768	0.176652562179	0.25196165407	0.215623387086	0.190798576424	0.146270448539	0.201872774355	0.223550924699	0.141276916726	0.128096975924	0.181803589016	0.195732812821	0.124572805313	0.184687497506	0.174084150476	0.0	0.202948256533	0.192045304042	0.0990871962207	0.203562583152	0.148429701293	0.135134241557	0.135057695309	0.05651457893	0.143106317031	0.170936761229	0.189638964329	0.1290174397	0.0912094155844	0.238614849425	0.238048415926	0.249120466544	0.238067800789	0.199971313605
SAMEA3136704.snv.bam	0.165672701871	0.164447119359	0.137084047571	0.158547918666	0.16462674944	0.150330089688	0.189474660326	0.141225942196	0.147147233385	0.138795052485	0.144292597938	0.14528841108	0.196969948535	0.159257382187	0.158094328139	0.127351400672	0.0637401180421	0.121230336883	0.0897072447959	0.133077026595	0.170897100763	0.0995200651005	0.151776340962	0.171061465239	0.193438704525	0.198068385598	0.197621047918	0.164541313035	0.185090668987	0.103118899804	0.0527767896346	0.154558437729	0.161528643966	0.0916794869331	0.202948256533	0.0	0.153469063946	0.166979228755	0.115960090416	0.170567952635	0.115602194604	0.121131794217	0.199777842041	0.160738606595	0.211401549041	0.165014611233	0.12488324654	0.170557514413	0.142376198234	0.142694070774	0.149682533349	0.143355729918	0.138841995455
SAMEA3136725.snv.bam	0.134615038327	0.132757701206	0.167117633142	0.166451294083	0.160829633762	0.172651532975	0.223704549544	0.159348535624	0.188049337426	0.185313384374	0.172454710083	0.152521554171	0.138144290529	0.147604570515	0.127158482364	0.170718745061	0.148681733615	0.0643022957889	0.198546975092	0.165704118026	0.141277285085	0.109212288735	0.146009176392	0.15223309786	0.20287167088	0.185614644265	0.205524423335	0.146470662477	0.153405773253	0.186594792336	0.148723813209	0.145432909035	0.155435346658	0.177112368181	0.192045304042	0.153469063946	0.0	0.132435577514	0.110675668917	0.165879489304	0.109132326203	0.121862328556	0.156215601813	0.166791491821	0.181272693217	0.104495738062	0.130797033391	0.121047440064	0.177479381785	0.176938695263	0.171842633537	0.177469844246	0.132038048892
SAMEA3136737.snv.bam	0.146491458911	0.145777500369	0.139291193144	0.0874665605527	0.121601464014	0.118276578992	0.222794686131	0.134913547177	0.14878347645	0.172964396051	0.153305977158	0.145448960479	0.165201935707	0.0432358720284	0.165186553509	0.142961923554	0.147935590763	0.128020472624	0.151072652768	0.127700427081	0.16706150858	0.186988490537	0.171696394287	0.159044318255	0.163507660199	0.170642718873	0.192059007579	0.146090252688	0.141005799233	0.175527570777	0.188304876816	0.13600727138	0.179988697091	0.136163776891	0.0990871962207	0.166979228755	0.132435577514	0.0	0.161981849512	0.13970131941	0.0945654850433	0.0606232578847	0.091461752796	0.141785444214	0.100905552715	0.145449574803	0.10996054961	0.0993802074478	0.190458486959	0.18981086074	0.191075555792	0.190148459898	0.148122128864
SAMEA3136743.snv.bam	0.162390274343	0.161236400425	0.146900162301	0.168901854774	0.188235780698	0.109812660082	0.184094495414	0.124537249428	0.157637405495	0.136609543911	0.113142477056	0.131175533349	0.139970620653	0.176214938793	0.129258042704	0.103895039134	0.123778095222	0.0925765698042	0.160811312988	0.129960539597	0.168980371029	0.0846163223796	0.149143264083	0.162360938643	0.190044985033	0.194858847933	0.194987971039	0.174895249143	0.192886925307	0.151519684397	0.149914082415	0.136288616642	0.140199810914	0.139548888859	0.203562583152	0.115960090416	0.110675668917	0.161981849512	0.0	0.167908371648	0.122536026029	0.131059816381	0.196081440829	0.183717490245	0.20347862062	0.182545058264	0.121882227738	0.152999165221	0.152454101957	0.152199850113	0.14598941288	0.150949031699	0.127562127479
SAMEA3136747.snv.bam	0.177723555853	0.177141945001	0.12408745296	0.0921120419869	0.138216555466	0.144731872669	0.227933888542	0.0900625481362	0.1392501559	0.139745361049	0.125479433552	0.137918624996	0.0748220123296	0.125268128737	0.130592986313	0.153818712948	0.166979089215	0.146223031632	0.162188078502	0.158122296045	0.132794398846	0.177578979345	0.15038212119	0.141810483213	0.156295455949	0.162716273479	0.183333023386	0.11183456437	0.160262303535	0.122734830473	0.196299506284	0.142297050753	0.173594630074	0.192163960737	0.148429701293	0.170567952635	0.165879489304	0.13970131941	0.167908371648	0.0	0.126134588649	0.123397407867	0.121935871982	0.135210173371	0.203347343335	0.117235398261	0.11595519084	0.132598713115	0.194888102326	0.194788523231	0.196805472998	0.196092508367	0.125520235947
SAMEA3136748.snv.bam	0.0956987952143	0.094387418659	0.105991400166	0.126087350758	0.108151041773	0.099268875443	0.15791960117	0.134995232093	0.162615557282	0.148555452832	0.13181075631	0.110087641403	0.137486499391	0.0941093735796	0.152337949682	0.101247761107	0.0792923289612	0.10288616222	0.131013607204	0.12791662593	0.127869072219	0.148410007891	0.118941420742	0.0904219418925	0.161625908617	0.155856264249	0.177978798127	0.107039988354	0.136871832015	0.134725920539	0.151136276339	0.119906652801	0.130597620832	0.14442869653	0.135134241557	0.115602194604	0.109132326203	0.0945654850433	0.122536026029	0.126134588649	0.0	0.0740385711809	0.128356048129	0.127720362318	0.127652006162	0.105705240172	0.0774405805639	0.0992024710543	0.123621634022	0.12308309389	0.128350641367	0.121247943378	0.132868751493
SAMEA3136753.snv.bam	0.12099448395	0.121207996343	0.109551431824	0.0626229954449	0.145148489429	0.0908627518669	0.19785860661	0.118497702875	0.167188306692	0.133464167967	0.145590528981	0.149089198806	0.14727483851	0.0978726019617	0.137215787107	0.102333150903	0.10314557664	0.113922943373	0.124988223677	0.144890249427	0.137081932498	0.140221719472	0.149249304884	0.136036747022	0.191331606346	0.161727382316	0.182254319635	0.136643122707	0.153134149401	0.152716258094	0.148887883111	0.118303877561	0.154041139902	0.146991654932	0.135057695309	0.121131794217	0.121862328556	0.0606232578847	0.131059816381	0.123397407867	0.0740385711809	0.0	0.12000018123	0.109144180116	0.144938168169	0.127846135865	0.089987492002	0.100004356396	0.16418169298	0.164326471646	0.16485550823	0.163878635496	0.133479379743
V1.CD22-0.snv.bam	0.166181615873	0.166902737566	0.151624816626	0.134363320356	0.101719608218	0.171968811813	0.229938175127	0.171012592168	0.142123260846	0.128722315176	0.113712961801	0.134451580585	0.171577179862	0.0889067689446	0.186901835762	0.17753472083	0.168841023315	0.147405095341	0.178288589258	0.110022907708	0.160594115704	0.206718626114	0.178356582306	0.15931632354	0.117912371463	0.192201896015	0.211951915828	0.126755094441	0.124290552	0.166015501555	0.197566765778	0.0943721383233	0.150768729912	0.154797976866	0.05651457893	0.199777842041	0.156215601813	0.091461752796	0.196081440829	0.121935871982	0.128356048129	0.12000018123	0.0	0.109423076512	0.15382036934	0.146341342138	0.131420631835	0.0557806666773	0.196947141274	0.197227192439	0.205992482552	0.196842631528	0.154551597421
V1.CD45-0.snv.bam	0.14229622458	0.14162657143	0.158804622636	0.0956012477206	0.115792059149	0.166747817059	0.222108145657	0.14084708224	0.169415581497	0.0481066943437	0.10030723325	0.109637434838	0.171290429562	0.141985215829	0.147953593888	0.184595505597	0.119523759157	0.157428396713	0.166993825266	0.136924487084	0.174078085079	0.154483057525	0.180285403148	0.123477683657	0.182082951609	0.194780829632	0.214263712707	0.115349973749	0.135006370699	0.132987155974	0.16830392618	0.140369660136	0.1767235872	0.153955111621	0.143106317031	0.160738606595	0.166791491821	0.141785444214	0.183717490245	0.135210173371	0.127720362318	0.109144180116	0.109423076512	0.0	0.188729787619	0.166419202384	0.154316264947	0.0631011235737	0.1700304408	0.170140140561	0.177862763235	0.170000363206	0.174290232452
V1.FI27.snv.bam	0.138952421409	0.138645080609	0.191811765985	0.184724131599	0.109030443983	0.186101381849	0.232075910798	0.196069529709	0.193457940461	0.198820126945	0.187902439747	0.137781473235	0.20230337844	0.12326434903	0.211486529501	0.168524879576	0.168916448253	0.172076528841	0.198448899585	0.146092711144	0.203741487381	0.202915661555	0.19012573108	0.141706765457	0.195782311993	0.177267602591	0.197324678575	0.177554156759	0.17445837023	0.21743755008	0.237927439607	0.202141224016	0.210435513753	0.160972761413	0.170936761229	0.211401549041	0.181272693217	0.100905552715	0.20347862062	0.203347343335	0.127652006162	0.144938168169	0.15382036934	0.188729787619	0.0	0.16946899647	0.148419905795	0.139273735171	0.196002475892	0.196447235873	0.198777199027	0.197785759957	0.174104212438
V1.FI37.snv.bam	0.118189404456	0.11759776814	0.116693677349	0.150878738792	0.131363559657	0.152561463138	0.210528097828	0.147226758738	0.186197364698	0.177274539521	0.166819685235	0.106499246724	0.141152554167	0.116680465039	0.178141637194	0.153513153956	0.148099821985	0.0972483675511	0.183928357599	0.179697853583	0.10454259172	0.145008057186	0.102613034605	0.119129503446	0.176201028347	0.143570805772	0.164766287054	0.130365956858	0.181114897965	0.159250580173	0.163614799416	0.113258413005	0.14837440523	0.194692372134	0.189638964329	0.165014611233	0.104495738062	0.145449574803	0.182545058264	0.117235398261	0.105705240172	0.127846135865	0.146341342138	0.166419202384	0.16946899647	0.0	0.0967118472842	0.131052412927	0.162958744304	0.163131127515	0.164106353589	0.164574497824	0.0579705789686
V1.UC22-1.snv.bam	0.132339308143	0.131434525133	0.0890484013602	0.134701953144	0.133374566302	0.124759152943	0.188715500229	0.137080744273	0.159580638201	0.145576179378	0.146640926863	0.117960944561	0.140809608861	0.111851567586	0.154286811555	0.120625553469	0.118651967478	0.101924559983	0.134324389876	0.146377987803	0.115252621949	0.158860086721	0.131690132313	0.131538097624	0.169862428199	0.150818569346	0.168307994425	0.112007832885	0.168192147572	0.14017967276	0.13653811748	0.113028403987	0.131359447374	0.157637155944	0.1290174397	0.12488324654	0.130797033391	0.10996054961	0.121882227738	0.11595519084	0.0774405805639	0.089987492002	0.131420631835	0.154316264947	0.148419905795	0.0967118472842	0.0	0.126969503048	0.147721027812	0.147370228106	0.153525449918	0.146594445502	0.106730493906
alien-11-60-0.snv.bam	0.105066957192	0.104734939393	0.147388700071	0.110549183177	0.0970224766615	0.126132164553	0.205020269712	0.145311608386	0.162962962963	0.0901807438304	0.0893896363693	0.0914836303357	0.151515151515	0.102941176471	0.154599613568	0.149606299213	0.121954842543	0.105609479614	0.167676767677	0.10463800905	0.163493426568	0.14070348334	0.161261481507	0.120185043714	0.154530890895	0.145457217891	0.162048140424	0.111121402069	0.14415490446	0.141106744886	0.184913287366	0.08886150346	0.145252530862	0.158120019819	0.0912094155844	0.170557514413	0.121047440064	0.0993802074478	0.152999165221	0.132598713115	0.0992024710543	0.100004356396	0.0557806666773	0.0631011235737	0.139273735171	0.131052412927	0.126969503048	0.0	0.15373803773	0.153924261929	0.155917397281	0.155483523285	0.156719526362
