	159571453-stool2.snv.bam	706846339-stool1.snv.bam	764083206-stool1.snv.bam	764588959-stool2.snv.bam	CCIS07648107ST-4-0.snv.bam	CCIS22416007ST-4-0.snv.bam	CCIS36797902ST-4-0.snv.bam	CCIS38765456ST-20-0.snv.bam	CCIS62794166ST-4-0.snv.bam	CCIS74726977ST-3-0.snv.bam	CCIS87116798ST-4-0.snv.bam	CCIS90166425ST-4-0.snv.bam	CCIS94417875ST-3-0.snv.bam	CCMD51864103ST-21-0.snv.bam	CCMD87156761ST-21-0.snv.bam	MH0187.snv.bam	MH0280.snv.bam	MH0302.snv.bam	MH0316.snv.bam	MH0318.snv.bam	MH0329.snv.bam	MH0368.snv.bam	MH0397.snv.bam	MH0425.snv.bam	MH0431.snv.bam	MH0436.snv.bam	MH0438.snv.bam	MH0442.snv.bam	MMRS34569532ST-27-0-0.snv.bam	MMRS57276462ST-27-0-0.snv.bam	MMRS68910755ST-27-0-0.snv.bam	MMRS77487595ST-27-0-0.snv.bam	NG-5636_225.snv.bam	NG-5636_446.snv.bam	NG-5636_458.snv.bam	NG-5636_483.snv.bam	NG-5636_487.snv.bam	NG-5636_526.snv.bam	O2.UC4-1.snv.bam	O2.UC40-1.snv.bam	SAMEA3136684.snv.bam	SAMEA3136697.snv.bam	T2D-33A.snv.bam	V1.CD34-0.snv.bam	V1.CD51-0.snv.bam	V1.UC10-2.snv.bam	V1.UC5-3.snv.bam
159571453-stool2.snv.bam	0.0	0.175823298668	0.27905329465	0.336989442714	0.285898339483	0.159598486669	0.30128131643	0.238879910213	0.257730207271	0.159966833405	0.27755831991	0.288218094255	0.163357715082	0.343055274113	0.171773636991	0.175939112864	0.157349114093	0.254065623163	0.272702591216	0.182429615164	0.343060811741	0.275059326874	0.314868530156	0.18007340111	0.126495057087	0.191196604638	0.0727569580399	0.277669216291	0.199176701332	0.213738731337	0.265799524726	0.165985003408	0.165751788893	0.278269919079	0.176910320194	0.335385704176	0.276664736917	0.283240486365	0.290073083799	0.345567583421	0.311432818195	0.207327002028	0.330172914589	0.170960522893	0.342974048213	0.306750670419	0.302329582166
706846339-stool1.snv.bam	0.175823298668	0.0	0.266582347576	0.310325353137	0.254001355674	0.188900470225	0.27736591302	0.242702931312	0.23116030742	0.0550747875852	0.262591201659	0.261107659384	0.194043887147	0.314625453275	0.180884332608	0.0305938167892	0.184134385076	0.259480695864	0.237600503433	0.20538619623	0.315755859711	0.269133742066	0.287096426973	0.228725420527	0.222930101762	0.173472168792	0.196688023146	0.262683754478	0.193083573487	0.20377432902	0.242544802416	0.187045942904	0.190076419432	0.263001405942	0.0817053011956	0.306172839506	0.261949174641	0.242141814262	0.274767366544	0.314379085599	0.282707299787	0.197595913985	0.313426549574	0.047164574466	0.314745349911	0.27985589427	0.275567331294
764083206-stool1.snv.bam	0.27905329465	0.266582347576	0.0	0.0650725972974	0.204970447788	0.264938310286	0.228370731752	0.238203755192	0.228893565064	0.255593062378	0.0634830207781	0.195131634483	0.28304135478	0.0663823923495	0.275738630368	0.261114238293	0.260211893845	0.0814592743657	0.250405623029	0.29386784599	0.0673463323661	0.235572178	0.0669715701507	0.318345672017	0.279676166596	0.278972175862	0.300224534193	0.06331948189	0.284537866858	0.28120359004	0.270227353362	0.259805607671	0.275926793678	0.0686066921427	0.271705840456	0.0634044699262	0.0637297313897	0.249103575583	0.229208628552	0.210631421572	0.0681062510474	0.274595196122	0.259890476132	0.273582665149	0.0664479291747	0.231607724428	0.229461319204
764588959-stool2.snv.bam	0.336989442714	0.310325353137	0.0650725972974	0.0	0.214180101214	0.29654959347	0.243954847513	0.211922792897	0.256365740741	0.303323106501	0.0727740615085	0.188231452456	0.324007936508	0.000283726308273	0.301136363636	0.305302918269	0.292449697921	0.097219765099	0.276062070659	0.332219961847	0.00167955307764	0.242489944696	0.0402831721623	0.33574590314	0.272450988163	0.316741201541	0.329460525602	0.0730368842247	0.325489457831	0.304203368277	0.292575389147	0.279697204969	0.315317085954	0.0766549739162	0.312310606061	0.000196540880503	0.0757359277909	0.274342562558	0.20287675489	0.195952283146	0.0407494519547	0.297203222044	0.275895031361	0.299003387292	0.000866945636498	0.247748139045	0.245864956245
CCIS07648107ST-4-0.snv.bam	0.285898339483	0.254001355674	0.204970447788	0.214180101214	0.0	0.24628848403	0.0496742541647	0.243745699888	0.257645860045	0.253165152058	0.216434344051	0.210078938471	0.285351394456	0.216504752373	0.279611534599	0.247887896683	0.242299490243	0.245924709641	0.272788878784	0.292061566041	0.217542196087	0.259927807423	0.240830081707	0.298262626751	0.22929158861	0.288845271326	0.283932126543	0.217172042478	0.262606583299	0.291133381046	0.277004271972	0.273510246817	0.271236221996	0.222150273525	0.249482551253	0.210239611199	0.216721675053	0.271336375816	0.243509299097	0.239579680561	0.242264387671	0.284427275563	0.232147468202	0.260099647719	0.216891963286	0.049897043119	0.0521123180471
CCIS22416007ST-4-0.snv.bam	0.159598486669	0.188900470225	0.264938310286	0.29654959347	0.24628848403	0.0	0.275428288704	0.218089160229	0.241152133547	0.178099974116	0.260577026946	0.244222485903	0.0531059679409	0.301199591937	0.17475075532	0.171673513438	0.0116859721884	0.249513434341	0.253362217245	0.0656354038208	0.302191114306	0.248685893868	0.273492477102	0.180654657333	0.186964955866	0.137281683137	0.132326292202	0.261232125804	0.156964015769	0.184611322463	0.252224596673	0.143904169808	0.0530951086333	0.264037850831	0.160911267855	0.294816470557	0.259767603762	0.252011620237	0.244523086166	0.295053486139	0.272054870882	0.178212752933	0.317365357131	0.183595246261	0.301165321998	0.278219375144	0.273640520695
CCIS36797902ST-4-0.snv.bam	0.30128131643	0.27736591302	0.228370731752	0.243954847513	0.0496742541647	0.275428288704	0.0	0.261287274846	0.284340842812	0.277986098111	0.244753066247	0.206718728058	0.306227853718	0.244892702985	0.291710856542	0.271685932731	0.271612726445	0.251644030547	0.296310561172	0.310049385171	0.24627290839	0.253585677532	0.269950354748	0.310593654693	0.231780493321	0.309640962544	0.28713703469	0.245837474427	0.288927187776	0.303274817848	0.288686650827	0.279689213711	0.292681489119	0.244758103994	0.272676428188	0.235210129419	0.244739063616	0.294802558008	0.263715629968	0.237085769125	0.267055382765	0.293521891665	0.214631655945	0.28343478935	0.245648175841	0.00140415483404	0.00355819691091
CCIS38765456ST-20-0.snv.bam	0.238879910213	0.242702931312	0.238203755192	0.211922792897	0.243745699888	0.218089160229	0.261287274846	0.0	0.227433679649	0.229765762237	0.229367530566	0.103684839852	0.243417924097	0.21769456167	0.208312945973	0.231031200281	0.20746146535	0.21995080429	0.238354233184	0.258363444987	0.218844857955	0.249310390306	0.224296598948	0.252656930973	0.194541453013	0.243316592946	0.231963125724	0.229355061721	0.240407076959	0.227834961268	0.255272039845	0.216889680757	0.241865170585	0.229081470654	0.220864617738	0.214541919762	0.225843643471	0.225622310784	0.0570723032273	0.235908702562	0.223567957097	0.221360537947	0.24214752034	0.237786667818	0.217838204666	0.26424538557	0.261605978448
CCIS62794166ST-4-0.snv.bam	0.257730207271	0.23116030742	0.228893565064	0.256365740741	0.257645860045	0.241152133547	0.284340842812	0.227433679649	0.0	0.234271106452	0.236709296135	0.209487179487	0.266769865841	0.269351293459	0.213065843621	0.233165258968	0.231033621307	0.249124184439	0.0163383985841	0.276334893491	0.271102717335	0.227686642951	0.240810622625	0.273568493606	0.282715664902	0.258097658738	0.25571587689	0.237729030264	0.251870366592	0.262332132646	0.0655865382178	0.232215447154	0.264792541169	0.236600287705	0.220276251526	0.256434599156	0.235264510232	0.0300219996966	0.232257146141	0.257759836305	0.237732994432	0.253179600537	0.268235403333	0.23150382026	0.269973725378	0.287884110759	0.286140823061
CCIS74726977ST-3-0.snv.bam	0.159966833405	0.0550747875852	0.255593062378	0.303323106501	0.253165152058	0.178099974116	0.277986098111	0.229765762237	0.234271106452	0.0	0.252260224081	0.249266084751	0.181514450554	0.307801038434	0.183227100475	0.0437079301804	0.174055959963	0.244999468026	0.243993071717	0.197236922516	0.308870551593	0.260656048889	0.269113240951	0.230221178592	0.222134052846	0.153169322033	0.183148850751	0.252358738892	0.158131961375	0.198092211821	0.250156504781	0.177271953196	0.173106273056	0.249378642191	0.0883148171587	0.297601928032	0.250960191344	0.237150870151	0.2579472405	0.305241964641	0.262778693937	0.19140984529	0.319286267576	0.0556253850197	0.307677833694	0.280625089603	0.275826427121
CCIS87116798ST-4-0.snv.bam	0.27755831991	0.262591201659	0.0634830207781	0.0727740615085	0.216434344051	0.260577026946	0.244753066247	0.229367530566	0.236709296135	0.252260224081	0.0	0.186382180948	0.279196313759	0.0810950090684	0.270279636516	0.256582025389	0.256888880096	0.0221890225495	0.247020337204	0.289248734507	0.0829749073575	0.206843055541	0.0820659118505	0.312642768351	0.249513618181	0.268794162332	0.29839745967	0.00136715620108	0.282749277845	0.282254605845	0.268254097572	0.261568196352	0.271174545324	0.00519450353785	0.263705817347	0.0713642525697	0.00350838472291	0.245348013012	0.220582041277	0.213472211183	0.0799210317423	0.275501772174	0.264025807589	0.268735975065	0.0820627526122	0.248792437668	0.246939720335
CCIS90166425ST-4-0.snv.bam	0.288218094255	0.261107659384	0.195131634483	0.188231452456	0.210078938471	0.244222485903	0.206718728058	0.103684839852	0.209487179487	0.249266084751	0.186382180948	0.0	0.272099156118	0.192471016151	0.264745586708	0.253482632765	0.2340640889	0.178021172237	0.221061080109	0.279933515515	0.193648947182	0.237808730358	0.211204356901	0.298403177929	0.21133501923	0.28244346943	0.283159984609	0.186994230919	0.249496047772	0.27563716132	0.225633609168	0.256914344685	0.263758730683	0.185684839685	0.238480904795	0.176549145299	0.182465721105	0.2074998075	0.0696316063549	0.138987778534	0.207365273153	0.268610309508	0.205582922135	0.264609483227	0.192805253696	0.207499313635	0.204976357385
CCIS94417875ST-3-0.snv.bam	0.163357715082	0.194043887147	0.28304135478	0.324007936508	0.285351394456	0.0531059679409	0.306227853718	0.243417924097	0.266769865841	0.181514450554	0.279196313759	0.272099156118	0.0	0.327907621348	0.188714733542	0.160294446932	0.0436512155381	0.264993885395	0.274058691726	0.00376761904086	0.328759560507	0.257507500723	0.298388591159	0.200758476799	0.191616161616	0.1609985562	0.137322514539	0.279182393961	0.166771159875	0.192267946415	0.264398737124	0.14375	0.000423566704924	0.279993710447	0.18339587242	0.318831168831	0.274970342552	0.266841491841	0.273872314841	0.327685040384	0.297021593448	0.183252102161	0.351081944073	0.2008317628	0.328017624689	0.309398445194	0.304728374251
CCMD51864103ST-21-0.snv.bam	0.343055274113	0.314625453275	0.0663823923495	0.000283726308273	0.216504752373	0.301199591937	0.244892702985	0.21769456167	0.269351293459	0.307801038434	0.0810950090684	0.192471016151	0.327907621348	0.0	0.309332236949	0.310359052631	0.297505177759	0.105645986768	0.287601025985	0.335573609159	0.00216452279133	0.247555340269	0.0415957321842	0.347345019276	0.278232533317	0.320634250847	0.33848897312	0.0818973566785	0.329034675177	0.311431368876	0.303040152889	0.288455534258	0.319415065464	0.0867917025856	0.31610338809	0.000178345959471	0.0842575350977	0.285811754564	0.206025824275	0.202016220584	0.0435675714073	0.304593964877	0.275906509463	0.303432679038	0.00109336973543	0.248915723868	0.247302579224
CCMD87156761ST-21-0.snv.bam	0.171773636991	0.180884332608	0.275738630368	0.301136363636	0.279611534599	0.17475075532	0.291710856542	0.208312945973	0.213065843621	0.183227100475	0.270279636516	0.264745586708	0.188714733542	0.309332236949	0.0	0.174527560008	0.167289012239	0.258919917915	0.22724173779	0.199410684992	0.309735546602	0.242063940961	0.274457368949	0.199293101259	0.227000684895	0.168980005966	0.178887917571	0.271428665353	0.17767422595	0.173263423947	0.22282757733	0.117901234568	0.175562933814	0.270697132064	0.159777571826	0.293548387097	0.266749195435	0.234777084777	0.2417934342	0.303675752137	0.273769885313	0.166624582796	0.329741450573	0.150995869613	0.309731739005	0.29831856445	0.293669758723
MH0187.snv.bam	0.175939112864	0.0305938167892	0.261114238293	0.305302918269	0.247887896683	0.171673513438	0.271685932731	0.231031200281	0.233165258968	0.0437079301804	0.256582025389	0.253482632765	0.160294446932	0.310359052631	0.174527560008	0.0	0.166370082652	0.253025641026	0.239368790296	0.170574896882	0.3112220693	0.258872510086	0.282059361713	0.217845987511	0.21518730482	0.167157262066	0.188653003958	0.256870048409	0.173348332389	0.19298933287	0.23904038357	0.180959055386	0.155686397366	0.255299139858	0.072157856198	0.301102363203	0.256134105192	0.244834138249	0.263421772934	0.304372217691	0.277582128386	0.186515092412	0.312206711142	0.0452217899003	0.310663615419	0.274438955616	0.270028279492
MH0280.snv.bam	0.157349114093	0.184134385076	0.260211893845	0.292449697921	0.242299490243	0.0116859721884	0.271612726445	0.20746146535	0.231033621307	0.174055959963	0.256888880096	0.2340640889	0.0436512155381	0.297505177759	0.167289012239	0.166370082652	0.0	0.242307829059	0.242273035105	0.0562228245227	0.297087157261	0.244089038234	0.269076349472	0.175563099853	0.181639608444	0.140411334279	0.126100357259	0.256359610332	0.15514887783	0.174184583333	0.242644096648	0.132348061461	0.04385988619	0.25725617191	0.150709461499	0.287840482022	0.253007758438	0.242082093914	0.233890237151	0.288509339386	0.267752679132	0.167903717379	0.310845678337	0.178675952155	0.297277189275	0.273372282683	0.268741407193
MH0302.snv.bam	0.254065623163	0.259480695864	0.0814592743657	0.097219765099	0.245924709641	0.249513434341	0.251644030547	0.21995080429	0.249124184439	0.244999468026	0.0221890225495	0.178021172237	0.264993885395	0.105645986768	0.258919917915	0.253025641026	0.242307829059	0.0	0.26505547759	0.275913893485	0.107433287476	0.22115226557	0.105812794836	0.296985909134	0.231302291799	0.251832002397	0.275824334388	0.0224633722077	0.262776000948	0.262701913095	0.263624001047	0.243681929182	0.256713272017	0.0195190563637	0.249464345298	0.0896819117943	0.0241932664502	0.263384223571	0.207914597934	0.209853759966	0.0976732828548	0.255889460237	0.265075121254	0.260532094225	0.106230656631	0.255311541164	0.253370699335
MH0316.snv.bam	0.272702591216	0.237600503433	0.250405623029	0.276062070659	0.272788878784	0.253362217245	0.296310561172	0.238354233184	0.0163383985841	0.243993071717	0.247020337204	0.221061080109	0.274058691726	0.287601025985	0.22724173779	0.239368790296	0.242273035105	0.26505547759	0.0	0.280795537309	0.288093820821	0.23564746579	0.258980462885	0.284574902226	0.286987033674	0.269155813718	0.260749464034	0.246556001312	0.263811386431	0.269119951518	0.0565454974399	0.241343688002	0.272606089936	0.24715296345	0.233715415989	0.277133267455	0.244920855479	0.0154756671475	0.241359537995	0.275730202893	0.257319845672	0.259639967518	0.274153514691	0.243464694052	0.28728569521	0.298185243552	0.296611323207
MH0318.snv.bam	0.182429615164	0.20538619623	0.29386784599	0.332219961847	0.292061566041	0.0656354038208	0.310049385171	0.258363444987	0.276334893491	0.197236922516	0.289248734507	0.279933515515	0.00376761904086	0.335573609159	0.199410684992	0.170574896882	0.0562228245227	0.275913893485	0.280795537309	0.0	0.335877954481	0.263558953168	0.307392665308	0.214365623104	0.203054322109	0.170826756668	0.153803326004	0.2888910442	0.17962971208	0.204537539992	0.269412422433	0.157727507983	0.00442675875846	0.290183253719	0.195509778223	0.328501627572	0.285259450962	0.274617347668	0.28391680523	0.329397185067	0.30751009296	0.195411231121	0.351823208292	0.211404931527	0.335458158808	0.311671330187	0.3073989276
MH0329.snv.bam	0.343060811741	0.315755859711	0.0673463323661	0.00167955307764	0.217542196087	0.302191114306	0.24627290839	0.218844857955	0.271102717335	0.308870551593	0.0829749073575	0.193648947182	0.328759560507	0.00216452279133	0.309735546602	0.3112220693	0.297087157261	0.107433287476	0.288093820821	0.335877954481	0.0	0.248587319	0.0421978092022	0.346965040402	0.277731765026	0.321273676389	0.337356371884	0.0826272906442	0.330165081613	0.311436777722	0.304554027828	0.289341294001	0.319925662494	0.0886665572694	0.317359262509	0.00173388360631	0.0855394226258	0.287221523466	0.206930573156	0.203335478232	0.0446403669213	0.304599358045	0.27658191753	0.303933799356	0.00217395679431	0.249334226854	0.247676599532
MH0368.snv.bam	0.275059326874	0.269133742066	0.235572178	0.242489944696	0.259927807423	0.248685893868	0.253585677532	0.249310390306	0.227686642951	0.260656048889	0.206843055541	0.237808730358	0.257507500723	0.247555340269	0.242063940961	0.258872510086	0.244089038234	0.22115226557	0.23564746579	0.263558953168	0.248587319	0.0	0.239175120856	0.291502371487	0.260533532851	0.281486782358	0.272722643172	0.207114410267	0.256633742066	0.278025899439	0.225327529427	0.251872119816	0.253844601858	0.211395327362	0.254796893358	0.242270355483	0.209219906258	0.228556404533	0.260613815666	0.228598097348	0.236290240225	0.267604323962	0.295845502327	0.275105551862	0.247935460362	0.257320232941	0.255952196952
MH0397.snv.bam	0.314868530156	0.287096426973	0.0669715701507	0.0402831721623	0.240830081707	0.273492477102	0.269950354748	0.224296598948	0.240810622625	0.269113240951	0.0820659118505	0.211204356901	0.298388591159	0.0415957321842	0.274457368949	0.282059361713	0.269076349472	0.105812794836	0.258980462885	0.307392665308	0.0421978092022	0.239175120856	0.0	0.316908006289	0.299502142278	0.287314383564	0.30239739807	0.082131968264	0.295766947204	0.280311301439	0.298027097365	0.253481685986	0.290137193511	0.087464143165	0.28800492048	0.0379213369071	0.084495474174	0.257660739081	0.212539765294	0.225475994269	0.00209438761237	0.273544486578	0.288683911587	0.275574875635	0.0416976180126	0.273136500978	0.271571623447
MH0425.snv.bam	0.18007340111	0.228725420527	0.318345672017	0.33574590314	0.298262626751	0.180654657333	0.310593654693	0.252656930973	0.273568493606	0.230221178592	0.312642768351	0.298403177929	0.200758476799	0.347345019276	0.199293101259	0.217845987511	0.175563099853	0.296985909134	0.284574902226	0.214365623104	0.346965040402	0.291502371487	0.316908006289	0.0	0.20360734299	0.1881342316	0.142818993404	0.312647886657	0.202713859833	0.163703813887	0.280861243728	0.136635624729	0.199476730513	0.314041708511	0.19837316248	0.338254547086	0.311858430081	0.280617460783	0.290084735326	0.336016847549	0.311184286284	0.154650118603	0.340683921242	0.208784272952	0.34705944322	0.31258009873	0.311519502762
MH0431.snv.bam	0.126495057087	0.222930101762	0.279676166596	0.272450988163	0.22929158861	0.186964955866	0.231780493321	0.194541453013	0.282715664902	0.222134052846	0.249513618181	0.21133501923	0.191616161616	0.278232533317	0.227000684895	0.21518730482	0.181639608444	0.231302291799	0.286987033674	0.203054322109	0.277731765026	0.260533532851	0.299502142278	0.20360734299	0.0	0.240049293638	0.0851720132997	0.248796914087	0.243301760314	0.233881146786	0.252417167917	0.187939681052	0.194150729677	0.249932074234	0.209631455078	0.266913941232	0.249429774229	0.286596312328	0.243894336138	0.2899511447	0.29593389036	0.224716914888	0.276833348278	0.223040033785	0.277992554666	0.237604602168	0.232829683184
MH0436.snv.bam	0.191196604638	0.173472168792	0.278972175862	0.316741201541	0.288845271326	0.137281683137	0.309640962544	0.243316592946	0.258097658738	0.153169322033	0.268794162332	0.28244346943	0.1609985562	0.320634250847	0.168980005966	0.167157262066	0.140411334279	0.251832002397	0.269155813718	0.170826756668	0.321273676389	0.281486782358	0.287314383564	0.1881342316	0.240049293638	0.0	0.185442178808	0.268656070303	0.158888289654	0.163180896543	0.265901646062	0.136886439711	0.154259291099	0.269368777048	0.168851014218	0.312589427504	0.267571039303	0.265498657909	0.286411802609	0.325943676322	0.283168984131	0.15720065893	0.330855130883	0.156150100534	0.320546104792	0.31438220274	0.310176432026
MH0438.snv.bam	0.0727569580399	0.196688023146	0.300224534193	0.329460525602	0.283932126543	0.132326292202	0.28713703469	0.231963125724	0.25571587689	0.183148850751	0.29839745967	0.283159984609	0.137322514539	0.33848897312	0.178887917571	0.188653003958	0.126100357259	0.275824334388	0.260749464034	0.153803326004	0.337356371884	0.272722643172	0.30239739807	0.142818993404	0.0851720132997	0.185442178808	0.0	0.297588244277	0.194300694893	0.190090519572	0.249111101796	0.125483259256	0.142660558975	0.29943055881	0.183881370853	0.328704360128	0.297686741898	0.260235491165	0.281048132297	0.338546167707	0.298781324841	0.181053217028	0.331333950723	0.191314357754	0.338024123278	0.292108798109	0.287632196885
MH0442.snv.bam	0.277669216291	0.262683754478	0.06331948189	0.0730368842247	0.217172042478	0.261232125804	0.245837474427	0.229355061721	0.237729030264	0.252358738892	0.00136715620108	0.186994230919	0.279182393961	0.0818973566785	0.271428665353	0.256870048409	0.256359610332	0.0224633722077	0.246556001312	0.2888910442	0.0826272906442	0.207114410267	0.082131968264	0.312647886657	0.248796914087	0.268656070303	0.297588244277	0.0	0.283055413029	0.282702418566	0.269116065589	0.261497095172	0.271278076167	0.00592772670467	0.264752439758	0.072178227045	0.00362525335663	0.245658322393	0.220261645158	0.214061681749	0.0796523165422	0.276189609334	0.264526025604	0.268854054932	0.0820045562542	0.248488953386	0.246532832262
MMRS34569532ST-27-0-0.snv.bam	0.199176701332	0.193083573487	0.284537866858	0.325489457831	0.262606583299	0.156964015769	0.288927187776	0.240407076959	0.251870366592	0.158131961375	0.282749277845	0.249496047772	0.166771159875	0.329034675177	0.17767422595	0.173348332389	0.15514887783	0.262776000948	0.263811386431	0.17962971208	0.330165081613	0.256633742066	0.295766947204	0.202713859833	0.243301760314	0.158888289654	0.194300694893	0.283055413029	0.0	0.189038964144	0.26243094478	0.16033971145	0.165845291753	0.28352926518	0.188751777957	0.321498510004	0.281726218407	0.256551036164	0.248955128154	0.265535518024	0.291847308096	0.182903260312	0.333668095468	0.176648823696	0.329139289305	0.28853560618	0.287409178133
MMRS57276462ST-27-0-0.snv.bam	0.213738731337	0.20377432902	0.28120359004	0.304203368277	0.291133381046	0.184611322463	0.303274817848	0.227834961268	0.262332132646	0.198092211821	0.282254605845	0.27563716132	0.192267946415	0.311431368876	0.173263423947	0.19298933287	0.174184583333	0.262701913095	0.269119951518	0.204537539992	0.311436777722	0.278025899439	0.280311301439	0.163703813887	0.233881146786	0.163180896543	0.190090519572	0.282702418566	0.189038964144	0.0	0.253571259167	0.1460234715	0.194072189772	0.280162402625	0.193245496286	0.293386074462	0.27888527623	0.264664696671	0.271543167867	0.317153940011	0.272963717005	0.00913027687881	0.336556560635	0.192757425824	0.31135203195	0.308779205678	0.304495476979
MMRS68910755ST-27-0-0.snv.bam	0.265799524726	0.242544802416	0.270227353362	0.292575389147	0.277004271972	0.252224596673	0.288686650827	0.255272039845	0.0655865382178	0.250156504781	0.268254097572	0.225633609168	0.264398737124	0.303040152889	0.22282757733	0.23904038357	0.242644096648	0.263624001047	0.0565454974399	0.269412422433	0.304554027828	0.225327529427	0.298027097365	0.280861243728	0.252417167917	0.265901646062	0.249111101796	0.269116065589	0.26243094478	0.253571259167	0.0	0.235167902822	0.259481336352	0.265960464542	0.232334577985	0.290662210568	0.266487415654	0.0698338688234	0.258253106456	0.280121177682	0.295350460019	0.244036168264	0.278532534513	0.2428794057	0.303406287343	0.291905405872	0.290424652131
MMRS77487595ST-27-0-0.snv.bam	0.165985003408	0.187045942904	0.259805607671	0.279697204969	0.273510246817	0.143904169808	0.279689213711	0.216889680757	0.232215447154	0.177271953196	0.261568196352	0.256914344685	0.14375	0.288455534258	0.117901234568	0.180959055386	0.132348061461	0.243681929182	0.241343688002	0.157727507983	0.289341294001	0.251872119816	0.253481685986	0.136635624729	0.187939681052	0.136886439711	0.125483259256	0.261497095172	0.16033971145	0.1460234715	0.235167902822	0.0	0.143222801586	0.258966653127	0.15269804822	0.274522292994	0.257578086566	0.237559917827	0.250191629829	0.305820550331	0.248008768725	0.136984822979	0.301989977199	0.149123743336	0.288518963722	0.285300950127	0.280534317445
NG-5636_225.snv.bam	0.165751788893	0.190076419432	0.275926793678	0.315317085954	0.271236221996	0.0530951086333	0.292681489119	0.241865170585	0.264792541169	0.173106273056	0.271174545324	0.263758730683	0.000423566704924	0.319415065464	0.175562933814	0.155686397366	0.04385988619	0.256713272017	0.272606089936	0.00442675875846	0.319925662494	0.253844601858	0.290137193511	0.199476730513	0.194150729677	0.154259291099	0.142660558975	0.271278076167	0.165845291753	0.194072189772	0.259481336352	0.143222801586	0.0	0.271784905013	0.176161776158	0.310824844369	0.266930555584	0.264990192622	0.269171555708	0.319124652454	0.289684869313	0.185082753061	0.345384725426	0.190152131138	0.319524077783	0.295217160872	0.290585381859
NG-5636_446.snv.bam	0.278269919079	0.263001405942	0.0686066921427	0.0766549739162	0.222150273525	0.264037850831	0.244758103994	0.229081470654	0.236600287705	0.249378642191	0.00519450353785	0.185684839685	0.279993710447	0.0867917025856	0.270697132064	0.255299139858	0.25725617191	0.0195190563637	0.24715296345	0.290183253719	0.0886665572694	0.211395327362	0.087464143165	0.314041708511	0.249932074234	0.269368777048	0.29943055881	0.00592772670467	0.28352926518	0.280162402625	0.265960464542	0.258966653127	0.271784905013	0.0	0.261251079738	0.0761427397046	0.00815015056452	0.245450825266	0.223005746376	0.213368560155	0.0850358228398	0.273296221465	0.261887992281	0.269206999314	0.0877383528806	0.24889985449	0.247095711388
NG-5636_458.snv.bam	0.176910320194	0.0817053011956	0.271705840456	0.312310606061	0.249482551253	0.160911267855	0.272676428188	0.220864617738	0.220276251526	0.0883148171587	0.263705817347	0.238480904795	0.18339587242	0.31610338809	0.159777571826	0.072157856198	0.150709461499	0.249464345298	0.233715415989	0.195509778223	0.317359262509	0.254796893358	0.28800492048	0.19837316248	0.209631455078	0.168851014218	0.183881370853	0.264752439758	0.188751777957	0.193245496286	0.232334577985	0.15269804822	0.176161776158	0.261251079738	0.0	0.301385570951	0.260749253891	0.232274247492	0.253569729623	0.298776439465	0.284886877828	0.186823688827	0.291831680156	0.07604484271	0.316511976806	0.27607838311	0.271598604958
NG-5636_483.snv.bam	0.335385704176	0.306172839506	0.0634044699262	0.000196540880503	0.210239611199	0.294816470557	0.235210129419	0.214541919762	0.256434599156	0.297601928032	0.0713642525697	0.176549145299	0.318831168831	0.000178345959471	0.293548387097	0.301102363203	0.287840482022	0.0896819117943	0.277133267455	0.328501627572	0.00173388360631	0.242270355483	0.0379213369071	0.338254547086	0.266913941232	0.312589427504	0.328704360128	0.072178227045	0.321498510004	0.293386074462	0.290662210568	0.274522292994	0.310824844369	0.0761427397046	0.301385570951	0.0	0.0745172595642	0.275249287749	0.202135312287	0.188651449905	0.0380708805261	0.286116325751	0.278385028513	0.294079088213	0.00105553277156	0.238778522029	0.237805736711
NG-5636_487.snv.bam	0.276664736917	0.261949174641	0.0637297313897	0.0757359277909	0.216721675053	0.259767603762	0.244739063616	0.225843643471	0.235264510232	0.250960191344	0.00350838472291	0.182465721105	0.274970342552	0.0842575350977	0.266749195435	0.256134105192	0.253007758438	0.0241932664502	0.244920855479	0.285259450962	0.0855394226258	0.209219906258	0.084495474174	0.311858430081	0.249429774229	0.267571039303	0.297686741898	0.00362525335663	0.281726218407	0.27888527623	0.266487415654	0.257578086566	0.266930555584	0.00815015056452	0.260749253891	0.0745172595642	0.0	0.24321333509	0.217236231532	0.212698501189	0.0823713463088	0.272254039251	0.264198112376	0.268137346143	0.0847140893435	0.248073678405	0.246231793751
NG-5636_526.snv.bam	0.283240486365	0.242141814262	0.249103575583	0.274342562558	0.271336375816	0.252011620237	0.294802558008	0.225622310784	0.0300219996966	0.237150870151	0.245348013012	0.2074998075	0.266841491841	0.285811754564	0.234777084777	0.244834138249	0.242082093914	0.263384223571	0.0154756671475	0.274617347668	0.287221523466	0.228556404533	0.257660739081	0.280617460783	0.286596312328	0.265498657909	0.260235491165	0.245658322393	0.256551036164	0.264664696671	0.0698338688234	0.237559917827	0.264990192622	0.245450825266	0.232274247492	0.275249287749	0.24321333509	0.0	0.228790993903	0.274058978953	0.255772638064	0.255225104669	0.272986578141	0.248738887066	0.285970859967	0.297394395036	0.295871415765
O2.UC4-1.snv.bam	0.290073083799	0.274767366544	0.229208628552	0.20287675489	0.243509299097	0.244523086166	0.263715629968	0.0570723032273	0.232257146141	0.2579472405	0.220582041277	0.0696316063549	0.273872314841	0.206025824275	0.2417934342	0.263421772934	0.233890237151	0.207914597934	0.241359537995	0.28391680523	0.206930573156	0.260613815666	0.212539765294	0.290084735326	0.243894336138	0.286411802609	0.281048132297	0.220261645158	0.248955128154	0.271543167867	0.258253106456	0.250191629829	0.269171555708	0.223005746376	0.253569729623	0.202135312287	0.217236231532	0.228790993903	0.0	0.188802921166	0.211324862229	0.265035790797	0.245155574875	0.269693222693	0.206081117673	0.26348382192	0.260962303404
O2.UC40-1.snv.bam	0.345567583421	0.314379085599	0.210631421572	0.195952283146	0.239579680561	0.295053486139	0.237085769125	0.235908702562	0.257759836305	0.305241964641	0.213472211183	0.138987778534	0.327685040384	0.202016220584	0.303675752137	0.304372217691	0.288509339386	0.209853759966	0.275730202893	0.329397185067	0.203335478232	0.228598097348	0.225475994269	0.336016847549	0.2899511447	0.325943676322	0.338546167707	0.214061681749	0.265535518024	0.317153940011	0.280121177682	0.305820550331	0.319124652454	0.213368560155	0.298776439465	0.188651449905	0.212698501189	0.274058978953	0.188802921166	0.0	0.22390175202	0.310219433552	0.270338308774	0.320621469863	0.202148439869	0.237208173415	0.235250531323
SAMEA3136684.snv.bam	0.311432818195	0.282707299787	0.0681062510474	0.0407494519547	0.242264387671	0.272054870882	0.267055382765	0.223567957097	0.237732994432	0.262778693937	0.0799210317423	0.207365273153	0.297021593448	0.0435675714073	0.273769885313	0.277582128386	0.267752679132	0.0976732828548	0.257319845672	0.30751009296	0.0446403669213	0.236290240225	0.00209438761237	0.311184286284	0.29593389036	0.283168984131	0.298781324841	0.0796523165422	0.291847308096	0.272963717005	0.295350460019	0.248008768725	0.289684869313	0.0850358228398	0.284886877828	0.0380708805261	0.0823713463088	0.255772638064	0.211324862229	0.22390175202	0.0	0.266540888446	0.286190022032	0.271657976236	0.0438779602833	0.269428464857	0.268376538994
SAMEA3136697.snv.bam	0.207327002028	0.197595913985	0.274595196122	0.297203222044	0.284427275563	0.178212752933	0.293521891665	0.221360537947	0.253179600537	0.19140984529	0.275501772174	0.268610309508	0.183252102161	0.304593964877	0.166624582796	0.186515092412	0.167903717379	0.255889460237	0.259639967518	0.195411231121	0.304599358045	0.267604323962	0.273544486578	0.154650118603	0.224716914888	0.15720065893	0.181053217028	0.276189609334	0.182903260312	0.00913027687881	0.244036168264	0.136984822979	0.185082753061	0.273296221465	0.186823688827	0.286116325751	0.272254039251	0.255225104669	0.265035790797	0.310219433552	0.266540888446	0.0	0.326686749088	0.186369621395	0.304525136462	0.2993647246	0.295010938256
T2D-33A.snv.bam	0.330172914589	0.313426549574	0.259890476132	0.275895031361	0.232147468202	0.317365357131	0.214631655945	0.24214752034	0.268235403333	0.319286267576	0.264025807589	0.205582922135	0.351081944073	0.275906509463	0.329741450573	0.312206711142	0.310845678337	0.265075121254	0.274153514691	0.351823208292	0.27658191753	0.295845502327	0.288683911587	0.340683921242	0.276833348278	0.330855130883	0.331333950723	0.264526025604	0.333668095468	0.336556560635	0.278532534513	0.301989977199	0.345384725426	0.261887992281	0.291831680156	0.278385028513	0.264198112376	0.272986578141	0.245155574875	0.270338308774	0.286190022032	0.326686749088	0.0	0.313511902081	0.275924523752	0.212595480196	0.214479200137
V1.CD34-0.snv.bam	0.170960522893	0.047164574466	0.273582665149	0.299003387292	0.260099647719	0.183595246261	0.28343478935	0.237786667818	0.23150382026	0.0556253850197	0.268735975065	0.264609483227	0.2008317628	0.303432679038	0.150995869613	0.0452217899003	0.178675952155	0.260532094225	0.243464694052	0.211404931527	0.303933799356	0.275105551862	0.275574875635	0.208784272952	0.223040033785	0.156150100534	0.191314357754	0.268854054932	0.176648823696	0.192757425824	0.2428794057	0.149123743336	0.190152131138	0.269206999314	0.07604484271	0.294079088213	0.268137346143	0.248738887066	0.269693222693	0.320621469863	0.271657976236	0.186369621395	0.313511902081	0.0	0.303427793166	0.286087703054	0.281877011442
V1.CD51-0.snv.bam	0.342974048213	0.314745349911	0.0664479291747	0.000866945636498	0.216891963286	0.301165321998	0.245648175841	0.217838204666	0.269973725378	0.307677833694	0.0820627526122	0.192805253696	0.328017624689	0.00109336973543	0.309731739005	0.310663615419	0.297277189275	0.106230656631	0.28728569521	0.335458158808	0.00217395679431	0.247935460362	0.0416976180126	0.34705944322	0.277992554666	0.320546104792	0.338024123278	0.0820045562542	0.329139289305	0.31135203195	0.303406287343	0.288518963722	0.319524077783	0.0877383528806	0.316511976806	0.00105553277156	0.0847140893435	0.285970859967	0.206081117673	0.202148439869	0.0438779602833	0.304525136462	0.275924523752	0.303427793166	0.0	0.248848543613	0.247099741301
V1.UC10-2.snv.bam	0.306750670419	0.27985589427	0.231607724428	0.247748139045	0.049897043119	0.278219375144	0.00140415483404	0.26424538557	0.287884110759	0.280625089603	0.248792437668	0.207499313635	0.309398445194	0.248915723868	0.29831856445	0.274438955616	0.273372282683	0.255311541164	0.298185243552	0.311671330187	0.249334226854	0.257320232941	0.273136500978	0.31258009873	0.237604602168	0.31438220274	0.292108798109	0.248488953386	0.28853560618	0.308779205678	0.291905405872	0.285300950127	0.295217160872	0.24889985449	0.27607838311	0.238778522029	0.248073678405	0.297394395036	0.26348382192	0.237208173415	0.269428464857	0.2993647246	0.212595480196	0.286087703054	0.248848543613	0.0	0.00276445146626
V1.UC5-3.snv.bam	0.302329582166	0.275567331294	0.229461319204	0.245864956245	0.0521123180471	0.273640520695	0.00355819691091	0.261605978448	0.286140823061	0.275826427121	0.246939720335	0.204976357385	0.304728374251	0.247302579224	0.293669758723	0.270028279492	0.268741407193	0.253370699335	0.296611323207	0.3073989276	0.247676599532	0.255952196952	0.271571623447	0.311519502762	0.232829683184	0.310176432026	0.287632196885	0.246532832262	0.287409178133	0.304495476979	0.290424652131	0.280534317445	0.290585381859	0.247095711388	0.271598604958	0.237805736711	0.246231793751	0.295871415765	0.260962303404	0.235250531323	0.268376538994	0.295010938256	0.214479200137	0.281877011442	0.247099741301	0.00276445146626	0.0
