	159571453-stool2.snv.bam	706846339-stool1.snv.bam	764083206-stool1.snv.bam	764588959-stool2.snv.bam	CCIS07648107ST-4-0.snv.bam	CCIS22416007ST-4-0.snv.bam	CCIS36797902ST-4-0.snv.bam	CCIS38765456ST-20-0.snv.bam	CCIS62794166ST-4-0.snv.bam	CCIS74726977ST-3-0.snv.bam	CCIS87116798ST-4-0.snv.bam	CCIS90166425ST-4-0.snv.bam	CCIS94417875ST-3-0.snv.bam	CCMD51864103ST-21-0.snv.bam	CCMD87156761ST-21-0.snv.bam	MH0187.snv.bam	MH0280.snv.bam	MH0302.snv.bam	MH0316.snv.bam	MH0318.snv.bam	MH0329.snv.bam	MH0368.snv.bam	MH0397.snv.bam	MH0425.snv.bam	MH0431.snv.bam	MH0436.snv.bam	MH0438.snv.bam	MH0442.snv.bam	MMRS34569532ST-27-0-0.snv.bam	MMRS57276462ST-27-0-0.snv.bam	MMRS68910755ST-27-0-0.snv.bam	MMRS77487595ST-27-0-0.snv.bam	NG-5636_225.snv.bam	NG-5636_446.snv.bam	NG-5636_458.snv.bam	NG-5636_483.snv.bam	NG-5636_487.snv.bam	NG-5636_526.snv.bam	O2.UC4-1.snv.bam	O2.UC40-1.snv.bam	SAMEA3136684.snv.bam	SAMEA3136697.snv.bam	T2D-33A.snv.bam	V1.CD34-0.snv.bam	V1.CD51-0.snv.bam	V1.UC10-2.snv.bam	V1.UC5-3.snv.bam
159571453-stool2.snv.bam	0.0	0.170028818444	0.262247838617	0.311239193084	0.276657060519	0.152737752161	0.28818443804	0.227665706052	0.242074927954	0.14121037464	0.268011527378	0.268011527378	0.149855907781	0.331412103746	0.158501440922	0.164265129683	0.149855907781	0.236311239193	0.262247838617	0.175792507205	0.331412103746	0.244956772334	0.302593659942	0.172910662824	0.121037463977	0.184438040346	0.0691642651297	0.268011527378	0.193083573487	0.204610951009	0.256484149856	0.155619596542	0.152737752161	0.265129682997	0.170028818444	0.302593659942	0.268011527378	0.273775216138	0.279538904899	0.334293948127	0.28818443804	0.198847262248	0.317002881844	0.164265129683	0.331412103746	0.296829971182	0.291066282421
706846339-stool1.snv.bam	0.170028818444	0.0	0.259365994236	0.296829971182	0.253602305476	0.187319884726	0.273775216138	0.239193083573	0.224783861671	0.0461095100865	0.262247838617	0.250720461095	0.184438040346	0.314121037464	0.172910662824	0.028818443804	0.181556195965	0.250720461095	0.236311239193	0.204610951009	0.314121037464	0.247838616715	0.28530259366	0.227665706052	0.221902017291	0.172910662824	0.195965417867	0.262247838617	0.193083573487	0.201729106628	0.242074927954	0.181556195965	0.181556195965	0.259365994236	0.0806916426513	0.28530259366	0.262247838617	0.242074927954	0.273775216138	0.314121037464	0.270893371758	0.195965417867	0.311239193084	0.0461095100865	0.314121037464	0.279538904899	0.273775216138
764083206-stool1.snv.bam	0.262247838617	0.259365994236	0.0	0.0605187319885	0.198847262248	0.256484149856	0.219020172911	0.227665706052	0.21613832853	0.236311239193	0.0605187319885	0.181556195965	0.262247838617	0.0634005763689	0.256484149856	0.244956772334	0.250720461095	0.0749279538905	0.242074927954	0.28530259366	0.0634005763689	0.210374639769	0.0634005763689	0.308357348703	0.270893371758	0.270893371758	0.291066282421	0.0605187319885	0.276657060519	0.270893371758	0.262247838617	0.244956772334	0.256484149856	0.0662824207493	0.262247838617	0.0576368876081	0.0605187319885	0.242074927954	0.221902017291	0.204610951009	0.0634005763689	0.265129682997	0.250720461095	0.265129682997	0.0634005763689	0.224783861671	0.221902017291
764588959-stool2.snv.bam	0.311239193084	0.296829971182	0.0605187319885	0.0	0.204610951009	0.28242074928	0.230547550432	0.198847262248	0.239193083573	0.273775216138	0.0691642651297	0.172910662824	0.293948126801	0.0	0.276657060519	0.28242074928	0.276657060519	0.0893371757925	0.262247838617	0.317002881844	0.0	0.21325648415	0.0374639769452	0.319884726225	0.259365994236	0.302593659942	0.314121037464	0.0691642651297	0.311239193084	0.28818443804	0.279538904899	0.259365994236	0.28818443804	0.0720461095101	0.296829971182	0.0	0.0691642651297	0.262247838617	0.193083573487	0.187319884726	0.0374639769452	0.28242074928	0.262247838617	0.28530259366	0.0	0.236311239193	0.233429394813
CCIS07648107ST-4-0.snv.bam	0.276657060519	0.253602305476	0.198847262248	0.204610951009	0.0	0.244956772334	0.0489913544669	0.239193083573	0.250720461095	0.239193083573	0.21613832853	0.201729106628	0.270893371758	0.21613832853	0.268011527378	0.239193083573	0.239193083573	0.236311239193	0.270893371758	0.291066282421	0.21613832853	0.239193083573	0.239193083573	0.296829971182	0.227665706052	0.28818443804	0.28242074928	0.21613832853	0.262247838617	0.28818443804	0.276657060519	0.265129682997	0.259365994236	0.21613832853	0.247838616715	0.195965417867	0.21613832853	0.270893371758	0.242074927954	0.239193083573	0.230547550432	0.28242074928	0.230547550432	0.259365994236	0.21613832853	0.0489913544669	0.0489913544669
CCIS22416007ST-4-0.snv.bam	0.152737752161	0.187319884726	0.256484149856	0.28242074928	0.244956772334	0.0	0.270893371758	0.21325648415	0.233429394813	0.164265129683	0.259365994236	0.233429394813	0.0489913544669	0.299711815562	0.167146974063	0.164265129683	0.00864553314121	0.239193083573	0.250720461095	0.0634005763689	0.299711815562	0.227665706052	0.270893371758	0.178674351585	0.184438040346	0.135446685879	0.129682997118	0.259365994236	0.155619596542	0.181556195965	0.250720461095	0.138328530259	0.0489913544669	0.259365994236	0.158501440922	0.273775216138	0.259365994236	0.250720461095	0.242074927954	0.293948126801	0.259365994236	0.175792507205	0.314121037464	0.181556195965	0.299711815562	0.276657060519	0.270893371758
CCIS36797902ST-4-0.snv.bam	0.28818443804	0.273775216138	0.219020172911	0.230547550432	0.0489913544669	0.270893371758	0.0	0.253602305476	0.273775216138	0.259365994236	0.242074927954	0.195965417867	0.28818443804	0.242074927954	0.276657060519	0.259365994236	0.265129682997	0.239193083573	0.291066282421	0.305475504323	0.242074927954	0.230547550432	0.265129682997	0.305475504323	0.227665706052	0.305475504323	0.28242074928	0.242074927954	0.28530259366	0.296829971182	0.28530259366	0.268011527378	0.276657060519	0.236311239193	0.268011527378	0.219020172911	0.242074927954	0.291066282421	0.259365994236	0.233429394813	0.253602305476	0.28818443804	0.210374639769	0.279538904899	0.242074927954	0.0	0.0
CCIS38765456ST-20-0.snv.bam	0.227665706052	0.239193083573	0.227665706052	0.198847262248	0.239193083573	0.21325648415	0.253602305476	0.0	0.219020172911	0.21325648415	0.224783861671	0.0979827089337	0.227665706052	0.21325648415	0.195965417867	0.219020172911	0.201729106628	0.207492795389	0.233429394813	0.253602305476	0.21325648415	0.224783861671	0.219020172911	0.247838616715	0.190201729107	0.239193083573	0.227665706052	0.224783861671	0.236311239193	0.221902017291	0.250720461095	0.207492795389	0.227665706052	0.221902017291	0.21613832853	0.195965417867	0.221902017291	0.221902017291	0.0547550432277	0.230547550432	0.210374639769	0.21613832853	0.236311239193	0.233429394813	0.21325648415	0.259365994236	0.256484149856
CCIS62794166ST-4-0.snv.bam	0.242074927954	0.224783861671	0.21613832853	0.239193083573	0.250720461095	0.233429394813	0.273775216138	0.219020172911	0.0	0.219020172911	0.230547550432	0.195965417867	0.247838616715	0.262247838617	0.198847262248	0.219020172911	0.221902017291	0.233429394813	0.014409221902	0.268011527378	0.262247838617	0.204610951009	0.233429394813	0.265129682997	0.273775216138	0.250720461095	0.247838616715	0.230547550432	0.244956772334	0.253602305476	0.0634005763689	0.219020172911	0.247838616715	0.224783861671	0.21325648415	0.233429394813	0.227665706052	0.028818443804	0.224783861671	0.250720461095	0.221902017291	0.244956772334	0.259365994236	0.224783861671	0.262247838617	0.279538904899	0.276657060519
CCIS74726977ST-3-0.snv.bam	0.14121037464	0.0461095100865	0.236311239193	0.273775216138	0.239193083573	0.164265129683	0.259365994236	0.21325648415	0.219020172911	0.0	0.236311239193	0.224783861671	0.158501440922	0.291066282421	0.164265129683	0.0345821325648	0.158501440922	0.224783861671	0.230547550432	0.181556195965	0.291066282421	0.224783861671	0.253602305476	0.21325648415	0.204610951009	0.14121037464	0.167146974063	0.236311239193	0.146974063401	0.181556195965	0.236311239193	0.158501440922	0.152737752161	0.230547550432	0.0778097982709	0.262247838617	0.236311239193	0.224783861671	0.242074927954	0.28818443804	0.239193083573	0.175792507205	0.299711815562	0.0461095100865	0.291066282421	0.265129682997	0.259365994236
CCIS87116798ST-4-0.snv.bam	0.268011527378	0.262247838617	0.0605187319885	0.0691642651297	0.21613832853	0.259365994236	0.242074927954	0.224783861671	0.230547550432	0.236311239193	0.0	0.178674351585	0.265129682997	0.0806916426513	0.259365994236	0.247838616715	0.253602305476	0.0201729106628	0.244956772334	0.28818443804	0.0806916426513	0.190201729107	0.0806916426513	0.311239193084	0.247838616715	0.268011527378	0.296829971182	0.0	0.28242074928	0.279538904899	0.268011527378	0.253602305476	0.259365994236	0.0028818443804	0.262247838617	0.0662824207493	0.0	0.244956772334	0.219020172911	0.21325648415	0.0749279538905	0.273775216138	0.262247838617	0.268011527378	0.0806916426513	0.247838616715	0.244956772334
CCIS90166425ST-4-0.snv.bam	0.268011527378	0.250720461095	0.181556195965	0.172910662824	0.201729106628	0.233429394813	0.195965417867	0.0979827089337	0.195965417867	0.224783861671	0.178674351585	0.0	0.247838616715	0.184438040346	0.244956772334	0.236311239193	0.221902017291	0.164265129683	0.210374639769	0.268011527378	0.184438040346	0.210374639769	0.201729106628	0.28530259366	0.201729106628	0.270893371758	0.270893371758	0.178674351585	0.239193083573	0.262247838617	0.21613832853	0.239193083573	0.242074927954	0.175792507205	0.227665706052	0.158501440922	0.175792507205	0.198847262248	0.0662824207493	0.132564841499	0.190201729107	0.256484149856	0.195965417867	0.253602305476	0.184438040346	0.198847262248	0.195965417867
CCIS94417875ST-3-0.snv.bam	0.149855907781	0.184438040346	0.262247838617	0.293948126801	0.270893371758	0.0489913544669	0.28818443804	0.227665706052	0.247838616715	0.158501440922	0.265129682997	0.247838616715	0.0	0.311239193084	0.172910662824	0.146974063401	0.0403458213256	0.242074927954	0.259365994236	0.0028818443804	0.311239193084	0.224783861671	0.28242074928	0.190201729107	0.181556195965	0.152737752161	0.129682997118	0.265129682997	0.158501440922	0.181556195965	0.250720461095	0.132564841499	0.0	0.262247838617	0.172910662824	0.28242074928	0.262247838617	0.253602305476	0.259365994236	0.311239193084	0.270893371758	0.172910662824	0.331412103746	0.190201729107	0.311239193084	0.293948126801	0.28818443804
CCMD51864103ST-21-0.snv.bam	0.331412103746	0.314121037464	0.0634005763689	0.0	0.21613832853	0.299711815562	0.242074927954	0.21325648415	0.262247838617	0.291066282421	0.0806916426513	0.184438040346	0.311239193084	0.0	0.296829971182	0.299711815562	0.293948126801	0.100864553314	0.28530259366	0.334293948127	0.0	0.227665706052	0.0403458213256	0.345821325648	0.276657060519	0.319884726225	0.337175792507	0.0806916426513	0.328530259366	0.308357348703	0.302593659942	0.279538904899	0.305475504323	0.0835734870317	0.314121037464	0.0	0.0806916426513	0.28530259366	0.204610951009	0.201729106628	0.0403458213256	0.302593659942	0.273775216138	0.302593659942	0.0	0.247838616715	0.244956772334
CCMD87156761ST-21-0.snv.bam	0.158501440922	0.172910662824	0.256484149856	0.276657060519	0.268011527378	0.167146974063	0.276657060519	0.195965417867	0.198847262248	0.164265129683	0.259365994236	0.244956772334	0.172910662824	0.296829971182	0.0	0.164265129683	0.158501440922	0.239193083573	0.21613832853	0.190201729107	0.296829971182	0.21325648415	0.262247838617	0.190201729107	0.21613832853	0.161383285303	0.170028818444	0.259365994236	0.170028818444	0.164265129683	0.21325648415	0.109510086455	0.161383285303	0.253602305476	0.152737752161	0.262247838617	0.256484149856	0.224783861671	0.230547550432	0.291066282421	0.250720461095	0.158501440922	0.314121037464	0.14409221902	0.296829971182	0.28530259366	0.279538904899
MH0187.snv.bam	0.164265129683	0.028818443804	0.244956772334	0.28242074928	0.239193083573	0.164265129683	0.259365994236	0.219020172911	0.219020172911	0.0345821325648	0.247838616715	0.236311239193	0.146974063401	0.299711815562	0.164265129683	0.0	0.158501440922	0.236311239193	0.230547550432	0.164265129683	0.299711815562	0.230547550432	0.270893371758	0.210374639769	0.207492795389	0.161383285303	0.181556195965	0.247838616715	0.167146974063	0.184438040346	0.230547550432	0.170028818444	0.14409221902	0.242074927954	0.0691642651297	0.270893371758	0.247838616715	0.236311239193	0.253602305476	0.293948126801	0.256484149856	0.178674351585	0.299711815562	0.0432276657061	0.299711815562	0.265129682997	0.259365994236
MH0280.snv.bam	0.149855907781	0.181556195965	0.250720461095	0.276657060519	0.239193083573	0.00864553314121	0.265129682997	0.201729106628	0.221902017291	0.158501440922	0.253602305476	0.221902017291	0.0403458213256	0.293948126801	0.158501440922	0.158501440922	0.0	0.230547550432	0.239193083573	0.0547550432277	0.293948126801	0.221902017291	0.265129682997	0.172910662824	0.178674351585	0.138328530259	0.123919308357	0.253602305476	0.152737752161	0.170028818444	0.239193083573	0.126801152738	0.0403458213256	0.250720461095	0.146974063401	0.265129682997	0.250720461095	0.239193083573	0.230547550432	0.28530259366	0.253602305476	0.164265129683	0.305475504323	0.175792507205	0.293948126801	0.270893371758	0.265129682997
MH0302.snv.bam	0.236311239193	0.250720461095	0.0749279538905	0.0893371757925	0.236311239193	0.239193083573	0.239193083573	0.207492795389	0.233429394813	0.224783861671	0.0201729106628	0.164265129683	0.242074927954	0.100864553314	0.239193083573	0.236311239193	0.230547550432	0.0	0.253602305476	0.265129682997	0.100864553314	0.195965417867	0.100864553314	0.28530259366	0.221902017291	0.242074927954	0.265129682997	0.0201729106628	0.253602305476	0.250720461095	0.253602305476	0.227665706052	0.236311239193	0.0172910662824	0.239193083573	0.0806916426513	0.0201729106628	0.253602305476	0.198847262248	0.201729106628	0.0893371757925	0.244956772334	0.253602305476	0.250720461095	0.100864553314	0.244956772334	0.242074927954
MH0316.snv.bam	0.262247838617	0.236311239193	0.242074927954	0.262247838617	0.270893371758	0.250720461095	0.291066282421	0.233429394813	0.014409221902	0.230547550432	0.244956772334	0.210374639769	0.259365994236	0.28530259366	0.21613832853	0.230547550432	0.239193083573	0.253602305476	0.0	0.279538904899	0.28530259366	0.21613832853	0.256484149856	0.28242074928	0.28530259366	0.268011527378	0.259365994236	0.244956772334	0.262247838617	0.265129682997	0.0547550432277	0.233429394813	0.259365994236	0.242074927954	0.230547550432	0.256484149856	0.242074927954	0.014409221902	0.239193083573	0.273775216138	0.244956772334	0.256484149856	0.270893371758	0.242074927954	0.28530259366	0.296829971182	0.293948126801
MH0318.snv.bam	0.175792507205	0.204610951009	0.28530259366	0.317002881844	0.291066282421	0.0634005763689	0.305475504323	0.253602305476	0.268011527378	0.181556195965	0.28818443804	0.268011527378	0.0028818443804	0.334293948127	0.190201729107	0.164265129683	0.0547550432277	0.265129682997	0.279538904899	0.0	0.334293948127	0.242074927954	0.305475504323	0.21325648415	0.201729106628	0.170028818444	0.152737752161	0.28818443804	0.178674351585	0.201729106628	0.268011527378	0.152737752161	0.0028818443804	0.28530259366	0.193083573487	0.305475504323	0.28530259366	0.273775216138	0.28242074928	0.328530259366	0.293948126801	0.193083573487	0.348703170029	0.210374639769	0.334293948127	0.311239193084	0.305475504323
MH0329.snv.bam	0.331412103746	0.314121037464	0.0634005763689	0.0	0.21613832853	0.299711815562	0.242074927954	0.21325648415	0.262247838617	0.291066282421	0.0806916426513	0.184438040346	0.311239193084	0.0	0.296829971182	0.299711815562	0.293948126801	0.100864553314	0.28530259366	0.334293948127	0.0	0.227665706052	0.0403458213256	0.345821325648	0.276657060519	0.319884726225	0.337175792507	0.0806916426513	0.328530259366	0.308357348703	0.302593659942	0.279538904899	0.305475504323	0.0835734870317	0.314121037464	0.0	0.0806916426513	0.28530259366	0.204610951009	0.201729106628	0.0403458213256	0.302593659942	0.273775216138	0.302593659942	0.0	0.247838616715	0.244956772334
MH0368.snv.bam	0.244956772334	0.247838616715	0.210374639769	0.21325648415	0.239193083573	0.227665706052	0.230547550432	0.224783861671	0.204610951009	0.224783861671	0.190201729107	0.210374639769	0.224783861671	0.227665706052	0.21325648415	0.230547550432	0.221902017291	0.195965417867	0.21613832853	0.242074927954	0.227665706052	0.0	0.219020172911	0.268011527378	0.239193083573	0.259365994236	0.250720461095	0.190201729107	0.236311239193	0.253602305476	0.207492795389	0.224783861671	0.224783861671	0.190201729107	0.233429394813	0.207492795389	0.190201729107	0.210374639769	0.239193083573	0.210374639769	0.207492795389	0.244956772334	0.270893371758	0.253602305476	0.227665706052	0.236311239193	0.233429394813
MH0397.snv.bam	0.302593659942	0.28530259366	0.0634005763689	0.0374639769452	0.239193083573	0.270893371758	0.265129682997	0.219020172911	0.233429394813	0.253602305476	0.0806916426513	0.201729106628	0.28242074928	0.0403458213256	0.262247838617	0.270893371758	0.265129682997	0.100864553314	0.256484149856	0.305475504323	0.0403458213256	0.219020172911	0.0	0.314121037464	0.296829971182	0.28530259366	0.299711815562	0.0806916426513	0.293948126801	0.276657060519	0.296829971182	0.244956772334	0.276657060519	0.0835734870317	0.28530259366	0.0345821325648	0.0806916426513	0.256484149856	0.210374639769	0.224783861671	0.0	0.270893371758	0.28530259366	0.273775216138	0.0403458213256	0.270893371758	0.268011527378
MH0425.snv.bam	0.172910662824	0.227665706052	0.308357348703	0.319884726225	0.296829971182	0.178674351585	0.305475504323	0.247838616715	0.265129682997	0.21325648415	0.311239193084	0.28530259366	0.190201729107	0.345821325648	0.190201729107	0.210374639769	0.172910662824	0.28530259366	0.28242074928	0.21325648415	0.345821325648	0.268011527378	0.314121037464	0.0	0.201729106628	0.187319884726	0.14121037464	0.311239193084	0.201729106628	0.161383285303	0.279538904899	0.132564841499	0.190201729107	0.308357348703	0.195965417867	0.314121037464	0.311239193084	0.279538904899	0.28818443804	0.334293948127	0.296829971182	0.152737752161	0.337175792507	0.207492795389	0.345821325648	0.311239193084	0.308357348703
MH0431.snv.bam	0.121037463977	0.221902017291	0.270893371758	0.259365994236	0.227665706052	0.184438040346	0.227665706052	0.190201729107	0.273775216138	0.204610951009	0.247838616715	0.201729106628	0.181556195965	0.276657060519	0.21613832853	0.207492795389	0.178674351585	0.221902017291	0.28530259366	0.201729106628	0.276657060519	0.239193083573	0.296829971182	0.201729106628	0.0	0.239193083573	0.0835734870317	0.247838616715	0.242074927954	0.230547550432	0.250720461095	0.181556195965	0.184438040346	0.244956772334	0.207492795389	0.247838616715	0.247838616715	0.28530259366	0.242074927954	0.28818443804	0.28242074928	0.221902017291	0.273775216138	0.221902017291	0.276657060519	0.236311239193	0.230547550432
MH0436.snv.bam	0.184438040346	0.172910662824	0.270893371758	0.302593659942	0.28818443804	0.135446685879	0.305475504323	0.239193083573	0.250720461095	0.14121037464	0.268011527378	0.270893371758	0.152737752161	0.319884726225	0.161383285303	0.161383285303	0.138328530259	0.242074927954	0.268011527378	0.170028818444	0.319884726225	0.259365994236	0.28530259366	0.187319884726	0.239193083573	0.0	0.184438040346	0.268011527378	0.158501440922	0.161383285303	0.265129682997	0.132564841499	0.146974063401	0.265129682997	0.167146974063	0.291066282421	0.268011527378	0.265129682997	0.28530259366	0.325648414986	0.270893371758	0.155619596542	0.328530259366	0.155619596542	0.319884726225	0.314121037464	0.308357348703
MH0438.snv.bam	0.0691642651297	0.195965417867	0.291066282421	0.314121037464	0.28242074928	0.129682997118	0.28242074928	0.227665706052	0.247838616715	0.167146974063	0.296829971182	0.270893371758	0.129682997118	0.337175792507	0.170028818444	0.181556195965	0.123919308357	0.265129682997	0.259365994236	0.152737752161	0.337175792507	0.250720461095	0.299711815562	0.14121037464	0.0835734870317	0.184438040346	0.0	0.296829971182	0.193083573487	0.187319884726	0.247838616715	0.121037463977	0.135446685879	0.293948126801	0.181556195965	0.305475504323	0.296829971182	0.259365994236	0.279538904899	0.337175792507	0.28530259366	0.178674351585	0.328530259366	0.190201729107	0.337175792507	0.291066282421	0.28530259366
MH0442.snv.bam	0.268011527378	0.262247838617	0.0605187319885	0.0691642651297	0.21613832853	0.259365994236	0.242074927954	0.224783861671	0.230547550432	0.236311239193	0.0	0.178674351585	0.265129682997	0.0806916426513	0.259365994236	0.247838616715	0.253602305476	0.0201729106628	0.244956772334	0.28818443804	0.0806916426513	0.190201729107	0.0806916426513	0.311239193084	0.247838616715	0.268011527378	0.296829971182	0.0	0.28242074928	0.279538904899	0.268011527378	0.253602305476	0.259365994236	0.00576368876081	0.262247838617	0.0662824207493	0.0	0.244956772334	0.219020172911	0.21325648415	0.0749279538905	0.273775216138	0.262247838617	0.268011527378	0.0806916426513	0.247838616715	0.244956772334
MMRS34569532ST-27-0-0.snv.bam	0.193083573487	0.193083573487	0.276657060519	0.311239193084	0.262247838617	0.155619596542	0.28530259366	0.236311239193	0.244956772334	0.146974063401	0.28242074928	0.239193083573	0.158501440922	0.328530259366	0.170028818444	0.167146974063	0.152737752161	0.253602305476	0.262247838617	0.178674351585	0.328530259366	0.236311239193	0.293948126801	0.201729106628	0.242074927954	0.158501440922	0.193083573487	0.28242074928	0.0	0.187319884726	0.262247838617	0.155619596542	0.158501440922	0.279538904899	0.187319884726	0.299711815562	0.28242074928	0.256484149856	0.247838616715	0.265129682997	0.279538904899	0.181556195965	0.331412103746	0.175792507205	0.328530259366	0.28818443804	0.28530259366
MMRS57276462ST-27-0-0.snv.bam	0.204610951009	0.201729106628	0.270893371758	0.28818443804	0.28818443804	0.181556195965	0.296829971182	0.221902017291	0.253602305476	0.181556195965	0.279538904899	0.262247838617	0.181556195965	0.308357348703	0.164265129683	0.184438040346	0.170028818444	0.250720461095	0.265129682997	0.201729106628	0.308357348703	0.253602305476	0.276657060519	0.161383285303	0.230547550432	0.161383285303	0.187319884726	0.279538904899	0.187319884726	0.0	0.250720461095	0.14121037464	0.184438040346	0.273775216138	0.190201729107	0.270893371758	0.276657060519	0.262247838617	0.268011527378	0.314121037464	0.259365994236	0.00864553314121	0.331412103746	0.190201729107	0.308357348703	0.305475504323	0.299711815562
MMRS68910755ST-27-0-0.snv.bam	0.256484149856	0.242074927954	0.262247838617	0.279538904899	0.276657060519	0.250720461095	0.28530259366	0.250720461095	0.0634005763689	0.236311239193	0.268011527378	0.21613832853	0.250720461095	0.302593659942	0.21325648415	0.230547550432	0.239193083573	0.253602305476	0.0547550432277	0.268011527378	0.302593659942	0.207492795389	0.296829971182	0.279538904899	0.250720461095	0.265129682997	0.247838616715	0.268011527378	0.262247838617	0.250720461095	0.0	0.227665706052	0.247838616715	0.259365994236	0.230547550432	0.270893371758	0.265129682997	0.0691642651297	0.256484149856	0.279538904899	0.28242074928	0.242074927954	0.276657060519	0.242074927954	0.302593659942	0.291066282421	0.28818443804
MMRS77487595ST-27-0-0.snv.bam	0.155619596542	0.181556195965	0.244956772334	0.259365994236	0.265129682997	0.138328530259	0.268011527378	0.207492795389	0.219020172911	0.158501440922	0.253602305476	0.239193083573	0.132564841499	0.279538904899	0.109510086455	0.170028818444	0.126801152738	0.227665706052	0.233429394813	0.152737752161	0.279538904899	0.224783861671	0.244956772334	0.132564841499	0.181556195965	0.132564841499	0.121037463977	0.253602305476	0.155619596542	0.14121037464	0.227665706052	0.0	0.132564841499	0.247838616715	0.146974063401	0.247838616715	0.250720461095	0.230547550432	0.242074927954	0.296829971182	0.230547550432	0.132564841499	0.291066282421	0.14409221902	0.279538904899	0.276657060519	0.270893371758
NG-5636_225.snv.bam	0.152737752161	0.181556195965	0.256484149856	0.28818443804	0.259365994236	0.0489913544669	0.276657060519	0.227665706052	0.247838616715	0.152737752161	0.259365994236	0.242074927954	0.0	0.305475504323	0.161383285303	0.14409221902	0.0403458213256	0.236311239193	0.259365994236	0.0028818443804	0.305475504323	0.224783861671	0.276657060519	0.190201729107	0.184438040346	0.146974063401	0.135446685879	0.259365994236	0.158501440922	0.184438040346	0.247838616715	0.132564841499	0.0	0.256484149856	0.167146974063	0.276657060519	0.256484149856	0.253602305476	0.256484149856	0.305475504323	0.265129682997	0.175792507205	0.328530259366	0.181556195965	0.305475504323	0.28242074928	0.276657060519
NG-5636_446.snv.bam	0.265129682997	0.259365994236	0.0662824207493	0.0720461095101	0.21613832853	0.259365994236	0.236311239193	0.221902017291	0.224783861671	0.230547550432	0.0028818443804	0.175792507205	0.262247838617	0.0835734870317	0.253602305476	0.242074927954	0.250720461095	0.0172910662824	0.242074927954	0.28530259366	0.0835734870317	0.190201729107	0.0835734870317	0.308357348703	0.244956772334	0.265129682997	0.293948126801	0.00576368876081	0.279538904899	0.273775216138	0.259365994236	0.247838616715	0.256484149856	0.0	0.253602305476	0.0691642651297	0.00576368876081	0.242074927954	0.219020172911	0.210374639769	0.0806916426513	0.268011527378	0.256484149856	0.262247838617	0.0864553314121	0.244956772334	0.242074927954
NG-5636_458.snv.bam	0.170028818444	0.0806916426513	0.262247838617	0.296829971182	0.247838616715	0.158501440922	0.268011527378	0.21613832853	0.21325648415	0.0778097982709	0.262247838617	0.227665706052	0.172910662824	0.314121037464	0.152737752161	0.0691642651297	0.146974063401	0.239193083573	0.230547550432	0.193083573487	0.314121037464	0.233429394813	0.28530259366	0.195965417867	0.207492795389	0.167146974063	0.181556195965	0.262247838617	0.187319884726	0.190201729107	0.230547550432	0.146974063401	0.167146974063	0.253602305476	0.0	0.279538904899	0.259365994236	0.230547550432	0.250720461095	0.296829971182	0.270893371758	0.184438040346	0.28818443804	0.0749279538905	0.314121037464	0.273775216138	0.268011527378
NG-5636_483.snv.bam	0.302593659942	0.28530259366	0.0576368876081	0.0	0.195965417867	0.273775216138	0.219020172911	0.195965417867	0.233429394813	0.262247838617	0.0662824207493	0.158501440922	0.28242074928	0.0	0.262247838617	0.270893371758	0.265129682997	0.0806916426513	0.256484149856	0.305475504323	0.0	0.207492795389	0.0345821325648	0.314121037464	0.247838616715	0.291066282421	0.305475504323	0.0662824207493	0.299711815562	0.270893371758	0.270893371758	0.247838616715	0.276657060519	0.0691642651297	0.279538904899	0.0	0.0662824207493	0.256484149856	0.187319884726	0.175792507205	0.0345821325648	0.265129682997	0.259365994236	0.273775216138	0.0	0.221902017291	0.221902017291
NG-5636_487.snv.bam	0.268011527378	0.262247838617	0.0605187319885	0.0691642651297	0.21613832853	0.259365994236	0.242074927954	0.221902017291	0.227665706052	0.236311239193	0.0	0.175792507205	0.262247838617	0.0806916426513	0.256484149856	0.247838616715	0.250720461095	0.0201729106628	0.242074927954	0.28530259366	0.0806916426513	0.190201729107	0.0806916426513	0.311239193084	0.247838616715	0.268011527378	0.296829971182	0.0	0.28242074928	0.276657060519	0.265129682997	0.250720461095	0.256484149856	0.00576368876081	0.259365994236	0.0662824207493	0.0	0.242074927954	0.21613832853	0.210374639769	0.0749279538905	0.270893371758	0.262247838617	0.268011527378	0.0806916426513	0.247838616715	0.244956772334
NG-5636_526.snv.bam	0.273775216138	0.242074927954	0.242074927954	0.262247838617	0.270893371758	0.250720461095	0.291066282421	0.221902017291	0.028818443804	0.224783861671	0.244956772334	0.198847262248	0.253602305476	0.28530259366	0.224783861671	0.236311239193	0.239193083573	0.253602305476	0.014409221902	0.273775216138	0.28530259366	0.210374639769	0.256484149856	0.279538904899	0.28530259366	0.265129682997	0.259365994236	0.244956772334	0.256484149856	0.262247838617	0.0691642651297	0.230547550432	0.253602305476	0.242074927954	0.230547550432	0.256484149856	0.242074927954	0.0	0.227665706052	0.273775216138	0.244956772334	0.253602305476	0.270893371758	0.247838616715	0.28530259366	0.296829971182	0.293948126801
O2.UC4-1.snv.bam	0.279538904899	0.273775216138	0.221902017291	0.193083573487	0.242074927954	0.242074927954	0.259365994236	0.0547550432277	0.224783861671	0.242074927954	0.219020172911	0.0662824207493	0.259365994236	0.204610951009	0.230547550432	0.253602305476	0.230547550432	0.198847262248	0.239193083573	0.28242074928	0.204610951009	0.239193083573	0.210374639769	0.28818443804	0.242074927954	0.28530259366	0.279538904899	0.219020172911	0.247838616715	0.268011527378	0.256484149856	0.242074927954	0.256484149856	0.219020172911	0.250720461095	0.187319884726	0.21613832853	0.227665706052	0.0	0.187319884726	0.201729106628	0.262247838617	0.242074927954	0.268011527378	0.204610951009	0.262247838617	0.259365994236
O2.UC40-1.snv.bam	0.334293948127	0.314121037464	0.204610951009	0.187319884726	0.239193083573	0.293948126801	0.233429394813	0.230547550432	0.250720461095	0.28818443804	0.21325648415	0.132564841499	0.311239193084	0.201729106628	0.291066282421	0.293948126801	0.28530259366	0.201729106628	0.273775216138	0.328530259366	0.201729106628	0.210374639769	0.224783861671	0.334293948127	0.28818443804	0.325648414986	0.337175792507	0.21325648415	0.265129682997	0.314121037464	0.279538904899	0.296829971182	0.305475504323	0.210374639769	0.296829971182	0.175792507205	0.210374639769	0.273775216138	0.187319884726	0.0	0.21325648415	0.308357348703	0.268011527378	0.319884726225	0.201729106628	0.236311239193	0.233429394813
SAMEA3136684.snv.bam	0.28818443804	0.270893371758	0.0634005763689	0.0374639769452	0.230547550432	0.259365994236	0.253602305476	0.210374639769	0.221902017291	0.239193083573	0.0749279538905	0.190201729107	0.270893371758	0.0403458213256	0.250720461095	0.256484149856	0.253602305476	0.0893371757925	0.244956772334	0.293948126801	0.0403458213256	0.207492795389	0.0	0.296829971182	0.28242074928	0.270893371758	0.28530259366	0.0749279538905	0.279538904899	0.259365994236	0.28242074928	0.230547550432	0.265129682997	0.0806916426513	0.270893371758	0.0345821325648	0.0749279538905	0.244956772334	0.201729106628	0.21325648415	0.0	0.253602305476	0.270893371758	0.259365994236	0.0403458213256	0.256484149856	0.256484149856
SAMEA3136697.snv.bam	0.198847262248	0.195965417867	0.265129682997	0.28242074928	0.28242074928	0.175792507205	0.28818443804	0.21613832853	0.244956772334	0.175792507205	0.273775216138	0.256484149856	0.172910662824	0.302593659942	0.158501440922	0.178674351585	0.164265129683	0.244956772334	0.256484149856	0.193083573487	0.302593659942	0.244956772334	0.270893371758	0.152737752161	0.221902017291	0.155619596542	0.178674351585	0.273775216138	0.181556195965	0.00864553314121	0.242074927954	0.132564841499	0.175792507205	0.268011527378	0.184438040346	0.265129682997	0.270893371758	0.253602305476	0.262247838617	0.308357348703	0.253602305476	0.0	0.322766570605	0.184438040346	0.302593659942	0.296829971182	0.291066282421
T2D-33A.snv.bam	0.317002881844	0.311239193084	0.250720461095	0.262247838617	0.230547550432	0.314121037464	0.210374639769	0.236311239193	0.259365994236	0.299711815562	0.262247838617	0.195965417867	0.331412103746	0.273775216138	0.314121037464	0.299711815562	0.305475504323	0.253602305476	0.270893371758	0.348703170029	0.273775216138	0.270893371758	0.28530259366	0.337175792507	0.273775216138	0.328530259366	0.328530259366	0.262247838617	0.331412103746	0.331412103746	0.276657060519	0.291066282421	0.328530259366	0.256484149856	0.28818443804	0.259365994236	0.262247838617	0.270893371758	0.242074927954	0.268011527378	0.270893371758	0.322766570605	0.0	0.311239193084	0.273775216138	0.210374639769	0.210374639769
V1.CD34-0.snv.bam	0.164265129683	0.0461095100865	0.265129682997	0.28530259366	0.259365994236	0.181556195965	0.279538904899	0.233429394813	0.224783861671	0.0461095100865	0.268011527378	0.253602305476	0.190201729107	0.302593659942	0.14409221902	0.0432276657061	0.175792507205	0.250720461095	0.242074927954	0.210374639769	0.302593659942	0.253602305476	0.273775216138	0.207492795389	0.221902017291	0.155619596542	0.190201729107	0.268011527378	0.175792507205	0.190201729107	0.242074927954	0.14409221902	0.181556195965	0.262247838617	0.0749279538905	0.273775216138	0.268011527378	0.247838616715	0.268011527378	0.319884726225	0.259365994236	0.184438040346	0.311239193084	0.0	0.302593659942	0.28530259366	0.279538904899
V1.CD51-0.snv.bam	0.331412103746	0.314121037464	0.0634005763689	0.0	0.21613832853	0.299711815562	0.242074927954	0.21325648415	0.262247838617	0.291066282421	0.0806916426513	0.184438040346	0.311239193084	0.0	0.296829971182	0.299711815562	0.293948126801	0.100864553314	0.28530259366	0.334293948127	0.0	0.227665706052	0.0403458213256	0.345821325648	0.276657060519	0.319884726225	0.337175792507	0.0806916426513	0.328530259366	0.308357348703	0.302593659942	0.279538904899	0.305475504323	0.0864553314121	0.314121037464	0.0	0.0806916426513	0.28530259366	0.204610951009	0.201729106628	0.0403458213256	0.302593659942	0.273775216138	0.302593659942	0.0	0.247838616715	0.244956772334
V1.UC10-2.snv.bam	0.296829971182	0.279538904899	0.224783861671	0.236311239193	0.0489913544669	0.276657060519	0.0	0.259365994236	0.279538904899	0.265129682997	0.247838616715	0.198847262248	0.293948126801	0.247838616715	0.28530259366	0.265129682997	0.270893371758	0.244956772334	0.296829971182	0.311239193084	0.247838616715	0.236311239193	0.270893371758	0.311239193084	0.236311239193	0.314121037464	0.291066282421	0.247838616715	0.28818443804	0.305475504323	0.291066282421	0.276657060519	0.28242074928	0.244956772334	0.273775216138	0.221902017291	0.247838616715	0.296829971182	0.262247838617	0.236311239193	0.256484149856	0.296829971182	0.210374639769	0.28530259366	0.247838616715	0.0	0.0
V1.UC5-3.snv.bam	0.291066282421	0.273775216138	0.221902017291	0.233429394813	0.0489913544669	0.270893371758	0.0	0.256484149856	0.276657060519	0.259365994236	0.244956772334	0.195965417867	0.28818443804	0.244956772334	0.279538904899	0.259365994236	0.265129682997	0.242074927954	0.293948126801	0.305475504323	0.244956772334	0.233429394813	0.268011527378	0.308357348703	0.230547550432	0.308357348703	0.28530259366	0.244956772334	0.28530259366	0.299711815562	0.28818443804	0.270893371758	0.276657060519	0.242074927954	0.268011527378	0.221902017291	0.244956772334	0.293948126801	0.259365994236	0.233429394813	0.256484149856	0.291066282421	0.210374639769	0.279538904899	0.244956772334	0.0	0.0
