	158337416-stool1.snv.bam	160178356-stool3.snv.bam	763840445-stool1.snv.bam	763860675-stool1.snv.bam	763901136-stool1.snv.bam	BYQ_AAAD.snv.bam	BYQ_AAAE.snv.bam	BYQ_AAAF.snv.bam	BYQ_AAAO.snv.bam	CCIS16383318ST-4-0.snv.bam	CCIS47745468ST-4-0.snv.bam	CCIS91228662ST-4-0.snv.bam	CCMD26925580ST-21-0.snv.bam	CCMD35802077ST-21-0.snv.bam	CCMD72895164ST-21-0.snv.bam	ED20A.snv.bam	HT25A.snv.bam	M2.5-V1.metaT.snv.bam	MH0191.snv.bam	MH0192.snv.bam	MH0204.snv.bam	MH0257.snv.bam	MH0259.snv.bam	MH0262.snv.bam	MH0290.snv.bam	MH0293.snv.bam	MH0359.snv.bam	MH0402.snv.bam	MH0403.snv.bam	MH0423.snv.bam	MH0425.snv.bam	MH0431.snv.bam	MH0443.snv.bam	MH0446.snv.bam	MH0447.snv.bam	MH0450.snv.bam	MH0451.snv.bam	MH0452.snv.bam	MH0455.snv.bam	MH0456.snv.bam	MMRS51737257ST-27-0-0.snv.bam	MMRS86178473ST-27-0-0.snv.bam	MMRS87723283ST-27-0-0.snv.bam	N066A.snv.bam	N074A.snv.bam	N086A.snv.bam	N088A.snv.bam	N104A.snv.bam	O2.UC11-1.snv.bam	O2.UC28-2.snv.bam	O2.UC44-2.snv.bam	O2.UC50-0.snv.bam	SZEY-40A.snv.bam	SZEY-62A.snv.bam	T2D-102A.snv.bam	T2D-154A.snv.bam	T2D-198A.snv.bam	T2D-47A.snv.bam	T2D-51A.snv.bam	T2D-68A.snv.bam	T2D-78A.snv.bam	V1.CD49-0.snv.bam	V1.FI01.snv.bam	V1.FI09.snv.bam	V1.FI11.snv.bam	V1.FI12.snv.bam	V1.FI13.snv.bam	V1.FI15.snv.bam	V1.FI19.snv.bam	V1.FI27.snv.bam	V1.FI32.snv.bam	V1.UC13-3.snv.bam	V1.UC5-3.snv.bam	V1.UC57-0.snv.bam	V1.UC58-4.snv.bam	alien-11-630-0.snv.bam	alien-11-7-0.snv.bam	alien-11-773-0.snv.bam
158337416-stool1.snv.bam	0.0	0.0649926144756	0.0664697193501	0.0310192023634	0.0605612998523	0.0413589364845	0.0354505169867	0.15952732644	0.0428360413589	0.127031019202	0.0295420974889	0.0709010339734	0.100443131462	0.0856720827179	0.0620384047267	0.0797636632201	0.0797636632201	0.0443131462334	0.0590841949778	0.0649926144756	0.0635155096012	0.0768094534712	0.0576070901034	0.0945347119645	0.0620384047267	0.0635155096012	0.0605612998523	0.082717872969	0.0310192023634	0.0236336779911	0.0768094534712	0.0664697193501	0.0472673559823	0.0369276218612	0.0664697193501	0.0768094534712	0.0664697193501	0.0546528803545	0.0339734121123	0.0649926144756	0.0782865583456	0.00443131462334	0.0251107828656	0.0945347119645	0.0945347119645	0.0989660265879	0.0605612998523	0.0812407680945	0.0709010339734	0.0428360413589	0.0649926144756	0.0753323485968	0.0871491875923	0.0886262924668	0.0723781388479	0.0664697193501	0.0723781388479	0.0768094534712	0.0709010339734	0.0768094534712	0.0782865583456	0.0590841949778	0.0457902511078	0.110782865583	0.0369276218612	0.0664697193501	0.0457902511078	0.0531757754801	0.0590841949778	0.0635155096012	0.0339734121123	0.0443131462334	0.0664697193501	0.0605612998523	0.0590841949778	0.0768094534712	0.0709010339734	0.0768094534712
160178356-stool3.snv.bam	0.0649926144756	0.0	0.0605612998523	0.0487444608567	0.0605612998523	0.0664697193501	0.0413589364845	0.158050221566	0.069423929099	0.113737075332	0.069423929099	0.0546528803545	0.100443131462	0.082717872969	0.0546528803545	0.0723781388479	0.0797636632201	0.0546528803545	0.0576070901034	0.0502215657312	0.069423929099	0.0723781388479	0.0546528803545	0.096011816839	0.0516986706056	0.0649926144756	0.0620384047267	0.0797636632201	0.069423929099	0.0679468242245	0.056129985229	0.056129985229	0.0620384047267	0.0709010339734	0.0620384047267	0.0620384047267	0.0679468242245	0.0635155096012	0.0576070901034	0.0576070901034	0.0753323485968	0.0576070901034	0.0664697193501	0.0930576070901	0.0871491875923	0.100443131462	0.069423929099	0.0768094534712	0.0531757754801	0.0516986706056	0.0605612998523	0.0649926144756	0.0901033973412	0.0856720827179	0.0649926144756	0.0679468242245	0.0782865583456	0.0797636632201	0.0679468242245	0.0782865583456	0.0812407680945	0.0635155096012	0.0576070901034	0.104874446086	0.0472673559823	0.0709010339734	0.0576070901034	0.0709010339734	0.0679468242245	0.0590841949778	0.0753323485968	0.056129985229	0.069423929099	0.0502215657312	0.0487444608567	0.069423929099	0.0738552437223	0.069423929099
763840445-stool1.snv.bam	0.0664697193501	0.0605612998523	0.0	0.056129985229	0.0709010339734	0.0620384047267	0.0487444608567	0.15952732644	0.0635155096012	0.124076809453	0.069423929099	0.0782865583456	0.103397341211	0.0871491875923	0.0605612998523	0.0664697193501	0.0753323485968	0.0457902511078	0.0723781388479	0.0620384047267	0.0753323485968	0.0723781388479	0.0531757754801	0.103397341211	0.0635155096012	0.0768094534712	0.0531757754801	0.0738552437223	0.0605612998523	0.0590841949778	0.0812407680945	0.0679468242245	0.0620384047267	0.0679468242245	0.0709010339734	0.0797636632201	0.0723781388479	0.0679468242245	0.0605612998523	0.0812407680945	0.0664697193501	0.0635155096012	0.0649926144756	0.0871491875923	0.0812407680945	0.101920236337	0.0679468242245	0.0768094534712	0.0768094534712	0.0457902511078	0.0709010339734	0.0709010339734	0.0901033973412	0.0901033973412	0.0516986706056	0.0679468242245	0.0709010339734	0.0753323485968	0.0516986706056	0.0768094534712	0.0738552437223	0.069423929099	0.0487444608567	0.115214180207	0.0428360413589	0.0605612998523	0.0487444608567	0.069423929099	0.0487444608567	0.0664697193501	0.0664697193501	0.0487444608567	0.0782865583456	0.0516986706056	0.0502215657312	0.0753323485968	0.0841949778434	0.0753323485968
763860675-stool1.snv.bam	0.0310192023634	0.0487444608567	0.056129985229	0.0	0.0605612998523	0.0369276218612	0.02658788774	0.155096011817	0.0384047267356	0.121122599705	0.03988183161	0.0738552437223	0.101920236337	0.082717872969	0.0590841949778	0.069423929099	0.0723781388479	0.0413589364845	0.0576070901034	0.0605612998523	0.0709010339734	0.0797636632201	0.0516986706056	0.0871491875923	0.0428360413589	0.0723781388479	0.0590841949778	0.0709010339734	0.0384047267356	0.03988183161	0.0797636632201	0.0649926144756	0.056129985229	0.0384047267356	0.0664697193501	0.0797636632201	0.0723781388479	0.0605612998523	0.0384047267356	0.0605612998523	0.0723781388479	0.0310192023634	0.0236336779911	0.0974889217134	0.0871491875923	0.0974889217134	0.0664697193501	0.0664697193501	0.0723781388479	0.03988183161	0.0590841949778	0.069423929099	0.0901033973412	0.0856720827179	0.0679468242245	0.0620384047267	0.0649926144756	0.0709010339734	0.0664697193501	0.0738552437223	0.0709010339734	0.0605612998523	0.0428360413589	0.115214180207	0.0384047267356	0.0649926144756	0.0428360413589	0.0472673559823	0.0620384047267	0.056129985229	0.0443131462334	0.0428360413589	0.0664697193501	0.0576070901034	0.056129985229	0.0768094534712	0.0738552437223	0.0768094534712
763901136-stool1.snv.bam	0.0605612998523	0.0605612998523	0.0709010339734	0.0605612998523	0.0	0.0782865583456	0.069423929099	0.155096011817	0.0797636632201	0.122599704579	0.0753323485968	0.0605612998523	0.10635155096	0.0930576070901	0.0457902511078	0.0723781388479	0.0768094534712	0.0738552437223	0.0649926144756	0.0576070901034	0.0723781388479	0.0738552437223	0.056129985229	0.103397341211	0.0516986706056	0.0723781388479	0.0709010339734	0.0782865583456	0.0753323485968	0.0590841949778	0.0649926144756	0.0162481536189	0.0753323485968	0.0812407680945	0.069423929099	0.0664697193501	0.0753323485968	0.0649926144756	0.0723781388479	0.0605612998523	0.0738552437223	0.0649926144756	0.0738552437223	0.096011816839	0.0738552437223	0.103397341211	0.0457902511078	0.0812407680945	0.0605612998523	0.0738552437223	0.0620384047267	0.069423929099	0.0930576070901	0.0901033973412	0.0812407680945	0.0413589364845	0.0443131462334	0.0768094534712	0.0782865583456	0.0502215657312	0.0472673559823	0.0221565731167	0.0782865583456	0.0871491875923	0.0649926144756	0.0738552437223	0.0782865583456	0.0782865583456	0.0635155096012	0.0605612998523	0.0782865583456	0.0782865583456	0.0428360413589	0.0590841949778	0.0590841949778	0.056129985229	0.069423929099	0.056129985229
BYQ_AAAD.snv.bam	0.0413589364845	0.0664697193501	0.0620384047267	0.0369276218612	0.0782865583456	0.0	0.0369276218612	0.169867060561	0.0	0.143279172821	0.0206794682422	0.0856720827179	0.109305760709	0.0886262924668	0.0738552437223	0.082717872969	0.0782865583456	0.0531757754801	0.0723781388479	0.0782865583456	0.0812407680945	0.0841949778434	0.0738552437223	0.100443131462	0.0635155096012	0.0738552437223	0.0620384047267	0.0723781388479	0.0177252584934	0.03988183161	0.0901033973412	0.0738552437223	0.0635155096012	0.00590841949778	0.069423929099	0.0901033973412	0.0664697193501	0.0738552437223	0.0221565731167	0.0768094534712	0.0915805022157	0.0354505169867	0.0236336779911	0.100443131462	0.104874446086	0.107828655835	0.0797636632201	0.0738552437223	0.0797636632201	0.0516986706056	0.0768094534712	0.0841949778434	0.096011816839	0.0989660265879	0.0635155096012	0.0768094534712	0.0886262924668	0.0768094534712	0.0738552437223	0.0901033973412	0.0930576070901	0.0753323485968	0.056129985229	0.131462333826	0.0516986706056	0.0753323485968	0.056129985229	0.0649926144756	0.0797636632201	0.0782865583456	0.0502215657312	0.0531757754801	0.0856720827179	0.069423929099	0.0679468242245	0.0886262924668	0.0871491875923	0.0886262924668
BYQ_AAAE.snv.bam	0.0354505169867	0.0413589364845	0.0487444608567	0.02658788774	0.069423929099	0.0369276218612	0.0	0.15952732644	0.0369276218612	0.125553914328	0.0339734121123	0.0664697193501	0.103397341211	0.0782865583456	0.0605612998523	0.069423929099	0.0738552437223	0.0177252584934	0.056129985229	0.0590841949778	0.069423929099	0.0679468242245	0.056129985229	0.0915805022157	0.0546528803545	0.0679468242245	0.0531757754801	0.0679468242245	0.0324963072378	0.0413589364845	0.0738552437223	0.0679468242245	0.0443131462334	0.0310192023634	0.056129985229	0.0709010339734	0.056129985229	0.0605612998523	0.0295420974889	0.0649926144756	0.0753323485968	0.0310192023634	0.0206794682422	0.0945347119645	0.0856720827179	0.101920236337	0.0664697193501	0.0709010339734	0.0635155096012	0.0147710487445	0.0590841949778	0.0709010339734	0.0886262924668	0.0901033973412	0.0516986706056	0.0709010339734	0.0753323485968	0.0723781388479	0.0605612998523	0.0812407680945	0.0812407680945	0.069423929099	0.0177252584934	0.109305760709	0.0162481536189	0.056129985229	0.0177252584934	0.0546528803545	0.0620384047267	0.0576070901034	0.0428360413589	0.0177252584934	0.0782865583456	0.0487444608567	0.0472673559823	0.069423929099	0.0797636632201	0.069423929099
BYQ_AAAF.snv.bam	0.15952732644	0.158050221566	0.15952732644	0.155096011817	0.155096011817	0.169867060561	0.15952732644	0.0	0.169867060561	0.0738552437223	0.165435745938	0.155096011817	0.166912850812	0.153618906942	0.156573116691	0.166912850812	0.163958641064	0.150664697194	0.147710487445	0.153618906942	0.150664697194	0.138847858198	0.144756277696	0.171344165436	0.147710487445	0.155096011817	0.15952732644	0.166912850812	0.161004431315	0.149187592319	0.150664697194	0.150664697194	0.155096011817	0.166912850812	0.156573116691	0.15952732644	0.165435745938	0.161004431315	0.150664697194	0.161004431315	0.155096011817	0.158050221566	0.165435745938	0.155096011817	0.158050221566	0.161004431315	0.129985228951	0.169867060561	0.134416543575	0.141802067947	0.156573116691	0.15952732644	0.15952732644	0.163958641064	0.14623338257	0.140324963072	0.166912850812	0.162481536189	0.15952732644	0.166912850812	0.171344165436	0.15952732644	0.161004431315	0.0901033973412	0.150664697194	0.163958641064	0.161004431315	0.168389955687	0.15952732644	0.153618906942	0.162481536189	0.152141802068	0.158050221566	0.156573116691	0.156573116691	0.161004431315	0.158050221566	0.161004431315
BYQ_AAAO.snv.bam	0.0428360413589	0.069423929099	0.0635155096012	0.0384047267356	0.0797636632201	0.0	0.0369276218612	0.169867060561	0.0	0.141802067947	0.0206794682422	0.0886262924668	0.115214180207	0.0915805022157	0.0768094534712	0.0856720827179	0.0812407680945	0.0531757754801	0.0753323485968	0.0797636632201	0.0841949778434	0.0856720827179	0.0738552437223	0.100443131462	0.0649926144756	0.0768094534712	0.0649926144756	0.0753323485968	0.0177252584934	0.03988183161	0.0930576070901	0.0753323485968	0.0649926144756	0.00590841949778	0.069423929099	0.0930576070901	0.0664697193501	0.0768094534712	0.0221565731167	0.0797636632201	0.0915805022157	0.0354505169867	0.0236336779911	0.103397341211	0.10635155096	0.112259970458	0.0841949778434	0.0768094534712	0.082717872969	0.0516986706056	0.0797636632201	0.0871491875923	0.0989660265879	0.104874446086	0.0635155096012	0.0797636632201	0.0930576070901	0.0797636632201	0.0753323485968	0.0945347119645	0.0974889217134	0.0768094534712	0.056129985229	0.134416543575	0.0516986706056	0.0753323485968	0.056129985229	0.0664697193501	0.0812407680945	0.0797636632201	0.0502215657312	0.0531757754801	0.0886262924668	0.0709010339734	0.069423929099	0.0901033973412	0.0886262924668	0.0901033973412
CCIS16383318ST-4-0.snv.bam	0.127031019202	0.113737075332	0.124076809453	0.121122599705	0.122599704579	0.143279172821	0.125553914328	0.0738552437223	0.141802067947	0.0	0.135893648449	0.109305760709	0.140324963072	0.121122599705	0.122599704579	0.129985228951	0.122599704579	0.11964549483	0.118168389956	0.115214180207	0.122599704579	0.104874446086	0.112259970458	0.14623338257	0.104874446086	0.124076809453	0.128508124077	0.125553914328	0.129985228951	0.11964549483	0.107828655835	0.116691285081	0.124076809453	0.138847858198	0.101920236337	0.115214180207	0.134416543575	0.129985228951	0.112259970458	0.124076809453	0.118168389956	0.128508124077	0.135893648449	0.11964549483	0.125553914328	0.1329394387	0.0886262924668	0.128508124077	0.0989660265879	0.0856720827179	0.124076809453	0.125553914328	0.129985228951	0.125553914328	0.113737075332	0.103397341211	0.131462333826	0.121122599705	0.125553914328	0.131462333826	0.129985228951	0.129985228951	0.131462333826	0.0738552437223	0.110782865583	0.110782865583	0.1329394387	0.140324963072	0.122599704579	0.122599704579	0.129985228951	0.122599704579	0.122599704579	0.110782865583	0.109305760709	0.125553914328	0.118168389956	0.125553914328
CCIS47745468ST-4-0.snv.bam	0.0295420974889	0.069423929099	0.069423929099	0.03988183161	0.0753323485968	0.0206794682422	0.0339734121123	0.165435745938	0.0206794682422	0.135893648449	0.0	0.0797636632201	0.115214180207	0.0856720827179	0.0709010339734	0.0856720827179	0.0901033973412	0.0428360413589	0.0723781388479	0.0753323485968	0.0797636632201	0.0812407680945	0.0709010339734	0.0974889217134	0.0620384047267	0.0723781388479	0.0620384047267	0.0841949778434	0.0118168389956	0.0295420974889	0.0871491875923	0.069423929099	0.0546528803545	0.01329394387	0.0620384047267	0.0871491875923	0.0635155096012	0.0723781388479	0.0177252584934	0.0723781388479	0.0871491875923	0.0236336779911	0.0206794682422	0.103397341211	0.0989660265879	0.113737075332	0.0723781388479	0.0915805022157	0.0797636632201	0.0413589364845	0.0768094534712	0.0871491875923	0.096011816839	0.101920236337	0.0635155096012	0.0723781388479	0.082717872969	0.0871491875923	0.0753323485968	0.0856720827179	0.0886262924668	0.0709010339734	0.0443131462334	0.125553914328	0.0413589364845	0.0723781388479	0.0443131462334	0.0664697193501	0.0797636632201	0.0768094534712	0.0413589364845	0.0413589364845	0.082717872969	0.0620384047267	0.0605612998523	0.0856720827179	0.0841949778434	0.0856720827179
CCIS91228662ST-4-0.snv.bam	0.0709010339734	0.0546528803545	0.0782865583456	0.0738552437223	0.0605612998523	0.0856720827179	0.0664697193501	0.155096011817	0.0886262924668	0.109305760709	0.0797636632201	0.0	0.0989660265879	0.0871491875923	0.0664697193501	0.0797636632201	0.0856720827179	0.0723781388479	0.0709010339734	0.0502215657312	0.0797636632201	0.0738552437223	0.0649926144756	0.10635155096	0.0605612998523	0.0768094534712	0.0709010339734	0.082717872969	0.0782865583456	0.0723781388479	0.0295420974889	0.0576070901034	0.0709010339734	0.0871491875923	0.0797636632201	0.0221565731167	0.0856720827179	0.0768094534712	0.0768094534712	0.0635155096012	0.082717872969	0.0679468242245	0.082717872969	0.096011816839	0.0782865583456	0.101920236337	0.0664697193501	0.0901033973412	0.0502215657312	0.0709010339734	0.0723781388479	0.0768094534712	0.0930576070901	0.0915805022157	0.082717872969	0.0679468242245	0.0768094534712	0.0871491875923	0.0841949778434	0.0768094534712	0.0797636632201	0.0649926144756	0.0768094534712	0.113737075332	0.0664697193501	0.0841949778434	0.0768094534712	0.082717872969	0.0753323485968	0.0664697193501	0.0768094534712	0.0738552437223	0.0782865583456	0.0516986706056	0.0502215657312	0.0635155096012	0.0738552437223	0.0635155096012
CCMD26925580ST-21-0.snv.bam	0.100443131462	0.100443131462	0.103397341211	0.101920236337	0.10635155096	0.109305760709	0.103397341211	0.166912850812	0.115214180207	0.140324963072	0.115214180207	0.0989660265879	0.0	0.082717872969	0.0974889217134	0.0989660265879	0.100443131462	0.100443131462	0.0930576070901	0.100443131462	0.100443131462	0.0782865583456	0.096011816839	0.112259970458	0.0989660265879	0.0989660265879	0.103397341211	0.104874446086	0.115214180207	0.100443131462	0.0930576070901	0.100443131462	0.0915805022157	0.116691285081	0.0974889217134	0.107828655835	0.104874446086	0.096011816839	0.100443131462	0.0974889217134	0.10635155096	0.103397341211	0.118168389956	0.096011816839	0.0974889217134	0.10635155096	0.103397341211	0.10635155096	0.0945347119645	0.0974889217134	0.0974889217134	0.109305760709	0.0974889217134	0.0974889217134	0.103397341211	0.103397341211	0.109305760709	0.100443131462	0.101920236337	0.115214180207	0.110782865583	0.10635155096	0.107828655835	0.138847858198	0.0930576070901	0.109305760709	0.107828655835	0.103397341211	0.0974889217134	0.0989660265879	0.109305760709	0.10635155096	0.103397341211	0.0782865583456	0.0782865583456	0.110782865583	0.109305760709	0.110782865583
CCMD35802077ST-21-0.snv.bam	0.0856720827179	0.082717872969	0.0871491875923	0.082717872969	0.0930576070901	0.0886262924668	0.0782865583456	0.153618906942	0.0915805022157	0.121122599705	0.0856720827179	0.0871491875923	0.082717872969	0.0	0.0812407680945	0.0768094534712	0.0915805022157	0.0812407680945	0.0841949778434	0.0812407680945	0.0886262924668	0.0649926144756	0.0856720827179	0.096011816839	0.0797636632201	0.0841949778434	0.0841949778434	0.0901033973412	0.0871491875923	0.0901033973412	0.0812407680945	0.082717872969	0.0738552437223	0.0930576070901	0.0753323485968	0.0945347119645	0.0812407680945	0.0871491875923	0.0723781388479	0.0841949778434	0.0989660265879	0.0782865583456	0.0915805022157	0.0856720827179	0.0886262924668	0.0945347119645	0.0871491875923	0.096011816839	0.0871491875923	0.0782865583456	0.0886262924668	0.0915805022157	0.0856720827179	0.0841949778434	0.0856720827179	0.0871491875923	0.0974889217134	0.0901033973412	0.0871491875923	0.101920236337	0.100443131462	0.0930576070901	0.0886262924668	0.122599704579	0.0753323485968	0.0945347119645	0.0886262924668	0.0930576070901	0.0886262924668	0.0915805022157	0.0930576070901	0.0856720827179	0.0930576070901	0.0738552437223	0.0723781388479	0.0974889217134	0.096011816839	0.0974889217134
CCMD72895164ST-21-0.snv.bam	0.0620384047267	0.0546528803545	0.0605612998523	0.0590841949778	0.0457902511078	0.0738552437223	0.0605612998523	0.156573116691	0.0768094534712	0.122599704579	0.0709010339734	0.0664697193501	0.0974889217134	0.0812407680945	0.0	0.0679468242245	0.0723781388479	0.0620384047267	0.0620384047267	0.0487444608567	0.0679468242245	0.0649926144756	0.0516986706056	0.0989660265879	0.0546528803545	0.0664697193501	0.0590841949778	0.069423929099	0.069423929099	0.0649926144756	0.0782865583456	0.0472673559823	0.0605612998523	0.0782865583456	0.0546528803545	0.0782865583456	0.0664697193501	0.0605612998523	0.069423929099	0.0620384047267	0.0709010339734	0.0590841949778	0.0738552437223	0.0856720827179	0.0797636632201	0.096011816839	0.0472673559823	0.0782865583456	0.0605612998523	0.0620384047267	0.0649926144756	0.0605612998523	0.082717872969	0.0812407680945	0.069423929099	0.0413589364845	0.0516986706056	0.0709010339734	0.069423929099	0.0531757754801	0.0546528803545	0.056129985229	0.0679468242245	0.0989660265879	0.0531757754801	0.0723781388479	0.0679468242245	0.0753323485968	0.0664697193501	0.0590841949778	0.0723781388479	0.0679468242245	0.056129985229	0.0457902511078	0.0428360413589	0.0531757754801	0.0841949778434	0.0531757754801
ED20A.snv.bam	0.0797636632201	0.0723781388479	0.0664697193501	0.069423929099	0.0723781388479	0.082717872969	0.069423929099	0.166912850812	0.0856720827179	0.129985228951	0.0856720827179	0.0797636632201	0.0989660265879	0.0768094534712	0.0679468242245	0.0	0.0768094534712	0.0723781388479	0.0664697193501	0.069423929099	0.0768094534712	0.0709010339734	0.0620384047267	0.0974889217134	0.0635155096012	0.0753323485968	0.0649926144756	0.0709010339734	0.0841949778434	0.0886262924668	0.0782865583456	0.0738552437223	0.0738552437223	0.0871491875923	0.0723781388479	0.0871491875923	0.0723781388479	0.0723781388479	0.0768094534712	0.0738552437223	0.0605612998523	0.0797636632201	0.082717872969	0.0797636632201	0.0797636632201	0.0945347119645	0.0664697193501	0.0753323485968	0.0797636632201	0.0738552437223	0.0709010339734	0.0664697193501	0.0797636632201	0.0841949778434	0.0723781388479	0.0649926144756	0.0723781388479	0.0738552437223	0.0723781388479	0.0768094534712	0.0723781388479	0.0768094534712	0.0797636632201	0.11964549483	0.0620384047267	0.056129985229	0.0797636632201	0.0812407680945	0.0723781388479	0.0738552437223	0.0915805022157	0.0782865583456	0.0797636632201	0.0620384047267	0.0605612998523	0.0797636632201	0.0841949778434	0.0797636632201
HT25A.snv.bam	0.0797636632201	0.0797636632201	0.0753323485968	0.0723781388479	0.0768094534712	0.0782865583456	0.0738552437223	0.163958641064	0.0812407680945	0.122599704579	0.0901033973412	0.0856720827179	0.100443131462	0.0915805022157	0.0723781388479	0.0768094534712	0.0	0.0723781388479	0.082717872969	0.0797636632201	0.0915805022157	0.0753323485968	0.0723781388479	0.107828655835	0.069423929099	0.0915805022157	0.0723781388479	0.02658788774	0.0886262924668	0.0856720827179	0.0871491875923	0.0841949778434	0.0797636632201	0.0856720827179	0.0886262924668	0.0930576070901	0.0886262924668	0.0856720827179	0.0841949778434	0.0812407680945	0.0723781388479	0.0797636632201	0.0871491875923	0.0871491875923	0.0915805022157	0.100443131462	0.0812407680945	0.0103397341211	0.082717872969	0.0738552437223	0.0841949778434	0.0768094534712	0.0886262924668	0.0915805022157	0.0738552437223	0.0797636632201	0.0856720827179	0.0	0.0738552437223	0.0930576070901	0.0886262924668	0.0871491875923	0.0812407680945	0.124076809453	0.0723781388479	0.0856720827179	0.0812407680945	0.0753323485968	0.0768094534712	0.0797636632201	0.0812407680945	0.0812407680945	0.0901033973412	0.069423929099	0.0679468242245	0.0782865583456	0.0841949778434	0.0782865583456
M2.5-V1.metaT.snv.bam	0.0443131462334	0.0546528803545	0.0457902511078	0.0413589364845	0.0738552437223	0.0531757754801	0.0177252584934	0.150664697194	0.0531757754801	0.11964549483	0.0428360413589	0.0723781388479	0.100443131462	0.0812407680945	0.0620384047267	0.0723781388479	0.0723781388479	0.0	0.0649926144756	0.0620384047267	0.0709010339734	0.0738552437223	0.0516986706056	0.0841949778434	0.0590841949778	0.0709010339734	0.0516986706056	0.0753323485968	0.0443131462334	0.0472673559823	0.0782865583456	0.0709010339734	0.0502215657312	0.0472673559823	0.0516986706056	0.0797636632201	0.0546528803545	0.0649926144756	0.0369276218612	0.069423929099	0.0723781388479	0.03988183161	0.0369276218612	0.0856720827179	0.0886262924668	0.096011816839	0.0649926144756	0.0782865583456	0.0738552437223	0.0	0.0664697193501	0.0753323485968	0.0797636632201	0.0841949778434	0.0531757754801	0.0723781388479	0.0753323485968	0.0709010339734	0.0620384047267	0.0812407680945	0.0782865583456	0.0723781388479	0.0	0.109305760709	0.00147710487445	0.0546528803545	0.0	0.0546528803545	0.056129985229	0.0605612998523	0.0502215657312	0.0	0.082717872969	0.0487444608567	0.0472673559823	0.0709010339734	0.0723781388479	0.0709010339734
MH0191.snv.bam	0.0590841949778	0.0576070901034	0.0723781388479	0.0576070901034	0.0649926144756	0.0723781388479	0.056129985229	0.147710487445	0.0753323485968	0.118168389956	0.0723781388479	0.0709010339734	0.0930576070901	0.0841949778434	0.0620384047267	0.0664697193501	0.082717872969	0.0649926144756	0.0	0.0635155096012	0.0206794682422	0.069423929099	0.0590841949778	0.096011816839	0.0679468242245	0.01329394387	0.0679468242245	0.0782865583456	0.0709010339734	0.0664697193501	0.0649926144756	0.0649926144756	0.0605612998523	0.0782865583456	0.0709010339734	0.0753323485968	0.0664697193501	0.0206794682422	0.0664697193501	0.0709010339734	0.0679468242245	0.0576070901034	0.069423929099	0.0841949778434	0.0812407680945	0.0945347119645	0.0679468242245	0.0841949778434	0.0516986706056	0.0649926144756	0.00886262924668	0.0753323485968	0.0841949778434	0.0841949778434	0.0709010339734	0.0620384047267	0.0723781388479	0.0812407680945	0.0679468242245	0.0768094534712	0.0723781388479	0.0723781388479	0.069423929099	0.103397341211	0.0576070901034	0.069423929099	0.069423929099	0.0782865583456	0.0649926144756	0.0635155096012	0.0590841949778	0.0679468242245	0.0531757754801	0.0531757754801	0.0516986706056	0.0797636632201	0.0738552437223	0.0797636632201
MH0192.snv.bam	0.0649926144756	0.0502215657312	0.0620384047267	0.0605612998523	0.0576070901034	0.0782865583456	0.0590841949778	0.153618906942	0.0797636632201	0.115214180207	0.0753323485968	0.0502215657312	0.100443131462	0.0812407680945	0.0487444608567	0.069423929099	0.0797636632201	0.0620384047267	0.0635155096012	0.0	0.0709010339734	0.0635155096012	0.0590841949778	0.101920236337	0.0620384047267	0.0664697193501	0.0590841949778	0.0768094534712	0.069423929099	0.0664697193501	0.0546528803545	0.056129985229	0.0635155096012	0.082717872969	0.056129985229	0.0531757754801	0.0649926144756	0.0576070901034	0.0753323485968	0.069423929099	0.0664697193501	0.0605612998523	0.0782865583456	0.0886262924668	0.082717872969	0.096011816839	0.0605612998523	0.0841949778434	0.056129985229	0.0649926144756	0.0664697193501	0.056129985229	0.0886262924668	0.0856720827179	0.0620384047267	0.0590841949778	0.0709010339734	0.0797636632201	0.0709010339734	0.0723781388479	0.0723781388479	0.0635155096012	0.069423929099	0.112259970458	0.0546528803545	0.0709010339734	0.069423929099	0.0738552437223	0.0620384047267	0.0576070901034	0.0723781388479	0.0649926144756	0.069423929099	0.0457902511078	0.0443131462334	0.0546528803545	0.0753323485968	0.0546528803545
MH0204.snv.bam	0.0635155096012	0.069423929099	0.0753323485968	0.0709010339734	0.0723781388479	0.0812407680945	0.069423929099	0.150664697194	0.0841949778434	0.122599704579	0.0797636632201	0.0797636632201	0.100443131462	0.0886262924668	0.0679468242245	0.0768094534712	0.0915805022157	0.0709010339734	0.0206794682422	0.0709010339734	0.0	0.0782865583456	0.0635155096012	0.101920236337	0.0768094534712	0.00738552437223	0.0738552437223	0.0871491875923	0.0768094534712	0.0709010339734	0.0723781388479	0.0738552437223	0.0649926144756	0.0886262924668	0.0768094534712	0.082717872969	0.0723781388479	0.0221565731167	0.0768094534712	0.0812407680945	0.0797636632201	0.0635155096012	0.0782865583456	0.0886262924668	0.0930576070901	0.0930576070901	0.0723781388479	0.0930576070901	0.0605612998523	0.0723781388479	0.0295420974889	0.0797636632201	0.0871491875923	0.0856720827179	0.0768094534712	0.0723781388479	0.0841949778434	0.0901033973412	0.0782865583456	0.0841949778434	0.0856720827179	0.0797636632201	0.0768094534712	0.107828655835	0.0649926144756	0.082717872969	0.0768094534712	0.0856720827179	0.0709010339734	0.069423929099	0.0723781388479	0.0723781388479	0.0576070901034	0.0605612998523	0.0576070901034	0.0886262924668	0.0812407680945	0.0886262924668
MH0257.snv.bam	0.0768094534712	0.0723781388479	0.0723781388479	0.0797636632201	0.0738552437223	0.0841949778434	0.0679468242245	0.138847858198	0.0856720827179	0.104874446086	0.0812407680945	0.0738552437223	0.0782865583456	0.0649926144756	0.0649926144756	0.0709010339734	0.0753323485968	0.0738552437223	0.069423929099	0.0635155096012	0.0782865583456	0.0	0.0753323485968	0.0782865583456	0.0664697193501	0.0768094534712	0.0709010339734	0.0723781388479	0.0782865583456	0.0753323485968	0.0753323485968	0.069423929099	0.0605612998523	0.0871491875923	0.0679468242245	0.0812407680945	0.0723781388479	0.0738552437223	0.0723781388479	0.0723781388479	0.0782865583456	0.069423929099	0.0782865583456	0.0723781388479	0.0797636632201	0.0797636632201	0.0679468242245	0.0841949778434	0.0709010339734	0.069423929099	0.0709010339734	0.082717872969	0.0679468242245	0.0753323485968	0.0782865583456	0.0753323485968	0.082717872969	0.0753323485968	0.0782865583456	0.0841949778434	0.0841949778434	0.0812407680945	0.0753323485968	0.100443131462	0.0620384047267	0.0723781388479	0.0753323485968	0.0812407680945	0.0768094534712	0.0797636632201	0.0782865583456	0.0753323485968	0.0768094534712	0.0605612998523	0.0590841949778	0.0709010339734	0.082717872969	0.0709010339734
MH0259.snv.bam	0.0576070901034	0.0546528803545	0.0531757754801	0.0516986706056	0.056129985229	0.0738552437223	0.056129985229	0.144756277696	0.0738552437223	0.112259970458	0.0709010339734	0.0649926144756	0.096011816839	0.0856720827179	0.0516986706056	0.0620384047267	0.0723781388479	0.0516986706056	0.0590841949778	0.0590841949778	0.0635155096012	0.0753323485968	0.0	0.0901033973412	0.0531757754801	0.0635155096012	0.0576070901034	0.069423929099	0.069423929099	0.0664697193501	0.069423929099	0.0590841949778	0.0546528803545	0.0782865583456	0.0664697193501	0.0738552437223	0.069423929099	0.0531757754801	0.069423929099	0.0605612998523	0.0635155096012	0.0590841949778	0.0679468242245	0.0782865583456	0.069423929099	0.0871491875923	0.0635155096012	0.0768094534712	0.0723781388479	0.056129985229	0.0546528803545	0.0576070901034	0.0768094534712	0.0723781388479	0.0605612998523	0.0576070901034	0.0635155096012	0.0709010339734	0.0576070901034	0.0709010339734	0.0664697193501	0.0590841949778	0.0590841949778	0.0945347119645	0.0457902511078	0.0620384047267	0.0590841949778	0.0664697193501	0.0635155096012	0.0576070901034	0.0709010339734	0.0590841949778	0.0664697193501	0.0354505169867	0.0339734121123	0.0635155096012	0.0723781388479	0.0635155096012
MH0262.snv.bam	0.0945347119645	0.096011816839	0.103397341211	0.0871491875923	0.103397341211	0.100443131462	0.0915805022157	0.171344165436	0.100443131462	0.14623338257	0.0974889217134	0.10635155096	0.112259970458	0.096011816839	0.0989660265879	0.0974889217134	0.107828655835	0.0841949778434	0.096011816839	0.101920236337	0.101920236337	0.0782865583456	0.0901033973412	0.0	0.0901033973412	0.104874446086	0.0886262924668	0.104874446086	0.0989660265879	0.100443131462	0.101920236337	0.0989660265879	0.0915805022157	0.103397341211	0.0797636632201	0.118168389956	0.0812407680945	0.101920236337	0.0886262924668	0.0915805022157	0.096011816839	0.0901033973412	0.0945347119645	0.104874446086	0.109305760709	0.112259970458	0.0974889217134	0.107828655835	0.110782865583	0.0856720827179	0.100443131462	0.107828655835	0.0974889217134	0.0989660265879	0.096011816839	0.096011816839	0.103397341211	0.107828655835	0.100443131462	0.10635155096	0.104874446086	0.10635155096	0.0901033973412	0.141802067947	0.0782865583456	0.0901033973412	0.0915805022157	0.0871491875923	0.101920236337	0.096011816839	0.103397341211	0.0886262924668	0.10635155096	0.082717872969	0.0812407680945	0.112259970458	0.103397341211	0.112259970458
MH0290.snv.bam	0.0620384047267	0.0516986706056	0.0635155096012	0.0428360413589	0.0516986706056	0.0635155096012	0.0546528803545	0.147710487445	0.0649926144756	0.104874446086	0.0620384047267	0.0605612998523	0.0989660265879	0.0797636632201	0.0546528803545	0.0635155096012	0.069423929099	0.0590841949778	0.0679468242245	0.0620384047267	0.0768094534712	0.0664697193501	0.0531757754801	0.0901033973412	0.0	0.0738552437223	0.0649926144756	0.069423929099	0.0605612998523	0.0605612998523	0.0709010339734	0.0605612998523	0.0620384047267	0.0664697193501	0.069423929099	0.0753323485968	0.0782865583456	0.069423929099	0.0635155096012	0.02658788774	0.0709010339734	0.0649926144756	0.0620384047267	0.0915805022157	0.0768094534712	0.0989660265879	0.0649926144756	0.0753323485968	0.0590841949778	0.056129985229	0.0664697193501	0.0635155096012	0.0886262924668	0.0856720827179	0.0709010339734	0.056129985229	0.0620384047267	0.069423929099	0.0723781388479	0.0709010339734	0.0635155096012	0.0590841949778	0.0635155096012	0.0945347119645	0.056129985229	0.0723781388479	0.0635155096012	0.0620384047267	0.0635155096012	0.0576070901034	0.0664697193501	0.0605612998523	0.0576070901034	0.0531757754801	0.0516986706056	0.0635155096012	0.0679468242245	0.0635155096012
MH0293.snv.bam	0.0635155096012	0.0649926144756	0.0768094534712	0.0723781388479	0.0723781388479	0.0738552437223	0.0679468242245	0.155096011817	0.0768094534712	0.124076809453	0.0723781388479	0.0768094534712	0.0989660265879	0.0841949778434	0.0664697193501	0.0753323485968	0.0915805022157	0.0709010339734	0.01329394387	0.0664697193501	0.00738552437223	0.0768094534712	0.0635155096012	0.104874446086	0.0738552437223	0.0	0.0709010339734	0.0886262924668	0.069423929099	0.0709010339734	0.0679468242245	0.0664697193501	0.0709010339734	0.0812407680945	0.0709010339734	0.0797636632201	0.0679468242245	0.0162481536189	0.069423929099	0.0797636632201	0.0768094534712	0.0605612998523	0.0782865583456	0.0871491875923	0.0901033973412	0.096011816839	0.0753323485968	0.096011816839	0.0576070901034	0.0723781388479	0.0236336779911	0.0812407680945	0.0886262924668	0.0871491875923	0.0709010339734	0.069423929099	0.0841949778434	0.0901033973412	0.0723781388479	0.082717872969	0.0856720827179	0.0782865583456	0.0768094534712	0.110782865583	0.0649926144756	0.0812407680945	0.0768094534712	0.0856720827179	0.069423929099	0.069423929099	0.069423929099	0.0738552437223	0.0590841949778	0.0576070901034	0.056129985229	0.0856720827179	0.0797636632201	0.0856720827179
MH0359.snv.bam	0.0605612998523	0.0620384047267	0.0531757754801	0.0590841949778	0.0709010339734	0.0620384047267	0.0531757754801	0.15952732644	0.0649926144756	0.128508124077	0.0620384047267	0.0709010339734	0.103397341211	0.0841949778434	0.0590841949778	0.0649926144756	0.0723781388479	0.0516986706056	0.0679468242245	0.0590841949778	0.0738552437223	0.0709010339734	0.0576070901034	0.0886262924668	0.0649926144756	0.0709010339734	0.0	0.0738552437223	0.0649926144756	0.0709010339734	0.0812407680945	0.0649926144756	0.0664697193501	0.069423929099	0.0605612998523	0.0753323485968	0.0605612998523	0.0649926144756	0.0649926144756	0.0753323485968	0.069423929099	0.0576070901034	0.069423929099	0.0768094534712	0.0871491875923	0.082717872969	0.0620384047267	0.0768094534712	0.0738552437223	0.0502215657312	0.0709010339734	0.0709010339734	0.0738552437223	0.0738552437223	0.0605612998523	0.0576070901034	0.0649926144756	0.0723781388479	0.0620384047267	0.0664697193501	0.0679468242245	0.0709010339734	0.0546528803545	0.115214180207	0.0443131462334	0.0635155096012	0.0546528803545	0.0649926144756	0.069423929099	0.0664697193501	0.0679468242245	0.0546528803545	0.0782865583456	0.0531757754801	0.0516986706056	0.0723781388479	0.0723781388479	0.0723781388479
MH0402.snv.bam	0.082717872969	0.0797636632201	0.0738552437223	0.0709010339734	0.0782865583456	0.0723781388479	0.0679468242245	0.166912850812	0.0753323485968	0.125553914328	0.0841949778434	0.082717872969	0.104874446086	0.0901033973412	0.069423929099	0.0709010339734	0.02658788774	0.0753323485968	0.0782865583456	0.0768094534712	0.0871491875923	0.0723781388479	0.069423929099	0.104874446086	0.069423929099	0.0886262924668	0.0738552437223	0.0	0.082717872969	0.0886262924668	0.0841949778434	0.082717872969	0.0782865583456	0.0797636632201	0.0886262924668	0.0901033973412	0.082717872969	0.082717872969	0.0812407680945	0.0812407680945	0.0723781388479	0.0782865583456	0.0812407680945	0.096011816839	0.0901033973412	0.10635155096	0.0841949778434	0.0280649926145	0.0797636632201	0.0738552437223	0.0812407680945	0.0768094534712	0.0945347119645	0.0945347119645	0.0723781388479	0.0782865583456	0.0856720827179	0.0280649926145	0.0738552437223	0.0930576070901	0.0871491875923	0.0901033973412	0.0812407680945	0.125553914328	0.0723781388479	0.0856720827179	0.0812407680945	0.0782865583456	0.0782865583456	0.0841949778434	0.0812407680945	0.0812407680945	0.0901033973412	0.0664697193501	0.0649926144756	0.0753323485968	0.0901033973412	0.0753323485968
MH0403.snv.bam	0.0310192023634	0.069423929099	0.0605612998523	0.0384047267356	0.0753323485968	0.0177252584934	0.0324963072378	0.161004431315	0.0177252584934	0.129985228951	0.0118168389956	0.0782865583456	0.115214180207	0.0871491875923	0.069423929099	0.0841949778434	0.0886262924668	0.0443131462334	0.0709010339734	0.069423929099	0.0768094534712	0.0782865583456	0.069423929099	0.0989660265879	0.0605612998523	0.069423929099	0.0649926144756	0.082717872969	0.0	0.0251107828656	0.0841949778434	0.0709010339734	0.0590841949778	0.0147710487445	0.0576070901034	0.0841949778434	0.0576070901034	0.0709010339734	0.0206794682422	0.0768094534712	0.0856720827179	0.0236336779911	0.0206794682422	0.101920236337	0.0974889217134	0.109305760709	0.0723781388479	0.0901033973412	0.0768094534712	0.0428360413589	0.0753323485968	0.0797636632201	0.096011816839	0.101920236337	0.0546528803545	0.0738552437223	0.0841949778434	0.0856720827179	0.0709010339734	0.0871491875923	0.0901033973412	0.0709010339734	0.0472673559823	0.121122599705	0.0413589364845	0.069423929099	0.0472673559823	0.0664697193501	0.0768094534712	0.0768094534712	0.0413589364845	0.0443131462334	0.0797636632201	0.0620384047267	0.0605612998523	0.0841949778434	0.0841949778434	0.0841949778434
MH0423.snv.bam	0.0236336779911	0.0679468242245	0.0590841949778	0.03988183161	0.0590841949778	0.03988183161	0.0413589364845	0.149187592319	0.03988183161	0.11964549483	0.0295420974889	0.0723781388479	0.100443131462	0.0901033973412	0.0649926144756	0.0886262924668	0.0856720827179	0.0472673559823	0.0664697193501	0.0664697193501	0.0709010339734	0.0753323485968	0.0664697193501	0.100443131462	0.0605612998523	0.0709010339734	0.0709010339734	0.0886262924668	0.0251107828656	0.0	0.0812407680945	0.0649926144756	0.0502215657312	0.0354505169867	0.069423929099	0.0782865583456	0.0738552437223	0.0620384047267	0.0339734121123	0.0709010339734	0.0768094534712	0.0236336779911	0.0295420974889	0.096011816839	0.0945347119645	0.107828655835	0.0664697193501	0.0886262924668	0.0709010339734	0.0472673559823	0.069423929099	0.0812407680945	0.0915805022157	0.0974889217134	0.0738552437223	0.0738552437223	0.0753323485968	0.0812407680945	0.0797636632201	0.0841949778434	0.0812407680945	0.056129985229	0.0502215657312	0.104874446086	0.0457902511078	0.0723781388479	0.0502215657312	0.0649926144756	0.0635155096012	0.0664697193501	0.0324963072378	0.0502215657312	0.0620384047267	0.0605612998523	0.0576070901034	0.0782865583456	0.0723781388479	0.0782865583456
MH0425.snv.bam	0.0768094534712	0.056129985229	0.0812407680945	0.0797636632201	0.0649926144756	0.0901033973412	0.0738552437223	0.150664697194	0.0930576070901	0.107828655835	0.0871491875923	0.0295420974889	0.0930576070901	0.0812407680945	0.0782865583456	0.0782865583456	0.0871491875923	0.0782865583456	0.0649926144756	0.0546528803545	0.0723781388479	0.0753323485968	0.069423929099	0.101920236337	0.0709010339734	0.0679468242245	0.0812407680945	0.0841949778434	0.0841949778434	0.0812407680945	0.0	0.0620384047267	0.0753323485968	0.0915805022157	0.0768094534712	0.0354505169867	0.0797636632201	0.0709010339734	0.0797636632201	0.0753323485968	0.0753323485968	0.0723781388479	0.0901033973412	0.0945347119645	0.0664697193501	0.103397341211	0.069423929099	0.0841949778434	0.0635155096012	0.0797636632201	0.0605612998523	0.0723781388479	0.0945347119645	0.0930576070901	0.0782865583456	0.0738552437223	0.0841949778434	0.0841949778434	0.0782865583456	0.082717872969	0.0856720827179	0.0768094534712	0.082717872969	0.110782865583	0.0723781388479	0.082717872969	0.082717872969	0.0841949778434	0.082717872969	0.0782865583456	0.082717872969	0.0812407680945	0.0812407680945	0.0502215657312	0.0487444608567	0.0723781388479	0.069423929099	0.0723781388479
