	BYQ_AAAL.snv.bam	CCIS22275061ST-4-0.snv.bam	CCIS34604008ST-4-0.snv.bam	CCIS41222843ST-4-0.snv.bam	CCIS52370277ST-4-0.snv.bam	CCIS76845094ST-20-0.snv.bam	CCIS80834637ST-4-0.snv.bam	CCIS81887263ST-4-0.snv.bam	MH0227.snv.bam	MH0274.snv.bam	MH0433.snv.bam	MMRS72802364ST-27-0-0.snv.bam	MMRS87723283ST-27-0-0.snv.bam	O2.CD1-0.snv.bam	O2.UC32-1.snv.bam	O2.UC41-1.snv.bam	O2.UC8-2.snv.bam	V1.CD41-0.snv.bam	V1.UC22-1.snv.bam	V1.UC57-0.snv.bam	alien-11-600-0.snv.bam	alien-11-632-0.snv.bam	halbarad-11-392-0.snv.bam
BYQ_AAAL.snv.bam	0.0	0.122048819528	0.0915113871636	0.0888085191883	0.00440176070428	0.022057383062	0.0608122036693	0.0482428779372	0.0956463639613	0.00996470603317	0.39297272307	0.0938196555218	0.0882123820528	0.130052020808	0.00892664758211	0.278622968175	0.00617044768812	0.105980058748	0.0944577831132	0.00955382152861	0.13920186705	0.142890489529	0.0798567214496
CCIS22275061ST-4-0.snv.bam	0.122048819528	0.0	0.160869565217	0.101265822785	0.126050420168	0.126562190692	0.116883116883	0.139737991266	0.134068599808	0.131171083321	0.364077669903	0.148936170213	0.0964217944728	0.176470588235	0.130575307046	0.289909471249	0.126536488841	0.118385020732	0.115266106443	0.130922368948	0.194255111977	0.197712418301	0.154867256637
CCIS34604008ST-4-0.snv.bam	0.0915113871636	0.160869565217	0.0	0.109170305677	0.095652173913	0.105021313952	0.116591928251	0.0950226244344	0.143279927802	0.0916755847698	0.391959798995	0.136563876652	0.100671196149	0.165217391304	0.0909698996656	0.293099695676	0.087459497149	0.14842868651	0.127246376812	0.0919979296066	0.166106818945	0.169806763285	0.0
CCIS41222843ST-4-0.snv.bam	0.0888085191883	0.101265822785	0.109170305677	0.0	0.0928270042194	0.0932609874105	0.0652173913043	0.0789473684211	0.151887861015	0.0976023683909	0.39512195122	0.132478632479	0.0973221737244	0.118143459916	0.0973709834469	0.28229728245	0.0933151238154	0.144200991284	0.0651195499297	0.0977195097448	0.118807040417	0.122597280825	0.111111111111
CCIS52370277ST-4-0.snv.bam	0.00440176070428	0.126050420168	0.095652173913	0.0928270042194	0.0	0.0260589837022	0.0649350649351	0.0524017467249	0.09973383586	0.0139663066734	0.398058252427	0.0978723404255	0.0924451862856	0.134453781513	0.0129282482224	0.283043301709	0.0101720483284	0.109981659388	0.0984593837535	0.0135554221689	0.143622200584	0.147292250233	0.0840707964602
CCIS76845094ST-20-0.snv.bam	0.022057383062	0.126562190692	0.105021313952	0.0932609874105	0.0260589837022	0.0	0.0653815622425	0.061584515355	0.109034052177	0.0232185676866	0.398389550075	0.0985827676674	0.0853103215669	0.13483156876	0.0221805092355	0.283913396967	0.0192768819495	0.127489854354	0.0988915434858	0.022807683182	0.135397296274	0.139101904345	0.0936590725745
CCIS80834637ST-4-0.snv.bam	0.0608122036693	0.116883116883	0.116591928251	0.0652173913043	0.0649350649351	0.0653815622425	0.0	0.0755555555556	0.133796388298	0.0698344645396	0.371859296482	0.105263157895	0.0630144607958	0.112554112554	0.0695970695971	0.262726666808	0.0657033300489	0.117643441274	0.07113997114	0.0699546485261	0.113210702341	0.117123617124	0.10502283105
CCIS81887263ST-4-0.snv.bam	0.0482428779372	0.139737991266	0.0950226244344	0.0789473684211	0.0524017467249	0.061584515355	0.0755555555556	0.0	0.121279264214	0.0494496986388	0.416243654822	0.119469026549	0.111574846825	0.139737991266	0.0483708431307	0.303361090432	0.0446329585247	0.140380189981	0.093595342067	0.0488043252235	0.149291497976	0.153081028627	0.0875576036866
MH0227.snv.bam	0.0956463639613	0.134068599808	0.143279927802	0.151887861015	0.09973383586	0.109034052177	0.133796388298	0.121279264214	0.0	0.0963275437117	0.390009104026	0.153208625023	0.128809775771	0.185570745731	0.0957721323275	0.304037019252	0.09131808187	0.0277582500371	0.147373320839	0.095983580393	0.186536402129	0.190101027086	0.132298569029
MH0274.snv.bam	0.00996470603317	0.131171083321	0.0916755847698	0.0976023683909	0.0139663066734	0.0232185676866	0.0698344645396	0.0494496986388	0.0963275437117	0.0	0.403763298881	0.0941777076963	0.0901129177057	0.139209081129	0.0100878322067	0.28641219612	0.00653719689151	0.11383583227	0.0928964384246	0.00201152476066	0.13995874619	0.143644188505	0.0806137957097
MH0433.snv.bam	0.39297272307	0.364077669903	0.391959798995	0.39512195122	0.398058252427	0.398389550075	0.371859296482	0.416243654822	0.390009104026	0.403763298881	0.0	0.364532019704	0.351652148161	0.330097087379	0.403286034354	0.258571875617	0.3975042266	0.369784635604	0.40501618123	0.403687008784	0.356285178236	0.354099244876	0.39175257732
MMRS72802364ST-27-0-0.snv.bam	0.0938196555218	0.148936170213	0.136563876652	0.132478632479	0.0978723404255	0.0985827676674	0.105263157895	0.119469026549	0.153208625023	0.0941777076963	0.364532019704	0.0	0.113063814929	0.157446808511	0.0939443535188	0.284006671822	0.0903019042645	0.141172914614	0.129503546099	0.094295845998	0.158284023669	0.161938534279	0.116071428571
MMRS87723283ST-27-0-0.snv.bam	0.0882123820528	0.0964217944728	0.100671196149	0.0973221737244	0.0924451862856	0.0853103215669	0.0630144607958	0.111574846825	0.128809775771	0.0901129177057	0.351652148161	0.113063814929	0.0	0.121778519619	0.0896759555164	0.250391746125	0.0854037833712	0.124336897105	0.108569942621	0.0900430698835	0.132761734164	0.136692099866	0.0983395340865
O2.CD1-0.snv.bam	0.130052020808	0.176470588235	0.165217391304	0.118143459916	0.134453781513	0.13483156876	0.112554112554	0.139737991266	0.185570745731	0.139209081129	0.330097087379	0.157446808511	0.121778519619	0.0	0.13897866839	0.248889696705	0.13433961009	0.1688051888	0.132072829132	0.139325730292	0.0381369685167	0.0380485527544	0.163716814159
O2.UC32-1.snv.bam	0.00892664758211	0.130575307046	0.0909698996656	0.0973709834469	0.0129282482224	0.0221805092355	0.0695970695971	0.0483708431307	0.0957721323275	0.0100878322067	0.403286034354	0.0939443535188	0.0896759555164	0.13897866839	0.0	0.286180811176	0.00629357386167	0.114506546266	0.0945809092868	0.00967694770216	0.139727361246	0.143413775767	0.074880871341
O2.UC41-1.snv.bam	0.278622968175	0.289909471249	0.293099695676	0.28229728245	0.283043301709	0.283913396967	0.262726666808	0.303361090432	0.304037019252	0.28641219612	0.258571875617	0.284006671822	0.250391746125	0.248889696705	0.286180811176	0.0	0.281155273635	0.287275835161	0.294555475332	0.286107396545	0.264990417902	0.264716621004	0.297107306691
O2.UC8-2.snv.bam	0.00617044768812	0.126536488841	0.087459497149	0.0933151238154	0.0101720483284	0.0192768819495	0.0657033300489	0.0446329585247	0.09131808187	0.00653719689151	0.3975042266	0.0903019042645	0.0854037833712	0.13433961009	0.00629357386167	0.281155273635	0.0	0.110166003408	0.0892529390579	0.00639553772414	0.13506872886	0.138774717466	0.0759659996602
V1.CD41-0.snv.bam	0.105980058748	0.118385020732	0.14842868651	0.144200991284	0.109981659388	0.127489854354	0.117643441274	0.140380189981	0.0277582500371	0.11383583227	0.369784635604	0.141172914614	0.124336897105	0.1688051888	0.114506546266	0.287275835161	0.110166003408	0.0	0.140269480495	0.114159276381	0.178229587604	0.181754228065	0.13794528732
V1.UC22-1.snv.bam	0.0944577831132	0.115266106443	0.127246376812	0.0651195499297	0.0984593837535	0.0988915434858	0.07113997114	0.093595342067	0.147373320839	0.0928964384246	0.40501618123	0.129503546099	0.108569942621	0.132072829132	0.0945809092868	0.294555475332	0.0892529390579	0.140269480495	0.0	0.094087635054	0.107475927729	0.111297852474	0.130235988201
V1.UC57-0.snv.bam	0.00955382152861	0.130922368948	0.0919979296066	0.0977195097448	0.0135554221689	0.022807683182	0.0699546485261	0.0488043252235	0.095983580393	0.00201152476066	0.403687008784	0.094295845998	0.0900430698835	0.139325730292	0.00967694770216	0.286107396545	0.00639553772414	0.114159276381	0.094087635054	0.0	0.140075887544	0.143760837668	0.0803518752634
alien-11-600-0.snv.bam	0.13920186705	0.194255111977	0.166106818945	0.118807040417	0.143622200584	0.135397296274	0.113210702341	0.149291497976	0.186536402129	0.13995874619	0.356285178236	0.158284023669	0.132761734164	0.0381369685167	0.139727361246	0.264990417902	0.13506872886	0.178229587604	0.107475927729	0.140075887544	0.0	0.000396696599228	0.164615384615
alien-11-632-0.snv.bam	0.142890489529	0.197712418301	0.169806763285	0.122597280825	0.147292250233	0.139101904345	0.117123617124	0.153081028627	0.190101027086	0.143644188505	0.354099244876	0.161938534279	0.136692099866	0.0380485527544	0.143413775767	0.264716621004	0.138774717466	0.181754228065	0.111297852474	0.143760837668	0.000396696599228	0.0	0.168387413963
halbarad-11-392-0.snv.bam	0.0798567214496	0.154867256637	0.0	0.111111111111	0.0840707964602	0.0936590725745	0.10502283105	0.0875576036866	0.132298569029	0.0806137957097	0.39175257732	0.116071428571	0.0983395340865	0.163716814159	0.074880871341	0.297107306691	0.0759659996602	0.13794528732	0.130235988201	0.0803518752634	0.164615384615	0.168387413963	0.0
