	158802708-stool1.snv.bam	158802708-stool2.snv.bam	158802708-stool3.snv.bam	158822939-stool1.snv.bam	159632143-stool1.snv.bam	763435843-stool2.snv.bam	BGI002A.snv.bam	CCIS15794887ST-4-0.snv.bam	CCIS16326685ST-4-0.snv.bam	CCIS54027808ST-4-0.snv.bam	CCIS61287323ST-4-0.snv.bam	CCIS74726977ST-3-0.snv.bam	CCIS90164298ST-4-0.snv.bam	CCIS96387239ST-4-0.snv.bam	CCMD34381688ST-21-0.snv.bam	DLM001.snv.bam	DOM003.snv.bam	ED16A.snv.bam	M1.1-V1.metaG.snv.bam	M1.1-V1.metaT.snv.bam	M1.1-V2.metaG.snv.bam	M1.1-V2.metaT.snv.bam	MH0222.snv.bam	MH0257.snv.bam	MH0283.snv.bam	MH0286.snv.bam	MH0319.snv.bam	MH0329.snv.bam	MH0334.snv.bam	MH0357.snv.bam	MH0400.snv.bam	MH0404.snv.bam	MH0427.snv.bam	MH0428.snv.bam	N013A.snv.bam	N033A.snv.bam	NG-5636_239.snv.bam	NG-5636_468.snv.bam	NLM006.snv.bam	NOM017.snv.bam	O2.CD2-0.snv.bam	O2.UC12-1.snv.bam	O2.UC43-1.snv.bam	O2.UC6-0.snv.bam	O2.UC6-1.snv.bam	O2.UC6-2.snv.bam	SAMEA3136633.snv.bam	SAMEA3136699.snv.bam	SAMEA3136735.snv.bam	SAMEA3136757.snv.bam	SZEY-20A.snv.bam	SZEY-41A.snv.bam	SZEY-60A.snv.bam	SZEY-68A.snv.bam	SZEY-99A.snv.bam	T2D-108A.snv.bam	T2D-112A.snv.bam	T2D-123A.snv.bam	T2D-173A.snv.bam	T2D-2A.snv.bam	T2D-49A.snv.bam	T2D-52A.snv.bam	T2D-70A.snv.bam	V1.FI09.snv.bam	V1.FI36.snv.bam	V1.UC53-0.snv.bam	V1.UC53-4.snv.bam	V1.UC58-0.snv.bam	bugkiller-11-0-0.snv.bam	bugkiller-11-2-0.snv.bam	bugkiller-11-392-1.snv.bam	bugkiller-11-392-2.snv.bam	bugkiller-11-392-3.snv.bam	bugkiller-11-60-0.snv.bam	bugkiller-11-600-0.snv.bam	bugkiller-11-7-0.snv.bam	bugkiller-11-773-0.snv.bam	bugkiller-12-7-0.snv.bam	bugkiller-13-392-1.snv.bam	bugkiller-13-392-2.snv.bam	bugkiller-13-392-3.snv.bam	bugkiller-13-7-0.snv.bam
158802708-stool1.snv.bam	0.0	0.0	0.0	0.163069544365	0.134292565947	0.15587529976	0.175059952038	0.136690647482	0.141486810552	0.122302158273	0.139088729017	0.127098321343	0.124700239808	0.158273381295	0.146282973621	0.148681055156	0.141486810552	0.263788968825	0.165467625899	0.165467625899	0.16067146283	0.163069544365	0.131894484412	0.0791366906475	0.115107913669	0.141486810552	0.15587529976	0.158273381295	0.139088729017	0.134292565947	0.146282973621	0.143884892086	0.139088729017	0.16067146283	0.258992805755	0.146282973621	0.143884892086	0.129496402878	0.134292565947	0.247002398082	0.122302158273	0.136690647482	0.158273381295	0.20623501199	0.20623501199	0.20623501199	0.0647482014388	0.129496402878	0.151079136691	0.151079136691	0.146282973621	0.148681055156	0.258992805755	0.165467625899	0.1103117506	0.134292565947	0.268585131894	0.141486810552	0.258992805755	0.163069544365	0.26139088729	0.151079136691	0.26618705036	0.15587529976	0.163069544365	0.165467625899	0.16067146283	0.143884892086	0.158273381295	0.15587529976	0.158273381295	0.158273381295	0.158273381295	0.158273381295	0.158273381295	0.158273381295	0.158273381295	0.158273381295	0.158273381295	0.158273381295	0.158273381295	0.158273381295
158802708-stool2.snv.bam	0.0	0.0	0.0	0.163069544365	0.139088729017	0.16067146283	0.170263788969	0.136690647482	0.139088729017	0.117505995204	0.139088729017	0.127098321343	0.122302158273	0.153477218225	0.141486810552	0.148681055156	0.141486810552	0.26618705036	0.167865707434	0.165467625899	0.163069544365	0.165467625899	0.127098321343	0.0791366906475	0.117505995204	0.139088729017	0.153477218225	0.158273381295	0.134292565947	0.129496402878	0.148681055156	0.148681055156	0.139088729017	0.16067146283	0.258992805755	0.148681055156	0.143884892086	0.131894484412	0.136690647482	0.251798561151	0.122302158273	0.139088729017	0.158273381295	0.203836930456	0.203836930456	0.203836930456	0.0671462829736	0.131894484412	0.153477218225	0.151079136691	0.148681055156	0.148681055156	0.26139088729	0.167865707434	0.112709832134	0.139088729017	0.270983213429	0.139088729017	0.263788968825	0.163069544365	0.26139088729	0.151079136691	0.268585131894	0.158273381295	0.16067146283	0.170263788969	0.165467625899	0.139088729017	0.153477218225	0.151079136691	0.153477218225	0.153477218225	0.153477218225	0.153477218225	0.153477218225	0.153477218225	0.153477218225	0.153477218225	0.153477218225	0.153477218225	0.153477218225	0.153477218225
158802708-stool3.snv.bam	0.0	0.0	0.0	0.16067146283	0.131894484412	0.153477218225	0.170263788969	0.131894484412	0.136690647482	0.117505995204	0.136690647482	0.122302158273	0.119904076739	0.153477218225	0.143884892086	0.146282973621	0.136690647482	0.26139088729	0.163069544365	0.165467625899	0.158273381295	0.16067146283	0.127098321343	0.0767386091127	0.112709832134	0.136690647482	0.151079136691	0.15587529976	0.134292565947	0.129496402878	0.143884892086	0.141486810552	0.136690647482	0.15587529976	0.254196642686	0.143884892086	0.141486810552	0.127098321343	0.131894484412	0.244604316547	0.119904076739	0.134292565947	0.153477218225	0.201438848921	0.201438848921	0.201438848921	0.0647482014388	0.127098321343	0.146282973621	0.151079136691	0.143884892086	0.146282973621	0.256594724221	0.165467625899	0.107913669065	0.131894484412	0.26618705036	0.136690647482	0.256594724221	0.158273381295	0.256594724221	0.146282973621	0.263788968825	0.153477218225	0.158273381295	0.163069544365	0.16067146283	0.136690647482	0.153477218225	0.151079136691	0.153477218225	0.153477218225	0.153477218225	0.153477218225	0.153477218225	0.153477218225	0.153477218225	0.153477218225	0.153477218225	0.153477218225	0.153477218225	0.153477218225
158822939-stool1.snv.bam	0.163069544365	0.163069544365	0.16067146283	0.0	0.0959232613909	0.146282973621	0.148681055156	0.115107913669	0.141486810552	0.0887290167866	0.127098321343	0.1103117506	0.141486810552	0.139088729017	0.122302158273	0.153477218225	0.163069544365	0.239808153477	0.139088729017	0.139088729017	0.134292565947	0.139088729017	0.139088729017	0.0719424460432	0.143884892086	0.143884892086	0.124700239808	0.127098321343	0.134292565947	0.112709832134	0.117505995204	0.163069544365	0.134292565947	0.139088729017	0.213429256595	0.16067146283	0.127098321343	0.129496402878	0.112709832134	0.213429256595	0.115107913669	0.122302158273	0.179856115108	0.175059952038	0.175059952038	0.175059952038	0.0479616306954	0.129496402878	0.148681055156	0.131894484412	0.141486810552	0.124700239808	0.223021582734	0.182254196643	0.115107913669	0.131894484412	0.239808153477	0.151079136691	0.218225419664	0.153477218225	0.213429256595	0.163069544365	0.223021582734	0.127098321343	0.16067146283	0.187050359712	0.184652278177	0.163069544365	0.141486810552	0.141486810552	0.141486810552	0.141486810552	0.141486810552	0.141486810552	0.141486810552	0.141486810552	0.141486810552	0.141486810552	0.141486810552	0.141486810552	0.141486810552	0.141486810552
159632143-stool1.snv.bam	0.134292565947	0.139088729017	0.131894484412	0.0959232613909	0.0	0.0911270983213	0.1103117506	0.0983213429257	0.122302158273	0.0767386091127	0.0503597122302	0.0935251798561	0.0959232613909	0.103117505995	0.10071942446	0.117505995204	0.1103117506	0.167865707434	0.10071942446	0.0983213429257	0.0983213429257	0.0959232613909	0.10071942446	0.0407673860911	0.10071942446	0.10071942446	0.10551558753	0.0887290167866	0.1103117506	0.0791366906475	0.083932853717	0.122302158273	0.10071942446	0.10071942446	0.165467625899	0.134292565947	0.0911270983213	0.103117505995	0.0791366906475	0.151079136691	0.0503597122302	0.0503597122302	0.143884892086	0.117505995204	0.117505995204	0.117505995204	0.0359712230216	0.117505995204	0.122302158273	0.0791366906475	0.10071942446	0.129496402878	0.165467625899	0.131894484412	0.0815347721823	0.10551558753	0.165467625899	0.0959232613909	0.16067146283	0.127098321343	0.163069544365	0.119904076739	0.167865707434	0.103117505995	0.131894484412	0.158273381295	0.148681055156	0.083932853717	0.119904076739	0.119904076739	0.119904076739	0.119904076739	0.119904076739	0.119904076739	0.119904076739	0.119904076739	0.119904076739	0.119904076739	0.119904076739	0.119904076739	0.119904076739	0.119904076739
763435843-stool2.snv.bam	0.15587529976	0.16067146283	0.153477218225	0.146282973621	0.0911270983213	0.0	0.134292565947	0.136690647482	0.153477218225	0.103117505995	0.129496402878	0.1103117506	0.143884892086	0.141486810552	0.127098321343	0.146282973621	0.148681055156	0.20623501199	0.151079136691	0.143884892086	0.143884892086	0.146282973621	0.153477218225	0.083932853717	0.148681055156	0.163069544365	0.143884892086	0.134292565947	0.151079136691	0.122302158273	0.131894484412	0.143884892086	0.141486810552	0.153477218225	0.220623501199	0.134292565947	0.127098321343	0.122302158273	0.1103117506	0.208633093525	0.117505995204	0.131894484412	0.191846522782	0.163069544365	0.163069544365	0.163069544365	0.0383693045564	0.129496402878	0.16067146283	0.136690647482	0.112709832134	0.172661870504	0.225419664269	0.16067146283	0.10071942446	0.139088729017	0.218225419664	0.143884892086	0.225419664269	0.167865707434	0.218225419664	0.134292565947	0.225419664269	0.141486810552	0.153477218225	0.203836930456	0.196642685851	0.146282973621	0.143884892086	0.141486810552	0.143884892086	0.143884892086	0.143884892086	0.143884892086	0.143884892086	0.143884892086	0.143884892086	0.143884892086	0.143884892086	0.143884892086	0.143884892086	0.143884892086
BGI002A.snv.bam	0.175059952038	0.170263788969	0.170263788969	0.148681055156	0.1103117506	0.134292565947	0.0	0.165467625899	0.153477218225	0.10071942446	0.131894484412	0.115107913669	0.146282973621	0.134292565947	0.141486810552	0.148681055156	0.151079136691	0.220623501199	0.165467625899	0.163069544365	0.158273381295	0.163069544365	0.151079136691	0.0863309352518	0.148681055156	0.158273381295	0.131894484412	0.153477218225	0.139088729017	0.1103117506	0.115107913669	0.15587529976	0.136690647482	0.165467625899	0.230215827338	0.124700239808	0.124700239808	0.15587529976	0.134292565947	0.220623501199	0.112709832134	0.136690647482	0.189448441247	0.184652278177	0.184652278177	0.184652278177	0.0575539568345	0.143884892086	0.170263788969	0.153477218225	0.083932853717	0.151079136691	0.235011990408	0.119904076739	0.0863309352518	0.119904076739	0.227817745803	0.139088729017	0.230215827338	0.153477218225	0.227817745803	0.0719424460432	0.230215827338	0.15587529976	0.129496402878	0.199040767386	0.194244604317	0.165467625899	0.141486810552	0.141486810552	0.141486810552	0.141486810552	0.141486810552	0.141486810552	0.141486810552	0.141486810552	0.141486810552	0.141486810552	0.141486810552	0.141486810552	0.141486810552	0.141486810552
CCIS15794887ST-4-0.snv.bam	0.136690647482	0.136690647482	0.131894484412	0.115107913669	0.0983213429257	0.136690647482	0.165467625899	0.0	0.143884892086	0.0743405275779	0.124700239808	0.122302158273	0.131894484412	0.139088729017	0.129496402878	0.134292565947	0.139088729017	0.232613908873	0.151079136691	0.148681055156	0.143884892086	0.151079136691	0.115107913669	0.0623501199041	0.131894484412	0.115107913669	0.141486810552	0.141486810552	0.129496402878	0.115107913669	0.136690647482	0.153477218225	0.129496402878	0.124700239808	0.220623501199	0.16067146283	0.141486810552	0.117505995204	0.124700239808	0.215827338129	0.103117505995	0.131894484412	0.15587529976	0.184652278177	0.184652278177	0.184652278177	0.0503597122302	0.112709832134	0.148681055156	0.146282973621	0.143884892086	0.124700239808	0.215827338129	0.163069544365	0.112709832134	0.141486810552	0.237410071942	0.127098321343	0.218225419664	0.153477218225	0.208633093525	0.163069544365	0.220623501199	0.107913669065	0.146282973621	0.167865707434	0.16067146283	0.15587529976	0.124700239808	0.124700239808	0.124700239808	0.124700239808	0.124700239808	0.124700239808	0.124700239808	0.124700239808	0.124700239808	0.124700239808	0.124700239808	0.124700239808	0.124700239808	0.124700239808
CCIS16326685ST-4-0.snv.bam	0.141486810552	0.139088729017	0.136690647482	0.141486810552	0.122302158273	0.153477218225	0.153477218225	0.143884892086	0.0	0.124700239808	0.143884892086	0.10551558753	0.143884892086	0.148681055156	0.143884892086	0.146282973621	0.136690647482	0.143884892086	0.172661870504	0.167865707434	0.167865707434	0.172661870504	0.143884892086	0.0719424460432	0.136690647482	0.151079136691	0.122302158273	0.165467625899	0.151079136691	0.124700239808	0.139088729017	0.158273381295	0.139088729017	0.175059952038	0.153477218225	0.148681055156	0.139088729017	0.139088729017	0.141486810552	0.146282973621	0.134292565947	0.15587529976	0.158273381295	0.189448441247	0.189448441247	0.189448441247	0.0671462829736	0.124700239808	0.0503597122302	0.163069544365	0.134292565947	0.127098321343	0.15587529976	0.143884892086	0.103117505995	0.134292565947	0.141486810552	0.136690647482	0.151079136691	0.124700239808	0.136690647482	0.151079136691	0.146282973621	0.163069544365	0.16067146283	0.167865707434	0.165467625899	0.16067146283	0.151079136691	0.151079136691	0.151079136691	0.151079136691	0.151079136691	0.151079136691	0.151079136691	0.151079136691	0.151079136691	0.151079136691	0.151079136691	0.151079136691	0.151079136691	0.151079136691
CCIS54027808ST-4-0.snv.bam	0.122302158273	0.117505995204	0.117505995204	0.0887290167866	0.0767386091127	0.103117505995	0.10071942446	0.0743405275779	0.124700239808	0.0	0.0671462829736	0.0551558752998	0.0719424460432	0.0623501199041	0.083932853717	0.117505995204	0.115107913669	0.191846522782	0.115107913669	0.115107913669	0.112709832134	0.115107913669	0.0695443645084	0.031175059952	0.0791366906475	0.0935251798561	0.0959232613909	0.10071942446	0.0791366906475	0.0767386091127	0.0599520383693	0.107913669065	0.0863309352518	0.10551558753	0.187050359712	0.124700239808	0.1103117506	0.0959232613909	0.0863309352518	0.187050359712	0.0647482014388	0.0791366906475	0.163069544365	0.143884892086	0.141486810552	0.143884892086	0.031175059952	0.0863309352518	0.134292565947	0.10551558753	0.0887290167866	0.122302158273	0.187050359712	0.117505995204	0.0647482014388	0.0911270983213	0.199040767386	0.10071942446	0.187050359712	0.119904076739	0.182254196643	0.112709832134	0.187050359712	0.0671462829736	0.124700239808	0.170263788969	0.170263788969	0.0983213429257	0.122302158273	0.122302158273	0.122302158273	0.122302158273	0.122302158273	0.122302158273	0.122302158273	0.122302158273	0.122302158273	0.122302158273	0.122302158273	0.122302158273	0.122302158273	0.122302158273
CCIS61287323ST-4-0.snv.bam	0.139088729017	0.139088729017	0.136690647482	0.127098321343	0.0503597122302	0.129496402878	0.131894484412	0.124700239808	0.143884892086	0.0671462829736	0.0	0.0959232613909	0.10551558753	0.103117505995	0.0911270983213	0.134292565947	0.115107913669	0.218225419664	0.117505995204	0.119904076739	0.115107913669	0.119904076739	0.107913669065	0.0383693045564	0.103117505995	0.122302158273	0.127098321343	0.115107913669	0.10551558753	0.0551558752998	0.0863309352518	0.131894484412	0.0935251798561	0.131894484412	0.201438848921	0.158273381295	0.112709832134	0.1103117506	0.0863309352518	0.189448441247	0.0599520383693	0.0287769784173	0.189448441247	0.148681055156	0.148681055156	0.148681055156	0.0239808153477	0.115107913669	0.153477218225	0.107913669065	0.10551558753	0.141486810552	0.196642685851	0.146282973621	0.0887290167866	0.1103117506	0.220623501199	0.1103117506	0.199040767386	0.158273381295	0.203836930456	0.139088729017	0.20623501199	0.103117505995	0.127098321343	0.201438848921	0.194244604317	0.119904076739	0.141486810552	0.141486810552	0.141486810552	0.141486810552	0.141486810552	0.141486810552	0.141486810552	0.141486810552	0.141486810552	0.141486810552	0.141486810552	0.141486810552	0.141486810552	0.141486810552
CCIS74726977ST-3-0.snv.bam	0.127098321343	0.127098321343	0.122302158273	0.1103117506	0.0935251798561	0.1103117506	0.115107913669	0.122302158273	0.10551558753	0.0551558752998	0.0959232613909	0.0	0.1103117506	0.10551558753	0.0743405275779	0.136690647482	0.122302158273	0.170263788969	0.1103117506	0.10551558753	0.107913669065	0.107913669065	0.0959232613909	0.0503597122302	0.0935251798561	0.10551558753	0.0935251798561	0.103117505995	0.0935251798561	0.0743405275779	0.0815347721823	0.136690647482	0.0935251798561	0.122302158273	0.158273381295	0.122302158273	0.112709832134	0.103117505995	0.0887290167866	0.16067146283	0.0863309352518	0.107913669065	0.172661870504	0.119904076739	0.119904076739	0.119904076739	0.0407673860911	0.10551558753	0.119904076739	0.0983213429257	0.0959232613909	0.143884892086	0.167865707434	0.117505995204	0.083932853717	0.0911270983213	0.167865707434	0.112709832134	0.172661870504	0.127098321343	0.167865707434	0.124700239808	0.170263788969	0.1103117506	0.151079136691	0.182254196643	0.177458033573	0.112709832134	0.131894484412	0.131894484412	0.131894484412	0.131894484412	0.131894484412	0.131894484412	0.131894484412	0.131894484412	0.131894484412	0.131894484412	0.131894484412	0.131894484412	0.131894484412	0.131894484412
CCIS90164298ST-4-0.snv.bam	0.124700239808	0.122302158273	0.119904076739	0.141486810552	0.0959232613909	0.143884892086	0.146282973621	0.131894484412	0.143884892086	0.0719424460432	0.10551558753	0.1103117506	0.0	0.10071942446	0.115107913669	0.146282973621	0.148681055156	0.237410071942	0.139088729017	0.139088729017	0.134292565947	0.139088729017	0.112709832134	0.0431654676259	0.0935251798561	0.129496402878	0.136690647482	0.127098321343	0.10551558753	0.10551558753	0.119904076739	0.170263788969	0.115107913669	0.112709832134	0.230215827338	0.143884892086	0.139088729017	0.115107913669	0.112709832134	0.227817745803	0.0983213429257	0.10551558753	0.182254196643	0.153477218225	0.153477218225	0.153477218225	0.0479616306954	0.117505995204	0.16067146283	0.129496402878	0.139088729017	0.15587529976	0.235011990408	0.163069544365	0.0983213429257	0.136690647482	0.244604316547	0.117505995204	0.232613908873	0.163069544365	0.232613908873	0.139088729017	0.237410071942	0.112709832134	0.153477218225	0.194244604317	0.189448441247	0.10071942446	0.158273381295	0.158273381295	0.158273381295	0.158273381295	0.158273381295	0.158273381295	0.158273381295	0.158273381295	0.158273381295	0.158273381295	0.158273381295	0.158273381295	0.158273381295	0.158273381295
CCIS96387239ST-4-0.snv.bam	0.158273381295	0.153477218225	0.153477218225	0.139088729017	0.103117505995	0.141486810552	0.134292565947	0.139088729017	0.148681055156	0.0623501199041	0.103117505995	0.10551558753	0.10071942446	0.0	0.10071942446	0.153477218225	0.15587529976	0.220623501199	0.124700239808	0.122302158273	0.119904076739	0.127098321343	0.115107913669	0.0479616306954	0.1103117506	0.127098321343	0.117505995204	0.115107913669	0.107913669065	0.0959232613909	0.0911270983213	0.16067146283	0.115107913669	0.151079136691	0.227817745803	0.153477218225	0.124700239808	0.119904076739	0.10071942446	0.213429256595	0.103117505995	0.10551558753	0.208633093525	0.151079136691	0.151079136691	0.151079136691	0.0407673860911	0.134292565947	0.136690647482	0.122302158273	0.1103117506	0.172661870504	0.218225419664	0.148681055156	0.10551558753	0.141486810552	0.223021582734	0.143884892086	0.218225419664	0.172661870504	0.218225419664	0.146282973621	0.220623501199	0.117505995204	0.177458033573	0.218225419664	0.21103117506	0.127098321343	0.170263788969	0.170263788969	0.170263788969	0.170263788969	0.170263788969	0.170263788969	0.170263788969	0.170263788969	0.170263788969	0.170263788969	0.170263788969	0.170263788969	0.170263788969	0.170263788969
CCMD34381688ST-21-0.snv.bam	0.146282973621	0.141486810552	0.143884892086	0.122302158273	0.10071942446	0.127098321343	0.141486810552	0.129496402878	0.143884892086	0.083932853717	0.0911270983213	0.0743405275779	0.115107913669	0.10071942446	0.0	0.141486810552	0.15587529976	0.201438848921	0.0455635491607	0.0455635491607	0.0455635491607	0.0479616306954	0.122302158273	0.0575539568345	0.117505995204	0.124700239808	0.117505995204	0.0359712230216	0.10551558753	0.0863309352518	0.0983213429257	0.148681055156	0.0743405275779	0.143884892086	0.20623501199	0.146282973621	0.119904076739	0.10551558753	0.0383693045564	0.199040767386	0.10071942446	0.0887290167866	0.191846522782	0.0719424460432	0.0719424460432	0.0719424460432	0.0287769784173	0.122302158273	0.143884892086	0.0359712230216	0.122302158273	0.163069544365	0.203836930456	0.153477218225	0.1103117506	0.139088729017	0.208633093525	0.124700239808	0.20623501199	0.15587529976	0.203836930456	0.151079136691	0.21103117506	0.117505995204	0.167865707434	0.203836930456	0.199040767386	0.124700239808	0.148681055156	0.148681055156	0.148681055156	0.148681055156	0.148681055156	0.148681055156	0.148681055156	0.148681055156	0.148681055156	0.148681055156	0.148681055156	0.148681055156	0.148681055156	0.148681055156
DLM001.snv.bam	0.148681055156	0.148681055156	0.146282973621	0.153477218225	0.117505995204	0.146282973621	0.148681055156	0.134292565947	0.146282973621	0.117505995204	0.134292565947	0.136690647482	0.146282973621	0.153477218225	0.141486810552	0.0	0.1103117506	0.237410071942	0.163069544365	0.16067146283	0.16067146283	0.16067146283	0.15587529976	0.0815347721823	0.148681055156	0.170263788969	0.153477218225	0.153477218225	0.148681055156	0.1103117506	0.141486810552	0.167865707434	0.143884892086	0.194244604317	0.215827338129	0.119904076739	0.172661870504	0.139088729017	0.136690647482	0.225419664269	0.127098321343	0.139088729017	0.184652278177	0.194244604317	0.194244604317	0.194244604317	0.0623501199041	0.107913669065	0.143884892086	0.153477218225	0.10071942446	0.124700239808	0.223021582734	0.172661870504	0.0407673860911	0.122302158273	0.244604316547	0.0743405275779	0.21103117506	0.136690647482	0.208633093525	0.141486810552	0.218225419664	0.141486810552	0.124700239808	0.199040767386	0.189448441247	0.163069544365	0.103117505995	0.103117505995	0.103117505995	0.103117505995	0.103117505995	0.103117505995	0.103117505995	0.103117505995	0.103117505995	0.103117505995	0.103117505995	0.103117505995	0.103117505995	0.103117505995
DOM003.snv.bam	0.141486810552	0.141486810552	0.136690647482	0.163069544365	0.1103117506	0.148681055156	0.151079136691	0.139088729017	0.136690647482	0.115107913669	0.115107913669	0.122302158273	0.148681055156	0.15587529976	0.15587529976	0.1103117506	0.0	0.254196642686	0.179856115108	0.175059952038	0.172661870504	0.177458033573	0.15587529976	0.0647482014388	0.141486810552	0.172661870504	0.131894484412	0.167865707434	0.158273381295	0.112709832134	0.16067146283	0.141486810552	0.15587529976	0.177458033573	0.242206235012	0.139088729017	0.151079136691	0.165467625899	0.141486810552	0.235011990408	0.129496402878	0.136690647482	0.189448441247	0.201438848921	0.201438848921	0.201438848921	0.052757793765	0.124700239808	0.158273381295	0.163069544365	0.139088729017	0.112709832134	0.235011990408	0.151079136691	0.0887290167866	0.119904076739	0.251798561151	0.0767386091127	0.237410071942	0.167865707434	0.232613908873	0.127098321343	0.235011990408	0.153477218225	0.112709832134	0.203836930456	0.196642685851	0.146282973621	0.115107913669	0.115107913669	0.115107913669	0.115107913669	0.115107913669	0.115107913669	0.115107913669	0.115107913669	0.115107913669	0.115107913669	0.115107913669	0.115107913669	0.115107913669	0.115107913669
ED16A.snv.bam	0.263788968825	0.26618705036	0.26139088729	0.239808153477	0.167865707434	0.20623501199	0.220623501199	0.232613908873	0.143884892086	0.191846522782	0.218225419664	0.170263788969	0.237410071942	0.220623501199	0.201438848921	0.237410071942	0.254196642686	0.0	0.232613908873	0.232613908873	0.232613908873	0.227817745803	0.227817745803	0.119904076739	0.21103117506	0.225419664269	0.213429256595	0.223021582734	0.239808153477	0.194244604317	0.184652278177	0.218225419664	0.189448441247	0.247002398082	0.0599520383693	0.218225419664	0.196642685851	0.208633093525	0.184652278177	0.0359712230216	0.194244604317	0.21103117506	0.26139088729	0.258992805755	0.258992805755	0.258992805755	0.0695443645084	0.220623501199	0.136690647482	0.218225419664	0.189448441247	0.242206235012	0.0479616306954	0.218225419664	0.187050359712	0.213429256595	0.0215827338129	0.223021582734	0.0575539568345	0.21103117506	0.0335731414868	0.232613908873	0.0383693045564	0.220623501199	0.26618705036	0.270983213429	0.263788968825	0.232613908873	0.237410071942	0.237410071942	0.237410071942	0.237410071942	0.237410071942	0.237410071942	0.237410071942	0.237410071942	0.237410071942	0.237410071942	0.237410071942	0.237410071942	0.237410071942	0.237410071942
M1.1-V1.metaG.snv.bam	0.165467625899	0.167865707434	0.163069544365	0.139088729017	0.10071942446	0.151079136691	0.165467625899	0.151079136691	0.172661870504	0.115107913669	0.117505995204	0.1103117506	0.139088729017	0.124700239808	0.0455635491607	0.163069544365	0.179856115108	0.232613908873	0.0	0.0	0.0	0.0	0.148681055156	0.0791366906475	0.129496402878	0.146282973621	0.139088729017	0.0143884892086	0.122302158273	0.119904076739	0.124700239808	0.170263788969	0.10071942446	0.165467625899	0.235011990408	0.172661870504	0.141486810552	0.134292565947	0.0263788968825	0.225419664269	0.1103117506	0.112709832134	0.208633093525	0.052757793765	0.052757793765	0.052757793765	0.00479616306954	0.143884892086	0.167865707434	0.0239808153477	0.136690647482	0.191846522782	0.237410071942	0.172661870504	0.127098321343	0.16067146283	0.242206235012	0.148681055156	0.235011990408	0.189448441247	0.235011990408	0.177458033573	0.244604316547	0.151079136691	0.201438848921	0.220623501199	0.213429256595	0.148681055156	0.182254196643	0.182254196643	0.182254196643	0.182254196643	0.182254196643	0.182254196643	0.182254196643	0.182254196643	0.182254196643	0.182254196643	0.182254196643	0.182254196643	0.182254196643	0.182254196643
M1.1-V1.metaT.snv.bam	0.165467625899	0.165467625899	0.165467625899	0.139088729017	0.0983213429257	0.143884892086	0.163069544365	0.148681055156	0.167865707434	0.115107913669	0.119904076739	0.10551558753	0.139088729017	0.122302158273	0.0455635491607	0.16067146283	0.175059952038	0.232613908873	0.0	0.0	0.0	0.0	0.148681055156	0.0767386091127	0.124700239808	0.143884892086	0.136690647482	0.0143884892086	0.122302158273	0.117505995204	0.124700239808	0.165467625899	0.0959232613909	0.163069544365	0.235011990408	0.170263788969	0.139088729017	0.131894484412	0.0215827338129	0.225419664269	0.107913669065	0.112709832134	0.21103117506	0.0503597122302	0.0503597122302	0.0503597122302	0.00479616306954	0.139088729017	0.165467625899	0.0239808153477	0.131894484412	0.189448441247	0.235011990408	0.170263788969	0.124700239808	0.16067146283	0.242206235012	0.146282973621	0.235011990408	0.184652278177	0.235011990408	0.170263788969	0.244604316547	0.148681055156	0.199040767386	0.223021582734	0.215827338129	0.148681055156	0.177458033573	0.177458033573	0.177458033573	0.177458033573	0.177458033573	0.177458033573	0.177458033573	0.177458033573	0.177458033573	0.177458033573	0.177458033573	0.177458033573	0.177458033573	0.177458033573
M1.1-V2.metaG.snv.bam	0.16067146283	0.163069544365	0.158273381295	0.134292565947	0.0983213429257	0.143884892086	0.158273381295	0.143884892086	0.167865707434	0.112709832134	0.115107913669	0.107913669065	0.134292565947	0.119904076739	0.0455635491607	0.16067146283	0.172661870504	0.232613908873	0.0	0.0	0.0	0.0	0.146282973621	0.0743405275779	0.124700239808	0.141486810552	0.134292565947	0.0143884892086	0.122302158273	0.115107913669	0.122302158273	0.16067146283	0.0959232613909	0.158273381295	0.235011990408	0.165467625899	0.134292565947	0.129496402878	0.0263788968825	0.225419664269	0.107913669065	0.1103117506	0.201438848921	0.052757793765	0.052757793765	0.052757793765	0.00479616306954	0.136690647482	0.165467625899	0.0239808153477	0.134292565947	0.184652278177	0.235011990408	0.172661870504	0.122302158273	0.15587529976	0.242206235012	0.141486810552	0.235011990408	0.182254196643	0.235011990408	0.172661870504	0.244604316547	0.148681055156	0.194244604317	0.213429256595	0.20623501199	0.141486810552	0.172661870504	0.172661870504	0.172661870504	0.172661870504	0.172661870504	0.172661870504	0.172661870504	0.172661870504	0.172661870504	0.172661870504	0.172661870504	0.172661870504	0.172661870504	0.172661870504
M1.1-V2.metaT.snv.bam	0.163069544365	0.165467625899	0.16067146283	0.139088729017	0.0959232613909	0.146282973621	0.163069544365	0.151079136691	0.172661870504	0.115107913669	0.119904076739	0.107913669065	0.139088729017	0.127098321343	0.0479616306954	0.16067146283	0.177458033573	0.227817745803	0.0	0.0	0.0	0.0	0.148681055156	0.0791366906475	0.127098321343	0.143884892086	0.136690647482	0.0143884892086	0.124700239808	0.117505995204	0.122302158273	0.165467625899	0.0983213429257	0.165467625899	0.227817745803	0.175059952038	0.139088729017	0.136690647482	0.0239808153477	0.218225419664	0.107913669065	0.115107913669	0.208633093525	0.0479616306954	0.0479616306954	0.0479616306954	0.00479616306954	0.139088729017	0.16067146283	0.0215827338129	0.136690647482	0.187050359712	0.227817745803	0.177458033573	0.124700239808	0.15587529976	0.235011990408	0.148681055156	0.227817745803	0.184652278177	0.227817745803	0.179856115108	0.242206235012	0.151079136691	0.196642685851	0.215827338129	0.213429256595	0.146282973621	0.179856115108	0.179856115108	0.179856115108	0.179856115108	0.179856115108	0.179856115108	0.179856115108	0.179856115108	0.179856115108	0.179856115108	0.179856115108	0.179856115108	0.179856115108	0.179856115108
MH0222.snv.bam	0.131894484412	0.127098321343	0.127098321343	0.139088729017	0.10071942446	0.153477218225	0.151079136691	0.115107913669	0.143884892086	0.0695443645084	0.107913669065	0.0959232613909	0.112709832134	0.115107913669	0.122302158273	0.15587529976	0.15587529976	0.227817745803	0.148681055156	0.148681055156	0.146282973621	0.148681055156	0.0	0.0623501199041	0.103117505995	0.083932853717	0.139088729017	0.136690647482	0.0959232613909	0.103117505995	0.103117505995	0.165467625899	0.127098321343	0.141486810552	0.218225419664	0.153477218225	0.143884892086	0.10551558753	0.122302158273	0.218225419664	0.0959232613909	0.0983213429257	0.179856115108	0.175059952038	0.175059952038	0.175059952038	0.052757793765	0.134292565947	0.151079136691	0.129496402878	0.139088729017	0.153477218225	0.220623501199	0.153477218225	0.107913669065	0.151079136691	0.230215827338	0.129496402878	0.223021582734	0.165467625899	0.220623501199	0.15587529976	0.220623501199	0.136690647482	0.163069544365	0.189448441247	0.187050359712	0.122302158273	0.15587529976	0.15587529976	0.15587529976	0.15587529976	0.15587529976	0.15587529976	0.15587529976	0.15587529976	0.15587529976	0.15587529976	0.15587529976	0.15587529976	0.15587529976	0.15587529976
MH0257.snv.bam	0.0791366906475	0.0791366906475	0.0767386091127	0.0719424460432	0.0407673860911	0.083932853717	0.0863309352518	0.0623501199041	0.0719424460432	0.031175059952	0.0383693045564	0.0503597122302	0.0431654676259	0.0479616306954	0.0575539568345	0.0815347721823	0.0647482014388	0.119904076739	0.0791366906475	0.0767386091127	0.0743405275779	0.0791366906475	0.0623501199041	0.0	0.0551558752998	0.0671462829736	0.0767386091127	0.0695443645084	0.0695443645084	0.0383693045564	0.052757793765	0.0791366906475	0.0623501199041	0.0815347721823	0.122302158273	0.0767386091127	0.083932853717	0.0647482014388	0.0623501199041	0.107913669065	0.0431654676259	0.0407673860911	0.10071942446	0.10071942446	0.10071942446	0.10071942446	0.0215827338129	0.0623501199041	0.0719424460432	0.0719424460432	0.0671462829736	0.0815347721823	0.119904076739	0.0983213429257	0.0479616306954	0.0743405275779	0.119904076739	0.0551558752998	0.117505995204	0.107913669065	0.119904076739	0.0911270983213	0.117505995204	0.0575539568345	0.0983213429257	0.1103117506	0.10551558753	0.0695443645084	0.0887290167866	0.0887290167866	0.0887290167866	0.0887290167866	0.0887290167866	0.0887290167866	0.0887290167866	0.0887290167866	0.0887290167866	0.0887290167866	0.0887290167866	0.0887290167866	0.0887290167866	0.0887290167866
MH0283.snv.bam	0.115107913669	0.117505995204	0.112709832134	0.143884892086	0.10071942446	0.148681055156	0.148681055156	0.131894484412	0.136690647482	0.0791366906475	0.103117505995	0.0935251798561	0.0935251798561	0.1103117506	0.117505995204	0.148681055156	0.141486810552	0.21103117506	0.129496402878	0.124700239808	0.124700239808	0.127098321343	0.103117505995	0.0551558752998	0.0	0.107913669065	0.127098321343	0.117505995204	0.1103117506	0.10071942446	0.107913669065	0.151079136691	0.1103117506	0.136690647482	0.199040767386	0.148681055156	0.136690647482	0.1103117506	0.0983213429257	0.199040767386	0.0935251798561	0.107913669065	0.179856115108	0.15587529976	0.15587529976	0.15587529976	0.0503597122302	0.127098321343	0.139088729017	0.115107913669	0.127098321343	0.167865707434	0.201438848921	0.139088729017	0.0983213429257	0.131894484412	0.213429256595	0.134292565947	0.208633093525	0.158273381295	0.203836930456	0.141486810552	0.20623501199	0.124700239808	0.163069544365	0.191846522782	0.187050359712	0.10551558753	0.153477218225	0.153477218225	0.153477218225	0.153477218225	0.153477218225	0.153477218225	0.153477218225	0.153477218225	0.153477218225	0.153477218225	0.153477218225	0.153477218225	0.153477218225	0.153477218225
MH0286.snv.bam	0.141486810552	0.139088729017	0.136690647482	0.143884892086	0.10071942446	0.163069544365	0.158273381295	0.115107913669	0.151079136691	0.0935251798561	0.122302158273	0.10551558753	0.129496402878	0.127098321343	0.124700239808	0.170263788969	0.172661870504	0.225419664269	0.146282973621	0.143884892086	0.141486810552	0.143884892086	0.083932853717	0.0671462829736	0.107913669065	0.0	0.131894484412	0.136690647482	0.107913669065	0.115107913669	0.1103117506	0.170263788969	0.139088729017	0.141486810552	0.213429256595	0.167865707434	0.134292565947	0.107913669065	0.119904076739	0.21103117506	0.10071942446	0.129496402878	0.184652278177	0.172661870504	0.172661870504	0.172661870504	0.0599520383693	0.139088729017	0.151079136691	0.129496402878	0.146282973621	0.165467625899	0.215827338129	0.158273381295	0.117505995204	0.153477218225	0.232613908873	0.139088729017	0.218225419664	0.170263788969	0.220623501199	0.158273381295	0.225419664269	0.151079136691	0.175059952038	0.194244604317	0.189448441247	0.141486810552	0.15587529976	0.15587529976	0.15587529976	0.15587529976	0.15587529976	0.15587529976	0.15587529976	0.15587529976	0.15587529976	0.15587529976	0.15587529976	0.15587529976	0.15587529976	0.15587529976
MH0319.snv.bam	0.15587529976	0.153477218225	0.151079136691	0.124700239808	0.10551558753	0.143884892086	0.131894484412	0.141486810552	0.122302158273	0.0959232613909	0.127098321343	0.0935251798561	0.136690647482	0.117505995204	0.117505995204	0.153477218225	0.131894484412	0.213429256595	0.139088729017	0.136690647482	0.134292565947	0.136690647482	0.139088729017	0.0767386091127	0.127098321343	0.131894484412	0.0	0.127098321343	0.112709832134	0.117505995204	0.122302158273	0.148681055156	0.139088729017	0.148681055156	0.20623501199	0.139088729017	0.141486810552	0.134292565947	0.10071942446	0.203836930456	0.1103117506	0.139088729017	0.175059952038	0.15587529976	0.15587529976	0.15587529976	0.0575539568345	0.119904076739	0.141486810552	0.124700239808	0.107913669065	0.16067146283	0.213429256595	0.131894484412	0.0935251798561	0.131894484412	0.213429256595	0.129496402878	0.220623501199	0.141486810552	0.21103117506	0.119904076739	0.21103117506	0.134292565947	0.148681055156	0.182254196643	0.182254196643	0.141486810552	0.163069544365	0.163069544365	0.163069544365	0.163069544365	0.163069544365	0.163069544365	0.163069544365	0.16067146283	0.163069544365	0.163069544365	0.16067146283	0.163069544365	0.163069544365	0.163069544365
MH0329.snv.bam	0.158273381295	0.158273381295	0.15587529976	0.127098321343	0.0887290167866	0.134292565947	0.153477218225	0.141486810552	0.165467625899	0.10071942446	0.115107913669	0.103117505995	0.127098321343	0.115107913669	0.0359712230216	0.153477218225	0.167865707434	0.223021582734	0.0143884892086	0.0143884892086	0.0143884892086	0.0143884892086	0.136690647482	0.0695443645084	0.117505995204	0.136690647482	0.127098321343	0.0	0.117505995204	0.107913669065	0.1103117506	0.16067146283	0.0815347721823	0.151079136691	0.225419664269	0.15587529976	0.122302158273	0.115107913669	0.0191846522782	0.215827338129	0.10071942446	0.10551558753	0.203836930456	0.0407673860911	0.0407673860911	0.0407673860911	0.00479616306954	0.131894484412	0.151079136691	0.0167865707434	0.131894484412	0.177458033573	0.225419664269	0.165467625899	0.115107913669	0.148681055156	0.232613908873	0.134292565947	0.225419664269	0.170263788969	0.225419664269	0.16067146283	0.235011990408	0.143884892086	0.187050359712	0.218225419664	0.21103117506	0.139088729017	0.163069544365	0.163069544365	0.163069544365	0.163069544365	0.163069544365	0.163069544365	0.163069544365	0.163069544365	0.163069544365	0.163069544365	0.163069544365	0.163069544365	0.163069544365	0.163069544365
MH0334.snv.bam	0.139088729017	0.134292565947	0.134292565947	0.134292565947	0.1103117506	0.151079136691	0.139088729017	0.129496402878	0.151079136691	0.0791366906475	0.10551558753	0.0935251798561	0.10551558753	0.107913669065	0.10551558753	0.148681055156	0.158273381295	0.239808153477	0.122302158273	0.122302158273	0.122302158273	0.124700239808	0.0959232613909	0.0695443645084	0.1103117506	0.107913669065	0.112709832134	0.117505995204	0.0	0.115107913669	0.1103117506	0.170263788969	0.107913669065	0.139088729017	0.225419664269	0.151079136691	0.148681055156	0.131894484412	0.103117505995	0.223021582734	0.0911270983213	0.119904076739	0.199040767386	0.143884892086	0.143884892086	0.143884892086	0.0575539568345	0.129496402878	0.16067146283	0.115107913669	0.136690647482	0.153477218225	0.235011990408	0.151079136691	0.10551558753	0.15587529976	0.237410071942	0.134292565947	0.235011990408	0.158273381295	0.230215827338	0.139088729017	0.235011990408	0.136690647482	0.151079136691	0.213429256595	0.20623501199	0.127098321343	0.158273381295	0.158273381295	0.158273381295	0.158273381295	0.15587529976	0.158273381295	0.158273381295	0.158273381295	0.158273381295	0.158273381295	0.158273381295	0.158273381295	0.158273381295	0.158273381295
MH0357.snv.bam	0.134292565947	0.129496402878	0.129496402878	0.112709832134	0.0791366906475	0.122302158273	0.1103117506	0.115107913669	0.124700239808	0.0767386091127	0.0551558752998	0.0743405275779	0.10551558753	0.0959232613909	0.0863309352518	0.1103117506	0.112709832134	0.194244604317	0.119904076739	0.117505995204	0.115107913669	0.117505995204	0.103117505995	0.0383693045564	0.10071942446	0.115107913669	0.117505995204	0.107913669065	0.115107913669	0.0	0.0695443645084	0.127098321343	0.0935251798561	0.127098321343	0.184652278177	0.129496402878	0.127098321343	0.0863309352518	0.0959232613909	0.172661870504	0.0743405275779	0.0599520383693	0.177458033573	0.148681055156	0.148681055156	0.148681055156	0.031175059952	0.0983213429257	0.141486810552	0.10551558753	0.0863309352518	0.139088729017	0.177458033573	0.131894484412	0.0767386091127	0.10071942446	0.194244604317	0.0959232613909	0.182254196643	0.136690647482	0.177458033573	0.127098321343	0.187050359712	0.10551558753	0.131894484412	0.182254196643	0.184652278177	0.112709832134	0.122302158273	0.122302158273	0.122302158273	0.122302158273	0.122302158273	0.122302158273	0.122302158273	0.122302158273	0.122302158273	0.122302158273	0.122302158273	0.122302158273	0.122302158273	0.122302158273
MH0400.snv.bam	0.146282973621	0.148681055156	0.143884892086	0.117505995204	0.083932853717	0.131894484412	0.115107913669	0.136690647482	0.139088729017	0.0599520383693	0.0863309352518	0.0815347721823	0.119904076739	0.0911270983213	0.0983213429257	0.141486810552	0.16067146283	0.184652278177	0.124700239808	0.124700239808	0.122302158273	0.122302158273	0.103117505995	0.052757793765	0.107913669065	0.1103117506	0.122302158273	0.1103117506	0.1103117506	0.0695443645084	0.0	0.141486810552	0.1103117506	0.139088729017	0.189448441247	0.139088729017	0.1103117506	0.0935251798561	0.0959232613909	0.179856115108	0.0695443645084	0.0599520383693	0.175059952038	0.148681055156	0.148681055156	0.148681055156	0.0239808153477	0.134292565947	0.127098321343	0.107913669065	0.0959232613909	0.16067146283	0.187050359712	0.15587529976	0.0935251798561	0.131894484412	0.196642685851	0.139088729017	0.182254196643	0.136690647482	0.184652278177	0.127098321343	0.196642685851	0.127098321343	0.167865707434	0.179856115108	0.177458033573	0.131894484412	0.151079136691	0.151079136691	0.151079136691	0.151079136691	0.151079136691	0.151079136691	0.151079136691	0.151079136691	0.151079136691	0.151079136691	0.151079136691	0.151079136691	0.151079136691	0.151079136691
