	158499257-stool1.snv.bam	158499257-stool2.snv.bam	158802708-stool1.snv.bam	158802708-stool2.snv.bam	158802708-stool3.snv.bam	159632143-stool1.snv.bam	CCIS09568613ST-4-0.snv.bam	CCIS81887263ST-4-0.snv.bam	DLM019.snv.bam	M1.4-V2.metaG.snv.bam	MH0206.snv.bam	MH0220.snv.bam	MH0222.snv.bam	MH0250.snv.bam	MH0276.snv.bam	MH0280.snv.bam	MH0328.snv.bam	MH0339.snv.bam	MH0340.snv.bam	MH0346.snv.bam	MH0369.snv.bam	MH0390.snv.bam	MH0412.snv.bam	MH0447.snv.bam	MH0451.snv.bam	MH0453.snv.bam	MMRS34569532ST-27-0-0.snv.bam	MMRS57276462ST-27-0-0.snv.bam	MMRS94549160ST-27-0-0.snv.bam	MMRS95277876ST-27-0-0.snv.bam	MMRS95479054ST-27-0-0.snv.bam	O2.UC28-0.snv.bam	O2.UC28-2.snv.bam
158499257-stool1.snv.bam	0.0	0.00183560971814	0.222705814333	0.218093061431	0.22273055724	0.219721968608	0.109694537488	0.0881732210483	0.114285737542	0.187967701027	0.0889810271258	0.286146062436	0.249996115696	0.219746828503	0.263756973732	0.0853308264513	0.100600635792	0.1303236301	0.205736267283	0.238047817993	0.244404518711	0.172122677709	0.107343731531	0.0886336663778	0.0746036135124	0.0891143775269	0.248223475426	0.0713663944849	0.242911008555	0.219135962512	0.0788142000839	0.085479698019	0.0853483019756
158499257-stool2.snv.bam	0.00183560971814	0.0	0.218470439519	0.213233896483	0.218135375282	0.218318431646	0.11293276345	0.0869015434284	0.117011562536	0.185178490864	0.0848036625228	0.287596269857	0.246666635833	0.218329267092	0.255151064998	0.0865226263932	0.102643737013	0.13458684588	0.200312448129	0.237860446341	0.244545727683	0.168464056289	0.110168728978	0.0938286972864	0.0796086264067	0.0845147839211	0.248523276126	0.0746329432217	0.243320707071	0.213177091206	0.0804554131996	0.0873085331969	0.0869615501773
158802708-stool1.snv.bam	0.222705814333	0.218470439519	0.0	0.00166432395323	0.000837541062039	0.14536502734	0.185639060441	0.218085568443	0.204730426303	0.117232514894	0.202952767283	0.234063800116	0.186276938878	0.135238035367	0.196215310503	0.217445653185	0.220612506989	0.220496571458	0.18173980668	0.198957463738	0.208721462446	0.190091697392	0.207370045333	0.226851503407	0.211979100655	0.200939666404	0.181354319848	0.212008323905	0.207107389184	0.186560720025	0.196287052456	0.211411224049	0.211206460798
158802708-stool2.snv.bam	0.218093061431	0.213233896483	0.00166432395323	0.0	0.00176417974982	0.139048125225	0.178690265569	0.209896437495	0.195854731058	0.117877276467	0.19384436894	0.234028710978	0.185566285391	0.131583606719	0.195411163537	0.209014605618	0.212306488465	0.211889621713	0.17166688457	0.186277244266	0.202024037793	0.183343316641	0.197813063755	0.218309503537	0.202656033276	0.191037979654	0.17483710508	0.20580247262	0.206594873632	0.177830875211	0.186726827954	0.199572954688	0.199679686331
158802708-stool3.snv.bam	0.22273055724	0.218135375282	0.000837541062039	0.00176417974982	0.0	0.145380627981	0.185652804642	0.217574842076	0.204667220791	0.117076683018	0.203169415025	0.234082667616	0.186496591792	0.13545599216	0.196186381536	0.217537232369	0.220920154823	0.2207132192	0.181646376904	0.199051737418	0.208496775997	0.189896260973	0.207415256461	0.226971203426	0.212001173991	0.201055600303	0.181441094153	0.211871521336	0.206797251912	0.186535204991	0.196154370446	0.211627871791	0.211345108463
159632143-stool1.snv.bam	0.219721968608	0.218318431646	0.14536502734	0.139048125225	0.145380627981	0.0	0.188915772988	0.227354162243	0.214023500883	0.0993766039224	0.215287650262	0.240515302538	0.175359317122	0.141190145069	0.196832546997	0.220539658843	0.217823887718	0.223428894786	0.194487150868	0.218120134864	0.154980046318	0.172235094023	0.216603859962	0.229794318015	0.214821675563	0.212995066856	0.155381251569	0.211858204329	0.167166704321	0.148472730029	0.211504083991	0.220688978819	0.22067024678
CCIS09568613ST-4-0.snv.bam	0.109694537488	0.11293276345	0.185639060441	0.178690265569	0.185652804642	0.188915772988	0.0	0.0797018348624	0.0938638243477	0.171339563863	0.0898955698362	0.282909726077	0.216147553878	0.198031072409	0.242389421533	0.0679639077552	0.0896250420325	0.0985341315088	0.196013589002	0.231368719363	0.220150923038	0.167889611479	0.0931511101373	0.123105282716	0.12621277077	0.102494070104	0.223463203463	0.100133511348	0.207706754493	0.195364238411	0.0763520678685	0.0863516713785	0.0860126090909
CCIS81887263ST-4-0.snv.bam	0.0881732210483	0.0869015434284	0.218085568443	0.209896437495	0.217574842076	0.227354162243	0.0797018348624	0.0	0.117945696982	0.19523993808	0.0865200679036	0.294054644871	0.239410373671	0.227032403275	0.259140656401	0.0677420714546	0.0771877306002	0.101350138771	0.212767283328	0.245653696261	0.258284452204	0.184813239204	0.0988712253194	0.104423377685	0.102819363012	0.110907230797	0.243571329886	0.106891741071	0.232024999835	0.23046875	0.0818911729936	0.0678239515813	0.0675548289755
DLM019.snv.bam	0.114285737542	0.117011562536	0.204730426303	0.195854731058	0.204667220791	0.214023500883	0.0938638243477	0.117945696982	0.0	0.188102002844	0.109460242772	0.285765614871	0.22821881183	0.199961460739	0.269408884468	0.104318709291	0.0906096156835	0.132668775879	0.221562959558	0.239199165966	0.24401079768	0.17787511328	0.10930369576	0.135526282493	0.115903800757	0.10838238576	0.245652019711	0.124290282307	0.241081987102	0.226091560769	0.0961866499203	0.0935245343158	0.0933089001398
M1.4-V2.metaG.snv.bam	0.187967701027	0.185178490864	0.117232514894	0.117877276467	0.117076683018	0.0993766039224	0.171339563863	0.19523993808	0.188102002844	0.0	0.177155823003	0.236573034623	0.134981684982	0.106942032854	0.188891186362	0.182646540466	0.186112734857	0.198208397743	0.143041448559	0.187643490941	0.13362970363	0.123802099005	0.1750536084	0.183081963119	0.185801913568	0.18416878572	0.16121506976	0.169244767971	0.161543640833	0.13	0.179146537842	0.182799076565	0.182455841203
MH0206.snv.bam	0.0889810271258	0.0848036625228	0.202952767283	0.19384436894	0.203169415025	0.215287650262	0.0898955698362	0.0865200679036	0.109460242772	0.177155823003	0.0	0.270724593285	0.229029703271	0.210799825977	0.254970518882	0.0714318396706	0.0859220104269	0.121670237066	0.202427785704	0.223336423127	0.236760037667	0.163962468446	0.0987543601928	0.116463557013	0.0970433982195	0.098471871223	0.246671027216	0.107821427388	0.222805424238	0.210798084656	0.0862021708945	0.0760761087322	0.076333666859
MH0220.snv.bam	0.286146062436	0.287596269857	0.234063800116	0.234028710978	0.234082667616	0.240515302538	0.282909726077	0.294054644871	0.285765614871	0.236573034623	0.270724593285	0.0	0.289997145514	0.251372007524	0.289198512539	0.291960833244	0.288826400603	0.285648982104	0.252274348252	0.158870809532	0.280762982271	0.251801560422	0.28480369246	0.277157228559	0.279114644109	0.266042395783	0.266561555909	0.289571640712	0.263436500253	0.260479395497	0.283585085411	0.285437203645	0.284769986481
MH0222.snv.bam	0.249996115696	0.246666635833	0.186276938878	0.185566285391	0.186496591792	0.175359317122	0.216147553878	0.239410373671	0.22821881183	0.134981684982	0.229029703271	0.289997145514	0.0	0.132280017254	0.164423657183	0.225696684458	0.235025654747	0.246866975125	0.204096538734	0.237516445591	0.222910372456	0.219403277103	0.230343043643	0.246897888539	0.25426154037	0.245318220546	0.141635884441	0.240147209113	0.206520259828	0.173148853347	0.241664379407	0.237457457001	0.237119077241
MH0250.snv.bam	0.219746828503	0.218329267092	0.135238035367	0.131583606719	0.13545599216	0.141190145069	0.198031072409	0.227032403275	0.199961460739	0.106942032854	0.210799825977	0.251372007524	0.132280017254	0.0	0.179078449877	0.219244556102	0.222247162819	0.222206138749	0.177113852346	0.219887840892	0.179505288785	0.137856868364	0.209394815565	0.222271054801	0.223187811552	0.211052196208	0.148448441644	0.218434430689	0.185651686755	0.152471113326	0.211514057389	0.213172513893	0.213304555333
MH0276.snv.bam	0.263756973732	0.255151064998	0.196215310503	0.195411163537	0.196186381536	0.196832546997	0.242389421533	0.259140656401	0.269408884468	0.188891186362	0.254970518882	0.289198512539	0.164423657183	0.179078449877	0.0	0.262942236905	0.254204498441	0.260371281428	0.177874337192	0.223744912567	0.190168435175	0.210942387275	0.256616480394	0.260242034595	0.261384576775	0.257831837999	0.148999973645	0.267248078287	0.209322724246	0.186605244941	0.258666469418	0.269779696515	0.270051408617
MH0280.snv.bam	0.0853308264513	0.0865226263932	0.217445653185	0.209014605618	0.217537232369	0.220539658843	0.0679639077552	0.0677420714546	0.104318709291	0.182646540466	0.0714318396706	0.291960833244	0.225696684458	0.219244556102	0.262942236905	0.0	0.0648196585535	0.100100987169	0.211955547044	0.24505591311	0.243851450313	0.178304189212	0.0832951138067	0.130173339957	0.0985168452134	0.0940021691011	0.255083363093	0.0885185801066	0.243820617225	0.223268384482	0.0644686864829	0.0435234883392	0.0437027353888
MH0328.snv.bam	0.100600635792	0.102643737013	0.220612506989	0.212306488465	0.220920154823	0.217823887718	0.0896250420325	0.0771877306002	0.0906096156835	0.186112734857	0.0859220104269	0.288826400603	0.235025654747	0.222247162819	0.254204498441	0.0648196585535	0.0	0.103586655608	0.214830466185	0.24134952406	0.247782374185	0.175258563302	0.0648612891175	0.103558632746	0.109001042926	0.110432325924	0.240359837949	0.104439428483	0.246913851244	0.226585371494	0.0799099912336	0.0645357505674	0.0643876723399
MH0339.snv.bam	0.1303236301	0.13458684588	0.220496571458	0.211889621713	0.2207132192	0.223428894786	0.0985341315088	0.101350138771	0.132668775879	0.198208397743	0.121670237066	0.285648982104	0.246866975125	0.222206138749	0.260371281428	0.100100987169	0.103586655608	0.0	0.21443203183	0.241658618813	0.240970449796	0.193166911677	0.0954432945508	0.127085894784	0.135030204709	0.115370228124	0.240308633182	0.138386914314	0.244128844598	0.216877225514	0.127895203395	0.0939306389277	0.0944933409805
MH0340.snv.bam	0.205736267283	0.200312448129	0.18173980668	0.17166688457	0.181646376904	0.194487150868	0.196013589002	0.212767283328	0.221562959558	0.143041448559	0.202427785704	0.252274348252	0.204096538734	0.177113852346	0.177874337192	0.211955547044	0.214830466185	0.21443203183	0.0	0.205172516345	0.19197271973	0.17291680425	0.199184038444	0.20304742108	0.20291783212	0.194859474063	0.207407393973	0.188296049455	0.180608630541	0.18756848101	0.185337195911	0.204973489898	0.205227191412
MH0346.snv.bam	0.238047817993	0.237860446341	0.198957463738	0.186277244266	0.199051737418	0.218120134864	0.231368719363	0.245653696261	0.239199165966	0.187643490941	0.223336423127	0.158870809532	0.237516445591	0.219887840892	0.223744912567	0.24505591311	0.24134952406	0.241658618813	0.205172516345	0.0	0.206051577477	0.216838935895	0.228287389722	0.242120266347	0.233525399806	0.215550400413	0.205202030026	0.243389288623	0.212653200306	0.199201987192	0.238642317204	0.238364648827	0.237920180824
MH0369.snv.bam	0.244404518711	0.244545727683	0.208721462446	0.202024037793	0.208496775997	0.154980046318	0.220150923038	0.258284452204	0.24401079768	0.13362970363	0.236760037667	0.280762982271	0.222910372456	0.179505288785	0.190168435175	0.243851450313	0.247782374185	0.240970449796	0.19197271973	0.206051577477	0.0	0.163337224978	0.222761216057	0.246988129101	0.244338341397	0.244947359093	0.204797086096	0.237802828641	0.161966116381	0.158111224288	0.224316662471	0.238881716366	0.239106723461
MH0390.snv.bam	0.172122677709	0.168464056289	0.190091697392	0.183343316641	0.189896260973	0.172235094023	0.167889611479	0.184813239204	0.17787511328	0.123802099005	0.163962468446	0.251801560422	0.219403277103	0.137856868364	0.210942387275	0.178304189212	0.175258563302	0.193166911677	0.17291680425	0.216838935895	0.163337224978	0.0	0.161392672117	0.175405808943	0.169393633301	0.176322913423	0.23355936468	0.175088631427	0.179830819448	0.167436869858	0.157467350715	0.172326771507	0.17202915996
MH0412.snv.bam	0.107343731531	0.110168728978	0.207370045333	0.197813063755	0.207415256461	0.216603859962	0.0931511101373	0.0988712253194	0.10930369576	0.1750536084	0.0987543601928	0.28480369246	0.230343043643	0.209394815565	0.256616480394	0.0832951138067	0.0648612891175	0.0954432945508	0.199184038444	0.228287389722	0.222761216057	0.161392672117	0.0	0.10731271668	0.112996536144	0.117238843542	0.236096736089	0.0956430064189	0.23030412348	0.214318891491	0.0741967786189	0.0712627990698	0.0710155973872
MH0447.snv.bam	0.0886336663778	0.0938286972864	0.226851503407	0.218309503537	0.226971203426	0.229794318015	0.123105282716	0.104423377685	0.135526282493	0.183081963119	0.116463557013	0.277157228559	0.246897888539	0.222271054801	0.260242034595	0.130173339957	0.103558632746	0.127085894784	0.20304742108	0.242120266347	0.246988129101	0.175405808943	0.10731271668	0.0	0.0562787593808	0.115641680462	0.240405152707	0.103598698357	0.241179116801	0.227014870243	0.11274754737	0.118617166377	0.118959391877
MH0451.snv.bam	0.0746036135124	0.0796086264067	0.211979100655	0.202656033276	0.212001173991	0.214821675563	0.12621277077	0.102819363012	0.115903800757	0.185801913568	0.0970433982195	0.279114644109	0.25426154037	0.223187811552	0.261384576775	0.0985168452134	0.109001042926	0.135030204709	0.20291783212	0.233525399806	0.244338341397	0.169393633301	0.112996536144	0.0562787593808	0.0	0.101832022275	0.256224171394	0.100665904047	0.247159461959	0.223957334872	0.0930065262417	0.0870823969531	0.0876669534537
MH0453.snv.bam	0.0891143775269	0.0845147839211	0.200939666404	0.191037979654	0.201055600303	0.212995066856	0.102494070104	0.110907230797	0.10838238576	0.18416878572	0.098471871223	0.266042395783	0.245318220546	0.211052196208	0.257831837999	0.0940021691011	0.110432325924	0.115370228124	0.194859474063	0.215550400413	0.244947359093	0.176322913423	0.117238843542	0.115641680462	0.101832022275	0.0	0.238477877455	0.110030258714	0.238894070276	0.208276296686	0.0955168541077	0.0948378463587	0.0954711989842
MMRS34569532ST-27-0-0.snv.bam	0.248223475426	0.248523276126	0.181354319848	0.17483710508	0.181441094153	0.155381251569	0.223463203463	0.243571329886	0.245652019711	0.16121506976	0.246671027216	0.266561555909	0.141635884441	0.148448441644	0.148999973645	0.255083363093	0.240359837949	0.240308633182	0.207407393973	0.205202030026	0.204797086096	0.23355936468	0.236096736089	0.240405152707	0.256224171394	0.238477877455	0.0	0.24754788961	0.180182036297	0.181159432673	0.245805896343	0.255233134187	0.254896120614
MMRS57276462ST-27-0-0.snv.bam	0.0713663944849	0.0746329432217	0.212008323905	0.20580247262	0.211871521336	0.211858204329	0.100133511348	0.106891741071	0.124290282307	0.169244767971	0.107821427388	0.289571640712	0.240147209113	0.218434430689	0.267248078287	0.0885185801066	0.104439428483	0.138386914314	0.188296049455	0.243389288623	0.237802828641	0.175088631427	0.0956430064189	0.103598698357	0.100665904047	0.110030258714	0.24754788961	0.0	0.235746599012	0.209942084942	0.0846926336565	0.101094897597	0.100748464391
MMRS94549160ST-27-0-0.snv.bam	0.242911008555	0.243320707071	0.207107389184	0.206594873632	0.206797251912	0.167166704321	0.207706754493	0.232024999835	0.241081987102	0.161543640833	0.222805424238	0.263436500253	0.206520259828	0.185651686755	0.209322724246	0.243820617225	0.246913851244	0.244128844598	0.180608630541	0.212653200306	0.161966116381	0.179830819448	0.23030412348	0.241179116801	0.247159461959	0.238894070276	0.180182036297	0.235746599012	0.0	0.177375990303	0.228163744468	0.250126999478	0.249783764116
MMRS95277876ST-27-0-0.snv.bam	0.219135962512	0.213177091206	0.186560720025	0.177830875211	0.186535204991	0.148472730029	0.195364238411	0.23046875	0.226091560769	0.13	0.210798084656	0.260479395497	0.173148853347	0.152471113326	0.186605244941	0.223268384482	0.226585371494	0.216877225514	0.18756848101	0.199201987192	0.158111224288	0.167436869858	0.214318891491	0.227014870243	0.223957334872	0.208276296686	0.181159432673	0.209942084942	0.177375990303	0.0	0.209978617249	0.216858994856	0.216660615657
MMRS95479054ST-27-0-0.snv.bam	0.0788142000839	0.0804554131996	0.196287052456	0.186726827954	0.196154370446	0.211504083991	0.0763520678685	0.0818911729936	0.0961866499203	0.179146537842	0.0862021708945	0.283585085411	0.241664379407	0.211514057389	0.258666469418	0.0644686864829	0.0799099912336	0.127895203395	0.185337195911	0.238642317204	0.224316662471	0.157467350715	0.0741967786189	0.11274754737	0.0930065262417	0.0955168541077	0.245805896343	0.0846926336565	0.228163744468	0.209978617249	0.0	0.0585939100735	0.0582579116017
O2.UC28-0.snv.bam	0.085479698019	0.0873085331969	0.211411224049	0.199572954688	0.211627871791	0.220688978819	0.0863516713785	0.0678239515813	0.0935245343158	0.182799076565	0.0760761087322	0.285437203645	0.237457457001	0.213172513893	0.269779696515	0.0435234883392	0.0645357505674	0.0939306389277	0.204973489898	0.238364648827	0.238881716366	0.172326771507	0.0712627990698	0.118617166377	0.0870823969531	0.0948378463587	0.255233134187	0.101094897597	0.250126999478	0.216858994856	0.0585939100735	0.0	0.000889707086738
O2.UC28-2.snv.bam	0.0853483019756	0.0869615501773	0.211206460798	0.199679686331	0.211345108463	0.22067024678	0.0860126090909	0.0675548289755	0.0933089001398	0.182455841203	0.076333666859	0.284769986481	0.237119077241	0.213304555333	0.270051408617	0.0437027353888	0.0643876723399	0.0944933409805	0.205227191412	0.237920180824	0.239106723461	0.17202915996	0.0710155973872	0.118959391877	0.0876669534537	0.0954711989842	0.254896120614	0.100748464391	0.249783764116	0.216660615657	0.0582579116017	0.000889707086738	0.0
