	CCIS07648107ST-4-0.snv.bam	CCIS22275061ST-4-0.snv.bam	CCIS22906510ST-20-0.snv.bam	CCIS22958137ST-20-0.snv.bam	CCIS38765456ST-20-0.snv.bam	CCIS48174381ST-4-0.snv.bam	CCIS59132091ST-4-0.snv.bam	CCIS78100604ST-4-0.snv.bam	CCIS81710917ST-20-0.snv.bam	CCIS82146115ST-4-0.snv.bam	CCIS88007743ST-4-0.snv.bam	CCIS95097901ST-4-0.snv.bam	MMRS44197125ST-27-0-0.snv.bam	MMRS72980899ST-27-0-0.snv.bam	NG-5636_332.snv.bam	NG-5636_354.snv.bam	NG-5636_526.snv.bam	NG-5636_561.snv.bam	O2.UC4-1.snv.bam	O2.UC50-0.snv.bam	V1.CD15-3.snv.bam	V1.CD46-0.snv.bam	V1.CD48-0.snv.bam	V1.CD52-0.snv.bam	V1.FI15.snv.bam	V1.FI29.snv.bam	V1.FI36.snv.bam	daisy-11-0-0.snv.bam
CCIS07648107ST-4-0.snv.bam	0.0	0.0709967320261	0.12944083282	0.0359234030834	0.168214416775	0.184275184275	0.00988562091503	0.0441176470588	0.191537168865	0.0738083538084	0.261538461538	0.0834296151718	0.248633879781	0.1769840468	0.174129353234	0.0871777476255	0.0858585858586	0.0714285714286	0.0907811400422	0.168759811617	0.173576732673	0.218864728931	0.0712767816574	0.121720148197	0.069825436409	0.0721529304446	0.211173300166	0.23155216285
CCIS22275061ST-4-0.snv.bam	0.0709967320261	0.0	0.146135002236	0.0856081600922	0.158039759991	0.172072072072	0.0759803921569	0.0955065359477	0.198808410695	0.0665192465192	0.287094017094	0.0907008570018	0.2485428051	0.174577955205	0.169154228856	0.099306497814	0.0958754208754	0.0836617405583	0.0711588083509	0.17377681842	0.166068481848	0.213742982499	0.00028004963126	0.134123183133	0.129592684954	0.00115619841848	0.198652570481	0.218914334182
CCIS22906510ST-20-0.snv.bam	0.12944083282	0.146135002236	0.0	0.137349398952	0.182789097332	0.20613368297	0.119622350971	0.122015090245	0.19785827422	0.134824060693	0.267601286163	0.139232787415	0.254051700295	0.169552556898	0.168871264135	0.133455242891	0.115546164436	0.122622130495	0.136915741804	0.188726083481	0.175492185592	0.203463541024	0.146417824636	0.0421010057126	0.151874298386	0.147302648164	0.20342598217	0.207999017549
CCIS22958137ST-20-0.snv.bam	0.0359234030834	0.0856081600922	0.137349398952	0.0	0.156761962434	0.178749641814	0.0313530692027	0.0529986239764	0.193154640277	0.0766092594819	0.278381394338	0.0863281155134	0.263829366572	0.184065082547	0.16558614955	0.0998245109178	0.0992951919942	0.0843236388371	0.0927218000818	0.171054856403	0.163199379906	0.232818880698	0.0858895892783	0.127932117378	0.07940052909	0.0864416468444	0.216294557156	0.220045157604
CCIS38765456ST-20-0.snv.bam	0.168214416775	0.158039759991	0.182789097332	0.156761962434	0.0	0.13431460606	0.163038978179	0.143488776918	0.0920239384666	0.148066638083	0.309868193095	0.17599515972	0.283865726212	0.171358392748	0.124617363823	0.179396573405	0.174110298348	0.162842859324	0.145895036811	0.147973217393	0.0883712058262	0.223452866039	0.158340444858	0.179623033702	0.166608190343	0.15861039614	0.0962948322255	0.157972714858
CCIS48174381ST-4-0.snv.bam	0.184275184275	0.172072072072	0.20613368297	0.178749641814	0.13431460606	0.0	0.179443079443	0.169533169533	0.120754704906	0.169852216749	0.293059125964	0.189178881399	0.268493150685	0.199587455782	0.127182044888	0.191906597144	0.169620253165	0.172839506173	0.150264550265	0.146173519575	0.0946029776675	0.199215397438	0.172189009622	0.203672458482	0.16	0.173067311109	0.140544472153	0.125
CCIS59132091ST-4-0.snv.bam	0.00988562091503	0.0759803921569	0.119622350971	0.0313530692027	0.163038978179	0.179443079443	0.0	0.0343954248366	0.191618868211	0.0640622440622	0.27188034188	0.0786093537339	0.254098360656	0.18689395671	0.169237147595	0.0773104176089	0.0808922558923	0.061658456486	0.0810110250997	0.179048927263	0.168708745875	0.223986475363	0.0762604417881	0.111950033254	0.0599334995844	0.0771365905753	0.221206467662	0.226547921968
CCIS78100604ST-4-0.snv.bam	0.0441176470588	0.0955065359477	0.122015090245	0.0529986239764	0.143488776918	0.169533169533	0.0343954248366	0.0	0.196439129649	0.0836363636364	0.287179487179	0.107939419093	0.254098360656	0.172070041886	0.154228855721	0.10210312076	0.10101010101	0.0960591133005	0.0957072484166	0.176412872841	0.133972772277	0.233978079057	0.095786585579	0.126646256571	0.0897755610973	0.0964293076622	0.186297678275	0.211195928753
CCIS81710917ST-20-0.snv.bam	0.191537168865	0.198808410695	0.19785827422	0.193154640277	0.0920239384666	0.120754704906	0.191618868211	0.196439129649	0.0	0.189452493604	0.300211919917	0.206232768691	0.28437882177	0.187306452085	0.114793942529	0.201745548138	0.184715062871	0.185091539155	0.187202728458	0.125767885333	0.0897825863783	0.219072912225	0.199088460326	0.186392260125	0.184905648122	0.199637811728	0.0981118957739	0.129981294575
CCIS82146115ST-4-0.snv.bam	0.0738083538084	0.0665192465192	0.134824060693	0.0766092594819	0.148066638083	0.169852216749	0.0640622440622	0.0836363636364	0.189452493604	0.0	0.257172236504	0.0542488525555	0.260383561644	0.182577736704	0.157206982544	0.0775198367717	0.0456708860759	0.0272592592593	0.0274144620811	0.176761754869	0.164181141439	0.244770952994	0.0666361840693	0.112673108254	0.1151	0.0675144855563	0.216587697423	0.216734693878
CCIS88007743ST-4-0.snv.bam	0.261538461538	0.287094017094	0.267601286163	0.278381394338	0.309868193095	0.293059125964	0.27188034188	0.287179487179	0.300211919917	0.257172236504	0.0	0.235796710282	0.275766016713	0.300028616867	0.2890625	0.28889151936	0.256613756614	0.257731958763	0.273564064801	0.284574468085	0.293069948187	0.29786094297	0.287386992093	0.274723218668	0.263707571802	0.288303578516	0.289995659722	0.314666666667
CCIS95097901ST-4-0.snv.bam	0.0834296151718	0.0907008570018	0.139232787415	0.0863281155134	0.17599515972	0.189178881399	0.0786093537339	0.107939419093	0.206232768691	0.0542488525555	0.235796710282	0.0	0.25135465773	0.201783400717	0.149243295346	0.0922505908844	0.0632305126012	0.0468947856899	0.0620249756969	0.171300129804	0.178516843389	0.246473587898	0.0909809066331	0.132098255747	0.124786241871	0.0918570554203	0.216050705663	0.231541487861
MMRS44197125ST-27-0-0.snv.bam	0.248633879781	0.2485428051	0.254051700295	0.263829366572	0.283865726212	0.268493150685	0.254098360656	0.254098360656	0.28437882177	0.260383561644	0.275766016713	0.25135465773	0.0	0.307068838617	0.260387811634	0.230681818182	0.230337078652	0.25	0.25863422292	0.271868131868	0.265538674033	0.261659992636	0.24864459445	0.256977959517	0.260387811634	0.249505730535	0.269513888889	0.273504273504
MMRS72980899ST-27-0-0.snv.bam	0.1769840468	0.174577955205	0.169552556898	0.184065082547	0.171358392748	0.199587455782	0.18689395671	0.172070041886	0.187306452085	0.182577736704	0.300028616867	0.201783400717	0.307068838617	0.0	0.154829329431	0.216874938858	0.179965977473	0.190337187905	0.18010791101	0.179235524408	0.169125327662	0.242226778872	0.174858692919	0.16231603327	0.159949688672	0.175195868865	0.20284197326	0.204168187558
NG-5636_332.snv.bam	0.174129353234	0.169154228856	0.168871264135	0.16558614955	0.124617363823	0.127182044888	0.169237147595	0.154228855721	0.114793942529	0.157206982544	0.2890625	0.149243295346	0.260387811634	0.154829329431	0.0	0.173918021525	0.166666666667	0.1625	0.159642857143	0.108924667064	0.0905388471178	0.235010990756	0.169355539593	0.181481522108	0.141772151899	0.170244765227	0.119591750842	0.144702842377
NG-5636_354.snv.bam	0.0871777476255	0.099306497814	0.133455242891	0.0998245109178	0.179396573405	0.191906597144	0.0773104176089	0.10210312076	0.201745548138	0.0775198367717	0.28889151936	0.0922505908844	0.230681818182	0.216874938858	0.173918021525	0.0	0.0842996289425	0.0651136363636	0.0846428571429	0.197171998985	0.17859182275	0.237452283479	0.0995907272905	0.121595158471	0.129228998849	0.1003490286	0.236985384144	0.247944561898
NG-5636_526.snv.bam	0.0858585858586	0.0958754208754	0.115546164436	0.0992951919942	0.174110298348	0.169620253165	0.0808922558923	0.10101010101	0.184715062871	0.0456708860759	0.256613756614	0.0632305126012	0.230337078652	0.179965977473	0.166666666667	0.0842996289425	0.0	0.0177664974619	0.0384336475707	0.171457489879	0.16868622449	0.220491681521	0.0961639568591	0.0801842864037	0.13881748072	0.0970666556096	0.212542735043	0.215223097113
NG-5636_561.snv.bam	0.0714285714286	0.0836617405583	0.122622130495	0.0843236388371	0.162842859324	0.172839506173	0.061658456486	0.0960591133005	0.185091539155	0.0272592592593	0.257731958763	0.0468947856899	0.25	0.190337187905	0.1625	0.0651136363636	0.0177664974619	0.0	0.0251060820368	0.172189349112	0.16697761194	0.235162778191	0.0839431697444	0.090575764463	0.117794486216	0.0848236345355	0.214729166667	0.230179028133
O2.UC4-1.snv.bam	0.0907811400422	0.0711588083509	0.136915741804	0.0927218000818	0.145895036811	0.150264550265	0.0810110250997	0.0957072484166	0.187202728458	0.0274144620811	0.273564064801	0.0620249756969	0.25863422292	0.18010791101	0.159642857143	0.0846428571429	0.0384336475707	0.0251060820368	0.0	0.161932938856	0.154184434968	0.239864405678	0.0712760339245	0.110024137872	0.132474042248	0.0721564987156	0.19187202381	0.201680672269
O2.UC50-0.snv.bam	0.168759811617	0.17377681842	0.188726083481	0.171054856403	0.147973217393	0.146173519575	0.179048927263	0.176412872841	0.125767885333	0.176761754869	0.284574468085	0.171300129804	0.271868131868	0.179235524408	0.108924667064	0.197171998985	0.171457489879	0.172189349112	0.161932938856	0.0	0.0806155828707	0.238756484154	0.173898230621	0.189093474351	0.156243756244	0.174680088562	0.129064798251	0.180575392777
V1.CD15-3.snv.bam	0.173576732673	0.166068481848	0.175492185592	0.163199379906	0.0883712058262	0.0946029776675	0.168708745875	0.133972772277	0.0897825863783	0.164181141439	0.293069948187	0.178516843389	0.265538674033	0.169125327662	0.0905388471178	0.17859182275	0.16868622449	0.16697761194	0.154184434968	0.0806155828707	0.0	0.213776838131	0.166351304248	0.178402012047	0.161523929471	0.167000389916	0.0891541038526	0.139138817481
V1.CD46-0.snv.bam	0.218864728931	0.213742982499	0.203463541024	0.232818880698	0.223452866039	0.199215397438	0.223986475363	0.233978079057	0.219072912225	0.244770952994	0.29786094297	0.246473587898	0.261659992636	0.242226778872	0.235010990756	0.237452283479	0.220491681521	0.235162778191	0.239864405678	0.238756484154	0.213776838131	0.0	0.214030791692	0.20970532762	0.207408454835	0.213870110774	0.220262482657	0.219605490538
V1.CD48-0.snv.bam	0.0712767816574	0.00028004963126	0.146417824636	0.0858895892783	0.158340444858	0.172189009622	0.0762604417881	0.095786585579	0.199088460326	0.0666361840693	0.287386992093	0.0909809066331	0.24864459445	0.174858692919	0.169355539593	0.0995907272905	0.0961639568591	0.0839431697444	0.0712760339245	0.173898230621	0.166351304248	0.214030791692	0.0	0.134404612319	0.12983228204	0.00127284935693	0.198770962478	0.218885759254
V1.CD52-0.snv.bam	0.121720148197	0.134123183133	0.0421010057126	0.127932117378	0.179623033702	0.203672458482	0.111950033254	0.126646256571	0.186392260125	0.112673108254	0.274723218668	0.132098255747	0.256977959517	0.16231603327	0.181481522108	0.121595158471	0.0801842864037	0.090575764463	0.110024137872	0.189093474351	0.178402012047	0.20970532762	0.134404612319	0.0	0.149050154754	0.134415763867	0.20094753088	0.206119204202
V1.FI15.snv.bam	0.069825436409	0.129592684954	0.151874298386	0.07940052909	0.166608190343	0.16	0.0599334995844	0.0897755610973	0.184905648122	0.1151	0.263707571802	0.124786241871	0.260387811634	0.159949688672	0.141772151899	0.129228998849	0.13881748072	0.117794486216	0.132474042248	0.156243756244	0.161523929471	0.207408454835	0.12983228204	0.149050154754	0.0	0.130769066388	0.215253164557	0.210256410256
V1.FI29.snv.bam	0.0721529304446	0.00115619841848	0.147302648164	0.0864416468444	0.15861039614	0.173067311109	0.0771365905753	0.0964293076622	0.199637811728	0.0675144855563	0.288303578516	0.0918570554203	0.249505730535	0.175195868865	0.170244765227	0.1003490286	0.0970666556096	0.0848236345355	0.0721564987156	0.174680088562	0.167000389916	0.213870110774	0.00127284935693	0.134415763867	0.130769066388	0.0	0.198964785574	0.219605756458
V1.FI36.snv.bam	0.211173300166	0.198652570481	0.20342598217	0.216294557156	0.0962948322255	0.140544472153	0.221206467662	0.186297678275	0.0981118957739	0.216587697423	0.289995659722	0.216050705663	0.269513888889	0.20284197326	0.119591750842	0.236985384144	0.212542735043	0.214729166667	0.19187202381	0.129064798251	0.0891541038526	0.220262482657	0.198770962478	0.20094753088	0.215253164557	0.198964785574	0.0	0.139738646101
daisy-11-0-0.snv.bam	0.23155216285	0.218914334182	0.207999017549	0.220045157604	0.157972714858	0.125	0.226547921968	0.211195928753	0.129981294575	0.216734693878	0.314666666667	0.231541487861	0.273504273504	0.204168187558	0.144702842377	0.247944561898	0.215223097113	0.230179028133	0.201680672269	0.180575392777	0.139138817481	0.219605490538	0.218885759254	0.206119204202	0.210256410256	0.219605756458	0.139738646101	0.0
