	158337416-stool1.snv.bam	158499257-stool1.snv.bam	158944319-stool1.snv.bam	160704339-stool1.snv.bam	764649650-stool2.snv.bam	CCIS07539127ST-4-0.snv.bam	CCIS20795251ST-4-0.snv.bam	CCIS21278152ST-4-0.snv.bam	CCIS41548810ST-4-0.snv.bam	CCIS44757994ST-4-0.snv.bam	CCIS78318719ST-4-0.snv.bam	CCIS87116798ST-4-0.snv.bam	CCIS98832363ST-4-0.snv.bam	CCMD42428553ST-21-0.snv.bam	CCMD45988061ST-21-0.snv.bam	CCMD64776337ST-21-0.snv.bam	CCMD86114146ST-21-0.snv.bam	DLM022.snv.bam	MH0197.snv.bam	MH0200.snv.bam	MH0203.snv.bam	MH0217.snv.bam	MH0224.snv.bam	MH0229.snv.bam	MH0238.snv.bam	MH0250.snv.bam	MH0252.snv.bam	MH0257.snv.bam	MH0262.snv.bam	MH0303.snv.bam	MH0308.snv.bam	MH0309.snv.bam	MH0328.snv.bam	MH0329.snv.bam	MH0336.snv.bam	MH0354.snv.bam	MH0360.snv.bam	MH0366.snv.bam	MH0367.snv.bam	MH0373.snv.bam	MH0374.snv.bam	MH0389.snv.bam	MH0390.snv.bam	MH0402.snv.bam	MH0422.snv.bam	MH0431.snv.bam	MH0437.snv.bam	MH0440.snv.bam	MH0442.snv.bam	MH0445.snv.bam	MH0446.snv.bam	MH0448.snv.bam	MH0454.snv.bam	MMRS34569532ST-27-0-0.snv.bam	MMRS38954404ST-27-0-0.snv.bam	MMRS39582183ST-27-0-0.snv.bam	MMRS51307502ST-27-0-0.snv.bam	MMRS54316675ST-27-0-0.snv.bam	MMRS77018926ST-27-0-0.snv.bam	MMRS77487595ST-27-0-0.snv.bam	MMRS88581325ST-27-0-0.snv.bam	MMRS93621581ST-27-0-0.snv.bam	MMRS95277876ST-27-0-0.snv.bam	O2.UC40-1.snv.bam	O2.UC47-1.snv.bam	T2D-15A.snv.bam	T2D-59A.snv.bam	V1.CD22-0.snv.bam	V1.CD50-0.snv.bam	V1.FI04.snv.bam	V1.FI14.snv.bam	V1.FI17.snv.bam
158337416-stool1.snv.bam	0.0	0.132125207612	0.109436119865	0.145072877474	0.0181604834831	0.150448078168	0.12446494469	0.128093843609	0.137470202175	0.126346468356	0.117169213538	0.10813162323	0.130351688703	0.128110630929	0.129171318477	0.121498066277	0.119122730043	0.134364418988	0.129552649309	0.120454167759	0.137467616011	0.141170611628	0.128164355668	0.15100621191	0.107360112703	0.135514879015	0.134361202649	0.126958429897	0.134101497011	0.12137209695	0.124251908821	0.126153915895	0.149828852845	0.13750691491	0.133273679469	0.157211040842	0.130375174433	0.12603391824	0.136299632866	0.135706047282	0.126111135382	0.140738434627	0.114785295791	0.125485874978	0.13622531607	0.137069729726	0.122755860157	0.129678496246	0.134758320069	0.138747442178	0.140227787002	0.127799543304	0.129672671461	0.118065493202	0.109891066047	0.111696367742	0.119636038368	0.129595189445	0.124581667794	0.139354421408	0.142515375166	0.114609926784	0.0715327798059	0.128426546637	0.132140713832	0.111822666651	0.133567033864	0.125356091724	0.133395204204	0.136041757442	0.13748548101	0.129771182484
158499257-stool1.snv.bam	0.132125207612	0.0	0.130095416731	0.13053606194	0.129520561114	0.129454652127	0.104647467299	0.131512494943	0.130366154955	0.116710827451	0.116383852211	0.115330406217	0.133880589166	0.133600928873	0.120374754585	0.117975857995	0.115639919605	0.126349300732	0.114808187051	0.117620612062	0.138885956871	0.132910899584	0.132519654862	0.121591063121	0.107933044011	0.113322392191	0.133632715778	0.109948854278	0.13951733373	0.124566054402	0.119255833814	0.12665507775	0.126850791813	0.116935989675	0.134506882423	0.154489889118	0.123853379465	0.123603174957	0.117598577677	0.121536506325	0.113802118298	0.128727911693	0.117771793051	0.122456920252	0.147629003618	0.12658468024	0.118379621632	0.12016874461	0.128940408532	0.139661800419	0.141449004567	0.12263665828	0.120077572778	0.113689561363	0.108296610275	0.118018760956	0.116751352089	0.119282275554	0.129050753927	0.130206501205	0.13261070267	0.104790784998	0.118247622398	0.11714631328	0.117031107009	0.143305901739	0.124404021367	0.113660806963	0.121882537876	0.125803056592	0.127824723342	0.124032281059
158944319-stool1.snv.bam	0.109436119865	0.130095416731	0.0	0.132053093853	0.10706176371	0.138902428756	0.124704290978	0.135953048644	0.127623452662	0.125394879315	0.11248565846	0.115527897598	0.0873761096727	0.121433939587	0.116847338709	0.117431008676	0.123791658319	0.1315265334	0.12545268398	0.115950538452	0.136644484328	0.135137795353	0.123578811999	0.143410338168	0.119353216043	0.136240909637	0.133204409903	0.108193559671	0.133282838929	0.119253703591	0.124490029202	0.117489224378	0.13959987049	0.148961329065	0.134485333164	0.149068930166	0.117456279684	0.12160977819	0.117363429407	0.137484987942	0.12533710922	0.136832367947	0.108922198712	0.125181913847	0.130936229477	0.128228613005	0.13220550721	0.128483153905	0.117362648795	0.144027444987	0.139642358397	0.127259391261	0.130455768453	0.10777467254	0.115568763224	0.0588322134482	0.124683948637	0.113414335523	0.122328116407	0.126248554325	0.129396269879	0.108731877979	0.111675327634	0.131208668855	0.130337676192	0.136304925754	0.142367440023	0.134648431195	0.12791920342	0.144379425219	0.140111616215	0.124081469909
160704339-stool1.snv.bam	0.145072877474	0.13053606194	0.132053093853	0.0	0.139833065856	0.131961213544	0.126988819534	0.117502771531	0.126724574858	0.121944569919	0.121988841104	0.129479782504	0.126211069195	0.128161037649	0.125903527372	0.118177315175	0.124200631054	0.137744554809	0.128447682982	0.113029703738	0.14384046548	0.138781264629	0.132297562332	0.118775101613	0.129170270772	0.116574646727	0.139985232837	0.122300054881	0.133641310651	0.127120622293	0.123144964971	0.127693037785	0.139620755198	0.132200991942	0.146202676461	0.151325800396	0.127990099856	0.137130692761	0.106728280551	0.128897414356	0.116893506239	0.128757065522	0.131643985368	0.136821031976	0.148280198378	0.132626670082	0.120419950556	0.127523566018	0.140167506984	0.141359679407	0.145805721052	0.125398863112	0.124483506542	0.106513320818	0.121337037175	0.122424277405	0.11993082397	0.107062737349	0.141822389337	0.11909766657	0.144722266293	0.118284858336	0.129966477598	0.131734170329	0.131901528497	0.134431308351	0.129746334374	0.126456279759	0.131692279287	0.136788674866	0.13853859893	0.12740016957
764649650-stool2.snv.bam	0.0181604834831	0.129520561114	0.10706176371	0.139833065856	0.0	0.146431511136	0.124924884467	0.114727827424	0.118401992657	0.12333071811	0.110544347742	0.111587457129	0.12548809521	0.129753584229	0.125575617617	0.114922872419	0.10226892764	0.122269375095	0.11929582606	0.119369684232	0.127569082283	0.132282662861	0.119854493849	0.143350154033	0.113183194662	0.134819135164	0.125103286482	0.121384946839	0.132976464611	0.113406398527	0.128261561519	0.122378111656	0.137598642003	0.136357552217	0.128065474802	0.15456150833	0.124508903503	0.121318066975	0.125551697596	0.125547129849	0.125750456525	0.135261331235	0.114499753721	0.121352007106	0.13128353201	0.129263391263	0.119866919354	0.119333693765	0.133741787699	0.123127677836	0.128677330837	0.115970068143	0.117719610745	0.115728563052	0.11209043036	0.105033068979	0.11493030681	0.115794522593	0.116410679634	0.124531219709	0.139703707071	0.111371250318	0.0562540481354	0.122143022047	0.124936212489	0.114268827886	0.135835553262	0.117502407982	0.130679941241	0.134049689022	0.133847535522	0.126868100935
CCIS07539127ST-4-0.snv.bam	0.150448078168	0.129454652127	0.138902428756	0.131961213544	0.146431511136	0.0	0.120215257953	0.129110608492	0.132214115548	0.111045525771	0.11561224677	0.13106133774	0.13014391059	0.123004027438	0.126176311174	0.109469583116	0.123151951388	0.131145743248	0.121872838855	0.111333601637	0.13411550166	0.145848251519	0.128519837429	0.138737933345	0.117590991259	0.132775629748	0.128378362417	0.125665180593	0.135381741922	0.124832393946	0.128116447154	0.129306574471	0.139592292927	0.112858828242	0.147366874226	0.1475649366	0.151998521725	0.129720785553	0.133362811988	0.135831590959	0.113648403624	0.134572158228	0.110650059486	0.125882344298	0.151497233691	0.131262503883	0.130574474825	0.129853329633	0.14341276852	0.136552596524	0.138499140353	0.121230720649	0.125888373048	0.126720158237	0.124916354831	0.119853670791	0.105500654235	0.118400874386	0.134413378895	0.128386144078	0.136229626472	0.118489786556	0.132903721752	0.118635862058	0.11574571951	0.134229255914	0.114337907842	0.115813526719	0.121131325328	0.116848349157	0.119715405912	0.123793118366
CCIS20795251ST-4-0.snv.bam	0.12446494469	0.104647467299	0.124704290978	0.126988819534	0.124924884467	0.120215257953	0.0	0.114325618814	0.123466341382	0.109111970672	0.0974511271745	0.104582225941	0.125475069743	0.110162313403	0.106930689676	0.110087852377	0.0969278896368	0.117935461944	0.104270417131	0.0987931230738	0.126219496435	0.13168974147	0.130387907938	0.117591071272	0.107815608958	0.103846521963	0.123387759243	0.110618093595	0.133831391988	0.115803382453	0.105671619672	0.11134349088	0.120924874355	0.0988169830382	0.132262316902	0.143877246862	0.106527845106	0.111120820233	0.0985027152943	0.124367693309	0.108276094937	0.123534248089	0.103183727383	0.124482892777	0.144545671137	0.122107950742	0.108007284643	0.10960470681	0.129736017983	0.130619006761	0.129567769767	0.115666551456	0.117491829695	0.0922239149737	0.098521870801	0.106198945746	0.0941323911171	0.115150372458	0.111141796477	0.112005570802	0.127549205708	0.103584617224	0.108446292378	0.108591752804	0.0975466535585	0.126286429593	0.109792412538	0.112890782413	0.102430953544	0.117071066392	0.124650486326	0.105994166853
CCIS21278152ST-4-0.snv.bam	0.128093843609	0.131512494943	0.135953048644	0.117502771531	0.114727827424	0.129110608492	0.114325618814	0.0	0.118640151534	0.114104296151	0.116416241527	0.127081343166	0.124586061939	0.112524116243	0.118561475831	0.116412892841	0.0910262251652	0.113549421434	0.120091343217	0.104434206273	0.116959540572	0.140054585553	0.128098500469	0.128992996488	0.111391110936	0.11750535105	0.118302455574	0.120371515991	0.131556049182	0.113131432305	0.113351262941	0.102373036386	0.125627026437	0.0966957086844	0.128151084154	0.144405116623	0.117351599448	0.125286611081	0.120081496617	0.132005791049	0.110025860098	0.12490633737	0.113217983851	0.120495145438	0.137295828126	0.0735020138659	0.10944894287	0.112489444375	0.127566499865	0.115991888892	0.118961570914	0.111392776792	0.111541244422	0.115197368006	0.112004983475	0.11806843657	0.112953005038	0.10794578985	0.117160559447	0.105446311306	0.131733949986	0.112423078686	0.114884055368	0.114760444322	0.117231273542	0.108255312306	0.1244477418	0.109850330376	0.110291040011	0.118376020985	0.119805799546	0.118993294805
CCIS41548810ST-4-0.snv.bam	0.137470202175	0.130366154955	0.127623452662	0.126724574858	0.118401992657	0.132214115548	0.123466341382	0.118640151534	0.0	0.122504583087	0.122793260449	0.137301031639	0.10309052886	0.136612025098	0.122370738283	0.116538420092	0.113789421206	0.116671859312	0.11713758815	0.116859959837	0.136531994027	0.0693315974882	0.115811761296	0.143905894753	0.118706438443	0.133495181472	0.133692595971	0.0762260890301	0.136162714553	0.106685983515	0.123310987975	0.120940641931	0.12522694671	0.124202898618	0.129116606156	0.145938097105	0.131463448846	0.132322441673	0.125972754418	0.127409996297	0.124755287611	0.0908857300813	0.118862587256	0.110623814113	0.152250727645	0.10011423565	0.121953383397	0.120228381662	0.0766264195906	0.135791815791	0.137759639798	0.11800131637	0.118514624993	0.115672543853	0.124438252374	0.116071139852	0.121733499753	0.111813128586	0.126997436998	0.123590621507	0.128871566948	0.116931844717	0.118559971089	0.124594621635	0.122604639697	0.128622151756	0.134529582322	0.113755877017	0.132260982204	0.129956927626	0.129413144967	0.123236343213
CCIS44757994ST-4-0.snv.bam	0.126346468356	0.116710827451	0.125394879315	0.121944569919	0.12333071811	0.111045525771	0.109111970672	0.114104296151	0.122504583087	0.0	0.105687141995	0.110747364582	0.127253018417	0.109239284238	0.108953895513	0.107355326141	0.102163120286	0.108799480819	0.103551305968	0.104673897428	0.110508927591	0.132101792327	0.109319782138	0.11582407622	0.0996976786139	0.108554604222	0.108991049523	0.118063974173	0.12203888277	0.11263457333	0.102049485808	0.109592432036	0.128897281353	0.104934245983	0.117274829103	0.134971631931	0.121044613766	0.110111585854	0.125147802596	0.125583314602	0.0897761140488	0.109994693715	0.105425435104	0.119805140392	0.137718797562	0.122064568984	0.105120955984	0.117364722659	0.133678378835	0.109515743008	0.113980296887	0.115389511251	0.116482476319	0.110942732773	0.0989002691566	0.103357498877	0.101069272676	0.107708808955	0.11710560009	0.101213288471	0.121790425904	0.102933478283	0.110504697844	0.0961422542474	0.093640926729	0.119368543412	0.108371917324	0.0915599869316	0.091906657324	0.102318082009	0.105051177909	0.113798086072
CCIS78318719ST-4-0.snv.bam	0.117169213538	0.116383852211	0.11248565846	0.121988841104	0.110544347742	0.11561224677	0.0974511271745	0.116416241527	0.122793260449	0.105687141995	0.0	0.109712385763	0.121193633496	0.10306508021	0.100497554243	0.104681387475	0.100978175693	0.115992750618	0.109961317534	0.097648325306	0.11881685122	0.123095668713	0.11782042708	0.11938586329	0.103076163147	0.112665585742	0.114993762459	0.111234229964	0.125724541534	0.0991560538404	0.105244377897	0.109823203403	0.112707215535	0.125382575582	0.127499197601	0.129515574229	0.115502339593	0.0652211163643	0.113511990646	0.123018124411	0.0995968516532	0.1101332194	0.0927424324863	0.114915821225	0.145779199325	0.121449804677	0.113995332252	0.102493586099	0.131060475544	0.120256246421	0.121134606235	0.10379258336	0.107644275123	0.0989559002062	0.104126739723	0.0923798036059	0.0907367806104	0.10960532436	0.114375461333	0.116025765374	0.123953809438	0.0963042405858	0.10593296645	0.0959620190387	0.0947669715976	0.117365295636	0.107189035299	0.104954860565	0.101016709061	0.106619305572	0.114375458502	0.0885089614999
CCIS87116798ST-4-0.snv.bam	0.10813162323	0.115330406217	0.115527897598	0.129479782504	0.111587457129	0.13106133774	0.104582225941	0.127081343166	0.137301031639	0.110747364582	0.109712385763	0.0	0.126243847943	0.116875584603	0.118336203071	0.107700355117	0.100019234685	0.127347540172	0.109120681068	0.119930181504	0.112612275216	0.134250386164	0.133064920291	0.134697657133	0.106006181305	0.125785310508	0.117370529006	0.119725144504	0.131638022721	0.123427044845	0.114707663121	0.0997694039989	0.128935317813	0.105941588741	0.122331321412	0.155385368643	0.117709272361	0.115441662778	0.122282167385	0.111614756184	0.120435788663	0.13575364712	0.0999397708704	0.118421590712	0.134320642956	0.126246675759	0.122119456036	0.124153560858	0.135074380324	0.111426316169	0.114966931358	0.122070323549	0.123694505215	0.103003441829	0.108229136951	0.110280111162	0.108429755064	0.117933678575	0.120962414487	0.117430247066	0.121628438305	0.108673704164	0.115057384523	0.114070283581	0.120685920028	0.13196805687	0.119223228326	0.121465356663	0.116524155321	0.119007655378	0.11809965349	0.11851306623
CCIS98832363ST-4-0.snv.bam	0.130351688703	0.133880589166	0.0873761096727	0.126211069195	0.12548809521	0.13014391059	0.125475069743	0.124586061939	0.10309052886	0.127253018417	0.121193633496	0.126243847943	0.0	0.128042709039	0.116384701322	0.123794082282	0.119739870525	0.119490978704	0.130438667833	0.115664831611	0.136863297541	0.121966947644	0.126513365219	0.141815768185	0.116546377052	0.134092535652	0.13362208736	0.086369117742	0.131723441938	0.106276560449	0.119632773764	0.114121998416	0.135878566652	0.132363427326	0.138864570832	0.141369865184	0.112569324069	0.128705415601	0.130816649604	0.131319394738	0.125248570374	0.119784628466	0.106930499789	0.124159422589	0.153411496541	0.135753501184	0.133437886521	0.13057191659	0.0870687698441	0.141328612773	0.140120435398	0.124734974057	0.126868032811	0.104472642732	0.128892237761	0.104744008677	0.126197046503	0.119452921804	0.127021782702	0.134099037734	0.125907307707	0.111191938032	0.120589401911	0.132949691902	0.129059573625	0.126959427713	0.132143713262	0.130756229144	0.139284819877	0.14390373182	0.131628072091	0.119776969632
CCMD42428553ST-21-0.snv.bam	0.128110630929	0.133600928873	0.121433939587	0.128161037649	0.129753584229	0.123004027438	0.110162313403	0.112524116243	0.136612025098	0.109239284238	0.10306508021	0.116875584603	0.128042709039	0.0	0.104930980332	0.111879449768	0.109826623382	0.117197584778	0.121681867169	0.0960431412008	0.115978951951	0.132829546328	0.126797619665	0.121955127816	0.109138940222	0.120151459354	0.116606552659	0.118032773646	0.129007115834	0.102451367241	0.115941004714	0.112356512237	0.134235111667	0.123140436275	0.123941879821	0.138853451547	0.118132877529	0.105527920336	0.130708482066	0.137649447934	0.125509062201	0.134103395659	0.106897859712	0.107037336728	0.138292151152	0.123667529021	0.117976031495	0.120380130227	0.123763310332	0.115907248458	0.118027519978	0.112791895015	0.113360391605	0.121818546306	0.112340368201	0.111906506124	0.0979512425418	0.108623289065	0.11827226181	0.123295169096	0.108794524144	0.119478053791	0.12494058733	0.114910901508	0.114309242656	0.121961018004	0.120182018408	0.118213261636	0.1089366146	0.114046543755	0.117787430628	0.100802714303
CCMD45988061ST-21-0.snv.bam	0.129171318477	0.120374754585	0.116847338709	0.125903527372	0.125575617617	0.126176311174	0.106930689676	0.118561475831	0.122370738283	0.108953895513	0.100497554243	0.118336203071	0.116384701322	0.104930980332	0.0	0.10416045433	0.110522921538	0.107080631351	0.112240982128	0.107650383007	0.118238380176	0.127912597824	0.119534988871	0.136672302443	0.111590456564	0.118656048677	0.115778786625	0.111713301437	0.122666043114	0.0914754165759	0.10789166978	0.121679249093	0.125970939287	0.111900437601	0.121944454367	0.139977456764	0.0647151182358	0.105603010338	0.119909464336	0.129161849016	0.103927415237	0.12305216833	0.09272694722	0.114020321702	0.148485421364	0.126270986827	0.119123159514	0.117636884052	0.129532570246	0.120482261289	0.121082653557	0.119255773994	0.120281570884	0.104195465869	0.108122561672	0.102121803321	0.0967816011766	0.100563929744	0.114976426386	0.103499445196	0.12205560341	0.101500066345	0.115806151564	0.0981458493523	0.105179331096	0.129736013094	0.120491937452	0.111742713361	0.107028840669	0.11163333294	0.120890842775	0.115582046532
CCMD64776337ST-21-0.snv.bam	0.121498066277	0.117975857995	0.117431008676	0.118177315175	0.114922872419	0.109469583116	0.110087852377	0.116412892841	0.116538420092	0.107355326141	0.104681387475	0.107700355117	0.123794082282	0.111879449768	0.10416045433	0.0	0.094439368457	0.105769658514	0.099714537066	0.106862268262	0.128315788343	0.115464730118	0.100770233344	0.118990678502	0.113197185636	0.11533803638	0.123199325405	0.10967744698	0.121412337563	0.107489303862	0.112357069379	0.105807469096	0.11866997293	0.110714936011	0.131737014713	0.137181311004	0.126508829534	0.110102388819	0.121134542774	0.117734496252	0.115029613762	0.121887271638	0.100389442206	0.101168213391	0.140796075712	0.106777504547	0.104559566485	0.0844028371085	0.124683086849	0.113916013719	0.128852373985	0.0762474580963	0.0749983776829	0.103848208999	0.0997460276458	0.0837158699315	0.0611747358944	0.0936879518863	0.110239345441	0.108952610124	0.10667702775	0.093554722476	0.109865548727	0.108300859018	0.101312846764	0.116577493517	0.0997081474405	0.102490032664	0.113800806736	0.0991172250065	0.0972926184388	0.114375476334
CCMD86114146ST-21-0.snv.bam	0.119122730043	0.115639919605	0.123791658319	0.124200631054	0.10226892764	0.123151951388	0.0969278896368	0.0910262251652	0.113789421206	0.102163120286	0.100978175693	0.100019234685	0.119739870525	0.109826623382	0.110522921538	0.094439368457	0.0	0.109782404186	0.108526318541	0.102362648027	0.110818737377	0.12764766817	0.125902095257	0.12220457507	0.109316672118	0.112062881824	0.107743628629	0.111730097161	0.113683669376	0.101723354609	0.104940512851	0.101188402291	0.114893247769	0.100771174964	0.131379805246	0.141952943705	0.113120271267	0.108298327317	0.11122673645	0.119280087622	0.104473846479	0.112495693532	0.094900626153	0.10443866637	0.126551305563	0.102397117986	0.09842025027	0.0953493517159	0.125264268963	0.112115135864	0.112151348062	0.099005329709	0.10001237803	0.0949665675953	0.109652642902	0.102981759891	0.0907204182442	0.103624439559	0.107206541288	0.105633617995	0.128134618403	0.0962031741592	0.0985901561434	0.103062973591	0.103259752656	0.119212163414	0.10272623966	0.105316662453	0.110253771037	0.108060487722	0.113657468278	0.110373847697
DLM022.snv.bam	0.134364418988	0.126349300732	0.1315265334	0.137744554809	0.122269375095	0.131145743248	0.117935461944	0.113549421434	0.116671859312	0.108799480819	0.115992750618	0.127347540172	0.119490978704	0.117197584778	0.107080631351	0.105769658514	0.109782404186	0.0	0.123408619826	0.112072749897	0.119509267195	0.124875689842	0.12528960859	0.142529040983	0.11494669426	0.129223910497	0.115194832606	0.122098477522	0.131292247702	0.116378937397	0.121000235593	0.104322054792	0.114856790022	0.120759875575	0.125691701197	0.127824675861	0.116582146398	0.123191246313	0.134105533179	0.113143516217	0.115779474802	0.126316880294	0.104946811707	0.120612847923	0.132933730802	0.126229660668	0.112014912023	0.115606433478	0.135099209121	0.120025661923	0.12025424838	0.110240814727	0.11060970247	0.118839335951	0.123113740945	0.109389529302	0.108027279439	0.115020954066	0.123780146371	0.115733565334	0.124717897689	0.103870948744	0.119267357639	0.105809631853	0.113574888108	0.115085598092	0.110739911681	0.102781961129	0.114575012207	0.116361325055	0.122158063149	0.123697941329
MH0197.snv.bam	0.129552649309	0.114808187051	0.12545268398	0.128447682982	0.11929582606	0.121872838855	0.104270417131	0.120091343217	0.11713758815	0.103551305968	0.109961317534	0.109120681068	0.130438667833	0.121681867169	0.112240982128	0.099714537066	0.108526318541	0.123408619826	0.0	0.112125565919	0.128375165339	0.126219668869	0.108097311993	0.122044140276	0.105829733805	0.104914988365	0.127758493348	0.115954710158	0.12769998568	0.112957210357	0.113487290187	0.117303276536	0.11595180287	0.11642166691	0.132210379077	0.139291153369	0.124511665549	0.11265104561	0.120794209285	0.129208261896	0.114555134839	0.122556180416	0.0995489918802	0.116324226653	0.13701484809	0.125422317073	0.125075490998	0.116059069696	0.132953454724	0.129244858883	0.133127432906	0.117454595892	0.117191065988	0.118694981399	0.100242939592	0.107080316556	0.105690528049	0.10723558764	0.112388092046	0.11825949273	0.136789061084	0.108748563478	0.11627276813	0.102249422336	0.102517444527	0.129433067975	0.116885652535	0.105488589158	0.116439389756	0.111922197419	0.109031911692	0.121795682787
MH0200.snv.bam	0.120454167759	0.117620612062	0.115950538452	0.113029703738	0.119369684232	0.111333601637	0.0987931230738	0.104434206273	0.116859959837	0.104673897428	0.097648325306	0.119930181504	0.115664831611	0.0960431412008	0.107650383007	0.106862268262	0.102362648027	0.112072749897	0.112125565919	0.0	0.109699904089	0.137393048361	0.118551759838	0.123241071345	0.0956813715721	0.115878014458	0.109939415819	0.110597040006	0.134438559412	0.107063697306	0.106981699389	0.110421632078	0.109483202912	0.112073829142	0.12606256031	0.132635139016	0.124727056182	0.106135215389	0.118393461551	0.129144645824	0.104732224851	0.124482162202	0.0988503882871	0.110515904211	0.137178885861	0.11445682296	0.106519085243	0.113307202709	0.121847466328	0.115147159379	0.114183108981	0.107283510763	0.111638861201	0.103777071445	0.10132648661	0.104192456216	0.103472308467	0.110523931839	0.103160534197	0.113301400882	0.122084201463	0.107704530955	0.11622280432	0.107762570257	0.109997984195	0.109804908791	0.108563180064	0.10940178149	0.0934176551069	0.118273657786	0.128298534259	0.100678183361
MH0203.snv.bam	0.137467616011	0.138885956871	0.136644484328	0.14384046548	0.127569082283	0.13411550166	0.126219496435	0.116959540572	0.136531994027	0.110508927591	0.11881685122	0.112612275216	0.136863297541	0.115978951951	0.118238380176	0.128315788343	0.110818737377	0.119509267195	0.128375165339	0.109699904089	0.0	0.157281132011	0.138232528967	0.159861608272	0.109535702317	0.145669353819	0.0162407637721	0.133315961805	0.135074772771	0.117522739329	0.131566271906	0.113954438302	0.142522543399	0.113835323297	0.13730006092	0.138270414484	0.120964525697	0.123436271224	0.122330045052	0.138827312405	0.127940888794	0.140570742246	0.111580324108	0.120517106103	0.151687285208	0.134935639153	0.121855042966	0.126599059675	0.145872689498	0.0211997916772	0.00365047401383	0.122195507666	0.130530356645	0.116280270278	0.130494401155	0.121098951601	0.126946674854	0.127528128736	0.119221345385	0.115944132434	0.142051031608	0.125783427459	0.125304394271	0.116805876035	0.130897339648	0.124929684202	0.130477410507	0.127523276506	0.122477678223	0.128959451111	0.129258437294	0.12047508651
MH0217.snv.bam	0.141170611628	0.132910899584	0.135137795353	0.138781264629	0.132282662861	0.145848251519	0.13168974147	0.140054585553	0.0693315974882	0.132101792327	0.123095668713	0.134250386164	0.121966947644	0.132829546328	0.127912597824	0.115464730118	0.12764766817	0.124875689842	0.126219668869	0.137393048361	0.157281132011	0.0	0.132821201773	0.145423382961	0.12930424031	0.130651200575	0.150492199505	0.0794378944718	0.146515741528	0.111413223601	0.129231906729	0.130796828042	0.128101291178	0.149150976308	0.137592535921	0.154727400126	0.131928696767	0.126512085878	0.141868664989	0.137145737788	0.12745644431	0.103052988481	0.119211057931	0.11472810531	0.149684387501	0.112599349537	0.139685737338	0.125240419846	0.0718445761745	0.151185399766	0.157892171674	0.11976204778	0.122173821107	0.121262393174	0.121336113876	0.120935173855	0.121609857344	0.12281831666	0.12820648427	0.137327288812	0.134175012919	0.124722480238	0.131691614851	0.132124314682	0.124567477992	0.142387749352	0.1388718284	0.109931205007	0.13700663472	0.131897850572	0.132182233403	0.120873653509
MH0224.snv.bam	0.128164355668	0.132519654862	0.123578811999	0.132297562332	0.119854493849	0.128519837429	0.130387907938	0.128098500469	0.115811761296	0.109319782138	0.11782042708	0.133064920291	0.126513365219	0.126797619665	0.119534988871	0.100770233344	0.125902095257	0.12528960859	0.108097311993	0.118551759838	0.138232528967	0.132821201773	0.0	0.131118564045	0.123939321203	0.124707342193	0.134963117505	0.117064028603	0.141005330471	0.113725806865	0.121703725503	0.116617913394	0.142365049402	0.123418503794	0.137450994729	0.145088371119	0.139319887835	0.122377361277	0.139134145227	0.136720572011	0.124532401935	0.130461275406	0.116495853986	0.119772605056	0.151528026143	0.126514231739	0.126159975829	0.126167545466	0.132468976211	0.136400175144	0.143663070458	0.122005556046	0.12148720986	0.120475985662	0.11305678399	0.111213001271	0.107669923641	0.116465127995	0.110016189266	0.119711657968	0.115921668833	0.117118970102	0.118918242932	0.114969187296	0.108110124592	0.128910964302	0.131446153606	0.109543341622	0.127130321766	0.121786872039	0.107170127098	0.135680577798
MH0229.snv.bam	0.15100621191	0.121591063121	0.143410338168	0.118775101613	0.143350154033	0.138737933345	0.117591071272	0.128992996488	0.143905894753	0.11582407622	0.11938586329	0.134697657133	0.141815768185	0.121955127816	0.136672302443	0.118990678502	0.12220457507	0.142529040983	0.122044140276	0.123241071345	0.159861608272	0.145423382961	0.131118564045	0.0	0.132085757474	0.0531865857272	0.154405869784	0.126699862816	0.136959726631	0.134265153397	0.126895483255	0.135651922077	0.130796362906	0.127817916713	0.150024674835	0.161714813246	0.122392772685	0.119986414689	0.10939919789	0.151730759722	0.129865329056	0.132128560422	0.133510041713	0.142588451972	0.165163790222	0.129812049168	0.133262525977	0.1139720072	0.138629384817	0.145837951852	0.162852624145	0.119682265118	0.123067771644	0.133768320283	0.109568223491	0.12896013886	0.116728389119	0.13360712257	0.138806710738	0.12282450636	0.127803692726	0.120203252501	0.135445644439	0.134831966531	0.124473666658	0.148669463576	0.133712929695	0.128884230388	0.126062724385	0.121607162152	0.124298660312	0.130669565522
MH0238.snv.bam	0.107360112703	0.107933044011	0.119353216043	0.129170270772	0.113183194662	0.117590991259	0.107815608958	0.111391110936	0.118706438443	0.0996976786139	0.103076163147	0.106006181305	0.116546377052	0.109138940222	0.111590456564	0.113197185636	0.109316672118	0.11494669426	0.105829733805	0.0956813715721	0.109535702317	0.12930424031	0.123939321203	0.132085757474	0.0	0.124032457925	0.111274358674	0.102062860401	0.121100463085	0.0939642193237	0.0996036366973	0.102104030924	0.108647864987	0.112198012146	0.0937020340445	0.137915178177	0.125705440478	0.113072059435	0.120660741239	0.12051586825	0.102379143331	0.123654176738	0.0971704481131	0.115349934353	0.137056573227	0.118061745907	0.106389846787	0.114204578171	0.122809641565	0.11761128891	0.114983783929	0.109972640642	0.1156573708	0.105813001679	0.101586638838	0.104967780998	0.111486539538	0.1053349475	0.111479428318	0.122900066827	0.125727110704	0.104070901084	0.11226156883	0.110861193549	0.115793610411	0.120701983992	0.10387743493	0.109758458297	0.107952155348	0.123807876832	0.118708669638	0.105222319745
MH0250.snv.bam	0.135514879015	0.113322392191	0.136240909637	0.116574646727	0.134819135164	0.132775629748	0.103846521963	0.11750535105	0.133495181472	0.108554604222	0.112665585742	0.125785310508	0.134092535652	0.120151459354	0.118656048677	0.11533803638	0.112062881824	0.129223910497	0.104914988365	0.115878014458	0.145669353819	0.130651200575	0.124707342193	0.0531865857272	0.124032457925	0.0	0.139534258995	0.120153234908	0.126469234185	0.118221378995	0.116837183193	0.125258299745	0.124563987784	0.114821023611	0.138635789738	0.152414967203	0.113344707727	0.114831663972	0.0982482319904	0.136184311256	0.117885154529	0.116218052954	0.122950278991	0.138000311156	0.14701139327	0.118546074851	0.125476183975	0.110055525131	0.133790220431	0.149943479653	0.148917898472	0.121512304655	0.123093114784	0.117523868638	0.100265993513	0.114775173709	0.114236352942	0.112170392106	0.125479968394	0.116785178853	0.13668208514	0.104749025367	0.120884068158	0.122091653456	0.113046571319	0.133735954921	0.121512960045	0.11481076188	0.115330418848	0.121034112485	0.123078519029	0.125140127386
MH0252.snv.bam	0.134361202649	0.133632715778	0.133204409903	0.139985232837	0.125103286482	0.128378362417	0.123387759243	0.118302455574	0.133692595971	0.108991049523	0.114993762459	0.117370529006	0.13362208736	0.116606552659	0.115778786625	0.123199325405	0.107743628629	0.115194832606	0.127758493348	0.109939415819	0.0162407637721	0.150492199505	0.134963117505	0.154405869784	0.111274358674	0.139534258995	0.0	0.131174850421	0.130108057174	0.115812581202	0.129842110009	0.113248094458	0.140945846609	0.109387397697	0.135148397713	0.138711439439	0.12483663885	0.120225843056	0.121100603578	0.135674690268	0.125410195537	0.13639579609	0.107033879335	0.119528661718	0.145757512136	0.131041057699	0.11826555554	0.121461102646	0.143764994497	0.0360889605409	0.0178212266344	0.121049070008	0.127997827364	0.114221584152	0.126716607666	0.113996621522	0.118604792893	0.125524610243	0.118434319648	0.115048738368	0.139530502744	0.120586886666	0.120291660791	0.108433676955	0.121199195064	0.122656877725	0.125771646863	0.120750813641	0.119486359379	0.122631947537	0.125512912434	0.120853632782
MH0257.snv.bam	0.126958429897	0.109948854278	0.108193559671	0.122300054881	0.121384946839	0.125665180593	0.110618093595	0.120371515991	0.0762260890301	0.118063974173	0.111234229964	0.119725144504	0.086369117742	0.118032773646	0.111713301437	0.10967744698	0.111730097161	0.122098477522	0.115954710158	0.110597040006	0.133315961805	0.0794378944718	0.117064028603	0.126699862816	0.102062860401	0.120153234908	0.131174850421	0.0	0.128857564171	0.103238645507	0.105510232194	0.111936433402	0.127101613067	0.129848716199	0.129651375975	0.147584141885	0.118604949735	0.115254498862	0.126224608019	0.129319615095	0.115633661409	0.0885110486866	0.10778092487	0.105768003467	0.151728661777	0.0940849635441	0.128789295904	0.116666184077	0.0417806750609	0.132350290296	0.136637135934	0.114230662989	0.11443532189	0.108772004692	0.113801452407	0.10243347461	0.113270537057	0.106251726408	0.123802813127	0.130508921351	0.120875636175	0.108679565057	0.113949115059	0.120764906849	0.1145702226	0.130700512933	0.132159895174	0.111699364829	0.125022223168	0.126164391168	0.126900017993	0.117048669887
MH0262.snv.bam	0.134101497011	0.13951733373	0.133282838929	0.133641310651	0.132976464611	0.135381741922	0.133831391988	0.131556049182	0.136162714553	0.12203888277	0.125724541534	0.131638022721	0.131723441938	0.129007115834	0.122666043114	0.121412337563	0.113683669376	0.131292247702	0.12769998568	0.134438559412	0.135074772771	0.146515741528	0.141005330471	0.136959726631	0.121100463085	0.126469234185	0.130108057174	0.128857564171	0.0	0.128105043861	0.118584606803	0.119864810319	0.13559247964	0.127914385658	0.133234562253	0.14952294899	0.136484547382	0.125900012183	0.132910009325	0.148957239423	0.129566393315	0.136760241848	0.112708364796	0.121834853988	0.15311584586	0.140257402223	0.125475141465	0.123795062678	0.13555314977	0.138088376251	0.137277703334	0.128817305894	0.129291726791	0.122478018531	0.134331208518	0.121698791022	0.118495657956	0.114562643475	0.134659952882	0.135946670577	0.137348073528	0.112350114425	0.125151138484	0.122062736823	0.127532838126	0.126292188461	0.126367225812	0.125998564561	0.130883589261	0.130944463709	0.130114662003	0.13415940951
MH0303.snv.bam	0.12137209695	0.124566054402	0.119253703591	0.127120622293	0.113406398527	0.124832393946	0.115803382453	0.113131432305	0.106685983515	0.11263457333	0.0991560538404	0.123427044845	0.106276560449	0.102451367241	0.0914754165759	0.107489303862	0.101723354609	0.116378937397	0.112957210357	0.107063697306	0.117522739329	0.111413223601	0.113725806865	0.134265153397	0.0939642193237	0.118221378995	0.115812581202	0.103238645507	0.128105043861	0.0	0.108233298941	0.111005765753	0.118201403803	0.11570545872	0.128156876062	0.137435702205	0.103661495068	0.0990118446553	0.122084265667	0.124012450625	0.117501446688	0.109403650852	0.0913607514132	0.114588868145	0.146247158252	0.113215281864	0.117203135812	0.11589003906	0.113084240614	0.117349568236	0.120809494693	0.108919241382	0.112510334947	0.106105014501	0.113301979867	0.10590866943	0.101068832845	0.109760128856	0.119670938811	0.108426935954	0.113519259141	0.114067608426	0.106304324586	0.10854783656	0.109440248276	0.123715712748	0.109489121125	0.107736689833	0.107284817512	0.121492361359	0.125667174898	0.112754571776
MH0308.snv.bam	0.124251908821	0.119255833814	0.124490029202	0.123144964971	0.128261561519	0.128116447154	0.105671619672	0.113351262941	0.123310987975	0.102049485808	0.105244377897	0.114707663121	0.119632773764	0.115941004714	0.10789166978	0.112357069379	0.104940512851	0.121000235593	0.113487290187	0.106981699389	0.131566271906	0.129231906729	0.121703725503	0.126895483255	0.0996036366973	0.116837183193	0.129842110009	0.105510232194	0.118584606803	0.108233298941	0.0	0.10624008247	0.120940977172	0.118091176353	0.12416351068	0.152891608846	0.120952354652	0.111899945448	0.117154911032	0.127607214531	0.101883435821	0.120589179194	0.101969215736	0.107533112385	0.136986063013	0.130331972532	0.107709108129	0.110219566611	0.11934908644	0.13069806339	0.132919518145	0.116972079544	0.118628411476	0.113114642864	0.119869365295	0.108441767828	0.104106232138	0.114044961187	0.113513205966	0.119577197387	0.124551020337	0.0995390742798	0.107713472155	0.10746113444	0.10384166299	0.123699370457	0.120730404414	0.111759816328	0.111329980856	0.11973132579	0.118768870162	0.115359133007
MH0309.snv.bam	0.126153915895	0.12665507775	0.117489224378	0.127693037785	0.122378111656	0.129306574471	0.11134349088	0.102373036386	0.120940641931	0.109592432036	0.109823203403	0.0997694039989	0.114121998416	0.112356512237	0.121679249093	0.105807469096	0.101188402291	0.104322054792	0.117303276536	0.110421632078	0.113954438302	0.130796828042	0.116617913394	0.135651922077	0.102104030924	0.125258299745	0.113248094458	0.111936433402	0.119864810319	0.111005765753	0.10624008247	0.0	0.114266917321	0.112728095495	0.118696903895	0.133030245618	0.129676080544	0.115609434115	0.129043284928	0.117345569966	0.119495149039	0.120905685776	0.105552728289	0.113706981315	0.136619342172	0.108565838653	0.111975634855	0.114111571964	0.123963796085	0.113758878148	0.115161883627	0.105531168901	0.111117118306	0.114776051406	0.103678553919	0.105170266115	0.107485420789	0.108281210206	0.111310836438	0.12121241579	0.114258621485	0.107347178522	0.113360906132	0.113964998554	0.10864141392	0.123328954933	0.11261564612	0.110791609648	0.114395605178	0.121573315495	0.117691330349	0.105673462028
MH0328.snv.bam	0.149828852845	0.126850791813	0.13959987049	0.139620755198	0.137598642003	0.139592292927	0.120924874355	0.125627026437	0.12522694671	0.128897281353	0.112707215535	0.128935317813	0.135878566652	0.134235111667	0.125970939287	0.11866997293	0.114893247769	0.114856790022	0.11595180287	0.109483202912	0.142522543399	0.128101291178	0.142365049402	0.130796362906	0.108647864987	0.124563987784	0.140945846609	0.127101613067	0.13559247964	0.118201403803	0.120940977172	0.114266917321	0.0	0.137383728166	0.128038775038	0.144103705278	0.13165387067	0.115978943014	0.111223001465	0.125972051447	0.124404566519	0.132631374753	0.118877678101	0.125992670694	0.147687435234	0.13132874501	0.123425898921	0.109838563306	0.137767705824	0.145163153198	0.144600501033	0.112513104235	0.117560029547	0.124267457351	0.106144282296	0.123216921924	0.116987935379	0.105102269021	0.117541332062	0.136107338088	0.135620807151	0.120921778792	0.13372174536	0.12371598293	0.127417179647	0.134095165839	0.115778344993	0.124861414835	0.12452062165	0.128573116364	0.139400912368	0.100439686188
MH0329.snv.bam	0.13750691491	0.116935989675	0.148961329065	0.132200991942	0.136357552217	0.112858828242	0.0988169830382	0.0966957086844	0.124202898618	0.104934245983	0.125382575582	0.105941588741	0.132363427326	0.123140436275	0.111900437601	0.110714936011	0.100771174964	0.120759875575	0.11642166691	0.112073829142	0.113835323297	0.149150976308	0.123418503794	0.127817916713	0.112198012146	0.114821023611	0.109387397697	0.129848716199	0.127914385658	0.11570545872	0.118091176353	0.112728095495	0.137383728166	0.0	0.132199808129	0.152858716488	0.117640408357	0.131360197151	0.111116906157	0.124721562277	0.124393876996	0.123807100522	0.109506309376	0.1293482763	0.156267019832	0.120385006174	0.109697109929	0.120637629469	0.140149017885	0.115858678245	0.11255509171	0.12588012192	0.125172888648	0.116340435441	0.106878463658	0.125336296436	0.110698805294	0.120740052508	0.124644448173	0.102908350215	0.129369244096	0.113410285076	0.114313723417	0.11235976625	0.112993808248	0.116105581812	0.104910269558	0.113095120115	0.108864897979	0.115374355304	0.120612535466	0.131980374108
MH0336.snv.bam	0.133273679469	0.134506882423	0.134485333164	0.146202676461	0.128065474802	0.147366874226	0.132262316902	0.128151084154	0.129116606156	0.117274829103	0.127499197601	0.122331321412	0.138864570832	0.123941879821	0.121944454367	0.131737014713	0.131379805246	0.125691701197	0.132210379077	0.12606256031	0.13730006092	0.137592535921	0.137450994729	0.150024674835	0.0937020340445	0.138635789738	0.135148397713	0.129651375975	0.133234562253	0.128156876062	0.12416351068	0.118696903895	0.128038775038	0.132199808129	0.0	0.1464117324	0.131374921378	0.134627018448	0.137339425632	0.133552394413	0.130001204943	0.13118543563	0.116213768852	0.12303307647	0.139214166678	0.141849999977	0.125787877617	0.134068941836	0.136746209235	0.137641535943	0.139609889383	0.129532991367	0.133679457751	0.120259216029	0.128433965777	0.123737635946	0.132773357104	0.120098336624	0.123412167819	0.129559470308	0.146019873057	0.122847074005	0.12058569055	0.11776770819	0.131200442624	0.133998658064	0.139107107913	0.121417348137	0.126850467136	0.136956745431	0.130026181131	0.12698140411
