	158337416-stool1.snv.bam	160178356-stool3.snv.bam	763840445-stool1.snv.bam	763860675-stool1.snv.bam	763901136-stool1.snv.bam	BYQ_AAAD.snv.bam	BYQ_AAAE.snv.bam	BYQ_AAAF.snv.bam	BYQ_AAAO.snv.bam	CCIS16383318ST-4-0.snv.bam	CCIS47745468ST-4-0.snv.bam	CCIS91228662ST-4-0.snv.bam	CCMD26925580ST-21-0.snv.bam	CCMD35802077ST-21-0.snv.bam	CCMD72895164ST-21-0.snv.bam	ED20A.snv.bam	HT25A.snv.bam	M2.5-V1.metaT.snv.bam	MH0191.snv.bam	MH0192.snv.bam	MH0204.snv.bam	MH0257.snv.bam	MH0259.snv.bam	MH0262.snv.bam	MH0290.snv.bam	MH0293.snv.bam	MH0359.snv.bam	MH0402.snv.bam	MH0403.snv.bam	MH0423.snv.bam	MH0425.snv.bam	MH0431.snv.bam	MH0443.snv.bam	MH0446.snv.bam	MH0447.snv.bam	MH0450.snv.bam	MH0451.snv.bam	MH0452.snv.bam	MH0455.snv.bam	MH0456.snv.bam	MMRS51737257ST-27-0-0.snv.bam	MMRS86178473ST-27-0-0.snv.bam	MMRS87723283ST-27-0-0.snv.bam	N066A.snv.bam	N074A.snv.bam	N086A.snv.bam	N088A.snv.bam	N104A.snv.bam	O2.UC11-1.snv.bam	O2.UC28-2.snv.bam	O2.UC44-2.snv.bam	O2.UC50-0.snv.bam	SZEY-40A.snv.bam	SZEY-62A.snv.bam	T2D-102A.snv.bam	T2D-154A.snv.bam	T2D-198A.snv.bam	T2D-47A.snv.bam	T2D-51A.snv.bam	T2D-68A.snv.bam	T2D-78A.snv.bam	V1.CD49-0.snv.bam	V1.FI01.snv.bam	V1.FI09.snv.bam	V1.FI11.snv.bam	V1.FI12.snv.bam	V1.FI13.snv.bam	V1.FI15.snv.bam	V1.FI19.snv.bam	V1.FI27.snv.bam	V1.FI32.snv.bam	V1.UC13-3.snv.bam	V1.UC5-3.snv.bam	V1.UC57-0.snv.bam	V1.UC58-4.snv.bam	alien-11-630-0.snv.bam	alien-11-7-0.snv.bam	alien-11-773-0.snv.bam
158337416-stool1.snv.bam	0.0	0.0699553923798	0.0729167580413	0.0359803140822	0.0678300474087	0.0449335801805	0.039602814982	0.299375022303	0.0473357081239	0.145345996513	0.032549950993	0.0780644494653	0.110301317693	0.0923129776157	0.0669391828817	0.0868970276833	0.0869366141965	0.0499669360053	0.0689217873736	0.0702930541018	0.0728278275985	0.0924755744566	0.065656363317	0.10165634442	0.0712664983895	0.0715546400542	0.0685510779411	0.088484104715	0.0350865429758	0.0279982426091	0.0887480110941	0.0770505111582	0.0534484768768	0.0412985740081	0.0854071861977	0.0839342020109	0.0759622130382	0.0602482057317	0.0414232012959	0.0715784976511	0.0867272105661	0.00671263049189	0.0274258766611	0.104911238186	0.102463623678	0.108079483698	0.0970603602374	0.0879435541728	0.0839273632032	0.0723369390207	0.0702367354997	0.081279477103	0.0957722301128	0.0966594071967	0.0839212291605	0.0921023660331	0.0797342422723	0.0873222347787	0.078550612806	0.0828842004822	0.0853734652945	0.0644605052336	0.0505160795762	0.137571483323	0.061862161967	0.0863674586386	0.0497697879757	0.0578268709514	0.063814205994	0.0714437491857	0.0377166028584	0.0509208607418	0.0720730830447	0.0727459382995	0.0712236207986	0.082280695091	0.080610588399	0.0823876321756
160178356-stool3.snv.bam	0.0699553923798	0.0	0.0622695817576	0.0528748307479	0.0636641510959	0.0675474925384	0.0434729210102	0.278602813038	0.0710188620903	0.12053020758	0.0699919640962	0.0564970652895	0.104505065991	0.0836925068535	0.0551723657905	0.0738942614215	0.0820281336261	0.0580769026361	0.0633068672127	0.0517505933963	0.075152481031	0.0828196433908	0.0582034907773	0.0968612880131	0.0564435336567	0.0693530540054	0.0658174421869	0.0811766326096	0.071564055716	0.0718053054842	0.0618829954157	0.0630518946762	0.0647161104477	0.073123448438	0.0782798394289	0.0641960877022	0.0704813959461	0.065653098177	0.0655858878298	0.0595234372684	0.0784535546734	0.0606164232935	0.0668291649501	0.0968749507683	0.0886179434641	0.102907823221	0.100372517988	0.0783389658963	0.0598231767353	0.0816345019209	0.0625697329913	0.06643707096	0.0926886916325	0.0877441142311	0.0709791014051	0.0910866617943	0.080484641409	0.0851384828226	0.0711096700187	0.079466684606	0.0831977512045	0.0649997459485	0.0591707933454	0.124724837983	0.0685677733438	0.0847375391201	0.0589517139593	0.0714325736958	0.0685931837199	0.0621583226152	0.0761510573583	0.0600171192063	0.0706518250171	0.0566665243388	0.0549679641972	0.069670139969	0.0774171846551	0.0697294819214
763840445-stool1.snv.bam	0.0729167580413	0.0622695817576	0.0	0.0614160309503	0.075095253115	0.0647966554775	0.0521769775191	0.287520201023	0.0665596845037	0.136236410257	0.0714433629168	0.0826113771112	0.109161828303	0.0898416985491	0.0624331740225	0.0691786166901	0.078764386	0.0497476373022	0.0786983524104	0.0646204002872	0.0829237139878	0.0842817152142	0.0581947261914	0.105969017645	0.0700103965804	0.0832096145865	0.0577136013982	0.0763161313045	0.0642725887005	0.0641303711535	0.0901238116519	0.0773481928833	0.0654131245849	0.0714897360487	0.0852701384184	0.0835615341313	0.0778191976658	0.0715799546881	0.0686848289823	0.0843341965012	0.0716193923812	0.0680896519057	0.066764093276	0.092469993817	0.0842489417801	0.106517527985	0.10161644522	0.0799827748121	0.0875692818714	0.0765622910654	0.0737748279576	0.0736471494146	0.0942956013361	0.0939425936477	0.057881947301	0.0902513054142	0.0743994773427	0.0815610643516	0.0555876239489	0.0794522662952	0.0763941350695	0.0721434599945	0.0514485345764	0.13851082003	0.062802300634	0.0767293127312	0.0514177713243	0.0716039140947	0.050539229473	0.0713709325986	0.0686572290057	0.0536694201472	0.081146747025	0.0595045841196	0.0577729293849	0.0771594988132	0.0896070204578	0.0772661635269
763860675-stool1.snv.bam	0.0359803140822	0.0528748307479	0.0614160309503	0.0	0.0676737123296	0.0407939176194	0.0303600267943	0.300047770945	0.0430872108276	0.136921639975	0.0435153530818	0.0811569440039	0.112396513745	0.0894261159532	0.0636418288304	0.0754263682546	0.0790278645781	0.0467525218589	0.0676708916145	0.0660393684517	0.0821683266814	0.0962235147831	0.0587492412502	0.0937136249364	0.0506601344562	0.0819049638638	0.0667284498296	0.0761626092994	0.043302063471	0.0465374648837	0.0927344731766	0.0773079084658	0.0629311876768	0.043355847295	0.0861873345741	0.0873404870177	0.0814006716876	0.0666647112007	0.048232817615	0.0666445181035	0.0805725981002	0.0357611906137	0.0260359813105	0.107298633489	0.094236534843	0.106282722493	0.101433949194	0.0723220201995	0.0858701568617	0.0720355282217	0.0651767028869	0.0755274690436	0.0981589223964	0.0935316763756	0.0780848050524	0.0894922882759	0.0711388572831	0.0807633853944	0.0734756712672	0.0796647697494	0.0773328520071	0.0661048926989	0.0475633299771	0.140560280602	0.0621261078363	0.0841368980728	0.0473019519299	0.0518290091716	0.0670340639098	0.0633225218301	0.0487343561984	0.0494340549597	0.0726069720089	0.0699771188961	0.0681389895613	0.0821473518019	0.0828388046312	0.0822343723837
763901136-stool1.snv.bam	0.0678300474087	0.0636641510959	0.075095253115	0.0676737123296	0.0	0.082882239115	0.0752767025427	0.275740216534	0.0851926899193	0.1385491137	0.0791942592665	0.0652854048162	0.113543090639	0.0980208934807	0.0484564437436	0.0767886634488	0.081933929804	0.0818715659275	0.0733653147539	0.0612048549984	0.0811906035722	0.0881508607734	0.0615106799969	0.108215622077	0.0583440737007	0.0798297896446	0.0776907274331	0.0827871457812	0.0803713506446	0.0656671905771	0.0735956654153	0.0209357621952	0.080973337175	0.0863281808638	0.0867578396642	0.0710316105255	0.0821654590427	0.0696646185285	0.0825816833216	0.0648579462198	0.0806861316871	0.0711521530088	0.0774516808722	0.104146274072	0.0781549369396	0.10963207665	0.0779967697733	0.0862946609594	0.0707354865244	0.106213575015	0.0660908703493	0.0738508285631	0.0994410185591	0.0960019932642	0.0919761777209	0.0676042641709	0.0476953711915	0.0838543111108	0.0851546478149	0.0536983419355	0.0508461264104	0.0246806897486	0.0831326543942	0.10727833432	0.0864653117088	0.0895944651658	0.0826102303834	0.0820973956114	0.0668010485831	0.066570373347	0.0824780132237	0.0862616496044	0.046053897005	0.0695358988219	0.0694551948957	0.0587481867864	0.0759409550665	0.0588945630209
BYQ_AAAD.snv.bam	0.0449335801805	0.0675474925384	0.0647966554775	0.0407939176194	0.082882239115	0.0	0.0389366731942	0.305851103212	0.00132846105595	0.153403894281	0.0215225921108	0.0896028168937	0.114272036139	0.0906196072286	0.0751918374815	0.0851916785847	0.0811408100605	0.0571501385273	0.0796092942713	0.0805035692127	0.0884180655506	0.0962473372484	0.0790055250897	0.102433869363	0.0694464184516	0.0794656573991	0.0668727580958	0.0743299439588	0.0197589205806	0.0438521157847	0.0992323911798	0.082934452185	0.0674967891764	0.00813063668849	0.0856352493836	0.0935417779203	0.0722494019215	0.0767848701124	0.0287006911903	0.0794814882906	0.0961083436904	0.0377583986033	0.0242539771223	0.105947216385	0.107606132344	0.111638272556	0.113294241819	0.0761597694589	0.0897554028861	0.0835827463353	0.079378968277	0.0864068142863	0.0997533970075	0.102030090703	0.0697406209367	0.0996807091573	0.0920245994739	0.0831155231607	0.0775526456076	0.092109171355	0.0959206176584	0.0780199149601	0.058304050163	0.151986280632	0.0722809115774	0.093130772683	0.0579194317016	0.066634638494	0.0810613015609	0.0827918031201	0.0522145079711	0.057547637001	0.0879312667488	0.0791537172261	0.0773980522442	0.0898112011339	0.0930999711312	0.0898763376101
BYQ_AAAE.snv.bam	0.039602814982	0.0434729210102	0.0521769775191	0.0303600267943	0.0752767025427	0.0389366731942	0.0	0.291671797771	0.0397501589767	0.137719170412	0.0355811374558	0.0707803473906	0.111013204222	0.0820690344139	0.0630877955331	0.0735095416751	0.0784335152355	0.0200323840004	0.0633075872685	0.0625827651114	0.0775887686655	0.0800374068929	0.0615691443681	0.0956577196456	0.0615005996475	0.0745732620983	0.0587629304045	0.0715859316404	0.0352232120122	0.045982745597	0.0835976154598	0.0782330943217	0.0482869575737	0.0340315111072	0.0733780174063	0.0757639342337	0.062680060299	0.0646911280829	0.036935060835	0.0693126469735	0.0807533367027	0.0342530537239	0.0218149456112	0.101790459207	0.0900798633768	0.108085193737	0.100954136632	0.0750123075811	0.0735628042638	0.0452755482518	0.0625142441177	0.0749205335175	0.0944296616167	0.0952278602846	0.0589587361019	0.0939442923266	0.0800161615078	0.0802255337442	0.0659264195132	0.0848182777913	0.085642070084	0.0733023236869	0.0198613100508	0.131777951638	0.0397165697139	0.0736188565057	0.0201522475754	0.0576869602575	0.0649345000421	0.0625562703353	0.0455308116574	0.0201543648659	0.0819471832193	0.0572942043927	0.0555313541717	0.0722033143625	0.0861556884525	0.0723490222124
BYQ_AAAF.snv.bam	0.299375022303	0.278602813038	0.287520201023	0.300047770945	0.275740216534	0.305851103212	0.291671797771	0.0	0.302086055096	0.181682447498	0.296009695792	0.284208012822	0.29671323287	0.277607679984	0.276209109929	0.296692469194	0.291669062795	0.278976270614	0.277943571208	0.272433380814	0.28931875759	0.268388436365	0.264816017828	0.303447026269	0.279211209821	0.289053995167	0.289092615885	0.297878828144	0.291425269473	0.277178212498	0.286188727016	0.280622221431	0.281803592858	0.300082452806	0.266510841666	0.286774466614	0.288754974944	0.289162936618	0.288291685246	0.285559230058	0.275278978748	0.291966858361	0.293329014646	0.287174216724	0.283927353604	0.288938197821	0.2541858127	0.303494757749	0.27672905321	0.268938017907	0.279787752732	0.282319341986	0.28812429872	0.291107479037	0.287017835092	0.264994067455	0.296932521562	0.290670552894	0.296674809456	0.292806517888	0.301844514293	0.282729370183	0.285484909393	0.194682953837	0.282112999003	0.277684308046	0.284200392767	0.298030116062	0.282428084541	0.282180543892	0.288861857048	0.282097951562	0.282191371792	0.276372687906	0.277046891713	0.28464685775	0.285757217249	0.284727308256
BYQ_AAAO.snv.bam	0.0473357081239	0.0710188620903	0.0665596845037	0.0430872108276	0.0851926899193	0.00132846105595	0.0397501589767	0.302086055096	0.0	0.153529359692	0.0222462363507	0.0929486287067	0.120353747477	0.0939890444388	0.0786701015676	0.0885784343068	0.0846150698371	0.0577487138712	0.0830762052747	0.082417207803	0.0919818767931	0.0984016456912	0.0798154521973	0.10262519664	0.0716640668579	0.0830941070438	0.0701563201534	0.0775825408826	0.0205019663916	0.0440522907537	0.102414853583	0.0850603568236	0.0691178365011	0.00910151945908	0.0856907841985	0.0966937908185	0.0730799424694	0.0803145849724	0.0294178755369	0.0827248809478	0.0964039611493	0.0387955094667	0.0252268766512	0.109147457871	0.109169862068	0.116431211886	0.11706086583	0.0796159223379	0.0940339160797	0.0844920044565	0.0829424245798	0.0898703097657	0.103088056827	0.107936873354	0.0702739729508	0.103284286455	0.0966478092614	0.0854195003573	0.0798717050843	0.0970317344072	0.100979277899	0.0798132037735	0.0584439169878	0.154696574862	0.0729575215214	0.0935086044836	0.0583515664191	0.0686307075789	0.0831666148772	0.0849675491432	0.0527517097179	0.05752095558	0.0913760578398	0.081141104149	0.0793937481983	0.0916667623262	0.0949778059773	0.0917315122358
CCIS16383318ST-4-0.snv.bam	0.145345996513	0.12053020758	0.136236410257	0.136921639975	0.1385491137	0.153403894281	0.137719170412	0.181682447498	0.153529359692	0.0	0.14649296669	0.119659495595	0.156922885503	0.133686616139	0.133681217669	0.142127982517	0.137502267372	0.137240166036	0.137577550049	0.124263656156	0.143406584517	0.128570894987	0.130402712477	0.158105365143	0.123091591842	0.139125385876	0.141946190772	0.13862151342	0.144149640307	0.136010689059	0.124956594019	0.139694850633	0.138054363587	0.152157528262	0.128064635384	0.125675111131	0.146981762867	0.140717753019	0.13423660629	0.13424535615	0.137489121632	0.13916029073	0.145859763982	0.138375961346	0.1373856283	0.150299040503	0.13014564905	0.141146189923	0.122381134878	0.131460660697	0.13616147707	0.138926560441	0.145785982019	0.1422752671	0.135291000556	0.138005065573	0.146062534879	0.140834948729	0.140121863008	0.144546670734	0.146025326218	0.142767402052	0.14389048238	0.116528458926	0.140834943129	0.139385489256	0.144421092737	0.149841191505	0.134153156156	0.138772345644	0.141633919667	0.140098909272	0.137653081151	0.135616352336	0.133763248405	0.134437015399	0.135360910416	0.134461475342
CCIS47745468ST-4-0.snv.bam	0.032549950993	0.0699919640962	0.0714433629168	0.0435153530818	0.0791942592665	0.0215225921108	0.0355811374558	0.296009695792	0.0222462363507	0.14649296669	0.0	0.0828220858896	0.119585759397	0.0869798369798	0.0716534391534	0.0875716439064	0.0927068530189	0.0456349206349	0.0792592328358	0.0769414577966	0.0860333643467	0.0922688935113	0.0752988401882	0.0987792931789	0.067293621902	0.0773096494361	0.0660589611093	0.0859672744524	0.0131124408415	0.0322178752938	0.0953436208028	0.0777751546933	0.0576228666487	0.0150517478051	0.078130928836	0.0898888447405	0.0692330479557	0.0747969012105	0.0220022947294	0.0745559616274	0.0907202757501	0.0256689474121	0.0209478997146	0.108051018114	0.100906960845	0.116968859837	0.105108211312	0.0936061546356	0.0896528203555	0.0726746834023	0.0787945894315	0.0888699363991	0.0990713904289	0.104634971783	0.0696094801688	0.0943483687967	0.0853048696372	0.0928486602979	0.0789675148456	0.0870071539769	0.0907477003397	0.0725860460992	0.0458940049849	0.146815560617	0.0616683163949	0.088430421814	0.0455479807965	0.0675987276614	0.0805760194444	0.0808361391695	0.0427823642462	0.0444705407264	0.0844484819906	0.0700798788046	0.0683479176795	0.0862128924157	0.0894046397066	0.0862777385361
CCIS91228662ST-4-0.snv.bam	0.0780644494653	0.0564970652895	0.0826113771112	0.0811569440039	0.0652854048162	0.0896028168937	0.0707803473906	0.284208012822	0.0929486287067	0.119659495595	0.0828220858896	0.0	0.106157346656	0.0909090909091	0.0689329940628	0.083719984315	0.0909534554003	0.0786899029275	0.0793069249823	0.0530434429886	0.0883087859146	0.0869067216904	0.0708334918792	0.110434816124	0.0675664692128	0.0841728618146	0.0769347460138	0.0866459731927	0.0829108635458	0.0786373469241	0.0340643111062	0.0663907550364	0.0758956386478	0.0918595995082	0.0968987204533	0.0242069089625	0.0910541620832	0.0809831774107	0.0871913685834	0.067161728479	0.0880907998291	0.0734156937279	0.0855151471158	0.102712574625	0.0819184742975	0.107605106904	0.10072648978	0.0945172557585	0.0582745245317	0.102700156674	0.0761269719942	0.0805588577186	0.0984231962998	0.0966373791265	0.0926487413281	0.0928679435134	0.0809968847352	0.0941060992964	0.090321249076	0.0801050495763	0.0843549931184	0.0681954453621	0.0805604648495	0.134644916854	0.0874399777046	0.0988838758922	0.0801696510306	0.0860296517733	0.0781167045236	0.0719204725544	0.0801715413685	0.0808240192856	0.0819694576684	0.0601844068109	0.0584192010137	0.0655812143228	0.0795434443936	0.0656424559414
CCMD26925580ST-21-0.snv.bam	0.110301317693	0.104505065991	0.109161828303	0.112396513745	0.113543090639	0.114272036139	0.111013204222	0.29671323287	0.120353747477	0.156922885503	0.119585759397	0.106157346656	0.0	0.0867896112266	0.101009200363	0.103995150494	0.105928340072	0.110490669872	0.102023601476	0.10518069935	0.11109135477	0.093255791741	0.104238953619	0.117211337524	0.110856923185	0.107920434638	0.112168584305	0.111182251633	0.121756173753	0.108602950252	0.105016507493	0.113724437051	0.0979251152802	0.122388792507	0.115333605661	0.114446665214	0.111335077596	0.101011249132	0.112489403297	0.102965128496	0.11369141242	0.11104693948	0.121932700663	0.103756699257	0.102419192311	0.112900984538	0.138460506805	0.111934548783	0.109866937287	0.130074382643	0.102140690869	0.114488571341	0.103681643865	0.103111093093	0.116331186791	0.129778771485	0.115616147303	0.107302924678	0.109976574567	0.119685072671	0.115703726001	0.111194642503	0.113333865485	0.16392111165	0.116431503514	0.122538507823	0.112841015553	0.108018039192	0.101619043204	0.106423443185	0.113229142045	0.11678771111	0.107871963259	0.0913019223568	0.091203539652	0.114925597138	0.117814205985	0.1150512019
CCMD35802077ST-21-0.snv.bam	0.0923129776157	0.0836925068535	0.0898416985491	0.0894261159532	0.0980208934807	0.0906196072286	0.0820690344139	0.277607679984	0.0939890444388	0.133686616139	0.0869798369798	0.0909090909091	0.0867896112266	0.0	0.0822084814025	0.0788498516546	0.0946280559007	0.0868126081396	0.0914719039741	0.0829714124702	0.0960786523464	0.0759661515149	0.0909471640804	0.097715472181	0.0869821769702	0.0900207092131	0.0891885456841	0.0932345036603	0.0902949493055	0.0953466811396	0.0892778361557	0.0925048924628	0.0770652811246	0.0956177324274	0.0910528885275	0.097582141605	0.0846960692665	0.0900415890967	0.0797158914703	0.0867234829907	0.10299034399	0.0825077610875	0.0925768775172	0.0898381878546	0.0903209899299	0.097577820215	0.119217766709	0.0984468633723	0.0979757308106	0.106839786459	0.0909724669205	0.0939274744052	0.0887918541617	0.0872081739152	0.0937906301194	0.108622199899	0.100676530471	0.0960740063042	0.0912970967637	0.103546156803	0.103219558474	0.0954030110362	0.0907674869558	0.144965879022	0.0955685781755	0.105008749641	0.0905970291992	0.0947009214006	0.0898817143936	0.0964557114712	0.0946244655874	0.0915896364172	0.0951541408834	0.0836219937214	0.0818589063532	0.0984326089915	0.100782184266	0.0985754896741
CCMD72895164ST-21-0.snv.bam	0.0669391828817	0.0551723657905	0.0624331740225	0.0636418288304	0.0484564437436	0.0751918374815	0.0630877955331	0.276209109929	0.0786701015676	0.133681217669	0.0716534391534	0.0689329940628	0.101009200363	0.0822084814025	0.0	0.0695484239353	0.0743202940637	0.0659269195419	0.0682550921722	0.0497177399321	0.0737899377011	0.0748399054154	0.0552732817264	0.0998532469418	0.0596961306307	0.0710120910453	0.0630785584241	0.0712551473915	0.0720157146195	0.06895129294	0.0854762734688	0.0537588898	0.063063355447	0.0804609603217	0.0705947129735	0.0807430219855	0.0698726778092	0.0627830922931	0.0768378812919	0.0640554493916	0.0741560551652	0.062244391799	0.0743329106791	0.0893520289535	0.0813069462827	0.0985401657758	0.0778228598052	0.0799593573967	0.0680141808948	0.0907284503175	0.0665428683568	0.0620321605501	0.0852141444479	0.0833362146872	0.0756714604844	0.0634245783926	0.0533439218733	0.0761997898658	0.0725431091491	0.0542224914689	0.0563847282989	0.0577360297826	0.0695496125274	0.119246770745	0.0748524534775	0.086178022376	0.0694023865359	0.0764110460734	0.0672237992992	0.062262564198	0.0733739424644	0.0722758021826	0.0574333296293	0.0518605566872	0.048522370571	0.0531807181725	0.0880278891757	0.0533223306834
ED20A.snv.bam	0.0868970276833	0.0738942614215	0.0691786166901	0.0754263682546	0.0767886634488	0.0851916785847	0.0735095416751	0.296692469194	0.0885784343068	0.142127982517	0.0875716439064	0.083719984315	0.103995150494	0.0788498516546	0.0695484239353	0.0	0.0795901274698	0.0779270758642	0.0730368500032	0.0715135852235	0.0832867188494	0.0817451792777	0.0664210998597	0.0996438487999	0.0697543562844	0.0806953589635	0.0693293879804	0.074092874028	0.0876277904245	0.0940225232065	0.0866110386626	0.0831956070366	0.0776003776957	0.0903843258682	0.0884609728286	0.0904009556178	0.0760085718967	0.0751694683813	0.0848377674811	0.0765256885906	0.065456253554	0.0846693179304	0.0842249127509	0.0843733303742	0.0818698464009	0.0979858426565	0.0989862560627	0.0777376615718	0.0903150320407	0.1046903457	0.0731923925915	0.0685568670928	0.0827493817479	0.0872893458781	0.079818621941	0.0864226947969	0.0755710756666	0.0792111547346	0.0765615977783	0.0781624953004	0.0745221480818	0.0790976546429	0.0825339897441	0.140386561321	0.0774434060941	0.0723881355837	0.0816762044336	0.0830920561286	0.0738989855051	0.0781314304206	0.0936777670328	0.0845172599672	0.0820457504967	0.0705984108288	0.069049247355	0.0811392368041	0.0888554821483	0.0812814805743
HT25A.snv.bam	0.0869366141965	0.0820281336261	0.078764386	0.0790278645781	0.081933929804	0.0811408100605	0.0784335152355	0.291669062795	0.0846150698371	0.137502267372	0.0927068530189	0.0909534554003	0.105928340072	0.0946280559007	0.0743202940637	0.0795901274698	0.0	0.0786264342987	0.0899264888993	0.0822303771802	0.0998244818157	0.0883509693598	0.0777040873632	0.109790773734	0.0767390496159	0.098045252788	0.0778577804673	0.0324968571598	0.0930670181164	0.0919094879893	0.096636987398	0.0946011694494	0.0839656942869	0.0891151379718	0.102766789526	0.097594082836	0.0931521915295	0.0886759838677	0.0936243035147	0.084763630112	0.0767659204368	0.0851071321884	0.089329600561	0.092514911154	0.0947731325371	0.104971460446	0.115677791195	0.0139368524153	0.0947739116789	0.104153718772	0.0870282776166	0.0794222093322	0.0927558195876	0.095189073538	0.0820407510063	0.102260361027	0.0895724394701	0.00724009836205	0.0781140348299	0.0953134174283	0.0916423663219	0.0900333244138	0.0841567014928	0.143834758276	0.0911306348448	0.0984709564637	0.0836585799591	0.0780652384463	0.078707343425	0.0845066328163	0.0844365976293	0.0881065926496	0.0927973317185	0.0798415745474	0.0780639624493	0.0804086038589	0.0905696799408	0.0805508476291
M2.5-V1.metaT.snv.bam	0.0499669360053	0.0580769026361	0.0497476373022	0.0467525218589	0.0818715659275	0.0571501385273	0.0200323840004	0.278976270614	0.0577487138712	0.137240166036	0.0456349206349	0.0786899029275	0.110490669872	0.0868126081396	0.0659269195419	0.0779270758642	0.0786264342987	0.0	0.0746917168509	0.0667791549544	0.0802947380669	0.0867594723576	0.0575245044501	0.0897410802766	0.0670157900879	0.0798268801494	0.057660475919	0.0813142330337	0.0487935340541	0.0531572600896	0.0902341781417	0.0830411288795	0.0556872656636	0.0516003098647	0.0688693544458	0.0863657194324	0.0632391561594	0.0707788009214	0.0446202754991	0.0750717997274	0.0793819062429	0.044299318976	0.0392527281746	0.09301421356	0.0950151876862	0.103914908308	0.100551883366	0.0842304730861	0.0867652527841	0.0278577784756	0.0715448444353	0.0808287378997	0.0864067563098	0.0909541775232	0.0610743449235	0.0959699773584	0.0817220392579	0.0801606224147	0.0678056581639	0.0866871360865	0.0841814357251	0.0779070461411	0.00128320825813	0.135724476925	0.0292203831084	0.0741377706057	0.00142362605403	0.0586074405513	0.0597359587071	0.0673262239116	0.0537933502661	0.00112565450292	0.0884698772093	0.0581955844123	0.0565255822609	0.0750704470618	0.0795091034373	0.0752200252764
MH0191.snv.bam	0.0689217873736	0.0633068672127	0.0786983524104	0.0676708916145	0.0733653147539	0.0796092942713	0.0633075872685	0.277943571208	0.0830762052747	0.137577550049	0.0792592328358	0.0793069249823	0.102023601476	0.0914719039741	0.0682550921722	0.0730368500032	0.0899264888993	0.0746917168509	0.0	0.0697207192378	0.0274490580663	0.084930435589	0.0675124332816	0.10341485621	0.0783995367421	0.0188432658226	0.0766378712092	0.0861057655469	0.0784560103806	0.0762600099321	0.07640389703	0.078310098072	0.0680144630727	0.0855986703395	0.0895740788667	0.0836587845033	0.0737044522795	0.0259197311396	0.0782680780424	0.0782668229287	0.0769817103197	0.0661727376438	0.0758187670631	0.0940569638284	0.0886968396161	0.103679104553	0.103141645132	0.0923378888987	0.063265364366	0.0977581066464	0.013802356436	0.0823785123355	0.0930087929764	0.0919409729048	0.0816057053407	0.0893218353848	0.0803712506448	0.0917779476309	0.0767363958183	0.0835831477466	0.0792561801668	0.0793535485839	0.0762408627127	0.129550541074	0.0808737540697	0.0876354892505	0.0759248082746	0.0850201230873	0.0708081891694	0.0709695547039	0.0652691330587	0.0777152036494	0.05931850835	0.065184013317	0.0633651631213	0.0863702291235	0.083224438011	0.0865186478171
MH0192.snv.bam	0.0702930541018	0.0517505933963	0.0646204002872	0.0660393684517	0.0612048549984	0.0805035692127	0.0625827651114	0.272433380814	0.082417207803	0.124263656156	0.0769414577966	0.0530434429886	0.10518069935	0.0829714124702	0.0497177399321	0.0715135852235	0.0822303771802	0.0667791549544	0.0697207192378	0.0	0.0770740000146	0.0734270977477	0.0631343240659	0.102969584762	0.0676772963179	0.0710369843268	0.0630780429928	0.0783140575234	0.072459718188	0.0704958384353	0.0607639091714	0.0628694929164	0.0659805979485	0.0853464571218	0.0725819297707	0.0555734090207	0.0686522609311	0.0598280662342	0.0829981844865	0.0715511207146	0.0705362393691	0.064507170359	0.0795896392711	0.092846719147	0.0847175828008	0.0990361525317	0.0907375247323	0.086601275106	0.0632255047215	0.0947856540609	0.0681231000053	0.0575449498795	0.0913625059804	0.088216306627	0.0683790570259	0.0823719601262	0.0734164036586	0.0854584251513	0.0747264820445	0.073796295308	0.0748597431124	0.0650391568218	0.0715479918517	0.132160070516	0.0761541559687	0.0852413002995	0.0714640092124	0.0754657288846	0.0630557332289	0.0614224080262	0.0737184725513	0.070207790946	0.0710543264014	0.052242439878	0.0503548640546	0.0554877297311	0.0796288338869	0.055629342242
MH0204.snv.bam	0.0728278275985	0.075152481031	0.0829237139878	0.0821683266814	0.0811906035722	0.0884180655506	0.0775887686655	0.28931875759	0.0919818767931	0.143406584517	0.0860333643467	0.0883087859146	0.11109135477	0.0960786523464	0.0737899377011	0.0832867188494	0.0998244818157	0.0802947380669	0.0274490580663	0.0770740000146	0.0	0.093628127047	0.0719668799569	0.108923840736	0.0874902679686	0.011020046255	0.0823692805476	0.0945573259496	0.08431239299	0.0793278818658	0.0836769531648	0.0872746522874	0.0725193312519	0.0960060181394	0.0947694684145	0.0900930180435	0.0799763712334	0.0267813122127	0.0886649384284	0.0881200087935	0.0885423046943	0.071689238298	0.0841012760529	0.0981772813545	0.100609223527	0.102142769257	0.106622308347	0.101002844111	0.0734777971024	0.103952269561	0.0338852277047	0.086493176615	0.0951475164486	0.0930831457222	0.0873269404191	0.0995060741273	0.0926986042078	0.101182090947	0.087014598315	0.0904813891674	0.0931607544716	0.0864866640382	0.0836323440504	0.137163829674	0.0881466780886	0.0991137691088	0.0824519303606	0.0924845213011	0.076543440482	0.0777176462551	0.0784506724488	0.0823050622379	0.0634591222394	0.073129343804	0.0698637991262	0.0951796672313	0.0903947413345	0.0953280859249
MH0257.snv.bam	0.0924755744566	0.0828196433908	0.0842817152142	0.0962235147831	0.0881508607734	0.0962473372484	0.0800374068929	0.268388436365	0.0984016456912	0.128570894987	0.0922688935113	0.0869067216904	0.093255791741	0.0759661515149	0.0748399054154	0.0817451792777	0.0883509693598	0.0867594723576	0.084930435589	0.0734270977477	0.093628127047	0.0	0.0878069296289	0.0902647299228	0.0804209685717	0.0921175193551	0.0848825171229	0.085116431765	0.09061216709	0.0890069031363	0.0913249748929	0.0877972075694	0.0710485302718	0.0989272237188	0.0882939222329	0.0932643696969	0.0832692940655	0.0857052669767	0.0878665357999	0.0833223632513	0.0917964942266	0.0823615856255	0.0897450450747	0.0860783634774	0.0913978071165	0.0932389028693	0.107851662564	0.0975748272169	0.089449253896	0.10372495798	0.0823560901207	0.0939484368397	0.080514249984	0.0877695792158	0.095742665038	0.102426672624	0.0971981643609	0.0900972387405	0.0925167709315	0.0963969844465	0.0972962284577	0.0932579966622	0.0863836513955	0.132761473543	0.0874644551865	0.0932953812454	0.0857095473342	0.0929738903385	0.0876924147796	0.0940001948901	0.0896235151225	0.0893760619964	0.089054319698	0.0780104833179	0.0760694131341	0.0816966832307	0.0960864889056	0.0818486357027
MH0259.snv.bam	0.065656363317	0.0582034907773	0.0581947261914	0.0587492412502	0.0615106799969	0.0790055250897	0.0615691443681	0.264816017828	0.0798154521973	0.130402712477	0.0752988401882	0.0708334918792	0.104238953619	0.0909471640804	0.0552732817264	0.0664210998597	0.0777040873632	0.0575245044501	0.0675124332816	0.0631343240659	0.0719668799569	0.0878069296289	0.0	0.0942994864691	0.0599840628368	0.0714388319564	0.063874831447	0.0743879610226	0.0749771455809	0.0732368431556	0.0793261043786	0.0692467159178	0.059952855798	0.083540804296	0.0821429062728	0.079416087887	0.0763717394455	0.057820780561	0.0800520552046	0.0648560057097	0.0702383404551	0.0651619882312	0.0719350862144	0.0860261794562	0.0740990370361	0.0935989932719	0.0956126177407	0.0823731420141	0.0845807086062	0.0829146904262	0.0587514498588	0.061787576288	0.0827507443727	0.07808880804	0.0697396665376	0.0806822764407	0.0680784753814	0.0793138807279	0.0635799048936	0.0745309895148	0.0713800249285	0.0631111929733	0.0636398875188	0.118766576636	0.0687679267063	0.0776157372741	0.0633388768125	0.0708225381345	0.0671387853012	0.063916362606	0.075284893654	0.0663607479789	0.0704972032563	0.0433461313188	0.0416125103795	0.0669388987637	0.0783343440824	0.067085051523
MH0262.snv.bam	0.10165634442	0.0968612880131	0.105969017645	0.0937136249364	0.108215622077	0.102433869363	0.0956577196456	0.303447026269	0.10262519664	0.158105365143	0.0987792931789	0.110434816124	0.117211337524	0.097715472181	0.0998532469418	0.0996438487999	0.109790773734	0.0897410802766	0.10341485621	0.102969584762	0.108923840736	0.0902647299228	0.0942994864691	0.0	0.0973230014798	0.110445510172	0.0924809407315	0.107412888592	0.101507883841	0.10524313126	0.110925463755	0.108763522336	0.0942015892481	0.105168558227	0.0949689746209	0.120736052578	0.0873443411514	0.104154268811	0.0969990121733	0.0931478600385	0.100654084685	0.0944862931603	0.0953861164214	0.10950607833	0.111220719228	0.115218981044	0.129809373267	0.109955780161	0.123658463411	0.11744364305	0.102026663619	0.109161072352	0.0999260784051	0.101385925621	0.104209562409	0.118575199037	0.106433775132	0.113176937748	0.104397189912	0.107144166817	0.1077746798	0.107670390952	0.0918318660201	0.161275050454	0.0970651966264	0.105005470859	0.092686058748	0.0884624693028	0.102566713785	0.100935167107	0.104172106758	0.0945241186364	0.108036391688	0.0933819255632	0.0915924621541	0.113172270434	0.108578774728	0.113313673769
MH0290.snv.bam	0.0712664983895	0.0564435336567	0.0700103965804	0.0506601344562	0.0583440737007	0.0694464184516	0.0615005996475	0.279211209821	0.0716640668579	0.123091591842	0.067293621902	0.0675664692128	0.110856923185	0.0869821769702	0.0596961306307	0.0697543562844	0.0767390496159	0.0670157900879	0.0783995367421	0.0676772963179	0.0874902679686	0.0804209685717	0.0599840628368	0.0973230014798	0.0	0.0831521433633	0.0722103381036	0.0751198748771	0.0661884963619	0.0686094205741	0.0821613447058	0.0722036786103	0.0689295761981	0.0725569968703	0.0867936991433	0.0822863148258	0.0864995551247	0.0760227883575	0.0740596787842	0.0304990608693	0.0794113084758	0.0730558811639	0.0670736870304	0.102200373823	0.0837645307237	0.109144467538	0.0988664877129	0.0824102244754	0.071370673668	0.0863984880342	0.0726302167028	0.0698640869096	0.0974501429719	0.0938827958107	0.082405235812	0.0823848457437	0.0688088995456	0.0786237588929	0.0811900052975	0.0773190951721	0.0705223772069	0.0643317550682	0.0696278773885	0.122582585759	0.0786061236888	0.0891283334049	0.0690875426069	0.0670398875313	0.0687890608134	0.065467535652	0.0720145559637	0.0688458265966	0.0628116741694	0.065549911985	0.063618564206	0.0685840088784	0.0771061234322	0.0685094671919
MH0293.snv.bam	0.0715546400542	0.0693530540054	0.0832096145865	0.0819049638638	0.0798297896446	0.0794656573991	0.0745732620983	0.289053995167	0.0830941070438	0.139125385876	0.0773096494361	0.0841728618146	0.107920434638	0.0900207092131	0.0710120910453	0.0806953589635	0.098045252788	0.0798268801494	0.0188432658226	0.0710369843268	0.011020046255	0.0921175193551	0.0714388319564	0.110445510172	0.0831521433633	0.0	0.0785053345501	0.0941631707401	0.075584822352	0.0786699734868	0.0784652878957	0.0772054837817	0.0778808682991	0.0873076398928	0.0887792400179	0.0859902625764	0.0742662489661	0.0194143097727	0.0798701999002	0.0855675785906	0.0842608713994	0.0676491869482	0.0831473966012	0.0957524174545	0.0963508814755	0.103853862234	0.108292101831	0.10303086731	0.0679464907706	0.104798169732	0.0270459746147	0.0866487294784	0.0960749203133	0.0937927059608	0.0802572741101	0.0948435196608	0.0912555899903	0.0999974326711	0.0797256483445	0.0879339209079	0.0920868567518	0.0834540683177	0.0823851069396	0.137113146355	0.0875203817812	0.0978488474802	0.0818355880232	0.0908349828314	0.0736342220392	0.0770711534634	0.0744720938145	0.0812545970523	0.0637474959654	0.0688196241011	0.0669935586241	0.0907334367981	0.0879951678378	0.0908809407386
MH0359.snv.bam	0.0685510779411	0.0658174421869	0.0577136013982	0.0667284498296	0.0776907274331	0.0668727580958	0.0587629304045	0.289092615885	0.0701563201534	0.141946190772	0.0660589611093	0.0769347460138	0.112168584305	0.0891885456841	0.0630785584241	0.0693293879804	0.0778577804673	0.057660475919	0.0766378712092	0.0630780429928	0.0823692805476	0.0848825171229	0.063874831447	0.0924809407315	0.0722103381036	0.0785053345501	0.0	0.0779431829059	0.0692684982286	0.0780234093124	0.0910687618085	0.0740525646524	0.0707491510868	0.0741598343727	0.0781939414634	0.0798018165776	0.0667018998841	0.070117611307	0.0729732734314	0.0795766304222	0.0762074561745	0.0637332859585	0.0733716701313	0.0837656289994	0.0925710172156	0.0885221242224	0.0963337991876	0.0820495212765	0.0855885465869	0.0801191523428	0.0753282793161	0.0751910247896	0.079542547838	0.0794802036902	0.0687264447892	0.082148548155	0.0703266150305	0.0803351969043	0.0680836820119	0.0706557936188	0.0732050555396	0.075137719742	0.05935095821	0.139116736142	0.0661716494692	0.0798277386251	0.0586823004154	0.0690056020365	0.0731666834103	0.0733724977544	0.0715991281699	0.0615363339498	0.0829904841568	0.0631944714594	0.0615722407353	0.076281413078	0.0799848112491	0.076426239186
MH0402.snv.bam	0.088484104715	0.0811766326096	0.0763161313045	0.0761626092994	0.0827871457812	0.0743299439588	0.0715859316404	0.297878828144	0.0775825408826	0.13862151342	0.0859672744524	0.0866459731927	0.111182251633	0.0932345036603	0.0712551473915	0.074092874028	0.0324968571598	0.0813142330337	0.0861057655469	0.0783140575234	0.0945573259496	0.085116431765	0.0743879610226	0.107412888592	0.0751198748771	0.0941631707401	0.0779431829059	0.0	0.0858170105052	0.0930471945735	0.0932429534733	0.0917555744194	0.0814066915232	0.0822523171193	0.103424052932	0.0924187061757	0.0867563619562	0.0854576374596	0.08916461193	0.0829291956653	0.0778330628656	0.0826450514209	0.0822638105753	0.102227504758	0.0936949882793	0.111162925971	0.11730263398	0.0319955385852	0.0895091567875	0.104519243305	0.0832374767877	0.0782748591622	0.0987500810236	0.0986651276659	0.0802475805544	0.101240699679	0.0892487461207	0.0348612413389	0.078558879655	0.0948665149255	0.0899136983966	0.0915633120794	0.0838433045491	0.144734025572	0.0907508829981	0.10095597377	0.0829755335218	0.0800172002638	0.0794798708121	0.0890887526957	0.082120531405	0.0871504584158	0.0913275785274	0.0753049213996	0.0738065059008	0.07686450967	0.0949250585911	0.0770067534402
MH0403.snv.bam	0.0350865429758	0.071564055716	0.0642725887005	0.043302063471	0.0803713506446	0.0197589205806	0.0352232120122	0.291425269473	0.0205019663916	0.144149640307	0.0131124408415	0.0829108635458	0.121756173753	0.0902949493055	0.0720157146195	0.0876277904245	0.0930670181164	0.0487935340541	0.0784560103806	0.072459718188	0.08431239299	0.09061216709	0.0749771455809	0.101507883841	0.0661884963619	0.075584822352	0.0692684982286	0.0858170105052	0.0	0.0287551168773	0.0928775261575	0.0794629891137	0.0626101970794	0.0168082309576	0.0744591018859	0.0875652624278	0.0646151392012	0.0743510978583	0.0240487787658	0.079841885744	0.0910959550937	0.0264125067952	0.0220996908074	0.108361150595	0.101274052106	0.114614993331	0.106345828654	0.0941064830726	0.0876519122249	0.0744737879534	0.0786173421799	0.0834618120215	0.100434679658	0.10620313274	0.0609305805795	0.0964334347718	0.0883894619004	0.0926679511831	0.0761059737734	0.0897324641042	0.0940087677672	0.0736569229543	0.0498508419464	0.144318762677	0.0631714689787	0.0862266272433	0.0497126614366	0.0689516569155	0.0795953822298	0.0827642837157	0.0435849111877	0.0489226168481	0.083054827255	0.0719537904079	0.0698527619776	0.086749774424	0.0911420454922	0.0868154006482
MH0423.snv.bam	0.0279982426091	0.0718053054842	0.0641303711535	0.0465374648837	0.0656671905771	0.0438521157847	0.045982745597	0.277178212498	0.0440522907537	0.136010689059	0.0322178752938	0.0786373469241	0.108602950252	0.0953466811396	0.06895129294	0.0940225232065	0.0919094879893	0.0531572600896	0.0762600099321	0.0704958384353	0.0793278818658	0.0890069031363	0.0732368431556	0.10524313126	0.0686094205741	0.0786699734868	0.0780234093124	0.0930471945735	0.0287551168773	0.0	0.0919687872836	0.0754028248796	0.055624006391	0.0398713311969	0.0843152293321	0.0836131787792	0.0813413829466	0.0673829771154	0.0405896919875	0.0760906744633	0.0832968302941	0.0277942275207	0.0323183624997	0.104347950978	0.100439144403	0.115413253919	0.100005396358	0.0945983460253	0.0834417275157	0.0733376437814	0.074398194077	0.0860433785716	0.0979660604856	0.103941880449	0.0840093726519	0.0961975000426	0.0813562621382	0.0897036419133	0.0865432211048	0.0889932821883	0.087199354718	0.0607336383111	0.0540857555844	0.13061658582	0.0672874983944	0.0869940583244	0.0537715951499	0.0690776235687	0.0673875430176	0.0731912873061	0.0361237514151	0.0568999214723	0.0669447214206	0.0713420672482	0.0677840135109	0.0823812760637	0.080756766995	0.0824111614666
MH0425.snv.bam	0.0887480110941	0.0618829954157	0.0901238116519	0.0927344731766	0.0735956654153	0.0992323911798	0.0835976154598	0.286188727016	0.102414853583	0.124956594019	0.0953436208028	0.0340643111062	0.105016507493	0.0892778361557	0.0854762734688	0.0866110386626	0.096636987398	0.0902341781417	0.07640389703	0.0607639091714	0.0836769531648	0.0913249748929	0.0793261043786	0.110925463755	0.0821613447058	0.0784652878957	0.0910687618085	0.0932429534733	0.0928775261575	0.0919687872836	0.0	0.0735716456609	0.0838861038739	0.100548899865	0.0984206633083	0.0400537048187	0.0891077503482	0.0785143247239	0.0929879515922	0.0829089283357	0.0849919619823	0.0820152857977	0.0980511318828	0.106694329251	0.0736386205561	0.113860512401	0.107192696918	0.0930066561991	0.0766174020614	0.112772952957	0.0673526549436	0.0799811699489	0.105049421848	0.1026126087	0.0918488413059	0.102537666328	0.0937106000239	0.0963496034016	0.0884768438787	0.0905292660669	0.0948622386609	0.084216133119	0.090447698975	0.138503961795	0.0951747823849	0.10079726712	0.0907056577725	0.0916209449546	0.0903208520909	0.0894060743638	0.0908013073959	0.0928967058977	0.089249457801	0.0620659347899	0.0598969036667	0.0790027723998	0.0788363731858	0.0790661391219
