	147406386-tonguedorsum3.snv.bam	158256496-tonguedorsum2.snv.bam	158883629-tonguedorsum1.snv.bam	158883629-tonguedorsum3.snv.bam	158944319-tonguedorsum2.snv.bam	158944319-tonguedorsum3.snv.bam	159227541-tonguedorsum2.snv.bam	159227541-tonguedorsum3.snv.bam	159551223-tonguedorsum1.snv.bam	159551223-tonguedorsum2.snv.bam	159733294-tonguedorsum1.snv.bam	160178356-tonguedorsum1.snv.bam	160502038-tonguedorsum3.snv.bam	160603188-tonguedorsum2.snv.bam	160603188-tonguedorsum3.snv.bam	234447334-tonguedorsum2.snv.bam	338793263-tonguedorsum2.snv.bam	370027359-tonguedorsum3.snv.bam	508703490-tonguedorsum2.snv.bam	550534656-tonguedorsum1.snv.bam	550534656-tonguedorsum2.snv.bam	550534656-tonguedorsum3.snv.bam	638754422-tonguedorsum1.snv.bam	638754422-tonguedorsum3.snv.bam	663835652-tonguedorsum2.snv.bam	663835652-tonguedorsum3.snv.bam	686765762-tonguedorsum1.snv.bam	686765762-tonguedorsum2.snv.bam	686765762-tonguedorsum3.snv.bam	737052003-tonguedorsum1.snv.bam	763395383-tonguedorsum3.snv.bam	763536994-tonguedorsum1.snv.bam	763577454-tonguedorsum1.snv.bam	763759525-tonguedorsum2.snv.bam	763901136-tonguedorsum2.snv.bam	763901136-tonguedorsum3.snv.bam	763961826-tonguedorsum1.snv.bam	763961826-tonguedorsum2.snv.bam	763982056-tonguedorsum3.snv.bam	764062976-tonguedorsum2.snv.bam	764143897-tonguedorsum1.snv.bam	764143897-tonguedorsum2.snv.bam	764366428-throat2.snv.bam	764366428-tonguedorsum2.snv.bam	764447348-tonguedorsum1.snv.bam	764467579-tonguedorsum3.snv.bam	764811490-tonguedorsum2.snv.bam	765013792-tonguedorsum2.snv.bam	765013792-tonguedorsum3.snv.bam	765155402-tonguedorsum3.snv.bam	765195863-palatinetonsils3.snv.bam	765216093-tonguedorsum3.snv.bam	765377934-palatinetonsils3.snv.bam	765620695-tonguedorsum1.snv.bam	765701615-tonguedorsum2.snv.bam	823052294-tonguedorsum1.snv.bam	823052294-tonguedorsum3.snv.bam	857980665-tonguedorsum2.snv.bam	857980665-tonguedorsum3.snv.bam	861967750-tonguedorsum1.snv.bam	861967750-tonguedorsum2.snv.bam	863126187-tonguedorsum3.snv.bam
147406386-tonguedorsum3.snv.bam	0.0	0.129677386125	0.150731488936	0.150669833765	0.147994250555	0.14471102224	0.136000907922	0.132504871749	0.152232180799	0.140424412608	0.142842555243	0.138614676276	0.142170291952	0.126125372252	0.116883528779	0.152038281568	0.145781419514	0.137052807714	0.167662879798	0.151170720344	0.152328524516	0.145989993271	0.145048266621	0.14337857622	0.0978608721195	0.134914478914	0.126802000879	0.131147982856	0.133874490735	0.158007584779	0.170593384988	0.143642920319	0.150780095481	0.14635334495	0.124131439393	0.125499129219	0.163254183404	0.148457159065	0.120954672444	0.140353541529	0.155070938404	0.155061731038	0.144580032303	0.138508520238	0.147594358127	0.160727187615	0.148240691131	0.175068433387	0.146627540201	0.116015656948	0.16716335288	0.154141002578	0.154332926043	0.140949124588	0.135167921947	0.117744792707	0.128854714123	0.152731106354	0.150788130971	0.124790159432	0.132709295587	0.158168816485
158256496-tonguedorsum2.snv.bam	0.129677386125	0.0	0.127080144984	0.130563406677	0.118098642456	0.131676393081	0.15652981812	0.133144964288	0.14708274655	0.132983970652	0.138633544768	0.119052418034	0.114490919399	0.124767096981	0.124329747321	0.127165226235	0.139033791813	0.125077345894	0.162064138583	0.13042019157	0.135184323215	0.126164528006	0.128582682746	0.134152278213	0.152070855841	0.12533226904	0.119483052321	0.109952431333	0.119123551868	0.126948101306	0.158807784997	0.129616355071	0.12896608608	0.115414454387	0.119843924186	0.122208009633	0.138606935195	0.144422036064	0.112552586958	0.119983850683	0.133074237978	0.133996530346	0.15830464142	0.151212653891	0.149593676925	0.134128140098	0.12474258868	0.150277119319	0.125080676329	0.106635941327	0.154762446911	0.1285887313	0.134017679166	0.148446423723	0.144793031704	0.127882175829	0.134108102829	0.144385753403	0.141004461286	0.125236243913	0.139239455878	0.129428970447
158883629-tonguedorsum1.snv.bam	0.150731488936	0.127080144984	0.0	0.0246079191022	0.114569416402	0.13826232479	0.133653735505	0.10004220195	0.140378430189	0.130331089042	0.130007014958	0.13502960332	0.122638139893	0.125536875544	0.123597848506	0.13403829788	0.119069009039	0.1219566916	0.123628179392	0.120151520955	0.124067129448	0.119236898796	0.118019533123	0.117816039083	0.145686783897	0.121016965044	0.137671896358	0.133275122134	0.138227290227	0.11366732491	0.158747252563	0.141104417893	0.12900890728	0.124416338744	0.126111053269	0.127612325636	0.13172317692	0.133956122753	0.125086263084	0.115950671854	0.127530171114	0.125135135581	0.136312896231	0.132308539013	0.140716807252	0.117537064299	0.134893640667	0.158322090416	0.12325525472	0.116119607822	0.119912195257	0.129528854824	0.146095739436	0.128916162255	0.143187715848	0.125902495525	0.12057981211	0.15869008334	0.147373249496	0.128740413643	0.137238778649	0.119686342861
158883629-tonguedorsum3.snv.bam	0.150669833765	0.130563406677	0.0246079191022	0.0	0.121380099556	0.142451015166	0.131264170425	0.103053356862	0.144119035136	0.136929518712	0.132355373774	0.142569817251	0.130261743756	0.128746492429	0.127162472221	0.133588583621	0.127661082162	0.12551378778	0.127043322371	0.11909464336	0.121646527401	0.117565338953	0.121943900772	0.119605740512	0.14561253489	0.123917531383	0.13946112888	0.136236551399	0.139897102877	0.123909296435	0.163915694348	0.138481117134	0.133502873146	0.129211974112	0.125982390055	0.127968764343	0.130891986745	0.138403557311	0.120142363173	0.120434420551	0.138519361399	0.135152712273	0.140453358737	0.136181005087	0.146494901539	0.120653649866	0.141922551942	0.158140410689	0.129559502176	0.120110286585	0.123250394602	0.133123961084	0.153953156703	0.131695172012	0.145238799109	0.130545186442	0.120749003377	0.165982615134	0.154343633496	0.132993715774	0.141450718941	0.123986420589
158944319-tonguedorsum2.snv.bam	0.147994250555	0.118098642456	0.114569416402	0.121380099556	0.0	0.136547918641	0.145400086885	0.1012278632	0.136458393027	0.129821746763	0.136927355736	0.141966553308	0.127170935708	0.132838583669	0.132855850206	0.108421863998	0.125414402642	0.121192220263	0.14071254999	0.131868700272	0.137515011531	0.1310893644	0.125942831987	0.12996910921	0.137867072215	0.117273631365	0.15080823521	0.141692051834	0.141462456551	0.11311136661	0.128625642225	0.140280505532	0.129151636897	0.133347212913	0.124118536561	0.125189344229	0.135718741888	0.130935250778	0.12244435611	0.108976191775	0.136291218535	0.135185042946	0.14346668339	0.138083359738	0.142420951722	0.127353807724	0.139660074869	0.162491854251	0.1281329086	0.121566663041	0.131445152539	0.125305952635	0.139107514854	0.145351042887	0.127789578362	0.126171553726	0.125265754007	0.146433537484	0.141292641891	0.125755240962	0.135550196111	0.121029395875
158944319-tonguedorsum3.snv.bam	0.14471102224	0.131676393081	0.13826232479	0.142451015166	0.136547918641	0.0	0.164436818285	0.132923288899	0.146902405139	0.144537847511	0.163080587126	0.112641279619	0.120744028306	0.130270076832	0.129499442129	0.149014209203	0.133337908486	0.135855629385	0.161797916051	0.140265108745	0.144585548478	0.13637367161	0.145942184683	0.153292268143	0.158634827898	0.143067613051	0.146264184678	0.138963879093	0.140576061328	0.137510901471	0.142689016891	0.157218800148	0.119090504163	0.127277528204	0.115293729921	0.116642381518	0.0861479873658	0.148701458751	0.115818981988	0.137326131486	0.108705626352	0.107485357863	0.174370588473	0.170671149562	0.119656800268	0.126603675005	0.1252786809	0.129358899427	0.123424507184	0.116514918032	0.162336802485	0.0745848499873	0.123878043823	0.159110620164	0.138438834246	0.133011859135	0.147236469106	0.144263075107	0.140114834612	0.125159009958	0.15624453587	0.121382644526
159227541-tonguedorsum2.snv.bam	0.136000907922	0.15652981812	0.133653735505	0.131264170425	0.145400086885	0.164436818285	0.0	0.12500647663	0.146256530423	0.145505133906	0.157653272715	0.166824971887	0.152777686626	0.156309887983	0.141197767489	0.144459294492	0.138569722445	0.127339696927	0.139002193943	0.135597194817	0.137076568459	0.132777184548	0.139174989991	0.154330757512	0.150727110088	0.141078680424	0.132370165909	0.134220668312	0.130055827729	0.142430490832	0.182066287759	0.151627172171	0.152287636563	0.150253403039	0.144759859048	0.145486140394	0.157237470878	0.134027034358	0.147084516738	0.143288791186	0.169468536759	0.165214480029	0.14739167191	0.148795686693	0.137785177616	0.141297816574	0.168234713692	0.16673479778	0.143251995672	0.141493430671	0.150361763983	0.145001656784	0.164521760444	0.129764548749	0.140424909749	0.13779867462	0.144022255387	0.174327496159	0.160078591268	0.130182413952	0.127860019099	0.134875918754
159227541-tonguedorsum3.snv.bam	0.132504871749	0.133144964288	0.10004220195	0.103053356862	0.1012278632	0.132923288899	0.12500647663	0.0	0.130591241879	0.124584111395	0.125605023923	0.139992488402	0.12868637511	0.126658459379	0.128582019674	0.119767739933	0.123126420349	0.120007973297	0.108907305566	0.12815673836	0.131972438782	0.127827710546	0.116898700145	0.124234378776	0.136796454385	0.111839181671	0.133333588232	0.125576369043	0.129324281529	0.110344902605	0.145824374752	0.120837939685	0.131382986866	0.135668812464	0.127375823175	0.128933003219	0.13174871954	0.121554762299	0.13324598308	0.120415103338	0.136400098261	0.133685792418	0.136396003504	0.133176170408	0.127872370948	0.123823267162	0.13369634757	0.155387429493	0.126729580693	0.121650134672	0.120751749428	0.125678674995	0.138317330702	0.11936075024	0.120562548515	0.11690801082	0.111197181393	0.157189231567	0.143885407781	0.105379420106	0.114376560387	0.113892651244
159551223-tonguedorsum1.snv.bam	0.152232180799	0.14708274655	0.140378430189	0.144119035136	0.136458393027	0.146902405139	0.146256530423	0.130591241879	0.0	0.0764835484631	0.154555477529	0.153895046051	0.127338247538	0.132554105687	0.132145901863	0.148795480959	0.1323970417	0.131093437788	0.147963234655	0.140855763995	0.147156319213	0.137527736898	0.147471631506	0.144817565226	0.154659279169	0.143711206758	0.152952229915	0.150689529208	0.148548638342	0.144957844509	0.171532193722	0.153877514739	0.133835654533	0.145254735629	0.140086098315	0.140941255545	0.153366781424	0.157178615758	0.141016908407	0.1438365346	0.149849415636	0.148107852838	0.148963633795	0.144962263051	0.154431442894	0.145117435581	0.150470817112	0.149859945241	0.13340907193	0.12178977089	0.153770323489	0.132008429947	0.160765948959	0.156372837324	0.133633051626	0.141187776393	0.135981767325	0.162170516139	0.152636453337	0.128983020993	0.146104827426	0.14356928985
159551223-tonguedorsum2.snv.bam	0.140424412608	0.132983970652	0.130331089042	0.136929518712	0.129821746763	0.144537847511	0.145505133906	0.124584111395	0.0764835484631	0.0	0.147334585449	0.139662705297	0.113867774237	0.123591997282	0.121471809886	0.141839239012	0.114631452583	0.11405454301	0.143166991985	0.137719270571	0.145414330894	0.134700678603	0.129904325248	0.13380770931	0.141939110642	0.132550671875	0.140301117151	0.135515631176	0.135463396642	0.11786064368	0.174335695042	0.151024572933	0.126211572917	0.131402861332	0.126003301921	0.126870139006	0.158126018484	0.13634858709	0.13641790753	0.124618668194	0.142313969295	0.137461190873	0.147648886257	0.142540697766	0.145577835169	0.139101158872	0.140848501417	0.152049868703	0.118623114261	0.114643215277	0.145534942306	0.121646009915	0.145615298778	0.139428675003	0.129505660029	0.126209787014	0.126942724424	0.162401697694	0.150122336379	0.12061455571	0.13793675212	0.137951109168
159733294-tonguedorsum1.snv.bam	0.142842555243	0.138633544768	0.130007014958	0.132355373774	0.136927355736	0.163080587126	0.157653272715	0.125605023923	0.154555477529	0.147334585449	0.0	0.158308536842	0.137510217291	0.15530583434	0.148969102755	0.132294739585	0.149582274577	0.121932192038	0.154393381541	0.139750877461	0.141882571849	0.1373794933	0.0715392232382	0.0393575835913	0.151726491339	0.0988401321613	0.157331647424	0.15092746088	0.15834625229	0.130129730617	0.179669849812	0.120725699761	0.153002622486	0.130192500893	0.13600186392	0.136873355163	0.155917828641	0.149165783236	0.125968782993	0.127114049414	0.154917758199	0.151813843144	0.127885464054	0.12444658997	0.166471075793	0.147415782555	0.141025501742	0.16325961989	0.13468241787	0.116292241729	0.149529618379	0.139999818987	0.167971056174	0.109051950925	0.160401146154	0.146716390648	0.140332201781	0.194822935522	0.18005116326	0.145213136518	0.1452677768	0.148607623084
160178356-tonguedorsum1.snv.bam	0.138614676276	0.119052418034	0.13502960332	0.142569817251	0.141966553308	0.112641279619	0.166824971887	0.139992488402	0.153895046051	0.139662705297	0.158308536842	0.0	0.122555346107	0.12857067364	0.128212286972	0.14479332855	0.146738997185	0.138334631646	0.166121730599	0.130895833077	0.137150480184	0.127060137661	0.144822599781	0.148423242585	0.167482363635	0.152657536485	0.144674670427	0.139028416855	0.146586898653	0.126209501234	0.171436293158	0.159205606625	0.12716639414	0.128936235438	0.114556164646	0.115818996414	0.1241939565	0.156761265328	0.116164820377	0.131079392112	0.120819739125	0.120741440009	0.166407475082	0.163683979916	0.140467607813	0.122220408562	0.12905427832	0.155898565591	0.128061615678	0.11452158219	0.161781744083	0.121656393427	0.10514771366	0.158241939506	0.135834706087	0.132944036125	0.146395519441	0.147990457697	0.135265057043	0.133257443379	0.160134669905	0.116921231499
160502038-tonguedorsum3.snv.bam	0.142170291952	0.114490919399	0.122638139893	0.130261743756	0.127170935708	0.120744028306	0.152777686626	0.12868637511	0.127338247538	0.113867774237	0.137510217291	0.122555346107	0.0	0.112803627075	0.115305719045	0.134457689432	0.113642269426	0.107177924576	0.15417007417	0.123318690465	0.128568825618	0.117912214817	0.128408180861	0.127308131587	0.15656981192	0.133544329851	0.145290601653	0.140675892684	0.145237321647	0.119702618549	0.153467287823	0.144133142277	0.0781375588212	0.113432518943	0.12365918104	0.124653776211	0.127812631207	0.150746735566	0.113563639274	0.118662707635	0.11099662451	0.10961559251	0.149646369198	0.14507934014	0.143961354919	0.127762527928	0.127013777145	0.145754567207	0.109682882096	0.0924596226845	0.15263872056	0.105217058316	0.137628612283	0.141126474001	0.137441020656	0.123196113341	0.136012016695	0.135505425718	0.128830060002	0.0986382618126	0.134518075442	0.12849904664
160603188-tonguedorsum2.snv.bam	0.126125372252	0.124767096981	0.125536875544	0.128746492429	0.132838583669	0.130270076832	0.156309887983	0.126658459379	0.132554105687	0.123591997282	0.15530583434	0.12857067364	0.112803627075	0.0	0.0359143806658	0.159237116391	0.128815690162	0.118432814946	0.150749391443	0.148591363804	0.15574620911	0.143918433877	0.142446356615	0.14253020299	0.141894406886	0.146948739835	0.144809684912	0.142605445162	0.147847259806	0.141244129942	0.172221780146	0.159242354193	0.133600320774	0.121371865889	0.111889401201	0.113202925377	0.147470518357	0.159137581903	0.124362407718	0.131651435723	0.128766660274	0.128802494854	0.16349690295	0.156793000133	0.158399941278	0.141962025269	0.137938952938	0.143977209235	0.124722269498	0.108729993921	0.151588890136	0.133426059865	0.152902582372	0.15815025949	0.143764749529	0.130620396341	0.133777608877	0.146834938755	0.140138935395	0.122371566887	0.137469918153	0.139571108407
160603188-tonguedorsum3.snv.bam	0.116883528779	0.124329747321	0.123597848506	0.127162472221	0.132855850206	0.129499442129	0.141197767489	0.128582019674	0.132145901863	0.121471809886	0.148969102755	0.128212286972	0.115305719045	0.0359143806658	0.0	0.154432917342	0.131026956086	0.115868935334	0.14596785893	0.142574099231	0.149279941204	0.137622211765	0.13512991582	0.137366563508	0.136530310354	0.139131918988	0.140804053342	0.135975379986	0.140694620229	0.138372767576	0.178774289353	0.152872179713	0.13332693656	0.120643783865	0.105967348718	0.107095766658	0.147929066668	0.154164025957	0.118394773553	0.129680662975	0.135163061074	0.132009484071	0.153556002639	0.147475444119	0.154070368788	0.141378946752	0.138805028658	0.137813286823	0.12096567652	0.10605477649	0.145783701932	0.132314244487	0.154163481095	0.151539349419	0.142888120335	0.125107277715	0.129343486178	0.150619971812	0.141748706382	0.11969513231	0.132405963954	0.139899469141
234447334-tonguedorsum2.snv.bam	0.152038281568	0.127165226235	0.13403829788	0.133588583621	0.108421863998	0.149014209203	0.144459294492	0.119767739933	0.148795480959	0.141839239012	0.132294739585	0.14479332855	0.134457689432	0.159237116391	0.154432917342	0.0	0.14693167695	0.127592109806	0.161063072017	0.109419287533	0.107096921142	0.105171479146	0.125808697936	0.129722392323	0.149692200333	0.122331683733	0.139017088653	0.13754939948	0.140647059341	0.119061273742	0.15974239481	0.0757073549645	0.125754414765	0.127439091159	0.142802179843	0.143758734875	0.149718758211	0.139613290103	0.125026942036	0.119086714658	0.15521959905	0.153560324087	0.148894247172	0.14390409508	0.152118440144	0.137480995461	0.148904653109	0.163769919158	0.135985963556	0.127631168861	0.160845687044	0.111364202507	0.141880171716	0.141974227369	0.145278945684	0.135073931497	0.137286639438	0.173559303106	0.164106601024	0.114797442329	0.127002780869	0.14876397052
338793263-tonguedorsum2.snv.bam	0.145781419514	0.139033791813	0.119069009039	0.127661082162	0.125414402642	0.133337908486	0.138569722445	0.123126420349	0.1323970417	0.114631452583	0.149582274577	0.146738997185	0.113642269426	0.128815690162	0.131026956086	0.14693167695	0.0	0.0983699912066	0.14604275802	0.121025701879	0.129366547054	0.121300451559	0.129318876395	0.132915081019	0.151150837492	0.126321718356	0.142443400343	0.138232508079	0.140290796523	0.118758409837	0.158408300325	0.147871002205	0.121959609859	0.130495515042	0.130504519393	0.131722135086	0.145706680972	0.137684891035	0.137929605312	0.120099721914	0.127815097184	0.124400790438	0.152490092004	0.146118637724	0.137404412598	0.127214035402	0.142721706619	0.159611786474	0.123617403196	0.114956148541	0.149175185401	0.118614405038	0.145052160418	0.129480270913	0.132057749897	0.118484396583	0.114653484547	0.152597209155	0.143376578269	0.124260003832	0.138178193226	0.131217863581
370027359-tonguedorsum3.snv.bam	0.137052807714	0.125077345894	0.1219566916	0.12551378778	0.121192220263	0.135855629385	0.127339696927	0.120007973297	0.131093437788	0.11405454301	0.121932192038	0.138334631646	0.107177924576	0.118432814946	0.115868935334	0.127592109806	0.0983699912066	0.0	0.14012581477	0.114204970925	0.12253126373	0.11236954979	0.11284544479	0.117166944165	0.132355329959	0.119805719111	0.139219747275	0.133499011151	0.134185060299	0.112006924795	0.156624487965	0.134072852162	0.123296172526	0.115770763956	0.11762107322	0.118628337825	0.135054666332	0.135512469442	0.120496704202	0.101481328067	0.129889812478	0.125430920098	0.139282626367	0.133562886437	0.144474747812	0.119956011606	0.1245294168	0.147040786548	0.106136505077	0.104127260367	0.147263159049	0.111465631224	0.142300414096	0.118039009714	0.13422423462	0.112147717622	0.117054413422	0.139525709162	0.130713968028	0.121960241528	0.131752591071	0.125222619191
508703490-tonguedorsum2.snv.bam	0.167662879798	0.162064138583	0.123628179392	0.127043322371	0.14071254999	0.161797916051	0.139002193943	0.108907305566	0.147963234655	0.143166991985	0.154393381541	0.166121730599	0.15417007417	0.150749391443	0.14596785893	0.161063072017	0.14604275802	0.14012581477	0.0	0.154202605264	0.158858704166	0.152125960564	0.145817736714	0.146104577076	0.169846485426	0.140978665058	0.182304856006	0.172107974365	0.169145391937	0.141637699531	0.175313887613	0.168541591554	0.149071743246	0.162111201395	0.155267509818	0.155920379574	0.154411038982	0.142309993291	0.168345393713	0.148581943794	0.162001677736	0.157936852432	0.165059289596	0.1589822056	0.147899015741	0.14796839969	0.148202014518	0.174847002074	0.135441802708	0.139039126824	0.0356453840829	0.159439874109	0.173641298354	0.158373926461	0.157513963259	0.139940521369	0.141833638487	0.174531439201	0.158955249002	0.148080369865	0.155676775988	0.114360959454
550534656-tonguedorsum1.snv.bam	0.151170720344	0.13042019157	0.120151520955	0.11909464336	0.131868700272	0.140265108745	0.135597194817	0.12815673836	0.140855763995	0.137719270571	0.139750877461	0.130895833077	0.123318690465	0.148591363804	0.142574099231	0.109419287533	0.121025701879	0.114204970925	0.154202605264	0.0	0.0173717830242	0.0132862087265	0.121530726151	0.128189443229	0.149094795952	0.133043571037	0.138569800069	0.137178545213	0.140473171112	0.12035340958	0.149681112839	0.115023317691	0.1219197792	0.118532150456	0.128090464362	0.128964927084	0.121037228568	0.150535110323	0.102970023059	0.115835113075	0.134554284428	0.132844268473	0.139925485997	0.133137981409	0.139298639032	0.116870127542	0.126462613966	0.15659647355	0.124860587336	0.113306288175	0.151455107914	0.113942624451	0.133719806281	0.13265352033	0.136576413502	0.112782203739	0.131465907049	0.152694310372	0.138697042867	0.129683282769	0.146202096547	0.112387195809
550534656-tonguedorsum2.snv.bam	0.152328524516	0.135184323215	0.124067129448	0.121646527401	0.137515011531	0.144585548478	0.137076568459	0.131972438782	0.147156319213	0.145414330894	0.141882571849	0.137150480184	0.128568825618	0.15574620911	0.149279941204	0.107096921142	0.129366547054	0.12253126373	0.158858704166	0.0173717830242	0.0	0.0202266500195	0.127529247903	0.131868131467	0.148797501784	0.135193822769	0.142960388463	0.142433527509	0.144450310961	0.128578449576	0.15025039933	0.109256822409	0.124740438096	0.125348895386	0.132167660036	0.133011975989	0.126485911001	0.157070419622	0.0993582970308	0.123711855001	0.140344850581	0.137643356525	0.142484524748	0.136351448006	0.142278460394	0.122068774834	0.137194419039	0.159108776431	0.130376566854	0.121827409229	0.157865932409	0.120598182423	0.137048827768	0.13632914383	0.140366609564	0.11697988863	0.131907073292	0.160742565627	0.147729797649	0.133285947704	0.148311184314	0.117199943833
550534656-tonguedorsum3.snv.bam	0.145989993271	0.126164528006	0.119236898796	0.117565338953	0.1310893644	0.13637367161	0.132777184548	0.127827710546	0.137527736898	0.134700678603	0.1373794933	0.127060137661	0.117912214817	0.143918433877	0.137622211765	0.105171479146	0.121300451559	0.11236954979	0.152125960564	0.0132862087265	0.0202266500195	0.0	0.12078452024	0.125929352277	0.144797867724	0.130935683878	0.137514712738	0.1358439322	0.139242556057	0.120180434755	0.149576318917	0.116771477435	0.116986222248	0.114883458847	0.123600848251	0.124496876292	0.121810558055	0.150420371287	0.0987642028294	0.115867804997	0.130722576548	0.128245473639	0.13665594744	0.130374016229	0.137075266644	0.114935281837	0.127570618219	0.150604895984	0.122170954538	0.110324930804	0.15033610666	0.110183972214	0.130828901079	0.130330135044	0.132932330551	0.111977980535	0.129579214924	0.148228877691	0.133874823072	0.124758930066	0.142378355449	0.111108502533
638754422-tonguedorsum1.snv.bam	0.145048266621	0.128582682746	0.118019533123	0.121943900772	0.125942831987	0.145942184683	0.139174989991	0.116898700145	0.147471631506	0.129904325248	0.0715392232382	0.144822599781	0.128408180861	0.142446356615	0.13512991582	0.125808697936	0.129318876395	0.11284544479	0.145817736714	0.121530726151	0.127529247903	0.12078452024	0.0	0.0512693371296	0.146524434571	0.110375320361	0.136735922872	0.131905263498	0.139177622932	0.119711100249	0.16102287747	0.118246169668	0.133241857018	0.0956231118058	0.133404451425	0.133932054886	0.140627084361	0.14609696716	0.121894154684	0.109489921258	0.139747710335	0.134639145019	0.142424739977	0.136636454175	0.155385160814	0.132095916353	0.136442659388	0.155397939839	0.117146623106	0.110564642786	0.148396533381	0.128726816771	0.149488749417	0.120394107306	0.144722783072	0.131213150973	0.128661124137	0.173723873476	0.158059213503	0.131243937527	0.141153493142	0.14244696168
638754422-tonguedorsum3.snv.bam	0.14337857622	0.134152278213	0.117816039083	0.119605740512	0.12996910921	0.153292268143	0.154330757512	0.124234378776	0.144817565226	0.13380770931	0.0393575835913	0.148423242585	0.127308131587	0.14253020299	0.137366563508	0.129722392323	0.132915081019	0.117166944165	0.146104577076	0.128189443229	0.131868131467	0.125929352277	0.0512693371296	0.0	0.146013085053	0.112242611704	0.152000545176	0.145334257886	0.151670257838	0.126059712189	0.167313029993	0.122492142816	0.140217620035	0.109743448857	0.132730874411	0.133623675032	0.147017334172	0.142042421929	0.121947423611	0.116270010438	0.139221999021	0.135388800298	0.128941481063	0.122263647559	0.156467885501	0.140913336873	0.137522238121	0.154578748738	0.125499006423	0.107225710582	0.142794195942	0.128177402344	0.156269662836	0.120700477125	0.148467395949	0.135516435252	0.131040594998	0.17833142942	0.16313134172	0.137850079447	0.144892855418	0.14068834975
663835652-tonguedorsum2.snv.bam	0.0978608721195	0.152070855841	0.145686783897	0.14561253489	0.137867072215	0.158634827898	0.150727110088	0.136796454385	0.154659279169	0.141939110642	0.151726491339	0.167482363635	0.15656981192	0.141894406886	0.136530310354	0.149692200333	0.151150837492	0.132355329959	0.169846485426	0.149094795952	0.148797501784	0.144797867724	0.146524434571	0.146013085053	0.0	0.144455510407	0.133024105905	0.133722470194	0.135771635169	0.149620177849	0.160466487946	0.146125118549	0.170670850374	0.145062080555	0.137082026811	0.138159501678	0.151128417713	0.158385597169	0.132941373801	0.129635169323	0.17279340867	0.17176025297	0.165819155471	0.161720455644	0.159237420688	0.161386676861	0.16611446022	0.182459506255	0.153461102245	0.137193893482	0.16546579644	0.153815863415	0.162329842793	0.138339287843	0.149040240302	0.146634508562	0.12425436364	0.171672390443	0.16386905687	0.138298880422	0.134014787252	0.150314814909
663835652-tonguedorsum3.snv.bam	0.134914478914	0.12533226904	0.121016965044	0.123917531383	0.117273631365	0.143067613051	0.141078680424	0.111839181671	0.143711206758	0.132550671875	0.0988401321613	0.152657536485	0.133544329851	0.146948739835	0.139131918988	0.122331683733	0.126321718356	0.119805719111	0.140978665058	0.133043571037	0.135193822769	0.130935683878	0.110375320361	0.112242611704	0.144455510407	0.0	0.149876169601	0.141151415844	0.14321605153	0.097261381555	0.160757763409	0.121609703099	0.14018360277	0.117692419834	0.132934654831	0.133976696394	0.149309972888	0.114076159629	0.126959141765	0.11435973682	0.14423199113	0.138908975075	0.13044830619	0.127118022273	0.124275052696	0.110390957158	0.110858831274	0.157982726696	0.129609969957	0.103731417889	0.136896612808	0.135076376247	0.153991689377	0.126892560499	0.14407463513	0.116809320722	0.12318265314	0.182293424869	0.171155454512	0.134927459842	0.140756476612	0.118902708003
686765762-tonguedorsum1.snv.bam	0.126802000879	0.119483052321	0.137671896358	0.13946112888	0.15080823521	0.146264184678	0.132370165909	0.133333588232	0.152952229915	0.140301117151	0.157331647424	0.144674670427	0.145290601653	0.144809684912	0.140804053342	0.139017088653	0.142443400343	0.139219747275	0.182304856006	0.138569800069	0.142960388463	0.137514712738	0.136735922872	0.152000545176	0.133024105905	0.149876169601	0.0	9.72857281837e-05	0.000209964241106	0.133510328194	0.181210303948	0.143972504931	0.157699276272	0.134504961094	0.130258520787	0.131162562354	0.148805996997	0.147914923673	0.12250966399	0.128429505605	0.157324889156	0.152900032382	0.15309264261	0.149697320659	0.152315342881	0.133221409955	0.156330465541	0.168203794328	0.12358376394	0.140955149978	0.190004162377	0.139876094349	0.139937669238	0.111286791133	0.121643042068	0.151100019747	0.121168847749	0.17127553241	0.159842878678	0.134380134605	0.142452874413	0.163160719835
686765762-tonguedorsum2.snv.bam	0.131147982856	0.109952431333	0.133275122134	0.136236551399	0.141692051834	0.138963879093	0.134220668312	0.125576369043	0.150689529208	0.135515631176	0.15092746088	0.139028416855	0.140675892684	0.142605445162	0.135975379986	0.13754939948	0.138232508079	0.133499011151	0.172107974365	0.137178545213	0.142433527509	0.1358439322	0.131905263498	0.145334257886	0.133722470194	0.141151415844	9.72857281837e-05	0.0	0.000104211452139	0.130185644744	0.177966101695	0.140813929739	0.152534116279	0.133948629293	0.124396235638	0.125264940092	0.146488539356	0.142829610144	0.122413793103	0.12561802528	0.149441225267	0.145127518079	0.152651386771	0.149438949114	0.14763514266	0.130034002674	0.151586630162	0.165216482282	0.122865083508	0.136295931453	0.17754589582	0.134597356819	0.138364005966	0.111569676066	0.119339488832	0.14715242999	0.118520388359	0.168588054209	0.157035075732	0.130974039964	0.135424225414	0.154884139851
686765762-tonguedorsum3.snv.bam	0.133874490735	0.119123551868	0.138227290227	0.139897102877	0.141462456551	0.140576061328	0.130055827729	0.129324281529	0.148548638342	0.135463396642	0.15834625229	0.146586898653	0.145237321647	0.147847259806	0.140694620229	0.140647059341	0.140290796523	0.134185060299	0.169145391937	0.140473171112	0.144450310961	0.139242556057	0.139177622932	0.151670257838	0.135771635169	0.14321605153	0.000209964241106	0.000104211452139	0.0	0.135009483237	0.177440601725	0.14427128103	0.15263925606	0.135511534607	0.126555964766	0.127368701398	0.148017077367	0.148296573268	0.126280377397	0.128627551762	0.157593178242	0.152740010193	0.15848470276	0.154303880297	0.150390909142	0.133863669705	0.157666460965	0.169389305742	0.12286891418	0.138973883707	0.178625860738	0.136976342708	0.147326529206	0.109132190335	0.121618712613	0.148468563988	0.120959214709	0.170563305342	0.160933157676	0.131626720773	0.135447865746	0.157660952631
737052003-tonguedorsum1.snv.bam	0.158007584779	0.126948101306	0.11366732491	0.123909296435	0.11311136661	0.137510901471	0.142430490832	0.110344902605	0.144957844509	0.11786064368	0.130129730617	0.126209501234	0.119702618549	0.141244129942	0.138372767576	0.119061273742	0.118758409837	0.112006924795	0.141637699531	0.12035340958	0.128578449576	0.120180434755	0.119711100249	0.126059712189	0.149620177849	0.097261381555	0.133510328194	0.130185644744	0.135009483237	0.0	0.149726474005	0.141128972748	0.122726263283	0.125679481684	0.134614240986	0.135815268846	0.123246117462	0.0921506516569	0.136721869906	0.0985275183371	0.140441173075	0.133495289231	0.142255651268	0.137939083071	0.117672222961	0.125446265489	0.132771848535	0.163354760943	0.118133158965	0.109950071066	0.13795557993	0.119569911564	0.129864664071	0.118819750638	0.131527046137	0.118314827765	0.118946986981	0.150587873373	0.134114656239	0.119442022618	0.141267067807	0.105410712288
763395383-tonguedorsum3.snv.bam	0.170593384988	0.158807784997	0.158747252563	0.163915694348	0.128625642225	0.142689016891	0.182066287759	0.145824374752	0.171532193722	0.174335695042	0.179669849812	0.171436293158	0.153467287823	0.172221780146	0.178774289353	0.15974239481	0.158408300325	0.156624487965	0.175313887613	0.149681112839	0.15025039933	0.149576318917	0.16102287747	0.167313029993	0.160466487946	0.160757763409	0.181210303948	0.177966101695	0.177440601725	0.149726474005	0.0	0.175271630747	0.150548210478	0.152264653248	0.158391557168	0.159446494873	0.149744494479	0.162677468441	0.165287103496	0.145743545095	0.149915169431	0.149260176464	0.18171417954	0.176672770259	0.160376047996	0.153368640591	0.156912587328	0.160367691122	0.14579085139	0.154328935964	0.168706180848	0.149644624716	0.162989335113	0.182539629439	0.157818876598	0.152149340682	0.140030011761	0.101794980102	0.106576557206	0.154167372702	0.173192295485	0.139714033762
763536994-tonguedorsum1.snv.bam	0.143642920319	0.129616355071	0.141104417893	0.138481117134	0.140280505532	0.157218800148	0.151627172171	0.120837939685	0.153877514739	0.151024572933	0.120725699761	0.159205606625	0.144133142277	0.159242354193	0.152872179713	0.0757073549645	0.147871002205	0.134072852162	0.168541591554	0.115023317691	0.109256822409	0.116771477435	0.118246169668	0.122492142816	0.146125118549	0.121609703099	0.143972504931	0.140813929739	0.14427128103	0.141128972748	0.175271630747	0.0	0.160797215979	0.131274169477	0.141597136833	0.142599729625	0.136245090992	0.156861861622	0.126008472129	0.122416170849	0.158670217661	0.158502524477	0.147899440418	0.141056808086	0.166713973741	0.139780384281	0.153772071996	0.175315809731	0.14673675226	0.134344093256	0.169848919719	0.128645786997	0.165767615002	0.132498373037	0.170009194563	0.133251280404	0.134134528408	0.189778069794	0.17949374873	0.146962731423	0.138590410073	0.155589732955
763577454-tonguedorsum1.snv.bam	0.150780095481	0.12896608608	0.12900890728	0.133502873146	0.129151636897	0.119090504163	0.152287636563	0.131382986866	0.133835654533	0.126211572917	0.153002622486	0.12716639414	0.0781375588212	0.133600320774	0.13332693656	0.125754414765	0.121959609859	0.123296172526	0.149071743246	0.1219197792	0.124740438096	0.116986222248	0.133241857018	0.140217620035	0.170670850374	0.14018360277	0.157699276272	0.152534116279	0.15263925606	0.122726263283	0.150548210478	0.160797215979	0.0	0.124099677777	0.126784011574	0.126384130639	0.129919908372	0.150959991257	0.115864429543	0.129559003443	0.106315128836	0.10438328371	0.15991114614	0.157393653687	0.136723617737	0.12730418721	0.129262271864	0.13787969395	0.104379265275	0.102152392943	0.145768148383	0.111284869284	0.11873343609	0.157106880314	0.126540062028	0.120283257841	0.134680463096	0.145657366365	0.136486940167	0.0782410683372	0.13603507179	0.123197459232
763759525-tonguedorsum2.snv.bam	0.14635334495	0.115414454387	0.124416338744	0.129211974112	0.133347212913	0.127277528204	0.150253403039	0.135668812464	0.145254735629	0.131402861332	0.130192500893	0.128936235438	0.113432518943	0.121371865889	0.120643783865	0.127439091159	0.130495515042	0.115770763956	0.162111201395	0.118532150456	0.125348895386	0.114883458847	0.0956231118058	0.109743448857	0.145062080555	0.117692419834	0.134504961094	0.133948629293	0.135511534607	0.125679481684	0.152264653248	0.131274169477	0.124099677777	0.0	0.115432610237	0.117366020461	0.135990060706	0.148544214455	0.112801148502	0.0976423648129	0.122861917163	0.116605709356	0.152681499099	0.147098532123	0.148391432682	0.1130673274	0.124878395411	0.124026229908	0.104683899252	0.0924956703339	0.157160489664	0.108659133496	0.133858351319	0.148244884238	0.152009736761	0.12095642505	0.135772193948	0.144589397835	0.134576151169	0.134843572216	0.145393474443	0.139020847892
763901136-tonguedorsum2.snv.bam	0.124131439393	0.119843924186	0.126111053269	0.125982390055	0.124118536561	0.115293729921	0.144759859048	0.127375823175	0.140086098315	0.126003301921	0.13600186392	0.114556164646	0.12365918104	0.111889401201	0.105967348718	0.142802179843	0.130504519393	0.11762107322	0.155267509818	0.128090464362	0.132167660036	0.123600848251	0.133404451425	0.132730874411	0.137082026811	0.132934654831	0.130258520787	0.124396235638	0.126555964766	0.134614240986	0.158391557168	0.141597136833	0.126784011574	0.115432610237	0.0	0.000958896229297	0.122216631301	0.150583708441	0.099308306792	0.119358179095	0.119451593604	0.115645050971	0.159504709189	0.156522818993	0.145202104914	0.111550629043	0.112201821215	0.119795093505	0.109543029594	0.107214311536	0.158196646478	0.112428802419	0.122090481948	0.149903916272	0.134220979739	0.124463347553	0.137241653423	0.150649199548	0.136584792484	0.123066249713	0.134405704382	0.125856492701
763901136-tonguedorsum3.snv.bam	0.125499129219	0.122208009633	0.127612325636	0.127968764343	0.125189344229	0.116642381518	0.145486140394	0.128933003219	0.140941255545	0.126870139006	0.136873355163	0.115818996414	0.124653776211	0.113202925377	0.107095766658	0.143758734875	0.131722135086	0.118628337825	0.155920379574	0.128964927084	0.133011975989	0.124496876292	0.133932054886	0.133623675032	0.138159501678	0.133976696394	0.131162562354	0.125264940092	0.127368701398	0.135815268846	0.159446494873	0.142599729625	0.126384130639	0.117366020461	0.000958896229297	0.0	0.121923518858	0.151621749925	0.100334383557	0.121366035217	0.120671316315	0.116888942206	0.160347879014	0.157226574738	0.146581091741	0.11245724971	0.113451139526	0.120422959201	0.110738108024	0.108479740197	0.159052101229	0.111757097413	0.123129676947	0.150734515025	0.135724467186	0.12606075282	0.138618480049	0.151695760335	0.137702831641	0.123605009972	0.134033172524	0.127334344626
763961826-tonguedorsum1.snv.bam	0.163254183404	0.138606935195	0.13172317692	0.130891986745	0.135718741888	0.0861479873658	0.157237470878	0.13174871954	0.153366781424	0.158126018484	0.155917828641	0.1241939565	0.127812631207	0.147470518357	0.147929066668	0.149718758211	0.145706680972	0.135054666332	0.154411038982	0.121037228568	0.126485911001	0.121810558055	0.140627084361	0.147017334172	0.151128417713	0.149309972888	0.148805996997	0.146488539356	0.148017077367	0.123246117462	0.149744494479	0.136245090992	0.129919908372	0.135990060706	0.122216631301	0.121923518858	0.0	0.147787499737	0.123740891676	0.12312110906	0.132353270869	0.131576536226	0.176266783284	0.169777123594	0.125486832812	0.124666634626	0.131066552086	0.142631731517	0.131670308449	0.122770121626	0.154371716325	0.10704693655	0.134209660031	0.146093461203	0.143872858896	0.139901026184	0.140383227039	0.164646287893	0.148451211245	0.139007957203	0.155019393394	0.105716276448
763961826-tonguedorsum2.snv.bam	0.148457159065	0.144422036064	0.133956122753	0.138403557311	0.130935250778	0.148701458751	0.134027034358	0.121554762299	0.157178615758	0.13634858709	0.149165783236	0.156761265328	0.150746735566	0.159137581903	0.154164025957	0.139613290103	0.137684891035	0.135512469442	0.142309993291	0.150535110323	0.157070419622	0.150420371287	0.14609696716	0.142042421929	0.158385597169	0.114076159629	0.147914923673	0.142829610144	0.148296573268	0.0921506516569	0.162677468441	0.156861861622	0.150959991257	0.148544214455	0.150583708441	0.151621749925	0.147787499737	0.0	0.153435589298	0.137644968115	0.161241811004	0.15280034934	0.140878711106	0.140001313706	0.0428573454391	0.12509506348	0.12755616641	0.147144993271	0.132383456043	0.145428785923	0.136742098944	0.137608212145	0.164731384427	0.140617036543	0.149486227625	0.130379278229	0.124655352853	0.177072575097	0.16595073905	0.143356949121	0.15419798378	0.113094373809
763982056-tonguedorsum3.snv.bam	0.120954672444	0.112552586958	0.125086263084	0.120142363173	0.12244435611	0.115818981988	0.147084516738	0.13324598308	0.141016908407	0.13641790753	0.125968782993	0.116164820377	0.113563639274	0.124362407718	0.118394773553	0.125026942036	0.137929605312	0.120496704202	0.168345393713	0.102970023059	0.0993582970308	0.0987642028294	0.121894154684	0.121947423611	0.132941373801	0.126959141765	0.12250966399	0.122413793103	0.126280377397	0.136721869906	0.165287103496	0.126008472129	0.115864429543	0.112801148502	0.099308306792	0.100334383557	0.123740891676	0.153435589298	0.0	0.122971257304	0.104772383616	0.101820836828	0.141351224105	0.139011641663	0.121929913068	0.111266138251	0.120724437823	0.110137166744	0.116789686499	0.0973786652215	0.16640568825	0.112458114253	0.12713311798	0.142626787582	0.122087557829	0.128116007863	0.132293737776	0.145563193589	0.13996226948	0.130920765319	0.143696895153	0.121213993359
764062976-tonguedorsum2.snv.bam	0.140353541529	0.119983850683	0.115950671854	0.120434420551	0.108976191775	0.137326131486	0.143288791186	0.120415103338	0.1438365346	0.124618668194	0.127114049414	0.131079392112	0.118662707635	0.131651435723	0.129680662975	0.119086714658	0.120099721914	0.101481328067	0.148581943794	0.115835113075	0.123711855001	0.115867804997	0.109489921258	0.116270010438	0.129635169323	0.11435973682	0.128429505605	0.12561802528	0.128627551762	0.0985275183371	0.145743545095	0.122416170849	0.129559003443	0.0976423648129	0.119358179095	0.121366035217	0.12312110906	0.137644968115	0.122971257304	0.0	0.132097467269	0.128014471612	0.126912374941	0.122188062126	0.144605494616	0.126217255782	0.12877059672	0.157294032625	0.117025120812	0.102640584243	0.139778406529	0.115531582841	0.132103026231	0.125581217524	0.145364833264	0.117848689923	0.125872952982	0.144834077414	0.131830212082	0.125603161324	0.139154260872	0.119662645343
