	BYQ_AAAH.snv.bam	MH0458.snv.bam	O2.UC36-0.snv.bam	O2.UC6-0.snv.bam	O2.UC8-1.snv.bam	O2.UC9-1.snv.bam	T2D-13A.snv.bam	T2D-54A.snv.bam	V1.FI28.snv.bam	V1.FI29.snv.bam	V1.FI37.snv.bam	V1.UC55-0.snv.bam	V1.UC55-4.snv.bam	alien-11-60-0.snv.bam	bugkiller-11-2-0.snv.bam	bugkiller-11-7-0.snv.bam	bugkiller-12-7-0.snv.bam	bugkiller-13-7-0.snv.bam	halbarad-11-7-0.snv.bam	peacemaker-11-60-0.snv.bam	peacemaker-11-7-0.snv.bam
BYQ_AAAH.snv.bam	0.0	0.0970146448805	0.110101323182	0.0838796429662	0.0937866547602	0.0835885639932	0.159754720156	0.122268969851	0.0886578471193	0.0940295920936	0.0944165513987	0.100059897567	0.101525863871	0.0915728039479	0.093047515481	0.0947439592884	0.0946979144809	0.099575145789	0.0962933070406	0.0140690886556	0.0136943439431
MH0458.snv.bam	0.0970146448805	0.0	0.106629951517	0.0976250745651	0.0908740835712	0.0880554768411	0.165450385532	0.114698470389	0.0899339354398	0.0870027291733	0.091497224949	0.0941698682054	0.0953674881963	0.0822967666477	0.0920316136406	0.0943602826537	0.0940162259112	0.0971979076675	0.092440867768	0.091309575733	0.0966689897688
O2.UC36-0.snv.bam	0.110101323182	0.106629951517	0.0	0.10508807136	0.109083110947	0.0904970499876	0.170297645014	0.129056959384	0.102716786457	0.111480403069	0.0994590419879	0.112339160268	0.11289117525	0.106931111112	0.0940815629467	0.096056132206	0.0958118748596	0.0971765879771	0.106105018461	0.106422289677	0.110882504897
O2.UC6-0.snv.bam	0.0838796429662	0.0976250745651	0.10508807136	0.0	0.0912304699165	0.0449585543556	0.168730288498	0.121033441226	0.0707049610078	0.097866480536	0.0946589151787	0.102244088062	0.10368321944	0.0842653677894	0.0886308630153	0.0892190681482	0.0888830528916	0.0919250618449	0.0878210157261	0.085521396407	0.0859421207087
O2.UC8-1.snv.bam	0.0937866547602	0.0908740835712	0.109083110947	0.0912304699165	0.0	0.0905531179662	0.15455853932	0.117746427589	0.0938054589394	0.0906659705389	0.0954164951196	0.101431752674	0.1016615823	0.0468942178251	0.0975357258896	0.0989032473452	0.0989212362835	0.102371223464	0.0943765084393	0.0900354627885	0.0953735130346
O2.UC9-1.snv.bam	0.0835885639932	0.0880554768411	0.0904970499876	0.0449585543556	0.0905531179662	0.0	0.159286766721	0.111896291322	0.0630053737857	0.0926540848285	0.0839060184815	0.0972258842289	0.0984062851864	0.082929879005	0.0849147910028	0.0877183545099	0.0860890979359	0.0901508329115	0.0846684636243	0.0835692315882	0.0857712014838
T2D-13A.snv.bam	0.159754720156	0.165450385532	0.170297645014	0.168730288498	0.15455853932	0.159286766721	0.0	0.154002411741	0.161582430686	0.166160989747	0.151813516032	0.170645130632	0.171903646889	0.163265775965	0.166601259016	0.16998773537	0.169043932258	0.167097738663	0.162062306316	0.155265537089	0.157632272357
T2D-54A.snv.bam	0.122268969851	0.114698470389	0.129056959384	0.121033441226	0.117746427589	0.111896291322	0.154002411741	0.0	0.113207308556	0.112137910356	0.112442925557	0.124923073936	0.125186256841	0.1144853998	0.11446326173	0.116405878049	0.116572512375	0.1187960296	0.121841146739	0.115354401816	0.120328921863
V1.FI28.snv.bam	0.0886578471193	0.0899339354398	0.102716786457	0.0707049610078	0.0938054589394	0.0630053737857	0.161582430686	0.113207308556	0.0	0.0928062073343	0.0905807155835	0.0979763739187	0.0981721652404	0.0887047844921	0.0944595239034	0.0964167845252	0.0962122453024	0.100361498134	0.0913298438239	0.0841046502911	0.089234701653
V1.FI29.snv.bam	0.0940295920936	0.0870027291733	0.111480403069	0.097866480536	0.0906659705389	0.0926540848285	0.166160989747	0.112137910356	0.0928062073343	0.0	0.0927148984695	0.0995164178925	0.0996757970141	0.0861274818616	0.0898425868904	0.0915811815662	0.0919531595083	0.0939379132691	0.0825222908766	0.0883890075964	0.0919574613517
V1.FI37.snv.bam	0.0944165513987	0.091497224949	0.0994590419879	0.0946589151787	0.0954164951196	0.0839060184815	0.151813516032	0.112442925557	0.0905807155835	0.0927148984695	0.0	0.0691209115312	0.0699465887267	0.0914026302177	0.0900728192048	0.0929021276037	0.0928505165625	0.0926744412938	0.0888997990545	0.0890338647738	0.0928181258541
V1.UC55-0.snv.bam	0.100059897567	0.0941698682054	0.112339160268	0.102244088062	0.101431752674	0.0972258842289	0.170645130632	0.124923073936	0.0979763739187	0.0995164178925	0.0691209115312	0.0	0.00229877204745	0.0972669585525	0.0971757785387	0.0986234377481	0.0985778527207	0.101831256923	0.0931938924825	0.0943004733315	0.0975777726429
V1.UC55-4.snv.bam	0.101525863871	0.0953674881963	0.11289117525	0.10368321944	0.1016615823	0.0984062851864	0.171903646889	0.125186256841	0.0981721652404	0.0996757970141	0.0699465887267	0.00229877204745	0.0	0.0985367399306	0.0977980600706	0.0987198179821	0.0986739022013	0.102086234665	0.0948069079515	0.0970230639579	0.0988975676979
alien-11-60-0.snv.bam	0.0915728039479	0.0822967666477	0.106931111112	0.0842653677894	0.0468942178251	0.082929879005	0.163265775965	0.1144853998	0.0887047844921	0.0861274818616	0.0914026302177	0.0972669585525	0.0985367399306	0.0	0.0910471040165	0.0923734943276	0.0923202742853	0.097855249877	0.0745906298195	0.0853825742314	0.0884702963986
bugkiller-11-2-0.snv.bam	0.093047515481	0.0920316136406	0.0940815629467	0.0886308630153	0.0975357258896	0.0849147910028	0.166601259016	0.11446326173	0.0944595239034	0.0898425868904	0.0900728192048	0.0971757785387	0.0977980600706	0.0910471040165	0.0	0.00340556418648	0.00343476874075	0.00419080209545	0.0928111894939	0.0855248210649	0.0916183842189
bugkiller-11-7-0.snv.bam	0.0947439592884	0.0943602826537	0.096056132206	0.0892190681482	0.0989032473452	0.0877183545099	0.16998773537	0.116405878049	0.0964167845252	0.0915811815662	0.0929021276037	0.0986234377481	0.0987198179821	0.0923734943276	0.00340556418648	0.0	0.000342288682297	0.000556802085568	0.0943493695058	0.0871974199289	0.0932481647834
bugkiller-12-7-0.snv.bam	0.0946979144809	0.0940162259112	0.0958118748596	0.0888830528916	0.0989212362835	0.0860890979359	0.169043932258	0.116572512375	0.0962122453024	0.0919531595083	0.0928505165625	0.0985778527207	0.0986739022013	0.0923202742853	0.00343476874075	0.000342288682297	0.0	0.000258031950098	0.0942991658152	0.0871418931914	0.0931189719452
bugkiller-13-7-0.snv.bam	0.099575145789	0.0971979076675	0.0971765879771	0.0919250618449	0.102371223464	0.0901508329115	0.167097738663	0.1187960296	0.100361498134	0.0939379132691	0.0926744412938	0.101831256923	0.102086234665	0.097855249877	0.00419080209545	0.000556802085568	0.000258031950098	0.0	0.0999110116562	0.0920056797862	0.0982640917145
halbarad-11-7-0.snv.bam	0.0962933070406	0.092440867768	0.106105018461	0.0878210157261	0.0943765084393	0.0846684636243	0.162062306316	0.121841146739	0.0913298438239	0.0825222908766	0.0888997990545	0.0931938924825	0.0948069079515	0.0745906298195	0.0928111894939	0.0943493695058	0.0942991658152	0.0999110116562	0.0	0.0910228173591	0.0940550969948
peacemaker-11-60-0.snv.bam	0.0140690886556	0.091309575733	0.106422289677	0.085521396407	0.0900354627885	0.0835692315882	0.155265537089	0.115354401816	0.0841046502911	0.0883890075964	0.0890338647738	0.0943004733315	0.0970230639579	0.0853825742314	0.0855248210649	0.0871974199289	0.0871418931914	0.0920056797862	0.0910228173591	0.0	0.0132254259522
peacemaker-11-7-0.snv.bam	0.0136943439431	0.0966689897688	0.110882504897	0.0859421207087	0.0953735130346	0.0857712014838	0.157632272357	0.120328921863	0.089234701653	0.0919574613517	0.0928181258541	0.0975777726429	0.0988975676979	0.0884702963986	0.0916183842189	0.0932481647834	0.0931189719452	0.0982640917145	0.0940550969948	0.0132254259522	0.0
