	159166850-stool1.snv.bam	159166850-stool2.snv.bam	159268001-stool1.snv.bam	159268001-stool2.snv.bam	161554003-stool2.snv.bam	764649650-stool2.snv.bam	765701615-stool1.snv.bam	765701615-stool2.snv.bam	840279516-stool1.snv.bam	861967750-stool1.snv.bam	CCIS16383318ST-4-0.snv.bam	CCIS34604008ST-4-0.snv.bam	CCIS41548810ST-4-0.snv.bam	CCIS45793747ST-4-0.snv.bam	CCIS53043478ST-4-0.snv.bam	CCIS77252613ST-4-0.snv.bam	CCMD19497912ST-21-0.snv.bam	CCMD64503764ST-21-0.snv.bam	CCMD87156761ST-21-0.snv.bam	CCMD88272491ST-21-0.snv.bam	M1.4-V2.metaG.snv.bam	M1.4-V3.metaG.snv.bam	M1.4-V3.metaT.snv.bam	M4.2-V2.metaG.snv.bam	M4.2-V2.metaT.snv.bam	MH0108.snv.bam	MH0176.snv.bam	MH0200.snv.bam	MH0243.snv.bam	MH0259.snv.bam	MH0274.snv.bam	MH0283.snv.bam	MH0288.snv.bam	MH0290.snv.bam	MH0299.snv.bam	MH0321.snv.bam	MH0325.snv.bam	MH0329.snv.bam	MH0330.snv.bam	MH0360.snv.bam	MH0361.snv.bam	MH0368.snv.bam	MH0374.snv.bam	MH0385.snv.bam	MH0389.snv.bam	MH0398.snv.bam	MH0399.snv.bam	MH0404.snv.bam	MH0409.snv.bam	MH0413.snv.bam	MH0418.snv.bam	MH0422.snv.bam	MH0443.snv.bam	MH0458.snv.bam	MMRS34525504ST-27-0-0.snv.bam	MMRS39582183ST-27-0-0.snv.bam	MMRS51410669ST-27-0-0.snv.bam	N037A.snv.bam	N043A.snv.bam	NLF008.snv.bam	O2.CD2-0.snv.bam	O2.UC1-1.snv.bam	O2.UC12-1.snv.bam	O2.UC13-1.snv.bam	O2.UC15-1.snv.bam	O2.UC15-2.snv.bam	O2.UC18-1.snv.bam	O2.UC2-1.snv.bam	O2.UC44-1.snv.bam	O2.UC44-2.snv.bam	O2.UC46-1.snv.bam	SAMEA3136644.snv.bam	SZEY-09A.snv.bam	SZEY-103A.snv.bam	SZEY-37A.snv.bam	SZEY-38A.snv.bam	SZEY-74A.snv.bam	T2D-108A.snv.bam	T2D-142A.snv.bam	T2D-163A.snv.bam	T2D-49A.snv.bam	V1.CD34-0.snv.bam	V1.CD37-4.snv.bam	V1.CD52-0.snv.bam	V1.CD55-0.snv.bam	V1.CD6-0-PN.snv.bam	V1.FI06.snv.bam	V1.FI12.snv.bam	V1.FI18.snv.bam	V1.FI24.snv.bam	V1.FI30.snv.bam	V1.FI32.snv.bam	V1.FI35.snv.bam	V1.UC22-1.snv.bam	V1.UC54-0.snv.bam	V1.UC54-4.snv.bam	V1.UC58-0.snv.bam
159166850-stool1.snv.bam	0.0	0.000828871273804	0.139360661639	0.139093265471	0.101667044858	0.127231351259	0.124210372384	0.123718322902	0.136804251279	0.135758087574	0.132598250974	0.118552392034	0.101392519085	0.116116052564	0.115966904299	0.110789858373	0.143621639456	0.133458435268	0.104767331236	0.135981951579	0.132465082633	0.131507821745	0.134607117058	0.121280798984	0.123577075554	0.112514801552	0.136768389248	0.126273024255	0.112395856353	0.134720937222	0.133315964278	0.113921744893	0.115555049861	0.127894042227	0.131983941739	0.139199433801	0.119682022895	0.12999527357	0.132810665429	0.126924324218	0.112680927688	0.106697000952	0.118462925552	0.12131525656	0.104902704191	0.120097035244	0.115763037195	0.0994300908072	0.132484234805	0.122367101597	0.131401251534	0.140377553771	0.135393559634	0.139987172163	0.107234540892	0.123509930961	0.122509356051	0.105710190094	0.133086800305	0.12790419698	0.12852949865	0.0966223238275	0.106631556198	0.113006668431	0.107440515709	0.110674074734	0.12447781471	0.110343799397	0.134848533034	0.137745772585	0.129578419675	0.113558756684	0.103785607165	0.120019938077	0.116546161439	0.12413099253	0.109509616152	0.119667681987	0.116562897681	0.120269912553	0.115386819623	0.120798124256	0.111753059427	0.120682330493	0.127519680476	0.115120984897	0.11369579397	0.113824207307	0.108161742244	0.136557511656	0.115140725287	0.111264560462	0.135656292284	0.135488516484	0.126364873556	0.131783164186	0.104657889291
159166850-stool2.snv.bam	0.000828871273804	0.0	0.139346168527	0.139085314113	0.101310995517	0.126804205429	0.124037284948	0.12323962694	0.136412263477	0.135817116344	0.132164214316	0.118127001495	0.100868910796	0.115580164577	0.115518620462	0.110443795487	0.143157159421	0.132985546179	0.104319867666	0.135526009224	0.132016673938	0.13105889823	0.134355783597	0.120815942087	0.123151240793	0.112077360927	0.136740726112	0.126087470669	0.112195529385	0.134317231853	0.13295985288	0.113718991278	0.115333465405	0.127664907657	0.131658263373	0.138876353537	0.119757174442	0.129819039725	0.132746636581	0.126885136673	0.112460725447	0.10647253984	0.118171803063	0.121077119256	0.104829703631	0.119837724288	0.115616838597	0.0989676349968	0.132377137838	0.122076810198	0.131294797722	0.140321886537	0.135214432733	0.140001965735	0.106766288201	0.123154164467	0.12210529346	0.105362923435	0.132762303189	0.127719322994	0.128334701386	0.0960529780456	0.106117157403	0.112943271689	0.10732819204	0.110598591812	0.124220087315	0.110210984886	0.134703767316	0.137654456077	0.12955234329	0.113128587822	0.103572942973	0.119583410109	0.116149449072	0.124023113475	0.109159927005	0.119289459793	0.11626362229	0.119985040649	0.11525234298	0.120503327373	0.11168375232	0.120508315986	0.127462157642	0.115069918852	0.113297411657	0.113472220931	0.107690754554	0.136207051794	0.114879349944	0.110813688698	0.135361851841	0.13544248394	0.125886683176	0.131405193519	0.104588947896
159268001-stool1.snv.bam	0.139360661639	0.139346168527	0.0	0.00115648675587	0.122842220755	0.141362963629	0.122169338225	0.121794191716	0.158427438278	0.138268667275	0.136192034192	0.1151828603	0.129678537721	0.135262054598	0.129928251626	0.11566055846	0.146092004554	0.132559734073	0.136388007179	0.142878252304	0.14871012575	0.147805883211	0.149931334344	0.128188286167	0.126223606602	0.119772570279	0.131272381941	0.135237579355	0.106821367693	0.127973248102	0.147756234682	0.122341804943	0.142611089547	0.136890028974	0.128528083653	0.155559620839	0.1109713264	0.137997473859	0.144996121145	0.121937514089	0.121725332037	0.13531286936	0.137333260948	0.133363461636	0.138235766833	0.115754152227	0.109181601216	0.141868125007	0.145019951452	0.124831841399	0.125722419616	0.15200459729	0.148748261386	0.158087214829	0.102720649981	0.127229511179	0.10925378092	0.143756175069	0.129867353039	0.137239354276	0.069608574728	0.133249123202	0.120652313829	0.122274192526	0.130328733795	0.130932579791	0.11918410024	0.136251652746	0.146363503611	0.14820777088	0.138448284124	0.120467052396	0.138553638992	0.145085924496	0.144995434658	0.162513745315	0.140979674178	0.130330155011	0.132538547759	0.146202058971	0.140135057975	0.119751717085	0.143114249949	0.13407389772	0.137809630452	0.133193213272	0.140597568805	0.113998399492	0.111815567629	0.124934815921	0.10518237569	0.118071797388	0.142568160112	0.133372114161	0.135736170056	0.141030128985	0.125833012857
159268001-stool2.snv.bam	0.139093265471	0.139085314113	0.00115648675587	0.0	0.122582672408	0.141131023465	0.121752061271	0.121469646507	0.158201241799	0.137932614382	0.135963847067	0.115079223701	0.129439037995	0.135054617474	0.129564762179	0.115470888381	0.145861297246	0.132344419639	0.136028143943	0.142606258397	0.148512672203	0.147573835643	0.149769329577	0.127942684988	0.126002143328	0.119345832294	0.13110783073	0.13505346137	0.10680832354	0.127808603568	0.147566130418	0.122190241776	0.142342476192	0.13686190985	0.12842814966	0.155288129574	0.110884805975	0.137764374111	0.144967555567	0.121614031858	0.121600129677	0.134935858886	0.136957441638	0.133154197859	0.138149737621	0.115495096064	0.108980834964	0.141676293921	0.14486467576	0.124715296108	0.125531746265	0.151871431909	0.148579361453	0.157876657626	0.102475836054	0.127024140875	0.108911557792	0.143598574121	0.129603863511	0.136915752813	0.0693925204409	0.132791118817	0.120279162259	0.122147812698	0.130121672287	0.130820852055	0.118903856946	0.136082788094	0.146171468595	0.147950339936	0.138214690776	0.120302048188	0.138491240316	0.144895596516	0.14476585143	0.162277489956	0.140785355058	0.130284866475	0.132320817645	0.145969963374	0.139929120977	0.119545681775	0.14293793045	0.133796042217	0.137672335184	0.132958699476	0.140423280258	0.113745913377	0.111576227969	0.124710321889	0.104957379768	0.117825109342	0.142316119129	0.133258719589	0.135403755841	0.140837347569	0.125727195672
161554003-stool2.snv.bam	0.101667044858	0.101310995517	0.122842220755	0.122582672408	0.0	0.118049236501	0.110242924947	0.109590077991	0.122077112183	0.11373820783	0.113055854926	0.0996932515337	0.100036722761	0.121404503926	0.104808433937	0.0959633526851	0.123376542721	0.10898364486	0.108483082588	0.111901015324	0.118341432108	0.119289205972	0.120529532541	0.107092018342	0.106358863001	0.101756106111	0.113817789502	0.111490719201	0.102746960558	0.111415503773	0.118952628065	0.0929450593797	0.106449929233	0.104754034391	0.116943577943	0.118067023197	0.110456610029	0.10952941803	0.111236464708	0.108384075262	0.106479476679	0.105541519451	0.109813984503	0.118600996822	0.0969114994011	0.0909376645421	0.102308429053	0.113193064837	0.115618303252	0.101329982334	0.10521308477	0.125648062973	0.112868435992	0.127889871981	0.103583665196	0.101155585329	0.102175608102	0.109599858401	0.104267711663	0.110466788819	0.101295000954	0.108996439658	0.103054479183	0.0990041877609	0.099349622844	0.102311486003	0.109090871602	0.113506190939	0.111461889495	0.113778677545	0.112402361867	0.109541398188	0.100657837648	0.11075571948	0.106452514042	0.124113304186	0.103574273865	0.113818231541	0.104486975066	0.118974254912	0.109228156328	0.105295941682	0.102232276079	0.0950504297487	0.12896675984	0.105610930393	0.101661881673	0.101696759181	0.0956928512845	0.10956058838	0.0903490674858	0.104685302074	0.117493533841	0.108299910593	0.110009004958	0.112010425487	0.0910673677469
764649650-stool2.snv.bam	0.127231351259	0.126804205429	0.141362963629	0.141131023465	0.118049236501	0.0	0.107961675375	0.107266450865	0.118488482812	0.131623190512	0.11408260709	0.104731794438	0.118920013169	0.130708783778	0.116774840733	0.113788198051	0.139564572178	0.121840974986	0.117676620469	0.13269274665	0.132646176652	0.132844752857	0.136690785726	0.108185820132	0.105139913883	0.116496118497	0.125637597717	0.117126124165	0.117357311954	0.108972857628	0.142625883305	0.10562490941	0.124327225872	0.131080185809	0.123391190203	0.123413191225	0.121152461578	0.125540303318	0.129805104009	0.125877331019	0.106058654377	0.117478845762	0.123692100692	0.115521075045	0.120892192288	0.125056610389	0.11766742168	0.114326505602	0.13803767119	0.117102394708	0.133978288548	0.128698074102	0.139269352573	0.13341734313	0.102233293881	0.125692809363	0.0996201741566	0.111711290993	0.124025535392	0.134976113842	0.127449649401	0.118868515766	0.113762161561	0.120105523929	0.123009577939	0.123109173472	0.0893243727386	0.121661256492	0.11735592689	0.116894784602	0.124287133834	0.133881974527	0.113880868018	0.116200076289	0.11463271287	0.134733217866	0.111150631788	0.110562572748	0.111494881187	0.128049427037	0.112885261567	0.105313841833	0.119304710404	0.126382782534	0.133579754902	0.100503273745	0.129530741612	0.104032994221	0.100411671214	0.12884282158	0.12357200168	0.125798575784	0.133778116265	0.136001671212	0.121252950863	0.127184232597	0.115312325954
765701615-stool1.snv.bam	0.124210372384	0.124037284948	0.122169338225	0.121752061271	0.110242924947	0.107961675375	0.0	0.00104633277112	0.141930874001	0.127199360473	0.110963128714	0.102492971824	0.117614024337	0.125634976604	0.122137471438	0.113680679113	0.137538016698	0.118184723529	0.101936910965	0.117532798682	0.126327212107	0.126511645166	0.130375685398	0.10167270221	0.0982814752877	0.110361023099	0.120581437117	0.10875931662	0.107367174038	0.111040317867	0.135901566875	0.0984314487607	0.124934855489	0.116133315234	0.113927627177	0.134965982296	0.114661797799	0.119450589241	0.128745777319	0.101466965046	0.0996434394807	0.113626364218	0.0747228793386	0.121664203236	0.112180657488	0.108931449314	0.117105008734	0.112946100784	0.126335855442	0.095762574812	0.113899162678	0.138666362299	0.128737026083	0.134386304073	0.0840825997318	0.121943411599	0.101697440303	0.119886301352	0.1175028439	0.126041312224	0.108002003859	0.106730303146	0.111388727121	0.109308128574	0.115743458583	0.113289185656	0.100349036023	0.123063719339	0.124966986681	0.126867166952	0.12202305064	0.10305664973	0.111204781582	0.120650065781	0.123465352372	0.13816228892	0.106325033233	0.111679726402	0.104763981594	0.124203989778	0.115854825263	0.109744225698	0.112406463732	0.121280326164	0.12791953772	0.113372300572	0.116359511381	0.0996407027822	0.0995635563326	0.122064267197	0.111020899284	0.111544587199	0.118324703398	0.126982321675	0.12038856026	0.12312047106	0.1165702154
765701615-stool2.snv.bam	0.123718322902	0.12323962694	0.121794191716	0.121469646507	0.109590077991	0.107266450865	0.00104633277112	0.0	0.141174166201	0.125915324805	0.109964751304	0.101772150381	0.116837734878	0.124753468517	0.121365365971	0.112897938666	0.136715630332	0.117423777734	0.102234048424	0.116697579894	0.125328653575	0.12551172531	0.129428497557	0.100851944997	0.0975049239928	0.10971047655	0.121280768475	0.108411262073	0.106855155267	0.111735164083	0.135453360394	0.098738418364	0.124407759511	0.115547696511	0.113574843953	0.134522633053	0.115550698964	0.11903984093	0.128481315442	0.102366676681	0.0992303148507	0.112287325592	0.0743352339379	0.121041629877	0.111856471426	0.108470947137	0.118048200968	0.112347746988	0.126049251412	0.0963522447106	0.113613314942	0.139241566389	0.1286153292	0.134502442812	0.0833351000076	0.121078259454	0.100800466063	0.119206865833	0.116784395786	0.125651721443	0.107525913898	0.106111043763	0.110758806014	0.108863847752	0.115031577525	0.11299739538	0.0997407357728	0.122711575615	0.124294699607	0.126438081228	0.121622488426	0.102088128825	0.110715134012	0.119780468128	0.122891631402	0.136585610297	0.105727379471	0.109832551433	0.103925754569	0.122315886337	0.115463921716	0.109498783376	0.111939556655	0.12071892876	0.127804737064	0.113084008584	0.115732121192	0.098979095381	0.0989490268477	0.121346139083	0.11039240283	0.110764274105	0.117738512368	0.126720589567	0.120063194888	0.122556301469	0.11616741813
840279516-stool1.snv.bam	0.136804251279	0.136412263477	0.158427438278	0.158201241799	0.122077112183	0.118488482812	0.141930874001	0.141174166201	0.0	0.145978617472	0.128765393243	0.130587518071	0.129990854062	0.125600057485	0.126528697142	0.128253860971	0.148834848983	0.134124605625	0.138939740326	0.152404679151	0.146983909326	0.147193104456	0.142365038709	0.133057536671	0.132532190904	0.13651020853	0.138996435952	0.131720428279	0.134736355318	0.141168936177	0.147439035582	0.124137150948	0.14212932104	0.147933708546	0.140936147613	0.142183234805	0.140131910992	0.138215325466	0.140468788905	0.136037737036	0.122182718018	0.128970784701	0.137525829486	0.13227837185	0.12991954912	0.14438062058	0.135297256116	0.139682265414	0.148501009059	0.136634643889	0.140447072447	0.161195830251	0.149701706474	0.149174318288	0.122935326253	0.145801469671	0.125376236626	0.120150442089	0.157537818925	0.134258562404	0.145603454442	0.130662456387	0.130981930088	0.135307916651	0.140476366228	0.139652368557	0.137142133583	0.140234913058	0.142637328633	0.143631278041	0.140694967083	0.146688243685	0.118032498387	0.133754688144	0.126746521529	0.144159851646	0.120631180428	0.126523623881	0.120891382893	0.133075472564	0.133276649948	0.134873909662	0.133972669531	0.133912102229	0.155492625913	0.115860751368	0.149114566682	0.12317678068	0.112950896465	0.136830965517	0.133740677055	0.142245906757	0.146216638174	0.146623076083	0.138571548195	0.142693169982	0.115930246354
861967750-stool1.snv.bam	0.135758087574	0.135817116344	0.138268667275	0.137932614382	0.11373820783	0.131623190512	0.127199360473	0.125915324805	0.145978617472	0.0	0.118128846477	0.120887042298	0.122685396175	0.134153748969	0.133050200125	0.119948147933	0.145964209407	0.133444880603	0.137025712353	0.141473857687	0.139397630083	0.139605571959	0.148319544267	0.126868126704	0.12377755586	0.125089113159	0.133186282846	0.13152607357	0.115677686671	0.126479915281	0.147665498143	0.121911487503	0.145910682517	0.136634403943	0.12046632819	0.14818298104	0.129671731384	0.130253447707	0.133756087114	0.124514132255	0.124606622588	0.100780505265	0.120344412401	0.142397766604	0.112715569078	0.116518911893	0.13131580058	0.111221572722	0.133766115886	0.124552657366	0.118883314014	0.148437051685	0.14293794814	0.148991433201	0.117752163443	0.125902182761	0.124699738542	0.124031814735	0.14590357235	0.132143795229	0.124826777908	0.131648703872	0.119021145107	0.122175393802	0.130547141394	0.129637620309	0.133475660134	0.128252540692	0.138126731272	0.140042970192	0.138095314173	0.11582579362	0.113978453803	0.115466199317	0.11896242333	0.140985953696	0.103471126936	0.101878067089	0.10766259698	0.120128634703	0.115172381414	0.134925029184	0.128381814717	0.121553692947	0.154137073781	0.125079883101	0.130183019379	0.11827734917	0.106042453678	0.135999539993	0.110590039069	0.127953685205	0.12996859401	0.134233035592	0.136503565104	0.140965253888	0.11157978849
CCIS16383318ST-4-0.snv.bam	0.132598250974	0.132164214316	0.136192034192	0.135963847067	0.113055854926	0.11408260709	0.110963128714	0.109964751304	0.128765393243	0.118128846477	0.0	0.0958523535356	0.111161787177	0.131297832551	0.114626047432	0.114013667995	0.118722166513	0.107250384545	0.108814426057	0.126689598243	0.098823764151	0.0989761600681	0.0980428066026	0.114118023824	0.114876673492	0.1040804003	0.09426147117	0.110754761407	0.106833066576	0.0777048429768	0.115259940562	0.101221754343	0.118687741937	0.11884296924	0.104555960439	0.121973173753	0.124540386797	0.102308285671	0.103750835873	0.123785335799	0.103598365237	0.106739568017	0.120577560558	0.111341547469	0.107383273756	0.116631172688	0.116871001307	0.117185263722	0.106152692891	0.103093581449	0.0969507123599	0.104811554364	0.133088756362	0.134640743053	0.105737577966	0.110847207175	0.0917528090606	0.113600724644	0.125137234552	0.126761432143	0.114802813475	0.121449372164	0.106294376321	0.113342943938	0.132495675022	0.130920415307	0.113716736198	0.109468690458	0.115428201826	0.116405285655	0.122715169652	0.102078650538	0.101414564273	0.11747539822	0.113915921065	0.133279168434	0.106991247307	0.109015251903	0.105054258862	0.118905197298	0.123177728685	0.119581976682	0.119568255431	0.122984203323	0.137788398814	0.0983473591571	0.126895386384	0.0831716968751	0.110268024574	0.114326139851	0.104536745749	0.11097015338	0.117631172865	0.102016249686	0.119831694099	0.123762714513	0.0969853738332
CCIS34604008ST-4-0.snv.bam	0.118552392034	0.118127001495	0.1151828603	0.115079223701	0.0996932515337	0.104731794438	0.102492971824	0.101772150381	0.130587518071	0.120887042298	0.0958523535356	0.0	0.100461371347	0.118456063168	0.104614307901	0.0817103109656	0.128808240644	0.10719047619	0.112346868825	0.121863799283	0.117765123226	0.117949237208	0.112685885085	0.0980676739205	0.0970545047781	0.0938419383056	0.109981948672	0.0920797871448	0.0862670668656	0.105530033211	0.114824227022	0.101628841192	0.109889261734	0.0932193369222	0.100671465266	0.122181676033	0.0966592335447	0.112820612106	0.117674846373	0.100583922256	0.0914597383947	0.106167997002	0.106647199855	0.108883477633	0.0987120999905	0.100967481743	0.108651277048	0.105444789952	0.115286570709	0.0910935510173	0.0985991807402	0.119012975528	0.128593135068	0.119387467396	0.0838939144737	0.095394176741	0.103826156052	0.108382144172	0.115249480231	0.113541524888	0.10127725916	0.110725771296	0.102358365116	0.103980623368	0.121903407114	0.118006800701	0.105761008776	0.108230946766	0.114478368294	0.116863617783	0.107390161029	0.0934576168317	0.0972743518004	0.110382974784	0.0978681074129	0.125032836616	0.095289244465	0.100297846602	0.0910569471594	0.108851775454	0.106041677495	0.0952617234324	0.106088277507	0.120160501588	0.125190178348	0.0763600167147	0.116133897602	0.0981487746614	0.0800573200793	0.114486604178	0.100729047023	0.0992059449202	0.0972853200541	0.115866749857	0.10458103929	0.108720225929	0.0803271804862
CCIS41548810ST-4-0.snv.bam	0.101392519085	0.100868910796	0.129678537721	0.129439037995	0.100036722761	0.118920013169	0.117614024337	0.116837734878	0.129990854062	0.122685396175	0.111161787177	0.100461371347	0.0	0.129462628888	0.105612342116	0.101508626449	0.130234390955	0.12869137348	0.11225939309	0.132319860539	0.113769055569	0.11251904588	0.109527833005	0.116581926458	0.116147928235	0.0980623928055	0.119141593574	0.110731224019	0.106771822846	0.111843441286	0.126404695177	0.099893650893	0.114479446227	0.121329716235	0.109124385514	0.125364579496	0.123459167656	0.12289710776	0.117092381639	0.124929009293	0.109247792626	0.115790178399	0.119741539312	0.115064752339	0.11541335728	0.109576853985	0.128394702663	0.116027666793	0.12062983607	0.108874855783	0.109151981104	0.122227385193	0.145589634107	0.132714359018	0.100905349695	0.113123923515	0.0995556202581	0.102087026293	0.125355521419	0.126944784779	0.116909917277	0.1145137199	0.113230577709	0.104380666441	0.113735156285	0.110785818372	0.11396535622	0.113938568745	0.122300032725	0.124490863052	0.127757704685	0.104352807232	0.0999967924361	0.127729302096	0.11155873777	0.131093764472	0.110417716453	0.107684681652	0.106154872833	0.121188317536	0.113120895423	0.110538629285	0.116485798955	0.118539680727	0.135631669027	0.105043332852	0.110236893596	0.104542311377	0.108131767711	0.136027914087	0.115872049918	0.101923156614	0.124516450172	0.121099136931	0.12656855254	0.129580512445	0.104807328506
CCIS45793747ST-4-0.snv.bam	0.116116052564	0.115580164577	0.135262054598	0.135054617474	0.121404503926	0.130708783778	0.125634976604	0.124753468517	0.125600057485	0.134153748969	0.131297832551	0.118456063168	0.129462628888	0.0	0.119366873206	0.118568312382	0.138004760562	0.12889150494	0.125929657017	0.139298932254	0.138156706799	0.13835454039	0.141682320892	0.124477819919	0.122064244977	0.125308043624	0.131552695008	0.123202398537	0.126159855058	0.131230723561	0.138216902127	0.118899662934	0.134831730783	0.127981130973	0.119540418057	0.135857968272	0.121434836319	0.13297297191	0.134224715237	0.126271791669	0.122995251165	0.121523029656	0.131127119804	0.128341343612	0.106440540376	0.137898322932	0.118066749363	0.111250309403	0.136278664087	0.119098019585	0.127335440809	0.134946855011	0.141151818165	0.147310588526	0.111880713196	0.133632452107	0.131524907584	0.111504391707	0.141498158486	0.125943543896	0.126889571195	0.113350376221	0.1132858828	0.129995746659	0.131651168556	0.130021986081	0.126795331798	0.125255609457	0.123674138092	0.125690273131	0.126220219809	0.13029486235	0.0981255942961	0.11540735458	0.117370753616	0.126614058146	0.103856470059	0.109004089421	0.106391971812	0.115839724443	0.110013928816	0.117339893626	0.111971287704	0.128764329102	0.138007968947	0.108669762233	0.130476125808	0.114801319346	0.11363646059	0.131032979594	0.115339213177	0.138267173522	0.130160561408	0.134753397313	0.124167424234	0.12847509465	0.106222625361
CCIS53043478ST-4-0.snv.bam	0.115966904299	0.115518620462	0.129928251626	0.129564762179	0.104808433937	0.116774840733	0.122137471438	0.121365365971	0.126528697142	0.133050200125	0.114626047432	0.104614307901	0.105612342116	0.119366873206	0.0	0.111525953977	0.134857678288	0.117561241495	0.113570475983	0.127090014705	0.125551301196	0.124573756992	0.125356186322	0.112202521043	0.109425769483	0.0993991254056	0.118050228448	0.108603513472	0.11595024286	0.123395466656	0.125248746435	0.10205692325	0.0998308085428	0.111114941025	0.11724352056	0.120813516428	0.107584003428	0.118313742392	0.117451319481	0.112512940224	0.103456075054	0.113272920055	0.117173705444	0.121654767811	0.110351523801	0.113021816345	0.115681583923	0.116060617311	0.123126794791	0.119140831833	0.107037144228	0.129399135082	0.136947750284	0.128240036256	0.0998359063857	0.117896483516	0.112231547107	0.0985736022574	0.118510004389	0.118019661657	0.122799215973	0.104720590356	0.0972388734715	0.115618199211	0.107915856788	0.106420213784	0.120869067043	0.116010892487	0.117870158839	0.118983097251	0.113935442934	0.108863366513	0.106164286506	0.116429301995	0.113051684953	0.124615336164	0.10462749604	0.105601558702	0.0992686667305	0.124873289201	0.115609974023	0.0970767348106	0.117605131199	0.116501154242	0.133642374762	0.0891268291789	0.123794937057	0.108149102908	0.104456323884	0.119123248323	0.105684787992	0.114427592726	0.128121570657	0.11793355205	0.11186487821	0.115906088269	0.102337573927
CCIS77252613ST-4-0.snv.bam	0.110789858373	0.110443795487	0.11566055846	0.115470888381	0.0959633526851	0.113788198051	0.113680679113	0.112897938666	0.128253860971	0.119948147933	0.114013667995	0.0817103109656	0.101508626449	0.118568312382	0.111525953977	0.0	0.127531253298	0.119320644991	0.112824088854	0.129947323402	0.116879095234	0.115886851985	0.117549109883	0.116087397221	0.117066704749	0.102233374902	0.123092761341	0.117038300445	0.100539287232	0.128478097206	0.139154318807	0.110959173133	0.116492900349	0.106993258282	0.109751821215	0.123630491882	0.116177222394	0.116637463769	0.119130931298	0.106122693734	0.107551085808	0.110342396974	0.116650915391	0.121723681147	0.0969965433579	0.109037548464	0.10512560181	0.106801459768	0.117907461825	0.108357902093	0.11313787567	0.13461606544	0.126230832228	0.133510554675	0.0951593872733	0.108108653688	0.102336087161	0.116672352868	0.115359790713	0.115189957813	0.105895455417	0.115281992483	0.102144633904	0.107110216611	0.117647133119	0.115998503717	0.106555629278	0.111102878573	0.118381791281	0.12058937203	0.117910021546	0.0935063332384	0.103698928944	0.112481742221	0.100435872455	0.123894596864	0.106334963708	0.104639479352	0.0998475283984	0.111806504899	0.105918212007	0.0872609095255	0.109128285328	0.112415659487	0.131820353899	0.0989068695692	0.123277534144	0.0971627929096	0.102851790779	0.115995726942	0.0984964178822	0.108201508373	0.109783970134	0.126544140407	0.115555423727	0.119967849772	0.100392225282
CCMD19497912ST-21-0.snv.bam	0.143621639456	0.143157159421	0.146092004554	0.145861297246	0.123376542721	0.139564572178	0.137538016698	0.136715630332	0.148834848983	0.145964209407	0.118722166513	0.128808240644	0.130234390955	0.138004760562	0.134857678288	0.127531253298	0.0	0.0868700223257	0.128942923686	0.101930565377	0.0850218364262	0.0863063169316	0.0952958730769	0.138605073467	0.138407700974	0.123783673416	0.145742625813	0.128455159395	0.129126958883	0.125300511412	0.103178549754	0.128931467218	0.132297616228	0.141116725887	0.124788574258	0.0944177587037	0.140197080139	0.0953740356968	0.100281932172	0.140643437043	0.128230327206	0.131485797233	0.136417254113	0.138375843712	0.138023484986	0.110884003194	0.140732986674	0.136428697199	0.106086546499	0.133235302494	0.133785435983	0.150684746292	0.102013182616	0.107447278705	0.1233960509	0.142366020441	0.127626852618	0.145599161429	0.0881724208498	0.146789911112	0.12852015909	0.136681276084	0.135811588597	0.134352939383	0.151236760148	0.148661832423	0.143247401406	0.135086985993	0.142627769343	0.144754079745	0.13153229848	0.134365962498	0.13027675914	0.146898140647	0.137464584239	0.157596976899	0.123176965223	0.131421106277	0.132239589374	0.145767413582	0.136465037612	0.119314297511	0.138445961517	0.147386338889	0.156598162046	0.123159141843	0.142373452171	0.130106396922	0.132554320401	0.0727610804189	0.123761650539	0.13662036131	0.146707989006	0.107566364997	0.128605815939	0.133883131392	0.127799258897
CCMD64503764ST-21-0.snv.bam	0.133458435268	0.132985546179	0.132559734073	0.132344419639	0.10898364486	0.121840974986	0.118184723529	0.117423777734	0.134124605625	0.133444880603	0.107250384545	0.10719047619	0.12869137348	0.12889150494	0.117561241495	0.119320644991	0.0868700223257	0.0	0.111834594837	0.0835814816162	0.0657585962425	0.0680879149045	0.0722452155333	0.130746981769	0.12887326485	0.115329978808	0.127529753161	0.113669312107	0.121070764131	0.11364893676	0.0773687709435	0.115683825173	0.125207967555	0.126206939326	0.107503608805	0.0912766166908	0.128792320225	0.0814149036184	0.0771036118059	0.120236957858	0.108874074704	0.126659275525	0.131593444463	0.116875430026	0.120693501714	0.115119871812	0.126719116531	0.124103281459	0.0908007586252	0.105972101695	0.115563743202	0.128646888487	0.0801678290306	0.0852249479009	0.111213485226	0.128641313181	0.110371799311	0.131712559241	0.0876270669561	0.126350132002	0.115411996573	0.119141229633	0.116175475478	0.121902327284	0.12864797692	0.127326389941	0.120174637556	0.123569584619	0.127387975954	0.129850504761	0.125644333981	0.123004671747	0.114514858338	0.128476270269	0.129556053535	0.146374283743	0.115631389674	0.114019985772	0.114904126212	0.136770932205	0.128332763178	0.122594858907	0.120383450207	0.133878394943	0.140847557389	0.108176992112	0.128785577347	0.101653301541	0.117553257795	0.0742920086115	0.106710782837	0.114948115811	0.119485766584	0.0834094737482	0.122721734851	0.126852823808	0.10909138521
CCMD87156761ST-21-0.snv.bam	0.104767331236	0.104319867666	0.136388007179	0.136028143943	0.108483082588	0.117676620469	0.101936910965	0.102234048424	0.138939740326	0.137025712353	0.108814426057	0.112346868825	0.11225939309	0.125929657017	0.113570475983	0.112824088854	0.128942923686	0.111834594837	0.0	0.114402451933	0.106993002948	0.106004226983	0.107369678675	0.113223707544	0.109298070381	0.0899537560052	0.117955137392	0.105074067546	0.104553081103	0.110710543292	0.115460236938	0.0847053212572	0.0997411668888	0.103265385022	0.105589955315	0.121723019823	0.108799367947	0.120995651264	0.118315861351	0.118267132316	0.0890157892952	0.110055591812	0.114994155705	0.0953373655501	0.100553706135	0.105018296791	0.101220781805	0.103919978373	0.118234134552	0.0829580913019	0.110190682585	0.1278590965	0.12323773412	0.128913299809	0.0892243631796	0.109820322751	0.0915527626975	0.109019522127	0.125017301171	0.118974132229	0.125029237767	0.103200507088	0.107276229852	0.108784659375	0.122092012807	0.125367040062	0.110541056757	0.129526317205	0.110870070367	0.111701251485	0.114936060119	0.0931234870192	0.0979434028964	0.115228690804	0.11727789308	0.127642139538	0.10923618731	0.10739824211	0.105030759083	0.116682898186	0.114188567086	0.106074902318	0.110770277536	0.116226261733	0.124303693974	0.11195575227	0.110335717965	0.104575418385	0.103538577816	0.122288336066	0.111631902505	0.105463966002	0.122221164558	0.121159208367	0.110316416278	0.114620210093	0.106965507324
CCMD88272491ST-21-0.snv.bam	0.135981951579	0.135526009224	0.142878252304	0.142606258397	0.111901015324	0.13269274665	0.117532798682	0.116697579894	0.152404679151	0.141473857687	0.126689598243	0.121863799283	0.132319860539	0.139298932254	0.127090014705	0.129947323402	0.101930565377	0.0835814816162	0.114402451933	0.0	0.0908556093364	0.0909988464549	0.0925770051914	0.135525832219	0.13743205992	0.130651972002	0.142583586267	0.122811255319	0.126991699899	0.135665846502	0.0963185893668	0.11157455454	0.121045871104	0.126721061392	0.125016963965	0.0930094030031	0.134592643355	0.0931795026406	0.0935410928875	0.11817517361	0.118212471588	0.125963698519	0.131872761245	0.114146805406	0.130194771022	0.107504421852	0.126009908958	0.131772971016	0.0888616156813	0.112001463194	0.123538332002	0.153196937925	0.0840824885543	0.0892956136365	0.117606715692	0.123313546304	0.124278677137	0.137772972173	0.0820848407906	0.131252798512	0.119048943552	0.122497405418	0.128950221945	0.121162243049	0.132507187718	0.129808204013	0.13555650066	0.115018597771	0.141410831698	0.143674733193	0.126021728778	0.123361610339	0.129263384578	0.132271397199	0.141039109574	0.142962045359	0.119555527195	0.122823980561	0.118652529218	0.139082661109	0.13664864454	0.1272651227	0.121921333408	0.128448509497	0.139857867117	0.120941194071	0.12806020939	0.11931340807	0.122731991847	0.0930339089725	0.116361204544	0.121082455803	0.131122175332	0.0853412408991	0.123839640232	0.127189947241	0.123242090302
M1.4-V2.metaG.snv.bam	0.132465082633	0.132016673938	0.14871012575	0.148512672203	0.118341432108	0.132646176652	0.126327212107	0.125328653575	0.146983909326	0.139397630083	0.098823764151	0.117765123226	0.113769055569	0.138156706799	0.125551301196	0.116879095234	0.0850218364262	0.0657585962425	0.106993002948	0.0908556093364	0.0	0.000127662930431	0.000237087615729	0.133144244666	0.132405265466	0.117538052101	0.125362630568	0.111182859989	0.117481982957	0.113435468843	0.0840326762778	0.102345790175	0.121729792186	0.133165269288	0.103437925156	0.0815071764938	0.136943750551	0.070428231049	0.0716295811829	0.131541903049	0.110452245029	0.123222594585	0.129529760363	0.115503876595	0.128798247405	0.115572672766	0.128487557668	0.121490536097	0.0854292816325	0.105758080021	0.122303412271	0.130771466972	0.089731586593	0.0974153536887	0.106768665058	0.121754549043	0.110098810119	0.122104122689	0.105939188965	0.135630982159	0.128400837966	0.123804957391	0.129958909412	0.121767034715	0.135842590091	0.134163098317	0.132692664369	0.115379262477	0.130380314749	0.132837196737	0.131419778122	0.120670040618	0.117872745968	0.132069131252	0.133069589237	0.140918780032	0.119156900894	0.108818484348	0.11120462628	0.125439288387	0.129543103511	0.12715179709	0.119193464646	0.13173859731	0.142215829819	0.101032717549	0.124329504771	0.118561914211	0.12913072882	0.096653161021	0.113092378136	0.122852891986	0.129797811723	0.0804536156959	0.12848481185	0.133903241024	0.108592278995
M1.4-V3.metaG.snv.bam	0.131507821745	0.13105889823	0.147805883211	0.147573835643	0.119289205972	0.132844752857	0.126511645166	0.12551172531	0.147193104456	0.139605571959	0.0989761600681	0.117949237208	0.11251904588	0.13835454039	0.124573756992	0.115886851985	0.0863063169316	0.0680879149045	0.106004226983	0.0909988464549	0.000127662930431	0.0	0.000251694665488	0.132187763528	0.131399434283	0.116520424686	0.124277421011	0.111349270487	0.117656829971	0.113607226314	0.0865465955408	0.100233622626	0.121909549962	0.13235892277	0.103718387317	0.0815469886209	0.137141096718	0.0716247133218	0.0729001447058	0.129406050415	0.10946744978	0.123405345782	0.130891927159	0.114471430673	0.128988597441	0.113499681164	0.127659944831	0.121780753968	0.0855664392452	0.104766742191	0.12361542001	0.13096594942	0.0933218075934	0.0974544285542	0.105469623919	0.120774868339	0.107945514868	0.122287925527	0.106105498338	0.134672956398	0.126399154547	0.123818622667	0.128977359639	0.120795259937	0.134831144627	0.13320778693	0.131731249546	0.115550884969	0.129490589163	0.131953459538	0.129313211488	0.120847547198	0.11686518472	0.131094633372	0.133327476255	0.140057563163	0.119340255312	0.109123949296	0.110203414699	0.124467265233	0.129731241514	0.126185106399	0.119369072165	0.133081338417	0.140090926427	0.10118872843	0.125659114631	0.11757966925	0.129320137439	0.0968041029709	0.112119646489	0.121876750291	0.129986896689	0.0804924210796	0.126347888008	0.13175764843	0.107578511811
M1.4-V3.metaT.snv.bam	0.134607117058	0.134355783597	0.149931334344	0.149769329577	0.120529532541	0.136690785726	0.130375685398	0.129428497557	0.142365038709	0.148319544267	0.0980428066026	0.112685885085	0.109527833005	0.141682320892	0.125356186322	0.117549109883	0.0952958730769	0.0722452155333	0.107369678675	0.0925770051914	0.000237087615729	0.000251694665488	0.0	0.127577626744	0.126653298221	0.112655903767	0.130072226391	0.115039070075	0.12258755091	0.120011791524	0.0888840045429	0.104420796218	0.122104204032	0.13959224457	0.100470663474	0.0844089817138	0.139742796714	0.0728614383427	0.0789409192982	0.135554663711	0.114513709548	0.129268398327	0.136238299377	0.112752665202	0.127515412373	0.111047299922	0.136363595501	0.11986860569	0.0902275589534	0.100405396321	0.126145046785	0.137440518219	0.100599538155	0.100889999249	0.109099602851	0.130988194767	0.107862628515	0.127658293388	0.115727279916	0.136587627791	0.127575121629	0.12831575085	0.138142408078	0.124805608162	0.14041594515	0.136695377082	0.130491238233	0.11333954028	0.135495759345	0.137141075696	0.126726147979	0.126418174345	0.109540111268	0.129825401963	0.132742929935	0.139535949215	0.11641553273	0.111219359539	0.112216241564	0.118992494656	0.132509995335	0.132428016891	0.120220177363	0.139301383381	0.139233567868	0.101277563571	0.128053560998	0.1239632007	0.137884229581	0.110153486103	0.121469147203	0.129041303562	0.126168553987	0.0757889014647	0.124403288384	0.130056723407	0.11020067383
M4.2-V2.metaG.snv.bam	0.121280798984	0.120815942087	0.128188286167	0.127942684988	0.107092018342	0.108185820132	0.10167270221	0.100851944997	0.133057536671	0.126868126704	0.114118023824	0.0980676739205	0.116581926458	0.124477819919	0.112202521043	0.116087397221	0.138605073467	0.130746981769	0.113223707544	0.135525832219	0.133144244666	0.132187763528	0.127577626744	0.0	0.000338901814424	0.0980059810915	0.112124550428	0.103866621562	0.104394480226	0.117245933042	0.141595304544	0.0985850103244	0.122048584521	0.113123206319	0.121365096909	0.137551317259	0.104182391732	0.126174130252	0.129322197257	0.12134869184	0.0945227297404	0.104214371025	0.103385880846	0.116331237967	0.112924100004	0.110448192271	0.113345333459	0.10965640441	0.140412308536	0.103095860307	0.117894124281	0.134548722117	0.139652183946	0.1331758468	0.0879549845322	0.0971772393865	0.101775919569	0.118035929236	0.12921509843	0.12769519939	0.113131752909	0.109899145088	0.106261496757	0.115288971339	0.121789377297	0.121804558664	0.107337015394	0.131542890309	0.120991547207	0.121807995318	0.120805267905	0.106407677461	0.110466697096	0.119583072449	0.115876485345	0.137531841359	0.112661687251	0.112192035157	0.107180881255	0.123239644454	0.113031253059	0.116053553748	0.116084082736	0.111537664541	0.124169656489	0.106146716603	0.124544288724	0.107849325987	0.0897428760949	0.131107102192	0.105278056185	0.115243342456	0.126448316332	0.128746610795	0.11800559722	0.123491085223	0.103465907004
M4.2-V2.metaT.snv.bam	0.123577075554	0.123151240793	0.126223606602	0.126002143328	0.106358863001	0.105139913883	0.0982814752877	0.0975049239928	0.132532190904	0.12377755586	0.114876673492	0.0970545047781	0.116147928235	0.122064244977	0.109425769483	0.117066704749	0.138407700974	0.12887326485	0.109298070381	0.13743205992	0.132405265466	0.131399434283	0.126653298221	0.000338901814424	0.0	0.0994256060271	0.113417036833	0.100568168006	0.104932660106	0.116564227466	0.141994807526	0.101033925224	0.118558006567	0.112900094046	0.119064514193	0.138478997403	0.10319569042	0.12635145926	0.130943384785	0.115730029662	0.0955906410884	0.102062553892	0.103673523797	0.115704125407	0.114900537474	0.11115245888	0.109352196397	0.108769685088	0.140283937999	0.10103562371	0.119539765173	0.134198136345	0.138129034197	0.133670550447	0.0836811434864	0.0962194432654	0.100792471798	0.11871241201	0.130711992166	0.129144205912	0.11145500548	0.111164279216	0.104380783201	0.116151908088	0.121364156249	0.120624166906	0.106643686307	0.132084448411	0.119817478774	0.120727736238	0.123379718118	0.108017688176	0.10998313672	0.120702141867	0.117941581265	0.138366303274	0.113445787299	0.111626307566	0.108861560155	0.124532663011	0.114656800615	0.118070668297	0.116046858039	0.111094839919	0.125430130494	0.105441808138	0.124747632875	0.106251550625	0.0907509708559	0.131672367195	0.104595269747	0.117314410755	0.129097822212	0.130312132267	0.120488590391	0.12627440647	0.103924984687
