	765074482-stool2.snv.bam	809635352-stool2.snv.bam	BGI089A.snv.bam	BYQ_AAAQ.snv.bam	BYQ_AAAZ.snv.bam	CCIS09568613ST-4-0.snv.bam	CCIS48725289ST-4-0.snv.bam	CCIS62605362ST-3-0.snv.bam	CCIS90164298ST-4-0.snv.bam	CCMD90311071ST-21-0.snv.bam	MH0192.snv.bam	MH0227.snv.bam	MH0289.snv.bam	MH0292.snv.bam	MH0336.snv.bam	MH0446.snv.bam	MH0456.snv.bam	MMRS25211151ST-27-0-0.snv.bam	MMRS94549160ST-27-0-0.snv.bam	N009A.snv.bam	N046A.snv.bam	NG-5636_121.snv.bam	NG-5636_155.snv.bam	NG-5636_268.snv.bam	NG-5636_384.snv.bam	NG-5636_462.snv.bam	O2.UC37-1.snv.bam	SZEY-37A.snv.bam	SZEY-69A.snv.bam	T2D-103A.snv.bam	T2D-6A.snv.bam
765074482-stool2.snv.bam	0.0	0.279202469748	0.282004937786	0.192215972523	0.192935685467	0.186657381508	0.265769729312	0.285411354885	0.286836027145	0.259867280844	0.285839253299	0.287128939014	0.279539467976	0.185264475251	0.286227691083	0.280575359691	0.275737056944	0.17773561704	0.15312221211	0.312360221088	0.307205353417	0.265527570113	0.279803150955	0.262928462657	0.250246782112	0.28668141417	0.296291324424	0.276945675421	0.314961302087	0.302011786417	0.286389258862
809635352-stool2.snv.bam	0.279202469748	0.0	0.215414041061	0.289824085317	0.291019493218	0.265848153483	0.152264493306	0.118901717502	0.0973461230955	0.22703127511	0.0978584525841	0.137301186519	0.115535362647	0.293588906797	0.140853965927	0.232843630157	0.208680014161	0.267347512131	0.284211459719	0.269065727075	0.258785708394	0.20138639392	0.0263062224646	0.209493794495	0.137471707086	0.0980594417359	0.0997169725711	0.183173862242	0.220605021436	0.216452087916	0.163089811006
BGI089A.snv.bam	0.282004937786	0.215414041061	0.0	0.310299264338	0.31067651795	0.275658534553	0.261537077773	0.22029049654	0.217346081389	0.196833809597	0.218279082757	0.25218643675	0.23126889264	0.2886952583	0.253330819507	0.267670517662	0.258112891766	0.26960895545	0.289274638832	0.208317573412	0.236041227159	0.236199528441	0.212330711616	0.243990461795	0.234748218917	0.213099421118	0.20963399266	0.219459488933	0.197907720665	0.223503889115	0.256526122688
BYQ_AAAQ.snv.bam	0.192215972523	0.289824085317	0.310299264338	0.0	0.000942351139528	0.196852476499	0.292636519439	0.293898412698	0.300753636725	0.271233589497	0.29937637934	0.308043320766	0.287511301767	0.220645892359	0.307389937107	0.316621824168	0.299508915729	0.175637393768	0.152112676056	0.31305785124	0.287762702847	0.289807162534	0.290664522779	0.293142071437	0.283428853755	0.300110392683	0.297140624641	0.306101531085	0.335532625096	0.322983150183	0.29958489872
BYQ_AAAZ.snv.bam	0.192935685467	0.291019493218	0.31067651795	0.000942351139528	0.0	0.199129977744	0.294441002159	0.294894008093	0.302298216719	0.27310501268	0.300640992748	0.309345854113	0.2885689991	0.222442964154	0.309372629209	0.317724611225	0.300990933187	0.178149895542	0.15282908177	0.316774007509	0.288938378033	0.291016412863	0.292025584781	0.294452932688	0.284956540508	0.301670759951	0.298250103946	0.307838096086	0.335780376057	0.323529725455	0.300921677918
CCIS09568613ST-4-0.snv.bam	0.186657381508	0.265848153483	0.275658534553	0.196852476499	0.199129977744	0.0	0.26821117093	0.307107993395	0.292276345338	0.262064896327	0.293797937073	0.259642661103	0.279137954195	0.233302221645	0.26107047676	0.272184255935	0.256330467018	0.200062434612	0.178561667935	0.288969887958	0.27051185509	0.233330384435	0.271589959202	0.230572139175	0.233792019076	0.291820122302	0.268160410202	0.271117305497	0.308221636444	0.299007930376	0.275140218065
CCIS48725289ST-4-0.snv.bam	0.265769729312	0.152264493306	0.261537077773	0.292636519439	0.294441002159	0.26821117093	0.0	0.199691712756	0.193518617089	0.209806479243	0.195102373135	0.086124740562	0.190536820516	0.254225257092	0.0861824996433	0.25181746435	0.216033727714	0.259243186787	0.290091692455	0.311101577594	0.294432445753	0.219773833366	0.170050828189	0.240894248513	0.119830005568	0.194993101075	0.234066525007	0.222056626982	0.27596297462	0.254801005791	0.122319700495
CCIS62605362ST-3-0.snv.bam	0.285411354885	0.118901717502	0.22029049654	0.293898412698	0.294894008093	0.307107993395	0.199691712756	0.0	0.0220698536527	0.236494823025	0.0220769530034	0.19813443061	0.0413784064419	0.287470976772	0.199862391193	0.282681960071	0.275805325356	0.24353645413	0.263310465429	0.329598749689	0.314968828757	0.242052590267	0.125340915242	0.260561197762	0.195494667934	0.0221142467682	0.113296350538	0.224725007528	0.243413148848	0.23724585206	0.210535349322
CCIS90164298ST-4-0.snv.bam	0.286836027145	0.0973461230955	0.217346081389	0.300753636725	0.302298216719	0.292276345338	0.193518617089	0.0220698536527	0.0	0.226580008493	0.00112167179346	0.181881343164	0.0200698679783	0.299840954904	0.182590257777	0.263206861764	0.256110851936	0.250741385831	0.275927798424	0.308411019029	0.294728930632	0.222694157284	0.104020946376	0.241179635028	0.17961412637	0.000379175834519	0.0942453964007	0.203324742031	0.234886667513	0.229265373682	0.194413022172
CCMD90311071ST-21-0.snv.bam	0.259867280844	0.22703127511	0.196833809597	0.271233589497	0.27310501268	0.262064896327	0.209806479243	0.236494823025	0.226580008493	0.0	0.228209163108	0.185698468683	0.224347578854	0.281537750589	0.189417797158	0.177186469273	0.22448453961	0.237783705962	0.262818898959	0.266754519303	0.271784160451	0.196418562479	0.213004554399	0.206118468544	0.218140125596	0.224933369121	0.219434976921	0.237494294182	0.202785176229	0.213185804457	0.231080905506
MH0192.snv.bam	0.285839253299	0.0978584525841	0.218279082757	0.29937637934	0.300640992748	0.293797937073	0.195102373135	0.0220769530034	0.00112167179346	0.228209163108	0.0	0.182447773784	0.0204799107166	0.300717448948	0.1835933186	0.263132873313	0.257187789321	0.252030498224	0.274693387742	0.308714717522	0.295863538618	0.223679129595	0.104711980348	0.242368390549	0.180130235436	0.000749484333503	0.0925249366369	0.204006977059	0.235675227954	0.22992321666	0.195498338794
MH0227.snv.bam	0.287128939014	0.137301186519	0.25218643675	0.308043320766	0.309345854113	0.259642661103	0.086124740562	0.19813443061	0.181881343164	0.185698468683	0.182447773784	0.0	0.179426023279	0.3178554094	0.000982757230823	0.181851719125	0.201264876466	0.284122262006	0.2980402322	0.279602448567	0.260118680672	0.177060547567	0.13405936705	0.199292959292	0.033699102172	0.183081677985	0.198431707767	0.18305189127	0.242711862046	0.211236550951	0.0754617430768
MH0289.snv.bam	0.279539467976	0.115535362647	0.23126889264	0.287511301767	0.2885689991	0.279137954195	0.190536820516	0.0413784064419	0.0200698679783	0.224347578854	0.0204799107166	0.179426023279	0.0	0.285579915841	0.18055205397	0.276714577683	0.248776343233	0.237413764077	0.25986751384	0.305117629396	0.294670941227	0.214726029531	0.123263891638	0.233381693698	0.176990406544	0.0201649765778	0.113295546008	0.201388705883	0.243800531459	0.241977328648	0.191599577483
MH0292.snv.bam	0.185264475251	0.293588906797	0.2886952583	0.220645892359	0.222442964154	0.233302221645	0.254225257092	0.287470976772	0.299840954904	0.281537750589	0.300717448948	0.3178554094	0.285579915841	0.0	0.319388855048	0.317709750297	0.296138005421	0.178957726594	0.179147377518	0.315595743429	0.298051998843	0.28880131034	0.300605582928	0.294779852263	0.289451111957	0.296917223229	0.31769972959	0.315775882795	0.307508976539	0.300367158668	0.298359826438
MH0336.snv.bam	0.286227691083	0.140853965927	0.253330819507	0.307389937107	0.309372629209	0.26107047676	0.0861824996433	0.199862391193	0.182590257777	0.189417797158	0.1835933186	0.000982757230823	0.18055205397	0.319388855048	0.0	0.186173621414	0.202851755119	0.285833333333	0.297261904762	0.282418218886	0.262411133467	0.175671296296	0.137565043124	0.198264180918	0.0336975445512	0.184055378908	0.199696185835	0.184599018644	0.247942003029	0.213003416834	0.0758103355096
MH0446.snv.bam	0.280575359691	0.232843630157	0.267670517662	0.316621824168	0.317724611225	0.272184255935	0.25181746435	0.282681960071	0.263206861764	0.177186469273	0.263132873313	0.181851719125	0.276714577683	0.317709750297	0.186173621414	0.0	0.255980439211	0.272884292288	0.286290706759	0.281564410553	0.2794228147	0.218839501409	0.225216672586	0.23517272902	0.196103043161	0.262235593575	0.250452091509	0.276072907061	0.21279189534	0.214179375897	0.258465684418
MH0456.snv.bam	0.275737056944	0.208680014161	0.258112891766	0.299508915729	0.300990933187	0.256330467018	0.216033727714	0.275805325356	0.256110851936	0.22448453961	0.257187789321	0.201264876466	0.248776343233	0.296138005421	0.202851755119	0.255980439211	0.0	0.255003780404	0.294663837061	0.252389299606	0.239549931978	0.0866806948943	0.219129258566	0.0680482333907	0.191350300077	0.255209719139	0.23893561398	0.183421518765	0.276746831897	0.259133286284	0.191395899973
MMRS25211151ST-27-0-0.snv.bam	0.17773561704	0.267347512131	0.26960895545	0.175637393768	0.178149895542	0.200062434612	0.259243186787	0.24353645413	0.250741385831	0.237783705962	0.252030498224	0.284122262006	0.237413764077	0.178957726594	0.285833333333	0.272884292288	0.255003780404	0.0	0.140718562874	0.276294591484	0.278988271867	0.250574712644	0.268359310853	0.24445696186	0.251590254126	0.249832887701	0.283560417513	0.27463426043	0.280439334457	0.281911778362	0.266415728388
MMRS94549160ST-27-0-0.snv.bam	0.15312221211	0.284211459719	0.289274638832	0.152112676056	0.15282908177	0.178561667935	0.290091692455	0.263310465429	0.275927798424	0.262818898959	0.274693387742	0.2980402322	0.25986751384	0.179147377518	0.297261904762	0.286290706759	0.294663837061	0.140718562874	0.0	0.313475591932	0.290857708068	0.274635568513	0.29095818091	0.282190457478	0.265999476028	0.272560160428	0.29756284568	0.301279346504	0.290059621167	0.294216823143	0.290056847364
N009A.snv.bam	0.312360221088	0.269065727075	0.208317573412	0.31305785124	0.316774007509	0.288969887958	0.311101577594	0.329598749689	0.308411019029	0.266754519303	0.308714717522	0.279602448567	0.305117629396	0.315595743429	0.282418218886	0.281564410553	0.252389299606	0.276294591484	0.313475591932	0.0	0.087069912758	0.233984706882	0.251412017705	0.241436813467	0.262828282828	0.307498279776	0.288536647832	0.231003864151	0.270243796446	0.2968638791	0.281856271374
N046A.snv.bam	0.307205353417	0.258785708394	0.236041227159	0.287762702847	0.288938378033	0.27051185509	0.294432445753	0.314968828757	0.294728930632	0.271784160451	0.295863538618	0.260118680672	0.294670941227	0.298051998843	0.262411133467	0.2794228147	0.239549931978	0.278988271867	0.290857708068	0.087069912758	0.0	0.221784345922	0.242402709374	0.232576478867	0.244427112076	0.294006229943	0.276560933647	0.238681436361	0.275501684486	0.320619728976	0.254820403637
NG-5636_121.snv.bam	0.265527570113	0.20138639392	0.236199528441	0.289807162534	0.291016412863	0.233330384435	0.219773833366	0.242052590267	0.222694157284	0.196418562479	0.223679129595	0.177060547567	0.214726029531	0.28880131034	0.175671296296	0.218839501409	0.0866806948943	0.250574712644	0.274635568513	0.233984706882	0.221784345922	0.0	0.195718737045	0.0169453152212	0.163004838299	0.221709457264	0.23145358452	0.166675912122	0.270465496915	0.242060137665	0.203735284294
NG-5636_155.snv.bam	0.279803150955	0.0263062224646	0.212330711616	0.290664522779	0.292025584781	0.271589959202	0.170050828189	0.125340915242	0.104020946376	0.213004554399	0.104711980348	0.13405936705	0.123263891638	0.300605582928	0.137565043124	0.225216672586	0.219129258566	0.268359310853	0.29095818091	0.251412017705	0.242402709374	0.195718737045	0.0	0.203995900427	0.133722055464	0.104475149321	0.0775659695005	0.179273377179	0.217778093772	0.210792461226	0.16007544426
NG-5636_268.snv.bam	0.262928462657	0.209493794495	0.243990461795	0.293142071437	0.294452932688	0.230572139175	0.240894248513	0.260561197762	0.241179635028	0.206118468544	0.242368390549	0.199292959292	0.233381693698	0.294779852263	0.198264180918	0.23517272902	0.0680482333907	0.24445696186	0.282190457478	0.241436813467	0.232576478867	0.0169453152212	0.203995900427	0.0	0.186543473172	0.240182409984	0.233657235019	0.181221428061	0.278081041286	0.249538306444	0.223007552384
NG-5636_384.snv.bam	0.250246782112	0.137471707086	0.234748218917	0.283428853755	0.284956540508	0.233792019076	0.119830005568	0.195494667934	0.17961412637	0.218140125596	0.180130235436	0.033699102172	0.176990406544	0.289451111957	0.0336975445512	0.196103043161	0.191350300077	0.251590254126	0.265999476028	0.262828282828	0.244427112076	0.163004838299	0.133722055464	0.186543473172	0.0	0.180819187224	0.199088131814	0.167346827705	0.251757189656	0.216909341787	0.0762680528305
NG-5636_462.snv.bam	0.28668141417	0.0980594417359	0.213099421118	0.300110392683	0.301670759951	0.291820122302	0.194993101075	0.0221142467682	0.000379175834519	0.224933369121	0.000749484333503	0.183081677985	0.0201649765778	0.296917223229	0.184055378908	0.262235593575	0.255209719139	0.249832887701	0.272560160428	0.307498279776	0.294006229943	0.221709457264	0.104475149321	0.240182409984	0.180819187224	0.0	0.0922566358379	0.204800796122	0.233721084171	0.228050414279	0.195906897105
O2.UC37-1.snv.bam	0.296291324424	0.0997169725711	0.20963399266	0.297140624641	0.298250103946	0.268160410202	0.234066525007	0.113296350538	0.0942453964007	0.219434976921	0.0925249366369	0.198431707767	0.113295546008	0.31769972959	0.199696185835	0.250452091509	0.23893561398	0.283560417513	0.29756284568	0.288536647832	0.276560933647	0.23145358452	0.0775659695005	0.233657235019	0.199088131814	0.0922566358379	0.0	0.231118136711	0.222105069752	0.217409778838	0.213838067189
SZEY-37A.snv.bam	0.276945675421	0.183173862242	0.219459488933	0.306101531085	0.307838096086	0.271117305497	0.222056626982	0.224725007528	0.203324742031	0.237494294182	0.204006977059	0.18305189127	0.201388705883	0.315775882795	0.184599018644	0.276072907061	0.183421518765	0.27463426043	0.301279346504	0.231003864151	0.238681436361	0.166675912122	0.179273377179	0.181221428061	0.167346827705	0.204800796122	0.231118136711	0.0	0.277310413001	0.254220740188	0.180073194729
SZEY-69A.snv.bam	0.314961302087	0.220605021436	0.197907720665	0.335532625096	0.335780376057	0.308221636444	0.27596297462	0.243413148848	0.234886667513	0.202785176229	0.235675227954	0.242711862046	0.243800531459	0.307508976539	0.247942003029	0.21279189534	0.276746831897	0.280439334457	0.290059621167	0.270243796446	0.275501684486	0.270465496915	0.217778093772	0.278081041286	0.251757189656	0.233721084171	0.222105069752	0.277310413001	0.0	0.108426283512	0.267439485159
T2D-103A.snv.bam	0.302011786417	0.216452087916	0.223503889115	0.322983150183	0.323529725455	0.299007930376	0.254801005791	0.23724585206	0.229265373682	0.213185804457	0.22992321666	0.211236550951	0.241977328648	0.300367158668	0.213003416834	0.214179375897	0.259133286284	0.281911778362	0.294216823143	0.2968638791	0.320619728976	0.242060137665	0.210792461226	0.249538306444	0.216909341787	0.228050414279	0.217409778838	0.254220740188	0.108426283512	0.0	0.239378683175
T2D-6A.snv.bam	0.286389258862	0.163089811006	0.256526122688	0.29958489872	0.300921677918	0.275140218065	0.122319700495	0.210535349322	0.194413022172	0.231080905506	0.195498338794	0.0754617430768	0.191599577483	0.298359826438	0.0758103355096	0.258465684418	0.191395899973	0.266415728388	0.290056847364	0.281856271374	0.254820403637	0.203735284294	0.16007544426	0.223007552384	0.0762680528305	0.195906897105	0.213838067189	0.180073194729	0.267439485159	0.239378683175	0.0
