	159166850-stool2.snv.bam	764083206-stool1.snv.bam	764467579-stool3.snv.bam	BYQ_AAAI.snv.bam	BYQ_AAAP.snv.bam	BYQ_AAAY.snv.bam	BYQ_AABA.snv.bam	CCMD51864103ST-21-0.snv.bam	M1.3-V2.metaT.snv.bam	M4.1-V3.metaT.snv.bam	M4.6-V2.metaT.snv.bam	MH0211.snv.bam	MH0396.snv.bam	MH0441.snv.bam	MH0442.snv.bam	MMRS14602194ST-27-0-0.snv.bam	MMRS25641480ST-27-0-0.snv.bam	MMRS39415781ST-27-0-0.snv.bam	NG-5636_317.snv.bam	O2.UC40-1.snv.bam	V1.CD8-0-PN.snv.bam	alien-11-637-0.snv.bam	scavenger-11-0-0.snv.bam
159166850-stool2.snv.bam	0.0	0.0921305182342	0.0978886756238	0.1113243762	0.0825335892514	0.0825335892514	0.178502879079	0.113243761996	0.0978886756238	0.0786948176583	0.0671785028791	0.0575815738964	0.109404990403	0.103646833013	0.103646833013	0.188099808061	0.0767754318618	0.130518234165	0.0998080614203	0.115163147793	0.157389635317	0.149712092131	0.0940499040307
764083206-stool1.snv.bam	0.0921305182342	0.0	0.0287907869482	0.107485604607	0.0882917466411	0.0863723608445	0.168905950096	0.130518234165	0.0998080614203	0.1113243762	0.0978886756238	0.0748560460653	0.0998080614203	0.0863723608445	0.0786948176583	0.134357005758	0.0940499040307	0.0710172744722	0.0978886756238	0.130518234165	0.166986564299	0.159309021113	0.1113243762
764467579-stool3.snv.bam	0.0978886756238	0.0287907869482	0.0	0.15547024952	0.115163147793	0.115163147793	0.178502879079	0.122840690979	0.0978886756238	0.103646833013	0.0863723608445	0.0998080614203	0.0959692898273	0.0959692898273	0.0902111324376	0.149712092131	0.128598848369	0.119001919386	0.109404990403	0.134357005758	0.207293666027	0.165067178503	0.103646833013
BYQ_AAAI.snv.bam	0.1113243762	0.107485604607	0.15547024952	0.0	0.0959692898273	0.0978886756238	0.182341650672	0.157389635317	0.140115163148	0.136276391555	0.122840690979	0.0748560460653	0.153550863724	0.143953934741	0.145873320537	0.209213051823	0.0729366602687	0.124760076775	0.115163147793	0.170825335893	0.16122840691	0.157389635317	0.130518234165
BYQ_AAAP.snv.bam	0.0825335892514	0.0882917466411	0.115163147793	0.0959692898273	0.0	0.0	0.191938579655	0.145873320537	0.119001919386	0.1113243762	0.0998080614203	0.0499040307102	0.132437619962	0.109404990403	0.136276391555	0.203454894434	0.0614203454894	0.113243761996	0.122840690979	0.149712092131	0.153550863724	0.168905950096	0.0998080614203
BYQ_AAAY.snv.bam	0.0825335892514	0.0863723608445	0.115163147793	0.0978886756238	0.0	0.0	0.178502879079	0.143953934741	0.117082533589	0.109404990403	0.0978886756238	0.0537428023033	0.128598848369	0.10556621881	0.134357005758	0.199616122841	0.063339731286	0.113243761996	0.120921305182	0.142034548944	0.151631477927	0.159309021113	0.0978886756238
BYQ_AABA.snv.bam	0.178502879079	0.168905950096	0.178502879079	0.182341650672	0.191938579655	0.178502879079	0.0	0.153550863724	0.163147792706	0.163147792706	0.143953934741	0.168905950096	0.163147792706	0.170825335893	0.166986564299	0.172744721689	0.191938579655	0.207293666027	0.153550863724	0.168905950096	0.253358925144	0.115163147793	0.1113243762
CCMD51864103ST-21-0.snv.bam	0.113243761996	0.130518234165	0.122840690979	0.157389635317	0.145873320537	0.143953934741	0.153550863724	0.0	0.122840690979	0.119001919386	0.0978886756238	0.1113243762	0.122840690979	0.124760076775	0.126679462572	0.188099808061	0.149712092131	0.182341650672	0.113243761996	0.126679462572	0.21689059501	0.140115163148	0.084452975048
M1.3-V2.metaT.snv.bam	0.0978886756238	0.0998080614203	0.0978886756238	0.140115163148	0.119001919386	0.117082533589	0.163147792706	0.122840690979	0.0	0.0729366602687	0.0537428023033	0.0556621880998	0.0825335892514	0.084452975048	0.0825335892514	0.172744721689	0.0902111324376	0.130518234165	0.0767754318618	0.0959692898273	0.182341650672	0.147792706334	0.0940499040307
M4.1-V3.metaT.snv.bam	0.0786948176583	0.1113243762	0.103646833013	0.136276391555	0.1113243762	0.109404990403	0.163147792706	0.119001919386	0.0729366602687	0.0	0.0	0.0902111324376	0.0940499040307	0.1113243762	0.0671785028791	0.176583493282	0.107485604607	0.145873320537	0.084452975048	0.115163147793	0.188099808061	0.140115163148	0.084452975048
M4.6-V2.metaT.snv.bam	0.0671785028791	0.0978886756238	0.0863723608445	0.122840690979	0.0998080614203	0.0978886756238	0.143953934741	0.0978886756238	0.0537428023033	0.0	0.0	0.0767754318618	0.0710172744722	0.0921305182342	0.0575815738964	0.153550863724	0.0978886756238	0.132437619962	0.0767754318618	0.103646833013	0.178502879079	0.119001919386	0.0652591170825
MH0211.snv.bam	0.0575815738964	0.0748560460653	0.0998080614203	0.0748560460653	0.0499040307102	0.0537428023033	0.168905950096	0.1113243762	0.0556621880998	0.0902111324376	0.0767754318618	0.0	0.0882917466411	0.0806142034549	0.119001919386	0.188099808061	0.0287907869482	0.0998080614203	0.0767754318618	0.1113243762	0.124760076775	0.151631477927	0.0978886756238
MH0396.snv.bam	0.109404990403	0.0998080614203	0.0959692898273	0.153550863724	0.132437619962	0.128598848369	0.163147792706	0.122840690979	0.0825335892514	0.0940499040307	0.0710172744722	0.0882917466411	0.0	0.101727447217	0.0978886756238	0.147792706334	0.130518234165	0.149712092131	0.113243761996	0.107485604607	0.0902111324376	0.153550863724	0.0863723608445
MH0441.snv.bam	0.103646833013	0.0863723608445	0.0959692898273	0.143953934741	0.109404990403	0.10556621881	0.170825335893	0.124760076775	0.084452975048	0.1113243762	0.0921305182342	0.0806142034549	0.101727447217	0.0	0.109404990403	0.186180422265	0.0959692898273	0.143953934741	0.0959692898273	0.107485604607	0.180422264875	0.163147792706	0.0959692898273
MH0442.snv.bam	0.103646833013	0.0786948176583	0.0902111324376	0.145873320537	0.136276391555	0.134357005758	0.166986564299	0.126679462572	0.0825335892514	0.0671785028791	0.0575815738964	0.119001919386	0.0978886756238	0.109404990403	0.0	0.174664107486	0.147792706334	0.153550863724	0.109404990403	0.122840690979	0.203454894434	0.147792706334	0.0940499040307
MMRS14602194ST-27-0-0.snv.bam	0.188099808061	0.134357005758	0.149712092131	0.209213051823	0.203454894434	0.199616122841	0.172744721689	0.188099808061	0.172744721689	0.176583493282	0.153550863724	0.188099808061	0.147792706334	0.186180422265	0.174664107486	0.0	0.209213051823	0.163147792706	0.184261036468	0.16122840691	0.241842610365	0.176583493282	0.138195777351
MMRS25641480ST-27-0-0.snv.bam	0.0767754318618	0.0940499040307	0.128598848369	0.0729366602687	0.0614203454894	0.063339731286	0.191938579655	0.149712092131	0.0902111324376	0.107485604607	0.0978886756238	0.0287907869482	0.130518234165	0.0959692898273	0.147792706334	0.209213051823	0.0	0.107485604607	0.0729366602687	0.136276391555	0.138195777351	0.172744721689	0.128598848369
MMRS39415781ST-27-0-0.snv.bam	0.130518234165	0.0710172744722	0.119001919386	0.124760076775	0.113243761996	0.113243761996	0.207293666027	0.182341650672	0.130518234165	0.145873320537	0.132437619962	0.0998080614203	0.149712092131	0.143953934741	0.153550863724	0.163147792706	0.107485604607	0.0	0.140115163148	0.163147792706	0.184261036468	0.174664107486	0.145873320537
NG-5636_317.snv.bam	0.0998080614203	0.0978886756238	0.109404990403	0.115163147793	0.122840690979	0.120921305182	0.153550863724	0.113243761996	0.0767754318618	0.084452975048	0.0767754318618	0.0767754318618	0.113243761996	0.0959692898273	0.109404990403	0.184261036468	0.0729366602687	0.140115163148	0.0	0.117082533589	0.203454894434	0.149712092131	0.103646833013
O2.UC40-1.snv.bam	0.115163147793	0.130518234165	0.134357005758	0.170825335893	0.149712092131	0.142034548944	0.168905950096	0.126679462572	0.0959692898273	0.115163147793	0.103646833013	0.1113243762	0.107485604607	0.107485604607	0.122840690979	0.16122840691	0.136276391555	0.163147792706	0.117082533589	0.0	0.21113243762	0.15547024952	0.0882917466411
V1.CD8-0-PN.snv.bam	0.157389635317	0.166986564299	0.207293666027	0.16122840691	0.153550863724	0.151631477927	0.253358925144	0.21689059501	0.182341650672	0.188099808061	0.178502879079	0.124760076775	0.0902111324376	0.180422264875	0.203454894434	0.241842610365	0.138195777351	0.184261036468	0.203454894434	0.21113243762	0.0	0.222648752399	0.178502879079
alien-11-637-0.snv.bam	0.149712092131	0.159309021113	0.165067178503	0.157389635317	0.168905950096	0.159309021113	0.115163147793	0.140115163148	0.147792706334	0.140115163148	0.119001919386	0.151631477927	0.153550863724	0.163147792706	0.147792706334	0.176583493282	0.172744721689	0.174664107486	0.149712092131	0.15547024952	0.222648752399	0.0	0.120921305182
scavenger-11-0-0.snv.bam	0.0940499040307	0.1113243762	0.103646833013	0.130518234165	0.0998080614203	0.0978886756238	0.1113243762	0.084452975048	0.0940499040307	0.084452975048	0.0652591170825	0.0978886756238	0.0863723608445	0.0959692898273	0.0940499040307	0.138195777351	0.128598848369	0.145873320537	0.103646833013	0.0882917466411	0.178502879079	0.120921305182	0.0
