	159571453-stool2.snv.bam	706846339-stool1.snv.bam	764083206-stool1.snv.bam	764588959-stool2.snv.bam	CCIS07648107ST-4-0.snv.bam	CCIS22416007ST-4-0.snv.bam	CCIS36797902ST-4-0.snv.bam	CCIS38765456ST-20-0.snv.bam	CCIS62794166ST-4-0.snv.bam	CCIS74726977ST-3-0.snv.bam	CCIS87116798ST-4-0.snv.bam	CCIS90166425ST-4-0.snv.bam	CCIS94417875ST-3-0.snv.bam	CCMD51864103ST-21-0.snv.bam	CCMD87156761ST-21-0.snv.bam	MH0187.snv.bam	MH0280.snv.bam	MH0302.snv.bam	MH0316.snv.bam	MH0318.snv.bam	MH0329.snv.bam	MH0368.snv.bam	MH0397.snv.bam	MH0425.snv.bam	MH0431.snv.bam	MH0436.snv.bam	MH0438.snv.bam	MH0442.snv.bam	MMRS34569532ST-27-0-0.snv.bam	MMRS57276462ST-27-0-0.snv.bam	MMRS68910755ST-27-0-0.snv.bam	MMRS77487595ST-27-0-0.snv.bam	NG-5636_225.snv.bam	NG-5636_446.snv.bam	NG-5636_458.snv.bam	NG-5636_483.snv.bam	NG-5636_487.snv.bam	NG-5636_526.snv.bam	O2.UC4-1.snv.bam	O2.UC40-1.snv.bam	T2D-33A.snv.bam	V1.CD34-0.snv.bam	V1.CD51-0.snv.bam	V1.UC10-2.snv.bam	V1.UC5-3.snv.bam
159571453-stool2.snv.bam	0.0	0.171957998341	0.277259310593	0.33409949293	0.28238013123	0.159066755087	0.297359765093	0.239370690672	0.252558984595	0.156242958513	0.274234065601	0.288398083398	0.159850034083	0.338207834823	0.176933436933	0.17195531099	0.156622399173	0.251187304162	0.266566446456	0.178206681202	0.338213243669	0.276165795351	0.310664375158	0.176495650435	0.126683901913	0.186824709838	0.0710880682008	0.274259326518	0.194768298618	0.209564472389	0.259841754026	0.162726829393	0.16196666394	0.276505941586	0.173008397498	0.332462606838	0.27335163249	0.27978408865	0.289362700144	0.340661718333	0.328522446052	0.16698469678	0.338191693044	0.302712602764	0.298394938235
706846339-stool1.snv.bam	0.171957998341	0.0	0.264839632211	0.307775198939	0.25109428287	0.18750820372	0.273893185658	0.242870199363	0.226470098284	0.0537556309964	0.259490554861	0.261614266396	0.190013301954	0.310352203624	0.185438365861	0.0298823326778	0.182983086453	0.256344119867	0.23223100053	0.200955452198	0.311457136112	0.270315329635	0.283433230883	0.224303103406	0.22072322623	0.169707393301	0.192449886053	0.25966150488	0.188732394366	0.199710453512	0.237079004051	0.183239775461	0.185617148595	0.26133567558	0.0798536229815	0.303636363636	0.258854278039	0.23950199873	0.274207652046	0.310111387895	0.311989120689	0.0463183955398	0.310530635351	0.276473189647	0.272145346492
764083206-stool1.snv.bam	0.277259310593	0.264839632211	0.0	0.0639001180668	0.201395381838	0.263273540782	0.224340660015	0.233975286165	0.225467014689	0.253941178866	0.0623757587878	0.192166108124	0.281771609295	0.0652245599248	0.282846412846	0.259412480246	0.258765681282	0.0799871188049	0.248940801635	0.291853219137	0.0661716870341	0.235754808658	0.0658000558041	0.31380845459	0.274798093923	0.277162434572	0.298095517658	0.0622981288006	0.282481973831	0.277068243128	0.268421062315	0.255904622571	0.273940245914	0.0674030659647	0.269863047933	0.0622446320617	0.0626149255928	0.24766572252	0.22519914817	0.206957617707	0.255330994095	0.271941464818	0.0653521488125	0.227678482179	0.225423876637
764588959-stool2.snv.bam	0.33409949293	0.307775198939	0.0639001180668	0.0	0.210378087583	0.294294124806	0.239572425102	0.208092862905	0.252469604863	0.30073654928	0.0714822142627	0.185326646091	0.3220703125	0.000278689746588	0.307884615385	0.302766889276	0.290401985062	0.0954467602644	0.274114378006	0.329488765597	0.00164973852597	0.242586848635	0.039568086266	0.330868731962	0.267614580089	0.314228878588	0.326774733778	0.0718249023407	0.322670118343	0.299649425639	0.290340323068	0.275420489297	0.312564300412	0.075273803215	0.309709821429	0.000192901234568	0.0743875136463	0.272431156122	0.199264705841	0.19247384025	0.270968334373	0.296881797805	0.000915873022935	0.243462630698	0.24146140479
CCIS07648107ST-4-0.snv.bam	0.28238013123	0.25109428287	0.201395381838	0.210378087583	0.0	0.246419867918	0.0485420774316	0.24102373542	0.252418262884	0.250095328057	0.211556950382	0.208694960326	0.282391573206	0.211625772038	0.284781938479	0.24503003862	0.242662863458	0.240188856355	0.269449017117	0.288494475647	0.212639836739	0.258211344709	0.235387593985	0.292461384861	0.224124454218	0.285297440004	0.280544826556	0.212358507517	0.259505589873	0.285327302222	0.27357882359	0.26794463133	0.26780546019	0.218309058421	0.246661416947	0.206417072813	0.21182401008	0.270855556079	0.240831122846	0.234180701844	0.229719196968	0.257271833339	0.212065494058	0.0488796083811	0.0509279471824
CCIS22416007ST-4-0.snv.bam	0.159066755087	0.18750820372	0.263273540782	0.294294124806	0.246419867918	0.0	0.274897014752	0.221734535216	0.23920687041	0.176878864414	0.260386415501	0.248017905311	0.0550205298903	0.300093542407	0.182430940393	0.170637353686	0.0116580063009	0.24957419725	0.250509255139	0.067218618921	0.301062720611	0.253259315599	0.273009452626	0.180066460594	0.188433207994	0.137197113387	0.132403205814	0.261107234465	0.156291444013	0.18382690621	0.2494053076	0.143932134819	0.0548317311655	0.262403044052	0.160145429355	0.292537835191	0.259594745915	0.252014032041	0.247519595949	0.294085940402	0.313053816892	0.182539218823	0.300121281736	0.277738195325	0.273151387135
CCIS36797902ST-4-0.snv.bam	0.297359765093	0.273893185658	0.224340660015	0.239572425102	0.0485420774316	0.274897014752	0.0	0.258126990212	0.278503934015	0.274277344217	0.239174648783	0.205388278366	0.302803916664	0.239311102917	0.296655405941	0.26823449902	0.271308327749	0.245705528351	0.292394891202	0.306031665391	0.240659850649	0.251966068633	0.263780060925	0.304478595716	0.226497747034	0.305578724228	0.283638086655	0.240315741188	0.285190955576	0.297156882041	0.284955900951	0.27393090637	0.288700919645	0.240476621125	0.269291295164	0.230920582986	0.239145027876	0.293781417085	0.260544986997	0.231682104871	0.212577062112	0.280042894085	0.240111291863	0.00148037641329	0.00347709840582
CCIS38765456ST-20-0.snv.bam	0.239370690672	0.242870199363	0.233975286165	0.208092862905	0.24102373542	0.221734535216	0.258126990212	0.0	0.225697504407	0.230259280231	0.226975151642	0.101531148816	0.244312409086	0.215569757964	0.218263681592	0.231480165955	0.211516148186	0.217696779262	0.238621951961	0.258372808536	0.216693686426	0.250885820487	0.222013918512	0.250557223432	0.192947379592	0.243616734229	0.232574187361	0.227044835173	0.240626972043	0.226110773648	0.255151190794	0.215356462516	0.242059435168	0.22505071164	0.221536326839	0.210568921248	0.223525398793	0.22331578217	0.0557640555888	0.233366382733	0.242328557335	0.238287039549	0.215772398056	0.261162359577	0.258447458715
CCIS62794166ST-4-0.snv.bam	0.252558984595	0.226470098284	0.225467014689	0.252469604863	0.252418262884	0.23920687041	0.278503934015	0.225697504407	0.0	0.229240745271	0.231906498822	0.208710976838	0.261904761905	0.263886194751	0.217623363545	0.228278561924	0.229428464799	0.243887339721	0.0160068948447	0.270931505619	0.265602082491	0.227249945113	0.235910406467	0.268117971934	0.276979405034	0.253009538275	0.250727338858	0.232988358428	0.246759953357	0.256978415653	0.0642557968626	0.22736318408	0.259226331595	0.23308989768	0.215780817822	0.252440290758	0.230477151013	0.0323114083984	0.230437960028	0.252529926583	0.265676663323	0.227029606738	0.264559009589	0.282153091158	0.280284139548
CCIS74726977ST-3-0.snv.bam	0.156242958513	0.0537556309964	0.253941178866	0.30073654928	0.250095328057	0.176878864414	0.274277344217	0.230259280231	0.229240745271	0.0	0.249212075002	0.250065888534	0.177493560826	0.303422570447	0.187976893652	0.0426320426682	0.173074691851	0.242063701225	0.2381313763	0.192722790955	0.304466466525	0.262076451842	0.265651060988	0.225487599525	0.219807488706	0.149654134832	0.178968535515	0.249393773376	0.154344369486	0.193890255813	0.244164732211	0.173430146161	0.168792098027	0.247856335893	0.0861931398696	0.295067697167	0.247934120681	0.234464621764	0.257756315803	0.300924791835	0.31761671896	0.0545233490819	0.303367403936	0.277011276118	0.272181075409
CCIS87116798ST-4-0.snv.bam	0.274234065601	0.259490554861	0.0623757587878	0.0714822142627	0.211556950382	0.260386415501	0.239174648783	0.226975151642	0.231906498822	0.249212075002	0.0	0.185486077223	0.276364342851	0.0792675159063	0.275668970557	0.253521978287	0.25692161558	0.0216714943268	0.244262815459	0.285745031866	0.0811050502903	0.206103612801	0.0802113149725	0.306556367845	0.243890776081	0.265698186987	0.294684180346	0.00141682994463	0.279194364541	0.276625596612	0.265025836218	0.256245587706	0.267745230478	0.00510468503288	0.260562342733	0.0700667207048	0.00342909919245	0.245452846522	0.218421995146	0.208661569804	0.260875081072	0.265713539224	0.080274688132	0.243292853194	0.241327453964
CCIS90166425ST-4-0.snv.bam	0.288398083398	0.261614266396	0.192166108124	0.185326646091	0.208694960326	0.248017905311	0.205388278366	0.101531148816	0.208710976838	0.250065888534	0.185486077223	0.0	0.273240165631	0.191449554054	0.274339430894	0.25416426893	0.238289586073	0.177273001399	0.222396102054	0.280258929721	0.192603233564	0.237202821217	0.209793057496	0.296183003173	0.209925180599	0.282661639328	0.283415412918	0.186169559778	0.250241717377	0.27369125963	0.226870564274	0.255268490375	0.264230168981	0.182888381256	0.239459110909	0.173764458465	0.181647844858	0.20616892911	0.0681980144593	0.139067441917	0.207242447416	0.26527023821	0.191840848856	0.206280171922	0.203686047291
CCIS94417875ST-3-0.snv.bam	0.159850034083	0.190013301954	0.281771609295	0.3220703125	0.282391573206	0.0550205298903	0.302803916664	0.244312409086	0.261904761905	0.177493560826	0.276364342851	0.273240165631	0.0	0.324063842864	0.193865030675	0.15685254163	0.0457118727821	0.262363247863	0.268349135649	0.00368935989165	0.324898085956	0.258975097483	0.295148352652	0.197162802588	0.190603363007	0.15765437254	0.134470118094	0.276350712187	0.1633070705	0.18881403121	0.258906775225	0.141104294479	0.000414527171588	0.278778000562	0.179563719862	0.316932907348	0.272217984225	0.264266149281	0.274119022568	0.323845885243	0.349716052704	0.196660183157	0.324236069074	0.30597766744	0.301335863413
CCMD51864103ST-21-0.snv.bam	0.338207834823	0.310352203624	0.0652245599248	0.000278689746588	0.211625772038	0.300093542407	0.239311102917	0.215569757964	0.263886194751	0.303422570447	0.0792675159063	0.191449554054	0.324063842864	0.0	0.31380538095	0.306048376989	0.296617430576	0.103181940429	0.283926426528	0.331025965681	0.00211574481293	0.246066591675	0.0406557156376	0.340570472151	0.271962504398	0.316370048155	0.33387222307	0.0801322653409	0.324436710666	0.305220486876	0.29902798043	0.282585799549	0.314854008209	0.0852909815034	0.311772433119	0.000175103305663	0.0823534100107	0.285004729109	0.204194732201	0.197463742374	0.272486531911	0.299628345642	0.00112996740459	0.243413361114	0.24168206606
CCMD87156761ST-21-0.snv.bam	0.176933436933	0.185438365861	0.282846412846	0.307884615385	0.284781938479	0.182430940393	0.296655405941	0.218263681592	0.217623363545	0.187976893652	0.275668970557	0.274339430894	0.193865030675	0.31380538095	0.0	0.179300713341	0.17529005203	0.264782047571	0.230718402783	0.203735875487	0.314199228794	0.250229377994	0.279764254386	0.2041454561	0.23340536091	0.173963706856	0.183691032458	0.276874829886	0.182303569623	0.178566557574	0.226397604841	0.124471299094	0.180412467339	0.277831718273	0.164841628959	0.300632911392	0.27223744966	0.240999323257	0.250810059277	0.308281599594	0.336709203951	0.156476679349	0.314131759408	0.30308532243	0.298553314729
MH0187.snv.bam	0.17195531099	0.0298823326778	0.259412480246	0.302766889276	0.24503003862	0.170637353686	0.26823449902	0.231480165955	0.228278561924	0.0426320426682	0.253521978287	0.25416426893	0.15685254163	0.306048376989	0.179300713341	0.0	0.165597293194	0.24994994995	0.23378584475	0.166812037183	0.306891323502	0.260290811481	0.278396169603	0.213516769107	0.213089925638	0.163418959609	0.184466205951	0.253886359576	0.169316975821	0.189016023076	0.233481304882	0.177166500333	0.151923584137	0.253716417122	0.070479766519	0.298573792108	0.253075583788	0.242047297825	0.263108728667	0.300200770768	0.310751583396	0.0443937339634	0.306409052067	0.27107405843	0.266625856512
MH0280.snv.bam	0.156622399173	0.182983086453	0.258765681282	0.290401985062	0.242662863458	0.0116580063009	0.271308327749	0.211516148186	0.229428464799	0.173074691851	0.25692161558	0.238289586073	0.0457118727821	0.296617430576	0.17529005203	0.165597293194	0.0	0.242683793969	0.239797132792	0.0577914539158	0.296208883631	0.248828130119	0.268832190014	0.17498681771	0.183377709858	0.140105651393	0.126081932309	0.256323401707	0.154654474555	0.173747261222	0.240166798896	0.132758091392	0.045958969994	0.255873938969	0.15031342439	0.285827139871	0.253128794231	0.242450393957	0.237286671155	0.287825463895	0.306799812923	0.177488554968	0.29645619291	0.27299742551	0.268503508362
MH0302.snv.bam	0.251187304162	0.256344119867	0.0799871188049	0.0954467602644	0.240188856355	0.24957419725	0.245705528351	0.217696779262	0.243887339721	0.242063701225	0.0216714943268	0.177273001399	0.262363247863	0.103181940429	0.264782047571	0.24994994995	0.242683793969	0.0	0.261779326067	0.272598629026	0.104927554823	0.220114444638	0.103337641741	0.291006726249	0.22590748616	0.249023331937	0.272507631304	0.0220227437847	0.259562566523	0.257277389815	0.260390788195	0.238544057181	0.253510517682	0.0191715360724	0.246544360657	0.0880108202701	0.023628992014	0.263072055091	0.205975075175	0.204959211628	0.261788901401	0.257595261347	0.103816353066	0.249467502341	0.247409035822
MH0316.snv.bam	0.266566446456	0.23223100053	0.248940801635	0.274114378006	0.269449017117	0.250509255139	0.292394891202	0.238621951961	0.0160068948447	0.2381313763	0.244262815459	0.222396102054	0.268349135649	0.283926426528	0.230718402783	0.23378584475	0.239797132792	0.261779326067	0.0	0.274648111151	0.284408084757	0.237450897191	0.255944078457	0.279029378602	0.28332630975	0.263218061011	0.255051638624	0.243889683284	0.257849547189	0.263737552487	0.055267633091	0.236418306614	0.266191828996	0.245757247321	0.228403701989	0.275118678991	0.24220310238	0.0179507933136	0.241555355831	0.272323870624	0.273604571176	0.238179963896	0.283679631845	0.294378760683	0.292699954017
MH0318.snv.bam	0.178206681202	0.200955452198	0.291853219137	0.329488765597	0.288494475647	0.067218618921	0.306031665391	0.258372808536	0.270931505619	0.192722790955	0.285745031866	0.280258929721	0.00368935989165	0.331025965681	0.203735875487	0.166812037183	0.0577914539158	0.272598629026	0.274648111151	0.0	0.331323452517	0.264843144214	0.303469032868	0.210200229554	0.201493028762	0.167030360426	0.150340743788	0.285314919288	0.17577939586	0.200658373778	0.263538833867	0.154721934968	0.00452869825561	0.288249754918	0.191277758996	0.325771826581	0.281836004156	0.271443366421	0.283348559459	0.32498872861	0.349714397448	0.206659884164	0.330974354015	0.307628490215	0.303452859469
MH0329.snv.bam	0.338213243669	0.311457136112	0.0661716870341	0.00164973852597	0.212639836739	0.301062720611	0.240659850649	0.216693686426	0.265602082491	0.304466466525	0.0811050502903	0.192603233564	0.324898085956	0.00211574481293	0.314199228794	0.306891323502	0.296208883631	0.104927554823	0.284408084757	0.331323452517	0.0	0.247079576932	0.0412441863954	0.34019802827	0.271473021025	0.316995064108	0.332765145242	0.0808457500904	0.325541643154	0.305225787853	0.300507739877	0.283453535112	0.315352626424	0.0871334179506	0.312999845795	0.00170235844983	0.0836063283291	0.286382728571	0.205079034779	0.198753270272	0.27314663328	0.300118173109	0.0021862032058	0.243822433046	0.242047585906
MH0368.snv.bam	0.276165795351	0.270315329635	0.235754808658	0.242586848635	0.258211344709	0.253259315599	0.251966068633	0.250885820487	0.227249945113	0.262076451842	0.206103612801	0.237202821217	0.258975097483	0.246066591675	0.250229377994	0.260290811481	0.248828130119	0.220114444638	0.237450897191	0.264843144214	0.247079576932	0.0	0.23783650324	0.290090297853	0.258805921816	0.282441013358	0.273838177347	0.206369973269	0.258045390985	0.27681431715	0.227315366309	0.251048752834	0.255358672934	0.211879398492	0.256251271876	0.242372734881	0.208434307989	0.233552298928	0.261956329838	0.227458255066	0.29653972142	0.276177228821	0.246506400142	0.255691599859	0.25429364221
MH0397.snv.bam	0.310664375158	0.283433230883	0.0658000558041	0.039568086266	0.235387593985	0.273009452626	0.263780060925	0.222013918512	0.235910406467	0.265651060988	0.0802113149725	0.209793057496	0.295148352652	0.0406557156376	0.279764254386	0.278396169603	0.268832190014	0.103337641741	0.255944078457	0.303469032868	0.0412441863954	0.23783650324	0.0	0.3107194948	0.292733732283	0.283791126454	0.298583235168	0.0803565888359	0.291907807154	0.27470507541	0.294116880475	0.248308590353	0.286251612487	0.0859474239194	0.284300263196	0.0372318580542	0.082580562578	0.257487615034	0.210555861265	0.220380491574	0.284963822687	0.272389350414	0.0408167089345	0.267071232631	0.265381956816
MH0425.snv.bam	0.176495650435	0.224303103406	0.31380845459	0.330868731962	0.292461384861	0.180066460594	0.304478595716	0.250557223432	0.268117971934	0.225487599525	0.306556367845	0.296183003173	0.197162802588	0.340570472151	0.2041454561	0.213516769107	0.17498681771	0.291006726249	0.279029378602	0.210200229554	0.34019802827	0.290090297853	0.3107194948	0.0	0.199683118058	0.184435484943	0.140068944009	0.306480445764	0.198807352698	0.160544023324	0.275405071756	0.133971527714	0.195475736077	0.309606321431	0.194530962658	0.33322017899	0.305770336301	0.277998984224	0.287270550248	0.329466938391	0.33685261797	0.204748672857	0.340352143016	0.306460909841	0.305403398421
MH0431.snv.bam	0.126683901913	0.22072322623	0.274798093923	0.267614580089	0.224124454218	0.188433207994	0.226497747034	0.192947379592	0.276979405034	0.219807488706	0.243890776081	0.209925180599	0.190603363007	0.271962504398	0.23340536091	0.213089925638	0.183377709858	0.22590748616	0.28332630975	0.201493028762	0.271473021025	0.258805921816	0.292733732283	0.199683118058	0.0	0.237601089982	0.0862638144571	0.243270705963	0.240635805152	0.229216850411	0.249545795119	0.184115327077	0.192528425168	0.245610482173	0.207713461761	0.262060960482	0.243792943173	0.285771606698	0.241207458485	0.283417034397	0.27339236588	0.221047365634	0.271789170703	0.23235713793	0.227538099475
MH0436.snv.bam	0.186824709838	0.169707393301	0.277162434572	0.314228878588	0.285297440004	0.137197113387	0.305578724228	0.243616734229	0.253009538275	0.149654134832	0.265698186987	0.282661639328	0.15765437254	0.316370048155	0.173963706856	0.163418959609	0.140105651393	0.249023331937	0.263218061011	0.167030360426	0.316995064108	0.282441013358	0.283791126454	0.184435484943	0.237601089982	0.0	0.18131301271	0.265482723994	0.155452164962	0.160072679379	0.260053952775	0.134250035563	0.150790692045	0.267740734941	0.165169637271	0.310091686553	0.264493959463	0.262476947453	0.285733801565	0.321559824605	0.329167994917	0.15270345327	0.316345125478	0.310225051873	0.306113564398
MH0438.snv.bam	0.0710880682008	0.192449886053	0.298095517658	0.326774733778	0.280544826556	0.132403205814	0.283638086655	0.232574187361	0.250727338858	0.178968535515	0.294684180346	0.283415412918	0.134470118094	0.33387222307	0.183691032458	0.184466205951	0.126081932309	0.272507631304	0.255051638624	0.150340743788	0.332765145242	0.273838177347	0.298583235168	0.140068944009	0.0862638144571	0.18131301271	0.0	0.293812717895	0.190116356747	0.186496023504	0.243691599551	0.123130301996	0.13951592861	0.297333677439	0.179909457398	0.325967206663	0.293979034502	0.257382199863	0.280541297435	0.333928128765	0.329686058121	0.187025463944	0.333479085704	0.288503395701	0.284131935357
MH0442.snv.bam	0.274259326518	0.25966150488	0.0622981288006	0.0718249023407	0.212358507517	0.261107234465	0.240315741188	0.227044835173	0.232988358428	0.249393773376	0.00141682994463	0.186169559778	0.276350712187	0.0801322653409	0.276874829886	0.253886359576	0.256323401707	0.0220227437847	0.243889683284	0.285314919288	0.0808457500904	0.206369973269	0.0803565888359	0.306480445764	0.243270705963	0.265482723994	0.293812717895	0.0	0.279574083802	0.277145878676	0.265948862502	0.25625898983	0.267930119626	0.00590756840018	0.261666184547	0.0709524757308	0.00362403697731	0.245836645912	0.218189549868	0.209318239424	0.261444901592	0.265748475239	0.0802982861387	0.242935845821	0.241010982178
MMRS34569532ST-27-0-0.snv.bam	0.194768298618	0.188732394366	0.282481973831	0.322670118343	0.259505589873	0.156291444013	0.285190955576	0.240626972043	0.246759953357	0.154344369486	0.279194364541	0.250241717377	0.1633070705	0.324436710666	0.182303569623	0.169316975821	0.154654474555	0.259562566523	0.257849547189	0.17577939586	0.325541643154	0.258045390985	0.291907807154	0.198807352698	0.240635805152	0.155452164962	0.190116356747	0.279574083802	0.0	0.185268956312	0.256517007997	0.157076984763	0.161954493119	0.281508586243	0.184474117267	0.31868338558	0.278184382963	0.253586505772	0.248978741078	0.262368520434	0.331771934664	0.172884689857	0.324600204279	0.284957302415	0.283718060449
MMRS57276462ST-27-0-0.snv.bam	0.209564472389	0.199710453512	0.277068243128	0.299649425639	0.285327302222	0.18382690621	0.297156882041	0.226110773648	0.256978415653	0.193890255813	0.276625596612	0.27369125963	0.18881403121	0.305220486876	0.178566557574	0.189016023076	0.173747261222	0.257277389815	0.263737552487	0.200658373778	0.305225787853	0.27681431715	0.27470507541	0.160544023324	0.229216850411	0.160072679379	0.186496023504	0.277145878676	0.185268956312	0.0	0.248514282488	0.143043400653	0.190052943239	0.276078402587	0.18936951212	0.288886288044	0.273307570706	0.262235486196	0.268969447367	0.310828932661	0.332671472027	0.189132414702	0.305204667013	0.30272944093	0.29837056796
MMRS68910755ST-27-0-0.snv.bam	0.259841754026	0.237079004051	0.268421062315	0.290340323068	0.27357882359	0.2494053076	0.284955900951	0.255151190794	0.0642557968626	0.244164732211	0.265025836218	0.226870564274	0.258906775225	0.29902798043	0.226397604841	0.233481304882	0.240166798896	0.260390788195	0.055267633091	0.263538833867	0.300507739877	0.227315366309	0.294116880475	0.275405071756	0.249545795119	0.260053952775	0.243691599551	0.265948862502	0.256517007997	0.248514282488	0.0	0.23038250945	0.25339379767	0.264243568901	0.227069205113	0.288407746133	0.263289959933	0.0710770492443	0.258066595576	0.276625489171	0.277885904835	0.237622751704	0.299447100953	0.28825116296	0.286665000946
MMRS77487595ST-27-0-0.snv.bam	0.162726829393	0.183239775461	0.255904622571	0.275420489297	0.26794463133	0.143932134819	0.27393090637	0.215356462516	0.22736318408	0.173430146161	0.256245587706	0.255268490375	0.141104294479	0.282585799549	0.124471299094	0.177166500333	0.132758091392	0.238544057181	0.236418306614	0.154721934968	0.283453535112	0.251048752834	0.248308590353	0.133971527714	0.184115327077	0.134250035563	0.123130301996	0.25625898983	0.157076984763	0.143043400653	0.23038250945	0.0	0.140184742158	0.255112982693	0.149572649573	0.270219435737	0.252321390921	0.235632826476	0.248001130095	0.299597457737	0.298732872403	0.146312862154	0.282711133444	0.279605834901	0.274775548465
NG-5636_225.snv.bam	0.16196666394	0.185617148595	0.273940245914	0.312564300412	0.26780546019	0.0548317311655	0.288700919645	0.242059435168	0.259226331595	0.168792098027	0.267745230478	0.264230168981	0.000414527171588	0.314854008209	0.180412467339	0.151923584137	0.045958969994	0.253510517682	0.266191828996	0.00452869825561	0.315352626424	0.255358672934	0.286251612487	0.195475736077	0.192528425168	0.150790692045	0.13951592861	0.267930119626	0.161954493119	0.190052943239	0.25339379767	0.140184742158	0.0	0.2698908827	0.172004566101	0.30808766378	0.2635910131	0.261705965229	0.26872046028	0.314570408408	0.343133758455	0.185916664944	0.315024214171	0.291335195259	0.286666201224
NG-5636_446.snv.bam	0.276505941586	0.26133567558	0.0674030659647	0.075273803215	0.218309058421	0.262403044052	0.240476621125	0.22505071164	0.23308989768	0.247856335893	0.00510468503288	0.182888381256	0.278778000562	0.0852909815034	0.277831718273	0.253716417122	0.255873938969	0.0191715360724	0.245757247321	0.288249754918	0.0871334179506	0.211879398492	0.0859474239194	0.309606321431	0.245610482173	0.267740734941	0.297333677439	0.00590756840018	0.281508586243	0.276078402587	0.264243568901	0.255112982693	0.2698908827	0.0	0.259606133423	0.07474988471	0.00800922577089	0.244088563157	0.219138594704	0.209679190239	0.257333418502	0.267655647962	0.0862839119963	0.244705583268	0.242785902469
NG-5636_458.snv.bam	0.173008397498	0.0798536229815	0.269863047933	0.309709821429	0.246661416947	0.160145429355	0.269291295164	0.221536326839	0.215780817822	0.0861931398696	0.260562342733	0.239459110909	0.179563719862	0.311772433119	0.164841628959	0.070479766519	0.15031342439	0.246544360657	0.228403701989	0.191277758996	0.312999845795	0.256251271876	0.284300263196	0.194530962658	0.207713461761	0.165169637271	0.179909457398	0.261666184547	0.184474117267	0.18936951212	0.227069205113	0.149572649573	0.172004566101	0.259606133423	0.0	0.29892120075	0.257664043575	0.229843103073	0.253488599405	0.294838163216	0.290878251548	0.0745393592404	0.312233345974	0.27276212234	0.268247779702
NG-5636_483.snv.bam	0.332462606838	0.303636363636	0.0622446320617	0.000192901234568	0.206417072813	0.292537835191	0.230920582986	0.210568921248	0.252440290758	0.295067697167	0.0700667207048	0.173764458465	0.316932907348	0.000175103305663	0.300632911392	0.298573792108	0.285827139871	0.0880108202701	0.275118678991	0.325771826581	0.00170235844983	0.242372734881	0.0372318580542	0.33322017899	0.262060960482	0.310091686553	0.325967206663	0.0709524757308	0.31868338558	0.288886288044	0.288407746133	0.270219435737	0.30808766378	0.07474988471	0.29892120075	0.0	0.0731624002994	0.273275058275	0.198448954008	0.185221423543	0.27332348254	0.291995598964	0.00110221741945	0.234552206516	0.233481996044
NG-5636_487.snv.bam	0.27335163249	0.258854278039	0.0626149255928	0.0743875136463	0.21182401008	0.259594745915	0.239145027876	0.223525398793	0.230477151013	0.247934120681	0.00342909919245	0.181647844858	0.272217984225	0.0823534100107	0.27223744966	0.253075583788	0.253128794231	0.023628992014	0.24220310238	0.281836004156	0.0836063283291	0.208434307989	0.082580562578	0.305770336301	0.243792943173	0.264493959463	0.293979034502	0.00362403697731	0.278184382963	0.273307570706	0.263289959933	0.252321390921	0.2635910131	0.00800922577089	0.257664043575	0.0731624002994	0.0	0.243366706048	0.215145892007	0.207891755399	0.261034518913	0.265119900685	0.0828610566195	0.242574801528	0.240619673096
NG-5636_526.snv.bam	0.27978408865	0.23950199873	0.24766572252	0.272431156122	0.270855556079	0.252014032041	0.293781417085	0.22331578217	0.0323114083984	0.234464621764	0.245452846522	0.20616892911	0.264266149281	0.285004729109	0.240999323257	0.242047297825	0.242450393957	0.263072055091	0.0179507933136	0.271443366421	0.286382728571	0.233552298928	0.257487615034	0.277998984224	0.285771606698	0.262476947453	0.257382199863	0.245836645912	0.253586505772	0.262235486196	0.0710770492443	0.235632826476	0.261705965229	0.244088563157	0.229843103073	0.273275058275	0.243366706048	0.0	0.226445434719	0.27351680478	0.27529849705	0.246167089828	0.285221486025	0.296433358001	0.294828883588
O2.UC4-1.snv.bam	0.289362700144	0.274207652046	0.22519914817	0.199264705841	0.240831122846	0.247519595949	0.260544986997	0.0557640555888	0.230437960028	0.257756315803	0.218421995146	0.0681980144593	0.274119022568	0.204194732201	0.250810059277	0.263108728667	0.237286671155	0.205975075175	0.241555355831	0.283348559459	0.205079034779	0.261956329838	0.210555861265	0.287270550248	0.241207458485	0.285733801565	0.280541297435	0.218189549868	0.248978741078	0.268969447367	0.258066595576	0.248001130095	0.26872046028	0.219138594704	0.253488599405	0.198448954008	0.215145892007	0.226445434719	0.0	0.187361047242	0.245265675446	0.269465474939	0.204310186004	0.26046155197	0.257863447486
O2.UC40-1.snv.bam	0.340661718333	0.310111387895	0.206957617707	0.19247384025	0.234180701844	0.294085940402	0.231682104871	0.233366382733	0.252529926583	0.300924791835	0.208661569804	0.139067441917	0.323845885243	0.197463742374	0.308281599594	0.300200770768	0.287825463895	0.204959211628	0.272323870624	0.32498872861	0.198753270272	0.227458255066	0.220380491574	0.329466938391	0.283417034397	0.321559824605	0.333928128765	0.209318239424	0.262368520434	0.310828932661	0.276625489171	0.299597457737	0.314570408408	0.209679190239	0.294838163216	0.185221423543	0.207891755399	0.27351680478	0.187361047242	0.0	0.267044522739	0.316429783435	0.197654219056	0.231969642783	0.229903928338
T2D-33A.snv.bam	0.328522446052	0.311989120689	0.255330994095	0.270968334373	0.229719196968	0.313053816892	0.212577062112	0.242328557335	0.265676663323	0.31761671896	0.260875081072	0.207242447416	0.349716052704	0.272486531911	0.336709203951	0.310751583396	0.306799812923	0.261788901401	0.273604571176	0.349714397448	0.27314663328	0.29653972142	0.284963822687	0.33685261797	0.27339236588	0.329167994917	0.329686058121	0.261444901592	0.331771934664	0.332671472027	0.277885904835	0.298732872403	0.343133758455	0.257333418502	0.290878251548	0.27332348254	0.261034518913	0.27529849705	0.245265675446	0.267044522739	0.0	0.31229045126	0.272565721884	0.210717925441	0.212433961277
V1.CD34-0.snv.bam	0.16698469678	0.0463183955398	0.271941464818	0.296881797805	0.257271833339	0.182539218823	0.280042894085	0.238287039549	0.227029606738	0.0545233490819	0.265713539224	0.26527023821	0.196660183157	0.299628345642	0.156476679349	0.0443937339634	0.177488554968	0.257595261347	0.238179963896	0.206659884164	0.300118173109	0.276177228821	0.272389350414	0.204748672857	0.221047365634	0.15270345327	0.187025463944	0.265748475239	0.172884689857	0.189132414702	0.237622751704	0.146312862154	0.185916664944	0.267655647962	0.0745393592404	0.291995598964	0.265119900685	0.246167089828	0.269465474939	0.316429783435	0.31229045126	0.0	0.299684806861	0.282640402957	0.278530156286
V1.CD51-0.snv.bam	0.338191693044	0.310530635351	0.0653521488125	0.000915873022935	0.212065494058	0.300121281736	0.240111291863	0.215772398056	0.264559009589	0.303367403936	0.080274688132	0.191840848856	0.324236069074	0.00112996740459	0.314131759408	0.306409052067	0.29645619291	0.103816353066	0.283679631845	0.330974354015	0.0021862032058	0.246506400142	0.0408167089345	0.340352143016	0.271789170703	0.316345125478	0.333479085704	0.0802982861387	0.324600204279	0.305204667013	0.299447100953	0.282711133444	0.315024214171	0.0862839119963	0.312233345974	0.00110221741945	0.0828610566195	0.285221486025	0.204310186004	0.197654219056	0.272565721884	0.299684806861	0.0	0.243335765496	0.241545596983
V1.UC10-2.snv.bam	0.302712602764	0.276473189647	0.227678482179	0.243462630698	0.0488796083811	0.277738195325	0.00148037641329	0.261162359577	0.282153091158	0.277011276118	0.243292853194	0.206280171922	0.30597766744	0.243413361114	0.30308532243	0.27107405843	0.27299742551	0.249467502341	0.294378760683	0.307628490215	0.243822433046	0.255691599859	0.267071232631	0.306460909841	0.23235713793	0.310225051873	0.288503395701	0.242935845821	0.284957302415	0.30272944093	0.28825116296	0.279605834901	0.291335195259	0.244705583268	0.27276212234	0.234552206516	0.242574801528	0.296433358001	0.26046155197	0.231969642783	0.210717925441	0.282640402957	0.243335765496	0.0	0.00280954067438
V1.UC5-3.snv.bam	0.298394938235	0.272145346492	0.225423876637	0.24146140479	0.0509279471824	0.273151387135	0.00347709840582	0.258447458715	0.280284139548	0.272181075409	0.241327453964	0.203686047291	0.301335863413	0.24168206606	0.298553314729	0.266625856512	0.268503508362	0.247409035822	0.292699954017	0.303452859469	0.242047585906	0.25429364221	0.265381956816	0.305403398421	0.227538099475	0.306113564398	0.284131935357	0.241010982178	0.283718060449	0.29837056796	0.286665000946	0.274775548465	0.286666201224	0.242785902469	0.268247779702	0.233481996044	0.240619673096	0.294828883588	0.257863447486	0.229903928338	0.212433961277	0.278530156286	0.241545596983	0.00280954067438	0.0
