	158802708-stool1.snv.bam	158984779-stool1.snv.bam	159571453-stool2.snv.bam	763901136-stool2.snv.bam	763982056-stool2.snv.bam	763982056-stool3.snv.bam	765519544-stool3.snv.bam	BYQ_AAAG.snv.bam	BYQ_AAAR.snv.bam	CCIS07648107ST-4-0.snv.bam	CCIS15794887ST-4-0.snv.bam	CCIS24254057ST-4-0.snv.bam	CCIS81710917ST-20-0.snv.bam	CCIS81887263ST-4-0.snv.bam	CCIS90166425ST-4-0.snv.bam	CCMD34381688ST-21-0.snv.bam	CCMD60079086ST-21-0.snv.bam	CCMD63399960ST-21-0.snv.bam	CCMD82866709ST-21-0.snv.bam	CCMD90311071ST-21-0.snv.bam	M2.4-V2.metaG.snv.bam	M2.4-V3.metaG.snv.bam	M3.4-V2.metaG.snv.bam	MH0211.snv.bam	MH0212.snv.bam	MH0244.snv.bam	MH0247.snv.bam	MH0252.snv.bam	MH0261.snv.bam	MH0267.snv.bam	MH0272.snv.bam	MH0309.snv.bam	MH0338.snv.bam	MH0339.snv.bam	MH0348.snv.bam	MH0369.snv.bam	MH0385.snv.bam	MH0398.snv.bam	MH0406.snv.bam	MH0408.snv.bam	MH0424.snv.bam	MH0426.snv.bam	MH0435.snv.bam	MH0444.snv.bam	MH0445.snv.bam	MH0446.snv.bam	MH0453.snv.bam	MMRS20257302ST-27-0-0.snv.bam	MMRS39415781ST-27-0-0.snv.bam	MMRS67247116ST-27-0-0.snv.bam	MMRS84954772ST-27-0-0.snv.bam	O2.UC35-1.snv.bam	O2.UC41-1.snv.bam	O2.UC7-1.snv.bam	V1.CD1-0-PN.snv.bam	V1.CD1-3-PN.snv.bam	V1.CD25-4.snv.bam	V1.CD4-0-PN.snv.bam	V1.CD48-0.snv.bam	V1.FI07.snv.bam	V1.FI11.snv.bam	V1.FI13.snv.bam	V1.FI20.snv.bam	V1.FI27.snv.bam	V1.UC11-5.snv.bam	V1.UC25-1.snv.bam	V1.UC32-0.snv.bam	V1.UC35-0.snv.bam	V1.UC52-1.snv.bam	V1.UC64-0.snv.bam
158802708-stool1.snv.bam	0.0	0.26267281106	0.278801843318	0.248847926267	0.21198156682	0.221198156682	0.036866359447	0.301843317972	0.306451612903	0.216589861751	0.267281105991	0.172811059908	0.221198156682	0.205069124424	0.230414746544	0.264976958525	0.225806451613	0.283410138249	0.073732718894	0.26267281106	0.267281105991	0.267281105991	0.239631336406	0.248847926267	0.209677419355	0.253456221198	0.214285714286	0.248847926267	0.292626728111	0.271889400922	0.278801843318	0.0714285714286	0.223502304147	0.292626728111	0.260368663594	0.308755760369	0.274193548387	0.0622119815668	0.283410138249	0.276497695853	0.264976958525	0.225806451613	0.230414746544	0.294930875576	0.292626728111	0.283410138249	0.244239631336	0.248847926267	0.23732718894	0.283410138249	0.264976958525	0.0990783410138	0.23732718894	0.218894009217	0.21198156682	0.246543778802	0.255760368664	0.274193548387	0.202764976959	0.23732718894	0.299539170507	0.299539170507	0.244239631336	0.271889400922	0.276497695853	0.255760368664	0.258064516129	0.232718894009	0.232718894009	0.251152073733
158984779-stool1.snv.bam	0.26267281106	0.0	0.375576036866	0.133640552995	0.338709677419	0.347926267281	0.283410138249	0.145161290323	0.149769585253	0.269585253456	0.0668202764977	0.382488479263	0.246543778802	0.172811059908	0.377880184332	0.135944700461	0.31797235023	0.126728110599	0.281105990783	0.126728110599	0.13133640553	0.13133640553	0.39400921659	0.347926267281	0.117511520737	0.172811059908	0.366359447005	0.119815668203	0.13133640553	0.110599078341	0.112903225806	0.271889400922	0.154377880184	0.10599078341	0.10599078341	0.13133640553	0.322580645161	0.276497695853	0.126728110599	0.175115207373	0.39400921659	0.149769585253	0.191244239631	0.145161290323	0.13133640553	0.147465437788	0.129032258065	0.18202764977	0.320276497696	0.126728110599	0.129032258065	0.327188940092	0.0852534562212	0.154377880184	0.354838709677	0.400921658986	0.39400921659	0.327188940092	0.341013824885	0.384792626728	0.140552995392	0.142857142857	0.380184331797	0.117511520737	0.103686635945	0.39400921659	0.112903225806	0.364055299539	0.0806451612903	0.347926267281
159571453-stool2.snv.bam	0.278801843318	0.375576036866	0.0	0.384792626728	0.214285714286	0.207373271889	0.235023041475	0.41935483871	0.423963133641	0.218894009217	0.375576036866	0.135944700461	0.177419354839	0.324884792627	0.216589861751	0.357142857143	0.216589861751	0.396313364055	0.202764976959	0.382488479263	0.380184331797	0.380184331797	0.218894009217	0.191244239631	0.350230414747	0.329493087558	0.200460829493	0.364055299539	0.410138248848	0.380184331797	0.373271889401	0.274193548387	0.366359447005	0.389400921659	0.350230414747	0.377880184332	0.172811059908	0.218894009217	0.396313364055	0.403225806452	0.207373271889	0.359447004608	0.389400921659	0.426267281106	0.410138248848	0.405529953917	0.366359447005	0.364055299539	0.0	0.396313364055	0.39400921659	0.193548387097	0.350230414747	0.361751152074	0.193548387097	0.223502304147	0.0645161290323	0.152073732719	0.0691244239631	0.21198156682	0.41935483871	0.421658986175	0.23732718894	0.373271889401	0.407834101382	0.0645161290323	0.373271889401	0.0645161290323	0.338709677419	0.149769585253
763901136-stool2.snv.bam	0.248847926267	0.133640552995	0.384792626728	0.0	0.329493087558	0.338709677419	0.271889400922	0.117511520737	0.122119815668	0.276497695853	0.126728110599	0.36866359447	0.253456221198	0.15668202765	0.357142857143	0.0806451612903	0.320276497696	0.101382488479	0.264976958525	0.108294930876	0.135944700461	0.135944700461	0.373271889401	0.36866359447	0.0691244239631	0.154377880184	0.345622119816	0.0967741935484	0.10599078341	0.108294930876	0.0852534562212	0.246543778802	0.158986175115	0.0898617511521	0.0967741935484	0.135944700461	0.31797235023	0.267281105991	0.101382488479	0.124423963134	0.384792626728	0.149769585253	0.158986175115	0.122119815668	0.10599078341	0.0967741935484	0.13133640553	0.179723502304	0.329493087558	0.101382488479	0.13133640553	0.3133640553	0.124423963134	0.158986175115	0.324884792627	0.375576036866	0.373271889401	0.304147465438	0.322580645161	0.366359447005	0.122119815668	0.122119815668	0.352534562212	0.103686635945	0.10599078341	0.373271889401	0.10599078341	0.34331797235	0.122119815668	0.347926267281
763982056-stool2.snv.bam	0.21198156682	0.338709677419	0.214285714286	0.329493087558	0.0	0.0	0.188940092166	0.34331797235	0.34331797235	0.285714285714	0.336405529954	0.140552995392	0.15668202765	0.308755760369	0.163594470046	0.345622119816	0.170506912442	0.370967741935	0.163594470046	0.359447004608	0.345622119816	0.345622119816	0.165898617512	0.188940092166	0.297235023041	0.26267281106	0.15668202765	0.329493087558	0.370967741935	0.354838709677	0.366359447005	0.223502304147	0.359447004608	0.359447004608	0.327188940092	0.347926267281	0.170506912442	0.209677419355	0.370967741935	0.334101382488	0.188940092166	0.352534562212	0.364055299539	0.382488479263	0.370967741935	0.366359447005	0.345622119816	0.329493087558	0.193548387097	0.370967741935	0.375576036866	0.191244239631	0.320276497696	0.357142857143	0.161290322581	0.170506912442	0.179723502304	0.205069124424	0.147465437788	0.163594470046	0.34331797235	0.345622119816	0.0967741935484	0.350230414747	0.364055299539	0.179723502304	0.350230414747	0.168202764977	0.306451612903	0.177419354839
763982056-stool3.snv.bam	0.221198156682	0.347926267281	0.207373271889	0.338709677419	0.0	0.0	0.198156682028	0.352534562212	0.352534562212	0.294930875576	0.345622119816	0.142857142857	0.154377880184	0.3133640553	0.161290322581	0.354838709677	0.163594470046	0.380184331797	0.170506912442	0.370967741935	0.350230414747	0.350230414747	0.163594470046	0.184331797235	0.301843317972	0.271889400922	0.154377880184	0.334101382488	0.380184331797	0.366359447005	0.373271889401	0.23732718894	0.364055299539	0.36866359447	0.334101382488	0.359447004608	0.168202764977	0.216589861751	0.380184331797	0.347926267281	0.1866359447	0.357142857143	0.373271889401	0.389400921659	0.380184331797	0.373271889401	0.350230414747	0.338709677419	0.1866359447	0.380184331797	0.380184331797	0.198156682028	0.324884792627	0.361751152074	0.158986175115	0.168202764977	0.175115207373	0.198156682028	0.142857142857	0.161290322581	0.352534562212	0.354838709677	0.101382488479	0.359447004608	0.373271889401	0.175115207373	0.361751152074	0.163594470046	0.311059907834	0.175115207373
765519544-stool3.snv.bam	0.036866359447	0.283410138249	0.235023041475	0.271889400922	0.188940092166	0.198156682028	0.0	0.324884792627	0.329493087558	0.175115207373	0.292626728111	0.138248847926	0.198156682028	0.225806451613	0.200460829493	0.283410138249	0.255760368664	0.308755760369	0.0460829493088	0.285714285714	0.294930875576	0.294930875576	0.207373271889	0.274193548387	0.23732718894	0.271889400922	0.184331797235	0.269585253456	0.311059907834	0.297235023041	0.294930875576	0.0345622119816	0.251152073733	0.315668202765	0.281105990783	0.285714285714	0.241935483871	0.0967741935484	0.308755760369	0.301843317972	0.228110599078	0.253456221198	0.255760368664	0.320276497696	0.311059907834	0.306451612903	0.269585253456	0.269585253456	0.193548387097	0.308755760369	0.290322580645	0.0622119815668	0.26267281106	0.246543778802	0.179723502304	0.214285714286	0.228110599078	0.244239631336	0.172811059908	0.205069124424	0.315668202765	0.315668202765	0.214285714286	0.294930875576	0.301843317972	0.228110599078	0.283410138249	0.205069124424	0.255760368664	0.223502304147
BYQ_AAAG.snv.bam	0.301843317972	0.145161290323	0.41935483871	0.117511520737	0.34331797235	0.352534562212	0.324884792627	0.0	0.0	0.28801843318	0.13133640553	0.428571428571	0.246543778802	0.18202764977	0.36866359447	0.152073732719	0.320276497696	0.0414746543779	0.322580645161	0.10599078341	0.165898617512	0.165898617512	0.387096774194	0.361751152074	0.154377880184	0.138248847926	0.364055299539	0.10599078341	0.138248847926	0.124423963134	0.110599078341	0.299539170507	0.1866359447	0.10599078341	0.108294930876	0.15668202765	0.31797235023	0.3133640553	0.0414746543779	0.145161290323	0.380184331797	0.175115207373	0.135944700461	0.140552995392	0.138248847926	0.129032258065	0.13133640553	0.161290322581	0.361751152074	0.0414746543779	0.135944700461	0.373271889401	0.126728110599	0.179723502304	0.345622119816	0.387096774194	0.437788018433	0.359447004608	0.373271889401	0.377880184332	0.0898617511521	0.0898617511521	0.377880184332	0.115207373272	0.115207373272	0.437788018433	0.10599078341	0.407834101382	0.124423963134	0.336405529954
BYQ_AAAR.snv.bam	0.306451612903	0.149769585253	0.423963133641	0.122119815668	0.34331797235	0.352534562212	0.329493087558	0.0	0.0	0.292626728111	0.133640552995	0.433179723502	0.246543778802	0.1866359447	0.36866359447	0.15668202765	0.320276497696	0.0460829493088	0.327188940092	0.110599078341	0.168202764977	0.168202764977	0.387096774194	0.361751152074	0.158986175115	0.138248847926	0.364055299539	0.110599078341	0.142857142857	0.129032258065	0.115207373272	0.304147465438	0.191244239631	0.110599078341	0.112903225806	0.161290322581	0.31797235023	0.31797235023	0.0460829493088	0.147465437788	0.380184331797	0.179723502304	0.135944700461	0.145161290323	0.142857142857	0.133640552995	0.135944700461	0.161290322581	0.366359447005	0.0460829493088	0.140552995392	0.377880184332	0.13133640553	0.184331797235	0.345622119816	0.387096774194	0.442396313364	0.364055299539	0.377880184332	0.377880184332	0.0898617511521	0.0898617511521	0.377880184332	0.119815668203	0.117511520737	0.442396313364	0.110599078341	0.412442396313	0.129032258065	0.336405529954
CCIS07648107ST-4-0.snv.bam	0.216589861751	0.269585253456	0.218894009217	0.276497695853	0.285714285714	0.294930875576	0.175115207373	0.28801843318	0.292626728111	0.0	0.271889400922	0.184331797235	0.223502304147	0.239631336406	0.292626728111	0.276497695853	0.315668202765	0.274193548387	0.138248847926	0.264976958525	0.271889400922	0.271889400922	0.301843317972	0.331797235023	0.241935483871	0.311059907834	0.274193548387	0.23732718894	0.28801843318	0.248847926267	0.271889400922	0.205069124424	0.248847926267	0.28801843318	0.258064516129	0.255760368664	0.258064516129	0.161290322581	0.274193548387	0.283410138249	0.299539170507	0.241935483871	0.271889400922	0.3133640553	0.28801843318	0.28801843318	0.244239631336	0.292626728111	0.179723502304	0.274193548387	0.276497695853	0.122119815668	0.23732718894	0.246543778802	0.260368663594	0.306451612903	0.264976958525	0.235023041475	0.214285714286	0.292626728111	0.290322580645	0.290322580645	0.294930875576	0.271889400922	0.281105990783	0.264976958525	0.255760368664	0.23732718894	0.232718894009	0.248847926267
CCIS15794887ST-4-0.snv.bam	0.267281105991	0.0668202764977	0.375576036866	0.126728110599	0.336405529954	0.345622119816	0.292626728111	0.13133640553	0.133640552995	0.271889400922	0.0	0.389400921659	0.248847926267	0.175115207373	0.384792626728	0.13133640553	0.3133640553	0.129032258065	0.294930875576	0.129032258065	0.0829493087558	0.0829493087558	0.403225806452	0.34331797235	0.126728110599	0.170506912442	0.373271889401	0.0967741935484	0.129032258065	0.140552995392	0.119815668203	0.281105990783	0.158986175115	0.108294930876	0.0898617511521	0.168202764977	0.322580645161	0.278801843318	0.129032258065	0.165898617512	0.400921658986	0.163594470046	0.195852534562	0.135944700461	0.129032258065	0.124423963134	0.124423963134	0.188940092166	0.320276497696	0.129032258065	0.129032258065	0.338709677419	0.0645161290323	0.163594470046	0.352534562212	0.407834101382	0.398617511521	0.336405529954	0.341013824885	0.39400921659	0.133640552995	0.135944700461	0.370967741935	0.0944700460829	0.0529953917051	0.398617511521	0.110599078341	0.366359447005	0.0599078341014	0.350230414747
CCIS24254057ST-4-0.snv.bam	0.172811059908	0.382488479263	0.135944700461	0.36866359447	0.140552995392	0.142857142857	0.138248847926	0.428571428571	0.433179723502	0.184331797235	0.389400921659	0.0	0.170506912442	0.34331797235	0.133640552995	0.375576036866	0.205069124424	0.410138248848	0.0944700460829	0.400921658986	0.389400921659	0.389400921659	0.133640552995	0.216589861751	0.336405529954	0.338709677419	0.119815668203	0.373271889401	0.414746543779	0.389400921659	0.400921658986	0.170506912442	0.39400921659	0.407834101382	0.36866359447	0.391705069124	0.163594470046	0.115207373272	0.410138248848	0.412442396313	0.161290322581	0.387096774194	0.398617511521	0.435483870968	0.414746543779	0.410138248848	0.380184331797	0.364055299539	0.112903225806	0.410138248848	0.421658986175	0.0760368663594	0.364055299539	0.389400921659	0.124423963134	0.142857142857	0.124423963134	0.142857142857	0.0967741935484	0.133640552995	0.437788018433	0.440092165899	0.126728110599	0.39400921659	0.417050691244	0.124423963134	0.391705069124	0.110599078341	0.352534562212	0.140552995392
CCIS81710917ST-20-0.snv.bam	0.221198156682	0.246543778802	0.177419354839	0.253456221198	0.15668202765	0.154377880184	0.198156682028	0.246543778802	0.246543778802	0.223502304147	0.248847926267	0.170506912442	0.0	0.1866359447	0.122119815668	0.228110599078	0.223502304147	0.251152073733	0.163594470046	0.253456221198	0.244239631336	0.244239631336	0.124423963134	0.193548387097	0.223502304147	0.163594470046	0.119815668203	0.253456221198	0.26267281106	0.251152073733	0.260368663594	0.225806451613	0.23732718894	0.248847926267	0.21198156682	0.253456221198	0.0276497695853	0.191244239631	0.251152073733	0.253456221198	0.10599078341	0.225806451613	0.276497695853	0.292626728111	0.26267281106	0.271889400922	0.244239631336	0.241935483871	0.145161290323	0.251152073733	0.258064516129	0.188940092166	0.228110599078	0.228110599078	0.115207373272	0.124423963134	0.207373271889	0.21198156682	0.165898617512	0.122119815668	0.244239631336	0.246543778802	0.124423963134	0.241935483871	0.267281105991	0.207373271889	0.244239631336	0.1866359447	0.228110599078	0.0414746543779
CCIS81887263ST-4-0.snv.bam	0.205069124424	0.172811059908	0.324884792627	0.15668202765	0.308755760369	0.3133640553	0.225806451613	0.18202764977	0.1866359447	0.239631336406	0.175115207373	0.34331797235	0.1866359447	0.0	0.315668202765	0.161290322581	0.283410138249	0.158986175115	0.251152073733	0.154377880184	0.161290322581	0.161290322581	0.329493087558	0.31797235023	0.135944700461	0.207373271889	0.299539170507	0.163594470046	0.158986175115	0.170506912442	0.108294930876	0.258064516129	0.133640552995	0.161290322581	0.140552995392	0.18202764977	0.232718894009	0.244239631336	0.158986175115	0.198156682028	0.31797235023	0.140552995392	0.202764976959	0.161290322581	0.158986175115	0.158986175115	0.147465437788	0.246543778802	0.278801843318	0.158986175115	0.152073732719	0.28801843318	0.129032258065	0.135944700461	0.285714285714	0.329493087558	0.347926267281	0.34331797235	0.294930875576	0.320276497696	0.172811059908	0.175115207373	0.331797235023	0.149769585253	0.184331797235	0.347926267281	0.154377880184	0.322580645161	0.133640552995	0.26267281106
CCIS90166425ST-4-0.snv.bam	0.230414746544	0.377880184332	0.216589861751	0.357142857143	0.163594470046	0.161290322581	0.200460829493	0.36866359447	0.36866359447	0.292626728111	0.384792626728	0.133640552995	0.122119815668	0.315668202765	0.0	0.361751152074	0.202764976959	0.396313364055	0.168202764977	0.396313364055	0.387096774194	0.387096774194	0.0	0.205069124424	0.334101382488	0.28801843318	0.0	0.361751152074	0.400921658986	0.382488479263	0.389400921659	0.232718894009	0.389400921659	0.39400921659	0.345622119816	0.359447004608	0.103686635945	0.207373271889	0.396313364055	0.366359447005	0.0184331797235	0.384792626728	0.34331797235	0.426267281106	0.400921658986	0.405529953917	0.389400921659	0.308755760369	0.188940092166	0.396313364055	0.417050691244	0.195852534562	0.364055299539	0.387096774194	0.0	0.0	0.179723502304	0.198156682028	0.142857142857	0.0	0.373271889401	0.375576036866	0.0852534562212	0.380184331797	0.405529953917	0.179723502304	0.384792626728	0.168202764977	0.364055299539	0.0783410138249
CCMD34381688ST-21-0.snv.bam	0.264976958525	0.135944700461	0.357142857143	0.0806451612903	0.345622119816	0.354838709677	0.283410138249	0.152073732719	0.15668202765	0.276497695853	0.13133640553	0.375576036866	0.228110599078	0.161290322581	0.361751152074	0.0	0.357142857143	0.129032258065	0.278801843318	0.117511520737	0.170506912442	0.170506912442	0.380184331797	0.350230414747	0.122119815668	0.147465437788	0.350230414747	0.108294930876	0.0944700460829	0.138248847926	0.0852534562212	0.274193548387	0.170506912442	0.0852534562212	0.0852534562212	0.147465437788	0.278801843318	0.269585253456	0.129032258065	0.142857142857	0.36866359447	0.165898617512	0.184331797235	0.108294930876	0.0944700460829	0.122119815668	0.142857142857	0.163594470046	0.294930875576	0.129032258065	0.154377880184	0.324884792627	0.13133640553	0.175115207373	0.341013824885	0.384792626728	0.380184331797	0.311059907834	0.327188940092	0.370967741935	0.152073732719	0.152073732719	0.364055299539	0.0921658986175	0.129032258065	0.380184331797	0.112903225806	0.350230414747	0.129032258065	0.322580645161
CCMD60079086ST-21-0.snv.bam	0.225806451613	0.31797235023	0.216589861751	0.320276497696	0.170506912442	0.163594470046	0.255760368664	0.320276497696	0.320276497696	0.315668202765	0.3133640553	0.205069124424	0.223502304147	0.283410138249	0.202764976959	0.357142857143	0.0	0.34331797235	0.218894009217	0.341013824885	0.315668202765	0.315668202765	0.207373271889	0.0829493087558	0.278801843318	0.297235023041	0.195852534562	0.315668202765	0.347926267281	0.34331797235	0.341013824885	0.292626728111	0.315668202765	0.329493087558	0.304147465438	0.370967741935	0.239631336406	0.209677419355	0.34331797235	0.31797235023	0.230414746544	0.308755760369	0.294930875576	0.373271889401	0.347926267281	0.347926267281	0.324884792627	0.324884792627	0.193548387097	0.34331797235	0.354838709677	0.255760368664	0.283410138249	0.311059907834	0.191244239631	0.21198156682	0.1866359447	0.23732718894	0.161290322581	0.205069124424	0.315668202765	0.31797235023	0.205069124424	0.327188940092	0.341013824885	0.1866359447	0.327188940092	0.175115207373	0.276497695853	0.205069124424
CCMD63399960ST-21-0.snv.bam	0.283410138249	0.126728110599	0.396313364055	0.101382488479	0.370967741935	0.380184331797	0.308755760369	0.0414746543779	0.0460829493088	0.274193548387	0.129032258065	0.410138248848	0.251152073733	0.158986175115	0.396313364055	0.129032258065	0.34331797235	0.0	0.304147465438	0.0829493087558	0.163594470046	0.163594470046	0.412442396313	0.384792626728	0.140552995392	0.154377880184	0.382488479263	0.0967741935484	0.110599078341	0.101382488479	0.0875576036866	0.281105990783	0.158986175115	0.0829493087558	0.0944700460829	0.129032258065	0.331797235023	0.294930875576	0.0	0.15668202765	0.407834101382	0.147465437788	0.158986175115	0.126728110599	0.110599078341	0.119815668203	0.108294930876	0.179723502304	0.338709677419	0.0	0.108294930876	0.354838709677	0.122119815668	0.152073732719	0.370967741935	0.41935483871	0.423963133641	0.345622119816	0.366359447005	0.403225806452	0.122119815668	0.122119815668	0.405529953917	0.0967741935484	0.112903225806	0.423963133641	0.0829493087558	0.39400921659	0.119815668203	0.352534562212
CCMD82866709ST-21-0.snv.bam	0.073732718894	0.281105990783	0.202764976959	0.264976958525	0.163594470046	0.170506912442	0.0460829493088	0.322580645161	0.327188940092	0.138248847926	0.294930875576	0.0944700460829	0.163594470046	0.251152073733	0.168202764977	0.278801843318	0.218894009217	0.304147465438	0.0	0.28801843318	0.294930875576	0.294930875576	0.175115207373	0.235023041475	0.239631336406	0.269585253456	0.152073732719	0.269585253456	0.304147465438	0.278801843318	0.299539170507	0.073732718894	0.276497695853	0.304147465438	0.276497695853	0.285714285714	0.209677419355	0.0506912442396	0.304147465438	0.301843317972	0.200460829493	0.269585253456	0.276497695853	0.334101382488	0.304147465438	0.301843317972	0.276497695853	0.26267281106	0.165898617512	0.304147465438	0.306451612903	0.0184331797235	0.267281105991	0.271889400922	0.149769585253	0.18202764977	0.184331797235	0.193548387097	0.142857142857	0.172811059908	0.320276497696	0.320276497696	0.165898617512	0.294930875576	0.297235023041	0.184331797235	0.278801843318	0.161290322581	0.260368663594	0.193548387097
CCMD90311071ST-21-0.snv.bam	0.26267281106	0.126728110599	0.382488479263	0.108294930876	0.359447004608	0.370967741935	0.285714285714	0.10599078341	0.110599078341	0.264976958525	0.129032258065	0.400921658986	0.253456221198	0.154377880184	0.396313364055	0.117511520737	0.341013824885	0.0829493087558	0.28801843318	0.0	0.158986175115	0.158986175115	0.414746543779	0.380184331797	0.140552995392	0.147465437788	0.384792626728	0.117511520737	0.119815668203	0.117511520737	0.101382488479	0.269585253456	0.149769585253	0.0760368663594	0.0944700460829	0.135944700461	0.329493087558	0.274193548387	0.0829493087558	0.126728110599	0.403225806452	0.138248847926	0.177419354839	0.145161290323	0.119815668203	0.101382488479	0.0299539170507	0.193548387097	0.327188940092	0.0829493087558	0.108294930876	0.336405529954	0.122119815668	0.142857142857	0.36866359447	0.41935483871	0.410138248848	0.354838709677	0.357142857143	0.405529953917	0.112903225806	0.112903225806	0.396313364055	0.0967741935484	0.122119815668	0.410138248848	0.0230414746544	0.377880184332	0.119815668203	0.352534562212
M2.4-V2.metaG.snv.bam	0.267281105991	0.13133640553	0.380184331797	0.135944700461	0.345622119816	0.350230414747	0.294930875576	0.165898617512	0.168202764977	0.271889400922	0.0829493087558	0.389400921659	0.244239631336	0.161290322581	0.387096774194	0.170506912442	0.315668202765	0.163594470046	0.294930875576	0.158986175115	0.0	0.0	0.400921658986	0.345622119816	0.115207373272	0.223502304147	0.370967741935	0.142857142857	0.172811059908	0.165898617512	0.149769585253	0.31797235023	0.154377880184	0.145161290323	0.142857142857	0.207373271889	0.3133640553	0.283410138249	0.163594470046	0.200460829493	0.400921658986	0.149769585253	0.221198156682	0.175115207373	0.172811059908	0.158986175115	0.142857142857	0.223502304147	0.329493087558	0.163594470046	0.170506912442	0.338709677419	0.073732718894	0.154377880184	0.350230414747	0.403225806452	0.375576036866	0.329493087558	0.315668202765	0.391705069124	0.184331797235	0.184331797235	0.366359447005	0.147465437788	0.10599078341	0.375576036866	0.149769585253	0.347926267281	0.0760368663594	0.347926267281
M2.4-V3.metaG.snv.bam	0.267281105991	0.13133640553	0.380184331797	0.135944700461	0.345622119816	0.350230414747	0.294930875576	0.165898617512	0.168202764977	0.271889400922	0.0829493087558	0.389400921659	0.244239631336	0.161290322581	0.387096774194	0.170506912442	0.315668202765	0.163594470046	0.294930875576	0.158986175115	0.0	0.0	0.400921658986	0.345622119816	0.115207373272	0.223502304147	0.370967741935	0.142857142857	0.172811059908	0.165898617512	0.149769585253	0.31797235023	0.154377880184	0.145161290323	0.142857142857	0.207373271889	0.3133640553	0.283410138249	0.163594470046	0.200460829493	0.400921658986	0.149769585253	0.221198156682	0.175115207373	0.172811059908	0.158986175115	0.142857142857	0.223502304147	0.329493087558	0.163594470046	0.170506912442	0.338709677419	0.073732718894	0.154377880184	0.350230414747	0.403225806452	0.375576036866	0.329493087558	0.315668202765	0.391705069124	0.184331797235	0.184331797235	0.366359447005	0.147465437788	0.10599078341	0.375576036866	0.149769585253	0.347926267281	0.0760368663594	0.347926267281
M3.4-V2.metaG.snv.bam	0.239631336406	0.39400921659	0.218894009217	0.373271889401	0.165898617512	0.163594470046	0.207373271889	0.387096774194	0.387096774194	0.301843317972	0.403225806452	0.133640552995	0.124423963134	0.329493087558	0.0	0.380184331797	0.207373271889	0.412442396313	0.175115207373	0.414746543779	0.400921658986	0.400921658986	0.0	0.209677419355	0.347926267281	0.301843317972	0.0	0.377880184332	0.417050691244	0.398617511521	0.407834101382	0.244239631336	0.400921658986	0.412442396313	0.364055299539	0.373271889401	0.10599078341	0.216589861751	0.412442396313	0.380184331797	0.0184331797235	0.396313364055	0.361751152074	0.444700460829	0.417050691244	0.423963133641	0.407834101382	0.329493087558	0.191244239631	0.412442396313	0.433179723502	0.202764976959	0.377880184332	0.398617511521	0.0	0.0	0.18202764977	0.198156682028	0.145161290323	0.0	0.391705069124	0.39400921659	0.0852534562212	0.398617511521	0.423963133641	0.18202764977	0.403225806452	0.170506912442	0.373271889401	0.0806451612903
MH0211.snv.bam	0.248847926267	0.347926267281	0.191244239631	0.36866359447	0.188940092166	0.184331797235	0.274193548387	0.361751152074	0.361751152074	0.331797235023	0.34331797235	0.216589861751	0.193548387097	0.31797235023	0.205069124424	0.350230414747	0.0829493087558	0.384792626728	0.235023041475	0.380184331797	0.345622119816	0.345622119816	0.209677419355	0.0	0.327188940092	0.285714285714	0.198156682028	0.34331797235	0.387096774194	0.377880184332	0.375576036866	0.311059907834	0.350230414747	0.373271889401	0.338709677419	0.405529953917	0.202764976959	0.225806451613	0.384792626728	0.341013824885	0.214285714286	0.34331797235	0.327188940092	0.412442396313	0.387096774194	0.380184331797	0.364055299539	0.294930875576	0.170506912442	0.384792626728	0.387096774194	0.271889400922	0.327188940092	0.34331797235	0.191244239631	0.214285714286	0.195852534562	0.244239631336	0.170506912442	0.205069124424	0.361751152074	0.364055299539	0.21198156682	0.364055299539	0.375576036866	0.195852534562	0.366359447005	0.184331797235	0.320276497696	0.170506912442
MH0212.snv.bam	0.209677419355	0.117511520737	0.350230414747	0.0691244239631	0.297235023041	0.301843317972	0.23732718894	0.154377880184	0.158986175115	0.241935483871	0.126728110599	0.336405529954	0.223502304147	0.135944700461	0.334101382488	0.122119815668	0.278801843318	0.140552995392	0.239631336406	0.140552995392	0.115207373272	0.115207373272	0.347926267281	0.327188940092	0.0	0.193548387097	0.31797235023	0.135944700461	0.135944700461	0.147465437788	0.122119815668	0.264976958525	0.129032258065	0.115207373272	0.119815668203	0.161290322581	0.294930875576	0.239631336406	0.140552995392	0.163594470046	0.361751152074	0.119815668203	0.198156682028	0.15668202765	0.135944700461	0.133640552995	0.13133640553	0.218894009217	0.297235023041	0.140552995392	0.145161290323	0.281105990783	0.0921658986175	0.129032258065	0.306451612903	0.350230414747	0.34331797235	0.278801843318	0.292626728111	0.341013824885	0.161290322581	0.161290322581	0.327188940092	0.124423963134	0.152073732719	0.34331797235	0.135944700461	0.315668202765	0.0921658986175	0.322580645161
MH0244.snv.bam	0.253456221198	0.172811059908	0.329493087558	0.154377880184	0.26267281106	0.271889400922	0.271889400922	0.138248847926	0.138248847926	0.311059907834	0.170506912442	0.338709677419	0.163594470046	0.207373271889	0.28801843318	0.147465437788	0.297235023041	0.154377880184	0.269585253456	0.147465437788	0.223502304147	0.223502304147	0.301843317972	0.285714285714	0.193548387097	0.0	0.283410138249	0.133640552995	0.158986175115	0.163594470046	0.138248847926	0.248847926267	0.1866359447	0.158986175115	0.135944700461	0.177419354839	0.228110599078	0.267281105991	0.154377880184	0.129032258065	0.28801843318	0.188940092166	0.15668202765	0.18202764977	0.158986175115	0.165898617512	0.172811059908	0.138248847926	0.285714285714	0.154377880184	0.145161290323	0.31797235023	0.195852534562	0.188940092166	0.267281105991	0.301843317972	0.352534562212	0.297235023041	0.306451612903	0.292626728111	0.0760368663594	0.0783410138249	0.281105990783	0.154377880184	0.145161290323	0.352534562212	0.145161290323	0.327188940092	0.191244239631	0.241935483871
MH0247.snv.bam	0.214285714286	0.366359447005	0.200460829493	0.345622119816	0.15668202765	0.154377880184	0.184331797235	0.364055299539	0.364055299539	0.274193548387	0.373271889401	0.119815668203	0.119815668203	0.299539170507	0.0	0.350230414747	0.195852534562	0.382488479263	0.152073732719	0.384792626728	0.370967741935	0.370967741935	0.0	0.198156682028	0.31797235023	0.283410138249	0.0	0.350230414747	0.387096774194	0.36866359447	0.377880184332	0.221198156682	0.370967741935	0.382488479263	0.334101382488	0.347926267281	0.101382488479	0.191244239631	0.382488479263	0.357142857143	0.0184331797235	0.366359447005	0.338709677419	0.414746543779	0.387096774194	0.39400921659	0.377880184332	0.306451612903	0.175115207373	0.382488479263	0.403225806452	0.179723502304	0.347926267281	0.36866359447	0.0	0.0	0.163594470046	0.179723502304	0.126728110599	0.0	0.36866359447	0.370967741935	0.0829493087558	0.36866359447	0.39400921659	0.163594470046	0.373271889401	0.152073732719	0.345622119816	0.0760368663594
MH0252.snv.bam	0.248847926267	0.119815668203	0.364055299539	0.0967741935484	0.329493087558	0.334101382488	0.269585253456	0.10599078341	0.110599078341	0.23732718894	0.0967741935484	0.373271889401	0.253456221198	0.163594470046	0.361751152074	0.108294930876	0.315668202765	0.0967741935484	0.269585253456	0.117511520737	0.142857142857	0.142857142857	0.377880184332	0.34331797235	0.135944700461	0.133640552995	0.350230414747	0.0	0.073732718894	0.103686635945	0.0875576036866	0.246543778802	0.133640552995	0.0967741935484	0.073732718894	0.124423963134	0.306451612903	0.264976958525	0.0967741935484	0.112903225806	0.377880184332	0.142857142857	0.126728110599	0.110599078341	0.073732718894	0.10599078341	0.138248847926	0.168202764977	0.308755760369	0.0967741935484	0.110599078341	0.315668202765	0.10599078341	0.138248847926	0.341013824885	0.384792626728	0.382488479263	0.3133640553	0.331797235023	0.36866359447	0.0921658986175	0.0921658986175	0.352534562212	0.0783410138249	0.0714285714286	0.382488479263	0.110599078341	0.354838709677	0.103686635945	0.336405529954
MH0261.snv.bam	0.292626728111	0.13133640553	0.410138248848	0.10599078341	0.370967741935	0.380184331797	0.311059907834	0.138248847926	0.142857142857	0.28801843318	0.129032258065	0.414746543779	0.26267281106	0.158986175115	0.400921658986	0.0944700460829	0.347926267281	0.110599078341	0.304147465438	0.119815668203	0.172811059908	0.172811059908	0.417050691244	0.387096774194	0.135944700461	0.158986175115	0.387096774194	0.073732718894	0.0	0.13133640553	0.0921658986175	0.299539170507	0.165898617512	0.0944700460829	0.0806451612903	0.122119815668	0.336405529954	0.308755760369	0.110599078341	0.129032258065	0.421658986175	0.170506912442	0.177419354839	0.135944700461	0.0	0.10599078341	0.145161290323	0.193548387097	0.352534562212	0.110599078341	0.145161290323	0.359447004608	0.13133640553	0.170506912442	0.377880184332	0.423963133641	0.428571428571	0.359447004608	0.366359447005	0.407834101382	0.108294930876	0.108294930876	0.39400921659	0.0921658986175	0.108294930876	0.428571428571	0.119815668203	0.398617511521	0.129032258065	0.36866359447
MH0267.snv.bam	0.271889400922	0.110599078341	0.380184331797	0.108294930876	0.354838709677	0.366359447005	0.297235023041	0.124423963134	0.129032258065	0.248847926267	0.140552995392	0.389400921659	0.251152073733	0.170506912442	0.382488479263	0.138248847926	0.34331797235	0.101382488479	0.278801843318	0.117511520737	0.165898617512	0.165898617512	0.398617511521	0.377880184332	0.147465437788	0.163594470046	0.36866359447	0.103686635945	0.13133640553	0.0	0.103686635945	0.274193548387	0.15668202765	0.115207373272	0.103686635945	0.129032258065	0.320276497696	0.269585253456	0.101382488479	0.147465437788	0.396313364055	0.149769585253	0.145161290323	0.142857142857	0.13133640553	0.135944700461	0.142857142857	0.184331797235	0.324884792627	0.101382488479	0.124423963134	0.329493087558	0.133640552995	0.154377880184	0.354838709677	0.403225806452	0.403225806452	0.338709677419	0.347926267281	0.389400921659	0.122119815668	0.122119815668	0.387096774194	0.108294930876	0.115207373272	0.403225806452	0.112903225806	0.373271889401	0.13133640553	0.350230414747
MH0272.snv.bam	0.278801843318	0.112903225806	0.373271889401	0.0852534562212	0.366359447005	0.373271889401	0.294930875576	0.110599078341	0.115207373272	0.271889400922	0.119815668203	0.400921658986	0.260368663594	0.108294930876	0.389400921659	0.0852534562212	0.341013824885	0.0875576036866	0.299539170507	0.101382488479	0.149769585253	0.149769585253	0.407834101382	0.375576036866	0.122119815668	0.138248847926	0.377880184332	0.0875576036866	0.0921658986175	0.103686635945	0.0	0.271889400922	0.161290322581	0.0806451612903	0.0898617511521	0.140552995392	0.3133640553	0.294930875576	0.0875576036866	0.140552995392	0.398617511521	0.161290322581	0.158986175115	0.0898617511521	0.0921658986175	0.10599078341	0.126728110599	0.170506912442	0.315668202765	0.0875576036866	0.112903225806	0.345622119816	0.112903225806	0.165898617512	0.357142857143	0.410138248848	0.400921658986	0.3133640553	0.345622119816	0.398617511521	0.10599078341	0.108294930876	0.396313364055	0.0990783410138	0.0944700460829	0.400921658986	0.10599078341	0.373271889401	0.110599078341	0.345622119816
MH0309.snv.bam	0.0714285714286	0.271889400922	0.274193548387	0.246543778802	0.223502304147	0.23732718894	0.0345622119816	0.299539170507	0.304147465438	0.205069124424	0.281105990783	0.170506912442	0.225806451613	0.258064516129	0.232718894009	0.274193548387	0.292626728111	0.281105990783	0.073732718894	0.269585253456	0.31797235023	0.31797235023	0.244239631336	0.311059907834	0.264976958525	0.248847926267	0.221198156682	0.246543778802	0.299539170507	0.274193548387	0.271889400922	0.0	0.283410138249	0.299539170507	0.267281105991	0.271889400922	0.278801843318	0.129032258065	0.281105990783	0.28801843318	0.267281105991	0.285714285714	0.232718894009	0.297235023041	0.299539170507	0.294930875576	0.274193548387	0.253456221198	0.225806451613	0.281105990783	0.264976958525	0.0944700460829	0.290322580645	0.278801843318	0.218894009217	0.253456221198	0.264976958525	0.281105990783	0.209677419355	0.241935483871	0.292626728111	0.292626728111	0.251152073733	0.283410138249	0.278801843318	0.264976958525	0.264976958525	0.241935483871	0.278801843318	0.255760368664
MH0338.snv.bam	0.223502304147	0.154377880184	0.366359447005	0.158986175115	0.359447004608	0.364055299539	0.251152073733	0.1866359447	0.191244239631	0.248847926267	0.158986175115	0.39400921659	0.23732718894	0.133640552995	0.389400921659	0.170506912442	0.315668202765	0.158986175115	0.276497695853	0.149769585253	0.154377880184	0.154377880184	0.400921658986	0.350230414747	0.129032258065	0.1866359447	0.370967741935	0.133640552995	0.165898617512	0.15668202765	0.161290322581	0.283410138249	0.0	0.145161290323	0.147465437788	0.193548387097	0.301843317972	0.267281105991	0.158986175115	0.158986175115	0.389400921659	0.0161290322581	0.175115207373	0.191244239631	0.165898617512	0.18202764977	0.138248847926	0.232718894009	0.3133640553	0.158986175115	0.0783410138249	0.320276497696	0.129032258065	0.00691244239631	0.354838709677	0.405529953917	0.39400921659	0.347926267281	0.329493087558	0.391705069124	0.161290322581	0.161290322581	0.380184331797	0.147465437788	0.163594470046	0.39400921659	0.145161290323	0.364055299539	0.129032258065	0.327188940092
MH0339.snv.bam	0.292626728111	0.10599078341	0.389400921659	0.0898617511521	0.359447004608	0.36866359447	0.315668202765	0.10599078341	0.110599078341	0.28801843318	0.108294930876	0.407834101382	0.248847926267	0.161290322581	0.39400921659	0.0852534562212	0.329493087558	0.0829493087558	0.304147465438	0.0760368663594	0.145161290323	0.145161290323	0.412442396313	0.373271889401	0.115207373272	0.158986175115	0.382488479263	0.0967741935484	0.0944700460829	0.115207373272	0.0806451612903	0.299539170507	0.145161290323	0.0	0.0668202764977	0.13133640553	0.320276497696	0.301843317972	0.0829493087558	0.138248847926	0.400921658986	0.145161290323	0.179723502304	0.126728110599	0.0944700460829	0.103686635945	0.10599078341	0.177419354839	0.331797235023	0.0829493087558	0.115207373272	0.357142857143	0.10599078341	0.149769585253	0.366359447005	0.417050691244	0.417050691244	0.327188940092	0.361751152074	0.403225806452	0.133640552995	0.133640552995	0.389400921659	0.0714285714286	0.110599078341	0.417050691244	0.0806451612903	0.387096774194	0.103686635945	0.352534562212
MH0348.snv.bam	0.260368663594	0.10599078341	0.350230414747	0.0967741935484	0.327188940092	0.334101382488	0.281105990783	0.108294930876	0.112903225806	0.258064516129	0.0898617511521	0.36866359447	0.21198156682	0.140552995392	0.345622119816	0.0852534562212	0.304147465438	0.0944700460829	0.276497695853	0.0944700460829	0.142857142857	0.142857142857	0.364055299539	0.338709677419	0.119815668203	0.135944700461	0.334101382488	0.073732718894	0.0806451612903	0.103686635945	0.0898617511521	0.267281105991	0.147465437788	0.0668202764977	0.0	0.101382488479	0.281105990783	0.267281105991	0.0944700460829	0.108294930876	0.361751152074	0.149769585253	0.158986175115	0.124423963134	0.0806451612903	0.0714285714286	0.122119815668	0.158986175115	0.297235023041	0.0944700460829	0.124423963134	0.320276497696	0.10599078341	0.149769585253	0.31797235023	0.36866359447	0.373271889401	0.320276497696	0.320276497696	0.354838709677	0.112903225806	0.112903225806	0.34331797235	0.0	0.103686635945	0.373271889401	0.0875576036866	0.345622119816	0.103686635945	0.308755760369
MH0369.snv.bam	0.308755760369	0.13133640553	0.377880184332	0.135944700461	0.347926267281	0.359447004608	0.285714285714	0.15668202765	0.161290322581	0.255760368664	0.168202764977	0.391705069124	0.253456221198	0.18202764977	0.359447004608	0.147465437788	0.370967741935	0.129032258065	0.285714285714	0.135944700461	0.207373271889	0.207373271889	0.373271889401	0.405529953917	0.161290322581	0.177419354839	0.347926267281	0.124423963134	0.122119815668	0.129032258065	0.140552995392	0.271889400922	0.193548387097	0.13133640553	0.101382488479	0.0	0.315668202765	0.324884792627	0.129032258065	0.172811059908	0.373271889401	0.1866359447	0.205069124424	0.165898617512	0.122119815668	0.129032258065	0.161290322581	0.216589861751	0.324884792627	0.129032258065	0.161290322581	0.331797235023	0.175115207373	0.191244239631	0.334101382488	0.380184331797	0.398617511521	0.347926267281	0.341013824885	0.364055299539	0.149769585253	0.149769585253	0.361751152074	0.117511520737	0.161290322581	0.398617511521	0.126728110599	0.366359447005	0.172811059908	0.347926267281
