	158742018-stool1.snv.bam	682102541-stool3.snv.bam	763496533-stool1.snv.bam	764487809-stool1.snv.bam	764487809-stool2.snv.bam	BYQ_AAAM.snv.bam	CCIS00146684ST-4-0.snv.bam	CCIS21126322ST-4-0.snv.bam	CCIS27927933ST-4-0.snv.bam	CCIS51667829ST-4-0.snv.bam	CCIS74239020ST-4-0.snv.bam	CCIS90164298ST-4-0.snv.bam	CCIS94417875ST-3-0.snv.bam	CCMD46222674ST-21-0.snv.bam	CCMD46947453ST-21-0.snv.bam	DLM022.snv.bam	M1.3-V1.metaG.snv.bam	M2.1-V1.metaG.snv.bam	M2.1-V2.metaG.snv.bam	MH0176.snv.bam	MH0193.snv.bam	MH0196.snv.bam	MH0204.snv.bam	MH0234.snv.bam	MH0252.snv.bam	MH0265.snv.bam	MH0356.snv.bam	MH0362.snv.bam	MH0371.snv.bam	MH0406.snv.bam	MH0407.snv.bam	MH0430.snv.bam	MH0434.snv.bam	MH0439.snv.bam	MH0457.snv.bam	N079A.snv.bam	NG-5425_475.snv.bam	NG-5636_146.snv.bam	NG-5636_153.snv.bam	NG-5636_264.snv.bam	NG-5636_389.snv.bam	NG-5636_424.snv.bam	NG-5636_458.snv.bam	NG-5636_591.snv.bam	NG-5636_602.snv.bam	NOF008.snv.bam	O2.UC24-1.snv.bam	O2.UC28-0.snv.bam	O2.UC28-2.snv.bam	O2.UC31-1.snv.bam	T2D-15A.snv.bam	T2D-33A.snv.bam	V1.CD1-0-PT.snv.bam	V1.CD22-0.snv.bam	V1.CD52-0.snv.bam	V1.FI28.snv.bam	V1.UC47-0.snv.bam
158742018-stool1.snv.bam	0.0	0.131506637045	0.185440332165	0.168213572482	0.167371148014	0.146565704301	0.306550156492	0.198389876721	0.176462048775	0.190451212756	0.11320383384	0.145610582883	0.0911022880355	0.189499299709	0.274518188636	0.198434606928	0.190362990894	0.156280334989	0.166997959093	0.190113413511	0.179108608006	0.211785279095	0.182368779674	0.163544183122	0.198658720934	0.1718249804	0.104252819827	0.176357794976	0.185448156131	0.198559956229	0.207480496573	0.15952854867	0.203537665429	0.171499797965	0.221211117301	0.18021537495	0.203796850242	0.207748907183	0.180169600405	0.179520249756	0.207768849135	0.211076175301	0.176052046912	0.190717175724	0.174777971575	0.152866397091	0.193165161044	0.153024140187	0.153674960578	0.198068434873	0.192616316638	0.153695139285	0.181526270777	0.149549596855	0.162267208183	0.172236131625	0.0962256847074
682102541-stool3.snv.bam	0.131506637045	0.0	0.123351617894	0.110488167337	0.109366502597	0.142678823234	0.351182925602	0.194770918164	0.144504475878	0.241617073039	0.156586690833	0.19116572112	0.0564015996999	0.235847929341	0.290750798563	0.220150892149	0.249995828051	0.199367815647	0.209494209494	0.250236750909	0.201734531684	0.211090068652	0.237788154761	0.219716471445	0.185635515259	0.163886490875	0.0253228961363	0.200465566904	0.186355286013	0.215025883806	0.191509981175	0.179255852127	0.145119872517	0.216817175721	0.185947177391	0.177826564695	0.213933206192	0.245216502117	0.204682791488	0.185502897308	0.254548322573	0.227809116425	0.231287484712	0.182254888538	0.114901045457	0.204049180306	0.172036368544	0.177507677508	0.177663028358	0.199843357534	0.247669152901	0.172686292118	0.188841221723	0.193986125493	0.186341213577	0.19135656162	0.15325748785
763496533-stool1.snv.bam	0.185440332165	0.123351617894	0.0	0.0194580859511	0.0187153795919	0.0637520566217	0.308051345439	0.173082415985	0.197312119914	0.201214731028	0.196173242182	0.211340189201	0.129641325193	0.200540901888	0.284941678416	0.239281992268	0.192517602983	0.131964359535	0.133860750719	0.191513470583	0.183299795237	0.193430390208	0.147580548971	0.148258820798	0.141475145289	0.0939437844618	0.150561689891	0.115818073506	0.178171873942	0.189051386588	0.244081092186	0.0787721838918	0.116068418229	0.178299858747	0.142827189901	0.0767457409851	0.19595899023	0.209208103908	0.122982058362	0.0999033470386	0.20024486534	0.161091590218	0.196166951516	0.165526138228	0.00503501941358	0.195515239063	0.170194967774	0.156369217889	0.156117472193	0.174346009518	0.232723919594	0.116919155962	0.168260536258	0.183521762928	0.215344584203	0.156868335809	0.196609112137
764487809-stool1.snv.bam	0.168213572482	0.110488167337	0.0194580859511	0.0	0.00182352065634	0.046749021749	0.308901229489	0.156170416406	0.18035534786	0.210854720676	0.19674298541	0.202991801422	0.112690736691	0.183471380471	0.267945310883	0.222296470002	0.193229021203	0.128111431053	0.134790123457	0.174326500131	0.188091309131	0.185175120336	0.148203012266	0.130206776283	0.140960774513	0.0770652773343	0.13195096505	0.0985948372615	0.16974298541	0.189652865056	0.226309537526	0.078691455619	0.09911335578	0.187854096521	0.152728475734	0.0773002825187	0.187821856962	0.209862124384	0.123307723308	0.0811584311584	0.20069021812	0.177894362503	0.179032547699	0.166236293668	0.0141161616162	0.186757423273	0.179761271362	0.15698989899	0.156673270893	0.157315819468	0.217774371763	0.108655681236	0.151607073945	0.201639159452	0.198243726759	0.140028109525	0.179238949368
764487809-stool2.snv.bam	0.167371148014	0.109366502597	0.0187153795919	0.00182352065634	0.0	0.0455650145631	0.308075678927	0.155263230847	0.178950812017	0.210021756282	0.195987061505	0.202071959005	0.111598983011	0.182679599345	0.266996138983	0.221578996911	0.192354430716	0.127340342458	0.134032743104	0.173998562716	0.188326794399	0.184482800724	0.147812387715	0.130325630715	0.141779088439	0.0759411617957	0.131841895703	0.0980565933961	0.169653062407	0.18869378308	0.226177115754	0.077934075266	0.0985235366897	0.186948534715	0.151521775272	0.0765080437778	0.186975790928	0.20917211072	0.12339623637	0.0821095028928	0.200524559114	0.176949408373	0.178201350454	0.165469039646	0.0140105626582	0.18627864199	0.17831407313	0.156162233341	0.15586620181	0.156443659601	0.217383449643	0.107404320649	0.150904506932	0.201171314996	0.197329453733	0.13873938191	0.179085503207
BYQ_AAAM.snv.bam	0.146565704301	0.142678823234	0.0637520566217	0.046749021749	0.0455650145631	0.0	0.298165137615	0.170776617512	0.154090959175	0.181157078216	0.193693693694	0.2	0.139783456972	0.162224724725	0.265858212754	0.228098121798	0.190118230915	0.105713094245	0.112885612886	0.136019327983	0.185929648241	0.213327159195	0.109689656748	0.118371212121	0.161919925384	0.0678942147885	0.150234741784	0.112987987988	0.194481981982	0.177044392523	0.23435442464	0.0783555294425	0.117767767768	0.157657657658	0.135520829783	0.0996639272501	0.194253050871	0.189572700912	0.0839856490541	0.0970319634703	0.162750232443	0.170600133913	0.166734916735	0.181424244636	0.0599078341014	0.192683700087	0.162673233215	0.143893893894	0.144547645909	0.153733728212	0.218017687491	0.0897196261682	0.129325749005	0.171945701357	0.159001914375	0.104764691721	0.158903380357
CCIS00146684ST-4-0.snv.bam	0.306550156492	0.351182925602	0.308051345439	0.308901229489	0.308075678927	0.298165137615	0.0	0.316493640548	0.386248019665	0.309253246753	0.366515837104	0.310502283105	0.344004035296	0.316679235797	0.384507155573	0.349823334311	0.309164222874	0.308546292417	0.316742081448	0.299530727657	0.266331658291	0.322192199698	0.250087235996	0.283295281583	0.355323227794	0.330491382027	0.377990430622	0.289969834087	0.267760180995	0.366725352113	0.301660874282	0.291379762607	0.321920563097	0.303167420814	0.303554860687	0.312784578505	0.346341253444	0.317105801991	0.322903014417	0.303899082569	0.299233265169	0.29775712248	0.330248183189	0.336794354839	0.310185185185	0.307663260019	0.366681152474	0.311965811966	0.312719112495	0.299225736032	0.346063408159	0.327699530516	0.305177541947	0.318181818182	0.341542832168	0.327631467256	0.359625668449
CCIS21126322ST-4-0.snv.bam	0.198389876721	0.194770918164	0.173082415985	0.156170416406	0.155263230847	0.170776617512	0.316493640548	0.0	0.236481677115	0.205335264992	0.235322012307	0.206249476221	0.195408694808	0.169160260963	0.253391731239	0.205156910441	0.196510132274	0.162597095456	0.172743910475	0.177889064898	0.198124385988	0.132054017895	0.249714301582	0.170020555448	0.168994759876	0.177606163432	0.211255421993	0.164157637126	0.14749533167	0.229831741648	0.204818808225	0.15680524767	0.156223898484	0.234920961046	0.1824750684	0.142189369266	0.187013373552	0.195663431266	0.192403967286	0.144683147916	0.169403569568	0.213673400418	0.164637546713	0.0984696785879	0.172077836339	0.185433568312	0.253155368631	0.230717313013	0.231179072275	0.116873074954	0.238546627252	0.128295461457	0.157635321167	0.214094261629	0.219344001224	0.16100884901	0.227944271549
CCIS27927933ST-4-0.snv.bam	0.176462048775	0.144504475878	0.197312119914	0.18035534786	0.178950812017	0.154090959175	0.386248019665	0.236481677115	0.0	0.219885907929	0.205498348516	0.166912696276	0.129777154727	0.192167495341	0.312827535256	0.23331212313	0.20110606741	0.245311962102	0.250411768429	0.210400346927	0.233906649875	0.234615605221	0.247714158403	0.193950014827	0.19722643398	0.183454601676	0.136804815169	0.250366859445	0.214905158317	0.148458882284	0.211077641529	0.220848374396	0.125739997933	0.196569777087	0.161191693323	0.22837956213	0.233679756083	0.210058989081	0.223039367987	0.236420104898	0.210355484279	0.239940623845	0.178780274923	0.202213458506	0.187386796964	0.223257782847	0.117279233291	0.201384705933	0.201390219106	0.17482373987	0.236538612464	0.16136158323	0.149477540112	0.125702376985	0.112874677778	0.121857901179	0.170925965207
CCIS51667829ST-4-0.snv.bam	0.190451212756	0.241617073039	0.201214731028	0.210854720676	0.210021756282	0.181157078216	0.309253246753	0.205335264992	0.219885907929	0.0	0.218909438776	0.18935006435	0.223085222184	0.169864299887	0.281439905746	0.213996245781	0.206510508152	0.209046635183	0.210251430118	0.170177500893	0.19801980198	0.209569267784	0.216169057649	0.144331831832	0.151036092483	0.214450006238	0.245283018868	0.192176870748	0.192586096939	0.217815806878	0.229033034175	0.185702270038	0.18352111678	0.120695153061	0.129687097885	0.179290652389	0.211103265195	0.147758371467	0.202973497091	0.22268907563	0.138907919824	0.226872588238	0.174334222325	0.188605577483	0.191780821918	0.217229029636	0.201503415676	0.187411422902	0.187740460295	0.170377687272	0.231384720565	0.172387566138	0.166444296806	0.166079436259	0.202579091312	0.179565957447	0.184223913781
CCIS74239020ST-4-0.snv.bam	0.11320383384	0.156586690833	0.196173242182	0.19674298541	0.195987061505	0.193693693694	0.366515837104	0.235322012307	0.205498348516	0.218909438776	0.0	0.192825112108	0.129206709363	0.235617283951	0.284611632216	0.201788151954	0.218822004608	0.194775812423	0.195824915825	0.227400181388	0.178217821782	0.235424449208	0.201700036075	0.219544095665	0.218290376843	0.226988958591	0.1220657277	0.178148148148	0.249666666667	0.216071428571	0.237922664793	0.20268921095	0.240345679012	0.186666666667	0.249269440942	0.182779519331	0.228177421537	0.173790312283	0.217985842986	0.208333333333	0.236081339738	0.193082739345	0.204511784512	0.178994455645	0.186363636364	0.221646853782	0.223226892559	0.173580246914	0.173731455074	0.253787648873	0.242754291761	0.220276497696	0.216058206308	0.178571428571	0.210443853022	0.228030905341	0.125525210084
CCIS90164298ST-4-0.snv.bam	0.145610582883	0.19116572112	0.211340189201	0.202991801422	0.202071959005	0.2	0.310502283105	0.206249476221	0.166912696276	0.18935006435	0.192825112108	0.0	0.161754956438	0.188403089188	0.237696051585	0.148447415173	0.198270851497	0.214404317144	0.219730941704	0.153163562716	0.205	0.210679148117	0.252839202839	0.172134238311	0.238077865117	0.197634599476	0.188679245283	0.202167414051	0.211547085202	0.199131944444	0.146178116507	0.185627477741	0.202441454908	0.183856502242	0.229083516645	0.19787171233	0.176554395304	0.233457755361	0.224512987013	0.214772727273	0.224609858345	0.239556996158	0.165987226525	0.158084495786	0.206422018349	0.153300077084	0.193307088084	0.179123069258	0.179773889649	0.170860361597	0.167267435749	0.208372093023	0.185973159408	0.130630630631	0.153781185031	0.176364850768	0.131160572337
CCIS94417875ST-3-0.snv.bam	0.0911022880355	0.0564015996999	0.129641325193	0.112690736691	0.111598983011	0.139783456972	0.344004035296	0.195408694808	0.129777154727	0.223085222184	0.129206709363	0.161754956438	0.0	0.222361965182	0.29794910411	0.216468219866	0.241406868924	0.19941723599	0.209245279242	0.222862275443	0.217773799282	0.215840789315	0.233063399061	0.206353296365	0.15043170785	0.151246301516	0.0331289109175	0.191379850047	0.191723372251	0.184085297727	0.224187123079	0.179813278071	0.147198680893	0.200195431168	0.209049054619	0.169533216081	0.210086891012	0.240021259775	0.190667714533	0.185707805979	0.231281828837	0.24347712078	0.21792313241	0.18323737117	0.118146293221	0.191184013501	0.183342279266	0.160400777415	0.160308454373	0.213917348206	0.233018339749	0.160380256604	0.189698571898	0.165442007173	0.170583831976	0.178757506932	0.112206284928
CCMD46222674ST-21-0.snv.bam	0.189499299709	0.235847929341	0.200540901888	0.183471380471	0.182679599345	0.162224724725	0.316679235797	0.169160260963	0.192167495341	0.169864299887	0.235617283951	0.188403089188	0.222361965182	0.0	0.262390255588	0.225371526215	0.151919722862	0.194427304721	0.200331088664	0.152045243116	0.237692519252	0.129526123096	0.233282602814	0.134404583956	0.182791061738	0.151495131431	0.230112154408	0.200432098765	0.103061728395	0.189061699949	0.218205634679	0.175150295223	0.102925925926	0.235617283951	0.138049118055	0.19617458106	0.227427737193	0.0983396700077	0.202282639783	0.185873373373	0.134121010562	0.148636136113	0.0490179573513	0.170127888185	0.200063131313	0.19164092335	0.235779660381	0.19537037037	0.196321919102	0.0984123402314	0.208761650515	0.137391193036	0.120616360954	0.17863343254	0.174791571276	0.0941643378804	0.130051499767
CCMD46947453ST-21-0.snv.bam	0.274518188636	0.290750798563	0.284941678416	0.267945310883	0.266996138983	0.265858212754	0.384507155573	0.253391731239	0.312827535256	0.281439905746	0.284611632216	0.237696051585	0.29794910411	0.262390255588	0.0	0.190026224402	0.26348878668	0.266855514416	0.275837467454	0.253993453363	0.267313300089	0.226895555975	0.295316188669	0.237885611067	0.294315899765	0.289239797367	0.300646090369	0.249350473621	0.249833854438	0.285945240777	0.238221943121	0.250735336745	0.258586940858	0.311202325473	0.27610329538	0.262564220283	0.237569638344	0.280301899837	0.265826037722	0.248966320863	0.24519186156	0.288550410413	0.249062533927	0.236910085643	0.277325789427	0.21892222211	0.302867101739	0.271031385302	0.27155965361	0.236099483856	0.214355040237	0.275589051228	0.259919351195	0.290267491668	0.285946608596	0.250520268058	0.295274846774
DLM022.snv.bam	0.198434606928	0.220150892149	0.239281992268	0.222296470002	0.221578996911	0.228098121798	0.349823334311	0.205156910441	0.23331212313	0.213996245781	0.201788151954	0.148447415173	0.216468219866	0.225371526215	0.190026224402	0.0	0.212705789485	0.219331803139	0.224792840443	0.201687188569	0.175946371065	0.206219116653	0.265576963909	0.221391046621	0.218512277131	0.235238813625	0.22498889439	0.197678103328	0.217560677659	0.227136244737	0.169711944694	0.213478713668	0.240180430745	0.220728158536	0.248557016539	0.216326568529	0.179580836433	0.247766447207	0.236857834186	0.210055721013	0.228328252295	0.249763885091	0.212043804554	0.183494516472	0.2310293505	0.154601544052	0.233542322776	0.228563868181	0.228624300231	0.194989928786	0.150585450745	0.229713562385	0.220116212255	0.201601329581	0.203516047264	0.21340499203	0.197927821716
M1.3-V1.metaG.snv.bam	0.190362990894	0.249995828051	0.192517602983	0.193229021203	0.192354430716	0.190118230915	0.309164222874	0.196510132274	0.20110606741	0.206510508152	0.218822004608	0.198270851497	0.241406868924	0.151919722862	0.26348878668	0.212705789485	0.0	0.177139429485	0.174449710236	0.206305445734	0.223960840957	0.153946940388	0.206934672926	0.162422503148	0.19230100686	0.214681449622	0.250076080341	0.210265456989	0.14817468318	0.20383624552	0.222421710116	0.176686264443	0.139109703021	0.200964861751	0.147775684125	0.188131789651	0.184429916845	0.143403219939	0.205018036991	0.195774339512	0.152722189956	0.169427931973	0.147325792487	0.175385143932	0.182722050376	0.193011154219	0.210344552938	0.187323988735	0.188279785452	0.152433110247	0.168122536241	0.184333930705	0.149004609238	0.152538695212	0.184554045333	0.126318950236	0.23826805422
M2.1-V1.metaG.snv.bam	0.156280334989	0.199367815647	0.131964359535	0.128111431053	0.127340342458	0.105713094245	0.308546292417	0.162597095456	0.245311962102	0.209046635183	0.194775812423	0.214404317144	0.19941723599	0.194427304721	0.266855514416	0.219331803139	0.177139429485	0.0	0.00047991224462	0.177153105279	0.197199265381	0.193721379068	0.146758494031	0.141535215165	0.176250389318	0.113655973885	0.205959112658	0.127279583162	0.20420608803	0.229305377721	0.24035976798	0.0796699038387	0.208592714475	0.194775812423	0.203801672699	0.0912707981674	0.168861914601	0.199191067265	0.0983408793042	0.102272727273	0.172467873698	0.193197520933	0.180858357329	0.163860470541	0.120580808081	0.178301776588	0.230630245076	0.144750674162	0.145407384331	0.185775593171	0.208347420504	0.146692274861	0.218056329826	0.181611570248	0.21860894787	0.177424855686	0.191650461838
M2.1-V2.metaG.snv.bam	0.166997959093	0.209494209494	0.133860750719	0.134790123457	0.134032743104	0.112885612886	0.316742081448	0.172743910475	0.250411768429	0.210251430118	0.195824915825	0.219730941704	0.209245279242	0.200331088664	0.275837467454	0.224792840443	0.174449710236	0.00047991224462	0.0	0.183363986101	0.202820282028	0.19969077409	0.148669733045	0.148440684876	0.1776474612	0.120591652194	0.21624697681	0.133973063973	0.21438047138	0.230175603966	0.245474821878	0.0827653345045	0.214244668911	0.195824915825	0.205094356766	0.0941599907117	0.175248579545	0.200612501278	0.101141726142	0.109507234507	0.174317603081	0.1937192015	0.187003367003	0.165872161273	0.122865013774	0.188645303105	0.231589345922	0.146689113356	0.147334148677	0.19156382505	0.213543965607	0.152995391705	0.223540042211	0.183035714286	0.224107272935	0.183658610968	0.197224344283
MH0176.snv.bam	0.190113413511	0.250236750909	0.191513470583	0.174326500131	0.173998562716	0.136019327983	0.299530727657	0.177889064898	0.210400346927	0.170177500893	0.227400181388	0.153163562716	0.222862275443	0.152045243116	0.253993453363	0.201687188569	0.206305445734	0.177153105279	0.183363986101	0.0	0.22278001263	0.195270127202	0.197489754257	0.125906462567	0.195570966087	0.142923090596	0.239648078931	0.156057588795	0.20947240361	0.231376916185	0.226149750624	0.15818319266	0.173860057931	0.165316848054	0.200808511218	0.170318589608	0.218755424351	0.187346766363	0.166437603401	0.16759590456	0.16908572988	0.24055248853	0.147606410344	0.1568517807	0.191255867328	0.188624333085	0.245238984244	0.187292156696	0.18746935576	0.143547339771	0.216098506706	0.181549727245	0.174636912712	0.183729796811	0.184534437005	0.139546332999	0.178922516756
MH0193.snv.bam	0.179108608006	0.201734531684	0.183299795237	0.188091309131	0.188326794399	0.185929648241	0.266331658291	0.198124385988	0.233906649875	0.19801980198	0.178217821782	0.205	0.217773799282	0.237692519252	0.267313300089	0.175946371065	0.223960840957	0.197199265381	0.202820282028	0.22278001263	0.0	0.217443315812	0.22845369114	0.224087893864	0.213691716916	0.208069827774	0.223958333333	0.128712871287	0.203217821782	0.24866751269	0.144417992124	0.1756349548	0.232508250825	0.217821782178	0.227899129762	0.188739563612	0.209614804764	0.217778433977	0.200753768844	0.175	0.213049511316	0.149199593872	0.232748274827	0.198179495369	0.181818181818	0.168811437671	0.247705617311	0.202695269527	0.203494610545	0.203608354768	0.218680606587	0.198979591837	0.171420719348	0.20297029703	0.228412985529	0.229022230104	0.213930348259
MH0196.snv.bam	0.211785279095	0.211090068652	0.193430390208	0.185175120336	0.184482800724	0.213327159195	0.322192199698	0.132054017895	0.234615605221	0.209569267784	0.235424449208	0.210679148117	0.215840789315	0.129526123096	0.226895555975	0.206219116653	0.153946940388	0.193721379068	0.19969077409	0.195270127202	0.217443315812	0.0	0.252986136201	0.173231565534	0.174721639914	0.190967207566	0.226878814572	0.186791094521	0.114116744233	0.224458039636	0.205735088008	0.179710802803	0.121844504764	0.274260501049	0.161065467421	0.174508744242	0.209194307229	0.149215876137	0.210092893461	0.181350913516	0.141350766531	0.183180009959	0.148158897894	0.141622498315	0.193111507749	0.18383521854	0.259706079218	0.225373911803	0.225861962506	0.155032722859	0.211191607968	0.201257844472	0.154498604206	0.202702019487	0.22740927765	0.156591877706	0.251555074222
MH0204.snv.bam	0.182368779674	0.237788154761	0.147580548971	0.148203012266	0.147812387715	0.109689656748	0.250087235996	0.249714301582	0.247714158403	0.216169057649	0.201700036075	0.252839202839	0.233063399061	0.233282602814	0.295316188669	0.265576963909	0.206934672926	0.146758494031	0.148669733045	0.197489754257	0.22845369114	0.252986136201	0.0	0.162986850487	0.22819207796	0.17044200531	0.245950066705	0.156459686147	0.2460058171	0.245967195099	0.283622372122	0.137211497741	0.219083694084	0.193042027417	0.219267532331	0.143998637856	0.229224419079	0.224022608223	0.128661861015	0.15918689154	0.206260128456	0.216385108343	0.201902958153	0.242601170829	0.137124671371	0.230720420497	0.246568544	0.170968614719	0.17043798807	0.224252339405	0.250189199645	0.196488028432	0.227742168227	0.207360601531	0.230407341786	0.189701802336	0.220444220629
MH0234.snv.bam	0.163544183122	0.219716471445	0.148258820798	0.130206776283	0.130325630715	0.118371212121	0.283295281583	0.170020555448	0.193950014827	0.144331831832	0.219544095665	0.172134238311	0.206353296365	0.134404583956	0.237885611067	0.221391046621	0.162422503148	0.141535215165	0.148440684876	0.125906462567	0.224087893864	0.173231565534	0.162986850487	0.0	0.186827865117	0.14376065827	0.216158059468	0.157137518685	0.166330343797	0.209554263566	0.22338463125	0.127713329434	0.139349775785	0.16610612855	0.166265878379	0.143839235091	0.185094185094	0.161330969817	0.149507575758	0.141098484848	0.152695094833	0.213418608552	0.111988721294	0.162495156447	0.136553030303	0.189162803285	0.201426911944	0.1798081714	0.179724719639	0.125867773603	0.208179276773	0.126705426357	0.157697125527	0.153340840841	0.167135885886	0.11725971467	0.193506006006
MH0252.snv.bam	0.198658720934	0.185635515259	0.141475145289	0.140960774513	0.141779088439	0.161919925384	0.355323227794	0.168994759876	0.19722643398	0.151036092483	0.218290376843	0.238077865117	0.15043170785	0.182791061738	0.294315899765	0.218512277131	0.19230100686	0.176250389318	0.1776474612	0.195570966087	0.213691716916	0.174721639914	0.22819207796	0.186827865117	0.0	0.168566974014	0.18104189044	0.195392478945	0.168877147825	0.211906372239	0.240570396916	0.180279539919	0.141837608285	0.218290376843	0.16915022986	0.16480115094	0.200741505656	0.187009521657	0.164692267198	0.179043213055	0.159646864936	0.229984641057	0.196310262758	0.173892405989	0.129310892438	0.202017539369	0.236661842173	0.181628715181	0.18211896431	0.169673817357	0.24509896261	0.134419284192	0.175458618938	0.178554134204	0.215384102878	0.147301993314	0.218745776472
MH0265.snv.bam	0.1718249804	0.163886490875	0.0939437844618	0.0770652773343	0.0759411617957	0.0678942147885	0.330491382027	0.177606163432	0.183454601676	0.214450006238	0.226988958591	0.197634599476	0.151246301516	0.151495131431	0.289239797367	0.235238813625	0.214681449622	0.113655973885	0.120591652194	0.142923090596	0.208069827774	0.190967207566	0.17044200531	0.14376065827	0.168566974014	0.0	0.169093709519	0.120369775306	0.21838402032	0.203041546927	0.243958382886	0.0911596510229	0.138248217851	0.209211180814	0.173591732866	0.1075462557	0.20933628935	0.213440321175	0.109877131771	0.100051371946	0.169468523168	0.190530851185	0.155945187548	0.178822154627	0.0909861823977	0.190434492931	0.200586308456	0.169458094394	0.169035646192	0.169663894752	0.198240641217	0.116463205913	0.163196826804	0.196752302156	0.193082144189	0.12080593477	0.165531480494
MH0356.snv.bam	0.104252819827	0.0253228961363	0.150561689891	0.13195096505	0.131841895703	0.150234741784	0.377990430622	0.211255421993	0.136804815169	0.245283018868	0.1220657277	0.188679245283	0.0331289109175	0.230112154408	0.300646090369	0.22498889439	0.250076080341	0.205959112658	0.21624697681	0.239648078931	0.223958333333	0.226878814572	0.245950066705	0.216158059468	0.18104189044	0.169093709519	0.0	0.220657276995	0.206807511737	0.201382211538	0.21401264938	0.19924134177	0.159780907668	0.211267605634	0.216129691135	0.197344989477	0.226647369926	0.248768561996	0.20119047619	0.204761904762	0.243975522486	0.252783604533	0.22542324655	0.193548387097	0.138095238095	0.2145586758	0.192643207644	0.173969744392	0.173882374708	0.211393647168	0.252825451162	0.174634146341	0.200709699306	0.188679245283	0.164612676056	0.192441267559	0.117924528302
MH0362.snv.bam	0.176357794976	0.200465566904	0.115818073506	0.0985948372615	0.0980565933961	0.112987987988	0.289969834087	0.164157637126	0.250366859445	0.192176870748	0.178148148148	0.202167414051	0.191379850047	0.200432098765	0.249350473621	0.197678103328	0.210265456989	0.127279583162	0.133973063973	0.156057588795	0.128712871287	0.186791094521	0.156459686147	0.157137518685	0.195392478945	0.120369775306	0.220657276995	0.0	0.195962962963	0.221524577573	0.21692058795	0.104541062802	0.195530864198	0.187037037037	0.213639811312	0.0587054452572	0.205669981061	0.191289177568	0.12752037752	0.0908408408408	0.191320970084	0.182767171075	0.195993265993	0.174344158026	0.104545454545	0.177476910117	0.24029250656	0.147283950617	0.147273835931	0.183045306531	0.205574347445	0.171812596006	0.171798947049	0.228050595238	0.224208733974	0.210139942137	0.178724614846
MH0371.snv.bam	0.185448156131	0.186355286013	0.178171873942	0.16974298541	0.169653062407	0.194481981982	0.267760180995	0.14749533167	0.214905158317	0.192586096939	0.249666666667	0.211547085202	0.191723372251	0.103061728395	0.249833854438	0.217560677659	0.14817468318	0.20420608803	0.21438047138	0.20947240361	0.203217821782	0.114116744233	0.2460058171	0.166330343797	0.168877147825	0.21838402032	0.206807511737	0.195962962963	0.0	0.21284562212	0.18290065477	0.189199677939	0.0982098765432	0.249666666667	0.133901499229	0.192446185998	0.206451231061	0.129445413432	0.215395752896	0.180968468468	0.147092952201	0.163004822982	0.12528956229	0.174753384217	0.172954545455	0.178848205847	0.240738134006	0.209419753086	0.20990346556	0.130239500725	0.210354895114	0.170391705069	0.134727472065	0.183816964286	0.197832245879	0.129950712729	0.214541754202
MH0406.snv.bam	0.198559956229	0.215025883806	0.189051386588	0.189652865056	0.18869378308	0.177044392523	0.366725352113	0.229831741648	0.148458882284	0.217815806878	0.216071428571	0.199131944444	0.184085297727	0.189061699949	0.285945240777	0.227136244737	0.20383624552	0.229305377721	0.230175603966	0.231376916185	0.24866751269	0.224458039636	0.245967195099	0.209554263566	0.211906372239	0.203041546927	0.201382211538	0.221524577573	0.21284562212	0.0	0.228863255234	0.195617945635	0.203488223246	0.197638248848	0.203217162267	0.198216091472	0.217326038159	0.194095355918	0.159908637874	0.215595794393	0.167158316279	0.218580415301	0.212108993157	0.153274342891	0.188148584906	0.23902696661	0.111956278176	0.18355734767	0.184543976539	0.194199943148	0.222796462682	0.227083333333	0.19925019505	0.148206018519	0.111760014179	0.198577985236	0.19446827342
MH0407.snv.bam	0.207480496573	0.191509981175	0.244081092186	0.226309537526	0.226177115754	0.23435442464	0.301660874282	0.204818808225	0.211077641529	0.229033034175	0.237922664793	0.146178116507	0.224187123079	0.218205634679	0.238221943121	0.169711944694	0.222421710116	0.24035976798	0.245474821878	0.226149750624	0.144417992124	0.205735088008	0.283622372122	0.22338463125	0.240570396916	0.243958382886	0.21401264938	0.21692058795	0.18290065477	0.228863255234	0.0	0.209394288795	0.226655790442	0.238545717753	0.245955176687	0.221676737913	0.211747383521	0.236219106008	0.257684748871	0.220230449616	0.235405690913	0.212400319556	0.223195958478	0.172491849229	0.2351075863	0.172291493245	0.237696717641	0.209158386496	0.20929313092	0.201628987939	0.213085523374	0.240010226727	0.210844851155	0.202106965254	0.207564711733	0.22286597684	0.224872315526
MH0430.snv.bam	0.15952854867	0.179255852127	0.0787721838918	0.078691455619	0.077934075266	0.0783555294425	0.291379762607	0.15680524767	0.220848374396	0.185702270038	0.20268921095	0.185627477741	0.179813278071	0.175150295223	0.250735336745	0.213478713668	0.176686264443	0.0796699038387	0.0827653345045	0.15818319266	0.1756349548	0.179710802803	0.137211497741	0.127713329434	0.180279539919	0.0911596510229	0.19924134177	0.104541062802	0.189199677939	0.195617945635	0.209394288795	0.0	0.158146001074	0.171384863124	0.171765415177	0.0654687302813	0.163280588298	0.193850351199	0.0943894204764	0.0796775035905	0.167520648023	0.149578966875	0.184238032499	0.150251572622	0.075477602108	0.162676159718	0.189371515443	0.126886741814	0.127531777136	0.148874614099	0.191223053532	0.136382154545	0.172741964819	0.176614259834	0.198814065237	0.176222546127	0.180859708014
MH0434.snv.bam	0.203537665429	0.145119872517	0.116068418229	0.09911335578	0.0985235366897	0.117767767768	0.321920563097	0.156223898484	0.125739997933	0.18352111678	0.240345679012	0.202441454908	0.147198680893	0.102925925926	0.258586940858	0.240180430745	0.139109703021	0.208592714475	0.214244668911	0.173860057931	0.232508250825	0.121844504764	0.219083694084	0.139349775785	0.141837608285	0.138248217851	0.159780907668	0.195530864198	0.0982098765432	0.203488223246	0.226655790442	0.158146001074	0.0	0.23175308642	0.0805780829169	0.174532605751	0.205131110209	0.128883621406	0.183851708852	0.171946946947	0.12926915871	0.162942530847	0.116264870932	0.156759832629	0.113787878788	0.195777922428	0.187610878545	0.200888888889	0.200572260792	0.112325920478	0.221532223958	0.114951356887	0.0702714959428	0.165823412698	0.161981551435	0.0678863045711	0.205535130719
MH0439.snv.bam	0.171499797965	0.216817175721	0.178299858747	0.187854096521	0.186948534715	0.157657657658	0.303167420814	0.234920961046	0.196569777087	0.120695153061	0.186666666667	0.183856502242	0.200195431168	0.235617283951	0.311202325473	0.220728158536	0.200964861751	0.194775812423	0.195824915825	0.165316848054	0.217821782178	0.274260501049	0.193042027417	0.16610612855	0.218290376843	0.209211180814	0.211267605634	0.187037037037	0.249666666667	0.197638248848	0.238545717753	0.171384863124	0.23175308642	0.0	0.17815832983	0.165001741553	0.223713135823	0.200471965485	0.190958815959	0.208333333333	0.200525784183	0.241459980569	0.222154882155	0.196851598502	0.168181818182	0.228035931789	0.178226892559	0.137530864198	0.138175899519	0.200572834059	0.252113322683	0.18064516129	0.196974385646	0.151785714286	0.170265281593	0.210173762484	0.170168067227
MH0457.snv.bam	0.221211117301	0.185947177391	0.142827189901	0.152728475734	0.151521775272	0.135520829783	0.303554860687	0.1824750684	0.161191693323	0.129687097885	0.249269440942	0.229083516645	0.209049054619	0.138049118055	0.27610329538	0.248557016539	0.147775684125	0.203801672699	0.205094356766	0.200808511218	0.227899129762	0.161065467421	0.219267532331	0.166265878379	0.16915022986	0.173591732866	0.216129691135	0.213639811312	0.133901499229	0.203217162267	0.245955176687	0.171765415177	0.0805780829169	0.17815832983	0.0	0.183160071384	0.214720386768	0.111619059361	0.202155321418	0.208268577531	0.111907847688	0.171744619428	0.142499174171	0.165537420877	0.131980110054	0.222019447602	0.12561599162	0.21791141625	0.218112007127	0.120953386111	0.245639894319	0.133113475631	0.0968408642627	0.174489393803	0.188504675396	0.0850037992501	0.232432186305
N079A.snv.bam	0.18021537495	0.177826564695	0.0767457409851	0.0773002825187	0.0765080437778	0.0996639272501	0.312784578505	0.142189369266	0.22837956213	0.179290652389	0.182779519331	0.19787171233	0.169533216081	0.19617458106	0.262564220283	0.216326568529	0.188131789651	0.0912707981674	0.0941599907117	0.170318589608	0.188739563612	0.174508744242	0.143998637856	0.143839235091	0.16480115094	0.1075462557	0.197344989477	0.0587054452572	0.192446185998	0.198216091472	0.221676737913	0.0654687302813	0.174532605751	0.165001741553	0.183160071384	0.0	0.157308635151	0.196484942994	0.0969290495153	0.0512405038267	0.170161095476	0.182088207515	0.182846859399	0.134911383545	0.0637931034483	0.190848807756	0.208846979731	0.125248655134	0.125399863295	0.169090819128	0.208304167816	0.148964939399	0.193766250656	0.179131213614	0.210316824878	0.188023920197	0.166263566555
NG-5425_475.snv.bam	0.203796850242	0.213933206192	0.19595899023	0.187821856962	0.186975790928	0.194253050871	0.346341253444	0.187013373552	0.233679756083	0.211103265195	0.228177421537	0.176554395304	0.210086891012	0.227427737193	0.237569638344	0.179580836433	0.184429916845	0.168861914601	0.175248579545	0.218755424351	0.209614804764	0.209194307229	0.229224419079	0.185094185094	0.200741505656	0.20933628935	0.226647369926	0.205669981061	0.206451231061	0.217326038159	0.211747383521	0.163280588298	0.205131110209	0.223713135823	0.214720386768	0.157308635151	0.0	0.236698324149	0.180903165462	0.15409467983	0.201551772575	0.247471262775	0.205923633658	0.152016512587	0.187439463124	0.203783964277	0.206335817263	0.219372858045	0.219550848176	0.175060727948	0.211180997939	0.186628437149	0.188736333886	0.175388979481	0.193951414803	0.193272449012	0.215714751045
NG-5636_146.snv.bam	0.207748907183	0.245216502117	0.209208103908	0.209862124384	0.20917211072	0.189572700912	0.317105801991	0.195663431266	0.210058989081	0.147758371467	0.173790312283	0.233457755361	0.240021259775	0.0983396700077	0.280301899837	0.247766447207	0.143403219939	0.199191067265	0.200612501278	0.187346766363	0.217778433977	0.149215876137	0.224022608223	0.161330969817	0.187009521657	0.213440321175	0.248768561996	0.191289177568	0.129445413432	0.194095355918	0.236219106008	0.193850351199	0.128883621406	0.200471965485	0.111619059361	0.196484942994	0.236698324149	0.0	0.201996595196	0.221528533149	0.125084571149	0.116167709475	0.120567503902	0.178810171377	0.20017966167	0.217275599621	0.227394304526	0.186762894095	0.187246606569	0.134166047107	0.239470200407	0.165369306924	0.130535369974	0.179045501045	0.192966797676	0.134255148696	0.201325225841
NG-5636_153.snv.bam	0.180169600405	0.204682791488	0.122982058362	0.123307723308	0.12339623637	0.0839856490541	0.322903014417	0.192403967286	0.223039367987	0.202973497091	0.217985842986	0.224512987013	0.190667714533	0.202282639783	0.265826037722	0.236857834186	0.205018036991	0.0983408793042	0.101141726142	0.166437603401	0.200753768844	0.210092893461	0.128661861015	0.149507575758	0.164692267198	0.109877131771	0.20119047619	0.12752037752	0.215395752896	0.159908637874	0.257684748871	0.0943894204764	0.183851708852	0.190958815959	0.202155321418	0.0969290495153	0.180903165462	0.201996595196	0.0	0.111219830398	0.111762556455	0.190988553665	0.197783822784	0.185351200033	0.111751152074	0.205876790407	0.231884303843	0.150168025168	0.1501331186	0.184660890896	0.207653174127	0.159312416555	0.193272695304	0.16919844861	0.129105340361	0.171741832228	0.191290543367
NG-5636_264.snv.bam	0.179520249756	0.185502897308	0.0999033470386	0.0811584311584	0.0821095028928	0.0970319634703	0.303899082569	0.144683147916	0.236420104898	0.22268907563	0.208333333333	0.214772727273	0.185707805979	0.185873373373	0.248966320863	0.210055721013	0.195774339512	0.102272727273	0.109507234507	0.16759590456	0.175	0.181350913516	0.15918689154	0.141098484848	0.179043213055	0.100051371946	0.204761904762	0.0908408408408	0.180968468468	0.215595794393	0.220230449616	0.0796775035905	0.171946946947	0.208333333333	0.208268577531	0.0512405038267	0.15409467983	0.221528533149	0.111219830398	0.0	0.18530688	0.193299163897	0.181374556375	0.154840534229	0.0967741935484	0.179830364358	0.235281444337	0.159034034034	0.15871312718	0.177260633496	0.194029209844	0.154861111111	0.191440505972	0.195701357466	0.218956665506	0.186597347083	0.190644130956
NG-5636_389.snv.bam	0.207768849135	0.254548322573	0.20024486534	0.20069021812	0.200524559114	0.162750232443	0.299233265169	0.169403569568	0.210355484279	0.138907919824	0.236081339738	0.224609858345	0.231281828837	0.134121010562	0.24519186156	0.228328252295	0.152722189956	0.172467873698	0.174317603081	0.16908572988	0.213049511316	0.141350766531	0.206260128456	0.152695094833	0.159646864936	0.169468523168	0.243975522486	0.191320970084	0.147092952201	0.167158316279	0.235405690913	0.167520648023	0.12926915871	0.200525784183	0.111907847688	0.170161095476	0.201551772575	0.125084571149	0.111762556455	0.18530688	0.0	0.192513057005	0.12968217779	0.152368806684	0.191089284143	0.207514034415	0.227590450686	0.204723315047	0.204900514111	0.152289773883	0.214257659712	0.16572967045	0.121157124603	0.16133740195	0.139408131642	0.116747108004	0.227546211393
NG-5636_424.snv.bam	0.211076175301	0.227809116425	0.161091590218	0.177894362503	0.176949408373	0.170600133913	0.29775712248	0.213673400418	0.239940623845	0.226872588238	0.193082739345	0.239556996158	0.24347712078	0.148636136113	0.288550410413	0.249763885091	0.169427931973	0.193197520933	0.1937192015	0.24055248853	0.149199593872	0.183180009959	0.216385108343	0.213418608552	0.229984641057	0.190530851185	0.252783604533	0.182767171075	0.163004822982	0.218580415301	0.212400319556	0.149578966875	0.162942530847	0.241459980569	0.171744619428	0.182088207515	0.247471262775	0.116167709475	0.190988553665	0.193299163897	0.192513057005	0.0	0.184024825706	0.213926560227	0.167922577987	0.203138394103	0.232387084723	0.176880300807	0.177637025429	0.183740865824	0.225219594581	0.17640952096	0.163945758141	0.206931798434	0.228264632267	0.183689447418	0.216786365695
NG-5636_458.snv.bam	0.176052046912	0.231287484712	0.196166951516	0.179032547699	0.178201350454	0.166734916735	0.330248183189	0.164637546713	0.178780274923	0.174334222325	0.204511784512	0.165987226525	0.21792313241	0.0490179573513	0.249062533927	0.212043804554	0.147325792487	0.180858357329	0.187003367003	0.147606410344	0.232748274827	0.148158897894	0.201902958153	0.111988721294	0.196310262758	0.155945187548	0.22542324655	0.195993265993	0.12528956229	0.212108993157	0.223195958478	0.184238032499	0.116264870932	0.222154882155	0.142499174171	0.182846859399	0.205923633658	0.120567503902	0.197783822784	0.181374556375	0.12968217779	0.184024825706	0.0	0.165669239195	0.186432506887	0.195440997217	0.231340827609	0.209068462402	0.209219670563	0.102862396348	0.212608896926	0.142005306521	0.13444913312	0.156317640693	0.170332922286	0.0629199746048	0.134521422205
NG-5636_591.snv.bam	0.190717175724	0.182254888538	0.165526138228	0.166236293668	0.165469039646	0.181424244636	0.336794354839	0.0984696785879	0.202213458506	0.188605577483	0.178994455645	0.158084495786	0.18323737117	0.170127888185	0.236910085643	0.183494516472	0.175385143932	0.163860470541	0.165872161273	0.1568517807	0.198179495369	0.141622498315	0.242601170829	0.162495156447	0.173892405989	0.178822154627	0.193548387097	0.174344158026	0.174753384217	0.153274342891	0.172491849229	0.150251572622	0.156759832629	0.196851598502	0.165537420877	0.134911383545	0.152016512587	0.178810171377	0.185351200033	0.154840534229	0.152368806684	0.213926560227	0.165669239195	0.0	0.164530858742	0.189013761213	0.166369441233	0.192139296915	0.192317287046	0.152663476342	0.19439617245	0.180068324373	0.149293627735	0.152891291769	0.175938032024	0.161806151435	0.188732758401
NG-5636_602.snv.bam	0.174777971575	0.114901045457	0.00503501941358	0.0141161616162	0.0140105626582	0.0599078341014	0.310185185185	0.172077836339	0.187386796964	0.191780821918	0.186363636364	0.206422018349	0.118146293221	0.200063131313	0.277325789427	0.2310293505	0.182722050376	0.120580808081	0.122865013774	0.191255867328	0.181818181818	0.193111507749	0.137124671371	0.136553030303	0.129310892438	0.0909861823977	0.138095238095	0.104545454545	0.172954545455	0.188148584906	0.2351075863	0.075477602108	0.113787878788	0.168181818182	0.131980110054	0.0637931034483	0.187439463124	0.20017966167	0.111751152074	0.0967741935484	0.191089284143	0.167922577987	0.186432506887	0.164530858742	0.0	0.190487148253	0.158965997079	0.145707070707	0.145622480967	0.163758394758	0.223837331804	0.109433962264	0.167474636002	0.182648401826	0.205764840183	0.146073013653	0.187214611872
