	CCIS22906510ST-20-0.snv.bam	CCIS22958137ST-20-0.snv.bam	CCIS33816588ST-4-0.snv.bam	CCIS71301801ST-4-0.snv.bam	CCIS76845094ST-20-0.snv.bam	CCIS91228662ST-4-0.snv.bam	CCMD11006829ST-21-0.snv.bam	M4.3-V1.metaT.snv.bam	MH0211.snv.bam	MH0247.snv.bam	MH0342.snv.bam	MMRS77018926ST-27-0-0.snv.bam	NG-5636_317.snv.bam	O2.UC20-1.snv.bam	O2.UC38-1.snv.bam	O2.UC7-0.snv.bam	SAMEA3136724.snv.bam	V1.CD32-0.snv.bam	V1.CD6-4.snv.bam	V1.FI36.snv.bam	V1.UC39-4.snv.bam	V1.UC4-5.snv.bam	V1.UC54-0.snv.bam	V1.UC59-0.snv.bam	alien-11-7-0.snv.bam
CCIS22906510ST-20-0.snv.bam	0.0	0.152703178011	0.173071249882	0.188746662023	0.170641545683	0.0177257685284	0.0964051840854	0.200381110892	0.126138656731	0.17549403637	0.118513328481	0.177923404497	0.195190048969	0.183318726429	0.147492792891	0.145118109962	0.165322184429	0.191581670193	0.121148716008	0.191899789593	0.192148246113	0.181162873075	0.184314002496	0.180040497494	0.146045187451
CCIS22958137ST-20-0.snv.bam	0.152703178011	0.0	0.189655389487	0.163884046237	0.173870324996	0.151273412937	0.119927606368	0.230055380931	0.164002910605	0.172503747904	0.134056354391	0.121076378509	0.175432025737	0.192434104515	0.145957468607	0.153095188087	0.159328046839	0.198239262673	0.138274102632	0.20427846667	0.19508346189	0.201540999791	0.208681240961	0.188272900386	0.168741545399
CCIS33816588ST-4-0.snv.bam	0.173071249882	0.189655389487	0.0	0.127384960718	0.215621637499	0.185335152289	0.233106004092	0.170855845274	0.194556616465	0.177094680939	0.188698798913	0.179952929095	0.142966323294	0.191229607614	0.210365418895	0.190013545379	0.232010869004	0.18165355982	0.178957936455	0.184362561574	0.208059023778	0.154287014328	0.157712690283	0.15606292145	0.169176021718
CCIS71301801ST-4-0.snv.bam	0.188746662023	0.163884046237	0.127384960718	0.0	0.205994974056	0.200980773721	0.18207449724	0.219743907476	0.183175749454	0.161328331357	0.188594945921	0.199376988335	0.180540920267	0.184010143385	0.178044940604	0.172396342785	0.20150200267	0.165402336915	0.172325353451	0.20491821397	0.208952099562	0.180460561379	0.166970043686	0.170314864778	0.183726415094
CCIS76845094ST-20-0.snv.bam	0.170641545683	0.173870324996	0.215621637499	0.205994974056	0.0	0.15893624639	0.205215683237	0.245927646827	0.0652639941076	0.16863243388	0.194028068099	0.137760802464	0.194823508182	0.200071296249	0.205301809897	0.120995386652	0.239425874748	0.216747883459	0.179860720589	0.16908342863	0.189730259317	0.201867053836	0.21097982982	0.204812256579	0.203948760359
CCIS91228662ST-4-0.snv.bam	0.0177257685284	0.151273412937	0.185335152289	0.200980773721	0.15893624639	0.0	0.100580217573	0.193023686422	0.115112573455	0.184213972832	0.120023968252	0.171235571239	0.203450698255	0.190410614456	0.146212424058	0.133873730502	0.173211408315	0.200154928239	0.120484456744	0.184307829507	0.193741179627	0.173611791768	0.183639340617	0.172680138123	0.155505855563
CCMD11006829ST-21-0.snv.bam	0.0964051840854	0.119927606368	0.233106004092	0.18207449724	0.205215683237	0.100580217573	0.0	0.218125263866	0.163566906881	0.167069463581	0.0958656526034	0.189035873251	0.212918045157	0.192008567408	0.113354228902	0.144027741105	0.146412201726	0.148782373709	0.112567803276	0.199492530766	0.220496408429	0.189030960404	0.219075317688	0.183015246197	0.163830074407
M4.3-V1.metaT.snv.bam	0.200381110892	0.230055380931	0.170855845274	0.219743907476	0.245927646827	0.193023686422	0.218125263866	0.0	0.213535164378	0.231483528179	0.216696896445	0.220238777186	0.170875420875	0.212916937872	0.241347905282	0.212034578391	0.238083074865	0.226323384218	0.213005989261	0.243216015079	0.203709788608	0.196881551363	0.050673080616	0.183071178265	0.20639329806
MH0211.snv.bam	0.126138656731	0.164002910605	0.194556616465	0.183175749454	0.0652639941076	0.115112573455	0.163566906881	0.213535164378	0.0	0.143937504001	0.151806892793	0.136797727679	0.189798848355	0.16323747776	0.172819708843	0.0607361552844	0.208355909431	0.195325285524	0.137719428858	0.163115423505	0.183808532647	0.182816358266	0.190205822509	0.185965739761	0.165467728546
MH0247.snv.bam	0.17549403637	0.172503747904	0.177094680939	0.161328331357	0.16863243388	0.184213972832	0.167069463581	0.231483528179	0.143937504001	0.0	0.155589768524	0.158607748682	0.18909366952	0.173957368814	0.193987508745	0.166317866559	0.228205003079	0.182798883428	0.15436497898	0.189919398589	0.187245084825	0.150628237353	0.207439715191	0.149579028678	0.192640686958
MH0342.snv.bam	0.118513328481	0.134056354391	0.188698798913	0.188594945921	0.194028068099	0.120023968252	0.0958656526034	0.216696896445	0.151806892793	0.155589768524	0.0	0.182990468261	0.192914509931	0.200609133028	0.11969090098	0.126994650184	0.138505508769	0.159427486571	0.117660243604	0.185177456247	0.21092838783	0.183231062128	0.191477116706	0.179141171364	0.161264554928
MMRS77018926ST-27-0-0.snv.bam	0.177923404497	0.121076378509	0.179952929095	0.199376988335	0.137760802464	0.171235571239	0.189035873251	0.220238777186	0.136797727679	0.158607748682	0.182990468261	0.0	0.180235558859	0.189051362773	0.19865430069	0.167010894431	0.232156222974	0.203211657166	0.161884499823	0.14494538872	0.161656382883	0.183086503623	0.204944135718	0.191379314531	0.182111413043
NG-5636_317.snv.bam	0.195190048969	0.175432025737	0.142966323294	0.180540920267	0.194823508182	0.203450698255	0.212918045157	0.170875420875	0.189798848355	0.18909366952	0.192914509931	0.180235558859	0.0	0.199744642554	0.211635741048	0.187823481162	0.190196485941	0.197935009352	0.162701389274	0.188875223614	0.179458712651	0.157047537743	0.182969518907	0.16542981741	0.192802197802
O2.UC20-1.snv.bam	0.183318726429	0.192434104515	0.191229607614	0.184010143385	0.200071296249	0.190410614456	0.192008567408	0.212916937872	0.16323747776	0.173957368814	0.200609133028	0.189051362773	0.199744642554	0.0	0.20004746771	0.157083687073	0.197406046417	0.208273715123	0.153008015857	0.178774596813	0.2098269085	0.179031962527	0.209797429484	0.178058042235	0.147798333773
O2.UC38-1.snv.bam	0.147492792891	0.145957468607	0.210365418895	0.178044940604	0.205301809897	0.146212424058	0.113354228902	0.241347905282	0.172819708843	0.193987508745	0.11969090098	0.19865430069	0.211635741048	0.20004746771	0.0	0.161387842782	0.101515568444	0.0777463775789	0.141785778852	0.199295021502	0.213943057148	0.214958220963	0.195413283158	0.210393289439	0.201725690276
O2.UC7-0.snv.bam	0.145118109962	0.153095188087	0.190013545379	0.172396342785	0.120995386652	0.133873730502	0.144027741105	0.212034578391	0.0607361552844	0.166317866559	0.126994650184	0.167010894431	0.187823481162	0.157083687073	0.161387842782	0.0	0.192456962275	0.191272190672	0.140879664178	0.182380174001	0.214006343967	0.187785226168	0.185643885203	0.179556409014	0.182092131426
SAMEA3136724.snv.bam	0.165322184429	0.159328046839	0.232010869004	0.20150200267	0.239425874748	0.173211408315	0.146412201726	0.238083074865	0.208355909431	0.228205003079	0.138505508769	0.232156222974	0.190196485941	0.197406046417	0.101515568444	0.192456962275	0.0	0.133512820559	0.13205721664	0.224379578755	0.245095625335	0.201871483779	0.22474210187	0.195411754973	0.190709046455
V1.CD32-0.snv.bam	0.191581670193	0.198239262673	0.18165355982	0.165402336915	0.216747883459	0.200154928239	0.148782373709	0.226323384218	0.195325285524	0.182798883428	0.159427486571	0.203211657166	0.197935009352	0.208273715123	0.0777463775789	0.191272190672	0.133512820559	0.0	0.177776829203	0.196919579298	0.218099007819	0.21419598364	0.19116040708	0.209653821564	0.187369462719
V1.CD6-4.snv.bam	0.121148716008	0.138274102632	0.178957936455	0.172325353451	0.179860720589	0.120484456744	0.112567803276	0.213005989261	0.137719428858	0.15436497898	0.117660243604	0.161884499823	0.162701389274	0.153008015857	0.141785778852	0.140879664178	0.13205721664	0.177776829203	0.0	0.163967145982	0.183688036307	0.164836700919	0.222252225373	0.179607687065	0.179811631082
V1.FI36.snv.bam	0.191899789593	0.20427846667	0.184362561574	0.20491821397	0.16908342863	0.184307829507	0.199492530766	0.243216015079	0.163115423505	0.189919398589	0.185177456247	0.14494538872	0.188875223614	0.178774596813	0.199295021502	0.182380174001	0.224379578755	0.196919579298	0.163967145982	0.0	0.18077013295	0.155803167421	0.212590876489	0.173542828496	0.194806305473
V1.UC39-4.snv.bam	0.192148246113	0.19508346189	0.208059023778	0.208952099562	0.189730259317	0.193741179627	0.220496408429	0.203709788608	0.183808532647	0.187245084825	0.21092838783	0.161656382883	0.179458712651	0.2098269085	0.213943057148	0.214006343967	0.245095625335	0.218099007819	0.183688036307	0.18077013295	0.0	0.211939166318	0.197903758801	0.219066632187	0.212100149803
V1.UC4-5.snv.bam	0.181162873075	0.201540999791	0.154287014328	0.180460561379	0.201867053836	0.173611791768	0.189030960404	0.196881551363	0.182816358266	0.150628237353	0.183231062128	0.183086503623	0.157047537743	0.179031962527	0.214958220963	0.187785226168	0.201871483779	0.21419598364	0.164836700919	0.155803167421	0.211939166318	0.0	0.196967991025	0.0287058255413	0.174008268302
V1.UC54-0.snv.bam	0.184314002496	0.208681240961	0.157712690283	0.166970043686	0.21097982982	0.183639340617	0.219075317688	0.050673080616	0.190205822509	0.207439715191	0.191477116706	0.204944135718	0.182969518907	0.209797429484	0.195413283158	0.185643885203	0.22474210187	0.19116040708	0.222252225373	0.212590876489	0.197903758801	0.196967991025	0.0	0.190729353595	0.21068399304
V1.UC59-0.snv.bam	0.180040497494	0.188272900386	0.15606292145	0.170314864778	0.204812256579	0.172680138123	0.183015246197	0.183071178265	0.185965739761	0.149579028678	0.179141171364	0.191379314531	0.16542981741	0.178058042235	0.210393289439	0.179556409014	0.195411754973	0.209653821564	0.179607687065	0.173542828496	0.219066632187	0.0287058255413	0.190729353595	0.0	0.16351547256
alien-11-7-0.snv.bam	0.146045187451	0.168741545399	0.169176021718	0.183726415094	0.203948760359	0.155505855563	0.163830074407	0.20639329806	0.165467728546	0.192640686958	0.161264554928	0.182111413043	0.192802197802	0.147798333773	0.201725690276	0.182092131426	0.190709046455	0.187369462719	0.179811631082	0.194806305473	0.212100149803	0.174008268302	0.21068399304	0.16351547256	0.0
