	764083206-stool1.snv.bam	764143897-stool1.snv.bam	765701615-stool1.snv.bam	809635352-stool2.snv.bam	BYQ_AAAE.snv.bam	BYQ_AAAJ.snv.bam	BYQ_AAAY.snv.bam	CCIS03857607ST-4-0.snv.bam	CCIS11362406ST-4-0.snv.bam	CCIS16561622ST-4-0.snv.bam	CCIS20795251ST-4-0.snv.bam	CCIS21126322ST-4-0.snv.bam	CCIS47284573ST-4-0.snv.bam	CCIS52370277ST-4-0.snv.bam	CCIS53557295ST-4-0.snv.bam	CCIS59132091ST-4-0.snv.bam	CCIS63468405ST-4-0.snv.bam	CCIS80834637ST-4-0.snv.bam	CCIS81735969ST-20-0.snv.bam	CCIS82146115ST-4-0.snv.bam	CCIS87605453ST-4-0.snv.bam	CCIS90443472ST-4-0.snv.bam	CCIS94603952ST-4-0.snv.bam	CCIS98512455ST-4-0.snv.bam	CCIS98832363ST-4-0.snv.bam	CCMD87156761ST-21-0.snv.bam	DOM015.snv.bam	M3.4-V2.metaG.snv.bam	M3.5-V1.metaT.snv.bam	MH0161.snv.bam	MH0200.snv.bam	MH0307.snv.bam	MH0318.snv.bam	MH0394.snv.bam	MH0406.snv.bam	MMRS29805707ST-27-0-0.snv.bam	MMRS33294861ST-27-0-0.snv.bam	MMRS61683006ST-27-0-0.snv.bam	MMRS65862658ST-27-0-0.snv.bam	MMRS72802364ST-27-0-0.snv.bam	MMRS73787048ST-27-0-0.snv.bam	MMRS86958796ST-27-0-0.snv.bam	MMRS93621581ST-27-0-0.snv.bam	MMRS94549160ST-27-0-0.snv.bam	NG-5636_200.snv.bam	NG-5636_317.snv.bam	NG-5636_372.snv.bam	NG-5636_384.snv.bam	NG-5636_421.snv.bam	NG-5636_462.snv.bam	O2.CD1-0.snv.bam	O2.UC23-1.snv.bam	O2.UC30-1.snv.bam	SAMEA3136627.snv.bam	SAMEA3136629.snv.bam	SAMEA3136631.snv.bam	SAMEA3136636.snv.bam	SAMEA3136637.snv.bam	SAMEA3136638.snv.bam	SAMEA3136642.snv.bam	SAMEA3136645.snv.bam	SAMEA3136646.snv.bam	SAMEA3136651.snv.bam	SAMEA3136661.snv.bam	SAMEA3136663.snv.bam	SAMEA3136667.snv.bam	SAMEA3136670.snv.bam	SAMEA3136676.snv.bam	SAMEA3136685.snv.bam	SAMEA3136686.snv.bam	SAMEA3136687.snv.bam	SAMEA3136688.snv.bam	SAMEA3136694.snv.bam	SAMEA3136706.snv.bam	SAMEA3136743.snv.bam	SAMEA3136747.snv.bam	SAMEA3136748.snv.bam	SAMEA3136755.snv.bam	SAMEA3136764.snv.bam	SZEY-07A.snv.bam	SZEY-40A.snv.bam	T2D-108A.snv.bam	T2D-114A.snv.bam	T2D-15A.snv.bam	T2D-45A.snv.bam	T2D-6A.snv.bam	V1.CD40-0.snv.bam	V1.CD55-0.snv.bam	V1.CD6-4.snv.bam	V1.FI15.snv.bam	V1.FI26.snv.bam	V1.UC52-0.snv.bam	V1.UC52-1.snv.bam	V1.UC57-0.snv.bam	V1.UC59-0.snv.bam	alien-11-0-0.snv.bam	alien-11-2-0.snv.bam	alien-11-600-0.snv.bam	alien-11-630-0.snv.bam	alien-11-637-0.snv.bam	alien-11-7-0.snv.bam	alien-11-773-0.snv.bam	tigress-11-0-0.snv.bam	tigress-11-7-0.snv.bam
764083206-stool1.snv.bam	0.0	0.142068965517	0.193103448276	0.0331034482759	0.183448275862	0.00137931034483	0.183448275862	0.00275862068966	0.234482758621	0.226206896552	0.00137931034483	0.187586206897	0.00137931034483	0.00137931034483	0.00137931034483	0.195862068966	0.00137931034483	0.0179310344828	0.0179310344828	0.00275862068966	0.201379310345	0.19724137931	0.00137931034483	0.00137931034483	0.16275862069	0.175172413793	0.184827586207	0.166896551724	0.195862068966	0.183448275862	0.0	0.00137931034483	0.182068965517	0.169655172414	0.161379310345	0.201379310345	0.188965517241	0.19724137931	0.153103448276	0.206896551724	0.20275862069	0.19724137931	0.00137931034483	0.144827586207	0.19724137931	0.0179310344828	0.00137931034483	0.00137931034483	0.00137931034483	0.129655172414	0.19724137931	0.00137931034483	0.190344827586	0.00965517241379	0.186206896552	0.155862068966	0.180689655172	0.201379310345	0.195862068966	0.191724137931	0.00965517241379	0.190344827586	0.201379310345	0.195862068966	0.201379310345	0.00137931034483	0.190344827586	0.16275862069	0.172413793103	0.195862068966	0.215172413793	0.184827586207	0.172413793103	0.00137931034483	0.198620689655	0.0	0.198620689655	0.201379310345	0.19724137931	0.171034482759	0.188965517241	0.190344827586	0.16275862069	0.184827586207	0.183448275862	0.172413793103	0.186206896552	0.187586206897	0.00137931034483	0.193103448276	0.00137931034483	0.00137931034483	0.00137931034483	0.183448275862	0.146206896552	0.00137931034483	0.00137931034483	0.204137931034	0.204137931034	0.205517241379	0.00137931034483	0.195862068966	0.172413793103	0.172413793103
764143897-stool1.snv.bam	0.142068965517	0.0	0.184827586207	0.132413793103	0.172413793103	0.146206896552	0.172413793103	0.146206896552	0.24275862069	0.222068965517	0.139310344828	0.208275862069	0.146206896552	0.146206896552	0.146206896552	0.19724137931	0.143448275862	0.154482758621	0.143448275862	0.147586206897	0.183448275862	0.205517241379	0.146206896552	0.142068965517	0.16	0.177931034483	0.20275862069	0.15724137931	0.206896551724	0.190344827586	0.146206896552	0.144827586207	0.201379310345	0.164137931034	0.16	0.194482758621	0.198620689655	0.187586206897	0.147586206897	0.206896551724	0.201379310345	0.193103448276	0.146206896552	0.161379310345	0.180689655172	0.154482758621	0.146206896552	0.131034482759	0.143448275862	0.146206896552	0.176551724138	0.144827586207	0.20275862069	0.143448275862	0.206896551724	0.155862068966	0.183448275862	0.183448275862	0.198620689655	0.179310344828	0.143448275862	0.171034482759	0.183448275862	0.176551724138	0.183448275862	0.146206896552	0.211034482759	0.169655172414	0.179310344828	0.176551724138	0.223448275862	0.194482758621	0.158620689655	0.146206896552	0.180689655172	0.147586206897	0.182068965517	0.183448275862	0.182068965517	0.180689655172	0.20275862069	0.205517241379	0.164137931034	0.195862068966	0.172413793103	0.191724137931	0.205517241379	0.171034482759	0.146206896552	0.173793103448	0.146206896552	0.146206896552	0.146206896552	0.204137931034	0.136551724138	0.140689655172	0.143448275862	0.193103448276	0.194482758621	0.195862068966	0.132413793103	0.186206896552	0.173793103448	0.177931034483
765701615-stool1.snv.bam	0.193103448276	0.184827586207	0.0	0.168275862069	0.180689655172	0.198620689655	0.180689655172	0.2	0.206896551724	0.194482758621	0.187586206897	0.161379310345	0.198620689655	0.198620689655	0.19724137931	0.148965517241	0.194482758621	0.201379310345	0.19724137931	0.2	0.0248275862069	0.206896551724	0.198620689655	0.194482758621	0.153103448276	0.184827586207	0.191724137931	0.126896551724	0.179310344828	0.183448275862	0.198620689655	0.198620689655	0.143448275862	0.154482758621	0.142068965517	0.0565517241379	0.171034482759	0.0151724137931	0.132413793103	0.108965517241	0.106206896552	0.0579310344828	0.195862068966	0.153103448276	0.0248275862069	0.201379310345	0.19724137931	0.182068965517	0.19724137931	0.143448275862	0.0220689655172	0.19724137931	0.191724137931	0.19724137931	0.16	0.142068965517	0.182068965517	0.0248275862069	0.186206896552	0.0137931034483	0.187586206897	0.0234482758621	0.0248275862069	0.0248275862069	0.0248275862069	0.198620689655	0.154482758621	0.151724137931	0.150344827586	0.0248275862069	0.190344827586	0.161379310345	0.151724137931	0.198620689655	0.0248275862069	0.2	0.0248275862069	0.0248275862069	0.0248275862069	0.150344827586	0.190344827586	0.186206896552	0.151724137931	0.182068965517	0.168275862069	0.183448275862	0.16	0.0248275862069	0.198620689655	0.0248275862069	0.198620689655	0.198620689655	0.198620689655	0.158620689655	0.158620689655	0.193103448276	0.193103448276	0.188965517241	0.188965517241	0.190344827586	0.176551724138	0.182068965517	0.143448275862	0.146206896552
809635352-stool2.snv.bam	0.0331034482759	0.132413793103	0.168275862069	0.0	0.169655172414	0.031724137931	0.169655172414	0.0331034482759	0.223448275862	0.2	0.031724137931	0.180689655172	0.031724137931	0.031724137931	0.031724137931	0.182068965517	0.0303448275862	0.0510344827586	0.048275862069	0.0331034482759	0.176551724138	0.186206896552	0.031724137931	0.031724137931	0.146206896552	0.150344827586	0.164137931034	0.151724137931	0.190344827586	0.158620689655	0.0331034482759	0.031724137931	0.16	0.150344827586	0.143448275862	0.177931034483	0.15724137931	0.169655172414	0.136551724138	0.180689655172	0.176551724138	0.173793103448	0.031724137931	0.121379310345	0.173793103448	0.0510344827586	0.031724137931	0.0303448275862	0.031724137931	0.104827586207	0.173793103448	0.031724137931	0.173793103448	0.04	0.182068965517	0.135172413793	0.15724137931	0.176551724138	0.171034482759	0.164137931034	0.04	0.166896551724	0.176551724138	0.171034482759	0.176551724138	0.031724137931	0.165517241379	0.142068965517	0.150344827586	0.171034482759	0.205517241379	0.179310344828	0.154482758621	0.031724137931	0.173793103448	0.0331034482759	0.173793103448	0.176551724138	0.173793103448	0.151724137931	0.172413793103	0.175172413793	0.137931034483	0.16275862069	0.16275862069	0.150344827586	0.177931034483	0.166896551724	0.031724137931	0.169655172414	0.031724137931	0.031724137931	0.031724137931	0.179310344828	0.128275862069	0.031724137931	0.0303448275862	0.183448275862	0.183448275862	0.184827586207	0.0289655172414	0.175172413793	0.158620689655	0.161379310345
BYQ_AAAE.snv.bam	0.183448275862	0.172413793103	0.180689655172	0.169655172414	0.0	0.187586206897	0.0	0.187586206897	0.234482758621	0.220689655172	0.180689655172	0.204137931034	0.187586206897	0.187586206897	0.187586206897	0.172413793103	0.183448275862	0.194482758621	0.191724137931	0.188965517241	0.190344827586	0.195862068966	0.187586206897	0.183448275862	0.144827586207	0.172413793103	0.191724137931	0.153103448276	0.19724137931	0.191724137931	0.186206896552	0.186206896552	0.198620689655	0.161379310345	0.143448275862	0.182068965517	0.169655172414	0.183448275862	0.153103448276	0.2	0.194482758621	0.179310344828	0.186206896552	0.135172413793	0.188965517241	0.194482758621	0.186206896552	0.173793103448	0.187586206897	0.137931034483	0.184827586207	0.186206896552	0.188965517241	0.184827586207	0.20275862069	0.132413793103	0.175172413793	0.190344827586	0.173793103448	0.176551724138	0.172413793103	0.180689655172	0.190344827586	0.184827586207	0.190344827586	0.187586206897	0.209655172414	0.151724137931	0.143448275862	0.187586206897	0.215172413793	0.179310344828	0.146206896552	0.187586206897	0.187586206897	0.188965517241	0.187586206897	0.190344827586	0.190344827586	0.164137931034	0.187586206897	0.187586206897	0.136551724138	0.177931034483	0.176551724138	0.166896551724	0.201379310345	0.180689655172	0.187586206897	0.186206896552	0.187586206897	0.187586206897	0.187586206897	0.198620689655	0.150344827586	0.180689655172	0.183448275862	0.201379310345	0.204137931034	0.206896551724	0.164137931034	0.195862068966	0.151724137931	0.154482758621
BYQ_AAAJ.snv.bam	0.00137931034483	0.146206896552	0.198620689655	0.031724137931	0.187586206897	0.0	0.187586206897	0.00137931034483	0.23724137931	0.228965517241	0.0	0.194482758621	0.0	0.0	0.0	0.20275862069	0.0	0.0193103448276	0.0179310344828	0.00137931034483	0.208275862069	0.198620689655	0.0	0.0	0.166896551724	0.175172413793	0.186206896552	0.169655172414	0.19724137931	0.184827586207	0.00137931034483	0.0	0.188965517241	0.169655172414	0.165517241379	0.206896551724	0.188965517241	0.201379310345	0.155862068966	0.212413793103	0.208275862069	0.20275862069	0.0	0.146206896552	0.204137931034	0.0193103448276	0.0	0.0	0.0	0.132413793103	0.204137931034	0.0	0.194482758621	0.00827586206897	0.193103448276	0.158620689655	0.182068965517	0.208275862069	0.195862068966	0.195862068966	0.00827586206897	0.19724137931	0.208275862069	0.20275862069	0.208275862069	0.0	0.19724137931	0.164137931034	0.173793103448	0.20275862069	0.217931034483	0.187586206897	0.175172413793	0.0	0.205517241379	0.00137931034483	0.205517241379	0.208275862069	0.204137931034	0.172413793103	0.191724137931	0.193103448276	0.165517241379	0.187586206897	0.187586206897	0.172413793103	0.191724137931	0.194482758621	0.0	0.2	0.0	0.0	0.0	0.190344827586	0.147586206897	0.0	0.0	0.205517241379	0.205517241379	0.206896551724	0.0	0.19724137931	0.179310344828	0.179310344828
BYQ_AAAY.snv.bam	0.183448275862	0.172413793103	0.180689655172	0.169655172414	0.0	0.187586206897	0.0	0.187586206897	0.227586206897	0.219310344828	0.180689655172	0.204137931034	0.187586206897	0.187586206897	0.187586206897	0.172413793103	0.183448275862	0.194482758621	0.191724137931	0.188965517241	0.188965517241	0.194482758621	0.187586206897	0.183448275862	0.144827586207	0.172413793103	0.188965517241	0.153103448276	0.193103448276	0.191724137931	0.186206896552	0.186206896552	0.19724137931	0.161379310345	0.143448275862	0.182068965517	0.166896551724	0.183448275862	0.153103448276	0.198620689655	0.193103448276	0.179310344828	0.186206896552	0.135172413793	0.187586206897	0.194482758621	0.186206896552	0.173793103448	0.187586206897	0.137931034483	0.183448275862	0.186206896552	0.186206896552	0.184827586207	0.20275862069	0.132413793103	0.175172413793	0.188965517241	0.173793103448	0.176551724138	0.172413793103	0.180689655172	0.188965517241	0.183448275862	0.188965517241	0.187586206897	0.208275862069	0.151724137931	0.139310344828	0.186206896552	0.211034482759	0.177931034483	0.146206896552	0.187586206897	0.186206896552	0.188965517241	0.186206896552	0.188965517241	0.188965517241	0.161379310345	0.184827586207	0.184827586207	0.136551724138	0.177931034483	0.173793103448	0.166896551724	0.201379310345	0.179310344828	0.187586206897	0.184827586207	0.187586206897	0.187586206897	0.187586206897	0.198620689655	0.150344827586	0.180689655172	0.183448275862	0.2	0.20275862069	0.205517241379	0.164137931034	0.194482758621	0.151724137931	0.154482758621
CCIS03857607ST-4-0.snv.bam	0.00275862068966	0.146206896552	0.2	0.0331034482759	0.187586206897	0.00137931034483	0.187586206897	0.0	0.23724137931	0.227586206897	0.00137931034483	0.193103448276	0.00137931034483	0.00137931034483	0.00137931034483	0.20275862069	0.00137931034483	0.0151724137931	0.0193103448276	0.00275862068966	0.208275862069	0.19724137931	0.00137931034483	0.00137931034483	0.168275862069	0.175172413793	0.184827586207	0.169655172414	0.19724137931	0.184827586207	0.00275862068966	0.00137931034483	0.187586206897	0.169655172414	0.164137931034	0.206896551724	0.188965517241	0.201379310345	0.15724137931	0.211034482759	0.206896551724	0.204137931034	0.00137931034483	0.146206896552	0.204137931034	0.0151724137931	0.00137931034483	0.00137931034483	0.00137931034483	0.131034482759	0.204137931034	0.00137931034483	0.195862068966	0.00965517241379	0.191724137931	0.158620689655	0.182068965517	0.208275862069	0.195862068966	0.195862068966	0.00689655172414	0.19724137931	0.208275862069	0.20275862069	0.208275862069	0.00137931034483	0.195862068966	0.16275862069	0.173793103448	0.20275862069	0.216551724138	0.186206896552	0.175172413793	0.00137931034483	0.205517241379	0.00275862068966	0.205517241379	0.208275862069	0.204137931034	0.172413793103	0.193103448276	0.193103448276	0.164137931034	0.187586206897	0.187586206897	0.172413793103	0.190344827586	0.195862068966	0.00137931034483	0.2	0.00137931034483	0.00137931034483	0.00137931034483	0.188965517241	0.147586206897	0.00137931034483	0.00137931034483	0.204137931034	0.204137931034	0.205517241379	0.00137931034483	0.195862068966	0.179310344828	0.179310344828
CCIS11362406ST-4-0.snv.bam	0.234482758621	0.24275862069	0.206896551724	0.223448275862	0.234482758621	0.23724137931	0.227586206897	0.23724137931	0.0	0.234482758621	0.231724137931	0.246896551724	0.23724137931	0.23724137931	0.23724137931	0.246896551724	0.235862068966	0.24	0.222068965517	0.238620689655	0.208275862069	0.0303448275862	0.23724137931	0.234482758621	0.211034482759	0.251034482759	0.224827586207	0.209655172414	0.0	0.224827586207	0.238620689655	0.235862068966	0.233103448276	0.228965517241	0.206896551724	0.201379310345	0.188965517241	0.208275862069	0.213793103448	0.246896551724	0.24275862069	0.2	0.23724137931	0.195862068966	0.205517241379	0.24	0.23724137931	0.223448275862	0.235862068966	0.188965517241	0.198620689655	0.235862068966	0.20275862069	0.241379310345	0.245517241379	0.195862068966	0.204137931034	0.208275862069	0.251034482759	0.204137931034	0.228965517241	0.198620689655	0.208275862069	0.205517241379	0.208275862069	0.23724137931	0.241379310345	0.213793103448	0.206896551724	0.204137931034	0.0	0.0	0.209655172414	0.23724137931	0.206896551724	0.238620689655	0.206896551724	0.208275862069	0.205517241379	0.182068965517	0.201379310345	0.20275862069	0.180689655172	0.224827586207	0.201379310345	0.216551724138	0.241379310345	0.20275862069	0.23724137931	0.205517241379	0.23724137931	0.23724137931	0.23724137931	0.24275862069	0.2	0.230344827586	0.227586206897	0.227586206897	0.231724137931	0.233103448276	0.209655172414	0.224827586207	0.230344827586	0.230344827586
CCIS16561622ST-4-0.snv.bam	0.226206896552	0.222068965517	0.194482758621	0.2	0.220689655172	0.228965517241	0.219310344828	0.227586206897	0.234482758621	0.0	0.219310344828	0.212413793103	0.228965517241	0.228965517241	0.227586206897	0.215172413793	0.223448275862	0.231724137931	0.222068965517	0.230344827586	0.201379310345	0.208275862069	0.228965517241	0.226206896552	0.188965517241	0.224827586207	0.216551724138	0.183448275862	0.208275862069	0.19724137931	0.227586206897	0.227586206897	0.209655172414	0.194482758621	0.186206896552	0.198620689655	0.150344827586	0.19724137931	0.190344827586	0.20275862069	0.19724137931	0.193103448276	0.227586206897	0.176551724138	0.198620689655	0.231724137931	0.228965517241	0.215172413793	0.227586206897	0.158620689655	0.195862068966	0.227586206897	0.187586206897	0.227586206897	0.213793103448	0.179310344828	0.2	0.201379310345	0.222068965517	0.191724137931	0.213793103448	0.191724137931	0.201379310345	0.195862068966	0.201379310345	0.228965517241	0.215172413793	0.182068965517	0.188965517241	0.194482758621	0.220689655172	0.194482758621	0.168275862069	0.228965517241	0.2	0.230344827586	0.2	0.201379310345	0.2	0.16275862069	0.190344827586	0.190344827586	0.15724137931	0.217931034483	0.188965517241	0.2	0.209655172414	0.194482758621	0.228965517241	0.194482758621	0.228965517241	0.228965517241	0.228965517241	0.211034482759	0.182068965517	0.223448275862	0.222068965517	0.206896551724	0.208275862069	0.211034482759	0.209655172414	0.2	0.191724137931	0.19724137931
CCIS20795251ST-4-0.snv.bam	0.00137931034483	0.139310344828	0.187586206897	0.031724137931	0.180689655172	0.0	0.180689655172	0.00137931034483	0.231724137931	0.219310344828	0.0	0.184827586207	0.0	0.0	0.0	0.191724137931	0.0	0.0179310344828	0.0151724137931	0.00137931034483	0.19724137931	0.193103448276	0.0	0.0	0.161379310345	0.169655172414	0.177931034483	0.16275862069	0.191724137931	0.176551724138	0.00137931034483	0.0	0.179310344828	0.165517241379	0.155862068966	0.195862068966	0.184827586207	0.193103448276	0.148965517241	0.201379310345	0.19724137931	0.191724137931	0.0	0.142068965517	0.193103448276	0.0179310344828	0.0	0.0	0.0	0.128275862069	0.193103448276	0.0	0.184827586207	0.00827586206897	0.183448275862	0.148965517241	0.176551724138	0.19724137931	0.187586206897	0.187586206897	0.00827586206897	0.186206896552	0.19724137931	0.191724137931	0.19724137931	0.0	0.187586206897	0.155862068966	0.165517241379	0.191724137931	0.212413793103	0.182068965517	0.168275862069	0.0	0.194482758621	0.00137931034483	0.194482758621	0.19724137931	0.195862068966	0.165517241379	0.183448275862	0.184827586207	0.161379310345	0.180689655172	0.179310344828	0.164137931034	0.182068965517	0.183448275862	0.0	0.188965517241	0.0	0.0	0.0	0.180689655172	0.143448275862	0.0	0.0	0.19724137931	0.19724137931	0.198620689655	0.0	0.188965517241	0.169655172414	0.169655172414
CCIS21126322ST-4-0.snv.bam	0.187586206897	0.208275862069	0.161379310345	0.180689655172	0.204137931034	0.194482758621	0.204137931034	0.193103448276	0.246896551724	0.212413793103	0.184827586207	0.0	0.194482758621	0.194482758621	0.193103448276	0.143448275862	0.188965517241	0.179310344828	0.193103448276	0.195862068966	0.173793103448	0.217931034483	0.194482758621	0.191724137931	0.180689655172	0.208275862069	0.184827586207	0.151724137931	0.209655172414	0.180689655172	0.193103448276	0.194482758621	0.0441379310345	0.179310344828	0.175172413793	0.164137931034	0.180689655172	0.164137931034	0.177931034483	0.0772413793103	0.0772413793103	0.15724137931	0.193103448276	0.171034482759	0.171034482759	0.179310344828	0.194482758621	0.177931034483	0.194482758621	0.158620689655	0.169655172414	0.193103448276	0.188965517241	0.190344827586	0.0	0.166896551724	0.183448275862	0.173793103448	0.211034482759	0.158620689655	0.183448275862	0.16	0.173793103448	0.169655172414	0.173793103448	0.194482758621	0.048275862069	0.172413793103	0.179310344828	0.168275862069	0.230344827586	0.198620689655	0.164137931034	0.194482758621	0.173793103448	0.195862068966	0.173793103448	0.173793103448	0.172413793103	0.176551724138	0.190344827586	0.188965517241	0.146206896552	0.193103448276	0.186206896552	0.186206896552	0.0	0.165517241379	0.194482758621	0.166896551724	0.194482758621	0.193103448276	0.194482758621	0.0	0.16275862069	0.187586206897	0.188965517241	0.212413793103	0.212413793103	0.213793103448	0.173793103448	0.204137931034	0.129655172414	0.131034482759
CCIS47284573ST-4-0.snv.bam	0.00137931034483	0.146206896552	0.198620689655	0.031724137931	0.187586206897	0.0	0.187586206897	0.00137931034483	0.23724137931	0.228965517241	0.0	0.194482758621	0.0	0.0	0.0	0.20275862069	0.0	0.0193103448276	0.0179310344828	0.00137931034483	0.208275862069	0.198620689655	0.0	0.0	0.166896551724	0.175172413793	0.186206896552	0.169655172414	0.19724137931	0.184827586207	0.00137931034483	0.0	0.188965517241	0.169655172414	0.165517241379	0.206896551724	0.188965517241	0.201379310345	0.155862068966	0.212413793103	0.208275862069	0.20275862069	0.0	0.146206896552	0.204137931034	0.0193103448276	0.0	0.0	0.0	0.132413793103	0.204137931034	0.0	0.194482758621	0.00827586206897	0.193103448276	0.158620689655	0.182068965517	0.208275862069	0.195862068966	0.195862068966	0.00827586206897	0.19724137931	0.208275862069	0.20275862069	0.208275862069	0.0	0.19724137931	0.164137931034	0.173793103448	0.20275862069	0.217931034483	0.187586206897	0.175172413793	0.0	0.205517241379	0.00137931034483	0.205517241379	0.208275862069	0.204137931034	0.172413793103	0.191724137931	0.193103448276	0.165517241379	0.187586206897	0.187586206897	0.172413793103	0.191724137931	0.194482758621	0.0	0.2	0.0	0.0	0.0	0.190344827586	0.147586206897	0.0	0.0	0.205517241379	0.205517241379	0.206896551724	0.0	0.19724137931	0.179310344828	0.179310344828
CCIS52370277ST-4-0.snv.bam	0.00137931034483	0.146206896552	0.198620689655	0.031724137931	0.187586206897	0.0	0.187586206897	0.00137931034483	0.23724137931	0.228965517241	0.0	0.194482758621	0.0	0.0	0.0	0.20275862069	0.0	0.0193103448276	0.0179310344828	0.00137931034483	0.208275862069	0.198620689655	0.0	0.0	0.166896551724	0.175172413793	0.186206896552	0.169655172414	0.19724137931	0.184827586207	0.00137931034483	0.0	0.188965517241	0.169655172414	0.165517241379	0.206896551724	0.188965517241	0.201379310345	0.155862068966	0.212413793103	0.208275862069	0.20275862069	0.0	0.146206896552	0.204137931034	0.0193103448276	0.0	0.0	0.0	0.132413793103	0.204137931034	0.0	0.194482758621	0.00827586206897	0.193103448276	0.158620689655	0.182068965517	0.208275862069	0.195862068966	0.195862068966	0.00827586206897	0.19724137931	0.208275862069	0.20275862069	0.208275862069	0.0	0.19724137931	0.164137931034	0.173793103448	0.20275862069	0.217931034483	0.187586206897	0.175172413793	0.0	0.205517241379	0.00137931034483	0.205517241379	0.208275862069	0.204137931034	0.172413793103	0.191724137931	0.193103448276	0.165517241379	0.187586206897	0.187586206897	0.172413793103	0.191724137931	0.194482758621	0.0	0.2	0.0	0.0	0.0	0.190344827586	0.147586206897	0.0	0.0	0.205517241379	0.205517241379	0.206896551724	0.0	0.19724137931	0.179310344828	0.179310344828
CCIS53557295ST-4-0.snv.bam	0.00137931034483	0.146206896552	0.19724137931	0.031724137931	0.187586206897	0.0	0.187586206897	0.00137931034483	0.23724137931	0.227586206897	0.0	0.193103448276	0.0	0.0	0.0	0.20275862069	0.0	0.0193103448276	0.0179310344828	0.00137931034483	0.206896551724	0.198620689655	0.0	0.0	0.166896551724	0.175172413793	0.186206896552	0.168275862069	0.19724137931	0.184827586207	0.00137931034483	0.0	0.187586206897	0.169655172414	0.165517241379	0.205517241379	0.188965517241	0.2	0.155862068966	0.211034482759	0.206896551724	0.201379310345	0.0	0.146206896552	0.20275862069	0.0193103448276	0.0	0.0	0.0	0.132413793103	0.20275862069	0.0	0.194482758621	0.00827586206897	0.191724137931	0.158620689655	0.182068965517	0.206896551724	0.195862068966	0.194482758621	0.00827586206897	0.195862068966	0.206896551724	0.201379310345	0.206896551724	0.0	0.195862068966	0.164137931034	0.173793103448	0.201379310345	0.217931034483	0.187586206897	0.173793103448	0.0	0.204137931034	0.00137931034483	0.204137931034	0.206896551724	0.20275862069	0.172413793103	0.191724137931	0.193103448276	0.165517241379	0.187586206897	0.186206896552	0.172413793103	0.190344827586	0.193103448276	0.0	0.198620689655	0.0	0.0	0.0	0.188965517241	0.147586206897	0.0	0.0	0.205517241379	0.205517241379	0.206896551724	0.0	0.19724137931	0.179310344828	0.179310344828
CCIS59132091ST-4-0.snv.bam	0.195862068966	0.19724137931	0.148965517241	0.182068965517	0.172413793103	0.20275862069	0.172413793103	0.20275862069	0.246896551724	0.215172413793	0.191724137931	0.143448275862	0.20275862069	0.20275862069	0.20275862069	0.0	0.198620689655	0.20275862069	0.20275862069	0.204137931034	0.16275862069	0.211034482759	0.20275862069	0.195862068966	0.169655172414	0.191724137931	0.188965517241	0.164137931034	0.208275862069	0.180689655172	0.201379310345	0.201379310345	0.164137931034	0.164137931034	0.161379310345	0.150344827586	0.175172413793	0.164137931034	0.158620689655	0.147586206897	0.143448275862	0.148965517241	0.201379310345	0.164137931034	0.161379310345	0.20275862069	0.201379310345	0.188965517241	0.20275862069	0.140689655172	0.16	0.201379310345	0.182068965517	0.194482758621	0.144827586207	0.165517241379	0.175172413793	0.16275862069	0.19724137931	0.15724137931	0.188965517241	0.151724137931	0.16275862069	0.15724137931	0.16275862069	0.20275862069	0.171034482759	0.168275862069	0.16275862069	0.158620689655	0.224827586207	0.194482758621	0.165517241379	0.20275862069	0.16275862069	0.204137931034	0.161379310345	0.16275862069	0.16275862069	0.169655172414	0.182068965517	0.180689655172	0.153103448276	0.180689655172	0.179310344828	0.175172413793	0.140689655172	0.153103448276	0.20275862069	0.155862068966	0.20275862069	0.20275862069	0.20275862069	0.143448275862	0.154482758621	0.195862068966	0.198620689655	0.198620689655	0.198620689655	0.20275862069	0.177931034483	0.190344827586	0.0441379310345	0.0441379310345
CCIS63468405ST-4-0.snv.bam	0.00137931034483	0.143448275862	0.194482758621	0.0303448275862	0.183448275862	0.0	0.183448275862	0.00137931034483	0.235862068966	0.223448275862	0.0	0.188965517241	0.0	0.0	0.0	0.198620689655	0.0	0.0193103448276	0.0165517241379	0.00137931034483	0.204137931034	0.19724137931	0.0	0.0	0.16275862069	0.172413793103	0.182068965517	0.165517241379	0.195862068966	0.183448275862	0.00137931034483	0.0	0.184827586207	0.166896551724	0.16275862069	0.204137931034	0.187586206897	0.19724137931	0.154482758621	0.208275862069	0.204137931034	0.2	0.0	0.144827586207	0.201379310345	0.0193103448276	0.0	0.0	0.0	0.132413793103	0.2	0.0	0.191724137931	0.00827586206897	0.187586206897	0.155862068966	0.179310344828	0.204137931034	0.193103448276	0.191724137931	0.00827586206897	0.193103448276	0.204137931034	0.198620689655	0.204137931034	0.0	0.193103448276	0.161379310345	0.169655172414	0.198620689655	0.216551724138	0.186206896552	0.171034482759	0.0	0.201379310345	0.00137931034483	0.201379310345	0.204137931034	0.201379310345	0.168275862069	0.188965517241	0.190344827586	0.161379310345	0.184827586207	0.184827586207	0.169655172414	0.186206896552	0.191724137931	0.0	0.195862068966	0.0	0.0	0.0	0.184827586207	0.143448275862	0.0	0.0	0.201379310345	0.201379310345	0.20275862069	0.0	0.193103448276	0.175172413793	0.175172413793
CCIS80834637ST-4-0.snv.bam	0.0179310344828	0.154482758621	0.201379310345	0.0510344827586	0.194482758621	0.0193103448276	0.194482758621	0.0151724137931	0.24	0.231724137931	0.0179310344828	0.179310344828	0.0193103448276	0.0193103448276	0.0193103448276	0.20275862069	0.0193103448276	0.0	0.0372413793103	0.0206896551724	0.208275862069	0.201379310345	0.0193103448276	0.0179310344828	0.175172413793	0.180689655172	0.183448275862	0.175172413793	0.2	0.187586206897	0.0206896551724	0.0193103448276	0.175172413793	0.175172413793	0.168275862069	0.206896551724	0.191724137931	0.204137931034	0.15724137931	0.201379310345	0.201379310345	0.20275862069	0.0193103448276	0.154482758621	0.204137931034	0.0	0.0193103448276	0.0193103448276	0.0193103448276	0.136551724138	0.204137931034	0.0193103448276	0.2	0.0275862068966	0.176551724138	0.161379310345	0.184827586207	0.208275862069	0.201379310345	0.198620689655	0.0248275862069	0.19724137931	0.208275862069	0.20275862069	0.208275862069	0.0193103448276	0.180689655172	0.164137931034	0.179310344828	0.20275862069	0.219310344828	0.188965517241	0.180689655172	0.0193103448276	0.205517241379	0.0206896551724	0.205517241379	0.208275862069	0.205517241379	0.173793103448	0.19724137931	0.198620689655	0.165517241379	0.190344827586	0.187586206897	0.176551724138	0.176551724138	0.194482758621	0.0193103448276	0.2	0.0193103448276	0.0193103448276	0.0193103448276	0.176551724138	0.158620689655	0.0193103448276	0.0193103448276	0.208275862069	0.208275862069	0.209655172414	0.0179310344828	0.2	0.183448275862	0.182068965517
CCIS81735969ST-20-0.snv.bam	0.0179310344828	0.143448275862	0.19724137931	0.048275862069	0.191724137931	0.0179310344828	0.191724137931	0.0193103448276	0.222068965517	0.222068965517	0.0151724137931	0.193103448276	0.0179310344828	0.0179310344828	0.0179310344828	0.20275862069	0.0165517241379	0.0372413793103	0.0	0.0193103448276	0.206896551724	0.187586206897	0.0179310344828	0.0179310344828	0.166896551724	0.177931034483	0.186206896552	0.168275862069	0.184827586207	0.176551724138	0.0193103448276	0.0165517241379	0.187586206897	0.169655172414	0.165517241379	0.205517241379	0.190344827586	0.2	0.15724137931	0.211034482759	0.206896551724	0.201379310345	0.0179310344828	0.148965517241	0.20275862069	0.0372413793103	0.0179310344828	0.0151724137931	0.0179310344828	0.137931034483	0.20275862069	0.0165517241379	0.193103448276	0.0248275862069	0.191724137931	0.158620689655	0.179310344828	0.206896551724	0.198620689655	0.194482758621	0.0234482758621	0.195862068966	0.206896551724	0.201379310345	0.206896551724	0.0179310344828	0.195862068966	0.161379310345	0.177931034483	0.201379310345	0.20275862069	0.173793103448	0.173793103448	0.0179310344828	0.204137931034	0.0193103448276	0.204137931034	0.206896551724	0.20275862069	0.173793103448	0.193103448276	0.194482758621	0.164137931034	0.183448275862	0.187586206897	0.169655172414	0.190344827586	0.193103448276	0.0179310344828	0.198620689655	0.0179310344828	0.0179310344828	0.0179310344828	0.188965517241	0.148965517241	0.0151724137931	0.0151724137931	0.204137931034	0.204137931034	0.205517241379	0.0151724137931	0.195862068966	0.177931034483	0.179310344828
CCIS82146115ST-4-0.snv.bam	0.00275862068966	0.147586206897	0.2	0.0331034482759	0.188965517241	0.00137931034483	0.188965517241	0.00275862068966	0.238620689655	0.230344827586	0.00137931034483	0.195862068966	0.00137931034483	0.00137931034483	0.00137931034483	0.204137931034	0.00137931034483	0.0206896551724	0.0193103448276	0.0	0.209655172414	0.2	0.00137931034483	0.00137931034483	0.168275862069	0.176551724138	0.187586206897	0.171034482759	0.198620689655	0.186206896552	0.00275862068966	0.00137931034483	0.190344827586	0.171034482759	0.166896551724	0.208275862069	0.190344827586	0.20275862069	0.15724137931	0.213793103448	0.209655172414	0.20275862069	0.00137931034483	0.147586206897	0.204137931034	0.0206896551724	0.00137931034483	0.00137931034483	0.00137931034483	0.133793103448	0.205517241379	0.00137931034483	0.195862068966	0.00965517241379	0.194482758621	0.16	0.183448275862	0.209655172414	0.19724137931	0.19724137931	0.00965517241379	0.198620689655	0.209655172414	0.204137931034	0.209655172414	0.00137931034483	0.198620689655	0.165517241379	0.175172413793	0.204137931034	0.219310344828	0.188965517241	0.176551724138	0.00137931034483	0.206896551724	0.00275862068966	0.206896551724	0.209655172414	0.205517241379	0.173793103448	0.193103448276	0.194482758621	0.166896551724	0.188965517241	0.188965517241	0.173793103448	0.193103448276	0.194482758621	0.00137931034483	0.2	0.00137931034483	0.00137931034483	0.00137931034483	0.191724137931	0.148965517241	0.00137931034483	0.00137931034483	0.205517241379	0.206896551724	0.208275862069	0.0	0.198620689655	0.180689655172	0.180689655172
CCIS87605453ST-4-0.snv.bam	0.201379310345	0.183448275862	0.0248275862069	0.176551724138	0.190344827586	0.208275862069	0.188965517241	0.208275862069	0.208275862069	0.201379310345	0.19724137931	0.173793103448	0.208275862069	0.208275862069	0.206896551724	0.16275862069	0.204137931034	0.208275862069	0.206896551724	0.209655172414	0.0	0.208275862069	0.208275862069	0.204137931034	0.151724137931	0.188965517241	0.198620689655	0.133793103448	0.179310344828	0.188965517241	0.208275862069	0.208275862069	0.151724137931	0.165517241379	0.148965517241	0.0579310344828	0.180689655172	0.0372413793103	0.128275862069	0.11724137931	0.114482758621	0.0593103448276	0.205517241379	0.158620689655	0.0	0.208275862069	0.206896551724	0.191724137931	0.206896551724	0.151724137931	0.0	0.206896551724	0.194482758621	0.206896551724	0.172413793103	0.15724137931	0.187586206897	0.0	0.190344827586	0.0358620689655	0.19724137931	0.0	0.0	0.0	0.0	0.208275862069	0.16275862069	0.164137931034	0.158620689655	0.0	0.191724137931	0.16275862069	0.154482758621	0.208275862069	0.0	0.209655172414	0.0	0.0	0.0	0.16	0.191724137931	0.190344827586	0.155862068966	0.190344827586	0.176551724138	0.191724137931	0.172413793103	0.0	0.208275862069	0.0	0.208275862069	0.208275862069	0.208275862069	0.171034482759	0.153103448276	0.20275862069	0.2	0.19724137931	0.198620689655	0.2	0.186206896552	0.190344827586	0.161379310345	0.164137931034
CCIS90443472ST-4-0.snv.bam	0.19724137931	0.205517241379	0.206896551724	0.186206896552	0.195862068966	0.198620689655	0.194482758621	0.19724137931	0.0303448275862	0.208275862069	0.193103448276	0.217931034483	0.198620689655	0.198620689655	0.198620689655	0.211034482759	0.19724137931	0.201379310345	0.187586206897	0.2	0.208275862069	0.0	0.198620689655	0.194482758621	0.177931034483	0.205517241379	0.191724137931	0.173793103448	0.0275862068966	0.187586206897	0.2	0.19724137931	0.205517241379	0.191724137931	0.179310344828	0.2	0.166896551724	0.209655172414	0.184827586207	0.219310344828	0.213793103448	0.19724137931	0.198620689655	0.165517241379	0.204137931034	0.201379310345	0.198620689655	0.188965517241	0.198620689655	0.154482758621	0.198620689655	0.19724137931	0.175172413793	0.20275862069	0.216551724138	0.166896551724	0.173793103448	0.208275862069	0.204137931034	0.204137931034	0.186206896552	0.19724137931	0.208275862069	0.20275862069	0.208275862069	0.198620689655	0.213793103448	0.175172413793	0.175172413793	0.20275862069	0.0303448275862	0.0289655172414	0.175172413793	0.198620689655	0.206896551724	0.2	0.206896551724	0.208275862069	0.205517241379	0.154482758621	0.173793103448	0.179310344828	0.158620689655	0.191724137931	0.165517241379	0.182068965517	0.212413793103	0.2	0.198620689655	0.20275862069	0.198620689655	0.198620689655	0.198620689655	0.213793103448	0.158620689655	0.191724137931	0.190344827586	0.19724137931	0.2	0.201379310345	0.169655172414	0.193103448276	0.195862068966	0.19724137931
CCIS94603952ST-4-0.snv.bam	0.00137931034483	0.146206896552	0.198620689655	0.031724137931	0.187586206897	0.0	0.187586206897	0.00137931034483	0.23724137931	0.228965517241	0.0	0.194482758621	0.0	0.0	0.0	0.20275862069	0.0	0.0193103448276	0.0179310344828	0.00137931034483	0.208275862069	0.198620689655	0.0	0.0	0.166896551724	0.175172413793	0.186206896552	0.169655172414	0.19724137931	0.184827586207	0.00137931034483	0.0	0.188965517241	0.169655172414	0.165517241379	0.206896551724	0.188965517241	0.201379310345	0.155862068966	0.212413793103	0.208275862069	0.20275862069	0.0	0.146206896552	0.204137931034	0.0193103448276	0.0	0.0	0.0	0.132413793103	0.204137931034	0.0	0.194482758621	0.00827586206897	0.193103448276	0.158620689655	0.182068965517	0.208275862069	0.195862068966	0.195862068966	0.00827586206897	0.19724137931	0.208275862069	0.20275862069	0.208275862069	0.0	0.19724137931	0.164137931034	0.173793103448	0.20275862069	0.217931034483	0.187586206897	0.175172413793	0.0	0.205517241379	0.00137931034483	0.205517241379	0.208275862069	0.204137931034	0.172413793103	0.191724137931	0.193103448276	0.165517241379	0.187586206897	0.187586206897	0.172413793103	0.191724137931	0.194482758621	0.0	0.2	0.0	0.0	0.0	0.190344827586	0.147586206897	0.0	0.0	0.205517241379	0.205517241379	0.206896551724	0.0	0.19724137931	0.179310344828	0.179310344828
CCIS98512455ST-4-0.snv.bam	0.00137931034483	0.142068965517	0.194482758621	0.031724137931	0.183448275862	0.0	0.183448275862	0.00137931034483	0.234482758621	0.226206896552	0.0	0.191724137931	0.0	0.0	0.0	0.195862068966	0.0	0.0179310344828	0.0179310344828	0.00137931034483	0.204137931034	0.194482758621	0.0	0.0	0.16275862069	0.172413793103	0.182068965517	0.166896551724	0.194482758621	0.180689655172	0.00137931034483	0.0	0.186206896552	0.165517241379	0.16	0.20275862069	0.186206896552	0.198620689655	0.150344827586	0.209655172414	0.205517241379	0.198620689655	0.0	0.144827586207	0.2	0.0179310344828	0.0	0.0	0.0	0.132413793103	0.2	0.0	0.190344827586	0.00827586206897	0.190344827586	0.154482758621	0.177931034483	0.204137931034	0.193103448276	0.193103448276	0.00689655172414	0.193103448276	0.204137931034	0.198620689655	0.204137931034	0.0	0.194482758621	0.16	0.168275862069	0.198620689655	0.215172413793	0.184827586207	0.171034482759	0.0	0.201379310345	0.00137931034483	0.201379310345	0.204137931034	0.201379310345	0.168275862069	0.187586206897	0.188965517241	0.16275862069	0.182068965517	0.184827586207	0.168275862069	0.188965517241	0.190344827586	0.0	0.195862068966	0.0	0.0	0.0	0.187586206897	0.144827586207	0.0	0.0	0.2	0.2	0.201379310345	0.0	0.191724137931	0.173793103448	0.172413793103
CCIS98832363ST-4-0.snv.bam	0.16275862069	0.16	0.153103448276	0.146206896552	0.144827586207	0.166896551724	0.144827586207	0.168275862069	0.211034482759	0.188965517241	0.161379310345	0.180689655172	0.166896551724	0.166896551724	0.166896551724	0.169655172414	0.16275862069	0.175172413793	0.166896551724	0.168275862069	0.151724137931	0.177931034483	0.166896551724	0.16275862069	0.0	0.158620689655	0.155862068966	0.124137931034	0.186206896552	0.151724137931	0.166896551724	0.166896551724	0.172413793103	0.143448275862	0.121379310345	0.15724137931	0.153103448276	0.155862068966	0.12275862069	0.168275862069	0.164137931034	0.155862068966	0.166896551724	0.106206896552	0.150344827586	0.175172413793	0.166896551724	0.153103448276	0.165517241379	0.113103448276	0.148965517241	0.166896551724	0.164137931034	0.158620689655	0.179310344828	0.132413793103	0.148965517241	0.151724137931	0.155862068966	0.148965517241	0.153103448276	0.139310344828	0.151724137931	0.147586206897	0.151724137931	0.166896551724	0.182068965517	0.124137931034	0.143448275862	0.147586206897	0.193103448276	0.165517241379	0.126896551724	0.166896551724	0.150344827586	0.168275862069	0.150344827586	0.151724137931	0.150344827586	0.143448275862	0.164137931034	0.164137931034	0.121379310345	0.155862068966	0.147586206897	0.147586206897	0.176551724138	0.142068965517	0.166896551724	0.147586206897	0.165517241379	0.165517241379	0.166896551724	0.176551724138	0.110344827586	0.16	0.158620689655	0.161379310345	0.164137931034	0.165517241379	0.146206896552	0.155862068966	0.15724137931	0.15724137931
