	158337416-stool2.snv.bam	158742018-stool1.snv.bam	159207311-stool1.snv.bam	159207311-stool2.snv.bam	159247771-stool2.snv.bam	159268001-stool1.snv.bam	160400887-stool1.snv.bam	508703490-stool3.snv.bam	682102541-stool3.snv.bam	763678604-stool1.snv.bam	763678604-stool2.snv.bam	764062976-stool1.snv.bam	764062976-stool2.snv.bam	764184357-stool2.snv.bam	764224817-stool1.snv.bam	764649650-stool2.snv.bam	BYQ_AAAP.snv.bam	CCIS00146684ST-4-0.snv.bam	CCIS33816588ST-4-0.snv.bam	CCIS47284573ST-4-0.snv.bam	CCIS55230578ST-4-0.snv.bam	CCIS64773582ST-4-0.snv.bam	CCIS94417875ST-3-0.snv.bam	CCMD42428553ST-21-0.snv.bam	M2.3-V2.metaG.snv.bam	MH0159.snv.bam	MH0196.snv.bam	MH0281.snv.bam	MH0313.snv.bam	MH0318.snv.bam	MH0376.snv.bam	MH0408.snv.bam	MH0422.snv.bam	MH0426.snv.bam	MH0446.snv.bam	MH0450.snv.bam	MH0454.snv.bam	MMRS21365932ST-27-0-0.snv.bam	MMRS38954404ST-27-0-0.snv.bam	MMRS39582183ST-27-0-0.snv.bam	MMRS51737257ST-27-0-0.snv.bam	MMRS62666492ST-27-0-0.snv.bam	MMRS93621581ST-27-0-0.snv.bam	O2.UC29-1.snv.bam	V1.FI12.snv.bam	V1.FI14.snv.bam	V1.UC52-1.snv.bam
158337416-stool2.snv.bam	0.0	0.238120973996	0.256483089866	0.256253817683	0.158690227545	0.262423682807	0.256291643744	0.256509413778	0.18934321024	0.128758988762	0.129789346112	0.000645561090655	0.000550499166559	0.299197184308	0.298974570573	0.219791042079	0.261940733635	0.170925790085	0.251729015791	0.201206475308	0.2441443458	0.219817142635	0.250702212849	0.209358363228	0.217589003565	0.256552967785	0.288805569539	0.27458432667	0.230011363813	0.21970627789	0.25806182122	0.12183668631	0.256629545611	0.260256935009	0.256552967785	0.222250907619	0.250079034448	0.200219514303	0.286877796379	0.238183735392	0.256084120558	0.268486765695	0.262599465442	0.244477619353	0.237819620788	0.251772513044	0.235871525949
158742018-stool1.snv.bam	0.238120973996	0.0	0.164907454897	0.16471833346	0.201429578767	0.219651401192	0.176951281472	0.176662194935	0.183102263174	0.244798859099	0.242406652845	0.228967663483	0.238132171484	0.171179431243	0.170782601479	0.250077364523	0.268131000652	0.213536647326	0.165766933506	0.170115183994	0.176927788977	0.152378856322	0.21912607822	0.143921635042	0.161614969947	0.201705748942	0.184438579278	0.170853720497	0.167826150071	0.188976340994	0.188805095355	0.223068663569	0.165268277417	0.190487850712	0.165191699591	0.179144438582	0.158911339617	0.172359447745	0.170880949237	0.170892818069	0.204876251329	0.201341525375	0.158797542766	0.225942804409	0.158479258517	0.182515787179	0.216613466592
159207311-stool1.snv.bam	0.256483089866	0.164907454897	0.0	0.000952261104307	0.220131379477	0.214219773114	0.17098174862	0.183394640606	0.189420697028	0.238842047568	0.237839884593	0.24709922477	0.256370479009	0.201866383262	0.201469553498	0.268624879206	0.274676766339	0.219773768455	0.000524240602013	0.139153781246	0.121707079403	0.207456249729	0.249423845361	0.0593820341054	0.0564313740256	0.183883413351	0.190702362175	0.189274431547	0.149599075889	0.207656100438	0.164059441623	0.210036832555	0.00103316190884	0.247656790703	0.000956584082663	0.10007308708	0.0432337645106	0.193486899806	0.189643782015	0.177535086881	0.179729693401	0.183447873281	0.177560573029	0.22023231995	0.0799686767246	0.126323592567	0.185257651071
159207311-stool2.snv.bam	0.256253817683	0.16471833346	0.000952261104307	0.0	0.219572509403	0.21366090304	0.170693881256	0.183106773242	0.188468435924	0.237924497437	0.237281014519	0.246867122066	0.256141206826	0.201578515898	0.201181686134	0.268066009133	0.274117896266	0.219474369061	0.000433862594958	0.138577336642	0.121148209329	0.207168382365	0.249454043858	0.0590343664347	0.0563398733104	0.183324543277	0.190412728754	0.188986564183	0.149029792087	0.20727924711	0.16328011611	0.209677419355	0.000943334987189	0.247357991668	0.000866757161016	0.0999821511844	0.0434034082688	0.193060665697	0.189084911941	0.176976216807	0.178728598394	0.182889003208	0.177001702955	0.219855466622	0.079878849803	0.125747147963	0.184673863223
159247771-stool2.snv.bam	0.158690227545	0.201429578767	0.220131379477	0.219572509403	0.0	0.261909518166	0.207454300442	0.219548913146	0.189133294712	0.116797522276	0.11682077496	0.148696582339	0.158746890835	0.189537127135	0.189278878303	0.292870827434	0.31074244184	0.0612300978155	0.21482266881	0.138375698376	0.183072793618	0.219499470719	0.261941479929	0.183195526333	0.180224192647	0.232102416554	0.215128733334	0.213551861418	0.211439354296	0.219610335464	0.195231044288	0.108303483303	0.219983872429	0.209586260654	0.219907294602	0.172965417641	0.225628483216	0.220800655283	0.213767469963	0.20165877483	0.230567153644	0.219766683181	0.201684260978	0.268654660042	0.21333343446	0.213978020582	0.229401879083
159268001-stool1.snv.bam	0.262423682807	0.219651401192	0.214219773114	0.21366090304	0.261909518166	0.0	0.237429045916	0.261497287973	0.194951711055	0.268570019635	0.267176244418	0.26584352002	0.262530904877	0.231749385795	0.231712866453	0.177367764173	0.280417532635	0.261930195701	0.215009764249	0.220330424645	0.188677313405	0.237700123224	0.256941398868	0.189493709271	0.199015792345	0.213717703205	0.233032856547	0.231475182853	0.211148495015	0.23767697564	0.244948021499	0.249908399925	0.214072266066	0.279181300639	0.21399568824	0.204547775773	0.207715328266	0.200279543384	0.183031286947	0.244041710664	0.186328099956	0.23767697564	0.207683059144	0.0439026531208	0.206963860502	0.232912440623	0.0259935785422
160400887-stool1.snv.bam	0.256291643744	0.176951281472	0.17098174862	0.170693881256	0.207454300442	0.237429045916	0.0	0.0855836236934	0.201230276321	0.237951454405	0.23731884058	0.247362662486	0.256358782158	0.189224524492	0.189024390244	0.268103835193	0.298545966229	0.207317073171	0.171779141104	0.138616352201	0.206551889048	0.207206208426	0.26168699187	0.150326797386	0.167701863354	0.195557491289	0.0432115230728	0.0792682926829	0.136645962733	0.231707317073	0.14465408805	0.202702702703	0.171243825213	0.234739026313	0.171167247387	0.136582647462	0.189083557951	0.220689655172	0.189122738002	0.237989652624	0.256105006105	0.170731707317	0.237594617325	0.244283536585	0.152259684362	0.163522012579	0.210191082803
508703490-stool3.snv.bam	0.256509413778	0.176662194935	0.183394640606	0.183106773242	0.219548913146	0.261497287973	0.0855836236934	0.0	0.188931357438	0.23853877359	0.237536610615	0.24758312104	0.256507261727	0.189203449973	0.188806620209	0.28008118711	0.286133074243	0.219294425087	0.184268185802	0.163998203055	0.219777789164	0.206988438391	0.249709639954	0.163632119514	0.180346051464	0.170949477352	0.104342110277	0.140026132404	0.13065661047	0.219294425087	0.169586702606	0.202944015444	0.183656717199	0.183880075138	0.183580139373	0.160722859102	0.201496449938	0.21354679803	0.188904967967	0.213817178756	0.211004273504	0.194904181185	0.200791481437	0.268456010453	0.164672576348	0.182614555256	0.216333030027
682102541-stool3.snv.bam	0.18934321024	0.183102263174	0.189420697028	0.188468435924	0.189133294712	0.194951711055	0.201230276321	0.188931357438	0.0	0.182774114582	0.182451555926	0.179587705113	0.18945043231	0.207724667061	0.207327837297	0.237696958835	0.243792654677	0.18903515437	0.183923577267	0.144916762998	0.201142598974	0.189038262728	0.255578666768	0.163410230828	0.173854995066	0.16519442364	0.196596586366	0.182937593395	0.174040105003	0.189149127473	0.182401039728	0.16885577166	0.189329924455	0.196893816854	0.189335193085	0.178894641873	0.195056381698	0.186271350306	0.170840819201	0.195431463023	0.1664213253	0.176840032419	0.170931203914	0.22586611643	0.182758253366	0.194839893676	0.16547479678
763678604-stool1.snv.bam	0.128758988762	0.244798859099	0.238842047568	0.237924497437	0.116797522276	0.268570019635	0.237951454405	0.23853877359	0.182774114582	0.0	0.00239220625339	0.117798282912	0.128693097989	0.232949870234	0.23255304047	0.299503634362	0.304846957277	0.141089625836	0.233648126277	0.169710934104	0.213978583661	0.250035711612	0.281841658357	0.190095716229	0.199283506727	0.238386994475	0.258082925051	0.244049015381	0.229962972189	0.201366088552	0.226381300363	0.0685047205213	0.238833121451	0.247426650257	0.238756543625	0.203860663033	0.244477732239	0.186372679465	0.219805744124	0.208347571143	0.237386256796	0.213561210503	0.232442376932	0.263421942909	0.2198489806	0.22027697184	0.242242121046
763678604-stool2.snv.bam	0.129789346112	0.242406652845	0.237839884593	0.237281014519	0.11682077496	0.267176244418	0.23731884058	0.237536610615	0.182451555926	0.00239220625339	0.0	0.118841360723	0.129778141984	0.230557663981	0.230160834217	0.299178978162	0.304834996511	0.14111287852	0.232639815062	0.169058426761	0.213270988848	0.248342652399	0.279449452103	0.189021502321	0.197182464668	0.236693935262	0.257446430159	0.243416401555	0.228238365289	0.201410981501	0.225913772673	0.0685304870088	0.237830958476	0.245285714994	0.237754380649	0.20322023916	0.242415123876	0.186423454939	0.218064060023	0.207015810277	0.236363274407	0.212928596677	0.231431540327	0.261707243431	0.218846817624	0.219624464497	0.241130496323
764062976-stool1.snv.bam	0.000645561090655	0.228967663483	0.24709922477	0.246867122066	0.148696582339	0.26584352002	0.247362662486	0.24758312104	0.179587705113	0.117798282912	0.118841360723	0.0	0.00086092884059	0.290974267926	0.290572539029	0.222973705982	0.26518651673	0.1609429094	0.242227808998	0.191291409699	0.235065397901	0.209996941787	0.241704226272	0.198666736746	0.207538850621	0.247346332223	0.28022502847	0.265881181005	0.220117466973	0.209868378078	0.248399218144	0.109579981155	0.247423855454	0.260515933419	0.247346332223	0.21250041336	0.240792473782	0.199990877577	0.278326421945	0.22903119971	0.246435442864	0.259251094128	0.253748358527	0.247748464955	0.228205342494	0.242029791393	0.23613217403
764062976-stool2.snv.bam	0.000550499166559	0.238132171484	0.256370479009	0.256141206826	0.158746890835	0.262530904877	0.256358782158	0.256507261727	0.18945043231	0.128693097989	0.129778141984	0.00086092884059	0.0	0.298881086285	0.298859491044	0.220163453665	0.262134650231	0.170874226816	0.25161571407	0.201218024918	0.244155543288	0.219828340122	0.250919305321	0.209340584476	0.217474294369	0.256183432281	0.288816835723	0.274595524158	0.230002544851	0.219689691615	0.25788689056	0.121820694266	0.256260010107	0.260246471511	0.256183432281	0.221876809948	0.249709498943	0.200146451097	0.286819703401	0.238125642414	0.25621876116	0.268317168286	0.262541372464	0.244584841423	0.237803034513	0.251656360965	0.23598352862
764184357-stool2.snv.bam	0.299197184308	0.171179431243	0.201866383262	0.201578515898	0.189537127135	0.231749385795	0.189224524492	0.189203449973	0.207724667061	0.232949870234	0.230557663981	0.290974267926	0.298881086285	0.0	0.00039682976347	0.335384043979	0.341625722822	0.189421220007	0.202853252032	0.139025660888	0.213046279787	0.225895721116	0.255986260658	0.170241165118	0.174317267585	0.201676647507	0.196787118267	0.207517207419	0.174317267585	0.226006585861	0.182596364885	0.176115405954	0.201753225333	0.133885102776	0.201676647507	0.179814385855	0.195396287533	0.234694960212	0.122446397033	0.232092225896	0.224250962713	0.201419646443	0.220119285609	0.238361075883	0.183144319003	0.195377862146	0.216859224605
764224817-stool1.snv.bam	0.298974570573	0.170782601479	0.201469553498	0.201181686134	0.189278878303	0.231712866453	0.189024390244	0.188806620209	0.207327837297	0.23255304047	0.230160834217	0.290572539029	0.298859491044	0.00039682976347	0.0	0.335208943705	0.341228893058	0.189024390244	0.20245398773	0.138616352201	0.212649450024	0.225498891353	0.255589430894	0.169934640523	0.173913043478	0.201655052265	0.196585756202	0.207317073171	0.173913043478	0.225609756098	0.182389937107	0.175675675676	0.201731630091	0.133473203528	0.201655052265	0.179792524005	0.195374692291	0.234482758621	0.12204956727	0.231892091648	0.224053724054	0.201219512195	0.219722455845	0.23818597561	0.18274748924	0.194968553459	0.216560509554
764649650-stool2.snv.bam	0.219791042079	0.250077364523	0.268624879206	0.268066009133	0.292870827434	0.177367764173	0.268103835193	0.28008118711	0.237696958835	0.299503634362	0.299178978162	0.222973705982	0.220163453665	0.335384043979	0.335208943705	0.0	0.17675165667	0.317026126742	0.269748643998	0.276932608715	0.268547527985	0.256285409928	0.274851329994	0.241779639122	0.267032824756	0.280967993604	0.27615035112	0.28639651812	0.267032824756	0.268499703978	0.264233447289	0.283985421232	0.268615953089	0.297624680961	0.268539375263	0.259220207868	0.274260563877	0.227820354844	0.298580121866	0.299030479687	0.249741688026	0.280440760888	0.27438700423	0.158962331583	0.249773615981	0.264102420036	0.172021161654
BYQ_AAAP.snv.bam	0.261940733635	0.268131000652	0.274676766339	0.274117896266	0.31074244184	0.280417532635	0.298545966229	0.286133074243	0.243792654677	0.304846957277	0.304834996511	0.26518651673	0.262134650231	0.341625722822	0.341228893058	0.17675165667	0.0	0.335131332083	0.275837659273	0.295607160135	0.310788912188	0.286239979533	0.292956535335	0.25465057818	0.273053033923	0.286786384347	0.306779243696	0.304643527204	0.273053033923	0.261960600375	0.263909046928	0.310550935551	0.274667840222	0.265779580012	0.274591262396	0.277548934262	0.28031245101	0.241114058355	0.255961387157	0.317023423731	0.275699727623	0.274155722326	0.316628388432	0.262341697936	0.255683699371	0.282776971456	0.254532092112
CCIS00146684ST-4-0.snv.bam	0.170925790085	0.213536647326	0.219773768455	0.219474369061	0.0612300978155	0.261930195701	0.207317073171	0.219294425087	0.18903515437	0.141089625836	0.14111287852	0.1609429094	0.170874226816	0.189421220007	0.189024390244	0.317026126742	0.335131332083	0.0	0.21472392638	0.138113207547	0.195169775227	0.243791574279	0.273882113821	0.183006535948	0.180124223602	0.244337979094	0.208855694852	0.213414634146	0.211180124224	0.231707317073	0.182389937107	0.135135135135	0.220024313018	0.234739026313	0.219947735192	0.172848079561	0.225668923805	0.234482758621	0.213512981904	0.20140428677	0.230463980464	0.207317073171	0.21362489487	0.256478658537	0.213235294118	0.213836477987	0.229299363057
CCIS33816588ST-4-0.snv.bam	0.251729015791	0.165766933506	0.000524240602013	0.000433862594958	0.21482266881	0.215009764249	0.171779141104	0.184268185802	0.183923577267	0.233648126277	0.232639815062	0.242227808998	0.25161571407	0.202853252032	0.20245398773	0.269748643998	0.275837659273	0.21472392638	0.0	0.139493670886	0.121929508	0.208477412158	0.251022494888	0.0592105263158	0.05625	0.184487291849	0.191626409018	0.19018404908	0.15	0.208588957055	0.164556962025	0.204081632653	0.000515259723442	0.24897303285	0.000438212094654	0.100163906142	0.0432358242521	0.194444444444	0.190283000198	0.178100018591	0.180337941628	0.184049079755	0.178125661096	0.221242331288	0.0799350415013	0.126582278481	0.185897435897
CCIS47284573ST-4-0.snv.bam	0.201206475308	0.170115183994	0.139153781246	0.138577336642	0.138375698376	0.220330424645	0.138616352201	0.163998203055	0.144916762998	0.169710934104	0.169058426761	0.191291409699	0.201218024918	0.139025660888	0.138616352201	0.276932608715	0.295607160135	0.138113207547	0.139493670886	0.0	0.114248366013	0.1762378502	0.238721174004	0.0881081081081	0.121538461538	0.176801437556	0.1524270776	0.151194968553	0.127643312102	0.151194968553	0.143116883117	0.146111111111	0.139144574433	0.182654325698	0.1390655885	0.101527777778	0.170123921409	0.154125874126	0.170164333536	0.181947779684	0.195505757859	0.163773584906	0.18285838213	0.227059748428	0.132142064373	0.135741935484	0.191052631579
CCIS55230578ST-4-0.snv.bam	0.2441443458	0.176927788977	0.121707079403	0.121148209329	0.183072793618	0.188677313405	0.206551889048	0.219777789164	0.201142598974	0.213978583661	0.213270988848	0.235065397901	0.244155543288	0.213046279787	0.212649450024	0.268547527985	0.310788912188	0.195169775227	0.121929508	0.114248366013	0.0	0.158473544628	0.249539693926	0.149891067538	0.0985994397759	0.195605315297	0.226490724324	0.224844571975	0.173961758616	0.195169775227	0.195017881366	0.20951245363	0.121698153286	0.234788666422	0.121621575459	0.147382090696	0.127536337437	0.179364435429	0.20055267583	0.176692317725	0.204873231344	0.21956001913	0.164892231072	0.206932986609	0.175884744142	0.163571340486	0.171175221681
CCIS64773582ST-4-0.snv.bam	0.219817142635	0.152378856322	0.207456249729	0.207168382365	0.219499470719	0.237700123224	0.207206208426	0.206988438391	0.189038262728	0.250035711612	0.248342652399	0.209996941787	0.219828340122	0.225895721116	0.225498891353	0.256285409928	0.286239979533	0.243791574279	0.208477412158	0.1762378502	0.158473544628	0.0	0.225212490761	0.19595959596	0.167588932806	0.134471016788	0.20260918063	0.188913525499	0.186222473179	0.170620842572	0.194854202401	0.216339066339	0.207718326322	0.19664926797	0.207641748495	0.172735846115	0.17719287411	0.158495297806	0.213205421644	0.225683665928	0.236757686758	0.207206208426	0.201318908173	0.256367793792	0.213124429373	0.194854202401	0.210075275043
CCIS94417875ST-3-0.snv.bam	0.250702212849	0.21912607822	0.249423845361	0.249454043858	0.261941479929	0.256941398868	0.26168699187	0.249709639954	0.255578666768	0.281841658357	0.279449452103	0.241704226272	0.250919305321	0.255986260658	0.255589430894	0.274851329994	0.292956535335	0.273882113821	0.251022494888	0.238721174004	0.249539693926	0.225212490761	0.0	0.228213507625	0.21066252588	0.237732288037	0.28196407931	0.279979674797	0.21066252588	0.262703252033	0.244758909853	0.223536036036	0.250003987815	0.259185941583	0.249927409988	0.197025034294	0.207061684161	0.241954022989	0.219102412798	0.255774205469	0.236950549451	0.249491869919	0.243604569666	0.263084349593	0.243214968914	0.213312368973	0.22983014862
CCMD42428553ST-21-0.snv.bam	0.209358363228	0.143921635042	0.0593820341054	0.0590343664347	0.183195526333	0.189493709271	0.150326797386	0.163632119514	0.163410230828	0.190095716229	0.189021502321	0.198666736746	0.209340584476	0.170241165118	0.169934640523	0.241779639122	0.25465057818	0.183006535948	0.0592105263158	0.0881081081081	0.149891067538	0.19595959596	0.228213507625	0.0	0.08	0.170401493931	0.171338672769	0.169934640523	0.12	0.143790849673	0.141891891892	0.181818181818	0.0593724662413	0.211488205153	0.0592903828198	0.0929367690058	0.104638584994	0.142857142857	0.170040059034	0.183006535948	0.182110682111	0.16339869281	0.19630380888	0.189950980392	0.0263360246059	0.141891891892	0.168918918919
M2.3-V2.metaG.snv.bam	0.217589003565	0.161614969947	0.0564313740256	0.0563398733104	0.180224192647	0.199015792345	0.167701863354	0.180346051464	0.173854995066	0.199283506727	0.197182464668	0.207538850621	0.217474294369	0.174317267585	0.173913043478	0.267032824756	0.273053033923	0.180124223602	0.05625	0.121538461538	0.0985994397759	0.167588932806	0.21066252588	0.08	0.0	0.155723158829	0.18777173913	0.186335403727	0.113924050633	0.192546583851	0.141025641026	0.191780821918	0.0564222815834	0.194121071984	0.0563442768412	0.0699772886094	0.0623692517751	0.181818181818	0.174013223803	0.167890080934	0.149041434756	0.16149068323	0.161704861855	0.205357142857	0.0991962002192	0.108974358974	0.168831168831
MH0159.snv.bam	0.256552967785	0.201705748942	0.183883413351	0.183324543277	0.232102416554	0.213717703205	0.195557491289	0.170949477352	0.16519442364	0.238386994475	0.236693935262	0.247346332223	0.256183432281	0.201676647507	0.201655052265	0.280967993604	0.286786384347	0.244337979094	0.184487291849	0.176801437556	0.195605315297	0.134471016788	0.237732288037	0.170401493931	0.155723158829	0.0	0.203158937621	0.201655052265	0.137089618456	0.158972125436	0.157681940701	0.196428571429	0.183112292112	0.184558194487	0.182926829268	0.135737556339	0.176975544014	0.145320197044	0.189558278071	0.238425192693	0.18605006105	0.158972125436	0.201865312988	0.232523954704	0.177444148391	0.157681940701	0.178798908098
MH0196.snv.bam	0.288805569539	0.184438579278	0.190702362175	0.190412728754	0.215128733334	0.233032856547	0.0432115230728	0.104342110277	0.196596586366	0.258082925051	0.257446430159	0.28022502847	0.288816835723	0.196787118267	0.196585756202	0.27615035112	0.306779243696	0.208855694852	0.191626409018	0.1524270776	0.226490724324	0.20260918063	0.28196407931	0.171338672769	0.18777173913	0.203158937621	0.0	0.0370765537477	0.16902173913	0.238997065884	0.152173913043	0.238391008577	0.1909660466	0.242880537696	0.190888998971	0.15633457857	0.208915225552	0.2288647343	0.184414768669	0.245851418964	0.258037801376	0.165910909576	0.233184021486	0.252183915711	0.171865438627	0.177215189873	0.198996655518
MH0281.snv.bam	0.27458432667	0.170853720497	0.189274431547	0.188986564183	0.213551861418	0.231475182853	0.0792682926829	0.140026132404	0.182937593395	0.244049015381	0.243416401555	0.265881181005	0.274595524158	0.207517207419	0.207317073171	0.28639651812	0.304643527204	0.213414634146	0.19018404908	0.151194968553	0.224844571975	0.188913525499	0.279979674797	0.169934640523	0.186335403727	0.201655052265	0.0370765537477	0.0	0.180124223602	0.225609756098	0.163522012579	0.236486486486	0.18953650814	0.241068140237	0.189459930314	0.154826817558	0.195181118927	0.213793103448	0.183025177026	0.219696969697	0.256105006105	0.15243902439	0.219722455845	0.250381097561	0.194942611191	0.163522012579	0.197452229299
MH0313.snv.bam	0.230011363813	0.167826150071	0.149599075889	0.149029792087	0.211439354296	0.211148495015	0.136645962733	0.13065661047	0.174040105003	0.229962972189	0.228238365289	0.220117466973	0.230002544851	0.174317267585	0.173913043478	0.267032824756	0.273053033923	0.211180124224	0.15	0.127643312102	0.173961758616	0.186222473179	0.21066252588	0.12	0.113924050633	0.137089618456	0.16902173913	0.180124223602	0.0	0.173913043478	0.0833333333333	0.197278911565	0.149589983447	0.192597999337	0.149511978705	0.100637665968	0.155536953638	0.173611111111	0.180224403927	0.205157161679	0.17615935263	0.0993788819876	0.180338402227	0.217779503106	0.136463280965	0.114649681529	0.181818181818
MH0318.snv.bam	0.21970627789	0.188976340994	0.207656100438	0.20727924711	0.219610335464	0.23767697564	0.231707317073	0.219294425087	0.189149127473	0.201366088552	0.201410981501	0.209868378078	0.219689691615	0.226006585861	0.225609756098	0.268499703978	0.261960600375	0.231707317073	0.208588957055	0.151194968553	0.195169775227	0.170620842572	0.262703252033	0.143790849673	0.192546583851	0.158972125436	0.238997065884	0.225609756098	0.173913043478	0.0	0.182389937107	0.189189189189	0.207730843309	0.209422570617	0.20775261324	0.14198388203	0.213473801854	0.0	0.225708103855	0.225794530673	0.217643467643	0.19512195122	0.201429772918	0.255716463415	0.176649928264	0.163522012579	0.203821656051
MH0376.snv.bam	0.25806182122	0.188805095355	0.164059441623	0.16328011611	0.195231044288	0.244948021499	0.14465408805	0.169586702606	0.182401039728	0.226381300363	0.225913772673	0.248399218144	0.25788689056	0.182596364885	0.182389937107	0.264233447289	0.263909046928	0.182389937107	0.164556962025	0.143116883117	0.195017881366	0.194854202401	0.244758909853	0.141891891892	0.141025641026	0.157681940701	0.152173913043	0.163522012579	0.0833333333333	0.182389937107	0.0	0.20979020979	0.164050234811	0.196374430697	0.163971248877	0.101919674452	0.182450965434	0.164285714286	0.182491377561	0.201448446731	0.21160517187	0.0314465408805	0.188462372587	0.251965408805	0.15704772475	0.0779220779221	0.203947368421
MH0408.snv.bam	0.12183668631	0.223068663569	0.210036832555	0.209677419355	0.108303483303	0.249908399925	0.202702702703	0.202944015444	0.16885577166	0.0685047205213	0.0685304870088	0.109579981155	0.121820694266	0.176115405954	0.175675675676	0.283985421232	0.310550935551	0.135135135135	0.204081632653	0.146111111111	0.20951245363	0.216339066339	0.223536036036	0.181818181818	0.191780821918	0.196428571429	0.238391008577	0.236486486486	0.197278911565	0.189189189189	0.20979020979	0.0	0.210026941452	0.202005320538	0.209942084942	0.164393074581	0.189254753406	0.194029850746	0.20281168265	0.202907452907	0.205336035123	0.222972972973	0.216449207829	0.250422297297	0.195747217806	0.186206896552	0.218309859155
MH0422.snv.bam	0.256629545611	0.165268277417	0.00103316190884	0.000943334987189	0.219983872429	0.214072266066	0.171243825213	0.183656717199	0.189329924455	0.238833121451	0.237830958476	0.247423855454	0.256260010107	0.201753225333	0.201731630091	0.268615953089	0.274667840222	0.220024313018	0.000515259723442	0.139144574433	0.121698153286	0.207718326322	0.250003987815	0.0593724662413	0.0564222815834	0.183112292112	0.1909660466	0.18953650814	0.149589983447	0.207730843309	0.164050234811	0.210026941452	0.0	0.247928819572	0.000185462843595	0.0995496474721	0.0429423036532	0.19357143657	0.189634855897	0.177444314308	0.179720309534	0.183438947164	0.177387954	0.220405410579	0.0799597506075	0.126314385754	0.185248326974
MH0426.snv.bam	0.260256935009	0.190487850712	0.247656790703	0.247357991668	0.209586260654	0.279181300639	0.234739026313	0.183880075138	0.196893816854	0.247426650257	0.245285714994	0.260515933419	0.260246471511	0.133885102776	0.133473203528	0.297624680961	0.265779580012	0.234739026313	0.24897303285	0.182654325698	0.234788666422	0.19664926797	0.259185941583	0.211488205153	0.194121071984	0.184558194487	0.242880537696	0.241068140237	0.192597999337	0.209422570617	0.196374430697	0.202005320538	0.247928819572	0.0	0.247849333727	0.173654840041	0.241330479071	0.20750873212	0.177536969213	0.241259931568	0.240274314066	0.221299290485	0.203311702001	0.285261178212	0.234552875904	0.196658602336	0.242410236323
MH0446.snv.bam	0.256552967785	0.165191699591	0.000956584082663	0.000866757161016	0.219907294602	0.21399568824	0.171167247387	0.183580139373	0.189335193085	0.238756543625	0.237754380649	0.247346332223	0.256183432281	0.201676647507	0.201655052265	0.268539375263	0.274591262396	0.219947735192	0.000438212094654	0.1390655885	0.121621575459	0.207641748495	0.249927409988	0.0592903828198	0.0563442768412	0.182926829268	0.190888998971	0.189459930314	0.149511978705	0.20775261324	0.163971248877	0.209942084942	0.000185462843595	0.247849333727	0.0	0.0994721242406	0.0428657258271	0.193596059113	0.189558278071	0.177449582937	0.17963980464	0.183362369338	0.177475069086	0.220328832753	0.0798831727813	0.12623539982	0.18516833485
MH0450.snv.bam	0.222250907619	0.179144438582	0.10007308708	0.0999821511844	0.172965417641	0.204547775773	0.136582647462	0.160722859102	0.178894641873	0.203860663033	0.20322023916	0.21250041336	0.221876809948	0.179814385855	0.179792524005	0.259220207868	0.277548934262	0.172848079561	0.100163906142	0.101527777778	0.147382090696	0.172735846115	0.197025034294	0.0929367690058	0.0699772886094	0.135737556339	0.15633457857	0.154826817558	0.100637665968	0.14198388203	0.101919674452	0.164393074581	0.0995496474721	0.173654840041	0.0994721242406	0.0	0.117609623825	0.124147509579	0.179892085933	0.203899332835	0.194504998969	0.123465363512	0.154542417577	0.223388203018	0.117882574841	0.0822872714487	0.16855734767
MH0454.snv.bam	0.250079034448	0.158911339617	0.0432337645106	0.0434034082688	0.225628483216	0.207715328266	0.189083557951	0.201496449938	0.195056381698	0.244477732239	0.242415123876	0.240792473782	0.249709498943	0.195396287533	0.195374692291	0.274260563877	0.28031245101	0.225668923805	0.0432358242521	0.170123921409	0.127536337437	0.17719287411	0.207061684161	0.104638584994	0.0623692517751	0.176975544014	0.208915225552	0.195181118927	0.155536953638	0.213473801854	0.182450965434	0.189254753406	0.0429423036532	0.241330479071	0.0428657258271	0.117609623825	0.0	0.200066920718	0.183277918098	0.183170771551	0.185654387541	0.189083557951	0.183196257699	0.214048472779	0.121831047191	0.132136500025	0.178607958827
MMRS21365932ST-27-0-0.snv.bam	0.200219514303	0.172359447745	0.193486899806	0.193060665697	0.220800655283	0.200279543384	0.220689655172	0.21354679803	0.186271350306	0.186372679465	0.186423454939	0.199990877577	0.200146451097	0.234694960212	0.234482758621	0.227820354844	0.241114058355	0.234482758621	0.194444444444	0.154125874126	0.179364435429	0.158495297806	0.241954022989	0.142857142857	0.181818181818	0.145320197044	0.2288647343	0.213793103448	0.173611111111	0.0	0.164285714286	0.194029850746	0.19357143657	0.20750873212	0.193596059113	0.124147509579	0.200066920718	0.0	0.220800889878	0.220898641588	0.217974513749	0.179310344828	0.18644470868	0.213362068966	0.172210953347	0.148936170213	0.183098591549
MMRS38954404ST-27-0-0.snv.bam	0.286877796379	0.170880949237	0.189643782015	0.189084911941	0.213767469963	0.183031286947	0.189122738002	0.188904967967	0.170840819201	0.219805744124	0.218064060023	0.278326421945	0.286819703401	0.122446397033	0.12204956727	0.298580121866	0.255961387157	0.213512981904	0.190283000198	0.170164333536	0.20055267583	0.213205421644	0.219102412798	0.170040059034	0.174013223803	0.189558278071	0.184414768669	0.183025177026	0.180224403927	0.225708103855	0.182491377561	0.20281168265	0.189634855897	0.177536969213	0.189558278071	0.179892085933	0.183277918098	0.220800889878	0.0	0.195405073552	0.218357359486	0.17692761605	0.1954305597	0.213894079465	0.182845836997	0.182491377561	0.140230121225
MMRS39582183ST-27-0-0.snv.bam	0.238183735392	0.170892818069	0.177535086881	0.176976216807	0.20165877483	0.244041710664	0.237989652624	0.213817178756	0.195431463023	0.208347571143	0.207015810277	0.22903119971	0.238125642414	0.232092225896	0.231892091648	0.299030479687	0.317023423731	0.20140428677	0.178100018591	0.181947779684	0.176692317725	0.225683665928	0.255774205469	0.183006535948	0.167890080934	0.238425192693	0.245851418964	0.219696969697	0.205157161679	0.225794530673	0.201448446731	0.202907452907	0.177444314308	0.241259931568	0.177449582937	0.203899332835	0.183170771551	0.220898641588	0.195405073552	0.0	0.179376179376	0.20140428677	0.110151132859	0.250565872136	0.219517629668	0.182580522203	0.229492375989
MMRS51737257ST-27-0-0.snv.bam	0.256084120558	0.204876251329	0.179729693401	0.178728598394	0.230567153644	0.186328099956	0.256105006105	0.211004273504	0.1664213253	0.237386256796	0.236363274407	0.246435442864	0.25621876116	0.224250962713	0.224053724054	0.249741688026	0.275699727623	0.230463980464	0.180337941628	0.195505757859	0.204873231344	0.236757686758	0.236950549451	0.182110682111	0.149041434756	0.18605006105	0.258037801376	0.256105006105	0.17615935263	0.217643467643	0.21160517187	0.205336035123	0.179720309534	0.240274314066	0.17963980464	0.194504998969	0.185654387541	0.217974513749	0.218357359486	0.179376179376	0.0	0.217643467643	0.185813228917	0.186603327228	0.178993392229	0.191737622201	0.179123304951
MMRS62666492ST-27-0-0.snv.bam	0.268486765695	0.201341525375	0.183447873281	0.182889003208	0.219766683181	0.23767697564	0.170731707317	0.194904181185	0.176840032419	0.213561210503	0.212928596677	0.259251094128	0.268317168286	0.201419646443	0.201219512195	0.280440760888	0.274155722326	0.207317073171	0.184049079755	0.163773584906	0.21956001913	0.207206208426	0.249491869919	0.16339869281	0.16149068323	0.158972125436	0.165910909576	0.15243902439	0.0993788819876	0.19512195122	0.0314465408805	0.222972972973	0.183438947164	0.221299290485	0.183362369338	0.123465363512	0.189083557951	0.179310344828	0.17692761605	0.20140428677	0.217643467643	0.0	0.189234650967	0.244283536585	0.188845050215	0.0880503144654	0.197452229299
MMRS93621581ST-27-0-0.snv.bam	0.262599465442	0.158797542766	0.177560573029	0.177001702955	0.201684260978	0.207683059144	0.237594617325	0.200791481437	0.170931203914	0.232442376932	0.231431540327	0.253748358527	0.262541372464	0.220119285609	0.219722455845	0.27438700423	0.316628388432	0.21362489487	0.178125661096	0.18285838213	0.164892231072	0.201318908173	0.243604569666	0.19630380888	0.161704861855	0.201865312988	0.233184021486	0.219722455845	0.180338402227	0.201429772918	0.188462372587	0.216449207829	0.177387954	0.203311702001	0.177475069086	0.154542417577	0.183196257699	0.18644470868	0.1954305597	0.110151132859	0.185813228917	0.189234650967	0.0	0.238396236333	0.21912259437	0.151160268922	0.184933011201
O2.UC29-1.snv.bam	0.244477619353	0.225942804409	0.22023231995	0.219855466622	0.268654660042	0.0439026531208	0.244283536585	0.268456010453	0.22586611643	0.263421942909	0.261707243431	0.247748464955	0.244584841423	0.238361075883	0.23818597561	0.158962331583	0.262341697936	0.256478658537	0.221242331288	0.227059748428	0.206932986609	0.256367793792	0.263084349593	0.189950980392	0.205357142857	0.232523954704	0.252183915711	0.250381097561	0.217779503106	0.255716463415	0.251965408805	0.250422297297	0.220405410579	0.285261178212	0.220328832753	0.223388203018	0.214048472779	0.213362068966	0.213894079465	0.250565872136	0.186603327228	0.244283536585	0.238396236333	0.0	0.213616391679	0.239386792453	0.0577229299363
V1.FI12.snv.bam	0.237819620788	0.158479258517	0.0799686767246	0.079878849803	0.21333343446	0.206963860502	0.152259684362	0.164672576348	0.182758253366	0.2198489806	0.218846817624	0.228205342494	0.237803034513	0.183144319003	0.18274748924	0.249773615981	0.255683699371	0.213235294118	0.0799350415013	0.132142064373	0.175884744142	0.213124429373	0.243214968914	0.0263360246059	0.0991962002192	0.177444148391	0.171865438627	0.194942611191	0.136463280965	0.176649928264	0.15704772475	0.195747217806	0.0799597506075	0.234552875904	0.0798831727813	0.117882574841	0.121831047191	0.172210953347	0.182845836997	0.219517629668	0.178993392229	0.188845050215	0.21912259437	0.213616391679	0.0	0.169626341102	0.178156612964
V1.FI14.snv.bam	0.251772513044	0.182515787179	0.126323592567	0.125747147963	0.213978020582	0.232912440623	0.163522012579	0.182614555256	0.194839893676	0.22027697184	0.219624464497	0.242029791393	0.251656360965	0.195377862146	0.194968553459	0.264102420036	0.282776971456	0.213836477987	0.126582278481	0.135741935484	0.163571340486	0.194854202401	0.213312368973	0.141891891892	0.108974358974	0.157681940701	0.177215189873	0.163522012579	0.114649681529	0.163522012579	0.0779220779221	0.186206896552	0.126314385754	0.196658602336	0.12623539982	0.0822872714487	0.132136500025	0.148936170213	0.182491377561	0.182580522203	0.191737622201	0.0880503144654	0.151160268922	0.239386792453	0.169626341102	0.0	0.202614379085
V1.UC52-1.snv.bam	0.235871525949	0.216613466592	0.185257651071	0.184673863223	0.229401879083	0.0259935785422	0.210191082803	0.216333030027	0.16547479678	0.242242121046	0.241130496323	0.23613217403	0.23598352862	0.216859224605	0.216560509554	0.172021161654	0.254532092112	0.229299363057	0.185897435897	0.191052631579	0.171175221681	0.210075275043	0.22983014862	0.168918918919	0.168831168831	0.178798908098	0.198996655518	0.197452229299	0.181818181818	0.203821656051	0.203947368421	0.218309859155	0.185248326974	0.242410236323	0.18516833485	0.16855734767	0.178607958827	0.183098591549	0.140230121225	0.229492375989	0.179123304951	0.197452229299	0.184933011201	0.0577229299363	0.178156612964	0.202614379085	0.0
