	158802708-stool2.snv.bam	158802708-stool3.snv.bam	682102541-stool3.snv.bam	BYQ_AAAM.snv.bam	CCIS94417875ST-3-0.snv.bam	MH0206.snv.bam	MH0252.snv.bam	MH0276.snv.bam	MH0303.snv.bam	MH0313.snv.bam	MH0354.snv.bam	MH0385.snv.bam	MH0392.snv.bam	MH0409.snv.bam	MH0412.snv.bam	MH0428.snv.bam	MH0430.snv.bam	MH0448.snv.bam	MH0454.snv.bam	MH0457.snv.bam	MMRS57276462ST-27-0-0.snv.bam	MMRS93621581ST-27-0-0.snv.bam	NG-5636_143.snv.bam	NG-5636_478.snv.bam	NG-5636_497.snv.bam	O2.UC29-1.snv.bam
158802708-stool2.snv.bam	0.0	0.0	0.219178082192	0.271232876712	0.178082191781	0.260273972603	0.219178082192	0.26301369863	0.213698630137	0.232876712329	0.27397260274	0.238356164384	0.221917808219	0.216438356164	0.282191780822	0.238356164384	0.243835616438	0.246575342466	0.230136986301	0.235616438356	0.265753424658	0.238356164384	0.246575342466	0.27397260274	0.271232876712	0.238356164384
158802708-stool3.snv.bam	0.0	0.0	0.213698630137	0.26301369863	0.178082191781	0.254794520548	0.213698630137	0.257534246575	0.21095890411	0.227397260274	0.268493150685	0.238356164384	0.219178082192	0.208219178082	0.27397260274	0.235616438356	0.238356164384	0.241095890411	0.227397260274	0.227397260274	0.257534246575	0.230136986301	0.243835616438	0.268493150685	0.265753424658	0.232876712329
682102541-stool3.snv.bam	0.219178082192	0.213698630137	0.0	0.205479452055	0.134246575342	0.2	0.191780821918	0.213698630137	0.202739726027	0.18904109589	0.202739726027	0.2	0.191780821918	0.183561643836	0.232876712329	0.169863013699	0.18904109589	0.18904109589	0.205479452055	0.147945205479	0.194520547945	0.197260273973	0.205479452055	0.202739726027	0.202739726027	0.178082191781
BYQ_AAAM.snv.bam	0.271232876712	0.26301369863	0.205479452055	0.0	0.180821917808	0.238356164384	0.194520547945	0.21095890411	0.202739726027	0.224657534247	0.246575342466	0.202739726027	0.241095890411	0.167123287671	0.235616438356	0.178082191781	0.219178082192	0.153424657534	0.216438356164	0.194520547945	0.254794520548	0.224657534247	0.224657534247	0.246575342466	0.243835616438	0.194520547945
CCIS94417875ST-3-0.snv.bam	0.178082191781	0.178082191781	0.134246575342	0.180821917808	0.0	0.142465753425	0.150684931507	0.161643835616	0.145205479452	0.161643835616	0.158904109589	0.0876712328767	0.167123287671	0.161643835616	0.175342465753	0.0876712328767	0.167123287671	0.139726027397	0.142465753425	0.139726027397	0.172602739726	0.161643835616	0.147945205479	0.158904109589	0.156164383562	0.128767123288
MH0206.snv.bam	0.260273972603	0.254794520548	0.2	0.238356164384	0.142465753425	0.0	0.18904109589	0.224657534247	0.194520547945	0.219178082192	0.216438356164	0.191780821918	0.169863013699	0.178082191781	0.243835616438	0.2	0.230136986301	0.208219178082	0.230136986301	0.208219178082	0.224657534247	0.235616438356	0.178082191781	0.216438356164	0.213698630137	0.2
MH0252.snv.bam	0.219178082192	0.213698630137	0.191780821918	0.194520547945	0.150684931507	0.18904109589	0.0	0.208219178082	0.164383561644	0.216438356164	0.208219178082	0.131506849315	0.202739726027	0.153424657534	0.21095890411	0.175342465753	0.21095890411	0.18904109589	0.175342465753	0.208219178082	0.208219178082	0.202739726027	0.164383561644	0.208219178082	0.205479452055	0.186301369863
MH0276.snv.bam	0.26301369863	0.257534246575	0.213698630137	0.21095890411	0.161643835616	0.224657534247	0.208219178082	0.0	0.194520547945	0.230136986301	0.21095890411	0.2	0.227397260274	0.186301369863	0.232876712329	0.197260273973	0.186301369863	0.158904109589	0.180821917808	0.194520547945	0.191780821918	0.230136986301	0.221917808219	0.21095890411	0.21095890411	0.202739726027
MH0303.snv.bam	0.213698630137	0.21095890411	0.202739726027	0.202739726027	0.145205479452	0.194520547945	0.164383561644	0.194520547945	0.0	0.224657534247	0.183561643836	0.128767123288	0.197260273973	0.153424657534	0.232876712329	0.167123287671	0.178082191781	0.164383561644	0.164383561644	0.186301369863	0.180821917808	0.213698630137	0.169863013699	0.183561643836	0.183561643836	0.172602739726
MH0313.snv.bam	0.232876712329	0.227397260274	0.18904109589	0.224657534247	0.161643835616	0.219178082192	0.216438356164	0.230136986301	0.224657534247	0.0	0.213698630137	0.227397260274	0.227397260274	0.191780821918	0.227397260274	0.191780821918	0.224657534247	0.230136986301	0.235616438356	0.186301369863	0.219178082192	0.254794520548	0.230136986301	0.213698630137	0.208219178082	0.172602739726
MH0354.snv.bam	0.27397260274	0.268493150685	0.202739726027	0.246575342466	0.158904109589	0.216438356164	0.208219178082	0.21095890411	0.183561643836	0.213698630137	0.0	0.167123287671	0.18904109589	0.18904109589	0.230136986301	0.142465753425	0.167123287671	0.180821917808	0.224657534247	0.158904109589	0.186301369863	0.232876712329	0.208219178082	0.0	0.0	0.12602739726
MH0385.snv.bam	0.238356164384	0.238356164384	0.2	0.202739726027	0.0876712328767	0.191780821918	0.131506849315	0.2	0.128767123288	0.227397260274	0.167123287671	0.0	0.21095890411	0.164383561644	0.202739726027	0.104109589041	0.18904109589	0.186301369863	0.164383561644	0.172602739726	0.205479452055	0.2	0.172602739726	0.167123287671	0.164383561644	0.150684931507
MH0392.snv.bam	0.221917808219	0.219178082192	0.191780821918	0.241095890411	0.167123287671	0.169863013699	0.202739726027	0.227397260274	0.197260273973	0.227397260274	0.18904109589	0.21095890411	0.0	0.169863013699	0.227397260274	0.219178082192	0.197260273973	0.194520547945	0.205479452055	0.219178082192	0.2	0.197260273973	0.2	0.18904109589	0.18904109589	0.21095890411
MH0409.snv.bam	0.216438356164	0.208219178082	0.183561643836	0.167123287671	0.161643835616	0.178082191781	0.153424657534	0.186301369863	0.153424657534	0.191780821918	0.18904109589	0.164383561644	0.169863013699	0.0	0.172602739726	0.175342465753	0.18904109589	0.178082191781	0.142465753425	0.2	0.2	0.117808219178	0.153424657534	0.18904109589	0.186301369863	0.2
MH0412.snv.bam	0.282191780822	0.27397260274	0.232876712329	0.235616438356	0.175342465753	0.243835616438	0.21095890411	0.232876712329	0.232876712329	0.227397260274	0.230136986301	0.202739726027	0.227397260274	0.172602739726	0.0	0.202739726027	0.221917808219	0.213698630137	0.205479452055	0.219178082192	0.241095890411	0.101369863014	0.139726027397	0.230136986301	0.227397260274	0.183561643836
MH0428.snv.bam	0.238356164384	0.235616438356	0.169863013699	0.178082191781	0.0876712328767	0.2	0.175342465753	0.197260273973	0.167123287671	0.191780821918	0.142465753425	0.104109589041	0.219178082192	0.175342465753	0.202739726027	0.0	0.183561643836	0.175342465753	0.180821917808	0.101369863014	0.202739726027	0.21095890411	0.183561643836	0.142465753425	0.142465753425	0.0958904109589
MH0430.snv.bam	0.243835616438	0.238356164384	0.18904109589	0.219178082192	0.167123287671	0.230136986301	0.21095890411	0.186301369863	0.178082191781	0.224657534247	0.167123287671	0.18904109589	0.197260273973	0.18904109589	0.221917808219	0.183561643836	0.0	0.142465753425	0.18904109589	0.150684931507	0.178082191781	0.21095890411	0.227397260274	0.167123287671	0.161643835616	0.150684931507
MH0448.snv.bam	0.246575342466	0.241095890411	0.18904109589	0.153424657534	0.139726027397	0.208219178082	0.18904109589	0.158904109589	0.164383561644	0.230136986301	0.180821917808	0.186301369863	0.194520547945	0.178082191781	0.213698630137	0.175342465753	0.142465753425	0.0	0.169863013699	0.178082191781	0.191780821918	0.202739726027	0.191780821918	0.180821917808	0.178082191781	0.153424657534
MH0454.snv.bam	0.230136986301	0.227397260274	0.205479452055	0.216438356164	0.142465753425	0.230136986301	0.175342465753	0.180821917808	0.164383561644	0.235616438356	0.224657534247	0.164383561644	0.205479452055	0.142465753425	0.205479452055	0.180821917808	0.18904109589	0.169863013699	0.0	0.191780821918	0.216438356164	0.169863013699	0.13698630137	0.224657534247	0.221917808219	0.197260273973
MH0457.snv.bam	0.235616438356	0.227397260274	0.147945205479	0.194520547945	0.139726027397	0.208219178082	0.208219178082	0.194520547945	0.186301369863	0.186301369863	0.158904109589	0.172602739726	0.219178082192	0.2	0.219178082192	0.101369863014	0.150684931507	0.178082191781	0.191780821918	0.0	0.164383561644	0.205479452055	0.2	0.158904109589	0.156164383562	0.0958904109589
MMRS57276462ST-27-0-0.snv.bam	0.265753424658	0.257534246575	0.194520547945	0.254794520548	0.172602739726	0.224657534247	0.208219178082	0.191780821918	0.180821917808	0.219178082192	0.186301369863	0.205479452055	0.2	0.2	0.241095890411	0.202739726027	0.178082191781	0.191780821918	0.216438356164	0.164383561644	0.0	0.202739726027	0.21095890411	0.186301369863	0.183561643836	0.183561643836
MMRS93621581ST-27-0-0.snv.bam	0.238356164384	0.230136986301	0.197260273973	0.224657534247	0.161643835616	0.235616438356	0.202739726027	0.230136986301	0.213698630137	0.254794520548	0.232876712329	0.2	0.197260273973	0.117808219178	0.101369863014	0.21095890411	0.21095890411	0.202739726027	0.169863013699	0.205479452055	0.202739726027	0.0	0.134246575342	0.232876712329	0.227397260274	0.21095890411
NG-5636_143.snv.bam	0.246575342466	0.243835616438	0.205479452055	0.224657534247	0.147945205479	0.178082191781	0.164383561644	0.221917808219	0.169863013699	0.230136986301	0.208219178082	0.172602739726	0.2	0.153424657534	0.139726027397	0.183561643836	0.227397260274	0.191780821918	0.13698630137	0.2	0.21095890411	0.134246575342	0.0	0.21095890411	0.208219178082	0.175342465753
NG-5636_478.snv.bam	0.27397260274	0.268493150685	0.202739726027	0.246575342466	0.158904109589	0.216438356164	0.208219178082	0.21095890411	0.183561643836	0.213698630137	0.0	0.167123287671	0.18904109589	0.18904109589	0.230136986301	0.142465753425	0.167123287671	0.180821917808	0.224657534247	0.158904109589	0.186301369863	0.232876712329	0.21095890411	0.0	0.0	0.128767123288
NG-5636_497.snv.bam	0.271232876712	0.265753424658	0.202739726027	0.243835616438	0.156164383562	0.213698630137	0.205479452055	0.21095890411	0.183561643836	0.208219178082	0.0	0.164383561644	0.18904109589	0.186301369863	0.227397260274	0.142465753425	0.161643835616	0.178082191781	0.221917808219	0.156164383562	0.183561643836	0.227397260274	0.208219178082	0.0	0.0	0.12602739726
O2.UC29-1.snv.bam	0.238356164384	0.232876712329	0.178082191781	0.194520547945	0.128767123288	0.2	0.186301369863	0.202739726027	0.172602739726	0.172602739726	0.12602739726	0.150684931507	0.21095890411	0.2	0.183561643836	0.0958904109589	0.150684931507	0.153424657534	0.197260273973	0.0958904109589	0.183561643836	0.21095890411	0.175342465753	0.128767123288	0.12602739726	0.0
