	159551223-stool1.snv.bam	159551223-stool2.snv.bam	160603188-stool2.snv.bam	160603188-stool3.snv.bam	368533040-stool1.snv.bam	706846339-stool1.snv.bam	763860675-stool2.snv.bam	764083206-stool1.snv.bam	CCIS32452666ST-4-0.snv.bam	CCIS51595129ST-4-0.snv.bam	M2.2-V3.metaT.snv.bam	MH0198.snv.bam	MH0316.snv.bam	MH0345.snv.bam	MH0391.snv.bam	MH0408.snv.bam	MH0434.snv.bam	MMRS12272136ST-27-0-0.snv.bam	MMRS14379078ST-27-0-0.snv.bam	MMRS33294861ST-27-0-0.snv.bam	MMRS65742083ST-27-0-0.snv.bam	MMRS85382779ST-27-0-0.snv.bam	MMRS94549160ST-27-0-0.snv.bam	N088A.snv.bam	O2.UC13-1.snv.bam	O2.UC27-1.snv.bam	O2.UC28-1.snv.bam	O2.UC4-1.snv.bam	V1.CD51-0.snv.bam	alien-11-600-0.snv.bam	alien-11-630-0.snv.bam	alien-11-637-0.snv.bam	alien-11-7-0.snv.bam	alien-12-7-0.snv.bam	alien-13-7-0.snv.bam
159551223-stool1.snv.bam	0.0	0.0	0.200445434298	0.195991091314	0.213808463252	0.224944320713	0.22271714922	0.26280623608	0.213808463252	0.213808463252	0.169265033408	0.227171492205	0.209354120267	0.231625835189	0.238307349666	0.253897550111	0.207126948775	0.213808463252	0.216035634744	0.193763919822	0.265033407572	0.209354120267	0.244988864143	0.158129175947	0.202672605791	0.207126948775	0.193763919822	0.220489977728	0.189309576837	0.231625835189	0.231625835189	0.231625835189	0.224944320713	0.216035634744	0.22271714922
159551223-stool2.snv.bam	0.0	0.0	0.202672605791	0.198218262806	0.216035634744	0.227171492205	0.224944320713	0.267260579065	0.216035634744	0.216035634744	0.1714922049	0.231625835189	0.213808463252	0.233853006682	0.240534521158	0.256124721604	0.211581291759	0.216035634744	0.220489977728	0.195991091314	0.267260579065	0.211581291759	0.251670378619	0.162583518931	0.204899777283	0.209354120267	0.195991091314	0.22271714922	0.19153674833	0.233853006682	0.233853006682	0.233853006682	0.227171492205	0.218262806236	0.224944320713
160603188-stool2.snv.bam	0.200445434298	0.202672605791	0.0	0.0	0.175946547884	0.178173719376	0.142538975501	0.200445434298	0.11135857461	0.162583518931	0.138084632517	0.158129175947	0.224944320713	0.173719376392	0.180400890869	0.207126948775	0.189309576837	0.178173719376	0.189309576837	0.187082405345	0.216035634744	0.158129175947	0.19153674833	0.173719376392	0.204899777283	0.169265033408	0.162583518931	0.182628062361	0.204899777283	0.19153674833	0.193763919822	0.193763919822	0.175946547884	0.169265033408	0.173719376392
160603188-stool3.snv.bam	0.195991091314	0.198218262806	0.0	0.0	0.1714922049	0.1714922049	0.138084632517	0.195991091314	0.109131403118	0.158129175947	0.138084632517	0.155902004454	0.220489977728	0.169265033408	0.175946547884	0.198218262806	0.184855233853	0.173719376392	0.180400890869	0.182628062361	0.211581291759	0.15144766147	0.19153674833	0.169265033408	0.198218262806	0.164810690423	0.158129175947	0.178173719376	0.200445434298	0.184855233853	0.187082405345	0.187082405345	0.1714922049	0.164810690423	0.169265033408
368533040-stool1.snv.bam	0.213808463252	0.216035634744	0.175946547884	0.1714922049	0.0	0.160356347439	0.189309576837	0.146993318486	0.15144766147	0.178173719376	0.155902004454	0.155902004454	0.195991091314	0.167037861915	0.193763919822	0.209354120267	0.200445434298	0.202672605791	0.193763919822	0.146993318486	0.198218262806	0.1714922049	0.195991091314	0.207126948775	0.198218262806	0.158129175947	0.144766146993	0.126948775056	0.164810690423	0.22271714922	0.22271714922	0.22271714922	0.167037861915	0.160356347439	0.164810690423
706846339-stool1.snv.bam	0.224944320713	0.227171492205	0.178173719376	0.1714922049	0.160356347439	0.0	0.164810690423	0.155902004454	0.200445434298	0.216035634744	0.122494432071	0.140311804009	0.238307349666	0.113585746102	0.149220489978	0.204899777283	0.155902004454	0.175946547884	0.19153674833	0.19153674833	0.175946547884	0.124721603563	0.129175946548	0.204899777283	0.195991091314	0.113585746102	0.195991091314	0.167037861915	0.184855233853	0.22271714922	0.224944320713	0.224944320713	0.1714922049	0.160356347439	0.167037861915
763860675-stool2.snv.bam	0.22271714922	0.224944320713	0.142538975501	0.138084632517	0.189309576837	0.164810690423	0.0	0.169265033408	0.211581291759	0.135857461024	0.086859688196	0.1714922049	0.216035634744	0.142538975501	0.122494432071	0.162583518931	0.180400890869	0.146993318486	0.164810690423	0.184855233853	0.187082405345	0.144766146993	0.187082405345	0.200445434298	0.19153674833	0.178173719376	0.15144766147	0.187082405345	0.175946547884	0.202672605791	0.202672605791	0.202672605791	0.1714922049	0.162583518931	0.167037861915
764083206-stool1.snv.bam	0.26280623608	0.267260579065	0.200445434298	0.195991091314	0.146993318486	0.155902004454	0.169265033408	0.0	0.169265033408	0.216035634744	0.086859688196	0.189309576837	0.251670378619	0.173719376392	0.118040089087	0.164810690423	0.216035634744	0.140311804009	0.22271714922	0.231625835189	0.129175946548	0.173719376392	0.19153674833	0.229398663697	0.231625835189	0.184855233853	0.182628062361	0.167037861915	0.231625835189	0.220489977728	0.220489977728	0.220489977728	0.1714922049	0.164810690423	0.167037861915
CCIS32452666ST-4-0.snv.bam	0.213808463252	0.216035634744	0.11135857461	0.109131403118	0.15144766147	0.200445434298	0.211581291759	0.169265033408	0.0	0.167037861915	0.142538975501	0.198218262806	0.236080178174	0.218262806236	0.209354120267	0.178173719376	0.216035634744	0.175946547884	0.233853006682	0.182628062361	0.198218262806	0.180400890869	0.220489977728	0.189309576837	0.216035634744	0.202672605791	0.155902004454	0.173719376392	0.231625835189	0.218262806236	0.220489977728	0.220489977728	0.193763919822	0.184855233853	0.19153674833
CCIS51595129ST-4-0.snv.bam	0.213808463252	0.216035634744	0.162583518931	0.158129175947	0.178173719376	0.216035634744	0.135857461024	0.216035634744	0.167037861915	0.0	0.124721603563	0.204899777283	0.218262806236	0.178173719376	0.195991091314	0.178173719376	0.193763919822	0.162583518931	0.193763919822	0.142538975501	0.216035634744	0.187082405345	0.238307349666	0.200445434298	0.195991091314	0.1714922049	0.097995545657	0.189309576837	0.200445434298	0.193763919822	0.193763919822	0.193763919822	0.195991091314	0.189309576837	0.193763919822
M2.2-V3.metaT.snv.bam	0.169265033408	0.1714922049	0.138084632517	0.138084632517	0.155902004454	0.122494432071	0.086859688196	0.086859688196	0.142538975501	0.124721603563	0.0	0.135857461024	0.133630289532	0.129175946548	0.0734966592428	0.140311804009	0.11135857461	0.0623608017817	0.124721603563	0.13140311804	0.135857461024	0.115812917595	0.138084632517	0.142538975501	0.104677060134	0.11135857461	0.118040089087	0.135857461024	0.102449888641	0.135857461024	0.135857461024	0.135857461024	0.120267260579	0.115812917595	0.115812917595
MH0198.snv.bam	0.227171492205	0.231625835189	0.158129175947	0.155902004454	0.155902004454	0.140311804009	0.1714922049	0.189309576837	0.198218262806	0.204899777283	0.135857461024	0.0	0.218262806236	0.158129175947	0.193763919822	0.229398663697	0.184855233853	0.213808463252	0.193763919822	0.1714922049	0.19153674833	0.144766146993	0.0824053452116	0.204899777283	0.207126948775	0.184855233853	0.175946547884	0.198218262806	0.189309576837	0.209354120267	0.209354120267	0.209354120267	0.160356347439	0.153674832962	0.158129175947
MH0316.snv.bam	0.209354120267	0.213808463252	0.224944320713	0.220489977728	0.195991091314	0.238307349666	0.216035634744	0.251670378619	0.236080178174	0.218262806236	0.133630289532	0.218262806236	0.0	0.247216035635	0.233853006682	0.220489977728	0.19153674833	0.213808463252	0.1714922049	0.1714922049	0.253897550111	0.207126948775	0.244988864143	0.189309576837	0.158129175947	0.229398663697	0.204899777283	0.233853006682	0.167037861915	0.211581291759	0.209354120267	0.211581291759	0.204899777283	0.198218262806	0.200445434298
MH0345.snv.bam	0.231625835189	0.233853006682	0.173719376392	0.169265033408	0.167037861915	0.113585746102	0.142538975501	0.173719376392	0.218262806236	0.178173719376	0.129175946548	0.158129175947	0.247216035635	0.0	0.149220489978	0.216035634744	0.211581291759	0.195991091314	0.200445434298	0.200445434298	0.193763919822	0.162583518931	0.1714922049	0.218262806236	0.229398663697	0.155902004454	0.1714922049	0.204899777283	0.211581291759	0.224944320713	0.224944320713	0.224944320713	0.180400890869	0.1714922049	0.178173719376
MH0391.snv.bam	0.238307349666	0.240534521158	0.180400890869	0.175946547884	0.193763919822	0.149220489978	0.122494432071	0.118040089087	0.209354120267	0.195991091314	0.0734966592428	0.193763919822	0.233853006682	0.149220489978	0.0	0.202672605791	0.193763919822	0.0890868596882	0.198218262806	0.213808463252	0.178173719376	0.155902004454	0.202672605791	0.207126948775	0.220489977728	0.184855233853	0.202672605791	0.184855233853	0.204899777283	0.209354120267	0.209354120267	0.209354120267	0.169265033408	0.164810690423	0.164810690423
MH0408.snv.bam	0.253897550111	0.256124721604	0.207126948775	0.198218262806	0.209354120267	0.204899777283	0.162583518931	0.164810690423	0.178173719376	0.178173719376	0.140311804009	0.229398663697	0.220489977728	0.216035634744	0.202672605791	0.0	0.238307349666	0.173719376392	0.204899777283	0.207126948775	0.1714922049	0.167037861915	0.229398663697	0.218262806236	0.227171492205	0.231625835189	0.158129175947	0.216035634744	0.233853006682	0.247216035635	0.249443207127	0.249443207127	0.218262806236	0.211581291759	0.213808463252
MH0434.snv.bam	0.207126948775	0.211581291759	0.189309576837	0.184855233853	0.200445434298	0.155902004454	0.180400890869	0.216035634744	0.216035634744	0.193763919822	0.11135857461	0.184855233853	0.19153674833	0.211581291759	0.193763919822	0.238307349666	0.0	0.169265033408	0.167037861915	0.187082405345	0.236080178174	0.162583518931	0.19153674833	0.173719376392	0.160356347439	0.149220489978	0.180400890869	0.169265033408	0.142538975501	0.22271714922	0.220489977728	0.22271714922	0.193763919822	0.187082405345	0.193763919822
MMRS12272136ST-27-0-0.snv.bam	0.213808463252	0.216035634744	0.178173719376	0.173719376392	0.202672605791	0.175946547884	0.146993318486	0.140311804009	0.175946547884	0.162583518931	0.0623608017817	0.213808463252	0.213808463252	0.195991091314	0.0890868596882	0.173719376392	0.169265033408	0.0	0.195991091314	0.184855233853	0.169265033408	0.164810690423	0.213808463252	0.195991091314	0.175946547884	0.162583518931	0.164810690423	0.160356347439	0.173719376392	0.187082405345	0.187082405345	0.187082405345	0.200445434298	0.187082405345	0.195991091314
MMRS14379078ST-27-0-0.snv.bam	0.216035634744	0.220489977728	0.189309576837	0.180400890869	0.193763919822	0.19153674833	0.164810690423	0.22271714922	0.233853006682	0.193763919822	0.124721603563	0.193763919822	0.1714922049	0.200445434298	0.198218262806	0.204899777283	0.167037861915	0.195991091314	0.0	0.1714922049	0.236080178174	0.158129175947	0.187082405345	0.195991091314	0.124721603563	0.178173719376	0.198218262806	0.189309576837	0.155902004454	0.216035634744	0.216035634744	0.216035634744	0.200445434298	0.189309576837	0.195991091314
MMRS33294861ST-27-0-0.snv.bam	0.193763919822	0.195991091314	0.187082405345	0.182628062361	0.146993318486	0.19153674833	0.184855233853	0.231625835189	0.182628062361	0.142538975501	0.13140311804	0.1714922049	0.1714922049	0.200445434298	0.213808463252	0.207126948775	0.187082405345	0.184855233853	0.1714922049	0.0	0.240534521158	0.167037861915	0.218262806236	0.207126948775	0.164810690423	0.153674832962	0.106904231626	0.195991091314	0.162583518931	0.207126948775	0.207126948775	0.207126948775	0.175946547884	0.169265033408	0.1714922049
MMRS65742083ST-27-0-0.snv.bam	0.265033407572	0.267260579065	0.216035634744	0.211581291759	0.198218262806	0.175946547884	0.187082405345	0.129175946548	0.198218262806	0.216035634744	0.135857461024	0.19153674833	0.253897550111	0.193763919822	0.178173719376	0.1714922049	0.236080178174	0.169265033408	0.236080178174	0.240534521158	0.0	0.195991091314	0.178173719376	0.249443207127	0.231625835189	0.200445434298	0.216035634744	0.207126948775	0.244988864143	0.249443207127	0.249443207127	0.249443207127	0.231625835189	0.224944320713	0.227171492205
MMRS85382779ST-27-0-0.snv.bam	0.209354120267	0.211581291759	0.158129175947	0.15144766147	0.1714922049	0.124721603563	0.144766146993	0.173719376392	0.180400890869	0.187082405345	0.115812917595	0.144766146993	0.207126948775	0.162583518931	0.155902004454	0.167037861915	0.162583518931	0.164810690423	0.158129175947	0.167037861915	0.195991091314	0.0	0.118040089087	0.198218262806	0.164810690423	0.160356347439	0.175946547884	0.164810690423	0.182628062361	0.213808463252	0.216035634744	0.216035634744	0.124721603563	0.118040089087	0.120267260579
MMRS94549160ST-27-0-0.snv.bam	0.244988864143	0.251670378619	0.19153674833	0.19153674833	0.195991091314	0.129175946548	0.187082405345	0.19153674833	0.220489977728	0.238307349666	0.138084632517	0.0824053452116	0.244988864143	0.1714922049	0.202672605791	0.229398663697	0.19153674833	0.213808463252	0.187082405345	0.218262806236	0.178173719376	0.118040089087	0.0	0.22271714922	0.195991091314	0.169265033408	0.220489977728	0.178173719376	0.19153674833	0.229398663697	0.229398663697	0.229398663697	0.1714922049	0.169265033408	0.167037861915
N088A.snv.bam	0.158129175947	0.162583518931	0.173719376392	0.169265033408	0.207126948775	0.204899777283	0.200445434298	0.229398663697	0.189309576837	0.200445434298	0.142538975501	0.204899777283	0.189309576837	0.218262806236	0.207126948775	0.218262806236	0.173719376392	0.195991091314	0.195991091314	0.207126948775	0.249443207127	0.198218262806	0.22271714922	0.0	0.213808463252	0.211581291759	0.193763919822	0.211581291759	0.187082405345	0.218262806236	0.216035634744	0.218262806236	0.220489977728	0.209354120267	0.218262806236
O2.UC13-1.snv.bam	0.202672605791	0.204899777283	0.204899777283	0.198218262806	0.198218262806	0.195991091314	0.19153674833	0.231625835189	0.216035634744	0.195991091314	0.104677060134	0.207126948775	0.158129175947	0.229398663697	0.220489977728	0.227171492205	0.160356347439	0.175946547884	0.124721603563	0.164810690423	0.231625835189	0.164810690423	0.195991091314	0.213808463252	0.0	0.19153674833	0.184855233853	0.184855233853	0.120267260579	0.202672605791	0.202672605791	0.202672605791	0.189309576837	0.182628062361	0.184855233853
O2.UC27-1.snv.bam	0.207126948775	0.209354120267	0.169265033408	0.164810690423	0.158129175947	0.113585746102	0.178173719376	0.184855233853	0.202672605791	0.1714922049	0.11135857461	0.184855233853	0.229398663697	0.155902004454	0.184855233853	0.231625835189	0.149220489978	0.162583518931	0.178173719376	0.153674832962	0.200445434298	0.160356347439	0.169265033408	0.211581291759	0.19153674833	0.0	0.146993318486	0.155902004454	0.173719376392	0.229398663697	0.229398663697	0.229398663697	0.200445434298	0.193763919822	0.198218262806
O2.UC28-1.snv.bam	0.193763919822	0.195991091314	0.162583518931	0.158129175947	0.144766146993	0.195991091314	0.15144766147	0.182628062361	0.155902004454	0.097995545657	0.118040089087	0.175946547884	0.204899777283	0.1714922049	0.202672605791	0.158129175947	0.180400890869	0.164810690423	0.198218262806	0.106904231626	0.216035634744	0.175946547884	0.220489977728	0.193763919822	0.184855233853	0.146993318486	0.0	0.180400890869	0.169265033408	0.198218262806	0.198218262806	0.198218262806	0.167037861915	0.160356347439	0.164810690423
O2.UC4-1.snv.bam	0.220489977728	0.22271714922	0.182628062361	0.178173719376	0.126948775056	0.167037861915	0.187082405345	0.167037861915	0.173719376392	0.189309576837	0.135857461024	0.198218262806	0.233853006682	0.204899777283	0.184855233853	0.216035634744	0.169265033408	0.160356347439	0.189309576837	0.195991091314	0.207126948775	0.164810690423	0.178173719376	0.211581291759	0.184855233853	0.155902004454	0.180400890869	0.0	0.160356347439	0.211581291759	0.211581291759	0.211581291759	0.180400890869	0.173719376392	0.175946547884
V1.CD51-0.snv.bam	0.189309576837	0.19153674833	0.204899777283	0.200445434298	0.164810690423	0.184855233853	0.175946547884	0.231625835189	0.231625835189	0.200445434298	0.102449888641	0.189309576837	0.167037861915	0.211581291759	0.204899777283	0.233853006682	0.142538975501	0.173719376392	0.155902004454	0.162583518931	0.244988864143	0.182628062361	0.19153674833	0.187082405345	0.120267260579	0.173719376392	0.169265033408	0.160356347439	0.0	0.218262806236	0.218262806236	0.218262806236	0.200445434298	0.189309576837	0.195991091314
alien-11-600-0.snv.bam	0.231625835189	0.233853006682	0.19153674833	0.184855233853	0.22271714922	0.22271714922	0.202672605791	0.220489977728	0.218262806236	0.193763919822	0.135857461024	0.209354120267	0.211581291759	0.224944320713	0.209354120267	0.247216035635	0.22271714922	0.187082405345	0.216035634744	0.207126948775	0.249443207127	0.213808463252	0.229398663697	0.218262806236	0.202672605791	0.229398663697	0.198218262806	0.211581291759	0.218262806236	0.0	0.0	0.0	0.182628062361	0.180400890869	0.180400890869
alien-11-630-0.snv.bam	0.231625835189	0.233853006682	0.193763919822	0.187082405345	0.22271714922	0.224944320713	0.202672605791	0.220489977728	0.220489977728	0.193763919822	0.135857461024	0.209354120267	0.209354120267	0.224944320713	0.209354120267	0.249443207127	0.220489977728	0.187082405345	0.216035634744	0.207126948775	0.249443207127	0.216035634744	0.229398663697	0.216035634744	0.202672605791	0.229398663697	0.198218262806	0.211581291759	0.218262806236	0.0	0.0	0.0	0.182628062361	0.180400890869	0.180400890869
alien-11-637-0.snv.bam	0.231625835189	0.233853006682	0.193763919822	0.187082405345	0.22271714922	0.224944320713	0.202672605791	0.220489977728	0.220489977728	0.193763919822	0.135857461024	0.209354120267	0.211581291759	0.224944320713	0.209354120267	0.249443207127	0.22271714922	0.187082405345	0.216035634744	0.207126948775	0.249443207127	0.216035634744	0.229398663697	0.218262806236	0.202672605791	0.229398663697	0.198218262806	0.211581291759	0.218262806236	0.0	0.0	0.0	0.182628062361	0.180400890869	0.180400890869
alien-11-7-0.snv.bam	0.224944320713	0.227171492205	0.175946547884	0.1714922049	0.167037861915	0.1714922049	0.1714922049	0.1714922049	0.193763919822	0.195991091314	0.120267260579	0.160356347439	0.204899777283	0.180400890869	0.169265033408	0.218262806236	0.193763919822	0.200445434298	0.200445434298	0.175946547884	0.231625835189	0.124721603563	0.1714922049	0.220489977728	0.189309576837	0.200445434298	0.167037861915	0.180400890869	0.200445434298	0.182628062361	0.182628062361	0.182628062361	0.0	0.0	0.0
alien-12-7-0.snv.bam	0.216035634744	0.218262806236	0.169265033408	0.164810690423	0.160356347439	0.160356347439	0.162583518931	0.164810690423	0.184855233853	0.189309576837	0.115812917595	0.153674832962	0.198218262806	0.1714922049	0.164810690423	0.211581291759	0.187082405345	0.187082405345	0.189309576837	0.169265033408	0.224944320713	0.118040089087	0.169265033408	0.209354120267	0.182628062361	0.193763919822	0.160356347439	0.173719376392	0.189309576837	0.180400890869	0.180400890869	0.180400890869	0.0	0.0	0.0
alien-13-7-0.snv.bam	0.22271714922	0.224944320713	0.173719376392	0.169265033408	0.164810690423	0.167037861915	0.167037861915	0.167037861915	0.19153674833	0.193763919822	0.115812917595	0.158129175947	0.200445434298	0.178173719376	0.164810690423	0.213808463252	0.193763919822	0.195991091314	0.195991091314	0.1714922049	0.227171492205	0.120267260579	0.167037861915	0.218262806236	0.184855233853	0.198218262806	0.164810690423	0.175946547884	0.195991091314	0.180400890869	0.180400890869	0.180400890869	0.0	0.0	0.0
