	158822939-stool1.snv.bam	370027359-stool2.snv.bam	764083206-stool1.snv.bam	CCIS61287323ST-4-0.snv.bam	CCIS77252613ST-4-0.snv.bam	MMRS81135225ST-27-0-0.snv.bam	N084A.snv.bam	NG-5636_468.snv.bam	O2.UC16-1.snv.bam	O2.UC43-1.snv.bam	SZEY-103A.snv.bam	SZEY-20A.snv.bam	SZEY-40A.snv.bam	SZEY-60A.snv.bam	SZEY-97A.snv.bam	T2D-112A.snv.bam	T2D-142A.snv.bam	T2D-49A.snv.bam	T2D-70A.snv.bam	V1.FI09.snv.bam	V1.UC53-0.snv.bam	V1.UC53-4.snv.bam
158822939-stool1.snv.bam	0.0	0.212060922525	0.226369606967	0.213814979642	0.227085292245	0.221796978164	0.2123180353	0.207512269617	0.21985781594	0.184297659611	0.196999168978	0.190434834842	0.239985117356	0.228103299273	0.196242322545	0.208842044514	0.210736006444	0.199365837429	0.19304184725	0.205439852542	0.183426593615	0.184088280721
370027359-stool2.snv.bam	0.212060922525	0.0	0.225302090237	0.211357299498	0.230509040869	0.221980211554	0.21906387173	0.208896565756	0.202293044298	0.227990025427	0.201512115336	0.202793596168	0.242440286898	0.233880774758	0.186624716132	0.219076230249	0.229778642474	0.196979764471	0.189141162077	0.207251569505	0.228519057372	0.229336608794
764083206-stool1.snv.bam	0.226369606967	0.225302090237	0.0	0.229227956959	0.224436705577	0.157607589738	0.198660259791	0.210989724018	0.231793144369	0.229636792671	0.204797102636	0.194904644892	0.119508359475	0.138233746385	0.197284790428	0.215156388004	0.209137120797	0.171643020878	0.173785064054	0.200012960845	0.22908833263	0.229743519938
CCIS61287323ST-4-0.snv.bam	0.213814979642	0.211357299498	0.229227956959	0.0	0.2357363591	0.222425364729	0.197290169541	0.222230392932	0.22048882524	0.227647770895	0.198940494593	0.199039672074	0.238130700749	0.240988486353	0.191097609112	0.208239039786	0.232945567401	0.203396679126	0.200325193786	0.228590856079	0.226962660247	0.228667497217
CCIS77252613ST-4-0.snv.bam	0.227085292245	0.230509040869	0.224436705577	0.2357363591	0.0	0.230188316939	0.20699967112	0.230977282149	0.241725472568	0.224910609471	0.205264225311	0.18942164577	0.261695577049	0.247718026827	0.199534382487	0.224939777556	0.239468601339	0.219709573706	0.2057400177	0.214261176247	0.225367463422	0.226102252461
MMRS81135225ST-27-0-0.snv.bam	0.221796978164	0.221980211554	0.157607589738	0.222425364729	0.230188316939	0.0	0.178356790425	0.214288108791	0.226368922197	0.219760630709	0.212884385556	0.182134102275	0.170779045281	0.182786267344	0.208998901915	0.228804233405	0.22368700644	0.20360338133	0.210213045489	0.198259721465	0.220449496474	0.221140950578
N084A.snv.bam	0.2123180353	0.21906387173	0.198660259791	0.197290169541	0.20699967112	0.178356790425	0.0	0.211440132325	0.223223656775	0.203097924486	0.192604501813	0.182602558325	0.208017267707	0.219747411254	0.192954430171	0.211770012864	0.195640105405	0.187384090063	0.180919085103	0.193385779371	0.203410022856	0.204326642701
NG-5636_468.snv.bam	0.207512269617	0.208896565756	0.210989724018	0.222230392932	0.230977282149	0.214288108791	0.211440132325	0.0	0.200749777053	0.223033045512	0.178292633202	0.198477939977	0.231349731476	0.219506990337	0.198934776937	0.21956470292	0.220203812664	0.19294739056	0.180600337819	0.192967703435	0.221298092341	0.223051429023
O2.UC16-1.snv.bam	0.21985781594	0.202293044298	0.231793144369	0.22048882524	0.241725472568	0.226368922197	0.223223656775	0.200749777053	0.0	0.210399689651	0.207942752588	0.21139301739	0.248130218803	0.238757232615	0.197935227345	0.235387231743	0.221084952081	0.20323138092	0.193876575655	0.221405160976	0.207879000073	0.2095625682
O2.UC43-1.snv.bam	0.184297659611	0.227990025427	0.229636792671	0.227647770895	0.224910609471	0.219760630709	0.203097924486	0.223033045512	0.210399689651	0.0	0.216580677631	0.202767134081	0.246978401005	0.243269363281	0.190533280297	0.233012218239	0.223752226207	0.216041903149	0.177934795738	0.197799968832	0.001766218036	0.0016274888232
SZEY-103A.snv.bam	0.196999168978	0.201512115336	0.204797102636	0.198940494593	0.205264225311	0.212884385556	0.192604501813	0.178292633202	0.207942752588	0.216580677631	0.0	0.155568794165	0.22124209953	0.20738608425	0.177992131419	0.160249992286	0.184790592489	0.175332690878	0.159631425621	0.20666772324	0.216177445762	0.217769120346
SZEY-20A.snv.bam	0.190434834842	0.202793596168	0.194904644892	0.199039672074	0.18942164577	0.182134102275	0.182602558325	0.198477939977	0.21139301739	0.202767134081	0.155568794165	0.0	0.210199834002	0.194060308658	0.15981807494	0.19155705659	0.194380981277	0.161108217403	0.165622183689	0.192006326071	0.202101410494	0.203909459367
SZEY-40A.snv.bam	0.239985117356	0.242440286898	0.119508359475	0.238130700749	0.261695577049	0.170779045281	0.208017267707	0.231349731476	0.248130218803	0.246978401005	0.22124209953	0.210199834002	0.0	0.106115217909	0.21647934085	0.242541981051	0.184868816313	0.183387592099	0.194249379889	0.228164743405	0.246781926701	0.247320117822
SZEY-60A.snv.bam	0.228103299273	0.233880774758	0.138233746385	0.240988486353	0.247718026827	0.182786267344	0.219747411254	0.219506990337	0.238757232615	0.243269363281	0.20738608425	0.194060308658	0.106115217909	0.0	0.20577227895	0.192853818314	0.222791779444	0.148922826789	0.191588788944	0.22438446488	0.242890363053	0.243583890201
SZEY-97A.snv.bam	0.196242322545	0.186624716132	0.197284790428	0.191097609112	0.199534382487	0.208998901915	0.192954430171	0.198934776937	0.197935227345	0.190533280297	0.177992131419	0.15981807494	0.21647934085	0.20577227895	0.0	0.200278621244	0.173192203362	0.170633845949	0.164616586635	0.19823675852	0.189765403458	0.190275641078
T2D-112A.snv.bam	0.208842044514	0.219076230249	0.215156388004	0.208239039786	0.224939777556	0.228804233405	0.211770012864	0.21956470292	0.235387231743	0.233012218239	0.160249992286	0.19155705659	0.242541981051	0.192853818314	0.200278621244	0.0	0.212441938361	0.165285562518	0.167039997575	0.211131448163	0.23260475957	0.234217040882
T2D-142A.snv.bam	0.210736006444	0.229778642474	0.209137120797	0.232945567401	0.239468601339	0.22368700644	0.195640105405	0.220203812664	0.221084952081	0.223752226207	0.184790592489	0.194380981277	0.184868816313	0.222791779444	0.173192203362	0.212441938361	0.0	0.183431755115	0.152993780521	0.213074569333	0.222377020887	0.222747357961
T2D-49A.snv.bam	0.199365837429	0.196979764471	0.171643020878	0.203396679126	0.219709573706	0.20360338133	0.187384090063	0.19294739056	0.20323138092	0.216041903149	0.175332690878	0.161108217403	0.183387592099	0.148922826789	0.170633845949	0.165285562518	0.183431755115	0.0	0.164534787471	0.198193777473	0.215511433555	0.216258349856
T2D-70A.snv.bam	0.19304184725	0.189141162077	0.173785064054	0.200325193786	0.2057400177	0.210213045489	0.180919085103	0.180600337819	0.193876575655	0.177934795738	0.159631425621	0.165622183689	0.194249379889	0.191588788944	0.164616586635	0.167039997575	0.152993780521	0.164534787471	0.0	0.191427917544	0.176643341933	0.177454951713
V1.FI09.snv.bam	0.205439852542	0.207251569505	0.200012960845	0.228590856079	0.214261176247	0.198259721465	0.193385779371	0.192967703435	0.221405160976	0.197799968832	0.20666772324	0.192006326071	0.228164743405	0.22438446488	0.19823675852	0.211131448163	0.213074569333	0.198193777473	0.191427917544	0.0	0.198242208321	0.198836254924
V1.UC53-0.snv.bam	0.183426593615	0.228519057372	0.22908833263	0.226962660247	0.225367463422	0.220449496474	0.203410022856	0.221298092341	0.207879000073	0.001766218036	0.216177445762	0.202101410494	0.246781926701	0.242890363053	0.189765403458	0.23260475957	0.222377020887	0.215511433555	0.176643341933	0.198242208321	0.0	0.00134895088427
V1.UC53-4.snv.bam	0.184088280721	0.229336608794	0.229743519938	0.228667497217	0.226102252461	0.221140950578	0.204326642701	0.223051429023	0.2095625682	0.0016274888232	0.217769120346	0.203909459367	0.247320117822	0.243583890201	0.190275641078	0.234217040882	0.222747357961	0.216258349856	0.177454951713	0.198836254924	0.00134895088427	0.0
