	763536994-stool2.snv.bam	764083206-stool1.snv.bam	BYQ_AABA.snv.bam	CCIS22275061ST-4-0.snv.bam	CCIS22416007ST-4-0.snv.bam	CCIS23164343ST-4-0.snv.bam	CCIS29688262ST-20-0.snv.bam	CCIS41222843ST-4-0.snv.bam	CCIS44676181ST-4-0.snv.bam	CCIS50471204ST-4-0.snv.bam	CCIS55230578ST-4-0.snv.bam	CCIS59132091ST-4-0.snv.bam	CCIS82146115ST-4-0.snv.bam	CCIS94496512ST-4-0.snv.bam	CCIS95409808ST-4-0.snv.bam	CCIS98512455ST-4-0.snv.bam	CCMD11006829ST-21-0.snv.bam	CCMD40701343ST-21-0.snv.bam	M4.1-V3.metaT.snv.bam	M4.2-V2.metaG.snv.bam	M4.2-V3.metaT.snv.bam	NG-5636_195.snv.bam	NG-5636_354.snv.bam	NG-5636_472.snv.bam	O2.UC30-1.snv.bam	O2.UC46-1.snv.bam	SAMEA3136624.snv.bam	SAMEA3136626.snv.bam	SAMEA3136628.snv.bam	SAMEA3136637.snv.bam	SAMEA3136643.snv.bam	SAMEA3136660.snv.bam	SAMEA3136661.snv.bam	SAMEA3136662.snv.bam	SAMEA3136670.snv.bam	SAMEA3136676.snv.bam	SAMEA3136679.snv.bam	SAMEA3136680.snv.bam	SAMEA3136691.snv.bam	SAMEA3136693.snv.bam	SAMEA3136704.snv.bam	SAMEA3136714.snv.bam	SAMEA3136722.snv.bam	SAMEA3136744.snv.bam	SAMEA3136747.snv.bam	SAMEA3136748.snv.bam	V1.CD32-0.snv.bam	V1.CD32-4.snv.bam	V1.CD8-0-PN.snv.bam	V1.FI01.snv.bam	V1.UC38-0.snv.bam	V1.UC5-3.snv.bam	V1.UC54-0.snv.bam	peacemaker-11-2-0.snv.bam
763536994-stool2.snv.bam	0.0	0.125836297199	0.173335509138	0.193632665729	0.198199240232	0.17731022691	0.152300810682	0.193744145459	0.146247697974	0.184825195901	0.146863739398	0.188633567122	0.190358649789	0.173163651601	0.183079409498	0.195409537963	0.200979713314	0.174400123686	0.179875366544	0.17422334173	0.176971211167	0.184417517007	0.177897631134	0.207863299663	0.179675644199	0.157633429808	0.184149916248	0.204349126585	0.175871598639	0.180573975671	0.18360961258	0.146440964078	0.176122529322	0.154051568962	0.193952834421	0.183688387636	0.15849884859	0.159126524796	0.181637353434	0.18167293977	0.201671122995	0.239633853368	0.145999115827	0.188200723327	0.167194890999	0.183797355708	0.157413838055	0.15731143403	0.176054762412	0.146473129238	0.150670400345	0.183699431501	0.159425807804	0.174107559108
764083206-stool1.snv.bam	0.125836297199	0.0	0.167618364271	0.1885210045	0.181601957292	0.161497246541	0.157174040747	0.181338399634	0.142520041622	0.168389801482	0.1410350188	0.166276185688	0.154420290366	0.203959823965	0.171172709498	0.19146708181	0.187714522096	0.124947057861	0.187215494922	0.185762138189	0.18896166648	0.168714644467	0.162007210292	0.195677904967	0.179968521311	0.183272027364	0.167842531859	0.190633768054	0.158296398728	0.16750727329	0.167265512008	0.165741604429	0.126346076607	0.133941507141	0.164894239772	0.167425013123	0.182081187121	0.164554723638	0.165348766273	0.186597619475	0.197271941491	0.235828929847	0.148561623418	0.199378076189	0.138443091401	0.167533168001	0.154523201638	0.154050718583	0.126759471047	0.147430585156	0.154062878542	0.168789658991	0.183464159167	0.20956511735
BYQ_AABA.snv.bam	0.173335509138	0.167618364271	0.0	0.207749993263	0.194956689268	0.174532405292	0.164977709232	0.176368233371	0.175762910798	0.176400650466	0.158507928809	0.174838659148	0.148309646856	0.172057305243	0.179355743889	0.15235814624	0.208054730983	0.202577271014	0.190837675225	0.175373931624	0.182450068091	0.179046684119	0.191351996528	0.17996104089	0.188824399285	0.157201942079	0.17918797954	0.174761601069	0.195833333333	0.152695160259	0.172372443683	0.201405856619	0.150447430668	0.164558557961	0.170757805576	0.174479166667	0.148312190143	0.153274099867	0.174925404945	0.200328177479	0.170197547684	0.253428230012	0.197832434861	0.209905805106	0.205660424749	0.174368252736	0.156616692343	0.156836276666	0.224295645669	0.190456632294	0.197915307079	0.175793420135	0.160549560606	0.214611111111
CCIS22275061ST-4-0.snv.bam	0.193632665729	0.1885210045	0.207749993263	0.0	0.198925206443	0.141406928997	0.211535728246	0.135450144342	0.14794139578	0.133798743156	0.154210025219	0.13221754436	0.154581692817	0.208528494657	0.148251911797	0.129630788315	0.146759081294	0.122900413926	0.154558567886	0.158800177723	0.162704296322	0.134050182772	0.208901678845	0.142943660547	0.1685012603	0.166153428884	0.133478294559	0.140433181777	0.208973702354	0.163178719291	0.132741705176	0.182431623335	0.148234759413	0.174822449667	0.142079770685	0.133109569988	0.173152174155	0.195993339708	0.130708211456	0.175760007432	0.213563647237	0.206026466715	0.177865303301	0.175648009398	0.115871312819	0.133229675681	0.150460581296	0.149990141566	0.134293044354	0.124667934594	0.195589441577	0.135034017998	0.168318737304	0.136240368661
CCIS22416007ST-4-0.snv.bam	0.198199240232	0.181601957292	0.194956689268	0.198925206443	0.0	0.191665173738	0.208652500108	0.171412263321	0.202340400541	0.192469329714	0.183397456926	0.191280052817	0.163520042316	0.221278127605	0.152367913766	0.202928718022	0.133796489724	0.210882667851	0.211554654494	0.20915665881	0.212999930924	0.198679330386	0.187866246375	0.163640806677	0.214809489353	0.190759124027	0.196718847865	0.159929579919	0.142702442104	0.160743476707	0.196215277729	0.173137329875	0.184376158774	0.174303564356	0.150157381903	0.196230711766	0.177588491702	0.149280244874	0.194231285676	0.177226331056	0.212030802932	0.253273251447	0.139686781163	0.178267157618	0.187721843286	0.19633859827	0.191079156522	0.190748481223	0.210163602111	0.204537235594	0.203826759474	0.197351866035	0.192224264244	0.181573541705
CCIS23164343ST-4-0.snv.bam	0.17731022691	0.161497246541	0.174532405292	0.141406928997	0.191665173738	0.0	0.166367036487	0.0864125580398	0.179922087212	0.0597089235932	0.135725977086	0.061251440684	0.138495664677	0.186384262929	0.0636291964805	0.0707440222233	0.166731578198	0.138813146795	0.165756549747	0.163453766398	0.168945330019	0.0587889438188	0.180770527432	0.163847221499	0.167031500778	0.162871916381	0.060230609237	0.16016459195	0.200542243572	0.136693368346	0.059120685533	0.197419049927	0.144658077765	0.142773485023	0.148851803868	0.0595751165185	0.105488356612	0.1836771283	0.0574528314592	0.16522963635	0.185669519929	0.204998860995	0.17412456216	0.180172401309	0.129463697814	0.0596846335484	0.14930190231	0.148966229399	0.125329261341	0.12696049821	0.154365796923	0.0600533314082	0.163730746609	0.171668442146
CCIS29688262ST-20-0.snv.bam	0.152300810682	0.157174040747	0.164977709232	0.211535728246	0.208652500108	0.166367036487	0.0	0.192100103247	0.162817387332	0.208572725042	0.164699818137	0.213118681041	0.178870875411	0.10921055043	0.207851163446	0.196101343364	0.209154225016	0.208728816646	0.159358750305	0.161729627118	0.15894719556	0.212749764814	0.177729764862	0.184601380812	0.15327241392	0.146530436814	0.210323377855	0.183783807052	0.163710764613	0.168876919211	0.209822507923	0.173094067298	0.164720485295	0.160597070803	0.180970942889	0.209766966803	0.13725714492	0.156076837574	0.207670857961	0.180563203062	0.206191227181	0.172831597003	0.147377757488	0.188487254957	0.191020953221	0.209881988657	0.16851066876	0.168622515152	0.208669995614	0.190969227679	0.164994167186	0.210908807751	0.148688493375	0.188240851113
CCIS41222843ST-4-0.snv.bam	0.193744145459	0.181338399634	0.176368233371	0.135450144342	0.171412263321	0.0864125580398	0.192100103247	0.0	0.158319829611	0.0867825736798	0.120118578497	0.0898406275603	0.134023588239	0.215932514287	0.0880495344436	0.0898212689909	0.0955539556597	0.147169867768	0.126411489034	0.12320871971	0.129838508169	0.0899295288536	0.17798791898	0.0781067851068	0.176445465711	0.143048838439	0.0905095995803	0.0777792945188	0.20751113201	0.102672308476	0.0896386749049	0.174975682188	0.127876913331	0.163554829746	0.0850815371761	0.0900649459272	0.121722937825	0.184394817998	0.0879409151935	0.159459544132	0.196627440652	0.212828546761	0.167117224085	0.164974825329	0.117020860603	0.0901715102921	0.134532014557	0.134205391652	0.132596297233	0.135221487297	0.172298449265	0.0916661280096	0.144670567669	0.167708882212
CCIS44676181ST-4-0.snv.bam	0.146247697974	0.142520041622	0.175762910798	0.14794139578	0.202340400541	0.179922087212	0.162817387332	0.158319829611	0.0	0.179057999221	0.0530271439329	0.177463854623	0.144414168937	0.215769893051	0.185560075401	0.182063467365	0.134182365254	0.15672935841	0.0796349857183	0.0813008130081	0.0867594704652	0.182825484765	0.208721461187	0.136813852814	0.175218807015	0.116742889038	0.175675675676	0.130299227799	0.181318681319	0.168341087016	0.180491462135	0.119432187206	0.142199626673	0.164910472377	0.136455814184	0.180592991914	0.153631284916	0.152924303147	0.178378378378	0.150810418655	0.200957854406	0.192604130518	0.14367816092	0.149734008045	0.133978070297	0.180710183992	0.137415272489	0.137056075332	0.149737099737	0.13827604924	0.187992648849	0.182598962599	0.119752804478	0.158351139601
CCIS50471204ST-4-0.snv.bam	0.184825195901	0.168389801482	0.176400650466	0.133798743156	0.192469329714	0.0597089235932	0.208572725042	0.0867825736798	0.179057999221	0.0	0.12485925142	0.0015873015873	0.127103472968	0.204863653555	0.0416222031323	0.0296651001796	0.16307904522	0.131013431013	0.172367350489	0.165955934613	0.173900376481	0.00180375180375	0.191660654161	0.167029885319	0.164795803423	0.166854949008	0.00248138957816	0.163337468983	0.205829435049	0.163304237151	0.000541437579443	0.209197608037	0.149758696327	0.153747155512	0.154082535878	0.00176803394625	0.0937969390655	0.187950573705	0.00176803394625	0.157947535621	0.181480085438	0.223668633811	0.182977127859	0.161501009381	0.127343179687	0.00187565340385	0.151286124337	0.151031275042	0.114378290198	0.11816362223	0.149513600758	0.00378635701216	0.167861594885	0.162068981836
CCIS55230578ST-4-0.snv.bam	0.146863739398	0.1410350188	0.158507928809	0.154210025219	0.183397456926	0.135725977086	0.164699818137	0.120118578497	0.0530271439329	0.12485925142	0.0	0.128952676163	0.119454125596	0.192886632602	0.135323050821	0.138612033788	0.140774009626	0.147511438976	0.107854958917	0.102463758823	0.107704301904	0.127274318579	0.183408094699	0.151786002776	0.160852901867	0.123365281929	0.123648367361	0.146114418452	0.167018744177	0.158736524687	0.126237390667	0.143628877013	0.143893787294	0.145693396957	0.144241763669	0.126468935498	0.120481254292	0.139986204729	0.12443196407	0.131597690343	0.169109506409	0.200829497755	0.143222634321	0.136203662769	0.130966133735	0.126576554956	0.138516450816	0.13818659402	0.137287578421	0.127471051308	0.148218308732	0.128176342687	0.125304078778	0.149408295098
CCIS59132091ST-4-0.snv.bam	0.188633567122	0.166276185688	0.174838659148	0.13221754436	0.191280052817	0.061251440684	0.213118681041	0.0898406275603	0.177463854623	0.0015873015873	0.128952676163	0.0	0.127134331994	0.203939783161	0.0442728945376	0.0302568530974	0.16322560901	0.125891298928	0.17069402669	0.164237370075	0.172335175223	0.00183339485665	0.195097319133	0.167920953002	0.166229997037	0.170223550919	0.00584689572031	0.164101868596	0.212620883829	0.16732793046	0.00163504231097	0.208354908188	0.150246846999	0.153349220462	0.157183289369	0.00179172679173	0.100965643002	0.192069101622	0.00179626280892	0.158438609538	0.174598896162	0.223596253555	0.181526873484	0.162231915667	0.121916675663	0.00190152037978	0.15180513214	0.151545134374	0.115005525201	0.117904341221	0.15518789671	0.00385098726871	0.17188496473	0.168115921018
CCIS82146115ST-4-0.snv.bam	0.190358649789	0.154420290366	0.148309646856	0.154581692817	0.163520042316	0.138495664677	0.178870875411	0.134023588239	0.144414168937	0.127103472968	0.119454125596	0.127134331994	0.0	0.196155410228	0.139130169585	0.150286881978	0.148952621453	0.136124372628	0.131748069278	0.124688279302	0.130303428317	0.129441624365	0.146927609428	0.144185273791	0.161991658213	0.121801934543	0.129353233831	0.139578891258	0.169191919192	0.142606488118	0.128681669645	0.172934887771	0.116217365101	0.146375330634	0.128496728505	0.129032258065	0.138176638177	0.162020113642	0.126865671642	0.140396609846	0.129805996473	0.215822284443	0.142105263158	0.142976488841	0.12722688796	0.129140144568	0.126503886088	0.126082978441	0.133869737568	0.133859376764	0.150199651286	0.130750288959	0.123448223337	0.160223282316
CCIS94496512ST-4-0.snv.bam	0.173163651601	0.203959823965	0.172057305243	0.208528494657	0.221278127605	0.186384262929	0.10921055043	0.215932514287	0.215769893051	0.204863653555	0.192886632602	0.203939783161	0.196155410228	0.0	0.206567380217	0.195163310343	0.23863593834	0.225842178126	0.206336365514	0.192242931828	0.200639640669	0.203644799804	0.185509151563	0.222386952912	0.162988270537	0.186979808871	0.208969607671	0.223983647685	0.179677382349	0.202706495711	0.206039359236	0.170924902297	0.204094365916	0.178672726923	0.227654898114	0.203555466476	0.147244915021	0.183972839404	0.204055602757	0.201323739083	0.222238373339	0.257102965736	0.187105139758	0.208163983588	0.205519464769	0.203662030841	0.203509059842	0.203182436937	0.229012834013	0.205204285137	0.179383690333	0.204821244432	0.188903805917	0.169264233513
CCIS95409808ST-4-0.snv.bam	0.183079409498	0.171172709498	0.179355743889	0.148251911797	0.152367913766	0.0636291964805	0.207851163446	0.0880495344436	0.185560075401	0.0416222031323	0.135323050821	0.0442728945376	0.139130169585	0.206567380217	0.0	0.064061798302	0.162607547901	0.152656219967	0.179704619217	0.175042592957	0.180275034627	0.0423954982433	0.194564990638	0.169033117589	0.176887053181	0.17355409974	0.0446745069674	0.166094859212	0.192038229932	0.146016603693	0.0433793760419	0.204368827899	0.15348292218	0.142727479522	0.15534795237	0.0430787779897	0.105046408893	0.179072915058	0.0414487005158	0.149901607603	0.18835294379	0.216155047398	0.171643873743	0.161022423526	0.141726243407	0.0431863974473	0.160209683016	0.159879826221	0.138223833482	0.14011318451	0.15965588259	0.0439589143163	0.174350057213	0.172702693637
CCIS98512455ST-4-0.snv.bam	0.195409537963	0.19146708181	0.15235814624	0.129630788315	0.202928718022	0.0707440222233	0.196101343364	0.0898212689909	0.182063467365	0.0296651001796	0.138612033788	0.0302568530974	0.150286881978	0.195163310343	0.064061798302	0.0	0.173283059178	0.153402552067	0.171349379915	0.164221884511	0.172584421541	0.0283073910322	0.209757792696	0.143955537742	0.169475627088	0.150333967012	0.0326272758855	0.138992922823	0.213530771882	0.157812976069	0.029568492106	0.214326373924	0.132626193611	0.179685659478	0.136214701129	0.0276084431055	0.0846526834474	0.1964037083	0.027676780836	0.168502093865	0.197682363804	0.217977097624	0.204149861803	0.167390960966	0.146248211652	0.0277157968361	0.131489863314	0.130936354088	0.139084124442	0.13381201061	0.179777737025	0.0296857317311	0.153399256145	0.172893212774
CCMD11006829ST-21-0.snv.bam	0.200979713314	0.187714522096	0.208054730983	0.146759081294	0.133796489724	0.166731578198	0.209154225016	0.0955539556597	0.134182365254	0.16307904522	0.140774009626	0.16322560901	0.148952621453	0.23863593834	0.162607547901	0.173283059178	0.0	0.149340470038	0.117054689902	0.109880654016	0.119333003406	0.168504445256	0.186603659275	0.0457276524645	0.202304725577	0.15192132263	0.167463095238	0.0441208333333	0.175483369227	0.13047061794	0.166633051686	0.148282251409	0.145006203688	0.193411525911	0.0672901838641	0.166546728417	0.182987933269	0.154462596398	0.164713095238	0.172827105775	0.220350810537	0.249352103354	0.145085663895	0.170767662229	0.101910532497	0.166655153008	0.15147991782	0.151186206413	0.142013743832	0.138921224184	0.200112966691	0.168367135642	0.155379328112	0.142618379884
CCMD40701343ST-21-0.snv.bam	0.174400123686	0.124947057861	0.202577271014	0.122900413926	0.210882667851	0.138813146795	0.208728816646	0.147169867768	0.15672935841	0.131013431013	0.147511438976	0.125891298928	0.136124372628	0.225842178126	0.152656219967	0.153402552067	0.149340470038	0.0	0.151781845988	0.150006058403	0.155194875028	0.130084325397	0.186880088823	0.159613221307	0.17598969593	0.167452097089	0.131467345208	0.159902459712	0.20401132029	0.178370095912	0.130056892624	0.188992513818	0.12241680573	0.173123174097	0.13962603331	0.131858834905	0.196433779111	0.188231611051	0.129649824306	0.18157687014	0.189753516583	0.224806898784	0.169682967527	0.184615384615	0.0543010885615	0.13196918582	0.138205399912	0.137702361307	0.0357875457875	0.0461175408717	0.167314768667	0.134259534641	0.170029929251	0.172304485965
M4.1-V3.metaT.snv.bam	0.179875366544	0.187215494922	0.190837675225	0.154558567886	0.211554654494	0.165756549747	0.159358750305	0.126411489034	0.0796349857183	0.172367350489	0.107854958917	0.17069402669	0.131748069278	0.206336365514	0.179704619217	0.171349379915	0.117054689902	0.151781845988	0.0	0.0151027925878	0.0121285396945	0.175877771736	0.189401934025	0.0936418665534	0.165540854929	0.112312911568	0.169168940708	0.0939263971196	0.204541811399	0.13777998855	0.173779665886	0.138204030637	0.143633834104	0.180280858407	0.0961324302989	0.173912026354	0.137005349568	0.170686287753	0.171766343305	0.164866259425	0.1929057472	0.200280930523	0.133300402529	0.163793103581	0.128624799356	0.174024664335	0.130039307237	0.129694068519	0.138837572361	0.131382206357	0.160730997598	0.175043156306	0.115394918334	0.187742221094
M4.2-V2.metaG.snv.bam	0.17422334173	0.185762138189	0.175373931624	0.158800177723	0.20915665881	0.163453766398	0.161729627118	0.12320871971	0.0813008130081	0.165955934613	0.102463758823	0.164237370075	0.124688279302	0.192242931828	0.175042592957	0.164221884511	0.109880654016	0.150006058403	0.0151027925878	0.0	0.00876636547435	0.169191919192	0.178852596315	0.0872930879475	0.146246179035	0.0989317190629	0.162962962963	0.0844708994709	0.197994987469	0.131947203718	0.167330073088	0.136908077192	0.135063049596	0.178561671421	0.0942267009942	0.167487684729	0.124964659316	0.163389858491	0.165432098765	0.158866251063	0.188801399825	0.223888584886	0.130548302872	0.156834873253	0.126217772652	0.167594774042	0.118179965748	0.117851733862	0.137838629302	0.131010658607	0.161392722373	0.16928794114	0.101655790384	0.182535759014
M4.2-V3.metaT.snv.bam	0.176971211167	0.18896166648	0.182450068091	0.162704296322	0.212999930924	0.168945330019	0.15894719556	0.129838508169	0.0867594704652	0.173900376481	0.107704301904	0.172335175223	0.130303428317	0.200639640669	0.180275034627	0.172584421541	0.119333003406	0.155194875028	0.0121285396945	0.00876636547435	0.0	0.177273768726	0.185203395281	0.0947617480037	0.156871176685	0.107267454443	0.170833411608	0.0936266225129	0.203793439791	0.135560637227	0.17524182688	0.142249765328	0.138649275607	0.17947165251	0.0968169377564	0.175361051678	0.131238804379	0.169404406297	0.173314801186	0.163624846673	0.195273381948	0.212706584931	0.136471059427	0.162384036612	0.132384096494	0.175468671136	0.126677701848	0.126325842853	0.142847618489	0.135586532323	0.167482957133	0.177024353283	0.110224861109	0.190805282218
NG-5636_195.snv.bam	0.184417517007	0.168714644467	0.179046684119	0.134050182772	0.198679330386	0.0587889438188	0.212749764814	0.0899295288536	0.182825484765	0.00180375180375	0.127274318579	0.00183339485665	0.129441624365	0.203644799804	0.0423954982433	0.0283073910322	0.168504445256	0.130084325397	0.175877771736	0.169191919192	0.177273768726	0.0	0.19385072095	0.171769418321	0.170002020231	0.167190359693	0.00251889168766	0.169044620367	0.209718670077	0.167856154217	0.00185058655164	0.208035329388	0.150221677392	0.155769518616	0.159635826082	0.0	0.0960008245723	0.191593402901	0.0	0.161070065999	0.179803395889	0.228713790965	0.181333333333	0.164677516576	0.12501954203	0.000109241861481	0.148422048202	0.14785880389	0.113506817257	0.115599071259	0.151653304931	0.00204437320306	0.168775914381	0.163653013653
NG-5636_354.snv.bam	0.177897631134	0.162007210292	0.191351996528	0.208901678845	0.187866246375	0.180770527432	0.177729764862	0.17798791898	0.208721461187	0.191660654161	0.183408094699	0.195097319133	0.146927609428	0.185509151563	0.194564990638	0.209757792696	0.186603659275	0.186880088823	0.189401934025	0.178852596315	0.185203395281	0.19385072095	0.0	0.170142918547	0.178027978515	0.183426560614	0.193441938179	0.16865676095	0.191306191688	0.163132929927	0.192926338847	0.169665713959	0.165147328673	0.163202235357	0.157418787302	0.192958333333	0.147093356243	0.174607051889	0.190935672515	0.198778397703	0.184666666667	0.226411882857	0.133112290009	0.207653920154	0.182615909	0.193067028986	0.194312172437	0.194255262558	0.200806467934	0.188783926939	0.143063823029	0.193303966988	0.185083639456	0.201519957706
NG-5636_472.snv.bam	0.207863299663	0.195677904967	0.17996104089	0.142943660547	0.163640806677	0.163847221499	0.184601380812	0.0781067851068	0.136813852814	0.167029885319	0.151786002776	0.167920953002	0.144185273791	0.222386952912	0.169033117589	0.143955537742	0.0457276524645	0.159613221307	0.0936418665534	0.0872930879475	0.0947617480037	0.171769418321	0.170142918547	0.0	0.185862629008	0.122471624592	0.171689479653	0.00291747459716	0.214692012968	0.102729720604	0.170648616801	0.147325527075	0.122138356356	0.197723961247	0.0319783302844	0.171242371633	0.154614695341	0.191448282771	0.169078513595	0.182803724536	0.20851551729	0.232106779096	0.159110387623	0.18133268778	0.111198992248	0.171355596271	0.122111099097	0.12176406226	0.153562511776	0.149881587232	0.203018727748	0.172829469631	0.125621769807	0.18149798571
O2.UC30-1.snv.bam	0.179675644199	0.179968521311	0.188824399285	0.1685012603	0.214809489353	0.167031500778	0.15327241392	0.176445465711	0.175218807015	0.164795803423	0.160852901867	0.166229997037	0.161991658213	0.162988270537	0.176887053181	0.169475627088	0.202304725577	0.17598969593	0.165540854929	0.146246179035	0.156871176685	0.170002020231	0.178027978515	0.185862629008	0.0	0.146156324651	0.168216254409	0.181823919899	0.155937687853	0.162769889327	0.166053034886	0.17321694988	0.177477795583	0.148465718484	0.177437278281	0.168216254409	0.132314303258	0.155845505303	0.166088930251	0.141252843353	0.202574678492	0.225622046975	0.153658628558	0.145805019745	0.184820230722	0.16832716834	0.177096525056	0.1769111779	0.170186964253	0.174422197921	0.140874860163	0.168552181692	0.144307542978	0.162192485292
O2.UC46-1.snv.bam	0.157633429808	0.183272027364	0.157201942079	0.166153428884	0.190759124027	0.162871916381	0.146530436814	0.143048838439	0.116742889038	0.166854949008	0.123365281929	0.170223550919	0.121801934543	0.186979808871	0.17355409974	0.150333967012	0.15192132263	0.167452097089	0.112312911568	0.0989317190629	0.107267454443	0.167190359693	0.183426560614	0.122471624592	0.146156324651	0.0	0.169825905298	0.121409240731	0.161304441377	0.142479091473	0.168217889686	0.13826577076	0.0965842743793	0.168216643627	0.118070486053	0.170405954334	0.125782127782	0.162091756254	0.168382008161	0.133335254765	0.18744113305	0.23453766981	0.141721485186	0.131323614211	0.156335115955	0.170512518699	0.0357164713745	0.0357958694633	0.16923495398	0.136607065234	0.167237564326	0.171363972185	0.00823265446187	0.157554735268
SAMEA3136624.snv.bam	0.184149916248	0.167842531859	0.17918797954	0.133478294559	0.196718847865	0.060230609237	0.210323377855	0.0905095995803	0.175675675676	0.00248138957816	0.123648367361	0.00584689572031	0.129353233831	0.208969607671	0.0446745069674	0.0326272758855	0.167463095238	0.131467345208	0.169168940708	0.162962962963	0.170833411608	0.00251889168766	0.193441938179	0.171689479653	0.168216254409	0.169825905298	0.0	0.167760380014	0.2075	0.166592031969	0.00276369937189	0.21330186908	0.149356824575	0.154592986074	0.158562797987	0.004914004914	0.0912698412698	0.189768867319	0.00246305418719	0.160235873504	0.183071553229	0.222036016046	0.184895833333	0.163889873567	0.127103589505	0.00502083110779	0.15169199472	0.151290114682	0.115844470844	0.120485875146	0.151210707495	0.00692516295964	0.171114165322	0.166683103222
SAMEA3136626.snv.bam	0.204349126585	0.190633768054	0.174761601069	0.140433181777	0.159929579919	0.16016459195	0.183783807052	0.0777792945188	0.130299227799	0.163337468983	0.146114418452	0.164101868596	0.139578891258	0.223983647685	0.166094859212	0.138992922823	0.0441208333333	0.159902459712	0.0939263971196	0.0844708994709	0.0936266225129	0.169044620367	0.16865676095	0.00291747459716	0.181823919899	0.121409240731	0.167760380014	0.0	0.210526785714	0.101129498723	0.167190281021	0.144339705007	0.116999619663	0.194867332547	0.034443881207	0.167348192348	0.15499196303	0.188260433864	0.165297325827	0.179062521482	0.204821116928	0.230678770932	0.159402901786	0.176335223916	0.11169117523	0.167455018542	0.120688825081	0.120361399662	0.148717452376	0.1505505943	0.200103673494	0.169143671053	0.125571914005	0.174659293698
SAMEA3136628.snv.bam	0.175871598639	0.158296398728	0.195833333333	0.208973702354	0.142702442104	0.200542243572	0.163710764613	0.20751113201	0.181318681319	0.205829435049	0.167018744177	0.212620883829	0.169191919192	0.179677382349	0.192038229932	0.213530771882	0.175483369227	0.20401132029	0.204541811399	0.197994987469	0.203793439791	0.209718670077	0.191306191688	0.214692012968	0.155937687853	0.161304441377	0.2075	0.210526785714	0.0	0.181849318432	0.207020926134	0.176316470122	0.180219625161	0.168004694762	0.200701318087	0.206982543641	0.152777777778	0.105295136991	0.205	0.148479631158	0.218262411348	0.264600036462	0.137566137566	0.148734556795	0.203792106595	0.207090968232	0.181997671056	0.181665346504	0.20305401669	0.198086893957	0.152018334454	0.208279040404	0.161996513426	0.153662526709
SAMEA3136637.snv.bam	0.180573975671	0.16750727329	0.152695160259	0.163178719291	0.160743476707	0.136693368346	0.168876919211	0.102672308476	0.168341087016	0.163304237151	0.158736524687	0.16732793046	0.142606488118	0.202706495711	0.146016603693	0.157812976069	0.13047061794	0.178370095912	0.13777998855	0.131947203718	0.135560637227	0.167856154217	0.163132929927	0.102729720604	0.162769889327	0.142479091473	0.166592031969	0.101129498723	0.181849318432	0.0	0.165605273375	0.169211792618	0.145205883801	0.129507377251	0.093503690359	0.166180693619	0.151479157331	0.173384617435	0.164116784445	0.16654444473	0.177763421262	0.21042640718	0.159628746062	0.190411643511	0.1600644157	0.166288047349	0.145694105867	0.145365063532	0.177426223435	0.163402369899	0.16971942645	0.167363359102	0.143367860734	0.185517951153
SAMEA3136643.snv.bam	0.18360961258	0.167265512008	0.172372443683	0.132741705176	0.196215277729	0.059120685533	0.209822507923	0.0896386749049	0.180491462135	0.000541437579443	0.126237390667	0.00163504231097	0.128681669645	0.206039359236	0.0433793760419	0.029568492106	0.166633051686	0.130056892624	0.173779665886	0.167330073088	0.17524182688	0.00185058655164	0.192926338847	0.170648616801	0.166053034886	0.168217889686	0.00276369937189	0.167190281021	0.207020926134	0.165605273375	0.0	0.212841946988	0.148742800812	0.153802393554	0.157971449035	0.00180956369704	0.095916031352	0.188975572463	0.00180956369704	0.15952434702	0.180231013633	0.223042124453	0.184337727226	0.163305891978	0.126426415233	0.00170247438456	0.150262704545	0.150009110666	0.11371853023	0.117290463653	0.150965543009	0.00381802227806	0.169219576717	0.166086786077
SAMEA3136660.snv.bam	0.146440964078	0.165741604429	0.201405856619	0.182431623335	0.173137329875	0.197419049927	0.173094067298	0.174975682188	0.119432187206	0.209197608037	0.143628877013	0.208354908188	0.172934887771	0.170924902297	0.204368827899	0.214326373924	0.148282251409	0.188992513818	0.138204030637	0.136908077192	0.142249765328	0.208035329388	0.169665713959	0.147325527075	0.17321694988	0.13826577076	0.21330186908	0.144339705007	0.176316470122	0.169211792618	0.212841946988	0.0	0.160811384654	0.18012153149	0.149776288346	0.212775197798	0.160874602034	0.159965449978	0.210826621555	0.178900428376	0.208053880832	0.24631410545	0.120874228032	0.182359940301	0.159150689252	0.212882551529	0.153079590905	0.152831503843	0.179308300171	0.158933458453	0.173268595573	0.214073196213	0.141318597677	0.142613947213
SAMEA3136661.snv.bam	0.176122529322	0.126346076607	0.150447430668	0.148234759413	0.184376158774	0.144658077765	0.164720485295	0.127876913331	0.142199626673	0.149758696327	0.143893787294	0.150246846999	0.116217365101	0.204094365916	0.15348292218	0.132626193611	0.145006203688	0.12241680573	0.143633834104	0.135063049596	0.138649275607	0.150221677392	0.165147328673	0.122138356356	0.177477795583	0.0965842743793	0.149356824575	0.116999619663	0.180219625161	0.145205883801	0.148742800812	0.160811384654	0.0	0.173081984483	0.0943287626185	0.148990753926	0.146554641261	0.182903839207	0.146899822118	0.15390100875	0.187897558231	0.236288402853	0.169238052236	0.152610112892	0.123731269561	0.149097318291	0.0665870867442	0.0661442118043	0.138114310048	0.123261326493	0.190315706923	0.150457512039	0.0999077750334	0.163875144704
SAMEA3136662.snv.bam	0.154051568962	0.133941507141	0.164558557961	0.174822449667	0.174303564356	0.142773485023	0.160597070803	0.163554829746	0.164910472377	0.153747155512	0.145693396957	0.153349220462	0.146375330634	0.178672726923	0.142727479522	0.179685659478	0.193411525911	0.173123174097	0.180280858407	0.178561671421	0.17947165251	0.155769518616	0.163202235357	0.197723961247	0.148465718484	0.168216643627	0.154592986074	0.194867332547	0.168004694762	0.129507377251	0.153802393554	0.18012153149	0.173081984483	0.0	0.179786950775	0.15440261865	0.157430320267	0.158784500612	0.152324983806	0.159059271555	0.161155426582	0.172694955774	0.151278123176	0.184075574972	0.165139823856	0.154509183015	0.179316665426	0.178900915961	0.174003764449	0.165127310765	0.142492039872	0.155547627938	0.168628242325	0.180153175126
SAMEA3136670.snv.bam	0.193952834421	0.164894239772	0.170757805576	0.142079770685	0.150157381903	0.148851803868	0.180970942889	0.0850815371761	0.136455814184	0.154082535878	0.144241763669	0.157183289369	0.128496728505	0.227654898114	0.15534795237	0.136214701129	0.0672901838641	0.13962603331	0.0961324302989	0.0942267009942	0.0968169377564	0.159635826082	0.157418787302	0.0319783302844	0.177437278281	0.118070486053	0.158562797987	0.034443881207	0.200701318087	0.093503690359	0.157971449035	0.149776288346	0.0943287626185	0.179786950775	0.0	0.158174163678	0.14991852142	0.178172155473	0.15610579553	0.168788480006	0.202426683245	0.227893334013	0.150909808239	0.167322058588	0.129559959376	0.158280728043	0.11788163591	0.117555013005	0.145737109147	0.140266211113	0.194759892554	0.159942690276	0.120831475146	0.16402291306
SAMEA3136676.snv.bam	0.183688387636	0.167425013123	0.174479166667	0.133109569988	0.196230711766	0.0595751165185	0.209766966803	0.0900649459272	0.180592991914	0.00176803394625	0.126468935498	0.00179172679173	0.129032258065	0.203555466476	0.0430787779897	0.0276084431055	0.166546728417	0.131858834905	0.173912026354	0.167487684729	0.175361051678	0.0	0.192958333333	0.171242371633	0.168216254409	0.170405954334	0.004914004914	0.167348192348	0.206982543641	0.166180693619	0.00180956369704	0.212775197798	0.148990753926	0.15440261865	0.158174163678	0.0	0.0961020695198	0.18929206112	0.0	0.159957118984	0.17771975631	0.222036016046	0.184415584416	0.163484205563	0.126788195982	0.000106564364876	0.15213719408	0.151587754775	0.115844470844	0.11521103466	0.151203182779	0.00199414290323	0.172022382237	0.166256803725
SAMEA3136679.snv.bam	0.15849884859	0.182081187121	0.148312190143	0.173152174155	0.177588491702	0.105488356612	0.13725714492	0.121722937825	0.153631284916	0.0937969390655	0.120481254292	0.100965643002	0.138176638177	0.147244915021	0.105046408893	0.0846526834474	0.182987933269	0.196433779111	0.137005349568	0.124964659316	0.131238804379	0.0960008245723	0.147093356243	0.154614695341	0.132314303258	0.125782127782	0.0912698412698	0.15499196303	0.152777777778	0.151479157331	0.095916031352	0.160874602034	0.146554641261	0.157430320267	0.14991852142	0.0961020695198	0.0	0.136875268402	0.0938079123358	0.145922914835	0.190382317802	0.212832693426	0.133917904079	0.147992530345	0.18511318888	0.0962121410663	0.146887971223	0.146550598703	0.180869673467	0.180686524822	0.138244149717	0.0971368873653	0.127716851041	0.177265635599
SAMEA3136680.snv.bam	0.159126524796	0.164554723638	0.153274099867	0.195993339708	0.149280244874	0.1836771283	0.156076837574	0.184394817998	0.152924303147	0.187950573705	0.139986204729	0.192069101622	0.162020113642	0.183972839404	0.179072915058	0.1964037083	0.154462596398	0.188231611051	0.170686287753	0.163389858491	0.169404406297	0.191593402901	0.174607051889	0.191448282771	0.155845505303	0.162091756254	0.189768867319	0.188260433864	0.105295136991	0.173384617435	0.188975572463	0.159965449978	0.182903839207	0.158784500612	0.178172155473	0.18929206112	0.136875268402	0.0	0.187249975631	0.146884212932	0.214214329871	0.234902719335	0.110353105527	0.147432082045	0.181106840381	0.189182819258	0.184166635116	0.183815652838	0.184978735764	0.175093035571	0.139441541148	0.190553794678	0.162391245667	0.14962038023
SAMEA3136691.snv.bam	0.181637353434	0.165348766273	0.174925404945	0.130708211456	0.194231285676	0.0574528314592	0.207670857961	0.0879409151935	0.178378378378	0.00176803394625	0.12443196407	0.00179626280892	0.126865671642	0.204055602757	0.0414487005158	0.027676780836	0.164713095238	0.129649824306	0.171766343305	0.165432098765	0.173314801186	0.0	0.190935672515	0.169078513595	0.166088930251	0.168382008161	0.00246305418719	0.165297325827	0.205	0.164116784445	0.00180956369704	0.210826621555	0.146899822118	0.152324983806	0.15610579553	0.0	0.0938079123358	0.187249975631	0.0	0.157872645334	0.178184991274	0.222036016046	0.182291666667	0.161408483989	0.124616027316	0.000106826193783	0.150053993082	0.149503203804	0.1134483854	0.115498343974	0.149112550224	0.00199905458526	0.169988039196	0.164119000657
SAMEA3136693.snv.bam	0.18167293977	0.186597619475	0.200328177479	0.175760007432	0.177226331056	0.16522963635	0.180563203062	0.159459544132	0.150810418655	0.157947535621	0.131597690343	0.158438609538	0.140396609846	0.201323739083	0.149901607603	0.168502093865	0.172827105775	0.18157687014	0.164866259425	0.158866251063	0.163624846673	0.161070065999	0.198778397703	0.182803724536	0.141252843353	0.133335254765	0.160235873504	0.179062521482	0.148479631158	0.16654444473	0.15952434702	0.178900428376	0.15390100875	0.159059271555	0.168788480006	0.159957118984	0.145922914835	0.146884212932	0.157872645334	0.0	0.204505592154	0.214859439234	0.153607910286	0.027094145472	0.164784977979	0.160064738442	0.154043872366	0.15371401557	0.17602301968	0.162476204959	0.172828572726	0.161127276008	0.132865336895	0.143821109995
SAMEA3136704.snv.bam	0.201671122995	0.197271941491	0.170197547684	0.213563647237	0.212030802932	0.185669519929	0.206191227181	0.196627440652	0.200957854406	0.181480085438	0.169109506409	0.174598896162	0.129805996473	0.222238373339	0.18835294379	0.197682363804	0.220350810537	0.189753516583	0.1929057472	0.188801399825	0.195273381948	0.179803395889	0.184666666667	0.20851551729	0.202574678492	0.18744113305	0.183071553229	0.204821116928	0.218262411348	0.177763421262	0.180231013633	0.208053880832	0.187897558231	0.161155426582	0.202426683245	0.17771975631	0.190382317802	0.214214329871	0.178184991274	0.204505592154	0.0	0.237812064361	0.182504604052	0.21666038447	0.179651918247	0.177833276573	0.182892252638	0.182544309699	0.196896002548	0.171059673714	0.194263115008	0.178524776561	0.18915639638	0.205117696511
SAMEA3136714.snv.bam	0.239633853368	0.235828929847	0.253428230012	0.206026466715	0.253273251447	0.204998860995	0.172831597003	0.212828546761	0.192604130518	0.223668633811	0.200829497755	0.223596253555	0.215822284443	0.257102965736	0.216155047398	0.217977097624	0.249352103354	0.224806898784	0.200280930523	0.223888584886	0.212706584931	0.228713790965	0.226411882857	0.232106779096	0.225622046975	0.23453766981	0.222036016046	0.230678770932	0.264600036462	0.21042640718	0.223042124453	0.24631410545	0.236288402853	0.172694955774	0.227893334013	0.222036016046	0.212832693426	0.234902719335	0.222036016046	0.214859439234	0.237812064361	0.0	0.217438926986	0.233937201491	0.203742398838	0.222194695831	0.247995762612	0.248169663885	0.225669805669	0.214425400919	0.191175219797	0.223390460328	0.235534546449	0.254201342007
SAMEA3136722.snv.bam	0.145999115827	0.148561623418	0.197832434861	0.177865303301	0.139686781163	0.17412456216	0.147377757488	0.167117224085	0.14367816092	0.182977127859	0.143222634321	0.181526873484	0.142105263158	0.187105139758	0.171643873743	0.204149861803	0.145085663895	0.169682967527	0.133300402529	0.130548302872	0.136471059427	0.181333333333	0.133112290009	0.159110387623	0.153658628558	0.141721485186	0.184895833333	0.159402901786	0.137566137566	0.159628746062	0.184337727226	0.120874228032	0.169238052236	0.151278123176	0.150909808239	0.184415584416	0.133917904079	0.110353105527	0.182291666667	0.153607910286	0.182504604052	0.217438926986	0.0	0.154574918973	0.147589840836	0.184528514963	0.163502023918	0.163192949168	0.163868744128	0.161950796999	0.150756006259	0.185707333754	0.14386602808	0.163060897436
SAMEA3136744.snv.bam	0.188200723327	0.199378076189	0.209905805106	0.175648009398	0.178267157618	0.180172401309	0.188487254957	0.164974825329	0.149734008045	0.161501009381	0.136203662769	0.162231915667	0.142976488841	0.208163983588	0.161022423526	0.167390960966	0.170767662229	0.184615384615	0.163793103581	0.156834873253	0.162384036612	0.164677516576	0.207653920154	0.18133268778	0.145805019745	0.131323614211	0.163889873567	0.176335223916	0.148734556795	0.190411643511	0.163305891978	0.182359940301	0.152610112892	0.184075574972	0.167322058588	0.163484205563	0.147992530345	0.147432082045	0.161408483989	0.027094145472	0.21666038447	0.233937201491	0.154574918973	0.0	0.168799885326	0.163591825021	0.151061101835	0.150731245039	0.179531716007	0.164227273822	0.183434940399	0.165283462058	0.132878201326	0.137090514997
SAMEA3136747.snv.bam	0.167194890999	0.138443091401	0.205660424749	0.115871312819	0.187721843286	0.129463697814	0.191020953221	0.117020860603	0.133978070297	0.127343179687	0.130966133735	0.121916675663	0.12722688796	0.205519464769	0.141726243407	0.146248211652	0.101910532497	0.0543010885615	0.128624799356	0.126217772652	0.132384096494	0.12501954203	0.182615909	0.111198992248	0.184820230722	0.156335115955	0.127103589505	0.11169117523	0.203792106595	0.1600644157	0.126426415233	0.159150689252	0.123731269561	0.165139823856	0.129559959376	0.126788195982	0.18511318888	0.181106840381	0.124616027316	0.164784977979	0.179651918247	0.203742398838	0.147589840836	0.168799885326	0.0	0.126896082486	0.128752261357	0.128421586058	0.0442254927352	0.0445963154103	0.164407238723	0.128500644633	0.158781369168	0.161169962728
SAMEA3136748.snv.bam	0.183797355708	0.167533168001	0.174368252736	0.133229675681	0.19633859827	0.0596846335484	0.209881988657	0.0901715102921	0.180710183992	0.00187565340385	0.126576554956	0.00190152037978	0.129140144568	0.203662030841	0.0431863974473	0.0277157968361	0.166655153008	0.13196918582	0.174024664335	0.167594774042	0.175468671136	0.000109241861481	0.193067028986	0.171355596271	0.16832716834	0.170512518699	0.00502083110779	0.167455018542	0.207090968232	0.166288047349	0.00170247438456	0.212882551529	0.149097318291	0.154509183015	0.158280728043	0.000106564364876	0.0962121410663	0.189182819258	0.000106826193783	0.160064738442	0.177833276573	0.222194695831	0.184528514963	0.163591825021	0.126896082486	0.0	0.152243758444	0.15169431914	0.115961979658	0.115319189538	0.151310008973	0.00210096909702	0.172128946602	0.166368001323
V1.CD32-0.snv.bam	0.157413838055	0.154523201638	0.156616692343	0.150460581296	0.191079156522	0.14930190231	0.16851066876	0.134532014557	0.137415272489	0.151286124337	0.138516450816	0.15180513214	0.126503886088	0.203509059842	0.160209683016	0.131489863314	0.15147991782	0.138205399912	0.130039307237	0.118179965748	0.126677701848	0.148422048202	0.194312172437	0.122111099097	0.177096525056	0.0357164713745	0.15169199472	0.120688825081	0.181997671056	0.145694105867	0.150262704545	0.153079590905	0.0665870867442	0.179316665426	0.11788163591	0.15213719408	0.146887971223	0.184166635116	0.150053993082	0.154043872366	0.182892252638	0.247995762612	0.163502023918	0.151061101835	0.128752261357	0.152243758444	0.0	0.00125718293044	0.136978096506	0.112727538633	0.179493248621	0.152612051332	0.0387894460194	0.168765924169
