	158337416-stool2.snv.bam	158458797-stool1.snv.bam	158479027-stool1.snv.bam	158479027-stool2.snv.bam	158742018-stool1.snv.bam	158802708-stool1.snv.bam	158944319-stool1.snv.bam	158944319-stool2.snv.bam	158944319-stool3.snv.bam	159207311-stool2.snv.bam	159207311-stool3.snv.bam	159227541-stool2.snv.bam	159268001-stool2.snv.bam	160178356-stool1.snv.bam	160178356-stool3.snv.bam	160218816-stool1.snv.bam	160603188-stool2.snv.bam	160603188-stool3.snv.bam	160765029-stool1.snv.bam	161412393-stool2.snv.bam	706846339-stool1.snv.bam	706846339-stool2.snv.bam	763840445-stool2.snv.bam	764083206-stool1.snv.bam	764649650-stool2.snv.bam	765074482-stool1.snv.bam	765640925-stool1.snv.bam	765640925-stool2.snv.bam	765701615-stool1.snv.bam	765701615-stool2.snv.bam	857980665-stool3.snv.bam	CCIS07539127ST-4-0.snv.bam	CCIS11015875ST-4-0.snv.bam	CCIS24254057ST-4-0.snv.bam	CCIS63468405ST-4-0.snv.bam	CCIS87167916ST-4-0.snv.bam	CCMD12232071ST-21-0.snv.bam	CCMD42428553ST-21-0.snv.bam	CCMD87156761ST-21-0.snv.bam	M2.4-V3.metaG.snv.bam	MH0197.snv.bam	MH0200.snv.bam	MH0203.snv.bam	MH0220.snv.bam	MH0244.snv.bam	MH0268.snv.bam	MH0337.snv.bam	MH0399.snv.bam	MH0402.snv.bam	MH0406.snv.bam	MH0424.snv.bam	MH0426.snv.bam	MH0437.snv.bam	MH0442.snv.bam	MH0450.snv.bam	MMRS32573774ST-27-0-0.snv.bam	MMRS43939546ST-27-0-0.snv.bam	MMRS77018926ST-27-0-0.snv.bam	MMRS77487595ST-27-0-0.snv.bam	NG-5636_193.snv.bam	NG-5636_640.snv.bam	O2.UC12-1.snv.bam	T2D-11A.snv.bam	V1.CD50-0.snv.bam	V1.FI02.snv.bam	V1.FI04.snv.bam	V1.FI11.snv.bam	V1.FI12.snv.bam	V1.FI14.snv.bam	V1.FI31.snv.bam	V1.FI36.snv.bam	V1.UC26-4.snv.bam	V1.UC62-0.snv.bam
158337416-stool2.snv.bam	0.0	0.195736434109	0.205426356589	0.207364341085	0.0445736434109	0.18023255814	0.0348837209302	0.0329457364341	0.0348837209302	0.104651162791	0.122093023256	0.232558139535	0.21511627907	0.201550387597	0.18023255814	0.222868217054	0.110465116279	0.12015503876	0.213178294574	0.226744186047	0.21511627907	0.135658914729	0.0348837209302	0.127906976744	0.218992248062	0.176356589147	0.0445736434109	0.0445736434109	0.15503875969	0.205426356589	0.164728682171	0.207364341085	0.174418604651	0.207364341085	0.234496124031	0.160852713178	0.147286821705	0.191860465116	0.205426356589	0.222868217054	0.18992248062	0.15503875969	0.218992248062	0.151162790698	0.0503875968992	0.0581395348837	0.213178294574	0.077519379845	0.139534883721	0.176356589147	0.205426356589	0.0639534883721	0.139534883721	0.135658914729	0.135658914729	0.201550387597	0.228682170543	0.139534883721	0.170542635659	0.153100775194	0.160852713178	0.118217054264	0.139534883721	0.199612403101	0.228682170543	0.0581395348837	0.205426356589	0.220930232558	0.168604651163	0.0639534883721	0.217054263566	0.217054263566	0.217054263566
158458797-stool1.snv.bam	0.195736434109	0.0	0.164728682171	0.170542635659	0.127906976744	0.168604651163	0.182170542636	0.158914728682	0.187984496124	0.125968992248	0.108527131783	0.0717054263566	0.178294573643	0.141472868217	0.133720930233	0.174418604651	0.0891472868217	0.0910852713178	0.178294573643	0.0697674418605	0.0717054263566	0.0910852713178	0.170542635659	0.137596899225	0.0891472868217	0.135658914729	0.184108527132	0.184108527132	0.135658914729	0.108527131783	0.0736434108527	0.149224806202	0.0542635658915	0.149224806202	0.122093023256	0.151162790698	0.102713178295	0.15503875969	0.166666666667	0.12015503876	0.131782945736	0.118217054264	0.093023255814	0.112403100775	0.162790697674	0.170542635659	0.151162790698	0.116279069767	0.0872093023256	0.149224806202	0.151162790698	0.12984496124	0.0891472868217	0.093023255814	0.0968992248062	0.143410852713	0.0600775193798	0.114341085271	0.149224806202	0.141472868217	0.137596899225	0.0891472868217	0.118217054264	0.205426356589	0.0910852713178	0.170542635659	0.149224806202	0.164728682171	0.139534883721	0.158914728682	0.108527131783	0.0755813953488	0.077519379845
158479027-stool1.snv.bam	0.205426356589	0.164728682171	0.0	0.0	0.116279069767	0.18992248062	0.18992248062	0.162790697674	0.191860465116	0.118217054264	0.0910852713178	0.172480620155	0.178294573643	0.178294573643	0.15503875969	0.0174418604651	0.100775193798	0.0755813953488	0.00387596899225	0.18023255814	0.143410852713	0.0794573643411	0.174418604651	0.153100775194	0.156976744186	0.162790697674	0.197674418605	0.197674418605	0.12984496124	0.125968992248	0.110465116279	0.162790697674	0.122093023256	0.18023255814	0.156976744186	0.145348837209	0.124031007752	0.184108527132	0.172480620155	0.153100775194	0.149224806202	0.147286821705	0.151162790698	0.104651162791	0.176356589147	0.172480620155	0.172480620155	0.0988372093023	0.0949612403101	0.12984496124	0.18023255814	0.118217054264	0.0755813953488	0.0872093023256	0.077519379845	0.156976744186	0.174418604651	0.106589147287	0.18023255814	0.149224806202	0.141472868217	0.0872093023256	0.122093023256	0.209302325581	0.153100775194	0.170542635659	0.166666666667	0.182170542636	0.125968992248	0.15503875969	0.15503875969	0.160852713178	0.178294573643
158479027-stool2.snv.bam	0.207364341085	0.170542635659	0.0	0.0	0.125968992248	0.191860465116	0.191860465116	0.166666666667	0.193798449612	0.118217054264	0.104651162791	0.176356589147	0.184108527132	0.184108527132	0.158914728682	0.015503875969	0.114341085271	0.0872093023256	0.00193798449612	0.186046511628	0.151162790698	0.0872093023256	0.178294573643	0.156976744186	0.160852713178	0.172480620155	0.201550387597	0.201550387597	0.141472868217	0.135658914729	0.118217054264	0.170542635659	0.12984496124	0.186046511628	0.160852713178	0.149224806202	0.131782945736	0.18992248062	0.18023255814	0.156976744186	0.156976744186	0.15503875969	0.15503875969	0.112403100775	0.176356589147	0.172480620155	0.178294573643	0.104651162791	0.0968992248062	0.127906976744	0.186046511628	0.118217054264	0.0891472868217	0.100775193798	0.0891472868217	0.164728682171	0.176356589147	0.118217054264	0.186046511628	0.15503875969	0.145348837209	0.0891472868217	0.127906976744	0.217054263566	0.15503875969	0.172480620155	0.172480620155	0.187984496124	0.145348837209	0.158914728682	0.15503875969	0.166666666667	0.182170542636
158742018-stool1.snv.bam	0.0445736434109	0.127906976744	0.116279069767	0.125968992248	0.0	0.135658914729	0.0368217054264	0.0251937984496	0.0387596899225	0.0484496124031	0.0329457364341	0.143410852713	0.158914728682	0.137596899225	0.118217054264	0.151162790698	0.0406976744186	0.0348837209302	0.143410852713	0.131782945736	0.122093023256	0.0562015503876	0.0251937984496	0.0717054263566	0.137596899225	0.124031007752	0.0581395348837	0.0581395348837	0.0891472868217	0.093023255814	0.093023255814	0.12984496124	0.0872093023256	0.133720930233	0.139534883721	0.108527131783	0.0717054263566	0.12015503876	0.114341085271	0.110465116279	0.112403100775	0.046511627907	0.139534883721	0.0600775193798	0.0678294573643	0.0503875968992	0.133720930233	0.031007751938	0.0523255813953	0.106589147287	0.127906976744	0.0368217054264	0.0484496124031	0.0581395348837	0.0542635658915	0.12015503876	0.137596899225	0.062015503876	0.122093023256	0.093023255814	0.114341085271	0.0523255813953	0.0833333333333	0.0658914728682	0.149224806202	0.0484496124031	0.131782945736	0.141472868217	0.0891472868217	0.0445736434109	0.125968992248	0.147286821705	0.145348837209
158802708-stool1.snv.bam	0.18023255814	0.168604651163	0.18992248062	0.191860465116	0.135658914729	0.0	0.162790697674	0.143410852713	0.166666666667	0.110465116279	0.102713178295	0.201550387597	0.205426356589	0.203488372093	0.178294573643	0.201550387597	0.131782945736	0.102713178295	0.199612403101	0.199612403101	0.191860465116	0.114341085271	0.15503875969	0.0406976744186	0.195736434109	0.184108527132	0.158914728682	0.158914728682	0.0523255813953	0.158914728682	0.131782945736	0.186046511628	0.143410852713	0.178294573643	0.191860465116	0.15503875969	0.112403100775	0.168604651163	0.18023255814	0.184108527132	0.162790697674	0.139534883721	0.193798449612	0.118217054264	0.158914728682	0.15503875969	0.174418604651	0.122093023256	0.0968992248062	0.062015503876	0.176356589147	0.100775193798	0.106589147287	0.108527131783	0.0910852713178	0.158914728682	0.191860465116	0.0949612403101	0.147286821705	0.166666666667	0.141472868217	0.0813953488372	0.118217054264	0.209302325581	0.197674418605	0.15503875969	0.170542635659	0.187984496124	0.151162790698	0.151162790698	0.182170542636	0.186046511628	0.195736434109
158944319-stool1.snv.bam	0.0348837209302	0.182170542636	0.18992248062	0.191860465116	0.0368217054264	0.162790697674	0.0	0.0	0.0	0.0852713178295	0.0988372093023	0.209302325581	0.203488372093	0.182170542636	0.160852713178	0.207364341085	0.0872093023256	0.102713178295	0.197674418605	0.203488372093	0.207364341085	0.12015503876	0.0	0.137596899225	0.211240310078	0.164728682171	0.0174418604651	0.0174418604651	0.135658914729	0.18023255814	0.149224806202	0.193798449612	0.15503875969	0.191860465116	0.207364341085	0.147286821705	0.131782945736	0.178294573643	0.18992248062	0.195736434109	0.174418604651	0.133720930233	0.211240310078	0.147286821705	0.0600775193798	0.0406976744186	0.195736434109	0.0600775193798	0.114341085271	0.158914728682	0.18992248062	0.0600775193798	0.122093023256	0.118217054264	0.118217054264	0.174418604651	0.205426356589	0.122093023256	0.166666666667	0.137596899225	0.145348837209	0.100775193798	0.125968992248	0.178294573643	0.21511627907	0.0406976744186	0.187984496124	0.203488372093	0.141472868217	0.0445736434109	0.193798449612	0.209302325581	0.217054263566
158944319-stool2.snv.bam	0.0329457364341	0.158914728682	0.162790697674	0.166666666667	0.0251937984496	0.143410852713	0.0	0.0	0.0	0.077519379845	0.0872093023256	0.184108527132	0.184108527132	0.156976744186	0.137596899225	0.178294573643	0.077519379845	0.0852713178295	0.170542635659	0.176356589147	0.182170542636	0.108527131783	0.0	0.118217054264	0.18992248062	0.143410852713	0.0174418604651	0.0174418604651	0.116279069767	0.160852713178	0.133720930233	0.168604651163	0.137596899225	0.170542635659	0.18023255814	0.131782945736	0.114341085271	0.160852713178	0.166666666667	0.170542635659	0.151162790698	0.116279069767	0.18992248062	0.124031007752	0.0562015503876	0.0387596899225	0.168604651163	0.0523255813953	0.104651162791	0.131782945736	0.166666666667	0.0523255813953	0.104651162791	0.104651162791	0.104651162791	0.156976744186	0.176356589147	0.102713178295	0.143410852713	0.116279069767	0.137596899225	0.093023255814	0.112403100775	0.160852713178	0.18992248062	0.0387596899225	0.162790697674	0.176356589147	0.118217054264	0.0406976744186	0.168604651163	0.186046511628	0.191860465116
158944319-stool3.snv.bam	0.0348837209302	0.187984496124	0.191860465116	0.193798449612	0.0387596899225	0.166666666667	0.0	0.0	0.0	0.0872093023256	0.100775193798	0.21511627907	0.209302325581	0.187984496124	0.166666666667	0.209302325581	0.0910852713178	0.104651162791	0.199612403101	0.209302325581	0.211240310078	0.124031007752	0.0	0.141472868217	0.217054263566	0.170542635659	0.0174418604651	0.0174418604651	0.139534883721	0.186046511628	0.153100775194	0.197674418605	0.158914728682	0.197674418605	0.213178294574	0.151162790698	0.135658914729	0.182170542636	0.195736434109	0.201550387597	0.178294573643	0.137596899225	0.217054263566	0.149224806202	0.062015503876	0.0426356589147	0.199612403101	0.0658914728682	0.122093023256	0.162790697674	0.195736434109	0.062015503876	0.12984496124	0.122093023256	0.124031007752	0.18023255814	0.211240310078	0.125968992248	0.168604651163	0.139534883721	0.151162790698	0.106589147287	0.131782945736	0.182170542636	0.218992248062	0.0426356589147	0.191860465116	0.207364341085	0.147286821705	0.046511627907	0.199612403101	0.21511627907	0.222868217054
159207311-stool2.snv.bam	0.104651162791	0.125968992248	0.118217054264	0.118217054264	0.0484496124031	0.110465116279	0.0852713178295	0.077519379845	0.0872093023256	0.0	0.0077519379845	0.160852713178	0.145348837209	0.131782945736	0.114341085271	0.139534883721	0.0523255813953	0.0348837209302	0.133720930233	0.15503875969	0.12984496124	0.0484496124031	0.077519379845	0.062015503876	0.153100775194	0.108527131783	0.0910852713178	0.0910852713178	0.0523255813953	0.110465116279	0.0910852713178	0.131782945736	0.0910852713178	0.116279069767	0.153100775194	0.108527131783	0.0600775193798	0.116279069767	0.116279069767	0.139534883721	0.100775193798	0.0891472868217	0.151162790698	0.0717054263566	0.0968992248062	0.0813953488372	0.114341085271	0.0406976744186	0.0406976744186	0.114341085271	0.118217054264	0.0406976744186	0.0503875968992	0.0523255813953	0.0329457364341	0.12984496124	0.153100775194	0.0484496124031	0.108527131783	0.0968992248062	0.108527131783	0.0387596899225	0.0678294573643	0.133720930233	0.151162790698	0.0755813953488	0.106589147287	0.122093023256	0.0755813953488	0.0794573643411	0.147286821705	0.143410852713	0.158914728682
159207311-stool3.snv.bam	0.122093023256	0.108527131783	0.0910852713178	0.104651162791	0.0329457364341	0.102713178295	0.0988372093023	0.0872093023256	0.100775193798	0.0077519379845	0.0	0.114341085271	0.127906976744	0.12015503876	0.106589147287	0.125968992248	0.0174418604651	0.0174418604651	0.12015503876	0.0968992248062	0.062015503876	0.015503875969	0.0891472868217	0.0503875968992	0.114341085271	0.104651162791	0.104651162791	0.104651162791	0.046511627907	0.0600775193798	0.0600775193798	0.116279069767	0.0503875968992	0.112403100775	0.122093023256	0.0833333333333	0.0426356589147	0.100775193798	0.104651162791	0.108527131783	0.0872093023256	0.0581395348837	0.116279069767	0.0329457364341	0.0968992248062	0.0755813953488	0.118217054264	0.0193798449612	0.0135658914729	0.0968992248062	0.112403100775	0.0348837209302	0.0193798449612	0.031007751938	0.0135658914729	0.106589147287	0.116279069767	0.0329457364341	0.106589147287	0.0678294573643	0.0852713178295	0.0135658914729	0.0503875968992	0.127906976744	0.118217054264	0.077519379845	0.108527131783	0.125968992248	0.0503875968992	0.0658914728682	0.102713178295	0.112403100775	0.131782945736
159227541-stool2.snv.bam	0.232558139535	0.0717054263566	0.172480620155	0.176356589147	0.143410852713	0.201550387597	0.209302325581	0.184108527132	0.21511627907	0.160852713178	0.114341085271	0.0	0.195736434109	0.205426356589	0.193798449612	0.18023255814	0.114341085271	0.110465116279	0.184108527132	0.015503875969	0.0736434108527	0.106589147287	0.197674418605	0.166666666667	0.0736434108527	0.186046511628	0.21511627907	0.21511627907	0.164728682171	0.108527131783	0.077519379845	0.162790697674	0.0678294573643	0.207364341085	0.118217054264	0.174418604651	0.135658914729	0.186046511628	0.197674418605	0.118217054264	0.184108527132	0.131782945736	0.077519379845	0.0794573643411	0.187984496124	0.187984496124	0.201550387597	0.127906976744	0.108527131783	0.147286821705	0.209302325581	0.147286821705	0.102713178295	0.12984496124	0.127906976744	0.172480620155	0.0116279069767	0.143410852713	0.184108527132	0.164728682171	0.160852713178	0.118217054264	0.141472868217	0.236434108527	0.0736434108527	0.187984496124	0.203488372093	0.218992248062	0.164728682171	0.178294573643	0.0503875968992	0.102713178295	0.062015503876
159268001-stool2.snv.bam	0.21511627907	0.178294573643	0.178294573643	0.184108527132	0.158914728682	0.205426356589	0.203488372093	0.184108527132	0.209302325581	0.145348837209	0.127906976744	0.195736434109	0.0	0.222868217054	0.199612403101	0.187984496124	0.125968992248	0.114341085271	0.191860465116	0.197674418605	0.164728682171	0.0968992248062	0.201550387597	0.176356589147	0.203488372093	0.195736434109	0.201550387597	0.201550387597	0.160852713178	0.158914728682	0.151162790698	0.203488372093	0.12984496124	0.12984496124	0.201550387597	0.182170542636	0.151162790698	0.0639534883721	0.125968992248	0.197674418605	0.141472868217	0.145348837209	0.201550387597	0.125968992248	0.187984496124	0.186046511628	0.162790697674	0.12015503876	0.127906976744	0.187984496124	0.131782945736	0.139534883721	0.116279069767	0.102713178295	0.122093023256	0.170542635659	0.197674418605	0.145348837209	0.156976744186	0.151162790698	0.160852713178	0.106589147287	0.124031007752	0.213178294574	0.207364341085	0.186046511628	0.168604651163	0.176356589147	0.137596899225	0.18023255814	0.182170542636	0.205426356589	0.211240310078
160178356-stool1.snv.bam	0.201550387597	0.141472868217	0.178294573643	0.184108527132	0.137596899225	0.203488372093	0.182170542636	0.156976744186	0.187984496124	0.131782945736	0.12015503876	0.205426356589	0.222868217054	0.0	0.00581395348837	0.197674418605	0.12984496124	0.100775193798	0.193798449612	0.203488372093	0.158914728682	0.110465116279	0.172480620155	0.174418604651	0.166666666667	0.0329457364341	0.199612403101	0.199612403101	0.156976744186	0.151162790698	0.139534883721	0.166666666667	0.12984496124	0.178294573643	0.164728682171	0.153100775194	0.110465116279	0.195736434109	0.178294573643	0.15503875969	0.149224806202	0.172480620155	0.174418604651	0.147286821705	0.191860465116	0.18023255814	0.164728682171	0.133720930233	0.110465116279	0.178294573643	0.176356589147	0.145348837209	0.108527131783	0.104651162791	0.108527131783	0.184108527132	0.187984496124	0.133720930233	0.184108527132	0.166666666667	0.162790697674	0.108527131783	0.112403100775	0.222868217054	0.197674418605	0.18023255814	0.158914728682	0.172480620155	0.149224806202	0.170542635659	0.174418604651	0.164728682171	0.176356589147
160178356-stool3.snv.bam	0.18023255814	0.133720930233	0.15503875969	0.158914728682	0.118217054264	0.178294573643	0.160852713178	0.137596899225	0.166666666667	0.114341085271	0.106589147287	0.193798449612	0.199612403101	0.00581395348837	0.0	0.18023255814	0.102713178295	0.0833333333333	0.176356589147	0.187984496124	0.141472868217	0.0910852713178	0.151162790698	0.143410852713	0.156976744186	0.0348837209302	0.178294573643	0.178294573643	0.135658914729	0.137596899225	0.125968992248	0.160852713178	0.112403100775	0.158914728682	0.15503875969	0.145348837209	0.093023255814	0.176356589147	0.158914728682	0.145348837209	0.133720930233	0.149224806202	0.164728682171	0.114341085271	0.172480620155	0.158914728682	0.153100775194	0.106589147287	0.093023255814	0.158914728682	0.156976744186	0.124031007752	0.0949612403101	0.0988372093023	0.0852713178295	0.172480620155	0.176356589147	0.108527131783	0.162790697674	0.151162790698	0.153100775194	0.0872093023256	0.108527131783	0.195736434109	0.186046511628	0.156976744186	0.149224806202	0.160852713178	0.131782945736	0.147286821705	0.168604651163	0.15503875969	0.166666666667
160218816-stool1.snv.bam	0.222868217054	0.174418604651	0.0174418604651	0.015503875969	0.151162790698	0.201550387597	0.207364341085	0.178294573643	0.209302325581	0.139534883721	0.125968992248	0.18023255814	0.187984496124	0.197674418605	0.18023255814	0.0	0.135658914729	0.104651162791	0.0174418604651	0.187984496124	0.162790697674	0.104651162791	0.193798449612	0.170542635659	0.176356589147	0.184108527132	0.205426356589	0.205426356589	0.166666666667	0.149224806202	0.145348837209	0.182170542636	0.133720930233	0.203488372093	0.168604651163	0.168604651163	0.153100775194	0.193798449612	0.197674418605	0.164728682171	0.174418604651	0.15503875969	0.174418604651	0.116279069767	0.178294573643	0.174418604651	0.191860465116	0.116279069767	0.124031007752	0.143410852713	0.203488372093	0.135658914729	0.110465116279	0.124031007752	0.106589147287	0.174418604651	0.178294573643	0.141472868217	0.184108527132	0.162790697674	0.160852713178	0.116279069767	0.127906976744	0.230620155039	0.174418604651	0.174418604651	0.186046511628	0.201550387597	0.158914728682	0.166666666667	0.162790697674	0.176356589147	0.195736434109
160603188-stool2.snv.bam	0.110465116279	0.0891472868217	0.100775193798	0.114341085271	0.0406976744186	0.131782945736	0.0872093023256	0.077519379845	0.0910852713178	0.0523255813953	0.0174418604651	0.114341085271	0.125968992248	0.12984496124	0.102713178295	0.135658914729	0.0	0.00387596899225	0.133720930233	0.0988372093023	0.0658914728682	0.0193798449612	0.0794573643411	0.077519379845	0.108527131783	0.108527131783	0.0988372093023	0.0988372093023	0.0581395348837	0.0639534883721	0.0639534883721	0.114341085271	0.0387596899225	0.12015503876	0.122093023256	0.0968992248062	0.0581395348837	0.0949612403101	0.12015503876	0.100775193798	0.0910852713178	0.0736434108527	0.116279069767	0.0503875968992	0.102713178295	0.0813953488372	0.125968992248	0.0232558139535	0.0251937984496	0.12015503876	0.122093023256	0.0290697674419	0.031007751938	0.0348837209302	0.0368217054264	0.108527131783	0.112403100775	0.046511627907	0.116279069767	0.0717054263566	0.0852713178295	0.031007751938	0.0717054263566	0.131782945736	0.125968992248	0.0794573643411	0.122093023256	0.135658914729	0.0658914728682	0.0717054263566	0.0968992248062	0.122093023256	0.12984496124
160603188-stool3.snv.bam	0.12015503876	0.0910852713178	0.0755813953488	0.0872093023256	0.0348837209302	0.102713178295	0.102713178295	0.0852713178295	0.104651162791	0.0348837209302	0.0174418604651	0.110465116279	0.114341085271	0.100775193798	0.0833333333333	0.104651162791	0.00387596899225	0.0	0.102713178295	0.093023255814	0.0542635658915	0.0077519379845	0.0891472868217	0.0581395348837	0.100775193798	0.0852713178295	0.114341085271	0.114341085271	0.0445736434109	0.046511627907	0.0484496124031	0.0833333333333	0.0484496124031	0.0968992248062	0.0891472868217	0.0872093023256	0.0387596899225	0.093023255814	0.0813953488372	0.0794573643411	0.0755813953488	0.0581395348837	0.102713178295	0.0387596899225	0.108527131783	0.0697674418605	0.104651162791	0.0232558139535	0.0135658914729	0.0949612403101	0.0968992248062	0.0251937984496	0.0135658914729	0.0251937984496	0.0135658914729	0.093023255814	0.106589147287	0.0290697674419	0.104651162791	0.0523255813953	0.0872093023256	0.0116279069767	0.0406976744186	0.0988372093023	0.108527131783	0.0891472868217	0.0968992248062	0.112403100775	0.0484496124031	0.077519379845	0.0872093023256	0.104651162791	0.118217054264
160765029-stool1.snv.bam	0.213178294574	0.178294573643	0.00387596899225	0.00193798449612	0.143410852713	0.199612403101	0.197674418605	0.170542635659	0.199612403101	0.133720930233	0.12015503876	0.184108527132	0.191860465116	0.193798449612	0.176356589147	0.0174418604651	0.133720930233	0.102713178295	0.0	0.191860465116	0.166666666667	0.102713178295	0.184108527132	0.166666666667	0.168604651163	0.182170542636	0.207364341085	0.207364341085	0.160852713178	0.147286821705	0.131782945736	0.176356589147	0.139534883721	0.191860465116	0.166666666667	0.15503875969	0.147286821705	0.197674418605	0.186046511628	0.162790697674	0.166666666667	0.166666666667	0.162790697674	0.124031007752	0.184108527132	0.18023255814	0.184108527132	0.118217054264	0.114341085271	0.137596899225	0.191860465116	0.135658914729	0.108527131783	0.12015503876	0.100775193798	0.168604651163	0.184108527132	0.137596899225	0.195736434109	0.160852713178	0.151162790698	0.106589147287	0.133720930233	0.22480620155	0.162790697674	0.18023255814	0.178294573643	0.193798449612	0.15503875969	0.172480620155	0.168604651163	0.172480620155	0.187984496124
161412393-stool2.snv.bam	0.226744186047	0.0697674418605	0.18023255814	0.186046511628	0.131782945736	0.199612403101	0.203488372093	0.176356589147	0.209302325581	0.15503875969	0.0968992248062	0.015503875969	0.197674418605	0.203488372093	0.187984496124	0.187984496124	0.0988372093023	0.093023255814	0.191860465116	0.0	0.0794573643411	0.0988372093023	0.193798449612	0.164728682171	0.0852713178295	0.184108527132	0.209302325581	0.209302325581	0.143410852713	0.104651162791	0.0697674418605	0.172480620155	0.0794573643411	0.205426356589	0.127906976744	0.168604651163	0.12984496124	0.187984496124	0.195736434109	0.124031007752	0.184108527132	0.127906976744	0.0891472868217	0.0755813953488	0.205426356589	0.205426356589	0.201550387597	0.133720930233	0.100775193798	0.149224806202	0.207364341085	0.151162790698	0.0949612403101	0.12015503876	0.125968992248	0.166666666667	0.0193798449612	0.135658914729	0.187984496124	0.170542635659	0.15503875969	0.104651162791	0.141472868217	0.226744186047	0.0872093023256	0.205426356589	0.201550387597	0.218992248062	0.156976744186	0.193798449612	0.062015503876	0.100775193798	0.0581395348837
706846339-stool1.snv.bam	0.21511627907	0.0717054263566	0.143410852713	0.151162790698	0.122093023256	0.191860465116	0.207364341085	0.182170542636	0.211240310078	0.12984496124	0.062015503876	0.0736434108527	0.164728682171	0.158914728682	0.141472868217	0.162790697674	0.0658914728682	0.0542635658915	0.166666666667	0.0794573643411	0.0	0.0290697674419	0.191860465116	0.127906976744	0.0872093023256	0.153100775194	0.203488372093	0.203488372093	0.100775193798	0.0910852713178	0.0717054263566	0.141472868217	0.0077519379845	0.168604651163	0.118217054264	0.172480620155	0.0988372093023	0.149224806202	0.164728682171	0.114341085271	0.133720930233	0.104651162791	0.0891472868217	0.0717054263566	0.170542635659	0.166666666667	0.164728682171	0.0968992248062	0.0852713178295	0.147286821705	0.166666666667	0.112403100775	0.0600775193798	0.0813953488372	0.0833333333333	0.160852713178	0.0736434108527	0.0968992248062	0.133720930233	0.139534883721	0.158914728682	0.0639534883721	0.110465116279	0.21511627907	0.0891472868217	0.168604651163	0.166666666667	0.18023255814	0.12984496124	0.147286821705	0.0910852713178	0.124031007752	0.112403100775
706846339-stool2.snv.bam	0.135658914729	0.0910852713178	0.0794573643411	0.0872093023256	0.0562015503876	0.114341085271	0.12015503876	0.108527131783	0.124031007752	0.0484496124031	0.015503875969	0.106589147287	0.0968992248062	0.110465116279	0.0910852713178	0.104651162791	0.0193798449612	0.0077519379845	0.102713178295	0.0988372093023	0.0290697674419	0.0	0.110465116279	0.062015503876	0.100775193798	0.0968992248062	0.122093023256	0.122093023256	0.046511627907	0.0445736434109	0.046511627907	0.100775193798	0.0213178294574	0.0968992248062	0.102713178295	0.0891472868217	0.0445736434109	0.077519379845	0.0891472868217	0.0910852713178	0.0600775193798	0.0581395348837	0.0988372093023	0.031007751938	0.112403100775	0.100775193798	0.100775193798	0.0271317829457	0.00968992248062	0.0949612403101	0.0988372093023	0.0523255813953	0.00581395348837	0.0116279069767	0.00581395348837	0.0833333333333	0.104651162791	0.0271317829457	0.093023255814	0.0542635658915	0.0872093023256	0.00968992248062	0.0348837209302	0.112403100775	0.102713178295	0.093023255814	0.0968992248062	0.110465116279	0.0368217054264	0.0910852713178	0.0833333333333	0.108527131783	0.112403100775
763840445-stool2.snv.bam	0.0348837209302	0.170542635659	0.174418604651	0.178294573643	0.0251937984496	0.15503875969	0.0	0.0	0.0	0.077519379845	0.0891472868217	0.197674418605	0.201550387597	0.172480620155	0.151162790698	0.193798449612	0.0794573643411	0.0891472868217	0.184108527132	0.193798449612	0.191860465116	0.110465116279	0.0	0.131782945736	0.199612403101	0.156976744186	0.0174418604651	0.0174418604651	0.125968992248	0.172480620155	0.139534883721	0.184108527132	0.143410852713	0.184108527132	0.195736434109	0.137596899225	0.122093023256	0.172480620155	0.182170542636	0.184108527132	0.164728682171	0.125968992248	0.199612403101	0.133720930233	0.0600775193798	0.0406976744186	0.186046511628	0.0581395348837	0.108527131783	0.147286821705	0.182170542636	0.0542635658915	0.116279069767	0.104651162791	0.110465116279	0.168604651163	0.193798449612	0.112403100775	0.162790697674	0.131782945736	0.137596899225	0.0988372093023	0.122093023256	0.172480620155	0.203488372093	0.0406976744186	0.178294573643	0.191860465116	0.137596899225	0.0406976744186	0.182170542636	0.197674418605	0.205426356589
764083206-stool1.snv.bam	0.127906976744	0.137596899225	0.153100775194	0.156976744186	0.0717054263566	0.0406976744186	0.137596899225	0.118217054264	0.141472868217	0.062015503876	0.0503875968992	0.166666666667	0.176356589147	0.174418604651	0.143410852713	0.170542635659	0.077519379845	0.0581395348837	0.166666666667	0.164728682171	0.127906976744	0.062015503876	0.131782945736	0.0	0.164728682171	0.153100775194	0.139534883721	0.139534883721	0.0271317829457	0.0872093023256	0.0910852713178	0.156976744186	0.106589147287	0.158914728682	0.164728682171	0.137596899225	0.0910852713178	0.139534883721	0.153100775194	0.151162790698	0.131782945736	0.108527131783	0.166666666667	0.0697674418605	0.125968992248	0.122093023256	0.15503875969	0.0794573643411	0.0639534883721	0.0562015503876	0.156976744186	0.0542635658915	0.0658914728682	0.0736434108527	0.0445736434109	0.147286821705	0.160852713178	0.0678294573643	0.12984496124	0.135658914729	0.124031007752	0.0581395348837	0.0891472868217	0.170542635659	0.164728682171	0.124031007752	0.153100775194	0.168604651163	0.110465116279	0.12015503876	0.147286821705	0.162790697674	0.164728682171
764649650-stool2.snv.bam	0.218992248062	0.0891472868217	0.156976744186	0.160852713178	0.137596899225	0.195736434109	0.211240310078	0.18992248062	0.217054263566	0.153100775194	0.114341085271	0.0736434108527	0.203488372093	0.166666666667	0.156976744186	0.176356589147	0.108527131783	0.100775193798	0.168604651163	0.0852713178295	0.0872093023256	0.100775193798	0.199612403101	0.164728682171	0.0	0.160852713178	0.220930232558	0.220930232558	0.141472868217	0.106589147287	0.0329457364341	0.168604651163	0.0833333333333	0.18023255814	0.0968992248062	0.160852713178	0.106589147287	0.191860465116	0.158914728682	0.0968992248062	0.162790697674	0.124031007752	0.0	0.093023255814	0.187984496124	0.187984496124	0.18023255814	0.125968992248	0.104651162791	0.145348837209	0.184108527132	0.131782945736	0.0910852713178	0.116279069767	0.114341085271	0.166666666667	0.0794573643411	0.124031007752	0.178294573643	0.170542635659	0.143410852713	0.093023255814	0.135658914729	0.191860465116	0.0426356589147	0.187984496124	0.178294573643	0.195736434109	0.151162790698	0.176356589147	0.122093023256	0.0872093023256	0.0678294573643
765074482-stool1.snv.bam	0.176356589147	0.135658914729	0.162790697674	0.172480620155	0.124031007752	0.184108527132	0.164728682171	0.143410852713	0.170542635659	0.108527131783	0.104651162791	0.186046511628	0.195736434109	0.0329457364341	0.0348837209302	0.184108527132	0.108527131783	0.0852713178295	0.182170542636	0.184108527132	0.153100775194	0.0968992248062	0.156976744186	0.153100775194	0.160852713178	0.0	0.184108527132	0.184108527132	0.139534883721	0.141472868217	0.112403100775	0.162790697674	0.114341085271	0.158914728682	0.149224806202	0.143410852713	0.100775193798	0.168604651163	0.166666666667	0.143410852713	0.147286821705	0.137596899225	0.162790697674	0.141472868217	0.160852713178	0.162790697674	0.160852713178	0.110465116279	0.093023255814	0.172480620155	0.160852713178	0.124031007752	0.0988372093023	0.0949612403101	0.0988372093023	0.160852713178	0.172480620155	0.110465116279	0.158914728682	0.147286821705	0.149224806202	0.100775193798	0.106589147287	0.197674418605	0.182170542636	0.164728682171	0.158914728682	0.170542635659	0.131782945736	0.15503875969	0.168604651163	0.151162790698	0.168604651163
765640925-stool1.snv.bam	0.0445736434109	0.184108527132	0.197674418605	0.201550387597	0.0581395348837	0.158914728682	0.0174418604651	0.0174418604651	0.0174418604651	0.0910852713178	0.104651162791	0.21511627907	0.201550387597	0.199612403101	0.178294573643	0.205426356589	0.0988372093023	0.114341085271	0.207364341085	0.209302325581	0.203488372093	0.122093023256	0.0174418604651	0.139534883721	0.220930232558	0.184108527132	0.0	0.0	0.143410852713	0.191860465116	0.156976744186	0.193798449612	0.160852713178	0.205426356589	0.22480620155	0.158914728682	0.143410852713	0.166666666667	0.203488372093	0.213178294574	0.184108527132	0.141472868217	0.220930232558	0.145348837209	0.0562015503876	0.0368217054264	0.207364341085	0.0639534883721	0.135658914729	0.160852713178	0.205426356589	0.062015503876	0.125968992248	0.124031007752	0.122093023256	0.187984496124	0.211240310078	0.12984496124	0.160852713178	0.147286821705	0.153100775194	0.108527131783	0.127906976744	0.197674418605	0.222868217054	0.0368217054264	0.199612403101	0.21511627907	0.147286821705	0.046511627907	0.199612403101	0.211240310078	0.226744186047
765640925-stool2.snv.bam	0.0445736434109	0.184108527132	0.197674418605	0.201550387597	0.0581395348837	0.158914728682	0.0174418604651	0.0174418604651	0.0174418604651	0.0910852713178	0.104651162791	0.21511627907	0.201550387597	0.199612403101	0.178294573643	0.205426356589	0.0988372093023	0.114341085271	0.207364341085	0.209302325581	0.203488372093	0.122093023256	0.0174418604651	0.139534883721	0.220930232558	0.184108527132	0.0	0.0	0.143410852713	0.193798449612	0.156976744186	0.193798449612	0.160852713178	0.205426356589	0.22480620155	0.158914728682	0.143410852713	0.166666666667	0.203488372093	0.213178294574	0.184108527132	0.141472868217	0.220930232558	0.145348837209	0.0562015503876	0.0368217054264	0.207364341085	0.0639534883721	0.135658914729	0.160852713178	0.205426356589	0.062015503876	0.125968992248	0.124031007752	0.122093023256	0.187984496124	0.211240310078	0.12984496124	0.160852713178	0.147286821705	0.153100775194	0.108527131783	0.127906976744	0.197674418605	0.222868217054	0.0368217054264	0.199612403101	0.21511627907	0.147286821705	0.046511627907	0.199612403101	0.211240310078	0.226744186047
765701615-stool1.snv.bam	0.15503875969	0.135658914729	0.12984496124	0.141472868217	0.0891472868217	0.0523255813953	0.135658914729	0.116279069767	0.139534883721	0.0523255813953	0.046511627907	0.164728682171	0.160852713178	0.156976744186	0.135658914729	0.166666666667	0.0581395348837	0.0445736434109	0.160852713178	0.143410852713	0.100775193798	0.046511627907	0.125968992248	0.0271317829457	0.141472868217	0.139534883721	0.143410852713	0.143410852713	0.0	0.0	0.0852713178295	0.143410852713	0.0678294573643	0.145348837209	0.131782945736	0.125968992248	0.0678294573643	0.122093023256	0.131782945736	0.110465116279	0.124031007752	0.100775193798	0.149224806202	0.0562015503876	0.135658914729	0.12015503876	0.147286821705	0.0794573643411	0.0484496124031	0.0658914728682	0.143410852713	0.0639534883721	0.046511627907	0.0562015503876	0.0251937984496	0.133720930233	0.15503875969	0.0445736434109	0.102713178295	0.110465116279	0.12015503876	0.0387596899225	0.0813953488372	0.156976744186	0.151162790698	0.122093023256	0.145348837209	0.160852713178	0.0891472868217	0.125968992248	0.133720930233	0.151162790698	0.160852713178
765701615-stool2.snv.bam	0.205426356589	0.108527131783	0.125968992248	0.135658914729	0.093023255814	0.158914728682	0.18023255814	0.160852713178	0.186046511628	0.110465116279	0.0600775193798	0.108527131783	0.158914728682	0.151162790698	0.137596899225	0.149224806202	0.0639534883721	0.046511627907	0.147286821705	0.104651162791	0.0910852713178	0.0445736434109	0.172480620155	0.0872093023256	0.106589147287	0.141472868217	0.191860465116	0.193798449612	0.0	0.0	0.0600775193798	0.125968992248	0.062015503876	0.153100775194	0.046511627907	0.143410852713	0.0852713178295	0.137596899225	0.124031007752	0.046511627907	0.137596899225	0.0968992248062	0.106589147287	0.0503875968992	0.172480620155	0.156976744186	0.160852713178	0.0833333333333	0.0503875968992	0.118217054264	0.153100775194	0.0910852713178	0.0426356589147	0.0581395348837	0.0484496124031	0.127906976744	0.102713178295	0.0523255813953	0.141472868217	0.125968992248	0.133720930233	0.0484496124031	0.0988372093023	0.168604651163	0.0736434108527	0.153100775194	0.158914728682	0.176356589147	0.102713178295	0.131782945736	0.0872093023256	0.151162790698	0.137596899225
857980665-stool3.snv.bam	0.164728682171	0.0736434108527	0.110465116279	0.118217054264	0.093023255814	0.131782945736	0.149224806202	0.133720930233	0.153100775194	0.0910852713178	0.0600775193798	0.077519379845	0.151162790698	0.139534883721	0.125968992248	0.145348837209	0.0639534883721	0.0484496124031	0.131782945736	0.0697674418605	0.0717054263566	0.046511627907	0.139534883721	0.0910852713178	0.0329457364341	0.112403100775	0.156976744186	0.156976744186	0.0852713178295	0.0600775193798	0.0	0.131782945736	0.0581395348837	0.12984496124	0.0833333333333	0.118217054264	0.0484496124031	0.133720930233	0.106589147287	0.0697674418605	0.108527131783	0.093023255814	0.0348837209302	0.0639534883721	0.139534883721	0.12984496124	0.131782945736	0.0658914728682	0.0484496124031	0.104651162791	0.127906976744	0.0852713178295	0.0348837209302	0.0562015503876	0.046511627907	0.114341085271	0.0755813953488	0.0697674418605	0.133720930233	0.110465116279	0.108527131783	0.0503875968992	0.077519379845	0.151162790698	0.0503875968992	0.131782945736	0.127906976744	0.143410852713	0.0852713178295	0.122093023256	0.0949612403101	0.0852713178295	0.0736434108527
CCIS07539127ST-4-0.snv.bam	0.207364341085	0.149224806202	0.162790697674	0.170542635659	0.12984496124	0.186046511628	0.193798449612	0.168604651163	0.197674418605	0.131782945736	0.116279069767	0.162790697674	0.203488372093	0.166666666667	0.160852713178	0.182170542636	0.114341085271	0.0833333333333	0.176356589147	0.172480620155	0.141472868217	0.100775193798	0.184108527132	0.156976744186	0.168604651163	0.162790697674	0.193798449612	0.193798449612	0.143410852713	0.125968992248	0.131782945736	0.0	0.116279069767	0.184108527132	0.151162790698	0.162790697674	0.124031007752	0.176356589147	0.18023255814	0.149224806202	0.147286821705	0.156976744186	0.164728682171	0.124031007752	0.174418604651	0.176356589147	0.156976744186	0.12015503876	0.106589147287	0.151162790698	0.182170542636	0.127906976744	0.108527131783	0.104651162791	0.0988372093023	0.160852713178	0.158914728682	0.122093023256	0.174418604651	0.141472868217	0.15503875969	0.100775193798	0.114341085271	0.217054263566	0.153100775194	0.176356589147	0.149224806202	0.164728682171	0.147286821705	0.170542635659	0.135658914729	0.174418604651	0.195736434109
CCIS11015875ST-4-0.snv.bam	0.174418604651	0.0542635658915	0.122093023256	0.12984496124	0.0872093023256	0.143410852713	0.15503875969	0.137596899225	0.158914728682	0.0910852713178	0.0503875968992	0.0678294573643	0.12984496124	0.12984496124	0.112403100775	0.133720930233	0.0387596899225	0.0484496124031	0.139534883721	0.0794573643411	0.0077519379845	0.0213178294574	0.143410852713	0.106589147287	0.0833333333333	0.114341085271	0.160852713178	0.160852713178	0.0678294573643	0.062015503876	0.0581395348837	0.116279069767	0.0	0.125968992248	0.0872093023256	0.133720930233	0.0678294573643	0.110465116279	0.125968992248	0.0813953488372	0.102713178295	0.0755813953488	0.0794573643411	0.0562015503876	0.135658914729	0.124031007752	0.127906976744	0.0658914728682	0.0445736434109	0.114341085271	0.124031007752	0.0833333333333	0.0426356589147	0.0503875968992	0.046511627907	0.12015503876	0.0717054263566	0.0736434108527	0.0949612403101	0.0988372093023	0.122093023256	0.0406976744186	0.0658914728682	0.158914728682	0.0813953488372	0.124031007752	0.127906976744	0.141472868217	0.104651162791	0.110465116279	0.0736434108527	0.116279069767	0.104651162791
CCIS24254057ST-4-0.snv.bam	0.207364341085	0.149224806202	0.18023255814	0.186046511628	0.133720930233	0.178294573643	0.191860465116	0.170542635659	0.197674418605	0.116279069767	0.112403100775	0.207364341085	0.12984496124	0.178294573643	0.158914728682	0.203488372093	0.12015503876	0.0968992248062	0.191860465116	0.205426356589	0.168604651163	0.0968992248062	0.184108527132	0.158914728682	0.18023255814	0.158914728682	0.205426356589	0.205426356589	0.145348837209	0.153100775194	0.12984496124	0.184108527132	0.125968992248	0.0	0.187984496124	0.15503875969	0.0833333333333	0.093023255814	0.0445736434109	0.182170542636	0.0387596899225	0.12984496124	0.182170542636	0.145348837209	0.197674418605	0.18992248062	0.0503875968992	0.127906976744	0.0968992248062	0.184108527132	0.00193798449612	0.137596899225	0.116279069767	0.0658914728682	0.0833333333333	0.15503875969	0.199612403101	0.114341085271	0.151162790698	0.153100775194	0.147286821705	0.0717054263566	0.131782945736	0.176356589147	0.184108527132	0.18992248062	0.0562015503876	0.0562015503876	0.122093023256	0.184108527132	0.191860465116	0.186046511628	0.18992248062
