	158499257-stool1.snv.bam	158499257-stool2.snv.bam	158742018-stool1.snv.bam	159207311-stool1.snv.bam	159207311-stool2.snv.bam	763901136-stool2.snv.bam	765701615-stool1.snv.bam	CCIS20795251ST-4-0.snv.bam	CCIS27304052ST-3-0.snv.bam	CCIS71578391ST-4-0.snv.bam	CCIS90443472ST-4-0.snv.bam	CCIS98832363ST-4-0.snv.bam	MH0197.snv.bam	MH0206.snv.bam	MH0217.snv.bam	MH0336.snv.bam	MH0366.snv.bam	MH0407.snv.bam	MH0422.snv.bam	MMRS39582183ST-27-0-0.snv.bam	MMRS88581325ST-27-0-0.snv.bam	MMRS94549160ST-27-0-0.snv.bam	N020A.snv.bam	O2.UC29-1.snv.bam	O2.UC40-1.snv.bam	O2.UC47-1.snv.bam	T2D-15A.snv.bam	T2D-59A.snv.bam	V1.CD34-0.snv.bam
158499257-stool1.snv.bam	0.0	0.0	0.210638297872	0.255319148936	0.255319148936	0.253191489362	0.251063829787	0.187234042553	0.148936170213	0.206382978723	0.189361702128	0.234042553191	0.18085106383	0.212765957447	0.214893617021	0.193617021277	0.242553191489	0.202127659574	0.191489361702	0.2	0.240425531915	0.18085106383	0.242553191489	0.204255319149	0.176595744681	0.242553191489	0.187234042553	0.251063829787	0.191489361702
158499257-stool2.snv.bam	0.0	0.0	0.204255319149	0.246808510638	0.246808510638	0.246808510638	0.242553191489	0.178723404255	0.142553191489	0.197872340426	0.174468085106	0.223404255319	0.170212765957	0.208510638298	0.208510638298	0.187234042553	0.236170212766	0.195744680851	0.18085106383	0.195744680851	0.225531914894	0.178723404255	0.23829787234	0.197872340426	0.172340425532	0.236170212766	0.176595744681	0.242553191489	0.185106382979
158742018-stool1.snv.bam	0.210638297872	0.204255319149	0.0	0.259574468085	0.259574468085	0.193617021277	0.246808510638	0.157446808511	0.13829787234	0.146808510638	0.178723404255	0.204255319149	0.202127659574	0.221276595745	0.189361702128	0.182978723404	0.227659574468	0.176595744681	0.202127659574	0.191489361702	0.255319148936	0.182978723404	0.240425531915	0.195744680851	0.204255319149	0.248936170213	0.21914893617	0.253191489362	0.185106382979
159207311-stool1.snv.bam	0.255319148936	0.246808510638	0.259574468085	0.0	0.0	0.257446808511	0.0808510638298	0.255319148936	0.182978723404	0.253191489362	0.253191489362	0.23829787234	0.272340425532	0.253191489362	0.274468085106	0.28085106383	0.251063829787	0.227659574468	0.270212765957	0.234042553191	0.276595744681	0.23829787234	0.031914893617	0.246808510638	0.248936170213	0.244680851064	0.174468085106	0.00425531914894	0.234042553191
159207311-stool2.snv.bam	0.255319148936	0.246808510638	0.259574468085	0.0	0.0	0.257446808511	0.0808510638298	0.255319148936	0.182978723404	0.253191489362	0.253191489362	0.23829787234	0.272340425532	0.253191489362	0.274468085106	0.28085106383	0.251063829787	0.227659574468	0.270212765957	0.234042553191	0.276595744681	0.23829787234	0.031914893617	0.246808510638	0.248936170213	0.244680851064	0.174468085106	0.00425531914894	0.234042553191
763901136-stool2.snv.bam	0.253191489362	0.246808510638	0.193617021277	0.257446808511	0.257446808511	0.0	0.231914893617	0.225531914894	0.163829787234	0.240425531915	0.236170212766	0.225531914894	0.236170212766	0.251063829787	0.244680851064	0.244680851064	0.255319148936	0.217021276596	0.251063829787	0.208510638298	0.282978723404	0.217021276596	0.240425531915	0.259574468085	0.229787234043	0.214893617021	0.229787234043	0.248936170213	0.225531914894
765701615-stool1.snv.bam	0.251063829787	0.242553191489	0.246808510638	0.0808510638298	0.0808510638298	0.231914893617	0.0	0.246808510638	0.163829787234	0.246808510638	0.257446808511	0.236170212766	0.26170212766	0.251063829787	0.274468085106	0.274468085106	0.248936170213	0.217021276596	0.263829787234	0.225531914894	0.270212765957	0.234042553191	0.0829787234043	0.244680851064	0.242553191489	0.268085106383	0.195744680851	0.0723404255319	0.229787234043
CCIS20795251ST-4-0.snv.bam	0.187234042553	0.178723404255	0.157446808511	0.255319148936	0.255319148936	0.225531914894	0.246808510638	0.0	0.112765957447	0.0276595744681	0.0957446808511	0.148936170213	0.16170212766	0.157446808511	0.0659574468085	0.174468085106	0.191489361702	0.18085106383	0.163829787234	0.18085106383	0.255319148936	0.140425531915	0.234042553191	0.121276595745	0.157446808511	0.204255319149	0.187234042553	0.248936170213	0.123404255319
CCIS27304052ST-3-0.snv.bam	0.148936170213	0.142553191489	0.13829787234	0.182978723404	0.182978723404	0.163829787234	0.163829787234	0.112765957447	0.0	0.121276595745	0.108510638298	0.117021276596	0.125531914894	0.112765957447	0.131914893617	0.140425531915	0.129787234043	0.11914893617	0.129787234043	0.117021276596	0.172340425532	0.0957446808511	0.165957446809	0.123404255319	0.0446808510638	0.153191489362	0.140425531915	0.172340425532	0.0744680851064
CCIS71578391ST-4-0.snv.bam	0.206382978723	0.197872340426	0.146808510638	0.253191489362	0.253191489362	0.240425531915	0.246808510638	0.0276595744681	0.121276595745	0.0	0.11914893617	0.155319148936	0.170212765957	0.168085106383	0.0765957446809	0.168085106383	0.189361702128	0.172340425532	0.170212765957	0.182978723404	0.246808510638	0.168085106383	0.231914893617	0.131914893617	0.176595744681	0.214893617021	0.193617021277	0.246808510638	0.136170212766
CCIS90443472ST-4-0.snv.bam	0.189361702128	0.174468085106	0.178723404255	0.253191489362	0.253191489362	0.236170212766	0.257446808511	0.0957446808511	0.108510638298	0.11914893617	0.0	0.176595744681	0.163829787234	0.176595744681	0.123404255319	0.214893617021	0.193617021277	0.193617021277	0.191489361702	0.176595744681	0.227659574468	0.131914893617	0.236170212766	0.153191489362	0.163829787234	0.217021276596	0.185106382979	0.251063829787	0.131914893617
CCIS98832363ST-4-0.snv.bam	0.234042553191	0.223404255319	0.204255319149	0.23829787234	0.23829787234	0.225531914894	0.236170212766	0.148936170213	0.117021276596	0.155319148936	0.176595744681	0.0	0.185106382979	0.153191489362	0.18085106383	0.212765957447	0.131914893617	0.148936170213	0.187234042553	0.16170212766	0.26170212766	0.163829787234	0.227659574468	0.123404255319	0.151063829787	0.231914893617	0.2	0.229787234043	0.0893617021277
MH0197.snv.bam	0.18085106383	0.170212765957	0.202127659574	0.272340425532	0.272340425532	0.236170212766	0.26170212766	0.16170212766	0.125531914894	0.170212765957	0.163829787234	0.185106382979	0.0	0.178723404255	0.185106382979	0.191489361702	0.210638297872	0.172340425532	0.0872340425532	0.2	0.240425531915	0.187234042553	0.257446808511	0.182978723404	0.153191489362	0.229787234043	0.151063829787	0.265957446809	0.168085106383
MH0206.snv.bam	0.212765957447	0.208510638298	0.221276595745	0.253191489362	0.253191489362	0.251063829787	0.251063829787	0.157446808511	0.112765957447	0.168085106383	0.176595744681	0.153191489362	0.178723404255	0.0	0.153191489362	0.2	0.146808510638	0.191489361702	0.202127659574	0.178723404255	0.246808510638	0.16170212766	0.236170212766	0.0914893617021	0.163829787234	0.223404255319	0.221276595745	0.244680851064	0.117021276596
MH0217.snv.bam	0.214893617021	0.208510638298	0.189361702128	0.274468085106	0.274468085106	0.244680851064	0.274468085106	0.0659574468085	0.131914893617	0.0765957446809	0.123404255319	0.18085106383	0.185106382979	0.153191489362	0.0	0.189361702128	0.208510638298	0.18085106383	0.182978723404	0.2	0.263829787234	0.18085106383	0.251063829787	0.144680851064	0.185106382979	0.234042553191	0.202127659574	0.265957446809	0.140425531915
MH0336.snv.bam	0.193617021277	0.187234042553	0.182978723404	0.28085106383	0.28085106383	0.244680851064	0.274468085106	0.174468085106	0.140425531915	0.168085106383	0.214893617021	0.212765957447	0.191489361702	0.2	0.189361702128	0.0	0.221276595745	0.146808510638	0.202127659574	0.2	0.246808510638	0.174468085106	0.246808510638	0.16170212766	0.193617021277	0.212765957447	0.2	0.276595744681	0.163829787234
MH0366.snv.bam	0.242553191489	0.236170212766	0.227659574468	0.251063829787	0.251063829787	0.255319148936	0.248936170213	0.191489361702	0.129787234043	0.189361702128	0.193617021277	0.131914893617	0.210638297872	0.146808510638	0.208510638298	0.221276595745	0.0	0.18085106383	0.210638297872	0.178723404255	0.270212765957	0.174468085106	0.242553191489	0.148936170213	0.178723404255	0.225531914894	0.229787234043	0.244680851064	0.148936170213
MH0407.snv.bam	0.202127659574	0.195744680851	0.176595744681	0.227659574468	0.227659574468	0.217021276596	0.217021276596	0.18085106383	0.11914893617	0.172340425532	0.193617021277	0.148936170213	0.172340425532	0.191489361702	0.18085106383	0.146808510638	0.18085106383	0.0	0.18085106383	0.13829787234	0.234042553191	0.157446808511	0.2	0.148936170213	0.170212765957	0.23829787234	0.191489361702	0.21914893617	0.144680851064
MH0422.snv.bam	0.191489361702	0.18085106383	0.202127659574	0.270212765957	0.270212765957	0.251063829787	0.263829787234	0.163829787234	0.129787234043	0.170212765957	0.191489361702	0.187234042553	0.0872340425532	0.202127659574	0.182978723404	0.202127659574	0.210638297872	0.18085106383	0.0	0.204255319149	0.26170212766	0.193617021277	0.253191489362	0.193617021277	0.159574468085	0.231914893617	0.159574468085	0.263829787234	0.170212765957
MMRS39582183ST-27-0-0.snv.bam	0.2	0.195744680851	0.191489361702	0.234042553191	0.234042553191	0.208510638298	0.225531914894	0.18085106383	0.117021276596	0.182978723404	0.176595744681	0.16170212766	0.2	0.178723404255	0.2	0.2	0.178723404255	0.13829787234	0.204255319149	0.0	0.21914893617	0.16170212766	0.214893617021	0.18085106383	0.165957446809	0.210638297872	0.204255319149	0.225531914894	0.131914893617
MMRS88581325ST-27-0-0.snv.bam	0.240425531915	0.225531914894	0.255319148936	0.276595744681	0.276595744681	0.282978723404	0.270212765957	0.255319148936	0.172340425532	0.246808510638	0.227659574468	0.26170212766	0.240425531915	0.246808510638	0.263829787234	0.246808510638	0.270212765957	0.234042553191	0.26170212766	0.21914893617	0.0	0.191489361702	0.26170212766	0.253191489362	0.231914893617	0.291489361702	0.244680851064	0.268085106383	0.208510638298
MMRS94549160ST-27-0-0.snv.bam	0.18085106383	0.178723404255	0.182978723404	0.23829787234	0.23829787234	0.217021276596	0.234042553191	0.140425531915	0.0957446808511	0.168085106383	0.131914893617	0.163829787234	0.187234042553	0.16170212766	0.18085106383	0.174468085106	0.174468085106	0.157446808511	0.193617021277	0.16170212766	0.191489361702	0.0	0.223404255319	0.146808510638	0.127659574468	0.231914893617	0.197872340426	0.234042553191	0.127659574468
N020A.snv.bam	0.242553191489	0.23829787234	0.240425531915	0.031914893617	0.031914893617	0.240425531915	0.0829787234043	0.234042553191	0.165957446809	0.231914893617	0.236170212766	0.227659574468	0.257446808511	0.236170212766	0.251063829787	0.246808510638	0.242553191489	0.2	0.253191489362	0.214893617021	0.26170212766	0.223404255319	0.0	0.227659574468	0.231914893617	0.221276595745	0.185106382979	0.0276595744681	0.208510638298
O2.UC29-1.snv.bam	0.204255319149	0.197872340426	0.195744680851	0.246808510638	0.246808510638	0.259574468085	0.244680851064	0.121276595745	0.123404255319	0.131914893617	0.153191489362	0.123404255319	0.182978723404	0.0914893617021	0.144680851064	0.16170212766	0.148936170213	0.148936170213	0.193617021277	0.18085106383	0.253191489362	0.146808510638	0.227659574468	0.0	0.172340425532	0.240425531915	0.214893617021	0.23829787234	0.0957446808511
O2.UC40-1.snv.bam	0.176595744681	0.172340425532	0.204255319149	0.248936170213	0.248936170213	0.229787234043	0.242553191489	0.157446808511	0.0446808510638	0.176595744681	0.163829787234	0.151063829787	0.153191489362	0.163829787234	0.185106382979	0.193617021277	0.178723404255	0.170212765957	0.159574468085	0.165957446809	0.231914893617	0.127659574468	0.231914893617	0.172340425532	0.0	0.217021276596	0.168085106383	0.242553191489	0.0936170212766
O2.UC47-1.snv.bam	0.242553191489	0.236170212766	0.248936170213	0.244680851064	0.244680851064	0.214893617021	0.268085106383	0.204255319149	0.153191489362	0.214893617021	0.217021276596	0.231914893617	0.229787234043	0.223404255319	0.234042553191	0.212765957447	0.225531914894	0.23829787234	0.231914893617	0.210638297872	0.291489361702	0.231914893617	0.221276595745	0.240425531915	0.217021276596	0.0	0.246808510638	0.23829787234	0.202127659574
T2D-15A.snv.bam	0.187234042553	0.176595744681	0.21914893617	0.174468085106	0.174468085106	0.229787234043	0.195744680851	0.187234042553	0.140425531915	0.193617021277	0.185106382979	0.2	0.151063829787	0.221276595745	0.202127659574	0.2	0.229787234043	0.191489361702	0.159574468085	0.204255319149	0.244680851064	0.197872340426	0.185106382979	0.214893617021	0.168085106383	0.246808510638	0.0	0.176595744681	0.185106382979
T2D-59A.snv.bam	0.251063829787	0.242553191489	0.253191489362	0.00425531914894	0.00425531914894	0.248936170213	0.0723404255319	0.248936170213	0.172340425532	0.246808510638	0.251063829787	0.229787234043	0.265957446809	0.244680851064	0.265957446809	0.276595744681	0.244680851064	0.21914893617	0.263829787234	0.225531914894	0.268085106383	0.234042553191	0.0276595744681	0.23829787234	0.242553191489	0.23829787234	0.176595744681	0.0	0.225531914894
V1.CD34-0.snv.bam	0.191489361702	0.185106382979	0.185106382979	0.234042553191	0.234042553191	0.225531914894	0.229787234043	0.123404255319	0.0744680851064	0.136170212766	0.131914893617	0.0893617021277	0.168085106383	0.117021276596	0.140425531915	0.163829787234	0.148936170213	0.144680851064	0.170212765957	0.131914893617	0.208510638298	0.127659574468	0.208510638298	0.0957446808511	0.0936170212766	0.202127659574	0.185106382979	0.225531914894	0.0
