	CCIS11015875ST-4-0.snv.bam	MH0189.snv.bam	MH0276.snv.bam	MH0318.snv.bam	MH0354.snv.bam	MH0357.snv.bam	MH0366.snv.bam	MH0390.snv.bam	MH0399.snv.bam	MH0407.snv.bam	MH0417.snv.bam	MH0428.snv.bam	MH0437.snv.bam	MH0440.snv.bam	MH0442.snv.bam	MH0447.snv.bam	MH0454.snv.bam	MMRS44587603ST-27-0-0.snv.bam	O2.UC29-1.snv.bam	T2D-11A.snv.bam	T2D-15A.snv.bam	V1.CD6-0-PT.snv.bam
CCIS11015875ST-4-0.snv.bam	0.0	0.104761904762	0.151020408163	0.117006802721	0.125170068027	0.127891156463	0.121088435374	0.142857142857	0.144217687075	0.126530612245	0.12925170068	0.102040816327	0.127891156463	0.133333333333	0.152380952381	0.108843537415	0.121088435374	0.118367346939	0.144217687075	0.148299319728	0.121088435374	0.126530612245
MH0189.snv.bam	0.104761904762	0.0	0.14693877551	0.10612244898	0.141496598639	0.117006802721	0.127891156463	0.145578231293	0.163265306122	0.112925170068	0.140136054422	0.12380952381	0.14693877551	0.136054421769	0.156462585034	0.14693877551	0.115646258503	0.118367346939	0.16462585034	0.152380952381	0.144217687075	0.126530612245
MH0276.snv.bam	0.151020408163	0.14693877551	0.0	0.140136054422	0.155102040816	0.149659863946	0.148299319728	0.167346938776	0.175510204082	0.145578231293	0.170068027211	0.121088435374	0.160544217687	0.16462585034	0.189115646259	0.153741496599	0.140136054422	0.140136054422	0.168707482993	0.176870748299	0.157823129252	0.155102040816
MH0318.snv.bam	0.117006802721	0.10612244898	0.140136054422	0.0	0.133333333333	0.0340136054422	0.12380952381	0.148299319728	0.151020408163	0.00408163265306	0.131972789116	0.114285714286	0.125170068027	0.136054421769	0.149659863946	0.126530612245	0.0503401360544	0.0108843537415	0.151020408163	0.148299319728	0.122448979592	0.119727891156
MH0354.snv.bam	0.125170068027	0.141496598639	0.155102040816	0.133333333333	0.0	0.137414965986	0.149659863946	0.163265306122	0.172789115646	0.141496598639	0.159183673469	0.133333333333	0.16462585034	0.167346938776	0.179591836735	0.153741496599	0.134693877551	0.133333333333	0.163265306122	0.159183673469	0.156462585034	0.161904761905
MH0357.snv.bam	0.127891156463	0.117006802721	0.149659863946	0.0340136054422	0.137414965986	0.0	0.134693877551	0.151020408163	0.157823129252	0.0353741496599	0.134693877551	0.130612244898	0.127891156463	0.140136054422	0.157823129252	0.133333333333	0.0571428571429	0.0421768707483	0.157823129252	0.151020408163	0.12380952381	0.138775510204
MH0366.snv.bam	0.121088435374	0.127891156463	0.148299319728	0.12380952381	0.149659863946	0.134693877551	0.0	0.145578231293	0.156462585034	0.134693877551	0.140136054422	0.126530612245	0.145578231293	0.144217687075	0.156462585034	0.137414965986	0.126530612245	0.12380952381	0.156462585034	0.153741496599	0.142857142857	0.137414965986
MH0390.snv.bam	0.142857142857	0.145578231293	0.167346938776	0.148299319728	0.163265306122	0.151020408163	0.145578231293	0.0	0.171428571429	0.156462585034	0.168707482993	0.157823129252	0.160544217687	0.148299319728	0.194557823129	0.167346938776	0.140136054422	0.144217687075	0.16462585034	0.179591836735	0.160544217687	0.153741496599
MH0399.snv.bam	0.144217687075	0.163265306122	0.175510204082	0.151020408163	0.172789115646	0.157823129252	0.156462585034	0.171428571429	0.0	0.159183673469	0.127891156463	0.152380952381	0.156462585034	0.112925170068	0.153741496599	0.14693877551	0.149659863946	0.149659863946	0.141496598639	0.136054421769	0.136054421769	0.16462585034
MH0407.snv.bam	0.126530612245	0.112925170068	0.145578231293	0.00408163265306	0.141496598639	0.0353741496599	0.134693877551	0.156462585034	0.159183673469	0.0	0.138775510204	0.119727891156	0.131972789116	0.142857142857	0.157823129252	0.133333333333	0.0557823129252	0.0122448979592	0.160544217687	0.156462585034	0.131972789116	0.127891156463
MH0417.snv.bam	0.12925170068	0.140136054422	0.170068027211	0.131972789116	0.159183673469	0.134693877551	0.140136054422	0.168707482993	0.127891156463	0.138775510204	0.0	0.140136054422	0.153741496599	0.114285714286	0.0163265306122	0.140136054422	0.136054421769	0.133333333333	0.134693877551	0.100680272109	0.110204081633	0.148299319728
MH0428.snv.bam	0.102040816327	0.12380952381	0.121088435374	0.114285714286	0.133333333333	0.130612244898	0.126530612245	0.157823129252	0.152380952381	0.119727891156	0.140136054422	0.0	0.134693877551	0.136054421769	0.157823129252	0.11156462585	0.112925170068	0.114285714286	0.149659863946	0.140136054422	0.134693877551	0.127891156463
MH0437.snv.bam	0.127891156463	0.14693877551	0.160544217687	0.125170068027	0.16462585034	0.127891156463	0.145578231293	0.160544217687	0.156462585034	0.131972789116	0.153741496599	0.134693877551	0.0	0.142857142857	0.179591836735	0.144217687075	0.119727891156	0.12380952381	0.163265306122	0.159183673469	0.133333333333	0.144217687075
MH0440.snv.bam	0.133333333333	0.136054421769	0.16462585034	0.136054421769	0.167346938776	0.140136054422	0.144217687075	0.148299319728	0.112925170068	0.142857142857	0.114285714286	0.136054421769	0.142857142857	0.0	0.122448979592	0.137414965986	0.127891156463	0.134693877551	0.11156462585	0.117006802721	0.107482993197	0.144217687075
MH0442.snv.bam	0.152380952381	0.156462585034	0.189115646259	0.149659863946	0.179591836735	0.157823129252	0.156462585034	0.194557823129	0.153741496599	0.157823129252	0.0163265306122	0.157823129252	0.179591836735	0.122448979592	0.0	0.167346938776	0.155102040816	0.152380952381	0.151020408163	0.112925170068	0.130612244898	0.171428571429
MH0447.snv.bam	0.108843537415	0.14693877551	0.153741496599	0.126530612245	0.153741496599	0.133333333333	0.137414965986	0.167346938776	0.14693877551	0.133333333333	0.140136054422	0.11156462585	0.144217687075	0.137414965986	0.167346938776	0.0	0.126530612245	0.125170068027	0.152380952381	0.144217687075	0.119727891156	0.145578231293
MH0454.snv.bam	0.121088435374	0.115646258503	0.140136054422	0.0503401360544	0.134693877551	0.0571428571429	0.126530612245	0.140136054422	0.149659863946	0.0557823129252	0.136054421769	0.112925170068	0.119727891156	0.127891156463	0.155102040816	0.126530612245	0.0	0.047619047619	0.142857142857	0.144217687075	0.117006802721	0.130612244898
MMRS44587603ST-27-0-0.snv.bam	0.118367346939	0.118367346939	0.140136054422	0.0108843537415	0.133333333333	0.0421768707483	0.12380952381	0.144217687075	0.149659863946	0.0122448979592	0.133333333333	0.114285714286	0.12380952381	0.134693877551	0.152380952381	0.125170068027	0.047619047619	0.0	0.152380952381	0.14693877551	0.122448979592	0.119727891156
O2.UC29-1.snv.bam	0.144217687075	0.16462585034	0.168707482993	0.151020408163	0.163265306122	0.157823129252	0.156462585034	0.16462585034	0.141496598639	0.160544217687	0.134693877551	0.149659863946	0.163265306122	0.11156462585	0.151020408163	0.152380952381	0.142857142857	0.152380952381	0.0	0.136054421769	0.130612244898	0.165986394558
T2D-11A.snv.bam	0.148299319728	0.152380952381	0.176870748299	0.148299319728	0.159183673469	0.151020408163	0.153741496599	0.179591836735	0.136054421769	0.156462585034	0.100680272109	0.140136054422	0.159183673469	0.117006802721	0.112925170068	0.144217687075	0.144217687075	0.14693877551	0.136054421769	0.0	0.122448979592	0.155102040816
T2D-15A.snv.bam	0.121088435374	0.144217687075	0.157823129252	0.122448979592	0.156462585034	0.12380952381	0.142857142857	0.160544217687	0.136054421769	0.131972789116	0.110204081633	0.134693877551	0.133333333333	0.107482993197	0.130612244898	0.119727891156	0.117006802721	0.122448979592	0.130612244898	0.122448979592	0.0	0.140136054422
V1.CD6-0-PT.snv.bam	0.126530612245	0.126530612245	0.155102040816	0.119727891156	0.161904761905	0.138775510204	0.137414965986	0.153741496599	0.16462585034	0.127891156463	0.148299319728	0.127891156463	0.144217687075	0.144217687075	0.171428571429	0.145578231293	0.130612244898	0.119727891156	0.165986394558	0.155102040816	0.140136054422	0.0
