	BYQ_AAAB.snv.bam	BYQ_AAAF.snv.bam	BYQ_AAAJ.snv.bam	BYQ_AAAQ.snv.bam	BYQ_AAAZ.snv.bam	CCIS24898163ST-4-0.snv.bam	CCMD95433940ST-21-0.snv.bam	DLM023.snv.bam	ED16A.snv.bam	ED9A.snv.bam	MH0161.snv.bam	MH0250.snv.bam	MH0267.snv.bam	MH0268.snv.bam	MH0271.snv.bam	MH0275.snv.bam	MH0323.snv.bam	MH0345.snv.bam	MH0355.snv.bam	MH0397.snv.bam	MH0404.snv.bam	MH0408.snv.bam	MH0422.snv.bam	MH0424.snv.bam	MH0426.snv.bam	MH0438.snv.bam	MH0441.snv.bam	MH0458.snv.bam	MMRS14379078ST-27-0-0.snv.bam	MMRS21365932ST-27-0-0.snv.bam	MMRS77018926ST-27-0-0.snv.bam	N001A.snv.bam	N079A.snv.bam	NLM032.snv.bam	SZEY-30A.snv.bam	T2D-106A.snv.bam	T2D-108A.snv.bam	T2D-163A.snv.bam	T2D-33A.snv.bam	T2D-54A.snv.bam	T2D-81A.snv.bam	V1.FI27.snv.bam
BYQ_AAAB.snv.bam	0.0	0.122285714286	0.118857142857	0.122285714286	0.122285714286	0.104	0.116571428571	0.138285714286	0.115428571429	0.132571428571	0.107428571429	0.088	0.088	0.130285714286	0.116571428571	0.110857142857	0.109714285714	0.126857142857	0.112	0.112	0.116571428571	0.122285714286	0.125714285714	0.109714285714	0.121142857143	0.0788571428571	0.112	0.106285714286	0.115428571429	0.133714285714	0.110857142857	0.125714285714	0.117714285714	0.123428571429	0.147428571429	0.124571428571	0.0811428571429	0.118857142857	0.113142857143	0.124571428571	0.108571428571	0.126857142857
BYQ_AAAF.snv.bam	0.122285714286	0.0	0.138285714286	0.0	0.0	0.114285714286	0.126857142857	0.121142857143	0.0948571428571	0.109714285714	0.108571428571	0.096	0.0994285714286	0.109714285714	0.134857142857	0.123428571429	0.129142857143	0.130285714286	0.115428571429	0.131428571429	0.121142857143	0.115428571429	0.122285714286	0.112	0.12	0.096	0.115428571429	0.129142857143	0.122285714286	0.138285714286	0.0948571428571	0.109714285714	0.106285714286	0.109714285714	0.129142857143	0.110857142857	0.0685714285714	0.107428571429	0.118857142857	0.137142857143	0.100571428571	0.132571428571
BYQ_AAAJ.snv.bam	0.118857142857	0.138285714286	0.0	0.138285714286	0.138285714286	0.12	0.121142857143	0.134857142857	0.117714285714	0.125714285714	0.107428571429	0.104	0.088	0.118857142857	0.123428571429	0.123428571429	0.126857142857	0.124571428571	0.096	0.123428571429	0.110857142857	0.108571428571	0.128	0.0651428571429	0.118857142857	0.0891428571429	0.114285714286	0.104	0.123428571429	0.123428571429	0.107428571429	0.124571428571	0.12	0.12	0.137142857143	0.122285714286	0.088	0.118857142857	0.124571428571	0.132571428571	0.112	0.129142857143
BYQ_AAAQ.snv.bam	0.122285714286	0.0	0.138285714286	0.0	0.0	0.114285714286	0.126857142857	0.121142857143	0.0948571428571	0.109714285714	0.108571428571	0.096	0.0994285714286	0.109714285714	0.134857142857	0.123428571429	0.129142857143	0.130285714286	0.115428571429	0.131428571429	0.121142857143	0.115428571429	0.122285714286	0.112	0.12	0.096	0.115428571429	0.129142857143	0.122285714286	0.138285714286	0.0948571428571	0.109714285714	0.106285714286	0.109714285714	0.129142857143	0.110857142857	0.0685714285714	0.107428571429	0.118857142857	0.137142857143	0.100571428571	0.132571428571
BYQ_AAAZ.snv.bam	0.122285714286	0.0	0.138285714286	0.0	0.0	0.114285714286	0.126857142857	0.121142857143	0.0948571428571	0.109714285714	0.108571428571	0.096	0.0994285714286	0.109714285714	0.134857142857	0.123428571429	0.129142857143	0.130285714286	0.115428571429	0.131428571429	0.121142857143	0.115428571429	0.122285714286	0.112	0.12	0.096	0.115428571429	0.129142857143	0.122285714286	0.138285714286	0.0948571428571	0.109714285714	0.106285714286	0.109714285714	0.129142857143	0.110857142857	0.0685714285714	0.107428571429	0.118857142857	0.137142857143	0.100571428571	0.132571428571
CCIS24898163ST-4-0.snv.bam	0.104	0.114285714286	0.12	0.114285714286	0.114285714286	0.0	0.101714285714	0.114285714286	0.114285714286	0.110857142857	0.100571428571	0.0742857142857	0.0628571428571	0.104	0.0948571428571	0.0845714285714	0.0925714285714	0.109714285714	0.0994285714286	0.096	0.113142857143	0.100571428571	0.115428571429	0.0971428571429	0.105142857143	0.0685714285714	0.105142857143	0.0868571428571	0.112	0.125714285714	0.0948571428571	0.109714285714	0.104	0.109714285714	0.121142857143	0.113142857143	0.0777142857143	0.107428571429	0.114285714286	0.115428571429	0.102857142857	0.122285714286
CCMD95433940ST-21-0.snv.bam	0.116571428571	0.126857142857	0.121142857143	0.126857142857	0.126857142857	0.101714285714	0.0	0.113142857143	0.12	0.12	0.110857142857	0.0982857142857	0.0845714285714	0.123428571429	0.124571428571	0.116571428571	0.123428571429	0.113142857143	0.105142857143	0.129142857143	0.113142857143	0.101714285714	0.104	0.102857142857	0.105142857143	0.0914285714286	0.100571428571	0.105142857143	0.122285714286	0.130285714286	0.100571428571	0.121142857143	0.117714285714	0.121142857143	0.131428571429	0.125714285714	0.0845714285714	0.118857142857	0.125714285714	0.118857142857	0.109714285714	0.106285714286
DLM023.snv.bam	0.138285714286	0.121142857143	0.134857142857	0.121142857143	0.121142857143	0.114285714286	0.113142857143	0.0	0.12	0.101714285714	0.107428571429	0.100571428571	0.0902857142857	0.107428571429	0.136	0.125714285714	0.128	0.122285714286	0.114285714286	0.136	0.129142857143	0.118857142857	0.125714285714	0.108571428571	0.12	0.100571428571	0.116571428571	0.12	0.140571428571	0.141714285714	0.106285714286	0.114285714286	0.108571428571	0.110857142857	0.125714285714	0.110857142857	0.072	0.106285714286	0.118857142857	0.12	0.100571428571	0.140571428571
ED16A.snv.bam	0.115428571429	0.0948571428571	0.117714285714	0.0948571428571	0.0948571428571	0.114285714286	0.12	0.12	0.0	0.0994285714286	0.0994285714286	0.0914285714286	0.0834285714286	0.102857142857	0.126857142857	0.113142857143	0.117714285714	0.110857142857	0.0971428571429	0.12	0.112	0.117714285714	0.112	0.100571428571	0.112	0.0845714285714	0.106285714286	0.110857142857	0.112	0.131428571429	0.0994285714286	0.102857142857	0.0971428571429	0.101714285714	0.118857142857	0.109714285714	0.0628571428571	0.088	0.0948571428571	0.112	0.0891428571429	0.115428571429
ED9A.snv.bam	0.132571428571	0.109714285714	0.125714285714	0.109714285714	0.109714285714	0.110857142857	0.12	0.101714285714	0.0994285714286	0.0	0.100571428571	0.0994285714286	0.0937142857143	0.100571428571	0.134857142857	0.121142857143	0.12	0.126857142857	0.109714285714	0.125714285714	0.128	0.12	0.122285714286	0.0982857142857	0.12	0.0971428571429	0.114285714286	0.117714285714	0.132571428571	0.122285714286	0.101714285714	0.101714285714	0.0948571428571	0.0994285714286	0.118857142857	0.106285714286	0.0662857142857	0.0948571428571	0.105142857143	0.108571428571	0.0822857142857	0.125714285714
MH0161.snv.bam	0.107428571429	0.108571428571	0.107428571429	0.108571428571	0.108571428571	0.100571428571	0.110857142857	0.107428571429	0.0994285714286	0.100571428571	0.0	0.0708571428571	0.0742857142857	0.113142857143	0.114285714286	0.104	0.105142857143	0.102857142857	0.102857142857	0.113142857143	0.105142857143	0.101714285714	0.101714285714	0.0845714285714	0.113142857143	0.0788571428571	0.0582857142857	0.0982857142857	0.101714285714	0.123428571429	0.107428571429	0.102857142857	0.0948571428571	0.100571428571	0.125714285714	0.114285714286	0.0651428571429	0.109714285714	0.105142857143	0.107428571429	0.0971428571429	0.101714285714
MH0250.snv.bam	0.088	0.096	0.104	0.096	0.096	0.0742857142857	0.0982857142857	0.100571428571	0.0914285714286	0.0994285714286	0.0708571428571	0.0	0.0434285714286	0.0982857142857	0.0822857142857	0.0605714285714	0.056	0.0617142857143	0.0811428571429	0.0731428571429	0.0971428571429	0.0914285714286	0.0902857142857	0.0765714285714	0.0788571428571	0.048	0.0822857142857	0.0777142857143	0.0948571428571	0.105142857143	0.0891428571429	0.0845714285714	0.0811428571429	0.0834285714286	0.108571428571	0.0914285714286	0.0422857142857	0.0857142857143	0.0868571428571	0.0948571428571	0.0845714285714	0.0971428571429
MH0267.snv.bam	0.088	0.0994285714286	0.088	0.0994285714286	0.0994285714286	0.0628571428571	0.0845714285714	0.0902857142857	0.0834285714286	0.0937142857143	0.0742857142857	0.0434285714286	0.0	0.0937142857143	0.0537142857143	0.0354285714286	0.0457142857143	0.0708571428571	0.0662857142857	0.0537142857143	0.08	0.0811428571429	0.0891428571429	0.072	0.0754285714286	0.0251428571429	0.072	0.072	0.0902857142857	0.101714285714	0.0868571428571	0.0822857142857	0.08	0.0811428571429	0.100571428571	0.0868571428571	0.0445714285714	0.0868571428571	0.0857142857143	0.0811428571429	0.0754285714286	0.0868571428571
MH0268.snv.bam	0.130285714286	0.109714285714	0.118857142857	0.109714285714	0.109714285714	0.104	0.123428571429	0.107428571429	0.102857142857	0.100571428571	0.113142857143	0.0982857142857	0.0937142857143	0.0	0.136	0.126857142857	0.129142857143	0.12	0.106285714286	0.130285714286	0.132571428571	0.129142857143	0.137142857143	0.105142857143	0.113142857143	0.101714285714	0.123428571429	0.123428571429	0.126857142857	0.133714285714	0.0994285714286	0.101714285714	0.101714285714	0.0994285714286	0.128	0.0994285714286	0.0742857142857	0.0948571428571	0.113142857143	0.118857142857	0.088	0.133714285714
MH0271.snv.bam	0.116571428571	0.134857142857	0.123428571429	0.134857142857	0.134857142857	0.0948571428571	0.124571428571	0.136	0.126857142857	0.134857142857	0.114285714286	0.0822857142857	0.0537142857143	0.136	0.0	0.0662857142857	0.0594285714286	0.108571428571	0.0948571428571	0.04	0.125714285714	0.124571428571	0.128	0.104	0.113142857143	0.0537142857143	0.116571428571	0.108571428571	0.124571428571	0.139428571429	0.113142857143	0.121142857143	0.117714285714	0.122285714286	0.139428571429	0.129142857143	0.0948571428571	0.128	0.136	0.125714285714	0.109714285714	0.131428571429
MH0275.snv.bam	0.110857142857	0.123428571429	0.123428571429	0.123428571429	0.123428571429	0.0845714285714	0.116571428571	0.125714285714	0.113142857143	0.121142857143	0.104	0.0605714285714	0.0354285714286	0.126857142857	0.0662857142857	0.0	0.0548571428571	0.105142857143	0.0982857142857	0.0571428571429	0.108571428571	0.12	0.106285714286	0.0982857142857	0.0971428571429	0.0377142857143	0.110857142857	0.088	0.112	0.137142857143	0.106285714286	0.115428571429	0.109714285714	0.114285714286	0.136	0.121142857143	0.0765714285714	0.113142857143	0.122285714286	0.109714285714	0.0982857142857	0.112
MH0323.snv.bam	0.109714285714	0.129142857143	0.126857142857	0.129142857143	0.129142857143	0.0925714285714	0.123428571429	0.128	0.117714285714	0.12	0.105142857143	0.056	0.0457142857143	0.129142857143	0.0594285714286	0.0548571428571	0.0	0.100571428571	0.0994285714286	0.0182857142857	0.122285714286	0.118857142857	0.126857142857	0.105142857143	0.105142857143	0.0411428571429	0.108571428571	0.106285714286	0.113142857143	0.139428571429	0.105142857143	0.124571428571	0.116571428571	0.123428571429	0.134857142857	0.128	0.0765714285714	0.117714285714	0.115428571429	0.115428571429	0.100571428571	0.134857142857
MH0345.snv.bam	0.126857142857	0.130285714286	0.124571428571	0.130285714286	0.130285714286	0.109714285714	0.113142857143	0.122285714286	0.110857142857	0.126857142857	0.102857142857	0.0617142857143	0.0708571428571	0.12	0.108571428571	0.105142857143	0.100571428571	0.0	0.0971428571429	0.115428571429	0.124571428571	0.122285714286	0.113142857143	0.104	0.105142857143	0.0834285714286	0.104	0.112	0.118857142857	0.130285714286	0.112	0.12	0.115428571429	0.117714285714	0.130285714286	0.12	0.0822857142857	0.116571428571	0.114285714286	0.115428571429	0.112	0.132571428571
MH0355.snv.bam	0.112	0.115428571429	0.096	0.115428571429	0.115428571429	0.0994285714286	0.105142857143	0.114285714286	0.0971428571429	0.109714285714	0.102857142857	0.0811428571429	0.0662857142857	0.106285714286	0.0948571428571	0.0982857142857	0.0994285714286	0.0971428571429	0.0	0.0914285714286	0.101714285714	0.102857142857	0.106285714286	0.0857142857143	0.088	0.0685714285714	0.100571428571	0.0742857142857	0.0971428571429	0.116571428571	0.104	0.107428571429	0.100571428571	0.106285714286	0.118857142857	0.110857142857	0.0617142857143	0.104	0.100571428571	0.106285714286	0.0937142857143	0.109714285714
MH0397.snv.bam	0.112	0.131428571429	0.123428571429	0.131428571429	0.131428571429	0.096	0.129142857143	0.136	0.12	0.125714285714	0.113142857143	0.0731428571429	0.0537142857143	0.130285714286	0.04	0.0571428571429	0.0182857142857	0.115428571429	0.0914285714286	0.0	0.126857142857	0.123428571429	0.132571428571	0.107428571429	0.108571428571	0.0445714285714	0.112	0.112	0.114285714286	0.142857142857	0.108571428571	0.124571428571	0.116571428571	0.123428571429	0.139428571429	0.128	0.0868571428571	0.118857142857	0.123428571429	0.116571428571	0.101714285714	0.134857142857
MH0404.snv.bam	0.116571428571	0.121142857143	0.110857142857	0.121142857143	0.121142857143	0.113142857143	0.113142857143	0.129142857143	0.112	0.128	0.105142857143	0.0971428571429	0.08	0.132571428571	0.125714285714	0.108571428571	0.122285714286	0.124571428571	0.101714285714	0.126857142857	0.0	0.100571428571	0.110857142857	0.105142857143	0.102857142857	0.0902857142857	0.107428571429	0.102857142857	0.107428571429	0.121142857143	0.106285714286	0.115428571429	0.114285714286	0.112	0.134857142857	0.121142857143	0.0811428571429	0.115428571429	0.121142857143	0.126857142857	0.108571428571	0.122285714286
MH0408.snv.bam	0.122285714286	0.115428571429	0.108571428571	0.115428571429	0.115428571429	0.100571428571	0.101714285714	0.118857142857	0.117714285714	0.12	0.101714285714	0.0914285714286	0.0811428571429	0.129142857143	0.124571428571	0.12	0.118857142857	0.122285714286	0.102857142857	0.123428571429	0.100571428571	0.0	0.0617142857143	0.104	0.116571428571	0.0925714285714	0.109714285714	0.110857142857	0.110857142857	0.131428571429	0.113142857143	0.110857142857	0.110857142857	0.110857142857	0.132571428571	0.12	0.0765714285714	0.116571428571	0.115428571429	0.129142857143	0.109714285714	0.0754285714286
MH0422.snv.bam	0.125714285714	0.122285714286	0.128	0.122285714286	0.122285714286	0.115428571429	0.104	0.125714285714	0.112	0.122285714286	0.101714285714	0.0902857142857	0.0891428571429	0.137142857143	0.128	0.106285714286	0.126857142857	0.113142857143	0.106285714286	0.132571428571	0.110857142857	0.0617142857143	0.0	0.108571428571	0.122285714286	0.0982857142857	0.0925714285714	0.100571428571	0.126857142857	0.138285714286	0.113142857143	0.115428571429	0.109714285714	0.114285714286	0.142857142857	0.122285714286	0.0765714285714	0.115428571429	0.12	0.122285714286	0.107428571429	0.0457142857143
MH0424.snv.bam	0.109714285714	0.112	0.0651428571429	0.112	0.112	0.0971428571429	0.102857142857	0.108571428571	0.100571428571	0.0982857142857	0.0845714285714	0.0765714285714	0.072	0.105142857143	0.104	0.0982857142857	0.105142857143	0.104	0.0857142857143	0.107428571429	0.105142857143	0.104	0.108571428571	0.0	0.0994285714286	0.0834285714286	0.0902857142857	0.0811428571429	0.104	0.112	0.096	0.102857142857	0.100571428571	0.101714285714	0.117714285714	0.108571428571	0.0708571428571	0.101714285714	0.106285714286	0.110857142857	0.0914285714286	0.108571428571
MH0426.snv.bam	0.121142857143	0.12	0.118857142857	0.12	0.12	0.105142857143	0.105142857143	0.12	0.112	0.12	0.113142857143	0.0788571428571	0.0754285714286	0.113142857143	0.113142857143	0.0971428571429	0.105142857143	0.105142857143	0.088	0.108571428571	0.102857142857	0.116571428571	0.122285714286	0.0994285714286	0.0	0.0731428571429	0.117714285714	0.109714285714	0.109714285714	0.134857142857	0.106285714286	0.110857142857	0.107428571429	0.113142857143	0.131428571429	0.113142857143	0.0731428571429	0.117714285714	0.113142857143	0.124571428571	0.100571428571	0.125714285714
MH0438.snv.bam	0.0788571428571	0.096	0.0891428571429	0.096	0.096	0.0685714285714	0.0914285714286	0.100571428571	0.0845714285714	0.0971428571429	0.0788571428571	0.048	0.0251428571429	0.101714285714	0.0537142857143	0.0377142857143	0.0411428571429	0.0834285714286	0.0685714285714	0.0445714285714	0.0902857142857	0.0925714285714	0.0982857142857	0.0834285714286	0.0731428571429	0.0	0.088	0.0685714285714	0.0811428571429	0.112	0.0857142857143	0.0925714285714	0.0868571428571	0.0914285714286	0.110857142857	0.0925714285714	0.0468571428571	0.0891428571429	0.0937142857143	0.0868571428571	0.0742857142857	0.101714285714
MH0441.snv.bam	0.112	0.115428571429	0.114285714286	0.115428571429	0.115428571429	0.105142857143	0.100571428571	0.116571428571	0.106285714286	0.114285714286	0.0582857142857	0.0822857142857	0.072	0.123428571429	0.116571428571	0.110857142857	0.108571428571	0.104	0.100571428571	0.112	0.107428571429	0.109714285714	0.0925714285714	0.0902857142857	0.117714285714	0.088	0.0	0.106285714286	0.109714285714	0.131428571429	0.110857142857	0.116571428571	0.109714285714	0.113142857143	0.133714285714	0.122285714286	0.0708571428571	0.116571428571	0.109714285714	0.121142857143	0.108571428571	0.0925714285714
MH0458.snv.bam	0.106285714286	0.129142857143	0.104	0.129142857143	0.129142857143	0.0868571428571	0.105142857143	0.12	0.110857142857	0.117714285714	0.0982857142857	0.0777142857143	0.072	0.123428571429	0.108571428571	0.088	0.106285714286	0.112	0.0742857142857	0.112	0.102857142857	0.110857142857	0.100571428571	0.0811428571429	0.109714285714	0.0685714285714	0.106285714286	0.0	0.117714285714	0.131428571429	0.108571428571	0.110857142857	0.109714285714	0.109714285714	0.136	0.116571428571	0.0788571428571	0.104	0.108571428571	0.109714285714	0.0925714285714	0.101714285714
MMRS14379078ST-27-0-0.snv.bam	0.115428571429	0.122285714286	0.123428571429	0.122285714286	0.122285714286	0.112	0.122285714286	0.140571428571	0.112	0.132571428571	0.101714285714	0.0948571428571	0.0902857142857	0.126857142857	0.124571428571	0.112	0.113142857143	0.118857142857	0.0971428571429	0.114285714286	0.107428571429	0.110857142857	0.126857142857	0.104	0.109714285714	0.0811428571429	0.109714285714	0.117714285714	0.0	0.130285714286	0.115428571429	0.125714285714	0.121142857143	0.129142857143	0.142857142857	0.128	0.0822857142857	0.121142857143	0.123428571429	0.125714285714	0.114285714286	0.132571428571
MMRS21365932ST-27-0-0.snv.bam	0.133714285714	0.138285714286	0.123428571429	0.138285714286	0.138285714286	0.125714285714	0.130285714286	0.141714285714	0.131428571429	0.122285714286	0.123428571429	0.105142857143	0.101714285714	0.133714285714	0.139428571429	0.137142857143	0.139428571429	0.130285714286	0.116571428571	0.142857142857	0.121142857143	0.131428571429	0.138285714286	0.112	0.134857142857	0.112	0.131428571429	0.131428571429	0.130285714286	0.0	0.115428571429	0.128	0.121142857143	0.128	0.142857142857	0.131428571429	0.096	0.130285714286	0.132571428571	0.136	0.128	0.147428571429
MMRS77018926ST-27-0-0.snv.bam	0.110857142857	0.0948571428571	0.107428571429	0.0948571428571	0.0948571428571	0.0948571428571	0.100571428571	0.106285714286	0.0994285714286	0.101714285714	0.107428571429	0.0891428571429	0.0868571428571	0.0994285714286	0.113142857143	0.106285714286	0.105142857143	0.112	0.104	0.108571428571	0.106285714286	0.113142857143	0.113142857143	0.096	0.106285714286	0.0857142857143	0.110857142857	0.108571428571	0.115428571429	0.115428571429	0.0	0.096	0.0971428571429	0.096	0.105142857143	0.0994285714286	0.064	0.096	0.0971428571429	0.118857142857	0.088	0.125714285714
N001A.snv.bam	0.125714285714	0.109714285714	0.124571428571	0.109714285714	0.109714285714	0.109714285714	0.121142857143	0.114285714286	0.102857142857	0.101714285714	0.102857142857	0.0845714285714	0.0822857142857	0.101714285714	0.121142857143	0.115428571429	0.124571428571	0.12	0.107428571429	0.124571428571	0.115428571429	0.110857142857	0.115428571429	0.102857142857	0.110857142857	0.0925714285714	0.116571428571	0.110857142857	0.125714285714	0.128	0.096	0.0	0.0102857142857	0.00457142857143	0.109714285714	0.0297142857143	0.0491428571429	0.105142857143	0.088	0.106285714286	0.0971428571429	0.125714285714
N079A.snv.bam	0.117714285714	0.106285714286	0.12	0.106285714286	0.106285714286	0.104	0.117714285714	0.108571428571	0.0971428571429	0.0948571428571	0.0948571428571	0.0811428571429	0.08	0.101714285714	0.117714285714	0.109714285714	0.116571428571	0.115428571429	0.100571428571	0.116571428571	0.114285714286	0.110857142857	0.109714285714	0.100571428571	0.107428571429	0.0868571428571	0.109714285714	0.109714285714	0.121142857143	0.121142857143	0.0971428571429	0.0102857142857	0.0	0.0125714285714	0.105142857143	0.0354285714286	0.0468571428571	0.105142857143	0.0868571428571	0.100571428571	0.0937142857143	0.12
NLM032.snv.bam	0.123428571429	0.109714285714	0.12	0.109714285714	0.109714285714	0.109714285714	0.121142857143	0.110857142857	0.101714285714	0.0994285714286	0.100571428571	0.0834285714286	0.0811428571429	0.0994285714286	0.122285714286	0.114285714286	0.123428571429	0.117714285714	0.106285714286	0.123428571429	0.112	0.110857142857	0.114285714286	0.101714285714	0.113142857143	0.0914285714286	0.113142857143	0.109714285714	0.129142857143	0.128	0.096	0.00457142857143	0.0125714285714	0.0	0.113142857143	0.0297142857143	0.0514285714286	0.102857142857	0.0891428571429	0.104	0.0948571428571	0.124571428571
SZEY-30A.snv.bam	0.147428571429	0.129142857143	0.137142857143	0.129142857143	0.129142857143	0.121142857143	0.131428571429	0.125714285714	0.118857142857	0.118857142857	0.125714285714	0.108571428571	0.100571428571	0.128	0.139428571429	0.136	0.134857142857	0.130285714286	0.118857142857	0.139428571429	0.134857142857	0.132571428571	0.142857142857	0.117714285714	0.131428571429	0.110857142857	0.133714285714	0.136	0.142857142857	0.142857142857	0.105142857143	0.109714285714	0.105142857143	0.113142857143	0.0	0.109714285714	0.0822857142857	0.105142857143	0.116571428571	0.133714285714	0.107428571429	0.145142857143
T2D-106A.snv.bam	0.124571428571	0.110857142857	0.122285714286	0.110857142857	0.110857142857	0.113142857143	0.125714285714	0.110857142857	0.109714285714	0.106285714286	0.114285714286	0.0914285714286	0.0868571428571	0.0994285714286	0.129142857143	0.121142857143	0.128	0.12	0.110857142857	0.128	0.121142857143	0.12	0.122285714286	0.108571428571	0.113142857143	0.0925714285714	0.122285714286	0.116571428571	0.128	0.131428571429	0.0994285714286	0.0297142857143	0.0354285714286	0.0297142857143	0.109714285714	0.0	0.056	0.0971428571429	0.0937142857143	0.109714285714	0.0994285714286	0.129142857143
T2D-108A.snv.bam	0.0811428571429	0.0685714285714	0.088	0.0685714285714	0.0685714285714	0.0777142857143	0.0845714285714	0.072	0.0628571428571	0.0662857142857	0.0651428571429	0.0422857142857	0.0445714285714	0.0742857142857	0.0948571428571	0.0765714285714	0.0765714285714	0.0822857142857	0.0617142857143	0.0868571428571	0.0811428571429	0.0765714285714	0.0765714285714	0.0708571428571	0.0731428571429	0.0468571428571	0.0708571428571	0.0788571428571	0.0822857142857	0.096	0.064	0.0491428571429	0.0468571428571	0.0514285714286	0.0822857142857	0.056	0.0	0.0685714285714	0.0582857142857	0.0765714285714	0.0674285714286	0.088
T2D-163A.snv.bam	0.118857142857	0.107428571429	0.118857142857	0.107428571429	0.107428571429	0.107428571429	0.118857142857	0.106285714286	0.088	0.0948571428571	0.109714285714	0.0857142857143	0.0868571428571	0.0948571428571	0.128	0.113142857143	0.117714285714	0.116571428571	0.104	0.118857142857	0.115428571429	0.116571428571	0.115428571429	0.101714285714	0.117714285714	0.0891428571429	0.116571428571	0.104	0.121142857143	0.130285714286	0.096	0.105142857143	0.105142857143	0.102857142857	0.105142857143	0.0971428571429	0.0685714285714	0.0	0.102857142857	0.116571428571	0.08	0.121142857143
T2D-33A.snv.bam	0.113142857143	0.118857142857	0.124571428571	0.118857142857	0.118857142857	0.114285714286	0.125714285714	0.118857142857	0.0948571428571	0.105142857143	0.105142857143	0.0868571428571	0.0857142857143	0.113142857143	0.136	0.122285714286	0.115428571429	0.114285714286	0.100571428571	0.123428571429	0.121142857143	0.115428571429	0.12	0.106285714286	0.113142857143	0.0937142857143	0.109714285714	0.108571428571	0.123428571429	0.132571428571	0.0971428571429	0.088	0.0868571428571	0.0891428571429	0.116571428571	0.0937142857143	0.0582857142857	0.102857142857	0.0	0.113142857143	0.0971428571429	0.130285714286
T2D-54A.snv.bam	0.124571428571	0.137142857143	0.132571428571	0.137142857143	0.137142857143	0.115428571429	0.118857142857	0.12	0.112	0.108571428571	0.107428571429	0.0948571428571	0.0811428571429	0.118857142857	0.125714285714	0.109714285714	0.115428571429	0.115428571429	0.106285714286	0.116571428571	0.126857142857	0.129142857143	0.122285714286	0.110857142857	0.124571428571	0.0868571428571	0.121142857143	0.109714285714	0.125714285714	0.136	0.118857142857	0.106285714286	0.100571428571	0.104	0.133714285714	0.109714285714	0.0765714285714	0.116571428571	0.113142857143	0.0	0.108571428571	0.122285714286
T2D-81A.snv.bam	0.108571428571	0.100571428571	0.112	0.100571428571	0.100571428571	0.102857142857	0.109714285714	0.100571428571	0.0891428571429	0.0822857142857	0.0971428571429	0.0845714285714	0.0754285714286	0.088	0.109714285714	0.0982857142857	0.100571428571	0.112	0.0937142857143	0.101714285714	0.108571428571	0.109714285714	0.107428571429	0.0914285714286	0.100571428571	0.0742857142857	0.108571428571	0.0925714285714	0.114285714286	0.128	0.088	0.0971428571429	0.0937142857143	0.0948571428571	0.107428571429	0.0994285714286	0.0674285714286	0.08	0.0971428571429	0.108571428571	0.0	0.114285714286
V1.FI27.snv.bam	0.126857142857	0.132571428571	0.129142857143	0.132571428571	0.132571428571	0.122285714286	0.106285714286	0.140571428571	0.115428571429	0.125714285714	0.101714285714	0.0971428571429	0.0868571428571	0.133714285714	0.131428571429	0.112	0.134857142857	0.132571428571	0.109714285714	0.134857142857	0.122285714286	0.0754285714286	0.0457142857143	0.108571428571	0.125714285714	0.101714285714	0.0925714285714	0.101714285714	0.132571428571	0.147428571429	0.125714285714	0.125714285714	0.12	0.124571428571	0.145142857143	0.129142857143	0.088	0.121142857143	0.130285714286	0.122285714286	0.114285714286	0.0
