	160502038-stool3.snv.bam	763577454-stool2.snv.bam	764224817-stool1.snv.bam	764285508-stool1.snv.bam	BYQ_AAAD.snv.bam	CCIS32452666ST-4-0.snv.bam	CCIS45793747ST-4-0.snv.bam	CCIS78318719ST-4-0.snv.bam	CCIS82146115ST-4-0.snv.bam	CCMD35802077ST-21-0.snv.bam	CCMD46947453ST-21-0.snv.bam	M1.3-V2.metaT.snv.bam	M4.5-V3.metaT.snv.bam	MH0270.snv.bam	MH0368.snv.bam	MMRS42780924ST-27-0-0.snv.bam	MMRS43939546ST-27-0-0.snv.bam	NG-5636_372.snv.bam	NG-5636_472.snv.bam	NG-5636_484.snv.bam	NG-5636_529.snv.bam	O2.UC41-1.snv.bam	O2.UC49-0.snv.bam	O2.UC5-1.snv.bam	SAMEA3136691.snv.bam	SAMEA3136710.snv.bam	V1.CD8-0-PN.snv.bam	V1.FI01.snv.bam	V1.FI06.snv.bam	V1.FI23.snv.bam	V1.FI37.snv.bam	V1.UC32-0.snv.bam	V1.UC43-0.snv.bam	V1.UC47-4.snv.bam	V1.UC59-0.snv.bam	V1.UC63-0.snv.bam	peacemaker-11-0-0.snv.bam	peacemaker-11-2-0.snv.bam	scavenger-11-0-0.snv.bam	scavenger-11-60-0.snv.bam	tigress-11-60-0.snv.bam
160502038-stool3.snv.bam	0.0	0.1849675383	0.157827028979	0.16765366803	0.197530864198	0.183544303797	0.203703703704	0.215788641038	0.182098765432	0.22049689441	0.197530864198	0.185360520802	0.220668220668	0.217364704601	0.168620494364	0.188368055556	0.177138079312	0.16403785489	0.200311793369	0.158870967742	0.19937694704	0.191853038602	0.167065413271	0.210540638354	0.191358024691	0.23452883263	0.218305226901	0.180124223602	0.20982991165	0.224538620319	0.202714730752	0.195880159722	0.199376764425	0.246512626066	0.204036281179	0.194854334052	0.231473354232	0.232534209856	0.227488967402	0.22587962963	0.160377358491
763577454-stool2.snv.bam	0.1849675383	0.0	0.129760070438	0.122124672788	0.16337453804	0.210293775676	0.211356149571	0.184993168843	0.15449996228	0.146425385498	0.137777554254	0.151857486375	0.173162792038	0.187145330925	0.170240687435	0.164846952247	0.132100842627	0.175327016171	0.193034160509	0.168799612271	0.145439355966	0.162140491088	0.16471775434	0.166690504281	0.151155480675	0.203104793948	0.147789967597	0.175152646717	0.137667575988	0.132230255368	0.172036635212	0.180069877342	0.181894832236	0.156633926437	0.144694500757	0.181124960301	0.150179176755	0.148863024706	0.188375933494	0.188013874615	0.170732954836
764224817-stool1.snv.bam	0.157827028979	0.129760070438	0.0	0.145856986151	0.175043598802	0.159330143541	0.166735369893	0.178684409794	0.166735369893	0.190027935451	0.185196908355	0.181461655437	0.171276972789	0.179328238622	0.200166039852	0.139331523739	0.149774710415	0.135814450363	0.169366627634	0.194337605194	0.155383886116	0.173265762578	0.176135738588	0.161478908518	0.160581523739	0.193375729736	0.19947578683	0.180151687973	0.19083674226	0.180949976204	0.174721813002	0.172928296842	0.175921615283	0.233732222534	0.14340827693	0.173201878044	0.187426136364	0.189494921366	0.181236317931	0.18531436477	0.134545156434
764285508-stool1.snv.bam	0.16765366803	0.122124672788	0.145856986151	0.0	0.107029661945	0.121357371734	0.135687989346	0.161646846926	0.0578436779691	0.128241783157	0.120717929466	0.168264935648	0.159556355852	0.165980989344	0.103594435238	0.159733648029	0.137449242364	0.122919842329	0.153096162894	0.16115558888	0.142960085927	0.127453952144	0.16601491719	0.151239647881	0.138682001322	0.179235888199	0.183466310788	0.124457194101	0.164497056819	0.176425031916	0.15785002982	0.13137513371	0.100906880596	0.161992092075	0.161819129271	0.100157463097	0.147354980066	0.148683698374	0.17384818334	0.172044120421	0.11377984281
BYQ_AAAD.snv.bam	0.197530864198	0.16337453804	0.175043598802	0.107029661945	0.0	0.140186915888	0.127272727273	0.143167364666	0.0909090909091	0.149847094801	0.145454545455	0.18100365496	0.161893852616	0.188648074269	0.11327557378	0.163920454545	0.171897121284	0.145510835913	0.188670722763	0.168512658228	0.174311926606	0.115873488214	0.176149072424	0.150346866593	0.145454545455	0.195997239475	0.21736349024	0.146341463415	0.174864136898	0.205128125757	0.168414154653	0.1393411635	0.105013450092	0.166029113128	0.172185135737	0.10062690396	0.145107692308	0.146653574389	0.185143303689	0.189587872186	0.148148148148
CCIS32452666ST-4-0.snv.bam	0.183544303797	0.210293775676	0.159330143541	0.121357371734	0.140186915888	0.0	0.12037037037	0.178650268054	0.132716049383	0.168224299065	0.138888888889	0.164822002895	0.161227661228	0.160760931016	0.142476703514	0.126639660494	0.168870192308	0.15141955836	0.112077566136	0.145967741935	0.14953271028	0.167561540627	0.145460474999	0.139467017441	0.157407407407	0.1870604782	0.212819376051	0.164596273292	0.187678012915	0.205847031534	0.165331553182	0.166593917175	0.116574216654	0.201399844111	0.172290249433	0.11792246391	0.183875	0.186352579309	0.179158358195	0.180787037037	0.132075471698
CCIS45793747ST-4-0.snv.bam	0.203703703704	0.211356149571	0.166735369893	0.135687989346	0.127272727273	0.12037037037	0.0	0.150972286021	0.11377245509	0.169696969697	0.116766467066	0.151290748782	0.158457426499	0.143664561168	0.156145503226	0.167945359281	0.191025641026	0.110091743119	0.163499253369	0.16015625	0.132930513595	0.135502635503	0.179827925848	0.131650955483	0.146706586826	0.159850034083	0.214436411805	0.16265060241	0.172718564666	0.199628087983	0.148252050065	0.125187857121	0.0790256297201	0.174330779723	0.148527472527	0.0842299527928	0.160607902736	0.16290998791	0.151944586455	0.151657706093	0.137195121951
CCIS78318719ST-4-0.snv.bam	0.215788641038	0.184993168843	0.178684409794	0.161646846926	0.143167364666	0.178650268054	0.150972286021	0.0	0.160618588271	0.117108732744	0.160618588271	0.159625713867	0.0791383219955	0.200243793494	0.177252263111	0.196289810136	0.201924568374	0.134711779449	0.145835700761	0.1892336059	0.132962275819	0.167983092177	0.20605007991	0.102446323252	0.134895115603	0.194342291372	0.145424032165	0.194020650331	0.106935403306	0.132699618202	0.116960420532	0.180876236485	0.160507786915	0.159643158339	0.137782982045	0.160892495619	0.126359547076	0.129681957827	0.203568897487	0.197115120558	0.157220921155
CCIS82146115ST-4-0.snv.bam	0.182098765432	0.15449996228	0.166735369893	0.0578436779691	0.0909090909091	0.132716049383	0.11377245509	0.160618588271	0.0	0.148484848485	0.110778443114	0.148261716675	0.165330278732	0.180249927022	0.112417079751	0.155969311377	0.13951048951	0.131498470948	0.171447003881	0.16953125	0.14501510574	0.123490623491	0.186015550598	0.145358120592	0.140718562874	0.193592365372	0.208746511378	0.114457831325	0.160448626016	0.196606939947	0.16033664221	0.128293447184	0.0913713087324	0.152022757415	0.151604395604	0.0902179767449	0.13726443769	0.138885963886	0.18705924657	0.187141577061	0.121951219512
CCMD35802077ST-21-0.snv.bam	0.22049689441	0.146425385498	0.190027935451	0.128241783157	0.149847094801	0.168224299065	0.169696969697	0.117108732744	0.148484848485	0.0	0.106060606061	0.168833990607	0.142252979623	0.157783876738	0.157868661851	0.188162878788	0.153492213308	0.167182662539	0.104570012418	0.20332278481	0.131498470948	0.130794737178	0.200189476464	0.0929909732749	0.145454545455	0.168046928916	0.190701089557	0.158536585366	0.166064965056	0.18336162099	0.116426387069	0.148775125764	0.133138450092	0.155173707136	0.147263017356	0.133960237294	0.0958769230769	0.0978947091409	0.155823428659	0.162382756133	0.163580246914
CCMD46947453ST-21-0.snv.bam	0.197530864198	0.137777554254	0.185196908355	0.120717929466	0.145454545455	0.138888888889	0.116766467066	0.160618588271	0.110778443114	0.106060606061	0.0	0.146416337114	0.158457426499	0.152810902632	0.134293799619	0.164951347305	0.154662004662	0.155963302752	0.148563942408	0.16953125	0.105740181269	0.135502635503	0.17084588992	0.122984855228	0.119760479042	0.187457396046	0.176398373767	0.138554216867	0.151285498755	0.163099661727	0.127104013811	0.140715807432	0.100630567992	0.129285734678	0.114681318681	0.105188036625	0.122066869301	0.123870948871	0.15907934359	0.177464157706	0.137195121951
M1.3-V2.metaT.snv.bam	0.185360520802	0.151857486375	0.181461655437	0.168264935648	0.18100365496	0.164822002895	0.151290748782	0.159625713867	0.148261716675	0.168833990607	0.146416337114	0.0	0.153214944918	0.153340807358	0.183867770444	0.13532937227	0.208971763	0.15080243381	0.164950557102	0.14042047272	0.161735958774	0.179430635407	0.135694274322	0.142606616703	0.156783148719	0.16091776004	0.137586126971	0.142413468154	0.136529112975	0.139215367288	0.14666411664	0.187876858781	0.163399173825	0.14483874891	0.171058143217	0.162605511449	0.166145064014	0.168307598103	0.16387925984	0.15626260281	0.13605920373
M4.5-V3.metaT.snv.bam	0.220668220668	0.173162792038	0.171276972789	0.159556355852	0.161893852616	0.161227661228	0.158457426499	0.0791383219955	0.165330278732	0.142252979623	0.158457426499	0.153214944918	0.0	0.196195181954	0.146122395197	0.1963655021	0.202611751392	0.14827856025	0.141350792656	0.166168857029	0.0802469135802	0.0973568577017	0.152028539556	0.0634108297777	0.0725467735777	0.193718099725	0.0854012700187	0.18031526336	0.104655809083	0.0769752305036	0.0596615961199	0.1078780181	0.151441846015	0.165877369757	0.0755713159968	0.151811851125	0.0872416472416	0.0872517042345	0.192767353138	0.192947129285	0.140740740741
MH0270.snv.bam	0.217364704601	0.187145330925	0.179328238622	0.165980989344	0.188648074269	0.160760931016	0.143664561168	0.200243793494	0.180249927022	0.157783876738	0.152810902632	0.153340807358	0.196195181954	0.0	0.165274914309	0.15614550629	0.20728530124	0.155658310755	0.167319882746	0.141312025679	0.16345223404	0.183955488057	0.155824479336	0.144762268544	0.177201146534	0.042075275433	0.186446170292	0.18749072412	0.173213212951	0.175996532879	0.166748937337	0.181748310305	0.174016162959	0.206558329939	0.169532960912	0.174037835139	0.179084609921	0.181562697361	0.0339200684238	0.0401014566324	0.13391918032
MH0368.snv.bam	0.168620494364	0.170240687435	0.200166039852	0.103594435238	0.11327557378	0.142476703514	0.156145503226	0.177252263111	0.112417079751	0.157868661851	0.134293799619	0.183867770444	0.146122395197	0.165274914309	0.0	0.178971668358	0.168468778012	0.161352496857	0.182342386751	0.0787058457929	0.161140066069	0.116572218723	0.10333225032	0.15403098833	0.134293799619	0.203360091923	0.190534890511	0.128713544884	0.177969225104	0.19319850251	0.148351411863	0.129485774453	0.136124253984	0.166035702284	0.172330822468	0.137559675083	0.152915886429	0.154376900941	0.192112679058	0.197290401374	0.134186681533
MMRS42780924ST-27-0-0.snv.bam	0.188368055556	0.164846952247	0.139331523739	0.159733648029	0.163920454545	0.126639660494	0.167945359281	0.196289810136	0.155969311377	0.188162878788	0.164951347305	0.13532937227	0.1963655021	0.15614550629	0.178971668358	0.0	0.182218822844	0.150133792049	0.151304924679	0.11962890625	0.181552114804	0.183644527395	0.114252826047	0.166890618468	0.170939371257	0.178542518746	0.178810325192	0.159732680723	0.136963196568	0.16063639614	0.190642533448	0.193607888177	0.177887512436	0.188152637295	0.188815934066	0.174365653613	0.203446048632	0.202058958309	0.17338451153	0.172031810036	0.15253429878
MMRS43939546ST-27-0-0.snv.bam	0.177138079312	0.132100842627	0.149774710415	0.137449242364	0.171897121284	0.168870192308	0.191025641026	0.201924568374	0.13951048951	0.153492213308	0.154662004662	0.208971763	0.202611751392	0.20728530124	0.168468778012	0.182218822844	0.0	0.18278161467	0.186119570212	0.195533106134	0.183603857916	0.176780666142	0.212629258904	0.197213249421	0.200116550117	0.220961405744	0.24552924013	0.14950750469	0.19051153298	0.23276868092	0.208287125718	0.186046870005	0.170758642399	0.231278453453	0.187881277601	0.170215956883	0.190887573964	0.194558042967	0.210004530124	0.203511675325	0.160612535613
NG-5636_372.snv.bam	0.16403785489	0.175327016171	0.135814450363	0.122919842329	0.145510835913	0.15141955836	0.110091743119	0.134711779449	0.131498470948	0.167182662539	0.155963302752	0.15080243381	0.14827856025	0.155658310755	0.161352496857	0.150133792049	0.18278161467	0.0	0.157986864869	0.16054313099	0.135802469136	0.156817109271	0.186939430886	0.138589489067	0.137614678899	0.172762103797	0.17871152365	0.156923076923	0.135756276117	0.160731163958	0.151234567901	0.159363107562	0.143409761098	0.191220441514	0.141473214286	0.140787664029	0.170310559006	0.17254302446	0.172290859329	0.164649798313	0.102803738318
NG-5636_472.snv.bam	0.200311793369	0.193034160509	0.169366627634	0.153096162894	0.188670722763	0.112077566136	0.163499253369	0.145835700761	0.171447003881	0.104570012418	0.148563942408	0.164950557102	0.141350792656	0.167319882746	0.182342386751	0.151304924679	0.186119570212	0.157986864869	0.0	0.193172261299	0.145016367511	0.171282178948	0.177396788119	0.123863579194	0.149053969587	0.175514547311	0.18694360522	0.163126109925	0.176160202794	0.185346608817	0.142353714257	0.17549249616	0.154269623382	0.202657958304	0.155007390071	0.154413255962	0.15760225002	0.162421491612	0.177745855047	0.172503470183	0.151304893837
NG-5636_484.snv.bam	0.158870967742	0.168799612271	0.194337605194	0.16115558888	0.168512658228	0.145967741935	0.16015625	0.1892336059	0.16953125	0.20332278481	0.16953125	0.14042047272	0.166168857029	0.141312025679	0.0787058457929	0.11962890625	0.195533106134	0.16054313099	0.193172261299	0.0	0.16167192429	0.157907139882	0.0668099809368	0.158397845369	0.15390625	0.174234330484	0.157040506653	0.169025157233	0.140404654107	0.158759927831	0.152433528616	0.152927620557	0.169404820607	0.171479931935	0.174748168498	0.166821263228	0.187587301587	0.186338191589	0.168361934088	0.165871679761	0.140476190476
NG-5636_529.snv.bam	0.19937694704	0.145439355966	0.155383886116	0.142960085927	0.174311926606	0.14953271028	0.132930513595	0.132962275819	0.14501510574	0.131498470948	0.105740181269	0.161735958774	0.0802469135802	0.16345223404	0.161140066069	0.181552114804	0.183603857916	0.135802469136	0.145016367511	0.16167192429	0.0	0.109461750371	0.160132035359	0.0579251991478	0.0483383685801	0.167526659787	0.123456540801	0.187878787879	0.124826850136	0.109713378145	0.0550958188153	0.110691191201	0.12649315897	0.169854998933	0.0536379769299	0.12728943877	0.0881957186544	0.0886334120425	0.16356287654	0.162911690192	0.134969325153
O2.UC41-1.snv.bam	0.191853038602	0.162140491088	0.173265762578	0.127453952144	0.115873488214	0.167561540627	0.135502635503	0.167983092177	0.123490623491	0.130794737178	0.135502635503	0.179430635407	0.0973568577017	0.183955488057	0.116572218723	0.183644527395	0.176780666142	0.156817109271	0.171282178948	0.157907139882	0.109461750371	0.0	0.147702416983	0.0993197947885	0.114481614482	0.191207937362	0.146173803474	0.136321382545	0.188537795538	0.170025350467	0.0611933521024	0.0358873026081	0.10751294629	0.145103997802	0.109240142573	0.105871416983	0.0892755415316	0.0882959660821	0.176433166865	0.184017282001	0.15327944227
O2.UC49-0.snv.bam	0.167065413271	0.16471775434	0.176135738588	0.16601491719	0.176149072424	0.145460474999	0.179827925848	0.20605007991	0.186015550598	0.200189476464	0.17084588992	0.135694274322	0.152028539556	0.155824479336	0.10333225032	0.114252826047	0.212629258904	0.186939430886	0.177396788119	0.0668099809368	0.160132035359	0.147702416983	0.0	0.154332292091	0.135117347005	0.190716682038	0.138063409976	0.165874609549	0.167746766813	0.142616589191	0.14239865802	0.144015581448	0.18701468268	0.182018112247	0.161027556322	0.185991788598	0.169803921569	0.16592916021	0.183414164344	0.184714842926	0.165028030182
O2.UC5-1.snv.bam	0.210540638354	0.166690504281	0.161478908518	0.151239647881	0.150346866593	0.139467017441	0.131650955483	0.102446323252	0.145358120592	0.0929909732749	0.122984855228	0.142606616703	0.0634108297777	0.144762268544	0.15403098833	0.166890618468	0.197213249421	0.138589489067	0.123863579194	0.158397845369	0.0579251991478	0.0993197947885	0.154332292091	0.0	0.0731406184677	0.148373406494	0.125162907268	0.177047456201	0.127639160626	0.117060032905	0.0362141504329	0.112091046712	0.131472894737	0.148579499034	0.0663409540406	0.133541542109	0.0709777814194	0.0715905708874	0.145383091383	0.14225512556	0.133944203944
SAMEA3136691.snv.bam	0.191358024691	0.151155480675	0.160581523739	0.138682001322	0.145454545455	0.157407407407	0.146706586826	0.134895115603	0.140718562874	0.145454545455	0.119760479042	0.156783148719	0.0725467735777	0.177201146534	0.134293799619	0.170939371257	0.200116550117	0.137614678899	0.149053969587	0.15390625	0.0483383685801	0.114481614482	0.135117347005	0.0731406184677	0.0	0.193592365372	0.104326301695	0.177710843373	0.108340713479	0.0905921088567	0.0666810530859	0.125187857121	0.140754024782	0.153309758702	0.0654505494505	0.141116180338	0.0998176291793	0.0998469248469	0.189484748996	0.187141577061	0.131097560976
SAMEA3136710.snv.bam	0.23452883263	0.203104793948	0.193375729736	0.179235888199	0.195997239475	0.1870604782	0.159850034083	0.194342291372	0.193592365372	0.168046928916	0.187457396046	0.16091776004	0.193718099725	0.042075275433	0.203360091923	0.178542518746	0.220961405744	0.172762103797	0.175514547311	0.174234330484	0.167526659787	0.191207937362	0.190716682038	0.148373406494	0.193592365372	0.0	0.202944716103	0.206495726496	0.186847054064	0.189436557999	0.173939751339	0.185112666645	0.179479161837	0.220722121016	0.168399178809	0.175822053429	0.186763586016	0.1888004218	0.0112490410332	0.00483841684822	0.156597222222
V1.CD8-0-PN.snv.bam	0.218305226901	0.147789967597	0.19947578683	0.183466310788	0.21736349024	0.212819376051	0.214436411805	0.145424032165	0.208746511378	0.190701089557	0.176398373767	0.137586126971	0.0854012700187	0.186446170292	0.190534890511	0.178810325192	0.24552924013	0.17871152365	0.18694360522	0.157040506653	0.123456540801	0.146173803474	0.138063409976	0.125162907268	0.104326301695	0.202944716103	0.0	0.198930276804	0.0778262021379	0.0271290322712	0.0994305667751	0.151817268145	0.208844790265	0.12918520846	0.125508390786	0.208543217023	0.16335566605	0.162447414401	0.200250803509	0.19695731557	0.164666426979
V1.FI01.snv.bam	0.180124223602	0.175152646717	0.180151687973	0.124457194101	0.146341463415	0.164596273292	0.16265060241	0.194020650331	0.114457831325	0.158536585366	0.138554216867	0.142413468154	0.18031526336	0.18749072412	0.128713544884	0.159732680723	0.14950750469	0.156923076923	0.163126109925	0.169025157233	0.187878787879	0.136321382545	0.165874609549	0.177047456201	0.177710843373	0.206495726496	0.198930276804	0.0	0.192303247164	0.21603920098	0.167390360399	0.141867020359	0.135417093259	0.14085673178	0.195886775763	0.132930133231	0.174801223242	0.175806293404	0.20229523858	0.198175116864	0.147239263804
V1.FI06.snv.bam	0.20982991165	0.137667575988	0.19083674226	0.164497056819	0.174864136898	0.187678012915	0.172718564666	0.106935403306	0.160448626016	0.166064965056	0.151285498755	0.136529112975	0.104655809083	0.173213212951	0.177969225104	0.136963196568	0.19051153298	0.135756276117	0.176160202794	0.140404654107	0.124826850136	0.188537795538	0.167746766813	0.127639160626	0.108340713479	0.186847054064	0.0778262021379	0.192303247164	0.0	0.0521195238833	0.140527867385	0.189372280002	0.173280727711	0.130680530128	0.131200319134	0.172654018896	0.16296859423	0.168375214529	0.192827491299	0.176556758179	0.144707037754
V1.FI23.snv.bam	0.224538620319	0.132230255368	0.180949976204	0.176425031916	0.205128125757	0.205847031534	0.199628087983	0.132699618202	0.196606939947	0.18336162099	0.163099661727	0.139215367288	0.0769752305036	0.175996532879	0.19319850251	0.16063639614	0.23276868092	0.160731163958	0.185346608817	0.158759927831	0.109713378145	0.170025350467	0.142616589191	0.117060032905	0.0905921088567	0.189436557999	0.0271290322712	0.21603920098	0.0521195238833	0.0	0.121397475818	0.1733431913	0.200807911775	0.151076476504	0.112304902198	0.199466931025	0.146623466453	0.149115987993	0.185341169063	0.179448814369	0.157159683454
V1.FI37.snv.bam	0.202714730752	0.172036635212	0.174721813002	0.15785002982	0.168414154653	0.165331553182	0.148252050065	0.116960420532	0.16033664221	0.116426387069	0.127104013811	0.14666411664	0.0596615961199	0.166748937337	0.148351411863	0.190642533448	0.208287125718	0.151234567901	0.142353714257	0.152433528616	0.0550958188153	0.0611933521024	0.14239865802	0.0362141504329	0.0666810530859	0.173939751339	0.0994305667751	0.167390360399	0.140527867385	0.121397475818	0.0	0.0728938060732	0.135838953362	0.133707812785	0.0600709849157	0.136568679167	0.0702804557406	0.070494883904	0.17072363558	0.169659014529	0.138681318681
V1.UC32-0.snv.bam	0.195880159722	0.180069877342	0.172928296842	0.13137513371	0.1393411635	0.166593917175	0.125187857121	0.180876236485	0.128293447184	0.148775125764	0.140715807432	0.187876858781	0.1078780181	0.181748310305	0.129485774453	0.193607888177	0.186046870005	0.159363107562	0.17549249616	0.152927620557	0.110691191201	0.0358873026081	0.144015581448	0.112091046712	0.125187857121	0.185112666645	0.151817268145	0.141867020359	0.189372280002	0.1733431913	0.0728938060732	0.0	0.0754111275121	0.159781354542	0.106948785237	0.0728052615711	0.0961214195366	0.0947278668012	0.176814483307	0.178940868732	0.15239902206
V1.UC43-0.snv.bam	0.199376764425	0.181894832236	0.175921615283	0.100906880596	0.105013450092	0.116574216654	0.0790256297201	0.160507786915	0.0913713087324	0.133138450092	0.100630567992	0.163399173825	0.151441846015	0.174016162959	0.136124253984	0.177887512436	0.170758642399	0.143409761098	0.154269623382	0.169404820607	0.12649315897	0.10751294629	0.18701468268	0.131472894737	0.140754024782	0.179479161837	0.208844790265	0.135417093259	0.173280727711	0.200807911775	0.135838953362	0.0754111275121	0.0	0.133974164406	0.135025001454	0.00174919102388	0.124182771252	0.126303984973	0.176259674474	0.171560643061	0.149699069275
V1.UC47-4.snv.bam	0.246512626066	0.156633926437	0.233732222534	0.161992092075	0.166029113128	0.201399844111	0.174330779723	0.159643158339	0.152022757415	0.155173707136	0.129285734678	0.14483874891	0.165877369757	0.206558329939	0.166035702284	0.188152637295	0.231278453453	0.191220441514	0.202657958304	0.171479931935	0.169854998933	0.145103997802	0.182018112247	0.148579499034	0.153309758702	0.220722121016	0.12918520846	0.14085673178	0.130680530128	0.151076476504	0.133707812785	0.159781354542	0.133974164406	0.0	0.176321015686	0.138090010476	0.152958789576	0.154349496279	0.214866027859	0.212284143823	0.184827982376
V1.UC59-0.snv.bam	0.204036281179	0.144694500757	0.14340827693	0.161819129271	0.172185135737	0.172290249433	0.148527472527	0.137782982045	0.151604395604	0.147263017356	0.114681318681	0.171058143217	0.0755713159968	0.169532960912	0.172330822468	0.188815934066	0.187881277601	0.141473214286	0.155007390071	0.174748168498	0.0536379769299	0.109240142573	0.161027556322	0.0663409540406	0.0654505494505	0.168399178809	0.125508390786	0.195886775763	0.131200319134	0.112304902198	0.0600709849157	0.106948785237	0.135025001454	0.176321015686	0.0	0.136218152218	0.0878482142857	0.0880260942761	0.168485285839	0.165412228488	0.135647111509
V1.UC63-0.snv.bam	0.194854334052	0.181124960301	0.173201878044	0.100157463097	0.10062690396	0.11792246391	0.0842299527928	0.160892495619	0.0902179767449	0.133960237294	0.105188036625	0.162605511449	0.151811851125	0.174037835139	0.137559675083	0.174365653613	0.170215956883	0.140787664029	0.154413255962	0.166821263228	0.12728943877	0.105871416983	0.185991788598	0.133541542109	0.141116180338	0.175822053429	0.208543217023	0.132930133231	0.172654018896	0.199466931025	0.136568679167	0.0728052615711	0.00174919102388	0.138090010476	0.136218152218	0.0	0.12534118139	0.127101163212	0.172936151526	0.168274876259	0.146746354368
peacemaker-11-0-0.snv.bam	0.231473354232	0.150179176755	0.187426136364	0.147354980066	0.145107692308	0.183875	0.160607902736	0.126359547076	0.13726443769	0.0958769230769	0.122066869301	0.166145064014	0.0872416472416	0.179084609921	0.152915886429	0.203446048632	0.190887573964	0.170310559006	0.15760225002	0.187587301587	0.0881957186544	0.0892755415316	0.169803921569	0.0709777814194	0.0998176291793	0.186763586016	0.16335566605	0.174801223242	0.16296859423	0.146623466453	0.0702804557406	0.0961214195366	0.124182771252	0.152958789576	0.0878482142857	0.12534118139	0.0	0.00124703040861	0.179686431793	0.178097041847	0.163591331269
peacemaker-11-2-0.snv.bam	0.232534209856	0.148863024706	0.189494921366	0.148683698374	0.146653574389	0.186352579309	0.16290998791	0.129681957827	0.138885963886	0.0978947091409	0.123870948871	0.168307598103	0.0872517042345	0.181562697361	0.154376900941	0.202058958309	0.194558042967	0.17254302446	0.162421491612	0.186338191589	0.0886334120425	0.0882959660821	0.16592916021	0.0715905708874	0.0998469248469	0.1888004218	0.162447414401	0.175806293404	0.168375214529	0.149115987993	0.070494883904	0.0947278668012	0.126303984973	0.154349496279	0.0880260942761	0.127101163212	0.00124703040861	0.0	0.181309000195	0.181514287582	0.168782517177
scavenger-11-0-0.snv.bam	0.227488967402	0.188375933494	0.181236317931	0.17384818334	0.185143303689	0.179158358195	0.151944586455	0.203568897487	0.18705924657	0.155823428659	0.15907934359	0.16387925984	0.192767353138	0.0339200684238	0.192112679058	0.17338451153	0.210004530124	0.172290859329	0.177745855047	0.168361934088	0.16356287654	0.176433166865	0.183414164344	0.145383091383	0.189484748996	0.0112490410332	0.200250803509	0.20229523858	0.192827491299	0.185341169063	0.17072363558	0.176814483307	0.176259674474	0.214866027859	0.168485285839	0.172936151526	0.179686431793	0.181309000195	0.0	0.00720634805425	0.152417467881
scavenger-11-60-0.snv.bam	0.22587962963	0.188013874615	0.18531436477	0.172044120421	0.189587872186	0.180787037037	0.151657706093	0.197115120558	0.187141577061	0.162382756133	0.177464157706	0.15626260281	0.192947129285	0.0401014566324	0.197290401374	0.172031810036	0.203511675325	0.164649798313	0.172503470183	0.165871679761	0.162911690192	0.184017282001	0.184714842926	0.14225512556	0.187141577061	0.00483841684822	0.19695731557	0.198175116864	0.176556758179	0.179448814369	0.169659014529	0.178940868732	0.171560643061	0.212284143823	0.165412228488	0.168274876259	0.178097041847	0.181514287582	0.00720634805425	0.0	0.148072002924
tigress-11-60-0.snv.bam	0.160377358491	0.170732954836	0.134545156434	0.11377984281	0.148148148148	0.132075471698	0.137195121951	0.157220921155	0.121951219512	0.163580246914	0.137195121951	0.13605920373	0.140740740741	0.13391918032	0.134186681533	0.15253429878	0.160612535613	0.102803738318	0.151304893837	0.140476190476	0.134969325153	0.15327944227	0.165028030182	0.133944203944	0.131097560976	0.156597222222	0.164666426979	0.147239263804	0.144707037754	0.157159683454	0.138681318681	0.15239902206	0.149699069275	0.184827982376	0.135647111509	0.146746354368	0.163591331269	0.168782517177	0.152417467881	0.148072002924	0.0
