	159288231-stool1.snv.bam	159753524-stool1.snv.bam	160218816-stool1.snv.bam	160502038-stool3.snv.bam	160704339-stool1.snv.bam	763721271-stool1.snv.bam	763860675-stool1.snv.bam	764143897-stool1.snv.bam	764447348-stool2.snv.bam	765216093-stool3.snv.bam	765276783-stool2.snv.bam	765620695-stool1.snv.bam	863126187-stool3.snv.bam	CCIS16383318ST-4-0.snv.bam	CCIS24254057ST-4-0.snv.bam	CCIS53043478ST-4-0.snv.bam	CCIS63468405ST-4-0.snv.bam	CCIS77252613ST-4-0.snv.bam	CCIS87252800ST-4-0.snv.bam	CCMD42428553ST-21-0.snv.bam	M3.5-V1.metaT.snv.bam	MH0272.snv.bam	MH0305.snv.bam	MH0419.snv.bam	MH0452.snv.bam	MH0456.snv.bam	MMRS14602194ST-27-0-0.snv.bam	MMRS16644320ST-27-0-0.snv.bam	MMRS25641480ST-27-0-0.snv.bam	MMRS38861560ST-27-0-0.snv.bam	MMRS55294627ST-27-0-0.snv.bam	MMRS73787048ST-27-0-0.snv.bam	MMRS84085284ST-27-0-0.snv.bam	MMRS92544445ST-27-0-0.snv.bam	O2.UC32-1.snv.bam	SAMEA3136638.snv.bam	SAMEA3136701.snv.bam	SAMEA3136742.snv.bam	T2D-22A.snv.bam	T2D-25A.snv.bam	T2D-47A.snv.bam	V1.CD1-3-PN.snv.bam	V1.CD6-4.snv.bam	V1.FI20.snv.bam	V1.FI32.snv.bam	V1.UC5-3.snv.bam	alien-11-7-0.snv.bam	alien-12-7-0.snv.bam	alien-13-7-0.snv.bam
159288231-stool1.snv.bam	0.0	0.0530973451327	0.0300884955752	0.0389380530973	0.145132743363	0.0566371681416	0.159292035398	0.0601769911504	0.13982300885	0.0424778761062	0.0796460176991	0.0371681415929	0.0283185840708	0.116814159292	0.164601769912	0.104424778761	0.0867256637168	0.100884955752	0.104424778761	0.0991150442478	0.132743362832	0.0955752212389	0.116814159292	0.129203539823	0.0867256637168	0.0619469026549	0.106194690265	0.0194690265487	0.0336283185841	0.0955752212389	0.0796460176991	0.0247787610619	0.111504424779	0.0318584070796	0.102654867257	0.113274336283	0.0778761061947	0.0814159292035	0.176991150442	0.157522123894	0.162831858407	0.122123893805	0.13982300885	0.0849557522124	0.175221238938	0.194690265487	0.0796460176991	0.0725663716814	0.070796460177
159753524-stool1.snv.bam	0.0530973451327	0.0	0.058407079646	0.0495575221239	0.161061946903	0.0672566371681	0.155752212389	0.0672566371681	0.13982300885	0.0743362831858	0.0867256637168	0.070796460177	0.0353982300885	0.109734513274	0.159292035398	0.0938053097345	0.0938053097345	0.0867256637168	0.0902654867257	0.0991150442478	0.138053097345	0.0884955752212	0.100884955752	0.125663716814	0.0902654867257	0.0637168141593	0.102654867257	0.0548672566372	0.0442477876106	0.0884955752212	0.0867256637168	0.046017699115	0.10796460177	0.0353982300885	0.0973451327434	0.109734513274	0.0849557522124	0.0884955752212	0.175221238938	0.152212389381	0.152212389381	0.125663716814	0.136283185841	0.0814159292035	0.175221238938	0.194690265487	0.0867256637168	0.0796460176991	0.0778761061947
160218816-stool1.snv.bam	0.0300884955752	0.058407079646	0.0	0.0477876106195	0.132743362832	0.0690265486726	0.152212389381	0.0619469026549	0.136283185841	0.0371681415929	0.0814159292035	0.0318584070796	0.0371681415929	0.104424778761	0.153982300885	0.0920353982301	0.0884955752212	0.0991150442478	0.102654867257	0.0867256637168	0.127433628319	0.0849557522124	0.102654867257	0.116814159292	0.0884955752212	0.0566371681416	0.0902654867257	0.0318584070796	0.0424778761062	0.0867256637168	0.0814159292035	0.0265486725664	0.0991150442478	0.0407079646018	0.0884955752212	0.100884955752	0.0796460176991	0.083185840708	0.162831858407	0.136283185841	0.143362831858	0.122123893805	0.120353982301	0.0796460176991	0.155752212389	0.178761061947	0.0814159292035	0.0743362831858	0.0725663716814
160502038-stool3.snv.bam	0.0389380530973	0.0495575221239	0.0477876106195	0.0	0.143362831858	0.0495575221239	0.153982300885	0.0601769911504	0.143362831858	0.0601769911504	0.0725663716814	0.0548672566372	0.0176991150442	0.113274336283	0.161061946903	0.100884955752	0.0796460176991	0.0938053097345	0.0973451327434	0.102654867257	0.138053097345	0.100884955752	0.109734513274	0.12389380531	0.0761061946903	0.0548672566372	0.102654867257	0.0442477876106	0.0159292035398	0.0955752212389	0.0725663716814	0.0353982300885	0.109734513274	0.0212389380531	0.0991150442478	0.106194690265	0.070796460177	0.0743362831858	0.176991150442	0.157522123894	0.159292035398	0.122123893805	0.143362831858	0.0849557522124	0.169911504425	0.194690265487	0.0725663716814	0.0654867256637	0.0637168141593
160704339-stool1.snv.bam	0.145132743363	0.161061946903	0.132743362832	0.143362831858	0.0	0.132743362832	0.143362831858	0.122123893805	0.130973451327	0.150442477876	0.120353982301	0.13982300885	0.13982300885	0.155752212389	0.148672566372	0.127433628319	0.116814159292	0.134513274336	0.138053097345	0.132743362832	0.116814159292	0.127433628319	0.150442477876	0.164601769912	0.130973451327	0.109734513274	0.129203539823	0.13982300885	0.138053097345	0.136283185841	0.118584070796	0.141592920354	0.145132743363	0.143362831858	0.129203539823	0.155752212389	0.115044247788	0.127433628319	0.0601769911504	0.146902654867	0.157522123894	0.148672566372	0.0654867256637	0.141592920354	0.083185840708	0.0566371681416	0.120353982301	0.116814159292	0.116814159292
763721271-stool1.snv.bam	0.0566371681416	0.0672566371681	0.0690265486726	0.0495575221239	0.132743362832	0.0	0.143362831858	0.0601769911504	0.132743362832	0.0814159292035	0.0796460176991	0.0778761061947	0.046017699115	0.106194690265	0.152212389381	0.0938053097345	0.0796460176991	0.0938053097345	0.0973451327434	0.0884955752212	0.132743362832	0.0938053097345	0.106194690265	0.120353982301	0.0796460176991	0.0601769911504	0.102654867257	0.058407079646	0.0442477876106	0.0884955752212	0.0778761061947	0.0566371681416	0.102654867257	0.0495575221239	0.0920353982301	0.102654867257	0.0725663716814	0.0778761061947	0.166371681416	0.150442477876	0.148672566372	0.115044247788	0.132743362832	0.0884955752212	0.164601769912	0.18407079646	0.0796460176991	0.0743362831858	0.0725663716814
763860675-stool1.snv.bam	0.159292035398	0.155752212389	0.152212389381	0.153982300885	0.143362831858	0.143362831858	0.0	0.127433628319	0.106194690265	0.161061946903	0.145132743363	0.153982300885	0.146902654867	0.143362831858	0.120353982301	0.125663716814	0.143362831858	0.148672566372	0.152212389381	0.141592920354	0.125663716814	0.127433628319	0.145132743363	0.155752212389	0.143362831858	0.12389380531	0.141592920354	0.143362831858	0.145132743363	0.12389380531	0.143362831858	0.155752212389	0.138053097345	0.150442477876	0.132743362832	0.153982300885	0.138053097345	0.141592920354	0.127433628319	0.143362831858	0.138053097345	0.162831858407	0.141592920354	0.148672566372	0.132743362832	0.143362831858	0.145132743363	0.136283185841	0.136283185841
764143897-stool1.snv.bam	0.0601769911504	0.0672566371681	0.0619469026549	0.0601769911504	0.122123893805	0.0601769911504	0.127433628319	0.0	0.106194690265	0.070796460177	0.0725663716814	0.0672566371681	0.046017699115	0.102654867257	0.148672566372	0.0725663716814	0.0725663716814	0.0867256637168	0.0902654867257	0.0884955752212	0.122123893805	0.083185840708	0.102654867257	0.120353982301	0.0725663716814	0.0548672566372	0.0814159292035	0.0513274336283	0.0548672566372	0.0884955752212	0.070796460177	0.0566371681416	0.104424778761	0.0495575221239	0.0902654867257	0.0955752212389	0.0637168141593	0.070796460177	0.152212389381	0.143362831858	0.146902654867	0.115044247788	0.127433628319	0.0849557522124	0.152212389381	0.16814159292	0.0725663716814	0.0654867256637	0.0637168141593
764447348-stool2.snv.bam	0.13982300885	0.13982300885	0.136283185841	0.143362831858	0.130973451327	0.132743362832	0.106194690265	0.106194690265	0.0	0.141592920354	0.125663716814	0.138053097345	0.13982300885	0.122123893805	0.102654867257	0.0867256637168	0.125663716814	0.122123893805	0.122123893805	0.118584070796	0.109734513274	0.115044247788	0.129203539823	0.134513274336	0.127433628319	0.106194690265	0.118584070796	0.130973451327	0.138053097345	0.115044247788	0.12389380531	0.136283185841	0.122123893805	0.138053097345	0.115044247788	0.122123893805	0.120353982301	0.12389380531	0.115044247788	0.129203539823	0.127433628319	0.125663716814	0.115044247788	0.118584070796	0.116814159292	0.129203539823	0.125663716814	0.120353982301	0.115044247788
765216093-stool3.snv.bam	0.0424778761062	0.0743362831858	0.0371681415929	0.0601769911504	0.150442477876	0.0814159292035	0.161061946903	0.070796460177	0.141592920354	0.0	0.0902654867257	0.0	0.0495575221239	0.0955752212389	0.176991150442	0.106194690265	0.0973451327434	0.111504424779	0.115044247788	0.0991150442478	0.146902654867	0.0902654867257	0.109734513274	0.134513274336	0.0973451327434	0.0690265486726	0.106194690265	0.0442477876106	0.0513274336283	0.0991150442478	0.0902654867257	0.0353982300885	0.115044247788	0.0530973451327	0.106194690265	0.113274336283	0.0884955752212	0.0902654867257	0.178761061947	0.157522123894	0.157522123894	0.130973451327	0.143362831858	0.0955752212389	0.176991150442	0.196460176991	0.0902654867257	0.083185840708	0.0814159292035
765276783-stool2.snv.bam	0.0796460176991	0.0867256637168	0.0814159292035	0.0725663716814	0.120353982301	0.0796460176991	0.145132743363	0.0725663716814	0.125663716814	0.0902654867257	0.0	0.0849557522124	0.0654867256637	0.118584070796	0.152212389381	0.0814159292035	0.0070796460177	0.0300884955752	0.0318584070796	0.104424778761	0.116814159292	0.102654867257	0.116814159292	0.134513274336	0.0495575221239	0.012389380531	0.083185840708	0.0814159292035	0.0672566371681	0.0973451327434	0.0	0.0619469026549	0.116814159292	0.0690265486726	0.0973451327434	0.10796460177	0.00530973451327	0.0424778761062	0.152212389381	0.116814159292	0.153982300885	0.127433628319	0.129203539823	0.0654867256637	0.16814159292	0.16814159292	0.0	0.0	0.0
765620695-stool1.snv.bam	0.0371681415929	0.070796460177	0.0318584070796	0.0548672566372	0.13982300885	0.0778761061947	0.153982300885	0.0672566371681	0.138053097345	0.0	0.0849557522124	0.0	0.0442477876106	0.0938053097345	0.16814159292	0.100884955752	0.0920353982301	0.104424778761	0.10796460177	0.0902654867257	0.141592920354	0.0849557522124	0.106194690265	0.127433628319	0.0938053097345	0.0637168141593	0.0991150442478	0.0389380530973	0.046017699115	0.0938053097345	0.0849557522124	0.0300884955752	0.10796460177	0.0477876106195	0.100884955752	0.102654867257	0.083185840708	0.0867256637168	0.16814159292	0.150442477876	0.146902654867	0.125663716814	0.132743362832	0.0902654867257	0.164601769912	0.18407079646	0.0849557522124	0.0796460176991	0.0761061946903
863126187-stool3.snv.bam	0.0283185840708	0.0353982300885	0.0371681415929	0.0176991150442	0.13982300885	0.046017699115	0.146902654867	0.046017699115	0.13982300885	0.0495575221239	0.0654867256637	0.0442477876106	0.0	0.109734513274	0.155752212389	0.0938053097345	0.0725663716814	0.0867256637168	0.0902654867257	0.0991150442478	0.134513274336	0.0973451327434	0.111504424779	0.122123893805	0.0690265486726	0.0477876106195	0.0991150442478	0.0336283185841	0.012389380531	0.0884955752212	0.0654867256637	0.0212389380531	0.10796460177	0.0070796460177	0.0955752212389	0.0991150442478	0.0637168141593	0.0672566371681	0.169911504425	0.153982300885	0.152212389381	0.115044247788	0.13982300885	0.0778761061947	0.164601769912	0.187610619469	0.0654867256637	0.058407079646	0.0566371681416
CCIS16383318ST-4-0.snv.bam	0.116814159292	0.109734513274	0.104424778761	0.113274336283	0.155752212389	0.106194690265	0.143362831858	0.102654867257	0.122123893805	0.0955752212389	0.118584070796	0.0938053097345	0.109734513274	0.0	0.150442477876	0.0849557522124	0.118584070796	0.115044247788	0.118584070796	0.0814159292035	0.145132743363	0.0725663716814	0.0867256637168	0.111504424779	0.111504424779	0.0867256637168	0.0920353982301	0.10796460177	0.104424778761	0.0814159292035	0.116814159292	0.106194690265	0.0884955752212	0.109734513274	0.0796460176991	0.0814159292035	0.113274336283	0.104424778761	0.162831858407	0.155752212389	0.152212389381	0.134513274336	0.129203539823	0.0955752212389	0.152212389381	0.18407079646	0.118584070796	0.113274336283	0.111504424779
CCIS24254057ST-4-0.snv.bam	0.164601769912	0.159292035398	0.153982300885	0.161061946903	0.148672566372	0.152212389381	0.120353982301	0.148672566372	0.102654867257	0.176991150442	0.152212389381	0.16814159292	0.155752212389	0.150442477876	0.0	0.12389380531	0.152212389381	0.145132743363	0.146902654867	0.148672566372	0.152212389381	0.134513274336	0.153982300885	0.153982300885	0.162831858407	0.130973451327	0.159292035398	0.161061946903	0.155752212389	0.136283185841	0.150442477876	0.161061946903	0.145132743363	0.157522123894	0.143362831858	0.146902654867	0.146902654867	0.157522123894	0.132743362832	0.146902654867	0.129203539823	0.16814159292	0.12389380531	0.150442477876	0.129203539823	0.143362831858	0.152212389381	0.143362831858	0.13982300885
CCIS53043478ST-4-0.snv.bam	0.104424778761	0.0938053097345	0.0920353982301	0.100884955752	0.127433628319	0.0938053097345	0.125663716814	0.0725663716814	0.0867256637168	0.106194690265	0.0814159292035	0.100884955752	0.0938053097345	0.0849557522124	0.12389380531	0.0	0.0849557522124	0.083185840708	0.0849557522124	0.0814159292035	0.100884955752	0.0637168141593	0.0902654867257	0.102654867257	0.0849557522124	0.0548672566372	0.070796460177	0.0920353982301	0.0955752212389	0.0654867256637	0.0796460176991	0.0938053097345	0.083185840708	0.0938053097345	0.0743362831858	0.0814159292035	0.0814159292035	0.0796460176991	0.141592920354	0.127433628319	0.111504424779	0.109734513274	0.115044247788	0.0761061946903	0.141592920354	0.157522123894	0.0814159292035	0.0796460176991	0.0761061946903
CCIS63468405ST-4-0.snv.bam	0.0867256637168	0.0938053097345	0.0884955752212	0.0796460176991	0.116814159292	0.0796460176991	0.143362831858	0.0725663716814	0.125663716814	0.0973451327434	0.0070796460177	0.0920353982301	0.0725663716814	0.118584070796	0.152212389381	0.0849557522124	0.0	0.0265486725664	0.0283185840708	0.104424778761	0.118584070796	0.106194690265	0.120353982301	0.134513274336	0.0566371681416	0.0194690265487	0.0867256637168	0.0884955752212	0.0743362831858	0.0973451327434	0.0070796460177	0.0690265486726	0.116814159292	0.0761061946903	0.0973451327434	0.10796460177	0.00176991150442	0.0495575221239	0.152212389381	0.116814159292	0.152212389381	0.130973451327	0.127433628319	0.0725663716814	0.164601769912	0.166371681416	0.0070796460177	0.0070796460177	0.0070796460177
CCIS77252613ST-4-0.snv.bam	0.100884955752	0.0867256637168	0.0991150442478	0.0938053097345	0.134513274336	0.0938053097345	0.148672566372	0.0867256637168	0.122123893805	0.111504424779	0.0300884955752	0.104424778761	0.0867256637168	0.115044247788	0.145132743363	0.083185840708	0.0265486725664	0.0	0.0	0.104424778761	0.118584070796	0.0991150442478	0.115044247788	0.129203539823	0.0778761061947	0.0283185840708	0.0814159292035	0.102654867257	0.0884955752212	0.0973451327434	0.0300884955752	0.083185840708	0.111504424779	0.0902654867257	0.0955752212389	0.100884955752	0.0247787610619	0.070796460177	0.143362831858	0.118584070796	0.143362831858	0.130973451327	0.118584070796	0.0672566371681	0.164601769912	0.164601769912	0.0300884955752	0.0300884955752	0.0300884955752
CCIS87252800ST-4-0.snv.bam	0.104424778761	0.0902654867257	0.102654867257	0.0973451327434	0.138053097345	0.0973451327434	0.152212389381	0.0902654867257	0.122123893805	0.115044247788	0.0318584070796	0.10796460177	0.0902654867257	0.118584070796	0.146902654867	0.0849557522124	0.0283185840708	0.0	0.0	0.10796460177	0.120353982301	0.102654867257	0.118584070796	0.134513274336	0.0814159292035	0.0318584070796	0.0849557522124	0.106194690265	0.0920353982301	0.100884955752	0.0318584070796	0.0867256637168	0.116814159292	0.0938053097345	0.100884955752	0.104424778761	0.0265486725664	0.0743362831858	0.146902654867	0.120353982301	0.146902654867	0.134513274336	0.122123893805	0.0725663716814	0.16814159292	0.16814159292	0.0318584070796	0.0318584070796	0.0318584070796
CCMD42428553ST-21-0.snv.bam	0.0991150442478	0.0991150442478	0.0867256637168	0.102654867257	0.132743362832	0.0884955752212	0.141592920354	0.0884955752212	0.118584070796	0.0991150442478	0.104424778761	0.0902654867257	0.0991150442478	0.0814159292035	0.148672566372	0.0814159292035	0.104424778761	0.104424778761	0.10796460177	0.0	0.129203539823	0.0530973451327	0.0902654867257	0.109734513274	0.100884955752	0.0761061946903	0.0849557522124	0.083185840708	0.0973451327434	0.0725663716814	0.102654867257	0.0920353982301	0.0849557522124	0.102654867257	0.0672566371681	0.0849557522124	0.0973451327434	0.0955752212389	0.146902654867	0.141592920354	0.145132743363	0.118584070796	0.111504424779	0.0814159292035	0.145132743363	0.164601769912	0.104424778761	0.0991150442478	0.0973451327434
M3.5-V1.metaT.snv.bam	0.132743362832	0.138053097345	0.127433628319	0.138053097345	0.116814159292	0.132743362832	0.125663716814	0.122123893805	0.109734513274	0.146902654867	0.116814159292	0.141592920354	0.134513274336	0.145132743363	0.152212389381	0.100884955752	0.118584070796	0.118584070796	0.120353982301	0.129203539823	0.0	0.122123893805	0.138053097345	0.153982300885	0.134513274336	0.109734513274	0.129203539823	0.12389380531	0.134513274336	0.12389380531	0.116814159292	0.138053097345	0.134513274336	0.136283185841	0.132743362832	0.146902654867	0.116814159292	0.129203539823	0.104424778761	0.109734513274	0.136283185841	0.138053097345	0.104424778761	0.125663716814	0.127433628319	0.130973451327	0.116814159292	0.113274336283	0.113274336283
MH0272.snv.bam	0.0955752212389	0.0884955752212	0.0849557522124	0.100884955752	0.127433628319	0.0938053097345	0.127433628319	0.083185840708	0.115044247788	0.0902654867257	0.102654867257	0.0849557522124	0.0973451327434	0.0725663716814	0.134513274336	0.0637168141593	0.106194690265	0.0991150442478	0.102654867257	0.0530973451327	0.122123893805	0.0	0.0743362831858	0.100884955752	0.0955752212389	0.0690265486726	0.0761061946903	0.0814159292035	0.0920353982301	0.0690265486726	0.100884955752	0.0938053097345	0.0796460176991	0.0955752212389	0.0778761061947	0.0796460176991	0.0991150442478	0.0902654867257	0.13982300885	0.136283185841	0.130973451327	0.12389380531	0.104424778761	0.0743362831858	0.132743362832	0.153982300885	0.102654867257	0.0973451327434	0.0955752212389
MH0305.snv.bam	0.116814159292	0.100884955752	0.102654867257	0.109734513274	0.150442477876	0.106194690265	0.145132743363	0.102654867257	0.129203539823	0.109734513274	0.116814159292	0.106194690265	0.111504424779	0.0867256637168	0.153982300885	0.0902654867257	0.120353982301	0.115044247788	0.118584070796	0.0902654867257	0.138053097345	0.0743362831858	0.0	0.115044247788	0.113274336283	0.0884955752212	0.102654867257	0.104424778761	0.109734513274	0.083185840708	0.115044247788	0.109734513274	0.0955752212389	0.111504424779	0.0849557522124	0.0938053097345	0.116814159292	0.10796460177	0.159292035398	0.161061946903	0.153982300885	0.134513274336	0.12389380531	0.0991150442478	0.155752212389	0.18407079646	0.116814159292	0.111504424779	0.111504424779
MH0419.snv.bam	0.129203539823	0.125663716814	0.116814159292	0.12389380531	0.164601769912	0.120353982301	0.155752212389	0.120353982301	0.134513274336	0.134513274336	0.134513274336	0.127433628319	0.122123893805	0.111504424779	0.153982300885	0.102654867257	0.134513274336	0.129203539823	0.134513274336	0.109734513274	0.153982300885	0.100884955752	0.115044247788	0.0	0.134513274336	0.106194690265	0.122123893805	0.122123893805	0.120353982301	0.0991150442478	0.130973451327	0.122123893805	0.0495575221239	0.122123893805	0.070796460177	0.115044247788	0.127433628319	0.129203539823	0.173451327434	0.169911504425	0.16814159292	0.143362831858	0.143362831858	0.113274336283	0.157522123894	0.192920353982	0.134513274336	0.12389380531	0.127433628319
MH0452.snv.bam	0.0867256637168	0.0902654867257	0.0884955752212	0.0761061946903	0.130973451327	0.0796460176991	0.143362831858	0.0725663716814	0.127433628319	0.0973451327434	0.0495575221239	0.0938053097345	0.0690265486726	0.111504424779	0.162831858407	0.0849557522124	0.0566371681416	0.0778761061947	0.0814159292035	0.100884955752	0.134513274336	0.0955752212389	0.113274336283	0.134513274336	0.0	0.0442477876106	0.0477876106195	0.0884955752212	0.070796460177	0.0902654867257	0.0477876106195	0.0690265486726	0.113274336283	0.0725663716814	0.0973451327434	0.100884955752	0.0513274336283	0.00353982300885	0.166371681416	0.159292035398	0.157522123894	0.122123893805	0.143362831858	0.0690265486726	0.164601769912	0.182300884956	0.0495575221239	0.0442477876106	0.0424778761062
MH0456.snv.bam	0.0619469026549	0.0637168141593	0.0566371681416	0.0548672566372	0.109734513274	0.0601769911504	0.12389380531	0.0548672566372	0.106194690265	0.0690265486726	0.012389380531	0.0637168141593	0.0477876106195	0.0867256637168	0.130973451327	0.0548672566372	0.0194690265487	0.0283185840708	0.0318584070796	0.0761061946903	0.109734513274	0.0690265486726	0.0884955752212	0.106194690265	0.0442477876106	0.0	0.0619469026549	0.058407079646	0.0495575221239	0.0725663716814	0.012389380531	0.0442477876106	0.0884955752212	0.0495575221239	0.0725663716814	0.0814159292035	0.0159292035398	0.0371681415929	0.138053097345	0.113274336283	0.127433628319	0.102654867257	0.111504424779	0.0477876106195	0.146902654867	0.153982300885	0.012389380531	0.0106194690265	0.0106194690265
MMRS14602194ST-27-0-0.snv.bam	0.106194690265	0.102654867257	0.0902654867257	0.102654867257	0.129203539823	0.102654867257	0.141592920354	0.0814159292035	0.118584070796	0.106194690265	0.083185840708	0.0991150442478	0.0991150442478	0.0920353982301	0.159292035398	0.070796460177	0.0867256637168	0.0814159292035	0.0849557522124	0.0849557522124	0.129203539823	0.0761061946903	0.102654867257	0.122123893805	0.0477876106195	0.0619469026549	0.0	0.0938053097345	0.0973451327434	0.083185840708	0.0814159292035	0.0973451327434	0.0955752212389	0.102654867257	0.0761061946903	0.0938053097345	0.0814159292035	0.0442477876106	0.150442477876	0.146902654867	0.141592920354	0.118584070796	0.12389380531	0.0725663716814	0.145132743363	0.162831858407	0.083185840708	0.0778761061947	0.0761061946903
MMRS16644320ST-27-0-0.snv.bam	0.0194690265487	0.0548672566372	0.0318584070796	0.0442477876106	0.13982300885	0.058407079646	0.143362831858	0.0513274336283	0.130973451327	0.0442477876106	0.0814159292035	0.0389380530973	0.0336283185841	0.10796460177	0.161061946903	0.0920353982301	0.0884955752212	0.102654867257	0.106194690265	0.083185840708	0.12389380531	0.0814159292035	0.104424778761	0.122123893805	0.0884955752212	0.058407079646	0.0938053097345	0.0	0.0389380530973	0.0884955752212	0.0814159292035	0.0371681415929	0.0973451327434	0.0371681415929	0.0938053097345	0.102654867257	0.0796460176991	0.083185840708	0.166371681416	0.146902654867	0.150442477876	0.115044247788	0.130973451327	0.083185840708	0.16814159292	0.185840707965	0.0814159292035	0.0743362831858	0.0725663716814
MMRS25641480ST-27-0-0.snv.bam	0.0336283185841	0.0442477876106	0.0424778761062	0.0159292035398	0.138053097345	0.0442477876106	0.145132743363	0.0548672566372	0.138053097345	0.0513274336283	0.0672566371681	0.046017699115	0.012389380531	0.104424778761	0.155752212389	0.0955752212389	0.0743362831858	0.0884955752212	0.0920353982301	0.0973451327434	0.134513274336	0.0920353982301	0.109734513274	0.120353982301	0.070796460177	0.0495575221239	0.0973451327434	0.0389380530973	0.0	0.0902654867257	0.0672566371681	0.0300884955752	0.106194690265	0.0159292035398	0.0938053097345	0.0973451327434	0.0654867256637	0.0690265486726	0.171681415929	0.152212389381	0.153982300885	0.116814159292	0.138053097345	0.0761061946903	0.166371681416	0.189380530973	0.0672566371681	0.0601769911504	0.058407079646
MMRS38861560ST-27-0-0.snv.bam	0.0955752212389	0.0884955752212	0.0867256637168	0.0955752212389	0.136283185841	0.0884955752212	0.12389380531	0.0884955752212	0.115044247788	0.0991150442478	0.0973451327434	0.0938053097345	0.0884955752212	0.0814159292035	0.136283185841	0.0654867256637	0.0973451327434	0.0973451327434	0.100884955752	0.0725663716814	0.12389380531	0.0690265486726	0.083185840708	0.0991150442478	0.0902654867257	0.0725663716814	0.083185840708	0.0884955752212	0.0902654867257	0.0	0.0955752212389	0.0849557522124	0.0725663716814	0.0884955752212	0.0672566371681	0.0849557522124	0.0938053097345	0.0849557522124	0.150442477876	0.138053097345	0.136283185841	0.120353982301	0.104424778761	0.0920353982301	0.13982300885	0.166371681416	0.0973451327434	0.0902654867257	0.0902654867257
MMRS55294627ST-27-0-0.snv.bam	0.0796460176991	0.0867256637168	0.0814159292035	0.0725663716814	0.118584070796	0.0778761061947	0.143362831858	0.070796460177	0.12389380531	0.0902654867257	0.0	0.0849557522124	0.0654867256637	0.116814159292	0.150442477876	0.0796460176991	0.0070796460177	0.0300884955752	0.0318584070796	0.102654867257	0.116814159292	0.100884955752	0.115044247788	0.130973451327	0.0477876106195	0.012389380531	0.0814159292035	0.0814159292035	0.0672566371681	0.0955752212389	0.0	0.0619469026549	0.113274336283	0.0690265486726	0.0955752212389	0.106194690265	0.00530973451327	0.0407079646018	0.150442477876	0.116814159292	0.150442477876	0.12389380531	0.127433628319	0.0637168141593	0.166371681416	0.166371681416	0.0	0.0	0.0
MMRS73787048ST-27-0-0.snv.bam	0.0247787610619	0.046017699115	0.0265486725664	0.0353982300885	0.141592920354	0.0566371681416	0.155752212389	0.0566371681416	0.136283185841	0.0353982300885	0.0619469026549	0.0300884955752	0.0212389380531	0.106194690265	0.161061946903	0.0938053097345	0.0690265486726	0.083185840708	0.0867256637168	0.0920353982301	0.138053097345	0.0938053097345	0.109734513274	0.122123893805	0.0690265486726	0.0442477876106	0.0973451327434	0.0371681415929	0.0300884955752	0.0849557522124	0.0619469026549	0.0	0.104424778761	0.0247787610619	0.0955752212389	0.0955752212389	0.0601769911504	0.0637168141593	0.171681415929	0.152212389381	0.155752212389	0.122123893805	0.136283185841	0.0743362831858	0.16814159292	0.187610619469	0.0619469026549	0.0548672566372	0.0530973451327
MMRS84085284ST-27-0-0.snv.bam	0.111504424779	0.10796460177	0.0991150442478	0.109734513274	0.145132743363	0.102654867257	0.138053097345	0.104424778761	0.122123893805	0.115044247788	0.116814159292	0.10796460177	0.10796460177	0.0884955752212	0.145132743363	0.083185840708	0.116814159292	0.111504424779	0.116814159292	0.0849557522124	0.134513274336	0.0796460176991	0.0955752212389	0.0495575221239	0.113274336283	0.0884955752212	0.0955752212389	0.0973451327434	0.106194690265	0.0725663716814	0.113274336283	0.104424778761	0.0	0.10796460177	0.0407079646018	0.0991150442478	0.111504424779	0.10796460177	0.157522123894	0.143362831858	0.148672566372	0.122123893805	0.118584070796	0.0973451327434	0.148672566372	0.176991150442	0.116814159292	0.10796460177	0.10796460177
MMRS92544445ST-27-0-0.snv.bam	0.0318584070796	0.0353982300885	0.0407079646018	0.0212389380531	0.143362831858	0.0495575221239	0.150442477876	0.0495575221239	0.138053097345	0.0530973451327	0.0690265486726	0.0477876106195	0.0070796460177	0.109734513274	0.157522123894	0.0938053097345	0.0761061946903	0.0902654867257	0.0938053097345	0.102654867257	0.136283185841	0.0955752212389	0.111504424779	0.122123893805	0.0725663716814	0.0495575221239	0.102654867257	0.0371681415929	0.0159292035398	0.0884955752212	0.0690265486726	0.0247787610619	0.10796460177	0.0	0.0991150442478	0.102654867257	0.0672566371681	0.070796460177	0.173451327434	0.152212389381	0.155752212389	0.118584070796	0.13982300885	0.0814159292035	0.16814159292	0.191150442478	0.0690265486726	0.0619469026549	0.0601769911504
O2.UC32-1.snv.bam	0.102654867257	0.0973451327434	0.0884955752212	0.0991150442478	0.129203539823	0.0920353982301	0.132743362832	0.0902654867257	0.115044247788	0.106194690265	0.0973451327434	0.100884955752	0.0955752212389	0.0796460176991	0.143362831858	0.0743362831858	0.0973451327434	0.0955752212389	0.100884955752	0.0672566371681	0.132743362832	0.0778761061947	0.0849557522124	0.070796460177	0.0973451327434	0.0725663716814	0.0761061946903	0.0938053097345	0.0938053097345	0.0672566371681	0.0955752212389	0.0955752212389	0.0407079646018	0.0991150442478	0.0	0.083185840708	0.0884955752212	0.0920353982301	0.150442477876	0.13982300885	0.150442477876	0.122123893805	0.116814159292	0.0778761061947	0.141592920354	0.16814159292	0.0973451327434	0.0884955752212	0.0920353982301
SAMEA3136638.snv.bam	0.113274336283	0.109734513274	0.100884955752	0.106194690265	0.155752212389	0.102654867257	0.153982300885	0.0955752212389	0.122123893805	0.113274336283	0.10796460177	0.102654867257	0.0991150442478	0.0814159292035	0.146902654867	0.0814159292035	0.10796460177	0.100884955752	0.104424778761	0.0849557522124	0.146902654867	0.0796460176991	0.0938053097345	0.115044247788	0.100884955752	0.0814159292035	0.0938053097345	0.102654867257	0.0973451327434	0.0849557522124	0.106194690265	0.0955752212389	0.0991150442478	0.102654867257	0.083185840708	0.0	0.102654867257	0.0955752212389	0.166371681416	0.166371681416	0.159292035398	0.127433628319	0.132743362832	0.0920353982301	0.155752212389	0.187610619469	0.10796460177	0.102654867257	0.100884955752
SAMEA3136701.snv.bam	0.0778761061947	0.0849557522124	0.0796460176991	0.070796460177	0.115044247788	0.0725663716814	0.138053097345	0.0637168141593	0.120353982301	0.0884955752212	0.00530973451327	0.083185840708	0.0637168141593	0.113274336283	0.146902654867	0.0814159292035	0.00176991150442	0.0247787610619	0.0265486725664	0.0973451327434	0.116814159292	0.0991150442478	0.116814159292	0.127433628319	0.0513274336283	0.0159292035398	0.0814159292035	0.0796460176991	0.0654867256637	0.0938053097345	0.00530973451327	0.0601769911504	0.111504424779	0.0672566371681	0.0884955752212	0.102654867257	0.0	0.0442477876106	0.146902654867	0.115044247788	0.150442477876	0.125663716814	0.12389380531	0.0654867256637	0.161061946903	0.162831858407	0.00530973451327	0.00530973451327	0.00530973451327
SAMEA3136742.snv.bam	0.0814159292035	0.0884955752212	0.083185840708	0.0743362831858	0.127433628319	0.0778761061947	0.141592920354	0.070796460177	0.12389380531	0.0902654867257	0.0424778761062	0.0867256637168	0.0672566371681	0.104424778761	0.157522123894	0.0796460176991	0.0495575221239	0.070796460177	0.0743362831858	0.0955752212389	0.129203539823	0.0902654867257	0.10796460177	0.129203539823	0.00353982300885	0.0371681415929	0.0442477876106	0.083185840708	0.0690265486726	0.0849557522124	0.0407079646018	0.0637168141593	0.10796460177	0.070796460177	0.0920353982301	0.0955752212389	0.0442477876106	0.0	0.159292035398	0.155752212389	0.152212389381	0.115044247788	0.136283185841	0.0619469026549	0.161061946903	0.175221238938	0.0424778761062	0.0371681415929	0.0353982300885
T2D-22A.snv.bam	0.176991150442	0.175221238938	0.162831858407	0.176991150442	0.0601769911504	0.166371681416	0.127433628319	0.152212389381	0.115044247788	0.178761061947	0.152212389381	0.16814159292	0.169911504425	0.162831858407	0.132743362832	0.141592920354	0.152212389381	0.143362831858	0.146902654867	0.146902654867	0.104424778761	0.13982300885	0.159292035398	0.173451327434	0.166371681416	0.138053097345	0.150442477876	0.166371681416	0.171681415929	0.150442477876	0.150442477876	0.171681415929	0.157522123894	0.173451327434	0.150442477876	0.166371681416	0.146902654867	0.159292035398	0.0	0.146902654867	0.13982300885	0.164601769912	0.0619469026549	0.157522123894	0.083185840708	0.0371681415929	0.152212389381	0.148672566372	0.148672566372
T2D-25A.snv.bam	0.157522123894	0.152212389381	0.136283185841	0.157522123894	0.146902654867	0.150442477876	0.143362831858	0.143362831858	0.129203539823	0.157522123894	0.116814159292	0.150442477876	0.153982300885	0.155752212389	0.146902654867	0.127433628319	0.116814159292	0.118584070796	0.120353982301	0.141592920354	0.109734513274	0.136283185841	0.161061946903	0.169911504425	0.159292035398	0.113274336283	0.146902654867	0.146902654867	0.152212389381	0.138053097345	0.116814159292	0.152212389381	0.143362831858	0.152212389381	0.13982300885	0.166371681416	0.115044247788	0.155752212389	0.146902654867	0.0	0.152212389381	0.166371681416	0.120353982301	0.145132743363	0.141592920354	0.150442477876	0.116814159292	0.115044247788	0.113274336283
T2D-47A.snv.bam	0.162831858407	0.152212389381	0.143362831858	0.159292035398	0.157522123894	0.148672566372	0.138053097345	0.146902654867	0.127433628319	0.157522123894	0.153982300885	0.146902654867	0.152212389381	0.152212389381	0.129203539823	0.111504424779	0.152212389381	0.143362831858	0.146902654867	0.145132743363	0.136283185841	0.130973451327	0.153982300885	0.16814159292	0.157522123894	0.127433628319	0.141592920354	0.150442477876	0.153982300885	0.136283185841	0.150442477876	0.155752212389	0.148672566372	0.155752212389	0.150442477876	0.159292035398	0.150442477876	0.152212389381	0.13982300885	0.152212389381	0.0	0.150442477876	0.127433628319	0.148672566372	0.155752212389	0.16814159292	0.153982300885	0.146902654867	0.148672566372
V1.CD1-3-PN.snv.bam	0.122123893805	0.125663716814	0.122123893805	0.122123893805	0.148672566372	0.115044247788	0.162831858407	0.115044247788	0.125663716814	0.130973451327	0.127433628319	0.125663716814	0.115044247788	0.134513274336	0.16814159292	0.109734513274	0.130973451327	0.130973451327	0.134513274336	0.118584070796	0.138053097345	0.12389380531	0.134513274336	0.143362831858	0.122123893805	0.102654867257	0.118584070796	0.115044247788	0.116814159292	0.120353982301	0.12389380531	0.122123893805	0.122123893805	0.118584070796	0.122123893805	0.127433628319	0.125663716814	0.115044247788	0.164601769912	0.166371681416	0.150442477876	0.0	0.148672566372	0.118584070796	0.159292035398	0.185840707965	0.127433628319	0.118584070796	0.116814159292
V1.CD6-4.snv.bam	0.13982300885	0.136283185841	0.120353982301	0.143362831858	0.0654867256637	0.132743362832	0.141592920354	0.127433628319	0.115044247788	0.143362831858	0.129203539823	0.132743362832	0.13982300885	0.129203539823	0.12389380531	0.115044247788	0.127433628319	0.118584070796	0.122123893805	0.111504424779	0.104424778761	0.104424778761	0.12389380531	0.143362831858	0.143362831858	0.111504424779	0.12389380531	0.130973451327	0.138053097345	0.104424778761	0.127433628319	0.136283185841	0.118584070796	0.13982300885	0.116814159292	0.132743362832	0.12389380531	0.136283185841	0.0619469026549	0.120353982301	0.127433628319	0.148672566372	0.0	0.130973451327	0.0778761061947	0.070796460177	0.129203539823	0.125663716814	0.125663716814
V1.FI20.snv.bam	0.0849557522124	0.0814159292035	0.0796460176991	0.0849557522124	0.141592920354	0.0884955752212	0.148672566372	0.0849557522124	0.118584070796	0.0955752212389	0.0654867256637	0.0902654867257	0.0778761061947	0.0955752212389	0.150442477876	0.0761061946903	0.0725663716814	0.0672566371681	0.0725663716814	0.0814159292035	0.125663716814	0.0743362831858	0.0991150442478	0.113274336283	0.0690265486726	0.0477876106195	0.0725663716814	0.083185840708	0.0761061946903	0.0920353982301	0.0637168141593	0.0743362831858	0.0973451327434	0.0814159292035	0.0778761061947	0.0920353982301	0.0654867256637	0.0619469026549	0.157522123894	0.145132743363	0.148672566372	0.118584070796	0.130973451327	0.0	0.150442477876	0.176991150442	0.0654867256637	0.058407079646	0.0619469026549
V1.FI32.snv.bam	0.175221238938	0.175221238938	0.155752212389	0.169911504425	0.083185840708	0.164601769912	0.132743362832	0.152212389381	0.116814159292	0.176991150442	0.16814159292	0.164601769912	0.164601769912	0.152212389381	0.129203539823	0.141592920354	0.164601769912	0.164601769912	0.16814159292	0.145132743363	0.127433628319	0.132743362832	0.155752212389	0.157522123894	0.164601769912	0.146902654867	0.145132743363	0.16814159292	0.166371681416	0.13982300885	0.166371681416	0.16814159292	0.148672566372	0.16814159292	0.141592920354	0.155752212389	0.161061946903	0.161061946903	0.083185840708	0.141592920354	0.155752212389	0.159292035398	0.0778761061947	0.150442477876	0.0	0.0530973451327	0.16814159292	0.161061946903	0.162831858407
V1.UC5-3.snv.bam	0.194690265487	0.194690265487	0.178761061947	0.194690265487	0.0566371681416	0.18407079646	0.143362831858	0.16814159292	0.129203539823	0.196460176991	0.16814159292	0.18407079646	0.187610619469	0.18407079646	0.143362831858	0.157522123894	0.166371681416	0.164601769912	0.16814159292	0.164601769912	0.130973451327	0.153982300885	0.18407079646	0.192920353982	0.182300884956	0.153982300885	0.162831858407	0.185840707965	0.189380530973	0.166371681416	0.166371681416	0.187610619469	0.176991150442	0.191150442478	0.16814159292	0.187610619469	0.162831858407	0.175221238938	0.0371681415929	0.150442477876	0.16814159292	0.185840707965	0.070796460177	0.176991150442	0.0530973451327	0.0	0.16814159292	0.164601769912	0.164601769912
alien-11-7-0.snv.bam	0.0796460176991	0.0867256637168	0.0814159292035	0.0725663716814	0.120353982301	0.0796460176991	0.145132743363	0.0725663716814	0.125663716814	0.0902654867257	0.0	0.0849557522124	0.0654867256637	0.118584070796	0.152212389381	0.0814159292035	0.0070796460177	0.0300884955752	0.0318584070796	0.104424778761	0.116814159292	0.102654867257	0.116814159292	0.134513274336	0.0495575221239	0.012389380531	0.083185840708	0.0814159292035	0.0672566371681	0.0973451327434	0.0	0.0619469026549	0.116814159292	0.0690265486726	0.0973451327434	0.10796460177	0.00530973451327	0.0424778761062	0.152212389381	0.116814159292	0.153982300885	0.127433628319	0.129203539823	0.0654867256637	0.16814159292	0.16814159292	0.0	0.0	0.0
alien-12-7-0.snv.bam	0.0725663716814	0.0796460176991	0.0743362831858	0.0654867256637	0.116814159292	0.0743362831858	0.136283185841	0.0654867256637	0.120353982301	0.083185840708	0.0	0.0796460176991	0.058407079646	0.113274336283	0.143362831858	0.0796460176991	0.0070796460177	0.0300884955752	0.0318584070796	0.0991150442478	0.113274336283	0.0973451327434	0.111504424779	0.12389380531	0.0442477876106	0.0106194690265	0.0778761061947	0.0743362831858	0.0601769911504	0.0902654867257	0.0	0.0548672566372	0.10796460177	0.0619469026549	0.0884955752212	0.102654867257	0.00530973451327	0.0371681415929	0.148672566372	0.115044247788	0.146902654867	0.118584070796	0.125663716814	0.058407079646	0.161061946903	0.164601769912	0.0	0.0	0.0
alien-13-7-0.snv.bam	0.070796460177	0.0778761061947	0.0725663716814	0.0637168141593	0.116814159292	0.0725663716814	0.136283185841	0.0637168141593	0.115044247788	0.0814159292035	0.0	0.0761061946903	0.0566371681416	0.111504424779	0.13982300885	0.0761061946903	0.0070796460177	0.0300884955752	0.0318584070796	0.0973451327434	0.113274336283	0.0955752212389	0.111504424779	0.127433628319	0.0424778761062	0.0106194690265	0.0761061946903	0.0725663716814	0.058407079646	0.0902654867257	0.0	0.0530973451327	0.10796460177	0.0601769911504	0.0920353982301	0.100884955752	0.00530973451327	0.0353982300885	0.148672566372	0.113274336283	0.148672566372	0.116814159292	0.125663716814	0.0619469026549	0.162831858407	0.164601769912	0.0	0.0	0.0
