	158256496-stool2.snv.bam	158944319-stool1.snv.bam	158944319-stool2.snv.bam	158984779-stool1.snv.bam	159227541-stool1.snv.bam	159227541-stool2.snv.bam	159227541-stool3.snv.bam	159571453-stool2.snv.bam	160400887-stool1.snv.bam	160765029-stool1.snv.bam	161412393-stool2.snv.bam	682102541-stool3.snv.bam	763597684-stool2.snv.bam	763901136-stool1.snv.bam	763901136-stool2.snv.bam	764649650-stool2.snv.bam	765256553-stool3.snv.bam	765701615-stool1.snv.bam	765701615-stool2.snv.bam	BYQ_AAAG.snv.bam	BYQ_AAAR.snv.bam	BYQ_AABA.snv.bam	CCIS15794887ST-4-0.snv.bam	CCIS16561622ST-4-0.snv.bam	CCIS41548810ST-4-0.snv.bam	CCIS50471204ST-4-0.snv.bam	CCIS53355328ST-4-0.snv.bam	CCIS74726977ST-3-0.snv.bam	CCIS83870198ST-4-0.snv.bam	CCIS95409808ST-4-0.snv.bam	CCMD46222674ST-21-0.snv.bam	M1.1-V3.metaG.snv.bam	M1.2-V2.metaG.snv.bam	M2.4-V3.metaG.snv.bam	MH0193.snv.bam	MH0195.snv.bam	MH0196.snv.bam	MH0220.snv.bam	MH0222.snv.bam	MH0224.snv.bam	MH0229.snv.bam	MH0244.snv.bam	MH0247.snv.bam	MH0250.snv.bam	MH0253.snv.bam	MH0261.snv.bam	MH0266.snv.bam	MH0267.snv.bam	MH0272.snv.bam	MH0298.snv.bam	MH0301.snv.bam	MH0318.snv.bam	MH0323.snv.bam	MH0338.snv.bam	MH0339.snv.bam	MH0354.snv.bam	MH0364.snv.bam	MH0366.snv.bam	MH0368.snv.bam	MH0373.snv.bam	MH0378.snv.bam	MH0384.snv.bam	MH0385.snv.bam	MH0389.snv.bam	MH0392.snv.bam	MH0394.snv.bam	MH0397.snv.bam	MH0401.snv.bam	MH0405.snv.bam	MH0409.snv.bam	MH0416.snv.bam	MH0417.snv.bam	MH0421.snv.bam	MH0426.snv.bam	MH0430.snv.bam	MH0437.snv.bam	MH0438.snv.bam	MH0440.snv.bam	MH0442.snv.bam	MH0446.snv.bam	MH0447.snv.bam	MH0450.snv.bam	MH0451.snv.bam	MH0452.snv.bam	MH0453.snv.bam	MH0454.snv.bam	MMRS11932626ST-27-0-0.snv.bam	MMRS32573774ST-27-0-0.snv.bam	MMRS33294861ST-27-0-0.snv.bam	MMRS38954404ST-27-0-0.snv.bam	MMRS51410669ST-27-0-0.snv.bam	MMRS54316675ST-27-0-0.snv.bam	MMRS66868025ST-27-0-0.snv.bam	MMRS71762412ST-27-0-0.snv.bam	MMRS86168210ST-27-0-0.snv.bam	MMRS90191266ST-27-0-0.snv.bam	MMRS97052561ST-27-0-0.snv.bam	N037A.snv.bam	N064A.snv.bam	NG-5636_462.snv.bam	NLM031.snv.bam	O2.CD1-0.snv.bam	O2.UC38-1.snv.bam	O2.UC40-1.snv.bam	SAMEA3136645.snv.bam	SAMEA3136654.snv.bam	SAMEA3136676.snv.bam	SAMEA3136694.snv.bam	SAMEA3136699.snv.bam	SAMEA3136705.snv.bam	SAMEA3136713.snv.bam	SAMEA3136717.snv.bam	SAMEA3136721.snv.bam	SAMEA3136723.snv.bam	SAMEA3136727.snv.bam	SAMEA3136751.snv.bam	T2D-11A.snv.bam	T2D-15A.snv.bam	V1.CD4-0-PN.snv.bam	V1.CD50-0.snv.bam	V1.CD55-0.snv.bam	V1.FI04.snv.bam	V1.FI06.snv.bam	V1.FI07.snv.bam	V1.FI14.snv.bam	V1.FI16.snv.bam	V1.FI27.snv.bam	V1.UC58-0.snv.bam	V1.UC62-0.snv.bam	V1.UC63-0.snv.bam
158256496-stool2.snv.bam	0.0	0.125355064096	0.125083609113	0.176691352277	0.14869822604	0.15227136906	0.151421916791	0.144262824695	0.168230228775	0.135084320051	0.193109586683	0.171054979382	0.181375148763	0.150496319441	0.150004781654	0.168771713894	0.165098070423	0.182046433293	0.184104043545	0.176970517499	0.18007086569	0.176447545918	0.159023844402	0.164956963734	0.151823264031	0.136779462793	0.135580704704	0.147078755586	0.17847885366	0.146133467967	0.162045594062	0.151524345742	0.146503737399	0.173045191175	0.166908920425	0.169852510799	0.166331211894	0.173199689775	0.160874494475	0.152148341389	0.140386896098	0.165103264155	0.172291227983	0.139618503972	0.162415449507	0.163453895208	0.158252112907	0.164121022582	0.137190699999	0.16325195037	0.149541621841	0.15194178133	0.16994101116	0.147652064294	0.154773481829	0.164021874504	0.168163435069	0.164945950049	0.137797098791	0.163432551088	0.152781115607	0.148487338996	0.163610631207	0.174641906248	0.150825467152	0.161428761109	0.158993116462	0.160867921998	0.160609146055	0.156451895499	0.166340142084	0.164478442132	0.159135037374	0.163160626105	0.159210917332	0.150130853609	0.170586081619	0.169326130151	0.165961363008	0.175699553979	0.157334852622	0.160474428369	0.168491622481	0.168464783566	0.1787402015	0.17592937505	0.145982939856	0.161366200946	0.142045557079	0.16543934763	0.156224608826	0.177157544174	0.162394549475	0.143877144613	0.150849041805	0.133941627134	0.170685297096	0.164729393044	0.135078228435	0.146228849822	0.156268718498	0.156818934835	0.161674557987	0.155389395628	0.168953194159	0.15915245972	0.158084364001	0.137737635531	0.14682391056	0.165899895237	0.160180306342	0.167173716572	0.147080242371	0.148802578643	0.156863231452	0.166256425297	0.173916777155	0.161939071713	0.159994006846	0.169936139421	0.16649723975	0.144637901123	0.155252435603	0.168892539093	0.157696032162	0.170574809635	0.165195472496	0.114962645181	0.163117503689	0.147706850086
158944319-stool1.snv.bam	0.125355064096	0.0	0.00233933103134	0.158962776768	0.134746419412	0.138595102701	0.137816637886	0.119491256955	0.132970132439	0.025844982769	0.177581836572	0.132764011836	0.14809180518	0.135020751268	0.134517518164	0.153836866242	0.144572249249	0.196296805236	0.198569045351	0.148136511074	0.149708638461	0.146387057142	0.140936683792	0.128848195728	0.143380022413	0.0260616239529	0.124568179453	0.141886689959	0.16231441123	0.140385521175	0.141802072387	0.120784085478	0.122641942012	0.143088493133	0.149930319052	0.150235576452	0.147957277904	0.140507717395	0.118600775369	0.127542606953	0.144384256745	0.117762508581	0.143220017647	0.134374702567	0.128654448817	0.123878640478	0.124308750759	0.157044134988	0.130793045356	0.121688241187	0.126402684795	0.13791574319	0.143438420584	0.118991914235	0.128189846668	0.13113060956	0.156167472062	0.143774112695	0.126461578155	0.149360521993	0.136003380647	0.1439166003	0.14054069247	0.126364921816	0.12827204496	0.126990275991	0.156402047975	0.140087751438	0.141253013689	0.105897678548	0.122613168193	0.125016208156	0.157667378565	0.139573467704	0.13596203579	0.133336575842	0.147731944026	0.10842717657	0.119403009363	0.11378833488	0.133619778794	0.141054918923	0.113874972194	0.125417363883	0.156183534742	0.159409861982	0.13938183554	0.147563636356	0.130476360618	0.140909225529	0.139137779611	0.148814077138	0.154189388373	0.134099271209	0.136078602732	0.0377404867428	0.143225163146	0.144411380592	0.115767890245	0.121897378016	0.127249134631	0.158582944855	0.146488585817	0.153061167791	0.123548646973	0.146164640845	0.127173210359	0.117409826591	0.131092120031	0.146817545665	0.127631723216	0.121483110018	0.123889768316	0.145620939323	0.121826099779	0.1260426267	0.155529705395	0.145336272714	0.140030988902	0.122066834225	0.120561279982	0.138112989849	0.141839840547	0.155435466394	0.150010438912	0.125148280087	0.14816336151	0.150538446492	0.154458529956	0.144253583642
158944319-stool2.snv.bam	0.125083609113	0.00233933103134	0.0	0.153056684417	0.132133974779	0.135781612119	0.134099134976	0.118516127529	0.119689310406	0.0267101872119	0.17765667229	0.126425085589	0.139931947625	0.123827373107	0.123292148332	0.141207787311	0.141557048721	0.196498297638	0.198667723003	0.139123321956	0.140914620089	0.137313198082	0.135172674408	0.125438089838	0.138321640046	0.0270865706138	0.118447760491	0.140240064622	0.14947417927	0.136282059712	0.129778412606	0.112591655068	0.11115003799	0.135066367817	0.14787415366	0.14709464227	0.140448763305	0.128905396001	0.11099013227	0.124104393272	0.136568997448	0.109402725589	0.135400794953	0.126358079723	0.120359619479	0.115027487175	0.116718942661	0.152322833436	0.129008205678	0.110888154051	0.12216790967	0.137073898621	0.135279359553	0.111890911812	0.119342815771	0.123374468321	0.152142859058	0.139908223622	0.11923920454	0.150228081081	0.132828650946	0.13961688467	0.136505958103	0.122159180938	0.124376712309	0.117870751309	0.151758660315	0.138463186222	0.132301995592	0.101877111712	0.113000262889	0.113701736835	0.154942137307	0.139190489385	0.134388767371	0.12779610605	0.141387164452	0.0963525157846	0.11194244269	0.103106102579	0.12722619977	0.140659051664	0.105435845741	0.115627135987	0.146539190914	0.148241003939	0.135147795674	0.143139457582	0.122951120442	0.133285114279	0.135669399295	0.140043689415	0.149106322249	0.125525215789	0.127248655099	0.0358524266181	0.137181798514	0.137957381259	0.104501392705	0.111188187677	0.122919651057	0.154696198771	0.134569776878	0.141368045437	0.113670628262	0.146860411443	0.118614306226	0.10042478355	0.122569895501	0.136272883692	0.120853895877	0.112451925877	0.121041017955	0.139969208612	0.1171083978	0.119508854	0.150565137501	0.140435909685	0.135966627717	0.114149604068	0.112322067409	0.129549937406	0.134193467242	0.150522958729	0.144231341343	0.115689709166	0.14320712218	0.151645383729	0.149671737151	0.140993545201
158984779-stool1.snv.bam	0.176691352277	0.158962776768	0.153056684417	0.0	0.167989047676	0.173743405212	0.174891754096	0.15172733237	0.128472775983	0.169326115182	0.176128118668	0.128904393288	0.15845634923	0.110184089039	0.109879222898	0.153538457033	0.160235128458	0.216053187339	0.219070517933	0.166827100062	0.169432247552	0.16457882834	0.157378343517	0.159019792311	0.137126377475	0.157942465779	0.136015953501	0.140972218579	0.145449189493	0.172859433395	0.167458752683	0.106636886412	0.13951714077	0.161146484683	0.156307348669	0.156387331534	0.0837003117608	0.13934615371	0.145489870083	0.157999388597	0.151230209478	0.146573346607	0.146764199064	0.144617219496	0.140942903235	0.137743815811	0.1379557458	0.147496324319	0.164717192115	0.14038330973	0.153418138333	0.158321027988	0.0697034484413	0.143045813452	0.13138862651	0.144702280459	0.160265318784	0.141374664039	0.139085861261	0.148662592643	0.153834227277	0.14794407095	0.149010297003	0.152108104664	0.153357986673	0.134481214177	0.149897805326	0.143051798935	0.0680863269579	0.141498946499	0.140037484191	0.141153160926	0.15281892625	0.159768771358	0.152058107857	0.130427586752	0.158453514861	0.147461992684	0.14525604575	0.155726064933	0.123082234596	0.147910638872	0.143272646976	0.14192441711	0.0377153171804	0.142170927585	0.146887098856	0.165398677611	0.149772542382	0.155110038574	0.160048307293	0.0877901322839	0.150840102687	0.160708243145	0.148549448067	0.152395560206	0.135384151229	0.164948770172	0.141286336871	0.134400205768	0.146318692528	0.155517692683	0.154859413003	0.159427066971	0.155415256272	0.159844372786	0.135540696111	0.124571406068	0.147447293879	0.167555831035	0.139600976024	0.145683519964	0.152455483695	0.141009545449	0.15098471194	0.150271017713	0.165895255168	0.140760366255	0.142576241661	0.14466568346	0.14406381394	0.15358893002	0.144152526209	0.172459027876	0.166302727096	0.142670081706	0.12870932531	0.173815929095	0.14402827652	0.149116098498
159227541-stool1.snv.bam	0.14869822604	0.134746419412	0.132133974779	0.167989047676	0.0	0.00355076637899	0.00299928455807	0.121844802067	0.151284905655	0.148788807421	0.149635334045	0.121919821661	0.141264602337	0.141324743722	0.14065990904	0.152376683945	0.143831758022	0.204637951228	0.207226779307	0.149357194812	0.15200743804	0.145758414965	0.11725658602	0.121479982625	0.122977662783	0.144593095301	0.117227844433	0.117415490553	0.155857300494	0.150307788017	0.0966841016626	0.134918030244	0.130660458803	0.137195412044	0.145219365732	0.147484024016	0.158274983552	0.133463738515	0.136857545129	0.116121905109	0.130773403591	0.128424387363	0.135340342423	0.126222689589	0.129570473074	0.121916144008	0.126148681069	0.1280408681	0.125124455665	0.124661150626	0.114266349983	0.114100849056	0.147693547765	0.129905431905	0.129158646056	0.131016133273	0.132589266078	0.132460942039	0.119374936079	0.130670777	0.128932810382	0.121403531883	0.0975258099144	0.112712916901	0.124840114072	0.129804545587	0.129758526191	0.123066260896	0.143580485196	0.114235878178	0.134409876523	0.127661039087	0.122047485356	0.130926206495	0.115995357628	0.116783832467	0.135718767534	0.123684794515	0.133040283441	0.130823354875	0.129450147444	0.134433495747	0.12477484344	0.136607433073	0.161413201819	0.150957749269	0.131625189466	0.123312242556	0.124590197411	0.13178015392	0.119928253255	0.163294527014	0.12466611097	0.0424457715427	0.125091746284	0.134434030755	0.131935621114	0.140558660035	0.121670356659	0.132067879309	0.132029552578	0.135589521288	0.13331178076	0.126589878772	0.13327635417	0.131368785887	0.125588900639	0.114218905691	0.111034054133	0.136139873595	0.124899223091	0.136409570238	0.123207338016	0.127120765389	0.121911752792	0.123308878892	0.137898183393	0.14832742933	0.133099629368	0.135551349415	0.135737911179	0.134489908753	0.141981715147	0.155305881394	0.134444749138	0.133289510232	0.138924398721	0.173424718904	0.126358443005	0.123588902332
159227541-stool2.snv.bam	0.15227136906	0.138595102701	0.135781612119	0.173743405212	0.00355076637899	0.0	0.00286088403012	0.127042032545	0.156066065956	0.155992979109	0.152141017948	0.129716719419	0.141269333817	0.14798368588	0.147311477642	0.150376430615	0.144684517844	0.206160906372	0.20858450946	0.151772677815	0.154702198648	0.149346332912	0.125118661568	0.125087003147	0.134884538926	0.151580820795	0.124919008525	0.12264887441	0.157411392713	0.157623778417	0.0964867999376	0.143535314852	0.135603114739	0.139479440756	0.143390654698	0.144875545513	0.163026797814	0.14032455023	0.14369275068	0.116206123833	0.137125716827	0.134988496426	0.141391455712	0.132067682588	0.135438603301	0.131360112907	0.133488066596	0.133947065191	0.132698482342	0.130878036033	0.116085349228	0.112556511112	0.154171352529	0.137444579798	0.132605282567	0.136806546145	0.144255472042	0.134246790468	0.121576715173	0.137670187853	0.133523113844	0.130558557838	0.102050150753	0.121989685242	0.126526429126	0.133036828734	0.140361711181	0.131984370766	0.151901678953	0.122027573491	0.140130687778	0.134283003433	0.13197273901	0.139080813628	0.124864526314	0.125115336663	0.140738168803	0.128423876438	0.138913107921	0.134741497959	0.138875323502	0.143262601433	0.131254870183	0.14231905668	0.167691781987	0.153246029653	0.143231292393	0.128368475012	0.128666510481	0.135808563851	0.124912799467	0.16736606906	0.135505314856	0.0416678694046	0.129926442323	0.14155116629	0.136640556094	0.144224108198	0.127145052852	0.136792517017	0.138710075084	0.136721779855	0.141338808911	0.134905430176	0.138558726899	0.135853897645	0.131826535008	0.121991692761	0.120284322665	0.14569886444	0.13034175532	0.142421092548	0.126639391342	0.138941740973	0.130168754186	0.126814427427	0.147292507702	0.153825343502	0.140831646068	0.141474039376	0.141699959202	0.140782745683	0.142270679879	0.160339883176	0.139784482757	0.138687857501	0.14441669464	0.17675226691	0.137462762854	0.129473297697
159227541-stool3.snv.bam	0.151421916791	0.137816637886	0.134099134976	0.174891754096	0.00299928455807	0.00286088403012	0.0	0.12620515534	0.155314466363	0.152826995612	0.153002132669	0.128622725766	0.140547099019	0.147048226599	0.146153123707	0.14888530386	0.144146842377	0.204317757687	0.206750691759	0.153771837466	0.156192437602	0.150616065752	0.119531217009	0.123417621295	0.1322396372	0.14894838679	0.123311845156	0.120469438688	0.154939399087	0.15316197776	0.0951128492104	0.142034583523	0.132547090121	0.137789983143	0.143086727964	0.144483645571	0.162188215987	0.138987722116	0.142467389139	0.114666081908	0.135814437939	0.133484913567	0.140375455593	0.130782861492	0.13459621962	0.129140341398	0.131973980635	0.131461379228	0.131198632049	0.129007089046	0.114339400812	0.113223919562	0.153815941126	0.135841147045	0.131514293919	0.135332935166	0.141819689759	0.132831964193	0.120992960474	0.136557598419	0.131512279565	0.127715194623	0.1016785804	0.120899888986	0.125607465468	0.131768975015	0.138050868194	0.128853632948	0.15021047741	0.1200800395	0.138999196718	0.130780457745	0.129739875878	0.140274692882	0.121101547375	0.123519981832	0.138351136931	0.127046763817	0.137958640186	0.133810699449	0.137504712395	0.140564261356	0.129769188894	0.140305256181	0.169087444515	0.150540670671	0.138340791609	0.127201893497	0.127207999589	0.134674728692	0.123277634724	0.166700342104	0.132904791887	0.0401127326261	0.127048228792	0.138983558077	0.13547721146	0.144944829785	0.125428831012	0.13388547945	0.134709289321	0.135535749851	0.138647020055	0.128867650031	0.136498337599	0.134331887332	0.130327892262	0.119923882179	0.120699509817	0.139351310763	0.128928617394	0.141059296929	0.124950580674	0.136401295383	0.127737496279	0.124601712233	0.143689563969	0.154629939249	0.137729996463	0.139907366129	0.140582807751	0.139232195767	0.142629725599	0.157741415913	0.138409963714	0.136716673011	0.144881660426	0.176455802127	0.135092068384	0.127796322564
159571453-stool2.snv.bam	0.144262824695	0.119491256955	0.118516127529	0.15172733237	0.121844802067	0.127042032545	0.12620515534	0.0	0.151234762232	0.121536767393	0.168612433524	0.111405429598	0.156454688805	0.135066526442	0.134367537162	0.150041654682	0.14063744707	0.206396829669	0.20807925963	0.150768700493	0.153502558363	0.151436944038	0.140079700598	0.117451703075	0.149926253051	0.12634223303	0.12900850891	0.13665635628	0.142757316596	0.142153341378	0.126195484837	0.13275553531	0.126728257338	0.153032807134	0.146969397151	0.142684042329	0.150552938893	0.113500939607	0.115557472228	0.117073167451	0.141492560789	0.107492514311	0.124426399156	0.133429452261	0.120450039163	0.103907034841	0.114125079387	0.141359070923	0.144522589416	0.105361316593	0.132948453253	0.14120921292	0.136451910589	0.118027030874	0.137110182563	0.123337828514	0.152459106334	0.122210441737	0.128135373158	0.0944733053036	0.0996515852435	0.13262077337	0.121025501906	0.137609097846	0.0774621298574	0.123436361926	0.148849925623	0.117035425053	0.134668635044	0.0939313366658	0.106132841877	0.113964807	0.134265360829	0.130794569063	0.121912034389	0.126109252941	0.132798949753	0.111777204419	0.107194909722	0.113859938709	0.124628620343	0.147811126937	0.1053614776	0.110116362879	0.148266175777	0.137812466305	0.130218393393	0.0708680751872	0.115671461006	0.151608513824	0.0434219294739	0.153883306731	0.145063022869	0.115347277264	0.132041626082	0.118840781537	0.125859916596	0.135369548351	0.131157225954	0.0974467773211	0.13452657484	0.147937042287	0.131128670752	0.126348395973	0.118565600574	0.0995470283132	0.121109813304	0.130889449735	0.124564393558	0.141181768058	0.0883505313657	0.107394983187	0.118721960889	0.142587886034	0.116047565036	0.128547879603	0.145562014252	0.142052461326	0.147408999631	0.107093140428	0.105376499611	0.148085009004	0.148818626543	0.151531370357	0.13587477942	0.107037295404	0.141945710155	0.152981074468	0.150988214449	0.144978628357
160400887-stool1.snv.bam	0.168230228775	0.132970132439	0.119689310406	0.128472775983	0.151284905655	0.156066065956	0.155314466363	0.151234762232	0.0	0.144337698971	0.182041303409	0.113249334576	0.152617352266	0.094314801684	0.0937422261199	0.139755076813	0.144704945536	0.196363396565	0.200360754012	0.163557223645	0.166441539539	0.160957786023	0.145128665246	0.135877164482	0.119339312233	0.144095511927	0.131829123302	0.13286594817	0.153739558067	0.167017637433	0.148952949765	0.10468731436	0.140043405811	0.153500312627	0.147922309569	0.146252932025	0.0947433693604	0.118175969962	0.115936351987	0.121944861709	0.147546891046	0.108450373559	0.136506394366	0.141315388261	0.121432888825	0.11025265688	0.122870195815	0.126564940757	0.140496889596	0.108446132988	0.113878563359	0.141203577784	0.109107612201	0.131475504913	0.106969189992	0.128305466626	0.131962126094	0.141099736171	0.131435045203	0.153024259618	0.152605259615	0.13724552817	0.135063944288	0.125238586457	0.12929245419	0.117832323656	0.126126817886	0.144603631756	0.100486058706	0.106968156667	0.104240035344	0.111577244804	0.130930474825	0.144052161671	0.137752326729	0.118407842869	0.145463510881	0.103997370063	0.108608082924	0.107479829352	0.0992933231516	0.133665511902	0.103716946617	0.108240314865	0.103731887186	0.148797241622	0.150014249987	0.154272753255	0.139445168823	0.143012981615	0.155900941329	0.105843373786	0.135087612927	0.143326505039	0.129266632662	0.137896491329	0.127660616349	0.157402469463	0.13414307662	0.117598244563	0.146697211562	0.136004784777	0.129234014479	0.142334216975	0.122519939154	0.152943716558	0.125725418732	0.114558371594	0.129456678291	0.140181671625	0.117166510501	0.108969140795	0.129042159722	0.119881931302	0.13353491664	0.134561568388	0.167438878998	0.125775799034	0.129790616502	0.106241714772	0.109386270675	0.143649766755	0.140451131854	0.155676469727	0.124092225713	0.110440898955	0.139706932122	0.177556084702	0.126163336841	0.148919318947
160765029-stool1.snv.bam	0.135084320051	0.025844982769	0.0267101872119	0.169326115182	0.148788807421	0.155992979109	0.152826995612	0.121536767393	0.144337698971	0.0	0.190779978687	0.145074081706	0.16188281157	0.149753600451	0.148706717331	0.163024012807	0.153441736485	0.204107193793	0.207925416802	0.156949707822	0.158439123699	0.154922366394	0.155348512516	0.138122049397	0.153401887569	0.00433790956336	0.130158856733	0.148982695912	0.169636994252	0.145343998006	0.149183800534	0.139749504614	0.140886437098	0.155655112725	0.162120750883	0.162874565192	0.158113923953	0.144596467809	0.123509928517	0.133306378476	0.153436121091	0.126357394049	0.151749716532	0.143413521314	0.137527842782	0.126716174512	0.131432377208	0.165122159415	0.150665226458	0.128072916418	0.140911706929	0.149977676384	0.151208410508	0.121752902978	0.141156459211	0.138500155548	0.166547640321	0.156372265128	0.140125145888	0.153071500592	0.143734981441	0.151218393032	0.148815055036	0.139402546009	0.138702389849	0.147916781324	0.165115152141	0.144434084394	0.152612217612	0.118530711187	0.130666394962	0.139749401303	0.170346481136	0.140301956197	0.150964049887	0.144182176752	0.158408914797	0.114861945915	0.126637596841	0.120497591516	0.144199874445	0.145109557896	0.121831951062	0.132829244083	0.166847311547	0.166918988583	0.149329143983	0.152778292699	0.136745225534	0.15470201919	0.142477616558	0.162832538423	0.163170497568	0.146154849556	0.141032011024	0.0200198275418	0.149098947296	0.15447947872	0.128418163559	0.126177011136	0.132254178876	0.176467849095	0.146065528367	0.160459560625	0.131057864356	0.156599663788	0.134016213081	0.121897790971	0.137546099541	0.161100896329	0.13190999782	0.1288408722	0.135072025098	0.152555921277	0.131938422489	0.1356904493	0.153958012659	0.162883817216	0.157441669972	0.129143882061	0.127617263512	0.145806905935	0.154713518837	0.167009180007	0.160959185345	0.132682747184	0.157399053949	0.161401748158	0.162774279898	0.157141088559
161412393-stool2.snv.bam	0.193109586683	0.177581836572	0.17765667229	0.176128118668	0.149635334045	0.152141017948	0.153002132669	0.168612433524	0.182041303409	0.190779978687	0.0	0.141672532341	0.156765331321	0.167314296371	0.166311177743	0.1859442044	0.157467596279	0.227577442877	0.228727455478	0.172697721682	0.174139341457	0.169698509536	0.15547750792	0.155323666024	0.153757595781	0.188270151893	0.159741712843	0.154471165924	0.153612240673	0.183263727039	0.160371566549	0.167264807428	0.160656387617	0.165712789758	0.160457813048	0.158787578639	0.162401605132	0.181933223601	0.169183680971	0.145493992439	0.164766336413	0.161783083494	0.167487433348	0.160536379523	0.154882088523	0.161626062454	0.151159528025	0.164900289809	0.17410132868	0.160738447592	0.151400200408	0.146496946031	0.174255173355	0.162063034221	0.15914805188	0.156851279597	0.175360574713	0.133612483179	0.157766745532	0.159797540016	0.163995255204	0.153184713302	0.148595161868	0.146232835389	0.16552530827	0.140280483611	0.170223192034	0.1581679384	0.15815841817	0.154348643839	0.163877616271	0.170493909056	0.172346637757	0.161531827011	0.159476635488	0.156857655725	0.162420718704	0.161669163132	0.163373716655	0.165805100545	0.16871956275	0.145165898044	0.161371392577	0.166736075854	0.179624544416	0.148573295478	0.177436722689	0.169705537366	0.150761839921	0.159026161584	0.17120447765	0.178594574959	0.172078471688	0.143009087483	0.144250290919	0.17716113063	0.153919906517	0.168142489019	0.15937739811	0.151331974611	0.145172599284	0.147788963534	0.151942366152	0.168759026656	0.168135232582	0.176324815422	0.149181651228	0.138090280539	0.145232041764	0.184225066127	0.158824502151	0.164449440469	0.148389300742	0.165206081152	0.161676372766	0.141908203108	0.14890365668	0.188291759898	0.162403773551	0.166480725268	0.164813658964	0.168030401322	0.157150365609	0.177192516305	0.167678718163	0.164256672816	0.163331933912	0.211239578041	0.164496299208	0.153411568192
682102541-stool3.snv.bam	0.171054979382	0.132764011836	0.126425085589	0.128904393288	0.121919821661	0.129716719419	0.128622725766	0.111405429598	0.113249334576	0.145074081706	0.141672532341	0.0	0.140308624563	0.11753017479	0.116878731813	0.129822198487	0.118895490449	0.211786465677	0.215011126239	0.138903887687	0.139931778872	0.13721408797	0.132903997145	0.0834878946313	0.123154135758	0.140190194902	0.122988051797	0.119483201534	0.105605211119	0.14144669458	0.130483296322	0.115506825782	0.11838593013	0.141362788375	0.122911734018	0.123325007375	0.113496025139	0.125142979016	0.119772094745	0.0984906493232	0.13985823388	0.107770780785	0.129439432021	0.134741864198	0.119046315089	0.104950776235	0.110760691473	0.134431058706	0.126743887596	0.102701667395	0.101131435149	0.120671151012	0.121047840716	0.122234090407	0.106898073801	0.117560383685	0.147141940316	0.0877554905779	0.121681290719	0.12879363981	0.130898182281	0.114835366259	0.0889420481028	0.11750027871	0.116393738208	0.0414666520578	0.136324386361	0.0816222747202	0.103873401845	0.100945036357	0.104925622901	0.119176453109	0.131358461198	0.138002047141	0.128090802888	0.120784653571	0.124115302554	0.106740194654	0.106683724871	0.116139321126	0.124910976044	0.125789484068	0.102496303458	0.107544408697	0.124923014015	0.101974351328	0.139247388628	0.115419335153	0.115798453603	0.136437214121	0.122283703708	0.124766156879	0.135738321521	0.120990027806	0.113622265287	0.131728679976	0.0450627894766	0.158328534103	0.127503520197	0.107095519249	0.125094644412	0.107005201615	0.114833515601	0.129623419167	0.112506033959	0.140152570439	0.112490835842	0.10497345639	0.119597350842	0.14610723546	0.106243731682	0.107126971005	0.092215971593	0.129029533885	0.116617989893	0.10911205888	0.153134706143	0.146994456391	0.115312863812	0.109271387808	0.107277322796	0.127199564785	0.125142759478	0.155034073885	0.11784057872	0.107391002253	0.13511594824	0.1749296322	0.132152777188	0.133273881724
763597684-stool2.snv.bam	0.181375148763	0.14809180518	0.139931947625	0.15845634923	0.141264602337	0.141269333817	0.140547099019	0.156454688805	0.152617352266	0.16188281157	0.156765331321	0.140308624563	0.0	0.130252441625	0.13089273164	0.148285771182	0.149823726395	0.205017133344	0.208461604572	0.169732069796	0.170813194538	0.168930708192	0.12762359705	0.138051612692	0.141932088131	0.159757706	0.125264169368	0.133555769618	0.140199307521	0.167208030316	0.144211940199	0.13134440313	0.134105900987	0.150580597132	0.15039789106	0.146967535423	0.153607712486	0.135036091883	0.140491891767	0.136361857781	0.15861520684	0.14102467449	0.152480025705	0.147764368604	0.141002342536	0.132056714633	0.139165493269	0.142959822305	0.157199449097	0.144950741119	0.124944519984	0.157340427749	0.148869280499	0.143414680287	0.126703697276	0.144333006789	0.143146373986	0.128936785413	0.133081671425	0.148203935936	0.147201275964	0.142274044541	0.130956496379	0.130968599586	0.149387933475	0.126195240025	0.147425085945	0.142768378828	0.145437871666	0.128284620286	0.141002075074	0.13997891046	0.157095164128	0.153571989056	0.163620790177	0.130226060976	0.139149554594	0.128102279453	0.139449424467	0.136884443496	0.145566765826	0.148799819781	0.134471475857	0.143010765145	0.159378256659	0.141706695825	0.141642524021	0.155762366495	0.130595658338	0.149760984379	0.156027477401	0.147020161416	0.147196983568	0.124762231313	0.136168068782	0.156259582153	0.141711657578	0.153609563963	0.137908000349	0.128656916233	0.144215630757	0.156779967369	0.141076423116	0.157439593828	0.141586180068	0.162858675072	0.137306829263	0.115397735441	0.145219139912	0.150478537368	0.135404702046	0.140663566984	0.135247954207	0.140743377176	0.138738489448	0.139588258979	0.160739813063	0.155374430672	0.155030595829	0.138866758367	0.141981819323	0.149021181541	0.142312560493	0.17564972687	0.148953363002	0.142187728608	0.136565989752	0.194066134011	0.144809423594	0.136532131892
763901136-stool1.snv.bam	0.150496319441	0.135020751268	0.123827373107	0.110184089039	0.141324743722	0.14798368588	0.147048226599	0.135066526442	0.094314801684	0.149753600451	0.167314296371	0.11753017479	0.130252441625	0.0	0.002490828199	0.134466523454	0.138391249562	0.201707055688	0.205042164684	0.158130459504	0.159792428655	0.155074186959	0.136366549483	0.13098419866	0.128008749831	0.144509917547	0.110330642095	0.122520061342	0.153281704203	0.155808405498	0.138271275374	0.0386268733375	0.0621178314151	0.145572890392	0.140459207798	0.140396659408	0.074239524418	0.111529012774	0.125252950398	0.137653220934	0.141254573104	0.120245503058	0.12269815734	0.137533947026	0.117846217428	0.11904036583	0.114549793404	0.137403835383	0.119896847546	0.124222254503	0.126359023201	0.135673749732	0.081744081641	0.123723473651	0.091584137169	0.12328171877	0.149581924827	0.12884683918	0.125843560743	0.149718253004	0.133763565098	0.13450549359	0.132956623345	0.125840705291	0.138467235462	0.123152459119	0.138141118876	0.135787628167	0.0789064673282	0.116798265156	0.120020184945	0.11375377186	0.132241767361	0.131129714852	0.141816359807	0.118516080117	0.141987357589	0.120270474957	0.126289548484	0.129310779631	0.0986134276211	0.133684189725	0.117123808542	0.121478548056	0.0768647391491	0.146339593001	0.122886456498	0.14439278262	0.13240260062	0.129525683997	0.139679669938	0.0759143678605	0.136921777942	0.131006074184	0.127642421187	0.136202324978	0.109350083063	0.141413673445	0.112772852985	0.119145298188	0.128323618061	0.155119902823	0.130694487658	0.146758371814	0.129134001482	0.156224614577	0.118537614132	0.109298308934	0.119536405562	0.142180929941	0.12502243547	0.127096087435	0.121302395667	0.130329494286	0.128742628015	0.136903809055	0.156271066828	0.086815727854	0.138244142893	0.125352793267	0.124623035727	0.133006707794	0.13378721505	0.148785308565	0.127907469704	0.122990451704	0.139199325937	0.16648827732	0.134931206371	0.125752615486
763901136-stool2.snv.bam	0.150004781654	0.134517518164	0.123292148332	0.109879222898	0.14065990904	0.147311477642	0.146153123707	0.134367537162	0.0937422261199	0.148706717331	0.166311177743	0.116878731813	0.13089273164	0.002490828199	0.0	0.134059316028	0.13711017865	0.20044232495	0.204149218645	0.157792197061	0.159314958782	0.154701136782	0.135425930004	0.13049269745	0.127713474	0.143888282532	0.10957924759	0.122316935827	0.152967266793	0.15475473986	0.137416671202	0.0393097339485	0.0623203864032	0.146966525359	0.139692583891	0.139238592347	0.0735123122476	0.110140112094	0.124953272406	0.136889781339	0.140613502723	0.118635300692	0.121506867741	0.137235819878	0.116956425878	0.118340185249	0.113986053924	0.13689385026	0.119018116784	0.123722570288	0.125278026773	0.134628759333	0.0811099172834	0.122869354307	0.0910089747819	0.122821357782	0.149238323107	0.127835493931	0.124966667342	0.149334978931	0.13326616729	0.134166041455	0.13224074074	0.124827229955	0.137572614051	0.122055707302	0.137401314815	0.134870001293	0.0783735875053	0.115818186178	0.11976188039	0.11267034674	0.131148233464	0.131506885562	0.141375743761	0.118104427394	0.140809052931	0.118773641752	0.125710816875	0.128300225141	0.0976294017088	0.13194995279	0.115610554598	0.120846600252	0.0757583736024	0.14545499339	0.121153096707	0.143996331411	0.131925798054	0.128380403491	0.139323005939	0.0753457140062	0.136644735358	0.13077245405	0.126478930867	0.135694007232	0.11050825796	0.140695423053	0.111784252634	0.118947316398	0.127704379173	0.154620131999	0.130512085598	0.146136201377	0.128862950902	0.155770216838	0.118072438151	0.108199975485	0.119218315959	0.141544769075	0.124635898777	0.126866512408	0.120672638679	0.129869769094	0.127871936599	0.136445795151	0.154788615407	0.0862081987539	0.13758392976	0.124758671383	0.124284383419	0.132631314077	0.133214274777	0.149547779701	0.127216438197	0.122551513321	0.140433128516	0.165698268727	0.134444845629	0.124324687364
764649650-stool2.snv.bam	0.168771713894	0.153836866242	0.141207787311	0.153538457033	0.152376683945	0.150376430615	0.14888530386	0.150041654682	0.139755076813	0.163024012807	0.1859442044	0.129822198487	0.148285771182	0.134466523454	0.134059316028	0.0	0.153464536026	0.221403696162	0.224793435952	0.168964627632	0.171763734833	0.167990198887	0.127429336476	0.132415196553	0.123503757674	0.159829320478	0.127917691403	0.133684245345	0.135226868685	0.16511400107	0.143158674908	0.138690490533	0.138544274048	0.154716320099	0.139298803921	0.140485279539	0.139485982263	0.139783711602	0.136611409509	0.13566095501	0.146521153861	0.139323494104	0.127362627571	0.142672975749	0.132152090704	0.132549777162	0.122267718056	0.126957436512	0.146903861611	0.138124931071	0.120521272538	0.140978088219	0.137437074682	0.132331067967	0.124277360866	0.125559168186	0.139751499808	0.116690969609	0.13106705599	0.148546539648	0.137573800443	0.133509121156	0.136471476284	0.137787378411	0.137809587564	0.122275608659	0.136309571471	0.132248178276	0.134309760242	0.128172583752	0.130994853661	0.129002426352	0.134729294533	0.157856328064	0.146345321295	0.131605313234	0.150690718103	0.134859013814	0.134708515366	0.141513781412	0.136013334058	0.143766751459	0.132558020245	0.128474376394	0.141481717313	0.131074435203	0.134278592435	0.141811366075	0.126358738877	0.15690994859	0.15364485147	0.150379396997	0.136232173556	0.134663010641	0.121081342774	0.154027537305	0.136418234181	0.145074815148	0.152701495239	0.126741790468	0.145480923731	0.151365601602	0.145169065224	0.141237889171	0.136087853382	0.156332372366	0.129831836077	0.112346859352	0.142153970127	0.135134366549	0.134946698259	0.135053876034	0.131622716463	0.132783897694	0.143946647877	0.14179070104	0.162953200285	0.148838907318	0.141294275101	0.135758408237	0.13524742359	0.146869453232	0.0911235166058	0.14880515479	0.132305075242	0.133657986926	0.131195720676	0.180231030238	0.133115892742	0.146773695105
765256553-stool3.snv.bam	0.165098070423	0.144572249249	0.141557048721	0.160235128458	0.143831758022	0.144684517844	0.144146842377	0.14063744707	0.144704945536	0.153441736485	0.157467596279	0.118895490449	0.149823726395	0.138391249562	0.13711017865	0.153464536026	0.0	0.198447459907	0.201390418378	0.163415393322	0.166328600778	0.162326703928	0.146261261261	0.1298582248	0.134277003484	0.151331903534	0.122286821705	0.136185464302	0.133550026988	0.147847199358	0.13023660936	0.124030973868	0.13670679358	0.14235133758	0.0439908728133	0.0432242987951	0.151536655774	0.150121587614	0.140936687156	0.13182064111	0.135160632788	0.132934106578	0.141218934269	0.127854596786	0.131369444152	0.141454404972	0.132142511668	0.144799244993	0.139207539819	0.136571083233	0.133657682812	0.0550785248344	0.148603161519	0.138494653023	0.137547975012	0.139021560157	0.130903511643	0.134695357723	0.134135208782	0.12661577775	0.127819486635	0.119223379029	0.126267863199	0.118113761446	0.133078539147	0.118733598732	0.145614619233	0.112120854296	0.146407501667	0.13006741057	0.144180483522	0.149421508758	0.128379132892	0.14461191096	0.150058241402	0.125984659701	0.148711033961	0.127284724785	0.13871572218	0.132197184998	0.138095102427	0.136566493535	0.130952979046	0.145736721215	0.159874241511	0.127724001411	0.128015734266	0.139652455793	0.123451025428	0.153373364577	0.142537553705	0.143246638189	0.140112262522	0.127268827939	0.13046546237	0.14167911025	0.129438741525	0.157452634908	0.121900497161	0.134257525412	0.130560771687	0.162401818203	0.139712473852	0.139512994591	0.137947732071	0.156183567356	0.126465417872	0.110179924242	0.135217124986	0.140169021317	0.13368024304	0.140250787458	0.120814882028	0.136571675302	0.137892007467	0.132835763694	0.155665045616	0.160692472408	0.160733795596	0.142063073731	0.140285633043	0.145785588347	0.153863992347	0.164837891615	0.144530794147	0.143036088914	0.14979036532	0.167251064789	0.135653642729	0.115564171285
765701615-stool1.snv.bam	0.182046433293	0.196296805236	0.196498297638	0.216053187339	0.204637951228	0.206160906372	0.204317757687	0.206396829669	0.196363396565	0.204107193793	0.227577442877	0.211786465677	0.205017133344	0.201707055688	0.20044232495	0.221403696162	0.198447459907	0.0	0.00168864629606	0.228885524288	0.229845330884	0.225039080013	0.183245854221	0.213622671643	0.181751941105	0.20379184937	0.171856084814	0.180331788819	0.21270774016	0.176339956946	0.200660684637	0.198711078078	0.206306948463	0.182570246126	0.214553028079	0.208394580861	0.208720197819	0.210311376604	0.201244851809	0.217501933965	0.199359582868	0.202073311851	0.203787794451	0.189809020455	0.198141747573	0.189817089169	0.198145682759	0.187412082282	0.207790021839	0.201752723503	0.176375122032	0.20519397362	0.211022735626	0.195259271696	0.192651381143	0.201336816435	0.184211093559	0.193341830894	0.172649662355	0.183078335814	0.19809311608	0.191885340518	0.198461098028	0.217666369993	0.185063855308	0.202599348895	0.19090664071	0.198702944705	0.19826294153	0.187885050838	0.206460751338	0.209396943133	0.184735418415	0.200819021474	0.212699336802	0.183200690615	0.197833389216	0.192731713309	0.20458449782	0.197546775228	0.19752351421	0.195868279593	0.196598722816	0.207214461355	0.216724369699	0.210176481935	0.19604566289	0.194581638763	0.192951478395	0.19348602805	0.19360299491	0.208358651024	0.183417933886	0.189017549765	0.188008110676	0.199971657368	0.21602198366	0.190735479266	0.171163963094	0.198989319968	0.211657441108	0.166561155796	0.206763899584	0.182805717253	0.2007478071	0.179629103232	0.193659873911	0.18223700463	0.188237179038	0.200809132491	0.193019097982	0.206640263096	0.199216412522	0.176693762549	0.189963382075	0.200857677693	0.210007186524	0.228469991004	0.179194641774	0.204099881177	0.204393870119	0.196802611785	0.202115138274	0.186647943613	0.192804930164	0.206334567523	0.198080315301	0.18944633947	0.193793218876	0.184634489665
765701615-stool2.snv.bam	0.184104043545	0.198569045351	0.198667723003	0.219070517933	0.207226779307	0.20858450946	0.206750691759	0.20807925963	0.200360754012	0.207925416802	0.228727455478	0.215011126239	0.208461604572	0.205042164684	0.204149218645	0.224793435952	0.201390418378	0.00168864629606	0.0	0.230033833332	0.230896040524	0.22613403903	0.187109816845	0.216624079356	0.183184737996	0.207083557693	0.175330429902	0.183616370373	0.215730906921	0.178022076686	0.202321175258	0.202187811843	0.207568860195	0.186059384149	0.21852981497	0.211731059934	0.212641430324	0.214133796763	0.204553376488	0.219289436499	0.203845053343	0.205870567758	0.208036097977	0.194075713758	0.202212123163	0.193496015128	0.201752214716	0.191251520465	0.211852158238	0.205455548586	0.179469556221	0.209430475128	0.214968678707	0.199056221038	0.19645144475	0.204044115398	0.186210298749	0.197548210143	0.177184300734	0.185159753578	0.20032413078	0.195657318277	0.201600280928	0.22129464302	0.187894850587	0.206492223333	0.192885760541	0.200945560915	0.202600374988	0.192030097159	0.210371325636	0.212818391352	0.188402184169	0.20271100048	0.215043366806	0.186552067237	0.199802021805	0.196484826737	0.208833311622	0.201561613356	0.20075954839	0.19794902353	0.200349191431	0.211120026986	0.220741709091	0.214176643793	0.196259820081	0.197682403786	0.195906767403	0.195187135759	0.195515849133	0.21130488777	0.184754235508	0.190571577751	0.191290254316	0.203009394806	0.218908776458	0.194550565217	0.174722842899	0.200295561821	0.214081669357	0.169988742804	0.208301180209	0.186274318517	0.203756128944	0.18118863452	0.196314360472	0.184968034275	0.190642972208	0.203860490433	0.195932488037	0.209483930883	0.202173525897	0.178095865936	0.191887744162	0.203664462793	0.211944332179	0.231574698113	0.181642441287	0.208106199743	0.207933249978	0.199734064371	0.205142428272	0.187918459439	0.196444374483	0.209929184709	0.201172584901	0.192263957236	0.195983021279	0.185232747303
