	158479027-stool1.snv.bam	158499257-stool1.snv.bam	159207311-stool1.snv.bam	159207311-stool2.snv.bam	159227541-stool3.snv.bam	159551223-stool1.snv.bam	159571453-stool2.snv.bam	604812005-stool1.snv.bam	706846339-stool1.snv.bam	763395383-stool3.snv.bam	764002286-stool2.snv.bam	764224817-stool1.snv.bam	764487809-stool1.snv.bam	764487809-stool2.snv.bam	764649650-stool2.snv.bam	765074482-stool1.snv.bam	765074482-stool2.snv.bam	765256553-stool3.snv.bam	CCIS10706551ST-3-0.snv.bam	CCIS15794887ST-4-0.snv.bam	CCIS19142497ST-3-0.snv.bam	CCIS38765456ST-20-0.snv.bam	CCIS70398272ST-4-0.snv.bam	CCIS87116798ST-4-0.snv.bam	CCIS90164298ST-4-0.snv.bam	CCIS94417875ST-3-0.snv.bam	CCIS95409808ST-4-0.snv.bam	CCMD46947453ST-21-0.snv.bam	ED16A.snv.bam	M1.1-V2.metaG.snv.bam	MH0193.snv.bam	MH0252.snv.bam	MH0326.snv.bam	MH0336.snv.bam	MH0373.snv.bam	MH0378.snv.bam	MH0395.snv.bam	MH0433.snv.bam	MH0434.snv.bam	MH0450.snv.bam	MH0454.snv.bam	MMRS51410669ST-27-0-0.snv.bam	MMRS57276462ST-27-0-0.snv.bam	MMRS81671217ST-27-0-0.snv.bam	MMRS88581325ST-27-0-0.snv.bam	N066A.snv.bam	NG-5636_488.snv.bam	NOF012.snv.bam	O2.UC11-1.snv.bam	O2.UC13-1.snv.bam	O2.UC16-1.snv.bam	O2.UC18-1.snv.bam	O2.UC20-1.snv.bam	O2.UC3-1.snv.bam	O2.UC41-1.snv.bam	O2.UC48-0.snv.bam	O2.UC48-1.snv.bam	SZEY-07A.snv.bam	T2D-108A.snv.bam	T2D-59A.snv.bam	T2D-70A.snv.bam	V1.CD19-0.snv.bam	V1.CD50-0.snv.bam	V1.FI12.snv.bam	V1.FI28.snv.bam	V1.UC23-1.snv.bam	V1.UC32-0.snv.bam	V1.UC40-1.snv.bam	V1.UC47-0.snv.bam	V1.UC55-0.snv.bam	V1.UC63-0.snv.bam	V1.UC64-0.snv.bam
158479027-stool1.snv.bam	0.0	0.111716621253	0.198910081744	0.220708446866	0.122615803815	0.0953678474114	0.0899182561308	0.130790190736	0.0980926430518	0.0817438692098	0.117166212534	0.149863760218	0.0953678474114	0.114441416894	0.152588555858	0.0708446866485	0.0708446866485	0.138964577657	0.111716621253	0.100817438692	0.0708446866485	0.0762942779292	0.0708446866485	0.103542234332	0.16348773842	0.0790190735695	0.100817438692	0.133514986376	0.0817438692098	0.0844686648501	0.0653950953678	0.0980926430518	0.0899182561308	0.0926430517711	0.0953678474114	0.0844686648501	0.108991825613	0.100817438692	0.114441416894	0.100817438692	0.0735694822888	0.130790190736	0.0735694822888	0.0708446866485	0.130790190736	0.125340599455	0.0653950953678	0.117166212534	0.119891008174	0.0844686648501	0.0980926430518	0.144414168937	0.0953678474114	0.0844686648501	0.0790190735695	0.149863760218	0.152588555858	0.106267029973	0.177111716621	0.141689373297	0.16621253406	0.0681198910082	0.111716621253	0.0899182561308	0.111716621253	0.111716621253	0.0844686648501	0.103542234332	0.111716621253	0.147138964578	0.125340599455	0.0953678474114
158499257-stool1.snv.bam	0.111716621253	0.0	0.185286103542	0.209809264305	0.114441416894	0.103542234332	0.119891008174	0.158038147139	0.125340599455	0.125340599455	0.16348773842	0.149863760218	0.117166212534	0.133514986376	0.158038147139	0.111716621253	0.111716621253	0.125340599455	0.182561307902	0.133514986376	0.122615803815	0.111716621253	0.114441416894	0.138964577657	0.185286103542	0.0844686648501	0.130790190736	0.16348773842	0.128065395095	0.117166212534	0.133514986376	0.133514986376	0.0762942779292	0.122615803815	0.114441416894	0.0926430517711	0.0980926430518	0.111716621253	0.100817438692	0.111716621253	0.106267029973	0.141689373297	0.100817438692	0.0953678474114	0.147138964578	0.147138964578	0.108991825613	0.141689373297	0.152588555858	0.130790190736	0.130790190736	0.16621253406	0.114441416894	0.0899182561308	0.119891008174	0.155313351499	0.160762942779	0.152588555858	0.185286103542	0.152588555858	0.182561307902	0.103542234332	0.0790190735695	0.117166212534	0.144414168937	0.136239782016	0.114441416894	0.138964577657	0.117166212534	0.149863760218	0.117166212534	0.108991825613
159207311-stool1.snv.bam	0.198910081744	0.185286103542	0.0	0.0	0.226158038147	0.185286103542	0.190735694823	0.261580381471	0.188010899183	0.207084468665	0.272479564033	0.242506811989	0.217983651226	0.234332425068	0.144414168937	0.201634877384	0.201634877384	0.24795640327	0.242506811989	0.234332425068	0.190735694823	0.215258855586	0.217983651226	0.242506811989	0.193460490463	0.198910081744	0.234332425068	0.198910081744	0.196185286104	0.207084468665	0.223433242507	0.217983651226	0.201634877384	0.196185286104	0.226158038147	0.188010899183	0.190735694823	0.215258855586	0.209809264305	0.196185286104	0.198910081744	0.25068119891	0.190735694823	0.204359673025	0.245231607629	0.190735694823	0.204359673025	0.149863760218	0.212534059946	0.215258855586	0.220708446866	0.226158038147	0.212534059946	0.201634877384	0.226158038147	0.242506811989	0.24795640327	0.177111716621	0.188010899183	0.138964577657	0.190735694823	0.209809264305	0.215258855586	0.223433242507	0.215258855586	0.24795640327	0.185286103542	0.220708446866	0.215258855586	0.242506811989	0.228882833787	0.209809264305
159207311-stool2.snv.bam	0.220708446866	0.209809264305	0.0	0.0	0.25340599455	0.201634877384	0.215258855586	0.291553133515	0.217983651226	0.228882833787	0.302452316076	0.272479564033	0.245231607629	0.261580381471	0.171662125341	0.228882833787	0.228882833787	0.275204359673	0.24795640327	0.256130790191	0.212534059946	0.242506811989	0.242506811989	0.267029972752	0.220708446866	0.226158038147	0.258855585831	0.226158038147	0.217983651226	0.234332425068	0.25068119891	0.24795640327	0.226158038147	0.220708446866	0.25340599455	0.209809264305	0.223433242507	0.242506811989	0.237057220708	0.220708446866	0.226158038147	0.275204359673	0.212534059946	0.228882833787	0.269754768392	0.212534059946	0.226158038147	0.179836512262	0.237057220708	0.237057220708	0.25068119891	0.25068119891	0.239782016349	0.226158038147	0.25068119891	0.267029972752	0.272479564033	0.190735694823	0.201634877384	0.160762942779	0.217983651226	0.237057220708	0.239782016349	0.24795640327	0.239782016349	0.277929155313	0.212534059946	0.237057220708	0.239782016349	0.267029972752	0.256130790191	0.234332425068
159227541-stool3.snv.bam	0.122615803815	0.114441416894	0.226158038147	0.25340599455	0.0	0.100817438692	0.114441416894	0.108991825613	0.136239782016	0.125340599455	0.111716621253	0.144414168937	0.100817438692	0.117166212534	0.185286103542	0.122615803815	0.122615803815	0.119891008174	0.179836512262	0.117166212534	0.103542234332	0.0871934604905	0.111716621253	0.125340599455	0.201634877384	0.108991825613	0.141689373297	0.177111716621	0.147138964578	0.133514986376	0.122615803815	0.122615803815	0.119891008174	0.122615803815	0.0980926430518	0.108991825613	0.125340599455	0.0980926430518	0.117166212534	0.122615803815	0.0953678474114	0.152588555858	0.103542234332	0.125340599455	0.130790190736	0.152588555858	0.119891008174	0.16621253406	0.147138964578	0.130790190736	0.144414168937	0.1689373297	0.141689373297	0.103542234332	0.136239782016	0.16348773842	0.16621253406	0.147138964578	0.193460490463	0.185286103542	0.188010899183	0.125340599455	0.108991825613	0.0980926430518	0.138964577657	0.158038147139	0.119891008174	0.144414168937	0.122615803815	0.155313351499	0.0408719346049	0.141689373297
159551223-stool1.snv.bam	0.0953678474114	0.103542234332	0.185286103542	0.201634877384	0.100817438692	0.0	0.130790190736	0.133514986376	0.138964577657	0.114441416894	0.128065395095	0.149863760218	0.114441416894	0.130790190736	0.158038147139	0.108991825613	0.108991825613	0.117166212534	0.160762942779	0.0980926430518	0.0980926430518	0.0871934604905	0.106267029973	0.106267029973	0.16348773842	0.100817438692	0.103542234332	0.16621253406	0.119891008174	0.141689373297	0.119891008174	0.144414168937	0.0899182561308	0.133514986376	0.0926430517711	0.0762942779292	0.111716621253	0.103542234332	0.133514986376	0.138964577657	0.111716621253	0.136239782016	0.128065395095	0.114441416894	0.138964577657	0.149863760218	0.117166212534	0.152588555858	0.149863760218	0.100817438692	0.122615803815	0.158038147139	0.114441416894	0.0980926430518	0.108991825613	0.149863760218	0.152588555858	0.133514986376	0.160762942779	0.138964577657	0.179836512262	0.111716621253	0.103542234332	0.130790190736	0.144414168937	0.136239782016	0.106267029973	0.133514986376	0.130790190736	0.147138964578	0.125340599455	0.114441416894
159571453-stool2.snv.bam	0.0899182561308	0.119891008174	0.190735694823	0.215258855586	0.114441416894	0.130790190736	0.0	0.125340599455	0.0980926430518	0.0599455040872	0.133514986376	0.147138964578	0.0953678474114	0.111716621253	0.171662125341	0.100817438692	0.100817438692	0.130790190736	0.128065395095	0.0953678474114	0.0980926430518	0.0735694822888	0.0953678474114	0.0762942779292	0.147138964578	0.0926430517711	0.119891008174	0.119891008174	0.0980926430518	0.106267029973	0.0844686648501	0.0926430517711	0.103542234332	0.0653950953678	0.114441416894	0.0980926430518	0.117166212534	0.100817438692	0.0953678474114	0.0844686648501	0.0899182561308	0.128065395095	0.0899182561308	0.0899182561308	0.147138964578	0.0817438692098	0.0980926430518	0.155313351499	0.0980926430518	0.0926430517711	0.125340599455	0.130790190736	0.141689373297	0.125340599455	0.103542234332	0.155313351499	0.160762942779	0.0926430517711	0.141689373297	0.174386920981	0.138964577657	0.0871934604905	0.108991825613	0.0790190735695	0.0953678474114	0.136239782016	0.0817438692098	0.106267029973	0.0899182561308	0.149863760218	0.117166212534	0.125340599455
604812005-stool1.snv.bam	0.130790190736	0.158038147139	0.261580381471	0.291553133515	0.108991825613	0.133514986376	0.125340599455	0.0	0.119891008174	0.130790190736	0.016348773842	0.196185286104	0.0871934604905	0.0899182561308	0.133514986376	0.128065395095	0.128065395095	0.114441416894	0.185286103542	0.128065395095	0.130790190736	0.0653950953678	0.122615803815	0.117166212534	0.152588555858	0.136239782016	0.0899182561308	0.196185286104	0.141689373297	0.138964577657	0.111716621253	0.114441416894	0.152588555858	0.147138964578	0.0817438692098	0.147138964578	0.158038147139	0.128065395095	0.130790190736	0.128065395095	0.103542234332	0.0817438692098	0.122615803815	0.155313351499	0.0544959128065	0.1689373297	0.119891008174	0.182561307902	0.158038147139	0.136239782016	0.111716621253	0.130790190736	0.130790190736	0.125340599455	0.152588555858	0.111716621253	0.111716621253	0.136239782016	0.207084468665	0.234332425068	0.209809264305	0.136239782016	0.122615803815	0.114441416894	0.149863760218	0.122615803815	0.136239782016	0.155313351499	0.125340599455	0.106267029973	0.122615803815	0.185286103542
706846339-stool1.snv.bam	0.0980926430518	0.125340599455	0.188010899183	0.217983651226	0.136239782016	0.138964577657	0.0980926430518	0.119891008174	0.0	0.0926430517711	0.125340599455	0.179836512262	0.144414168937	0.160762942779	0.103542234332	0.0899182561308	0.0899182561308	0.1689373297	0.160762942779	0.111716621253	0.117166212534	0.0790190735695	0.122615803815	0.111716621253	0.144414168937	0.108991825613	0.130790190736	0.117166212534	0.0790190735695	0.111716621253	0.122615803815	0.0817438692098	0.125340599455	0.0980926430518	0.141689373297	0.119891008174	0.108991825613	0.136239782016	0.111716621253	0.0953678474114	0.125340599455	0.136239782016	0.0899182561308	0.117166212534	0.119891008174	0.108991825613	0.0599455040872	0.117166212534	0.158038147139	0.136239782016	0.0926430517711	0.16621253406	0.125340599455	0.108991825613	0.141689373297	0.155313351499	0.160762942779	0.0762942779292	0.141689373297	0.196185286104	0.155313351499	0.114441416894	0.117166212534	0.111716621253	0.144414168937	0.119891008174	0.0926430517711	0.119891008174	0.0817438692098	0.149863760218	0.149863760218	0.147138964578
763395383-stool3.snv.bam	0.0817438692098	0.125340599455	0.207084468665	0.228882833787	0.125340599455	0.114441416894	0.0599455040872	0.130790190736	0.0926430517711	0.0	0.133514986376	0.152588555858	0.106267029973	0.122615803815	0.177111716621	0.100817438692	0.100817438692	0.136239782016	0.128065395095	0.0953678474114	0.100817438692	0.0708446866485	0.0899182561308	0.0871934604905	0.155313351499	0.0844686648501	0.119891008174	0.122615803815	0.103542234332	0.0953678474114	0.0790190735695	0.111716621253	0.103542234332	0.100817438692	0.114441416894	0.0926430517711	0.133514986376	0.117166212534	0.106267029973	0.0817438692098	0.0980926430518	0.119891008174	0.0980926430518	0.100817438692	0.152588555858	0.0953678474114	0.103542234332	0.160762942779	0.125340599455	0.0980926430518	0.103542234332	0.152588555858	0.147138964578	0.125340599455	0.119891008174	0.152588555858	0.158038147139	0.100817438692	0.149863760218	0.1689373297	0.16621253406	0.0735694822888	0.108991825613	0.100817438692	0.117166212534	0.130790190736	0.0817438692098	0.100817438692	0.100817438692	0.147138964578	0.125340599455	0.130790190736
764002286-stool2.snv.bam	0.117166212534	0.16348773842	0.272479564033	0.302452316076	0.111716621253	0.128065395095	0.133514986376	0.016348773842	0.125340599455	0.133514986376	0.0	0.204359673025	0.0953678474114	0.0980926430518	0.138964577657	0.130790190736	0.130790190736	0.114441416894	0.188010899183	0.125340599455	0.133514986376	0.0708446866485	0.119891008174	0.122615803815	0.158038147139	0.133514986376	0.0926430517711	0.201634877384	0.144414168937	0.141689373297	0.119891008174	0.119891008174	0.158038147139	0.149863760218	0.0871934604905	0.149863760218	0.171662125341	0.128065395095	0.136239782016	0.136239782016	0.106267029973	0.0817438692098	0.125340599455	0.158038147139	0.0653950953678	0.174386920981	0.122615803815	0.185286103542	0.160762942779	0.144414168937	0.111716621253	0.136239782016	0.141689373297	0.128065395095	0.149863760218	0.117166212534	0.117166212534	0.141689373297	0.212534059946	0.237057220708	0.215258855586	0.138964577657	0.128065395095	0.117166212534	0.152588555858	0.125340599455	0.138964577657	0.158038147139	0.128065395095	0.111716621253	0.125340599455	0.188010899183
764224817-stool1.snv.bam	0.149863760218	0.149863760218	0.242506811989	0.272479564033	0.144414168937	0.149863760218	0.147138964578	0.196185286104	0.179836512262	0.152588555858	0.204359673025	0.0	0.128065395095	0.144414168937	0.220708446866	0.160762942779	0.160762942779	0.196185286104	0.196185286104	0.138964577657	0.128065395095	0.125340599455	0.144414168937	0.136239782016	0.217983651226	0.152588555858	0.185286103542	0.190735694823	0.147138964578	0.117166212534	0.144414168937	0.158038147139	0.158038147139	0.144414168937	0.158038147139	0.152588555858	0.152588555858	0.119891008174	0.149863760218	0.1689373297	0.119891008174	0.204359673025	0.133514986376	0.147138964578	0.204359673025	0.179836512262	0.149863760218	0.177111716621	0.147138964578	0.119891008174	0.16348773842	0.190735694823	0.16348773842	0.144414168937	0.158038147139	0.201634877384	0.204359673025	0.179836512262	0.212534059946	0.193460490463	0.198910081744	0.141689373297	0.171662125341	0.152588555858	0.144414168937	0.190735694823	0.158038147139	0.138964577657	0.160762942779	0.193460490463	0.138964577657	0.133514986376
764487809-stool1.snv.bam	0.0953678474114	0.117166212534	0.217983651226	0.245231607629	0.100817438692	0.114441416894	0.0953678474114	0.0871934604905	0.144414168937	0.106267029973	0.0953678474114	0.128065395095	0.0	0.0	0.16348773842	0.111716621253	0.111716621253	0.0953678474114	0.158038147139	0.122615803815	0.114441416894	0.0762942779292	0.0953678474114	0.111716621253	0.141689373297	0.103542234332	0.0899182561308	0.16348773842	0.125340599455	0.106267029973	0.0899182561308	0.119891008174	0.0953678474114	0.111716621253	0.0708446866485	0.103542234332	0.114441416894	0.0899182561308	0.114441416894	0.122615803815	0.0653950953678	0.111716621253	0.111716621253	0.0953678474114	0.119891008174	0.144414168937	0.0980926430518	0.16621253406	0.125340599455	0.0926430517711	0.130790190736	0.152588555858	0.114441416894	0.108991825613	0.108991825613	0.149863760218	0.149863760218	0.152588555858	0.193460490463	0.171662125341	0.1689373297	0.0926430517711	0.128065395095	0.0980926430518	0.122615803815	0.100817438692	0.0980926430518	0.119891008174	0.108991825613	0.144414168937	0.111716621253	0.138964577657
764487809-stool2.snv.bam	0.114441416894	0.133514986376	0.234332425068	0.261580381471	0.117166212534	0.130790190736	0.111716621253	0.0899182561308	0.160762942779	0.122615803815	0.0980926430518	0.144414168937	0.0	0.0	0.16621253406	0.130790190736	0.130790190736	0.100817438692	0.177111716621	0.141689373297	0.133514986376	0.0953678474114	0.114441416894	0.130790190736	0.144414168937	0.122615803815	0.0926430517711	0.182561307902	0.144414168937	0.125340599455	0.108991825613	0.138964577657	0.117166212534	0.130790190736	0.0844686648501	0.122615803815	0.130790190736	0.106267029973	0.130790190736	0.141689373297	0.0817438692098	0.114441416894	0.125340599455	0.114441416894	0.122615803815	0.16621253406	0.117166212534	0.185286103542	0.144414168937	0.111716621253	0.136239782016	0.158038147139	0.122615803815	0.128065395095	0.128065395095	0.152588555858	0.152588555858	0.171662125341	0.215258855586	0.193460490463	0.190735694823	0.111716621253	0.138964577657	0.117166212534	0.141689373297	0.103542234332	0.117166212534	0.141689373297	0.128065395095	0.147138964578	0.128065395095	0.160762942779
764649650-stool2.snv.bam	0.152588555858	0.158038147139	0.144414168937	0.171662125341	0.185286103542	0.158038147139	0.171662125341	0.133514986376	0.103542234332	0.177111716621	0.138964577657	0.220708446866	0.16348773842	0.16621253406	0.0	0.155313351499	0.155313351499	0.188010899183	0.228882833787	0.201634877384	0.1689373297	0.144414168937	0.185286103542	0.174386920981	0.111716621253	0.179836512262	0.128065395095	0.196185286104	0.130790190736	0.16621253406	0.182561307902	0.158038147139	0.179836512262	0.171662125341	0.160762942779	0.179836512262	0.141689373297	0.193460490463	0.16621253406	0.188010899183	0.177111716621	0.141689373297	0.155313351499	0.155313351499	0.106267029973	0.190735694823	0.111716621253	0.0708446866485	0.198910081744	0.198910081744	0.125340599455	0.130790190736	0.128065395095	0.155313351499	0.190735694823	0.141689373297	0.144414168937	0.1689373297	0.228882833787	0.144414168937	0.201634877384	0.1689373297	0.138964577657	0.174386920981	0.185286103542	0.125340599455	0.155313351499	0.193460490463	0.16621253406	0.138964577657	0.198910081744	0.16621253406
765074482-stool1.snv.bam	0.0708446866485	0.111716621253	0.201634877384	0.228882833787	0.122615803815	0.108991825613	0.100817438692	0.128065395095	0.0899182561308	0.100817438692	0.130790190736	0.160762942779	0.111716621253	0.130790190736	0.155313351499	0.0	0.0	0.160762942779	0.130790190736	0.103542234332	0.0926430517711	0.0653950953678	0.0980926430518	0.0953678474114	0.16621253406	0.0735694822888	0.100817438692	0.144414168937	0.0844686648501	0.0926430517711	0.0762942779292	0.0871934604905	0.0953678474114	0.119891008174	0.100817438692	0.100817438692	0.0844686648501	0.114441416894	0.100817438692	0.108991825613	0.0953678474114	0.130790190736	0.0844686648501	0.100817438692	0.133514986376	0.117166212534	0.0762942779292	0.125340599455	0.117166212534	0.0899182561308	0.133514986376	0.155313351499	0.111716621253	0.0953678474114	0.100817438692	0.160762942779	0.16348773842	0.0899182561308	0.1689373297	0.155313351499	0.174386920981	0.0681198910082	0.122615803815	0.0953678474114	0.111716621253	0.128065395095	0.106267029973	0.117166212534	0.0980926430518	0.152588555858	0.141689373297	0.117166212534
765074482-stool2.snv.bam	0.0708446866485	0.111716621253	0.201634877384	0.228882833787	0.122615803815	0.108991825613	0.100817438692	0.128065395095	0.0899182561308	0.100817438692	0.130790190736	0.160762942779	0.111716621253	0.130790190736	0.155313351499	0.0	0.0	0.160762942779	0.130790190736	0.103542234332	0.0926430517711	0.0653950953678	0.0980926430518	0.0953678474114	0.16621253406	0.0735694822888	0.100817438692	0.144414168937	0.0844686648501	0.0926430517711	0.0762942779292	0.0871934604905	0.0953678474114	0.119891008174	0.100817438692	0.100817438692	0.0844686648501	0.114441416894	0.100817438692	0.108991825613	0.0953678474114	0.130790190736	0.0844686648501	0.100817438692	0.133514986376	0.117166212534	0.0762942779292	0.125340599455	0.117166212534	0.0899182561308	0.133514986376	0.155313351499	0.111716621253	0.0953678474114	0.100817438692	0.160762942779	0.16348773842	0.0899182561308	0.1689373297	0.155313351499	0.174386920981	0.0681198910082	0.122615803815	0.0953678474114	0.111716621253	0.128065395095	0.106267029973	0.117166212534	0.0980926430518	0.152588555858	0.141689373297	0.117166212534
765256553-stool3.snv.bam	0.138964577657	0.125340599455	0.24795640327	0.275204359673	0.119891008174	0.117166212534	0.130790190736	0.114441416894	0.1689373297	0.136239782016	0.114441416894	0.196185286104	0.0953678474114	0.100817438692	0.188010899183	0.160762942779	0.160762942779	0.0	0.207084468665	0.155313351499	0.158038147139	0.106267029973	0.136239782016	0.138964577657	0.158038147139	0.130790190736	0.117166212534	0.182561307902	0.155313351499	0.138964577657	0.144414168937	0.136239782016	0.108991825613	0.149863760218	0.0817438692098	0.0871934604905	0.1689373297	0.100817438692	0.133514986376	0.138964577657	0.117166212534	0.117166212534	0.130790190736	0.119891008174	0.152588555858	0.158038147139	0.130790190736	0.193460490463	0.158038147139	0.152588555858	0.0953678474114	0.171662125341	0.136239782016	0.141689373297	0.136239782016	0.155313351499	0.155313351499	0.179836512262	0.223433242507	0.190735694823	0.220708446866	0.136239782016	0.111716621253	0.119891008174	0.144414168937	0.128065395095	0.136239782016	0.149863760218	0.144414168937	0.149863760218	0.136239782016	0.1689373297
CCIS10706551ST-3-0.snv.bam	0.111716621253	0.182561307902	0.242506811989	0.24795640327	0.179836512262	0.160762942779	0.128065395095	0.185286103542	0.160762942779	0.128065395095	0.188010899183	0.196185286104	0.158038147139	0.177111716621	0.228882833787	0.130790190736	0.130790190736	0.207084468665	0.0	0.136239782016	0.125340599455	0.122615803815	0.100817438692	0.133514986376	0.215258855586	0.138964577657	0.158038147139	0.185286103542	0.130790190736	0.149863760218	0.0953678474114	0.144414168937	0.160762942779	0.138964577657	0.158038147139	0.149863760218	0.16621253406	0.158038147139	0.147138964578	0.128065395095	0.122615803815	0.16621253406	0.122615803815	0.138964577657	0.198910081744	0.155313351499	0.133514986376	0.193460490463	0.1689373297	0.108991825613	0.158038147139	0.204359673025	0.155313351499	0.16621253406	0.125340599455	0.209809264305	0.212534059946	0.136239782016	0.193460490463	0.188010899183	0.188010899183	0.136239782016	0.182561307902	0.152588555858	0.160762942779	0.149863760218	0.122615803815	0.158038147139	0.152588555858	0.207084468665	0.179836512262	0.171662125341
CCIS15794887ST-4-0.snv.bam	0.100817438692	0.133514986376	0.234332425068	0.256130790191	0.117166212534	0.0980926430518	0.0953678474114	0.128065395095	0.111716621253	0.0953678474114	0.125340599455	0.138964577657	0.122615803815	0.141689373297	0.201634877384	0.103542234332	0.103542234332	0.155313351499	0.136239782016	0.0	0.0899182561308	0.0626702997275	0.0762942779292	0.0463215258856	0.190735694823	0.0735694822888	0.128065395095	0.138964577657	0.119891008174	0.136239782016	0.0926430517711	0.117166212534	0.106267029973	0.103542234332	0.117166212534	0.0899182561308	0.125340599455	0.100817438692	0.0926430517711	0.0844686648501	0.0926430517711	0.136239782016	0.0953678474114	0.117166212534	0.144414168937	0.108991825613	0.122615803815	0.174386920981	0.111716621253	0.0681198910082	0.128065395095	0.144414168937	0.149863760218	0.111716621253	0.0899182561308	0.160762942779	0.16348773842	0.114441416894	0.144414168937	0.171662125341	0.158038147139	0.100817438692	0.108991825613	0.111716621253	0.103542234332	0.138964577657	0.106267029973	0.114441416894	0.0817438692098	0.158038147139	0.119891008174	0.128065395095
CCIS19142497ST-3-0.snv.bam	0.0708446866485	0.122615803815	0.190735694823	0.212534059946	0.103542234332	0.0980926430518	0.0980926430518	0.130790190736	0.117166212534	0.100817438692	0.133514986376	0.128065395095	0.114441416894	0.133514986376	0.1689373297	0.0926430517711	0.0926430517711	0.158038147139	0.125340599455	0.0899182561308	0.0	0.0844686648501	0.0953678474114	0.0926430517711	0.177111716621	0.0953678474114	0.114441416894	0.160762942779	0.0953678474114	0.111716621253	0.0844686648501	0.119891008174	0.111716621253	0.114441416894	0.125340599455	0.0844686648501	0.108991825613	0.122615803815	0.108991825613	0.106267029973	0.0708446866485	0.141689373297	0.114441416894	0.119891008174	0.122615803815	0.138964577657	0.103542234332	0.128065395095	0.117166212534	0.0762942779292	0.117166212534	0.152588555858	0.0926430517711	0.0735694822888	0.0980926430518	0.125340599455	0.128065395095	0.119891008174	0.174386920981	0.136239782016	0.174386920981	0.0844686648501	0.111716621253	0.103542234332	0.111716621253	0.125340599455	0.103542234332	0.119891008174	0.111716621253	0.122615803815	0.0871934604905	0.119891008174
CCIS38765456ST-20-0.snv.bam	0.0762942779292	0.111716621253	0.215258855586	0.242506811989	0.0871934604905	0.0871934604905	0.0735694822888	0.0653950953678	0.0790190735695	0.0708446866485	0.0708446866485	0.125340599455	0.0762942779292	0.0953678474114	0.144414168937	0.0653950953678	0.0653950953678	0.106267029973	0.122615803815	0.0626702997275	0.0844686648501	0.0	0.0790190735695	0.0272479564033	0.128065395095	0.0762942779292	0.0762942779292	0.122615803815	0.0708446866485	0.0735694822888	0.0681198910082	0.0681198910082	0.0871934604905	0.103542234332	0.0517711171662	0.0871934604905	0.0980926430518	0.0708446866485	0.0708446866485	0.0899182561308	0.0653950953678	0.0953678474114	0.0681198910082	0.0926430517711	0.103542234332	0.0817438692098	0.0762942779292	0.119891008174	0.0953678474114	0.0708446866485	0.114441416894	0.117166212534	0.111716621253	0.0790190735695	0.0953678474114	0.133514986376	0.136239782016	0.0708446866485	0.136239782016	0.160762942779	0.130790190736	0.0762942779292	0.0926430517711	0.0653950953678	0.0817438692098	0.111716621253	0.0953678474114	0.0871934604905	0.0572207084469	0.125340599455	0.0953678474114	0.111716621253
CCIS70398272ST-4-0.snv.bam	0.0708446866485	0.114441416894	0.217983651226	0.242506811989	0.111716621253	0.106267029973	0.0953678474114	0.122615803815	0.122615803815	0.0899182561308	0.119891008174	0.144414168937	0.0953678474114	0.114441416894	0.185286103542	0.0980926430518	0.0980926430518	0.136239782016	0.100817438692	0.0762942779292	0.0953678474114	0.0790190735695	0.0	0.0899182561308	0.179836512262	0.0599455040872	0.128065395095	0.141689373297	0.100817438692	0.100817438692	0.0435967302452	0.108991825613	0.100817438692	0.0926430517711	0.0953678474114	0.0980926430518	0.119891008174	0.0980926430518	0.0926430517711	0.0980926430518	0.0626702997275	0.108991825613	0.0926430517711	0.0871934604905	0.138964577657	0.119891008174	0.0899182561308	0.152588555858	0.117166212534	0.0681198910082	0.106267029973	0.158038147139	0.111716621253	0.106267029973	0.0681198910082	0.160762942779	0.16348773842	0.128065395095	0.160762942779	0.149863760218	0.147138964578	0.0762942779292	0.122615803815	0.0953678474114	0.108991825613	0.0899182561308	0.0844686648501	0.114441416894	0.0980926430518	0.152588555858	0.108991825613	0.106267029973
CCIS87116798ST-4-0.snv.bam	0.103542234332	0.138964577657	0.242506811989	0.267029972752	0.125340599455	0.106267029973	0.0762942779292	0.117166212534	0.111716621253	0.0871934604905	0.122615803815	0.136239782016	0.111716621253	0.130790190736	0.174386920981	0.0953678474114	0.0953678474114	0.138964577657	0.133514986376	0.0463215258856	0.0926430517711	0.0272479564033	0.0899182561308	0.0	0.149863760218	0.0926430517711	0.108991825613	0.122615803815	0.103542234332	0.117166212534	0.0790190735695	0.106267029973	0.106267029973	0.111716621253	0.0953678474114	0.0980926430518	0.117166212534	0.100817438692	0.0708446866485	0.103542234332	0.0926430517711	0.111716621253	0.0899182561308	0.106267029973	0.125340599455	0.0899182561308	0.103542234332	0.160762942779	0.0926430517711	0.0653950953678	0.133514986376	0.114441416894	0.133514986376	0.119891008174	0.0926430517711	0.141689373297	0.144414168937	0.100817438692	0.138964577657	0.16348773842	0.158038147139	0.0871934604905	0.0980926430518	0.0871934604905	0.0790190735695	0.119891008174	0.114441416894	0.100817438692	0.0790190735695	0.133514986376	0.128065395095	0.114441416894
CCIS90164298ST-4-0.snv.bam	0.16348773842	0.185286103542	0.193460490463	0.220708446866	0.201634877384	0.16348773842	0.147138964578	0.152588555858	0.144414168937	0.155313351499	0.158038147139	0.217983651226	0.141689373297	0.144414168937	0.111716621253	0.16621253406	0.16621253406	0.158038147139	0.215258855586	0.190735694823	0.177111716621	0.128065395095	0.179836512262	0.149863760218	0.0	0.160762942779	0.133514986376	0.147138964578	0.138964577657	0.160762942779	0.182561307902	0.16348773842	0.174386920981	0.174386920981	0.158038147139	0.160762942779	0.190735694823	0.160762942779	0.1689373297	0.16621253406	0.1689373297	0.136239782016	0.147138964578	0.1689373297	0.158038147139	0.144414168937	0.149863760218	0.177111716621	0.179836512262	0.177111716621	0.158038147139	0.160762942779	0.188010899183	0.190735694823	0.207084468665	0.158038147139	0.16348773842	0.149863760218	0.179836512262	0.174386920981	0.149863760218	0.158038147139	0.158038147139	0.16348773842	0.174386920981	0.158038147139	0.160762942779	0.171662125341	0.16348773842	0.155313351499	0.212534059946	0.193460490463
CCIS94417875ST-3-0.snv.bam	0.0790190735695	0.0844686648501	0.198910081744	0.226158038147	0.108991825613	0.100817438692	0.0926430517711	0.136239782016	0.108991825613	0.0844686648501	0.133514986376	0.152588555858	0.103542234332	0.122615803815	0.179836512262	0.0735694822888	0.0735694822888	0.130790190736	0.138964577657	0.0735694822888	0.0953678474114	0.0762942779292	0.0599455040872	0.0926430517711	0.160762942779	0.0	0.119891008174	0.119891008174	0.103542234332	0.0899182561308	0.0899182561308	0.106267029973	0.0762942779292	0.0953678474114	0.0980926430518	0.0817438692098	0.100817438692	0.100817438692	0.0926430517711	0.0790190735695	0.0790190735695	0.130790190736	0.0653950953678	0.0708446866485	0.147138964578	0.0926430517711	0.106267029973	0.155313351499	0.125340599455	0.0980926430518	0.130790190736	0.155313351499	0.130790190736	0.108991825613	0.103542234332	0.152588555858	0.155313351499	0.108991825613	0.141689373297	0.158038147139	0.149863760218	0.0544959128065	0.103542234332	0.0980926430518	0.117166212534	0.130790190736	0.0817438692098	0.111716621253	0.0844686648501	0.144414168937	0.111716621253	0.114441416894
CCIS95409808ST-4-0.snv.bam	0.100817438692	0.130790190736	0.234332425068	0.258855585831	0.141689373297	0.103542234332	0.119891008174	0.0899182561308	0.130790190736	0.119891008174	0.0926430517711	0.185286103542	0.0899182561308	0.0926430517711	0.128065395095	0.100817438692	0.100817438692	0.117166212534	0.158038147139	0.128065395095	0.114441416894	0.0762942779292	0.128065395095	0.108991825613	0.133514986376	0.119891008174	0.0	0.185286103542	0.0871934604905	0.133514986376	0.111716621253	0.133514986376	0.119891008174	0.147138964578	0.0926430517711	0.114441416894	0.117166212534	0.133514986376	0.136239782016	0.133514986376	0.103542234332	0.0817438692098	0.108991825613	0.122615803815	0.103542234332	0.158038147139	0.100817438692	0.149863760218	0.158038147139	0.108991825613	0.119891008174	0.136239782016	0.111716621253	0.114441416894	0.119891008174	0.125340599455	0.125340599455	0.136239782016	0.212534059946	0.1689373297	0.198910081744	0.108991825613	0.0980926430518	0.114441416894	0.141689373297	0.0817438692098	0.119891008174	0.155313351499	0.128065395095	0.125340599455	0.155313351499	0.136239782016
CCMD46947453ST-21-0.snv.bam	0.133514986376	0.16348773842	0.198910081744	0.226158038147	0.177111716621	0.16621253406	0.119891008174	0.196185286104	0.117166212534	0.122615803815	0.201634877384	0.190735694823	0.16348773842	0.182561307902	0.196185286104	0.144414168937	0.144414168937	0.182561307902	0.185286103542	0.138964577657	0.160762942779	0.122615803815	0.141689373297	0.122615803815	0.147138964578	0.119891008174	0.185286103542	0.0	0.122615803815	0.144414168937	0.149863760218	0.147138964578	0.147138964578	0.141689373297	0.158038147139	0.144414168937	0.16348773842	0.152588555858	0.122615803815	0.138964577657	0.149863760218	0.177111716621	0.111716621253	0.130790190736	0.185286103542	0.0899182561308	0.136239782016	0.190735694823	0.16348773842	0.141689373297	0.1689373297	0.179836512262	0.182561307902	0.16348773842	0.1689373297	0.201634877384	0.207084468665	0.125340599455	0.103542234332	0.193460490463	0.111716621253	0.136239782016	0.149863760218	0.138964577657	0.155313351499	0.182561307902	0.149863760218	0.122615803815	0.136239782016	0.193460490463	0.177111716621	0.16348773842
ED16A.snv.bam	0.0817438692098	0.128065395095	0.196185286104	0.217983651226	0.147138964578	0.119891008174	0.0980926430518	0.141689373297	0.0790190735695	0.103542234332	0.144414168937	0.147138964578	0.125340599455	0.144414168937	0.130790190736	0.0844686648501	0.0844686648501	0.155313351499	0.130790190736	0.119891008174	0.0953678474114	0.0708446866485	0.100817438692	0.103542234332	0.138964577657	0.103542234332	0.0871934604905	0.122615803815	0.0	0.0899182561308	0.100817438692	0.0926430517711	0.108991825613	0.117166212534	0.111716621253	0.114441416894	0.103542234332	0.119891008174	0.125340599455	0.117166212534	0.0980926430518	0.136239782016	0.0953678474114	0.106267029973	0.144414168937	0.114441416894	0.0572207084469	0.0953678474114	0.138964577657	0.108991825613	0.122615803815	0.171662125341	0.106267029973	0.100817438692	0.108991825613	0.149863760218	0.155313351499	0.0735694822888	0.158038147139	0.160762942779	0.155313351499	0.0899182561308	0.125340599455	0.106267029973	0.128065395095	0.122615803815	0.108991825613	0.108991825613	0.114441416894	0.147138964578	0.149863760218	0.108991825613
M1.1-V2.metaG.snv.bam	0.0844686648501	0.117166212534	0.207084468665	0.234332425068	0.133514986376	0.141689373297	0.106267029973	0.138964577657	0.111716621253	0.0953678474114	0.141689373297	0.117166212534	0.106267029973	0.125340599455	0.16621253406	0.0926430517711	0.0926430517711	0.138964577657	0.149863760218	0.136239782016	0.111716621253	0.0735694822888	0.100817438692	0.117166212534	0.160762942779	0.0899182561308	0.133514986376	0.144414168937	0.0899182561308	0.0	0.0980926430518	0.103542234332	0.111716621253	0.117166212534	0.0953678474114	0.100817438692	0.130790190736	0.100817438692	0.117166212534	0.114441416894	0.0790190735695	0.141689373297	0.0790190735695	0.0980926430518	0.160762942779	0.122615803815	0.0844686648501	0.130790190736	0.133514986376	0.111716621253	0.125340599455	0.16348773842	0.136239782016	0.106267029973	0.128065395095	0.149863760218	0.152588555858	0.117166212534	0.177111716621	0.16621253406	0.190735694823	0.0681198910082	0.133514986376	0.0953678474114	0.119891008174	0.144414168937	0.0953678474114	0.0871934604905	0.108991825613	0.141689373297	0.125340599455	0.117166212534
MH0193.snv.bam	0.0653950953678	0.133514986376	0.223433242507	0.25068119891	0.122615803815	0.119891008174	0.0844686648501	0.111716621253	0.122615803815	0.0790190735695	0.119891008174	0.144414168937	0.0899182561308	0.108991825613	0.182561307902	0.0762942779292	0.0762942779292	0.144414168937	0.0953678474114	0.0926430517711	0.0844686648501	0.0681198910082	0.0435967302452	0.0790190735695	0.182561307902	0.0899182561308	0.111716621253	0.149863760218	0.100817438692	0.0980926430518	0.0	0.0953678474114	0.106267029973	0.103542234332	0.0899182561308	0.106267029973	0.114441416894	0.106267029973	0.0871934604905	0.106267029973	0.0626702997275	0.119891008174	0.0980926430518	0.0980926430518	0.138964577657	0.128065395095	0.0844686648501	0.152588555858	0.100817438692	0.0626702997275	0.111716621253	0.152588555858	0.100817438692	0.106267029973	0.0626702997275	0.160762942779	0.16348773842	0.117166212534	0.182561307902	0.149863760218	0.158038147139	0.0626702997275	0.133514986376	0.0953678474114	0.0980926430518	0.100817438692	0.0899182561308	0.114441416894	0.114441416894	0.152588555858	0.119891008174	0.117166212534
MH0252.snv.bam	0.0980926430518	0.133514986376	0.217983651226	0.24795640327	0.122615803815	0.144414168937	0.0926430517711	0.114441416894	0.0817438692098	0.111716621253	0.119891008174	0.158038147139	0.119891008174	0.138964577657	0.158038147139	0.0871934604905	0.0871934604905	0.136239782016	0.144414168937	0.117166212534	0.119891008174	0.0681198910082	0.108991825613	0.106267029973	0.16348773842	0.106267029973	0.133514986376	0.147138964578	0.0926430517711	0.103542234332	0.0953678474114	0.0	0.122615803815	0.0844686648501	0.111716621253	0.108991825613	0.114441416894	0.0871934604905	0.0926430517711	0.0762942779292	0.0953678474114	0.138964577657	0.0762942779292	0.103542234332	0.133514986376	0.108991825613	0.0708446866485	0.117166212534	0.114441416894	0.108991825613	0.103542234332	0.155313351499	0.114441416894	0.119891008174	0.128065395095	0.16348773842	0.16621253406	0.0735694822888	0.158038147139	0.190735694823	0.160762942779	0.106267029973	0.141689373297	0.0871934604905	0.111716621253	0.136239782016	0.0871934604905	0.114441416894	0.0899182561308	0.155313351499	0.138964577657	0.147138964578
MH0326.snv.bam	0.0899182561308	0.0762942779292	0.201634877384	0.226158038147	0.119891008174	0.0899182561308	0.103542234332	0.152588555858	0.125340599455	0.103542234332	0.158038147139	0.158038147139	0.0953678474114	0.117166212534	0.179836512262	0.0953678474114	0.0953678474114	0.108991825613	0.160762942779	0.106267029973	0.111716621253	0.0871934604905	0.100817438692	0.106267029973	0.174386920981	0.0762942779292	0.119891008174	0.147138964578	0.108991825613	0.111716621253	0.106267029973	0.122615803815	0.0	0.111716621253	0.0926430517711	0.0708446866485	0.103542234332	0.0980926430518	0.114441416894	0.117166212534	0.0762942779292	0.136239782016	0.0926430517711	0.0681198910082	0.16348773842	0.119891008174	0.0953678474114	0.138964577657	0.136239782016	0.103542234332	0.125340599455	0.158038147139	0.114441416894	0.103542234332	0.103542234332	0.16348773842	0.16621253406	0.136239782016	0.174386920981	0.152588555858	0.160762942779	0.0871934604905	0.100817438692	0.108991825613	0.128065395095	0.119891008174	0.103542234332	0.100817438692	0.100817438692	0.155313351499	0.130790190736	0.0980926430518
MH0336.snv.bam	0.0926430517711	0.122615803815	0.196185286104	0.220708446866	0.122615803815	0.133514986376	0.0653950953678	0.147138964578	0.0980926430518	0.100817438692	0.149863760218	0.144414168937	0.111716621253	0.130790190736	0.171662125341	0.119891008174	0.119891008174	0.149863760218	0.138964577657	0.103542234332	0.114441416894	0.103542234332	0.0926430517711	0.111716621253	0.174386920981	0.0953678474114	0.147138964578	0.141689373297	0.117166212534	0.117166212534	0.103542234332	0.0844686648501	0.111716621253	0.0	0.117166212534	0.0980926430518	0.130790190736	0.111716621253	0.111716621253	0.0817438692098	0.0926430517711	0.160762942779	0.0899182561308	0.0844686648501	0.158038147139	0.114441416894	0.0844686648501	0.147138964578	0.106267029973	0.0953678474114	0.111716621253	0.158038147139	0.130790190736	0.125340599455	0.106267029973	0.177111716621	0.179836512262	0.125340599455	0.152588555858	0.179836512262	0.141689373297	0.100817438692	0.128065395095	0.0899182561308	0.103542234332	0.130790190736	0.0572207084469	0.114441416894	0.0899182561308	0.1689373297	0.130790190736	0.128065395095
