	159369152-stool1.snv.bam	159369152-stool2.snv.bam	159571453-stool2.snv.bam	763577454-stool1.snv.bam	764588959-stool1.snv.bam	764588959-stool2.snv.bam	765074482-stool1.snv.bam	765074482-stool3.snv.bam	BYQ_AAAB.snv.bam	BYQ_AAAM.snv.bam	BYQ_AAAQ.snv.bam	CCIS90443472ST-4-0.snv.bam	CCMD82866709ST-21-0.snv.bam	CCMD86707194ST-21-0.snv.bam	CCMD95433940ST-21-0.snv.bam	M2.3-V1.metaG.snv.bam	M2.3-V2.metaG.snv.bam	M2.3-V2.metaT.snv.bam	M2.3-V3.metaG.snv.bam	M2.3-V3.metaT.snv.bam	MH0150.snv.bam	MH0187.snv.bam	MH0191.snv.bam	MH0192.snv.bam	MH0198.snv.bam	MH0211.snv.bam	MH0270.snv.bam	MH0271.snv.bam	MH0403.snv.bam	MH0418.snv.bam	MH0426.snv.bam	MH0439.snv.bam	MH0441.snv.bam	MH0446.snv.bam	MH0454.snv.bam	MH0457.snv.bam	MH0462.snv.bam	MMRS11288076ST-27-0-0.snv.bam	MMRS31306426ST-27-0-0.snv.bam	MMRS81135225ST-27-0-0.snv.bam	MMRS90191266ST-27-0-0.snv.bam	MMRS97307143ST-27-0-0.snv.bam	O2.UC31-1.snv.bam	O2.UC35-1.snv.bam	O2.UC41-1.snv.bam	O2.UC44-2.snv.bam	O2.UC48-1.snv.bam	V1.CD1-0-PN.snv.bam	V1.CD17-4.snv.bam	V1.CD49-0.snv.bam	V1.CD51-0.snv.bam	V1.CD52-0.snv.bam	V1.FI11.snv.bam	V1.FI13.snv.bam	V1.FI20.snv.bam	V1.UC32-0.snv.bam	V1.UC64-0.snv.bam
159369152-stool1.snv.bam	0.0	0.0	0.195852534562	0.1866359447	0.202764976959	0.205069124424	0.122119815668	0.124423963134	0.133640552995	0.133640552995	0.198156682028	0.0	0.170506912442	0.0207373271889	0.177419354839	0.18202764977	0.1866359447	0.140552995392	0.1866359447	0.129032258065	0.214285714286	0.161290322581	0.188940092166	0.152073732719	0.170506912442	0.188940092166	0.188940092166	0.0460829493088	0.205069124424	0.207373271889	0.0345622119816	0.0322580645161	0.165898617512	0.216589861751	0.124423963134	0.221198156682	0.170506912442	0.1866359447	0.200460829493	0.140552995392	0.163594470046	0.158986175115	0.158986175115	0.0645161290323	0.218894009217	0.073732718894	0.0552995391705	0.0645161290323	0.0622119815668	0.165898617512	0.191244239631	0.193548387097	0.168202764977	0.168202764977	0.0322580645161	0.168202764977	0.163594470046
159369152-stool2.snv.bam	0.0	0.0	0.221198156682	0.209677419355	0.232718894009	0.232718894009	0.149769585253	0.149769585253	0.154377880184	0.154377880184	0.218894009217	0.00230414746544	0.202764976959	0.0299539170507	0.202764976959	0.202764976959	0.207373271889	0.15668202765	0.207373271889	0.138248847926	0.23732718894	0.1866359447	0.209677419355	0.175115207373	0.193548387097	0.21198156682	0.214285714286	0.0483870967742	0.230414746544	0.232718894009	0.0645161290323	0.0622119815668	0.195852534562	0.23732718894	0.149769585253	0.244239631336	0.188940092166	0.21198156682	0.223502304147	0.158986175115	0.184331797235	0.184331797235	0.175115207373	0.0967741935484	0.241935483871	0.108294930876	0.0944700460829	0.0967741935484	0.0898617511521	0.191244239631	0.216589861751	0.218894009217	0.198156682028	0.198156682028	0.0645161290323	0.191244239631	0.193548387097
159571453-stool2.snv.bam	0.195852534562	0.221198156682	0.0	0.225806451613	0.21198156682	0.21198156682	0.223502304147	0.221198156682	0.1866359447	0.1866359447	0.00230414746544	0.216589861751	0.225806451613	0.223502304147	0.216589861751	0.21198156682	0.216589861751	0.170506912442	0.221198156682	0.145161290323	0.248847926267	0.209677419355	0.200460829493	0.21198156682	0.0460829493088	0.0345622119816	0.255760368664	0.18202764977	0.251152073733	0.26267281106	0.230414746544	0.223502304147	0.193548387097	0.255760368664	0.200460829493	0.26267281106	0.214285714286	0.239631336406	0.21198156682	0.179723502304	0.228110599078	0.216589861751	0.205069124424	0.221198156682	0.23732718894	0.223502304147	0.228110599078	0.221198156682	0.198156682028	0.225806451613	0.225806451613	0.230414746544	0.216589861751	0.216589861751	0.230414746544	0.165898617512	0.18202764977
763577454-stool1.snv.bam	0.1866359447	0.209677419355	0.225806451613	0.0	0.239631336406	0.239631336406	0.218894009217	0.216589861751	0.165898617512	0.165898617512	0.223502304147	0.207373271889	0.223502304147	0.21198156682	0.207373271889	0.177419354839	0.179723502304	0.133640552995	0.18202764977	0.135944700461	0.232718894009	0.195852534562	0.221198156682	0.158986175115	0.223502304147	0.21198156682	0.209677419355	0.207373271889	0.225806451613	0.223502304147	0.218894009217	0.21198156682	0.184331797235	0.241935483871	0.193548387097	0.235023041475	0.188940092166	0.0576036866359	0.0576036866359	0.18202764977	0.232718894009	0.21198156682	0.191244239631	0.21198156682	0.241935483871	0.209677419355	0.221198156682	0.21198156682	0.191244239631	0.214285714286	0.232718894009	0.232718894009	0.223502304147	0.223502304147	0.218894009217	0.202764976959	0.175115207373
764588959-stool1.snv.bam	0.202764976959	0.232718894009	0.21198156682	0.239631336406	0.0	0.0	0.232718894009	0.230414746544	0.205069124424	0.205069124424	0.209677419355	0.223502304147	0.221198156682	0.214285714286	0.221198156682	0.216589861751	0.218894009217	0.172811059908	0.221198156682	0.149769585253	0.253456221198	0.193548387097	0.225806451613	0.202764976959	0.179723502304	0.228110599078	0.251152073733	0.218894009217	0.264976958525	0.267281105991	0.239631336406	0.232718894009	0.191244239631	0.285714285714	0.172811059908	0.260368663594	0.230414746544	0.223502304147	0.214285714286	0.168202764977	0.23732718894	0.202764976959	0.195852534562	0.21198156682	0.246543778802	0.209677419355	0.23732718894	0.21198156682	0.179723502304	0.0506912442396	0.0668202764977	0.0668202764977	0.235023041475	0.235023041475	0.239631336406	0.193548387097	0.188940092166
764588959-stool2.snv.bam	0.205069124424	0.232718894009	0.21198156682	0.239631336406	0.0	0.0	0.232718894009	0.230414746544	0.205069124424	0.205069124424	0.209677419355	0.223502304147	0.221198156682	0.214285714286	0.221198156682	0.216589861751	0.218894009217	0.172811059908	0.221198156682	0.149769585253	0.253456221198	0.193548387097	0.225806451613	0.202764976959	0.179723502304	0.228110599078	0.251152073733	0.218894009217	0.264976958525	0.267281105991	0.239631336406	0.232718894009	0.191244239631	0.285714285714	0.172811059908	0.260368663594	0.230414746544	0.223502304147	0.214285714286	0.168202764977	0.23732718894	0.202764976959	0.195852534562	0.21198156682	0.246543778802	0.209677419355	0.23732718894	0.21198156682	0.179723502304	0.0506912442396	0.0668202764977	0.0668202764977	0.235023041475	0.235023041475	0.239631336406	0.193548387097	0.188940092166
765074482-stool1.snv.bam	0.122119815668	0.149769585253	0.223502304147	0.218894009217	0.232718894009	0.232718894009	0.0	0.0	0.193548387097	0.193548387097	0.221198156682	0.145161290323	0.184331797235	0.161290322581	0.158986175115	0.202764976959	0.207373271889	0.15668202765	0.209677419355	0.152073732719	0.218894009217	0.214285714286	0.165898617512	0.191244239631	0.193548387097	0.209677419355	0.200460829493	0.165898617512	0.21198156682	0.218894009217	0.158986175115	0.152073732719	0.18202764977	0.223502304147	0.172811059908	0.230414746544	0.179723502304	0.232718894009	0.225806451613	0.165898617512	0.198156682028	0.218894009217	0.172811059908	0.168202764977	0.1866359447	0.165898617512	0.179723502304	0.168202764977	0.147465437788	0.200460829493	0.228110599078	0.235023041475	0.177419354839	0.177419354839	0.158986175115	0.191244239631	0.1866359447
765074482-stool3.snv.bam	0.124423963134	0.149769585253	0.221198156682	0.216589861751	0.230414746544	0.230414746544	0.0	0.0	0.191244239631	0.191244239631	0.218894009217	0.145161290323	0.184331797235	0.161290322581	0.15668202765	0.200460829493	0.205069124424	0.154377880184	0.207373271889	0.149769585253	0.216589861751	0.21198156682	0.163594470046	0.191244239631	0.191244239631	0.207373271889	0.198156682028	0.165898617512	0.209677419355	0.216589861751	0.158986175115	0.152073732719	0.179723502304	0.221198156682	0.170506912442	0.228110599078	0.177419354839	0.230414746544	0.223502304147	0.163594470046	0.198156682028	0.216589861751	0.175115207373	0.168202764977	0.184331797235	0.165898617512	0.179723502304	0.168202764977	0.147465437788	0.198156682028	0.225806451613	0.232718894009	0.177419354839	0.177419354839	0.158986175115	0.188940092166	0.184331797235
BYQ_AAAB.snv.bam	0.133640552995	0.154377880184	0.1866359447	0.165898617512	0.205069124424	0.205069124424	0.193548387097	0.191244239631	0.0	0.0	0.184331797235	0.152073732719	0.200460829493	0.152073732719	0.195852534562	0.188940092166	0.195852534562	0.149769585253	0.195852534562	0.149769585253	0.218894009217	0.188940092166	0.205069124424	0.154377880184	0.177419354839	0.175115207373	0.214285714286	0.147465437788	0.221198156682	0.223502304147	0.172811059908	0.165898617512	0.0783410138249	0.228110599078	0.165898617512	0.221198156682	0.207373271889	0.18202764977	0.177419354839	0.149769585253	0.202764976959	0.191244239631	0.188940092166	0.18202764977	0.225806451613	0.184331797235	0.170506912442	0.18202764977	0.165898617512	0.184331797235	0.1866359447	0.195852534562	0.209677419355	0.209677419355	0.172811059908	0.158986175115	0.0483870967742
BYQ_AAAM.snv.bam	0.133640552995	0.154377880184	0.1866359447	0.165898617512	0.205069124424	0.205069124424	0.193548387097	0.191244239631	0.0	0.0	0.184331797235	0.152073732719	0.200460829493	0.152073732719	0.195852534562	0.188940092166	0.195852534562	0.149769585253	0.195852534562	0.149769585253	0.218894009217	0.188940092166	0.205069124424	0.154377880184	0.177419354839	0.175115207373	0.214285714286	0.147465437788	0.221198156682	0.223502304147	0.172811059908	0.165898617512	0.0783410138249	0.228110599078	0.165898617512	0.221198156682	0.207373271889	0.18202764977	0.177419354839	0.149769585253	0.202764976959	0.191244239631	0.188940092166	0.18202764977	0.225806451613	0.184331797235	0.170506912442	0.18202764977	0.165898617512	0.184331797235	0.1866359447	0.195852534562	0.209677419355	0.209677419355	0.172811059908	0.158986175115	0.0483870967742
BYQ_AAAQ.snv.bam	0.198156682028	0.218894009217	0.00230414746544	0.223502304147	0.209677419355	0.209677419355	0.221198156682	0.218894009217	0.184331797235	0.184331797235	0.0	0.214285714286	0.223502304147	0.221198156682	0.214285714286	0.209677419355	0.214285714286	0.170506912442	0.218894009217	0.145161290323	0.246543778802	0.207373271889	0.198156682028	0.209677419355	0.0437788018433	0.0322580645161	0.253456221198	0.18202764977	0.248847926267	0.260368663594	0.228110599078	0.221198156682	0.191244239631	0.253456221198	0.198156682028	0.260368663594	0.21198156682	0.23732718894	0.209677419355	0.177419354839	0.225806451613	0.214285714286	0.202764976959	0.218894009217	0.235023041475	0.221198156682	0.225806451613	0.218894009217	0.195852534562	0.223502304147	0.223502304147	0.228110599078	0.214285714286	0.214285714286	0.228110599078	0.163594470046	0.179723502304
CCIS90443472ST-4-0.snv.bam	0.0	0.00230414746544	0.216589861751	0.207373271889	0.223502304147	0.223502304147	0.145161290323	0.145161290323	0.152073732719	0.152073732719	0.214285714286	0.0	0.198156682028	0.0276497695853	0.195852534562	0.195852534562	0.200460829493	0.149769585253	0.200460829493	0.13133640553	0.235023041475	0.18202764977	0.202764976959	0.170506912442	0.191244239631	0.207373271889	0.21198156682	0.0391705069124	0.228110599078	0.230414746544	0.0668202764977	0.0645161290323	0.195852534562	0.235023041475	0.138248847926	0.241935483871	0.184331797235	0.209677419355	0.221198156682	0.154377880184	0.177419354839	0.179723502304	0.18202764977	0.0990783410138	0.235023041475	0.110599078341	0.0967741935484	0.0990783410138	0.0921658986175	0.191244239631	0.214285714286	0.216589861751	0.191244239631	0.191244239631	0.0668202764977	0.184331797235	0.191244239631
CCMD82866709ST-21-0.snv.bam	0.170506912442	0.202764976959	0.225806451613	0.223502304147	0.221198156682	0.221198156682	0.184331797235	0.184331797235	0.200460829493	0.200460829493	0.223502304147	0.198156682028	0.0	0.202764976959	0.214285714286	0.21198156682	0.214285714286	0.154377880184	0.216589861751	0.154377880184	0.10599078341	0.228110599078	0.21198156682	0.149769585253	0.18202764977	0.216589861751	0.0921658986175	0.205069124424	0.0898617511521	0.115207373272	0.216589861751	0.209677419355	0.195852534562	0.129032258065	0.172811059908	0.126728110599	0.232718894009	0.221198156682	0.221198156682	0.170506912442	0.200460829493	0.225806451613	0.205069124424	0.202764976959	0.232718894009	0.202764976959	0.218894009217	0.202764976959	0.184331797235	0.218894009217	0.241935483871	0.246543778802	0.202764976959	0.202764976959	0.216589861751	0.202764976959	0.202764976959
CCMD86707194ST-21-0.snv.bam	0.0207373271889	0.0299539170507	0.223502304147	0.21198156682	0.214285714286	0.214285714286	0.161290322581	0.161290322581	0.152073732719	0.152073732719	0.221198156682	0.0276497695853	0.202764976959	0.0	0.195852534562	0.1866359447	0.191244239631	0.147465437788	0.191244239631	0.126728110599	0.214285714286	0.191244239631	0.216589861751	0.18202764977	0.193548387097	0.214285714286	0.214285714286	0.073732718894	0.230414746544	0.232718894009	0.0944700460829	0.0921658986175	0.202764976959	0.251152073733	0.152073732719	0.221198156682	0.202764976959	0.214285714286	0.225806451613	0.170506912442	0.193548387097	0.200460829493	0.177419354839	0.108294930876	0.244239631336	0.119815668203	0.0967741935484	0.108294930876	0.101382488479	0.175115207373	0.207373271889	0.205069124424	0.205069124424	0.205069124424	0.0944700460829	0.195852534562	0.191244239631
CCMD95433940ST-21-0.snv.bam	0.177419354839	0.202764976959	0.216589861751	0.207373271889	0.221198156682	0.221198156682	0.158986175115	0.15668202765	0.195852534562	0.195852534562	0.214285714286	0.195852534562	0.214285714286	0.195852534562	0.0	0.18202764977	0.1866359447	0.140552995392	0.1866359447	0.124423963134	0.228110599078	0.193548387097	0.184331797235	0.205069124424	0.200460829493	0.202764976959	0.221198156682	0.191244239631	0.230414746544	0.232718894009	0.216589861751	0.209677419355	0.184331797235	0.251152073733	0.18202764977	0.225806451613	0.214285714286	0.221198156682	0.209677419355	0.161290322581	0.223502304147	0.230414746544	0.188940092166	0.207373271889	0.209677419355	0.205069124424	0.223502304147	0.207373271889	0.188940092166	0.195852534562	0.195852534562	0.188940092166	0.177419354839	0.177419354839	0.216589861751	0.158986175115	0.1866359447
M2.3-V1.metaG.snv.bam	0.18202764977	0.202764976959	0.21198156682	0.177419354839	0.216589861751	0.216589861751	0.202764976959	0.200460829493	0.188940092166	0.188940092166	0.209677419355	0.195852534562	0.21198156682	0.1866359447	0.18202764977	0.0	0.0	0.0	0.0	0.0	0.216589861751	0.193548387097	0.200460829493	0.21198156682	0.209677419355	0.198156682028	0.218894009217	0.191244239631	0.223502304147	0.21198156682	0.216589861751	0.209677419355	0.188940092166	0.244239631336	0.198156682028	0.223502304147	0.195852534562	0.198156682028	0.200460829493	0.161290322581	0.23732718894	0.214285714286	0.175115207373	0.202764976959	0.221198156682	0.205069124424	0.218894009217	0.202764976959	0.184331797235	0.191244239631	0.205069124424	0.202764976959	0.140552995392	0.140552995392	0.216589861751	0.172811059908	0.188940092166
M2.3-V2.metaG.snv.bam	0.1866359447	0.207373271889	0.216589861751	0.179723502304	0.218894009217	0.218894009217	0.207373271889	0.205069124424	0.195852534562	0.195852534562	0.214285714286	0.200460829493	0.214285714286	0.191244239631	0.1866359447	0.0	0.0	0.0	0.0	0.0	0.221198156682	0.195852534562	0.205069124424	0.216589861751	0.214285714286	0.202764976959	0.223502304147	0.195852534562	0.228110599078	0.216589861751	0.221198156682	0.214285714286	0.193548387097	0.248847926267	0.202764976959	0.228110599078	0.198156682028	0.202764976959	0.202764976959	0.163594470046	0.241935483871	0.218894009217	0.177419354839	0.205069124424	0.225806451613	0.207373271889	0.223502304147	0.205069124424	0.1866359447	0.195852534562	0.209677419355	0.207373271889	0.142857142857	0.142857142857	0.221198156682	0.175115207373	0.193548387097
M2.3-V2.metaT.snv.bam	0.140552995392	0.15668202765	0.170506912442	0.133640552995	0.172811059908	0.172811059908	0.15668202765	0.154377880184	0.149769585253	0.149769585253	0.170506912442	0.149769585253	0.154377880184	0.147465437788	0.140552995392	0.0	0.0	0.0	0.0	0.0	0.161290322581	0.154377880184	0.152073732719	0.161290322581	0.170506912442	0.163594470046	0.15668202765	0.147465437788	0.163594470046	0.154377880184	0.165898617512	0.158986175115	0.145161290323	0.184331797235	0.154377880184	0.168202764977	0.154377880184	0.149769585253	0.152073732719	0.119815668203	0.170506912442	0.168202764977	0.152073732719	0.152073732719	0.168202764977	0.154377880184	0.168202764977	0.152073732719	0.135944700461	0.154377880184	0.163594470046	0.163594470046	0.110599078341	0.110599078341	0.165898617512	0.129032258065	0.140552995392
M2.3-V3.metaG.snv.bam	0.1866359447	0.207373271889	0.221198156682	0.18202764977	0.221198156682	0.221198156682	0.209677419355	0.207373271889	0.195852534562	0.195852534562	0.218894009217	0.200460829493	0.216589861751	0.191244239631	0.1866359447	0.0	0.0	0.0	0.0	0.0	0.221198156682	0.198156682028	0.207373271889	0.218894009217	0.218894009217	0.207373271889	0.223502304147	0.198156682028	0.228110599078	0.216589861751	0.221198156682	0.214285714286	0.193548387097	0.248847926267	0.205069124424	0.228110599078	0.202764976959	0.202764976959	0.205069124424	0.165898617512	0.241935483871	0.221198156682	0.18202764977	0.207373271889	0.228110599078	0.209677419355	0.223502304147	0.207373271889	0.188940092166	0.195852534562	0.209677419355	0.207373271889	0.142857142857	0.142857142857	0.221198156682	0.179723502304	0.193548387097
M2.3-V3.metaT.snv.bam	0.129032258065	0.138248847926	0.145161290323	0.135944700461	0.149769585253	0.149769585253	0.152073732719	0.149769585253	0.149769585253	0.149769585253	0.145161290323	0.13133640553	0.154377880184	0.126728110599	0.124423963134	0.0	0.0	0.0	0.0	0.0	0.152073732719	0.133640552995	0.138248847926	0.161290322581	0.147465437788	0.142857142857	0.154377880184	0.129032258065	0.158986175115	0.149769585253	0.152073732719	0.149769585253	0.142857142857	0.165898617512	0.142857142857	0.158986175115	0.133640552995	0.145161290323	0.142857142857	0.10599078341	0.161290322581	0.161290322581	0.140552995392	0.138248847926	0.140552995392	0.140552995392	0.149769585253	0.138248847926	0.126728110599	0.13133640553	0.13133640553	0.133640552995	0.0990783410138	0.0990783410138	0.152073732719	0.126728110599	0.142857142857
MH0150.snv.bam	0.214285714286	0.23732718894	0.248847926267	0.232718894009	0.253456221198	0.253456221198	0.218894009217	0.216589861751	0.218894009217	0.218894009217	0.246543778802	0.235023041475	0.10599078341	0.214285714286	0.228110599078	0.216589861751	0.221198156682	0.161290322581	0.221198156682	0.152073732719	0.0	0.246543778802	0.26267281106	0.191244239631	0.21198156682	0.241935483871	0.0345622119816	0.244239631336	0.0184331797235	0.0345622119816	0.253456221198	0.246543778802	0.228110599078	0.0483870967742	0.214285714286	0.0207373271889	0.255760368664	0.235023041475	0.228110599078	0.193548387097	0.154377880184	0.253456221198	0.223502304147	0.244239631336	0.28801843318	0.23732718894	0.251152073733	0.244239631336	0.223502304147	0.221198156682	0.232718894009	0.235023041475	0.239631336406	0.239631336406	0.253456221198	0.239631336406	0.225806451613
MH0187.snv.bam	0.161290322581	0.1866359447	0.209677419355	0.195852534562	0.193548387097	0.193548387097	0.214285714286	0.21198156682	0.188940092166	0.188940092166	0.207373271889	0.18202764977	0.228110599078	0.191244239631	0.193548387097	0.193548387097	0.195852534562	0.154377880184	0.198156682028	0.133640552995	0.246543778802	0.0	0.214285714286	0.200460829493	0.184331797235	0.191244239631	0.228110599078	0.175115207373	0.239631336406	0.23732718894	0.202764976959	0.195852534562	0.170506912442	0.23732718894	0.184331797235	0.248847926267	0.221198156682	0.200460829493	0.216589861751	0.152073732719	0.177419354839	0.15668202765	0.161290322581	0.154377880184	0.239631336406	0.152073732719	0.195852534562	0.154377880184	0.138248847926	0.170506912442	0.168202764977	0.18202764977	0.21198156682	0.21198156682	0.202764976959	0.158986175115	0.179723502304
MH0191.snv.bam	0.188940092166	0.209677419355	0.200460829493	0.221198156682	0.225806451613	0.225806451613	0.165898617512	0.163594470046	0.205069124424	0.205069124424	0.198156682028	0.202764976959	0.21198156682	0.216589861751	0.184331797235	0.200460829493	0.205069124424	0.152073732719	0.207373271889	0.138248847926	0.26267281106	0.214285714286	0.0	0.209677419355	0.188940092166	0.21198156682	0.239631336406	0.193548387097	0.251152073733	0.239631336406	0.235023041475	0.228110599078	0.207373271889	0.246543778802	0.195852534562	0.264976958525	0.184331797235	0.232718894009	0.221198156682	0.1866359447	0.246543778802	0.223502304147	0.205069124424	0.21198156682	0.0460829493088	0.21198156682	0.241935483871	0.21198156682	0.193548387097	0.230414746544	0.230414746544	0.23732718894	0.177419354839	0.177419354839	0.235023041475	0.188940092166	0.209677419355
MH0192.snv.bam	0.152073732719	0.175115207373	0.21198156682	0.158986175115	0.202764976959	0.202764976959	0.191244239631	0.191244239631	0.154377880184	0.154377880184	0.209677419355	0.170506912442	0.149769585253	0.18202764977	0.205069124424	0.21198156682	0.216589861751	0.161290322581	0.218894009217	0.161290322581	0.191244239631	0.200460829493	0.209677419355	0.0	0.191244239631	0.198156682028	0.15668202765	0.163594470046	0.184331797235	0.188940092166	0.191244239631	0.184331797235	0.175115207373	0.202764976959	0.15668202765	0.198156682028	0.225806451613	0.161290322581	0.170506912442	0.149769585253	0.177419354839	0.184331797235	0.154377880184	0.188940092166	0.230414746544	0.18202764977	0.198156682028	0.188940092166	0.168202764977	0.1866359447	0.200460829493	0.205069124424	0.214285714286	0.214285714286	0.191244239631	0.188940092166	0.172811059908
MH0198.snv.bam	0.170506912442	0.193548387097	0.0460829493088	0.223502304147	0.179723502304	0.179723502304	0.193548387097	0.191244239631	0.177419354839	0.177419354839	0.0437788018433	0.191244239631	0.18202764977	0.193548387097	0.200460829493	0.209677419355	0.214285714286	0.170506912442	0.218894009217	0.147465437788	0.21198156682	0.184331797235	0.188940092166	0.191244239631	0.0	0.0760368663594	0.216589861751	0.1866359447	0.214285714286	0.225806451613	0.209677419355	0.202764976959	0.18202764977	0.218894009217	0.170506912442	0.228110599078	0.195852534562	0.23732718894	0.214285714286	0.172811059908	0.195852534562	0.191244239631	0.195852534562	0.200460829493	0.225806451613	0.202764976959	0.207373271889	0.200460829493	0.177419354839	0.200460829493	0.207373271889	0.209677419355	0.205069124424	0.205069124424	0.209677419355	0.168202764977	0.175115207373
MH0211.snv.bam	0.188940092166	0.21198156682	0.0345622119816	0.21198156682	0.228110599078	0.228110599078	0.209677419355	0.207373271889	0.175115207373	0.175115207373	0.0322580645161	0.207373271889	0.216589861751	0.214285714286	0.202764976959	0.198156682028	0.202764976959	0.163594470046	0.207373271889	0.142857142857	0.241935483871	0.191244239631	0.21198156682	0.198156682028	0.0760368663594	0.0	0.241935483871	0.172811059908	0.239631336406	0.246543778802	0.221198156682	0.214285714286	0.168202764977	0.246543778802	0.1866359447	0.255760368664	0.200460829493	0.225806451613	0.200460829493	0.165898617512	0.21198156682	0.207373271889	0.1866359447	0.202764976959	0.241935483871	0.205069124424	0.195852534562	0.202764976959	0.179723502304	0.218894009217	0.214285714286	0.228110599078	0.193548387097	0.193548387097	0.221198156682	0.147465437788	0.170506912442
MH0270.snv.bam	0.188940092166	0.214285714286	0.255760368664	0.209677419355	0.251152073733	0.251152073733	0.200460829493	0.198156682028	0.214285714286	0.214285714286	0.253456221198	0.21198156682	0.0921658986175	0.214285714286	0.221198156682	0.218894009217	0.223502304147	0.15668202765	0.223502304147	0.154377880184	0.0345622119816	0.228110599078	0.239631336406	0.15668202765	0.216589861751	0.241935483871	0.0	0.223502304147	0.0161290322581	0.0276497695853	0.232718894009	0.225806451613	0.218894009217	0.0460829493088	0.195852534562	0.0414746543779	0.23732718894	0.207373271889	0.214285714286	0.161290322581	0.158986175115	0.239631336406	0.216589861751	0.218894009217	0.260368663594	0.21198156682	0.235023041475	0.218894009217	0.205069124424	0.216589861751	0.232718894009	0.244239631336	0.218894009217	0.218894009217	0.232718894009	0.228110599078	0.221198156682
MH0271.snv.bam	0.0460829493088	0.0483870967742	0.18202764977	0.207373271889	0.218894009217	0.218894009217	0.165898617512	0.165898617512	0.147465437788	0.147465437788	0.18202764977	0.0391705069124	0.205069124424	0.073732718894	0.191244239631	0.191244239631	0.195852534562	0.147465437788	0.198156682028	0.129032258065	0.244239631336	0.175115207373	0.193548387097	0.163594470046	0.1866359447	0.172811059908	0.223502304147	0.0	0.23732718894	0.239631336406	0.112903225806	0.110599078341	0.184331797235	0.244239631336	0.142857142857	0.248847926267	0.170506912442	0.207373271889	0.216589861751	0.138248847926	0.188940092166	0.168202764977	0.126728110599	0.140552995392	0.225806451613	0.152073732719	0.142857142857	0.140552995392	0.126728110599	0.198156682028	0.198156682028	0.202764976959	0.193548387097	0.193548387097	0.112903225806	0.158986175115	0.179723502304
MH0403.snv.bam	0.205069124424	0.230414746544	0.251152073733	0.225806451613	0.264976958525	0.264976958525	0.21198156682	0.209677419355	0.221198156682	0.221198156682	0.248847926267	0.228110599078	0.0898617511521	0.230414746544	0.230414746544	0.223502304147	0.228110599078	0.163594470046	0.228110599078	0.158986175115	0.0184331797235	0.239631336406	0.251152073733	0.184331797235	0.214285714286	0.239631336406	0.0161290322581	0.23732718894	0.0	0.0253456221198	0.246543778802	0.239631336406	0.221198156682	0.0391705069124	0.207373271889	0.0391705069124	0.248847926267	0.223502304147	0.221198156682	0.1866359447	0.147465437788	0.246543778802	0.225806451613	0.232718894009	0.276497695853	0.225806451613	0.248847926267	0.232718894009	0.218894009217	0.230414746544	0.244239631336	0.255760368664	0.228110599078	0.228110599078	0.246543778802	0.232718894009	0.228110599078
MH0418.snv.bam	0.207373271889	0.232718894009	0.26267281106	0.223502304147	0.267281105991	0.267281105991	0.218894009217	0.216589861751	0.223502304147	0.223502304147	0.260368663594	0.230414746544	0.115207373272	0.232718894009	0.232718894009	0.21198156682	0.216589861751	0.154377880184	0.216589861751	0.149769585253	0.0345622119816	0.23732718894	0.239631336406	0.188940092166	0.225806451613	0.246543778802	0.0276497695853	0.239631336406	0.0253456221198	0.0	0.248847926267	0.241935483871	0.223502304147	0.0414746543779	0.209677419355	0.036866359447	0.253456221198	0.225806451613	0.218894009217	0.191244239631	0.163594470046	0.248847926267	0.218894009217	0.239631336406	0.264976958525	0.232718894009	0.246543778802	0.239631336406	0.223502304147	0.235023041475	0.246543778802	0.258064516129	0.216589861751	0.216589861751	0.248847926267	0.230414746544	0.230414746544
MH0426.snv.bam	0.0345622119816	0.0645161290323	0.230414746544	0.218894009217	0.239631336406	0.239631336406	0.158986175115	0.158986175115	0.172811059908	0.172811059908	0.228110599078	0.0668202764977	0.216589861751	0.0944700460829	0.216589861751	0.216589861751	0.221198156682	0.165898617512	0.221198156682	0.152073732719	0.253456221198	0.202764976959	0.235023041475	0.191244239631	0.209677419355	0.221198156682	0.232718894009	0.112903225806	0.246543778802	0.248847926267	0.0	0.00691244239631	0.191244239631	0.253456221198	0.154377880184	0.260368663594	0.198156682028	0.221198156682	0.232718894009	0.175115207373	0.200460829493	0.175115207373	0.193548387097	0.0783410138249	0.264976958525	0.0898617511521	0.0299539170507	0.0783410138249	0.073732718894	0.202764976959	0.223502304147	0.225806451613	0.202764976959	0.202764976959	0.0	0.21198156682	0.188940092166
MH0439.snv.bam	0.0322580645161	0.0622119815668	0.223502304147	0.21198156682	0.232718894009	0.232718894009	0.152073732719	0.152073732719	0.165898617512	0.165898617512	0.221198156682	0.0645161290323	0.209677419355	0.0921658986175	0.209677419355	0.209677419355	0.214285714286	0.158986175115	0.214285714286	0.149769585253	0.246543778802	0.195852534562	0.228110599078	0.184331797235	0.202764976959	0.214285714286	0.225806451613	0.110599078341	0.239631336406	0.241935483871	0.00691244239631	0.0	0.184331797235	0.246543778802	0.147465437788	0.253456221198	0.195852534562	0.214285714286	0.225806451613	0.168202764977	0.193548387097	0.168202764977	0.1866359447	0.0806451612903	0.258064516129	0.0829493087558	0.036866359447	0.0806451612903	0.0668202764977	0.195852534562	0.216589861751	0.218894009217	0.195852534562	0.195852534562	0.00691244239631	0.205069124424	0.18202764977
MH0441.snv.bam	0.165898617512	0.195852534562	0.193548387097	0.184331797235	0.191244239631	0.191244239631	0.18202764977	0.179723502304	0.0783410138249	0.0783410138249	0.191244239631	0.195852534562	0.195852534562	0.202764976959	0.184331797235	0.188940092166	0.193548387097	0.145161290323	0.193548387097	0.142857142857	0.228110599078	0.170506912442	0.207373271889	0.175115207373	0.18202764977	0.168202764977	0.218894009217	0.184331797235	0.221198156682	0.223502304147	0.191244239631	0.184331797235	0.0	0.21198156682	0.175115207373	0.230414746544	0.188940092166	0.200460829493	0.184331797235	0.142857142857	0.195852534562	0.165898617512	0.177419354839	0.15668202765	0.230414746544	0.158986175115	0.184331797235	0.15668202765	0.145161290323	0.179723502304	0.168202764977	0.188940092166	0.188940092166	0.188940092166	0.191244239631	0.142857142857	0.036866359447
MH0446.snv.bam	0.216589861751	0.23732718894	0.255760368664	0.241935483871	0.285714285714	0.285714285714	0.223502304147	0.221198156682	0.228110599078	0.228110599078	0.253456221198	0.235023041475	0.129032258065	0.251152073733	0.251152073733	0.244239631336	0.248847926267	0.184331797235	0.248847926267	0.165898617512	0.0483870967742	0.23732718894	0.246543778802	0.202764976959	0.218894009217	0.246543778802	0.0460829493088	0.244239631336	0.0391705069124	0.0414746543779	0.253456221198	0.246543778802	0.21198156682	0.0	0.225806451613	0.0506912442396	0.235023041475	0.244239631336	0.23732718894	0.198156682028	0.158986175115	0.248847926267	0.241935483871	0.235023041475	0.292626728111	0.228110599078	0.251152073733	0.235023041475	0.218894009217	0.248847926267	0.241935483871	0.267281105991	0.221198156682	0.221198156682	0.253456221198	0.244239631336	0.235023041475
MH0454.snv.bam	0.124423963134	0.149769585253	0.200460829493	0.193548387097	0.172811059908	0.172811059908	0.172811059908	0.170506912442	0.165898617512	0.165898617512	0.198156682028	0.138248847926	0.172811059908	0.152073732719	0.18202764977	0.198156682028	0.202764976959	0.154377880184	0.205069124424	0.142857142857	0.214285714286	0.184331797235	0.195852534562	0.15668202765	0.170506912442	0.1866359447	0.195852534562	0.142857142857	0.207373271889	0.209677419355	0.154377880184	0.147465437788	0.175115207373	0.225806451613	0.0	0.225806451613	0.195852534562	0.193548387097	0.195852534562	0.152073732719	0.202764976959	0.154377880184	0.1866359447	0.177419354839	0.216589861751	0.177419354839	0.161290322581	0.177419354839	0.152073732719	0.172811059908	0.188940092166	0.193548387097	0.18202764977	0.18202764977	0.154377880184	0.172811059908	0.172811059908
MH0457.snv.bam	0.221198156682	0.244239631336	0.26267281106	0.235023041475	0.260368663594	0.260368663594	0.230414746544	0.228110599078	0.221198156682	0.221198156682	0.260368663594	0.241935483871	0.126728110599	0.221198156682	0.225806451613	0.223502304147	0.228110599078	0.168202764977	0.228110599078	0.158986175115	0.0207373271889	0.248847926267	0.264976958525	0.198156682028	0.228110599078	0.255760368664	0.0414746543779	0.248847926267	0.0391705069124	0.036866359447	0.260368663594	0.253456221198	0.230414746544	0.0506912442396	0.225806451613	0.0	0.248847926267	0.23732718894	0.230414746544	0.195852534562	0.175115207373	0.246543778802	0.230414746544	0.251152073733	0.290322580645	0.244239631336	0.258064516129	0.251152073733	0.230414746544	0.228110599078	0.239631336406	0.241935483871	0.241935483871	0.241935483871	0.260368663594	0.239631336406	0.228110599078
MH0462.snv.bam	0.170506912442	0.188940092166	0.214285714286	0.188940092166	0.230414746544	0.230414746544	0.179723502304	0.177419354839	0.207373271889	0.207373271889	0.21198156682	0.184331797235	0.232718894009	0.202764976959	0.214285714286	0.195852534562	0.198156682028	0.154377880184	0.202764976959	0.133640552995	0.255760368664	0.221198156682	0.184331797235	0.225806451613	0.195852534562	0.200460829493	0.23732718894	0.170506912442	0.248847926267	0.253456221198	0.198156682028	0.195852534562	0.188940092166	0.235023041475	0.195852534562	0.248847926267	0.0	0.205069124424	0.209677419355	0.184331797235	0.21198156682	0.18202764977	0.202764976959	0.175115207373	0.214285714286	0.1866359447	0.205069124424	0.175115207373	0.165898617512	0.205069124424	0.202764976959	0.218894009217	0.161290322581	0.161290322581	0.198156682028	0.200460829493	0.202764976959
MMRS11288076ST-27-0-0.snv.bam	0.1866359447	0.21198156682	0.239631336406	0.0576036866359	0.223502304147	0.223502304147	0.232718894009	0.230414746544	0.18202764977	0.18202764977	0.23732718894	0.209677419355	0.221198156682	0.214285714286	0.221198156682	0.198156682028	0.202764976959	0.149769585253	0.202764976959	0.145161290323	0.235023041475	0.200460829493	0.232718894009	0.161290322581	0.23732718894	0.225806451613	0.207373271889	0.207373271889	0.223502304147	0.225806451613	0.221198156682	0.214285714286	0.200460829493	0.244239631336	0.193548387097	0.23732718894	0.205069124424	0.0	0.0552995391705	0.172811059908	0.228110599078	0.209677419355	0.200460829493	0.216589861751	0.255760368664	0.214285714286	0.223502304147	0.216589861751	0.202764976959	0.198156682028	0.214285714286	0.214285714286	0.221198156682	0.221198156682	0.221198156682	0.202764976959	0.195852534562
MMRS31306426ST-27-0-0.snv.bam	0.200460829493	0.223502304147	0.21198156682	0.0576036866359	0.214285714286	0.214285714286	0.225806451613	0.223502304147	0.177419354839	0.177419354839	0.209677419355	0.221198156682	0.221198156682	0.225806451613	0.209677419355	0.200460829493	0.202764976959	0.152073732719	0.205069124424	0.142857142857	0.228110599078	0.216589861751	0.221198156682	0.170506912442	0.214285714286	0.200460829493	0.214285714286	0.216589861751	0.221198156682	0.218894009217	0.232718894009	0.225806451613	0.184331797235	0.23732718894	0.195852534562	0.230414746544	0.209677419355	0.0552995391705	0.0	0.172811059908	0.225806451613	0.21198156682	0.195852534562	0.228110599078	0.244239631336	0.225806451613	0.235023041475	0.228110599078	0.209677419355	0.198156682028	0.209677419355	0.21198156682	0.214285714286	0.214285714286	0.232718894009	0.184331797235	0.18202764977
MMRS81135225ST-27-0-0.snv.bam	0.140552995392	0.158986175115	0.179723502304	0.18202764977	0.168202764977	0.168202764977	0.165898617512	0.163594470046	0.149769585253	0.149769585253	0.177419354839	0.154377880184	0.170506912442	0.170506912442	0.161290322581	0.161290322581	0.163594470046	0.119815668203	0.165898617512	0.10599078341	0.193548387097	0.152073732719	0.1866359447	0.149769585253	0.172811059908	0.165898617512	0.161290322581	0.138248847926	0.1866359447	0.191244239631	0.175115207373	0.168202764977	0.142857142857	0.198156682028	0.152073732719	0.195852534562	0.184331797235	0.172811059908	0.172811059908	0.0	0.193548387097	0.170506912442	0.158986175115	0.158986175115	0.214285714286	0.161290322581	0.1866359447	0.158986175115	0.133640552995	0.147465437788	0.152073732719	0.158986175115	0.18202764977	0.18202764977	0.175115207373	0.117511520737	0.140552995392
MMRS90191266ST-27-0-0.snv.bam	0.163594470046	0.184331797235	0.228110599078	0.232718894009	0.23732718894	0.23732718894	0.198156682028	0.198156682028	0.202764976959	0.202764976959	0.225806451613	0.177419354839	0.200460829493	0.193548387097	0.223502304147	0.23732718894	0.241935483871	0.170506912442	0.241935483871	0.161290322581	0.154377880184	0.177419354839	0.246543778802	0.177419354839	0.195852534562	0.21198156682	0.158986175115	0.188940092166	0.147465437788	0.163594470046	0.200460829493	0.193548387097	0.195852534562	0.158986175115	0.202764976959	0.175115207373	0.21198156682	0.228110599078	0.225806451613	0.193548387097	0.0	0.18202764977	0.193548387097	0.191244239631	0.276497695853	0.1866359447	0.202764976959	0.191244239631	0.165898617512	0.214285714286	0.230414746544	0.244239631336	0.218894009217	0.218894009217	0.200460829493	0.209677419355	0.209677419355
MMRS97307143ST-27-0-0.snv.bam	0.158986175115	0.184331797235	0.216589861751	0.21198156682	0.202764976959	0.202764976959	0.218894009217	0.216589861751	0.191244239631	0.191244239631	0.214285714286	0.179723502304	0.225806451613	0.200460829493	0.230414746544	0.214285714286	0.218894009217	0.168202764977	0.221198156682	0.161290322581	0.253456221198	0.15668202765	0.223502304147	0.184331797235	0.191244239631	0.207373271889	0.239631336406	0.168202764977	0.246543778802	0.248847926267	0.175115207373	0.168202764977	0.165898617512	0.248847926267	0.154377880184	0.246543778802	0.18202764977	0.209677419355	0.21198156682	0.170506912442	0.18202764977	0.0	0.168202764977	0.165898617512	0.258064516129	0.161290322581	0.18202764977	0.165898617512	0.138248847926	0.195852534562	0.200460829493	0.205069124424	0.225806451613	0.225806451613	0.175115207373	0.198156682028	0.172811059908
O2.UC31-1.snv.bam	0.158986175115	0.175115207373	0.205069124424	0.191244239631	0.195852534562	0.195852534562	0.172811059908	0.175115207373	0.188940092166	0.188940092166	0.202764976959	0.18202764977	0.205069124424	0.177419354839	0.188940092166	0.175115207373	0.177419354839	0.152073732719	0.18202764977	0.140552995392	0.223502304147	0.161290322581	0.205069124424	0.154377880184	0.195852534562	0.1866359447	0.216589861751	0.126728110599	0.225806451613	0.218894009217	0.193548387097	0.1866359447	0.177419354839	0.241935483871	0.1866359447	0.230414746544	0.202764976959	0.200460829493	0.195852534562	0.158986175115	0.193548387097	0.168202764977	0.0	0.163594470046	0.23732718894	0.15668202765	0.198156682028	0.163594470046	0.140552995392	0.175115207373	0.195852534562	0.198156682028	0.216589861751	0.216589861751	0.193548387097	0.165898617512	0.188940092166
O2.UC35-1.snv.bam	0.0645161290323	0.0967741935484	0.221198156682	0.21198156682	0.21198156682	0.21198156682	0.168202764977	0.168202764977	0.18202764977	0.18202764977	0.218894009217	0.0990783410138	0.202764976959	0.108294930876	0.207373271889	0.202764976959	0.205069124424	0.152073732719	0.207373271889	0.138248847926	0.244239631336	0.154377880184	0.21198156682	0.188940092166	0.200460829493	0.202764976959	0.218894009217	0.140552995392	0.232718894009	0.239631336406	0.0783410138249	0.0806451612903	0.15668202765	0.235023041475	0.177419354839	0.251152073733	0.175115207373	0.216589861751	0.228110599078	0.158986175115	0.191244239631	0.165898617512	0.163594470046	0.0	0.246543778802	0.0161290322581	0.0714285714286	0.0	0.0115207373272	0.172811059908	0.177419354839	0.198156682028	0.184331797235	0.184331797235	0.0783410138249	0.188940092166	0.170506912442
O2.UC41-1.snv.bam	0.218894009217	0.241935483871	0.23732718894	0.241935483871	0.246543778802	0.246543778802	0.1866359447	0.184331797235	0.225806451613	0.225806451613	0.235023041475	0.235023041475	0.232718894009	0.244239631336	0.209677419355	0.221198156682	0.225806451613	0.168202764977	0.228110599078	0.140552995392	0.28801843318	0.239631336406	0.0460829493088	0.230414746544	0.225806451613	0.241935483871	0.260368663594	0.225806451613	0.276497695853	0.264976958525	0.264976958525	0.258064516129	0.230414746544	0.292626728111	0.216589861751	0.290322580645	0.214285714286	0.255760368664	0.244239631336	0.214285714286	0.276497695853	0.258064516129	0.23732718894	0.246543778802	0.0	0.248847926267	0.267281105991	0.246543778802	0.223502304147	0.253456221198	0.260368663594	0.267281105991	0.209677419355	0.209677419355	0.264976958525	0.214285714286	0.230414746544
