	158256496-stool2.snv.bam	158337416-stool1.snv.bam	158337416-stool2.snv.bam	158479027-stool1.snv.bam	158499257-stool1.snv.bam	158742018-stool1.snv.bam	158802708-stool1.snv.bam	158802708-stool2.snv.bam	158944319-stool1.snv.bam	159166850-stool1.snv.bam	160400887-stool1.snv.bam	160582958-stool1.snv.bam	160643649-stool1.snv.bam	161412393-stool2.snv.bam	706846339-stool1.snv.bam	706846339-stool2.snv.bam	764062976-stool1.snv.bam	764062976-stool2.snv.bam	764224817-stool1.snv.bam	764224817-stool2.snv.bam	764467579-stool3.snv.bam	765013792-stool1.snv.bam	765377934-stool3.snv.bam	765640925-stool1.snv.bam	765640925-stool2.snv.bam	CCIS00146684ST-4-0.snv.bam	CCIS09568613ST-4-0.snv.bam	CCIS20795251ST-4-0.snv.bam	CCIS22275061ST-4-0.snv.bam	CCIS27927933ST-4-0.snv.bam	CCIS52234160ST-4-0.snv.bam	CCIS55230578ST-4-0.snv.bam	CCIS70398272ST-4-0.snv.bam	CCIS76563044ST-4-0.snv.bam	CCIS81710917ST-20-0.snv.bam	CCIS87290971ST-4-0.snv.bam	CCIS88317640ST-4-0.snv.bam	CCIS90443472ST-4-0.snv.bam	CCIS91228662ST-4-0.snv.bam	CCIS95409808ST-4-0.snv.bam	CCIS98832363ST-4-0.snv.bam	M1.4-V2.metaG.snv.bam	M2.1-V1.metaG.snv.bam	M2.1-V2.metaG.snv.bam	MH0196.snv.bam	MH0197.snv.bam	MH0204.snv.bam	MH0217.snv.bam	MH0268.snv.bam	MH0290.snv.bam	MH0347.snv.bam	MH0364.snv.bam	MH0395.snv.bam	MH0398.snv.bam	MH0413.snv.bam	MH0422.snv.bam	MH0436.snv.bam	MH0446.snv.bam	MH0454.snv.bam	MMRS54316675ST-27-0-0.snv.bam	MMRS67096717ST-27-0-0.snv.bam	MMRS73787048ST-27-0-0.snv.bam	MMRS88581325ST-27-0-0.snv.bam	MMRS96422329ST-27-0-0.snv.bam	N022A.snv.bam	N037A.snv.bam	NG-5636_268.snv.bam	NG-5636_299.snv.bam	NG-5636_524.snv.bam	NG-5636_59.snv.bam	O2.UC14-1.snv.bam	O2.UC2-1.snv.bam	O2.UC28-2.snv.bam	O2.UC29-1.snv.bam	SAMEA3136637.snv.bam	SAMEA3136641.snv.bam	SAMEA3136648.snv.bam	SAMEA3136666.snv.bam	SAMEA3136671.snv.bam	SAMEA3136685.snv.bam	SAMEA3136699.snv.bam	SAMEA3136709.snv.bam	SAMEA3136725.snv.bam	SAMEA3136752.snv.bam	SAMEA3136755.snv.bam	SAMEA3136756.snv.bam	SAMEA3136761.snv.bam	SZEY-103A.snv.bam	T2D-102A.snv.bam	T2D-154A.snv.bam	T2D-15A.snv.bam	T2D-189A.snv.bam	T2D-70A.snv.bam	T2D-97A.snv.bam	V1.CD50-0.snv.bam	V1.CD52-0.snv.bam	V1.FI16.snv.bam	V1.FI26.snv.bam	V1.UC43-0.snv.bam
158256496-stool2.snv.bam	0.0	0.175587621482	0.170324566799	0.195433552501	0.161638818018	0.16370968837	0.135742457753	0.135966098949	0.17460730105	0.135719552676	0.174748639973	0.137601980654	0.18290361156	0.125701721639	0.146556103831	0.145923182022	0.166806750628	0.165390192196	0.15158262485	0.143862805778	0.179795304458	0.19136660495	0.127930413792	0.169054186118	0.168735406349	0.130590252195	0.154746231876	0.155808954565	0.147923137355	0.144222433439	0.166975405623	0.15523613245	0.150785747347	0.154229624415	0.151205795376	0.147978460251	0.117278829979	0.149570120394	0.130395407425	0.153723389303	0.130644486326	0.149540504805	0.139544135257	0.138101642642	0.154662254974	0.119350009983	0.132893377298	0.157412196304	0.144355493548	0.15790569432	0.178887507484	0.148912361003	0.169325910561	0.173117266607	0.148105318936	0.147610586039	0.13897716577	0.184144296005	0.159727073507	0.149069492185	0.123638145329	0.175665499662	0.158217903302	0.177716169988	0.124196145688	0.179179522612	0.128106442132	0.14314493167	0.128915148071	0.188974376765	0.155812350455	0.118995876669	0.138051531765	0.159455897343	0.150046879623	0.176709263101	0.13857620665	0.165145801613	0.144373816391	0.136750287149	0.123444699115	0.143387716815	0.16940370804	0.196805858254	0.141507739638	0.164748937201	0.145868778912	0.126194749936	0.155549132474	0.126256638183	0.14903170639	0.167662168662	0.159174524673	0.167750519677	0.1100955295	0.151448156056	0.167390487015	0.168130109256	0.146623930977
158337416-stool1.snv.bam	0.175587621482	0.0	0.000929908200433	0.208588022252	0.191474517182	0.201196960665	0.187524502373	0.187811995496	0.18663844716	0.190967002745	0.208782648447	0.187511177289	0.203120538543	0.150329241189	0.192613920646	0.191776272913	0.180861805241	0.181142202234	0.165614294643	0.161808359994	0.213352312908	0.161313620916	0.175103939091	0.186132162126	0.185904817719	0.231811455882	0.180975049007	0.186583610997	0.199630924239	0.197123866781	0.182077815079	0.200455154082	0.214732944043	0.201498241865	0.204888427007	0.190695235005	0.186813803549	0.202075758017	0.19608801399	0.174933013488	0.177367058219	0.197643156253	0.197969557809	0.195613423636	0.206503222263	0.174305919501	0.182305888811	0.196573077479	0.194368794489	0.175570801455	0.189346853698	0.188387290242	0.174597714825	0.215156466992	0.198532344384	0.187918790385	0.191983439875	0.216798279407	0.199761005391	0.155464254164	0.178370028373	0.221806832272	0.19747565328	0.191219577113	0.176757201546	0.188301640322	0.164158785933	0.196200343069	0.195512856015	0.211207569547	0.183500421594	0.160413552465	0.183528130689	0.193972803799	0.213885159724	0.199750555797	0.182578498304	0.192089670887	0.20055988576	0.180567477764	0.182057112709	0.191793043953	0.203582662925	0.212229494666	0.212140691399	0.213390439419	0.20342849771	0.196866888453	0.190415398253	0.162523178831	0.181964741253	0.193178706601	0.190798640857	0.174837449273	0.201311951374	0.195314979318	0.2049632986	0.193872966531	0.172745895334
158337416-stool2.snv.bam	0.170324566799	0.000929908200433	0.0	0.202164982466	0.185705326296	0.194490632235	0.182610258596	0.182895200628	0.181947892751	0.186119396325	0.203133592268	0.182599962965	0.198168629759	0.14668762089	0.187619260584	0.186766014235	0.177523395745	0.177203435221	0.160126255483	0.156072695035	0.20473339719	0.159149041499	0.169652222777	0.179147895202	0.178900751865	0.225866459627	0.175837075637	0.181129735452	0.19491350783	0.192155549182	0.174096289187	0.194049944811	0.208362573099	0.196830853694	0.200286011018	0.186526268116	0.181588766626	0.197017625013	0.191291176131	0.169383097762	0.172265325893	0.191093249428	0.1930963292	0.190665075419	0.200794717529	0.168330106337	0.179584103004	0.192880772347	0.187859248811	0.17178142238	0.184494796191	0.183235027223	0.168136820331	0.21091987782	0.193928596847	0.179414065804	0.188224444739	0.212215946556	0.197366610334	0.155569066148	0.172901943463	0.217458864039	0.195282438126	0.191589957309	0.16896989953	0.180751539603	0.15836019195	0.189743589744	0.190373563218	0.203994965883	0.178294413785	0.154533698216	0.178301164216	0.189222904735	0.209211600643	0.194457666598	0.177459215502	0.184892966361	0.195833333333	0.175188396267	0.176436328257	0.186764277389	0.198849843891	0.205481323774	0.20743059895	0.207216644598	0.198595931998	0.190832821682	0.184866124196	0.155296268848	0.174891045021	0.188416230366	0.187412372028	0.169273890284	0.196661942001	0.188498222773	0.200437052785	0.188353428249	0.163647040514
158479027-stool1.snv.bam	0.195433552501	0.208588022252	0.202164982466	0.0	0.219914905543	0.220713737829	0.212072432734	0.212347225916	0.200974191259	0.229097778381	0.231761673802	0.21233847568	0.176426856819	0.200468749237	0.203808503759	0.202885265686	0.232557968883	0.231769995638	0.217306007863	0.212709080514	0.172731245274	0.154939635818	0.209828871182	0.200360540149	0.20004073828	0.205219635933	0.197956624937	0.187371248549	0.203582682526	0.228520318878	0.180821145355	0.19090709494	0.198631079657	0.221309171547	0.218211635513	0.220259139727	0.207933514164	0.204626724446	0.210230326192	0.215334222596	0.19844896408	0.211983806962	0.202109318613	0.203208790317	0.216146367447	0.171282267211	0.20852334319	0.204615704323	0.219087966818	0.196908769875	0.237735918091	0.190774471626	0.16297734831	0.200035787339	0.190154584446	0.192177597548	0.196074915356	0.149830105305	0.226359578617	0.212520898618	0.199758470866	0.241552198654	0.194592629045	0.181684479326	0.19878624753	0.178395313536	0.191811683021	0.198646049494	0.205036576129	0.241020949421	0.196713142352	0.191052923706	0.187772475719	0.229109142583	0.207663133281	0.208416285303	0.199023285924	0.194551131934	0.224112993827	0.208707863048	0.208503905548	0.202835690674	0.207488167378	0.198746326698	0.212896262958	0.220981716991	0.209455915494	0.214743372698	0.192457691879	0.183642828429	0.210145063328	0.192079245975	0.229967935166	0.227098634165	0.205304290287	0.197641062236	0.217715213308	0.206899215208	0.19776756449
158499257-stool1.snv.bam	0.161638818018	0.191474517182	0.185705326296	0.219914905543	0.0	0.158463533387	0.144995879036	0.144747238145	0.159407263641	0.175096455949	0.199888220776	0.165723214375	0.167306818735	0.1408592743	0.166130692195	0.165076841814	0.183305041084	0.182261261763	0.171623088712	0.164245978173	0.199615107791	0.205171260559	0.144790853694	0.171915167374	0.171765119555	0.202178502937	0.131437207464	0.150728961427	0.194772022848	0.156081701568	0.159825669186	0.187139955761	0.183850159633	0.149542634948	0.135114299717	0.174857399919	0.164010237282	0.157173255623	0.186495681493	0.158973293916	0.173096686783	0.174365572094	0.177923320113	0.175393054121	0.130432428482	0.146170730349	0.177594646176	0.199329351485	0.171518422304	0.158708760019	0.157270265786	0.187733775355	0.181494941705	0.177367243467	0.18844164383	0.185726204052	0.169695302181	0.181279949994	0.175817052294	0.13137337423	0.142251461592	0.152753197233	0.180155054516	0.17673397766	0.170389461316	0.169915242165	0.129429752168	0.177437399641	0.181655895419	0.207700735173	0.152205984976	0.124288189342	0.180760600535	0.155785107678	0.195123716189	0.169549031286	0.138729638475	0.177528196017	0.154113111152	0.137490428652	0.151710228152	0.146449144987	0.187783858666	0.183173448608	0.188769095562	0.148211550797	0.185515584658	0.154739197123	0.184846080457	0.158578204864	0.175605157976	0.198627941406	0.187247955239	0.164238887207	0.171463271836	0.140257266124	0.166182984691	0.138591855399	0.179718370747
158742018-stool1.snv.bam	0.16370968837	0.201196960665	0.194490632235	0.220713737829	0.158463533387	0.0	0.153325533606	0.153780843647	0.183193526919	0.184227738032	0.200199514023	0.180871565722	0.131914627702	0.1637132216	0.180486139013	0.181430171968	0.197747828672	0.196835019461	0.19287468656	0.187864158261	0.13540249747	0.189364584912	0.152960104562	0.16590291855	0.165488410468	0.201296925267	0.169208254332	0.137135604494	0.172501474703	0.164606641232	0.0753588715936	0.188284999339	0.179215085663	0.166996360675	0.191134452324	0.174718305577	0.156075531543	0.163734820916	0.172257457459	0.138732649092	0.160482488269	0.170378073843	0.181139283301	0.178682711153	0.174914169363	0.148792335138	0.173077579044	0.203947113633	0.177541558977	0.0993099796552	0.182687015359	0.190130762607	0.153841989738	0.180116592484	0.195090853224	0.184625655371	0.174895760493	0.173724186945	0.179511795856	0.171066820867	0.149133562457	0.198168398544	0.184447630022	0.201506350138	0.182153636011	0.104643303548	0.151547877033	0.189365884774	0.172466808801	0.202536919783	0.164808551925	0.152054982211	0.163922671148	0.187053048038	0.183269024625	0.182417940505	0.155014213884	0.195917185708	0.171045088462	0.153202152058	0.169359544686	0.145851040074	0.208564121049	0.117837100919	0.188247315584	0.195722333393	0.187498990515	0.179633531768	0.173617673555	0.172718110582	0.175193246485	0.210366787505	0.204774786246	0.191625408973	0.180932231064	0.145162989687	0.167360288294	0.164407479584	0.198866760849
158802708-stool1.snv.bam	0.135742457753	0.187524502373	0.182610258596	0.212072432734	0.144995879036	0.153325533606	0.0	0.000628802849732	0.159116953466	0.153582673495	0.21020663105	0.146819705815	0.172218264658	0.135189785673	0.14683704772	0.14631157341	0.187303538725	0.186087033984	0.168791703834	0.161564611377	0.196225525166	0.201207982402	0.110003373496	0.185809858833	0.185617921472	0.197720968001	0.13591944908	0.149908141399	0.168825586451	0.123019454473	0.160924063184	0.163726024924	0.170041226685	0.144389589104	0.118830952231	0.180053646159	0.140666840937	0.154317386544	0.175399234428	0.169300794135	0.166838188479	0.180619982208	0.19104924628	0.188657501585	0.12519299901	0.128825912003	0.167015035282	0.205501737732	0.180862683697	0.145872440411	0.14518193723	0.195104714473	0.181228541446	0.187213755886	0.187759462759	0.184418747209	0.16426317314	0.189414183929	0.185686496323	0.120462910083	0.103771739376	0.136950561345	0.15553958242	0.177683114118	0.164225975055	0.177186040761	0.118607143479	0.173507377265	0.156225693356	0.185119713416	0.142618431857	0.128652476988	0.170759820715	0.135807192125	0.174488161423	0.176156028491	0.125401123617	0.172661269774	0.127167487123	0.135738461502	0.169659345813	0.125065751186	0.19821265278	0.187454156513	0.166028186383	0.134297813296	0.183766774684	0.156777166789	0.183968511695	0.148610816084	0.185351824994	0.196626485352	0.192456848707	0.171154672412	0.170746071405	0.17097435687	0.136613205494	0.146863374142	0.184990256762
158802708-stool2.snv.bam	0.135966098949	0.187811995496	0.182895200628	0.212347225916	0.144747238145	0.153780843647	0.000628802849732	0.0	0.15947909729	0.153673536497	0.210798951261	0.146836973929	0.172671592669	0.135336387096	0.147356411727	0.146730345581	0.187747509767	0.186515744318	0.169094871079	0.161881469845	0.196725782956	0.201629890795	0.110159376654	0.186219639702	0.186027374802	0.19804617653	0.136243905513	0.150169241003	0.169223377215	0.123556621706	0.161512971271	0.164036242226	0.170256642533	0.144483341253	0.11718369178	0.180273158964	0.140688194091	0.154597678173	0.175743847374	0.169790892826	0.167357801536	0.180993992681	0.19148570619	0.189092101762	0.125551594176	0.127347758184	0.167717969638	0.206095168734	0.181016916769	0.146052967429	0.145415815686	0.195696813722	0.181774301952	0.187633350974	0.188190728951	0.184764911928	0.16451273011	0.189170714079	0.186238721184	0.120834136347	0.104162024294	0.135217166911	0.155928809004	0.17776766995	0.164506470064	0.177578231011	0.118788810653	0.173718149405	0.156550906248	0.185622564055	0.142929460698	0.128992745556	0.171138034796	0.136151406185	0.174710085297	0.176989668721	0.125561510162	0.17280907403	0.127694063194	0.136181079609	0.17018333201	0.125345605519	0.198641741294	0.187811603063	0.166300240177	0.134592492165	0.184014778533	0.157086776168	0.184618320561	0.14909766401	0.185658015809	0.196950933494	0.192781381244	0.171293047316	0.170883040633	0.1712394892	0.137033942421	0.147211693047	0.185297409588
158944319-stool1.snv.bam	0.17460730105	0.18663844716	0.181947892751	0.200974191259	0.159407263641	0.183193526919	0.159116953466	0.15947909729	0.0	0.169514740632	0.187331502293	0.15752253461	0.195316404983	0.141420885445	0.149416908793	0.147030689575	0.217153775902	0.216299310235	0.167770606888	0.164083851144	0.170998826272	0.184730400684	0.170519404706	0.137288404919	0.136965408368	0.172831888744	0.143845692398	0.180782454112	0.126872356061	0.153890725614	0.182854777481	0.155282761283	0.184521981238	0.17099202913	0.155288719278	0.180638702334	0.194310109628	0.187895360258	0.191574705217	0.164546138951	0.176280638063	0.176036370459	0.155922561591	0.153397351264	0.16493034237	0.16946735133	0.179326003974	0.156481718597	0.179716987486	0.179694131561	0.174723195082	0.160576499197	0.198129588193	0.167924059992	0.185045264278	0.168993716189	0.177062857795	0.169193666686	0.196133907366	0.148270658645	0.165104761091	0.188527234817	0.154358269531	0.180027239233	0.180996568968	0.197986895803	0.144752191779	0.187583807758	0.160606870644	0.17585872489	0.169222525764	0.139918448172	0.156639162637	0.160430568234	0.18032962006	0.18729812373	0.155482473386	0.142692201197	0.143622654206	0.158844433679	0.150953095837	0.171960985695	0.185347280696	0.199079219676	0.178662648811	0.160203711413	0.170245670238	0.178537309331	0.172058706803	0.147739935633	0.167264700363	0.156275040832	0.180974038444	0.162027263257	0.149030614985	0.165897275212	0.137323465496	0.158124190032	0.18227564989
159166850-stool1.snv.bam	0.135719552676	0.190967002745	0.186119396325	0.229097778381	0.175096455949	0.184227738032	0.153582673495	0.153673536497	0.169514740632	0.0	0.186565582335	0.130037817721	0.193105594386	0.182537649902	0.190859658605	0.193475352966	0.184137324927	0.182947075688	0.182496902842	0.173831073606	0.198398180108	0.201406080257	0.147629907574	0.175774875467	0.17555813602	0.170521049013	0.184685990954	0.185504337962	0.161969128207	0.148524847513	0.180186757219	0.172254336392	0.17010262781	0.184152065017	0.142875863672	0.172776165926	0.144072261755	0.183245397243	0.155163209379	0.166184866094	0.167098885824	0.163708056079	0.156991086264	0.156139351037	0.166026432795	0.162724880641	0.167298178873	0.176072946707	0.170514485848	0.177311563871	0.172329863106	0.182981330313	0.181532349427	0.138311686517	0.182514316158	0.18794681851	0.150224991365	0.187381910583	0.154406995609	0.166983044884	0.157477480259	0.201394599291	0.190121434876	0.204835465489	0.162385550287	0.199369064116	0.149717547494	0.17340319233	0.165297032656	0.212721462727	0.184084530787	0.151922318116	0.160064445173	0.156328883131	0.17615541843	0.201816224348	0.166955015718	0.181557741258	0.155317552994	0.142706070009	0.144476267006	0.16968579644	0.135223728691	0.201650248798	0.160961067501	0.175725892043	0.185572617829	0.158180729354	0.176193094471	0.162640293357	0.185331210341	0.17268117772	0.178364564374	0.173063429395	0.160394316655	0.160393060951	0.170844391371	0.171250281354	0.162571216498
160400887-stool1.snv.bam	0.174748639973	0.208782648447	0.203133592268	0.231761673802	0.199888220776	0.200199514023	0.21020663105	0.210798951261	0.187331502293	0.186565582335	0.0	0.210466951767	0.229665862886	0.184635489438	0.195258661969	0.194380265723	0.181492048294	0.180484734495	0.157642438673	0.155384104847	0.214339120176	0.202352508098	0.210011617727	0.174822624302	0.174580897361	0.135414869071	0.192497424077	0.211566014717	0.18506636125	0.196124721485	0.192411793169	0.197048712721	0.173019469199	0.23541708952	0.203888968349	0.157400005512	0.185791314167	0.210817826914	0.181405559258	0.147720576404	0.159294865811	0.172709080177	0.149249136011	0.148354493175	0.212741981991	0.206886444346	0.150915540508	0.201094331578	0.159520987483	0.188454376805	0.2191617283	0.185631985811	0.180636030786	0.170467022849	0.179064362577	0.162733917838	0.161298201662	0.200290437782	0.138252943203	0.20407050414	0.199813601619	0.227827949471	0.167299786875	0.217568850495	0.154311253114	0.210617681092	0.201453730386	0.156622614137	0.178452644802	0.173463849315	0.213305256741	0.170340085691	0.164587823049	0.210100899741	0.168461188057	0.229825625252	0.202557252656	0.169767600456	0.196215963677	0.196810006074	0.161158340322	0.209597441268	0.176977787672	0.223438861376	0.163315873631	0.222708946661	0.197064387402	0.146551103909	0.172315931603	0.185679569464	0.1588049072	0.149461628264	0.13734137953	0.168559842397	0.152646760277	0.147308480358	0.209083211542	0.178887379149	0.175341270374
160582958-stool1.snv.bam	0.137601980654	0.187511177289	0.182599962965	0.21233847568	0.165723214375	0.180871565722	0.146819705815	0.146836973929	0.15752253461	0.130037817721	0.210466951767	0.0	0.179400117836	0.148509971366	0.176348313712	0.175571812653	0.204690399331	0.203504092581	0.172031004918	0.163163017334	0.215227131514	0.208362644556	0.142518309915	0.192989293488	0.192849334947	0.204822144813	0.160268294702	0.150011205532	0.152408807918	0.168208636474	0.181915464161	0.170077064516	0.197846748792	0.146273369408	0.152721774383	0.187400871798	0.152663145337	0.17500336733	0.186151558503	0.190491426711	0.184292476917	0.187689102455	0.201649040272	0.199201177657	0.153907957739	0.144928230199	0.188074337367	0.217107357797	0.184390490209	0.177226869996	0.168806099359	0.206334892786	0.202390887792	0.169860289001	0.19686662807	0.19334841017	0.176594054173	0.197998337013	0.183089963193	0.170926449635	0.147062494052	0.190976450505	0.170546885056	0.208155510589	0.190965061741	0.197200959251	0.136605320695	0.173536990476	0.186928166602	0.199195158997	0.168364251164	0.129046762735	0.190947022732	0.183599566575	0.202151091108	0.180487239695	0.151244865252	0.204897183695	0.170858249477	0.164923521531	0.177484285468	0.152345853946	0.16277131182	0.210483295572	0.196931666367	0.142150365554	0.194696421412	0.176079758183	0.194869459469	0.179510545856	0.205920777068	0.224084823183	0.215294484425	0.195482950709	0.184340269527	0.160635760958	0.180863876482	0.141816727966	0.193876526972
160643649-stool1.snv.bam	0.18290361156	0.203120538543	0.198168629759	0.176426856819	0.167306818735	0.131914627702	0.172218264658	0.172671592669	0.195316404983	0.193105594386	0.229665862886	0.179400117836	0.0	0.171598198836	0.189283876328	0.188439767799	0.206625756112	0.205471934673	0.191303336131	0.187971997459	0.145920598876	0.166815223333	0.156169250926	0.18815853236	0.187780982831	0.226962577188	0.184922563289	0.0673492481792	0.204683416196	0.177708013599	0.0961376442492	0.19555302413	0.205127232053	0.182737922653	0.18830754471	0.19461074828	0.178528334147	0.156459839963	0.201402565953	0.159691122689	0.189615582131	0.185814370492	0.210293392169	0.208000673953	0.178743073674	0.139033702811	0.200991967345	0.218840211297	0.192977855626	0.123690821804	0.201301686229	0.202708971994	0.150539653626	0.187486870641	0.182518917884	0.186717900793	0.199451579511	0.198052240527	0.196080462472	0.188900217032	0.154501866212	0.210386019134	0.222930950389	0.189764978009	0.198331033309	0.100953608432	0.159091721228	0.207030270266	0.192178595124	0.218163120736	0.168420928786	0.15582684871	0.185556367809	0.196025016877	0.209048288212	0.171072311024	0.167259983558	0.203433908192	0.183533039926	0.155111259243	0.190451378628	0.154462969472	0.205521706354	0.114421350335	0.214024593666	0.198059170348	0.201855158309	0.174487463938	0.171025439212	0.172817433718	0.207992138353	0.207311245591	0.213873954895	0.197338502463	0.203001887984	0.164265577923	0.186472355249	0.180361559535	0.19059471321
161412393-stool2.snv.bam	0.125701721639	0.150329241189	0.14668762089	0.200468749237	0.1408592743	0.1637132216	0.135189785673	0.135336387096	0.141420885445	0.182537649902	0.184635489438	0.148509971366	0.171598198836	0.0	0.133496732026	0.130604288499	0.163543428843	0.162181749825	0.142729027334	0.13604368932	0.184661364546	0.174517915758	0.13423245015	0.152468073825	0.152133394679	0.184478544269	0.130587270646	0.14775535698	0.156123019407	0.141279630132	0.164556962025	0.16387444717	0.172624760077	0.139648403216	0.1496106516	0.141153081511	0.145391219585	0.0914685429929	0.155950430181	0.154738878143	0.13126351301	0.146469837548	0.161849945775	0.159065628476	0.131273879415	0.129439128123	0.154073772172	0.162746806039	0.140743207301	0.159331175836	0.159914795801	0.162055335968	0.177734375	0.179908675799	0.177084298286	0.161645358533	0.14273976197	0.180357577139	0.164452146594	0.0936170212766	0.12166988417	0.156278024358	0.154582550173	0.15809973877	0.145048170783	0.174320989893	0.109467455621	0.164410058027	0.157370517928	0.183269622362	0.130540993719	0.0644833095414	0.157790927022	0.147602444419	0.169940993324	0.120272940654	0.118574004528	0.143837325349	0.144054580897	0.1369383603	0.13512524681	0.147227533461	0.188906296504	0.184446725159	0.170038158593	0.151344072412	0.160981912145	0.148041509871	0.168183941718	0.131858188208	0.131790536741	0.18320610687	0.145181476846	0.141482788863	0.158019233176	0.167401928664	0.150644511045	0.158565904809	0.148306823399
706846339-stool1.snv.bam	0.146556103831	0.192613920646	0.187619260584	0.203808503759	0.166130692195	0.180486139013	0.14683704772	0.147356411727	0.149416908793	0.190859658605	0.195258661969	0.176348313712	0.189283876328	0.133496732026	0.0	0.000146972369194	0.187561648715	0.185069024762	0.152371094877	0.147690136661	0.186277838131	0.169255258244	0.15478073479	0.164836955635	0.164502093919	0.199566341423	0.121264172336	0.178089929502	0.166483748781	0.158221529694	0.183748403576	0.185529379526	0.176420789164	0.162353749766	0.15904968628	0.168364197531	0.174218793151	0.160529984659	0.171737263673	0.181346381969	0.154127371375	0.166375741236	0.177046420399	0.176276763194	0.168606861983	0.160394000861	0.15493965494	0.165376606917	0.169830533683	0.182899151372	0.183957894115	0.166209628275	0.191950927588	0.188913605957	0.181756415802	0.182472953403	0.164539838633	0.201602180979	0.199319354682	0.134	0.138893831554	0.165139116003	0.186326811846	0.185856061138	0.168516204242	0.205326313071	0.10985770902	0.178228228228	0.17900670323	0.199468868503	0.152856110466	0.139558348254	0.164660493827	0.15161661902	0.181252045404	0.182620340657	0.125067058107	0.173393296433	0.149672619048	0.162724354123	0.131340382717	0.142458920188	0.212462243945	0.201153004557	0.182726198988	0.164561384788	0.165107033639	0.14288421435	0.175067276717	0.161770146925	0.158673799278	0.198447568834	0.165423543518	0.186465079652	0.168187011063	0.177288361188	0.171938657833	0.167149748526	0.19609263079
706846339-stool2.snv.bam	0.145923182022	0.191776272913	0.186766014235	0.202885265686	0.165076841814	0.181430171968	0.14631157341	0.146730345581	0.147030689575	0.193475352966	0.194380265723	0.175571812653	0.188439767799	0.130604288499	0.000146972369194	0.0	0.186421901327	0.183952695378	0.151698534093	0.147313499112	0.186563985293	0.168494626628	0.154384538404	0.165838913538	0.165529667179	0.198668491787	0.11920154776	0.176223281046	0.165758804682	0.156819597833	0.184410646388	0.182962733524	0.175637082601	0.159860449738	0.156578381802	0.16758747698	0.173449400776	0.159340672475	0.170694502132	0.182300884956	0.156951328203	0.165651361636	0.176264909181	0.175495189587	0.167844249613	0.16160801564	0.154207436837	0.166801948052	0.169088097676	0.182076953278	0.179657301173	0.165454545455	0.192857142857	0.186259925305	0.182740079578	0.179867819014	0.164394827016	0.198904533445	0.199115870434	0.131474103586	0.138008849558	0.162383879211	0.185437751842	0.183283225448	0.165953654189	0.203611225376	0.108150694743	0.177419354839	0.178181818182	0.196518447558	0.15156228016	0.137152327152	0.163904235727	0.149339757458	0.180155735143	0.185137147166	0.122768360881	0.170756880734	0.148214285714	0.16171994921	0.131008088584	0.140105078809	0.211493619122	0.201340199864	0.181913532443	0.16210003955	0.164355231144	0.144044995716	0.173831386535	0.158764019048	0.157984872849	0.195804195804	0.162895927602	0.185631346017	0.167453164896	0.176488839351	0.167693487432	0.162831684397	0.195206763142
764062976-stool1.snv.bam	0.166806750628	0.180861805241	0.177523395745	0.232557968883	0.183305041084	0.197747828672	0.187303538725	0.187747509767	0.217153775902	0.184137324927	0.181492048294	0.204690399331	0.206625756112	0.163543428843	0.187561648715	0.186421901327	0.0	0.00113825517697	0.179137654574	0.17363889573	0.224474961912	0.218977514734	0.185262467891	0.220092750168	0.219798877358	0.194322589956	0.195066486998	0.194018573524	0.202948942206	0.195064000483	0.19696163645	0.193591447931	0.200861742259	0.208287155872	0.186228910021	0.154819138467	0.186668123155	0.17976941219	0.172111145044	0.17303492739	0.180762288923	0.173964325982	0.170700133903	0.168252684391	0.194207122456	0.164612295214	0.171132261991	0.214998126748	0.160472581195	0.170296149504	0.213132512427	0.200700268678	0.181636852284	0.195838387678	0.205724530281	0.135911749808	0.15895931299	0.220265262597	0.167872547855	0.157376963132	0.181657115796	0.211668354591	0.189814677499	0.211640162688	0.116104218966	0.201080925707	0.164056179056	0.157747708706	0.189986887263	0.200786638877	0.200631509163	0.167796848889	0.194271148129	0.214470698631	0.199942422338	0.205403477889	0.194667597534	0.145473180596	0.198738329328	0.182166315336	0.164513936169	0.190028064094	0.182987074574	0.215620119223	0.177960410156	0.199635191943	0.196190697962	0.155196249878	0.166149252818	0.155703794462	0.130701736493	0.166043888236	0.133138827551	0.123508375329	0.184228477864	0.17967961828	0.208275545898	0.207811521477	0.142015783394
764062976-stool2.snv.bam	0.165390192196	0.181142202234	0.177203435221	0.231769995638	0.182261261763	0.196835019461	0.186087033984	0.186515744318	0.216299310235	0.182947075688	0.180484734495	0.203504092581	0.205471934673	0.162181749825	0.185069024762	0.183952695378	0.00113825517697	0.0	0.176316784982	0.170716825138	0.221515555422	0.217889335511	0.184110422508	0.21734860115	0.217024670574	0.193669497507	0.19413501306	0.192688365392	0.202050447037	0.193877800845	0.195708962857	0.190821027296	0.200163410504	0.207324920517	0.185174393177	0.153593288449	0.185897665792	0.178299547645	0.171184204997	0.171899231995	0.179463597106	0.171529612538	0.169759538862	0.167298807621	0.193058837776	0.163227485643	0.17096809435	0.213682692108	0.157944461234	0.168922308496	0.21220662858	0.199466285852	0.180652948595	0.194661195799	0.204403630113	0.134550441632	0.157840950721	0.219296858484	0.166875346916	0.157694231171	0.180322198547	0.210647694778	0.190086414952	0.212341366226	0.115064082948	0.199829973403	0.162871811163	0.155029147682	0.189262918559	0.198079244921	0.199349345943	0.166585415817	0.193148465752	0.213377178172	0.199147668302	0.204299209462	0.193465502267	0.144383634382	0.197628458005	0.180911458463	0.163404311715	0.188915282597	0.181732612784	0.21465172079	0.177222876259	0.198630918074	0.195475745539	0.15209025806	0.164797927408	0.154419403219	0.12974204053	0.16475259289	0.133560593028	0.122078103444	0.183115156713	0.176938183478	0.207435489602	0.206890433859	0.140551508105
764224817-stool1.snv.bam	0.15158262485	0.165614294643	0.160126255483	0.217306007863	0.171623088712	0.19287468656	0.168791703834	0.169094871079	0.167770606888	0.182496902842	0.157642438673	0.172031004918	0.191303336131	0.142729027334	0.152371094877	0.151698534093	0.179137654574	0.176316784982	0.0	0.000449134457442	0.200346832835	0.164880543366	0.159667129878	0.157229946379	0.15702272252	0.131469081015	0.163863154093	0.166182346195	0.150249737663	0.168084307088	0.170882404319	0.158841815137	0.176993034701	0.196353053783	0.166821469765	0.13511167295	0.168039256362	0.152501416871	0.184235105075	0.116194617851	0.155433248611	0.141687098383	0.162290885275	0.159751155874	0.167826548647	0.15098592034	0.139490083826	0.179998193888	0.135031959569	0.168672929405	0.187628767068	0.179659817138	0.1729610879	0.159236765859	0.161159127727	0.153385011816	0.132950417987	0.192685839467	0.148642414511	0.151633901574	0.155843151727	0.192942855896	0.159268373242	0.186094770452	0.157297410548	0.182888986787	0.15511602748	0.154315852845	0.174218836393	0.187206067572	0.197465670283	0.150186088973	0.158477814649	0.182211347557	0.174606236043	0.17866009654	0.151390226132	0.124229625469	0.169216059231	0.170185028823	0.137310662426	0.171393229531	0.150690597824	0.177193334056	0.159268194953	0.18567118157	0.196138609693	0.112651227964	0.132457392978	0.133702425339	0.156261935186	0.148926885816	0.131462041206	0.128594956642	0.107758099665	0.134459822212	0.177592440679	0.178160405816	0.161012161833
764224817-stool2.snv.bam	0.143862805778	0.161808359994	0.156072695035	0.212709080514	0.164245978173	0.187864158261	0.161564611377	0.161881469845	0.164083851144	0.173831073606	0.155384104847	0.163163017334	0.187971997459	0.13604368932	0.147690136661	0.147313499112	0.17363889573	0.170716825138	0.000449134457442	0.0	0.194954702722	0.164478389162	0.153954749439	0.153157674161	0.152925229726	0.128642733135	0.15584738025	0.158368679447	0.146194537999	0.163542496509	0.167738095238	0.15643741184	0.171628721541	0.191894500105	0.159191527734	0.131995412844	0.160736662903	0.148956255351	0.177223608278	0.111025528169	0.149570420814	0.138855268316	0.156630074714	0.154011814798	0.158531389174	0.145604991447	0.136528823312	0.175724393531	0.132073034837	0.166286317236	0.180836650484	0.174026268116	0.170929715302	0.159943987411	0.147849130528	0.150750379939	0.130113172827	0.189270335343	0.146218705491	0.144678217822	0.149977954145	0.185950239927	0.153206140103	0.179251605026	0.152525913022	0.180745755396	0.148290598291	0.148325892857	0.166779891304	0.182018487358	0.188992968773	0.142434268803	0.152129120879	0.175163617347	0.169183938156	0.173863410602	0.146919536863	0.125912408759	0.161854982206	0.162993259414	0.130447017949	0.165108695652	0.146226484995	0.174999597639	0.151851036765	0.178750231207	0.188856060606	0.109388406183	0.129671299972	0.130934130002	0.155445423098	0.146450348432	0.13011822376	0.123792318631	0.10448023724	0.12817652247	0.170558031823	0.171024827539	0.155018198578
764467579-stool3.snv.bam	0.179795304458	0.213352312908	0.20473339719	0.172731245274	0.199615107791	0.13540249747	0.196225525166	0.196725782956	0.170998826272	0.198398180108	0.214339120176	0.215227131514	0.145920598876	0.184661364546	0.186277838131	0.186563985293	0.224474961912	0.221515555422	0.200346832835	0.194954702722	0.0	0.134985868569	0.181550969356	0.113014332311	0.112524090458	0.177780007134	0.19566843372	0.14391514089	0.159201055966	0.204250918393	0.109023186739	0.176008750515	0.155172607795	0.217837120755	0.210534595365	0.161116633532	0.148380483772	0.181180671063	0.148118731209	0.157902494331	0.151903226391	0.151338816376	0.172417640684	0.169681259601	0.198682138225	0.166395166882	0.179418727496	0.146918339637	0.162837785749	0.122577039638	0.226319295156	0.142706008185	0.139659018483	0.188351951307	0.186863877701	0.180004409171	0.178863006207	0.175012552191	0.215984834808	0.203952074392	0.18652154195	0.232463612843	0.165714427636	0.170265202028	0.185692625916	0.109484966789	0.18543494476	0.202117166713	0.142938842204	0.226257014388	0.19224428047	0.174983770275	0.13023480143	0.214568074579	0.150367498258	0.200717648864	0.189453310995	0.167246672291	0.195959249084	0.177506865114	0.173755050411	0.182483633755	0.209905148643	0.0922969827754	0.176541384865	0.216866288633	0.158314695741	0.190630128068	0.188976948061	0.185035876513	0.175354184903	0.189659416398	0.207212347511	0.218413154468	0.151509016972	0.172791350113	0.191345549385	0.209442773094	0.190745728195
765013792-stool1.snv.bam	0.19136660495	0.161313620916	0.159149041499	0.154939635818	0.205171260559	0.189364584912	0.201207982402	0.201629890795	0.184730400684	0.201406080257	0.202352508098	0.208362644556	0.166815223333	0.174517915758	0.169255258244	0.168494626628	0.218977514734	0.217889335511	0.164880543366	0.164478389162	0.134985868569	0.0	0.189590986699	0.133556342091	0.133225419266	0.208501866072	0.18776335732	0.170032532722	0.170139598949	0.220862680276	0.137480134194	0.179692219221	0.194269171805	0.228632395835	0.213835282646	0.175977079947	0.196882602848	0.195861634753	0.190922100617	0.197466509841	0.161342307338	0.16990370144	0.196520650151	0.194090362769	0.216056225686	0.167775023694	0.184095162939	0.185320274185	0.173542842675	0.142945139189	0.213827461731	0.179225585194	0.114931432192	0.206377978682	0.191409755152	0.207625985384	0.193974143619	0.186973760728	0.217052048453	0.183566071531	0.177953237653	0.233348128348	0.203453751157	0.208421365123	0.181798579277	0.144438423538	0.182104395193	0.203669180363	0.201072382408	0.225817151642	0.199298477391	0.175797375041	0.183383424642	0.22413379401	0.19695594331	0.204228450589	0.189624250183	0.203441652063	0.21343755756	0.196135187853	0.183422765344	0.198918037761	0.219250112277	0.16974950776	0.218078362531	0.220589400769	0.212933017079	0.189866689143	0.182816716755	0.168697934039	0.16223941616	0.191593985282	0.196163721628	0.223556722071	0.182407200966	0.192227017834	0.226303662911	0.213736595705	0.198998281369
765377934-stool3.snv.bam	0.127930413792	0.175103939091	0.169652222777	0.209828871182	0.144790853694	0.152960104562	0.110003373496	0.110159376654	0.170519404706	0.147629907574	0.210011617727	0.142518309915	0.156169250926	0.13423245015	0.15478073479	0.154384538404	0.185262467891	0.184110422508	0.159667129878	0.153954749439	0.181550969356	0.189590986699	0.0	0.178675122404	0.178461208087	0.193902886497	0.147193778444	0.147604720504	0.164577884059	0.156411918632	0.151260107817	0.173685636858	0.190226375524	0.152289960712	0.150914442293	0.191959442005	0.144747730707	0.144089045252	0.176725781983	0.165571428571	0.170023345577	0.186870188099	0.185511774253	0.183079016367	0.140575396825	0.125534025286	0.153031886506	0.199767225326	0.187003663518	0.153835978836	0.152748718086	0.196792091837	0.186259398496	0.180717226516	0.185203811741	0.182199050949	0.174097382265	0.172855508057	0.178604670607	0.107819475446	0.0508322981366	0.147905876592	0.189656456264	0.185634407565	0.170712991942	0.167969174734	0.0974049259698	0.179935865191	0.177149234694	0.186542633728	0.137408773379	0.126507892304	0.186534487213	0.164208510095	0.199746824623	0.185216721815	0.140208724203	0.177375580196	0.157712034026	0.129910917879	0.159519002599	0.112226456848	0.185560540222	0.178075348741	0.185987530931	0.156089095947	0.192240570063	0.160165451527	0.182658467136	0.149521800378	0.174460674947	0.208167648503	0.177965544742	0.17564212195	0.169795508507	0.154528000109	0.161735745672	0.162086517001	0.183984847673
765640925-stool1.snv.bam	0.169054186118	0.186132162126	0.179147895202	0.200360540149	0.171915167374	0.16590291855	0.185809858833	0.186219639702	0.137288404919	0.175774875467	0.174822624302	0.192989293488	0.18815853236	0.152468073825	0.164836955635	0.165838913538	0.220092750168	0.21734860115	0.157229946379	0.153157674161	0.113014332311	0.133556342091	0.178675122404	0.0	0.00062976539539	0.145066153565	0.178302647855	0.171086325639	0.106144527152	0.202669410239	0.165563780184	0.162659554856	0.130829213666	0.205170361983	0.19819550868	0.138833588336	0.157915219135	0.18653493197	0.143500190958	0.149045475339	0.124847054466	0.131549390224	0.148741837585	0.146132387528	0.194401216688	0.168870547594	0.141523588913	0.102401090884	0.135044507525	0.165459457093	0.211585957762	0.10884489425	0.181940237361	0.1734296486	0.173843546419	0.18997447284	0.160872811688	0.154688460602	0.182978897697	0.190460948157	0.168197516352	0.211781776145	0.152082071073	0.159053959827	0.182301728206	0.183575744958	0.167867574491	0.17021278196	0.138836024541	0.201036175756	0.185430048474	0.15400467177	0.117162007809	0.204197067328	0.130313785126	0.198130776373	0.169004788383	0.179859829526	0.195683034816	0.172144062401	0.166752536736	0.191988417003	0.189973413563	0.166928547999	0.172940043076	0.204505748065	0.150145006209	0.174367980961	0.174616749672	0.174675531477	0.170178843774	0.162716648981	0.185662173805	0.18547400475	0.131654242785	0.155641869356	0.188144916493	0.19237208268	0.181740883884
765640925-stool2.snv.bam	0.168735406349	0.185904817719	0.178900751865	0.20004073828	0.171765119555	0.165488410468	0.185617921472	0.186027374802	0.136965408368	0.17555813602	0.174580897361	0.192849334947	0.187780982831	0.152133394679	0.164502093919	0.165529667179	0.219798877358	0.217024670574	0.15702272252	0.152925229726	0.112524090458	0.133225419266	0.178461208087	0.00062976539539	0.0	0.144901698553	0.178125303808	0.170723315258	0.105859468599	0.202340659759	0.165145094102	0.162438083269	0.130530065109	0.204987693083	0.197956889404	0.138537235963	0.157669068181	0.186205543052	0.14321815034	0.148826267759	0.124499623551	0.131176996317	0.14850064117	0.145889949964	0.194207641145	0.168656298924	0.141107413609	0.102040198127	0.134716944605	0.165065412285	0.211385286878	0.108417634058	0.18155398311	0.173105589571	0.173451910528	0.189753298449	0.160579504036	0.154373369741	0.182850716897	0.190333900894	0.167915972876	0.211635367035	0.15189713423	0.158789780962	0.182036022577	0.183208813798	0.16776567468	0.169915206243	0.13861301594	0.200840751212	0.185096202681	0.153667701545	0.116960932405	0.20392696883	0.130065313635	0.197947380617	0.168726691785	0.179669807477	0.195326403073	0.171886601998	0.166597116273	0.191804844111	0.189740931137	0.166585587837	0.172800418007	0.204378415473	0.149906942319	0.174164682674	0.17443226676	0.174427412212	0.169930974795	0.162430056008	0.185441269745	0.185236183044	0.131391892994	0.155408868557	0.187901701808	0.192136844501	0.18152721652
