	159369152-stool1.snv.bam	159369152-stool2.snv.bam	159571453-stool2.snv.bam	763577454-stool1.snv.bam	764588959-stool1.snv.bam	764588959-stool2.snv.bam	765074482-stool1.snv.bam	765074482-stool3.snv.bam	BYQ_AAAB.snv.bam	BYQ_AAAM.snv.bam	BYQ_AAAQ.snv.bam	CCIS90443472ST-4-0.snv.bam	CCMD82866709ST-21-0.snv.bam	CCMD86707194ST-21-0.snv.bam	CCMD95433940ST-21-0.snv.bam	M2.3-V1.metaG.snv.bam	M2.3-V2.metaG.snv.bam	M2.3-V2.metaT.snv.bam	M2.3-V3.metaG.snv.bam	M2.3-V3.metaT.snv.bam	MH0150.snv.bam	MH0187.snv.bam	MH0191.snv.bam	MH0192.snv.bam	MH0198.snv.bam	MH0211.snv.bam	MH0270.snv.bam	MH0271.snv.bam	MH0403.snv.bam	MH0418.snv.bam	MH0426.snv.bam	MH0439.snv.bam	MH0441.snv.bam	MH0446.snv.bam	MH0454.snv.bam	MH0457.snv.bam	MH0462.snv.bam	MMRS11288076ST-27-0-0.snv.bam	MMRS31306426ST-27-0-0.snv.bam	MMRS81135225ST-27-0-0.snv.bam	MMRS90191266ST-27-0-0.snv.bam	MMRS97307143ST-27-0-0.snv.bam	O2.UC31-1.snv.bam	O2.UC35-1.snv.bam	O2.UC41-1.snv.bam	O2.UC44-2.snv.bam	O2.UC48-1.snv.bam	V1.CD1-0-PN.snv.bam	V1.CD17-4.snv.bam	V1.CD49-0.snv.bam	V1.CD51-0.snv.bam	V1.CD52-0.snv.bam	V1.FI11.snv.bam	V1.FI13.snv.bam	V1.FI20.snv.bam	V1.UC32-0.snv.bam	V1.UC64-0.snv.bam
159369152-stool1.snv.bam	0.0	0.0177356716803	0.230091209385	0.220182761985	0.235895507263	0.23560367452	0.159780559162	0.159867695744	0.165153794417	0.165003996308	0.227173212128	0.0428875814744	0.207685114491	0.059422016968	0.209284756969	0.212824940726	0.216015680338	0.205765971603	0.214992927472	0.213207358002	0.245957443863	0.196369032129	0.226125207769	0.187790141408	0.204107734801	0.218848357095	0.225897746349	0.110572240535	0.236159491759	0.238621771567	0.0541868139641	0.0555769925315	0.201616514243	0.248734848341	0.15564768548	0.25295276167	0.204340353257	0.217735378184	0.233503462406	0.173818731584	0.194742412215	0.187283858431	0.1819335255	0.0926539114378	0.25307537887	0.105099443982	0.0716699325107	0.0935696943015	0.0970967162109	0.207352534618	0.22999372623	0.224862663116	0.199122870222	0.198821541598	0.0531657160575	0.20293390189	0.196356654561
159369152-stool2.snv.bam	0.0177356716803	0.0	0.227831159904	0.219025865696	0.236435670721	0.236357139096	0.157374480258	0.157365842905	0.163148362704	0.162983052473	0.224952882351	0.0272967198543	0.209252286062	0.0497850445862	0.208712225964	0.211571929305	0.214674270981	0.204309043666	0.213700946425	0.210383607422	0.244666048253	0.195694070295	0.223428112193	0.185587243317	0.201765130386	0.218453665623	0.225507563906	0.100909120682	0.235519522994	0.238060840707	0.0602119901434	0.0597876807211	0.205241805683	0.245438437935	0.156393369717	0.251434865107	0.203145493439	0.217921702976	0.232550070177	0.169853902126	0.191214187721	0.18702588562	0.180470041913	0.0974554164322	0.252215991539	0.109527316662	0.0830559408455	0.0983940534423	0.0997499744213	0.207094093374	0.229805450447	0.2246035863	0.202032786717	0.20199441249	0.0584780552881	0.201101396681	0.199981507583
159571453-stool2.snv.bam	0.230091209385	0.227831159904	0.0	0.23147936299	0.212888567987	0.212857034221	0.224204674103	0.222193862656	0.188086775821	0.18750494712	0.00486953616257	0.220335840345	0.228187568387	0.224118153014	0.217719369916	0.215214660051	0.218387663029	0.217280818525	0.221826506573	0.212895636248	0.250917211499	0.213498946031	0.207148170279	0.218264034469	0.0494064785897	0.0378777636787	0.263174456594	0.148026080872	0.252486005231	0.26324279283	0.232402571757	0.22567010368	0.20116839704	0.257324268945	0.202132393133	0.264619205214	0.2237137971	0.242127067103	0.216652879974	0.1844502794	0.22809717837	0.217125682254	0.22139061408	0.221811256925	0.242231048309	0.226649661885	0.228931159987	0.222785427359	0.213993838569	0.237344959087	0.234344061608	0.232752288355	0.217754717448	0.218065625148	0.231127748812	0.168214528462	0.186680685224
763577454-stool1.snv.bam	0.220182761985	0.219025865696	0.23147936299	0.0	0.245033806935	0.244368997732	0.224411875802	0.22192578203	0.170792922653	0.170107012969	0.228588208518	0.216010395519	0.230409714928	0.216681554566	0.212467392985	0.183735272005	0.184909571215	0.174917966216	0.186346149231	0.203763139239	0.238872053375	0.202036641237	0.232021018641	0.167505427287	0.229785897886	0.217608341848	0.219400858353	0.216864997591	0.23101217262	0.228854831116	0.224664216839	0.217075413097	0.194006498642	0.247851777523	0.199661478992	0.241838986915	0.200751076725	0.0608369137343	0.0614725034302	0.190458242726	0.237181923144	0.216470340666	0.209159349333	0.216549064568	0.251260534557	0.216254696199	0.226207667646	0.217007281919	0.210453391771	0.229794628049	0.246238794571	0.239430049747	0.22892138658	0.228525621085	0.223880577489	0.207984142315	0.182096203644
764588959-stool1.snv.bam	0.235895507263	0.236435670721	0.212888567987	0.245033806935	0.0	0.00229261654846	0.23290346651	0.231560507183	0.205967550648	0.205760304366	0.210605134292	0.227468015928	0.223994310769	0.215049243781	0.222668685014	0.219645019465	0.220524498095	0.220112284617	0.221674140628	0.21937398854	0.255184629417	0.197022671279	0.232942038131	0.209198632905	0.182072130674	0.229505022183	0.258532472109	0.222484853178	0.266019434412	0.268254985599	0.241325752232	0.234725643436	0.197538150977	0.287045291421	0.176023352123	0.26246756117	0.239909090732	0.225672625203	0.218799542897	0.172868666119	0.237526148456	0.203442851352	0.215992024626	0.212500697052	0.251006316929	0.213149290691	0.237624448414	0.213199539723	0.194499260533	0.0562853861464	0.0723301107789	0.0695596761624	0.235904791515	0.236073706364	0.240094768458	0.19509619573	0.193388533549
764588959-stool2.snv.bam	0.23560367452	0.236357139096	0.212857034221	0.244368997732	0.00229261654846	0.0	0.233160453365	0.229860894079	0.204728239614	0.204555819167	0.209208724388	0.225886075084	0.222544692945	0.213261580935	0.221019597145	0.218009395099	0.218852648129	0.218340002089	0.220110459631	0.217331268521	0.255217613472	0.196544663655	0.231840285413	0.208731817234	0.182283404632	0.229772519707	0.258232798871	0.222888386088	0.266159815509	0.26816469399	0.241328114743	0.234095773907	0.19781823978	0.28675552073	0.175523219807	0.261824482905	0.239833094486	0.223877670558	0.216950245243	0.17115977492	0.235712670875	0.202135217332	0.214910958809	0.212275040502	0.250767397797	0.212422547451	0.237227962547	0.213172019105	0.194132704153	0.0551311761262	0.0710081310662	0.068059996958	0.23589962893	0.236118231714	0.239101270046	0.195106819041	0.193019515452
765074482-stool1.snv.bam	0.159780559162	0.157374480258	0.224204674103	0.224411875802	0.23290346651	0.233160453365	0.0	0.00300134122972	0.195188670045	0.194862082459	0.222254648081	0.148812208828	0.187049192956	0.162668086798	0.160679588389	0.206181763036	0.209404319704	0.200269990842	0.210564481169	0.2228818923	0.221139470114	0.217476767136	0.172158753153	0.197912950846	0.195993783407	0.211319685829	0.207593044588	0.179867089564	0.213419483399	0.220808241174	0.161922055975	0.155310724502	0.189150706672	0.225219092547	0.176414811657	0.232868943995	0.188532107047	0.235448093442	0.230275059638	0.170588656599	0.198768661227	0.219416516176	0.184039796964	0.169313553365	0.191069553405	0.169030601777	0.180643488794	0.169999840375	0.161250777059	0.211336937048	0.23724992718	0.237559051698	0.179208725511	0.17906795247	0.160313413894	0.193215286699	0.190895459478
765074482-stool3.snv.bam	0.159867695744	0.157365842905	0.222193862656	0.22192578203	0.231560507183	0.229860894079	0.00300134122972	0.0	0.191494156419	0.191054750209	0.218702993897	0.14708159982	0.18555065875	0.16098355816	0.156652297062	0.202342882875	0.205559906782	0.195663179533	0.206881725856	0.218120348587	0.219302084237	0.2153514083	0.168517133172	0.197363329254	0.194080169172	0.209399505555	0.205410678909	0.179542424434	0.211706317805	0.218775822681	0.162185416227	0.154393365242	0.187000858033	0.222982456649	0.173796230964	0.229982279705	0.18551994208	0.231784533501	0.226613070518	0.166694095646	0.197240991401	0.216053893201	0.182868002723	0.16946387239	0.188994031024	0.168589119786	0.180568487297	0.170586301328	0.160629632787	0.208100461229	0.234243832003	0.234295153696	0.179060777209	0.178985691786	0.159429174309	0.191055884008	0.188590058583
BYQ_AAAB.snv.bam	0.165153794417	0.163148362704	0.188086775821	0.170792922653	0.205967550648	0.204728239614	0.195188670045	0.191494156419	0.0	0.000940875323633	0.184071249514	0.155078136362	0.201944102264	0.15200025285	0.195981074785	0.190464714758	0.196060580785	0.189559368774	0.194938233575	0.217496550272	0.221668402049	0.192317424962	0.211152583481	0.1598795119	0.180489176351	0.177490970084	0.221672142274	0.16063276871	0.223495940749	0.22510616897	0.176135191303	0.168203117246	0.0839240919652	0.230061859128	0.168681812842	0.223440480615	0.216549094163	0.183133440081	0.180373111394	0.153159471592	0.20197427857	0.190992568573	0.195148272366	0.183349159266	0.230657501878	0.187196662006	0.171453791488	0.18460015403	0.180297839137	0.193921891818	0.193522039079	0.19690950916	0.211025915524	0.21120736123	0.173544198755	0.161371540775	0.0522652858138
BYQ_AAAM.snv.bam	0.165003996308	0.162983052473	0.18750494712	0.170107012969	0.205760304366	0.204555819167	0.194862082459	0.191054750209	0.000940875323633	0.0	0.183632851116	0.155124400486	0.201501644622	0.151692916051	0.195959641406	0.190575664497	0.196170763591	0.189586650987	0.195239042453	0.217489671454	0.221116856786	0.191829179774	0.210523323437	0.159354487765	0.179800976789	0.176917992975	0.221045822699	0.159918220454	0.22294960927	0.224675758157	0.175651425428	0.167752431823	0.0834289700844	0.229555819568	0.168238543017	0.223000061948	0.216049279184	0.18269200428	0.180060759776	0.152845656968	0.201535880172	0.190550315422	0.195356609589	0.18274147297	0.23016438961	0.186710666796	0.171089690551	0.183958210364	0.179971807886	0.193599065193	0.193650079351	0.197226316461	0.210381123027	0.210401402258	0.172958356058	0.160970588548	0.0519536605945
BYQ_AAAQ.snv.bam	0.227173212128	0.224952882351	0.00486953616257	0.228588208518	0.210605134292	0.209208724388	0.222254648081	0.218702993897	0.184071249514	0.183632851116	0.0	0.216564175917	0.224572251412	0.220144391159	0.213941144835	0.211387365535	0.214534457478	0.215717409413	0.218105655176	0.210911371237	0.248589883204	0.210108122056	0.203511586325	0.215756357935	0.0470489266076	0.035094946686	0.260503766601	0.145803349836	0.250213774108	0.261219394964	0.230089213305	0.222891598063	0.19814190945	0.254437118033	0.19954181716	0.261826568752	0.220684011727	0.238024865392	0.212624496715	0.180585336469	0.224246857246	0.213143449821	0.217711121561	0.219141406002	0.239288378983	0.223204751797	0.225731433646	0.220090316167	0.211003277609	0.23418144053	0.231305342898	0.229126876708	0.214789319888	0.21512333839	0.22769405511	0.16533027944	0.183151113303
CCIS90443472ST-4-0.snv.bam	0.0428875814744	0.0272967198543	0.220335840345	0.216010395519	0.227468015928	0.225886075084	0.148812208828	0.14708159982	0.155078136362	0.155124400486	0.216564175917	0.0	0.202566632608	0.0289283366206	0.198279248891	0.200761973875	0.204035308953	0.193606096285	0.202857470165	0.195626975764	0.241229949863	0.187793162974	0.211253008881	0.178194579596	0.196440458801	0.212004700831	0.222628607064	0.0899836470312	0.233580454354	0.235655061443	0.0721192979017	0.0692617757062	0.204809738512	0.240491436018	0.144241736087	0.246938663354	0.195103657231	0.214193792862	0.227496528294	0.159854642712	0.17872561911	0.18170173046	0.174018838122	0.10172328374	0.242840302066	0.11369304893	0.100078456306	0.103047885614	0.102777153914	0.201995095227	0.223881058429	0.219638127319	0.195657518351	0.195744552945	0.0693692678108	0.188384429218	0.197642368527
CCMD82866709ST-21-0.snv.bam	0.207685114491	0.209252286062	0.228187568387	0.230409714928	0.223994310769	0.222544692945	0.187049192956	0.18555065875	0.201944102264	0.201501644622	0.224572251412	0.202566632608	0.0	0.203629032258	0.21615750067	0.215381128655	0.216204051013	0.197755665212	0.217742972587	0.227009294697	0.109971520587	0.233216727281	0.217480357407	0.156817458612	0.186157131898	0.220123937087	0.097279964288	0.212435133006	0.0933014579633	0.118571278844	0.220670540298	0.213144832462	0.204377475995	0.131892500452	0.176651360576	0.129742114273	0.244363314734	0.22389173451	0.225913403485	0.174903873093	0.201938888761	0.226988943308	0.221043469785	0.205046490789	0.238211091451	0.206834844194	0.22082394691	0.206236903538	0.20097799405	0.231732235895	0.252724256718	0.249977600024	0.205667057769	0.205513984234	0.218124423793	0.206278645835	0.208309310118
CCMD86707194ST-21-0.snv.bam	0.059422016968	0.0497850445862	0.224118153014	0.216681554566	0.215049243781	0.213261580935	0.162668086798	0.16098355816	0.15200025285	0.151692916051	0.220144391159	0.0289283366206	0.203629032258	0.0	0.195265382994	0.187935034803	0.191244239631	0.186380674719	0.190335117227	0.183946488294	0.216445160111	0.194187540141	0.222046792954	0.187646833368	0.195867172256	0.215867216413	0.221036370679	0.115404913685	0.231902762985	0.234161057413	0.097579237132	0.0944903261693	0.209576415339	0.252344162664	0.154941876871	0.222604030537	0.211164946669	0.215065770984	0.228689870735	0.173599494443	0.192087646044	0.199603131753	0.166712967525	0.109602058866	0.248376021278	0.122053550847	0.0977123905617	0.110998566735	0.11169641051	0.18398298468	0.215075301558	0.206124677294	0.206155959746	0.206081046538	0.0949103337439	0.197338004374	0.195063458913
CCMD95433940ST-21-0.snv.bam	0.209284756969	0.208712225964	0.217719369916	0.212467392985	0.222668685014	0.221019597145	0.160679588389	0.156652297062	0.195981074785	0.195959641406	0.213941144835	0.198279248891	0.21615750067	0.195265382994	0.0	0.183509747912	0.186857255433	0.177428776971	0.185966213134	0.18085324238	0.230653113343	0.197241942285	0.190050116136	0.211745408035	0.203529837259	0.20497178886	0.22792844204	0.196026774402	0.232333865079	0.234279019214	0.219365695881	0.211753846826	0.191922245484	0.252750099712	0.185514192039	0.227667672784	0.22368903317	0.222364512634	0.212821522977	0.164477525186	0.222455936787	0.230278619622	0.201079927899	0.208331502839	0.214537584366	0.208178694104	0.224193600419	0.20954378744	0.203872528559	0.205597645293	0.203625051848	0.190576409737	0.179319097134	0.179254654538	0.21678024139	0.1614347809	0.190775269357
M2.3-V1.metaG.snv.bam	0.212824940726	0.211571929305	0.215214660051	0.183735272005	0.219645019465	0.218009395099	0.206181763036	0.202342882875	0.190464714758	0.190575664497	0.211387365535	0.200761973875	0.215381128655	0.187935034803	0.183509747912	0.0	0.0	0.000210084033615	0.000225573601445	0.0	0.221054987555	0.198151909675	0.207893036297	0.220654565533	0.214408591829	0.202323502179	0.228219621712	0.197506244197	0.227454489755	0.21541766302	0.221323782354	0.213486304001	0.19763094978	0.248241248216	0.20187164891	0.227109172363	0.20648085512	0.201125729368	0.205443289022	0.166177687505	0.2384888056	0.215805955694	0.193356311237	0.205549422751	0.227833007763	0.210167173096	0.221648660974	0.206775058981	0.201057252194	0.202668810619	0.214741891549	0.206196060479	0.143560265986	0.143455802496	0.218877257371	0.17613982331	0.195005381959
M2.3-V2.metaG.snv.bam	0.216015680338	0.214674270981	0.218387663029	0.184909571215	0.220524498095	0.218852648129	0.209404319704	0.205559906782	0.196060580785	0.196170763591	0.214534457478	0.204035308953	0.216204051013	0.191244239631	0.186857255433	0.0	0.0	0.000209467951405	0.000224014336919	0.0	0.224373313276	0.199555854281	0.211139076134	0.223928296728	0.217497606737	0.205659094661	0.231463771481	0.200285004912	0.230662937826	0.218680904981	0.224575000448	0.216874903539	0.200657771611	0.251140269591	0.20538062132	0.230161654962	0.20738694425	0.204366153525	0.206341813924	0.167357609711	0.2414485604	0.21887819386	0.19548562636	0.206545451468	0.230939817954	0.211022493653	0.224724822303	0.207781551332	0.202025125958	0.206502133644	0.21847233387	0.209393773022	0.14498178269	0.14476831999	0.221972575868	0.177487330613	0.197849154621
M2.3-V2.metaT.snv.bam	0.205765971603	0.204309043666	0.217280818525	0.174917966216	0.220112284617	0.218340002089	0.200269990842	0.195663179533	0.189559368774	0.189586650987	0.215717409413	0.193606096285	0.197755665212	0.186380674719	0.177428776971	0.000210084033615	0.000209467951405	0.0	0.000491693275952	0.000270562770564	0.207758551692	0.198904246594	0.198620971656	0.211268862933	0.219111448811	0.209888459417	0.206500757385	0.194350400474	0.209942701706	0.197553813684	0.213223108555	0.203619213392	0.191266709537	0.235428893854	0.197960553356	0.215501911649	0.202099810444	0.191688453159	0.196962449753	0.15489143234	0.215535193669	0.212665371443	0.206854693234	0.193690698185	0.214385848721	0.199098350041	0.213690843133	0.194616505217	0.183441961538	0.205490224545	0.216388747204	0.208823764212	0.141936663109	0.141863749728	0.210470204081	0.165559978622	0.182857570299
M2.3-V3.metaG.snv.bam	0.214992927472	0.213700946425	0.221826506573	0.186346149231	0.221674140628	0.220110459631	0.210564481169	0.206881725856	0.194938233575	0.195239042453	0.218105655176	0.202857470165	0.217742972587	0.190335117227	0.185966213134	0.000225573601445	0.000224014336919	0.000491693275952	0.0	0.000325157933855	0.223565211197	0.200914649194	0.212462627681	0.22519776493	0.22106339041	0.209203936125	0.230609319797	0.202317106354	0.229874645417	0.217824315712	0.223512984646	0.215848209282	0.200154140952	0.250209101046	0.206703264695	0.229325016511	0.211110492171	0.203390123049	0.207678474724	0.168883127021	0.240309142947	0.220179995448	0.198107674896	0.207859718	0.232023176067	0.212322185183	0.223542454307	0.209090147682	0.203932877747	0.205480858151	0.217209527983	0.208204810423	0.144170194492	0.144072389878	0.220922497793	0.181107754629	0.197356740567
M2.3-V3.metaT.snv.bam	0.213207358002	0.210383607422	0.212895636248	0.203763139239	0.21937398854	0.217331268521	0.2228818923	0.218120348587	0.217496550272	0.217489671454	0.210911371237	0.195626975764	0.227009294697	0.183946488294	0.18085324238	0.0	0.0	0.000270562770564	0.000325157933855	0.0	0.224117859362	0.197848397996	0.207035312895	0.24206147284	0.217136174514	0.209806566805	0.233208934488	0.196560407403	0.233819416294	0.21930194628	0.22390734595	0.220128566138	0.216109068522	0.242583017028	0.211349903197	0.234133194609	0.203198184692	0.213184613185	0.212542808219	0.157969123723	0.23334262356	0.234105073377	0.220134326563	0.201966467317	0.206545117297	0.208029627168	0.21838163251	0.202654350836	0.201193715357	0.20068576211	0.198933642422	0.196267485788	0.145757815505	0.145514974922	0.22131480594	0.186382042628	0.212614287292
MH0150.snv.bam	0.245957443863	0.244666048253	0.250917211499	0.238872053375	0.255184629417	0.255217613472	0.221139470114	0.219302084237	0.221668402049	0.221116856786	0.248589883204	0.241229949863	0.109971520587	0.216445160111	0.230653113343	0.221054987555	0.224373313276	0.207758551692	0.223565211197	0.224117859362	0.0	0.250960727022	0.271068948432	0.199568882364	0.213940726423	0.244208514333	0.0383451699349	0.246674023809	0.0215315009456	0.0387544964992	0.255341178502	0.248124695409	0.23539184987	0.050845368155	0.216872543074	0.0244234449551	0.266457522426	0.238970964856	0.234256072883	0.200189269426	0.157249266605	0.255491193801	0.236948437915	0.246510340234	0.294155277957	0.241022145762	0.253284482941	0.245671616478	0.24139059467	0.233394823451	0.243326170812	0.239053305987	0.242693321537	0.241856506843	0.255612863961	0.240865072566	0.230349429439
MH0187.snv.bam	0.196369032129	0.195694070295	0.213498946031	0.202036641237	0.197022671279	0.196544663655	0.217476767136	0.2153514083	0.192317424962	0.191829179774	0.210108122056	0.187793162974	0.233216727281	0.194187540141	0.197241942285	0.198151909675	0.199555854281	0.198904246594	0.200914649194	0.197848397996	0.250960727022	0.0	0.223076032053	0.208971640584	0.188596071131	0.194916967855	0.23726514502	0.184960220529	0.243518486398	0.241839228706	0.206648536005	0.200462579421	0.178794102152	0.241267759919	0.189128965077	0.253717772368	0.232339068556	0.204873728462	0.223334051497	0.15790341448	0.179823322825	0.159572289527	0.178853077707	0.157597379231	0.246934438175	0.156831018258	0.19917044212	0.158185444672	0.150901202421	0.181197377795	0.177483863908	0.186335511962	0.21557846027	0.2154733487	0.205949085629	0.163254865464	0.185313750269
MH0191.snv.bam	0.226125207769	0.223428112193	0.207148170279	0.232021018641	0.232942038131	0.231840285413	0.172158753153	0.168517133172	0.211152583481	0.210523323437	0.203511586325	0.211253008881	0.217480357407	0.222046792954	0.190050116136	0.207893036297	0.211139076134	0.198620971656	0.212462627681	0.207035312895	0.271068948432	0.223076032053	0.0	0.222262988683	0.195973058037	0.218874506322	0.249351695261	0.207288629026	0.258662854889	0.246897769942	0.242746302204	0.235046655739	0.219265005965	0.253947773045	0.202861375785	0.272858333934	0.19782834566	0.240569036618	0.230845691803	0.195707833605	0.252067157305	0.229141633825	0.22450863928	0.218084335916	0.0526770595407	0.220005496958	0.248494870982	0.218446149896	0.213714454884	0.247040291753	0.245150340265	0.245391724469	0.183339938385	0.183061864834	0.241226730295	0.194741129742	0.219336764525
MH0192.snv.bam	0.187790141408	0.185587243317	0.218264034469	0.167505427287	0.209198632905	0.208731817234	0.197912950846	0.197363329254	0.1598795119	0.159354487765	0.215756357935	0.178194579596	0.156817458612	0.187646833368	0.211745408035	0.220654565533	0.223928296728	0.211268862933	0.22519776493	0.24206147284	0.199568882364	0.208971640584	0.222262988683	0.0	0.198622271736	0.205138912237	0.166323181494	0.183095403648	0.191627230237	0.195795611551	0.197942889974	0.190969796721	0.184935443869	0.21079070841	0.163198847526	0.206914088969	0.239824891992	0.168016576267	0.179283263752	0.157373442077	0.183610690004	0.190034491162	0.172719654551	0.194895879627	0.241147897015	0.188948684655	0.204100987552	0.195255091948	0.185797513195	0.201957670954	0.214454282011	0.212702874572	0.221145845952	0.221200651318	0.197023164654	0.195631229752	0.180919007336
MH0198.snv.bam	0.204107734801	0.201765130386	0.0494064785897	0.229785897886	0.182072130674	0.182283404632	0.195993783407	0.194080169172	0.180489176351	0.179800976789	0.0470489266076	0.196440458801	0.186157131898	0.195867172256	0.203529837259	0.214408591829	0.217497606737	0.219111448811	0.22106339041	0.217136174514	0.213940726423	0.188596071131	0.195973058037	0.198622271736	0.0	0.0782003423878	0.223093224999	0.158902246491	0.216080660315	0.228236735314	0.211053674748	0.205457684998	0.189587272522	0.220777281274	0.172376690629	0.230325604611	0.204997551457	0.241574605297	0.220440738354	0.179103717644	0.197680218725	0.193797536801	0.21115269239	0.202156318131	0.232043817974	0.206126164741	0.209773123071	0.202170969945	0.192569609413	0.212187525929	0.217079256798	0.21375552492	0.207467295435	0.207545399172	0.21173282777	0.169666533642	0.179369565116
MH0211.snv.bam	0.218848357095	0.218453665623	0.0378777636787	0.217608341848	0.229505022183	0.229772519707	0.211319685829	0.209399505555	0.177490970084	0.176917992975	0.035094946686	0.212004700831	0.220123937087	0.215867216413	0.20497178886	0.202323502179	0.205659094661	0.209888459417	0.209203936125	0.209806566805	0.244208514333	0.194916967855	0.218874506322	0.205138912237	0.0782003423878	0.0	0.248916166774	0.131735352572	0.24112081021	0.247553987501	0.222948063356	0.216661003095	0.175162812705	0.248116352676	0.188424167758	0.258155039452	0.209496916591	0.229127850016	0.205828277709	0.171248142467	0.213149361965	0.208684482698	0.205381577083	0.203671500462	0.246893229633	0.207838963526	0.197468097891	0.204091347849	0.194879750319	0.23145140489	0.223807116689	0.231642838521	0.195320533639	0.195035229992	0.222565851043	0.149979369124	0.174722482848
MH0270.snv.bam	0.225897746349	0.225507563906	0.263174456594	0.219400858353	0.258532472109	0.258232798871	0.207593044588	0.205410678909	0.221672142274	0.221045822699	0.260503766601	0.222628607064	0.097279964288	0.221036370679	0.22792844204	0.228219621712	0.231463771481	0.206500757385	0.230609319797	0.233208934488	0.0383451699349	0.23726514502	0.249351695261	0.166323181494	0.223093224999	0.248916166774	0.0	0.236667615282	0.0202855734908	0.0327757250754	0.238571766646	0.231560280645	0.230382821335	0.0498694330425	0.202572364929	0.0467849669907	0.252686602163	0.215730303106	0.224819527782	0.170957093688	0.165757621651	0.246763801624	0.233306362613	0.22599501607	0.27061010865	0.219874397775	0.241511971266	0.225284344099	0.225930462642	0.234243335069	0.248271651858	0.253405083299	0.226577834565	0.225863922137	0.239359625401	0.234072989955	0.229860322283
MH0271.snv.bam	0.110572240535	0.100909120682	0.148026080872	0.216864997591	0.222484853178	0.222888386088	0.179867089564	0.179542424434	0.16063276871	0.159918220454	0.145803349836	0.0899836470312	0.212435133006	0.115404913685	0.196026774402	0.197506244197	0.200285004912	0.194350400474	0.202317106354	0.196560407403	0.246674023809	0.184960220529	0.207288629026	0.183095403648	0.158902246491	0.131735352572	0.236667615282	0.0	0.240756713915	0.244421088256	0.145066606389	0.141699444476	0.191135620577	0.247826301807	0.157484734671	0.254726646771	0.188803817361	0.220024689549	0.221645246689	0.152117385693	0.197343351569	0.184160978087	0.171798702289	0.158657215633	0.237698804204	0.169411098987	0.159214851869	0.158786978867	0.154680068991	0.214600726398	0.212464608249	0.214072745313	0.193899007111	0.193541710228	0.144368777964	0.159299596313	0.183966168184
MH0403.snv.bam	0.236159491759	0.235519522994	0.252486005231	0.23101217262	0.266019434412	0.266159815509	0.213419483399	0.211706317805	0.223495940749	0.22294960927	0.250213774108	0.233580454354	0.0933014579633	0.231902762985	0.232333865079	0.227454489755	0.230662937826	0.209942701706	0.229874645417	0.233819416294	0.0215315009456	0.243518486398	0.258662854889	0.191627230237	0.216080660315	0.24112081021	0.0202855734908	0.240756713915	0.0	0.029032652726	0.247933440313	0.240874949367	0.228333134244	0.0417514252993	0.209514840888	0.0432117113043	0.259659508421	0.226957160766	0.226708104105	0.192729463378	0.150126199931	0.247777907747	0.23825352145	0.233793338616	0.28141091431	0.228725653221	0.249895984671	0.233914457416	0.235974575625	0.243226651123	0.254471354629	0.258969792613	0.230120753168	0.229603212487	0.24775619114	0.233732896481	0.233422046459
MH0418.snv.bam	0.238621771567	0.238060840707	0.26324279283	0.228854831116	0.268254985599	0.26816469399	0.220808241174	0.218775822681	0.22510616897	0.224675758157	0.261219394964	0.235655061443	0.118571278844	0.234161057413	0.234279019214	0.21541766302	0.218680904981	0.197553813684	0.217824315712	0.21930194628	0.0387544964992	0.241839228706	0.246897769942	0.195795611551	0.228236735314	0.247553987501	0.0327757250754	0.244421088256	0.029032652726	0.0	0.24949455639	0.243118568954	0.230487829182	0.0450593146971	0.211936114006	0.041809406175	0.264035119481	0.228766724244	0.224035243545	0.196770717074	0.1658329532	0.249883146328	0.231956028912	0.240493252862	0.269828076893	0.236313819526	0.247286797337	0.240869475605	0.240546623724	0.247854649261	0.256704315545	0.260741131468	0.218057387087	0.218099994443	0.249619597908	0.231728894877	0.235359252391
MH0426.snv.bam	0.0541868139641	0.0602119901434	0.232402571757	0.224664216839	0.241325752232	0.241328114743	0.161922055975	0.162185416227	0.176135191303	0.175651425428	0.230089213305	0.0721192979017	0.220670540298	0.097579237132	0.219365695881	0.221323782354	0.224575000448	0.213223108555	0.223512984646	0.22390734595	0.255341178502	0.206648536005	0.242746302204	0.197942889974	0.211053674748	0.222948063356	0.238571766646	0.145066606389	0.247933440313	0.24949455639	0.0	0.0106652226856	0.198513627113	0.255468000508	0.157386760398	0.263114022612	0.206949204437	0.225585612161	0.239232605386	0.181371284495	0.202504391663	0.177649233885	0.19077451767	0.0812027145845	0.270503649211	0.0938629441598	0.0335082944358	0.0809617657349	0.0830314632062	0.214459240585	0.233995706952	0.228947792625	0.2050553534	0.205292497202	0.00376239242446	0.21396897405	0.193899910255
MH0439.snv.bam	0.0555769925315	0.0597876807211	0.22567010368	0.217075413097	0.234725643436	0.234095773907	0.155310724502	0.154393365242	0.168203117246	0.167752431823	0.222891598063	0.0692617757062	0.213144832462	0.0944903261693	0.211753846826	0.213486304001	0.216874903539	0.203619213392	0.215848209282	0.220128566138	0.248124695409	0.200462579421	0.235046655739	0.190969796721	0.205457684998	0.216661003095	0.231560280645	0.141699444476	0.240874949367	0.243118568954	0.0106652226856	0.0	0.190864528676	0.24785970178	0.151331570803	0.255404840824	0.205051079954	0.217660939889	0.231309237019	0.173802471255	0.194635411384	0.169939290649	0.184461343458	0.0832741638792	0.26331087343	0.0863248037697	0.0403172620534	0.0840262181673	0.0752837962479	0.207169568392	0.225703289684	0.221419016519	0.198464664159	0.198198516507	0.0104565343646	0.207079627305	0.186046294683
MH0441.snv.bam	0.201616514243	0.205241805683	0.20116839704	0.194006498642	0.197538150977	0.19781823978	0.189150706672	0.187000858033	0.0839240919652	0.0834289700844	0.19814190945	0.204809738512	0.204377475995	0.209576415339	0.191922245484	0.19763094978	0.200657771611	0.191266709537	0.200154140952	0.216109068522	0.23539184987	0.178794102152	0.219265005965	0.184935443869	0.189587272522	0.175162812705	0.230382821335	0.191135620577	0.228333134244	0.230487829182	0.198513627113	0.190864528676	0.0	0.219609121428	0.18284481322	0.238285485354	0.201733442375	0.208089972105	0.192591074421	0.152168748951	0.202038094245	0.172019254905	0.199648794098	0.16295005052	0.240988221051	0.166829410343	0.191158139857	0.163198632267	0.161720463128	0.194545867341	0.180528402017	0.197029795012	0.195983399205	0.195783566623	0.19815169456	0.149235398556	0.041653173913
MH0446.snv.bam	0.248734848341	0.245438437935	0.257324268945	0.247851777523	0.287045291421	0.28675552073	0.225219092547	0.222982456649	0.230061859128	0.229555819568	0.254437118033	0.240491436018	0.131892500452	0.252344162664	0.252750099712	0.248241248216	0.251140269591	0.235428893854	0.250209101046	0.242583017028	0.050845368155	0.241267759919	0.253947773045	0.21079070841	0.220777281274	0.248116352676	0.0498694330425	0.247826301807	0.0417514252993	0.0450593146971	0.255468000508	0.24785970178	0.219609121428	0.0	0.228191383579	0.0536843155158	0.244305097805	0.247422709832	0.24278680613	0.203885819795	0.161099587616	0.249900090036	0.253231501695	0.236478663942	0.297872801014	0.230950487048	0.252326703267	0.236872830769	0.235829621893	0.262000276097	0.251859710168	0.270638667809	0.223307115438	0.22260800147	0.254825919513	0.245477670805	0.238958882382
MH0454.snv.bam	0.15564768548	0.156393369717	0.202132393133	0.199661478992	0.176023352123	0.175523219807	0.176414811657	0.173796230964	0.168681812842	0.168238543017	0.19954181716	0.144241736087	0.176651360576	0.154941876871	0.185514192039	0.20187164891	0.20538062132	0.197960553356	0.206703264695	0.211349903197	0.216872543074	0.189128965077	0.202861375785	0.163198847526	0.172376690629	0.188424167758	0.202572364929	0.157484734671	0.209514840888	0.211936114006	0.157386760398	0.151331570803	0.18284481322	0.228191383579	0.0	0.227806162986	0.205745689815	0.197449540017	0.201838419774	0.157542121953	0.204841468302	0.157865224861	0.195415897475	0.180476057189	0.222928048962	0.182425959299	0.164486259562	0.180353958703	0.166284082875	0.183691532418	0.198089108991	0.197461926594	0.185458163262	0.185209786825	0.157436301793	0.174629362134	0.177906188913
MH0457.snv.bam	0.25295276167	0.251434865107	0.264619205214	0.241838986915	0.26246756117	0.261824482905	0.232868943995	0.229982279705	0.223440480615	0.223000061948	0.261826568752	0.246938663354	0.129742114273	0.222604030537	0.227667672784	0.227109172363	0.230161654962	0.215501911649	0.229325016511	0.234133194609	0.0244234449551	0.253717772368	0.272858333934	0.206914088969	0.230325604611	0.258155039452	0.0467849669907	0.254726646771	0.0432117113043	0.041809406175	0.263114022612	0.255404840824	0.238285485354	0.0536843155158	0.227806162986	0.0	0.259572140539	0.240584597268	0.235535076845	0.202084356068	0.178143965513	0.247796985845	0.242625118184	0.253080525352	0.29655613428	0.247666586895	0.259890611546	0.253784217785	0.247286304903	0.240693445703	0.249119605176	0.245785450949	0.244625763804	0.243784087614	0.262213068861	0.241052527962	0.232229927949
MH0462.snv.bam	0.204340353257	0.203145493439	0.2237137971	0.200751076725	0.239909090732	0.239833094486	0.188532107047	0.18551994208	0.216549094163	0.216049279184	0.220684011727	0.195103657231	0.244363314734	0.211164946669	0.22368903317	0.20648085512	0.20738694425	0.202099810444	0.211110492171	0.203198184692	0.266457522426	0.232339068556	0.19782834566	0.239824891992	0.204997551457	0.209496916591	0.252686602163	0.188803817361	0.259659508421	0.264035119481	0.206949204437	0.205051079954	0.201733442375	0.244305097805	0.205745689815	0.259572140539	0.0	0.214403882697	0.221114204262	0.195500587152	0.220350909469	0.18933262373	0.220268067586	0.183163658943	0.227364254883	0.196081854744	0.213645316186	0.183126292279	0.184349979609	0.222093848754	0.219132324642	0.229127634116	0.169131894138	0.169139586408	0.206372678615	0.209201469878	0.213706185994
MMRS11288076ST-27-0-0.snv.bam	0.217735378184	0.217921702976	0.242127067103	0.0608369137343	0.225672625203	0.223877670558	0.235448093442	0.231784533501	0.183133440081	0.18269200428	0.238024865392	0.214193792862	0.22389173451	0.215065770984	0.222364512634	0.201125729368	0.204366153525	0.191688453159	0.203390123049	0.213184613185	0.238970964856	0.204873728462	0.240569036618	0.168016576267	0.241574605297	0.229127850016	0.215730303106	0.220024689549	0.226957160766	0.228766724244	0.225585612161	0.217660939889	0.208089972105	0.247422709832	0.197449540017	0.240584597268	0.214403882697	0.0	0.0564835276956	0.177342736099	0.228352125379	0.210475394319	0.213439291344	0.218808787005	0.262205954612	0.218317215554	0.225555381725	0.220177911664	0.220474952154	0.20952841532	0.223415562353	0.216782924904	0.224027496205	0.223904736865	0.222749215843	0.205798038908	0.200705506179
MMRS31306426ST-27-0-0.snv.bam	0.233503462406	0.232550070177	0.216652879974	0.0614725034302	0.218799542897	0.216950245243	0.230275059638	0.226613070518	0.180373111394	0.180060759776	0.212624496715	0.227496528294	0.225913403485	0.228689870735	0.212821522977	0.205443289022	0.206341813924	0.196962449753	0.207678474724	0.212542808219	0.234256072883	0.223334051497	0.230845691803	0.179283263752	0.220440738354	0.205828277709	0.224819527782	0.221645246689	0.226708104105	0.224035243545	0.239232605386	0.231309237019	0.192591074421	0.24278680613	0.201838419774	0.235535076845	0.221114204262	0.0564835276956	0.0	0.178833187315	0.227985362863	0.21458168793	0.213620726063	0.232588503465	0.252867467948	0.232035586916	0.239250646678	0.233667788244	0.230045188585	0.211710078203	0.220544748311	0.216782352438	0.219087136518	0.218956325895	0.236494691976	0.189315998492	0.187511687136
MMRS81135225ST-27-0-0.snv.bam	0.173818731584	0.169853902126	0.1844502794	0.190458242726	0.172868666119	0.17115977492	0.170588656599	0.166694095646	0.153159471592	0.152845656968	0.180585336469	0.159854642712	0.174903873093	0.173599494443	0.164477525186	0.166177687505	0.167357609711	0.15489143234	0.168883127021	0.157969123723	0.200189269426	0.15790341448	0.195707833605	0.157373442077	0.179103717644	0.171248142467	0.170957093688	0.152117385693	0.192729463378	0.196770717074	0.181371284495	0.173802471255	0.152168748951	0.203885819795	0.157542121953	0.202084356068	0.195500587152	0.177342736099	0.178833187315	0.0	0.196263578992	0.173628456748	0.175006688134	0.163256221684	0.223352309447	0.16757005368	0.191137911552	0.164634366217	0.148055516403	0.15851701473	0.161165897011	0.163393498658	0.18711077292	0.186885672785	0.178840825519	0.122155751946	0.147278554536
MMRS90191266ST-27-0-0.snv.bam	0.194742412215	0.191214187721	0.22809717837	0.237181923144	0.237526148456	0.235712670875	0.198768661227	0.197240991401	0.20197427857	0.201535880172	0.224246857246	0.17872561911	0.201938888761	0.192087646044	0.222455936787	0.2384888056	0.2414485604	0.215535193669	0.240309142947	0.23334262356	0.157249266605	0.179823322825	0.252067157305	0.183610690004	0.197680218725	0.213149361965	0.165757621651	0.197343351569	0.150126199931	0.1658329532	0.202504391663	0.194635411384	0.202038094245	0.161099587616	0.204841468302	0.178143965513	0.220350909469	0.228352125379	0.227985362863	0.196263578992	0.0	0.180640018014	0.200617478603	0.191152650827	0.280199292533	0.188298282818	0.202469521216	0.192577455481	0.179028017805	0.22420044266	0.237938252279	0.244808260736	0.219104173612	0.219272877218	0.19963803581	0.210721460433	0.213176657084
MMRS97307143ST-27-0-0.snv.bam	0.187283858431	0.18702588562	0.217125682254	0.216470340666	0.203442851352	0.202135217332	0.219416516176	0.216053893201	0.190992568573	0.190550315422	0.213143449821	0.18170173046	0.226988943308	0.199603131753	0.230278619622	0.215805955694	0.21887819386	0.212665371443	0.220179995448	0.234105073377	0.255491193801	0.159572289527	0.229141633825	0.190034491162	0.193797536801	0.208684482698	0.246763801624	0.184160978087	0.247777907747	0.249883146328	0.177649233885	0.169939290649	0.172019254905	0.249900090036	0.157865224861	0.247796985845	0.18933262373	0.210475394319	0.21458168793	0.173628456748	0.180640018014	0.0	0.181767264021	0.166636743319	0.262235016854	0.163666298491	0.182335029208	0.167695193346	0.150410719097	0.205914363439	0.207761491653	0.20617975902	0.226454992184	0.226723107128	0.175216825178	0.19977649096	0.176460318576
O2.UC31-1.snv.bam	0.1819335255	0.180470041913	0.22139061408	0.209159349333	0.215992024626	0.214910958809	0.184039796964	0.182868002723	0.195148272366	0.195356609589	0.217711121561	0.174018838122	0.221043469785	0.166712967525	0.201079927899	0.193356311237	0.19548562636	0.206854693234	0.198107674896	0.220134326563	0.236948437915	0.178853077707	0.22450863928	0.172719654551	0.21115269239	0.205381577083	0.233306362613	0.171798702289	0.23825352145	0.231956028912	0.19077451767	0.184461343458	0.199648794098	0.253231501695	0.195415897475	0.242625118184	0.220268067586	0.213439291344	0.213620726063	0.175006688134	0.200617478603	0.181767264021	0.0	0.167406470354	0.255759630008	0.165385574205	0.19684501867	0.168592660513	0.157718496687	0.199290131703	0.219364037305	0.215100628902	0.229225211367	0.229000835142	0.188612912905	0.184575118375	0.205524980641
O2.UC35-1.snv.bam	0.0926539114378	0.0974554164322	0.221811256925	0.216549064568	0.212500697052	0.212275040502	0.169313553365	0.16946387239	0.183349159266	0.18274147297	0.219141406002	0.10172328374	0.205046490789	0.109602058866	0.208331502839	0.205549422751	0.206545451468	0.193690698185	0.207859718	0.201966467317	0.246510340234	0.157597379231	0.218084335916	0.194895879627	0.202156318131	0.203671500462	0.22599501607	0.158657215633	0.233793338616	0.240493252862	0.0812027145845	0.0832741638792	0.16295005052	0.236478663942	0.180476057189	0.253080525352	0.183163658943	0.218808787005	0.232588503465	0.163256221684	0.191152650827	0.166636743319	0.167406470354	0.0	0.250481103698	0.0195674746183	0.0728309546729	0.00299740984803	0.0173924213747	0.182234571153	0.184952555888	0.200618933392	0.184954310527	0.184963830808	0.0796663249638	0.190371141298	0.175037036227
O2.UC41-1.snv.bam	0.25307537887	0.252215991539	0.242231048309	0.251260534557	0.251006316929	0.250767397797	0.191069553405	0.188994031024	0.230657501878	0.23016438961	0.239288378983	0.242840302066	0.238211091451	0.248376021278	0.214537584366	0.227833007763	0.230939817954	0.214385848721	0.232023176067	0.206545117297	0.294155277957	0.246934438175	0.0526770595407	0.241147897015	0.232043817974	0.246893229633	0.27061010865	0.237698804204	0.28141091431	0.269828076893	0.270503649211	0.26331087343	0.240988221051	0.297872801014	0.222928048962	0.29655613428	0.227364254883	0.262205954612	0.252867467948	0.223352309447	0.280199292533	0.262235016854	0.255759630008	0.250481103698	0.0	0.255213197599	0.270857823858	0.251081180624	0.244337426316	0.269237424229	0.27343497516	0.273306643394	0.21329761086	0.213488112527	0.268992732566	0.218885985847	0.238617781976
