	158499257-stool1.snv.bam	158499257-stool2.snv.bam	158944319-stool2.snv.bam	158944319-stool3.snv.bam	159207311-stool2.snv.bam	159207311-stool3.snv.bam	682102541-stool3.snv.bam	763921366-stool3.snv.bam	764062976-stool1.snv.bam	764649650-stool2.snv.bam	BYQ_AAAE.snv.bam	BYQ_AAAM.snv.bam	BYQ_AAAP.snv.bam	BYQ_AAAY.snv.bam	CCIS00146684ST-4-0.snv.bam	CCIS03857607ST-4-0.snv.bam	CCIS07539127ST-4-0.snv.bam	CCIS21278152ST-4-0.snv.bam	CCIS25399172ST-4-0.snv.bam	CCIS33816588ST-4-0.snv.bam	CCIS94417875ST-3-0.snv.bam	CCIS98832363ST-4-0.snv.bam	CCMD42428553ST-21-0.snv.bam	M4.6-V3.metaG.snv.bam	MH0189.snv.bam	MH0206.snv.bam	MH0252.snv.bam	MH0257.snv.bam	MH0280.snv.bam	MH0308.snv.bam	MH0328.snv.bam	MH0329.snv.bam	MH0336.snv.bam	MH0343.snv.bam	MH0357.snv.bam	MH0361.snv.bam	MH0362.snv.bam	MH0373.snv.bam	MH0376.snv.bam	MH0395.snv.bam	MH0417.snv.bam	MH0422.snv.bam	MH0426.snv.bam	MH0428.snv.bam	MH0440.snv.bam	MH0448.snv.bam	MMRS21365932ST-27-0-0.snv.bam	MMRS34569532ST-27-0-0.snv.bam	MMRS38954404ST-27-0-0.snv.bam	MMRS84159866ST-27-0-0.snv.bam	MMRS86168210ST-27-0-0.snv.bam	MMRS94549160ST-27-0-0.snv.bam	MMRS95277876ST-27-0-0.snv.bam	NG-5636_278.snv.bam	O2.UC1-1.snv.bam	O2.UC12-1.snv.bam	O2.UC28-0.snv.bam	O2.UC29-1.snv.bam	O2.UC40-1.snv.bam	SZEY-97A.snv.bam	T2D-11A.snv.bam	V1.FI14.snv.bam	V1.FI17.snv.bam	V1.UC26-4.snv.bam	V1.UC52-1.snv.bam
158499257-stool1.snv.bam	0.0	0.0455961151771	0.114835512104	0.111995670777	0.114215713395	0.113570703949	0.12886700495	0.128275433312	0.154940816578	0.125237152284	0.10435786087	0.135774294552	0.106300903967	0.102954928781	0.10980278492	0.126120432208	0.137741350422	0.126318694917	0.136018565128	0.110189732004	0.111365891281	0.121915729161	0.120771166762	0.124308812887	0.122404434071	0.117471695149	0.116725276542	0.15168364287	0.137482448348	0.12028719606	0.110111682594	0.167249423694	0.133397931352	0.11422124127	0.120480128339	0.133097980653	0.121840628158	0.115868916145	0.120373448103	0.121783437859	0.159042800227	0.133814408583	0.118146575433	0.123123069957	0.119240583964	0.117290610082	0.153130250261	0.114273765658	0.0913140532547	0.121645374243	0.130930746267	0.137206151006	0.141003467209	0.127027575113	0.113617002064	0.159988747434	0.127771431516	0.118539982283	0.122801881541	0.119971366873	0.110746560648	0.109168488224	0.11925372752	0.134669109126	0.171508165726
158499257-stool2.snv.bam	0.0455961151771	0.0	0.115094718617	0.112640510771	0.111781817732	0.111073952765	0.123695074274	0.125930170108	0.146973145146	0.12193285684	0.107218713437	0.13215737056	0.109429685707	0.106077475907	0.101910563386	0.121636948268	0.133286677995	0.117368842509	0.130246382213	0.0969131406923	0.0966497210646	0.112376596343	0.115163355026	0.118943553696	0.120138578735	0.109089646456	0.10044498425	0.148580263028	0.130645675531	0.113261559645	0.109242707932	0.159544188069	0.12613542187	0.115635078085	0.113406940164	0.12636748993	0.116173418421	0.103551793963	0.117232561735	0.120991404005	0.15119710697	0.129695746113	0.118873416042	0.118508376457	0.111161722372	0.108736480238	0.148200752781	0.113056058187	0.0978640357797	0.119393542444	0.125000490876	0.129741458645	0.139826443571	0.122616135212	0.107730171762	0.151981179341	0.122202852844	0.11345351152	0.121168468408	0.112089505869	0.11340035605	0.100184027863	0.112908350582	0.134090665347	0.168066383774
158944319-stool2.snv.bam	0.114835512104	0.115094718617	0.0	0.000964925229371	0.107889421956	0.107022047381	0.124359611642	0.128052477992	0.149407851778	0.119907338049	0.119908705593	0.125321045181	0.120131639336	0.118520273705	0.119705438248	0.132156800509	0.147518209277	0.12066442204	0.122094510552	0.111236124622	0.119545415075	0.120371561655	0.127598172319	0.134294442209	0.12854073133	0.110906347945	0.125206924373	0.158737291079	0.125682485718	0.122671533089	0.106791339329	0.171012628646	0.139286843018	0.131192640389	0.12839066991	0.134093800607	0.122395533039	0.117604795276	0.124009200515	0.1301870161	0.15155413305	0.144494746622	0.122447291505	0.11582959252	0.116571610403	0.127674546794	0.153765736797	0.118830616386	0.118374968538	0.107242669959	0.130932944567	0.15271401619	0.149591031915	0.126570447965	0.131591908702	0.162544905922	0.118393515989	0.118058159563	0.123451434123	0.130698527541	0.116716194464	0.121780540318	0.107578768617	0.120236757432	0.172259619637
158944319-stool3.snv.bam	0.111995670777	0.112640510771	0.000964925229371	0.0	0.107572497669	0.106647342314	0.121153678232	0.125597787663	0.147252515984	0.119616809061	0.11635929145	0.125970774172	0.116610531843	0.114936432025	0.119132258497	0.129617237687	0.147941286089	0.119586590746	0.119621968605	0.110074494957	0.11643874287	0.11732490063	0.124772476497	0.133137802919	0.12807287585	0.108339238474	0.123428504527	0.156109091118	0.123404470413	0.119345066331	0.104224931601	0.170741806717	0.137299983219	0.130304536534	0.125537612332	0.132882225698	0.118339183416	0.117034768994	0.118690499512	0.130293669359	0.148756807894	0.139571267443	0.11943287469	0.113400658565	0.113550488436	0.12493605741	0.154063287153	0.117160744046	0.115245787825	0.104687445268	0.126993260626	0.152006764189	0.147790530988	0.123497681847	0.128868119564	0.160827179329	0.114385752088	0.117036219128	0.122615273251	0.128343818526	0.11512716928	0.12080194713	0.108119510965	0.117088335181	0.169441606156
159207311-stool2.snv.bam	0.114215713395	0.111781817732	0.107889421956	0.107572497669	0.0	0.00068511157325	0.117956693085	0.126222022029	0.144752092721	0.116724689382	0.107014636291	0.122758908889	0.108805354919	0.105564192583	0.110890172612	0.113783739987	0.12639881217	0.11268151916	0.110867938029	0.101087786392	0.110786694074	0.111471935499	0.120311218955	0.114722647193	0.107431269236	0.108912119029	0.112691595693	0.149587373035	0.117362049652	0.104890090863	0.102957034226	0.157736379438	0.132567241704	0.128529723702	0.112575359743	0.118638179241	0.110211732376	0.111157816376	0.107562743029	0.119927235682	0.149448727583	0.122920408553	0.11945838475	0.119416710221	0.107435260487	0.114868096471	0.138893209832	0.096904455226	0.0971541727838	0.104408342855	0.116931597841	0.131868852982	0.141708620084	0.119355267487	0.102414978442	0.134558598972	0.108920609525	0.112786508077	0.129850597096	0.11124061352	0.116995037976	0.107375012336	0.105417735657	0.128536390453	0.163232693441
159207311-stool3.snv.bam	0.113570703949	0.111073952765	0.107022047381	0.106647342314	0.00068511157325	0.0	0.117128293926	0.126515951749	0.144022872996	0.116822587521	0.107057257459	0.122941803397	0.108901788493	0.105639837604	0.110932517212	0.112873756338	0.126493649139	0.111930843233	0.110949954221	0.101155705183	0.110022781525	0.110911922939	0.119664062289	0.113888425932	0.106576487001	0.109286298325	0.112932025456	0.149046916613	0.117759583333	0.103970361558	0.103098405517	0.157134126612	0.132807826337	0.127729018894	0.111751884857	0.117827578216	0.109467831769	0.110810707649	0.107705373284	0.120232873566	0.147724359681	0.123259593482	0.119556385401	0.119465681987	0.10780201845	0.115161036697	0.138098399504	0.0967028359072	0.0962465094833	0.10442596127	0.116169488994	0.132015651888	0.140918134713	0.118487784622	0.102499507058	0.133835070686	0.109051423524	0.112975001912	0.130137921305	0.11036800759	0.117200655325	0.107830384602	0.105608028865	0.128714902752	0.162545678276
682102541-stool3.snv.bam	0.12886700495	0.123695074274	0.124359611642	0.121153678232	0.117956693085	0.117128293926	0.0	0.144255670052	0.159730819318	0.136470171626	0.128079047496	0.134080428736	0.130622365978	0.127595834995	0.120825901449	0.133823885154	0.132616513321	0.130170761902	0.126987022633	0.116083861832	0.125108807537	0.125954916548	0.128382378515	0.136002907869	0.141639675928	0.118575245602	0.127519692835	0.163206179239	0.124889074123	0.120787896316	0.123697468656	0.161279817108	0.138896050277	0.133088945011	0.12998930265	0.145252834841	0.109826182188	0.120606959498	0.1256747748	0.143984363673	0.159915495868	0.147782738363	0.131498733072	0.115800858426	0.129118804329	0.133011704762	0.163064554	0.136177229272	0.127017470789	0.127431797061	0.140014698825	0.160239020945	0.155915167274	0.138719124606	0.122631910787	0.162745582961	0.124501187717	0.119140964488	0.128317583333	0.133685552247	0.132105643629	0.119677242421	0.114644076967	0.136992113449	0.186663639537
763921366-stool3.snv.bam	0.128275433312	0.125930170108	0.128052477992	0.125597787663	0.126222022029	0.126515951749	0.144255670052	0.0	0.156971432794	0.148751449188	0.132395301882	0.127614498711	0.134973565202	0.131099030921	0.137304952203	0.124109072077	0.160351895197	0.135110334687	0.146151707556	0.132649235305	0.131804396462	0.131994171265	0.141182756518	0.123737622166	0.135936018347	0.134582717182	0.131893121299	0.155984593038	0.139605024166	0.111185325668	0.119474732324	0.160010508886	0.135423035298	0.143623999537	0.122382741282	0.127092227384	0.124951737165	0.131949143114	0.139853773715	0.144578249581	0.147615753471	0.149245635548	0.137618461053	0.138086503348	0.134892593876	0.135564052327	0.164441496424	0.123425962032	0.130373639694	0.126754057206	0.117872385463	0.144894837553	0.143925226617	0.12879884509	0.124448530446	0.141648322658	0.128719091306	0.13451016371	0.132151546713	0.114225462535	0.129762476657	0.134745266765	0.113212404219	0.144382506292	0.171914770339
764062976-stool1.snv.bam	0.154940816578	0.146973145146	0.149407851778	0.147252515984	0.144752092721	0.144022872996	0.159730819318	0.156971432794	0.0	0.16313335584	0.149182868773	0.175031693054	0.149906582069	0.148697632014	0.154006489367	0.144350998219	0.169953030514	0.140891968259	0.164854063802	0.146244588651	0.152358819088	0.142820864958	0.159247189642	0.139108803267	0.135722459265	0.145156721424	0.145488024452	0.169041650902	0.162490203089	0.133394853688	0.155224555237	0.171290729242	0.17087466371	0.163914236497	0.134970974201	0.148389420051	0.158214724963	0.149194415566	0.158905923137	0.158812689257	0.166158050851	0.155833228523	0.152161494844	0.167252528723	0.153389662464	0.165151994073	0.163115045907	0.156221272803	0.155716850189	0.164846624632	0.146277609884	0.159995449128	0.152820146557	0.142506576861	0.141694230989	0.165603587284	0.156488232507	0.150306382554	0.165625586508	0.133645865282	0.14764273764	0.161569368414	0.138846116844	0.167044284996	0.167256849603
764649650-stool2.snv.bam	0.125237152284	0.12193285684	0.119907338049	0.119616809061	0.116724689382	0.116822587521	0.136470171626	0.148751449188	0.16313335584	0.0	0.130645162443	0.136757641252	0.13116418231	0.129243386477	0.123227770499	0.137519362354	0.152694643805	0.122221439518	0.137321479401	0.123212303215	0.135887148056	0.132325291846	0.139933728818	0.140637526079	0.134922719513	0.118044323086	0.122530273993	0.164697040716	0.135704373818	0.134958733413	0.121395522018	0.175699282041	0.135623055423	0.142869970915	0.132727011378	0.151289228637	0.126211513018	0.115839751243	0.144230217029	0.134704486709	0.16838867407	0.129026863153	0.129299345078	0.131674680206	0.121207304991	0.128658716095	0.166528893424	0.122511799927	0.123365906865	0.123995399805	0.13393407541	0.160605238287	0.161598118015	0.133643723576	0.11287698973	0.159369833269	0.121382803549	0.133122551819	0.126857381741	0.12383447946	0.134742209855	0.12851431568	0.114376718909	0.141487687782	0.187511026899
BYQ_AAAE.snv.bam	0.10435786087	0.107218713437	0.119908705593	0.11635929145	0.107014636291	0.107057257459	0.128079047496	0.132395301882	0.149182868773	0.130645162443	0.0	0.124560042802	0.000231658808969	0.000314785075573	0.111662359893	0.13254770538	0.132491166785	0.12202055695	0.138749818409	0.108349797662	0.115016932778	0.128007236819	0.122873523503	0.129840916082	0.13116012435	0.117893847248	0.111169909916	0.158221892072	0.12684962307	0.114251910622	0.109929405589	0.172334725482	0.127595323013	0.12147719177	0.128956974198	0.139869668613	0.115414345555	0.10769129057	0.107682049904	0.112151256812	0.157072228422	0.123320318458	0.12271964842	0.125833920245	0.109177342306	0.107230459461	0.160093724107	0.11365183996	0.106230679442	0.118211359695	0.134636613551	0.142783891821	0.142071163146	0.129708191911	0.112265538352	0.155906170866	0.117832867611	0.116074498507	0.1177688749	0.118759917222	0.117144995711	0.113753434092	0.112439988103	0.133838385167	0.180543741534
BYQ_AAAM.snv.bam	0.135774294552	0.13215737056	0.125321045181	0.125970774172	0.122758908889	0.122941803397	0.134080428736	0.127614498711	0.175031693054	0.136757641252	0.124560042802	0.0	0.128432109218	0.124432279825	0.133481749675	0.142913797461	0.149285295399	0.120590396998	0.125198952119	0.126073143155	0.123747312574	0.137786476695	0.128866820149	0.141072846768	0.13741545311	0.13211324611	0.135463466528	0.169283956459	0.13823308243	0.124798001821	0.126971176133	0.170647450918	0.144660810395	0.129945584721	0.136747052289	0.141252922876	0.138413106014	0.122024026258	0.133056081991	0.138077557811	0.165073154962	0.13722486933	0.13404583546	0.151157650513	0.127443567685	0.128017607349	0.162154986543	0.130653761472	0.128885564891	0.126358404816	0.140137118167	0.144242751867	0.149164766217	0.139894579418	0.123848158682	0.165089516822	0.128952833201	0.132635195282	0.135266319027	0.124017448283	0.126296699466	0.126029269248	0.127499264047	0.153829596945	0.179832178203
BYQ_AAAP.snv.bam	0.106300903967	0.109429685707	0.120131639336	0.116610531843	0.108805354919	0.108901788493	0.130622365978	0.134973565202	0.149906582069	0.13116418231	0.000231658808969	0.128432109218	0.0	0.000307367723126	0.11379856183	0.13528153563	0.134997881801	0.123381205038	0.141223385354	0.110994721396	0.11828563299	0.129566958638	0.123675660418	0.130576989346	0.132861033193	0.118764608671	0.113004663464	0.159552874331	0.127525808172	0.115025044687	0.111694016817	0.17258269055	0.130573277451	0.123472256876	0.13098214909	0.141704130093	0.118174407559	0.110569270856	0.110599731222	0.114922308049	0.158307407722	0.124844941841	0.125488200248	0.127809596056	0.11164688411	0.10936010662	0.161439359508	0.115499796626	0.106796372012	0.120030081992	0.13623390257	0.143631831572	0.143643367761	0.132414506529	0.114603576627	0.157236647342	0.118233147025	0.118828161508	0.122270877573	0.120502043131	0.119908061463	0.116499137791	0.115145222118	0.135345034512	0.18080339416
BYQ_AAAY.snv.bam	0.102954928781	0.106077475907	0.118520273705	0.114936432025	0.105564192583	0.105639837604	0.127595834995	0.131099030921	0.148697632014	0.129243386477	0.000314785075573	0.124432279825	0.000307367723126	0.0	0.109572540195	0.132316974936	0.131958531685	0.120666364945	0.137467515587	0.107246393367	0.115138192087	0.126374385505	0.122402789901	0.128527876164	0.129718473379	0.115594681492	0.109954440428	0.158047177186	0.123258028961	0.11262880027	0.108517787243	0.169189972951	0.12534013482	0.121207121394	0.127521701392	0.138235343936	0.115001953559	0.106200707928	0.106124665929	0.111663803562	0.15577468345	0.120905963873	0.122457333888	0.12360879831	0.107584385833	0.105080545413	0.158986006772	0.112358725882	0.103571146034	0.115922452935	0.133209835989	0.142603274786	0.140896189972	0.12918086806	0.110803036364	0.155673759904	0.115486265351	0.115644517904	0.118127809344	0.117146248583	0.116838429863	0.112870669013	0.111894062495	0.134264760938	0.181266610858
CCIS00146684ST-4-0.snv.bam	0.10980278492	0.101910563386	0.119705438248	0.119132258497	0.110890172612	0.110932517212	0.120825901449	0.137304952203	0.154006489367	0.123227770499	0.111662359893	0.133481749675	0.11379856183	0.109572540195	0.0	0.128322418144	0.12687873333	0.114104137265	0.123792795582	0.0940787058263	0.0988790482608	0.106606738903	0.119738659343	0.121483352235	0.120275904471	0.0975120024713	0.104990265881	0.157028264518	0.12096775797	0.109358562571	0.109725266138	0.161875733646	0.126587212285	0.119936415579	0.118587326184	0.137840701874	0.117273307421	0.106478236036	0.114413982169	0.119697474693	0.149268118002	0.121353868633	0.123736611081	0.129069827506	0.115017145009	0.109060438017	0.150377723355	0.121941042765	0.101014321051	0.117257312618	0.125954731868	0.13523449279	0.136674935259	0.126061656267	0.111359016513	0.153233168093	0.100846655065	0.078354791918	0.118980267879	0.118513616347	0.116961672573	0.10171386373	0.108550636734	0.138367882243	0.166473111712
CCIS03857607ST-4-0.snv.bam	0.126120432208	0.121636948268	0.132156800509	0.129617237687	0.113783739987	0.112873756338	0.133823885154	0.124109072077	0.144350998219	0.137519362354	0.13254770538	0.142913797461	0.13528153563	0.132316974936	0.128322418144	0.0	0.138406276862	0.134309633403	0.136005836945	0.11712147438	0.120467760159	0.119665360347	0.129425901473	0.0965211413325	0.0990816427129	0.123975674407	0.122334645018	0.105958412689	0.128193253036	0.0841277804321	0.122970437834	0.121097068183	0.147139895702	0.130804408428	0.0871084229513	0.097503564091	0.122158388852	0.118220077785	0.118272128984	0.131057757625	0.115057055906	0.13704919274	0.125962536215	0.141455666579	0.129004832314	0.127610416924	0.104631040059	0.117753612444	0.129694149299	0.124334495387	0.0864694082788	0.105164876934	0.111157041304	0.0961395399498	0.121181349718	0.107207723797	0.123442240377	0.136605990246	0.124109135293	0.0952373299046	0.137808095752	0.120172665868	0.12165264605	0.15257394963	0.149245626916
CCIS07539127ST-4-0.snv.bam	0.137741350422	0.133286677995	0.147518209277	0.147941286089	0.12639881217	0.126493649139	0.132616513321	0.160351895197	0.169953030514	0.152694643805	0.132491166785	0.149285295399	0.134997881801	0.131958531685	0.12687873333	0.138406276862	0.0	0.13707974519	0.141225027435	0.126053810182	0.124446833356	0.136780531111	0.139207931688	0.141477558556	0.138913331889	0.136208329903	0.129881249934	0.175347358099	0.147708891628	0.13067059958	0.126384528042	0.177389054808	0.131590242527	0.135871843157	0.140121446217	0.151111156115	0.132103769088	0.134063342326	0.117101885127	0.128667146105	0.176945098983	0.153256642891	0.142372529858	0.152115381724	0.139055223005	0.130404084845	0.162358445118	0.130052457919	0.128125307011	0.124001104825	0.140956935135	0.153560165074	0.168281048522	0.134387167182	0.134425261314	0.168116467998	0.120373294669	0.132087529876	0.132118890144	0.143562982464	0.137530704076	0.127328263661	0.13104016838	0.16714415572	0.18629835627
CCIS21278152ST-4-0.snv.bam	0.126318694917	0.117368842509	0.12066442204	0.119586590746	0.11268151916	0.111930843233	0.130170761902	0.135110334687	0.140891968259	0.122221439518	0.12202055695	0.120590396998	0.123381205038	0.120666364945	0.114104137265	0.134309633403	0.13707974519	0.0	0.117794682976	0.114855400805	0.111229802635	0.105723721847	0.123040059846	0.120116721809	0.117019769282	0.101908897746	0.105414710427	0.161474093592	0.116681975729	0.119405922011	0.111921933343	0.16130016389	0.131964662734	0.119012884391	0.121416537775	0.128684201227	0.120949327894	0.114666920127	0.125768492961	0.115801167596	0.150076033957	0.139018075797	0.129907747091	0.133352077622	0.106657865239	0.124769592511	0.156466399262	0.12135519955	0.1234054144	0.128922640348	0.121180002223	0.142000220278	0.148719450691	0.126285219972	0.116537355221	0.148301163459	0.119443041387	0.122264564851	0.136389350132	0.111562212623	0.130467557341	0.116898705165	0.109799893005	0.14331302869	0.175714486579
CCIS25399172ST-4-0.snv.bam	0.136018565128	0.130246382213	0.122094510552	0.119621968605	0.110867938029	0.110949954221	0.126987022633	0.146151707556	0.164854063802	0.137321479401	0.138749818409	0.125198952119	0.141223385354	0.137467515587	0.123792795582	0.136005836945	0.141225027435	0.117794682976	0.0	0.119392352992	0.126872909625	0.121136452173	0.138551244031	0.129881941821	0.131961834888	0.115722479722	0.123290189616	0.159186401165	0.116432600144	0.123739853016	0.12347111297	0.171521797494	0.145775563711	0.114929540303	0.134800695343	0.130398986647	0.135307963432	0.126355594922	0.142239450382	0.136686172374	0.160902229494	0.14789049244	0.127531703498	0.138629221684	0.129656231327	0.124057048367	0.166002427375	0.136473391056	0.118302676111	0.134295233629	0.133534717524	0.144155672253	0.167799344822	0.132110637088	0.128548405964	0.165809349062	0.123348242578	0.126693565467	0.13320778239	0.12695364655	0.12532733777	0.125508982204	0.126331060085	0.150995899107	0.168182772959
CCIS33816588ST-4-0.snv.bam	0.110189732004	0.0969131406923	0.111236124622	0.110074494957	0.101087786392	0.101155705183	0.116083861832	0.132649235305	0.146244588651	0.123212303215	0.108349797662	0.126073143155	0.110994721396	0.107246393367	0.0940787058263	0.11712147438	0.126053810182	0.114855400805	0.119392352992	0.0	0.0963736821616	0.103011142744	0.110826639103	0.124440169419	0.115320266479	0.102033784043	0.0997692775519	0.154394228473	0.122034997375	0.111734688616	0.108417537119	0.159851305198	0.122498563953	0.11867056281	0.114704951645	0.12888180878	0.122463445952	0.104754041217	0.112463390083	0.118998691602	0.153991466336	0.122189573769	0.117148184766	0.0993136427598	0.104780876055	0.105262034199	0.144270588501	0.11751299175	0.0981727975421	0.101268126319	0.122741589296	0.135196448164	0.135439750768	0.123000441696	0.0979848467722	0.150579421547	0.107894746816	0.10954653081	0.118584181221	0.112007507412	0.118037234337	0.0971375248362	0.102543128682	0.105347247533	0.166262352676
CCIS94417875ST-3-0.snv.bam	0.111365891281	0.0966497210646	0.119545415075	0.11643874287	0.110786694074	0.110022781525	0.125108807537	0.131804396462	0.152358819088	0.135887148056	0.115016932778	0.123747312574	0.11828563299	0.115138192087	0.0988790482608	0.120467760159	0.124446833356	0.111229802635	0.126872909625	0.0963736821616	0.0	0.112994494617	0.101260844482	0.124034035191	0.119169505449	0.0991085826821	0.0945113963192	0.154352579697	0.123382907748	0.115487992104	0.100475408525	0.162573049912	0.129484359925	0.10871881055	0.11197356726	0.126387716478	0.101986808522	0.109725148077	0.117109842711	0.110999956077	0.138336471408	0.136194438856	0.112856188405	0.126315360634	0.103872252381	0.105368847982	0.151002016825	0.104552231226	0.108164650055	0.107475335381	0.113976906375	0.129470219914	0.131780182244	0.121441336349	0.108482749219	0.154608332502	0.105181234275	0.112725394734	0.119045688378	0.116030616794	0.121123009048	0.0982655420945	0.109108948369	0.133280679277	0.159666921073
CCIS98832363ST-4-0.snv.bam	0.121915729161	0.112376596343	0.120371561655	0.11732490063	0.111471935499	0.110911922939	0.125954916548	0.131994171265	0.142820864958	0.132325291846	0.128007236819	0.137786476695	0.129566958638	0.126374385505	0.106606738903	0.119665360347	0.136780531111	0.105723721847	0.121136452173	0.103011142744	0.112994494617	0.0	0.117728322658	0.122391196741	0.119399452539	0.111549458743	0.111585689127	0.153043004885	0.127376964897	0.113385843837	0.109549514844	0.166563623023	0.132666329814	0.127121483771	0.122187741764	0.130038409699	0.12437725411	0.110395691286	0.114782046515	0.131828433736	0.151119863548	0.141335234788	0.125384624053	0.134267428816	0.103563957534	0.116158823865	0.147052753552	0.12575586373	0.117735981208	0.128679841285	0.119570956884	0.142486104935	0.149298800625	0.118157722815	0.119331778565	0.153600409869	0.115283929182	0.119510705535	0.117637904163	0.118114352017	0.134880384232	0.105416049726	0.104067851814	0.146027136183	0.166037275701
CCMD42428553ST-21-0.snv.bam	0.120771166762	0.115163355026	0.127598172319	0.124772476497	0.120311218955	0.119664062289	0.128382378515	0.141182756518	0.159247189642	0.139933728818	0.122873523503	0.128866820149	0.123675660418	0.122402789901	0.119738659343	0.129425901473	0.139207931688	0.123040059846	0.138551244031	0.110826639103	0.101260844482	0.117728322658	0.0	0.133786433707	0.132956089859	0.108288665047	0.114036932265	0.157304848095	0.126586732155	0.119356994794	0.119660747452	0.169579000464	0.131067063989	0.127158880703	0.128827256636	0.140248331597	0.119831722508	0.114922795913	0.122825912535	0.120047764706	0.158198181432	0.14681492414	0.12943396575	0.142209180003	0.113567693861	0.116874183419	0.159788605966	0.125045256208	0.122019176723	0.119110247146	0.130777793224	0.142111105901	0.147959592892	0.130286453591	0.116626806197	0.158110247366	0.122892635198	0.129002938964	0.132221282298	0.124282428447	0.139468799956	0.111842553639	0.121293508753	0.14503707604	0.179443432008
M4.6-V3.metaG.snv.bam	0.124308812887	0.118943553696	0.134294442209	0.133137802919	0.114722647193	0.113888425932	0.136002907869	0.123737622166	0.139108803267	0.140637526079	0.129840916082	0.141072846768	0.130576989346	0.128527876164	0.121483352235	0.0965211413325	0.141477558556	0.120116721809	0.129881941821	0.124440169419	0.124034035191	0.122391196741	0.133786433707	0.0	0.0953287400531	0.118606090764	0.119911286598	0.122435987982	0.119473555639	0.0906111242589	0.130680226458	0.126732373638	0.133970984264	0.121987236454	0.0878091362917	0.102317113116	0.133362423217	0.121949626039	0.116998308384	0.128854593835	0.123700980126	0.139106768562	0.124483952214	0.133473841213	0.133669004442	0.127246397144	0.118154753528	0.117595334672	0.123043868407	0.13541232635	0.100605040265	0.106427279677	0.115526805485	0.102045906436	0.120339289737	0.116919309814	0.120136766175	0.136573182159	0.12341427301	0.0909533892144	0.129881199609	0.121817226197	0.115386058266	0.144108797447	0.130006831477
MH0189.snv.bam	0.122404434071	0.120138578735	0.12854073133	0.12807287585	0.107431269236	0.106576487001	0.141639675928	0.135936018347	0.135722459265	0.134922719513	0.13116012435	0.13741545311	0.132861033193	0.129718473379	0.120275904471	0.0990816427129	0.138913331889	0.117019769282	0.131961834888	0.115320266479	0.119169505449	0.119399452539	0.132956089859	0.0953287400531	0.0	0.12145463131	0.119097951212	0.132871184424	0.119813257848	0.0892909852102	0.121477668598	0.133804873258	0.130228091704	0.119818763626	0.0891132879502	0.106516670674	0.11866414664	0.121663945249	0.12736830426	0.125712258081	0.126384013498	0.140453197527	0.12474083655	0.130598309474	0.132442147491	0.121069160066	0.123782902265	0.108049140595	0.119549872936	0.127480824695	0.100537451745	0.0952390868454	0.113708017831	0.100481225392	0.119144682014	0.127048195507	0.126605769011	0.133788241021	0.132264238952	0.0912271160073	0.134182408896	0.116329272844	0.124583396063	0.139236698966	0.150553414567
MH0206.snv.bam	0.117471695149	0.109089646456	0.110906347945	0.108339238474	0.108912119029	0.109286298325	0.118575245602	0.134582717182	0.145156721424	0.118044323086	0.117893847248	0.13211324611	0.118764608671	0.115594681492	0.0975120024713	0.123975674407	0.136208329903	0.101908897746	0.115722479722	0.102033784043	0.0991085826821	0.111549458743	0.108288665047	0.118606090764	0.12145463131	0.0	0.094644090586	0.153137659316	0.0982095200682	0.114531433454	0.11074411648	0.167422932562	0.12695042579	0.112194791584	0.120808674365	0.132232720484	0.115072187245	0.107512131117	0.118792348721	0.118403441044	0.15316131086	0.120976941041	0.105882846175	0.120248930256	0.104875139508	0.104587788942	0.156102837978	0.123492446005	0.117290152011	0.109468122332	0.125539606404	0.142885776387	0.143073903781	0.12616409322	0.0972028596109	0.155568861815	0.108452960088	0.116760143332	0.123521246715	0.120781828226	0.122775587389	0.109415808618	0.102859383644	0.134342299483	0.175312060684
MH0252.snv.bam	0.116725276542	0.10044498425	0.125206924373	0.123428504527	0.112691595693	0.112932025456	0.127519692835	0.131893121299	0.145488024452	0.122530273993	0.111169909916	0.135463466528	0.113004663464	0.109954440428	0.104990265881	0.122334645018	0.129881249934	0.105414710427	0.123290189616	0.0997692775519	0.0945113963192	0.111585689127	0.114036932265	0.119911286598	0.119097951212	0.094644090586	0.0	0.149042161749	0.112805664563	0.112368850303	0.110172307154	0.163627091179	0.123993188753	0.124536170385	0.115109958207	0.134645879914	0.114990792545	0.0942318660033	0.122270506525	0.119168084588	0.149840917168	0.119864801841	0.11491027607	0.123818704282	0.104856725747	0.111628164693	0.153688802593	0.11680568152	0.113246997085	0.112892836547	0.119428335758	0.138491072381	0.145146501925	0.124743778721	0.101062304728	0.150699252888	0.113025681756	0.118235536056	0.11726903377	0.117986849329	0.12485382964	0.102750378726	0.102190521652	0.138435647711	0.169078864761
MH0257.snv.bam	0.15168364287	0.148580263028	0.158737291079	0.156109091118	0.149587373035	0.149046916613	0.163206179239	0.155984593038	0.169041650902	0.164697040716	0.158221892072	0.169283956459	0.159552874331	0.158047177186	0.157028264518	0.105958412689	0.175347358099	0.161474093592	0.159186401165	0.154394228473	0.154352579697	0.153043004885	0.157304848095	0.122435987982	0.132871184424	0.153137659316	0.149042161749	0.0	0.155290549736	0.10970087408	0.152816460043	0.150765948567	0.168896997547	0.149961273614	0.121049716105	0.114657658528	0.154497839118	0.154204690066	0.152008287719	0.154186310299	0.140298674959	0.173817652975	0.152850198216	0.172461824188	0.158216723866	0.150788626018	0.135682724006	0.148108517001	0.161876252999	0.158867420553	0.123287260289	0.131454760633	0.139506985602	0.117369714465	0.161516959537	0.139379503246	0.154787388451	0.164823241346	0.154917124241	0.122340952315	0.156024474382	0.153743459171	0.150668156356	0.179999796691	0.173626174925
MH0280.snv.bam	0.137482448348	0.130645675531	0.125682485718	0.123404470413	0.117362049652	0.117759583333	0.124889074123	0.139605024166	0.162490203089	0.135704373818	0.12684962307	0.13823308243	0.127525808172	0.123258028961	0.12096775797	0.128193253036	0.147708891628	0.116681975729	0.116432600144	0.122034997375	0.123382907748	0.127376964897	0.126586732155	0.119473555639	0.119813257848	0.0982095200682	0.112805664563	0.155290549736	0.0	0.126332703648	0.11340893962	0.166812396777	0.124447219522	0.128937609718	0.128092563441	0.140685745271	0.125779019261	0.120631056047	0.123842282435	0.117373279282	0.153256126608	0.137703785221	0.127858228266	0.134392471079	0.129474378245	0.12494494509	0.164006311464	0.131039572505	0.133650350421	0.129143740991	0.129154742485	0.136249068811	0.155507306699	0.125744326866	0.128422932051	0.156791769638	0.116908209485	0.128076853365	0.122951261399	0.123410216759	0.127946708748	0.118783020835	0.102433107994	0.147223593777	0.176198017722
MH0308.snv.bam	0.12028719606	0.113261559645	0.122671533089	0.119345066331	0.104890090863	0.103970361558	0.120787896316	0.111185325668	0.133394853688	0.134958733413	0.114251910622	0.124798001821	0.115025044687	0.11262880027	0.109358562571	0.0841277804321	0.13067059958	0.119405922011	0.123739853016	0.111734688616	0.115487992104	0.113385843837	0.119356994794	0.0906111242589	0.0892909852102	0.114531433454	0.112368850303	0.10970087408	0.126332703648	0.0	0.116299704699	0.112045701004	0.124418018815	0.122436013892	0.0838515699486	0.100202874458	0.122179243266	0.112671326112	0.110217079895	0.116513589907	0.11563133843	0.130212548188	0.11697253916	0.130833916071	0.119249617653	0.116533365747	0.10651885935	0.102758176111	0.117565097821	0.116493350908	0.089203939033	0.0962485315763	0.110948448456	0.0968686407801	0.113478259327	0.104267513971	0.115732308257	0.116995603683	0.117731872293	0.0787709848189	0.125040720286	0.112574418986	0.116510431498	0.139272269009	0.140559986169
MH0328.snv.bam	0.110111682594	0.109242707932	0.106791339329	0.104224931601	0.102957034226	0.103098405517	0.123697468656	0.119474732324	0.155224555237	0.121395522018	0.109929405589	0.126971176133	0.111694016817	0.108517787243	0.109725266138	0.122970437834	0.126384528042	0.111921933343	0.12347111297	0.108417537119	0.100475408525	0.109549514844	0.119660747452	0.130680226458	0.121477668598	0.11074411648	0.110172307154	0.152816460043	0.11340893962	0.116299704699	0.0	0.169861387093	0.119680280451	0.118472639037	0.125579609528	0.133461878866	0.106246771869	0.115507638876	0.113731304697	0.12294807461	0.150639759924	0.130799745449	0.116471951499	0.127539511362	0.111066615264	0.110515567417	0.15892447312	0.10190613934	0.108716816817	0.0963261994107	0.127441033465	0.135186536759	0.142300719852	0.126696694816	0.12204373212	0.148541632954	0.0965486530853	0.118102378434	0.117980158558	0.11756385151	0.123029421735	0.109868897057	0.105142017197	0.141444387142	0.170196879252
MH0329.snv.bam	0.167249423694	0.159544188069	0.171012628646	0.170741806717	0.157736379438	0.157134126612	0.161279817108	0.160010508886	0.171290729242	0.175699282041	0.172334725482	0.170647450918	0.17258269055	0.169189972951	0.161875733646	0.121097068183	0.177389054808	0.16130016389	0.171521797494	0.159851305198	0.162573049912	0.166563623023	0.169579000464	0.126732373638	0.133804873258	0.167422932562	0.163627091179	0.150765948567	0.166812396777	0.112045701004	0.169861387093	0.0	0.17404115033	0.166264824215	0.112695316746	0.132276430459	0.160617413746	0.155511485392	0.172236256473	0.170949257726	0.142499113628	0.173703975288	0.165977028216	0.176906655842	0.175590726201	0.165475424897	0.147077374302	0.150106981802	0.17171235736	0.17595791651	0.129132137874	0.145041805552	0.148158912912	0.131805308828	0.165052982807	0.135592762813	0.153883203523	0.173172702068	0.178468531958	0.130295367381	0.170583457529	0.158336792099	0.158908050132	0.184298287909	0.183587629363
MH0336.snv.bam	0.133397931352	0.12613542187	0.139286843018	0.137299983219	0.132567241704	0.132807826337	0.138896050277	0.135423035298	0.17087466371	0.135623055423	0.127595323013	0.144660810395	0.130573277451	0.12534013482	0.126587212285	0.147139895702	0.131590242527	0.131964662734	0.145775563711	0.122498563953	0.129484359925	0.132666329814	0.131067063989	0.133970984264	0.130228091704	0.12695042579	0.123993188753	0.168896997547	0.124447219522	0.124418018815	0.119680280451	0.17404115033	0.0	0.135134780899	0.131156810573	0.14321688655	0.112377687117	0.120902058121	0.131900241528	0.135722150775	0.158587489771	0.145782212671	0.127707669674	0.137099983529	0.12483961576	0.117732795514	0.158982890873	0.126668964369	0.125184717774	0.115365044455	0.132336106493	0.141065768449	0.160165071988	0.141993614012	0.133377598798	0.162572770579	0.12156425613	0.137067838686	0.125042026963	0.129390408209	0.120202870777	0.1213123696	0.122966145743	0.155548850921	0.179062230926
MH0343.snv.bam	0.11422124127	0.115635078085	0.131192640389	0.130304536534	0.128529723702	0.127729018894	0.133088945011	0.143623999537	0.163914236497	0.142869970915	0.12147719177	0.129945584721	0.123472256876	0.121207121394	0.119936415579	0.130804408428	0.135871843157	0.119012884391	0.114929540303	0.11867056281	0.10871881055	0.127121483771	0.127158880703	0.121987236454	0.119818763626	0.112194791584	0.124536170385	0.149961273614	0.128937609718	0.122436013892	0.118472639037	0.166264824215	0.135134780899	0.0	0.136953762966	0.139964918971	0.117200654965	0.127633889816	0.126379565666	0.13519379175	0.156629041395	0.14271559324	0.134372120825	0.135348547059	0.132389092317	0.116192308702	0.154967963192	0.13068946596	0.112299041678	0.127601047379	0.130903509005	0.132408744516	0.15392259775	0.12456187688	0.132086258064	0.159521599209	0.12660635697	0.137441986729	0.119601869254	0.124083419992	0.127273520221	0.116177107085	0.131272361367	0.143078931429	0.179245488582
MH0357.snv.bam	0.120480128339	0.113406940164	0.12839066991	0.125537612332	0.112575359743	0.111751884857	0.12998930265	0.122382741282	0.134970974201	0.132727011378	0.128956974198	0.136747052289	0.13098214909	0.127521701392	0.118587326184	0.0871084229513	0.140121446217	0.121416537775	0.134800695343	0.114704951645	0.11197356726	0.122187741764	0.128827256636	0.0878091362917	0.0891132879502	0.120808674365	0.115109958207	0.121049716105	0.128092563441	0.0838515699486	0.125579609528	0.112695316746	0.131156810573	0.136953762966	0.0	0.0931462884361	0.119701346652	0.119681529998	0.123526548719	0.132897814643	0.116119005201	0.135516973016	0.126408455588	0.132698994077	0.133366245549	0.116052976817	0.114317741125	0.111921011339	0.119347304725	0.122989868997	0.102291076316	0.107231801586	0.111173962708	0.0946995573183	0.119614723085	0.113313636928	0.11492120771	0.136603460467	0.127303264215	0.0857926557584	0.128930666249	0.118134111264	0.120216382129	0.138930322772	0.142934936317
MH0361.snv.bam	0.133097980653	0.12636748993	0.134093800607	0.132882225698	0.118638179241	0.117827578216	0.145252834841	0.127092227384	0.148389420051	0.151289228637	0.139869668613	0.141252922876	0.141704130093	0.138235343936	0.137840701874	0.097503564091	0.151111156115	0.128684201227	0.130398986647	0.12888180878	0.126387716478	0.130038409699	0.140248331597	0.102317113116	0.106516670674	0.132232720484	0.134645879914	0.114657658528	0.140685745271	0.100202874458	0.133461878866	0.132276430459	0.14321688655	0.139964918971	0.0931462884361	0.0	0.131886641691	0.131771262283	0.13259048302	0.142416193888	0.125226043567	0.153712699642	0.136343966299	0.146153162505	0.140270372563	0.134113552483	0.127703362324	0.127016829522	0.134914938333	0.1459241617	0.0995759047615	0.115669192413	0.119053535439	0.109575099347	0.133186055262	0.120506716352	0.133529364912	0.139831810159	0.138753481322	0.0974769838437	0.139050232136	0.136818554465	0.128867963844	0.156011910237	0.158257404766
MH0362.snv.bam	0.121840628158	0.116173418421	0.122395533039	0.118339183416	0.110211732376	0.109467831769	0.109826182188	0.124951737165	0.158214724963	0.126211513018	0.115414345555	0.138413106014	0.118174407559	0.115001953559	0.117273307421	0.122158388852	0.132103769088	0.120949327894	0.135307963432	0.122463445952	0.101986808522	0.12437725411	0.119831722508	0.133362423217	0.11866414664	0.115072187245	0.114990792545	0.154497839118	0.125779019261	0.122179243266	0.106246771869	0.160617413746	0.112377687117	0.117200654965	0.119701346652	0.131886641691	0.0	0.109017804241	0.117689964855	0.123288759934	0.146051402761	0.13898058388	0.123835264989	0.127079771476	0.119700743052	0.106027534558	0.160747076451	0.109113752229	0.115021157206	0.102802540105	0.123115088815	0.13775197066	0.144584722201	0.11689921218	0.11314387335	0.145343081623	0.116608744565	0.117143360374	0.122086521914	0.116624027588	0.119535946815	0.110191619762	0.117706273486	0.143283976423	0.178037912592
MH0373.snv.bam	0.115868916145	0.103551793963	0.117604795276	0.117034768994	0.111157816376	0.110810707649	0.120606959498	0.131949143114	0.149194415566	0.115839751243	0.10769129057	0.122024026258	0.110569270856	0.106200707928	0.106478236036	0.118220077785	0.134063342326	0.114666920127	0.126355594922	0.104754041217	0.109725148077	0.110395691286	0.114922795913	0.121949626039	0.121663945249	0.107512131117	0.0942318660033	0.154204690066	0.120631056047	0.112671326112	0.115507638876	0.155511485392	0.120902058121	0.127633889816	0.119681529998	0.131771262283	0.109017804241	0.0	0.117111631005	0.110421937083	0.158144079525	0.120890488855	0.116163430422	0.126843879886	0.112693086154	0.10648215091	0.148101484071	0.122726182122	0.110430387281	0.112940284973	0.121962680158	0.133222966225	0.145072623463	0.126466267734	0.106167728703	0.147826770379	0.114868730133	0.112436116036	0.122159356845	0.122818452607	0.119624576332	0.101591366462	0.112378141216	0.130172641555	0.172485433419
MH0376.snv.bam	0.120373448103	0.117232561735	0.124009200515	0.118690499512	0.107562743029	0.107705373284	0.1256747748	0.139853773715	0.158905923137	0.144230217029	0.107682049904	0.133056081991	0.110599731222	0.106124665929	0.114413982169	0.118272128984	0.117101885127	0.125768492961	0.142239450382	0.112463390083	0.117109842711	0.114782046515	0.122825912535	0.116998308384	0.12736830426	0.118792348721	0.122270506525	0.152008287719	0.123842282435	0.110217079895	0.113731304697	0.172236256473	0.131900241528	0.126379565666	0.123526548719	0.13259048302	0.117689964855	0.117111631005	0.0	0.114087544128	0.154187771372	0.142375420466	0.122775506979	0.127356459442	0.121128979223	0.112812343878	0.158452168243	0.123768338506	0.114480482212	0.117619767615	0.132093123238	0.144830889257	0.150992978249	0.126914049834	0.120059383829	0.154826751865	0.113403866633	0.123429321893	0.119801798838	0.116073981459	0.139098393977	0.114569564926	0.118716315042	0.153690380989	0.179076330008
