	158883629-stool1.snv.bam	158883629-stool2.snv.bam	CCIS29210128ST-4-0.snv.bam	CCIS63448910ST-4-0.snv.bam	CCMD64503764ST-21-0.snv.bam	DOF006.snv.bam	MH0239.snv.bam	MH0341.snv.bam	MH0342.snv.bam	MH0393.snv.bam	MH0444.snv.bam	MMRS15137911ST-27-0-0.snv.bam	MMRS24340226ST-27-0-0.snv.bam	MMRS57569834ST-27-0-0.snv.bam	MMRS62376181ST-27-0-0.snv.bam	MMRS65945127ST-27-0-0.snv.bam	N043A.snv.bam	N046A.snv.bam	N052A.snv.bam	O2.CD1-0-PT.snv.bam	O2.CD3-0-PT.snv.bam	O2.UC26-1.snv.bam	SZEY-35A.snv.bam	SZEY-64A.snv.bam	T2D-103A.snv.bam	T2D-77A.snv.bam	V1.CD12-3.snv.bam	V1.CD20-4.snv.bam	V1.CD25-4.snv.bam	V1.CD28-0.snv.bam	V1.CD3-0-PT.snv.bam	V1.CD32-0.snv.bam	V1.CD4-0-PT.snv.bam	V1.FI21.snv.bam	alien-11-632-0.snv.bam
158883629-stool1.snv.bam	0.0	0.0	0.0686567164179	0.0716417910448	0.328358208955	0.089552238806	0.0925373134328	0.0686567164179	0.0925373134328	0.0985074626866	0.089552238806	0.110447761194	0.0567164179104	0.0507462686567	0.0507462686567	0.349253731343	0.101492537313	0.0985074626866	0.0925373134328	0.0865671641791	0.0955223880597	0.0746268656716	0.0477611940299	0.0746268656716	0.0776119402985	0.0835820895522	0.0477611940299	0.0805970149254	0.065671641791	0.0626865671642	0.0865671641791	0.0477611940299	0.0865671641791	0.0537313432836	0.044776119403
158883629-stool2.snv.bam	0.0	0.0	0.0716417910448	0.0746268656716	0.331343283582	0.0925373134328	0.0985074626866	0.0716417910448	0.0955223880597	0.101492537313	0.0925373134328	0.113432835821	0.0597014925373	0.0537313432836	0.0537313432836	0.355223880597	0.107462686567	0.10447761194	0.0925373134328	0.0925373134328	0.101492537313	0.0776119402985	0.0477611940299	0.0776119402985	0.0805970149254	0.089552238806	0.0507462686567	0.0805970149254	0.0686567164179	0.065671641791	0.089552238806	0.0477611940299	0.089552238806	0.0567164179104	0.0477611940299
CCIS29210128ST-4-0.snv.bam	0.0686567164179	0.0716417910448	0.0	0.089552238806	0.328358208955	0.089552238806	0.107462686567	0.0865671641791	0.10447761194	0.0776119402985	0.0597014925373	0.0925373134328	0.0417910447761	0.0805970149254	0.089552238806	0.361194029851	0.0805970149254	0.089552238806	0.10447761194	0.125373134328	0.110447761194	0.0925373134328	0.044776119403	0.0716417910448	0.0865671641791	0.0955223880597	0.0238805970149	0.101492537313	0.0776119402985	0.0985074626866	0.110447761194	0.0865671641791	0.110447761194	0.0716417910448	0.0746268656716
CCIS63448910ST-4-0.snv.bam	0.0716417910448	0.0746268656716	0.089552238806	0.0	0.34328358209	0.101492537313	0.0835820895522	0.0567164179104	0.0805970149254	0.0925373134328	0.107462686567	0.116417910448	0.0716417910448	0.0746268656716	0.0417910447761	0.367164179104	0.0746268656716	0.0716417910448	0.125373134328	0.089552238806	0.0865671641791	0.0985074626866	0.0537313432836	0.0865671641791	0.0716417910448	0.10447761194	0.0686567164179	0.119402985075	0.0626865671642	0.0537313432836	0.110447761194	0.065671641791	0.110447761194	0.0477611940299	0.0567164179104
CCMD64503764ST-21-0.snv.bam	0.328358208955	0.331343283582	0.328358208955	0.34328358209	0.0	0.346268656716	0.34328358209	0.340298507463	0.34328358209	0.325373134328	0.355223880597	0.364179104478	0.34328358209	0.367164179104	0.331343283582	0.119402985075	0.361194029851	0.361194029851	0.34328358209	0.334328358209	0.349253731343	0.34328358209	0.328358208955	0.340298507463	0.319402985075	0.35223880597	0.268656716418	0.355223880597	0.322388059701	0.316417910448	0.367164179104	0.328358208955	0.367164179104	0.328358208955	0.346268656716
DOF006.snv.bam	0.089552238806	0.0925373134328	0.089552238806	0.101492537313	0.346268656716	0.0	0.119402985075	0.110447761194	0.113432835821	0.128358208955	0.0865671641791	0.146268656716	0.089552238806	0.116417910448	0.0865671641791	0.385074626866	0.116417910448	0.125373134328	0.0507462686567	0.110447761194	0.122388059701	0.10447761194	0.0776119402985	0.122388059701	0.089552238806	0.0626865671642	0.0477611940299	0.0835820895522	0.089552238806	0.0985074626866	0.0597014925373	0.0985074626866	0.0597014925373	0.0686567164179	0.0985074626866
MH0239.snv.bam	0.0925373134328	0.0985074626866	0.107462686567	0.0835820895522	0.34328358209	0.119402985075	0.0	0.089552238806	0.0	0.0149253731343	0.119402985075	0.101492537313	0.10447761194	0.10447761194	0.0776119402985	0.364179104478	0.0686567164179	0.0776119402985	0.137313432836	0.0805970149254	0.00298507462687	0.122388059701	0.0686567164179	0.0925373134328	0.0835820895522	0.116417910448	0.0835820895522	0.131343283582	0.0298507462687	0.0626865671642	0.134328358209	0.0865671641791	0.134328358209	0.0626865671642	0.0955223880597
MH0341.snv.bam	0.0686567164179	0.0716417910448	0.0865671641791	0.0567164179104	0.340298507463	0.110447761194	0.089552238806	0.0	0.0865671641791	0.0985074626866	0.116417910448	0.113432835821	0.0686567164179	0.0835820895522	0.0537313432836	0.361194029851	0.0776119402985	0.0746268656716	0.128358208955	0.0805970149254	0.0955223880597	0.0955223880597	0.0686567164179	0.0716417910448	0.0746268656716	0.113432835821	0.0686567164179	0.122388059701	0.0716417910448	0.0626865671642	0.107462686567	0.0417910447761	0.107462686567	0.0507462686567	0.0298507462687
MH0342.snv.bam	0.0925373134328	0.0955223880597	0.10447761194	0.0805970149254	0.34328358209	0.113432835821	0.0	0.0865671641791	0.0	0.0149253731343	0.0955223880597	0.0955223880597	0.0925373134328	0.101492537313	0.0716417910448	0.367164179104	0.0686567164179	0.0776119402985	0.131343283582	0.0835820895522	0.00298507462687	0.116417910448	0.0716417910448	0.0925373134328	0.0805970149254	0.110447761194	0.0746268656716	0.125373134328	0.0149253731343	0.0567164179104	0.128358208955	0.0865671641791	0.128358208955	0.065671641791	0.0955223880597
MH0393.snv.bam	0.0985074626866	0.101492537313	0.0776119402985	0.0925373134328	0.325373134328	0.128358208955	0.0149253731343	0.0985074626866	0.0149253731343	0.0	0.0835820895522	0.0776119402985	0.0985074626866	0.107462686567	0.0835820895522	0.35223880597	0.0835820895522	0.0925373134328	0.140298507463	0.0925373134328	0.0179104477612	0.119402985075	0.0716417910448	0.0716417910448	0.089552238806	0.122388059701	0.0925373134328	0.134328358209	0.0388059701493	0.0776119402985	0.134328358209	0.0925373134328	0.134328358209	0.0776119402985	0.10447761194
MH0444.snv.bam	0.089552238806	0.0925373134328	0.0597014925373	0.107462686567	0.355223880597	0.0865671641791	0.119402985075	0.116417910448	0.0955223880597	0.0835820895522	0.0	0.107462686567	0.0597014925373	0.119402985075	0.10447761194	0.376119402985	0.134328358209	0.14328358209	0.101492537313	0.14328358209	0.122388059701	0.089552238806	0.0776119402985	0.0835820895522	0.101492537313	0.0716417910448	0.0626865671642	0.0925373134328	0.065671641791	0.107462686567	0.0716417910448	0.110447761194	0.0716417910448	0.101492537313	0.101492537313
MMRS15137911ST-27-0-0.snv.bam	0.110447761194	0.113432835821	0.0925373134328	0.116417910448	0.364179104478	0.146268656716	0.101492537313	0.113432835821	0.0955223880597	0.0776119402985	0.107462686567	0.0	0.113432835821	0.107462686567	0.0985074626866	0.391044776119	0.107462686567	0.116417910448	0.134328358209	0.0865671641791	0.107462686567	0.14328358209	0.0805970149254	0.0805970149254	0.107462686567	0.119402985075	0.10447761194	0.116417910448	0.0955223880597	0.0776119402985	0.161194029851	0.0955223880597	0.161194029851	0.0805970149254	0.119402985075
MMRS24340226ST-27-0-0.snv.bam	0.0567164179104	0.0597014925373	0.0417910447761	0.0716417910448	0.34328358209	0.089552238806	0.10447761194	0.0686567164179	0.0925373134328	0.0985074626866	0.0597014925373	0.113432835821	0.0	0.0746268656716	0.0686567164179	0.367164179104	0.0835820895522	0.089552238806	0.0985074626866	0.116417910448	0.107462686567	0.044776119403	0.0477611940299	0.089552238806	0.0805970149254	0.0716417910448	0.0268656716418	0.0955223880597	0.044776119403	0.0865671641791	0.0746268656716	0.065671641791	0.0746268656716	0.0537313432836	0.065671641791
MMRS57569834ST-27-0-0.snv.bam	0.0507462686567	0.0537313432836	0.0805970149254	0.0746268656716	0.367164179104	0.116417910448	0.10447761194	0.0835820895522	0.101492537313	0.107462686567	0.119402985075	0.107462686567	0.0746268656716	0.0	0.0835820895522	0.391044776119	0.0955223880597	0.0925373134328	0.134328358209	0.0955223880597	0.107462686567	0.10447761194	0.0716417910448	0.101492537313	0.101492537313	0.113432835821	0.0716417910448	0.116417910448	0.0835820895522	0.0746268656716	0.119402985075	0.0626865671642	0.119402985075	0.065671641791	0.0597014925373
MMRS62376181ST-27-0-0.snv.bam	0.0507462686567	0.0537313432836	0.089552238806	0.0417910447761	0.331343283582	0.0865671641791	0.0776119402985	0.0537313432836	0.0716417910448	0.0835820895522	0.10447761194	0.0985074626866	0.0686567164179	0.0835820895522	0.0	0.355223880597	0.0746268656716	0.0716417910448	0.107462686567	0.0716417910448	0.0805970149254	0.0805970149254	0.044776119403	0.0716417910448	0.0597014925373	0.10447761194	0.0477611940299	0.101492537313	0.044776119403	0.0507462686567	0.0805970149254	0.0417910447761	0.0805970149254	0.0298507462687	0.0537313432836
MMRS65945127ST-27-0-0.snv.bam	0.349253731343	0.355223880597	0.361194029851	0.367164179104	0.119402985075	0.385074626866	0.364179104478	0.361194029851	0.367164179104	0.35223880597	0.376119402985	0.391044776119	0.367164179104	0.391044776119	0.355223880597	0.0	0.388059701493	0.388059701493	0.379104477612	0.376119402985	0.373134328358	0.367164179104	0.35223880597	0.358208955224	0.34328358209	0.370149253731	0.30447761194	0.376119402985	0.34328358209	0.346268656716	0.385074626866	0.34328358209	0.385074626866	0.35223880597	0.364179104478
N043A.snv.bam	0.101492537313	0.107462686567	0.0805970149254	0.0746268656716	0.361194029851	0.116417910448	0.0686567164179	0.0776119402985	0.0686567164179	0.0835820895522	0.134328358209	0.107462686567	0.0835820895522	0.0955223880597	0.0746268656716	0.388059701493	0.0	0.0089552238806	0.140298507463	0.0955223880597	0.0716417910448	0.128358208955	0.065671641791	0.0985074626866	0.0925373134328	0.113432835821	0.0567164179104	0.140298507463	0.0746268656716	0.0776119402985	0.137313432836	0.0776119402985	0.137313432836	0.0686567164179	0.089552238806
N046A.snv.bam	0.0985074626866	0.10447761194	0.089552238806	0.0716417910448	0.361194029851	0.125373134328	0.0776119402985	0.0746268656716	0.0776119402985	0.0925373134328	0.14328358209	0.116417910448	0.089552238806	0.0925373134328	0.0716417910448	0.388059701493	0.0089552238806	0.0	0.149253731343	0.089552238806	0.0805970149254	0.125373134328	0.0746268656716	0.107462686567	0.101492537313	0.122388059701	0.065671641791	0.149253731343	0.0835820895522	0.0776119402985	0.134328358209	0.0746268656716	0.134328358209	0.065671641791	0.0865671641791
N052A.snv.bam	0.0925373134328	0.0925373134328	0.10447761194	0.125373134328	0.34328358209	0.0507462686567	0.137313432836	0.128358208955	0.131343283582	0.140298507463	0.101492537313	0.134328358209	0.0985074626866	0.134328358209	0.107462686567	0.379104477612	0.140298507463	0.149253731343	0.0	0.125373134328	0.140298507463	0.119402985075	0.0865671641791	0.131343283582	0.110447761194	0.0567164179104	0.065671641791	0.0537313432836	0.0985074626866	0.0985074626866	0.089552238806	0.0985074626866	0.089552238806	0.0835820895522	0.116417910448
O2.CD1-0-PT.snv.bam	0.0865671641791	0.0925373134328	0.125373134328	0.089552238806	0.334328358209	0.110447761194	0.0805970149254	0.0805970149254	0.0835820895522	0.0925373134328	0.14328358209	0.0865671641791	0.116417910448	0.0955223880597	0.0716417910448	0.376119402985	0.0955223880597	0.089552238806	0.125373134328	0.0	0.089552238806	0.107462686567	0.0925373134328	0.110447761194	0.101492537313	0.125373134328	0.0835820895522	0.131343283582	0.0716417910448	0.0626865671642	0.140298507463	0.0746268656716	0.140298507463	0.0626865671642	0.0955223880597
O2.CD3-0-PT.snv.bam	0.0955223880597	0.101492537313	0.110447761194	0.0865671641791	0.349253731343	0.122388059701	0.00298507462687	0.0955223880597	0.00298507462687	0.0179104477612	0.122388059701	0.107462686567	0.107462686567	0.107462686567	0.0805970149254	0.373134328358	0.0716417910448	0.0805970149254	0.140298507463	0.089552238806	0.0	0.125373134328	0.0746268656716	0.0985074626866	0.0865671641791	0.119402985075	0.0865671641791	0.134328358209	0.0477611940299	0.0776119402985	0.137313432836	0.0925373134328	0.137313432836	0.0716417910448	0.101492537313
O2.UC26-1.snv.bam	0.0746268656716	0.0776119402985	0.0925373134328	0.0985074626866	0.34328358209	0.10447761194	0.122388059701	0.0955223880597	0.116417910448	0.119402985075	0.089552238806	0.14328358209	0.044776119403	0.10447761194	0.0805970149254	0.367164179104	0.128358208955	0.125373134328	0.119402985075	0.107462686567	0.125373134328	0.0	0.0835820895522	0.125373134328	0.10447761194	0.113432835821	0.065671641791	0.125373134328	0.0686567164179	0.0925373134328	0.0925373134328	0.0925373134328	0.0925373134328	0.0776119402985	0.089552238806
SZEY-35A.snv.bam	0.0477611940299	0.0477611940299	0.044776119403	0.0537313432836	0.328358208955	0.0776119402985	0.0686567164179	0.0686567164179	0.0716417910448	0.0716417910448	0.0776119402985	0.0805970149254	0.0477611940299	0.0716417910448	0.044776119403	0.35223880597	0.065671641791	0.0746268656716	0.0865671641791	0.0925373134328	0.0746268656716	0.0835820895522	0.0	0.0507462686567	0.0567164179104	0.0835820895522	0.0358208955224	0.0716417910448	0.044776119403	0.0567164179104	0.089552238806	0.0477611940299	0.089552238806	0.0477611940299	0.0626865671642
SZEY-64A.snv.bam	0.0746268656716	0.0776119402985	0.0716417910448	0.0865671641791	0.340298507463	0.122388059701	0.0925373134328	0.0716417910448	0.0925373134328	0.0716417910448	0.0835820895522	0.0805970149254	0.089552238806	0.101492537313	0.0716417910448	0.358208955224	0.0985074626866	0.107462686567	0.131343283582	0.110447761194	0.0985074626866	0.125373134328	0.0507462686567	0.0	0.0746268656716	0.110447761194	0.0865671641791	0.0985074626866	0.0686567164179	0.0716417910448	0.125373134328	0.0805970149254	0.125373134328	0.0865671641791	0.0776119402985
T2D-103A.snv.bam	0.0776119402985	0.0805970149254	0.0865671641791	0.0716417910448	0.319402985075	0.089552238806	0.0835820895522	0.0746268656716	0.0805970149254	0.089552238806	0.101492537313	0.107462686567	0.0805970149254	0.101492537313	0.0597014925373	0.34328358209	0.0925373134328	0.101492537313	0.110447761194	0.101492537313	0.0865671641791	0.10447761194	0.0567164179104	0.0746268656716	0.0	0.0925373134328	0.0626865671642	0.113432835821	0.0507462686567	0.0805970149254	0.0925373134328	0.0537313432836	0.0925373134328	0.0567164179104	0.0925373134328
T2D-77A.snv.bam	0.0835820895522	0.089552238806	0.0955223880597	0.10447761194	0.35223880597	0.0626865671642	0.116417910448	0.113432835821	0.110447761194	0.122388059701	0.0716417910448	0.119402985075	0.0716417910448	0.113432835821	0.10447761194	0.370149253731	0.113432835821	0.122388059701	0.0567164179104	0.125373134328	0.119402985075	0.113432835821	0.0835820895522	0.110447761194	0.0925373134328	0.0	0.0597014925373	0.0567164179104	0.0865671641791	0.0835820895522	0.0626865671642	0.089552238806	0.0626865671642	0.0865671641791	0.101492537313
V1.CD12-3.snv.bam	0.0477611940299	0.0507462686567	0.0238805970149	0.0686567164179	0.268656716418	0.0477611940299	0.0835820895522	0.0686567164179	0.0746268656716	0.0925373134328	0.0626865671642	0.10447761194	0.0268656716418	0.0716417910448	0.0477611940299	0.30447761194	0.0567164179104	0.065671641791	0.065671641791	0.0835820895522	0.0865671641791	0.065671641791	0.0358208955224	0.0865671641791	0.0626865671642	0.0597014925373	0.0	0.0776119402985	0.0358208955224	0.0626865671642	0.0716417910448	0.0477611940299	0.0716417910448	0.0328358208955	0.0597014925373
V1.CD20-4.snv.bam	0.0805970149254	0.0805970149254	0.101492537313	0.119402985075	0.355223880597	0.0835820895522	0.131343283582	0.122388059701	0.125373134328	0.134328358209	0.0925373134328	0.116417910448	0.0955223880597	0.116417910448	0.101492537313	0.376119402985	0.140298507463	0.149253731343	0.0537313432836	0.131343283582	0.134328358209	0.125373134328	0.0716417910448	0.0985074626866	0.113432835821	0.0567164179104	0.0776119402985	0.0	0.0955223880597	0.0925373134328	0.0835820895522	0.10447761194	0.0835820895522	0.0865671641791	0.0985074626866
V1.CD25-4.snv.bam	0.065671641791	0.0686567164179	0.0776119402985	0.0626865671642	0.322388059701	0.089552238806	0.0298507462687	0.0716417910448	0.0149253731343	0.0388059701493	0.065671641791	0.0955223880597	0.044776119403	0.0835820895522	0.044776119403	0.34328358209	0.0746268656716	0.0835820895522	0.0985074626866	0.0716417910448	0.0477611940299	0.0686567164179	0.044776119403	0.0686567164179	0.0507462686567	0.0865671641791	0.0358208955224	0.0955223880597	0.0	0.0597014925373	0.0805970149254	0.0567164179104	0.0805970149254	0.0477611940299	0.0746268656716
V1.CD28-0.snv.bam	0.0626865671642	0.065671641791	0.0985074626866	0.0537313432836	0.316417910448	0.0985074626866	0.0626865671642	0.0626865671642	0.0567164179104	0.0776119402985	0.107462686567	0.0776119402985	0.0865671641791	0.0746268656716	0.0507462686567	0.346268656716	0.0776119402985	0.0776119402985	0.0985074626866	0.0626865671642	0.0776119402985	0.0925373134328	0.0567164179104	0.0716417910448	0.0805970149254	0.0835820895522	0.0626865671642	0.0925373134328	0.0597014925373	0.0	0.110447761194	0.0597014925373	0.110447761194	0.0537313432836	0.0567164179104
V1.CD3-0-PT.snv.bam	0.0865671641791	0.089552238806	0.110447761194	0.110447761194	0.367164179104	0.0597014925373	0.134328358209	0.107462686567	0.128358208955	0.134328358209	0.0716417910448	0.161194029851	0.0746268656716	0.119402985075	0.0805970149254	0.385074626866	0.137313432836	0.134328358209	0.089552238806	0.140298507463	0.137313432836	0.0925373134328	0.089552238806	0.125373134328	0.0925373134328	0.0626865671642	0.0716417910448	0.0835820895522	0.0805970149254	0.110447761194	0.0	0.0835820895522	0.0	0.0776119402985	0.0955223880597
V1.CD32-0.snv.bam	0.0477611940299	0.0477611940299	0.0865671641791	0.065671641791	0.328358208955	0.0985074626866	0.0865671641791	0.0417910447761	0.0865671641791	0.0925373134328	0.110447761194	0.0955223880597	0.065671641791	0.0626865671642	0.0417910447761	0.34328358209	0.0776119402985	0.0746268656716	0.0985074626866	0.0746268656716	0.0925373134328	0.0925373134328	0.0477611940299	0.0805970149254	0.0537313432836	0.089552238806	0.0477611940299	0.10447761194	0.0567164179104	0.0597014925373	0.0835820895522	0.0	0.0835820895522	0.0388059701493	0.0597014925373
V1.CD4-0-PT.snv.bam	0.0865671641791	0.089552238806	0.110447761194	0.110447761194	0.367164179104	0.0597014925373	0.134328358209	0.107462686567	0.128358208955	0.134328358209	0.0716417910448	0.161194029851	0.0746268656716	0.119402985075	0.0805970149254	0.385074626866	0.137313432836	0.134328358209	0.089552238806	0.140298507463	0.137313432836	0.0925373134328	0.089552238806	0.125373134328	0.0925373134328	0.0626865671642	0.0716417910448	0.0835820895522	0.0805970149254	0.110447761194	0.0	0.0835820895522	0.0	0.0776119402985	0.0955223880597
V1.FI21.snv.bam	0.0537313432836	0.0567164179104	0.0716417910448	0.0477611940299	0.328358208955	0.0686567164179	0.0626865671642	0.0507462686567	0.065671641791	0.0776119402985	0.101492537313	0.0805970149254	0.0537313432836	0.065671641791	0.0298507462687	0.35223880597	0.0686567164179	0.065671641791	0.0835820895522	0.0626865671642	0.0716417910448	0.0776119402985	0.0477611940299	0.0865671641791	0.0567164179104	0.0865671641791	0.0328358208955	0.0865671641791	0.0477611940299	0.0537313432836	0.0776119402985	0.0388059701493	0.0776119402985	0.0	0.0597014925373
alien-11-632-0.snv.bam	0.044776119403	0.0477611940299	0.0746268656716	0.0567164179104	0.346268656716	0.0985074626866	0.0955223880597	0.0298507462687	0.0955223880597	0.10447761194	0.101492537313	0.119402985075	0.065671641791	0.0597014925373	0.0537313432836	0.364179104478	0.089552238806	0.0865671641791	0.116417910448	0.0955223880597	0.101492537313	0.089552238806	0.0626865671642	0.0776119402985	0.0925373134328	0.101492537313	0.0597014925373	0.0985074626866	0.0746268656716	0.0567164179104	0.0955223880597	0.0597014925373	0.0955223880597	0.0597014925373	0.0
