	160178356-stool1.snv.bam	BYQ_AAAD.snv.bam	BYQ_AAAX.snv.bam	BYQ_AAAZ.snv.bam	CCIS00146684ST-4-0.snv.bam	CCIS07277498ST-4-0.snv.bam	CCIS09568613ST-4-0.snv.bam	CCIS11362406ST-4-0.snv.bam	CCIS23164343ST-4-0.snv.bam	CCIS29688262ST-20-0.snv.bam	CCIS41222843ST-4-0.snv.bam	CCIS41288781ST-4-0.snv.bam	CCIS44093303ST-4-0.snv.bam	CCIS59132091ST-4-0.snv.bam	CCIS82146115ST-4-0.snv.bam	CCIS94603952ST-4-0.snv.bam	M2.5-V1.metaG.snv.bam	M2.5-V2.metaG.snv.bam	MH0200.snv.bam	MH0203.snv.bam	MH0337.snv.bam	MH0436.snv.bam	MMRS25641480ST-27-0-0.snv.bam	MMRS67096717ST-27-0-0.snv.bam	MMRS88581325ST-27-0-0.snv.bam	NG-5636_143.snv.bam	NG-5636_235.snv.bam	NG-5636_457.snv.bam	NG-5636_495.snv.bam	NG-5636_536.snv.bam	NG-5636_602.snv.bam	NG-5636_604.snv.bam	O2.UC12-1.snv.bam	O2.UC18-1.snv.bam	O2.UC20-1.snv.bam	O2.UC27-1.snv.bam	O2.UC27-2.snv.bam	O2.UC30-1.snv.bam	O2.UC32-0.snv.bam	O2.UC32-1.snv.bam	O2.UC36-0.snv.bam	O2.UC37-1.snv.bam	O2.UC8-2.snv.bam	O2.UC9-1.snv.bam	V1.CD1-3-PN.snv.bam	V1.CD25-4.snv.bam	V1.CD35-1.snv.bam	V1.CD6-0-PN.snv.bam	V1.CD8-0-PN.snv.bam	V1.FI13.snv.bam	V1.FI23.snv.bam	V1.FI27.snv.bam	V1.FI28.snv.bam	V1.FI32.snv.bam	V1.UC15-3.snv.bam	V1.UC21-4.snv.bam	V1.UC23-1.snv.bam	V1.UC25-0.snv.bam	V1.UC50-1.snv.bam	peacemaker-11-0-0.snv.bam	peacemaker-11-2-0.snv.bam
160178356-stool1.snv.bam	0.0	0.0653266331658	0.0603015075377	0.0502512562814	0.070351758794	0.0653266331658	0.0603015075377	0.0452261306533	0.070351758794	0.0301507537688	0.195979899497	0.0753768844221	0.115577889447	0.0904522613065	0.100502512563	0.0452261306533	0.070351758794	0.0552763819095	0.0653266331658	0.0452261306533	0.0603015075377	0.0502512562814	0.0552763819095	0.0502512562814	0.0452261306533	0.0603015075377	0.0904522613065	0.0804020100503	0.0452261306533	0.0954773869347	0.0603015075377	0.0653266331658	0.0854271356784	0.0552763819095	0.0753768844221	0.070351758794	0.070351758794	0.0854271356784	0.0753768844221	0.0753768844221	0.0552763819095	0.0854271356784	0.0402010050251	0.0402010050251	0.0402010050251	0.100502512563	0.0753768844221	0.035175879397	0.0502512562814	0.070351758794	0.0854271356784	0.0552763819095	0.110552763819	0.0904522613065	0.0954773869347	0.0452261306533	0.035175879397	0.070351758794	0.0753768844221	0.0452261306533	0.0552763819095
BYQ_AAAD.snv.bam	0.0653266331658	0.0	0.0	0.0603015075377	0.0452261306533	0.035175879397	0.0552763819095	0.0502512562814	0.0552763819095	0.0552763819095	0.195979899497	0.035175879397	0.100502512563	0.0452261306533	0.0804020100503	0.0452261306533	0.0854271356784	0.0753768844221	0.0653266331658	0.0753768844221	0.0402010050251	0.0753768844221	0.0402010050251	0.0452261306533	0.0402010050251	0.0653266331658	0.105527638191	0.070351758794	0.0603015075377	0.0804020100503	0.070351758794	0.0552763819095	0.0804020100503	0.0402010050251	0.110552763819	0.0402010050251	0.0452261306533	0.0954773869347	0.0603015075377	0.0603015075377	0.0854271356784	0.0502512562814	0.0854271356784	0.0854271356784	0.0854271356784	0.070351758794	0.0452261306533	0.0201005025126	0.0552763819095	0.115577889447	0.0502512562814	0.0653266331658	0.0904522613065	0.0854271356784	0.0954773869347	0.0653266331658	0.0452261306533	0.0653266331658	0.070351758794	0.0753768844221	0.0804020100503
BYQ_AAAX.snv.bam	0.0603015075377	0.0	0.0	0.0552763819095	0.0402010050251	0.0301507537688	0.0502512562814	0.0452261306533	0.0502512562814	0.0502512562814	0.180904522613	0.035175879397	0.0954773869347	0.0402010050251	0.0753768844221	0.0402010050251	0.0804020100503	0.070351758794	0.0603015075377	0.070351758794	0.0402010050251	0.070351758794	0.035175879397	0.0402010050251	0.035175879397	0.0603015075377	0.100502512563	0.0653266331658	0.0552763819095	0.0753768844221	0.0653266331658	0.0502512562814	0.0753768844221	0.035175879397	0.105527638191	0.035175879397	0.0402010050251	0.0904522613065	0.0552763819095	0.0552763819095	0.0804020100503	0.0452261306533	0.0804020100503	0.0804020100503	0.0804020100503	0.0653266331658	0.0452261306533	0.0150753768844	0.0502512562814	0.110552763819	0.0452261306533	0.0603015075377	0.0904522613065	0.0804020100503	0.0954773869347	0.0603015075377	0.0402010050251	0.0603015075377	0.0653266331658	0.0753768844221	0.0804020100503
BYQ_AAAZ.snv.bam	0.0502512562814	0.0603015075377	0.0552763819095	0.0	0.0653266331658	0.0552763819095	0.0552763819095	0.0552763819095	0.0653266331658	0.0552763819095	0.175879396985	0.0502512562814	0.110552763819	0.0753768844221	0.0804020100503	0.035175879397	0.0603015075377	0.0502512562814	0.0753768844221	0.0854271356784	0.0552763819095	0.0653266331658	0.0653266331658	0.0301507537688	0.0402010050251	0.0301507537688	0.0954773869347	0.070351758794	0.0552763819095	0.0904522613065	0.0502512562814	0.035175879397	0.0603015075377	0.035175879397	0.105527638191	0.0653266331658	0.0653266331658	0.0954773869347	0.070351758794	0.070351758794	0.0904522613065	0.0804020100503	0.0502512562814	0.0502512562814	0.0753768844221	0.100502512563	0.0753768844221	0.035175879397	0.0854271356784	0.0753768844221	0.0804020100503	0.0452261306533	0.100502512563	0.0753768844221	0.0904522613065	0.070351758794	0.0452261306533	0.0653266331658	0.0753768844221	0.0854271356784	0.0954773869347
CCIS00146684ST-4-0.snv.bam	0.070351758794	0.0452261306533	0.0402010050251	0.0653266331658	0.0	0.0402010050251	0.0502512562814	0.0452261306533	0.0502512562814	0.0552763819095	0.190954773869	0.0552763819095	0.105527638191	0.0603015075377	0.0954773869347	0.0502512562814	0.0904522613065	0.0804020100503	0.0552763819095	0.0854271356784	0.0502512562814	0.0804020100503	0.035175879397	0.0603015075377	0.035175879397	0.0603015075377	0.0804020100503	0.0653266331658	0.0753768844221	0.0753768844221	0.0753768844221	0.0603015075377	0.0753768844221	0.0552763819095	0.115577889447	0.0402010050251	0.0402010050251	0.0904522613065	0.0452261306533	0.0452261306533	0.0904522613065	0.0552763819095	0.0904522613065	0.0904522613065	0.070351758794	0.0804020100503	0.0653266331658	0.0251256281407	0.0502512562814	0.115577889447	0.0552763819095	0.070351758794	0.0804020100503	0.0904522613065	0.105527638191	0.0753768844221	0.0452261306533	0.0502512562814	0.0854271356784	0.0854271356784	0.0954773869347
CCIS07277498ST-4-0.snv.bam	0.0653266331658	0.035175879397	0.0301507537688	0.0552763819095	0.0402010050251	0.0	0.0603015075377	0.0502512562814	0.0301507537688	0.070351758794	0.155778894472	0.0452261306533	0.105527638191	0.0452261306533	0.0854271356784	0.035175879397	0.0854271356784	0.0753768844221	0.0753768844221	0.0854271356784	0.0603015075377	0.070351758794	0.0402010050251	0.0452261306533	0.0452261306533	0.0502512562814	0.100502512563	0.035175879397	0.0603015075377	0.0502512562814	0.0753768844221	0.0603015075377	0.0854271356784	0.0402010050251	0.0804020100503	0.0402010050251	0.0402010050251	0.100502512563	0.035175879397	0.035175879397	0.100502512563	0.0251256281407	0.0854271356784	0.0854271356784	0.0854271356784	0.070351758794	0.070351758794	0.0251256281407	0.0603015075377	0.115577889447	0.0251256281407	0.070351758794	0.0753768844221	0.0904522613065	0.105527638191	0.0753768844221	0.0502512562814	0.0603015075377	0.0804020100503	0.0854271356784	0.100502512563
CCIS09568613ST-4-0.snv.bam	0.0603015075377	0.0552763819095	0.0502512562814	0.0552763819095	0.0502512562814	0.0603015075377	0.0	0.0452261306533	0.0603015075377	0.0402010050251	0.185929648241	0.0452261306533	0.100502512563	0.0804020100503	0.105527638191	0.0452261306533	0.0854271356784	0.0804020100503	0.0603015075377	0.0854271356784	0.0402010050251	0.0804020100503	0.0552763819095	0.070351758794	0.0251256281407	0.0603015075377	0.0904522613065	0.0753768844221	0.0854271356784	0.0804020100503	0.0552763819095	0.0502512562814	0.0854271356784	0.0653266331658	0.115577889447	0.0603015075377	0.0603015075377	0.070351758794	0.0653266331658	0.0653266331658	0.0804020100503	0.0753768844221	0.0804020100503	0.0804020100503	0.0653266331658	0.100502512563	0.0653266331658	0.0301507537688	0.070351758794	0.0904522613065	0.0753768844221	0.070351758794	0.100502512563	0.0904522613065	0.115577889447	0.070351758794	0.0251256281407	0.0502512562814	0.0854271356784	0.0753768844221	0.0854271356784
CCIS11362406ST-4-0.snv.bam	0.0452261306533	0.0502512562814	0.0452261306533	0.0552763819095	0.0452261306533	0.0502512562814	0.0452261306533	0.0	0.0552763819095	0.0552763819095	0.195979899497	0.0603015075377	0.110552763819	0.0753768844221	0.100502512563	0.035175879397	0.0753768844221	0.0653266331658	0.0452261306533	0.0753768844221	0.0452261306533	0.0753768844221	0.0301507537688	0.0452261306533	0.0301507537688	0.0653266331658	0.0753768844221	0.0653266331658	0.070351758794	0.0804020100503	0.070351758794	0.0502512562814	0.0804020100503	0.0502512562814	0.0904522613065	0.0452261306533	0.0452261306533	0.0854271356784	0.0502512562814	0.0502512562814	0.0854271356784	0.070351758794	0.0753768844221	0.0753768844221	0.070351758794	0.0854271356784	0.0502512562814	0.0201005025126	0.0653266331658	0.115577889447	0.070351758794	0.0653266331658	0.0854271356784	0.0954773869347	0.110552763819	0.0753768844221	0.0402010050251	0.0552763819095	0.070351758794	0.070351758794	0.0804020100503
CCIS23164343ST-4-0.snv.bam	0.070351758794	0.0552763819095	0.0502512562814	0.0653266331658	0.0502512562814	0.0301507537688	0.0603015075377	0.0552763819095	0.0	0.070351758794	0.165829145729	0.0653266331658	0.115577889447	0.070351758794	0.0954773869347	0.0301507537688	0.0804020100503	0.070351758794	0.0753768844221	0.0854271356784	0.0603015075377	0.0753768844221	0.0653266331658	0.0653266331658	0.0452261306533	0.0603015075377	0.105527638191	0.035175879397	0.0854271356784	0.0452261306533	0.0753768844221	0.070351758794	0.0753768844221	0.0653266331658	0.0753768844221	0.0301507537688	0.0251256281407	0.0904522613065	0.0251256281407	0.0251256281407	0.0904522613065	0.0452261306533	0.0804020100503	0.0804020100503	0.0954773869347	0.0904522613065	0.0753768844221	0.0251256281407	0.0804020100503	0.110552763819	0.035175879397	0.070351758794	0.0904522613065	0.100502512563	0.115577889447	0.0753768844221	0.0452261306533	0.0502512562814	0.0753768844221	0.0954773869347	0.105527638191
CCIS29688262ST-20-0.snv.bam	0.0301507537688	0.0552763819095	0.0502512562814	0.0552763819095	0.0552763819095	0.070351758794	0.0402010050251	0.0552763819095	0.070351758794	0.0	0.190954773869	0.0653266331658	0.120603015075	0.0753768844221	0.105527638191	0.0502512562814	0.0854271356784	0.070351758794	0.0603015075377	0.0502512562814	0.0402010050251	0.0502512562814	0.0653266331658	0.070351758794	0.035175879397	0.0603015075377	0.0904522613065	0.0854271356784	0.0552763819095	0.0954773869347	0.0552763819095	0.0502512562814	0.0804020100503	0.0653266331658	0.0854271356784	0.0552763819095	0.0552763819095	0.0804020100503	0.0653266331658	0.0653266331658	0.035175879397	0.0854271356784	0.0502512562814	0.0502512562814	0.035175879397	0.100502512563	0.0653266331658	0.0301507537688	0.0402010050251	0.0603015075377	0.0854271356784	0.0603015075377	0.110552763819	0.0804020100503	0.0804020100503	0.0402010050251	0.035175879397	0.0603015075377	0.0753768844221	0.035175879397	0.0452261306533
CCIS41222843ST-4-0.snv.bam	0.195979899497	0.195979899497	0.180904522613	0.175879396985	0.190954773869	0.155778894472	0.185929648241	0.195979899497	0.165829145729	0.190954773869	0.0	0.185929648241	0.236180904523	0.145728643216	0.180904522613	0.160804020101	0.165829145729	0.165829145729	0.180904522613	0.206030150754	0.201005025126	0.201005025126	0.201005025126	0.175879396985	0.185929648241	0.170854271357	0.190954773869	0.206030150754	0.185929648241	0.0904522613065	0.175879396985	0.211055276382	0.160804020101	0.165829145729	0.211055276382	0.0854271356784	0.120603015075	0.206030150754	0.185929648241	0.185929648241	0.211055276382	0.211055276382	0.170854271357	0.155778894472	0.180904522613	0.241206030151	0.21608040201	0.170854271357	0.211055276382	0.180904522613	0.206030150754	0.175879396985	0.246231155779	0.201005025126	0.206030150754	0.155778894472	0.185929648241	0.201005025126	0.185929648241	0.201005025126	0.206030150754
CCIS41288781ST-4-0.snv.bam	0.0753768844221	0.035175879397	0.035175879397	0.0502512562814	0.0552763819095	0.0452261306533	0.0452261306533	0.0603015075377	0.0653266331658	0.0653266331658	0.185929648241	0.0	0.110552763819	0.0552763819095	0.070351758794	0.0452261306533	0.0753768844221	0.0653266331658	0.0804020100503	0.0904522613065	0.0653266331658	0.0854271356784	0.0502512562814	0.035175879397	0.0502512562814	0.0603015075377	0.110552763819	0.0804020100503	0.0502512562814	0.0854271356784	0.0603015075377	0.0753768844221	0.0653266331658	0.0301507537688	0.120603015075	0.0653266331658	0.0653266331658	0.105527638191	0.070351758794	0.070351758794	0.105527638191	0.0603015075377	0.0753768844221	0.0753768844221	0.0904522613065	0.0904522613065	0.070351758794	0.035175879397	0.0653266331658	0.105527638191	0.0603015075377	0.0552763819095	0.105527638191	0.0954773869347	0.0904522613065	0.0854271356784	0.0552763819095	0.0753768844221	0.0804020100503	0.0954773869347	0.100502512563
CCIS44093303ST-4-0.snv.bam	0.115577889447	0.100502512563	0.0954773869347	0.110552763819	0.105527638191	0.105527638191	0.100502512563	0.110552763819	0.115577889447	0.120603015075	0.236180904523	0.110552763819	0.0	0.115577889447	0.140703517588	0.105527638191	0.13567839196	0.125628140704	0.120603015075	0.13567839196	0.115577889447	0.115577889447	0.110552763819	0.105527638191	0.100502512563	0.115577889447	0.150753768844	0.130653266332	0.120603015075	0.110552763819	0.105527638191	0.125628140704	0.125628140704	0.100502512563	0.170854271357	0.0954773869347	0.110552763819	0.150753768844	0.115577889447	0.115577889447	0.145728643216	0.120603015075	0.13567839196	0.13567839196	0.140703517588	0.0502512562814	0.130653266332	0.0854271356784	0.120603015075	0.145728643216	0.110552763819	0.105527638191	0.100502512563	0.150753768844	0.165829145729	0.13567839196	0.100502512563	0.115577889447	0.140703517588	0.150753768844	0.160804020101
CCIS59132091ST-4-0.snv.bam	0.0904522613065	0.0452261306533	0.0402010050251	0.0753768844221	0.0603015075377	0.0452261306533	0.0804020100503	0.0753768844221	0.070351758794	0.0753768844221	0.145728643216	0.0552763819095	0.115577889447	0.0	0.0954773869347	0.0603015075377	0.100502512563	0.0904522613065	0.0904522613065	0.100502512563	0.0603015075377	0.100502512563	0.0653266331658	0.0603015075377	0.0653266331658	0.0753768844221	0.105527638191	0.0854271356784	0.0753768844221	0.0904522613065	0.0854271356784	0.070351758794	0.0904522613065	0.0552763819095	0.130653266332	0.0402010050251	0.0552763819095	0.120603015075	0.070351758794	0.0753768844221	0.110552763819	0.0653266331658	0.0954773869347	0.0954773869347	0.110552763819	0.0854271356784	0.0753768844221	0.0402010050251	0.0753768844221	0.120603015075	0.0653266331658	0.0804020100503	0.110552763819	0.0804020100503	0.120603015075	0.0854271356784	0.0653266331658	0.0753768844221	0.0653266331658	0.0954773869347	0.105527638191
CCIS82146115ST-4-0.snv.bam	0.100502512563	0.0804020100503	0.0753768844221	0.0804020100503	0.0954773869347	0.0854271356784	0.105527638191	0.100502512563	0.0954773869347	0.105527638191	0.180904522613	0.070351758794	0.140703517588	0.0954773869347	0.0	0.0653266331658	0.0552763819095	0.0502512562814	0.0653266331658	0.125628140704	0.0954773869347	0.120603015075	0.0904522613065	0.0502512562814	0.0904522613065	0.0904522613065	0.140703517588	0.110552763819	0.0804020100503	0.130653266332	0.070351758794	0.115577889447	0.0854271356784	0.0603015075377	0.140703517588	0.100502512563	0.0954773869347	0.0753768844221	0.110552763819	0.110552763819	0.130653266332	0.100502512563	0.0954773869347	0.0954773869347	0.13567839196	0.130653266332	0.120603015075	0.0753768844221	0.105527638191	0.110552763819	0.100502512563	0.0753768844221	0.13567839196	0.0753768844221	0.130653266332	0.105527638191	0.0804020100503	0.0854271356784	0.0603015075377	0.13567839196	0.145728643216
CCIS94603952ST-4-0.snv.bam	0.0452261306533	0.0452261306533	0.0402010050251	0.035175879397	0.0502512562814	0.035175879397	0.0452261306533	0.035175879397	0.0301507537688	0.0502512562814	0.160804020101	0.0452261306533	0.105527638191	0.0603015075377	0.0653266331658	0.0	0.0402010050251	0.0301507537688	0.0502512562814	0.0653266331658	0.0402010050251	0.0653266331658	0.0452261306533	0.0402010050251	0.0301507537688	0.0502512562814	0.0804020100503	0.0402010050251	0.0552763819095	0.0552763819095	0.0552763819095	0.0452261306533	0.0603015075377	0.0251256281407	0.0653266331658	0.035175879397	0.035175879397	0.0653266331658	0.035175879397	0.035175879397	0.0804020100503	0.0552763819095	0.0552763819095	0.0552763819095	0.0804020100503	0.0804020100503	0.0502512562814	0.0201005025126	0.070351758794	0.0804020100503	0.0452261306533	0.0502512562814	0.0904522613065	0.0603015075377	0.0954773869347	0.0653266331658	0.035175879397	0.0502512562814	0.0452261306533	0.0603015075377	0.070351758794
M2.5-V1.metaG.snv.bam	0.070351758794	0.0854271356784	0.0804020100503	0.0603015075377	0.0904522613065	0.0854271356784	0.0854271356784	0.0753768844221	0.0804020100503	0.0854271356784	0.165829145729	0.0753768844221	0.13567839196	0.100502512563	0.0552763819095	0.0402010050251	0.0	0.0	0.0502512562814	0.100502512563	0.0904522613065	0.105527638191	0.0753768844221	0.0603015075377	0.0753768844221	0.0753768844221	0.120603015075	0.100502512563	0.070351758794	0.115577889447	0.0603015075377	0.0954773869347	0.0804020100503	0.0452261306533	0.125628140704	0.0904522613065	0.0854271356784	0.0653266331658	0.0954773869347	0.0954773869347	0.120603015075	0.105527638191	0.0753768844221	0.0753768844221	0.115577889447	0.120603015075	0.0954773869347	0.0552763819095	0.0954773869347	0.105527638191	0.105527638191	0.0552763819095	0.130653266332	0.0753768844221	0.120603015075	0.0854271356784	0.0653266331658	0.100502512563	0.0653266331658	0.105527638191	0.115577889447
M2.5-V2.metaG.snv.bam	0.0552763819095	0.0753768844221	0.070351758794	0.0502512562814	0.0804020100503	0.0753768844221	0.0804020100503	0.0653266331658	0.070351758794	0.070351758794	0.165829145729	0.0653266331658	0.125628140704	0.0904522613065	0.0502512562814	0.0301507537688	0.0	0.0	0.0502512562814	0.0854271356784	0.0804020100503	0.0904522613065	0.0653266331658	0.0502512562814	0.0653266331658	0.0653266331658	0.110552763819	0.0904522613065	0.0603015075377	0.105527638191	0.0502512562814	0.0854271356784	0.070351758794	0.035175879397	0.110552763819	0.0804020100503	0.0753768844221	0.0653266331658	0.0854271356784	0.0854271356784	0.105527638191	0.0954773869347	0.0653266331658	0.0653266331658	0.100502512563	0.110552763819	0.0854271356784	0.0452261306533	0.0804020100503	0.0904522613065	0.0954773869347	0.0452261306533	0.120603015075	0.0753768844221	0.110552763819	0.0753768844221	0.0552763819095	0.0904522613065	0.0653266331658	0.0904522613065	0.100502512563
MH0200.snv.bam	0.0653266331658	0.0653266331658	0.0603015075377	0.0753768844221	0.0552763819095	0.0753768844221	0.0603015075377	0.0452261306533	0.0753768844221	0.0603015075377	0.180904522613	0.0804020100503	0.120603015075	0.0904522613065	0.0653266331658	0.0502512562814	0.0502512562814	0.0502512562814	0.0	0.0854271356784	0.0603015075377	0.0904522613065	0.0653266331658	0.0753768844221	0.0402010050251	0.0804020100503	0.0954773869347	0.0904522613065	0.0854271356784	0.100502512563	0.070351758794	0.070351758794	0.0854271356784	0.070351758794	0.105527638191	0.0552763819095	0.0502512562814	0.0452261306533	0.0603015075377	0.0603015075377	0.0753768844221	0.0904522613065	0.0904522613065	0.0904522613065	0.0753768844221	0.105527638191	0.0603015075377	0.0452261306533	0.0804020100503	0.115577889447	0.0904522613065	0.0653266331658	0.110552763819	0.0552763819095	0.115577889447	0.0753768844221	0.0402010050251	0.0753768844221	0.0603015075377	0.0804020100503	0.0954773869347
MH0203.snv.bam	0.0452261306533	0.0753768844221	0.070351758794	0.0854271356784	0.0854271356784	0.0854271356784	0.0854271356784	0.0753768844221	0.0854271356784	0.0502512562814	0.206030150754	0.0904522613065	0.13567839196	0.100502512563	0.125628140704	0.0653266331658	0.100502512563	0.0854271356784	0.0854271356784	0.0	0.0804020100503	0.0452261306533	0.0854271356784	0.0854271356784	0.0603015075377	0.0653266331658	0.125628140704	0.0904522613065	0.0653266331658	0.105527638191	0.0854271356784	0.0904522613065	0.105527638191	0.0804020100503	0.0954773869347	0.0753768844221	0.0753768844221	0.115577889447	0.0904522613065	0.0904522613065	0.0804020100503	0.0804020100503	0.0753768844221	0.0753768844221	0.0603015075377	0.115577889447	0.0804020100503	0.0502512562814	0.0653266331658	0.0954773869347	0.100502512563	0.0804020100503	0.110552763819	0.115577889447	0.110552763819	0.070351758794	0.0603015075377	0.0954773869347	0.0904522613065	0.0603015075377	0.0804020100503
MH0337.snv.bam	0.0603015075377	0.0402010050251	0.0402010050251	0.0552763819095	0.0502512562814	0.0603015075377	0.0402010050251	0.0452261306533	0.0603015075377	0.0402010050251	0.201005025126	0.0653266331658	0.115577889447	0.0603015075377	0.0954773869347	0.0402010050251	0.0904522613065	0.0804020100503	0.0603015075377	0.0804020100503	0.0	0.0804020100503	0.0552763819095	0.0603015075377	0.0251256281407	0.0603015075377	0.0904522613065	0.0653266331658	0.0854271356784	0.0854271356784	0.0653266331658	0.0201005025126	0.0804020100503	0.0653266331658	0.115577889447	0.0502512562814	0.0502512562814	0.070351758794	0.0653266331658	0.0653266331658	0.070351758794	0.0753768844221	0.0804020100503	0.0804020100503	0.070351758794	0.0904522613065	0.0251256281407	0.0251256281407	0.070351758794	0.100502512563	0.0753768844221	0.070351758794	0.100502512563	0.070351758794	0.0954773869347	0.0502512562814	0.0301507537688	0.0402010050251	0.0603015075377	0.0402010050251	0.0452261306533
MH0436.snv.bam	0.0502512562814	0.0753768844221	0.070351758794	0.0653266331658	0.0804020100503	0.070351758794	0.0804020100503	0.0753768844221	0.0753768844221	0.0502512562814	0.201005025126	0.0854271356784	0.115577889447	0.100502512563	0.120603015075	0.0653266331658	0.105527638191	0.0904522613065	0.0904522613065	0.0452261306533	0.0804020100503	0.0	0.0854271356784	0.0904522613065	0.0653266331658	0.0753768844221	0.130653266332	0.0854271356784	0.0753768844221	0.0904522613065	0.0854271356784	0.070351758794	0.100502512563	0.0854271356784	0.0804020100503	0.0804020100503	0.070351758794	0.105527638191	0.0854271356784	0.0854271356784	0.0753768844221	0.0954773869347	0.0753768844221	0.0753768844221	0.0552763819095	0.100502512563	0.0954773869347	0.0452261306533	0.0603015075377	0.0954773869347	0.0954773869347	0.0804020100503	0.0954773869347	0.105527638191	0.0954773869347	0.070351758794	0.0603015075377	0.0854271356784	0.0904522613065	0.0753768844221	0.0854271356784
MMRS25641480ST-27-0-0.snv.bam	0.0552763819095	0.0402010050251	0.035175879397	0.0653266331658	0.035175879397	0.0402010050251	0.0552763819095	0.0301507537688	0.0653266331658	0.0653266331658	0.201005025126	0.0502512562814	0.110552763819	0.0653266331658	0.0904522613065	0.0452261306533	0.0753768844221	0.0653266331658	0.0653266331658	0.0854271356784	0.0552763819095	0.0854271356784	0.0	0.035175879397	0.0402010050251	0.0753768844221	0.0804020100503	0.0753768844221	0.0603015075377	0.0904522613065	0.0804020100503	0.0603015075377	0.0904522613065	0.0402010050251	0.110552763819	0.0653266331658	0.0653266331658	0.0954773869347	0.070351758794	0.070351758794	0.0954773869347	0.0603015075377	0.0854271356784	0.0854271356784	0.0804020100503	0.0804020100503	0.0603015075377	0.0301507537688	0.035175879397	0.125628140704	0.0603015075377	0.0753768844221	0.0854271356784	0.105527638191	0.120603015075	0.0753768844221	0.0552763819095	0.0653266331658	0.0804020100503	0.0804020100503	0.0904522613065
MMRS67096717ST-27-0-0.snv.bam	0.0502512562814	0.0452261306533	0.0402010050251	0.0301507537688	0.0603015075377	0.0452261306533	0.070351758794	0.0452261306533	0.0653266331658	0.070351758794	0.175879396985	0.035175879397	0.105527638191	0.0603015075377	0.0502512562814	0.0402010050251	0.0603015075377	0.0502512562814	0.0753768844221	0.0854271356784	0.0603015075377	0.0904522613065	0.035175879397	0.0	0.0552763819095	0.0552763819095	0.0954773869347	0.070351758794	0.035175879397	0.0954773869347	0.0452261306533	0.0653266331658	0.0552763819095	0.0150753768844	0.110552763819	0.070351758794	0.0653266331658	0.0954773869347	0.0753768844221	0.0753768844221	0.100502512563	0.0653266331658	0.0552763819095	0.0552763819095	0.0904522613065	0.0854271356784	0.0753768844221	0.0402010050251	0.070351758794	0.0854271356784	0.0653266331658	0.0502512562814	0.0954773869347	0.100502512563	0.0954773869347	0.0804020100503	0.0603015075377	0.0653266331658	0.0653266331658	0.0904522613065	0.100502512563
MMRS88581325ST-27-0-0.snv.bam	0.0452261306533	0.0402010050251	0.035175879397	0.0402010050251	0.035175879397	0.0452261306533	0.0251256281407	0.0301507537688	0.0452261306533	0.035175879397	0.185929648241	0.0502512562814	0.100502512563	0.0653266331658	0.0904522613065	0.0301507537688	0.0753768844221	0.0653266331658	0.0402010050251	0.0603015075377	0.0251256281407	0.0653266331658	0.0402010050251	0.0552763819095	0.0	0.0452261306533	0.0753768844221	0.0603015075377	0.070351758794	0.070351758794	0.0603015075377	0.035175879397	0.070351758794	0.0502512562814	0.100502512563	0.0452261306533	0.0452261306533	0.0653266331658	0.0502512562814	0.0502512562814	0.0653266331658	0.0603015075377	0.0653266331658	0.0653266331658	0.0603015075377	0.0854271356784	0.0402010050251	0.0150753768844	0.0552763819095	0.0954773869347	0.0603015075377	0.0552763819095	0.0854271356784	0.0753768844221	0.100502512563	0.0552763819095	0.0251256281407	0.035175879397	0.070351758794	0.0552763819095	0.070351758794
NG-5636_143.snv.bam	0.0603015075377	0.0653266331658	0.0603015075377	0.0301507537688	0.0603015075377	0.0502512562814	0.0603015075377	0.0653266331658	0.0603015075377	0.0603015075377	0.170854271357	0.0603015075377	0.115577889447	0.0753768844221	0.0904522613065	0.0502512562814	0.0753768844221	0.0653266331658	0.0804020100503	0.0653266331658	0.0603015075377	0.0753768844221	0.0753768844221	0.0552763819095	0.0452261306533	0.0	0.0904522613065	0.0653266331658	0.070351758794	0.070351758794	0.0603015075377	0.0603015075377	0.0653266331658	0.0502512562814	0.110552763819	0.0603015075377	0.0603015075377	0.100502512563	0.0653266331658	0.0653266331658	0.0954773869347	0.0552763819095	0.0653266331658	0.0653266331658	0.0552763819095	0.100502512563	0.0854271356784	0.035175879397	0.0904522613065	0.0804020100503	0.0753768844221	0.0552763819095	0.0804020100503	0.0854271356784	0.0954773869347	0.0753768844221	0.0452261306533	0.0603015075377	0.0904522613065	0.0904522613065	0.100502512563
NG-5636_235.snv.bam	0.0904522613065	0.105527638191	0.100502512563	0.0954773869347	0.0804020100503	0.100502512563	0.0904522613065	0.0753768844221	0.105527638191	0.0904522613065	0.190954773869	0.110552763819	0.150753768844	0.105527638191	0.140703517588	0.0804020100503	0.120603015075	0.110552763819	0.0954773869347	0.125628140704	0.0904522613065	0.130653266332	0.0804020100503	0.0954773869347	0.0753768844221	0.0904522613065	0.0	0.115577889447	0.115577889447	0.0954773869347	0.120603015075	0.0954773869347	0.105527638191	0.100502512563	0.110552763819	0.0753768844221	0.0954773869347	0.130653266332	0.100502512563	0.100502512563	0.130653266332	0.120603015075	0.100502512563	0.100502512563	0.0954773869347	0.13567839196	0.0954773869347	0.0804020100503	0.110552763819	0.115577889447	0.120603015075	0.115577889447	0.13567839196	0.115577889447	0.125628140704	0.110552763819	0.0804020100503	0.0904522613065	0.110552763819	0.105527638191	0.120603015075
NG-5636_457.snv.bam	0.0804020100503	0.070351758794	0.0653266331658	0.070351758794	0.0653266331658	0.035175879397	0.0753768844221	0.0653266331658	0.035175879397	0.0854271356784	0.206030150754	0.0804020100503	0.130653266332	0.0854271356784	0.110552763819	0.0402010050251	0.100502512563	0.0904522613065	0.0904522613065	0.0904522613065	0.0653266331658	0.0854271356784	0.0753768844221	0.070351758794	0.0603015075377	0.0653266331658	0.115577889447	0.0	0.0954773869347	0.0603015075377	0.0804020100503	0.0753768844221	0.0954773869347	0.0753768844221	0.0854271356784	0.0552763819095	0.0552763819095	0.105527638191	0.0402010050251	0.0402010050251	0.115577889447	0.0603015075377	0.100502512563	0.100502512563	0.100502512563	0.100502512563	0.0854271356784	0.0402010050251	0.0954773869347	0.120603015075	0.0502512562814	0.0854271356784	0.100502512563	0.105527638191	0.0904522613065	0.0804020100503	0.0603015075377	0.0653266331658	0.0904522613065	0.100502512563	0.110552763819
NG-5636_495.snv.bam	0.0452261306533	0.0603015075377	0.0552763819095	0.0552763819095	0.0753768844221	0.0603015075377	0.0854271356784	0.070351758794	0.0854271356784	0.0552763819095	0.185929648241	0.0502512562814	0.120603015075	0.0753768844221	0.0804020100503	0.0552763819095	0.070351758794	0.0603015075377	0.0854271356784	0.0653266331658	0.0854271356784	0.0753768844221	0.0603015075377	0.035175879397	0.070351758794	0.070351758794	0.115577889447	0.0954773869347	0.0	0.110552763819	0.0603015075377	0.0904522613065	0.0804020100503	0.0301507537688	0.100502512563	0.0854271356784	0.0804020100503	0.115577889447	0.0904522613065	0.0904522613065	0.0904522613065	0.0804020100503	0.0452261306533	0.0452261306533	0.0854271356784	0.100502512563	0.0904522613065	0.0502512562814	0.0552763819095	0.0854271356784	0.0804020100503	0.0552763819095	0.115577889447	0.110552763819	0.0904522613065	0.0753768844221	0.0502512562814	0.0904522613065	0.0854271356784	0.0753768844221	0.0804020100503
NG-5636_536.snv.bam	0.0954773869347	0.0804020100503	0.0753768844221	0.0904522613065	0.0753768844221	0.0502512562814	0.0804020100503	0.0804020100503	0.0452261306533	0.0954773869347	0.0904522613065	0.0854271356784	0.110552763819	0.0904522613065	0.130653266332	0.0552763819095	0.115577889447	0.105527638191	0.100502512563	0.105527638191	0.0854271356784	0.0904522613065	0.0904522613065	0.0954773869347	0.070351758794	0.070351758794	0.0954773869347	0.0603015075377	0.110552763819	0.0	0.100502512563	0.0954773869347	0.110552763819	0.0904522613065	0.105527638191	0.0301507537688	0.0603015075377	0.125628140704	0.0502512562814	0.0502512562814	0.120603015075	0.0603015075377	0.115577889447	0.115577889447	0.0904522613065	0.100502512563	0.0954773869347	0.0502512562814	0.105527638191	0.13567839196	0.0552763819095	0.0904522613065	0.0954773869347	0.125628140704	0.140703517588	0.0954773869347	0.070351758794	0.0854271356784	0.110552763819	0.120603015075	0.125628140704
NG-5636_602.snv.bam	0.0603015075377	0.070351758794	0.0653266331658	0.0502512562814	0.0753768844221	0.0753768844221	0.0552763819095	0.070351758794	0.0753768844221	0.0552763819095	0.175879396985	0.0603015075377	0.105527638191	0.0854271356784	0.070351758794	0.0552763819095	0.0603015075377	0.0502512562814	0.070351758794	0.0854271356784	0.0653266331658	0.0854271356784	0.0804020100503	0.0452261306533	0.0603015075377	0.0603015075377	0.120603015075	0.0804020100503	0.0603015075377	0.100502512563	0.0	0.0854271356784	0.0552763819095	0.0502512562814	0.120603015075	0.0753768844221	0.0753768844221	0.0854271356784	0.0804020100503	0.0804020100503	0.100502512563	0.0904522613065	0.0653266331658	0.0653266331658	0.0954773869347	0.115577889447	0.0904522613065	0.0402010050251	0.0854271356784	0.0653266331658	0.0904522613065	0.035175879397	0.125628140704	0.0904522613065	0.0904522613065	0.0653266331658	0.0251256281407	0.0753768844221	0.0753768844221	0.0954773869347	0.105527638191
NG-5636_604.snv.bam	0.0653266331658	0.0552763819095	0.0502512562814	0.035175879397	0.0603015075377	0.0603015075377	0.0502512562814	0.0502512562814	0.070351758794	0.0502512562814	0.211055276382	0.0753768844221	0.125628140704	0.070351758794	0.115577889447	0.0452261306533	0.0954773869347	0.0854271356784	0.070351758794	0.0904522613065	0.0201005025126	0.070351758794	0.0603015075377	0.0653266331658	0.035175879397	0.0603015075377	0.0954773869347	0.0753768844221	0.0904522613065	0.0954773869347	0.0854271356784	0.0	0.0954773869347	0.070351758794	0.110552763819	0.0603015075377	0.0603015075377	0.0904522613065	0.0753768844221	0.0753768844221	0.0804020100503	0.0854271356784	0.0854271356784	0.0854271356784	0.070351758794	0.0954773869347	0.0402010050251	0.035175879397	0.0804020100503	0.110552763819	0.0854271356784	0.0804020100503	0.0954773869347	0.070351758794	0.115577889447	0.0653266331658	0.0402010050251	0.0603015075377	0.070351758794	0.0502512562814	0.0603015075377
O2.UC12-1.snv.bam	0.0854271356784	0.0804020100503	0.0753768844221	0.0603015075377	0.0753768844221	0.0854271356784	0.0854271356784	0.0804020100503	0.0753768844221	0.0804020100503	0.160804020101	0.0653266331658	0.125628140704	0.0904522613065	0.0854271356784	0.0603015075377	0.0804020100503	0.070351758794	0.0854271356784	0.105527638191	0.0804020100503	0.100502512563	0.0904522613065	0.0552763819095	0.070351758794	0.0653266331658	0.105527638191	0.0954773869347	0.0804020100503	0.110552763819	0.0552763819095	0.0954773869347	0.0	0.0552763819095	0.130653266332	0.070351758794	0.0653266331658	0.110552763819	0.0804020100503	0.0804020100503	0.110552763819	0.100502512563	0.0753768844221	0.0753768844221	0.100502512563	0.125628140704	0.100502512563	0.0552763819095	0.105527638191	0.105527638191	0.100502512563	0.0653266331658	0.125628140704	0.105527638191	0.105527638191	0.100502512563	0.0603015075377	0.0804020100503	0.0854271356784	0.105527638191	0.115577889447
O2.UC18-1.snv.bam	0.0552763819095	0.0402010050251	0.035175879397	0.035175879397	0.0552763819095	0.0402010050251	0.0653266331658	0.0502512562814	0.0653266331658	0.0653266331658	0.165829145729	0.0301507537688	0.100502512563	0.0552763819095	0.0603015075377	0.0251256281407	0.0452261306533	0.035175879397	0.070351758794	0.0804020100503	0.0653266331658	0.0854271356784	0.0402010050251	0.0150753768844	0.0502512562814	0.0502512562814	0.100502512563	0.0753768844221	0.0301507537688	0.0904522613065	0.0502512562814	0.070351758794	0.0552763819095	0.0	0.110552763819	0.0653266331658	0.0653266331658	0.105527638191	0.070351758794	0.070351758794	0.100502512563	0.0603015075377	0.0552763819095	0.0552763819095	0.0954773869347	0.0804020100503	0.070351758794	0.035175879397	0.0653266331658	0.0954773869347	0.0603015075377	0.0452261306533	0.0954773869347	0.0954773869347	0.100502512563	0.0854271356784	0.0552763819095	0.0753768844221	0.070351758794	0.0854271356784	0.0954773869347
O2.UC20-1.snv.bam	0.0753768844221	0.110552763819	0.105527638191	0.105527638191	0.115577889447	0.0804020100503	0.115577889447	0.0904522613065	0.0753768844221	0.0854271356784	0.211055276382	0.120603015075	0.170854271357	0.130653266332	0.140703517588	0.0653266331658	0.125628140704	0.110552763819	0.105527638191	0.0954773869347	0.115577889447	0.0804020100503	0.110552763819	0.110552763819	0.100502512563	0.110552763819	0.110552763819	0.0854271356784	0.100502512563	0.105527638191	0.120603015075	0.110552763819	0.130653266332	0.110552763819	0.0	0.0854271356784	0.0804020100503	0.13567839196	0.0804020100503	0.0804020100503	0.105527638191	0.110552763819	0.0854271356784	0.0854271356784	0.100502512563	0.145728643216	0.120603015075	0.0753768844221	0.0954773869347	0.0854271356784	0.100502512563	0.115577889447	0.13567839196	0.130653266332	0.110552763819	0.0904522613065	0.0854271356784	0.115577889447	0.105527638191	0.100502512563	0.110552763819
O2.UC27-1.snv.bam	0.070351758794	0.0402010050251	0.035175879397	0.0653266331658	0.0402010050251	0.0402010050251	0.0603015075377	0.0452261306533	0.0301507537688	0.0552763819095	0.0854271356784	0.0653266331658	0.0954773869347	0.0402010050251	0.100502512563	0.035175879397	0.0904522613065	0.0804020100503	0.0552763819095	0.0753768844221	0.0502512562814	0.0804020100503	0.0653266331658	0.070351758794	0.0452261306533	0.0603015075377	0.0753768844221	0.0552763819095	0.0854271356784	0.0301507537688	0.0753768844221	0.0603015075377	0.070351758794	0.0653266331658	0.0854271356784	0.0	0.0	0.0854271356784	0.0301507537688	0.0201005025126	0.0804020100503	0.0552763819095	0.0854271356784	0.0804020100503	0.0753768844221	0.0753768844221	0.0653266331658	0.0100502512563	0.0804020100503	0.110552763819	0.0502512562814	0.070351758794	0.0804020100503	0.0804020100503	0.105527638191	0.0552763819095	0.0452261306533	0.0552763819095	0.070351758794	0.0854271356784	0.0954773869347
O2.UC27-2.snv.bam	0.070351758794	0.0452261306533	0.0402010050251	0.0653266331658	0.0402010050251	0.0402010050251	0.0603015075377	0.0452261306533	0.0251256281407	0.0552763819095	0.120603015075	0.0653266331658	0.110552763819	0.0552763819095	0.0954773869347	0.035175879397	0.0854271356784	0.0753768844221	0.0502512562814	0.0753768844221	0.0502512562814	0.070351758794	0.0653266331658	0.0653266331658	0.0452261306533	0.0603015075377	0.0954773869347	0.0552763819095	0.0804020100503	0.0603015075377	0.0753768844221	0.0603015075377	0.0653266331658	0.0653266331658	0.0804020100503	0.0	0.0	0.0904522613065	0.0251256281407	0.0251256281407	0.0804020100503	0.0552763819095	0.0804020100503	0.0804020100503	0.0753768844221	0.0804020100503	0.0653266331658	0.0100502512563	0.0804020100503	0.110552763819	0.0552763819095	0.070351758794	0.0904522613065	0.0753768844221	0.105527638191	0.0603015075377	0.0452261306533	0.0502512562814	0.0653266331658	0.0753768844221	0.0904522613065
O2.UC30-1.snv.bam	0.0854271356784	0.0954773869347	0.0904522613065	0.0954773869347	0.0904522613065	0.100502512563	0.070351758794	0.0854271356784	0.0904522613065	0.0804020100503	0.206030150754	0.105527638191	0.150753768844	0.120603015075	0.0753768844221	0.0653266331658	0.0653266331658	0.0653266331658	0.0452261306533	0.115577889447	0.070351758794	0.105527638191	0.0954773869347	0.0954773869347	0.0653266331658	0.100502512563	0.130653266332	0.105527638191	0.115577889447	0.125628140704	0.0854271356784	0.0904522613065	0.110552763819	0.105527638191	0.13567839196	0.0854271356784	0.0904522613065	0.0	0.105527638191	0.105527638191	0.0904522613065	0.115577889447	0.100502512563	0.100502512563	0.105527638191	0.13567839196	0.105527638191	0.0603015075377	0.100502512563	0.115577889447	0.115577889447	0.0904522613065	0.130653266332	0.0753768844221	0.13567839196	0.0804020100503	0.0552763819095	0.0502512562814	0.0653266331658	0.100502512563	0.110552763819
O2.UC32-0.snv.bam	0.0753768844221	0.0603015075377	0.0552763819095	0.070351758794	0.0452261306533	0.035175879397	0.0653266331658	0.0502512562814	0.0251256281407	0.0653266331658	0.185929648241	0.070351758794	0.115577889447	0.070351758794	0.110552763819	0.035175879397	0.0954773869347	0.0854271356784	0.0603015075377	0.0904522613065	0.0653266331658	0.0854271356784	0.070351758794	0.0753768844221	0.0502512562814	0.0653266331658	0.100502512563	0.0402010050251	0.0904522613065	0.0502512562814	0.0804020100503	0.0753768844221	0.0804020100503	0.070351758794	0.0804020100503	0.0301507537688	0.0251256281407	0.105527638191	0.0	0.0	0.105527638191	0.0502512562814	0.0954773869347	0.0954773869347	0.0904522613065	0.0954773869347	0.0804020100503	0.0301507537688	0.0854271356784	0.120603015075	0.0402010050251	0.0753768844221	0.105527638191	0.0954773869347	0.110552763819	0.0804020100503	0.0452261306533	0.0653266331658	0.0904522613065	0.100502512563	0.110552763819
O2.UC32-1.snv.bam	0.0753768844221	0.0603015075377	0.0552763819095	0.070351758794	0.0452261306533	0.035175879397	0.0653266331658	0.0502512562814	0.0251256281407	0.0653266331658	0.185929648241	0.070351758794	0.115577889447	0.0753768844221	0.110552763819	0.035175879397	0.0954773869347	0.0854271356784	0.0603015075377	0.0904522613065	0.0653266331658	0.0854271356784	0.070351758794	0.0753768844221	0.0502512562814	0.0653266331658	0.100502512563	0.0402010050251	0.0904522613065	0.0502512562814	0.0804020100503	0.0753768844221	0.0804020100503	0.070351758794	0.0804020100503	0.0201005025126	0.0251256281407	0.105527638191	0.0	0.0	0.105527638191	0.0502512562814	0.0954773869347	0.0954773869347	0.0904522613065	0.0954773869347	0.0804020100503	0.0301507537688	0.0854271356784	0.120603015075	0.0402010050251	0.0753768844221	0.105527638191	0.0954773869347	0.110552763819	0.0804020100503	0.0452261306533	0.0653266331658	0.0904522613065	0.100502512563	0.110552763819
