	159227541-stool3.snv.bam	160765029-stool1.snv.bam	404239096-stool1.snv.bam	763961826-stool1.snv.bam	765640925-stool1.snv.bam	765640925-stool2.snv.bam	BGI-17A.snv.bam	BGI-27A.snv.bam	BGI001A.snv.bam	BGI002A.snv.bam	BGI003A.snv.bam	BYQ_AAAN.snv.bam	CCIS52234160ST-4-0.snv.bam	CCIS98832363ST-4-0.snv.bam	CCMD13071240ST-21-0.snv.bam	DLF014.snv.bam	DLM019.snv.bam	DLM027.snv.bam	ED12A.snv.bam	ED15A.snv.bam	ED20A.snv.bam	ED50A.snv.bam	HT8A.snv.bam	MH0234.snv.bam	MH0305.snv.bam	MH0340.snv.bam	MH0416.snv.bam	MH0436.snv.bam	MH0438.snv.bam	MH0439.snv.bam	MH0448.snv.bam	MH0451.snv.bam	N013A.snv.bam	N017A.snv.bam	N046A.snv.bam	N062A.snv.bam	N075A.snv.bam	N085A.snv.bam	NOF012.snv.bam	NOM001.snv.bam	NOM017.snv.bam	NOM019.snv.bam	O2.UC50-0.snv.bam	O2.UC50-2.snv.bam	O2.UC53-0.snv.bam	SAMEA3136645.snv.bam	SAMEA3136673.snv.bam	SAMEA3136689.snv.bam	SAMEA3178941.snv.bam	SAMEA3178943.snv.bam	SZEY-07A.snv.bam	SZEY-24A.snv.bam	SZEY-38A.snv.bam	SZEY-41A.snv.bam	SZEY-60A.snv.bam	SZEY-66A.snv.bam	SZEY-74A.snv.bam	SZEY-75A.snv.bam	T2D-121A.snv.bam	T2D-126A.snv.bam	T2D-143A.snv.bam	T2D-14A.snv.bam	T2D-154A.snv.bam	T2D-175A.snv.bam	T2D-189A.snv.bam	T2D-20A.snv.bam	T2D-25A.snv.bam	T2D-26A.snv.bam	T2D-47A.snv.bam	T2D-49A.snv.bam	T2D-57A.snv.bam	T2D-59A.snv.bam	T2D-63A.snv.bam	T2D-68A.snv.bam	T2D-6A.snv.bam	T2D-77A.snv.bam	T2D-78A.snv.bam	V1.CD15-3.snv.bam	V1.FI15.snv.bam	V1.FI35.snv.bam	V1.FI37.snv.bam	V1.UC13-3.snv.bam	V1.UC15-3.snv.bam	V1.UC35-4.snv.bam	V1.UC39-4.snv.bam	V1.UC5-3.snv.bam	V1.UC50-1.snv.bam	halbarad-11-392-0.snv.bam	scavenger-11-392-0.snv.bam
159227541-stool3.snv.bam	0.0	0.0854246393473	0.0851471267346	0.11168633347	0.0862822705917	0.0877208741453	0.135053601719	0.0614110242063	0.10046641805	0.112091949732	0.144626429608	0.0617182578256	0.0522822262338	0.160424715433	0.147619107782	0.0922768786274	0.0862718823322	0.113405377078	0.105298096265	0.152634941903	0.0960941653587	0.114424195117	0.0914583318934	0.0796222426103	0.173354899945	0.114781317824	0.161875819211	0.0791090931716	0.156141238618	0.111987412608	0.150469646281	0.172980632857	0.0994716890067	0.0957039929255	0.084848835718	0.0846040778507	0.13831208889	0.0953508340406	0.186519573627	0.128382549553	0.0855412255212	0.134807004365	0.193902662979	0.194519686487	0.193730433259	0.215755294888	0.121490289204	0.152786603773	0.0996323657063	0.0836962798036	0.0697053998652	0.0633911098879	0.0917751589802	0.105387673294	0.084489682039	0.0952789265902	0.116938038045	0.139462909677	0.0737556934036	0.0851448192515	0.100408668407	0.127302518467	0.13211800118	0.0845429886016	0.123783616249	0.0704063178146	0.0559165187118	0.0953565095042	0.074819042728	0.125851975152	0.0832277785993	0.101786572733	0.0959118627669	0.0793078321448	0.106723314435	0.0682239509577	0.113559773257	0.111485908953	0.172369698832	0.144308313057	0.0903118887218	0.130570145766	0.0531641795181	0.188258557971	0.258320038688	0.139783430884	0.0736916021029	0.0672127633201	0.0672127633201
160765029-stool1.snv.bam	0.0854246393473	0.0	0.0676845536027	0.116754770903	0.123607485707	0.125906261687	0.148375282918	0.089852866485	0.0943607500841	0.106536914571	0.117927865732	0.0345863896616	0.0704337828699	0.166803202603	0.108641579659	0.10986881447	0.0916991450533	0.114172207915	0.0689621092898	0.0870373430131	0.0461613698095	0.108180104861	0.0628850581406	0.0956374506045	0.146759312801	0.0307663365174	0.144966901174	0.0744330300721	0.117373605712	0.117355116702	0.123961211941	0.123159117896	0.103658605784	0.0893639807502	0.0573637457198	0.0351395379532	0.13360675048	0.0366756104466	0.159145724608	0.0467541342202	0.0620442074123	0.118012044863	0.177404610146	0.178088180896	0.178240249572	0.193477845381	0.105030868002	0.136668432488	0.116364606112	0.0675534226286	0.096473735651	0.0358858937606	0.0926340066843	0.100721190275	0.0675121470951	0.101710766434	0.0348900333863	0.111091178446	0.0676162623716	0.0686158556449	0.105955354049	0.0458855265015	0.0489049125601	0.0671465247137	0.131289309314	0.0404509167781	0.051473895729	0.0354571488387	0.0633752121248	0.0885004137344	0.0895660162069	0.0991509905336	0.0358301150117	0.117546063018	0.111593655444	0.0733569830424	0.117668050902	0.0951285067938	0.156878829428	0.127822647365	0.116790717821	0.112502758095	0.0580835934054	0.150399215096	0.242590399238	0.101643175843	0.0688099468649	0.0836444744339	0.0834874885627
404239096-stool1.snv.bam	0.0851471267346	0.0676845536027	0.0	0.107349977885	0.12535614922	0.127456055137	0.133667168802	0.0787960444829	0.0626362469959	0.0859634740465	0.0971197247571	0.0340433513295	0.0814668201617	0.189777424214	0.137430180726	0.0878672953758	0.113604396836	0.114101262908	0.101416757124	0.13787753593	0.0908261224779	0.0991555835096	0.0747770456775	0.086215910462	0.202583158322	0.0857274813412	0.133998887898	0.0750436031533	0.126763970244	0.118968152386	0.157781141231	0.168681370126	0.0979090056278	0.057536450183	0.0469814134762	0.0689120812466	0.1455013821	0.0796228086261	0.18184764209	0.080389628033	0.0733813676639	0.146887831508	0.190218353143	0.190197160467	0.19131517929	0.230229115785	0.122743110489	0.1664343883	0.117670646721	0.0568755106688	0.0753162121792	0.0356453084876	0.104786622863	0.0903285987904	0.00230204001871	0.0808083520952	0.100753834405	0.124453133164	0.0463235975734	0.0687559513726	0.0739108681922	0.0785709315422	0.082944346385	0.0596013235794	0.118734660401	0.0693271863417	0.051215332711	0.0789562939103	0.0745943455136	0.121690135781	0.112114429175	0.0940976141504	0.0795569349652	0.074762375729	0.0640337743338	0.0521853884361	0.119324382125	0.0964599848422	0.180955882204	0.141763091298	0.119013541903	0.125466505379	0.058166822244	0.163399525756	0.239608314759	0.112980538179	0.0901701875667	0.0733412560378	0.0732262022762
763961826-stool1.snv.bam	0.11168633347	0.116754770903	0.107349977885	0.0	0.151356398918	0.153529359586	0.111032615712	0.106463666326	0.133809458296	0.112731958658	0.123479676939	0.0842554906003	0.127457642997	0.172222088232	0.108924768423	0.0751507618845	0.172298947007	0.154292626544	0.138916292948	0.109310304021	0.138763820679	0.149066170531	0.134948267676	0.144113433035	0.237296416335	0.136260892456	0.0968859907366	0.100781842277	0.195116265113	0.154759879318	0.0740053437558	0.128347014901	0.141029210186	0.0954776524467	0.128369052497	0.128014887623	0.0849560358791	0.12871085747	0.175134660208	0.149051094421	0.101318102527	0.134036680347	0.150023592617	0.150957891581	0.150132564276	0.204994063251	0.0999343588052	0.21972356717	0.078642853259	0.0729432734057	0.147290774647	0.085112228854	0.164307233138	0.160726397059	0.106666174411	0.140257927296	0.149885517208	0.193969040458	0.107183161576	0.118591944847	0.133237333377	0.148397386806	0.155242572971	0.121360382559	0.172161822887	0.122394850739	0.0899426190669	0.128327343433	0.102680660604	0.168560112839	0.171406403008	0.140208531958	0.128546440011	0.145366054395	0.140092422568	0.0906206818966	0.166719933583	0.122996449217	0.129524239043	0.177782797145	0.0802513380232	0.195460836997	0.107007446412	0.23131371791	0.258847358553	0.181666677474	0.138198772017	0.132807218984	0.133121190726
765640925-stool1.snv.bam	0.0862822705917	0.123607485707	0.12535614922	0.151356398918	0.0	0.00450918899678	0.156762402488	0.102108217065	0.107596085538	0.10747298334	0.141040331213	0.112843143267	0.0944997261402	0.178980115658	0.171314459627	0.132742431832	0.125668008316	0.0972560123399	0.102500174854	0.184933271154	0.124748655972	0.128571436528	0.108499763391	0.0976721980677	0.190315593301	0.122044376185	0.156689456377	0.0978517645535	0.151433550835	0.0641735059434	0.179086716047	0.188871647328	0.125708098672	0.135620545659	0.102909495681	0.102854318754	0.14586210106	0.137116946387	0.182612526049	0.12419293523	0.0694361391592	0.162047331873	0.199796316936	0.200841322968	0.199973675204	0.212135750258	0.150477880189	0.182895258832	0.107755575171	0.101854132278	0.0874831491942	0.113319508699	0.116616246852	0.102369019158	0.123059433426	0.0935074110501	0.135095890519	0.135846023055	0.113543797672	0.103511701255	0.118458190176	0.124495287698	0.12852401907	0.104022959464	0.125403708038	0.106198550807	0.107445093304	0.134817688832	0.0601791736438	0.111874954351	0.123822137134	0.115008868141	0.135536277695	0.130706155486	0.114163236332	0.108406138178	0.120461754042	0.106938689285	0.191368964255	0.140482774306	0.0870093654497	0.0926714111492	0.0805303934174	0.161992204358	0.254628937192	0.113302204105	0.0911067946304	0.0963596267832	0.0963596267832
765640925-stool2.snv.bam	0.0877208741453	0.125906261687	0.127456055137	0.153529359586	0.00450918899678	0.0	0.159421433855	0.103653271545	0.109141140018	0.109395795857	0.143135052998	0.114396687057	0.0961154116819	0.180028399149	0.172902914514	0.134721054968	0.127733489546	0.0999507948453	0.104045229334	0.186975096622	0.126269764092	0.130116491008	0.11106201561	0.0995295085974	0.193433755912	0.124167876551	0.159609193497	0.0992982725223	0.154378560302	0.0664924980824	0.181477463996	0.192584316573	0.128317542211	0.137165600139	0.104861400171	0.104598081629	0.14740715554	0.138291558763	0.184700830276	0.126603482022	0.0715959892211	0.165339649829	0.202908565605	0.203194408454	0.202880327477	0.213814275889	0.152022934668	0.184564354544	0.108307087674	0.103407676068	0.0895256988712	0.11578167885	0.11818705224	0.103914073638	0.125951289253	0.0954427855923	0.13664943431	0.137951537112	0.11565315802	0.105477100418	0.120230931359	0.12643066224	0.130611471923	0.106021115279	0.127060282536	0.107743605287	0.108990147783	0.137048420509	0.0614901704633	0.113634302198	0.125367191614	0.116781609324	0.137588038944	0.132251209966	0.115918463153	0.109951192658	0.122234495225	0.10988600473	0.193209396079	0.142701709431	0.0880576489409	0.0953364870853	0.0838645867713	0.164394780187	0.25733180575	0.115671267606	0.0932952858192	0.0979131705733	0.0979131705733
BGI-17A.snv.bam	0.135053601719	0.148375282918	0.133667168802	0.111032615712	0.156762402488	0.159421433855	0.0	0.100871740619	0.108582199882	0.116339048482	0.0766947739324	0.115010272214	0.110628342246	0.151302349336	0.157857730357	0.107635707205	0.163456084594	0.132414552903	0.114763666226	0.129879394544	0.13861500628	0.108846527697	0.167247533164	0.140942824709	0.224047488847	0.130858399789	0.133522432454	0.132870043196	0.184078303168	0.166552071654	0.145769646341	0.139181392766	0.0635064556736	0.12268497732	0.160416606289	0.160112116383	0.0992106686649	0.148140136699	0.15835663705	0.149539897897	0.118046536797	0.0902357240138	0.172885677236	0.173327148131	0.173520297425	0.176952337349	0.131218079673	0.234246012239	0.131218079673	0.148908577298	0.147217171185	0.115398737352	0.157243677039	0.148843107212	0.137622574055	0.150451846509	0.137891628146	0.158029147901	0.133045084964	0.117072643337	0.104597167832	0.148379368346	0.1523912334	0.141682179906	0.0886127337724	0.152387898507	0.116189989785	0.148491457045	0.115799021055	0.180168314851	0.162282382086	0.0766683998935	0.150026017784	0.167586324676	0.0714028458114	0.132908367382	0.107717503269	0.165434069132	0.128902519498	0.198822897407	0.128377364571	0.179404115557	0.112595836776	0.228534219213	0.222991985435	0.194968893873	0.126680069561	0.157100667694	0.157100667694
BGI-27A.snv.bam	0.0614110242063	0.089852866485	0.0787960444829	0.106463666326	0.102108217065	0.103653271545	0.100871740619	0.0	0.0726829684552	0.084698820199	0.106542638996	0.055760173892	0.0922762951334	0.165428151084	0.163999044434	0.0978779135204	0.123515755141	0.0669118955757	0.0890681205183	0.147302524545	0.111274461216	0.0835582178495	0.107390729293	0.0846256782612	0.178833507846	0.075449643989	0.12295070231	0.106595825292	0.162565699675	0.128394982257	0.134090330684	0.177984068507	0.0808412448761	0.0897784668276	0.100991405459	0.100282313349	0.0995996775459	0.100321381915	0.169939253503	0.0901453104589	0.0561517961807	0.139810440015	0.166450394043	0.166736236891	0.166725738185	0.221317974217	0.126493724854	0.180789942207	0.126493724854	0.0777381958701	0.0913387077331	0.0574655837901	0.120010133373	0.0990806579042	0.0785641559412	0.0905571701922	0.0835074266393	0.0902118566472	0.0682204873683	0.0682903314051	0.0619148362986	0.0885901071231	0.0916810322988	0.0852414871249	0.0816712242291	0.0928139643123	0.0499909926139	0.100967109697	0.0522534555684	0.119841596867	0.121359629551	0.0753152517154	0.101201022908	0.0957606562941	0.0798506116524	0.0619568948053	0.0639184001648	0.127893478603	0.134052611654	0.171634734407	0.11717324787	0.146590083811	0.0577173234872	0.160475108376	0.241474196461	0.134313278192	0.0779143976288	0.0832327013646	0.0832327013646
BGI001A.snv.bam	0.10046641805	0.0943607500841	0.0626362469959	0.133809458296	0.107596085538	0.109141140018	0.108582199882	0.0726829684552	0.0	0.0901866886722	0.100884046554	0.0612781954887	0.098015037594	0.159987057808	0.16297277145	0.103488415926	0.129003623615	0.119102717458	0.10542465302	0.152791569694	0.0951419940973	0.0748982878451	0.101949636017	0.0901135467344	0.195250338068	0.081091666071	0.128029163467	0.10057538535	0.101414300467	0.111729549889	0.172365084403	0.172542975232	0.0754893156243	0.0946911267878	0.0836978470564	0.0949361627915	0.138007171691	0.106684712049	0.141549324153	0.0737752554349	0.078415659485	0.123440384991	0.193796186013	0.193705168112	0.194071530156	0.204393002074	0.131981593328	0.197667919345	0.142910555076	0.0942452284558	0.0906257055081	0.0622050559697	0.120033910766	0.0726223304968	0.0617569424472	0.0851160769168	0.0945199537305	0.106981234022	0.0727993604653	0.0739315888151	0.0665227561608	0.0725615821537	0.0766027263061	0.086189935097	0.0948162301245	0.0954629307231	0.0780198446937	0.106034633487	0.079901410986	0.125806755114	0.126951242669	0.0706273980044	0.106309386615	0.110979294337	0.0523350536795	0.0789808895687	0.0901712959604	0.0898717069069	0.172647627989	0.111262906873	0.143943831327	0.108152061451	0.0738568306217	0.16563179619	0.214097202192	0.128416811511	0.0841829062269	0.0997397339503	0.0997397339503
BGI002A.snv.bam	0.112091949732	0.106536914571	0.0859634740465	0.112731958658	0.10747298334	0.109395795857	0.116339048482	0.084698820199	0.0901866886722	0.0	0.101125646728	0.0733600683959	0.12153256637	0.171547536146	0.158565847494	0.0926420850904	0.161474848765	0.0963820394036	0.0955643663304	0.134980774805	0.127480390514	0.114056041507	0.123554350629	0.112424664125	0.194132078377	0.0982074077482	0.117902114344	0.111977437257	0.140757779771	0.111922869249	0.149769445106	0.150356829614	0.119739323514	0.0307794548042	0.107081812213	0.117001845077	0.117068369039	0.117464626046	0.163958859115	0.0951332159837	0.0622262583144	0.134636564604	0.160945337972	0.16158513015	0.160663623571	0.227950186197	0.154471033414	0.20955313022	0.121684148168	0.105869225905	0.113574118623	0.0744780526962	0.153480185435	0.11696969408	0.0847746156846	0.0870269759327	0.117132962169	0.11798898326	0.0529676805664	0.0755936873234	0.0791643946145	0.094686723515	0.0992222842341	0.104377549552	0.131376686093	0.117033047267	0.0572488111916	0.116447388083	0.0683725086943	0.126077869221	0.160467250151	0.113235363936	0.117542477316	0.112653878517	0.097034069254	0.0909967413125	0.12430573322	0.132217391378	0.151132313906	0.177903575357	0.111843244434	0.130178989304	0.0859598362424	0.187385990742	0.2357772737	0.128809950021	0.117270127403	0.100374720411	0.100374720411
BGI003A.snv.bam	0.144626429608	0.117927865732	0.0971197247571	0.123479676939	0.141040331213	0.143135052998	0.0766947739324	0.106542638996	0.100884046554	0.101125646728	0.0	0.106530523343	0.127380587204	0.160793917809	0.147747699148	0.126429256129	0.172963534353	0.102109781975	0.0951424191607	0.131719361795	0.138216506202	0.0948786338122	0.12376710293	0.155221581882	0.216478089406	0.103485420683	0.107252619517	0.101608085266	0.172777365498	0.134041285434	0.139800129761	0.162065960629	0.096849756516	0.095585055795	0.0948266160202	0.116600416448	0.105612517578	0.130476832175	0.141805603983	0.0954972187939	0.0908747573332	0.134648589486	0.172116311172	0.172366507787	0.17170312307	0.205944433877	0.165956484862	0.220914275682	0.111430051763	0.0955415123536	0.11396671345	0.10610870888	0.163939087415	0.106399828393	0.0956211650387	0.12863755792	0.117596952887	0.128581857018	0.105977749784	0.118577380931	0.078784096164	0.0959741070395	0.0995117324273	0.09462161518	0.104140300368	0.116654480311	0.111478452418	0.127919085507	0.0862835143979	0.147970735896	0.170957837157	0.0977538446441	0.127902148654	0.13333224996	0.0626763800252	0.112396729008	0.102245463764	0.123142197196	0.150259334108	0.187434001738	0.112417287215	0.151924189366	0.0966147136497	0.187671759294	0.202882774403	0.150928211556	0.105945112677	0.111942404694	0.111894626386
BYQ_AAAN.snv.bam	0.0617182578256	0.0345863896616	0.0340433513295	0.0842554906003	0.112843143267	0.114396687057	0.115010272214	0.055760173892	0.0612781954887	0.0733600683959	0.106530523343	0.0	0.0689655172414	0.165521978022	0.118889707689	0.0751224431	0.101401272212	0.101567868548	0.0781323072732	0.103203407192	0.0568262669324	0.0866569598729	0.063209625342	0.0622975135903	0.168011979602	0.0524388982016	0.133860089349	0.062166235109	0.118445335318	0.106307308268	0.134011971796	0.134190840047	0.0808929628621	0.0564896031929	0.0569749405877	0.0564546168459	0.121732485821	0.0456573812927	0.170059184643	0.0678474734375	0.0498017970402	0.117785488321	0.177538848689	0.17744733069	0.177815705712	0.21036891925	0.104395604396	0.147074904319	0.104395604396	0.0552486187845	0.0854664136186	0.00202115486396	0.0919188399935	0.0886662357251	0.0342246642247	0.0682615961364	0.0665745856354	0.123213924435	0.0293873491211	0.0466050128138	0.0724289197488	0.0666271316219	0.0705576203924	0.0605637126514	0.111383798726	0.0501284575141	0.0171703296703	0.0457617001436	0.0517195767196	0.0986863389986	0.0995714231921	0.0739029062751	0.0462747431629	0.0845152438429	0.0795943987396	0.0404580835831	0.107410525175	0.0838250271207	0.156797376034	0.128323196935	0.106012926988	0.124480903896	0.046647280376	0.160541720793	0.253768357379	0.112258122312	0.067323298135	0.0718232044199	0.0718232044199
CCIS52234160ST-4-0.snv.bam	0.0522822262338	0.0704337828699	0.0814668201617	0.127457642997	0.0944997261402	0.0961154116819	0.110628342246	0.0922762951334	0.098015037594	0.12153256637	0.127380587204	0.0689655172414	0.0	0.120714285714	0.106138107417	0.112626714371	0.0374573231002	0.110543102731	0.0862512659963	0.102410908559	0.0550072637653	0.125746283283	0.0771665817842	0.075698505043	0.157589601643	0.0998941328421	0.155864544113	0.0589200491651	0.135673887852	0.104757595586	0.145086736382	0.139558473649	0.0936850965926	0.104463473035	0.0703609793183	0.0702285822506	0.120703167743	0.0656197251025	0.158681915147	0.116275658089	0.0872210125204	0.0767826221398	0.20178325978	0.20208216973	0.201742559141	0.183739389439	0.12	0.147058823529	0.102857142857	0.0919540229885	0.0542425112795	0.0700629290195	0.0419924600469	0.0925490196078	0.0813079365079	0.104596070007	0.0922413793103	0.127938399779	0.0930730471676	0.0823467643468	0.120843317918	0.116094937975	0.119530560639	0.0764422902176	0.111963016151	0.0559685164496	0.075	0.0641889935461	0.0884943572805	0.10924239481	0.035047441214	0.0950326200885	0.0650513967405	0.0992639563933	0.110299983413	0.0985843434343	0.0999422402994	0.0928923139198	0.168545461552	0.126932577438	0.0926873065016	0.117320249172	0.0482466157031	0.172937415599	0.229486527397	0.116272256729	0.0585876586319	0.0632183908046	0.0632183908046
CCIS98832363ST-4-0.snv.bam	0.160424715433	0.166803202603	0.189777424214	0.172222088232	0.178980115658	0.180028399149	0.151302349336	0.165428151084	0.159987057808	0.171547536146	0.160793917809	0.165521978022	0.120714285714	0.0	0.15824987787	0.181116602206	0.167650445588	0.17553100635	0.165443248123	0.150845870505	0.177436057847	0.19643644568	0.172194015046	0.193367346429	0.189159692709	0.176442050459	0.179137230176	0.139434552498	0.222964168728	0.182904413277	0.188607534792	0.211189797205	0.194234381987	0.176475391639	0.166242411284	0.165746403165	0.143266734533	0.167817759164	0.1366610676	0.187597721436	0.160063058329	0.106895950134	0.155393827658	0.155679670507	0.155486597848	0.232790869165	0.213797814208	0.247712033345	0.137295081967	0.1875	0.174082621278	0.166347366852	0.169880401994	0.176617914926	0.187726168792	0.17594869124	0.165796703297	0.219944995886	0.188584686011	0.156323018208	0.192680610745	0.18820554178	0.193766795697	0.165449698801	0.211537743709	0.150964814676	0.170081967213	0.166413275553	0.162621678506	0.187312204248	0.165284147656	0.179321068057	0.166761157817	0.194430865866	0.210396159001	0.193583995695	0.194938336513	0.139356415947	0.189410505127	0.204266416629	0.138903566731	0.212395843985	0.156967899715	0.215240697977	0.186408917234	0.199759444048	0.133212241861	0.149038461538	0.149038461538
CCMD13071240ST-21-0.snv.bam	0.147619107782	0.108641579659	0.137430180726	0.108924768423	0.171314459627	0.172902914514	0.157857730357	0.163999044434	0.16297277145	0.158565847494	0.147747699148	0.118889707689	0.106138107417	0.15824987787	0.0	0.139817911557	0.160665785412	0.180637650875	0.164177293172	0.0859968374555	0.151815172016	0.17179224652	0.126183559277	0.170194770857	0.155177857013	0.129047186373	0.165738271761	0.0910596083924	0.148376407009	0.148073502375	0.0754699838637	0.109922534547	0.189185889949	0.141249390028	0.119442379409	0.0970661440055	0.130182443207	0.143849211462	0.0880440136554	0.142161583735	0.139700516874	0.143148523232	0.153194338206	0.153100763622	0.153505790358	0.128618965715	0.123839765511	0.138793180326	0.0896433805569	0.140997297961	0.149283008658	0.120044102164	0.151411146398	0.130070787475	0.135873093416	0.153229601562	0.141771063621	0.193154247114	0.152826383159	0.154638149399	0.174466497014	0.141983909465	0.140895276833	0.128856539565	0.206830886311	0.112561014622	0.135777967758	0.142539930826	0.138369329945	0.0873555079266	0.158233018437	0.175542809161	0.142910601191	0.169535199566	0.187058468697	0.147864567142	0.187074519942	0.108228988811	0.132207762087	0.130211049376	0.0912970474774	0.121963646013	0.131766985369	0.158241632723	0.174015620253	0.137008426966	0.130878193941	0.135347580447	0.135347580447
DLF014.snv.bam	0.0922768786274	0.10986881447	0.0878672953758	0.0751507618845	0.132742431832	0.134721054968	0.107635707205	0.0978779135204	0.103488415926	0.0926420850904	0.126429256129	0.0751224431	0.112626714371	0.181116602206	0.139817911557	0.0	0.148753220192	0.126196098378	0.131384361572	0.134476348133	0.121242976398	0.122205203352	0.0831058473968	0.114127913931	0.220786907181	0.127543694401	0.121737135388	0.101796102905	0.160795009413	0.136847289532	0.130665966304	0.142354170096	0.117337458222	0.075765327162	0.109982299123	0.10975717954	0.120263169225	0.121549330819	0.167509123018	0.130031232363	0.095979020979	0.131768332536	0.164872336098	0.165324776443	0.16422910564	0.222258836497	0.10822231772	0.214965821473	0.0910328033233	0.0863583981562	0.11726412047	0.0762922442665	0.140178528845	0.120162289239	0.0871546578809	0.0870010231643	0.142819072313	0.166462173849	0.0876831978315	0.110915682703	0.10312696978	0.131273367748	0.136748864581	0.101956434399	0.130728508361	0.113627847294	0.080987680848	0.121231420659	0.0936169919221	0.162874052794	0.148010021747	0.116572767365	0.121482095873	0.127114912018	0.105229637742	0.0376266261671	0.148448155616	0.125349014622	0.155056263442	0.160297672518	0.093106969741	0.166256878962	0.0760611878204	0.21470297389	0.259246162472	0.131269371939	0.131121726137	0.114448285797	0.114448285797
DLM019.snv.bam	0.0862718823322	0.0916991450533	0.113604396836	0.172298947007	0.125668008316	0.127733489546	0.163456084594	0.123515755141	0.129003623615	0.161474848765	0.172963534353	0.101401272212	0.0374573231002	0.167650445588	0.160665785412	0.148753220192	0.0	0.13750731495	0.112197114071	0.159770774052	0.0818094074212	0.128932819592	0.0981376139605	0.107613000087	0.189196477704	0.120430991709	0.20016407451	0.0967424181168	0.17313789864	0.139827833249	0.188872906437	0.18857267166	0.129546946876	0.145602350999	0.091915927114	0.0914455394166	0.166974261792	0.0922501669068	0.20177548306	0.134626257057	0.114571911176	0.12828459741	0.243019986664	0.2439635911	0.243051601874	0.229265318252	0.160956456517	0.183074660714	0.150573942855	0.12337929419	0.0866594630137	0.101873288512	0.0103036541529	0.12400156527	0.112662588878	0.13649531169	0.112665008475	0.135956097211	0.12449292652	0.114410622266	0.150762163329	0.135364184088	0.138621830057	0.102711355838	0.133610461765	0.0776840906441	0.106994707883	0.0911610409425	0.119325351853	0.144873035927	0.0040484172171	0.13191712946	0.0913729084832	0.10835364376	0.146709908498	0.13015520631	0.130327327708	0.128615745191	0.210891039663	0.162718319412	0.141253465871	0.145422225715	0.0802098312669	0.205884374638	0.277223458392	0.145005518051	0.0903518185362	0.0964562172667	0.0964562172667
DLM027.snv.bam	0.113405377078	0.114172207915	0.114101262908	0.154292626544	0.0972560123399	0.0999507948453	0.132414552903	0.0669118955757	0.119102717458	0.0963820394036	0.102109781975	0.101567868548	0.110543102731	0.17553100635	0.180637650875	0.126196098378	0.13750731495	0.0	0.067369860145	0.171834832042	0.135917948841	0.104207154006	0.0909927931733	0.11886628181	0.206404119979	0.10915425261	0.152676087682	0.114172839549	0.176923645516	0.113951176418	0.176855308244	0.198663222533	0.11574216865	0.124949643269	0.102505793325	0.107577075738	0.141341000432	0.126578984599	0.173053650161	0.112892476714	0.0581756784882	0.159399269313	0.199422122335	0.197772420387	0.199175838952	0.253548637184	0.169949662407	0.204563557744	0.141214030223	0.101567868548	0.0980711580718	0.102075622219	0.134647448056	0.118375776147	0.112365777581	0.0747735416379	0.119197926351	0.102356731537	0.102361582008	0.0910249153784	0.0730966775541	0.114118421864	0.116364781412	0.0981284185511	0.0846065088306	0.104327680369	0.0948778233261	0.125152513515	0.056389226084	0.112734947675	0.135991212925	0.105380899544	0.125100682119	0.125979442791	0.102914205111	0.0902611827827	0.0622697864077	0.136184938296	0.189778202156	0.194039391309	0.130985746532	0.126309255288	0.067835565624	0.187744004717	0.255738131643	0.102503177316	0.107114404621	0.090007174906	0.090007174906
ED12A.snv.bam	0.105298096265	0.0689621092898	0.101416757124	0.138916292948	0.102500174854	0.104045229334	0.114763666226	0.0890681205183	0.10542465302	0.0955643663304	0.0951424191607	0.0781323072732	0.0862512659963	0.165443248123	0.164177293172	0.131384361572	0.112197114071	0.067369860145	0.0	0.117887227313	0.0685515959524	0.0972503000526	0.0968537253332	0.138880807682	0.167596350181	0.0751154380573	0.144883275252	0.095374145079	0.161181800729	0.106524240188	0.16693799306	0.177971249935	0.0735261841134	0.122552533501	0.0897995722578	0.0901356294518	0.121982299258	0.0584500664372	0.191268045459	0.0901324918868	0.0385659823154	0.139420760693	0.199224460717	0.199133442815	0.199499804859	0.227097340249	0.148743606141	0.192154817418	0.137814644392	0.0891213182623	0.11823765085	0.0785933004569	0.113615054087	0.111242266807	0.100814037227	0.0915389449645	0.067418021559	0.14483398952	0.10050354586	0.0475529631467	0.0834997278488	0.0903644484666	0.0937393092379	0.0875195334596	0.106279126756	0.0757102423105	0.0838528957581	0.0577191160587	0.0360751587473	0.0984545417985	0.110207979431	0.0879754207025	0.0574384668849	0.138202098492	0.0899997703461	0.0957429023817	0.0958784476187	0.128285436392	0.166397975067	0.181843685522	0.139423129156	0.123814243472	0.0793417476949	0.182237418136	0.275295326463	0.112442536123	0.067753257433	0.105225903332	0.105225903332
ED15A.snv.bam	0.152634941903	0.0870373430131	0.13787753593	0.109310304021	0.184933271154	0.186975096622	0.129879394544	0.147302524545	0.152791569694	0.134980774805	0.131719361795	0.103203407192	0.102410908559	0.150845870505	0.0859968374555	0.134476348133	0.159770774052	0.171834832042	0.117887227313	0.0	0.093668102033	0.163313267435	0.143240971842	0.164596544166	0.182915094347	0.102428973542	0.148581865649	0.0988650659173	0.175469211972	0.157542928886	0.107561434989	0.102057833746	0.153818457202	0.125779323837	0.136779587017	0.118852220667	0.103337110295	0.0835211663557	0.147313295563	0.11638749986	0.126206609378	0.107139932882	0.166215461199	0.166031999073	0.166083548941	0.170542403149	0.144504366285	0.192225980625	0.10764738494	0.13571138156	0.16595099226	0.103493616572	0.162424958154	0.158036643728	0.136101889835	0.16283137509	0.0934102874111	0.174721272608	0.136484550206	0.119590074085	0.163423634277	0.115893240028	0.114768460724	0.124322986916	0.186637292961	0.116748553197	0.119461794978	0.0825773198635	0.125446240039	0.136074833463	0.157580051818	0.157767356928	0.0825260805828	0.185578554388	0.170000094232	0.14207837517	0.175952560206	0.131646220646	0.130778977926	0.178527980739	0.109255869704	0.171156056791	0.126324558999	0.194134956015	0.220905446049	0.159016637126	0.11473542579	0.152398398247	0.152398398247
ED20A.snv.bam	0.0960941653587	0.0461613698095	0.0908261224779	0.138763820679	0.124748655972	0.126269764092	0.13861500628	0.111274461216	0.0951419940973	0.127480390514	0.138216506202	0.0568262669324	0.0550072637653	0.177436057847	0.151815172016	0.121242976398	0.0818094074212	0.135917948841	0.0685515959524	0.093668102033	0.0	0.12379636779	0.0849832463792	0.0963656844099	0.166683925924	0.0754135713829	0.166255755078	0.0855386929574	0.139066860971	0.128508902073	0.165619098856	0.146088784674	0.0955215546691	0.111327393885	0.0784551020614	0.078441570916	0.144167296703	0.0173842399318	0.201495542122	0.0899131957028	0.0845890513134	0.108602519187	0.219647061227	0.21976203986	0.219744343758	0.215865541833	0.126864803851	0.18057314451	0.1381540961	0.0896242381919	0.096409461683	0.0569394044293	0.0825660180197	0.111785622357	0.0901794995516	0.12323026903	0.0679925444147	0.133399378211	0.0894760869738	0.0805940853905	0.127321544919	0.0900136105949	0.0932716640205	0.0807962133722	0.128369623584	0.0639562759725	0.0730193293817	0.016554937089	0.085321805701	0.130419224352	0.0794897699666	0.0992650473948	0.0153505747942	0.138714641901	0.111783847857	0.0956442876556	0.118244064262	0.117524863445	0.187507410071	0.148691090409	0.138847954319	0.13459664006	0.0692200070731	0.192287059389	0.285956277248	0.144276273749	0.0796716243367	0.105727868993	0.105541786603
ED50A.snv.bam	0.114424195117	0.108180104861	0.0991555835096	0.149066170531	0.128571436528	0.130116491008	0.108846527697	0.0835582178495	0.0748982878451	0.114056041507	0.0948786338122	0.0866569598729	0.125746283283	0.19643644568	0.17179224652	0.122205203352	0.128932819592	0.104207154006	0.0972503000526	0.163313267435	0.12379636779	0.0	0.118770270557	0.122720493704	0.190050422779	0.0935531051765	0.14782563652	0.117918230949	0.151974991609	0.132010043686	0.163879012101	0.187425784883	0.0796729106819	0.11867750051	0.112158352191	0.107922653333	0.144697809216	0.124794647701	0.155223542574	0.0969124331767	0.0867310161759	0.165913477006	0.194833635078	0.194542758848	0.194546259726	0.22798158127	0.149762772251	0.202939541149	0.152060208994	0.103445155198	0.118600922117	0.0867468993585	0.120567489414	0.0997874778403	0.0979428005947	0.109507726972	0.107852523891	0.112958259303	0.0975200540329	0.0989362151947	0.0748969322522	0.0972470294766	0.101585867729	0.106345476963	0.0727012491693	0.11259181803	0.0919395905751	0.123548836754	0.0833004364439	0.128637916159	0.127144272608	0.0659274710482	0.123267346277	0.115168129414	0.0674144036508	0.094862880855	0.100629005331	0.1314086038	0.173389699709	0.161252869561	0.150145441055	0.136552158218	0.0801690772782	0.166248331622	0.250959496776	0.138225878384	0.101647432394	0.114394919719	0.114145169469
HT8A.snv.bam	0.0914583318934	0.0628850581406	0.0747770456775	0.134948267676	0.108499763391	0.11106201561	0.167247533164	0.107390729293	0.101949636017	0.123554350629	0.12376710293	0.063209625342	0.0771665817842	0.172194015046	0.126183559277	0.0831058473968	0.0981376139605	0.0909927931733	0.0968537253332	0.143240971842	0.0849832463792	0.118770270557	0.0	0.102230783342	0.19491846961	0.0818024538985	0.15095549128	0.0591002217965	0.14701434241	0.102253510045	0.162176622444	0.173284019726	0.131057542546	0.1075090081	0.0312058792832	0.0413838159979	0.150803083233	0.0764944174729	0.154087320707	0.0855070404225	0.0813298318101	0.157154603852	0.205466192256	0.205530415288	0.205477732735	0.212028709606	0.144831430668	0.154698931892	0.101115583673	0.074198636331	0.0803711684413	0.0641346910499	0.0880361836665	0.0857936078886	0.0741939078993	0.0426782254112	0.0959019330343	0.150852716672	0.084832685128	0.0978952763548	0.102110465609	0.0857405128801	0.0891810516318	0.0480445620709	0.131526143224	0.0361481332474	0.0792978401826	0.0747734361428	0.081106863472	0.0964719516066	0.0960351499899	0.118099005462	0.074875229833	0.103201782468	0.118984818873	0.0479596389806	0.136445541315	0.079755866575	0.194828821362	0.134662849202	0.101602411837	0.108420130035	0.0644582443373	0.167754928541	0.249255734186	0.0750659149741	0.07429885226	0.0687041308365	0.068154680287
MH0234.snv.bam	0.0796222426103	0.0956374506045	0.086215910462	0.144113433035	0.0976721980677	0.0995295085974	0.140942824709	0.0846256782612	0.0901135467344	0.112424664125	0.155221581882	0.0622975135903	0.075698505043	0.193367346429	0.170194770857	0.114127913931	0.107613000087	0.11886628181	0.138880807682	0.164596544166	0.0963656844099	0.122720493704	0.102230783342	0.0	0.183471941394	0.113502433529	0.184119125211	0.100664209796	0.122735121577	0.111637859955	0.183655173499	0.171637266982	0.119741064297	0.095362967687	0.0959240987465	0.0956280309854	0.171401332043	0.107704030151	0.196708634773	0.11654006289	0.112122434028	0.133509558498	0.215748436976	0.216548924055	0.214851206819	0.239339419557	0.143924303134	0.187474188415	0.143924303134	0.106253557546	0.0592381321811	0.0626562768786	0.103543187102	0.117066201058	0.0847535164218	0.106992195276	0.128506304799	0.118191343096	0.0738417153135	0.107526790507	0.111495225699	0.116978921156	0.122331865381	0.10578539377	0.116516819768	0.0993438541066	0.0676842863198	0.106719311707	0.113750540075	0.148960904289	0.10633959833	0.103060452043	0.107205931541	0.091770469546	0.107460536996	0.0902715874522	0.11233085417	0.101287280058	0.205832621332	0.123604301324	0.112239932201	0.141039511421	0.0633195734305	0.166317627023	0.270351668717	0.149466989441	0.116830594115	0.0897700410629	0.0897700410629
MH0305.snv.bam	0.173354899945	0.146759312801	0.202583158322	0.237296416335	0.190315593301	0.193433755912	0.224047488847	0.178833507846	0.195250338068	0.194132078377	0.216478089406	0.168011979602	0.157589601643	0.189159692709	0.155177857013	0.220786907181	0.189196477704	0.206404119979	0.167596350181	0.182915094347	0.166683925924	0.190050422779	0.19491846961	0.183471941394	0.0	0.154551188621	0.244766086943	0.183522802573	0.161241886864	0.204483942878	0.188569052788	0.210604400646	0.184563493804	0.199924504703	0.189948660648	0.167511436121	0.211316900038	0.169941460377	0.202764947458	0.166224994953	0.167267010559	0.205443286328	0.188108553457	0.189181831852	0.187850672219	0.246345254664	0.194136055936	0.200058642427	0.22720317097	0.18999000158	0.164260550464	0.167628751654	0.182383477804	0.168165348191	0.200281495196	0.199384420123	0.146308682898	0.18977656367	0.179567813408	0.169728374971	0.195150954285	0.168112253182	0.162406536596	0.187820526766	0.209540210752	0.171839511619	0.161837288337	0.167098535169	0.16438878875	0.135566637373	0.189483540713	0.175020388751	0.168089776463	0.195454828055	0.201411979873	0.196060390708	0.195966877619	0.21503406214	0.211730786438	0.216770918749	0.217616133943	0.158660379733	0.156878998715	0.151319933034	0.283047719199	0.188847197073	0.155829903197	0.184495496085	0.184495496085
MH0340.snv.bam	0.114781317824	0.0307663365174	0.0857274813412	0.136260892456	0.122044376185	0.124167876551	0.130858399789	0.075449643989	0.081091666071	0.0982074077482	0.103485420683	0.0524388982016	0.0998941328421	0.176442050459	0.129047186373	0.127543694401	0.120430991709	0.10915425261	0.0751154380573	0.102428973542	0.0754135713829	0.0935531051765	0.0818024538985	0.113502433529	0.154551188621	0.0	0.131278112421	0.0918181844587	0.119774308356	0.11469954971	0.131587984813	0.136153693926	0.0943770654073	0.10377462737	0.0758389529667	0.0532241190806	0.120251344588	0.0660989669464	0.14229757446	0.0187074446478	0.0551291301291	0.13124195561	0.176066220164	0.176180718822	0.175943438192	0.18201520215	0.119560027987	0.157884063851	0.136413960571	0.0863372032864	0.116518490567	0.0531752344527	0.110574525462	0.0866232577733	0.0867635236175	0.0982063712079	0.0185405931169	0.0934320502421	0.0805674261205	0.0767227778464	0.0920317223019	0.0202151636368	0.0219482366373	0.0764825578448	0.11302632352	0.0651515923661	0.0640824998971	0.064642839994	0.0589244089244	0.0858295774887	0.119851708053	0.0817666176032	0.0646975958699	0.138291237716	0.0926453696117	0.0922808457148	0.103167205766	0.114468387564	0.143563646529	0.14877433944	0.13735579798	0.109314880808	0.0751796943083	0.137006612256	0.231938819964	0.0973869969931	0.0636153720858	0.103286355829	0.102706095403
MH0416.snv.bam	0.161875819211	0.144966901174	0.133998887898	0.0968859907366	0.156689456377	0.159609193497	0.133522432454	0.12295070231	0.128029163467	0.117902114344	0.107252619517	0.133860089349	0.155864544113	0.179137230176	0.165738271761	0.121737135388	0.20016407451	0.152676087682	0.144883275252	0.148581865649	0.166255755078	0.14782563652	0.15095549128	0.184119125211	0.244766086943	0.131278112421	0.0	0.140556711198	0.195761680844	0.161606603365	0.113070875718	0.178288271824	0.151228564966	0.12378076358	0.134109601766	0.145423367042	0.101471314006	0.157843012503	0.170233962725	0.123705584273	0.113341130731	0.156426340868	0.177774810049	0.178272466018	0.179442900743	0.224421228436	0.13364788059	0.249697277444	0.117687650344	0.0896611943212	0.15122444098	0.133539833764	0.193355977428	0.133878742165	0.133078518056	0.157430146533	0.1451860562	0.167470904306	0.133895086474	0.145917265662	0.127967878376	0.123109160664	0.125732355355	0.127557922968	0.159523925462	0.14514774608	0.139305913034	0.155684336198	0.108545555454	0.174883091518	0.199193008864	0.146630316161	0.155482633343	0.172467095305	0.128433468231	0.128860573117	0.151760816907	0.160910752934	0.157785080447	0.216175979766	0.118912508258	0.177836813176	0.12234823988	0.215448104785	0.243943834458	0.177717780868	0.13292944729	0.128447724658	0.128660219346
MH0436.snv.bam	0.0791090931716	0.0744330300721	0.0750436031533	0.100781842277	0.0978517645535	0.0992982725223	0.132870043196	0.106595825292	0.10057538535	0.111977437257	0.101608085266	0.062166235109	0.0589200491651	0.139434552498	0.0910596083924	0.101796102905	0.0967424181168	0.114172839549	0.095374145079	0.0988650659173	0.0855386929574	0.117918230949	0.0591002217965	0.100664209796	0.183522802573	0.0918181844587	0.140556711198	0.0	0.139596523424	0.0679997720279	0.128040308999	0.140070695363	0.121844880974	0.095836743104	0.0522998598974	0.0526007716955	0.106489479037	0.0755244238815	0.141718657398	0.0944811363494	0.0782430217249	0.123508357766	0.1724859442	0.172930926737	0.171548066137	0.172335638619	0.144242244806	0.142849415928	0.0563301568941	0.0732159588659	0.0809409796633	0.0628672807389	0.0868810880431	0.0848800383851	0.0740713046352	0.084909213348	0.0955916494736	0.152071553856	0.085157489109	0.0864516532244	0.111810416837	0.0965313335186	0.100063735868	0.0648503028898	0.135134296055	0.056762579449	0.0789949920589	0.0746193295651	0.0749454655156	0.106372348278	0.0953451152744	0.119164581877	0.0747489683977	0.101906079189	0.118960427325	0.0803047239936	0.134031380381	0.0461598935909	0.151581020832	0.112306594897	0.0579474794866	0.108509806724	0.0630846587063	0.166663582581	0.227094697574	0.106991980768	0.0513795750629	0.0676910969874	0.0676910969874
