	CCIS00146684ST-4-0.snv.bam	CCIS03857607ST-4-0.snv.bam	CCIS11019776ST-4-0.snv.bam	CCIS25399172ST-4-0.snv.bam	CCIS28384594ST-4-0.snv.bam	CCMD64776337ST-21-0.snv.bam	MH0206.snv.bam	MH0238.snv.bam	MH0286.snv.bam	MH0309.snv.bam	MH0372.snv.bam	MH0391.snv.bam	MH0413.snv.bam	MH0431.snv.bam	MH0440.snv.bam	MH0446.snv.bam	NG-5636_193.snv.bam	O2.UC29-1.snv.bam	T2D-106A.snv.bam	T2D-108A.snv.bam	V1.FI09.snv.bam	V1.UC52-1.snv.bam
CCIS00146684ST-4-0.snv.bam	0.0	0.141908956838	0.141777876558	0.139567921496	0.131596229053	0.137887120301	0.13938274657	0.137082048086	0.134291394418	0.122553192172	0.135279179222	0.128553743129	0.158730478142	0.0147691099995	0.0330529397364	0.145124399938	0.14002788259	0.140359022874	0.130999416098	0.145718445898	0.11879004841	0.142859968737
CCIS03857607ST-4-0.snv.bam	0.141908956838	0.0	0.155277101896	0.153035083275	0.142183249407	0.0920726057568	0.14024298677	0.118197879503	0.109243126014	0.127317750148	0.13374596909	0.0876406552579	0.13537933777	0.133577090628	0.13412107322	0.139964950415	0.13374490833	0.12201489047	0.12418895029	0.138479540769	0.116550112906	0.126654801692
CCIS11019776ST-4-0.snv.bam	0.141777876558	0.155277101896	0.0	0.00391432378046	0.137682330361	0.147117840323	0.145777107516	0.146321675452	0.14579133873	0.162824370224	0.148745915231	0.134059239042	0.0512227189769	0.149373833662	0.149863361705	0.161124202198	0.149538830958	0.153418598488	0.144574467055	0.158207811743	0.125129992836	0.155511079318
CCIS25399172ST-4-0.snv.bam	0.139567921496	0.153035083275	0.00391432378046	0.0	0.135257801076	0.144966091999	0.143465628355	0.143922700072	0.143651335317	0.159838975392	0.146384253334	0.1337600279	0.0500853698185	0.147392138437	0.147422279688	0.159006978115	0.147099079353	0.150409201457	0.142328827222	0.156012324218	0.120218651968	0.15304275015
CCIS28384594ST-4-0.snv.bam	0.131596229053	0.142183249407	0.137682330361	0.135257801076	0.0	0.12222995039	0.11056552861	0.0991370416859	0.0936411072851	0.145457045615	0.12321141232	0.119837583153	0.147165677783	0.121422073915	0.120145089299	0.141501786842	0.132279359443	0.138145941152	0.124083164144	0.130411676925	0.0970962076315	0.13192183128
CCMD64776337ST-21-0.snv.bam	0.137887120301	0.0920726057568	0.147117840323	0.144966091999	0.12222995039	0.0	0.133377724579	0.103187536821	0.102468622383	0.144435166786	0.130574559148	0.0743076599631	0.136544673019	0.134581005488	0.130453291776	0.130604176796	0.130408601922	0.129937858054	0.124148831332	0.129341429354	0.109614829455	0.122093181624
MH0206.snv.bam	0.13938274657	0.14024298677	0.145777107516	0.143465628355	0.11056552861	0.133377724579	0.0	0.0616256136858	0.0603113149753	0.145708175223	0.137970180859	0.105953209992	0.124265420165	0.130669699836	0.117111412608	0.155609087289	0.143898237686	0.139542793669	0.133822895252	0.132893294826	0.117777283251	0.133271393581
MH0238.snv.bam	0.137082048086	0.118197879503	0.146321675452	0.143922700072	0.0991370416859	0.103187536821	0.0616256136858	0.0	0.0381628288455	0.144521036799	0.131392511232	0.0863140079479	0.132150754305	0.128325244748	0.112236883272	0.13261286827	0.137226238267	0.132465071275	0.125621091312	0.136054145924	0.111544947542	0.126049508832
MH0286.snv.bam	0.134291394418	0.109243126014	0.14579133873	0.143651335317	0.0936411072851	0.102468622383	0.0603113149753	0.0381628288455	0.0	0.140113134161	0.13025465236	0.083119958183	0.130439207194	0.124260597836	0.105538679239	0.133870490254	0.13652752349	0.133585518434	0.122086828328	0.135322502846	0.104095394139	0.125394344717
MH0309.snv.bam	0.122553192172	0.127317750148	0.162824370224	0.159838975392	0.145457045615	0.144435166786	0.145708175223	0.144521036799	0.140113134161	0.0	0.150869871407	0.12486229714	0.166577542148	0.115897323409	0.1210941571	0.155785494533	0.156628010036	0.152450835391	0.150475107041	0.134362310666	0.103466222108	0.155932691291
MH0372.snv.bam	0.135279179222	0.13374596909	0.148745915231	0.146384253334	0.12321141232	0.130574559148	0.137970180859	0.131392511232	0.13025465236	0.150869871407	0.0	0.12776168938	0.158646339394	0.125983555384	0.131336863606	0.0823122463798	0.02351533292	0.0216749063487	0.0897316422534	0.108617828097	0.117851815523	0.0210002574828
MH0391.snv.bam	0.128553743129	0.0876406552579	0.134059239042	0.1337600279	0.119837583153	0.0743076599631	0.105953209992	0.0863140079479	0.083119958183	0.12486229714	0.12776168938	0.0	0.114815571794	0.121373475752	0.117014197992	0.121396969271	0.129032387781	0.127248390561	0.119198523202	0.123006576826	0.0992454538778	0.116134039357
MH0413.snv.bam	0.158730478142	0.13537933777	0.0512227189769	0.0500853698185	0.147165677783	0.136544673019	0.124265420165	0.132150754305	0.130439207194	0.166577542148	0.158646339394	0.114815571794	0.0	0.160996674464	0.156570993209	0.157066351273	0.160956409673	0.147379484686	0.136843157253	0.161728751945	0.132681728397	0.150788521255
MH0431.snv.bam	0.0147691099995	0.133577090628	0.149373833662	0.147392138437	0.121422073915	0.134581005488	0.130669699836	0.128325244748	0.124260597836	0.115897323409	0.125983555384	0.121373475752	0.160996674464	0.0	0.0289322357399	0.137835298058	0.134724575768	0.135887250157	0.12664619214	0.141362143609	0.11881141095	0.135919511873
MH0440.snv.bam	0.0330529397364	0.13412107322	0.149863361705	0.147422279688	0.120145089299	0.130453291776	0.117111412608	0.112236883272	0.105538679239	0.1210941571	0.131336863606	0.117014197992	0.156570993209	0.0289322357399	0.0	0.140214354519	0.13783387584	0.137179776634	0.12532292343	0.140771764645	0.114170474068	0.136325540418
MH0446.snv.bam	0.145124399938	0.139964950415	0.161124202198	0.159006978115	0.141501786842	0.130604176796	0.155609087289	0.13261286827	0.133870490254	0.155785494533	0.0823122463798	0.121396969271	0.157066351273	0.137835298058	0.140214354519	0.0	0.0873307730184	0.0916791645537	0.0934832619252	0.123859888425	0.122641629369	0.086945501188
NG-5636_193.snv.bam	0.14002788259	0.13374490833	0.149538830958	0.147099079353	0.132279359443	0.130408601922	0.143898237686	0.137226238267	0.13652752349	0.156628010036	0.02351533292	0.129032387781	0.160956409673	0.134724575768	0.13783387584	0.0873307730184	0.0	0.0205893923354	0.0923843737303	0.1055674432	0.122952391756	0.0227749402085
O2.UC29-1.snv.bam	0.140359022874	0.12201489047	0.153418598488	0.150409201457	0.138145941152	0.129937858054	0.139542793669	0.132465071275	0.133585518434	0.152450835391	0.0216749063487	0.127248390561	0.147379484686	0.135887250157	0.137179776634	0.0916791645537	0.0205893923354	0.0	0.0895282175047	0.113843076152	0.122216879174	0.00558237241493
T2D-106A.snv.bam	0.130999416098	0.12418895029	0.144574467055	0.142328827222	0.124083164144	0.124148831332	0.133822895252	0.125621091312	0.122086828328	0.150475107041	0.0897316422534	0.119198523202	0.136843157253	0.12664619214	0.12532292343	0.0934832619252	0.0923843737303	0.0895282175047	0.0	0.112672970032	0.112337691731	0.087494346277
T2D-108A.snv.bam	0.145718445898	0.138479540769	0.158207811743	0.156012324218	0.130411676925	0.129341429354	0.132893294826	0.136054145924	0.135322502846	0.134362310666	0.108617828097	0.123006576826	0.161728751945	0.141362143609	0.140771764645	0.123859888425	0.1055674432	0.113843076152	0.112672970032	0.0	0.101085202937	0.112187362067
V1.FI09.snv.bam	0.11879004841	0.116550112906	0.125129992836	0.120218651968	0.0970962076315	0.109614829455	0.117777283251	0.111544947542	0.104095394139	0.103466222108	0.117851815523	0.0992454538778	0.132681728397	0.11881141095	0.114170474068	0.122641629369	0.122952391756	0.122216879174	0.112337691731	0.101085202937	0.0	0.123083755986
V1.UC52-1.snv.bam	0.142859968737	0.126654801692	0.155511079318	0.15304275015	0.13192183128	0.122093181624	0.133271393581	0.126049508832	0.125394344717	0.155932691291	0.0210002574828	0.116134039357	0.150788521255	0.135919511873	0.136325540418	0.086945501188	0.0227749402085	0.00558237241493	0.087494346277	0.112187362067	0.123083755986	0.0
