	159753524-stool2.snv.bam	160704339-stool1.snv.bam	161412393-stool2.snv.bam	508703490-stool2.snv.bam	763901136-stool1.snv.bam	CCIS91228662ST-4-0.snv.bam	CCMD14479708ST-21-0.snv.bam	CCMD19497912ST-21-0.snv.bam	CCMD25963797ST-21-0.snv.bam	MH0131.snv.bam	MH0193.snv.bam	MH0196.snv.bam	MH0200.snv.bam	MH0280.snv.bam	MH0286.snv.bam	MH0309.snv.bam	MH0329.snv.bam	MH0330.snv.bam	MH0396.snv.bam	MH0402.snv.bam	MH0412.snv.bam	MH0430.snv.bam	MH0437.snv.bam	MH0442.snv.bam	MH0446.snv.bam	MH0447.snv.bam	MH0454.snv.bam	MMRS77487595ST-27-0-0.snv.bam	MMRS97052561ST-27-0-0.snv.bam	NG-5636_317.snv.bam	O2.UC28-0.snv.bam	O2.UC28-2.snv.bam	O2.UC53-0.snv.bam	V1.FI14.snv.bam	V1.UC58-4.snv.bam	V1.UC60-0.snv.bam	halbarad-11-0-0.snv.bam	halbarad-11-2-0.snv.bam	halbarad-11-7-0.snv.bam	halbarad-12-7-0.snv.bam	halbarad-13-7-0.snv.bam
159753524-stool2.snv.bam	0.0	0.129737609329	0.134110787172	0.119533527697	0.097667638484	0.109329446064	0.097667638484	0.13556851312	0.122448979592	0.0947521865889	0.123906705539	0.103498542274	0.112244897959	0.107871720117	0.0918367346939	0.132653061224	0.0728862973761	0.0830903790087	0.0626822157434	0.113702623907	0.0874635568513	0.0758017492711	0.110787172012	0.123906705539	0.097667638484	0.0874635568513	0.126822157434	0.113702623907	0.097667638484	0.0860058309038	0.134110787172	0.137026239067	0.119533527697	0.0728862973761	0.125364431487	0.0787172011662	0.0889212827988	0.0830903790087	0.0947521865889	0.0991253644315	0.097667638484
160704339-stool1.snv.bam	0.129737609329	0.0	0.123906705539	0.112244897959	0.138483965015	0.151603498542	0.120991253644	0.137026239067	0.14139941691	0.137026239067	0.122448979592	0.132653061224	0.137026239067	0.1472303207	0.131195335277	0.142857142857	0.0932944606414	0.0962099125364	0.097667638484	0.113702623907	0.109329446064	0.0903790087464	0.148688046647	0.120991253644	0.125364431487	0.125364431487	0.129737609329	0.1472303207	0.138483965015	0.104956268222	0.1472303207	0.148688046647	0.137026239067	0.097667638484	0.14139941691	0.103498542274	0.122448979592	0.116618075802	0.131195335277	0.128279883382	0.132653061224
161412393-stool2.snv.bam	0.134110787172	0.123906705539	0.0	0.122448979592	0.1472303207	0.157434402332	0.119533527697	0.144314868805	0.15306122449	0.125364431487	0.123906705539	0.134110787172	0.134110787172	0.14139941691	0.129737609329	0.148688046647	0.0947521865889	0.0874635568513	0.0874635568513	0.122448979592	0.110787172012	0.0787172011662	0.131195335277	0.132653061224	0.131195335277	0.131195335277	0.142857142857	0.151603498542	0.14139941691	0.0991253644315	0.132653061224	0.132653061224	0.104956268222	0.107871720117	0.13556851312	0.0889212827988	0.100583090379	0.103498542274	0.110787172012	0.106413994169	0.110787172012
508703490-stool2.snv.bam	0.119533527697	0.112244897959	0.122448979592	0.0	0.119533527697	0.15306122449	0.115160349854	0.109329446064	0.132653061224	0.122448979592	0.0743440233236	0.131195335277	0.131195335277	0.137026239067	0.118075801749	0.102040816327	0.0816326530612	0.0932944606414	0.0830903790087	0.110787172012	0.100583090379	0.0830903790087	0.13556851312	0.138483965015	0.126822157434	0.113702623907	0.0860058309038	0.139941690962	0.128279883382	0.104956268222	0.144314868805	0.144314868805	0.122448979592	0.0991253644315	0.139941690962	0.0830903790087	0.116618075802	0.109329446064	0.125364431487	0.125364431487	0.129737609329
763901136-stool1.snv.bam	0.097667638484	0.138483965015	0.1472303207	0.119533527697	0.0	0.118075801749	0.0991253644315	0.13556851312	0.132653061224	0.110787172012	0.120991253644	0.112244897959	0.109329446064	0.131195335277	0.0947521865889	0.134110787172	0.0816326530612	0.0903790087464	0.069970845481	0.103498542274	0.104956268222	0.0801749271137	0.119533527697	0.112244897959	0.0451895043732	0.033527696793	0.129737609329	0.132653061224	0.0379008746356	0.0991253644315	0.120991253644	0.123906705539	0.131195335277	0.0830903790087	0.109329446064	0.0787172011662	0.102040816327	0.097667638484	0.112244897959	0.109329446064	0.116618075802
CCIS91228662ST-4-0.snv.bam	0.109329446064	0.151603498542	0.157434402332	0.15306122449	0.118075801749	0.0	0.119533527697	0.151603498542	0.151603498542	0.120991253644	0.144314868805	0.126822157434	0.129737609329	0.1472303207	0.112244897959	0.155976676385	0.0845481049563	0.0874635568513	0.0743440233236	0.119533527697	0.116618075802	0.0918367346939	0.138483965015	0.119533527697	0.123906705539	0.109329446064	0.142857142857	0.137026239067	0.122448979592	0.106413994169	0.137026239067	0.138483965015	0.151603498542	0.0947521865889	0.134110787172	0.102040816327	0.115160349854	0.110787172012	0.123906705539	0.120991253644	0.126822157434
CCMD14479708ST-21-0.snv.bam	0.097667638484	0.120991253644	0.119533527697	0.115160349854	0.0991253644315	0.119533527697	0.0	0.118075801749	0.120991253644	0.0932944606414	0.113702623907	0.109329446064	0.097667638484	0.123906705539	0.0874635568513	0.122448979592	0.0655976676385	0.0626822157434	0.0626822157434	0.0860058309038	0.0918367346939	0.0583090379009	0.102040816327	0.109329446064	0.106413994169	0.0947521865889	0.123906705539	0.122448979592	0.100583090379	0.0728862973761	0.110787172012	0.112244897959	0.100583090379	0.0626822157434	0.102040816327	0.069970845481	0.0962099125364	0.0932944606414	0.104956268222	0.104956268222	0.107871720117
CCMD19497912ST-21-0.snv.bam	0.13556851312	0.137026239067	0.144314868805	0.109329446064	0.13556851312	0.151603498542	0.118075801749	0.0	0.137026239067	0.123906705539	0.0874635568513	0.138483965015	0.137026239067	0.15889212828	0.128279883382	0.100583090379	0.102040816327	0.0874635568513	0.0845481049563	0.129737609329	0.110787172012	0.0874635568513	0.138483965015	0.1472303207	0.132653061224	0.122448979592	0.106413994169	0.15306122449	0.137026239067	0.106413994169	0.145772594752	0.1472303207	0.142857142857	0.097667638484	0.137026239067	0.103498542274	0.125364431487	0.122448979592	0.13556851312	0.134110787172	0.13556851312
CCMD25963797ST-21-0.snv.bam	0.122448979592	0.14139941691	0.15306122449	0.132653061224	0.132653061224	0.151603498542	0.120991253644	0.137026239067	0.0	0.122448979592	0.129737609329	0.125364431487	0.116618075802	0.134110787172	0.112244897959	0.13556851312	0.0830903790087	0.0932944606414	0.0743440233236	0.131195335277	0.100583090379	0.0816326530612	0.126822157434	0.123906705539	0.128279883382	0.112244897959	0.137026239067	0.142857142857	0.129737609329	0.0889212827988	0.14139941691	0.144314868805	0.122448979592	0.0962099125364	0.137026239067	0.0918367346939	0.100583090379	0.097667638484	0.110787172012	0.110787172012	0.113702623907
MH0131.snv.bam	0.0947521865889	0.137026239067	0.125364431487	0.122448979592	0.110787172012	0.120991253644	0.0932944606414	0.123906705539	0.122448979592	0.0	0.122448979592	0.0991253644315	0.097667638484	0.116618075802	0.0932944606414	0.118075801749	0.0685131195335	0.0758017492711	0.0568513119534	0.103498542274	0.0889212827988	0.0612244897959	0.112244897959	0.110787172012	0.110787172012	0.0962099125364	0.125364431487	0.129737609329	0.107871720117	0.0714285714286	0.115160349854	0.115160349854	0.123906705539	0.064139941691	0.106413994169	0.0597667638484	0.0787172011662	0.0743440233236	0.0860058309038	0.0874635568513	0.0918367346939
MH0193.snv.bam	0.123906705539	0.122448979592	0.123906705539	0.0743440233236	0.120991253644	0.144314868805	0.113702623907	0.0874635568513	0.129737609329	0.122448979592	0.0	0.123906705539	0.120991253644	0.139941690962	0.106413994169	0.0553935860058	0.097667638484	0.0830903790087	0.0801749271137	0.116618075802	0.097667638484	0.0932944606414	0.125364431487	0.126822157434	0.122448979592	0.107871720117	0.0568513119534	0.132653061224	0.128279883382	0.0947521865889	0.131195335277	0.128279883382	0.119533527697	0.0991253644315	0.131195335277	0.0903790087464	0.112244897959	0.107871720117	0.119533527697	0.119533527697	0.122448979592
MH0196.snv.bam	0.103498542274	0.132653061224	0.134110787172	0.131195335277	0.112244897959	0.126822157434	0.109329446064	0.138483965015	0.125364431487	0.0991253644315	0.123906705539	0.0	0.102040816327	0.107871720117	0.103498542274	0.128279883382	0.0597667638484	0.0758017492711	0.0685131195335	0.115160349854	0.0932944606414	0.069970845481	0.115160349854	0.116618075802	0.109329446064	0.0962099125364	0.112244897959	0.129737609329	0.104956268222	0.0830903790087	0.134110787172	0.134110787172	0.107871720117	0.0728862973761	0.132653061224	0.0743440233236	0.0787172011662	0.0816326530612	0.0918367346939	0.0874635568513	0.0947521865889
MH0200.snv.bam	0.112244897959	0.137026239067	0.134110787172	0.131195335277	0.109329446064	0.129737609329	0.097667638484	0.137026239067	0.116618075802	0.097667638484	0.120991253644	0.102040816327	0.0	0.115160349854	0.0947521865889	0.129737609329	0.067055393586	0.067055393586	0.067055393586	0.0932944606414	0.0787172011662	0.0685131195335	0.100583090379	0.100583090379	0.118075801749	0.102040816327	0.125364431487	0.123906705539	0.115160349854	0.064139941691	0.104956268222	0.107871720117	0.113702623907	0.0728862973761	0.100583090379	0.0758017492711	0.069970845481	0.0655976676385	0.0787172011662	0.0758017492711	0.0816326530612
MH0280.snv.bam	0.107871720117	0.1472303207	0.14139941691	0.137026239067	0.131195335277	0.1472303207	0.123906705539	0.15889212828	0.134110787172	0.116618075802	0.139941690962	0.107871720117	0.115160349854	0.0	0.112244897959	0.14139941691	0.0728862973761	0.0889212827988	0.0845481049563	0.113702623907	0.0845481049563	0.064139941691	0.128279883382	0.116618075802	0.126822157434	0.112244897959	0.134110787172	0.128279883382	0.134110787172	0.0874635568513	0.126822157434	0.126822157434	0.129737609329	0.0801749271137	0.115160349854	0.0801749271137	0.0932944606414	0.0889212827988	0.102040816327	0.0991253644315	0.106413994169
MH0286.snv.bam	0.0918367346939	0.131195335277	0.129737609329	0.118075801749	0.0947521865889	0.112244897959	0.0874635568513	0.128279883382	0.112244897959	0.0932944606414	0.106413994169	0.103498542274	0.0947521865889	0.112244897959	0.0	0.109329446064	0.064139941691	0.0568513119534	0.0583090379009	0.0903790087464	0.0830903790087	0.0626822157434	0.0743440233236	0.103498542274	0.0903790087464	0.069970845481	0.113702623907	0.110787172012	0.0962099125364	0.0612244897959	0.120991253644	0.123906705539	0.0962099125364	0.0553935860058	0.112244897959	0.0685131195335	0.0758017492711	0.0685131195335	0.0787172011662	0.0772594752187	0.0830903790087
MH0309.snv.bam	0.132653061224	0.142857142857	0.148688046647	0.102040816327	0.134110787172	0.155976676385	0.122448979592	0.100583090379	0.13556851312	0.118075801749	0.0553935860058	0.128279883382	0.129737609329	0.14139941691	0.109329446064	0.0	0.0918367346939	0.0830903790087	0.0845481049563	0.120991253644	0.110787172012	0.0932944606414	0.132653061224	0.128279883382	0.132653061224	0.122448979592	0.0626822157434	0.13556851312	0.137026239067	0.0903790087464	0.1472303207	0.145772594752	0.128279883382	0.103498542274	0.144314868805	0.0947521865889	0.115160349854	0.112244897959	0.123906705539	0.125364431487	0.129737609329
MH0329.snv.bam	0.0728862973761	0.0932944606414	0.0947521865889	0.0816326530612	0.0816326530612	0.0845481049563	0.0655976676385	0.102040816327	0.0830903790087	0.0685131195335	0.097667638484	0.0597667638484	0.067055393586	0.0728862973761	0.064139941691	0.0918367346939	0.0	0.0320699708455	0.033527696793	0.0553935860058	0.0262390670554	0.0276967930029	0.0714285714286	0.0685131195335	0.0758017492711	0.0583090379009	0.0743440233236	0.0962099125364	0.0787172011662	0.036443148688	0.0889212827988	0.0889212827988	0.0728862973761	0.0349854227405	0.0787172011662	0.0349854227405	0.0481049562682	0.0437317784257	0.0539358600583	0.0495626822157	0.0583090379009
MH0330.snv.bam	0.0830903790087	0.0962099125364	0.0874635568513	0.0932944606414	0.0903790087464	0.0874635568513	0.0626822157434	0.0874635568513	0.0932944606414	0.0758017492711	0.0830903790087	0.0758017492711	0.067055393586	0.0889212827988	0.0568513119534	0.0830903790087	0.0320699708455	0.0	0.0276967930029	0.0437317784257	0.0524781341108	0.0218658892128	0.0655976676385	0.0612244897959	0.0801749271137	0.0583090379009	0.0918367346939	0.097667638484	0.0874635568513	0.033527696793	0.0787172011662	0.0787172011662	0.0860058309038	0.036443148688	0.0685131195335	0.0393586005831	0.0612244897959	0.0597667638484	0.0685131195335	0.0685131195335	0.0758017492711
MH0396.snv.bam	0.0626822157434	0.097667638484	0.0874635568513	0.0830903790087	0.069970845481	0.0743440233236	0.0626822157434	0.0845481049563	0.0743440233236	0.0568513119534	0.0801749271137	0.0685131195335	0.067055393586	0.0845481049563	0.0583090379009	0.0845481049563	0.033527696793	0.0276967930029	0.0	0.0481049562682	0.0422740524781	0.0262390670554	0.0685131195335	0.0597667638484	0.069970845481	0.0422740524781	0.0830903790087	0.0845481049563	0.064139941691	0.0422740524781	0.0830903790087	0.0918367346939	0.0772594752187	0.0204081632653	0.067055393586	0.0466472303207	0.0510204081633	0.0437317784257	0.0524781341108	0.0583090379009	0.0568513119534
MH0402.snv.bam	0.113702623907	0.113702623907	0.122448979592	0.110787172012	0.103498542274	0.119533527697	0.0860058309038	0.129737609329	0.131195335277	0.103498542274	0.116618075802	0.115160349854	0.0932944606414	0.113702623907	0.0903790087464	0.120991253644	0.0553935860058	0.0437317784257	0.0481049562682	0.0	0.0932944606414	0.0451895043732	0.0874635568513	0.0714285714286	0.103498542274	0.0874635568513	0.122448979592	0.132653061224	0.103498542274	0.0772594752187	0.115160349854	0.118075801749	0.106413994169	0.0510204081633	0.0932944606414	0.0626822157434	0.0816326530612	0.0772594752187	0.0947521865889	0.0860058309038	0.0991253644315
MH0412.snv.bam	0.0874635568513	0.109329446064	0.110787172012	0.100583090379	0.104956268222	0.116618075802	0.0918367346939	0.110787172012	0.100583090379	0.0889212827988	0.097667638484	0.0932944606414	0.0787172011662	0.0845481049563	0.0830903790087	0.110787172012	0.0262390670554	0.0524781341108	0.0422740524781	0.0932944606414	0.0	0.0466472303207	0.0816326530612	0.0787172011662	0.0962099125364	0.0728862973761	0.0860058309038	0.100583090379	0.0962099125364	0.0495626822157	0.106413994169	0.107871720117	0.0947521865889	0.0422740524781	0.0918367346939	0.0597667638484	0.0626822157434	0.0612244897959	0.0685131195335	0.069970845481	0.069970845481
MH0430.snv.bam	0.0758017492711	0.0903790087464	0.0787172011662	0.0830903790087	0.0801749271137	0.0918367346939	0.0583090379009	0.0874635568513	0.0816326530612	0.0612244897959	0.0932944606414	0.069970845481	0.0685131195335	0.064139941691	0.0626822157434	0.0932944606414	0.0276967930029	0.0218658892128	0.0262390670554	0.0451895043732	0.0466472303207	0.0	0.0626822157434	0.0451895043732	0.0743440233236	0.0553935860058	0.0903790087464	0.0991253644315	0.0816326530612	0.036443148688	0.0612244897959	0.064139941691	0.069970845481	0.0247813411079	0.0437317784257	0.036443148688	0.0466472303207	0.0379008746356	0.0481049562682	0.0466472303207	0.0539358600583
MH0437.snv.bam	0.110787172012	0.148688046647	0.131195335277	0.13556851312	0.119533527697	0.138483965015	0.102040816327	0.138483965015	0.126822157434	0.112244897959	0.125364431487	0.115160349854	0.100583090379	0.128279883382	0.0743440233236	0.132653061224	0.0714285714286	0.0655976676385	0.0685131195335	0.0874635568513	0.0816326530612	0.0626822157434	0.0	0.0874635568513	0.116618075802	0.0889212827988	0.134110787172	0.126822157434	0.122448979592	0.0612244897959	0.128279883382	0.129737609329	0.097667638484	0.0626822157434	0.113702623907	0.069970845481	0.0918367346939	0.0845481049563	0.0962099125364	0.097667638484	0.102040816327
MH0442.snv.bam	0.123906705539	0.120991253644	0.132653061224	0.138483965015	0.112244897959	0.119533527697	0.109329446064	0.1472303207	0.123906705539	0.110787172012	0.126822157434	0.116618075802	0.100583090379	0.116618075802	0.103498542274	0.128279883382	0.0685131195335	0.0612244897959	0.0597667638484	0.0714285714286	0.0787172011662	0.0451895043732	0.0874635568513	0.0	0.115160349854	0.0903790087464	0.126822157434	0.131195335277	0.113702623907	0.067055393586	0.0991253644315	0.102040816327	0.120991253644	0.0597667638484	0.0830903790087	0.0743440233236	0.0758017492711	0.0787172011662	0.0816326530612	0.0830903790087	0.0903790087464
MH0446.snv.bam	0.097667638484	0.125364431487	0.131195335277	0.126822157434	0.0451895043732	0.123906705539	0.106413994169	0.132653061224	0.128279883382	0.110787172012	0.122448979592	0.109329446064	0.118075801749	0.126822157434	0.0903790087464	0.132653061224	0.0758017492711	0.0801749271137	0.069970845481	0.103498542274	0.0962099125364	0.0743440233236	0.116618075802	0.115160349854	0.0	0.0262390670554	0.122448979592	0.128279883382	0.0291545189504	0.0947521865889	0.118075801749	0.118075801749	0.131195335277	0.0772594752187	0.109329446064	0.0845481049563	0.0932944606414	0.0962099125364	0.106413994169	0.103498542274	0.107871720117
MH0447.snv.bam	0.0874635568513	0.125364431487	0.131195335277	0.113702623907	0.033527696793	0.109329446064	0.0947521865889	0.122448979592	0.112244897959	0.0962099125364	0.107871720117	0.0962099125364	0.102040816327	0.112244897959	0.069970845481	0.122448979592	0.0583090379009	0.0583090379009	0.0422740524781	0.0874635568513	0.0728862973761	0.0553935860058	0.0889212827988	0.0903790087464	0.0262390670554	0.0	0.112244897959	0.118075801749	0.0218658892128	0.0845481049563	0.109329446064	0.110787172012	0.110787172012	0.0553935860058	0.097667638484	0.0597667638484	0.0758017492711	0.0743440233236	0.0845481049563	0.0860058309038	0.0889212827988
MH0454.snv.bam	0.126822157434	0.129737609329	0.142857142857	0.0860058309038	0.129737609329	0.142857142857	0.123906705539	0.106413994169	0.137026239067	0.125364431487	0.0568513119534	0.112244897959	0.125364431487	0.134110787172	0.113702623907	0.0626822157434	0.0743440233236	0.0918367346939	0.0830903790087	0.122448979592	0.0860058309038	0.0903790087464	0.134110787172	0.126822157434	0.122448979592	0.112244897959	0.0	0.148688046647	0.128279883382	0.0889212827988	0.1472303207	0.145772594752	0.118075801749	0.102040816327	0.14139941691	0.0889212827988	0.100583090379	0.102040816327	0.116618075802	0.112244897959	0.110787172012
MMRS77487595ST-27-0-0.snv.bam	0.113702623907	0.1472303207	0.151603498542	0.139941690962	0.132653061224	0.137026239067	0.122448979592	0.15306122449	0.142857142857	0.129737609329	0.132653061224	0.129737609329	0.123906705539	0.128279883382	0.110787172012	0.13556851312	0.0962099125364	0.097667638484	0.0845481049563	0.132653061224	0.100583090379	0.0991253644315	0.126822157434	0.131195335277	0.128279883382	0.118075801749	0.148688046647	0.0	0.126822157434	0.0903790087464	0.14139941691	0.144314868805	0.129737609329	0.0947521865889	0.13556851312	0.100583090379	0.103498542274	0.103498542274	0.110787172012	0.110787172012	0.110787172012
MMRS97052561ST-27-0-0.snv.bam	0.097667638484	0.138483965015	0.14139941691	0.128279883382	0.0379008746356	0.122448979592	0.100583090379	0.137026239067	0.129737609329	0.107871720117	0.128279883382	0.104956268222	0.115160349854	0.134110787172	0.0962099125364	0.137026239067	0.0787172011662	0.0874635568513	0.064139941691	0.103498542274	0.0962099125364	0.0816326530612	0.122448979592	0.113702623907	0.0291545189504	0.0218658892128	0.128279883382	0.126822157434	0.0	0.100583090379	0.112244897959	0.113702623907	0.129737609329	0.0801749271137	0.104956268222	0.0830903790087	0.097667638484	0.0947521865889	0.106413994169	0.103498542274	0.110787172012
NG-5636_317.snv.bam	0.0860058309038	0.104956268222	0.0991253644315	0.104956268222	0.0991253644315	0.106413994169	0.0728862973761	0.106413994169	0.0889212827988	0.0714285714286	0.0947521865889	0.0830903790087	0.064139941691	0.0874635568513	0.0612244897959	0.0903790087464	0.036443148688	0.033527696793	0.0422740524781	0.0772594752187	0.0495626822157	0.036443148688	0.0612244897959	0.067055393586	0.0947521865889	0.0845481049563	0.0889212827988	0.0903790087464	0.100583090379	0.0	0.0787172011662	0.0830903790087	0.0845481049563	0.0320699708455	0.069970845481	0.0510204081633	0.0510204081633	0.0495626822157	0.0539358600583	0.0553935860058	0.0583090379009
O2.UC28-0.snv.bam	0.134110787172	0.1472303207	0.132653061224	0.144314868805	0.120991253644	0.137026239067	0.110787172012	0.145772594752	0.14139941691	0.115160349854	0.131195335277	0.134110787172	0.104956268222	0.126822157434	0.120991253644	0.1472303207	0.0889212827988	0.0787172011662	0.0830903790087	0.115160349854	0.106413994169	0.0612244897959	0.128279883382	0.0991253644315	0.118075801749	0.109329446064	0.1472303207	0.14139941691	0.112244897959	0.0787172011662	0.0	0.0	0.132653061224	0.0932944606414	0.00728862973761	0.0860058309038	0.104956268222	0.104956268222	0.112244897959	0.107871720117	0.113702623907
O2.UC28-2.snv.bam	0.137026239067	0.148688046647	0.132653061224	0.144314868805	0.123906705539	0.138483965015	0.112244897959	0.1472303207	0.144314868805	0.115160349854	0.128279883382	0.134110787172	0.107871720117	0.126822157434	0.123906705539	0.145772594752	0.0889212827988	0.0787172011662	0.0918367346939	0.118075801749	0.107871720117	0.064139941691	0.129737609329	0.102040816327	0.118075801749	0.110787172012	0.145772594752	0.144314868805	0.113702623907	0.0830903790087	0.0	0.0	0.131195335277	0.0947521865889	0.00728862973761	0.0830903790087	0.109329446064	0.103498542274	0.115160349854	0.110787172012	0.113702623907
O2.UC53-0.snv.bam	0.119533527697	0.137026239067	0.104956268222	0.122448979592	0.131195335277	0.151603498542	0.100583090379	0.142857142857	0.122448979592	0.123906705539	0.119533527697	0.107871720117	0.113702623907	0.129737609329	0.0962099125364	0.128279883382	0.0728862973761	0.0860058309038	0.0772594752187	0.106413994169	0.0947521865889	0.069970845481	0.097667638484	0.120991253644	0.131195335277	0.110787172012	0.118075801749	0.129737609329	0.129737609329	0.0845481049563	0.132653061224	0.131195335277	0.0	0.0816326530612	0.131195335277	0.0816326530612	0.0932944606414	0.0903790087464	0.0947521865889	0.0991253644315	0.0962099125364
V1.FI14.snv.bam	0.0728862973761	0.097667638484	0.107871720117	0.0991253644315	0.0830903790087	0.0947521865889	0.0626822157434	0.097667638484	0.0962099125364	0.064139941691	0.0991253644315	0.0728862973761	0.0728862973761	0.0801749271137	0.0553935860058	0.103498542274	0.0349854227405	0.036443148688	0.0204081632653	0.0510204081633	0.0422740524781	0.0247813411079	0.0626822157434	0.0597667638484	0.0772594752187	0.0553935860058	0.102040816327	0.0947521865889	0.0801749271137	0.0320699708455	0.0932944606414	0.0947521865889	0.0816326530612	0.0	0.069970845481	0.0349854227405	0.0539358600583	0.0510204081633	0.064139941691	0.0626822157434	0.064139941691
V1.UC58-4.snv.bam	0.125364431487	0.14139941691	0.13556851312	0.139941690962	0.109329446064	0.134110787172	0.102040816327	0.137026239067	0.137026239067	0.106413994169	0.131195335277	0.132653061224	0.100583090379	0.115160349854	0.112244897959	0.144314868805	0.0787172011662	0.0685131195335	0.067055393586	0.0932944606414	0.0918367346939	0.0437317784257	0.113702623907	0.0830903790087	0.109329446064	0.097667638484	0.14139941691	0.13556851312	0.104956268222	0.069970845481	0.00728862973761	0.00728862973761	0.131195335277	0.069970845481	0.0	0.0801749271137	0.0991253644315	0.0918367346939	0.102040816327	0.103498542274	0.107871720117
V1.UC60-0.snv.bam	0.0787172011662	0.103498542274	0.0889212827988	0.0830903790087	0.0787172011662	0.102040816327	0.069970845481	0.103498542274	0.0918367346939	0.0597667638484	0.0903790087464	0.0743440233236	0.0758017492711	0.0801749271137	0.0685131195335	0.0947521865889	0.0349854227405	0.0393586005831	0.0466472303207	0.0626822157434	0.0597667638484	0.036443148688	0.069970845481	0.0743440233236	0.0845481049563	0.0597667638484	0.0889212827988	0.100583090379	0.0830903790087	0.0510204081633	0.0860058309038	0.0830903790087	0.0816326530612	0.0349854227405	0.0801749271137	0.0	0.0626822157434	0.0597667638484	0.0743440233236	0.069970845481	0.0772594752187
halbarad-11-0-0.snv.bam	0.0889212827988	0.122448979592	0.100583090379	0.116618075802	0.102040816327	0.115160349854	0.0962099125364	0.125364431487	0.100583090379	0.0787172011662	0.112244897959	0.0787172011662	0.069970845481	0.0932944606414	0.0758017492711	0.115160349854	0.0481049562682	0.0612244897959	0.0510204081633	0.0816326530612	0.0626822157434	0.0466472303207	0.0918367346939	0.0758017492711	0.0932944606414	0.0758017492711	0.100583090379	0.103498542274	0.097667638484	0.0510204081633	0.104956268222	0.109329446064	0.0932944606414	0.0539358600583	0.0991253644315	0.0626822157434	0.0	0.0	0.0	0.0	0.0
halbarad-11-2-0.snv.bam	0.0830903790087	0.116618075802	0.103498542274	0.109329446064	0.097667638484	0.110787172012	0.0932944606414	0.122448979592	0.097667638484	0.0743440233236	0.107871720117	0.0816326530612	0.0655976676385	0.0889212827988	0.0685131195335	0.112244897959	0.0437317784257	0.0597667638484	0.0437317784257	0.0772594752187	0.0612244897959	0.0379008746356	0.0845481049563	0.0787172011662	0.0962099125364	0.0743440233236	0.102040816327	0.103498542274	0.0947521865889	0.0495626822157	0.104956268222	0.103498542274	0.0903790087464	0.0510204081633	0.0918367346939	0.0597667638484	0.0	0.0	0.0	0.0	0.0
halbarad-11-7-0.snv.bam	0.0947521865889	0.131195335277	0.110787172012	0.125364431487	0.112244897959	0.123906705539	0.104956268222	0.13556851312	0.110787172012	0.0860058309038	0.119533527697	0.0918367346939	0.0787172011662	0.102040816327	0.0787172011662	0.123906705539	0.0539358600583	0.0685131195335	0.0524781341108	0.0947521865889	0.0685131195335	0.0481049562682	0.0962099125364	0.0816326530612	0.106413994169	0.0845481049563	0.116618075802	0.110787172012	0.106413994169	0.0539358600583	0.112244897959	0.115160349854	0.0947521865889	0.064139941691	0.102040816327	0.0743440233236	0.0	0.0	0.0	0.0	0.0
halbarad-12-7-0.snv.bam	0.0991253644315	0.128279883382	0.106413994169	0.125364431487	0.109329446064	0.120991253644	0.104956268222	0.134110787172	0.110787172012	0.0874635568513	0.119533527697	0.0874635568513	0.0758017492711	0.0991253644315	0.0772594752187	0.125364431487	0.0495626822157	0.0685131195335	0.0583090379009	0.0860058309038	0.069970845481	0.0466472303207	0.097667638484	0.0830903790087	0.103498542274	0.0860058309038	0.112244897959	0.110787172012	0.103498542274	0.0553935860058	0.107871720117	0.110787172012	0.0991253644315	0.0626822157434	0.103498542274	0.069970845481	0.0	0.0	0.0	0.0	0.0
halbarad-13-7-0.snv.bam	0.097667638484	0.132653061224	0.110787172012	0.129737609329	0.116618075802	0.126822157434	0.107871720117	0.13556851312	0.113702623907	0.0918367346939	0.122448979592	0.0947521865889	0.0816326530612	0.106413994169	0.0830903790087	0.129737609329	0.0583090379009	0.0758017492711	0.0568513119534	0.0991253644315	0.069970845481	0.0539358600583	0.102040816327	0.0903790087464	0.107871720117	0.0889212827988	0.110787172012	0.110787172012	0.110787172012	0.0583090379009	0.113702623907	0.113702623907	0.0962099125364	0.064139941691	0.107871720117	0.0772594752187	0.0	0.0	0.0	0.0	0.0
