	159207311-stool2.snv.bam	160765029-stool1.snv.bam	BGI002A.snv.bam	CCIS20795251ST-4-0.snv.bam	CCIS33816588ST-4-0.snv.bam	CCIS36797902ST-4-0.snv.bam	CCIS47284573ST-4-0.snv.bam	CCIS95409808ST-4-0.snv.bam	CCIS98832363ST-4-0.snv.bam	CCMD45988061ST-21-0.snv.bam	CCMD64776337ST-21-0.snv.bam	CCMD86114146ST-21-0.snv.bam	DLM019.snv.bam	MH0196.snv.bam	MH0224.snv.bam	MH0280.snv.bam	MH0303.snv.bam	MH0338.snv.bam	MH0399.snv.bam	MH0406.snv.bam	MH0428.snv.bam	MH0448.snv.bam	MH0454.snv.bam	MMRS20257302ST-27-0-0.snv.bam	MMRS32573774ST-27-0-0.snv.bam	MMRS51307502ST-27-0-0.snv.bam	MMRS77018926ST-27-0-0.snv.bam	MMRS77487595ST-27-0-0.snv.bam	MMRS93508324ST-27-0-0.snv.bam	N022A.snv.bam	O2.UC29-1.snv.bam	O2.UC40-1.snv.bam	O2.UC44-2.snv.bam	SZEY-62A.snv.bam	T2D-108A.snv.bam	V1.CD22-0.snv.bam	V1.FI14.snv.bam	V1.UC35-4.snv.bam
159207311-stool2.snv.bam	0.0	0.18149701059	0.170120214884	0.164132193331	0.170297447541	0.175964961951	0.159897572242	0.14237436952	0.159993467908	0.180339550758	0.169147691615	0.173741793745	0.179335201306	0.17252323159	0.160109516928	0.157398170485	0.160152596045	0.132807624092	0.169519738157	0.16777008704	0.157475911306	0.150945427602	0.161072750145	0.167099384063	0.169985840005	0.154784641402	0.132020813992	0.185125907129	0.00109139642034	0.196332828417	0.185218499864	0.175598419076	0.149187969688	0.173529490399	0.189528171793	0.1397491978	0.159232512941	0.142366256139
160765029-stool1.snv.bam	0.18149701059	0.0	0.141158868882	0.158659870485	0.179537446283	0.178699350199	0.17288315589	0.184352847851	0.172983276034	0.00784605824987	0.140166777216	0.178252328331	0.170634988957	0.188368737397	0.173059672089	0.166629485107	0.170860105519	0.155984999082	0.175698814696	0.160510577798	0.181169346557	0.195214967826	0.160743656457	0.15864251116	0.14779928231	0.167474516786	0.18358656172	0.181209870848	0.162474892668	0.0574262975281	0.182967843847	0.171470838004	0.143046113832	0.14410042955	0.143600800936	0.164697260185	0.160479922348	0.15128826259
BGI002A.snv.bam	0.170120214884	0.141158868882	0.0	0.152710664639	0.162908280296	0.16308354265	0.168346679601	0.166345530042	0.168442373381	0.133415359185	0.138618241279	0.141197438077	0.0821774515068	0.185351010092	0.168660476819	0.141728318408	0.166002041782	0.158710721985	0.183968609899	0.0640428710299	0.162944746893	0.172544188243	0.156873999212	0.142504280855	0.12678654675	0.152579669146	0.154851001717	0.165811368218	0.155767690066	0.130525528608	0.173625416053	0.157875712108	0.130876764586	0.0820636040086	0.146314781902	0.127277279271	0.15356172715	0.157372183335
CCIS20795251ST-4-0.snv.bam	0.164132193331	0.158659870485	0.152710664639	0.0	0.147652784423	0.152149198955	0.127523711147	0.155253079166	0.127621885111	0.161012180675	0.166549493281	0.144784201306	0.161028262524	0.166387476353	0.128464879405	0.140939894397	0.128563743828	0.15057682716	0.151979162105	0.154933355006	0.163080091709	0.126899948979	0.107697931975	0.148619590142	0.150186643906	0.150268339814	0.152872501658	0.144407363626	0.149317323521	0.172549713098	0.177976868889	0.174327559448	0.106055498451	0.158595589917	0.185730046947	0.140460247829	0.155229225743	0.142175278014
CCIS33816588ST-4-0.snv.bam	0.170297447541	0.179537446283	0.162908280296	0.147652784423	0.0	0.138992388606	0.135836666133	0.152062216751	0.138061037507	0.176200401826	0.153362627603	0.144634634308	0.168652258722	0.159223170824	0.138770588616	0.141509641695	0.136658574721	0.162979323011	0.157380272276	0.158609586896	0.165602808322	0.170468272556	0.137636230902	0.156538923208	0.151774932461	0.141163150185	0.139273747674	0.160944313257	0.154042177813	0.180463630084	0.153337500536	0.153750365617	0.131085269881	0.157492600035	0.182358172007	0.140544592923	0.13527950519	0.147461920345
CCIS36797902ST-4-0.snv.bam	0.175964961951	0.178699350199	0.16308354265	0.152149198955	0.138992388606	0.0	0.140195876995	0.161329971136	0.140292383461	0.174908203617	0.162224961144	0.159882232463	0.169038119025	0.170876784926	0.140796515097	0.150366349223	0.139095102327	0.14604606869	0.149250976802	0.156527637907	0.162929724289	0.147151036188	0.146274586448	0.159108558486	0.158402016254	0.147675675466	0.148088347033	0.158885162131	0.159808004518	0.176227237221	0.175828904487	0.166367951658	0.135439362037	0.155842934184	0.184851879816	0.127565917083	0.149437518568	0.110301982485
CCIS47284573ST-4-0.snv.bam	0.159897572242	0.17288315589	0.168346679601	0.127523711147	0.135836666133	0.140195876995	0.0	0.151602795854	9.46969696969e-05	0.170462885058	0.173681125837	0.154635527247	0.165739602813	0.158354448217	0.00136202676544	0.141261846938	0.00115751917835	0.153689012868	0.10137802541	0.151709947986	0.157339957884	0.133661259887	0.0639550689948	0.134636384223	0.142534194529	0.151111023173	0.117629551821	0.164161202623	0.150214592275	0.181294677222	0.165925050684	0.16518323213	0.139362834977	0.154925540783	0.195994894558	0.142275670952	0.141396041307	0.14503700911
CCIS95409808ST-4-0.snv.bam	0.14237436952	0.184352847851	0.166345530042	0.155253079166	0.152062216751	0.161329971136	0.151602795854	0.0	0.151701395736	0.178552776321	0.167079292659	0.163470993117	0.171700973159	0.180023469837	0.152395244685	0.132315964203	0.150271552983	0.159697069692	0.167192666522	0.162289547977	0.0793284427345	0.158593360692	0.142727763502	0.150171003731	0.139146253476	0.161474527138	0.12884147824	0.170755170755	0.127268207805	0.190903297524	0.166400645513	0.146815198042	0.124160718728	0.172139769714	0.188583060609	0.128004238072	0.150208493028	0.151159339223
CCIS98832363ST-4-0.snv.bam	0.159993467908	0.172983276034	0.168442373381	0.127621885111	0.138061037507	0.140292383461	9.46969696969e-05	0.151701395736	0.0	0.170559187061	0.173775625932	0.154732033713	0.165836109279	0.158366078378	0.00145652685994	0.141359388881	0.00125221614805	0.153784106059	0.101256978916	0.151804842653	0.157441645905	0.133756752629	0.0638599758035	0.134731876966	0.142630906328	0.151206315721	0.117725044563	0.164255702717	0.150312134218	0.181391389021	0.166022802395	0.165098492112	0.139460586688	0.155021436448	0.1960903873	0.142372796049	0.141491936973	0.145133515575
CCMD45988061ST-21-0.snv.bam	0.180339550758	0.00784605824987	0.133415359185	0.161012180675	0.176200401826	0.174908203617	0.170462885058	0.178552776321	0.170559187061	0.0	0.13508769576	0.179408695151	0.161880433075	0.186002478954	0.170774198526	0.159767355474	0.16936444254	0.156955430043	0.173772078281	0.151880447346	0.180498395147	0.185166583398	0.15980139626	0.157029988871	0.144223161894	0.169481924371	0.177914609621	0.18184484736	0.161895844022	0.0611303398223	0.185860658996	0.175966803903	0.147431266741	0.136573364975	0.134971135034	0.15930120673	0.159525021587	0.150961019478
CCMD64776337ST-21-0.snv.bam	0.169147691615	0.140166777216	0.138618241279	0.166549493281	0.153362627603	0.162224961144	0.173681125837	0.167079292659	0.173775625932	0.13508769576	0.0	0.165558577204	0.164243642102	0.172281451453	0.17397994955	0.14805615761	0.1724052361	0.161528432915	0.168599795485	0.150272081678	0.179249336617	0.1754372469	0.164410441666	0.144470809281	0.152291837276	0.163222045232	0.166968008968	0.165773178215	0.152364399795	0.122030183841	0.164044743796	0.169037232959	0.143671803932	0.148636057271	0.084493848263	0.146112152681	0.142162276808	0.156776166429
CCMD86114146ST-21-0.snv.bam	0.173741793745	0.178252328331	0.141197438077	0.144784201306	0.144634634308	0.159882232463	0.154635527247	0.163470993117	0.154732033713	0.179408695151	0.165558577204	0.0	0.159949537356	0.173959210452	0.154981032815	0.119609089729	0.153534752579	0.160547295276	0.161139977243	0.143622124295	0.171037202072	0.146343466438	0.135189459089	0.153358207322	0.14712452226	0.166481391853	0.155942184154	0.156345067362	0.154996353027	0.180134125006	0.173061361982	0.169972638979	0.139311272997	0.153264601429	0.188305348596	0.142523632547	0.158095874452	0.158468465997
DLM019.snv.bam	0.179335201306	0.170634988957	0.0821774515068	0.161028262524	0.168652258722	0.169038119025	0.165739602813	0.171700973159	0.165836109279	0.161880433075	0.164243642102	0.159949537356	0.0	0.184976193038	0.16499885112	0.15655932804	0.163514349102	0.14722403758	0.189875736113	0.0191646261616	0.149672809024	0.18207729042	0.156146344026	0.140898069993	0.13228415571	0.175430722371	0.169568207548	0.162959286607	0.16644059721	0.178006689922	0.178183607532	0.171385466344	0.125345340417	0.0664811731842	0.167094487966	0.102635647717	0.166231843752	0.156398925749
MH0196.snv.bam	0.17252323159	0.188368737397	0.185351010092	0.166387476353	0.159223170824	0.170876784926	0.158354448217	0.180023469837	0.158366078378	0.186002478954	0.172281451453	0.173959210452	0.184976193038	0.0	0.158651718111	0.151090086829	0.156969258553	0.16157865078	0.0543427632055	0.182807375784	0.17321234122	0.168381594838	0.155671330868	0.159971908399	0.159576561155	0.159426572191	0.159669326469	0.181474535489	0.158801253058	0.192562408189	0.174263428528	0.173326604999	0.132765780601	0.184658869963	0.188124411971	0.143581343392	0.150971371025	0.168489693495
MH0224.snv.bam	0.160109516928	0.173059672089	0.168660476819	0.128464879405	0.138770588616	0.140796515097	0.00136202676544	0.152395244685	0.00145652685994	0.170774198526	0.17397994955	0.154981032815	0.16499885112	0.158651718111	0.0	0.141116135167	0.00219401010363	0.153736165136	0.101578791788	0.151368190959	0.157546710741	0.13356932325	0.0645793531226	0.135439482276	0.143330754955	0.151877975333	0.118561380052	0.164894714973	0.150573263716	0.181487266977	0.166679962926	0.165139278337	0.139381522667	0.155689306287	0.19589637523	0.142386553211	0.141927638339	0.144780840618
MH0280.snv.bam	0.157398170485	0.166629485107	0.141728318408	0.140939894397	0.141509641695	0.150366349223	0.141261846938	0.132315964203	0.141359388881	0.159767355474	0.14805615761	0.119609089729	0.15655932804	0.151090086829	0.141116135167	0.0	0.139954177497	0.136098986246	0.13772548185	0.143614343982	0.123092376482	0.139763971631	0.114894018005	0.1351941333	0.122410289697	0.153127597703	0.138137851385	0.149442310781	0.140281364117	0.157088960213	0.145807024257	0.135933879629	0.115655154257	0.143173871758	0.17671956711	0.131827474304	0.139497413339	0.157369503847
MH0303.snv.bam	0.160152596045	0.170860105519	0.166002041782	0.128563743828	0.136658574721	0.139095102327	0.00115751917835	0.150271552983	0.00125221614805	0.16936444254	0.1724052361	0.153534752579	0.163514349102	0.156969258553	0.00219401010363	0.139954177497	0.0	0.151814266663	0.101769319096	0.150035495476	0.154869166599	0.131758427159	0.0640894608049	0.133347092283	0.141228443542	0.149663169839	0.11634025988	0.163083313083	0.148897633125	0.179836950551	0.164753479377	0.163277643311	0.137889433827	0.153058174675	0.194269433063	0.140653436744	0.139950616128	0.145450127177
MH0338.snv.bam	0.132807624092	0.155984999082	0.158710721985	0.15057682716	0.162979323011	0.14604606869	0.153689012868	0.159697069692	0.153784106059	0.156955430043	0.161528432915	0.160547295276	0.14722403758	0.16157865078	0.153736165136	0.136098986246	0.151814266663	0.0	0.151255896934	0.148215617375	0.15252544382	0.164011322944	0.141606780532	0.143404742275	0.143771382844	0.148470535209	0.129933223947	0.155375546164	0.125998595153	0.167964381017	0.150256707359	0.147985425981	0.129264840159	0.156088004985	0.174159205517	0.136587132196	0.137595688497	0.116429953994
MH0399.snv.bam	0.169519738157	0.175698814696	0.183968609899	0.151979162105	0.157380272276	0.149250976802	0.10137802541	0.167192666522	0.101256978916	0.173772078281	0.168599795485	0.161139977243	0.189875736113	0.0543427632055	0.101578791788	0.13772548185	0.101769319096	0.151255896934	0.0	0.183435924512	0.16259635415	0.138535502037	0.12135059931	0.148144169244	0.144404304085	0.151518396916	0.134194609148	0.170916612212	0.159586733141	0.180067482649	0.168540530404	0.162396046283	0.132629649901	0.181179434531	0.182758419617	0.141990238425	0.143007182703	0.159639270438
MH0406.snv.bam	0.16777008704	0.160510577798	0.0640428710299	0.154933355006	0.158609586896	0.156527637907	0.151709947986	0.162289547977	0.151804842653	0.151880447346	0.150272081678	0.143622124295	0.0191646261616	0.182807375784	0.151368190959	0.143614343982	0.150035495476	0.148215617375	0.183435924512	0.0	0.153967503989	0.170366045827	0.144196506817	0.138056233723	0.131471506426	0.160900552056	0.155355926495	0.153317725643	0.154127021689	0.1567815268	0.163094006493	0.155001956776	0.125339209449	0.0546430866256	0.165403524079	0.0935071943354	0.153456539785	0.143819891893
MH0428.snv.bam	0.157475911306	0.181169346557	0.162944746893	0.163080091709	0.165602808322	0.162929724289	0.157339957884	0.0793284427345	0.157441645905	0.180498395147	0.179249336617	0.171037202072	0.149672809024	0.17321234122	0.157546710741	0.123092376482	0.154869166599	0.15252544382	0.16259635415	0.153967503989	0.0	0.167922194934	0.147343123575	0.144210391699	0.1370151122	0.164776845108	0.140038179583	0.176028306817	0.146689305512	0.192075806069	0.144012319568	0.127026528025	0.129981297138	0.164112184259	0.190597678146	0.133731788784	0.136481083026	0.154466866902
MH0448.snv.bam	0.150945427602	0.195214967826	0.172544188243	0.126899948979	0.170468272556	0.147151036188	0.133661259887	0.158593360692	0.133756752629	0.185166583398	0.1754372469	0.146343466438	0.18207729042	0.168381594838	0.13356932325	0.139763971631	0.131758427159	0.164011322944	0.138535502037	0.170366045827	0.167922194934	0.0	0.12611685929	0.159202742147	0.162224441535	0.164090070814	0.136789038925	0.168732139557	0.137628351012	0.190352519041	0.181532444628	0.171528810461	0.146693789178	0.163122128164	0.183648121758	0.146305067865	0.164019400093	0.178892973519
MH0454.snv.bam	0.161072750145	0.160743656457	0.156873999212	0.107697931975	0.137636230902	0.146274586448	0.0639550689948	0.142727763502	0.0638599758035	0.15980139626	0.164410441666	0.135189459089	0.156146344026	0.155671330868	0.0645793531226	0.114894018005	0.0640894608049	0.141606780532	0.12135059931	0.144196506817	0.147343123575	0.12611685929	0.0	0.132856207194	0.139138144131	0.146632591649	0.134097446511	0.149201555975	0.145626127111	0.170391681598	0.148507332805	0.14867269183	0.120643428507	0.143654170511	0.191248369615	0.141544716868	0.134404310728	0.139582327753
MMRS20257302ST-27-0-0.snv.bam	0.167099384063	0.15864251116	0.142504280855	0.148619590142	0.156538923208	0.159108558486	0.134636384223	0.150171003731	0.134731876966	0.157029988871	0.144470809281	0.153358207322	0.140898069993	0.159971908399	0.135439482276	0.1351941333	0.133347092283	0.143404742275	0.148144169244	0.138056233723	0.144210391699	0.159202742147	0.132856207194	0.0	0.0561682549865	0.150743804917	0.148944377859	0.125407643863	0.149056080705	0.157990361652	0.160635382431	0.146840767616	0.121737889618	0.136829541982	0.159572384665	0.12635792736	0.131880818459	0.147965514104
MMRS32573774ST-27-0-0.snv.bam	0.169985840005	0.14779928231	0.12678654675	0.150186643906	0.151774932461	0.158402016254	0.142534194529	0.139146253476	0.142630906328	0.144223161894	0.152291837276	0.14712452226	0.13228415571	0.159576561155	0.143330754955	0.122410289697	0.141228443542	0.143771382844	0.144404304085	0.131471506426	0.1370151122	0.162224441535	0.139138144131	0.0561682549865	0.0	0.147787955949	0.141879981606	0.154585462308	0.149103226817	0.146707139149	0.165258079108	0.152415912971	0.117946663557	0.132098446795	0.145000762926	0.110187549966	0.14552051522	0.15055773362
MMRS51307502ST-27-0-0.snv.bam	0.154784641402	0.167474516786	0.152579669146	0.150268339814	0.141163150185	0.147675675466	0.151111023173	0.161474527138	0.151206315721	0.169481924371	0.163222045232	0.166481391853	0.175430722371	0.159426572191	0.151877975333	0.153127597703	0.149663169839	0.148470535209	0.151518396916	0.160900552056	0.164776845108	0.164090070814	0.146632591649	0.150743804917	0.147787955949	0.0	0.139631130957	0.159082628693	0.136220425623	0.17609644342	0.164752238996	0.168231172508	0.13381923871	0.158147850016	0.186779071535	0.139006333403	0.145700065161	0.146266219004
MMRS77018926ST-27-0-0.snv.bam	0.132020813992	0.18358656172	0.154851001717	0.152872501658	0.139273747674	0.148088347033	0.117629551821	0.12884147824	0.117725044563	0.177914609621	0.166968008968	0.155942184154	0.169568207548	0.159669326469	0.118561380052	0.138137851385	0.11634025988	0.129933223947	0.134194609148	0.155355926495	0.140038179583	0.136789038925	0.134097446511	0.148944377859	0.141879981606	0.139631130957	0.0	0.172089179165	0.120932325414	0.176681326812	0.163371034432	0.160184886596	0.149278974302	0.15651001347	0.183090190274	0.135043133633	0.148966614409	0.134007625292
MMRS77487595ST-27-0-0.snv.bam	0.185125907129	0.181209870848	0.165811368218	0.144407363626	0.160944313257	0.158885162131	0.164161202623	0.170755170755	0.164255702717	0.18184484736	0.165773178215	0.156345067362	0.162959286607	0.181474535489	0.164894714973	0.149442310781	0.163083313083	0.155375546164	0.170916612212	0.153317725643	0.176028306817	0.168732139557	0.149201555975	0.125407643863	0.154585462308	0.159082628693	0.172089179165	0.0	0.171223851095	0.174458676764	0.182819751369	0.170433032989	0.120001743094	0.160834199563	0.19131049952	0.146154696092	0.159484801355	0.165683697848
MMRS93508324ST-27-0-0.snv.bam	0.00109139642034	0.162474892668	0.155767690066	0.149317323521	0.154042177813	0.159808004518	0.150214592275	0.127268207805	0.150312134218	0.161895844022	0.152364399795	0.154996353027	0.16644059721	0.158801253058	0.150573263716	0.140281364117	0.148897633125	0.125998595153	0.159586733141	0.154127021689	0.146689305512	0.137628351012	0.145626127111	0.149056080705	0.149103226817	0.136220425623	0.120932325414	0.171223851095	0.0	0.178088812049	0.166716290185	0.161960281054	0.132356113422	0.15929437382	0.171631103484	0.124636594726	0.144756495054	0.132394087434
N022A.snv.bam	0.196332828417	0.0574262975281	0.130525528608	0.172549713098	0.180463630084	0.176227237221	0.181294677222	0.190903297524	0.181391389021	0.0611303398223	0.122030183841	0.180134125006	0.178006689922	0.192562408189	0.181487266977	0.157088960213	0.179836950551	0.167964381017	0.180067482649	0.1567815268	0.192075806069	0.190352519041	0.170391681598	0.157990361652	0.146707139149	0.17609644342	0.176681326812	0.174458676764	0.178088812049	0.0	0.182194347291	0.171973252294	0.160639228654	0.149343046453	0.0997089040789	0.160389791936	0.169540836187	0.163946340387
O2.UC29-1.snv.bam	0.185218499864	0.182967843847	0.173625416053	0.177976868889	0.153337500536	0.175828904487	0.165925050684	0.166400645513	0.166022802395	0.185860658996	0.164044743796	0.173061361982	0.178183607532	0.174263428528	0.166679962926	0.145807024257	0.164753479377	0.150256707359	0.168540530404	0.163094006493	0.144012319568	0.181532444628	0.148507332805	0.160635382431	0.165258079108	0.164752238996	0.163371034432	0.182819751369	0.166716290185	0.182194347291	0.0	0.04778030434	0.157527761495	0.173037863822	0.187442008445	0.14467812128	0.0943250447658	0.141569052626
O2.UC40-1.snv.bam	0.175598419076	0.171470838004	0.157875712108	0.174327559448	0.153750365617	0.166367951658	0.16518323213	0.146815198042	0.165098492112	0.175966803903	0.169037232959	0.169972638979	0.171385466344	0.173326604999	0.165139278337	0.135933879629	0.163277643311	0.147985425981	0.162396046283	0.155001956776	0.127026528025	0.171528810461	0.14867269183	0.146840767616	0.152415912971	0.168231172508	0.160184886596	0.170433032989	0.161960281054	0.171973252294	0.04778030434	0.0	0.143100367265	0.166792039664	0.18431005711	0.137417227427	0.0712458399495	0.148608737319
O2.UC44-2.snv.bam	0.149187969688	0.143046113832	0.130876764586	0.106055498451	0.131085269881	0.135439362037	0.139362834977	0.124160718728	0.139460586688	0.147431266741	0.143671803932	0.139311272997	0.125345340417	0.132765780601	0.139381522667	0.115655154257	0.137889433827	0.129264840159	0.132629649901	0.125339209449	0.129981297138	0.146693789178	0.120643428507	0.121737889618	0.117946663557	0.13381923871	0.149278974302	0.120001743094	0.132356113422	0.160639228654	0.157527761495	0.143100367265	0.0	0.136979717421	0.164967838645	0.103485013926	0.129705487099	0.133890107497
SZEY-62A.snv.bam	0.173529490399	0.14410042955	0.0820636040086	0.158595589917	0.157492600035	0.155842934184	0.154925540783	0.172139769714	0.155021436448	0.136573364975	0.148636057271	0.153264601429	0.0664811731842	0.184658869963	0.155689306287	0.143173871758	0.153058174675	0.156088004985	0.181179434531	0.0546430866256	0.164112184259	0.163122128164	0.143654170511	0.136829541982	0.132098446795	0.158147850016	0.15651001347	0.160834199563	0.15929437382	0.149343046453	0.173037863822	0.166792039664	0.136979717421	0.0	0.171030416588	0.109264897971	0.151859629292	0.15845262571
T2D-108A.snv.bam	0.189528171793	0.143600800936	0.146314781902	0.185730046947	0.182358172007	0.184851879816	0.195994894558	0.188583060609	0.1960903873	0.134971135034	0.084493848263	0.188305348596	0.167094487966	0.188124411971	0.19589637523	0.17671956711	0.194269433063	0.174159205517	0.182758419617	0.165403524079	0.190597678146	0.183648121758	0.191248369615	0.159572384665	0.145000762926	0.186779071535	0.183090190274	0.19131049952	0.171631103484	0.0997089040789	0.187442008445	0.18431005711	0.164967838645	0.171030416588	0.0	0.151357903975	0.178418862417	0.181294078016
V1.CD22-0.snv.bam	0.1397491978	0.164697260185	0.127277279271	0.140460247829	0.140544592923	0.127565917083	0.142275670952	0.128004238072	0.142372796049	0.15930120673	0.146112152681	0.142523632547	0.102635647717	0.143581343392	0.142386553211	0.131827474304	0.140653436744	0.136587132196	0.141990238425	0.0935071943354	0.133731788784	0.146305067865	0.141544716868	0.12635792736	0.110187549966	0.139006333403	0.135043133633	0.146154696092	0.124636594726	0.160389791936	0.14467812128	0.137417227427	0.103485013926	0.109264897971	0.151357903975	0.0	0.130427473653	0.127098209511
V1.FI14.snv.bam	0.159232512941	0.160479922348	0.15356172715	0.155229225743	0.13527950519	0.149437518568	0.141396041307	0.150208493028	0.141491936973	0.159525021587	0.142162276808	0.158095874452	0.166231843752	0.150971371025	0.141927638339	0.139497413339	0.139950616128	0.137595688497	0.143007182703	0.153456539785	0.136481083026	0.164019400093	0.134404310728	0.131880818459	0.14552051522	0.145700065161	0.148966614409	0.159484801355	0.144756495054	0.169540836187	0.0943250447658	0.0712458399495	0.129705487099	0.151859629292	0.178418862417	0.130427473653	0.0	0.132167355978
V1.UC35-4.snv.bam	0.142366256139	0.15128826259	0.157372183335	0.142175278014	0.147461920345	0.110301982485	0.14503700911	0.151159339223	0.145133515575	0.150961019478	0.156776166429	0.158468465997	0.156398925749	0.168489693495	0.144780840618	0.157369503847	0.145450127177	0.116429953994	0.159639270438	0.143819891893	0.154466866902	0.178892973519	0.139582327753	0.147965514104	0.15055773362	0.146266219004	0.134007625292	0.165683697848	0.132394087434	0.163946340387	0.141569052626	0.148608737319	0.133890107497	0.15845262571	0.181294078016	0.127098209511	0.132167355978	0.0
