	CCIS29688262ST-20-0.snv.bam	CCIS48507077ST-4-0.snv.bam	CCIS50471204ST-4-0.snv.bam	MH0370.snv.bam	MMRS42780924ST-27-0-0.snv.bam	MMRS47685461ST-27-0-0.snv.bam	MMRS62192467ST-27-0-0.snv.bam	MMRS65945127ST-27-0-0.snv.bam	MMRS95674036ST-27-0-0.snv.bam	O2.UC19-1.snv.bam	T2D-62A.snv.bam	T2D-66A.snv.bam	V1.CD12-3.snv.bam	V1.CD21-0.snv.bam	V1.CD3-0-PT.snv.bam	V1.CD32-0.snv.bam	V1.CD32-4.snv.bam	V1.CD4-0-PT.snv.bam	V1.FI18.snv.bam	V1.FI21.snv.bam	V1.FI23.snv.bam	V1.UC11-5.snv.bam	V1.UC38-4.snv.bam
CCIS29688262ST-20-0.snv.bam	0.0	0.334419368699	0.354752279039	0.145855655896	0.310785912619	0.278420891146	0.326050936166	0.171353212505	0.348156178313	0.331911886047	0.229291938817	0.298648382098	0.346336297343	0.14039105144	0.294590832324	0.30640399518	0.319363895668	0.293031586135	0.340102213801	0.327894396093	0.20288047499	0.255366433532	0.296005189885
CCIS48507077ST-4-0.snv.bam	0.334419368699	0.0	0.149431256674	0.218300967219	0.186899328395	0.264688302155	0.138738434036	0.37826574002	0.160225930772	0.0584609527243	0.328959261383	0.123894847143	0.127868905792	0.370271122544	0.130892446315	0.0811778405008	0.0743486505412	0.127258726008	0.145384245143	0.119476547827	0.378349110365	0.20461614849	0.143753235676
CCIS50471204ST-4-0.snv.bam	0.354752279039	0.149431256674	0.0	0.265856709451	0.0756397581602	0.226091569153	0.0782948055663	0.347955657475	0.0848893402403	0.151692460368	0.328158221151	0.189611398141	0.209530465353	0.376526509567	0.19307625414	0.150923814905	0.145798557297	0.1913746216	0.0596285252188	0.194241623013	0.367282145931	0.206827920934	0.20063188835
MH0370.snv.bam	0.145855655896	0.218300967219	0.265856709451	0.0	0.23498351732	0.236485930563	0.237696665027	0.227800370117	0.263272935111	0.21483048663	0.249279068785	0.213801594679	0.224285755785	0.203996084275	0.209966244975	0.193852386248	0.207574650545	0.207221503331	0.249814080905	0.246052063823	0.256446427598	0.184466461784	0.212822549338
MMRS42780924ST-27-0-0.snv.bam	0.310785912619	0.186899328395	0.0756397581602	0.23498351732	0.0	0.202020202166	0.0856791238019	0.303003758054	0.110088854263	0.184794366437	0.297159763966	0.208979426096	0.23740068311	0.34476096562	0.210302004288	0.165800820107	0.177467533679	0.207319813158	0.0879325146681	0.224172438206	0.32946270793	0.178396707848	0.214237250669
MMRS47685461ST-27-0-0.snv.bam	0.278420891146	0.264688302155	0.226091569153	0.236485930563	0.202020202166	0.0	0.207346341632	0.270036664379	0.23395262382	0.251220745003	0.243660495951	0.231086866411	0.261118219187	0.306604352399	0.244105473967	0.249979292947	0.252230977322	0.242951560908	0.22709099302	0.294668863778	0.244735838266	0.180389232326	0.245444884181
MMRS62192467ST-27-0-0.snv.bam	0.326050936166	0.138738434036	0.0782948055663	0.237696665027	0.0856791238019	0.207346341632	0.0	0.328157152702	0.113568300124	0.131593547077	0.298335956192	0.161360311411	0.185478132342	0.362919372312	0.16481096275	0.140295468425	0.134376860314	0.162579826197	0.0957480324446	0.184670502628	0.345671157256	0.187826866928	0.165618226834
MMRS65945127ST-27-0-0.snv.bam	0.171353212505	0.37826574002	0.347955657475	0.227800370117	0.303003758054	0.270036664379	0.328157152702	0.0	0.346341463415	0.374886942254	0.158774047274	0.314463713276	0.375825061316	0.231734648897	0.319650330234	0.354665183583	0.367170184465	0.319694184335	0.338173228557	0.342422092637	0.22574591086	0.261999992619	0.321690577063
MMRS95674036ST-27-0-0.snv.bam	0.348156178313	0.160225930772	0.0848893402403	0.263272935111	0.110088854263	0.23395262382	0.113568300124	0.346341463415	0.0	0.150275906102	0.329830124549	0.209470121382	0.227792931989	0.382039821804	0.220061170914	0.162799079509	0.158373153017	0.217539825347	0.0468498586034	0.198251851814	0.369782058535	0.189388709752	0.222021454501
O2.UC19-1.snv.bam	0.331911886047	0.0584609527243	0.151692460368	0.21483048663	0.184794366437	0.251220745003	0.131593547077	0.374886942254	0.150275906102	0.0	0.315910044215	0.0939262869374	0.120345497608	0.36327621924	0.10795021096	0.0701457800721	0.0578147183802	0.107078606682	0.134657278683	0.0920820318512	0.373424675618	0.191266809693	0.117817918705
T2D-62A.snv.bam	0.229291938817	0.328959261383	0.328158221151	0.249279068785	0.297159763966	0.243660495951	0.298335956192	0.158774047274	0.329830124549	0.315910044215	0.0	0.273936918733	0.334061122218	0.24834921515	0.295909848114	0.308036358115	0.316797375072	0.295180040888	0.318975374927	0.361510017686	0.199884654383	0.244905582799	0.295232070743
T2D-66A.snv.bam	0.298648382098	0.123894847143	0.189611398141	0.213801594679	0.208979426096	0.231086866411	0.161360311411	0.314463713276	0.209470121382	0.0939262869374	0.273936918733	0.0	0.0963942170284	0.337421134289	0.0473818051306	0.125139401875	0.118170597271	0.0487343712331	0.196162990211	0.145629578488	0.300222389038	0.236210963047	0.0513840686391
V1.CD12-3.snv.bam	0.346336297343	0.127868905792	0.209530465353	0.224285755785	0.23740068311	0.261118219187	0.185478132342	0.375825061316	0.227792931989	0.120345497608	0.334061122218	0.0963942170284	0.0	0.374103052629	0.0892175519173	0.129542660533	0.12094834317	0.0877861297543	0.213294274736	0.166623688529	0.356433288474	0.247026012802	0.114597372736
V1.CD21-0.snv.bam	0.14039105144	0.370271122544	0.376526509567	0.203996084275	0.34476096562	0.306604352399	0.362919372312	0.231734648897	0.382039821804	0.36327621924	0.24834921515	0.337421134289	0.374103052629	0.0	0.330426656777	0.342992850522	0.353832536496	0.329640091309	0.367154518531	0.358177161834	0.246149943508	0.283558720091	0.339562719692
V1.CD3-0-PT.snv.bam	0.294590832324	0.130892446315	0.19307625414	0.209966244975	0.210302004288	0.244105473967	0.16481096275	0.319650330234	0.220061170914	0.10795021096	0.295909848114	0.0473818051306	0.0892175519173	0.330426656777	0.0	0.116296859402	0.107340126474	0.0112854691593	0.198858058588	0.132532264795	0.309802607948	0.231973658997	0.0591401487877
V1.CD32-0.snv.bam	0.30640399518	0.0811778405008	0.150923814905	0.193852386248	0.165800820107	0.249979292947	0.140295468425	0.354665183583	0.162799079509	0.0701457800721	0.308036358115	0.125139401875	0.129542660533	0.342992850522	0.116296859402	0.0	0.0179801680665	0.11199836639	0.149073370389	0.113989045889	0.355593555324	0.182803806175	0.11743855497
V1.CD32-4.snv.bam	0.319363895668	0.0743486505412	0.145798557297	0.207574650545	0.177467533679	0.252230977322	0.134376860314	0.367170184465	0.158373153017	0.0578147183802	0.316797375072	0.118170597271	0.12094834317	0.353832536496	0.107340126474	0.0179801680665	0.0	0.104486563259	0.146165530067	0.102796439805	0.365345707831	0.194325438963	0.112821831032
V1.CD4-0-PT.snv.bam	0.293031586135	0.127258726008	0.1913746216	0.207221503331	0.207319813158	0.242951560908	0.162579826197	0.319694184335	0.217539825347	0.107078606682	0.295180040888	0.0487343712331	0.0877861297543	0.329640091309	0.0112854691593	0.11199836639	0.104486563259	0.0	0.196088688353	0.134996594302	0.309593888902	0.23096401969	0.0600300935046
V1.FI18.snv.bam	0.340102213801	0.145384245143	0.0596285252188	0.249814080905	0.0879325146681	0.22709099302	0.0957480324446	0.338173228557	0.0468498586034	0.134657278683	0.318975374927	0.196162990211	0.213294274736	0.367154518531	0.198858058588	0.149073370389	0.146165530067	0.196088688353	0.0	0.179835584734	0.358538543442	0.183808996969	0.208025837389
V1.FI21.snv.bam	0.327894396093	0.119476547827	0.194241623013	0.246052063823	0.224172438206	0.294668863778	0.184670502628	0.342422092637	0.198251851814	0.0920820318512	0.361510017686	0.145629578488	0.166623688529	0.358177161834	0.132532264795	0.113989045889	0.102796439805	0.134996594302	0.179835584734	0.0	0.366641498836	0.222787455389	0.141343329679
V1.FI23.snv.bam	0.20288047499	0.378349110365	0.367282145931	0.256446427598	0.32946270793	0.244735838266	0.345671157256	0.22574591086	0.369782058535	0.373424675618	0.199884654383	0.300222389038	0.356433288474	0.246149943508	0.309802607948	0.355593555324	0.365345707831	0.309593888902	0.358538543442	0.366641498836	0.0	0.296450834454	0.314124656763
V1.UC11-5.snv.bam	0.255366433532	0.20461614849	0.206827920934	0.184466461784	0.178396707848	0.180389232326	0.187826866928	0.261999992619	0.189388709752	0.191266809693	0.244905582799	0.236210963047	0.247026012802	0.283558720091	0.231973658997	0.182803806175	0.194325438963	0.23096401969	0.183808996969	0.222787455389	0.296450834454	0.0	0.242291502687
V1.UC38-4.snv.bam	0.296005189885	0.143753235676	0.20063188835	0.212822549338	0.214237250669	0.245444884181	0.165618226834	0.321690577063	0.222021454501	0.117817918705	0.295232070743	0.0513840686391	0.114597372736	0.339562719692	0.0591401487877	0.11743855497	0.112821831032	0.0600300935046	0.208025837389	0.141343329679	0.314124656763	0.242291502687	0.0
