	159551223-stool2.snv.bam	160582958-stool1.snv.bam	160582958-stool2.snv.bam	160603188-stool1.snv.bam	763536994-stool2.snv.bam	764588959-stool1.snv.bam	764588959-stool2.snv.bam	BYQ_AAAP.snv.bam	CCIS87290971ST-4-0.snv.bam	CCMD63399960ST-21-0.snv.bam	CCMD64776337ST-21-0.snv.bam	CCMD93344354ST-21-0.snv.bam	M2.1-V1.metaG.snv.bam	M2.3-V2.metaG.snv.bam	M2.3-V2.metaT.snv.bam	M2.3-V3.metaG.snv.bam	MH0206.snv.bam	MH0267.snv.bam	MH0351.snv.bam	MH0379.snv.bam	MH0385.snv.bam	MH0408.snv.bam	MH0422.snv.bam	MH0426.snv.bam	MH0437.snv.bam	MH0452.snv.bam	MMRS40913371ST-27-0-0.snv.bam	MMRS41266697ST-27-0-0.snv.bam	MMRS84954772ST-27-0-0.snv.bam	MMRS93621581ST-27-0-0.snv.bam	O2.UC35-1.snv.bam	V1.CD46-0.snv.bam	V1.CD52-0.snv.bam	V1.FI20.snv.bam	V1.FI36.snv.bam	V1.UC58-4.snv.bam	halbarad-11-7-0.snv.bam	halbarad-12-7-0.snv.bam	halbarad-13-7-0.snv.bam
159551223-stool2.snv.bam	0.0	0.211140402604	0.206144977449	0.155038389471	0.148538934634	0.182589222814	0.181940556325	0.137660436096	0.105532438631	0.330432881008	0.176246628299	0.179444670583	0.155675277294	0.136395820536	0.118562092592	0.133963132707	0.196071816256	0.157977184509	0.158627970656	0.150044856098	0.117837705218	0.146477864387	0.157933547848	0.139489459798	0.188743212802	0.159326750283	0.137778535322	0.15616104224	0.128019010962	0.155448965545	0.19571158726	0.188063513683	0.156727704771	0.15645095286	0.157129421946	0.168253112476	0.144798769935	0.150189694079	0.145853663071
160582958-stool1.snv.bam	0.211140402604	0.0	0.00325395248203	0.190201187992	0.198327777195	0.209502815115	0.210004815718	0.192819785169	0.191282940592	0.325271834171	0.237287992403	0.105502276718	0.163965171201	0.189029354743	0.19584084113	0.186751347312	0.240497378799	0.191841183957	0.185500919564	0.19590028204	0.193562328558	0.194288665873	0.206944667881	0.244334784022	0.196484347408	0.186332840767	0.183358015695	0.208409623115	0.222107605258	0.19763839679	0.206775265799	0.243554505688	0.158630477493	0.164098220568	0.224101049415	0.207061251123	0.214733009583	0.222306475892	0.2186301864
160582958-stool2.snv.bam	0.206144977449	0.00325395248203	0.0	0.184250423452	0.191875237296	0.203189351753	0.202001546874	0.18744163177	0.182761250953	0.321902649462	0.229219186774	0.0962880364754	0.155571297802	0.180939637229	0.187073201199	0.178619352915	0.233517634217	0.185158119551	0.179378572805	0.188913280251	0.18658023371	0.189776836868	0.20054304525	0.239018415291	0.189695304651	0.179669810741	0.179174788824	0.20096922192	0.213747591522	0.188431779646	0.199332233851	0.23780891982	0.151207090103	0.156365666045	0.216973013446	0.199639106871	0.206455498908	0.214260212871	0.210214886328
160603188-stool1.snv.bam	0.155038389471	0.190201187992	0.184250423452	0.0	0.0498623463082	0.0555423272013	0.0552777033812	0.0820466472345	0.108674707962	0.291491007041	0.124331367638	0.165958616115	0.0917952050488	0.0662439080428	0.0543344191841	0.0635911918724	0.144393674349	0.1570512546	0.156107859733	0.149880715049	0.118177267525	0.161877268311	0.0432774198172	0.113208197374	0.104114884978	0.155853509454	0.153221493891	0.0717882129924	0.151325892384	0.158336255093	0.0725245024225	0.0968481554778	0.108968765909	0.0922034369742	0.0896507805177	0.106098719783	0.139250848513	0.138412087177	0.138893698701
763536994-stool2.snv.bam	0.148538934634	0.198327777195	0.191875237296	0.0498623463082	0.0	0.0975510141093	0.0979999807309	0.0800140775569	0.102571004375	0.303969814751	0.12425667563	0.151069681228	0.0890030347211	0.0581770653061	0.0524384979725	0.0555314952648	0.15476198712	0.142857083804	0.141080469207	0.132344639773	0.105974340954	0.17404306672	0.0247627394703	0.12778907456	0.102591210211	0.141581322342	0.137193923868	0.0611903320248	0.12506390685	0.149202258307	0.116220424476	0.0885681981492	0.0725948499994	0.0892487239942	0.0896546185943	0.111846623234	0.122697619479	0.121204928562	0.124970597651
764588959-stool1.snv.bam	0.182589222814	0.209502815115	0.203189351753	0.0555423272013	0.0975510141093	0.0	0.00309814518431	0.125677142288	0.13408987939	0.315665014111	0.0897723208097	0.184471629727	0.122555396204	0.105769401815	0.0932547930313	0.103264554201	0.172068594809	0.177197318673	0.174534822142	0.175289585746	0.142894684261	0.19164397901	0.0918110246851	0.155920894962	0.154257755316	0.175036715209	0.165046616865	0.125740792767	0.179274110062	0.163312941729	0.110429755926	0.133208014397	0.164552354593	0.122570103591	0.0846234542975	0.10067734144	0.169911967249	0.170340592971	0.171881511401
764588959-stool2.snv.bam	0.181940556325	0.210004815718	0.202001546874	0.0552777033812	0.0979999807309	0.00309814518431	0.0	0.124217475084	0.132717056824	0.315609479806	0.0880022249627	0.183338721842	0.121048482849	0.104139472054	0.0916231196575	0.101615921271	0.172574723663	0.178327776322	0.175417647222	0.176248146273	0.142283612688	0.192041311173	0.0917654785809	0.156508069715	0.154934454265	0.176104099173	0.160656847894	0.124056530988	0.178248042292	0.161871317643	0.109495434821	0.134902304842	0.164329654269	0.121957919785	0.0832224254136	0.0999208058226	0.168722196734	0.169605429015	0.170804858974
BYQ_AAAP.snv.bam	0.137660436096	0.192819785169	0.18744163177	0.0820466472345	0.0800140775569	0.125677142288	0.124217475084	0.0	0.126666413509	0.277813470244	0.161038534115	0.180410636982	0.125916421995	0.0920795254129	0.0837079720067	0.089485466914	0.162333209688	0.169152426284	0.172063549779	0.137620653288	0.138773872154	0.160204065704	0.0983882179024	0.118939796259	0.166694947679	0.172207059308	0.147890458549	0.0951862860412	0.149202857395	0.159034423431	0.111589080524	0.140144961227	0.107475506762	0.126684813719	0.128162576205	0.13881464189	0.140309134653	0.13987593603	0.140827033663
CCIS87290971ST-4-0.snv.bam	0.105532438631	0.191282940592	0.182761250953	0.108674707962	0.102571004375	0.13408987939	0.132717056824	0.126666413509	0.0	0.294239454908	0.11044973545	0.0920498084291	0.100342715883	0.0945558739255	0.0835336538462	0.0919540229885	0.16693886597	0.0577826892004	0.0558471029432	0.13221279011	0.00977304883714	0.113419714383	0.113616437784	0.125052208503	0.152244214556	0.0563593331072	0.128526645768	0.100545767853	0.076119257087	0.090077812361	0.137735420644	0.140238527827	0.115822483492	0.101270393675	0.0905153477687	0.113275784903	0.117454011421	0.119348244348	0.116766467066
CCMD63399960ST-21-0.snv.bam	0.330432881008	0.325271834171	0.321902649462	0.291491007041	0.303969814751	0.315665014111	0.315609479806	0.277813470244	0.294239454908	0.0	0.294418641497	0.313712975882	0.301019213811	0.289448306378	0.293444608611	0.289448306378	0.272697390923	0.305696034457	0.308029683667	0.298823075284	0.305006591928	0.301222246768	0.312270372429	0.27174008627	0.28860730239	0.308476473249	0.315879229246	0.28646931656	0.299187154943	0.324976951528	0.276502096619	0.305914616308	0.279369170717	0.301950673242	0.291738127162	0.279511788576	0.310247095098	0.310436739663	0.30392693136
CCMD64776337ST-21-0.snv.bam	0.176246628299	0.237287992403	0.229219186774	0.124331367638	0.12425667563	0.0897723208097	0.0880022249627	0.161038534115	0.11044973545	0.294418641497	0.0	0.174838501292	0.107625272331	0.0988727858293	0.088226010101	0.0962532299742	0.169787486786	0.147694867608	0.14271627483	0.171906650832	0.109564966337	0.18324435981	0.106498426288	0.143576016863	0.165549783868	0.143176691249	0.156404812456	0.102033577077	0.145601714474	0.129321737392	0.142450800833	0.133073063131	0.143536669767	0.108371350111	0.0332789318629	0.0800454352094	0.171311771296	0.170274170274	0.170033670034
CCMD93344354ST-21-0.snv.bam	0.179444670583	0.105502276718	0.0962880364754	0.165958616115	0.151069681228	0.184471629727	0.183338721842	0.180410636982	0.0920498084291	0.313712975882	0.174838501292	0.0	0.109391992091	0.140149393091	0.141366248694	0.137734082397	0.214375861441	0.0860201947533	0.0828072773356	0.152432010435	0.0888993327303	0.131124846228	0.159357334316	0.186535632402	0.153625435999	0.0833346818577	0.147794871795	0.143203939255	0.148968481375	0.127684340142	0.166328555023	0.179623629773	0.105064458406	0.110298881585	0.15874704926	0.147340748538	0.176655317557	0.180358820766	0.17605083089
M2.1-V1.metaG.snv.bam	0.155675277294	0.163965171201	0.155571297802	0.0917952050488	0.0890030347211	0.122555396204	0.121048482849	0.125916421995	0.100342715883	0.301019213811	0.107625272331	0.109391992091	0.0	0.0894402453719	0.0877565870098	0.0868896578239	0.179912401521	0.117038760771	0.115627481014	0.131720572572	0.105511657173	0.150576968722	0.0946389368693	0.130110322003	0.128385385733	0.116493137005	0.122759533261	0.0924862592841	0.148503641457	0.127286002592	0.128613576614	0.134114961328	0.110172219502	0.00101389730612	0.0742371728059	0.0712593305028	0.137125859858	0.136581501287	0.140408210068
M2.3-V2.metaG.snv.bam	0.136395820536	0.189029354743	0.180939637229	0.0662439080428	0.0581770653061	0.105769401815	0.104139472054	0.0920795254129	0.0945558739255	0.289448306378	0.0988727858293	0.140149393091	0.0894402453719	0.0	0.0001953125	0.0	0.151528243325	0.13703988443	0.132332487039	0.137444249326	0.094188818178	0.159165995111	0.0384040833773	0.118922500699	0.114043649039	0.132955247718	0.134969325153	0.0476146048495	0.111304761905	0.132864572048	0.108728001987	0.103076296514	0.0934342011145	0.0903446016549	0.085418049651	0.0964144906061	0.12031131281	0.122031913336	0.119883040936
M2.3-V2.metaT.snv.bam	0.118562092592	0.19584084113	0.187073201199	0.0543344191841	0.0524384979725	0.0932547930313	0.0916231196575	0.0837079720067	0.0835336538462	0.293444608611	0.088226010101	0.141366248694	0.0877565870098	0.0001953125	0.0	0.0001953125	0.149875061021	0.13790810182	0.131950736559	0.13668616711	0.085645206477	0.14934875108	0.029505114295	0.106771370589	0.108031561984	0.132011236144	0.129464285714	0.0379085961198	0.10890758547	0.130061271536	0.105925592459	0.0985604954849	0.0826683137131	0.0884428147681	0.0736436921283	0.0950855050221	0.115918593706	0.120270259227	0.113839285714
M2.3-V3.metaG.snv.bam	0.133963132707	0.186751347312	0.178619352915	0.0635911918724	0.0555314952648	0.103264554201	0.101615921271	0.089485466914	0.0919540229885	0.289448306378	0.0962532299742	0.137734082397	0.0868896578239	0.0	0.0001953125	0.0	0.149117812198	0.134560113983	0.129902045826	0.13494408773	0.0916300295288	0.156735839028	0.0356953624854	0.116454496499	0.111505092159	0.130526550933	0.132307692308	0.0450091057657	0.108758357211	0.13041503694	0.106195979266	0.100542613736	0.0908948011176	0.0877965473178	0.0828417624669	0.0938763290628	0.117847198841	0.119479680526	0.117302052786
MH0206.snv.bam	0.196071816256	0.240497378799	0.233517634217	0.144393674349	0.15476198712	0.172068594809	0.172574723663	0.162333209688	0.16693886597	0.272697390923	0.169787486786	0.214375861441	0.179912401521	0.151528243325	0.149875061021	0.149117812198	0.0	0.204564781578	0.1973080662	0.187952383582	0.165734462122	0.212644016358	0.150560677449	0.150429351151	0.186375183374	0.197878009614	0.209049993309	0.154640862459	0.183622216269	0.216006212984	0.162079435714	0.158983024023	0.188971089978	0.179726354787	0.184624095369	0.186108464779	0.193710768729	0.194852507177	0.187861773172
MH0267.snv.bam	0.157977184509	0.191841183957	0.185158119551	0.1570512546	0.142857083804	0.177197318673	0.178327776322	0.169152426284	0.0577826892004	0.305696034457	0.147694867608	0.0860201947533	0.117038760771	0.13703988443	0.13790810182	0.134560113983	0.204564781578	0.0	0.00684883025238	0.148378683501	0.053527811216	0.0772302445829	0.154188201777	0.164416448573	0.187056899627	0.00717822771509	0.135977804596	0.140164448844	0.116841389892	0.0807378155619	0.176933088906	0.174241085723	0.160590085147	0.117121631445	0.129481213057	0.15192311888	0.148705930235	0.150473937198	0.145876635634
MH0351.snv.bam	0.158627970656	0.185500919564	0.179378572805	0.156107859733	0.141080469207	0.174534822142	0.175417647222	0.172063549779	0.0558471029432	0.308029683667	0.14271627483	0.0828072773356	0.115627481014	0.132332487039	0.131950736559	0.129902045826	0.1973080662	0.00684883025238	0.0	0.14663196137	0.0512896542758	0.0746694179521	0.1489136663	0.164272381959	0.186691853079	0.00677361561932	0.13872898813	0.135209210279	0.112209090762	0.0805200470987	0.173741238814	0.167403580334	0.157835684971	0.115465116526	0.127677751228	0.149392043333	0.152043637112	0.153821224501	0.150211246581
MH0379.snv.bam	0.150044856098	0.19590028204	0.188913280251	0.149880715049	0.132344639773	0.175289585746	0.176248146273	0.137620653288	0.13221279011	0.298823075284	0.171906650832	0.152432010435	0.131720572572	0.137444249326	0.13668616711	0.13494408773	0.187952383582	0.148378683501	0.14663196137	0.0	0.136960314456	0.168715985721	0.152606278513	0.151827359587	0.196218599815	0.147383665137	0.124595857216	0.142843817992	0.148540891651	0.1674681854	0.192724480673	0.185821603776	0.149142461749	0.132228232415	0.158304509679	0.160546650039	0.134760578766	0.13159467642	0.135017303839
MH0385.snv.bam	0.117837705218	0.193562328558	0.18658023371	0.118177267525	0.105974340954	0.142894684261	0.142283612688	0.138773872154	0.00977304883714	0.305006591928	0.109564966337	0.0888993327303	0.105511657173	0.094188818178	0.085645206477	0.0916300295288	0.165734462122	0.053527811216	0.0512896542758	0.136960314456	0.0	0.116620169649	0.112206470639	0.132626220122	0.151585154941	0.0514531860561	0.137211713295	0.096978882912	0.0724217976557	0.0920065524753	0.14179697007	0.136505490714	0.120169353931	0.106006446766	0.0954447874649	0.116756970408	0.125150649125	0.126267075145	0.125182980688
MH0408.snv.bam	0.146477864387	0.194288665873	0.189776836868	0.161877268311	0.17404306672	0.19164397901	0.192041311173	0.160204065704	0.113419714383	0.301222246768	0.18324435981	0.131124846228	0.150576968722	0.159165995111	0.14934875108	0.156735839028	0.212644016358	0.0772302445829	0.0746694179521	0.168715985721	0.116620169649	0.0	0.173552004179	0.171695740797	0.20308408255	0.0754120622339	0.152176548682	0.142712026755	0.148635005812	0.123979477862	0.18458266456	0.191338436048	0.173081767612	0.150777990019	0.169306824785	0.182608902405	0.170899280374	0.171179744452	0.166017969205
MH0422.snv.bam	0.157933547848	0.206944667881	0.20054304525	0.0432774198172	0.0247627394703	0.0918110246851	0.0917654785809	0.0983882179024	0.113616437784	0.312270372429	0.106498426288	0.159357334316	0.0946389368693	0.0384040833773	0.029505114295	0.0356953624854	0.150560677449	0.154188201777	0.1489136663	0.152606278513	0.112206470639	0.173552004179	0.0	0.12145339101	0.0817781152389	0.149976221718	0.149285758359	0.0410659256181	0.135926235267	0.157401094286	0.0984451196162	0.0706001163267	0.0890285457512	0.0947631371479	0.0843624437544	0.106615474635	0.133735871728	0.132877639796	0.133264006409
MH0426.snv.bam	0.139489459798	0.244334784022	0.239018415291	0.113208197374	0.12778907456	0.155920894962	0.156508069715	0.118939796259	0.125052208503	0.27174008627	0.143576016863	0.186535632402	0.130110322003	0.118922500699	0.106771370589	0.116454496499	0.150429351151	0.164416448573	0.164272381959	0.151827359587	0.132626220122	0.171695740797	0.12145339101	0.0	0.158467065087	0.16475782502	0.173012247537	0.110571866566	0.149828249812	0.173454359691	0.138319683471	0.109344804767	0.138339186627	0.130056832189	0.114455848405	0.135764057966	0.155627571937	0.155146108229	0.153794638076
MH0437.snv.bam	0.188743212802	0.196484347408	0.189695304651	0.104114884978	0.102591210211	0.154257755316	0.154934454265	0.166694947679	0.152244214556	0.28860730239	0.165549783868	0.153625435999	0.128385385733	0.114043649039	0.108031561984	0.111505092159	0.186375183374	0.187056899627	0.186691853079	0.196218599815	0.151585154941	0.20308408255	0.0817781152389	0.158467065087	0.0	0.186820464385	0.187888712254	0.111445000412	0.183836093071	0.198763945618	0.103250287853	0.118248203997	0.108378636178	0.128605165401	0.140881091959	0.105335457149	0.171118540155	0.170859569437	0.172365386432
MH0452.snv.bam	0.159326750283	0.186332840767	0.179669810741	0.155853509454	0.141581322342	0.175036715209	0.176104099173	0.172207059308	0.0563593331072	0.308476473249	0.143176691249	0.0833346818577	0.116493137005	0.132955247718	0.132011236144	0.130526550933	0.197878009614	0.00717822771509	0.00677361561932	0.147383665137	0.0514531860561	0.0754120622339	0.149976221718	0.16475782502	0.186820464385	0.0	0.139719544688	0.13559768476	0.11265612957	0.081624952906	0.174614906803	0.168722517805	0.157517467332	0.116852293204	0.128118345103	0.14979381841	0.152950796622	0.154886310016	0.150817754523
MMRS40913371ST-27-0-0.snv.bam	0.137778535322	0.183358015695	0.179174788824	0.153221493891	0.137193923868	0.165046616865	0.160656847894	0.147890458549	0.128526645768	0.315879229246	0.156404812456	0.147794871795	0.122759533261	0.134969325153	0.129464285714	0.132307692308	0.209049993309	0.135977804596	0.13872898813	0.124595857216	0.137211713295	0.152176548682	0.149285758359	0.173012247537	0.187888712254	0.139719544688	0.0	0.159786726934	0.148501048218	0.126667455621	0.17538209149	0.19622226743	0.151273566381	0.123333076207	0.155420352151	0.161178264952	0.132650677281	0.130845193146	0.130990415335
MMRS41266697ST-27-0-0.snv.bam	0.15616104224	0.208409623115	0.20096922192	0.0717882129924	0.0611903320248	0.125740792767	0.124056530988	0.0951862860412	0.100545767853	0.28646931656	0.102033577077	0.143203939255	0.0924862592841	0.0476146048495	0.0379085961198	0.0450091057657	0.154640862459	0.140164448844	0.135209210279	0.142843817992	0.096978882912	0.142712026755	0.0410659256181	0.110571866566	0.111445000412	0.13559768476	0.159786726934	0.0	0.108706113278	0.135936326922	0.111693992695	0.106028412205	0.0851800626651	0.0933906155671	0.0828631984728	0.104837850962	0.128943918901	0.128091255309	0.12885594693
MMRS84954772ST-27-0-0.snv.bam	0.128019010962	0.222107605258	0.213747591522	0.151325892384	0.12506390685	0.179274110062	0.178248042292	0.149202857395	0.076119257087	0.299187154943	0.145601714474	0.148968481375	0.148503641457	0.111304761905	0.10890758547	0.108758357211	0.183622216269	0.116841389892	0.112209090762	0.148540891651	0.0724217976557	0.148635005812	0.135926235267	0.149828249812	0.183836093071	0.11265612957	0.148501048218	0.108706113278	0.0	0.10169613911	0.178563240681	0.130016855718	0.149562735686	0.14942866874	0.135717743101	0.161298872435	0.11775652377	0.119656805443	0.120429141717
MMRS93621581ST-27-0-0.snv.bam	0.155448965545	0.19763839679	0.188431779646	0.158336255093	0.149202258307	0.163312941729	0.161871317643	0.159034423431	0.090077812361	0.324976951528	0.129321737392	0.127684340142	0.127286002592	0.132864572048	0.130061271536	0.13041503694	0.216006212984	0.0807378155619	0.0805200470987	0.1674681854	0.0920065524753	0.123979477862	0.157401094286	0.173454359691	0.198763945618	0.081624952906	0.126667455621	0.135936326922	0.10169613911	0.0	0.170136879367	0.183469965692	0.16491131062	0.128115151281	0.117445617945	0.139735948737	0.14200294048	0.143792468091	0.139135466304
O2.UC35-1.snv.bam	0.19571158726	0.206775265799	0.199332233851	0.0725245024225	0.116220424476	0.110429755926	0.109495434821	0.111589080524	0.137735420644	0.276502096619	0.142450800833	0.166328555023	0.128613576614	0.108728001987	0.105925592459	0.106195979266	0.162079435714	0.176933088906	0.173741238814	0.192724480673	0.14179697007	0.18458266456	0.0984451196162	0.138319683471	0.103250287853	0.174614906803	0.17538209149	0.111693992695	0.178563240681	0.170136879367	0.0	0.107618988078	0.135388389725	0.128794033709	0.121040475204	0.0926049176672	0.168909647295	0.168744621392	0.167302625227
V1.CD46-0.snv.bam	0.188063513683	0.243554505688	0.23780891982	0.0968481554778	0.0885681981492	0.133208014397	0.134902304842	0.140144961227	0.140238527827	0.305914616308	0.133073063131	0.179623629773	0.134114961328	0.103076296514	0.0985604954849	0.100542613736	0.158983024023	0.174241085723	0.167403580334	0.185821603776	0.136505490714	0.191338436048	0.0706001163267	0.109344804767	0.118248203997	0.168722517805	0.19622226743	0.106028412205	0.130016855718	0.183469965692	0.107618988078	0.0	0.139588154636	0.133935660718	0.114693145464	0.134393582993	0.176249561134	0.176001319174	0.177993135552
V1.CD52-0.snv.bam	0.156727704771	0.158630477493	0.151207090103	0.108968765909	0.0725948499994	0.164552354593	0.164329654269	0.107475506762	0.115822483492	0.279369170717	0.143536669767	0.105064458406	0.110172219502	0.0934342011145	0.0826683137131	0.0908948011176	0.188971089978	0.160590085147	0.157835684971	0.149142461749	0.120169353931	0.173081767612	0.0890285457512	0.138339186627	0.108378636178	0.157517467332	0.151273566381	0.0851800626651	0.149562735686	0.16491131062	0.135388389725	0.139588154636	0.0	0.110424970716	0.111272583942	0.116752938901	0.146521401601	0.146330555618	0.150169096645
V1.FI20.snv.bam	0.15645095286	0.164098220568	0.156365666045	0.0922034369742	0.0892487239942	0.122570103591	0.121957919785	0.126684813719	0.101270393675	0.301950673242	0.108371350111	0.110298881585	0.00101389730612	0.0903446016549	0.0884428147681	0.0877965473178	0.179726354787	0.117121631445	0.115465116526	0.132228232415	0.106006446766	0.150777990019	0.0947631371479	0.130056832189	0.128605165401	0.116852293204	0.123333076207	0.0933906155671	0.14942866874	0.128115151281	0.128794033709	0.133935660718	0.110424970716	0.0	0.0750128483724	0.0716679814856	0.138030216141	0.137251021601	0.141354875417
V1.FI36.snv.bam	0.157129421946	0.224101049415	0.216973013446	0.0896507805177	0.0896546185943	0.0846234542975	0.0832224254136	0.128162576205	0.0905153477687	0.291738127162	0.0332789318629	0.15874704926	0.0742371728059	0.085418049651	0.0736436921283	0.0828417624669	0.184624095369	0.129481213057	0.127677751228	0.158304509679	0.0954447874649	0.169306824785	0.0843624437544	0.114455848405	0.140881091959	0.128118345103	0.155420352151	0.0828631984728	0.135717743101	0.117445617945	0.121040475204	0.114693145464	0.111272583942	0.0750128483724	0.0	0.0468631467055	0.150000774331	0.149705589106	0.151047629696
V1.UC58-4.snv.bam	0.168253112476	0.207061251123	0.199639106871	0.106098719783	0.111846623234	0.10067734144	0.0999208058226	0.13881464189	0.113275784903	0.279511788576	0.0800454352094	0.147340748538	0.0712593305028	0.0964144906061	0.0950855050221	0.0938763290628	0.186108464779	0.15192311888	0.149392043333	0.160546650039	0.116756970408	0.182608902405	0.106615474635	0.135764057966	0.105335457149	0.14979381841	0.161178264952	0.104837850962	0.161298872435	0.139735948737	0.0926049176672	0.134393582993	0.116752938901	0.0716679814856	0.0468631467055	0.0	0.160816311295	0.16118301533	0.162521915385
halbarad-11-7-0.snv.bam	0.144798769935	0.214733009583	0.206455498908	0.139250848513	0.122697619479	0.169911967249	0.168722196734	0.140309134653	0.117454011421	0.310247095098	0.171311771296	0.176655317557	0.137125859858	0.12031131281	0.115918593706	0.117847198841	0.193710768729	0.148705930235	0.152043637112	0.134760578766	0.125150649125	0.170899280374	0.133735871728	0.155627571937	0.171118540155	0.152950796622	0.132650677281	0.128943918901	0.11775652377	0.14200294048	0.168909647295	0.176249561134	0.146521401601	0.138030216141	0.150000774331	0.160816311295	0.0	0.00100037940444	0.000713803489829
halbarad-12-7-0.snv.bam	0.150189694079	0.222306475892	0.214260212871	0.138412087177	0.121204928562	0.170340592971	0.169605429015	0.13987593603	0.119348244348	0.310436739663	0.170274170274	0.180358820766	0.136581501287	0.122031913336	0.120270259227	0.119479680526	0.194852507177	0.150473937198	0.153821224501	0.13159467642	0.126267075145	0.171179744452	0.132877639796	0.155146108229	0.170859569437	0.154886310016	0.130845193146	0.128091255309	0.119656805443	0.143792468091	0.168744621392	0.176001319174	0.146330555618	0.137251021601	0.149705589106	0.16118301533	0.00100037940444	0.0	0.00016886187099
halbarad-13-7-0.snv.bam	0.145853663071	0.2186301864	0.210214886328	0.138893698701	0.124970597651	0.171881511401	0.170804858974	0.140827033663	0.116766467066	0.30392693136	0.170033670034	0.17605083089	0.140408210068	0.119883040936	0.113839285714	0.117302052786	0.187861773172	0.145876635634	0.150211246581	0.135017303839	0.125182980688	0.166017969205	0.133264006409	0.153794638076	0.172365386432	0.150817754523	0.130990415335	0.12885594693	0.120429141717	0.139135466304	0.167302625227	0.177993135552	0.150169096645	0.141354875417	0.151047629696	0.162521915385	0.000713803489829	0.00016886187099	0.0
