	159288231-stool1.snv.bam	763860675-stool1.snv.bam	BYQ_AAAG.snv.bam	BYQ_AAAR.snv.bam	BYQ_AABA.snv.bam	CCIS02856720ST-4-0.snv.bam	CCIS07648107ST-4-0.snv.bam	CCIS15794887ST-4-0.snv.bam	CCIS16383318ST-4-0.snv.bam	CCIS22906510ST-20-0.snv.bam	CCIS22958137ST-20-0.snv.bam	CCIS29688262ST-20-0.snv.bam	CCIS32452666ST-4-0.snv.bam	CCIS41222843ST-4-0.snv.bam	CCIS41692898ST-4-0.snv.bam	CCIS48174381ST-4-0.snv.bam	CCIS50471204ST-4-0.snv.bam	CCIS76845094ST-20-0.snv.bam	CCIS77252613ST-4-0.snv.bam	CCIS81139242ST-4-0.snv.bam	CCIS88007743ST-4-0.snv.bam	CCIS88317640ST-4-0.snv.bam	CCMD25963797ST-21-0.snv.bam	CCMD42428553ST-21-0.snv.bam	CCMD48236717ST-21-0.snv.bam	CCMD51864103ST-21-0.snv.bam	CCMD86707194ST-21-0.snv.bam	DLF013.snv.bam	M4.2-V2.metaG.snv.bam	M4.6-V3.metaG.snv.bam	MH0193.snv.bam	MH0196.snv.bam	MH0203.snv.bam	MH0262.snv.bam	MH0303.snv.bam	MH0319.snv.bam	MH0337.snv.bam	MH0359.snv.bam	MH0417.snv.bam	MH0441.snv.bam	MH0446.snv.bam	MH0454.snv.bam	MMRS39415781ST-27-0-0.snv.bam	MMRS66868025ST-27-0-0.snv.bam	MMRS77487595ST-27-0-0.snv.bam	MMRS81671217ST-27-0-0.snv.bam	MMRS86168210ST-27-0-0.snv.bam	MMRS97307143ST-27-0-0.snv.bam	N022A.snv.bam	N082A.snv.bam	N088A.snv.bam	NG-5636_144.snv.bam	NG-5636_195.snv.bam	NG-5636_463.snv.bam	NG-5636_478.snv.bam	NG-5636_495.snv.bam	NG-5636_526.snv.bam	NG-5636_551.snv.bam	NG-5636_558.snv.bam	O2.UC12-1.snv.bam	O2.UC20-1.snv.bam	O2.UC38-1.snv.bam	O2.UC47-1.snv.bam	O2.UC48-0.snv.bam	O2.UC48-1.snv.bam	O2.UC50-0.snv.bam	O2.UC53-0.snv.bam	O2.UC8-2.snv.bam	O2.UC9-1.snv.bam	T2D-102A.snv.bam	T2D-109A.snv.bam	T2D-123A.snv.bam	T2D-6A.snv.bam	V1.CD51-0.snv.bam	V1.CD6-0-PT.snv.bam	V1.FI16.snv.bam	V1.FI26.snv.bam	V1.FI28.snv.bam	V1.UC22-1.snv.bam	V1.UC35-4.snv.bam	V1.UC4-5.snv.bam	V1.UC55-0.snv.bam	V1.UC58-4.snv.bam	V1.UC60-0.snv.bam	bugkiller-13-392-2.snv.bam	peacemaker-11-0-0.snv.bam	peacemaker-11-2-0.snv.bam	peacemaker-11-60-0.snv.bam	peacemaker-11-7-0.snv.bam
159288231-stool1.snv.bam	0.0	0.156092024815	0.121773339809	0.119978686524	0.120142691945	0.0950083761386	0.0405298465973	0.138073455165	0.130317681047	0.104280270028	0.140857071751	0.16764405918	0.091145979025	0.152766005361	0.142550721029	0.0232331686118	0.0982378061668	0.118812421795	0.132321061675	0.149051909619	0.171895306873	0.144793620297	0.138065163811	0.0972402126198	0.091666823779	0.144086183685	0.115057035148	0.162790071339	0.181643536088	0.156617805027	0.161508160459	0.105506643147	0.0239519503801	0.0218308173861	0.115243529923	0.14859028324	0.0918290195691	0.142214748915	0.175672859195	0.11931125061	0.0197867911646	0.099832933204	0.167332603775	0.137434240692	0.0661097621524	0.148202233869	0.169284843691	0.161033981612	0.15601084984	0.165039265787	0.152869621926	0.101097542821	0.113652876145	0.146033230119	0.0995048957729	0.132086089513	0.0231730571535	0.0975007025871	0.0201788304041	0.137707300854	0.114475160668	0.140610468673	0.0827525272035	0.16186090538	0.162890591165	0.0229831097353	0.021454491737	0.164707888004	0.165741979236	0.160718396681	0.15976254723	0.171750327236	0.141451567835	0.0233252275844	0.162770733287	0.145485951012	0.0531364386377	0.138713074477	0.0981321094112	0.168149073289	0.145963396273	0.162865317266	0.0246289624032	0.119401865478	0.0994141742001	0.0973137004887	0.0941472362212	0.0973295561476	0.0973233916084
763860675-stool1.snv.bam	0.156092024815	0.0	0.135411710595	0.134822767678	0.134933401786	0.140512146827	0.157640308968	0.131397636952	0.113801327959	0.141592522062	0.130210946265	0.170089016574	0.13042888768	0.143766763028	0.12973075856	0.148245651822	0.126986280601	0.13880417772	0.119096626244	0.071056530485	0.173648338741	0.13543967788	0.131282997664	0.126846374923	0.123884238823	0.128167727756	0.137623053695	0.164406785098	0.170364006134	0.149960069098	0.151258325707	0.120394518343	0.144324865024	0.138875408078	0.137698564229	0.131457741652	0.119605743019	0.121690862476	0.159024231813	0.139440249742	0.142625008738	0.127140523453	0.16256776893	0.125822311324	0.108616418701	0.132667648074	0.165479758835	0.136718748978	0.151877736168	0.139009597614	0.136871954758	0.123707034605	0.134876851031	0.143454947991	0.113477956319	0.127046769646	0.148298790195	0.123458526937	0.13874997235	0.144537382167	0.136607588565	0.131380095647	0.123861632801	0.162163417319	0.160751707433	0.142483075595	0.142458109756	0.154674285284	0.160028466331	0.14204789901	0.15163380731	0.145953376195	0.139003126918	0.142559271885	0.10004002899	0.152604653263	0.14579092172	0.105749149966	0.126253200224	0.160755157333	0.143862344951	0.16208090232	0.142911313092	0.139017525431	0.127856911958	0.125673377562	0.123835084722	0.125813481372	0.125709306297
BYQ_AAAG.snv.bam	0.121773339809	0.135411710595	0.0	0.000404719917556	0.000585091631917	0.162481366439	0.133688298958	0.142942124047	0.124846922215	0.0480624241401	0.138040014146	0.172322172357	0.0849555755892	0.14785953716	0.130700840451	0.107293160352	0.0726984601023	0.0338147862697	0.129637506347	0.146409779014	0.161308750741	0.154235617636	0.132172385976	0.0709070652711	0.071239124226	0.139898831983	0.0340344596359	0.159863438515	0.178706706948	0.158793250901	0.154809885887	0.0883814386955	0.107640986347	0.106116629666	0.0349671231401	0.139044708217	0.0710571518707	0.126193448129	0.167691800588	0.0359424447578	0.106432630563	0.0727993982188	0.14733050372	0.127770916066	0.112005581245	0.142866400374	0.172108599387	0.163786478783	0.155635513127	0.156131463692	0.141938485747	0.0775006511927	0.035328348659	0.158507970151	0.0835821821429	0.133749497375	0.107268336126	0.0705018649431	0.104600280747	0.150409233215	0.0347103329895	0.153885238825	0.143470879526	0.169972321411	0.16922792896	0.107211632526	0.105966203895	0.145301137345	0.145883953522	0.146408958547	0.174179459091	0.165689428304	0.140917625093	0.102242796425	0.161085052807	0.159044162136	0.102377324652	0.103250374086	0.0708735490331	0.146501260234	0.150205555956	0.168781726182	0.108493209114	0.0348522324708	0.0720390891765	0.069910569867	0.0698090027141	0.0698721403919	0.0699353100463
BYQ_AAAR.snv.bam	0.119978686524	0.134822767678	0.000404719917556	0.0	0.000582461331646	0.160768195413	0.131911447084	0.141179655954	0.122929514336	0.0470941817564	0.136933449733	0.170730594174	0.0830258593504	0.146137732699	0.128640401699	0.105442784546	0.0707398235567	0.032746800811	0.127850941851	0.145610676089	0.160746701676	0.152427675743	0.130349520677	0.0689044038668	0.0691980710053	0.138137932763	0.0329631208361	0.158066972826	0.17713615842	0.157097690025	0.153100771416	0.0865546708407	0.105948427967	0.104366988816	0.0339869491267	0.137226275621	0.0690197986118	0.12426521996	0.166159524624	0.0348981061989	0.104523726277	0.0708453373925	0.146690912356	0.125909892577	0.110130218755	0.141021126761	0.17038134275	0.16205332083	0.154880170318	0.15521242395	0.14001073652	0.0754143771746	0.0342477375566	0.156790799562	0.0815750915751	0.131721740701	0.105470975576	0.0684471365639	0.102673657875	0.149812066963	0.033716842255	0.153374315637	0.141789069386	0.169268859283	0.168624318572	0.105401819206	0.104146142967	0.145601328837	0.145369060923	0.1445957847	0.172655177881	0.163785727464	0.139325657552	0.100349759055	0.15950005096	0.157364832353	0.100544517152	0.101357981572	0.0689174802305	0.145814331672	0.148599398398	0.168313088851	0.106791288736	0.0339479468117	0.0700851388593	0.0679068496379	0.0677897897898	0.0679511892495	0.0679866931131
BYQ_AABA.snv.bam	0.120142691945	0.134933401786	0.000585091631917	0.000582461331646	0.0	0.162091736485	0.130958366252	0.142501836183	0.124315745019	0.0486136600322	0.138393778564	0.170084204981	0.0824114638146	0.147406172598	0.131251204935	0.106431228806	0.0700294241278	0.034209314306	0.127951909958	0.145879788048	0.161907416255	0.152582048147	0.131384432842	0.068493803055	0.0687818995001	0.139424771407	0.0342715033016	0.160828665366	0.176497198042	0.159638046055	0.154939520193	0.0861862853222	0.1069127698	0.105219345498	0.0354532614904	0.138000577687	0.0693745602448	0.124291104832	0.169779076406	0.0362032759231	0.105408727876	0.0703364120516	0.146049579949	0.127129665352	0.111204593863	0.142102867547	0.170687585013	0.162457076934	0.155325455282	0.155834779494	0.141078458155	0.0750218728986	0.0353681381332	0.158657624004	0.0812673099258	0.134214539908	0.106366524333	0.0679365079365	0.103525949834	0.150044320638	0.0348878495932	0.152161980192	0.142955262388	0.168921276769	0.168164209177	0.106265388929	0.104983248937	0.144895264589	0.144676739614	0.146658798674	0.173857533455	0.165541676074	0.141151924554	0.100209888904	0.160661609131	0.158660555856	0.101189010111	0.10227170086	0.068352217954	0.145049868982	0.149845644301	0.167517177706	0.10757039529	0.0352870266172	0.0696419151912	0.0674880563661	0.067366778381	0.0672922796299	0.0674998767724
CCIS02856720ST-4-0.snv.bam	0.0950083761386	0.140512146827	0.162481366439	0.160768195413	0.162091736485	0.0	0.10142332158	0.12356061513	0.119700672962	0.145815632252	0.125634621947	0.163536003821	0.140947560764	0.142771599301	0.136060156531	0.0923510126109	0.145961347153	0.160537459071	0.128588784524	0.149049080115	0.145332829996	0.137592242264	0.135305997664	0.143427851627	0.139784533383	0.132022629004	0.158634752727	0.163334596426	0.156067898102	0.146035322959	0.156075882097	0.145262105812	0.106216287	0.105626333777	0.157705860294	0.13151253571	0.13446666161	0.147749010068	0.163657371489	0.160685431086	0.103114431424	0.144923747286	0.15860274055	0.128580752067	0.0878046285102	0.130497403757	0.14074947878	0.146394101141	0.149474918429	0.156417298206	0.137712729266	0.144953769996	0.154174005791	0.131025088739	0.141290161635	0.124348169099	0.0923654359402	0.144401570273	0.102921385179	0.130243396684	0.157861242661	0.12952797378	0.0656622869792	0.154152207593	0.155422676917	0.105207284964	0.102346642539	0.152631831458	0.154997322131	0.148790636266	0.145594492964	0.163960474039	0.139084631795	0.0977466532537	0.153305514771	0.139062930926	0.123590502159	0.114241846515	0.145288621999	0.157939950576	0.136136503776	0.154901762036	0.106894885969	0.161133812356	0.14671290628	0.144523759539	0.139472137129	0.14456375582	0.144430298847
CCIS07648107ST-4-0.snv.bam	0.0405298465973	0.157640308968	0.133688298958	0.131911447084	0.130958366252	0.10142332158	0.0	0.141310898075	0.13151837477	0.117038921737	0.142232145836	0.168951822205	0.107657016295	0.151911109552	0.145011600928	0.0410362488667	0.113198757764	0.131685705931	0.134611845132	0.152605233437	0.182203127986	0.142660578021	0.14142300537	0.113146551724	0.106770518858	0.141936011217	0.128129261409	0.16417868401	0.186206946813	0.15826873385	0.166636503826	0.1131237915	0.0461491709421	0.0409687885991	0.128540854138	0.151116945342	0.105205840878	0.150872426355	0.18156885881	0.131334471524	0.0397590665054	0.11459669325	0.16759009009	0.139365971108	0.0797519203883	0.139835487662	0.171548993886	0.148937405426	0.154256820743	0.154433594684	0.151005458095	0.114881311824	0.1296875	0.137362637363	0.109242925395	0.130678733032	0.0409951274363	0.11270718232	0.0388110799876	0.147903465617	0.127402616537	0.135318674615	0.0874694949927	0.165506210786	0.165705856051	0.040681358936	0.0405237879658	0.163714480616	0.165353877516	0.163291292569	0.161786610537	0.162140050149	0.14171203795	0.0392934951758	0.163038662024	0.142301059773	0.0711989010961	0.146267898768	0.112820067435	0.168357719252	0.145092359424	0.166445513571	0.0403069371993	0.132322419717	0.114269123879	0.112103328069	0.109062424681	0.112142635501	0.112077198233
CCIS15794887ST-4-0.snv.bam	0.138073455165	0.131397636952	0.142942124047	0.141179655954	0.142501836183	0.12356061513	0.141310898075	0.0	0.103739434897	0.146884599469	0.105213089152	0.145751472147	0.124609895604	0.127859914139	0.121177882047	0.13725295669	0.125775377446	0.146155912079	0.121915020124	0.141242029958	0.153102326045	0.125001666254	0.116679475536	0.12561282547	0.123709454709	0.109511183567	0.145226500693	0.137873740384	0.153506320613	0.13357791772	0.139712961747	0.131295536961	0.139986067275	0.136789014255	0.146558476672	0.117569764829	0.119114081314	0.137293161154	0.148852732689	0.146294886611	0.13913894986	0.127062111736	0.138993394006	0.101401326679	0.126086134313	0.122495991424	0.149471182662	0.142250496745	0.13492364553	0.140014842412	0.124013556129	0.124839264517	0.14402115673	0.114678589394	0.12753381059	0.114593538423	0.137316267508	0.124370202411	0.1364541866	0.125627990687	0.144284292083	0.116975633264	0.123508621271	0.141188864371	0.138664627416	0.139186918917	0.136657072773	0.133615043079	0.137403388891	0.127119497317	0.128615067601	0.141909637483	0.116279975139	0.139167920017	0.14441954727	0.11732534092	0.13248111651	0.116172611762	0.125282424793	0.138800099002	0.113707694675	0.139849080203	0.140766093806	0.146750364977	0.126726112464	0.124567202464	0.121561489035	0.124583299931	0.124474565739
CCIS16383318ST-4-0.snv.bam	0.130317681047	0.113801327959	0.124846922215	0.122929514336	0.124315745019	0.119700672962	0.13151837477	0.103739434897	0.0	0.124329641559	0.112937919676	0.148733934116	0.115538358889	0.107930076518	0.118936478687	0.125158739471	0.122139563497	0.123757664471	0.11404014208	0.128603748662	0.145120425313	0.114698264967	0.113229106073	0.123128357148	0.11969345159	0.11356293249	0.122284878605	0.139577916717	0.14784003436	0.123149304957	0.139034427878	0.127922129267	0.121147136983	0.118551578334	0.121442058664	0.110113718239	0.113968041636	0.138427808707	0.13738869732	0.123606438251	0.11764844977	0.1233894408	0.137355397815	0.109115922386	0.112663372024	0.126871806454	0.13559592987	0.128778124246	0.136498301348	0.13041449438	0.117907397861	0.120634262728	0.117724232409	0.10861676383	0.121596744759	0.101143453903	0.125210381946	0.120627725331	0.11630792124	0.12358344609	0.120248367998	0.112483054572	0.116843064531	0.13498645544	0.13326778811	0.120363343203	0.119659333639	0.132138240459	0.134776692107	0.130274035555	0.128879754467	0.135064887931	0.116144297606	0.128092471803	0.137163754228	0.126465292794	0.121333901587	0.112425274617	0.12278793308	0.137098673581	0.117223425219	0.135008369832	0.122097718231	0.124383426806	0.124302567092	0.121925126287	0.120799867163	0.12207042227	0.121995449941
CCIS22906510ST-20-0.snv.bam	0.104280270028	0.141592522062	0.0480624241401	0.0470941817564	0.0486136600322	0.145815632252	0.117038921737	0.146884599469	0.124329641559	0.0	0.144644771755	0.174266791477	0.0857872202026	0.141956515042	0.143007762087	0.0898144493423	0.0744440718908	0.0152134937928	0.131408760752	0.129018021069	0.140994897866	0.153360580806	0.137122668715	0.0725748141296	0.0655385240319	0.141759669035	0.0139569837851	0.161946369327	0.16881486089	0.154208206088	0.161176368451	0.10554736451	0.0989135467301	0.0970773690361	0.0151420841432	0.137551612492	0.0671654149683	0.142499494353	0.169689935201	0.0170087290493	0.0979670114948	0.0740660260792	0.179362429396	0.129723658968	0.10042214076	0.153003798256	0.156696129672	0.164531012276	0.156890679137	0.163914481322	0.149625913286	0.0792245841649	0.0155613613851	0.152726662917	0.0996456660878	0.134550924574	0.089825866023	0.0722101181262	0.0962479332477	0.145712582334	0.0156450080189	0.148311231628	0.12797843526	0.174110311285	0.175571928376	0.0982922932495	0.0980294967795	0.175281764384	0.177304910916	0.154020864725	0.174128091733	0.170971007811	0.146386256566	0.0877625334553	0.150211513199	0.157801825648	0.105195011708	0.114922088956	0.0725879045539	0.179577564353	0.151766525196	0.174683514878	0.0997799257504	0.016361237766	0.0737528749274	0.0716189465777	0.0693183254286	0.0716166332127	0.0716104620521
CCIS22958137ST-20-0.snv.bam	0.140857071751	0.130210946265	0.138040014146	0.136933449733	0.138393778564	0.125634621947	0.142232145836	0.105213089152	0.112937919676	0.144644771755	0.0	0.148020337598	0.128884303195	0.133102684264	0.101471766591	0.137919177422	0.133551717776	0.142628022605	0.119043746486	0.152162755185	0.141904255292	0.115559288115	0.118276418718	0.130992376473	0.131140854457	0.122224160978	0.141514774354	0.111919057456	0.154921665265	0.134006488813	0.117580662965	0.136898906934	0.137351542182	0.133724071964	0.140476405512	0.123473375322	0.125768217637	0.137653511838	0.141989638609	0.142623672603	0.133180076565	0.133647567949	0.144112194596	0.0941466252859	0.129436377129	0.13203727918	0.143912546848	0.135494949274	0.11586971086	0.131845242297	0.101281989699	0.131028999938	0.137049560126	0.138507580701	0.1307956662	0.12532440861	0.137987142979	0.131415382119	0.130841371883	0.131745884658	0.139405005519	0.11936552865	0.126334417128	0.148543219579	0.14708624046	0.134256296712	0.133711052849	0.140735595496	0.142142565515	0.120298446334	0.129926668716	0.139871063091	0.113374711926	0.134951805438	0.150477606049	0.132479698888	0.130462666944	0.109873308545	0.132956522977	0.146216984962	0.125790580804	0.147481347398	0.133557747155	0.143237514792	0.134474099449	0.132049539029	0.129943955434	0.132170118408	0.132150911889
CCIS29688262ST-20-0.snv.bam	0.16764405918	0.170089016574	0.172322172357	0.170730594174	0.170084204981	0.163536003821	0.168951822205	0.145751472147	0.148733934116	0.174266791477	0.148020337598	0.0	0.163968921494	0.15734843522	0.14753142448	0.171193220746	0.165206556812	0.175500529482	0.15409183297	0.183496230341	0.167533347791	0.152785317461	0.152372357042	0.165814936847	0.165284950925	0.152634526638	0.173816515457	0.165758138497	0.15251685669	0.158471768815	0.17298428969	0.170172162268	0.171582170915	0.170120346573	0.175137729101	0.161266579734	0.160448808386	0.177265638651	0.194138454371	0.176082586602	0.171580160667	0.166270041089	0.176054387661	0.142871137841	0.166713849851	0.15735549054	0.145340207589	0.17871984374	0.163241785754	0.177581452751	0.169567505479	0.16439223082	0.172655532964	0.157029437121	0.16533688075	0.160321110216	0.171283452442	0.166689617536	0.168789609631	0.129431493844	0.174210449694	0.145777494021	0.154437296242	0.176187420718	0.172128874607	0.171052230627	0.170377236777	0.175257906711	0.17266912735	0.156247019162	0.173808749231	0.180607154208	0.158045108593	0.169228610143	0.178887605646	0.164197715018	0.174419580257	0.14421540322	0.165464435851	0.173887162416	0.150933841189	0.175799461286	0.172422174018	0.175958576655	0.166782474159	0.164660982474	0.162829201151	0.164668973756	0.1645655953
CCIS32452666ST-4-0.snv.bam	0.091145979025	0.13042888768	0.0849555755892	0.0830258593504	0.0824114638146	0.140947560764	0.107657016295	0.124609895604	0.115538358889	0.0857872202026	0.128884303195	0.163968921494	0.0	0.140312809701	0.114504459027	0.0927799349961	0.0167274456953	0.0730720322247	0.12896497442	0.115485076452	0.15993823089	0.131011218808	0.127892985151	0.0156544996853	0.0153512779355	0.122259615615	0.0705131055437	0.141609870717	0.165039193026	0.145107232296	0.154703692096	0.0495665303948	0.0900051775892	0.0865755069715	0.0712523450865	0.133920451973	0.017085697388	0.0868434744838	0.161587591138	0.074007287279	0.0879090211212	0.0171487581563	0.164854643515	0.115097588978	0.106858804632	0.144316620879	0.155722142171	0.149423689929	0.142464134931	0.136733311673	0.137714875346	0.0195215335595	0.0688278178244	0.137319422151	0.0441546281434	0.134618682638	0.0926991271513	0.0149145436956	0.0877156097235	0.140479257717	0.0700514904585	0.133476619822	0.139634282856	0.160358665696	0.158282763136	0.0893128583957	0.0874316219337	0.163515577989	0.163660720995	0.143710095707	0.163563142863	0.145806434388	0.124002936411	0.0917570153061	0.142617838002	0.138990594581	0.0880180428114	0.079187019812	0.0156099429845	0.163307936508	0.133848612134	0.15986239119	0.0905876690347	0.0737981266178	0.0168796866129	0.0148458823117	0.0151259470196	0.0144912781876	0.0146699448488
CCIS41222843ST-4-0.snv.bam	0.152766005361	0.143766763028	0.14785953716	0.146137732699	0.147406172598	0.142771599301	0.151911109552	0.127859914139	0.107930076518	0.141956515042	0.133102684264	0.15734843522	0.140312809701	0.0	0.142532761202	0.14775563813	0.137141402146	0.140364609211	0.113886340514	0.147315027833	0.158960905157	0.130310800379	0.124128067272	0.138057086156	0.136557861031	0.114154943345	0.13682231807	0.146583806188	0.160316803719	0.119910492847	0.151511517519	0.155142390418	0.150523044538	0.148526915805	0.138237514029	0.122824595987	0.131786252923	0.162045549586	0.161350985586	0.138152197622	0.147990419477	0.138383069322	0.159228115124	0.120861322103	0.135526472726	0.128395379671	0.14869390504	0.139488189744	0.147115147087	0.148522936155	0.135314325971	0.138055370661	0.132652606738	0.134093089946	0.150259899648	0.124946076058	0.147785799433	0.135873833537	0.147513038076	0.126645392707	0.137135930646	0.130819196354	0.127621760332	0.159449417083	0.153963754467	0.149925964061	0.148162316755	0.153414572586	0.157983892376	0.139325569651	0.149003844166	0.151434747395	0.130418448378	0.145458751289	0.153262095238	0.144636387827	0.140736926148	0.122492203485	0.137578740704	0.156466043008	0.140674258962	0.158781408512	0.151223218382	0.14078110171	0.139027627511	0.136851339102	0.133012166017	0.136928146852	0.136844292634
CCIS41692898ST-4-0.snv.bam	0.142550721029	0.12973075856	0.130700840451	0.128640401699	0.131251204935	0.136060156531	0.145011600928	0.121177882047	0.118936478687	0.143007762087	0.101471766591	0.14753142448	0.114504459027	0.142532761202	0.0	0.142173989835	0.121520253376	0.136611474232	0.11879563975	0.142490657197	0.156779381157	0.107319559033	0.11205631046	0.121247113164	0.118856280974	0.129481629482	0.136119747863	0.134728742016	0.162665759414	0.148332641483	0.131776231951	0.119541244035	0.143814415923	0.141215588904	0.135600608307	0.128094770266	0.115885650377	0.116599454058	0.14610931223	0.135113718273	0.141713676497	0.121475060449	0.15310808198	0.10353274884	0.128118709814	0.129234629862	0.144621293668	0.148178868544	0.128843844382	0.141047019907	0.100588053846	0.117655471206	0.131060606061	0.123094958968	0.109799291617	0.119084712756	0.142246795677	0.118483412322	0.136523047222	0.138817919037	0.13442325686	0.125336386139	0.137345664539	0.152778009484	0.151586874664	0.14302901838	0.142833807224	0.149177350427	0.151514236798	0.119618640013	0.143634359288	0.147741650723	0.112637793777	0.140350877193	0.144690514464	0.138218587587	0.133134356731	0.104264837726	0.120871077352	0.153500787013	0.133334016793	0.152899081905	0.144683979337	0.136848095403	0.122526346785	0.120226971529	0.116925064599	0.120300817991	0.1201612956
CCIS48174381ST-4-0.snv.bam	0.0232331686118	0.148245651822	0.107293160352	0.105442784546	0.106431228806	0.0923510126109	0.0410362488667	0.13725295669	0.125158739471	0.0898144493423	0.137919177422	0.171193220746	0.0927799349961	0.14775563813	0.142173989835	0.0	0.0963990630022	0.104233899473	0.133873703027	0.142981938951	0.166800103101	0.14407431879	0.136383711634	0.0954204231233	0.0898295276838	0.147640620665	0.100253065353	0.163219399353	0.182986982852	0.150733548968	0.159017225153	0.095071126184	0.0181443336599	0.0181261719668	0.100812670433	0.145422459893	0.0898732454106	0.132744620038	0.176302309632	0.106031957417	0.0170741849965	0.0981407635513	0.16869237319	0.13434799489	0.0510729778834	0.148681491459	0.166234155105	0.152779372284	0.152482186578	0.159623618668	0.149957703916	0.101584083136	0.100731010381	0.144238728381	0.0911347300443	0.117329740368	0.00017789449466	0.0956341110836	0.0162772564523	0.140361943213	0.0996891600297	0.140910593278	0.0836330948097	0.163395046999	0.163554025974	0.0171065946268	0.0167535017207	0.166156128364	0.166482697105	0.158893262286	0.154710177516	0.166680350911	0.137714395818	0.0284100908553	0.156828661632	0.148065686511	0.0298421812708	0.138103351287	0.0965041212973	0.169491592493	0.148795450714	0.164383336892	0.0188507209675	0.104988343006	0.0976385289989	0.0954956215011	0.0923256796904	0.0955114262863	0.0954464089365
CCIS50471204ST-4-0.snv.bam	0.0982378061668	0.126986280601	0.0726984601023	0.0707398235567	0.0700294241278	0.145961347153	0.113198757764	0.125775377446	0.122139563497	0.0744440718908	0.133551717776	0.165206556812	0.0167274456953	0.137141402146	0.121520253376	0.0963990630022	0.0	0.0610249934761	0.122149051529	0.120424114663	0.162755043768	0.142176743609	0.127920431449	0.00339768339768	0.00285690054158	0.127135523857	0.0572010372421	0.1457253915	0.165172640526	0.14181750673	0.152975235112	0.0506961555735	0.0969079827301	0.0940241653057	0.0593240912807	0.137018138358	0.00416451318568	0.0884898070942	0.163993740174	0.0619705510493	0.096099068173	0.0030424437492	0.169329743828	0.112066182405	0.0956185659143	0.139479905437	0.159909484008	0.14655060819	0.143532380635	0.137997941956	0.138543599258	0.00632263509858	0.056967946632	0.141282091668	0.0455035214969	0.137356134989	0.0963236528454	0.00236779794791	0.095329874374	0.144059510144	0.057809151009	0.14083637911	0.130496015018	0.166258392693	0.164199737237	0.0963284368207	0.0958296811158	0.168973640738	0.168247428805	0.145587065635	0.160439372874	0.150756893034	0.125458488572	0.079095603192	0.147438198538	0.14293062919	0.0907369720533	0.067767931884	0.00341084458101	0.168894754617	0.137496756847	0.165662782914	0.0975018157998	0.0618820669533	0.000293959567737	0.00261714735409	0.00281228433402	0.00226905324098	0.00244136608672
CCIS76845094ST-20-0.snv.bam	0.118812421795	0.13880417772	0.0338147862697	0.032746800811	0.034209314306	0.160537459071	0.131685705931	0.146155912079	0.123757664471	0.0152134937928	0.142628022605	0.175500529482	0.0730720322247	0.140364609211	0.136611474232	0.104233899473	0.0610249934761	0.0	0.128634987561	0.128444411868	0.138326516437	0.154295861346	0.137602694715	0.0592786796745	0.0586040449029	0.138914433207	0.000587795902892	0.157694971706	0.167059968669	0.154379964561	0.158035342054	0.0917718988325	0.104708618626	0.103106642292	0.00177797733227	0.136908911808	0.0577180196754	0.129530690041	0.168921125488	0.00265715313441	0.10323017628	0.0611439385281	0.180679173022	0.123398435586	0.110974381922	0.152313960962	0.159544168452	0.162700780814	0.153013434921	0.157343035968	0.146656571567	0.0650993834485	0.000661847103717	0.153108983331	0.0869602770332	0.138509051814	0.104260705643	0.0585798977124	0.102517030718	0.14608039727	0.00149298638854	0.14980761159	0.140408027018	0.176499438872	0.175756100979	0.104189174735	0.103978770955	0.177988333962	0.179711943501	0.149937535519	0.175413155154	0.165732138709	0.141150410092	0.100255987863	0.155947105119	0.155732103145	0.0991026563209	0.101154825515	0.0592623807819	0.179796910097	0.151836067655	0.176144411563	0.105548775028	0.00201813221018	0.0604659211047	0.0583411218603	0.0581054335901	0.058338818392	0.0583062657626
CCIS77252613ST-4-0.snv.bam	0.132321061675	0.119096626244	0.129637506347	0.127850941851	0.127951909958	0.128588784524	0.134611845132	0.121915020124	0.11404014208	0.131408760752	0.119043746486	0.15409183297	0.12896497442	0.113886340514	0.11879563975	0.133873703027	0.122149051529	0.128634987561	0.0	0.148515429418	0.149095811596	0.119529644356	0.111268387012	0.123098296885	0.122266182662	0.106764363674	0.126201824907	0.138673384536	0.157179231827	0.127299804573	0.14020497136	0.137444610455	0.134335671213	0.133199420144	0.126267069329	0.117434750937	0.116877875852	0.146647053003	0.153853044355	0.128286405817	0.133267870895	0.123494037951	0.153778450085	0.113905220155	0.106704100138	0.117917692829	0.144247609521	0.139671690199	0.133267404183	0.138725606294	0.128768346674	0.122147222351	0.123136656669	0.128836216955	0.13156231186	0.133635235288	0.133932685516	0.118486859748	0.128372599641	0.115332162055	0.125476493811	0.126727252171	0.1169971677	0.147448161404	0.144060729423	0.132677035801	0.128077330008	0.1474141534	0.152528357921	0.125676824184	0.147139048836	0.14039171637	0.126426133779	0.116047595392	0.151283157883	0.132658746952	0.13224069155	0.104213301705	0.122771460401	0.151753109555	0.129050696531	0.147100689215	0.133077995553	0.129071582836	0.124145932341	0.121802271315	0.117988791279	0.122082574992	0.122034329177
CCIS81139242ST-4-0.snv.bam	0.149051909619	0.071056530485	0.146409779014	0.145610676089	0.145879788048	0.149049080115	0.152605233437	0.141242029958	0.128603748662	0.129018021069	0.152162755185	0.183496230341	0.115485076452	0.147315027833	0.142490657197	0.142981938951	0.120424114663	0.128444411868	0.148515429418	0.0	0.186329656784	0.148707567174	0.150251895668	0.118033365446	0.117724296056	0.142355595824	0.128258054789	0.175302612421	0.185909479833	0.151634552811	0.170577158123	0.123522177267	0.138964832584	0.135176787015	0.12796175381	0.151845547342	0.115560156916	0.134811191194	0.173004217323	0.129300924621	0.140488981434	0.119673241588	0.182194261531	0.138982315016	0.123484573151	0.14958189158	0.183038194559	0.150076336237	0.165092964565	0.154446085776	0.150744522408	0.115266902977	0.129587167409	0.147146459974	0.11479806291	0.139585577821	0.143054339635	0.117290818767	0.139912117774	0.160625687128	0.127278850411	0.147003132572	0.13339157562	0.176663265979	0.172429453481	0.138332496096	0.139249132905	0.175027189733	0.180779742686	0.165517624591	0.164761772022	0.163260927724	0.143832384845	0.150815677249	0.0435560480538	0.163821148884	0.14467268524	0.128057897217	0.118900209085	0.179820440151	0.156192823099	0.176311460372	0.139911075005	0.129382938665	0.120277626962	0.118052992296	0.117064959317	0.118104198796	0.117966051159
CCIS88007743ST-4-0.snv.bam	0.171895306873	0.173648338741	0.161308750741	0.160746701676	0.161907416255	0.145332829996	0.182203127986	0.153102326045	0.145120425313	0.140994897866	0.141904255292	0.167533347791	0.15993823089	0.158960905157	0.156779381157	0.166800103101	0.162755043768	0.138326516437	0.149095811596	0.186329656784	0.0	0.154175784774	0.160755046131	0.160226289531	0.159000965251	0.164312702427	0.138517057638	0.174964513037	0.0388969089631	0.183880964751	0.176547136828	0.17227815249	0.176102226386	0.173076509555	0.138401576149	0.159097757346	0.153378687924	0.179619918576	0.192707407976	0.139491690517	0.173621036892	0.162666958907	0.190682006255	0.149192531872	0.180263064553	0.15952668507	0.0523561027756	0.156397535814	0.167421913832	0.175654987591	0.164720411832	0.161637999681	0.134572621276	0.163862128156	0.166382318247	0.157301203432	0.166800816837	0.160638438774	0.174888820123	0.160722853885	0.138890263425	0.155251302989	0.167652698707	0.18629946981	0.185923561832	0.174455937658	0.172520019485	0.189255409123	0.189769111134	0.167561704034	0.177050114036	0.175352044326	0.155446136324	0.174486053983	0.189174825206	0.171980113531	0.159866573924	0.151442321787	0.162099382886	0.190098840958	0.164313158623	0.185883726218	0.175658041938	0.13864006621	0.163454474434	0.161220611617	0.159566069733	0.161152928904	0.161146845001
CCIS88317640ST-4-0.snv.bam	0.144793620297	0.13543967788	0.154235617636	0.152427675743	0.152582048147	0.137592242264	0.142660578021	0.125001666254	0.114698264967	0.153360580806	0.115559288115	0.152785317461	0.131011218808	0.130310800379	0.107319559033	0.14407431879	0.142176743609	0.154295861346	0.119529644356	0.148707567174	0.154175784774	0.0	0.120767689055	0.141863591551	0.140083119867	0.121894921297	0.150882153476	0.13744767731	0.162764459364	0.149892453235	0.145167253035	0.116002189913	0.148023160513	0.147036635204	0.152863868391	0.127223110463	0.135393716389	0.118946335507	0.150265346675	0.154111218469	0.144780748563	0.143384461126	0.159133498997	0.111713643329	0.133871496903	0.123432658238	0.127862403371	0.13383170084	0.138791786351	0.131076983765	0.128144191124	0.141117745025	0.150633505763	0.118549503351	0.113409218233	0.125316824552	0.144146807485	0.140374331551	0.144460594026	0.137147994437	0.151064828699	0.119687997408	0.126468032186	0.15576956056	0.152089901089	0.147043746772	0.143811353081	0.153275941725	0.156645634023	0.133694990974	0.147345580018	0.139933558484	0.13521871601	0.145004918471	0.142029781989	0.140670407206	0.138232860342	0.119957828334	0.14264238773	0.154685269871	0.136467030287	0.155985132684	0.148765845752	0.154792884061	0.144126410553	0.141789794036	0.138665571779	0.141906721896	0.141801450378
CCMD25963797ST-21-0.snv.bam	0.138065163811	0.131282997664	0.132172385976	0.130349520677	0.131384432842	0.135305997664	0.14142300537	0.116679475536	0.113229106073	0.137122668715	0.118276418718	0.152372357042	0.127892985151	0.124128067272	0.11205631046	0.136383711634	0.127920431449	0.137602694715	0.111268387012	0.150251895668	0.160755046131	0.120767689055	0.0	0.128822790113	0.12589414668	0.124644940873	0.135321321969	0.137802048186	0.164225518391	0.130144460393	0.137469433837	0.134599138417	0.139109397762	0.135678326279	0.136626725197	0.119064544563	0.121878757408	0.138273477097	0.147832167881	0.13749231608	0.132386763894	0.129281536336	0.137905998622	0.116460985706	0.123052926207	0.119423472889	0.145964688682	0.142247848705	0.13698272139	0.13573762689	0.129994336696	0.128211350198	0.133741162174	0.133518478957	0.129696114505	0.117288971765	0.135363351001	0.127671762558	0.136373177907	0.124518108966	0.134468045047	0.118275351632	0.113879733281	0.140226947436	0.136690794878	0.137238862171	0.136081000617	0.132685136261	0.136538541764	0.129710465851	0.137667068572	0.133149331453	0.123242562969	0.132789130083	0.14874471755	0.130548680143	0.13497386357	0.110862145218	0.128494892472	0.13435737014	0.126375710076	0.140671262744	0.139844212701	0.138112006725	0.129918854935	0.127688931521	0.124823326384	0.127797585346	0.127707843438
CCMD42428553ST-21-0.snv.bam	0.0972402126198	0.126846374923	0.0709070652711	0.0689044038668	0.068493803055	0.143427851627	0.113146551724	0.12561282547	0.123128357148	0.0725748141296	0.130992376473	0.165814936847	0.0156544996853	0.138057086156	0.121247113164	0.0954204231233	0.00339768339768	0.0592786796745	0.123098296885	0.118033365446	0.160226289531	0.141863591551	0.128822790113	0.0	0.00158116992178	0.126962239638	0.0567030956774	0.145381671817	0.164752657541	0.142654821681	0.152510241082	0.0511902186069	0.0959249837957	0.0930459680759	0.0575736044051	0.136749897898	0.00300842873956	0.088847879558	0.160294803274	0.0601933042475	0.0950677902451	0.00374167589242	0.168794802867	0.113141897296	0.0957215763387	0.139344262295	0.15942203249	0.145116298476	0.14502246902	0.13866823835	0.138542233531	0.00494928846607	0.0543785310734	0.142076502732	0.046144005848	0.138425466679	0.0954378116408	0.0	0.0944710466769	0.143729897171	0.0563875272404	0.140815131093	0.130448223583	0.1646711898	0.162600994053	0.0953472503144	0.094994564069	0.168593626003	0.167716084704	0.145235976973	0.16017384199	0.150374732807	0.124338323495	0.0793392275477	0.147091198827	0.142617045207	0.0901052942271	0.0670176574065	0.00215667105528	0.1685335097	0.136165964716	0.164375988368	0.0967193995176	0.060249265995	0.00339330772684	0.00137111488975	0.0015581924967	0.00126392760226	0.00129935544053
CCMD48236717ST-21-0.snv.bam	0.091666823779	0.123884238823	0.071239124226	0.0691980710053	0.0687818995001	0.139784533383	0.106770518858	0.123709454709	0.11969345159	0.0655385240319	0.131140854457	0.165284950925	0.0153512779355	0.136557861031	0.118856280974	0.0898295276838	0.00285690054158	0.0586040449029	0.122266182662	0.117724296056	0.159000965251	0.140083119867	0.12589414668	0.00158116992178	0.0	0.125098327087	0.055965774964	0.145364120663	0.163647703274	0.142334063044	0.151131615427	0.051037111326	0.0936191124742	0.0906334815503	0.0568576476659	0.131487588227	0.00241652609114	0.0889374750433	0.15797731999	0.0594697049251	0.0924460064607	0.00321478494791	0.16667434813	0.113391313448	0.0935954609992	0.135200764148	0.156942593118	0.142491084016	0.14316315911	0.135633924001	0.136833099463	0.00439540835331	0.0547174375029	0.139555947583	0.0459749981562	0.135131137282	0.0898411480022	0.000502636377076	0.0919075334217	0.142998007899	0.0556447265812	0.135766178234	0.127404356037	0.162588363726	0.160557510896	0.0928699540686	0.092629091085	0.16588891357	0.165550595072	0.143048783632	0.157812258073	0.147657322027	0.124644443205	0.0743723459431	0.142146727067	0.140020003191	0.0887606173843	0.067413936157	0.00159620299774	0.166335598138	0.134226823015	0.162315847197	0.0944291389854	0.0595615949669	0.00285775225461	0.000795822003691	0.000980017664979	0.000686528415786	0.000722652434287
CCMD51864103ST-21-0.snv.bam	0.144086183685	0.128167727756	0.139898831983	0.138137932763	0.139424771407	0.132022629004	0.141936011217	0.109511183567	0.11356293249	0.141759669035	0.122224160978	0.152634526638	0.122259615615	0.114154943345	0.129481629482	0.147640620665	0.127135523857	0.138914433207	0.106764363674	0.142355595824	0.164312702427	0.121894921297	0.124644940873	0.126962239638	0.125098327087	0.0	0.136617360839	0.145042468477	0.17111777917	0.114064781122	0.146520614085	0.140527109505	0.148191481614	0.145990262733	0.137858972249	0.120234700181	0.122898291879	0.141842000429	0.14475394447	0.137767510594	0.145324682123	0.127176160045	0.147039592352	0.111254512444	0.135456651911	0.122150756037	0.158067692503	0.132651527834	0.144964573307	0.131172406991	0.129237476809	0.12629462033	0.134471030802	0.127277510703	0.133151678329	0.129436901035	0.147714774169	0.12354016354	0.144729716956	0.112744031574	0.138075198029	0.121671336568	0.126253232382	0.147033848878	0.143578163112	0.146369940715	0.143927752086	0.142492428207	0.143441252852	0.128705562194	0.142395311388	0.132160789703	0.120060073323	0.139759679277	0.149483274905	0.125687164407	0.141930002111	0.112210420931	0.126576964449	0.146064740503	0.123555084441	0.147246489019	0.146783597635	0.139439941889	0.12806150426	0.125842096105	0.122946240722	0.125937938925	0.125842991228
CCMD86707194ST-21-0.snv.bam	0.115057035148	0.137623053695	0.0340344596359	0.0329631208361	0.0342715033016	0.158634752727	0.128129261409	0.145226500693	0.122284878605	0.0139569837851	0.141514774354	0.173816515457	0.0705131055437	0.13682231807	0.136119747863	0.100253065353	0.0572010372421	0.000587795902892	0.126201824907	0.128258054789	0.138517057638	0.150882153476	0.135321321969	0.0567030956774	0.055965774964	0.136617360839	0.0	0.154648150058	0.165072535764	0.151026214415	0.155036663494	0.0897940793343	0.100765304123	0.0989436870477	0.00153070512991	0.134497495958	0.0548410878353	0.128261497441	0.163913031026	0.00231166197657	0.0990230706945	0.0585932484403	0.17913680305	0.121895175442	0.107034484112	0.148410610827	0.158176426864	0.160840457904	0.149693828824	0.155525373816	0.143058615806	0.0624690954439	4.96327178877e-05	0.150731057506	0.0848479713373	0.134335088988	0.100228666951	0.0559265010352	0.0980924723804	0.145002418132	0.00105063132041	0.14834992533	0.137873298845	0.174915073833	0.174180212385	0.100194585573	0.0998431070561	0.177245121342	0.178155566065	0.146562483475	0.171487700451	0.163962487186	0.136559925405	0.0961208087089	0.153898024227	0.15497164316	0.0957500679378	0.0982172037149	0.0567163427879	0.177616889504	0.15060688322	0.174406926654	0.101547524064	0.00177528923232	0.0568037982004	0.0557530511423	0.0554936478457	0.0556299371706	0.055709958615
DLF013.snv.bam	0.162790071339	0.164406785098	0.159863438515	0.158066972826	0.160828665366	0.163334596426	0.16417868401	0.137873740384	0.139577916717	0.161946369327	0.111919057456	0.165758138497	0.141609870717	0.146583806188	0.134728742016	0.163219399353	0.1457253915	0.157694971706	0.138673384536	0.175302612421	0.174964513037	0.13744767731	0.137802048186	0.145381671817	0.145364120663	0.145042468477	0.154648150058	0.0	0.187445599537	0.155258834501	0.14729302731	0.156763082498	0.164277292074	0.162609414445	0.154369891277	0.147168164806	0.138570128526	0.159516003942	0.166382443761	0.156039585696	0.16136837011	0.145007424801	0.171440512667	0.124464331703	0.158548069461	0.141571757167	0.175173915263	0.164104709049	0.130660445878	0.14991951157	0.118665349121	0.144374727276	0.148085367553	0.148220378044	0.153169595706	0.149288540493	0.16331296557	0.142660859088	0.162810977189	0.141354420548	0.153549760138	0.143438574651	0.150448925677	0.170893869053	0.169547747057	0.162852106256	0.16351272922	0.16974953208	0.169922178754	0.122156302815	0.155630955119	0.154381941405	0.129654979347	0.160860195482	0.176722225807	0.160289260334	0.157414024047	0.131258850024	0.144338829288	0.171000381419	0.151207104022	0.169610474543	0.164396838418	0.157827537638	0.147587242813	0.14531886267	0.143137761841	0.145386518845	0.145368038713
