	158216035-tonguedorsum2.snv.bam	158883629-tonguedorsum2.snv.bam	159247771-tonguedorsum2.snv.bam	159470302-tonguedorsum1.snv.bam	159490532-tonguedorsum1.snv.bam	159571453-tonguedorsum1.snv.bam	160178356-buccalmucosa1.snv.bam	160178356-tonguedorsum1.snv.bam	160178356-tonguedorsum3.snv.bam	160319967-tonguedorsum3.snv.bam	160421117-buccalmucosa2.snv.bam	160421117-tonguedorsum2.snv.bam	160947100-tonguedorsum1.snv.bam	370027359-supragingivalplaque2.snv.bam	517810313-keratinizedgingiva2.snv.bam	675950834-tonguedorsum2.snv.bam	763395383-buccalmucosa3.snv.bam	763395383-supragingivalplaque3.snv.bam	763395383-tonguedorsum3.snv.bam	763496533-attachedkeratinizedgingiva1.snv.bam	763496533-attachedkeratinizedgingiva2.snv.bam	763496533-buccalmucosa2.snv.bam	763577454-attachedkeratinizedgingiva2.snv.bam	763820215-tonguedorsum1.snv.bam	763820215-tonguedorsum2.snv.bam	764305738-buccalmucosa2.snv.bam	764467579-buccalmucosa3.snv.bam	764467579-keratinizedgingiva3.snv.bam	764508039-tonguedorsum1.snv.bam	764649650-tonguedorsum1.snv.bam	765135172-buccalmucosa1.snv.bam	765135172-buccalmucosa3.snv.bam	765135172-tonguedorsum2.snv.bam	765701615-buccalmucosa2.snv.bam	809635352-tonguedorsum1.snv.bam	V1.FI37.snv.bam
158216035-tonguedorsum2.snv.bam	0.0	0.112616947967	0.223883305916	0.112982694339	0.125074546393	0.167760997359	0.224066382084	0.157261172503	0.155865106958	0.159211549276	0.177455972262	0.143579946703	0.143968940173	0.176868874188	0.217107886274	0.154689214114	0.19777890134	0.218721162927	0.187924139086	0.19493542811	0.216013171611	0.164181954117	0.206222698342	0.13917387806	0.164458278301	0.175301348887	0.2085329306	0.178424340425	0.102033473207	0.15256003293	0.232082763179	0.206931396879	0.146923465592	0.202876614792	0.117405396988	0.155653211061
158883629-tonguedorsum2.snv.bam	0.112616947967	0.0	0.181635693009	0.116763361567	0.116255247106	0.137747101888	0.18636134101	0.122400812486	0.106652028016	0.105303338454	0.136833885045	0.139115447064	0.170007779018	0.149170642902	0.175056493666	0.120855606362	0.158605909721	0.183507912734	0.128972670283	0.149539629907	0.181006686866	0.126175793662	0.198309322432	0.090579095332	0.112997440537	0.127311220337	0.162121805881	0.143854291554	0.0617842003722	0.126102652012	0.189122325593	0.172348518925	0.0997868121101	0.159648312037	0.0810439962938	0.120618625074
159247771-tonguedorsum2.snv.bam	0.223883305916	0.181635693009	0.0	0.194655573817	0.21438996589	0.169245086962	0.184842779848	0.137358104272	0.180328336788	0.181476878373	0.17881530044	0.0714981490125	0.214329043481	0.247421936358	0.204112762718	0.199667556832	0.18327930129	0.188377188253	0.184667650693	0.21458352757	0.224839274613	0.176595741263	0.268617501945	0.177264025436	0.168912102886	0.167235524353	0.195375457207	0.180897870394	0.214585930735	0.167048846958	0.204409906105	0.184361171846	0.160226881322	0.181526832426	0.144918741399	0.192493723476
159470302-tonguedorsum1.snv.bam	0.112982694339	0.116763361567	0.194655573817	0.0	0.119835128198	0.18344603397	0.19242908429	0.142837649645	0.129596849229	0.111823057673	0.168460954167	0.116584034299	0.102433873175	0.168948895068	0.184563527624	0.137676639188	0.163129916304	0.186978717601	0.137280337442	0.155442758825	0.183460880723	0.130793927953	0.179232446612	0.16926452588	0.149736182552	0.135989016609	0.162196781629	0.152432349514	0.135397972145	0.107858870091	0.177761898131	0.176716695528	0.11199222539	0.161330823261	0.0575094373541	0.125294289573
159490532-tonguedorsum1.snv.bam	0.125074546393	0.116255247106	0.21438996589	0.119835128198	0.0	0.18190662777	0.214517292381	0.152280992052	0.102969135333	0.129603526946	0.101624377151	0.141174178489	0.161302159956	0.130932372787	0.141324605137	0.104087957723	0.174569617135	0.206647649731	0.139450312392	0.107592816603	0.152120000055	0.135833263734	0.167214857857	0.149578834739	0.125783954329	0.128251812786	0.185932970886	0.155557966219	0.112605361196	0.118753405076	0.210492723789	0.194868909023	0.115099013392	0.188720179699	0.0642639702371	0.114839778768
159571453-tonguedorsum1.snv.bam	0.167760997359	0.137747101888	0.169245086962	0.18344603397	0.18190662777	0.0	0.215872238766	0.166249227504	0.181704252617	0.116089068724	0.158296618884	0.179747448778	0.230695136601	0.198867568985	0.185070514048	0.189809633564	0.176810295327	0.199507199594	0.122136238677	0.206878265661	0.201261613721	0.151145192652	0.247932917518	0.145766989719	0.145856338831	0.164067138112	0.159772842034	0.161656343698	0.136496076724	0.185183037425	0.209557975004	0.199332357813	0.141849340656	0.181233644035	0.158933245715	0.162805613334
160178356-buccalmucosa1.snv.bam	0.224066382084	0.18636134101	0.184842779848	0.19242908429	0.214517292381	0.215872238766	0.0	0.155204353045	0.171189646822	0.186043021083	0.227045413038	0.162927561634	0.216738066112	0.241819420103	0.22655692461	0.187958388265	0.042993812595	0.0156815389419	0.139746890461	0.225240585158	0.21989378491	0.120150962553	0.245358374485	0.217251009885	0.171832748336	0.0765063193836	0.071220978251	0.157864134362	0.220919290262	0.16903019581	0.0110949380742	0.0247527553477	0.122093077799	0.0317746620793	0.134920302374	0.12996727343
160178356-tonguedorsum1.snv.bam	0.157261172503	0.122400812486	0.137358104272	0.142837649645	0.152280992052	0.166249227504	0.155204353045	0.0	0.0953494477584	0.126876735595	0.190362131143	0.0891904515206	0.161136032285	0.202535929904	0.196991456825	0.149273361148	0.148654499431	0.153662068956	0.146274488682	0.165191084207	0.195245194591	0.141779447504	0.221064902498	0.139828510612	0.138095816837	0.127191809313	0.160664079552	0.148528303919	0.158778691697	0.118016627292	0.169671650309	0.149867587235	0.0891868347503	0.146116379875	0.0901496358537	0.151812783614
160178356-tonguedorsum3.snv.bam	0.155865106958	0.106652028016	0.180328336788	0.129596849229	0.102969135333	0.181704252617	0.171189646822	0.0953494477584	0.0	0.119399864243	0.163014152365	0.123127831583	0.127826922778	0.168169620258	0.184108389109	0.107651716664	0.145317410528	0.169039320344	0.126759928988	0.156787899203	0.188311856193	0.14029990958	0.198378924356	0.14018397425	0.101312248926	0.110568148648	0.15577028229	0.146627370991	0.147496727181	0.0762079426382	0.171574530724	0.157729467321	0.0952534748026	0.143704873486	0.0810227717268	0.116502870537
160319967-tonguedorsum3.snv.bam	0.159211549276	0.105303338454	0.181476878373	0.111823057673	0.129603526946	0.116089068724	0.186043021083	0.126876735595	0.119399864243	0.0	0.158527834453	0.15045220295	0.160670881894	0.145861025517	0.166054952489	0.133125266953	0.154737104671	0.180592654394	0.0938943927283	0.15269233627	0.158586505666	0.104937805505	0.18139265776	0.137828780365	0.115366505775	0.121251138169	0.144401922846	0.129635124025	0.105637718413	0.117427732793	0.183536684385	0.167778936544	0.0908700058555	0.160108750016	0.0973454222233	0.101681130364
160421117-buccalmucosa2.snv.bam	0.177455972262	0.136833885045	0.17881530044	0.168460954167	0.101624377151	0.158296618884	0.227045413038	0.190362131143	0.163014152365	0.158527834453	0.0	0.17739097993	0.230757156294	0.152815636215	0.11668841165	0.167908961428	0.195779152535	0.222918683984	0.180009267942	0.187902720631	0.1925017231	0.159103637287	0.206544676549	0.164223350685	0.143325935753	0.15888792629	0.206862869592	0.181077770204	0.147577045398	0.188015603139	0.233049784728	0.213034718612	0.166903159376	0.208020905551	0.155705148416	0.139745844218
160421117-tonguedorsum2.snv.bam	0.143579946703	0.139115447064	0.0714981490125	0.116584034299	0.141174178489	0.179747448778	0.162927561634	0.0891904515206	0.123127831583	0.15045220295	0.17739097993	0.0	0.14485790419	0.186196271023	0.197350529985	0.144345039415	0.157813352046	0.165096031741	0.151844896782	0.166729361941	0.204647808854	0.147163509657	0.226573597061	0.159512050141	0.14656254966	0.142665612656	0.173285204977	0.133871512062	0.168601440185	0.120378735839	0.181938575191	0.163161040541	0.118819028205	0.162084070271	0.0915288949073	0.145972058583
160947100-tonguedorsum1.snv.bam	0.143968940173	0.170007779018	0.214329043481	0.102433873175	0.161302159956	0.230695136601	0.216738066112	0.161136032285	0.127826922778	0.160670881894	0.230757156294	0.14485790419	0.0	0.211373431379	0.219710682995	0.168900156177	0.188315408352	0.211491199627	0.16881018938	0.182821247055	0.204635005724	0.179523387788	0.201307724398	0.19619899064	0.165029636253	0.160396701677	0.196072723464	0.195201570228	0.187777266723	0.104660886121	0.19989511235	0.200839644279	0.138307951264	0.175599177933	0.128433293065	0.168329546389
370027359-supragingivalplaque2.snv.bam	0.176868874188	0.149170642902	0.247421936358	0.168948895068	0.130932372787	0.198867568985	0.241819420103	0.202535929904	0.168169620258	0.145861025517	0.152815636215	0.186196271023	0.211373431379	0.0	0.177075804509	0.109319750269	0.206530736823	0.235680341797	0.174265123438	0.147735529962	0.148848321831	0.131716528765	0.149663432741	0.149208321863	0.135870739663	0.16387070063	0.210661319738	0.133221581426	0.13049071633	0.169212226952	0.240901145103	0.223106504817	0.153253608759	0.221972095711	0.123343888455	0.141838689147
517810313-keratinizedgingiva2.snv.bam	0.217107886274	0.175056493666	0.204112762718	0.184563527624	0.141324605137	0.185070514048	0.22655692461	0.196991456825	0.184108389109	0.166054952489	0.11668841165	0.197350529985	0.219710682995	0.177075804509	0.0	0.173867118707	0.194593954764	0.22013042305	0.177428173486	0.117532616308	0.0965534344769	0.143212318568	0.117072585704	0.18136055901	0.17749411833	0.153386269397	0.20068729976	0.18479423294	0.159232280814	0.194232687935	0.229087442143	0.20887829161	0.157206313063	0.208341695882	0.170602417489	0.168455197248
675950834-tonguedorsum2.snv.bam	0.154689214114	0.120855606362	0.199667556832	0.137676639188	0.104087957723	0.189809633564	0.187958388265	0.149273361148	0.107651716664	0.133125266953	0.167908961428	0.144345039415	0.168900156177	0.109319750269	0.173867118707	0.0	0.158044080508	0.183966889389	0.137125790831	0.144643079809	0.153465917165	0.113475249009	0.135436941178	0.0974229736237	0.0962023560951	0.111571777207	0.161201642906	0.115151896452	0.124821699135	0.114201430593	0.186505383135	0.170937346046	0.101016803931	0.169338843892	0.0934019022014	0.114401221096
763395383-buccalmucosa3.snv.bam	0.19777890134	0.158605909721	0.18327930129	0.163129916304	0.174569617135	0.176810295327	0.042993812595	0.148654499431	0.145317410528	0.154737104671	0.195779152535	0.157813352046	0.188315408352	0.206530736823	0.194593954764	0.158044080508	0.0	0.0307321661379	0.098637700987	0.193964824639	0.188067359653	0.0902064773398	0.228500648236	0.183746677517	0.140445363335	0.0512348190767	0.0318121047886	0.120422985398	0.183936846816	0.141702378866	0.0327487087934	0.0302064004805	0.096648277939	0.0332231195252	0.105025919193	0.0982019825132
763395383-supragingivalplaque3.snv.bam	0.218721162927	0.183507912734	0.188377188253	0.186978717601	0.206647649731	0.199507199594	0.0156815389419	0.153662068956	0.169039320344	0.180592654394	0.222918683984	0.165096031741	0.211491199627	0.235680341797	0.22013042305	0.183966889389	0.0307321661379	0.0	0.117565576572	0.219839254662	0.213361232696	0.113618410338	0.25749983444	0.210539609148	0.165725484288	0.0730512009579	0.0503579328429	0.141277654561	0.214171602785	0.165371577181	0.012045974751	0.0208087808081	0.118612021471	0.036180867559	0.129564863635	0.123459372897
763395383-tonguedorsum3.snv.bam	0.187924139086	0.128972670283	0.184667650693	0.137280337442	0.139450312392	0.122136238677	0.139746890461	0.146274488682	0.126759928988	0.0938943927283	0.180009267942	0.151844896782	0.16881018938	0.174265123438	0.177428173486	0.137125790831	0.098637700987	0.117565576572	0.0	0.174864187736	0.177549273102	0.109576374192	0.207573263735	0.163242999252	0.117360604527	0.0873111253323	0.0736172712861	0.08736757915	0.144796820551	0.122496298466	0.119388486085	0.124817829023	0.0831158015642	0.0992450889554	0.103139967438	0.101697505802
763496533-attachedkeratinizedgingiva1.snv.bam	0.19493542811	0.149539629907	0.21458352757	0.155442758825	0.107592816603	0.206878265661	0.225240585158	0.165191084207	0.156787899203	0.15269233627	0.187902720631	0.166729361941	0.182821247055	0.147735529962	0.117532616308	0.144643079809	0.193964824639	0.219839254662	0.174864187736	0.0	0.0576887546687	0.123219372868	0.108404081964	0.154274112535	0.164602840626	0.146399656986	0.202536937805	0.169108300981	0.134409713929	0.165048787271	0.223995854596	0.208078297138	0.133921690141	0.214675546156	0.126576050933	0.158813197174
763496533-attachedkeratinizedgingiva2.snv.bam	0.216013171611	0.181006686866	0.224839274613	0.183460880723	0.152120000055	0.201261613721	0.21989378491	0.195245194591	0.188311856193	0.158586505666	0.1925017231	0.204647808854	0.204635005724	0.148848321831	0.0965534344769	0.153465917165	0.188067359653	0.213361232696	0.177549273102	0.0576887546687	0.0	0.097860882313	0.0992158220935	0.165733989962	0.163719925471	0.143946091694	0.19689793882	0.162244523261	0.15730819556	0.190832946851	0.219933549404	0.202257762271	0.144885299093	0.209996740856	0.148773998993	0.162707764881
763496533-buccalmucosa2.snv.bam	0.164181954117	0.126175793662	0.176595741263	0.130793927953	0.135833263734	0.151145192652	0.120150962553	0.141779447504	0.14029990958	0.104937805505	0.159103637287	0.147163509657	0.179523387788	0.131716528765	0.143212318568	0.113475249009	0.0902064773398	0.113618410338	0.109576374192	0.123219372868	0.097860882313	0.0	0.149526048429	0.125484371034	0.117378345788	0.0610693407833	0.0994301382683	0.0953197316962	0.110942731671	0.132707965578	0.117244522286	0.104396879958	0.0838788259523	0.109857293809	0.0840756684296	0.0789551745022
763577454-attachedkeratinizedgingiva2.snv.bam	0.206222698342	0.198309322432	0.268617501945	0.179232446612	0.167214857857	0.247932917518	0.245358374485	0.221064902498	0.198378924356	0.18139265776	0.206544676549	0.226573597061	0.201307724398	0.149663432741	0.117072585704	0.135436941178	0.228500648236	0.25749983444	0.207573263735	0.108404081964	0.0992158220935	0.149526048429	0.0	0.175050002669	0.172158651519	0.179240006737	0.236529522689	0.170191626753	0.160111313563	0.198677134455	0.243941971038	0.233539655153	0.160073110309	0.234676046289	0.162890092797	0.183655116093
763820215-tonguedorsum1.snv.bam	0.13917387806	0.090579095332	0.177264025436	0.16926452588	0.149578834739	0.145766989719	0.217251009885	0.139828510612	0.14018397425	0.137828780365	0.164223350685	0.159512050141	0.19619899064	0.149208321863	0.18136055901	0.0974229736237	0.183746677517	0.210539609148	0.163242999252	0.154274112535	0.165733989962	0.125484371034	0.175050002669	0.0	0.0821138509859	0.145113398364	0.186627053526	0.140289515488	0.101302431652	0.137868833667	0.217548680245	0.198398095368	0.117125282666	0.17801551888	0.111415800193	0.131768661646
763820215-tonguedorsum2.snv.bam	0.164458278301	0.112997440537	0.168912102886	0.149736182552	0.125783954329	0.145856338831	0.171832748336	0.138095816837	0.101312248926	0.115366505775	0.143325935753	0.14656254966	0.165029636253	0.135870739663	0.17749411833	0.0962023560951	0.140445363335	0.165725484288	0.117360604527	0.164602840626	0.163719925471	0.117378345788	0.172158651519	0.0821138509859	0.0	0.0949156344532	0.14197134713	0.109195641031	0.129104362388	0.102138860822	0.167404555744	0.155519157012	0.0818814211027	0.129942194264	0.102099883413	0.0985757707253
764305738-buccalmucosa2.snv.bam	0.175301348887	0.127311220337	0.167235524353	0.135989016609	0.128251812786	0.164067138112	0.0765063193836	0.127191809313	0.110568148648	0.121251138169	0.15888792629	0.142665612656	0.160396701677	0.16387070063	0.153386269397	0.111571777207	0.0512348190767	0.0730512009579	0.0873111253323	0.146399656986	0.143946091694	0.0610693407833	0.179240006737	0.145113398364	0.0949156344532	0.0	0.0628982871086	0.106118890515	0.148011334682	0.107980065745	0.0685101973536	0.064845756055	0.0665568693005	0.0587283821658	0.0885383776493	0.0615709104079
764467579-buccalmucosa3.snv.bam	0.2085329306	0.162121805881	0.195375457207	0.162196781629	0.185932970886	0.159772842034	0.071220978251	0.160664079552	0.15577028229	0.144401922846	0.206862869592	0.173285204977	0.196072723464	0.210661319738	0.20068729976	0.161201642906	0.0318121047886	0.0503579328429	0.0736172712861	0.202536937805	0.19689793882	0.0994301382683	0.236529522689	0.186627053526	0.14197134713	0.0628982871086	0.0	0.107850480473	0.187369687669	0.149253729256	0.0494488710368	0.0547324693608	0.101797207406	0.0359052264316	0.120603977136	0.10705159685
764467579-keratinizedgingiva3.snv.bam	0.178424340425	0.143854291554	0.180897870394	0.152432349514	0.155557966219	0.161656343698	0.157864134362	0.148528303919	0.146627370991	0.129635124025	0.181077770204	0.133871512062	0.195201570228	0.133221581426	0.18479423294	0.115151896452	0.120422985398	0.141277654561	0.08736757915	0.169108300981	0.162244523261	0.0953197316962	0.170191626753	0.140289515488	0.109195641031	0.106118890515	0.107850480473	0.0	0.154416204575	0.143464042214	0.149143095455	0.142244008546	0.0965141415257	0.133871105994	0.115135958283	0.10948666215
764508039-tonguedorsum1.snv.bam	0.102033473207	0.0617842003722	0.214585930735	0.135397972145	0.112605361196	0.136496076724	0.220919290262	0.158778691697	0.147496727181	0.105637718413	0.147577045398	0.168601440185	0.187777266723	0.13049071633	0.159232280814	0.124821699135	0.183936846816	0.214171602785	0.144796820551	0.134409713929	0.15730819556	0.110942731671	0.160111313563	0.101302431652	0.129104362388	0.148011334682	0.187369687669	0.154416204575	0.0	0.124967484903	0.219907858538	0.198789101836	0.12005057899	0.189244591924	0.0810714454058	0.1264845521
764649650-tonguedorsum1.snv.bam	0.15256003293	0.126102652012	0.167048846958	0.107858870091	0.118753405076	0.185183037425	0.16903019581	0.118016627292	0.0762079426382	0.117427732793	0.188015603139	0.120378735839	0.104660886121	0.169212226952	0.194232687935	0.114201430593	0.141702378866	0.165371577181	0.122496298466	0.165048787271	0.190832946851	0.132707965578	0.198677134455	0.137868833667	0.102138860822	0.107980065745	0.149253729256	0.143464042214	0.124967484903	0.0	0.159945840137	0.154829649821	0.0992174311815	0.133115866473	0.0795227612473	0.107726902778
765135172-buccalmucosa1.snv.bam	0.232082763179	0.189122325593	0.204409906105	0.177761898131	0.210492723789	0.209557975004	0.0110949380742	0.169671650309	0.171574530724	0.183536684385	0.233049784728	0.181938575191	0.19989511235	0.240901145103	0.229087442143	0.186505383135	0.0327487087934	0.012045974751	0.119388486085	0.223995854596	0.219933549404	0.117244522286	0.243941971038	0.217548680245	0.167404555744	0.0685101973536	0.0494488710368	0.149143095455	0.219907858538	0.159945840137	0.0	0.0206472070103	0.11477614805	0.0376256379873	0.127757849863	0.124488279167
765135172-buccalmucosa3.snv.bam	0.206931396879	0.172348518925	0.184361171846	0.176716695528	0.194868909023	0.199332357813	0.0247527553477	0.149867587235	0.157729467321	0.167778936544	0.213034718612	0.163161040541	0.200839644279	0.223106504817	0.20887829161	0.170937346046	0.0302064004805	0.0208087808081	0.124817829023	0.208078297138	0.202257762271	0.104396879958	0.233539655153	0.198398095368	0.155519157012	0.064845756055	0.0547324693608	0.142244008546	0.198789101836	0.154829649821	0.0206472070103	0.0	0.104661272091	0.0331185730737	0.123795460875	0.114055698703
765135172-tonguedorsum2.snv.bam	0.146923465592	0.0997868121101	0.160226881322	0.11199222539	0.115099013392	0.141849340656	0.122093077799	0.0891868347503	0.0952534748026	0.0908700058555	0.166903159376	0.118819028205	0.138307951264	0.153253608759	0.157206313063	0.101016803931	0.096648277939	0.118612021471	0.0831158015642	0.133921690141	0.144885299093	0.0838788259523	0.160073110309	0.117125282666	0.0818814211027	0.0665568693005	0.101797207406	0.0965141415257	0.12005057899	0.0992174311815	0.11477614805	0.104661272091	0.0	0.0952947290919	0.0589008730924	0.0962383534793
765701615-buccalmucosa2.snv.bam	0.202876614792	0.159648312037	0.181526832426	0.161330823261	0.188720179699	0.181233644035	0.0317746620793	0.146116379875	0.143704873486	0.160108750016	0.208020905551	0.162084070271	0.175599177933	0.221972095711	0.208341695882	0.169338843892	0.0332231195252	0.036180867559	0.0992450889554	0.214675546156	0.209996740856	0.109857293809	0.234676046289	0.17801551888	0.129942194264	0.0587283821658	0.0359052264316	0.133871105994	0.189244591924	0.133115866473	0.0376256379873	0.0331185730737	0.0952947290919	0.0	0.109954503371	0.100786796241
809635352-tonguedorsum1.snv.bam	0.117405396988	0.0810439962938	0.144918741399	0.0575094373541	0.0642639702371	0.158933245715	0.134920302374	0.0901496358537	0.0810227717268	0.0973454222233	0.155705148416	0.0915288949073	0.128433293065	0.123343888455	0.170602417489	0.0934019022014	0.105025919193	0.129564863635	0.103139967438	0.126576050933	0.148773998993	0.0840756684296	0.162890092797	0.111415800193	0.102099883413	0.0885383776493	0.120603977136	0.115135958283	0.0810714454058	0.0795227612473	0.127757849863	0.123795460875	0.0589008730924	0.109954503371	0.0	0.0953776215406
V1.FI37.snv.bam	0.155653211061	0.120618625074	0.192493723476	0.125294289573	0.114839778768	0.162805613334	0.12996727343	0.151812783614	0.116502870537	0.101681130364	0.139745844218	0.145972058583	0.168329546389	0.141838689147	0.168455197248	0.114401221096	0.0982019825132	0.123459372897	0.101697505802	0.158813197174	0.162707764881	0.0789551745022	0.183655116093	0.131768661646	0.0985757707253	0.0615709104079	0.10705159685	0.10948666215	0.1264845521	0.107726902778	0.124488279167	0.114055698703	0.0962383534793	0.100786796241	0.0953776215406	0.0
