	159288231-stool1.snv.bam	160704339-stool1.snv.bam	BYQ_AAAD.snv.bam	CCIS11019776ST-4-0.snv.bam	CCIS28384594ST-4-0.snv.bam	CCIS41222843ST-4-0.snv.bam	CCMD14479708ST-21-0.snv.bam	CCMD46222674ST-21-0.snv.bam	MH0257.snv.bam	MMRS14602194ST-27-0-0.snv.bam	MMRS25641480ST-27-0-0.snv.bam	MMRS41711735ST-27-0-0.snv.bam	MMRS51410669ST-27-0-0.snv.bam	MMRS66868025ST-27-0-0.snv.bam	MMRS86168210ST-27-0-0.snv.bam	MMRS99045180ST-27-0-0.snv.bam	SAMEA3136645.snv.bam	SAMEA3136676.snv.bam	SAMEA3136707.snv.bam	SAMEA3136751.snv.bam	T2D-123A.snv.bam	T2D-47A.snv.bam	V1.FI16.snv.bam	V1.UC55-4.snv.bam
159288231-stool1.snv.bam	0.0	0.0998003992016	0.13373253493	0.0958083832335	0.105788423154	0.111776447106	0.121756487026	0.10379241517	0.0978043912176	0.0938123752495	0.11377245509	0.121756487026	0.117764471058	0.11377245509	0.141716566866	0.117764471058	0.13373253493	0.121756487026	0.157684630739	0.14371257485	0.111776447106	0.11377245509	0.121756487026	0.109780439122
160704339-stool1.snv.bam	0.0998003992016	0.0	0.117764471058	0.0978043912176	0.0978043912176	0.0898203592814	0.109780439122	0.0938123752495	0.0678642714571	0.0978043912176	0.0978043912176	0.11377245509	0.111776447106	0.109780439122	0.101796407186	0.107784431138	0.117764471058	0.125748502994	0.159680638723	0.145708582834	0.125748502994	0.121756487026	0.0918163672655	0.107784431138
BYQ_AAAD.snv.bam	0.13373253493	0.117764471058	0.0	0.109780439122	0.0958083832335	0.115768463074	0.115768463074	0.119760479042	0.105788423154	0.111776447106	0.11377245509	0.14371257485	0.111776447106	0.119760479042	0.111776447106	0.129740518962	0.127744510978	0.147704590818	0.149700598802	0.145708582834	0.13373253493	0.13373253493	0.105788423154	0.115768463074
CCIS11019776ST-4-0.snv.bam	0.0958083832335	0.0978043912176	0.109780439122	0.0	0.0978043912176	0.0818363273453	0.101796407186	0.0499001996008	0.0758483033932	0.0698602794411	0.0938123752495	0.129740518962	0.0878243512974	0.10379241517	0.0878243512974	0.101796407186	0.135728542914	0.11377245509	0.127744510978	0.117764471058	0.107784431138	0.121756487026	0.0998003992016	0.0778443113772
CCIS28384594ST-4-0.snv.bam	0.105788423154	0.0978043912176	0.0958083832335	0.0978043912176	0.0	0.0858283433134	0.0938123752495	0.0978043912176	0.0858283433134	0.0958083832335	0.11377245509	0.125748502994	0.105788423154	0.0938123752495	0.105788423154	0.101796407186	0.105788423154	0.115768463074	0.14371257485	0.135728542914	0.117764471058	0.11377245509	0.101796407186	0.115768463074
CCIS41222843ST-4-0.snv.bam	0.111776447106	0.0898203592814	0.115768463074	0.0818363273453	0.0858283433134	0.0	0.101796407186	0.0658682634731	0.0698602794411	0.0838323353293	0.0938123752495	0.127744510978	0.10379241517	0.105788423154	0.0958083832335	0.109780439122	0.12375249501	0.111776447106	0.151696606786	0.13373253493	0.111776447106	0.12375249501	0.0878243512974	0.0898203592814
CCMD14479708ST-21-0.snv.bam	0.121756487026	0.109780439122	0.115768463074	0.101796407186	0.0938123752495	0.101796407186	0.0	0.0938123752495	0.0898203592814	0.0898203592814	0.119760479042	0.14371257485	0.101796407186	0.0978043912176	0.0958083832335	0.115768463074	0.131736526946	0.12375249501	0.13373253493	0.121756487026	0.109780439122	0.13373253493	0.111776447106	0.125748502994
CCMD46222674ST-21-0.snv.bam	0.10379241517	0.0938123752495	0.119760479042	0.0499001996008	0.0978043912176	0.0658682634731	0.0938123752495	0.0	0.0678642714571	0.0858283433134	0.0958083832335	0.125748502994	0.0958083832335	0.105788423154	0.0838323353293	0.109780439122	0.125748502994	0.12375249501	0.135728542914	0.127744510978	0.101796407186	0.115768463074	0.0938123752495	0.0878243512974
MH0257.snv.bam	0.0978043912176	0.0678642714571	0.105788423154	0.0758483033932	0.0858283433134	0.0698602794411	0.0898203592814	0.0678642714571	0.0	0.0858283433134	0.0938123752495	0.10379241517	0.105788423154	0.0958083832335	0.0918163672655	0.0998003992016	0.0938123752495	0.109780439122	0.111776447106	0.101796407186	0.0878243512974	0.111776447106	0.0878243512974	0.0718562874251
MMRS14602194ST-27-0-0.snv.bam	0.0938123752495	0.0978043912176	0.111776447106	0.0698602794411	0.0958083832335	0.0838323353293	0.0898203592814	0.0858283433134	0.0858283433134	0.0	0.0998003992016	0.127744510978	0.0798403193613	0.0898203592814	0.10379241517	0.10379241517	0.107784431138	0.0958083832335	0.121756487026	0.105788423154	0.101796407186	0.109780439122	0.0918163672655	0.0998003992016
MMRS25641480ST-27-0-0.snv.bam	0.11377245509	0.0978043912176	0.11377245509	0.0938123752495	0.11377245509	0.0938123752495	0.119760479042	0.0958083832335	0.0938123752495	0.0998003992016	0.0	0.121756487026	0.0978043912176	0.0998003992016	0.119760479042	0.107784431138	0.125748502994	0.119760479042	0.163672654691	0.145708582834	0.115768463074	0.11377245509	0.11377245509	0.0858283433134
MMRS41711735ST-27-0-0.snv.bam	0.121756487026	0.11377245509	0.14371257485	0.129740518962	0.125748502994	0.127744510978	0.14371257485	0.125748502994	0.10379241517	0.127744510978	0.121756487026	0.0	0.135728542914	0.13373253493	0.149700598802	0.141716566866	0.137724550898	0.149700598802	0.159680638723	0.151696606786	0.121756487026	0.141716566866	0.147704590818	0.121756487026
MMRS51410669ST-27-0-0.snv.bam	0.117764471058	0.111776447106	0.111776447106	0.0878243512974	0.105788423154	0.10379241517	0.101796407186	0.0958083832335	0.105788423154	0.0798403193613	0.0978043912176	0.135728542914	0.0	0.105788423154	0.111776447106	0.101796407186	0.119760479042	0.119760479042	0.147704590818	0.135728542914	0.109780439122	0.127744510978	0.0958083832335	0.11377245509
MMRS66868025ST-27-0-0.snv.bam	0.11377245509	0.109780439122	0.119760479042	0.10379241517	0.0938123752495	0.105788423154	0.0978043912176	0.105788423154	0.0958083832335	0.0898203592814	0.0998003992016	0.13373253493	0.105788423154	0.0	0.121756487026	0.11377245509	0.119760479042	0.117764471058	0.13373253493	0.121756487026	0.117764471058	0.125748502994	0.111776447106	0.119760479042
MMRS86168210ST-27-0-0.snv.bam	0.141716566866	0.101796407186	0.111776447106	0.0878243512974	0.105788423154	0.0958083832335	0.0958083832335	0.0838323353293	0.0918163672655	0.10379241517	0.119760479042	0.149700598802	0.111776447106	0.121756487026	0.0	0.119760479042	0.13373253493	0.141716566866	0.14371257485	0.125748502994	0.12375249501	0.139720558882	0.115768463074	0.119760479042
MMRS99045180ST-27-0-0.snv.bam	0.117764471058	0.107784431138	0.129740518962	0.101796407186	0.101796407186	0.109780439122	0.115768463074	0.109780439122	0.0998003992016	0.10379241517	0.107784431138	0.141716566866	0.101796407186	0.11377245509	0.119760479042	0.0	0.13373253493	0.12375249501	0.161676646707	0.135728542914	0.111776447106	0.131736526946	0.119760479042	0.121756487026
SAMEA3136645.snv.bam	0.13373253493	0.117764471058	0.127744510978	0.135728542914	0.105788423154	0.12375249501	0.131736526946	0.125748502994	0.0938123752495	0.107784431138	0.125748502994	0.137724550898	0.119760479042	0.119760479042	0.13373253493	0.13373253493	0.0	0.12375249501	0.137724550898	0.119760479042	0.105788423154	0.117764471058	0.14371257485	0.115768463074
SAMEA3136676.snv.bam	0.121756487026	0.125748502994	0.147704590818	0.11377245509	0.115768463074	0.111776447106	0.12375249501	0.12375249501	0.109780439122	0.0958083832335	0.119760479042	0.149700598802	0.119760479042	0.117764471058	0.141716566866	0.12375249501	0.12375249501	0.0	0.141716566866	0.119760479042	0.11377245509	0.12375249501	0.139720558882	0.129740518962
SAMEA3136707.snv.bam	0.157684630739	0.159680638723	0.149700598802	0.127744510978	0.14371257485	0.151696606786	0.13373253493	0.135728542914	0.111776447106	0.121756487026	0.163672654691	0.159680638723	0.147704590818	0.13373253493	0.14371257485	0.161676646707	0.137724550898	0.141716566866	0.0	0.0459081836327	0.117764471058	0.15369261477	0.171656686627	0.135728542914
SAMEA3136751.snv.bam	0.14371257485	0.145708582834	0.145708582834	0.117764471058	0.135728542914	0.13373253493	0.121756487026	0.127744510978	0.101796407186	0.105788423154	0.145708582834	0.151696606786	0.135728542914	0.121756487026	0.125748502994	0.135728542914	0.119760479042	0.119760479042	0.0459081836327	0.0	0.107784431138	0.141716566866	0.149700598802	0.125748502994
T2D-123A.snv.bam	0.111776447106	0.125748502994	0.13373253493	0.107784431138	0.117764471058	0.111776447106	0.109780439122	0.101796407186	0.0878243512974	0.101796407186	0.115768463074	0.121756487026	0.109780439122	0.117764471058	0.12375249501	0.111776447106	0.105788423154	0.11377245509	0.117764471058	0.107784431138	0.0	0.11377245509	0.12375249501	0.115768463074
T2D-47A.snv.bam	0.11377245509	0.121756487026	0.13373253493	0.121756487026	0.11377245509	0.12375249501	0.13373253493	0.115768463074	0.111776447106	0.109780439122	0.11377245509	0.141716566866	0.127744510978	0.125748502994	0.139720558882	0.131736526946	0.117764471058	0.12375249501	0.15369261477	0.141716566866	0.11377245509	0.0	0.131736526946	0.129740518962
V1.FI16.snv.bam	0.121756487026	0.0918163672655	0.105788423154	0.0998003992016	0.101796407186	0.0878243512974	0.111776447106	0.0938123752495	0.0878243512974	0.0918163672655	0.11377245509	0.147704590818	0.0958083832335	0.111776447106	0.115768463074	0.119760479042	0.14371257485	0.139720558882	0.171656686627	0.149700598802	0.12375249501	0.131736526946	0.0	0.11377245509
V1.UC55-4.snv.bam	0.109780439122	0.107784431138	0.115768463074	0.0778443113772	0.115768463074	0.0898203592814	0.125748502994	0.0878243512974	0.0718562874251	0.0998003992016	0.0858283433134	0.121756487026	0.11377245509	0.119760479042	0.119760479042	0.121756487026	0.115768463074	0.129740518962	0.135728542914	0.125748502994	0.115768463074	0.129740518962	0.11377245509	0.0
