	158802708-stool1.snv.bam	158802708-stool2.snv.bam	158802708-stool3.snv.bam	159288231-stool1.snv.bam	160218816-stool1.snv.bam	160400887-stool1.snv.bam	275382046-stool3.snv.bam	508703490-stool2.snv.bam	508703490-stool3.snv.bam	675950834-stool1.snv.bam	706846339-stool2.snv.bam	763577454-stool1.snv.bam	763577454-stool2.snv.bam	763759525-stool1.snv.bam	764002286-stool2.snv.bam	764285508-stool1.snv.bam	764325968-stool2.snv.bam	764447348-stool2.snv.bam	764487809-stool1.snv.bam	764487809-stool2.snv.bam	765034022-stool2.snv.bam	765135172-stool3.snv.bam	765640925-stool2.snv.bam	823052294-stool3.snv.bam	861967750-stool1.snv.bam	BYQ_AAAB.snv.bam	BYQ_AAAM.snv.bam	CCIS22416007ST-4-0.snv.bam	CCIS34604008ST-4-0.snv.bam	CCIS45793747ST-4-0.snv.bam	CCIS70398272ST-4-0.snv.bam	CCIS78100604ST-4-0.snv.bam	CCIS78318719ST-4-0.snv.bam	CCMD12232071ST-21-0.snv.bam	CCMD60079086ST-21-0.snv.bam	DLM028.snv.bam	M4.2-V3.metaT.snv.bam	MH0176.snv.bam	MH0196.snv.bam	MH0198.snv.bam	MH0199.snv.bam	MH0205.snv.bam	MH0229.snv.bam	MH0236.snv.bam	MH0251.snv.bam	MH0259.snv.bam	MH0265.snv.bam	MH0267.snv.bam	MH0270.snv.bam	MH0272.snv.bam	MH0275.snv.bam	MH0292.snv.bam	MH0305.snv.bam	MH0307.snv.bam	MH0316.snv.bam	MH0345.snv.bam	MH0346.snv.bam	MH0360.snv.bam	MH0361.snv.bam	MH0367.snv.bam	MH0368.snv.bam	MH0371.snv.bam	MH0383.snv.bam	MH0406.snv.bam	MH0408.snv.bam	MH0410.snv.bam	MH0418.snv.bam	MH0425.snv.bam	MH0441.snv.bam	MH0442.snv.bam	MH0445.snv.bam	MH0456.snv.bam	MH0458.snv.bam	MMRS11288076ST-27-0-0.snv.bam	MMRS16644320ST-27-0-0.snv.bam	MMRS17963147ST-27-0-0.snv.bam	MMRS65862658ST-27-0-0.snv.bam	MMRS72802364ST-27-0-0.snv.bam	MMRS72980899ST-27-0-0.snv.bam	MMRS77321055ST-27-0-0.snv.bam	MMRS84954772ST-27-0-0.snv.bam	O2.UC13-1.snv.bam	O2.UC2-1.snv.bam	O2.UC21-1.snv.bam	O2.UC27-1.snv.bam	O2.UC28-1.snv.bam	O2.UC31-1.snv.bam	O2.UC4-1.snv.bam	O2.UC50-0.snv.bam	O2.UC50-2.snv.bam	O2.UC53-0.snv.bam	O2.UC53-2.snv.bam	V1.CD1-3-PN.snv.bam	V1.CD48-0.snv.bam	V1.CD51-0.snv.bam	V1.CD52-0.snv.bam	V1.CD6-0-PN.snv.bam	V1.FI01.snv.bam	V1.FI16.snv.bam	V1.FI19.snv.bam	V1.FI36.snv.bam	V1.FI37.snv.bam	V1.UC32-0.snv.bam	V1.UC51-4.snv.bam	V1.UC52-0.snv.bam	V1.UC55-4.snv.bam	V1.UC64-0.snv.bam	scavenger-11-0-0.snv.bam	scavenger-11-60-0.snv.bam	scavenger-11-7-0.snv.bam	scavenger-12-7-0.snv.bam	scavenger-13-7-0.snv.bam
158802708-stool1.snv.bam	0.0	0.0	0.0	0.10599078341	0.127496159754	0.127496159754	0.099846390169	0.15668202765	0.15821812596	0.115207373272	0.145929339478	0.073732718894	0.0829493087558	0.112135176651	0.10599078341	0.0860215053763	0.0614439324117	0.124423963134	0.0691244239631	0.0691244239631	0.073732718894	0.0522273425499	0.132104454685	0.0952380952381	0.132104454685	0.155145929339	0.162826420891	0.0814132104455	0.115207373272	0.112135176651	0.130568356375	0.099846390169	0.110599078341	0.133640552995	0.0890937019969	0.170506912442	0.142857142857	0.0875576036866	0.0798771121352	0.116743471582	0.129032258065	0.121351766513	0.0906298003072	0.115207373272	0.145929339478	0.129032258065	0.0906298003072	0.0860215053763	0.121351766513	0.0921658986175	0.145929339478	0.124423963134	0.142857142857	0.0937019969278	0.115207373272	0.136712749616	0.149001536098	0.101382488479	0.1044546851	0.0952380952381	0.110599078341	0.127496159754	0.121351766513	0.178187403994	0.138248847926	0.115207373272	0.119815668203	0.118279569892	0.0660522273425	0.10291858679	0.0890937019969	0.129032258065	0.152073732719	0.0844854070661	0.0752688172043	0.073732718894	0.130568356375	0.133640552995	0.149001536098	0.0675883256528	0.0967741935484	0.133640552995	0.150537634409	0.125960061444	0.10752688172	0.0798771121352	0.118279569892	0.124423963134	0.10599078341	0.0937019969278	0.109062980031	0.0906298003072	0.112135176651	0.130568356375	0.124423963134	0.0890937019969	0.109062980031	0.121351766513	0.101382488479	0.0844854070661	0.127496159754	0.0937019969278	0.113671274962	0.110599078341	0.121351766513	0.127496159754	0.101382488479	0.099846390169	0.0983102918587	0.101382488479	0.099846390169	0.0983102918587
158802708-stool2.snv.bam	0.0	0.0	0.0	0.116743471582	0.138248847926	0.138248847926	0.110599078341	0.167434715822	0.168970814132	0.125960061444	0.155145929339	0.0798771121352	0.0921658986175	0.118279569892	0.115207373272	0.0952380952381	0.0660522273425	0.135176651306	0.073732718894	0.073732718894	0.0860215053763	0.0583717357911	0.144393241167	0.101382488479	0.144393241167	0.165898617512	0.173579109063	0.0890937019969	0.124423963134	0.122887864823	0.141321044547	0.112135176651	0.119815668203	0.144393241167	0.0983102918587	0.179723502304	0.150537634409	0.0952380952381	0.0860215053763	0.125960061444	0.136712749616	0.132104454685	0.1044546851	0.121351766513	0.15821812596	0.138248847926	0.099846390169	0.0921658986175	0.130568356375	0.099846390169	0.152073732719	0.132104454685	0.149001536098	0.101382488479	0.122887864823	0.145929339478	0.15821812596	0.110599078341	0.113671274962	0.099846390169	0.125960061444	0.139784946237	0.132104454685	0.187403993856	0.150537634409	0.124423963134	0.127496159754	0.125960061444	0.0721966205837	0.113671274962	0.0952380952381	0.139784946237	0.161290322581	0.0906298003072	0.0829493087558	0.0768049155146	0.144393241167	0.144393241167	0.164362519201	0.0768049155146	0.1044546851	0.144393241167	0.15975422427	0.135176651306	0.119815668203	0.0875576036866	0.127496159754	0.135176651306	0.116743471582	0.10291858679	0.119815668203	0.0937019969278	0.121351766513	0.139784946237	0.135176651306	0.0967741935484	0.119815668203	0.132104454685	0.110599078341	0.0952380952381	0.135176651306	0.101382488479	0.122887864823	0.118279569892	0.125960061444	0.135176651306	0.112135176651	0.109062980031	0.10752688172	0.110599078341	0.109062980031	0.10752688172
158802708-stool3.snv.bam	0.0	0.0	0.0	0.10599078341	0.125960061444	0.127496159754	0.0983102918587	0.15668202765	0.15821812596	0.115207373272	0.145929339478	0.0752688172043	0.0875576036866	0.109062980031	0.110599078341	0.0875576036866	0.0599078341014	0.125960061444	0.0721966205837	0.0721966205837	0.0783410138249	0.0522273425499	0.136712749616	0.0921658986175	0.133640552995	0.155145929339	0.162826420891	0.0814132104455	0.119815668203	0.115207373272	0.132104454685	0.10599078341	0.110599078341	0.133640552995	0.0921658986175	0.168970814132	0.139784946237	0.0860215053763	0.0768049155146	0.115207373272	0.127496159754	0.127496159754	0.0937019969278	0.115207373272	0.147465437788	0.127496159754	0.0906298003072	0.0860215053763	0.119815668203	0.0937019969278	0.142857142857	0.121351766513	0.138248847926	0.0952380952381	0.113671274962	0.135176651306	0.149001536098	0.101382488479	0.10752688172	0.0967741935484	0.115207373272	0.129032258065	0.121351766513	0.176651305684	0.139784946237	0.113671274962	0.124423963134	0.116743471582	0.0675883256528	0.10752688172	0.0890937019969	0.130568356375	0.153609831029	0.0829493087558	0.0752688172043	0.0768049155146	0.132104454685	0.133640552995	0.153609831029	0.0752688172043	0.099846390169	0.133640552995	0.150537634409	0.124423963134	0.110599078341	0.0829493087558	0.118279569892	0.125960061444	0.10752688172	0.0937019969278	0.110599078341	0.0890937019969	0.110599078341	0.129032258065	0.125960061444	0.0875576036866	0.110599078341	0.124423963134	0.10291858679	0.0890937019969	0.125960061444	0.0967741935484	0.110599078341	0.109062980031	0.116743471582	0.124423963134	0.10291858679	0.10291858679	0.101382488479	0.1044546851	0.10291858679	0.101382488479
159288231-stool1.snv.bam	0.10599078341	0.116743471582	0.10599078341	0.0	0.142857142857	0.122887864823	0.0798771121352	0.153609831029	0.15668202765	0.118279569892	0.132104454685	0.0844854070661	0.0890937019969	0.10291858679	0.0875576036866	0.073732718894	0.0860215053763	0.138248847926	0.099846390169	0.099846390169	0.0875576036866	0.0952380952381	0.132104454685	0.0798771121352	0.10752688172	0.130568356375	0.136712749616	0.144393241167	0.129032258065	0.0921658986175	0.10291858679	0.119815668203	0.0921658986175	0.110599078341	0.116743471582	0.144393241167	0.122887864823	0.0614439324117	0.0660522273425	0.10599078341	0.115207373272	0.153609831029	0.0798771121352	0.0952380952381	0.122887864823	0.118279569892	0.0937019969278	0.121351766513	0.0967741935484	0.119815668203	0.129032258065	0.0952380952381	0.127496159754	0.0937019969278	0.10752688172	0.112135176651	0.124423963134	0.0983102918587	0.122887864823	0.118279569892	0.0952380952381	0.10752688172	0.135176651306	0.15668202765	0.119815668203	0.1044546851	0.121351766513	0.1044546851	0.0522273425499	0.10291858679	0.0798771121352	0.125960061444	0.122887864823	0.135176651306	0.125960061444	0.129032258065	0.129032258065	0.1044546851	0.129032258065	0.116743471582	0.1044546851	0.0768049155146	0.122887864823	0.101382488479	0.099846390169	0.10599078341	0.0906298003072	0.10291858679	0.0829493087558	0.0798771121352	0.0983102918587	0.0844854070661	0.0721966205837	0.10599078341	0.115207373272	0.0814132104455	0.124423963134	0.10752688172	0.10599078341	0.101382488479	0.125960061444	0.127496159754	0.109062980031	0.0921658986175	0.0952380952381	0.099846390169	0.0783410138249	0.10291858679	0.099846390169	0.10599078341	0.1044546851	0.099846390169
160218816-stool1.snv.bam	0.127496159754	0.138248847926	0.125960061444	0.142857142857	0.0	0.15821812596	0.127496159754	0.179723502304	0.181259600614	0.161290322581	0.179723502304	0.135176651306	0.133640552995	0.144393241167	0.141321044547	0.132104454685	0.135176651306	0.193548387097	0.152073732719	0.153609831029	0.124423963134	0.115207373272	0.196620583717	0.136712749616	0.161290322581	0.165898617512	0.173579109063	0.125960061444	0.185867895545	0.127496159754	0.152073732719	0.162826420891	0.149001536098	0.147465437788	0.119815668203	0.181259600614	0.165898617512	0.119815668203	0.116743471582	0.147465437788	0.15821812596	0.195084485407	0.136712749616	0.145929339478	0.165898617512	0.168970814132	0.155145929339	0.153609831029	0.15975422427	0.15821812596	0.175115207373	0.162826420891	0.178187403994	0.15668202765	0.168970814132	0.165898617512	0.175115207373	0.138248847926	0.15975422427	0.147465437788	0.153609831029	0.162826420891	0.15821812596	0.199692780338	0.170506912442	0.130568356375	0.195084485407	0.149001536098	0.112135176651	0.142857142857	0.135176651306	0.172043010753	0.153609831029	0.122887864823	0.119815668203	0.15668202765	0.153609831029	0.172043010753	0.139784946237	0.136712749616	0.152073732719	0.165898617512	0.15821812596	0.150537634409	0.141321044547	0.144393241167	0.125960061444	0.15975422427	0.121351766513	0.109062980031	0.129032258065	0.115207373272	0.132104454685	0.176651305684	0.147465437788	0.112135176651	0.139784946237	0.155145929339	0.144393241167	0.153609831029	0.172043010753	0.172043010753	0.10599078341	0.127496159754	0.115207373272	0.135176651306	0.121351766513	0.155145929339	0.149001536098	0.15668202765	0.155145929339	0.153609831029
160400887-stool1.snv.bam	0.127496159754	0.138248847926	0.127496159754	0.122887864823	0.15821812596	0.0	0.101382488479	0.190476190476	0.192012288786	0.127496159754	0.15975422427	0.10599078341	0.10291858679	0.0445468509985	0.1044546851	0.0983102918587	0.110599078341	0.182795698925	0.130568356375	0.132104454685	0.130568356375	0.116743471582	0.15821812596	0.0414746543779	0.130568356375	0.167434715822	0.172043010753	0.168970814132	0.162826420891	0.135176651306	0.147465437788	0.15668202765	0.121351766513	0.142857142857	0.119815668203	0.162826420891	0.15668202765	0.10599078341	0.0983102918587	0.113671274962	0.161290322581	0.176651305684	0.099846390169	0.135176651306	0.152073732719	0.139784946237	0.135176651306	0.15975422427	0.138248847926	0.130568356375	0.161290322581	0.150537634409	0.167434715822	0.115207373272	0.125960061444	0.130568356375	0.144393241167	0.0983102918587	0.138248847926	0.149001536098	0.0307219662058	0.149001536098	0.0215053763441	0.182795698925	0.139784946237	0.132104454685	0.15975422427	0.109062980031	0.110599078341	0.116743471582	0.10599078341	0.142857142857	0.153609831029	0.15668202765	0.150537634409	0.161290322581	0.132104454685	0.138248847926	0.153609831029	0.135176651306	0.127496159754	0.136712749616	0.15668202765	0.150537634409	0.118279569892	0.141321044547	0.122887864823	0.155145929339	0.125960061444	0.113671274962	0.135176651306	0.115207373272	0.10752688172	0.153609831029	0.153609831029	0.110599078341	0.139784946237	0.150537634409	0.124423963134	0.122887864823	0.144393241167	0.164362519201	0.139784946237	0.135176651306	0.127496159754	0.142857142857	0.0952380952381	0.136712749616	0.136712749616	0.141321044547	0.139784946237	0.136712749616
275382046-stool3.snv.bam	0.099846390169	0.110599078341	0.0983102918587	0.0798771121352	0.127496159754	0.101382488479	0.0	0.129032258065	0.132104454685	0.109062980031	0.113671274962	0.0691244239631	0.0768049155146	0.101382488479	0.0829493087558	0.0706605222734	0.0844854070661	0.147465437788	0.0890937019969	0.0906298003072	0.0768049155146	0.0798771121352	0.132104454685	0.0829493087558	0.101382488479	0.127496159754	0.133640552995	0.129032258065	0.132104454685	0.0967741935484	0.099846390169	0.112135176651	0.10291858679	0.1044546851	0.0890937019969	0.124423963134	0.122887864823	0.0614439324117	0.0675883256528	0.0937019969278	0.110599078341	0.138248847926	0.0814132104455	0.0844854070661	0.1044546851	0.0967741935484	0.101382488479	0.130568356375	0.0906298003072	0.0952380952381	0.125960061444	0.1044546851	0.124423963134	0.0967741935484	0.10291858679	0.109062980031	0.124423963134	0.0937019969278	0.0967741935484	0.101382488479	0.0890937019969	0.113671274962	0.10599078341	0.147465437788	0.0983102918587	0.101382488479	0.132104454685	0.0952380952381	0.0675883256528	0.0952380952381	0.0906298003072	0.118279569892	0.118279569892	0.130568356375	0.116743471582	0.115207373272	0.0890937019969	0.0875576036866	0.119815668203	0.101382488479	0.0921658986175	0.10752688172	0.118279569892	0.0829493087558	0.0798771121352	0.109062980031	0.0768049155146	0.099846390169	0.0768049155146	0.0660522273425	0.0829493087558	0.0814132104455	0.0768049155146	0.110599078341	0.099846390169	0.062980030722	0.10599078341	0.099846390169	0.0952380952381	0.0814132104455	0.122887864823	0.125960061444	0.0952380952381	0.0844854070661	0.0967741935484	0.10752688172	0.0768049155146	0.0983102918587	0.0952380952381	0.0983102918587	0.0983102918587	0.0952380952381
508703490-stool2.snv.bam	0.15668202765	0.167434715822	0.15668202765	0.153609831029	0.179723502304	0.190476190476	0.129032258065	0.0	0.0	0.185867895545	0.181259600614	0.162826420891	0.161290322581	0.182795698925	0.175115207373	0.15821812596	0.15975422427	0.185867895545	0.161290322581	0.162826420891	0.152073732719	0.141321044547	0.167434715822	0.147465437788	0.176651305684	0.153609831029	0.162826420891	0.165898617512	0.15668202765	0.15668202765	0.182795698925	0.15975422427	0.144393241167	0.152073732719	0.178187403994	0.161290322581	0.170506912442	0.141321044547	0.113671274962	0.164362519201	0.184331797235	0.176651305684	0.161290322581	0.162826420891	0.179723502304	0.182795698925	0.178187403994	0.192012288786	0.175115207373	0.192012288786	0.188940092166	0.179723502304	0.184331797235	0.135176651306	0.188940092166	0.185867895545	0.178187403994	0.167434715822	0.185867895545	0.168970814132	0.175115207373	0.179723502304	0.187403993856	0.170506912442	0.185867895545	0.142857142857	0.164362519201	0.161290322581	0.138248847926	0.150537634409	0.127496159754	0.178187403994	0.152073732719	0.164362519201	0.161290322581	0.164362519201	0.179723502304	0.152073732719	0.176651305684	0.175115207373	0.164362519201	0.190476190476	0.185867895545	0.178187403994	0.155145929339	0.116743471582	0.135176651306	0.181259600614	0.125960061444	0.125960061444	0.138248847926	0.142857142857	0.172043010753	0.196620583717	0.155145929339	0.141321044547	0.144393241167	0.188940092166	0.162826420891	0.178187403994	0.152073732719	0.135176651306	0.153609831029	0.153609831029	0.15975422427	0.184331797235	0.132104454685	0.15975422427	0.155145929339	0.161290322581	0.15975422427	0.15975422427
508703490-stool3.snv.bam	0.15821812596	0.168970814132	0.15821812596	0.15668202765	0.181259600614	0.192012288786	0.132104454685	0.0	0.0	0.187403993856	0.181259600614	0.164362519201	0.162826420891	0.182795698925	0.176651305684	0.15975422427	0.161290322581	0.185867895545	0.164362519201	0.165898617512	0.153609831029	0.144393241167	0.167434715822	0.145929339478	0.179723502304	0.155145929339	0.164362519201	0.167434715822	0.15821812596	0.15975422427	0.184331797235	0.161290322581	0.144393241167	0.153609831029	0.179723502304	0.161290322581	0.170506912442	0.142857142857	0.116743471582	0.167434715822	0.185867895545	0.178187403994	0.162826420891	0.164362519201	0.179723502304	0.184331797235	0.179723502304	0.193548387097	0.176651305684	0.195084485407	0.192012288786	0.181259600614	0.185867895545	0.136712749616	0.190476190476	0.188940092166	0.181259600614	0.168970814132	0.188940092166	0.172043010753	0.176651305684	0.181259600614	0.188940092166	0.170506912442	0.187403993856	0.144393241167	0.165898617512	0.161290322581	0.139784946237	0.152073732719	0.127496159754	0.179723502304	0.153609831029	0.165898617512	0.162826420891	0.165898617512	0.181259600614	0.155145929339	0.178187403994	0.175115207373	0.165898617512	0.192012288786	0.187403993856	0.179723502304	0.15668202765	0.118279569892	0.136712749616	0.182795698925	0.127496159754	0.127496159754	0.139784946237	0.145929339478	0.172043010753	0.198156682028	0.155145929339	0.144393241167	0.145929339478	0.190476190476	0.165898617512	0.178187403994	0.152073732719	0.136712749616	0.155145929339	0.155145929339	0.162826420891	0.185867895545	0.132104454685	0.162826420891	0.15821812596	0.164362519201	0.162826420891	0.162826420891
675950834-stool1.snv.bam	0.115207373272	0.125960061444	0.115207373272	0.118279569892	0.161290322581	0.127496159754	0.109062980031	0.185867895545	0.187403993856	0.0	0.127496159754	0.0814132104455	0.0829493087558	0.113671274962	0.1044546851	0.0890937019969	0.0921658986175	0.139784946237	0.118279569892	0.119815668203	0.110599078341	0.101382488479	0.132104454685	0.0952380952381	0.124423963134	0.147465437788	0.152073732719	0.149001536098	0.149001536098	0.10599078341	0.130568356375	0.149001536098	0.10599078341	0.135176651306	0.112135176651	0.15821812596	0.135176651306	0.0890937019969	0.0691244239631	0.0967741935484	0.141321044547	0.175115207373	0.0967741935484	0.0921658986175	0.138248847926	0.129032258065	0.115207373272	0.141321044547	0.132104454685	0.130568356375	0.142857142857	0.119815668203	0.144393241167	0.118279569892	0.099846390169	0.118279569892	0.142857142857	0.109062980031	0.133640552995	0.125960061444	0.0983102918587	0.138248847926	0.130568356375	0.181259600614	0.135176651306	0.121351766513	0.152073732719	0.10291858679	0.0844854070661	0.110599078341	0.0906298003072	0.113671274962	0.149001536098	0.152073732719	0.136712749616	0.139784946237	0.0967741935484	0.144393241167	0.139784946237	0.125960061444	0.0967741935484	0.112135176651	0.142857142857	0.136712749616	0.099846390169	0.125960061444	0.099846390169	0.136712749616	0.0937019969278	0.0814132104455	0.0967741935484	0.0967741935484	0.10291858679	0.139784946237	0.10291858679	0.0952380952381	0.141321044547	0.130568356375	0.10752688172	0.112135176651	0.145929339478	0.142857142857	0.118279569892	0.0860215053763	0.110599078341	0.130568356375	0.10599078341	0.125960061444	0.124423963134	0.127496159754	0.125960061444	0.124423963134
706846339-stool2.snv.bam	0.145929339478	0.155145929339	0.145929339478	0.132104454685	0.179723502304	0.15975422427	0.113671274962	0.181259600614	0.181259600614	0.127496159754	0.0	0.099846390169	0.109062980031	0.0983102918587	0.132104454685	0.0906298003072	0.109062980031	0.167434715822	0.135176651306	0.136712749616	0.133640552995	0.113671274962	0.0983102918587	0.0937019969278	0.129032258065	0.10599078341	0.109062980031	0.168970814132	0.170506912442	0.135176651306	0.145929339478	0.175115207373	0.130568356375	0.0875576036866	0.132104454685	0.119815668203	0.155145929339	0.10599078341	0.0906298003072	0.145929339478	0.153609831029	0.185867895545	0.127496159754	0.119815668203	0.0890937019969	0.149001536098	0.150537634409	0.170506912442	0.147465437788	0.162826420891	0.155145929339	0.15975422427	0.172043010753	0.141321044547	0.130568356375	0.150537634409	0.141321044547	0.135176651306	0.136712749616	0.153609831029	0.145929339478	0.145929339478	0.155145929339	0.127496159754	0.144393241167	0.141321044547	0.173579109063	0.113671274962	0.099846390169	0.139784946237	0.10752688172	0.127496159754	0.132104454685	0.175115207373	0.15821812596	0.147465437788	0.113671274962	0.155145929339	0.110599078341	0.144393241167	0.10752688172	0.127496159754	0.162826420891	0.112135176651	0.133640552995	0.145929339478	0.0860215053763	0.142857142857	0.101382488479	0.0952380952381	0.115207373272	0.124423963134	0.101382488479	0.10599078341	0.122887864823	0.116743471582	0.165898617512	0.150537634409	0.139784946237	0.136712749616	0.15668202765	0.161290322581	0.129032258065	0.10752688172	0.121351766513	0.147465437788	0.0906298003072	0.141321044547	0.138248847926	0.142857142857	0.141321044547	0.139784946237
763577454-stool1.snv.bam	0.073732718894	0.0798771121352	0.0752688172043	0.0844854070661	0.135176651306	0.10599078341	0.0691244239631	0.162826420891	0.164362519201	0.0814132104455	0.099846390169	0.0	0.00153609831029	0.099846390169	0.0660522273425	0.047619047619	0.0537634408602	0.10599078341	0.0552995391705	0.0568356374808	0.0660522273425	0.0460829493088	0.0890937019969	0.073732718894	0.10599078341	0.119815668203	0.122887864823	0.0937019969278	0.1044546851	0.0829493087558	0.0829493087558	0.0937019969278	0.0814132104455	0.0967741935484	0.0445468509985	0.130568356375	0.110599078341	0.0706605222734	0.0460829493088	0.0814132104455	0.112135176651	0.113671274962	0.0599078341014	0.0706605222734	0.10752688172	0.0952380952381	0.0660522273425	0.099846390169	0.0829493087558	0.0768049155146	0.0967741935484	0.0952380952381	0.116743471582	0.0768049155146	0.0645161290323	0.0921658986175	0.113671274962	0.0660522273425	0.0660522273425	0.10599078341	0.0798771121352	0.0875576036866	0.10291858679	0.132104454685	0.0967741935484	0.101382488479	0.115207373272	0.0691244239631	0.0568356374808	0.0752688172043	0.0552995391705	0.0783410138249	0.10752688172	0.0890937019969	0.0890937019969	0.0721966205837	0.0768049155146	0.101382488479	0.118279569892	0.073732718894	0.0721966205837	0.0844854070661	0.121351766513	0.0768049155146	0.0752688172043	0.0783410138249	0.073732718894	0.0967741935484	0.0614439324117	0.0552995391705	0.0706605222734	0.0660522273425	0.0675883256528	0.0921658986175	0.0860215053763	0.0599078341014	0.10291858679	0.0783410138249	0.0798771121352	0.0552995391705	0.118279569892	0.0952380952381	0.0860215053763	0.0552995391705	0.0706605222734	0.0921658986175	0.0599078341014	0.0721966205837	0.073732718894	0.0721966205837	0.0752688172043	0.073732718894
763577454-stool2.snv.bam	0.0829493087558	0.0921658986175	0.0875576036866	0.0890937019969	0.133640552995	0.10291858679	0.0768049155146	0.161290322581	0.162826420891	0.0829493087558	0.109062980031	0.00153609831029	0.0	0.1044546851	0.073732718894	0.0568356374808	0.0583717357911	0.124423963134	0.0706605222734	0.0721966205837	0.0814132104455	0.0552995391705	0.10291858679	0.073732718894	0.110599078341	0.121351766513	0.125960061444	0.099846390169	0.109062980031	0.0906298003072	0.0890937019969	0.0967741935484	0.0798771121352	0.1044546851	0.0552995391705	0.129032258065	0.118279569892	0.0783410138249	0.0599078341014	0.0829493087558	0.119815668203	0.122887864823	0.0552995391705	0.0798771121352	0.112135176651	0.1044546851	0.0706605222734	0.0983102918587	0.0875576036866	0.0798771121352	0.1044546851	0.10291858679	0.124423963134	0.0829493087558	0.0721966205837	0.099846390169	0.129032258065	0.0706605222734	0.0660522273425	0.115207373272	0.0768049155146	0.0983102918587	0.099846390169	0.141321044547	0.1044546851	0.0967741935484	0.118279569892	0.0798771121352	0.0645161290323	0.0752688172043	0.0599078341014	0.0983102918587	0.109062980031	0.099846390169	0.099846390169	0.0860215053763	0.0844854070661	0.0952380952381	0.119815668203	0.0752688172043	0.0706605222734	0.0875576036866	0.115207373272	0.0906298003072	0.0814132104455	0.0860215053763	0.0814132104455	0.099846390169	0.0721966205837	0.0691244239631	0.0798771121352	0.0721966205837	0.073732718894	0.0967741935484	0.0860215053763	0.0691244239631	0.113671274962	0.0875576036866	0.0921658986175	0.0537634408602	0.122887864823	0.1044546851	0.0906298003072	0.0691244239631	0.0814132104455	0.101382488479	0.0660522273425	0.0783410138249	0.0783410138249	0.0798771121352	0.0798771121352	0.0783410138249
763759525-stool1.snv.bam	0.112135176651	0.118279569892	0.109062980031	0.10291858679	0.144393241167	0.0445468509985	0.101382488479	0.182795698925	0.182795698925	0.113671274962	0.0983102918587	0.099846390169	0.1044546851	0.0	0.0952380952381	0.0752688172043	0.0983102918587	0.15668202765	0.113671274962	0.115207373272	0.118279569892	0.0906298003072	0.109062980031	0.0307219662058	0.101382488479	0.112135176651	0.116743471582	0.142857142857	0.149001536098	0.112135176651	0.132104454685	0.150537634409	0.0967741935484	0.0921658986175	0.121351766513	0.10752688172	0.136712749616	0.0829493087558	0.0829493087558	0.116743471582	0.136712749616	0.170506912442	0.110599078341	0.110599078341	0.0952380952381	0.125960061444	0.118279569892	0.133640552995	0.127496159754	0.124423963134	0.141321044547	0.139784946237	0.145929339478	0.119815668203	0.113671274962	0.124423963134	0.132104454685	0.0952380952381	0.124423963134	0.139784946237	0.0706605222734	0.138248847926	0.0522273425499	0.130568356375	0.122887864823	0.118279569892	0.152073732719	0.110599078341	0.0875576036866	0.109062980031	0.0906298003072	0.130568356375	0.122887864823	0.133640552995	0.132104454685	0.141321044547	0.130568356375	0.144393241167	0.10752688172	0.115207373272	0.119815668203	0.125960061444	0.135176651306	0.101382488479	0.112135176651	0.133640552995	0.0860215053763	0.121351766513	0.10291858679	0.0814132104455	0.112135176651	0.10291858679	0.0768049155146	0.0952380952381	0.124423963134	0.0967741935484	0.138248847926	0.125960061444	0.129032258065	0.112135176651	0.133640552995	0.149001536098	0.113671274962	0.112135176651	0.101382488479	0.129032258065	0.0921658986175	0.130568356375	0.130568356375	0.135176651306	0.133640552995	0.129032258065
764002286-stool2.snv.bam	0.10599078341	0.115207373272	0.110599078341	0.0875576036866	0.141321044547	0.1044546851	0.0829493087558	0.175115207373	0.176651305684	0.1044546851	0.132104454685	0.0660522273425	0.073732718894	0.0952380952381	0.0	0.0660522273425	0.0829493087558	0.141321044547	0.10291858679	0.1044546851	0.0906298003072	0.0829493087558	0.149001536098	0.0768049155146	0.0721966205837	0.142857142857	0.149001536098	0.141321044547	0.147465437788	0.0752688172043	0.115207373272	0.112135176651	0.0875576036866	0.112135176651	0.110599078341	0.147465437788	0.121351766513	0.062980030722	0.0445468509985	0.116743471582	0.129032258065	0.15821812596	0.0983102918587	0.0829493087558	0.138248847926	0.119815668203	0.109062980031	0.132104454685	0.101382488479	0.1044546851	0.127496159754	0.112135176651	0.141321044547	0.10291858679	0.130568356375	0.10599078341	0.130568356375	0.1044546851	0.124423963134	0.125960061444	0.0860215053763	0.129032258065	0.113671274962	0.165898617512	0.110599078341	0.110599078341	0.152073732719	0.0875576036866	0.073732718894	0.0814132104455	0.0783410138249	0.1044546851	0.138248847926	0.127496159754	0.115207373272	0.135176651306	0.109062980031	0.138248847926	0.149001536098	0.113671274962	0.10291858679	0.0983102918587	0.132104454685	0.109062980031	0.101382488479	0.115207373272	0.0768049155146	0.141321044547	0.0844854070661	0.0691244239631	0.0829493087558	0.0721966205837	0.0952380952381	0.141321044547	0.0921658986175	0.0552995391705	0.122887864823	0.119815668203	0.0921658986175	0.109062980031	0.135176651306	0.138248847926	0.109062980031	0.0768049155146	0.0952380952381	0.113671274962	0.0768049155146	0.10291858679	0.10752688172	0.112135176651	0.110599078341	0.110599078341
764285508-stool1.snv.bam	0.0860215053763	0.0952380952381	0.0875576036866	0.073732718894	0.132104454685	0.0983102918587	0.0706605222734	0.15821812596	0.15975422427	0.0890937019969	0.0906298003072	0.047619047619	0.0568356374808	0.0752688172043	0.0660522273425	0.0	0.0430107526882	0.133640552995	0.0706605222734	0.073732718894	0.0721966205837	0.047619047619	0.0906298003072	0.0583717357911	0.0814132104455	0.119815668203	0.127496159754	0.10752688172	0.119815668203	0.0721966205837	0.0890937019969	0.099846390169	0.0599078341014	0.0921658986175	0.0691244239631	0.118279569892	0.10752688172	0.0491551459293	0.0460829493088	0.0890937019969	0.10599078341	0.121351766513	0.0814132104455	0.062980030722	0.10599078341	0.0952380952381	0.0890937019969	0.109062980031	0.0890937019969	0.0890937019969	0.0983102918587	0.099846390169	0.112135176651	0.073732718894	0.0706605222734	0.0952380952381	0.099846390169	0.0829493087558	0.0906298003072	0.112135176651	0.0768049155146	0.109062980031	0.10599078341	0.135176651306	0.10291858679	0.0937019969278	0.122887864823	0.0660522273425	0.0522273425499	0.062980030722	0.0691244239631	0.0829493087558	0.113671274962	0.10291858679	0.101382488479	0.0952380952381	0.0798771121352	0.0967741935484	0.10599078341	0.0937019969278	0.0798771121352	0.0783410138249	0.109062980031	0.0691244239631	0.0906298003072	0.0967741935484	0.0614439324117	0.0967741935484	0.0568356374808	0.0522273425499	0.0675883256528	0.0675883256528	0.0675883256528	0.1044546851	0.0798771121352	0.062980030722	0.101382488479	0.0952380952381	0.0783410138249	0.0752688172043	0.112135176651	0.122887864823	0.0875576036866	0.0706605222734	0.0768049155146	0.0967741935484	0.0568356374808	0.0890937019969	0.0937019969278	0.0952380952381	0.0952380952381	0.0952380952381
764325968-stool2.snv.bam	0.0614439324117	0.0660522273425	0.0599078341014	0.0860215053763	0.135176651306	0.110599078341	0.0844854070661	0.15975422427	0.161290322581	0.0921658986175	0.109062980031	0.0537634408602	0.0583717357911	0.0983102918587	0.0829493087558	0.0430107526882	0.0	0.10752688172	0.0645161290323	0.0675883256528	0.0798771121352	0.0506912442396	0.1044546851	0.062980030722	0.0983102918587	0.133640552995	0.138248847926	0.0937019969278	0.10599078341	0.0814132104455	0.0952380952381	0.1044546851	0.073732718894	0.110599078341	0.0798771121352	0.145929339478	0.119815668203	0.0675883256528	0.0506912442396	0.101382488479	0.113671274962	0.10752688172	0.0860215053763	0.0768049155146	0.118279569892	0.0967741935484	0.0783410138249	0.10752688172	0.099846390169	0.0875576036866	0.112135176651	0.0952380952381	0.125960061444	0.0645161290323	0.0875576036866	0.119815668203	0.127496159754	0.0829493087558	0.0906298003072	0.109062980031	0.0890937019969	0.110599078341	0.125960061444	0.150537634409	0.112135176651	0.099846390169	0.1044546851	0.0875576036866	0.0537634408602	0.0768049155146	0.0752688172043	0.112135176651	0.133640552995	0.0875576036866	0.0783410138249	0.073732718894	0.0967741935484	0.109062980031	0.113671274962	0.0937019969278	0.0783410138249	0.0691244239631	0.127496159754	0.0921658986175	0.0937019969278	0.0829493087558	0.0721966205837	0.10752688172	0.0752688172043	0.0660522273425	0.0798771121352	0.0798771121352	0.0752688172043	0.116743471582	0.0844854070661	0.0599078341014	0.0906298003072	0.10752688172	0.0983102918587	0.0768049155146	0.112135176651	0.10752688172	0.112135176651	0.0752688172043	0.099846390169	0.0952380952381	0.062980030722	0.0798771121352	0.0829493087558	0.0829493087558	0.0844854070661	0.0829493087558
764447348-stool2.snv.bam	0.124423963134	0.135176651306	0.125960061444	0.138248847926	0.193548387097	0.182795698925	0.147465437788	0.185867895545	0.185867895545	0.139784946237	0.167434715822	0.10599078341	0.124423963134	0.15668202765	0.141321044547	0.133640552995	0.10752688172	0.0	0.145929339478	0.147465437788	0.144393241167	0.115207373272	0.112135176651	0.127496159754	0.15975422427	0.175115207373	0.179723502304	0.155145929339	0.127496159754	0.133640552995	0.15821812596	0.138248847926	0.112135176651	0.162826420891	0.139784946237	0.187403993856	0.162826420891	0.112135176651	0.109062980031	0.153609831029	0.176651305684	0.135176651306	0.130568356375	0.136712749616	0.167434715822	0.175115207373	0.136712749616	0.15821812596	0.155145929339	0.172043010753	0.176651305684	0.155145929339	0.176651305684	0.116743471582	0.142857142857	0.152073732719	0.172043010753	0.138248847926	0.161290322581	0.161290322581	0.167434715822	0.15821812596	0.182795698925	0.202764976959	0.15668202765	0.150537634409	0.122887864823	0.145929339478	0.118279569892	0.139784946237	0.099846390169	0.161290322581	0.168970814132	0.173579109063	0.15668202765	0.142857142857	0.149001536098	0.172043010753	0.170506912442	0.168970814132	0.141321044547	0.139784946237	0.181259600614	0.150537634409	0.132104454685	0.115207373272	0.136712749616	0.142857142857	0.141321044547	0.129032258065	0.142857142857	0.125960061444	0.136712749616	0.161290322581	0.15821812596	0.122887864823	0.138248847926	0.153609831029	0.142857142857	0.136712749616	0.132104454685	0.118279569892	0.15821812596	0.133640552995	0.130568356375	0.150537634409	0.135176651306	0.15668202765	0.149001536098	0.15821812596	0.15668202765	0.153609831029
764487809-stool1.snv.bam	0.0691244239631	0.073732718894	0.0721966205837	0.099846390169	0.152073732719	0.130568356375	0.0890937019969	0.161290322581	0.164362519201	0.118279569892	0.135176651306	0.0552995391705	0.0706605222734	0.113671274962	0.10291858679	0.0706605222734	0.0645161290323	0.145929339478	0.0	0.0	0.0721966205837	0.0537634408602	0.139784946237	0.0890937019969	0.115207373272	0.155145929339	0.162826420891	0.0967741935484	0.115207373272	0.0983102918587	0.115207373272	0.0967741935484	0.099846390169	0.133640552995	0.0706605222734	0.152073732719	0.138248847926	0.0721966205837	0.0645161290323	0.10752688172	0.116743471582	0.129032258065	0.10291858679	0.0798771121352	0.136712749616	0.112135176651	0.0890937019969	0.0937019969278	0.10752688172	0.0921658986175	0.130568356375	0.109062980031	0.132104454685	0.0860215053763	0.0952380952381	0.121351766513	0.135176651306	0.0937019969278	0.0906298003072	0.0906298003072	0.109062980031	0.110599078341	0.133640552995	0.161290322581	0.127496159754	0.109062980031	0.116743471582	0.0921658986175	0.0522273425499	0.0952380952381	0.0829493087558	0.119815668203	0.141321044547	0.0967741935484	0.0890937019969	0.0783410138249	0.112135176651	0.127496159754	0.142857142857	0.073732718894	0.0860215053763	0.110599078341	0.132104454685	0.1044546851	0.101382488479	0.0783410138249	0.099846390169	0.132104454685	0.0967741935484	0.0752688172043	0.0937019969278	0.0814132104455	0.0983102918587	0.130568356375	0.110599078341	0.0844854070661	0.125960061444	0.116743471582	0.112135176651	0.0752688172043	0.135176651306	0.099846390169	0.109062980031	0.0952380952381	0.10291858679	0.109062980031	0.0829493087558	0.0814132104455	0.0783410138249	0.0814132104455	0.0814132104455	0.0783410138249
764487809-stool2.snv.bam	0.0691244239631	0.073732718894	0.0721966205837	0.099846390169	0.153609831029	0.132104454685	0.0906298003072	0.162826420891	0.165898617512	0.119815668203	0.136712749616	0.0568356374808	0.0721966205837	0.115207373272	0.1044546851	0.073732718894	0.0675883256528	0.147465437788	0.0	0.0	0.073732718894	0.0552995391705	0.141321044547	0.0937019969278	0.116743471582	0.15668202765	0.164362519201	0.0983102918587	0.116743471582	0.099846390169	0.116743471582	0.099846390169	0.10291858679	0.135176651306	0.0721966205837	0.153609831029	0.139784946237	0.073732718894	0.0660522273425	0.110599078341	0.118279569892	0.130568356375	0.1044546851	0.0829493087558	0.138248847926	0.113671274962	0.0906298003072	0.0952380952381	0.109062980031	0.0937019969278	0.133640552995	0.110599078341	0.133640552995	0.0875576036866	0.0967741935484	0.122887864823	0.136712749616	0.0952380952381	0.0921658986175	0.0906298003072	0.110599078341	0.112135176651	0.135176651306	0.162826420891	0.129032258065	0.110599078341	0.118279569892	0.0967741935484	0.0552995391705	0.0967741935484	0.0860215053763	0.121351766513	0.142857142857	0.0983102918587	0.0906298003072	0.0783410138249	0.113671274962	0.129032258065	0.144393241167	0.073732718894	0.0860215053763	0.112135176651	0.133640552995	0.10599078341	0.10291858679	0.0798771121352	0.101382488479	0.133640552995	0.0952380952381	0.0768049155146	0.0952380952381	0.0860215053763	0.101382488479	0.132104454685	0.112135176651	0.0844854070661	0.127496159754	0.116743471582	0.115207373272	0.0768049155146	0.136712749616	0.101382488479	0.110599078341	0.0967741935484	0.109062980031	0.110599078341	0.0860215053763	0.0844854070661	0.0798771121352	0.0829493087558	0.0829493087558	0.0798771121352
765034022-stool2.snv.bam	0.073732718894	0.0860215053763	0.0783410138249	0.0875576036866	0.124423963134	0.130568356375	0.0768049155146	0.152073732719	0.153609831029	0.110599078341	0.133640552995	0.0660522273425	0.0814132104455	0.118279569892	0.0906298003072	0.0721966205837	0.0798771121352	0.144393241167	0.0721966205837	0.073732718894	0.0	0.0552995391705	0.138248847926	0.0952380952381	0.10752688172	0.144393241167	0.152073732719	0.0967741935484	0.122887864823	0.0983102918587	0.10752688172	0.0967741935484	0.0983102918587	0.112135176651	0.0814132104455	0.142857142857	0.130568356375	0.062980030722	0.0583717357911	0.0967741935484	0.118279569892	0.127496159754	0.0921658986175	0.0829493087558	0.118279569892	0.119815668203	0.0860215053763	0.10752688172	0.0937019969278	0.0875576036866	0.121351766513	0.110599078341	0.124423963134	0.0798771121352	0.10599078341	0.127496159754	0.130568356375	0.0921658986175	0.1044546851	0.0783410138249	0.10291858679	0.10291858679	0.130568356375	0.15668202765	0.116743471582	0.110599078341	0.125960061444	0.099846390169	0.047619047619	0.0860215053763	0.0798771121352	0.115207373272	0.127496159754	0.10291858679	0.0952380952381	0.0890937019969	0.110599078341	0.118279569892	0.142857142857	0.0844854070661	0.0890937019969	0.116743471582	0.127496159754	0.0983102918587	0.0844854070661	0.0783410138249	0.0906298003072	0.121351766513	0.0798771121352	0.0691244239631	0.0844854070661	0.0860215053763	0.10752688172	0.122887864823	0.101382488479	0.0583717357911	0.113671274962	0.0983102918587	0.0844854070661	0.0783410138249	0.138248847926	0.0906298003072	0.0921658986175	0.0875576036866	0.101382488479	0.0967741935484	0.0814132104455	0.0844854070661	0.0829493087558	0.0860215053763	0.0844854070661	0.0829493087558
765135172-stool3.snv.bam	0.0522273425499	0.0583717357911	0.0522273425499	0.0952380952381	0.115207373272	0.116743471582	0.0798771121352	0.141321044547	0.144393241167	0.101382488479	0.113671274962	0.0460829493088	0.0552995391705	0.0906298003072	0.0829493087558	0.047619047619	0.0506912442396	0.115207373272	0.0537634408602	0.0552995391705	0.0552995391705	0.0	0.10291858679	0.0706605222734	0.0937019969278	0.132104454685	0.139784946237	0.0660522273425	0.1044546851	0.0691244239631	0.10752688172	0.0844854070661	0.0890937019969	0.10291858679	0.0522273425499	0.133640552995	0.127496159754	0.0691244239631	0.0552995391705	0.099846390169	0.110599078341	0.1044546851	0.0829493087558	0.0752688172043	0.119815668203	0.0967741935484	0.0768049155146	0.0937019969278	0.0967741935484	0.0937019969278	0.109062980031	0.10599078341	0.129032258065	0.0798771121352	0.0706605222734	0.118279569892	0.135176651306	0.0906298003072	0.0768049155146	0.0721966205837	0.0967741935484	0.101382488479	0.118279569892	0.15668202765	0.121351766513	0.10599078341	0.113671274962	0.0860215053763	0.0491551459293	0.0768049155146	0.0660522273425	0.10752688172	0.129032258065	0.0645161290323	0.0691244239631	0.0506912442396	0.0921658986175	0.110599078341	0.124423963134	0.0752688172043	0.0783410138249	0.10291858679	0.130568356375	0.0860215053763	0.0921658986175	0.0706605222734	0.0691244239631	0.113671274962	0.0645161290323	0.062980030722	0.0721966205837	0.0721966205837	0.0660522273425	0.119815668203	0.0921658986175	0.062980030722	0.099846390169	0.1044546851	0.0983102918587	0.0783410138249	0.119815668203	0.0798771121352	0.0768049155146	0.0691244239631	0.0875576036866	0.1044546851	0.0599078341014	0.0860215053763	0.0860215053763	0.0890937019969	0.0875576036866	0.0860215053763
