	158822939-stool1.snv.bam	159227541-stool1.snv.bam	159227541-stool2.snv.bam	159227541-stool3.snv.bam	765701615-stool1.snv.bam	765701615-stool2.snv.bam	CCIS03857607ST-4-0.snv.bam	CCIS15794887ST-4-0.snv.bam	CCIS16383318ST-4-0.snv.bam	CCIS61287323ST-4-0.snv.bam	CCIS77252613ST-4-0.snv.bam	DLM001.snv.bam	DOM016.snv.bam	M1.1-V1.metaG.snv.bam	M1.1-V1.metaT.snv.bam	M1.1-V2.metaG.snv.bam	M1.1-V2.metaT.snv.bam	M1.1-V3.metaG.snv.bam	M1.1-V3.metaT.snv.bam	MH0189.snv.bam	MH0276.snv.bam	MH0283.snv.bam	MH0357.snv.bam	MH0374.snv.bam	MH0402.snv.bam	N052A.snv.bam	NG-5636_468.snv.bam	O2.UC12-1.snv.bam	O2.UC43-1.snv.bam	O2.UC49-0.snv.bam	SZEY-75A.snv.bam	T2D-108A.snv.bam	T2D-163A.snv.bam	V1.CD44-0.snv.bam	V1.CD44-4.snv.bam	V1.FI07.snv.bam	V1.FI09.snv.bam	V1.FI24.snv.bam	V1.UC53-0.snv.bam	V1.UC53-4.snv.bam
158822939-stool1.snv.bam	0.0	0.153309191086	0.148700099149	0.152420661588	0.148156921998	0.149821187595	0.220482244202	0.105329537286	0.183052936731	0.178880146875	0.15539564595	0.117888621105	0.138894880424	0.223165751425	0.224791892202	0.228265058069	0.227799212581	0.221721771572	0.223999619595	0.138681460058	0.178159050967	0.161076004587	0.14864227357	0.173928899186	0.178736426029	0.143119916803	0.115455225186	0.182567863932	0.144208343039	0.149753204332	0.146026918633	0.14201507271	0.145597952387	0.131250782	0.130379628021	0.141789407139	0.179891360908	0.224156540176	0.145517701203	0.143823087116
159227541-stool1.snv.bam	0.153309191086	0.0	0.00863912619805	0.0028136658729	0.153358104908	0.151938317484	0.233987426907	0.133401767399	0.189901365653	0.180283630397	0.16832265756	0.132642162505	0.128541861551	0.252651782747	0.25543180679	0.25759246417	0.257055707716	0.249580223604	0.252798746389	0.153586514577	0.209534227136	0.187306192175	0.172909813105	0.193020398615	0.19780558859	0.158443534725	0.144552110525	0.20871745885	0.173848690816	0.161707485393	0.145327719252	0.159388378654	0.160982355451	0.150467121042	0.149623273646	0.140641030371	0.187587528362	0.244950845167	0.179211709505	0.174132269954
159227541-stool2.snv.bam	0.148700099149	0.00863912619805	0.0	0.00981731666363	0.151794395041	0.145438650125	0.231317108505	0.120432241293	0.171111218608	0.17918704964	0.159859066041	0.125248674266	0.115088007583	0.244910417192	0.246240537568	0.248696117335	0.247713431139	0.240731554949	0.24683912855	0.151764932046	0.20206434266	0.171854156397	0.166823935623	0.186226730056	0.181933580033	0.152601751508	0.132850952811	0.196907270438	0.160282036184	0.157414836566	0.137730949455	0.148335569775	0.145392101478	0.139579192197	0.139354458691	0.135168398264	0.182777517511	0.23920657776	0.163860614274	0.160836195423
159227541-stool3.snv.bam	0.152420661588	0.0028136658729	0.00981731666363	0.0	0.151979218874	0.150813158883	0.233213417065	0.13339618563	0.189866296516	0.180015434081	0.167384295172	0.131414158669	0.127253799845	0.251485624617	0.254285202239	0.256441828261	0.255881633102	0.24835456901	0.251676506444	0.152995116496	0.207728626154	0.186220471907	0.172087035009	0.192324716751	0.196903707561	0.158012638487	0.143389110125	0.207871864936	0.173411057137	0.16082722969	0.144748557128	0.158640088753	0.159987015254	0.150065913655	0.148445695235	0.140481011254	0.187338939301	0.2443919486	0.178607653367	0.173725111336
765701615-stool1.snv.bam	0.148156921998	0.153358104908	0.151794395041	0.151979218874	0.0	0.0464910358692	0.202362174557	0.132112238022	0.163712204592	0.160247457832	0.157290628707	0.1257644311	0.135687453592	0.211317630909	0.213482661297	0.216650993456	0.216766211931	0.208905078894	0.213703414314	0.116103859769	0.175576087212	0.130636465831	0.113335776132	0.131092256763	0.16559413115	0.156543245276	0.127068362463	0.128263646473	0.152235513504	0.1591371799	0.158372346467	0.132834608878	0.152402024862	0.141295881174	0.139742154216	0.145277296676	0.138758645644	0.216244618141	0.154999360749	0.15466018603
765701615-stool2.snv.bam	0.149821187595	0.151938317484	0.145438650125	0.150813158883	0.0464910358692	0.0	0.200475964439	0.136370506384	0.152112138689	0.159162651298	0.164692951003	0.123440819406	0.149457363483	0.207818291157	0.209285772028	0.212315917773	0.211930205373	0.204074968648	0.209117896633	0.11883565627	0.172799313441	0.116103421608	0.112402843682	0.120008354058	0.172069271125	0.1591236431	0.13309037191	0.124680130231	0.157249572285	0.16408995852	0.162502294045	0.14011427509	0.158579296096	0.148322308476	0.147943650427	0.147794010168	0.141096016955	0.2137672502	0.159279493879	0.159419145602
CCIS03857607ST-4-0.snv.bam	0.220482244202	0.233987426907	0.231317108505	0.233213417065	0.202362174557	0.200475964439	0.0	0.201837356331	0.130071815044	0.158280051061	0.231391404609	0.201923503852	0.186924459208	0.161956969885	0.161865916015	0.159467163755	0.158587183663	0.158018164103	0.15679398439	0.145973107189	0.164598600183	0.157260750387	0.174289588731	0.160990642617	0.150991826628	0.223590055628	0.20020037432	0.19126355707	0.227662112926	0.226443610124	0.225849238873	0.18506825103	0.230598264127	0.202682722334	0.202478182817	0.216701505896	0.1727880869	0.159182708063	0.229443825649	0.22771247245
CCIS15794887ST-4-0.snv.bam	0.105329537286	0.133401767399	0.120432241293	0.13339618563	0.132112238022	0.136370506384	0.201837356331	0.0	0.152446645051	0.150323594357	0.123805548736	0.107727432182	0.112986302392	0.196638849636	0.197438391217	0.20039829428	0.200455386071	0.193469175061	0.197964164157	0.11407424118	0.152696572055	0.138693894075	0.125309459928	0.145964103624	0.166455495815	0.129424627418	0.0880335882865	0.158087418405	0.127529968304	0.129045946627	0.129493235725	0.11804654209	0.118797699389	0.108104145347	0.107945528366	0.111759328794	0.147068134022	0.197357478448	0.12965991758	0.125956398459
CCIS16383318ST-4-0.snv.bam	0.183052936731	0.189901365653	0.171111218608	0.189866296516	0.163712204592	0.152112138689	0.130071815044	0.152446645051	0.0	0.0936890423466	0.190847830392	0.161304823584	0.161988972191	0.13065757849	0.129481596315	0.13353677577	0.131401285472	0.129879125196	0.127803291913	0.119748322736	0.143001871227	0.10714405564	0.143536770662	0.117910774808	0.139168839041	0.181803273291	0.158329590179	0.123490971923	0.173622805764	0.183735128848	0.185969139056	0.16859673059	0.189603060433	0.184628798354	0.1853482464	0.185357974273	0.127057393448	0.11707542497	0.174458431069	0.175705177785
CCIS61287323ST-4-0.snv.bam	0.178880146875	0.180283630397	0.17918704964	0.180015434081	0.160247457832	0.159162651298	0.158280051061	0.150323594357	0.0936890423466	0.0	0.186269879015	0.15493630862	0.162670873124	0.150136091562	0.150013257965	0.152993424103	0.152742467447	0.150134818252	0.151743798706	0.100852237143	0.118926978413	0.11982734519	0.137499996325	0.114028064247	0.128660058085	0.189973120632	0.150610658605	0.132900292433	0.191462495437	0.163074135992	0.175364205275	0.157033342961	0.175954231004	0.167367408354	0.16615995839	0.163131848199	0.139026790711	0.155885795121	0.194602736063	0.190093644919
CCIS77252613ST-4-0.snv.bam	0.15539564595	0.16832265756	0.159859066041	0.167384295172	0.157290628707	0.164692951003	0.231391404609	0.123805548736	0.190847830392	0.186269879015	0.0	0.114023491302	0.134308809369	0.228729880779	0.228100836052	0.232514655544	0.232185389102	0.225968052414	0.23168674394	0.155687827051	0.187689894736	0.181615211632	0.149336007609	0.174673086127	0.181501993579	0.149995267054	0.12358594884	0.189548171558	0.149626796439	0.153656023911	0.149462136093	0.126713496392	0.144107249754	0.144610920212	0.144273096016	0.142031837118	0.165765704093	0.228737076393	0.152104759686	0.145879201653
DLM001.snv.bam	0.117888621105	0.132642162505	0.125248674266	0.131414158669	0.1257644311	0.123440819406	0.201923503852	0.107727432182	0.161304823584	0.15493630862	0.114023491302	0.0	0.101972018506	0.209205856809	0.209570633186	0.214208449957	0.213698394556	0.20727576513	0.213607748805	0.123085021632	0.175444576103	0.139075443791	0.126353376175	0.14476921319	0.157401625791	0.105156368332	0.105422289898	0.165139903986	0.123651885412	0.11534917427	0.107899071414	0.0844146056588	0.113601756042	0.109905231023	0.109160535738	0.116686612742	0.151095895794	0.208452388686	0.124677070383	0.121691632714
DOM016.snv.bam	0.138894880424	0.128541861551	0.115088007583	0.127253799845	0.135687453592	0.149457363483	0.186924459208	0.112986302392	0.161988972191	0.162670873124	0.134308809369	0.101972018506	0.0	0.209125752772	0.210985330133	0.212481136414	0.211805017085	0.208064189512	0.208995639124	0.12695691152	0.180169654112	0.16663827688	0.145719867099	0.161196205397	0.150686297082	0.108347658791	0.113590656817	0.176504020027	0.138885274372	0.144021855808	0.0999816966928	0.0955419628143	0.118451328432	0.119402318782	0.118514251757	0.134632645948	0.15233108066	0.209576239068	0.139948122456	0.137128601756
M1.1-V1.metaG.snv.bam	0.223165751425	0.252651782747	0.244910417192	0.251485624617	0.211317630909	0.207818291157	0.161956969885	0.196638849636	0.13065757849	0.150136091562	0.228729880779	0.209205856809	0.209125752772	0.0	0.00495508244416	0.00399370432456	0.00489363868093	0.0050759032943	0.00526764221683	0.168917170697	0.187396509793	0.170824067829	0.170196426079	0.16471905558	0.166050867604	0.229100032119	0.214329729097	0.185747857687	0.230486610341	0.238019911603	0.234926204587	0.227878067155	0.236984935353	0.226747887953	0.226650569196	0.234239367677	0.180170133382	0.0585389062206	0.228316737335	0.230391922268
M1.1-V1.metaT.snv.bam	0.224791892202	0.25543180679	0.246240537568	0.254285202239	0.213482661297	0.209285772028	0.161865916015	0.197438391217	0.129481596315	0.150013257965	0.228100836052	0.209570633186	0.210985330133	0.00495508244416	0.0	0.0051515338482	0.00509284171889	0.00637223787594	0.00531438104866	0.170344319858	0.1864897738	0.167468134982	0.172205706419	0.165659310638	0.165412895073	0.228411266997	0.215072087322	0.186262817199	0.231755743671	0.2422064263	0.236514330333	0.228864407145	0.237749398466	0.230199630844	0.229565497456	0.235797023643	0.180542773057	0.0604084303324	0.229837125826	0.231691551471
M1.1-V2.metaG.snv.bam	0.228265058069	0.25759246417	0.248696117335	0.256441828261	0.216650993456	0.212315917773	0.159467163755	0.20039829428	0.13353677577	0.152993424103	0.232514655544	0.214208449957	0.212481136414	0.00399370432456	0.0051515338482	0.0	0.00228611978511	0.00218607750033	0.00382558225919	0.170946659244	0.189268621458	0.171217212566	0.175237015926	0.170359834226	0.164579830735	0.232803372449	0.218421675924	0.189700089136	0.234859421256	0.243869952847	0.24005853248	0.231172146594	0.240170729055	0.230734008099	0.230638226122	0.239378184049	0.182365544056	0.0569235003654	0.232880540644	0.234757183837
M1.1-V2.metaT.snv.bam	0.227799212581	0.257055707716	0.247713431139	0.255881633102	0.216766211931	0.211930205373	0.158587183663	0.200455386071	0.131401285472	0.152742467447	0.232185389102	0.213698394556	0.211805017085	0.00489363868093	0.00509284171889	0.00228611978511	0.0	0.00146392097394	0.00186368858899	0.171635862063	0.18857810334	0.171163185366	0.175513645887	0.169725097933	0.165745065721	0.232247879798	0.217682843592	0.190268434063	0.234973140932	0.243382776327	0.238406443715	0.230900062908	0.239975726232	0.232432639443	0.232049289327	0.238692079719	0.181863146324	0.0558859483494	0.23321605754	0.234804586564
M1.1-V3.metaG.snv.bam	0.221721771572	0.249580223604	0.240731554949	0.24835456901	0.208905078894	0.204074968648	0.158018164103	0.193469175061	0.129879125196	0.150134818252	0.225968052414	0.20727576513	0.208064189512	0.0050759032943	0.00637223787594	0.00218607750033	0.00146392097394	0.0	0.00354646268809	0.169374991795	0.18573841486	0.16976460005	0.169614368834	0.164801980964	0.163742806373	0.227346067507	0.212054257189	0.186006868778	0.22910088259	0.237134219441	0.233334735789	0.227259213142	0.235368490617	0.224354086624	0.224265000388	0.232533935632	0.179110460357	0.0565914937958	0.227330949354	0.229070799303
M1.1-V3.metaT.snv.bam	0.223999619595	0.252798746389	0.24683912855	0.251676506444	0.213703414314	0.209117896633	0.15679398439	0.197964164157	0.127803291913	0.151743798706	0.23168674394	0.213607748805	0.208995639124	0.00526764221683	0.00531438104866	0.00382558225919	0.00186368858899	0.00354646268809	0.0	0.168122802996	0.186799251485	0.169850685607	0.173991401659	0.166325623173	0.166484554248	0.22680292502	0.217455352294	0.18838492326	0.232994293011	0.239933270463	0.235876319092	0.229851617702	0.23523625414	0.230235510356	0.230011786074	0.23660850476	0.179015042003	0.0548125253202	0.231443652659	0.232768744937
MH0189.snv.bam	0.138681460058	0.153586514577	0.151764932046	0.152995116496	0.116103859769	0.11883565627	0.145973107189	0.11407424118	0.119748322736	0.100852237143	0.155687827051	0.123085021632	0.12695691152	0.168917170697	0.170344319858	0.170946659244	0.171635862063	0.169374991795	0.168122802996	0.0	0.130664939767	0.097984695636	0.106231846008	0.098146250739	0.130918869519	0.15065231251	0.112833288551	0.128798301027	0.151642037012	0.147342535477	0.15285504464	0.135207018619	0.152886869313	0.117185828119	0.116109614545	0.1409868371	0.130902241589	0.167195032249	0.154154152262	0.153052777715
MH0276.snv.bam	0.178159050967	0.209534227136	0.20206434266	0.207728626154	0.175576087212	0.172799313441	0.164598600183	0.152696572055	0.143001871227	0.118926978413	0.187689894736	0.175444576103	0.180169654112	0.187396509793	0.1864897738	0.189268621458	0.18857810334	0.18573841486	0.186799251485	0.130664939767	0.0	0.130029896398	0.141715099242	0.142571295207	0.169014804064	0.214669107168	0.169057385383	0.161106603786	0.213743661394	0.191982637911	0.208758016193	0.181260105596	0.206608383503	0.192977667252	0.190892158152	0.185698757595	0.169380217364	0.186893502678	0.217169443795	0.213066502463
MH0283.snv.bam	0.161076004587	0.187306192175	0.171854156397	0.186220471907	0.130636465831	0.116103421608	0.157260750387	0.138693894075	0.10714405564	0.11982734519	0.181615211632	0.139075443791	0.16663827688	0.170824067829	0.167468134982	0.171217212566	0.171163185366	0.16976460005	0.169850685607	0.097984695636	0.130029896398	0.0	0.131932431609	0.111809097526	0.148934943364	0.176160486968	0.137533109735	0.0975521968724	0.158885918391	0.180669551036	0.18610730225	0.156489845406	0.17596428384	0.155706685073	0.155788330863	0.169457985412	0.14892598222	0.167653713765	0.159729650066	0.160268134878
MH0357.snv.bam	0.14864227357	0.172909813105	0.166823935623	0.172087035009	0.113335776132	0.112402843682	0.174289588731	0.125309459928	0.143536770662	0.137499996325	0.149336007609	0.126353376175	0.145719867099	0.170196426079	0.172205706419	0.175237015926	0.175513645887	0.169614368834	0.173991401659	0.106231846008	0.141715099242	0.131932431609	0.0	0.115674871015	0.156205206846	0.158055592241	0.135128181833	0.150087911395	0.157604666056	0.166284587393	0.157770077383	0.14273384525	0.158545390155	0.150734016089	0.150117566023	0.150611672447	0.129000729639	0.178752709126	0.160864495559	0.159178638261
MH0374.snv.bam	0.173928899186	0.193020398615	0.186226730056	0.192324716751	0.131092256763	0.120008354058	0.160990642617	0.145964103624	0.117910774808	0.114028064247	0.174673086127	0.14476921319	0.161196205397	0.16471905558	0.165659310638	0.170359834226	0.169725097933	0.164801980964	0.166325623173	0.098146250739	0.142571295207	0.111809097526	0.115674871015	0.0	0.156137006551	0.184509954061	0.149355563698	0.118907807977	0.178346228321	0.188289329919	0.177571931007	0.158757383886	0.17781634389	0.166031819403	0.166605269977	0.171801544224	0.13899755217	0.163694818414	0.178303068538	0.177853780802
MH0402.snv.bam	0.178736426029	0.19780558859	0.181933580033	0.196903707561	0.16559413115	0.172069271125	0.150991826628	0.166455495815	0.139168839041	0.128660058085	0.181501993579	0.157401625791	0.150686297082	0.166050867604	0.165412895073	0.164579830735	0.165745065721	0.163742806373	0.166484554248	0.130918869519	0.169014804064	0.148934943364	0.156205206846	0.156137006551	0.0	0.191363966646	0.14988351302	0.166742532313	0.182299205224	0.186838005042	0.186676624348	0.162471054724	0.190209806513	0.169155587412	0.168992532102	0.190002135441	0.118799825079	0.151230067469	0.18285363879	0.183232647669
N052A.snv.bam	0.143119916803	0.158443534725	0.152601751508	0.158012638487	0.156543245276	0.1591236431	0.223590055628	0.129424627418	0.181803273291	0.189973120632	0.149995267054	0.105156368332	0.108347658791	0.229100032119	0.228411266997	0.232803372449	0.232247879798	0.227346067507	0.22680292502	0.15065231251	0.214669107168	0.176160486968	0.158055592241	0.184509954061	0.191363966646	0.0	0.144963049299	0.194210796184	0.140615671174	0.147663822377	0.131149698723	0.123942495532	0.117980956243	0.147297341849	0.147089216515	0.155571884991	0.176667135795	0.226693777545	0.142814634522	0.138976570032
NG-5636_468.snv.bam	0.115455225186	0.144552110525	0.132850952811	0.143389110125	0.127068362463	0.13309037191	0.20020037432	0.0880335882865	0.158329590179	0.150610658605	0.12358594884	0.105422289898	0.113590656817	0.214329729097	0.215072087322	0.218421675924	0.217682843592	0.212054257189	0.217455352294	0.112833288551	0.169057385383	0.137533109735	0.135128181833	0.149355563698	0.14988351302	0.144963049299	0.0	0.153154649165	0.133559137103	0.143732473218	0.141026443845	0.108218164884	0.136314588957	0.10950690039	0.109045305029	0.11289636714	0.159626710363	0.214798744379	0.133400358211	0.130572477586
O2.UC12-1.snv.bam	0.182567863932	0.20871745885	0.196907270438	0.207871864936	0.128263646473	0.124680130231	0.19126355707	0.158087418405	0.123490971923	0.132900292433	0.189548171558	0.165139903986	0.176504020027	0.185747857687	0.186262817199	0.189700089136	0.190268434063	0.186006868778	0.18838492326	0.128798301027	0.161106603786	0.0975521968724	0.150087911395	0.118907807977	0.166742532313	0.194210796184	0.153154649165	0.0	0.181895648136	0.193857893606	0.200763059836	0.177901649934	0.194911138409	0.186354368641	0.187489137657	0.194538810973	0.156513957185	0.187866611881	0.181563527786	0.182002679414
O2.UC43-1.snv.bam	0.144208343039	0.173848690816	0.160282036184	0.173411057137	0.152235513504	0.157249572285	0.227662112926	0.127529968304	0.173622805764	0.191462495437	0.149626796439	0.123651885412	0.138885274372	0.230486610341	0.231755743671	0.234859421256	0.234973140932	0.22910088259	0.232994293011	0.151642037012	0.213743661394	0.158885918391	0.157604666056	0.178346228321	0.182299205224	0.140615671174	0.133559137103	0.181895648136	0.0	0.166812502862	0.151703142723	0.133119818188	0.155154769254	0.151527894239	0.151561492337	0.156118692014	0.169960120454	0.23100877908	0.0113033327848	0.011244466638
O2.UC49-0.snv.bam	0.149753204332	0.161707485393	0.157414836566	0.16082722969	0.1591371799	0.16408995852	0.226443610124	0.129045946627	0.183735128848	0.163074135992	0.153656023911	0.11534917427	0.144021855808	0.238019911603	0.2422064263	0.243869952847	0.243382776327	0.237134219441	0.239933270463	0.147342535477	0.191982637911	0.180669551036	0.166284587393	0.188289329919	0.186838005042	0.147663822377	0.143732473218	0.193857893606	0.166812502862	0.0	0.160104915244	0.11281822256	0.157995060979	0.13810089398	0.135261538234	0.124669084854	0.18282945837	0.241906672518	0.170297299742	0.165239152198
SZEY-75A.snv.bam	0.146026918633	0.145327719252	0.137730949455	0.144748557128	0.158372346467	0.162502294045	0.225849238873	0.129493235725	0.185969139056	0.175364205275	0.149462136093	0.107899071414	0.0999816966928	0.234926204587	0.236514330333	0.24005853248	0.238406443715	0.233334735789	0.235876319092	0.15285504464	0.208758016193	0.18610730225	0.157770077383	0.177571931007	0.186676624348	0.131149698723	0.141026443845	0.200763059836	0.151703142723	0.160104915244	0.0	0.138685040627	0.1230830736	0.147196310835	0.146931093459	0.150958306239	0.176433710063	0.228688751197	0.157493592437	0.152615265267
T2D-108A.snv.bam	0.14201507271	0.159388378654	0.148335569775	0.158640088753	0.132834608878	0.14011427509	0.18506825103	0.11804654209	0.16859673059	0.157033342961	0.126713496392	0.0844146056588	0.0955419628143	0.227878067155	0.228864407145	0.231172146594	0.230900062908	0.227259213142	0.229851617702	0.135207018619	0.181260105596	0.156489845406	0.14273384525	0.158757383886	0.162471054724	0.123942495532	0.108218164884	0.177901649934	0.133119818188	0.11281822256	0.138685040627	0.0	0.106351318686	0.128039981501	0.127994908485	0.111980919941	0.161849280716	0.222264600737	0.133439368721	0.130028939448
T2D-163A.snv.bam	0.145597952387	0.160982355451	0.145392101478	0.159987015254	0.152402024862	0.158579296096	0.230598264127	0.118797699389	0.189603060433	0.175954231004	0.144107249754	0.113601756042	0.118451328432	0.236984935353	0.237749398466	0.240170729055	0.239975726232	0.235368490617	0.23523625414	0.152886869313	0.206608383503	0.17596428384	0.158545390155	0.17781634389	0.190209806513	0.117980956243	0.136314588957	0.194911138409	0.155154769254	0.157995060979	0.1230830736	0.106351318686	0.0	0.15180841503	0.151498651923	0.144759558011	0.173971108576	0.234333486787	0.156623036948	0.154631565809
V1.CD44-0.snv.bam	0.131250782	0.150467121042	0.139579192197	0.150065913655	0.141295881174	0.148322308476	0.202682722334	0.108104145347	0.184628798354	0.167367408354	0.144610920212	0.109905231023	0.119402318782	0.226747887953	0.230199630844	0.230734008099	0.232432639443	0.224354086624	0.230235510356	0.117185828119	0.192977667252	0.155706685073	0.150734016089	0.166031819403	0.169155587412	0.147297341849	0.10950690039	0.186354368641	0.151527894239	0.13810089398	0.147196310835	0.128039981501	0.15180841503	0.0	0.00498757137525	0.132045147962	0.16388164935	0.224222794911	0.153068066115	0.14930584143
V1.CD44-4.snv.bam	0.130379628021	0.149623273646	0.139354458691	0.148445695235	0.139742154216	0.147943650427	0.202478182817	0.107945528366	0.1853482464	0.16615995839	0.144273096016	0.109160535738	0.118514251757	0.226650569196	0.229565497456	0.230638226122	0.232049289327	0.224265000388	0.230011786074	0.116109614545	0.190892158152	0.155788330863	0.150117566023	0.166605269977	0.168992532102	0.147089216515	0.109045305029	0.187489137657	0.151561492337	0.135261538234	0.146931093459	0.127994908485	0.151498651923	0.00498757137525	0.0	0.129959390582	0.163596259592	0.224590619823	0.153619485563	0.149543546439
V1.FI07.snv.bam	0.141789407139	0.140641030371	0.135168398264	0.140481011254	0.145277296676	0.147794010168	0.216701505896	0.111759328794	0.185357974273	0.163131848199	0.142031837118	0.116686612742	0.134632645948	0.234239367677	0.235797023643	0.239378184049	0.238692079719	0.232533935632	0.23660850476	0.1409868371	0.185698757595	0.169457985412	0.150611672447	0.171801544224	0.190002135441	0.155571884991	0.11289636714	0.194538810973	0.156118692014	0.124669084854	0.150958306239	0.111980919941	0.144759558011	0.132045147962	0.129959390582	0.0	0.179012917618	0.239456208597	0.157957974487	0.157263740754
V1.FI09.snv.bam	0.179891360908	0.187587528362	0.182777517511	0.187338939301	0.138758645644	0.141096016955	0.1727880869	0.147068134022	0.127057393448	0.139026790711	0.165765704093	0.151095895794	0.15233108066	0.180170133382	0.180542773057	0.182365544056	0.181863146324	0.179110460357	0.179015042003	0.130902241589	0.169380217364	0.14892598222	0.129000729639	0.13899755217	0.118799825079	0.176667135795	0.159626710363	0.156513957185	0.169960120454	0.18282945837	0.176433710063	0.161849280716	0.173971108576	0.16388164935	0.163596259592	0.179012917618	0.0	0.174177140126	0.172151901674	0.171136460632
V1.FI24.snv.bam	0.224156540176	0.244950845167	0.23920657776	0.2443919486	0.216244618141	0.2137672502	0.159182708063	0.197357478448	0.11707542497	0.155885795121	0.228737076393	0.208452388686	0.209576239068	0.0585389062206	0.0604084303324	0.0569235003654	0.0558859483494	0.0565914937958	0.0548125253202	0.167195032249	0.186893502678	0.167653713765	0.178752709126	0.163694818414	0.151230067469	0.226693777545	0.214798744379	0.187866611881	0.23100877908	0.241906672518	0.228688751197	0.222264600737	0.234333486787	0.224222794911	0.224590619823	0.239456208597	0.174177140126	0.0	0.229296187684	0.231584038898
V1.UC53-0.snv.bam	0.145517701203	0.179211709505	0.163860614274	0.178607653367	0.154999360749	0.159279493879	0.229443825649	0.12965991758	0.174458431069	0.194602736063	0.152104759686	0.124677070383	0.139948122456	0.228316737335	0.229837125826	0.232880540644	0.23321605754	0.227330949354	0.231443652659	0.154154152262	0.217169443795	0.159729650066	0.160864495559	0.178303068538	0.18285363879	0.142814634522	0.133400358211	0.181563527786	0.0113033327848	0.170297299742	0.157493592437	0.133439368721	0.156623036948	0.153068066115	0.153619485563	0.157957974487	0.172151901674	0.229296187684	0.0	0.0125942628436
V1.UC53-4.snv.bam	0.143823087116	0.174132269954	0.160836195423	0.173725111336	0.15466018603	0.159419145602	0.22771247245	0.125956398459	0.175705177785	0.190093644919	0.145879201653	0.121691632714	0.137128601756	0.230391922268	0.231691551471	0.234757183837	0.234804586564	0.229070799303	0.232768744937	0.153052777715	0.213066502463	0.160268134878	0.159178638261	0.177853780802	0.183232647669	0.138976570032	0.130572477586	0.182002679414	0.011244466638	0.165239152198	0.152615265267	0.130028939448	0.154631565809	0.14930584143	0.149543546439	0.157263740754	0.171136460632	0.231584038898	0.0125942628436	0.0
