	158256496-stool2.snv.bam	158802708-stool2.snv.bam	158802708-stool3.snv.bam	158944319-stool1.snv.bam	158944319-stool3.snv.bam	159166850-stool1.snv.bam	159247771-stool1.snv.bam	159247771-stool2.snv.bam	159268001-stool2.snv.bam	159611913-stool1.snv.bam	160178356-stool2.snv.bam	160400887-stool1.snv.bam	160502038-stool3.snv.bam	508703490-stool2.snv.bam	508703490-stool3.snv.bam	604812005-stool3.snv.bam	763496533-stool1.snv.bam	763496533-stool2.snv.bam	763577454-stool1.snv.bam	763678604-stool1.snv.bam	763860675-stool1.snv.bam	763921366-stool3.snv.bam	764366428-stool3.snv.bam	764447348-stool2.snv.bam	764487809-stool1.snv.bam	764487809-stool2.snv.bam	764588959-stool1.snv.bam	765195863-stool3.snv.bam	765640925-stool1.snv.bam	809635352-stool2.snv.bam	823052294-stool1.snv.bam	CCIS02124300ST-4-0.snv.bam	CCIS15794887ST-4-0.snv.bam	CCIS21126322ST-4-0.snv.bam	CCIS22958137ST-20-0.snv.bam	CCIS25399172ST-4-0.snv.bam	CCIS28384594ST-4-0.snv.bam	CCIS32105356ST-4-0.snv.bam	CCIS41222843ST-4-0.snv.bam	CCIS45793747ST-4-0.snv.bam	CCIS47745468ST-4-0.snv.bam	CCIS50471204ST-4-0.snv.bam	CCIS51667829ST-4-0.snv.bam	CCIS64773582ST-4-0.snv.bam	CCIS76845094ST-20-0.snv.bam	CCIS77252613ST-4-0.snv.bam	CCIS78100604ST-4-0.snv.bam	CCIS78318719ST-4-0.snv.bam	CCIS81139242ST-4-0.snv.bam	CCIS87290971ST-4-0.snv.bam	CCIS93040568ST-20-0.snv.bam	CCIS95097901ST-4-0.snv.bam	CCIS96387239ST-4-0.snv.bam	CCIS98832363ST-4-0.snv.bam	CCMD12232071ST-21-0.snv.bam	CCMD23101338ST-21-0.snv.bam	CCMD34381688ST-21-0.snv.bam	CCMD35802077ST-21-0.snv.bam	CCMD46222674ST-21-0.snv.bam	CCMD64776337ST-21-0.snv.bam	CCMD82866709ST-21-0.snv.bam	CCMD95433940ST-21-0.snv.bam	ED10A.snv.bam	ED16A.snv.bam	M1.3-V1.metaG.snv.bam	M2.1-V2.metaG.snv.bam	M2.2-V2.metaG.snv.bam	M2.3-V3.metaG.snv.bam	M4.6-V2.metaG.snv.bam	M4.6-V2.metaT.snv.bam	MH0150.snv.bam	MH0162.snv.bam	MH0212.snv.bam	MH0224.snv.bam	MH0227.snv.bam	MH0234.snv.bam	MH0251.snv.bam	MH0252.snv.bam	MH0257.snv.bam	MH0264.snv.bam	MH0266.snv.bam	MH0267.snv.bam	MH0275.snv.bam	MH0281.snv.bam	MH0288.snv.bam	MH0298.snv.bam	MH0305.snv.bam	MH0310.snv.bam	MH0313.snv.bam	MH0314.snv.bam	MH0315.snv.bam	MH0323.snv.bam	MH0330.snv.bam	MH0334.snv.bam	MH0343.snv.bam	MH0360.snv.bam	MH0367.snv.bam	MH0379.snv.bam	MH0382.snv.bam	MH0386.snv.bam	MH0388.snv.bam	MH0392.snv.bam	MH0402.snv.bam	MH0404.snv.bam	MH0405.snv.bam	MH0410.snv.bam	MH0411.snv.bam	MH0413.snv.bam	MH0428.snv.bam	MH0432.snv.bam	MH0438.snv.bam	MH0456.snv.bam	MMRS11932626ST-27-0-0.snv.bam	MMRS15137911ST-27-0-0.snv.bam	MMRS17603756ST-27-0-0.snv.bam	MMRS18295921ST-27-0-0.snv.bam	MMRS25641480ST-27-0-0.snv.bam	MMRS44587603ST-27-0-0.snv.bam	MMRS72980899ST-27-0-0.snv.bam	MMRS78791111ST-27-0-0.snv.bam	MMRS84954772ST-27-0-0.snv.bam	MMRS93508324ST-27-0-0.snv.bam	MMRS94549160ST-27-0-0.snv.bam	N084A.snv.bam	NG-5636_288.snv.bam	NG-5636_476.snv.bam	NG-5636_483.snv.bam	NG-5636_484.snv.bam	NG-5636_497.snv.bam	NG-5636_529.snv.bam	NG-5636_563.snv.bam	NG-5636_591.snv.bam	O2.CD3-0-PT.snv.bam	O2.UC3-1.snv.bam	O2.UC38-1.snv.bam	O2.UC48-1.snv.bam	O2.UC7-0.snv.bam	O2.UC7-1.snv.bam	T2D-108A.snv.bam	T2D-33A.snv.bam	T2D-70A.snv.bam	V1.CD1-0-PT.snv.bam	V1.CD28-0.snv.bam	V1.CD4-0-PN.snv.bam	V1.CD52-0.snv.bam	V1.CD7-4.snv.bam	V1.FI02.snv.bam	V1.FI11.snv.bam	V1.FI13.snv.bam	V1.FI25.snv.bam	V1.FI27.snv.bam	V1.FI28.snv.bam	V1.FI31.snv.bam	V1.UC12-4.snv.bam	V1.UC21-4.snv.bam	V1.UC49-1.snv.bam	V1.UC5-3.snv.bam	V1.UC52-0.snv.bam	V1.UC55-4.snv.bam	bugkiller-13-392-2.snv.bam
158256496-stool2.snv.bam	0.0	0.13829787234	0.129432624113	0.106382978723	0.106382978723	0.140070921986	0.101063829787	0.104609929078	0.184397163121	0.129432624113	0.140070921986	0.152482269504	0.143617021277	0.120567375887	0.118794326241	0.132978723404	0.148936170213	0.143617021277	0.113475177305	0.104609929078	0.150709219858	0.127659574468	0.102836879433	0.13475177305	0.13475177305	0.13475177305	0.108156028369	0.0780141843972	0.150709219858	0.166666666667	0.13829787234	0.113475177305	0.147163120567	0.132978723404	0.125886524823	0.122340425532	0.127659574468	0.140070921986	0.154255319149	0.166666666667	0.129432624113	0.109929078014	0.136524822695	0.15780141844	0.147163120567	0.11524822695	0.122340425532	0.120567375887	0.13829787234	0.124113475177	0.125886524823	0.175531914894	0.13475177305	0.118794326241	0.131205673759	0.109929078014	0.156028368794	0.16134751773	0.13475177305	0.163120567376	0.11170212766	0.15780141844	0.159574468085	0.131205673759	0.117021276596	0.124113475177	0.132978723404	0.15780141844	0.129432624113	0.124113475177	0.122340425532	0.152482269504	0.156028368794	0.132978723404	0.131205673759	0.15780141844	0.122340425532	0.120567375887	0.122340425532	0.108156028369	0.109929078014	0.140070921986	0.156028368794	0.0868794326241	0.156028368794	0.148936170213	0.145390070922	0.0992907801418	0.13829787234	0.129432624113	0.177304964539	0.132978723404	0.13475177305	0.170212765957	0.122340425532	0.132978723404	0.125886524823	0.106382978723	0.156028368794	0.168439716312	0.117021276596	0.127659574468	0.147163120567	0.127659574468	0.145390070922	0.170212765957	0.147163120567	0.15780141844	0.120567375887	0.140070921986	0.147163120567	0.159574468085	0.15780141844	0.13475177305	0.148936170213	0.15780141844	0.11524822695	0.129432624113	0.113475177305	0.182624113475	0.122340425532	0.150709219858	0.13829787234	0.122340425532	0.120567375887	0.141843971631	0.141843971631	0.159574468085	0.13475177305	0.117021276596	0.13475177305	0.122340425532	0.154255319149	0.175531914894	0.124113475177	0.143617021277	0.109929078014	0.0992907801418	0.171985815603	0.118794326241	0.129432624113	0.150709219858	0.147163120567	0.136524822695	0.108156028369	0.140070921986	0.164893617021	0.108156028369	0.109929078014	0.140070921986	0.122340425532	0.109929078014	0.143617021277	0.136524822695	0.0992907801418	0.101063829787	0.13829787234	0.127659574468	0.11170212766	0.108156028369
158802708-stool2.snv.bam	0.13829787234	0.0	0.0	0.129432624113	0.129432624113	0.152482269504	0.132978723404	0.136524822695	0.200354609929	0.150709219858	0.13829787234	0.179078014184	0.152482269504	0.152482269504	0.150709219858	0.106382978723	0.148936170213	0.145390070922	0.13475177305	0.11170212766	0.15780141844	0.117021276596	0.141843971631	0.13829787234	0.136524822695	0.136524822695	0.173758865248	0.122340425532	0.122340425532	0.177304964539	0.140070921986	0.11170212766	0.16134751773	0.140070921986	0.147163120567	0.0921985815603	0.0656028368794	0.152482269504	0.156028368794	0.171985815603	0.113475177305	0.125886524823	0.141843971631	0.170212765957	0.16134751773	0.143617021277	0.117021276596	0.13475177305	0.171985815603	0.124113475177	0.152482269504	0.16134751773	0.127659574468	0.13829787234	0.136524822695	0.113475177305	0.16134751773	0.166666666667	0.156028368794	0.171985815603	0.148936170213	0.182624113475	0.182624113475	0.159574468085	0.147163120567	0.154255319149	0.16134751773	0.143617021277	0.13829787234	0.129432624113	0.0797872340426	0.15780141844	0.163120567376	0.164893617021	0.154255319149	0.186170212766	0.152482269504	0.106382978723	0.147163120567	0.140070921986	0.159574468085	0.16134751773	0.186170212766	0.156028368794	0.182624113475	0.152482269504	0.159574468085	0.106382978723	0.166666666667	0.147163120567	0.168439716312	0.118794326241	0.150709219858	0.15780141844	0.163120567376	0.118794326241	0.0585106382979	0.154255319149	0.184397163121	0.177304964539	0.171985815603	0.148936170213	0.166666666667	0.159574468085	0.113475177305	0.168439716312	0.156028368794	0.173758865248	0.127659574468	0.15780141844	0.136524822695	0.170212765957	0.173758865248	0.136524822695	0.184397163121	0.15780141844	0.120567375887	0.118794326241	0.168439716312	0.193262411348	0.118794326241	0.168439716312	0.152482269504	0.156028368794	0.124113475177	0.152482269504	0.170212765957	0.177304964539	0.152482269504	0.13829787234	0.148936170213	0.131205673759	0.120567375887	0.200354609929	0.132978723404	0.175531914894	0.164893617021	0.154255319149	0.202127659574	0.175531914894	0.168439716312	0.170212765957	0.173758865248	0.154255319149	0.141843971631	0.143617021277	0.168439716312	0.159574468085	0.16134751773	0.129432624113	0.163120567376	0.16134751773	0.156028368794	0.125886524823	0.154255319149	0.152482269504	0.154255319149	0.150709219858	0.147163120567	0.140070921986
158802708-stool3.snv.bam	0.129432624113	0.0	0.0	0.120567375887	0.120567375887	0.141843971631	0.122340425532	0.125886524823	0.184397163121	0.13829787234	0.127659574468	0.168439716312	0.140070921986	0.140070921986	0.13829787234	0.0975177304965	0.140070921986	0.136524822695	0.124113475177	0.102836879433	0.141843971631	0.106382978723	0.129432624113	0.129432624113	0.122340425532	0.122340425532	0.16134751773	0.113475177305	0.109929078014	0.16134751773	0.127659574468	0.101063829787	0.147163120567	0.129432624113	0.13475177305	0.0921985815603	0.0585106382979	0.13475177305	0.143617021277	0.159574468085	0.102836879433	0.11170212766	0.132978723404	0.159574468085	0.148936170213	0.129432624113	0.104609929078	0.124113475177	0.159574468085	0.11170212766	0.140070921986	0.148936170213	0.117021276596	0.125886524823	0.127659574468	0.102836879433	0.148936170213	0.154255319149	0.145390070922	0.15780141844	0.136524822695	0.170212765957	0.175531914894	0.145390070922	0.13475177305	0.141843971631	0.148936170213	0.129432624113	0.124113475177	0.11524822695	0.0762411347518	0.141843971631	0.154255319149	0.150709219858	0.141843971631	0.173758865248	0.141843971631	0.102836879433	0.13829787234	0.127659574468	0.147163120567	0.148936170213	0.173758865248	0.141843971631	0.168439716312	0.141843971631	0.147163120567	0.0939716312057	0.152482269504	0.136524822695	0.159574468085	0.106382978723	0.13829787234	0.148936170213	0.152482269504	0.106382978723	0.0549645390071	0.141843971631	0.171985815603	0.163120567376	0.15780141844	0.136524822695	0.156028368794	0.143617021277	0.109929078014	0.156028368794	0.145390070922	0.16134751773	0.11524822695	0.145390070922	0.129432624113	0.159574468085	0.16134751773	0.127659574468	0.170212765957	0.143617021277	0.106382978723	0.113475177305	0.156028368794	0.179078014184	0.106382978723	0.15780141844	0.143617021277	0.145390070922	0.11524822695	0.140070921986	0.154255319149	0.16134751773	0.13829787234	0.127659574468	0.136524822695	0.118794326241	0.108156028369	0.186170212766	0.120567375887	0.163120567376	0.152482269504	0.141843971631	0.187943262411	0.163120567376	0.15780141844	0.159574468085	0.16134751773	0.141843971631	0.129432624113	0.132978723404	0.154255319149	0.147163120567	0.148936170213	0.117021276596	0.148936170213	0.148936170213	0.145390070922	0.117021276596	0.140070921986	0.141843971631	0.140070921986	0.13829787234	0.13475177305	0.125886524823
158944319-stool1.snv.bam	0.106382978723	0.129432624113	0.120567375887	0.0	0.0	0.129432624113	0.140070921986	0.143617021277	0.193262411348	0.143617021277	0.125886524823	0.156028368794	0.13829787234	0.108156028369	0.106382978723	0.102836879433	0.159574468085	0.148936170213	0.152482269504	0.125886524823	0.164893617021	0.11170212766	0.141843971631	0.141843971631	0.13475177305	0.13475177305	0.141843971631	0.13475177305	0.13829787234	0.173758865248	0.122340425532	0.120567375887	0.154255319149	0.154255319149	0.124113475177	0.129432624113	0.122340425532	0.152482269504	0.173758865248	0.173758865248	0.132978723404	0.127659574468	0.136524822695	0.159574468085	0.152482269504	0.141843971631	0.143617021277	0.13475177305	0.15780141844	0.13475177305	0.140070921986	0.152482269504	0.150709219858	0.131205673759	0.124113475177	0.125886524823	0.156028368794	0.147163120567	0.141843971631	0.170212765957	0.127659574468	0.186170212766	0.156028368794	0.132978723404	0.148936170213	0.113475177305	0.168439716312	0.182624113475	0.164893617021	0.152482269504	0.122340425532	0.156028368794	0.163120567376	0.145390070922	0.143617021277	0.170212765957	0.117021276596	0.141843971631	0.136524822695	0.125886524823	0.120567375887	0.152482269504	0.18085106383	0.120567375887	0.168439716312	0.16134751773	0.173758865248	0.124113475177	0.15780141844	0.156028368794	0.170212765957	0.13829787234	0.156028368794	0.163120567376	0.122340425532	0.13829787234	0.148936170213	0.11170212766	0.168439716312	0.182624113475	0.154255319149	0.141843971631	0.156028368794	0.140070921986	0.156028368794	0.173758865248	0.15780141844	0.175531914894	0.136524822695	0.147163120567	0.16134751773	0.191489361702	0.173758865248	0.0957446808511	0.166666666667	0.152482269504	0.145390070922	0.132978723404	0.147163120567	0.191489361702	0.11524822695	0.164893617021	0.145390070922	0.125886524823	0.140070921986	0.150709219858	0.163120567376	0.175531914894	0.150709219858	0.13475177305	0.132978723404	0.136524822695	0.150709219858	0.18085106383	0.159574468085	0.15780141844	0.129432624113	0.118794326241	0.170212765957	0.13475177305	0.132978723404	0.159574468085	0.152482269504	0.170212765957	0.164893617021	0.16134751773	0.18085106383	0.118794326241	0.120567375887	0.129432624113	0.150709219858	0.120567375887	0.177304964539	0.140070921986	0.13829787234	0.120567375887	0.148936170213	0.132978723404	0.13475177305	0.156028368794
158944319-stool3.snv.bam	0.106382978723	0.129432624113	0.120567375887	0.0	0.0	0.129432624113	0.140070921986	0.143617021277	0.193262411348	0.143617021277	0.125886524823	0.156028368794	0.13829787234	0.108156028369	0.106382978723	0.102836879433	0.159574468085	0.148936170213	0.152482269504	0.125886524823	0.164893617021	0.11170212766	0.141843971631	0.141843971631	0.13475177305	0.13475177305	0.141843971631	0.13475177305	0.13829787234	0.173758865248	0.122340425532	0.120567375887	0.154255319149	0.154255319149	0.124113475177	0.129432624113	0.122340425532	0.152482269504	0.173758865248	0.173758865248	0.132978723404	0.127659574468	0.136524822695	0.159574468085	0.152482269504	0.141843971631	0.143617021277	0.13475177305	0.15780141844	0.13475177305	0.140070921986	0.152482269504	0.150709219858	0.131205673759	0.124113475177	0.125886524823	0.156028368794	0.147163120567	0.141843971631	0.170212765957	0.127659574468	0.186170212766	0.156028368794	0.132978723404	0.148936170213	0.113475177305	0.168439716312	0.182624113475	0.164893617021	0.152482269504	0.122340425532	0.156028368794	0.163120567376	0.145390070922	0.143617021277	0.170212765957	0.117021276596	0.141843971631	0.136524822695	0.125886524823	0.120567375887	0.152482269504	0.18085106383	0.120567375887	0.168439716312	0.16134751773	0.173758865248	0.124113475177	0.15780141844	0.156028368794	0.170212765957	0.13829787234	0.156028368794	0.163120567376	0.122340425532	0.13829787234	0.148936170213	0.11170212766	0.168439716312	0.182624113475	0.154255319149	0.141843971631	0.156028368794	0.140070921986	0.156028368794	0.173758865248	0.15780141844	0.175531914894	0.136524822695	0.147163120567	0.16134751773	0.191489361702	0.173758865248	0.0957446808511	0.166666666667	0.152482269504	0.145390070922	0.132978723404	0.147163120567	0.191489361702	0.11524822695	0.164893617021	0.145390070922	0.125886524823	0.140070921986	0.150709219858	0.163120567376	0.175531914894	0.150709219858	0.13475177305	0.132978723404	0.136524822695	0.150709219858	0.18085106383	0.159574468085	0.15780141844	0.129432624113	0.118794326241	0.170212765957	0.13475177305	0.132978723404	0.159574468085	0.152482269504	0.170212765957	0.164893617021	0.16134751773	0.18085106383	0.118794326241	0.120567375887	0.129432624113	0.150709219858	0.120567375887	0.177304964539	0.140070921986	0.13829787234	0.120567375887	0.148936170213	0.132978723404	0.13475177305	0.156028368794
159166850-stool1.snv.bam	0.140070921986	0.152482269504	0.141843971631	0.129432624113	0.129432624113	0.0	0.113475177305	0.117021276596	0.195035460993	0.125886524823	0.140070921986	0.156028368794	0.141843971631	0.170212765957	0.168439716312	0.117021276596	0.163120567376	0.154255319149	0.132978723404	0.147163120567	0.16134751773	0.120567375887	0.127659574468	0.140070921986	0.148936170213	0.148936170213	0.168439716312	0.11524822695	0.154255319149	0.163120567376	0.140070921986	0.117021276596	0.120567375887	0.125886524823	0.11524822695	0.118794326241	0.131205673759	0.159574468085	0.11170212766	0.171985815603	0.131205673759	0.129432624113	0.141843971631	0.16134751773	0.148936170213	0.127659574468	0.148936170213	0.173758865248	0.145390070922	0.132978723404	0.159574468085	0.164893617021	0.159574468085	0.140070921986	0.154255319149	0.118794326241	0.136524822695	0.148936170213	0.152482269504	0.148936170213	0.141843971631	0.177304964539	0.186170212766	0.156028368794	0.131205673759	0.15780141844	0.156028368794	0.125886524823	0.159574468085	0.150709219858	0.132978723404	0.147163120567	0.163120567376	0.129432624113	0.143617021277	0.166666666667	0.143617021277	0.127659574468	0.132978723404	0.132978723404	0.140070921986	0.150709219858	0.15780141844	0.140070921986	0.163120567376	0.148936170213	0.141843971631	0.113475177305	0.148936170213	0.140070921986	0.154255319149	0.113475177305	0.136524822695	0.150709219858	0.163120567376	0.113475177305	0.15780141844	0.13475177305	0.164893617021	0.148936170213	0.175531914894	0.127659574468	0.159574468085	0.129432624113	0.143617021277	0.148936170213	0.122340425532	0.182624113475	0.124113475177	0.145390070922	0.148936170213	0.16134751773	0.179078014184	0.11170212766	0.15780141844	0.152482269504	0.140070921986	0.152482269504	0.168439716312	0.163120567376	0.117021276596	0.150709219858	0.13829787234	0.141843971631	0.152482269504	0.159574468085	0.163120567376	0.171985815603	0.141843971631	0.141843971631	0.11524822695	0.147163120567	0.147163120567	0.193262411348	0.118794326241	0.171985815603	0.163120567376	0.150709219858	0.202127659574	0.186170212766	0.154255319149	0.154255319149	0.15780141844	0.143617021277	0.156028368794	0.131205673759	0.152482269504	0.13829787234	0.140070921986	0.117021276596	0.166666666667	0.140070921986	0.154255319149	0.131205673759	0.147163120567	0.152482269504	0.131205673759	0.152482269504	0.143617021277	0.136524822695
159247771-stool1.snv.bam	0.101063829787	0.132978723404	0.122340425532	0.140070921986	0.140070921986	0.113475177305	0.0	0.0	0.175531914894	0.129432624113	0.148936170213	0.170212765957	0.129432624113	0.154255319149	0.152482269504	0.124113475177	0.140070921986	0.13475177305	0.0851063829787	0.063829787234	0.147163120567	0.120567375887	0.040780141844	0.124113475177	0.150709219858	0.150709219858	0.147163120567	0.109929078014	0.163120567376	0.15780141844	0.150709219858	0.102836879433	0.11170212766	0.118794326241	0.125886524823	0.106382978723	0.127659574468	0.140070921986	0.131205673759	0.168439716312	0.131205673759	0.104609929078	0.147163120567	0.147163120567	0.129432624113	0.0691489361702	0.122340425532	0.147163120567	0.124113475177	0.127659574468	0.152482269504	0.159574468085	0.145390070922	0.13475177305	0.140070921986	0.0992907801418	0.147163120567	0.152482269504	0.132978723404	0.159574468085	0.118794326241	0.164893617021	0.177304964539	0.148936170213	0.0992907801418	0.148936170213	0.141843971631	0.124113475177	0.124113475177	0.118794326241	0.117021276596	0.118794326241	0.148936170213	0.11524822695	0.13829787234	0.16134751773	0.129432624113	0.122340425532	0.129432624113	0.0744680851064	0.132978723404	0.136524822695	0.159574468085	0.148936170213	0.154255319149	0.132978723404	0.148936170213	0.106382978723	0.104609929078	0.13829787234	0.15780141844	0.13475177305	0.127659574468	0.150709219858	0.147163120567	0.13475177305	0.131205673759	0.124113475177	0.159574468085	0.179078014184	0.143617021277	0.120567375887	0.136524822695	0.0851063829787	0.131205673759	0.168439716312	0.125886524823	0.152482269504	0.124113475177	0.147163120567	0.129432624113	0.150709219858	0.16134751773	0.140070921986	0.145390070922	0.145390070922	0.124113475177	0.124113475177	0.15780141844	0.170212765957	0.117021276596	0.154255319149	0.150709219858	0.125886524823	0.124113475177	0.141843971631	0.109929078014	0.125886524823	0.122340425532	0.117021276596	0.136524822695	0.106382978723	0.148936170213	0.168439716312	0.0957446808511	0.15780141844	0.127659574468	0.117021276596	0.175531914894	0.147163120567	0.150709219858	0.131205673759	0.136524822695	0.117021276596	0.0531914893617	0.129432624113	0.156028368794	0.131205673759	0.132978723404	0.132978723404	0.13829787234	0.132978723404	0.150709219858	0.118794326241	0.136524822695	0.120567375887	0.131205673759	0.13829787234	0.127659574468	0.0354609929078
159247771-stool2.snv.bam	0.104609929078	0.136524822695	0.125886524823	0.143617021277	0.143617021277	0.117021276596	0.0	0.0	0.18085106383	0.136524822695	0.152482269504	0.173758865248	0.13475177305	0.156028368794	0.154255319149	0.125886524823	0.140070921986	0.13475177305	0.0904255319149	0.0656028368794	0.152482269504	0.124113475177	0.0425531914894	0.124113475177	0.15780141844	0.15780141844	0.152482269504	0.11524822695	0.168439716312	0.163120567376	0.154255319149	0.104609929078	0.113475177305	0.120567375887	0.127659574468	0.109929078014	0.132978723404	0.145390070922	0.13829787234	0.175531914894	0.140070921986	0.11170212766	0.152482269504	0.152482269504	0.132978723404	0.0744680851064	0.127659574468	0.148936170213	0.127659574468	0.132978723404	0.156028368794	0.16134751773	0.147163120567	0.13475177305	0.145390070922	0.102836879433	0.154255319149	0.159574468085	0.141843971631	0.168439716312	0.120567375887	0.170212765957	0.179078014184	0.152482269504	0.101063829787	0.154255319149	0.147163120567	0.131205673759	0.127659574468	0.122340425532	0.120567375887	0.125886524823	0.150709219858	0.118794326241	0.141843971631	0.166666666667	0.132978723404	0.125886524823	0.131205673759	0.0762411347518	0.13829787234	0.140070921986	0.163120567376	0.156028368794	0.159574468085	0.13475177305	0.154255319149	0.109929078014	0.109929078014	0.143617021277	0.16134751773	0.140070921986	0.132978723404	0.154255319149	0.152482269504	0.140070921986	0.141843971631	0.132978723404	0.164893617021	0.184397163121	0.147163120567	0.122340425532	0.143617021277	0.0904255319149	0.13475177305	0.175531914894	0.13829787234	0.159574468085	0.129432624113	0.156028368794	0.131205673759	0.148936170213	0.170212765957	0.143617021277	0.147163120567	0.152482269504	0.131205673759	0.125886524823	0.163120567376	0.175531914894	0.120567375887	0.156028368794	0.154255319149	0.127659574468	0.129432624113	0.143617021277	0.11524822695	0.132978723404	0.125886524823	0.117021276596	0.140070921986	0.108156028369	0.152482269504	0.171985815603	0.0975177304965	0.164893617021	0.131205673759	0.120567375887	0.177304964539	0.148936170213	0.152482269504	0.132978723404	0.140070921986	0.124113475177	0.0567375886525	0.13475177305	0.164893617021	0.136524822695	0.13829787234	0.13829787234	0.141843971631	0.13829787234	0.15780141844	0.120567375887	0.143617021277	0.122340425532	0.13475177305	0.143617021277	0.13475177305	0.0390070921986
159268001-stool2.snv.bam	0.184397163121	0.200354609929	0.184397163121	0.193262411348	0.193262411348	0.195035460993	0.175531914894	0.18085106383	0.0	0.148936170213	0.131205673759	0.189716312057	0.170212765957	0.179078014184	0.177304964539	0.182624113475	0.164893617021	0.154255319149	0.171985815603	0.173758865248	0.122340425532	0.187943262411	0.163120567376	0.175531914894	0.189716312057	0.189716312057	0.150709219858	0.168439716312	0.175531914894	0.0390070921986	0.147163120567	0.127659574468	0.15780141844	0.187943262411	0.148936170213	0.184397163121	0.175531914894	0.163120567376	0.171985815603	0.173758865248	0.177304964539	0.150709219858	0.182624113475	0.196808510638	0.171985815603	0.168439716312	0.187943262411	0.195035460993	0.173758865248	0.18085106383	0.200354609929	0.198581560284	0.182624113475	0.168439716312	0.13475177305	0.159574468085	0.193262411348	0.170212765957	0.18085106383	0.186170212766	0.159574468085	0.187943262411	0.175531914894	0.166666666667	0.171985815603	0.202127659574	0.177304964539	0.16134751773	0.159574468085	0.145390070922	0.173758865248	0.164893617021	0.120567375887	0.168439716312	0.15780141844	0.168439716312	0.168439716312	0.182624113475	0.196808510638	0.15780141844	0.189716312057	0.15780141844	0.200354609929	0.150709219858	0.193262411348	0.173758865248	0.177304964539	0.171985815603	0.187943262411	0.179078014184	0.179078014184	0.179078014184	0.173758865248	0.168439716312	0.191489361702	0.179078014184	0.187943262411	0.191489361702	0.166666666667	0.171985815603	0.182624113475	0.154255319149	0.191489361702	0.171985815603	0.191489361702	0.200354609929	0.191489361702	0.216312056738	0.18085106383	0.159574468085	0.18085106383	0.216312056738	0.191489361702	0.193262411348	0.132978723404	0.170212765957	0.147163120567	0.140070921986	0.168439716312	0.143617021277	0.152482269504	0.129432624113	0.164893617021	0.16134751773	0.173758865248	0.15780141844	0.186170212766	0.189716312057	0.16134751773	0.16134751773	0.168439716312	0.170212765957	0.198581560284	0.218085106383	0.15780141844	0.177304964539	0.173758865248	0.159574468085	0.187943262411	0.184397163121	0.164893617021	0.164893617021	0.168439716312	0.18085106383	0.177304964539	0.186170212766	0.186170212766	0.186170212766	0.189716312057	0.177304964539	0.195035460993	0.189716312057	0.196808510638	0.163120567376	0.186170212766	0.163120567376	0.154255319149	0.173758865248	0.147163120567	0.16134751773
159611913-stool1.snv.bam	0.129432624113	0.150709219858	0.13829787234	0.143617021277	0.143617021277	0.125886524823	0.129432624113	0.136524822695	0.148936170213	0.0	0.0921985815603	0.159574468085	0.132978723404	0.145390070922	0.140070921986	0.127659574468	0.154255319149	0.145390070922	0.13829787234	0.122340425532	0.140070921986	0.122340425532	0.117021276596	0.131205673759	0.127659574468	0.127659574468	0.143617021277	0.129432624113	0.113475177305	0.148936170213	0.11524822695	0.125886524823	0.145390070922	0.159574468085	0.122340425532	0.13475177305	0.122340425532	0.113475177305	0.147163120567	0.147163120567	0.13475177305	0.117021276596	0.108156028369	0.168439716312	0.143617021277	0.122340425532	0.117021276596	0.143617021277	0.154255319149	0.122340425532	0.16134751773	0.156028368794	0.129432624113	0.13475177305	0.125886524823	0.0975177304965	0.148936170213	0.145390070922	0.120567375887	0.154255319149	0.104609929078	0.147163120567	0.159574468085	0.13829787234	0.145390070922	0.125886524823	0.136524822695	0.159574468085	0.13829787234	0.129432624113	0.129432624113	0.132978723404	0.168439716312	0.118794326241	0.120567375887	0.148936170213	0.13829787234	0.15780141844	0.148936170213	0.136524822695	0.148936170213	0.13475177305	0.163120567376	0.127659574468	0.154255319149	0.122340425532	0.154255319149	0.11524822695	0.154255319149	0.13475177305	0.152482269504	0.118794326241	0.140070921986	0.147163120567	0.147163120567	0.118794326241	0.143617021277	0.156028368794	0.147163120567	0.163120567376	0.16134751773	0.118794326241	0.145390070922	0.136524822695	0.159574468085	0.143617021277	0.159574468085	0.173758865248	0.143617021277	0.129432624113	0.163120567376	0.164893617021	0.166666666667	0.125886524823	0.156028368794	0.141843971631	0.109929078014	0.136524822695	0.150709219858	0.16134751773	0.0921985815603	0.166666666667	0.156028368794	0.141843971631	0.132978723404	0.106382978723	0.147163120567	0.156028368794	0.11524822695	0.113475177305	0.104609929078	0.122340425532	0.148936170213	0.18085106383	0.152482269504	0.163120567376	0.15780141844	0.148936170213	0.16134751773	0.147163120567	0.15780141844	0.143617021277	0.150709219858	0.13829787234	0.136524822695	0.13829787234	0.166666666667	0.147163120567	0.148936170213	0.125886524823	0.164893617021	0.148936170213	0.166666666667	0.127659574468	0.136524822695	0.147163120567	0.143617021277	0.143617021277	0.13829787234	0.131205673759
160178356-stool2.snv.bam	0.140070921986	0.13829787234	0.127659574468	0.125886524823	0.125886524823	0.140070921986	0.148936170213	0.152482269504	0.131205673759	0.0921985815603	0.0	0.143617021277	0.136524822695	0.150709219858	0.147163120567	0.127659574468	0.129432624113	0.124113475177	0.132978723404	0.141843971631	0.154255319149	0.13829787234	0.143617021277	0.145390070922	0.13475177305	0.13475177305	0.148936170213	0.120567375887	0.125886524823	0.140070921986	0.11524822695	0.11170212766	0.141843971631	0.145390070922	0.118794326241	0.13829787234	0.122340425532	0.104609929078	0.136524822695	0.127659574468	0.132978723404	0.129432624113	0.141843971631	0.15780141844	0.122340425532	0.13829787234	0.125886524823	0.159574468085	0.159574468085	0.101063829787	0.150709219858	0.148936170213	0.140070921986	0.132978723404	0.127659574468	0.129432624113	0.168439716312	0.145390070922	0.129432624113	0.156028368794	0.11170212766	0.177304964539	0.145390070922	0.125886524823	0.140070921986	0.15780141844	0.132978723404	0.147163120567	0.129432624113	0.122340425532	0.11170212766	0.147163120567	0.168439716312	0.143617021277	0.102836879433	0.132978723404	0.140070921986	0.145390070922	0.152482269504	0.132978723404	0.143617021277	0.143617021277	0.140070921986	0.140070921986	0.154255319149	0.13829787234	0.163120567376	0.113475177305	0.150709219858	0.159574468085	0.15780141844	0.145390070922	0.140070921986	0.148936170213	0.163120567376	0.145390070922	0.141843971631	0.148936170213	0.132978723404	0.143617021277	0.156028368794	0.132978723404	0.15780141844	0.147163120567	0.16134751773	0.152482269504	0.15780141844	0.168439716312	0.13475177305	0.118794326241	0.15780141844	0.171985815603	0.175531914894	0.129432624113	0.131205673759	0.131205673759	0.131205673759	0.129432624113	0.140070921986	0.148936170213	0.104609929078	0.166666666667	0.136524822695	0.131205673759	0.136524822695	0.117021276596	0.16134751773	0.171985815603	0.13829787234	0.108156028369	0.122340425532	0.13829787234	0.132978723404	0.175531914894	0.145390070922	0.159574468085	0.159574468085	0.150709219858	0.148936170213	0.140070921986	0.145390070922	0.143617021277	0.132978723404	0.148936170213	0.150709219858	0.15780141844	0.166666666667	0.143617021277	0.143617021277	0.131205673759	0.16134751773	0.143617021277	0.164893617021	0.143617021277	0.132978723404	0.150709219858	0.141843971631	0.125886524823	0.13829787234	0.143617021277
160400887-stool1.snv.bam	0.152482269504	0.179078014184	0.168439716312	0.156028368794	0.156028368794	0.156028368794	0.170212765957	0.173758865248	0.189716312057	0.159574468085	0.143617021277	0.0	0.154255319149	0.171985815603	0.170212765957	0.159574468085	0.173758865248	0.163120567376	0.147163120567	0.173758865248	0.18085106383	0.170212765957	0.156028368794	0.164893617021	0.166666666667	0.166666666667	0.143617021277	0.145390070922	0.200354609929	0.16134751773	0.171985815603	0.122340425532	0.170212765957	0.170212765957	0.131205673759	0.150709219858	0.156028368794	0.150709219858	0.18085106383	0.164893617021	0.150709219858	0.154255319149	0.170212765957	0.171985815603	0.159574468085	0.148936170213	0.15780141844	0.170212765957	0.163120567376	0.141843971631	0.16134751773	0.156028368794	0.16134751773	0.13829787234	0.140070921986	0.147163120567	0.170212765957	0.15780141844	0.175531914894	0.15780141844	0.147163120567	0.18085106383	0.141843971631	0.0992907801418	0.15780141844	0.173758865248	0.152482269504	0.175531914894	0.147163120567	0.13829787234	0.147163120567	0.170212765957	0.171985815603	0.143617021277	0.148936170213	0.163120567376	0.154255319149	0.145390070922	0.159574468085	0.145390070922	0.156028368794	0.147163120567	0.166666666667	0.148936170213	0.148936170213	0.164893617021	0.171985815603	0.13475177305	0.150709219858	0.145390070922	0.179078014184	0.173758865248	0.16134751773	0.171985815603	0.168439716312	0.173758865248	0.18085106383	0.148936170213	0.16134751773	0.170212765957	0.177304964539	0.159574468085	0.148936170213	0.159574468085	0.170212765957	0.163120567376	0.164893617021	0.187943262411	0.147163120567	0.141843971631	0.177304964539	0.173758865248	0.187943262411	0.141843971631	0.164893617021	0.164893617021	0.173758865248	0.152482269504	0.15780141844	0.179078014184	0.145390070922	0.163120567376	0.143617021277	0.117021276596	0.156028368794	0.152482269504	0.170212765957	0.170212765957	0.164893617021	0.140070921986	0.150709219858	0.154255319149	0.168439716312	0.175531914894	0.156028368794	0.173758865248	0.170212765957	0.159574468085	0.148936170213	0.106382978723	0.102836879433	0.16134751773	0.143617021277	0.175531914894	0.175531914894	0.170212765957	0.182624113475	0.154255319149	0.156028368794	0.147163120567	0.171985815603	0.156028368794	0.175531914894	0.164893617021	0.156028368794	0.15780141844	0.159574468085	0.145390070922	0.147163120567	0.175531914894
160502038-stool3.snv.bam	0.143617021277	0.152482269504	0.140070921986	0.13829787234	0.13829787234	0.141843971631	0.129432624113	0.13475177305	0.170212765957	0.132978723404	0.136524822695	0.154255319149	0.0	0.13829787234	0.13475177305	0.101063829787	0.150709219858	0.140070921986	0.125886524823	0.120567375887	0.145390070922	0.106382978723	0.0992907801418	0.0797872340426	0.118794326241	0.118794326241	0.141843971631	0.132978723404	0.140070921986	0.140070921986	0.125886524823	0.0709219858156	0.131205673759	0.13475177305	0.101063829787	0.136524822695	0.13829787234	0.109929078014	0.129432624113	0.132978723404	0.127659574468	0.11170212766	0.13829787234	0.131205673759	0.136524822695	0.0975177304965	0.113475177305	0.15780141844	0.152482269504	0.117021276596	0.159574468085	0.122340425532	0.131205673759	0.122340425532	0.124113475177	0.0851063829787	0.140070921986	0.13475177305	0.0780141843972	0.127659574468	0.125886524823	0.148936170213	0.168439716312	0.13475177305	0.0957446808511	0.131205673759	0.124113475177	0.136524822695	0.127659574468	0.118794326241	0.122340425532	0.125886524823	0.16134751773	0.101063829787	0.113475177305	0.145390070922	0.0921985815603	0.131205673759	0.150709219858	0.122340425532	0.131205673759	0.11524822695	0.141843971631	0.125886524823	0.131205673759	0.11170212766	0.132978723404	0.124113475177	0.13829787234	0.124113475177	0.125886524823	0.140070921986	0.122340425532	0.118794326241	0.0975177304965	0.140070921986	0.15780141844	0.127659574468	0.143617021277	0.127659574468	0.150709219858	0.108156028369	0.132978723404	0.101063829787	0.140070921986	0.154255319149	0.156028368794	0.13475177305	0.122340425532	0.141843971631	0.13475177305	0.154255319149	0.131205673759	0.140070921986	0.136524822695	0.117021276596	0.122340425532	0.11524822695	0.136524822695	0.150709219858	0.120567375887	0.148936170213	0.136524822695	0.124113475177	0.13829787234	0.117021276596	0.124113475177	0.140070921986	0.11170212766	0.125886524823	0.0921985815603	0.117021276596	0.131205673759	0.143617021277	0.122340425532	0.147163120567	0.13475177305	0.120567375887	0.159574468085	0.141843971631	0.132978723404	0.122340425532	0.129432624113	0.13829787234	0.13829787234	0.0992907801418	0.125886524823	0.129432624113	0.131205673759	0.113475177305	0.15780141844	0.131205673759	0.175531914894	0.120567375887	0.140070921986	0.124113475177	0.104609929078	0.125886524823	0.120567375887	0.129432624113
508703490-stool2.snv.bam	0.120567375887	0.152482269504	0.140070921986	0.108156028369	0.108156028369	0.170212765957	0.154255319149	0.156028368794	0.179078014184	0.145390070922	0.150709219858	0.171985815603	0.13829787234	0.0	0.0	0.150709219858	0.11170212766	0.102836879433	0.164893617021	0.145390070922	0.15780141844	0.152482269504	0.145390070922	0.147163120567	0.16134751773	0.16134751773	0.113475177305	0.156028368794	0.171985815603	0.170212765957	0.170212765957	0.118794326241	0.156028368794	0.159574468085	0.131205673759	0.148936170213	0.156028368794	0.168439716312	0.16134751773	0.166666666667	0.154255319149	0.125886524823	0.150709219858	0.145390070922	0.154255319149	0.147163120567	0.140070921986	0.154255319149	0.143617021277	0.156028368794	0.152482269504	0.152482269504	0.124113475177	0.106382978723	0.143617021277	0.118794326241	0.152482269504	0.159574468085	0.145390070922	0.173758865248	0.131205673759	0.166666666667	0.15780141844	0.136524822695	0.150709219858	0.124113475177	0.156028368794	0.15780141844	0.13475177305	0.122340425532	0.145390070922	0.148936170213	0.13829787234	0.13829787234	0.141843971631	0.164893617021	0.117021276596	0.150709219858	0.148936170213	0.141843971631	0.131205673759	0.141843971631	0.182624113475	0.122340425532	0.150709219858	0.129432624113	0.170212765957	0.136524822695	0.147163120567	0.15780141844	0.143617021277	0.171985815603	0.147163120567	0.136524822695	0.129432624113	0.171985815603	0.163120567376	0.125886524823	0.163120567376	0.164893617021	0.147163120567	0.141843971631	0.13475177305	0.154255319149	0.152482269504	0.18085106383	0.173758865248	0.179078014184	0.141843971631	0.171985815603	0.141843971631	0.171985815603	0.187943262411	0.147163120567	0.154255319149	0.132978723404	0.132978723404	0.125886524823	0.13829787234	0.184397163121	0.13829787234	0.132978723404	0.152482269504	0.140070921986	0.131205673759	0.145390070922	0.152482269504	0.18085106383	0.148936170213	0.125886524823	0.13829787234	0.125886524823	0.15780141844	0.184397163121	0.150709219858	0.164893617021	0.131205673759	0.122340425532	0.184397163121	0.141843971631	0.140070921986	0.152482269504	0.145390070922	0.143617021277	0.156028368794	0.150709219858	0.196808510638	0.129432624113	0.131205673759	0.152482269504	0.15780141844	0.131205673759	0.173758865248	0.140070921986	0.143617021277	0.122340425532	0.147163120567	0.141843971631	0.140070921986	0.154255319149
508703490-stool3.snv.bam	0.118794326241	0.150709219858	0.13829787234	0.106382978723	0.106382978723	0.168439716312	0.152482269504	0.154255319149	0.177304964539	0.140070921986	0.147163120567	0.170212765957	0.13475177305	0.0	0.0	0.148936170213	0.106382978723	0.0975177304965	0.16134751773	0.143617021277	0.154255319149	0.150709219858	0.143617021277	0.141843971631	0.156028368794	0.156028368794	0.113475177305	0.154255319149	0.170212765957	0.168439716312	0.168439716312	0.11524822695	0.152482269504	0.15780141844	0.129432624113	0.147163120567	0.154255319149	0.164893617021	0.159574468085	0.164893617021	0.154255319149	0.124113475177	0.148936170213	0.141843971631	0.150709219858	0.145390070922	0.136524822695	0.150709219858	0.140070921986	0.152482269504	0.148936170213	0.150709219858	0.122340425532	0.104609929078	0.140070921986	0.11524822695	0.147163120567	0.15780141844	0.140070921986	0.170212765957	0.125886524823	0.16134751773	0.156028368794	0.13475177305	0.148936170213	0.120567375887	0.154255319149	0.156028368794	0.132978723404	0.120567375887	0.143617021277	0.143617021277	0.13475177305	0.13475177305	0.140070921986	0.163120567376	0.11170212766	0.148936170213	0.147163120567	0.13829787234	0.127659574468	0.13829787234	0.18085106383	0.117021276596	0.150709219858	0.127659574468	0.166666666667	0.13475177305	0.145390070922	0.154255319149	0.13829787234	0.170212765957	0.145390070922	0.131205673759	0.125886524823	0.170212765957	0.16134751773	0.122340425532	0.16134751773	0.163120567376	0.141843971631	0.140070921986	0.13475177305	0.152482269504	0.150709219858	0.179078014184	0.170212765957	0.173758865248	0.140070921986	0.168439716312	0.136524822695	0.170212765957	0.186170212766	0.145390070922	0.150709219858	0.131205673759	0.127659574468	0.124113475177	0.136524822695	0.184397163121	0.13475177305	0.129432624113	0.148936170213	0.13829787234	0.129432624113	0.141843971631	0.148936170213	0.173758865248	0.147163120567	0.124113475177	0.13829787234	0.122340425532	0.156028368794	0.179078014184	0.148936170213	0.16134751773	0.129432624113	0.120567375887	0.182624113475	0.140070921986	0.13829787234	0.148936170213	0.143617021277	0.140070921986	0.154255319149	0.147163120567	0.193262411348	0.125886524823	0.127659574468	0.152482269504	0.156028368794	0.127659574468	0.171985815603	0.13475177305	0.140070921986	0.120567375887	0.143617021277	0.140070921986	0.136524822695	0.152482269504
