	158337416-stool1.snv.bam	638754422-stool1.snv.bam	763820215-stool3.snv.bam	765195863-stool3.snv.bam	CCIS16561622ST-4-0.snv.bam	CCIS22275061ST-4-0.snv.bam	CCIS50471204ST-4-0.snv.bam	CCIS63468405ST-4-0.snv.bam	CCMD12232071ST-21-0.snv.bam	CCMD13071240ST-21-0.snv.bam	MH0347.snv.bam	MH0406.snv.bam	MH0433.snv.bam	MH0462.snv.bam	MMRS25211151ST-27-0-0.snv.bam	NG-5636_144.snv.bam	NG-5636_424.snv.bam	NG-5636_526.snv.bam	O2.UC48-0.snv.bam	O2.UC48-1.snv.bam	V1.CD38-0.snv.bam	V1.FI02.snv.bam	V1.FI13.snv.bam	V1.FI20.snv.bam	V1.FI36.snv.bam	V1.UC11-5.snv.bam	V1.UC4-5.snv.bam	V1.UC55-0.snv.bam
158337416-stool1.snv.bam	0.0	0.386350877193	0.235252560933	0.253649122807	0.349346520664	0.293368008218	0.148004238785	0.295872011431	0.152754442355	0.376192158248	0.272664995823	0.344745723614	0.285447654562	0.338508140856	0.319221967963	0.29308765143	0.304409672831	0.28413940256	0.341356868478	0.33084297827	0.27696901829	0.314708072333	0.313922287924	0.265664160401	0.30745215311	0.35393279495	0.332239766082	0.337822762495
638754422-stool1.snv.bam	0.386350877193	0.0	0.393125	0.391304347826	0.387355769231	0.3138770467	0.336875	0.354103339554	0.408127055978	0.449375	0.384176279207	0.364792888699	0.316215669201	0.367333333333	0.127702702703	0.245873205742	0.274522292994	0.321383647799	0.368018004303	0.358188327056	0.309868421053	0.372313466831	0.325136183261	0.310759493671	0.378754940711	0.379734705985	0.347722567288	0.364197330832
763820215-stool3.snv.bam	0.235252560933	0.393125	0.0	0.138125	0.214320270924	0.253681053989	0.157232704403	0.274707313348	0.188085658032	0.383647798742	0.218452380952	0.316443278236	0.232972368343	0.261744966443	0.408163265306	0.243226971704	0.269230769231	0.208860759494	0.274554227941	0.264678377726	0.245033112583	0.182209870444	0.262401190703	0.203821656051	0.173934659091	0.300233047898	0.280520833333	0.272003326055
765195863-stool3.snv.bam	0.253649122807	0.391304347826	0.138125	0.0	0.188605769231	0.198896285538	0.188125	0.226330491284	0.205451789336	0.344375	0.193463472345	0.264569674413	0.184261681049	0.194	0.399324324324	0.209389952153	0.229936305732	0.15786163522	0.223780599196	0.213966089666	0.191447368421	0.156854529633	0.212636183261	0.15253164557	0.137761151892	0.235825934747	0.217287784679	0.220555410296
CCIS16561622ST-4-0.snv.bam	0.349346520664	0.387355769231	0.214320270924	0.188605769231	0.0	0.143412495666	0.239477503628	0.168672254657	0.291973393766	0.277213352685	0.188278388278	0.209041246305	0.139025909618	0.148167268973	0.408686551544	0.148010929468	0.173570019724	0.108081791626	0.15532345871	0.148126179924	0.139582272033	0.0645088214925	0.134040243474	0.121509064184	0.169727928322	0.144752278667	0.126834935897	0.154978439177
CCIS22275061ST-4-0.snv.bam	0.293368008218	0.3138770467	0.253681053989	0.198896285538	0.143412495666	0.0	0.256199286832	0.0917548886496	0.257039321003	0.272440673999	0.255246443195	0.133395636364	0.0932920305657	0.101289612951	0.336764674353	0.112838706889	0.109614599747	0.0721511143437	0.132923625163	0.123586898719	0.0590627534706	0.139813461668	0.101440023693	0.0793304031312	0.209638803889	0.138704964019	0.0984063670472	0.130388567388
CCIS50471204ST-4-0.snv.bam	0.148004238785	0.336875	0.157232704403	0.188125	0.239477503628	0.256199286832	0.0	0.246693920491	0.20233511816	0.421383647799	0.162202380952	0.316443278236	0.235045386484	0.288590604027	0.378378378378	0.246839253462	0.25641025641	0.23417721519	0.299554227941	0.289678377726	0.238410596026	0.232209870444	0.274979807055	0.229299363057	0.200497159091	0.312733047898	0.280520833333	0.297003326055
CCIS63468405ST-4-0.snv.bam	0.295872011431	0.354103339554	0.274707313348	0.226330491284	0.168672254657	0.0917548886496	0.246693920491	0.0	0.270713215074	0.293191485426	0.281905764872	0.189227505993	0.136056695457	0.132737584454	0.385094398659	0.142354673654	0.165035908714	0.13780275263	0.197759715147	0.188422988704	0.117833142554	0.155678366081	0.160644587879	0.1273729328	0.238625804666	0.16240947411	0.118182014502	0.195224657372
CCMD12232071ST-21-0.snv.bam	0.152754442355	0.408127055978	0.188085658032	0.205451789336	0.291973393766	0.257039321003	0.20233511816	0.270713215074	0.0	0.291899221177	0.308860378744	0.321940243017	0.242541799924	0.249567596339	0.312824284671	0.241207539906	0.304454477435	0.217500726004	0.28281445574	0.273419374756	0.25408669532	0.266505993462	0.269973451011	0.215898655771	0.249401533694	0.299987636599	0.279540127917	0.280263553854
CCMD13071240ST-21-0.snv.bam	0.376192158248	0.449375	0.383647798742	0.344375	0.277213352685	0.272440673999	0.421383647799	0.293191485426	0.291899221177	0.0	0.399702380952	0.253250705609	0.270561385012	0.187919463087	0.360544217687	0.216736905479	0.365384615385	0.25786163522	0.228067299837	0.235161365863	0.291390728477	0.275959870444	0.264103750896	0.286624203822	0.356747159091	0.176483047898	0.201354166667	0.232646860016
MH0347.snv.bam	0.272664995823	0.384176279207	0.218452380952	0.193463472345	0.188278388278	0.255246443195	0.162202380952	0.281905764872	0.308860378744	0.399702380952	0.0	0.321013126794	0.238545201238	0.266984126984	0.425353925354	0.258059922534	0.274188656354	0.220425277029	0.278320676097	0.269541363254	0.237155388471	0.187585082724	0.256058802309	0.209162145871	0.156069344734	0.280030476467	0.260440698018	0.276820815009
MH0406.snv.bam	0.344745723614	0.364792888699	0.316443278236	0.264569674413	0.209041246305	0.133395636364	0.316443278236	0.189227505993	0.321940243017	0.253250705609	0.321013126794	0.0	0.187917123652	0.101783646247	0.385586906702	0.209211069642	0.156190790325	0.0972516663972	0.0797580823086	0.0826053534636	0.0818924721243	0.24667537819	0.080220660881	0.142457091024	0.275562329	0.126402997036	0.119681853901	0.0824379232705
MH0433.snv.bam	0.285447654562	0.316215669201	0.232972368343	0.184261681049	0.139025909618	0.0932920305657	0.235045386484	0.136056695457	0.242541799924	0.270561385012	0.238545201238	0.187917123652	0.0	0.101337035418	0.34777443101	0.0997692953095	0.147290209062	0.0898596303789	0.14885140155	0.140135793119	0.120648353399	0.133685660143	0.116796850432	0.0986267837702	0.191713530493	0.133694884538	0.0943475558461	0.146283653353
MH0462.snv.bam	0.338508140856	0.367333333333	0.261744966443	0.194	0.148167268973	0.101289612951	0.288590604027	0.132737584454	0.249567596339	0.187919463087	0.266984126984	0.101783646247	0.101337035418	0.0	0.402877697842	0.118055555556	0.184931506849	0.0743243243243	0.113642156863	0.106662116686	0.104166666667	0.141023861806	0.127466418742	0.108843537415	0.213863636364	0.0875819177574	0.0136666666667	0.113420953375
MMRS25211151ST-27-0-0.snv.bam	0.319221967963	0.127702702703	0.408163265306	0.399324324324	0.408686551544	0.336764674353	0.378378378378	0.385094398659	0.312824284671	0.360544217687	0.425353925354	0.385586906702	0.34777443101	0.402877697842	0.0	0.280519480519	0.284722222222	0.335616438356	0.386154720897	0.375461626054	0.323741007194	0.386172832912	0.34057582629	0.324137931034	0.404253685504	0.419170862592	0.383671171171	0.38199844773
NG-5636_144.snv.bam	0.29308765143	0.245873205742	0.243226971704	0.209389952153	0.148010929468	0.112838706889	0.246839253462	0.142354673654	0.241207539906	0.216736905479	0.258059922534	0.209211069642	0.0997692953095	0.118055555556	0.280519480519	0.0	0.130221130221	0.101818181818	0.165798708838	0.155909149907	0.127781309599	0.111058236831	0.127326242558	0.071995118975	0.183537679426	0.147434308792	0.100807416268	0.163113548957
NG-5636_424.snv.bam	0.304409672831	0.274522292994	0.269230769231	0.229936305732	0.173570019724	0.109614599747	0.25641025641	0.165035908714	0.304454477435	0.365384615385	0.274188656354	0.156190790325	0.147290209062	0.184931506849	0.284722222222	0.130221130221	0.0	0.103225806452	0.165150805545	0.155576200721	0.0743243243243	0.172398871014	0.129535279535	0.0779220779221	0.216053850608	0.216798010596	0.17059447983	0.162041606171
NG-5636_526.snv.bam	0.28413940256	0.321383647799	0.208860759494	0.15786163522	0.108081791626	0.0721511143437	0.23417721519	0.13780275263	0.217500726004	0.25786163522	0.220425277029	0.0972516663972	0.0898596303789	0.0743243243243	0.335616438356	0.101818181818	0.103225806452	0.0	0.0561551979282	0.0482733554285	0.0266666666667	0.145619995415	0.0467678594261	0.0384615384615	0.175028587764	0.107152752601	0.093605870021	0.0547317632114
O2.UC48-0.snv.bam	0.341356868478	0.368018004303	0.274554227941	0.223780599196	0.15532345871	0.132923625163	0.299554227941	0.197759715147	0.28281445574	0.228067299837	0.278320676097	0.0797580823086	0.14885140155	0.113642156863	0.386154720897	0.165798708838	0.165150805545	0.0561551979282	0.0	0.0133201481291	0.0910877837977	0.205479849326	0.0547652669022	0.100814408042	0.234523117547	0.0545048314266	0.129997868713	0.00834284847343
O2.UC48-1.snv.bam	0.33084297827	0.358188327056	0.264678377726	0.213966089666	0.148126179924	0.123586898719	0.289678377726	0.188422988704	0.273419374756	0.235161365863	0.269541363254	0.0826053534636	0.140135793119	0.106662116686	0.375461626054	0.155909149907	0.155576200721	0.0482733554285	0.0133201481291	0.0	0.0817464704812	0.195665339796	0.0541660066433	0.0913004019819	0.224708608017	0.0658721359879	0.123494725691	0.00745118945442
V1.CD38-0.snv.bam	0.27696901829	0.309868421053	0.245033112583	0.191447368421	0.139582272033	0.0590627534706	0.238410596026	0.117833142554	0.25408669532	0.291390728477	0.237155388471	0.0818924721243	0.120648353399	0.104166666667	0.323741007194	0.127781309599	0.0743243243243	0.0266666666667	0.0910877837977	0.0817464704812	0.0	0.17206302152	0.082048488671	0.0604026845638	0.202825956938	0.144982155682	0.123574561404	0.0889508695315
V1.FI02.snv.bam	0.314708072333	0.372313466831	0.182209870444	0.156854529633	0.0645088214925	0.139813461668	0.232209870444	0.155678366081	0.266505993462	0.275959870444	0.187585082724	0.24667537819	0.133685660143	0.141023861806	0.386172832912	0.111058236831	0.172398871014	0.145619995415	0.205479849326	0.195665339796	0.17206302152	0.0	0.16852660926	0.108566957411	0.132447415009	0.170129608289	0.126523266693	0.202944791551
V1.FI13.snv.bam	0.313922287924	0.325136183261	0.262401190703	0.212636183261	0.134040243474	0.101440023693	0.274979807055	0.160644587879	0.269973451011	0.264103750896	0.256058802309	0.080220660881	0.116796850432	0.127466418742	0.34057582629	0.127326242558	0.129535279535	0.0467678594261	0.0547652669022	0.0541660066433	0.082048488671	0.16852660926	0.0	0.0650159465446	0.223445842352	0.100186150351	0.117973935786	0.0550271794859
V1.FI20.snv.bam	0.265664160401	0.310759493671	0.203821656051	0.15253164557	0.121509064184	0.0793304031312	0.229299363057	0.1273729328	0.215898655771	0.286624203822	0.209162145871	0.142457091024	0.0986267837702	0.108843537415	0.324137931034	0.071995118975	0.0779220779221	0.0384615384615	0.100814408042	0.0913004019819	0.0604026845638	0.108566957411	0.0650159465446	0.0	0.151395281933	0.152134732048	0.106856540084	0.0982312162582
V1.FI36.snv.bam	0.30745215311	0.378754940711	0.173934659091	0.137761151892	0.169727928322	0.209638803889	0.200497159091	0.238625804666	0.249401533694	0.356747159091	0.156069344734	0.275562329	0.191713530493	0.213863636364	0.404253685504	0.183537679426	0.216053850608	0.175028587764	0.234523117547	0.224708608017	0.202825956938	0.132447415009	0.223445842352	0.151395281933	0.0	0.24917287651	0.229583098061	0.231988059772
V1.UC11-5.snv.bam	0.35393279495	0.379734705985	0.300233047898	0.235825934747	0.144752278667	0.138704964019	0.312733047898	0.16240947411	0.299987636599	0.176483047898	0.280030476467	0.126402997036	0.133694884538	0.0875819177574	0.419170862592	0.147434308792	0.216798010596	0.107152752601	0.0545048314266	0.0658721359879	0.144982155682	0.170129608289	0.100186150351	0.152134732048	0.24917287651	0.0	0.094745057952	0.0597057671471
V1.UC4-5.snv.bam	0.332239766082	0.347722567288	0.280520833333	0.217287784679	0.126834935897	0.0984063670472	0.280520833333	0.118182014502	0.279540127917	0.201354166667	0.260440698018	0.119681853901	0.0943475558461	0.0136666666667	0.383671171171	0.100807416268	0.17059447983	0.093605870021	0.129997868713	0.123494725691	0.123574561404	0.126523266693	0.117973935786	0.106856540084	0.229583098061	0.094745057952	0.0	0.129791778507
V1.UC55-0.snv.bam	0.337822762495	0.364197330832	0.272003326055	0.220555410296	0.154978439177	0.130388567388	0.297003326055	0.195224657372	0.280263553854	0.232646860016	0.276820815009	0.0824379232705	0.146283653353	0.113420953375	0.38199844773	0.163113548957	0.162041606171	0.0547317632114	0.00834284847343	0.00745118945442	0.0889508695315	0.202944791551	0.0550271794859	0.0982312162582	0.231988059772	0.0597057671471	0.129791778507	0.0
