	CCIS29688262ST-20-0.snv.bam	CCIS48507077ST-4-0.snv.bam	CCIS50471204ST-4-0.snv.bam	MH0370.snv.bam	MMRS42780924ST-27-0-0.snv.bam	MMRS47685461ST-27-0-0.snv.bam	MMRS62192467ST-27-0-0.snv.bam	MMRS65945127ST-27-0-0.snv.bam	MMRS95674036ST-27-0-0.snv.bam	O2.UC19-1.snv.bam	SAMEA3136649.snv.bam	SAMEA3136660.snv.bam	SAMEA3136677.snv.bam	SAMEA3136712.snv.bam	SAMEA3136720.snv.bam	SAMEA3136737.snv.bam	T2D-62A.snv.bam	T2D-66A.snv.bam	V1.CD12-3.snv.bam	V1.CD21-0.snv.bam	V1.CD3-0-PT.snv.bam	V1.CD32-0.snv.bam	V1.CD32-4.snv.bam	V1.CD4-0-PT.snv.bam	V1.FI18.snv.bam	V1.FI21.snv.bam	V1.FI23.snv.bam	V1.UC11-5.snv.bam	V1.UC38-4.snv.bam
CCIS29688262ST-20-0.snv.bam	0.0	0.32922114017	0.349180253714	0.14428731551	0.305979944898	0.274093105274	0.32100891138	0.168633320243	0.340787793586	0.326631952611	0.303538712785	0.260426499894	0.300680492663	0.33642286518	0.279829048342	0.316774179077	0.225405863976	0.293932881328	0.340751153826	0.137843594587	0.289766107021	0.301467533716	0.314057090212	0.288091960851	0.33467888997	0.322464673605	0.199523053945	0.251397007104	0.290979467768
CCIS48507077ST-4-0.snv.bam	0.32922114017	0.0	0.148736227574	0.217256464984	0.183272008215	0.263399570822	0.13810780479	0.36998021417	0.158742357339	0.0580653509911	0.190812923152	0.210967258991	0.204749394529	0.15585613266	0.178084833294	0.143661690935	0.322607225359	0.118691630258	0.122673605378	0.364165192555	0.125501956649	0.0806340251419	0.073686026805	0.121838877074	0.144530423667	0.118331003567	0.371846920941	0.203324684154	0.138153803049
CCIS50471204ST-4-0.snv.bam	0.349180253714	0.148736227574	0.0	0.264559847454	0.0724603559877	0.224958381112	0.0779323296146	0.339802237691	0.0840847019442	0.150857905326	0.187838683844	0.257874473544	0.105579651959	0.0512014776345	0.232238875147	0.0588211605921	0.321691733481	0.184000023622	0.203860892896	0.370278546675	0.187298052592	0.150047030862	0.144792876145	0.185557572242	0.0591559094553	0.1927252972	0.360709807243	0.205501981691	0.194662005335
MH0370.snv.bam	0.14428731551	0.217256464984	0.264559847454	0.0	0.23333544766	0.235270477021	0.236564776146	0.225556031496	0.260704418671	0.213671429891	0.250611467599	0.204773293063	0.238920866827	0.259691975802	0.234678660671	0.236309154047	0.243004352533	0.21276372286	0.223005780995	0.198391181611	0.208681643955	0.192746129464	0.206246063773	0.205857626903	0.248422316331	0.244586315779	0.255049942466	0.183209781309	0.211429541519
MMRS42780924ST-27-0-0.snv.bam	0.305979944898	0.183272008215	0.0724603559877	0.23333544766	0.0	0.198403895559	0.0825262268113	0.297811234504	0.106240294913	0.181063701703	0.187634246908	0.24187557831	0.0903861162632	0.0572277218236	0.238366928461	0.0724248496596	0.289213467235	0.20520020703	0.233492950171	0.337038416617	0.206404823833	0.162111347394	0.173576098312	0.203321899294	0.0846735847598	0.220415915342	0.3249984886	0.17514289624	0.210117289762
MMRS47685461ST-27-0-0.snv.bam	0.274093105274	0.263399570822	0.224958381112	0.235270477021	0.198403895559	0.0	0.206324113445	0.262772167545	0.231694720995	0.249869217579	0.261114766636	0.288847632761	0.212361204446	0.199615755068	0.267794445927	0.202365403431	0.237778060955	0.225306168605	0.255237495258	0.300867561636	0.238189505336	0.248588453442	0.250680052738	0.236926090635	0.225882744217	0.292639208621	0.238768530927	0.179289377053	0.239298499682
MMRS62192467ST-27-0-0.snv.bam	0.32100891138	0.13810780479	0.0779323296146	0.236564776146	0.0825262268113	0.206324113445	0.0	0.320381029203	0.11251674179	0.13086881868	0.174987259217	0.239749461233	0.13283078674	0.0700056904541	0.201758672338	0.0835386320101	0.2921519899	0.156008420575	0.18004566484	0.356874336803	0.15929138699	0.13948661319	0.133445614016	0.157024677483	0.0951226726612	0.183232499872	0.339348693256	0.186617963074	0.159944522251
MMRS65945127ST-27-0-0.snv.bam	0.168633320243	0.36998021417	0.339802237691	0.225556031496	0.297811234504	0.262772167545	0.320381029203	0.0	0.336538461538	0.366537903226	0.289373139135	0.250413377061	0.271825067133	0.323449468742	0.300886872119	0.315899378399	0.15226610047	0.311454491139	0.371949141891	0.224521020854	0.316381271261	0.346459587782	0.358692396012	0.316254440569	0.330153676261	0.33449678864	0.223451513626	0.254777243874	0.318276812935
MMRS95674036ST-27-0-0.snv.bam	0.340787793586	0.158742357339	0.0840847019442	0.260704418671	0.106240294913	0.231694720995	0.11251674179	0.336538461538	0.0	0.148752187395	0.207874667356	0.268073818877	0.127753962724	0.0648148148148	0.257315861689	0.0398698523699	0.3218944414	0.202777007029	0.220984214167	0.374186595914	0.213256443291	0.161113617946	0.156576047103	0.210759855881	0.0462966663338	0.195790376092	0.361542862608	0.18725926818	0.21527359044
O2.UC19-1.snv.bam	0.326631952611	0.0580653509911	0.150857905326	0.213671429891	0.181063701703	0.249869217579	0.13086881868	0.366537903226	0.148752187395	0.0	0.169744537319	0.196089842507	0.200958453381	0.149911640169	0.147614056612	0.133443200799	0.309776065835	0.0887534864051	0.11531051091	0.35726787496	0.102635334185	0.0695250617594	0.0571006246319	0.101645312226	0.133863694264	0.0911972706452	0.366843840302	0.189911735194	0.112232017225
SAMEA3136649.snv.bam	0.303538712785	0.190812923152	0.187838683844	0.250611467599	0.187634246908	0.261114766636	0.174987259217	0.289373139135	0.207874667356	0.169744537319	0.0	0.149921075546	0.170987251893	0.183459681342	0.108055205704	0.191444577534	0.321396221307	0.121319804765	0.183128187816	0.333022440528	0.117164680895	0.170977818272	0.176195386414	0.118011474352	0.194672943029	0.130363285879	0.321194660477	0.24110792384	0.137805689022
SAMEA3136660.snv.bam	0.260426499894	0.210967258991	0.257874473544	0.204773293063	0.24187557831	0.288847632761	0.239749461233	0.250413377061	0.268073818877	0.196089842507	0.149921075546	0.0	0.224563851095	0.26355158557	0.134493446448	0.240691843876	0.30657211875	0.178288342345	0.194968554222	0.289223739621	0.161220262262	0.181620208116	0.195404107142	0.160783153765	0.252495895535	0.139220339732	0.298912082915	0.237596718798	0.176045232752
SAMEA3136677.snv.bam	0.300680492663	0.204749394529	0.105579651959	0.238920866827	0.0903861162632	0.212361204446	0.13283078674	0.271825067133	0.127753962724	0.200958453381	0.170987251893	0.224563851095	0.0	0.0995049000433	0.228084488924	0.111269140601	0.283842072365	0.204943332521	0.24653471306	0.32419167633	0.202216765914	0.191082289543	0.199790461782	0.201406398579	0.101618488175	0.221250729117	0.306104535054	0.192029631757	0.215821181256
SAMEA3136712.snv.bam	0.33642286518	0.15585613266	0.0512014776345	0.259691975802	0.0572277218236	0.199615755068	0.0700056904541	0.323449468742	0.0648148148148	0.149911640169	0.183459681342	0.26355158557	0.0995049000433	0.0	0.236173579228	0.0436287760231	0.305883006467	0.179671546038	0.215955062019	0.365849316978	0.192905688974	0.158460813222	0.153033602598	0.189672085372	0.0500353548104	0.204406175569	0.34407628319	0.196639387778	0.196660038147
SAMEA3136720.snv.bam	0.279829048342	0.178084833294	0.232238875147	0.234678660671	0.238366928461	0.267794445927	0.201758672338	0.300886872119	0.257315861689	0.147614056612	0.108055205704	0.134493446448	0.228084488924	0.236173579228	0.0	0.229333041141	0.311370857928	0.0777422344712	0.145174718257	0.308945151582	0.08439164243	0.157186126597	0.157673675744	0.0877708055368	0.242217349153	0.11496650059	0.294040320816	0.257469840611	0.0962472413577
SAMEA3136737.snv.bam	0.316774179077	0.143661690935	0.0588211605921	0.236309154047	0.0724248496596	0.202365403431	0.0835386320101	0.315899378399	0.0398698523699	0.133443200799	0.191444577534	0.240691843876	0.111269140601	0.0436287760231	0.229333041141	0.0	0.287331960415	0.183165812359	0.192941966713	0.343171922863	0.187277744395	0.139640021458	0.136682420034	0.185402939013	0.0248216651619	0.170276961754	0.331979525917	0.165104172606	0.181509671015
T2D-62A.snv.bam	0.225405863976	0.322607225359	0.321691733481	0.243004352533	0.289213467235	0.237778060955	0.2921519899	0.15226610047	0.3218944414	0.309776065835	0.321396221307	0.30657211875	0.283842072365	0.305883006467	0.311370857928	0.287331960415	0.0	0.263121763424	0.323333790926	0.24646179569	0.285229343166	0.301633473913	0.310204817916	0.284311064941	0.312881107398	0.354808753967	0.189502098066	0.239262834479	0.284208943332
T2D-66A.snv.bam	0.293932881328	0.118691630258	0.184000023622	0.21276372286	0.20520020703	0.225306168605	0.156008420575	0.311454491139	0.202777007029	0.0887534864051	0.121319804765	0.178288342345	0.204943332521	0.179671546038	0.0777422344712	0.183165812359	0.263121763424	0.0	0.0956093555911	0.326773878024	0.0468658306449	0.11977718556	0.112688573452	0.0480799407038	0.190455066386	0.140359696923	0.298667022758	0.230103362862	0.0507927914707
V1.CD12-3.snv.bam	0.340751153826	0.122673605378	0.203860892896	0.223005780995	0.233492950171	0.255237495258	0.18004566484	0.371949141891	0.220984214167	0.11531051091	0.183128187816	0.194968554222	0.24653471306	0.215955062019	0.145174718257	0.192941966713	0.323333790926	0.0956093555911	0.0	0.363705770203	0.0884739408989	0.124360011052	0.115655409907	0.0869305685094	0.207680949354	0.16151942469	0.354450670276	0.240911646248	0.113385312624
V1.CD21-0.snv.bam	0.137843594587	0.364165192555	0.370278546675	0.198391181611	0.337038416617	0.300867561636	0.356874336803	0.224521020854	0.374186595914	0.35726787496	0.333022440528	0.289223739621	0.32419167633	0.365849316978	0.308945151582	0.343171922863	0.24646179569	0.326773878024	0.363705770203	0.0	0.320253151922	0.336987915663	0.347629381189	0.319373323099	0.361282430232	0.351672934889	0.236104395827	0.278172103112	0.329024424629
V1.CD3-0-PT.snv.bam	0.289766107021	0.125501956649	0.187298052592	0.208681643955	0.206404823833	0.238189505336	0.15929138699	0.316381271261	0.213256443291	0.102635334185	0.117164680895	0.161220262262	0.202216765914	0.192905688974	0.08439164243	0.187277744395	0.285229343166	0.0468658306449	0.0884739408989	0.320253151922	0.0	0.110989586466	0.101924209647	0.0109593219547	0.193288394255	0.127244623925	0.308234895693	0.225814935248	0.0584551489129
V1.CD32-0.snv.bam	0.301467533716	0.0806340251419	0.150047030862	0.192746129464	0.162111347394	0.248588453442	0.13948661319	0.346459587782	0.161113617946	0.0695250617594	0.170977818272	0.181620208116	0.191082289543	0.158460813222	0.157186126597	0.139640021458	0.301633473913	0.11977718556	0.124360011052	0.336987915663	0.110989586466	0.0	0.017749637745	0.106846127171	0.148032685373	0.112698166048	0.349190289922	0.181442215209	0.111809225425
V1.CD32-4.snv.bam	0.314057090212	0.073686026805	0.144792876145	0.206246063773	0.173576098312	0.250680052738	0.133445614016	0.358692396012	0.156576047103	0.0571006246319	0.176195386414	0.195404107142	0.199790461782	0.153033602598	0.157673675744	0.136682420034	0.310204817916	0.112688573452	0.115655409907	0.347629381189	0.101924209647	0.017749637745	0.0	0.099264542207	0.144988830604	0.101406133357	0.358746482863	0.192760703404	0.107063048021
V1.CD4-0-PT.snv.bam	0.288091960851	0.121838877074	0.185557572242	0.205857626903	0.203321899294	0.236926090635	0.157024677483	0.316254440569	0.210759855881	0.101645312226	0.118011474352	0.160783153765	0.201406398579	0.189672085372	0.0877708055368	0.185402939013	0.284311064941	0.0480799407038	0.0869305685094	0.319373323099	0.0109593219547	0.106846127171	0.099264542207	0.0	0.190340634624	0.129574221737	0.307895517581	0.224694635507	0.0593049718031
V1.FI18.snv.bam	0.33467888997	0.144530423667	0.0591559094553	0.248422316331	0.0846735847598	0.225882744217	0.0951226726612	0.330153676261	0.0462966663338	0.133863694264	0.194672943029	0.252495895535	0.101618488175	0.0500353548104	0.242217349153	0.0248216651619	0.312881107398	0.190455066386	0.207680949354	0.361282430232	0.193288394255	0.148032685373	0.144988830604	0.190340634624	0.0	0.178364164026	0.35211520544	0.182521727755	0.202116832546
V1.FI21.snv.bam	0.322464673605	0.118331003567	0.1927252972	0.244586315779	0.220415915342	0.292639208621	0.183232499872	0.33449678864	0.195790376092	0.0911972706452	0.130363285879	0.139220339732	0.221250729117	0.204406175569	0.11496650059	0.170276961754	0.354808753967	0.140359696923	0.16151942469	0.351672934889	0.127244623925	0.112698166048	0.101406133357	0.129574221737	0.178364164026	0.0	0.360221765265	0.220806060766	0.135787286524
V1.FI23.snv.bam	0.199523053945	0.371846920941	0.360709807243	0.255049942466	0.3249984886	0.238768530927	0.339348693256	0.223451513626	0.361542862608	0.366843840302	0.321194660477	0.298912082915	0.306104535054	0.34407628319	0.294040320816	0.331979525917	0.189502098066	0.298667022758	0.354450670276	0.236104395827	0.308234895693	0.349190289922	0.358746482863	0.307895517581	0.35211520544	0.360221765265	0.0	0.289941575629	0.312322846718
V1.UC11-5.snv.bam	0.251397007104	0.203324684154	0.205501981691	0.183209781309	0.17514289624	0.179289377053	0.186617963074	0.254777243874	0.18725926818	0.189911735194	0.24110792384	0.237596718798	0.192029631757	0.196639387778	0.257469840611	0.165104172606	0.239262834479	0.230103362862	0.240911646248	0.278172103112	0.225814935248	0.181442215209	0.192760703404	0.224694635507	0.182521727755	0.220806060766	0.289941575629	0.0	0.235857688601
V1.UC38-4.snv.bam	0.290979467768	0.138153803049	0.194662005335	0.211429541519	0.210117289762	0.239298499682	0.159944522251	0.318276812935	0.21527359044	0.112232017225	0.137805689022	0.176045232752	0.215821181256	0.196660038147	0.0962472413577	0.181509671015	0.284208943332	0.0507927914707	0.113385312624	0.329024424629	0.0584551489129	0.111809225425	0.107063048021	0.0593049718031	0.202116832546	0.135787286524	0.312322846718	0.235857688601	0.0
