	158499257-stool1.snv.bam	CCIS14449628ST-4-0.snv.bam	CCIS16383318ST-4-0.snv.bam	CCIS22958137ST-20-0.snv.bam	CCIS84543192ST-4-0.snv.bam	CCMD23101338ST-21-0.snv.bam	CCMD46222674ST-21-0.snv.bam	CCMD86114146ST-21-0.snv.bam	M4.1-V3.metaG.snv.bam	M4.1-V3.metaT.snv.bam	M4.2-V2.metaG.snv.bam	M4.2-V3.metaT.snv.bam	M4.4-V1.metaG.snv.bam	MH0189.snv.bam	MH0197.snv.bam	MH0200.snv.bam	MH0222.snv.bam	MH0243.snv.bam	MH0262.snv.bam	MH0264.snv.bam	MH0276.snv.bam	MH0283.snv.bam	MH0284.snv.bam	MH0303.snv.bam	MH0357.snv.bam	MH0374.snv.bam	MH0393.snv.bam	MH0402.snv.bam	MH0414.snv.bam	MH0428.snv.bam	MH0431.snv.bam	MH0437.snv.bam	MH0450.snv.bam	NG-5636_479.snv.bam	O2.CD2-0.snv.bam	O2.UC12-1.snv.bam	O2.UC44-1.snv.bam	O2.UC44-2.snv.bam	SZEY-101A.snv.bam	V1.FI09.snv.bam	V1.FI25.snv.bam	V1.FI31.snv.bam	V1.UC58-0.snv.bam
158499257-stool1.snv.bam	0.0	0.11106414504	0.115660605371	0.107775585242	0.10667298154	0.119667400276	0.111160543551	0.12086540655	0.0925656241001	0.0994600643145	0.0962525541874	0.0991564885425	0.0940051287274	0.122339272165	0.131100294794	0.125156052469	0.125635906339	0.122581045189	0.121546855335	0.123591604811	0.132623418216	0.122981691491	0.136715433516	0.144083003496	0.103664066804	0.11692354959	0.107409868604	0.119769262524	0.113757703458	0.118772337073	0.118508601802	0.120170585833	0.130639668334	0.116880682188	0.121850173641	0.138221004367	0.124889377988	0.124355303501	0.133472493122	0.10942436202	0.120142039996	0.111572203658	0.109200886835
CCIS14449628ST-4-0.snv.bam	0.11106414504	0.0	0.100876872585	0.0865336512816	0.0838895703484	0.0899221431852	0.0790977066412	0.103726659011	0.0879954488969	0.0934033306281	0.0910408643016	0.0939898128972	0.086991823887	0.106314233176	0.113405416742	0.100580554572	0.107213428702	0.0959851898696	0.101429934257	0.103500198594	0.117105483951	0.107657783865	0.111069034401	0.106911852	0.086063552327	0.10174801691	0.0985952147541	0.096341269199	0.098062814615	0.089271595883	0.102716538173	0.108392895666	0.112546218988	0.0968920666538	0.10397592714	0.109460833725	0.111807512433	0.111803561884	0.112722991011	0.0924344975421	0.0993008170549	0.0934248877308	0.0897558286566
CCIS16383318ST-4-0.snv.bam	0.115660605371	0.100876872585	0.0	0.0992092960157	0.0992190051367	0.100297449284	0.0924387656474	0.108224486694	0.0997880333331	0.105740973744	0.103738512515	0.105487181058	0.0968034051765	0.107649734844	0.11536827811	0.106792173479	0.117257519761	0.102277072119	0.107116657989	0.0985805110415	0.113354613327	0.109951976315	0.116567272419	0.12052703855	0.093631002953	0.108837471321	0.0983645430584	0.0999881460472	0.123116902499	0.103919754738	0.106579264255	0.109686624952	0.123928987842	0.0950794369416	0.10777151211	0.12722792267	0.11624812282	0.116103602189	0.129632015285	0.0999676050628	0.110857631604	0.105317280616	0.08643170013
CCIS22958137ST-20-0.snv.bam	0.107775585242	0.0865336512816	0.0992092960157	0.0	0.0913669016844	0.0936225768452	0.0912388173762	0.109447980055	0.0886197424216	0.0922372119304	0.0917169998484	0.0930700807739	0.0867736322727	0.110902339675	0.108217205967	0.103627391197	0.107853858555	0.10380741809	0.0912517271907	0.0993819585767	0.118340687735	0.104841387316	0.113086355552	0.114840043561	0.0894431304761	0.106670858269	0.0969181877332	0.109901123576	0.105269703465	0.100623529804	0.106220156622	0.101616272114	0.124062989407	0.0969691713651	0.109904531443	0.123861966794	0.112961465288	0.113102569302	0.117338616448	0.100410641914	0.105462379579	0.097085925567	0.084120929516
CCIS84543192ST-4-0.snv.bam	0.10667298154	0.0838895703484	0.0992190051367	0.0913669016844	0.0	0.0888460325957	0.0834566133008	0.0832597878377	0.0925741573634	0.097004816368	0.0968208662774	0.0976250224496	0.0913712855954	0.0962325647188	0.100401449938	0.0943974908502	0.102480339401	0.0955234818261	0.0980920606076	0.0942237498671	0.116389237949	0.0945047816434	0.112682974921	0.111629485782	0.0820010494037	0.0955158419889	0.0782848773459	0.108865203464	0.100411742923	0.0863564055904	0.0841225528893	0.0956347036316	0.113229625765	0.0860968305539	0.105131609595	0.106590442062	0.10550278812	0.105376247156	0.103824159797	0.0900496303497	0.102598513711	0.0965288400239	0.082609658143
CCMD23101338ST-21-0.snv.bam	0.119667400276	0.0899221431852	0.100297449284	0.0936225768452	0.0888460325957	0.0	0.0878530237332	0.101218647968	0.0914877933602	0.0958336230257	0.0942630018129	0.0971561281254	0.0888365992087	0.102997493479	0.117128726518	0.107517366566	0.116794752573	0.0998725448975	0.103623177372	0.0970573518231	0.121369502475	0.101990068605	0.112376164222	0.108429810217	0.0837278006776	0.0997180991101	0.10496088574	0.105707836876	0.112770139007	0.0989165164476	0.101845602024	0.102766668074	0.121617367875	0.0984852002059	0.107364813391	0.126097280548	0.114793265431	0.115506936564	0.123865874832	0.0965093004169	0.115768606678	0.0983337382014	0.0938127588222
CCMD46222674ST-21-0.snv.bam	0.111160543551	0.0790977066412	0.0924387656474	0.0912388173762	0.0834566133008	0.0878530237332	0.0	0.0954456028576	0.0874321622394	0.094333061479	0.0919908993562	0.0939140821581	0.0848773448773	0.0952039186642	0.109372735577	0.0985821429781	0.111743726508	0.0968273233298	0.0986687116184	0.0920200128477	0.114539020995	0.0966424277529	0.105510133974	0.101831731991	0.0868718263643	0.0991030739251	0.0922248524203	0.0961140647482	0.100082872042	0.0902307526366	0.092608360256	0.099946815817	0.113492155254	0.094788881486	0.103283325026	0.120130421225	0.107819798714	0.107774090667	0.115371710206	0.0892532101419	0.106023619424	0.095056787112	0.0797016263325
CCMD86114146ST-21-0.snv.bam	0.12086540655	0.103726659011	0.108224486694	0.109447980055	0.0832597878377	0.101218647968	0.0954456028576	0.0	0.0992785317265	0.102994731629	0.101518927319	0.102680720021	0.0945796386548	0.102331300151	0.118715163506	0.113164147957	0.119223836611	0.106378304079	0.108075220395	0.0998918636932	0.128249693827	0.113661292122	0.121577933162	0.125760856823	0.0991392956676	0.105888065753	0.0949700900189	0.109356123591	0.11970125954	0.10849155835	0.0990559102261	0.10748445185	0.126805797155	0.100724725109	0.115886399596	0.129566161242	0.105829360114	0.104003466076	0.129884536298	0.103253457569	0.113163825151	0.109978934669	0.0944345453818
M4.1-V3.metaG.snv.bam	0.0925656241001	0.0879954488969	0.0997880333331	0.0886197424216	0.0925741573634	0.0914877933602	0.0874321622394	0.0992785317265	0.0	0.000222620031191	5.76663578313e-05	8.97587739925e-05	0.0	0.106827123672	0.110670233896	0.099894339519	0.107191389262	0.0903041266753	0.0972793089295	0.0995333531911	0.110732414623	0.104299765196	0.118802451485	0.117154129918	0.0827659861582	0.102502066113	0.0924781435619	0.0840858272781	0.0981954676074	0.0963812209782	0.0989136299686	0.0971696963574	0.109939395911	0.0995912128687	0.0962859738166	0.112735242528	0.103915500201	0.104041159133	0.120363996402	0.0962443883597	0.0978433728258	0.0971090591782	0.0866326976396
M4.1-V3.metaT.snv.bam	0.0994600643145	0.0934033306281	0.105740973744	0.0922372119304	0.097004816368	0.0958336230257	0.094333061479	0.102994731629	0.000222620031191	0.0	0.000275922813917	0.000224485377206	0.000224917056448	0.113236252005	0.115412242228	0.106091253741	0.11190790918	0.097241150785	0.102663191869	0.105346916419	0.113866216839	0.111067358928	0.1238377038	0.122388218293	0.0882405168085	0.108238857301	0.0988196622188	0.0894657411824	0.107145774199	0.102140700928	0.104176803318	0.104629009904	0.114506202348	0.103080922601	0.102524448348	0.117771641272	0.110393527994	0.111330395607	0.122121179375	0.10118765578	0.103558811618	0.102808412168	0.0928717540742
M4.2-V2.metaG.snv.bam	0.0962525541874	0.0910408643016	0.103738512515	0.0917169998484	0.0968208662774	0.0942630018129	0.0919908993562	0.101518927319	5.76663578313e-05	0.000275922813917	0.0	0.000145036874629	5.81107047666e-05	0.110607383277	0.114170114799	0.103410259293	0.111491591747	0.0949379750704	0.101193563506	0.104063041138	0.111828992178	0.108937706698	0.122831452092	0.121274934033	0.086504054254	0.105933177967	0.0973326120952	0.0862954539322	0.103005242148	0.0999380909985	0.102744495989	0.101585770173	0.11335780208	0.102469272158	0.100592626618	0.116849960643	0.108305809048	0.109207479133	0.121859342641	0.099785933827	0.10231065346	0.100645743583	0.089665095864
M4.2-V3.metaT.snv.bam	0.0991564885425	0.0939898128972	0.105487181058	0.0930700807739	0.0976250224496	0.0971561281254	0.0939140821581	0.102680720021	8.97587739925e-05	0.000224485377206	0.000145036874629	0.0	9.06825349598e-05	0.113255306544	0.115869004686	0.106069933439	0.114062850797	0.0976981433255	0.103180469569	0.105829553612	0.114326790219	0.111475719781	0.124314511069	0.122789789244	0.0889718619909	0.10870589005	0.0993762669934	0.0891426724565	0.107477222971	0.102645233451	0.104644410658	0.104299354068	0.114190264781	0.104453311267	0.102585146693	0.117511308194	0.110829695537	0.111766765968	0.123354231197	0.101056758923	0.103305255852	0.103275780806	0.0925132959583
M4.4-V1.metaG.snv.bam	0.0940051287274	0.086991823887	0.0968034051765	0.0867736322727	0.0913712855954	0.0888365992087	0.0848773448773	0.0945796386548	0.0	0.000224917056448	5.81107047666e-05	9.06825349598e-05	0.0	0.104503949836	0.109115289514	0.0966031984578	0.104808857805	0.0894888682412	0.0943036077679	0.0971063637779	0.10763407692	0.101868331552	0.115729045997	0.114886515896	0.0804171244285	0.0998072487704	0.0897591762267	0.0812131722254	0.0990237330324	0.0938984094715	0.0961345617557	0.0946706102518	0.108455964976	0.0969721897321	0.0948478747813	0.110859329167	0.103286284827	0.103386537103	0.117298796364	0.093021868375	0.0971157256663	0.0946716634002	0.0831185826189
MH0189.snv.bam	0.122339272165	0.106314233176	0.107649734844	0.110902339675	0.0962325647188	0.102997493479	0.0952039186642	0.102331300151	0.106827123672	0.113236252005	0.110607383277	0.113255306544	0.104503949836	0.0	0.121289315344	0.10176301643	0.122092045439	0.101219690183	0.118851331599	0.0960171461244	0.115697213618	0.108850517346	0.125033077879	0.11730935818	0.102208419182	0.105957420937	0.105776796135	0.110142398364	0.122241511314	0.100688639994	0.103004012472	0.104573936288	0.120411559644	0.0990584336673	0.115701095989	0.135321268876	0.117278079314	0.117057215893	0.12568956573	0.108212828577	0.119119591021	0.116067825992	0.0977368819708
MH0197.snv.bam	0.131100294794	0.113405416742	0.11536827811	0.108217205967	0.100401449938	0.117128726518	0.109372735577	0.118715163506	0.110670233896	0.115412242228	0.114170114799	0.115869004686	0.109115289514	0.121289315344	0.0	0.111065884074	0.124625603196	0.123674692082	0.122726089599	0.122914751868	0.133556439403	0.120930879995	0.129648737542	0.13135744441	0.108260380182	0.121651651765	0.1154667102	0.117542519416	0.129710244919	0.111096351834	0.114988149179	0.117826375909	0.132055722283	0.0673998168776	0.125177860645	0.136995961793	0.13223910535	0.132233256599	0.12978655462	0.108113191137	0.128212489122	0.127058261767	0.0960674207185
MH0200.snv.bam	0.125156052469	0.100580554572	0.106792173479	0.103627391197	0.0943974908502	0.107517366566	0.0985821429781	0.113164147957	0.099894339519	0.106091253741	0.103410259293	0.106069933439	0.0966031984578	0.10176301643	0.111065884074	0.0	0.119946361182	0.106472937358	0.11933051414	0.103924376515	0.118969971235	0.106709244078	0.123086390672	0.114161278049	0.0994020519398	0.108587854313	0.105158740048	0.111795897306	0.116849176292	0.0998577294836	0.107320554734	0.107726914809	0.122160719073	0.0954784965166	0.106179439859	0.11928490776	0.116429012668	0.117392085474	0.126709605793	0.103817780829	0.108162012861	0.111314922362	0.0902556854746
MH0222.snv.bam	0.125635906339	0.107213428702	0.117257519761	0.107853858555	0.102480339401	0.116794752573	0.111743726508	0.119223836611	0.107191389262	0.11190790918	0.111491591747	0.114062850797	0.104808857805	0.122092045439	0.124625603196	0.119946361182	0.0	0.121191362263	0.106829237673	0.117013315302	0.138526720047	0.13145158483	0.130655576082	0.132838101251	0.100581555665	0.119424132223	0.106561188466	0.115241675814	0.121215175354	0.11458162594	0.119705081652	0.115168104846	0.131394571721	0.107364444556	0.128699571667	0.141720106785	0.13813105834	0.138221907381	0.132404714726	0.118166361108	0.12047963394	0.108472679972	0.102464216677
MH0243.snv.bam	0.122581045189	0.0959851898696	0.102277072119	0.10380741809	0.0955234818261	0.0998725448975	0.0968273233298	0.106378304079	0.0903041266753	0.097241150785	0.0949379750704	0.0976981433255	0.0894888682412	0.101219690183	0.123674692082	0.106472937358	0.121191362263	0.0	0.107693178377	0.10070810271	0.118661393572	0.104646601104	0.127291021792	0.117063558402	0.100664058733	0.108113051285	0.0964457858155	0.107926749602	0.112732694552	0.10476472194	0.110608714467	0.109702183303	0.121691951352	0.105226994463	0.112399260897	0.121253105347	0.116920015171	0.11681666784	0.122209932706	0.104168592954	0.106176347024	0.113336612706	0.0933141110526
MH0262.snv.bam	0.121546855335	0.101429934257	0.107116657989	0.0912517271907	0.0980920606076	0.103623177372	0.0986687116184	0.108075220395	0.0972793089295	0.102663191869	0.101193563506	0.103180469569	0.0943036077679	0.118851331599	0.122726089599	0.11933051414	0.106829237673	0.107693178377	0.0	0.105107322683	0.128358103124	0.118645347393	0.122966172874	0.116685172439	0.0954321677937	0.102396152764	0.0898700647568	0.0992971181031	0.112296520277	0.107068611859	0.105749338117	0.10882379247	0.122796540241	0.106723074475	0.114974011152	0.118319168386	0.114487709041	0.114410294217	0.11991363192	0.110657372989	0.106903536776	0.0998903535018	0.0890956215595
MH0264.snv.bam	0.123591604811	0.103500198594	0.0985805110415	0.0993819585767	0.0942237498671	0.0970573518231	0.0920200128477	0.0998918636932	0.0995333531911	0.105346916419	0.104063041138	0.105829553612	0.0971063637779	0.0960171461244	0.122914751868	0.103924376515	0.117013315302	0.10070810271	0.105107322683	0.0	0.111745784512	0.114133585361	0.116553920892	0.116524424152	0.0998984366304	0.106232785058	0.100959154462	0.103263799416	0.116109164024	0.101346537185	0.103961993892	0.0948480112318	0.126009390427	0.0948136858029	0.106220407708	0.120077323049	0.111283763626	0.111202538183	0.121873204383	0.10030504398	0.115831122764	0.108190720191	0.0928080227965
MH0276.snv.bam	0.132623418216	0.117105483951	0.113354613327	0.118340687735	0.116389237949	0.121369502475	0.114539020995	0.128249693827	0.110732414623	0.113866216839	0.111828992178	0.114326790219	0.10763407692	0.115697213618	0.133556439403	0.118969971235	0.138526720047	0.118661393572	0.128358103124	0.111745784512	0.0	0.125505071412	0.138077921863	0.13350769762	0.114967333549	0.126879551928	0.125069722762	0.125909130439	0.134795053013	0.124939005823	0.125755035992	0.117522373866	0.137547993172	0.116676480817	0.132407817616	0.143756023463	0.13291295775	0.133261406908	0.143469619441	0.109842018107	0.130194477944	0.128995258191	0.106635643176
MH0283.snv.bam	0.122981691491	0.107657783865	0.109951976315	0.104841387316	0.0945047816434	0.101990068605	0.0966424277529	0.113661292122	0.104299765196	0.111067358928	0.108937706698	0.111475719781	0.101868331552	0.108850517346	0.120930879995	0.106709244078	0.13145158483	0.104646601104	0.118645347393	0.114133585361	0.125505071412	0.0	0.128259704488	0.119567202517	0.0990218930055	0.110723984549	0.104754157305	0.115836421509	0.123075954083	0.109432784585	0.10844254195	0.110665932205	0.131247281671	0.105439236393	0.11444218966	0.133150546339	0.117247338544	0.117281996205	0.122726530668	0.10678422452	0.117374139647	0.116454764185	0.105982274768
MH0284.snv.bam	0.136715433516	0.111069034401	0.116567272419	0.113086355552	0.112682974921	0.112376164222	0.105510133974	0.121577933162	0.118802451485	0.1238377038	0.122831452092	0.124314511069	0.115729045997	0.125033077879	0.129648737542	0.123086390672	0.130655576082	0.127291021792	0.122966172874	0.116553920892	0.138077921863	0.128259704488	0.0	0.130050730392	0.111325690433	0.117577290429	0.117958536155	0.118053431142	0.10896068818	0.109925944662	0.126569603001	0.120424153472	0.133957865663	0.118375103164	0.112795088212	0.129415504593	0.128160669461	0.128905627798	0.137428237991	0.105949798675	0.136987132345	0.117234452975	0.111678865015
MH0303.snv.bam	0.144083003496	0.106911852	0.12052703855	0.114840043561	0.111629485782	0.108429810217	0.101831731991	0.125760856823	0.117154129918	0.122388218293	0.121274934033	0.122789789244	0.114886515896	0.11730935818	0.13135744441	0.114161278049	0.132838101251	0.117063558402	0.116685172439	0.116524424152	0.13350769762	0.119567202517	0.130050730392	0.0	0.114000436995	0.128789616247	0.107642416522	0.123432157987	0.124922421977	0.108465129948	0.117341528287	0.117196061897	0.137711812457	0.114765230888	0.123902233714	0.145588673954	0.130181395487	0.128371186708	0.139382851925	0.114130757713	0.119475087744	0.124198515629	0.101632049682
MH0357.snv.bam	0.103664066804	0.086063552327	0.093631002953	0.0894431304761	0.0820010494037	0.0837278006776	0.0868718263643	0.0991392956676	0.0827659861582	0.0882405168085	0.086504054254	0.0889718619909	0.0804171244285	0.102208419182	0.108260380182	0.0994020519398	0.100581555665	0.100664058733	0.0954321677937	0.0998984366304	0.114967333549	0.0990218930055	0.111325690433	0.114000436995	0.0	0.0900987343374	0.0914570761398	0.0984543048696	0.102561349384	0.0919922378705	0.0964402771591	0.0944968397374	0.111821065496	0.090467348513	0.0949230916608	0.11326751895	0.113696847951	0.113114444246	0.119557851822	0.0788938401167	0.104397669484	0.0678736728819	0.0882461193855
MH0374.snv.bam	0.11692354959	0.10174801691	0.108837471321	0.106670858269	0.0955158419889	0.0997180991101	0.0991030739251	0.105888065753	0.102502066113	0.108238857301	0.105933177967	0.10870589005	0.0998072487704	0.105957420937	0.121651651765	0.108587854313	0.119424132223	0.108113051285	0.102396152764	0.106232785058	0.126879551928	0.110723984549	0.117577290429	0.128789616247	0.0900987343374	0.0	0.10410933415	0.111791142944	0.113223947077	0.104863403787	0.106772469383	0.108178686144	0.134643746017	0.104180991696	0.104580364678	0.128377962282	0.107978946014	0.10733329746	0.12331187641	0.102514101942	0.113066836843	0.0896893846644	0.0901051772115
MH0393.snv.bam	0.107409868604	0.0985952147541	0.0983645430584	0.0969181877332	0.0782848773459	0.10496088574	0.0922248524203	0.0949700900189	0.0924781435619	0.0988196622188	0.0973326120952	0.0993762669934	0.0897591762267	0.105776796135	0.1154667102	0.105158740048	0.106561188466	0.0964457858155	0.0898700647568	0.100959154462	0.125069722762	0.104754157305	0.117958536155	0.107642416522	0.0914570761398	0.10410933415	0.0	0.101900514969	0.110939912792	0.105079693104	0.0960151389978	0.106116247729	0.12677002345	0.0936035565386	0.107837013268	0.125803465457	0.114243914176	0.112842304785	0.123396100855	0.0987851810991	0.102542535741	0.0998239086632	0.0934897278147
MH0402.snv.bam	0.119769262524	0.096341269199	0.0999881460472	0.109901123576	0.108865203464	0.105707836876	0.0961140647482	0.109356123591	0.0840858272781	0.0894657411824	0.0862954539322	0.0891426724565	0.0812131722254	0.110142398364	0.117542519416	0.111795897306	0.115241675814	0.107926749602	0.0992971181031	0.103263799416	0.125909130439	0.115836421509	0.118053431142	0.123432157987	0.0984543048696	0.111791142944	0.101900514969	0.0	0.110620322801	0.100803683629	0.11004461449	0.113554203252	0.116034985777	0.102549278078	0.112638297172	0.121027047028	0.126422007511	0.126344721788	0.117892554259	0.110073989779	0.107974764217	0.10575495057	0.090851732414
MH0414.snv.bam	0.113757703458	0.098062814615	0.123116902499	0.105269703465	0.100411742923	0.112770139007	0.100082872042	0.11970125954	0.0981954676074	0.107145774199	0.103005242148	0.107477222971	0.0990237330324	0.122241511314	0.129710244919	0.116849176292	0.121215175354	0.112732694552	0.112296520277	0.116109164024	0.134795053013	0.123075954083	0.10896068818	0.124922421977	0.102561349384	0.113223947077	0.110939912792	0.110620322801	0.0	0.100868081782	0.121511532421	0.111731712814	0.143657628264	0.110623955885	0.118822277312	0.126134118016	0.135168951842	0.135584996407	0.127292650289	0.108860757416	0.122389634057	0.108799797237	0.104797059545
MH0428.snv.bam	0.118772337073	0.089271595883	0.103919754738	0.100623529804	0.0863564055904	0.0989165164476	0.0902307526366	0.10849155835	0.0963812209782	0.102140700928	0.0999380909985	0.102645233451	0.0938984094715	0.100688639994	0.111096351834	0.0998577294836	0.11458162594	0.10476472194	0.107068611859	0.101346537185	0.124939005823	0.109432784585	0.109925944662	0.108465129948	0.0919922378705	0.104863403787	0.105079693104	0.100803683629	0.100868081782	0.0	0.099269639028	0.100226524816	0.124039685148	0.095211902007	0.111605944281	0.119878305037	0.120535041673	0.120793361314	0.123344608677	0.0944195806005	0.112304263953	0.100525459602	0.0864024462336
MH0431.snv.bam	0.118508601802	0.102716538173	0.106579264255	0.106220156622	0.0841225528893	0.101845602024	0.092608360256	0.0990559102261	0.0989136299686	0.104176803318	0.102744495989	0.104644410658	0.0961345617557	0.103004012472	0.114988149179	0.107320554734	0.119705081652	0.110608714467	0.105749338117	0.103961993892	0.125755035992	0.10844254195	0.126569603001	0.117341528287	0.0964402771591	0.106772469383	0.0960151389978	0.11004461449	0.121511532421	0.099269639028	0.0	0.107042396725	0.121230543642	0.0988701137617	0.115047342722	0.128059711963	0.0971013674957	0.0969868870296	0.12672444667	0.0987065896167	0.111723716072	0.106712790395	0.0950433290867
MH0437.snv.bam	0.120170585833	0.108392895666	0.109686624952	0.101616272114	0.0956347036316	0.102766668074	0.099946815817	0.10748445185	0.0971696963574	0.104629009904	0.101585770173	0.104299354068	0.0946706102518	0.104573936288	0.117826375909	0.107726914809	0.115168104846	0.109702183303	0.10882379247	0.0948480112318	0.117522373866	0.110665932205	0.120424153472	0.117196061897	0.0944968397374	0.108178686144	0.106116247729	0.113554203252	0.111731712814	0.100226524816	0.107042396725	0.0	0.125921802189	0.0972618336987	0.111905590542	0.123973540636	0.117813042075	0.117662492005	0.126763827398	0.0993425026739	0.110632184245	0.105408612186	0.09378011819
MH0450.snv.bam	0.130639668334	0.112546218988	0.123928987842	0.124062989407	0.113229625765	0.121617367875	0.113492155254	0.126805797155	0.109939395911	0.114506202348	0.11335780208	0.114190264781	0.108455964976	0.120411559644	0.132055722283	0.122160719073	0.131394571721	0.121691951352	0.122796540241	0.126009390427	0.137547993172	0.131247281671	0.133957865663	0.137711812457	0.111821065496	0.134643746017	0.12677002345	0.116034985777	0.143657628264	0.124039685148	0.121230543642	0.125921802189	0.0	0.119663392453	0.132964696076	0.147911231765	0.135156373517	0.135913924689	0.138470022311	0.11394663222	0.132927490906	0.130582565551	0.114720781657
NG-5636_479.snv.bam	0.116880682188	0.0968920666538	0.0950794369416	0.0969691713651	0.0860968305539	0.0984852002059	0.094788881486	0.100724725109	0.0995912128687	0.103080922601	0.102469272158	0.104453311267	0.0969721897321	0.0990584336673	0.0673998168776	0.0954784965166	0.107364444556	0.105226994463	0.106723074475	0.0948136858029	0.116676480817	0.105439236393	0.118375103164	0.114765230888	0.090467348513	0.104180991696	0.0936035565386	0.102549278078	0.110623955885	0.095211902007	0.0988701137617	0.0972618336987	0.119663392453	0.0	0.10833270694	0.121007591612	0.114576450097	0.115218458569	0.117445727347	0.0998894846746	0.111629776147	0.106297237691	0.0827870884575
O2.CD2-0.snv.bam	0.121850173641	0.10397592714	0.10777151211	0.109904531443	0.105131609595	0.107364813391	0.103283325026	0.115886399596	0.0962859738166	0.102524448348	0.100592626618	0.102585146693	0.0948478747813	0.115701095989	0.125177860645	0.106179439859	0.128699571667	0.112399260897	0.114974011152	0.106220407708	0.132407817616	0.11444218966	0.112795088212	0.123902233714	0.0949230916608	0.104580364678	0.107837013268	0.112638297172	0.118822277312	0.111605944281	0.115047342722	0.111905590542	0.132964696076	0.10833270694	0.0	0.126171301521	0.122035330151	0.121691285387	0.124207576919	0.0999729901677	0.11267225013	0.107804555064	0.0974358050613
O2.UC12-1.snv.bam	0.138221004367	0.109460833725	0.12722792267	0.123861966794	0.106590442062	0.126097280548	0.120130421225	0.129566161242	0.112735242528	0.117771641272	0.116849960643	0.117511308194	0.110859329167	0.135321268876	0.136995961793	0.11928490776	0.141720106785	0.121253105347	0.118319168386	0.120077323049	0.143756023463	0.133150546339	0.129415504593	0.145588673954	0.11326751895	0.128377962282	0.125803465457	0.121027047028	0.126134118016	0.119878305037	0.128059711963	0.123973540636	0.147911231765	0.121007591612	0.126171301521	0.0	0.149103257746	0.149304057229	0.141208486452	0.116280136625	0.127015009907	0.133465700947	0.120105612853
O2.UC44-1.snv.bam	0.124889377988	0.111807512433	0.11624812282	0.112961465288	0.10550278812	0.114793265431	0.107819798714	0.105829360114	0.103915500201	0.110393527994	0.108305809048	0.110829695537	0.103286284827	0.117278079314	0.13223910535	0.116429012668	0.13813105834	0.116920015171	0.114487709041	0.111283763626	0.13291295775	0.117247338544	0.128160669461	0.130181395487	0.113696847951	0.107978946014	0.114243914176	0.126422007511	0.135168951842	0.120535041673	0.0971013674957	0.117813042075	0.135156373517	0.114576450097	0.122035330151	0.149103257746	0.0	0.00146727853169	0.139089352036	0.11799348505	0.118886849653	0.126115585297	0.10647805135
O2.UC44-2.snv.bam	0.124355303501	0.111803561884	0.116103602189	0.113102569302	0.105376247156	0.115506936564	0.107774090667	0.104003466076	0.104041159133	0.111330395607	0.109207479133	0.111766765968	0.103386537103	0.117057215893	0.132233256599	0.117392085474	0.138221907381	0.11681666784	0.114410294217	0.111202538183	0.133261406908	0.117281996205	0.128905627798	0.128371186708	0.113114444246	0.10733329746	0.112842304785	0.126344721788	0.135584996407	0.120793361314	0.0969868870296	0.117662492005	0.135913924689	0.115218458569	0.121691285387	0.149304057229	0.00146727853169	0.0	0.137527184236	0.118035234689	0.118279658562	0.125425555329	0.106175231716
SZEY-101A.snv.bam	0.133472493122	0.112722991011	0.129632015285	0.117338616448	0.103824159797	0.123865874832	0.115371710206	0.129884536298	0.120363996402	0.122121179375	0.121859342641	0.123354231197	0.117298796364	0.12568956573	0.12978655462	0.126709605793	0.132404714726	0.122209932706	0.11991363192	0.121873204383	0.143469619441	0.122726530668	0.137428237991	0.139382851925	0.119557851822	0.12331187641	0.123396100855	0.117892554259	0.127292650289	0.123344608677	0.12672444667	0.126763827398	0.138470022311	0.117445727347	0.124207576919	0.141208486452	0.139089352036	0.137527184236	0.0	0.121017838383	0.134146569842	0.13031797248	0.108590905431
V1.FI09.snv.bam	0.10942436202	0.0924344975421	0.0999676050628	0.100410641914	0.0900496303497	0.0965093004169	0.0892532101419	0.103253457569	0.0962443883597	0.10118765578	0.099785933827	0.101056758923	0.093021868375	0.108212828577	0.108113191137	0.103817780829	0.118166361108	0.104168592954	0.110657372989	0.10030504398	0.109842018107	0.10678422452	0.105949798675	0.114130757713	0.0788938401167	0.102514101942	0.0987851810991	0.110073989779	0.108860757416	0.0944195806005	0.0987065896167	0.0993425026739	0.11394663222	0.0998894846746	0.0999729901677	0.116280136625	0.11799348505	0.118035234689	0.121017838383	0.0	0.111516410654	0.0963020278501	0.089677196294
V1.FI25.snv.bam	0.120142039996	0.0993008170549	0.110857631604	0.105462379579	0.102598513711	0.115768606678	0.106023619424	0.113163825151	0.0978433728258	0.103558811618	0.10231065346	0.103305255852	0.0971157256663	0.119119591021	0.128212489122	0.108162012861	0.12047963394	0.106176347024	0.106903536776	0.115831122764	0.130194477944	0.117374139647	0.136987132345	0.119475087744	0.104397669484	0.113066836843	0.102542535741	0.107974764217	0.122389634057	0.112304263953	0.111723716072	0.110632184245	0.132927490906	0.111629776147	0.11267225013	0.127015009907	0.118886849653	0.118279658562	0.134146569842	0.111516410654	0.0	0.114629513982	0.104618933589
V1.FI31.snv.bam	0.111572203658	0.0934248877308	0.105317280616	0.097085925567	0.0965288400239	0.0983337382014	0.095056787112	0.109978934669	0.0971090591782	0.102808412168	0.100645743583	0.103275780806	0.0946716634002	0.116067825992	0.127058261767	0.111314922362	0.108472679972	0.113336612706	0.0998903535018	0.108190720191	0.128995258191	0.116454764185	0.117234452975	0.124198515629	0.0678736728819	0.0896893846644	0.0998239086632	0.10575495057	0.108799797237	0.100525459602	0.106712790395	0.105408612186	0.130582565551	0.106297237691	0.107804555064	0.133465700947	0.126115585297	0.125425555329	0.13031797248	0.0963020278501	0.114629513982	0.0	0.0963035504917
V1.UC58-0.snv.bam	0.109200886835	0.0897558286566	0.08643170013	0.084120929516	0.082609658143	0.0938127588222	0.0797016263325	0.0944345453818	0.0866326976396	0.0928717540742	0.089665095864	0.0925132959583	0.0831185826189	0.0977368819708	0.0960674207185	0.0902556854746	0.102464216677	0.0933141110526	0.0890956215595	0.0928080227965	0.106635643176	0.105982274768	0.111678865015	0.101632049682	0.0882461193855	0.0901051772115	0.0934897278147	0.090851732414	0.104797059545	0.0864024462336	0.0950433290867	0.09378011819	0.114720781657	0.0827870884575	0.0974358050613	0.120105612853	0.10647805135	0.106175231716	0.108590905431	0.089677196294	0.104618933589	0.0963035504917	0.0
