	CCIS38765456ST-20-0.snv.bam	M2.1-V1.metaG.snv.bam	M2.1-V1.metaT.snv.bam	M2.1-V2.metaG.snv.bam	M2.1-V2.metaT.snv.bam	M2.1-V3.metaG.snv.bam	M2.1-V3.metaT.snv.bam	M2.4-V1.metaG.snv.bam	M2.4-V1.metaT.snv.bam	M2.4-V2.metaG.snv.bam	M2.4-V2.metaT.snv.bam	M2.4-V3.metaG.snv.bam	MH0265.snv.bam	MH0288.snv.bam	MH0429.snv.bam	MH0438.snv.bam	MH0440.snv.bam	MMRS79893829ST-27-0-0.snv.bam	T2D-59A.snv.bam	V1.CD19-0.snv.bam	V1.FI02.snv.bam	V1.UC50-1.snv.bam	halbarad-11-0-0.snv.bam	halbarad-11-2-0.snv.bam	halbarad-11-392-0.snv.bam	halbarad-11-7-0.snv.bam	halbarad-12-7-0.snv.bam	halbarad-13-7-0.snv.bam
CCIS38765456ST-20-0.snv.bam	0.0	0.267806267806	0.270655270655	0.276353276353	0.270655270655	0.279202279202	0.279202279202	0.282051282051	0.250712250712	0.282051282051	0.282051282051	0.282051282051	0.236467236467	0.19943019943	0.222222222222	0.247863247863	0.31339031339	0.282051282051	0.307692307692	0.222222222222	0.34188034188	0.219373219373	0.330484330484	0.330484330484	0.316239316239	0.333333333333	0.333333333333	0.333333333333
M2.1-V1.metaG.snv.bam	0.267806267806	0.0	0.0	0.0	0.0	0.0	0.0	0.002849002849	0.002849002849	0.002849002849	0.002849002849	0.002849002849	0.239316239316	0.242165242165	0.202279202279	0.19943019943	0.330484330484	0.327635327635	0.321937321937	0.22792022792	0.347578347578	0.250712250712	0.290598290598	0.290598290598	0.279202279202	0.293447293447	0.293447293447	0.293447293447
M2.1-V1.metaT.snv.bam	0.270655270655	0.0	0.0	0.0	0.0	0.0	0.0	0.002849002849	0.002849002849	0.002849002849	0.002849002849	0.002849002849	0.247863247863	0.250712250712	0.210826210826	0.207977207977	0.327635327635	0.336182336182	0.327635327635	0.230769230769	0.353276353276	0.262108262108	0.299145299145	0.299145299145	0.287749287749	0.301994301994	0.301994301994	0.301994301994
M2.1-V2.metaG.snv.bam	0.276353276353	0.0	0.0	0.0	0.0	0.0	0.0	0.002849002849	0.002849002849	0.002849002849	0.002849002849	0.002849002849	0.250712250712	0.250712250712	0.213675213675	0.210826210826	0.333333333333	0.34188034188	0.333333333333	0.233618233618	0.358974358974	0.264957264957	0.301994301994	0.301994301994	0.290598290598	0.304843304843	0.304843304843	0.304843304843
M2.1-V2.metaT.snv.bam	0.270655270655	0.0	0.0	0.0	0.0	0.0	0.0	0.002849002849	0.002849002849	0.002849002849	0.002849002849	0.002849002849	0.250712250712	0.245014245014	0.213675213675	0.210826210826	0.327635327635	0.336182336182	0.333333333333	0.230769230769	0.358974358974	0.262108262108	0.296296296296	0.296296296296	0.2849002849	0.299145299145	0.299145299145	0.299145299145
M2.1-V3.metaG.snv.bam	0.279202279202	0.0	0.0	0.0	0.0	0.0	0.0	0.002849002849	0.002849002849	0.002849002849	0.002849002849	0.002849002849	0.253561253561	0.253561253561	0.213675213675	0.213675213675	0.336182336182	0.34188034188	0.333333333333	0.236467236467	0.358974358974	0.264957264957	0.301994301994	0.301994301994	0.290598290598	0.304843304843	0.304843304843	0.304843304843
M2.1-V3.metaT.snv.bam	0.279202279202	0.0	0.0	0.0	0.0	0.0	0.0	0.002849002849	0.002849002849	0.002849002849	0.002849002849	0.002849002849	0.253561253561	0.253561253561	0.216524216524	0.213675213675	0.336182336182	0.344729344729	0.336182336182	0.236467236467	0.361823361823	0.264957264957	0.304843304843	0.304843304843	0.293447293447	0.307692307692	0.307692307692	0.307692307692
M2.4-V1.metaG.snv.bam	0.282051282051	0.002849002849	0.002849002849	0.002849002849	0.002849002849	0.002849002849	0.002849002849	0.0	0.0	0.0	0.0	0.0	0.25641025641	0.25641025641	0.219373219373	0.216524216524	0.339031339031	0.347578347578	0.339031339031	0.239316239316	0.364672364672	0.267806267806	0.307692307692	0.307692307692	0.296296296296	0.310541310541	0.310541310541	0.310541310541
M2.4-V1.metaT.snv.bam	0.250712250712	0.002849002849	0.002849002849	0.002849002849	0.002849002849	0.002849002849	0.002849002849	0.0	0.0	0.0	0.0	0.0	0.233618233618	0.233618233618	0.19943019943	0.205128205128	0.319088319088	0.316239316239	0.319088319088	0.222222222222	0.34188034188	0.253561253561	0.273504273504	0.276353276353	0.262108262108	0.276353276353	0.276353276353	0.276353276353
M2.4-V2.metaG.snv.bam	0.282051282051	0.002849002849	0.002849002849	0.002849002849	0.002849002849	0.002849002849	0.002849002849	0.0	0.0	0.0	0.0	0.0	0.25641025641	0.25641025641	0.219373219373	0.216524216524	0.339031339031	0.347578347578	0.339031339031	0.239316239316	0.364672364672	0.267806267806	0.307692307692	0.307692307692	0.296296296296	0.310541310541	0.310541310541	0.310541310541
M2.4-V2.metaT.snv.bam	0.282051282051	0.002849002849	0.002849002849	0.002849002849	0.002849002849	0.002849002849	0.002849002849	0.0	0.0	0.0	0.0	0.0	0.25641025641	0.25641025641	0.219373219373	0.216524216524	0.339031339031	0.347578347578	0.339031339031	0.239316239316	0.364672364672	0.267806267806	0.307692307692	0.307692307692	0.296296296296	0.310541310541	0.310541310541	0.310541310541
M2.4-V3.metaG.snv.bam	0.282051282051	0.002849002849	0.002849002849	0.002849002849	0.002849002849	0.002849002849	0.002849002849	0.0	0.0	0.0	0.0	0.0	0.25641025641	0.25641025641	0.219373219373	0.216524216524	0.339031339031	0.347578347578	0.339031339031	0.239316239316	0.364672364672	0.267806267806	0.307692307692	0.307692307692	0.296296296296	0.310541310541	0.310541310541	0.310541310541
MH0265.snv.bam	0.236467236467	0.239316239316	0.247863247863	0.250712250712	0.250712250712	0.253561253561	0.253561253561	0.25641025641	0.233618233618	0.25641025641	0.25641025641	0.25641025641	0.0	0.162393162393	0.145299145299	0.179487179487	0.304843304843	0.242165242165	0.273504273504	0.196581196581	0.304843304843	0.185185185185	0.296296296296	0.296296296296	0.2849002849	0.299145299145	0.299145299145	0.299145299145
MH0288.snv.bam	0.19943019943	0.242165242165	0.250712250712	0.250712250712	0.245014245014	0.253561253561	0.253561253561	0.25641025641	0.233618233618	0.25641025641	0.25641025641	0.25641025641	0.162393162393	0.0	0.131054131054	0.168091168091	0.316239316239	0.282051282051	0.301994301994	0.176638176638	0.34188034188	0.179487179487	0.287749287749	0.287749287749	0.276353276353	0.287749287749	0.287749287749	0.287749287749
MH0429.snv.bam	0.222222222222	0.202279202279	0.210826210826	0.213675213675	0.213675213675	0.213675213675	0.216524216524	0.219373219373	0.19943019943	0.219373219373	0.219373219373	0.219373219373	0.145299145299	0.131054131054	0.0	0.125356125356	0.296296296296	0.262108262108	0.273504273504	0.182336182336	0.31339031339	0.14245014245	0.31339031339	0.31339031339	0.301994301994	0.316239316239	0.316239316239	0.316239316239
MH0438.snv.bam	0.247863247863	0.19943019943	0.207977207977	0.210826210826	0.210826210826	0.213675213675	0.213675213675	0.216524216524	0.205128205128	0.216524216524	0.216524216524	0.216524216524	0.179487179487	0.168091168091	0.125356125356	0.0	0.321937321937	0.293447293447	0.273504273504	0.202279202279	0.304843304843	0.190883190883	0.319088319088	0.319088319088	0.307692307692	0.321937321937	0.321937321937	0.321937321937
MH0440.snv.bam	0.31339031339	0.330484330484	0.327635327635	0.333333333333	0.327635327635	0.336182336182	0.336182336182	0.339031339031	0.319088319088	0.339031339031	0.339031339031	0.339031339031	0.304843304843	0.316239316239	0.296296296296	0.321937321937	0.0	0.364672364672	0.333333333333	0.245014245014	0.364672364672	0.290598290598	0.34188034188	0.34188034188	0.333333333333	0.344729344729	0.344729344729	0.344729344729
MMRS79893829ST-27-0-0.snv.bam	0.282051282051	0.327635327635	0.336182336182	0.34188034188	0.336182336182	0.34188034188	0.344729344729	0.347578347578	0.316239316239	0.347578347578	0.347578347578	0.347578347578	0.242165242165	0.282051282051	0.262108262108	0.293447293447	0.364672364672	0.0	0.19943019943	0.242165242165	0.22792022792	0.270655270655	0.319088319088	0.321937321937	0.310541310541	0.321937321937	0.321937321937	0.321937321937
T2D-59A.snv.bam	0.307692307692	0.321937321937	0.327635327635	0.333333333333	0.333333333333	0.333333333333	0.336182336182	0.339031339031	0.319088319088	0.339031339031	0.339031339031	0.339031339031	0.273504273504	0.301994301994	0.273504273504	0.273504273504	0.333333333333	0.19943019943	0.0	0.219373219373	0.0883190883191	0.296296296296	0.319088319088	0.321937321937	0.310541310541	0.321937321937	0.321937321937	0.321937321937
V1.CD19-0.snv.bam	0.222222222222	0.22792022792	0.230769230769	0.233618233618	0.230769230769	0.236467236467	0.236467236467	0.239316239316	0.222222222222	0.239316239316	0.239316239316	0.239316239316	0.196581196581	0.176638176638	0.182336182336	0.202279202279	0.245014245014	0.242165242165	0.219373219373	0.0	0.259259259259	0.207977207977	0.242165242165	0.245014245014	0.230769230769	0.245014245014	0.245014245014	0.245014245014
V1.FI02.snv.bam	0.34188034188	0.347578347578	0.353276353276	0.358974358974	0.358974358974	0.358974358974	0.361823361823	0.364672364672	0.34188034188	0.364672364672	0.364672364672	0.364672364672	0.304843304843	0.34188034188	0.31339031339	0.304843304843	0.364672364672	0.22792022792	0.0883190883191	0.259259259259	0.0	0.339031339031	0.356125356125	0.358974358974	0.347578347578	0.358974358974	0.358974358974	0.358974358974
V1.UC50-1.snv.bam	0.219373219373	0.250712250712	0.262108262108	0.264957264957	0.262108262108	0.264957264957	0.264957264957	0.267806267806	0.253561253561	0.267806267806	0.267806267806	0.267806267806	0.185185185185	0.179487179487	0.14245014245	0.190883190883	0.290598290598	0.270655270655	0.296296296296	0.207977207977	0.339031339031	0.0	0.333333333333	0.333333333333	0.324786324786	0.336182336182	0.336182336182	0.336182336182
halbarad-11-0-0.snv.bam	0.330484330484	0.290598290598	0.299145299145	0.301994301994	0.296296296296	0.301994301994	0.304843304843	0.307692307692	0.273504273504	0.307692307692	0.307692307692	0.307692307692	0.296296296296	0.287749287749	0.31339031339	0.319088319088	0.34188034188	0.319088319088	0.319088319088	0.242165242165	0.356125356125	0.333333333333	0.0	0.0	0.0	0.0	0.0	0.0
halbarad-11-2-0.snv.bam	0.330484330484	0.290598290598	0.299145299145	0.301994301994	0.296296296296	0.301994301994	0.304843304843	0.307692307692	0.276353276353	0.307692307692	0.307692307692	0.307692307692	0.296296296296	0.287749287749	0.31339031339	0.319088319088	0.34188034188	0.321937321937	0.321937321937	0.245014245014	0.358974358974	0.333333333333	0.0	0.0	0.0	0.0	0.0	0.0
halbarad-11-392-0.snv.bam	0.316239316239	0.279202279202	0.287749287749	0.290598290598	0.2849002849	0.290598290598	0.293447293447	0.296296296296	0.262108262108	0.296296296296	0.296296296296	0.296296296296	0.2849002849	0.276353276353	0.301994301994	0.307692307692	0.333333333333	0.310541310541	0.310541310541	0.230769230769	0.347578347578	0.324786324786	0.0	0.0	0.0	0.0	0.0	0.0
halbarad-11-7-0.snv.bam	0.333333333333	0.293447293447	0.301994301994	0.304843304843	0.299145299145	0.304843304843	0.307692307692	0.310541310541	0.276353276353	0.310541310541	0.310541310541	0.310541310541	0.299145299145	0.287749287749	0.316239316239	0.321937321937	0.344729344729	0.321937321937	0.321937321937	0.245014245014	0.358974358974	0.336182336182	0.0	0.0	0.0	0.0	0.0	0.0
halbarad-12-7-0.snv.bam	0.333333333333	0.293447293447	0.301994301994	0.304843304843	0.299145299145	0.304843304843	0.307692307692	0.310541310541	0.276353276353	0.310541310541	0.310541310541	0.310541310541	0.299145299145	0.287749287749	0.316239316239	0.321937321937	0.344729344729	0.321937321937	0.321937321937	0.245014245014	0.358974358974	0.336182336182	0.0	0.0	0.0	0.0	0.0	0.0
halbarad-13-7-0.snv.bam	0.333333333333	0.293447293447	0.301994301994	0.304843304843	0.299145299145	0.304843304843	0.307692307692	0.310541310541	0.276353276353	0.310541310541	0.310541310541	0.310541310541	0.299145299145	0.287749287749	0.316239316239	0.321937321937	0.344729344729	0.321937321937	0.321937321937	0.245014245014	0.358974358974	0.336182336182	0.0	0.0	0.0	0.0	0.0	0.0
