	763496533-stool2.snv.bam	BYQ_AAAC.snv.bam	BYQ_AAAW.snv.bam	BYQ_AAAZ.snv.bam	CCIS07277498ST-4-0.snv.bam	CCIS16561622ST-4-0.snv.bam	CCIS34604008ST-4-0.snv.bam	CCIS35092938ST-4-0.snv.bam	CCIS41692898ST-4-0.snv.bam	CCIS47745468ST-4-0.snv.bam	CCIS50561855ST-4-0.snv.bam	CCIS76845094ST-20-0.snv.bam	CCIS77252613ST-4-0.snv.bam	CCIS80834637ST-4-0.snv.bam	CCIS88317640ST-4-0.snv.bam	CCMD26925580ST-21-0.snv.bam	CCMD50071957ST-21-0.snv.bam	HT25A.snv.bam	MMRS77321055ST-27-0-0.snv.bam	MMRS86958796ST-27-0-0.snv.bam	MMRS95479054ST-27-0-0.snv.bam	NG-5636_434.snv.bam	V1.CD8-0-PN.snv.bam	V1.FI16.snv.bam	V1.FI27.snv.bam	V1.FI37.snv.bam	V1.UC22-1.snv.bam	V1.UC55-4.snv.bam	alien-11-7-0.snv.bam	tigress-11-60-0.snv.bam	tigress-11-7-0.snv.bam
763496533-stool2.snv.bam	0.0	0.207606804841	0.20762038368	0.189923479202	0.233269485735	0.202415639916	0.192022523441	0.181486464449	0.202270220921	0.235502824599	0.214348591549	0.236034990813	0.248595741113	0.194728866317	0.175071369405	0.19733218057	0.193701519069	0.218724455478	0.23196468166	0.205279475943	0.23106959677	0.204550951306	0.199237856408	0.199383274943	0.196819470582	0.211883320447	0.2132668678	0.241781247794	0.181565295093	0.177063223938	0.176534726794
BYQ_AAAC.snv.bam	0.207606804841	0.0	0.000364622350687	0.214394903684	0.239897131293	0.159560666372	0.199624372484	0.193733753025	0.216407596133	0.243413353615	0.215358020843	0.247121241428	0.224511338921	0.0539406154549	0.160146667918	0.073404245476	0.0469143446852	0.207995150702	0.221020465603	0.197444338686	0.2277616299	0.210423573249	0.186340978322	0.035424255519	0.186617574305	0.183838893227	0.209904334426	0.245674300949	0.174039475938	0.165080121117	0.164295404738
BYQ_AAAW.snv.bam	0.20762038368	0.000364622350687	0.0	0.214282202231	0.239778055322	0.159441049147	0.199509204915	0.193616533473	0.216290376581	0.243291238583	0.215237582447	0.246998557094	0.224390900525	0.0538228714305	0.160029708853	0.0732910592847	0.0467973856209	0.20809658201	0.220906544436	0.197330417519	0.227646462332	0.21017699115	0.186207893414	0.0351396383968	0.186731742589	0.183838893227	0.209790166142	0.245458595649	0.174053266474	0.164964447317	0.164177131527
BYQ_AAAZ.snv.bam	0.189923479202	0.214394903684	0.214282202231	0.0	0.194957514304	0.170118478013	0.0201557579048	0.0307847849021	0.173867528882	0.244252404696	0.169311293107	0.201344727197	0.180993817496	0.205841084815	0.177584175084	0.219343544304	0.19354288499	0.173685900122	0.182022290575	0.158243015836	0.216783168494	0.0619226439994	0.18170781403	0.20235214971	0.154042396728	0.17285543021	0.166510032991	0.227958121303	0.184848095483	0.17793040293	0.17968164794
CCIS07277498ST-4-0.snv.bam	0.233269485735	0.239897131293	0.239778055322	0.194957514304	0.0	0.201967103409	0.196997446997	0.197999818578	0.214067370538	0.256673473585	0.230395817774	0.0176064899498	0.135125115848	0.232045205979	0.205681001242	0.226008632292	0.21628959276	0.219672753829	0.227615209392	0.207118243467	0.159956743798	0.199243379571	0.229111823362	0.238567378176	0.199421070475	0.201061812516	0.233004366711	0.26707243401	0.212660415553	0.207155635063	0.213959437237
CCIS16561622ST-4-0.snv.bam	0.202415639916	0.159560666372	0.159441049147	0.170118478013	0.201967103409	0.0	0.160304037048	0.153143645165	0.168205185936	0.247264698997	0.168114934538	0.205871179796	0.188037166086	0.158243486074	0.146689795626	0.157714660466	0.146733111849	0.196062541738	0.216310892173	0.186228076244	0.207141506631	0.166053306569	0.162017132173	0.153278965505	0.0920029302043	0.180636052235	0.197608444835	0.234272197825	0.158458328332	0.149755229194	0.146160856687
CCIS34604008ST-4-0.snv.bam	0.192022523441	0.199624372484	0.199509204915	0.0201557579048	0.196997446997	0.160304037048	0.0	0.0293270499252	0.175791432056	0.235460106006	0.157182396058	0.198528791762	0.182516082049	0.190198817201	0.165864817001	0.204616849024	0.172992916175	0.166825302815	0.166187794506	0.14851959776	0.206023473989	0.0519480519481	0.190348203247	0.189478113968	0.142149240265	0.154192849154	0.161414776379	0.229890198567	0.173387396682	0.16784334234	0.167875802359
CCIS35092938ST-4-0.snv.bam	0.181486464449	0.193733753025	0.193616533473	0.0307847849021	0.197999818578	0.153143645165	0.0293270499252	0.0	0.169212425883	0.214903755665	0.152446300716	0.201535411947	0.179798578199	0.179195804196	0.163957281145	0.194314951206	0.175636574074	0.162577461625	0.17088963964	0.152217432894	0.206478658537	0.0497159090909	0.158932127883	0.183393162617	0.148757358474	0.147693217072	0.14868550419	0.227629985074	0.169294879623	0.164473684211	0.167540792541
CCIS41692898ST-4-0.snv.bam	0.202270220921	0.216407596133	0.216290376581	0.173867528882	0.214067370538	0.168205185936	0.175791432056	0.169212425883	0.0	0.218366220742	0.171560846561	0.204097439994	0.204894179894	0.200595700596	0.166690048634	0.196956015088	0.199202674897	0.202875009584	0.222596754057	0.182415782769	0.229206226303	0.193676395289	0.151433986928	0.210509898088	0.189796987267	0.175326985633	0.184712518457	0.211677085341	0.17203398764	0.171751843377	0.164064532917
CCIS47745468ST-4-0.snv.bam	0.235502824599	0.243413353615	0.243291238583	0.244252404696	0.256673473585	0.247264698997	0.235460106006	0.214903755665	0.218366220742	0.0	0.253073707619	0.258883920944	0.235959852955	0.213624574938	0.217017282235	0.230352492629	0.223613735662	0.22693882553	0.234271596948	0.250255067249	0.241371104562	0.242488463917	0.214086222873	0.229890741791	0.24899814142	0.211002963893	0.235070879421	0.252806811052	0.207968022802	0.209545824104	0.211191484914
CCIS50561855ST-4-0.snv.bam	0.214348591549	0.215358020843	0.215237582447	0.169311293107	0.230395817774	0.168114934538	0.157182396058	0.152446300716	0.171560846561	0.253073707619	0.0	0.22815185394	0.186274509804	0.189448441247	0.187987012987	0.206902646238	0.202380952381	0.197133364461	0.203703703704	0.185039472208	0.182186004103	0.172576832151	0.192575273115	0.211589171532	0.206075254176	0.193939376381	0.201422056723	0.257973678311	0.186123699187	0.188235294118	0.193779904306
CCIS76845094ST-20-0.snv.bam	0.236034990813	0.247121241428	0.246998557094	0.201344727197	0.0176064899498	0.205871179796	0.198528791762	0.201535411947	0.204097439994	0.258883920944	0.22815185394	0.0	0.123733667103	0.239572055439	0.202981048618	0.235355693294	0.224404728174	0.221410090076	0.225973227295	0.211064039944	0.164813794668	0.201165675657	0.236600194582	0.236723660221	0.206399762473	0.197303831672	0.234586862789	0.259238461112	0.21502112613	0.208311669981	0.217762413956
CCIS77252613ST-4-0.snv.bam	0.248595741113	0.224511338921	0.224390900525	0.180993817496	0.135125115848	0.188037166086	0.182516082049	0.179798578199	0.204894179894	0.235959852955	0.186274509804	0.123733667103	0.0	0.212918660287	0.199416972576	0.215998604471	0.202380952381	0.206229474301	0.212962962963	0.209838183963	0.167498581963	0.191943127962	0.205819277108	0.213882749513	0.215834129475	0.184780883127	0.231584469716	0.261996214821	0.212627907201	0.201877934272	0.211904761905
CCIS80834637ST-4-0.snv.bam	0.194728866317	0.0539406154549	0.0538228714305	0.205841084815	0.232045205979	0.158243486074	0.190198817201	0.179195804196	0.200595700596	0.213624574938	0.189448441247	0.239572055439	0.212918660287	0.0	0.15888144114	0.040497795591	0.0827586206897	0.188193020737	0.203619909502	0.196753330818	0.205949656751	0.201388888889	0.187037473795	0.0586861563706	0.188264194567	0.183991623469	0.191792059097	0.243036049739	0.169462787792	0.159817351598	0.157647058824
CCIS88317640ST-4-0.snv.bam	0.175071369405	0.160146667918	0.160029708853	0.177584175084	0.205681001242	0.146689795626	0.165864817001	0.163957281145	0.166690048634	0.217017282235	0.187987012987	0.202981048618	0.199416972576	0.15888144114	0.0	0.158344483579	0.147701028763	0.164726279387	0.186414708887	0.161450435061	0.204386716388	0.17920585162	0.182846809214	0.140440677339	0.153370951165	0.151703222215	0.165441286332	0.20392802999	0.011890156627	0.00236528177705	0.00242003367003
CCMD26925580ST-21-0.snv.bam	0.19733218057	0.073404245476	0.0732910592847	0.219343544304	0.226008632292	0.157714660466	0.204616849024	0.194314951206	0.196956015088	0.230352492629	0.206902646238	0.235355693294	0.215998604471	0.040497795591	0.158344483579	0.0	0.0960301764241	0.20891139636	0.226133737039	0.206386327765	0.217468897376	0.211075073753	0.193724753614	0.0781657759512	0.189560551183	0.193420016272	0.195641288825	0.246739245751	0.167952743415	0.158904598651	0.155719600878
CCMD50071957ST-21-0.snv.bam	0.193701519069	0.0469143446852	0.0467973856209	0.19354288499	0.21628959276	0.146733111849	0.172992916175	0.175636574074	0.199202674897	0.223613735662	0.202380952381	0.224404728174	0.202380952381	0.0827586206897	0.147701028763	0.0960301764241	0.0	0.189160622821	0.2	0.180075854585	0.203105213896	0.193103448276	0.170126797386	0.0650655451708	0.159965112171	0.161003117722	0.168405608381	0.234343489951	0.156891919625	0.148063781321	0.147196261682
HT25A.snv.bam	0.218724455478	0.207995150702	0.20809658201	0.173685900122	0.219672753829	0.196062541738	0.166825302815	0.162577461625	0.202875009584	0.22693882553	0.197133364461	0.221410090076	0.206229474301	0.188193020737	0.164726279387	0.20891139636	0.189160622821	0.0	0.0371694378127	0.0658620298316	0.234349868765	0.159673186437	0.215896310313	0.204215639118	0.195293109342	0.0869905920127	0.207885437564	0.225437304481	0.160597127459	0.158620396197	0.162184899482
MMRS77321055ST-27-0-0.snv.bam	0.23196468166	0.221020465603	0.220906544436	0.182022290575	0.227615209392	0.216310892173	0.166187794506	0.17088963964	0.222596754057	0.234271596948	0.203703703704	0.225973227295	0.212962962963	0.203619909502	0.186414708887	0.226133737039	0.2	0.0371694378127	0.0	0.0902756619534	0.238884092381	0.167785234899	0.22952834986	0.216902836355	0.214600533196	0.100775596697	0.22765988256	0.243382406913	0.182400517927	0.18	0.183257918552
MMRS86958796ST-27-0-0.snv.bam	0.205279475943	0.197444338686	0.197330417519	0.158243015836	0.207118243467	0.186228076244	0.14851959776	0.152217432894	0.182415782769	0.250255067249	0.185039472208	0.211064039944	0.209838183963	0.196753330818	0.161450435061	0.206386327765	0.180075854585	0.0658620298316	0.0902756619534	0.0	0.22912213546	0.156630816713	0.172528116788	0.197270558361	0.18409186904	0.0746770015286	0.19921338727	0.223532902302	0.159869349696	0.153090884773	0.158842950336
MMRS95479054ST-27-0-0.snv.bam	0.23106959677	0.2277616299	0.227646462332	0.216783168494	0.159956743798	0.207141506631	0.206023473989	0.206478658537	0.229206226303	0.241371104562	0.182186004103	0.164813794668	0.167498581963	0.205949656751	0.204386716388	0.217468897376	0.203105213896	0.234349868765	0.238884092381	0.22912213546	0.0	0.2352389361	0.250068126201	0.226050281637	0.212860575521	0.221746529333	0.232364701474	0.258041718274	0.22338656691	0.211181145519	0.216035884497
NG-5636_434.snv.bam	0.204550951306	0.210423573249	0.21017699115	0.0619226439994	0.199243379571	0.166053306569	0.0519480519481	0.0497159090909	0.193676395289	0.242488463917	0.172576832151	0.201165675657	0.191943127962	0.201388888889	0.17920585162	0.211075073753	0.193103448276	0.159673186437	0.167785234899	0.156630816713	0.2352389361	0.0	0.189865005192	0.195531110403	0.154763474897	0.141816604598	0.185073269857	0.239391898793	0.173020951883	0.179545454545	0.181395348837
V1.CD8-0-PN.snv.bam	0.199237856408	0.186340978322	0.186207893414	0.18170781403	0.229111823362	0.162017132173	0.190348203247	0.158932127883	0.151433986928	0.214086222873	0.192575273115	0.236600194582	0.205819277108	0.187037473795	0.182846809214	0.193724753614	0.170126797386	0.215896310313	0.22952834986	0.172528116788	0.250068126201	0.189865005192	0.0	0.177969409552	0.186533024525	0.170762032086	0.187142886095	0.253924119082	0.186466152531	0.184427648579	0.176914021164
V1.FI16.snv.bam	0.199383274943	0.035424255519	0.0351396383968	0.20235214971	0.238567378176	0.153278965505	0.189478113968	0.183393162617	0.210509898088	0.229890741791	0.211589171532	0.236723660221	0.213882749513	0.0586861563706	0.140440677339	0.0781657759512	0.0650655451708	0.204215639118	0.216902836355	0.197270558361	0.226050281637	0.195531110403	0.177969409552	0.0	0.18288658364	0.181613207587	0.206318521528	0.246399067304	0.156683954884	0.14119673716	0.1421245916
V1.FI27.snv.bam	0.196819470582	0.186617574305	0.186731742589	0.154042396728	0.199421070475	0.0920029302043	0.142149240265	0.148757358474	0.189796987267	0.24899814142	0.206075254176	0.206399762473	0.215834129475	0.188264194567	0.153370951165	0.189560551183	0.159965112171	0.195293109342	0.214600533196	0.18409186904	0.212860575521	0.154763474897	0.186533024525	0.18288658364	0.0	0.157087143527	0.186134806081	0.239998940135	0.160797404018	0.153860430586	0.148387601054
V1.FI37.snv.bam	0.211883320447	0.183838893227	0.183838893227	0.17285543021	0.201061812516	0.180636052235	0.154192849154	0.147693217072	0.175326985633	0.211002963893	0.193939376381	0.197303831672	0.184780883127	0.183991623469	0.151703222215	0.193420016272	0.161003117722	0.0869905920127	0.100775596697	0.0746770015286	0.221746529333	0.141816604598	0.170762032086	0.181613207587	0.157087143527	0.0	0.187032230195	0.232110337292	0.156975689693	0.152355355021	0.155536789348
V1.UC22-1.snv.bam	0.2132668678	0.209904334426	0.209790166142	0.166510032991	0.233004366711	0.197608444835	0.161414776379	0.14868550419	0.184712518457	0.235070879421	0.201422056723	0.234586862789	0.231584469716	0.191792059097	0.165441286332	0.195641288825	0.168405608381	0.207885437564	0.22765988256	0.19921338727	0.232364701474	0.185073269857	0.187142886095	0.206318521528	0.186134806081	0.187032230195	0.0	0.235267120018	0.174819666363	0.168522999918	0.173062814815
V1.UC55-4.snv.bam	0.241781247794	0.245674300949	0.245458595649	0.227958121303	0.26707243401	0.234272197825	0.229890198567	0.227629985074	0.211677085341	0.252806811052	0.257973678311	0.259238461112	0.261996214821	0.243036049739	0.20392802999	0.246739245751	0.234343489951	0.225437304481	0.243382406913	0.223532902302	0.258041718274	0.239391898793	0.253924119082	0.246399067304	0.239998940135	0.232110337292	0.235267120018	0.0	0.218413988822	0.21089995256	0.21066018685
alien-11-7-0.snv.bam	0.181565295093	0.174039475938	0.174053266474	0.184848095483	0.212660415553	0.158458328332	0.173387396682	0.169294879623	0.17203398764	0.207968022802	0.186123699187	0.21502112613	0.212627907201	0.169462787792	0.011890156627	0.167952743415	0.156891919625	0.160597127459	0.182400517927	0.159869349696	0.22338656691	0.173020951883	0.186466152531	0.156683954884	0.160797404018	0.156975689693	0.174819666363	0.218413988822	0.0	0.00936176914739	0.00953634759303
tigress-11-60-0.snv.bam	0.177063223938	0.165080121117	0.164964447317	0.17793040293	0.207155635063	0.149755229194	0.16784334234	0.164473684211	0.171751843377	0.209545824104	0.188235294118	0.208311669981	0.201877934272	0.159817351598	0.00236528177705	0.158904598651	0.148063781321	0.158620396197	0.18	0.153090884773	0.211181145519	0.179545454545	0.184427648579	0.14119673716	0.153860430586	0.152355355021	0.168522999918	0.21089995256	0.00936176914739	0.0	0.0
tigress-11-7-0.snv.bam	0.176534726794	0.164295404738	0.164177131527	0.17968164794	0.213959437237	0.146160856687	0.167875802359	0.167540792541	0.164064532917	0.211191484914	0.193779904306	0.217762413956	0.211904761905	0.157647058824	0.00242003367003	0.155719600878	0.147196261682	0.162184899482	0.183257918552	0.158842950336	0.216035884497	0.181395348837	0.176914021164	0.1421245916	0.148387601054	0.155536789348	0.173062814815	0.21066018685	0.00953634759303	0.0	0.0
