	BYQ_AAAH.snv.bam	BYQ_AAAI.snv.bam	BYQ_AAAS.snv.bam	BYQ_AABB.snv.bam	CCIS00146684ST-4-0.snv.bam	CCIS07277498ST-4-0.snv.bam	CCIS23164343ST-4-0.snv.bam	CCIS34604008ST-4-0.snv.bam	CCIS35092938ST-4-0.snv.bam	CCIS51667829ST-4-0.snv.bam	CCMD26709089ST-21-0.snv.bam	CCMD79987997ST-21-0.snv.bam	CCMD93344354ST-21-0.snv.bam	M1.2-V1.metaG.snv.bam	M1.2-V2.metaG.snv.bam	M2.4-V1.metaG.snv.bam	MH0250.snv.bam	MH0334.snv.bam	MH0420.snv.bam	MH0425.snv.bam	MMRS67096717ST-27-0-0.snv.bam	NG-5636_524.snv.bam	NG-5636_59.snv.bam	O2.UC22-1.snv.bam	SAMEA3136624.snv.bam	SAMEA3136634.snv.bam	SAMEA3136640.snv.bam	SAMEA3136644.snv.bam	peacemaker-11-392-1.snv.bam	peacemaker-11-600-0.snv.bam	peacemaker-11-773-0.snv.bam
BYQ_AAAH.snv.bam	0.0	0.0484585113262	0.000541035353535	0.000260377919952	0.097853360523	0.181049092751	0.334994894219	0.255247083329	0.0876218376218	0.336959728868	0.0675679362654	0.0460376794258	0.0501500189	0.0443977532765	0.0488251155624	0.0462168858395	0.286463346184	0.0499832073708	0.165864809519	0.0628262154965	0.30106257379	0.0473436774076	0.086699634422	0.29961992651	0.0480467818277	0.047343143497	0.126980691497	0.272637748524	0.00019845019845	9.45000945e-05	0.00017803030303
BYQ_AAAI.snv.bam	0.0484585113262	0.0	0.0489111079722	0.041148962722	0.079022528963	0.172738082822	0.288189816837	0.24486371757	0.0444026572703	0.330714089144	0.0638234716792	0.00274108537786	0.00694343856108	0.00275066876483	0.00260541540062	0.00264798616861	0.280399400867	0.00540997722869	0.121944274505	0.0196196351576	0.296805693122	0.00303159821142	0.0458123636851	0.293212412755	0.0048402014888	0.00413656315805	0.0836553110391	0.283250127085	0.0484679613356	0.0483640112317	0.0485481029217
BYQ_AAAS.snv.bam	0.000541035353535	0.0489111079722	0.0	0.000620821964106	0.0984206823087	0.181795013799	0.336121925031	0.255799375809	0.088156024531	0.337291506841	0.068065527455	0.0464861670213	0.0506061395202	0.0447530961792	0.049287138905	0.0466685765215	0.286521544945	0.0504526732209	0.166400920442	0.0633087448596	0.301687372642	0.047703566275	0.0872550420594	0.30024025037	0.048498520704	0.0477934164601	0.127596876018	0.273765576317	0.000550505050505	0.000446338383838	0.000530777503638
BYQ_AABB.snv.bam	0.000260377919952	0.041148962722	0.000620821964106	0.0	0.0914715719064	0.178920571077	0.32976929323	0.250508457119	0.0812288775055	0.329884712091	0.0649329165458	0.0386557668569	0.042880058771	0.0368974166763	0.0413816118805	0.0387916804226	0.278306434516	0.0423930555222	0.15695294164	0.0558529323091	0.296803196803	0.0398158367591	0.08	0.293968119792	0.0407275970013	0.0400074905394	0.117253576897	0.268571499295	0.000270049099836	0.000163666121113	0.00024930293587
CCIS00146684ST-4-0.snv.bam	0.097853360523	0.079022528963	0.0984206823087	0.0914715719064	0.0	0.221937168062	0.315167301142	0.209850338665	0.119146023674	0.305305243883	0.107640260467	0.0766152198257	0.0807499496488	0.0752688172043	0.0799924712968	0.0748533656084	0.305355076733	0.0793287199909	0.197130292972	0.0934298871497	0.27635191857	0.072146518296	0.12390154914	0.274912676516	0.0785634552752	0.0778834802882	0.159211846717	0.289329657315	0.0978630111696	0.097756854057	0.0980499537465
CCIS07277498ST-4-0.snv.bam	0.181049092751	0.172738082822	0.181795013799	0.178920571077	0.221937168062	0.0	0.268803334339	0.311657008542	0.174811181726	0.333458141321	0.152386514271	0.170789446965	0.17473260339	0.172238918943	0.173639086871	0.171408177832	0.299679173837	0.170745557208	0.195190179514	0.17919483863	0.315878749654	0.172939627088	0.172778441071	0.324615465655	0.172532329045	0.171708059474	0.202160342517	0.305390487165	0.181058763931	0.180952380952	0.181423494771
CCIS23164343ST-4-0.snv.bam	0.334994894219	0.288189816837	0.336121925031	0.32976929323	0.315167301142	0.268803334339	0.0	0.345257035916	0.285933650403	0.363527482463	0.322608069859	0.286543377278	0.288189648683	0.292026552772	0.287089426115	0.287067843194	0.325303091404	0.287124092244	0.28596876384	0.281710297261	0.340507488601	0.28647823392	0.296624614457	0.339416104026	0.288032299178	0.287242815775	0.290178571429	0.327241222078	0.335005040323	0.33489343318	0.33573212095
CCIS34604008ST-4-0.snv.bam	0.255247083329	0.24486371757	0.255799375809	0.250508457119	0.209850338665	0.311657008542	0.345257035916	0.0	0.238364429937	0.105772399815	0.240848087632	0.242708802125	0.246748689325	0.243380502451	0.244879767182	0.242235277255	0.310519288177	0.243507239565	0.273120264679	0.255262451709	0.211833922924	0.240040495457	0.235073848529	0.212456711414	0.244495347226	0.243857667764	0.278587226792	0.326991846392	0.255256816636	0.255149750255	0.255783118818
CCIS35092938ST-4-0.snv.bam	0.0876218376218	0.0444026572703	0.088156024531	0.0812288775055	0.119146023674	0.174811181726	0.285933650403	0.238364429937	0.0	0.324243848257	0.10352550111	0.0421122645629	0.0461028273528	0.0446415445729	0.0427145241764	0.0422667828328	0.240988755256	0.0437052241121	0.119689521222	0.0589089615792	0.255727497611	0.0433261952452	0.0048550509505	0.252222939048	0.0441295279105	0.0434258895797	0.122865437382	0.281487178379	0.0876312876313	0.0875273375273	0.0877930194805
CCIS51667829ST-4-0.snv.bam	0.336959728868	0.330714089144	0.337291506841	0.329884712091	0.305305243883	0.333458141321	0.363527482463	0.105772399815	0.324243848257	0.0	0.330058084646	0.329024863054	0.332814992026	0.330605319675	0.332640379113	0.326986022647	0.281889870658	0.327905125424	0.334731919363	0.341185364728	0.194847821762	0.328453366588	0.327326359538	0.191769763461	0.330637878464	0.329972661354	0.33903720996	0.342726344089	0.336969298246	0.336864035088	0.33749033052
CCMD26709089ST-21-0.snv.bam	0.0675679362654	0.0638234716792	0.068065527455	0.0649329165458	0.107640260467	0.152386514271	0.322608069859	0.240848087632	0.10352550111	0.330058084646	0.0	0.0614095046228	0.0655327471898	0.0617804266478	0.0623487861175	0.0616883116883	0.255947505116	0.0658302736225	0.182639231215	0.0783420971119	0.276066384381	0.0630939941285	0.104662222309	0.270607667442	0.0634074172911	0.0625407699988	0.143170464667	0.301538445971	0.0675774855397	0.0674724435229	0.0676987012987
CCMD79987997ST-21-0.snv.bam	0.0460376794258	0.00274108537786	0.0464861670213	0.0386557668569	0.0766152198257	0.170789446965	0.286543377278	0.242708802125	0.0421122645629	0.329024863054	0.0614095046228	0.0	0.00443611692584	0.00231246801649	0.00223015165031	0.000110570544007	0.278839265518	0.00288936804208	0.119913318662	0.0171387222652	0.294995277585	0.00045162764461	0.0434254532653	0.291398138203	0.00232849810965	0.00162339386572	0.0814268534239	0.28189775673	0.0460471491228	0.0459429824561	0.0461224041314
CCMD93344354ST-21-0.snv.bam	0.0501500189	0.00694343856108	0.0506061395202	0.042880058771	0.0807499496488	0.17473260339	0.288189648683	0.246748689325	0.0461028273528	0.332814992026	0.0655327471898	0.00443611692584	0.0	0.00638573954649	0.00651844183359	0.00435367829236	0.282352279507	0.00722357139648	0.123913654057	0.0213111427314	0.298830430933	0.00476638529677	0.047586293858	0.295232777482	0.00653170906266	0.00582807073192	0.0854656187317	0.285581002416	0.0501594689095	0.0500555188055	0.0502431344697
M1.2-V1.metaG.snv.bam	0.0443977532765	0.00275066876483	0.0447530961792	0.0368974166763	0.0752688172043	0.172238918943	0.292026552772	0.243380502451	0.0446415445729	0.330605319675	0.0617804266478	0.00231246801649	0.00638573954649	0.0	9.31012010056e-05	0.00221545278316	0.279134041362	0.00507631574311	0.123297176695	0.0194051228826	0.296247659663	0.00259096642155	0.0460803410636	0.292608423828	0.00443900163065	0.00372647523677	0.0843699712113	0.282755006121	0.0444073226545	0.0443020594966	0.0444799119428
M1.2-V2.metaG.snv.bam	0.0488251155624	0.00260541540062	0.049287138905	0.0413816118805	0.0799924712968	0.173639086871	0.287089426115	0.244879767182	0.0427145241764	0.332640379113	0.0623487861175	0.00223015165031	0.00651844183359	9.31012010056e-05	0.0	0.00213675213675	0.281345824125	0.0049928332537	0.121854806821	0.0194363455686	0.295906080674	0.00250807393665	0.0437869822485	0.292243549402	0.00437510066459	0.00365804550127	0.0848141060689	0.282334287926	0.0488347457627	0.0487288135593	0.0489171974522
M2.4-V1.metaG.snv.bam	0.0462168858395	0.00264798616861	0.0466685765215	0.0387916804226	0.0748533656084	0.171408177832	0.287067843194	0.242235277255	0.0422667828328	0.326986022647	0.0616883116883	0.000110570544007	0.00435367829236	0.00221545278316	0.00213675213675	0.0	0.278384289134	0.00280065506847	0.120563972003	0.0171361742314	0.292675664946	0.000341355180065	0.0435953543175	0.289060068472	0.00223280401192	0.0015232651501	0.0818286332589	0.281456523662	0.0462264150943	0.0461215932914	0.0463025210084
MH0250.snv.bam	0.286463346184	0.280399400867	0.286521544945	0.278306434516	0.305355076733	0.299679173837	0.325303091404	0.310519288177	0.240988755256	0.281889870658	0.255947505116	0.278839265518	0.282352279507	0.279134041362	0.281345824125	0.278384289134	0.0	0.282467575169	0.283693628913	0.278423435867	0.120704576994	0.280849870272	0.244607704517	0.114460262772	0.280370740819	0.279664164541	0.282518442306	0.327726031324	0.28647283565	0.286368451517	0.286883866687
MH0334.snv.bam	0.0499832073708	0.00540997722869	0.0504526732209	0.0423930555222	0.0793287199909	0.170745557208	0.287124092244	0.243507239565	0.0437052241121	0.327905125424	0.0658302736225	0.00288936804208	0.00722357139648	0.00507631574311	0.0049928332537	0.00280065506847	0.282467575169	0.0	0.117322290221	0.020279782452	0.296975852655	0.00319875484711	0.0447900313972	0.293931569544	0.00505728224923	0.00433254983576	0.0799335361054	0.285434375857	0.0499929406782	0.049885874297	0.0500787624393
MH0420.snv.bam	0.165864809519	0.121944274505	0.166400920442	0.15695294164	0.197130292972	0.195190179514	0.28596876384	0.273120264679	0.119689521222	0.334731919363	0.182639231215	0.119913318662	0.123913654057	0.123297176695	0.121854806821	0.120563972003	0.283693628913	0.117322290221	0.0	0.107064081586	0.302923332728	0.120470384219	0.124625595852	0.303644279344	0.121788324158	0.121077294668	0.0408041314614	0.309736946412	0.165874358793	0.165769316776	0.166202515338
MH0425.snv.bam	0.0628262154965	0.0196196351576	0.0633087448596	0.0558529323091	0.0934298871497	0.17919483863	0.281710297261	0.255262451709	0.0589089615792	0.341185364728	0.0783420971119	0.0171387222652	0.0213111427314	0.0194051228826	0.0194363455686	0.0171361742314	0.278423435867	0.020279782452	0.107064081586	0.0	0.30323465293	0.015634723384	0.060948008745	0.303947141548	0.0191650396369	0.0185042673284	0.0690357862222	0.297984781285	0.0628356655059	0.062731715402	0.0629457398091
MMRS67096717ST-27-0-0.snv.bam	0.30106257379	0.296805693122	0.301687372642	0.296803196803	0.27635191857	0.315878749654	0.340507488601	0.211833922924	0.255727497611	0.194847821762	0.276066384381	0.294995277585	0.298830430933	0.296247659663	0.295906080674	0.292675664946	0.120704576994	0.296975852655	0.302923332728	0.30323465293	0.0	0.296009299343	0.255355254227	0.00968266766493	0.296727337985	0.296043402645	0.301034009978	0.292945664047	0.301072412436	0.300964187328	0.301530270164
NG-5636_524.snv.bam	0.0473436774076	0.00303159821142	0.047703566275	0.0398158367591	0.072146518296	0.172939627088	0.28647823392	0.240040495457	0.0433261952452	0.328453366588	0.0630939941285	0.00045162764461	0.00476638529677	0.00259096642155	0.00250807393665	0.000341355180065	0.280849870272	0.00319875484711	0.120470384219	0.015634723384	0.296009299343	0.0	0.0445272884297	0.294539471369	0.00260933405633	0.0018876921862	0.0814306785144	0.285996484683	0.0473533692084	0.0472467594003	0.0474331840999
NG-5636_59.snv.bam	0.086699634422	0.0458123636851	0.0872550420594	0.08	0.12390154914	0.172778441071	0.296624614457	0.235073848529	0.0048550509505	0.327326359538	0.104662222309	0.0434254532653	0.047586293858	0.0460803410636	0.0437869822485	0.0435953543175	0.244607704517	0.0447900313972	0.124625595852	0.060948008745	0.255355254227	0.0445272884297	0.0	0.25226973929	0.0455273848954	0.0447932199559	0.127885759192	0.27966049107	0.0867094944101	0.0866010345403	0.0868762541806
O2.UC22-1.snv.bam	0.29961992651	0.293212412755	0.30024025037	0.293968119792	0.274912676516	0.324615465655	0.339416104026	0.212456711414	0.252222939048	0.191769763461	0.270607667442	0.291398138203	0.295232777482	0.292608423828	0.292243549402	0.289060068472	0.114460262772	0.293931569544	0.303644279344	0.303947141548	0.00968266766493	0.294539471369	0.25226973929	0.0	0.293094957266	0.292451768694	0.301751251605	0.287979958815	0.299629743906	0.299521752546	0.300083487941
SAMEA3136624.snv.bam	0.0480467818277	0.0048402014888	0.048498520704	0.0407275970013	0.0785634552752	0.172532329045	0.288032299178	0.244495347226	0.0441295279105	0.330637878464	0.0634074172911	0.00232849810965	0.00653170906266	0.00443900163065	0.00437510066459	0.00223280401192	0.280370740819	0.00505728224923	0.121788324158	0.0191650396369	0.296727337985	0.00260933405633	0.0455273848954	0.293094957266	0.0	0.00372483365963	0.0833623816595	0.283335129359	0.0480562318372	0.0479522817332	0.0481355156535
SAMEA3136634.snv.bam	0.047343143497	0.00413656315805	0.0477934164601	0.0400074905394	0.0778834802882	0.171708059474	0.287242815775	0.243857667764	0.0434258895797	0.329972661354	0.0625407699988	0.00162339386572	0.00582807073192	0.00372647523677	0.00365804550127	0.0015232651501	0.279664164541	0.00433254983576	0.121077294668	0.0185042673284	0.296043402645	0.0018876921862	0.0447932199559	0.292451768694	0.00372483365963	0.0	0.0826587433287	0.282726653434	0.0473525935064	0.0472486434025	0.0474304114096
SAMEA3136640.snv.bam	0.126980691497	0.0836553110391	0.127596876018	0.117253576897	0.159211846717	0.202160342517	0.290178571429	0.278587226792	0.122865437382	0.33903720996	0.143170464667	0.0814268534239	0.0854656187317	0.0843699712113	0.0848141060689	0.0818286332589	0.282518442306	0.0799335361054	0.0408041314614	0.0690357862222	0.301034009978	0.0814306785144	0.127885759192	0.301751251605	0.0833623816595	0.0826587433287	0.0	0.310857014085	0.126990141506	0.126886191402	0.127233870968
SAMEA3136644.snv.bam	0.272637748524	0.283250127085	0.273765576317	0.268571499295	0.289329657315	0.305390487165	0.327241222078	0.326991846392	0.281487178379	0.342726344089	0.301538445971	0.28189775673	0.285581002416	0.282755006121	0.282334287926	0.281456523662	0.327726031324	0.285434375857	0.309736946412	0.297984781285	0.292945664047	0.285996484683	0.27966049107	0.287979958815	0.283335129359	0.282726653434	0.310857014085	0.0	0.272839555174	0.272733846929	0.273396418639
peacemaker-11-392-1.snv.bam	0.00019845019845	0.0484679613356	0.000550505050505	0.000270049099836	0.0978630111696	0.181058763931	0.335005040323	0.255256816636	0.0876312876313	0.336969298246	0.0675774855397	0.0460471491228	0.0501594689095	0.0444073226545	0.0488347457627	0.0462264150943	0.28647283565	0.0499929406782	0.165874358793	0.0628356655059	0.301072412436	0.0473533692084	0.0867094944101	0.299629743906	0.0480562318372	0.0473525935064	0.126990141506	0.272839555174	0.0	0.00010395010395	0.0001875
peacemaker-11-600-0.snv.bam	9.45000945e-05	0.0483640112317	0.000446338383838	0.000163666121113	0.097756854057	0.180952380952	0.33489343318	0.255149750255	0.0875273375273	0.336864035088	0.0674724435229	0.0459429824561	0.0500555188055	0.0443020594966	0.0487288135593	0.0461215932914	0.286368451517	0.049885874297	0.165769316776	0.062731715402	0.300964187328	0.0472467594003	0.0866010345403	0.299521752546	0.0479522817332	0.0472486434025	0.126886191402	0.272733846929	0.00010395010395	0.0	8.33333333333e-05
peacemaker-11-773-0.snv.bam	0.00017803030303	0.0485481029217	0.000530777503638	0.00024930293587	0.0980499537465	0.181423494771	0.33573212095	0.255783118818	0.0877930194805	0.33749033052	0.0676987012987	0.0461224041314	0.0502431344697	0.0444799119428	0.0489171974522	0.0463025210084	0.286883866687	0.0500787624393	0.166202515338	0.0629457398091	0.301530270164	0.0474331840999	0.0868762541806	0.300083487941	0.0481355156535	0.0474304114096	0.127233870968	0.273396418639	0.0001875	8.33333333333e-05	0.0
