	158944319-stool1.snv.bam	178713055-stool2.snv.bam	663835652-stool3.snv.bam	763840445-stool2.snv.bam	765216093-stool3.snv.bam	765256553-stool3.snv.bam	765640925-stool1.snv.bam	BYQ_AAAF.snv.bam	BYQ_AAAQ.snv.bam	BYQ_AAAZ.snv.bam	CCIS02124300ST-4-0.snv.bam	CCIS11015875ST-4-0.snv.bam	CCIS11354283ST-4-0.snv.bam	CCIS14449628ST-4-0.snv.bam	CCIS21278152ST-4-0.snv.bam	CCIS28384594ST-4-0.snv.bam	CCIS62605362ST-3-0.snv.bam	CCIS64773582ST-4-0.snv.bam	CCIS78318719ST-4-0.snv.bam	CCIS81710917ST-20-0.snv.bam	CCIS81887263ST-4-0.snv.bam	CCIS87167916ST-4-0.snv.bam	CCIS91228662ST-4-0.snv.bam	CCMD13071240ST-21-0.snv.bam	CCMD13934959ST-21-0.snv.bam	CCMD18872694ST-21-0.snv.bam	CCMD19497912ST-21-0.snv.bam	CCMD25963797ST-21-0.snv.bam	CCMD60079086ST-21-0.snv.bam	CCMD64776337ST-21-0.snv.bam	CCMD86114146ST-21-0.snv.bam	CCMD93344354ST-21-0.snv.bam	M2.2-V3.metaT.snv.bam	M4.2-V2.metaT.snv.bam	MH0159.snv.bam	MH0220.snv.bam	MH0257.snv.bam	MH0332.snv.bam	MH0338.snv.bam	MH0343.snv.bam	MH0359.snv.bam	MH0376.snv.bam	MH0417.snv.bam	MH0431.snv.bam	MH0440.snv.bam	MH0446.snv.bam	MH0448.snv.bam	MH0453.snv.bam	MH0457.snv.bam	MMRS38954404ST-27-0-0.snv.bam	MMRS39582183ST-27-0-0.snv.bam	MMRS44587603ST-27-0-0.snv.bam	MMRS54246132ST-27-0-0.snv.bam	MMRS61683006ST-27-0-0.snv.bam	MMRS77321055ST-27-0-0.snv.bam	MMRS80093644ST-27-0-0.snv.bam	MMRS84954772ST-27-0-0.snv.bam	NG-5636_476.snv.bam	O2.UC28-0.snv.bam	O2.UC28-1.snv.bam	O2.UC28-2.snv.bam	O2.UC35-1.snv.bam	O2.UC40-1.snv.bam	O2.UC47-1.snv.bam	O2.UC48-0.snv.bam	O2.UC50-0.snv.bam	SZEY-103A.snv.bam	SZEY-62A.snv.bam	T2D-31A.snv.bam	T2D-59A.snv.bam	V1.FI02.snv.bam	V1.FI15.snv.bam	V1.FI36.snv.bam	V1.UC26-4.snv.bam	V1.UC60-0.snv.bam	halbarad-11-0-0.snv.bam	halbarad-11-2-0.snv.bam	halbarad-11-7-0.snv.bam	halbarad-12-7-0.snv.bam	halbarad-13-7-0.snv.bam
158944319-stool1.snv.bam	0.0	0.175144849728	0.16588803606	0.218235912104	0.159822131188	0.105730254282	0.163647700075	0.186887568324	0.185892873048	0.186910956285	0.229479828889	0.177346489754	0.171220084975	0.209177852371	0.180429649949	0.203025855929	0.175156530677	0.160015211352	0.172414208028	0.159592633476	0.156243785868	0.189459332151	0.182796950466	0.210291283504	0.153814121598	0.165558693948	0.181691957637	0.211183875006	0.172598459332	0.166055930848	0.173465744159	0.177023961354	0.173089059974	0.165432540095	0.149865320539	0.132579331326	0.1951664376	0.156400622756	0.203420064425	0.232675307419	0.161939070158	0.21406363427	0.209025933999	0.169131053301	0.174689669875	0.135813663713	0.177666899979	0.179333950813	0.195621552961	0.137547245044	0.170793826229	0.140569507579	0.203157818689	0.160901897408	0.167319676061	0.143182450413	0.0555264957481	0.178399605029	0.153922831334	0.151454415105	0.151725134016	0.177009447554	0.137945781102	0.18117512801	0.206209766228	0.174176525216	0.146088033756	0.206786590301	0.148674724001	0.151625132429	0.203854800778	0.22413666829	0.163143354952	0.195991267118	0.187776518318	0.146178716221	0.147681617194	0.14764968649	0.14598557079	0.147357430973
178713055-stool2.snv.bam	0.175144849728	0.0	0.171290036394	0.184371620923	0.143426096029	0.151421320429	0.0178231353963	0.0243699557825	0.0216083265123	0.0244521697028	0.242577190665	0.0167577640395	0.183125290126	0.223317171071	0.172326041097	0.204904152534	0.00777695868276	0.151674199195	0.0292664745658	0.148651559168	0.150566909395	0.179465733958	0.0122386641596	0.239523778769	0.196283881889	0.00768950581438	0.00933940266203	0.241955397838	0.00010343847684	0.200406640588	0.205185997958	0.00785346135037	0.00271621892135	0.198242602896	0.148982156668	0.163254913469	0.163021653827	0.183132667758	0.221443261309	0.249048465007	0.154626875276	0.182984442366	0.179941408215	0.0728759334384	0.0229082537991	0.154622118727	0.178375620718	0.00516837031283	0.161259762279	0.168912074733	0.176890803024	0.166360104596	0.22799640136	0.171256629224	0.145675045464	0.169138177098	0.168085397517	0.19135361101	0.127818010027	0.125301861781	0.127734484145	0.00230964933878	0.175096375484	0.180966599329	0.229752519335	0.00206413291559	0.167384886248	0.212705409127	0.144358887443	0.156560211227	0.172258491691	0.238989351696	0.15497678623	0.161557519602	0.178980790704	0.133019374378	0.134522374166	0.134533353021	0.135393512722	0.134293926775
663835652-stool3.snv.bam	0.16588803606	0.171290036394	0.0	0.217264251177	0.169773884397	0.150031145984	0.158438104678	0.197740536258	0.195802239167	0.198138039031	0.217625820966	0.17402880108	0.00679119619207	0.205176767677	0.0195373748605	0.191111111111	0.167776627559	0.176541080447	0.171061099561	0.160030438012	0.152289798503	0.188791867957	0.174273493294	0.216017068855	0.192945565692	0.168331919968	0.172925925926	0.228535831072	0.165796245837	0.162937991577	0.177613811728	0.17636966882	0.163523119976	0.158716144361	0.140508238119	0.159425864766	0.206781096066	0.141392455976	0.205157817299	0.214230019477	0.164346932794	0.221797849175	0.215289212222	0.168585626973	0.178172398769	0.159341568643	0.00516430391124	0.17663868667	0.207798457274	0.179215072982	0.00607984351989	0.176479660448	0.215846831927	0.011493993994	0.175903703704	0.179087287924	0.161241789973	0.158596270487	0.151671012125	0.149026535604	0.149588044976	0.173543680978	0.175828226611	0.192844484215	0.226211284343	0.173112864723	0.149556376437	0.168611402086	0.154463425665	0.190973127858	0.210960575823	0.21902563148	0.159128748826	0.206997375334	0.187407717074	0.136414313657	0.138445137358	0.138502229443	0.137119845299	0.138449687621
763840445-stool2.snv.bam	0.218235912104	0.184371620923	0.217264251177	0.0	0.171843997083	0.186201961839	0.170899339508	0.195112434373	0.193696547204	0.195703851297	0.239318687331	0.190803067783	0.232731623948	0.224337297515	0.217099789375	0.21090459542	0.190514855979	0.191633975456	0.181970543981	0.186518875329	0.182611394389	0.209359775849	0.196039039071	0.235639133454	0.213538910531	0.17786340919	0.194990360287	0.250226404965	0.184518480293	0.194288950545	0.208760996433	0.186208953868	0.186689418472	0.196697436387	0.177054061263	0.182252895507	0.0629186607072	0.185392219942	0.211089496301	0.246186522904	0.18859736735	0.0118701839938	0.0142337705929	0.20412922017	0.183364432975	0.18388359889	0.22704585242	0.187877102931	0.0603775548982	0.195306414663	0.218242876267	0.197637114922	0.218134884784	0.213706758292	0.176511777724	0.200112173089	0.207241138195	0.175928918584	0.164574735201	0.159361278798	0.16503892264	0.188211172004	0.205044529681	0.204647254221	0.223158149181	0.18798024341	0.18178467921	0.182739200315	0.177916843513	0.199831376481	0.0451420362724	0.239853396591	0.189806315773	0.0618549174195	0.209288390842	0.164191482356	0.167817516137	0.167676519448	0.166398186797	0.167377884907
765216093-stool3.snv.bam	0.159822131188	0.143426096029	0.169773884397	0.171843997083	0.0	0.128285232222	0.125059516652	0.159484456281	0.157832178255	0.159811644122	0.221618155394	0.150068411754	0.184971078802	0.198329207921	0.172459332047	0.190497467977	0.135783298827	0.131353125612	0.140439011999	0.127246676631	0.130190301081	0.161940701262	0.150701599035	0.230433162694	0.171402704022	0.125167441836	0.14966251298	0.229820822169	0.140608465608	0.149630591538	0.17533616419	0.147535324131	0.142848952446	0.150485831844	0.125028694442	0.110844644749	0.14343822582	0.139373422636	0.218252046048	0.222900418223	0.130604778005	0.165172795566	0.166892460171	0.138081269064	0.147238317025	0.113652806889	0.179766283935	0.147840081915	0.141196185957	0.168574409419	0.178534995963	0.166305706414	0.211203565898	0.15840877915	0.00254413291796	0.168630474555	0.132162391732	0.148068310658	0.110327767776	0.109542775286	0.110260460838	0.144769491649	0.130001968622	0.148722516404	0.209952910356	0.144754766304	0.135174339549	0.188944876175	0.12754105001	0.12190211638	0.158646376748	0.222032631142	0.130370968293	0.141932535605	0.161587654296	0.118138666745	0.117389367313	0.117374830168	0.118190128643	0.117119079886
765256553-stool3.snv.bam	0.105730254282	0.151421320429	0.150031145984	0.186201961839	0.128285232222	0.0	0.142185490246	0.165967360885	0.164151646257	0.166684926674	0.228965380712	0.149289495311	0.159686094778	0.204875775872	0.162293620616	0.193768105533	0.145607436523	0.15395509719	0.153410136347	0.126490082297	0.129499128303	0.176387566096	0.15422547252	0.224161518323	0.149110818044	0.138119758648	0.153030177588	0.232611344583	0.148568472615	0.157606630642	0.154646727112	0.153056192846	0.152974347634	0.155700883394	0.143517005318	0.11644025921	0.165112639915	0.152691168925	0.20742387278	0.232415534408	0.130742433718	0.185102211154	0.18100107349	0.140765006168	0.152961113086	0.1049820684	0.165544978133	0.156541580137	0.165551513387	0.0937806805891	0.155850789381	0.0915734152698	0.22073988339	0.14667605262	0.13094479171	0.0940621227777	0.116144813151	0.16729197527	0.143644044142	0.141086369247	0.141236998255	0.153239011382	0.125242090084	0.157803704604	0.205221372729	0.150920263767	0.100384474897	0.188967284886	0.126127447148	0.13682682432	0.177503739213	0.228869769912	0.130789125266	0.166530636432	0.175681769448	0.12977505691	0.131387311481	0.131438657389	0.129790325605	0.131038578169
765640925-stool1.snv.bam	0.163647700075	0.0178231353963	0.158438104678	0.170899339508	0.125059516652	0.142185490246	0.0	0.0419367302221	0.0394077201682	0.0421664693966	0.230159761876	0.0293581814516	0.161946211408	0.20996360765	0.153492768274	0.18983472921	0.026353122651	0.142446107471	0.0425050238784	0.147053501348	0.145542443019	0.165550130173	0.0300316338574	0.226799944463	0.183893974762	0.0257238158007	0.0270878629077	0.228632284852	0.0156718793833	0.183123140465	0.181144456048	0.0252728951154	0.0190158129451	0.182900122013	0.141437320862	0.154116484839	0.149334444275	0.164569884533	0.208157495692	0.236110672044	0.152256710849	0.169408486418	0.166071263562	0.0832766948962	0.0401207268638	0.14560435991	0.158875303427	0.0214411243481	0.147519950772	0.150978640526	0.158404425176	0.148639215738	0.214068403085	0.152273520748	0.127764417683	0.151250024695	0.15219864533	0.173820317394	0.110805932896	0.108862473466	0.11116821869	0.0198359485064	0.168315918446	0.162331979336	0.215873162765	0.0189783556989	0.157675017759	0.192728625177	0.129746402739	0.145202398608	0.158905512039	0.225848217413	0.153064224977	0.148167399454	0.164496336797	0.116893410047	0.11849853895	0.118437019323	0.119143766289	0.118304408072
BYQ_AAAF.snv.bam	0.186887568324	0.0243699557825	0.197740536258	0.195112434373	0.159484456281	0.165967360885	0.0419367302221	0.0	0.00132299727614	0.00180484034872	0.248713061126	0.0400373462315	0.212424594767	0.227637718713	0.197088048202	0.214706549377	0.0287942720037	0.163805677651	0.0395227864133	0.164625430941	0.166292416753	0.195804104782	0.0360543148338	0.246045776663	0.203883948215	0.0232160244253	0.0333522517268	0.248678117118	0.0245362517592	0.215628717746	0.213558924143	0.0225357492727	0.0283429349803	0.21409262987	0.173060898793	0.187454324266	0.1767007479	0.198714527502	0.228373376058	0.254735772477	0.170097713722	0.189724410777	0.190644831887	0.0869913280366	0.0370534165027	0.180608580392	0.20461901753	0.0280161704398	0.177103247455	0.180485544525	0.202854434365	0.182729549447	0.227390971519	0.188188513077	0.161790372892	0.185160567324	0.180294218021	0.207494296936	0.143222387838	0.140771020155	0.143449530305	0.0252922835429	0.19958888895	0.196684798941	0.23150561194	0.0257858972712	0.178284462796	0.209594525124	0.170064466405	0.163156445872	0.183328370169	0.245275887559	0.170477343079	0.177242754626	0.195619890129	0.149264340661	0.150634062584	0.150575168195	0.15158417675	0.150461581185
BYQ_AAAQ.snv.bam	0.185892873048	0.0216083265123	0.195802239167	0.193696547204	0.157832178255	0.164151646257	0.0394077201682	0.00132299727614	0.0	0.00152109105712	0.250487538387	0.037581019066	0.210966310039	0.229014344923	0.196078439871	0.215745601916	0.0256236608509	0.162322932433	0.0346328846797	0.16339009572	0.165306152048	0.192134391883	0.0333633625131	0.247558399703	0.205200761508	0.0203736321097	0.0306657848325	0.250358814128	0.0218104222821	0.212740737316	0.211516244008	0.020309660752	0.0255742991986	0.210711066421	0.168607689513	0.186424427486	0.175477224926	0.195269653486	0.229878718991	0.256518725543	0.168960589053	0.190389783483	0.189032007345	0.0846948713443	0.0346332495418	0.179284689712	0.203488582409	0.025730026769	0.175765188093	0.179080841639	0.201638866423	0.181343725257	0.22851726503	0.186732874968	0.158057760141	0.183924246406	0.180814646551	0.204060441	0.142025270006	0.139569350532	0.142013457663	0.0226297681748	0.198867653297	0.193257269848	0.232567917449	0.0232564795549	0.174949417646	0.210563214362	0.168913414484	0.163870495169	0.182273455391	0.246469116256	0.169420640401	0.176142578125	0.191924509795	0.147603890041	0.148994703652	0.148935399325	0.150028582995	0.148824819278
BYQ_AAAZ.snv.bam	0.186910956285	0.0244521697028	0.198138039031	0.195703851297	0.159811644122	0.166684926674	0.0421664693966	0.00180484034872	0.00152109105712	0.0	0.249571882996	0.0402286512317	0.212594782249	0.228499271084	0.197559596092	0.215384276984	0.028656567184	0.164287107879	0.0395097970792	0.165055315676	0.167198092059	0.19611242593	0.0361193970603	0.246648352397	0.204001836928	0.0233003813625	0.0334340876521	0.249027551516	0.0246928059219	0.216197723791	0.214057851179	0.0230400659672	0.0285779597489	0.21469864369	0.17286548017	0.187505342855	0.176854150164	0.198401509687	0.228860608632	0.255033029242	0.16988164164	0.190219346643	0.190942272935	0.0863705595976	0.0365952122319	0.180771175371	0.204923487104	0.0278961173473	0.177476799939	0.180833651237	0.203429101048	0.183076854071	0.228289792059	0.188671114668	0.162246348188	0.185639537517	0.180660353598	0.208085405386	0.143496794221	0.140583872687	0.143527723688	0.0254731009908	0.19965947446	0.196577368542	0.231964359293	0.0254991055782	0.1785657159	0.209637731719	0.169962266125	0.163266977523	0.18373712832	0.24531684875	0.17079223756	0.177472252091	0.19514036906	0.149503577689	0.1508716459	0.15081275151	0.151822859988	0.150698618332
CCIS02124300ST-4-0.snv.bam	0.229479828889	0.242577190665	0.217625820966	0.239318687331	0.221618155394	0.228965380712	0.230159761876	0.248713061126	0.250487538387	0.249571882996	0.0	0.243376651088	0.235173186606	0.0574112051075	0.214613371366	0.075590892797	0.233763508309	0.204016875005	0.242480751086	0.219363662219	0.20705715078	0.22213072283	0.249657483052	0.0912049218901	0.246903850735	0.239020541265	0.248310100795	0.107767898091	0.241185941945	0.238946613964	0.187763617018	0.249617138374	0.243788134112	0.242267574245	0.205235256363	0.222054954215	0.223289715659	0.221392398042	0.106894	0.0513436787686	0.224653312831	0.234816627735	0.232330790452	0.230959482032	0.247381191574	0.229309324284	0.224426082196	0.246567117559	0.220867267387	0.249654203829	0.223378968403	0.251586250937	0.0986468521466	0.215648129132	0.229825955397	0.253984333451	0.231421502204	0.230140262049	0.216392841471	0.216395871796	0.216623409165	0.244411830413	0.240910772513	0.227522371887	0.0804617708005	0.24492374542	0.227651845202	0.168764393958	0.221994234502	0.227012813668	0.230069135847	0.0533880458968	0.22949456684	0.220574646745	0.219550109728	0.215661681805	0.214072604841	0.214198024113	0.215413323739	0.213751652862
CCIS11015875ST-4-0.snv.bam	0.177346489754	0.0167577640395	0.17402880108	0.190803067783	0.150068411754	0.149289495311	0.0293581814516	0.0400373462315	0.037581019066	0.0402286512317	0.243376651088	0.0	0.185234431802	0.219024627604	0.173158990268	0.200664350221	0.0196728400783	0.143746617475	0.021799773971	0.150794608004	0.154357296981	0.1760591758	0.0102721390854	0.235212507695	0.203796055834	0.0239295168374	0.00738425396887	0.239259035411	0.0145483617716	0.201377489133	0.201271532864	0.0246015667798	0.0149862831125	0.201989778818	0.15118091115	0.164790080511	0.169288664934	0.184048461022	0.221498925936	0.249460163595	0.156509604618	0.189374860755	0.186498829226	0.0862982839784	0.038737454964	0.157168192666	0.180907740393	0.0210967937958	0.167000225627	0.157427255541	0.174499640228	0.15504627258	0.227968491021	0.173419021054	0.152200133352	0.157678778677	0.162830885417	0.19275018698	0.13441822473	0.131898718135	0.134437865744	0.0180480151279	0.181926038073	0.177982533326	0.225131633577	0.0184044187203	0.160191150687	0.212562047663	0.148691509155	0.158863780369	0.178781872259	0.235491886727	0.156732894339	0.167659676868	0.175741526644	0.140161092301	0.141522424381	0.141499086422	0.142246401582	0.141090539722
CCIS11354283ST-4-0.snv.bam	0.171220084975	0.183125290126	0.00679119619207	0.232731623948	0.184971078802	0.159686094778	0.161946211408	0.212424594767	0.210966310039	0.212594782249	0.235173186606	0.185234431802	0.0	0.215792048163	0.0287929037031	0.208188562696	0.177341399438	0.190532989774	0.191121991041	0.174887125424	0.166344212538	0.192301278597	0.185955392373	0.231850290397	0.198105199137	0.18273020486	0.184723631772	0.226956162306	0.180506980952	0.189079896677	0.189456091608	0.188452585711	0.177123069568	0.189164075907	0.150451347876	0.170374560295	0.219348699464	0.170578267436	0.219301703427	0.239258582267	0.181154818491	0.233533925832	0.224640767223	0.176144199752	0.192575029017	0.177392875264	0.0135160008542	0.18782579318	0.220770163622	0.179790815554	0.00891648689945	0.177434606237	0.223232308406	0.0227006047355	0.192743304561	0.180081666688	0.176097999779	0.186626776054	0.163061518091	0.160222196884	0.160912795151	0.18494264333	0.186257190265	0.198855878228	0.23113975091	0.18479386746	0.161039569144	0.186100807414	0.169299113947	0.204382281635	0.224397053548	0.233613018151	0.170480642308	0.219371124139	0.191027551345	0.158532180151	0.160468087834	0.160539247771	0.159344501157	0.160526912627
CCIS14449628ST-4-0.snv.bam	0.209177852371	0.223317171071	0.205176767677	0.224337297515	0.198329207921	0.204875775872	0.20996360765	0.227637718713	0.229014344923	0.228499271084	0.0574112051075	0.219024627604	0.215792048163	0.0	0.19887748942	0.0630865879503	0.214184916391	0.183249468172	0.224974361982	0.198219910841	0.18726051826	0.197666844389	0.225918114215	0.0732446510562	0.206522705239	0.219038733629	0.224559620596	0.115066788866	0.2215657822	0.216819959954	0.162082874954	0.230700779638	0.225458030981	0.217370303359	0.182204127626	0.205128707775	0.205228791547	0.201229665291	0.098497647108	0.0607821336457	0.203845615037	0.219140757085	0.217386053982	0.206077561156	0.228367723284	0.208847726321	0.21663635439	0.227992141334	0.201790218634	0.239771047308	0.209833839151	0.239673412049	0.0881001132362	0.19992084053	0.200250677507	0.239725479346	0.207536237825	0.210046493722	0.192941548705	0.19268834458	0.193106162602	0.22520264593	0.223934378543	0.206848155806	0.0674893587599	0.225642732224	0.212672935826	0.162516645788	0.201802930332	0.196128723621	0.21451577627	0.0283493553408	0.209502606	0.202010600955	0.194746818759	0.191921083695	0.190507286599	0.190539655619	0.191701403784	0.190128124788
CCIS21278152ST-4-0.snv.bam	0.180429649949	0.172326041097	0.0195373748605	0.217099789375	0.172459332047	0.162293620616	0.153492768274	0.197088048202	0.196078439871	0.197559596092	0.214613371366	0.173158990268	0.0287929037031	0.19887748942	0.0	0.180171991761	0.170535564971	0.182500651689	0.178203840387	0.178022276067	0.156519813996	0.185970928899	0.174999366938	0.207831838682	0.202777721996	0.172031122345	0.173788688382	0.218847327254	0.167423589618	0.181275871127	0.187117951633	0.176512509716	0.168612785333	0.180868503579	0.148226851301	0.166486019507	0.203464131839	0.163209732533	0.190297245275	0.218104622457	0.183511736569	0.218264216131	0.211393391824	0.174564100583	0.180488033401	0.168172098694	0.0233866230631	0.176712505149	0.203269832351	0.18637882574	0.0263845537135	0.184255763347	0.201834346865	0.0308063269677	0.179500054022	0.186495534737	0.171566447219	0.176532497295	0.160529123208	0.158371537238	0.1590907451	0.174104873192	0.185521752721	0.194966471673	0.203931098351	0.174218781637	0.162954559369	0.165405810477	0.165262018079	0.194415917776	0.210979470214	0.215064770646	0.175639291778	0.203135659693	0.185483099323	0.141969143358	0.143051242975	0.143177597981	0.141968605867	0.142827803449
CCIS28384594ST-4-0.snv.bam	0.203025855929	0.204904152534	0.191111111111	0.21090459542	0.190497467977	0.193768105533	0.18983472921	0.214706549377	0.215745601916	0.215384276984	0.075590892797	0.200664350221	0.208188562696	0.0630865879503	0.180171991761	0.0	0.201832029642	0.18969017094	0.210054012118	0.196839065966	0.176337566925	0.172758493441	0.207676464808	0.0628084365769	0.221018709077	0.205707466684	0.206349206349	0.0845295354963	0.202702702703	0.203504552719	0.156363636364	0.212104757392	0.205468102734	0.201712966864	0.156782438787	0.196072291722	0.187424157126	0.179063998986	0.0557297660215	0.0801456720714	0.201782251854	0.209290834532	0.20366487698	0.193109747019	0.215109070549	0.198779157034	0.197670538517	0.209981588137	0.183469255761	0.228077507599	0.192327608871	0.228002602343	0.049145493043	0.186723163842	0.195855379189	0.227835465951	0.195274151211	0.195592556843	0.184770348438	0.185159223047	0.185787218514	0.207174708305	0.213088235781	0.188077388255	0.0530946994182	0.206799503742	0.202282222773	0.147827589875	0.190463479414	0.173782871788	0.200014962806	0.06759458393	0.208738852127	0.184483361345	0.171666054766	0.179362325369	0.177905193626	0.177852851827	0.179133997648	0.17752727233
CCIS62605362ST-3-0.snv.bam	0.175156530677	0.00777695868276	0.167776627559	0.190514855979	0.135783298827	0.145607436523	0.026353122651	0.0287942720037	0.0256236608509	0.028656567184	0.233763508309	0.0196728400783	0.177341399438	0.214184916391	0.170535564971	0.201832029642	0.0	0.141431315434	0.0293071822692	0.14662273676	0.147511654472	0.156512478592	0.0158398958676	0.232141205086	0.197140992901	0.0106305337424	0.0126525484566	0.237769184184	0.00517993456925	0.183320682412	0.18930984556	0.016165481911	0.00534294799001	0.180287304597	0.148467414377	0.154968310653	0.166516636225	0.173715949015	0.221275044656	0.237913519586	0.152790698566	0.18911652949	0.185369206191	0.0684812270807	0.0271337849895	0.147122164678	0.177563372904	0.00727420469595	0.164683726104	0.161002886003	0.177368429758	0.158467321254	0.227916701867	0.166761148904	0.138196937066	0.161211596677	0.157860144916	0.18308964184	0.116260479424	0.113541344955	0.115461199392	0.00669242869041	0.170199812226	0.163924758706	0.222628647419	0.00704884235449	0.160697131477	0.200247964672	0.138400861291	0.154489506728	0.177244775581	0.221781811743	0.153301693207	0.165166491936	0.158217499626	0.126983105225	0.128649346765	0.128702795775	0.128827229063	0.128495033233
CCIS64773582ST-4-0.snv.bam	0.160015211352	0.151674199195	0.176541080447	0.191633975456	0.131353125612	0.15395509719	0.142446107471	0.163805677651	0.162322932433	0.164287107879	0.204016875005	0.143746617475	0.190532989774	0.183249468172	0.182500651689	0.18969017094	0.141431315434	0.0	0.138919473919	0.144194318241	0.145940997895	0.177462095825	0.149217242073	0.205029299979	0.166976718114	0.14544208803	0.148404029897	0.221202243855	0.148867476033	0.177024695344	0.163808201058	0.15851673141	0.148574763239	0.179251879703	0.142834794179	0.153964943193	0.154220460723	0.170167351444	0.20638921214	0.209888391453	0.150529148436	0.184677451524	0.184167714769	0.17012308339	0.156093533176	0.152772913361	0.18492723429	0.15635453566	0.156576334048	0.148535617499	0.176231910086	0.151093531389	0.200276310145	0.167892938963	0.136349013716	0.153555467862	0.149260820066	0.181723931322	0.141684699841	0.141520979006	0.136853328208	0.15273253695	0.159536615095	0.157285252591	0.185386215092	0.153215083228	0.128277452923	0.168526141806	0.144060691027	0.170464771945	0.176408767939	0.199041419353	0.155320111567	0.155265809938	0.179751323855	0.147456064857	0.146328720582	0.146407161048	0.14235323066	0.146001289231
CCIS78318719ST-4-0.snv.bam	0.172414208028	0.0292664745658	0.171061099561	0.181970543981	0.140439011999	0.153410136347	0.0425050238784	0.0395227864133	0.0346328846797	0.0395097970792	0.242480751086	0.021799773971	0.191121991041	0.224974361982	0.178203840387	0.210054012118	0.0293071822692	0.138919473919	0.0	0.152735801231	0.15528061458	0.179435098622	0.0224137691778	0.232422958969	0.20138013687	0.0280987066911	0.0198619132805	0.239547565402	0.0273474471816	0.19844711754	0.179634982852	0.0371380393816	0.0287827450125	0.198209486277	0.155745703015	0.168565327541	0.16643213444	0.179729228221	0.223674346538	0.249173948684	0.158678256126	0.179852819691	0.17500435183	0.0895337774272	0.042769995973	0.166764879661	0.185351700892	0.0337932616278	0.164793875954	0.157015251104	0.183729546585	0.159340119239	0.226742360152	0.168584691171	0.145077860124	0.16193267079	0.165185980256	0.188171283035	0.129586584559	0.124781602081	0.129567724134	0.0299361843471	0.188725075692	0.180958544651	0.222048903269	0.0308597749729	0.140274993503	0.204767720396	0.158451882431	0.161146135627	0.169694981591	0.233612686288	0.157968385828	0.165823514198	0.179161936262	0.132551020824	0.13639880863	0.136307402619	0.134433823019	0.135819873042
CCIS81710917ST-20-0.snv.bam	0.159592633476	0.148651559168	0.160030438012	0.186518875329	0.127246676631	0.126490082297	0.147053501348	0.164625430941	0.16339009572	0.165055315676	0.219363662219	0.150794608004	0.174887125424	0.198219910841	0.178022276067	0.196839065966	0.14662273676	0.144194318241	0.152735801231	0.0	0.0420949211455	0.162702135511	0.155899714729	0.211016062883	0.111649727313	0.130789655616	0.154777677898	0.224428354408	0.148294629596	0.137756932225	0.182011690823	0.155314124591	0.146252680833	0.139558406043	0.115793544976	0.142528823322	0.165187142645	0.136268923837	0.210925980235	0.220750756202	0.0054498225995	0.18547941746	0.184693946341	0.120187554656	0.147920971282	0.133485132694	0.178181853476	0.153420386028	0.163122561285	0.159479029582	0.169674695432	0.157155351912	0.209935117361	0.157021403331	0.134359697463	0.159726395094	0.142189682865	0.141886466973	0.141417979564	0.13847960131	0.136864547122	0.15230602691	0.154427761545	0.152108323448	0.204981562466	0.150430836502	0.157688468984	0.180525369414	0.129605010333	0.151797139419	0.157304142896	0.211058062506	0.00966463201911	0.168191399972	0.166729984748	0.13533688945	0.139129830242	0.139141688511	0.135379956672	0.138813186276
CCIS81887263ST-4-0.snv.bam	0.156243785868	0.150566909395	0.152289798503	0.182611394389	0.130190301081	0.129499128303	0.145542443019	0.166292416753	0.165306152048	0.167198092059	0.20705715078	0.154357296981	0.166344212538	0.18726051826	0.156519813996	0.176337566925	0.147511654472	0.145940997895	0.15528061458	0.0420949211455	0.0	0.165850835907	0.155966335292	0.197516230951	0.119567396417	0.134938805244	0.155077636725	0.207373520503	0.151183995052	0.14754743413	0.162530874658	0.155433595349	0.151071729807	0.149246100871	0.123424362974	0.143294930582	0.163259910321	0.140500170062	0.193344410523	0.206159873261	0.045655583419	0.180153224601	0.178678240999	0.129204568502	0.15262359567	0.137152001332	0.163944254981	0.155093317352	0.161210588681	0.156314944849	0.16000502812	0.154437072738	0.192791477958	0.146543109978	0.137181322293	0.156935741384	0.139956003252	0.148971258273	0.137718214749	0.134740700921	0.134117659689	0.153700438598	0.158467544566	0.152602555006	0.190518679692	0.152845837121	0.146208489067	0.161936440163	0.133446451934	0.154311127224	0.154629963989	0.198091364892	0.0490272697033	0.164974333405	0.167779369714	0.129078708743	0.132794306043	0.132830384588	0.130131738611	0.132578968083
CCIS87167916ST-4-0.snv.bam	0.189459332151	0.179465733958	0.188791867957	0.209359775849	0.161940701262	0.176387566096	0.165550130173	0.195804104782	0.192134391883	0.19611242593	0.22213072283	0.1760591758	0.192301278597	0.197666844389	0.185970928899	0.172758493441	0.156512478592	0.177462095825	0.179435098622	0.162702135511	0.165850835907	0.0	0.181962263206	0.203312469895	0.217972632287	0.171553033777	0.180904546438	0.222200040054	0.178668427315	0.18348720414	0.17433641588	0.186598535969	0.176062661333	0.182607654066	0.141363065312	0.156027382031	0.178058813212	0.176221334264	0.202546557567	0.212778653189	0.16544121453	0.209059210583	0.210606864992	0.159813239564	0.176376349978	0.168892575646	0.196764837452	0.183785720492	0.179616918941	0.188662107177	0.190122081764	0.186221133719	0.196343429381	0.180196936517	0.169074368584	0.188740541099	0.165217330051	0.189870229016	0.161664536545	0.158809533955	0.157320560168	0.180918493255	0.187107438432	0.0812149310511	0.191102123514	0.178546695815	0.196417883725	0.191693219244	0.172343361499	0.130614005375	0.194836430578	0.211242521908	0.172799370966	0.180856425146	0.00709786198048	0.158456406767	0.15961249001	0.159704612027	0.155984449405	0.159507597537
CCIS91228662ST-4-0.snv.bam	0.182796950466	0.0122386641596	0.174273493294	0.196039039071	0.150701599035	0.15422547252	0.0300316338574	0.0360543148338	0.0333633625131	0.0361193970603	0.249657483052	0.0102721390854	0.185955392373	0.225918114215	0.174999366938	0.207676464808	0.0158398958676	0.149217242073	0.0224137691778	0.155899714729	0.155966335292	0.181962263206	0.0	0.242000325195	0.20443536995	0.0201456683743	0.00306696836311	0.244404941206	0.0125142353746	0.207614850134	0.202102403363	0.0202065055488	0.0157775007383	0.20532647455	0.159679054289	0.165930742048	0.174447623522	0.189760059269	0.228285061118	0.255796751395	0.161533886922	0.194298383685	0.191775521062	0.0820686109317	0.0345361192716	0.157465739833	0.181060190442	0.0170528414477	0.172310105406	0.162241220201	0.179407883116	0.159639874794	0.235502073295	0.173978205536	0.152913358532	0.16248220652	0.168472320004	0.198079308168	0.134870592029	0.132449377941	0.1348541114	0.0131321505477	0.182112385802	0.183439613626	0.232104731614	0.0134744049327	0.160384042543	0.213472588342	0.149307858628	0.161261602331	0.18410327786	0.241254559815	0.161309566927	0.173449736302	0.181416338606	0.140275619116	0.141710781886	0.141550236369	0.142201675367	0.141217108439
CCMD13071240ST-21-0.snv.bam	0.210291283504	0.239523778769	0.216017068855	0.235639133454	0.230433162694	0.224161518323	0.226799944463	0.246045776663	0.247558399703	0.246648352397	0.0912049218901	0.235212507695	0.231850290397	0.0732446510562	0.207831838682	0.0628084365769	0.232141205086	0.205029299979	0.232422958969	0.211016062883	0.197516230951	0.203312469895	0.242000325195	0.0	0.239040596784	0.238165063335	0.240648757754	0.0956854158675	0.238065080019	0.242598168817	0.1838155914	0.246853820234	0.24044620192	0.246288076778	0.209136448467	0.232814073406	0.214818610166	0.224840469447	0.105429074554	0.0683688521658	0.216356557349	0.230968196539	0.229090676103	0.232351581255	0.244393306303	0.238022949737	0.226954027187	0.243745262912	0.211621117635	0.250560807084	0.219838469259	0.252804961739	0.0858298094037	0.210497529767	0.236010392974	0.255134941027	0.218233536976	0.239141227625	0.214852733795	0.215277840866	0.215624843426	0.241385049256	0.242375387539	0.209594940258	0.0484939001444	0.241762061611	0.226710178373	0.17456275161	0.222859660414	0.22588596833	0.221284230941	0.0834378983582	0.221925335507	0.211964499417	0.205333485543	0.212140569324	0.210650901382	0.210682199087	0.211901003339	0.210236750539
CCMD13934959ST-21-0.snv.bam	0.153814121598	0.196283881889	0.192945565692	0.213538910531	0.171402704022	0.149110818044	0.183893974762	0.203883948215	0.205200761508	0.204001836928	0.246903850735	0.203796055834	0.198105199137	0.206522705239	0.202777721996	0.221018709077	0.197140992901	0.166976718114	0.20138013687	0.111649727313	0.119567396417	0.217972632287	0.20443536995	0.239040596784	0.0	0.182300157162	0.203230957454	0.23714938909	0.196654358173	0.191890105376	0.177201654613	0.198605505664	0.203091314206	0.197421504382	0.174954630865	0.181304889043	0.199446502817	0.19258794951	0.222904060122	0.24270995016	0.115758004836	0.210460052046	0.210156853068	0.172535668012	0.200184807619	0.179395445187	0.201695649769	0.200784314497	0.203863870955	0.184101538472	0.197148633885	0.187298773288	0.232600822052	0.188625201087	0.173510993588	0.190055114562	0.161958126136	0.208757532777	0.192840658085	0.189461407997	0.187604024335	0.200499737929	0.185801937738	0.221342674763	0.224105466849	0.200766859147	0.17684748824	0.203823180356	0.172333352739	0.186397302054	0.204198048065	0.230358358376	0.121226994814	0.202116065083	0.211630229379	0.18526609305	0.18701893208	0.187106499255	0.183419217097	0.18711592627
CCMD18872694ST-21-0.snv.bam	0.165558693948	0.00768950581438	0.168331919968	0.17786340919	0.125167441836	0.138119758648	0.0257238158007	0.0232160244253	0.0203736321097	0.0233003813625	0.239020541265	0.0239295168374	0.18273020486	0.219038733629	0.172031122345	0.205707466684	0.0106305337424	0.14544208803	0.0280987066911	0.130789655616	0.134938805244	0.171553033777	0.0201456683743	0.238165063335	0.182300157162	0.0	0.0172723526216	0.238164740045	0.00794428214088	0.181566461679	0.19834069093	0.0156546277527	0.010951527294	0.178924199261	0.14545943151	0.156159475273	0.155901965475	0.168336115467	0.217668338228	0.245653991551	0.137145335367	0.173789848557	0.173154921526	0.0624611169826	0.017078040911	0.148984733123	0.178892087754	0.0123907761733	0.154093485449	0.154871608723	0.177359526088	0.152149197643	0.221030432593	0.156504856297	0.125408213601	0.155136969026	0.150352171367	0.174107036776	0.114194715155	0.111547794956	0.114044128858	0.00968091285805	0.169801913689	0.168414165918	0.226137960262	0.00961816134944	0.152960996497	0.204244034302	0.135572974181	0.148060089712	0.162451281214	0.234606145011	0.137280149893	0.154450369648	0.170817606542	0.120359528856	0.121992012098	0.122003277811	0.122826209843	0.121787302719
CCMD19497912ST-21-0.snv.bam	0.181691957637	0.00933940266203	0.172925925926	0.194990360287	0.14966251298	0.153030177588	0.0270878629077	0.0333522517268	0.0306657848325	0.0334340876521	0.248310100795	0.00738425396887	0.184723631772	0.224559620596	0.173788688382	0.206349206349	0.0126525484566	0.148404029897	0.0198619132805	0.154777677898	0.155077636725	0.180904546438	0.00306696836311	0.240648757754	0.203230957454	0.0172723526216	0.0	0.243115417129	0.00936768149883	0.20637650733	0.200626959248	0.0170965423021	0.0124601564764	0.20445081503	0.156244654848	0.164750231332	0.173814183756	0.189183539982	0.227095582828	0.254764608536	0.160711438257	0.193799801212	0.190832772743	0.0817165060149	0.0321846919547	0.156400032599	0.179823174838	0.0142389494087	0.171542505637	0.161101946552	0.178324748361	0.158782319212	0.234357841168	0.172749391727	0.151800766284	0.161345002658	0.167403864906	0.19758605628	0.134025832159	0.131549979388	0.13394915919	0.0112127886693	0.181100628702	0.18247307303	0.230969513474	0.0112546221749	0.159397342216	0.212593548179	0.148338173535	0.158296175432	0.183058308234	0.240098539501	0.161073756448	0.172281879806	0.180641807099	0.139260673446	0.140713604348	0.140724532609	0.141609372958	0.140471974577
CCMD25963797ST-21-0.snv.bam	0.211183875006	0.241955397838	0.228535831072	0.250226404965	0.229820822169	0.232611344583	0.228632284852	0.248678117118	0.250358814128	0.249027551516	0.107767898091	0.239259035411	0.226956162306	0.115066788866	0.218847327254	0.0845295354963	0.237769184184	0.221202243855	0.239547565402	0.224428354408	0.207373520503	0.222200040054	0.244404941206	0.0956854158675	0.23714938909	0.238164740045	0.243115417129	0.0	0.240471114716	0.249825541944	0.192724087166	0.249627361303	0.25036331917	0.253658699213	0.225011406745	0.221888338594	0.228613525107	0.231345656768	0.0903876126074	0.115610632779	0.229756818418	0.243223324966	0.238973643455	0.234107737993	0.24195607334	0.22774010869	0.231955755005	0.245997938987	0.224837000235	0.234391911571	0.229655870991	0.239312365707	0.0810687419802	0.214824668574	0.235703742263	0.241748418564	0.209521830826	0.243809508841	0.216355372111	0.216474791709	0.216832098364	0.243775678984	0.239769168779	0.238431133432	0.0949523588021	0.244311452653	0.238714214146	0.175379301613	0.216680091066	0.22266295205	0.235464047997	0.118510885691	0.233247031382	0.227956764087	0.221642406678	0.215874605501	0.214229428492	0.214224330677	0.215610966453	0.213849853243
CCMD60079086ST-21-0.snv.bam	0.172598459332	0.00010343847684	0.165796245837	0.184518480293	0.140608465608	0.148568472615	0.0156718793833	0.0245362517592	0.0218104222821	0.0246928059219	0.241185941945	0.0145483617716	0.180506980952	0.2215657822	0.167423589618	0.202702702703	0.00517993456925	0.148867476033	0.0273474471816	0.148294629596	0.151183995052	0.178668427315	0.0125142353746	0.238065080019	0.196654358173	0.00794428214088	0.00936768149883	0.240471114716	0.0	0.198522602012	0.202572347267	0.0078983812031	0.000146692093297	0.197847731435	0.148562971157	0.160677596588	0.162865284635	0.183263226458	0.21963999977	0.247745928129	0.154354743892	0.182999797352	0.180027608932	0.0709913425578	0.0232583189105	0.15193241116	0.173514271879	0.00279611942107	0.161078282994	0.166487394958	0.174505811435	0.164111564643	0.226240601504	0.167901234568	0.14293520687	0.1667223736	0.163596542781	0.191812043035	0.124827252902	0.122261508412	0.124705849245	0.00222292239583	0.172764490274	0.180193423108	0.228088903743	0.00197526478875	0.164879700621	0.209218868661	0.14149317448	0.155765517727	0.172233645862	0.237547211642	0.154708944363	0.161381537916	0.178390826369	0.130074114079	0.131619024148	0.131630157634	0.132488795089	0.131394166138
CCMD64776337ST-21-0.snv.bam	0.166055930848	0.200406640588	0.162937991577	0.194288950545	0.149630591538	0.157606630642	0.183123140465	0.215628717746	0.212740737316	0.216197723791	0.238946613964	0.201377489133	0.189079896677	0.216819959954	0.181275871127	0.203504552719	0.183320682412	0.177024695344	0.19844711754	0.137756932225	0.14754743413	0.18348720414	0.207614850134	0.242598168817	0.191890105376	0.181566461679	0.20637650733	0.249825541944	0.198522602012	0.0	0.215641642181	0.200268354793	0.194348641766	0.0031266888772	0.0192958003924	0.14413830555	0.17100451598	0.0257733081927	0.227290008157	0.24655667445	0.141408442991	0.19224018544	0.190164142264	0.167957997772	0.20008290157	0.14059887128	0.184029422377	0.204534894207	0.171407482385	0.161400247496	0.177636628024	0.159173503297	0.21365570165	0.163088828738	0.152056714841	0.161515727032	0.153367942645	0.0408405763116	0.170314010397	0.16756264931	0.165774944151	0.202459367283	0.15427113946	0.179874324455	0.235395753188	0.200303413281	0.169176751075	0.184015072079	0.152740265418	0.169834091594	0.183817961118	0.239372354298	0.141728439018	0.173366567696	0.182673021175	0.166926890932	0.168062212455	0.168147577554	0.164444497853	0.167667565379
CCMD86114146ST-21-0.snv.bam	0.173465744159	0.205185997958	0.177613811728	0.208760996433	0.17533616419	0.154646727112	0.181144456048	0.213558924143	0.211516244008	0.214057851179	0.187763617018	0.201271532864	0.189456091608	0.162082874954	0.187117951633	0.156363636364	0.18930984556	0.163808201058	0.179634982852	0.182011690823	0.162530874658	0.17433641588	0.202102403363	0.1838155914	0.177201654613	0.19834069093	0.200626959248	0.192724087166	0.202572347267	0.215641642181	0.0	0.20735773083	0.213590263692	0.216438861944	0.193279791386	0.177478749756	0.208266979211	0.201307083379	0.171873804006	0.197706265127	0.186770117285	0.201252667853	0.204798766947	0.200229702468	0.207273301798	0.181397898483	0.194555396605	0.210611421362	0.207676474915	0.185353762956	0.19049338223	0.191615488269	0.169905299581	0.179153094463	0.181922675026	0.19474290987	0.183212986238	0.21204231959	0.182505945645	0.175765592427	0.18150480269	0.20696278078	0.186500166803	0.175697452753	0.166504699131	0.207394384413	0.138428453868	0.156330720418	0.184654179704	0.177069810398	0.196325101727	0.169160444544	0.187377287603	0.209178355154	0.169633907082	0.173615107593	0.178726615189	0.178936010341	0.176594551257	0.179013507652
