	CCIS22906510ST-20-0.snv.bam	CCIS22958137ST-20-0.snv.bam	CCIS33816588ST-4-0.snv.bam	CCIS71301801ST-4-0.snv.bam	CCIS76845094ST-20-0.snv.bam	CCIS91228662ST-4-0.snv.bam	CCMD11006829ST-21-0.snv.bam	M4.3-V1.metaT.snv.bam	MH0211.snv.bam	MH0247.snv.bam	MH0342.snv.bam	MMRS77018926ST-27-0-0.snv.bam	NG-5636_317.snv.bam	O2.UC20-1.snv.bam	O2.UC38-1.snv.bam	O2.UC7-0.snv.bam	V1.CD32-0.snv.bam	V1.CD6-4.snv.bam	V1.FI36.snv.bam	V1.UC39-4.snv.bam	V1.UC4-5.snv.bam	V1.UC54-0.snv.bam	V1.UC59-0.snv.bam	alien-11-7-0.snv.bam
CCIS22906510ST-20-0.snv.bam	0.0	0.153230124718	0.172328213326	0.184227363319	0.16881093819	0.0174244739248	0.0941481841659	0.193997140426	0.125559312985	0.171599014984	0.115688236316	0.178173885396	0.19998256163	0.178933300577	0.150587243959	0.143917004247	0.19123722314	0.120538783686	0.19037463617	0.190182774879	0.176731254856	0.182116620753	0.175735924822	0.144766754193
CCIS22958137ST-20-0.snv.bam	0.153230124718	0.0	0.187999889474	0.163588814108	0.171018935347	0.151349081787	0.120932028047	0.225273933103	0.161575887112	0.170021044947	0.134645066961	0.11722798506	0.179777933286	0.191299164789	0.145904276743	0.150854831877	0.194551090345	0.136469660699	0.201391746454	0.191993596585	0.200105738224	0.20475267185	0.187260349018	0.165919701214
CCIS33816588ST-4-0.snv.bam	0.172328213326	0.187999889474	0.0	0.127341597796	0.21170124409	0.18423814952	0.231126946809	0.165096659479	0.191142767361	0.17420502414	0.187524627505	0.17887277324	0.140660414854	0.19002543293	0.21180638696	0.186558753645	0.180380287204	0.175704155792	0.181790060714	0.204687697004	0.153742139643	0.154805543918	0.15549814106	0.165961275462
CCIS71301801ST-4-0.snv.bam	0.184227363319	0.163588814108	0.127341597796	0.0	0.202759941773	0.195680181887	0.17724066103	0.21186778176	0.180672015183	0.157331458283	0.183554546475	0.198446837008	0.185026554737	0.179157128615	0.180279305967	0.17004742825	0.165046092313	0.169978311163	0.202560501296	0.206047238051	0.175594209162	0.164734764122	0.165823044169	0.180963302752
CCIS76845094ST-20-0.snv.bam	0.16881093819	0.171018935347	0.21170124409	0.202759941773	0.0	0.156942323408	0.201979868638	0.23711303583	0.0636823510901	0.164454603311	0.191069634208	0.13621310192	0.196732063661	0.196992492831	0.204745908555	0.117804299531	0.213322973336	0.175117141144	0.16528380102	0.185061282018	0.198670638902	0.205341170671	0.201608416845	0.198335491725
CCIS91228662ST-4-0.snv.bam	0.0174244739248	0.151349081787	0.18423814952	0.195680181887	0.156942323408	0.0	0.0979099463104	0.186105274722	0.114423857211	0.179650113144	0.116816200726	0.171105649782	0.207375068676	0.185388796053	0.148904811242	0.13254079695	0.199249545626	0.119504646896	0.182413271541	0.191210636056	0.168930125473	0.180958556458	0.168125936678	0.153519455868
CCMD11006829ST-21-0.snv.bam	0.0941481841659	0.120932028047	0.231126946809	0.17724066103	0.201979868638	0.0979099463104	0.0	0.210250705604	0.161572780905	0.16290219805	0.0932863076903	0.188395227717	0.216618718155	0.186910994822	0.116542331865	0.142416385146	0.148688108673	0.111791666906	0.197241568532	0.217285911824	0.18389889813	0.215423066988	0.178156434351	0.161599217841
M4.3-V1.metaT.snv.bam	0.193997140426	0.225273933103	0.165096659479	0.21186778176	0.23711303583	0.186105274722	0.210250705604	0.0	0.206084178557	0.222941700571	0.20875928119	0.215666960563	0.165242165242	0.205285506407	0.241487455197	0.204434772714	0.222147676022	0.20537136599	0.236036206516	0.196944518875	0.189722222222	0.0488169238169	0.176509487288	0.197760878749
MH0211.snv.bam	0.125559312985	0.161575887112	0.191142767361	0.180672015183	0.0636823510901	0.114423857211	0.161572780905	0.206084178557	0.0	0.140501404064	0.150117131212	0.135430475495	0.192014256552	0.161265430734	0.172903471752	0.0592752546356	0.192366727471	0.134205640914	0.159570592451	0.179395715254	0.180265522521	0.185225999764	0.183387605748	0.161026465968
MH0247.snv.bam	0.171599014984	0.170021044947	0.17420502414	0.157331458283	0.164454603311	0.179650113144	0.16290219805	0.222941700571	0.140501404064	0.0	0.15170002431	0.156795862465	0.191625777521	0.169647614181	0.194061554204	0.162197378874	0.180260010047	0.150540621393	0.185980977881	0.182950472788	0.146810470969	0.202230041978	0.145873241932	0.187654692707
MH0342.snv.bam	0.115688236316	0.134645066961	0.187524627505	0.183554546475	0.191069634208	0.116816200726	0.0932863076903	0.20875928119	0.150117131212	0.15170002431	0.0	0.182519589368	0.197153653026	0.195247641722	0.122809768605	0.125827755301	0.159162057725	0.116742820613	0.183237195285	0.20795493678	0.178222468174	0.188547713996	0.174353434045	0.159089730139
MMRS77018926ST-27-0-0.snv.bam	0.178173885396	0.11722798506	0.17887277324	0.198446837008	0.13621310192	0.171105649782	0.188395227717	0.215666960563	0.135430475495	0.156795862465	0.182519589368	0.0	0.18508509937	0.18841483113	0.195550327241	0.164631437718	0.199742189848	0.159650817364	0.143854481227	0.159776623918	0.182608255945	0.201436131803	0.190676585208	0.179670474981
NG-5636_317.snv.bam	0.19998256163	0.179777933286	0.140660414854	0.185026554737	0.196732063661	0.207375068676	0.216618718155	0.165242165242	0.192014256552	0.191625777521	0.197153653026	0.18508509937	0.0	0.203759807213	0.218246359822	0.189903529508	0.202082354761	0.165396900895	0.191836779394	0.182192075176	0.162224023129	0.185198266745	0.170285657072	0.194842048902
O2.UC20-1.snv.bam	0.178933300577	0.191299164789	0.19002543293	0.179157128615	0.196992492831	0.185388796053	0.186910994822	0.205285506407	0.161265430734	0.169647614181	0.195247641722	0.18841483113	0.203759807213	0.0	0.201965249949	0.155138622799	0.207240044681	0.151170441812	0.177004381155	0.206900519253	0.174204134324	0.206417542727	0.173362005956	0.146024067706
O2.UC38-1.snv.bam	0.150587243959	0.145904276743	0.21180638696	0.180279305967	0.204745908555	0.148904811242	0.116542331865	0.241487455197	0.172903471752	0.194061554204	0.122809768605	0.195550327241	0.218246359822	0.201965249949	0.0	0.161463797082	0.0790476501022	0.142143777238	0.199793350529	0.213772604127	0.216703308615	0.194993624523	0.212162210934	0.201197162282
O2.UC7-0.snv.bam	0.143917004247	0.150854831877	0.186558753645	0.17004742825	0.117804299531	0.13254079695	0.142416385146	0.204434772714	0.0592752546356	0.162197378874	0.125827755301	0.164631437718	0.189903529508	0.155138622799	0.161463797082	0.0	0.188249831	0.137164156551	0.178281743125	0.208739968612	0.184968545912	0.180682355977	0.177018657567	0.177080421387
V1.CD32-0.snv.bam	0.19123722314	0.194551090345	0.180380287204	0.165046092313	0.213322973336	0.199249545626	0.148688108673	0.222147676022	0.192366727471	0.180260010047	0.159162057725	0.199742189848	0.202082354761	0.207240044681	0.0790476501022	0.188249831	0.0	0.174967714521	0.194645681154	0.215090745642	0.21304269984	0.188098341063	0.208598343571	0.184276098947
V1.CD6-4.snv.bam	0.120538783686	0.136469660699	0.175704155792	0.169978311163	0.175117141144	0.119504646896	0.111791666906	0.20537136599	0.134205640914	0.150540621393	0.116742820613	0.159650817364	0.165396900895	0.151170441812	0.142143777238	0.137164156551	0.174967714521	0.0	0.160282491016	0.17916774906	0.162638857299	0.216312299528	0.17706858323	0.174862687108
V1.FI36.snv.bam	0.19037463617	0.201391746454	0.181790060714	0.202560501296	0.16528380102	0.182413271541	0.197241568532	0.236036206516	0.159570592451	0.185980977881	0.183237195285	0.143854481227	0.191836779394	0.177004381155	0.199793350529	0.178281743125	0.194645681154	0.160282491016	0.0	0.176642960965	0.154520335986	0.207748259713	0.171890180665	0.190233387505
V1.UC39-4.snv.bam	0.190182774879	0.191993596585	0.204687697004	0.206047238051	0.185061282018	0.191210636056	0.217285911824	0.196944518875	0.179395715254	0.182950472788	0.20795493678	0.159776623918	0.182192075176	0.206900519253	0.213772604127	0.208739968612	0.215090745642	0.17916774906	0.176642960965	0.0	0.208892642681	0.192978552134	0.215912867189	0.206648977728
V1.UC4-5.snv.bam	0.176731254856	0.200105738224	0.153742139643	0.175594209162	0.198670638902	0.168930125473	0.18389889813	0.189722222222	0.180265522521	0.146810470969	0.178222468174	0.182608255945	0.162224023129	0.174204134324	0.216703308615	0.184968545912	0.21304269984	0.162638857299	0.154520335986	0.208892642681	0.0	0.193861804483	0.0279317358638	0.171454044782
V1.UC54-0.snv.bam	0.182116620753	0.20475267185	0.154805543918	0.164734764122	0.205341170671	0.180958556458	0.215423066988	0.0488169238169	0.185225999764	0.202230041978	0.188547713996	0.201436131803	0.185198266745	0.206417542727	0.194993624523	0.180682355977	0.188098341063	0.216312299528	0.207748259713	0.192978552134	0.193861804483	0.0	0.187859081338	0.204804439746
V1.UC59-0.snv.bam	0.175735924822	0.187260349018	0.15549814106	0.165823044169	0.201608416845	0.168125936678	0.178156434351	0.176509487288	0.183387605748	0.145873241932	0.174353434045	0.190676585208	0.170285657072	0.173362005956	0.212162210934	0.177018657567	0.208598343571	0.17706858323	0.171890180665	0.215912867189	0.0279317358638	0.187859081338	0.0	0.161308624692
alien-11-7-0.snv.bam	0.144766754193	0.165919701214	0.165961275462	0.180963302752	0.198335491725	0.153519455868	0.161599217841	0.197760878749	0.161026465968	0.187654692707	0.159089730139	0.179670474981	0.194842048902	0.146024067706	0.201197162282	0.177080421387	0.184276098947	0.174862687108	0.190233387505	0.206648977728	0.171454044782	0.204804439746	0.161308624692	0.0
