	764487809-stool2.snv.bam	BYQ_AAAM.snv.bam	CCIS05314658ST-4-0.snv.bam	CCIS10706551ST-3-0.snv.bam	CCIS21126322ST-4-0.snv.bam	CCIS35100175ST-4-0.snv.bam	CCIS74239020ST-4-0.snv.bam	CCIS81887263ST-4-0.snv.bam	CCMD18872694ST-21-0.snv.bam	CCMD23101338ST-21-0.snv.bam	CCMD50071957ST-21-0.snv.bam	CCMD82866709ST-21-0.snv.bam	CCMD86707194ST-21-0.snv.bam	M1.1-V3.metaG.snv.bam	MH0250.snv.bam	MH0339.snv.bam	MH0340.snv.bam	MH0345.snv.bam	MH0355.snv.bam	MH0369.snv.bam	MH0409.snv.bam	MH0422.snv.bam	MH0424.snv.bam	MMRS33294861ST-27-0-0.snv.bam	MMRS84159866ST-27-0-0.snv.bam	O2.UC28-0.snv.bam	O2.UC28-1.snv.bam	O2.UC28-2.snv.bam	O2.UC30-1.snv.bam	V1.FI01.snv.bam	alien-11-600-0.snv.bam
764487809-stool2.snv.bam	0.0	0.312121212121	0.287878787879	0.269696969697	0.269696969697	0.254545454545	0.290909090909	0.251515151515	0.306060606061	0.272727272727	0.254545454545	0.30303030303	0.260606060606	0.290909090909	0.266666666667	0.290909090909	0.287878787879	0.263636363636	0.263636363636	0.284848484848	0.257575757576	0.284848484848	0.287878787879	0.263636363636	0.242424242424	0.260606060606	0.251515151515	0.242424242424	0.284848484848	0.290909090909	0.269696969697
BYQ_AAAM.snv.bam	0.312121212121	0.0	0.2	0.160606060606	0.178787878788	0.193939393939	0.151515151515	0.130303030303	0.206060606061	0.163636363636	0.181818181818	0.160606060606	0.157575757576	0.224242424242	0.139393939394	0.166666666667	0.160606060606	0.169696969697	0.154545454545	0.190909090909	0.178787878788	0.19696969697	0.193939393939	0.148484848485	0.142424242424	0.148484848485	0.139393939394	0.136363636364	0.130303030303	0.154545454545	0.218181818182
CCIS05314658ST-4-0.snv.bam	0.287878787879	0.2	0.0	0.136363636364	0.112121212121	0.139393939394	0.133333333333	0.0606060606061	0.0909090909091	0.133333333333	0.0909090909091	0.112121212121	0.157575757576	0.139393939394	0.133333333333	0.139393939394	0.160606060606	0.154545454545	0.130303030303	0.172727272727	0.136363636364	0.175757575758	0.163636363636	0.142424242424	0.118181818182	0.154545454545	0.148484848485	0.148484848485	0.127272727273	0.133333333333	0.209090909091
CCIS10706551ST-3-0.snv.bam	0.269696969697	0.160606060606	0.136363636364	0.0	0.121212121212	0.0818181818182	0.148484848485	0.0909090909091	0.166666666667	0.118181818182	0.115151515152	0.127272727273	0.130303030303	0.148484848485	0.160606060606	0.172727272727	0.151515151515	0.151515151515	0.0666666666667	0.163636363636	0.109090909091	0.160606060606	0.112121212121	0.148484848485	0.112121212121	0.133333333333	0.127272727273	0.127272727273	0.112121212121	0.130303030303	0.2
CCIS21126322ST-4-0.snv.bam	0.269696969697	0.178787878788	0.112121212121	0.121212121212	0.0	0.106060606061	0.124242424242	0.106060606061	0.112121212121	0.1	0.124242424242	0.133333333333	0.112121212121	0.172727272727	0.106060606061	0.154545454545	0.145454545455	0.139393939394	0.121212121212	0.151515151515	0.0969696969697	0.154545454545	0.136363636364	0.130303030303	0.10303030303	0.121212121212	0.112121212121	0.115151515152	0.142424242424	0.136363636364	0.187878787879
CCIS35100175ST-4-0.snv.bam	0.254545454545	0.193939393939	0.139393939394	0.0818181818182	0.106060606061	0.0	0.151515151515	0.115151515152	0.163636363636	0.121212121212	0.112121212121	0.172727272727	0.109090909091	0.151515151515	0.151515151515	0.163636363636	0.154545454545	0.142424242424	0.112121212121	0.154545454545	0.0939393939394	0.157575757576	0.109090909091	0.136363636364	0.151515151515	0.142424242424	0.136363636364	0.130303030303	0.157575757576	0.175757575758	0.19696969697
CCIS74239020ST-4-0.snv.bam	0.290909090909	0.151515151515	0.133333333333	0.148484848485	0.124242424242	0.151515151515	0.0	0.106060606061	0.139393939394	0.121212121212	0.115151515152	0.142424242424	0.121212121212	0.175757575758	0.106060606061	0.151515151515	0.136363636364	0.148484848485	0.136363636364	0.148484848485	0.148484848485	0.169696969697	0.169696969697	0.136363636364	0.109090909091	0.112121212121	0.106060606061	0.109090909091	0.127272727273	0.145454545455	0.212121212121
CCIS81887263ST-4-0.snv.bam	0.251515151515	0.130303030303	0.0606060606061	0.0909090909091	0.106060606061	0.115151515152	0.106060606061	0.0	0.1	0.10303030303	0.0878787878788	0.0575757575758	0.118181818182	0.130303030303	0.115151515152	0.130303030303	0.130303030303	0.124242424242	0.0818181818182	0.142424242424	0.112121212121	0.136363636364	0.130303030303	0.130303030303	0.0757575757576	0.124242424242	0.118181818182	0.121212121212	0.0787878787879	0.0909090909091	0.172727272727
CCMD18872694ST-21-0.snv.bam	0.306060606061	0.206060606061	0.0909090909091	0.166666666667	0.112121212121	0.163636363636	0.139393939394	0.1	0.0	0.136363636364	0.115151515152	0.115151515152	0.157575757576	0.2	0.142424242424	0.151515151515	0.169696969697	0.172727272727	0.166666666667	0.184848484848	0.136363636364	0.160606060606	0.187878787879	0.148484848485	0.124242424242	0.163636363636	0.154545454545	0.148484848485	0.148484848485	0.172727272727	0.20303030303
CCMD23101338ST-21-0.snv.bam	0.272727272727	0.163636363636	0.133333333333	0.118181818182	0.1	0.121212121212	0.121212121212	0.10303030303	0.136363636364	0.0	0.136363636364	0.142424242424	0.127272727273	0.2	0.121212121212	0.151515151515	0.148484848485	0.136363636364	0.136363636364	0.160606060606	0.130303030303	0.160606060606	0.169696969697	0.130303030303	0.118181818182	0.148484848485	0.142424242424	0.142424242424	0.133333333333	0.121212121212	0.20303030303
CCMD50071957ST-21-0.snv.bam	0.254545454545	0.181818181818	0.0909090909091	0.115151515152	0.124242424242	0.112121212121	0.115151515152	0.0878787878788	0.115151515152	0.136363636364	0.0	0.130303030303	0.115151515152	0.133333333333	0.121212121212	0.133333333333	0.139393939394	0.115151515152	0.109090909091	0.136363636364	0.115151515152	0.151515151515	0.136363636364	0.139393939394	0.127272727273	0.118181818182	0.115151515152	0.112121212121	0.10303030303	0.154545454545	0.193939393939
CCMD82866709ST-21-0.snv.bam	0.30303030303	0.160606060606	0.112121212121	0.127272727273	0.133333333333	0.172727272727	0.142424242424	0.0575757575758	0.115151515152	0.142424242424	0.130303030303	0.0	0.154545454545	0.178787878788	0.154545454545	0.160606060606	0.163636363636	0.145454545455	0.127272727273	0.175757575758	0.169696969697	0.148484848485	0.160606060606	0.160606060606	0.1	0.145454545455	0.139393939394	0.139393939394	0.1	0.118181818182	0.209090909091
CCMD86707194ST-21-0.snv.bam	0.260606060606	0.157575757576	0.157575757576	0.130303030303	0.112121212121	0.109090909091	0.121212121212	0.118181818182	0.157575757576	0.127272727273	0.115151515152	0.154545454545	0.0	0.163636363636	0.1	0.148484848485	0.124242424242	0.136363636364	0.118181818182	0.106060606061	0.112121212121	0.118181818182	0.133333333333	0.112121212121	0.124242424242	0.0878787878788	0.0757575757576	0.0818181818182	0.133333333333	0.139393939394	0.160606060606
M1.1-V3.metaG.snv.bam	0.290909090909	0.224242424242	0.139393939394	0.148484848485	0.172727272727	0.151515151515	0.175757575758	0.130303030303	0.2	0.2	0.133333333333	0.178787878788	0.163636363636	0.0	0.187878787879	0.187878787879	0.178787878788	0.19696969697	0.136363636364	0.190909090909	0.148484848485	0.2	0.175757575758	0.19696969697	0.166666666667	0.166666666667	0.160606060606	0.157575757576	0.157575757576	0.187878787879	0.230303030303
MH0250.snv.bam	0.266666666667	0.139393939394	0.133333333333	0.160606060606	0.106060606061	0.151515151515	0.106060606061	0.115151515152	0.142424242424	0.121212121212	0.121212121212	0.154545454545	0.1	0.187878787879	0.0	0.139393939394	0.139393939394	0.139393939394	0.148484848485	0.145454545455	0.136363636364	0.160606060606	0.169696969697	0.115151515152	0.115151515152	0.109090909091	0.0969696969697	0.1	0.139393939394	0.121212121212	0.172727272727
MH0339.snv.bam	0.290909090909	0.166666666667	0.139393939394	0.172727272727	0.154545454545	0.163636363636	0.151515151515	0.130303030303	0.151515151515	0.151515151515	0.133333333333	0.160606060606	0.148484848485	0.187878787879	0.139393939394	0.0	0.154545454545	0.130303030303	0.166666666667	0.172727272727	0.148484848485	0.157575757576	0.163636363636	0.148484848485	0.136363636364	0.154545454545	0.148484848485	0.148484848485	0.115151515152	0.151515151515	0.19696969697
MH0340.snv.bam	0.287878787879	0.160606060606	0.160606060606	0.151515151515	0.145454545455	0.154545454545	0.136363636364	0.130303030303	0.169696969697	0.148484848485	0.139393939394	0.163636363636	0.124242424242	0.178787878788	0.139393939394	0.154545454545	0.0	0.145454545455	0.145454545455	0.115151515152	0.133333333333	0.172727272727	0.160606060606	0.124242424242	0.139393939394	0.115151515152	0.112121212121	0.115151515152	0.142424242424	0.166666666667	0.178787878788
MH0345.snv.bam	0.263636363636	0.169696969697	0.154545454545	0.151515151515	0.139393939394	0.142424242424	0.148484848485	0.124242424242	0.172727272727	0.136363636364	0.115151515152	0.145454545455	0.136363636364	0.19696969697	0.139393939394	0.130303030303	0.145454545455	0.0	0.139393939394	0.145454545455	0.151515151515	0.172727272727	0.166666666667	0.130303030303	0.133333333333	0.115151515152	0.106060606061	0.115151515152	0.118181818182	0.160606060606	0.2
MH0355.snv.bam	0.263636363636	0.154545454545	0.130303030303	0.0666666666667	0.121212121212	0.112121212121	0.136363636364	0.0818181818182	0.166666666667	0.136363636364	0.109090909091	0.127272727273	0.118181818182	0.136363636364	0.148484848485	0.166666666667	0.145454545455	0.139393939394	0.0	0.139393939394	0.115151515152	0.157575757576	0.118181818182	0.130303030303	0.10303030303	0.115151515152	0.109090909091	0.112121212121	0.1	0.118181818182	0.184848484848
MH0369.snv.bam	0.284848484848	0.190909090909	0.172727272727	0.163636363636	0.151515151515	0.154545454545	0.148484848485	0.142424242424	0.184848484848	0.160606060606	0.136363636364	0.175757575758	0.106060606061	0.190909090909	0.145454545455	0.172727272727	0.115151515152	0.145454545455	0.139393939394	0.0	0.151515151515	0.172727272727	0.160606060606	0.148484848485	0.160606060606	0.10303030303	0.0969696969697	0.10303030303	0.154545454545	0.166666666667	0.175757575758
MH0409.snv.bam	0.257575757576	0.178787878788	0.136363636364	0.109090909091	0.0969696969697	0.0939393939394	0.148484848485	0.112121212121	0.136363636364	0.130303030303	0.115151515152	0.169696969697	0.112121212121	0.148484848485	0.136363636364	0.148484848485	0.133333333333	0.151515151515	0.115151515152	0.151515151515	0.0	0.136363636364	0.118181818182	0.133333333333	0.118181818182	0.121212121212	0.109090909091	0.115151515152	0.148484848485	0.172727272727	0.166666666667
MH0422.snv.bam	0.284848484848	0.19696969697	0.175757575758	0.160606060606	0.154545454545	0.157575757576	0.169696969697	0.136363636364	0.160606060606	0.160606060606	0.151515151515	0.148484848485	0.118181818182	0.2	0.160606060606	0.157575757576	0.172727272727	0.172727272727	0.157575757576	0.172727272727	0.136363636364	0.0	0.145454545455	0.157575757576	0.118181818182	0.142424242424	0.133333333333	0.136363636364	0.157575757576	0.166666666667	0.187878787879
MH0424.snv.bam	0.287878787879	0.193939393939	0.163636363636	0.112121212121	0.136363636364	0.109090909091	0.169696969697	0.130303030303	0.187878787879	0.169696969697	0.136363636364	0.160606060606	0.133333333333	0.175757575758	0.169696969697	0.163636363636	0.160606060606	0.166666666667	0.118181818182	0.160606060606	0.118181818182	0.145454545455	0.0	0.130303030303	0.142424242424	0.148484848485	0.145454545455	0.142424242424	0.163636363636	0.175757575758	0.19696969697
MMRS33294861ST-27-0-0.snv.bam	0.263636363636	0.148484848485	0.142424242424	0.148484848485	0.130303030303	0.136363636364	0.136363636364	0.130303030303	0.148484848485	0.130303030303	0.139393939394	0.160606060606	0.112121212121	0.19696969697	0.115151515152	0.148484848485	0.124242424242	0.130303030303	0.130303030303	0.148484848485	0.133333333333	0.157575757576	0.130303030303	0.0	0.136363636364	0.118181818182	0.109090909091	0.115151515152	0.151515151515	0.133333333333	0.175757575758
MMRS84159866ST-27-0-0.snv.bam	0.242424242424	0.142424242424	0.118181818182	0.112121212121	0.10303030303	0.151515151515	0.109090909091	0.0757575757576	0.124242424242	0.118181818182	0.127272727273	0.1	0.124242424242	0.166666666667	0.115151515152	0.136363636364	0.139393939394	0.133333333333	0.10303030303	0.160606060606	0.118181818182	0.118181818182	0.142424242424	0.136363636364	0.0	0.118181818182	0.10303030303	0.112121212121	0.0757575757576	0.118181818182	0.187878787879
O2.UC28-0.snv.bam	0.260606060606	0.148484848485	0.154545454545	0.133333333333	0.121212121212	0.142424242424	0.112121212121	0.124242424242	0.163636363636	0.148484848485	0.118181818182	0.145454545455	0.0878787878788	0.166666666667	0.109090909091	0.154545454545	0.115151515152	0.115151515152	0.115151515152	0.10303030303	0.121212121212	0.142424242424	0.148484848485	0.118181818182	0.118181818182	0.0	0.0	0.0	0.124242424242	0.130303030303	0.154545454545
O2.UC28-1.snv.bam	0.251515151515	0.139393939394	0.148484848485	0.127272727273	0.112121212121	0.136363636364	0.106060606061	0.118181818182	0.154545454545	0.142424242424	0.115151515152	0.139393939394	0.0757575757576	0.160606060606	0.0969696969697	0.148484848485	0.112121212121	0.106060606061	0.109090909091	0.0969696969697	0.109090909091	0.133333333333	0.145454545455	0.109090909091	0.10303030303	0.0	0.0	0.0	0.118181818182	0.121212121212	0.145454545455
O2.UC28-2.snv.bam	0.242424242424	0.136363636364	0.148484848485	0.127272727273	0.115151515152	0.130303030303	0.109090909091	0.121212121212	0.148484848485	0.142424242424	0.112121212121	0.139393939394	0.0818181818182	0.157575757576	0.1	0.148484848485	0.115151515152	0.115151515152	0.112121212121	0.10303030303	0.115151515152	0.136363636364	0.142424242424	0.115151515152	0.112121212121	0.0	0.0	0.0	0.118181818182	0.124242424242	0.148484848485
O2.UC30-1.snv.bam	0.284848484848	0.130303030303	0.127272727273	0.112121212121	0.142424242424	0.157575757576	0.127272727273	0.0787878787879	0.148484848485	0.133333333333	0.10303030303	0.1	0.133333333333	0.157575757576	0.139393939394	0.115151515152	0.142424242424	0.118181818182	0.1	0.154545454545	0.148484848485	0.157575757576	0.163636363636	0.151515151515	0.0757575757576	0.124242424242	0.118181818182	0.118181818182	0.0	0.10303030303	0.193939393939
V1.FI01.snv.bam	0.290909090909	0.154545454545	0.133333333333	0.130303030303	0.136363636364	0.175757575758	0.145454545455	0.0909090909091	0.172727272727	0.121212121212	0.154545454545	0.118181818182	0.139393939394	0.187878787879	0.121212121212	0.151515151515	0.166666666667	0.160606060606	0.118181818182	0.166666666667	0.172727272727	0.166666666667	0.175757575758	0.133333333333	0.118181818182	0.130303030303	0.121212121212	0.124242424242	0.10303030303	0.0	0.184848484848
alien-11-600-0.snv.bam	0.269696969697	0.218181818182	0.209090909091	0.2	0.187878787879	0.19696969697	0.212121212121	0.172727272727	0.20303030303	0.20303030303	0.193939393939	0.209090909091	0.160606060606	0.230303030303	0.172727272727	0.19696969697	0.178787878788	0.2	0.184848484848	0.175757575758	0.166666666667	0.187878787879	0.19696969697	0.175757575758	0.187878787879	0.154545454545	0.145454545455	0.148484848485	0.193939393939	0.184848484848	0.0
