	158802708-stool1.snv.bam	160178356-stool3.snv.bam	682102541-stool3.snv.bam	764366428-stool3.snv.bam	764487809-stool2.snv.bam	764588959-stool1.snv.bam	764588959-stool2.snv.bam	765074482-stool2.snv.bam	765195863-stool3.snv.bam	BYQ_AAAD.snv.bam	BYQ_AAAO.snv.bam	BYQ_AAAX.snv.bam	CCIS02124300ST-4-0.snv.bam	CCIS03857607ST-4-0.snv.bam	CCIS10706551ST-3-0.snv.bam	CCIS38765456ST-20-0.snv.bam	CCIS62605362ST-3-0.snv.bam	CCIS70398272ST-4-0.snv.bam	CCMD26709089ST-21-0.snv.bam	CCMD42428553ST-21-0.snv.bam	MH0191.snv.bam	MH0205.snv.bam	MH0250.snv.bam	MH0253.snv.bam	MH0260.snv.bam	MH0266.snv.bam	MH0276.snv.bam	MH0292.snv.bam	MH0316.snv.bam	MH0391.snv.bam	MH0416.snv.bam	MH0422.snv.bam	MH0436.snv.bam	MH0443.snv.bam	MMRS21365932ST-27-0-0.snv.bam	MMRS39415781ST-27-0-0.snv.bam	MMRS56137463ST-27-0-0.snv.bam	MMRS67247116ST-27-0-0.snv.bam	MMRS93621581ST-27-0-0.snv.bam	N082A.snv.bam	NLM029.snv.bam	NOF012.snv.bam	NOM010.snv.bam	O2.UC13-1.snv.bam	O2.UC48-1.snv.bam	SAMEA3136631.snv.bam	SZEY-58A.snv.bam	T2D-105A.snv.bam	T2D-45A.snv.bam	V1.UC22-1.snv.bam	V1.UC51-4.snv.bam	V1.UC52-0.snv.bam	V1.UC55-0.snv.bam	scavenger-11-0-0.snv.bam	scavenger-11-60-0.snv.bam	scavenger-11-7-0.snv.bam
158802708-stool1.snv.bam	0.0	0.1994060538	0.195944666554	0.17049559075	0.202851042477	0.226468246378	0.224423543844	0.161663013179	0.230487304494	0.173997599857	0.174137751151	0.175527146409	0.199500418033	0.190673968159	0.192250930887	0.194742864774	0.195712952573	0.177496038034	0.208541218961	0.214372798187	0.203092406041	0.199579437858	0.244263870468	0.169488569792	0.195985238004	0.18324709137	0.175039160671	0.203956643073	0.209281046813	0.228098931183	0.196697209655	0.224947064927	0.192534967686	0.205926494283	0.21479093791	0.204828834736	0.19623845326	0.202943906809	0.205381387216	0.143029391882	0.125873072124	0.147074057804	0.150652708245	0.188068878735	0.12374470039	0.202323283241	0.166298602876	0.18326718074	0.20427137762	0.206773656899	0.222019285497	0.234600055469	0.123002069505	0.190977311826	0.194091134858	0.194089005491
160178356-stool3.snv.bam	0.1994060538	0.0	0.156292418568	0.233357008349	0.151567863864	0.168566224481	0.169090106924	0.212253639605	0.192552721263	0.122797138821	0.122911585478	0.123942949089	0.0956244877176	0.123374338212	0.136179224064	0.143974106427	0.183250592227	0.133163287216	0.151395108228	0.126202805106	0.153837867859	0.136430427865	0.177756729605	0.209907645442	0.169336460816	0.140786034682	0.15434818766	0.128417202247	0.0968477764628	0.0829452113128	0.157782005695	0.0553372901117	0.107068828683	0.0452583157952	0.0680171257545	0.140051738879	0.145345762048	0.0532528807225	0.166586460843	0.265487431456	0.223779090856	0.218228559325	0.242342340174	0.160589375192	0.181930109926	0.0800511040461	0.234024698221	0.263552579689	0.154259311169	0.173287896085	0.121968237673	0.17944182737	0.183236476075	0.141371935205	0.142033521577	0.142031385555
682102541-stool3.snv.bam	0.195944666554	0.156292418568	0.0	0.255728510281	0.116703368625	0.171609744132	0.172279980851	0.154763819303	0.142341689568	0.126306604806	0.126402817824	0.126760063786	0.138170004927	0.141425363601	0.113609947636	0.100272092083	0.121666729239	0.121387045418	0.153730686974	0.153364290763	0.150585263656	0.130208975624	0.212858359338	0.145752610531	0.154105954808	0.17736368207	0.153573183101	0.100396803189	0.123260131681	0.156454106234	0.172668469512	0.161799774318	0.166592438462	0.156828497079	0.141228108902	0.121361940029	0.125927627214	0.147560332927	0.14405097411	0.262309264843	0.226981039847	0.201905269182	0.248251349957	0.121066410875	0.190752436629	0.147109078086	0.233559079816	0.275919316641	0.119277262383	0.0826206922163	0.163323932093	0.179064705592	0.192054795519	0.1526277146	0.156208554661	0.156534347903
764366428-stool3.snv.bam	0.17049559075	0.233357008349	0.255728510281	0.0	0.241964500447	0.264648126441	0.26463490229	0.211125658397	0.262023040712	0.220820459758	0.220718119521	0.221645092572	0.23299329828	0.224084754436	0.234312029215	0.235201262726	0.265067302838	0.197425315062	0.255243517982	0.239037325025	0.223901020018	0.2262894769	0.239660056091	0.196005701927	0.226719741688	0.204698542199	0.213903796771	0.251668572317	0.275577229536	0.254345636326	0.230682667617	0.254335999488	0.209899049038	0.24726467646	0.242901295449	0.232297630685	0.232194911725	0.249821353655	0.245841030873	0.160919778154	0.127110616228	0.132044606466	0.127420611796	0.239694645597	0.15806616454	0.249025744249	0.150239150028	0.152605912168	0.244804505473	0.268086711269	0.236262664592	0.251363087649	0.159268756721	0.253877614787	0.257589689493	0.253413073218
764487809-stool2.snv.bam	0.202851042477	0.151567863864	0.116703368625	0.241964500447	0.0	0.197676658784	0.199045311033	0.200202249694	0.191195738583	0.141697821483	0.14188297315	0.142411478857	0.151034204344	0.179390801617	0.107391021888	0.132199648959	0.145289705689	0.134670657005	0.123471943137	0.147820906738	0.144168242606	0.175262314846	0.226908212689	0.139880338555	0.113466657664	0.14611364051	0.106251135889	0.124133873821	0.123378600997	0.160546527253	0.155224762109	0.148750030627	0.164319524871	0.157135356341	0.160379998737	0.121151597847	0.168183493798	0.148140801617	0.156635690086	0.26762373776	0.240392746804	0.234841932091	0.234605704002	0.0958224852321	0.210591831338	0.147679303793	0.228726850739	0.293772968335	0.111060332595	0.132089567957	0.175371419728	0.210709567039	0.211534184854	0.124437702391	0.131169314379	0.131501313208
764588959-stool1.snv.bam	0.226468246378	0.168566224481	0.171609744132	0.264648126441	0.197676658784	0.0	0.00160558537247	0.176985983192	0.145164026673	0.107923965132	0.108038061799	0.109020637412	0.1443718358	0.178599927363	0.203713971827	0.13521903476	0.216624856724	0.164218605978	0.183955805227	0.189787384453	0.211205912632	0.149205963592	0.214255816221	0.211843118205	0.208888226834	0.214290638154	0.202689858881	0.197647486895	0.196886827167	0.170036923234	0.20836392738	0.127841467881	0.166494270201	0.139399524505	0.165778563628	0.228616378781	0.160680199067	0.190230123223	0.217171315507	0.274599477996	0.254253612751	0.217930638786	0.279019095306	0.223469888979	0.215320047205	0.165543324861	0.249574195141	0.288307120751	0.210590324293	0.175651883162	0.171097773059	0.111179743399	0.216622406096	0.228791612704	0.23069563141	0.231021424653
764588959-stool2.snv.bam	0.224423543844	0.169090106924	0.172279980851	0.26463490229	0.199045311033	0.00160558537247	0.0	0.177653623075	0.146243316422	0.108455302635	0.108356729524	0.109245628865	0.144265956302	0.178556005398	0.204229753912	0.136681167006	0.218331479804	0.164256084307	0.184848181095	0.19065361772	0.212878131562	0.149400662093	0.214313205672	0.213775635971	0.209651899602	0.215368784886	0.203288362736	0.199269721983	0.197572109495	0.169868930412	0.210285772781	0.128354555497	0.166888367084	0.139471450994	0.166210269657	0.230147903203	0.161807278743	0.191100384096	0.218121548562	0.27264238371	0.255645441515	0.219073105966	0.276917515648	0.225438071686	0.213502309656	0.165974309298	0.247298732216	0.289534654441	0.212252261336	0.177068371508	0.171311804941	0.111718976629	0.214335303024	0.2297928472	0.231705944823	0.232032756169
765074482-stool2.snv.bam	0.161663013179	0.212253639605	0.154763819303	0.211125658397	0.200202249694	0.176985983192	0.177653623075	0.0	0.143130867982	0.155166521501	0.154872958675	0.154706741509	0.199078369518	0.171058328694	0.211379211879	0.180757059723	0.173725225583	0.148242558588	0.170837420142	0.17435629256	0.209299608862	0.17316756248	0.242503737574	0.187137711608	0.21049744466	0.192901645507	0.18056554333	0.182362654252	0.212707247041	0.212786038122	0.221918350394	0.194061711372	0.175183106029	0.20001179876	0.196537581303	0.179634153981	0.140284020585	0.184257880367	0.205758644152	0.204766532742	0.177110854737	0.165482628139	0.208802376169	0.193575140475	0.1876072588	0.196294921754	0.177329632573	0.21227879294	0.188504287099	0.193122781358	0.162714807647	0.15591770362	0.188775022859	0.209889932958	0.213405243942	0.213403046106
765195863-stool3.snv.bam	0.230487304494	0.192552721263	0.142341689568	0.262023040712	0.191195738583	0.145164026673	0.146243316422	0.143130867982	0.0	0.123446611223	0.123555083253	0.123884870404	0.164280514438	0.139240506329	0.184543010753	0.148220041607	0.195438398031	0.118743763544	0.167342646838	0.183108689418	0.208908011519	0.156235552473	0.23283327006	0.165519817674	0.186861928818	0.201282262042	0.18589233219	0.175069910656	0.196139702738	0.167469336219	0.205584927092	0.181631262623	0.17501762218	0.180659807892	0.161125940306	0.175159235669	0.145695364238	0.155063291139	0.186119873817	0.286799245671	0.255972198868	0.216620192866	0.277493185827	0.186939105181	0.209004602992	0.160883280757	0.256555944056	0.281541641849	0.178399929898	0.165449425127	0.130553373621	0.0944310897436	0.209538878843	0.227989665851	0.231634332836	0.231970601746
BYQ_AAAD.snv.bam	0.173997599857	0.122797138821	0.126306604806	0.220820459758	0.141697821483	0.107923965132	0.108455302635	0.155166521501	0.123446611223	0.0	0.000454480034976	0.00130010313656	0.0986609492766	0.12633499183	0.145303680261	0.110972008164	0.183450554135	0.0814367876867	0.13832668619	0.162784898722	0.159827680706	0.0958889773748	0.199209634825	0.173451780518	0.163525029882	0.155599961442	0.156778031504	0.158820332458	0.157687808424	0.113861916899	0.164008392758	0.10903998705	0.160479504711	0.111437346701	0.113951469154	0.183235936026	0.119274270886	0.13860493048	0.202401245677	0.245954019692	0.196270633663	0.175924911252	0.226704289862	0.179125434444	0.151157167645	0.113716230387	0.215130059178	0.235358080172	0.17088524527	0.129157202903	0.153567910876	0.138954042715	0.152459526535	0.183974461726	0.184496837534	0.184822630777
BYQ_AAAO.snv.bam	0.174137751151	0.122911585478	0.126402817824	0.220718119521	0.14188297315	0.108038061799	0.108356729524	0.154872958675	0.123555083253	0.000454480034976	0.0	0.00109868154082	0.098435256613	0.126279022672	0.145551254796	0.111132306989	0.183609857315	0.0812083000675	0.138440782857	0.162898995389	0.159943190335	0.0961281355515	0.199306439924	0.173226087854	0.163281453569	0.155782834319	0.157003736206	0.158916545476	0.157618718525	0.113969037253	0.164122489425	0.109148802346	0.160421396605	0.111533559719	0.114065565821	0.183351445655	0.119439208584	0.138719377137	0.202515342345	0.2462052798	0.196172627758	0.176126064998	0.226521416986	0.179239531111	0.151509299517	0.113830327054	0.215272386734	0.235346674974	0.171066999658	0.129169322057	0.153493546992	0.139095184551	0.152470826778	0.184090330081	0.184613066849	0.184938860092
BYQ_AAAX.snv.bam	0.175527146409	0.123942949089	0.126760063786	0.221645092572	0.142411478857	0.109020637412	0.109245628865	0.154706741509	0.123884870404	0.00130010313656	0.00109868154082	0.0	0.0992909953033	0.12642209073	0.146676515309	0.111619404901	0.183650274051	0.082021169187	0.139107620396	0.163202646025	0.160211856462	0.0963403184618	0.199529124148	0.173805616932	0.163733097169	0.156810679033	0.157193670622	0.159452180252	0.158603416125	0.114264745671	0.16527710316	0.109857182639	0.161561428454	0.112309964864	0.114628418616	0.18413646395	0.119481054851	0.139389123697	0.203378727612	0.247592752573	0.197211642014	0.176453269095	0.227549705096	0.180031518185	0.152286775752	0.114392458257	0.216178493952	0.23622598661	0.170935957362	0.129615977892	0.153502849073	0.138939179351	0.152890596583	0.184880095736	0.185406934075	0.185733745421
CCIS02124300ST-4-0.snv.bam	0.199500418033	0.0956244877176	0.138170004927	0.23299329828	0.151034204344	0.1443718358	0.144265956302	0.199078369518	0.164280514438	0.0986609492766	0.098435256613	0.0992909953033	0.0	0.0644171779141	0.0949381078691	0.120292710761	0.198741862526	0.111020920719	0.180808997323	0.168569962148	0.153300484856	0.0832663798466	0.174072134	0.191469259846	0.174403985413	0.125380875535	0.163070147445	0.127964131775	0.126906985415	0.128698456269	0.157239134601	0.0924081747699	0.105749545041	0.0811129901876	0.0463420371677	0.13955703739	0.161019045263	0.119867862199	0.153140437544	0.255912591476	0.223799165367	0.202138348352	0.238754877601	0.141944137014	0.169529569917	0.0522230063514	0.224696246233	0.260353541232	0.171432025331	0.148225559163	0.112972386875	0.145438166906	0.170638870332	0.166701224884	0.168583179405	0.168908972647
CCIS03857607ST-4-0.snv.bam	0.190673968159	0.123374338212	0.141425363601	0.224084754436	0.179390801617	0.178599927363	0.178556005398	0.171058328694	0.139240506329	0.12633499183	0.126279022672	0.12642209073	0.0644171779141	0.0	0.117007337526	0.172010312919	0.196189346373	0.114882720574	0.190330119778	0.15351366425	0.17527681221	0.0990592609283	0.145050989114	0.189221338871	0.165792694014	0.134789695901	0.141665030016	0.112783276115	0.124171495991	0.125735254329	0.172516177722	0.133727175081	0.108934258417	0.09032829667	0.0677206229353	0.11801242236	0.145161290323	0.110769230769	0.125766871166	0.246985343105	0.208727351977	0.179889854085	0.236256970053	0.151346042107	0.148555771714	0.0736196319018	0.209580274798	0.233299794717	0.168654445418	0.188850559163	0.100909026609	0.136305815161	0.14952025752	0.17710551818	0.181698564593	0.181696428571
CCIS10706551ST-3-0.snv.bam	0.192250930887	0.136179224064	0.113609947636	0.234312029215	0.107391021888	0.203713971827	0.204229753912	0.211379211879	0.184543010753	0.145303680261	0.145551254796	0.146676515309	0.0949381078691	0.117007337526	0.0	0.0696672718307	0.143444804823	0.14072129657	0.176350947903	0.141861404009	0.134685159314	0.155843285867	0.216549161339	0.1397898267	0.151173826174	0.112111311402	0.137472132166	0.0778038600211	0.12680464025	0.14739326169	0.151441123454	0.140347825733	0.105174887545	0.146255040902	0.12942086649	0.0800264550265	0.16900440044	0.135875262055	0.122910135841	0.256490944189	0.214027113238	0.20689450524	0.232459566371	0.0863546804393	0.174493582202	0.135449320794	0.230694735662	0.267382870077	0.141660446833	0.110302313427	0.153162158627	0.206090764331	0.175529213973	0.134259314727	0.141362973947	0.141697094173
CCIS38765456ST-20-0.snv.bam	0.194742864774	0.143974106427	0.100272092083	0.235201262726	0.132199648959	0.13521903476	0.136681167006	0.180757059723	0.148220041607	0.110972008164	0.111132306989	0.111619404901	0.120292710761	0.172010312919	0.0696672718307	0.0	0.109264854561	0.137067712756	0.15169637654	0.174739826146	0.122034647485	0.130213208549	0.254970709604	0.149431745875	0.188221379315	0.162005970968	0.175135594339	0.128674641592	0.133817976575	0.152715684881	0.164297500383	0.150119606354	0.154117712194	0.155343509148	0.142167710761	0.137746378094	0.158688741588	0.16212364786	0.173110067016	0.261036317061	0.21343396684	0.203369277549	0.231713717799	0.134684338866	0.180299536025	0.148177326146	0.235834832294	0.274612181807	0.169458033286	0.0724834093844	0.182539907684	0.164765873192	0.181630473323	0.159135658723	0.159615788354	0.159948844503
CCIS62605362ST-3-0.snv.bam	0.195712952573	0.183250592227	0.121666729239	0.265067302838	0.145289705689	0.216624856724	0.218331479804	0.173725225583	0.195438398031	0.183450554135	0.183609857315	0.183650274051	0.198741862526	0.196189346373	0.143444804823	0.109264854561	0.0	0.183214848864	0.146038506936	0.152242965004	0.158540609174	0.154407098911	0.242180826032	0.181656354082	0.183207755906	0.210597080938	0.165312178311	0.167101329811	0.165751456131	0.190092419077	0.196378014876	0.199681158637	0.203352516728	0.206015057076	0.177185413859	0.176027610647	0.15252201359	0.171267227993	0.14311193585	0.265593990633	0.251369866841	0.239202870691	0.254982949869	0.149789616706	0.215571907985	0.164524162068	0.258654240238	0.291899736749	0.154373072646	0.143413310743	0.198807256323	0.197267128467	0.216731663177	0.0860249041541	0.0857307249712	0.0857285619111
CCIS70398272ST-4-0.snv.bam	0.177496038034	0.133163287216	0.121387045418	0.197425315062	0.134670657005	0.164218605978	0.164256084307	0.148242558588	0.118743763544	0.0814367876867	0.0812083000675	0.082021169187	0.111020920719	0.114882720574	0.14072129657	0.137067712756	0.183214848864	0.0	0.134158392571	0.171303394113	0.14254248306	0.0838804655528	0.194236347691	0.193970278573	0.164494997831	0.127073945664	0.15277968842	0.154693291779	0.168437850764	0.165680830089	0.177482634549	0.131883644684	0.135890853536	0.131218901498	0.114593199833	0.153745578847	0.107720199848	0.134427148301	0.168066692734	0.243342631014	0.19852376935	0.178773986923	0.213610315144	0.180765928662	0.156356737001	0.120546998357	0.198903415577	0.251210488487	0.18012363603	0.144324713842	0.124556670445	0.143681909233	0.156852824764	0.179630351778	0.184318871996	0.187471289892
CCMD26709089ST-21-0.snv.bam	0.208541218961	0.151395108228	0.153730686974	0.255243517982	0.123471943137	0.183955805227	0.184848181095	0.170837420142	0.167342646838	0.13832668619	0.138440782857	0.139107620396	0.180808997323	0.190330119778	0.176350947903	0.15169637654	0.146038506936	0.134158392571	0.0	0.177654659306	0.181073537397	0.180658505541	0.254497108723	0.188182304121	0.166484280246	0.171444555445	0.141374764639	0.204518247893	0.196963588533	0.135404107834	0.191110569245	0.161935693665	0.156856612072	0.163326260674	0.183867101298	0.201385817485	0.144847649671	0.122845457201	0.186689966506	0.280756307172	0.257764168372	0.247205109548	0.248075813076	0.163414155273	0.209595843112	0.171399446629	0.246344370365	0.287831738989	0.137703266832	0.176499368687	0.185651006394	0.201247781721	0.210606060606	0.138255205849	0.143569771214	0.143895564456
CCMD42428553ST-21-0.snv.bam	0.214372798187	0.126202805106	0.153364290763	0.239037325025	0.147820906738	0.189787384453	0.19065361772	0.17435629256	0.183108689418	0.162784898722	0.162898995389	0.163202646025	0.168569962148	0.15351366425	0.141861404009	0.174739826146	0.152242965004	0.171303394113	0.177654659306	0.0	0.199642687545	0.186941007106	0.189359923134	0.182350724895	0.16560391698	0.171437895438	0.153713763089	0.125075715843	0.160255676443	0.137946217853	0.190476233893	0.115093400936	0.150480292001	0.144971017548	0.141047026368	0.148747537292	0.0998246126863	0.110568878974	0.125521267723	0.268144838724	0.232989665269	0.22139167567	0.248655233655	0.150767372902	0.209589203535	0.140811787601	0.246337648309	0.269544041134	0.119348023706	0.188992604618	0.148878413794	0.185713109354	0.210891562425	0.121613166626	0.125199362041	0.125197232674
MH0191.snv.bam	0.203092406041	0.153837867859	0.150585263656	0.223901020018	0.144168242606	0.211205912632	0.212878131562	0.209299608862	0.208908011519	0.159827680706	0.159943190335	0.160211856462	0.153300484856	0.17527681221	0.134685159314	0.122034647485	0.158540609174	0.14254248306	0.181073537397	0.199642687545	0.0	0.160840645618	0.260443366577	0.188482519967	0.203253627688	0.143377066921	0.186302690104	0.14564734981	0.156968828671	0.193336723877	0.174532049268	0.186782811411	0.174863891515	0.178737808335	0.174972311481	0.136172832387	0.189948317692	0.187929216166	0.180926110005	0.259848740571	0.217348555965	0.205105281033	0.232249884999	0.141105148192	0.197443795639	0.180926110005	0.237952664139	0.264503549193	0.201852199739	0.144810763774	0.212912792271	0.219280954957	0.198641335885	0.192226057805	0.193049135428	0.19304699271
MH0205.snv.bam	0.199579437858	0.136430427865	0.130208975624	0.2262894769	0.175262314846	0.149205963592	0.149400662093	0.17316756248	0.156235552473	0.0958889773748	0.0961281355515	0.0963403184618	0.0832663798466	0.0990592609283	0.155843285867	0.130213208549	0.154407098911	0.0838804655528	0.180658505541	0.186941007106	0.160840645618	0.0	0.178301037043	0.203025295936	0.180321211807	0.179105875664	0.159931049963	0.168223964416	0.168139311252	0.177754207986	0.174104011084	0.134482411386	0.142096018735	0.121880192886	0.0675431094063	0.176438808007	0.116425035361	0.149532447048	0.171074797844	0.251458292647	0.221115206589	0.196906691397	0.239482357481	0.199810110217	0.171698559203	0.0735905211141	0.215942803203	0.271371729688	0.188536363183	0.159778480719	0.120146605239	0.110531720675	0.171653158443	0.170014434112	0.171619635847	0.171617445055
MH0250.snv.bam	0.244263870468	0.177756729605	0.212858359338	0.239660056091	0.226908212689	0.214255816221	0.214313205672	0.242503737574	0.23283327006	0.199209634825	0.199306439924	0.199529124148	0.174072134	0.145050989114	0.216549161339	0.254970709604	0.242180826032	0.194236347691	0.254497108723	0.189359923134	0.260443366577	0.178301037043	0.0	0.264162622718	0.191537130542	0.23174374746	0.195378238201	0.215430234895	0.186407528676	0.176670698531	0.247548402038	0.175897107435	0.166514845396	0.140577203067	0.138174698102	0.201702555991	0.207933184061	0.175400783353	0.208707242481	0.249345679029	0.225518929266	0.20633356933	0.248796964281	0.236551451085	0.232942809949	0.144091857866	0.227764906466	0.257899442488	0.214974641748	0.264822580305	0.156991275366	0.199611522311	0.233771973206	0.210202539447	0.212562639365	0.214799636817
MH0253.snv.bam	0.169488569792	0.209907645442	0.145752610531	0.196005701927	0.139880338555	0.211843118205	0.213775635971	0.187137711608	0.165519817674	0.173451780518	0.173226087854	0.173805616932	0.191469259846	0.189221338871	0.1397898267	0.149431745875	0.181656354082	0.193970278573	0.188182304121	0.182350724895	0.188482519967	0.203025295936	0.264162622718	0.0	0.170892674567	0.192891742121	0.169007472825	0.146268239775	0.182004045383	0.20781652334	0.164033096332	0.213430806174	0.174097177117	0.210068859293	0.207217601138	0.132318229259	0.21076768404	0.189212369617	0.185745529207	0.232448443129	0.234482613858	0.196076829969	0.226648730746	0.131497920489	0.164374480136	0.194749946468	0.238323426141	0.250035052476	0.153242759224	0.161247774328	0.194520753046	0.198208070115	0.161787894466	0.18004276037	0.182794596769	0.180005125214
MH0260.snv.bam	0.195985238004	0.169336460816	0.154105954808	0.226719741688	0.113466657664	0.208888226834	0.209651899602	0.21049744466	0.186861928818	0.163525029882	0.163281453569	0.163733097169	0.174403985413	0.165792694014	0.151173826174	0.188221379315	0.183207755906	0.164494997831	0.166484280246	0.16560391698	0.203253627688	0.180321211807	0.191537130542	0.170892674567	0.0	0.176811496196	0.0478462766657	0.155042137866	0.171525532423	0.151026595419	0.136040260147	0.174254493009	0.162925278013	0.175184331247	0.17210760697	0.164593816916	0.177499242451	0.160129645406	0.156581848325	0.262316702612	0.22669348467	0.230129604408	0.222314548699	0.139070507077	0.202433339631	0.159639952301	0.233327510549	0.269734665783	0.137739316409	0.188136065324	0.184257583691	0.215925029939	0.202949163992	0.151061605393	0.15372368791	0.154049481152
MH0266.snv.bam	0.18324709137	0.140786034682	0.17736368207	0.204698542199	0.14611364051	0.214290638154	0.215368784886	0.192901645507	0.201282262042	0.155599961442	0.155782834319	0.156810679033	0.125380875535	0.134789695901	0.112111311402	0.162005970968	0.210597080938	0.127073945664	0.171444555445	0.171437895438	0.143377066921	0.179105875664	0.23174374746	0.192891742121	0.176811496196	0.0	0.157940286939	0.14081263374	0.18372057194	0.165074163037	0.171133798818	0.154361878723	0.137026341714	0.156303373327	0.153073183227	0.145395207077	0.169919724289	0.140962535407	0.165144189144	0.233394380612	0.202124824948	0.180134803027	0.216409897292	0.150802065227	0.18462701835	0.152836496836	0.183793113589	0.238511364753	0.179035520036	0.187443618576	0.170175803256	0.21200098079	0.185643471755	0.190088749285	0.196583507786	0.19691134362
MH0276.snv.bam	0.175039160671	0.15434818766	0.153573183101	0.213903796771	0.106251135889	0.202689858881	0.203288362736	0.18056554333	0.18589233219	0.156778031504	0.157003736206	0.157193670622	0.163070147445	0.141665030016	0.137472132166	0.175135594339	0.165312178311	0.15277968842	0.141374764639	0.153713763089	0.186302690104	0.159931049963	0.195378238201	0.169007472825	0.0478462766657	0.157940286939	0.0	0.135295037868	0.159285559045	0.153617072131	0.146681358627	0.158174902699	0.137301800763	0.162997082426	0.153810888186	0.151887370442	0.158009401313	0.141665030016	0.144314212023	0.240927792874	0.208316230781	0.217960361971	0.201935542891	0.131725207911	0.187517300245	0.141227792269	0.211686492259	0.243047110738	0.136816171654	0.188621950254	0.166374693723	0.190005475194	0.18884045521	0.147492357784	0.150302145306	0.15063101207
MH0292.snv.bam	0.203956643073	0.128417202247	0.100396803189	0.251668572317	0.124133873821	0.197647486895	0.199269721983	0.182362654252	0.175069910656	0.158820332458	0.158916545476	0.159452180252	0.127964131775	0.112783276115	0.0778038600211	0.128674641592	0.167101329811	0.154693291779	0.204518247893	0.125075715843	0.14564734981	0.168223964416	0.215430234895	0.146268239775	0.155042137866	0.14081263374	0.135295037868	0.0	0.100538899208	0.179580954958	0.161197774638	0.109424138089	0.111178997313	0.133662590183	0.13102223575	0.0799685697009	0.160303230017	0.11891824544	0.109571400653	0.270906045535	0.228531928562	0.209527119067	0.240314678505	0.110352674027	0.199043716559	0.130786996983	0.232705599938	0.275068479116	0.149721652816	0.12145375484	0.153604192641	0.192160501077	0.198836678234	0.154469491486	0.158795603375	0.158793474007
MH0316.snv.bam	0.209281046813	0.0968477764628	0.123260131681	0.275577229536	0.123378600997	0.196886827167	0.197572109495	0.212707247041	0.196139702738	0.157687808424	0.157618718525	0.158603416125	0.126906985415	0.124171495991	0.12680464025	0.133817976575	0.165751456131	0.168437850764	0.196963588533	0.160255676443	0.156968828671	0.168139311252	0.186407528676	0.182004045383	0.171525532423	0.18372057194	0.159285559045	0.100538899208	0.0	0.132555197207	0.202890179771	0.105798967629	0.138675970493	0.066527999579	0.111781768455	0.134224911528	0.209957646407	0.117776652418	0.175520454704	0.288588508231	0.246115553792	0.218351215269	0.26330407894	0.13889109492	0.19759057652	0.111449447022	0.249827848367	0.280364466214	0.156486493423	0.145701890476	0.135753241437	0.20102988802	0.198822875121	0.162254844795	0.163672054075	0.163669924708
MH0391.snv.bam	0.228098931183	0.0829452113128	0.156454106234	0.254345636326	0.160546527253	0.170036923234	0.169868930412	0.212786038122	0.167469336219	0.113861916899	0.113969037253	0.114264745671	0.128698456269	0.125735254329	0.14739326169	0.152715684881	0.190092419077	0.165680830089	0.135404107834	0.137946217853	0.193336723877	0.177754207986	0.176670698531	0.20781652334	0.151026595419	0.165074163037	0.153617072131	0.179580954958	0.132555197207	0.0	0.173179772081	0.100189589571	0.133679479123	0.0794530856294	0.125583191471	0.164780067461	0.155167837627	0.091360254329	0.162726733287	0.290297909345	0.241152961268	0.223708107996	0.256044208317	0.154743227291	0.195014987753	0.125343555717	0.260834155296	0.262958407836	0.140093075841	0.163441742263	0.144114819273	0.20460795797	0.195438988095	0.149093225168	0.149127946048	0.149457850246
MH0416.snv.bam	0.196697209655	0.157782005695	0.172668469512	0.230682667617	0.155224762109	0.20836392738	0.210285772781	0.221918350394	0.205584927092	0.164008392758	0.164122489425	0.16527710316	0.157239134601	0.172516177722	0.151441123454	0.164297500383	0.196378014876	0.177482634549	0.191110569245	0.190476233893	0.174532049268	0.174104011084	0.247548402038	0.164033096332	0.136040260147	0.171133798818	0.146681358627	0.161197774638	0.202890179771	0.173179772081	0.0	0.18148875063	0.170032087659	0.188646173248	0.166413446527	0.170759703697	0.180546779336	0.166687956864	0.187279125191	0.269046190406	0.21724044301	0.220650437662	0.228629525313	0.151213824087	0.191145786726	0.160061999809	0.240531136704	0.263955246683	0.181121976458	0.142370055569	0.196591965184	0.213319518785	0.192526535463	0.179008959132	0.18186464626	0.182190439503
MH0422.snv.bam	0.224947064927	0.0553372901117	0.161799774318	0.254335999488	0.148750030627	0.127841467881	0.128354555497	0.194061711372	0.181631262623	0.10903998705	0.109148802346	0.109857182639	0.0924081747699	0.133727175081	0.140347825733	0.150119606354	0.199681158637	0.131883644684	0.161935693665	0.115093400936	0.186782811411	0.134482411386	0.175897107435	0.213430806174	0.174254493009	0.154361878723	0.158174902699	0.109424138089	0.105798967629	0.100189589571	0.18148875063	0.0	0.102374275854	0.0414748093828	0.0765853899598	0.160654038944	0.134413533835	0.0670605084139	0.15229132959	0.290460679386	0.247438891518	0.223118026088	0.25939076242	0.184481655729	0.203460679893	0.0763419625012	0.245377401411	0.27840680796	0.166065942811	0.16926301239	0.119321837826	0.159746935667	0.204537317319	0.149985793433	0.152015302185	0.152013097259
MH0436.snv.bam	0.192534967686	0.107068828683	0.166592438462	0.209899049038	0.164319524871	0.166494270201	0.166888367084	0.175183106029	0.17501762218	0.160479504711	0.160421396605	0.161561428454	0.105749545041	0.108934258417	0.105174887545	0.154117712194	0.203352516728	0.135890853536	0.156856612072	0.150480292001	0.174863891515	0.142096018735	0.166514845396	0.174097177117	0.162925278013	0.137026341714	0.137301800763	0.111178997313	0.138675970493	0.133679479123	0.170032087659	0.102374275854	0.0	0.0848801969977	0.128287516624	0.113565668203	0.141155040612	0.11247717937	0.118488398544	0.239387992039	0.20456633703	0.191334482038	0.223245562308	0.132306263916	0.170881734664	0.134411965423	0.198819323001	0.245297344374	0.140721994743	0.174147844399	0.0949754518324	0.167208141321	0.171021084879	0.138474401608	0.143989927963	0.14398770872
MH0443.snv.bam	0.205926494283	0.0452583157952	0.156828497079	0.24726467646	0.157135356341	0.139399524505	0.139471450994	0.20001179876	0.180659807892	0.111437346701	0.111533559719	0.112309964864	0.0811129901876	0.09032829667	0.146255040902	0.155343509148	0.206015057076	0.131218901498	0.163326260674	0.144971017548	0.178737808335	0.121880192886	0.140577203067	0.210068859293	0.175184331247	0.156303373327	0.162997082426	0.133662590183	0.066527999579	0.0794530856294	0.188646173248	0.0414748093828	0.0848801969977	0.0	0.0658224703099	0.159009499049	0.158446092795	0.0716566508978	0.16623874065	0.272578664397	0.230724144637	0.202758464561	0.254512540228	0.178997587929	0.170385988772	0.0714375174088	0.228141066333	0.258460068395	0.158631252997	0.179685368225	0.100248696338	0.16399818844	0.171347516033	0.15784970868	0.160032010994	0.160029881627
MMRS21365932ST-27-0-0.snv.bam	0.21479093791	0.0680171257545	0.141228108902	0.242901295449	0.160379998737	0.165778563628	0.166210269657	0.196537581303	0.161125940306	0.113951469154	0.114065565821	0.114628418616	0.0463420371677	0.0677206229353	0.12942086649	0.142167710761	0.177185413859	0.114593199833	0.183867101298	0.141047026368	0.174972311481	0.0675431094063	0.138174698102	0.207217601138	0.17210760697	0.153073183227	0.153810888186	0.13102223575	0.111781768455	0.125583191471	0.166413446527	0.0765853899598	0.128287516624	0.0658224703099	0.0	0.136461062158	0.151372743013	0.0861255309108	0.162314749471	0.271685462139	0.233087091063	0.211815767707	0.254612865767	0.181444646698	0.185145855472	0.0124676546695	0.234013016419	0.275833417393	0.180606337258	0.170340943778	0.0978651387615	0.117487856347	0.186448214362	0.154057036774	0.156450042825	0.156447913457
MMRS39415781ST-27-0-0.snv.bam	0.204828834736	0.140051738879	0.121361940029	0.232297630685	0.121151597847	0.228616378781	0.230147903203	0.179634153981	0.175159235669	0.183235936026	0.183351445655	0.18413646395	0.13955703739	0.11801242236	0.0800264550265	0.137746378094	0.176027610647	0.153745578847	0.201385817485	0.148747537292	0.136172832387	0.176438808007	0.201702555991	0.132318229259	0.164593816916	0.145395207077	0.151887370442	0.0799685697009	0.134224911528	0.164780067461	0.170759703697	0.160654038944	0.113565668203	0.159009499049	0.136461062158	0.0	0.201954397394	0.130434782609	0.123839009288	0.249352614764	0.223229490083	0.211065244811	0.238854387219	0.0813379042109	0.19325464046	0.142414860681	0.229976135431	0.266841799056	0.142357118286	0.149628324707	0.150220776555	0.184761530398	0.195476056035	0.153532091088	0.161336090441	0.161333934205
MMRS56137463ST-27-0-0.snv.bam	0.19623845326	0.145345762048	0.125927627214	0.232194911725	0.168183493798	0.160680199067	0.161807278743	0.140284020585	0.145695364238	0.119274270886	0.119439208584	0.119481054851	0.161019045263	0.145161290323	0.16900440044	0.158688741588	0.15252201359	0.107720199848	0.144847649671	0.0998246126863	0.189948317692	0.116425035361	0.207933184061	0.21076768404	0.177499242451	0.169919724289	0.158009401313	0.160303230017	0.209957646407	0.155167837627	0.180546779336	0.134413533835	0.141155040612	0.158446092795	0.151372743013	0.201954397394	0.0	0.135483870968	0.147909967846	0.254792610666	0.217919799499	0.190573892358	0.244200558521	0.19377273161	0.181319991082	0.151125401929	0.216585843824	0.259435583214	0.159693512989	0.149148913952	0.160803366815	0.161658523344	0.182447516641	0.147866260122	0.150992234685	0.150819672131
MMRS67247116ST-27-0-0.snv.bam	0.202943906809	0.0532528807225	0.147560332927	0.249821353655	0.148140801617	0.190230123223	0.191100384096	0.184257880367	0.155063291139	0.13860493048	0.138719377137	0.139389123697	0.119867862199	0.110769230769	0.135875262055	0.16212364786	0.171267227993	0.134427148301	0.122845457201	0.110568878974	0.187929216166	0.149532447048	0.175400783353	0.189212369617	0.160129645406	0.140962535407	0.141665030016	0.11891824544	0.117776652418	0.091360254329	0.166687956864	0.0670605084139	0.11247717937	0.0716566508978	0.0861255309108	0.130434782609	0.135483870968	0.0	0.131901840491	0.275466355763	0.239783252598	0.215488559587	0.252074871288	0.15722538771	0.185478848637	0.0920245398773	0.237617657975	0.260923201059	0.137979598792	0.183172974709	0.114539217017	0.167458463136	0.186492174492	0.131568415503	0.137948564593	0.137946428571
MMRS93621581ST-27-0-0.snv.bam	0.205381387216	0.166586460843	0.14405097411	0.245841030873	0.156635690086	0.217171315507	0.218121548562	0.205758644152	0.186119873817	0.202401245677	0.202515342345	0.203378727612	0.153140437544	0.125766871166	0.122910135841	0.173110067016	0.14311193585	0.168066692734	0.186689966506	0.125521267723	0.180926110005	0.171074797844	0.208707242481	0.185745529207	0.156581848325	0.165144189144	0.144314212023	0.109571400653	0.175520454704	0.162726733287	0.187279125191	0.15229132959	0.118488398544	0.16623874065	0.162314749471	0.123839009288	0.147909967846	0.131901840491	0.0	0.268288228458	0.242136864819	0.224470854556	0.251592296592	0.141708898247	0.194112349101	0.162079510703	0.243090895062	0.284883191148	0.122267122955	0.163850559163	0.182057816091	0.213522256729	0.195414707991	0.105699424752	0.109481435109	0.109479305741
N082A.snv.bam	0.143029391882	0.265487431456	0.262309264843	0.160919778154	0.26762373776	0.274599477996	0.27264238371	0.204766532742	0.286799245671	0.245954019692	0.2462052798	0.247592752573	0.255912591476	0.246985343105	0.256490944189	0.261036317061	0.265593990633	0.243342631014	0.280756307172	0.268144838724	0.259848740571	0.251458292647	0.249345679029	0.232448443129	0.262316702612	0.233394380612	0.240927792874	0.270906045535	0.288588508231	0.290297909345	0.269046190406	0.290460679386	0.239387992039	0.272578664397	0.271685462139	0.249352614764	0.254792610666	0.275466355763	0.268288228458	0.0	0.141398005615	0.140507726269	0.163669704805	0.25989330646	0.184294573219	0.27144280259	0.125631426936	0.149901544663	0.264443904187	0.281605577972	0.269144996722	0.277001709545	0.185865078527	0.257376499026	0.257848582286	0.260143123081
NLM029.snv.bam	0.125873072124	0.223779090856	0.226981039847	0.127110616228	0.240392746804	0.254253612751	0.255645441515	0.177110854737	0.255972198868	0.196270633663	0.196172627758	0.197211642014	0.223799165367	0.208727351977	0.214027113238	0.21343396684	0.251369866841	0.19852376935	0.257764168372	0.232989665269	0.217348555965	0.221115206589	0.225518929266	0.234482613858	0.22669348467	0.202124824948	0.208316230781	0.228531928562	0.246115553792	0.241152961268	0.21724044301	0.247438891518	0.20456633703	0.230724144637	0.233087091063	0.223229490083	0.217919799499	0.239783252598	0.242136864819	0.141398005615	0.0	0.11311880414	0.101752499109	0.223643732384	0.168782534163	0.239040889587	0.151992086353	0.160886257595	0.241666325726	0.235858465689	0.246570014236	0.253640112646	0.171015271097	0.246743102552	0.247172706645	0.249423817646
NOF012.snv.bam	0.147074057804	0.218228559325	0.201905269182	0.132044606466	0.234841932091	0.217930638786	0.219073105966	0.165482628139	0.216620192866	0.175924911252	0.176126064998	0.176453269095	0.202138348352	0.179889854085	0.20689450524	0.203369277549	0.239202870691	0.178773986923	0.247205109548	0.22139167567	0.205105281033	0.196906691397	0.20633356933	0.196076829969	0.230129604408	0.180134803027	0.217960361971	0.209527119067	0.218351215269	0.223708107996	0.220650437662	0.223118026088	0.191334482038	0.202758464561	0.211815767707	0.211065244811	0.190573892358	0.215488559587	0.224470854556	0.140507726269	0.11311880414	0.0	0.151088549313	0.218410088969	0.115251205389	0.211567628749	0.136517243793	0.127928660729	0.234237879645	0.215627011108	0.217636199071	0.221699022146	0.115549847248	0.235261760376	0.235952320994	0.238769621422
NOM010.snv.bam	0.150652708245	0.242342340174	0.248251349957	0.127420611796	0.234605704002	0.279019095306	0.276917515648	0.208802376169	0.277493185827	0.226704289862	0.226521416986	0.227549705096	0.238754877601	0.236256970053	0.232459566371	0.231713717799	0.254982949869	0.213610315144	0.248075813076	0.248655233655	0.232249884999	0.239482357481	0.248796964281	0.226648730746	0.222314548699	0.216409897292	0.201935542891	0.240314678505	0.26330407894	0.256044208317	0.228629525313	0.25939076242	0.223245562308	0.254512540228	0.254612865767	0.238854387219	0.244200558521	0.252074871288	0.251592296592	0.163669704805	0.101752499109	0.151088549313	0.0	0.22095411579	0.199456419059	0.242068487068	0.148775857685	0.145615638955	0.244111222111	0.259720974344	0.263763713769	0.274848203012	0.200927150696	0.240837835298	0.241100429663	0.240202630877
O2.UC13-1.snv.bam	0.188068878735	0.160589375192	0.121066410875	0.239694645597	0.0958224852321	0.223469888979	0.225438071686	0.193575140475	0.186939105181	0.179125434444	0.179239531111	0.180031518185	0.141944137014	0.151346042107	0.0863546804393	0.134684338866	0.149789616706	0.180765928662	0.163414155273	0.150767372902	0.141105148192	0.199810110217	0.236551451085	0.131497920489	0.139070507077	0.150802065227	0.131725207911	0.110352674027	0.13889109492	0.154743227291	0.151213824087	0.184481655729	0.132306263916	0.178997587929	0.181444646698	0.0813379042109	0.19377273161	0.15722538771	0.141708898247	0.25989330646	0.223643732384	0.218410088969	0.22095411579	0.0	0.194161120604	0.168976992029	0.230996101253	0.267061431494	0.086504053822	0.143190589559	0.164296426426	0.226102607079	0.196516726108	0.147127928533	0.152996684497	0.153888889521
O2.UC48-1.snv.bam	0.12374470039	0.181930109926	0.190752436629	0.15806616454	0.210591831338	0.215320047205	0.213502309656	0.1876072588	0.209004602992	0.151157167645	0.151509299517	0.152286775752	0.169529569917	0.148555771714	0.174493582202	0.180299536025	0.215571907985	0.156356737001	0.209595843112	0.209589203535	0.197443795639	0.171698559203	0.232942809949	0.164374480136	0.202433339631	0.18462701835	0.187517300245	0.199043716559	0.19759057652	0.195014987753	0.191145786726	0.203460679893	0.170881734664	0.170385988772	0.185145855472	0.19325464046	0.181319991082	0.185478848637	0.194112349101	0.184294573219	0.168782534163	0.115251205389	0.199456419059	0.194161120604	0.0	0.191044864438	0.159740553943	0.181571729095	0.211394947212	0.205299631714	0.194198358449	0.210809075104	0.00293561409351	0.207371319668	0.210558474785	0.210556338764
