	CCIS09568613ST-4-0.snv.bam	M1.1-V1.metaG.snv.bam	M1.1-V3.metaG.snv.bam	MH0250.snv.bam	MH0252.snv.bam	MH0355.snv.bam	MH0377.snv.bam	MH0409.snv.bam	MH0417.snv.bam	MH0426.snv.bam	MH0428.snv.bam	MH0445.snv.bam	MH0447.snv.bam	MH0448.snv.bam	MH0451.snv.bam	MH0457.snv.bam	MMRS95277876ST-27-0-0.snv.bam	NG-5636_278.snv.bam	O2.UC16-1.snv.bam	V1.FI14.snv.bam
CCIS09568613ST-4-0.snv.bam	0.0	0.119102670262	0.11895011496	0.121475117889	0.198917219594	0.173807197489	0.189085764176	0.193117449	0.217064734098	0.222100947421	0.164849223983	0.222220285139	0.173560079913	0.141209206873	0.206260482898	0.279423340749	0.216301861194	0.196626349296	0.203010335507	0.151449342951
M1.1-V1.metaG.snv.bam	0.119102670262	0.0	0.00015299877601	0.127925941336	0.212107815766	0.192416709114	0.193630855645	0.191441678047	0.200394027283	0.226457527391	0.142646499574	0.205925545492	0.174488231157	0.129739318841	0.172635347533	0.286780725101	0.220551378446	0.209517103796	0.202816539313	0.193136349646
M1.1-V3.metaG.snv.bam	0.11895011496	0.00015299877601	0.0	0.130671936759	0.211955260465	0.192263710338	0.196409062159	0.19128409847	0.203454002803	0.226304082554	0.142493944272	0.208976651518	0.174335675856	0.129580789989	0.172481902696	0.28662501037	0.223370927318	0.209364548495	0.205644504749	0.19298245614
MH0250.snv.bam	0.121475117889	0.127925941336	0.130671936759	0.0	0.188007611259	0.174141019082	0.189422505492	0.179572316871	0.159560739073	0.209709514525	0.147417421088	0.164565654837	0.167694599598	0.1618809337	0.177416528129	0.285184785062	0.169115429662	0.185239708387	0.167013801265	0.174853372434
MH0252.snv.bam	0.198917219594	0.212107815766	0.211955260465	0.188007611259	0.0	0.191417754686	0.19220063254	0.175537844209	0.211373268174	0.218534266337	0.21946225216	0.213663376753	0.216943472144	0.225203329938	0.191856867797	0.261462319543	0.172014147555	0.170598259354	0.218220990954	0.180426821992
MH0355.snv.bam	0.173807197489	0.192416709114	0.192263710338	0.174141019082	0.191417754686	0.0	0.187468440211	0.184605967991	0.180571512922	0.21067143425	0.182840436677	0.185783571316	0.16279270065	0.168820368597	0.213081421456	0.253715347098	0.184718609687	0.214940709789	0.150460194783	0.152299464595
MH0377.snv.bam	0.189085764176	0.193630855645	0.196409062159	0.189422505492	0.19220063254	0.187468440211	0.0	0.18633849122	0.201802043097	0.220536613834	0.219030153668	0.206908769987	0.212963581488	0.209398714031	0.176500829386	0.268374134579	0.20109259836	0.207255429644	0.200822078763	0.146934832757
MH0409.snv.bam	0.193117449	0.191441678047	0.19128409847	0.179572316871	0.175537844209	0.184605967991	0.18633849122	0.0	0.20549804908	0.240745424906	0.229205248878	0.208335576955	0.220414302316	0.217432385751	0.183932679182	0.27240682051	0.220529504057	0.17991961742	0.20888317425	0.178144811478
MH0417.snv.bam	0.217064734098	0.200394027283	0.203454002803	0.159560739073	0.211373268174	0.180571512922	0.201802043097	0.20549804908	0.0	0.230091572565	0.208570470023	0.00349695326674	0.194191983892	0.246942671042	0.198512009129	0.286881300867	0.18427190526	0.217887933042	0.182015632123	0.207090786625
MH0426.snv.bam	0.222100947421	0.226457527391	0.226304082554	0.209709514525	0.218534266337	0.21067143425	0.220536613834	0.240745424906	0.230091572565	0.0	0.235314736367	0.235323926879	0.227170483585	0.207432971099	0.202791574558	0.309314324308	0.218515783246	0.215665626561	0.209736077702	0.190814971981
MH0428.snv.bam	0.164849223983	0.142646499574	0.142493944272	0.147417421088	0.21946225216	0.182840436677	0.219030153668	0.229205248878	0.208570470023	0.235314736367	0.0	0.213591480227	0.135684596258	0.192172794422	0.206409978631	0.277052272599	0.222088019395	0.205623549691	0.215143161643	0.169221483093
MH0445.snv.bam	0.222220285139	0.205925545492	0.208976651518	0.164565654837	0.213663376753	0.185783571316	0.206908769987	0.208335576955	0.00349695326674	0.235323926879	0.213591480227	0.0	0.199333082271	0.252300852555	0.203923744765	0.289086283207	0.189746668367	0.222705979974	0.187706260264	0.212649680896
MH0447.snv.bam	0.173560079913	0.174488231157	0.174335675856	0.167694599598	0.216943472144	0.16279270065	0.212963581488	0.220414302316	0.194191983892	0.227170483585	0.135684596258	0.199333082271	0.0	0.20421670762	0.209563336955	0.265619568198	0.210606893128	0.197223849923	0.199130502661	0.189540243555
MH0448.snv.bam	0.141209206873	0.129739318841	0.129580789989	0.1618809337	0.225203329938	0.168820368597	0.209398714031	0.217432385751	0.246942671042	0.207432971099	0.192172794422	0.252300852555	0.20421670762	0.0	0.219866921556	0.301311390011	0.224332139217	0.233537699123	0.240926363574	0.214866532557
MH0451.snv.bam	0.206260482898	0.172635347533	0.172481902696	0.177416528129	0.191856867797	0.213081421456	0.176500829386	0.183932679182	0.198512009129	0.202791574558	0.206409978631	0.203923744765	0.209563336955	0.219866921556	0.0	0.289871902319	0.20334151111	0.212371445832	0.221573736465	0.161728925803
MH0457.snv.bam	0.279423340749	0.286780725101	0.28662501037	0.285184785062	0.261462319543	0.253715347098	0.268374134579	0.27240682051	0.286881300867	0.309314324308	0.277052272599	0.289086283207	0.265619568198	0.301311390011	0.289871902319	0.0	0.323079838556	0.280106267971	0.281882639304	0.273140115793
MMRS95277876ST-27-0-0.snv.bam	0.216301861194	0.220551378446	0.223370927318	0.169115429662	0.172014147555	0.184718609687	0.20109259836	0.220529504057	0.18427190526	0.218515783246	0.222088019395	0.189746668367	0.210606893128	0.224332139217	0.20334151111	0.323079838556	0.0	0.205154509879	0.174497620488	0.17042927776
NG-5636_278.snv.bam	0.196626349296	0.209517103796	0.209364548495	0.185239708387	0.170598259354	0.214940709789	0.207255429644	0.17991961742	0.217887933042	0.215665626561	0.205623549691	0.222705979974	0.197223849923	0.233537699123	0.212371445832	0.280106267971	0.205154509879	0.0	0.194797265049	0.181194096601
O2.UC16-1.snv.bam	0.203010335507	0.202816539313	0.205644504749	0.167013801265	0.218220990954	0.150460194783	0.200822078763	0.20888317425	0.182015632123	0.209736077702	0.215143161643	0.187706260264	0.199130502661	0.240926363574	0.221573736465	0.281882639304	0.174497620488	0.194797265049	0.0	0.195556614045
V1.FI14.snv.bam	0.151449342951	0.193136349646	0.19298245614	0.174853372434	0.180426821992	0.152299464595	0.146934832757	0.178144811478	0.207090786625	0.190814971981	0.169221483093	0.212649680896	0.189540243555	0.214866532557	0.161728925803	0.273140115793	0.17042927776	0.181194096601	0.195556614045	0.0
