	158802708-stool1.snv.bam	159227541-stool2.snv.bam	160643649-stool1.snv.bam	160704339-stool1.snv.bam	161554003-stool2.snv.bam	508703490-stool2.snv.bam	604812005-stool2.snv.bam	765074482-stool1.snv.bam	765074482-stool2.snv.bam	765256553-stool3.snv.bam	CCIS07277498ST-4-0.snv.bam	CCIS08668806ST-3-0.snv.bam	CCIS53355328ST-4-0.snv.bam	CCIS70398272ST-4-0.snv.bam	CCIS74239020ST-4-0.snv.bam	CCIS88317640ST-4-0.snv.bam	CCIS90443472ST-4-0.snv.bam	MH0259.snv.bam	MH0280.snv.bam	MH0326.snv.bam	MH0392.snv.bam	MH0397.snv.bam	MH0431.snv.bam	MH0452.snv.bam	MMRS11288076ST-27-0-0.snv.bam	NLM029.snv.bam	NOF012.snv.bam	O2.UC44-1.snv.bam	SZEY-09A.snv.bam	T2D-123A.snv.bam	T2D-68A.snv.bam	V1.CD22-0.snv.bam	V1.UC40-1.snv.bam
158802708-stool1.snv.bam	0.0	0.262068965517	0.244827586207	0.206896551724	0.265517241379	0.258620689655	0.368965517241	0.210344827586	0.220689655172	0.244827586207	0.258620689655	0.28275862069	0.337931034483	0.313793103448	0.275862068966	0.293103448276	0.334482758621	0.289655172414	0.206896551724	0.120689655172	0.296551724138	0.272413793103	0.255172413793	0.268965517241	0.289655172414	0.362068965517	0.372413793103	0.255172413793	0.358620689655	0.375862068966	0.251724137931	0.313793103448	0.279310344828
159227541-stool2.snv.bam	0.262068965517	0.0	0.144827586207	0.3	0.334482758621	0.327586206897	0.368965517241	0.262068965517	0.275862068966	0.106896551724	0.348275862069	0.2	0.355172413793	0.296551724138	0.296551724138	0.355172413793	0.324137931034	0.203448275862	0.28275862069	0.241379310345	0.348275862069	0.337931034483	0.265517241379	0.186206896552	0.168965517241	0.334482758621	0.396551724138	0.162068965517	0.379310344828	0.393103448276	0.289655172414	0.372413793103	0.196551724138
160643649-stool1.snv.bam	0.244827586207	0.144827586207	0.0	0.265517241379	0.372413793103	0.365517241379	0.437931034483	0.255172413793	0.265517241379	0.0931034482759	0.327586206897	0.2	0.41724137931	0.241379310345	0.334482758621	0.396551724138	0.289655172414	0.210344827586	0.275862068966	0.213793103448	0.375862068966	0.28275862069	0.3	0.186206896552	0.0793103448276	0.355172413793	0.38275862069	0.110344827586	0.434482758621	0.434482758621	0.234482758621	0.393103448276	0.196551724138
160704339-stool1.snv.bam	0.206896551724	0.3	0.265517241379	0.0	0.175862068966	0.168965517241	0.358620689655	0.0931034482759	0.103448275862	0.289655172414	0.244827586207	0.306896551724	0.324137931034	0.21724137931	0.313793103448	0.213793103448	0.203448275862	0.31724137931	0.127586206897	0.158620689655	0.310344827586	0.258620689655	0.227586206897	0.289655172414	0.310344827586	0.313793103448	0.358620689655	0.272413793103	0.375862068966	0.389655172414	0.0655172413793	0.331034482759	0.3
161554003-stool2.snv.bam	0.265517241379	0.334482758621	0.372413793103	0.175862068966	0.0	0.00344827586207	0.268965517241	0.231034482759	0.241379310345	0.348275862069	0.279310344828	0.386206896552	0.324137931034	0.262068965517	0.337931034483	0.0413793103448	0.306896551724	0.396551724138	0.241379310345	0.275862068966	0.286206896552	0.227586206897	0.28275862069	0.368965517241	0.4	0.348275862069	0.344827586207	0.334482758621	0.324137931034	0.320689655172	0.227586206897	0.272413793103	0.379310344828
508703490-stool2.snv.bam	0.258620689655	0.327586206897	0.365517241379	0.168965517241	0.00344827586207	0.0	0.258620689655	0.227586206897	0.237931034483	0.344827586207	0.268965517241	0.375862068966	0.313793103448	0.255172413793	0.327586206897	0.0379310344828	0.3	0.386206896552	0.227586206897	0.268965517241	0.275862068966	0.220689655172	0.275862068966	0.358620689655	0.389655172414	0.337931034483	0.334482758621	0.324137931034	0.310344827586	0.306896551724	0.220689655172	0.262068965517	0.368965517241
604812005-stool2.snv.bam	0.368965517241	0.368965517241	0.437931034483	0.358620689655	0.268965517241	0.258620689655	0.0	0.375862068966	0.393103448276	0.455172413793	0.206896551724	0.362068965517	0.175862068966	0.265517241379	0.165517241379	0.234482758621	0.365517241379	0.351724137931	0.310344827586	0.403448275862	0.120689655172	0.210344827586	0.289655172414	0.341379310345	0.413793103448	0.244827586207	0.18275862069	0.386206896552	0.151724137931	0.141379310345	0.393103448276	0.127586206897	0.355172413793
765074482-stool1.snv.bam	0.210344827586	0.262068965517	0.255172413793	0.0931034482759	0.231034482759	0.227586206897	0.375862068966	0.0	0.0	0.237931034483	0.241379310345	0.272413793103	0.286206896552	0.224137931034	0.296551724138	0.255172413793	0.186206896552	0.279310344828	0.158620689655	0.106896551724	0.337931034483	0.265517241379	0.179310344828	0.258620689655	0.279310344828	0.344827586207	0.375862068966	0.241379310345	0.386206896552	0.38275862069	0.0965517241379	0.362068965517	0.265517241379
765074482-stool2.snv.bam	0.220689655172	0.275862068966	0.265517241379	0.103448275862	0.241379310345	0.237931034483	0.393103448276	0.0	0.0	0.248275862069	0.251724137931	0.286206896552	0.303448275862	0.237931034483	0.313793103448	0.268965517241	0.189655172414	0.293103448276	0.168965517241	0.110344827586	0.355172413793	0.279310344828	0.196551724138	0.272413793103	0.289655172414	0.362068965517	0.393103448276	0.251724137931	0.403448275862	0.403448275862	0.1	0.379310344828	0.279310344828
765256553-stool3.snv.bam	0.244827586207	0.106896551724	0.0931034482759	0.289655172414	0.348275862069	0.344827586207	0.455172413793	0.237931034483	0.248275862069	0.0	0.38275862069	0.210344827586	0.444827586207	0.303448275862	0.38275862069	0.372413793103	0.334482758621	0.227586206897	0.279310344828	0.227586206897	0.424137931034	0.344827586207	0.289655172414	0.2	0.131034482759	0.410344827586	0.437931034483	0.11724137931	0.455172413793	0.455172413793	0.244827586207	0.448275862069	0.206896551724
CCIS07277498ST-4-0.snv.bam	0.258620689655	0.348275862069	0.327586206897	0.244827586207	0.279310344828	0.268965517241	0.206896551724	0.241379310345	0.251724137931	0.38275862069	0.0	0.306896551724	0.124137931034	0.206896551724	0.148275862069	0.248275862069	0.2	0.296551724138	0.234482758621	0.293103448276	0.158620689655	0.165517241379	0.275862068966	0.289655172414	0.310344827586	0.265517241379	0.206896551724	0.351724137931	0.21724137931	0.213793103448	0.279310344828	0.179310344828	0.3
CCIS08668806ST-3-0.snv.bam	0.28275862069	0.2	0.2	0.306896551724	0.386206896552	0.375862068966	0.362068965517	0.272413793103	0.286206896552	0.210344827586	0.306896551724	0.0	0.334482758621	0.289655172414	0.268965517241	0.362068965517	0.262068965517	0.0172413793103	0.237931034483	0.231034482759	0.324137931034	0.337931034483	0.2	0.0	0.265517241379	0.320689655172	0.320689655172	0.179310344828	0.365517241379	0.344827586207	0.268965517241	0.337931034483	0.0
CCIS53355328ST-4-0.snv.bam	0.337931034483	0.355172413793	0.41724137931	0.324137931034	0.324137931034	0.313793103448	0.175862068966	0.286206896552	0.303448275862	0.444827586207	0.124137931034	0.334482758621	0.0	0.320689655172	0.144827586207	0.289655172414	0.279310344828	0.324137931034	0.310344827586	0.375862068966	0.193103448276	0.272413793103	0.258620689655	0.310344827586	0.393103448276	0.272413793103	0.251724137931	0.396551724138	0.210344827586	0.189655172414	0.362068965517	0.210344827586	0.327586206897
CCIS70398272ST-4-0.snv.bam	0.313793103448	0.296551724138	0.241379310345	0.21724137931	0.262068965517	0.255172413793	0.265517241379	0.224137931034	0.237931034483	0.303448275862	0.206896551724	0.289655172414	0.320689655172	0.0	0.258620689655	0.279310344828	0.224137931034	0.279310344828	0.286206896552	0.231034482759	0.210344827586	0.0620689655172	0.324137931034	0.268965517241	0.224137931034	0.28275862069	0.203448275862	0.272413793103	0.268965517241	0.255172413793	0.179310344828	0.21724137931	0.28275862069
CCIS74239020ST-4-0.snv.bam	0.275862068966	0.296551724138	0.334482758621	0.313793103448	0.337931034483	0.327586206897	0.165517241379	0.296551724138	0.313793103448	0.38275862069	0.148275862069	0.268965517241	0.144827586207	0.258620689655	0.0	0.313793103448	0.289655172414	0.258620689655	0.237931034483	0.303448275862	0.144827586207	0.244827586207	0.189655172414	0.248275862069	0.331034482759	0.227586206897	0.206896551724	0.324137931034	0.162068965517	0.196551724138	0.358620689655	0.155172413793	0.265517241379
CCIS88317640ST-4-0.snv.bam	0.293103448276	0.355172413793	0.396551724138	0.213793103448	0.0413793103448	0.0379310344828	0.234482758621	0.255172413793	0.268965517241	0.372413793103	0.248275862069	0.362068965517	0.289655172414	0.279310344828	0.313793103448	0.0	0.28275862069	0.372413793103	0.213793103448	0.3	0.262068965517	0.244827586207	0.255172413793	0.344827586207	0.420689655172	0.337931034483	0.320689655172	0.351724137931	0.3	0.286206896552	0.265517241379	0.248275862069	0.355172413793
CCIS90443472ST-4-0.snv.bam	0.334482758621	0.324137931034	0.289655172414	0.203448275862	0.306896551724	0.3	0.365517241379	0.186206896552	0.189655172414	0.334482758621	0.2	0.262068965517	0.279310344828	0.224137931034	0.289655172414	0.28275862069	0.0	0.272413793103	0.203448275862	0.224137931034	0.310344827586	0.248275862069	0.258620689655	0.244827586207	0.313793103448	0.351724137931	0.331034482759	0.306896551724	0.368965517241	0.355172413793	0.144827586207	0.344827586207	0.255172413793
MH0259.snv.bam	0.289655172414	0.203448275862	0.210344827586	0.31724137931	0.396551724138	0.386206896552	0.351724137931	0.279310344828	0.293103448276	0.227586206897	0.296551724138	0.0172413793103	0.324137931034	0.279310344828	0.258620689655	0.372413793103	0.272413793103	0.0	0.248275862069	0.241379310345	0.320689655172	0.327586206897	0.210344827586	0.00689655172414	0.268965517241	0.331034482759	0.310344827586	0.18275862069	0.355172413793	0.334482758621	0.279310344828	0.327586206897	0.0172413793103
MH0280.snv.bam	0.206896551724	0.28275862069	0.275862068966	0.127586206897	0.241379310345	0.227586206897	0.310344827586	0.158620689655	0.168965517241	0.279310344828	0.234482758621	0.237931034483	0.310344827586	0.286206896552	0.237931034483	0.213793103448	0.203448275862	0.248275862069	0.0	0.158620689655	0.310344827586	0.327586206897	0.141379310345	0.220689655172	0.313793103448	0.344827586207	0.358620689655	0.255172413793	0.355172413793	0.362068965517	0.179310344828	0.331034482759	0.234482758621
MH0326.snv.bam	0.120689655172	0.241379310345	0.213793103448	0.158620689655	0.275862068966	0.268965517241	0.403448275862	0.106896551724	0.110344827586	0.227586206897	0.293103448276	0.231034482759	0.375862068966	0.231034482759	0.303448275862	0.3	0.224137931034	0.241379310345	0.158620689655	0.0	0.337931034483	0.268965517241	0.2	0.21724137931	0.262068965517	0.368965517241	0.375862068966	0.231034482759	0.396551724138	0.4	0.141379310345	0.358620689655	0.227586206897
MH0392.snv.bam	0.296551724138	0.348275862069	0.375862068966	0.310344827586	0.286206896552	0.275862068966	0.120689655172	0.337931034483	0.355172413793	0.424137931034	0.158620689655	0.324137931034	0.193103448276	0.210344827586	0.144827586207	0.262068965517	0.310344827586	0.320689655172	0.310344827586	0.337931034483	0.0	0.155172413793	0.265517241379	0.306896551724	0.358620689655	0.189655172414	0.11724137931	0.375862068966	0.113793103448	0.151724137931	0.355172413793	0.0689655172414	0.320689655172
MH0397.snv.bam	0.272413793103	0.337931034483	0.28275862069	0.258620689655	0.227586206897	0.220689655172	0.210344827586	0.265517241379	0.279310344828	0.344827586207	0.165517241379	0.337931034483	0.272413793103	0.0620689655172	0.244827586207	0.244827586207	0.248275862069	0.327586206897	0.327586206897	0.268965517241	0.155172413793	0.0	0.358620689655	0.31724137931	0.265517241379	0.272413793103	0.172413793103	0.310344827586	0.213793103448	0.206896551724	0.220689655172	0.162068965517	0.331034482759
MH0431.snv.bam	0.255172413793	0.265517241379	0.3	0.227586206897	0.28275862069	0.275862068966	0.289655172414	0.179310344828	0.196551724138	0.289655172414	0.275862068966	0.2	0.258620689655	0.324137931034	0.189655172414	0.255172413793	0.258620689655	0.210344827586	0.141379310345	0.2	0.265517241379	0.358620689655	0.0	0.18275862069	0.337931034483	0.3	0.31724137931	0.268965517241	0.313793103448	0.310344827586	0.258620689655	0.258620689655	0.196551724138
MH0452.snv.bam	0.268965517241	0.186206896552	0.186206896552	0.289655172414	0.368965517241	0.358620689655	0.341379310345	0.258620689655	0.272413793103	0.2	0.289655172414	0.0	0.310344827586	0.268965517241	0.248275862069	0.344827586207	0.244827586207	0.00689655172414	0.220689655172	0.21724137931	0.306896551724	0.31724137931	0.18275862069	0.0	0.244827586207	0.303448275862	0.3	0.172413793103	0.344827586207	0.320689655172	0.251724137931	0.31724137931	0.0
MMRS11288076ST-27-0-0.snv.bam	0.289655172414	0.168965517241	0.0793103448276	0.310344827586	0.4	0.389655172414	0.413793103448	0.279310344828	0.289655172414	0.131034482759	0.310344827586	0.265517241379	0.393103448276	0.224137931034	0.331034482759	0.420689655172	0.313793103448	0.268965517241	0.313793103448	0.262068965517	0.358620689655	0.265517241379	0.337931034483	0.244827586207	0.0	0.375862068966	0.365517241379	0.127586206897	0.424137931034	0.410344827586	0.279310344828	0.38275862069	0.262068965517
NLM029.snv.bam	0.362068965517	0.334482758621	0.355172413793	0.313793103448	0.348275862069	0.337931034483	0.244827586207	0.344827586207	0.362068965517	0.410344827586	0.265517241379	0.320689655172	0.272413793103	0.28275862069	0.227586206897	0.337931034483	0.351724137931	0.331034482759	0.344827586207	0.368965517241	0.189655172414	0.272413793103	0.3	0.303448275862	0.375862068966	0.0	0.186206896552	0.358620689655	0.241379310345	0.268965517241	0.344827586207	0.227586206897	0.313793103448
NOF012.snv.bam	0.372413793103	0.396551724138	0.38275862069	0.358620689655	0.344827586207	0.334482758621	0.18275862069	0.375862068966	0.393103448276	0.437931034483	0.206896551724	0.320689655172	0.251724137931	0.203448275862	0.206896551724	0.320689655172	0.331034482759	0.310344827586	0.358620689655	0.375862068966	0.11724137931	0.172413793103	0.31724137931	0.3	0.365517241379	0.186206896552	0.0	0.38275862069	0.165517241379	0.172413793103	0.355172413793	0.144827586207	0.313793103448
O2.UC44-1.snv.bam	0.255172413793	0.162068965517	0.110344827586	0.272413793103	0.334482758621	0.324137931034	0.386206896552	0.241379310345	0.251724137931	0.11724137931	0.351724137931	0.179310344828	0.396551724138	0.272413793103	0.324137931034	0.351724137931	0.306896551724	0.18275862069	0.255172413793	0.231034482759	0.375862068966	0.310344827586	0.268965517241	0.172413793103	0.127586206897	0.358620689655	0.38275862069	0.0	0.410344827586	0.393103448276	0.234482758621	0.396551724138	0.179310344828
SZEY-09A.snv.bam	0.358620689655	0.379310344828	0.434482758621	0.375862068966	0.324137931034	0.310344827586	0.151724137931	0.386206896552	0.403448275862	0.455172413793	0.21724137931	0.365517241379	0.210344827586	0.268965517241	0.162068965517	0.3	0.368965517241	0.355172413793	0.355172413793	0.396551724138	0.113793103448	0.213793103448	0.313793103448	0.344827586207	0.424137931034	0.241379310345	0.165517241379	0.410344827586	0.0	0.165517241379	0.410344827586	0.144827586207	0.358620689655
T2D-123A.snv.bam	0.375862068966	0.393103448276	0.434482758621	0.389655172414	0.320689655172	0.306896551724	0.141379310345	0.38275862069	0.403448275862	0.455172413793	0.213793103448	0.344827586207	0.189655172414	0.255172413793	0.196551724138	0.286206896552	0.355172413793	0.334482758621	0.362068965517	0.4	0.151724137931	0.206896551724	0.310344827586	0.320689655172	0.410344827586	0.268965517241	0.172413793103	0.393103448276	0.165517241379	0.0	0.393103448276	0.137931034483	0.337931034483
T2D-68A.snv.bam	0.251724137931	0.289655172414	0.234482758621	0.0655172413793	0.227586206897	0.220689655172	0.393103448276	0.0965517241379	0.1	0.244827586207	0.279310344828	0.268965517241	0.362068965517	0.179310344828	0.358620689655	0.265517241379	0.144827586207	0.279310344828	0.179310344828	0.141379310345	0.355172413793	0.220689655172	0.258620689655	0.251724137931	0.279310344828	0.344827586207	0.355172413793	0.234482758621	0.410344827586	0.393103448276	0.0	0.372413793103	0.262068965517
V1.CD22-0.snv.bam	0.313793103448	0.372413793103	0.393103448276	0.331034482759	0.272413793103	0.262068965517	0.127586206897	0.362068965517	0.379310344828	0.448275862069	0.179310344828	0.337931034483	0.210344827586	0.21724137931	0.155172413793	0.248275862069	0.344827586207	0.327586206897	0.331034482759	0.358620689655	0.0689655172414	0.162068965517	0.258620689655	0.31724137931	0.38275862069	0.227586206897	0.144827586207	0.396551724138	0.144827586207	0.137931034483	0.372413793103	0.0	0.331034482759
V1.UC40-1.snv.bam	0.279310344828	0.196551724138	0.196551724138	0.3	0.379310344828	0.368965517241	0.355172413793	0.265517241379	0.279310344828	0.206896551724	0.3	0.0	0.327586206897	0.28275862069	0.265517241379	0.355172413793	0.255172413793	0.0172413793103	0.234482758621	0.227586206897	0.320689655172	0.331034482759	0.196551724138	0.0	0.262068965517	0.313793103448	0.313793103448	0.179310344828	0.358620689655	0.337931034483	0.262068965517	0.331034482759	0.0
