	CCIS71578391ST-4-0.snv.bam	CCMD19497912ST-21-0.snv.bam	CCMD86114146ST-21-0.snv.bam	MH0189.snv.bam	MH0288.snv.bam	MH0308.snv.bam	MH0346.snv.bam	MH0366.snv.bam	MH0372.snv.bam	MH0407.snv.bam	MMRS57276462ST-27-0-0.snv.bam	MMRS77018926ST-27-0-0.snv.bam	MMRS93508324ST-27-0-0.snv.bam	MMRS97327636ST-27-0-0.snv.bam	O2.UC14-1.snv.bam	O2.UC40-1.snv.bam	SAMEA3136659.snv.bam	SAMEA3136698.snv.bam	SAMEA3178939.snv.bam	V1.FI09.snv.bam
CCIS71578391ST-4-0.snv.bam	0.0	0.237037037037	0.207407407407	0.192592592593	0.207407407407	0.248148148148	0.188888888889	0.240740740741	0.244444444444	0.207407407407	0.196296296296	0.203703703704	0.233333333333	0.196296296296	0.259259259259	0.207407407407	0.251851851852	0.222222222222	0.185185185185	0.1
CCMD19497912ST-21-0.snv.bam	0.237037037037	0.0	0.140740740741	0.22962962963	0.0851851851852	0.185185185185	0.233333333333	0.1	0.148148148148	0.2	0.181481481481	0.0962962962963	0.137037037037	0.233333333333	0.133333333333	0.196296296296	0.0962962962963	0.144444444444	0.137037037037	0.222222222222
CCMD86114146ST-21-0.snv.bam	0.207407407407	0.140740740741	0.0	0.251851851852	0.0925925925926	0.248148148148	0.255555555556	0.1	0.140740740741	0.188888888889	0.207407407407	0.0925925925926	0.151851851852	0.2	0.133333333333	0.225925925926	0.125925925926	0.0814814814815	0.114814814815	0.251851851852
MH0189.snv.bam	0.192592592593	0.22962962963	0.251851851852	0.0	0.225925925926	0.211111111111	0.196296296296	0.240740740741	0.251851851852	0.214814814815	0.207407407407	0.222222222222	0.248148148148	0.214814814815	0.259259259259	0.214814814815	0.214814814815	0.248148148148	0.222222222222	0.22962962963
MH0288.snv.bam	0.207407407407	0.0851851851852	0.0925925925926	0.225925925926	0.0	0.192592592593	0.222222222222	0.0962962962963	0.144444444444	0.185185185185	0.174074074074	0.0555555555556	0.111111111111	0.225925925926	0.12962962963	0.192592592593	0.0925925925926	0.114814814815	0.0962962962963	0.203703703704
MH0308.snv.bam	0.248148148148	0.185185185185	0.248148148148	0.211111111111	0.192592592593	0.0	0.225925925926	0.181481481481	0.240740740741	0.244444444444	0.218518518519	0.214814814815	0.237037037037	0.233333333333	0.27037037037	0.22962962963	0.166666666667	0.240740740741	0.207407407407	0.259259259259
MH0346.snv.bam	0.188888888889	0.233333333333	0.255555555556	0.196296296296	0.222222222222	0.225925925926	0.0	0.266666666667	0.251851851852	0.233333333333	0.181481481481	0.211111111111	0.22962962963	0.222222222222	0.292592592593	0.2	0.248148148148	0.259259259259	0.22962962963	0.174074074074
MH0366.snv.bam	0.240740740741	0.1	0.1	0.240740740741	0.0962962962963	0.181481481481	0.266666666667	0.0	0.144444444444	0.2	0.214814814815	0.114814814815	0.155555555556	0.240740740741	0.12962962963	0.237037037037	0.0666666666667	0.0777777777778	0.0888888888889	0.262962962963
MH0372.snv.bam	0.244444444444	0.148148148148	0.140740740741	0.251851851852	0.144444444444	0.240740740741	0.251851851852	0.144444444444	0.0	0.233333333333	0.225925925926	0.140740740741	0.174074074074	0.22962962963	0.0925925925926	0.248148148148	0.148148148148	0.118518518519	0.148148148148	0.266666666667
MH0407.snv.bam	0.207407407407	0.2	0.188888888889	0.214814814815	0.185185185185	0.244444444444	0.233333333333	0.2	0.233333333333	0.0	0.188888888889	0.203703703704	0.192592592593	0.218518518519	0.233333333333	0.214814814815	0.218518518519	0.214814814815	0.162962962963	0.255555555556
MMRS57276462ST-27-0-0.snv.bam	0.196296296296	0.181481481481	0.207407407407	0.207407407407	0.174074074074	0.218518518519	0.181481481481	0.214814814815	0.225925925926	0.188888888889	0.0	0.174074074074	0.174074074074	0.2	0.233333333333	0.155555555556	0.203703703704	0.214814814815	0.192592592593	0.2
MMRS77018926ST-27-0-0.snv.bam	0.203703703704	0.0962962962963	0.0925925925926	0.222222222222	0.0555555555556	0.214814814815	0.211111111111	0.114814814815	0.140740740741	0.203703703704	0.174074074074	0.0	0.107407407407	0.222222222222	0.140740740741	0.177777777778	0.103703703704	0.0814814814815	0.118518518519	0.192592592593
MMRS93508324ST-27-0-0.snv.bam	0.233333333333	0.137037037037	0.151851851852	0.248148148148	0.111111111111	0.237037037037	0.22962962963	0.155555555556	0.174074074074	0.192592592593	0.174074074074	0.107407407407	0.0	0.251851851852	0.2	0.207407407407	0.12962962963	0.133333333333	0.159259259259	0.211111111111
MMRS97327636ST-27-0-0.snv.bam	0.196296296296	0.233333333333	0.2	0.214814814815	0.225925925926	0.233333333333	0.222222222222	0.240740740741	0.22962962963	0.218518518519	0.2	0.222222222222	0.251851851852	0.0	0.259259259259	0.233333333333	0.22962962963	0.222222222222	0.188888888889	0.22962962963
O2.UC14-1.snv.bam	0.259259259259	0.133333333333	0.133333333333	0.259259259259	0.12962962963	0.27037037037	0.292592592593	0.12962962963	0.0925925925926	0.233333333333	0.233333333333	0.140740740741	0.2	0.259259259259	0.0	0.266666666667	0.140740740741	0.140740740741	0.144444444444	0.281481481481
O2.UC40-1.snv.bam	0.207407407407	0.196296296296	0.225925925926	0.214814814815	0.192592592593	0.22962962963	0.2	0.237037037037	0.248148148148	0.214814814815	0.155555555556	0.177777777778	0.207407407407	0.233333333333	0.266666666667	0.0	0.233333333333	0.218518518519	0.211111111111	0.196296296296
SAMEA3136659.snv.bam	0.251851851852	0.0962962962963	0.125925925926	0.214814814815	0.0925925925926	0.166666666667	0.248148148148	0.0666666666667	0.148148148148	0.218518518519	0.203703703704	0.103703703704	0.12962962963	0.22962962963	0.140740740741	0.233333333333	0.0	0.111111111111	0.122222222222	0.251851851852
SAMEA3136698.snv.bam	0.222222222222	0.144444444444	0.0814814814815	0.248148148148	0.114814814815	0.240740740741	0.259259259259	0.0777777777778	0.118518518519	0.214814814815	0.214814814815	0.0814814814815	0.133333333333	0.222222222222	0.140740740741	0.218518518519	0.111111111111	0.0	0.0888888888889	0.259259259259
SAMEA3178939.snv.bam	0.185185185185	0.137037037037	0.114814814815	0.222222222222	0.0962962962963	0.207407407407	0.22962962963	0.0888888888889	0.148148148148	0.162962962963	0.192592592593	0.118518518519	0.159259259259	0.188888888889	0.144444444444	0.211111111111	0.122222222222	0.0888888888889	0.0	0.225925925926
V1.FI09.snv.bam	0.1	0.222222222222	0.251851851852	0.22962962963	0.203703703704	0.259259259259	0.174074074074	0.262962962963	0.266666666667	0.255555555556	0.2	0.192592592593	0.211111111111	0.22962962963	0.281481481481	0.196296296296	0.251851851852	0.259259259259	0.225925925926	0.0
