	158337416-tonguedorsum1.snv.bam	158337416-tonguedorsum2.snv.bam	158883629-tonguedorsum1.snv.bam	158883629-tonguedorsum2.snv.bam	158883629-tonguedorsum3.snv.bam	158944319-tonguedorsum1.snv.bam	159005010-tonguedorsum2.snv.bam	159227541-tonguedorsum3.snv.bam	159268001-tonguedorsum2.snv.bam	159490532-tonguedorsum1.snv.bam	159551223-tonguedorsum1.snv.bam	159551223-tonguedorsum2.snv.bam	159591683-tonguedorsum2.snv.bam	159733294-tonguedorsum1.snv.bam	159915365-tonguedorsum1.snv.bam	160319967-tonguedorsum3.snv.bam	160421117-tonguedorsum1.snv.bam	246515023-tonguedorsum1.snv.bam	404239096-tonguedorsum1.snv.bam	508703490-tonguedorsum2.snv.bam	550534656-tonguedorsum2.snv.bam	604812005-tonguedorsum3.snv.bam	638754422-tonguedorsum1.snv.bam	638754422-tonguedorsum3.snv.bam	675950834-tonguedorsum1.snv.bam	675950834-tonguedorsum2.snv.bam	675950834-tonguedorsum3.snv.bam	737052003-tonguedorsum1.snv.bam	763395383-anteriornares3.snv.bam	763496533-palatinetonsils2.snv.bam	763496533-tonguedorsum2.snv.bam	763536994-tonguedorsum2.snv.bam	763759525-tonguedorsum2.snv.bam	764366428-throat2.snv.bam	764366428-tonguedorsum2.snv.bam	764447348-tonguedorsum1.snv.bam	764508039-tonguedorsum3.snv.bam	764811490-tonguedorsum1.snv.bam	764811490-tonguedorsum2.snv.bam	765013792-tonguedorsum1.snv.bam	765013792-tonguedorsum2.snv.bam	765013792-tonguedorsum3.snv.bam	765074482-tonguedorsum1.snv.bam	765074482-tonguedorsum3.snv.bam	765155402-tonguedorsum3.snv.bam	765216093-tonguedorsum3.snv.bam	765337473-tonguedorsum1.snv.bam	765377934-palatinetonsils3.snv.bam	765377934-tonguedorsum3.snv.bam	765701615-tonguedorsum2.snv.bam	823052294-tonguedorsum3.snv.bam	953045535-tonguedorsum2.snv.bam
158337416-tonguedorsum1.snv.bam	0.0	0.0224111101307	0.247567827752	0.237750077709	0.238624759336	0.249244858902	0.265769902824	0.228456277906	0.23577843089	0.23232651051	0.26207154005	0.258989701043	0.249924810877	0.230698375228	0.249710438832	0.246644457452	0.198489529731	0.232427777058	0.253151461526	0.230057037952	0.250128148459	0.19010748064	0.246361749631	0.247971578352	0.234978619423	0.228991673101	0.246304221989	0.25100552544	0.228261690824	0.247421590832	0.251022296762	0.22913702227	0.230335973143	0.210418627593	0.221710457509	0.237961088154	0.24633335149	0.259226257908	0.262221407602	0.25897200807	0.241668937611	0.232248902083	0.24683122959	0.249795817087	0.220431930942	0.214789613284	0.264553951951	0.258129677167	0.253490261653	0.180820100792	0.238698431111	0.220294049175
158337416-tonguedorsum2.snv.bam	0.0224111101307	0.0	0.256115698242	0.245050365581	0.247208396579	0.261823902148	0.275574981117	0.24015953762	0.24650984517	0.235064503927	0.279895806816	0.276887878613	0.264560583392	0.243659197448	0.258778379207	0.262550017016	0.208236345507	0.249315794428	0.270442918123	0.242680049095	0.259826942691	0.199788465069	0.257487586521	0.264074945299	0.249673205928	0.239045384901	0.258281408625	0.263037006414	0.233612270649	0.262308593909	0.262518276388	0.244881692738	0.241178020058	0.228138268237	0.234597408964	0.240039838232	0.256610685323	0.271940893593	0.273070236696	0.269386422046	0.245712890391	0.239775960587	0.258494622576	0.259124885492	0.234407571404	0.215799182682	0.273402793423	0.265456901022	0.264868493497	0.182153671252	0.247072583229	0.228280249412
158883629-tonguedorsum1.snv.bam	0.247567827752	0.256115698242	0.0	0.0186951297212	0.023899445473	0.108427098924	0.115780590167	0.120404491708	0.141056439088	0.162810837549	0.130331870874	0.132341093357	0.0997369329265	0.120153354644	0.128874970093	0.133006776211	0.144705088995	0.119082557477	0.1312330385	0.109153817733	0.114923909015	0.185623911853	0.142285000726	0.134271212317	0.120599289783	0.0959555896446	0.104357390756	0.124600004679	0.159522637968	0.113842277902	0.0997551410968	0.118872405162	0.130829700512	0.153938873759	0.119151223864	0.1153241744	0.111296810488	0.115837515821	0.111324309991	0.102602465742	0.11607915947	0.132038591845	0.139218011348	0.181117887495	0.115589373412	0.202950311163	0.130583098938	0.127003129219	0.118956407058	0.186849008275	0.120086712712	0.177426789295
158883629-tonguedorsum2.snv.bam	0.237750077709	0.245050365581	0.0186951297212	0.0	0.0183816853502	0.100207298004	0.108865344887	0.114022672094	0.131884298321	0.159345385148	0.121189683764	0.122583243642	0.0928033155026	0.114363378907	0.121812983644	0.128192575911	0.136019561194	0.113824036011	0.123991870002	0.0996822907916	0.102762615672	0.178764133121	0.136457933788	0.126383542228	0.114994477851	0.0882457641717	0.0974491869405	0.116504036792	0.154647844397	0.103086658782	0.0899120392661	0.109611220574	0.120210952894	0.14668908271	0.112422555707	0.106652272593	0.102236030151	0.110621813909	0.106882615501	0.0952843903776	0.107687588858	0.124180090804	0.130516891823	0.173781830871	0.110760474819	0.192359735543	0.125142262645	0.121020298648	0.112124530815	0.178726565422	0.11179357252	0.171104992555
158883629-tonguedorsum3.snv.bam	0.238624759336	0.247208396579	0.023899445473	0.0183816853502	0.0	0.0965221989378	0.104802986848	0.118441109906	0.13188119242	0.158103414837	0.123925469705	0.124968201118	0.087306393595	0.110242835575	0.116970688528	0.125312895699	0.138300743826	0.115289289068	0.122184867989	0.103144001801	0.106686072633	0.179306205734	0.137066144817	0.125122030368	0.116121222521	0.0861671379333	0.0967810919851	0.115802953111	0.152084223652	0.109536694955	0.0940899419844	0.112484325892	0.125981888727	0.149318862365	0.109297534073	0.101314684194	0.0976628115124	0.105935706576	0.101509152197	0.0904868700883	0.108075887102	0.126254235105	0.12983397963	0.179175899062	0.110110589678	0.209597089513	0.121213886366	0.115845081697	0.108226548718	0.182741145867	0.113626180596	0.182188306705
158944319-tonguedorsum1.snv.bam	0.249244858902	0.261823902148	0.108427098924	0.100207298004	0.0965221989378	0.0	0.0889744549329	0.108988538414	0.10125500202	0.145255105537	0.0971450778109	0.0996048394483	0.101908252658	0.0840410064871	0.128394611306	0.115748860751	0.125871221215	0.114667682885	0.112322263278	0.116837291784	0.101435224531	0.185699891676	0.128645983719	0.113694237334	0.102376578501	0.0747395678691	0.0666490476975	0.106053844089	0.141565864449	0.123651200706	0.101670338759	0.124497520814	0.117085084897	0.144755025935	0.101834415137	0.102774365054	0.0775733618085	0.0973384698	0.0953669136608	0.095174547866	0.104501451424	0.118526507311	0.133441467211	0.177824605252	0.0907547537012	0.216941896572	0.0946945185248	0.0931682320948	0.0816689110328	0.166980163522	0.104048593666	0.182532895445
159005010-tonguedorsum2.snv.bam	0.265769902824	0.275574981117	0.115780590167	0.108865344887	0.104802986848	0.0889744549329	0.0	0.118207228726	0.123941937949	0.167409343897	0.0934646391889	0.092833031361	0.0948227294455	0.111408634088	0.143144094599	0.117325267511	0.150095288789	0.131549871629	0.120875768637	0.118822562509	0.106237613375	0.184844602023	0.136264959061	0.118275799242	0.109169424477	0.0875542789161	0.0836229037192	0.0952486096806	0.140935474493	0.116000338631	0.112886990428	0.131537481836	0.135766475091	0.15578291933	0.112726637641	0.0911225889675	0.102293440478	0.0843243251232	0.0802769360173	0.0942009465659	0.0873225497953	0.114643783383	0.123085381028	0.17788001825	0.0948644717589	0.237454573507	0.0928140188882	0.0941688345033	0.0831001348178	0.19301174768	0.102342403613	0.201593251288
159227541-tonguedorsum3.snv.bam	0.228456277906	0.24015953762	0.120404491708	0.114022672094	0.118441109906	0.108988538414	0.118207228726	0.0	0.112313672131	0.15479515852	0.124179353287	0.119910358608	0.128158866299	0.0957507170194	0.142816730257	0.12330102743	0.105248088668	0.105714798687	0.118332355921	0.12575514303	0.110250107885	0.147384471888	0.104448506921	0.0983184278726	0.0875446596566	0.0896818904967	0.0962786368418	0.105213077421	0.122704451102	0.121690539989	0.111367469273	0.0944177751732	0.113366938099	0.121491989204	0.0948750657912	0.121102786918	0.11378276097	0.11619631268	0.116888088671	0.0963611244853	0.10816232209	0.103660787016	0.117632056656	0.134464166367	0.0842192614629	0.189126130623	0.119130309663	0.1171607015	0.108849422905	0.162661234175	0.0975546999586	0.160416246743
159268001-tonguedorsum2.snv.bam	0.23577843089	0.24650984517	0.141056439088	0.131884298321	0.13188119242	0.10125500202	0.123941937949	0.112313672131	0.0	0.142076952996	0.127151708461	0.129056076973	0.124666921596	0.0932426729289	0.146610045468	0.141792578799	0.132894713374	0.128765645067	0.135387378122	0.129101415227	0.118014280158	0.180827255995	0.122093522417	0.118046879557	0.113360245915	0.0989510403688	0.110565590791	0.113209759626	0.139305010368	0.145674440643	0.128572330858	0.121823497838	0.119541131902	0.144437274625	0.116973271782	0.110674881936	0.10701700258	0.113077629569	0.116274011506	0.107599757508	0.133077907759	0.1300184459	0.13856181907	0.167499057351	0.105973497364	0.212651825301	0.097885824256	0.117279463663	0.107552763029	0.161240183368	0.120872961564	0.184500907122
159490532-tonguedorsum1.snv.bam	0.23232651051	0.235064503927	0.162810837549	0.159345385148	0.158103414837	0.145255105537	0.167409343897	0.15479515852	0.142076952996	0.0	0.149939703197	0.143986017762	0.170432866092	0.12329607779	0.202361341273	0.162390692962	0.154891521459	0.162865562379	0.180332788761	0.164399380414	0.165946337595	0.163237249048	0.158434922063	0.156078102171	0.153437076578	0.141454018183	0.151452805925	0.162222354231	0.143137030413	0.177743242398	0.162093527749	0.147139694939	0.176947397374	0.178333210191	0.140829982482	0.161862717217	0.152845235243	0.135549484949	0.136017857306	0.169411570005	0.170199454688	0.177044046458	0.180187612405	0.200377577493	0.143663446981	0.190045417405	0.123230695576	0.15658393093	0.148178127778	0.16190398045	0.162164991046	0.173690232729
159551223-tonguedorsum1.snv.bam	0.26207154005	0.279895806816	0.130331870874	0.121189683764	0.123925469705	0.0971450778109	0.0934646391889	0.124179353287	0.127151708461	0.149939703197	0.0	0.0318147486546	0.132438749338	0.0995674735891	0.168979460055	0.132233670872	0.152405418928	0.128018832741	0.124942788941	0.131464914773	0.116794205303	0.186365894982	0.124378359294	0.110371500358	0.106597881213	0.0907869584571	0.0991602339628	0.122055920883	0.163956102471	0.136199464307	0.133093916709	0.129722940075	0.146098755134	0.15168403152	0.126943217998	0.132714360335	0.119097207932	0.09047780131	0.0886809132845	0.117855444886	0.117631570082	0.12037545929	0.136576712767	0.16264292552	0.105379981121	0.213203651226	0.0985420866115	0.119361056919	0.108976213832	0.151306793922	0.110979324627	0.178881850835
159551223-tonguedorsum2.snv.bam	0.258989701043	0.276887878613	0.132341093357	0.122583243642	0.124968201118	0.0996048394483	0.092833031361	0.119910358608	0.129056076973	0.143986017762	0.0318147486546	0.0	0.133770931689	0.0991684485944	0.174930019335	0.134199319149	0.146512555372	0.122692189031	0.126514082735	0.125838731589	0.114068729298	0.176881707313	0.124637703641	0.110493689265	0.109949254505	0.0923001425873	0.0978092434487	0.12156009546	0.155652385821	0.137341583181	0.135698195617	0.124747096969	0.143517636923	0.152929043402	0.122350433713	0.134620834956	0.12202358897	0.0865553637467	0.0888282480279	0.121949285311	0.121378278365	0.124270287591	0.13846809664	0.158885278796	0.108529535696	0.198103769665	0.0967102856595	0.121033606539	0.112224187997	0.146470993727	0.110788284268	0.174306491922
159591683-tonguedorsum2.snv.bam	0.249924810877	0.264560583392	0.0997369329265	0.0928033155026	0.087306393595	0.101908252658	0.0948227294455	0.128158866299	0.124666921596	0.170432866092	0.132438749338	0.133770931689	0.0	0.116981996472	0.119536644957	0.125481814243	0.13624191634	0.122392333242	0.13390125658	0.105248270985	0.116256455798	0.201521579126	0.153805071944	0.138783252548	0.126130814277	0.0998545800703	0.0941454472955	0.121468035957	0.159608592505	0.101840339932	0.0938084573559	0.120414318618	0.137161121424	0.160494183786	0.122601722293	0.0824728017963	0.11322177461	0.10983775141	0.104232827301	0.0721050011277	0.12831991925	0.140976720698	0.132275855103	0.170986537241	0.0956520136958	0.240262695185	0.110420756303	0.108425269237	0.100414867502	0.208484896299	0.112308932867	0.201894218636
159733294-tonguedorsum1.snv.bam	0.230698375228	0.243659197448	0.120153354644	0.114363378907	0.110242835575	0.0840410064871	0.111408634088	0.0957507170194	0.0932426729289	0.12329607779	0.0995674735891	0.0991684485944	0.116981996472	0.0	0.129421710198	0.104422058176	0.126081189421	0.109426778069	0.121211705243	0.12861372044	0.10251311199	0.174288334063	0.102374629096	0.0908082037113	0.0995749252189	0.0786634991359	0.0900252056656	0.10691962527	0.143412358637	0.112889933912	0.104586025922	0.110334213171	0.127953395419	0.140537646266	0.0931485639989	0.101727695557	0.102223585666	0.0790364259787	0.0751389333054	0.0873916582069	0.109104930159	0.110276424899	0.121179888033	0.15207407624	0.0878789000448	0.195850995224	0.0814011737025	0.0838507569453	0.0740449415545	0.144428252608	0.103864160094	0.171113957934
159915365-tonguedorsum1.snv.bam	0.249710438832	0.258778379207	0.128874970093	0.121812983644	0.116970688528	0.128394611306	0.143144094599	0.142816730257	0.146610045468	0.202361341273	0.168979460055	0.174930019335	0.119536644957	0.129421710198	0.0	0.146472526458	0.148389304257	0.153160925653	0.156244406691	0.139313435155	0.142281317606	0.200143271381	0.170747680797	0.158026587542	0.132150732963	0.123354836299	0.122397546664	0.162202463622	0.184422568126	0.11699485305	0.113497331749	0.1515440081	0.151375065259	0.184643861012	0.147589517385	0.12872588397	0.130811236361	0.144801627022	0.139153859642	0.113824373842	0.156212337955	0.154579739525	0.156514760567	0.1880606381	0.129877834133	0.26388569826	0.135895027034	0.134656772518	0.125019021372	0.205084701128	0.142193086531	0.222641355245
160319967-tonguedorsum3.snv.bam	0.246644457452	0.262550017016	0.133006776211	0.128192575911	0.125312895699	0.115748860751	0.117325267511	0.12330102743	0.141792578799	0.162390692962	0.132233670872	0.134199319149	0.125481814243	0.104422058176	0.146472526458	0.0	0.149074297679	0.138161868783	0.111007133001	0.145387136945	0.154821730795	0.207035766227	0.152969368137	0.140618863738	0.125673879398	0.118787185073	0.118014501521	0.126102855323	0.161718889093	0.128402656626	0.124869649138	0.140317545519	0.1727110718	0.155435616815	0.114269477017	0.123895073829	0.131410664599	0.126256013713	0.126585073117	0.108494670878	0.142416751404	0.148332855611	0.136486819124	0.188528791293	0.109951242795	0.202921601095	0.119918514308	0.125959213736	0.114796647881	0.194046615404	0.131541665025	0.169854917373
160421117-tonguedorsum1.snv.bam	0.198489529731	0.208236345507	0.144705088995	0.136019561194	0.138300743826	0.125871221215	0.150095288789	0.105248088668	0.132894713374	0.154891521459	0.152405418928	0.146512555372	0.13624191634	0.126081189421	0.148389304257	0.149074297679	0.0	0.130147569911	0.133370561152	0.127532300791	0.114718085238	0.163637810036	0.153846022214	0.146658941699	0.120165304854	0.118552722276	0.111380147039	0.151896872745	0.128590992284	0.141562940444	0.135800218343	0.108969133386	0.106374030348	0.138017020812	0.111973176292	0.140641513698	0.119645063552	0.149282604498	0.14850112612	0.134326262076	0.158993059089	0.144255443752	0.147649173863	0.178609523751	0.122098812363	0.213690117538	0.147688955289	0.150162964509	0.139552937312	0.170385366667	0.121982574206	0.19257381877
246515023-tonguedorsum1.snv.bam	0.232427777058	0.249315794428	0.119082557477	0.113824036011	0.115289289068	0.114667682885	0.131549871629	0.105714798687	0.128765645067	0.162865562379	0.128018832741	0.122692189031	0.122392333242	0.109426778069	0.153160925653	0.138161868783	0.130147569911	0.0	0.112915950766	0.114584211338	0.107039228483	0.180534075045	0.0975822831211	0.0939396770107	0.112134769095	0.094312704821	0.102463588884	0.106669376818	0.151740432821	0.111791614955	0.109625529379	0.0991107582806	0.10503246699	0.125569465547	0.0989232086105	0.123177187489	0.120200624784	0.114412320105	0.116059451843	0.111961287726	0.12279033954	0.111393751839	0.110143349917	0.135021707015	0.0901188847493	0.205678841219	0.136240246496	0.122044715025	0.112525466725	0.174731992284	0.0776886448358	0.166030201385
404239096-tonguedorsum1.snv.bam	0.253151461526	0.270442918123	0.1312330385	0.123991870002	0.122184867989	0.112322263278	0.120875768637	0.118332355921	0.135387378122	0.180332788761	0.124942788941	0.126514082735	0.13390125658	0.121211705243	0.156244406691	0.111007133001	0.133370561152	0.112915950766	0.0	0.124679675263	0.116582289596	0.192263287973	0.128089619893	0.112087903561	0.113128872706	0.0998212563575	0.107884990322	0.0914193641349	0.153036844178	0.131715166616	0.123699352181	0.118242348427	0.133681101149	0.149323026919	0.129579897113	0.137208603843	0.121526817182	0.130181410383	0.130573388556	0.112259833573	0.12628506657	0.115006494781	0.0937165749517	0.136226813361	0.101463798055	0.212567865835	0.147489305876	0.119887113095	0.115513704865	0.194541469241	0.107056827189	0.182264325394
508703490-tonguedorsum2.snv.bam	0.230057037952	0.242680049095	0.109153817733	0.0996822907916	0.103144001801	0.116837291784	0.118822562509	0.12575514303	0.129101415227	0.164399380414	0.131464914773	0.125838731589	0.105248270985	0.12861372044	0.139313435155	0.145387136945	0.127532300791	0.114584211338	0.124679675263	0.0	0.0825017377225	0.17575420089	0.13454561712	0.11979351113	0.114385213144	0.0978549009919	0.105102931319	0.112481236977	0.137717033014	0.112214439641	0.117617856887	0.103596942314	0.112541038587	0.131040839129	0.11186586739	0.0953643838875	0.101565321847	0.10645385723	0.106348575304	0.110037490539	0.102089325866	0.104905397074	0.131633853315	0.165743131424	0.103111925358	0.18558272503	0.133570689854	0.122037789154	0.123127494995	0.178507075226	0.0995362635914	0.176713012545
550534656-tonguedorsum2.snv.bam	0.250128148459	0.259826942691	0.114923909015	0.102762615672	0.106686072633	0.101435224531	0.106237613375	0.110250107885	0.118014280158	0.165946337595	0.116794205303	0.114068729298	0.116256455798	0.10251311199	0.142281317606	0.154821730795	0.114718085238	0.107039228483	0.116582289596	0.0825017377225	0.0	0.191598332589	0.113574840148	0.0976208880302	0.114578918558	0.0846999897054	0.100382136532	0.0976765829839	0.152397718484	0.117234095871	0.111471778642	0.121844175923	0.0622699194412	0.133628646649	0.0934477281593	0.111594899818	0.0853087201587	0.0923633950619	0.094125102152	0.0966080066482	0.0940342572789	0.0981984285107	0.113191149543	0.14966394449	0.0977728585291	0.21922206359	0.116015222687	0.10203936365	0.0948070511419	0.179469210047	0.0795458484223	0.194994039397
604812005-tonguedorsum3.snv.bam	0.19010748064	0.199788465069	0.185623911853	0.178764133121	0.179306205734	0.185699891676	0.184844602023	0.147384471888	0.180827255995	0.163237249048	0.186365894982	0.176881707313	0.201521579126	0.174288334063	0.200143271381	0.207035766227	0.163637810036	0.180534075045	0.192263287973	0.17575420089	0.191598332589	0.0	0.177899022035	0.177824585591	0.158287198269	0.16133382532	0.173286912077	0.181332311246	0.13092932366	0.182125745631	0.182429462164	0.153085999121	0.197286078685	0.176400792333	0.168594525387	0.18266072934	0.182846770649	0.193712713535	0.190384080687	0.191250903486	0.173989124547	0.166193382403	0.185988107969	0.193951980806	0.16603988133	0.199982896577	0.19740282503	0.197849869975	0.191732881616	0.151899134801	0.173104914401	0.174781279198
638754422-tonguedorsum1.snv.bam	0.246361749631	0.257487586521	0.142285000726	0.136457933788	0.137066144817	0.128645983719	0.136264959061	0.104448506921	0.122093522417	0.158434922063	0.124378359294	0.124637703641	0.153805071944	0.102374629096	0.170747680797	0.152969368137	0.153846022214	0.0975822831211	0.128089619893	0.13454561712	0.113574840148	0.177899022035	0.0	0.0509662942448	0.121023479788	0.102703663996	0.12171736652	0.115463409788	0.157110733555	0.136131919594	0.131972215568	0.120114206257	0.127707374442	0.141352827145	0.11369268264	0.13977756462	0.123611015968	0.109365580932	0.106517582452	0.120471407074	0.114667857668	0.103083693648	0.116567633719	0.128934717755	0.104834412822	0.210478458504	0.131151667366	0.107406326918	0.104072455043	0.155571247554	0.0980601515165	0.164802924331
638754422-tonguedorsum3.snv.bam	0.247971578352	0.264074945299	0.134271212317	0.126383542228	0.125122030368	0.113694237334	0.118275799242	0.0983184278726	0.118046879557	0.156078102171	0.110371500358	0.110493689265	0.138783252548	0.0908082037113	0.158026587542	0.140618863738	0.146658941699	0.0939396770107	0.112087903561	0.11979351113	0.0976208880302	0.177824585591	0.0509662942448	0.0	0.11286979101	0.0909319075115	0.114995397691	0.101812872245	0.151619353943	0.123108627848	0.121399741684	0.113808312784	0.12198596974	0.130686292277	0.104717107222	0.131217167052	0.108051233089	0.0989376971859	0.098777428905	0.103384040307	0.0974046233873	0.0925489046541	0.106573577005	0.13365679672	0.0949449769798	0.213576751201	0.128011635307	0.0926365556206	0.0886267180527	0.160383641652	0.0898877865857	0.174392434621
675950834-tonguedorsum1.snv.bam	0.234978619423	0.249673205928	0.120599289783	0.114994477851	0.116121222521	0.102376578501	0.109169424477	0.0875446596566	0.113360245915	0.153437076578	0.106597881213	0.109949254505	0.126130814277	0.0995749252189	0.132150732963	0.125673879398	0.120165304854	0.112134769095	0.113128872706	0.114385213144	0.114578918558	0.158287198269	0.121023479788	0.11286979101	0.0	0.0778294645745	0.0751798436401	0.11333104318	0.132181209938	0.120764166439	0.118229863802	0.100696992915	0.130074370925	0.128378390521	0.10096072814	0.125197389118	0.109077316286	0.0973072488415	0.100346953782	0.101567295006	0.104687225288	0.0986162735123	0.129147565705	0.163436405947	0.0808935424816	0.207242410355	0.103806401048	0.114816428907	0.110824715115	0.164745346148	0.10345778294	0.17193013104
675950834-tonguedorsum2.snv.bam	0.228991673101	0.239045384901	0.0959555896446	0.0882457641717	0.0861671379333	0.0747395678691	0.0875542789161	0.0896818904967	0.0989510403688	0.141454018183	0.0907869584571	0.0923001425873	0.0998545800703	0.0786634991359	0.123354836299	0.118787185073	0.118552722276	0.094312704821	0.0998212563575	0.0978549009919	0.0846999897054	0.16133382532	0.102703663996	0.0909319075115	0.0778294645745	0.0	0.0470102592507	0.0811178435009	0.128197183967	0.0988657236267	0.0912463386094	0.106978801097	0.102260117984	0.130290626164	0.0931220680868	0.0909899801711	0.0796992274218	0.0735357030865	0.0736523639442	0.0839371207534	0.0918184584192	0.0863917102116	0.106767016083	0.143965753878	0.0754827797519	0.198455777814	0.0834395139289	0.0722846676331	0.0610623148073	0.149818097366	0.0786743218474	0.167355792668
675950834-tonguedorsum3.snv.bam	0.246304221989	0.258281408625	0.104357390756	0.0974491869405	0.0967810919851	0.0666490476975	0.0836229037192	0.0962786368418	0.110565590791	0.151452805925	0.0991602339628	0.0978092434487	0.0941454472955	0.0900252056656	0.122397546664	0.118014501521	0.111380147039	0.102463588884	0.107884990322	0.105102931319	0.100382136532	0.173286912077	0.12171736652	0.114995397691	0.0751798436401	0.0470102592507	0.0	0.100957783388	0.122928102423	0.102242145833	0.0934089063007	0.111408531952	0.117154147782	0.14430809254	0.101750826826	0.104963557394	0.0931077277042	0.0784160763985	0.07712591865	0.0844094222266	0.104871229679	0.107036818075	0.123268387326	0.163400463209	0.0799958279396	0.212110262879	0.0777351525765	0.0801689498043	0.0733570091716	0.162833121483	0.0896300203789	0.178969666256
737052003-tonguedorsum1.snv.bam	0.25100552544	0.263037006414	0.124600004679	0.116504036792	0.115802953111	0.106053844089	0.0952486096806	0.105213077421	0.113209759626	0.162222354231	0.122055920883	0.12156009546	0.121468035957	0.10691962527	0.162202463622	0.126102855323	0.151896872745	0.106669376818	0.0914193641349	0.112481236977	0.0976765829839	0.181332311246	0.115463409788	0.101812872245	0.11333104318	0.0811178435009	0.100957783388	0.0	0.151577457316	0.123370200346	0.120837164226	0.122391529917	0.10880720075	0.132116202621	0.0928467276719	0.0991363705865	0.106412172611	0.0967822175384	0.101770293523	0.10353394461	0.0990347921051	0.097446869486	0.0757000942553	0.13130102104	0.0905699299208	0.207793048192	0.123859742531	0.0805289668124	0.080090854473	0.186429491555	0.0807564967947	0.161509979607
763395383-anteriornares3.snv.bam	0.228261690824	0.233612270649	0.159522637968	0.154647844397	0.152084223652	0.141565864449	0.140935474493	0.122704451102	0.139305010368	0.143137030413	0.163956102471	0.155652385821	0.159608592505	0.143412358637	0.184422568126	0.161718889093	0.128590992284	0.151740432821	0.153036844178	0.137717033014	0.152397718484	0.13092932366	0.157110733555	0.151619353943	0.132181209938	0.128197183967	0.122928102423	0.151577457316	0.0	0.161659537086	0.151683142267	0.138743471622	0.169893497115	0.16106664207	0.14082757532	0.166407570616	0.16490751879	0.163466393996	0.16202101898	0.14811716629	0.140858905705	0.148257382223	0.16833910988	0.18195044185	0.134477837744	0.191622908746	0.164897134424	0.155780417155	0.147556573547	0.173337214831	0.143603112196	0.195067636799
763496533-palatinetonsils2.snv.bam	0.247421590832	0.262308593909	0.113842277902	0.103086658782	0.109536694955	0.123651200706	0.116000338631	0.121690539989	0.145674440643	0.177743242398	0.136199464307	0.137341583181	0.101840339932	0.112889933912	0.11699485305	0.128402656626	0.141562940444	0.111791614955	0.131715166616	0.112214439641	0.117234095871	0.182125745631	0.136131919594	0.123108627848	0.120764166439	0.0988657236267	0.102242145833	0.123370200346	0.161659537086	0.0	0.0297402096407	0.114072341895	0.138381094696	0.157791076893	0.129154830935	0.109556454301	0.119682690979	0.110258001355	0.102148460078	0.105538650969	0.126216008351	0.128616197582	0.125951341472	0.170156111149	0.0989645745019	0.216864023982	0.129459182069	0.10876145665	0.102972380443	0.198177571613	0.112228570216	0.195999003636
763496533-tonguedorsum2.snv.bam	0.251022296762	0.262518276388	0.0997551410968	0.0899120392661	0.0940899419844	0.101670338759	0.112886990428	0.111367469273	0.128572330858	0.162093527749	0.133093916709	0.135698195617	0.0938084573559	0.104586025922	0.113497331749	0.124869649138	0.135800218343	0.109625529379	0.123699352181	0.117617856887	0.111471778642	0.182429462164	0.131972215568	0.121399741684	0.118229863802	0.0912463386094	0.0934089063007	0.120837164226	0.151683142267	0.0297402096407	0.0	0.113315701543	0.131252636806	0.155884385702	0.122502223108	0.104084525239	0.112344616594	0.107975417984	0.100221052209	0.092036146843	0.117655614451	0.121680313893	0.128854313262	0.16461273409	0.0920698830128	0.216894637398	0.121368569573	0.107925045474	0.101112555291	0.191462071941	0.10893874092	0.196187843448
763536994-tonguedorsum2.snv.bam	0.22913702227	0.244881692738	0.118872405162	0.109611220574	0.112484325892	0.124497520814	0.131537481836	0.0944177751732	0.121823497838	0.147139694939	0.129722940075	0.124747096969	0.120414318618	0.110334213171	0.1515440081	0.140317545519	0.108969133386	0.0991107582806	0.118242348427	0.103596942314	0.121844175923	0.153085999121	0.120114206257	0.113808312784	0.100696992915	0.106978801097	0.111408531952	0.122391529917	0.138743471622	0.114072341895	0.113315701543	0.0	0.130114316301	0.138049809825	0.102259318083	0.112043887673	0.107088730996	0.128248685276	0.127397770246	0.122473641101	0.135319063236	0.130799875024	0.131945718365	0.159388680469	0.109219144594	0.20299181632	0.13877625168	0.135435825128	0.130950776456	0.171335784774	0.10332383779	0.164634762493
763759525-tonguedorsum2.snv.bam	0.230335973143	0.241178020058	0.130829700512	0.120210952894	0.125981888727	0.117085084897	0.135766475091	0.113366938099	0.119541131902	0.176947397374	0.146098755134	0.143517636923	0.137161121424	0.127953395419	0.151375065259	0.1727110718	0.106374030348	0.10503246699	0.133681101149	0.112541038587	0.0622699194412	0.197286078685	0.127707374442	0.12198596974	0.130074370925	0.102260117984	0.117154147782	0.10880720075	0.169893497115	0.138381094696	0.131252636806	0.130114316301	0.0	0.130754833043	0.109537214962	0.118154927025	0.114194334519	0.127431676547	0.127572624907	0.118030944637	0.132133203188	0.118466059257	0.126211301928	0.141374488741	0.108432563158	0.22239329066	0.132935351635	0.12493647247	0.120172290784	0.179184318768	0.108016602518	0.19581257197
764366428-throat2.snv.bam	0.210418627593	0.228138268237	0.153938873759	0.14668908271	0.149318862365	0.144755025935	0.15578291933	0.121491989204	0.144437274625	0.178333210191	0.15168403152	0.152929043402	0.160494183786	0.140537646266	0.184643861012	0.155435616815	0.138017020812	0.125569465547	0.149323026919	0.131040839129	0.133628646649	0.176400792333	0.141352827145	0.130686292277	0.128378390521	0.130290626164	0.14430809254	0.132116202621	0.16106664207	0.157791076893	0.155884385702	0.138049809825	0.130754833043	0.0	0.0783544593947	0.158956006876	0.128740423702	0.145189919419	0.147165337781	0.131434523556	0.133895905731	0.110812100624	0.141539059605	0.150703516827	0.120465016997	0.201270979246	0.167057197446	0.148786196337	0.148056936063	0.157772481135	0.120957936936	0.167743750612
764366428-tonguedorsum2.snv.bam	0.221710457509	0.234597408964	0.119151223864	0.112422555707	0.109297534073	0.101834415137	0.112726637641	0.0948750657912	0.116973271782	0.140829982482	0.126943217998	0.122350433713	0.122601722293	0.0931485639989	0.147589517385	0.114269477017	0.111973176292	0.0989232086105	0.129579897113	0.11186586739	0.0934477281593	0.168594525387	0.11369268264	0.104717107222	0.10096072814	0.0931220680868	0.101750826826	0.0928467276719	0.14082757532	0.129154830935	0.122502223108	0.102259318083	0.109537214962	0.0783544593947	0.0	0.115932065373	0.0876951463347	0.0986621814146	0.10323183864	0.0974491867392	0.106314885477	0.105129212566	0.117069049116	0.162806844276	0.0890305118486	0.193284118029	0.118790962026	0.109849661912	0.103401669343	0.164725482467	0.0807537307121	0.159027092755
764447348-tonguedorsum1.snv.bam	0.237961088154	0.240039838232	0.1153241744	0.106652272593	0.101314684194	0.102774365054	0.0911225889675	0.121102786918	0.110674881936	0.161862717217	0.132714360335	0.134620834956	0.0824728017963	0.101727695557	0.12872588397	0.123895073829	0.140641513698	0.123177187489	0.137208603843	0.0953643838875	0.111594899818	0.18266072934	0.13977756462	0.131217167052	0.125197389118	0.0909899801711	0.104963557394	0.0991363705865	0.166407570616	0.109556454301	0.104084525239	0.112043887673	0.118154927025	0.158956006876	0.115932065373	0.0	0.0990870984442	0.101453322632	0.100600906155	0.0860700390454	0.114491521583	0.119638190054	0.133411356259	0.161504828362	0.0894414757418	0.216605684196	0.100525271842	0.104053314877	0.097516312173	0.185210692214	0.111181226301	0.173658350932
764508039-tonguedorsum3.snv.bam	0.24633335149	0.256610685323	0.111296810488	0.102236030151	0.0976628115124	0.0775733618085	0.102293440478	0.11378276097	0.10701700258	0.152845235243	0.119097207932	0.12202358897	0.11322177461	0.102223585666	0.130811236361	0.131410664599	0.119645063552	0.120200624784	0.121526817182	0.101565321847	0.0853087201587	0.182846770649	0.123611015968	0.108051233089	0.109077316286	0.0796992274218	0.0931077277042	0.106412172611	0.16490751879	0.119682690979	0.112344616594	0.107088730996	0.114194334519	0.128740423702	0.0876951463347	0.0990870984442	0.0	0.0951257712747	0.0943892141035	0.0924508329691	0.113742407358	0.107908479936	0.128200351065	0.175654327654	0.0985935094268	0.224067381463	0.111938393642	0.102823793443	0.0936252665764	0.169046812013	0.0991241903971	0.186742982974
764811490-tonguedorsum1.snv.bam	0.259226257908	0.271940893593	0.115837515821	0.110621813909	0.105935706576	0.0973384698	0.0843243251232	0.11619631268	0.113077629569	0.135549484949	0.09047780131	0.0865553637467	0.10983775141	0.0790364259787	0.144801627022	0.126256013713	0.149282604498	0.114412320105	0.130181410383	0.10645385723	0.0923633950619	0.193712713535	0.109365580932	0.0989376971859	0.0973072488415	0.0735357030865	0.0784160763985	0.0967822175384	0.163466393996	0.110258001355	0.107975417984	0.128248685276	0.127431676547	0.145189919419	0.0986621814146	0.101453322632	0.0951257712747	0.0	0.0168806573557	0.0902798963469	0.0965703675491	0.11017536833	0.124308373286	0.1634097117	0.0849330980987	0.206841318739	0.0459857516039	0.0827319033311	0.0737862728529	0.162358366352	0.0946239519933	0.174873597825
764811490-tonguedorsum2.snv.bam	0.262221407602	0.273070236696	0.111324309991	0.106882615501	0.101509152197	0.0953669136608	0.0802769360173	0.116888088671	0.116274011506	0.136017857306	0.0886809132845	0.0888282480279	0.104232827301	0.0751389333054	0.139153859642	0.126585073117	0.14850112612	0.116059451843	0.130573388556	0.106348575304	0.094125102152	0.190384080687	0.106517582452	0.098777428905	0.100346953782	0.0736523639442	0.07712591865	0.101770293523	0.16202101898	0.102148460078	0.100221052209	0.127397770246	0.127572624907	0.147165337781	0.10323183864	0.100600906155	0.0943892141035	0.0168806573557	0.0	0.0868285741738	0.0970332867629	0.110114834341	0.120392362053	0.162843855539	0.0837233370036	0.211891035332	0.0459877022712	0.0789696798385	0.0699030753646	0.16055417317	0.0969287133487	0.174959157206
765013792-tonguedorsum1.snv.bam	0.25897200807	0.269386422046	0.102602465742	0.0952843903776	0.0904868700883	0.095174547866	0.0942009465659	0.0963611244853	0.107599757508	0.169411570005	0.117855444886	0.121949285311	0.0721050011277	0.0873916582069	0.113824373842	0.108494670878	0.134326262076	0.111961287726	0.112259833573	0.110037490539	0.0966080066482	0.191250903486	0.120471407074	0.103384040307	0.101567295006	0.0839371207534	0.0844094222266	0.10353394461	0.14811716629	0.105538650969	0.092036146843	0.122473641101	0.118030944637	0.131434523556	0.0974491867392	0.0860700390454	0.0924508329691	0.0902798963469	0.0868285741738	0.0	0.0966150236506	0.110572980547	0.114496481535	0.1509697451	0.0739392281126	0.231003943035	0.0983164865188	0.0845086342984	0.0764219875574	0.183471335024	0.0929522761696	0.194956994623
765013792-tonguedorsum2.snv.bam	0.241668937611	0.245712890391	0.11607915947	0.107687588858	0.108075887102	0.104501451424	0.0873225497953	0.10816232209	0.133077907759	0.170199454688	0.117631570082	0.121378278365	0.12831991925	0.109104930159	0.156212337955	0.142416751404	0.158993059089	0.12279033954	0.12628506657	0.102089325866	0.0940342572789	0.173989124547	0.114667857668	0.0974046233873	0.104687225288	0.0918184584192	0.104871229679	0.0990347921051	0.140858905705	0.126216008351	0.117655614451	0.135319063236	0.132133203188	0.133895905731	0.106314885477	0.114491521583	0.113742407358	0.0965703675491	0.0970332867629	0.0966150236506	0.0	0.0700905417144	0.128756372366	0.164409190737	0.0870612485063	0.208674705953	0.126463700859	0.102810982934	0.103702546867	0.167296848654	0.0956777737326	0.175351491871
765013792-tonguedorsum3.snv.bam	0.232248902083	0.239775960587	0.132038591845	0.124180090804	0.126254235105	0.118526507311	0.114643783383	0.103660787016	0.1300184459	0.177044046458	0.12037545929	0.124270287591	0.140976720698	0.110276424899	0.154579739525	0.148332855611	0.144255443752	0.111393751839	0.115006494781	0.104905397074	0.0981984285107	0.166193382403	0.103083693648	0.0925489046541	0.0986162735123	0.0863917102116	0.107036818075	0.097446869486	0.148257382223	0.128616197582	0.121680313893	0.130799875024	0.118466059257	0.110812100624	0.105129212566	0.119638190054	0.107908479936	0.11017536833	0.110114834341	0.110572980547	0.0700905417144	0.0	0.114499009752	0.12813708597	0.0874108682234	0.203450545639	0.138539357312	0.109519285278	0.11201373785	0.161350193554	0.0869832692365	0.17298414843
765074482-tonguedorsum1.snv.bam	0.24683122959	0.258494622576	0.139218011348	0.130516891823	0.12983397963	0.133441467211	0.123085381028	0.117632056656	0.13856181907	0.180187612405	0.136576712767	0.13846809664	0.132275855103	0.121179888033	0.156514760567	0.136486819124	0.147649173863	0.110143349917	0.0937165749517	0.131633853315	0.113191149543	0.185988107969	0.116567633719	0.106573577005	0.129147565705	0.106767016083	0.123268387326	0.0757000942553	0.16833910988	0.125951341472	0.128854313262	0.131945718365	0.126211301928	0.141539059605	0.117069049116	0.133411356259	0.128200351065	0.124308373286	0.120392362053	0.114496481535	0.128756372366	0.114499009752	0.0	0.091286433147	0.113116369866	0.217609618836	0.139771059844	0.11580111711	0.108464389293	0.188283930012	0.0914136077703	0.16822526353
765074482-tonguedorsum3.snv.bam	0.249795817087	0.259124885492	0.181117887495	0.173781830871	0.179175899062	0.177824605252	0.17788001825	0.134464166367	0.167499057351	0.200377577493	0.16264292552	0.158885278796	0.170986537241	0.15207407624	0.1880606381	0.188528791293	0.178609523751	0.135021707015	0.136226813361	0.165743131424	0.14966394449	0.193951980806	0.128934717755	0.13365679672	0.163436405947	0.143965753878	0.163400463209	0.13130102104	0.18195044185	0.170156111149	0.16461273409	0.159388680469	0.141374488741	0.150703516827	0.162806844276	0.161504828362	0.175654327654	0.1634097117	0.162843855539	0.1509697451	0.164409190737	0.12813708597	0.091286433147	0.0	0.142861640922	0.207144704656	0.183732158925	0.159414154203	0.159265334659	0.180368583417	0.135752254472	0.180301460832
765155402-tonguedorsum3.snv.bam	0.220431930942	0.234407571404	0.115589373412	0.110760474819	0.110110589678	0.0907547537012	0.0948644717589	0.0842192614629	0.105973497364	0.143663446981	0.105379981121	0.108529535696	0.0956520136958	0.0878789000448	0.129877834133	0.109951242795	0.122098812363	0.0901188847493	0.101463798055	0.103111925358	0.0977728585291	0.16603988133	0.104834412822	0.0949449769798	0.0808935424816	0.0754827797519	0.0799958279396	0.0905699299208	0.134477837744	0.0989645745019	0.0920698830128	0.109219144594	0.108432563158	0.120465016997	0.0890305118486	0.0894414757418	0.0985935094268	0.0849330980987	0.0837233370036	0.0739392281126	0.0870612485063	0.0874108682234	0.113116369866	0.142861640922	0.0	0.198918832849	0.0912085137193	0.0847649378906	0.0798054262363	0.156139540179	0.0868763960246	0.163167251789
765216093-tonguedorsum3.snv.bam	0.214789613284	0.215799182682	0.202950311163	0.192359735543	0.209597089513	0.216941896572	0.237454573507	0.189126130623	0.212651825301	0.190045417405	0.213203651226	0.198103769665	0.240262695185	0.195850995224	0.26388569826	0.202921601095	0.213690117538	0.205678841219	0.212567865835	0.18558272503	0.21922206359	0.199982896577	0.210478458504	0.213576751201	0.207242410355	0.198455777814	0.212110262879	0.207793048192	0.191622908746	0.216864023982	0.216894637398	0.20299181632	0.22239329066	0.201270979246	0.193284118029	0.216605684196	0.224067381463	0.206841318739	0.211891035332	0.231003943035	0.208674705953	0.203450545639	0.217609618836	0.207144704656	0.198918832849	0.0	0.225924730183	0.216640886179	0.216911769212	0.179013754865	0.208862339785	0.119712585376
765337473-tonguedorsum1.snv.bam	0.264553951951	0.273402793423	0.130583098938	0.125142262645	0.121213886366	0.0946945185248	0.0928140188882	0.119130309663	0.097885824256	0.123230695576	0.0985420866115	0.0967102856595	0.110420756303	0.0814011737025	0.135895027034	0.119918514308	0.147688955289	0.136240246496	0.147489305876	0.133570689854	0.116015222687	0.19740282503	0.131151667366	0.128011635307	0.103806401048	0.0834395139289	0.0777351525765	0.123859742531	0.164897134424	0.129459182069	0.121368569573	0.13877625168	0.132935351635	0.167057197446	0.118790962026	0.100525271842	0.111938393642	0.0459857516039	0.0459877022712	0.0983164865188	0.126463700859	0.138539357312	0.139771059844	0.183732158925	0.0912085137193	0.225924730183	0.0	0.0847430125987	0.0726472199575	0.165529545	0.123008367971	0.184995904441
