	158256496-stool2.snv.bam	158337416-stool1.snv.bam	158802708-stool1.snv.bam	158802708-stool2.snv.bam	158802708-stool3.snv.bam	159207311-stool1.snv.bam	159207311-stool2.snv.bam	159227541-stool3.snv.bam	160400887-stool1.snv.bam	160704339-stool1.snv.bam	638754422-stool1.snv.bam	682102541-stool3.snv.bam	763496533-stool1.snv.bam	763496533-stool2.snv.bam	763597684-stool2.snv.bam	763820215-stool2.snv.bam	763820215-stool3.snv.bam	764083206-stool1.snv.bam	764487809-stool1.snv.bam	764487809-stool2.snv.bam	765377934-stool3.snv.bam	765640925-stool2.snv.bam	CCIS05314658ST-4-0.snv.bam	CCIS22275061ST-4-0.snv.bam	CCIS59132091ST-4-0.snv.bam	CCIS81710917ST-20-0.snv.bam	CCIS81887263ST-4-0.snv.bam	CCIS83445808ST-4-0.snv.bam	CCMD82866709ST-21-0.snv.bam	DOM013.snv.bam	MH0203.snv.bam	MH0253.snv.bam	MH0260.snv.bam	MH0268.snv.bam	MH0280.snv.bam	MH0309.snv.bam	MH0326.snv.bam	MH0347.snv.bam	MH0384.snv.bam	MH0418.snv.bam	MH0442.snv.bam	MH0451.snv.bam	MH0457.snv.bam	MMRS25211151ST-27-0-0.snv.bam	MMRS95277876ST-27-0-0.snv.bam	N009A.snv.bam	N066A.snv.bam	O2.UC13-1.snv.bam	O2.UC20-1.snv.bam	O2.UC21-1.snv.bam	O2.UC28-0.snv.bam	O2.UC28-2.snv.bam	O2.UC32-1.snv.bam	O2.UC36-1.snv.bam	O2.UC40-1.snv.bam	O2.UC47-1.snv.bam	SZEY-07A.snv.bam	SZEY-38A.snv.bam	SZEY-66A.snv.bam	T2D-155A.snv.bam	T2D-47A.snv.bam	T2D-49A.snv.bam	T2D-59A.snv.bam	V1.CD19-0.snv.bam	V1.CD22-0.snv.bam	V1.CD45-0.snv.bam	V1.CD8-0-PN.snv.bam	V1.FI12.snv.bam	V1.FI36.snv.bam	V1.UC12-4.snv.bam	V1.UC23-1.snv.bam	V1.UC47-0.snv.bam	tigress-11-0-0.snv.bam
158256496-stool2.snv.bam	0.0	0.246468368492	0.198783697419	0.198596633001	0.196430026067	0.254826798281	0.25479378417	0.226902241594	0.208116006877	0.20693547577	0.206298004532	0.210324266928	0.204144927234	0.213443201851	0.209761011471	0.206677628296	0.207166396822	0.191247804346	0.226187296696	0.230106688899	0.222876653863	0.206429373096	0.0813052286736	0.192121992437	0.206723317834	0.213225335381	0.224431078309	0.208986669553	0.111158390349	0.206021511886	0.205963377086	0.209070160051	0.213913908944	0.168438762883	0.0671106237972	0.208397908398	0.242463488399	0.230065704536	0.0865359550992	0.220705702572	0.203952642723	0.188470917428	0.208741867656	0.226690169627	0.222586307301	0.186032405378	0.176274223504	0.170102158391	0.200785799163	0.188931677558	0.233701178234	0.223769135892	0.228177212858	0.0983066211612	0.167011486179	0.199540038883	0.230333293161	0.193771958718	0.159827645962	0.179831556563	0.211201115147	0.173710042261	0.16436526548	0.192534184028	0.196616921508	0.0860260059155	0.153898021312	0.200807912203	0.202665314346	0.21314494409	0.228911487064	0.193615396182	0.191634656423
158337416-stool1.snv.bam	0.246468368492	0.0	0.187648186607	0.187313762584	0.183010636013	0.172739615144	0.172637887676	0.237463347763	0.196532238717	0.195472879066	0.187088240707	0.190952324438	0.256383381433	0.262191504648	0.182022169524	0.193029742323	0.192964811538	0.198387681712	0.167842693021	0.162368109126	0.223016566767	0.195217282717	0.241961605876	0.222543860131	0.195502183002	0.0831885652908	0.249662349863	0.215085403885	0.239387595666	0.223741500653	0.192557766908	0.192804009716	0.194787227244	0.231893213918	0.254116330822	0.197405940516	0.202645477657	0.249527875673	0.248033360333	0.220277130633	0.192454630861	0.201072209023	0.191987866323	0.207081291581	0.1772158663	0.21713719438	0.216487940385	0.239471966038	0.172246529001	0.146675329573	0.239437307794	0.227154381654	0.217521232433	0.219533005062	0.21590625557	0.207737204619	0.236623452558	0.250559257993	0.20896019362	0.208171970672	0.241841317957	0.199852885217	0.168860614549	0.221860104699	0.2055691305	0.23803109398	0.218624478909	0.178281770566	0.0891016316118	0.202143990604	0.219002354221	0.226354300816	0.242873951661
158802708-stool1.snv.bam	0.198783697419	0.187648186607	0.0	0.000961502020669	0.000671949153728	0.206010837794	0.205925646955	0.141511364662	0.0995339128243	0.0801608439133	0.0766653010561	0.0787833503722	0.179141633863	0.176854317143	0.108615143154	0.080626692628	0.0799552560954	0.0799932266275	0.219918452384	0.221964363866	0.198227828545	0.0799333928014	0.202487822285	0.171461174256	0.0802182930863	0.142427588045	0.201297871232	0.122903369776	0.183420617615	0.186829383236	0.0783740862144	0.0877765300563	0.18971415726	0.196022058137	0.209972518522	0.0740770733582	0.175809086713	0.206663543646	0.207772469767	0.155434852775	0.0788134936283	0.164263588244	0.0784250438291	0.199333929984	0.166349741388	0.148100385595	0.157236862794	0.206144748588	0.0773702074885	0.137847546306	0.202448680648	0.194613974818	0.182342209785	0.227033612618	0.194211794309	0.118736655119	0.207305028771	0.187249237803	0.187823737585	0.194487946814	0.205202358526	0.173471507263	0.155371777032	0.176872209087	0.163456508411	0.192535748602	0.192814723173	0.169704739529	0.170806996722	0.0665865039541	0.171143896086	0.208390709293	0.212673543165
158802708-stool2.snv.bam	0.198596633001	0.187313762584	0.000961502020669	0.0	0.000524706515711	0.20569070668	0.205470216153	0.141356786537	0.0994436178268	0.0802110552953	0.0764567658121	0.0785764485635	0.179062005392	0.1768247351	0.108154800975	0.0804229821069	0.0797515455743	0.0802472520807	0.219808403096	0.221745296612	0.198240035992	0.0797302046149	0.202486644039	0.171137771034	0.0800151048998	0.14204299433	0.200964007953	0.122810193443	0.183569205428	0.186670340896	0.0781682592203	0.0875733418698	0.189517726965	0.195686111233	0.209971355537	0.0739414773668	0.175597365766	0.206998564789	0.207551184191	0.155211101634	0.078471848624	0.163941023187	0.0784048504924	0.198904336716	0.166168181921	0.14784383638	0.157220323137	0.206099031571	0.0774669406132	0.137486807297	0.201978753374	0.194277404539	0.181848266062	0.226686920662	0.193890838115	0.118388722577	0.207230486512	0.187150005321	0.187767807941	0.194213912475	0.205084798365	0.173605370824	0.155272571841	0.177012888705	0.163188315144	0.192469702376	0.192889362872	0.169489045673	0.170411181441	0.0664402648531	0.170914194117	0.20816290049	0.212640937995
158802708-stool3.snv.bam	0.196430026067	0.183010636013	0.000671949153728	0.000524706515711	0.0	0.204193087709	0.204106335782	0.13846652668	0.0959168843609	0.0763164449922	0.0748675344264	0.0770335985853	0.174171573068	0.172021714913	0.103560974308	0.0765220599645	0.075838319621	0.0763431097545	0.218482726424	0.219841794897	0.196449792038	0.0758268059182	0.197890280514	0.166932549159	0.0761169132579	0.136250887049	0.199310517958	0.121086557834	0.179757421761	0.184032569811	0.0739885664028	0.0838132903292	0.186302930127	0.190991273084	0.208212392535	0.0745851186833	0.173815605653	0.205140574213	0.205894106034	0.152586560975	0.0746428813052	0.159666569343	0.0768754960825	0.192229963812	0.164821318186	0.144094017094	0.151859811042	0.202535417063	0.0787441088929	0.13379110143	0.198027106867	0.189956054047	0.17623880597	0.222991709193	0.188563569016	0.120659283984	0.203235949607	0.179944891272	0.187380745622	0.192646158555	0.201019832263	0.170841384957	0.15425783521	0.173372975572	0.160029982838	0.189001501502	0.18824950933	0.16706080181	0.165494837863	0.0678410214945	0.168929932053	0.203192441246	0.213773148148
159207311-stool1.snv.bam	0.254826798281	0.172739615144	0.206010837794	0.20569070668	0.204193087709	0.0	0.000750074189016	0.234502529723	0.210102297026	0.229170025839	0.22670968725	0.227719559207	0.24106672495	0.236212569611	0.202100320834	0.229233765776	0.229168667643	0.214185824838	0.187622887434	0.184667657302	0.231772343261	0.228763166111	0.2529274728	0.209989749696	0.229048798787	0.225042587677	0.215088876199	0.234479792809	0.238469715535	0.239891711817	0.229137686503	0.236574002528	0.132489729302	0.235101394528	0.259776549409	0.202902520906	0.197318001414	0.257993188061	0.235519906597	0.238939969079	0.229186641468	0.163041794264	0.226001992119	0.181577608341	0.181251575682	0.117117947919	0.165992622	0.216358986059	0.225973517295	0.207669010947	0.197769177521	0.192721820145	0.235536622096	0.258511820607	0.211878700827	0.206004294576	0.128719209843	0.132361486685	0.241280456111	0.167885796532	0.15586688198	0.145649498232	0.147732838171	0.17367546353	0.184513994893	0.239064126531	0.190255242434	0.225287417912	0.218977996562	0.209116802281	0.227419599675	0.139410230054	0.204522637834
159207311-stool2.snv.bam	0.25479378417	0.172637887676	0.205925646955	0.205470216153	0.204106335782	0.000750074189016	0.0	0.234642583343	0.210284878303	0.229347954015	0.227007242245	0.227950140319	0.241007583103	0.236004326698	0.202379934618	0.2294607812	0.229395683068	0.214256928337	0.187631593995	0.184676363863	0.231961404069	0.228989597948	0.252841013634	0.209925287684	0.229275230625	0.224911623605	0.215025125711	0.234545660372	0.238444648139	0.239430159532	0.229367066672	0.23685289751	0.132410515228	0.234965594565	0.25969121309	0.203111705546	0.197382703654	0.257943442613	0.2355412541	0.239168753456	0.2292711257	0.162993136314	0.226230183789	0.181528115728	0.181054671051	0.11728160875	0.165972172566	0.216467233449	0.22593303418	0.207518920979	0.197685534363	0.192834691656	0.235524976657	0.258426925302	0.211848783805	0.206053669361	0.128463487487	0.132499919671	0.241047981318	0.167929112441	0.156072464471	0.145879661629	0.147767229407	0.17383888158	0.184602129545	0.239103709814	0.190276927892	0.225272522867	0.218843201094	0.20917862023	0.227654484968	0.139277602836	0.20482886021
159227541-stool3.snv.bam	0.226902241594	0.237463347763	0.141511364662	0.141356786537	0.13846652668	0.234502529723	0.234642583343	0.0	0.171653817964	0.133737655746	0.12019946948	0.127483736825	0.1967769711	0.197690764693	0.141758280409	0.133336483036	0.133650919045	0.160373959507	0.272074541981	0.27409468307	0.169068550838	0.133104040404	0.221220346258	0.196863378197	0.1334003367	0.20390466012	0.220400367013	0.13978929727	0.225532911284	0.235598788104	0.13220004095	0.135927569816	0.224275829864	0.22399015815	0.239536869512	0.180303109914	0.200242933814	0.209764136337	0.223317271041	0.0853246872547	0.129816712937	0.188008903624	0.1294675067	0.233319179391	0.127395612487	0.186559354107	0.194593783736	0.242059741528	0.183673903738	0.189107332035	0.237962370236	0.227905341138	0.125033028455	0.257099950781	0.234043502647	0.194589287368	0.218899501482	0.202709816747	0.218476866094	0.228789647172	0.222029175477	0.212478066188	0.203061125966	0.199762587172	0.169960164502	0.228134056442	0.239717371533	0.200129120315	0.20721309461	0.193733547012	0.10106419184	0.235152280322	0.246215340373
160400887-stool1.snv.bam	0.208116006877	0.196532238717	0.0995339128243	0.0994436178268	0.0959168843609	0.210102297026	0.210284878303	0.171653817964	0.0	0.0348979120366	0.0354719715164	0.0348878294439	0.19932047087	0.202868697523	0.0884870979771	0.034836473179	0.0345258913724	0.0344760414272	0.244133734306	0.246738373245	0.183103418312	0.0342485236687	0.212197780605	0.169805370505	0.0345393904517	0.16878566726	0.194632882961	0.080800269992	0.193503801352	0.200816504277	0.0346109419086	0.042255915107	0.202475971397	0.197300456781	0.227346253867	0.123335356691	0.159453757286	0.200551010099	0.220730241622	0.161591987317	0.0351757635736	0.182929061072	0.0351737028554	0.205775803575	0.173603763195	0.183871183983	0.167505198874	0.216634524633	0.125291188716	0.154173993846	0.21199049691	0.206929589608	0.210318710168	0.236616724829	0.196843500773	0.156671193845	0.217300297446	0.191375228579	0.212219793514	0.195363812558	0.217882639463	0.179998963748	0.169374958338	0.186138022293	0.173115001848	0.21000412132	0.21311033469	0.167015052016	0.187689640109	0.102170052426	0.153196777995	0.223292252468	0.23382964272
160704339-stool1.snv.bam	0.20693547577	0.195472879066	0.0801608439133	0.0802110552953	0.0763164449922	0.229170025839	0.229347954015	0.133737655746	0.0348979120366	0.0	0.00110582009076	0.000803065983946	0.198049051946	0.201359213226	0.0653428149687	0.00127849488846	0.00086718811469	0.0416272987504	0.242119746396	0.247576939057	0.184970949316	0.000788651979106	0.210611779657	0.177049246134	0.00107355226401	0.16836797185	0.20695630614	0.0852581386525	0.197160279343	0.203862977112	0.000798894212601	0.00858151271314	0.206639625758	0.196013129387	0.220476175082	0.126627884706	0.16862547291	0.199193543362	0.219479734203	0.142436340029	0.0013351022704	0.18877452384	0.00117948762691	0.204572102108	0.164054091292	0.188295979041	0.176295184781	0.212347669341	0.130969179161	0.1573171075	0.210646543302	0.205669634874	0.194126266747	0.234650170907	0.203715060083	0.161764669094	0.236635756902	0.198216541716	0.209210345431	0.216359092801	0.223949133609	0.186944128001	0.168877968989	0.192112760582	0.180208747154	0.222028152494	0.211531323122	0.161776657742	0.189437332707	0.11598194329	0.139240262817	0.23899150373	0.231931671232
638754422-stool1.snv.bam	0.206298004532	0.187088240707	0.0766653010561	0.0764567658121	0.0748675344264	0.22670968725	0.227007242245	0.12019946948	0.0354719715164	0.00110582009076	0.0	0.000297982440839	0.189074694332	0.192614268998	0.0579596373014	0.000795783164202	0.000484384037016	0.042440002672	0.236616313264	0.241365288401	0.180931356779	0.000296414112203	0.207385429154	0.174327047287	0.000588811773021	0.164288926672	0.202401859936	0.0861365407866	0.194835859415	0.201786889622	0.000299567453822	0.00834594971592	0.205486395178	0.198514925427	0.217663633178	0.123420145538	0.165436932061	0.1959345091	0.216549113325	0.133963878199	0.000951511109821	0.185243846715	0.00094877553524	0.196396376307	0.155058550245	0.184830300684	0.178126581343	0.209437599649	0.12866542192	0.155913596558	0.210124592674	0.204999287749	0.187307526311	0.232358877715	0.199480319058	0.160210584971	0.234644212253	0.194645531168	0.205812158816	0.210688000271	0.221289870104	0.186120480159	0.164785702479	0.191107572995	0.177161656318	0.219165526171	0.209265589035	0.163545909336	0.185417249687	0.113277723473	0.131302062777	0.236850683905	0.230441086691
682102541-stool3.snv.bam	0.210324266928	0.190952324438	0.0787833503722	0.0785764485635	0.0770335985853	0.227719559207	0.227950140319	0.127483736825	0.0348878294439	0.000803065983946	0.000297982440839	0.0	0.19308008756	0.196492650427	0.0612016447522	0.000495457545065	0.000186497575533	0.0419473778172	0.241008403361	0.24640686684	0.182072829132	0.0	0.211370672671	0.177423756101	0.0	0.170977488381	0.204888842184	0.0853559642271	0.199011077405	0.205732640129	0.0	0.007986484411	0.206444594982	0.19927991796	0.221514943107	0.125204582651	0.167197004667	0.197352978925	0.220409245311	0.14086108778	0.00027665317139	0.186372716215	0.000299122734781	0.202646630479	0.164125307707	0.186138682106	0.179522804614	0.213192484401	0.130316819447	0.157823796943	0.213516459856	0.209125016398	0.196547619048	0.233449588291	0.204606882827	0.161595112401	0.235465679337	0.200713012478	0.209006514384	0.211815120906	0.222136750104	0.190074739761	0.166090553069	0.192667120288	0.179114898725	0.225855283076	0.211568317141	0.164647413333	0.186928771797	0.115309834955	0.133351007423	0.239095564416	0.232686980609
763496533-stool1.snv.bam	0.204144927234	0.256383381433	0.179141633863	0.179062005392	0.174171573068	0.24106672495	0.241007583103	0.1967769711	0.19932047087	0.198049051946	0.189074694332	0.19308008756	0.0	0.00108010612728	0.189093118238	0.197880485899	0.198194921908	0.198328538721	0.238201607768	0.24206494328	0.191714105339	0.197475925926	0.210441732177	0.204840144491	0.197772222222	0.230969037134	0.112983851085	0.204356272647	0.202909048309	0.221008715351	0.197441816817	0.205632788671	0.231561600918	0.230197889196	0.213131933299	0.191491669002	0.203972326478	0.163714228218	0.211482397051	0.20843393271	0.197474382835	0.199268751754	0.194358520331	0.215199200054	0.224892234679	0.198786189772	0.212544801199	0.231942175251	0.202313595528	0.209078176216	0.191226360806	0.184143889976	0.211207423942	0.236021031562	0.227144116441	0.192347586041	0.229681190003	0.19827988792	0.22683430848	0.2223728482	0.21078901196	0.197678927246	0.200902210421	0.209204925653	0.211160582083	0.219953187868	0.224732140458	0.220950790314	0.235841694875	0.205585122966	0.19788965596	0.23056060107	0.250388652146
763496533-stool2.snv.bam	0.213443201851	0.262191504648	0.176854317143	0.1768247351	0.172021714913	0.236212569611	0.236004326698	0.197690764693	0.202868697523	0.201359213226	0.192614268998	0.196492650427	0.00108010612728	0.0	0.192714897333	0.201358263299	0.2016735423	0.201601289247	0.245034087746	0.248630685618	0.193212028366	0.200943322745	0.21887044094	0.20714376402	0.201026507534	0.237256751328	0.114189401631	0.211263842348	0.207328390408	0.223959511013	0.200956104896	0.209121995283	0.22913343632	0.236754060194	0.222045553139	0.19734897755	0.200057799451	0.169600853079	0.217611505904	0.214592362759	0.200562844438	0.197353872543	0.197422579435	0.21874240675	0.231210823276	0.193782787078	0.211977230884	0.232637204611	0.208465023279	0.214404697182	0.190568687141	0.184416028289	0.215432527533	0.244948258549	0.228248361366	0.192862587301	0.218798812764	0.193179712915	0.22771815033	0.225889176606	0.205736886473	0.200621677911	0.206773232934	0.207645176323	0.209717568813	0.226291869598	0.222232735159	0.227424345279	0.242211824026	0.208868525454	0.204554116536	0.227836213344	0.254022968564
763597684-stool2.snv.bam	0.209761011471	0.182022169524	0.108615143154	0.108154800975	0.103560974308	0.202100320834	0.202379934618	0.141758280409	0.0884870979771	0.0653428149687	0.0579596373014	0.0612016447522	0.189093118238	0.192714897333	0.0	0.0642590746969	0.0641939765647	0.087591960051	0.22393460927	0.226566413392	0.187617075605	0.0650694725241	0.210290759585	0.157536824092	0.0653551052005	0.167172786567	0.19559420601	0.122199370003	0.182853937534	0.195119579385	0.0620021345929	0.0724950377983	0.196387515021	0.188090203132	0.218884322257	0.132780253428	0.164640017727	0.203430214553	0.211436456022	0.13326754563	0.0637922341815	0.164268243915	0.0622317632492	0.153183030608	0.145109967482	0.171219788955	0.174872991263	0.191226661646	0.144061088307	0.141270107066	0.203817947549	0.198095783562	0.190895245047	0.231905124582	0.181323269925	0.156404379825	0.21223815716	0.188484833516	0.183386227841	0.191999014187	0.204788125704	0.175732492821	0.165323054573	0.17148876122	0.151836410001	0.21028205972	0.201692088631	0.159683652645	0.175578546824	0.126880502827	0.146397242293	0.203774682673	0.225081416954
763820215-stool2.snv.bam	0.206677628296	0.193029742323	0.080626692628	0.0804229821069	0.0765220599645	0.229233765776	0.2294607812	0.133336483036	0.034836473179	0.00127849488846	0.000795783164202	0.000495457545065	0.197880485899	0.201358263299	0.0642590746969	0.0	0.000671436532619	0.0417881900868	0.242407243812	0.24771647649	0.184746704168	0.000487815526375	0.210543318639	0.177259666823	0.000773448202753	0.168207371	0.206836413288	0.0850744129708	0.197079173284	0.204313358481	0.000494167291041	0.00835111508784	0.206984439564	0.196100523172	0.220540241406	0.126897970451	0.168609859535	0.199400084325	0.219404763453	0.142627559335	0.0011340559268	0.188888076445	0.00113382792879	0.204558417321	0.164249298905	0.188352960972	0.176478611324	0.212516840693	0.131306876131	0.156857620361	0.210590937175	0.205599486331	0.194099498541	0.232294890549	0.203899358813	0.16155165052	0.236815950865	0.198236430822	0.207350539964	0.213665903503	0.223930473957	0.186960254368	0.166154598128	0.192371252846	0.180352137546	0.222159371757	0.21185210668	0.161880439268	0.186778154734	0.116392041005	0.136427603315	0.238970799812	0.231481824261
763820215-stool3.snv.bam	0.207166396822	0.192964811538	0.0799552560954	0.0797515455743	0.075838319621	0.229168667643	0.229395683068	0.133650919045	0.0345258913724	0.00086718811469	0.000484384037016	0.000186497575533	0.198194921908	0.2016735423	0.0641939765647	0.000671436532619	0.0	0.0414839955667	0.242534435262	0.247646895015	0.185020213946	0.000183621006244	0.21047685002	0.177191401755	0.000469253682622	0.168142104655	0.206768515236	0.0850854373688	0.197190486702	0.204248260349	0.000186011904763	0.00804692056771	0.206657004318	0.196030749484	0.220474636016	0.126330248699	0.168930541563	0.199332908593	0.219538958262	0.142561953945	0.000827497200555	0.188820900713	0.000827269202547	0.204492981893	0.16418121784	0.188286140667	0.176410161256	0.212451909908	0.13075228933	0.1567913262	0.210523761443	0.205531036263	0.194025210084	0.232229624205	0.203834092469	0.161567615703	0.236926080097	0.198169786824	0.207282458898	0.213597453435	0.223864005337	0.186893960208	0.166087063168	0.192507213377	0.180286361309	0.222030724712	0.211785462682	0.161809885985	0.187090918211	0.115918350171	0.136741200828	0.239079769789	0.231413001168
764083206-stool1.snv.bam	0.191247804346	0.198387681712	0.0799932266275	0.0802472520807	0.0763431097545	0.214185824838	0.214256928337	0.160373959507	0.0344760414272	0.0416272987504	0.042440002672	0.0419473778172	0.198328538721	0.201601289247	0.087591960051	0.0417881900868	0.0414839955667	0.0	0.226119562699	0.228894360114	0.176893416943	0.0413003745604	0.200323028387	0.169604455352	0.0415860072368	0.163472414296	0.196396331848	0.0552488506879	0.180471715314	0.187979111268	0.0392339731875	0.0491636741219	0.188159259293	0.193659334511	0.205257877002	0.105785064043	0.159625993673	0.183325704788	0.205299711439	0.145666397538	0.0396731374404	0.157631391035	0.0420476935529	0.199777980126	0.159317626489	0.170277753977	0.15502668293	0.198254946188	0.0901168904379	0.143993243023	0.205581069368	0.200494580381	0.194592356646	0.222259463429	0.189292275959	0.136998047195	0.210621549506	0.188124482948	0.195444761988	0.1870197565	0.213845136472	0.176720375729	0.150559870202	0.180069798145	0.159920923643	0.206324418491	0.196917756253	0.159089671361	0.163287654084	0.0899216259433	0.136735975017	0.214452263947	0.215589649209
764487809-stool1.snv.bam	0.226187296696	0.167842693021	0.219918452384	0.219808403096	0.218482726424	0.187622887434	0.187631593995	0.272074541981	0.244133734306	0.242119746396	0.236616313264	0.241008403361	0.238201607768	0.245034087746	0.22393460927	0.242407243812	0.242534435262	0.226119562699	0.0	0.00120649040442	0.237073695535	0.241868131868	0.24533135656	0.229412335779	0.242173382173	0.221498406279	0.237370949829	0.233379437002	0.227793222837	0.238541943804	0.236880222841	0.250271493213	0.210491105933	0.251868943023	0.238957836627	0.177794149512	0.241151681263	0.253829502325	0.238153269534	0.241231981701	0.239688848189	0.213040754969	0.238803039725	0.207882879729	0.20946229654	0.198867581899	0.205437351241	0.223454751196	0.206012251158	0.211775542123	0.26025174608	0.25034606866	0.231265822785	0.22105688356	0.22897712836	0.21283803332	0.233696037137	0.232227929008	0.20457186599	0.208489533011	0.228440203771	0.191287270344	0.17247321182	0.231567654611	0.221545027455	0.222653968254	0.243063771266	0.254769932018	0.20981517472	0.203136870436	0.23367465415	0.209000303732	0.224252873563
764487809-stool2.snv.bam	0.230106688899	0.162368109126	0.221964363866	0.221745296612	0.219841794897	0.184667657302	0.184676363863	0.27409468307	0.246738373245	0.247576939057	0.241365288401	0.24640686684	0.24206494328	0.248630685618	0.226566413392	0.24771647649	0.247646895015	0.228894360114	0.00120649040442	0.0	0.240439901978	0.247162778742	0.245126431101	0.229249459573	0.247468029047	0.213010150649	0.237683437557	0.238399944353	0.223354673095	0.237782815661	0.242248611315	0.252818887339	0.208092422149	0.255367816628	0.238755757354	0.174281389154	0.234901919206	0.254383205009	0.240330243957	0.243941779823	0.245042324472	0.213344567991	0.244363293082	0.210451443335	0.205759747779	0.203122275848	0.206053840555	0.220666409291	0.20306513979	0.205873986881	0.257195482439	0.247227613608	0.227099930119	0.223618351687	0.228850130781	0.215385427446	0.236565699422	0.232022424663	0.208511993705	0.208884128927	0.23105217972	0.196894621409	0.171382454866	0.233446105046	0.22401314376	0.221812365672	0.244017353763	0.248646031278	0.2124419494	0.203156792034	0.239295342886	0.210466989341	0.219906432749
765377934-stool3.snv.bam	0.222876653863	0.223016566767	0.198227828545	0.198240035992	0.196449792038	0.231772343261	0.231961404069	0.169068550838	0.183103418312	0.184970949316	0.180931356779	0.182072829132	0.191714105339	0.193212028366	0.187617075605	0.184746704168	0.185020213946	0.176893416943	0.237073695535	0.240439901978	0.0	0.184315684316	0.234207156816	0.215881812035	0.184121434121	0.207826884431	0.177880301806	0.183775315616	0.196250245899	0.237099691368	0.186363636364	0.181730034671	0.199266460186	0.251965016413	0.241979442235	0.208923470895	0.197792227125	0.236946689032	0.230699139669	0.180049772922	0.183075926843	0.200679635279	0.18049027216	0.230169725337	0.205008508793	0.185083566103	0.223288113196	0.236222424456	0.20843305057	0.199948750727	0.225320381148	0.218265378033	0.196952380952	0.262638606577	0.217489931992	0.168146013552	0.236979706872	0.229341436969	0.242214018669	0.232499412732	0.219967927425	0.19766555197	0.220868383821	0.19484386168	0.18365127845	0.239086264948	0.233267149765	0.228704402442	0.19938593064	0.210744304543	0.183955392434	0.23418378108	0.240735803786
765640925-stool2.snv.bam	0.206429373096	0.195217282717	0.0799333928014	0.0797302046149	0.0758268059182	0.228763166111	0.228989597948	0.133104040404	0.0342485236687	0.000788651979106	0.000296414112203	0.0	0.197475925926	0.200943322745	0.0650694725241	0.000487815526375	0.000183621006244	0.0413003745604	0.241868131868	0.247162778742	0.184315684316	0.0	0.210111893908	0.176906326741	0.0002849002849	0.167892842972	0.206405673564	0.0846601275622	0.19685332339	0.20390682156	0.0	0.0078431372549	0.2062905316	0.195687492795	0.220088506315	0.126186149808	0.168667022725	0.198993639794	0.219155252597	0.14237767057	0.000642449088045	0.188509515224	0.000640561604016	0.204149146207	0.163931882769	0.18797780935	0.176126427229	0.212090311604	0.130600177233	0.157199746503	0.210154808684	0.205168597169	0.19366568915	0.234359883791	0.203492841126	0.161336489949	0.236487094663	0.19783625731	0.208933389308	0.215915915916	0.223463912335	0.186591694792	0.16850130719	0.192189421665	0.180003613802	0.221628045157	0.211416102442	0.161558127449	0.189057710016	0.115804273815	0.138847132285	0.238639740397	0.231607629428
CCIS05314658ST-4-0.snv.bam	0.0813052286736	0.241961605876	0.202487822285	0.202486644039	0.197890280514	0.2529274728	0.252841013634	0.221220346258	0.212197780605	0.210611779657	0.207385429154	0.211370672671	0.210441732177	0.21887044094	0.210290759585	0.210543318639	0.21047685002	0.200323028387	0.24533135656	0.245126431101	0.234207156816	0.210111893908	0.0	0.205840746681	0.210403524121	0.227427584834	0.222642713786	0.221939943827	0.122810573646	0.170640083226	0.210246360582	0.21289095829	0.228098817872	0.16960189594	0.0292754853368	0.204100682724	0.244870392562	0.173640199949	0.0658559679992	0.231157482195	0.210346463997	0.200129362538	0.209789759047	0.232924684254	0.213181717934	0.173773571142	0.194261774412	0.167727531907	0.21253258842	0.195449301068	0.247488505702	0.239372745049	0.235394736842	0.0582063354869	0.193296170571	0.218397374584	0.239566976139	0.208437761069	0.175007938982	0.188203657806	0.210194575749	0.172838483184	0.175042566144	0.199189881332	0.224235100796	0.112777377233	0.133336318809	0.215949341417	0.231581861677	0.222496757148	0.235275503651	0.214656573609	0.200703709134
CCIS22275061ST-4-0.snv.bam	0.192121992437	0.222543860131	0.171461174256	0.171137771034	0.166932549159	0.209989749696	0.209925287684	0.196863378197	0.169805370505	0.177049246134	0.174327047287	0.177423756101	0.204840144491	0.20714376402	0.157536824092	0.177259666823	0.177191401755	0.169604455352	0.229412335779	0.229249459573	0.215881812035	0.176906326741	0.205840746681	0.0	0.176756581308	0.205652413648	0.207999447251	0.196773437124	0.177308160243	0.221229039326	0.175074767107	0.185151134097	0.216524681418	0.175941511587	0.21358210397	0.19135649945	0.187637946982	0.22358591752	0.200207413419	0.190604768189	0.175670921835	0.175090367905	0.175831507885	0.189222891472	0.182469733527	0.190670723846	0.177553552698	0.210560394791	0.201487489206	0.126326640543	0.229742240765	0.222645034013	0.193317431699	0.226056192979	0.0967032213351	0.175087216989	0.229331934278	0.198367975161	0.191864506906	0.230288871603	0.235326386239	0.186745954129	0.173808229105	0.181459456792	0.130779911491	0.185727760717	0.215801705244	0.152192708782	0.168476609513	0.185836615975	0.198771555828	0.219995001389	0.222866600487
CCIS59132091ST-4-0.snv.bam	0.206723317834	0.195502183002	0.0802182930863	0.0800151048998	0.0761169132579	0.229048798787	0.229275230625	0.1334003367	0.0345393904517	0.00107355226401	0.000588811773021	0.0	0.197772222222	0.201026507534	0.0653551052005	0.000773448202753	0.000469253682622	0.0415860072368	0.242173382173	0.247468029047	0.184121434121	0.0002849002849	0.210403524121	0.176756581308	0.0	0.168179211815	0.20670355858	0.0849620599294	0.197151208406	0.204192454237	0.0002886002886	0.0081280375398	0.206591645722	0.195492707476	0.220376358934	0.126477780021	0.168366722425	0.199288364227	0.219443105216	0.142295426965	0.000354596468586	0.188450570338	0.000353452789776	0.204436255021	0.164230568551	0.188270978508	0.17642672753	0.212054699069	0.130768527401	0.157490613286	0.209860084252	0.205468897469	0.19366568915	0.234646252634	0.203779209969	0.161465990078	0.236604984436	0.197543859649	0.208915819556	0.216216216216	0.223437400497	0.186882561575	0.16844204793	0.192481051878	0.179715013514	0.22192513369	0.211416102442	0.161625410428	0.188762985583	0.1160891741	0.139142640559	0.23893137061	0.231910384499
CCIS81710917ST-20-0.snv.bam	0.213225335381	0.0831885652908	0.142427588045	0.14204299433	0.136250887049	0.225042587677	0.224911623605	0.20390466012	0.16878566726	0.16836797185	0.164288926672	0.170977488381	0.230969037134	0.237256751328	0.167172786567	0.168207371	0.168142104655	0.163472414296	0.221498406279	0.213010150649	0.207826884431	0.167892842972	0.227427584834	0.205652413648	0.168179211815	0.0	0.237402112552	0.180762599571	0.212662687971	0.197274736632	0.164862723428	0.165467130419	0.203126528028	0.205579002755	0.239834860705	0.165526246709	0.196737475841	0.235101400735	0.239134113022	0.189716984126	0.167683355263	0.188396331871	0.169738971655	0.210626396359	0.1813325514	0.2014012342	0.19320148776	0.227708369915	0.136992422405	0.112316489756	0.182322095859	0.168627184852	0.198178239154	0.223215472336	0.195300168384	0.178120089451	0.235260989747	0.219963029171	0.204977606524	0.228294684884	0.235287365605	0.187704621423	0.200642274212	0.210772389515	0.181227592053	0.219239565979	0.203911193655	0.154032190411	0.08360136822	0.162183434232	0.204374067738	0.220797746273	0.19476216512
CCIS81887263ST-4-0.snv.bam	0.224431078309	0.249662349863	0.201297871232	0.200964007953	0.199310517958	0.215088876199	0.215025125711	0.220400367013	0.194632882961	0.20695630614	0.202401859936	0.204888842184	0.112983851085	0.114189401631	0.19559420601	0.206836413288	0.206768515236	0.196396331848	0.237370949829	0.237683437557	0.177880301806	0.206405673564	0.222642713786	0.207999447251	0.20670355858	0.237402112552	0.0	0.213940060202	0.216452702199	0.206527219886	0.206492707172	0.209244342544	0.220468321271	0.222777511506	0.219670424144	0.206225932187	0.170968154587	0.142223318423	0.220130970035	0.204276234879	0.206605153353	0.197632207562	0.203220970364	0.218851408281	0.214992731109	0.194013552439	0.180721392434	0.214562188822	0.214069401567	0.2082703512	0.126798111742	0.123379137932	0.213504012925	0.23435921008	0.218466707416	0.174440184403	0.214112318884	0.190269239308	0.233053762705	0.20928670008	0.206581685455	0.19013884105	0.223609794512	0.200342193337	0.198463995883	0.237754075989	0.221488403554	0.215509360336	0.22233815212	0.17231133332	0.198035053425	0.217212206673	0.244940837559
CCIS83445808ST-4-0.snv.bam	0.208986669553	0.215085403885	0.122903369776	0.122810193443	0.121086557834	0.234479792809	0.234545660372	0.13978929727	0.080800269992	0.0852581386525	0.0861365407866	0.0853559642271	0.204356272647	0.211263842348	0.122199370003	0.0850744129708	0.0850854373688	0.0552488506879	0.233379437002	0.238399944353	0.183775315616	0.0846601275622	0.221939943827	0.196773437124	0.0849620599294	0.180762599571	0.213940060202	0.0	0.199336916867	0.221680339904	0.082390510773	0.0928327946224	0.206438769348	0.216208959659	0.224823148138	0.125295983434	0.196996468477	0.196762146115	0.218616737942	0.11618904655	0.0835244843156	0.195626671115	0.0853337616404	0.218736019913	0.149580107212	0.184607089225	0.178323061593	0.210783691368	0.130676619738	0.170091920335	0.219782616962	0.212031169828	0.166753621363	0.23441154232	0.208557787577	0.145193452372	0.222539106723	0.203120905491	0.220212570502	0.205543372745	0.228371862949	0.194433358106	0.175698127367	0.192885518393	0.172130555936	0.230306734151	0.217732205295	0.187233733885	0.187964930296	0.126360830492	0.113939169588	0.234867403107	0.239983959848
CCMD82866709ST-21-0.snv.bam	0.111158390349	0.239387595666	0.183420617615	0.183569205428	0.179757421761	0.238469715535	0.238444648139	0.225532911284	0.193503801352	0.197160279343	0.194835859415	0.199011077405	0.202909048309	0.207328390408	0.182853937534	0.197079173284	0.197190486702	0.180471715314	0.227793222837	0.223354673095	0.196250245899	0.19685332339	0.122810573646	0.177308160243	0.197151208406	0.212662687971	0.216452702199	0.199336916867	0.0	0.168473505486	0.194587249474	0.202616681621	0.205464246885	0.207625070963	0.111490357217	0.180263458449	0.219043842369	0.198835728543	0.119222456986	0.207393147987	0.194239227568	0.173924750691	0.197529599111	0.223719251745	0.198176553571	0.182772411221	0.186345770332	0.135079533126	0.192995397874	0.163131064784	0.250406914171	0.242609710273	0.213074802636	0.133535062103	0.153244605776	0.185940535612	0.228221562284	0.209896880966	0.165180767016	0.188502272265	0.221252676786	0.183934401755	0.173588862759	0.172170711759	0.17335749896	0.144775365829	0.150412727962	0.199243924933	0.207663981947	0.193330213761	0.225354580532	0.205781966378	0.211899879949
DOM013.snv.bam	0.206021511886	0.223741500653	0.186829383236	0.186670340896	0.184032569811	0.239891711817	0.239430159532	0.235598788104	0.200816504277	0.203862977112	0.201786889622	0.205732640129	0.221008715351	0.223959511013	0.195119579385	0.204313358481	0.204248260349	0.187979111268	0.238541943804	0.237782815661	0.237099691368	0.20390682156	0.170640083226	0.221229039326	0.204192454237	0.197274736632	0.206527219886	0.221680339904	0.168473505486	0.0	0.203957691633	0.204030096532	0.204256849052	0.206356845716	0.17348579868	0.19188927594	0.204054739167	0.189673266782	0.173360887972	0.2122913298	0.201323341578	0.181280881074	0.20400828638	0.238004325763	0.205484756122	0.191973624871	0.187772650326	0.163039702617	0.187272949088	0.186707896884	0.256253867569	0.24644642272	0.233078731653	0.190685499025	0.192015962555	0.210332528492	0.231315675725	0.213383076713	0.188098510303	0.221515848147	0.245783727511	0.180640251949	0.197683298465	0.195934585191	0.194697141793	0.206840081166	0.146569974591	0.204136860574	0.19862941017	0.186624594451	0.226712289065	0.210493765791	0.221776744293
MH0203.snv.bam	0.205963377086	0.192557766908	0.0783740862144	0.0781682592203	0.0739885664028	0.229137686503	0.229367066672	0.13220004095	0.0346109419086	0.000798894212601	0.000299567453822	0.0	0.197441816817	0.200956104896	0.0620021345929	0.000494167291041	0.000186011904763	0.0392339731875	0.236880222841	0.242248611315	0.186363636364	0.0	0.210246360582	0.175074767107	0.0002886002886	0.164862723428	0.206492707172	0.082390510773	0.194587249474	0.203957691633	0.0	0.00794499618029	0.203629687254	0.197867854832	0.220352135007	0.122545008183	0.170977529886	0.198980113447	0.219406633864	0.140727174974	0.000650880178439	0.190021623635	0.000648945918205	0.196350051262	0.159353298065	0.185143288084	0.173059665959	0.211814428205	0.129698880833	0.158004306453	0.204914953962	0.199759947815	0.187619047619	0.234808446243	0.197713976831	0.160932381634	0.236977512602	0.189807407407	0.206049625289	0.215543412265	0.221116357978	0.180629702144	0.168075649179	0.188923526935	0.17777141991	0.213791026799	0.211568317141	0.162919572343	0.185723208247	0.112275757891	0.138022969647	0.236826439073	0.232044198895
MH0253.snv.bam	0.209070160051	0.192804009716	0.0877765300563	0.0875733418698	0.0838132903292	0.236574002528	0.23685289751	0.135927569816	0.042255915107	0.00858151271314	0.00834594971592	0.007986484411	0.205632788671	0.209121995283	0.0724950377983	0.00835111508784	0.00804692056771	0.0491636741219	0.250271493213	0.252818887339	0.181730034671	0.0078431372549	0.21289095829	0.185151134097	0.0081280375398	0.165467130419	0.209244342544	0.0928327946224	0.202616681621	0.204030096532	0.00794499618029	0.0	0.21458002626	0.198604362022	0.222831572453	0.134214558022	0.17172890814	0.20180219027	0.222330097664	0.145120736709	0.00856686237668	0.196623105488	0.00854449837252	0.212053082975	0.169466354622	0.196048583834	0.184393517849	0.215602485705	0.138443314488	0.16398707682	0.21296335916	0.208030282383	0.196770743488	0.237088810413	0.209167275849	0.169081947106	0.244600684927	0.205885792914	0.212606818978	0.224183006536	0.231492320549	0.19459908623	0.176344444444	0.196343314194	0.182753804788	0.224459124113	0.215298971379	0.170078527252	0.186561220704	0.12364741107	0.146982301246	0.244263728884	0.223593524603
MH0260.snv.bam	0.213913908944	0.194787227244	0.18971415726	0.189517726965	0.186302930127	0.132489729302	0.132410515228	0.224275829864	0.202475971397	0.206639625758	0.205486395178	0.206444594982	0.231561600918	0.22913343632	0.196387515021	0.206984439564	0.206657004318	0.188159259293	0.210491105933	0.208092422149	0.199266460186	0.2062905316	0.228098817872	0.216524681418	0.206591645722	0.203126528028	0.220468321271	0.206438769348	0.205464246885	0.204256849052	0.203629687254	0.21458002626	0.0	0.241252937323	0.222823320794	0.197856756299	0.215148709825	0.223930858987	0.208353527694	0.220433247383	0.203428888903	0.126181538307	0.20542974131	0.219890613227	0.168129983503	0.106520382524	0.14168867585	0.175242973243	0.197491892307	0.187517467778	0.201112926259	0.195976433759	0.213338736571	0.232530997307	0.174969686322	0.181678392006	0.171551323269	0.143791395963	0.225862334095	0.172685693617	0.157097871004	0.144658277813	0.124929601316	0.153079013135	0.16765627047	0.216934528414	0.14504739899	0.18454258632	0.207228279615	0.201640059501	0.225424292297	0.148770303898	0.177429527895
MH0268.snv.bam	0.168438762883	0.231893213918	0.196022058137	0.195686111233	0.190991273084	0.235101394528	0.234965594565	0.22399015815	0.197300456781	0.196013129387	0.198514925427	0.19927991796	0.230197889196	0.236754060194	0.188090203132	0.196100523172	0.196030749484	0.193659334511	0.251868943023	0.255367816628	0.251965016413	0.195687492795	0.16960189594	0.175941511587	0.195492707476	0.205579002755	0.222777511506	0.216208959659	0.207625070963	0.206356845716	0.197867854832	0.198604362022	0.241252937323	0.0	0.175731041795	0.198055036614	0.20683480016	0.228350196045	0.17418941196	0.205220127897	0.194539056622	0.208409923405	0.197375512495	0.207923996305	0.200374084737	0.216861626379	0.143746623856	0.215213172221	0.214509004682	0.175268220471	0.254603155934	0.24814462829	0.237789367599	0.188634409593	0.176419294868	0.204126981887	0.245931168166	0.215614461082	0.186226641616	0.252653588429	0.244472654578	0.20256738249	0.190756703422	0.21381584595	0.189747121986	0.173495140786	0.17681325412	0.142248639864	0.209094439812	0.215798441161	0.227300968898	0.230998304173	0.237805579888
