	158944319-stool1.snv.bam	178713055-stool2.snv.bam	663835652-stool3.snv.bam	763840445-stool2.snv.bam	765216093-stool3.snv.bam	765256553-stool3.snv.bam	765640925-stool1.snv.bam	BYQ_AAAF.snv.bam	BYQ_AAAQ.snv.bam	BYQ_AAAZ.snv.bam	CCIS02124300ST-4-0.snv.bam	CCIS11015875ST-4-0.snv.bam	CCIS11354283ST-4-0.snv.bam	CCIS14449628ST-4-0.snv.bam	CCIS21278152ST-4-0.snv.bam	CCIS28384594ST-4-0.snv.bam	CCIS62605362ST-3-0.snv.bam	CCIS64773582ST-4-0.snv.bam	CCIS78318719ST-4-0.snv.bam	CCIS81710917ST-20-0.snv.bam	CCIS81887263ST-4-0.snv.bam	CCIS87167916ST-4-0.snv.bam	CCIS91228662ST-4-0.snv.bam	CCMD13071240ST-21-0.snv.bam	CCMD13934959ST-21-0.snv.bam	CCMD18872694ST-21-0.snv.bam	CCMD19497912ST-21-0.snv.bam	CCMD25963797ST-21-0.snv.bam	CCMD60079086ST-21-0.snv.bam	CCMD64776337ST-21-0.snv.bam	CCMD86114146ST-21-0.snv.bam	CCMD93344354ST-21-0.snv.bam	M2.2-V3.metaT.snv.bam	M4.2-V2.metaT.snv.bam	MH0159.snv.bam	MH0220.snv.bam	MH0257.snv.bam	MH0332.snv.bam	MH0338.snv.bam	MH0343.snv.bam	MH0359.snv.bam	MH0376.snv.bam	MH0417.snv.bam	MH0431.snv.bam	MH0440.snv.bam	MH0446.snv.bam	MH0448.snv.bam	MH0453.snv.bam	MH0457.snv.bam	MMRS38954404ST-27-0-0.snv.bam	MMRS39582183ST-27-0-0.snv.bam	MMRS44587603ST-27-0-0.snv.bam	MMRS54246132ST-27-0-0.snv.bam	MMRS61683006ST-27-0-0.snv.bam	MMRS77321055ST-27-0-0.snv.bam	MMRS80093644ST-27-0-0.snv.bam	MMRS84954772ST-27-0-0.snv.bam	NG-5636_476.snv.bam	O2.UC28-0.snv.bam	O2.UC28-1.snv.bam	O2.UC28-2.snv.bam	O2.UC35-1.snv.bam	O2.UC40-1.snv.bam	O2.UC47-1.snv.bam	O2.UC48-0.snv.bam	O2.UC50-0.snv.bam	SZEY-103A.snv.bam	SZEY-62A.snv.bam	T2D-31A.snv.bam	T2D-59A.snv.bam	V1.FI02.snv.bam	V1.FI15.snv.bam	V1.FI36.snv.bam	V1.UC26-4.snv.bam	V1.UC60-0.snv.bam	halbarad-11-0-0.snv.bam	halbarad-11-2-0.snv.bam	halbarad-11-7-0.snv.bam	halbarad-12-7-0.snv.bam	halbarad-13-7-0.snv.bam
158944319-stool1.snv.bam	0.0	0.158620689655	0.131034482759	0.197701149425	0.142528735632	0.0896551724138	0.147126436782	0.170114942529	0.167816091954	0.170114942529	0.206896551724	0.16091954023	0.131034482759	0.179310344828	0.154022988506	0.16091954023	0.147126436782	0.137931034483	0.154022988506	0.144827586207	0.128735632184	0.165517241379	0.165517241379	0.188505747126	0.119540229885	0.147126436782	0.165517241379	0.179310344828	0.154022988506	0.151724137931	0.114942528736	0.158620689655	0.149425287356	0.149425287356	0.119540229885	0.11724137931	0.174712643678	0.140229885057	0.183908045977	0.209195402299	0.147126436782	0.186206896552	0.183908045977	0.151724137931	0.158620689655	0.119540229885	0.154022988506	0.163218390805	0.174712643678	0.124137931034	0.149425287356	0.126436781609	0.165517241379	0.137931034483	0.151724137931	0.128735632184	0.048275862069	0.158620689655	0.137931034483	0.135632183908	0.137931034483	0.158620689655	0.124137931034	0.158620689655	0.179310344828	0.15632183908	0.128735632184	0.167816091954	0.128735632184	0.133333333333	0.181609195402	0.2	0.147126436782	0.177011494253	0.163218390805	0.131034482759	0.133333333333	0.133333333333	0.131034482759	0.133333333333
178713055-stool2.snv.bam	0.158620689655	0.0	0.147126436782	0.181609195402	0.140229885057	0.140229885057	0.016091954023	0.0229885057471	0.0206896551724	0.0229885057471	0.23908045977	0.0137931034483	0.154022988506	0.209195402299	0.158620689655	0.177011494253	0.00689655172414	0.142528735632	0.0275862068966	0.147126436782	0.128735632184	0.170114942529	0.0114942528736	0.232183908046	0.165517241379	0.00689655172414	0.00919540229885	0.225287356322	0.0	0.2	0.149425287356	0.00689655172414	0.00229885057471	0.193103448276	0.124137931034	0.154022988506	0.158620689655	0.177011494253	0.218390804598	0.24367816092	0.151724137931	0.174712643678	0.172413793103	0.0689655172414	0.0206896551724	0.149425287356	0.167816091954	0.00229885057471	0.15632183908	0.167816091954	0.170114942529	0.165517241379	0.204597701149	0.16091954023	0.144827586207	0.167816091954	0.163218390805	0.186206896552	0.124137931034	0.12183908046	0.126436781609	0.0	0.172413793103	0.172413793103	0.213793103448	0.0	0.16091954023	0.190804597701	0.135632183908	0.149425287356	0.165517241379	0.232183908046	0.151724137931	0.158620689655	0.167816091954	0.131034482759	0.133333333333	0.133333333333	0.133333333333	0.133333333333
663835652-stool3.snv.bam	0.131034482759	0.147126436782	0.0	0.186206896552	0.144827586207	0.119540229885	0.133333333333	0.170114942529	0.167816091954	0.170114942529	0.186206896552	0.149425287356	0.00459770114943	0.165517241379	0.0	0.142528735632	0.133333333333	0.142528735632	0.144827586207	0.137931034483	0.12183908046	0.154022988506	0.149425287356	0.181609195402	0.142528735632	0.140229885057	0.149425287356	0.183908045977	0.140229885057	0.140229885057	0.11724137931	0.149425287356	0.131034482759	0.133333333333	0.105747126437	0.131034482759	0.174712643678	0.11724137931	0.172413793103	0.181609195402	0.140229885057	0.183908045977	0.181609195402	0.142528735632	0.151724137931	0.133333333333	0.00229885057471	0.151724137931	0.177011494253	0.154022988506	0.00459770114943	0.151724137931	0.167816091954	0.00919540229885	0.151724137931	0.154022988506	0.135632183908	0.133333333333	0.128735632184	0.126436781609	0.128735632184	0.147126436782	0.149425287356	0.158620689655	0.183908045977	0.147126436782	0.124137931034	0.128735632184	0.126436781609	0.158620689655	0.177011494253	0.183908045977	0.135632183908	0.177011494253	0.151724137931	0.11724137931	0.119540229885	0.119540229885	0.11724137931	0.119540229885
763840445-stool2.snv.bam	0.197701149425	0.181609195402	0.186206896552	0.0	0.167816091954	0.172413793103	0.165517241379	0.193103448276	0.190804597701	0.193103448276	0.234482758621	0.188505747126	0.195402298851	0.209195402299	0.209195402299	0.181609195402	0.172413793103	0.179310344828	0.177011494253	0.183908045977	0.165517241379	0.197701149425	0.193103448276	0.227586206897	0.179310344828	0.170114942529	0.193103448276	0.232183908046	0.179310344828	0.193103448276	0.151724137931	0.181609195402	0.172413793103	0.190804597701	0.147126436782	0.174712643678	0.0597701149425	0.179310344828	0.206896551724	0.241379310345	0.186206896552	0.00919540229885	0.0114942528736	0.2	0.179310344828	0.177011494253	0.213793103448	0.186206896552	0.0574712643678	0.193103448276	0.209195402299	0.195402298851	0.195402298851	0.2	0.174712643678	0.197701149425	0.2	0.170114942529	0.16091954023	0.15632183908	0.163218390805	0.183908045977	0.202298850575	0.195402298851	0.206896551724	0.183908045977	0.174712643678	0.163218390805	0.167816091954	0.190804597701	0.0413793103448	0.232183908046	0.186206896552	0.0597701149425	0.195402298851	0.16091954023	0.165517241379	0.165517241379	0.163218390805	0.165517241379
765216093-stool3.snv.bam	0.142528735632	0.140229885057	0.144827586207	0.167816091954	0.0	0.11724137931	0.119540229885	0.15632183908	0.154022988506	0.15632183908	0.216091954023	0.147126436782	0.154022988506	0.183908045977	0.158620689655	0.163218390805	0.12183908046	0.12183908046	0.135632183908	0.124137931034	0.110344827586	0.151724137931	0.147126436782	0.220689655172	0.142528735632	0.119540229885	0.147126436782	0.211494252874	0.135632183908	0.147126436782	0.126436781609	0.142528735632	0.131034482759	0.144827586207	0.103448275862	0.105747126437	0.137931034483	0.133333333333	0.213793103448	0.216091954023	0.126436781609	0.15632183908	0.158620689655	0.133333333333	0.142528735632	0.108045977011	0.167816091954	0.144827586207	0.135632183908	0.165517241379	0.170114942529	0.163218390805	0.188505747126	0.147126436782	0.00229885057471	0.165517241379	0.126436781609	0.142528735632	0.105747126437	0.105747126437	0.108045977011	0.140229885057	0.126436781609	0.140229885057	0.193103448276	0.140229885057	0.128735632184	0.167816091954	0.119540229885	0.114942528736	0.151724137931	0.213793103448	0.126436781609	0.137931034483	0.149425287356	0.114942528736	0.114942528736	0.114942528736	0.114942528736	0.114942528736
765256553-stool3.snv.bam	0.0896551724138	0.140229885057	0.119540229885	0.172413793103	0.11724137931	0.0	0.128735632184	0.154022988506	0.151724137931	0.154022988506	0.211494252874	0.137931034483	0.124137931034	0.181609195402	0.137931034483	0.15632183908	0.124137931034	0.135632183908	0.140229885057	0.11724137931	0.105747126437	0.15632183908	0.142528735632	0.204597701149	0.11724137931	0.124137931034	0.142528735632	0.202298850575	0.135632183908	0.147126436782	0.108045977011	0.140229885057	0.133333333333	0.142528735632	0.112643678161	0.103448275862	0.151724137931	0.137931034483	0.193103448276	0.213793103448	0.119540229885	0.167816091954	0.163218390805	0.128735632184	0.140229885057	0.0942528735632	0.144827586207	0.144827586207	0.151724137931	0.0873563218391	0.140229885057	0.0850574712644	0.188505747126	0.128735632184	0.12183908046	0.0873563218391	0.105747126437	0.151724137931	0.131034482759	0.128735632184	0.131034482759	0.140229885057	0.114942528736	0.140229885057	0.179310344828	0.137931034483	0.0919540229885	0.15632183908	0.110344827586	0.12183908046	0.16091954023	0.209195402299	0.119540229885	0.154022988506	0.154022988506	0.119540229885	0.12183908046	0.12183908046	0.119540229885	0.12183908046
765640925-stool1.snv.bam	0.147126436782	0.016091954023	0.133333333333	0.165517241379	0.119540229885	0.128735632184	0.0	0.0390804597701	0.0367816091954	0.0390804597701	0.222988505747	0.0252873563218	0.133333333333	0.193103448276	0.137931034483	0.16091954023	0.0229885057471	0.131034482759	0.0390804597701	0.142528735632	0.126436781609	0.154022988506	0.0275862068966	0.216091954023	0.151724137931	0.0229885057471	0.0252873563218	0.209195402299	0.0137931034483	0.179310344828	0.128735632184	0.0229885057471	0.016091954023	0.174712643678	0.11724137931	0.142528735632	0.142528735632	0.15632183908	0.202298850575	0.227586206897	0.147126436782	0.158620689655	0.15632183908	0.0781609195402	0.0367816091954	0.137931034483	0.147126436782	0.0183908045977	0.140229885057	0.147126436782	0.149425287356	0.144827586207	0.188505747126	0.140229885057	0.124137931034	0.147126436782	0.144827586207	0.165517241379	0.105747126437	0.103448275862	0.108045977011	0.016091954023	0.163218390805	0.151724137931	0.197701149425	0.016091954023	0.149425287356	0.170114942529	0.119540229885	0.135632183908	0.149425287356	0.216091954023	0.147126436782	0.142528735632	0.151724137931	0.112643678161	0.114942528736	0.114942528736	0.114942528736	0.114942528736
BYQ_AAAF.snv.bam	0.170114942529	0.0229885057471	0.170114942529	0.193103448276	0.15632183908	0.154022988506	0.0390804597701	0.0	0.0	0.0	0.245977011494	0.0367816091954	0.179310344828	0.213793103448	0.183908045977	0.186206896552	0.0252873563218	0.154022988506	0.0367816091954	0.163218390805	0.144827586207	0.186206896552	0.0344827586207	0.23908045977	0.172413793103	0.0206896551724	0.032183908046	0.232183908046	0.0229885057471	0.216091954023	0.15632183908	0.0206896551724	0.0252873563218	0.209195402299	0.144827586207	0.179310344828	0.172413793103	0.193103448276	0.225287356322	0.250574712644	0.167816091954	0.181609195402	0.183908045977	0.0827586206897	0.0344827586207	0.174712643678	0.193103448276	0.0252873563218	0.172413793103	0.179310344828	0.195402298851	0.181609195402	0.204597701149	0.177011494253	0.16091954023	0.183908045977	0.174712643678	0.202298850575	0.140229885057	0.137931034483	0.140229885057	0.0229885057471	0.197701149425	0.188505747126	0.216091954023	0.0229885057471	0.172413793103	0.188505747126	0.16091954023	0.15632183908	0.177011494253	0.23908045977	0.167816091954	0.174712643678	0.183908045977	0.147126436782	0.149425287356	0.149425287356	0.149425287356	0.149425287356
BYQ_AAAQ.snv.bam	0.167816091954	0.0206896551724	0.167816091954	0.190804597701	0.154022988506	0.151724137931	0.0367816091954	0.0	0.0	0.0	0.245977011494	0.0344827586207	0.177011494253	0.213793103448	0.181609195402	0.186206896552	0.0229885057471	0.151724137931	0.032183908046	0.16091954023	0.142528735632	0.181609195402	0.032183908046	0.23908045977	0.172413793103	0.0183908045977	0.0298850574713	0.232183908046	0.0206896551724	0.211494252874	0.154022988506	0.0183908045977	0.0229885057471	0.204597701149	0.140229885057	0.177011494253	0.170114942529	0.188505747126	0.225287356322	0.250574712644	0.165517241379	0.181609195402	0.181609195402	0.0804597701149	0.032183908046	0.172413793103	0.190804597701	0.0229885057471	0.170114942529	0.177011494253	0.193103448276	0.179310344828	0.204597701149	0.174712643678	0.15632183908	0.181609195402	0.174712643678	0.197701149425	0.137931034483	0.135632183908	0.140229885057	0.0206896551724	0.195402298851	0.183908045977	0.216091954023	0.0206896551724	0.167816091954	0.188505747126	0.158620689655	0.15632183908	0.174712643678	0.23908045977	0.165517241379	0.172413793103	0.179310344828	0.144827586207	0.147126436782	0.147126436782	0.147126436782	0.147126436782
BYQ_AAAZ.snv.bam	0.170114942529	0.0229885057471	0.170114942529	0.193103448276	0.15632183908	0.154022988506	0.0390804597701	0.0	0.0	0.0	0.245977011494	0.0367816091954	0.179310344828	0.213793103448	0.183908045977	0.186206896552	0.0252873563218	0.154022988506	0.0367816091954	0.163218390805	0.144827586207	0.186206896552	0.0344827586207	0.23908045977	0.172413793103	0.0206896551724	0.032183908046	0.232183908046	0.0229885057471	0.216091954023	0.15632183908	0.0206896551724	0.0252873563218	0.209195402299	0.144827586207	0.179310344828	0.172413793103	0.193103448276	0.225287356322	0.250574712644	0.167816091954	0.181609195402	0.183908045977	0.0827586206897	0.0344827586207	0.174712643678	0.193103448276	0.0252873563218	0.172413793103	0.179310344828	0.195402298851	0.181609195402	0.204597701149	0.177011494253	0.16091954023	0.183908045977	0.174712643678	0.202298850575	0.140229885057	0.137931034483	0.142528735632	0.0229885057471	0.197701149425	0.188505747126	0.216091954023	0.0229885057471	0.172413793103	0.188505747126	0.16091954023	0.15632183908	0.177011494253	0.23908045977	0.167816091954	0.174712643678	0.183908045977	0.147126436782	0.149425287356	0.149425287356	0.149425287356	0.149425287356
CCIS02124300ST-4-0.snv.bam	0.206896551724	0.23908045977	0.186206896552	0.234482758621	0.216091954023	0.211494252874	0.222988505747	0.245977011494	0.245977011494	0.245977011494	0.0	0.241379310345	0.197701149425	0.0528735632184	0.211494252874	0.064367816092	0.211494252874	0.190804597701	0.236781609195	0.216091954023	0.195402298851	0.209195402299	0.245977011494	0.0873563218391	0.206896551724	0.229885057471	0.245977011494	0.0988505747126	0.234482758621	0.236781609195	0.135632183908	0.24367816092	0.225287356322	0.234482758621	0.170114942529	0.211494252874	0.216091954023	0.213793103448	0.0988505747126	0.048275862069	0.220689655172	0.222988505747	0.222988505747	0.225287356322	0.241379310345	0.220689655172	0.211494252874	0.24367816092	0.213793103448	0.245977011494	0.213793103448	0.248275862069	0.0873563218391	0.202298850575	0.227586206897	0.250574712644	0.222988505747	0.222988505747	0.211494252874	0.211494252874	0.213793103448	0.23908045977	0.236781609195	0.216091954023	0.0735632183908	0.23908045977	0.218390804598	0.149425287356	0.209195402299	0.216091954023	0.220689655172	0.0436781609195	0.225287356322	0.216091954023	0.204597701149	0.211494252874	0.211494252874	0.211494252874	0.211494252874	0.211494252874
CCIS11015875ST-4-0.snv.bam	0.16091954023	0.0137931034483	0.149425287356	0.188505747126	0.147126436782	0.137931034483	0.0252873563218	0.0367816091954	0.0344827586207	0.0367816091954	0.241379310345	0.0	0.15632183908	0.206896551724	0.16091954023	0.174712643678	0.016091954023	0.135632183908	0.0183908045977	0.149425287356	0.135632183908	0.167816091954	0.00689655172414	0.229885057471	0.172413793103	0.0206896551724	0.00459770114943	0.225287356322	0.0114942528736	0.202298850575	0.147126436782	0.0206896551724	0.0114942528736	0.197701149425	0.126436781609	0.15632183908	0.165517241379	0.179310344828	0.220689655172	0.245977011494	0.154022988506	0.181609195402	0.179310344828	0.0827586206897	0.0344827586207	0.151724137931	0.170114942529	0.016091954023	0.163218390805	0.15632183908	0.167816091954	0.154022988506	0.206896551724	0.163218390805	0.151724137931	0.15632183908	0.158620689655	0.188505747126	0.131034482759	0.128735632184	0.133333333333	0.0137931034483	0.179310344828	0.170114942529	0.211494252874	0.0137931034483	0.154022988506	0.190804597701	0.140229885057	0.151724137931	0.172413793103	0.229885057471	0.154022988506	0.165517241379	0.165517241379	0.137931034483	0.140229885057	0.140229885057	0.140229885057	0.140229885057
CCIS11354283ST-4-0.snv.bam	0.131034482759	0.154022988506	0.00459770114943	0.195402298851	0.154022988506	0.124137931034	0.133333333333	0.179310344828	0.177011494253	0.179310344828	0.197701149425	0.15632183908	0.0	0.170114942529	0.00689655172414	0.149425287356	0.137931034483	0.151724137931	0.158620689655	0.147126436782	0.128735632184	0.154022988506	0.15632183908	0.190804597701	0.158620689655	0.149425287356	0.15632183908	0.179310344828	0.149425287356	0.16091954023	0.133333333333	0.15632183908	0.137931034483	0.15632183908	0.105747126437	0.137931034483	0.181609195402	0.140229885057	0.181609195402	0.2	0.151724137931	0.188505747126	0.183908045977	0.147126436782	0.16091954023	0.144827586207	0.00919540229885	0.158620689655	0.183908045977	0.151724137931	0.00689655172414	0.149425287356	0.167816091954	0.0183908045977	0.163218390805	0.151724137931	0.144827586207	0.154022988506	0.135632183908	0.133333333333	0.135632183908	0.154022988506	0.15632183908	0.16091954023	0.181609195402	0.154022988506	0.131034482759	0.140229885057	0.135632183908	0.165517241379	0.183908045977	0.193103448276	0.142528735632	0.183908045977	0.151724137931	0.133333333333	0.135632183908	0.135632183908	0.133333333333	0.135632183908
CCIS14449628ST-4-0.snv.bam	0.179310344828	0.209195402299	0.165517241379	0.209195402299	0.183908045977	0.181609195402	0.193103448276	0.213793103448	0.213793103448	0.213793103448	0.0528735632184	0.206896551724	0.170114942529	0.0	0.186206896552	0.0528735632184	0.183908045977	0.163218390805	0.209195402299	0.186206896552	0.170114942529	0.177011494253	0.211494252874	0.0666666666667	0.163218390805	0.2	0.211494252874	0.101149425287	0.204597701149	0.204597701149	0.112643678161	0.213793103448	0.197701149425	0.2	0.142528735632	0.186206896552	0.188505747126	0.183908045977	0.0873563218391	0.0551724137931	0.190804597701	0.197701149425	0.197701149425	0.190804597701	0.211494252874	0.190804597701	0.193103448276	0.213793103448	0.186206896552	0.225287356322	0.190804597701	0.225287356322	0.0758620689655	0.177011494253	0.188505747126	0.225287356322	0.190804597701	0.193103448276	0.179310344828	0.179310344828	0.181609195402	0.209195402299	0.209195402299	0.186206896552	0.0597701149425	0.209195402299	0.195402298851	0.137931034483	0.181609195402	0.179310344828	0.195402298851	0.0229885057471	0.195402298851	0.188505747126	0.172413793103	0.179310344828	0.179310344828	0.179310344828	0.179310344828	0.179310344828
CCIS21278152ST-4-0.snv.bam	0.154022988506	0.158620689655	0.0	0.209195402299	0.158620689655	0.137931034483	0.137931034483	0.183908045977	0.181609195402	0.183908045977	0.211494252874	0.16091954023	0.00689655172414	0.186206896552	0.0	0.158620689655	0.144827586207	0.16091954023	0.163218390805	0.163218390805	0.135632183908	0.165517241379	0.16091954023	0.202298850575	0.16091954023	0.154022988506	0.16091954023	0.202298850575	0.151724137931	0.170114942529	0.133333333333	0.16091954023	0.144827586207	0.165517241379	0.114942528736	0.147126436782	0.193103448276	0.147126436782	0.188505747126	0.213793103448	0.167816091954	0.202298850575	0.197701149425	0.158620689655	0.165517241379	0.149425287356	0.00229885057471	0.163218390805	0.193103448276	0.172413793103	0.00689655172414	0.170114942529	0.183908045977	0.0114942528736	0.167816091954	0.172413793103	0.154022988506	0.16091954023	0.147126436782	0.144827586207	0.147126436782	0.158620689655	0.170114942529	0.174712643678	0.193103448276	0.158620689655	0.144827586207	0.140229885057	0.144827586207	0.174712643678	0.197701149425	0.206896551724	0.158620689655	0.195402298851	0.163218390805	0.128735632184	0.131034482759	0.131034482759	0.128735632184	0.131034482759
CCIS28384594ST-4-0.snv.bam	0.16091954023	0.177011494253	0.142528735632	0.181609195402	0.163218390805	0.15632183908	0.16091954023	0.186206896552	0.186206896552	0.186206896552	0.064367816092	0.174712643678	0.149425287356	0.0528735632184	0.158620689655	0.0	0.16091954023	0.158620689655	0.179310344828	0.170114942529	0.140229885057	0.142528735632	0.179310344828	0.0528735632184	0.158620689655	0.172413793103	0.179310344828	0.0689655172414	0.172413793103	0.177011494253	0.0988505747126	0.181609195402	0.167816091954	0.172413793103	0.114942528736	0.163218390805	0.158620689655	0.151724137931	0.0436781609195	0.0689655172414	0.174712643678	0.174712643678	0.170114942529	0.165517241379	0.183908045977	0.167816091954	0.163218390805	0.181609195402	0.15632183908	0.197701149425	0.16091954023	0.197701149425	0.0390804597701	0.151724137931	0.170114942529	0.197701149425	0.165517241379	0.165517241379	0.158620689655	0.158620689655	0.16091954023	0.177011494253	0.183908045977	0.15632183908	0.0436781609195	0.177011494253	0.170114942529	0.11724137931	0.16091954023	0.147126436782	0.167816091954	0.0551724137931	0.179310344828	0.158620689655	0.140229885057	0.154022988506	0.154022988506	0.154022988506	0.154022988506	0.154022988506
CCIS62605362ST-3-0.snv.bam	0.147126436782	0.00689655172414	0.133333333333	0.172413793103	0.12183908046	0.124137931034	0.0229885057471	0.0252873563218	0.0229885057471	0.0252873563218	0.211494252874	0.016091954023	0.137931034483	0.183908045977	0.144827586207	0.16091954023	0.0	0.12183908046	0.0252873563218	0.133333333333	0.11724137931	0.137931034483	0.0137931034483	0.206896551724	0.154022988506	0.00919540229885	0.0114942528736	0.202298850575	0.00459770114943	0.167816091954	0.128735632184	0.0137931034483	0.00459770114943	0.16091954023	0.11724137931	0.135632183908	0.149425287356	0.154022988506	0.202298850575	0.213793103448	0.137931034483	0.165517241379	0.163218390805	0.0597701149425	0.0229885057471	0.131034482759	0.154022988506	0.00459770114943	0.147126436782	0.147126436782	0.15632183908	0.144827586207	0.186206896552	0.144827586207	0.126436781609	0.147126436782	0.140229885057	0.163218390805	0.103448275862	0.101149425287	0.105747126437	0.00459770114943	0.154022988506	0.144827586207	0.193103448276	0.00459770114943	0.142528735632	0.163218390805	0.119540229885	0.135632183908	0.15632183908	0.197701149425	0.137931034483	0.149425287356	0.137931034483	0.114942528736	0.11724137931	0.11724137931	0.11724137931	0.11724137931
CCIS64773582ST-4-0.snv.bam	0.137931034483	0.142528735632	0.142528735632	0.179310344828	0.12183908046	0.135632183908	0.131034482759	0.154022988506	0.151724137931	0.154022988506	0.190804597701	0.135632183908	0.151724137931	0.163218390805	0.16091954023	0.158620689655	0.12183908046	0.0	0.128735632184	0.135632183908	0.12183908046	0.16091954023	0.140229885057	0.188505747126	0.133333333333	0.133333333333	0.140229885057	0.195402298851	0.137931034483	0.167816091954	0.112643678161	0.147126436782	0.131034482759	0.165517241379	0.112643678161	0.140229885057	0.142528735632	0.15632183908	0.193103448276	0.195402298851	0.140229885057	0.167816091954	0.167816091954	0.158620689655	0.144827586207	0.140229885057	0.165517241379	0.147126436782	0.144827586207	0.140229885057	0.16091954023	0.142528735632	0.170114942529	0.149425287356	0.128735632184	0.144827586207	0.137931034483	0.167816091954	0.131034482759	0.131034482759	0.128735632184	0.142528735632	0.149425287356	0.142528735632	0.163218390805	0.142528735632	0.11724137931	0.142528735632	0.128735632184	0.154022988506	0.16091954023	0.183908045977	0.144827586207	0.144827586207	0.16091954023	0.137931034483	0.137931034483	0.137931034483	0.133333333333	0.137931034483
CCIS78318719ST-4-0.snv.bam	0.154022988506	0.0275862068966	0.144827586207	0.177011494253	0.135632183908	0.140229885057	0.0390804597701	0.0367816091954	0.032183908046	0.0367816091954	0.236781609195	0.0183908045977	0.158620689655	0.209195402299	0.163218390805	0.179310344828	0.0252873563218	0.128735632184	0.0	0.149425287356	0.133333333333	0.167816091954	0.0206896551724	0.222988505747	0.167816091954	0.0252873563218	0.0183908045977	0.220689655172	0.0252873563218	0.195402298851	0.128735632184	0.0344827586207	0.0252873563218	0.190804597701	0.128735632184	0.158620689655	0.16091954023	0.172413793103	0.218390804598	0.241379310345	0.154022988506	0.170114942529	0.165517241379	0.0850574712644	0.0390804597701	0.158620689655	0.172413793103	0.0298850574713	0.158620689655	0.154022988506	0.174712643678	0.15632183908	0.202298850575	0.15632183908	0.142528735632	0.158620689655	0.158620689655	0.181609195402	0.124137931034	0.119540229885	0.126436781609	0.0275862068966	0.183908045977	0.170114942529	0.204597701149	0.0275862068966	0.133333333333	0.181609195402	0.147126436782	0.151724137931	0.16091954023	0.225287356322	0.154022988506	0.16091954023	0.165517241379	0.128735632184	0.133333333333	0.133333333333	0.131034482759	0.133333333333
CCIS81710917ST-20-0.snv.bam	0.144827586207	0.147126436782	0.137931034483	0.183908045977	0.124137931034	0.11724137931	0.142528735632	0.163218390805	0.16091954023	0.163218390805	0.216091954023	0.149425287356	0.147126436782	0.186206896552	0.163218390805	0.170114942529	0.133333333333	0.135632183908	0.149425287356	0.0	0.00459770114943	0.154022988506	0.154022988506	0.204597701149	0.0942528735632	0.126436781609	0.154022988506	0.209195402299	0.144827586207	0.137931034483	0.133333333333	0.151724137931	0.135632183908	0.135632183908	0.0965517241379	0.135632183908	0.16091954023	0.131034482759	0.209195402299	0.216091954023	0.00229885057471	0.177011494253	0.177011494253	0.11724137931	0.144827586207	0.128735632184	0.167816091954	0.151724137931	0.158620689655	0.158620689655	0.163218390805	0.15632183908	0.188505747126	0.147126436782	0.133333333333	0.158620689655	0.137931034483	0.137931034483	0.137931034483	0.135632183908	0.135632183908	0.149425287356	0.151724137931	0.144827586207	0.190804597701	0.147126436782	0.151724137931	0.16091954023	0.12183908046	0.144827586207	0.151724137931	0.204597701149	0.00689655172414	0.165517241379	0.15632183908	0.133333333333	0.137931034483	0.137931034483	0.133333333333	0.137931034483
CCIS81887263ST-4-0.snv.bam	0.128735632184	0.128735632184	0.12183908046	0.165517241379	0.110344827586	0.105747126437	0.126436781609	0.144827586207	0.142528735632	0.144827586207	0.195402298851	0.135632183908	0.128735632184	0.170114942529	0.135632183908	0.140229885057	0.11724137931	0.12183908046	0.133333333333	0.00459770114943	0.0	0.140229885057	0.135632183908	0.181609195402	0.0827586206897	0.112643678161	0.135632183908	0.183908045977	0.128735632184	0.128735632184	0.112643678161	0.133333333333	0.12183908046	0.126436781609	0.0873563218391	0.124137931034	0.140229885057	0.119540229885	0.177011494253	0.193103448276	0.00689655172414	0.158620689655	0.15632183908	0.101149425287	0.131034482759	0.11724137931	0.144827586207	0.133333333333	0.137931034483	0.137931034483	0.144827586207	0.135632183908	0.165517241379	0.128735632184	0.12183908046	0.137931034483	0.124137931034	0.128735632184	0.119540229885	0.11724137931	0.11724137931	0.131034482759	0.140229885057	0.133333333333	0.167816091954	0.128735632184	0.126436781609	0.137931034483	0.112643678161	0.131034482759	0.131034482759	0.183908045977	0.0114942528736	0.144827586207	0.142528735632	0.112643678161	0.11724137931	0.11724137931	0.112643678161	0.11724137931
CCIS87167916ST-4-0.snv.bam	0.165517241379	0.170114942529	0.154022988506	0.197701149425	0.151724137931	0.15632183908	0.154022988506	0.186206896552	0.181609195402	0.186206896552	0.209195402299	0.167816091954	0.154022988506	0.177011494253	0.165517241379	0.142528735632	0.137931034483	0.16091954023	0.167816091954	0.154022988506	0.140229885057	0.0	0.172413793103	0.188505747126	0.174712643678	0.158620689655	0.172413793103	0.197701149425	0.167816091954	0.174712643678	0.119540229885	0.174712643678	0.158620689655	0.170114942529	0.112643678161	0.142528735632	0.165517241379	0.163218390805	0.193103448276	0.2	0.15632183908	0.190804597701	0.193103448276	0.149425287356	0.165517241379	0.15632183908	0.177011494253	0.174712643678	0.167816091954	0.179310344828	0.174712643678	0.177011494253	0.167816091954	0.163218390805	0.16091954023	0.179310344828	0.154022988506	0.177011494253	0.151724137931	0.149425287356	0.149425287356	0.170114942529	0.177011494253	0.0758620689655	0.170114942529	0.167816091954	0.181609195402	0.163218390805	0.15632183908	0.119540229885	0.179310344828	0.197701149425	0.163218390805	0.170114942529	0.00459770114943	0.149425287356	0.151724137931	0.151724137931	0.147126436782	0.151724137931
CCIS91228662ST-4-0.snv.bam	0.165517241379	0.0114942528736	0.149425287356	0.193103448276	0.147126436782	0.142528735632	0.0275862068966	0.0344827586207	0.032183908046	0.0344827586207	0.245977011494	0.00689655172414	0.15632183908	0.211494252874	0.16091954023	0.179310344828	0.0137931034483	0.140229885057	0.0206896551724	0.154022988506	0.135632183908	0.172413793103	0.0	0.234482758621	0.172413793103	0.0183908045977	0.00229885057471	0.227586206897	0.0114942528736	0.206896551724	0.147126436782	0.0183908045977	0.0137931034483	0.2	0.133333333333	0.15632183908	0.170114942529	0.183908045977	0.225287356322	0.250574712644	0.158620689655	0.186206896552	0.183908045977	0.0781609195402	0.032183908046	0.151724137931	0.170114942529	0.0137931034483	0.167816091954	0.16091954023	0.172413793103	0.158620689655	0.211494252874	0.163218390805	0.151724137931	0.16091954023	0.163218390805	0.193103448276	0.131034482759	0.128735632184	0.133333333333	0.0114942528736	0.179310344828	0.174712643678	0.216091954023	0.0114942528736	0.154022988506	0.190804597701	0.140229885057	0.154022988506	0.177011494253	0.234482758621	0.158620689655	0.170114942529	0.170114942529	0.137931034483	0.140229885057	0.140229885057	0.140229885057	0.140229885057
CCMD13071240ST-21-0.snv.bam	0.188505747126	0.232183908046	0.181609195402	0.227586206897	0.220689655172	0.204597701149	0.216091954023	0.23908045977	0.23908045977	0.23908045977	0.0873563218391	0.229885057471	0.190804597701	0.0666666666667	0.202298850575	0.0528735632184	0.206896551724	0.188505747126	0.222988505747	0.204597701149	0.181609195402	0.188505747126	0.234482758621	0.0	0.2	0.225287356322	0.234482758621	0.0873563218391	0.227586206897	0.236781609195	0.133333333333	0.236781609195	0.218390804598	0.234482758621	0.170114942529	0.218390804598	0.204597701149	0.213793103448	0.0965517241379	0.064367816092	0.209195402299	0.216091954023	0.216091954023	0.222988505747	0.234482758621	0.225287356322	0.209195402299	0.236781609195	0.202298850575	0.24367816092	0.206896551724	0.245977011494	0.0758620689655	0.193103448276	0.229885057471	0.248275862069	0.206896551724	0.227586206897	0.206896551724	0.206896551724	0.209195402299	0.232183908046	0.234482758621	0.195402298851	0.0436781609195	0.232183908046	0.213793103448	0.151724137931	0.206896551724	0.211494252874	0.209195402299	0.0735632183908	0.213793103448	0.204597701149	0.188505747126	0.204597701149	0.204597701149	0.204597701149	0.204597701149	0.204597701149
CCMD13934959ST-21-0.snv.bam	0.119540229885	0.165517241379	0.142528735632	0.179310344828	0.142528735632	0.11724137931	0.151724137931	0.172413793103	0.172413793103	0.172413793103	0.206896551724	0.172413793103	0.158620689655	0.163218390805	0.16091954023	0.158620689655	0.154022988506	0.133333333333	0.167816091954	0.0942528735632	0.0827586206897	0.174712643678	0.172413793103	0.2	0.0	0.149425287356	0.172413793103	0.186206896552	0.163218390805	0.165517241379	0.12183908046	0.165517241379	0.158620689655	0.163218390805	0.12183908046	0.149425287356	0.165517241379	0.158620689655	0.186206896552	0.202298850575	0.0965517241379	0.170114942529	0.172413793103	0.144827586207	0.167816091954	0.147126436782	0.16091954023	0.170114942529	0.170114942529	0.15632183908	0.16091954023	0.158620689655	0.174712643678	0.149425287356	0.147126436782	0.16091954023	0.133333333333	0.172413793103	0.16091954023	0.158620689655	0.158620689655	0.167816091954	0.15632183908	0.179310344828	0.177011494253	0.167816091954	0.144827586207	0.154022988506	0.137931034483	0.151724137931	0.167816091954	0.190804597701	0.101149425287	0.170114942529	0.167816091954	0.15632183908	0.158620689655	0.158620689655	0.154022988506	0.158620689655
CCMD18872694ST-21-0.snv.bam	0.147126436782	0.00689655172414	0.140229885057	0.170114942529	0.119540229885	0.124137931034	0.0229885057471	0.0206896551724	0.0183908045977	0.0206896551724	0.229885057471	0.0206896551724	0.149425287356	0.2	0.154022988506	0.172413793103	0.00919540229885	0.133333333333	0.0252873563218	0.126436781609	0.112643678161	0.158620689655	0.0183908045977	0.225287356322	0.149425287356	0.0	0.016091954023	0.216091954023	0.00689655172414	0.177011494253	0.140229885057	0.0137931034483	0.00919540229885	0.170114942529	0.119540229885	0.144827586207	0.147126436782	0.158620689655	0.209195402299	0.234482758621	0.131034482759	0.16091954023	0.16091954023	0.0574712643678	0.0137931034483	0.140229885057	0.163218390805	0.00919540229885	0.144827586207	0.149425287356	0.165517241379	0.147126436782	0.193103448276	0.142528735632	0.12183908046	0.149425287356	0.142528735632	0.165517241379	0.108045977011	0.105747126437	0.110344827586	0.00689655172414	0.163218390805	0.15632183908	0.204597701149	0.00689655172414	0.142528735632	0.179310344828	0.124137931034	0.137931034483	0.151724137931	0.222988505747	0.131034482759	0.147126436782	0.15632183908	0.114942528736	0.11724137931	0.11724137931	0.11724137931	0.11724137931
CCMD19497912ST-21-0.snv.bam	0.165517241379	0.00919540229885	0.149425287356	0.193103448276	0.147126436782	0.142528735632	0.0252873563218	0.032183908046	0.0298850574713	0.032183908046	0.245977011494	0.00459770114943	0.15632183908	0.211494252874	0.16091954023	0.179310344828	0.0114942528736	0.140229885057	0.0183908045977	0.154022988506	0.135632183908	0.172413793103	0.00229885057471	0.234482758621	0.172413793103	0.016091954023	0.0	0.227586206897	0.00919540229885	0.206896551724	0.147126436782	0.016091954023	0.0114942528736	0.2	0.131034482759	0.15632183908	0.170114942529	0.183908045977	0.225287356322	0.250574712644	0.158620689655	0.186206896552	0.183908045977	0.0781609195402	0.0298850574713	0.151724137931	0.170114942529	0.0114942528736	0.167816091954	0.16091954023	0.172413793103	0.158620689655	0.211494252874	0.163218390805	0.151724137931	0.16091954023	0.163218390805	0.193103448276	0.131034482759	0.128735632184	0.133333333333	0.00919540229885	0.179310344828	0.174712643678	0.216091954023	0.00919540229885	0.154022988506	0.190804597701	0.140229885057	0.151724137931	0.177011494253	0.234482758621	0.158620689655	0.170114942529	0.170114942529	0.137931034483	0.140229885057	0.140229885057	0.140229885057	0.140229885057
CCMD25963797ST-21-0.snv.bam	0.179310344828	0.225287356322	0.183908045977	0.232183908046	0.211494252874	0.202298850575	0.209195402299	0.232183908046	0.232183908046	0.232183908046	0.0988505747126	0.225287356322	0.179310344828	0.101149425287	0.202298850575	0.0689655172414	0.202298850575	0.195402298851	0.220689655172	0.209195402299	0.183908045977	0.197701149425	0.227586206897	0.0873563218391	0.186206896552	0.216091954023	0.227586206897	0.0	0.220689655172	0.234482758621	0.131034482759	0.229885057471	0.220689655172	0.232183908046	0.174712643678	0.2	0.209195402299	0.211494252874	0.0758620689655	0.105747126437	0.213793103448	0.218390804598	0.216091954023	0.216091954023	0.222988505747	0.206896551724	0.206896551724	0.229885057471	0.206896551724	0.218390804598	0.209195402299	0.222988505747	0.0689655172414	0.190804597701	0.220689655172	0.225287356322	0.190804597701	0.222988505747	0.2	0.2	0.202298850575	0.225287356322	0.222988505747	0.213793103448	0.0827586206897	0.225287356322	0.216091954023	0.147126436782	0.193103448276	0.2	0.213793103448	0.103448275862	0.216091954023	0.211494252874	0.195402298851	0.2	0.2	0.2	0.2	0.2
CCMD60079086ST-21-0.snv.bam	0.154022988506	0.0	0.140229885057	0.179310344828	0.135632183908	0.135632183908	0.0137931034483	0.0229885057471	0.0206896551724	0.0229885057471	0.234482758621	0.0114942528736	0.149425287356	0.204597701149	0.151724137931	0.172413793103	0.00459770114943	0.137931034483	0.0252873563218	0.144827586207	0.128735632184	0.167816091954	0.0114942528736	0.227586206897	0.163218390805	0.00689655172414	0.00919540229885	0.220689655172	0.0	0.195402298851	0.144827586207	0.00689655172414	0.0	0.190804597701	0.12183908046	0.149425287356	0.15632183908	0.174712643678	0.213793103448	0.23908045977	0.149425287356	0.172413793103	0.170114942529	0.0666666666667	0.0206896551724	0.144827586207	0.16091954023	0.0	0.154022988506	0.163218390805	0.165517241379	0.16091954023	0.2	0.15632183908	0.140229885057	0.163218390805	0.15632183908	0.183908045977	0.119540229885	0.11724137931	0.12183908046	0.0	0.167816091954	0.170114942529	0.209195402299	0.0	0.15632183908	0.183908045977	0.131034482759	0.147126436782	0.163218390805	0.227586206897	0.149425287356	0.15632183908	0.165517241379	0.126436781609	0.128735632184	0.128735632184	0.128735632184	0.128735632184
CCMD64776337ST-21-0.snv.bam	0.151724137931	0.2	0.140229885057	0.193103448276	0.147126436782	0.147126436782	0.179310344828	0.216091954023	0.211494252874	0.216091954023	0.236781609195	0.202298850575	0.16091954023	0.204597701149	0.170114942529	0.177011494253	0.167816091954	0.167816091954	0.195402298851	0.137931034483	0.128735632184	0.174712643678	0.206896551724	0.236781609195	0.165517241379	0.177011494253	0.206896551724	0.234482758621	0.195402298851	0.0	0.158620689655	0.197701149425	0.181609195402	0.0	0.0137931034483	0.137931034483	0.167816091954	0.0206896551724	0.227586206897	0.24367816092	0.140229885057	0.186206896552	0.183908045977	0.165517241379	0.197701149425	0.135632183908	0.174712643678	0.204597701149	0.167816091954	0.16091954023	0.172413793103	0.158620689655	0.193103448276	0.154022988506	0.151724137931	0.16091954023	0.149425287356	0.0367816091954	0.167816091954	0.165517241379	0.165517241379	0.2	0.151724137931	0.172413793103	0.220689655172	0.197701149425	0.163218390805	0.165517241379	0.144827586207	0.163218390805	0.179310344828	0.234482758621	0.140229885057	0.172413793103	0.172413793103	0.165517241379	0.167816091954	0.167816091954	0.163218390805	0.167816091954
CCMD86114146ST-21-0.snv.bam	0.114942528736	0.149425287356	0.11724137931	0.151724137931	0.126436781609	0.108045977011	0.128735632184	0.15632183908	0.154022988506	0.15632183908	0.135632183908	0.147126436782	0.133333333333	0.112643678161	0.133333333333	0.0988505747126	0.128735632184	0.112643678161	0.128735632184	0.133333333333	0.112643678161	0.119540229885	0.147126436782	0.133333333333	0.12183908046	0.140229885057	0.147126436782	0.131034482759	0.144827586207	0.158620689655	0.0	0.149425287356	0.142528735632	0.154022988506	0.119540229885	0.126436781609	0.149425287356	0.142528735632	0.126436781609	0.142528735632	0.135632183908	0.140229885057	0.144827586207	0.144827586207	0.149425287356	0.128735632184	0.137931034483	0.154022988506	0.149425287356	0.135632183908	0.137931034483	0.140229885057	0.112643678161	0.126436781609	0.133333333333	0.142528735632	0.131034482759	0.151724137931	0.131034482759	0.126436781609	0.133333333333	0.149425287356	0.135632183908	0.12183908046	0.114942528736	0.149425287356	0.0988505747126	0.101149425287	0.126436781609	0.124137931034	0.137931034483	0.12183908046	0.135632183908	0.151724137931	0.114942528736	0.126436781609	0.131034482759	0.131034482759	0.128735632184	0.131034482759
