	159288231-stool1.snv.bam	159753524-stool1.snv.bam	160218816-stool1.snv.bam	160502038-stool3.snv.bam	160704339-stool1.snv.bam	763721271-stool1.snv.bam	763860675-stool1.snv.bam	764143897-stool1.snv.bam	764447348-stool2.snv.bam	765216093-stool3.snv.bam	765276783-stool2.snv.bam	765620695-stool1.snv.bam	863126187-stool3.snv.bam	CCIS16383318ST-4-0.snv.bam	CCIS24254057ST-4-0.snv.bam	CCIS53043478ST-4-0.snv.bam	CCIS63468405ST-4-0.snv.bam	CCIS77252613ST-4-0.snv.bam	CCIS87252800ST-4-0.snv.bam	CCMD42428553ST-21-0.snv.bam	M3.5-V1.metaT.snv.bam	MH0272.snv.bam	MH0305.snv.bam	MH0419.snv.bam	MH0452.snv.bam	MH0456.snv.bam	MMRS14602194ST-27-0-0.snv.bam	MMRS16644320ST-27-0-0.snv.bam	MMRS25641480ST-27-0-0.snv.bam	MMRS38861560ST-27-0-0.snv.bam	MMRS55294627ST-27-0-0.snv.bam	MMRS73787048ST-27-0-0.snv.bam	MMRS84085284ST-27-0-0.snv.bam	MMRS92544445ST-27-0-0.snv.bam	O2.UC32-1.snv.bam	T2D-22A.snv.bam	T2D-25A.snv.bam	T2D-47A.snv.bam	V1.CD1-3-PN.snv.bam	V1.CD6-4.snv.bam	V1.FI20.snv.bam	V1.FI32.snv.bam	V1.UC5-3.snv.bam	alien-11-7-0.snv.bam	alien-12-7-0.snv.bam	alien-13-7-0.snv.bam
159288231-stool1.snv.bam	0.0	0.0544758780804	0.0317820377624	0.0391407188647	0.145525856403	0.0561535443461	0.168609515801	0.0600833451298	0.154566835982	0.0425507723198	0.0784042367548	0.040217126142	0.0282682630954	0.115047454348	0.171721823551	0.11078309141	0.0854971136882	0.100018769966	0.103012798238	0.103079508901	0.152690573472	0.106307241288	0.124012235764	0.129025019102	0.0869186535023	0.0859616643704	0.10730141819	0.0197307042839	0.0333852222045	0.0933269973321	0.0788683576958	0.0248861395269	0.107802142889	0.0316806885675	0.111509492543	0.179982533144	0.170361922597	0.172006436555	0.127024140245	0.140853814532	0.0838853803831	0.18178288379	0.192893282901	0.0786530848379	0.0740435562236	0.0726306103218
159753524-stool1.snv.bam	0.0544758780804	0.0	0.0614396758009	0.0514680812137	0.163619695928	0.0684430808205	0.166997620226	0.0690760974792	0.156483802585	0.0761508863883	0.0874065581246	0.0774723314847	0.03729916291	0.110012101877	0.168624204472	0.10273695345	0.0945150912692	0.0881522737006	0.0910633642815	0.10185261066	0.161267758038	0.0988863966932	0.110149061381	0.127224687177	0.0923469979897	0.0901358108697	0.105853677382	0.0568546598732	0.0458739962156	0.0895307267041	0.0879587801567	0.0480319147569	0.106310299804	0.0372490334252	0.10614828252	0.17995877733	0.166648703387	0.162759315715	0.13098869345	0.139179664741	0.0823338651711	0.182035051377	0.194611321979	0.0876168259609	0.0833865059696	0.0820400113309
160218816-stool1.snv.bam	0.0317820377624	0.0614396758009	0.0	0.0496342594022	0.134825925138	0.0699292192608	0.161711938208	0.0636184980348	0.152268206454	0.0391272955778	0.0820686351618	0.0365747849359	0.0386581067259	0.104196742208	0.162342074074	0.100324959042	0.0891466168943	0.100205327394	0.103011985772	0.0919260669809	0.14924195498	0.0954038265613	0.110867585969	0.118068424282	0.0894488175666	0.0796664983133	0.0934435868061	0.0336792918226	0.0438198728325	0.0871279396423	0.082611690805	0.0284734617791	0.0970361110058	0.0421186935506	0.0969780103982	0.167573254973	0.149971937493	0.154217145398	0.12979677109	0.122706563082	0.0800410054994	0.16375605256	0.178914202501	0.0823196622999	0.077808225474	0.0765308454149
160502038-stool3.snv.bam	0.0391407188647	0.0514680812137	0.0496342594022	0.0	0.144809219625	0.0491930159645	0.164576999639	0.0601222868296	0.159574332601	0.0606607149231	0.0721339931716	0.0591824849453	0.0180563735083	0.11186644009	0.169132804139	0.106840300751	0.0791185982633	0.0937822294304	0.0966793719027	0.106217328884	0.160387727898	0.112832013783	0.117457303376	0.12451519969	0.0772029576916	0.0811188383637	0.104643962144	0.0444634397068	0.0162128856744	0.0938545963917	0.0725089815776	0.0358046522578	0.10667686653	0.021443197297	0.108416245279	0.181169496872	0.171861527468	0.169776436829	0.128035869369	0.145233096564	0.084622806397	0.177705641827	0.194339142262	0.0723850203098	0.0673717666685	0.0659758982979
160704339-stool1.snv.bam	0.145525856403	0.163619695928	0.134825925138	0.144809219625	0.0	0.133666279929	0.158444592536	0.123534799177	0.149374049094	0.151475857836	0.119456382318	0.150145864116	0.140543701022	0.156362552218	0.159513310116	0.137850383677	0.116186519696	0.13512775341	0.13750157673	0.141005581426	0.141420381073	0.142506579843	0.161328150025	0.167064853848	0.132551597382	0.129956492893	0.13361292547	0.141436538417	0.13872037155	0.138671577984	0.11833620232	0.143252033354	0.143944640014	0.144241365709	0.141943679975	0.0682622567302	0.161989894251	0.168905423825	0.15631724388	0.0703327469826	0.141576487185	0.0912236259028	0.0623476642983	0.119713718935	0.120529611227	0.12068251501
763721271-stool1.snv.bam	0.0561535443461	0.0684430808205	0.0699292192608	0.0491930159645	0.133666279929	0.0	0.152293950363	0.0601905408782	0.146727264049	0.0811026690144	0.0784391097575	0.0826634977898	0.0457454885225	0.104527540299	0.158646999303	0.100547927125	0.0785755256005	0.0929440795859	0.0959750115178	0.0931652213115	0.152717018067	0.104423476569	0.113538855491	0.120202140977	0.0801177299327	0.0820482779821	0.103724439946	0.058130779362	0.0439180031871	0.0864806221488	0.077203785366	0.0565251634242	0.0989970363185	0.0491883091692	0.10038077643	0.169375549413	0.162603024703	0.157557620436	0.120015978503	0.133845862997	0.0873652259524	0.170632192926	0.182493460151	0.0786879578406	0.0758815505471	0.0745265556688
763860675-stool1.snv.bam	0.168609515801	0.166997620226	0.161711938208	0.164576999639	0.158444592536	0.152293950363	0.0	0.13685998879	0.127184277365	0.172156654295	0.154011247042	0.172982701821	0.156096152566	0.152423113599	0.136540863454	0.14662344621	0.152435848991	0.159054258399	0.161721702633	0.15657983205	0.157236509109	0.148504547083	0.161803944114	0.16863682008	0.152343279483	0.148819235794	0.154818961143	0.153395111008	0.154139588341	0.1319747942	0.153254099096	0.166648898451	0.144912915048	0.159988093974	0.153890375037	0.139573036829	0.162805224129	0.153845941198	0.183200529937	0.153078412163	0.157709347339	0.148988559254	0.153350754861	0.154223003047	0.149391652415	0.150224389977
764143897-stool1.snv.bam	0.0600833451298	0.0690760974792	0.0636184980348	0.0601222868296	0.123534799177	0.0601905408782	0.13685998879	0.0	0.119401964681	0.0710255536528	0.0720557923564	0.0720484913846	0.0460901364615	0.101964481304	0.15621372522	0.080758348512	0.0721817640214	0.0867572796083	0.0898595592701	0.0939465984214	0.141329604942	0.0939285988429	0.110983906676	0.120934915426	0.0736511300127	0.0781272648803	0.0831022783128	0.051771844245	0.0547242873286	0.0896274729905	0.0709758419826	0.056980443833	0.101462822619	0.0495516163912	0.0992433333617	0.15632839193	0.156515996352	0.156546428025	0.120544731513	0.129370972177	0.0846949257994	0.159343581368	0.168043537406	0.0723059433091	0.067429895568	0.0660367765177
764447348-stool2.snv.bam	0.154566835982	0.156483802585	0.152268206454	0.159574332601	0.149374049094	0.146727264049	0.127184277365	0.119401964681	0.0	0.158624131774	0.138795850024	0.161309046413	0.154522897721	0.135718721383	0.121048402015	0.1074509583	0.139066935668	0.135575722386	0.135290115992	0.135456227252	0.139854368563	0.140287181698	0.154107112397	0.150584071782	0.141755047472	0.135717518433	0.135886527959	0.146881533982	0.152575669944	0.128757161176	0.137881943166	0.151825528761	0.134179590251	0.152738810668	0.140673127127	0.132587408183	0.155751451391	0.150647813655	0.148173688595	0.13061637615	0.131041354395	0.138402709305	0.1453574174	0.139012377181	0.137926324687	0.133065859311
765216093-stool3.snv.bam	0.0425507723198	0.0761508863883	0.0391272955778	0.0606607149231	0.151475857836	0.0811026690144	0.172156654295	0.0710255536528	0.158624131774	0.0	0.0895717242477	0.00156165043191	0.0495046124653	0.0948792435635	0.186389244002	0.113362451202	0.0967464114833	0.111503311503	0.114443105056	0.104062651007	0.170551349713	0.101813319233	0.118025937749	0.135437721211	0.0981686970927	0.0921827908755	0.10837018837	0.0446232233843	0.0511637516016	0.097439010337	0.0901677117363	0.0357285823717	0.112520219994	0.0529842282474	0.116393833075	0.183537948833	0.172074884546	0.168160366789	0.137528684523	0.145727587739	0.0952498739199	0.185547227741	0.196496814191	0.0897097634191	0.0855977961432	0.0842658989233
765276783-stool2.snv.bam	0.0784042367548	0.0874065581246	0.0820686351618	0.0721339931716	0.119456382318	0.0784391097575	0.154011247042	0.0720557923564	0.138795850024	0.0895717242477	0.0	0.0895648674734	0.064447359674	0.116583850932	0.158622391763	0.0891423844944	0.00695652173913	0.0301461359154	0.0315999278499	0.107346998068	0.134633130359	0.1137424487	0.124090619393	0.134306466008	0.0505050280448	0.0424867795596	0.0839285714286	0.0805847953216	0.0660920965608	0.0965672787671	0.000170078789989	0.0614306884009	0.113035113035	0.067922705314	0.105826630656	0.155380285593	0.126517099842	0.162346934104	0.132611566721	0.130089228609	0.0646566379563	0.17442416788	0.166831693173	0.00024884808314	0.000120120120121	5.83328472262e-05
765620695-stool1.snv.bam	0.040217126142	0.0774723314847	0.0365747849359	0.0591824849453	0.150145864116	0.0826634977898	0.172982701821	0.0720484913846	0.161309046413	0.00156165043191	0.0895648674734	0.0	0.0475679770516	0.0990305561057	0.187508466189	0.112046494137	0.0969722748808	0.110416437041	0.113675497584	0.10168902757	0.175130859032	0.101435026901	0.119985278016	0.136414323566	0.10044689952	0.0895040203808	0.107249914107	0.0423814515024	0.0493223630642	0.0973039212583	0.0901952732177	0.0329140886428	0.111986870877	0.0512441261432	0.117488900059	0.18201143137	0.17444998822	0.166102148372	0.140453427477	0.142902387182	0.0957850343798	0.1820862292	0.194453112027	0.0898303054287	0.0867784708217	0.0839405928436
863126187-stool3.snv.bam	0.0282682630954	0.03729916291	0.0386581067259	0.0180563735083	0.140543701022	0.0457454885225	0.156096152566	0.0460901364615	0.154522897721	0.0495046124653	0.064447359674	0.0475679770516	0.0	0.108041843695	0.162400124364	0.0999326724422	0.0715159637778	0.0860115423936	0.0891028430795	0.102557720537	0.154740705906	0.108321882169	0.118978149006	0.122137213543	0.0698134988299	0.0752371905147	0.100217284236	0.0336637646297	0.0124839006793	0.0876805167808	0.0648624426246	0.0213635766185	0.104431372598	0.00726475604833	0.104206112524	0.172866845722	0.166689333813	0.161319892134	0.119849171267	0.140958160643	0.077020664297	0.170916186443	0.18603749283	0.0646962077572	0.059441072278	0.0580266181654
CCIS16383318ST-4-0.snv.bam	0.115047454348	0.110012101877	0.104196742208	0.11186644009	0.156362552218	0.104527540299	0.152423113599	0.101964481304	0.135718721383	0.0948792435635	0.116583850932	0.0990305561057	0.108041843695	0.0	0.157135928069	0.0901547797241	0.116583850932	0.114032639865	0.116768755882	0.0852260582288	0.16716105603	0.0820642748237	0.0941258594379	0.111837150337	0.111376007196	0.100467484801	0.0930871454127	0.107151226044	0.102790890269	0.0798087411234	0.115613576698	0.105460767303	0.0850293699234	0.108172943974	0.0876039706124	0.165982190298	0.168819463413	0.160658776605	0.140453014446	0.130487333421	0.0946639720041	0.158295981556	0.182774987827	0.116581799396	0.11525954526	0.114339839489
CCIS24254057ST-4-0.snv.bam	0.171721823551	0.168624204472	0.162342074074	0.169132804139	0.159513310116	0.158646999303	0.136540863454	0.15621372522	0.121048402015	0.186389244002	0.158622391763	0.187508466189	0.162400124364	0.157135928069	0.0	0.141878933671	0.158915053003	0.15252111652	0.153283445872	0.158623928375	0.18674333421	0.157874146267	0.171938359221	0.162735918452	0.171411522867	0.155034934202	0.171028384682	0.16895230438	0.16236702037	0.142141498605	0.157835130238	0.169533237555	0.150230089548	0.164552609378	0.163499469383	0.143413150956	0.169489443008	0.144906790263	0.186233672821	0.133098739089	0.157059434806	0.143145566087	0.151666571356	0.158886363211	0.15529749437	0.152238878446
CCIS53043478ST-4-0.snv.bam	0.11078309141	0.10273695345	0.100324959042	0.106840300751	0.137850383677	0.100547927125	0.14662344621	0.080758348512	0.1074509583	0.113362451202	0.0891423844944	0.112046494137	0.0999326724422	0.0901547797241	0.141878933671	0.0	0.0929202188244	0.0903050571687	0.0925302601566	0.0930199736609	0.128942801642	0.0822046889957	0.107553406692	0.112354021953	0.0955669313393	0.08086034003	0.0794472092559	0.0996794793688	0.101702892262	0.0769863450959	0.0879354891253	0.10059431288	0.0884727692219	0.100054087251	0.0907266948714	0.156490338153	0.150044987515	0.130887594424	0.123451952233	0.126263897836	0.0830814160157	0.158752426301	0.169845758547	0.0893480248034	0.0897344837888	0.0874145745281
CCIS63468405ST-4-0.snv.bam	0.0854971136882	0.0945150912692	0.0891466168943	0.0791185982633	0.116186519696	0.0785755256005	0.152435848991	0.0721817640214	0.139066935668	0.0967464114833	0.00695652173913	0.0969722748808	0.0715159637778	0.116583850932	0.158915053003	0.0929202188244	0.0	0.0266963042795	0.0281766233766	0.107864951439	0.136948708176	0.117730642	0.127870140068	0.134541678733	0.0575493846153	0.0477075556275	0.087656529517	0.0877562975981	0.0731635610766	0.0963487484307	0.00717563059172	0.0685560053981	0.113234821715	0.0750096786682	0.106022243652	0.155656271891	0.126759006343	0.161179071346	0.136524615467	0.128552283783	0.0717256060223	0.171074487454	0.165372554282	0.00720580260155	0.00732732732733	0.00730481533427
CCIS77252613ST-4-0.snv.bam	0.100018769966	0.0881522737006	0.100205327394	0.0937822294304	0.13512775341	0.0929440795859	0.159054258399	0.0867572796083	0.135575722386	0.111503311503	0.0301461359154	0.110416437041	0.0860115423936	0.114032639865	0.15252111652	0.0903050571687	0.0266963042795	0.0	0.000778231092916	0.107346679122	0.137726905419	0.110956666673	0.123327266181	0.130106024003	0.0789647189349	0.0568060031841	0.0827222837115	0.102491619099	0.087667780937	0.0973770553266	0.0305297091751	0.0831637498304	0.108646238309	0.0895489993564	0.104785038721	0.147996555032	0.12988182704	0.152634799322	0.137422211267	0.120788956243	0.0669915149296	0.172163318707	0.164914292673	0.0303967241949	0.0312081939799	0.031467846645
CCIS87252800ST-4-0.snv.bam	0.103012798238	0.0910633642815	0.103011985772	0.0966793719027	0.13750157673	0.0959750115178	0.161721702633	0.0898595592701	0.135290115992	0.114443105056	0.0315999278499	0.113675497584	0.0891028430795	0.116768755882	0.153283445872	0.0925302601566	0.0281766233766	0.000778231092916	0.0	0.109732159203	0.139116956105	0.113818430471	0.126055664413	0.134658840906	0.0821049558947	0.0602271303484	0.0860742115028	0.105393483709	0.0907475799663	0.100389428839	0.0319909851563	0.0863020692092	0.113390595295	0.0926210678211	0.1098885466	0.15041850978	0.130680379311	0.155366236557	0.140306728702	0.123390037148	0.0719510102506	0.174793322535	0.167184068071	0.0318487759331	0.0329157209157	0.0329725434106
CCMD42428553ST-21-0.snv.bam	0.103079508901	0.10185261066	0.0919260669809	0.106217328884	0.141005581426	0.0931652213115	0.15657983205	0.0939465984214	0.135456227252	0.104062651007	0.107346998068	0.10168902757	0.102557720537	0.0852260582288	0.158623928375	0.0930199736609	0.107864951439	0.107346679122	0.109732159203	0.0	0.151852292127	0.0642487567882	0.098793670963	0.113967317459	0.106549829537	0.0932575347393	0.0929324593706	0.0879775665834	0.0995040573003	0.0770689090585	0.106313826742	0.0964370017003	0.0852726980687	0.106163757303	0.0816544861476	0.157814602361	0.157408802108	0.156488967114	0.128362750324	0.119221827008	0.086236782636	0.156904868601	0.171076013063	0.107595846151	0.106243611208	0.105239533969
M3.5-V1.metaT.snv.bam	0.152690573472	0.161267758038	0.14924195498	0.160387727898	0.141420381073	0.152717018067	0.157236509109	0.141329604942	0.139854368563	0.170551349713	0.134633130359	0.175130859032	0.154740705906	0.16716105603	0.18674333421	0.128942801642	0.136948708176	0.137726905419	0.139116956105	0.151852292127	0.0	0.154645718297	0.168297063439	0.178929904523	0.156790511033	0.144665536108	0.151875749329	0.143571676437	0.154877560829	0.143731027151	0.135142137046	0.159670951827	0.156778468857	0.157206918987	0.168877615576	0.123901886622	0.138621399227	0.16407379572	0.169197530141	0.122955375658	0.145623088845	0.15443737942	0.152265149759	0.134859359343	0.135956639137	0.136103751606
MH0272.snv.bam	0.106307241288	0.0988863966932	0.0954038265613	0.112832013783	0.142506579843	0.104423476569	0.148504547083	0.0939285988429	0.140287181698	0.101813319233	0.1137424487	0.101435026901	0.108321882169	0.0820642748237	0.157874146267	0.0822046889957	0.117730642	0.110956666673	0.113818430471	0.0642487567882	0.154645718297	0.0	0.0923013098357	0.11310216349	0.106821458475	0.0908520118249	0.0881499810869	0.0901534735106	0.102573046853	0.0808427916169	0.112781217833	0.105464188853	0.0870559668776	0.106514709085	0.0960022892997	0.159158700147	0.16120886566	0.151352770198	0.139114810254	0.118142089366	0.0835212279504	0.153665881714	0.169920246727	0.113951635953	0.112297549144	0.111197483964
MH0305.snv.bam	0.124012235764	0.110149061381	0.110867585969	0.117457303376	0.161328150025	0.113538855491	0.161803944114	0.110983906676	0.154107112397	0.118025937749	0.124090619393	0.119985278016	0.118978149006	0.0941258594379	0.171938359221	0.107553406692	0.127870140068	0.123327266181	0.126055664413	0.098793670963	0.168297063439	0.0923013098357	0.0	0.123492528283	0.120921935182	0.111367104462	0.110259091881	0.112620620081	0.116990052701	0.0895439961767	0.123153232071	0.118171938701	0.100557014791	0.118983228245	0.101303469165	0.17146549975	0.179582907516	0.169564175116	0.149425431243	0.133741602593	0.106363895398	0.170060273133	0.192494329774	0.124345213524	0.121303232568	0.121803422614
MH0419.snv.bam	0.129025019102	0.127224687177	0.118068424282	0.12451519969	0.167064853848	0.120202140977	0.16863682008	0.120934915426	0.150584071782	0.135437721211	0.134306466008	0.136414323566	0.122137213543	0.111837150337	0.162735918452	0.112354021953	0.134541678733	0.130106024003	0.134658840906	0.113967317459	0.178929904523	0.11310216349	0.123492528283	0.0	0.134757244197	0.119535392109	0.125426651026	0.123056871578	0.120361698654	0.10035628941	0.131695310855	0.123196829958	0.0472471965995	0.122300174373	0.0796469357799	0.178390400863	0.187495324919	0.178500161869	0.152920463574	0.145386354538	0.113575854579	0.165651409184	0.192996406245	0.134557054288	0.128182304149	0.132705931915
MH0452.snv.bam	0.0869186535023	0.0923469979897	0.0894488175666	0.0772029576916	0.132551597382	0.0801177299327	0.152343279483	0.0736511300127	0.141755047472	0.0981686970927	0.0505050280448	0.10044689952	0.0698134988299	0.111376007196	0.171411522867	0.0955669313393	0.0575493846153	0.0789647189349	0.0821049558947	0.106549829537	0.156790511033	0.106821458475	0.120921935182	0.134757244197	0.0	0.069288776218	0.0501656989987	0.0894638223524	0.0714064115045	0.0913029628	0.0492800371009	0.0703464434864	0.110830918212	0.0732981768859	0.107015136901	0.170047070256	0.172879123771	0.166518168167	0.127437772228	0.14455910652	0.0696060802524	0.17158373011	0.181385046856	0.050753876128	0.0468905035804	0.0453660758275
MH0456.snv.bam	0.0859616643704	0.0901358108697	0.0796664983133	0.0811188383637	0.129956492893	0.0820482779821	0.148819235794	0.0781272648803	0.135717518433	0.0921827908755	0.0424867795596	0.0895040203808	0.0752371905147	0.100467484801	0.155034934202	0.08086034003	0.0477075556275	0.0568060031841	0.0602271303484	0.0932575347393	0.144665536108	0.0908520118249	0.111367104462	0.119535392109	0.069288776218	0.0	0.0824071004126	0.0813664647544	0.0755666917113	0.0865554551784	0.0420641935097	0.0715535604772	0.0978726505738	0.0772556752545	0.0909722821834	0.156311077427	0.141541590845	0.154131104858	0.130832255581	0.127956962296	0.0682536139862	0.167444050413	0.169561888237	0.0427356276427	0.0402149580582	0.041334871248
MMRS14602194ST-27-0-0.snv.bam	0.10730141819	0.105853677382	0.0934435868061	0.104643962144	0.13361292547	0.103724439946	0.154818961143	0.0831022783128	0.135886527959	0.10837018837	0.0839285714286	0.107249914107	0.100217284236	0.0930871454127	0.171028384682	0.0794472092559	0.087656529517	0.0827222837115	0.0860742115028	0.0929324593706	0.151875749329	0.0881499810869	0.110259091881	0.125426651026	0.0501656989987	0.0824071004126	0.0	0.0955475330927	0.098337585034	0.0840375200119	0.0826116219854	0.0988813699765	0.0945388549744	0.103856092228	0.0862320034517	0.155861786227	0.161760903067	0.150354623585	0.127379582241	0.128270888	0.0739215528869	0.15516150125	0.165981380763	0.0841845294569	0.0815089672233	0.0801345587794
MMRS16644320ST-27-0-0.snv.bam	0.0197307042839	0.0568546598732	0.0336792918226	0.0444634397068	0.141436538417	0.058130779362	0.153395111008	0.051771844245	0.146881533982	0.0446232233843	0.0805847953216	0.0423814515024	0.0336637646297	0.107151226044	0.16895230438	0.0996794793688	0.0877562975981	0.102491619099	0.105393483709	0.0879775665834	0.143571676437	0.0901534735106	0.112620620081	0.123056871578	0.0894638223524	0.0813664647544	0.0955475330927	0.0	0.0385380116959	0.087639100507	0.0811183239265	0.037422282732	0.0962998973694	0.0371216559266	0.103155535726	0.170870236892	0.160695363731	0.161084485542	0.120198563889	0.133250356086	0.0829980528587	0.1762387574	0.185917579879	0.0808362628583	0.0761212121212	0.0747547288282
MMRS25641480ST-27-0-0.snv.bam	0.0333852222045	0.0458739962156	0.0438198728325	0.0162128856744	0.13872037155	0.0439180031871	0.154139588341	0.0547242873286	0.152575669944	0.0511637516016	0.0660920965608	0.0493223630642	0.0124839006793	0.102790890269	0.16236702037	0.101702892262	0.0731635610766	0.087667780937	0.0907475799663	0.0995040573003	0.154877560829	0.102573046853	0.116990052701	0.120361698654	0.0714064115045	0.0755666917113	0.098337585034	0.0385380116959	0.0	0.0885812060486	0.066518681168	0.0300279696952	0.102574879559	0.0158688750863	0.102263987887	0.174612245517	0.164680494972	0.163119536529	0.121749016573	0.13913432813	0.0751931789616	0.172719126889	0.187758481438	0.066340944644	0.0612655512656	0.0598576956303
MMRS38861560ST-27-0-0.snv.bam	0.0933269973321	0.0895307267041	0.0871279396423	0.0938545963917	0.138671577984	0.0864806221488	0.1319747942	0.0896274729905	0.128757161176	0.097439010337	0.0965672787671	0.0973039212583	0.0876805167808	0.0798087411234	0.142141498605	0.0769863450959	0.0963487484307	0.0973770553266	0.100389428839	0.0770689090585	0.143731027151	0.0808427916169	0.0895439961767	0.10035628941	0.0913029628	0.0865554551784	0.0840375200119	0.087639100507	0.0885812060486	0.0	0.0954587247883	0.0842291577947	0.070594546618	0.087559904275	0.0754371296665	0.153986294431	0.150055801379	0.145232660479	0.124758673897	0.106447165506	0.0907723775219	0.145742943724	0.165775923849	0.0968161268503	0.0922236595687	0.0932443065886
MMRS55294627ST-27-0-0.snv.bam	0.0788683576958	0.0879587801567	0.082611690805	0.0725089815776	0.11833620232	0.077203785366	0.153254099096	0.0709758419826	0.137881943166	0.0901677117363	0.000170078789989	0.0901952732177	0.0648624426246	0.115613576698	0.157835130238	0.0879354891253	0.00717563059172	0.0305297091751	0.0319909851563	0.106313826742	0.135142137046	0.112781217833	0.123153232071	0.131695310855	0.0492800371009	0.0420641935097	0.0826116219854	0.0811183239265	0.066518681168	0.0954587247883	0.0	0.0616108279191	0.110249639609	0.0683628608837	0.104826199543	0.152744992869	0.127677394972	0.156799635678	0.129971175218	0.129201120125	0.0635306093194	0.173828844412	0.166074724343	0.000420667069514	0.000297553057242	0.000235961989781
MMRS73787048ST-27-0-0.snv.bam	0.0248861395269	0.0480319147569	0.0284734617791	0.0358046522578	0.143252033354	0.0565251634242	0.166648898451	0.056980443833	0.151825528761	0.0357285823717	0.0614306884009	0.0329140886428	0.0213635766185	0.105460767303	0.169533237555	0.10059431288	0.0685560053981	0.0831637498304	0.0863020692092	0.0964370017003	0.159670951827	0.105464188853	0.118171938701	0.123196829958	0.0703464434864	0.0715535604772	0.0988813699765	0.037422282732	0.0300279696952	0.0842291577947	0.0616108279191	0.0	0.101722121295	0.0247938221622	0.105093029595	0.174399252109	0.166282186557	0.163404605944	0.128302051636	0.138606831864	0.0741140920135	0.176178408021	0.187526429294	0.0616817155391	0.0563822843823	0.054943761207
MMRS84085284ST-27-0-0.snv.bam	0.107802142889	0.106310299804	0.0970361110058	0.10667686653	0.143944640014	0.0989970363185	0.144912915048	0.101462822619	0.134179590251	0.112520219994	0.113035113035	0.111986870877	0.104431372598	0.0850293699234	0.150230089548	0.0884727692219	0.113234821715	0.108646238309	0.113390595295	0.0852726980687	0.156778468857	0.0870559668776	0.100557014791	0.0472471965995	0.110830918212	0.0978726505738	0.0945388549744	0.0962998973694	0.102574879559	0.070594546618	0.110249639609	0.101722121295	0.0	0.104499054146	0.0439942643649	0.159137567138	0.153817390269	0.155404004394	0.125733248315	0.117794278387	0.0941653273586	0.152853233839	0.17457713316	0.113287911088	0.1089369191	0.112152600285
MMRS92544445ST-27-0-0.snv.bam	0.0316806885675	0.0372490334252	0.0421186935506	0.021443197297	0.144241365709	0.0491883091692	0.159988093974	0.0495516163912	0.152738810668	0.0529842282474	0.067922705314	0.0512441261432	0.00726475604833	0.108172943974	0.164552609378	0.100054087251	0.0750096786682	0.0895489993564	0.0926210678211	0.106163757303	0.157206918987	0.106514709085	0.118983228245	0.122300174373	0.0732981768859	0.0772556752545	0.103856092228	0.0371216559266	0.0158688750863	0.087559904275	0.0683628608837	0.0247938221622	0.104499054146	0.0	0.107973362978	0.176674625946	0.16496957419	0.165225081351	0.12365145397	0.141123095382	0.0805178765537	0.174846149024	0.189814990051	0.0681719861764	0.063043043043	0.0616416159495
O2.UC32-1.snv.bam	0.111509492543	0.10614828252	0.0969780103982	0.108416245279	0.141943679975	0.10038077643	0.153890375037	0.0992433333617	0.140673127127	0.116393833075	0.105826630656	0.117488900059	0.104206112524	0.0876039706124	0.163499469383	0.0907266948714	0.106022243652	0.104785038721	0.1098885466	0.0816544861476	0.168877615576	0.0960022892997	0.101303469165	0.0796469357799	0.107015136901	0.0909722821834	0.0862320034517	0.103155535726	0.102263987887	0.0754371296665	0.104826199543	0.105093029595	0.0439942643649	0.107973362978	0.0	0.167137344656	0.165897085683	0.172490194038	0.138915766047	0.128858961945	0.085642876562	0.160404272655	0.181380429206	0.106091089136	0.100367307388	0.104798250251
T2D-22A.snv.bam	0.179982533144	0.17995877733	0.167573254973	0.181169496872	0.0682622567302	0.169375549413	0.139573036829	0.15632839193	0.132587408183	0.183537948833	0.155380285593	0.18201143137	0.172866845722	0.165982190298	0.143413150956	0.156490338153	0.155656271891	0.147996555032	0.15041850978	0.157814602361	0.123901886622	0.159158700147	0.17146549975	0.178390400863	0.170047070256	0.156311077427	0.155861786227	0.170870236892	0.174612245517	0.153986294431	0.152744992869	0.174399252109	0.159137567138	0.176674625946	0.167137344656	0.0	0.164571730858	0.145478737069	0.177482677976	0.0670105187488	0.160270527577	0.0904585266623	0.0412563883015	0.155634428316	0.157583451948	0.157765633773
T2D-25A.snv.bam	0.170361922597	0.166648703387	0.149971937493	0.171861527468	0.161989894251	0.162603024703	0.162805224129	0.156515996352	0.155751451391	0.172074884546	0.126517099842	0.17444998822	0.166689333813	0.168819463413	0.169489443008	0.150044987515	0.126759006343	0.12988182704	0.130680379311	0.157408802108	0.138621399227	0.16120886566	0.179582907516	0.187495324919	0.172879123771	0.141541590845	0.161760903067	0.160695363731	0.164680494972	0.150055801379	0.127677394972	0.166282186557	0.153817390269	0.16496957419	0.165897085683	0.164571730858	0.0	0.172982085592	0.186940568769	0.134278357396	0.156889810503	0.160809665789	0.164630078939	0.12667295226	0.128411840833	0.127380630459
T2D-47A.snv.bam	0.172006436555	0.162759315715	0.154217145398	0.169776436829	0.168905423825	0.157557620436	0.153845941198	0.156546428025	0.150647813655	0.168160366789	0.162346934104	0.166102148372	0.161319892134	0.160658776605	0.144906790263	0.130887594424	0.161179071346	0.152634799322	0.155366236557	0.156488967114	0.16407379572	0.151352770198	0.169564175116	0.178500161869	0.166518168167	0.154131104858	0.150354623585	0.161084485542	0.163119536529	0.145232660479	0.156799635678	0.163404605944	0.155404004394	0.165225081351	0.172490194038	0.145478737069	0.172982085592	0.0	0.168875147124	0.13568086654	0.156287946116	0.170271258698	0.174252580269	0.162402859877	0.161477388381	0.163749241313
V1.CD1-3-PN.snv.bam	0.127024140245	0.13098869345	0.12979677109	0.128035869369	0.15631724388	0.120015978503	0.183200529937	0.120544731513	0.148173688595	0.137528684523	0.132611566721	0.140453427477	0.119849171267	0.140453014446	0.186233672821	0.123451952233	0.136524615467	0.137422211267	0.140306728702	0.128362750324	0.169197530141	0.139114810254	0.149425431243	0.152920463574	0.127437772228	0.130832255581	0.127379582241	0.120198563889	0.121749016573	0.124758673897	0.129971175218	0.128302051636	0.125733248315	0.12365145397	0.138915766047	0.177482677976	0.186940568769	0.168875147124	0.0	0.157747421515	0.124179459792	0.171927361233	0.194243710409	0.132874087776	0.128021385481	0.126837052729
V1.CD6-4.snv.bam	0.140853814532	0.139179664741	0.122706563082	0.145233096564	0.0703327469826	0.133845862997	0.153078412163	0.129370972177	0.13061637615	0.145727587739	0.130089228609	0.142902387182	0.140958160643	0.130487333421	0.133098739089	0.126263897836	0.128552283783	0.120788956243	0.123390037148	0.119221827008	0.122955375658	0.118142089366	0.133741602593	0.145386354538	0.14455910652	0.127956962296	0.128270888	0.133250356086	0.13913432813	0.106447165506	0.129201120125	0.138606831864	0.117794278387	0.141123095382	0.128858961945	0.0670105187488	0.134278357396	0.13568086654	0.157747421515	0.0	0.131508824333	0.083198818074	0.0730712226299	0.130342026661	0.131551756937	0.131730001258
V1.FI20.snv.bam	0.0838853803831	0.0823338651711	0.0800410054994	0.084622806397	0.141576487185	0.0873652259524	0.157709347339	0.0846949257994	0.131041354395	0.0952498739199	0.0646566379563	0.0957850343798	0.077020664297	0.0946639720041	0.157059434806	0.0830814160157	0.0717256060223	0.0669915149296	0.0719510102506	0.086236782636	0.145623088845	0.0835212279504	0.106363895398	0.113575854579	0.0696060802524	0.0682536139862	0.0739215528869	0.0829980528587	0.0751931789616	0.0907723775219	0.0635306093194	0.0741140920135	0.0941653273586	0.0805178765537	0.085642876562	0.160270527577	0.156889810503	0.156287946116	0.124179459792	0.131508824333	0.0	0.156660123047	0.175610110114	0.0649054860394	0.0597757780111	0.0637874891995
V1.FI32.snv.bam	0.18178288379	0.182035051377	0.16375605256	0.177705641827	0.0912236259028	0.170632192926	0.148988559254	0.159343581368	0.138402709305	0.185547227741	0.17442416788	0.1820862292	0.170916186443	0.158295981556	0.143145566087	0.158752426301	0.171074487454	0.172163318707	0.174793322535	0.156904868601	0.15443737942	0.153665881714	0.170060273133	0.165651409184	0.17158373011	0.167444050413	0.15516150125	0.1762387574	0.172719126889	0.145742943724	0.173828844412	0.176178408021	0.152853233839	0.174846149024	0.160404272655	0.0904585266623	0.160809665789	0.170271258698	0.171927361233	0.083198818074	0.156660123047	0.0	0.0569647373819	0.174686688935	0.173655102849	0.17596441551
V1.UC5-3.snv.bam	0.192893282901	0.194611321979	0.178914202501	0.194339142262	0.0623476642983	0.182493460151	0.153350754861	0.168043537406	0.1453574174	0.196496814191	0.166831693173	0.194453112027	0.18603749283	0.182774987827	0.151666571356	0.169845758547	0.165372554282	0.164914292673	0.167184068071	0.171076013063	0.152265149759	0.169920246727	0.192494329774	0.192996406245	0.181385046856	0.169561888237	0.165981380763	0.185917579879	0.187758481438	0.165775923849	0.166074724343	0.187526429294	0.17457713316	0.189814990051	0.181380429206	0.0412563883015	0.164630078939	0.174252580269	0.194243710409	0.0730712226299	0.175610110114	0.0569647373819	0.0	0.167082281452	0.169560305798	0.170054620327
alien-11-7-0.snv.bam	0.0786530848379	0.0876168259609	0.0823196622999	0.0723850203098	0.119713718935	0.0786879578406	0.154223003047	0.0723059433091	0.139012377181	0.0897097634191	0.00024884808314	0.0898303054287	0.0646962077572	0.116581799396	0.158886363211	0.0893480248034	0.00720580260155	0.0303967241949	0.0318487759331	0.107595846151	0.134859359343	0.113951635953	0.124345213524	0.134557054288	0.050753876128	0.0427356276427	0.0841845294569	0.0808362628583	0.066340944644	0.0968161268503	0.000420667069514	0.0616817155391	0.113287911088	0.0681719861764	0.106091089136	0.155634428316	0.12667295226	0.162402859877	0.132874087776	0.130342026661	0.0649054860394	0.174686688935	0.167082281452	0.0	0.000378384076677	0.000317530850642
alien-12-7-0.snv.bam	0.0740435562236	0.0833865059696	0.077808225474	0.0673717666685	0.120529611227	0.0758815505471	0.149391652415	0.067429895568	0.137926324687	0.0855977961432	0.000120120120121	0.0867784708217	0.059441072278	0.11525954526	0.15529749437	0.0897344837888	0.00732732732733	0.0312081939799	0.0329157209157	0.106243611208	0.135956639137	0.112297549144	0.121303232568	0.128182304149	0.0468905035804	0.0402149580582	0.0815089672233	0.0761212121212	0.0612655512656	0.0922236595687	0.000297553057242	0.0563822843823	0.1089369191	0.063043043043	0.100367307388	0.157583451948	0.128411840833	0.161477388381	0.128021385481	0.131551756937	0.0597757780111	0.173655102849	0.169560305798	0.000378384076677	0.0	0.000183193946635
alien-13-7-0.snv.bam	0.0726306103218	0.0820400113309	0.0765308454149	0.0659758982979	0.12068251501	0.0745265556688	0.150224389977	0.0660367765177	0.133065859311	0.0842658989233	5.83328472262e-05	0.0839405928436	0.0580266181654	0.114339839489	0.152238878446	0.0874145745281	0.00730481533427	0.031467846645	0.0329725434106	0.105239533969	0.136103751606	0.111197483964	0.121803422614	0.132705931915	0.0453660758275	0.041334871248	0.0801345587794	0.0747547288282	0.0598576956303	0.0932443065886	0.000235961989781	0.054943761207	0.112152600285	0.0616416159495	0.104798250251	0.157765633773	0.127380630459	0.163749241313	0.126837052729	0.131730001258	0.0637874891995	0.17596441551	0.170054620327	0.000317530850642	0.000183193946635	0.0
