	CCIS83870198ST-4-0.snv.bam	DLM022.snv.bam	MH0193.snv.bam	MH0197.snv.bam	MH0203.snv.bam	MH0205.snv.bam	MH0206.snv.bam	MH0220.snv.bam	MH0222.snv.bam	MH0252.snv.bam	MH0262.snv.bam	MH0328.snv.bam	MH0329.snv.bam	MH0336.snv.bam	MH0338.snv.bam	MH0339.snv.bam	MH0349.snv.bam	MH0355.snv.bam	MH0356.snv.bam	MH0366.snv.bam	MH0371.snv.bam	MH0372.snv.bam	MH0376.snv.bam	MH0392.snv.bam	MH0399.snv.bam	MH0400.snv.bam	MH0412.snv.bam	MH0428.snv.bam	MH0436.snv.bam	MH0445.snv.bam	MH0448.snv.bam	MH0454.snv.bam	MMRS43563715ST-27-0-0.snv.bam	MMRS77487595ST-27-0-0.snv.bam	MMRS81135225ST-27-0-0.snv.bam	MMRS86168210ST-27-0-0.snv.bam	NG-5636_193.snv.bam	SAMEA3136642.snv.bam	SAMEA3136654.snv.bam	SAMEA3136675.snv.bam	SAMEA3136723.snv.bam	T2D-11A.snv.bam
CCIS83870198ST-4-0.snv.bam	0.0	0.15781861771	0.279791772942	0.220616783102	0.246968226191	0.242565135605	0.179865153024	0.231889904726	0.207502848801	0.175503390034	0.268959419899	0.226493946014	0.239791100893	0.231116902771	0.210959054013	0.137469869649	0.275290771674	0.228006495428	0.151964880492	0.233158633987	0.135580337267	0.293107582616	0.170000376499	0.265641795178	0.207856062051	0.139693286979	0.186021500156	0.168105020946	0.249137262238	0.211704618917	0.12055969791	0.161106289744	0.210877425898	0.191671265995	0.217900277433	0.204987926057	0.167330470267	0.239411074462	0.157672240022	0.138195887148	0.13959799526	0.158572383492
DLM022.snv.bam	0.15781861771	0.0	0.280299357891	0.218474938568	0.249013013428	0.234072120412	0.147452957035	0.220875730935	0.198316480302	0.143796290723	0.275564359799	0.182075153654	0.228372822081	0.222631423793	0.175742154937	0.163529899787	0.270444507557	0.194687748985	0.148759988076	0.226064194533	0.202296160385	0.278848589339	0.165113005502	0.278512888251	0.180446179592	0.139962851552	0.146199118014	0.132510701964	0.242936243141	0.196452037932	0.169096915473	0.136391301105	0.178751911208	0.182665364333	0.211079313164	0.202503047832	0.164416212183	0.261775433457	0.155608572264	0.145770126195	0.144924294181	0.141072932029
MH0193.snv.bam	0.279791772942	0.280299357891	0.0	0.203949459408	0.216353785744	0.226290895681	0.296133639131	0.228572348914	0.249950295632	0.242393458486	0.10650969085	0.278524672662	0.249084682287	0.17916088753	0.208168245516	0.274525301789	0.122226895511	0.266036727786	0.300326575698	0.22079231486	0.228812050713	0.117581955581	0.292767011965	0.125353587334	0.28628466959	0.276253446988	0.292502152083	0.278792613868	0.14482585611	0.238109450715	0.254008378655	0.283701848618	0.254949531756	0.305067308161	0.264112834802	0.249649194189	0.294762289379	0.133299145243	0.294150659746	0.287538436547	0.287687918499	0.286516988235
MH0197.snv.bam	0.220616783102	0.218474938568	0.203949459408	0.0	0.0508523007644	0.0417470965321	0.22080474128	0.0368269863849	0.120306301827	0.190908623459	0.198136086839	0.227890527728	0.153365195363	0.22762341955	0.19402320212	0.198015317099	0.204185849902	0.20402758606	0.210860571079	0.0427392646198	0.175700490449	0.203032392344	0.213407663528	0.205855270073	0.193272057112	0.215022442598	0.239905398889	0.213170251063	0.129440841705	0.0683532907362	0.128079689289	0.234029708388	0.211939782643	0.214377699794	0.174207639411	0.0877665700923	0.226837098181	0.194185344062	0.225416455656	0.204443884357	0.204737993438	0.216936665689
MH0203.snv.bam	0.246968226191	0.249013013428	0.216353785744	0.0508523007644	0.0	0.0482525492858	0.241950322959	0.0471928556272	0.118672391878	0.220629071193	0.209025969078	0.250952212926	0.169071792481	0.243757320031	0.224359946057	0.217824200795	0.215174451791	0.212187123254	0.240563646306	0.049385101609	0.185432127928	0.218388204231	0.24223508182	0.217754924644	0.163075402452	0.240818414389	0.263203520451	0.235192545611	0.141659251139	0.09592943868	0.156527910451	0.258761759642	0.235431730718	0.206899461503	0.172925209199	0.0811681048499	0.25672536163	0.199719938051	0.258237985242	0.231185533959	0.228196197349	0.231878570691
MH0205.snv.bam	0.242565135605	0.234072120412	0.226290895681	0.0417470965321	0.0482525492858	0.0	0.234237932909	0.00682859748076	0.121171000186	0.219737739044	0.220016808296	0.254425211924	0.177324134341	0.251055978702	0.212227119866	0.216861727225	0.223699194611	0.217079532071	0.229290651564	0.00600510801914	0.185447866115	0.221659205438	0.235723293314	0.227983110238	0.203686814128	0.240259999828	0.253999953991	0.232018566526	0.126530064222	0.0635628774775	0.141754312464	0.249040153899	0.222829125417	0.224997728675	0.180605779815	0.0917028353729	0.25047395443	0.214080046764	0.249415385678	0.215936060864	0.214252676138	0.228751300781
MH0206.snv.bam	0.179865153024	0.147452957035	0.296133639131	0.22080474128	0.241950322959	0.234237932909	0.0	0.220604513179	0.204543524848	0.142843148019	0.273947156173	0.1899786678	0.21964675069	0.235155195124	0.193206673888	0.160370166377	0.278645033064	0.22697578881	0.133870388311	0.224230184152	0.224578323593	0.280091706218	0.136574933531	0.280296654393	0.206983150823	0.152407917895	0.169529458335	0.139047015139	0.270170520456	0.198346899527	0.181374669219	0.148560020843	0.183973373694	0.187290425744	0.201555232906	0.202682306387	0.121645653742	0.25586295485	0.119268347757	0.16380764995	0.157359058005	0.161248880613
MH0220.snv.bam	0.231889904726	0.220875730935	0.228572348914	0.0368269863849	0.0471928556272	0.00682859748076	0.220604513179	0.0	0.11059342569	0.213158884258	0.216507725134	0.245208751501	0.166058981684	0.244842138386	0.206501003569	0.208256343403	0.227106938651	0.209775232562	0.214791287983	0.00874584901781	0.177751971453	0.223006749677	0.222884584411	0.226763321124	0.193643415859	0.228661491475	0.244207276145	0.218353046754	0.12713814601	0.05379851527	0.132094565866	0.23886446775	0.222880168619	0.214052198472	0.17234542225	0.0795897529402	0.235853254891	0.212837518919	0.23714778322	0.203482531792	0.202406755669	0.21305375128
MH0222.snv.bam	0.207502848801	0.198316480302	0.249950295632	0.120306301827	0.118672391878	0.121171000186	0.204543524848	0.11059342569	0.0	0.20711585273	0.252061360077	0.206539255958	0.158569480029	0.232004769921	0.199241382075	0.18083346585	0.231123830833	0.173191743967	0.198548965741	0.117004777573	0.158541953487	0.257946959648	0.205817060195	0.241065451105	0.162994124271	0.202622684605	0.233558871835	0.186602320745	0.17032167009	0.124701623052	0.158426475285	0.208262856458	0.236126637354	0.232553065147	0.0990927702402	0.0420180408739	0.21884472571	0.233672962893	0.219322129929	0.178779231536	0.17936129967	0.19672512016
MH0252.snv.bam	0.175503390034	0.143796290723	0.242393458486	0.190908623459	0.220629071193	0.219737739044	0.142843148019	0.213158884258	0.20711585273	0.0	0.249786276517	0.204654277456	0.201513056351	0.21182845935	0.161433462203	0.163021114926	0.242208894885	0.218112902885	0.154172264538	0.214222604509	0.187702378149	0.254779571764	0.166602528565	0.253121330791	0.205042176406	0.155905530515	0.166263778309	0.147876393137	0.212778885093	0.172212475054	0.147618687144	0.165442576011	0.170672493545	0.211914762185	0.204053432829	0.202325991054	0.152244287562	0.234380639212	0.149848833723	0.16510797552	0.162587982059	0.180509920125
MH0262.snv.bam	0.268959419899	0.275564359799	0.10650969085	0.198136086839	0.209025969078	0.220016808296	0.273947156173	0.216507725134	0.252061360077	0.249786276517	0.0	0.277807035592	0.234835774926	0.182223251924	0.207642412464	0.263891056236	0.138353955479	0.26239792368	0.299624938713	0.218830099656	0.223234831813	0.0838117980682	0.289827761185	0.07492824111	0.275096057014	0.286187014118	0.294049517176	0.29384708624	0.178804048598	0.237440010595	0.246151495904	0.288807670926	0.256490125432	0.301452233985	0.270835199428	0.245367482781	0.295230914903	0.0758137516847	0.294156679528	0.285404281507	0.285345010178	0.278689081908
MH0328.snv.bam	0.226493946014	0.182075153654	0.278524672662	0.227890527728	0.250952212926	0.254425211924	0.1899786678	0.245208751501	0.206539255958	0.204654277456	0.277807035592	0.0	0.248483738758	0.261387139074	0.188059147685	0.193595505227	0.280659551295	0.202585091248	0.220665499709	0.243711218315	0.227064431639	0.290053316194	0.197077915574	0.288300807041	0.187545432623	0.185661526161	0.169615022064	0.192116177446	0.262365567339	0.232577427897	0.218798016581	0.169206885132	0.191896042159	0.225437444492	0.201188631777	0.20378540136	0.225252031308	0.278510759279	0.231114659252	0.199788655481	0.199867163924	0.202089370845
MH0329.snv.bam	0.239791100893	0.228372822081	0.249084682287	0.153365195363	0.169071792481	0.177324134341	0.21964675069	0.166058981684	0.158569480029	0.201513056351	0.234835774926	0.248483738758	0.0	0.175789840061	0.210365465141	0.219982515713	0.226885307713	0.224318123387	0.222075960883	0.17302067071	0.205238464029	0.246287020139	0.214073726224	0.235596640745	0.226528577023	0.223889265922	0.233860325097	0.21401448479	0.201927309215	0.162545532202	0.180965737261	0.224281630693	0.244683410645	0.226367424019	0.208623450154	0.136606901297	0.226394405869	0.2286260891	0.222179953928	0.206214454446	0.20713320502	0.222042704725
MH0336.snv.bam	0.231116902771	0.222631423793	0.17916088753	0.22762341955	0.243757320031	0.251055978702	0.235155195124	0.244842138386	0.232004769921	0.21182845935	0.182223251924	0.261387139074	0.175789840061	0.0	0.18339157244	0.236332061554	0.184839186064	0.219545670225	0.239963348761	0.244514179439	0.226273843485	0.194978690629	0.251287759191	0.20419736	0.241407331516	0.258446351942	0.219234256277	0.229627648139	0.234670453192	0.226243038346	0.205819439946	0.231260863641	0.244817232566	0.269406766321	0.255607536473	0.223998285326	0.248524152847	0.199512192168	0.241684595478	0.23495450426	0.233491976443	0.231378892146
MH0338.snv.bam	0.210959054013	0.175742154937	0.208168245516	0.19402320212	0.224359946057	0.212227119866	0.193206673888	0.206501003569	0.199241382075	0.161433462203	0.207642412464	0.188059147685	0.210365465141	0.18339157244	0.0	0.186525599348	0.223595136893	0.21451379336	0.214652030208	0.205828983233	0.213887298809	0.21256154604	0.203991379459	0.216569386449	0.209016297233	0.205769263043	0.129885687561	0.196478727441	0.217517912409	0.184989989189	0.164470350062	0.14923947498	0.117043225626	0.239301255368	0.225925446815	0.203171179316	0.215280087418	0.199884784385	0.216829985009	0.190054653086	0.194146261778	0.199883946196
MH0339.snv.bam	0.137469869649	0.163529899787	0.274525301789	0.198015317099	0.217824200795	0.216861727225	0.160370166377	0.208256343403	0.18083346585	0.163021114926	0.263891056236	0.193595505227	0.219982515713	0.236332061554	0.186525599348	0.0	0.245544241189	0.204748493567	0.153115098032	0.205446121544	0.166367236427	0.261270319709	0.147023025098	0.273222613501	0.176812476254	0.108587365514	0.208249102719	0.166838154641	0.22538063719	0.191980131197	0.137574916075	0.192943854249	0.19361362531	0.20396132345	0.220668999802	0.191155055448	0.161885644589	0.251858414079	0.161700498979	0.150138914736	0.151369334564	0.175842788468
MH0349.snv.bam	0.275290771674	0.270444507557	0.122226895511	0.204185849902	0.215174451791	0.223699194611	0.278645033064	0.227106938651	0.231123830833	0.242208894885	0.138353955479	0.280659551295	0.226885307713	0.184839186064	0.223595136893	0.245544241189	0.0	0.242660150881	0.298029950652	0.226217120492	0.213270536805	0.120089928027	0.284430857318	0.135508128342	0.255380137394	0.279798522371	0.300514835435	0.283641493743	0.183025447052	0.234929902944	0.246907571281	0.287090788502	0.264133383145	0.291171021547	0.237733941383	0.225772451338	0.297147091802	0.129647302101	0.294857321511	0.273801898802	0.276728684626	0.28830607593
MH0355.snv.bam	0.228006495428	0.194687748985	0.266036727786	0.20402758606	0.212187123254	0.217079532071	0.22697578881	0.209775232562	0.173191743967	0.218112902885	0.26239792368	0.202585091248	0.224318123387	0.219545670225	0.21451379336	0.204748493567	0.242660150881	0.0	0.232776166486	0.212302855391	0.146761391469	0.251121989444	0.223042894794	0.257071652413	0.0553344104635	0.225282473279	0.222558892768	0.190660300499	0.249471644708	0.209352097321	0.210237876975	0.217821785885	0.236172617673	0.201633711365	0.194670278896	0.161656288251	0.24441298065	0.249376032754	0.246080677712	0.207644591441	0.20986555566	0.224396888907
MH0356.snv.bam	0.151964880492	0.148759988076	0.300326575698	0.210860571079	0.240563646306	0.229290651564	0.133870388311	0.214791287983	0.198548965741	0.154172264538	0.299624938713	0.220665499709	0.222075960883	0.239963348761	0.214652030208	0.153115098032	0.298029950652	0.232776166486	0.0	0.220560070329	0.213651767952	0.307691820413	0.0619356179598	0.296091617106	0.218184655338	0.147409406296	0.18892345967	0.154203521444	0.247810169687	0.186899884557	0.176558565221	0.172967369843	0.203320296719	0.192685535665	0.232394023949	0.202203159159	0.0230259864647	0.261989143438	0.0159665137446	0.12890747965	0.121584517956	0.152084932317
MH0366.snv.bam	0.233158633987	0.226064194533	0.22079231486	0.0427392646198	0.049385101609	0.00600510801914	0.224230184152	0.00874584901781	0.117004777573	0.214222604509	0.218830099656	0.243711218315	0.17302067071	0.244514179439	0.205828983233	0.205446121544	0.226217120492	0.212302855391	0.220560070329	0.0	0.18112886625	0.222592113923	0.228172291927	0.225820676545	0.198565412777	0.230844434985	0.247214658693	0.219493860251	0.132755268478	0.0589767890976	0.134642129643	0.242010599288	0.223483854673	0.223042009189	0.177758838618	0.0883669289929	0.239694558747	0.214248132555	0.240560571721	0.20714793919	0.207172032729	0.217642013718
MH0371.snv.bam	0.135580337267	0.202296160385	0.228812050713	0.175700490449	0.185432127928	0.185447866115	0.224578323593	0.177751971453	0.158541953487	0.187702378149	0.223234831813	0.227064431639	0.205238464029	0.226273843485	0.213887298809	0.166367236427	0.213270536805	0.146761391469	0.213651767952	0.18112886625	0.0	0.227719828696	0.217853096234	0.219734985392	0.148441419778	0.184143009393	0.236468271633	0.215244796754	0.194053284163	0.18053931679	0.154863950502	0.221017270948	0.247521435537	0.25434157681	0.18057109543	0.155138643398	0.228915594969	0.217072550739	0.224771403253	0.176243690826	0.178310869863	0.202142022802
MH0372.snv.bam	0.293107582616	0.278848589339	0.117581955581	0.203032392344	0.218388204231	0.221659205438	0.280091706218	0.223006749677	0.257946959648	0.254779571764	0.0838117980682	0.290053316194	0.246287020139	0.194978690629	0.21256154604	0.261270319709	0.120089928027	0.251121989444	0.307691820413	0.222592113923	0.227719828696	0.0	0.285864190991	0.124541152859	0.273308944835	0.28292388347	0.302171144688	0.304552298221	0.194803692506	0.237103500192	0.25593002413	0.294847613647	0.261721076625	0.320539615021	0.261165023297	0.256790733724	0.299487572685	0.116125398174	0.301600130225	0.287387047705	0.289326891626	0.294233384504
MH0376.snv.bam	0.170000376499	0.165113005502	0.292767011965	0.213407663528	0.24223508182	0.235723293314	0.136574933531	0.222884584411	0.205817060195	0.166602528565	0.289827761185	0.197077915574	0.214073726224	0.251287759191	0.203991379459	0.147023025098	0.284430857318	0.223042894794	0.0619356179598	0.228172291927	0.217853096234	0.285864190991	0.0	0.286521251479	0.208980685519	0.144476470988	0.198286754238	0.176936117085	0.259717584283	0.197768816523	0.185569597042	0.182748384101	0.18978849781	0.209021824151	0.244596552771	0.208603923228	0.0427730903607	0.251711180327	0.0451429911354	0.139009093176	0.138761395552	0.156779150312
MH0392.snv.bam	0.265641795178	0.278512888251	0.125353587334	0.205855270073	0.217754924644	0.227983110238	0.280296654393	0.226763321124	0.241065451105	0.253121330791	0.07492824111	0.288300807041	0.235596640745	0.20419736	0.216569386449	0.273222613501	0.135508128342	0.257071652413	0.296091617106	0.225820676545	0.219734985392	0.124541152859	0.286521251479	0.0	0.2664554871	0.292835714987	0.302413292873	0.299517574476	0.19779833162	0.238710795664	0.247730395309	0.294354371981	0.271447370406	0.315411392352	0.255452094668	0.243574661383	0.290883508541	0.0697089969253	0.287507944826	0.285602036493	0.284046380721	0.290141840638
MH0399.snv.bam	0.207856062051	0.180446179592	0.28628466959	0.193272057112	0.163075402452	0.203686814128	0.206983150823	0.193643415859	0.162994124271	0.205042176406	0.275096057014	0.187545432623	0.226528577023	0.241407331516	0.209016297233	0.176812476254	0.255380137394	0.0553344104635	0.218184655338	0.198565412777	0.148441419778	0.273308944835	0.208980685519	0.2664554871	0.0	0.190118909944	0.213050141374	0.177655798734	0.245286339415	0.194689924027	0.186692919318	0.208730466094	0.226874104364	0.153101411507	0.182554916275	0.152875373466	0.230251144256	0.251698531289	0.230949091987	0.192953852374	0.195633860181	0.197352968799
MH0400.snv.bam	0.139693286979	0.139962851552	0.276253446988	0.215022442598	0.240818414389	0.240259999828	0.152407917895	0.228661491475	0.202622684605	0.155905530515	0.286187014118	0.185661526161	0.223889265922	0.258446351942	0.205769263043	0.108587365514	0.279798522371	0.225282473279	0.147409406296	0.230844434985	0.184143009393	0.28292388347	0.144476470988	0.292835714987	0.190118909944	0.0	0.203654411737	0.155222965161	0.230426140075	0.205562043417	0.168188177647	0.170522143459	0.194851435198	0.164736742253	0.233500294498	0.210480634391	0.163503007743	0.271398098246	0.155164078007	0.133645389157	0.138735527544	0.153328802965
MH0412.snv.bam	0.186021500156	0.146199118014	0.292502152083	0.239905398889	0.263203520451	0.253999953991	0.169529458335	0.244207276145	0.233558871835	0.166263778309	0.294049517176	0.169615022064	0.233860325097	0.219234256277	0.129885687561	0.208249102719	0.300514835435	0.222558892768	0.18892345967	0.247214658693	0.236468271633	0.302171144688	0.198286754238	0.302413292873	0.213050141374	0.203654411737	0.0	0.17809104092	0.276561416231	0.227415769802	0.202414064341	0.074753143826	0.0867746843451	0.209155749622	0.230293975971	0.224614914544	0.200551888443	0.280435221474	0.194951751428	0.180443741733	0.176507869678	0.182375690132
MH0428.snv.bam	0.168105020946	0.132510701964	0.278792613868	0.213170251063	0.235192545611	0.232018566526	0.139047015139	0.218353046754	0.186602320745	0.147876393137	0.29384708624	0.192116177446	0.21401448479	0.229627648139	0.196478727441	0.166838154641	0.283641493743	0.190660300499	0.154203521444	0.219493860251	0.215244796754	0.304552298221	0.176936117085	0.299517574476	0.177655798734	0.155222965161	0.17809104092	0.0	0.250187357955	0.19345784445	0.152292019146	0.160784186098	0.197474569641	0.161758003965	0.194668358254	0.176309280268	0.168088802836	0.286870498152	0.16015472664	0.152048079765	0.156519159379	0.170237577991
MH0436.snv.bam	0.249137262238	0.242936243141	0.14482585611	0.129440841705	0.141659251139	0.126530064222	0.270170520456	0.12713814601	0.17032167009	0.212778885093	0.178804048598	0.262365567339	0.201927309215	0.234670453192	0.217517912409	0.22538063719	0.183025447052	0.249471644708	0.247810169687	0.132755268478	0.194053284163	0.194803692506	0.259717584283	0.19779833162	0.245286339415	0.230426140075	0.276561416231	0.250187357955	0.0	0.149961185537	0.185607198148	0.256833325094	0.227192407589	0.273961146736	0.24632947458	0.168528970636	0.26823753151	0.189518509645	0.268460694702	0.229321875744	0.227109472508	0.245195364695
MH0445.snv.bam	0.211704618917	0.196452037932	0.238109450715	0.0683532907362	0.09592943868	0.0635628774775	0.198346899527	0.05379851527	0.124701623052	0.172212475054	0.237440010595	0.232577427897	0.162545532202	0.226243038346	0.184989989189	0.191980131197	0.234929902944	0.209352097321	0.186899884557	0.0589767890976	0.18053931679	0.237103500192	0.197768816523	0.238710795664	0.194689924027	0.205562043417	0.227415769802	0.19345784445	0.149961185537	0.0	0.111671326628	0.217475186713	0.214578236085	0.215049234438	0.178208236053	0.104357176358	0.201899432554	0.224076628903	0.20337806069	0.184869629058	0.182855121702	0.198705728906
MH0448.snv.bam	0.12055969791	0.169096915473	0.254008378655	0.128079689289	0.156527910451	0.141754312464	0.181374669219	0.132094565866	0.158426475285	0.147618687144	0.246151495904	0.218798016581	0.180965737261	0.205819439946	0.164470350062	0.137574916075	0.246907571281	0.210237876975	0.176558565221	0.134642129643	0.154863950502	0.25593002413	0.185569597042	0.247730395309	0.186692919318	0.168188177647	0.202414064341	0.152292019146	0.185607198148	0.111671326628	0.0	0.200697457956	0.197066704691	0.194215698647	0.199535388213	0.143710426572	0.19256556654	0.229480556848	0.18944697206	0.160591718107	0.162828390541	0.172774221946
MH0454.snv.bam	0.161106289744	0.136391301105	0.283701848618	0.234029708388	0.258761759642	0.249040153899	0.148560020843	0.23886446775	0.208262856458	0.165442576011	0.288807670926	0.169206885132	0.224281630693	0.231260863641	0.14923947498	0.192943854249	0.287090788502	0.217821785885	0.172967369843	0.242010599288	0.221017270948	0.294847613647	0.182748384101	0.294354371981	0.208730466094	0.170522143459	0.074753143826	0.160784186098	0.256833325094	0.217475186713	0.200697457956	0.0	0.123927823496	0.204252098164	0.20424026063	0.209808352226	0.18515181255	0.270689075531	0.17967229452	0.147631117653	0.144436950233	0.160247891455
MMRS43563715ST-27-0-0.snv.bam	0.210877425898	0.178751911208	0.254949531756	0.211939782643	0.235431730718	0.222829125417	0.183973373694	0.222880168619	0.236126637354	0.170672493545	0.256490125432	0.191896042159	0.244683410645	0.244817232566	0.117043225626	0.19361362531	0.264133383145	0.236172617673	0.203320296719	0.223483854673	0.247521435537	0.261721076625	0.18978849781	0.271447370406	0.226874104364	0.194851435198	0.0867746843451	0.197474569641	0.227192407589	0.214578236085	0.197066704691	0.123927823496	0.0	0.214882303653	0.265534013605	0.242657450766	0.209311097214	0.241500829187	0.208965937404	0.18012334819	0.181713886672	0.203725816568
MMRS77487595ST-27-0-0.snv.bam	0.191671265995	0.182665364333	0.305067308161	0.214377699794	0.206899461503	0.224997728675	0.187290425744	0.214052198472	0.232553065147	0.211914762185	0.301452233985	0.225437444492	0.226367424019	0.269406766321	0.239301255368	0.20396132345	0.291171021547	0.201633711365	0.192685535665	0.223042009189	0.25434157681	0.320539615021	0.209021824151	0.315411392352	0.153101411507	0.164736742253	0.209155749622	0.161758003965	0.273961146736	0.215049234438	0.194215698647	0.204252098164	0.214882303653	0.0	0.219741681929	0.210031098932	0.212201013054	0.283855134399	0.201066355601	0.188114948999	0.189989021592	0.209350159018
MMRS81135225ST-27-0-0.snv.bam	0.217900277433	0.211079313164	0.264112834802	0.174207639411	0.172925209199	0.180605779815	0.201555232906	0.17234542225	0.0990927702402	0.204053432829	0.270835199428	0.201188631777	0.208623450154	0.255607536473	0.225925446815	0.220668999802	0.237733941383	0.194670278896	0.232394023949	0.177758838618	0.18057109543	0.261165023297	0.244596552771	0.255452094668	0.182554916275	0.233500294498	0.230293975971	0.194668358254	0.24632947458	0.178208236053	0.199535388213	0.20424026063	0.265534013605	0.219741681929	0.0	0.0923481937064	0.239656369211	0.242174556898	0.239069729015	0.20924502001	0.208125577101	0.232663398693
MMRS86168210ST-27-0-0.snv.bam	0.204987926057	0.202503047832	0.249649194189	0.0877665700923	0.0811681048499	0.0917028353729	0.202682306387	0.0795897529402	0.0420180408739	0.202325991054	0.245367482781	0.20378540136	0.136606901297	0.223998285326	0.203171179316	0.191155055448	0.225772451338	0.161656288251	0.202203159159	0.0883669289929	0.155138643398	0.256790733724	0.208603923228	0.243574661383	0.152875373466	0.210480634391	0.224614914544	0.176309280268	0.168528970636	0.104357176358	0.143710426572	0.209808352226	0.242657450766	0.210031098932	0.0923481937064	0.0	0.219573298762	0.229346525845	0.221164523301	0.191614184506	0.190521619507	0.190780453721
NG-5636_193.snv.bam	0.167330470267	0.164416212183	0.294762289379	0.226837098181	0.25672536163	0.25047395443	0.121645653742	0.235853254891	0.21884472571	0.152244287562	0.295230914903	0.225252031308	0.226394405869	0.248524152847	0.215280087418	0.161885644589	0.297147091802	0.24441298065	0.0230259864647	0.239694558747	0.228915594969	0.299487572685	0.0427730903607	0.290883508541	0.230251144256	0.163503007743	0.200551888443	0.168088802836	0.26823753151	0.201899432554	0.19256556654	0.18515181255	0.209311097214	0.212201013054	0.239656369211	0.219573298762	0.0	0.255919199614	0.00399362316151	0.148309089702	0.143876369857	0.164109261385
SAMEA3136642.snv.bam	0.239411074462	0.261775433457	0.133299145243	0.194185344062	0.199719938051	0.214080046764	0.25586295485	0.212837518919	0.233672962893	0.234380639212	0.0758137516847	0.278510759279	0.2286260891	0.199512192168	0.199884784385	0.251858414079	0.129647302101	0.249376032754	0.261989143438	0.214248132555	0.217072550739	0.116125398174	0.251711180327	0.0697089969253	0.251698531289	0.271398098246	0.280435221474	0.286870498152	0.189518509645	0.224076628903	0.229480556848	0.270689075531	0.241500829187	0.283855134399	0.242174556898	0.229346525845	0.255919199614	0.0	0.25222510991	0.264471762988	0.264055670577	0.267302573203
SAMEA3136654.snv.bam	0.157672240022	0.155608572264	0.294150659746	0.225416455656	0.258237985242	0.249415385678	0.119268347757	0.23714778322	0.219322129929	0.149848833723	0.294156679528	0.231114659252	0.222179953928	0.241684595478	0.216829985009	0.161700498979	0.294857321511	0.246080677712	0.0159665137446	0.240560571721	0.224771403253	0.301600130225	0.0451429911354	0.287507944826	0.230949091987	0.155164078007	0.194951751428	0.16015472664	0.268460694702	0.20337806069	0.18944697206	0.17967229452	0.208965937404	0.201066355601	0.239069729015	0.221164523301	0.00399362316151	0.25222510991	0.0	0.146869672625	0.140500430942	0.155560194163
SAMEA3136675.snv.bam	0.138195887148	0.145770126195	0.287538436547	0.204443884357	0.231185533959	0.215936060864	0.16380764995	0.203482531792	0.178779231536	0.16510797552	0.285404281507	0.199788655481	0.206214454446	0.23495450426	0.190054653086	0.150138914736	0.273801898802	0.207644591441	0.12890747965	0.20714793919	0.176243690826	0.287387047705	0.139009093176	0.285602036493	0.192953852374	0.133645389157	0.180443741733	0.152048079765	0.229321875744	0.184869629058	0.160591718107	0.147631117653	0.18012334819	0.188114948999	0.20924502001	0.191614184506	0.148309089702	0.264471762988	0.146869672625	0.0	0.00318530882794	0.145443594104
SAMEA3136723.snv.bam	0.13959799526	0.144924294181	0.287687918499	0.204737993438	0.228196197349	0.214252676138	0.157359058005	0.202406755669	0.17936129967	0.162587982059	0.285345010178	0.199867163924	0.20713320502	0.233491976443	0.194146261778	0.151369334564	0.276728684626	0.20986555566	0.121584517956	0.207172032729	0.178310869863	0.289326891626	0.138761395552	0.284046380721	0.195633860181	0.138735527544	0.176507869678	0.156519159379	0.227109472508	0.182855121702	0.162828390541	0.144436950233	0.181713886672	0.189989021592	0.208125577101	0.190521619507	0.143876369857	0.264055670577	0.140500430942	0.00318530882794	0.0	0.147902327106
T2D-11A.snv.bam	0.158572383492	0.141072932029	0.286516988235	0.216936665689	0.231878570691	0.228751300781	0.161248880613	0.21305375128	0.19672512016	0.180509920125	0.278689081908	0.202089370845	0.222042704725	0.231378892146	0.199883946196	0.175842788468	0.28830607593	0.224396888907	0.152084932317	0.217642013718	0.202142022802	0.294233384504	0.156779150312	0.290141840638	0.197352968799	0.153328802965	0.182375690132	0.170237577991	0.245195364695	0.198705728906	0.172774221946	0.160247891455	0.203725816568	0.209350159018	0.232663398693	0.190780453721	0.164109261385	0.267302573203	0.155560194163	0.145443594104	0.147902327106	0.0
