	161554003-stool2.snv.bam	764487809-stool1.snv.bam	764487809-stool2.snv.bam	BYQ_AAAA.snv.bam	BYQ_AAAI.snv.bam	BYQ_AAAL.snv.bam	BYQ_AAAU.snv.bam	CCIS02856720ST-4-0.snv.bam	CCIS29210128ST-4-0.snv.bam	CCIS34604008ST-4-0.snv.bam	CCIS36699628ST-4-0.snv.bam	CCIS50148151ST-4-0.snv.bam	CCIS52234160ST-4-0.snv.bam	CCIS62794166ST-4-0.snv.bam	CCIS87167916ST-4-0.snv.bam	CCIS95409808ST-4-0.snv.bam	CCMD63399960ST-21-0.snv.bam	DLM018.snv.bam	MH0238.snv.bam	MH0293.snv.bam	MH0337.snv.bam	MH0348.snv.bam	MH0360.snv.bam	MH0363.snv.bam	MH0378.snv.bam	MH0445.snv.bam	MH0447.snv.bam	N011A.snv.bam	N064A.snv.bam	NG-5636_422.snv.bam	O2.CD1-0.snv.bam	O2.UC1-1.snv.bam	O2.UC11-1.snv.bam	O2.UC15-1.snv.bam	O2.UC15-2.snv.bam	O2.UC18-1.snv.bam	O2.UC46-1.snv.bam	O2.UC50-0.snv.bam	O2.UC50-2.snv.bam	O2.UC53-0.snv.bam	O2.UC6-0.snv.bam	O2.UC6-1.snv.bam	O2.UC6-2.snv.bam	T2D-103A.snv.bam	T2D-123A.snv.bam	V1.CD1-0-PN.snv.bam	V1.CD1-3-PN.snv.bam	V1.CD19-0.snv.bam	V1.CD20-4.snv.bam	V1.CD22-0.snv.bam	V1.CD37-4.snv.bam	V1.CD42-0.snv.bam	V1.CD43-0.snv.bam	V1.CD51-0.snv.bam	V1.CD8-0-PN.snv.bam	V1.FI07.snv.bam	V1.FI10.snv.bam	V1.FI11.snv.bam	V1.FI12.snv.bam	V1.FI24.snv.bam	V1.FI30.snv.bam	V1.UC13-3.snv.bam	V1.UC26-4.snv.bam	V1.UC39-4.snv.bam	V1.UC48-0.snv.bam	V1.UC49-0.snv.bam	V1.UC51-4.snv.bam	V1.UC54-0.snv.bam	V1.UC54-4.snv.bam	V1.UC55-4.snv.bam	V1.UC58-0.snv.bam	V1.UC63-0.snv.bam
161554003-stool2.snv.bam	0.0	0.197628458498	0.197628458498	0.175889328063	0.160079051383	0.183794466403	0.183794466403	0.0533596837945	0.187747035573	0.179841897233	0.0454545454545	0.213438735178	0.177865612648	0.142292490119	0.100790513834	0.160079051383	0.187747035573	0.181818181818	0.189723320158	0.166007905138	0.199604743083	0.207509881423	0.156126482213	0.199604743083	0.156126482213	0.201581027668	0.148221343874	0.207509881423	0.154150197628	0.112648221344	0.203557312253	0.160079051383	0.217391304348	0.209486166008	0.211462450593	0.189723320158	0.187747035573	0.142292490119	0.140316205534	0.142292490119	0.154150197628	0.154150197628	0.154150197628	0.167984189723	0.148221343874	0.191699604743	0.189723320158	0.179841897233	0.197628458498	0.166007905138	0.199604743083	0.142292490119	0.181818181818	0.175889328063	0.167984189723	0.209486166008	0.205533596838	0.201581027668	0.203557312253	0.187747035573	0.209486166008	0.152173913043	0.118577075099	0.179841897233	0.179841897233	0.181818181818	0.169960474308	0.187747035573	0.187747035573	0.167984189723	0.175889328063	0.197628458498
764487809-stool1.snv.bam	0.197628458498	0.0	0.0	0.162055335968	0.142292490119	0.177865612648	0.177865612648	0.183794466403	0.167984189723	0.169960474308	0.154150197628	0.187747035573	0.166007905138	0.140316205534	0.0671936758893	0.148221343874	0.179841897233	0.195652173913	0.158102766798	0.146245059289	0.171936758893	0.173913043478	0.173913043478	0.189723320158	0.167984189723	0.169960474308	0.187747035573	0.175889328063	0.144268774704	0.181818181818	0.201581027668	0.146245059289	0.195652173913	0.187747035573	0.187747035573	0.177865612648	0.181818181818	0.146245059289	0.144268774704	0.146245059289	0.164031620553	0.164031620553	0.160079051383	0.150197628458	0.140316205534	0.177865612648	0.173913043478	0.173913043478	0.189723320158	0.152173913043	0.199604743083	0.171936758893	0.152173913043	0.177865612648	0.171936758893	0.187747035573	0.185770750988	0.199604743083	0.201581027668	0.185770750988	0.193675889328	0.152173913043	0.162055335968	0.181818181818	0.181818181818	0.183794466403	0.171936758893	0.181818181818	0.181818181818	0.156126482213	0.158102766798	0.183794466403
764487809-stool2.snv.bam	0.197628458498	0.0	0.0	0.162055335968	0.142292490119	0.177865612648	0.177865612648	0.183794466403	0.167984189723	0.169960474308	0.154150197628	0.187747035573	0.166007905138	0.140316205534	0.0671936758893	0.148221343874	0.179841897233	0.195652173913	0.158102766798	0.146245059289	0.171936758893	0.173913043478	0.173913043478	0.189723320158	0.167984189723	0.169960474308	0.187747035573	0.175889328063	0.144268774704	0.181818181818	0.201581027668	0.146245059289	0.195652173913	0.187747035573	0.187747035573	0.177865612648	0.181818181818	0.146245059289	0.144268774704	0.146245059289	0.164031620553	0.164031620553	0.160079051383	0.150197628458	0.140316205534	0.177865612648	0.173913043478	0.173913043478	0.189723320158	0.152173913043	0.199604743083	0.171936758893	0.152173913043	0.177865612648	0.171936758893	0.187747035573	0.185770750988	0.199604743083	0.201581027668	0.185770750988	0.193675889328	0.152173913043	0.162055335968	0.181818181818	0.181818181818	0.183794466403	0.171936758893	0.181818181818	0.181818181818	0.156126482213	0.158102766798	0.183794466403
BYQ_AAAA.snv.bam	0.175889328063	0.162055335968	0.162055335968	0.0	0.160079051383	0.0	0.0	0.181818181818	0.164031620553	0.142292490119	0.140316205534	0.191699604743	0.140316205534	0.122529644269	0.0948616600791	0.120553359684	0.156126482213	0.144268774704	0.175889328063	0.160079051383	0.150197628458	0.166007905138	0.126482213439	0.164031620553	0.164031620553	0.166007905138	0.173913043478	0.148221343874	0.126482213439	0.148221343874	0.171936758893	0.152173913043	0.193675889328	0.191699604743	0.193675889328	0.183794466403	0.164031620553	0.136363636364	0.130434782609	0.136363636364	0.138339920949	0.138339920949	0.134387351779	0.126482213439	0.136363636364	0.142292490119	0.138339920949	0.160079051383	0.203557312253	0.122529644269	0.171936758893	0.146245059289	0.162055335968	0.150197628458	0.175889328063	0.187747035573	0.187747035573	0.167984189723	0.171936758893	0.171936758893	0.191699604743	0.132411067194	0.160079051383	0.183794466403	0.183794466403	0.181818181818	0.146245059289	0.164031620553	0.164031620553	0.130434782609	0.152173913043	0.158102766798
BYQ_AAAI.snv.bam	0.160079051383	0.142292490119	0.142292490119	0.160079051383	0.0	0.167984189723	0.166007905138	0.181818181818	0.148221343874	0.154150197628	0.148221343874	0.179841897233	0.158102766798	0.126482213439	0.0691699604743	0.142292490119	0.169960474308	0.164031620553	0.146245059289	0.171936758893	0.185770750988	0.187747035573	0.158102766798	0.179841897233	0.154150197628	0.164031620553	0.156126482213	0.158102766798	0.114624505929	0.150197628458	0.173913043478	0.140316205534	0.189723320158	0.179841897233	0.181818181818	0.171936758893	0.177865612648	0.132411067194	0.128458498024	0.132411067194	0.134387351779	0.134387351779	0.130434782609	0.136363636364	0.140316205534	0.177865612648	0.173913043478	0.162055335968	0.183794466403	0.140316205534	0.171936758893	0.148221343874	0.156126482213	0.171936758893	0.181818181818	0.181818181818	0.175889328063	0.171936758893	0.173913043478	0.156126482213	0.181818181818	0.146245059289	0.136363636364	0.164031620553	0.164031620553	0.166007905138	0.166007905138	0.177865612648	0.177865612648	0.154150197628	0.173913043478	0.175889328063
BYQ_AAAL.snv.bam	0.183794466403	0.177865612648	0.177865612648	0.0	0.167984189723	0.0	0.0	0.189723320158	0.171936758893	0.150197628458	0.148221343874	0.207509881423	0.150197628458	0.132411067194	0.098814229249	0.130434782609	0.166007905138	0.154150197628	0.187747035573	0.166007905138	0.158102766798	0.175889328063	0.140316205534	0.173913043478	0.175889328063	0.173913043478	0.181818181818	0.160079051383	0.134387351779	0.156126482213	0.185770750988	0.167984189723	0.209486166008	0.207509881423	0.209486166008	0.191699604743	0.175889328063	0.146245059289	0.140316205534	0.146245059289	0.148221343874	0.148221343874	0.144268774704	0.138339920949	0.146245059289	0.154150197628	0.150197628458	0.171936758893	0.219367588933	0.134387351779	0.183794466403	0.156126482213	0.177865612648	0.162055335968	0.181818181818	0.203557312253	0.203557312253	0.179841897233	0.185770750988	0.181818181818	0.209486166008	0.142292490119	0.167984189723	0.191699604743	0.191699604743	0.189723320158	0.158102766798	0.175889328063	0.175889328063	0.140316205534	0.164031620553	0.160079051383
BYQ_AAAU.snv.bam	0.183794466403	0.177865612648	0.177865612648	0.0	0.166007905138	0.0	0.0	0.189723320158	0.169960474308	0.150197628458	0.148221343874	0.205533596838	0.148221343874	0.132411067194	0.096837944664	0.128458498024	0.166007905138	0.154150197628	0.187747035573	0.166007905138	0.156126482213	0.175889328063	0.138339920949	0.171936758893	0.175889328063	0.171936758893	0.181818181818	0.156126482213	0.134387351779	0.152173913043	0.185770750988	0.167984189723	0.207509881423	0.205533596838	0.207509881423	0.189723320158	0.175889328063	0.146245059289	0.140316205534	0.146245059289	0.146245059289	0.146245059289	0.142292490119	0.138339920949	0.146245059289	0.154150197628	0.150197628458	0.171936758893	0.217391304348	0.134387351779	0.183794466403	0.156126482213	0.177865612648	0.160079051383	0.181818181818	0.201581027668	0.201581027668	0.179841897233	0.185770750988	0.179841897233	0.209486166008	0.140316205534	0.167984189723	0.189723320158	0.189723320158	0.187747035573	0.156126482213	0.175889328063	0.175889328063	0.140316205534	0.164031620553	0.158102766798
CCIS02856720ST-4-0.snv.bam	0.0533596837945	0.183794466403	0.183794466403	0.181818181818	0.181818181818	0.189723320158	0.189723320158	0.0	0.177865612648	0.189723320158	0.0	0.219367588933	0.183794466403	0.152173913043	0.104743083004	0.175889328063	0.205533596838	0.179841897233	0.191699604743	0.164031620553	0.187747035573	0.209486166008	0.154150197628	0.189723320158	0.181818181818	0.205533596838	0.162055335968	0.203557312253	0.164031620553	0.118577075099	0.221343873518	0.169960474308	0.219367588933	0.215415019763	0.217391304348	0.191699604743	0.201581027668	0.156126482213	0.154150197628	0.156126482213	0.160079051383	0.160079051383	0.160079051383	0.167984189723	0.140316205534	0.193675889328	0.191699604743	0.197628458498	0.211462450593	0.175889328063	0.215415019763	0.160079051383	0.183794466403	0.181818181818	0.169960474308	0.211462450593	0.211462450593	0.219367588933	0.221343873518	0.185770750988	0.223320158103	0.162055335968	0.142292490119	0.177865612648	0.177865612648	0.179841897233	0.173913043478	0.201581027668	0.201581027668	0.185770750988	0.175889328063	0.203557312253
CCIS29210128ST-4-0.snv.bam	0.187747035573	0.167984189723	0.167984189723	0.164031620553	0.148221343874	0.171936758893	0.169960474308	0.177865612648	0.0	0.164031620553	0.146245059289	0.185770750988	0.167984189723	0.142292490119	0.0909090909091	0.136363636364	0.142292490119	0.144268774704	0.183794466403	0.152173913043	0.173913043478	0.138339920949	0.169960474308	0.189723320158	0.160079051383	0.175889328063	0.175889328063	0.183794466403	0.158102766798	0.169960474308	0.213438735178	0.152173913043	0.185770750988	0.185770750988	0.185770750988	0.179841897233	0.167984189723	0.171936758893	0.166007905138	0.171936758893	0.171936758893	0.171936758893	0.167984189723	0.160079051383	0.154150197628	0.177865612648	0.173913043478	0.173913043478	0.171936758893	0.124505928854	0.209486166008	0.179841897233	0.175889328063	0.173913043478	0.201581027668	0.179841897233	0.175889328063	0.209486166008	0.213438735178	0.185770750988	0.197628458498	0.154150197628	0.179841897233	0.0849802371542	0.0849802371542	0.0849802371542	0.167984189723	0.167984189723	0.167984189723	0.162055335968	0.116600790514	0.203557312253
CCIS34604008ST-4-0.snv.bam	0.179841897233	0.169960474308	0.169960474308	0.142292490119	0.154150197628	0.150197628458	0.150197628458	0.189723320158	0.164031620553	0.0	0.158102766798	0.221343873518	0.154150197628	0.136363636364	0.0889328063241	0.138339920949	0.187747035573	0.158102766798	0.181818181818	0.177865612648	0.158102766798	0.177865612648	0.173913043478	0.189723320158	0.179841897233	0.171936758893	0.169960474308	0.162055335968	0.142292490119	0.150197628458	0.158102766798	0.164031620553	0.223320158103	0.221343873518	0.223320158103	0.179841897233	0.173913043478	0.156126482213	0.150197628458	0.156126482213	0.146245059289	0.146245059289	0.144268774704	0.150197628458	0.148221343874	0.175889328063	0.173913043478	0.181818181818	0.199604743083	0.150197628458	0.154150197628	0.148221343874	0.173913043478	0.164031620553	0.164031620553	0.211462450593	0.217391304348	0.154150197628	0.158102766798	0.156126482213	0.207509881423	0.148221343874	0.171936758893	0.181818181818	0.181818181818	0.181818181818	0.160079051383	0.173913043478	0.173913043478	0.116600790514	0.167984189723	0.193675889328
CCIS36699628ST-4-0.snv.bam	0.0454545454545	0.154150197628	0.154150197628	0.140316205534	0.148221343874	0.148221343874	0.148221343874	0.0	0.146245059289	0.158102766798	0.0	0.173913043478	0.136363636364	0.122529644269	0.0790513833992	0.138339920949	0.160079051383	0.136363636364	0.158102766798	0.140316205534	0.150197628458	0.160079051383	0.122529644269	0.160079051383	0.150197628458	0.175889328063	0.138339920949	0.158102766798	0.132411067194	0.096837944664	0.167984189723	0.154150197628	0.169960474308	0.167984189723	0.169960474308	0.152173913043	0.158102766798	0.114624505929	0.112648221344	0.114624505929	0.126482213439	0.126482213439	0.126482213439	0.130434782609	0.124505928854	0.150197628458	0.150197628458	0.166007905138	0.171936758893	0.140316205534	0.162055335968	0.132411067194	0.156126482213	0.144268774704	0.132411067194	0.164031620553	0.166007905138	0.166007905138	0.167984189723	0.160079051383	0.193675889328	0.126482213439	0.102766798419	0.150197628458	0.150197628458	0.152173913043	0.140316205534	0.158102766798	0.158102766798	0.144268774704	0.148221343874	0.167984189723
CCIS50148151ST-4-0.snv.bam	0.213438735178	0.187747035573	0.187747035573	0.191699604743	0.179841897233	0.207509881423	0.205533596838	0.219367588933	0.185770750988	0.221343873518	0.173913043478	0.0	0.201581027668	0.195652173913	0.108695652174	0.171936758893	0.183794466403	0.201581027668	0.205533596838	0.175889328063	0.223320158103	0.185770750988	0.195652173913	0.219367588933	0.195652173913	0.203557312253	0.239130434783	0.211462450593	0.169960474308	0.197628458498	0.215415019763	0.158102766798	0.0237154150198	0.0296442687747	0.0316205533597	0.195652173913	0.185770750988	0.173913043478	0.171936758893	0.173913043478	0.201581027668	0.201581027668	0.197628458498	0.183794466403	0.183794466403	0.203557312253	0.197628458498	0.199604743083	0.0691699604743	0.179841897233	0.213438735178	0.185770750988	0.183794466403	0.231225296443	0.223320158103	0.0177865612648	0.0217391304348	0.211462450593	0.215415019763	0.193675889328	0.207509881423	0.171936758893	0.197628458498	0.205533596838	0.203557312253	0.207509881423	0.225296442688	0.185770750988	0.183794466403	0.191699604743	0.154150197628	0.221343873518
CCIS52234160ST-4-0.snv.bam	0.177865612648	0.166007905138	0.166007905138	0.140316205534	0.158102766798	0.150197628458	0.148221343874	0.183794466403	0.167984189723	0.154150197628	0.136363636364	0.201581027668	0.0	0.0849802371542	0.0691699604743	0.146245059289	0.164031620553	0.167984189723	0.201581027668	0.175889328063	0.158102766798	0.183794466403	0.167984189723	0.175889328063	0.185770750988	0.177865612648	0.164031620553	0.169960474308	0.146245059289	0.144268774704	0.146245059289	0.144268774704	0.201581027668	0.193675889328	0.195652173913	0.187747035573	0.169960474308	0.140316205534	0.134387351779	0.140316205534	0.140316205534	0.140316205534	0.136363636364	0.169960474308	0.156126482213	0.160079051383	0.156126482213	0.152173913043	0.205533596838	0.138339920949	0.144268774704	0.136363636364	0.187747035573	0.166007905138	0.171936758893	0.195652173913	0.193675889328	0.138339920949	0.146245059289	0.201581027668	0.197628458498	0.112648221344	0.152173913043	0.189723320158	0.189723320158	0.189723320158	0.160079051383	0.169960474308	0.169960474308	0.126482213439	0.146245059289	0.185770750988
CCIS62794166ST-4-0.snv.bam	0.142292490119	0.140316205534	0.140316205534	0.122529644269	0.126482213439	0.132411067194	0.132411067194	0.152173913043	0.142292490119	0.136363636364	0.122529644269	0.195652173913	0.0849802371542	0.0	0.0533596837945	0.130434782609	0.140316205534	0.140316205534	0.154150197628	0.150197628458	0.148221343874	0.177865612648	0.128458498024	0.162055335968	0.152173913043	0.154150197628	0.142292490119	0.150197628458	0.136363636364	0.122529644269	0.136363636364	0.134387351779	0.203557312253	0.187747035573	0.189723320158	0.167984189723	0.154150197628	0.116600790514	0.110671936759	0.116600790514	0.120553359684	0.120553359684	0.120553359684	0.122529644269	0.132411067194	0.152173913043	0.148221343874	0.138339920949	0.193675889328	0.120553359684	0.134387351779	0.112648221344	0.148221343874	0.148221343874	0.142292490119	0.197628458498	0.195652173913	0.130434782609	0.136363636364	0.160079051383	0.175889328063	0.106719367589	0.128458498024	0.156126482213	0.156126482213	0.156126482213	0.142292490119	0.154150197628	0.154150197628	0.114624505929	0.130434782609	0.177865612648
CCIS87167916ST-4-0.snv.bam	0.100790513834	0.0671936758893	0.0671936758893	0.0948616600791	0.0691699604743	0.098814229249	0.096837944664	0.104743083004	0.0909090909091	0.0889328063241	0.0790513833992	0.108695652174	0.0691699604743	0.0533596837945	0.0	0.0711462450593	0.0909090909091	0.0849802371542	0.0869565217391	0.096837944664	0.0909090909091	0.100790513834	0.0849802371542	0.0849802371542	0.0889328063241	0.0711462450593	0.0830039525692	0.0928853754941	0.0711462450593	0.0909090909091	0.0731225296443	0.0454545454545	0.108695652174	0.098814229249	0.100790513834	0.096837944664	0.0869565217391	0.0790513833992	0.0750988142292	0.0790513833992	0.0909090909091	0.0909090909091	0.0869565217391	0.0790513833992	0.0849802371542	0.0889328063241	0.0869565217391	0.0790513833992	0.106719367589	0.0909090909091	0.0731225296443	0.0889328063241	0.0909090909091	0.102766798419	0.098814229249	0.106719367589	0.098814229249	0.0731225296443	0.0731225296443	0.0869565217391	0.0869565217391	0.0810276679842	0.0750988142292	0.096837944664	0.096837944664	0.096837944664	0.096837944664	0.0869565217391	0.0869565217391	0.0928853754941	0.0671936758893	0.0869565217391
CCIS95409808ST-4-0.snv.bam	0.160079051383	0.148221343874	0.148221343874	0.120553359684	0.142292490119	0.130434782609	0.128458498024	0.175889328063	0.136363636364	0.138339920949	0.138339920949	0.171936758893	0.146245059289	0.130434782609	0.0711462450593	0.0	0.0849802371542	0.150197628458	0.144268774704	0.148221343874	0.104743083004	0.162055335968	0.122529644269	0.110671936759	0.144268774704	0.138339920949	0.154150197628	0.128458498024	0.130434782609	0.142292490119	0.177865612648	0.0948616600791	0.167984189723	0.156126482213	0.162055335968	0.167984189723	0.144268774704	0.118577075099	0.114624505929	0.118577075099	0.122529644269	0.122529644269	0.118577075099	0.140316205534	0.126482213439	0.154150197628	0.150197628458	0.118577075099	0.158102766798	0.126482213439	0.173913043478	0.158102766798	0.142292490119	0.136363636364	0.136363636364	0.160079051383	0.160079051383	0.175889328063	0.177865612648	0.162055335968	0.122529644269	0.120553359684	0.142292490119	0.144268774704	0.144268774704	0.146245059289	0.134387351779	0.144268774704	0.144268774704	0.132411067194	0.128458498024	0.177865612648
CCMD63399960ST-21-0.snv.bam	0.187747035573	0.179841897233	0.179841897233	0.156126482213	0.169960474308	0.166007905138	0.166007905138	0.205533596838	0.142292490119	0.187747035573	0.160079051383	0.183794466403	0.164031620553	0.140316205534	0.0909090909091	0.0849802371542	0.0	0.175889328063	0.191699604743	0.183794466403	0.158102766798	0.185770750988	0.169960474308	0.169960474308	0.193675889328	0.154150197628	0.199604743083	0.183794466403	0.158102766798	0.183794466403	0.217391304348	0.124505928854	0.189723320158	0.179841897233	0.181818181818	0.199604743083	0.177865612648	0.167984189723	0.162055335968	0.167984189723	0.175889328063	0.175889328063	0.171936758893	0.183794466403	0.171936758893	0.169960474308	0.166007905138	0.142292490119	0.187747035573	0.114624505929	0.213438735178	0.179841897233	0.171936758893	0.185770750988	0.177865612648	0.181818181818	0.175889328063	0.211462450593	0.217391304348	0.181818181818	0.169960474308	0.138339920949	0.189723320158	0.166007905138	0.166007905138	0.166007905138	0.181818181818	0.177865612648	0.177865612648	0.169960474308	0.152173913043	0.199604743083
DLM018.snv.bam	0.181818181818	0.195652173913	0.195652173913	0.144268774704	0.164031620553	0.154150197628	0.154150197628	0.179841897233	0.144268774704	0.158102766798	0.136363636364	0.201581027668	0.167984189723	0.140316205534	0.0849802371542	0.150197628458	0.175889328063	0.0	0.185770750988	0.158102766798	0.171936758893	0.183794466403	0.169960474308	0.193675889328	0.183794466403	0.171936758893	0.193675889328	0.175889328063	0.144268774704	0.154150197628	0.195652173913	0.171936758893	0.205533596838	0.197628458498	0.199604743083	0.191699604743	0.177865612648	0.164031620553	0.160079051383	0.166007905138	0.162055335968	0.162055335968	0.158102766798	0.124505928854	0.158102766798	0.173913043478	0.173913043478	0.195652173913	0.189723320158	0.164031620553	0.191699604743	0.171936758893	0.195652173913	0.191699604743	0.164031620553	0.199604743083	0.193675889328	0.189723320158	0.195652173913	0.171936758893	0.227272727273	0.160079051383	0.177865612648	0.183794466403	0.183794466403	0.183794466403	0.185770750988	0.177865612648	0.177865612648	0.175889328063	0.160079051383	0.215415019763
MH0238.snv.bam	0.189723320158	0.158102766798	0.158102766798	0.175889328063	0.146245059289	0.187747035573	0.187747035573	0.191699604743	0.183794466403	0.181818181818	0.158102766798	0.205533596838	0.201581027668	0.154150197628	0.0869565217391	0.144268774704	0.191699604743	0.185770750988	0.0	0.183794466403	0.205533596838	0.207509881423	0.183794466403	0.201581027668	0.179841897233	0.162055335968	0.193675889328	0.128458498024	0.152173913043	0.179841897233	0.207509881423	0.156126482213	0.205533596838	0.191699604743	0.195652173913	0.171936758893	0.189723320158	0.150197628458	0.146245059289	0.150197628458	0.154150197628	0.154150197628	0.154150197628	0.158102766798	0.148221343874	0.183794466403	0.179841897233	0.203557312253	0.197628458498	0.150197628458	0.203557312253	0.185770750988	0.175889328063	0.179841897233	0.205533596838	0.199604743083	0.193675889328	0.205533596838	0.207509881423	0.171936758893	0.199604743083	0.156126482213	0.164031620553	0.189723320158	0.189723320158	0.191699604743	0.173913043478	0.189723320158	0.189723320158	0.169960474308	0.146245059289	0.191699604743
MH0293.snv.bam	0.166007905138	0.146245059289	0.146245059289	0.160079051383	0.171936758893	0.166007905138	0.166007905138	0.164031620553	0.152173913043	0.177865612648	0.140316205534	0.175889328063	0.175889328063	0.150197628458	0.096837944664	0.148221343874	0.183794466403	0.158102766798	0.183794466403	0.0	0.171936758893	0.171936758893	0.175889328063	0.179841897233	0.160079051383	0.160079051383	0.181818181818	0.187747035573	0.148221343874	0.162055335968	0.211462450593	0.154150197628	0.179841897233	0.171936758893	0.171936758893	0.142292490119	0.156126482213	0.154150197628	0.150197628458	0.154150197628	0.162055335968	0.162055335968	0.160079051383	0.164031620553	0.162055335968	0.152173913043	0.152173913043	0.175889328063	0.173913043478	0.167984189723	0.209486166008	0.166007905138	0.160079051383	0.179841897233	0.162055335968	0.171936758893	0.166007905138	0.207509881423	0.211462450593	0.183794466403	0.209486166008	0.148221343874	0.167984189723	0.183794466403	0.183794466403	0.183794466403	0.169960474308	0.156126482213	0.156126482213	0.164031620553	0.140316205534	0.181818181818
MH0337.snv.bam	0.199604743083	0.171936758893	0.171936758893	0.150197628458	0.185770750988	0.158102766798	0.156126482213	0.187747035573	0.173913043478	0.158102766798	0.150197628458	0.223320158103	0.158102766798	0.148221343874	0.0909090909091	0.104743083004	0.158102766798	0.171936758893	0.205533596838	0.171936758893	0.0	0.185770750988	0.158102766798	0.146245059289	0.177865612648	0.160079051383	0.201581027668	0.187747035573	0.160079051383	0.171936758893	0.229249011858	0.134387351779	0.225296442688	0.217391304348	0.221343873518	0.213438735178	0.171936758893	0.162055335968	0.160079051383	0.162055335968	0.169960474308	0.169960474308	0.167984189723	0.166007905138	0.167984189723	0.185770750988	0.181818181818	0.150197628458	0.207509881423	0.166007905138	0.225296442688	0.158102766798	0.179841897233	0.179841897233	0.160079051383	0.215415019763	0.215415019763	0.225296442688	0.229249011858	0.195652173913	0.183794466403	0.160079051383	0.179841897233	0.197628458498	0.197628458498	0.197628458498	0.175889328063	0.171936758893	0.171936758893	0.134387351779	0.160079051383	0.183794466403
MH0348.snv.bam	0.207509881423	0.173913043478	0.173913043478	0.166007905138	0.187747035573	0.175889328063	0.175889328063	0.209486166008	0.138339920949	0.177865612648	0.160079051383	0.185770750988	0.183794466403	0.177865612648	0.100790513834	0.162055335968	0.185770750988	0.183794466403	0.207509881423	0.171936758893	0.185770750988	0.0	0.189723320158	0.213438735178	0.185770750988	0.201581027668	0.207509881423	0.197628458498	0.167984189723	0.175889328063	0.217391304348	0.175889328063	0.189723320158	0.185770750988	0.185770750988	0.195652173913	0.169960474308	0.164031620553	0.162055335968	0.164031620553	0.179841897233	0.179841897233	0.175889328063	0.158102766798	0.179841897233	0.158102766798	0.154150197628	0.187747035573	0.199604743083	0.181818181818	0.215415019763	0.140316205534	0.173913043478	0.185770750988	0.211462450593	0.183794466403	0.175889328063	0.213438735178	0.217391304348	0.187747035573	0.229249011858	0.098814229249	0.179841897233	0.169960474308	0.169960474308	0.167984189723	0.179841897233	0.169960474308	0.169960474308	0.166007905138	0.150197628458	0.199604743083
MH0360.snv.bam	0.156126482213	0.173913043478	0.173913043478	0.126482213439	0.158102766798	0.140316205534	0.138339920949	0.154150197628	0.169960474308	0.173913043478	0.122529644269	0.195652173913	0.167984189723	0.128458498024	0.0849802371542	0.122529644269	0.169960474308	0.169960474308	0.183794466403	0.175889328063	0.158102766798	0.189723320158	0.0	0.154150197628	0.173913043478	0.181818181818	0.166007905138	0.150197628458	0.142292490119	0.120553359684	0.193675889328	0.124505928854	0.195652173913	0.191699604743	0.193675889328	0.183794466403	0.173913043478	0.138339920949	0.136363636364	0.140316205534	0.124505928854	0.124505928854	0.122529644269	0.144268774704	0.124505928854	0.177865612648	0.173913043478	0.164031620553	0.167984189723	0.150197628458	0.191699604743	0.160079051383	0.162055335968	0.166007905138	0.164031620553	0.187747035573	0.187747035573	0.189723320158	0.193675889328	0.175889328063	0.169960474308	0.148221343874	0.162055335968	0.171936758893	0.171936758893	0.171936758893	0.162055335968	0.173913043478	0.173913043478	0.150197628458	0.144268774704	0.187747035573
MH0363.snv.bam	0.199604743083	0.189723320158	0.189723320158	0.164031620553	0.179841897233	0.173913043478	0.171936758893	0.189723320158	0.189723320158	0.189723320158	0.160079051383	0.219367588933	0.175889328063	0.162055335968	0.0849802371542	0.110671936759	0.169960474308	0.193675889328	0.201581027668	0.179841897233	0.146245059289	0.213438735178	0.154150197628	0.0	0.205533596838	0.177865612648	0.195652173913	0.179841897233	0.160079051383	0.167984189723	0.205533596838	0.112648221344	0.219367588933	0.213438735178	0.217391304348	0.195652173913	0.185770750988	0.175889328063	0.171936758893	0.175889328063	0.140316205534	0.140316205534	0.138339920949	0.171936758893	0.164031620553	0.177865612648	0.173913043478	0.167984189723	0.211462450593	0.181818181818	0.203557312253	0.187747035573	0.185770750988	0.189723320158	0.152173913043	0.211462450593	0.211462450593	0.201581027668	0.205533596838	0.201581027668	0.160079051383	0.173913043478	0.197628458498	0.185770750988	0.185770750988	0.187747035573	0.183794466403	0.185770750988	0.185770750988	0.185770750988	0.162055335968	0.199604743083
MH0378.snv.bam	0.156126482213	0.167984189723	0.167984189723	0.164031620553	0.154150197628	0.175889328063	0.175889328063	0.181818181818	0.160079051383	0.179841897233	0.150197628458	0.195652173913	0.185770750988	0.152173913043	0.0889328063241	0.144268774704	0.193675889328	0.183794466403	0.179841897233	0.160079051383	0.177865612648	0.185770750988	0.173913043478	0.205533596838	0.0	0.185770750988	0.148221343874	0.187747035573	0.140316205534	0.171936758893	0.189723320158	0.144268774704	0.197628458498	0.183794466403	0.185770750988	0.195652173913	0.183794466403	0.160079051383	0.156126482213	0.160079051383	0.175889328063	0.175889328063	0.171936758893	0.167984189723	0.173913043478	0.158102766798	0.156126482213	0.191699604743	0.187747035573	0.167984189723	0.187747035573	0.164031620553	0.169960474308	0.181818181818	0.185770750988	0.189723320158	0.187747035573	0.189723320158	0.189723320158	0.207509881423	0.181818181818	0.154150197628	0.142292490119	0.179841897233	0.179841897233	0.181818181818	0.175889328063	0.183794466403	0.183794466403	0.146245059289	0.169960474308	0.191699604743
MH0445.snv.bam	0.201581027668	0.169960474308	0.169960474308	0.166007905138	0.164031620553	0.173913043478	0.171936758893	0.205533596838	0.175889328063	0.171936758893	0.175889328063	0.203557312253	0.177865612648	0.154150197628	0.0711462450593	0.138339920949	0.154150197628	0.171936758893	0.162055335968	0.160079051383	0.160079051383	0.201581027668	0.181818181818	0.177865612648	0.185770750988	0.0	0.203557312253	0.156126482213	0.140316205534	0.175889328063	0.195652173913	0.171936758893	0.205533596838	0.195652173913	0.197628458498	0.175889328063	0.177865612648	0.148221343874	0.142292490119	0.148221343874	0.171936758893	0.171936758893	0.167984189723	0.171936758893	0.164031620553	0.175889328063	0.171936758893	0.181818181818	0.211462450593	0.158102766798	0.193675889328	0.166007905138	0.164031620553	0.185770750988	0.189723320158	0.195652173913	0.195652173913	0.187747035573	0.195652173913	0.189723320158	0.223320158103	0.156126482213	0.171936758893	0.189723320158	0.189723320158	0.189723320158	0.181818181818	0.177865612648	0.177865612648	0.171936758893	0.146245059289	0.179841897233
MH0447.snv.bam	0.148221343874	0.187747035573	0.187747035573	0.173913043478	0.156126482213	0.181818181818	0.181818181818	0.162055335968	0.175889328063	0.169960474308	0.138339920949	0.239130434783	0.164031620553	0.142292490119	0.0830039525692	0.154150197628	0.199604743083	0.193675889328	0.193675889328	0.181818181818	0.201581027668	0.207509881423	0.166007905138	0.195652173913	0.148221343874	0.203557312253	0.0	0.193675889328	0.164031620553	0.173913043478	0.187747035573	0.144268774704	0.235177865613	0.231225296443	0.233201581028	0.197628458498	0.175889328063	0.166007905138	0.160079051383	0.166007905138	0.185770750988	0.185770750988	0.181818181818	0.195652173913	0.156126482213	0.179841897233	0.177865612648	0.167984189723	0.211462450593	0.156126482213	0.183794466403	0.173913043478	0.195652173913	0.152173913043	0.171936758893	0.227272727273	0.231225296443	0.181818181818	0.187747035573	0.207509881423	0.187747035573	0.167984189723	0.122529644269	0.187747035573	0.187747035573	0.185770750988	0.150197628458	0.175889328063	0.175889328063	0.152173913043	0.146245059289	0.201581027668
N011A.snv.bam	0.207509881423	0.175889328063	0.175889328063	0.148221343874	0.158102766798	0.160079051383	0.156126482213	0.203557312253	0.183794466403	0.162055335968	0.158102766798	0.211462450593	0.169960474308	0.150197628458	0.0928853754941	0.128458498024	0.183794466403	0.175889328063	0.128458498024	0.187747035573	0.187747035573	0.197628458498	0.150197628458	0.179841897233	0.187747035573	0.156126482213	0.193675889328	0.0	0.160079051383	0.177865612648	0.187747035573	0.158102766798	0.205533596838	0.193675889328	0.195652173913	0.181818181818	0.187747035573	0.148221343874	0.142292490119	0.148221343874	0.140316205534	0.140316205534	0.140316205534	0.138339920949	0.126482213439	0.185770750988	0.183794466403	0.201581027668	0.199604743083	0.152173913043	0.185770750988	0.162055335968	0.189723320158	0.171936758893	0.162055335968	0.201581027668	0.197628458498	0.183794466403	0.187747035573	0.171936758893	0.203557312253	0.158102766798	0.169960474308	0.193675889328	0.193675889328	0.193675889328	0.167984189723	0.187747035573	0.187747035573	0.150197628458	0.134387351779	0.201581027668
N064A.snv.bam	0.154150197628	0.144268774704	0.144268774704	0.126482213439	0.114624505929	0.134387351779	0.134387351779	0.164031620553	0.158102766798	0.142292490119	0.132411067194	0.169960474308	0.146245059289	0.136363636364	0.0711462450593	0.130434782609	0.158102766798	0.144268774704	0.152173913043	0.148221343874	0.160079051383	0.167984189723	0.142292490119	0.160079051383	0.140316205534	0.140316205534	0.164031620553	0.160079051383	0.0	0.136363636364	0.140316205534	0.142292490119	0.175889328063	0.166007905138	0.167984189723	0.154150197628	0.150197628458	0.120553359684	0.118577075099	0.120553359684	0.132411067194	0.132411067194	0.128458498024	0.130434782609	0.138339920949	0.152173913043	0.148221343874	0.154150197628	0.179841897233	0.146245059289	0.138339920949	0.128458498024	0.154150197628	0.150197628458	0.164031620553	0.167984189723	0.162055335968	0.138339920949	0.140316205534	0.148221343874	0.177865612648	0.128458498024	0.128458498024	0.171936758893	0.171936758893	0.173913043478	0.142292490119	0.150197628458	0.150197628458	0.134387351779	0.150197628458	0.150197628458
NG-5636_422.snv.bam	0.112648221344	0.181818181818	0.181818181818	0.148221343874	0.150197628458	0.156126482213	0.152173913043	0.118577075099	0.169960474308	0.150197628458	0.096837944664	0.197628458498	0.144268774704	0.122529644269	0.0909090909091	0.142292490119	0.183794466403	0.154150197628	0.179841897233	0.162055335968	0.171936758893	0.175889328063	0.120553359684	0.167984189723	0.171936758893	0.175889328063	0.173913043478	0.177865612648	0.136363636364	0.0	0.169960474308	0.144268774704	0.201581027668	0.187747035573	0.191699604743	0.167984189723	0.189723320158	0.132411067194	0.130434782609	0.132411067194	0.120553359684	0.120553359684	0.120553359684	0.138339920949	0.150197628458	0.167984189723	0.164031620553	0.177865612648	0.185770750988	0.160079051383	0.166007905138	0.122529644269	0.164031620553	0.134387351779	0.160079051383	0.193675889328	0.189723320158	0.166007905138	0.169960474308	0.166007905138	0.197628458498	0.132411067194	0.152173913043	0.166007905138	0.166007905138	0.167984189723	0.130434782609	0.189723320158	0.189723320158	0.142292490119	0.160079051383	0.191699604743
O2.CD1-0.snv.bam	0.203557312253	0.201581027668	0.201581027668	0.171936758893	0.173913043478	0.185770750988	0.185770750988	0.221343873518	0.213438735178	0.158102766798	0.167984189723	0.215415019763	0.146245059289	0.136363636364	0.0731225296443	0.177865612648	0.217391304348	0.195652173913	0.207509881423	0.211462450593	0.229249011858	0.217391304348	0.193675889328	0.205533596838	0.189723320158	0.195652173913	0.187747035573	0.187747035573	0.140316205534	0.169960474308	0.0	0.166007905138	0.219367588933	0.211462450593	0.213438735178	0.207509881423	0.213438735178	0.167984189723	0.164031620553	0.167984189723	0.171936758893	0.171936758893	0.167984189723	0.179841897233	0.179841897233	0.185770750988	0.181818181818	0.187747035573	0.225296442688	0.177865612648	0.0	0.171936758893	0.197628458498	0.181818181818	0.185770750988	0.211462450593	0.215415019763	0.0	0.0	0.197628458498	0.205533596838	0.162055335968	0.175889328063	0.213438735178	0.213438735178	0.215415019763	0.177865612648	0.213438735178	0.213438735178	0.177865612648	0.177865612648	0.219367588933
O2.UC1-1.snv.bam	0.160079051383	0.146245059289	0.146245059289	0.152173913043	0.140316205534	0.167984189723	0.167984189723	0.169960474308	0.152173913043	0.164031620553	0.154150197628	0.158102766798	0.144268774704	0.134387351779	0.0454545454545	0.0948616600791	0.124505928854	0.171936758893	0.156126482213	0.154150197628	0.134387351779	0.175889328063	0.124505928854	0.112648221344	0.144268774704	0.171936758893	0.144268774704	0.158102766798	0.142292490119	0.144268774704	0.166007905138	0.0	0.166007905138	0.154150197628	0.156126482213	0.150197628458	0.175889328063	0.142292490119	0.138339920949	0.142292490119	0.132411067194	0.132411067194	0.132411067194	0.140316205534	0.152173913043	0.166007905138	0.162055335968	0.122529644269	0.144268774704	0.152173913043	0.164031620553	0.150197628458	0.156126482213	0.164031620553	0.138339920949	0.158102766798	0.158102766798	0.166007905138	0.166007905138	0.150197628458	0.0	0.146245059289	0.154150197628	0.156126482213	0.154150197628	0.158102766798	0.162055335968	0.175889328063	0.175889328063	0.152173913043	0.156126482213	0.169960474308
O2.UC11-1.snv.bam	0.217391304348	0.195652173913	0.195652173913	0.193675889328	0.189723320158	0.209486166008	0.207509881423	0.219367588933	0.185770750988	0.223320158103	0.169960474308	0.0237154150198	0.201581027668	0.203557312253	0.108695652174	0.167984189723	0.189723320158	0.205533596838	0.205533596838	0.179841897233	0.225296442688	0.189723320158	0.195652173913	0.219367588933	0.197628458498	0.205533596838	0.235177865613	0.205533596838	0.175889328063	0.201581027668	0.219367588933	0.166007905138	0.0	0.0316205533597	0.0316205533597	0.199604743083	0.185770750988	0.171936758893	0.169960474308	0.171936758893	0.205533596838	0.205533596838	0.201581027668	0.183794466403	0.187747035573	0.209486166008	0.203557312253	0.205533596838	0.0731225296443	0.181818181818	0.217391304348	0.195652173913	0.189723320158	0.235177865613	0.225296442688	0.00592885375494	0.0217391304348	0.215415019763	0.219367588933	0.197628458498	0.213438735178	0.171936758893	0.195652173913	0.205533596838	0.205533596838	0.207509881423	0.229249011858	0.185770750988	0.183794466403	0.193675889328	0.160079051383	0.227272727273
O2.UC15-1.snv.bam	0.209486166008	0.187747035573	0.187747035573	0.191699604743	0.179841897233	0.207509881423	0.205533596838	0.215415019763	0.185770750988	0.221343873518	0.167984189723	0.0296442687747	0.193675889328	0.187747035573	0.098814229249	0.156126482213	0.179841897233	0.197628458498	0.191699604743	0.171936758893	0.217391304348	0.185770750988	0.191699604743	0.213438735178	0.183794466403	0.195652173913	0.231225296443	0.193675889328	0.166007905138	0.187747035573	0.211462450593	0.154150197628	0.0316205533597	0.0	0.0	0.195652173913	0.179841897233	0.169960474308	0.167984189723	0.169960474308	0.197628458498	0.197628458498	0.193675889328	0.171936758893	0.179841897233	0.195652173913	0.189723320158	0.195652173913	0.0652173913043	0.175889328063	0.209486166008	0.177865612648	0.175889328063	0.227272727273	0.219367588933	0.0256916996047	0.0177865612648	0.207509881423	0.211462450593	0.189723320158	0.195652173913	0.162055335968	0.193675889328	0.197628458498	0.197628458498	0.199604743083	0.221343873518	0.179841897233	0.177865612648	0.191699604743	0.158102766798	0.221343873518
O2.UC15-2.snv.bam	0.211462450593	0.187747035573	0.187747035573	0.193675889328	0.181818181818	0.209486166008	0.207509881423	0.217391304348	0.185770750988	0.223320158103	0.169960474308	0.0316205533597	0.195652173913	0.189723320158	0.100790513834	0.162055335968	0.181818181818	0.199604743083	0.195652173913	0.171936758893	0.221343873518	0.185770750988	0.193675889328	0.217391304348	0.185770750988	0.197628458498	0.233201581028	0.195652173913	0.167984189723	0.191699604743	0.213438735178	0.156126482213	0.0316205533597	0.0	0.0	0.195652173913	0.181818181818	0.171936758893	0.169960474308	0.171936758893	0.199604743083	0.199604743083	0.195652173913	0.173913043478	0.181818181818	0.197628458498	0.191699604743	0.197628458498	0.0652173913043	0.177865612648	0.211462450593	0.179841897233	0.177865612648	0.229249011858	0.221343873518	0.0256916996047	0.0177865612648	0.209486166008	0.213438735178	0.189723320158	0.197628458498	0.166007905138	0.195652173913	0.197628458498	0.197628458498	0.199604743083	0.223320158103	0.181818181818	0.179841897233	0.193675889328	0.158102766798	0.223320158103
